H_chr	H_start	H_end	Harbor	TE_chr	TE_start	TE_end	TE	score	TE_strand	TE_half	TE_middle_pos	TE_dis
chr1	33553586	33753586	harbor2	chr1	33571854	33572121	DNA/hAT-Charlie	604	-	134	33571988	18402
chr1	33553586	33753586	harbor2	chr1	33601762	33601949	DNA/hAT-Charlie	915	-	94	33601856	48270
chr1	2138357	2338357	harbor2	chr1	2165539	2165716	DNA/hAT-Charlie	635	-	88	2165627	27270
chr1	2138357	2338357	harbor2	chr1	2168119	2168297	DNA/hAT-Charlie	732	-	89	2168208	29851
chr1	16544783	16744783	harbor2	chr1	16643865	16644061	DNA/hAT-Charlie	1037	-	98	16643963	99180
chr1	39476409	39676409	harbor2	chr1	39552086	39552239	DNA/hAT-Charlie	678	-	76	39552162	75753
chr1	39476409	39676409	harbor2	chr1	39552503	39552551	DNA/hAT-Charlie	678	-	24	39552527	76118
chr1	39476409	39676409	harbor2	chr1	39561213	39561322	DNA/hAT-Charlie	476	-	54	39561267	84858
chr1	63223447	63423447	harbor2	chr1	63242640	63242889	DNA/hAT-Charlie	542	-	124	63242764	19317
chr1	63223447	63423447	harbor2	chr1	63294158	63294652	DNA/hAT-Charlie	904	-	247	63294405	70958
chr1	8230832	8430832	harbor2	chr1	8252400	8252593	DNA/hAT-Charlie	772	-	96	8252496	21664
chr1	2139155	2339155	harbor2	chr1	2165539	2165716	DNA/hAT-Charlie	635	-	88	2165627	26472
chr1	2139155	2339155	harbor2	chr1	2168119	2168297	DNA/hAT-Charlie	732	-	89	2168208	29053
chr1	21991636	22191636	harbor2	chr1	21998203	21998303	DNA/hAT-Charlie	456	-	50	21998253	6617
chr1	21991636	22191636	harbor2	chr1	22004005	22004061	DNA/hAT-Charlie	680	-	28	22004033	12397
chr1	21991636	22191636	harbor2	chr1	22004373	22004477	DNA/hAT-Charlie	680	-	52	22004425	12789
chr1	21991636	22191636	harbor2	chr1	22004480	22004685	DNA/hAT-Charlie	727	-	102	22004582	12946
chr1	21991636	22191636	harbor2	chr1	22034280	22034506	DNA/hAT-Charlie	1177	-	113	22034393	42757
chr1	1678940	1878940	harbor2	chr1	1733898	1734067	DNA/hAT-Charlie	494	-	84	1733982	55042
chr1	51231071	51431071	harbor2	chr1	51281765	51281886	DNA/hAT-Charlie	526	-	60	51281825	50754
chr1	51231071	51431071	harbor2	chr1	51286855	51287094	DNA/hAT-Charlie	669	-	120	51286975	55904
chr1	51231071	51431071	harbor2	chr1	51301128	51301339	DNA/hAT-Charlie	986	-	106	51301234	70163
chr1	51231071	51431071	harbor2	chr1	51306349	51306571	DNA/hAT-Charlie	1186	-	111	51306460	75389
chr1	16544721	16744721	harbor2	chr1	16643865	16644061	DNA/hAT-Charlie	1037	-	98	16643963	99242
chr1	16545193	16745193	harbor2	chr1	16643865	16644061	DNA/hAT-Charlie	1037	-	98	16643963	98770
chr1	16544779	16744779	harbor2	chr1	16643865	16644061	DNA/hAT-Charlie	1037	-	98	16643963	99184
chr1	44562804	44762804	harbor2	chr1	44564287	44564467	DNA/hAT-Charlie	682	-	90	44564377	1573
chr1	44562804	44762804	harbor2	chr1	44621371	44621555	DNA/hAT-Charlie	1026	-	92	44621463	58659
chr1	16597141	16797141	harbor2	chr1	16643865	16644061	DNA/hAT-Charlie	1037	-	98	16643963	46822
chr1	16597141	16797141	harbor2	chr1	16650295	16650563	DNA/hAT-Charlie	1054	-	134	16650429	53288
chr1	16597141	16797141	harbor2	chr1	16653377	16653554	DNA/hAT-Charlie	954	-	88	16653465	56324
chr1	16597141	16797141	harbor2	chr1	16669402	16669589	DNA/hAT-Charlie	835	-	94	16669496	72355
chr1	16597141	16797141	harbor2	chr1	16687134	16687256	DNA/hAT-Charlie	554	-	61	16687195	90054
chr1	2150598	2350598	harbor2	chr1	2165539	2165716	DNA/hAT-Charlie	635	-	88	2165627	15029
chr1	2150598	2350598	harbor2	chr1	2168119	2168297	DNA/hAT-Charlie	732	-	89	2168208	17610
chr1	89907751	90107751	harbor2	chr1	90001031	90001242	DNA/hAT-Charlie	1149	-	106	90001137	93386
chr1	89907751	90107751	harbor2	chr1	90002769	90003123	DNA/hAT-Charlie	1582	-	177	90002946	95195
chr1	193014143	193214143	harbor2	chr1	193017073	193017219	DNA/hAT-Charlie	566	-	73	193017146	3003
chr1	193014143	193214143	harbor2	chr1	193070969	193071294	DNA/hAT-Charlie	1934	-	162	193071131	56988
chr1	16544785	16744785	harbor2	chr1	16643865	16644061	DNA/hAT-Charlie	1037	-	98	16643963	99178
chr1	230009530	230209530	harbor2	chr1	230074061	230074098	DNA/hAT-Charlie	1077	-	18	230074079	64549
chr1	230009530	230209530	harbor2	chr1	230074378	230074575	DNA/hAT-Charlie	1077	-	98	230074476	64946
chr1	16603811	16803811	harbor2	chr1	16643865	16644061	DNA/hAT-Charlie	1037	-	98	16643963	40152
chr1	16603811	16803811	harbor2	chr1	16650295	16650563	DNA/hAT-Charlie	1054	-	134	16650429	46618
chr1	16603811	16803811	harbor2	chr1	16653377	16653554	DNA/hAT-Charlie	954	-	88	16653465	49654
chr1	16603811	16803811	harbor2	chr1	16669402	16669589	DNA/hAT-Charlie	835	-	94	16669496	65685
chr1	16603811	16803811	harbor2	chr1	16687134	16687256	DNA/hAT-Charlie	554	-	61	16687195	83384
chr1	16545192	16745192	harbor2	chr1	16643865	16644061	DNA/hAT-Charlie	1037	-	98	16643963	98771
chr1	227442365	227642365	harbor2	chr1	227513867	227514232	DNA/hAT-Charlie	2696	-	182	227514049	71684
chr1	16544750	16744750	harbor2	chr1	16643865	16644061	DNA/hAT-Charlie	1037	-	98	16643963	99213
chr1	145350740	145550740	harbor2	chr1	145441672	145441852	DNA/hAT-Charlie	929	-	90	145441762	91022
chr1	77659514	77859514	harbor2	chr1	77672269	77672431	DNA/hAT-Charlie	451	-	81	77672350	12836
chr1	77659514	77859514	harbor2	chr1	77739847	77740052	DNA/hAT-Charlie	636	-	102	77739949	80435
chr1	77659514	77859514	harbor2	chr1	77742269	77742490	DNA/hAT-Charlie	780	-	110	77742379	82865
chr1	16544770	16744770	harbor2	chr1	16643865	16644061	DNA/hAT-Charlie	1037	-	98	16643963	99193
chr1	7671936	7871936	harbor2	chr1	7698180	7698402	DNA/hAT-Charlie	1554	-	111	7698291	26355
chr1	7671936	7871936	harbor2	chr1	7740190	7740405	DNA/hAT-Charlie	836	-	108	7740298	68362
chr1	7671936	7871936	harbor2	chr1	7757192	7757408	DNA/hAT-Charlie	1120	-	108	7757300	85364
chr1	6689234	6889234	harbor2	chr1	6697325	6697691	DNA/hAT-Charlie	1838	-	183	6697508	8274
chr1	6689234	6889234	harbor2	chr1	6718433	6718644	DNA/hAT-Charlie	1094	-	106	6718539	29305
chr1	6689234	6889234	harbor2	chr1	6762110	6762179	DNA/hAT-Charlie	460	-	34	6762144	72910
chr1	6689234	6889234	harbor2	chr1	6768105	6768271	DNA/hAT-Charlie	458	-	83	6768188	78954
chr1	6689234	6889234	harbor2	chr1	6781775	6782040	DNA/hAT-Charlie	1099	-	132	6781907	92673
chr1	6689234	6889234	harbor2	chr1	6782325	6782408	DNA/hAT-Charlie	1099	-	42	6782367	93133
chr1	17341836	17541836	harbor2	chr1	17350258	17350540	DNA/hAT-Charlie	784	-	141	17350399	8563
chr1	16544787	16744787	harbor2	chr1	16643865	16644061	DNA/hAT-Charlie	1037	-	98	16643963	99176
chr1	16545135	16745135	harbor2	chr1	16643865	16644061	DNA/hAT-Charlie	1037	-	98	16643963	98828
chr1	3679565	3879565	harbor2	chr1	3704165	3704426	DNA/hAT-Charlie	545	-	130	3704295	24730
chr1	16545197	16745197	harbor2	chr1	16643865	16644061	DNA/hAT-Charlie	1037	-	98	16643963	98766
chr1	3438097	3638097	harbor2	chr1	3439060	3439577	DNA/hAT-Charlie	3364	-	258	3439318	1221
chr1	53847484	54047484	harbor2	chr1	53905523	53905695	DNA/hAT-Charlie	656	-	86	53905609	58125
chr1	53847484	54047484	harbor2	chr1	53908343	53908481	DNA/hAT-Charlie	679	-	69	53908412	60928
chr1	53847484	54047484	harbor2	chr1	53912771	53912959	DNA/hAT-Charlie	1106	-	94	53912865	65381
chr1	26401378	26601378	harbor2	chr1	26414678	26414888	DNA/hAT-Charlie	1110	-	105	26414783	13405
chr1	16544771	16744771	harbor2	chr1	16643865	16644061	DNA/hAT-Charlie	1037	-	98	16643963	99192
chr1	244605778	244805778	harbor2	chr1	244611879	244612050	DNA/hAT-Charlie	817	-	86	244611965	6187
chr1	244605778	244805778	harbor2	chr1	244681425	244681600	DNA/hAT-Charlie	1151	-	88	244681513	75735
chr1	244605778	244805778	harbor2	chr1	244682602	244682799	DNA/hAT-Charlie	926	-	98	244682700	76922
chr1	244605778	244805778	harbor2	chr1	244702549	244702719	DNA/hAT-Charlie	677	-	85	244702634	96856
chr1	6685470	6885470	harbor2	chr1	6697325	6697691	DNA/hAT-Charlie	1838	-	183	6697508	12038
chr1	6685470	6885470	harbor2	chr1	6718433	6718644	DNA/hAT-Charlie	1094	-	106	6718539	33069
chr1	6685470	6885470	harbor2	chr1	6762110	6762179	DNA/hAT-Charlie	460	-	34	6762144	76674
chr1	6685470	6885470	harbor2	chr1	6768105	6768271	DNA/hAT-Charlie	458	-	83	6768188	82718
chr1	6685470	6885470	harbor2	chr1	6781775	6782040	DNA/hAT-Charlie	1099	-	132	6781907	96437
chr1	6685470	6885470	harbor2	chr1	6782325	6782408	DNA/hAT-Charlie	1099	-	42	6782367	96897
chr1	2139195	2339195	harbor2	chr1	2165539	2165716	DNA/hAT-Charlie	635	-	88	2165627	26432
chr1	2139195	2339195	harbor2	chr1	2168119	2168297	DNA/hAT-Charlie	732	-	89	2168208	29013
chr1	6135664	6335664	harbor2	chr1	6200200	6200331	DNA/hAT-Charlie	590	-	66	6200266	64602
chr1	227442270	227642270	harbor2	chr1	227513867	227514232	DNA/hAT-Charlie	2696	-	182	227514049	71779
chr1	16625198	16825198	harbor2	chr1	16643865	16644061	DNA/hAT-Charlie	1037	-	98	16643963	18765
chr1	16625198	16825198	harbor2	chr1	16650295	16650563	DNA/hAT-Charlie	1054	-	134	16650429	25231
chr1	16625198	16825198	harbor2	chr1	16653377	16653554	DNA/hAT-Charlie	954	-	88	16653465	28267
chr1	16625198	16825198	harbor2	chr1	16669402	16669589	DNA/hAT-Charlie	835	-	94	16669496	44298
chr1	16625198	16825198	harbor2	chr1	16687134	16687256	DNA/hAT-Charlie	554	-	61	16687195	61997
chr1	6685464	6885464	harbor2	chr1	6697325	6697691	DNA/hAT-Charlie	1838	-	183	6697508	12044
chr1	6685464	6885464	harbor2	chr1	6718433	6718644	DNA/hAT-Charlie	1094	-	106	6718539	33075
chr1	6685464	6885464	harbor2	chr1	6762110	6762179	DNA/hAT-Charlie	460	-	34	6762144	76680
chr1	6685464	6885464	harbor2	chr1	6768105	6768271	DNA/hAT-Charlie	458	-	83	6768188	82724
chr1	6685464	6885464	harbor2	chr1	6781775	6782040	DNA/hAT-Charlie	1099	-	132	6781907	96443
chr1	6685464	6885464	harbor2	chr1	6782325	6782408	DNA/hAT-Charlie	1099	-	42	6782367	96903
chr1	245603502	245803502	harbor2	chr1	245610353	245610523	DNA/hAT-Charlie	870	-	85	245610438	6936
chr1	245603502	245803502	harbor2	chr1	245679073	245679292	DNA/hAT-Charlie	1135	-	110	245679183	75681
chr1	2422405	2622405	harbor2	chr1	2422293	2422675	DNA/hAT-Charlie	1985	-	191	2422484	79
chr1	2422405	2622405	harbor2	chr1	2422842	2423137	DNA/hAT-Charlie	1985	-	148	2422990	585
chr1	2138383	2338383	harbor2	chr1	2165539	2165716	DNA/hAT-Charlie	635	-	88	2165627	27244
chr1	2138383	2338383	harbor2	chr1	2168119	2168297	DNA/hAT-Charlie	732	-	89	2168208	29825
chr1	53374991	53574991	harbor2	chr1	53394718	53395008	DNA/hAT-Charlie	1034	-	145	53394863	19872
chr1	53374991	53574991	harbor2	chr1	53451920	53452231	DNA/hAT-Charlie	1164	-	156	53452076	77085
chr1	53374991	53574991	harbor2	chr1	53474004	53474491	DNA/hAT-Charlie	2018	-	244	53474248	99257
chr1	16545159	16745159	harbor2	chr1	16643865	16644061	DNA/hAT-Charlie	1037	-	98	16643963	98804
chr1	2421049	2621049	harbor2	chr1	2421645	2421691	DNA/hAT-Charlie	1985	-	23	2421668	619
chr1	2421049	2621049	harbor2	chr1	2422293	2422675	DNA/hAT-Charlie	1985	-	191	2422484	1435
chr1	2421049	2621049	harbor2	chr1	2422842	2423137	DNA/hAT-Charlie	1985	-	148	2422990	1941
chr1	225783160	225983160	harbor2	chr1	225809430	225809561	DNA/hAT-Charlie	800	-	66	225809496	26336
chr1	225783160	225983160	harbor2	chr1	225809840	225809942	DNA/hAT-Charlie	800	-	51	225809891	26731
chr1	225783160	225983160	harbor2	chr1	225870516	225870802	DNA/hAT-Charlie	478	-	143	225870659	87499
chr1	23859371	24059371	harbor2	chr1	23864675	23864692	DNA/hAT-Charlie	760	-	8	23864683	5312
chr1	23859371	24059371	harbor2	chr1	23865003	23865157	DNA/hAT-Charlie	760	-	77	23865080	5709
chr1	23859371	24059371	harbor2	chr1	23866549	23866713	DNA/hAT-Charlie	620	-	82	23866631	7260
chr1	23859371	24059371	harbor2	chr1	23897314	23897481	DNA/hAT-Charlie	646	-	84	23897398	38027
chr1	23859371	24059371	harbor2	chr1	23897760	23897907	DNA/hAT-Charlie	646	-	74	23897834	38463
chr1	23859371	24059371	harbor2	chr1	23906916	23907112	DNA/hAT-Charlie	938	-	98	23907014	47643
chr1	23859371	24059371	harbor2	chr1	23907439	23907480	DNA/hAT-Charlie	938	-	20	23907459	48088
chr1	23859371	24059371	harbor2	chr1	23907792	23907978	DNA/hAT-Charlie	938	-	93	23907885	48514
chr1	23859371	24059371	harbor2	chr1	23916659	23916795	DNA/hAT-Charlie	753	-	68	23916727	57356
chr1	2420702	2620702	harbor2	chr1	2421645	2421691	DNA/hAT-Charlie	1985	-	23	2421668	966
chr1	2420702	2620702	harbor2	chr1	2422293	2422675	DNA/hAT-Charlie	1985	-	191	2422484	1782
chr1	2420702	2620702	harbor2	chr1	2422842	2423137	DNA/hAT-Charlie	1985	-	148	2422990	2288
chr1	211034336	211234336	harbor2	chr1	211046909	211047228	DNA/hAT-Charlie	1243	-	160	211047069	12733
chr1	211034336	211234336	harbor2	chr1	211094077	211094404	DNA/hAT-Charlie	2338	-	164	211094241	59905
chr1	2389828	2589828	harbor2	chr1	2421645	2421691	DNA/hAT-Charlie	1985	-	23	2421668	31840
chr1	2389828	2589828	harbor2	chr1	2422293	2422675	DNA/hAT-Charlie	1985	-	191	2422484	32656
chr1	2389828	2589828	harbor2	chr1	2422842	2423137	DNA/hAT-Charlie	1985	-	148	2422990	33162
chr1	201845418	202045418	harbor2	chr1	201845537	201845833	DNA/hAT-Charlie	1228	-	148	201845685	267
chr1	201845418	202045418	harbor2	chr1	201860776	201860885	DNA/hAT-Charlie	639	-	54	201860830	15412
chr1	201845418	202045418	harbor2	chr1	201861196	201861247	DNA/hAT-Charlie	639	-	26	201861222	15804
chr1	226638243	226838243	harbor2	chr1	226682097	226682276	DNA/hAT-Charlie	611	-	90	226682187	43944
chr1	226638243	226838243	harbor2	chr1	226693488	226693712	DNA/hAT-Charlie	604	-	112	226693600	55357
chr1	226638243	226838243	harbor2	chr1	226694628	226694834	DNA/hAT-Charlie	1135	-	103	226694731	56488
chr1	6685487	6885487	harbor2	chr1	6697325	6697691	DNA/hAT-Charlie	1838	-	183	6697508	12021
chr1	6685487	6885487	harbor2	chr1	6718433	6718644	DNA/hAT-Charlie	1094	-	106	6718539	33052
chr1	6685487	6885487	harbor2	chr1	6762110	6762179	DNA/hAT-Charlie	460	-	34	6762144	76657
chr1	6685487	6885487	harbor2	chr1	6768105	6768271	DNA/hAT-Charlie	458	-	83	6768188	82701
chr1	6685487	6885487	harbor2	chr1	6781775	6782040	DNA/hAT-Charlie	1099	-	132	6781907	96420
chr1	6685487	6885487	harbor2	chr1	6782325	6782408	DNA/hAT-Charlie	1099	-	42	6782367	96880
chr1	16544788	16744788	harbor2	chr1	16643865	16644061	DNA/hAT-Charlie	1037	-	98	16643963	99175
chr1	46124232	46324232	harbor2	chr1	46199429	46199580	DNA/hAT-Charlie	866	-	76	46199505	75273
chr1	54391077	54591077	harbor2	chr1	54478535	54478882	DNA/hAT-Charlie	1386	-	174	54478709	87632
chr1	54391077	54591077	harbor2	chr1	54479190	54479313	DNA/hAT-Charlie	1386	-	62	54479252	88175
chr1	54391077	54591077	harbor2	chr1	54483009	54483095	DNA/hAT-Charlie	658	-	43	54483052	91975
chr1	54391077	54591077	harbor2	chr1	54483365	54483382	DNA/hAT-Charlie	658	-	8	54483373	92296
chr1	54391077	54591077	harbor2	chr1	54483690	54483849	DNA/hAT-Charlie	658	-	80	54483770	92693
chr1	244870487	245070487	harbor2	chr1	244874493	244874673	DNA/hAT-Charlie	790	-	90	244874583	4096
chr1	244870487	245070487	harbor2	chr1	244887845	244887895	DNA/hAT-Charlie	561	-	25	244887870	17383
chr1	244870487	245070487	harbor2	chr1	244888203	244888377	DNA/hAT-Charlie	561	-	87	244888290	17803
chr1	244870487	245070487	harbor2	chr1	244900997	244901223	DNA/hAT-Charlie	473	-	113	244901110	30623
chr1	244870487	245070487	harbor2	chr1	244901949	244902035	DNA/hAT-Charlie	854	-	43	244901992	31505
chr1	244870487	245070487	harbor2	chr1	244902333	244902484	DNA/hAT-Charlie	854	-	76	244902409	31922
chr1	244870487	245070487	harbor2	chr1	244928757	244928941	DNA/hAT-Charlie	921	-	92	244928849	58362
chr1	244870487	245070487	harbor2	chr1	244929261	244929365	DNA/hAT-Charlie	620	-	52	244929313	58826
chr1	244870487	245070487	harbor2	chr1	244929371	244929482	DNA/hAT-Charlie	658	-	56	244929427	58940
chr1	244870487	245070487	harbor2	chr1	244941123	244941261	DNA/hAT-Charlie	692	-	69	244941192	70705
chr1	244870487	245070487	harbor2	chr1	244958096	244958305	DNA/hAT-Charlie	439	-	104	244958200	87713
chr1	244870487	245070487	harbor2	chr1	244940781	244940807	DNA/hAT-Charlie	692	-	13	244940794	70307
chr1	6685468	6885468	harbor2	chr1	6697325	6697691	DNA/hAT-Charlie	1838	-	183	6697508	12040
chr1	6685468	6885468	harbor2	chr1	6718433	6718644	DNA/hAT-Charlie	1094	-	106	6718539	33071
chr1	6685468	6885468	harbor2	chr1	6762110	6762179	DNA/hAT-Charlie	460	-	34	6762144	76676
chr1	6685468	6885468	harbor2	chr1	6768105	6768271	DNA/hAT-Charlie	458	-	83	6768188	82720
chr1	6685468	6885468	harbor2	chr1	6781775	6782040	DNA/hAT-Charlie	1099	-	132	6781907	96439
chr1	6685468	6885468	harbor2	chr1	6782325	6782408	DNA/hAT-Charlie	1099	-	42	6782367	96899
chr1	6871137	7071137	harbor2	chr1	6883767	6884053	DNA/hAT-Charlie	659	-	143	6883910	12773
chr1	6871137	7071137	harbor2	chr1	6919562	6919612	DNA/hAT-Charlie	621	-	25	6919587	48450
chr1	6871137	7071137	harbor2	chr1	6921929	6922155	DNA/hAT-Charlie	621	-	113	6922042	50905
chr1	6871137	7071137	harbor2	chr1	6927333	6927849	DNA/hAT-Charlie	2324	-	258	6927591	56454
chr1	2422674	2622674	harbor2	chr1	2422293	2422675	DNA/hAT-Charlie	1985	-	191	2422484	190
chr1	2422674	2622674	harbor2	chr1	2422842	2423137	DNA/hAT-Charlie	1985	-	148	2422990	316
chr1	65260750	65460750	harbor2	chr1	65359709	65360026	DNA/hAT-Charlie	1448	-	158	65359867	99117
chr1	160440370	160640370	harbor2	chr1	160482380	160482545	DNA/hAT-Charlie	488	-	82	160482462	42092
chr1	160440370	160640370	harbor2	chr1	160537742	160538077	DNA/hAT-Charlie	1673	-	168	160537910	97540
chr1	168036739	168236739	harbor2	chr1	168038596	168038746	DNA/hAT-Charlie	811	-	75	168038671	1932
chr1	168036739	168236739	harbor2	chr1	168048698	168048910	DNA/hAT-Charlie	477	-	106	168048804	12065
chr1	168036739	168236739	harbor2	chr1	168056612	168056796	DNA/hAT-Charlie	613	-	92	168056704	19965
chr1	168036739	168236739	harbor2	chr1	168071202	168071322	DNA/hAT-Charlie	669	-	60	168071262	34523
chr1	168036739	168236739	harbor2	chr1	168071642	168071695	DNA/hAT-Charlie	669	-	26	168071668	34929
chr1	16544790	16744790	harbor2	chr1	16643865	16644061	DNA/hAT-Charlie	1037	-	98	16643963	99173
chr1	2379170	2579170	harbor2	chr1	2421645	2421691	DNA/hAT-Charlie	1985	-	23	2421668	42498
chr1	2379170	2579170	harbor2	chr1	2422293	2422675	DNA/hAT-Charlie	1985	-	191	2422484	43314
chr1	2379170	2579170	harbor2	chr1	2422842	2423137	DNA/hAT-Charlie	1985	-	148	2422990	43820
chr1	16545176	16745176	harbor2	chr1	16643865	16644061	DNA/hAT-Charlie	1037	-	98	16643963	98787
chr1	16545073	16745073	harbor2	chr1	16643865	16644061	DNA/hAT-Charlie	1037	-	98	16643963	98890
chr1	2139152	2339152	harbor2	chr1	2165539	2165716	DNA/hAT-Charlie	635	-	88	2165627	26475
chr1	2139152	2339152	harbor2	chr1	2168119	2168297	DNA/hAT-Charlie	732	-	89	2168208	29056
chr1	2138821	2338821	harbor2	chr1	2165539	2165716	DNA/hAT-Charlie	635	-	88	2165627	26806
chr1	2138821	2338821	harbor2	chr1	2168119	2168297	DNA/hAT-Charlie	732	-	89	2168208	29387
chr1	226011849	226211849	harbor2	chr1	226017678	226017850	DNA/hAT-Charlie	867	-	86	226017764	5915
chr1	226011849	226211849	harbor2	chr1	226105298	226105358	DNA/hAT-Charlie	1639	-	30	226105328	93479
chr1	226011849	226211849	harbor2	chr1	226105659	226105682	DNA/hAT-Charlie	1639	-	12	226105671	93822
chr1	226011849	226211849	harbor2	chr1	226106297	226106588	DNA/hAT-Charlie	1639	-	146	226106443	94594
chr1	16617135	16817135	harbor2	chr1	16643865	16644061	DNA/hAT-Charlie	1037	-	98	16643963	26828
chr1	16617135	16817135	harbor2	chr1	16650295	16650563	DNA/hAT-Charlie	1054	-	134	16650429	33294
chr1	16617135	16817135	harbor2	chr1	16653377	16653554	DNA/hAT-Charlie	954	-	88	16653465	36330
chr1	16617135	16817135	harbor2	chr1	16669402	16669589	DNA/hAT-Charlie	835	-	94	16669496	52361
chr1	16617135	16817135	harbor2	chr1	16687134	16687256	DNA/hAT-Charlie	554	-	61	16687195	70060
chr1	205330793	205530793	harbor2	chr1	205365761	205365884	DNA/hAT-Charlie	624	-	62	205365823	35030
chr1	205330793	205530793	harbor2	chr1	205378396	205378491	DNA/hAT-Charlie	534	-	48	205378444	47651
chr1	16545165	16745165	harbor2	chr1	16643865	16644061	DNA/hAT-Charlie	1037	-	98	16643963	98798
chr1	2422751	2622751	harbor2	chr1	2422842	2423137	DNA/hAT-Charlie	1985	-	148	2422990	239
chr1	2422032	2622032	harbor2	chr1	2422293	2422675	DNA/hAT-Charlie	1985	-	191	2422484	452
chr1	2422032	2622032	harbor2	chr1	2422842	2423137	DNA/hAT-Charlie	1985	-	148	2422990	958
chr1	16546378	16746378	harbor2	chr1	16643865	16644061	DNA/hAT-Charlie	1037	-	98	16643963	97585
chr1	16544815	16744815	harbor2	chr1	16643865	16644061	DNA/hAT-Charlie	1037	-	98	16643963	99148
chr1	2375235	2575235	harbor2	chr1	2421645	2421691	DNA/hAT-Charlie	1985	-	23	2421668	46433
chr1	2375235	2575235	harbor2	chr1	2422293	2422675	DNA/hAT-Charlie	1985	-	191	2422484	47249
chr1	2375235	2575235	harbor2	chr1	2422842	2423137	DNA/hAT-Charlie	1985	-	148	2422990	47755
chr1	33270603	33470603	harbor2	chr1	33281103	33281265	DNA/hAT-Charlie	575	-	81	33281184	10581
chr1	33270603	33470603	harbor2	chr1	33296150	33296312	DNA/hAT-Charlie	523	-	81	33296231	25628
chr1	33270603	33470603	harbor2	chr1	33351059	33351394	DNA/hAT-Charlie	1666	-	168	33351227	80624
chr1	211033758	211233758	harbor2	chr1	211046909	211047228	DNA/hAT-Charlie	1243	-	160	211047069	13311
chr1	211033758	211233758	harbor2	chr1	211094077	211094404	DNA/hAT-Charlie	2338	-	164	211094241	60483
chr1	2422784	2622784	harbor2	chr1	2422842	2423137	DNA/hAT-Charlie	1985	-	148	2422990	206
chr1	227442279	227642279	harbor2	chr1	227513867	227514232	DNA/hAT-Charlie	2696	-	182	227514049	71770
chr1	3315101	3515101	harbor2	chr1	3328243	3328365	DNA/hAT-Charlie	497	-	61	3328304	13203
chr1	3696450	3896450	harbor2	chr1	3704165	3704426	DNA/hAT-Charlie	545	-	130	3704295	7845
chr1	16546331	16746331	harbor2	chr1	16643865	16644061	DNA/hAT-Charlie	1037	-	98	16643963	97632
chr1	154985521	155185521	harbor2	chr1	154990761	154990827	DNA/hAT-Charlie	496	-	33	154990794	5273
chr1	154985521	155185521	harbor2	chr1	154990904	154990929	DNA/hAT-Charlie	496	-	12	154990916	5395
chr1	154985521	155185521	harbor2	chr1	154991257	154991272	DNA/hAT-Charlie	496	-	8	154991265	5744
chr1	154985521	155185521	harbor2	chr1	154991572	154991662	DNA/hAT-Charlie	496	-	45	154991617	6096
chr1	19188141	19388141	harbor2	chr1	19200170	19200384	DNA/hAT-Charlie	1342	-	107	19200277	12136
chr1	10693996	10893996	harbor2	chr1	10703715	10703916	DNA/hAT-Charlie	871	-	100	10703815	9819
chr1	2421061	2621061	harbor2	chr1	2421645	2421691	DNA/hAT-Charlie	1985	-	23	2421668	607
chr1	2421061	2621061	harbor2	chr1	2422293	2422675	DNA/hAT-Charlie	1985	-	191	2422484	1423
chr1	2421061	2621061	harbor2	chr1	2422842	2423137	DNA/hAT-Charlie	1985	-	148	2422990	1929
chr1	89425677	89625677	harbor2	chr1	89427366	89427568	DNA/hAT-Charlie	848	-	101	89427467	1790
chr1	89425677	89625677	harbor2	chr1	89454563	89454739	DNA/hAT-Charlie	786	-	88	89454651	28974
chr1	153664662	153864662	harbor2	chr1	153665951	153666052	DNA/hAT-Charlie	739	-	50	153666001	1339
chr1	153664662	153864662	harbor2	chr1	153666644	153666753	DNA/hAT-Charlie	739	-	54	153666698	2036
chr1	153664662	153864662	harbor2	chr1	153676669	153676861	DNA/hAT-Charlie	551	-	96	153676765	12103
chr1	153664662	153864662	harbor2	chr1	153676996	153677025	DNA/hAT-Charlie	551	-	14	153677010	12348
chr1	153664662	153864662	harbor2	chr1	153677327	153677432	DNA/hAT-Charlie	551	-	52	153677379	12717
chr1	153664662	153864662	harbor2	chr1	153694172	153694228	DNA/hAT-Charlie	580	-	28	153694200	29538
chr1	153664662	153864662	harbor2	chr1	153696043	153696121	DNA/hAT-Charlie	580	-	39	153696082	31420
chr1	153664662	153864662	harbor2	chr1	153696776	153696837	DNA/hAT-Charlie	580	-	30	153696806	32144
chr1	153664662	153864662	harbor2	chr1	153696832	153697118	DNA/hAT-Charlie	1291	-	143	153696975	32313
chr1	16544753	16744753	harbor2	chr1	16643865	16644061	DNA/hAT-Charlie	1037	-	98	16643963	99210
chr1	16544725	16744725	harbor2	chr1	16643865	16644061	DNA/hAT-Charlie	1037	-	98	16643963	99238
chr1	145858041	146058041	harbor2	chr1	145937758	145937847	DNA/hAT-Charlie	1025	-	44	145937802	79761
chr1	145858041	146058041	harbor2	chr1	145938146	145938270	DNA/hAT-Charlie	1025	-	62	145938208	80167
chr1	2141241	2341241	harbor2	chr1	2165539	2165716	DNA/hAT-Charlie	635	-	88	2165627	24386
chr1	2141241	2341241	harbor2	chr1	2168119	2168297	DNA/hAT-Charlie	732	-	89	2168208	26967
chr1	2420982	2620982	harbor2	chr1	2421645	2421691	DNA/hAT-Charlie	1985	-	23	2421668	686
chr1	2420982	2620982	harbor2	chr1	2422293	2422675	DNA/hAT-Charlie	1985	-	191	2422484	1502
chr1	2420982	2620982	harbor2	chr1	2422842	2423137	DNA/hAT-Charlie	1985	-	148	2422990	2008
chr1	16660930	16860930	harbor2	chr1	16669402	16669589	DNA/hAT-Charlie	835	-	94	16669496	8566
chr1	16660930	16860930	harbor2	chr1	16687134	16687256	DNA/hAT-Charlie	554	-	61	16687195	26265
chr1	202857893	203057893	harbor2	chr1	202885127	202885235	DNA/hAT-Charlie	656	-	54	202885181	27288
chr1	202857893	203057893	harbor2	chr1	202901757	202901912	DNA/hAT-Charlie	437	-	78	202901835	43942
chr1	202857893	203057893	harbor2	chr1	202913803	202913996	DNA/hAT-Charlie	794	-	96	202913899	56006
chr1	12673928	12873928	harbor2	chr1	12714876	12715079	DNA/hAT-Charlie	633	-	102	12714978	41050
chr1	12673928	12873928	harbor2	chr1	12762824	12762904	DNA/hAT-Charlie	1219	-	40	12762864	88936
chr1	12673928	12873928	harbor2	chr1	12763210	12763336	DNA/hAT-Charlie	1219	-	63	12763273	89345
chr1	12673928	12873928	harbor2	chr1	12764480	12764669	DNA/hAT-Charlie	732	-	94	12764574	90646
chr1	53371603	53571603	harbor2	chr1	53394718	53395008	DNA/hAT-Charlie	1034	-	145	53394863	23260
chr1	53371603	53571603	harbor2	chr1	53451920	53452231	DNA/hAT-Charlie	1164	-	156	53452076	80473
chr1	204585865	204785865	harbor2	chr1	204608364	204608537	DNA/hAT-Charlie	913	-	86	204608450	22585
chr1	204585865	204785865	harbor2	chr1	204637332	204637490	DNA/hAT-Charlie	532	-	79	204637411	51546
chr1	16544708	16744708	harbor2	chr1	16643865	16644061	DNA/hAT-Charlie	1037	-	98	16643963	99255
chr1	205492013	205692013	harbor2	chr1	205498078	205498582	DNA/hAT-Charlie	3637	-	252	205498330	6317
chr1	205492013	205692013	harbor2	chr1	205562573	205562635	DNA/hAT-Charlie	933	-	31	205562604	70591
chr1	205492013	205692013	harbor2	chr1	205562937	205563067	DNA/hAT-Charlie	933	-	65	205563002	70989
chr1	17636788	17836788	harbor2	chr1	17693144	17693282	DNA/hAT-Charlie	648	-	69	17693213	56425
chr1	17636788	17836788	harbor2	chr1	17698019	17698196	DNA/hAT-Charlie	495	-	88	17698107	61319
chr1	1675958	1875958	harbor2	chr1	1733898	1734067	DNA/hAT-Charlie	494	-	84	1733982	58024
chr1	154985525	155185525	harbor2	chr1	154990761	154990827	DNA/hAT-Charlie	496	-	33	154990794	5269
chr1	154985525	155185525	harbor2	chr1	154990904	154990929	DNA/hAT-Charlie	496	-	12	154990916	5391
chr1	154985525	155185525	harbor2	chr1	154991257	154991272	DNA/hAT-Charlie	496	-	8	154991265	5740
chr1	154985525	155185525	harbor2	chr1	154991572	154991662	DNA/hAT-Charlie	496	-	45	154991617	6092
chr1	216443727	216643727	harbor2	chr1	216478190	216478496	DNA/hAT-Charlie	1755	-	153	216478343	34616
chr1	2421114	2621114	harbor2	chr1	2421645	2421691	DNA/hAT-Charlie	1985	-	23	2421668	554
chr1	2421114	2621114	harbor2	chr1	2422293	2422675	DNA/hAT-Charlie	1985	-	191	2422484	1370
chr1	2421114	2621114	harbor2	chr1	2422842	2423137	DNA/hAT-Charlie	1985	-	148	2422990	1876
chr1	205649090	205849090	harbor2	chr1	205694314	205694583	DNA/hAT-Charlie	1442	-	134	205694448	45358
chr1	205649090	205849090	harbor2	chr1	205705470	205705657	DNA/hAT-Charlie	999	-	94	205705564	56474
chr1	16625110	16825110	harbor2	chr1	16643865	16644061	DNA/hAT-Charlie	1037	-	98	16643963	18853
chr1	16625110	16825110	harbor2	chr1	16650295	16650563	DNA/hAT-Charlie	1054	-	134	16650429	25319
chr1	16625110	16825110	harbor2	chr1	16653377	16653554	DNA/hAT-Charlie	954	-	88	16653465	28355
chr1	16625110	16825110	harbor2	chr1	16669402	16669589	DNA/hAT-Charlie	835	-	94	16669496	44386
chr1	16625110	16825110	harbor2	chr1	16687134	16687256	DNA/hAT-Charlie	554	-	61	16687195	62085
chr1	211400835	211600835	harbor2	chr1	211439896	211439938	DNA/hAT-Charlie	592	-	21	211439917	39082
chr1	211400835	211600835	harbor2	chr1	211440778	211440906	DNA/hAT-Charlie	592	-	64	211440842	40007
chr1	211400835	211600835	harbor2	chr1	211443992	211444201	DNA/hAT-Charlie	1079	-	104	211444096	43261
chr1	211400835	211600835	harbor2	chr1	211446502	211447193	DNA/hAT-Charlie	3287	-	346	211446848	46013
chr1	211400835	211600835	harbor2	chr1	211464677	211464939	DNA/hAT-Charlie	1113	-	131	211464808	63973
chr1	211400835	211600835	harbor2	chr1	211471286	211471434	DNA/hAT-Charlie	799	-	74	211471360	70525
chr1	211400835	211600835	harbor2	chr1	211475000	211475375	DNA/hAT-Charlie	1641	-	188	211475188	74353
chr1	211400835	211600835	harbor2	chr1	211475679	211475915	DNA/hAT-Charlie	1641	-	118	211475797	74962
chr1	211033756	211233756	harbor2	chr1	211046909	211047228	DNA/hAT-Charlie	1243	-	160	211047069	13313
chr1	211033756	211233756	harbor2	chr1	211094077	211094404	DNA/hAT-Charlie	2338	-	164	211094241	60485
chr1	2420678	2620678	harbor2	chr1	2421645	2421691	DNA/hAT-Charlie	1985	-	23	2421668	990
chr1	2420678	2620678	harbor2	chr1	2422293	2422675	DNA/hAT-Charlie	1985	-	191	2422484	1806
chr1	2420678	2620678	harbor2	chr1	2422842	2423137	DNA/hAT-Charlie	1985	-	148	2422990	2312
chr1	16661815	16861815	harbor2	chr1	16669402	16669589	DNA/hAT-Charlie	835	-	94	16669496	7681
chr1	16661815	16861815	harbor2	chr1	16687134	16687256	DNA/hAT-Charlie	554	-	61	16687195	25380
chr1	16544789	16744789	harbor2	chr1	16643865	16644061	DNA/hAT-Charlie	1037	-	98	16643963	99174
chr1	2375888	2575888	harbor2	chr1	2421645	2421691	DNA/hAT-Charlie	1985	-	23	2421668	45780
chr1	2375888	2575888	harbor2	chr1	2422293	2422675	DNA/hAT-Charlie	1985	-	191	2422484	46596
chr1	2375888	2575888	harbor2	chr1	2422842	2423137	DNA/hAT-Charlie	1985	-	148	2422990	47102
chr1	53371621	53571621	harbor2	chr1	53394718	53395008	DNA/hAT-Charlie	1034	-	145	53394863	23242
chr1	53371621	53571621	harbor2	chr1	53451920	53452231	DNA/hAT-Charlie	1164	-	156	53452076	80455
chr1	2138892	2338892	harbor2	chr1	2165539	2165716	DNA/hAT-Charlie	635	-	88	2165627	26735
chr1	2138892	2338892	harbor2	chr1	2168119	2168297	DNA/hAT-Charlie	732	-	89	2168208	29316
chr1	16544734	16744734	harbor2	chr1	16643865	16644061	DNA/hAT-Charlie	1037	-	98	16643963	99229
chr1	2421006	2621006	harbor2	chr1	2421645	2421691	DNA/hAT-Charlie	1985	-	23	2421668	662
chr1	2421006	2621006	harbor2	chr1	2422293	2422675	DNA/hAT-Charlie	1985	-	191	2422484	1478
chr1	2421006	2621006	harbor2	chr1	2422842	2423137	DNA/hAT-Charlie	1985	-	148	2422990	1984
chr1	3431191	3631191	harbor2	chr1	3439060	3439577	DNA/hAT-Charlie	3364	-	258	3439318	8127
chr1	18514441	18714441	harbor2	chr1	18526071	18526255	DNA/hAT-Charlie	990	-	92	18526163	11722
chr1	18514441	18714441	harbor2	chr1	18556625	18557107	DNA/hAT-Charlie	2884	-	241	18556866	42425
chr1	18514441	18714441	harbor2	chr1	18565958	18566257	DNA/hAT-Charlie	630	-	150	18566108	51667
chr1	18514441	18714441	harbor2	chr1	18581688	18581752	DNA/hAT-Charlie	571	-	32	18581720	67279
chr1	18514441	18714441	harbor2	chr1	18582080	18582264	DNA/hAT-Charlie	589	-	92	18582172	67731
chr1	53227374	53427374	harbor2	chr1	53291647	53291864	DNA/hAT-Charlie	1138	-	108	53291755	64381
chr1	53227374	53427374	harbor2	chr1	53295656	53295867	DNA/hAT-Charlie	555	-	106	53295762	68388
chr1	16545038	16745038	harbor2	chr1	16643865	16644061	DNA/hAT-Charlie	1037	-	98	16643963	98925
chr1	36756807	36956807	harbor2	chr1	36772240	36772320	DNA/hAT-Charlie	1457	-	40	36772280	15473
chr1	36756807	36956807	harbor2	chr1	36772626	36772860	DNA/hAT-Charlie	1457	-	117	36772743	15936
chr1	2375982	2575982	harbor2	chr1	2421645	2421691	DNA/hAT-Charlie	1985	-	23	2421668	45686
chr1	2375982	2575982	harbor2	chr1	2422293	2422675	DNA/hAT-Charlie	1985	-	191	2422484	46502
chr1	2375982	2575982	harbor2	chr1	2422842	2423137	DNA/hAT-Charlie	1985	-	148	2422990	47008
chr1	1605807	1805807	harbor2	chr1	1667524	1667707	DNA/hAT-Charlie	506	-	92	1667616	61809
chr1	94138719	94338719	harbor2	chr1	94147598	94147857	DNA/hAT-Charlie	636	-	130	94147728	9009
chr1	94138719	94338719	harbor2	chr1	94191677	94191839	DNA/hAT-Charlie	625	-	81	94191758	53039
chr1	94138719	94338719	harbor2	chr1	94210281	94210452	DNA/hAT-Charlie	483	-	86	94210367	71648
chr1	94138719	94338719	harbor2	chr1	94213483	94213662	DNA/hAT-Charlie	600	-	90	94213573	74854
chr1	94138719	94338719	harbor2	chr1	94214824	94215067	DNA/hAT-Charlie	477	-	122	94214946	76227
chr1	94138719	94338719	harbor2	chr1	94233790	94233918	DNA/hAT-Charlie	440	-	64	94233854	95135
chr1	229333991	229533991	harbor2	chr1	229349262	229349363	DNA/hAT-Charlie	490	-	50	229349312	15321
chr1	145758969	145958969	harbor2	chr1	145804942	145805087	DNA/hAT-Charlie	546	-	72	145805014	46045
chr1	145758969	145958969	harbor2	chr1	145813822	145813994	DNA/hAT-Charlie	1095	-	86	145813908	54939
chr1	145758969	145958969	harbor2	chr1	145814278	145814340	DNA/hAT-Charlie	1095	-	31	145814309	55340
chr1	211034401	211234401	harbor2	chr1	211046909	211047228	DNA/hAT-Charlie	1243	-	160	211047069	12668
chr1	211034401	211234401	harbor2	chr1	211094077	211094404	DNA/hAT-Charlie	2338	-	164	211094241	59840
chr1	185217222	185417222	harbor2	chr1	185232844	185232980	DNA/hAT-Charlie	646	-	68	185232912	15690
chr1	185217222	185417222	harbor2	chr1	185246933	185247318	DNA/hAT-Charlie	1032	-	192	185247125	29903
chr1	185217222	185417222	harbor2	chr1	185276866	185277248	DNA/hAT-Charlie	1681	-	191	185277057	59835
chr1	185217222	185417222	harbor2	chr1	185277590	185277698	DNA/hAT-Charlie	1681	-	54	185277644	60422
chr1	185217222	185417222	harbor2	chr1	185308183	185308378	DNA/hAT-Charlie	831	-	98	185308281	91059
chr1	39855819	40055819	harbor2	chr1	39856950	39857114	DNA/hAT-Charlie	886	-	82	39857032	1213
chr1	39855819	40055819	harbor2	chr1	39874209	39874416	DNA/hAT-Charlie	1089	-	104	39874313	18494
chr1	157038937	157238937	harbor2	chr1	157048041	157048767	DNA/hAT-Charlie	2223	-	363	157048404	9467
chr1	157038937	157238937	harbor2	chr1	157101599	157101701	DNA/hAT-Charlie	696	-	51	157101650	62713
chr1	157038937	157238937	harbor2	chr1	157102006	157102017	DNA/hAT-Charlie	696	-	6	157102012	63075
chr1	157038937	157238937	harbor2	chr1	157102325	157102398	DNA/hAT-Charlie	696	-	36	157102361	63424
chr1	2375920	2575920	harbor2	chr1	2421645	2421691	DNA/hAT-Charlie	1985	-	23	2421668	45748
chr1	2375920	2575920	harbor2	chr1	2422293	2422675	DNA/hAT-Charlie	1985	-	191	2422484	46564
chr1	2375920	2575920	harbor2	chr1	2422842	2423137	DNA/hAT-Charlie	1985	-	148	2422990	47070
chr1	43458974	43658974	harbor2	chr1	43471470	43471623	DNA/hAT-Charlie	564	-	76	43471546	12572
chr1	43458974	43658974	harbor2	chr1	43471696	43471874	DNA/hAT-Charlie	1203	-	89	43471785	12811
chr1	43458974	43658974	harbor2	chr1	43503586	43503845	DNA/hAT-Charlie	943	-	130	43503716	44742
chr1	43458974	43658974	harbor2	chr1	43540060	43540277	DNA/hAT-Charlie	1177	-	108	43540168	81194
chr1	43458974	43658974	harbor2	chr1	43541504	43541705	DNA/hAT-Charlie	962	-	100	43541604	82630
chr1	16544754	16744754	harbor2	chr1	16643865	16644061	DNA/hAT-Charlie	1037	-	98	16643963	99209
chr1	53371668	53571668	harbor2	chr1	53394718	53395008	DNA/hAT-Charlie	1034	-	145	53394863	23195
chr1	53371668	53571668	harbor2	chr1	53451920	53452231	DNA/hAT-Charlie	1164	-	156	53452076	80408
chr1	2140353	2340353	harbor2	chr1	2165539	2165716	DNA/hAT-Charlie	635	-	88	2165627	25274
chr1	2140353	2340353	harbor2	chr1	2168119	2168297	DNA/hAT-Charlie	732	-	89	2168208	27855
chr1	154985519	155185519	harbor2	chr1	154990761	154990827	DNA/hAT-Charlie	496	-	33	154990794	5275
chr1	154985519	155185519	harbor2	chr1	154990904	154990929	DNA/hAT-Charlie	496	-	12	154990916	5397
chr1	154985519	155185519	harbor2	chr1	154991257	154991272	DNA/hAT-Charlie	496	-	8	154991265	5746
chr1	154985519	155185519	harbor2	chr1	154991572	154991662	DNA/hAT-Charlie	496	-	45	154991617	6098
chr1	92386040	92586040	harbor2	chr1	92406843	92407010	DNA/hAT-Charlie	2603	-	84	92406927	20887
chr1	92386040	92586040	harbor2	chr1	92407316	92407331	DNA/hAT-Charlie	2603	-	8	92407324	21284
chr1	92386040	92586040	harbor2	chr1	92407658	92407789	DNA/hAT-Charlie	2603	-	66	92407724	21684
chr1	92386040	92586040	harbor2	chr1	92456775	92456944	DNA/hAT-Charlie	905	-	84	92456859	70819
chr1	92386040	92586040	harbor2	chr1	92405604	92406234	DNA/hAT-Charlie	2603	-	315	92405919	19879
chr1	727513	927513	harbor2	chr1	729816	730235	DNA/hAT-Charlie	2306	-	210	730026	2513
chr1	727513	927513	harbor2	chr1	733225	733644	DNA/hAT-Charlie	2375	-	210	733435	5922
chr1	727513	927513	harbor2	chr1	736631	737050	DNA/hAT-Charlie	2322	-	210	736841	9328
chr1	727513	927513	harbor2	chr1	740047	740466	DNA/hAT-Charlie	2330	-	210	740257	12744
chr1	727513	927513	harbor2	chr1	743783	744214	DNA/hAT-Charlie	2775	-	216	743999	16486
chr1	727513	927513	harbor2	chr1	782312	782501	DNA/hAT-Charlie	870	-	94	782406	54893
chr1	727513	927513	harbor2	chr1	782641	782795	DNA/hAT-Charlie	620	-	77	782718	55205
chr1	204636318	204836318	harbor2	chr1	204637332	204637490	DNA/hAT-Charlie	532	-	79	204637411	1093
chr1	204636318	204836318	harbor2	chr1	204692076	204692243	DNA/hAT-Charlie	496	-	84	204692160	55842
chr1	204636318	204836318	harbor2	chr1	204710125	204710296	DNA/hAT-Charlie	853	-	86	204710211	73893
chr1	204636318	204836318	harbor2	chr1	204727372	204727402	DNA/hAT-Charlie	1411	-	15	204727387	91069
chr1	204636318	204836318	harbor2	chr1	204727717	204728011	DNA/hAT-Charlie	1411	-	147	204727864	91546
chr1	47352962	47552962	harbor2	chr1	47408955	47409181	DNA/hAT-Charlie	768	-	113	47409068	56106
chr1	47352962	47552962	harbor2	chr1	47421834	47422028	DNA/hAT-Charlie	566	-	97	47421931	68969
chr1	47352962	47552962	harbor2	chr1	47422336	47422477	DNA/hAT-Charlie	566	-	70	47422406	69444
chr1	47352962	47552962	harbor2	chr1	47422639	47422909	DNA/hAT-Charlie	440	-	135	47422774	69812
chr1	15277447	15477447	harbor2	chr1	15294332	15294403	DNA/hAT-Charlie	1046	-	36	15294368	16921
chr1	15277447	15477447	harbor2	chr1	15294693	15294842	DNA/hAT-Charlie	1046	-	74	15294767	17320
chr1	15277447	15477447	harbor2	chr1	15295766	15295951	DNA/hAT-Charlie	770	-	92	15295858	18411
chr1	15277447	15477447	harbor2	chr1	15318301	15318360	DNA/hAT-Charlie	789	-	30	15318331	40884
chr1	15277447	15477447	harbor2	chr1	15318668	15318788	DNA/hAT-Charlie	789	-	60	15318728	41281
chr1	15277447	15477447	harbor2	chr1	15322539	15322717	DNA/hAT-Charlie	942	-	89	15322628	45181
chr1	15277447	15477447	harbor2	chr1	15340732	15340902	DNA/hAT-Charlie	976	-	85	15340817	63370
chr1	15277447	15477447	harbor2	chr1	15341206	15341274	DNA/hAT-Charlie	976	-	34	15341240	63793
chr1	15277447	15477447	harbor2	chr1	15342339	15342482	DNA/hAT-Charlie	627	-	72	15342411	64964
chr1	15277447	15477447	harbor2	chr1	15344432	15344618	DNA/hAT-Charlie	777	-	93	15344525	67078
chr1	15277447	15477447	harbor2	chr1	15358364	15358553	DNA/hAT-Charlie	971	-	94	15358458	81011
chr1	15277447	15477447	harbor2	chr1	15361239	15361450	DNA/hAT-Charlie	954	-	106	15361345	83898
chr1	15277447	15477447	harbor2	chr1	15374708	15374848	DNA/hAT-Charlie	630	-	70	15374778	97331
chr1	15277447	15477447	harbor2	chr1	15375156	15375237	DNA/hAT-Charlie	630	-	40	15375196	97749
chr1	2156391	2356391	harbor2	chr1	2165539	2165716	DNA/hAT-Charlie	635	-	88	2165627	9236
chr1	2156391	2356391	harbor2	chr1	2168119	2168297	DNA/hAT-Charlie	732	-	89	2168208	11817
chr1	116384166	116584166	harbor2	chr1	116412615	116412840	DNA/hAT-Charlie	985	-	112	116412727	28561
chr1	92387184	92587184	harbor2	chr1	92406843	92407010	DNA/hAT-Charlie	2603	-	84	92406927	19743
chr1	92387184	92587184	harbor2	chr1	92407316	92407331	DNA/hAT-Charlie	2603	-	8	92407324	20140
chr1	92387184	92587184	harbor2	chr1	92407658	92407789	DNA/hAT-Charlie	2603	-	66	92407724	20540
chr1	92387184	92587184	harbor2	chr1	92456775	92456944	DNA/hAT-Charlie	905	-	84	92456859	69675
chr1	92387184	92587184	harbor2	chr1	92405604	92406234	DNA/hAT-Charlie	2603	-	315	92405919	18735
chr1	160901756	161101756	harbor2	chr1	160942957	160943146	DNA/hAT-Charlie	688	-	94	160943051	41295
chr1	160901756	161101756	harbor2	chr1	160959844	160960033	DNA/hAT-Charlie	682	-	94	160959938	58182
chr1	211033759	211233759	harbor2	chr1	211046909	211047228	DNA/hAT-Charlie	1243	-	160	211047069	13310
chr1	211033759	211233759	harbor2	chr1	211094077	211094404	DNA/hAT-Charlie	2338	-	164	211094241	60482
chr1	16625199	16825199	harbor2	chr1	16643865	16644061	DNA/hAT-Charlie	1037	-	98	16643963	18764
chr1	16625199	16825199	harbor2	chr1	16650295	16650563	DNA/hAT-Charlie	1054	-	134	16650429	25230
chr1	16625199	16825199	harbor2	chr1	16653377	16653554	DNA/hAT-Charlie	954	-	88	16653465	28266
chr1	16625199	16825199	harbor2	chr1	16669402	16669589	DNA/hAT-Charlie	835	-	94	16669496	44297
chr1	16625199	16825199	harbor2	chr1	16687134	16687256	DNA/hAT-Charlie	554	-	61	16687195	61996
chr1	211034198	211234198	harbor2	chr1	211046909	211047228	DNA/hAT-Charlie	1243	-	160	211047069	12871
chr1	211034198	211234198	harbor2	chr1	211094077	211094404	DNA/hAT-Charlie	2338	-	164	211094241	60043
chr1	1071988	1271988	harbor2	chr1	1137547	1137718	DNA/hAT-Charlie	917	-	86	1137633	65645
chr1	6086924	6286924	harbor2	chr1	6114388	6114659	DNA/hAT-Charlie	1226	-	136	6114524	27600
chr1	3057053	3257053	harbor2	chr1	3113577	3113765	DNA/hAT-Charlie	441	-	94	3113671	56618
chr1	6685458	6885458	harbor2	chr1	6697325	6697691	DNA/hAT-Charlie	1838	-	183	6697508	12050
chr1	6685458	6885458	harbor2	chr1	6718433	6718644	DNA/hAT-Charlie	1094	-	106	6718539	33081
chr1	6685458	6885458	harbor2	chr1	6762110	6762179	DNA/hAT-Charlie	460	-	34	6762144	76686
chr1	6685458	6885458	harbor2	chr1	6768105	6768271	DNA/hAT-Charlie	458	-	83	6768188	82730
chr1	6685458	6885458	harbor2	chr1	6781775	6782040	DNA/hAT-Charlie	1099	-	132	6781907	96449
chr1	6685458	6885458	harbor2	chr1	6782325	6782408	DNA/hAT-Charlie	1099	-	42	6782367	96909
chr1	31972874	32172874	harbor2	chr1	32003777	32003927	DNA/hAT-Charlie	521	-	75	32003852	30978
chr1	16545147	16745147	harbor2	chr1	16643865	16644061	DNA/hAT-Charlie	1037	-	98	16643963	98816
chr1	1686851	1886851	harbor2	chr1	1733898	1734067	DNA/hAT-Charlie	494	-	84	1733982	47131
chr1	20561543	20761543	harbor2	chr1	20638671	20638784	DNA/hAT-Charlie	642	-	56	20638727	77184
chr1	211947399	212147399	harbor2	chr1	211952097	211952279	DNA/hAT-Charlie	609	-	91	211952188	4789
chr1	211947399	212147399	harbor2	chr1	211971107	211971292	DNA/hAT-Charlie	741	-	92	211971199	23800
chr1	211947399	212147399	harbor2	chr1	212007787	212008123	DNA/hAT-Charlie	529	-	168	212007955	60556
chr1	211947399	212147399	harbor2	chr1	212038731	212039313	DNA/hAT-Charlie	1980	-	291	212039022	91623
chr1	70743302	70943302	harbor2	chr1	70758240	70758531	DNA/hAT-Charlie	891	-	146	70758386	15084
chr1	70743302	70943302	harbor2	chr1	70801909	70802162	DNA/hAT-Charlie	885	-	126	70802035	58733
chr1	7558962	7758962	harbor2	chr1	7577697	7577902	DNA/hAT-Charlie	1075	-	102	7577799	18837
chr1	7558962	7758962	harbor2	chr1	7653022	7653185	DNA/hAT-Charlie	720	-	82	7653104	94142
chr1	7558962	7758962	harbor2	chr1	7653921	7654032	DNA/hAT-Charlie	463	-	56	7653977	95015
chr1	152207691	152407691	harbor2	chr1	152226081	152226392	DNA/hAT-Charlie	1361	-	156	152226237	18546
chr1	152207691	152407691	harbor2	chr1	152247163	152247305	DNA/hAT-Charlie	514	-	71	152247234	39543
chr1	209557754	209757754	harbor2	chr1	209567393	209567559	DNA/hAT-Charlie	538	-	83	209567476	9722
chr1	209557754	209757754	harbor2	chr1	209602133	209602350	DNA/hAT-Charlie	1211	-	108	209602241	44487
chr1	209557754	209757754	harbor2	chr1	209611033	209611249	DNA/hAT-Charlie	1144	-	108	209611141	53387
chr1	209557754	209757754	harbor2	chr1	209636197	209636418	DNA/hAT-Charlie	814	-	110	209636307	78553
chr1	53846652	54046652	harbor2	chr1	53905523	53905695	DNA/hAT-Charlie	656	-	86	53905609	58957
chr1	53846652	54046652	harbor2	chr1	53908343	53908481	DNA/hAT-Charlie	679	-	69	53908412	61760
chr1	53846652	54046652	harbor2	chr1	53912771	53912959	DNA/hAT-Charlie	1106	-	94	53912865	66213
chr1	153558724	153758724	harbor2	chr1	153600001	153600186	DNA/hAT-Charlie	674	-	92	153600093	41369
chr1	153558724	153758724	harbor2	chr1	153600497	153600533	DNA/hAT-Charlie	674	-	18	153600515	41791
chr1	153558724	153758724	harbor2	chr1	153600847	153600872	DNA/hAT-Charlie	674	-	12	153600859	42135
chr1	2421645	2621645	harbor2	chr1	2421645	2421691	DNA/hAT-Charlie	1985	-	23	2421668	23
chr1	2421645	2621645	harbor2	chr1	2422293	2422675	DNA/hAT-Charlie	1985	-	191	2422484	839
chr1	2421645	2621645	harbor2	chr1	2422842	2423137	DNA/hAT-Charlie	1985	-	148	2422990	1345
chr1	25763699	25963699	harbor2	chr1	25787833	25787926	DNA/hAT-Charlie	892	-	46	25787879	24180
chr1	25763699	25963699	harbor2	chr1	25788207	25788282	DNA/hAT-Charlie	892	-	38	25788245	24546
chr1	44408152	44608152	harbor2	chr1	44440107	44440301	DNA/hAT-Charlie	1041	-	97	44440204	32052
chr1	44408152	44608152	harbor2	chr1	44446890	44447158	DNA/hAT-Charlie	716	-	134	44447024	38872
chr1	44408152	44608152	harbor2	chr1	44453793	44453922	DNA/hAT-Charlie	623	-	64	44453857	45705
chr1	44408152	44608152	harbor2	chr1	44453907	44454152	DNA/hAT-Charlie	1116	-	122	44454029	45877
chr1	44408152	44608152	harbor2	chr1	44498437	44498619	DNA/hAT-Charlie	499	-	91	44498528	90376
chr1	44408152	44608152	harbor2	chr1	44498680	44498863	DNA/hAT-Charlie	806	-	92	44498772	90620
chr1	110575275	110775275	harbor2	chr1	110620786	110621129	DNA/hAT-Charlie	582	-	172	110620958	45683
chr1	110575275	110775275	harbor2	chr1	110645256	110645418	DNA/hAT-Charlie	971	-	81	110645337	70062
chr1	110682470	110882470	harbor2	chr1	110739212	110739402	DNA/hAT-Charlie	1001	-	95	110739307	56837
chr1	110682470	110882470	harbor2	chr1	110744921	110745086	DNA/hAT-Charlie	656	-	82	110745003	62533
chr1	110682470	110882470	harbor2	chr1	110774982	110775052	DNA/hAT-Charlie	841	-	35	110775017	92547
chr1	110682470	110882470	harbor2	chr1	110775351	110775472	DNA/hAT-Charlie	841	-	60	110775411	92941
chr1	44170897	44370897	harbor2	chr1	44217021	44217275	DNA/hAT-Charlie	729	-	127	44217148	46251
chr1	2375915	2575915	harbor2	chr1	2421645	2421691	DNA/hAT-Charlie	1985	-	23	2421668	45753
chr1	2375915	2575915	harbor2	chr1	2422293	2422675	DNA/hAT-Charlie	1985	-	191	2422484	46569
chr1	2375915	2575915	harbor2	chr1	2422842	2423137	DNA/hAT-Charlie	1985	-	148	2422990	47075
chr1	53858393	54058393	harbor2	chr1	53905523	53905695	DNA/hAT-Charlie	656	-	86	53905609	47216
chr1	53858393	54058393	harbor2	chr1	53908343	53908481	DNA/hAT-Charlie	679	-	69	53908412	50019
chr1	53858393	54058393	harbor2	chr1	53912771	53912959	DNA/hAT-Charlie	1106	-	94	53912865	54472
chr1	16544782	16744782	harbor2	chr1	16643865	16644061	DNA/hAT-Charlie	1037	-	98	16643963	99181
chr1	727387	927387	harbor2	chr1	729816	730235	DNA/hAT-Charlie	2306	-	210	730026	2639
chr1	727387	927387	harbor2	chr1	733225	733644	DNA/hAT-Charlie	2375	-	210	733435	6048
chr1	727387	927387	harbor2	chr1	736631	737050	DNA/hAT-Charlie	2322	-	210	736841	9454
chr1	727387	927387	harbor2	chr1	740047	740466	DNA/hAT-Charlie	2330	-	210	740257	12870
chr1	727387	927387	harbor2	chr1	743783	744214	DNA/hAT-Charlie	2775	-	216	743999	16612
chr1	727387	927387	harbor2	chr1	782312	782501	DNA/hAT-Charlie	870	-	94	782406	55019
chr1	727387	927387	harbor2	chr1	782641	782795	DNA/hAT-Charlie	620	-	77	782718	55331
chr1	155510028	155710028	harbor2	chr1	155572114	155572330	DNA/hAT-Charlie	1131	-	108	155572222	62194
chr1	155510028	155710028	harbor2	chr1	155573143	155573282	DNA/hAT-Charlie	763	-	70	155573213	63185
chr1	16545055	16745055	harbor2	chr1	16643865	16644061	DNA/hAT-Charlie	1037	-	98	16643963	98908
chr1	16544767	16744767	harbor2	chr1	16643865	16644061	DNA/hAT-Charlie	1037	-	98	16643963	99196
chr1	3525669	3725669	harbor2	chr1	3589850	3590023	DNA/hAT-Charlie	500	-	86	3589936	64267
chr1	2375967	2575967	harbor2	chr1	2421645	2421691	DNA/hAT-Charlie	1985	-	23	2421668	45701
chr1	2375967	2575967	harbor2	chr1	2422293	2422675	DNA/hAT-Charlie	1985	-	191	2422484	46517
chr1	2375967	2575967	harbor2	chr1	2422842	2423137	DNA/hAT-Charlie	1985	-	148	2422990	47023
chr1	53313469	53513469	harbor2	chr1	53334264	53334386	DNA/hAT-Charlie	584	-	61	53334325	20856
chr1	53313469	53513469	harbor2	chr1	53345140	53345294	DNA/hAT-Charlie	468	-	77	53345217	31748
chr1	53313469	53513469	harbor2	chr1	53394718	53395008	DNA/hAT-Charlie	1034	-	145	53394863	81394
chr1	109523805	109723805	harbor2	chr1	109610722	109610878	DNA/hAT-Charlie	930	-	78	109610800	86995
chr1	109523805	109723805	harbor2	chr1	109614497	109614642	DNA/hAT-Charlie	598	-	72	109614569	90764
chr1	1680586	1880586	harbor2	chr1	1733898	1734067	DNA/hAT-Charlie	494	-	84	1733982	53396
chr1	31972868	32172868	harbor2	chr1	32003777	32003927	DNA/hAT-Charlie	521	-	75	32003852	30984
chr1	33670823	33870823	harbor2	chr1	33747807	33747909	DNA/hAT-Charlie	446	-	51	33747858	77035
chr1	2148711	2348711	harbor2	chr1	2165539	2165716	DNA/hAT-Charlie	635	-	88	2165627	16916
chr1	2148711	2348711	harbor2	chr1	2168119	2168297	DNA/hAT-Charlie	732	-	89	2168208	19497
chr1	2421601	2621601	harbor2	chr1	2421645	2421691	DNA/hAT-Charlie	1985	-	23	2421668	67
chr1	2421601	2621601	harbor2	chr1	2422293	2422675	DNA/hAT-Charlie	1985	-	191	2422484	883
chr1	2421601	2621601	harbor2	chr1	2422842	2423137	DNA/hAT-Charlie	1985	-	148	2422990	1389
chr1	16544952	16744952	harbor2	chr1	16643865	16644061	DNA/hAT-Charlie	1037	-	98	16643963	99011
chr1	2551671	2751671	harbor2	chr1	2622256	2622416	DNA/hAT-Charlie	690	-	80	2622336	70665
chr1	2551671	2751671	harbor2	chr1	2626407	2626613	DNA/hAT-Charlie	1073	-	103	2626510	74839
chr1	16546359	16746359	harbor2	chr1	16643865	16644061	DNA/hAT-Charlie	1037	-	98	16643963	97604
chr1	19615803	19815803	harbor2	chr1	19668554	19668602	DNA/hAT-Charlie	1107	-	24	19668578	52775
chr1	19615803	19815803	harbor2	chr1	19668714	19669096	DNA/hAT-Charlie	1107	-	191	19668905	53102
chr1	19615803	19815803	harbor2	chr1	19705090	19705171	DNA/hAT-Charlie	1317	-	40	19705130	89327
chr1	19615803	19815803	harbor2	chr1	19705494	19705647	DNA/hAT-Charlie	1317	-	76	19705570	89767
chr1	22610841	22810841	harbor2	chr1	22666297	22666619	DNA/hAT-Charlie	1684	-	161	22666458	55617
chr1	22610841	22810841	harbor2	chr1	22667418	22667581	DNA/hAT-Charlie	784	-	82	22667500	56659
chr1	22610841	22810841	harbor2	chr1	22693025	22693172	DNA/hAT-Charlie	497	-	74	22693099	82258
chr1	22610841	22810841	harbor2	chr1	22695434	22695646	DNA/hAT-Charlie	1071	-	106	22695540	84699
chr1	22610841	22810841	harbor2	chr1	22695658	22695738	DNA/hAT-Charlie	1220	-	40	22695698	84857
chr1	22610841	22810841	harbor2	chr1	22696048	22696149	DNA/hAT-Charlie	1220	-	50	22696098	85257
chr1	22610841	22810841	harbor2	chr1	22696291	22696441	DNA/hAT-Charlie	1220	-	75	22696366	85525
chr1	6689187	6889187	harbor2	chr1	6697325	6697691	DNA/hAT-Charlie	1838	-	183	6697508	8321
chr1	6689187	6889187	harbor2	chr1	6718433	6718644	DNA/hAT-Charlie	1094	-	106	6718539	29352
chr1	6689187	6889187	harbor2	chr1	6762110	6762179	DNA/hAT-Charlie	460	-	34	6762144	72957
chr1	6689187	6889187	harbor2	chr1	6768105	6768271	DNA/hAT-Charlie	458	-	83	6768188	79001
chr1	6689187	6889187	harbor2	chr1	6781775	6782040	DNA/hAT-Charlie	1099	-	132	6781907	92720
chr1	6689187	6889187	harbor2	chr1	6782325	6782408	DNA/hAT-Charlie	1099	-	42	6782367	93180
chr1	2421068	2621068	harbor2	chr1	2421645	2421691	DNA/hAT-Charlie	1985	-	23	2421668	600
chr1	2421068	2621068	harbor2	chr1	2422293	2422675	DNA/hAT-Charlie	1985	-	191	2422484	1416
chr1	2421068	2621068	harbor2	chr1	2422842	2423137	DNA/hAT-Charlie	1985	-	148	2422990	1922
chr1	211034098	211234098	harbor2	chr1	211046909	211047228	DNA/hAT-Charlie	1243	-	160	211047069	12971
chr1	211034098	211234098	harbor2	chr1	211094077	211094404	DNA/hAT-Charlie	2338	-	164	211094241	60143
chr1	26600726	26800726	harbor2	chr1	26679406	26679548	DNA/hAT-Charlie	767	-	71	26679477	78751
chr1	207652046	207852046	harbor2	chr1	207655313	207655461	DNA/hAT-Charlie	1418	-	74	207655387	3341
chr1	207652046	207852046	harbor2	chr1	207655738	207655957	DNA/hAT-Charlie	1418	-	110	207655848	3802
chr1	207652046	207852046	harbor2	chr1	207656269	207656324	DNA/hAT-Charlie	1418	-	28	207656297	4251
chr1	207903426	208103426	harbor2	chr1	207924427	207924591	DNA/hAT-Charlie	1010	-	82	207924509	21083
chr1	207903426	208103426	harbor2	chr1	207933011	207933204	DNA/hAT-Charlie	901	-	96	207933107	29681
chr1	207903426	208103426	harbor2	chr1	207943355	207943447	DNA/hAT-Charlie	3873	-	46	207943401	39975
chr1	207903426	208103426	harbor2	chr1	207946334	207946518	DNA/hAT-Charlie	10526	-	92	207946426	43000
chr1	207903426	208103426	harbor2	chr1	207958261	207958399	DNA/hAT-Charlie	675	-	69	207958330	54904
chr1	207903426	208103426	harbor2	chr1	207983866	207984031	DNA/hAT-Charlie	756	-	82	207983948	80522
chr1	207903426	208103426	harbor2	chr1	207984837	207986106	DNA/hAT-Charlie	6027	-	634	207985471	82045
chr1	207903426	208103426	harbor2	chr1	208001537	208001709	DNA/hAT-Charlie	673	-	86	208001623	98197
chr1	207903426	208103426	harbor2	chr1	207943785	207946045	DNA/hAT-Charlie	10526	-	1130	207944915	41489
chr1	211034399	211234399	harbor2	chr1	211046909	211047228	DNA/hAT-Charlie	1243	-	160	211047069	12670
chr1	211034399	211234399	harbor2	chr1	211094077	211094404	DNA/hAT-Charlie	2338	-	164	211094241	59842
chr1	3322721	3522721	harbor2	chr1	3328243	3328365	DNA/hAT-Charlie	497	-	61	3328304	5583
chr1	41949951	42149951	harbor2	chr1	41962838	41963005	DNA/hAT-Charlie	889	-	84	41962922	12971
chr1	41949951	42149951	harbor2	chr1	41963311	41963364	DNA/hAT-Charlie	889	-	26	41963337	13386
chr1	41949951	42149951	harbor2	chr1	41971473	41971655	DNA/hAT-Charlie	750	-	91	41971564	21613
chr1	41949951	42149951	harbor2	chr1	41982913	41983210	DNA/hAT-Charlie	1714	-	148	41983061	33110
chr1	41949951	42149951	harbor2	chr1	42006347	42006860	DNA/hAT-Charlie	2741	-	256	42006603	56652
chr1	41949951	42149951	harbor2	chr1	42013733	42014053	DNA/hAT-Charlie	531	-	160	42013893	63942
chr1	41949951	42149951	harbor2	chr1	42028787	42029117	DNA/hAT-Charlie	1107	-	165	42028952	79001
chr1	41949951	42149951	harbor2	chr1	42031449	42031664	DNA/hAT-Charlie	979	-	108	42031557	81606
chr1	214586377	214786377	harbor2	chr1	214653671	214653825	DNA/hAT-Charlie	444	-	77	214653748	67371
chr1	14862929	15062929	harbor2	chr1	14878251	14878467	DNA/hAT-Charlie	915	-	108	14878359	15430
chr1	14862929	15062929	harbor2	chr1	14882031	14882135	DNA/hAT-Charlie	537	-	52	14882083	19154
chr1	14862929	15062929	harbor2	chr1	14884615	14884785	DNA/hAT-Charlie	799	-	85	14884700	21771
chr1	14862929	15062929	harbor2	chr1	14885892	14886120	DNA/hAT-Charlie	942	-	114	14886006	23077
chr1	14862929	15062929	harbor2	chr1	14888913	14889131	DNA/hAT-Charlie	1573	-	109	14889022	26093
chr1	14862929	15062929	harbor2	chr1	14897396	14897808	DNA/hAT-Charlie	1897	-	206	14897602	34673
chr1	14862929	15062929	harbor2	chr1	14910403	14910594	DNA/hAT-Charlie	806	-	96	14910499	47570
chr1	14862929	15062929	harbor2	chr1	14910736	14910965	DNA/hAT-Charlie	723	-	114	14910850	47921
chr1	14862929	15062929	harbor2	chr1	14914067	14914250	DNA/hAT-Charlie	779	-	92	14914159	51230
chr1	167355689	167555689	harbor2	chr1	167414890	167415084	DNA/hAT-Charlie	618	-	97	167414987	59298
chr1	40217340	40417340	harbor2	chr1	40247268	40247314	DNA/hAT-Charlie	740	-	23	40247291	29951
chr1	40217340	40417340	harbor2	chr1	40247606	40247735	DNA/hAT-Charlie	740	-	64	40247670	30330
chr1	40217340	40417340	harbor2	chr1	40256208	40257324	DNA/hAT-Charlie	3339	-	558	40256766	39426
chr1	40217340	40417340	harbor2	chr1	40257403	40257623	DNA/hAT-Charlie	681	-	110	40257513	40173
chr1	40217340	40417340	harbor2	chr1	40265723	40265884	DNA/hAT-Charlie	854	-	80	40265803	48463
chr1	40217340	40417340	harbor2	chr1	40272876	40273083	DNA/hAT-Charlie	1276	-	104	40272980	55640
chr1	40217340	40417340	harbor2	chr1	40277386	40277552	DNA/hAT-Charlie	627	-	83	40277469	60129
chr1	40217340	40417340	harbor2	chr1	40282687	40282911	DNA/hAT-Charlie	927	-	112	40282799	65459
chr1	32102226	32302226	harbor2	chr1	32123261	32123457	DNA/hAT-Charlie	756	-	98	32123359	21133
chr1	32102226	32302226	harbor2	chr1	32125147	32125362	DNA/hAT-Charlie	826	-	108	32125255	23029
chr1	32102226	32302226	harbor2	chr1	32125368	32125721	DNA/hAT-Charlie	1226	-	176	32125544	23318
chr1	202249918	202449918	harbor2	chr1	202274550	202274713	DNA/hAT-Charlie	854	-	82	202274632	24714
chr1	202249918	202449918	harbor2	chr1	202319612	202319806	DNA/hAT-Charlie	555	-	97	202319709	69791
chr1	161077890	161277890	harbor2	chr1	161111387	161111597	DNA/hAT-Charlie	983	-	105	161111492	33602
chr1	211033781	211233781	harbor2	chr1	211046909	211047228	DNA/hAT-Charlie	1243	-	160	211047069	13288
chr1	211033781	211233781	harbor2	chr1	211094077	211094404	DNA/hAT-Charlie	2338	-	164	211094241	60460
chr1	16544805	16744805	harbor2	chr1	16643865	16644061	DNA/hAT-Charlie	1037	-	98	16643963	99158
chr1	244609722	244809722	harbor2	chr1	244611879	244612050	DNA/hAT-Charlie	817	-	86	244611965	2243
chr1	244609722	244809722	harbor2	chr1	244681425	244681600	DNA/hAT-Charlie	1151	-	88	244681513	71791
chr1	244609722	244809722	harbor2	chr1	244682602	244682799	DNA/hAT-Charlie	926	-	98	244682700	72978
chr1	244609722	244809722	harbor2	chr1	244702549	244702719	DNA/hAT-Charlie	677	-	85	244702634	92912
chr1	205431580	205631580	harbor2	chr1	205486343	205486654	DNA/hAT-Charlie	1635	-	156	205486499	54919
chr1	205431580	205631580	harbor2	chr1	205498078	205498582	DNA/hAT-Charlie	3637	-	252	205498330	66750
chr1	205431580	205631580	harbor2	chr1	205487973	205488174	DNA/hAT-Charlie	1236	-	100	205488073	56493
chr1	16546385	16746385	harbor2	chr1	16643865	16644061	DNA/hAT-Charlie	1037	-	98	16643963	97578
chr1	145920756	146120756	harbor2	chr1	145937758	145937847	DNA/hAT-Charlie	1025	-	44	145937802	17046
chr1	145920756	146120756	harbor2	chr1	145938146	145938270	DNA/hAT-Charlie	1025	-	62	145938208	17452
chr1	145920756	146120756	harbor2	chr1	145984058	145984322	DNA/hAT-Charlie	684	-	132	145984190	63434
chr1	145920756	146120756	harbor2	chr1	145984635	145984700	DNA/hAT-Charlie	610	-	32	145984667	63911
chr1	206353548	206553548	harbor2	chr1	206391018	206391218	DNA/hAT-Charlie	1247	-	100	206391118	37570
chr1	206353548	206553548	harbor2	chr1	206400363	206400491	DNA/hAT-Charlie	473	-	64	206400427	46879
chr1	206353548	206553548	harbor2	chr1	206414366	206414534	DNA/hAT-Charlie	623	-	84	206414450	60902
chr1	3432627	3632627	harbor2	chr1	3439060	3439577	DNA/hAT-Charlie	3364	-	258	3439318	6691
chr1	33905807	34105807	harbor2	chr1	33943979	33944169	DNA/hAT-Charlie	786	-	95	33944074	38267
chr1	33905807	34105807	harbor2	chr1	33963246	33963358	DNA/hAT-Charlie	533	-	56	33963302	57495
chr1	33905807	34105807	harbor2	chr1	33984288	33984445	DNA/hAT-Charlie	643	-	78	33984366	78559
chr1	226786659	226986659	harbor2	chr1	226792289	226792424	DNA/hAT-Charlie	885	-	68	226792357	5698
chr1	226786659	226986659	harbor2	chr1	226794039	226794232	DNA/hAT-Charlie	650	-	96	226794135	7476
chr1	1685086	1885086	harbor2	chr1	1733898	1734067	DNA/hAT-Charlie	494	-	84	1733982	48896
chr1	226638205	226838205	harbor2	chr1	226682097	226682276	DNA/hAT-Charlie	611	-	90	226682187	43982
chr1	226638205	226838205	harbor2	chr1	226693488	226693712	DNA/hAT-Charlie	604	-	112	226693600	55395
chr1	226638205	226838205	harbor2	chr1	226694628	226694834	DNA/hAT-Charlie	1135	-	103	226694731	56526
chr1	161528751	161728751	harbor2	chr1	161556726	161557249	DNA/hAT-Charlie	3426	-	262	161556988	28237
chr1	161528751	161728751	harbor2	chr1	161562700	161562875	DNA/hAT-Charlie	940	-	88	161562788	34037
chr1	161528751	161728751	harbor2	chr1	161568621	161568832	DNA/hAT-Charlie	1122	-	106	161568727	39976
chr1	16618103	16818103	harbor2	chr1	16643865	16644061	DNA/hAT-Charlie	1037	-	98	16643963	25860
chr1	16618103	16818103	harbor2	chr1	16650295	16650563	DNA/hAT-Charlie	1054	-	134	16650429	32326
chr1	16618103	16818103	harbor2	chr1	16653377	16653554	DNA/hAT-Charlie	954	-	88	16653465	35362
chr1	16618103	16818103	harbor2	chr1	16669402	16669589	DNA/hAT-Charlie	835	-	94	16669496	51393
chr1	16618103	16818103	harbor2	chr1	16687134	16687256	DNA/hAT-Charlie	554	-	61	16687195	69092
chr1	36055774	36255774	harbor2	chr1	36086156	36086303	DNA/hAT-Charlie	499	-	74	36086230	30456
chr1	36055774	36255774	harbor2	chr1	36153548	36153757	DNA/hAT-Charlie	999	-	104	36153652	97878
chr1	113990947	114190947	harbor2	chr1	114007596	114007846	DNA/hAT-Charlie	639	-	125	114007721	16774
chr1	113990947	114190947	harbor2	chr1	114035683	114035908	DNA/hAT-Charlie	1575	-	112	114035795	44848
chr1	113990947	114190947	harbor2	chr1	114052122	114052650	DNA/hAT-Charlie	1330	-	264	114052386	61439
chr1	113990947	114190947	harbor2	chr1	114052849	114053047	DNA/hAT-Charlie	1330	-	99	114052948	62001
chr1	3432397	3632397	harbor2	chr1	3439060	3439577	DNA/hAT-Charlie	3364	-	258	3439318	6921
chr1	46294779	46494779	harbor2	chr1	46335246	46335429	DNA/hAT-Charlie	590	-	92	46335338	40559
chr1	46294779	46494779	harbor2	chr1	46335897	46336096	DNA/hAT-Charlie	1033	-	100	46335997	41218
chr1	46294779	46494779	harbor2	chr1	46366940	46367100	DNA/hAT-Charlie	467	-	80	46367020	72241
chr1	211034391	211234391	harbor2	chr1	211046909	211047228	DNA/hAT-Charlie	1243	-	160	211047069	12678
chr1	211034391	211234391	harbor2	chr1	211094077	211094404	DNA/hAT-Charlie	2338	-	164	211094241	59850
chr1	2138421	2338421	harbor2	chr1	2165539	2165716	DNA/hAT-Charlie	635	-	88	2165627	27206
chr1	2138421	2338421	harbor2	chr1	2168119	2168297	DNA/hAT-Charlie	732	-	89	2168208	29787
chr1	2375244	2575244	harbor2	chr1	2421645	2421691	DNA/hAT-Charlie	1985	-	23	2421668	46424
chr1	2375244	2575244	harbor2	chr1	2422293	2422675	DNA/hAT-Charlie	1985	-	191	2422484	47240
chr1	2375244	2575244	harbor2	chr1	2422842	2423137	DNA/hAT-Charlie	1985	-	148	2422990	47746
chr1	2421481	2621481	harbor2	chr1	2421645	2421691	DNA/hAT-Charlie	1985	-	23	2421668	187
chr1	2421481	2621481	harbor2	chr1	2422293	2422675	DNA/hAT-Charlie	1985	-	191	2422484	1003
chr1	2421481	2621481	harbor2	chr1	2422842	2423137	DNA/hAT-Charlie	1985	-	148	2422990	1509
chr1	2396936	2596936	harbor2	chr1	2421645	2421691	DNA/hAT-Charlie	1985	-	23	2421668	24732
chr1	2396936	2596936	harbor2	chr1	2422293	2422675	DNA/hAT-Charlie	1985	-	191	2422484	25548
chr1	2396936	2596936	harbor2	chr1	2422842	2423137	DNA/hAT-Charlie	1985	-	148	2422990	26054
chr1	207707062	207907062	harbor2	chr1	207759756	207759903	DNA/hAT-Charlie	1234	-	74	207759830	52768
chr1	207707062	207907062	harbor2	chr1	207760178	207760445	DNA/hAT-Charlie	1234	-	134	207760312	53250
chr1	207707062	207907062	harbor2	chr1	207787878	207788026	DNA/hAT-Charlie	759	-	74	207787952	80890
chr1	207707062	207907062	harbor2	chr1	207796218	207796383	DNA/hAT-Charlie	831	-	82	207796300	89238
chr1	207707062	207907062	harbor2	chr1	207798551	207798677	DNA/hAT-Charlie	507	-	63	207798614	91552
chr1	207707062	207907062	harbor2	chr1	207799150	207799188	DNA/hAT-Charlie	507	-	19	207799169	92107
chr1	230941728	231141728	harbor2	chr1	230947462	230947667	DNA/hAT-Charlie	1362	-	102	230947564	5836
chr1	230941728	231141728	harbor2	chr1	230948146	230948406	DNA/hAT-Charlie	520	-	130	230948276	6548
chr1	230941728	231141728	harbor2	chr1	231020994	231021160	DNA/hAT-Charlie	607	-	83	231021077	79349
chr1	230941728	231141728	harbor2	chr1	231031136	231031172	DNA/hAT-Charlie	737	-	18	231031154	89426
chr1	230941728	231141728	harbor2	chr1	231031160	231031571	DNA/hAT-Charlie	1707	-	206	231031366	89638
chr1	230941728	231141728	harbor2	chr1	231032606	231032701	DNA/hAT-Charlie	583	-	48	231032654	90926
chr1	230941728	231141728	harbor2	chr1	231030692	231030829	DNA/hAT-Charlie	737	-	68	231030760	89032
chr1	245610561	245810561	harbor2	chr1	245679073	245679292	DNA/hAT-Charlie	1135	-	110	245679183	68622
chr1	2421047	2621047	harbor2	chr1	2421645	2421691	DNA/hAT-Charlie	1985	-	23	2421668	621
chr1	2421047	2621047	harbor2	chr1	2422293	2422675	DNA/hAT-Charlie	1985	-	191	2422484	1437
chr1	2421047	2621047	harbor2	chr1	2422842	2423137	DNA/hAT-Charlie	1985	-	148	2422990	1943
chr1	31973222	32173222	harbor2	chr1	32003777	32003927	DNA/hAT-Charlie	521	-	75	32003852	30630
chr1	10913141	11113141	harbor2	chr1	10918537	10918706	DNA/hAT-Charlie	868	-	84	10918621	5480
chr1	10913141	11113141	harbor2	chr1	10942943	10943119	DNA/hAT-Charlie	547	-	88	10943031	29890
chr1	10913141	11113141	harbor2	chr1	10950533	10950735	DNA/hAT-Charlie	697	-	101	10950634	37493
chr1	10913141	11113141	harbor2	chr1	10970643	10970778	DNA/hAT-Charlie	759	-	68	10970711	57570
chr1	10913141	11113141	harbor2	chr1	10994783	10994861	DNA/hAT-Charlie	733	-	39	10994822	81681
chr1	10913141	11113141	harbor2	chr1	10995165	10995302	DNA/hAT-Charlie	733	-	68	10995233	82092
chr1	10913141	11113141	harbor2	chr1	10996407	10996530	DNA/hAT-Charlie	1368	-	62	10996469	83328
chr1	10913141	11113141	harbor2	chr1	10996834	10996959	DNA/hAT-Charlie	1368	-	62	10996896	83755
chr1	10913141	11113141	harbor2	chr1	10997299	10997348	DNA/hAT-Charlie	1368	-	24	10997323	84182
chr1	156192114	156392114	harbor2	chr1	156194894	156194999	DNA/hAT-Charlie	517	-	52	156194946	2832
chr1	17337716	17537716	harbor2	chr1	17350258	17350540	DNA/hAT-Charlie	784	-	141	17350399	12683
chr1	201882904	202082904	harbor2	chr1	201964446	201964605	DNA/hAT-Charlie	1018	-	80	201964526	81622
chr1	201882904	202082904	harbor2	chr1	201965224	201965298	DNA/hAT-Charlie	1018	-	37	201965261	82357
chr1	53312834	53512834	harbor2	chr1	53334264	53334386	DNA/hAT-Charlie	584	-	61	53334325	21491
chr1	53312834	53512834	harbor2	chr1	53345140	53345294	DNA/hAT-Charlie	468	-	77	53345217	32383
chr1	53312834	53512834	harbor2	chr1	53394718	53395008	DNA/hAT-Charlie	1034	-	145	53394863	82029
chr1	16544742	16744742	harbor2	chr1	16643865	16644061	DNA/hAT-Charlie	1037	-	98	16643963	99221
chr1	2139630	2339630	harbor2	chr1	2165539	2165716	DNA/hAT-Charlie	635	-	88	2165627	25997
chr1	2139630	2339630	harbor2	chr1	2168119	2168297	DNA/hAT-Charlie	732	-	89	2168208	28578
chr1	7926217	8126217	harbor2	chr1	7932833	7933053	DNA/hAT-Charlie	806	-	110	7932943	6726
chr1	7926217	8126217	harbor2	chr1	7936645	7936924	DNA/hAT-Charlie	824	-	140	7936785	10568
chr1	7926217	8126217	harbor2	chr1	7947502	7947937	DNA/hAT-Charlie	1174	-	218	7947720	21503
chr1	7926217	8126217	harbor2	chr1	7981434	7981642	DNA/hAT-Charlie	623	-	104	7981538	55321
chr1	27281347	27481347	harbor2	chr1	27308759	27308947	DNA/hAT-Charlie	1060	-	94	27308853	27506
chr1	27281347	27481347	harbor2	chr1	27309461	27309622	DNA/hAT-Charlie	1454	-	80	27309541	28194
chr1	27281347	27481347	harbor2	chr1	27309931	27310126	DNA/hAT-Charlie	1454	-	98	27310029	28682
chr1	27281347	27481347	harbor2	chr1	27314623	27314735	DNA/hAT-Charlie	457	-	56	27314679	33332
chr1	206973128	207173128	harbor2	chr1	206986452	206986639	DNA/hAT-Charlie	1273	-	94	206986546	13418
chr1	206973128	207173128	harbor2	chr1	206991744	206991991	DNA/hAT-Charlie	462	-	124	206991868	18740
chr1	206973128	207173128	harbor2	chr1	207013005	207013210	DNA/hAT-Charlie	773	-	102	207013107	39979
chr1	206973128	207173128	harbor2	chr1	207043040	207043150	DNA/hAT-Charlie	497	-	55	207043095	69967
chr1	206973128	207173128	harbor2	chr1	207065702	207065906	DNA/hAT-Charlie	1178	-	102	207065804	92676
chr1	230940319	231140319	harbor2	chr1	230947462	230947667	DNA/hAT-Charlie	1362	-	102	230947564	7245
chr1	230940319	231140319	harbor2	chr1	230948146	230948406	DNA/hAT-Charlie	520	-	130	230948276	7957
chr1	230940319	231140319	harbor2	chr1	231020994	231021160	DNA/hAT-Charlie	607	-	83	231021077	80758
chr1	230940319	231140319	harbor2	chr1	231031136	231031172	DNA/hAT-Charlie	737	-	18	231031154	90835
chr1	230940319	231140319	harbor2	chr1	231031160	231031571	DNA/hAT-Charlie	1707	-	206	231031366	91047
chr1	230940319	231140319	harbor2	chr1	231032606	231032701	DNA/hAT-Charlie	583	-	48	231032654	92335
chr1	230940319	231140319	harbor2	chr1	231030692	231030829	DNA/hAT-Charlie	737	-	68	231030760	90441
chr1	117032433	117232433	harbor2	chr1	117098625	117098781	DNA/hAT-Charlie	578	-	78	117098703	66270
chr1	117032433	117232433	harbor2	chr1	117110165	117110380	DNA/hAT-Charlie	1209	-	108	117110273	77840
chr1	19187949	19387949	harbor2	chr1	19200170	19200384	DNA/hAT-Charlie	1342	-	107	19200277	12328
chr1	230539629	230739629	harbor2	chr1	230575587	230575701	DNA/hAT-Charlie	441	-	57	230575644	36015
chr1	230539629	230739629	harbor2	chr1	230627456	230627873	DNA/hAT-Charlie	911	-	208	230627664	88035
chr1	230539629	230739629	harbor2	chr1	230628214	230628473	DNA/hAT-Charlie	797	-	130	230628344	88715
chr1	230539629	230739629	harbor2	chr1	230632358	230632577	DNA/hAT-Charlie	1185	-	110	230632468	92839
chr1	230539629	230739629	harbor2	chr1	230634618	230634998	DNA/hAT-Charlie	551	-	190	230634808	95179
chr1	230539629	230739629	harbor2	chr1	230635842	230635990	DNA/hAT-Charlie	446	-	74	230635916	96287
chr2	219078277	219278277	harbor2	chr2	219092311	219092685	DNA/hAT-Charlie	1685	-	187	219092498	14221
chr2	219078277	219278277	harbor2	chr2	219099199	219099416	DNA/hAT-Charlie	1059	-	108	219099307	21030
chr2	219078277	219278277	harbor2	chr2	219149745	219149962	DNA/hAT-Charlie	1244	-	108	219149853	71576
chr2	219078277	219278277	harbor2	chr2	219162720	219162940	DNA/hAT-Charlie	1172	-	110	219162830	84553
chr2	219078277	219278277	harbor2	chr2	219170801	219171348	DNA/hAT-Charlie	1551	-	274	219171075	92798
chr2	231298236	231498236	harbor2	chr2	231302183	231302437	DNA/hAT-Charlie	1731	-	127	231302310	4074
chr2	231298236	231498236	harbor2	chr2	231302463	231302720	DNA/hAT-Charlie	1731	-	128	231302591	4355
chr2	231298236	231498236	harbor2	chr2	231303019	231303077	DNA/hAT-Charlie	1731	-	29	231303048	4812
chr2	231298236	231498236	harbor2	chr2	231304292	231304398	DNA/hAT-Charlie	4672	-	53	231304345	6109
chr2	231298236	231498236	harbor2	chr2	231304697	231305708	DNA/hAT-Charlie	4672	-	506	231305203	6967
chr2	231298236	231498236	harbor2	chr2	231305910	231306182	DNA/hAT-Charlie	1274	-	136	231306046	7810
chr2	231298236	231498236	harbor2	chr2	231314504	231314725	DNA/hAT-Charlie	1349	-	110	231314614	16378
chr2	219078262	219278262	harbor2	chr2	219092311	219092685	DNA/hAT-Charlie	1685	-	187	219092498	14236
chr2	219078262	219278262	harbor2	chr2	219099199	219099416	DNA/hAT-Charlie	1059	-	108	219099307	21045
chr2	219078262	219278262	harbor2	chr2	219149745	219149962	DNA/hAT-Charlie	1244	-	108	219149853	71591
chr2	219078262	219278262	harbor2	chr2	219162720	219162940	DNA/hAT-Charlie	1172	-	110	219162830	84568
chr2	219078262	219278262	harbor2	chr2	219170801	219171348	DNA/hAT-Charlie	1551	-	274	219171075	92813
chr2	219078276	219278276	harbor2	chr2	219092311	219092685	DNA/hAT-Charlie	1685	-	187	219092498	14222
chr2	219078276	219278276	harbor2	chr2	219099199	219099416	DNA/hAT-Charlie	1059	-	108	219099307	21031
chr2	219078276	219278276	harbor2	chr2	219149745	219149962	DNA/hAT-Charlie	1244	-	108	219149853	71577
chr2	219078276	219278276	harbor2	chr2	219162720	219162940	DNA/hAT-Charlie	1172	-	110	219162830	84554
chr2	219078276	219278276	harbor2	chr2	219170801	219171348	DNA/hAT-Charlie	1551	-	274	219171075	92799
chr2	232456547	232656547	harbor2	chr2	232460934	232461252	DNA/hAT-Charlie	501	-	159	232461093	4546
chr2	232456547	232656547	harbor2	chr2	232462289	232463506	DNA/hAT-Charlie	3374	-	608	232462897	6350
chr2	232456547	232656547	harbor2	chr2	232463804	232463899	DNA/hAT-Charlie	3374	-	48	232463852	7305
chr2	43055480	43255480	harbor2	chr2	43070520	43070718	DNA/hAT-Charlie	505	-	99	43070619	15139
chr2	43055480	43255480	harbor2	chr2	43126015	43126233	DNA/hAT-Charlie	1255	-	109	43126124	70644
chr2	219078261	219278261	harbor2	chr2	219092311	219092685	DNA/hAT-Charlie	1685	-	187	219092498	14237
chr2	219078261	219278261	harbor2	chr2	219099199	219099416	DNA/hAT-Charlie	1059	-	108	219099307	21046
chr2	219078261	219278261	harbor2	chr2	219149745	219149962	DNA/hAT-Charlie	1244	-	108	219149853	71592
chr2	219078261	219278261	harbor2	chr2	219162720	219162940	DNA/hAT-Charlie	1172	-	110	219162830	84569
chr2	219078261	219278261	harbor2	chr2	219170801	219171348	DNA/hAT-Charlie	1551	-	274	219171075	92814
chr2	53472337	53672337	harbor2	chr2	53488807	53488933	DNA/hAT-Charlie	646	-	63	53488870	16533
chr2	53472337	53672337	harbor2	chr2	53494281	53494469	DNA/hAT-Charlie	886	-	94	53494375	22038
chr2	53472337	53672337	harbor2	chr2	53548171	53548294	DNA/hAT-Charlie	523	-	62	53548233	75896
chr2	70453855	70653855	harbor2	chr2	70462503	70462765	DNA/hAT-Charlie	544	-	131	70462634	8779
chr2	70453855	70653855	harbor2	chr2	70489931	70490098	DNA/hAT-Charlie	686	-	84	70490015	36160
chr2	70453855	70653855	harbor2	chr2	70500006	70500192	DNA/hAT-Charlie	535	-	93	70500099	46244
chr2	70453855	70653855	harbor2	chr2	70508639	70508767	DNA/hAT-Charlie	499	-	64	70508703	54848
chr2	70453855	70653855	harbor2	chr2	70530402	70530612	DNA/hAT-Charlie	1383	-	105	70530507	76652
chr2	70453855	70653855	harbor2	chr2	70531545	70531668	DNA/hAT-Charlie	463	-	62	70531607	77752
chr2	70453855	70653855	harbor2	chr2	70539292	70539455	DNA/hAT-Charlie	449	-	82	70539374	85519
chr2	70453855	70653855	harbor2	chr2	70539753	70539825	DNA/hAT-Charlie	449	-	36	70539789	85934
chr2	218223269	218423269	harbor2	chr2	218290107	218290347	DNA/hAT-Charlie	687	-	120	218290227	66958
chr2	218223269	218423269	harbor2	chr2	218300444	218300531	DNA/hAT-Charlie	476	-	44	218300488	77219
chr2	218223269	218423269	harbor2	chr2	218300852	218301049	DNA/hAT-Charlie	470	-	98	218300950	77681
chr2	218223269	218423269	harbor2	chr2	218301142	218301265	DNA/hAT-Charlie	649	-	62	218301204	77935
chr2	218223269	218423269	harbor2	chr2	218307168	218307685	DNA/hAT-Charlie	3457	-	258	218307426	84157
chr2	218223269	218423269	harbor2	chr2	218319309	218319365	DNA/hAT-Charlie	1008	-	28	218319337	96068
chr2	218223269	218423269	harbor2	chr2	218319674	218319830	DNA/hAT-Charlie	1008	-	78	218319752	96483
chr2	219116402	219316402	harbor2	chr2	219149745	219149962	DNA/hAT-Charlie	1244	-	108	219149853	33451
chr2	219116402	219316402	harbor2	chr2	219162720	219162940	DNA/hAT-Charlie	1172	-	110	219162830	46428
chr2	219116402	219316402	harbor2	chr2	219170801	219171348	DNA/hAT-Charlie	1551	-	274	219171075	54673
chr2	219078283	219278283	harbor2	chr2	219092311	219092685	DNA/hAT-Charlie	1685	-	187	219092498	14215
chr2	219078283	219278283	harbor2	chr2	219099199	219099416	DNA/hAT-Charlie	1059	-	108	219099307	21024
chr2	219078283	219278283	harbor2	chr2	219149745	219149962	DNA/hAT-Charlie	1244	-	108	219149853	71570
chr2	219078283	219278283	harbor2	chr2	219162720	219162940	DNA/hAT-Charlie	1172	-	110	219162830	84547
chr2	219078283	219278283	harbor2	chr2	219170801	219171348	DNA/hAT-Charlie	1551	-	274	219171075	92792
chr2	26950509	27150509	harbor2	chr2	26960073	26960192	DNA/hAT-Charlie	675	-	60	26960133	9624
chr2	26950509	27150509	harbor2	chr2	26965832	26966004	DNA/hAT-Charlie	539	-	86	26965918	15409
chr2	26950509	27150509	harbor2	chr2	26995056	26995206	DNA/hAT-Charlie	894	-	75	26995131	44622
chr2	26950509	27150509	harbor2	chr2	26997130	26997253	DNA/hAT-Charlie	1891	-	62	26997192	46683
chr2	26950509	27150509	harbor2	chr2	26997473	26997678	DNA/hAT-Charlie	1891	-	102	26997575	47066
chr2	26950509	27150509	harbor2	chr2	27020311	27020528	DNA/hAT-Charlie	542	-	108	27020419	69910
chr2	219078282	219278282	harbor2	chr2	219092311	219092685	DNA/hAT-Charlie	1685	-	187	219092498	14216
chr2	219078282	219278282	harbor2	chr2	219099199	219099416	DNA/hAT-Charlie	1059	-	108	219099307	21025
chr2	219078282	219278282	harbor2	chr2	219149745	219149962	DNA/hAT-Charlie	1244	-	108	219149853	71571
chr2	219078282	219278282	harbor2	chr2	219162720	219162940	DNA/hAT-Charlie	1172	-	110	219162830	84548
chr2	219078282	219278282	harbor2	chr2	219170801	219171348	DNA/hAT-Charlie	1551	-	274	219171075	92793
chr2	72043327	72243327	harbor2	chr2	72060328	72060454	DNA/hAT-Charlie	582	-	63	72060391	17064
chr2	72043327	72243327	harbor2	chr2	72094914	72095033	DNA/hAT-Charlie	895	-	60	72094974	51647
chr2	72043327	72243327	harbor2	chr2	72095079	72095151	DNA/hAT-Charlie	895	-	36	72095115	51788
chr2	72043327	72243327	harbor2	chr2	72105609	72105779	DNA/hAT-Charlie	969	-	85	72105694	62367
chr2	72043327	72243327	harbor2	chr2	72106672	72106859	DNA/hAT-Charlie	945	-	94	72106766	63439
chr2	219145524	219345524	harbor2	chr2	219149745	219149962	DNA/hAT-Charlie	1244	-	108	219149853	4329
chr2	219145524	219345524	harbor2	chr2	219162720	219162940	DNA/hAT-Charlie	1172	-	110	219162830	17306
chr2	219145524	219345524	harbor2	chr2	219170801	219171348	DNA/hAT-Charlie	1551	-	274	219171075	25551
chr2	219079117	219279117	harbor2	chr2	219092311	219092685	DNA/hAT-Charlie	1685	-	187	219092498	13381
chr2	219079117	219279117	harbor2	chr2	219099199	219099416	DNA/hAT-Charlie	1059	-	108	219099307	20190
chr2	219079117	219279117	harbor2	chr2	219149745	219149962	DNA/hAT-Charlie	1244	-	108	219149853	70736
chr2	219079117	219279117	harbor2	chr2	219162720	219162940	DNA/hAT-Charlie	1172	-	110	219162830	83713
chr2	219079117	219279117	harbor2	chr2	219170801	219171348	DNA/hAT-Charlie	1551	-	274	219171075	91958
chr2	26406627	26606627	harbor2	chr2	26411208	26411516	DNA/hAT-Charlie	1400	-	154	26411362	4735
chr2	26406627	26606627	harbor2	chr2	26467850	26468129	DNA/hAT-Charlie	669	-	140	26467990	61363
chr2	219078255	219278255	harbor2	chr2	219092311	219092685	DNA/hAT-Charlie	1685	-	187	219092498	14243
chr2	219078255	219278255	harbor2	chr2	219099199	219099416	DNA/hAT-Charlie	1059	-	108	219099307	21052
chr2	219078255	219278255	harbor2	chr2	219149745	219149962	DNA/hAT-Charlie	1244	-	108	219149853	71598
chr2	219078255	219278255	harbor2	chr2	219162720	219162940	DNA/hAT-Charlie	1172	-	110	219162830	84575
chr2	219078255	219278255	harbor2	chr2	219170801	219171348	DNA/hAT-Charlie	1551	-	274	219171075	92820
chr2	219081059	219281059	harbor2	chr2	219092311	219092685	DNA/hAT-Charlie	1685	-	187	219092498	11439
chr2	219081059	219281059	harbor2	chr2	219099199	219099416	DNA/hAT-Charlie	1059	-	108	219099307	18248
chr2	219081059	219281059	harbor2	chr2	219149745	219149962	DNA/hAT-Charlie	1244	-	108	219149853	68794
chr2	219081059	219281059	harbor2	chr2	219162720	219162940	DNA/hAT-Charlie	1172	-	110	219162830	81771
chr2	219081059	219281059	harbor2	chr2	219170801	219171348	DNA/hAT-Charlie	1551	-	274	219171075	90016
chr2	219078275	219278275	harbor2	chr2	219092311	219092685	DNA/hAT-Charlie	1685	-	187	219092498	14223
chr2	219078275	219278275	harbor2	chr2	219099199	219099416	DNA/hAT-Charlie	1059	-	108	219099307	21032
chr2	219078275	219278275	harbor2	chr2	219149745	219149962	DNA/hAT-Charlie	1244	-	108	219149853	71578
chr2	219078275	219278275	harbor2	chr2	219162720	219162940	DNA/hAT-Charlie	1172	-	110	219162830	84555
chr2	219078275	219278275	harbor2	chr2	219170801	219171348	DNA/hAT-Charlie	1551	-	274	219171075	92800
chr2	171822444	172022444	harbor2	chr2	171856243	171856448	DNA/hAT-Charlie	1384	-	102	171856345	33901
chr2	171822444	172022444	harbor2	chr2	171905864	171906112	DNA/hAT-Charlie	545	-	124	171905988	83544
chr2	195072898	195272898	harbor2	chr2	195167537	195167742	DNA/hAT-Charlie	1251	-	102	195167639	94741
chr2	43056095	43256095	harbor2	chr2	43070520	43070718	DNA/hAT-Charlie	505	-	99	43070619	14524
chr2	43056095	43256095	harbor2	chr2	43126015	43126233	DNA/hAT-Charlie	1255	-	109	43126124	70029
chr2	26956547	27156547	harbor2	chr2	26960073	26960192	DNA/hAT-Charlie	675	-	60	26960133	3586
chr2	26956547	27156547	harbor2	chr2	26965832	26966004	DNA/hAT-Charlie	539	-	86	26965918	9371
chr2	26956547	27156547	harbor2	chr2	26995056	26995206	DNA/hAT-Charlie	894	-	75	26995131	38584
chr2	26956547	27156547	harbor2	chr2	26997130	26997253	DNA/hAT-Charlie	1891	-	62	26997192	40645
chr2	26956547	27156547	harbor2	chr2	26997473	26997678	DNA/hAT-Charlie	1891	-	102	26997575	41028
chr2	26956547	27156547	harbor2	chr2	27020311	27020528	DNA/hAT-Charlie	542	-	108	27020419	63872
chr2	26404185	26604185	harbor2	chr2	26404112	26404190	DNA/hAT-Charlie	1468	-	39	26404151	34
chr2	26404185	26604185	harbor2	chr2	26411208	26411516	DNA/hAT-Charlie	1400	-	154	26411362	7177
chr2	26404185	26604185	harbor2	chr2	26467850	26468129	DNA/hAT-Charlie	669	-	140	26467990	63805
chr2	219078258	219278258	harbor2	chr2	219092311	219092685	DNA/hAT-Charlie	1685	-	187	219092498	14240
chr2	219078258	219278258	harbor2	chr2	219099199	219099416	DNA/hAT-Charlie	1059	-	108	219099307	21049
chr2	219078258	219278258	harbor2	chr2	219149745	219149962	DNA/hAT-Charlie	1244	-	108	219149853	71595
chr2	219078258	219278258	harbor2	chr2	219162720	219162940	DNA/hAT-Charlie	1172	-	110	219162830	84572
chr2	219078258	219278258	harbor2	chr2	219170801	219171348	DNA/hAT-Charlie	1551	-	274	219171075	92817
chr2	219078269	219278269	harbor2	chr2	219092311	219092685	DNA/hAT-Charlie	1685	-	187	219092498	14229
chr2	219078269	219278269	harbor2	chr2	219099199	219099416	DNA/hAT-Charlie	1059	-	108	219099307	21038
chr2	219078269	219278269	harbor2	chr2	219149745	219149962	DNA/hAT-Charlie	1244	-	108	219149853	71584
chr2	219078269	219278269	harbor2	chr2	219162720	219162940	DNA/hAT-Charlie	1172	-	110	219162830	84561
chr2	219078269	219278269	harbor2	chr2	219170801	219171348	DNA/hAT-Charlie	1551	-	274	219171075	92806
chr2	219078253	219278253	harbor2	chr2	219092311	219092685	DNA/hAT-Charlie	1685	-	187	219092498	14245
chr2	219078253	219278253	harbor2	chr2	219099199	219099416	DNA/hAT-Charlie	1059	-	108	219099307	21054
chr2	219078253	219278253	harbor2	chr2	219149745	219149962	DNA/hAT-Charlie	1244	-	108	219149853	71600
chr2	219078253	219278253	harbor2	chr2	219162720	219162940	DNA/hAT-Charlie	1172	-	110	219162830	84577
chr2	219078253	219278253	harbor2	chr2	219170801	219171348	DNA/hAT-Charlie	1551	-	274	219171075	92822
chr2	3480298	3680298	harbor2	chr2	3523399	3523594	DNA/hAT-Charlie	529	-	98	3523497	43199
chr2	3480298	3680298	harbor2	chr2	3523943	3524297	DNA/hAT-Charlie	1264	-	177	3524120	43822
chr2	241049610	241249610	harbor2	chr2	241092357	241092476	DNA/hAT-Charlie	511	-	60	241092417	42807
chr2	241049610	241249610	harbor2	chr2	241094654	241094762	DNA/hAT-Charlie	619	-	54	241094708	45098
chr2	241049610	241249610	harbor2	chr2	241100998	241101494	DNA/hAT-Charlie	3341	-	248	241101246	51636
chr2	241049610	241249610	harbor2	chr2	241109811	241109994	DNA/hAT-Charlie	925	-	92	241109903	60293
chr2	85502763	85702763	harbor2	chr2	85522555	85522682	DNA/hAT-Charlie	3173	-	64	85522619	19856
chr2	85502763	85702763	harbor2	chr2	85522990	85523406	DNA/hAT-Charlie	3173	-	208	85523198	20435
chr2	85502763	85702763	harbor2	chr2	85559869	85560091	DNA/hAT-Charlie	1122	-	111	85559980	57217
chr2	85502763	85702763	harbor2	chr2	85562780	85562895	DNA/hAT-Charlie	609	-	58	85562838	60075
chr2	85502763	85702763	harbor2	chr2	85566471	85566635	DNA/hAT-Charlie	1644	-	82	85566553	63790
chr2	85502763	85702763	harbor2	chr2	85566933	85567177	DNA/hAT-Charlie	1644	-	122	85567055	64292
chr2	85502763	85702763	harbor2	chr2	85571047	85571261	DNA/hAT-Charlie	1133	-	107	85571154	68391
chr2	27279123	27479123	harbor2	chr2	27289155	27289285	DNA/hAT-Charlie	474	-	65	27289220	10097
chr2	27279123	27479123	harbor2	chr2	27290254	27290386	DNA/hAT-Charlie	1039	-	66	27290320	11197
chr2	27279123	27479123	harbor2	chr2	27290669	27290784	DNA/hAT-Charlie	1039	-	58	27290727	11604
chr2	27279123	27479123	harbor2	chr2	27290982	27291071	DNA/hAT-Charlie	705	-	44	27291026	11903
chr2	27279123	27479123	harbor2	chr2	27291381	27291576	DNA/hAT-Charlie	705	-	98	27291479	12356
chr2	113484990	113684990	harbor2	chr2	113524530	113524679	DNA/hAT-Charlie	749	-	74	113524604	39614
chr2	113484990	113684990	harbor2	chr2	113562237	113562397	DNA/hAT-Charlie	668	-	80	113562317	77327
chr2	113484990	113684990	harbor2	chr2	113576022	113576407	DNA/hAT-Charlie	1586	-	192	113576214	91224
chr2	219078252	219278252	harbor2	chr2	219092311	219092685	DNA/hAT-Charlie	1685	-	187	219092498	14246
chr2	219078252	219278252	harbor2	chr2	219099199	219099416	DNA/hAT-Charlie	1059	-	108	219099307	21055
chr2	219078252	219278252	harbor2	chr2	219149745	219149962	DNA/hAT-Charlie	1244	-	108	219149853	71601
chr2	219078252	219278252	harbor2	chr2	219162720	219162940	DNA/hAT-Charlie	1172	-	110	219162830	84578
chr2	219078252	219278252	harbor2	chr2	219170801	219171348	DNA/hAT-Charlie	1551	-	274	219171075	92823
chr2	71056951	71256951	harbor2	chr2	71066670	71066963	DNA/hAT-Charlie	1035	-	146	71066816	9865
chr2	71056951	71256951	harbor2	chr2	71077864	71078081	DNA/hAT-Charlie	452	-	108	71077972	21021
chr2	71056951	71256951	harbor2	chr2	71139579	71139748	DNA/hAT-Charlie	836	-	84	71139663	82712
chr2	74426974	74626974	harbor2	chr2	74445213	74445406	DNA/hAT-Charlie	443	-	96	74445309	18335
chr2	238807569	239007569	harbor2	chr2	238898352	238898469	DNA/hAT-Charlie	453	-	58	238898410	90841
chr2	3909466	4109466	harbor2	chr2	3924059	3924572	DNA/hAT-Charlie	3637	-	256	3924315	14849
chr2	3909466	4109466	harbor2	chr2	3950172	3950334	DNA/hAT-Charlie	492	-	81	3950253	40787
chr2	3909466	4109466	harbor2	chr2	4005628	4006578	DNA/hAT-Charlie	2282	-	475	4006103	96637
chr2	3909466	4109466	harbor2	chr2	4006599	4006848	DNA/hAT-Charlie	484	-	124	4006723	97257
chr2	3909466	4109466	harbor2	chr2	4006856	4007022	DNA/hAT-Charlie	486	-	83	4006939	97473
chr2	113484950	113684950	harbor2	chr2	113524530	113524679	DNA/hAT-Charlie	749	-	74	113524604	39654
chr2	113484950	113684950	harbor2	chr2	113562237	113562397	DNA/hAT-Charlie	668	-	80	113562317	77367
chr2	113484950	113684950	harbor2	chr2	113576022	113576407	DNA/hAT-Charlie	1586	-	192	113576214	91264
chr2	152618727	152818727	harbor2	chr2	152646448	152646563	DNA/hAT-Charlie	503	-	58	152646506	27779
chr2	152618727	152818727	harbor2	chr2	152660890	152661040	DNA/hAT-Charlie	529	-	75	152660965	42238
chr2	152618727	152818727	harbor2	chr2	152666651	152666797	DNA/hAT-Charlie	529	-	73	152666724	47997
chr2	152618727	152818727	harbor2	chr2	152691394	152691607	DNA/hAT-Charlie	963	-	106	152691500	72773
chr2	152618727	152818727	harbor2	chr2	152666107	152666205	DNA/hAT-Charlie	487	-	49	152666156	47429
chr2	43459411	43659411	harbor2	chr2	43486641	43486924	DNA/hAT-Charlie	740	-	142	43486783	27372
chr2	6817447	7017447	harbor2	chr2	6892627	6892780	DNA/hAT-Charlie	491	-	76	6892703	75256
chr2	43055466	43255466	harbor2	chr2	43070520	43070718	DNA/hAT-Charlie	505	-	99	43070619	15153
chr2	43055466	43255466	harbor2	chr2	43126015	43126233	DNA/hAT-Charlie	1255	-	109	43126124	70658
chr2	85228038	85428038	harbor2	chr2	85239583	85239663	DNA/hAT-Charlie	934	-	40	85239623	11585
chr2	85228038	85428038	harbor2	chr2	85239976	85240192	DNA/hAT-Charlie	934	-	108	85240084	12046
chr2	85228038	85428038	harbor2	chr2	85248293	85248435	DNA/hAT-Charlie	642	-	71	85248364	20326
chr2	85228038	85428038	harbor2	chr2	85288244	85288343	DNA/hAT-Charlie	460	-	50	85288294	60256
chr2	85228038	85428038	harbor2	chr2	85293914	85294026	DNA/hAT-Charlie	490	-	56	85293970	65932
chr2	85228038	85428038	harbor2	chr2	85294396	85294507	DNA/hAT-Charlie	628	-	56	85294452	66414
chr2	169386758	169586758	harbor2	chr2	169390640	169390886	DNA/hAT-Charlie	479	-	123	169390763	4005
chr2	169386758	169586758	harbor2	chr2	169405802	169406001	DNA/hAT-Charlie	451	-	100	169405902	19144
chr2	169386758	169586758	harbor2	chr2	169461906	169462035	DNA/hAT-Charlie	498	-	64	169461970	75212
chr2	169386758	169586758	harbor2	chr2	169476828	169477134	DNA/hAT-Charlie	1296	-	153	169476981	90223
chr2	169386758	169586758	harbor2	chr2	169477445	169477549	DNA/hAT-Charlie	1296	-	52	169477497	90739
chr2	232387413	232587413	harbor2	chr2	232411580	232411631	DNA/hAT-Charlie	3950	-	26	232411606	24193
chr2	232387413	232587413	harbor2	chr2	232412241	232413803	DNA/hAT-Charlie	3950	-	781	232413022	25609
chr2	232387413	232587413	harbor2	chr2	232414100	232414449	DNA/hAT-Charlie	3950	-	174	232414274	26861
chr2	232387413	232587413	harbor2	chr2	232414768	232414973	DNA/hAT-Charlie	3950	-	102	232414870	27457
chr2	232387413	232587413	harbor2	chr2	232453144	232453328	DNA/hAT-Charlie	545	-	92	232453236	65823
chr2	232387413	232587413	harbor2	chr2	232460934	232461252	DNA/hAT-Charlie	501	-	159	232461093	73680
chr2	232387413	232587413	harbor2	chr2	232462289	232463506	DNA/hAT-Charlie	3374	-	608	232462897	75484
chr2	232387413	232587413	harbor2	chr2	232463804	232463899	DNA/hAT-Charlie	3374	-	48	232463852	76439
chr2	219078268	219278268	harbor2	chr2	219092311	219092685	DNA/hAT-Charlie	1685	-	187	219092498	14230
chr2	219078268	219278268	harbor2	chr2	219099199	219099416	DNA/hAT-Charlie	1059	-	108	219099307	21039
chr2	219078268	219278268	harbor2	chr2	219149745	219149962	DNA/hAT-Charlie	1244	-	108	219149853	71585
chr2	219078268	219278268	harbor2	chr2	219162720	219162940	DNA/hAT-Charlie	1172	-	110	219162830	84562
chr2	219078268	219278268	harbor2	chr2	219170801	219171348	DNA/hAT-Charlie	1551	-	274	219171075	92807
chr2	86515479	86715479	harbor2	chr2	86518574	86518796	DNA/hAT-Charlie	1200	-	111	86518685	3206
chr2	86515479	86715479	harbor2	chr2	86525209	86525465	DNA/hAT-Charlie	577	-	128	86525337	9858
chr2	86515479	86715479	harbor2	chr2	86562317	86562465	DNA/hAT-Charlie	706	-	74	86562391	46912
chr2	46271422	46471422	harbor2	chr2	46322422	46322611	DNA/hAT-Charlie	1049	-	94	46322516	51094
chr2	190914208	191114208	harbor2	chr2	190922050	190922218	DNA/hAT-Charlie	771	-	84	190922134	7926
chr2	237919027	238119027	harbor2	chr2	238009795	238010168	DNA/hAT-Charlie	869	-	186	238009981	90954
chr2	237919027	238119027	harbor2	chr2	238010471	238010563	DNA/hAT-Charlie	869	-	46	238010517	91490
chr2	237919027	238119027	harbor2	chr2	238011590	238011883	DNA/hAT-Charlie	1993	-	146	238011736	92709
chr2	237919027	238119027	harbor2	chr2	238012181	238012692	DNA/hAT-Charlie	1993	-	256	238012437	93410
chr2	237919027	238119027	harbor2	chr2	238012767	238012993	DNA/hAT-Charlie	593	-	113	238012880	93853
chr2	237919027	238119027	harbor2	chr2	238013291	238013694	DNA/hAT-Charlie	593	-	202	238013493	94466
chr2	43055483	43255483	harbor2	chr2	43070520	43070718	DNA/hAT-Charlie	505	-	99	43070619	15136
chr2	43055483	43255483	harbor2	chr2	43126015	43126233	DNA/hAT-Charlie	1255	-	109	43126124	70641
chr2	239858832	240058832	harbor2	chr2	239940087	239940288	DNA/hAT-Charlie	951	-	100	239940187	81355
chr2	239858832	240058832	harbor2	chr2	239942233	239942410	DNA/hAT-Charlie	574	-	88	239942321	83489
chr2	219078246	219278246	harbor2	chr2	219092311	219092685	DNA/hAT-Charlie	1685	-	187	219092498	14252
chr2	219078246	219278246	harbor2	chr2	219099199	219099416	DNA/hAT-Charlie	1059	-	108	219099307	21061
chr2	219078246	219278246	harbor2	chr2	219149745	219149962	DNA/hAT-Charlie	1244	-	108	219149853	71607
chr2	219078246	219278246	harbor2	chr2	219162720	219162940	DNA/hAT-Charlie	1172	-	110	219162830	84584
chr2	219078246	219278246	harbor2	chr2	219170801	219171348	DNA/hAT-Charlie	1551	-	274	219171075	92829
chr2	26950619	27150619	harbor2	chr2	26960073	26960192	DNA/hAT-Charlie	675	-	60	26960133	9514
chr2	26950619	27150619	harbor2	chr2	26965832	26966004	DNA/hAT-Charlie	539	-	86	26965918	15299
chr2	26950619	27150619	harbor2	chr2	26995056	26995206	DNA/hAT-Charlie	894	-	75	26995131	44512
chr2	26950619	27150619	harbor2	chr2	26997130	26997253	DNA/hAT-Charlie	1891	-	62	26997192	46573
chr2	26950619	27150619	harbor2	chr2	26997473	26997678	DNA/hAT-Charlie	1891	-	102	26997575	46956
chr2	26950619	27150619	harbor2	chr2	27020311	27020528	DNA/hAT-Charlie	542	-	108	27020419	69800
chr2	168551031	168751031	harbor2	chr2	168563114	168563235	DNA/hAT-Charlie	570	-	60	168563174	12143
chr2	168551031	168751031	harbor2	chr2	168566414	168566972	DNA/hAT-Charlie	777	-	279	168566693	15662
chr2	168551031	168751031	harbor2	chr2	168567343	168567648	DNA/hAT-Charlie	1235	-	152	168567495	16464
chr2	168551031	168751031	harbor2	chr2	168567936	168568162	DNA/hAT-Charlie	830	-	113	168568049	17018
chr2	168551031	168751031	harbor2	chr2	168622159	168622380	DNA/hAT-Charlie	1528	-	110	168622269	71238
chr2	42261218	42461218	harbor2	chr2	42275071	42275369	DNA/hAT-Charlie	1070	-	149	42275220	14002
chr2	42261218	42461218	harbor2	chr2	42344056	42344570	DNA/hAT-Charlie	2007	-	257	42344313	83095
chr2	42261218	42461218	harbor2	chr2	42344864	42345100	DNA/hAT-Charlie	2007	-	118	42344982	83764
chr2	42261218	42461218	harbor2	chr2	42345405	42345517	DNA/hAT-Charlie	2007	-	56	42345461	84243
chr2	127929061	128129061	harbor2	chr2	127990583	127990659	DNA/hAT-Charlie	1595	-	38	127990621	61560
chr2	127929061	128129061	harbor2	chr2	127991259	127991345	DNA/hAT-Charlie	1595	-	43	127991302	62241
chr2	127929061	128129061	harbor2	chr2	128013243	128013619	DNA/hAT-Charlie	828	-	188	128013431	84370
chr2	127929061	128129061	harbor2	chr2	128025179	128025369	DNA/hAT-Charlie	963	-	95	128025274	96213
chr2	127929061	128129061	harbor2	chr2	127991632	127991914	DNA/hAT-Charlie	1595	-	141	127991773	62712
chr2	87467266	87667266	harbor2	chr2	87515972	87516130	DNA/hAT-Charlie	649	-	79	87516051	48785
chr2	87467266	87667266	harbor2	chr2	87523898	87523941	DNA/hAT-Charlie	468	-	22	87523920	56654
chr2	87467266	87667266	harbor2	chr2	87535547	87535766	DNA/hAT-Charlie	1114	-	110	87535657	68391
chr2	200603208	200803208	harbor2	chr2	200639007	200639214	DNA/hAT-Charlie	1186	-	104	200639111	35903
chr2	200603208	200803208	harbor2	chr2	200641433	200641562	DNA/hAT-Charlie	634	-	64	200641497	38289
chr2	200603208	200803208	harbor2	chr2	200641834	200641860	DNA/hAT-Charlie	634	-	13	200641847	38639
chr2	200603208	200803208	harbor2	chr2	200642139	200642232	DNA/hAT-Charlie	634	-	46	200642185	38977
chr2	200603208	200803208	harbor2	chr2	200698487	200699002	DNA/hAT-Charlie	2056	-	258	200698745	95537
chr2	200603208	200803208	harbor2	chr2	200699673	200700086	DNA/hAT-Charlie	612	-	206	200699879	96671
chr2	111955657	112155657	harbor2	chr2	111959796	111959906	DNA/hAT-Charlie	569	-	55	111959851	4194
chr2	111955657	112155657	harbor2	chr2	111959891	111960141	DNA/hAT-Charlie	942	-	125	111960016	4359
chr2	111955657	112155657	harbor2	chr2	111987668	111987813	DNA/hAT-Charlie	498	-	72	111987740	32083
chr2	111955657	112155657	harbor2	chr2	112027859	112028062	DNA/hAT-Charlie	1129	-	102	112027961	72304
chr2	113497566	113697566	harbor2	chr2	113524530	113524679	DNA/hAT-Charlie	749	-	74	113524604	27038
chr2	113497566	113697566	harbor2	chr2	113562237	113562397	DNA/hAT-Charlie	668	-	80	113562317	64751
chr2	113497566	113697566	harbor2	chr2	113576022	113576407	DNA/hAT-Charlie	1586	-	192	113576214	78648
chr2	113497566	113697566	harbor2	chr2	113585923	113586172	DNA/hAT-Charlie	1322	-	124	113586047	88481
chr2	86976784	87176784	harbor2	chr2	86989844	86989901	DNA/hAT-Charlie	1025	-	28	86989872	13088
chr2	86976784	87176784	harbor2	chr2	86990052	86990365	DNA/hAT-Charlie	1025	-	156	86990208	13424
chr2	86976784	87176784	harbor2	chr2	87056392	87056732	DNA/hAT-Charlie	2117	-	170	87056562	79778
chr2	86976784	87176784	harbor2	chr2	87057442	87057549	DNA/hAT-Charlie	538	-	54	87057496	80712
chr2	152618540	152818540	harbor2	chr2	152646448	152646563	DNA/hAT-Charlie	503	-	58	152646506	27966
chr2	152618540	152818540	harbor2	chr2	152660890	152661040	DNA/hAT-Charlie	529	-	75	152660965	42425
chr2	152618540	152818540	harbor2	chr2	152666651	152666797	DNA/hAT-Charlie	529	-	73	152666724	48184
chr2	152618540	152818540	harbor2	chr2	152691394	152691607	DNA/hAT-Charlie	963	-	106	152691500	72960
chr2	152618540	152818540	harbor2	chr2	152666107	152666205	DNA/hAT-Charlie	487	-	49	152666156	47616
chr2	26957456	27157456	harbor2	chr2	26960073	26960192	DNA/hAT-Charlie	675	-	60	26960133	2677
chr2	26957456	27157456	harbor2	chr2	26965832	26966004	DNA/hAT-Charlie	539	-	86	26965918	8462
chr2	26957456	27157456	harbor2	chr2	26995056	26995206	DNA/hAT-Charlie	894	-	75	26995131	37675
chr2	26957456	27157456	harbor2	chr2	26997130	26997253	DNA/hAT-Charlie	1891	-	62	26997192	39736
chr2	26957456	27157456	harbor2	chr2	26997473	26997678	DNA/hAT-Charlie	1891	-	102	26997575	40119
chr2	26957456	27157456	harbor2	chr2	27020311	27020528	DNA/hAT-Charlie	542	-	108	27020419	62963
chr2	74415881	74615881	harbor2	chr2	74445213	74445406	DNA/hAT-Charlie	443	-	96	74445309	29428
chr2	120748875	120948875	harbor2	chr2	120792239	120792459	DNA/hAT-Charlie	605	-	110	120792349	43474
chr2	120748875	120948875	harbor2	chr2	120816126	120816192	DNA/hAT-Charlie	2061	-	33	120816159	67284
chr2	120748875	120948875	harbor2	chr2	120816495	120817022	DNA/hAT-Charlie	2061	-	264	120816759	67884
chr2	120748875	120948875	harbor2	chr2	120844135	120844341	DNA/hAT-Charlie	761	-	103	120844238	95363
chr2	120748875	120948875	harbor2	chr2	120782658	120782863	DNA/hAT-Charlie	1011	-	102	120782760	33885
chr2	203717178	203917178	harbor2	chr2	203722948	203723116	DNA/hAT-Charlie	524	-	84	203723032	5854
chr2	203717178	203917178	harbor2	chr2	203728857	203729039	DNA/hAT-Charlie	502	-	91	203728948	11770
chr2	203717178	203917178	harbor2	chr2	203733183	203733320	DNA/hAT-Charlie	766	-	68	203733251	16073
chr2	203717178	203917178	harbor2	chr2	203742015	203742352	DNA/hAT-Charlie	1686	-	168	203742183	25005
chr2	219343736	219543736	harbor2	chr2	219381606	219381754	DNA/hAT-Charlie	504	-	74	219381680	37944
chr2	219343736	219543736	harbor2	chr2	219393057	219393276	DNA/hAT-Charlie	1517	-	110	219393167	49431
chr2	219343736	219543736	harbor2	chr2	219399383	219399543	DNA/hAT-Charlie	458	-	80	219399463	55727
chr2	74427953	74627953	harbor2	chr2	74445213	74445406	DNA/hAT-Charlie	443	-	96	74445309	17356
chr2	26950608	27150608	harbor2	chr2	26960073	26960192	DNA/hAT-Charlie	675	-	60	26960133	9525
chr2	26950608	27150608	harbor2	chr2	26965832	26966004	DNA/hAT-Charlie	539	-	86	26965918	15310
chr2	26950608	27150608	harbor2	chr2	26995056	26995206	DNA/hAT-Charlie	894	-	75	26995131	44523
chr2	26950608	27150608	harbor2	chr2	26997130	26997253	DNA/hAT-Charlie	1891	-	62	26997192	46584
chr2	26950608	27150608	harbor2	chr2	26997473	26997678	DNA/hAT-Charlie	1891	-	102	26997575	46967
chr2	26950608	27150608	harbor2	chr2	27020311	27020528	DNA/hAT-Charlie	542	-	108	27020419	69811
chr2	232394713	232594713	harbor2	chr2	232411580	232411631	DNA/hAT-Charlie	3950	-	26	232411606	16893
chr2	232394713	232594713	harbor2	chr2	232412241	232413803	DNA/hAT-Charlie	3950	-	781	232413022	18309
chr2	232394713	232594713	harbor2	chr2	232414100	232414449	DNA/hAT-Charlie	3950	-	174	232414274	19561
chr2	232394713	232594713	harbor2	chr2	232414768	232414973	DNA/hAT-Charlie	3950	-	102	232414870	20157
chr2	232394713	232594713	harbor2	chr2	232453144	232453328	DNA/hAT-Charlie	545	-	92	232453236	58523
chr2	232394713	232594713	harbor2	chr2	232460934	232461252	DNA/hAT-Charlie	501	-	159	232461093	66380
chr2	232394713	232594713	harbor2	chr2	232462289	232463506	DNA/hAT-Charlie	3374	-	608	232462897	68184
chr2	232394713	232594713	harbor2	chr2	232463804	232463899	DNA/hAT-Charlie	3374	-	48	232463852	69139
chr2	240592789	240792789	harbor2	chr2	240622429	240622631	DNA/hAT-Charlie	1298	-	101	240622530	29741
chr2	56085624	56285624	harbor2	chr2	56120094	56120222	DNA/hAT-Charlie	449	-	64	56120158	34534
chr2	56085624	56285624	harbor2	chr2	56148246	56148466	DNA/hAT-Charlie	1198	-	110	56148356	62732
chr2	56085624	56285624	harbor2	chr2	56166301	56166377	DNA/hAT-Charlie	466	-	38	56166339	80715
chr2	56085624	56285624	harbor2	chr2	56171299	56171447	DNA/hAT-Charlie	767	-	74	56171373	85749
chr2	56148544	56348544	harbor2	chr2	56166301	56166377	DNA/hAT-Charlie	466	-	38	56166339	17795
chr2	56148544	56348544	harbor2	chr2	56171299	56171447	DNA/hAT-Charlie	767	-	74	56171373	22829
chr2	56148544	56348544	harbor2	chr2	56197200	56197416	DNA/hAT-Charlie	883	-	108	56197308	48764
chr2	56148544	56348544	harbor2	chr2	56197425	56197603	DNA/hAT-Charlie	535	-	89	56197514	48970
chr2	56148544	56348544	harbor2	chr2	56223245	56223457	DNA/hAT-Charlie	907	-	106	56223351	74807
chr2	56148544	56348544	harbor2	chr2	56233430	56233700	DNA/hAT-Charlie	605	-	135	56233565	85021
chr2	6845395	7045395	harbor2	chr2	6892627	6892780	DNA/hAT-Charlie	491	-	76	6892703	47308
chr2	130084190	130284190	harbor2	chr2	130174515	130174737	DNA/hAT-Charlie	1024	-	111	130174626	90436
chr2	162740814	162940814	harbor2	chr2	162760325	162760514	DNA/hAT-Charlie	497	-	94	162760419	19605
chr2	162740814	162940814	harbor2	chr2	162801998	162802176	DNA/hAT-Charlie	832	-	89	162802087	61273
chr2	162740814	162940814	harbor2	chr2	162802548	162802813	DNA/hAT-Charlie	920	-	132	162802680	61866
chr2	27272823	27472823	harbor2	chr2	27289155	27289285	DNA/hAT-Charlie	474	-	65	27289220	16397
chr2	27272823	27472823	harbor2	chr2	27290254	27290386	DNA/hAT-Charlie	1039	-	66	27290320	17497
chr2	27272823	27472823	harbor2	chr2	27290669	27290784	DNA/hAT-Charlie	1039	-	58	27290727	17904
chr2	27272823	27472823	harbor2	chr2	27290982	27291071	DNA/hAT-Charlie	705	-	44	27291026	18203
chr2	27272823	27472823	harbor2	chr2	27291381	27291576	DNA/hAT-Charlie	705	-	98	27291479	18656
chr2	26246115	26446115	harbor2	chr2	26246230	26246347	DNA/hAT-Charlie	476	-	58	26246288	173
chr2	26246115	26446115	harbor2	chr2	26246641	26246688	DNA/hAT-Charlie	476	-	24	26246665	550
chr2	26246115	26446115	harbor2	chr2	26287736	26287921	DNA/hAT-Charlie	794	-	92	26287828	41713
chr2	26246115	26446115	harbor2	chr2	26314997	26315283	DNA/hAT-Charlie	1063	-	143	26315140	69025
chr2	26403683	26603683	harbor2	chr2	26404112	26404190	DNA/hAT-Charlie	1468	-	39	26404151	468
chr2	26403683	26603683	harbor2	chr2	26411208	26411516	DNA/hAT-Charlie	1400	-	154	26411362	7679
chr2	26403683	26603683	harbor2	chr2	26467850	26468129	DNA/hAT-Charlie	669	-	140	26467990	64307
chr2	74272719	74472719	harbor2	chr2	74324419	74324563	DNA/hAT-Charlie	827	-	72	74324491	51772
chr2	74272719	74472719	harbor2	chr2	74354433	74354771	DNA/hAT-Charlie	2149	-	169	74354602	81883
chr2	207669644	207869644	harbor2	chr2	207737722	207737818	DNA/hAT-Charlie	562	-	48	207737770	68126
chr2	207669644	207869644	harbor2	chr2	207737859	207738012	DNA/hAT-Charlie	3605	-	76	207737935	68291
chr2	207669644	207869644	harbor2	chr2	207738079	207738208	DNA/hAT-Charlie	3605	-	64	207738143	68499
chr2	207669644	207869644	harbor2	chr2	207738521	207738711	DNA/hAT-Charlie	3605	-	95	207738616	68972
chr2	207669644	207869644	harbor2	chr2	207739020	207739230	DNA/hAT-Charlie	3605	-	105	207739125	69481
chr2	207669644	207869644	harbor2	chr2	207739530	207740094	DNA/hAT-Charlie	3605	-	282	207739812	70168
chr2	74415899	74615899	harbor2	chr2	74445213	74445406	DNA/hAT-Charlie	443	-	96	74445309	29410
chr2	46225653	46425653	harbor2	chr2	46322422	46322611	DNA/hAT-Charlie	1049	-	94	46322516	96863
chr2	219497764	219697764	harbor2	chr2	219520772	219521001	DNA/hAT-Charlie	530	-	114	219520886	23122
chr2	219497764	219697764	harbor2	chr2	219561753	219562075	DNA/hAT-Charlie	1018	-	161	219561914	64150
chr2	219081092	219281092	harbor2	chr2	219092311	219092685	DNA/hAT-Charlie	1685	-	187	219092498	11406
chr2	219081092	219281092	harbor2	chr2	219099199	219099416	DNA/hAT-Charlie	1059	-	108	219099307	18215
chr2	219081092	219281092	harbor2	chr2	219149745	219149962	DNA/hAT-Charlie	1244	-	108	219149853	68761
chr2	219081092	219281092	harbor2	chr2	219162720	219162940	DNA/hAT-Charlie	1172	-	110	219162830	81738
chr2	219081092	219281092	harbor2	chr2	219170801	219171348	DNA/hAT-Charlie	1551	-	274	219171075	89983
chr2	160417009	160617009	harbor2	chr2	160457644	160457873	DNA/hAT-Charlie	519	-	114	160457758	40749
chr2	160417009	160617009	harbor2	chr2	160510456	160510649	DNA/hAT-Charlie	844	-	96	160510552	93543
chr2	219116633	219316633	harbor2	chr2	219149745	219149962	DNA/hAT-Charlie	1244	-	108	219149853	33220
chr2	219116633	219316633	harbor2	chr2	219162720	219162940	DNA/hAT-Charlie	1172	-	110	219162830	46197
chr2	219116633	219316633	harbor2	chr2	219170801	219171348	DNA/hAT-Charlie	1551	-	274	219171075	54442
chr2	28765454	28965454	harbor2	chr2	28765177	28765634	DNA/hAT-Charlie	8922	-	228	28765405	49
chr2	28765454	28965454	harbor2	chr2	28765931	28766801	DNA/hAT-Charlie	8922	-	435	28766366	912
chr2	28765454	28965454	harbor2	chr2	28767095	28767877	DNA/hAT-Charlie	8922	-	391	28767486	2032
chr2	219078263	219278263	harbor2	chr2	219092311	219092685	DNA/hAT-Charlie	1685	-	187	219092498	14235
chr2	219078263	219278263	harbor2	chr2	219099199	219099416	DNA/hAT-Charlie	1059	-	108	219099307	21044
chr2	219078263	219278263	harbor2	chr2	219149745	219149962	DNA/hAT-Charlie	1244	-	108	219149853	71590
chr2	219078263	219278263	harbor2	chr2	219162720	219162940	DNA/hAT-Charlie	1172	-	110	219162830	84567
chr2	219078263	219278263	harbor2	chr2	219170801	219171348	DNA/hAT-Charlie	1551	-	274	219171075	92812
chr2	3169197	3369197	harbor2	chr2	3233901	3234104	DNA/hAT-Charlie	748	-	102	3234003	64806
chr2	53795907	53995907	harbor2	chr2	53891286	53891437	DNA/hAT-Charlie	603	-	76	53891362	95455
chr2	70826505	71026505	harbor2	chr2	70915858	70916102	DNA/hAT-Charlie	468	-	122	70915980	89475
chr2	219169703	219369703	harbor2	chr2	219170801	219171348	DNA/hAT-Charlie	1551	-	274	219171075	1372
chr2	74372415	74572415	harbor2	chr2	74394053	74394421	DNA/hAT-Charlie	2434	-	184	74394237	21822
chr2	74372415	74572415	harbor2	chr2	74396077	74396312	DNA/hAT-Charlie	1131	-	118	74396195	23780
chr2	74372415	74572415	harbor2	chr2	74396555	74396682	DNA/hAT-Charlie	695	-	64	74396619	24204
chr2	74372415	74572415	harbor2	chr2	74445213	74445406	DNA/hAT-Charlie	443	-	96	74445309	72894
chr2	240348203	240548203	harbor2	chr2	240368128	240368361	DNA/hAT-Charlie	1406	-	116	240368244	20041
chr2	26950206	27150206	harbor2	chr2	26960073	26960192	DNA/hAT-Charlie	675	-	60	26960133	9927
chr2	26950206	27150206	harbor2	chr2	26965832	26966004	DNA/hAT-Charlie	539	-	86	26965918	15712
chr2	26950206	27150206	harbor2	chr2	26995056	26995206	DNA/hAT-Charlie	894	-	75	26995131	44925
chr2	26950206	27150206	harbor2	chr2	26997130	26997253	DNA/hAT-Charlie	1891	-	62	26997192	46986
chr2	26950206	27150206	harbor2	chr2	26997473	26997678	DNA/hAT-Charlie	1891	-	102	26997575	47369
chr2	26950206	27150206	harbor2	chr2	27020311	27020528	DNA/hAT-Charlie	542	-	108	27020419	70213
chr2	111955694	112155694	harbor2	chr2	111959796	111959906	DNA/hAT-Charlie	569	-	55	111959851	4157
chr2	111955694	112155694	harbor2	chr2	111959891	111960141	DNA/hAT-Charlie	942	-	125	111960016	4322
chr2	111955694	112155694	harbor2	chr2	111987668	111987813	DNA/hAT-Charlie	498	-	72	111987740	32046
chr2	111955694	112155694	harbor2	chr2	112027859	112028062	DNA/hAT-Charlie	1129	-	102	112027961	72267
chr2	26416022	26616022	harbor2	chr2	26467850	26468129	DNA/hAT-Charlie	669	-	140	26467990	51968
chr2	219078270	219278270	harbor2	chr2	219092311	219092685	DNA/hAT-Charlie	1685	-	187	219092498	14228
chr2	219078270	219278270	harbor2	chr2	219099199	219099416	DNA/hAT-Charlie	1059	-	108	219099307	21037
chr2	219078270	219278270	harbor2	chr2	219149745	219149962	DNA/hAT-Charlie	1244	-	108	219149853	71583
chr2	219078270	219278270	harbor2	chr2	219162720	219162940	DNA/hAT-Charlie	1172	-	110	219162830	84560
chr2	219078270	219278270	harbor2	chr2	219170801	219171348	DNA/hAT-Charlie	1551	-	274	219171075	92805
chr2	120666618	120866618	harbor2	chr2	120683366	120683540	DNA/hAT-Charlie	442	-	87	120683453	16835
chr2	120666618	120866618	harbor2	chr2	120701763	120701958	DNA/hAT-Charlie	726	-	98	120701861	35243
chr2	120666618	120866618	harbor2	chr2	120702124	120702308	DNA/hAT-Charlie	857	-	92	120702216	35598
chr2	120666618	120866618	harbor2	chr2	120709923	120710098	DNA/hAT-Charlie	624	-	88	120710011	43393
chr2	120666618	120866618	harbor2	chr2	120725301	120725646	DNA/hAT-Charlie	1529	-	172	120725473	58855
chr2	152619118	152819118	harbor2	chr2	152646448	152646563	DNA/hAT-Charlie	503	-	58	152646506	27388
chr2	152619118	152819118	harbor2	chr2	152660890	152661040	DNA/hAT-Charlie	529	-	75	152660965	41847
chr2	152619118	152819118	harbor2	chr2	152666651	152666797	DNA/hAT-Charlie	529	-	73	152666724	47606
chr2	152619118	152819118	harbor2	chr2	152691394	152691607	DNA/hAT-Charlie	963	-	106	152691500	72382
chr2	152619118	152819118	harbor2	chr2	152666107	152666205	DNA/hAT-Charlie	487	-	49	152666156	47038
chr2	217616860	217816860	harbor2	chr2	217619964	217620279	DNA/hAT-Charlie	856	-	158	217620122	3262
chr2	217616860	217816860	harbor2	chr2	217626388	217626625	DNA/hAT-Charlie	503	-	118	217626506	9646
chr2	217616860	217816860	harbor2	chr2	217643385	217643578	DNA/hAT-Charlie	718	-	96	217643481	26621
chr2	217616860	217816860	harbor2	chr2	217670554	217670756	DNA/hAT-Charlie	858	-	101	217670655	53795
chr2	26950220	27150220	harbor2	chr2	26960073	26960192	DNA/hAT-Charlie	675	-	60	26960133	9913
chr2	26950220	27150220	harbor2	chr2	26965832	26966004	DNA/hAT-Charlie	539	-	86	26965918	15698
chr2	26950220	27150220	harbor2	chr2	26995056	26995206	DNA/hAT-Charlie	894	-	75	26995131	44911
chr2	26950220	27150220	harbor2	chr2	26997130	26997253	DNA/hAT-Charlie	1891	-	62	26997192	46972
chr2	26950220	27150220	harbor2	chr2	26997473	26997678	DNA/hAT-Charlie	1891	-	102	26997575	47355
chr2	26950220	27150220	harbor2	chr2	27020311	27020528	DNA/hAT-Charlie	542	-	108	27020419	70199
chr2	44379608	44579608	harbor2	chr2	44436477	44436683	DNA/hAT-Charlie	892	-	103	44436580	56972
chr2	44379608	44579608	harbor2	chr2	44440508	44440726	DNA/hAT-Charlie	642	-	109	44440617	61009
chr2	26950698	27150698	harbor2	chr2	26960073	26960192	DNA/hAT-Charlie	675	-	60	26960133	9435
chr2	26950698	27150698	harbor2	chr2	26965832	26966004	DNA/hAT-Charlie	539	-	86	26965918	15220
chr2	26950698	27150698	harbor2	chr2	26995056	26995206	DNA/hAT-Charlie	894	-	75	26995131	44433
chr2	26950698	27150698	harbor2	chr2	26997130	26997253	DNA/hAT-Charlie	1891	-	62	26997192	46494
chr2	26950698	27150698	harbor2	chr2	26997473	26997678	DNA/hAT-Charlie	1891	-	102	26997575	46877
chr2	26950698	27150698	harbor2	chr2	27020311	27020528	DNA/hAT-Charlie	542	-	108	27020419	69721
chr2	26969295	27169295	harbor2	chr2	26995056	26995206	DNA/hAT-Charlie	894	-	75	26995131	25836
chr2	26969295	27169295	harbor2	chr2	26997130	26997253	DNA/hAT-Charlie	1891	-	62	26997192	27897
chr2	26969295	27169295	harbor2	chr2	26997473	26997678	DNA/hAT-Charlie	1891	-	102	26997575	28280
chr2	26969295	27169295	harbor2	chr2	27020311	27020528	DNA/hAT-Charlie	542	-	108	27020419	51124
chr2	111956912	112156912	harbor2	chr2	111959796	111959906	DNA/hAT-Charlie	569	-	55	111959851	2939
chr2	111956912	112156912	harbor2	chr2	111959891	111960141	DNA/hAT-Charlie	942	-	125	111960016	3104
chr2	111956912	112156912	harbor2	chr2	111987668	111987813	DNA/hAT-Charlie	498	-	72	111987740	30828
chr2	111956912	112156912	harbor2	chr2	112027859	112028062	DNA/hAT-Charlie	1129	-	102	112027961	71049
chr2	43173998	43373998	harbor2	chr2	43186443	43186533	DNA/hAT-Charlie	445	-	45	43186488	12490
chr2	43173998	43373998	harbor2	chr2	43233301	43233586	DNA/hAT-Charlie	1395	-	142	43233443	59445
chr2	48215708	48415708	harbor2	chr2	48233085	48233275	DNA/hAT-Charlie	916	-	95	48233180	17472
chr2	48215708	48415708	harbor2	chr2	48304230	48304261	DNA/hAT-Charlie	549	-	16	48304246	88538
chr2	48215708	48415708	harbor2	chr2	48304711	48304781	DNA/hAT-Charlie	549	-	35	48304746	89038
chr2	48215708	48415708	harbor2	chr2	48305095	48305173	DNA/hAT-Charlie	549	-	39	48305134	89426
chr2	48215708	48415708	harbor2	chr2	48306485	48306700	DNA/hAT-Charlie	1065	-	108	48306593	90885
chr2	26982677	27182677	harbor2	chr2	26995056	26995206	DNA/hAT-Charlie	894	-	75	26995131	12454
chr2	26982677	27182677	harbor2	chr2	26997130	26997253	DNA/hAT-Charlie	1891	-	62	26997192	14515
chr2	26982677	27182677	harbor2	chr2	26997473	26997678	DNA/hAT-Charlie	1891	-	102	26997575	14898
chr2	26982677	27182677	harbor2	chr2	27020311	27020528	DNA/hAT-Charlie	542	-	108	27020419	37742
chr2	148421838	148621838	harbor2	chr2	148447564	148447876	DNA/hAT-Charlie	916	-	156	148447720	25882
chr2	148421838	148621838	harbor2	chr2	148467043	148467220	DNA/hAT-Charlie	465	-	88	148467131	45293
chr2	148421838	148621838	harbor2	chr2	148511439	148511686	DNA/hAT-Charlie	493	-	124	148511563	89725
chr2	148421838	148621838	harbor2	chr2	148517430	148517596	DNA/hAT-Charlie	877	-	83	148517513	95675
chr2	148421838	148621838	harbor2	chr2	148455412	148455589	DNA/hAT-Charlie	664	-	88	148455500	33662
chr2	65025318	65225318	harbor2	chr2	65059719	65059880	DNA/hAT-Charlie	745	-	80	65059799	34481
chr2	65025318	65225318	harbor2	chr2	65074908	65075051	DNA/hAT-Charlie	674	-	72	65074980	49662
chr2	65025318	65225318	harbor2	chr2	65079246	65079438	DNA/hAT-Charlie	940	-	96	65079342	54024
chr2	65025318	65225318	harbor2	chr2	65102368	65102647	DNA/hAT-Charlie	983	-	140	65102508	77190
chr2	65025318	65225318	harbor2	chr2	65102943	65103061	DNA/hAT-Charlie	983	-	59	65103002	77684
chr2	65025318	65225318	harbor2	chr2	65103318	65103738	DNA/hAT-Charlie	1127	-	210	65103528	78210
chr2	219501939	219701939	harbor2	chr2	219520772	219521001	DNA/hAT-Charlie	530	-	114	219520886	18947
chr2	219501939	219701939	harbor2	chr2	219561753	219562075	DNA/hAT-Charlie	1018	-	161	219561914	59975
chr2	217119672	217319672	harbor2	chr2	217172273	217172418	DNA/hAT-Charlie	579	-	72	217172345	52673
chr2	217119672	217319672	harbor2	chr2	217198226	217198333	DNA/hAT-Charlie	465	-	54	217198280	78608
chr2	113484926	113684926	harbor2	chr2	113524530	113524679	DNA/hAT-Charlie	749	-	74	113524604	39678
chr2	113484926	113684926	harbor2	chr2	113562237	113562397	DNA/hAT-Charlie	668	-	80	113562317	77391
chr2	113484926	113684926	harbor2	chr2	113576022	113576407	DNA/hAT-Charlie	1586	-	192	113576214	91288
chr2	218180022	218380022	harbor2	chr2	218211841	218211984	DNA/hAT-Charlie	822	-	72	218211913	31891
chr2	218180022	218380022	harbor2	chr2	218220321	218220511	DNA/hAT-Charlie	849	-	95	218220416	40394
chr2	113619441	113819441	harbor2	chr2	113702007	113702174	DNA/hAT-Charlie	894	-	84	113702091	82650
chr2	95821397	96021397	harbor2	chr2	95849444	95849968	DNA/hAT-Charlie	3459	-	262	95849706	28309
chr2	219078284	219278284	harbor2	chr2	219092311	219092685	DNA/hAT-Charlie	1685	-	187	219092498	14214
chr2	219078284	219278284	harbor2	chr2	219099199	219099416	DNA/hAT-Charlie	1059	-	108	219099307	21023
chr2	219078284	219278284	harbor2	chr2	219149745	219149962	DNA/hAT-Charlie	1244	-	108	219149853	71569
chr2	219078284	219278284	harbor2	chr2	219162720	219162940	DNA/hAT-Charlie	1172	-	110	219162830	84546
chr2	219078284	219278284	harbor2	chr2	219170801	219171348	DNA/hAT-Charlie	1551	-	274	219171075	92791
chr2	219387359	219587359	harbor2	chr2	219393057	219393276	DNA/hAT-Charlie	1517	-	110	219393167	5808
chr2	219387359	219587359	harbor2	chr2	219399383	219399543	DNA/hAT-Charlie	458	-	80	219399463	12104
chr2	219387359	219587359	harbor2	chr2	219474769	219474792	DNA/hAT-Charlie	804	-	12	219474781	87422
chr2	219387359	219587359	harbor2	chr2	219475085	219475402	DNA/hAT-Charlie	804	-	158	219475243	87884
chr2	219387359	219587359	harbor2	chr2	219476042	219476182	DNA/hAT-Charlie	505	-	70	219476112	88753
chr2	26246633	26446633	harbor2	chr2	26246641	26246688	DNA/hAT-Charlie	476	-	24	26246665	32
chr2	26246633	26446633	harbor2	chr2	26287736	26287921	DNA/hAT-Charlie	794	-	92	26287828	41195
chr2	26246633	26446633	harbor2	chr2	26314997	26315283	DNA/hAT-Charlie	1063	-	143	26315140	68507
chr2	157738652	157938652	harbor2	chr2	157797072	157797203	DNA/hAT-Charlie	466	-	66	157797138	58486
chr2	157738652	157938652	harbor2	chr2	157803743	157804119	DNA/hAT-Charlie	904	-	188	157803931	65279
chr2	219118932	219318932	harbor2	chr2	219149745	219149962	DNA/hAT-Charlie	1244	-	108	219149853	30921
chr2	219118932	219318932	harbor2	chr2	219162720	219162940	DNA/hAT-Charlie	1172	-	110	219162830	43898
chr2	219118932	219318932	harbor2	chr2	219170801	219171348	DNA/hAT-Charlie	1551	-	274	219171075	52143
chr2	144379701	144579701	harbor2	chr2	144467399	144467583	DNA/hAT-Charlie	481	-	92	144467491	87790
chr2	159046393	159246393	harbor2	chr2	159104328	159104495	DNA/hAT-Charlie	641	-	84	159104412	58019
chr2	159046393	159246393	harbor2	chr2	159115529	159115701	DNA/hAT-Charlie	466	-	86	159115615	69222
chr2	159046393	159246393	harbor2	chr2	159116523	159116730	DNA/hAT-Charlie	1204	-	104	159116627	70234
chr2	105442419	105642419	harbor2	chr2	105485926	105486019	DNA/hAT-Charlie	479	-	46	105485972	43553
chr2	105442419	105642419	harbor2	chr2	105504130	105504361	DNA/hAT-Charlie	701	-	116	105504246	61827
chr2	113484846	113684846	harbor2	chr2	113524530	113524679	DNA/hAT-Charlie	749	-	74	113524604	39758
chr2	113484846	113684846	harbor2	chr2	113562237	113562397	DNA/hAT-Charlie	668	-	80	113562317	77471
chr2	113484846	113684846	harbor2	chr2	113576022	113576407	DNA/hAT-Charlie	1586	-	192	113576214	91368
chr2	72971510	73171510	harbor2	chr2	72986955	72987103	DNA/hAT-Charlie	1843	-	74	72987029	15519
chr2	72971510	73171510	harbor2	chr2	72987408	72987475	DNA/hAT-Charlie	1843	-	34	72987442	15932
chr2	72971510	73171510	harbor2	chr2	72987786	72988021	DNA/hAT-Charlie	1843	-	118	72987904	16394
chr2	26982780	27182780	harbor2	chr2	26995056	26995206	DNA/hAT-Charlie	894	-	75	26995131	12351
chr2	26982780	27182780	harbor2	chr2	26997130	26997253	DNA/hAT-Charlie	1891	-	62	26997192	14412
chr2	26982780	27182780	harbor2	chr2	26997473	26997678	DNA/hAT-Charlie	1891	-	102	26997575	14795
chr2	26982780	27182780	harbor2	chr2	27020311	27020528	DNA/hAT-Charlie	542	-	108	27020419	37639
chr2	152618543	152818543	harbor2	chr2	152646448	152646563	DNA/hAT-Charlie	503	-	58	152646506	27963
chr2	152618543	152818543	harbor2	chr2	152660890	152661040	DNA/hAT-Charlie	529	-	75	152660965	42422
chr2	152618543	152818543	harbor2	chr2	152666651	152666797	DNA/hAT-Charlie	529	-	73	152666724	48181
chr2	152618543	152818543	harbor2	chr2	152691394	152691607	DNA/hAT-Charlie	963	-	106	152691500	72957
chr2	152618543	152818543	harbor2	chr2	152666107	152666205	DNA/hAT-Charlie	487	-	49	152666156	47613
chr2	26960509	27160509	harbor2	chr2	26965832	26966004	DNA/hAT-Charlie	539	-	86	26965918	5409
chr2	26960509	27160509	harbor2	chr2	26995056	26995206	DNA/hAT-Charlie	894	-	75	26995131	34622
chr2	26960509	27160509	harbor2	chr2	26997130	26997253	DNA/hAT-Charlie	1891	-	62	26997192	36683
chr2	26960509	27160509	harbor2	chr2	26997473	26997678	DNA/hAT-Charlie	1891	-	102	26997575	37066
chr2	26960509	27160509	harbor2	chr2	27020311	27020528	DNA/hAT-Charlie	542	-	108	27020419	59910
chr2	218241926	218441926	harbor2	chr2	218290107	218290347	DNA/hAT-Charlie	687	-	120	218290227	48301
chr2	218241926	218441926	harbor2	chr2	218300444	218300531	DNA/hAT-Charlie	476	-	44	218300488	58562
chr2	218241926	218441926	harbor2	chr2	218300852	218301049	DNA/hAT-Charlie	470	-	98	218300950	59024
chr2	218241926	218441926	harbor2	chr2	218301142	218301265	DNA/hAT-Charlie	649	-	62	218301204	59278
chr2	218241926	218441926	harbor2	chr2	218307168	218307685	DNA/hAT-Charlie	3457	-	258	218307426	65500
chr2	218241926	218441926	harbor2	chr2	218319309	218319365	DNA/hAT-Charlie	1008	-	28	218319337	77411
chr2	218241926	218441926	harbor2	chr2	218319674	218319830	DNA/hAT-Charlie	1008	-	78	218319752	77826
chr2	96108919	96308919	harbor2	chr2	96141516	96141550	DNA/hAT-Charlie	2599	-	17	96141533	32614
chr2	96108919	96308919	harbor2	chr2	96141855	96142268	DNA/hAT-Charlie	2599	-	206	96142061	33142
chr2	96108919	96308919	harbor2	chr2	96178254	96178347	DNA/hAT-Charlie	453	-	46	96178300	69381
chr2	219467910	219667910	harbor2	chr2	219474769	219474792	DNA/hAT-Charlie	804	-	12	219474781	6871
chr2	219467910	219667910	harbor2	chr2	219475085	219475402	DNA/hAT-Charlie	804	-	158	219475243	7333
chr2	219467910	219667910	harbor2	chr2	219476042	219476182	DNA/hAT-Charlie	505	-	70	219476112	8202
chr2	219467910	219667910	harbor2	chr2	219520772	219521001	DNA/hAT-Charlie	530	-	114	219520886	52976
chr2	219467910	219667910	harbor2	chr2	219561753	219562075	DNA/hAT-Charlie	1018	-	161	219561914	94004
chr2	111957164	112157164	harbor2	chr2	111959796	111959906	DNA/hAT-Charlie	569	-	55	111959851	2687
chr2	111957164	112157164	harbor2	chr2	111959891	111960141	DNA/hAT-Charlie	942	-	125	111960016	2852
chr2	111957164	112157164	harbor2	chr2	111987668	111987813	DNA/hAT-Charlie	498	-	72	111987740	30576
chr2	111957164	112157164	harbor2	chr2	112027859	112028062	DNA/hAT-Charlie	1129	-	102	112027961	70797
chr2	120635614	120835614	harbor2	chr2	120683366	120683540	DNA/hAT-Charlie	442	-	87	120683453	47839
chr2	120635614	120835614	harbor2	chr2	120701763	120701958	DNA/hAT-Charlie	726	-	98	120701861	66247
chr2	120635614	120835614	harbor2	chr2	120702124	120702308	DNA/hAT-Charlie	857	-	92	120702216	66602
chr2	120635614	120835614	harbor2	chr2	120709923	120710098	DNA/hAT-Charlie	624	-	88	120710011	74397
chr2	120635614	120835614	harbor2	chr2	120725301	120725646	DNA/hAT-Charlie	1529	-	172	120725473	89859
chr3	107992947	108192947	harbor2	chr3	108007310	108007351	DNA/hAT-Charlie	663	-	20	108007330	14383
chr3	107992947	108192947	harbor2	chr3	108007678	108007808	DNA/hAT-Charlie	663	-	65	108007743	14796
chr3	107992947	108192947	harbor2	chr3	108033460	108033658	DNA/hAT-Charlie	485	-	99	108033559	40612
chr3	107992947	108192947	harbor2	chr3	108033655	108033824	DNA/hAT-Charlie	482	-	84	108033739	40792
chr3	107992947	108192947	harbor2	chr3	108061139	108061306	DNA/hAT-Charlie	524	-	84	108061223	68276
chr3	107992058	108192058	harbor2	chr3	108007310	108007351	DNA/hAT-Charlie	663	-	20	108007330	15272
chr3	107992058	108192058	harbor2	chr3	108007678	108007808	DNA/hAT-Charlie	663	-	65	108007743	15685
chr3	107992058	108192058	harbor2	chr3	108033460	108033658	DNA/hAT-Charlie	485	-	99	108033559	41501
chr3	107992058	108192058	harbor2	chr3	108033655	108033824	DNA/hAT-Charlie	482	-	84	108033739	41681
chr3	107992058	108192058	harbor2	chr3	108061139	108061306	DNA/hAT-Charlie	524	-	84	108061223	69165
chr3	50288151	50488151	harbor2	chr3	50339812	50339965	DNA/hAT-Charlie	469	-	76	50339888	51737
chr3	107999874	108199874	harbor2	chr3	108007310	108007351	DNA/hAT-Charlie	663	-	20	108007330	7456
chr3	107999874	108199874	harbor2	chr3	108007678	108007808	DNA/hAT-Charlie	663	-	65	108007743	7869
chr3	107999874	108199874	harbor2	chr3	108033460	108033658	DNA/hAT-Charlie	485	-	99	108033559	33685
chr3	107999874	108199874	harbor2	chr3	108033655	108033824	DNA/hAT-Charlie	482	-	84	108033739	33865
chr3	107999874	108199874	harbor2	chr3	108061139	108061306	DNA/hAT-Charlie	524	-	84	108061223	61349
chr3	46806484	47006484	harbor2	chr3	46824882	46825072	DNA/hAT-Charlie	592	-	95	46824977	18493
chr3	46806484	47006484	harbor2	chr3	46836403	46836618	DNA/hAT-Charlie	1400	-	108	46836511	30027
chr3	46806484	47006484	harbor2	chr3	46838561	46838870	DNA/hAT-Charlie	1290	-	154	46838715	32231
chr3	54754036	54954036	harbor2	chr3	54814169	54814291	DNA/hAT-Charlie	440	-	61	54814230	60194
chr3	54754036	54954036	harbor2	chr3	54816295	54816474	DNA/hAT-Charlie	768	-	90	54816385	62349
chr3	54754036	54954036	harbor2	chr3	54835318	54835454	DNA/hAT-Charlie	452	-	68	54835386	81350
chr3	54754036	54954036	harbor2	chr3	54851636	54851962	DNA/hAT-Charlie	1548	-	163	54851799	97763
chr3	178973707	179173707	harbor2	chr3	178993573	178993809	DNA/hAT-Charlie	436	-	118	178993691	19984
chr3	178973707	179173707	harbor2	chr3	178996262	178996379	DNA/hAT-Charlie	599	-	58	178996320	22613
chr3	32471408	32671408	harbor2	chr3	32485190	32485610	DNA/hAT-Charlie	587	-	210	32485400	13992
chr3	32471408	32671408	harbor2	chr3	32485640	32485878	DNA/hAT-Charlie	1186	-	119	32485759	14351
chr3	32471408	32671408	harbor2	chr3	32486184	32486268	DNA/hAT-Charlie	1186	-	42	32486226	14818
chr3	32471408	32671408	harbor2	chr3	32486622	32486694	DNA/hAT-Charlie	927	-	36	32486658	15250
chr3	32471408	32671408	harbor2	chr3	32487077	32487329	DNA/hAT-Charlie	927	-	126	32487203	15795
chr3	32471408	32671408	harbor2	chr3	32508773	32508955	DNA/hAT-Charlie	1008	-	91	32508864	37456
chr3	32471408	32671408	harbor2	chr3	32509234	32509317	DNA/hAT-Charlie	1008	-	42	32509276	37868
chr3	32471408	32671408	harbor2	chr3	32509326	32509521	DNA/hAT-Charlie	1176	-	98	32509424	38016
chr3	32471408	32671408	harbor2	chr3	32542972	32543164	DNA/hAT-Charlie	741	-	96	32543068	71660
chr3	32471408	32671408	harbor2	chr3	32550680	32550841	DNA/hAT-Charlie	912	-	80	32550760	79352
chr3	32471408	32671408	harbor2	chr3	32558299	32558408	DNA/hAT-Charlie	515	-	54	32558353	86945
chr3	49589436	49789436	harbor2	chr3	49623867	49623995	DNA/hAT-Charlie	565	-	64	49623931	34495
chr3	132356932	132556932	harbor2	chr3	132380816	132380951	DNA/hAT-Charlie	408	-	68	132380884	23952
chr3	132356932	132556932	harbor2	chr3	132403246	132403419	DNA/hAT-Charlie	736	-	86	132403332	46400
chr3	132356932	132556932	harbor2	chr3	132413576	132413724	DNA/hAT-Charlie	722	-	74	132413650	56718
chr3	132356932	132556932	harbor2	chr3	132421363	132421459	DNA/hAT-Charlie	866	-	48	132421411	64479
chr3	132356932	132556932	harbor2	chr3	132421740	132422023	DNA/hAT-Charlie	866	-	142	132421882	64950
chr3	132356932	132556932	harbor2	chr3	132422336	132422450	DNA/hAT-Charlie	866	-	57	132422393	65461
chr3	132356932	132556932	harbor2	chr3	132432579	132432722	DNA/hAT-Charlie	757	-	72	132432651	75719
chr3	132356932	132556932	harbor2	chr3	132432722	132432976	DNA/hAT-Charlie	626	-	127	132432849	75917
chr3	132356932	132556932	harbor2	chr3	132443894	132444021	DNA/hAT-Charlie	601	-	64	132443958	87026
chr3	50288175	50488175	harbor2	chr3	50339812	50339965	DNA/hAT-Charlie	469	-	76	50339888	51713
chr3	156989183	157189183	harbor2	chr3	157009119	157009424	DNA/hAT-Charlie	1051	-	152	157009271	20088
chr3	156989183	157189183	harbor2	chr3	157017068	157017216	DNA/hAT-Charlie	853	-	74	157017142	27959
chr3	156989183	157189183	harbor2	chr3	157026995	157027118	DNA/hAT-Charlie	576	-	62	157027057	37874
chr3	156989183	157189183	harbor2	chr3	157027232	157027317	DNA/hAT-Charlie	494	-	42	157027274	38091
chr3	156989183	157189183	harbor2	chr3	157052697	157052844	DNA/hAT-Charlie	467	-	74	157052771	63588
chr3	156989183	157189183	harbor2	chr3	157053006	157053726	DNA/hAT-Charlie	1396	-	360	157053366	64183
chr3	156989183	157189183	harbor2	chr3	157074848	157074905	DNA/hAT-Charlie	502	-	28	157074876	85693
chr3	156989183	157189183	harbor2	chr3	157075349	157075563	DNA/hAT-Charlie	502	-	107	157075456	86273
chr3	107993020	108193020	harbor2	chr3	108007310	108007351	DNA/hAT-Charlie	663	-	20	108007330	14310
chr3	107993020	108193020	harbor2	chr3	108007678	108007808	DNA/hAT-Charlie	663	-	65	108007743	14723
chr3	107993020	108193020	harbor2	chr3	108033460	108033658	DNA/hAT-Charlie	485	-	99	108033559	40539
chr3	107993020	108193020	harbor2	chr3	108033655	108033824	DNA/hAT-Charlie	482	-	84	108033739	40719
chr3	107993020	108193020	harbor2	chr3	108061139	108061306	DNA/hAT-Charlie	524	-	84	108061223	68203
chr3	127490780	127690780	harbor2	chr3	127534897	127535192	DNA/hAT-Charlie	936	-	148	127535045	44265
chr3	127490780	127690780	harbor2	chr3	127556022	127556263	DNA/hAT-Charlie	800	-	120	127556142	65362
chr3	127490780	127690780	harbor2	chr3	127556582	127556712	DNA/hAT-Charlie	768	-	65	127556647	65867
chr3	127490780	127690780	harbor2	chr3	127562699	127562813	DNA/hAT-Charlie	544	-	57	127562756	71976
chr3	127490780	127690780	harbor2	chr3	127562819	127563029	DNA/hAT-Charlie	739	-	105	127562924	72144
chr3	127490780	127690780	harbor2	chr3	127549313	127549528	DNA/hAT-Charlie	812	-	108	127549421	58641
chr3	49589430	49789430	harbor2	chr3	49623867	49623995	DNA/hAT-Charlie	565	-	64	49623931	34501
chr3	140273579	140473579	harbor2	chr3	140285561	140285746	DNA/hAT-Charlie	791	-	92	140285653	12074
chr3	140273579	140473579	harbor2	chr3	140297493	140297703	DNA/hAT-Charlie	409	-	105	140297598	24019
chr3	140273579	140473579	harbor2	chr3	140300672	140300761	DNA/hAT-Charlie	2099	-	44	140300716	27137
chr3	140273579	140473579	harbor2	chr3	140301236	140301673	DNA/hAT-Charlie	2099	-	218	140301454	27875
chr3	140273579	140473579	harbor2	chr3	140342160	140342373	DNA/hAT-Charlie	1142	-	106	140342266	68687
chr3	140273579	140473579	harbor2	chr3	140351524	140351664	DNA/hAT-Charlie	672	-	70	140351594	78015
chr3	49369842	49569842	harbor2	chr3	49392660	49392775	DNA/hAT-Charlie	628	-	58	49392718	22876
chr3	49369842	49569842	harbor2	chr3	49420817	49420931	DNA/hAT-Charlie	616	-	57	49420874	51032
chr3	49369842	49569842	harbor2	chr3	49421207	49421231	DNA/hAT-Charlie	616	-	12	49421219	51377
chr3	49369842	49569842	harbor2	chr3	49448221	49448393	DNA/hAT-Charlie	779	-	86	49448307	78465
chr3	49369842	49569842	harbor2	chr3	49448995	49449070	DNA/hAT-Charlie	779	-	38	49449033	79191
chr3	50169875	50369875	harbor2	chr3	50246956	50247048	DNA/hAT-Charlie	407	-	46	50247002	77127
chr3	49589470	49789470	harbor2	chr3	49623867	49623995	DNA/hAT-Charlie	565	-	64	49623931	34461
chr3	143035218	143235218	harbor2	chr3	143110418	143110573	DNA/hAT-Charlie	812	-	78	143110496	75278
chr3	108053599	108253599	harbor2	chr3	108061139	108061306	DNA/hAT-Charlie	524	-	84	108061223	7624
chr3	108053599	108253599	harbor2	chr3	108103386	108103578	DNA/hAT-Charlie	709	-	96	108103482	49883
chr3	108053599	108253599	harbor2	chr3	108107181	108107345	DNA/hAT-Charlie	842	-	82	108107263	53664
chr3	108053599	108253599	harbor2	chr3	108112700	108112882	DNA/hAT-Charlie	511	-	91	108112791	59192
chr3	108053599	108253599	harbor2	chr3	108129471	108129644	DNA/hAT-Charlie	518	-	86	108129557	75958
chr3	108053599	108253599	harbor2	chr3	108130400	108131093	DNA/hAT-Charlie	1234	-	346	108130746	77147
chr3	50288522	50488522	harbor2	chr3	50339812	50339965	DNA/hAT-Charlie	469	-	76	50339888	51366
chr3	50288101	50488101	harbor2	chr3	50339812	50339965	DNA/hAT-Charlie	469	-	76	50339888	51787
chr3	197860224	198060224	harbor2	chr3	197861264	197861427	DNA/hAT-Charlie	744	-	82	197861346	1122
chr3	197860224	198060224	harbor2	chr3	197884040	197884145	DNA/hAT-Charlie	459	-	52	197884092	23868
chr3	197860224	198060224	harbor2	chr3	197916795	197917011	DNA/hAT-Charlie	1484	-	108	197916903	56679
chr3	197860224	198060224	harbor2	chr3	197926138	197926307	DNA/hAT-Charlie	545	-	84	197926222	65998
chr3	197860224	198060224	harbor2	chr3	197936958	197937163	DNA/hAT-Charlie	934	-	102	197937060	76836
chr3	107992017	108192017	harbor2	chr3	108007310	108007351	DNA/hAT-Charlie	663	-	20	108007330	15313
chr3	107992017	108192017	harbor2	chr3	108007678	108007808	DNA/hAT-Charlie	663	-	65	108007743	15726
chr3	107992017	108192017	harbor2	chr3	108033460	108033658	DNA/hAT-Charlie	485	-	99	108033559	41542
chr3	107992017	108192017	harbor2	chr3	108033655	108033824	DNA/hAT-Charlie	482	-	84	108033739	41722
chr3	107992017	108192017	harbor2	chr3	108061139	108061306	DNA/hAT-Charlie	524	-	84	108061223	69206
chr3	23724816	23924816	harbor2	chr3	23753686	23753803	DNA/hAT-Charlie	519	-	58	23753744	28928
chr3	23724816	23924816	harbor2	chr3	23767580	23767740	DNA/hAT-Charlie	674	-	80	23767660	42844
chr3	23724816	23924816	harbor2	chr3	23778202	23778376	DNA/hAT-Charlie	810	-	87	23778289	53473
chr3	23724816	23924816	harbor2	chr3	23779339	23779447	DNA/hAT-Charlie	514	-	54	23779393	54577
chr3	23724816	23924816	harbor2	chr3	23789090	23789224	DNA/hAT-Charlie	611	-	67	23789157	64341
chr3	43899144	44099144	harbor2	chr3	43965777	43965945	DNA/hAT-Charlie	787	-	84	43965861	66717
chr3	50416036	50616036	harbor2	chr3	50485366	50485695	DNA/hAT-Charlie	543	-	164	50485530	69494
chr3	50416036	50616036	harbor2	chr3	50429801	50429967	DNA/hAT-Charlie	406	-	83	50429884	13848
chr3	126375275	126575275	harbor2	chr3	126394364	126394538	DNA/hAT-Charlie	699	-	87	126394451	19176
chr3	126375275	126575275	harbor2	chr3	126431798	126431950	DNA/hAT-Charlie	710	-	76	126431874	56599
chr3	126375275	126575275	harbor2	chr3	126443654	126444021	DNA/hAT-Charlie	937	-	184	126443838	68563
chr3	126375275	126575275	harbor2	chr3	126444061	126444250	DNA/hAT-Charlie	880	-	94	126444155	68880
chr3	126375275	126575275	harbor2	chr3	126444561	126444905	DNA/hAT-Charlie	880	-	172	126444733	69458
chr3	126375275	126575275	harbor2	chr3	126445007	126445707	DNA/hAT-Charlie	669	-	350	126445357	70082
chr3	126375275	126575275	harbor2	chr3	126460126	126460403	DNA/hAT-Charlie	613	-	138	126460264	84989
chr3	126375275	126575275	harbor2	chr3	126472482	126472735	DNA/hAT-Charlie	674	-	126	126472608	97333
chr3	49619512	49819512	harbor2	chr3	49623867	49623995	DNA/hAT-Charlie	565	-	64	49623931	4419
chr3	184134394	184334394	harbor2	chr3	184157541	184157751	DNA/hAT-Charlie	550	-	105	184157646	23252
chr3	108122047	108322047	harbor2	chr3	108129471	108129644	DNA/hAT-Charlie	518	-	86	108129557	7510
chr3	108122047	108322047	harbor2	chr3	108130400	108131093	DNA/hAT-Charlie	1234	-	346	108130746	8699
chr3	108122047	108322047	harbor2	chr3	108220657	108220842	DNA/hAT-Charlie	1000	-	92	108220749	98702
chr3	184130424	184330424	harbor2	chr3	184157541	184157751	DNA/hAT-Charlie	550	-	105	184157646	27222
chr3	128265711	128465711	harbor2	chr3	128279278	128279473	DNA/hAT-Charlie	960	-	98	128279376	13665
chr3	128265711	128465711	harbor2	chr3	128289526	128289706	DNA/hAT-Charlie	558	-	90	128289616	23905
chr3	128265711	128465711	harbor2	chr3	128314293	128314332	DNA/hAT-Charlie	899	-	20	128314313	48602
chr3	128265711	128465711	harbor2	chr3	128314644	128314843	DNA/hAT-Charlie	899	-	100	128314744	49033
chr3	128265711	128465711	harbor2	chr3	128346203	128346994	DNA/hAT-Charlie	3160	-	396	128346599	80888
chr3	184086443	184286443	harbor2	chr3	184125409	184125553	DNA/hAT-Charlie	652	-	72	184125481	39038
chr3	184086443	184286443	harbor2	chr3	184157541	184157751	DNA/hAT-Charlie	550	-	105	184157646	71203
chr3	153062933	153262933	harbor2	chr3	153102199	153102358	DNA/hAT-Charlie	813	-	80	153102279	39346
chr3	153062933	153262933	harbor2	chr3	153142856	153143152	DNA/hAT-Charlie	1104	-	148	153143004	80071
chr3	187645815	187845815	harbor2	chr3	187656000	187656156	DNA/hAT-Charlie	696	-	78	187656078	10263
chr3	187645815	187845815	harbor2	chr3	187677737	187677883	DNA/hAT-Charlie	472	-	73	187677810	31995
chr3	187645815	187845815	harbor2	chr3	187679957	187680201	DNA/hAT-Charlie	476	-	122	187680079	34264
chr3	187645815	187845815	harbor2	chr3	187724173	187724368	DNA/hAT-Charlie	806	-	98	187724271	78456
chr3	108053564	108253564	harbor2	chr3	108061139	108061306	DNA/hAT-Charlie	524	-	84	108061223	7659
chr3	108053564	108253564	harbor2	chr3	108103386	108103578	DNA/hAT-Charlie	709	-	96	108103482	49918
chr3	108053564	108253564	harbor2	chr3	108107181	108107345	DNA/hAT-Charlie	842	-	82	108107263	53699
chr3	108053564	108253564	harbor2	chr3	108112700	108112882	DNA/hAT-Charlie	511	-	91	108112791	59227
chr3	108053564	108253564	harbor2	chr3	108129471	108129644	DNA/hAT-Charlie	518	-	86	108129557	75993
chr3	108053564	108253564	harbor2	chr3	108130400	108131093	DNA/hAT-Charlie	1234	-	346	108130746	77182
chr3	127270146	127470146	harbor2	chr3	127297948	127298035	DNA/hAT-Charlie	454	-	44	127297992	27846
chr3	127270146	127470146	harbor2	chr3	127316664	127316761	DNA/hAT-Charlie	513	-	48	127316712	46566
chr3	127270146	127470146	harbor2	chr3	127337600	127337929	DNA/hAT-Charlie	889	-	164	127337764	67618
chr3	107996441	108196441	harbor2	chr3	108007310	108007351	DNA/hAT-Charlie	663	-	20	108007330	10889
chr3	107996441	108196441	harbor2	chr3	108007678	108007808	DNA/hAT-Charlie	663	-	65	108007743	11302
chr3	107996441	108196441	harbor2	chr3	108033460	108033658	DNA/hAT-Charlie	485	-	99	108033559	37118
chr3	107996441	108196441	harbor2	chr3	108033655	108033824	DNA/hAT-Charlie	482	-	84	108033739	37298
chr3	107996441	108196441	harbor2	chr3	108061139	108061306	DNA/hAT-Charlie	524	-	84	108061223	64782
chr3	107993193	108193193	harbor2	chr3	108007310	108007351	DNA/hAT-Charlie	663	-	20	108007330	14137
chr3	107993193	108193193	harbor2	chr3	108007678	108007808	DNA/hAT-Charlie	663	-	65	108007743	14550
chr3	107993193	108193193	harbor2	chr3	108033460	108033658	DNA/hAT-Charlie	485	-	99	108033559	40366
chr3	107993193	108193193	harbor2	chr3	108033655	108033824	DNA/hAT-Charlie	482	-	84	108033739	40546
chr3	107993193	108193193	harbor2	chr3	108061139	108061306	DNA/hAT-Charlie	524	-	84	108061223	68030
chr3	107996552	108196552	harbor2	chr3	108007310	108007351	DNA/hAT-Charlie	663	-	20	108007330	10778
chr3	107996552	108196552	harbor2	chr3	108007678	108007808	DNA/hAT-Charlie	663	-	65	108007743	11191
chr3	107996552	108196552	harbor2	chr3	108033460	108033658	DNA/hAT-Charlie	485	-	99	108033559	37007
chr3	107996552	108196552	harbor2	chr3	108033655	108033824	DNA/hAT-Charlie	482	-	84	108033739	37187
chr3	107996552	108196552	harbor2	chr3	108061139	108061306	DNA/hAT-Charlie	524	-	84	108061223	64671
chr3	23715795	23915795	harbor2	chr3	23724586	23724687	DNA/hAT-Charlie	490	-	50	23724636	8841
chr3	23715795	23915795	harbor2	chr3	23724724	23724749	DNA/hAT-Charlie	490	-	12	23724736	8941
chr3	23715795	23915795	harbor2	chr3	23753686	23753803	DNA/hAT-Charlie	519	-	58	23753744	37949
chr3	23715795	23915795	harbor2	chr3	23767580	23767740	DNA/hAT-Charlie	674	-	80	23767660	51865
chr3	23715795	23915795	harbor2	chr3	23778202	23778376	DNA/hAT-Charlie	810	-	87	23778289	62494
chr3	23715795	23915795	harbor2	chr3	23779339	23779447	DNA/hAT-Charlie	514	-	54	23779393	63598
chr3	23715795	23915795	harbor2	chr3	23789090	23789224	DNA/hAT-Charlie	611	-	67	23789157	73362
chr3	49589464	49789464	harbor2	chr3	49623867	49623995	DNA/hAT-Charlie	565	-	64	49623931	34467
chr3	50291763	50491763	harbor2	chr3	50339812	50339965	DNA/hAT-Charlie	469	-	76	50339888	48125
chr3	4926654	5126654	harbor2	chr3	4938418	4938612	DNA/hAT-Charlie	799	-	97	4938515	11861
chr3	4926654	5126654	harbor2	chr3	4951668	4951864	DNA/hAT-Charlie	1598	-	98	4951766	25112
chr3	4926654	5126654	harbor2	chr3	5015649	5015765	DNA/hAT-Charlie	1256	-	58	5015707	89053
chr3	4926654	5126654	harbor2	chr3	5016055	5016142	DNA/hAT-Charlie	1256	-	44	5016099	89445
chr3	4926654	5126654	harbor2	chr3	5018705	5018923	DNA/hAT-Charlie	1016	-	109	5018814	92160
chr3	4926654	5126654	harbor2	chr3	5019272	5019501	DNA/hAT-Charlie	1040	-	114	5019386	92732
chr3	108018365	108218365	harbor2	chr3	108033460	108033658	DNA/hAT-Charlie	485	-	99	108033559	15194
chr3	108018365	108218365	harbor2	chr3	108033655	108033824	DNA/hAT-Charlie	482	-	84	108033739	15374
chr3	108018365	108218365	harbor2	chr3	108061139	108061306	DNA/hAT-Charlie	524	-	84	108061223	42858
chr3	108018365	108218365	harbor2	chr3	108103386	108103578	DNA/hAT-Charlie	709	-	96	108103482	85117
chr3	108018365	108218365	harbor2	chr3	108107181	108107345	DNA/hAT-Charlie	842	-	82	108107263	88898
chr3	108018365	108218365	harbor2	chr3	108112700	108112882	DNA/hAT-Charlie	511	-	91	108112791	94426
chr3	107992129	108192129	harbor2	chr3	108007310	108007351	DNA/hAT-Charlie	663	-	20	108007330	15201
chr3	107992129	108192129	harbor2	chr3	108007678	108007808	DNA/hAT-Charlie	663	-	65	108007743	15614
chr3	107992129	108192129	harbor2	chr3	108033460	108033658	DNA/hAT-Charlie	485	-	99	108033559	41430
chr3	107992129	108192129	harbor2	chr3	108033655	108033824	DNA/hAT-Charlie	482	-	84	108033739	41610
chr3	107992129	108192129	harbor2	chr3	108061139	108061306	DNA/hAT-Charlie	524	-	84	108061223	69094
chr3	107993138	108193138	harbor2	chr3	108007310	108007351	DNA/hAT-Charlie	663	-	20	108007330	14192
chr3	107993138	108193138	harbor2	chr3	108007678	108007808	DNA/hAT-Charlie	663	-	65	108007743	14605
chr3	107993138	108193138	harbor2	chr3	108033460	108033658	DNA/hAT-Charlie	485	-	99	108033559	40421
chr3	107993138	108193138	harbor2	chr3	108033655	108033824	DNA/hAT-Charlie	482	-	84	108033739	40601
chr3	107993138	108193138	harbor2	chr3	108061139	108061306	DNA/hAT-Charlie	524	-	84	108061223	68085
chr3	4726044	4926044	harbor2	chr3	4767219	4767431	DNA/hAT-Charlie	934	-	106	4767325	41281
chr3	4726044	4926044	harbor2	chr3	4786985	4787178	DNA/hAT-Charlie	748	-	96	4787081	61037
chr3	4726044	4926044	harbor2	chr3	4791283	4791611	DNA/hAT-Charlie	1996	-	164	4791447	65403
chr3	4726044	4926044	harbor2	chr3	4819349	4819511	DNA/hAT-Charlie	737	-	81	4819430	93386
chr3	129022332	129222332	harbor2	chr3	129055272	129055465	DNA/hAT-Charlie	436	-	96	129055368	33036
chr3	129022332	129222332	harbor2	chr3	129060071	129060378	DNA/hAT-Charlie	743	-	154	129060225	37893
chr3	129022332	129222332	harbor2	chr3	129063332	129063537	DNA/hAT-Charlie	617	-	102	129063434	41102
chr3	129022332	129222332	harbor2	chr3	129063850	129063919	DNA/hAT-Charlie	617	-	34	129063884	41552
chr3	129022332	129222332	harbor2	chr3	129071683	129071766	DNA/hAT-Charlie	672	-	42	129071725	49393
chr3	129022332	129222332	harbor2	chr3	129072269	129072403	DNA/hAT-Charlie	762	-	67	129072336	50004
chr3	129022332	129222332	harbor2	chr3	129084531	129084681	DNA/hAT-Charlie	737	-	75	129084606	62274
chr3	185486328	185686328	harbor2	chr3	185493408	185493516	DNA/hAT-Charlie	504	-	54	185493462	7134
chr3	185486328	185686328	harbor2	chr3	185493940	185494082	DNA/hAT-Charlie	485	-	71	185494011	7683
chr3	185486328	185686328	harbor2	chr3	185517705	185517800	DNA/hAT-Charlie	475	-	48	185517753	31425
chr3	49589463	49789463	harbor2	chr3	49623867	49623995	DNA/hAT-Charlie	565	-	64	49623931	34468
chr3	196218304	196418304	harbor2	chr3	196222274	196222352	DNA/hAT-Charlie	435	-	39	196222313	4009
chr3	196218304	196418304	harbor2	chr3	196222649	196222814	DNA/hAT-Charlie	435	-	82	196222731	4427
chr3	196218304	196418304	harbor2	chr3	196226346	196226469	DNA/hAT-Charlie	449	-	62	196226408	8104
chr3	196218304	196418304	harbor2	chr3	196286523	196286632	DNA/hAT-Charlie	440	-	54	196286577	68273
chr3	196218304	196418304	harbor2	chr3	196286934	196287004	DNA/hAT-Charlie	440	-	35	196286969	68665
chr3	196218304	196418304	harbor2	chr3	196288891	196289101	DNA/hAT-Charlie	1254	-	105	196288996	70692
chr3	196218304	196418304	harbor2	chr3	196292432	196292721	DNA/hAT-Charlie	1147	-	144	196292576	74272
chr3	53155971	53355971	harbor2	chr3	53191571	53191865	DNA/hAT-Charlie	1320	-	147	53191718	35747
chr3	128329156	128529156	harbor2	chr3	128346203	128346994	DNA/hAT-Charlie	3160	-	396	128346599	17443
chr3	128329156	128529156	harbor2	chr3	128371314	128371516	DNA/hAT-Charlie	792	-	101	128371415	42259
chr3	128329156	128529156	harbor2	chr3	128383764	128384037	DNA/hAT-Charlie	461	-	136	128383900	54744
chr3	123552608	123752608	harbor2	chr3	123566084	123566251	DNA/hAT-Charlie	554	-	84	123566168	13560
chr3	123552608	123752608	harbor2	chr3	123570118	123570350	DNA/hAT-Charlie	873	-	116	123570234	17626
chr3	123552608	123752608	harbor2	chr3	123571943	123572097	DNA/hAT-Charlie	427	-	77	123572020	19412
chr3	123552608	123752608	harbor2	chr3	123575048	123575104	DNA/hAT-Charlie	798	-	28	123575076	22468
chr3	123552608	123752608	harbor2	chr3	123575417	123575540	DNA/hAT-Charlie	798	-	62	123575479	22871
chr3	123552608	123752608	harbor2	chr3	123586151	123586462	DNA/hAT-Charlie	1797	-	156	123586307	33699
chr3	123552608	123752608	harbor2	chr3	123589691	123590017	DNA/hAT-Charlie	2353	-	163	123589854	37246
chr3	123552608	123752608	harbor2	chr3	123599527	123599823	DNA/hAT-Charlie	789	-	148	123599675	47067
chr3	123552608	123752608	harbor2	chr3	123611526	123612044	DNA/hAT-Charlie	3714	-	259	123611785	59177
chr3	50517037	50717037	harbor2	chr3	50589073	50589282	DNA/hAT-Charlie	609	-	104	50589177	72140
chr3	107992955	108192955	harbor2	chr3	108007310	108007351	DNA/hAT-Charlie	663	-	20	108007330	14375
chr3	107992955	108192955	harbor2	chr3	108007678	108007808	DNA/hAT-Charlie	663	-	65	108007743	14788
chr3	107992955	108192955	harbor2	chr3	108033460	108033658	DNA/hAT-Charlie	485	-	99	108033559	40604
chr3	107992955	108192955	harbor2	chr3	108033655	108033824	DNA/hAT-Charlie	482	-	84	108033739	40784
chr3	107992955	108192955	harbor2	chr3	108061139	108061306	DNA/hAT-Charlie	524	-	84	108061223	68268
chr3	108004632	108204632	harbor2	chr3	108007310	108007351	DNA/hAT-Charlie	663	-	20	108007330	2698
chr3	108004632	108204632	harbor2	chr3	108007678	108007808	DNA/hAT-Charlie	663	-	65	108007743	3111
chr3	108004632	108204632	harbor2	chr3	108033460	108033658	DNA/hAT-Charlie	485	-	99	108033559	28927
chr3	108004632	108204632	harbor2	chr3	108033655	108033824	DNA/hAT-Charlie	482	-	84	108033739	29107
chr3	108004632	108204632	harbor2	chr3	108061139	108061306	DNA/hAT-Charlie	524	-	84	108061223	56591
chr3	108004632	108204632	harbor2	chr3	108103386	108103578	DNA/hAT-Charlie	709	-	96	108103482	98850
chr3	107992065	108192065	harbor2	chr3	108007310	108007351	DNA/hAT-Charlie	663	-	20	108007330	15265
chr3	107992065	108192065	harbor2	chr3	108007678	108007808	DNA/hAT-Charlie	663	-	65	108007743	15678
chr3	107992065	108192065	harbor2	chr3	108033460	108033658	DNA/hAT-Charlie	485	-	99	108033559	41494
chr3	107992065	108192065	harbor2	chr3	108033655	108033824	DNA/hAT-Charlie	482	-	84	108033739	41674
chr3	107992065	108192065	harbor2	chr3	108061139	108061306	DNA/hAT-Charlie	524	-	84	108061223	69158
chr3	123560147	123760147	harbor2	chr3	123566084	123566251	DNA/hAT-Charlie	554	-	84	123566168	6021
chr3	123560147	123760147	harbor2	chr3	123570118	123570350	DNA/hAT-Charlie	873	-	116	123570234	10087
chr3	123560147	123760147	harbor2	chr3	123571943	123572097	DNA/hAT-Charlie	427	-	77	123572020	11873
chr3	123560147	123760147	harbor2	chr3	123575048	123575104	DNA/hAT-Charlie	798	-	28	123575076	14929
chr3	123560147	123760147	harbor2	chr3	123575417	123575540	DNA/hAT-Charlie	798	-	62	123575479	15332
chr3	123560147	123760147	harbor2	chr3	123586151	123586462	DNA/hAT-Charlie	1797	-	156	123586307	26160
chr3	123560147	123760147	harbor2	chr3	123589691	123590017	DNA/hAT-Charlie	2353	-	163	123589854	29707
chr3	123560147	123760147	harbor2	chr3	123599527	123599823	DNA/hAT-Charlie	789	-	148	123599675	39528
chr3	123560147	123760147	harbor2	chr3	123611526	123612044	DNA/hAT-Charlie	3714	-	259	123611785	51638
chr3	123560147	123760147	harbor2	chr3	123656149	123656296	DNA/hAT-Charlie	444	-	74	123656223	96076
chr3	197860219	198060219	harbor2	chr3	197861264	197861427	DNA/hAT-Charlie	744	-	82	197861346	1127
chr3	197860219	198060219	harbor2	chr3	197884040	197884145	DNA/hAT-Charlie	459	-	52	197884092	23873
chr3	197860219	198060219	harbor2	chr3	197916795	197917011	DNA/hAT-Charlie	1484	-	108	197916903	56684
chr3	197860219	198060219	harbor2	chr3	197926138	197926307	DNA/hAT-Charlie	545	-	84	197926222	66003
chr3	197860219	198060219	harbor2	chr3	197936958	197937163	DNA/hAT-Charlie	934	-	102	197937060	76841
chr3	189960849	190160849	harbor2	chr3	189975831	189976249	DNA/hAT-Charlie	1005	-	209	189976040	15191
chr3	189960849	190160849	harbor2	chr3	189976593	189976802	DNA/hAT-Charlie	1005	-	104	189976697	15848
chr3	189960849	190160849	harbor2	chr3	189998760	189999070	DNA/hAT-Charlie	1832	-	155	189998915	38066
chr3	189960849	190160849	harbor2	chr3	190022711	190022832	DNA/hAT-Charlie	531	-	60	190022771	61922
chr3	189960849	190160849	harbor2	chr3	190023126	190023197	DNA/hAT-Charlie	531	-	36	190023162	62313
chr3	189960849	190160849	harbor2	chr3	190032769	190033302	DNA/hAT-Charlie	3397	-	266	190033035	72186
chr3	126930017	127130017	harbor2	chr3	126967307	126967632	DNA/hAT-Charlie	1912	-	162	126967469	37452
chr3	107992067	108192067	harbor2	chr3	108007310	108007351	DNA/hAT-Charlie	663	-	20	108007330	15263
chr3	107992067	108192067	harbor2	chr3	108007678	108007808	DNA/hAT-Charlie	663	-	65	108007743	15676
chr3	107992067	108192067	harbor2	chr3	108033460	108033658	DNA/hAT-Charlie	485	-	99	108033559	41492
chr3	107992067	108192067	harbor2	chr3	108033655	108033824	DNA/hAT-Charlie	482	-	84	108033739	41672
chr3	107992067	108192067	harbor2	chr3	108061139	108061306	DNA/hAT-Charlie	524	-	84	108061223	69156
chr3	157028447	157228447	harbor2	chr3	157052697	157052844	DNA/hAT-Charlie	467	-	74	157052771	24324
chr3	157028447	157228447	harbor2	chr3	157053006	157053726	DNA/hAT-Charlie	1396	-	360	157053366	24919
chr3	157028447	157228447	harbor2	chr3	157074848	157074905	DNA/hAT-Charlie	502	-	28	157074876	46429
chr3	157028447	157228447	harbor2	chr3	157075349	157075563	DNA/hAT-Charlie	502	-	107	157075456	47009
chr3	157028447	157228447	harbor2	chr3	157123610	157123719	DNA/hAT-Charlie	462	-	54	157123664	95217
chr3	142864715	143064715	harbor2	chr3	142870112	142870986	DNA/hAT-Charlie	2351	-	437	142870549	5834
chr3	142864715	143064715	harbor2	chr3	142900855	142900965	DNA/hAT-Charlie	449	-	55	142900910	36195
chr3	142864715	143064715	harbor2	chr3	142926377	142926509	DNA/hAT-Charlie	491	-	66	142926443	61728
chr3	142864715	143064715	harbor2	chr3	142942579	142942905	DNA/hAT-Charlie	1891	-	163	142942742	78027
chr3	193982932	194182932	harbor2	chr3	193998120	193998482	DNA/hAT-Charlie	1073	-	181	193998301	15369
chr3	193982932	194182932	harbor2	chr3	194016669	194016952	DNA/hAT-Charlie	981	-	142	194016811	33879
chr3	193982932	194182932	harbor2	chr3	194019557	194019737	DNA/hAT-Charlie	542	-	90	194019647	36715
chr3	193982932	194182932	harbor2	chr3	194033797	194033967	DNA/hAT-Charlie	419	-	85	194033882	50950
chr3	193982932	194182932	harbor2	chr3	194034305	194034487	DNA/hAT-Charlie	822	-	91	194034396	51464
chr3	193982932	194182932	harbor2	chr3	194052557	194052646	DNA/hAT-Charlie	484	-	44	194052601	69669
chr3	193982932	194182932	harbor2	chr3	194060041	194060193	DNA/hAT-Charlie	685	-	76	194060117	77185
chr3	198091436	198291436	harbor2	chr3	198175708	198175927	DNA/hAT-Charlie	867	-	110	198175818	84382
chr3	107993135	108193135	harbor2	chr3	108007310	108007351	DNA/hAT-Charlie	663	-	20	108007330	14195
chr3	107993135	108193135	harbor2	chr3	108007678	108007808	DNA/hAT-Charlie	663	-	65	108007743	14608
chr3	107993135	108193135	harbor2	chr3	108033460	108033658	DNA/hAT-Charlie	485	-	99	108033559	40424
chr3	107993135	108193135	harbor2	chr3	108033655	108033824	DNA/hAT-Charlie	482	-	84	108033739	40604
chr3	107993135	108193135	harbor2	chr3	108061139	108061306	DNA/hAT-Charlie	524	-	84	108061223	68088
chr3	53411237	53611237	harbor2	chr3	53411438	53411619	DNA/hAT-Charlie	514	-	90	53411528	291
chr3	53411237	53611237	harbor2	chr3	53436452	53437232	DNA/hAT-Charlie	2284	-	390	53436842	25605
chr3	53411237	53611237	harbor2	chr3	53437465	53437687	DNA/hAT-Charlie	1694	-	111	53437576	26339
chr3	53411237	53611237	harbor2	chr3	53484117	53484292	DNA/hAT-Charlie	981	-	88	53484205	72968
chr3	53411237	53611237	harbor2	chr3	53502268	53502542	DNA/hAT-Charlie	719	-	137	53502405	91168
chr3	116673098	116873098	harbor2	chr3	116702758	116702846	DNA/hAT-Charlie	492	-	44	116702802	29704
chr3	116673098	116873098	harbor2	chr3	116709301	116709578	DNA/hAT-Charlie	762	-	138	116709439	36341
chr3	116673098	116873098	harbor2	chr3	116714442	116714603	DNA/hAT-Charlie	762	-	80	116714522	41424
chr3	116673098	116873098	harbor2	chr3	116727130	116727348	DNA/hAT-Charlie	732	-	109	116727239	54141
chr3	127490762	127690762	harbor2	chr3	127534897	127535192	DNA/hAT-Charlie	936	-	148	127535045	44283
chr3	127490762	127690762	harbor2	chr3	127556022	127556263	DNA/hAT-Charlie	800	-	120	127556142	65380
chr3	127490762	127690762	harbor2	chr3	127556582	127556712	DNA/hAT-Charlie	768	-	65	127556647	65885
chr3	127490762	127690762	harbor2	chr3	127562699	127562813	DNA/hAT-Charlie	544	-	57	127562756	71994
chr3	127490762	127690762	harbor2	chr3	127562819	127563029	DNA/hAT-Charlie	739	-	105	127562924	72162
chr3	127490762	127690762	harbor2	chr3	127549313	127549528	DNA/hAT-Charlie	812	-	108	127549421	58659
chr3	12963496	13163496	harbor2	chr3	12979142	12979342	DNA/hAT-Charlie	489	-	100	12979242	15746
chr3	12963496	13163496	harbor2	chr3	12982241	12982368	DNA/hAT-Charlie	532	-	64	12982305	18809
chr3	12963496	13163496	harbor2	chr3	13027768	13027959	DNA/hAT-Charlie	495	-	96	13027864	64368
chr3	12963496	13163496	harbor2	chr3	13030982	13031159	DNA/hAT-Charlie	736	-	88	13031070	67574
chr3	128381321	128581321	harbor2	chr3	128383764	128384037	DNA/hAT-Charlie	461	-	136	128383900	2579
chr3	128381321	128581321	harbor2	chr3	128430955	128431116	DNA/hAT-Charlie	711	-	80	128431035	49714
chr3	128381321	128581321	harbor2	chr3	128431426	128431535	DNA/hAT-Charlie	711	-	54	128431480	50159
chr3	13750265	13950265	harbor2	chr3	13753901	13754017	DNA/hAT-Charlie	424	-	58	13753959	3694
chr3	13750265	13950265	harbor2	chr3	13763417	13763654	DNA/hAT-Charlie	806	-	118	13763535	13270
chr3	13750265	13950265	harbor2	chr3	13779167	13779390	DNA/hAT-Charlie	1454	-	112	13779279	29014
chr3	13750265	13950265	harbor2	chr3	13780392	13780508	DNA/hAT-Charlie	412	-	58	13780450	30185
chr3	13750265	13950265	harbor2	chr3	13786707	13787014	DNA/hAT-Charlie	1237	-	154	13786861	36596
chr3	13750265	13950265	harbor2	chr3	13794204	13794415	DNA/hAT-Charlie	889	-	106	13794310	44045
chr3	13750265	13950265	harbor2	chr3	13810821	13811324	DNA/hAT-Charlie	2011	-	252	13811073	60808
chr3	13750265	13950265	harbor2	chr3	13836378	13836536	DNA/hAT-Charlie	484	-	79	13836457	86192
chr3	196218330	196418330	harbor2	chr3	196222274	196222352	DNA/hAT-Charlie	435	-	39	196222313	3983
chr3	196218330	196418330	harbor2	chr3	196222649	196222814	DNA/hAT-Charlie	435	-	82	196222731	4401
chr3	196218330	196418330	harbor2	chr3	196226346	196226469	DNA/hAT-Charlie	449	-	62	196226408	8078
chr3	196218330	196418330	harbor2	chr3	196286523	196286632	DNA/hAT-Charlie	440	-	54	196286577	68247
chr3	196218330	196418330	harbor2	chr3	196286934	196287004	DNA/hAT-Charlie	440	-	35	196286969	68639
chr3	196218330	196418330	harbor2	chr3	196288891	196289101	DNA/hAT-Charlie	1254	-	105	196288996	70666
chr3	196218330	196418330	harbor2	chr3	196292432	196292721	DNA/hAT-Charlie	1147	-	144	196292576	74246
chr3	64313402	64513402	harbor2	chr3	64331145	64331284	DNA/hAT-Charlie	521	-	70	64331215	17813
chr3	64313402	64513402	harbor2	chr3	64334797	64334964	DNA/hAT-Charlie	556	-	84	64334881	21479
chr3	64313402	64513402	harbor2	chr3	64342921	64343118	DNA/hAT-Charlie	936	-	98	64343019	29617
chr3	64313402	64513402	harbor2	chr3	64383937	64384248	DNA/hAT-Charlie	1353	-	156	64384093	70691
chr3	161006321	161206321	harbor2	chr3	161073070	161073365	DNA/hAT-Charlie	806	-	148	161073218	66897
chr3	197860204	198060204	harbor2	chr3	197861264	197861427	DNA/hAT-Charlie	744	-	82	197861346	1142
chr3	197860204	198060204	harbor2	chr3	197884040	197884145	DNA/hAT-Charlie	459	-	52	197884092	23888
chr3	197860204	198060204	harbor2	chr3	197916795	197917011	DNA/hAT-Charlie	1484	-	108	197916903	56699
chr3	197860204	198060204	harbor2	chr3	197926138	197926307	DNA/hAT-Charlie	545	-	84	197926222	66018
chr3	197860204	198060204	harbor2	chr3	197936958	197937163	DNA/hAT-Charlie	934	-	102	197937060	76856
chr3	123399935	123599935	harbor2	chr3	123438148	123438320	DNA/hAT-Charlie	438	-	86	123438234	38299
chr3	123399935	123599935	harbor2	chr3	123481153	123481474	DNA/hAT-Charlie	568	-	160	123481313	81378
chr3	107992061	108192061	harbor2	chr3	108007310	108007351	DNA/hAT-Charlie	663	-	20	108007330	15269
chr3	107992061	108192061	harbor2	chr3	108007678	108007808	DNA/hAT-Charlie	663	-	65	108007743	15682
chr3	107992061	108192061	harbor2	chr3	108033460	108033658	DNA/hAT-Charlie	485	-	99	108033559	41498
chr3	107992061	108192061	harbor2	chr3	108033655	108033824	DNA/hAT-Charlie	482	-	84	108033739	41678
chr3	107992061	108192061	harbor2	chr3	108061139	108061306	DNA/hAT-Charlie	524	-	84	108061223	69162
chr3	36670495	36870495	harbor2	chr3	36675968	36676136	DNA/hAT-Charlie	646	-	84	36676052	5557
chr3	36670495	36870495	harbor2	chr3	36721868	36722067	DNA/hAT-Charlie	1026	-	100	36721968	51473
chr3	36670495	36870495	harbor2	chr3	36730579	36730758	DNA/hAT-Charlie	527	-	90	36730669	60174
chr3	36670495	36870495	harbor2	chr3	36746800	36746969	DNA/hAT-Charlie	719	-	84	36746884	76389
chr3	196916551	197116551	harbor2	chr3	197004798	197004969	DNA/hAT-Charlie	592	-	86	197004884	88333
chr3	108026049	108226049	harbor2	chr3	108033460	108033658	DNA/hAT-Charlie	485	-	99	108033559	7510
chr3	108026049	108226049	harbor2	chr3	108033655	108033824	DNA/hAT-Charlie	482	-	84	108033739	7690
chr3	108026049	108226049	harbor2	chr3	108061139	108061306	DNA/hAT-Charlie	524	-	84	108061223	35174
chr3	108026049	108226049	harbor2	chr3	108103386	108103578	DNA/hAT-Charlie	709	-	96	108103482	77433
chr3	108026049	108226049	harbor2	chr3	108107181	108107345	DNA/hAT-Charlie	842	-	82	108107263	81214
chr3	108026049	108226049	harbor2	chr3	108112700	108112882	DNA/hAT-Charlie	511	-	91	108112791	86742
chr3	107992090	108192090	harbor2	chr3	108007310	108007351	DNA/hAT-Charlie	663	-	20	108007330	15240
chr3	107992090	108192090	harbor2	chr3	108007678	108007808	DNA/hAT-Charlie	663	-	65	108007743	15653
chr3	107992090	108192090	harbor2	chr3	108033460	108033658	DNA/hAT-Charlie	485	-	99	108033559	41469
chr3	107992090	108192090	harbor2	chr3	108033655	108033824	DNA/hAT-Charlie	482	-	84	108033739	41649
chr3	107992090	108192090	harbor2	chr3	108061139	108061306	DNA/hAT-Charlie	524	-	84	108061223	69133
chr3	45419104	45619104	harbor2	chr3	45427299	45427413	DNA/hAT-Charlie	596	-	57	45427356	8252
chr3	45419104	45619104	harbor2	chr3	45442901	45443127	DNA/hAT-Charlie	997	-	113	45443014	23910
chr3	45419104	45619104	harbor2	chr3	45447886	45447960	DNA/hAT-Charlie	471	-	37	45447923	28819
chr3	45419104	45619104	harbor2	chr3	45474458	45474734	DNA/hAT-Charlie	1076	-	138	45474596	55492
chr3	45419104	45619104	harbor2	chr3	45489372	45489561	DNA/hAT-Charlie	897	-	94	45489466	70362
chr3	45419104	45619104	harbor2	chr3	45489705	45489885	DNA/hAT-Charlie	700	-	90	45489795	70691
chr3	49589456	49789456	harbor2	chr3	49623867	49623995	DNA/hAT-Charlie	565	-	64	49623931	34475
chr3	108053563	108253563	harbor2	chr3	108061139	108061306	DNA/hAT-Charlie	524	-	84	108061223	7660
chr3	108053563	108253563	harbor2	chr3	108103386	108103578	DNA/hAT-Charlie	709	-	96	108103482	49919
chr3	108053563	108253563	harbor2	chr3	108107181	108107345	DNA/hAT-Charlie	842	-	82	108107263	53700
chr3	108053563	108253563	harbor2	chr3	108112700	108112882	DNA/hAT-Charlie	511	-	91	108112791	59228
chr3	108053563	108253563	harbor2	chr3	108129471	108129644	DNA/hAT-Charlie	518	-	86	108129557	75994
chr3	108053563	108253563	harbor2	chr3	108130400	108131093	DNA/hAT-Charlie	1234	-	346	108130746	77183
chr3	123544944	123744944	harbor2	chr3	123566084	123566251	DNA/hAT-Charlie	554	-	84	123566168	21224
chr3	123544944	123744944	harbor2	chr3	123570118	123570350	DNA/hAT-Charlie	873	-	116	123570234	25290
chr3	123544944	123744944	harbor2	chr3	123571943	123572097	DNA/hAT-Charlie	427	-	77	123572020	27076
chr3	123544944	123744944	harbor2	chr3	123575048	123575104	DNA/hAT-Charlie	798	-	28	123575076	30132
chr3	123544944	123744944	harbor2	chr3	123575417	123575540	DNA/hAT-Charlie	798	-	62	123575479	30535
chr3	123544944	123744944	harbor2	chr3	123586151	123586462	DNA/hAT-Charlie	1797	-	156	123586307	41363
chr3	123544944	123744944	harbor2	chr3	123589691	123590017	DNA/hAT-Charlie	2353	-	163	123589854	44910
chr3	123544944	123744944	harbor2	chr3	123599527	123599823	DNA/hAT-Charlie	789	-	148	123599675	54731
chr3	123544944	123744944	harbor2	chr3	123611526	123612044	DNA/hAT-Charlie	3714	-	259	123611785	66841
chr3	108053682	108253682	harbor2	chr3	108061139	108061306	DNA/hAT-Charlie	524	-	84	108061223	7541
chr3	108053682	108253682	harbor2	chr3	108103386	108103578	DNA/hAT-Charlie	709	-	96	108103482	49800
chr3	108053682	108253682	harbor2	chr3	108107181	108107345	DNA/hAT-Charlie	842	-	82	108107263	53581
chr3	108053682	108253682	harbor2	chr3	108112700	108112882	DNA/hAT-Charlie	511	-	91	108112791	59109
chr3	108053682	108253682	harbor2	chr3	108129471	108129644	DNA/hAT-Charlie	518	-	86	108129557	75875
chr3	108053682	108253682	harbor2	chr3	108130400	108131093	DNA/hAT-Charlie	1234	-	346	108130746	77064
chr3	136086110	136286110	harbor2	chr3	136099791	136099901	DNA/hAT-Charlie	418	-	55	136099846	13736
chr3	136086110	136286110	harbor2	chr3	136110567	136110848	DNA/hAT-Charlie	1023	-	140	136110707	24597
chr3	136086110	136286110	harbor2	chr3	136142224	136142403	DNA/hAT-Charlie	728	-	90	136142314	56204
chr3	136086110	136286110	harbor2	chr3	136180163	136180396	DNA/hAT-Charlie	736	-	116	136180279	94169
chr3	107993195	108193195	harbor2	chr3	108007310	108007351	DNA/hAT-Charlie	663	-	20	108007330	14135
chr3	107993195	108193195	harbor2	chr3	108007678	108007808	DNA/hAT-Charlie	663	-	65	108007743	14548
chr3	107993195	108193195	harbor2	chr3	108033460	108033658	DNA/hAT-Charlie	485	-	99	108033559	40364
chr3	107993195	108193195	harbor2	chr3	108033655	108033824	DNA/hAT-Charlie	482	-	84	108033739	40544
chr3	107993195	108193195	harbor2	chr3	108061139	108061306	DNA/hAT-Charlie	524	-	84	108061223	68028
chr3	138339763	138539763	harbor2	chr3	138372017	138372218	DNA/hAT-Charlie	1001	-	100	138372117	32354
chr3	138339763	138539763	harbor2	chr3	138376542	138376714	DNA/hAT-Charlie	602	-	86	138376628	36865
chr3	138339763	138539763	harbor2	chr3	138411094	138411269	DNA/hAT-Charlie	658	-	88	138411182	71419
chr3	138339763	138539763	harbor2	chr3	138412408	138412562	DNA/hAT-Charlie	583	-	77	138412485	72722
chr3	49618697	49818697	harbor2	chr3	49623867	49623995	DNA/hAT-Charlie	565	-	64	49623931	5234
chr3	48894246	49094246	harbor2	chr3	48962604	48962807	DNA/hAT-Charlie	986	-	102	48962706	68460
chr3	108000209	108200209	harbor2	chr3	108007310	108007351	DNA/hAT-Charlie	663	-	20	108007330	7121
chr3	108000209	108200209	harbor2	chr3	108007678	108007808	DNA/hAT-Charlie	663	-	65	108007743	7534
chr3	108000209	108200209	harbor2	chr3	108033460	108033658	DNA/hAT-Charlie	485	-	99	108033559	33350
chr3	108000209	108200209	harbor2	chr3	108033655	108033824	DNA/hAT-Charlie	482	-	84	108033739	33530
chr3	108000209	108200209	harbor2	chr3	108061139	108061306	DNA/hAT-Charlie	524	-	84	108061223	61014
chr3	182693462	182893462	harbor2	chr3	182759903	182760009	DNA/hAT-Charlie	668	-	53	182759956	66494
chr3	182693462	182893462	harbor2	chr3	182773023	182773241	DNA/hAT-Charlie	1610	-	109	182773132	79670
chr3	182693462	182893462	harbor2	chr3	182790258	182790448	DNA/hAT-Charlie	501	-	95	182790353	96891
chr3	142529008	142729008	harbor2	chr3	142532961	142533016	DNA/hAT-Charlie	802	-	28	142532989	3981
chr3	142529008	142729008	harbor2	chr3	142533263	142533467	DNA/hAT-Charlie	802	-	102	142533365	4357
chr3	142529008	142729008	harbor2	chr3	142557060	142557158	DNA/hAT-Charlie	662	-	49	142557109	28101
chr3	142529008	142729008	harbor2	chr3	142564620	142564750	DNA/hAT-Charlie	734	-	65	142564685	35677
chr3	142529008	142729008	harbor2	chr3	142565047	142565146	DNA/hAT-Charlie	734	-	50	142565097	36089
chr3	142529008	142729008	harbor2	chr3	142565543	142565610	DNA/hAT-Charlie	460	-	34	142565577	36569
chr3	142529008	142729008	harbor2	chr3	142573590	142573887	DNA/hAT-Charlie	1424	-	148	142573738	44730
chr3	142529008	142729008	harbor2	chr3	142583658	142584166	DNA/hAT-Charlie	3870	-	254	142583912	54904
chr3	142529008	142729008	harbor2	chr3	142587861	142588000	DNA/hAT-Charlie	563	-	70	142587931	58923
chr3	142529008	142729008	harbor2	chr3	142610933	142611268	DNA/hAT-Charlie	1837	-	168	142611101	82093
chr3	142529008	142729008	harbor2	chr3	142614412	142614667	DNA/hAT-Charlie	548	-	128	142614540	85532
chr3	142529008	142729008	harbor2	chr3	142626498	142627128	DNA/hAT-Charlie	1312	-	315	142626813	97805
chr3	126911046	127111046	harbor2	chr3	126914253	126914456	DNA/hAT-Charlie	1192	-	102	126914355	3309
chr3	126911046	127111046	harbor2	chr3	126967307	126967632	DNA/hAT-Charlie	1912	-	162	126967469	56423
chr3	23711708	23911708	harbor2	chr3	23724586	23724687	DNA/hAT-Charlie	490	-	50	23724636	12928
chr3	23711708	23911708	harbor2	chr3	23724724	23724749	DNA/hAT-Charlie	490	-	12	23724736	13028
chr3	23711708	23911708	harbor2	chr3	23753686	23753803	DNA/hAT-Charlie	519	-	58	23753744	42036
chr3	23711708	23911708	harbor2	chr3	23767580	23767740	DNA/hAT-Charlie	674	-	80	23767660	55952
chr3	23711708	23911708	harbor2	chr3	23778202	23778376	DNA/hAT-Charlie	810	-	87	23778289	66581
chr3	23711708	23911708	harbor2	chr3	23779339	23779447	DNA/hAT-Charlie	514	-	54	23779393	67685
chr3	23711708	23911708	harbor2	chr3	23789090	23789224	DNA/hAT-Charlie	611	-	67	23789157	77449
chr3	125112713	125312713	harbor2	chr3	125112816	125112920	DNA/hAT-Charlie	471	-	52	125112868	155
chr3	125112713	125312713	harbor2	chr3	125149977	125150095	DNA/hAT-Charlie	401	-	59	125150036	37323
chr3	125112713	125312713	harbor2	chr3	125164766	125164931	DNA/hAT-Charlie	556	-	82	125164848	52135
chr3	23710838	23910838	harbor2	chr3	23724586	23724687	DNA/hAT-Charlie	490	-	50	23724636	13798
chr3	23710838	23910838	harbor2	chr3	23724724	23724749	DNA/hAT-Charlie	490	-	12	23724736	13898
chr3	23710838	23910838	harbor2	chr3	23753686	23753803	DNA/hAT-Charlie	519	-	58	23753744	42906
chr3	23710838	23910838	harbor2	chr3	23767580	23767740	DNA/hAT-Charlie	674	-	80	23767660	56822
chr3	23710838	23910838	harbor2	chr3	23778202	23778376	DNA/hAT-Charlie	810	-	87	23778289	67451
chr3	23710838	23910838	harbor2	chr3	23779339	23779447	DNA/hAT-Charlie	514	-	54	23779393	68555
chr3	23710838	23910838	harbor2	chr3	23789090	23789224	DNA/hAT-Charlie	611	-	67	23789157	78319
chr3	108468945	108668945	harbor2	chr3	108479496	108479669	DNA/hAT-Charlie	674	-	86	108479582	10637
chr3	108468945	108668945	harbor2	chr3	108527021	108527203	DNA/hAT-Charlie	1006	-	91	108527112	58167
chr3	108468945	108668945	harbor2	chr3	108549618	108549764	DNA/hAT-Charlie	598	-	73	108549691	80746
chr3	108468945	108668945	harbor2	chr3	108562218	108562422	DNA/hAT-Charlie	772	-	102	108562320	93375
chr3	157015013	157215013	harbor2	chr3	157017068	157017216	DNA/hAT-Charlie	853	-	74	157017142	2129
chr3	157015013	157215013	harbor2	chr3	157026995	157027118	DNA/hAT-Charlie	576	-	62	157027057	12044
chr3	157015013	157215013	harbor2	chr3	157027232	157027317	DNA/hAT-Charlie	494	-	42	157027274	12261
chr3	157015013	157215013	harbor2	chr3	157052697	157052844	DNA/hAT-Charlie	467	-	74	157052771	37758
chr3	157015013	157215013	harbor2	chr3	157053006	157053726	DNA/hAT-Charlie	1396	-	360	157053366	38353
chr3	157015013	157215013	harbor2	chr3	157074848	157074905	DNA/hAT-Charlie	502	-	28	157074876	59863
chr3	157015013	157215013	harbor2	chr3	157075349	157075563	DNA/hAT-Charlie	502	-	107	157075456	60443
chr3	131281884	131481884	harbor2	chr3	131308780	131309129	DNA/hAT-Charlie	2293	-	174	131308954	27070
chr3	131281884	131481884	harbor2	chr3	131322574	131322718	DNA/hAT-Charlie	609	-	72	131322646	40762
chr3	131281884	131481884	harbor2	chr3	131351973	131352131	DNA/hAT-Charlie	652	-	79	131352052	70168
chr3	131281884	131481884	harbor2	chr3	131362848	131363073	DNA/hAT-Charlie	417	-	112	131362960	81076
chr3	184086432	184286432	harbor2	chr3	184125409	184125553	DNA/hAT-Charlie	652	-	72	184125481	39049
chr3	184086432	184286432	harbor2	chr3	184157541	184157751	DNA/hAT-Charlie	550	-	105	184157646	71214
chr3	51995390	52195390	harbor2	chr3	52061623	52061796	DNA/hAT-Charlie	441	-	86	52061709	66319
chr3	51995390	52195390	harbor2	chr3	52067548	52067801	DNA/hAT-Charlie	496	-	126	52067674	72284
chr3	50289500	50489500	harbor2	chr3	50339812	50339965	DNA/hAT-Charlie	469	-	76	50339888	50388
chr3	108359237	108559237	harbor2	chr3	108396900	108397068	DNA/hAT-Charlie	496	-	84	108396984	37747
chr3	108359237	108559237	harbor2	chr3	108407828	108407980	DNA/hAT-Charlie	811	-	76	108407904	48667
chr3	108359237	108559237	harbor2	chr3	108417901	108418610	DNA/hAT-Charlie	2707	-	354	108418255	59018
chr3	108359237	108559237	harbor2	chr3	108454479	108454676	DNA/hAT-Charlie	707	-	98	108454577	95340
chr3	108359237	108559237	harbor2	chr3	108396282	108396601	DNA/hAT-Charlie	1827	-	160	108396442	37205
chr3	183916164	184116164	harbor2	chr3	183964411	183964584	DNA/hAT-Charlie	1004	-	86	183964497	48333
chr3	183916164	184116164	harbor2	chr3	183992851	183993202	DNA/hAT-Charlie	3775	-	176	183993027	76863
chr3	183916164	184116164	harbor2	chr3	183993505	183993714	DNA/hAT-Charlie	3775	-	104	183993609	77445
chr3	183916164	184116164	harbor2	chr3	183993836	183993961	DNA/hAT-Charlie	3775	-	62	183993898	77734
chr3	183916164	184116164	harbor2	chr3	183994194	183994313	DNA/hAT-Charlie	3775	-	60	183994254	78090
chr3	183916164	184116164	harbor2	chr3	184000874	184000979	DNA/hAT-Charlie	1328	-	52	184000926	84762
chr3	183916164	184116164	harbor2	chr3	184001271	184001496	DNA/hAT-Charlie	1328	-	112	184001383	85219
chr3	183916164	184116164	harbor2	chr3	184003966	184004141	DNA/hAT-Charlie	623	-	88	184004054	87890
chr3	52045019	52245019	harbor2	chr3	52061623	52061796	DNA/hAT-Charlie	441	-	86	52061709	16690
chr3	52045019	52245019	harbor2	chr3	52067548	52067801	DNA/hAT-Charlie	496	-	126	52067674	22655
chr3	50308663	50508663	harbor2	chr3	50339812	50339965	DNA/hAT-Charlie	469	-	76	50339888	31225
chr3	148724778	148924778	harbor2	chr3	148727881	148728104	DNA/hAT-Charlie	902	-	112	148727993	3215
chr3	148724778	148924778	harbor2	chr3	148730663	148730849	DNA/hAT-Charlie	1170	-	93	148730756	5978
chr3	148724778	148924778	harbor2	chr3	148757255	148757422	DNA/hAT-Charlie	603	-	84	148757339	32561
chr3	148724778	148924778	harbor2	chr3	148794601	148795014	DNA/hAT-Charlie	1378	-	206	148794807	70029
chr3	148724778	148924778	harbor2	chr3	148820467	148820601	DNA/hAT-Charlie	450	-	67	148820534	95756
chr3	129875421	130075421	harbor2	chr3	129938330	129938558	DNA/hAT-Charlie	598	-	114	129938444	63023
chr3	129875421	130075421	harbor2	chr3	129973644	129973938	DNA/hAT-Charlie	587	-	147	129973791	98370
chr3	182693567	182893567	harbor2	chr3	182759903	182760009	DNA/hAT-Charlie	668	-	53	182759956	66389
chr3	182693567	182893567	harbor2	chr3	182773023	182773241	DNA/hAT-Charlie	1610	-	109	182773132	79565
chr3	182693567	182893567	harbor2	chr3	182790258	182790448	DNA/hAT-Charlie	501	-	95	182790353	96786
chr3	50290968	50490968	harbor2	chr3	50339812	50339965	DNA/hAT-Charlie	469	-	76	50339888	48920
chr3	127490198	127690198	harbor2	chr3	127534897	127535192	DNA/hAT-Charlie	936	-	148	127535045	44847
chr3	127490198	127690198	harbor2	chr3	127556022	127556263	DNA/hAT-Charlie	800	-	120	127556142	65944
chr3	127490198	127690198	harbor2	chr3	127556582	127556712	DNA/hAT-Charlie	768	-	65	127556647	66449
chr3	127490198	127690198	harbor2	chr3	127562699	127562813	DNA/hAT-Charlie	544	-	57	127562756	72558
chr3	127490198	127690198	harbor2	chr3	127562819	127563029	DNA/hAT-Charlie	739	-	105	127562924	72726
chr3	127490198	127690198	harbor2	chr3	127549313	127549528	DNA/hAT-Charlie	812	-	108	127549421	59223
chr3	123518827	123718827	harbor2	chr3	123520397	123520584	DNA/hAT-Charlie	841	-	94	123520491	1664
chr3	123518827	123718827	harbor2	chr3	123566084	123566251	DNA/hAT-Charlie	554	-	84	123566168	47341
chr3	123518827	123718827	harbor2	chr3	123570118	123570350	DNA/hAT-Charlie	873	-	116	123570234	51407
chr3	123518827	123718827	harbor2	chr3	123571943	123572097	DNA/hAT-Charlie	427	-	77	123572020	53193
chr3	123518827	123718827	harbor2	chr3	123575048	123575104	DNA/hAT-Charlie	798	-	28	123575076	56249
chr3	123518827	123718827	harbor2	chr3	123575417	123575540	DNA/hAT-Charlie	798	-	62	123575479	56652
chr3	123518827	123718827	harbor2	chr3	123586151	123586462	DNA/hAT-Charlie	1797	-	156	123586307	67480
chr3	123518827	123718827	harbor2	chr3	123589691	123590017	DNA/hAT-Charlie	2353	-	163	123589854	71027
chr3	123518827	123718827	harbor2	chr3	123599527	123599823	DNA/hAT-Charlie	789	-	148	123599675	80848
chr3	123518827	123718827	harbor2	chr3	123611526	123612044	DNA/hAT-Charlie	3714	-	259	123611785	92958
chr3	196218333	196418333	harbor2	chr3	196222274	196222352	DNA/hAT-Charlie	435	-	39	196222313	3980
chr3	196218333	196418333	harbor2	chr3	196222649	196222814	DNA/hAT-Charlie	435	-	82	196222731	4398
chr3	196218333	196418333	harbor2	chr3	196226346	196226469	DNA/hAT-Charlie	449	-	62	196226408	8075
chr3	196218333	196418333	harbor2	chr3	196286523	196286632	DNA/hAT-Charlie	440	-	54	196286577	68244
chr3	196218333	196418333	harbor2	chr3	196286934	196287004	DNA/hAT-Charlie	440	-	35	196286969	68636
chr3	196218333	196418333	harbor2	chr3	196288891	196289101	DNA/hAT-Charlie	1254	-	105	196288996	70663
chr3	196218333	196418333	harbor2	chr3	196292432	196292721	DNA/hAT-Charlie	1147	-	144	196292576	74243
chr3	50288119	50488119	harbor2	chr3	50339812	50339965	DNA/hAT-Charlie	469	-	76	50339888	51769
chr3	108053525	108253525	harbor2	chr3	108061139	108061306	DNA/hAT-Charlie	524	-	84	108061223	7698
chr3	108053525	108253525	harbor2	chr3	108103386	108103578	DNA/hAT-Charlie	709	-	96	108103482	49957
chr3	108053525	108253525	harbor2	chr3	108107181	108107345	DNA/hAT-Charlie	842	-	82	108107263	53738
chr3	108053525	108253525	harbor2	chr3	108112700	108112882	DNA/hAT-Charlie	511	-	91	108112791	59266
chr3	108053525	108253525	harbor2	chr3	108129471	108129644	DNA/hAT-Charlie	518	-	86	108129557	76032
chr3	108053525	108253525	harbor2	chr3	108130400	108131093	DNA/hAT-Charlie	1234	-	346	108130746	77221
chr3	195800094	196000094	harbor2	chr3	195859611	195859828	DNA/hAT-Charlie	401	-	108	195859719	59625
chr3	195800094	196000094	harbor2	chr3	195889167	195889375	DNA/hAT-Charlie	478	-	104	195889271	89177
chr3	127581132	127781132	harbor2	chr3	127678490	127678676	DNA/hAT-Charlie	803	-	93	127678583	97451
chr3	182297276	182497276	harbor2	chr3	182322545	182322828	DNA/hAT-Charlie	815	-	142	182322687	25411
chr3	182297276	182497276	harbor2	chr3	182368494	182368658	DNA/hAT-Charlie	555	-	82	182368576	71300
chr3	182297276	182497276	harbor2	chr3	182383458	182383601	DNA/hAT-Charlie	684	-	72	182383530	86254
chr3	182297276	182497276	harbor2	chr3	182387812	182388126	DNA/hAT-Charlie	1297	-	157	182387969	90693
chr4	39082469	39282469	harbor2	chr4	39110045	39110466	DNA/hAT-Charlie	1131	-	210	39110255	27786
chr4	39082469	39282469	harbor2	chr4	39110768	39110950	DNA/hAT-Charlie	1131	-	91	39110859	28390
chr4	98161348	98361348	harbor2	chr4	98178606	98179441	DNA/hAT-Charlie	1649	-	418	98179024	17676
chr4	98161348	98361348	harbor2	chr4	98188946	98189175	DNA/hAT-Charlie	921	-	114	98189060	27712
chr4	98161348	98361348	harbor2	chr4	98206532	98206738	DNA/hAT-Charlie	1138	-	103	98206635	45287
chr4	98161348	98361348	harbor2	chr4	98218439	98218848	DNA/hAT-Charlie	1623	-	204	98218643	57295
chr4	98161348	98361348	harbor2	chr4	98218863	98219091	DNA/hAT-Charlie	884	-	114	98218977	57629
chr4	98161348	98361348	harbor2	chr4	98235471	98235664	DNA/hAT-Charlie	926	-	96	98235567	74219
chr4	103098506	103298506	harbor2	chr4	103164491	103164801	DNA/hAT-Charlie	929	-	155	103164646	66140
chr4	3569998	3769998	harbor2	chr4	3666323	3666554	DNA/hAT-Charlie	939	-	116	3666439	96441
chr4	38573365	38773365	harbor2	chr4	38595592	38595958	DNA/hAT-Charlie	1642	-	183	38595775	22410
chr4	38573365	38773365	harbor2	chr4	38596261	38596698	DNA/hAT-Charlie	1642	-	218	38596479	23114
chr4	38573365	38773365	harbor2	chr4	38598247	38598419	DNA/hAT-Charlie	642	-	86	38598333	24968
chr4	159002962	159202962	harbor2	chr4	159014718	159014936	DNA/hAT-Charlie	1559	-	109	159014827	11865
chr4	159002962	159202962	harbor2	chr4	159066784	159066961	DNA/hAT-Charlie	740	-	88	159066872	63910
chr4	176095954	176295954	harbor2	chr4	176116068	176116623	DNA/hAT-Charlie	1141	-	278	176116346	20392
chr4	176095954	176295954	harbor2	chr4	176116753	176118118	DNA/hAT-Charlie	2945	-	682	176117435	21481
chr4	176095954	176295954	harbor2	chr4	176186665	176186826	DNA/hAT-Charlie	529	-	80	176186745	90791
chr4	176095954	176295954	harbor2	chr4	176186945	176187003	DNA/hAT-Charlie	1248	-	29	176186974	91020
chr4	176095954	176295954	harbor2	chr4	176187153	176187348	DNA/hAT-Charlie	1248	-	98	176187251	91297
chr4	176095954	176295954	harbor2	chr4	176187626	176187696	DNA/hAT-Charlie	1248	-	35	176187661	91707
chr4	55295797	55495797	harbor2	chr4	55367955	55368088	DNA/hAT-Charlie	636	-	66	55368021	72224
chr4	89737944	89937944	harbor2	chr4	89768530	89768848	DNA/hAT-Charlie	1604	-	159	89768689	30745
chr4	89737944	89937944	harbor2	chr4	89798574	89798803	DNA/hAT-Charlie	1369	-	114	89798688	60744
chr4	89737944	89937944	harbor2	chr4	89798812	89799114	DNA/hAT-Charlie	1067	-	151	89798963	61019
chr4	89737944	89937944	harbor2	chr4	89800748	89800946	DNA/hAT-Charlie	598	-	99	89800847	62903
chr4	120823311	121023311	harbor2	chr4	120826861	120827342	DNA/hAT-Charlie	955	-	240	120827101	3790
chr4	120823311	121023311	harbor2	chr4	120827323	120827648	DNA/hAT-Charlie	925	-	162	120827485	4174
chr4	120823311	121023311	harbor2	chr4	120838512	120838706	DNA/hAT-Charlie	1288	-	97	120838609	15298
chr4	120823311	121023311	harbor2	chr4	120840876	120841000	DNA/hAT-Charlie	641	-	62	120840938	17627
chr4	120823311	121023311	harbor2	chr4	120882448	120883070	DNA/hAT-Charlie	7086	-	311	120882759	59448
chr4	120823311	121023311	harbor2	chr4	120910779	120911034	DNA/hAT-Charlie	801	-	128	120910907	87596
chr4	120823311	121023311	harbor2	chr4	120880382	120882215	DNA/hAT-Charlie	7086	-	916	120881298	57987
chr4	2363014	2563014	harbor2	chr4	2379427	2379791	DNA/hAT-Charlie	461	-	182	2379609	16595
chr4	2363014	2563014	harbor2	chr4	2380006	2380537	DNA/hAT-Charlie	993	-	266	2380272	17258
chr4	8058806	8258806	harbor2	chr4	8098281	8098462	DNA/hAT-Charlie	686	-	90	8098371	39565
chr4	120822652	121022652	harbor2	chr4	120826861	120827342	DNA/hAT-Charlie	955	-	240	120827101	4449
chr4	120822652	121022652	harbor2	chr4	120827323	120827648	DNA/hAT-Charlie	925	-	162	120827485	4833
chr4	120822652	121022652	harbor2	chr4	120838512	120838706	DNA/hAT-Charlie	1288	-	97	120838609	15957
chr4	120822652	121022652	harbor2	chr4	120840876	120841000	DNA/hAT-Charlie	641	-	62	120840938	18286
chr4	120822652	121022652	harbor2	chr4	120882448	120883070	DNA/hAT-Charlie	7086	-	311	120882759	60107
chr4	120822652	121022652	harbor2	chr4	120910779	120911034	DNA/hAT-Charlie	801	-	128	120910907	88255
chr4	120822652	121022652	harbor2	chr4	120880382	120882215	DNA/hAT-Charlie	7086	-	916	120881298	58646
chr4	122858241	123058241	harbor2	chr4	122903422	122903565	DNA/hAT-Charlie	824	-	72	122903494	45253
chr4	122858241	123058241	harbor2	chr4	122924761	122924996	DNA/hAT-Charlie	642	-	118	122924879	66638
chr4	122858241	123058241	harbor2	chr4	122929234	122929411	DNA/hAT-Charlie	1165	-	88	122929322	71081
chr4	122858241	123058241	harbor2	chr4	122929712	122929877	DNA/hAT-Charlie	1165	-	82	122929794	71553
chr4	2318802	2518802	harbor2	chr4	2379427	2379791	DNA/hAT-Charlie	461	-	182	2379609	60807
chr4	2318802	2518802	harbor2	chr4	2380006	2380537	DNA/hAT-Charlie	993	-	266	2380272	61470
chr4	12478041	12678041	harbor2	chr4	12546863	12547087	DNA/hAT-Charlie	858	-	112	12546975	68934
chr4	12478041	12678041	harbor2	chr4	12568614	12568818	DNA/hAT-Charlie	892	-	102	12568716	90675
chr4	12478041	12678041	harbor2	chr4	12576715	12576919	DNA/hAT-Charlie	841	-	102	12576817	98776
chr4	103098509	103298509	harbor2	chr4	103164491	103164801	DNA/hAT-Charlie	929	-	155	103164646	66137
chr4	103098505	103298505	harbor2	chr4	103164491	103164801	DNA/hAT-Charlie	929	-	155	103164646	66141
chr4	145413737	145613737	harbor2	chr4	145427999	145428193	DNA/hAT-Charlie	1445	-	97	145428096	14359
chr4	145413737	145613737	harbor2	chr4	145485042	145485055	DNA/hAT-Charlie	770	-	6	145485048	71311
chr4	145413737	145613737	harbor2	chr4	145485375	145485541	DNA/hAT-Charlie	770	-	83	145485458	71721
chr4	187837772	188037772	harbor2	chr4	187883651	187883891	DNA/hAT-Charlie	894	-	120	187883771	45999
chr4	187837772	188037772	harbor2	chr4	187918647	187918983	DNA/hAT-Charlie	1630	-	168	187918815	81043
chr4	6251701	6451701	harbor2	chr4	6254476	6254628	DNA/hAT-Charlie	553	-	76	6254552	2851
chr4	6251701	6451701	harbor2	chr4	6264555	6264722	DNA/hAT-Charlie	580	-	84	6264639	12938
chr4	6251701	6451701	harbor2	chr4	6288405	6288573	DNA/hAT-Charlie	747	-	84	6288489	36788
chr4	2364000	2564000	harbor2	chr4	2379427	2379791	DNA/hAT-Charlie	461	-	182	2379609	15609
chr4	2364000	2564000	harbor2	chr4	2380006	2380537	DNA/hAT-Charlie	993	-	266	2380272	16272
chr4	2363979	2563979	harbor2	chr4	2379427	2379791	DNA/hAT-Charlie	461	-	182	2379609	15630
chr4	2363979	2563979	harbor2	chr4	2380006	2380537	DNA/hAT-Charlie	993	-	266	2380272	16293
chr4	103098514	103298514	harbor2	chr4	103164491	103164801	DNA/hAT-Charlie	929	-	155	103164646	66132
chr4	17477327	17677327	harbor2	chr4	17509891	17510191	DNA/hAT-Charlie	1419	-	150	17510041	32714
chr4	17477327	17677327	harbor2	chr4	17512708	17512921	DNA/hAT-Charlie	824	-	106	17512814	35487
chr4	17477327	17677327	harbor2	chr4	17540578	17540857	DNA/hAT-Charlie	1682	-	140	17540718	63391
chr4	7569422	7769422	harbor2	chr4	7572219	7573329	DNA/hAT-Charlie	2137	-	555	7572774	3352
chr4	7569422	7769422	harbor2	chr4	7575210	7575600	DNA/hAT-Charlie	1466	-	195	7575405	5983
chr4	144468740	144668740	harbor2	chr4	144549990	144550211	DNA/hAT-Charlie	1509	-	110	144550100	81360
chr4	1215637	1415637	harbor2	chr4	1292538	1292701	DNA/hAT-Charlie	545	-	82	1292620	76983
chr4	70739668	70939668	harbor2	chr4	70753520	70753678	DNA/hAT-Charlie	462	-	79	70753599	13931
chr4	70739668	70939668	harbor2	chr4	70762338	70762458	DNA/hAT-Charlie	568	-	60	70762398	22730
chr4	120879554	121079554	harbor2	chr4	120882448	120883070	DNA/hAT-Charlie	7086	-	311	120882759	3205
chr4	120879554	121079554	harbor2	chr4	120910779	120911034	DNA/hAT-Charlie	801	-	128	120910907	31353
chr4	120879554	121079554	harbor2	chr4	120880382	120882215	DNA/hAT-Charlie	7086	-	916	120881298	1744
chr4	7839706	8039706	harbor2	chr4	7893664	7893824	DNA/hAT-Charlie	618	-	80	7893744	54038
chr4	6889753	7089753	harbor2	chr4	6909034	6909186	DNA/hAT-Charlie	478	-	76	6909110	19357
chr4	6889753	7089753	harbor2	chr4	6927610	6927817	DNA/hAT-Charlie	859	-	104	6927714	37961
chr4	6889753	7089753	harbor2	chr4	6940105	6940299	DNA/hAT-Charlie	957	-	97	6940202	50449
chr4	6889753	7089753	harbor2	chr4	6945847	6946017	DNA/hAT-Charlie	585	-	85	6945932	56179
chr4	6889753	7089753	harbor2	chr4	6952175	6952354	DNA/hAT-Charlie	767	-	90	6952265	62512
chr4	6889753	7089753	harbor2	chr4	6972576	6972762	DNA/hAT-Charlie	1404	-	93	6972669	82916
chr4	103098758	103298758	harbor2	chr4	103164491	103164801	DNA/hAT-Charlie	929	-	155	103164646	65888
chr4	86993241	87193241	harbor2	chr4	86993620	86993682	DNA/hAT-Charlie	505	-	31	86993651	410
chr4	86993241	87193241	harbor2	chr4	86993971	86994100	DNA/hAT-Charlie	505	-	64	86994035	794
chr4	86993241	87193241	harbor2	chr4	86994156	86994417	DNA/hAT-Charlie	514	-	130	86994286	1045
chr4	86993241	87193241	harbor2	chr4	87004309	87005016	DNA/hAT-Charlie	4457	-	354	87004663	11422
chr4	86993241	87193241	harbor2	chr4	87005279	87006043	DNA/hAT-Charlie	4457	-	382	87005661	12420
chr4	86993241	87193241	harbor2	chr4	87030185	87030409	DNA/hAT-Charlie	1344	-	112	87030297	37056
chr4	103098495	103298495	harbor2	chr4	103164491	103164801	DNA/hAT-Charlie	929	-	155	103164646	66151
chr4	76849477	77049477	harbor2	chr4	76914222	76914658	DNA/hAT-Charlie	1005	-	218	76914440	64963
chr4	2363019	2563019	harbor2	chr4	2379427	2379791	DNA/hAT-Charlie	461	-	182	2379609	16590
chr4	2363019	2563019	harbor2	chr4	2380006	2380537	DNA/hAT-Charlie	993	-	266	2380272	17253
chr4	55296360	55496360	harbor2	chr4	55367955	55368088	DNA/hAT-Charlie	636	-	66	55368021	71661
chr5	115444451	115644451	harbor2	chr5	115465038	115465188	DNA/hAT-Charlie	680	-	75	115465113	20662
chr5	115444451	115644451	harbor2	chr5	115496646	115496850	DNA/hAT-Charlie	833	-	102	115496748	52297
chr5	115444451	115644451	harbor2	chr5	115531544	115531861	DNA/hAT-Charlie	1201	-	158	115531702	87251
chr5	171287646	171487646	harbor2	chr5	171306315	171306499	DNA/hAT-Charlie	1049	-	92	171306407	18761
chr5	73351442	73551442	harbor2	chr5	73366527	73366862	DNA/hAT-Charlie	2157	-	168	73366695	15253
chr5	73351442	73551442	harbor2	chr5	73372908	73373048	DNA/hAT-Charlie	559	-	70	73372978	21536
chr5	135435988	135635988	harbor2	chr5	135478445	135478664	DNA/hAT-Charlie	537	-	110	135478555	42567
chr5	135435988	135635988	harbor2	chr5	135514826	135515090	DNA/hAT-Charlie	918	-	132	135514958	78970
chr5	10341874	10541874	harbor2	chr5	10362406	10362849	DNA/hAT-Charlie	738	-	222	10362628	20754
chr5	10341874	10541874	harbor2	chr5	10372641	10372903	DNA/hAT-Charlie	775	-	131	10372772	30898
chr5	10341874	10541874	harbor2	chr5	10413895	10414099	DNA/hAT-Charlie	899	-	102	10413997	72123
chr5	150970772	151170772	harbor2	chr5	151010738	151010904	DNA/hAT-Charlie	761	-	83	151010821	40049
chr5	150970772	151170772	harbor2	chr5	151015424	151015551	DNA/hAT-Charlie	1030	-	64	151015488	44716
chr5	150970772	151170772	harbor2	chr5	151015809	151015977	DNA/hAT-Charlie	1030	-	84	151015893	45121
chr5	73351456	73551456	harbor2	chr5	73366527	73366862	DNA/hAT-Charlie	2157	-	168	73366695	15239
chr5	73351456	73551456	harbor2	chr5	73372908	73373048	DNA/hAT-Charlie	559	-	70	73372978	21522
chr5	171288490	171488490	harbor2	chr5	171306315	171306499	DNA/hAT-Charlie	1049	-	92	171306407	17917
chr5	10341865	10541865	harbor2	chr5	10362406	10362849	DNA/hAT-Charlie	738	-	222	10362628	20763
chr5	10341865	10541865	harbor2	chr5	10372641	10372903	DNA/hAT-Charlie	775	-	131	10372772	30907
chr5	10341865	10541865	harbor2	chr5	10413895	10414099	DNA/hAT-Charlie	899	-	102	10413997	72132
chr5	41804360	42004360	harbor2	chr5	41828820	41828978	DNA/hAT-Charlie	499	-	79	41828899	24539
chr5	41804360	42004360	harbor2	chr5	41836506	41836853	DNA/hAT-Charlie	2111	-	174	41836680	32320
chr5	41804360	42004360	harbor2	chr5	41889142	41889354	DNA/hAT-Charlie	929	-	106	41889248	84888
chr5	112319140	112519140	harbor2	chr5	112340252	112340437	DNA/hAT-Charlie	938	-	92	112340344	21204
chr5	112319140	112519140	harbor2	chr5	112344173	112344291	DNA/hAT-Charlie	497	-	59	112344232	25092
chr5	112319140	112519140	harbor2	chr5	112350223	112350337	DNA/hAT-Charlie	464	-	57	112350280	31140
chr5	10341837	10541837	harbor2	chr5	10362406	10362849	DNA/hAT-Charlie	738	-	222	10362628	20791
chr5	10341837	10541837	harbor2	chr5	10372641	10372903	DNA/hAT-Charlie	775	-	131	10372772	30935
chr5	10341837	10541837	harbor2	chr5	10413895	10414099	DNA/hAT-Charlie	899	-	102	10413997	72160
chr5	134425024	134625024	harbor2	chr5	134502502	134502709	DNA/hAT-Charlie	1168	-	104	134502606	77582
chr5	134425024	134625024	harbor2	chr5	134503011	134503085	DNA/hAT-Charlie	1168	-	37	134503048	78024
chr5	134425024	134625024	harbor2	chr5	134521437	134521916	DNA/hAT-Charlie	1671	-	240	134521677	96653
chr5	158975488	159175488	harbor2	chr5	158986447	158986687	DNA/hAT-Charlie	595	-	120	158986567	11079
chr5	158975488	159175488	harbor2	chr5	159016955	159017221	DNA/hAT-Charlie	868	-	133	159017088	41600
chr5	6533324	6733324	harbor2	chr5	6541419	6541582	DNA/hAT-Charlie	892	-	82	6541501	8177
chr5	6533324	6733324	harbor2	chr5	6573237	6573382	DNA/hAT-Charlie	681	-	72	6573309	39985
chr5	52700040	52900040	harbor2	chr5	52767147	52767326	DNA/hAT-Charlie	2078	-	90	52767237	67197
chr5	52700040	52900040	harbor2	chr5	52767696	52768605	DNA/hAT-Charlie	2078	-	454	52768150	68110
chr5	52700040	52900040	harbor2	chr5	52785362	52785680	DNA/hAT-Charlie	2159	-	159	52785521	85481
chr5	135980728	136180728	harbor2	chr5	136015803	136015985	DNA/hAT-Charlie	937	-	91	136015894	35166
chr5	135980728	136180728	harbor2	chr5	136074858	136075008	DNA/hAT-Charlie	556	-	75	136074933	94205
chr5	135980728	136180728	harbor2	chr5	136075167	136075283	DNA/hAT-Charlie	595	-	58	136075225	94497
chr5	135980728	136180728	harbor2	chr5	136078284	136078506	DNA/hAT-Charlie	1571	-	111	136078395	97667
chr5	171287662	171487662	harbor2	chr5	171306315	171306499	DNA/hAT-Charlie	1049	-	92	171306407	18745
chr5	10348809	10548809	harbor2	chr5	10362406	10362849	DNA/hAT-Charlie	738	-	222	10362628	13819
chr5	10348809	10548809	harbor2	chr5	10372641	10372903	DNA/hAT-Charlie	775	-	131	10372772	23963
chr5	10348809	10548809	harbor2	chr5	10413895	10414099	DNA/hAT-Charlie	899	-	102	10413997	65188
chr5	10348809	10548809	harbor2	chr5	10446222	10446376	DNA/hAT-Charlie	555	-	77	10446299	97490
chr5	10348809	10548809	harbor2	chr5	10446673	10446703	DNA/hAT-Charlie	555	-	15	10446688	97879
chr5	76930492	77130492	harbor2	chr5	76986392	76986488	DNA/hAT-Charlie	462	-	48	76986440	55948
chr5	76930492	77130492	harbor2	chr5	76992731	76992948	DNA/hAT-Charlie	1532	-	108	76992839	62347
chr5	76930492	77130492	harbor2	chr5	77000924	77001098	DNA/hAT-Charlie	991	-	87	77001011	70519
chr5	133511231	133711231	harbor2	chr5	133552372	133552675	DNA/hAT-Charlie	719	-	152	133552524	41293
chr5	73351450	73551450	harbor2	chr5	73366527	73366862	DNA/hAT-Charlie	2157	-	168	73366695	15245
chr5	73351450	73551450	harbor2	chr5	73372908	73373048	DNA/hAT-Charlie	559	-	70	73372978	21528
chr5	154684770	154884770	harbor2	chr5	154707566	154708607	DNA/hAT-Charlie	7624	-	520	154708086	23316
chr5	154684770	154884770	harbor2	chr5	154708911	154708959	DNA/hAT-Charlie	7624	-	24	154708935	24165
chr5	154684770	154884770	harbor2	chr5	154708954	154709598	DNA/hAT-Charlie	6204	-	322	154709276	24506
chr5	154684770	154884770	harbor2	chr5	154709626	154710216	DNA/hAT-Charlie	6204	-	295	154709921	25151
chr5	154684770	154884770	harbor2	chr5	154713321	154713640	DNA/hAT-Charlie	490	-	160	154713481	28711
chr5	154684770	154884770	harbor2	chr5	154719360	154719580	DNA/hAT-Charlie	1950	-	110	154719470	34700
chr5	154684770	154884770	harbor2	chr5	154719879	154719909	DNA/hAT-Charlie	1950	-	15	154719894	35124
chr5	154684770	154884770	harbor2	chr5	154720227	154720432	DNA/hAT-Charlie	1950	-	102	154720329	35559
chr5	154684770	154884770	harbor2	chr5	154720738	154720801	DNA/hAT-Charlie	1950	-	32	154720770	36000
chr5	154684770	154884770	harbor2	chr5	154742978	154743129	DNA/hAT-Charlie	460	-	76	154743054	58284
chr5	154684770	154884770	harbor2	chr5	154772148	154772382	DNA/hAT-Charlie	515	-	117	154772265	87495
chr5	42530223	42730223	harbor2	chr5	42558442	42558492	DNA/hAT-Charlie	1134	-	25	42558467	28244
chr5	42530223	42730223	harbor2	chr5	42558824	42559105	DNA/hAT-Charlie	1134	-	140	42558964	28741
chr5	42530223	42730223	harbor2	chr5	42559112	42559228	DNA/hAT-Charlie	454	-	58	42559170	28947
chr5	42530223	42730223	harbor2	chr5	42578040	42578250	DNA/hAT-Charlie	1022	-	105	42578145	47922
chr5	42530223	42730223	harbor2	chr5	42594688	42594978	DNA/hAT-Charlie	671	-	145	42594833	64610
chr5	42530223	42730223	harbor2	chr5	42614380	42614538	DNA/hAT-Charlie	939	-	79	42614459	84236
chr5	178021742	178221742	harbor2	chr5	178071817	178072019	DNA/hAT-Charlie	562	-	101	178071918	50176
chr5	178021742	178221742	harbor2	chr5	178072325	178072349	DNA/hAT-Charlie	562	-	12	178072337	50595
chr5	178021742	178221742	harbor2	chr5	178072738	178073187	DNA/hAT-Charlie	1101	-	224	178072962	51220
chr5	178021742	178221742	harbor2	chr5	178078797	178079025	DNA/hAT-Charlie	457	-	114	178078911	57169
chr5	73354563	73554563	harbor2	chr5	73366527	73366862	DNA/hAT-Charlie	2157	-	168	73366695	12132
chr5	73354563	73554563	harbor2	chr5	73372908	73373048	DNA/hAT-Charlie	559	-	70	73372978	18415
chr5	78418676	78618676	harbor2	chr5	78501108	78501395	DNA/hAT-Charlie	653	-	144	78501252	82576
chr5	52700035	52900035	harbor2	chr5	52767147	52767326	DNA/hAT-Charlie	2078	-	90	52767237	67202
chr5	52700035	52900035	harbor2	chr5	52767696	52768605	DNA/hAT-Charlie	2078	-	454	52768150	68115
chr5	52700035	52900035	harbor2	chr5	52785362	52785680	DNA/hAT-Charlie	2159	-	159	52785521	85486
chr5	343134	543134	harbor2	chr5	408004	408198	DNA/hAT-Charlie	683	-	97	408101	64967
chr5	343134	543134	harbor2	chr5	428538	429067	DNA/hAT-Charlie	3274	-	264	428802	85668
chr5	79137556	79337556	harbor2	chr5	79203030	79203186	DNA/hAT-Charlie	565	-	78	79203108	65552
chr5	10341873	10541873	harbor2	chr5	10362406	10362849	DNA/hAT-Charlie	738	-	222	10362628	20755
chr5	10341873	10541873	harbor2	chr5	10372641	10372903	DNA/hAT-Charlie	775	-	131	10372772	30899
chr5	10341873	10541873	harbor2	chr5	10413895	10414099	DNA/hAT-Charlie	899	-	102	10413997	72124
chr5	10341897	10541897	harbor2	chr5	10362406	10362849	DNA/hAT-Charlie	738	-	222	10362628	20731
chr5	10341897	10541897	harbor2	chr5	10372641	10372903	DNA/hAT-Charlie	775	-	131	10372772	30875
chr5	10341897	10541897	harbor2	chr5	10413895	10414099	DNA/hAT-Charlie	899	-	102	10413997	72100
chr5	10341909	10541909	harbor2	chr5	10362406	10362849	DNA/hAT-Charlie	738	-	222	10362628	20719
chr5	10341909	10541909	harbor2	chr5	10372641	10372903	DNA/hAT-Charlie	775	-	131	10372772	30863
chr5	10341909	10541909	harbor2	chr5	10413895	10414099	DNA/hAT-Charlie	899	-	102	10413997	72088
chr5	73351449	73551449	harbor2	chr5	73366527	73366862	DNA/hAT-Charlie	2157	-	168	73366695	15246
chr5	73351449	73551449	harbor2	chr5	73372908	73373048	DNA/hAT-Charlie	559	-	70	73372978	21529
chr5	52705069	52905069	harbor2	chr5	52767147	52767326	DNA/hAT-Charlie	2078	-	90	52767237	62168
chr5	52705069	52905069	harbor2	chr5	52767696	52768605	DNA/hAT-Charlie	2078	-	454	52768150	63081
chr5	52705069	52905069	harbor2	chr5	52785362	52785680	DNA/hAT-Charlie	2159	-	159	52785521	80452
chr5	6617520	6817520	harbor2	chr5	6641951	6642465	DNA/hAT-Charlie	2373	-	257	6642208	24688
chr5	6617520	6817520	harbor2	chr5	6642478	6643297	DNA/hAT-Charlie	5122	-	410	6642888	25368
chr5	6617520	6817520	harbor2	chr5	6643590	6643970	DNA/hAT-Charlie	5122	-	190	6643780	26260
chr5	6617520	6817520	harbor2	chr5	6682783	6683008	DNA/hAT-Charlie	593	-	112	6682895	65375
chr5	6617520	6817520	harbor2	chr5	6709310	6709487	DNA/hAT-Charlie	427	-	88	6709398	91878
chr5	10341893	10541893	harbor2	chr5	10362406	10362849	DNA/hAT-Charlie	738	-	222	10362628	20735
chr5	10341893	10541893	harbor2	chr5	10372641	10372903	DNA/hAT-Charlie	775	-	131	10372772	30879
chr5	10341893	10541893	harbor2	chr5	10413895	10414099	DNA/hAT-Charlie	899	-	102	10413997	72104
chr5	6630162	6830162	harbor2	chr5	6641951	6642465	DNA/hAT-Charlie	2373	-	257	6642208	12046
chr5	6630162	6830162	harbor2	chr5	6642478	6643297	DNA/hAT-Charlie	5122	-	410	6642888	12726
chr5	6630162	6830162	harbor2	chr5	6643590	6643970	DNA/hAT-Charlie	5122	-	190	6643780	13618
chr5	6630162	6830162	harbor2	chr5	6682783	6683008	DNA/hAT-Charlie	593	-	112	6682895	52733
chr5	6630162	6830162	harbor2	chr5	6709310	6709487	DNA/hAT-Charlie	427	-	88	6709398	79236
chr5	10527792	10727792	harbor2	chr5	10583388	10583553	DNA/hAT-Charlie	731	-	82	10583470	55678
chr5	10527792	10727792	harbor2	chr5	10602256	10602365	DNA/hAT-Charlie	472	-	54	10602310	74518
chr5	10527792	10727792	harbor2	chr5	10624829	10624970	DNA/hAT-Charlie	608	-	70	10624899	97107
chr5	73351437	73551437	harbor2	chr5	73366527	73366862	DNA/hAT-Charlie	2157	-	168	73366695	15258
chr5	73351437	73551437	harbor2	chr5	73372908	73373048	DNA/hAT-Charlie	559	-	70	73372978	21541
chr5	94829534	95029534	harbor2	chr5	94878483	94878655	DNA/hAT-Charlie	547	-	86	94878569	49035
chr5	94829534	95029534	harbor2	chr5	94879256	94879487	DNA/hAT-Charlie	511	-	116	94879372	49838
chr5	94829534	95029534	harbor2	chr5	94879496	94879661	DNA/hAT-Charlie	660	-	82	94879578	50044
chr5	94829534	95029534	harbor2	chr5	94879644	94879836	DNA/hAT-Charlie	1021	-	96	94879740	50206
chr5	10401998	10601998	harbor2	chr5	10413895	10414099	DNA/hAT-Charlie	899	-	102	10413997	11999
chr5	10401998	10601998	harbor2	chr5	10446222	10446376	DNA/hAT-Charlie	555	-	77	10446299	44301
chr5	10401998	10601998	harbor2	chr5	10446673	10446703	DNA/hAT-Charlie	555	-	15	10446688	44690
chr5	10401998	10601998	harbor2	chr5	10476938	10477211	DNA/hAT-Charlie	1332	-	136	10477074	75076
chr5	10401998	10601998	harbor2	chr5	10490619	10490732	DNA/hAT-Charlie	477	-	56	10490675	88677
chr5	37741093	37941093	harbor2	chr5	37741413	37741746	DNA/hAT-Charlie	2299	-	166	37741579	486
chr5	37741093	37941093	harbor2	chr5	37816499	37816666	DNA/hAT-Charlie	461	-	84	37816583	75490
chr5	37741093	37941093	harbor2	chr5	37818094	37818205	DNA/hAT-Charlie	915	-	56	37818150	77057
chr5	37741093	37941093	harbor2	chr5	37818574	37818668	DNA/hAT-Charlie	915	-	47	37818621	77528
chr5	135008272	135208272	harbor2	chr5	135104594	135104883	DNA/hAT-Charlie	915	-	144	135104738	96466
chr5	10661105	10861105	harbor2	chr5	10705036	10705212	DNA/hAT-Charlie	428	-	88	10705124	44019
chr5	147722928	147922928	harbor2	chr5	147753398	147753614	DNA/hAT-Charlie	541	-	108	147753506	30578
chr5	178133234	178333234	harbor2	chr5	178164945	178165122	DNA/hAT-Charlie	1141	-	88	178165033	31799
chr5	178133234	178333234	harbor2	chr5	178165403	178165449	DNA/hAT-Charlie	1141	-	23	178165426	32192
chr5	178133234	178333234	harbor2	chr5	178191662	178191851	DNA/hAT-Charlie	852	-	94	178191756	58522
chr5	178133234	178333234	harbor2	chr5	178192165	178192276	DNA/hAT-Charlie	852	-	56	178192221	58987
chr5	178133234	178333234	harbor2	chr5	178143095	178143364	DNA/hAT-Charlie	596	-	134	178143229	9995
chr5	10661095	10861095	harbor2	chr5	10705036	10705212	DNA/hAT-Charlie	428	-	88	10705124	44029
chr5	9115023	9315023	harbor2	chr5	9128801	9129010	DNA/hAT-Charlie	1078	-	104	9128905	13882
chr5	9115023	9315023	harbor2	chr5	9161347	9161648	DNA/hAT-Charlie	738	-	150	9161497	46474
chr5	9115023	9315023	harbor2	chr5	9182395	9182598	DNA/hAT-Charlie	534	-	102	9182497	67474
chr5	73354693	73554693	harbor2	chr5	73366527	73366862	DNA/hAT-Charlie	2157	-	168	73366695	12002
chr5	73354693	73554693	harbor2	chr5	73372908	73373048	DNA/hAT-Charlie	559	-	70	73372978	18285
chr5	79345178	79545178	harbor2	chr5	79367061	79367226	DNA/hAT-Charlie	527	-	82	79367143	21965
chr5	79345178	79545178	harbor2	chr5	79395319	79395498	DNA/hAT-Charlie	757	-	90	79395409	50231
chr5	79345178	79545178	harbor2	chr5	79404504	79404672	DNA/hAT-Charlie	655	-	84	79404588	59410
chr5	75136870	75336870	harbor2	chr5	75169827	75169985	DNA/hAT-Charlie	661	-	79	75169906	33036
chr5	75136870	75336870	harbor2	chr5	75207877	75208290	DNA/hAT-Charlie	2704	-	206	75208083	71213
chr5	75136870	75336870	harbor2	chr5	75209030	75209301	DNA/hAT-Charlie	2704	-	136	75209166	72296
chr5	75136870	75336870	harbor2	chr5	75209345	75209394	DNA/hAT-Charlie	2186	-	24	75209369	72499
chr5	75136870	75336870	harbor2	chr5	75209692	75210108	DNA/hAT-Charlie	2186	-	208	75209900	73030
chr5	10661799	10861799	harbor2	chr5	10705036	10705212	DNA/hAT-Charlie	428	-	88	10705124	43325
chr5	91180678	91380678	harbor2	chr5	91189502	91189669	DNA/hAT-Charlie	680	-	84	91189586	8908
chr5	91180678	91380678	harbor2	chr5	91190778	91190947	DNA/hAT-Charlie	820	-	84	91190862	10184
chr5	91180678	91380678	harbor2	chr5	91191346	91191587	DNA/hAT-Charlie	842	-	120	91191466	10788
chr5	91180678	91380678	harbor2	chr5	91223276	91223399	DNA/hAT-Charlie	789	-	62	91223338	42660
chr5	91180678	91380678	harbor2	chr5	91223699	91223761	DNA/hAT-Charlie	789	-	31	91223730	43052
chr5	91180678	91380678	harbor2	chr5	91276313	91276452	DNA/hAT-Charlie	514	-	70	91276383	95705
chr5	143113893	143313893	harbor2	chr5	143140030	143140206	DNA/hAT-Charlie	615	-	88	143140118	26225
chr5	143113893	143313893	harbor2	chr5	143159528	143159705	DNA/hAT-Charlie	507	-	88	143159616	45723
chr5	132010466	132210466	harbor2	chr5	132058786	132058938	DNA/hAT-Charlie	565	-	76	132058862	48396
chr5	132010466	132210466	harbor2	chr5	132097984	132098190	DNA/hAT-Charlie	1519	-	103	132098087	87621
chr5	132010466	132210466	harbor2	chr5	132104445	132104681	DNA/hAT-Charlie	1448	-	118	132104563	94097
chr5	10341849	10541849	harbor2	chr5	10362406	10362849	DNA/hAT-Charlie	738	-	222	10362628	20779
chr5	10341849	10541849	harbor2	chr5	10372641	10372903	DNA/hAT-Charlie	775	-	131	10372772	30923
chr5	10341849	10541849	harbor2	chr5	10413895	10414099	DNA/hAT-Charlie	899	-	102	10413997	72148
chr5	73351468	73551468	harbor2	chr5	73366527	73366862	DNA/hAT-Charlie	2157	-	168	73366695	15227
chr5	73351468	73551468	harbor2	chr5	73372908	73373048	DNA/hAT-Charlie	559	-	70	73372978	21510
chr5	134446054	134646054	harbor2	chr5	134502502	134502709	DNA/hAT-Charlie	1168	-	104	134502606	56552
chr5	134446054	134646054	harbor2	chr5	134503011	134503085	DNA/hAT-Charlie	1168	-	37	134503048	56994
chr5	134446054	134646054	harbor2	chr5	134521437	134521916	DNA/hAT-Charlie	1671	-	240	134521677	75623
chr5	135443984	135643984	harbor2	chr5	135478445	135478664	DNA/hAT-Charlie	537	-	110	135478555	34571
chr5	135443984	135643984	harbor2	chr5	135514826	135515090	DNA/hAT-Charlie	918	-	132	135514958	70974
chr5	132394503	132594503	harbor2	chr5	132438724	132438874	DNA/hAT-Charlie	530	-	75	132438799	44296
chr5	132394503	132594503	harbor2	chr5	132439314	132439441	DNA/hAT-Charlie	440	-	64	132439378	44875
chr5	132394503	132594503	harbor2	chr5	132442485	132442639	DNA/hAT-Charlie	723	-	77	132442562	48059
chr5	132394503	132594503	harbor2	chr5	132453368	132453579	DNA/hAT-Charlie	1310	-	106	132453474	58971
chr5	132394503	132594503	harbor2	chr5	132457978	132458083	DNA/hAT-Charlie	421	-	52	132458030	63527
chr5	132394503	132594503	harbor2	chr5	132481574	132481758	DNA/hAT-Charlie	787	-	92	132481666	87163
chr5	10341903	10541903	harbor2	chr5	10362406	10362849	DNA/hAT-Charlie	738	-	222	10362628	20725
chr5	10341903	10541903	harbor2	chr5	10372641	10372903	DNA/hAT-Charlie	775	-	131	10372772	30869
chr5	10341903	10541903	harbor2	chr5	10413895	10414099	DNA/hAT-Charlie	899	-	102	10413997	72094
chr5	10341907	10541907	harbor2	chr5	10362406	10362849	DNA/hAT-Charlie	738	-	222	10362628	20721
chr5	10341907	10541907	harbor2	chr5	10372641	10372903	DNA/hAT-Charlie	775	-	131	10372772	30865
chr5	10341907	10541907	harbor2	chr5	10413895	10414099	DNA/hAT-Charlie	899	-	102	10413997	72090
chr5	10341896	10541896	harbor2	chr5	10362406	10362849	DNA/hAT-Charlie	738	-	222	10362628	20732
chr5	10341896	10541896	harbor2	chr5	10372641	10372903	DNA/hAT-Charlie	775	-	131	10372772	30876
chr5	10341896	10541896	harbor2	chr5	10413895	10414099	DNA/hAT-Charlie	899	-	102	10413997	72101
chr5	133511227	133711227	harbor2	chr5	133552372	133552675	DNA/hAT-Charlie	719	-	152	133552524	41297
chr5	9115156	9315156	harbor2	chr5	9128801	9129010	DNA/hAT-Charlie	1078	-	104	9128905	13749
chr5	9115156	9315156	harbor2	chr5	9161347	9161648	DNA/hAT-Charlie	738	-	150	9161497	46341
chr5	9115156	9315156	harbor2	chr5	9182395	9182598	DNA/hAT-Charlie	534	-	102	9182497	67341
chr5	73354567	73554567	harbor2	chr5	73366527	73366862	DNA/hAT-Charlie	2157	-	168	73366695	12128
chr5	73354567	73554567	harbor2	chr5	73372908	73373048	DNA/hAT-Charlie	559	-	70	73372978	18411
chr5	171288520	171488520	harbor2	chr5	171306315	171306499	DNA/hAT-Charlie	1049	-	92	171306407	17887
chr5	135009155	135209155	harbor2	chr5	135104594	135104883	DNA/hAT-Charlie	915	-	144	135104738	95583
chr5	134461279	134661279	harbor2	chr5	134502502	134502709	DNA/hAT-Charlie	1168	-	104	134502606	41327
chr5	134461279	134661279	harbor2	chr5	134503011	134503085	DNA/hAT-Charlie	1168	-	37	134503048	41769
chr5	134461279	134661279	harbor2	chr5	134521437	134521916	DNA/hAT-Charlie	1671	-	240	134521677	60398
chr5	135034308	135234308	harbor2	chr5	135104594	135104883	DNA/hAT-Charlie	915	-	144	135104738	70430
chr5	53009476	53209476	harbor2	chr5	53058798	53058963	DNA/hAT-Charlie	425	-	82	53058880	49404
chr5	53009476	53209476	harbor2	chr5	53078979	53079160	DNA/hAT-Charlie	1081	-	90	53079069	69593
chr5	53009476	53209476	harbor2	chr5	53093381	53093595	DNA/hAT-Charlie	946	-	107	53093488	84012
chr5	168386830	168586830	harbor2	chr5	168389749	168389951	DNA/hAT-Charlie	971	-	101	168389850	3020
chr5	168386830	168586830	harbor2	chr5	168398697	168399004	DNA/hAT-Charlie	638	-	154	168398851	12021
chr5	168386830	168586830	harbor2	chr5	168414947	168415102	DNA/hAT-Charlie	495	-	78	168415025	28195
chr5	168386830	168586830	harbor2	chr5	168415111	168415423	DNA/hAT-Charlie	558	-	156	168415267	28437
chr5	168386830	168586830	harbor2	chr5	168419499	168419661	DNA/hAT-Charlie	563	-	81	168419580	32750
chr5	168386830	168586830	harbor2	chr5	168433198	168433359	DNA/hAT-Charlie	955	-	80	168433278	46448
chr5	168386830	168586830	harbor2	chr5	168446130	168446399	DNA/hAT-Charlie	976	-	134	168446264	59434
chr5	168386830	168586830	harbor2	chr5	168447317	168447649	DNA/hAT-Charlie	1521	-	166	168447483	60653
chr5	73405863	73605863	harbor2	chr5	73478317	73478596	DNA/hAT-Charlie	1771	-	140	73478457	72594
chr5	73405863	73605863	harbor2	chr5	73479924	73480357	DNA/hAT-Charlie	548	-	216	73480140	74277
chr5	177412942	177612942	harbor2	chr5	177448938	177449234	DNA/hAT-Charlie	538	-	148	177449086	36144
chr5	92439	292439	harbor2	chr5	164162	164419	DNA/hAT-Charlie	1429	-	128	164290	71851
chr5	92439	292439	harbor2	chr5	166557	166714	DNA/hAT-Charlie	710	-	78	166635	74196
chr5	10387001	10587001	harbor2	chr5	10413895	10414099	DNA/hAT-Charlie	899	-	102	10413997	26996
chr5	10387001	10587001	harbor2	chr5	10446222	10446376	DNA/hAT-Charlie	555	-	77	10446299	59298
chr5	10387001	10587001	harbor2	chr5	10446673	10446703	DNA/hAT-Charlie	555	-	15	10446688	59687
chr5	10387001	10587001	harbor2	chr5	10476938	10477211	DNA/hAT-Charlie	1332	-	136	10477074	90073
chr5	52700409	52900409	harbor2	chr5	52767147	52767326	DNA/hAT-Charlie	2078	-	90	52767237	66828
chr5	52700409	52900409	harbor2	chr5	52767696	52768605	DNA/hAT-Charlie	2078	-	454	52768150	67741
chr5	52700409	52900409	harbor2	chr5	52785362	52785680	DNA/hAT-Charlie	2159	-	159	52785521	85112
chr5	1053127	1253127	harbor2	chr5	1141601	1141793	DNA/hAT-Charlie	598	-	96	1141697	88570
chr5	78833634	79033634	harbor2	chr5	78837528	78837833	DNA/hAT-Charlie	1011	-	152	78837680	4046
chr5	78833634	79033634	harbor2	chr5	78840426	78840659	DNA/hAT-Charlie	418	-	116	78840542	6908
chr5	78833634	79033634	harbor2	chr5	78843146	78843310	DNA/hAT-Charlie	786	-	82	78843228	9594
chr5	78833634	79033634	harbor2	chr5	78843408	78843537	DNA/hAT-Charlie	589	-	64	78843472	9838
chr5	78833634	79033634	harbor2	chr5	78884018	78884225	DNA/hAT-Charlie	669	-	104	78884122	50488
chr5	78833634	79033634	harbor2	chr5	78884658	78884863	DNA/hAT-Charlie	543	-	102	78884760	51126
chr5	78833634	79033634	harbor2	chr5	78896772	78897000	DNA/hAT-Charlie	740	-	114	78896886	63252
chr5	78833634	79033634	harbor2	chr5	78897096	78897327	DNA/hAT-Charlie	960	-	116	78897212	63578
chr5	78833634	79033634	harbor2	chr5	78910771	78910940	DNA/hAT-Charlie	831	-	84	78910855	77221
chr5	78833634	79033634	harbor2	chr5	78926793	78926891	DNA/hAT-Charlie	1583	-	49	78926842	93208
chr5	78833634	79033634	harbor2	chr5	78927161	78927392	DNA/hAT-Charlie	1583	-	116	78927277	93643
chr5	415349	615349	harbor2	chr5	428538	429067	DNA/hAT-Charlie	3274	-	264	428802	13453
chr5	137654191	137854191	harbor2	chr5	137670442	137670660	DNA/hAT-Charlie	793	-	109	137670551	16360
chr5	137654191	137854191	harbor2	chr5	137692665	137692813	DNA/hAT-Charlie	836	-	74	137692739	38548
chr5	137654191	137854191	harbor2	chr5	137692856	137693031	DNA/hAT-Charlie	865	-	88	137692944	38753
chr5	137654191	137854191	harbor2	chr5	137740621	137740964	DNA/hAT-Charlie	2249	-	172	137740793	86602
chr5	6613124	6813124	harbor2	chr5	6641951	6642465	DNA/hAT-Charlie	2373	-	257	6642208	29084
chr5	6613124	6813124	harbor2	chr5	6642478	6643297	DNA/hAT-Charlie	5122	-	410	6642888	29764
chr5	6613124	6813124	harbor2	chr5	6643590	6643970	DNA/hAT-Charlie	5122	-	190	6643780	30656
chr5	6613124	6813124	harbor2	chr5	6682783	6683008	DNA/hAT-Charlie	593	-	112	6682895	69771
chr5	6613124	6813124	harbor2	chr5	6709310	6709487	DNA/hAT-Charlie	427	-	88	6709398	96274
chr5	132774151	132974151	harbor2	chr5	132844575	132844689	DNA/hAT-Charlie	584	-	57	132844632	70481
chr5	132774151	132974151	harbor2	chr5	132844995	132845481	DNA/hAT-Charlie	643	-	243	132845238	71087
chr5	132774151	132974151	harbor2	chr5	132848912	132849037	DNA/hAT-Charlie	643	-	62	132848974	74823
chr5	132774151	132974151	harbor2	chr5	132849366	132849775	DNA/hAT-Charlie	1156	-	204	132849570	75419
chr5	132774151	132974151	harbor2	chr5	132868461	132868648	DNA/hAT-Charlie	965	-	94	132868555	94404
chr5	10762842	10962842	harbor2	chr5	10786184	10786343	DNA/hAT-Charlie	623	-	80	10786264	23422
chr5	10762842	10962842	harbor2	chr5	10859447	10859651	DNA/hAT-Charlie	1017	-	102	10859549	96707
chr5	133166465	133366465	harbor2	chr5	133233940	133234143	DNA/hAT-Charlie	757	-	102	133234042	67577
chr5	133511241	133711241	harbor2	chr5	133552372	133552675	DNA/hAT-Charlie	719	-	152	133552524	41283
chr5	135088316	135288316	harbor2	chr5	135104594	135104883	DNA/hAT-Charlie	915	-	144	135104738	16422
chr5	135088316	135288316	harbor2	chr5	135140584	135140764	DNA/hAT-Charlie	827	-	90	135140674	52358
chr5	135088316	135288316	harbor2	chr5	135144688	135144861	DNA/hAT-Charlie	4894	-	86	135144774	56458
chr5	135088316	135288316	harbor2	chr5	135145160	135146331	DNA/hAT-Charlie	4894	-	586	135145746	57430
chr5	382510	582510	harbor2	chr5	408004	408198	DNA/hAT-Charlie	683	-	97	408101	25591
chr5	382510	582510	harbor2	chr5	428538	429067	DNA/hAT-Charlie	3274	-	264	428802	46292
chr5	37740773	37940773	harbor2	chr5	37741413	37741746	DNA/hAT-Charlie	2299	-	166	37741579	806
chr5	37740773	37940773	harbor2	chr5	37816499	37816666	DNA/hAT-Charlie	461	-	84	37816583	75810
chr5	37740773	37940773	harbor2	chr5	37818094	37818205	DNA/hAT-Charlie	915	-	56	37818150	77377
chr5	37740773	37940773	harbor2	chr5	37818574	37818668	DNA/hAT-Charlie	915	-	47	37818621	77848
chr5	100503	300503	harbor2	chr5	164162	164419	DNA/hAT-Charlie	1429	-	128	164290	63787
chr5	100503	300503	harbor2	chr5	166557	166714	DNA/hAT-Charlie	710	-	78	166635	66132
chr5	100503	300503	harbor2	chr5	194426	194536	DNA/hAT-Charlie	498	-	55	194481	93978
chr5	171288579	171488579	harbor2	chr5	171306315	171306499	DNA/hAT-Charlie	1049	-	92	171306407	17828
chr5	73351413	73551413	harbor2	chr5	73366527	73366862	DNA/hAT-Charlie	2157	-	168	73366695	15282
chr5	73351413	73551413	harbor2	chr5	73372908	73373048	DNA/hAT-Charlie	559	-	70	73372978	21565
chr5	10342482	10542482	harbor2	chr5	10362406	10362849	DNA/hAT-Charlie	738	-	222	10362628	20146
chr5	10342482	10542482	harbor2	chr5	10372641	10372903	DNA/hAT-Charlie	775	-	131	10372772	30290
chr5	10342482	10542482	harbor2	chr5	10413895	10414099	DNA/hAT-Charlie	899	-	102	10413997	71515
chr5	135018132	135218132	harbor2	chr5	135104594	135104883	DNA/hAT-Charlie	915	-	144	135104738	86606
chr5	6533029	6733029	harbor2	chr5	6541419	6541582	DNA/hAT-Charlie	892	-	82	6541501	8472
chr5	6533029	6733029	harbor2	chr5	6573237	6573382	DNA/hAT-Charlie	681	-	72	6573309	40280
chr5	139797098	139997098	harbor2	chr5	139844298	139844495	DNA/hAT-Charlie	821	-	98	139844396	47298
chr6	7720332	7920332	harbor2	chr6	7740332	7740612	DNA/hAT-Charlie	628	-	140	7740472	20140
chr6	7720332	7920332	harbor2	chr6	7752111	7752306	DNA/hAT-Charlie	768	-	98	7752209	31877
chr6	147104110	147304110	harbor2	chr6	147152094	147152274	DNA/hAT-Charlie	548	-	90	147152184	48074
chr6	152902804	153102804	harbor2	chr6	152947073	152947203	DNA/hAT-Charlie	611	-	65	152947138	44334
chr6	152902804	153102804	harbor2	chr6	152950508	152950706	DNA/hAT-Charlie	849	-	99	152950607	47803
chr6	152902804	153102804	harbor2	chr6	152952824	152953091	DNA/hAT-Charlie	925	-	134	152952958	50154
chr6	152902804	153102804	harbor2	chr6	152976810	152977034	DNA/hAT-Charlie	572	-	112	152976922	74118
chr6	152902804	153102804	harbor2	chr6	152987036	152987188	DNA/hAT-Charlie	524	-	76	152987112	84308
chr6	152902804	153102804	harbor2	chr6	153000249	153000444	DNA/hAT-Charlie	911	-	98	153000347	97543
chr6	7626958	7826958	harbor2	chr6	7669759	7669975	DNA/hAT-Charlie	970	-	108	7669867	42909
chr6	7626958	7826958	harbor2	chr6	7710063	7710347	DNA/hAT-Charlie	627	-	142	7710205	83247
chr6	30621444	30821444	harbor2	chr6	30652413	30652572	DNA/hAT-Charlie	487	-	80	30652493	31049
chr6	125225390	125425390	harbor2	chr6	125235310	125235539	DNA/hAT-Charlie	1303	-	114	125235424	10034
chr6	37071463	37271463	harbor2	chr6	37145651	37145814	DNA/hAT-Charlie	525	-	82	37145733	74270
chr6	37071463	37271463	harbor2	chr6	37155466	37155642	DNA/hAT-Charlie	931	-	88	37155554	84091
chr6	32870211	33070211	harbor2	chr6	32898163	32898653	DNA/hAT-Charlie	5383	-	245	32898408	28197
chr6	32870211	33070211	harbor2	chr6	32898946	32899000	DNA/hAT-Charlie	5383	-	27	32898973	28762
chr6	32870211	33070211	harbor2	chr6	32899320	32900883	DNA/hAT-Charlie	5383	-	782	32900102	29891
chr6	32870211	33070211	harbor2	chr6	32900910	32901003	DNA/hAT-Charlie	5383	-	46	32900956	30745
chr6	32870211	33070211	harbor2	chr6	32901140	32901336	DNA/hAT-Charlie	5383	-	98	32901238	31027
chr6	32870211	33070211	harbor2	chr6	32901337	32901520	DNA/hAT-Charlie	734	-	92	32901429	31218
chr6	32870211	33070211	harbor2	chr6	32905367	32905517	DNA/hAT-Charlie	6557	-	75	32905442	35231
chr6	32870211	33070211	harbor2	chr6	32905809	32907717	DNA/hAT-Charlie	6557	-	954	32906763	36552
chr6	32870211	33070211	harbor2	chr6	32938044	32938229	DNA/hAT-Charlie	454	-	92	32938136	67925
chr6	32870211	33070211	harbor2	chr6	32956299	32956443	DNA/hAT-Charlie	842	-	72	32956371	86160
chr6	32870211	33070211	harbor2	chr6	32956570	32956743	DNA/hAT-Charlie	954	-	86	32956656	86445
chr6	118834580	119034580	harbor2	chr6	118860740	118860867	DNA/hAT-Charlie	803	-	64	118860804	26224
chr6	118834580	119034580	harbor2	chr6	118862402	118862752	DNA/hAT-Charlie	2550	-	175	118862577	27997
chr6	29530473	29730473	harbor2	chr6	29618761	29618937	DNA/hAT-Charlie	795	-	88	29618849	88376
chr6	37002837	37202837	harbor2	chr6	37016129	37016280	DNA/hAT-Charlie	657	-	76	37016205	13368
chr6	37002837	37202837	harbor2	chr6	37052099	37052266	DNA/hAT-Charlie	788	-	84	37052183	49346
chr6	10445756	10645756	harbor2	chr6	10511184	10511513	DNA/hAT-Charlie	1570	-	164	10511348	65592
chr6	10445756	10645756	harbor2	chr6	10533380	10533506	DNA/hAT-Charlie	553	-	63	10533443	87687
chr6	31634268	31834268	harbor2	chr6	31714665	31715068	DNA/hAT-Charlie	1560	-	202	31714867	80599
chr6	7626956	7826956	harbor2	chr6	7669759	7669975	DNA/hAT-Charlie	970	-	108	7669867	42911
chr6	7626956	7826956	harbor2	chr6	7710063	7710347	DNA/hAT-Charlie	627	-	142	7710205	83249
chr6	139488617	139688617	harbor2	chr6	139501859	139502057	DNA/hAT-Charlie	838	-	99	139501958	13341
chr6	139488617	139688617	harbor2	chr6	139556572	139556790	DNA/hAT-Charlie	1041	-	109	139556681	68064
chr6	89850691	90050691	harbor2	chr6	89924778	89925120	DNA/hAT-Charlie	2153	-	171	89924949	74258
chr6	89850691	90050691	harbor2	chr6	89940672	89940985	DNA/hAT-Charlie	1414	-	156	89940828	90137
chr6	45543677	45743677	harbor2	chr6	45552178	45552389	DNA/hAT-Charlie	1202	-	106	45552284	8607
chr6	45543677	45743677	harbor2	chr6	45584670	45585064	DNA/hAT-Charlie	1313	-	197	45584867	41190
chr6	45543677	45743677	harbor2	chr6	45588927	45589238	DNA/hAT-Charlie	1583	-	156	45589083	45406
chr6	45543677	45743677	harbor2	chr6	45614069	45614133	DNA/hAT-Charlie	1265	-	32	45614101	70424
chr6	45543677	45743677	harbor2	chr6	45614436	45614691	DNA/hAT-Charlie	1265	-	128	45614564	70887
chr6	41537706	41737706	harbor2	chr6	41556807	41556977	DNA/hAT-Charlie	505	-	85	41556892	19186
chr6	41537706	41737706	harbor2	chr6	41607660	41607996	DNA/hAT-Charlie	2374	-	168	41607828	70122
chr6	15418325	15618325	harbor2	chr6	15432903	15433091	DNA/hAT-Charlie	965	-	94	15432997	14672
chr6	15418325	15618325	harbor2	chr6	15483995	15484152	DNA/hAT-Charlie	647	-	78	15484073	65748
chr6	15418325	15618325	harbor2	chr6	15482272	15483504	DNA/hAT-Charlie	3583	-	616	15482888	64563
chr6	169864631	170064631	harbor2	chr6	169932002	169932162	DNA/hAT-Charlie	484	-	80	169932082	67451
chr6	139275464	139475464	harbor2	chr6	139293970	139294403	DNA/hAT-Charlie	788	-	216	139294186	18722
chr6	43073296	43273296	harbor2	chr6	43144790	43144948	DNA/hAT-Charlie	473	-	79	43144869	71573
chr6	43073296	43273296	harbor2	chr6	43154423	43154603	DNA/hAT-Charlie	478	-	90	43154513	81217
chr6	43073296	43273296	harbor2	chr6	43167672	43167841	DNA/hAT-Charlie	515	-	84	43167756	94460
chr6	43073296	43273296	harbor2	chr6	43168140	43168216	DNA/hAT-Charlie	515	-	38	43168178	94882
chr6	170009885	170209885	harbor2	chr6	170041606	170041757	DNA/hAT-Charlie	527	-	76	170041682	31797
chr6	170009885	170209885	harbor2	chr6	170051515	170051692	DNA/hAT-Charlie	470	-	88	170051603	41718
chr6	7772024	7972024	harbor2	chr6	7820743	7821081	DNA/hAT-Charlie	2032	-	169	7820912	48888
chr6	45541160	45741160	harbor2	chr6	45542960	45543210	DNA/hAT-Charlie	742	-	125	45543085	1925
chr6	45541160	45741160	harbor2	chr6	45552178	45552389	DNA/hAT-Charlie	1202	-	106	45552284	11124
chr6	45541160	45741160	harbor2	chr6	45584670	45585064	DNA/hAT-Charlie	1313	-	197	45584867	43707
chr6	45541160	45741160	harbor2	chr6	45588927	45589238	DNA/hAT-Charlie	1583	-	156	45589083	47923
chr6	45541160	45741160	harbor2	chr6	45614069	45614133	DNA/hAT-Charlie	1265	-	32	45614101	72941
chr6	45541160	45741160	harbor2	chr6	45614436	45614691	DNA/hAT-Charlie	1265	-	128	45614564	73404
chr6	63473867	63673867	harbor2	chr6	63538695	63538874	DNA/hAT-Charlie	824	-	90	63538785	64918
chr6	63473867	63673867	harbor2	chr6	63560378	63560402	DNA/hAT-Charlie	811	-	12	63560390	86523
chr6	63473867	63673867	harbor2	chr6	63560704	63560869	DNA/hAT-Charlie	811	-	82	63560786	86919
chr6	139275450	139475450	harbor2	chr6	139293970	139294403	DNA/hAT-Charlie	788	-	216	139294186	18736
chr6	169863955	170063955	harbor2	chr6	169932002	169932162	DNA/hAT-Charlie	484	-	80	169932082	68127
chr6	7629037	7829037	harbor2	chr6	7669759	7669975	DNA/hAT-Charlie	970	-	108	7669867	40830
chr6	7629037	7829037	harbor2	chr6	7710063	7710347	DNA/hAT-Charlie	627	-	142	7710205	81168
chr6	41095053	41295053	harbor2	chr6	41113725	41114028	DNA/hAT-Charlie	1095	-	152	41113877	18824
chr6	139275453	139475453	harbor2	chr6	139293970	139294403	DNA/hAT-Charlie	788	-	216	139294186	18733
chr6	45542351	45742351	harbor2	chr6	45542960	45543210	DNA/hAT-Charlie	742	-	125	45543085	734
chr6	45542351	45742351	harbor2	chr6	45552178	45552389	DNA/hAT-Charlie	1202	-	106	45552284	9933
chr6	45542351	45742351	harbor2	chr6	45584670	45585064	DNA/hAT-Charlie	1313	-	197	45584867	42516
chr6	45542351	45742351	harbor2	chr6	45588927	45589238	DNA/hAT-Charlie	1583	-	156	45589083	46732
chr6	45542351	45742351	harbor2	chr6	45614069	45614133	DNA/hAT-Charlie	1265	-	32	45614101	71750
chr6	45542351	45742351	harbor2	chr6	45614436	45614691	DNA/hAT-Charlie	1265	-	128	45614564	72213
chr6	37071432	37271432	harbor2	chr6	37145651	37145814	DNA/hAT-Charlie	525	-	82	37145733	74301
chr6	37071432	37271432	harbor2	chr6	37155466	37155642	DNA/hAT-Charlie	931	-	88	37155554	84122
chr6	139275439	139475439	harbor2	chr6	139293970	139294403	DNA/hAT-Charlie	788	-	216	139294186	18747
chr6	13879117	14079117	harbor2	chr6	13891766	13892103	DNA/hAT-Charlie	1383	-	168	13891934	12817
chr6	13879117	14079117	harbor2	chr6	13922267	13922554	DNA/hAT-Charlie	953	-	144	13922411	43294
chr6	13879117	14079117	harbor2	chr6	13933237	13933251	DNA/hAT-Charlie	731	-	7	13933244	54127
chr6	13879117	14079117	harbor2	chr6	13933541	13933726	DNA/hAT-Charlie	731	-	92	13933633	54516
chr6	13879117	14079117	harbor2	chr6	13934049	13934231	DNA/hAT-Charlie	919	-	91	13934140	55023
chr6	13879117	14079117	harbor2	chr6	13955078	13955271	DNA/hAT-Charlie	619	-	96	13955174	76057
chr6	90487353	90687353	harbor2	chr6	90542788	90542916	DNA/hAT-Charlie	708	-	64	90542852	55499
chr6	167863275	168063275	harbor2	chr6	167866378	167866898	DNA/hAT-Charlie	1036	-	260	167866638	3363
chr6	167863275	168063275	harbor2	chr6	167952524	167952716	DNA/hAT-Charlie	885	-	96	167952620	89345
chr6	167863275	168063275	harbor2	chr6	167935944	167936232	DNA/hAT-Charlie	977	-	144	167936088	72813
chr6	7626983	7826983	harbor2	chr6	7669759	7669975	DNA/hAT-Charlie	970	-	108	7669867	42884
chr6	7626983	7826983	harbor2	chr6	7710063	7710347	DNA/hAT-Charlie	627	-	142	7710205	83222
chr6	37074400	37274400	harbor2	chr6	37145651	37145814	DNA/hAT-Charlie	525	-	82	37145733	71333
chr6	37074400	37274400	harbor2	chr6	37155466	37155642	DNA/hAT-Charlie	931	-	88	37155554	81154
chr6	161064077	161264077	harbor2	chr6	161090745	161090969	DNA/hAT-Charlie	695	-	112	161090857	26780
chr6	161064077	161264077	harbor2	chr6	161128008	161128222	DNA/hAT-Charlie	791	-	107	161128115	64038
chr6	161064077	161264077	harbor2	chr6	161134341	161134488	DNA/hAT-Charlie	594	-	74	161134415	70338
chr6	31635444	31835444	harbor2	chr6	31714665	31715068	DNA/hAT-Charlie	1560	-	202	31714867	79423
chr6	6447005	6647005	harbor2	chr6	6495574	6495734	DNA/hAT-Charlie	733	-	80	6495654	48649
chr6	45540928	45740928	harbor2	chr6	45542960	45543210	DNA/hAT-Charlie	742	-	125	45543085	2157
chr6	45540928	45740928	harbor2	chr6	45552178	45552389	DNA/hAT-Charlie	1202	-	106	45552284	11356
chr6	45540928	45740928	harbor2	chr6	45584670	45585064	DNA/hAT-Charlie	1313	-	197	45584867	43939
chr6	45540928	45740928	harbor2	chr6	45588927	45589238	DNA/hAT-Charlie	1583	-	156	45589083	48155
chr6	45540928	45740928	harbor2	chr6	45614069	45614133	DNA/hAT-Charlie	1265	-	32	45614101	73173
chr6	45540928	45740928	harbor2	chr6	45614436	45614691	DNA/hAT-Charlie	1265	-	128	45614564	73636
chr6	138473227	138673227	harbor2	chr6	138482894	138483070	DNA/hAT-Charlie	723	-	88	138482982	9755
chr6	156760880	156960880	harbor2	chr6	156800244	156800307	DNA/hAT-Charlie	627	-	32	156800276	39396
chr6	156760880	156960880	harbor2	chr6	156800907	156801058	DNA/hAT-Charlie	627	-	76	156800983	40103
chr6	156760880	156960880	harbor2	chr6	156806762	156807092	DNA/hAT-Charlie	1435	-	165	156806927	46047
chr6	63703058	63903058	harbor2	chr6	63718315	63718674	DNA/hAT-Charlie	1161	-	180	63718495	15437
chr6	63703058	63903058	harbor2	chr6	63766098	63766308	DNA/hAT-Charlie	957	-	105	63766203	63145
chr6	63703058	63903058	harbor2	chr6	63784943	63785103	DNA/hAT-Charlie	860	-	80	63785023	81965
chr6	7628030	7828030	harbor2	chr6	7669759	7669975	DNA/hAT-Charlie	970	-	108	7669867	41837
chr6	7628030	7828030	harbor2	chr6	7710063	7710347	DNA/hAT-Charlie	627	-	142	7710205	82175
chr6	139292147	139492147	harbor2	chr6	139293970	139294403	DNA/hAT-Charlie	788	-	216	139294186	2039
chr6	139292147	139492147	harbor2	chr6	139384447	139384471	DNA/hAT-Charlie	1245	-	12	139384459	92312
chr6	139292147	139492147	harbor2	chr6	139384765	139385304	DNA/hAT-Charlie	1245	-	270	139385035	92888
chr6	139292147	139492147	harbor2	chr6	139385612	139385654	DNA/hAT-Charlie	1245	-	21	139385633	93486
chr6	139275441	139475441	harbor2	chr6	139293970	139294403	DNA/hAT-Charlie	788	-	216	139294186	18745
chr6	166057634	166257634	harbor2	chr6	166086531	166086685	DNA/hAT-Charlie	718	-	77	166086608	28974
chr6	166057634	166257634	harbor2	chr6	166099245	166099576	DNA/hAT-Charlie	2106	-	166	166099411	41777
chr6	166057634	166257634	harbor2	chr6	166122297	166122416	DNA/hAT-Charlie	19656	-	60	166122357	64723
chr6	166057634	166257634	harbor2	chr6	166122712	166125278	DNA/hAT-Charlie	19656	-	1283	166123995	66361
chr6	166057634	166257634	harbor2	chr6	166141785	166142004	DNA/hAT-Charlie	707	-	110	166141895	84261
chr6	43872696	44072696	harbor2	chr6	43893493	43893769	DNA/hAT-Charlie	582	-	138	43893631	20935
chr6	43872696	44072696	harbor2	chr6	43916937	43917143	DNA/hAT-Charlie	1062	-	103	43917040	44344
chr6	37189816	37389816	harbor2	chr6	37211893	37212065	DNA/hAT-Charlie	792	-	86	37211979	22163
chr6	37189816	37389816	harbor2	chr6	37254797	37255134	DNA/hAT-Charlie	1859	-	168	37254965	65149
chr6	37189816	37389816	harbor2	chr6	37277824	37277848	DNA/hAT-Charlie	615	-	12	37277836	88020
chr6	37189816	37389816	harbor2	chr6	37278146	37278422	DNA/hAT-Charlie	615	-	138	37278284	88468
chr6	37189816	37389816	harbor2	chr6	37284679	37284858	DNA/hAT-Charlie	745	-	90	37284769	94953
chr6	139275444	139475444	harbor2	chr6	139293970	139294403	DNA/hAT-Charlie	788	-	216	139294186	18742
chr6	167863262	168063262	harbor2	chr6	167866378	167866898	DNA/hAT-Charlie	1036	-	260	167866638	3376
chr6	167863262	168063262	harbor2	chr6	167952524	167952716	DNA/hAT-Charlie	885	-	96	167952620	89358
chr6	167863262	168063262	harbor2	chr6	167935944	167936232	DNA/hAT-Charlie	977	-	144	167936088	72826
chr6	37073934	37273934	harbor2	chr6	37145651	37145814	DNA/hAT-Charlie	525	-	82	37145733	71799
chr6	37073934	37273934	harbor2	chr6	37155466	37155642	DNA/hAT-Charlie	931	-	88	37155554	81620
chr6	37072538	37272538	harbor2	chr6	37145651	37145814	DNA/hAT-Charlie	525	-	82	37145733	73195
chr6	37072538	37272538	harbor2	chr6	37155466	37155642	DNA/hAT-Charlie	931	-	88	37155554	83016
chr6	165561181	165761181	harbor2	chr6	165634030	165634169	DNA/hAT-Charlie	479	-	70	165634100	72919
chr6	165561181	165761181	harbor2	chr6	165642927	165643098	DNA/hAT-Charlie	565	-	86	165643013	81832
chr6	165561181	165761181	harbor2	chr6	165643440	165643569	DNA/hAT-Charlie	518	-	64	165643504	82323
chr6	127169085	127369085	harbor2	chr6	127249733	127250059	DNA/hAT-Charlie	636	-	163	127249896	80811
chr6	127169085	127369085	harbor2	chr6	127263172	127263648	DNA/hAT-Charlie	1644	-	238	127263410	94325
chr6	152219275	152419275	harbor2	chr6	152230840	152231060	DNA/hAT-Charlie	1654	-	110	152230950	11675
chr6	152219275	152419275	harbor2	chr6	152260663	152260979	DNA/hAT-Charlie	1942	-	158	152260821	41546
chr6	152219275	152419275	harbor2	chr6	152282366	152282546	DNA/hAT-Charlie	511	-	90	152282456	63181
chr6	52583140	52783140	harbor2	chr6	52616063	52616246	DNA/hAT-Charlie	755	-	92	52616155	33015
chr6	52583140	52783140	harbor2	chr6	52633058	52633390	DNA/hAT-Charlie	1940	-	166	52633224	50084
chr6	52583140	52783140	harbor2	chr6	52642503	52642695	DNA/hAT-Charlie	719	-	96	52642599	59459
chr6	52583140	52783140	harbor2	chr6	52645842	52645903	DNA/hAT-Charlie	982	-	30	52645872	62732
chr6	52583140	52783140	harbor2	chr6	52646190	52646322	DNA/hAT-Charlie	982	-	66	52646256	63116
chr6	52583140	52783140	harbor2	chr6	52663490	52663687	DNA/hAT-Charlie	1494	-	98	52663588	80448
chr6	169887372	170087372	harbor2	chr6	169932002	169932162	DNA/hAT-Charlie	484	-	80	169932082	44710
chr6	139275438	139475438	harbor2	chr6	139293970	139294403	DNA/hAT-Charlie	788	-	216	139294186	18748
chr6	37253997	37453997	harbor2	chr6	37254797	37255134	DNA/hAT-Charlie	1859	-	168	37254965	968
chr6	37253997	37453997	harbor2	chr6	37277824	37277848	DNA/hAT-Charlie	615	-	12	37277836	23839
chr6	37253997	37453997	harbor2	chr6	37278146	37278422	DNA/hAT-Charlie	615	-	138	37278284	24287
chr6	37253997	37453997	harbor2	chr6	37284679	37284858	DNA/hAT-Charlie	745	-	90	37284769	30772
chr6	37253997	37453997	harbor2	chr6	37344672	37344878	DNA/hAT-Charlie	1006	-	103	37344775	90778
chr6	37253997	37453997	harbor2	chr6	37344990	37345179	DNA/hAT-Charlie	465	-	94	37345084	91087
chr6	127168838	127368838	harbor2	chr6	127249733	127250059	DNA/hAT-Charlie	636	-	163	127249896	81058
chr6	127168838	127368838	harbor2	chr6	127263172	127263648	DNA/hAT-Charlie	1644	-	238	127263410	94572
chr6	45542549	45742549	harbor2	chr6	45542960	45543210	DNA/hAT-Charlie	742	-	125	45543085	536
chr6	45542549	45742549	harbor2	chr6	45552178	45552389	DNA/hAT-Charlie	1202	-	106	45552284	9735
chr6	45542549	45742549	harbor2	chr6	45584670	45585064	DNA/hAT-Charlie	1313	-	197	45584867	42318
chr6	45542549	45742549	harbor2	chr6	45588927	45589238	DNA/hAT-Charlie	1583	-	156	45589083	46534
chr6	45542549	45742549	harbor2	chr6	45614069	45614133	DNA/hAT-Charlie	1265	-	32	45614101	71552
chr6	45542549	45742549	harbor2	chr6	45614436	45614691	DNA/hAT-Charlie	1265	-	128	45614564	72015
chr6	47581748	47781748	harbor2	chr6	47584735	47585011	DNA/hAT-Charlie	639	-	138	47584873	3125
chr6	47581748	47781748	harbor2	chr6	47585316	47585343	DNA/hAT-Charlie	639	-	14	47585330	3582
chr6	47581748	47781748	harbor2	chr6	47630073	47630243	DNA/hAT-Charlie	697	-	85	47630158	48410
chr6	47581748	47781748	harbor2	chr6	47658845	47658970	DNA/hAT-Charlie	453	-	62	47658907	77159
chr6	47581748	47781748	harbor2	chr6	47679409	47679616	DNA/hAT-Charlie	1149	-	104	47679513	97765
chr6	47581748	47781748	harbor2	chr6	47681046	47681191	DNA/hAT-Charlie	786	-	72	47681118	99370
chr6	30621530	30821530	harbor2	chr6	30652413	30652572	DNA/hAT-Charlie	487	-	80	30652493	30963
chr6	139336768	139536768	harbor2	chr6	139384447	139384471	DNA/hAT-Charlie	1245	-	12	139384459	47691
chr6	139336768	139536768	harbor2	chr6	139384765	139385304	DNA/hAT-Charlie	1245	-	270	139385035	48267
chr6	139336768	139536768	harbor2	chr6	139385612	139385654	DNA/hAT-Charlie	1245	-	21	139385633	48865
chr6	139336768	139536768	harbor2	chr6	139421007	139421173	DNA/hAT-Charlie	665	-	83	139421090	84322
chr6	43739619	43939619	harbor2	chr6	43788785	43788955	DNA/hAT-Charlie	820	-	85	43788870	49251
chr6	43739619	43939619	harbor2	chr6	43789276	43789478	DNA/hAT-Charlie	820	-	101	43789377	49758
chr6	43739619	43939619	harbor2	chr6	43823714	43823954	DNA/hAT-Charlie	535	-	120	43823834	84215
chr6	43739619	43939619	harbor2	chr6	43828524	43828805	DNA/hAT-Charlie	595	-	140	43828664	89045
chr6	43739619	43939619	harbor2	chr6	43837198	43837324	DNA/hAT-Charlie	728	-	63	43837261	97642
chr6	43739619	43939619	harbor2	chr6	43837612	43837676	DNA/hAT-Charlie	728	-	32	43837644	98025
chr6	52477059	52677059	harbor2	chr6	52484220	52484719	DNA/hAT-Charlie	2079	-	250	52484470	7411
chr6	52477059	52677059	harbor2	chr6	52486999	52487228	DNA/hAT-Charlie	1135	-	114	52487113	10054
chr6	52477059	52677059	harbor2	chr6	52513945	52514108	DNA/hAT-Charlie	729	-	82	52514027	36968
chr6	52477059	52677059	harbor2	chr6	52522001	52522533	DNA/hAT-Charlie	818	-	266	52522267	45208
chr6	52477059	52677059	harbor2	chr6	52529435	52529593	DNA/hAT-Charlie	737	-	79	52529514	52455
chr6	127285001	127485001	harbor2	chr6	127301743	127301882	DNA/hAT-Charlie	547	-	70	127301813	16812
chr6	45541342	45741342	harbor2	chr6	45542960	45543210	DNA/hAT-Charlie	742	-	125	45543085	1743
chr6	45541342	45741342	harbor2	chr6	45552178	45552389	DNA/hAT-Charlie	1202	-	106	45552284	10942
chr6	45541342	45741342	harbor2	chr6	45584670	45585064	DNA/hAT-Charlie	1313	-	197	45584867	43525
chr6	45541342	45741342	harbor2	chr6	45588927	45589238	DNA/hAT-Charlie	1583	-	156	45589083	47741
chr6	45541342	45741342	harbor2	chr6	45614069	45614133	DNA/hAT-Charlie	1265	-	32	45614101	72759
chr6	45541342	45741342	harbor2	chr6	45614436	45614691	DNA/hAT-Charlie	1265	-	128	45614564	73222
chr6	43416854	43616854	harbor2	chr6	43497071	43497255	DNA/hAT-Charlie	813	-	92	43497163	80309
chr6	37002843	37202843	harbor2	chr6	37016129	37016280	DNA/hAT-Charlie	657	-	76	37016205	13362
chr6	37002843	37202843	harbor2	chr6	37052099	37052266	DNA/hAT-Charlie	788	-	84	37052183	49340
chr6	108995339	109195339	harbor2	chr6	109070768	109070920	DNA/hAT-Charlie	662	-	76	109070844	75505
chr6	108995339	109195339	harbor2	chr6	109071897	109072018	DNA/hAT-Charlie	527	-	60	109071957	76618
chr6	27419515	27619515	harbor2	chr6	27463956	27464169	DNA/hAT-Charlie	886	-	106	27464062	44547
chr6	4985270	5185270	harbor2	chr6	5017195	5017269	DNA/hAT-Charlie	451	-	37	5017232	31962
chr6	4985270	5185270	harbor2	chr6	5056173	5057248	DNA/hAT-Charlie	4043	-	538	5056711	71441
chr6	4985270	5185270	harbor2	chr6	5069190	5069376	DNA/hAT-Charlie	742	-	93	5069283	84013
chr6	4985270	5185270	harbor2	chr6	5083179	5083385	DNA/hAT-Charlie	638	-	103	5083282	98012
chr6	139373354	139573354	harbor2	chr6	139384447	139384471	DNA/hAT-Charlie	1245	-	12	139384459	11105
chr6	139373354	139573354	harbor2	chr6	139384765	139385304	DNA/hAT-Charlie	1245	-	270	139385035	11681
chr6	139373354	139573354	harbor2	chr6	139385612	139385654	DNA/hAT-Charlie	1245	-	21	139385633	12279
chr6	139373354	139573354	harbor2	chr6	139421007	139421173	DNA/hAT-Charlie	665	-	83	139421090	47736
chr6	139373354	139573354	harbor2	chr6	139461138	139461537	DNA/hAT-Charlie	1193	-	200	139461338	87984
chr6	3749942	3949942	harbor2	chr6	3757456	3757610	DNA/hAT-Charlie	600	-	77	3757533	7591
chr6	3749942	3949942	harbor2	chr6	3783537	3783694	DNA/hAT-Charlie	736	-	78	3783615	33673
chr6	3749942	3949942	harbor2	chr6	3790762	3790823	DNA/hAT-Charlie	457	-	30	3790792	40850
chr6	3749942	3949942	harbor2	chr6	3791132	3791314	DNA/hAT-Charlie	457	-	91	3791223	41281
chr6	3749942	3949942	harbor2	chr6	3794288	3794473	DNA/hAT-Charlie	677	-	92	3794380	44438
chr6	3749942	3949942	harbor2	chr6	3813559	3813688	DNA/hAT-Charlie	576	-	64	3813623	63681
chr6	3749942	3949942	harbor2	chr6	3820444	3820599	DNA/hAT-Charlie	524	-	78	3820522	70580
chr6	3749942	3949942	harbor2	chr6	3820628	3820800	DNA/hAT-Charlie	551	-	86	3820714	70772
chr6	3749942	3949942	harbor2	chr6	3825550	3825774	DNA/hAT-Charlie	462	-	112	3825662	75720
chr6	3749942	3949942	harbor2	chr6	3829538	3829800	DNA/hAT-Charlie	778	-	131	3829669	79727
chr6	150946201	151146201	harbor2	chr6	150970389	150970494	DNA/hAT-Charlie	582	-	52	150970441	24240
chr6	150946201	151146201	harbor2	chr6	150980908	150981462	DNA/hAT-Charlie	2482	-	277	150981185	34984
chr6	150946201	151146201	harbor2	chr6	150981569	150981800	DNA/hAT-Charlie	661	-	116	150981685	35484
chr6	150946201	151146201	harbor2	chr6	150986431	150986708	DNA/hAT-Charlie	1542	-	138	150986569	40368
chr6	150946201	151146201	harbor2	chr6	151002853	151003042	DNA/hAT-Charlie	634	-	94	151002947	56746
chr6	150946201	151146201	harbor2	chr6	151008412	151008572	DNA/hAT-Charlie	631	-	80	151008492	62291
chr6	150946201	151146201	harbor2	chr6	151013491	151013651	DNA/hAT-Charlie	521	-	80	151013571	67370
chr6	39129464	39329464	harbor2	chr6	39136688	39136901	DNA/hAT-Charlie	717	-	106	39136794	7330
chr6	39129464	39329464	harbor2	chr6	39145153	39145380	DNA/hAT-Charlie	779	-	114	39145267	15803
chr6	39129464	39329464	harbor2	chr6	39158947	39159125	DNA/hAT-Charlie	584	-	89	39159036	29572
chr6	39129464	39329464	harbor2	chr6	39172502	39172703	DNA/hAT-Charlie	864	-	100	39172602	43138
chr6	39129464	39329464	harbor2	chr6	39196224	39196392	DNA/hAT-Charlie	767	-	84	39196308	66844
chr6	39129464	39329464	harbor2	chr6	39204513	39204691	DNA/hAT-Charlie	631	-	89	39204602	75138
chr6	151352799	151552799	harbor2	chr6	151386740	151387357	DNA/hAT-Charlie	2491	-	308	151387048	34249
chr6	151352799	151552799	harbor2	chr6	151387371	151387495	DNA/hAT-Charlie	542	-	62	151387433	34634
chr6	151352799	151552799	harbor2	chr6	151395207	151395400	DNA/hAT-Charlie	545	-	96	151395303	42504
chr6	151352799	151552799	harbor2	chr6	151398237	151398368	DNA/hAT-Charlie	620	-	66	151398303	45504
chr6	125542072	125742072	harbor2	chr6	125542772	125542938	DNA/hAT-Charlie	644	-	83	125542855	783
chr6	125542072	125742072	harbor2	chr6	125563419	125563619	DNA/hAT-Charlie	763	-	100	125563519	21447
chr6	169873505	170073505	harbor2	chr6	169932002	169932162	DNA/hAT-Charlie	484	-	80	169932082	58577
chr6	139275442	139475442	harbor2	chr6	139293970	139294403	DNA/hAT-Charlie	788	-	216	139294186	18744
chr6	146813947	147013947	harbor2	chr6	146856148	146856334	DNA/hAT-Charlie	508	-	93	146856241	42294
chr6	146813947	147013947	harbor2	chr6	146890705	146890865	DNA/hAT-Charlie	732	-	80	146890785	76838
chr6	45541330	45741330	harbor2	chr6	45542960	45543210	DNA/hAT-Charlie	742	-	125	45543085	1755
chr6	45541330	45741330	harbor2	chr6	45552178	45552389	DNA/hAT-Charlie	1202	-	106	45552284	10954
chr6	45541330	45741330	harbor2	chr6	45584670	45585064	DNA/hAT-Charlie	1313	-	197	45584867	43537
chr6	45541330	45741330	harbor2	chr6	45588927	45589238	DNA/hAT-Charlie	1583	-	156	45589083	47753
chr6	45541330	45741330	harbor2	chr6	45614069	45614133	DNA/hAT-Charlie	1265	-	32	45614101	72771
chr6	45541330	45741330	harbor2	chr6	45614436	45614691	DNA/hAT-Charlie	1265	-	128	45614564	73234
chr6	106533593	106733593	harbor2	chr6	106564508	106564691	DNA/hAT-Charlie	1012	-	92	106564600	31007
chr6	106533593	106733593	harbor2	chr6	106576663	106576857	DNA/hAT-Charlie	831	-	97	106576760	43167
chr6	106533593	106733593	harbor2	chr6	106578825	106578955	DNA/hAT-Charlie	1094	-	65	106578890	45297
chr6	106533593	106733593	harbor2	chr6	106579256	106579332	DNA/hAT-Charlie	1094	-	38	106579294	45701
chr6	133854144	134054144	harbor2	chr6	133944431	133944657	DNA/hAT-Charlie	1456	-	113	133944544	90400
chr6	133854144	134054144	harbor2	chr6	133949900	133950133	DNA/hAT-Charlie	484	-	116	133950016	95872
chr6	27415796	27615796	harbor2	chr6	27463956	27464169	DNA/hAT-Charlie	886	-	106	27464062	48266
chr6	41092984	41292984	harbor2	chr6	41113725	41114028	DNA/hAT-Charlie	1095	-	152	41113877	20893
chr6	37072323	37272323	harbor2	chr6	37145651	37145814	DNA/hAT-Charlie	525	-	82	37145733	73410
chr6	37072323	37272323	harbor2	chr6	37155466	37155642	DNA/hAT-Charlie	931	-	88	37155554	83231
chr6	139276317	139476317	harbor2	chr6	139293970	139294403	DNA/hAT-Charlie	788	-	216	139294186	17869
chr6	127167575	127367575	harbor2	chr6	127249733	127250059	DNA/hAT-Charlie	636	-	163	127249896	82321
chr6	127167575	127367575	harbor2	chr6	127263172	127263648	DNA/hAT-Charlie	1644	-	238	127263410	95835
chr6	124977679	125177679	harbor2	chr6	124986661	124987205	DNA/hAT-Charlie	2465	-	272	124986933	9254
chr6	124977679	125177679	harbor2	chr6	124987505	124987633	DNA/hAT-Charlie	611	-	64	124987569	9890
chr6	124977679	125177679	harbor2	chr6	124987764	124987958	DNA/hAT-Charlie	742	-	97	124987861	10182
chr6	124977679	125177679	harbor2	chr6	124988294	124989791	DNA/hAT-Charlie	4375	-	748	124989042	11363
chr6	124977679	125177679	harbor2	chr6	124991764	124991932	DNA/hAT-Charlie	644	-	84	124991848	14169
chr6	124977679	125177679	harbor2	chr6	124992033	124992176	DNA/hAT-Charlie	653	-	72	124992105	14426
chr6	124977679	125177679	harbor2	chr6	125054729	125054891	DNA/hAT-Charlie	651	-	81	125054810	77131
chr6	124977679	125177679	harbor2	chr6	125064932	125065009	DNA/hAT-Charlie	893	-	38	125064970	87291
chr6	124977679	125177679	harbor2	chr6	125065311	125065573	DNA/hAT-Charlie	893	-	131	125065442	87763
chr6	37002888	37202888	harbor2	chr6	37016129	37016280	DNA/hAT-Charlie	657	-	76	37016205	13317
chr6	37002888	37202888	harbor2	chr6	37052099	37052266	DNA/hAT-Charlie	788	-	84	37052183	49295
chr6	45543573	45743573	harbor2	chr6	45552178	45552389	DNA/hAT-Charlie	1202	-	106	45552284	8711
chr6	45543573	45743573	harbor2	chr6	45584670	45585064	DNA/hAT-Charlie	1313	-	197	45584867	41294
chr6	45543573	45743573	harbor2	chr6	45588927	45589238	DNA/hAT-Charlie	1583	-	156	45589083	45510
chr6	45543573	45743573	harbor2	chr6	45614069	45614133	DNA/hAT-Charlie	1265	-	32	45614101	70528
chr6	45543573	45743573	harbor2	chr6	45614436	45614691	DNA/hAT-Charlie	1265	-	128	45614564	70991
chr6	169864808	170064808	harbor2	chr6	169932002	169932162	DNA/hAT-Charlie	484	-	80	169932082	67274
chr6	37071349	37271349	harbor2	chr6	37145651	37145814	DNA/hAT-Charlie	525	-	82	37145733	74384
chr6	37071349	37271349	harbor2	chr6	37155466	37155642	DNA/hAT-Charlie	931	-	88	37155554	84205
chr6	139419971	139619971	harbor2	chr6	139421007	139421173	DNA/hAT-Charlie	665	-	83	139421090	1119
chr6	139419971	139619971	harbor2	chr6	139461138	139461537	DNA/hAT-Charlie	1193	-	200	139461338	41367
chr6	139419971	139619971	harbor2	chr6	139501859	139502057	DNA/hAT-Charlie	838	-	99	139501958	81987
chr6	37003451	37203451	harbor2	chr6	37016129	37016280	DNA/hAT-Charlie	657	-	76	37016205	12754
chr6	37003451	37203451	harbor2	chr6	37052099	37052266	DNA/hAT-Charlie	788	-	84	37052183	48732
chr6	170065662	170265662	harbor2	chr6	170125034	170125219	DNA/hAT-Charlie	450	-	92	170125126	59464
chr6	139275455	139475455	harbor2	chr6	139293970	139294403	DNA/hAT-Charlie	788	-	216	139294186	18731
chr6	11912017	12112017	harbor2	chr6	11914336	11914503	DNA/hAT-Charlie	1106	-	84	11914420	2403
chr6	11912017	12112017	harbor2	chr6	11940260	11940479	DNA/hAT-Charlie	688	-	110	11940370	28353
chr6	11912017	12112017	harbor2	chr6	11981536	11982494	DNA/hAT-Charlie	2808	-	479	11982015	69998
chr6	11912017	12112017	harbor2	chr6	11982576	11983322	DNA/hAT-Charlie	1867	-	373	11982949	70932
chr6	11912017	12112017	harbor2	chr6	11984135	11985640	DNA/hAT-Charlie	3475	-	752	11984887	72870
chr6	37072379	37272379	harbor2	chr6	37145651	37145814	DNA/hAT-Charlie	525	-	82	37145733	73354
chr6	37072379	37272379	harbor2	chr6	37155466	37155642	DNA/hAT-Charlie	931	-	88	37155554	83175
chr6	56126551	56326551	harbor2	chr6	56194714	56194812	DNA/hAT-Charlie	692	-	49	56194763	68212
chr6	56126551	56326551	harbor2	chr6	56195238	56195297	DNA/hAT-Charlie	692	-	30	56195268	68717
chr6	56126551	56326551	harbor2	chr6	56221063	56221260	DNA/hAT-Charlie	659	-	98	56221161	94610
chr6	33105578	33305578	harbor2	chr6	33151352	33151543	DNA/hAT-Charlie	1006	-	96	33151448	45870
chr6	41839250	42039250	harbor2	chr6	41866640	41866886	DNA/hAT-Charlie	1177	-	123	41866763	27513
chr6	41839250	42039250	harbor2	chr6	41927906	41928122	DNA/hAT-Charlie	1223	-	108	41928014	88764
chr6	24674917	24874917	harbor2	chr6	24684614	24684745	DNA/hAT-Charlie	841	-	66	24684680	9763
chr6	24674917	24874917	harbor2	chr6	24685020	24685169	DNA/hAT-Charlie	841	-	74	24685094	10177
chr6	24674917	24874917	harbor2	chr6	24708030	24708147	DNA/hAT-Charlie	459	-	58	24708088	33171
chr6	24674917	24874917	harbor2	chr6	24709078	24709231	DNA/hAT-Charlie	633	-	76	24709154	34237
chr6	24674917	24874917	harbor2	chr6	24727418	24727609	DNA/hAT-Charlie	832	-	96	24727514	52597
chr6	24674917	24874917	harbor2	chr6	24745472	24745616	DNA/hAT-Charlie	832	-	72	24745544	70627
chr6	24674917	24874917	harbor2	chr6	24745894	24745971	DNA/hAT-Charlie	832	-	38	24745932	71015
chr6	32071139	32271139	harbor2	chr6	32092111	32092298	DNA/hAT-Charlie	1083	-	94	32092205	21066
chr6	32071139	32271139	harbor2	chr6	32131900	32132049	DNA/hAT-Charlie	715	-	74	32131974	60835
chr6	32071139	32271139	harbor2	chr6	32139587	32139755	DNA/hAT-Charlie	614	-	84	32139671	68532
chr6	32071139	32271139	harbor2	chr6	32145758	32145860	DNA/hAT-Charlie	512	-	51	32145809	74670
chr6	32071139	32271139	harbor2	chr6	32156459	32156675	DNA/hAT-Charlie	1248	-	108	32156567	85428
chr6	151205921	151405921	harbor2	chr6	151291161	151291254	DNA/hAT-Charlie	476	-	46	151291207	85286
chr6	37071596	37271596	harbor2	chr6	37145651	37145814	DNA/hAT-Charlie	525	-	82	37145733	74137
chr6	37071596	37271596	harbor2	chr6	37155466	37155642	DNA/hAT-Charlie	931	-	88	37155554	83958
chr6	167863251	168063251	harbor2	chr6	167866378	167866898	DNA/hAT-Charlie	1036	-	260	167866638	3387
chr6	167863251	168063251	harbor2	chr6	167952524	167952716	DNA/hAT-Charlie	885	-	96	167952620	89369
chr6	167863251	168063251	harbor2	chr6	167935944	167936232	DNA/hAT-Charlie	977	-	144	167936088	72837
chr6	41449219	41649219	harbor2	chr6	41535418	41535567	DNA/hAT-Charlie	673	-	74	41535492	86273
chr6	37070833	37270833	harbor2	chr6	37145651	37145814	DNA/hAT-Charlie	525	-	82	37145733	74900
chr6	37070833	37270833	harbor2	chr6	37155466	37155642	DNA/hAT-Charlie	931	-	88	37155554	84721
chr6	52190864	52390864	harbor2	chr6	52289326	52289498	DNA/hAT-Charlie	1248	-	86	52289412	98548
chr6	52190864	52390864	harbor2	chr6	52289792	52289920	DNA/hAT-Charlie	1248	-	64	52289856	98992
chr6	139275447	139475447	harbor2	chr6	139293970	139294403	DNA/hAT-Charlie	788	-	216	139294186	18739
chr6	41462100	41662100	harbor2	chr6	41535418	41535567	DNA/hAT-Charlie	673	-	74	41535492	73392
chr6	41462100	41662100	harbor2	chr6	41556807	41556977	DNA/hAT-Charlie	505	-	85	41556892	94792
chr6	37073886	37273886	harbor2	chr6	37145651	37145814	DNA/hAT-Charlie	525	-	82	37145733	71847
chr6	37073886	37273886	harbor2	chr6	37155466	37155642	DNA/hAT-Charlie	931	-	88	37155554	81668
chr6	167863272	168063272	harbor2	chr6	167866378	167866898	DNA/hAT-Charlie	1036	-	260	167866638	3366
chr6	167863272	168063272	harbor2	chr6	167952524	167952716	DNA/hAT-Charlie	885	-	96	167952620	89348
chr6	167863272	168063272	harbor2	chr6	167935944	167936232	DNA/hAT-Charlie	977	-	144	167936088	72816
chr6	30621455	30821455	harbor2	chr6	30652413	30652572	DNA/hAT-Charlie	487	-	80	30652493	31038
chr6	34138363	34338363	harbor2	chr6	34225436	34225666	DNA/hAT-Charlie	981	-	115	34225551	87188
chr6	64723204	64923204	harbor2	chr6	64732696	64732946	DNA/hAT-Charlie	493	-	125	64732821	9617
chr6	64723204	64923204	harbor2	chr6	64748294	64748482	DNA/hAT-Charlie	1046	-	94	64748388	25184
chr6	64723204	64923204	harbor2	chr6	64769292	64769545	DNA/hAT-Charlie	642	-	126	64769418	46214
chr6	64723204	64923204	harbor2	chr6	64791814	64792257	DNA/hAT-Charlie	817	-	222	64792036	68832
chr6	169864138	170064138	harbor2	chr6	169932002	169932162	DNA/hAT-Charlie	484	-	80	169932082	67944
chr6	127447015	127647015	harbor2	chr6	127483490	127483701	DNA/hAT-Charlie	581	-	106	127483596	36581
chr6	170478408	170678408	harbor2	chr6	170510963	170511043	DNA/hAT-Charlie	901	-	40	170511003	32595
chr6	170478408	170678408	harbor2	chr6	170511388	170512085	DNA/hAT-Charlie	901	-	348	170511736	33328
chr6	7770431	7970431	harbor2	chr6	7820743	7821081	DNA/hAT-Charlie	2032	-	169	7820912	50481
chr6	147926214	148126214	harbor2	chr6	147929399	147930035	DNA/hAT-Charlie	1915	-	318	147929717	3503
chr6	147926214	148126214	harbor2	chr6	147980073	147980264	DNA/hAT-Charlie	939	-	96	147980169	53955
chr6	147926214	148126214	harbor2	chr6	148005573	148006080	DNA/hAT-Charlie	3610	-	254	148005827	79613
chr6	107718911	107918911	harbor2	chr6	107750714	107750869	DNA/hAT-Charlie	847	-	78	107750792	31881
chr6	107718911	107918911	harbor2	chr6	107770138	107770410	DNA/hAT-Charlie	850	-	136	107770274	51363
chr6	56333514	56533514	harbor2	chr6	56356283	56356431	DNA/hAT-Charlie	533	-	74	56356357	22843
chr6	7634787	7834787	harbor2	chr6	7669759	7669975	DNA/hAT-Charlie	970	-	108	7669867	35080
chr6	7634787	7834787	harbor2	chr6	7710063	7710347	DNA/hAT-Charlie	627	-	142	7710205	75418
chr6	7628065	7828065	harbor2	chr6	7669759	7669975	DNA/hAT-Charlie	970	-	108	7669867	41802
chr6	7628065	7828065	harbor2	chr6	7710063	7710347	DNA/hAT-Charlie	627	-	142	7710205	82140
chr6	169994233	170194233	harbor2	chr6	170041606	170041757	DNA/hAT-Charlie	527	-	76	170041682	47449
chr6	169994233	170194233	harbor2	chr6	170051515	170051692	DNA/hAT-Charlie	470	-	88	170051603	57370
chr6	31630974	31830974	harbor2	chr6	31714665	31715068	DNA/hAT-Charlie	1560	-	202	31714867	83893
chr6	146972244	147172244	harbor2	chr6	146985243	146985446	DNA/hAT-Charlie	1089	-	102	146985345	13101
chr6	146972244	147172244	harbor2	chr6	147002258	147002420	DNA/hAT-Charlie	698	-	81	147002339	30095
chr6	146972244	147172244	harbor2	chr6	147067189	147067520	DNA/hAT-Charlie	2335	-	166	147067355	95111
chr6	158127245	158327245	harbor2	chr6	158171164	158171444	DNA/hAT-Charlie	762	-	140	158171304	44059
chr6	158127245	158327245	harbor2	chr6	158200877	158201019	DNA/hAT-Charlie	535	-	71	158200948	73703
chr6	158127245	158327245	harbor2	chr6	158202291	158202449	DNA/hAT-Charlie	771	-	79	158202370	75125
chr6	158127245	158327245	harbor2	chr6	158221396	158221680	DNA/hAT-Charlie	1086	-	142	158221538	94293
chr6	158127245	158327245	harbor2	chr6	158222160	158222346	DNA/hAT-Charlie	749	-	93	158222253	95008
chr7	44442212	44642212	harbor2	chr7	44491664	44491965	DNA/hAT-Charlie	4029	-	150	44491814	49602
chr7	44442212	44642212	harbor2	chr7	44492252	44492434	DNA/hAT-Charlie	4029	-	91	44492343	50131
chr7	44442212	44642212	harbor2	chr7	44492742	44493495	DNA/hAT-Charlie	4029	-	376	44493118	50906
chr7	44442212	44642212	harbor2	chr7	44493890	44494049	DNA/hAT-Charlie	785	-	80	44493970	51758
chr7	50204488	50404488	harbor2	chr7	50242710	50243369	DNA/hAT-Charlie	2537	-	330	50243040	38552
chr7	50204488	50404488	harbor2	chr7	50243370	50244786	DNA/hAT-Charlie	5483	-	708	50244078	39590
chr7	50204488	50404488	harbor2	chr7	50260583	50260901	DNA/hAT-Charlie	1231	-	159	50260742	56254
chr7	50204488	50404488	harbor2	chr7	50298530	50298972	DNA/hAT-Charlie	3084	-	221	50298751	94263
chr7	100516880	100716880	harbor2	chr7	100535232	100535349	DNA/hAT-Charlie	3627	-	58	100535290	18410
chr7	100516880	100716880	harbor2	chr7	100535639	100536053	DNA/hAT-Charlie	3627	-	207	100535846	18966
chr7	100516880	100716880	harbor2	chr7	100590657	100590843	DNA/hAT-Charlie	892	-	93	100590750	73870
chr7	28134889	28334889	harbor2	chr7	28140641	28140862	DNA/hAT-Charlie	614	-	110	28140751	5862
chr7	28134889	28334889	harbor2	chr7	28140860	28141053	DNA/hAT-Charlie	609	-	96	28140956	6067
chr7	28134889	28334889	harbor2	chr7	28156584	28156775	DNA/hAT-Charlie	728	-	96	28156680	21791
chr7	28134889	28334889	harbor2	chr7	28157297	28157605	DNA/hAT-Charlie	1580	-	154	28157451	22562
chr7	28134889	28334889	harbor2	chr7	28186109	28186172	DNA/hAT-Charlie	502	-	32	28186141	51252
chr7	28134889	28334889	harbor2	chr7	28186461	28186608	DNA/hAT-Charlie	502	-	74	28186535	51646
chr7	28134889	28334889	harbor2	chr7	28197651	28197833	DNA/hAT-Charlie	1026	-	91	28197742	62853
chr7	28134889	28334889	harbor2	chr7	28201076	28201255	DNA/hAT-Charlie	846	-	90	28201166	66277
chr7	28134889	28334889	harbor2	chr7	28214667	28214829	DNA/hAT-Charlie	556	-	81	28214748	79859
chr7	28134889	28334889	harbor2	chr7	28217269	28217544	DNA/hAT-Charlie	548	-	138	28217407	82518
chr7	26995485	27195485	harbor2	chr7	27083091	27083315	DNA/hAT-Charlie	1621	-	112	27083203	87718
chr7	26995485	27195485	harbor2	chr7	27066188	27066500	DNA/hAT-Charlie	820	-	156	27066344	70859
chr7	88119947	88319947	harbor2	chr7	88119981	88120163	DNA/hAT-Charlie	980	-	91	88120072	125
chr7	88119947	88319947	harbor2	chr7	88129634	88129930	DNA/hAT-Charlie	708	-	148	88129782	9835
chr7	88119947	88319947	harbor2	chr7	88146430	88146640	DNA/hAT-Charlie	1212	-	105	88146535	26588
chr7	88119947	88319947	harbor2	chr7	88147388	88147594	DNA/hAT-Charlie	1056	-	103	88147491	27544
chr7	88119947	88319947	harbor2	chr7	88195919	88196097	DNA/hAT-Charlie	837	-	89	88196008	76061
chr7	86417400	86617400	harbor2	chr7	86491739	86491907	DNA/hAT-Charlie	537	-	84	86491823	74423
chr7	25270423	25470423	harbor2	chr7	25276782	25276865	DNA/hAT-Charlie	514	-	42	25276824	6401
chr7	25270423	25470423	harbor2	chr7	25285667	25285810	DNA/hAT-Charlie	581	-	72	25285739	15316
chr7	25270423	25470423	harbor2	chr7	25355828	25356289	DNA/hAT-Charlie	1516	-	230	25356058	85635
chr7	25270423	25470423	harbor2	chr7	25356381	25357771	DNA/hAT-Charlie	5443	-	695	25357076	86653
chr7	28080572	28280572	harbor2	chr7	28115156	28115475	DNA/hAT-Charlie	1505	-	160	28115316	34744
chr7	28080572	28280572	harbor2	chr7	28140641	28140862	DNA/hAT-Charlie	614	-	110	28140751	60179
chr7	28080572	28280572	harbor2	chr7	28140860	28141053	DNA/hAT-Charlie	609	-	96	28140956	60384
chr7	28080572	28280572	harbor2	chr7	28156584	28156775	DNA/hAT-Charlie	728	-	96	28156680	76108
chr7	28080572	28280572	harbor2	chr7	28157297	28157605	DNA/hAT-Charlie	1580	-	154	28157451	76879
chr7	123649533	123849533	harbor2	chr7	123706032	123706249	DNA/hAT-Charlie	564	-	108	123706140	56607
chr7	123649533	123849533	harbor2	chr7	123709897	123710021	DNA/hAT-Charlie	697	-	62	123709959	60426
chr7	123649533	123849533	harbor2	chr7	123717788	123717966	DNA/hAT-Charlie	572	-	89	123717877	68344
chr7	123649533	123849533	harbor2	chr7	123722074	123722226	DNA/hAT-Charlie	466	-	76	123722150	72617
chr7	123649533	123849533	harbor2	chr7	123729105	123729394	DNA/hAT-Charlie	1120	-	144	123729249	79716
chr7	123649533	123849533	harbor2	chr7	123737052	123737269	DNA/hAT-Charlie	1344	-	108	123737160	87627
chr7	123649533	123849533	harbor2	chr7	123738775	123738996	DNA/hAT-Charlie	1312	-	110	123738885	89352
chr7	47229043	47429043	harbor2	chr7	47233611	47233790	DNA/hAT-Charlie	832	-	90	47233701	4658
chr7	47229043	47429043	harbor2	chr7	47300857	47301127	DNA/hAT-Charlie	524	-	135	47300992	71949
chr7	32628830	32828830	harbor2	chr7	32672992	32673062	DNA/hAT-Charlie	486	-	35	32673027	44197
chr7	32628830	32828830	harbor2	chr7	32673088	32673266	DNA/hAT-Charlie	486	-	89	32673177	44347
chr7	28082123	28282123	harbor2	chr7	28115156	28115475	DNA/hAT-Charlie	1505	-	160	28115316	33193
chr7	28082123	28282123	harbor2	chr7	28140641	28140862	DNA/hAT-Charlie	614	-	110	28140751	58628
chr7	28082123	28282123	harbor2	chr7	28140860	28141053	DNA/hAT-Charlie	609	-	96	28140956	58833
chr7	28082123	28282123	harbor2	chr7	28156584	28156775	DNA/hAT-Charlie	728	-	96	28156680	74557
chr7	28082123	28282123	harbor2	chr7	28157297	28157605	DNA/hAT-Charlie	1580	-	154	28157451	75328
chr7	77596422	77796422	harbor2	chr7	77599852	77599983	DNA/hAT-Charlie	688	-	66	77599918	3496
chr7	77596422	77796422	harbor2	chr7	77683852	77684034	DNA/hAT-Charlie	486	-	91	77683943	87521
chr7	5470166	5670166	harbor2	chr7	5524473	5524761	DNA/hAT-Charlie	1717	-	144	5524617	54451
chr7	44507353	44707353	harbor2	chr7	44559103	44559264	DNA/hAT-Charlie	619	-	80	44559183	51830
chr7	44507353	44707353	harbor2	chr7	44559563	44559615	DNA/hAT-Charlie	619	-	26	44559589	52236
chr7	27005184	27205184	harbor2	chr7	27083091	27083315	DNA/hAT-Charlie	1621	-	112	27083203	78019
chr7	27005184	27205184	harbor2	chr7	27066188	27066500	DNA/hAT-Charlie	820	-	156	27066344	61160
chr7	50204289	50404289	harbor2	chr7	50242710	50243369	DNA/hAT-Charlie	2537	-	330	50243040	38751
chr7	50204289	50404289	harbor2	chr7	50243370	50244786	DNA/hAT-Charlie	5483	-	708	50244078	39789
chr7	50204289	50404289	harbor2	chr7	50260583	50260901	DNA/hAT-Charlie	1231	-	159	50260742	56453
chr7	50204289	50404289	harbor2	chr7	50298530	50298972	DNA/hAT-Charlie	3084	-	221	50298751	94462
chr7	97828524	98028524	harbor2	chr7	97832841	97832993	DNA/hAT-Charlie	497	-	76	97832917	4393
chr7	97828524	98028524	harbor2	chr7	97838403	97838616	DNA/hAT-Charlie	526	-	106	97838509	9985
chr7	97828524	98028524	harbor2	chr7	97855959	97856149	DNA/hAT-Charlie	958	-	95	97856054	27530
chr7	97828524	98028524	harbor2	chr7	97871034	97871337	DNA/hAT-Charlie	1356	-	152	97871186	42662
chr7	97828524	98028524	harbor2	chr7	97873117	97873399	DNA/hAT-Charlie	594	-	141	97873258	44734
chr7	97828524	98028524	harbor2	chr7	97885635	97885865	DNA/hAT-Charlie	799	-	115	97885750	57226
chr7	97828524	98028524	harbor2	chr7	97921304	97921499	DNA/hAT-Charlie	1011	-	98	97921402	92878
chr7	100028636	100228636	harbor2	chr7	100048472	100049007	DNA/hAT-Charlie	3600	-	268	100048740	20104
chr7	50204573	50404573	harbor2	chr7	50242710	50243369	DNA/hAT-Charlie	2537	-	330	50243040	38467
chr7	50204573	50404573	harbor2	chr7	50243370	50244786	DNA/hAT-Charlie	5483	-	708	50244078	39505
chr7	50204573	50404573	harbor2	chr7	50260583	50260901	DNA/hAT-Charlie	1231	-	159	50260742	56169
chr7	50204573	50404573	harbor2	chr7	50298530	50298972	DNA/hAT-Charlie	3084	-	221	50298751	94178
chr7	32328390	32528390	harbor2	chr7	32384762	32384920	DNA/hAT-Charlie	739	-	79	32384841	56451
chr7	32328390	32528390	harbor2	chr7	32400430	32400601	DNA/hAT-Charlie	530	-	86	32400516	72126
chr7	142754209	142954209	harbor2	chr7	142760791	142760942	DNA/hAT-Charlie	472	-	76	142760867	6658
chr7	142754209	142954209	harbor2	chr7	142762108	142762252	DNA/hAT-Charlie	822	-	72	142762180	7971
chr7	142754209	142954209	harbor2	chr7	142771361	142771516	DNA/hAT-Charlie	470	-	78	142771439	17230
chr7	142754209	142954209	harbor2	chr7	142772681	142772825	DNA/hAT-Charlie	783	-	72	142772753	18544
chr7	135684417	135884417	harbor2	chr7	135701196	135701304	DNA/hAT-Charlie	552	-	54	135701250	16833
chr7	135684417	135884417	harbor2	chr7	135722927	135723140	DNA/hAT-Charlie	1100	-	106	135723033	38616
chr7	135684417	135884417	harbor2	chr7	135750203	135750286	DNA/hAT-Charlie	1214	-	42	135750245	65828
chr7	135684417	135884417	harbor2	chr7	135750599	135750844	DNA/hAT-Charlie	1214	-	122	135750721	66304
chr7	135684417	135884417	harbor2	chr7	135762754	135762978	DNA/hAT-Charlie	1195	-	112	135762866	78449
chr7	123650448	123850448	harbor2	chr7	123706032	123706249	DNA/hAT-Charlie	564	-	108	123706140	55692
chr7	123650448	123850448	harbor2	chr7	123709897	123710021	DNA/hAT-Charlie	697	-	62	123709959	59511
chr7	123650448	123850448	harbor2	chr7	123717788	123717966	DNA/hAT-Charlie	572	-	89	123717877	67429
chr7	123650448	123850448	harbor2	chr7	123722074	123722226	DNA/hAT-Charlie	466	-	76	123722150	71702
chr7	123650448	123850448	harbor2	chr7	123729105	123729394	DNA/hAT-Charlie	1120	-	144	123729249	78801
chr7	123650448	123850448	harbor2	chr7	123737052	123737269	DNA/hAT-Charlie	1344	-	108	123737160	86712
chr7	123650448	123850448	harbor2	chr7	123738775	123738996	DNA/hAT-Charlie	1312	-	110	123738885	88437
chr7	100393733	100593733	harbor2	chr7	100452483	100452644	DNA/hAT-Charlie	623	-	80	100452563	58830
chr7	20777006	20977006	harbor2	chr7	20798825	20798987	DNA/hAT-Charlie	858	-	81	20798906	21900
chr7	20777006	20977006	harbor2	chr7	20837542	20837867	DNA/hAT-Charlie	545	-	162	20837704	60698
chr7	20777006	20977006	harbor2	chr7	20846554	20846882	DNA/hAT-Charlie	1594	-	164	20846718	69712
chr7	20777006	20977006	harbor2	chr7	20874311	20874443	DNA/hAT-Charlie	520	-	66	20874377	97371
chr7	123649492	123849492	harbor2	chr7	123706032	123706249	DNA/hAT-Charlie	564	-	108	123706140	56648
chr7	123649492	123849492	harbor2	chr7	123709897	123710021	DNA/hAT-Charlie	697	-	62	123709959	60467
chr7	123649492	123849492	harbor2	chr7	123717788	123717966	DNA/hAT-Charlie	572	-	89	123717877	68385
chr7	123649492	123849492	harbor2	chr7	123722074	123722226	DNA/hAT-Charlie	466	-	76	123722150	72658
chr7	123649492	123849492	harbor2	chr7	123729105	123729394	DNA/hAT-Charlie	1120	-	144	123729249	79757
chr7	123649492	123849492	harbor2	chr7	123737052	123737269	DNA/hAT-Charlie	1344	-	108	123737160	87668
chr7	123649492	123849492	harbor2	chr7	123738775	123738996	DNA/hAT-Charlie	1312	-	110	123738885	89393
chr7	5470152	5670152	harbor2	chr7	5524473	5524761	DNA/hAT-Charlie	1717	-	144	5524617	54465
chr7	44507472	44707472	harbor2	chr7	44559103	44559264	DNA/hAT-Charlie	619	-	80	44559183	51711
chr7	44507472	44707472	harbor2	chr7	44559563	44559615	DNA/hAT-Charlie	619	-	26	44559589	52117
chr7	123650423	123850423	harbor2	chr7	123706032	123706249	DNA/hAT-Charlie	564	-	108	123706140	55717
chr7	123650423	123850423	harbor2	chr7	123709897	123710021	DNA/hAT-Charlie	697	-	62	123709959	59536
chr7	123650423	123850423	harbor2	chr7	123717788	123717966	DNA/hAT-Charlie	572	-	89	123717877	67454
chr7	123650423	123850423	harbor2	chr7	123722074	123722226	DNA/hAT-Charlie	466	-	76	123722150	71727
chr7	123650423	123850423	harbor2	chr7	123729105	123729394	DNA/hAT-Charlie	1120	-	144	123729249	78826
chr7	123650423	123850423	harbor2	chr7	123737052	123737269	DNA/hAT-Charlie	1344	-	108	123737160	86737
chr7	123650423	123850423	harbor2	chr7	123738775	123738996	DNA/hAT-Charlie	1312	-	110	123738885	88462
chr7	159003487	159203487	harbor2	chr7	159066981	159067178	DNA/hAT-Charlie	738	-	98	159067079	63592
chr7	44440642	44640642	harbor2	chr7	44491664	44491965	DNA/hAT-Charlie	4029	-	150	44491814	51172
chr7	44440642	44640642	harbor2	chr7	44492252	44492434	DNA/hAT-Charlie	4029	-	91	44492343	51701
chr7	44440642	44640642	harbor2	chr7	44492742	44493495	DNA/hAT-Charlie	4029	-	376	44493118	52476
chr7	44440642	44640642	harbor2	chr7	44493890	44494049	DNA/hAT-Charlie	785	-	80	44493970	53328
chr7	26112552	26312552	harbor2	chr7	26149533	26149727	DNA/hAT-Charlie	513	-	97	26149630	37078
chr7	26112552	26312552	harbor2	chr7	26149856	26149960	DNA/hAT-Charlie	513	-	52	26149908	37356
chr7	26112552	26312552	harbor2	chr7	26210586	26210719	DNA/hAT-Charlie	751	-	66	26210652	98100
chr7	26112552	26312552	harbor2	chr7	26210982	26211171	DNA/hAT-Charlie	1146	-	94	26211076	98524
chr7	28725300	28925300	harbor2	chr7	28739160	28739341	DNA/hAT-Charlie	689	-	90	28739250	13950
chr7	28725300	28925300	harbor2	chr7	28773467	28773669	DNA/hAT-Charlie	969	-	101	28773568	48268
chr7	28725300	28925300	harbor2	chr7	28788103	28788339	DNA/hAT-Charlie	1074	-	118	28788221	62921
chr7	28725300	28925300	harbor2	chr7	28811943	28812117	DNA/hAT-Charlie	894	-	87	28812030	86730
chr7	128769421	128969421	harbor2	chr7	128780043	128780233	DNA/hAT-Charlie	928	-	95	128780138	10717
chr7	128769421	128969421	harbor2	chr7	128823784	128824114	DNA/hAT-Charlie	2167	-	165	128823949	54528
chr7	28081559	28281559	harbor2	chr7	28115156	28115475	DNA/hAT-Charlie	1505	-	160	28115316	33757
chr7	28081559	28281559	harbor2	chr7	28140641	28140862	DNA/hAT-Charlie	614	-	110	28140751	59192
chr7	28081559	28281559	harbor2	chr7	28140860	28141053	DNA/hAT-Charlie	609	-	96	28140956	59397
chr7	28081559	28281559	harbor2	chr7	28156584	28156775	DNA/hAT-Charlie	728	-	96	28156680	75121
chr7	28081559	28281559	harbor2	chr7	28157297	28157605	DNA/hAT-Charlie	1580	-	154	28157451	75892
chr7	149153981	149353981	harbor2	chr7	149188356	149188506	DNA/hAT-Charlie	460	-	75	149188431	34450
chr7	27008623	27208623	harbor2	chr7	27083091	27083315	DNA/hAT-Charlie	1621	-	112	27083203	74580
chr7	27008623	27208623	harbor2	chr7	27066188	27066500	DNA/hAT-Charlie	820	-	156	27066344	57721
chr7	100500037	100700037	harbor2	chr7	100535232	100535349	DNA/hAT-Charlie	3627	-	58	100535290	35253
chr7	100500037	100700037	harbor2	chr7	100535639	100536053	DNA/hAT-Charlie	3627	-	207	100535846	35809
chr7	100500037	100700037	harbor2	chr7	100590657	100590843	DNA/hAT-Charlie	892	-	93	100590750	90713
chr7	70311624	70511624	harbor2	chr7	70376287	70376488	DNA/hAT-Charlie	723	-	100	70376387	64763
chr7	70311624	70511624	harbor2	chr7	70390208	70390388	DNA/hAT-Charlie	797	-	90	70390298	78674
chr7	90497085	90697085	harbor2	chr7	90504421	90504635	DNA/hAT-Charlie	1092	-	107	90504528	7443
chr7	90497085	90697085	harbor2	chr7	90541104	90541294	DNA/hAT-Charlie	627	-	95	90541199	44114
chr7	90497085	90697085	harbor2	chr7	90571714	90572237	DNA/hAT-Charlie	1327	-	262	90571976	74891
chr7	90497085	90697085	harbor2	chr7	90579499	90579562	DNA/hAT-Charlie	857	-	32	90579531	82446
chr7	90497085	90697085	harbor2	chr7	90579857	90580019	DNA/hAT-Charlie	857	-	81	90579938	82853
chr7	90497085	90697085	harbor2	chr7	90580065	90580154	DNA/hAT-Charlie	473	-	44	90580109	83024
chr7	139383658	139583658	harbor2	chr7	139414301	139414486	DNA/hAT-Charlie	1220	-	92	139414393	30735
chr7	73523245	73723245	harbor2	chr7	73551140	73551291	DNA/hAT-Charlie	744	-	76	73551216	27971
chr7	73523245	73723245	harbor2	chr7	73551604	73551673	DNA/hAT-Charlie	744	-	34	73551638	28393
chr7	25269994	25469994	harbor2	chr7	25276782	25276865	DNA/hAT-Charlie	514	-	42	25276824	6830
chr7	25269994	25469994	harbor2	chr7	25285667	25285810	DNA/hAT-Charlie	581	-	72	25285739	15745
chr7	25269994	25469994	harbor2	chr7	25355828	25356289	DNA/hAT-Charlie	1516	-	230	25356058	86064
chr7	25269994	25469994	harbor2	chr7	25356381	25357771	DNA/hAT-Charlie	5443	-	695	25357076	87082
chr7	150420511	150620511	harbor2	chr7	150455653	150455813	DNA/hAT-Charlie	681	-	80	150455733	35222
chr7	28089121	28289121	harbor2	chr7	28115156	28115475	DNA/hAT-Charlie	1505	-	160	28115316	26195
chr7	28089121	28289121	harbor2	chr7	28140641	28140862	DNA/hAT-Charlie	614	-	110	28140751	51630
chr7	28089121	28289121	harbor2	chr7	28140860	28141053	DNA/hAT-Charlie	609	-	96	28140956	51835
chr7	28089121	28289121	harbor2	chr7	28156584	28156775	DNA/hAT-Charlie	728	-	96	28156680	67559
chr7	28089121	28289121	harbor2	chr7	28157297	28157605	DNA/hAT-Charlie	1580	-	154	28157451	68330
chr7	28089121	28289121	harbor2	chr7	28186109	28186172	DNA/hAT-Charlie	502	-	32	28186141	97020
chr7	28089121	28289121	harbor2	chr7	28186461	28186608	DNA/hAT-Charlie	502	-	74	28186535	97414
chr7	155712041	155912041	harbor2	chr7	155742353	155742577	DNA/hAT-Charlie	757	-	112	155742465	30424
chr7	155712041	155912041	harbor2	chr7	155758301	155758626	DNA/hAT-Charlie	1968	-	162	155758463	46422
chr7	155712041	155912041	harbor2	chr7	155799159	155799480	DNA/hAT-Charlie	1260	-	160	155799319	87278
chr7	100501445	100701445	harbor2	chr7	100535232	100535349	DNA/hAT-Charlie	3627	-	58	100535290	33845
chr7	100501445	100701445	harbor2	chr7	100535639	100536053	DNA/hAT-Charlie	3627	-	207	100535846	34401
chr7	100501445	100701445	harbor2	chr7	100590657	100590843	DNA/hAT-Charlie	892	-	93	100590750	89305
chr7	44441524	44641524	harbor2	chr7	44491664	44491965	DNA/hAT-Charlie	4029	-	150	44491814	50290
chr7	44441524	44641524	harbor2	chr7	44492252	44492434	DNA/hAT-Charlie	4029	-	91	44492343	50819
chr7	44441524	44641524	harbor2	chr7	44492742	44493495	DNA/hAT-Charlie	4029	-	376	44493118	51594
chr7	44441524	44641524	harbor2	chr7	44493890	44494049	DNA/hAT-Charlie	785	-	80	44493970	52446
chr7	47228840	47428840	harbor2	chr7	47233611	47233790	DNA/hAT-Charlie	832	-	90	47233701	4861
chr7	47228840	47428840	harbor2	chr7	47300857	47301127	DNA/hAT-Charlie	524	-	135	47300992	72152
chr7	50299224	50499224	harbor2	chr7	50341619	50341931	DNA/hAT-Charlie	1106	-	156	50341775	42551
chr7	50299224	50499224	harbor2	chr7	50374930	50375106	DNA/hAT-Charlie	732	-	88	50375018	75794
chr7	50299224	50499224	harbor2	chr7	50379042	50379155	DNA/hAT-Charlie	478	-	56	50379098	79874
chr7	50299224	50499224	harbor2	chr7	50386284	50386491	DNA/hAT-Charlie	1079	-	104	50386388	87164
chr7	47229056	47429056	harbor2	chr7	47233611	47233790	DNA/hAT-Charlie	832	-	90	47233701	4645
chr7	47229056	47429056	harbor2	chr7	47300857	47301127	DNA/hAT-Charlie	524	-	135	47300992	71936
chr7	25270014	25470014	harbor2	chr7	25276782	25276865	DNA/hAT-Charlie	514	-	42	25276824	6810
chr7	25270014	25470014	harbor2	chr7	25285667	25285810	DNA/hAT-Charlie	581	-	72	25285739	15725
chr7	25270014	25470014	harbor2	chr7	25355828	25356289	DNA/hAT-Charlie	1516	-	230	25356058	86044
chr7	25270014	25470014	harbor2	chr7	25356381	25357771	DNA/hAT-Charlie	5443	-	695	25357076	87062
chr7	28080611	28280611	harbor2	chr7	28115156	28115475	DNA/hAT-Charlie	1505	-	160	28115316	34705
chr7	28080611	28280611	harbor2	chr7	28140641	28140862	DNA/hAT-Charlie	614	-	110	28140751	60140
chr7	28080611	28280611	harbor2	chr7	28140860	28141053	DNA/hAT-Charlie	609	-	96	28140956	60345
chr7	28080611	28280611	harbor2	chr7	28156584	28156775	DNA/hAT-Charlie	728	-	96	28156680	76069
chr7	28080611	28280611	harbor2	chr7	28157297	28157605	DNA/hAT-Charlie	1580	-	154	28157451	76840
chr7	128756973	128956973	harbor2	chr7	128760336	128760581	DNA/hAT-Charlie	615	-	122	128760458	3485
chr7	128756973	128956973	harbor2	chr7	128765470	128765961	DNA/hAT-Charlie	1565	-	246	128765716	8743
chr7	128756973	128956973	harbor2	chr7	128766262	128766372	DNA/hAT-Charlie	1565	-	55	128766317	9344
chr7	128756973	128956973	harbor2	chr7	128766759	128767061	DNA/hAT-Charlie	1020	-	151	128766910	9937
chr7	128756973	128956973	harbor2	chr7	128780043	128780233	DNA/hAT-Charlie	928	-	95	128780138	23165
chr7	128756973	128956973	harbor2	chr7	128823784	128824114	DNA/hAT-Charlie	2167	-	165	128823949	66976
chr7	127993775	128193775	harbor2	chr7	128013535	128013806	DNA/hAT-Charlie	1740	-	136	128013671	19896
chr7	127993775	128193775	harbor2	chr7	128047357	128047747	DNA/hAT-Charlie	725	-	195	128047552	53777
chr7	27027581	27227581	harbor2	chr7	27083091	27083315	DNA/hAT-Charlie	1621	-	112	27083203	55622
chr7	27027581	27227581	harbor2	chr7	27066188	27066500	DNA/hAT-Charlie	820	-	156	27066344	38763
chr7	104911716	105111716	harbor2	chr7	104962896	104963080	DNA/hAT-Charlie	1130	-	92	104962988	51272
chr7	104911716	105111716	harbor2	chr7	104972475	104972881	DNA/hAT-Charlie	825	-	203	104972678	60962
chr7	104911716	105111716	harbor2	chr7	104989119	104989399	DNA/hAT-Charlie	1732	-	140	104989259	77543
chr7	6060741	6260741	harbor2	chr7	6134535	6134659	DNA/hAT-Charlie	523	-	62	6134597	73856
chr7	123649199	123849199	harbor2	chr7	123706032	123706249	DNA/hAT-Charlie	564	-	108	123706140	56941
chr7	123649199	123849199	harbor2	chr7	123709897	123710021	DNA/hAT-Charlie	697	-	62	123709959	60760
chr7	123649199	123849199	harbor2	chr7	123717788	123717966	DNA/hAT-Charlie	572	-	89	123717877	68678
chr7	123649199	123849199	harbor2	chr7	123722074	123722226	DNA/hAT-Charlie	466	-	76	123722150	72951
chr7	123649199	123849199	harbor2	chr7	123729105	123729394	DNA/hAT-Charlie	1120	-	144	123729249	80050
chr7	123649199	123849199	harbor2	chr7	123737052	123737269	DNA/hAT-Charlie	1344	-	108	123737160	87961
chr7	123649199	123849199	harbor2	chr7	123738775	123738996	DNA/hAT-Charlie	1312	-	110	123738885	89686
chr7	50253328	50453328	harbor2	chr7	50260583	50260901	DNA/hAT-Charlie	1231	-	159	50260742	7414
chr7	50253328	50453328	harbor2	chr7	50341619	50341931	DNA/hAT-Charlie	1106	-	156	50341775	88447
chr7	50253328	50453328	harbor2	chr7	50298530	50298972	DNA/hAT-Charlie	3084	-	221	50298751	45423
chr7	31973371	32173371	harbor2	chr7	32040318	32040532	DNA/hAT-Charlie	873	-	107	32040425	67054
chr7	31973371	32173371	harbor2	chr7	32049422	32049566	DNA/hAT-Charlie	1100	-	72	32049494	76123
chr7	47569705	47769705	harbor2	chr7	47646221	47646282	DNA/hAT-Charlie	582	-	30	47646251	76546
chr7	47569705	47769705	harbor2	chr7	47646591	47646688	DNA/hAT-Charlie	582	-	48	47646639	76934
chr7	44441056	44641056	harbor2	chr7	44491664	44491965	DNA/hAT-Charlie	4029	-	150	44491814	50758
chr7	44441056	44641056	harbor2	chr7	44492252	44492434	DNA/hAT-Charlie	4029	-	91	44492343	51287
chr7	44441056	44641056	harbor2	chr7	44492742	44493495	DNA/hAT-Charlie	4029	-	376	44493118	52062
chr7	44441056	44641056	harbor2	chr7	44493890	44494049	DNA/hAT-Charlie	785	-	80	44493970	52914
chr7	90496247	90696247	harbor2	chr7	90504421	90504635	DNA/hAT-Charlie	1092	-	107	90504528	8281
chr7	90496247	90696247	harbor2	chr7	90541104	90541294	DNA/hAT-Charlie	627	-	95	90541199	44952
chr7	90496247	90696247	harbor2	chr7	90571714	90572237	DNA/hAT-Charlie	1327	-	262	90571976	75729
chr7	90496247	90696247	harbor2	chr7	90579499	90579562	DNA/hAT-Charlie	857	-	32	90579531	83284
chr7	90496247	90696247	harbor2	chr7	90579857	90580019	DNA/hAT-Charlie	857	-	81	90579938	83691
chr7	90496247	90696247	harbor2	chr7	90580065	90580154	DNA/hAT-Charlie	473	-	44	90580109	83862
chr7	90145189	90345189	harbor2	chr7	90205286	90205538	DNA/hAT-Charlie	686	-	126	90205412	60223
chr7	90145189	90345189	harbor2	chr7	90241205	90241374	DNA/hAT-Charlie	514	-	84	90241289	96100
chr7	156540425	156740425	harbor2	chr7	156587728	156588296	DNA/hAT-Charlie	1010	-	284	156588012	47587
chr7	156540425	156740425	harbor2	chr7	156588332	156588651	DNA/hAT-Charlie	1010	-	160	156588492	48067
chr7	156540425	156740425	harbor2	chr7	156610781	156610932	DNA/hAT-Charlie	810	-	76	156610857	70432
chr7	156540425	156740425	harbor2	chr7	156613589	156613822	DNA/hAT-Charlie	1590	-	116	156613705	73280
chr7	37907099	38107099	harbor2	chr7	37919012	37919253	DNA/hAT-Charlie	869	-	120	37919132	12033
chr7	37907099	38107099	harbor2	chr7	37964789	37964946	DNA/hAT-Charlie	523	-	78	37964867	57768
chr7	37907099	38107099	harbor2	chr7	37998641	37998814	DNA/hAT-Charlie	648	-	86	37998727	91628
chr7	21327951	21527951	harbor2	chr7	21367163	21367317	DNA/hAT-Charlie	787	-	77	21367240	39289
chr7	21327951	21527951	harbor2	chr7	21414592	21414728	DNA/hAT-Charlie	590	-	68	21414660	86709
chr7	107099067	107299067	harbor2	chr7	107117002	107117162	DNA/hAT-Charlie	620	-	80	107117082	18015
chr7	107099067	107299067	harbor2	chr7	107120147	107120359	DNA/hAT-Charlie	844	-	106	107120253	21186
chr7	107099067	107299067	harbor2	chr7	107124880	107125180	DNA/hAT-Charlie	1159	-	150	107125030	25963
chr7	107099067	107299067	harbor2	chr7	107130930	107131093	DNA/hAT-Charlie	816	-	82	107131012	31945
chr7	107099067	107299067	harbor2	chr7	107145148	107145340	DNA/hAT-Charlie	1004	-	96	107145244	46177
chr7	107099067	107299067	harbor2	chr7	107147532	107147694	DNA/hAT-Charlie	791	-	81	107147613	48546
chr7	107099067	107299067	harbor2	chr7	107152805	107153050	DNA/hAT-Charlie	723	-	122	107152927	53860
chr7	28110460	28310460	harbor2	chr7	28115156	28115475	DNA/hAT-Charlie	1505	-	160	28115316	4856
chr7	28110460	28310460	harbor2	chr7	28140641	28140862	DNA/hAT-Charlie	614	-	110	28140751	30291
chr7	28110460	28310460	harbor2	chr7	28140860	28141053	DNA/hAT-Charlie	609	-	96	28140956	30496
chr7	28110460	28310460	harbor2	chr7	28156584	28156775	DNA/hAT-Charlie	728	-	96	28156680	46220
chr7	28110460	28310460	harbor2	chr7	28157297	28157605	DNA/hAT-Charlie	1580	-	154	28157451	46991
chr7	28110460	28310460	harbor2	chr7	28186109	28186172	DNA/hAT-Charlie	502	-	32	28186141	75681
chr7	28110460	28310460	harbor2	chr7	28186461	28186608	DNA/hAT-Charlie	502	-	74	28186535	76075
chr7	28110460	28310460	harbor2	chr7	28197651	28197833	DNA/hAT-Charlie	1026	-	91	28197742	87282
chr7	28110460	28310460	harbor2	chr7	28201076	28201255	DNA/hAT-Charlie	846	-	90	28201166	90706
chr7	50317972	50517972	harbor2	chr7	50341619	50341931	DNA/hAT-Charlie	1106	-	156	50341775	23803
chr7	50317972	50517972	harbor2	chr7	50374930	50375106	DNA/hAT-Charlie	732	-	88	50375018	57046
chr7	50317972	50517972	harbor2	chr7	50379042	50379155	DNA/hAT-Charlie	478	-	56	50379098	61126
chr7	50317972	50517972	harbor2	chr7	50386284	50386491	DNA/hAT-Charlie	1079	-	104	50386388	68416
chr7	50317972	50517972	harbor2	chr7	50402304	50402511	DNA/hAT-Charlie	998	-	104	50402408	84436
chr7	50317972	50517972	harbor2	chr7	50416239	50416445	DNA/hAT-Charlie	805	-	103	50416342	98370
chr7	150916077	151116077	harbor2	chr7	150934289	150934496	DNA/hAT-Charlie	903	-	104	150934393	18316
chr7	47229182	47429182	harbor2	chr7	47233611	47233790	DNA/hAT-Charlie	832	-	90	47233701	4519
chr7	47229182	47429182	harbor2	chr7	47300857	47301127	DNA/hAT-Charlie	524	-	135	47300992	71810
chr7	100575746	100775746	harbor2	chr7	100590657	100590843	DNA/hAT-Charlie	892	-	93	100590750	15004
chr7	100575746	100775746	harbor2	chr7	100624417	100624587	DNA/hAT-Charlie	1157	-	85	100624502	48756
chr7	100575746	100775746	harbor2	chr7	100624895	100624940	DNA/hAT-Charlie	1157	-	22	100624917	49171
chr7	123649212	123849212	harbor2	chr7	123706032	123706249	DNA/hAT-Charlie	564	-	108	123706140	56928
chr7	123649212	123849212	harbor2	chr7	123709897	123710021	DNA/hAT-Charlie	697	-	62	123709959	60747
chr7	123649212	123849212	harbor2	chr7	123717788	123717966	DNA/hAT-Charlie	572	-	89	123717877	68665
chr7	123649212	123849212	harbor2	chr7	123722074	123722226	DNA/hAT-Charlie	466	-	76	123722150	72938
chr7	123649212	123849212	harbor2	chr7	123729105	123729394	DNA/hAT-Charlie	1120	-	144	123729249	80037
chr7	123649212	123849212	harbor2	chr7	123737052	123737269	DNA/hAT-Charlie	1344	-	108	123737160	87948
chr7	123649212	123849212	harbor2	chr7	123738775	123738996	DNA/hAT-Charlie	1312	-	110	123738885	89673
chr7	26995482	27195482	harbor2	chr7	27083091	27083315	DNA/hAT-Charlie	1621	-	112	27083203	87721
chr7	26995482	27195482	harbor2	chr7	27066188	27066500	DNA/hAT-Charlie	820	-	156	27066344	70862
chr7	147804168	148004168	harbor2	chr7	147839545	147839680	DNA/hAT-Charlie	542	-	68	147839613	35445
chr7	50204529	50404529	harbor2	chr7	50242710	50243369	DNA/hAT-Charlie	2537	-	330	50243040	38511
chr7	50204529	50404529	harbor2	chr7	50243370	50244786	DNA/hAT-Charlie	5483	-	708	50244078	39549
chr7	50204529	50404529	harbor2	chr7	50260583	50260901	DNA/hAT-Charlie	1231	-	159	50260742	56213
chr7	50204529	50404529	harbor2	chr7	50298530	50298972	DNA/hAT-Charlie	3084	-	221	50298751	94222
chr7	28082522	28282522	harbor2	chr7	28115156	28115475	DNA/hAT-Charlie	1505	-	160	28115316	32794
chr7	28082522	28282522	harbor2	chr7	28140641	28140862	DNA/hAT-Charlie	614	-	110	28140751	58229
chr7	28082522	28282522	harbor2	chr7	28140860	28141053	DNA/hAT-Charlie	609	-	96	28140956	58434
chr7	28082522	28282522	harbor2	chr7	28156584	28156775	DNA/hAT-Charlie	728	-	96	28156680	74158
chr7	28082522	28282522	harbor2	chr7	28157297	28157605	DNA/hAT-Charlie	1580	-	154	28157451	74929
chr7	50208813	50408813	harbor2	chr7	50242710	50243369	DNA/hAT-Charlie	2537	-	330	50243040	34227
chr7	50208813	50408813	harbor2	chr7	50243370	50244786	DNA/hAT-Charlie	5483	-	708	50244078	35265
chr7	50208813	50408813	harbor2	chr7	50260583	50260901	DNA/hAT-Charlie	1231	-	159	50260742	51929
chr7	50208813	50408813	harbor2	chr7	50298530	50298972	DNA/hAT-Charlie	3084	-	221	50298751	89938
chr7	5470157	5670157	harbor2	chr7	5524473	5524761	DNA/hAT-Charlie	1717	-	144	5524617	54460
chr7	50340926	50540926	harbor2	chr7	50341619	50341931	DNA/hAT-Charlie	1106	-	156	50341775	849
chr7	50340926	50540926	harbor2	chr7	50374930	50375106	DNA/hAT-Charlie	732	-	88	50375018	34092
chr7	50340926	50540926	harbor2	chr7	50379042	50379155	DNA/hAT-Charlie	478	-	56	50379098	38172
chr7	50340926	50540926	harbor2	chr7	50386284	50386491	DNA/hAT-Charlie	1079	-	104	50386388	45462
chr7	50340926	50540926	harbor2	chr7	50402304	50402511	DNA/hAT-Charlie	998	-	104	50402408	61482
chr7	50340926	50540926	harbor2	chr7	50416239	50416445	DNA/hAT-Charlie	805	-	103	50416342	75416
chr7	50340926	50540926	harbor2	chr7	50428651	50429324	DNA/hAT-Charlie	2853	-	336	50428987	88061
chr7	44466421	44666421	harbor2	chr7	44491664	44491965	DNA/hAT-Charlie	4029	-	150	44491814	25393
chr7	44466421	44666421	harbor2	chr7	44492252	44492434	DNA/hAT-Charlie	4029	-	91	44492343	25922
chr7	44466421	44666421	harbor2	chr7	44492742	44493495	DNA/hAT-Charlie	4029	-	376	44493118	26697
chr7	44466421	44666421	harbor2	chr7	44493890	44494049	DNA/hAT-Charlie	785	-	80	44493970	27549
chr7	44466421	44666421	harbor2	chr7	44559103	44559264	DNA/hAT-Charlie	619	-	80	44559183	92762
chr7	44466421	44666421	harbor2	chr7	44559563	44559615	DNA/hAT-Charlie	619	-	26	44559589	93168
chr7	127292472	127492472	harbor2	chr7	127338222	127338410	DNA/hAT-Charlie	680	-	94	127338316	45844
chr7	127292472	127492472	harbor2	chr7	127350179	127351139	DNA/hAT-Charlie	1402	-	480	127350659	58187
chr7	47228305	47428305	harbor2	chr7	47233611	47233790	DNA/hAT-Charlie	832	-	90	47233701	5396
chr7	47228305	47428305	harbor2	chr7	47300857	47301127	DNA/hAT-Charlie	524	-	135	47300992	72687
chr7	152811886	153011886	harbor2	chr7	152815540	152815745	DNA/hAT-Charlie	665	-	102	152815642	3756
chr7	152811886	153011886	harbor2	chr7	152827924	152828090	DNA/hAT-Charlie	755	-	83	152828007	16121
chr7	152811886	153011886	harbor2	chr7	152829629	152829767	DNA/hAT-Charlie	526	-	69	152829698	17812
chr7	152811886	153011886	harbor2	chr7	152839852	152840032	DNA/hAT-Charlie	878	-	90	152839942	28056
chr7	152811886	153011886	harbor2	chr7	152849536	152849711	DNA/hAT-Charlie	895	-	88	152849624	37738
chr7	50249530	50449530	harbor2	chr7	50260583	50260901	DNA/hAT-Charlie	1231	-	159	50260742	11212
chr7	50249530	50449530	harbor2	chr7	50341619	50341931	DNA/hAT-Charlie	1106	-	156	50341775	92245
chr7	50249530	50449530	harbor2	chr7	50298530	50298972	DNA/hAT-Charlie	3084	-	221	50298751	49221
chr8	23428848	23628848	harbor2	chr8	23430496	23430632	DNA/hAT-Charlie	530	-	68	23430564	1716
chr8	23428848	23628848	harbor2	chr8	23452452	23452644	DNA/hAT-Charlie	954	-	96	23452548	23700
chr8	23429416	23629416	harbor2	chr8	23430496	23430632	DNA/hAT-Charlie	530	-	68	23430564	1148
chr8	23429416	23629416	harbor2	chr8	23452452	23452644	DNA/hAT-Charlie	954	-	96	23452548	23132
chr8	124273072	124473072	harbor2	chr8	124298828	124299049	DNA/hAT-Charlie	1001	-	110	124298938	25866
chr8	124273072	124473072	harbor2	chr8	124317899	124318055	DNA/hAT-Charlie	1231	-	78	124317977	44905
chr8	124273072	124473072	harbor2	chr8	124318699	124318792	DNA/hAT-Charlie	534	-	46	124318745	45673
chr8	23428811	23628811	harbor2	chr8	23430496	23430632	DNA/hAT-Charlie	530	-	68	23430564	1753
chr8	23428811	23628811	harbor2	chr8	23452452	23452644	DNA/hAT-Charlie	954	-	96	23452548	23737
chr8	23439328	23639328	harbor2	chr8	23452452	23452644	DNA/hAT-Charlie	954	-	96	23452548	13220
chr8	23428778	23628778	harbor2	chr8	23430496	23430632	DNA/hAT-Charlie	530	-	68	23430564	1786
chr8	23428778	23628778	harbor2	chr8	23452452	23452644	DNA/hAT-Charlie	954	-	96	23452548	23770
chr8	138710558	138910558	harbor2	chr8	138781341	138781500	DNA/hAT-Charlie	728	-	80	138781421	70863
chr8	23428784	23628784	harbor2	chr8	23430496	23430632	DNA/hAT-Charlie	530	-	68	23430564	1780
chr8	23428784	23628784	harbor2	chr8	23452452	23452644	DNA/hAT-Charlie	954	-	96	23452548	23764
chr8	23428892	23628892	harbor2	chr8	23430496	23430632	DNA/hAT-Charlie	530	-	68	23430564	1672
chr8	23428892	23628892	harbor2	chr8	23452452	23452644	DNA/hAT-Charlie	954	-	96	23452548	23656
chr8	23429271	23629271	harbor2	chr8	23430496	23430632	DNA/hAT-Charlie	530	-	68	23430564	1293
chr8	23429271	23629271	harbor2	chr8	23452452	23452644	DNA/hAT-Charlie	954	-	96	23452548	23277
chr8	23430686	23630686	harbor2	chr8	23452452	23452644	DNA/hAT-Charlie	954	-	96	23452548	21862
chr8	17985030	18185030	harbor2	chr8	18019323	18019836	DNA/hAT-Charlie	3079	-	256	18019579	34549
chr8	17985030	18185030	harbor2	chr8	18052656	18052920	DNA/hAT-Charlie	1506	-	132	18052788	67758
chr8	17985030	18185030	harbor2	chr8	18053238	18053551	DNA/hAT-Charlie	1506	-	156	18053394	68364
chr8	17985030	18185030	harbor2	chr8	18076736	18077920	DNA/hAT-Charlie	5464	-	592	18077328	92298
chr8	17985030	18185030	harbor2	chr8	18081890	18082195	DNA/hAT-Charlie	418	-	152	18082042	97012
chr8	23429353	23629353	harbor2	chr8	23430496	23430632	DNA/hAT-Charlie	530	-	68	23430564	1211
chr8	23429353	23629353	harbor2	chr8	23452452	23452644	DNA/hAT-Charlie	954	-	96	23452548	23195
chr8	23428870	23628870	harbor2	chr8	23430496	23430632	DNA/hAT-Charlie	530	-	68	23430564	1694
chr8	23428870	23628870	harbor2	chr8	23452452	23452644	DNA/hAT-Charlie	954	-	96	23452548	23678
chr8	23429241	23629241	harbor2	chr8	23430496	23430632	DNA/hAT-Charlie	530	-	68	23430564	1323
chr8	23429241	23629241	harbor2	chr8	23452452	23452644	DNA/hAT-Charlie	954	-	96	23452548	23307
chr8	10823758	11023758	harbor2	chr8	10841655	10841753	DNA/hAT-Charlie	495	-	49	10841704	17946
chr8	10823758	11023758	harbor2	chr8	10842046	10842114	DNA/hAT-Charlie	495	-	34	10842080	18322
chr8	23428834	23628834	harbor2	chr8	23430496	23430632	DNA/hAT-Charlie	530	-	68	23430564	1730
chr8	23428834	23628834	harbor2	chr8	23452452	23452644	DNA/hAT-Charlie	954	-	96	23452548	23714
chr8	29150120	29350120	harbor2	chr8	29162849	29163050	DNA/hAT-Charlie	791	-	100	29162949	12829
chr8	29150120	29350120	harbor2	chr8	29221659	29222064	DNA/hAT-Charlie	881	-	202	29221861	71741
chr8	29150120	29350120	harbor2	chr8	29222591	29223035	DNA/hAT-Charlie	1884	-	222	29222813	72693
chr8	29150120	29350120	harbor2	chr8	29223354	29223733	DNA/hAT-Charlie	1884	-	190	29223544	73424
chr8	29150120	29350120	harbor2	chr8	29224303	29224368	DNA/hAT-Charlie	1884	-	32	29224335	74215
chr8	29150120	29350120	harbor2	chr8	29224398	29224699	DNA/hAT-Charlie	1263	-	150	29224548	74428
chr8	29150120	29350120	harbor2	chr8	29233565	29233703	DNA/hAT-Charlie	672	-	69	29233634	83514
chr8	23428832	23628832	harbor2	chr8	23430496	23430632	DNA/hAT-Charlie	530	-	68	23430564	1732
chr8	23428832	23628832	harbor2	chr8	23452452	23452644	DNA/hAT-Charlie	954	-	96	23452548	23716
chr8	23428810	23628810	harbor2	chr8	23430496	23430632	DNA/hAT-Charlie	530	-	68	23430564	1754
chr8	23428810	23628810	harbor2	chr8	23452452	23452644	DNA/hAT-Charlie	954	-	96	23452548	23738
chr8	23432814	23632814	harbor2	chr8	23452452	23452644	DNA/hAT-Charlie	954	-	96	23452548	19734
chr8	23430803	23630803	harbor2	chr8	23452452	23452644	DNA/hAT-Charlie	954	-	96	23452548	21745
chr8	11492953	11692953	harbor2	chr8	11561599	11561826	DNA/hAT-Charlie	1011	-	114	11561713	68760
chr8	11492953	11692953	harbor2	chr8	11562107	11562185	DNA/hAT-Charlie	1011	-	39	11562146	69193
chr8	11492953	11692953	harbor2	chr8	11583610	11583899	DNA/hAT-Charlie	549	-	144	11583754	90801
chr8	23428809	23628809	harbor2	chr8	23430496	23430632	DNA/hAT-Charlie	530	-	68	23430564	1755
chr8	23428809	23628809	harbor2	chr8	23452452	23452644	DNA/hAT-Charlie	954	-	96	23452548	23739
chr8	23428725	23628725	harbor2	chr8	23430496	23430632	DNA/hAT-Charlie	530	-	68	23430564	1839
chr8	23428725	23628725	harbor2	chr8	23452452	23452644	DNA/hAT-Charlie	954	-	96	23452548	23823
chr8	23429172	23629172	harbor2	chr8	23430496	23430632	DNA/hAT-Charlie	530	-	68	23430564	1392
chr8	23429172	23629172	harbor2	chr8	23452452	23452644	DNA/hAT-Charlie	954	-	96	23452548	23376
chr8	23428835	23628835	harbor2	chr8	23430496	23430632	DNA/hAT-Charlie	530	-	68	23430564	1729
chr8	23428835	23628835	harbor2	chr8	23452452	23452644	DNA/hAT-Charlie	954	-	96	23452548	23713
chr8	23429068	23629068	harbor2	chr8	23430496	23430632	DNA/hAT-Charlie	530	-	68	23430564	1496
chr8	23429068	23629068	harbor2	chr8	23452452	23452644	DNA/hAT-Charlie	954	-	96	23452548	23480
chr8	23428926	23628926	harbor2	chr8	23430496	23430632	DNA/hAT-Charlie	530	-	68	23430564	1638
chr8	23428926	23628926	harbor2	chr8	23452452	23452644	DNA/hAT-Charlie	954	-	96	23452548	23622
chr8	23428913	23628913	harbor2	chr8	23430496	23430632	DNA/hAT-Charlie	530	-	68	23430564	1651
chr8	23428913	23628913	harbor2	chr8	23452452	23452644	DNA/hAT-Charlie	954	-	96	23452548	23635
chr8	90979035	91179035	harbor2	chr8	90987680	90988044	DNA/hAT-Charlie	1705	-	182	90987862	8827
chr8	90979035	91179035	harbor2	chr8	91061872	91062320	DNA/hAT-Charlie	754	-	224	91062096	83061
chr8	23429294	23629294	harbor2	chr8	23430496	23430632	DNA/hAT-Charlie	530	-	68	23430564	1270
chr8	23429294	23629294	harbor2	chr8	23452452	23452644	DNA/hAT-Charlie	954	-	96	23452548	23254
chr8	25357718	25557718	harbor2	chr8	25382350	25382509	DNA/hAT-Charlie	425	-	80	25382430	24712
chr8	25357718	25557718	harbor2	chr8	25401246	25401438	DNA/hAT-Charlie	937	-	96	25401342	43624
chr8	25357718	25557718	harbor2	chr8	25431846	25432035	DNA/hAT-Charlie	1082	-	94	25431940	74222
chr8	25357718	25557718	harbor2	chr8	25449617	25449805	DNA/hAT-Charlie	908	-	94	25449711	91993
chr8	25357718	25557718	harbor2	chr8	25454868	25454944	DNA/hAT-Charlie	1274	-	38	25454906	97188
chr8	25357718	25557718	harbor2	chr8	25455290	25455686	DNA/hAT-Charlie	1274	-	198	25455488	97770
chr8	25357718	25557718	harbor2	chr8	25394867	25395396	DNA/hAT-Charlie	3255	-	264	25395131	37413
chr8	30073247	30273247	harbor2	chr8	30116311	30116664	DNA/hAT-Charlie	2223	-	176	30116487	43240
chr8	23429109	23629109	harbor2	chr8	23430496	23430632	DNA/hAT-Charlie	530	-	68	23430564	1455
chr8	23429109	23629109	harbor2	chr8	23452452	23452644	DNA/hAT-Charlie	954	-	96	23452548	23439
chr8	102557354	102757354	harbor2	chr8	102562678	102562805	DNA/hAT-Charlie	596	-	64	102562742	5388
chr8	102557354	102757354	harbor2	chr8	102615069	102615393	DNA/hAT-Charlie	1934	-	162	102615231	57877
chr8	102557354	102757354	harbor2	chr8	102616930	102617114	DNA/hAT-Charlie	970	-	92	102617022	59668
chr8	23428807	23628807	harbor2	chr8	23430496	23430632	DNA/hAT-Charlie	530	-	68	23430564	1757
chr8	23428807	23628807	harbor2	chr8	23452452	23452644	DNA/hAT-Charlie	954	-	96	23452548	23741
chr8	23431300	23631300	harbor2	chr8	23452452	23452644	DNA/hAT-Charlie	954	-	96	23452548	21248
chr8	89802895	90002895	harbor2	chr8	89855194	89855281	DNA/hAT-Charlie	1342	-	44	89855238	52343
chr8	89802895	90002895	harbor2	chr8	89855591	89855972	DNA/hAT-Charlie	1342	-	190	89855781	52886
chr8	89802895	90002895	harbor2	chr8	89856522	89856650	DNA/hAT-Charlie	430	-	64	89856586	53691
chr8	89802895	90002895	harbor2	chr8	89886849	89886924	DNA/hAT-Charlie	459	-	38	89886887	83992
chr8	23428847	23628847	harbor2	chr8	23430496	23430632	DNA/hAT-Charlie	530	-	68	23430564	1717
chr8	23428847	23628847	harbor2	chr8	23452452	23452644	DNA/hAT-Charlie	954	-	96	23452548	23701
chr8	23429149	23629149	harbor2	chr8	23430496	23430632	DNA/hAT-Charlie	530	-	68	23430564	1415
chr8	23429149	23629149	harbor2	chr8	23452452	23452644	DNA/hAT-Charlie	954	-	96	23452548	23399
chr8	23430721	23630721	harbor2	chr8	23452452	23452644	DNA/hAT-Charlie	954	-	96	23452548	21827
chr8	27226138	27426138	harbor2	chr8	27231730	27231844	DNA/hAT-Charlie	691	-	57	27231787	5649
chr8	27226138	27426138	harbor2	chr8	27234665	27234919	DNA/hAT-Charlie	616	-	127	27234792	8654
chr8	27226138	27426138	harbor2	chr8	27256599	27256788	DNA/hAT-Charlie	449	-	94	27256693	30555
chr8	27226138	27426138	harbor2	chr8	27294381	27294786	DNA/hAT-Charlie	527	-	202	27294583	68445
chr8	23428862	23628862	harbor2	chr8	23430496	23430632	DNA/hAT-Charlie	530	-	68	23430564	1702
chr8	23428862	23628862	harbor2	chr8	23452452	23452644	DNA/hAT-Charlie	954	-	96	23452548	23686
chr8	23429308	23629308	harbor2	chr8	23430496	23430632	DNA/hAT-Charlie	530	-	68	23430564	1256
chr8	23429308	23629308	harbor2	chr8	23452452	23452644	DNA/hAT-Charlie	954	-	96	23452548	23240
chr8	90973852	91173852	harbor2	chr8	90987680	90988044	DNA/hAT-Charlie	1705	-	182	90987862	14010
chr8	90973852	91173852	harbor2	chr8	91061872	91062320	DNA/hAT-Charlie	754	-	224	91062096	88244
chr8	23428822	23628822	harbor2	chr8	23430496	23430632	DNA/hAT-Charlie	530	-	68	23430564	1742
chr8	23428822	23628822	harbor2	chr8	23452452	23452644	DNA/hAT-Charlie	954	-	96	23452548	23726
chr8	23432595	23632595	harbor2	chr8	23452452	23452644	DNA/hAT-Charlie	954	-	96	23452548	19953
chr8	23428886	23628886	harbor2	chr8	23430496	23430632	DNA/hAT-Charlie	530	-	68	23430564	1678
chr8	23428886	23628886	harbor2	chr8	23452452	23452644	DNA/hAT-Charlie	954	-	96	23452548	23662
chr8	23428849	23628849	harbor2	chr8	23430496	23430632	DNA/hAT-Charlie	530	-	68	23430564	1715
chr8	23428849	23628849	harbor2	chr8	23452452	23452644	DNA/hAT-Charlie	954	-	96	23452548	23699
chr8	23428839	23628839	harbor2	chr8	23430496	23430632	DNA/hAT-Charlie	530	-	68	23430564	1725
chr8	23428839	23628839	harbor2	chr8	23452452	23452644	DNA/hAT-Charlie	954	-	96	23452548	23709
chr8	23447867	23647867	harbor2	chr8	23452452	23452644	DNA/hAT-Charlie	954	-	96	23452548	4681
chr8	42040647	42240647	harbor2	chr8	42102253	42102387	DNA/hAT-Charlie	913	-	67	42102320	61673
chr8	42040647	42240647	harbor2	chr8	42102688	42102749	DNA/hAT-Charlie	913	-	30	42102718	62071
chr8	42040647	42240647	harbor2	chr8	42115172	42115383	DNA/hAT-Charlie	1422	-	106	42115278	74631
chr8	42040647	42240647	harbor2	chr8	42137893	42138049	DNA/hAT-Charlie	686	-	78	42137971	97324
chr8	12337432	12537432	harbor2	chr8	12350336	12350544	DNA/hAT-Charlie	651	-	104	12350440	13008
chr8	12337432	12537432	harbor2	chr8	12424303	12424502	DNA/hAT-Charlie	729	-	100	12424403	86971
chr8	141311590	141511590	harbor2	chr8	141327510	141327721	DNA/hAT-Charlie	1094	-	106	141327616	16026
chr8	141311590	141511590	harbor2	chr8	141328029	141328127	DNA/hAT-Charlie	1094	-	49	141328078	16488
chr8	141311590	141511590	harbor2	chr8	141328906	141329181	DNA/hAT-Charlie	931	-	138	141329044	17454
chr8	141311590	141511590	harbor2	chr8	141356620	141356776	DNA/hAT-Charlie	421	-	78	141356698	45108
chr8	23428736	23628736	harbor2	chr8	23430496	23430632	DNA/hAT-Charlie	530	-	68	23430564	1828
chr8	23428736	23628736	harbor2	chr8	23452452	23452644	DNA/hAT-Charlie	954	-	96	23452548	23812
chr8	23429123	23629123	harbor2	chr8	23430496	23430632	DNA/hAT-Charlie	530	-	68	23430564	1441
chr8	23429123	23629123	harbor2	chr8	23452452	23452644	DNA/hAT-Charlie	954	-	96	23452548	23425
chr8	9052098	9252098	harbor2	chr8	9093148	9093361	DNA/hAT-Charlie	1448	-	106	9093254	41156
chr8	96040962	96240962	harbor2	chr8	96058743	96058957	DNA/hAT-Charlie	1075	-	107	96058850	17888
chr8	96040962	96240962	harbor2	chr8	96125032	96125204	DNA/hAT-Charlie	908	-	86	96125118	84156
chr8	141003841	141203841	harbor2	chr8	141008034	141008151	DNA/hAT-Charlie	923	-	58	141008092	4251
chr8	141003841	141203841	harbor2	chr8	141008453	141008482	DNA/hAT-Charlie	923	-	14	141008467	4626
chr8	141003841	141203841	harbor2	chr8	141008770	141008912	DNA/hAT-Charlie	923	-	71	141008841	5000
chr8	141003841	141203841	harbor2	chr8	141094756	141094960	DNA/hAT-Charlie	785	-	102	141094858	91017
chr8	141003841	141203841	harbor2	chr8	141099777	141100005	DNA/hAT-Charlie	1366	-	114	141099891	96050
chr8	32680396	32880396	harbor2	chr8	32739224	32739352	DNA/hAT-Charlie	506	-	64	32739288	58892
chr8	32680396	32880396	harbor2	chr8	32743826	32744012	DNA/hAT-Charlie	927	-	93	32743919	63523
chr8	32680396	32880396	harbor2	chr8	32773906	32774405	DNA/hAT-Charlie	1373	-	250	32774156	93760
chr8	54001877	54201877	harbor2	chr8	54005230	54005395	DNA/hAT-Charlie	692	-	82	54005312	3435
chr8	54001877	54201877	harbor2	chr8	54007147	54007347	DNA/hAT-Charlie	1177	-	100	54007247	5370
chr8	54001877	54201877	harbor2	chr8	54007481	54007725	DNA/hAT-Charlie	1177	-	122	54007603	5726
chr8	54001877	54201877	harbor2	chr8	54064740	54064960	DNA/hAT-Charlie	1309	-	110	54064850	62973
chr8	54001877	54201877	harbor2	chr8	54083507	54083762	DNA/hAT-Charlie	1147	-	128	54083635	81758
chr8	143852180	144052180	harbor2	chr8	143911082	143911247	DNA/hAT-Charlie	484	-	82	143911164	58984
chr8	42742785	42942785	harbor2	chr8	42822755	42822861	DNA/hAT-Charlie	838	-	53	42822808	80023
chr8	42742785	42942785	harbor2	chr8	42824144	42824484	DNA/hAT-Charlie	2216	-	170	42824314	81529
chr8	23428733	23628733	harbor2	chr8	23430496	23430632	DNA/hAT-Charlie	530	-	68	23430564	1831
chr8	23428733	23628733	harbor2	chr8	23452452	23452644	DNA/hAT-Charlie	954	-	96	23452548	23815
chr8	23429202	23629202	harbor2	chr8	23430496	23430632	DNA/hAT-Charlie	530	-	68	23430564	1362
chr8	23429202	23629202	harbor2	chr8	23452452	23452644	DNA/hAT-Charlie	954	-	96	23452548	23346
chr8	125678475	125878475	harbor2	chr8	125697814	125697919	DNA/hAT-Charlie	459	-	52	125697866	19391
chr8	125678475	125878475	harbor2	chr8	125722600	125722916	DNA/hAT-Charlie	1333	-	158	125722758	44283
chr8	125678475	125878475	harbor2	chr8	125749419	125749612	DNA/hAT-Charlie	893	-	96	125749515	71040
chr8	23430734	23630734	harbor2	chr8	23452452	23452644	DNA/hAT-Charlie	954	-	96	23452548	21814
chr8	8292230	8492230	harbor2	chr8	8343644	8343805	DNA/hAT-Charlie	837	-	80	8343724	51494
chr8	8292230	8492230	harbor2	chr8	8343844	8344152	DNA/hAT-Charlie	1235	-	154	8343998	51768
chr8	54001882	54201882	harbor2	chr8	54005230	54005395	DNA/hAT-Charlie	692	-	82	54005312	3430
chr8	54001882	54201882	harbor2	chr8	54007147	54007347	DNA/hAT-Charlie	1177	-	100	54007247	5365
chr8	54001882	54201882	harbor2	chr8	54007481	54007725	DNA/hAT-Charlie	1177	-	122	54007603	5721
chr8	54001882	54201882	harbor2	chr8	54064740	54064960	DNA/hAT-Charlie	1309	-	110	54064850	62968
chr8	54001882	54201882	harbor2	chr8	54083507	54083762	DNA/hAT-Charlie	1147	-	128	54083635	81753
chr8	23428636	23628636	harbor2	chr8	23430496	23430632	DNA/hAT-Charlie	530	-	68	23430564	1928
chr8	23428636	23628636	harbor2	chr8	23452452	23452644	DNA/hAT-Charlie	954	-	96	23452548	23912
chr8	23428840	23628840	harbor2	chr8	23430496	23430632	DNA/hAT-Charlie	530	-	68	23430564	1724
chr8	23428840	23628840	harbor2	chr8	23452452	23452644	DNA/hAT-Charlie	954	-	96	23452548	23708
chr8	8793157	8993157	harbor2	chr8	8804114	8804955	DNA/hAT-Charlie	1141	-	420	8804534	11377
chr8	8793157	8993157	harbor2	chr8	8817638	8817998	DNA/hAT-Charlie	1807	-	180	8817818	24661
chr8	8793157	8993157	harbor2	chr8	8829985	8830078	DNA/hAT-Charlie	512	-	46	8830031	36874
chr8	27543509	27743509	harbor2	chr8	27619623	27619806	DNA/hAT-Charlie	714	-	92	27619715	76206
chr8	25085369	25285369	harbor2	chr8	25095886	25096007	DNA/hAT-Charlie	473	-	60	25095946	10577
chr8	25085369	25285369	harbor2	chr8	25096309	25096357	DNA/hAT-Charlie	473	-	24	25096333	10964
chr8	25085369	25285369	harbor2	chr8	25152751	25153185	DNA/hAT-Charlie	786	-	217	25152968	67599
chr8	23428828	23628828	harbor2	chr8	23430496	23430632	DNA/hAT-Charlie	530	-	68	23430564	1736
chr8	23428828	23628828	harbor2	chr8	23452452	23452644	DNA/hAT-Charlie	954	-	96	23452548	23720
chr8	23428920	23628920	harbor2	chr8	23430496	23430632	DNA/hAT-Charlie	530	-	68	23430564	1644
chr8	23428920	23628920	harbor2	chr8	23452452	23452644	DNA/hAT-Charlie	954	-	96	23452548	23628
chr8	141309378	141509378	harbor2	chr8	141327510	141327721	DNA/hAT-Charlie	1094	-	106	141327616	18238
chr8	141309378	141509378	harbor2	chr8	141328029	141328127	DNA/hAT-Charlie	1094	-	49	141328078	18700
chr8	141309378	141509378	harbor2	chr8	141328906	141329181	DNA/hAT-Charlie	931	-	138	141329044	19666
chr8	141309378	141509378	harbor2	chr8	141356620	141356776	DNA/hAT-Charlie	421	-	78	141356698	47320
chr8	23428899	23628899	harbor2	chr8	23430496	23430632	DNA/hAT-Charlie	530	-	68	23430564	1665
chr8	23428899	23628899	harbor2	chr8	23452452	23452644	DNA/hAT-Charlie	954	-	96	23452548	23649
chr8	23651754	23851754	harbor2	chr8	23655188	23655470	DNA/hAT-Charlie	898	-	141	23655329	3575
chr8	23651754	23851754	harbor2	chr8	23661042	23661402	DNA/hAT-Charlie	1664	-	180	23661222	9468
chr8	23651754	23851754	harbor2	chr8	23690439	23690555	DNA/hAT-Charlie	449	-	58	23690497	38743
chr8	23651754	23851754	harbor2	chr8	23728296	23728435	DNA/hAT-Charlie	580	-	70	23728366	76612
chr8	600587	800587	harbor2	chr8	657010	657139	DNA/hAT-Charlie	600	-	64	657074	56487
chr8	41429283	41629283	harbor2	chr8	41430344	41430586	DNA/hAT-Charlie	679	-	121	41430465	1182
chr8	41429283	41629283	harbor2	chr8	41466404	41466570	DNA/hAT-Charlie	481	-	83	41466487	37204
chr8	41429283	41629283	harbor2	chr8	41467345	41467470	DNA/hAT-Charlie	494	-	62	41467407	38124
chr8	41429283	41629283	harbor2	chr8	41467770	41467810	DNA/hAT-Charlie	494	-	20	41467790	38507
chr8	41429283	41629283	harbor2	chr8	41528306	41528474	DNA/hAT-Charlie	515	-	84	41528390	99107
chr8	8795419	8995419	harbor2	chr8	8804114	8804955	DNA/hAT-Charlie	1141	-	420	8804534	9115
chr8	8795419	8995419	harbor2	chr8	8817638	8817998	DNA/hAT-Charlie	1807	-	180	8817818	22399
chr8	8795419	8995419	harbor2	chr8	8829985	8830078	DNA/hAT-Charlie	512	-	46	8830031	34612
chr8	142682932	142882932	harbor2	chr8	142716166	142716477	DNA/hAT-Charlie	2003	-	156	142716322	33390
chr8	142682932	142882932	harbor2	chr8	142778546	142778643	DNA/hAT-Charlie	423	-	48	142778594	95662
chr8	48821299	49021299	harbor2	chr8	48866818	48867018	DNA/hAT-Charlie	915	-	100	48866918	45619
chr8	142626665	142826665	harbor2	chr8	142677341	142677458	DNA/hAT-Charlie	459	-	58	142677399	50734
chr8	142626665	142826665	harbor2	chr8	142716166	142716477	DNA/hAT-Charlie	2003	-	156	142716322	89657
chr8	142739966	142939966	harbor2	chr8	142778546	142778643	DNA/hAT-Charlie	423	-	48	142778594	38628
chr8	141314854	141514854	harbor2	chr8	141327510	141327721	DNA/hAT-Charlie	1094	-	106	141327616	12762
chr8	141314854	141514854	harbor2	chr8	141328029	141328127	DNA/hAT-Charlie	1094	-	49	141328078	13224
chr8	141314854	141514854	harbor2	chr8	141328906	141329181	DNA/hAT-Charlie	931	-	138	141329044	14190
chr8	141314854	141514854	harbor2	chr8	141356620	141356776	DNA/hAT-Charlie	421	-	78	141356698	41844
chr8	26477941	26677941	harbor2	chr8	26504618	26505171	DNA/hAT-Charlie	637	-	276	26504894	26953
chr8	26477941	26677941	harbor2	chr8	26505474	26505675	DNA/hAT-Charlie	549	-	100	26505574	27633
chr8	26477941	26677941	harbor2	chr8	26527602	26527793	DNA/hAT-Charlie	591	-	96	26527698	49757
chr8	26477941	26677941	harbor2	chr8	26528098	26528146	DNA/hAT-Charlie	591	-	24	26528122	50181
chr8	26477941	26677941	harbor2	chr8	26561607	26561949	DNA/hAT-Charlie	2177	-	171	26561778	83837
chr8	102203037	102403037	harbor2	chr8	102246308	102246590	DNA/hAT-Charlie	815	-	141	102246449	43412
chr8	102203037	102403037	harbor2	chr8	102281747	102281925	DNA/hAT-Charlie	931	-	89	102281836	78799
chr8	115390199	115590199	harbor2	chr8	115436667	115436781	DNA/hAT-Charlie	517	-	57	115436724	46525
chr8	23428854	23628854	harbor2	chr8	23430496	23430632	DNA/hAT-Charlie	530	-	68	23430564	1710
chr8	23428854	23628854	harbor2	chr8	23452452	23452644	DNA/hAT-Charlie	954	-	96	23452548	23694
chr8	23428795	23628795	harbor2	chr8	23430496	23430632	DNA/hAT-Charlie	530	-	68	23430564	1769
chr8	23428795	23628795	harbor2	chr8	23452452	23452644	DNA/hAT-Charlie	954	-	96	23452548	23753
chr8	42040637	42240637	harbor2	chr8	42102253	42102387	DNA/hAT-Charlie	913	-	67	42102320	61683
chr8	42040637	42240637	harbor2	chr8	42102688	42102749	DNA/hAT-Charlie	913	-	30	42102718	62081
chr8	42040637	42240637	harbor2	chr8	42115172	42115383	DNA/hAT-Charlie	1422	-	106	42115278	74641
chr8	42040637	42240637	harbor2	chr8	42137893	42138049	DNA/hAT-Charlie	686	-	78	42137971	97334
chr8	141300777	141500777	harbor2	chr8	141327510	141327721	DNA/hAT-Charlie	1094	-	106	141327616	26839
chr8	141300777	141500777	harbor2	chr8	141328029	141328127	DNA/hAT-Charlie	1094	-	49	141328078	27301
chr8	141300777	141500777	harbor2	chr8	141328906	141329181	DNA/hAT-Charlie	931	-	138	141329044	28267
chr8	141300777	141500777	harbor2	chr8	141356620	141356776	DNA/hAT-Charlie	421	-	78	141356698	55921
chr8	10960481	11160481	harbor2	chr8	10966120	10966303	DNA/hAT-Charlie	769	-	92	10966212	5731
chr8	22818594	23018594	harbor2	chr8	22824434	22824947	DNA/hAT-Charlie	3536	-	256	22824690	6096
chr8	22818594	23018594	harbor2	chr8	22890250	22890376	DNA/hAT-Charlie	528	-	63	22890313	71719
chr8	41849522	42049522	harbor2	chr8	41861287	41861432	DNA/hAT-Charlie	476	-	72	41861359	11837
chr8	41849522	42049522	harbor2	chr8	41868202	41868429	DNA/hAT-Charlie	1063	-	114	41868316	18794
chr8	41849522	42049522	harbor2	chr8	41898173	41898451	DNA/hAT-Charlie	1042	-	139	41898312	48790
chr8	138813637	139013637	harbor2	chr8	138828276	138828441	DNA/hAT-Charlie	716	-	82	138828358	14721
chr8	138813637	139013637	harbor2	chr8	138867051	138867256	DNA/hAT-Charlie	717	-	102	138867153	53516
chr8	102598762	102798762	harbor2	chr8	102615069	102615393	DNA/hAT-Charlie	1934	-	162	102615231	16469
chr8	102598762	102798762	harbor2	chr8	102616930	102617114	DNA/hAT-Charlie	970	-	92	102617022	18260
chr8	102598762	102798762	harbor2	chr8	102665075	102665202	DNA/hAT-Charlie	573	-	64	102665139	66377
chr8	102598762	102798762	harbor2	chr8	102665912	102666207	DNA/hAT-Charlie	1192	-	148	102666060	67298
chr8	102598762	102798762	harbor2	chr8	102667116	102667282	DNA/hAT-Charlie	797	-	83	102667199	68437
chr8	23429259	23629259	harbor2	chr8	23430496	23430632	DNA/hAT-Charlie	530	-	68	23430564	1305
chr8	23429259	23629259	harbor2	chr8	23452452	23452644	DNA/hAT-Charlie	954	-	96	23452548	23289
chr8	30059382	30259382	harbor2	chr8	30116311	30116664	DNA/hAT-Charlie	2223	-	176	30116487	57105
chr8	30068591	30268591	harbor2	chr8	30116311	30116664	DNA/hAT-Charlie	2223	-	176	30116487	47896
chr8	89884671	90084671	harbor2	chr8	89886849	89886924	DNA/hAT-Charlie	459	-	38	89886887	2216
chr8	89884671	90084671	harbor2	chr8	89906194	89906395	DNA/hAT-Charlie	1372	-	100	89906294	21623
chr8	89884671	90084671	harbor2	chr8	89957800	89958305	DNA/hAT-Charlie	3180	-	252	89958052	73381
chr8	104533858	104733858	harbor2	chr8	104560986	104561217	DNA/hAT-Charlie	929	-	116	104561102	27244
chr8	104533858	104733858	harbor2	chr8	104564238	104564398	DNA/hAT-Charlie	512	-	80	104564318	30460
chr8	104533858	104733858	harbor2	chr8	104591318	104591703	DNA/hAT-Charlie	1740	-	192	104591510	57652
chr8	104533858	104733858	harbor2	chr8	104614299	104614835	DNA/hAT-Charlie	3538	-	268	104614567	80709
chr8	23428874	23628874	harbor2	chr8	23430496	23430632	DNA/hAT-Charlie	530	-	68	23430564	1690
chr8	23428874	23628874	harbor2	chr8	23452452	23452644	DNA/hAT-Charlie	954	-	96	23452548	23674
chr8	73779046	73979046	harbor2	chr8	73824550	73824877	DNA/hAT-Charlie	2139	-	164	73824714	45668
chr8	23744917	23944917	harbor2	chr8	23797618	23797829	DNA/hAT-Charlie	1049	-	106	23797724	52807
chr8	23744917	23944917	harbor2	chr8	23809644	23809767	DNA/hAT-Charlie	561	-	62	23809706	64789
chr8	23744917	23944917	harbor2	chr8	23821916	23822038	DNA/hAT-Charlie	618	-	61	23821977	77060
chr8	23744917	23944917	harbor2	chr8	23822337	23822396	DNA/hAT-Charlie	618	-	30	23822367	77450
chr8	138716197	138916197	harbor2	chr8	138781341	138781500	DNA/hAT-Charlie	728	-	80	138781421	65224
chr9	4884805	5084805	harbor2	chr9	4925049	4925218	DNA/hAT-Charlie	715	-	84	4925133	40328
chr9	4884805	5084805	harbor2	chr9	4927857	4928102	DNA/hAT-Charlie	1204	-	122	4927979	43174
chr9	4884805	5084805	harbor2	chr9	4930956	4931012	DNA/hAT-Charlie	618	-	28	4930984	46179
chr9	4884805	5084805	harbor2	chr9	4931315	4931411	DNA/hAT-Charlie	618	-	48	4931363	46558
chr9	4884805	5084805	harbor2	chr9	4954142	4954453	DNA/hAT-Charlie	1321	-	156	4954298	69493
chr9	4884805	5084805	harbor2	chr9	4955805	4956092	DNA/hAT-Charlie	1056	-	144	4955949	71144
chr9	4884805	5084805	harbor2	chr9	4965239	4965403	DNA/hAT-Charlie	635	-	82	4965321	80516
chr9	4884805	5084805	harbor2	chr9	4968067	4968223	DNA/hAT-Charlie	832	-	78	4968145	83340
chr9	4884805	5084805	harbor2	chr9	4977317	4977504	DNA/hAT-Charlie	1153	-	94	4977411	92606
chr9	4886038	5086038	harbor2	chr9	4925049	4925218	DNA/hAT-Charlie	715	-	84	4925133	39095
chr9	4886038	5086038	harbor2	chr9	4927857	4928102	DNA/hAT-Charlie	1204	-	122	4927979	41941
chr9	4886038	5086038	harbor2	chr9	4930956	4931012	DNA/hAT-Charlie	618	-	28	4930984	44946
chr9	4886038	5086038	harbor2	chr9	4931315	4931411	DNA/hAT-Charlie	618	-	48	4931363	45325
chr9	4886038	5086038	harbor2	chr9	4954142	4954453	DNA/hAT-Charlie	1321	-	156	4954298	68260
chr9	4886038	5086038	harbor2	chr9	4955805	4956092	DNA/hAT-Charlie	1056	-	144	4955949	69911
chr9	4886038	5086038	harbor2	chr9	4965239	4965403	DNA/hAT-Charlie	635	-	82	4965321	79283
chr9	4886038	5086038	harbor2	chr9	4968067	4968223	DNA/hAT-Charlie	832	-	78	4968145	82107
chr9	4886038	5086038	harbor2	chr9	4977317	4977504	DNA/hAT-Charlie	1153	-	94	4977411	91373
chr9	4884737	5084737	harbor2	chr9	4925049	4925218	DNA/hAT-Charlie	715	-	84	4925133	40396
chr9	4884737	5084737	harbor2	chr9	4927857	4928102	DNA/hAT-Charlie	1204	-	122	4927979	43242
chr9	4884737	5084737	harbor2	chr9	4930956	4931012	DNA/hAT-Charlie	618	-	28	4930984	46247
chr9	4884737	5084737	harbor2	chr9	4931315	4931411	DNA/hAT-Charlie	618	-	48	4931363	46626
chr9	4884737	5084737	harbor2	chr9	4954142	4954453	DNA/hAT-Charlie	1321	-	156	4954298	69561
chr9	4884737	5084737	harbor2	chr9	4955805	4956092	DNA/hAT-Charlie	1056	-	144	4955949	71212
chr9	4884737	5084737	harbor2	chr9	4965239	4965403	DNA/hAT-Charlie	635	-	82	4965321	80584
chr9	4884737	5084737	harbor2	chr9	4968067	4968223	DNA/hAT-Charlie	832	-	78	4968145	83408
chr9	4884737	5084737	harbor2	chr9	4977317	4977504	DNA/hAT-Charlie	1153	-	94	4977411	92674
chr9	4884821	5084821	harbor2	chr9	4925049	4925218	DNA/hAT-Charlie	715	-	84	4925133	40312
chr9	4884821	5084821	harbor2	chr9	4927857	4928102	DNA/hAT-Charlie	1204	-	122	4927979	43158
chr9	4884821	5084821	harbor2	chr9	4930956	4931012	DNA/hAT-Charlie	618	-	28	4930984	46163
chr9	4884821	5084821	harbor2	chr9	4931315	4931411	DNA/hAT-Charlie	618	-	48	4931363	46542
chr9	4884821	5084821	harbor2	chr9	4954142	4954453	DNA/hAT-Charlie	1321	-	156	4954298	69477
chr9	4884821	5084821	harbor2	chr9	4955805	4956092	DNA/hAT-Charlie	1056	-	144	4955949	71128
chr9	4884821	5084821	harbor2	chr9	4965239	4965403	DNA/hAT-Charlie	635	-	82	4965321	80500
chr9	4884821	5084821	harbor2	chr9	4968067	4968223	DNA/hAT-Charlie	832	-	78	4968145	83324
chr9	4884821	5084821	harbor2	chr9	4977317	4977504	DNA/hAT-Charlie	1153	-	94	4977411	92590
chr9	137214575	137414575	harbor2	chr9	137258772	137258921	DNA/hAT-Charlie	541	-	74	137258846	44271
chr9	137214575	137414575	harbor2	chr9	137259209	137259325	DNA/hAT-Charlie	541	-	58	137259267	44692
chr9	4886039	5086039	harbor2	chr9	4925049	4925218	DNA/hAT-Charlie	715	-	84	4925133	39094
chr9	4886039	5086039	harbor2	chr9	4927857	4928102	DNA/hAT-Charlie	1204	-	122	4927979	41940
chr9	4886039	5086039	harbor2	chr9	4930956	4931012	DNA/hAT-Charlie	618	-	28	4930984	44945
chr9	4886039	5086039	harbor2	chr9	4931315	4931411	DNA/hAT-Charlie	618	-	48	4931363	45324
chr9	4886039	5086039	harbor2	chr9	4954142	4954453	DNA/hAT-Charlie	1321	-	156	4954298	68259
chr9	4886039	5086039	harbor2	chr9	4955805	4956092	DNA/hAT-Charlie	1056	-	144	4955949	69910
chr9	4886039	5086039	harbor2	chr9	4965239	4965403	DNA/hAT-Charlie	635	-	82	4965321	79282
chr9	4886039	5086039	harbor2	chr9	4968067	4968223	DNA/hAT-Charlie	832	-	78	4968145	82106
chr9	4886039	5086039	harbor2	chr9	4977317	4977504	DNA/hAT-Charlie	1153	-	94	4977411	91372
chr9	4884782	5084782	harbor2	chr9	4925049	4925218	DNA/hAT-Charlie	715	-	84	4925133	40351
chr9	4884782	5084782	harbor2	chr9	4927857	4928102	DNA/hAT-Charlie	1204	-	122	4927979	43197
chr9	4884782	5084782	harbor2	chr9	4930956	4931012	DNA/hAT-Charlie	618	-	28	4930984	46202
chr9	4884782	5084782	harbor2	chr9	4931315	4931411	DNA/hAT-Charlie	618	-	48	4931363	46581
chr9	4884782	5084782	harbor2	chr9	4954142	4954453	DNA/hAT-Charlie	1321	-	156	4954298	69516
chr9	4884782	5084782	harbor2	chr9	4955805	4956092	DNA/hAT-Charlie	1056	-	144	4955949	71167
chr9	4884782	5084782	harbor2	chr9	4965239	4965403	DNA/hAT-Charlie	635	-	82	4965321	80539
chr9	4884782	5084782	harbor2	chr9	4968067	4968223	DNA/hAT-Charlie	832	-	78	4968145	83363
chr9	4884782	5084782	harbor2	chr9	4977317	4977504	DNA/hAT-Charlie	1153	-	94	4977411	92629
chr9	21909388	22109388	harbor2	chr9	21957243	21957421	DNA/hAT-Charlie	827	-	89	21957332	47944
chr9	4966574	5166574	harbor2	chr9	4968067	4968223	DNA/hAT-Charlie	832	-	78	4968145	1571
chr9	4966574	5166574	harbor2	chr9	4977317	4977504	DNA/hAT-Charlie	1153	-	94	4977411	10837
chr9	4966574	5166574	harbor2	chr9	4994324	4994507	DNA/hAT-Charlie	764	-	92	4994416	27842
chr9	4966574	5166574	harbor2	chr9	4994516	4994745	DNA/hAT-Charlie	909	-	114	4994630	28056
chr9	4966574	5166574	harbor2	chr9	5026813	5027022	DNA/hAT-Charlie	523	-	104	5026917	60343
chr9	137214566	137414566	harbor2	chr9	137258772	137258921	DNA/hAT-Charlie	541	-	74	137258846	44280
chr9	137214566	137414566	harbor2	chr9	137259209	137259325	DNA/hAT-Charlie	541	-	58	137259267	44701
chr9	4886275	5086275	harbor2	chr9	4925049	4925218	DNA/hAT-Charlie	715	-	84	4925133	38858
chr9	4886275	5086275	harbor2	chr9	4927857	4928102	DNA/hAT-Charlie	1204	-	122	4927979	41704
chr9	4886275	5086275	harbor2	chr9	4930956	4931012	DNA/hAT-Charlie	618	-	28	4930984	44709
chr9	4886275	5086275	harbor2	chr9	4931315	4931411	DNA/hAT-Charlie	618	-	48	4931363	45088
chr9	4886275	5086275	harbor2	chr9	4954142	4954453	DNA/hAT-Charlie	1321	-	156	4954298	68023
chr9	4886275	5086275	harbor2	chr9	4955805	4956092	DNA/hAT-Charlie	1056	-	144	4955949	69674
chr9	4886275	5086275	harbor2	chr9	4965239	4965403	DNA/hAT-Charlie	635	-	82	4965321	79046
chr9	4886275	5086275	harbor2	chr9	4968067	4968223	DNA/hAT-Charlie	832	-	78	4968145	81870
chr9	4886275	5086275	harbor2	chr9	4977317	4977504	DNA/hAT-Charlie	1153	-	94	4977411	91136
chr9	136383110	136583110	harbor2	chr9	136435713	136435964	DNA/hAT-Charlie	673	-	126	136435839	52729
chr9	4884843	5084843	harbor2	chr9	4925049	4925218	DNA/hAT-Charlie	715	-	84	4925133	40290
chr9	4884843	5084843	harbor2	chr9	4927857	4928102	DNA/hAT-Charlie	1204	-	122	4927979	43136
chr9	4884843	5084843	harbor2	chr9	4930956	4931012	DNA/hAT-Charlie	618	-	28	4930984	46141
chr9	4884843	5084843	harbor2	chr9	4931315	4931411	DNA/hAT-Charlie	618	-	48	4931363	46520
chr9	4884843	5084843	harbor2	chr9	4954142	4954453	DNA/hAT-Charlie	1321	-	156	4954298	69455
chr9	4884843	5084843	harbor2	chr9	4955805	4956092	DNA/hAT-Charlie	1056	-	144	4955949	71106
chr9	4884843	5084843	harbor2	chr9	4965239	4965403	DNA/hAT-Charlie	635	-	82	4965321	80478
chr9	4884843	5084843	harbor2	chr9	4968067	4968223	DNA/hAT-Charlie	832	-	78	4968145	83302
chr9	4884843	5084843	harbor2	chr9	4977317	4977504	DNA/hAT-Charlie	1153	-	94	4977411	92568
chr9	4884788	5084788	harbor2	chr9	4925049	4925218	DNA/hAT-Charlie	715	-	84	4925133	40345
chr9	4884788	5084788	harbor2	chr9	4927857	4928102	DNA/hAT-Charlie	1204	-	122	4927979	43191
chr9	4884788	5084788	harbor2	chr9	4930956	4931012	DNA/hAT-Charlie	618	-	28	4930984	46196
chr9	4884788	5084788	harbor2	chr9	4931315	4931411	DNA/hAT-Charlie	618	-	48	4931363	46575
chr9	4884788	5084788	harbor2	chr9	4954142	4954453	DNA/hAT-Charlie	1321	-	156	4954298	69510
chr9	4884788	5084788	harbor2	chr9	4955805	4956092	DNA/hAT-Charlie	1056	-	144	4955949	71161
chr9	4884788	5084788	harbor2	chr9	4965239	4965403	DNA/hAT-Charlie	635	-	82	4965321	80533
chr9	4884788	5084788	harbor2	chr9	4968067	4968223	DNA/hAT-Charlie	832	-	78	4968145	83357
chr9	4884788	5084788	harbor2	chr9	4977317	4977504	DNA/hAT-Charlie	1153	-	94	4977411	92623
chr9	4886030	5086030	harbor2	chr9	4925049	4925218	DNA/hAT-Charlie	715	-	84	4925133	39103
chr9	4886030	5086030	harbor2	chr9	4927857	4928102	DNA/hAT-Charlie	1204	-	122	4927979	41949
chr9	4886030	5086030	harbor2	chr9	4930956	4931012	DNA/hAT-Charlie	618	-	28	4930984	44954
chr9	4886030	5086030	harbor2	chr9	4931315	4931411	DNA/hAT-Charlie	618	-	48	4931363	45333
chr9	4886030	5086030	harbor2	chr9	4954142	4954453	DNA/hAT-Charlie	1321	-	156	4954298	68268
chr9	4886030	5086030	harbor2	chr9	4955805	4956092	DNA/hAT-Charlie	1056	-	144	4955949	69919
chr9	4886030	5086030	harbor2	chr9	4965239	4965403	DNA/hAT-Charlie	635	-	82	4965321	79291
chr9	4886030	5086030	harbor2	chr9	4968067	4968223	DNA/hAT-Charlie	832	-	78	4968145	82115
chr9	4886030	5086030	harbor2	chr9	4977317	4977504	DNA/hAT-Charlie	1153	-	94	4977411	91381
chr9	4884822	5084822	harbor2	chr9	4925049	4925218	DNA/hAT-Charlie	715	-	84	4925133	40311
chr9	4884822	5084822	harbor2	chr9	4927857	4928102	DNA/hAT-Charlie	1204	-	122	4927979	43157
chr9	4884822	5084822	harbor2	chr9	4930956	4931012	DNA/hAT-Charlie	618	-	28	4930984	46162
chr9	4884822	5084822	harbor2	chr9	4931315	4931411	DNA/hAT-Charlie	618	-	48	4931363	46541
chr9	4884822	5084822	harbor2	chr9	4954142	4954453	DNA/hAT-Charlie	1321	-	156	4954298	69476
chr9	4884822	5084822	harbor2	chr9	4955805	4956092	DNA/hAT-Charlie	1056	-	144	4955949	71127
chr9	4884822	5084822	harbor2	chr9	4965239	4965403	DNA/hAT-Charlie	635	-	82	4965321	80499
chr9	4884822	5084822	harbor2	chr9	4968067	4968223	DNA/hAT-Charlie	832	-	78	4968145	83323
chr9	4884822	5084822	harbor2	chr9	4977317	4977504	DNA/hAT-Charlie	1153	-	94	4977411	92589
chr9	112389442	112589442	harbor2	chr9	112401475	112401628	DNA/hAT-Charlie	815	-	76	112401551	12109
chr9	112389442	112589442	harbor2	chr9	112455911	112456065	DNA/hAT-Charlie	707	-	77	112455988	66546
chr9	79476304	79676304	harbor2	chr9	79492479	79492792	DNA/hAT-Charlie	1675	-	156	79492635	16331
chr9	79476304	79676304	harbor2	chr9	79527969	79528130	DNA/hAT-Charlie	682	-	80	79528049	51745
chr9	79476304	79676304	harbor2	chr9	79536505	79536749	DNA/hAT-Charlie	481	-	122	79536627	60323
chr9	79476304	79676304	harbor2	chr9	79536861	79537022	DNA/hAT-Charlie	892	-	80	79536941	60637
chr9	79476304	79676304	harbor2	chr9	79543914	79544092	DNA/hAT-Charlie	930	-	89	79544003	67699
chr9	4884859	5084859	harbor2	chr9	4925049	4925218	DNA/hAT-Charlie	715	-	84	4925133	40274
chr9	4884859	5084859	harbor2	chr9	4927857	4928102	DNA/hAT-Charlie	1204	-	122	4927979	43120
chr9	4884859	5084859	harbor2	chr9	4930956	4931012	DNA/hAT-Charlie	618	-	28	4930984	46125
chr9	4884859	5084859	harbor2	chr9	4931315	4931411	DNA/hAT-Charlie	618	-	48	4931363	46504
chr9	4884859	5084859	harbor2	chr9	4954142	4954453	DNA/hAT-Charlie	1321	-	156	4954298	69439
chr9	4884859	5084859	harbor2	chr9	4955805	4956092	DNA/hAT-Charlie	1056	-	144	4955949	71090
chr9	4884859	5084859	harbor2	chr9	4965239	4965403	DNA/hAT-Charlie	635	-	82	4965321	80462
chr9	4884859	5084859	harbor2	chr9	4968067	4968223	DNA/hAT-Charlie	832	-	78	4968145	83286
chr9	4884859	5084859	harbor2	chr9	4977317	4977504	DNA/hAT-Charlie	1153	-	94	4977411	92552
chr9	4884785	5084785	harbor2	chr9	4925049	4925218	DNA/hAT-Charlie	715	-	84	4925133	40348
chr9	4884785	5084785	harbor2	chr9	4927857	4928102	DNA/hAT-Charlie	1204	-	122	4927979	43194
chr9	4884785	5084785	harbor2	chr9	4930956	4931012	DNA/hAT-Charlie	618	-	28	4930984	46199
chr9	4884785	5084785	harbor2	chr9	4931315	4931411	DNA/hAT-Charlie	618	-	48	4931363	46578
chr9	4884785	5084785	harbor2	chr9	4954142	4954453	DNA/hAT-Charlie	1321	-	156	4954298	69513
chr9	4884785	5084785	harbor2	chr9	4955805	4956092	DNA/hAT-Charlie	1056	-	144	4955949	71164
chr9	4884785	5084785	harbor2	chr9	4965239	4965403	DNA/hAT-Charlie	635	-	82	4965321	80536
chr9	4884785	5084785	harbor2	chr9	4968067	4968223	DNA/hAT-Charlie	832	-	78	4968145	83360
chr9	4884785	5084785	harbor2	chr9	4977317	4977504	DNA/hAT-Charlie	1153	-	94	4977411	92626
chr9	112387666	112587666	harbor2	chr9	112401475	112401628	DNA/hAT-Charlie	815	-	76	112401551	13885
chr9	112387666	112587666	harbor2	chr9	112455911	112456065	DNA/hAT-Charlie	707	-	77	112455988	68322
chr9	4884771	5084771	harbor2	chr9	4925049	4925218	DNA/hAT-Charlie	715	-	84	4925133	40362
chr9	4884771	5084771	harbor2	chr9	4927857	4928102	DNA/hAT-Charlie	1204	-	122	4927979	43208
chr9	4884771	5084771	harbor2	chr9	4930956	4931012	DNA/hAT-Charlie	618	-	28	4930984	46213
chr9	4884771	5084771	harbor2	chr9	4931315	4931411	DNA/hAT-Charlie	618	-	48	4931363	46592
chr9	4884771	5084771	harbor2	chr9	4954142	4954453	DNA/hAT-Charlie	1321	-	156	4954298	69527
chr9	4884771	5084771	harbor2	chr9	4955805	4956092	DNA/hAT-Charlie	1056	-	144	4955949	71178
chr9	4884771	5084771	harbor2	chr9	4965239	4965403	DNA/hAT-Charlie	635	-	82	4965321	80550
chr9	4884771	5084771	harbor2	chr9	4968067	4968223	DNA/hAT-Charlie	832	-	78	4968145	83374
chr9	4884771	5084771	harbor2	chr9	4977317	4977504	DNA/hAT-Charlie	1153	-	94	4977411	92640
chr9	4885574	5085574	harbor2	chr9	4925049	4925218	DNA/hAT-Charlie	715	-	84	4925133	39559
chr9	4885574	5085574	harbor2	chr9	4927857	4928102	DNA/hAT-Charlie	1204	-	122	4927979	42405
chr9	4885574	5085574	harbor2	chr9	4930956	4931012	DNA/hAT-Charlie	618	-	28	4930984	45410
chr9	4885574	5085574	harbor2	chr9	4931315	4931411	DNA/hAT-Charlie	618	-	48	4931363	45789
chr9	4885574	5085574	harbor2	chr9	4954142	4954453	DNA/hAT-Charlie	1321	-	156	4954298	68724
chr9	4885574	5085574	harbor2	chr9	4955805	4956092	DNA/hAT-Charlie	1056	-	144	4955949	70375
chr9	4885574	5085574	harbor2	chr9	4965239	4965403	DNA/hAT-Charlie	635	-	82	4965321	79747
chr9	4885574	5085574	harbor2	chr9	4968067	4968223	DNA/hAT-Charlie	832	-	78	4968145	82571
chr9	4885574	5085574	harbor2	chr9	4977317	4977504	DNA/hAT-Charlie	1153	-	94	4977411	91837
chr9	4909381	5109381	harbor2	chr9	4925049	4925218	DNA/hAT-Charlie	715	-	84	4925133	15752
chr9	4909381	5109381	harbor2	chr9	4927857	4928102	DNA/hAT-Charlie	1204	-	122	4927979	18598
chr9	4909381	5109381	harbor2	chr9	4930956	4931012	DNA/hAT-Charlie	618	-	28	4930984	21603
chr9	4909381	5109381	harbor2	chr9	4931315	4931411	DNA/hAT-Charlie	618	-	48	4931363	21982
chr9	4909381	5109381	harbor2	chr9	4954142	4954453	DNA/hAT-Charlie	1321	-	156	4954298	44917
chr9	4909381	5109381	harbor2	chr9	4955805	4956092	DNA/hAT-Charlie	1056	-	144	4955949	46568
chr9	4909381	5109381	harbor2	chr9	4965239	4965403	DNA/hAT-Charlie	635	-	82	4965321	55940
chr9	4909381	5109381	harbor2	chr9	4968067	4968223	DNA/hAT-Charlie	832	-	78	4968145	58764
chr9	4909381	5109381	harbor2	chr9	4977317	4977504	DNA/hAT-Charlie	1153	-	94	4977411	68030
chr9	4909381	5109381	harbor2	chr9	4994324	4994507	DNA/hAT-Charlie	764	-	92	4994416	85035
chr9	4909381	5109381	harbor2	chr9	4994516	4994745	DNA/hAT-Charlie	909	-	114	4994630	85249
chr9	4884790	5084790	harbor2	chr9	4925049	4925218	DNA/hAT-Charlie	715	-	84	4925133	40343
chr9	4884790	5084790	harbor2	chr9	4927857	4928102	DNA/hAT-Charlie	1204	-	122	4927979	43189
chr9	4884790	5084790	harbor2	chr9	4930956	4931012	DNA/hAT-Charlie	618	-	28	4930984	46194
chr9	4884790	5084790	harbor2	chr9	4931315	4931411	DNA/hAT-Charlie	618	-	48	4931363	46573
chr9	4884790	5084790	harbor2	chr9	4954142	4954453	DNA/hAT-Charlie	1321	-	156	4954298	69508
chr9	4884790	5084790	harbor2	chr9	4955805	4956092	DNA/hAT-Charlie	1056	-	144	4955949	71159
chr9	4884790	5084790	harbor2	chr9	4965239	4965403	DNA/hAT-Charlie	635	-	82	4965321	80531
chr9	4884790	5084790	harbor2	chr9	4968067	4968223	DNA/hAT-Charlie	832	-	78	4968145	83355
chr9	4884790	5084790	harbor2	chr9	4977317	4977504	DNA/hAT-Charlie	1153	-	94	4977411	92621
chr9	4886294	5086294	harbor2	chr9	4925049	4925218	DNA/hAT-Charlie	715	-	84	4925133	38839
chr9	4886294	5086294	harbor2	chr9	4927857	4928102	DNA/hAT-Charlie	1204	-	122	4927979	41685
chr9	4886294	5086294	harbor2	chr9	4930956	4931012	DNA/hAT-Charlie	618	-	28	4930984	44690
chr9	4886294	5086294	harbor2	chr9	4931315	4931411	DNA/hAT-Charlie	618	-	48	4931363	45069
chr9	4886294	5086294	harbor2	chr9	4954142	4954453	DNA/hAT-Charlie	1321	-	156	4954298	68004
chr9	4886294	5086294	harbor2	chr9	4955805	4956092	DNA/hAT-Charlie	1056	-	144	4955949	69655
chr9	4886294	5086294	harbor2	chr9	4965239	4965403	DNA/hAT-Charlie	635	-	82	4965321	79027
chr9	4886294	5086294	harbor2	chr9	4968067	4968223	DNA/hAT-Charlie	832	-	78	4968145	81851
chr9	4886294	5086294	harbor2	chr9	4977317	4977504	DNA/hAT-Charlie	1153	-	94	4977411	91117
chr9	4885943	5085943	harbor2	chr9	4925049	4925218	DNA/hAT-Charlie	715	-	84	4925133	39190
chr9	4885943	5085943	harbor2	chr9	4927857	4928102	DNA/hAT-Charlie	1204	-	122	4927979	42036
chr9	4885943	5085943	harbor2	chr9	4930956	4931012	DNA/hAT-Charlie	618	-	28	4930984	45041
chr9	4885943	5085943	harbor2	chr9	4931315	4931411	DNA/hAT-Charlie	618	-	48	4931363	45420
chr9	4885943	5085943	harbor2	chr9	4954142	4954453	DNA/hAT-Charlie	1321	-	156	4954298	68355
chr9	4885943	5085943	harbor2	chr9	4955805	4956092	DNA/hAT-Charlie	1056	-	144	4955949	70006
chr9	4885943	5085943	harbor2	chr9	4965239	4965403	DNA/hAT-Charlie	635	-	82	4965321	79378
chr9	4885943	5085943	harbor2	chr9	4968067	4968223	DNA/hAT-Charlie	832	-	78	4968145	82202
chr9	4885943	5085943	harbor2	chr9	4977317	4977504	DNA/hAT-Charlie	1153	-	94	4977411	91468
chr9	4884804	5084804	harbor2	chr9	4925049	4925218	DNA/hAT-Charlie	715	-	84	4925133	40329
chr9	4884804	5084804	harbor2	chr9	4927857	4928102	DNA/hAT-Charlie	1204	-	122	4927979	43175
chr9	4884804	5084804	harbor2	chr9	4930956	4931012	DNA/hAT-Charlie	618	-	28	4930984	46180
chr9	4884804	5084804	harbor2	chr9	4931315	4931411	DNA/hAT-Charlie	618	-	48	4931363	46559
chr9	4884804	5084804	harbor2	chr9	4954142	4954453	DNA/hAT-Charlie	1321	-	156	4954298	69494
chr9	4884804	5084804	harbor2	chr9	4955805	4956092	DNA/hAT-Charlie	1056	-	144	4955949	71145
chr9	4884804	5084804	harbor2	chr9	4965239	4965403	DNA/hAT-Charlie	635	-	82	4965321	80517
chr9	4884804	5084804	harbor2	chr9	4968067	4968223	DNA/hAT-Charlie	832	-	78	4968145	83341
chr9	4884804	5084804	harbor2	chr9	4977317	4977504	DNA/hAT-Charlie	1153	-	94	4977411	92607
chr9	4730682	4930682	harbor2	chr9	4819157	4819322	DNA/hAT-Charlie	978	-	82	4819239	88557
chr9	4884786	5084786	harbor2	chr9	4925049	4925218	DNA/hAT-Charlie	715	-	84	4925133	40347
chr9	4884786	5084786	harbor2	chr9	4927857	4928102	DNA/hAT-Charlie	1204	-	122	4927979	43193
chr9	4884786	5084786	harbor2	chr9	4930956	4931012	DNA/hAT-Charlie	618	-	28	4930984	46198
chr9	4884786	5084786	harbor2	chr9	4931315	4931411	DNA/hAT-Charlie	618	-	48	4931363	46577
chr9	4884786	5084786	harbor2	chr9	4954142	4954453	DNA/hAT-Charlie	1321	-	156	4954298	69512
chr9	4884786	5084786	harbor2	chr9	4955805	4956092	DNA/hAT-Charlie	1056	-	144	4955949	71163
chr9	4884786	5084786	harbor2	chr9	4965239	4965403	DNA/hAT-Charlie	635	-	82	4965321	80535
chr9	4884786	5084786	harbor2	chr9	4968067	4968223	DNA/hAT-Charlie	832	-	78	4968145	83359
chr9	4884786	5084786	harbor2	chr9	4977317	4977504	DNA/hAT-Charlie	1153	-	94	4977411	92625
chr9	93232797	93432797	harbor2	chr9	93240784	93240971	DNA/hAT-Charlie	734	-	94	93240878	8081
chr9	4884800	5084800	harbor2	chr9	4925049	4925218	DNA/hAT-Charlie	715	-	84	4925133	40333
chr9	4884800	5084800	harbor2	chr9	4927857	4928102	DNA/hAT-Charlie	1204	-	122	4927979	43179
chr9	4884800	5084800	harbor2	chr9	4930956	4931012	DNA/hAT-Charlie	618	-	28	4930984	46184
chr9	4884800	5084800	harbor2	chr9	4931315	4931411	DNA/hAT-Charlie	618	-	48	4931363	46563
chr9	4884800	5084800	harbor2	chr9	4954142	4954453	DNA/hAT-Charlie	1321	-	156	4954298	69498
chr9	4884800	5084800	harbor2	chr9	4955805	4956092	DNA/hAT-Charlie	1056	-	144	4955949	71149
chr9	4884800	5084800	harbor2	chr9	4965239	4965403	DNA/hAT-Charlie	635	-	82	4965321	80521
chr9	4884800	5084800	harbor2	chr9	4968067	4968223	DNA/hAT-Charlie	832	-	78	4968145	83345
chr9	4884800	5084800	harbor2	chr9	4977317	4977504	DNA/hAT-Charlie	1153	-	94	4977411	92611
chr9	4884853	5084853	harbor2	chr9	4925049	4925218	DNA/hAT-Charlie	715	-	84	4925133	40280
chr9	4884853	5084853	harbor2	chr9	4927857	4928102	DNA/hAT-Charlie	1204	-	122	4927979	43126
chr9	4884853	5084853	harbor2	chr9	4930956	4931012	DNA/hAT-Charlie	618	-	28	4930984	46131
chr9	4884853	5084853	harbor2	chr9	4931315	4931411	DNA/hAT-Charlie	618	-	48	4931363	46510
chr9	4884853	5084853	harbor2	chr9	4954142	4954453	DNA/hAT-Charlie	1321	-	156	4954298	69445
chr9	4884853	5084853	harbor2	chr9	4955805	4956092	DNA/hAT-Charlie	1056	-	144	4955949	71096
chr9	4884853	5084853	harbor2	chr9	4965239	4965403	DNA/hAT-Charlie	635	-	82	4965321	80468
chr9	4884853	5084853	harbor2	chr9	4968067	4968223	DNA/hAT-Charlie	832	-	78	4968145	83292
chr9	4884853	5084853	harbor2	chr9	4977317	4977504	DNA/hAT-Charlie	1153	-	94	4977411	92558
chr9	5907138	6107138	harbor2	chr9	5909867	5910250	DNA/hAT-Charlie	1082	-	192	5910059	2921
chr9	5907138	6107138	harbor2	chr9	5939719	5939930	DNA/hAT-Charlie	646	-	106	5939825	32687
chr9	5907138	6107138	harbor2	chr9	5947195	5947345	DNA/hAT-Charlie	691	-	75	5947270	40132
chr9	5907138	6107138	harbor2	chr9	5952348	5952620	DNA/hAT-Charlie	521	-	136	5952484	45346
chr9	5907138	6107138	harbor2	chr9	6003782	6003964	DNA/hAT-Charlie	493	-	91	6003873	96735
chr9	4885772	5085772	harbor2	chr9	4925049	4925218	DNA/hAT-Charlie	715	-	84	4925133	39361
chr9	4885772	5085772	harbor2	chr9	4927857	4928102	DNA/hAT-Charlie	1204	-	122	4927979	42207
chr9	4885772	5085772	harbor2	chr9	4930956	4931012	DNA/hAT-Charlie	618	-	28	4930984	45212
chr9	4885772	5085772	harbor2	chr9	4931315	4931411	DNA/hAT-Charlie	618	-	48	4931363	45591
chr9	4885772	5085772	harbor2	chr9	4954142	4954453	DNA/hAT-Charlie	1321	-	156	4954298	68526
chr9	4885772	5085772	harbor2	chr9	4955805	4956092	DNA/hAT-Charlie	1056	-	144	4955949	70177
chr9	4885772	5085772	harbor2	chr9	4965239	4965403	DNA/hAT-Charlie	635	-	82	4965321	79549
chr9	4885772	5085772	harbor2	chr9	4968067	4968223	DNA/hAT-Charlie	832	-	78	4968145	82373
chr9	4885772	5085772	harbor2	chr9	4977317	4977504	DNA/hAT-Charlie	1153	-	94	4977411	91639
chr9	4880270	5080270	harbor2	chr9	4925049	4925218	DNA/hAT-Charlie	715	-	84	4925133	44863
chr9	4880270	5080270	harbor2	chr9	4927857	4928102	DNA/hAT-Charlie	1204	-	122	4927979	47709
chr9	4880270	5080270	harbor2	chr9	4930956	4931012	DNA/hAT-Charlie	618	-	28	4930984	50714
chr9	4880270	5080270	harbor2	chr9	4931315	4931411	DNA/hAT-Charlie	618	-	48	4931363	51093
chr9	4880270	5080270	harbor2	chr9	4954142	4954453	DNA/hAT-Charlie	1321	-	156	4954298	74028
chr9	4880270	5080270	harbor2	chr9	4955805	4956092	DNA/hAT-Charlie	1056	-	144	4955949	75679
chr9	4880270	5080270	harbor2	chr9	4965239	4965403	DNA/hAT-Charlie	635	-	82	4965321	85051
chr9	4880270	5080270	harbor2	chr9	4968067	4968223	DNA/hAT-Charlie	832	-	78	4968145	87875
chr9	4880270	5080270	harbor2	chr9	4977317	4977504	DNA/hAT-Charlie	1153	-	94	4977411	97141
chr9	111797010	111997010	harbor2	chr9	111895910	111896146	DNA/hAT-Charlie	611	-	118	111896028	99018
chr9	4884777	5084777	harbor2	chr9	4925049	4925218	DNA/hAT-Charlie	715	-	84	4925133	40356
chr9	4884777	5084777	harbor2	chr9	4927857	4928102	DNA/hAT-Charlie	1204	-	122	4927979	43202
chr9	4884777	5084777	harbor2	chr9	4930956	4931012	DNA/hAT-Charlie	618	-	28	4930984	46207
chr9	4884777	5084777	harbor2	chr9	4931315	4931411	DNA/hAT-Charlie	618	-	48	4931363	46586
chr9	4884777	5084777	harbor2	chr9	4954142	4954453	DNA/hAT-Charlie	1321	-	156	4954298	69521
chr9	4884777	5084777	harbor2	chr9	4955805	4956092	DNA/hAT-Charlie	1056	-	144	4955949	71172
chr9	4884777	5084777	harbor2	chr9	4965239	4965403	DNA/hAT-Charlie	635	-	82	4965321	80544
chr9	4884777	5084777	harbor2	chr9	4968067	4968223	DNA/hAT-Charlie	832	-	78	4968145	83368
chr9	4884777	5084777	harbor2	chr9	4977317	4977504	DNA/hAT-Charlie	1153	-	94	4977411	92634
chr9	133682117	133882117	harbor2	chr9	133687582	133687738	DNA/hAT-Charlie	511	-	78	133687660	5543
chr9	4884851	5084851	harbor2	chr9	4925049	4925218	DNA/hAT-Charlie	715	-	84	4925133	40282
chr9	4884851	5084851	harbor2	chr9	4927857	4928102	DNA/hAT-Charlie	1204	-	122	4927979	43128
chr9	4884851	5084851	harbor2	chr9	4930956	4931012	DNA/hAT-Charlie	618	-	28	4930984	46133
chr9	4884851	5084851	harbor2	chr9	4931315	4931411	DNA/hAT-Charlie	618	-	48	4931363	46512
chr9	4884851	5084851	harbor2	chr9	4954142	4954453	DNA/hAT-Charlie	1321	-	156	4954298	69447
chr9	4884851	5084851	harbor2	chr9	4955805	4956092	DNA/hAT-Charlie	1056	-	144	4955949	71098
chr9	4884851	5084851	harbor2	chr9	4965239	4965403	DNA/hAT-Charlie	635	-	82	4965321	80470
chr9	4884851	5084851	harbor2	chr9	4968067	4968223	DNA/hAT-Charlie	832	-	78	4968145	83294
chr9	4884851	5084851	harbor2	chr9	4977317	4977504	DNA/hAT-Charlie	1153	-	94	4977411	92560
chr9	4974186	5174186	harbor2	chr9	4977317	4977504	DNA/hAT-Charlie	1153	-	94	4977411	3225
chr9	4974186	5174186	harbor2	chr9	4994324	4994507	DNA/hAT-Charlie	764	-	92	4994416	20230
chr9	4974186	5174186	harbor2	chr9	4994516	4994745	DNA/hAT-Charlie	909	-	114	4994630	20444
chr9	4974186	5174186	harbor2	chr9	5026813	5027022	DNA/hAT-Charlie	523	-	104	5026917	52731
chr9	4729013	4929013	harbor2	chr9	4819157	4819322	DNA/hAT-Charlie	978	-	82	4819239	90226
chr9	4884799	5084799	harbor2	chr9	4925049	4925218	DNA/hAT-Charlie	715	-	84	4925133	40334
chr9	4884799	5084799	harbor2	chr9	4927857	4928102	DNA/hAT-Charlie	1204	-	122	4927979	43180
chr9	4884799	5084799	harbor2	chr9	4930956	4931012	DNA/hAT-Charlie	618	-	28	4930984	46185
chr9	4884799	5084799	harbor2	chr9	4931315	4931411	DNA/hAT-Charlie	618	-	48	4931363	46564
chr9	4884799	5084799	harbor2	chr9	4954142	4954453	DNA/hAT-Charlie	1321	-	156	4954298	69499
chr9	4884799	5084799	harbor2	chr9	4955805	4956092	DNA/hAT-Charlie	1056	-	144	4955949	71150
chr9	4884799	5084799	harbor2	chr9	4965239	4965403	DNA/hAT-Charlie	635	-	82	4965321	80522
chr9	4884799	5084799	harbor2	chr9	4968067	4968223	DNA/hAT-Charlie	832	-	78	4968145	83346
chr9	4884799	5084799	harbor2	chr9	4977317	4977504	DNA/hAT-Charlie	1153	-	94	4977411	92612
chr9	4884830	5084830	harbor2	chr9	4925049	4925218	DNA/hAT-Charlie	715	-	84	4925133	40303
chr9	4884830	5084830	harbor2	chr9	4927857	4928102	DNA/hAT-Charlie	1204	-	122	4927979	43149
chr9	4884830	5084830	harbor2	chr9	4930956	4931012	DNA/hAT-Charlie	618	-	28	4930984	46154
chr9	4884830	5084830	harbor2	chr9	4931315	4931411	DNA/hAT-Charlie	618	-	48	4931363	46533
chr9	4884830	5084830	harbor2	chr9	4954142	4954453	DNA/hAT-Charlie	1321	-	156	4954298	69468
chr9	4884830	5084830	harbor2	chr9	4955805	4956092	DNA/hAT-Charlie	1056	-	144	4955949	71119
chr9	4884830	5084830	harbor2	chr9	4965239	4965403	DNA/hAT-Charlie	635	-	82	4965321	80491
chr9	4884830	5084830	harbor2	chr9	4968067	4968223	DNA/hAT-Charlie	832	-	78	4968145	83315
chr9	4884830	5084830	harbor2	chr9	4977317	4977504	DNA/hAT-Charlie	1153	-	94	4977411	92581
chr9	112387642	112587642	harbor2	chr9	112401475	112401628	DNA/hAT-Charlie	815	-	76	112401551	13909
chr9	112387642	112587642	harbor2	chr9	112455911	112456065	DNA/hAT-Charlie	707	-	77	112455988	68346
chr9	4884809	5084809	harbor2	chr9	4925049	4925218	DNA/hAT-Charlie	715	-	84	4925133	40324
chr9	4884809	5084809	harbor2	chr9	4927857	4928102	DNA/hAT-Charlie	1204	-	122	4927979	43170
chr9	4884809	5084809	harbor2	chr9	4930956	4931012	DNA/hAT-Charlie	618	-	28	4930984	46175
chr9	4884809	5084809	harbor2	chr9	4931315	4931411	DNA/hAT-Charlie	618	-	48	4931363	46554
chr9	4884809	5084809	harbor2	chr9	4954142	4954453	DNA/hAT-Charlie	1321	-	156	4954298	69489
chr9	4884809	5084809	harbor2	chr9	4955805	4956092	DNA/hAT-Charlie	1056	-	144	4955949	71140
chr9	4884809	5084809	harbor2	chr9	4965239	4965403	DNA/hAT-Charlie	635	-	82	4965321	80512
chr9	4884809	5084809	harbor2	chr9	4968067	4968223	DNA/hAT-Charlie	832	-	78	4968145	83336
chr9	4884809	5084809	harbor2	chr9	4977317	4977504	DNA/hAT-Charlie	1153	-	94	4977411	92602
chr9	134036094	134236094	harbor2	chr9	134071153	134071488	DNA/hAT-Charlie	2229	-	168	134071321	35227
chr9	4886033	5086033	harbor2	chr9	4925049	4925218	DNA/hAT-Charlie	715	-	84	4925133	39100
chr9	4886033	5086033	harbor2	chr9	4927857	4928102	DNA/hAT-Charlie	1204	-	122	4927979	41946
chr9	4886033	5086033	harbor2	chr9	4930956	4931012	DNA/hAT-Charlie	618	-	28	4930984	44951
chr9	4886033	5086033	harbor2	chr9	4931315	4931411	DNA/hAT-Charlie	618	-	48	4931363	45330
chr9	4886033	5086033	harbor2	chr9	4954142	4954453	DNA/hAT-Charlie	1321	-	156	4954298	68265
chr9	4886033	5086033	harbor2	chr9	4955805	4956092	DNA/hAT-Charlie	1056	-	144	4955949	69916
chr9	4886033	5086033	harbor2	chr9	4965239	4965403	DNA/hAT-Charlie	635	-	82	4965321	79288
chr9	4886033	5086033	harbor2	chr9	4968067	4968223	DNA/hAT-Charlie	832	-	78	4968145	82112
chr9	4886033	5086033	harbor2	chr9	4977317	4977504	DNA/hAT-Charlie	1153	-	94	4977411	91378
chr9	35657125	35857125	harbor2	chr9	35692408	35692805	DNA/hAT-Charlie	1441	-	198	35692606	35481
chr9	35657125	35857125	harbor2	chr9	35693927	35694020	DNA/hAT-Charlie	2793	-	46	35693973	36848
chr9	35657125	35857125	harbor2	chr9	35694325	35694485	DNA/hAT-Charlie	2793	-	80	35694405	37280
chr9	35657125	35857125	harbor2	chr9	35694809	35695277	DNA/hAT-Charlie	2793	-	234	35695043	37918
chr9	35657125	35857125	harbor2	chr9	35695759	35695865	DNA/hAT-Charlie	589	-	53	35695812	38687
chr9	35657125	35857125	harbor2	chr9	35755463	35755813	DNA/hAT-Charlie	2312	-	175	35755638	98513
chr9	4884854	5084854	harbor2	chr9	4925049	4925218	DNA/hAT-Charlie	715	-	84	4925133	40279
chr9	4884854	5084854	harbor2	chr9	4927857	4928102	DNA/hAT-Charlie	1204	-	122	4927979	43125
chr9	4884854	5084854	harbor2	chr9	4930956	4931012	DNA/hAT-Charlie	618	-	28	4930984	46130
chr9	4884854	5084854	harbor2	chr9	4931315	4931411	DNA/hAT-Charlie	618	-	48	4931363	46509
chr9	4884854	5084854	harbor2	chr9	4954142	4954453	DNA/hAT-Charlie	1321	-	156	4954298	69444
chr9	4884854	5084854	harbor2	chr9	4955805	4956092	DNA/hAT-Charlie	1056	-	144	4955949	71095
chr9	4884854	5084854	harbor2	chr9	4965239	4965403	DNA/hAT-Charlie	635	-	82	4965321	80467
chr9	4884854	5084854	harbor2	chr9	4968067	4968223	DNA/hAT-Charlie	832	-	78	4968145	83291
chr9	4884854	5084854	harbor2	chr9	4977317	4977504	DNA/hAT-Charlie	1153	-	94	4977411	92557
chr9	4886098	5086098	harbor2	chr9	4925049	4925218	DNA/hAT-Charlie	715	-	84	4925133	39035
chr9	4886098	5086098	harbor2	chr9	4927857	4928102	DNA/hAT-Charlie	1204	-	122	4927979	41881
chr9	4886098	5086098	harbor2	chr9	4930956	4931012	DNA/hAT-Charlie	618	-	28	4930984	44886
chr9	4886098	5086098	harbor2	chr9	4931315	4931411	DNA/hAT-Charlie	618	-	48	4931363	45265
chr9	4886098	5086098	harbor2	chr9	4954142	4954453	DNA/hAT-Charlie	1321	-	156	4954298	68200
chr9	4886098	5086098	harbor2	chr9	4955805	4956092	DNA/hAT-Charlie	1056	-	144	4955949	69851
chr9	4886098	5086098	harbor2	chr9	4965239	4965403	DNA/hAT-Charlie	635	-	82	4965321	79223
chr9	4886098	5086098	harbor2	chr9	4968067	4968223	DNA/hAT-Charlie	832	-	78	4968145	82047
chr9	4886098	5086098	harbor2	chr9	4977317	4977504	DNA/hAT-Charlie	1153	-	94	4977411	91313
chr9	4885756	5085756	harbor2	chr9	4925049	4925218	DNA/hAT-Charlie	715	-	84	4925133	39377
chr9	4885756	5085756	harbor2	chr9	4927857	4928102	DNA/hAT-Charlie	1204	-	122	4927979	42223
chr9	4885756	5085756	harbor2	chr9	4930956	4931012	DNA/hAT-Charlie	618	-	28	4930984	45228
chr9	4885756	5085756	harbor2	chr9	4931315	4931411	DNA/hAT-Charlie	618	-	48	4931363	45607
chr9	4885756	5085756	harbor2	chr9	4954142	4954453	DNA/hAT-Charlie	1321	-	156	4954298	68542
chr9	4885756	5085756	harbor2	chr9	4955805	4956092	DNA/hAT-Charlie	1056	-	144	4955949	70193
chr9	4885756	5085756	harbor2	chr9	4965239	4965403	DNA/hAT-Charlie	635	-	82	4965321	79565
chr9	4885756	5085756	harbor2	chr9	4968067	4968223	DNA/hAT-Charlie	832	-	78	4968145	82389
chr9	4885756	5085756	harbor2	chr9	4977317	4977504	DNA/hAT-Charlie	1153	-	94	4977411	91655
chr9	4823950	5023950	harbor2	chr9	4844956	4845112	DNA/hAT-Charlie	475	-	78	4845034	21084
chr9	4969354	5169354	harbor2	chr9	4977317	4977504	DNA/hAT-Charlie	1153	-	94	4977411	8057
chr9	4969354	5169354	harbor2	chr9	4994324	4994507	DNA/hAT-Charlie	764	-	92	4994416	25062
chr9	4969354	5169354	harbor2	chr9	4994516	4994745	DNA/hAT-Charlie	909	-	114	4994630	25276
chr9	4969354	5169354	harbor2	chr9	5026813	5027022	DNA/hAT-Charlie	523	-	104	5026917	57563
chr9	5062622	5262622	harbor2	chr9	5117896	5118095	DNA/hAT-Charlie	3168	-	100	5117996	55374
chr9	5062622	5262622	harbor2	chr9	5118176	5119981	DNA/hAT-Charlie	3168	-	902	5119078	56456
chr9	112387652	112587652	harbor2	chr9	112401475	112401628	DNA/hAT-Charlie	815	-	76	112401551	13899
chr9	112387652	112587652	harbor2	chr9	112455911	112456065	DNA/hAT-Charlie	707	-	77	112455988	68336
chr9	134036118	134236118	harbor2	chr9	134071153	134071488	DNA/hAT-Charlie	2229	-	168	134071321	35203
chr9	4884826	5084826	harbor2	chr9	4925049	4925218	DNA/hAT-Charlie	715	-	84	4925133	40307
chr9	4884826	5084826	harbor2	chr9	4927857	4928102	DNA/hAT-Charlie	1204	-	122	4927979	43153
chr9	4884826	5084826	harbor2	chr9	4930956	4931012	DNA/hAT-Charlie	618	-	28	4930984	46158
chr9	4884826	5084826	harbor2	chr9	4931315	4931411	DNA/hAT-Charlie	618	-	48	4931363	46537
chr9	4884826	5084826	harbor2	chr9	4954142	4954453	DNA/hAT-Charlie	1321	-	156	4954298	69472
chr9	4884826	5084826	harbor2	chr9	4955805	4956092	DNA/hAT-Charlie	1056	-	144	4955949	71123
chr9	4884826	5084826	harbor2	chr9	4965239	4965403	DNA/hAT-Charlie	635	-	82	4965321	80495
chr9	4884826	5084826	harbor2	chr9	4968067	4968223	DNA/hAT-Charlie	832	-	78	4968145	83319
chr9	4884826	5084826	harbor2	chr9	4977317	4977504	DNA/hAT-Charlie	1153	-	94	4977411	92585
chr9	128001718	128201718	harbor2	chr9	128060963	128061194	DNA/hAT-Charlie	903	-	116	128061079	59361
chr9	128001718	128201718	harbor2	chr9	128083288	128083459	DNA/hAT-Charlie	665	-	86	128083374	81656
chr9	4751660	4951660	harbor2	chr9	4819157	4819322	DNA/hAT-Charlie	978	-	82	4819239	67579
chr9	4751660	4951660	harbor2	chr9	4844956	4845112	DNA/hAT-Charlie	475	-	78	4845034	93374
chr9	4886446	5086446	harbor2	chr9	4925049	4925218	DNA/hAT-Charlie	715	-	84	4925133	38687
chr9	4886446	5086446	harbor2	chr9	4927857	4928102	DNA/hAT-Charlie	1204	-	122	4927979	41533
chr9	4886446	5086446	harbor2	chr9	4930956	4931012	DNA/hAT-Charlie	618	-	28	4930984	44538
chr9	4886446	5086446	harbor2	chr9	4931315	4931411	DNA/hAT-Charlie	618	-	48	4931363	44917
chr9	4886446	5086446	harbor2	chr9	4954142	4954453	DNA/hAT-Charlie	1321	-	156	4954298	67852
chr9	4886446	5086446	harbor2	chr9	4955805	4956092	DNA/hAT-Charlie	1056	-	144	4955949	69503
chr9	4886446	5086446	harbor2	chr9	4965239	4965403	DNA/hAT-Charlie	635	-	82	4965321	78875
chr9	4886446	5086446	harbor2	chr9	4968067	4968223	DNA/hAT-Charlie	832	-	78	4968145	81699
chr9	4886446	5086446	harbor2	chr9	4977317	4977504	DNA/hAT-Charlie	1153	-	94	4977411	90965
chr9	4728727	4928727	harbor2	chr9	4819157	4819322	DNA/hAT-Charlie	978	-	82	4819239	90512
chr9	131575326	131775326	harbor2	chr9	131647828	131648017	DNA/hAT-Charlie	1125	-	94	131647922	72596
chr9	131575326	131775326	harbor2	chr9	131666685	131666847	DNA/hAT-Charlie	634	-	81	131666766	91440
chr9	112647605	112847605	harbor2	chr9	112671905	112672033	DNA/hAT-Charlie	474	-	64	112671969	24364
chr9	112647605	112847605	harbor2	chr9	112674466	112674669	DNA/hAT-Charlie	937	-	102	112674568	26963
chr9	112647605	112847605	harbor2	chr9	112699858	112700421	DNA/hAT-Charlie	2436	-	282	112700140	52535
chr9	112647605	112847605	harbor2	chr9	112731628	112731895	DNA/hAT-Charlie	737	-	134	112731762	84157
chr9	112647605	112847605	harbor2	chr9	112742970	112743116	DNA/hAT-Charlie	667	-	73	112743043	95438
chr9	4884787	5084787	harbor2	chr9	4925049	4925218	DNA/hAT-Charlie	715	-	84	4925133	40346
chr9	4884787	5084787	harbor2	chr9	4927857	4928102	DNA/hAT-Charlie	1204	-	122	4927979	43192
chr9	4884787	5084787	harbor2	chr9	4930956	4931012	DNA/hAT-Charlie	618	-	28	4930984	46197
chr9	4884787	5084787	harbor2	chr9	4931315	4931411	DNA/hAT-Charlie	618	-	48	4931363	46576
chr9	4884787	5084787	harbor2	chr9	4954142	4954453	DNA/hAT-Charlie	1321	-	156	4954298	69511
chr9	4884787	5084787	harbor2	chr9	4955805	4956092	DNA/hAT-Charlie	1056	-	144	4955949	71162
chr9	4884787	5084787	harbor2	chr9	4965239	4965403	DNA/hAT-Charlie	635	-	82	4965321	80534
chr9	4884787	5084787	harbor2	chr9	4968067	4968223	DNA/hAT-Charlie	832	-	78	4968145	83358
chr9	4884787	5084787	harbor2	chr9	4977317	4977504	DNA/hAT-Charlie	1153	-	94	4977411	92624
chr9	4885119	5085119	harbor2	chr9	4925049	4925218	DNA/hAT-Charlie	715	-	84	4925133	40014
chr9	4885119	5085119	harbor2	chr9	4927857	4928102	DNA/hAT-Charlie	1204	-	122	4927979	42860
chr9	4885119	5085119	harbor2	chr9	4930956	4931012	DNA/hAT-Charlie	618	-	28	4930984	45865
chr9	4885119	5085119	harbor2	chr9	4931315	4931411	DNA/hAT-Charlie	618	-	48	4931363	46244
chr9	4885119	5085119	harbor2	chr9	4954142	4954453	DNA/hAT-Charlie	1321	-	156	4954298	69179
chr9	4885119	5085119	harbor2	chr9	4955805	4956092	DNA/hAT-Charlie	1056	-	144	4955949	70830
chr9	4885119	5085119	harbor2	chr9	4965239	4965403	DNA/hAT-Charlie	635	-	82	4965321	80202
chr9	4885119	5085119	harbor2	chr9	4968067	4968223	DNA/hAT-Charlie	832	-	78	4968145	83026
chr9	4885119	5085119	harbor2	chr9	4977317	4977504	DNA/hAT-Charlie	1153	-	94	4977411	92292
chr9	35657155	35857155	harbor2	chr9	35692408	35692805	DNA/hAT-Charlie	1441	-	198	35692606	35451
chr9	35657155	35857155	harbor2	chr9	35693927	35694020	DNA/hAT-Charlie	2793	-	46	35693973	36818
chr9	35657155	35857155	harbor2	chr9	35694325	35694485	DNA/hAT-Charlie	2793	-	80	35694405	37250
chr9	35657155	35857155	harbor2	chr9	35694809	35695277	DNA/hAT-Charlie	2793	-	234	35695043	37888
chr9	35657155	35857155	harbor2	chr9	35695759	35695865	DNA/hAT-Charlie	589	-	53	35695812	38657
chr9	35657155	35857155	harbor2	chr9	35755463	35755813	DNA/hAT-Charlie	2312	-	175	35755638	98483
chr9	112422739	112622739	harbor2	chr9	112455911	112456065	DNA/hAT-Charlie	707	-	77	112455988	33249
chr9	112422739	112622739	harbor2	chr9	112493854	112494068	DNA/hAT-Charlie	1122	-	107	112493961	71222
chr9	6451603	6651603	harbor2	chr9	6454844	6455018	DNA/hAT-Charlie	925	-	87	6454931	3328
chr9	6451603	6651603	harbor2	chr9	6473645	6473817	DNA/hAT-Charlie	719	-	86	6473731	22128
chr9	6451603	6651603	harbor2	chr9	6526379	6526500	DNA/hAT-Charlie	1384	-	60	6526439	74836
chr9	6451603	6651603	harbor2	chr9	6526801	6526902	DNA/hAT-Charlie	1384	-	50	6526851	75248
chr9	79473605	79673605	harbor2	chr9	79492479	79492792	DNA/hAT-Charlie	1675	-	156	79492635	19030
chr9	79473605	79673605	harbor2	chr9	79527969	79528130	DNA/hAT-Charlie	682	-	80	79528049	54444
chr9	79473605	79673605	harbor2	chr9	79536505	79536749	DNA/hAT-Charlie	481	-	122	79536627	63022
chr9	79473605	79673605	harbor2	chr9	79536861	79537022	DNA/hAT-Charlie	892	-	80	79536941	63336
chr9	79473605	79673605	harbor2	chr9	79543914	79544092	DNA/hAT-Charlie	930	-	89	79544003	70398
chr9	4884754	5084754	harbor2	chr9	4925049	4925218	DNA/hAT-Charlie	715	-	84	4925133	40379
chr9	4884754	5084754	harbor2	chr9	4927857	4928102	DNA/hAT-Charlie	1204	-	122	4927979	43225
chr9	4884754	5084754	harbor2	chr9	4930956	4931012	DNA/hAT-Charlie	618	-	28	4930984	46230
chr9	4884754	5084754	harbor2	chr9	4931315	4931411	DNA/hAT-Charlie	618	-	48	4931363	46609
chr9	4884754	5084754	harbor2	chr9	4954142	4954453	DNA/hAT-Charlie	1321	-	156	4954298	69544
chr9	4884754	5084754	harbor2	chr9	4955805	4956092	DNA/hAT-Charlie	1056	-	144	4955949	71195
chr9	4884754	5084754	harbor2	chr9	4965239	4965403	DNA/hAT-Charlie	635	-	82	4965321	80567
chr9	4884754	5084754	harbor2	chr9	4968067	4968223	DNA/hAT-Charlie	832	-	78	4968145	83391
chr9	4884754	5084754	harbor2	chr9	4977317	4977504	DNA/hAT-Charlie	1153	-	94	4977411	92657
chr9	4884882	5084882	harbor2	chr9	4925049	4925218	DNA/hAT-Charlie	715	-	84	4925133	40251
chr9	4884882	5084882	harbor2	chr9	4927857	4928102	DNA/hAT-Charlie	1204	-	122	4927979	43097
chr9	4884882	5084882	harbor2	chr9	4930956	4931012	DNA/hAT-Charlie	618	-	28	4930984	46102
chr9	4884882	5084882	harbor2	chr9	4931315	4931411	DNA/hAT-Charlie	618	-	48	4931363	46481
chr9	4884882	5084882	harbor2	chr9	4954142	4954453	DNA/hAT-Charlie	1321	-	156	4954298	69416
chr9	4884882	5084882	harbor2	chr9	4955805	4956092	DNA/hAT-Charlie	1056	-	144	4955949	71067
chr9	4884882	5084882	harbor2	chr9	4965239	4965403	DNA/hAT-Charlie	635	-	82	4965321	80439
chr9	4884882	5084882	harbor2	chr9	4968067	4968223	DNA/hAT-Charlie	832	-	78	4968145	83263
chr9	4884882	5084882	harbor2	chr9	4977317	4977504	DNA/hAT-Charlie	1153	-	94	4977411	92529
chr9	4884779	5084779	harbor2	chr9	4925049	4925218	DNA/hAT-Charlie	715	-	84	4925133	40354
chr9	4884779	5084779	harbor2	chr9	4927857	4928102	DNA/hAT-Charlie	1204	-	122	4927979	43200
chr9	4884779	5084779	harbor2	chr9	4930956	4931012	DNA/hAT-Charlie	618	-	28	4930984	46205
chr9	4884779	5084779	harbor2	chr9	4931315	4931411	DNA/hAT-Charlie	618	-	48	4931363	46584
chr9	4884779	5084779	harbor2	chr9	4954142	4954453	DNA/hAT-Charlie	1321	-	156	4954298	69519
chr9	4884779	5084779	harbor2	chr9	4955805	4956092	DNA/hAT-Charlie	1056	-	144	4955949	71170
chr9	4884779	5084779	harbor2	chr9	4965239	4965403	DNA/hAT-Charlie	635	-	82	4965321	80542
chr9	4884779	5084779	harbor2	chr9	4968067	4968223	DNA/hAT-Charlie	832	-	78	4968145	83366
chr9	4884779	5084779	harbor2	chr9	4977317	4977504	DNA/hAT-Charlie	1153	-	94	4977411	92632
chr9	112387662	112587662	harbor2	chr9	112401475	112401628	DNA/hAT-Charlie	815	-	76	112401551	13889
chr9	112387662	112587662	harbor2	chr9	112455911	112456065	DNA/hAT-Charlie	707	-	77	112455988	68326
chr9	137215322	137415322	harbor2	chr9	137258772	137258921	DNA/hAT-Charlie	541	-	74	137258846	43524
chr9	137215322	137415322	harbor2	chr9	137259209	137259325	DNA/hAT-Charlie	541	-	58	137259267	43945
chr9	109158501	109358501	harbor2	chr9	109196877	109197140	DNA/hAT-Charlie	533	-	132	109197009	38508
chr9	109158501	109358501	harbor2	chr9	109197453	109197618	DNA/hAT-Charlie	533	-	82	109197535	39034
chr9	109158501	109358501	harbor2	chr9	109208549	109208834	DNA/hAT-Charlie	645	-	142	109208691	50190
chr9	109158501	109358501	harbor2	chr9	109215975	109216029	DNA/hAT-Charlie	555	-	27	109216002	57501
chr9	109158501	109358501	harbor2	chr9	109242215	109242331	DNA/hAT-Charlie	618	-	58	109242273	83772
chr9	109158501	109358501	harbor2	chr9	109215655	109215842	DNA/hAT-Charlie	555	-	94	109215749	57248
chr9	4734149	4934149	harbor2	chr9	4819157	4819322	DNA/hAT-Charlie	978	-	82	4819239	85090
chr9	4884735	5084735	harbor2	chr9	4925049	4925218	DNA/hAT-Charlie	715	-	84	4925133	40398
chr9	4884735	5084735	harbor2	chr9	4927857	4928102	DNA/hAT-Charlie	1204	-	122	4927979	43244
chr9	4884735	5084735	harbor2	chr9	4930956	4931012	DNA/hAT-Charlie	618	-	28	4930984	46249
chr9	4884735	5084735	harbor2	chr9	4931315	4931411	DNA/hAT-Charlie	618	-	48	4931363	46628
chr9	4884735	5084735	harbor2	chr9	4954142	4954453	DNA/hAT-Charlie	1321	-	156	4954298	69563
chr9	4884735	5084735	harbor2	chr9	4955805	4956092	DNA/hAT-Charlie	1056	-	144	4955949	71214
chr9	4884735	5084735	harbor2	chr9	4965239	4965403	DNA/hAT-Charlie	635	-	82	4965321	80586
chr9	4884735	5084735	harbor2	chr9	4968067	4968223	DNA/hAT-Charlie	832	-	78	4968145	83410
chr9	4884735	5084735	harbor2	chr9	4977317	4977504	DNA/hAT-Charlie	1153	-	94	4977411	92676
chr9	97416346	97616346	harbor2	chr9	97416283	97416576	DNA/hAT-Charlie	771	-	146	97416429	83
chr9	97416346	97616346	harbor2	chr9	97426938	97427099	DNA/hAT-Charlie	581	-	80	97427018	10672
chr9	97416346	97616346	harbor2	chr9	97435891	97436062	DNA/hAT-Charlie	506	-	86	97435977	19631
chr9	97416346	97616346	harbor2	chr9	97459118	97459399	DNA/hAT-Charlie	967	-	140	97459258	42912
chr9	97416346	97616346	harbor2	chr9	97506805	97506918	DNA/hAT-Charlie	611	-	56	97506861	90515
chr9	97416346	97616346	harbor2	chr9	97507509	97507663	DNA/hAT-Charlie	481	-	77	97507586	91240
chr9	20286384	20486384	harbor2	chr9	20306989	20307416	DNA/hAT-Charlie	1267	-	214	20307203	20819
chr9	20286384	20486384	harbor2	chr9	20368965	20369163	DNA/hAT-Charlie	527	-	99	20369064	82680
chr9	122142319	122342319	harbor2	chr9	122237720	122238024	DNA/hAT-Charlie	1160	-	152	122237872	95553
chr9	4885199	5085199	harbor2	chr9	4925049	4925218	DNA/hAT-Charlie	715	-	84	4925133	39934
chr9	4885199	5085199	harbor2	chr9	4927857	4928102	DNA/hAT-Charlie	1204	-	122	4927979	42780
chr9	4885199	5085199	harbor2	chr9	4930956	4931012	DNA/hAT-Charlie	618	-	28	4930984	45785
chr9	4885199	5085199	harbor2	chr9	4931315	4931411	DNA/hAT-Charlie	618	-	48	4931363	46164
chr9	4885199	5085199	harbor2	chr9	4954142	4954453	DNA/hAT-Charlie	1321	-	156	4954298	69099
chr9	4885199	5085199	harbor2	chr9	4955805	4956092	DNA/hAT-Charlie	1056	-	144	4955949	70750
chr9	4885199	5085199	harbor2	chr9	4965239	4965403	DNA/hAT-Charlie	635	-	82	4965321	80122
chr9	4885199	5085199	harbor2	chr9	4968067	4968223	DNA/hAT-Charlie	832	-	78	4968145	82946
chr9	4885199	5085199	harbor2	chr9	4977317	4977504	DNA/hAT-Charlie	1153	-	94	4977411	92212
chr9	130746613	130946613	harbor2	chr9	130798200	130798472	DNA/hAT-Charlie	975	-	136	130798336	51723
chr9	130746613	130946613	harbor2	chr9	130798448	130798686	DNA/hAT-Charlie	1659	-	119	130798567	51954
chr9	130746613	130946613	harbor2	chr9	130798988	130799478	DNA/hAT-Charlie	1659	-	245	130799233	52620
chr9	130746613	130946613	harbor2	chr9	130807217	130807255	DNA/hAT-Charlie	632	-	19	130807236	60623
chr9	130746613	130946613	harbor2	chr9	130807540	130807659	DNA/hAT-Charlie	632	-	60	130807600	60987
chr9	130746613	130946613	harbor2	chr9	130841026	130841149	DNA/hAT-Charlie	1373	-	62	130841088	94475
chr9	130746613	130946613	harbor2	chr9	130841407	130841510	DNA/hAT-Charlie	1373	-	52	130841459	94846
chr9	130746613	130946613	harbor2	chr9	130844830	130844989	DNA/hAT-Charlie	604	-	80	130844910	98297
chr9	91323874	91523874	harbor2	chr9	91325613	91325785	DNA/hAT-Charlie	588	-	86	91325699	1825
chr9	91323874	91523874	harbor2	chr9	91331967	91332220	DNA/hAT-Charlie	2112	-	126	91332093	8219
chr9	91323874	91523874	harbor2	chr9	91332516	91332542	DNA/hAT-Charlie	2112	-	13	91332529	8655
chr9	91323874	91523874	harbor2	chr9	91333220	91333822	DNA/hAT-Charlie	2202	-	301	91333521	9647
chr9	91323874	91523874	harbor2	chr9	91370473	91370821	DNA/hAT-Charlie	2151	-	174	91370647	46773
chr9	91323874	91523874	harbor2	chr9	91377569	91377684	DNA/hAT-Charlie	731	-	58	91377627	53753
chr9	91323874	91523874	harbor2	chr9	91377968	91378037	DNA/hAT-Charlie	731	-	34	91378002	54128
chr9	91323874	91523874	harbor2	chr9	91395727	91395880	DNA/hAT-Charlie	644	-	76	91395803	71929
chr9	137215188	137415188	harbor2	chr9	137258772	137258921	DNA/hAT-Charlie	541	-	74	137258846	43658
chr9	137215188	137415188	harbor2	chr9	137259209	137259325	DNA/hAT-Charlie	541	-	58	137259267	44079
chr9	4900510	5100510	harbor2	chr9	4925049	4925218	DNA/hAT-Charlie	715	-	84	4925133	24623
chr9	4900510	5100510	harbor2	chr9	4927857	4928102	DNA/hAT-Charlie	1204	-	122	4927979	27469
chr9	4900510	5100510	harbor2	chr9	4930956	4931012	DNA/hAT-Charlie	618	-	28	4930984	30474
chr9	4900510	5100510	harbor2	chr9	4931315	4931411	DNA/hAT-Charlie	618	-	48	4931363	30853
chr9	4900510	5100510	harbor2	chr9	4954142	4954453	DNA/hAT-Charlie	1321	-	156	4954298	53788
chr9	4900510	5100510	harbor2	chr9	4955805	4956092	DNA/hAT-Charlie	1056	-	144	4955949	55439
chr9	4900510	5100510	harbor2	chr9	4965239	4965403	DNA/hAT-Charlie	635	-	82	4965321	64811
chr9	4900510	5100510	harbor2	chr9	4968067	4968223	DNA/hAT-Charlie	832	-	78	4968145	67635
chr9	4900510	5100510	harbor2	chr9	4977317	4977504	DNA/hAT-Charlie	1153	-	94	4977411	76901
chr9	4900510	5100510	harbor2	chr9	4994324	4994507	DNA/hAT-Charlie	764	-	92	4994416	93906
chr9	4900510	5100510	harbor2	chr9	4994516	4994745	DNA/hAT-Charlie	909	-	114	4994630	94120
chr9	4886398	5086398	harbor2	chr9	4925049	4925218	DNA/hAT-Charlie	715	-	84	4925133	38735
chr9	4886398	5086398	harbor2	chr9	4927857	4928102	DNA/hAT-Charlie	1204	-	122	4927979	41581
chr9	4886398	5086398	harbor2	chr9	4930956	4931012	DNA/hAT-Charlie	618	-	28	4930984	44586
chr9	4886398	5086398	harbor2	chr9	4931315	4931411	DNA/hAT-Charlie	618	-	48	4931363	44965
chr9	4886398	5086398	harbor2	chr9	4954142	4954453	DNA/hAT-Charlie	1321	-	156	4954298	67900
chr9	4886398	5086398	harbor2	chr9	4955805	4956092	DNA/hAT-Charlie	1056	-	144	4955949	69551
chr9	4886398	5086398	harbor2	chr9	4965239	4965403	DNA/hAT-Charlie	635	-	82	4965321	78923
chr9	4886398	5086398	harbor2	chr9	4968067	4968223	DNA/hAT-Charlie	832	-	78	4968145	81747
chr9	4886398	5086398	harbor2	chr9	4977317	4977504	DNA/hAT-Charlie	1153	-	94	4977411	91013
chr9	131637199	131837199	harbor2	chr9	131647828	131648017	DNA/hAT-Charlie	1125	-	94	131647922	10723
chr9	131637199	131837199	harbor2	chr9	131666685	131666847	DNA/hAT-Charlie	634	-	81	131666766	29567
chr9	131637199	131837199	harbor2	chr9	131686125	131686330	DNA/hAT-Charlie	840	-	102	131686227	49028
chr9	131637199	131837199	harbor2	chr9	131719139	131719484	DNA/hAT-Charlie	1041	-	172	131719311	82112
chr9	131637199	131837199	harbor2	chr9	131734682	131734897	DNA/hAT-Charlie	576	-	108	131734790	97591
chr9	131637199	131837199	harbor2	chr9	131735674	131735983	DNA/hAT-Charlie	559	-	154	131735828	98629
chr9	124315514	124515514	harbor2	chr9	124357184	124357402	DNA/hAT-Charlie	924	-	109	124357293	41779
chr9	124315514	124515514	harbor2	chr9	124380917	124381160	DNA/hAT-Charlie	676	-	122	124381039	65525
chr9	91845860	92045860	harbor2	chr9	91866637	91866846	DNA/hAT-Charlie	709	-	104	91866741	20881
chr9	91845860	92045860	harbor2	chr9	91883439	91883648	DNA/hAT-Charlie	1160	-	104	91883543	37683
chr9	91845860	92045860	harbor2	chr9	91924441	91924511	DNA/hAT-Charlie	563	-	35	91924476	78616
chr9	91845860	92045860	harbor2	chr9	91924796	91924834	DNA/hAT-Charlie	563	-	19	91924815	78955
chr9	91845860	92045860	harbor2	chr9	91925153	91925223	DNA/hAT-Charlie	563	-	35	91925188	79328
chr9	134036111	134236111	harbor2	chr9	134071153	134071488	DNA/hAT-Charlie	2229	-	168	134071321	35210
chr9	5394375	5594375	harbor2	chr9	5453767	5453958	DNA/hAT-Charlie	869	-	96	5453863	59488
chr9	5394375	5594375	harbor2	chr9	5461034	5461370	DNA/hAT-Charlie	918	-	168	5461202	66827
chr9	5394375	5594375	harbor2	chr9	5485019	5485159	DNA/hAT-Charlie	622	-	70	5485089	90714
chr9	99191390	99391390	harbor2	chr9	99219121	99219357	DNA/hAT-Charlie	1108	-	118	99219239	27849
chr9	99191390	99391390	harbor2	chr9	99231129	99231280	DNA/hAT-Charlie	493	-	76	99231205	39815
chr9	99191390	99391390	harbor2	chr9	99260435	99260621	DNA/hAT-Charlie	703	-	93	99260528	69138
chr9	99191390	99391390	harbor2	chr9	99260868	99260936	DNA/hAT-Charlie	703	-	34	99260902	69512
chr9	6451602	6651602	harbor2	chr9	6454844	6455018	DNA/hAT-Charlie	925	-	87	6454931	3329
chr9	6451602	6651602	harbor2	chr9	6473645	6473817	DNA/hAT-Charlie	719	-	86	6473731	22129
chr9	6451602	6651602	harbor2	chr9	6526379	6526500	DNA/hAT-Charlie	1384	-	60	6526439	74837
chr9	6451602	6651602	harbor2	chr9	6526801	6526902	DNA/hAT-Charlie	1384	-	50	6526851	75249
chr9	130839891	131039891	harbor2	chr9	130841026	130841149	DNA/hAT-Charlie	1373	-	62	130841088	1197
chr9	130839891	131039891	harbor2	chr9	130841407	130841510	DNA/hAT-Charlie	1373	-	52	130841459	1568
chr9	130839891	131039891	harbor2	chr9	130844830	130844989	DNA/hAT-Charlie	604	-	80	130844910	5019
chr9	130839891	131039891	harbor2	chr9	130856934	130857171	DNA/hAT-Charlie	699	-	118	130857052	17161
chr9	4885182	5085182	harbor2	chr9	4925049	4925218	DNA/hAT-Charlie	715	-	84	4925133	39951
chr9	4885182	5085182	harbor2	chr9	4927857	4928102	DNA/hAT-Charlie	1204	-	122	4927979	42797
chr9	4885182	5085182	harbor2	chr9	4930956	4931012	DNA/hAT-Charlie	618	-	28	4930984	45802
chr9	4885182	5085182	harbor2	chr9	4931315	4931411	DNA/hAT-Charlie	618	-	48	4931363	46181
chr9	4885182	5085182	harbor2	chr9	4954142	4954453	DNA/hAT-Charlie	1321	-	156	4954298	69116
chr9	4885182	5085182	harbor2	chr9	4955805	4956092	DNA/hAT-Charlie	1056	-	144	4955949	70767
chr9	4885182	5085182	harbor2	chr9	4965239	4965403	DNA/hAT-Charlie	635	-	82	4965321	80139
chr9	4885182	5085182	harbor2	chr9	4968067	4968223	DNA/hAT-Charlie	832	-	78	4968145	82963
chr9	4885182	5085182	harbor2	chr9	4977317	4977504	DNA/hAT-Charlie	1153	-	94	4977411	92229
chr9	4889318	5089318	harbor2	chr9	4925049	4925218	DNA/hAT-Charlie	715	-	84	4925133	35815
chr9	4889318	5089318	harbor2	chr9	4927857	4928102	DNA/hAT-Charlie	1204	-	122	4927979	38661
chr9	4889318	5089318	harbor2	chr9	4930956	4931012	DNA/hAT-Charlie	618	-	28	4930984	41666
chr9	4889318	5089318	harbor2	chr9	4931315	4931411	DNA/hAT-Charlie	618	-	48	4931363	42045
chr9	4889318	5089318	harbor2	chr9	4954142	4954453	DNA/hAT-Charlie	1321	-	156	4954298	64980
chr9	4889318	5089318	harbor2	chr9	4955805	4956092	DNA/hAT-Charlie	1056	-	144	4955949	66631
chr9	4889318	5089318	harbor2	chr9	4965239	4965403	DNA/hAT-Charlie	635	-	82	4965321	76003
chr9	4889318	5089318	harbor2	chr9	4968067	4968223	DNA/hAT-Charlie	832	-	78	4968145	78827
chr9	4889318	5089318	harbor2	chr9	4977317	4977504	DNA/hAT-Charlie	1153	-	94	4977411	88093
chr9	4884847	5084847	harbor2	chr9	4925049	4925218	DNA/hAT-Charlie	715	-	84	4925133	40286
chr9	4884847	5084847	harbor2	chr9	4927857	4928102	DNA/hAT-Charlie	1204	-	122	4927979	43132
chr9	4884847	5084847	harbor2	chr9	4930956	4931012	DNA/hAT-Charlie	618	-	28	4930984	46137
chr9	4884847	5084847	harbor2	chr9	4931315	4931411	DNA/hAT-Charlie	618	-	48	4931363	46516
chr9	4884847	5084847	harbor2	chr9	4954142	4954453	DNA/hAT-Charlie	1321	-	156	4954298	69451
chr9	4884847	5084847	harbor2	chr9	4955805	4956092	DNA/hAT-Charlie	1056	-	144	4955949	71102
chr9	4884847	5084847	harbor2	chr9	4965239	4965403	DNA/hAT-Charlie	635	-	82	4965321	80474
chr9	4884847	5084847	harbor2	chr9	4968067	4968223	DNA/hAT-Charlie	832	-	78	4968145	83298
chr9	4884847	5084847	harbor2	chr9	4977317	4977504	DNA/hAT-Charlie	1153	-	94	4977411	92564
chr9	19342296	19542296	harbor2	chr9	19404517	19404666	DNA/hAT-Charlie	698	-	74	19404591	62295
chr9	19342296	19542296	harbor2	chr9	19406709	19406838	DNA/hAT-Charlie	622	-	64	19406773	64477
chr9	19342296	19542296	harbor2	chr9	19406844	19406952	DNA/hAT-Charlie	673	-	54	19406898	64602
chr9	4885867	5085867	harbor2	chr9	4925049	4925218	DNA/hAT-Charlie	715	-	84	4925133	39266
chr9	4885867	5085867	harbor2	chr9	4927857	4928102	DNA/hAT-Charlie	1204	-	122	4927979	42112
chr9	4885867	5085867	harbor2	chr9	4930956	4931012	DNA/hAT-Charlie	618	-	28	4930984	45117
chr9	4885867	5085867	harbor2	chr9	4931315	4931411	DNA/hAT-Charlie	618	-	48	4931363	45496
chr9	4885867	5085867	harbor2	chr9	4954142	4954453	DNA/hAT-Charlie	1321	-	156	4954298	68431
chr9	4885867	5085867	harbor2	chr9	4955805	4956092	DNA/hAT-Charlie	1056	-	144	4955949	70082
chr9	4885867	5085867	harbor2	chr9	4965239	4965403	DNA/hAT-Charlie	635	-	82	4965321	79454
chr9	4885867	5085867	harbor2	chr9	4968067	4968223	DNA/hAT-Charlie	832	-	78	4968145	82278
chr9	4885867	5085867	harbor2	chr9	4977317	4977504	DNA/hAT-Charlie	1153	-	94	4977411	91544
chr9	4886482	5086482	harbor2	chr9	4925049	4925218	DNA/hAT-Charlie	715	-	84	4925133	38651
chr9	4886482	5086482	harbor2	chr9	4927857	4928102	DNA/hAT-Charlie	1204	-	122	4927979	41497
chr9	4886482	5086482	harbor2	chr9	4930956	4931012	DNA/hAT-Charlie	618	-	28	4930984	44502
chr9	4886482	5086482	harbor2	chr9	4931315	4931411	DNA/hAT-Charlie	618	-	48	4931363	44881
chr9	4886482	5086482	harbor2	chr9	4954142	4954453	DNA/hAT-Charlie	1321	-	156	4954298	67816
chr9	4886482	5086482	harbor2	chr9	4955805	4956092	DNA/hAT-Charlie	1056	-	144	4955949	69467
chr9	4886482	5086482	harbor2	chr9	4965239	4965403	DNA/hAT-Charlie	635	-	82	4965321	78839
chr9	4886482	5086482	harbor2	chr9	4968067	4968223	DNA/hAT-Charlie	832	-	78	4968145	81663
chr9	4886482	5086482	harbor2	chr9	4977317	4977504	DNA/hAT-Charlie	1153	-	94	4977411	90929
chr9	4884812	5084812	harbor2	chr9	4925049	4925218	DNA/hAT-Charlie	715	-	84	4925133	40321
chr9	4884812	5084812	harbor2	chr9	4927857	4928102	DNA/hAT-Charlie	1204	-	122	4927979	43167
chr9	4884812	5084812	harbor2	chr9	4930956	4931012	DNA/hAT-Charlie	618	-	28	4930984	46172
chr9	4884812	5084812	harbor2	chr9	4931315	4931411	DNA/hAT-Charlie	618	-	48	4931363	46551
chr9	4884812	5084812	harbor2	chr9	4954142	4954453	DNA/hAT-Charlie	1321	-	156	4954298	69486
chr9	4884812	5084812	harbor2	chr9	4955805	4956092	DNA/hAT-Charlie	1056	-	144	4955949	71137
chr9	4884812	5084812	harbor2	chr9	4965239	4965403	DNA/hAT-Charlie	635	-	82	4965321	80509
chr9	4884812	5084812	harbor2	chr9	4968067	4968223	DNA/hAT-Charlie	832	-	78	4968145	83333
chr9	4884812	5084812	harbor2	chr9	4977317	4977504	DNA/hAT-Charlie	1153	-	94	4977411	92599
chr9	68607235	68807235	harbor2	chr9	68628654	68628781	DNA/hAT-Charlie	489	-	64	68628718	21483
chr9	68607235	68807235	harbor2	chr9	68633723	68633772	DNA/hAT-Charlie	689	-	24	68633747	26512
chr9	68607235	68807235	harbor2	chr9	68634036	68634228	DNA/hAT-Charlie	689	-	96	68634132	26897
chr9	68607235	68807235	harbor2	chr9	68648743	68648935	DNA/hAT-Charlie	1184	-	96	68648839	41604
chr9	68607235	68807235	harbor2	chr9	68652350	68652604	DNA/hAT-Charlie	485	-	127	68652477	45242
chr9	68607235	68807235	harbor2	chr9	68674972	68675194	DNA/hAT-Charlie	561	-	111	68675083	67848
chr9	68607235	68807235	harbor2	chr9	68685446	68685594	DNA/hAT-Charlie	953	-	74	68685520	78285
chr9	68607235	68807235	harbor2	chr9	68692579	68692768	DNA/hAT-Charlie	796	-	94	68692673	85438
chr9	4884845	5084845	harbor2	chr9	4925049	4925218	DNA/hAT-Charlie	715	-	84	4925133	40288
chr9	4884845	5084845	harbor2	chr9	4927857	4928102	DNA/hAT-Charlie	1204	-	122	4927979	43134
chr9	4884845	5084845	harbor2	chr9	4930956	4931012	DNA/hAT-Charlie	618	-	28	4930984	46139
chr9	4884845	5084845	harbor2	chr9	4931315	4931411	DNA/hAT-Charlie	618	-	48	4931363	46518
chr9	4884845	5084845	harbor2	chr9	4954142	4954453	DNA/hAT-Charlie	1321	-	156	4954298	69453
chr9	4884845	5084845	harbor2	chr9	4955805	4956092	DNA/hAT-Charlie	1056	-	144	4955949	71104
chr9	4884845	5084845	harbor2	chr9	4965239	4965403	DNA/hAT-Charlie	635	-	82	4965321	80476
chr9	4884845	5084845	harbor2	chr9	4968067	4968223	DNA/hAT-Charlie	832	-	78	4968145	83300
chr9	4884845	5084845	harbor2	chr9	4977317	4977504	DNA/hAT-Charlie	1153	-	94	4977411	92566
chr9	4885145	5085145	harbor2	chr9	4925049	4925218	DNA/hAT-Charlie	715	-	84	4925133	39988
chr9	4885145	5085145	harbor2	chr9	4927857	4928102	DNA/hAT-Charlie	1204	-	122	4927979	42834
chr9	4885145	5085145	harbor2	chr9	4930956	4931012	DNA/hAT-Charlie	618	-	28	4930984	45839
chr9	4885145	5085145	harbor2	chr9	4931315	4931411	DNA/hAT-Charlie	618	-	48	4931363	46218
chr9	4885145	5085145	harbor2	chr9	4954142	4954453	DNA/hAT-Charlie	1321	-	156	4954298	69153
chr9	4885145	5085145	harbor2	chr9	4955805	4956092	DNA/hAT-Charlie	1056	-	144	4955949	70804
chr9	4885145	5085145	harbor2	chr9	4965239	4965403	DNA/hAT-Charlie	635	-	82	4965321	80176
chr9	4885145	5085145	harbor2	chr9	4968067	4968223	DNA/hAT-Charlie	832	-	78	4968145	83000
chr9	4885145	5085145	harbor2	chr9	4977317	4977504	DNA/hAT-Charlie	1153	-	94	4977411	92266
chr9	4886035	5086035	harbor2	chr9	4925049	4925218	DNA/hAT-Charlie	715	-	84	4925133	39098
chr9	4886035	5086035	harbor2	chr9	4927857	4928102	DNA/hAT-Charlie	1204	-	122	4927979	41944
chr9	4886035	5086035	harbor2	chr9	4930956	4931012	DNA/hAT-Charlie	618	-	28	4930984	44949
chr9	4886035	5086035	harbor2	chr9	4931315	4931411	DNA/hAT-Charlie	618	-	48	4931363	45328
chr9	4886035	5086035	harbor2	chr9	4954142	4954453	DNA/hAT-Charlie	1321	-	156	4954298	68263
chr9	4886035	5086035	harbor2	chr9	4955805	4956092	DNA/hAT-Charlie	1056	-	144	4955949	69914
chr9	4886035	5086035	harbor2	chr9	4965239	4965403	DNA/hAT-Charlie	635	-	82	4965321	79286
chr9	4886035	5086035	harbor2	chr9	4968067	4968223	DNA/hAT-Charlie	832	-	78	4968145	82110
chr9	4886035	5086035	harbor2	chr9	4977317	4977504	DNA/hAT-Charlie	1153	-	94	4977411	91376
chr9	108349469	108549469	harbor2	chr9	108392849	108393040	DNA/hAT-Charlie	670	-	96	108392945	43476
chr9	4887289	5087289	harbor2	chr9	4925049	4925218	DNA/hAT-Charlie	715	-	84	4925133	37844
chr9	4887289	5087289	harbor2	chr9	4927857	4928102	DNA/hAT-Charlie	1204	-	122	4927979	40690
chr9	4887289	5087289	harbor2	chr9	4930956	4931012	DNA/hAT-Charlie	618	-	28	4930984	43695
chr9	4887289	5087289	harbor2	chr9	4931315	4931411	DNA/hAT-Charlie	618	-	48	4931363	44074
chr9	4887289	5087289	harbor2	chr9	4954142	4954453	DNA/hAT-Charlie	1321	-	156	4954298	67009
chr9	4887289	5087289	harbor2	chr9	4955805	4956092	DNA/hAT-Charlie	1056	-	144	4955949	68660
chr9	4887289	5087289	harbor2	chr9	4965239	4965403	DNA/hAT-Charlie	635	-	82	4965321	78032
chr9	4887289	5087289	harbor2	chr9	4968067	4968223	DNA/hAT-Charlie	832	-	78	4968145	80856
chr9	4887289	5087289	harbor2	chr9	4977317	4977504	DNA/hAT-Charlie	1153	-	94	4977411	90122
chr9	4886440	5086440	harbor2	chr9	4925049	4925218	DNA/hAT-Charlie	715	-	84	4925133	38693
chr9	4886440	5086440	harbor2	chr9	4927857	4928102	DNA/hAT-Charlie	1204	-	122	4927979	41539
chr9	4886440	5086440	harbor2	chr9	4930956	4931012	DNA/hAT-Charlie	618	-	28	4930984	44544
chr9	4886440	5086440	harbor2	chr9	4931315	4931411	DNA/hAT-Charlie	618	-	48	4931363	44923
chr9	4886440	5086440	harbor2	chr9	4954142	4954453	DNA/hAT-Charlie	1321	-	156	4954298	67858
chr9	4886440	5086440	harbor2	chr9	4955805	4956092	DNA/hAT-Charlie	1056	-	144	4955949	69509
chr9	4886440	5086440	harbor2	chr9	4965239	4965403	DNA/hAT-Charlie	635	-	82	4965321	78881
chr9	4886440	5086440	harbor2	chr9	4968067	4968223	DNA/hAT-Charlie	832	-	78	4968145	81705
chr9	4886440	5086440	harbor2	chr9	4977317	4977504	DNA/hAT-Charlie	1153	-	94	4977411	90971
chr9	134036117	134236117	harbor2	chr9	134071153	134071488	DNA/hAT-Charlie	2229	-	168	134071321	35204
chr9	131576456	131776456	harbor2	chr9	131647828	131648017	DNA/hAT-Charlie	1125	-	94	131647922	71466
chr9	131576456	131776456	harbor2	chr9	131666685	131666847	DNA/hAT-Charlie	634	-	81	131666766	90310
chr9	4886206	5086206	harbor2	chr9	4925049	4925218	DNA/hAT-Charlie	715	-	84	4925133	38927
chr9	4886206	5086206	harbor2	chr9	4927857	4928102	DNA/hAT-Charlie	1204	-	122	4927979	41773
chr9	4886206	5086206	harbor2	chr9	4930956	4931012	DNA/hAT-Charlie	618	-	28	4930984	44778
chr9	4886206	5086206	harbor2	chr9	4931315	4931411	DNA/hAT-Charlie	618	-	48	4931363	45157
chr9	4886206	5086206	harbor2	chr9	4954142	4954453	DNA/hAT-Charlie	1321	-	156	4954298	68092
chr9	4886206	5086206	harbor2	chr9	4955805	4956092	DNA/hAT-Charlie	1056	-	144	4955949	69743
chr9	4886206	5086206	harbor2	chr9	4965239	4965403	DNA/hAT-Charlie	635	-	82	4965321	79115
chr9	4886206	5086206	harbor2	chr9	4968067	4968223	DNA/hAT-Charlie	832	-	78	4968145	81939
chr9	4886206	5086206	harbor2	chr9	4977317	4977504	DNA/hAT-Charlie	1153	-	94	4977411	91205
chr9	4885197	5085197	harbor2	chr9	4925049	4925218	DNA/hAT-Charlie	715	-	84	4925133	39936
chr9	4885197	5085197	harbor2	chr9	4927857	4928102	DNA/hAT-Charlie	1204	-	122	4927979	42782
chr9	4885197	5085197	harbor2	chr9	4930956	4931012	DNA/hAT-Charlie	618	-	28	4930984	45787
chr9	4885197	5085197	harbor2	chr9	4931315	4931411	DNA/hAT-Charlie	618	-	48	4931363	46166
chr9	4885197	5085197	harbor2	chr9	4954142	4954453	DNA/hAT-Charlie	1321	-	156	4954298	69101
chr9	4885197	5085197	harbor2	chr9	4955805	4956092	DNA/hAT-Charlie	1056	-	144	4955949	70752
chr9	4885197	5085197	harbor2	chr9	4965239	4965403	DNA/hAT-Charlie	635	-	82	4965321	80124
chr9	4885197	5085197	harbor2	chr9	4968067	4968223	DNA/hAT-Charlie	832	-	78	4968145	82948
chr9	4885197	5085197	harbor2	chr9	4977317	4977504	DNA/hAT-Charlie	1153	-	94	4977411	92214
chr9	87628195	87828195	harbor2	chr9	87657053	87657608	DNA/hAT-Charlie	2130	-	278	87657331	29136
chr9	87628195	87828195	harbor2	chr9	87678161	87678784	DNA/hAT-Charlie	1101	-	312	87678473	50278
chr9	87628195	87828195	harbor2	chr9	87685717	87686088	DNA/hAT-Charlie	613	-	186	87685903	57708
chr9	97885753	98085753	harbor2	chr9	97897341	97897539	DNA/hAT-Charlie	846	-	99	97897440	11687
chr9	97885753	98085753	harbor2	chr9	97915301	97915494	DNA/hAT-Charlie	891	-	96	97915397	29644
chr9	137215164	137415164	harbor2	chr9	137258772	137258921	DNA/hAT-Charlie	541	-	74	137258846	43682
chr9	137215164	137415164	harbor2	chr9	137259209	137259325	DNA/hAT-Charlie	541	-	58	137259267	44103
chr9	68619252	68819252	harbor2	chr9	68628654	68628781	DNA/hAT-Charlie	489	-	64	68628718	9466
chr9	68619252	68819252	harbor2	chr9	68633723	68633772	DNA/hAT-Charlie	689	-	24	68633747	14495
chr9	68619252	68819252	harbor2	chr9	68634036	68634228	DNA/hAT-Charlie	689	-	96	68634132	14880
chr9	68619252	68819252	harbor2	chr9	68648743	68648935	DNA/hAT-Charlie	1184	-	96	68648839	29587
chr9	68619252	68819252	harbor2	chr9	68652350	68652604	DNA/hAT-Charlie	485	-	127	68652477	33225
chr9	68619252	68819252	harbor2	chr9	68674972	68675194	DNA/hAT-Charlie	561	-	111	68675083	55831
chr9	68619252	68819252	harbor2	chr9	68685446	68685594	DNA/hAT-Charlie	953	-	74	68685520	66268
chr9	68619252	68819252	harbor2	chr9	68692579	68692768	DNA/hAT-Charlie	796	-	94	68692673	73421
chr9	68619252	68819252	harbor2	chr9	68717775	68717995	DNA/hAT-Charlie	671	-	110	68717885	98633
chr9	4884895	5084895	harbor2	chr9	4925049	4925218	DNA/hAT-Charlie	715	-	84	4925133	40238
chr9	4884895	5084895	harbor2	chr9	4927857	4928102	DNA/hAT-Charlie	1204	-	122	4927979	43084
chr9	4884895	5084895	harbor2	chr9	4930956	4931012	DNA/hAT-Charlie	618	-	28	4930984	46089
chr9	4884895	5084895	harbor2	chr9	4931315	4931411	DNA/hAT-Charlie	618	-	48	4931363	46468
chr9	4884895	5084895	harbor2	chr9	4954142	4954453	DNA/hAT-Charlie	1321	-	156	4954298	69403
chr9	4884895	5084895	harbor2	chr9	4955805	4956092	DNA/hAT-Charlie	1056	-	144	4955949	71054
chr9	4884895	5084895	harbor2	chr9	4965239	4965403	DNA/hAT-Charlie	635	-	82	4965321	80426
chr9	4884895	5084895	harbor2	chr9	4968067	4968223	DNA/hAT-Charlie	832	-	78	4968145	83250
chr9	4884895	5084895	harbor2	chr9	4977317	4977504	DNA/hAT-Charlie	1153	-	94	4977411	92516
chr9	85705754	85905754	harbor2	chr9	85711741	85711981	DNA/hAT-Charlie	1486	-	120	85711861	6107
chr9	85705754	85905754	harbor2	chr9	85712282	85712320	DNA/hAT-Charlie	1486	-	19	85712301	6547
chr9	85705754	85905754	harbor2	chr9	85751266	85751518	DNA/hAT-Charlie	878	-	126	85751392	45638
chr9	85705754	85905754	harbor2	chr9	85765195	85765380	DNA/hAT-Charlie	558	-	92	85765287	59533
chr9	85705754	85905754	harbor2	chr9	85797626	85797823	DNA/hAT-Charlie	1312	-	98	85797724	91970
chr9	85705754	85905754	harbor2	chr9	85803444	85803606	DNA/hAT-Charlie	683	-	81	85803525	97771
chr9	130120234	130320234	harbor2	chr9	130121233	130121441	DNA/hAT-Charlie	1338	-	104	130121337	1103
chr9	130120234	130320234	harbor2	chr9	130163880	130164168	DNA/hAT-Charlie	1089	-	144	130164024	43790
chr9	4884866	5084866	harbor2	chr9	4925049	4925218	DNA/hAT-Charlie	715	-	84	4925133	40267
chr9	4884866	5084866	harbor2	chr9	4927857	4928102	DNA/hAT-Charlie	1204	-	122	4927979	43113
chr9	4884866	5084866	harbor2	chr9	4930956	4931012	DNA/hAT-Charlie	618	-	28	4930984	46118
chr9	4884866	5084866	harbor2	chr9	4931315	4931411	DNA/hAT-Charlie	618	-	48	4931363	46497
chr9	4884866	5084866	harbor2	chr9	4954142	4954453	DNA/hAT-Charlie	1321	-	156	4954298	69432
chr9	4884866	5084866	harbor2	chr9	4955805	4956092	DNA/hAT-Charlie	1056	-	144	4955949	71083
chr9	4884866	5084866	harbor2	chr9	4965239	4965403	DNA/hAT-Charlie	635	-	82	4965321	80455
chr9	4884866	5084866	harbor2	chr9	4968067	4968223	DNA/hAT-Charlie	832	-	78	4968145	83279
chr9	4884866	5084866	harbor2	chr9	4977317	4977504	DNA/hAT-Charlie	1153	-	94	4977411	92545
chr9	112726256	112926256	harbor2	chr9	112731628	112731895	DNA/hAT-Charlie	737	-	134	112731762	5506
chr9	112726256	112926256	harbor2	chr9	112742970	112743116	DNA/hAT-Charlie	667	-	73	112743043	16787
chr9	112726256	112926256	harbor2	chr9	112806045	112806268	DNA/hAT-Charlie	1094	-	112	112806157	79901
chr9	27249897	27449897	harbor2	chr9	27326776	27326931	DNA/hAT-Charlie	676	-	78	27326854	76957
chr9	35657152	35857152	harbor2	chr9	35692408	35692805	DNA/hAT-Charlie	1441	-	198	35692606	35454
chr9	35657152	35857152	harbor2	chr9	35693927	35694020	DNA/hAT-Charlie	2793	-	46	35693973	36821
chr9	35657152	35857152	harbor2	chr9	35694325	35694485	DNA/hAT-Charlie	2793	-	80	35694405	37253
chr9	35657152	35857152	harbor2	chr9	35694809	35695277	DNA/hAT-Charlie	2793	-	234	35695043	37891
chr9	35657152	35857152	harbor2	chr9	35695759	35695865	DNA/hAT-Charlie	589	-	53	35695812	38660
chr9	35657152	35857152	harbor2	chr9	35755463	35755813	DNA/hAT-Charlie	2312	-	175	35755638	98486
chr9	4734367	4934367	harbor2	chr9	4819157	4819322	DNA/hAT-Charlie	978	-	82	4819239	84872
chr9	4884763	5084763	harbor2	chr9	4925049	4925218	DNA/hAT-Charlie	715	-	84	4925133	40370
chr9	4884763	5084763	harbor2	chr9	4927857	4928102	DNA/hAT-Charlie	1204	-	122	4927979	43216
chr9	4884763	5084763	harbor2	chr9	4930956	4931012	DNA/hAT-Charlie	618	-	28	4930984	46221
chr9	4884763	5084763	harbor2	chr9	4931315	4931411	DNA/hAT-Charlie	618	-	48	4931363	46600
chr9	4884763	5084763	harbor2	chr9	4954142	4954453	DNA/hAT-Charlie	1321	-	156	4954298	69535
chr9	4884763	5084763	harbor2	chr9	4955805	4956092	DNA/hAT-Charlie	1056	-	144	4955949	71186
chr9	4884763	5084763	harbor2	chr9	4965239	4965403	DNA/hAT-Charlie	635	-	82	4965321	80558
chr9	4884763	5084763	harbor2	chr9	4968067	4968223	DNA/hAT-Charlie	832	-	78	4968145	83382
chr9	4884763	5084763	harbor2	chr9	4977317	4977504	DNA/hAT-Charlie	1153	-	94	4977411	92648
chr9	128981398	129181398	harbor2	chr9	129058827	129059019	DNA/hAT-Charlie	504	-	96	129058923	77525
chr9	134617293	134817293	harbor2	chr9	134652794	134652969	DNA/hAT-Charlie	617	-	88	134652882	35589
chr9	5027062	5227062	harbor2	chr9	5117896	5118095	DNA/hAT-Charlie	3168	-	100	5117996	90934
chr9	5027062	5227062	harbor2	chr9	5118176	5119981	DNA/hAT-Charlie	3168	-	902	5119078	92016
chr9	87687012	87887012	harbor2	chr9	87777901	87778231	DNA/hAT-Charlie	2315	-	165	87778066	91054
chr9	105154708	105354708	harbor2	chr9	105159469	105159513	DNA/hAT-Charlie	850	-	22	105159491	4783
chr9	105154708	105354708	harbor2	chr9	105159801	105159978	DNA/hAT-Charlie	850	-	88	105159889	5181
chr9	105154708	105354708	harbor2	chr9	105250745	105250864	DNA/hAT-Charlie	517	-	60	105250805	96097
chr9	112749826	112949826	harbor2	chr9	112806045	112806268	DNA/hAT-Charlie	1094	-	112	112806157	56331
chr9	112749826	112949826	harbor2	chr9	112849293	112849495	DNA/hAT-Charlie	970	-	101	112849394	99568
chr9	4884860	5084860	harbor2	chr9	4925049	4925218	DNA/hAT-Charlie	715	-	84	4925133	40273
chr9	4884860	5084860	harbor2	chr9	4927857	4928102	DNA/hAT-Charlie	1204	-	122	4927979	43119
chr9	4884860	5084860	harbor2	chr9	4930956	4931012	DNA/hAT-Charlie	618	-	28	4930984	46124
chr9	4884860	5084860	harbor2	chr9	4931315	4931411	DNA/hAT-Charlie	618	-	48	4931363	46503
chr9	4884860	5084860	harbor2	chr9	4954142	4954453	DNA/hAT-Charlie	1321	-	156	4954298	69438
chr9	4884860	5084860	harbor2	chr9	4955805	4956092	DNA/hAT-Charlie	1056	-	144	4955949	71089
chr9	4884860	5084860	harbor2	chr9	4965239	4965403	DNA/hAT-Charlie	635	-	82	4965321	80461
chr9	4884860	5084860	harbor2	chr9	4968067	4968223	DNA/hAT-Charlie	832	-	78	4968145	83285
chr9	4884860	5084860	harbor2	chr9	4977317	4977504	DNA/hAT-Charlie	1153	-	94	4977411	92551
chr9	4885129	5085129	harbor2	chr9	4925049	4925218	DNA/hAT-Charlie	715	-	84	4925133	40004
chr9	4885129	5085129	harbor2	chr9	4927857	4928102	DNA/hAT-Charlie	1204	-	122	4927979	42850
chr9	4885129	5085129	harbor2	chr9	4930956	4931012	DNA/hAT-Charlie	618	-	28	4930984	45855
chr9	4885129	5085129	harbor2	chr9	4931315	4931411	DNA/hAT-Charlie	618	-	48	4931363	46234
chr9	4885129	5085129	harbor2	chr9	4954142	4954453	DNA/hAT-Charlie	1321	-	156	4954298	69169
chr9	4885129	5085129	harbor2	chr9	4955805	4956092	DNA/hAT-Charlie	1056	-	144	4955949	70820
chr9	4885129	5085129	harbor2	chr9	4965239	4965403	DNA/hAT-Charlie	635	-	82	4965321	80192
chr9	4885129	5085129	harbor2	chr9	4968067	4968223	DNA/hAT-Charlie	832	-	78	4968145	83016
chr9	4885129	5085129	harbor2	chr9	4977317	4977504	DNA/hAT-Charlie	1153	-	94	4977411	92282
chr9	137179462	137379462	harbor2	chr9	137202744	137202785	DNA/hAT-Charlie	525	-	20	137202764	23302
chr9	137179462	137379462	harbor2	chr9	137203087	137203108	DNA/hAT-Charlie	525	-	10	137203097	23635
chr9	137179462	137379462	harbor2	chr9	137203300	137203344	DNA/hAT-Charlie	525	-	22	137203322	23860
chr9	137179462	137379462	harbor2	chr9	137203654	137203730	DNA/hAT-Charlie	525	-	38	137203692	24230
chr9	137179462	137379462	harbor2	chr9	137258772	137258921	DNA/hAT-Charlie	541	-	74	137258846	79384
chr9	137179462	137379462	harbor2	chr9	137259209	137259325	DNA/hAT-Charlie	541	-	58	137259267	79805
chr9	133822376	134022376	harbor2	chr9	133885045	133885458	DNA/hAT-Charlie	691	-	206	133885251	62875
chr9	4743685	4943685	harbor2	chr9	4819157	4819322	DNA/hAT-Charlie	978	-	82	4819239	75554
chr9	35629934	35829934	harbor2	chr9	35636079	35636290	DNA/hAT-Charlie	1060	-	106	35636185	6251
chr9	35629934	35829934	harbor2	chr9	35654667	35654792	DNA/hAT-Charlie	1690	-	62	35654729	24795
chr9	35629934	35829934	harbor2	chr9	35655104	35655361	DNA/hAT-Charlie	1690	-	128	35655232	25298
chr9	35629934	35829934	harbor2	chr9	35692408	35692805	DNA/hAT-Charlie	1441	-	198	35692606	62672
chr9	35629934	35829934	harbor2	chr9	35693927	35694020	DNA/hAT-Charlie	2793	-	46	35693973	64039
chr9	35629934	35829934	harbor2	chr9	35694325	35694485	DNA/hAT-Charlie	2793	-	80	35694405	64471
chr9	35629934	35829934	harbor2	chr9	35694809	35695277	DNA/hAT-Charlie	2793	-	234	35695043	65109
chr9	35629934	35829934	harbor2	chr9	35695759	35695865	DNA/hAT-Charlie	589	-	53	35695812	65878
chr9	4885175	5085175	harbor2	chr9	4925049	4925218	DNA/hAT-Charlie	715	-	84	4925133	39958
chr9	4885175	5085175	harbor2	chr9	4927857	4928102	DNA/hAT-Charlie	1204	-	122	4927979	42804
chr9	4885175	5085175	harbor2	chr9	4930956	4931012	DNA/hAT-Charlie	618	-	28	4930984	45809
chr9	4885175	5085175	harbor2	chr9	4931315	4931411	DNA/hAT-Charlie	618	-	48	4931363	46188
chr9	4885175	5085175	harbor2	chr9	4954142	4954453	DNA/hAT-Charlie	1321	-	156	4954298	69123
chr9	4885175	5085175	harbor2	chr9	4955805	4956092	DNA/hAT-Charlie	1056	-	144	4955949	70774
chr9	4885175	5085175	harbor2	chr9	4965239	4965403	DNA/hAT-Charlie	635	-	82	4965321	80146
chr9	4885175	5085175	harbor2	chr9	4968067	4968223	DNA/hAT-Charlie	832	-	78	4968145	82970
chr9	4885175	5085175	harbor2	chr9	4977317	4977504	DNA/hAT-Charlie	1153	-	94	4977411	92236
chr9	133678753	133878753	harbor2	chr9	133687582	133687738	DNA/hAT-Charlie	511	-	78	133687660	8907
chr9	38155453	38355453	harbor2	chr9	38163317	38163531	DNA/hAT-Charlie	761	-	107	38163424	7971
chr9	38155453	38355453	harbor2	chr9	38165180	38165277	DNA/hAT-Charlie	670	-	48	38165228	9775
chr9	38155453	38355453	harbor2	chr9	38165585	38165659	DNA/hAT-Charlie	670	-	37	38165622	10169
chr9	38155453	38355453	harbor2	chr9	38167615	38167994	DNA/hAT-Charlie	700	-	190	38167805	12352
chr9	38155453	38355453	harbor2	chr9	38172287	38172446	DNA/hAT-Charlie	585	-	80	38172367	16914
chr9	137215323	137415323	harbor2	chr9	137258772	137258921	DNA/hAT-Charlie	541	-	74	137258846	43523
chr9	137215323	137415323	harbor2	chr9	137259209	137259325	DNA/hAT-Charlie	541	-	58	137259267	43944
chr9	135764685	135964685	harbor2	chr9	135823432	135823898	DNA/hAT-Charlie	1491	-	233	135823665	58980
chr9	4886443	5086443	harbor2	chr9	4925049	4925218	DNA/hAT-Charlie	715	-	84	4925133	38690
chr9	4886443	5086443	harbor2	chr9	4927857	4928102	DNA/hAT-Charlie	1204	-	122	4927979	41536
chr9	4886443	5086443	harbor2	chr9	4930956	4931012	DNA/hAT-Charlie	618	-	28	4930984	44541
chr9	4886443	5086443	harbor2	chr9	4931315	4931411	DNA/hAT-Charlie	618	-	48	4931363	44920
chr9	4886443	5086443	harbor2	chr9	4954142	4954453	DNA/hAT-Charlie	1321	-	156	4954298	67855
chr9	4886443	5086443	harbor2	chr9	4955805	4956092	DNA/hAT-Charlie	1056	-	144	4955949	69506
chr9	4886443	5086443	harbor2	chr9	4965239	4965403	DNA/hAT-Charlie	635	-	82	4965321	78878
chr9	4886443	5086443	harbor2	chr9	4968067	4968223	DNA/hAT-Charlie	832	-	78	4968145	81702
chr9	4886443	5086443	harbor2	chr9	4977317	4977504	DNA/hAT-Charlie	1153	-	94	4977411	90968
chr9	4889439	5089439	harbor2	chr9	4925049	4925218	DNA/hAT-Charlie	715	-	84	4925133	35694
chr9	4889439	5089439	harbor2	chr9	4927857	4928102	DNA/hAT-Charlie	1204	-	122	4927979	38540
chr9	4889439	5089439	harbor2	chr9	4930956	4931012	DNA/hAT-Charlie	618	-	28	4930984	41545
chr9	4889439	5089439	harbor2	chr9	4931315	4931411	DNA/hAT-Charlie	618	-	48	4931363	41924
chr9	4889439	5089439	harbor2	chr9	4954142	4954453	DNA/hAT-Charlie	1321	-	156	4954298	64859
chr9	4889439	5089439	harbor2	chr9	4955805	4956092	DNA/hAT-Charlie	1056	-	144	4955949	66510
chr9	4889439	5089439	harbor2	chr9	4965239	4965403	DNA/hAT-Charlie	635	-	82	4965321	75882
chr9	4889439	5089439	harbor2	chr9	4968067	4968223	DNA/hAT-Charlie	832	-	78	4968145	78706
chr9	4889439	5089439	harbor2	chr9	4977317	4977504	DNA/hAT-Charlie	1153	-	94	4977411	87972
chr9	4889480	5089480	harbor2	chr9	4925049	4925218	DNA/hAT-Charlie	715	-	84	4925133	35653
chr9	4889480	5089480	harbor2	chr9	4927857	4928102	DNA/hAT-Charlie	1204	-	122	4927979	38499
chr9	4889480	5089480	harbor2	chr9	4930956	4931012	DNA/hAT-Charlie	618	-	28	4930984	41504
chr9	4889480	5089480	harbor2	chr9	4931315	4931411	DNA/hAT-Charlie	618	-	48	4931363	41883
chr9	4889480	5089480	harbor2	chr9	4954142	4954453	DNA/hAT-Charlie	1321	-	156	4954298	64818
chr9	4889480	5089480	harbor2	chr9	4955805	4956092	DNA/hAT-Charlie	1056	-	144	4955949	66469
chr9	4889480	5089480	harbor2	chr9	4965239	4965403	DNA/hAT-Charlie	635	-	82	4965321	75841
chr9	4889480	5089480	harbor2	chr9	4968067	4968223	DNA/hAT-Charlie	832	-	78	4968145	78665
chr9	4889480	5089480	harbor2	chr9	4977317	4977504	DNA/hAT-Charlie	1153	-	94	4977411	87931
chr9	4886329	5086329	harbor2	chr9	4925049	4925218	DNA/hAT-Charlie	715	-	84	4925133	38804
chr9	4886329	5086329	harbor2	chr9	4927857	4928102	DNA/hAT-Charlie	1204	-	122	4927979	41650
chr9	4886329	5086329	harbor2	chr9	4930956	4931012	DNA/hAT-Charlie	618	-	28	4930984	44655
chr9	4886329	5086329	harbor2	chr9	4931315	4931411	DNA/hAT-Charlie	618	-	48	4931363	45034
chr9	4886329	5086329	harbor2	chr9	4954142	4954453	DNA/hAT-Charlie	1321	-	156	4954298	67969
chr9	4886329	5086329	harbor2	chr9	4955805	4956092	DNA/hAT-Charlie	1056	-	144	4955949	69620
chr9	4886329	5086329	harbor2	chr9	4965239	4965403	DNA/hAT-Charlie	635	-	82	4965321	78992
chr9	4886329	5086329	harbor2	chr9	4968067	4968223	DNA/hAT-Charlie	832	-	78	4968145	81816
chr9	4886329	5086329	harbor2	chr9	4977317	4977504	DNA/hAT-Charlie	1153	-	94	4977411	91082
chr9	4725632	4925632	harbor2	chr9	4819157	4819322	DNA/hAT-Charlie	978	-	82	4819239	93607
chr9	137214922	137414922	harbor2	chr9	137258772	137258921	DNA/hAT-Charlie	541	-	74	137258846	43924
chr9	137214922	137414922	harbor2	chr9	137259209	137259325	DNA/hAT-Charlie	541	-	58	137259267	44345
chr9	133962159	134162159	harbor2	chr9	133983857	133983971	DNA/hAT-Charlie	524	-	57	133983914	21755
chr9	133962159	134162159	harbor2	chr9	133984274	133984339	DNA/hAT-Charlie	524	-	32	133984306	22147
chr9	133962159	134162159	harbor2	chr9	133984622	133984703	DNA/hAT-Charlie	524	-	40	133984662	22503
chr9	133962159	134162159	harbor2	chr9	134000584	134000902	DNA/hAT-Charlie	1267	-	159	134000743	38584
chr9	123915711	124115711	harbor2	chr9	123954558	123954737	DNA/hAT-Charlie	901	-	90	123954648	38937
chr9	6727745	6927745	harbor2	chr9	6747232	6747265	DNA/hAT-Charlie	565	-	16	6747248	19503
chr9	6727745	6927745	harbor2	chr9	6747563	6747725	DNA/hAT-Charlie	565	-	81	6747644	19899
chr9	6727745	6927745	harbor2	chr9	6775827	6776010	DNA/hAT-Charlie	629	-	92	6775919	48174
chr9	6727745	6927745	harbor2	chr9	6812406	6812715	DNA/hAT-Charlie	1931	-	154	6812560	84815
chr9	6727745	6927745	harbor2	chr9	6824485	6824861	DNA/hAT-Charlie	1424	-	188	6824673	96928
chr9	6727745	6927745	harbor2	chr9	6825169	6825380	DNA/hAT-Charlie	1424	-	106	6825275	97530
chr9	4884829	5084829	harbor2	chr9	4925049	4925218	DNA/hAT-Charlie	715	-	84	4925133	40304
chr9	4884829	5084829	harbor2	chr9	4927857	4928102	DNA/hAT-Charlie	1204	-	122	4927979	43150
chr9	4884829	5084829	harbor2	chr9	4930956	4931012	DNA/hAT-Charlie	618	-	28	4930984	46155
chr9	4884829	5084829	harbor2	chr9	4931315	4931411	DNA/hAT-Charlie	618	-	48	4931363	46534
chr9	4884829	5084829	harbor2	chr9	4954142	4954453	DNA/hAT-Charlie	1321	-	156	4954298	69469
chr9	4884829	5084829	harbor2	chr9	4955805	4956092	DNA/hAT-Charlie	1056	-	144	4955949	71120
chr9	4884829	5084829	harbor2	chr9	4965239	4965403	DNA/hAT-Charlie	635	-	82	4965321	80492
chr9	4884829	5084829	harbor2	chr9	4968067	4968223	DNA/hAT-Charlie	832	-	78	4968145	83316
chr9	4884829	5084829	harbor2	chr9	4977317	4977504	DNA/hAT-Charlie	1153	-	94	4977411	92582
chr9	114075574	114275574	harbor2	chr9	114117940	114118095	DNA/hAT-Charlie	664	-	78	114118018	42444
chr9	36902991	37102991	harbor2	chr9	36909611	36909814	DNA/hAT-Charlie	865	-	102	36909713	6722
chr9	36902991	37102991	harbor2	chr9	36910070	36910097	DNA/hAT-Charlie	865	-	14	36910084	7093
chr9	36902991	37102991	harbor2	chr9	36917317	36917598	DNA/hAT-Charlie	541	-	140	36917457	14466
chr9	36902991	37102991	harbor2	chr9	36994704	36994902	DNA/hAT-Charlie	521	-	99	36994803	91812
chr9	133793578	133993578	harbor2	chr9	133885045	133885458	DNA/hAT-Charlie	691	-	206	133885251	91673
chr9	134036096	134236096	harbor2	chr9	134071153	134071488	DNA/hAT-Charlie	2229	-	168	134071321	35225
chr9	4824090	5024090	harbor2	chr9	4844956	4845112	DNA/hAT-Charlie	475	-	78	4845034	20944
chr9	4641242	4841242	harbor2	chr9	4644907	4645159	DNA/hAT-Charlie	1000	-	126	4645033	3791
chr9	4641242	4841242	harbor2	chr9	4672038	4672085	DNA/hAT-Charlie	629	-	24	4672062	30820
chr9	4641242	4841242	harbor2	chr9	4672390	4672533	DNA/hAT-Charlie	629	-	72	4672462	31220
chr9	126299693	126499693	harbor2	chr9	126341614	126341850	DNA/hAT-Charlie	1028	-	118	126341732	42039
chr9	126299693	126499693	harbor2	chr9	126360300	126360486	DNA/hAT-Charlie	596	-	93	126360393	60700
chr9	111563686	111763686	harbor2	chr9	111571805	111571876	DNA/hAT-Charlie	512	-	36	111571841	8155
chr9	111563686	111763686	harbor2	chr9	111578198	111578742	DNA/hAT-Charlie	3313	-	272	111578470	14784
chr9	111563686	111763686	harbor2	chr9	111637008	111637210	DNA/hAT-Charlie	475	-	101	111637109	73423
chr9	4884856	5084856	harbor2	chr9	4925049	4925218	DNA/hAT-Charlie	715	-	84	4925133	40277
chr9	4884856	5084856	harbor2	chr9	4927857	4928102	DNA/hAT-Charlie	1204	-	122	4927979	43123
chr9	4884856	5084856	harbor2	chr9	4930956	4931012	DNA/hAT-Charlie	618	-	28	4930984	46128
chr9	4884856	5084856	harbor2	chr9	4931315	4931411	DNA/hAT-Charlie	618	-	48	4931363	46507
chr9	4884856	5084856	harbor2	chr9	4954142	4954453	DNA/hAT-Charlie	1321	-	156	4954298	69442
chr9	4884856	5084856	harbor2	chr9	4955805	4956092	DNA/hAT-Charlie	1056	-	144	4955949	71093
chr9	4884856	5084856	harbor2	chr9	4965239	4965403	DNA/hAT-Charlie	635	-	82	4965321	80465
chr9	4884856	5084856	harbor2	chr9	4968067	4968223	DNA/hAT-Charlie	832	-	78	4968145	83289
chr9	4884856	5084856	harbor2	chr9	4977317	4977504	DNA/hAT-Charlie	1153	-	94	4977411	92555
chr9	4885087	5085087	harbor2	chr9	4925049	4925218	DNA/hAT-Charlie	715	-	84	4925133	40046
chr9	4885087	5085087	harbor2	chr9	4927857	4928102	DNA/hAT-Charlie	1204	-	122	4927979	42892
chr9	4885087	5085087	harbor2	chr9	4930956	4931012	DNA/hAT-Charlie	618	-	28	4930984	45897
chr9	4885087	5085087	harbor2	chr9	4931315	4931411	DNA/hAT-Charlie	618	-	48	4931363	46276
chr9	4885087	5085087	harbor2	chr9	4954142	4954453	DNA/hAT-Charlie	1321	-	156	4954298	69211
chr9	4885087	5085087	harbor2	chr9	4955805	4956092	DNA/hAT-Charlie	1056	-	144	4955949	70862
chr9	4885087	5085087	harbor2	chr9	4965239	4965403	DNA/hAT-Charlie	635	-	82	4965321	80234
chr9	4885087	5085087	harbor2	chr9	4968067	4968223	DNA/hAT-Charlie	832	-	78	4968145	83058
chr9	4885087	5085087	harbor2	chr9	4977317	4977504	DNA/hAT-Charlie	1153	-	94	4977411	92324
chr9	135401583	135601583	harbor2	chr9	135411406	135411618	DNA/hAT-Charlie	473	-	106	135411512	9929
chr9	135401583	135601583	harbor2	chr9	135420756	135420833	DNA/hAT-Charlie	571	-	38	135420794	19211
chr9	135401583	135601583	harbor2	chr9	135422108	135422238	DNA/hAT-Charlie	571	-	65	135422173	20590
chr9	4886608	5086608	harbor2	chr9	4925049	4925218	DNA/hAT-Charlie	715	-	84	4925133	38525
chr9	4886608	5086608	harbor2	chr9	4927857	4928102	DNA/hAT-Charlie	1204	-	122	4927979	41371
chr9	4886608	5086608	harbor2	chr9	4930956	4931012	DNA/hAT-Charlie	618	-	28	4930984	44376
chr9	4886608	5086608	harbor2	chr9	4931315	4931411	DNA/hAT-Charlie	618	-	48	4931363	44755
chr9	4886608	5086608	harbor2	chr9	4954142	4954453	DNA/hAT-Charlie	1321	-	156	4954298	67690
chr9	4886608	5086608	harbor2	chr9	4955805	4956092	DNA/hAT-Charlie	1056	-	144	4955949	69341
chr9	4886608	5086608	harbor2	chr9	4965239	4965403	DNA/hAT-Charlie	635	-	82	4965321	78713
chr9	4886608	5086608	harbor2	chr9	4968067	4968223	DNA/hAT-Charlie	832	-	78	4968145	81537
chr9	4886608	5086608	harbor2	chr9	4977317	4977504	DNA/hAT-Charlie	1153	-	94	4977411	90803
chr9	137214569	137414569	harbor2	chr9	137258772	137258921	DNA/hAT-Charlie	541	-	74	137258846	44277
chr9	137214569	137414569	harbor2	chr9	137259209	137259325	DNA/hAT-Charlie	541	-	58	137259267	44698
chr9	4885766	5085766	harbor2	chr9	4925049	4925218	DNA/hAT-Charlie	715	-	84	4925133	39367
chr9	4885766	5085766	harbor2	chr9	4927857	4928102	DNA/hAT-Charlie	1204	-	122	4927979	42213
chr9	4885766	5085766	harbor2	chr9	4930956	4931012	DNA/hAT-Charlie	618	-	28	4930984	45218
chr9	4885766	5085766	harbor2	chr9	4931315	4931411	DNA/hAT-Charlie	618	-	48	4931363	45597
chr9	4885766	5085766	harbor2	chr9	4954142	4954453	DNA/hAT-Charlie	1321	-	156	4954298	68532
chr9	4885766	5085766	harbor2	chr9	4955805	4956092	DNA/hAT-Charlie	1056	-	144	4955949	70183
chr9	4885766	5085766	harbor2	chr9	4965239	4965403	DNA/hAT-Charlie	635	-	82	4965321	79555
chr9	4885766	5085766	harbor2	chr9	4968067	4968223	DNA/hAT-Charlie	832	-	78	4968145	82379
chr9	4885766	5085766	harbor2	chr9	4977317	4977504	DNA/hAT-Charlie	1153	-	94	4977411	91645
chr9	134036081	134236081	harbor2	chr9	134071153	134071488	DNA/hAT-Charlie	2229	-	168	134071321	35240
chr9	4884865	5084865	harbor2	chr9	4925049	4925218	DNA/hAT-Charlie	715	-	84	4925133	40268
chr9	4884865	5084865	harbor2	chr9	4927857	4928102	DNA/hAT-Charlie	1204	-	122	4927979	43114
chr9	4884865	5084865	harbor2	chr9	4930956	4931012	DNA/hAT-Charlie	618	-	28	4930984	46119
chr9	4884865	5084865	harbor2	chr9	4931315	4931411	DNA/hAT-Charlie	618	-	48	4931363	46498
chr9	4884865	5084865	harbor2	chr9	4954142	4954453	DNA/hAT-Charlie	1321	-	156	4954298	69433
chr9	4884865	5084865	harbor2	chr9	4955805	4956092	DNA/hAT-Charlie	1056	-	144	4955949	71084
chr9	4884865	5084865	harbor2	chr9	4965239	4965403	DNA/hAT-Charlie	635	-	82	4965321	80456
chr9	4884865	5084865	harbor2	chr9	4968067	4968223	DNA/hAT-Charlie	832	-	78	4968145	83280
chr9	4884865	5084865	harbor2	chr9	4977317	4977504	DNA/hAT-Charlie	1153	-	94	4977411	92546
chr9	108356062	108556062	harbor2	chr9	108392849	108393040	DNA/hAT-Charlie	670	-	96	108392945	36883
chr9	99259961	99459961	harbor2	chr9	99260435	99260621	DNA/hAT-Charlie	703	-	93	99260528	567
chr9	99259961	99459961	harbor2	chr9	99260868	99260936	DNA/hAT-Charlie	703	-	34	99260902	941
chr9	99259961	99459961	harbor2	chr9	99309525	99309655	DNA/hAT-Charlie	625	-	65	99309590	49629
chr9	99259961	99459961	harbor2	chr9	99340784	99340969	DNA/hAT-Charlie	1382	-	92	99340876	80915
chr9	99259961	99459961	harbor2	chr9	99341278	99341326	DNA/hAT-Charlie	1382	-	24	99341302	81341
chr9	99259961	99459961	harbor2	chr9	99356100	99356316	DNA/hAT-Charlie	1029	-	108	99356208	96247
chr10	48742186	48942186	harbor2	chr10	48773964	48774196	DNA/hAT-Charlie	722	-	116	48774080	31894
chr10	48742186	48942186	harbor2	chr10	48780994	48781109	DNA/hAT-Charlie	500	-	58	48781052	38866
chr10	48742186	48942186	harbor2	chr10	48806756	48806967	DNA/hAT-Charlie	996	-	106	48806862	64676
chr10	102141600	102341600	harbor2	chr10	102168432	102168614	DNA/hAT-Charlie	1035	-	91	102168523	26923
chr10	102141600	102341600	harbor2	chr10	102237634	102237911	DNA/hAT-Charlie	612	-	138	102237772	96172
chr10	102141612	102341612	harbor2	chr10	102168432	102168614	DNA/hAT-Charlie	1035	-	91	102168523	26911
chr10	102141612	102341612	harbor2	chr10	102237634	102237911	DNA/hAT-Charlie	612	-	138	102237772	96160
chr10	103893614	104093614	harbor2	chr10	103915755	103916082	DNA/hAT-Charlie	1993	-	164	103915919	22305
chr10	103893614	104093614	harbor2	chr10	103944820	103945010	DNA/hAT-Charlie	462	-	95	103944915	51301
chr10	103893614	104093614	harbor2	chr10	103958568	103958704	DNA/hAT-Charlie	812	-	68	103958636	65022
chr10	103893614	104093614	harbor2	chr10	103976892	103977067	DNA/hAT-Charlie	816	-	88	103976980	83366
chr10	103893614	104093614	harbor2	chr10	103986089	103986633	DNA/hAT-Charlie	3454	-	272	103986361	92747
chr10	122407392	122607392	harbor2	chr10	122438766	122438993	DNA/hAT-Charlie	1767	-	114	122438880	31488
chr10	122407392	122607392	harbor2	chr10	122445579	122445857	DNA/hAT-Charlie	1196	-	139	122445718	38326
chr10	122407392	122607392	harbor2	chr10	122457314	122457450	DNA/hAT-Charlie	686	-	68	122457382	49990
chr10	122407392	122607392	harbor2	chr10	122481624	122481666	DNA/hAT-Charlie	2036	-	21	122481645	74253
chr10	122407392	122607392	harbor2	chr10	122482022	122482518	DNA/hAT-Charlie	2036	-	248	122482270	74878
chr10	14996869	15196869	harbor2	chr10	15051816	15052000	DNA/hAT-Charlie	855	-	92	15051908	55039
chr10	14996869	15196869	harbor2	chr10	15052303	15052336	DNA/hAT-Charlie	855	-	16	15052319	55450
chr10	14996869	15196869	harbor2	chr10	15063593	15064099	DNA/hAT-Charlie	2445	-	253	15063846	66977
chr10	75729207	75929207	harbor2	chr10	75773072	75773270	DNA/hAT-Charlie	1095	-	99	75773171	43964
chr10	75729207	75929207	harbor2	chr10	75790110	75790327	DNA/hAT-Charlie	1284	-	108	75790218	61011
chr10	75729207	75929207	harbor2	chr10	75793858	75794070	DNA/hAT-Charlie	1129	-	106	75793964	64757
chr10	103552962	103752962	harbor2	chr10	103562474	103562665	DNA/hAT-Charlie	781	-	96	103562570	9608
chr10	103552962	103752962	harbor2	chr10	103642159	103642523	DNA/hAT-Charlie	683	-	182	103642341	89379
chr10	103552962	103752962	harbor2	chr10	103643345	103643745	DNA/hAT-Charlie	840	-	200	103643545	90583
chr10	14779254	14979254	harbor2	chr10	14835773	14836099	DNA/hAT-Charlie	729	-	163	14835936	56682
chr10	14779254	14979254	harbor2	chr10	14854789	14854924	DNA/hAT-Charlie	752	-	68	14854857	75603
chr10	14779254	14979254	harbor2	chr10	14875493	14875724	DNA/hAT-Charlie	1351	-	116	14875609	96355
chr10	14779254	14979254	harbor2	chr10	14875982	14876226	DNA/hAT-Charlie	1351	-	122	14876104	96850
chr10	14779254	14979254	harbor2	chr10	14811091	14811272	DNA/hAT-Charlie	578	-	90	14811181	31927
chr10	97778537	97978537	harbor2	chr10	97817165	97817333	DNA/hAT-Charlie	861	-	84	97817249	38712
chr10	97778537	97978537	harbor2	chr10	97870083	97870248	DNA/hAT-Charlie	765	-	82	97870165	91628
chr10	14778679	14978679	harbor2	chr10	14835773	14836099	DNA/hAT-Charlie	729	-	163	14835936	57257
chr10	14778679	14978679	harbor2	chr10	14854789	14854924	DNA/hAT-Charlie	752	-	68	14854857	76178
chr10	14778679	14978679	harbor2	chr10	14875493	14875724	DNA/hAT-Charlie	1351	-	116	14875609	96930
chr10	14778679	14978679	harbor2	chr10	14875982	14876226	DNA/hAT-Charlie	1351	-	122	14876104	97425
chr10	14778679	14978679	harbor2	chr10	14811091	14811272	DNA/hAT-Charlie	578	-	90	14811181	32502
chr10	103296527	103496527	harbor2	chr10	103313205	103313282	DNA/hAT-Charlie	1158	-	38	103313243	16716
chr10	103296527	103496527	harbor2	chr10	103313586	103313728	DNA/hAT-Charlie	1158	-	71	103313657	17130
chr10	103296527	103496527	harbor2	chr10	103316619	103316734	DNA/hAT-Charlie	669	-	58	103316677	20150
chr10	97398820	97598820	harbor2	chr10	97464487	97464639	DNA/hAT-Charlie	695	-	76	97464563	65743
chr10	97398820	97598820	harbor2	chr10	97478663	97478821	DNA/hAT-Charlie	732	-	79	97478742	79922
chr10	22337523	22537523	harbor2	chr10	22388108	22388326	DNA/hAT-Charlie	1079	-	109	22388217	50694
chr10	14778676	14978676	harbor2	chr10	14835773	14836099	DNA/hAT-Charlie	729	-	163	14835936	57260
chr10	14778676	14978676	harbor2	chr10	14854789	14854924	DNA/hAT-Charlie	752	-	68	14854857	76181
chr10	14778676	14978676	harbor2	chr10	14875493	14875724	DNA/hAT-Charlie	1351	-	116	14875609	96933
chr10	14778676	14978676	harbor2	chr10	14875982	14876226	DNA/hAT-Charlie	1351	-	122	14876104	97428
chr10	14778676	14978676	harbor2	chr10	14811091	14811272	DNA/hAT-Charlie	578	-	90	14811181	32505
chr10	97415128	97615128	harbor2	chr10	97464487	97464639	DNA/hAT-Charlie	695	-	76	97464563	49435
chr10	97415128	97615128	harbor2	chr10	97478663	97478821	DNA/hAT-Charlie	732	-	79	97478742	63614
chr10	97673442	97873442	harbor2	chr10	97765937	97766077	DNA/hAT-Charlie	512	-	70	97766007	92565
chr10	102141599	102341599	harbor2	chr10	102168432	102168614	DNA/hAT-Charlie	1035	-	91	102168523	26924
chr10	102141599	102341599	harbor2	chr10	102237634	102237911	DNA/hAT-Charlie	612	-	138	102237772	96173
chr10	97678598	97878598	harbor2	chr10	97765937	97766077	DNA/hAT-Charlie	512	-	70	97766007	87409
chr10	122404740	122604740	harbor2	chr10	122438766	122438993	DNA/hAT-Charlie	1767	-	114	122438880	34140
chr10	122404740	122604740	harbor2	chr10	122445579	122445857	DNA/hAT-Charlie	1196	-	139	122445718	40978
chr10	122404740	122604740	harbor2	chr10	122457314	122457450	DNA/hAT-Charlie	686	-	68	122457382	52642
chr10	122404740	122604740	harbor2	chr10	122481624	122481666	DNA/hAT-Charlie	2036	-	21	122481645	76905
chr10	122404740	122604740	harbor2	chr10	122482022	122482518	DNA/hAT-Charlie	2036	-	248	122482270	77530
chr10	133106978	133306978	harbor2	chr10	133170517	133170950	DNA/hAT-Charlie	1313	-	216	133170733	63755
chr10	97678599	97878599	harbor2	chr10	97765937	97766077	DNA/hAT-Charlie	512	-	70	97766007	87408
chr10	23340660	23540660	harbor2	chr10	23392050	23392243	DNA/hAT-Charlie	747	-	96	23392146	51486
chr10	23340660	23540660	harbor2	chr10	23429595	23429770	DNA/hAT-Charlie	912	-	88	23429683	89023
chr10	122405982	122605982	harbor2	chr10	122438766	122438993	DNA/hAT-Charlie	1767	-	114	122438880	32898
chr10	122405982	122605982	harbor2	chr10	122445579	122445857	DNA/hAT-Charlie	1196	-	139	122445718	39736
chr10	122405982	122605982	harbor2	chr10	122457314	122457450	DNA/hAT-Charlie	686	-	68	122457382	51400
chr10	122405982	122605982	harbor2	chr10	122481624	122481666	DNA/hAT-Charlie	2036	-	21	122481645	75663
chr10	122405982	122605982	harbor2	chr10	122482022	122482518	DNA/hAT-Charlie	2036	-	248	122482270	76288
chr10	102141615	102341615	harbor2	chr10	102168432	102168614	DNA/hAT-Charlie	1035	-	91	102168523	26908
chr10	102141615	102341615	harbor2	chr10	102237634	102237911	DNA/hAT-Charlie	612	-	138	102237772	96157
chr10	101132788	101332788	harbor2	chr10	101204827	101204922	DNA/hAT-Charlie	487	-	48	101204875	72087
chr10	101132788	101332788	harbor2	chr10	101205231	101205305	DNA/hAT-Charlie	487	-	37	101205268	72480
chr10	97398798	97598798	harbor2	chr10	97464487	97464639	DNA/hAT-Charlie	695	-	76	97464563	65765
chr10	97398798	97598798	harbor2	chr10	97478663	97478821	DNA/hAT-Charlie	732	-	79	97478742	79944
chr10	75111508	75311508	harbor2	chr10	75131860	75132034	DNA/hAT-Charlie	518	-	87	75131947	20439
chr10	75111508	75311508	harbor2	chr10	75145614	75145801	DNA/hAT-Charlie	771	-	94	75145708	34200
chr10	75111508	75311508	harbor2	chr10	75168236	75168394	DNA/hAT-Charlie	789	-	79	75168315	56807
chr10	72361013	72561013	harbor2	chr10	72390298	72390494	DNA/hAT-Charlie	509	-	98	72390396	29383
chr10	6420714	6620714	harbor2	chr10	6421497	6421619	DNA/hAT-Charlie	635	-	61	6421558	844
chr10	6420714	6620714	harbor2	chr10	6435605	6435813	DNA/hAT-Charlie	1319	-	104	6435709	14995
chr10	14778686	14978686	harbor2	chr10	14835773	14836099	DNA/hAT-Charlie	729	-	163	14835936	57250
chr10	14778686	14978686	harbor2	chr10	14854789	14854924	DNA/hAT-Charlie	752	-	68	14854857	76171
chr10	14778686	14978686	harbor2	chr10	14875493	14875724	DNA/hAT-Charlie	1351	-	116	14875609	96923
chr10	14778686	14978686	harbor2	chr10	14875982	14876226	DNA/hAT-Charlie	1351	-	122	14876104	97418
chr10	14778686	14978686	harbor2	chr10	14811091	14811272	DNA/hAT-Charlie	578	-	90	14811181	32495
chr10	131882110	132082110	harbor2	chr10	131909457	131909685	DNA/hAT-Charlie	787	-	114	131909571	27461
chr10	131882110	132082110	harbor2	chr10	131909696	131910084	DNA/hAT-Charlie	1207	-	194	131909890	27780
chr10	131882110	132082110	harbor2	chr10	131910161	131910627	DNA/hAT-Charlie	1928	-	233	131910394	28284
chr10	131882110	132082110	harbor2	chr10	131911366	131911784	DNA/hAT-Charlie	1049	-	209	131911575	29465
chr10	131882110	132082110	harbor2	chr10	131938907	131939090	DNA/hAT-Charlie	573	-	92	131938999	56889
chr10	132104141	132304141	harbor2	chr10	132188613	132188922	DNA/hAT-Charlie	1022	-	154	132188767	84626
chr10	22337530	22537530	harbor2	chr10	22388108	22388326	DNA/hAT-Charlie	1079	-	109	22388217	50687
chr10	122908712	123108712	harbor2	chr10	122997453	122997590	DNA/hAT-Charlie	652	-	68	122997521	88809
chr10	122908712	123108712	harbor2	chr10	122997625	122997964	DNA/hAT-Charlie	1601	-	170	122997795	89083
chr10	122908712	123108712	harbor2	chr10	122999415	122999641	DNA/hAT-Charlie	974	-	113	122999528	90816
chr10	128440032	128640032	harbor2	chr10	128454986	128455198	DNA/hAT-Charlie	1379	-	106	128455092	15060
chr10	128440032	128640032	harbor2	chr10	128478015	128478191	DNA/hAT-Charlie	903	-	88	128478103	38071
chr10	128440032	128640032	harbor2	chr10	128504969	128505183	DNA/hAT-Charlie	479	-	107	128505076	65044
chr10	128440032	128640032	harbor2	chr10	128511975	128512123	DNA/hAT-Charlie	676	-	74	128512049	72017
chr10	97436621	97636621	harbor2	chr10	97464487	97464639	DNA/hAT-Charlie	695	-	76	97464563	27942
chr10	97436621	97636621	harbor2	chr10	97478663	97478821	DNA/hAT-Charlie	732	-	79	97478742	42121
chr10	122065358	122265358	harbor2	chr10	122073544	122073762	DNA/hAT-Charlie	590	-	109	122073653	8295
chr10	122065358	122265358	harbor2	chr10	122102157	122102303	DNA/hAT-Charlie	599	-	73	122102230	36872
chr10	100679685	100879685	harbor2	chr10	100721981	100722171	DNA/hAT-Charlie	999	-	95	100722076	42391
chr10	97398789	97598789	harbor2	chr10	97464487	97464639	DNA/hAT-Charlie	695	-	76	97464563	65774
chr10	97398789	97598789	harbor2	chr10	97478663	97478821	DNA/hAT-Charlie	732	-	79	97478742	79953
chr10	23210069	23410069	harbor2	chr10	23285419	23285780	DNA/hAT-Charlie	1822	-	180	23285599	75530
chr10	23210069	23410069	harbor2	chr10	23285787	23285911	DNA/hAT-Charlie	691	-	62	23285849	75780
chr10	33635957	33835957	harbor2	chr10	33658072	33658168	DNA/hAT-Charlie	527	-	48	33658120	22163
chr10	33635957	33835957	harbor2	chr10	33697044	33697153	DNA/hAT-Charlie	547	-	54	33697098	61141
chr10	33635957	33835957	harbor2	chr10	33698741	33698865	DNA/hAT-Charlie	1084	-	62	33698803	62846
chr10	33635957	33835957	harbor2	chr10	33699200	33699295	DNA/hAT-Charlie	1084	-	48	33699248	63291
chr10	33635957	33835957	harbor2	chr10	33717535	33717606	DNA/hAT-Charlie	770	-	36	33717571	81614
chr10	33635957	33835957	harbor2	chr10	33717900	33718003	DNA/hAT-Charlie	770	-	52	33717952	81995
chr10	33635957	33835957	harbor2	chr10	33718327	33718373	DNA/hAT-Charlie	528	-	23	33718350	82393
chr10	33635957	33835957	harbor2	chr10	33718685	33718789	DNA/hAT-Charlie	528	-	52	33718737	82780
chr10	33635957	33835957	harbor2	chr10	33720926	33721088	DNA/hAT-Charlie	640	-	81	33721007	85050
chr10	75120756	75320756	harbor2	chr10	75131860	75132034	DNA/hAT-Charlie	518	-	87	75131947	11191
chr10	75120756	75320756	harbor2	chr10	75145614	75145801	DNA/hAT-Charlie	771	-	94	75145708	24952
chr10	75120756	75320756	harbor2	chr10	75168236	75168394	DNA/hAT-Charlie	789	-	79	75168315	47559
chr10	43151417	43351417	harbor2	chr10	43156569	43156911	DNA/hAT-Charlie	2069	-	171	43156740	5323
chr10	43151417	43351417	harbor2	chr10	43162700	43162879	DNA/hAT-Charlie	632	-	90	43162790	11373
chr10	43151417	43351417	harbor2	chr10	43175097	43175312	DNA/hAT-Charlie	1002	-	108	43175205	23788
chr10	43151417	43351417	harbor2	chr10	43193718	43193848	DNA/hAT-Charlie	515	-	65	43193783	42366
chr10	4452699	4652699	harbor2	chr10	4462236	4462452	DNA/hAT-Charlie	794	-	108	4462344	9645
chr10	4452699	4652699	harbor2	chr10	4476600	4476898	DNA/hAT-Charlie	730	-	149	4476749	24050
chr10	4452699	4652699	harbor2	chr10	4493498	4493647	DNA/hAT-Charlie	724	-	74	4493572	40873
chr10	97398825	97598825	harbor2	chr10	97464487	97464639	DNA/hAT-Charlie	695	-	76	97464563	65738
chr10	97398825	97598825	harbor2	chr10	97478663	97478821	DNA/hAT-Charlie	732	-	79	97478742	79917
chr10	100908386	101108386	harbor2	chr10	100960898	100960998	DNA/hAT-Charlie	706	-	50	100960948	52562
chr10	100908386	101108386	harbor2	chr10	100961309	100961386	DNA/hAT-Charlie	706	-	38	100961347	52961
chr10	100908386	101108386	harbor2	chr10	100975200	100975348	DNA/hAT-Charlie	790	-	74	100975274	66888
chr10	100908386	101108386	harbor2	chr10	100925156	100925467	DNA/hAT-Charlie	666	-	156	100925312	16926
chr10	14854787	15054787	harbor2	chr10	14854789	14854924	DNA/hAT-Charlie	752	-	68	14854857	70
chr10	14854787	15054787	harbor2	chr10	14875493	14875724	DNA/hAT-Charlie	1351	-	116	14875609	20822
chr10	14854787	15054787	harbor2	chr10	14875982	14876226	DNA/hAT-Charlie	1351	-	122	14876104	21317
chr10	14854787	15054787	harbor2	chr10	14895705	14895929	DNA/hAT-Charlie	1128	-	112	14895817	41030
chr10	14854787	15054787	harbor2	chr10	14896243	14896357	DNA/hAT-Charlie	1128	-	57	14896300	41513
chr10	14854787	15054787	harbor2	chr10	14923175	14923352	DNA/hAT-Charlie	567	-	88	14923263	68476
chr10	43005484	43205484	harbor2	chr10	43009342	43009663	DNA/hAT-Charlie	2016	-	160	43009502	4018
chr10	43005484	43205484	harbor2	chr10	43070044	43070160	DNA/hAT-Charlie	544	-	58	43070102	64618
chr10	101641744	101841744	harbor2	chr10	101727004	101727330	DNA/hAT-Charlie	1944	-	163	101727167	85423
chr10	101641744	101841744	harbor2	chr10	101735718	101736209	DNA/hAT-Charlie	2170	-	246	101735964	94220
chr10	73817058	74017058	harbor2	chr10	73838769	73838935	DNA/hAT-Charlie	536	-	83	73838852	21794
chr10	73817058	74017058	harbor2	chr10	73859183	73859466	DNA/hAT-Charlie	602	-	142	73859325	42267
chr10	100897092	101097092	harbor2	chr10	100960898	100960998	DNA/hAT-Charlie	706	-	50	100960948	63856
chr10	100897092	101097092	harbor2	chr10	100961309	100961386	DNA/hAT-Charlie	706	-	38	100961347	64255
chr10	100897092	101097092	harbor2	chr10	100975200	100975348	DNA/hAT-Charlie	790	-	74	100975274	78182
chr10	100897092	101097092	harbor2	chr10	100925156	100925467	DNA/hAT-Charlie	666	-	156	100925312	28220
chr10	97402257	97602257	harbor2	chr10	97464487	97464639	DNA/hAT-Charlie	695	-	76	97464563	62306
chr10	97402257	97602257	harbor2	chr10	97478663	97478821	DNA/hAT-Charlie	732	-	79	97478742	76485
chr10	69630792	69830792	harbor2	chr10	69637644	69638040	DNA/hAT-Charlie	1187	-	198	69637842	7050
chr10	69630792	69830792	harbor2	chr10	69695877	69696417	DNA/hAT-Charlie	2428	-	270	69696147	65355
chr10	69630792	69830792	harbor2	chr10	69710031	69710191	DNA/hAT-Charlie	789	-	80	69710111	79319
chr10	69630792	69830792	harbor2	chr10	69716382	69716537	DNA/hAT-Charlie	678	-	78	69716460	85668
chr10	69630792	69830792	harbor2	chr10	69697458	69697610	DNA/hAT-Charlie	624	-	76	69697534	66742
chr10	14908036	15108036	harbor2	chr10	14923175	14923352	DNA/hAT-Charlie	567	-	88	14923263	15227
chr10	14782782	14982782	harbor2	chr10	14835773	14836099	DNA/hAT-Charlie	729	-	163	14835936	53154
chr10	14782782	14982782	harbor2	chr10	14854789	14854924	DNA/hAT-Charlie	752	-	68	14854857	72075
chr10	14782782	14982782	harbor2	chr10	14875493	14875724	DNA/hAT-Charlie	1351	-	116	14875609	92827
chr10	14782782	14982782	harbor2	chr10	14875982	14876226	DNA/hAT-Charlie	1351	-	122	14876104	93322
chr10	14782782	14982782	harbor2	chr10	14811091	14811272	DNA/hAT-Charlie	578	-	90	14811181	28399
chr10	46182801	46382801	harbor2	chr10	46205630	46205848	DNA/hAT-Charlie	969	-	109	46205739	22938
chr10	46182801	46382801	harbor2	chr10	46207243	46207366	DNA/hAT-Charlie	1450	-	62	46207305	24504
chr10	46182801	46382801	harbor2	chr10	46207654	46208105	DNA/hAT-Charlie	2534	-	226	46207880	25079
chr10	46182801	46382801	harbor2	chr10	46212194	46212352	DNA/hAT-Charlie	522	-	79	46212273	29472
chr10	71364878	71564878	harbor2	chr10	71372423	71372585	DNA/hAT-Charlie	952	-	81	71372504	7626
chr10	71364878	71564878	harbor2	chr10	71386883	71387035	DNA/hAT-Charlie	1071	-	76	71386959	22081
chr10	71364878	71564878	harbor2	chr10	71387298	71387565	DNA/hAT-Charlie	1071	-	134	71387432	22554
chr10	71364878	71564878	harbor2	chr10	71394636	71394850	DNA/hAT-Charlie	748	-	107	71394743	29865
chr10	71364878	71564878	harbor2	chr10	71401837	71402099	DNA/hAT-Charlie	661	-	131	71401968	37090
chr10	71364878	71564878	harbor2	chr10	71405930	71406018	DNA/hAT-Charlie	472	-	44	71405974	41096
chr10	71364878	71564878	harbor2	chr10	71445480	71445562	DNA/hAT-Charlie	1043	-	41	71445521	80643
chr10	71364878	71564878	harbor2	chr10	71445870	71446101	DNA/hAT-Charlie	1043	-	116	71445986	81108
chr10	71364878	71564878	harbor2	chr10	71462947	71463238	DNA/hAT-Charlie	1214	-	146	71463093	98215
chr10	68161589	68361589	harbor2	chr10	68206130	68206239	DNA/hAT-Charlie	478	-	54	68206184	44595
chr10	68161589	68361589	harbor2	chr10	68212997	68213204	DNA/hAT-Charlie	1210	-	104	68213101	51512
chr10	68161589	68361589	harbor2	chr10	68234003	68234244	DNA/hAT-Charlie	751	-	120	68234123	72534
chr10	100085958	100285958	harbor2	chr10	100162571	100162883	DNA/hAT-Charlie	1043	-	156	100162727	76769
chr10	100085958	100285958	harbor2	chr10	100173326	100173530	DNA/hAT-Charlie	580	-	102	100173428	87470
chr10	131033279	131233279	harbor2	chr10	131049581	131049850	DNA/hAT-Charlie	1084	-	134	131049715	16436
chr10	50611910	50811910	harbor2	chr10	50618795	50618968	DNA/hAT-Charlie	706	-	86	50618881	6971
chr10	50611910	50811910	harbor2	chr10	50632861	50633078	DNA/hAT-Charlie	1265	-	108	50632969	21059
chr10	50611910	50811910	harbor2	chr10	50634127	50634263	DNA/hAT-Charlie	591	-	68	50634195	22285
chr10	50611910	50811910	harbor2	chr10	50697793	50698305	DNA/hAT-Charlie	643	-	256	50698049	86139
chr10	13710585	13910585	harbor2	chr10	13726513	13726636	DNA/hAT-Charlie	644	-	62	13726575	15990
chr10	13710585	13910585	harbor2	chr10	13727202	13727274	DNA/hAT-Charlie	644	-	36	13727238	16653
chr10	13710585	13910585	harbor2	chr10	13763385	13763536	DNA/hAT-Charlie	797	-	76	13763461	52876
chr10	102144633	102344633	harbor2	chr10	102168432	102168614	DNA/hAT-Charlie	1035	-	91	102168523	23890
chr10	102144633	102344633	harbor2	chr10	102237634	102237911	DNA/hAT-Charlie	612	-	138	102237772	93139
chr10	7134719	7334719	harbor2	chr10	7223746	7223925	DNA/hAT-Charlie	724	-	90	7223836	89117
chr10	97399300	97599300	harbor2	chr10	97464487	97464639	DNA/hAT-Charlie	695	-	76	97464563	65263
chr10	97399300	97599300	harbor2	chr10	97478663	97478821	DNA/hAT-Charlie	732	-	79	97478742	79442
chr10	48300059	48500059	harbor2	chr10	48302514	48302688	DNA/hAT-Charlie	802	-	87	48302601	2542
chr10	48300059	48500059	harbor2	chr10	48335422	48335784	DNA/hAT-Charlie	1438	-	181	48335603	35544
chr10	48300059	48500059	harbor2	chr10	48335781	48336022	DNA/hAT-Charlie	1048	-	120	48335901	35842
chr10	48300059	48500059	harbor2	chr10	48336447	48336670	DNA/hAT-Charlie	634	-	112	48336559	36500
chr10	48300059	48500059	harbor2	chr10	48354491	48354663	DNA/hAT-Charlie	951	-	86	48354577	54518
chr10	97398808	97598808	harbor2	chr10	97464487	97464639	DNA/hAT-Charlie	695	-	76	97464563	65755
chr10	97398808	97598808	harbor2	chr10	97478663	97478821	DNA/hAT-Charlie	732	-	79	97478742	79934
chr10	78867019	79067019	harbor2	chr10	78891780	78891956	DNA/hAT-Charlie	970	-	88	78891868	24849
chr10	78867019	79067019	harbor2	chr10	78912981	78913155	DNA/hAT-Charlie	609	-	87	78913068	46049
chr10	78867019	79067019	harbor2	chr10	78924518	78924727	DNA/hAT-Charlie	1296	-	104	78924622	57603
chr10	48455826	48655826	harbor2	chr10	48484941	48485142	DNA/hAT-Charlie	915	-	100	48485041	29215
chr10	48455826	48655826	harbor2	chr10	48490280	48490483	DNA/hAT-Charlie	954	-	102	48490382	34556
chr10	48455826	48655826	harbor2	chr10	48492901	48493104	DNA/hAT-Charlie	839	-	102	48493003	37177
chr10	48455826	48655826	harbor2	chr10	48533582	48533794	DNA/hAT-Charlie	1191	-	106	48533688	77862
chr10	48455826	48655826	harbor2	chr10	48540976	48541124	DNA/hAT-Charlie	633	-	74	48541050	85224
chr10	10822731	11022731	harbor2	chr10	10859879	10860367	DNA/hAT-Charlie	1412	-	244	10860123	37392
chr10	10822731	11022731	harbor2	chr10	10899465	10899596	DNA/hAT-Charlie	485	-	66	10899531	76800
chr10	75111469	75311469	harbor2	chr10	75131860	75132034	DNA/hAT-Charlie	518	-	87	75131947	20478
chr10	75111469	75311469	harbor2	chr10	75145614	75145801	DNA/hAT-Charlie	771	-	94	75145708	34239
chr10	75111469	75311469	harbor2	chr10	75168236	75168394	DNA/hAT-Charlie	789	-	79	75168315	56846
chr10	22337540	22537540	harbor2	chr10	22388108	22388326	DNA/hAT-Charlie	1079	-	109	22388217	50677
chr10	102141601	102341601	harbor2	chr10	102168432	102168614	DNA/hAT-Charlie	1035	-	91	102168523	26922
chr10	102141601	102341601	harbor2	chr10	102237634	102237911	DNA/hAT-Charlie	612	-	138	102237772	96171
chr10	131311786	131511786	harbor2	chr10	131372392	131372601	DNA/hAT-Charlie	540	-	104	131372496	60710
chr10	131311786	131511786	harbor2	chr10	131411129	131411434	DNA/hAT-Charlie	546	-	152	131411281	99495
chr10	68621503	68821503	harbor2	chr10	68650071	68650295	DNA/hAT-Charlie	960	-	112	68650183	28680
chr10	14778685	14978685	harbor2	chr10	14835773	14836099	DNA/hAT-Charlie	729	-	163	14835936	57251
chr10	14778685	14978685	harbor2	chr10	14854789	14854924	DNA/hAT-Charlie	752	-	68	14854857	76172
chr10	14778685	14978685	harbor2	chr10	14875493	14875724	DNA/hAT-Charlie	1351	-	116	14875609	96924
chr10	14778685	14978685	harbor2	chr10	14875982	14876226	DNA/hAT-Charlie	1351	-	122	14876104	97419
chr10	14778685	14978685	harbor2	chr10	14811091	14811272	DNA/hAT-Charlie	578	-	90	14811181	32496
chr10	133138880	133338880	harbor2	chr10	133170517	133170950	DNA/hAT-Charlie	1313	-	216	133170733	31853
chr10	131334696	131534696	harbor2	chr10	131372392	131372601	DNA/hAT-Charlie	540	-	104	131372496	37800
chr10	131334696	131534696	harbor2	chr10	131411129	131411434	DNA/hAT-Charlie	546	-	152	131411281	76585
chr10	131334696	131534696	harbor2	chr10	131424497	131424843	DNA/hAT-Charlie	2133	-	173	131424670	89974
chr10	31829542	32029542	harbor2	chr10	31858560	31858684	DNA/hAT-Charlie	541	-	62	31858622	29080
chr10	31829542	32029542	harbor2	chr10	31862567	31862696	DNA/hAT-Charlie	866	-	64	31862631	33089
chr10	31829542	32029542	harbor2	chr10	31862752	31862835	DNA/hAT-Charlie	866	-	42	31862794	33252
chr10	31829542	32029542	harbor2	chr10	31873057	31873414	DNA/hAT-Charlie	1589	-	178	31873235	43693
chr10	31829542	32029542	harbor2	chr10	31873409	31873546	DNA/hAT-Charlie	570	-	68	31873477	43935
chr10	31829542	32029542	harbor2	chr10	31884173	31884955	DNA/hAT-Charlie	2888	-	391	31884564	55022
chr10	31829542	32029542	harbor2	chr10	31885077	31885182	DNA/hAT-Charlie	2888	-	52	31885129	55587
chr10	131311983	131511983	harbor2	chr10	131372392	131372601	DNA/hAT-Charlie	540	-	104	131372496	60513
chr10	131311983	131511983	harbor2	chr10	131411129	131411434	DNA/hAT-Charlie	546	-	152	131411281	99298
chr10	17267852	17467852	harbor2	chr10	17274482	17274704	DNA/hAT-Charlie	826	-	111	17274593	6741
chr10	14778673	14978673	harbor2	chr10	14835773	14836099	DNA/hAT-Charlie	729	-	163	14835936	57263
chr10	14778673	14978673	harbor2	chr10	14854789	14854924	DNA/hAT-Charlie	752	-	68	14854857	76184
chr10	14778673	14978673	harbor2	chr10	14875493	14875724	DNA/hAT-Charlie	1351	-	116	14875609	96936
chr10	14778673	14978673	harbor2	chr10	14875982	14876226	DNA/hAT-Charlie	1351	-	122	14876104	97431
chr10	14778673	14978673	harbor2	chr10	14811091	14811272	DNA/hAT-Charlie	578	-	90	14811181	32508
chr10	46006333	46206333	harbor2	chr10	46037196	46037306	DNA/hAT-Charlie	482	-	55	46037251	30918
chr10	72525952	72725952	harbor2	chr10	72536671	72536913	DNA/hAT-Charlie	1252	-	121	72536792	10840
chr10	72525952	72725952	harbor2	chr10	72542184	72542336	DNA/hAT-Charlie	723	-	76	72542260	16308
chr10	72525952	72725952	harbor2	chr10	72588664	72588869	DNA/hAT-Charlie	1010	-	102	72588766	62814
chr10	122066259	122266259	harbor2	chr10	122073544	122073762	DNA/hAT-Charlie	590	-	109	122073653	7394
chr10	122066259	122266259	harbor2	chr10	122102157	122102303	DNA/hAT-Charlie	599	-	73	122102230	35971
chr10	72255024	72455024	harbor2	chr10	72288744	72288771	DNA/hAT-Charlie	1343	-	14	72288758	33734
chr10	72255024	72455024	harbor2	chr10	72289071	72289176	DNA/hAT-Charlie	1343	-	52	72289123	34099
chr10	72255024	72455024	harbor2	chr10	72289492	72289621	DNA/hAT-Charlie	1343	-	64	72289556	34532
chr10	72255024	72455024	harbor2	chr10	72289962	72290096	DNA/hAT-Charlie	1343	-	67	72290029	35005
chr10	72255024	72455024	harbor2	chr10	72290436	72290459	DNA/hAT-Charlie	480	-	12	72290448	35424
chr10	72255024	72455024	harbor2	chr10	72290750	72290842	DNA/hAT-Charlie	480	-	46	72290796	35772
chr10	131312053	131512053	harbor2	chr10	131372392	131372601	DNA/hAT-Charlie	540	-	104	131372496	60443
chr10	131312053	131512053	harbor2	chr10	131411129	131411434	DNA/hAT-Charlie	546	-	152	131411281	99228
chr10	100907566	101107566	harbor2	chr10	100960898	100960998	DNA/hAT-Charlie	706	-	50	100960948	53382
chr10	100907566	101107566	harbor2	chr10	100961309	100961386	DNA/hAT-Charlie	706	-	38	100961347	53781
chr10	100907566	101107566	harbor2	chr10	100975200	100975348	DNA/hAT-Charlie	790	-	74	100975274	67708
chr10	100907566	101107566	harbor2	chr10	100925156	100925467	DNA/hAT-Charlie	666	-	156	100925312	17746
chr10	129341078	129541078	harbor2	chr10	129352760	129352911	DNA/hAT-Charlie	466	-	76	129352836	11758
chr10	129341078	129541078	harbor2	chr10	129377596	129377812	DNA/hAT-Charlie	953	-	108	129377704	36626
chr10	129341078	129541078	harbor2	chr10	129378953	129379175	DNA/hAT-Charlie	895	-	111	129379064	37986
chr10	129341078	129541078	harbor2	chr10	129381677	129382127	DNA/hAT-Charlie	1975	-	225	129381902	40824
chr10	131329172	131529172	harbor2	chr10	131372392	131372601	DNA/hAT-Charlie	540	-	104	131372496	43324
chr10	131329172	131529172	harbor2	chr10	131411129	131411434	DNA/hAT-Charlie	546	-	152	131411281	82109
chr10	131329172	131529172	harbor2	chr10	131424497	131424843	DNA/hAT-Charlie	2133	-	173	131424670	95498
chr10	97402365	97602365	harbor2	chr10	97464487	97464639	DNA/hAT-Charlie	695	-	76	97464563	62198
chr10	97402365	97602365	harbor2	chr10	97478663	97478821	DNA/hAT-Charlie	732	-	79	97478742	76377
chr10	14778687	14978687	harbor2	chr10	14835773	14836099	DNA/hAT-Charlie	729	-	163	14835936	57249
chr10	14778687	14978687	harbor2	chr10	14854789	14854924	DNA/hAT-Charlie	752	-	68	14854857	76170
chr10	14778687	14978687	harbor2	chr10	14875493	14875724	DNA/hAT-Charlie	1351	-	116	14875609	96922
chr10	14778687	14978687	harbor2	chr10	14875982	14876226	DNA/hAT-Charlie	1351	-	122	14876104	97417
chr10	14778687	14978687	harbor2	chr10	14811091	14811272	DNA/hAT-Charlie	578	-	90	14811181	32494
chr10	102141624	102341624	harbor2	chr10	102168432	102168614	DNA/hAT-Charlie	1035	-	91	102168523	26899
chr10	102141624	102341624	harbor2	chr10	102237634	102237911	DNA/hAT-Charlie	612	-	138	102237772	96148
chr10	30719277	30919277	harbor2	chr10	30721955	30722502	DNA/hAT-Charlie	3363	-	274	30722229	2952
chr10	30719277	30919277	harbor2	chr10	30727954	30728293	DNA/hAT-Charlie	2155	-	170	30728124	8847
chr10	30719277	30919277	harbor2	chr10	30750030	30750214	DNA/hAT-Charlie	749	-	92	30750122	30845
chr10	30719277	30919277	harbor2	chr10	30813799	30813953	DNA/hAT-Charlie	715	-	77	30813876	94599
chr10	72255019	72455019	harbor2	chr10	72288744	72288771	DNA/hAT-Charlie	1343	-	14	72288758	33739
chr10	72255019	72455019	harbor2	chr10	72289071	72289176	DNA/hAT-Charlie	1343	-	52	72289123	34104
chr10	72255019	72455019	harbor2	chr10	72289492	72289621	DNA/hAT-Charlie	1343	-	64	72289556	34537
chr10	72255019	72455019	harbor2	chr10	72289962	72290096	DNA/hAT-Charlie	1343	-	67	72290029	35010
chr10	72255019	72455019	harbor2	chr10	72290436	72290459	DNA/hAT-Charlie	480	-	12	72290448	35429
chr10	72255019	72455019	harbor2	chr10	72290750	72290842	DNA/hAT-Charlie	480	-	46	72290796	35777
chr10	43456881	43656881	harbor2	chr10	43485664	43485800	DNA/hAT-Charlie	576	-	68	43485732	28851
chr10	43456881	43656881	harbor2	chr10	43491783	43491907	DNA/hAT-Charlie	629	-	62	43491845	34964
chr10	43456881	43656881	harbor2	chr10	43492167	43492431	DNA/hAT-Charlie	1348	-	132	43492299	35418
chr10	43456881	43656881	harbor2	chr10	43492718	43492730	DNA/hAT-Charlie	1348	-	6	43492724	35843
chr10	43456881	43656881	harbor2	chr10	43493769	43493874	DNA/hAT-Charlie	481	-	52	43493821	36940
chr10	43456881	43656881	harbor2	chr10	43494070	43494428	DNA/hAT-Charlie	1330	-	179	43494249	37368
chr10	43456881	43656881	harbor2	chr10	43548166	43548361	DNA/hAT-Charlie	942	-	98	43548264	91383
chr10	14778684	14978684	harbor2	chr10	14835773	14836099	DNA/hAT-Charlie	729	-	163	14835936	57252
chr10	14778684	14978684	harbor2	chr10	14854789	14854924	DNA/hAT-Charlie	752	-	68	14854857	76173
chr10	14778684	14978684	harbor2	chr10	14875493	14875724	DNA/hAT-Charlie	1351	-	116	14875609	96925
chr10	14778684	14978684	harbor2	chr10	14875982	14876226	DNA/hAT-Charlie	1351	-	122	14876104	97420
chr10	14778684	14978684	harbor2	chr10	14811091	14811272	DNA/hAT-Charlie	578	-	90	14811181	32497
chr11	5127098	5327098	harbor2	chr11	5136341	5136518	DNA/hAT-Charlie	814	-	88	5136429	9331
chr11	6471157	6671157	harbor2	chr11	6509890	6510088	DNA/hAT-Charlie	488	-	99	6509989	38832
chr11	6471157	6671157	harbor2	chr11	6510385	6510419	DNA/hAT-Charlie	488	-	17	6510402	39245
chr11	5127138	5327138	harbor2	chr11	5136341	5136518	DNA/hAT-Charlie	814	-	88	5136429	9291
chr11	5127141	5327141	harbor2	chr11	5136341	5136518	DNA/hAT-Charlie	814	-	88	5136429	9288
chr11	5127548	5327548	harbor2	chr11	5136341	5136518	DNA/hAT-Charlie	814	-	88	5136429	8881
chr11	76587360	76787360	harbor2	chr11	76649880	76650144	DNA/hAT-Charlie	863	-	132	76650012	62652
chr11	76587360	76787360	harbor2	chr11	76675310	76675490	DNA/hAT-Charlie	837	-	90	76675400	88040
chr11	5127182	5327182	harbor2	chr11	5136341	5136518	DNA/hAT-Charlie	814	-	88	5136429	9247
chr11	123512081	123712081	harbor2	chr11	123553018	123553168	DNA/hAT-Charlie	482	-	75	123553093	41012
chr11	123512081	123712081	harbor2	chr11	123562366	123562622	DNA/hAT-Charlie	1195	-	128	123562494	50413
chr11	5270094	5470094	harbor2	chr11	5271947	5272218	DNA/hAT-Charlie	1118	-	136	5272083	1989
chr11	5270094	5470094	harbor2	chr11	5272524	5272737	DNA/hAT-Charlie	1118	-	106	5272630	2536
chr11	5270094	5470094	harbor2	chr11	5331407	5331693	DNA/hAT-Charlie	923	-	143	5331550	61456
chr11	5127157	5327157	harbor2	chr11	5136341	5136518	DNA/hAT-Charlie	814	-	88	5136429	9272
chr11	5128062	5328062	harbor2	chr11	5136341	5136518	DNA/hAT-Charlie	814	-	88	5136429	8367
chr11	65969869	66169869	harbor2	chr11	66032969	66033175	DNA/hAT-Charlie	994	-	103	66033072	63203
chr11	73042807	73242807	harbor2	chr11	73050046	73050256	DNA/hAT-Charlie	1027	-	105	73050151	7344
chr11	73042807	73242807	harbor2	chr11	73121748	73121933	DNA/hAT-Charlie	818	-	92	73121840	79033
chr11	5127137	5327137	harbor2	chr11	5136341	5136518	DNA/hAT-Charlie	814	-	88	5136429	9292
chr11	5135292	5335292	harbor2	chr11	5136341	5136518	DNA/hAT-Charlie	814	-	88	5136429	1137
chr11	24165672	24365672	harbor2	chr11	24249871	24250068	DNA/hAT-Charlie	636	-	98	24249969	84297
chr11	5127495	5327495	harbor2	chr11	5136341	5136518	DNA/hAT-Charlie	814	-	88	5136429	8934
chr11	5191443	5391443	harbor2	chr11	5271947	5272218	DNA/hAT-Charlie	1118	-	136	5272083	80640
chr11	5191443	5391443	harbor2	chr11	5272524	5272737	DNA/hAT-Charlie	1118	-	106	5272630	81187
chr11	57400290	57600290	harbor2	chr11	57422126	57422540	DNA/hAT-Charlie	1203	-	207	57422333	22043
chr11	57400290	57600290	harbor2	chr11	57427663	57428017	DNA/hAT-Charlie	696	-	177	57427840	27550
chr11	5128051	5328051	harbor2	chr11	5136341	5136518	DNA/hAT-Charlie	814	-	88	5136429	8378
chr11	5134388	5334388	harbor2	chr11	5136341	5136518	DNA/hAT-Charlie	814	-	88	5136429	2041
chr11	5128327	5328327	harbor2	chr11	5136341	5136518	DNA/hAT-Charlie	814	-	88	5136429	8102
chr11	76580960	76780960	harbor2	chr11	76649880	76650144	DNA/hAT-Charlie	863	-	132	76650012	69052
chr11	76580960	76780960	harbor2	chr11	76675310	76675490	DNA/hAT-Charlie	837	-	90	76675400	94440
chr11	5127140	5327140	harbor2	chr11	5136341	5136518	DNA/hAT-Charlie	814	-	88	5136429	9289
chr11	119281619	119481619	harbor2	chr11	119313372	119313396	DNA/hAT-Charlie	1102	-	12	119313384	31765
chr11	119281619	119481619	harbor2	chr11	119313688	119313899	DNA/hAT-Charlie	1102	-	106	119313794	32175
chr11	119281619	119481619	harbor2	chr11	119371036	119371201	DNA/hAT-Charlie	411	-	82	119371118	89499
chr11	5134538	5334538	harbor2	chr11	5136341	5136518	DNA/hAT-Charlie	814	-	88	5136429	1891
chr11	5134084	5334084	harbor2	chr11	5136341	5136518	DNA/hAT-Charlie	814	-	88	5136429	2345
chr11	5134540	5334540	harbor2	chr11	5136341	5136518	DNA/hAT-Charlie	814	-	88	5136429	1889
chr11	5127159	5327159	harbor2	chr11	5136341	5136518	DNA/hAT-Charlie	814	-	88	5136429	9270
chr11	32346594	32546594	harbor2	chr11	32346579	32346935	DNA/hAT-Charlie	1113	-	178	32346757	163
chr11	32346594	32546594	harbor2	chr11	32352281	32352412	DNA/hAT-Charlie	408	-	66	32352347	5753
chr11	32346594	32546594	harbor2	chr11	32352885	32352914	DNA/hAT-Charlie	408	-	14	32352899	6305
chr11	32346594	32546594	harbor2	chr11	32384268	32384480	DNA/hAT-Charlie	1026	-	106	32384374	37780
chr11	32346594	32546594	harbor2	chr11	32405085	32405392	DNA/hAT-Charlie	490	-	154	32405239	58645
chr11	32346594	32546594	harbor2	chr11	32406158	32406546	DNA/hAT-Charlie	1989	-	194	32406352	59758
chr11	5134020	5334020	harbor2	chr11	5136341	5136518	DNA/hAT-Charlie	814	-	88	5136429	2409
chr11	108021913	108221913	harbor2	chr11	108067394	108067586	DNA/hAT-Charlie	562	-	96	108067490	45577
chr11	5133982	5333982	harbor2	chr11	5136341	5136518	DNA/hAT-Charlie	814	-	88	5136429	2447
chr11	5128415	5328415	harbor2	chr11	5136341	5136518	DNA/hAT-Charlie	814	-	88	5136429	8014
chr11	5134352	5334352	harbor2	chr11	5136341	5136518	DNA/hAT-Charlie	814	-	88	5136429	2077
chr11	5226186	5426186	harbor2	chr11	5271947	5272218	DNA/hAT-Charlie	1118	-	136	5272083	45897
chr11	5226186	5426186	harbor2	chr11	5272524	5272737	DNA/hAT-Charlie	1118	-	106	5272630	46444
chr11	5134552	5334552	harbor2	chr11	5136341	5136518	DNA/hAT-Charlie	814	-	88	5136429	1877
chr11	5201291	5401291	harbor2	chr11	5271947	5272218	DNA/hAT-Charlie	1118	-	136	5272083	70792
chr11	5201291	5401291	harbor2	chr11	5272524	5272737	DNA/hAT-Charlie	1118	-	106	5272630	71339
chr11	5127124	5327124	harbor2	chr11	5136341	5136518	DNA/hAT-Charlie	814	-	88	5136429	9305
chr11	108021542	108221542	harbor2	chr11	108067394	108067586	DNA/hAT-Charlie	562	-	96	108067490	45948
chr11	5176047	5376047	harbor2	chr11	5271947	5272218	DNA/hAT-Charlie	1118	-	136	5272083	96036
chr11	5176047	5376047	harbor2	chr11	5272524	5272737	DNA/hAT-Charlie	1118	-	106	5272630	96583
chr11	1471975	1671975	harbor2	chr11	1522651	1522868	DNA/hAT-Charlie	481	-	108	1522759	50784
chr11	5175971	5375971	harbor2	chr11	5271947	5272218	DNA/hAT-Charlie	1118	-	136	5272083	96112
chr11	5175971	5375971	harbor2	chr11	5272524	5272737	DNA/hAT-Charlie	1118	-	106	5272630	96659
chr11	2371480	2571480	harbor2	chr11	2375868	2376072	DNA/hAT-Charlie	501	-	102	2375970	4490
chr11	2371480	2571480	harbor2	chr11	2376101	2376285	DNA/hAT-Charlie	674	-	92	2376193	4713
chr11	2371480	2571480	harbor2	chr11	2451141	2451454	DNA/hAT-Charlie	1914	-	156	2451297	79817
chr11	5127119	5327119	harbor2	chr11	5136341	5136518	DNA/hAT-Charlie	814	-	88	5136429	9310
chr11	5128030	5328030	harbor2	chr11	5136341	5136518	DNA/hAT-Charlie	814	-	88	5136429	8399
chr11	119644666	119844666	harbor2	chr11	119688418	119688605	DNA/hAT-Charlie	702	-	94	119688512	43846
chr11	5127097	5327097	harbor2	chr11	5136341	5136518	DNA/hAT-Charlie	814	-	88	5136429	9332
chr11	5127546	5327546	harbor2	chr11	5136341	5136518	DNA/hAT-Charlie	814	-	88	5136429	8883
chr11	5127094	5327094	harbor2	chr11	5136341	5136518	DNA/hAT-Charlie	814	-	88	5136429	9335
chr11	76580967	76780967	harbor2	chr11	76649880	76650144	DNA/hAT-Charlie	863	-	132	76650012	69045
chr11	76580967	76780967	harbor2	chr11	76675310	76675490	DNA/hAT-Charlie	837	-	90	76675400	94433
chr11	57399778	57599778	harbor2	chr11	57422126	57422540	DNA/hAT-Charlie	1203	-	207	57422333	22555
chr11	57399778	57599778	harbor2	chr11	57427663	57428017	DNA/hAT-Charlie	696	-	177	57427840	28062
chr11	19833606	20033606	harbor2	chr11	19853071	19853235	DNA/hAT-Charlie	807	-	82	19853153	19547
chr11	19833606	20033606	harbor2	chr11	19866175	19866355	DNA/hAT-Charlie	974	-	90	19866265	32659
chr11	19833606	20033606	harbor2	chr11	19916672	19916855	DNA/hAT-Charlie	552	-	92	19916764	83158
chr11	19833606	20033606	harbor2	chr11	19923224	19923462	DNA/hAT-Charlie	530	-	119	19923343	89737
chr11	19833606	20033606	harbor2	chr11	19928138	19928427	DNA/hAT-Charlie	476	-	144	19928282	94676
chr11	20632633	20832633	harbor2	chr11	20635714	20635945	DNA/hAT-Charlie	1040	-	116	20635830	3197
chr11	20632633	20832633	harbor2	chr11	20682209	20682541	DNA/hAT-Charlie	1061	-	166	20682375	49742
chr11	20632633	20832633	harbor2	chr11	20685308	20685436	DNA/hAT-Charlie	648	-	64	20685372	52739
chr11	20632633	20832633	harbor2	chr11	20708811	20709122	DNA/hAT-Charlie	1933	-	156	20708967	76334
chr11	128776611	128976611	harbor2	chr11	128840532	128840791	DNA/hAT-Charlie	436	-	130	128840662	64051
chr11	128776611	128976611	harbor2	chr11	128867671	128867823	DNA/hAT-Charlie	948	-	76	128867747	91136
chr11	128776611	128976611	harbor2	chr11	128868656	128869051	DNA/hAT-Charlie	2679	-	198	128868854	92243
chr11	5127985	5327985	harbor2	chr11	5136341	5136518	DNA/hAT-Charlie	814	-	88	5136429	8444
chr11	115396578	115596578	harbor2	chr11	115471547	115471702	DNA/hAT-Charlie	763	-	78	115471625	75047
chr11	115396578	115596578	harbor2	chr11	115483733	115483930	DNA/hAT-Charlie	991	-	98	115483831	87253
chr11	5134553	5334553	harbor2	chr11	5136341	5136518	DNA/hAT-Charlie	814	-	88	5136429	1876
chr11	44479732	44679732	harbor2	chr11	44481282	44481558	DNA/hAT-Charlie	803	-	138	44481420	1688
chr11	44479732	44679732	harbor2	chr11	44516044	44516099	DNA/hAT-Charlie	459	-	28	44516072	36340
chr11	44479732	44679732	harbor2	chr11	44516393	44516600	DNA/hAT-Charlie	459	-	104	44516497	36765
chr11	44479732	44679732	harbor2	chr11	44533169	44533295	DNA/hAT-Charlie	793	-	63	44533232	53500
chr11	44479732	44679732	harbor2	chr11	44533596	44533657	DNA/hAT-Charlie	793	-	30	44533626	53894
chr11	44479732	44679732	harbor2	chr11	44533969	44534075	DNA/hAT-Charlie	793	-	53	44534022	54290
chr11	44479732	44679732	harbor2	chr11	44557252	44557519	DNA/hAT-Charlie	643	-	134	44557386	77654
chr11	44479732	44679732	harbor2	chr11	44564177	44564344	DNA/hAT-Charlie	771	-	84	44564261	84529
chr11	44479732	44679732	harbor2	chr11	44575439	44575620	DNA/hAT-Charlie	1016	-	90	44575529	95797
chr11	5127528	5327528	harbor2	chr11	5136341	5136518	DNA/hAT-Charlie	814	-	88	5136429	8901
chr11	5127122	5327122	harbor2	chr11	5136341	5136518	DNA/hAT-Charlie	814	-	88	5136429	9307
chr11	5181711	5381711	harbor2	chr11	5271947	5272218	DNA/hAT-Charlie	1118	-	136	5272083	90372
chr11	5181711	5381711	harbor2	chr11	5272524	5272737	DNA/hAT-Charlie	1118	-	106	5272630	90919
chr11	5221268	5421268	harbor2	chr11	5271947	5272218	DNA/hAT-Charlie	1118	-	136	5272083	50815
chr11	5221268	5421268	harbor2	chr11	5272524	5272737	DNA/hAT-Charlie	1118	-	106	5272630	51362
chr11	108021539	108221539	harbor2	chr11	108067394	108067586	DNA/hAT-Charlie	562	-	96	108067490	45951
chr11	111441454	111641454	harbor2	chr11	111453977	111454124	DNA/hAT-Charlie	761	-	74	111454051	12597
chr11	111441454	111641454	harbor2	chr11	111502068	111502138	DNA/hAT-Charlie	715	-	35	111502103	60649
chr11	111441454	111641454	harbor2	chr11	111502272	111502370	DNA/hAT-Charlie	715	-	49	111502321	60867
chr11	73152931	73352931	harbor2	chr11	73233788	73233960	DNA/hAT-Charlie	469	-	86	73233874	80943
chr11	64914593	65114593	harbor2	chr11	64975399	64975560	DNA/hAT-Charlie	751	-	80	64975479	60886
chr11	64914593	65114593	harbor2	chr11	65011539	65011701	DNA/hAT-Charlie	460	-	81	65011620	97027
chr11	64914593	65114593	harbor2	chr11	65011775	65011839	DNA/hAT-Charlie	460	-	32	65011807	97214
chr11	5134462	5334462	harbor2	chr11	5136341	5136518	DNA/hAT-Charlie	814	-	88	5136429	1967
chr11	125389599	125589599	harbor2	chr11	125434278	125434506	DNA/hAT-Charlie	654	-	114	125434392	44793
chr11	125389599	125589599	harbor2	chr11	125443556	125443682	DNA/hAT-Charlie	732	-	63	125443619	54020
chr11	124701200	124901200	harbor2	chr11	124793507	124793704	DNA/hAT-Charlie	1042	-	98	124793605	92405
chr11	124701200	124901200	harbor2	chr11	124793960	124794164	DNA/hAT-Charlie	873	-	102	124794062	92862
chr11	5135406	5335406	harbor2	chr11	5136341	5136518	DNA/hAT-Charlie	814	-	88	5136429	1023
chr11	5134536	5334536	harbor2	chr11	5136341	5136518	DNA/hAT-Charlie	814	-	88	5136429	1893
chr11	69543435	69743435	harbor2	chr11	69612675	69612867	DNA/hAT-Charlie	828	-	96	69612771	69336
chr11	69543435	69743435	harbor2	chr11	69613461	69613771	DNA/hAT-Charlie	828	-	155	69613616	70181
chr11	76580928	76780928	harbor2	chr11	76649880	76650144	DNA/hAT-Charlie	863	-	132	76650012	69084
chr11	76580928	76780928	harbor2	chr11	76675310	76675490	DNA/hAT-Charlie	837	-	90	76675400	94472
chr11	5270036	5470036	harbor2	chr11	5271947	5272218	DNA/hAT-Charlie	1118	-	136	5272083	2047
chr11	5270036	5470036	harbor2	chr11	5272524	5272737	DNA/hAT-Charlie	1118	-	106	5272630	2594
chr11	5270036	5470036	harbor2	chr11	5331407	5331693	DNA/hAT-Charlie	923	-	143	5331550	61514
chr11	5127125	5327125	harbor2	chr11	5136341	5136518	DNA/hAT-Charlie	814	-	88	5136429	9304
chr11	5191352	5391352	harbor2	chr11	5271947	5272218	DNA/hAT-Charlie	1118	-	136	5272083	80731
chr11	5191352	5391352	harbor2	chr11	5272524	5272737	DNA/hAT-Charlie	1118	-	106	5272630	81278
chr11	67383369	67583369	harbor2	chr11	67461579	67461852	DNA/hAT-Charlie	729	-	136	67461715	78346
chr11	68651712	68851712	harbor2	chr11	68660952	68661152	DNA/hAT-Charlie	857	-	100	68661052	9340
chr11	68651712	68851712	harbor2	chr11	68740102	68740278	DNA/hAT-Charlie	800	-	88	68740190	88478
chr11	5134532	5334532	harbor2	chr11	5136341	5136518	DNA/hAT-Charlie	814	-	88	5136429	1897
chr11	72131325	72331325	harbor2	chr11	72147566	72147615	DNA/hAT-Charlie	403	-	24	72147590	16265
chr11	72131325	72331325	harbor2	chr11	72147618	72147704	DNA/hAT-Charlie	531	-	43	72147661	16336
chr11	72131325	72331325	harbor2	chr11	72219307	72219822	DNA/hAT-Charlie	1774	-	258	72219565	88240
chr11	5127149	5327149	harbor2	chr11	5136341	5136518	DNA/hAT-Charlie	814	-	88	5136429	9280
chr11	105168684	105368684	harbor2	chr11	105260594	105260806	DNA/hAT-Charlie	885	-	106	105260700	92016
chr11	5128043	5328043	harbor2	chr11	5136341	5136518	DNA/hAT-Charlie	814	-	88	5136429	8386
chr11	5129645	5329645	harbor2	chr11	5136341	5136518	DNA/hAT-Charlie	814	-	88	5136429	6784
chr11	5175946	5375946	harbor2	chr11	5271947	5272218	DNA/hAT-Charlie	1118	-	136	5272083	96137
chr11	5175946	5375946	harbor2	chr11	5272524	5272737	DNA/hAT-Charlie	1118	-	106	5272630	96684
chr11	5134537	5334537	harbor2	chr11	5136341	5136518	DNA/hAT-Charlie	814	-	88	5136429	1892
chr11	108021866	108221866	harbor2	chr11	108067394	108067586	DNA/hAT-Charlie	562	-	96	108067490	45624
chr11	108021556	108221556	harbor2	chr11	108067394	108067586	DNA/hAT-Charlie	562	-	96	108067490	45934
chr11	5134924	5334924	harbor2	chr11	5136341	5136518	DNA/hAT-Charlie	814	-	88	5136429	1505
chr11	5127139	5327139	harbor2	chr11	5136341	5136518	DNA/hAT-Charlie	814	-	88	5136429	9290
chr11	20061870	20261870	harbor2	chr11	20091720	20091939	DNA/hAT-Charlie	796	-	110	20091830	29960
chr11	20061870	20261870	harbor2	chr11	20144135	20144656	DNA/hAT-Charlie	3857	-	260	20144395	82525
chr11	5503303	5703303	harbor2	chr11	5579263	5579426	DNA/hAT-Charlie	728	-	82	5579345	76042
chr11	5503303	5703303	harbor2	chr11	5597876	5598016	DNA/hAT-Charlie	473	-	70	5597946	94643
chr11	5503303	5703303	harbor2	chr11	5598456	5598734	DNA/hAT-Charlie	1122	-	139	5598595	95292
chr11	64807264	65007264	harbor2	chr11	64814707	64814903	DNA/hAT-Charlie	928	-	98	64814805	7541
chr11	64807264	65007264	harbor2	chr11	64816318	64816343	DNA/hAT-Charlie	794	-	12	64816330	9066
chr11	64807264	65007264	harbor2	chr11	64816660	64816750	DNA/hAT-Charlie	794	-	45	64816705	9441
chr11	64807264	65007264	harbor2	chr11	64817361	64817501	DNA/hAT-Charlie	794	-	70	64817431	10167
chr11	6583608	6783608	harbor2	chr11	6637210	6637422	DNA/hAT-Charlie	1184	-	106	6637316	53708
chr11	46517295	46717295	harbor2	chr11	46519804	46519866	DNA/hAT-Charlie	565	-	31	46519835	2540
chr11	46517295	46717295	harbor2	chr11	46520159	46520250	DNA/hAT-Charlie	565	-	46	46520205	2910
chr11	46517295	46717295	harbor2	chr11	46520249	46520405	DNA/hAT-Charlie	938	-	78	46520327	3032
chr11	46517295	46717295	harbor2	chr11	46538854	46539048	DNA/hAT-Charlie	928	-	97	46538951	21656
chr11	46517295	46717295	harbor2	chr11	46574599	46574744	DNA/hAT-Charlie	489	-	72	46574671	57376
chr11	5127134	5327134	harbor2	chr11	5136341	5136518	DNA/hAT-Charlie	814	-	88	5136429	9295
chr11	5134274	5334274	harbor2	chr11	5136341	5136518	DNA/hAT-Charlie	814	-	88	5136429	2155
chr11	5211379	5411379	harbor2	chr11	5271947	5272218	DNA/hAT-Charlie	1118	-	136	5272083	60704
chr11	5211379	5411379	harbor2	chr11	5272524	5272737	DNA/hAT-Charlie	1118	-	106	5272630	61251
chr11	5134545	5334545	harbor2	chr11	5136341	5136518	DNA/hAT-Charlie	814	-	88	5136429	1884
chr11	5130232	5330232	harbor2	chr11	5136341	5136518	DNA/hAT-Charlie	814	-	88	5136429	6197
chr11	5127145	5327145	harbor2	chr11	5136341	5136518	DNA/hAT-Charlie	814	-	88	5136429	9284
chr11	5134509	5334509	harbor2	chr11	5136341	5136518	DNA/hAT-Charlie	814	-	88	5136429	1920
chr11	5127131	5327131	harbor2	chr11	5136341	5136518	DNA/hAT-Charlie	814	-	88	5136429	9298
chr11	1471923	1671923	harbor2	chr11	1522651	1522868	DNA/hAT-Charlie	481	-	108	1522759	50836
chr11	108021552	108221552	harbor2	chr11	108067394	108067586	DNA/hAT-Charlie	562	-	96	108067490	45938
chr11	5135402	5335402	harbor2	chr11	5136341	5136518	DNA/hAT-Charlie	814	-	88	5136429	1027
chr11	64540474	64740474	harbor2	chr11	64546086	64546250	DNA/hAT-Charlie	942	-	82	64546168	5694
chr11	5127113	5327113	harbor2	chr11	5136341	5136518	DNA/hAT-Charlie	814	-	88	5136429	9316
chr11	5127198	5327198	harbor2	chr11	5136341	5136518	DNA/hAT-Charlie	814	-	88	5136429	9231
chr11	76580957	76780957	harbor2	chr11	76649880	76650144	DNA/hAT-Charlie	863	-	132	76650012	69055
chr11	76580957	76780957	harbor2	chr11	76675310	76675490	DNA/hAT-Charlie	837	-	90	76675400	94443
chr11	67172236	67372236	harbor2	chr11	67220510	67220665	DNA/hAT-Charlie	687	-	78	67220588	48352
chr11	67172236	67372236	harbor2	chr11	67220666	67220913	DNA/hAT-Charlie	1129	-	124	67220790	48554
chr11	67172236	67372236	harbor2	chr11	67244588	67244703	DNA/hAT-Charlie	625	-	58	67244646	72410
chr11	67172236	67372236	harbor2	chr11	67245003	67245094	DNA/hAT-Charlie	625	-	46	67245049	72813
chr11	5199897	5399897	harbor2	chr11	5271947	5272218	DNA/hAT-Charlie	1118	-	136	5272083	72186
chr11	5199897	5399897	harbor2	chr11	5272524	5272737	DNA/hAT-Charlie	1118	-	106	5272630	72733
chr11	5134148	5334148	harbor2	chr11	5136341	5136518	DNA/hAT-Charlie	814	-	88	5136429	2281
chr11	2056450	2256450	harbor2	chr11	2111330	2111482	DNA/hAT-Charlie	440	-	76	2111406	54956
chr11	2056450	2256450	harbor2	chr11	2111965	2112363	DNA/hAT-Charlie	884	-	199	2112164	55714
chr11	2056450	2256450	harbor2	chr11	2113288	2113323	DNA/hAT-Charlie	901	-	18	2113306	56856
chr11	2056450	2256450	harbor2	chr11	2113595	2113908	DNA/hAT-Charlie	901	-	156	2113751	57301
chr11	2056450	2256450	harbor2	chr11	2113942	2114133	DNA/hAT-Charlie	773	-	96	2114038	57588
chr11	5269991	5469991	harbor2	chr11	5271947	5272218	DNA/hAT-Charlie	1118	-	136	5272083	2092
chr11	5269991	5469991	harbor2	chr11	5272524	5272737	DNA/hAT-Charlie	1118	-	106	5272630	2639
chr11	5269991	5469991	harbor2	chr11	5331407	5331693	DNA/hAT-Charlie	923	-	143	5331550	61559
chr11	5129657	5329657	harbor2	chr11	5136341	5136518	DNA/hAT-Charlie	814	-	88	5136429	6772
chr11	16505889	16705889	harbor2	chr11	16596719	16596877	DNA/hAT-Charlie	603	-	79	16596798	90909
chr11	129795685	129995685	harbor2	chr11	129838217	129838361	DNA/hAT-Charlie	456	-	72	129838289	42604
chr11	129795685	129995685	harbor2	chr11	129863651	129863847	DNA/hAT-Charlie	884	-	98	129863749	68064
chr11	64545468	64745468	harbor2	chr11	64546086	64546250	DNA/hAT-Charlie	942	-	82	64546168	700
chr11	5127118	5327118	harbor2	chr11	5136341	5136518	DNA/hAT-Charlie	814	-	88	5136429	9311
chr11	5280964	5480964	harbor2	chr11	5331407	5331693	DNA/hAT-Charlie	923	-	143	5331550	50586
chr11	5130451	5330451	harbor2	chr11	5136341	5136518	DNA/hAT-Charlie	814	-	88	5136429	5978
chr11	119007408	119207408	harbor2	chr11	119010843	119011146	DNA/hAT-Charlie	1752	-	152	119010995	3587
chr11	119007408	119207408	harbor2	chr11	119045899	119045970	DNA/hAT-Charlie	694	-	36	119045935	38527
chr11	119007408	119207408	harbor2	chr11	119046266	119046370	DNA/hAT-Charlie	694	-	52	119046318	38910
chr11	119007408	119207408	harbor2	chr11	119054724	119054933	DNA/hAT-Charlie	1227	-	104	119054828	47420
chr11	43955448	44155448	harbor2	chr11	43993977	43994093	DNA/hAT-Charlie	494	-	58	43994035	38587
chr11	43955448	44155448	harbor2	chr11	44001218	44001488	DNA/hAT-Charlie	425	-	135	44001353	45905
chr11	43955448	44155448	harbor2	chr11	44047381	44047605	DNA/hAT-Charlie	1179	-	112	44047493	92045
chr11	78110765	78310765	harbor2	chr11	78206600	78206793	DNA/hAT-Charlie	682	-	96	78206696	95931
chr11	84774083	84974083	harbor2	chr11	84821296	84821610	DNA/hAT-Charlie	1140	-	157	84821453	47370
chr11	64349298	64549298	harbor2	chr11	64355830	64355938	DNA/hAT-Charlie	496	-	54	64355884	6586
chr11	64349298	64549298	harbor2	chr11	64428419	64428586	DNA/hAT-Charlie	1160	-	84	64428503	79205
chr11	64349298	64549298	harbor2	chr11	64435133	64435275	DNA/hAT-Charlie	547	-	71	64435204	85906
chr11	64349298	64549298	harbor2	chr11	64435304	64435511	DNA/hAT-Charlie	963	-	104	64435408	86110
chr11	64349298	64549298	harbor2	chr11	64447976	64448124	DNA/hAT-Charlie	736	-	74	64448050	98752
chr11	108021537	108221537	harbor2	chr11	108067394	108067586	DNA/hAT-Charlie	562	-	96	108067490	45953
chr11	5191359	5391359	harbor2	chr11	5271947	5272218	DNA/hAT-Charlie	1118	-	136	5272083	80724
chr11	5191359	5391359	harbor2	chr11	5272524	5272737	DNA/hAT-Charlie	1118	-	106	5272630	81271
chr11	5130062	5330062	harbor2	chr11	5136341	5136518	DNA/hAT-Charlie	814	-	88	5136429	6367
chr11	5191377	5391377	harbor2	chr11	5271947	5272218	DNA/hAT-Charlie	1118	-	136	5272083	80706
chr11	5191377	5391377	harbor2	chr11	5272524	5272737	DNA/hAT-Charlie	1118	-	106	5272630	81253
chr11	5132412	5332412	harbor2	chr11	5136341	5136518	DNA/hAT-Charlie	814	-	88	5136429	4017
chr11	5129603	5329603	harbor2	chr11	5136341	5136518	DNA/hAT-Charlie	814	-	88	5136429	6826
chr11	73152932	73352932	harbor2	chr11	73233788	73233960	DNA/hAT-Charlie	469	-	86	73233874	80942
chr11	5134257	5334257	harbor2	chr11	5136341	5136518	DNA/hAT-Charlie	814	-	88	5136429	2172
chr11	27326376	27526376	harbor2	chr11	27371350	27371481	DNA/hAT-Charlie	535	-	66	27371416	45040
chr11	27326376	27526376	harbor2	chr11	27375531	27375753	DNA/hAT-Charlie	979	-	111	27375642	49266
chr11	74202004	74402004	harbor2	chr11	74205829	74206106	DNA/hAT-Charlie	906	-	138	74205967	3963
chr11	74202004	74402004	harbor2	chr11	74252558	74252761	DNA/hAT-Charlie	1150	-	102	74252660	50656
chr11	74202004	74402004	harbor2	chr11	74269994	74270050	DNA/hAT-Charlie	452	-	28	74270022	68018
chr11	74202004	74402004	harbor2	chr11	74270095	74270259	DNA/hAT-Charlie	452	-	82	74270177	68173
chr11	5227113	5427113	harbor2	chr11	5271947	5272218	DNA/hAT-Charlie	1118	-	136	5272083	44970
chr11	5227113	5427113	harbor2	chr11	5272524	5272737	DNA/hAT-Charlie	1118	-	106	5272630	45517
chr11	43448895	43648895	harbor2	chr11	43470685	43470865	DNA/hAT-Charlie	756	-	90	43470775	21880
chr11	43448895	43648895	harbor2	chr11	43491398	43491610	DNA/hAT-Charlie	789	-	106	43491504	42609
chr11	43448895	43648895	harbor2	chr11	43491662	43491884	DNA/hAT-Charlie	864	-	111	43491773	42878
chr11	43448895	43648895	harbor2	chr11	43504906	43505115	DNA/hAT-Charlie	835	-	104	43505010	56115
chr11	43448895	43648895	harbor2	chr11	43514638	43514789	DNA/hAT-Charlie	657	-	76	43514714	65819
chr11	43448895	43648895	harbor2	chr11	43517845	43518138	DNA/hAT-Charlie	1142	-	146	43517991	69096
chr11	43448895	43648895	harbor2	chr11	43518433	43518634	DNA/hAT-Charlie	1142	-	100	43518533	69638
chr11	133733618	133933618	harbor2	chr11	133776261	133776456	DNA/hAT-Charlie	875	-	98	133776359	42741
chr11	27266585	27466585	harbor2	chr11	27279168	27279312	DNA/hAT-Charlie	580	-	72	27279240	12655
chr11	27266585	27466585	harbor2	chr11	27299274	27299486	DNA/hAT-Charlie	524	-	106	27299380	32795
chr11	27266585	27466585	harbor2	chr11	27314915	27315166	DNA/hAT-Charlie	733	-	126	27315041	48456
chr11	46346052	46546052	harbor2	chr11	46349852	46349998	DNA/hAT-Charlie	485	-	73	46349925	3873
chr11	46346052	46546052	harbor2	chr11	46427505	46427680	DNA/hAT-Charlie	883	-	88	46427593	81541
chr11	46346052	46546052	harbor2	chr11	46437922	46438056	DNA/hAT-Charlie	469	-	67	46437989	91937
chr11	68333728	68533728	harbor2	chr11	68386808	68386964	DNA/hAT-Charlie	522	-	78	68386886	53158
chr11	69540352	69740352	harbor2	chr11	69612675	69612867	DNA/hAT-Charlie	828	-	96	69612771	72419
chr11	69540352	69740352	harbor2	chr11	69613461	69613771	DNA/hAT-Charlie	828	-	155	69613616	73264
chr11	108021538	108221538	harbor2	chr11	108067394	108067586	DNA/hAT-Charlie	562	-	96	108067490	45952
chr11	9360730	9560730	harbor2	chr11	9420812	9420948	DNA/hAT-Charlie	541	-	68	9420880	60150
chr11	9360730	9560730	harbor2	chr11	9421261	9421365	DNA/hAT-Charlie	509	-	52	9421313	60583
chr11	9360730	9560730	harbor2	chr11	9421640	9421662	DNA/hAT-Charlie	556	-	11	9421651	60921
chr11	9360730	9560730	harbor2	chr11	9421957	9421997	DNA/hAT-Charlie	556	-	20	9421977	61247
chr11	9360730	9560730	harbor2	chr11	9422243	9422258	DNA/hAT-Charlie	556	-	8	9422251	61521
chr11	9360730	9560730	harbor2	chr11	9422298	9422513	DNA/hAT-Charlie	556	-	108	9422406	61676
chr11	9360730	9560730	harbor2	chr11	9429927	9430213	DNA/hAT-Charlie	1550	-	143	9430070	69340
chr11	73042796	73242796	harbor2	chr11	73050046	73050256	DNA/hAT-Charlie	1027	-	105	73050151	7355
chr11	73042796	73242796	harbor2	chr11	73121748	73121933	DNA/hAT-Charlie	818	-	92	73121840	79044
chr11	5199336	5399336	harbor2	chr11	5271947	5272218	DNA/hAT-Charlie	1118	-	136	5272083	72747
chr11	5199336	5399336	harbor2	chr11	5272524	5272737	DNA/hAT-Charlie	1118	-	106	5272630	73294
chr11	45786822	45986822	harbor2	chr11	45787146	45787660	DNA/hAT-Charlie	3808	-	257	45787403	581
chr11	45786822	45986822	harbor2	chr11	45807243	45807419	DNA/hAT-Charlie	655	-	88	45807331	20509
chr11	45786822	45986822	harbor2	chr11	45829016	45829317	DNA/hAT-Charlie	802	-	150	45829166	42344
chr11	45786822	45986822	harbor2	chr11	45830455	45830628	DNA/hAT-Charlie	640	-	86	45830541	43719
chr11	45786822	45986822	harbor2	chr11	45849539	45849617	DNA/hAT-Charlie	405	-	39	45849578	62756
chr11	45786822	45986822	harbor2	chr11	45849924	45849979	DNA/hAT-Charlie	405	-	28	45849952	63130
chr11	45786822	45986822	harbor2	chr11	45852779	45852947	DNA/hAT-Charlie	844	-	84	45852863	66041
chr11	32377105	32577105	harbor2	chr11	32384268	32384480	DNA/hAT-Charlie	1026	-	106	32384374	7269
chr11	32377105	32577105	harbor2	chr11	32405085	32405392	DNA/hAT-Charlie	490	-	154	32405239	28134
chr11	32377105	32577105	harbor2	chr11	32406158	32406546	DNA/hAT-Charlie	1989	-	194	32406352	29247
chr11	5135401	5335401	harbor2	chr11	5136341	5136518	DNA/hAT-Charlie	814	-	88	5136429	1028
chr11	10799794	10999794	harbor2	chr11	10806179	10806347	DNA/hAT-Charlie	772	-	84	10806263	6469
chr11	10799794	10999794	harbor2	chr11	10852863	10854628	DNA/hAT-Charlie	1474	-	882	10853745	53951
chr11	10799794	10999794	harbor2	chr11	10854673	10855269	DNA/hAT-Charlie	2611	-	298	10854971	55177
chr11	10799794	10999794	harbor2	chr11	10855373	10855505	DNA/hAT-Charlie	756	-	66	10855439	55645
chr11	10799794	10999794	harbor2	chr11	10882479	10883695	DNA/hAT-Charlie	5733	-	608	10883087	83293
chr11	10799794	10999794	harbor2	chr11	10885136	10885217	DNA/hAT-Charlie	474	-	40	10885176	85382
chr11	10799794	10999794	harbor2	chr11	10892835	10892954	DNA/hAT-Charlie	540	-	60	10892895	93101
chr11	47115696	47315696	harbor2	chr11	47123181	47123439	DNA/hAT-Charlie	567	-	129	47123310	7614
chr11	47115696	47315696	harbor2	chr11	47144785	47144960	DNA/hAT-Charlie	1067	-	88	47144873	29177
chr11	47115696	47315696	harbor2	chr11	47167643	47167836	DNA/hAT-Charlie	891	-	96	47167739	52043
chr11	5130296	5330296	harbor2	chr11	5136341	5136518	DNA/hAT-Charlie	814	-	88	5136429	6133
chr11	69543489	69743489	harbor2	chr11	69612675	69612867	DNA/hAT-Charlie	828	-	96	69612771	69282
chr11	69543489	69743489	harbor2	chr11	69613461	69613771	DNA/hAT-Charlie	828	-	155	69613616	70127
chr11	5127143	5327143	harbor2	chr11	5136341	5136518	DNA/hAT-Charlie	814	-	88	5136429	9286
chr11	2288029	2488029	harbor2	chr11	2375868	2376072	DNA/hAT-Charlie	501	-	102	2375970	87941
chr11	2288029	2488029	harbor2	chr11	2376101	2376285	DNA/hAT-Charlie	674	-	92	2376193	88164
chr11	5127183	5327183	harbor2	chr11	5136341	5136518	DNA/hAT-Charlie	814	-	88	5136429	9246
chr11	5127212	5327212	harbor2	chr11	5136341	5136518	DNA/hAT-Charlie	814	-	88	5136429	9217
chr11	5134525	5334525	harbor2	chr11	5136341	5136518	DNA/hAT-Charlie	814	-	88	5136429	1904
chr11	5130571	5330571	harbor2	chr11	5136341	5136518	DNA/hAT-Charlie	814	-	88	5136429	5858
chr11	5130397	5330397	harbor2	chr11	5136341	5136518	DNA/hAT-Charlie	814	-	88	5136429	6032
chr11	69540160	69740160	harbor2	chr11	69612675	69612867	DNA/hAT-Charlie	828	-	96	69612771	72611
chr11	69540160	69740160	harbor2	chr11	69613461	69613771	DNA/hAT-Charlie	828	-	155	69613616	73456
chr11	22729649	22929649	harbor2	chr11	22732939	22733098	DNA/hAT-Charlie	632	-	80	22733019	3370
chr11	22729649	22929649	harbor2	chr11	22776230	22776403	DNA/hAT-Charlie	665	-	86	22776316	46667
chr11	22729649	22929649	harbor2	chr11	22788347	22788557	DNA/hAT-Charlie	770	-	105	22788452	58803
chr11	5204580	5404580	harbor2	chr11	5271947	5272218	DNA/hAT-Charlie	1118	-	136	5272083	67503
chr11	5204580	5404580	harbor2	chr11	5272524	5272737	DNA/hAT-Charlie	1118	-	106	5272630	68050
chr11	38440721	38640721	harbor2	chr11	38496985	38497241	DNA/hAT-Charlie	996	-	128	38497113	56392
chr11	108021971	108221971	harbor2	chr11	108067394	108067586	DNA/hAT-Charlie	562	-	96	108067490	45519
chr11	126632918	126832918	harbor2	chr11	126661674	126661843	DNA/hAT-Charlie	741	-	84	126661758	28840
chr11	126632918	126832918	harbor2	chr11	126682546	126682879	DNA/hAT-Charlie	1975	-	166	126682712	49794
chr11	126632918	126832918	harbor2	chr11	126699417	126699727	DNA/hAT-Charlie	1010	-	155	126699572	66654
chr11	63743240	63943240	harbor2	chr11	63752203	63752420	DNA/hAT-Charlie	660	-	108	63752311	9071
chr11	63743240	63943240	harbor2	chr11	63760739	63760900	DNA/hAT-Charlie	756	-	80	63760819	17579
chr11	63743240	63943240	harbor2	chr11	63796850	63797198	DNA/hAT-Charlie	1822	-	174	63797024	53784
chr11	64541790	64741790	harbor2	chr11	64546086	64546250	DNA/hAT-Charlie	942	-	82	64546168	4378
chr11	67175747	67375747	harbor2	chr11	67220510	67220665	DNA/hAT-Charlie	687	-	78	67220588	44841
chr11	67175747	67375747	harbor2	chr11	67220666	67220913	DNA/hAT-Charlie	1129	-	124	67220790	45043
chr11	67175747	67375747	harbor2	chr11	67244588	67244703	DNA/hAT-Charlie	625	-	58	67244646	68899
chr11	67175747	67375747	harbor2	chr11	67245003	67245094	DNA/hAT-Charlie	625	-	46	67245049	69302
chr11	5128321	5328321	harbor2	chr11	5136341	5136518	DNA/hAT-Charlie	814	-	88	5136429	8108
chr11	5127556	5327556	harbor2	chr11	5136341	5136518	DNA/hAT-Charlie	814	-	88	5136429	8873
chr11	65948857	66148857	harbor2	chr11	65969144	65969324	DNA/hAT-Charlie	569	-	90	65969234	20377
chr11	65948857	66148857	harbor2	chr11	66032969	66033175	DNA/hAT-Charlie	994	-	103	66033072	84215
chr11	3245481	3445481	harbor2	chr11	3249064	3249395	DNA/hAT-Charlie	2156	-	166	3249230	3749
chr11	3245481	3445481	harbor2	chr11	3294867	3295198	DNA/hAT-Charlie	2116	-	166	3295033	49552
chr11	3245481	3445481	harbor2	chr11	3342206	3342426	DNA/hAT-Charlie	1441	-	110	3342316	96835
chr11	936654	1136654	harbor2	chr11	962984	963148	DNA/hAT-Charlie	726	-	82	963066	26412
chr11	936654	1136654	harbor2	chr11	963452	963576	DNA/hAT-Charlie	726	-	62	963514	26860
chr11	9520097	9720097	harbor2	chr11	9594091	9594631	DNA/hAT-Charlie	3479	-	270	9594361	74264
chr11	5134529	5334529	harbor2	chr11	5136341	5136518	DNA/hAT-Charlie	814	-	88	5136429	1900
chr11	58480005	58680005	harbor2	chr11	58509894	58510131	DNA/hAT-Charlie	1115	-	118	58510012	30007
chr11	58480005	58680005	harbor2	chr11	58544253	58544406	DNA/hAT-Charlie	893	-	76	58544329	64324
chr11	3116281	3316281	harbor2	chr11	3208142	3208588	DNA/hAT-Charlie	525	-	223	3208365	92084
chr11	5134380	5334380	harbor2	chr11	5136341	5136518	DNA/hAT-Charlie	814	-	88	5136429	2049
chr11	5130263	5330263	harbor2	chr11	5136341	5136518	DNA/hAT-Charlie	814	-	88	5136429	6166
chr11	76580984	76780984	harbor2	chr11	76649880	76650144	DNA/hAT-Charlie	863	-	132	76650012	69028
chr11	76580984	76780984	harbor2	chr11	76675310	76675490	DNA/hAT-Charlie	837	-	90	76675400	94416
chr11	76580958	76780958	harbor2	chr11	76649880	76650144	DNA/hAT-Charlie	863	-	132	76650012	69054
chr11	76580958	76780958	harbor2	chr11	76675310	76675490	DNA/hAT-Charlie	837	-	90	76675400	94442
chr11	119275286	119475286	harbor2	chr11	119313372	119313396	DNA/hAT-Charlie	1102	-	12	119313384	38098
chr11	119275286	119475286	harbor2	chr11	119313688	119313899	DNA/hAT-Charlie	1102	-	106	119313794	38508
chr11	119275286	119475286	harbor2	chr11	119371036	119371201	DNA/hAT-Charlie	411	-	82	119371118	95832
chr11	11446354	11646354	harbor2	chr11	11446876	11447038	DNA/hAT-Charlie	724	-	81	11446957	603
chr11	11446354	11646354	harbor2	chr11	11462037	11462201	DNA/hAT-Charlie	644	-	82	11462119	15765
chr11	11446354	11646354	harbor2	chr11	11465996	11466242	DNA/hAT-Charlie	517	-	123	11466119	19765
chr11	108021777	108221777	harbor2	chr11	108067394	108067586	DNA/hAT-Charlie	562	-	96	108067490	45713
chr11	5254996	5454996	harbor2	chr11	5271947	5272218	DNA/hAT-Charlie	1118	-	136	5272083	17087
chr11	5254996	5454996	harbor2	chr11	5272524	5272737	DNA/hAT-Charlie	1118	-	106	5272630	17634
chr11	5254996	5454996	harbor2	chr11	5331407	5331693	DNA/hAT-Charlie	923	-	143	5331550	76554
chr11	68333892	68533892	harbor2	chr11	68386808	68386964	DNA/hAT-Charlie	522	-	78	68386886	52994
chr11	3994569	4194569	harbor2	chr11	3998901	3999063	DNA/hAT-Charlie	1023	-	81	3998982	4413
chr11	3994569	4194569	harbor2	chr11	3999336	3999384	DNA/hAT-Charlie	1023	-	24	3999360	4791
chr11	3994569	4194569	harbor2	chr11	4048228	4048443	DNA/hAT-Charlie	839	-	108	4048336	53767
chr11	3994569	4194569	harbor2	chr11	4048474	4048668	DNA/hAT-Charlie	627	-	97	4048571	54002
chr11	3994569	4194569	harbor2	chr11	4078535	4078569	DNA/hAT-Charlie	780	-	17	4078552	83983
chr11	3994569	4194569	harbor2	chr11	4078870	4079010	DNA/hAT-Charlie	780	-	70	4078940	84371
chr11	3994569	4194569	harbor2	chr11	4079595	4079668	DNA/hAT-Charlie	780	-	36	4079631	85062
chr11	5127207	5327207	harbor2	chr11	5136341	5136518	DNA/hAT-Charlie	814	-	88	5136429	9222
chr11	133621545	133821545	harbor2	chr11	133662071	133662230	DNA/hAT-Charlie	499	-	80	133662151	40606
chr11	5130262	5330262	harbor2	chr11	5136341	5136518	DNA/hAT-Charlie	814	-	88	5136429	6167
chr11	66161658	66361658	harbor2	chr11	66178529	66178960	DNA/hAT-Charlie	1463	-	216	66178745	17087
chr11	5127995	5327995	harbor2	chr11	5136341	5136518	DNA/hAT-Charlie	814	-	88	5136429	8434
chr11	72123532	72323532	harbor2	chr11	72147566	72147615	DNA/hAT-Charlie	403	-	24	72147590	24058
chr11	72123532	72323532	harbor2	chr11	72147618	72147704	DNA/hAT-Charlie	531	-	43	72147661	24129
chr11	72123532	72323532	harbor2	chr11	72219307	72219822	DNA/hAT-Charlie	1774	-	258	72219565	96033
chr11	2056661	2256661	harbor2	chr11	2111330	2111482	DNA/hAT-Charlie	440	-	76	2111406	54745
chr11	2056661	2256661	harbor2	chr11	2111965	2112363	DNA/hAT-Charlie	884	-	199	2112164	55503
chr11	2056661	2256661	harbor2	chr11	2113288	2113323	DNA/hAT-Charlie	901	-	18	2113306	56645
chr11	2056661	2256661	harbor2	chr11	2113595	2113908	DNA/hAT-Charlie	901	-	156	2113751	57090
chr11	2056661	2256661	harbor2	chr11	2113942	2114133	DNA/hAT-Charlie	773	-	96	2114038	57377
chr11	468706	668706	harbor2	chr11	565223	565356	DNA/hAT-Charlie	956	-	66	565289	96583
chr11	468706	668706	harbor2	chr11	565656	565737	DNA/hAT-Charlie	956	-	40	565696	96990
chr11	5189904	5389904	harbor2	chr11	5271947	5272218	DNA/hAT-Charlie	1118	-	136	5272083	82179
chr11	5189904	5389904	harbor2	chr11	5272524	5272737	DNA/hAT-Charlie	1118	-	106	5272630	82726
chr11	68332488	68532488	harbor2	chr11	68386808	68386964	DNA/hAT-Charlie	522	-	78	68386886	54398
chr11	47465563	47665563	harbor2	chr11	47494781	47494917	DNA/hAT-Charlie	653	-	68	47494849	29286
chr11	47465563	47665563	harbor2	chr11	47495050	47495099	DNA/hAT-Charlie	653	-	24	47495074	29511
chr11	47465563	47665563	harbor2	chr11	47506033	47506144	DNA/hAT-Charlie	1181	-	56	47506089	40526
chr11	47465563	47665563	harbor2	chr11	47506448	47506544	DNA/hAT-Charlie	1181	-	48	47506496	40933
chr11	64539119	64739119	harbor2	chr11	64546086	64546250	DNA/hAT-Charlie	942	-	82	64546168	7049
chr11	119644502	119844502	harbor2	chr11	119688418	119688605	DNA/hAT-Charlie	702	-	94	119688512	44010
chr11	61589431	61789431	harbor2	chr11	61592649	61592730	DNA/hAT-Charlie	883	-	40	61592689	3258
chr11	61589431	61789431	harbor2	chr11	61593041	61593197	DNA/hAT-Charlie	883	-	78	61593119	3688
chr11	61589431	61789431	harbor2	chr11	61640699	61640774	DNA/hAT-Charlie	403	-	38	61640737	51306
chr11	61589431	61789431	harbor2	chr11	61657091	61657298	DNA/hAT-Charlie	1728	-	104	61657195	67764
chr11	61589431	61789431	harbor2	chr11	61657609	61657913	DNA/hAT-Charlie	1728	-	152	61657761	68330
chr11	61589431	61789431	harbor2	chr11	61659230	61659422	DNA/hAT-Charlie	675	-	96	61659326	69895
chr11	61589431	61789431	harbor2	chr11	61669434	61669548	DNA/hAT-Charlie	471	-	57	61669491	80060
chr11	61589431	61789431	harbor2	chr11	61677993	61678123	DNA/hAT-Charlie	481	-	65	61678058	88627
chr11	5270453	5470453	harbor2	chr11	5271947	5272218	DNA/hAT-Charlie	1118	-	136	5272083	1630
chr11	5270453	5470453	harbor2	chr11	5272524	5272737	DNA/hAT-Charlie	1118	-	106	5272630	2177
chr11	5270453	5470453	harbor2	chr11	5331407	5331693	DNA/hAT-Charlie	923	-	143	5331550	61097
chr11	5127199	5327199	harbor2	chr11	5136341	5136518	DNA/hAT-Charlie	814	-	88	5136429	9230
chr11	77083641	77283641	harbor2	chr11	77148588	77149060	DNA/hAT-Charlie	1763	-	236	77148824	65183
chr11	2054914	2254914	harbor2	chr11	2111330	2111482	DNA/hAT-Charlie	440	-	76	2111406	56492
chr11	2054914	2254914	harbor2	chr11	2111965	2112363	DNA/hAT-Charlie	884	-	199	2112164	57250
chr11	2054914	2254914	harbor2	chr11	2113288	2113323	DNA/hAT-Charlie	901	-	18	2113306	58392
chr11	2054914	2254914	harbor2	chr11	2113595	2113908	DNA/hAT-Charlie	901	-	156	2113751	58837
chr11	2054914	2254914	harbor2	chr11	2113942	2114133	DNA/hAT-Charlie	773	-	96	2114038	59124
chr11	126082252	126282252	harbor2	chr11	126103199	126103458	DNA/hAT-Charlie	676	-	130	126103329	21077
chr11	67369200	67569200	harbor2	chr11	67461579	67461852	DNA/hAT-Charlie	729	-	136	67461715	92515
chr11	6206956	6406956	harbor2	chr11	6232867	6233052	DNA/hAT-Charlie	519	-	92	6232959	26003
chr11	6206956	6406956	harbor2	chr11	6305176	6305382	DNA/hAT-Charlie	819	-	103	6305279	98323
chr11	2487678	2687678	harbor2	chr11	2580265	2580536	DNA/hAT-Charlie	457	-	136	2580401	92723
chr11	117887566	118087566	harbor2	chr11	117953642	117953815	DNA/hAT-Charlie	463	-	86	117953728	66162
chr11	67892044	68092044	harbor2	chr11	67905164	67905394	DNA/hAT-Charlie	744	-	115	67905279	13235
chr11	67892044	68092044	harbor2	chr11	67947840	67948060	DNA/hAT-Charlie	1066	-	110	67947950	55906
chr11	5216243	5416243	harbor2	chr11	5271947	5272218	DNA/hAT-Charlie	1118	-	136	5272083	55840
chr11	5216243	5416243	harbor2	chr11	5272524	5272737	DNA/hAT-Charlie	1118	-	106	5272630	56387
chr11	57400308	57600308	harbor2	chr11	57422126	57422540	DNA/hAT-Charlie	1203	-	207	57422333	22025
chr11	57400308	57600308	harbor2	chr11	57427663	57428017	DNA/hAT-Charlie	696	-	177	57427840	27532
chr11	76580941	76780941	harbor2	chr11	76649880	76650144	DNA/hAT-Charlie	863	-	132	76650012	69071
chr11	76580941	76780941	harbor2	chr11	76675310	76675490	DNA/hAT-Charlie	837	-	90	76675400	94459
chr11	70734473	70934473	harbor2	chr11	70761619	70761779	DNA/hAT-Charlie	565	-	80	70761699	27226
chr11	76587997	76787997	harbor2	chr11	76649880	76650144	DNA/hAT-Charlie	863	-	132	76650012	62015
chr11	76587997	76787997	harbor2	chr11	76675310	76675490	DNA/hAT-Charlie	837	-	90	76675400	87403
chr11	111441731	111641731	harbor2	chr11	111453977	111454124	DNA/hAT-Charlie	761	-	74	111454051	12320
chr11	111441731	111641731	harbor2	chr11	111502068	111502138	DNA/hAT-Charlie	715	-	35	111502103	60372
chr11	111441731	111641731	harbor2	chr11	111502272	111502370	DNA/hAT-Charlie	715	-	49	111502321	60590
chr11	120127774	120327774	harbor2	chr11	120158661	120158991	DNA/hAT-Charlie	1705	-	165	120158826	31052
chr11	120127774	120327774	harbor2	chr11	120189352	120189526	DNA/hAT-Charlie	848	-	87	120189439	61665
chr11	5130579	5330579	harbor2	chr11	5136341	5136518	DNA/hAT-Charlie	814	-	88	5136429	5850
chr11	33600881	33800881	harbor2	chr11	33631421	33631634	DNA/hAT-Charlie	870	-	106	33631527	30646
chr11	33600881	33800881	harbor2	chr11	33645070	33645160	DNA/hAT-Charlie	574	-	45	33645115	44234
chr11	33600881	33800881	harbor2	chr11	33687010	33687223	DNA/hAT-Charlie	1013	-	106	33687116	86235
chr11	64142038	64342038	harbor2	chr11	64179972	64180168	DNA/hAT-Charlie	660	-	98	64180070	38032
chr11	5180299	5380299	harbor2	chr11	5271947	5272218	DNA/hAT-Charlie	1118	-	136	5272083	91784
chr11	5180299	5380299	harbor2	chr11	5272524	5272737	DNA/hAT-Charlie	1118	-	106	5272630	92331
chr11	2056668	2256668	harbor2	chr11	2111330	2111482	DNA/hAT-Charlie	440	-	76	2111406	54738
chr11	2056668	2256668	harbor2	chr11	2111965	2112363	DNA/hAT-Charlie	884	-	199	2112164	55496
chr11	2056668	2256668	harbor2	chr11	2113288	2113323	DNA/hAT-Charlie	901	-	18	2113306	56638
chr11	2056668	2256668	harbor2	chr11	2113595	2113908	DNA/hAT-Charlie	901	-	156	2113751	57083
chr11	2056668	2256668	harbor2	chr11	2113942	2114133	DNA/hAT-Charlie	773	-	96	2114038	57370
chr11	70740848	70940848	harbor2	chr11	70761619	70761779	DNA/hAT-Charlie	565	-	80	70761699	20851
chr11	67369215	67569215	harbor2	chr11	67461579	67461852	DNA/hAT-Charlie	729	-	136	67461715	92500
chr11	627177	827177	harbor2	chr11	678409	678564	DNA/hAT-Charlie	434	-	78	678487	51310
chr11	126376674	126576674	harbor2	chr11	126393736	126394035	DNA/hAT-Charlie	967	-	150	126393886	17212
chr11	126376674	126576674	harbor2	chr11	126404121	126404253	DNA/hAT-Charlie	454	-	66	126404187	27513
chr11	126376674	126576674	harbor2	chr11	126413272	126413443	DNA/hAT-Charlie	773	-	86	126413358	36684
chr11	126376674	126576674	harbor2	chr11	126438385	126438577	DNA/hAT-Charlie	776	-	96	126438481	61807
chr11	67408273	67608273	harbor2	chr11	67461579	67461852	DNA/hAT-Charlie	729	-	136	67461715	53442
chr11	67408273	67608273	harbor2	chr11	67499246	67499432	DNA/hAT-Charlie	877	-	93	67499339	91066
chr11	74188388	74388388	harbor2	chr11	74205829	74206106	DNA/hAT-Charlie	906	-	138	74205967	17579
chr11	74188388	74388388	harbor2	chr11	74252558	74252761	DNA/hAT-Charlie	1150	-	102	74252660	64272
chr11	74188388	74388388	harbor2	chr11	74269994	74270050	DNA/hAT-Charlie	452	-	28	74270022	81634
chr11	74188388	74388388	harbor2	chr11	74270095	74270259	DNA/hAT-Charlie	452	-	82	74270177	81789
chr11	5128063	5328063	harbor2	chr11	5136341	5136518	DNA/hAT-Charlie	814	-	88	5136429	8366
chr11	5133681	5333681	harbor2	chr11	5136341	5136518	DNA/hAT-Charlie	814	-	88	5136429	2748
chr11	57399755	57599755	harbor2	chr11	57422126	57422540	DNA/hAT-Charlie	1203	-	207	57422333	22578
chr11	57399755	57599755	harbor2	chr11	57427663	57428017	DNA/hAT-Charlie	696	-	177	57427840	28085
chr11	65525168	65725168	harbor2	chr11	65594395	65594584	DNA/hAT-Charlie	516	-	94	65594489	69321
chr11	5127169	5327169	harbor2	chr11	5136341	5136518	DNA/hAT-Charlie	814	-	88	5136429	9260
chr11	492608	692608	harbor2	chr11	565223	565356	DNA/hAT-Charlie	956	-	66	565289	72681
chr11	492608	692608	harbor2	chr11	565656	565737	DNA/hAT-Charlie	956	-	40	565696	73088
chr11	76580976	76780976	harbor2	chr11	76649880	76650144	DNA/hAT-Charlie	863	-	132	76650012	69036
chr11	76580976	76780976	harbor2	chr11	76675310	76675490	DNA/hAT-Charlie	837	-	90	76675400	94424
chr11	61396732	61596732	harbor2	chr11	61440698	61440919	DNA/hAT-Charlie	1114	-	110	61440808	44076
chr11	61396732	61596732	harbor2	chr11	61441189	61441211	DNA/hAT-Charlie	1114	-	11	61441200	44468
chr11	61396732	61596732	harbor2	chr11	61445596	61445765	DNA/hAT-Charlie	758	-	84	61445680	48948
chr11	61396732	61596732	harbor2	chr11	61461225	61461435	DNA/hAT-Charlie	496	-	105	61461330	64598
chr11	118813698	119013698	harbor2	chr11	118849834	118849874	DNA/hAT-Charlie	974	-	20	118849854	36156
chr11	118813698	119013698	harbor2	chr11	118850233	118850453	DNA/hAT-Charlie	974	-	110	118850343	36645
chr11	118813698	119013698	harbor2	chr11	118851724	118851805	DNA/hAT-Charlie	423	-	40	118851764	38066
chr11	118813698	119013698	harbor2	chr11	118860110	118860269	DNA/hAT-Charlie	669	-	80	118860190	46492
chr11	64996252	65196252	harbor2	chr11	65011539	65011701	DNA/hAT-Charlie	460	-	81	65011620	15368
chr11	64996252	65196252	harbor2	chr11	65011775	65011839	DNA/hAT-Charlie	460	-	32	65011807	15555
chr11	64996252	65196252	harbor2	chr11	65093845	65093963	DNA/hAT-Charlie	1208	-	59	65093904	97652
chr11	64996252	65196252	harbor2	chr11	65094267	65094468	DNA/hAT-Charlie	1208	-	100	65094367	98115
chr11	133740735	133940735	harbor2	chr11	133776261	133776456	DNA/hAT-Charlie	875	-	98	133776359	35624
chr11	5191433	5391433	harbor2	chr11	5271947	5272218	DNA/hAT-Charlie	1118	-	136	5272083	80650
chr11	5191433	5391433	harbor2	chr11	5272524	5272737	DNA/hAT-Charlie	1118	-	106	5272630	81197
chr11	5134480	5334480	harbor2	chr11	5136341	5136518	DNA/hAT-Charlie	814	-	88	5136429	1949
chr11	117457689	117657689	harbor2	chr11	117482398	117482867	DNA/hAT-Charlie	1275	-	234	117482632	24943
chr11	117457689	117657689	harbor2	chr11	117494220	117494354	DNA/hAT-Charlie	688	-	67	117494287	36598
chr11	69540884	69740884	harbor2	chr11	69612675	69612867	DNA/hAT-Charlie	828	-	96	69612771	71887
chr11	69540884	69740884	harbor2	chr11	69613461	69613771	DNA/hAT-Charlie	828	-	155	69613616	72732
chr11	119646005	119846005	harbor2	chr11	119688418	119688605	DNA/hAT-Charlie	702	-	94	119688512	42507
chr11	68028552	68228552	harbor2	chr11	68093796	68093974	DNA/hAT-Charlie	912	-	89	68093885	65333
chr11	68028552	68228552	harbor2	chr11	68106816	68106971	DNA/hAT-Charlie	625	-	78	68106894	78342
chr11	68028552	68228552	harbor2	chr11	68107263	68107308	DNA/hAT-Charlie	625	-	22	68107285	78733
chr11	6201662	6401662	harbor2	chr11	6232867	6233052	DNA/hAT-Charlie	519	-	92	6232959	31297
chr11	76599762	76799762	harbor2	chr11	76649880	76650144	DNA/hAT-Charlie	863	-	132	76650012	50250
chr11	76599762	76799762	harbor2	chr11	76675310	76675490	DNA/hAT-Charlie	837	-	90	76675400	75638
chr11	124700459	124900459	harbor2	chr11	124793507	124793704	DNA/hAT-Charlie	1042	-	98	124793605	93146
chr11	124700459	124900459	harbor2	chr11	124793960	124794164	DNA/hAT-Charlie	873	-	102	124794062	93603
chr11	76580924	76780924	harbor2	chr11	76649880	76650144	DNA/hAT-Charlie	863	-	132	76650012	69088
chr11	76580924	76780924	harbor2	chr11	76675310	76675490	DNA/hAT-Charlie	837	-	90	76675400	94476
chr11	57579843	57779843	harbor2	chr11	57599119	57599330	DNA/hAT-Charlie	976	-	106	57599225	19382
chr11	57579843	57779843	harbor2	chr11	57610650	57610868	DNA/hAT-Charlie	1099	-	109	57610759	30916
chr11	57579843	57779843	harbor2	chr11	57632156	57632385	DNA/hAT-Charlie	1166	-	114	57632270	52427
chr11	57579843	57779843	harbor2	chr11	57636220	57636359	DNA/hAT-Charlie	713	-	70	57636290	56447
chr12	132055531	132255531	harbor2	chr12	132100899	132101111	DNA/hAT-Charlie	834	-	106	132101005	45474
chr12	121712007	121912007	harbor2	chr12	121740861	121741177	DNA/hAT-Charlie	1350	-	158	121741019	29012
chr12	121712007	121912007	harbor2	chr12	121745006	121745156	DNA/hAT-Charlie	658	-	75	121745081	33074
chr12	121712007	121912007	harbor2	chr12	121777626	121777833	DNA/hAT-Charlie	883	-	104	121777730	65723
chr12	62967049	63167049	harbor2	chr12	62981592	62981726	DNA/hAT-Charlie	674	-	67	62981659	14610
chr12	62967049	63167049	harbor2	chr12	62982142	62982192	DNA/hAT-Charlie	674	-	25	62982167	15118
chr12	62967049	63167049	harbor2	chr12	63007314	63007571	DNA/hAT-Charlie	1178	-	128	63007442	40393
chr12	62967049	63167049	harbor2	chr12	63007570	63007725	DNA/hAT-Charlie	602	-	78	63007648	40599
chr12	57104810	57304810	harbor2	chr12	57117758	57117931	DNA/hAT-Charlie	759	-	86	57117844	13034
chr12	57104810	57304810	harbor2	chr12	57140310	57140605	DNA/hAT-Charlie	1340	-	148	57140458	35648
chr12	57104810	57304810	harbor2	chr12	57153636	57153902	DNA/hAT-Charlie	597	-	133	57153769	48959
chr12	49415274	49615274	harbor2	chr12	49415700	49415888	DNA/hAT-Charlie	1125	-	94	49415794	520
chr12	49415274	49615274	harbor2	chr12	49448887	49449100	DNA/hAT-Charlie	1087	-	106	49448993	33719
chr12	109780548	109980548	harbor2	chr12	109786972	109787280	DNA/hAT-Charlie	774	-	154	109787126	6578
chr12	109780548	109980548	harbor2	chr12	109878303	109878518	DNA/hAT-Charlie	1037	-	108	109878411	97863
chr12	118276406	118476406	harbor2	chr12	118277211	118277465	DNA/hAT-Charlie	697	-	127	118277338	932
chr12	118276406	118476406	harbor2	chr12	118277757	118277834	DNA/hAT-Charlie	782	-	38	118277795	1389
chr12	118276406	118476406	harbor2	chr12	118281343	118281504	DNA/hAT-Charlie	1945	-	80	118281423	5017
chr12	118276406	118476406	harbor2	chr12	118281775	118282068	DNA/hAT-Charlie	1945	-	146	118281921	5515
chr12	118276406	118476406	harbor2	chr12	118298245	118298397	DNA/hAT-Charlie	836	-	76	118298321	21915
chr12	118276406	118476406	harbor2	chr12	118322468	118322718	DNA/hAT-Charlie	1368	-	125	118322593	46187
chr12	118276406	118476406	harbor2	chr12	118323010	118323096	DNA/hAT-Charlie	1368	-	43	118323053	46647
chr12	118276406	118476406	harbor2	chr12	118362216	118362461	DNA/hAT-Charlie	1592	-	122	118362338	85932
chr12	133030495	133230495	harbor2	chr12	133108946	133109037	DNA/hAT-Charlie	651	-	46	133108992	78497
chr12	2592290	2792290	harbor2	chr12	2669247	2669455	DNA/hAT-Charlie	1489	-	104	2669351	77061
chr12	2592290	2792290	harbor2	chr12	2675088	2675947	DNA/hAT-Charlie	1023	-	430	2675518	83228
chr12	49484425	49684425	harbor2	chr12	49572255	49572586	DNA/hAT-Charlie	2094	-	166	49572421	87996
chr12	2591481	2791481	harbor2	chr12	2669247	2669455	DNA/hAT-Charlie	1489	-	104	2669351	77870
chr12	2591481	2791481	harbor2	chr12	2675088	2675947	DNA/hAT-Charlie	1023	-	430	2675518	84037
chr12	49490552	49690552	harbor2	chr12	49572255	49572586	DNA/hAT-Charlie	2094	-	166	49572421	81869
chr12	67170399	67370399	harbor2	chr12	67244490	67244714	DNA/hAT-Charlie	640	-	112	67244602	74203
chr12	131686732	131886732	harbor2	chr12	131740826	131740947	DNA/hAT-Charlie	586	-	60	131740886	54154
chr12	131686732	131886732	harbor2	chr12	131741266	131741353	DNA/hAT-Charlie	586	-	44	131741310	54578
chr12	131686732	131886732	harbor2	chr12	131741661	131741708	DNA/hAT-Charlie	586	-	24	131741685	54953
chr12	52767744	52967744	harbor2	chr12	52770525	52770717	DNA/hAT-Charlie	1040	-	96	52770621	2877
chr12	52767744	52967744	harbor2	chr12	52784890	52785094	DNA/hAT-Charlie	989	-	102	52784992	17248
chr12	69139511	69339511	harbor2	chr12	69155255	69155579	DNA/hAT-Charlie	746	-	162	69155417	15906
chr12	69139511	69339511	harbor2	chr12	69156332	69156497	DNA/hAT-Charlie	1137	-	82	69156414	16903
chr12	69139511	69339511	harbor2	chr12	69177535	69178050	DNA/hAT-Charlie	3432	-	258	69177793	38282
chr12	69139511	69339511	harbor2	chr12	69156808	69156869	DNA/hAT-Charlie	1137	-	30	69156838	17327
chr12	116779945	116979945	harbor2	chr12	116780238	116780566	DNA/hAT-Charlie	2285	-	164	116780402	457
chr12	116779945	116979945	harbor2	chr12	116795469	116795654	DNA/hAT-Charlie	781	-	92	116795561	15616
chr12	116779945	116979945	harbor2	chr12	116802136	116802330	DNA/hAT-Charlie	629	-	97	116802233	22288
chr12	116779945	116979945	harbor2	chr12	116819848	116820085	DNA/hAT-Charlie	1356	-	118	116819966	40021
chr12	116779945	116979945	harbor2	chr12	116820381	116820517	DNA/hAT-Charlie	1356	-	68	116820449	40504
chr12	116779945	116979945	harbor2	chr12	116828233	116828393	DNA/hAT-Charlie	1013	-	80	116828313	48368
chr12	119889846	120089846	harbor2	chr12	119910964	119911263	DNA/hAT-Charlie	1382	-	150	119911114	21268
chr12	119889846	120089846	harbor2	chr12	119911699	119911880	DNA/hAT-Charlie	1016	-	90	119911789	21943
chr12	119889846	120089846	harbor2	chr12	119916363	119916521	DNA/hAT-Charlie	1127	-	79	119916442	26596
chr12	119889846	120089846	harbor2	chr12	119916827	119916886	DNA/hAT-Charlie	1127	-	30	119916857	27011
chr12	119889846	120089846	harbor2	chr12	119935513	119935685	DNA/hAT-Charlie	841	-	86	119935599	45753
chr12	119889846	120089846	harbor2	chr12	119981385	119981583	DNA/hAT-Charlie	973	-	99	119981484	91638
chr12	119889846	120089846	harbor2	chr12	119981878	119981900	DNA/hAT-Charlie	973	-	11	119981889	92043
chr12	21402003	21602003	harbor2	chr12	21486046	21486371	DNA/hAT-Charlie	1631	-	162	21486208	84205
chr12	57144828	57344828	harbor2	chr12	57153636	57153902	DNA/hAT-Charlie	597	-	133	57153769	8941
chr12	30881310	31081310	harbor2	chr12	30918413	30918550	DNA/hAT-Charlie	1224	-	68	30918481	37171
chr12	30881310	31081310	harbor2	chr12	30918775	30919006	DNA/hAT-Charlie	1224	-	116	30918891	37581
chr12	30881310	31081310	harbor2	chr12	30974280	30974448	DNA/hAT-Charlie	612	-	84	30974364	93054
chr12	30881310	31081310	harbor2	chr12	30980272	30980463	DNA/hAT-Charlie	886	-	96	30980368	99058
chr12	49382161	49582161	harbor2	chr12	49415700	49415888	DNA/hAT-Charlie	1125	-	94	49415794	33633
chr12	49382161	49582161	harbor2	chr12	49448887	49449100	DNA/hAT-Charlie	1087	-	106	49448993	66832
chr12	52270576	52470576	harbor2	chr12	52292485	52292659	DNA/hAT-Charlie	804	-	87	52292572	21996
chr12	52270576	52470576	harbor2	chr12	52309379	52309567	DNA/hAT-Charlie	971	-	94	52309473	38897
chr12	52270576	52470576	harbor2	chr12	52343117	52343387	DNA/hAT-Charlie	702	-	135	52343252	72676
chr12	57102487	57302487	harbor2	chr12	57117758	57117931	DNA/hAT-Charlie	759	-	86	57117844	15357
chr12	57102487	57302487	harbor2	chr12	57140310	57140605	DNA/hAT-Charlie	1340	-	148	57140458	37971
chr12	57102487	57302487	harbor2	chr12	57153636	57153902	DNA/hAT-Charlie	597	-	133	57153769	51282
chr12	130739286	130939286	harbor2	chr12	130746432	130746732	DNA/hAT-Charlie	1669	-	150	130746582	7296
chr12	130739286	130939286	harbor2	chr12	130769671	130770102	DNA/hAT-Charlie	729	-	216	130769887	30601
chr12	130739286	130939286	harbor2	chr12	130823778	130824083	DNA/hAT-Charlie	724	-	152	130823930	84644
chr12	130739286	130939286	harbor2	chr12	130837940	130838107	DNA/hAT-Charlie	880	-	84	130838024	98738
chr12	121197141	121397141	harbor2	chr12	121215991	121216224	DNA/hAT-Charlie	1475	-	116	121216107	18966
chr12	121197141	121397141	harbor2	chr12	121259556	121259798	DNA/hAT-Charlie	664	-	121	121259677	62536
chr12	50497735	50697735	harbor2	chr12	50577157	50577249	DNA/hAT-Charlie	2158	-	46	50577203	79468
chr12	50497735	50697735	harbor2	chr12	50577563	50578021	DNA/hAT-Charlie	2158	-	229	50577792	80057
chr12	50497735	50697735	harbor2	chr12	50578307	50578454	DNA/hAT-Charlie	2158	-	74	50578381	80646
chr12	6363187	6563187	harbor2	chr12	6380006	6380226	DNA/hAT-Charlie	977	-	110	6380116	16929
chr12	92366739	92566739	harbor2	chr12	92400433	92400546	DNA/hAT-Charlie	670	-	56	92400489	33750
chr12	92366739	92566739	harbor2	chr12	92400680	92400754	DNA/hAT-Charlie	670	-	37	92400717	33978
chr12	92366739	92566739	harbor2	chr12	92430356	92430585	DNA/hAT-Charlie	918	-	114	92430470	63731
chr12	49010203	49210203	harbor2	chr12	49028298	49028548	DNA/hAT-Charlie	643	-	125	49028423	18220
chr12	49010203	49210203	harbor2	chr12	49103252	49103571	DNA/hAT-Charlie	760	-	160	49103412	93209
chr12	107508160	107708160	harbor2	chr12	107523381	107523703	DNA/hAT-Charlie	966	-	161	107523542	15382
chr12	107508160	107708160	harbor2	chr12	107531102	107531298	DNA/hAT-Charlie	929	-	98	107531200	23040
chr12	107508160	107708160	harbor2	chr12	107554633	107554793	DNA/hAT-Charlie	932	-	80	107554713	46553
chr12	107508160	107708160	harbor2	chr12	107555618	107555808	DNA/hAT-Charlie	831	-	95	107555713	47553
chr12	107508160	107708160	harbor2	chr12	107568486	107568672	DNA/hAT-Charlie	883	-	93	107568579	60419
chr12	107508160	107708160	harbor2	chr12	107594871	107595081	DNA/hAT-Charlie	983	-	105	107594976	86816
chr12	32006641	32206641	harbor2	chr12	32058188	32058396	DNA/hAT-Charlie	1365	-	104	32058292	51651
chr12	32006641	32206641	harbor2	chr12	32058872	32058931	DNA/hAT-Charlie	1492	-	30	32058902	52261
chr12	32006641	32206641	harbor2	chr12	32059990	32060226	DNA/hAT-Charlie	1492	-	118	32060108	53467
chr12	32006641	32206641	harbor2	chr12	32060536	32060796	DNA/hAT-Charlie	1492	-	130	32060666	54025
chr12	32006641	32206641	harbor2	chr12	32061969	32062272	DNA/hAT-Charlie	1190	-	152	32062121	55480
chr12	121712068	121912068	harbor2	chr12	121740861	121741177	DNA/hAT-Charlie	1350	-	158	121741019	28951
chr12	121712068	121912068	harbor2	chr12	121745006	121745156	DNA/hAT-Charlie	658	-	75	121745081	33013
chr12	121712068	121912068	harbor2	chr12	121777626	121777833	DNA/hAT-Charlie	883	-	104	121777730	65662
chr12	122735461	122935461	harbor2	chr12	122779422	122779580	DNA/hAT-Charlie	868	-	79	122779501	44040
chr12	94973026	95173026	harbor2	chr12	95065391	95065479	DNA/hAT-Charlie	937	-	44	95065435	92409
chr12	94973026	95173026	harbor2	chr12	95066043	95066212	DNA/hAT-Charlie	937	-	84	95066127	93101
chr12	94973026	95173026	harbor2	chr12	95066451	95066900	DNA/hAT-Charlie	1344	-	224	95066675	93649
chr12	120614111	120814111	harbor2	chr12	120668852	120669035	DNA/hAT-Charlie	760	-	92	120668944	54833
chr12	120614111	120814111	harbor2	chr12	120676133	120676250	DNA/hAT-Charlie	603	-	58	120676191	62080
chr13	39962056	40162056	harbor2	chr13	40058855	40059090	DNA/hAT-Charlie	765	-	118	40058973	96917
chr13	48136920	48336920	harbor2	chr13	48156217	48156438	DNA/hAT-Charlie	598	-	110	48156327	19407
chr13	48136920	48336920	harbor2	chr13	48179595	48180340	DNA/hAT-Charlie	1272	-	372	48179967	43047
chr13	48136920	48336920	harbor2	chr13	48211856	48212110	DNA/hAT-Charlie	979	-	127	48211983	75063
chr13	20315477	20515477	harbor2	chr13	20372461	20372623	DNA/hAT-Charlie	618	-	81	20372542	57065
chr13	72960669	73160669	harbor2	chr13	73005730	73005912	DNA/hAT-Charlie	543	-	91	73005821	45152
chr13	72960669	73160669	harbor2	chr13	73010170	73010318	DNA/hAT-Charlie	437	-	74	73010244	49575
chr13	72960669	73160669	harbor2	chr13	73016685	73016706	DNA/hAT-Charlie	488	-	10	73016695	56026
chr13	72960669	73160669	harbor2	chr13	73017009	73017144	DNA/hAT-Charlie	488	-	68	73017077	56408
chr13	72960669	73160669	harbor2	chr13	73035760	73035927	DNA/hAT-Charlie	435	-	84	73035844	75175
chr13	29490355	29690355	harbor2	chr13	29533178	29533410	DNA/hAT-Charlie	431	-	116	29533294	42939
chr13	75382379	75582379	harbor2	chr13	75386969	75387830	DNA/hAT-Charlie	3264	-	430	75387399	5020
chr13	75382379	75582379	harbor2	chr13	75388341	75388770	DNA/hAT-Charlie	1739	-	214	75388555	6176
chr13	75382379	75582379	harbor2	chr13	75457300	75457506	DNA/hAT-Charlie	830	-	103	75457403	75024
chr13	75382379	75582379	harbor2	chr13	75470151	75470323	DNA/hAT-Charlie	756	-	86	75470237	87858
chr13	30104569	30304569	harbor2	chr13	30146975	30147135	DNA/hAT-Charlie	737	-	80	30147055	42486
chr13	30104569	30304569	harbor2	chr13	30150534	30150723	DNA/hAT-Charlie	873	-	94	30150628	46059
chr13	72960985	73160985	harbor2	chr13	73005730	73005912	DNA/hAT-Charlie	543	-	91	73005821	44836
chr13	72960985	73160985	harbor2	chr13	73010170	73010318	DNA/hAT-Charlie	437	-	74	73010244	49259
chr13	72960985	73160985	harbor2	chr13	73016685	73016706	DNA/hAT-Charlie	488	-	10	73016695	55710
chr13	72960985	73160985	harbor2	chr13	73017009	73017144	DNA/hAT-Charlie	488	-	68	73017077	56092
chr13	72960985	73160985	harbor2	chr13	73035760	73035927	DNA/hAT-Charlie	435	-	84	73035844	74859
chr13	51353413	51553413	harbor2	chr13	51358866	51359101	DNA/hAT-Charlie	473	-	118	51358984	5571
chr13	51353413	51553413	harbor2	chr13	51422313	51422453	DNA/hAT-Charlie	452	-	70	51422383	68970
chr13	51353413	51553413	harbor2	chr13	51431354	51431493	DNA/hAT-Charlie	560	-	70	51431424	78011
chr13	109557876	109757876	harbor2	chr13	109585971	109586283	DNA/hAT-Charlie	945	-	156	109586127	28251
chr13	109557876	109757876	harbor2	chr13	109641691	109641917	DNA/hAT-Charlie	928	-	113	109641804	83928
chr13	20317804	20517804	harbor2	chr13	20372461	20372623	DNA/hAT-Charlie	618	-	81	20372542	54738
chr13	100574883	100774883	harbor2	chr13	100590925	100591027	DNA/hAT-Charlie	506	-	51	100590976	16093
chr13	100574883	100774883	harbor2	chr13	100599921	100600230	DNA/hAT-Charlie	1268	-	154	100600075	25192
chr13	100574883	100774883	harbor2	chr13	100601292	100601484	DNA/hAT-Charlie	661	-	96	100601388	26505
chr13	100574883	100774883	harbor2	chr13	100639986	100640128	DNA/hAT-Charlie	529	-	71	100640057	65174
chr13	100574883	100774883	harbor2	chr13	100645787	100646021	DNA/hAT-Charlie	763	-	117	100645904	71021
chr13	100574883	100774883	harbor2	chr13	100646633	100647042	DNA/hAT-Charlie	774	-	204	100646837	71954
chr13	71672155	71872155	harbor2	chr13	71739357	71739654	DNA/hAT-Charlie	882	-	148	71739505	67350
chr13	71672155	71872155	harbor2	chr13	71761592	71761762	DNA/hAT-Charlie	653	-	85	71761677	89522
chr13	20327632	20527632	harbor2	chr13	20372461	20372623	DNA/hAT-Charlie	618	-	81	20372542	44910
chr13	19858665	20058665	harbor2	chr13	19865130	19865361	DNA/hAT-Charlie	1531	-	116	19865246	6581
chr13	19858665	20058665	harbor2	chr13	19908675	19908967	DNA/hAT-Charlie	1274	-	146	19908821	50156
chr13	19858665	20058665	harbor2	chr13	19920197	19920396	DNA/hAT-Charlie	814	-	100	19920297	61632
chr13	19858665	20058665	harbor2	chr13	19942795	19942939	DNA/hAT-Charlie	808	-	72	19942867	84202
chr13	19858665	20058665	harbor2	chr13	19943413	19943545	DNA/hAT-Charlie	808	-	66	19943479	84814
chr13	19858665	20058665	harbor2	chr13	19943558	19943773	DNA/hAT-Charlie	501	-	108	19943666	85001
chr13	20344110	20544110	harbor2	chr13	20372461	20372623	DNA/hAT-Charlie	618	-	81	20372542	28432
chr13	24918114	25118114	harbor2	chr13	24966385	24966499	DNA/hAT-Charlie	524	-	57	24966442	48328
chr13	24918114	25118114	harbor2	chr13	24985438	24985502	DNA/hAT-Charlie	1568	-	32	24985470	67356
chr13	24918114	25118114	harbor2	chr13	24985813	24986125	DNA/hAT-Charlie	1568	-	156	24985969	67855
chr13	24918114	25118114	harbor2	chr13	25011903	25012036	DNA/hAT-Charlie	613	-	66	25011969	93855
chr13	100574737	100774737	harbor2	chr13	100590925	100591027	DNA/hAT-Charlie	506	-	51	100590976	16239
chr13	100574737	100774737	harbor2	chr13	100599921	100600230	DNA/hAT-Charlie	1268	-	154	100600075	25338
chr13	100574737	100774737	harbor2	chr13	100601292	100601484	DNA/hAT-Charlie	661	-	96	100601388	26651
chr13	100574737	100774737	harbor2	chr13	100639986	100640128	DNA/hAT-Charlie	529	-	71	100640057	65320
chr13	100574737	100774737	harbor2	chr13	100645787	100646021	DNA/hAT-Charlie	763	-	117	100645904	71167
chr13	100574737	100774737	harbor2	chr13	100646633	100647042	DNA/hAT-Charlie	774	-	204	100646837	72100
chr13	49768516	49968516	harbor2	chr13	49804168	49804264	DNA/hAT-Charlie	675	-	48	49804216	35700
chr13	49768516	49968516	harbor2	chr13	49804562	49804667	DNA/hAT-Charlie	675	-	52	49804614	36098
chr13	49768516	49968516	harbor2	chr13	49814477	49814575	DNA/hAT-Charlie	447	-	49	49814526	46010
chr13	49768516	49968516	harbor2	chr13	49831480	49831642	DNA/hAT-Charlie	545	-	81	49831561	63045
chr13	49768516	49968516	harbor2	chr13	49842073	49842244	DNA/hAT-Charlie	824	-	86	49842159	73643
chr13	20317117	20517117	harbor2	chr13	20372461	20372623	DNA/hAT-Charlie	618	-	81	20372542	55425
chr13	111559128	111759128	harbor2	chr13	111582036	111582263	DNA/hAT-Charlie	1433	-	114	111582150	23022
chr13	111559128	111759128	harbor2	chr13	111591440	111591631	DNA/hAT-Charlie	652	-	96	111591536	32408
chr13	111559128	111759128	harbor2	chr13	111613651	111614034	DNA/hAT-Charlie	654	-	192	111613843	54715
chr13	111559128	111759128	harbor2	chr13	111655446	111655659	DNA/hAT-Charlie	757	-	106	111655552	96424
chr13	20342080	20542080	harbor2	chr13	20372461	20372623	DNA/hAT-Charlie	618	-	81	20372542	30462
chr13	95201696	95401696	harbor2	chr13	95259426	95259629	DNA/hAT-Charlie	831	-	102	95259528	57832
chr13	95201696	95401696	harbor2	chr13	95298406	95298573	DNA/hAT-Charlie	443	-	84	95298490	96794
chr13	21574582	21774582	harbor2	chr13	21599771	21600141	DNA/hAT-Charlie	947	-	185	21599956	25374
chr13	21574582	21774582	harbor2	chr13	21608334	21608648	DNA/hAT-Charlie	608	-	157	21608491	33909
chr13	21574582	21774582	harbor2	chr13	21611871	21612113	DNA/hAT-Charlie	874	-	121	21611992	37410
chr13	21574582	21774582	harbor2	chr13	21612343	21612717	DNA/hAT-Charlie	1081	-	187	21612530	37948
chr13	21574582	21774582	harbor2	chr13	21613021	21613224	DNA/hAT-Charlie	1081	-	102	21613123	38541
chr13	21574582	21774582	harbor2	chr13	21617897	21618053	DNA/hAT-Charlie	565	-	78	21617975	43393
chr13	21574582	21774582	harbor2	chr13	21618651	21618860	DNA/hAT-Charlie	1091	-	104	21618755	44173
chr14	52595606	52795606	harbor2	chr14	52621753	52623819	DNA/hAT-Charlie	9768	-	1033	52622786	27180
chr14	52595606	52795606	harbor2	chr14	52630683	52631369	DNA/hAT-Charlie	2033	-	343	52631026	35420
chr14	52595606	52795606	harbor2	chr14	52631384	52631490	DNA/hAT-Charlie	448	-	53	52631437	35831
chr14	90283137	90483137	harbor2	chr14	90311678	90311834	DNA/hAT-Charlie	1077	-	78	90311756	28619
chr14	90283137	90483137	harbor2	chr14	90335081	90335226	DNA/hAT-Charlie	521	-	72	90335153	52016
chr14	90283137	90483137	harbor2	chr14	90354919	90355274	DNA/hAT-Charlie	1966	-	178	90355097	71960
chr14	95435240	95635240	harbor2	chr14	95456394	95456599	DNA/hAT-Charlie	608	-	102	95456496	21256
chr14	95435240	95635240	harbor2	chr14	95459046	95459290	DNA/hAT-Charlie	804	-	122	95459168	23928
chr14	95435240	95635240	harbor2	chr14	95478662	95478851	DNA/hAT-Charlie	692	-	94	95478756	43516
chr14	95435240	95635240	harbor2	chr14	95484892	95485061	DNA/hAT-Charlie	790	-	84	95484976	49736
chr14	95435240	95635240	harbor2	chr14	95497616	95497828	DNA/hAT-Charlie	1162	-	106	95497722	62482
chr14	75886299	76086299	harbor2	chr14	75901500	75901726	DNA/hAT-Charlie	740	-	113	75901613	15314
chr14	75886299	76086299	harbor2	chr14	75929309	75929447	DNA/hAT-Charlie	573	-	69	75929378	43079
chr14	75886299	76086299	harbor2	chr14	75929753	75929834	DNA/hAT-Charlie	573	-	40	75929793	43494
chr14	75886299	76086299	harbor2	chr14	75968856	75969163	DNA/hAT-Charlie	630	-	154	75969010	82711
chr14	75886299	76086299	harbor2	chr14	75976208	75976374	DNA/hAT-Charlie	744	-	83	75976291	89992
chr14	104606429	104806429	harbor2	chr14	104649574	104650142	DNA/hAT-Charlie	1127	-	284	104649858	43429
chr14	104606429	104806429	harbor2	chr14	104663225	104663298	DNA/hAT-Charlie	765	-	36	104663261	56832
chr14	104606429	104806429	harbor2	chr14	104663581	104663879	DNA/hAT-Charlie	765	-	149	104663730	57301
chr14	104857736	105057736	harbor2	chr14	104870086	104870374	DNA/hAT-Charlie	826	-	144	104870230	12494
chr14	69668087	69868087	harbor2	chr14	69673203	69673408	DNA/hAT-Charlie	919	-	102	69673305	5218
chr14	69668087	69868087	harbor2	chr14	69705548	69705717	DNA/hAT-Charlie	444	-	84	69705632	37545
chr14	69668087	69868087	harbor2	chr14	69748663	69748772	DNA/hAT-Charlie	600	-	54	69748717	80630
chr14	69668087	69868087	harbor2	chr14	69751618	69752093	DNA/hAT-Charlie	524	-	238	69751856	83769
chr14	69668087	69868087	harbor2	chr14	69752373	69752523	DNA/hAT-Charlie	453	-	75	69752448	84361
chr14	69668087	69868087	harbor2	chr14	69752802	69752960	DNA/hAT-Charlie	453	-	79	69752881	84794
chr14	69668087	69868087	harbor2	chr14	69763382	69763600	DNA/hAT-Charlie	1185	-	109	69763491	95404
chr14	75328348	75528348	harbor2	chr14	75397824	75397960	DNA/hAT-Charlie	586	-	68	75397892	69544
chr14	75328348	75528348	harbor2	chr14	75424224	75424359	DNA/hAT-Charlie	694	-	68	75424292	95944
chr14	75328348	75528348	harbor2	chr14	75424761	75424833	DNA/hAT-Charlie	694	-	36	75424797	96449
chr14	20990974	21190974	harbor2	chr14	21027553	21027786	DNA/hAT-Charlie	543	-	116	21027669	36695
chr14	20990974	21190974	harbor2	chr14	21036336	21036550	DNA/hAT-Charlie	1656	-	107	21036443	45469
chr14	20990974	21190974	harbor2	chr14	21056237	21056625	DNA/hAT-Charlie	708	-	194	21056431	65457
chr14	20990974	21190974	harbor2	chr14	21059285	21059485	DNA/hAT-Charlie	765	-	100	21059385	68411
chr14	20990974	21190974	harbor2	chr14	21059825	21059870	DNA/hAT-Charlie	765	-	22	21059847	68873
chr14	90283171	90483171	harbor2	chr14	90311678	90311834	DNA/hAT-Charlie	1077	-	78	90311756	28585
chr14	90283171	90483171	harbor2	chr14	90335081	90335226	DNA/hAT-Charlie	521	-	72	90335153	51982
chr14	90283171	90483171	harbor2	chr14	90354919	90355274	DNA/hAT-Charlie	1966	-	178	90355097	71926
chr14	75331153	75531153	harbor2	chr14	75397824	75397960	DNA/hAT-Charlie	586	-	68	75397892	66739
chr14	75331153	75531153	harbor2	chr14	75424224	75424359	DNA/hAT-Charlie	694	-	68	75424292	93139
chr14	75331153	75531153	harbor2	chr14	75424761	75424833	DNA/hAT-Charlie	694	-	36	75424797	93644
chr14	75330515	75530515	harbor2	chr14	75397824	75397960	DNA/hAT-Charlie	586	-	68	75397892	67377
chr14	75330515	75530515	harbor2	chr14	75424224	75424359	DNA/hAT-Charlie	694	-	68	75424292	93777
chr14	75330515	75530515	harbor2	chr14	75424761	75424833	DNA/hAT-Charlie	694	-	36	75424797	94282
chr14	95435743	95635743	harbor2	chr14	95456394	95456599	DNA/hAT-Charlie	608	-	102	95456496	20753
chr14	95435743	95635743	harbor2	chr14	95459046	95459290	DNA/hAT-Charlie	804	-	122	95459168	23425
chr14	95435743	95635743	harbor2	chr14	95478662	95478851	DNA/hAT-Charlie	692	-	94	95478756	43013
chr14	95435743	95635743	harbor2	chr14	95484892	95485061	DNA/hAT-Charlie	790	-	84	95484976	49233
chr14	95435743	95635743	harbor2	chr14	95497616	95497828	DNA/hAT-Charlie	1162	-	106	95497722	61979
chr14	104224547	104424547	harbor2	chr14	104262254	104262371	DNA/hAT-Charlie	525	-	58	104262312	37765
chr14	90283174	90483174	harbor2	chr14	90311678	90311834	DNA/hAT-Charlie	1077	-	78	90311756	28582
chr14	90283174	90483174	harbor2	chr14	90335081	90335226	DNA/hAT-Charlie	521	-	72	90335153	51979
chr14	90283174	90483174	harbor2	chr14	90354919	90355274	DNA/hAT-Charlie	1966	-	178	90355097	71923
chr14	75336525	75536525	harbor2	chr14	75397824	75397960	DNA/hAT-Charlie	586	-	68	75397892	61367
chr14	75336525	75536525	harbor2	chr14	75424224	75424359	DNA/hAT-Charlie	694	-	68	75424292	87767
chr14	75336525	75536525	harbor2	chr14	75424761	75424833	DNA/hAT-Charlie	694	-	36	75424797	88272
chr14	75914984	76114984	harbor2	chr14	75929309	75929447	DNA/hAT-Charlie	573	-	69	75929378	14394
chr14	75914984	76114984	harbor2	chr14	75929753	75929834	DNA/hAT-Charlie	573	-	40	75929793	14809
chr14	75914984	76114984	harbor2	chr14	75968856	75969163	DNA/hAT-Charlie	630	-	154	75969010	54026
chr14	75914984	76114984	harbor2	chr14	75976208	75976374	DNA/hAT-Charlie	744	-	83	75976291	61307
chr14	75914984	76114984	harbor2	chr14	75989868	75990375	DNA/hAT-Charlie	1071	-	254	75990122	75138
chr14	81176400	81376400	harbor2	chr14	81212726	81212917	DNA/hAT-Charlie	1070	-	96	81212822	36422
chr14	81176400	81376400	harbor2	chr14	81214310	81214363	DNA/hAT-Charlie	1482	-	26	81214336	37936
chr14	81176400	81376400	harbor2	chr14	81214661	81215215	DNA/hAT-Charlie	1482	-	277	81214938	38538
chr14	21356189	21556189	harbor2	chr14	21414549	21414677	DNA/hAT-Charlie	521	-	64	21414613	58424
chr14	104470380	104670380	harbor2	chr14	104501317	104501439	DNA/hAT-Charlie	1144	-	61	104501378	30998
chr14	104470380	104670380	harbor2	chr14	104501802	104501907	DNA/hAT-Charlie	1144	-	52	104501854	31474
chr14	102092831	102292831	harbor2	chr14	102128935	102129095	DNA/hAT-Charlie	807	-	80	102129015	36184
chr14	102092831	102292831	harbor2	chr14	102191876	102192098	DNA/hAT-Charlie	717	-	111	102191987	99156
chr14	88927417	89127417	harbor2	chr14	88932775	88932964	DNA/hAT-Charlie	874	-	94	88932869	5452
chr14	88927417	89127417	harbor2	chr14	88944623	88944969	DNA/hAT-Charlie	1647	-	173	88944796	17379
chr14	88927417	89127417	harbor2	chr14	88994183	88994306	DNA/hAT-Charlie	436	-	62	88994245	66828
chr14	95456322	95656322	harbor2	chr14	95456394	95456599	DNA/hAT-Charlie	608	-	102	95456496	174
chr14	95456322	95656322	harbor2	chr14	95459046	95459290	DNA/hAT-Charlie	804	-	122	95459168	2846
chr14	95456322	95656322	harbor2	chr14	95478662	95478851	DNA/hAT-Charlie	692	-	94	95478756	22434
chr14	95456322	95656322	harbor2	chr14	95484892	95485061	DNA/hAT-Charlie	790	-	84	95484976	28654
chr14	95456322	95656322	harbor2	chr14	95497616	95497828	DNA/hAT-Charlie	1162	-	106	95497722	41400
chr14	95456322	95656322	harbor2	chr14	95538679	95538914	DNA/hAT-Charlie	911	-	118	95538797	82475
chr14	91227150	91427150	harbor2	chr14	91239035	91239212	DNA/hAT-Charlie	877	-	88	91239123	11973
chr14	91227150	91427150	harbor2	chr14	91244152	91244212	DNA/hAT-Charlie	737	-	30	91244182	17032
chr14	91227150	91427150	harbor2	chr14	91244258	91244415	DNA/hAT-Charlie	737	-	78	91244336	17186
chr14	91227150	91427150	harbor2	chr14	91305313	91305487	DNA/hAT-Charlie	464	-	87	91305400	78250
chr14	91227150	91427150	harbor2	chr14	91306580	91306765	DNA/hAT-Charlie	768	-	92	91306672	79522
chr14	91227150	91427150	harbor2	chr14	91315281	91315477	DNA/hAT-Charlie	750	-	98	91315379	88229
chr14	76886650	77086650	harbor2	chr14	76886979	76887058	DNA/hAT-Charlie	470	-	40	76887019	369
chr14	76886650	77086650	harbor2	chr14	76887092	76887148	DNA/hAT-Charlie	470	-	28	76887120	470
chr14	76886650	77086650	harbor2	chr14	76902710	76902890	DNA/hAT-Charlie	616	-	90	76902800	16150
chr14	76886650	77086650	harbor2	chr14	76971849	76971937	DNA/hAT-Charlie	822	-	44	76971893	85243
chr14	76886650	77086650	harbor2	chr14	76972248	76972344	DNA/hAT-Charlie	822	-	48	76972296	85646
chr14	102039472	102239472	harbor2	chr14	102128935	102129095	DNA/hAT-Charlie	807	-	80	102129015	89543
chr14	100186150	100386150	harbor2	chr14	100199646	100199792	DNA/hAT-Charlie	607	-	73	100199719	13569
chr14	104623757	104823757	harbor2	chr14	104649574	104650142	DNA/hAT-Charlie	1127	-	284	104649858	26101
chr14	104623757	104823757	harbor2	chr14	104663225	104663298	DNA/hAT-Charlie	765	-	36	104663261	39504
chr14	104623757	104823757	harbor2	chr14	104663581	104663879	DNA/hAT-Charlie	765	-	149	104663730	39973
chr14	103624423	103824423	harbor2	chr14	103666396	103666521	DNA/hAT-Charlie	522	-	62	103666458	42035
chr14	103624423	103824423	harbor2	chr14	103689546	103689698	DNA/hAT-Charlie	576	-	76	103689622	65199
chr14	100185464	100385464	harbor2	chr14	100199646	100199792	DNA/hAT-Charlie	607	-	73	100199719	14255
chr14	74823265	75023265	harbor2	chr14	74841401	74841602	DNA/hAT-Charlie	748	-	100	74841501	18236
chr14	74823265	75023265	harbor2	chr14	74843487	74843885	DNA/hAT-Charlie	1045	-	199	74843686	20421
chr14	74823265	75023265	harbor2	chr14	74861312	74861452	DNA/hAT-Charlie	477	-	70	74861382	38117
chr14	74823265	75023265	harbor2	chr14	74864052	74864208	DNA/hAT-Charlie	740	-	78	74864130	40865
chr14	74823265	75023265	harbor2	chr14	74915573	74915838	DNA/hAT-Charlie	777	-	132	74915705	92440
chr14	23464322	23664322	harbor2	chr14	23480878	23481053	DNA/hAT-Charlie	495	-	88	23480966	16644
chr14	24047673	24247673	harbor2	chr14	24050069	24050193	DNA/hAT-Charlie	523	-	62	24050131	2458
chr14	24047673	24247673	harbor2	chr14	24065999	24066273	DNA/hAT-Charlie	608	-	137	24066136	18463
chr14	24047673	24247673	harbor2	chr14	24083677	24083889	DNA/hAT-Charlie	503	-	106	24083783	36110
chr14	24047673	24247673	harbor2	chr14	24105938	24106097	DNA/hAT-Charlie	847	-	80	24106018	58345
chr14	67519986	67719986	harbor2	chr14	67558770	67558943	DNA/hAT-Charlie	996	-	86	67558856	38870
chr14	67519986	67719986	harbor2	chr14	67611710	67612244	DNA/hAT-Charlie	3850	-	267	67611977	91991
chr14	67519986	67719986	harbor2	chr14	67618221	67618332	DNA/hAT-Charlie	655	-	56	67618277	98291
chr14	104785123	104985123	harbor2	chr14	104870086	104870374	DNA/hAT-Charlie	826	-	144	104870230	85107
chr14	76994915	77194915	harbor2	chr14	77078403	77078573	DNA/hAT-Charlie	874	-	85	77078488	83573
chr14	74842794	75042794	harbor2	chr14	74843487	74843885	DNA/hAT-Charlie	1045	-	199	74843686	892
chr14	74842794	75042794	harbor2	chr14	74861312	74861452	DNA/hAT-Charlie	477	-	70	74861382	18588
chr14	74842794	75042794	harbor2	chr14	74864052	74864208	DNA/hAT-Charlie	740	-	78	74864130	21336
chr14	74842794	75042794	harbor2	chr14	74915573	74915838	DNA/hAT-Charlie	777	-	132	74915705	72911
chr14	74842794	75042794	harbor2	chr14	74930640	74931027	DNA/hAT-Charlie	1427	-	194	74930834	88040
chr14	94075512	94275512	harbor2	chr14	94132066	94132506	DNA/hAT-Charlie	1287	-	220	94132286	56774
chr14	94075512	94275512	harbor2	chr14	94139211	94139350	DNA/hAT-Charlie	904	-	70	94139281	63769
chr14	103422967	103622967	harbor2	chr14	103458063	103458175	DNA/hAT-Charlie	1247	-	56	103458119	35152
chr14	103422967	103622967	harbor2	chr14	103458479	103458593	DNA/hAT-Charlie	1247	-	57	103458536	35569
chr14	24048856	24248856	harbor2	chr14	24050069	24050193	DNA/hAT-Charlie	523	-	62	24050131	1275
chr14	24048856	24248856	harbor2	chr14	24065999	24066273	DNA/hAT-Charlie	608	-	137	24066136	17280
chr14	24048856	24248856	harbor2	chr14	24083677	24083889	DNA/hAT-Charlie	503	-	106	24083783	34927
chr14	24048856	24248856	harbor2	chr14	24105938	24106097	DNA/hAT-Charlie	847	-	80	24106018	57162
chr14	75328337	75528337	harbor2	chr14	75397824	75397960	DNA/hAT-Charlie	586	-	68	75397892	69555
chr14	75328337	75528337	harbor2	chr14	75424224	75424359	DNA/hAT-Charlie	694	-	68	75424292	95955
chr14	75328337	75528337	harbor2	chr14	75424761	75424833	DNA/hAT-Charlie	694	-	36	75424797	96460
chr14	76998329	77198329	harbor2	chr14	77078403	77078573	DNA/hAT-Charlie	874	-	85	77078488	80159
chr14	21337322	21537322	harbor2	chr14	21414549	21414677	DNA/hAT-Charlie	521	-	64	21414613	77291
chr14	76939921	77139921	harbor2	chr14	76971849	76971937	DNA/hAT-Charlie	822	-	44	76971893	31972
chr14	76939921	77139921	harbor2	chr14	76972248	76972344	DNA/hAT-Charlie	822	-	48	76972296	32375
chr14	76942497	77142497	harbor2	chr14	76971849	76971937	DNA/hAT-Charlie	822	-	44	76971893	29396
chr14	76942497	77142497	harbor2	chr14	76972248	76972344	DNA/hAT-Charlie	822	-	48	76972296	29799
chr14	91481271	91681271	harbor2	chr14	91484597	91484755	DNA/hAT-Charlie	518	-	79	91484676	3405
chr14	91481271	91681271	harbor2	chr14	91511301	91511547	DNA/hAT-Charlie	751	-	123	91511424	30153
chr14	91481271	91681271	harbor2	chr14	91511778	91511871	DNA/hAT-Charlie	551	-	46	91511824	30553
chr14	91481271	91681271	harbor2	chr14	91511869	91511888	DNA/hAT-Charlie	517	-	10	91511879	30608
chr14	91481271	91681271	harbor2	chr14	91512138	91512246	DNA/hAT-Charlie	517	-	54	91512192	30921
chr14	104623750	104823750	harbor2	chr14	104649574	104650142	DNA/hAT-Charlie	1127	-	284	104649858	26108
chr14	104623750	104823750	harbor2	chr14	104663225	104663298	DNA/hAT-Charlie	765	-	36	104663261	39511
chr14	104623750	104823750	harbor2	chr14	104663581	104663879	DNA/hAT-Charlie	765	-	149	104663730	39980
chr14	76928705	77128705	harbor2	chr14	76971849	76971937	DNA/hAT-Charlie	822	-	44	76971893	43188
chr14	76928705	77128705	harbor2	chr14	76972248	76972344	DNA/hAT-Charlie	822	-	48	76972296	43591
chr14	23332799	23532799	harbor2	chr14	23357927	23358223	DNA/hAT-Charlie	1370	-	148	23358075	25276
chr14	23332799	23532799	harbor2	chr14	23362061	23362384	DNA/hAT-Charlie	943	-	162	23362223	29424
chr14	23332799	23532799	harbor2	chr14	23374343	23374540	DNA/hAT-Charlie	587	-	98	23374441	41642
chr14	104690043	104890043	harbor2	chr14	104744379	104744714	DNA/hAT-Charlie	1974	-	168	104744547	54504
chr14	23087290	23287290	harbor2	chr14	23139117	23139219	DNA/hAT-Charlie	618	-	51	23139168	51878
chr14	100323696	100523696	harbor2	chr14	100411303	100411452	DNA/hAT-Charlie	557	-	74	100411377	87681
chr14	100323696	100523696	harbor2	chr14	100411462	100411530	DNA/hAT-Charlie	1027	-	34	100411496	87800
chr14	100323696	100523696	harbor2	chr14	100411836	100412006	DNA/hAT-Charlie	1027	-	85	100411921	88225
chr14	75915240	76115240	harbor2	chr14	75929309	75929447	DNA/hAT-Charlie	573	-	69	75929378	14138
chr14	75915240	76115240	harbor2	chr14	75929753	75929834	DNA/hAT-Charlie	573	-	40	75929793	14553
chr14	75915240	76115240	harbor2	chr14	75968856	75969163	DNA/hAT-Charlie	630	-	154	75969010	53770
chr14	75915240	76115240	harbor2	chr14	75976208	75976374	DNA/hAT-Charlie	744	-	83	75976291	61051
chr14	75915240	76115240	harbor2	chr14	75989868	75990375	DNA/hAT-Charlie	1071	-	254	75990122	74882
chr14	103444240	103644240	harbor2	chr14	103458063	103458175	DNA/hAT-Charlie	1247	-	56	103458119	13879
chr14	103444240	103644240	harbor2	chr14	103458479	103458593	DNA/hAT-Charlie	1247	-	57	103458536	14296
chr14	100185466	100385466	harbor2	chr14	100199646	100199792	DNA/hAT-Charlie	607	-	73	100199719	14253
chr14	104590261	104790261	harbor2	chr14	104649574	104650142	DNA/hAT-Charlie	1127	-	284	104649858	59597
chr14	104590261	104790261	harbor2	chr14	104663225	104663298	DNA/hAT-Charlie	765	-	36	104663261	73000
chr14	104590261	104790261	harbor2	chr14	104663581	104663879	DNA/hAT-Charlie	765	-	149	104663730	73469
chr14	99658830	99858830	harbor2	chr14	99677947	99678300	DNA/hAT-Charlie	2113	-	176	99678123	19293
chr14	99658830	99858830	harbor2	chr14	99680305	99680463	DNA/hAT-Charlie	530	-	79	99680384	21554
chr14	99658830	99858830	harbor2	chr14	99680480	99680646	DNA/hAT-Charlie	1377	-	83	99680563	21733
chr14	99658830	99858830	harbor2	chr14	99680958	99681097	DNA/hAT-Charlie	1377	-	70	99681028	22198
chr14	76932189	77132189	harbor2	chr14	76971849	76971937	DNA/hAT-Charlie	822	-	44	76971893	39704
chr14	76932189	77132189	harbor2	chr14	76972248	76972344	DNA/hAT-Charlie	822	-	48	76972296	40107
chr14	99462315	99662315	harbor2	chr14	99487292	99487507	DNA/hAT-Charlie	1277	-	108	99487400	25085
chr14	76959696	77159696	harbor2	chr14	76971849	76971937	DNA/hAT-Charlie	822	-	44	76971893	12197
chr14	76959696	77159696	harbor2	chr14	76972248	76972344	DNA/hAT-Charlie	822	-	48	76972296	12600
chr14	75329786	75529786	harbor2	chr14	75397824	75397960	DNA/hAT-Charlie	586	-	68	75397892	68106
chr14	75329786	75529786	harbor2	chr14	75424224	75424359	DNA/hAT-Charlie	694	-	68	75424292	94506
chr14	75329786	75529786	harbor2	chr14	75424761	75424833	DNA/hAT-Charlie	694	-	36	75424797	95011
chr14	21007545	21207545	harbor2	chr14	21027553	21027786	DNA/hAT-Charlie	543	-	116	21027669	20124
chr14	21007545	21207545	harbor2	chr14	21036336	21036550	DNA/hAT-Charlie	1656	-	107	21036443	28898
chr14	21007545	21207545	harbor2	chr14	21056237	21056625	DNA/hAT-Charlie	708	-	194	21056431	48886
chr14	21007545	21207545	harbor2	chr14	21059285	21059485	DNA/hAT-Charlie	765	-	100	21059385	51840
chr14	21007545	21207545	harbor2	chr14	21059825	21059870	DNA/hAT-Charlie	765	-	22	21059847	52302
chr14	69667754	69867754	harbor2	chr14	69673203	69673408	DNA/hAT-Charlie	919	-	102	69673305	5551
chr14	69667754	69867754	harbor2	chr14	69705548	69705717	DNA/hAT-Charlie	444	-	84	69705632	37878
chr14	69667754	69867754	harbor2	chr14	69748663	69748772	DNA/hAT-Charlie	600	-	54	69748717	80963
chr14	69667754	69867754	harbor2	chr14	69751618	69752093	DNA/hAT-Charlie	524	-	238	69751856	84102
chr14	69667754	69867754	harbor2	chr14	69752373	69752523	DNA/hAT-Charlie	453	-	75	69752448	84694
chr14	69667754	69867754	harbor2	chr14	69752802	69752960	DNA/hAT-Charlie	453	-	79	69752881	85127
chr14	69667754	69867754	harbor2	chr14	69763382	69763600	DNA/hAT-Charlie	1185	-	109	69763491	95737
chr14	102111829	102311829	harbor2	chr14	102128935	102129095	DNA/hAT-Charlie	807	-	80	102129015	17186
chr14	102111829	102311829	harbor2	chr14	102191876	102192098	DNA/hAT-Charlie	717	-	111	102191987	80158
chr14	102111829	102311829	harbor2	chr14	102194335	102194518	DNA/hAT-Charlie	933	-	92	102194427	82598
chr14	102111829	102311829	harbor2	chr14	102203197	102203442	DNA/hAT-Charlie	1011	-	122	102203319	91490
chr14	95436168	95636168	harbor2	chr14	95456394	95456599	DNA/hAT-Charlie	608	-	102	95456496	20328
chr14	95436168	95636168	harbor2	chr14	95459046	95459290	DNA/hAT-Charlie	804	-	122	95459168	23000
chr14	95436168	95636168	harbor2	chr14	95478662	95478851	DNA/hAT-Charlie	692	-	94	95478756	42588
chr14	95436168	95636168	harbor2	chr14	95484892	95485061	DNA/hAT-Charlie	790	-	84	95484976	48808
chr14	95436168	95636168	harbor2	chr14	95497616	95497828	DNA/hAT-Charlie	1162	-	106	95497722	61554
chr14	67259750	67459750	harbor2	chr14	67302988	67303184	DNA/hAT-Charlie	893	-	98	67303086	43336
chr14	67259750	67459750	harbor2	chr14	67319510	67319740	DNA/hAT-Charlie	1519	-	115	67319625	59875
chr14	54686838	54886838	harbor2	chr14	54710966	54711078	DNA/hAT-Charlie	465	-	56	54711022	24184
chr14	54686838	54886838	harbor2	chr14	54725938	54726083	DNA/hAT-Charlie	765	-	72	54726010	39172
chr14	54686838	54886838	harbor2	chr14	54726644	54726823	DNA/hAT-Charlie	494	-	90	54726734	39896
chr14	54686838	54886838	harbor2	chr14	54748426	54748591	DNA/hAT-Charlie	630	-	82	54748508	61670
chr14	24048951	24248951	harbor2	chr14	24050069	24050193	DNA/hAT-Charlie	523	-	62	24050131	1180
chr14	24048951	24248951	harbor2	chr14	24065999	24066273	DNA/hAT-Charlie	608	-	137	24066136	17185
chr14	24048951	24248951	harbor2	chr14	24083677	24083889	DNA/hAT-Charlie	503	-	106	24083783	34832
chr14	24048951	24248951	harbor2	chr14	24105938	24106097	DNA/hAT-Charlie	847	-	80	24106018	57067
chr14	103423404	103623404	harbor2	chr14	103458063	103458175	DNA/hAT-Charlie	1247	-	56	103458119	34715
chr14	103423404	103623404	harbor2	chr14	103458479	103458593	DNA/hAT-Charlie	1247	-	57	103458536	35132
chr14	72458724	72658724	harbor2	chr14	72479336	72479557	DNA/hAT-Charlie	1140	-	110	72479446	20722
chr14	72458724	72658724	harbor2	chr14	72490879	72491035	DNA/hAT-Charlie	970	-	78	72490957	32233
chr14	72458724	72658724	harbor2	chr14	72508311	72508514	DNA/hAT-Charlie	1141	-	102	72508413	49689
chr14	72458724	72658724	harbor2	chr14	72522476	72522799	DNA/hAT-Charlie	910	-	162	72522638	63914
chr14	24047661	24247661	harbor2	chr14	24050069	24050193	DNA/hAT-Charlie	523	-	62	24050131	2470
chr14	24047661	24247661	harbor2	chr14	24065999	24066273	DNA/hAT-Charlie	608	-	137	24066136	18475
chr14	24047661	24247661	harbor2	chr14	24083677	24083889	DNA/hAT-Charlie	503	-	106	24083783	36122
chr14	24047661	24247661	harbor2	chr14	24105938	24106097	DNA/hAT-Charlie	847	-	80	24106018	58357
chr14	23986853	24186853	harbor2	chr14	23987558	23987833	DNA/hAT-Charlie	714	-	138	23987696	843
chr14	23986853	24186853	harbor2	chr14	24005088	24005213	DNA/hAT-Charlie	529	-	62	24005150	18297
chr14	23986853	24186853	harbor2	chr14	24005244	24005296	DNA/hAT-Charlie	529	-	26	24005270	18417
chr14	23986853	24186853	harbor2	chr14	24050069	24050193	DNA/hAT-Charlie	523	-	62	24050131	63278
chr14	23986853	24186853	harbor2	chr14	24065999	24066273	DNA/hAT-Charlie	608	-	137	24066136	79283
chr14	23986853	24186853	harbor2	chr14	24083677	24083889	DNA/hAT-Charlie	503	-	106	24083783	96930
chr14	23986853	24186853	harbor2	chr14	24035191	24035386	DNA/hAT-Charlie	611	-	98	24035289	48436
chr14	21337315	21537315	harbor2	chr14	21414549	21414677	DNA/hAT-Charlie	521	-	64	21414613	77298
chr14	103427586	103627586	harbor2	chr14	103458063	103458175	DNA/hAT-Charlie	1247	-	56	103458119	30533
chr14	103427586	103627586	harbor2	chr14	103458479	103458593	DNA/hAT-Charlie	1247	-	57	103458536	30950
chr14	102409678	102609678	harbor2	chr14	102409676	102409815	DNA/hAT-Charlie	1282	-	70	102409746	68
chr14	102409678	102609678	harbor2	chr14	102410108	102410289	DNA/hAT-Charlie	1282	-	90	102410198	520
chr14	102409678	102609678	harbor2	chr14	102411728	102412123	DNA/hAT-Charlie	2982	-	198	102411926	2248
chr14	102409678	102609678	harbor2	chr14	102412428	102412786	DNA/hAT-Charlie	2982	-	179	102412607	2929
chr14	104792593	104992593	harbor2	chr14	104870086	104870374	DNA/hAT-Charlie	826	-	144	104870230	77637
chr14	73684556	73884556	harbor2	chr14	73698954	73699127	DNA/hAT-Charlie	1032	-	86	73699040	14484
chr14	73684556	73884556	harbor2	chr14	73711943	73712116	DNA/hAT-Charlie	564	-	86	73712029	27473
chr14	73684556	73884556	harbor2	chr14	73712256	73712562	DNA/hAT-Charlie	436	-	153	73712409	27853
chr14	73684556	73884556	harbor2	chr14	73730160	73730306	DNA/hAT-Charlie	727	-	73	73730233	45677
chr14	24048169	24248169	harbor2	chr14	24050069	24050193	DNA/hAT-Charlie	523	-	62	24050131	1962
chr14	24048169	24248169	harbor2	chr14	24065999	24066273	DNA/hAT-Charlie	608	-	137	24066136	17967
chr14	24048169	24248169	harbor2	chr14	24083677	24083889	DNA/hAT-Charlie	503	-	106	24083783	35614
chr14	24048169	24248169	harbor2	chr14	24105938	24106097	DNA/hAT-Charlie	847	-	80	24106018	57849
chr14	104416747	104616747	harbor2	chr14	104501317	104501439	DNA/hAT-Charlie	1144	-	61	104501378	84631
chr14	104416747	104616747	harbor2	chr14	104501802	104501907	DNA/hAT-Charlie	1144	-	52	104501854	85107
chr14	21337330	21537330	harbor2	chr14	21414549	21414677	DNA/hAT-Charlie	521	-	64	21414613	77283
chr14	91474914	91674914	harbor2	chr14	91477193	91477344	DNA/hAT-Charlie	688	-	76	91477269	2355
chr14	91474914	91674914	harbor2	chr14	91484597	91484755	DNA/hAT-Charlie	518	-	79	91484676	9762
chr14	91474914	91674914	harbor2	chr14	91511301	91511547	DNA/hAT-Charlie	751	-	123	91511424	36510
chr14	91474914	91674914	harbor2	chr14	91511778	91511871	DNA/hAT-Charlie	551	-	46	91511824	36910
chr14	91474914	91674914	harbor2	chr14	91511869	91511888	DNA/hAT-Charlie	517	-	10	91511879	36965
chr14	91474914	91674914	harbor2	chr14	91512138	91512246	DNA/hAT-Charlie	517	-	54	91512192	37278
chr14	100581532	100781532	harbor2	chr14	100663498	100663776	DNA/hAT-Charlie	876	-	139	100663637	82105
chr14	75330552	75530552	harbor2	chr14	75397824	75397960	DNA/hAT-Charlie	586	-	68	75397892	67340
chr14	75330552	75530552	harbor2	chr14	75424224	75424359	DNA/hAT-Charlie	694	-	68	75424292	93740
chr14	75330552	75530552	harbor2	chr14	75424761	75424833	DNA/hAT-Charlie	694	-	36	75424797	94245
chr14	102649173	102849173	harbor2	chr14	102715884	102716042	DNA/hAT-Charlie	896	-	79	102715963	66790
chr14	64194993	64394993	harbor2	chr14	64294554	64294691	DNA/hAT-Charlie	520	-	68	64294622	99629
chr14	103637279	103837279	harbor2	chr14	103666396	103666521	DNA/hAT-Charlie	522	-	62	103666458	29179
chr14	103637279	103837279	harbor2	chr14	103689546	103689698	DNA/hAT-Charlie	576	-	76	103689622	52343
chr14	103428564	103628564	harbor2	chr14	103458063	103458175	DNA/hAT-Charlie	1247	-	56	103458119	29555
chr14	103428564	103628564	harbor2	chr14	103458479	103458593	DNA/hAT-Charlie	1247	-	57	103458536	29972
chr14	67500239	67700239	harbor2	chr14	67558770	67558943	DNA/hAT-Charlie	996	-	86	67558856	58617
chr14	100185458	100385458	harbor2	chr14	100199646	100199792	DNA/hAT-Charlie	607	-	73	100199719	14261
chr14	76928673	77128673	harbor2	chr14	76971849	76971937	DNA/hAT-Charlie	822	-	44	76971893	43220
chr14	76928673	77128673	harbor2	chr14	76972248	76972344	DNA/hAT-Charlie	822	-	48	76972296	43623
chr14	90288480	90488480	harbor2	chr14	90311678	90311834	DNA/hAT-Charlie	1077	-	78	90311756	23276
chr14	90288480	90488480	harbor2	chr14	90335081	90335226	DNA/hAT-Charlie	521	-	72	90335153	46673
chr14	90288480	90488480	harbor2	chr14	90354919	90355274	DNA/hAT-Charlie	1966	-	178	90355097	66617
chr15	67422011	67622011	harbor2	chr15	67460127	67460261	DNA/hAT-Charlie	672	-	67	67460194	38183
chr15	67422011	67622011	harbor2	chr15	67486647	67486957	DNA/hAT-Charlie	1236	-	155	67486802	64791
chr15	67422011	67622011	harbor2	chr15	67488594	67488959	DNA/hAT-Charlie	2286	-	182	67488776	66765
chr15	67422011	67622011	harbor2	chr15	67500238	67500538	DNA/hAT-Charlie	676	-	150	67500388	78377
chr15	74947206	75147206	harbor2	chr15	75034986	75035155	DNA/hAT-Charlie	742	-	84	75035070	87864
chr15	74947206	75147206	harbor2	chr15	75041987	75042148	DNA/hAT-Charlie	485	-	80	75042067	94861
chr15	35446251	35646251	harbor2	chr15	35524050	35524340	DNA/hAT-Charlie	1031	-	145	35524195	77944
chr15	35446808	35646808	harbor2	chr15	35524050	35524340	DNA/hAT-Charlie	1031	-	145	35524195	77387
chr15	67421689	67621689	harbor2	chr15	67460127	67460261	DNA/hAT-Charlie	672	-	67	67460194	38505
chr15	67421689	67621689	harbor2	chr15	67486647	67486957	DNA/hAT-Charlie	1236	-	155	67486802	65113
chr15	67421689	67621689	harbor2	chr15	67488594	67488959	DNA/hAT-Charlie	2286	-	182	67488776	67087
chr15	67421689	67621689	harbor2	chr15	67500238	67500538	DNA/hAT-Charlie	676	-	150	67500388	78699
chr15	35496867	35696867	harbor2	chr15	35524050	35524340	DNA/hAT-Charlie	1031	-	145	35524195	27328
chr15	35496867	35696867	harbor2	chr15	35552591	35552750	DNA/hAT-Charlie	459	-	80	35552671	55804
chr15	35496867	35696867	harbor2	chr15	35592414	35592722	DNA/hAT-Charlie	1129	-	154	35592568	95701
chr15	101861517	102061517	harbor2	chr15	101953535	101953921	DNA/hAT-Charlie	1566	-	193	101953728	92211
chr15	35457632	35657632	harbor2	chr15	35524050	35524340	DNA/hAT-Charlie	1031	-	145	35524195	66563
chr15	35457632	35657632	harbor2	chr15	35552591	35552750	DNA/hAT-Charlie	459	-	80	35552671	95039
chr15	45030353	45230353	harbor2	chr15	45068512	45068720	DNA/hAT-Charlie	1260	-	104	45068616	38263
chr15	45030353	45230353	harbor2	chr15	45096417	45096838	DNA/hAT-Charlie	1057	-	210	45096627	66274
chr15	45030353	45230353	harbor2	chr15	45105185	45105361	DNA/hAT-Charlie	874	-	88	45105273	74920
chr15	35449060	35649060	harbor2	chr15	35524050	35524340	DNA/hAT-Charlie	1031	-	145	35524195	75135
chr15	36839296	37039296	harbor2	chr15	36845311	36845439	DNA/hAT-Charlie	416	-	64	36845375	6079
chr15	67441395	67641395	harbor2	chr15	67460127	67460261	DNA/hAT-Charlie	672	-	67	67460194	18799
chr15	67441395	67641395	harbor2	chr15	67486647	67486957	DNA/hAT-Charlie	1236	-	155	67486802	45407
chr15	67441395	67641395	harbor2	chr15	67488594	67488959	DNA/hAT-Charlie	2286	-	182	67488776	47381
chr15	67441395	67641395	harbor2	chr15	67500238	67500538	DNA/hAT-Charlie	676	-	150	67500388	58993
chr15	35449368	35649368	harbor2	chr15	35524050	35524340	DNA/hAT-Charlie	1031	-	145	35524195	74827
chr15	35446684	35646684	harbor2	chr15	35524050	35524340	DNA/hAT-Charlie	1031	-	145	35524195	77511
chr15	101861533	102061533	harbor2	chr15	101953535	101953921	DNA/hAT-Charlie	1566	-	193	101953728	92195
chr15	45378429	45578429	harbor2	chr15	45389770	45389848	DNA/hAT-Charlie	607	-	39	45389809	11380
chr15	45378429	45578429	harbor2	chr15	45390152	45390224	DNA/hAT-Charlie	607	-	36	45390188	11759
chr15	45378429	45578429	harbor2	chr15	45412426	45412711	DNA/hAT-Charlie	1270	-	142	45412568	34139
chr15	45378429	45578429	harbor2	chr15	45437665	45437811	DNA/hAT-Charlie	828	-	73	45437738	59309
chr15	45378429	45578429	harbor2	chr15	45442962	45443132	DNA/hAT-Charlie	797	-	85	45443047	64618
chr15	67422183	67622183	harbor2	chr15	67460127	67460261	DNA/hAT-Charlie	672	-	67	67460194	38011
chr15	67422183	67622183	harbor2	chr15	67486647	67486957	DNA/hAT-Charlie	1236	-	155	67486802	64619
chr15	67422183	67622183	harbor2	chr15	67488594	67488959	DNA/hAT-Charlie	2286	-	182	67488776	66593
chr15	67422183	67622183	harbor2	chr15	67500238	67500538	DNA/hAT-Charlie	676	-	150	67500388	78205
chr15	36495947	36695947	harbor2	chr15	36511646	36511798	DNA/hAT-Charlie	616	-	76	36511722	15775
chr15	36495947	36695947	harbor2	chr15	36533833	36534135	DNA/hAT-Charlie	1306	-	151	36533984	38037
chr15	36495947	36695947	harbor2	chr15	36581821	36582694	DNA/hAT-Charlie	4113	-	436	36582257	86310
chr15	36495947	36695947	harbor2	chr15	36591871	36592213	DNA/hAT-Charlie	785	-	171	36592042	96095
chr15	35467871	35667871	harbor2	chr15	35524050	35524340	DNA/hAT-Charlie	1031	-	145	35524195	56324
chr15	35467871	35667871	harbor2	chr15	35552591	35552750	DNA/hAT-Charlie	459	-	80	35552671	84800
chr15	32618800	32818800	harbor2	chr15	32632154	32632307	DNA/hAT-Charlie	445	-	76	32632230	13430
chr15	32618800	32818800	harbor2	chr15	32661207	32661337	DNA/hAT-Charlie	767	-	65	32661272	42472
chr15	32618800	32818800	harbor2	chr15	32661645	32661705	DNA/hAT-Charlie	767	-	30	32661675	42875
chr15	32618800	32818800	harbor2	chr15	32705963	32706082	DNA/hAT-Charlie	445	-	60	32706023	87223
chr15	67422192	67622192	harbor2	chr15	67460127	67460261	DNA/hAT-Charlie	672	-	67	67460194	38002
chr15	67422192	67622192	harbor2	chr15	67486647	67486957	DNA/hAT-Charlie	1236	-	155	67486802	64610
chr15	67422192	67622192	harbor2	chr15	67488594	67488959	DNA/hAT-Charlie	2286	-	182	67488776	66584
chr15	67422192	67622192	harbor2	chr15	67500238	67500538	DNA/hAT-Charlie	676	-	150	67500388	78196
chr15	35446583	35646583	harbor2	chr15	35524050	35524340	DNA/hAT-Charlie	1031	-	145	35524195	77612
chr15	35446683	35646683	harbor2	chr15	35524050	35524340	DNA/hAT-Charlie	1031	-	145	35524195	77512
chr15	36491544	36691544	harbor2	chr15	36511646	36511798	DNA/hAT-Charlie	616	-	76	36511722	20178
chr15	36491544	36691544	harbor2	chr15	36533833	36534135	DNA/hAT-Charlie	1306	-	151	36533984	42440
chr15	36491544	36691544	harbor2	chr15	36581821	36582694	DNA/hAT-Charlie	4113	-	436	36582257	90713
chr15	79333661	79533661	harbor2	chr15	79377591	79377641	DNA/hAT-Charlie	960	-	25	79377616	43955
chr15	79333661	79533661	harbor2	chr15	79377945	79378259	DNA/hAT-Charlie	960	-	157	79378102	44441
chr15	79333661	79533661	harbor2	chr15	79378692	79380115	DNA/hAT-Charlie	2912	-	712	79379404	45743
chr15	79333661	79533661	harbor2	chr15	79380352	79380406	DNA/hAT-Charlie	2912	-	27	79380379	46718
chr15	79333661	79533661	harbor2	chr15	79380534	79381145	DNA/hAT-Charlie	2912	-	306	79380840	47179
chr15	79333661	79533661	harbor2	chr15	79421099	79421311	DNA/hAT-Charlie	734	-	106	79421205	87544
chr15	67422567	67622567	harbor2	chr15	67460127	67460261	DNA/hAT-Charlie	672	-	67	67460194	37627
chr15	67422567	67622567	harbor2	chr15	67486647	67486957	DNA/hAT-Charlie	1236	-	155	67486802	64235
chr15	67422567	67622567	harbor2	chr15	67488594	67488959	DNA/hAT-Charlie	2286	-	182	67488776	66209
chr15	67422567	67622567	harbor2	chr15	67500238	67500538	DNA/hAT-Charlie	676	-	150	67500388	77821
chr15	36685156	36885156	harbor2	chr15	36740105	36740223	DNA/hAT-Charlie	477	-	59	36740164	55008
chr15	100818161	101018161	harbor2	chr15	100871595	100871747	DNA/hAT-Charlie	613	-	76	100871671	53510
chr15	100818161	101018161	harbor2	chr15	100888023	100888086	DNA/hAT-Charlie	662	-	32	100888055	69894
chr15	100818161	101018161	harbor2	chr15	100888409	100888563	DNA/hAT-Charlie	662	-	77	100888486	70325
chr15	100818161	101018161	harbor2	chr15	100912813	100912876	DNA/hAT-Charlie	1088	-	32	100912845	94684
chr15	100818161	101018161	harbor2	chr15	100913176	100913220	DNA/hAT-Charlie	1088	-	22	100913198	95037
chr15	100818161	101018161	harbor2	chr15	100913712	100913810	DNA/hAT-Charlie	1088	-	49	100913761	95600
chr15	67441016	67641016	harbor2	chr15	67460127	67460261	DNA/hAT-Charlie	672	-	67	67460194	19178
chr15	67441016	67641016	harbor2	chr15	67486647	67486957	DNA/hAT-Charlie	1236	-	155	67486802	45786
chr15	67441016	67641016	harbor2	chr15	67488594	67488959	DNA/hAT-Charlie	2286	-	182	67488776	47760
chr15	67441016	67641016	harbor2	chr15	67500238	67500538	DNA/hAT-Charlie	676	-	150	67500388	59372
chr15	101862196	102062196	harbor2	chr15	101953535	101953921	DNA/hAT-Charlie	1566	-	193	101953728	91532
chr15	34109976	34309976	harbor2	chr15	34122769	34122946	DNA/hAT-Charlie	524	-	88	34122857	12881
chr15	34109976	34309976	harbor2	chr15	34153509	34153575	DNA/hAT-Charlie	1586	-	33	34153542	43566
chr15	34109976	34309976	harbor2	chr15	34153857	34154292	DNA/hAT-Charlie	1586	-	218	34154075	44099
chr15	36787076	36987076	harbor2	chr15	36788998	36789169	DNA/hAT-Charlie	1214	-	86	36789084	2008
chr15	36787076	36987076	harbor2	chr15	36845311	36845439	DNA/hAT-Charlie	416	-	64	36845375	58299
chr15	29945312	30145312	harbor2	chr15	29962517	29962856	DNA/hAT-Charlie	764	-	170	29962687	17375
chr15	29945312	30145312	harbor2	chr15	29963156	29963249	DNA/hAT-Charlie	764	-	46	29963202	17890
chr15	29945312	30145312	harbor2	chr15	29977229	29977488	DNA/hAT-Charlie	577	-	130	29977359	32047
chr15	29945312	30145312	harbor2	chr15	30002703	30002795	DNA/hAT-Charlie	685	-	46	30002749	57437
chr15	29945312	30145312	harbor2	chr15	30003106	30003182	DNA/hAT-Charlie	685	-	38	30003144	57832
chr15	29945312	30145312	harbor2	chr15	30024347	30024547	DNA/hAT-Charlie	1284	-	100	30024447	79135
chr15	29945312	30145312	harbor2	chr15	30034686	30034735	DNA/hAT-Charlie	760	-	24	30034710	89398
chr15	29945312	30145312	harbor2	chr15	30035015	30035172	DNA/hAT-Charlie	760	-	78	30035093	89781
chr15	65277620	65477620	harbor2	chr15	65280899	65281050	DNA/hAT-Charlie	613	-	76	65280975	3355
chr15	65277620	65477620	harbor2	chr15	65305120	65305232	DNA/hAT-Charlie	509	-	56	65305176	27556
chr15	65277620	65477620	harbor2	chr15	65341737	65341777	DNA/hAT-Charlie	865	-	20	65341757	64137
chr15	65277620	65477620	harbor2	chr15	65342076	65342105	DNA/hAT-Charlie	865	-	14	65342090	64470
chr15	65277620	65477620	harbor2	chr15	65342402	65342553	DNA/hAT-Charlie	865	-	76	65342478	64858
chr15	35537214	35737214	harbor2	chr15	35552591	35552750	DNA/hAT-Charlie	459	-	80	35552671	15457
chr15	35537214	35737214	harbor2	chr15	35592414	35592722	DNA/hAT-Charlie	1129	-	154	35592568	55354
chr15	101624468	101824468	harbor2	chr15	101624410	101624626	DNA/hAT-Charlie	1501	-	108	101624518	50
chr15	101624468	101824468	harbor2	chr15	101686837	101687124	DNA/hAT-Charlie	825	-	144	101686981	62513
chr15	101624468	101824468	harbor2	chr15	101687419	101687514	DNA/hAT-Charlie	825	-	48	101687467	62999
chr15	101624468	101824468	harbor2	chr15	101688317	101688598	DNA/hAT-Charlie	723	-	140	101688457	63989
chr15	101624468	101824468	harbor2	chr15	101719857	101720011	DNA/hAT-Charlie	725	-	77	101719934	95466
chr15	28550210	28750210	harbor2	chr15	28552229	28552374	DNA/hAT-Charlie	804	-	72	28552301	2091
chr15	28550210	28750210	harbor2	chr15	28572434	28572743	DNA/hAT-Charlie	1117	-	154	28572588	22378
chr15	28550210	28750210	harbor2	chr15	28597966	28598158	DNA/hAT-Charlie	818	-	96	28598062	47852
chr15	28550210	28750210	harbor2	chr15	28598465	28598520	DNA/hAT-Charlie	818	-	28	28598493	48283
chr15	28550210	28750210	harbor2	chr15	28615601	28615859	DNA/hAT-Charlie	965	-	129	28615730	65520
chr15	101876518	102076518	harbor2	chr15	101953535	101953921	DNA/hAT-Charlie	1566	-	193	101953728	77210
chr15	101876518	102076518	harbor2	chr15	101963442	101963691	DNA/hAT-Charlie	1311	-	124	101963566	87048
chr15	101875496	102075496	harbor2	chr15	101953535	101953921	DNA/hAT-Charlie	1566	-	193	101953728	78232
chr15	101875496	102075496	harbor2	chr15	101963442	101963691	DNA/hAT-Charlie	1311	-	124	101963566	88070
chr15	67424695	67624695	harbor2	chr15	67460127	67460261	DNA/hAT-Charlie	672	-	67	67460194	35499
chr15	67424695	67624695	harbor2	chr15	67486647	67486957	DNA/hAT-Charlie	1236	-	155	67486802	62107
chr15	67424695	67624695	harbor2	chr15	67488594	67488959	DNA/hAT-Charlie	2286	-	182	67488776	64081
chr15	67424695	67624695	harbor2	chr15	67500238	67500538	DNA/hAT-Charlie	676	-	150	67500388	75693
chr15	74947209	75147209	harbor2	chr15	75034986	75035155	DNA/hAT-Charlie	742	-	84	75035070	87861
chr15	74947209	75147209	harbor2	chr15	75041987	75042148	DNA/hAT-Charlie	485	-	80	75042067	94858
chr15	35569538	35769538	harbor2	chr15	35592414	35592722	DNA/hAT-Charlie	1129	-	154	35592568	23030
chr15	35569538	35769538	harbor2	chr15	35643889	35644112	DNA/hAT-Charlie	566	-	112	35644001	74463
chr15	35569538	35769538	harbor2	chr15	35653337	35653614	DNA/hAT-Charlie	772	-	138	35653475	83937
chr15	35569538	35769538	harbor2	chr15	35664239	35664431	DNA/hAT-Charlie	674	-	96	35664335	94797
chr15	35446697	35646697	harbor2	chr15	35524050	35524340	DNA/hAT-Charlie	1031	-	145	35524195	77498
chr15	96462468	96662468	harbor2	chr15	96558185	96558443	DNA/hAT-Charlie	453	-	129	96558314	95846
chr15	35446610	35646610	harbor2	chr15	35524050	35524340	DNA/hAT-Charlie	1031	-	145	35524195	77585
chr15	78669137	78869137	harbor2	chr15	78669256	78669464	DNA/hAT-Charlie	677	-	104	78669360	223
chr15	78669137	78869137	harbor2	chr15	78674005	78674183	DNA/hAT-Charlie	740	-	89	78674094	4957
chr15	78669137	78869137	harbor2	chr15	78719635	78719790	DNA/hAT-Charlie	892	-	78	78719713	50576
chr15	78669137	78869137	harbor2	chr15	78747338	78747545	DNA/hAT-Charlie	991	-	104	78747442	78305
chr15	78669137	78869137	harbor2	chr15	78741394	78741553	DNA/hAT-Charlie	806	-	80	78741474	72337
chr15	35446521	35646521	harbor2	chr15	35524050	35524340	DNA/hAT-Charlie	1031	-	145	35524195	77674
chr15	38233430	38433430	harbor2	chr15	38237534	38237734	DNA/hAT-Charlie	772	-	100	38237634	4204
chr15	38233430	38433430	harbor2	chr15	38245418	38245564	DNA/hAT-Charlie	666	-	73	38245491	12061
chr15	38233430	38433430	harbor2	chr15	38263718	38263933	DNA/hAT-Charlie	1375	-	108	38263826	30396
chr15	35446201	35646201	harbor2	chr15	35524050	35524340	DNA/hAT-Charlie	1031	-	145	35524195	77994
chr15	50808701	51008701	harbor2	chr15	50810698	50810809	DNA/hAT-Charlie	588	-	56	50810754	2053
chr15	50808701	51008701	harbor2	chr15	50813843	50814282	DNA/hAT-Charlie	1644	-	220	50814063	5362
chr15	50808701	51008701	harbor2	chr15	50824140	50824458	DNA/hAT-Charlie	1191	-	159	50824299	15598
chr15	50808701	51008701	harbor2	chr15	50881236	50881402	DNA/hAT-Charlie	920	-	83	50881319	72618
chr15	50808701	51008701	harbor2	chr15	50899784	50899951	DNA/hAT-Charlie	610	-	84	50899868	91167
chr15	50808701	51008701	harbor2	chr15	50900252	50900320	DNA/hAT-Charlie	610	-	34	50900286	91585
chr15	50808701	51008701	harbor2	chr15	50900512	50900635	DNA/hAT-Charlie	2293	-	62	50900574	91873
chr15	50808701	51008701	harbor2	chr15	50901101	50901308	DNA/hAT-Charlie	2293	-	104	50901205	92504
chr15	50808701	51008701	harbor2	chr15	50902295	50902584	DNA/hAT-Charlie	2293	-	144	50902439	93738
chr15	50808701	51008701	harbor2	chr15	50903112	50903168	DNA/hAT-Charlie	5188	-	28	50903140	94439
chr15	50808701	51008701	harbor2	chr15	50903771	50903847	DNA/hAT-Charlie	5188	-	38	50903809	95108
chr15	50808701	51008701	harbor2	chr15	50904157	50904580	DNA/hAT-Charlie	5188	-	212	50904369	95668
chr15	50808701	51008701	harbor2	chr15	50906094	50906114	DNA/hAT-Charlie	5188	-	10	50906104	97403
chr15	50808701	51008701	harbor2	chr15	50906421	50906447	DNA/hAT-Charlie	5188	-	13	50906434	97733
chr15	50808701	51008701	harbor2	chr15	50906738	50906966	DNA/hAT-Charlie	5188	-	114	50906852	98151
chr15	50808701	51008701	harbor2	chr15	50907542	50907841	DNA/hAT-Charlie	5188	-	150	50907692	98991
chr15	50808701	51008701	harbor2	chr15	50904884	50905505	DNA/hAT-Charlie	5188	-	310	50905194	96493
chr15	101861525	102061525	harbor2	chr15	101953535	101953921	DNA/hAT-Charlie	1566	-	193	101953728	92203
chr15	67422133	67622133	harbor2	chr15	67460127	67460261	DNA/hAT-Charlie	672	-	67	67460194	38061
chr15	67422133	67622133	harbor2	chr15	67486647	67486957	DNA/hAT-Charlie	1236	-	155	67486802	64669
chr15	67422133	67622133	harbor2	chr15	67488594	67488959	DNA/hAT-Charlie	2286	-	182	67488776	66643
chr15	67422133	67622133	harbor2	chr15	67500238	67500538	DNA/hAT-Charlie	676	-	150	67500388	78255
chr15	69999345	70199345	harbor2	chr15	70017831	70017990	DNA/hAT-Charlie	791	-	80	70017911	18566
chr15	69999345	70199345	harbor2	chr15	70046522	70046651	DNA/hAT-Charlie	486	-	64	70046586	47241
chr15	69999345	70199345	harbor2	chr15	70077968	70078093	DNA/hAT-Charlie	572	-	62	70078030	78685
chr15	69999345	70199345	harbor2	chr15	70084955	70085149	DNA/hAT-Charlie	1036	-	97	70085052	85707
chr15	35446653	35646653	harbor2	chr15	35524050	35524340	DNA/hAT-Charlie	1031	-	145	35524195	77542
chr15	68720982	68920982	harbor2	chr15	68727957	68728159	DNA/hAT-Charlie	1221	-	101	68728058	7076
chr15	68720982	68920982	harbor2	chr15	68780620	68780768	DNA/hAT-Charlie	442	-	74	68780694	59712
chr15	68720982	68920982	harbor2	chr15	68815258	68815569	DNA/hAT-Charlie	1033	-	156	68815414	94432
chr15	72428517	72628517	harbor2	chr15	72505091	72505251	DNA/hAT-Charlie	558	-	80	72505171	76654
chr15	101862010	102062010	harbor2	chr15	101953535	101953921	DNA/hAT-Charlie	1566	-	193	101953728	91718
chr15	41521437	41721437	harbor2	chr15	41540850	41541065	DNA/hAT-Charlie	1233	-	108	41540958	19521
chr15	41521437	41721437	harbor2	chr15	41545482	41545546	DNA/hAT-Charlie	640	-	32	41545514	24077
chr15	41521437	41721437	harbor2	chr15	41545842	41545883	DNA/hAT-Charlie	640	-	20	41545862	24425
chr15	41521437	41721437	harbor2	chr15	41546193	41546204	DNA/hAT-Charlie	640	-	6	41546199	24762
chr15	41521437	41721437	harbor2	chr15	41546500	41546579	DNA/hAT-Charlie	640	-	40	41546540	25103
chr15	41417768	41617768	harbor2	chr15	41454806	41454961	DNA/hAT-Charlie	478	-	78	41454884	37116
chr15	39197828	39397828	harbor2	chr15	39201202	39201370	DNA/hAT-Charlie	625	-	84	39201286	3458
chr15	39197828	39397828	harbor2	chr15	39201541	39201813	DNA/hAT-Charlie	828	-	136	39201677	3849
chr15	39197828	39397828	harbor2	chr15	39249850	39250335	DNA/hAT-Charlie	1584	-	242	39250092	52264
chr15	39197828	39397828	harbor2	chr15	39274316	39274441	DNA/hAT-Charlie	431	-	62	39274378	76550
chr15	35569564	35769564	harbor2	chr15	35592414	35592722	DNA/hAT-Charlie	1129	-	154	35592568	23004
chr15	35569564	35769564	harbor2	chr15	35643889	35644112	DNA/hAT-Charlie	566	-	112	35644001	74437
chr15	35569564	35769564	harbor2	chr15	35653337	35653614	DNA/hAT-Charlie	772	-	138	35653475	83911
chr15	35569564	35769564	harbor2	chr15	35664239	35664431	DNA/hAT-Charlie	674	-	96	35664335	94771
chr15	63405661	63605661	harbor2	chr15	63433586	63433944	DNA/hAT-Charlie	1723	-	179	63433765	28104
chr15	63405661	63605661	harbor2	chr15	63434225	63434250	DNA/hAT-Charlie	1723	-	12	63434237	28576
chr15	63405661	63605661	harbor2	chr15	63444837	63445012	DNA/hAT-Charlie	632	-	88	63444925	39264
chr15	63405661	63605661	harbor2	chr15	63447687	63447839	DNA/hAT-Charlie	822	-	76	63447763	42102
chr15	63405661	63605661	harbor2	chr15	63473802	63473983	DNA/hAT-Charlie	777	-	90	63473892	68231
chr15	63405661	63605661	harbor2	chr15	63482707	63483097	DNA/hAT-Charlie	1701	-	195	63482902	77241
chr15	63405661	63605661	harbor2	chr15	63483098	63483174	DNA/hAT-Charlie	751	-	38	63483136	77475
chr15	63405661	63605661	harbor2	chr15	63483477	63483565	DNA/hAT-Charlie	751	-	44	63483521	77860
chr15	21245089	21445089	harbor2	chr15	21258604	21258834	DNA/hAT-Charlie	584	-	115	21258719	13630
chr15	48389932	48589932	harbor2	chr15	48403175	48403352	DNA/hAT-Charlie	843	-	88	48403263	13331
chr15	48389932	48589932	harbor2	chr15	48429927	48430151	DNA/hAT-Charlie	1176	-	112	48430039	40107
chr15	48389932	48589932	harbor2	chr15	48433880	48434056	DNA/hAT-Charlie	861	-	88	48433968	44036
chr15	48389932	48589932	harbor2	chr15	48454105	48454254	DNA/hAT-Charlie	720	-	74	48454179	64247
chr15	48389932	48589932	harbor2	chr15	48461678	48461993	DNA/hAT-Charlie	1262	-	158	48461836	71904
chr15	48389932	48589932	harbor2	chr15	48484884	48485072	DNA/hAT-Charlie	877	-	94	48484978	95046
chr15	64052241	64252241	harbor2	chr15	64090011	64090061	DNA/hAT-Charlie	608	-	25	64090036	37795
chr15	64052241	64252241	harbor2	chr15	64090371	64090482	DNA/hAT-Charlie	608	-	56	64090427	38186
chr15	64052241	64252241	harbor2	chr15	64105885	64106313	DNA/hAT-Charlie	1335	-	214	64106099	53858
chr15	64052241	64252241	harbor2	chr15	64113013	64113236	DNA/hAT-Charlie	563	-	112	64113125	60884
chr15	64052241	64252241	harbor2	chr15	64113248	64113314	DNA/hAT-Charlie	440	-	33	64113281	61040
chr15	64052241	64252241	harbor2	chr15	64128761	64128961	DNA/hAT-Charlie	1100	-	100	64128861	76620
chr15	64052241	64252241	harbor2	chr15	64146501	64146818	DNA/hAT-Charlie	550	-	158	64146659	94418
chr15	67428161	67628161	harbor2	chr15	67460127	67460261	DNA/hAT-Charlie	672	-	67	67460194	32033
chr15	67428161	67628161	harbor2	chr15	67486647	67486957	DNA/hAT-Charlie	1236	-	155	67486802	58641
chr15	67428161	67628161	harbor2	chr15	67488594	67488959	DNA/hAT-Charlie	2286	-	182	67488776	60615
chr15	67428161	67628161	harbor2	chr15	67500238	67500538	DNA/hAT-Charlie	676	-	150	67500388	72227
chr15	34238104	34438104	harbor2	chr15	34242284	34242482	DNA/hAT-Charlie	777	-	99	34242383	4279
chr15	34238104	34438104	harbor2	chr15	34267417	34267566	DNA/hAT-Charlie	788	-	74	34267491	29387
chr15	34238104	34438104	harbor2	chr15	34324822	34325113	DNA/hAT-Charlie	1156	-	146	34324968	86864
chr15	35446791	35646791	harbor2	chr15	35524050	35524340	DNA/hAT-Charlie	1031	-	145	35524195	77404
chr15	69199269	69399269	harbor2	chr15	69199730	69199876	DNA/hAT-Charlie	511	-	73	69199803	534
chr15	69199269	69399269	harbor2	chr15	69271321	69271486	DNA/hAT-Charlie	503	-	82	69271403	72134
chr15	69199269	69399269	harbor2	chr15	69279797	69279860	DNA/hAT-Charlie	419	-	32	69279829	80560
chr15	69199269	69399269	harbor2	chr15	69279988	69280123	DNA/hAT-Charlie	419	-	68	69280056	80787
chr15	69999529	70199529	harbor2	chr15	70017831	70017990	DNA/hAT-Charlie	791	-	80	70017911	18382
chr15	69999529	70199529	harbor2	chr15	70046522	70046651	DNA/hAT-Charlie	486	-	64	70046586	47057
chr15	69999529	70199529	harbor2	chr15	70077968	70078093	DNA/hAT-Charlie	572	-	62	70078030	78501
chr15	69999529	70199529	harbor2	chr15	70084955	70085149	DNA/hAT-Charlie	1036	-	97	70085052	85523
chr15	35616949	35816949	harbor2	chr15	35643889	35644112	DNA/hAT-Charlie	566	-	112	35644001	27052
chr15	35616949	35816949	harbor2	chr15	35653337	35653614	DNA/hAT-Charlie	772	-	138	35653475	36526
chr15	35616949	35816949	harbor2	chr15	35664239	35664431	DNA/hAT-Charlie	674	-	96	35664335	47386
chr15	36837616	37037616	harbor2	chr15	36845311	36845439	DNA/hAT-Charlie	416	-	64	36845375	7759
chr15	100177694	100377694	harbor2	chr15	100222886	100223279	DNA/hAT-Charlie	1019	-	196	100223082	45388
chr15	100177694	100377694	harbor2	chr15	100235492	100235673	DNA/hAT-Charlie	748	-	90	100235582	57888
chr15	79823750	80023750	harbor2	chr15	79850378	79850591	DNA/hAT-Charlie	1003	-	106	79850484	26734
chr15	79823750	80023750	harbor2	chr15	79899240	79899478	DNA/hAT-Charlie	802	-	119	79899359	75609
chr15	79823750	80023750	harbor2	chr15	79915222	79915461	DNA/hAT-Charlie	469	-	120	79915342	91592
chr15	45302521	45502521	harbor2	chr15	45335853	45336065	DNA/hAT-Charlie	442	-	106	45335959	33438
chr15	45302521	45502521	harbor2	chr15	45353611	45354002	DNA/hAT-Charlie	2125	-	196	45353807	51286
chr15	45302521	45502521	harbor2	chr15	45354295	45354397	DNA/hAT-Charlie	2125	-	51	45354346	51825
chr15	45302521	45502521	harbor2	chr15	45354899	45355351	DNA/hAT-Charlie	1982	-	226	45355125	52604
chr15	45302521	45502521	harbor2	chr15	45355355	45356366	DNA/hAT-Charlie	4113	-	506	45355861	53340
chr15	45302521	45502521	harbor2	chr15	45389770	45389848	DNA/hAT-Charlie	607	-	39	45389809	87288
chr15	45302521	45502521	harbor2	chr15	45390152	45390224	DNA/hAT-Charlie	607	-	36	45390188	87667
chr15	45302521	45502521	harbor2	chr15	45350892	45351059	DNA/hAT-Charlie	516	-	84	45350976	48455
chr15	56979942	57179942	harbor2	chr15	57013762	57013946	DNA/hAT-Charlie	695	-	92	57013854	33912
chr15	56979942	57179942	harbor2	chr15	57023782	57024108	DNA/hAT-Charlie	1901	-	163	57023945	44003
chr15	56979942	57179942	harbor2	chr15	57026082	57026286	DNA/hAT-Charlie	800	-	102	57026184	46242
chr15	71630657	71830657	harbor2	chr15	71630863	71631080	DNA/hAT-Charlie	842	-	108	71630971	314
chr15	71630657	71830657	harbor2	chr15	71639862	71640073	DNA/hAT-Charlie	564	-	106	71639968	9311
chr15	71630657	71830657	harbor2	chr15	71640381	71640420	DNA/hAT-Charlie	564	-	20	71640401	9744
chr15	71630657	71830657	harbor2	chr15	71650319	71650476	DNA/hAT-Charlie	743	-	78	71650397	19740
chr15	71630657	71830657	harbor2	chr15	71653991	71654212	DNA/hAT-Charlie	1244	-	110	71654101	23444
chr15	71630657	71830657	harbor2	chr15	71679296	71679511	DNA/hAT-Charlie	972	-	108	71679404	48747
chr15	71630657	71830657	harbor2	chr15	71685275	71685819	DNA/hAT-Charlie	2550	-	272	71685547	54890
chr15	71630657	71830657	harbor2	chr15	71685811	71685911	DNA/hAT-Charlie	487	-	50	71685861	55204
chr15	71630657	71830657	harbor2	chr15	71686752	71686907	DNA/hAT-Charlie	447	-	78	71686830	56173
chr15	71630657	71830657	harbor2	chr15	71719583	71719687	DNA/hAT-Charlie	1383	-	52	71719635	88978
chr15	71630657	71830657	harbor2	chr15	71719976	71720022	DNA/hAT-Charlie	1383	-	23	71719999	89342
chr15	71630657	71830657	harbor2	chr15	71720053	71720071	DNA/hAT-Charlie	1383	-	9	71720062	89405
chr15	71630657	71830657	harbor2	chr15	71720351	71720600	DNA/hAT-Charlie	1383	-	124	71720475	89818
chr15	71630657	71830657	harbor2	chr15	71727919	71728191	DNA/hAT-Charlie	972	-	136	71728055	97398
chr15	35526392	35726392	harbor2	chr15	35552591	35552750	DNA/hAT-Charlie	459	-	80	35552671	26279
chr15	35526392	35726392	harbor2	chr15	35592414	35592722	DNA/hAT-Charlie	1129	-	154	35592568	66176
chr15	73800179	74000179	harbor2	chr15	73833664	73833851	DNA/hAT-Charlie	1001	-	94	73833758	33579
chr15	73800179	74000179	harbor2	chr15	73835372	73835529	DNA/hAT-Charlie	736	-	78	73835450	35271
chr15	73800179	74000179	harbor2	chr15	73846123	73846304	DNA/hAT-Charlie	898	-	90	73846213	46034
chr15	73800179	74000179	harbor2	chr15	73878163	73878373	DNA/hAT-Charlie	1078	-	105	73878268	78089
chr15	73800179	74000179	harbor2	chr15	73898911	73899103	DNA/hAT-Charlie	614	-	96	73899007	98828
chr15	21245080	21445080	harbor2	chr15	21258604	21258834	DNA/hAT-Charlie	584	-	115	21258719	13639
chr15	101859001	102059001	harbor2	chr15	101953535	101953921	DNA/hAT-Charlie	1566	-	193	101953728	94727
chr15	101624486	101824486	harbor2	chr15	101624410	101624626	DNA/hAT-Charlie	1501	-	108	101624518	32
chr15	101624486	101824486	harbor2	chr15	101686837	101687124	DNA/hAT-Charlie	825	-	144	101686981	62495
chr15	101624486	101824486	harbor2	chr15	101687419	101687514	DNA/hAT-Charlie	825	-	48	101687467	62981
chr15	101624486	101824486	harbor2	chr15	101688317	101688598	DNA/hAT-Charlie	723	-	140	101688457	63971
chr15	101624486	101824486	harbor2	chr15	101719857	101720011	DNA/hAT-Charlie	725	-	77	101719934	95448
chr15	45487658	45687658	harbor2	chr15	45512230	45512419	DNA/hAT-Charlie	983	-	94	45512324	24666
chr15	45487658	45687658	harbor2	chr15	45537801	45538082	DNA/hAT-Charlie	1382	-	140	45537941	50283
chr15	73826340	74026340	harbor2	chr15	73833664	73833851	DNA/hAT-Charlie	1001	-	94	73833758	7418
chr15	73826340	74026340	harbor2	chr15	73835372	73835529	DNA/hAT-Charlie	736	-	78	73835450	9110
chr15	73826340	74026340	harbor2	chr15	73846123	73846304	DNA/hAT-Charlie	898	-	90	73846213	19873
chr15	73826340	74026340	harbor2	chr15	73878163	73878373	DNA/hAT-Charlie	1078	-	105	73878268	51928
chr15	73826340	74026340	harbor2	chr15	73898911	73899103	DNA/hAT-Charlie	614	-	96	73899007	72667
chr15	78668235	78868235	harbor2	chr15	78669256	78669464	DNA/hAT-Charlie	677	-	104	78669360	1125
chr15	78668235	78868235	harbor2	chr15	78674005	78674183	DNA/hAT-Charlie	740	-	89	78674094	5859
chr15	78668235	78868235	harbor2	chr15	78719635	78719790	DNA/hAT-Charlie	892	-	78	78719713	51478
chr15	78668235	78868235	harbor2	chr15	78747338	78747545	DNA/hAT-Charlie	991	-	104	78747442	79207
chr15	78668235	78868235	harbor2	chr15	78741394	78741553	DNA/hAT-Charlie	806	-	80	78741474	73239
chr15	49055735	49255735	harbor2	chr15	49136363	49136535	DNA/hAT-Charlie	799	-	86	49136449	80714
chr15	35455037	35655037	harbor2	chr15	35524050	35524340	DNA/hAT-Charlie	1031	-	145	35524195	69158
chr15	35455037	35655037	harbor2	chr15	35552591	35552750	DNA/hAT-Charlie	459	-	80	35552671	97634
chr16	2198935	2398935	harbor2	chr16	2266703	2266979	DNA/hAT-Charlie	949	-	138	2266841	67906
chr16	67059907	67259907	harbor2	chr16	67119378	67119520	DNA/hAT-Charlie	1258	-	71	67119449	59542
chr16	67059907	67259907	harbor2	chr16	67119828	67119899	DNA/hAT-Charlie	1258	-	36	67119864	59957
chr16	58760120	58960120	harbor2	chr16	58793095	58793320	DNA/hAT-Charlie	1164	-	112	58793207	33087
chr16	58760120	58960120	harbor2	chr16	58844913	58845101	DNA/hAT-Charlie	731	-	94	58845007	84887
chr16	88757148	88957148	harbor2	chr16	88844804	88845065	DNA/hAT-Charlie	813	-	130	88844934	87786
chr16	88757148	88957148	harbor2	chr16	88845372	88845422	DNA/hAT-Charlie	813	-	25	88845397	88249
chr16	66712056	66912056	harbor2	chr16	66765287	66765449	DNA/hAT-Charlie	905	-	81	66765368	53312
chr16	66712056	66912056	harbor2	chr16	66765758	66765798	DNA/hAT-Charlie	905	-	20	66765778	53722
chr16	67010338	67210338	harbor2	chr16	67039722	67039870	DNA/hAT-Charlie	696	-	74	67039796	29458
chr16	77182	277182	harbor2	chr16	110914	111119	DNA/hAT-Charlie	877	-	102	111016	33834
chr16	77182	277182	harbor2	chr16	111404	111437	DNA/hAT-Charlie	877	-	16	111420	34238
chr16	77182	277182	harbor2	chr16	111753	112093	DNA/hAT-Charlie	1007	-	170	111923	34741
chr16	67009867	67209867	harbor2	chr16	67039722	67039870	DNA/hAT-Charlie	696	-	74	67039796	29929
chr16	167275	367275	harbor2	chr16	245577	245768	DNA/hAT-Charlie	1107	-	96	245673	78398
chr16	53038047	53238047	harbor2	chr16	53055421	53055598	DNA/hAT-Charlie	548	-	88	53055509	17462
chr16	53038047	53238047	harbor2	chr16	53059893	53060061	DNA/hAT-Charlie	1348	-	84	53059977	21930
chr16	53038047	53238047	harbor2	chr16	53060196	53060289	DNA/hAT-Charlie	1348	-	46	53060242	22195
chr16	1555502	1755502	harbor2	chr16	1601919	1602085	DNA/hAT-Charlie	586	-	83	1602002	46500
chr16	427636	627636	harbor2	chr16	461034	461360	DNA/hAT-Charlie	1625	-	163	461197	33561
chr16	2838432	3038432	harbor2	chr16	2910884	2911083	DNA/hAT-Charlie	855	-	100	2910984	72552
chr16	76322	276322	harbor2	chr16	110914	111119	DNA/hAT-Charlie	877	-	102	111016	34694
chr16	76322	276322	harbor2	chr16	111404	111437	DNA/hAT-Charlie	877	-	16	111420	35098
chr16	76322	276322	harbor2	chr16	111753	112093	DNA/hAT-Charlie	1007	-	170	111923	35601
chr16	4017125	4217125	harbor2	chr16	4073938	4074112	DNA/hAT-Charlie	644	-	87	4074025	56900
chr16	56535582	56735582	harbor2	chr16	56571708	56572005	DNA/hAT-Charlie	1347	-	148	56571856	36274
chr16	56535582	56735582	harbor2	chr16	56580361	56580581	DNA/hAT-Charlie	1222	-	110	56580471	44889
chr16	56535582	56735582	harbor2	chr16	56582152	56582347	DNA/hAT-Charlie	672	-	98	56582250	46668
chr16	2204042	2404042	harbor2	chr16	2266703	2266979	DNA/hAT-Charlie	949	-	138	2266841	62799
chr16	12196224	12396224	harbor2	chr16	12219293	12219526	DNA/hAT-Charlie	588	-	116	12219409	23185
chr16	12196224	12396224	harbor2	chr16	12229915	12230120	DNA/hAT-Charlie	1033	-	102	12230017	33793
chr16	12196224	12396224	harbor2	chr16	12243973	12244250	DNA/hAT-Charlie	1695	-	138	12244111	47887
chr16	88286761	88486761	harbor2	chr16	88360851	88361351	DNA/hAT-Charlie	3563	-	250	88361101	74340
chr16	71341038	71541038	harbor2	chr16	71346808	71347077	DNA/hAT-Charlie	1474	-	134	71346942	5904
chr16	71341038	71541038	harbor2	chr16	71347119	71347153	DNA/hAT-Charlie	1474	-	17	71347136	6098
chr16	71341038	71541038	harbor2	chr16	71365532	71365708	DNA/hAT-Charlie	586	-	88	71365620	24582
chr16	71341038	71541038	harbor2	chr16	71372620	71372841	DNA/hAT-Charlie	1039	-	110	71372730	31692
chr16	71341038	71541038	harbor2	chr16	71376092	71376303	DNA/hAT-Charlie	762	-	106	71376198	35160
chr16	71341038	71541038	harbor2	chr16	71412975	71413108	DNA/hAT-Charlie	570	-	66	71413041	72003
chr16	4153746	4353746	harbor2	chr16	4245198	4245391	DNA/hAT-Charlie	552	-	96	4245294	91548
chr16	57703638	57903638	harbor2	chr16	57737972	57738119	DNA/hAT-Charlie	711	-	74	57738046	34408
chr16	245098	445098	harbor2	chr16	307503	307697	DNA/hAT-Charlie	804	-	97	307600	62502
chr16	245098	445098	harbor2	chr16	245577	245768	DNA/hAT-Charlie	1107	-	96	245673	575
chr16	874825	1074825	harbor2	chr16	935472	935655	DNA/hAT-Charlie	1168	-	92	935564	60739
chr16	30330225	30530225	harbor2	chr16	30412209	30412370	DNA/hAT-Charlie	844	-	80	30412289	82064
chr16	67110694	67310694	harbor2	chr16	67119378	67119520	DNA/hAT-Charlie	1258	-	71	67119449	8755
chr16	67110694	67310694	harbor2	chr16	67119828	67119899	DNA/hAT-Charlie	1258	-	36	67119864	9170
chr16	2199555	2399555	harbor2	chr16	2266703	2266979	DNA/hAT-Charlie	949	-	138	2266841	67286
chr16	1892491	2092491	harbor2	chr16	1892884	1893006	DNA/hAT-Charlie	565	-	61	1892945	454
chr16	31042566	31242566	harbor2	chr16	31110853	31111050	DNA/hAT-Charlie	1008	-	98	31110951	68385
chr16	57884872	58084872	harbor2	chr16	57900586	57900927	DNA/hAT-Charlie	823	-	170	57900756	15884
chr16	57884872	58084872	harbor2	chr16	57937784	57937951	DNA/hAT-Charlie	741	-	84	57937868	52996
chr16	57884872	58084872	harbor2	chr16	57937966	57938125	DNA/hAT-Charlie	568	-	80	57938046	53174
chr16	57884872	58084872	harbor2	chr16	57954259	57954530	DNA/hAT-Charlie	607	-	136	57954395	69523
chr16	871016	1071016	harbor2	chr16	935472	935655	DNA/hAT-Charlie	1168	-	92	935564	64548
chr16	456224	656224	harbor2	chr16	461034	461360	DNA/hAT-Charlie	1625	-	163	461197	4973
chr16	57885293	58085293	harbor2	chr16	57900586	57900927	DNA/hAT-Charlie	823	-	170	57900756	15463
chr16	57885293	58085293	harbor2	chr16	57937784	57937951	DNA/hAT-Charlie	741	-	84	57937868	52575
chr16	57885293	58085293	harbor2	chr16	57937966	57938125	DNA/hAT-Charlie	568	-	80	57938046	52753
chr16	57885293	58085293	harbor2	chr16	57954259	57954530	DNA/hAT-Charlie	607	-	136	57954395	69102
chr16	56836588	57036588	harbor2	chr16	56854426	56854603	DNA/hAT-Charlie	549	-	88	56854514	17926
chr16	56836588	57036588	harbor2	chr16	56895627	56896107	DNA/hAT-Charlie	2769	-	240	56895867	59279
chr16	56836588	57036588	harbor2	chr16	56929449	56929801	DNA/hAT-Charlie	2946	-	176	56929625	93037
chr16	56836588	57036588	harbor2	chr16	56930115	56930225	DNA/hAT-Charlie	2946	-	55	56930170	93582
chr16	56836588	57036588	harbor2	chr16	56930566	56931042	DNA/hAT-Charlie	3069	-	238	56930804	94216
chr16	459863	659863	harbor2	chr16	461034	461360	DNA/hAT-Charlie	1625	-	163	461197	1334
chr16	57884864	58084864	harbor2	chr16	57900586	57900927	DNA/hAT-Charlie	823	-	170	57900756	15892
chr16	57884864	58084864	harbor2	chr16	57937784	57937951	DNA/hAT-Charlie	741	-	84	57937868	53004
chr16	57884864	58084864	harbor2	chr16	57937966	57938125	DNA/hAT-Charlie	568	-	80	57938046	53182
chr16	57884864	58084864	harbor2	chr16	57954259	57954530	DNA/hAT-Charlie	607	-	136	57954395	69531
chr16	30330344	30530344	harbor2	chr16	30412209	30412370	DNA/hAT-Charlie	844	-	80	30412289	81945
chr16	88757158	88957158	harbor2	chr16	88844804	88845065	DNA/hAT-Charlie	813	-	130	88844934	87776
chr16	88757158	88957158	harbor2	chr16	88845372	88845422	DNA/hAT-Charlie	813	-	25	88845397	88239
chr16	57885269	58085269	harbor2	chr16	57900586	57900927	DNA/hAT-Charlie	823	-	170	57900756	15487
chr16	57885269	58085269	harbor2	chr16	57937784	57937951	DNA/hAT-Charlie	741	-	84	57937868	52599
chr16	57885269	58085269	harbor2	chr16	57937966	57938125	DNA/hAT-Charlie	568	-	80	57938046	52777
chr16	57885269	58085269	harbor2	chr16	57954259	57954530	DNA/hAT-Charlie	607	-	136	57954395	69126
chr16	47360971	47560971	harbor2	chr16	47408800	47408938	DNA/hAT-Charlie	663	-	69	47408869	47898
chr16	47360971	47560971	harbor2	chr16	47408932	47409124	DNA/hAT-Charlie	569	-	96	47409028	48057
chr16	47360971	47560971	harbor2	chr16	47435746	47436224	DNA/hAT-Charlie	2075	-	239	47435985	75014
chr16	47360971	47560971	harbor2	chr16	47436296	47437092	DNA/hAT-Charlie	2075	-	398	47436694	75723
chr16	47360971	47560971	harbor2	chr16	47443946	47445509	DNA/hAT-Charlie	3494	-	782	47444728	83757
chr16	14268480	14468480	harbor2	chr16	14286994	14287172	DNA/hAT-Charlie	632	-	89	14287083	18603
chr16	14268480	14468480	harbor2	chr16	14287630	14287758	DNA/hAT-Charlie	582	-	64	14287694	19214
chr16	14268480	14468480	harbor2	chr16	14291925	14292136	DNA/hAT-Charlie	728	-	106	14292031	23551
chr16	14268480	14468480	harbor2	chr16	14315963	14316057	DNA/hAT-Charlie	1100	-	47	14316010	47530
chr16	14268480	14468480	harbor2	chr16	14316432	14316570	DNA/hAT-Charlie	1100	-	69	14316501	48021
chr16	14268480	14468480	harbor2	chr16	14326657	14326869	DNA/hAT-Charlie	727	-	106	14326763	58283
chr16	2199256	2399256	harbor2	chr16	2266703	2266979	DNA/hAT-Charlie	949	-	138	2266841	67585
chr16	428373	628373	harbor2	chr16	461034	461360	DNA/hAT-Charlie	1625	-	163	461197	32824
chr16	67090427	67290427	harbor2	chr16	67119378	67119520	DNA/hAT-Charlie	1258	-	71	67119449	29022
chr16	67090427	67290427	harbor2	chr16	67119828	67119899	DNA/hAT-Charlie	1258	-	36	67119864	29437
chr16	2123651	2323651	harbor2	chr16	2156210	2156402	DNA/hAT-Charlie	736	-	96	2156306	32655
chr16	30435060	30635060	harbor2	chr16	30531107	30531479	DNA/hAT-Charlie	572	-	186	30531293	96233
chr16	4374711	4574711	harbor2	chr16	4410725	4410940	DNA/hAT-Charlie	1065	-	108	4410833	36122
chr16	2870244	3070244	harbor2	chr16	2910884	2911083	DNA/hAT-Charlie	855	-	100	2910984	40740
chr16	67010349	67210349	harbor2	chr16	67039722	67039870	DNA/hAT-Charlie	696	-	74	67039796	29447
chr16	12056811	12256811	harbor2	chr16	12100222	12100433	DNA/hAT-Charlie	768	-	106	12100328	43517
chr16	12056811	12256811	harbor2	chr16	12140831	12141063	DNA/hAT-Charlie	762	-	116	12140947	84136
chr16	12056811	12256811	harbor2	chr16	12143978	12144145	DNA/hAT-Charlie	868	-	84	12144062	87251
chr16	456243	656243	harbor2	chr16	461034	461360	DNA/hAT-Charlie	1625	-	163	461197	4954
chr16	56508531	56708531	harbor2	chr16	56571708	56572005	DNA/hAT-Charlie	1347	-	148	56571856	63325
chr16	56508531	56708531	harbor2	chr16	56580361	56580581	DNA/hAT-Charlie	1222	-	110	56580471	71940
chr16	56508531	56708531	harbor2	chr16	56582152	56582347	DNA/hAT-Charlie	672	-	98	56582250	73719
chr16	31042549	31242549	harbor2	chr16	31110853	31111050	DNA/hAT-Charlie	1008	-	98	31110951	68402
chr16	2865147	3065147	harbor2	chr16	2910884	2911083	DNA/hAT-Charlie	855	-	100	2910984	45837
chr16	57891927	58091927	harbor2	chr16	57900586	57900927	DNA/hAT-Charlie	823	-	170	57900756	8829
chr16	57891927	58091927	harbor2	chr16	57937784	57937951	DNA/hAT-Charlie	741	-	84	57937868	45941
chr16	57891927	58091927	harbor2	chr16	57937966	57938125	DNA/hAT-Charlie	568	-	80	57938046	46119
chr16	57891927	58091927	harbor2	chr16	57954259	57954530	DNA/hAT-Charlie	607	-	136	57954395	62468
chr16	74311	274311	harbor2	chr16	110914	111119	DNA/hAT-Charlie	877	-	102	111016	36705
chr16	74311	274311	harbor2	chr16	111404	111437	DNA/hAT-Charlie	877	-	16	111420	37109
chr16	74311	274311	harbor2	chr16	111753	112093	DNA/hAT-Charlie	1007	-	170	111923	37612
chr16	56536591	56736591	harbor2	chr16	56571708	56572005	DNA/hAT-Charlie	1347	-	148	56571856	35265
chr16	56536591	56736591	harbor2	chr16	56580361	56580581	DNA/hAT-Charlie	1222	-	110	56580471	43880
chr16	56536591	56736591	harbor2	chr16	56582152	56582347	DNA/hAT-Charlie	672	-	98	56582250	45659
chr16	57884877	58084877	harbor2	chr16	57900586	57900927	DNA/hAT-Charlie	823	-	170	57900756	15879
chr16	57884877	58084877	harbor2	chr16	57937784	57937951	DNA/hAT-Charlie	741	-	84	57937868	52991
chr16	57884877	58084877	harbor2	chr16	57937966	57938125	DNA/hAT-Charlie	568	-	80	57938046	53169
chr16	57884877	58084877	harbor2	chr16	57954259	57954530	DNA/hAT-Charlie	607	-	136	57954395	69518
chr16	31042564	31242564	harbor2	chr16	31110853	31111050	DNA/hAT-Charlie	1008	-	98	31110951	68387
chr16	71270097	71470097	harbor2	chr16	71296922	71297129	DNA/hAT-Charlie	912	-	104	71297026	26929
chr16	71270097	71470097	harbor2	chr16	71346808	71347077	DNA/hAT-Charlie	1474	-	134	71346942	76845
chr16	71270097	71470097	harbor2	chr16	71347119	71347153	DNA/hAT-Charlie	1474	-	17	71347136	77039
chr16	71270097	71470097	harbor2	chr16	71365532	71365708	DNA/hAT-Charlie	586	-	88	71365620	95523
chr16	4998410	5198410	harbor2	chr16	5014075	5014266	DNA/hAT-Charlie	778	-	96	5014171	15761
chr16	4998410	5198410	harbor2	chr16	5066669	5066922	DNA/hAT-Charlie	998	-	126	5066795	68385
chr16	4998410	5198410	harbor2	chr16	5067089	5067149	DNA/hAT-Charlie	998	-	30	5067119	68709
chr16	4998410	5198410	harbor2	chr16	5084182	5084381	DNA/hAT-Charlie	845	-	100	5084282	85872
chr16	4998410	5198410	harbor2	chr16	5087112	5087283	DNA/hAT-Charlie	1163	-	86	5087198	88788
chr16	67010382	67210382	harbor2	chr16	67039722	67039870	DNA/hAT-Charlie	696	-	74	67039796	29414
chr16	168997	368997	harbor2	chr16	245577	245768	DNA/hAT-Charlie	1107	-	96	245673	76676
chr16	870896	1070896	harbor2	chr16	935472	935655	DNA/hAT-Charlie	1168	-	92	935564	64668
chr16	56837249	57037249	harbor2	chr16	56854426	56854603	DNA/hAT-Charlie	549	-	88	56854514	17265
chr16	56837249	57037249	harbor2	chr16	56895627	56896107	DNA/hAT-Charlie	2769	-	240	56895867	58618
chr16	56837249	57037249	harbor2	chr16	56929449	56929801	DNA/hAT-Charlie	2946	-	176	56929625	92376
chr16	56837249	57037249	harbor2	chr16	56930115	56930225	DNA/hAT-Charlie	2946	-	55	56930170	92921
chr16	56837249	57037249	harbor2	chr16	56930566	56931042	DNA/hAT-Charlie	3069	-	238	56930804	93555
chr16	870915	1070915	harbor2	chr16	935472	935655	DNA/hAT-Charlie	1168	-	92	935564	64649
chr16	56831966	57031966	harbor2	chr16	56854426	56854603	DNA/hAT-Charlie	549	-	88	56854514	22548
chr16	56831966	57031966	harbor2	chr16	56895627	56896107	DNA/hAT-Charlie	2769	-	240	56895867	63901
chr16	56831966	57031966	harbor2	chr16	56929449	56929801	DNA/hAT-Charlie	2946	-	176	56929625	97659
chr16	56831966	57031966	harbor2	chr16	56930115	56930225	DNA/hAT-Charlie	2946	-	55	56930170	98204
chr16	56831966	57031966	harbor2	chr16	56930566	56931042	DNA/hAT-Charlie	3069	-	238	56930804	98838
chr16	270155	470155	harbor2	chr16	307503	307697	DNA/hAT-Charlie	804	-	97	307600	37445
chr16	67299632	67499632	harbor2	chr16	67312918	67313111	DNA/hAT-Charlie	1689	-	96	67313014	13382
chr16	67299632	67499632	harbor2	chr16	67313410	67313563	DNA/hAT-Charlie	1689	-	76	67313486	13854
chr16	67299632	67499632	harbor2	chr16	67337764	67337815	DNA/hAT-Charlie	4252	-	26	67337790	38158
chr16	67299632	67499632	harbor2	chr16	67339196	67339397	DNA/hAT-Charlie	741	-	100	67339296	39664
chr16	67299632	67499632	harbor2	chr16	67383398	67383576	DNA/hAT-Charlie	955	-	89	67383487	83855
chr16	67299632	67499632	harbor2	chr16	67338098	67338862	DNA/hAT-Charlie	4252	-	382	67338480	38848
chr16	2198925	2398925	harbor2	chr16	2266703	2266979	DNA/hAT-Charlie	949	-	138	2266841	67916
chr16	67010350	67210350	harbor2	chr16	67039722	67039870	DNA/hAT-Charlie	696	-	74	67039796	29446
chr16	2199557	2399557	harbor2	chr16	2266703	2266979	DNA/hAT-Charlie	949	-	138	2266841	67284
chr16	67092199	67292199	harbor2	chr16	67119378	67119520	DNA/hAT-Charlie	1258	-	71	67119449	27250
chr16	67092199	67292199	harbor2	chr16	67119828	67119899	DNA/hAT-Charlie	1258	-	36	67119864	27665
chr16	30330346	30530346	harbor2	chr16	30412209	30412370	DNA/hAT-Charlie	844	-	80	30412289	81943
chr16	49757847	49957847	harbor2	chr16	49761386	49761526	DNA/hAT-Charlie	555	-	70	49761456	3609
chr16	49757847	49957847	harbor2	chr16	49818234	49818368	DNA/hAT-Charlie	555	-	67	49818301	60454
chr16	49757847	49957847	harbor2	chr16	49818931	49818971	DNA/hAT-Charlie	825	-	20	49818951	61104
chr16	49757847	49957847	harbor2	chr16	49819270	49819399	DNA/hAT-Charlie	825	-	64	49819334	61487
chr16	49757847	49957847	harbor2	chr16	49832712	49833023	DNA/hAT-Charlie	685	-	156	49832868	75021
chr16	81601	281601	harbor2	chr16	110914	111119	DNA/hAT-Charlie	877	-	102	111016	29415
chr16	81601	281601	harbor2	chr16	111404	111437	DNA/hAT-Charlie	877	-	16	111420	29819
chr16	81601	281601	harbor2	chr16	111753	112093	DNA/hAT-Charlie	1007	-	170	111923	30322
chr16	870916	1070916	harbor2	chr16	935472	935655	DNA/hAT-Charlie	1168	-	92	935564	64648
chr16	2865121	3065121	harbor2	chr16	2910884	2911083	DNA/hAT-Charlie	855	-	100	2910984	45863
chr16	82831292	83031292	harbor2	chr16	82834996	82835295	DNA/hAT-Charlie	1561	-	150	82835146	3854
chr16	82831292	83031292	harbor2	chr16	82838897	82839112	DNA/hAT-Charlie	1154	-	108	82839005	7713
chr16	82831292	83031292	harbor2	chr16	82842581	82843096	DNA/hAT-Charlie	3258	-	258	82842839	11547
chr16	82831292	83031292	harbor2	chr16	82857637	82857910	DNA/hAT-Charlie	1115	-	136	82857773	26481
chr16	82831292	83031292	harbor2	chr16	82905585	82905890	DNA/hAT-Charlie	1335	-	152	82905737	74445
chr16	82831292	83031292	harbor2	chr16	82925807	82926115	DNA/hAT-Charlie	765	-	154	82925961	94669
chr16	82831292	83031292	harbor2	chr16	82926127	82926289	DNA/hAT-Charlie	839	-	81	82926208	94916
chr16	897933	1097933	harbor2	chr16	935472	935655	DNA/hAT-Charlie	1168	-	92	935564	37631
chr16	187322	387322	harbor2	chr16	245577	245768	DNA/hAT-Charlie	1107	-	96	245673	58351
chr16	57892529	58092529	harbor2	chr16	57900586	57900927	DNA/hAT-Charlie	823	-	170	57900756	8227
chr16	57892529	58092529	harbor2	chr16	57937784	57937951	DNA/hAT-Charlie	741	-	84	57937868	45339
chr16	57892529	58092529	harbor2	chr16	57937966	57938125	DNA/hAT-Charlie	568	-	80	57938046	45517
chr16	57892529	58092529	harbor2	chr16	57954259	57954530	DNA/hAT-Charlie	607	-	136	57954395	61866
chr16	47360977	47560977	harbor2	chr16	47408800	47408938	DNA/hAT-Charlie	663	-	69	47408869	47892
chr16	47360977	47560977	harbor2	chr16	47408932	47409124	DNA/hAT-Charlie	569	-	96	47409028	48051
chr16	47360977	47560977	harbor2	chr16	47435746	47436224	DNA/hAT-Charlie	2075	-	239	47435985	75008
chr16	47360977	47560977	harbor2	chr16	47436296	47437092	DNA/hAT-Charlie	2075	-	398	47436694	75717
chr16	47360977	47560977	harbor2	chr16	47443946	47445509	DNA/hAT-Charlie	3494	-	782	47444728	83751
chr16	69105091	69305091	harbor2	chr16	69138652	69138862	DNA/hAT-Charlie	1182	-	105	69138757	33666
chr16	69105091	69305091	harbor2	chr16	69161061	69161639	DNA/hAT-Charlie	1128	-	289	69161350	56259
chr16	2873823	3073823	harbor2	chr16	2910884	2911083	DNA/hAT-Charlie	855	-	100	2910984	37161
chr16	86769708	86969708	harbor2	chr16	86782913	86783438	DNA/hAT-Charlie	3777	-	262	86783175	13467
chr16	86769708	86969708	harbor2	chr16	86795771	86795953	DNA/hAT-Charlie	1336	-	91	86795862	26154
chr16	86769708	86969708	harbor2	chr16	86808764	86809092	DNA/hAT-Charlie	1800	-	164	86808928	39220
chr16	86769708	86969708	harbor2	chr16	86819690	86819880	DNA/hAT-Charlie	646	-	95	86819785	50077
chr16	86769708	86969708	harbor2	chr16	86822180	86822361	DNA/hAT-Charlie	1005	-	90	86822270	52562
chr16	67033235	67233235	harbor2	chr16	67039722	67039870	DNA/hAT-Charlie	696	-	74	67039796	6561
chr16	67033235	67233235	harbor2	chr16	67119378	67119520	DNA/hAT-Charlie	1258	-	71	67119449	86214
chr16	67033235	67233235	harbor2	chr16	67119828	67119899	DNA/hAT-Charlie	1258	-	36	67119864	86629
chr16	2868940	3068940	harbor2	chr16	2910884	2911083	DNA/hAT-Charlie	855	-	100	2910984	42044
chr16	75364243	75564243	harbor2	chr16	75371100	75371288	DNA/hAT-Charlie	829	-	94	75371194	6951
chr16	75364243	75564243	harbor2	chr16	75374668	75374952	DNA/hAT-Charlie	973	-	142	75374810	10567
chr16	75364243	75564243	harbor2	chr16	75388458	75388656	DNA/hAT-Charlie	598	-	99	75388557	24314
chr16	75364243	75564243	harbor2	chr16	75454095	75454296	DNA/hAT-Charlie	868	-	100	75454195	89952
chr16	94823	294823	harbor2	chr16	110914	111119	DNA/hAT-Charlie	877	-	102	111016	16193
chr16	94823	294823	harbor2	chr16	111404	111437	DNA/hAT-Charlie	877	-	16	111420	16597
chr16	94823	294823	harbor2	chr16	111753	112093	DNA/hAT-Charlie	1007	-	170	111923	17100
chr16	49564186	49764186	harbor2	chr16	49574040	49574101	DNA/hAT-Charlie	863	-	30	49574070	9884
chr16	49564186	49764186	harbor2	chr16	49574391	49574533	DNA/hAT-Charlie	863	-	71	49574462	10276
chr17	79703259	79903259	harbor2	chr17	79775701	79775849	DNA/hAT-Charlie	686	-	74	79775775	72516
chr17	57541742	57741742	harbor2	chr17	57582251	57583017	DNA/hAT-Charlie	2686	-	383	57582634	40892
chr17	57541742	57741742	harbor2	chr17	57583027	57583484	DNA/hAT-Charlie	656	-	228	57583255	41513
chr17	57541742	57741742	harbor2	chr17	57583949	57584095	DNA/hAT-Charlie	630	-	73	57584022	42280
chr17	57541742	57741742	harbor2	chr17	57597116	57597348	DNA/hAT-Charlie	1095	-	116	57597232	55490
chr17	57541742	57741742	harbor2	chr17	57597650	57597736	DNA/hAT-Charlie	1095	-	43	57597693	55951
chr17	57541742	57741742	harbor2	chr17	57603622	57603810	DNA/hAT-Charlie	801	-	94	57603716	61974
chr17	63524434	63724434	harbor2	chr17	63547464	63547663	DNA/hAT-Charlie	613	-	100	63547564	23130
chr17	63524434	63724434	harbor2	chr17	63552995	63553421	DNA/hAT-Charlie	1010	-	213	63553208	28774
chr17	79533790	79733790	harbor2	chr17	79574850	79575001	DNA/hAT-Charlie	609	-	76	79574926	41136
chr17	68099330	68299330	harbor2	chr17	68145121	68145332	DNA/hAT-Charlie	1025	-	106	68145227	45897
chr17	68099330	68299330	harbor2	chr17	68181970	68182178	DNA/hAT-Charlie	869	-	104	68182074	82744
chr17	79696192	79896192	harbor2	chr17	79775701	79775849	DNA/hAT-Charlie	686	-	74	79775775	79583
chr17	36848807	37048807	harbor2	chr17	36849157	36849194	DNA/hAT-Charlie	1449	-	18	36849175	368
chr17	36848807	37048807	harbor2	chr17	36849498	36849805	DNA/hAT-Charlie	1449	-	154	36849652	845
chr17	36848807	37048807	harbor2	chr17	36876135	36876217	DNA/hAT-Charlie	656	-	41	36876176	27369
chr17	36848807	37048807	harbor2	chr17	36876809	36876872	DNA/hAT-Charlie	656	-	32	36876841	28034
chr17	36848807	37048807	harbor2	chr17	36924530	36924705	DNA/hAT-Charlie	826	-	88	36924618	75811
chr17	44254078	44454078	harbor2	chr17	44343089	44343299	DNA/hAT-Charlie	1060	-	105	44343194	89116
chr17	72949343	73149343	harbor2	chr17	72981039	72981338	DNA/hAT-Charlie	1273	-	150	72981189	31846
chr17	72949343	73149343	harbor2	chr17	73029930	73030276	DNA/hAT-Charlie	2053	-	173	73030103	80760
chr17	72949343	73149343	harbor2	chr17	73032959	73033290	DNA/hAT-Charlie	2161	-	166	73033125	83782
chr17	72949343	73149343	harbor2	chr17	73043759	73044036	DNA/hAT-Charlie	814	-	138	73043897	94554
chr17	33328761	33528761	harbor2	chr17	33332226	33332562	DNA/hAT-Charlie	1356	-	168	33332394	3633
chr17	33328761	33528761	harbor2	chr17	33339301	33339493	DNA/hAT-Charlie	809	-	96	33339397	10636
chr17	33328761	33528761	harbor2	chr17	33348887	33348931	DNA/hAT-Charlie	976	-	22	33348909	20148
chr17	33328761	33528761	harbor2	chr17	33348932	33349095	DNA/hAT-Charlie	652	-	82	33349014	20253
chr17	33328761	33528761	harbor2	chr17	33349096	33349343	DNA/hAT-Charlie	976	-	124	33349220	20459
chr17	33328761	33528761	harbor2	chr17	33349601	33350045	DNA/hAT-Charlie	1302	-	222	33349823	21062
chr17	33328761	33528761	harbor2	chr17	33394340	33394506	DNA/hAT-Charlie	616	-	83	33394423	65662
chr17	33328761	33528761	harbor2	chr17	33428235	33428374	DNA/hAT-Charlie	813	-	70	33428305	99544
chr17	18021809	18221809	harbor2	chr17	18035589	18035771	DNA/hAT-Charlie	1124	-	91	18035680	13871
chr17	18021809	18221809	harbor2	chr17	18092530	18093280	DNA/hAT-Charlie	2648	-	375	18092905	71096
chr17	78924121	79124121	harbor2	chr17	78931022	78931205	DNA/hAT-Charlie	855	-	92	78931114	6993
chr17	79720491	79920491	harbor2	chr17	79775701	79775849	DNA/hAT-Charlie	686	-	74	79775775	55284
chr17	79901503	80101503	harbor2	chr17	79946149	79946493	DNA/hAT-Charlie	2181	-	172	79946321	44818
chr17	992084	1192084	harbor2	chr17	999756	999902	DNA/hAT-Charlie	722	-	73	999829	7745
chr17	992084	1192084	harbor2	chr17	1013947	1014159	DNA/hAT-Charlie	848	-	106	1014053	21969
chr17	992084	1192084	harbor2	chr17	1014545	1014556	DNA/hAT-Charlie	974	-	6	1014551	22467
chr17	992084	1192084	harbor2	chr17	1014870	1015135	DNA/hAT-Charlie	974	-	132	1015002	22918
chr17	992084	1192084	harbor2	chr17	1015436	1015457	DNA/hAT-Charlie	974	-	10	1015446	23362
chr17	992084	1192084	harbor2	chr17	1016038	1016299	DNA/hAT-Charlie	892	-	130	1016168	24084
chr17	992084	1192084	harbor2	chr17	1015758	1015949	DNA/hAT-Charlie	974	-	96	1015854	23770
chr17	79703204	79903204	harbor2	chr17	79775701	79775849	DNA/hAT-Charlie	686	-	74	79775775	72571
chr17	81007749	81207749	harbor2	chr17	81102407	81102604	DNA/hAT-Charlie	661	-	98	81102505	94756
chr17	64956034	65156034	harbor2	chr17	64959481	64959719	DNA/hAT-Charlie	1239	-	119	64959600	3566
chr17	64956034	65156034	harbor2	chr17	64959747	64959770	DNA/hAT-Charlie	1239	-	12	64959759	3725
chr17	76986524	77186524	harbor2	chr17	77026437	77026910	DNA/hAT-Charlie	1711	-	236	77026673	40149
chr17	77746448	77946448	harbor2	chr17	77839377	77839583	DNA/hAT-Charlie	761	-	103	77839480	93032
chr17	44256569	44456569	harbor2	chr17	44343089	44343299	DNA/hAT-Charlie	1060	-	105	44343194	86625
chr17	81003971	81203971	harbor2	chr17	81102407	81102604	DNA/hAT-Charlie	661	-	98	81102505	98534
chr17	80705801	80905801	harbor2	chr17	80760146	80760289	DNA/hAT-Charlie	761	-	72	80760218	54417
chr17	80705801	80905801	harbor2	chr17	80760602	80760674	DNA/hAT-Charlie	761	-	36	80760638	54837
chr17	47938395	48138395	harbor2	chr17	47948355	47948531	DNA/hAT-Charlie	625	-	88	47948443	10048
chr17	7687290	7887290	harbor2	chr17	7758093	7758254	DNA/hAT-Charlie	865	-	80	7758173	70883
chr17	7687290	7887290	harbor2	chr17	7758324	7758359	DNA/hAT-Charlie	865	-	18	7758342	71052
chr17	79709040	79909040	harbor2	chr17	79775701	79775849	DNA/hAT-Charlie	686	-	74	79775775	66735
chr17	77101168	77301168	harbor2	chr17	77101592	77101739	DNA/hAT-Charlie	663	-	74	77101666	498
chr17	77101168	77301168	harbor2	chr17	77178527	77178851	DNA/hAT-Charlie	1593	-	162	77178689	77521
chr17	80315303	80515303	harbor2	chr17	80377974	80378170	DNA/hAT-Charlie	807	-	98	80378072	62769
chr17	50068224	50268224	harbor2	chr17	50080868	50081056	DNA/hAT-Charlie	835	-	94	50080962	12738
chr17	15162691	15362691	harbor2	chr17	15246192	15246420	DNA/hAT-Charlie	803	-	114	15246306	83615
chr17	79354447	79554447	harbor2	chr17	79380899	79380979	DNA/hAT-Charlie	993	-	40	79380939	26492
chr17	79354447	79554447	harbor2	chr17	79381286	79381511	DNA/hAT-Charlie	993	-	112	79381398	26951
chr17	79703986	79903986	harbor2	chr17	79775701	79775849	DNA/hAT-Charlie	686	-	74	79775775	71789
chr17	33193427	33393427	harbor2	chr17	33209418	33209630	DNA/hAT-Charlie	1237	-	106	33209524	16097
chr17	33193427	33393427	harbor2	chr17	33214581	33214723	DNA/hAT-Charlie	801	-	71	33214652	21225
chr17	33193427	33393427	harbor2	chr17	33226796	33227135	DNA/hAT-Charlie	1103	-	170	33226966	33539
chr17	33193427	33393427	harbor2	chr17	33232563	33232775	DNA/hAT-Charlie	793	-	106	33232669	39242
chr17	33193427	33393427	harbor2	chr17	33259763	33259934	DNA/hAT-Charlie	715	-	86	33259849	66422
chr17	76989375	77189375	harbor2	chr17	77026437	77026910	DNA/hAT-Charlie	1711	-	236	77026673	37298
chr17	38630351	38830351	harbor2	chr17	38653817	38654030	DNA/hAT-Charlie	1196	-	106	38653923	23572
chr17	38630351	38830351	harbor2	chr17	38708549	38708614	DNA/hAT-Charlie	1010	-	32	38708581	78230
chr17	38630351	38830351	harbor2	chr17	38708925	38709069	DNA/hAT-Charlie	1010	-	72	38708997	78646
chr17	76485855	76685855	harbor2	chr17	76500154	76500378	DNA/hAT-Charlie	1060	-	112	76500266	14411
chr17	76485855	76685855	harbor2	chr17	76560338	76560578	DNA/hAT-Charlie	1195	-	120	76560458	74603
chr17	76988993	77188993	harbor2	chr17	77026437	77026910	DNA/hAT-Charlie	1711	-	236	77026673	37680
chr17	61827976	62027976	harbor2	chr17	61833917	61834112	DNA/hAT-Charlie	963	-	98	61834015	6039
chr17	61827976	62027976	harbor2	chr17	61845318	61845608	DNA/hAT-Charlie	1304	-	145	61845463	17487
chr17	61827976	62027976	harbor2	chr17	61845624	61845901	DNA/hAT-Charlie	1318	-	138	61845762	17786
chr17	61827976	62027976	harbor2	chr17	61846277	61846384	DNA/hAT-Charlie	869	-	54	61846331	18355
chr17	61827976	62027976	harbor2	chr17	61846687	61846791	DNA/hAT-Charlie	869	-	52	61846739	18763
chr17	61827976	62027976	harbor2	chr17	61877416	61877584	DNA/hAT-Charlie	848	-	84	61877500	49524
chr17	64956160	65156160	harbor2	chr17	64959481	64959719	DNA/hAT-Charlie	1239	-	119	64959600	3440
chr17	64956160	65156160	harbor2	chr17	64959747	64959770	DNA/hAT-Charlie	1239	-	12	64959759	3599
chr17	77156768	77356768	harbor2	chr17	77178527	77178851	DNA/hAT-Charlie	1593	-	162	77178689	21921
chr17	77156768	77356768	harbor2	chr17	77237945	77238107	DNA/hAT-Charlie	967	-	81	77238026	81258
chr17	77156768	77356768	harbor2	chr17	77238416	77238471	DNA/hAT-Charlie	967	-	28	77238444	81676
chr17	79705231	79905231	harbor2	chr17	79775701	79775849	DNA/hAT-Charlie	686	-	74	79775775	70544
chr17	33193168	33393168	harbor2	chr17	33209418	33209630	DNA/hAT-Charlie	1237	-	106	33209524	16356
chr17	33193168	33393168	harbor2	chr17	33214581	33214723	DNA/hAT-Charlie	801	-	71	33214652	21484
chr17	33193168	33393168	harbor2	chr17	33226796	33227135	DNA/hAT-Charlie	1103	-	170	33226966	33798
chr17	33193168	33393168	harbor2	chr17	33232563	33232775	DNA/hAT-Charlie	793	-	106	33232669	39501
chr17	33193168	33393168	harbor2	chr17	33259763	33259934	DNA/hAT-Charlie	715	-	86	33259849	66681
chr17	76300002	76500002	harbor2	chr17	76314057	76314201	DNA/hAT-Charlie	920	-	72	76314129	14127
chr17	76300002	76500002	harbor2	chr17	76314517	76314546	DNA/hAT-Charlie	920	-	14	76314531	14529
chr17	76300002	76500002	harbor2	chr17	76314670	76314769	DNA/hAT-Charlie	920	-	50	76314720	14718
chr17	76300002	76500002	harbor2	chr17	76317954	76318144	DNA/hAT-Charlie	805	-	95	76318049	18047
chr17	78924099	79124099	harbor2	chr17	78931022	78931205	DNA/hAT-Charlie	855	-	92	78931114	7015
chr17	28320288	28520288	harbor2	chr17	28397249	28397369	DNA/hAT-Charlie	689	-	60	28397309	77021
chr17	9859773	10059773	harbor2	chr17	9878098	9878416	DNA/hAT-Charlie	920	-	159	9878257	18484
chr17	9859773	10059773	harbor2	chr17	9942683	9942997	DNA/hAT-Charlie	829	-	157	9942840	83067
chr17	1663508	1863508	harbor2	chr17	1718888	1719113	DNA/hAT-Charlie	910	-	112	1719000	55492
chr17	991175	1191175	harbor2	chr17	999756	999902	DNA/hAT-Charlie	722	-	73	999829	8654
chr17	991175	1191175	harbor2	chr17	1013947	1014159	DNA/hAT-Charlie	848	-	106	1014053	22878
chr17	991175	1191175	harbor2	chr17	1014545	1014556	DNA/hAT-Charlie	974	-	6	1014551	23376
chr17	991175	1191175	harbor2	chr17	1014870	1015135	DNA/hAT-Charlie	974	-	132	1015002	23827
chr17	991175	1191175	harbor2	chr17	1015436	1015457	DNA/hAT-Charlie	974	-	10	1015446	24271
chr17	991175	1191175	harbor2	chr17	1016038	1016299	DNA/hAT-Charlie	892	-	130	1016168	24993
chr17	991175	1191175	harbor2	chr17	1015758	1015949	DNA/hAT-Charlie	974	-	96	1015854	24679
chr17	79738369	79938369	harbor2	chr17	79775701	79775849	DNA/hAT-Charlie	686	-	74	79775775	37406
chr17	69432886	69632886	harbor2	chr17	69453220	69453420	DNA/hAT-Charlie	990	-	100	69453320	20434
chr17	69432886	69632886	harbor2	chr17	69516007	69516496	DNA/hAT-Charlie	3432	-	244	69516251	83365
chr17	79301313	79501313	harbor2	chr17	79339538	79339677	DNA/hAT-Charlie	658	-	70	79339608	38295
chr17	79301313	79501313	harbor2	chr17	79380899	79380979	DNA/hAT-Charlie	993	-	40	79380939	79626
chr17	79301313	79501313	harbor2	chr17	79381286	79381511	DNA/hAT-Charlie	993	-	112	79381398	80085
chr17	79690066	79890066	harbor2	chr17	79775701	79775849	DNA/hAT-Charlie	686	-	74	79775775	85709
chr17	76146968	76346968	harbor2	chr17	76224615	76224854	DNA/hAT-Charlie	1456	-	120	76224735	77767
chr17	79702898	79902898	harbor2	chr17	79775701	79775849	DNA/hAT-Charlie	686	-	74	79775775	72877
chr17	2838078	3038078	harbor2	chr17	2916246	2916441	DNA/hAT-Charlie	879	-	98	2916344	78266
chr17	2838639	3038639	harbor2	chr17	2916246	2916441	DNA/hAT-Charlie	879	-	98	2916344	77705
chr17	7758049	7958049	harbor2	chr17	7758093	7758254	DNA/hAT-Charlie	865	-	80	7758173	124
chr17	7758049	7958049	harbor2	chr17	7758324	7758359	DNA/hAT-Charlie	865	-	18	7758342	293
chr17	7758049	7958049	harbor2	chr17	7819650	7819811	DNA/hAT-Charlie	601	-	80	7819730	61681
chr17	32776669	32976669	harbor2	chr17	32845623	32845799	DNA/hAT-Charlie	970	-	88	32845711	69042
chr17	32776669	32976669	harbor2	chr17	32851609	32851940	DNA/hAT-Charlie	1923	-	166	32851775	75106
chr17	31389658	31589658	harbor2	chr17	31461932	31461979	DNA/hAT-Charlie	791	-	24	31461956	72298
chr17	31389658	31589658	harbor2	chr17	31462293	31462395	DNA/hAT-Charlie	791	-	51	31462344	72686
chr17	40257161	40457161	harbor2	chr17	40263146	40263475	DNA/hAT-Charlie	2079	-	164	40263310	6149
chr17	40257161	40457161	harbor2	chr17	40353989	40354189	DNA/hAT-Charlie	1193	-	100	40354089	96928
chr17	28851871	29051871	harbor2	chr17	28894828	28894900	DNA/hAT-Charlie	750	-	36	28894864	42993
chr17	28851871	29051871	harbor2	chr17	28895200	28895373	DNA/hAT-Charlie	750	-	86	28895286	43415
chr17	28851871	29051871	harbor2	chr17	28909219	28909440	DNA/hAT-Charlie	879	-	110	28909329	57458
chr17	81011428	81211428	harbor2	chr17	81102407	81102604	DNA/hAT-Charlie	661	-	98	81102505	91077
chr17	40547830	40747830	harbor2	chr17	40630270	40630478	DNA/hAT-Charlie	1005	-	104	40630374	82544
chr17	75415680	75615680	harbor2	chr17	75449203	75449392	DNA/hAT-Charlie	1110	-	94	75449297	33617
chr17	38634397	38834397	harbor2	chr17	38653817	38654030	DNA/hAT-Charlie	1196	-	106	38653923	19526
chr17	38634397	38834397	harbor2	chr17	38708549	38708614	DNA/hAT-Charlie	1010	-	32	38708581	74184
chr17	38634397	38834397	harbor2	chr17	38708925	38709069	DNA/hAT-Charlie	1010	-	72	38708997	74600
chr17	2902561	3102561	harbor2	chr17	2986969	2987193	DNA/hAT-Charlie	1152	-	112	2987081	84520
chr17	2902561	3102561	harbor2	chr17	2987203	2987350	DNA/hAT-Charlie	676	-	74	2987277	84716
chr17	2902561	3102561	harbor2	chr17	2987660	2987838	DNA/hAT-Charlie	676	-	89	2987749	85188
chr17	2902561	3102561	harbor2	chr17	2916246	2916441	DNA/hAT-Charlie	879	-	98	2916344	13783
chr17	60049882	60249882	harbor2	chr17	60061489	60061806	DNA/hAT-Charlie	1744	-	158	60061647	11765
chr17	60049882	60249882	harbor2	chr17	60068102	60068271	DNA/hAT-Charlie	605	-	84	60068186	18304
chr17	60049882	60249882	harbor2	chr17	60111990	60112159	DNA/hAT-Charlie	693	-	84	60112074	62192
chr17	76062133	76262133	harbor2	chr17	76065918	76066040	DNA/hAT-Charlie	616	-	61	76065979	3846
chr17	76062133	76262133	harbor2	chr17	76134937	76135072	DNA/hAT-Charlie	646	-	68	76135005	72872
chr17	79703218	79903218	harbor2	chr17	79775701	79775849	DNA/hAT-Charlie	686	-	74	79775775	72557
chr17	1548913	1748913	harbor2	chr17	1607679	1607721	DNA/hAT-Charlie	893	-	21	1607700	58787
chr17	1548913	1748913	harbor2	chr17	1608015	1608203	DNA/hAT-Charlie	893	-	94	1608109	59196
chr17	27992414	28192414	harbor2	chr17	28037240	28037488	DNA/hAT-Charlie	775	-	124	28037364	44950
chr17	27992414	28192414	harbor2	chr17	28052574	28052864	DNA/hAT-Charlie	1379	-	145	28052719	60305
chr17	27992414	28192414	harbor2	chr17	28070982	28071194	DNA/hAT-Charlie	1158	-	106	28071088	78674
chr17	78759349	78959349	harbor2	chr17	78829508	78829706	DNA/hAT-Charlie	659	-	99	78829607	70258
chr17	79301315	79501315	harbor2	chr17	79339538	79339677	DNA/hAT-Charlie	658	-	70	79339608	38293
chr17	79301315	79501315	harbor2	chr17	79380899	79380979	DNA/hAT-Charlie	993	-	40	79380939	79624
chr17	79301315	79501315	harbor2	chr17	79381286	79381511	DNA/hAT-Charlie	993	-	112	79381398	80083
chr17	81093365	81293365	harbor2	chr17	81102407	81102604	DNA/hAT-Charlie	661	-	98	81102505	9140
chr17	76284849	76484849	harbor2	chr17	76314057	76314201	DNA/hAT-Charlie	920	-	72	76314129	29280
chr17	76284849	76484849	harbor2	chr17	76314517	76314546	DNA/hAT-Charlie	920	-	14	76314531	29682
chr17	76284849	76484849	harbor2	chr17	76314670	76314769	DNA/hAT-Charlie	920	-	50	76314720	29871
chr17	76284849	76484849	harbor2	chr17	76317954	76318144	DNA/hAT-Charlie	805	-	95	76318049	33200
chr17	78908254	79108254	harbor2	chr17	78931022	78931205	DNA/hAT-Charlie	855	-	92	78931114	22860
chr17	61281405	61481405	harbor2	chr17	61300892	61301102	DNA/hAT-Charlie	953	-	105	61300997	19592
chr17	61281405	61481405	harbor2	chr17	61301307	61301351	DNA/hAT-Charlie	953	-	22	61301329	19924
chr17	61281405	61481405	harbor2	chr17	61301648	61301812	DNA/hAT-Charlie	953	-	82	61301730	20325
chr17	61281405	61481405	harbor2	chr17	61353305	61353468	DNA/hAT-Charlie	627	-	82	61353387	71982
chr17	47912946	48112946	harbor2	chr17	47948355	47948531	DNA/hAT-Charlie	625	-	88	47948443	35497
chr17	48956358	49156358	harbor2	chr17	49017379	49017586	DNA/hAT-Charlie	719	-	104	49017483	61125
chr17	63512433	63712433	harbor2	chr17	63547464	63547663	DNA/hAT-Charlie	613	-	100	63547564	35131
chr17	63512433	63712433	harbor2	chr17	63552995	63553421	DNA/hAT-Charlie	1010	-	213	63553208	40775
chr17	79284967	79484967	harbor2	chr17	79339538	79339677	DNA/hAT-Charlie	658	-	70	79339608	54641
chr17	79284967	79484967	harbor2	chr17	79380899	79380979	DNA/hAT-Charlie	993	-	40	79380939	95972
chr17	79284967	79484967	harbor2	chr17	79381286	79381511	DNA/hAT-Charlie	993	-	112	79381398	96431
chr17	63601376	63801376	harbor2	chr17	63659458	63659525	DNA/hAT-Charlie	954	-	34	63659492	58116
chr17	63601376	63801376	harbor2	chr17	63659828	63660074	DNA/hAT-Charlie	954	-	123	63659951	58575
chr17	76768571	76968571	harbor2	chr17	76812294	76812527	DNA/hAT-Charlie	675	-	116	76812410	43839
chr17	61309671	61509671	harbor2	chr17	61353305	61353468	DNA/hAT-Charlie	627	-	82	61353387	43716
chr17	1000805	1200805	harbor2	chr17	1013947	1014159	DNA/hAT-Charlie	848	-	106	1014053	13248
chr17	1000805	1200805	harbor2	chr17	1014545	1014556	DNA/hAT-Charlie	974	-	6	1014551	13746
chr17	1000805	1200805	harbor2	chr17	1014870	1015135	DNA/hAT-Charlie	974	-	132	1015002	14197
chr17	1000805	1200805	harbor2	chr17	1015436	1015457	DNA/hAT-Charlie	974	-	10	1015446	14641
chr17	1000805	1200805	harbor2	chr17	1016038	1016299	DNA/hAT-Charlie	892	-	130	1016168	15363
chr17	1000805	1200805	harbor2	chr17	1015758	1015949	DNA/hAT-Charlie	974	-	96	1015854	15049
chr17	78755779	78955779	harbor2	chr17	78829508	78829706	DNA/hAT-Charlie	659	-	99	78829607	73828
chr17	44677505	44877505	harbor2	chr17	44677617	44677792	DNA/hAT-Charlie	842	-	88	44677705	200
chr17	44677505	44877505	harbor2	chr17	44716494	44716711	DNA/hAT-Charlie	1156	-	108	44716602	39097
chr17	62850959	63050959	harbor2	chr17	62887362	62887525	DNA/hAT-Charlie	857	-	82	62887444	36485
chr17	62850959	63050959	harbor2	chr17	62887665	62887683	DNA/hAT-Charlie	666	-	9	62887674	36715
chr17	62850959	63050959	harbor2	chr17	62888039	62888181	DNA/hAT-Charlie	666	-	71	62888110	37151
chr17	62850959	63050959	harbor2	chr17	62905259	62905442	DNA/hAT-Charlie	1276	-	92	62905351	54392
chr17	62850959	63050959	harbor2	chr17	62905761	62905807	DNA/hAT-Charlie	1276	-	23	62905784	54825
chr17	62850959	63050959	harbor2	chr17	62922532	62922810	DNA/hAT-Charlie	693	-	139	62922671	71712
chr17	79703385	79903385	harbor2	chr17	79775701	79775849	DNA/hAT-Charlie	686	-	74	79775775	72390
chr17	79703205	79903205	harbor2	chr17	79775701	79775849	DNA/hAT-Charlie	686	-	74	79775775	72570
chr17	78032233	78232233	harbor2	chr17	78083575	78083766	DNA/hAT-Charlie	1112	-	96	78083671	51438
chr17	62166308	62366308	harbor2	chr17	62188937	62189066	DNA/hAT-Charlie	780	-	64	62189001	22693
chr17	62166308	62366308	harbor2	chr17	62189361	62189416	DNA/hAT-Charlie	780	-	28	62189389	23081
chr17	62166308	62366308	harbor2	chr17	62256599	62256818	DNA/hAT-Charlie	1008	-	110	62256709	90401
chr17	76771331	76971331	harbor2	chr17	76812294	76812527	DNA/hAT-Charlie	675	-	116	76812410	41079
chr17	78448916	78648916	harbor2	chr17	78449251	78449402	DNA/hAT-Charlie	631	-	76	78449327	411
chr17	57768134	57968134	harbor2	chr17	57859405	57859568	DNA/hAT-Charlie	912	-	82	57859487	91353
chr17	57768134	57968134	harbor2	chr17	57859580	57859742	DNA/hAT-Charlie	814	-	81	57859661	91527
chr17	57768134	57968134	harbor2	chr17	57860601	57860723	DNA/hAT-Charlie	612	-	61	57860662	92528
chr17	1529289	1729289	harbor2	chr17	1607679	1607721	DNA/hAT-Charlie	893	-	21	1607700	78411
chr17	1529289	1729289	harbor2	chr17	1608015	1608203	DNA/hAT-Charlie	893	-	94	1608109	78820
chr17	48652372	48852372	harbor2	chr17	48676338	48676891	DNA/hAT-Charlie	2787	-	276	48676614	24242
chr17	35649355	35849355	harbor2	chr17	35689669	35689852	DNA/hAT-Charlie	770	-	92	35689761	40406
chr17	76485858	76685858	harbor2	chr17	76500154	76500378	DNA/hAT-Charlie	1060	-	112	76500266	14408
chr17	76485858	76685858	harbor2	chr17	76560338	76560578	DNA/hAT-Charlie	1195	-	120	76560458	74600
chr17	8344316	8544316	harbor2	chr17	8364615	8364752	DNA/hAT-Charlie	623	-	68	8364683	20367
chr17	8344316	8544316	harbor2	chr17	8365055	8365119	DNA/hAT-Charlie	623	-	32	8365087	20771
chr17	8344316	8544316	harbor2	chr17	8410700	8410824	DNA/hAT-Charlie	750	-	62	8410762	66446
chr17	76768569	76968569	harbor2	chr17	76812294	76812527	DNA/hAT-Charlie	675	-	116	76812410	43841
chr17	8926421	9126421	harbor2	chr17	8939290	8939738	DNA/hAT-Charlie	1932	-	224	8939514	13093
chr17	8926421	9126421	harbor2	chr17	8976063	8976742	DNA/hAT-Charlie	1677	-	340	8976403	49982
chr17	8926421	9126421	harbor2	chr17	8990891	8990966	DNA/hAT-Charlie	2025	-	38	8990929	64508
chr17	8926421	9126421	harbor2	chr17	8991254	8991675	DNA/hAT-Charlie	2025	-	210	8991464	65043
chr17	8926421	9126421	harbor2	chr17	9010756	9011291	DNA/hAT-Charlie	3383	-	268	9011024	84603
chr17	47195622	47395622	harbor2	chr17	47201908	47201982	DNA/hAT-Charlie	3400	-	37	47201945	6323
chr17	47195622	47395622	harbor2	chr17	47242210	47242367	DNA/hAT-Charlie	610	-	78	47242288	46666
chr17	47195622	47395622	harbor2	chr17	47293010	47293180	DNA/hAT-Charlie	819	-	85	47293095	97473
chr17	47195622	47395622	harbor2	chr17	47202286	47202938	DNA/hAT-Charlie	3400	-	326	47202612	6990
chr17	81003969	81203969	harbor2	chr17	81102407	81102604	DNA/hAT-Charlie	661	-	98	81102505	98536
chr17	78032333	78232333	harbor2	chr17	78083575	78083766	DNA/hAT-Charlie	1112	-	96	78083671	51338
chr17	8376092	8576092	harbor2	chr17	8410700	8410824	DNA/hAT-Charlie	750	-	62	8410762	34670
chr17	8376092	8576092	harbor2	chr17	8445057	8445443	DNA/hAT-Charlie	1316	-	193	8445250	69158
chr17	8376092	8576092	harbor2	chr17	8451885	8452000	DNA/hAT-Charlie	608	-	58	8451943	75851
chr17	27233081	27433081	harbor2	chr17	27277327	27277547	DNA/hAT-Charlie	1446	-	110	27277437	44356
chr17	27233081	27433081	harbor2	chr17	27316807	27317014	DNA/hAT-Charlie	1416	-	104	27316911	83830
chr18	26129359	26329359	harbor2	chr18	26129759	26129958	DNA/hAT-Charlie	939	-	100	26129859	500
chr18	26129359	26329359	harbor2	chr18	26172270	26172486	DNA/hAT-Charlie	773	-	108	26172378	43019
chr18	26129359	26329359	harbor2	chr18	26193686	26193811	DNA/hAT-Charlie	1427	-	62	26193748	64389
chr18	26129359	26329359	harbor2	chr18	26194105	26194266	DNA/hAT-Charlie	1427	-	80	26194185	64826
chr18	26129359	26329359	harbor2	chr18	26203619	26203740	DNA/hAT-Charlie	537	-	60	26203679	74320
chr18	26126451	26326451	harbor2	chr18	26129759	26129958	DNA/hAT-Charlie	939	-	100	26129859	3408
chr18	26126451	26326451	harbor2	chr18	26172270	26172486	DNA/hAT-Charlie	773	-	108	26172378	45927
chr18	26126451	26326451	harbor2	chr18	26193686	26193811	DNA/hAT-Charlie	1427	-	62	26193748	67297
chr18	26126451	26326451	harbor2	chr18	26194105	26194266	DNA/hAT-Charlie	1427	-	80	26194185	67734
chr18	26126451	26326451	harbor2	chr18	26203619	26203740	DNA/hAT-Charlie	537	-	60	26203679	77228
chr18	26128509	26328509	harbor2	chr18	26129759	26129958	DNA/hAT-Charlie	939	-	100	26129859	1350
chr18	26128509	26328509	harbor2	chr18	26172270	26172486	DNA/hAT-Charlie	773	-	108	26172378	43869
chr18	26128509	26328509	harbor2	chr18	26193686	26193811	DNA/hAT-Charlie	1427	-	62	26193748	65239
chr18	26128509	26328509	harbor2	chr18	26194105	26194266	DNA/hAT-Charlie	1427	-	80	26194185	65676
chr18	26128509	26328509	harbor2	chr18	26203619	26203740	DNA/hAT-Charlie	537	-	60	26203679	75170
chr18	26126452	26326452	harbor2	chr18	26129759	26129958	DNA/hAT-Charlie	939	-	100	26129859	3407
chr18	26126452	26326452	harbor2	chr18	26172270	26172486	DNA/hAT-Charlie	773	-	108	26172378	45926
chr18	26126452	26326452	harbor2	chr18	26193686	26193811	DNA/hAT-Charlie	1427	-	62	26193748	67296
chr18	26126452	26326452	harbor2	chr18	26194105	26194266	DNA/hAT-Charlie	1427	-	80	26194185	67733
chr18	26126452	26326452	harbor2	chr18	26203619	26203740	DNA/hAT-Charlie	537	-	60	26203679	77227
chr18	26128609	26328609	harbor2	chr18	26129759	26129958	DNA/hAT-Charlie	939	-	100	26129859	1250
chr18	26128609	26328609	harbor2	chr18	26172270	26172486	DNA/hAT-Charlie	773	-	108	26172378	43769
chr18	26128609	26328609	harbor2	chr18	26193686	26193811	DNA/hAT-Charlie	1427	-	62	26193748	65139
chr18	26128609	26328609	harbor2	chr18	26194105	26194266	DNA/hAT-Charlie	1427	-	80	26194185	65576
chr18	26128609	26328609	harbor2	chr18	26203619	26203740	DNA/hAT-Charlie	537	-	60	26203679	75070
chr18	26126723	26326723	harbor2	chr18	26129759	26129958	DNA/hAT-Charlie	939	-	100	26129859	3136
chr18	26126723	26326723	harbor2	chr18	26172270	26172486	DNA/hAT-Charlie	773	-	108	26172378	45655
chr18	26126723	26326723	harbor2	chr18	26193686	26193811	DNA/hAT-Charlie	1427	-	62	26193748	67025
chr18	26126723	26326723	harbor2	chr18	26194105	26194266	DNA/hAT-Charlie	1427	-	80	26194185	67462
chr18	26126723	26326723	harbor2	chr18	26203619	26203740	DNA/hAT-Charlie	537	-	60	26203679	76956
chr18	26192379	26392379	harbor2	chr18	26193686	26193811	DNA/hAT-Charlie	1427	-	62	26193748	1369
chr18	26192379	26392379	harbor2	chr18	26194105	26194266	DNA/hAT-Charlie	1427	-	80	26194185	1806
chr18	26192379	26392379	harbor2	chr18	26203619	26203740	DNA/hAT-Charlie	537	-	60	26203679	11300
chr18	26192379	26392379	harbor2	chr18	26272206	26272424	DNA/hAT-Charlie	1212	-	109	26272315	79936
chr18	26192379	26392379	harbor2	chr18	26276960	26277090	DNA/hAT-Charlie	1404	-	65	26277025	84646
chr18	26192379	26392379	harbor2	chr18	26277385	26277695	DNA/hAT-Charlie	1404	-	155	26277540	85161
chr18	26192379	26392379	harbor2	chr18	26277695	26278299	DNA/hAT-Charlie	2775	-	302	26277997	85618
chr18	26192379	26392379	harbor2	chr18	26278609	26278818	DNA/hAT-Charlie	2775	-	104	26278713	86334
chr18	37466535	37666535	harbor2	chr18	37479360	37479528	DNA/hAT-Charlie	918	-	84	37479444	12909
chr18	26127358	26327358	harbor2	chr18	26129759	26129958	DNA/hAT-Charlie	939	-	100	26129859	2501
chr18	26127358	26327358	harbor2	chr18	26172270	26172486	DNA/hAT-Charlie	773	-	108	26172378	45020
chr18	26127358	26327358	harbor2	chr18	26193686	26193811	DNA/hAT-Charlie	1427	-	62	26193748	66390
chr18	26127358	26327358	harbor2	chr18	26194105	26194266	DNA/hAT-Charlie	1427	-	80	26194185	66827
chr18	26127358	26327358	harbor2	chr18	26203619	26203740	DNA/hAT-Charlie	537	-	60	26203679	76321
chr18	12848395	13048395	harbor2	chr18	12863499	12863696	DNA/hAT-Charlie	1038	-	98	12863597	15202
chr18	12848395	13048395	harbor2	chr18	12885031	12885186	DNA/hAT-Charlie	678	-	78	12885109	36714
chr18	57458489	57658489	harbor2	chr18	57514498	57514816	DNA/hAT-Charlie	1437	-	159	57514657	56168
chr18	78210405	78410405	harbor2	chr18	78271899	78272059	DNA/hAT-Charlie	755	-	80	78271979	61574
chr18	12277008	12477008	harbor2	chr18	12362488	12362617	DNA/hAT-Charlie	556	-	64	12362552	85544
chr18	63267857	63467857	harbor2	chr18	63284089	63284248	DNA/hAT-Charlie	569	-	80	63284169	16312
chr18	63267857	63467857	harbor2	chr18	63296899	63296930	DNA/hAT-Charlie	1058	-	16	63296915	29058
chr18	63267857	63467857	harbor2	chr18	63297235	63297498	DNA/hAT-Charlie	1058	-	132	63297367	29510
chr18	63267857	63467857	harbor2	chr18	63333571	63333786	DNA/hAT-Charlie	520	-	108	63333679	65822
chr18	8917310	9117310	harbor2	chr18	8994191	8994213	DNA/hAT-Charlie	785	-	11	8994202	76892
chr18	8917310	9117310	harbor2	chr18	8994624	8994776	DNA/hAT-Charlie	785	-	76	8994700	77390
chr18	74439385	74639385	harbor2	chr18	74444473	74444637	DNA/hAT-Charlie	698	-	82	74444555	5170
chr18	65788461	65988461	harbor2	chr18	65873388	65873693	DNA/hAT-Charlie	1133	-	152	65873540	85079
chr18	26155998	26355998	harbor2	chr18	26172270	26172486	DNA/hAT-Charlie	773	-	108	26172378	16380
chr18	26155998	26355998	harbor2	chr18	26193686	26193811	DNA/hAT-Charlie	1427	-	62	26193748	37750
chr18	26155998	26355998	harbor2	chr18	26194105	26194266	DNA/hAT-Charlie	1427	-	80	26194185	38187
chr18	26155998	26355998	harbor2	chr18	26203619	26203740	DNA/hAT-Charlie	537	-	60	26203679	47681
chr18	12196156	12396156	harbor2	chr18	12268752	12268830	DNA/hAT-Charlie	2276	-	39	12268791	72635
chr18	12196156	12396156	harbor2	chr18	12269118	12269625	DNA/hAT-Charlie	2276	-	254	12269372	73216
chr18	65651749	65851749	harbor2	chr18	65714255	65714511	DNA/hAT-Charlie	961	-	128	65714383	62634
chr18	65651749	65851749	harbor2	chr18	65723165	65723317	DNA/hAT-Charlie	678	-	76	65723241	71492
chr18	79934431	80134431	harbor2	chr18	80005205	80005360	DNA/hAT-Charlie	539	-	78	80005283	70852
chr18	26127435	26327435	harbor2	chr18	26129759	26129958	DNA/hAT-Charlie	939	-	100	26129859	2424
chr18	26127435	26327435	harbor2	chr18	26172270	26172486	DNA/hAT-Charlie	773	-	108	26172378	44943
chr18	26127435	26327435	harbor2	chr18	26193686	26193811	DNA/hAT-Charlie	1427	-	62	26193748	66313
chr18	26127435	26327435	harbor2	chr18	26194105	26194266	DNA/hAT-Charlie	1427	-	80	26194185	66750
chr18	26127435	26327435	harbor2	chr18	26203619	26203740	DNA/hAT-Charlie	537	-	60	26203679	76244
chr18	27134071	27334071	harbor2	chr18	27135799	27135951	DNA/hAT-Charlie	516	-	76	27135875	1804
chr18	27134071	27334071	harbor2	chr18	27232949	27232989	DNA/hAT-Charlie	997	-	20	27232969	98898
chr18	27134071	27334071	harbor2	chr18	27233297	27233478	DNA/hAT-Charlie	997	-	90	27233387	99316
chr18	63860473	64060473	harbor2	chr18	63958688	63958826	DNA/hAT-Charlie	633	-	69	63958757	98284
chr18	78215084	78415084	harbor2	chr18	78271899	78272059	DNA/hAT-Charlie	755	-	80	78271979	56895
chr18	12177247	12377247	harbor2	chr18	12268752	12268830	DNA/hAT-Charlie	2276	-	39	12268791	91544
chr18	12177247	12377247	harbor2	chr18	12269118	12269625	DNA/hAT-Charlie	2276	-	254	12269372	92125
chr18	62778589	62978589	harbor2	chr18	62780577	62780744	DNA/hAT-Charlie	836	-	84	62780661	2072
chr18	62778589	62978589	harbor2	chr18	62795053	62795195	DNA/hAT-Charlie	555	-	71	62795124	16535
chr18	62778589	62978589	harbor2	chr18	62795514	62795607	DNA/hAT-Charlie	555	-	46	62795560	16971
chr18	62778589	62978589	harbor2	chr18	62798071	62798232	DNA/hAT-Charlie	936	-	80	62798151	19562
chr18	62778589	62978589	harbor2	chr18	62861738	62862078	DNA/hAT-Charlie	3462	-	170	62861908	83319
chr18	62778589	62978589	harbor2	chr18	62862381	62862934	DNA/hAT-Charlie	3462	-	276	62862657	84068
chr19	49751330	49951330	harbor2	chr19	49779518	49779606	DNA/hAT-Charlie	775	-	44	49779562	28232
chr19	49751330	49951330	harbor2	chr19	49779718	49779872	DNA/hAT-Charlie	775	-	77	49779795	28465
chr19	49751330	49951330	harbor2	chr19	49823784	49824003	DNA/hAT-Charlie	1108	-	110	49823894	72564
chr19	49751330	49951330	harbor2	chr19	49840631	49840763	DNA/hAT-Charlie	631	-	66	49840697	89367
chr19	10189600	10389600	harbor2	chr19	10203726	10203948	DNA/hAT-Charlie	1057	-	111	10203837	14237
chr19	49752226	49952226	harbor2	chr19	49779518	49779606	DNA/hAT-Charlie	775	-	44	49779562	27336
chr19	49752226	49952226	harbor2	chr19	49779718	49779872	DNA/hAT-Charlie	775	-	77	49779795	27569
chr19	49752226	49952226	harbor2	chr19	49823784	49824003	DNA/hAT-Charlie	1108	-	110	49823894	71668
chr19	49752226	49952226	harbor2	chr19	49840631	49840763	DNA/hAT-Charlie	631	-	66	49840697	88471
chr19	9993299	10193299	harbor2	chr19	10067479	10067647	DNA/hAT-Charlie	874	-	84	10067563	74264
chr19	1144602	1344602	harbor2	chr19	1185662	1185860	DNA/hAT-Charlie	664	-	99	1185761	41159
chr19	1393190	1593190	harbor2	chr19	1406676	1406890	DNA/hAT-Charlie	898	-	107	1406783	13593
chr19	1393190	1593190	harbor2	chr19	1477564	1477814	DNA/hAT-Charlie	788	-	125	1477689	84499
chr19	49752043	49952043	harbor2	chr19	49779518	49779606	DNA/hAT-Charlie	775	-	44	49779562	27519
chr19	49752043	49952043	harbor2	chr19	49779718	49779872	DNA/hAT-Charlie	775	-	77	49779795	27752
chr19	49752043	49952043	harbor2	chr19	49823784	49824003	DNA/hAT-Charlie	1108	-	110	49823894	71851
chr19	49752043	49952043	harbor2	chr19	49840631	49840763	DNA/hAT-Charlie	631	-	66	49840697	88654
chr19	35168139	35368139	harbor2	chr19	35172002	35172190	DNA/hAT-Charlie	863	-	94	35172096	3957
chr19	35168139	35368139	harbor2	chr19	35172494	35172619	DNA/hAT-Charlie	863	-	62	35172556	4417
chr19	35168139	35368139	harbor2	chr19	35181600	35181917	DNA/hAT-Charlie	1376	-	158	35181758	13619
chr19	35168139	35368139	harbor2	chr19	35256292	35256631	DNA/hAT-Charlie	733	-	170	35256462	88323
chr19	35168139	35368139	harbor2	chr19	35260840	35260996	DNA/hAT-Charlie	643	-	78	35260918	92779
chr19	46921885	47121885	harbor2	chr19	47016526	47016671	DNA/hAT-Charlie	667	-	72	47016598	94713
chr19	49758607	49958607	harbor2	chr19	49779518	49779606	DNA/hAT-Charlie	775	-	44	49779562	20955
chr19	49758607	49958607	harbor2	chr19	49779718	49779872	DNA/hAT-Charlie	775	-	77	49779795	21188
chr19	49758607	49958607	harbor2	chr19	49823784	49824003	DNA/hAT-Charlie	1108	-	110	49823894	65287
chr19	49758607	49958607	harbor2	chr19	49840631	49840763	DNA/hAT-Charlie	631	-	66	49840697	82090
chr19	36428735	36628735	harbor2	chr19	36450946	36451193	DNA/hAT-Charlie	807	-	124	36451070	22335
chr19	36428735	36628735	harbor2	chr19	36461042	36461282	DNA/hAT-Charlie	638	-	120	36461162	32427
chr19	49753274	49953274	harbor2	chr19	49779518	49779606	DNA/hAT-Charlie	775	-	44	49779562	26288
chr19	49753274	49953274	harbor2	chr19	49779718	49779872	DNA/hAT-Charlie	775	-	77	49779795	26521
chr19	49753274	49953274	harbor2	chr19	49823784	49824003	DNA/hAT-Charlie	1108	-	110	49823894	70620
chr19	49753274	49953274	harbor2	chr19	49840631	49840763	DNA/hAT-Charlie	631	-	66	49840697	87423
chr19	56021004	56221004	harbor2	chr19	56094687	56094828	DNA/hAT-Charlie	1959	-	70	56094757	73753
chr19	56021004	56221004	harbor2	chr19	56095125	56095318	DNA/hAT-Charlie	1959	-	96	56095221	74217
chr19	49752476	49952476	harbor2	chr19	49779518	49779606	DNA/hAT-Charlie	775	-	44	49779562	27086
chr19	49752476	49952476	harbor2	chr19	49779718	49779872	DNA/hAT-Charlie	775	-	77	49779795	27319
chr19	49752476	49952476	harbor2	chr19	49823784	49824003	DNA/hAT-Charlie	1108	-	110	49823894	71418
chr19	49752476	49952476	harbor2	chr19	49840631	49840763	DNA/hAT-Charlie	631	-	66	49840697	88221
chr19	1381618	1581618	harbor2	chr19	1384438	1384803	DNA/hAT-Charlie	1139	-	182	1384620	3002
chr19	1381618	1581618	harbor2	chr19	1406676	1406890	DNA/hAT-Charlie	898	-	107	1406783	25165
chr19	1381618	1581618	harbor2	chr19	1477564	1477814	DNA/hAT-Charlie	788	-	125	1477689	96071
chr19	49752191	49952191	harbor2	chr19	49779518	49779606	DNA/hAT-Charlie	775	-	44	49779562	27371
chr19	49752191	49952191	harbor2	chr19	49779718	49779872	DNA/hAT-Charlie	775	-	77	49779795	27604
chr19	49752191	49952191	harbor2	chr19	49823784	49824003	DNA/hAT-Charlie	1108	-	110	49823894	71703
chr19	49752191	49952191	harbor2	chr19	49840631	49840763	DNA/hAT-Charlie	631	-	66	49840697	88506
chr19	55187173	55387173	harbor2	chr19	55256277	55256490	DNA/hAT-Charlie	871	-	106	55256383	69210
chr19	55187173	55387173	harbor2	chr19	55269113	55269330	DNA/hAT-Charlie	1278	-	108	55269221	82048
chr19	3558396	3758396	harbor2	chr19	3641335	3641548	DNA/hAT-Charlie	796	-	106	3641441	83045
chr19	34577590	34777590	harbor2	chr19	34582502	34582724	DNA/hAT-Charlie	1456	-	111	34582613	5023
chr19	49290589	49490589	harbor2	chr19	49325694	49325882	DNA/hAT-Charlie	1709	-	94	49325788	35199
chr19	49290589	49490589	harbor2	chr19	49326198	49326471	DNA/hAT-Charlie	1709	-	136	49326334	35745
chr19	1467869	1667869	harbor2	chr19	1477564	1477814	DNA/hAT-Charlie	788	-	125	1477689	9820
chr19	12939635	13139635	harbor2	chr19	13034906	13035121	DNA/hAT-Charlie	1011	-	108	13035014	95379
chr19	6273407	6473407	harbor2	chr19	6345299	6345562	DNA/hAT-Charlie	1600	-	132	6345431	72024
chr19	50588275	50788275	harbor2	chr19	50640636	50640845	DNA/hAT-Charlie	1548	-	104	50640740	52465
chr19	50588275	50788275	harbor2	chr19	50675266	50675417	DNA/hAT-Charlie	769	-	76	50675342	87067
chr19	49752678	49952678	harbor2	chr19	49779518	49779606	DNA/hAT-Charlie	775	-	44	49779562	26884
chr19	49752678	49952678	harbor2	chr19	49779718	49779872	DNA/hAT-Charlie	775	-	77	49779795	27117
chr19	49752678	49952678	harbor2	chr19	49823784	49824003	DNA/hAT-Charlie	1108	-	110	49823894	71216
chr19	49752678	49952678	harbor2	chr19	49840631	49840763	DNA/hAT-Charlie	631	-	66	49840697	88019
chr19	51470868	51670868	harbor2	chr19	51485729	51485960	DNA/hAT-Charlie	841	-	116	51485845	14977
chr19	12672571	12872571	harbor2	chr19	12733412	12733630	DNA/hAT-Charlie	1163	-	109	12733521	60950
chr19	1160985	1360985	harbor2	chr19	1185662	1185860	DNA/hAT-Charlie	664	-	99	1185761	24776
chr19	12938720	13138720	harbor2	chr19	13034906	13035121	DNA/hAT-Charlie	1011	-	108	13035014	96294
chr19	49752531	49952531	harbor2	chr19	49779518	49779606	DNA/hAT-Charlie	775	-	44	49779562	27031
chr19	49752531	49952531	harbor2	chr19	49779718	49779872	DNA/hAT-Charlie	775	-	77	49779795	27264
chr19	49752531	49952531	harbor2	chr19	49823784	49824003	DNA/hAT-Charlie	1108	-	110	49823894	71363
chr19	49752531	49952531	harbor2	chr19	49840631	49840763	DNA/hAT-Charlie	631	-	66	49840697	88166
chr19	1350329	1550329	harbor2	chr19	1384438	1384803	DNA/hAT-Charlie	1139	-	182	1384620	34291
chr19	1350329	1550329	harbor2	chr19	1406676	1406890	DNA/hAT-Charlie	898	-	107	1406783	56454
chr19	1356152	1556152	harbor2	chr19	1384438	1384803	DNA/hAT-Charlie	1139	-	182	1384620	28468
chr19	1356152	1556152	harbor2	chr19	1406676	1406890	DNA/hAT-Charlie	898	-	107	1406783	50631
chr19	1413259	1613259	harbor2	chr19	1477564	1477814	DNA/hAT-Charlie	788	-	125	1477689	64430
chr19	55246752	55446752	harbor2	chr19	55256277	55256490	DNA/hAT-Charlie	871	-	106	55256383	9631
chr19	55246752	55446752	harbor2	chr19	55269113	55269330	DNA/hAT-Charlie	1278	-	108	55269221	22469
chr19	49755720	49955720	harbor2	chr19	49779518	49779606	DNA/hAT-Charlie	775	-	44	49779562	23842
chr19	49755720	49955720	harbor2	chr19	49779718	49779872	DNA/hAT-Charlie	775	-	77	49779795	24075
chr19	49755720	49955720	harbor2	chr19	49823784	49824003	DNA/hAT-Charlie	1108	-	110	49823894	68174
chr19	49755720	49955720	harbor2	chr19	49840631	49840763	DNA/hAT-Charlie	631	-	66	49840697	84977
chr19	12938715	13138715	harbor2	chr19	13034906	13035121	DNA/hAT-Charlie	1011	-	108	13035014	96299
chr19	15279128	15479128	harbor2	chr19	15286584	15286782	DNA/hAT-Charlie	895	-	99	15286683	7555
chr19	15279128	15479128	harbor2	chr19	15340352	15340448	DNA/hAT-Charlie	966	-	48	15340400	61272
chr19	15279128	15479128	harbor2	chr19	15341357	15341521	DNA/hAT-Charlie	966	-	82	15341439	62311
chr19	15279128	15479128	harbor2	chr19	15341847	15341946	DNA/hAT-Charlie	966	-	50	15341897	62769
chr19	57145103	57345103	harbor2	chr19	57164049	57164239	DNA/hAT-Charlie	1301	-	95	57164144	19041
chr19	57145103	57345103	harbor2	chr19	57164595	57165110	DNA/hAT-Charlie	1521	-	258	57164853	19750
chr19	57145103	57345103	harbor2	chr19	57163745	57163932	DNA/hAT-Charlie	1301	-	94	57163839	18736
chr19	10196062	10396062	harbor2	chr19	10203726	10203948	DNA/hAT-Charlie	1057	-	111	10203837	7775
chr19	1004785	1204785	harbor2	chr19	1022734	1022980	DNA/hAT-Charlie	1144	-	123	1022857	18072
chr19	2670207	2870207	harbor2	chr19	2670622	2670843	DNA/hAT-Charlie	766	-	110	2670732	525
chr19	2670207	2870207	harbor2	chr19	2693569	2693765	DNA/hAT-Charlie	638	-	98	2693667	23460
chr19	2670207	2870207	harbor2	chr19	2728719	2728921	DNA/hAT-Charlie	732	-	101	2728820	58613
chr19	2670207	2870207	harbor2	chr19	2750776	2750979	DNA/hAT-Charlie	890	-	102	2750878	80671
chr19	2670207	2870207	harbor2	chr19	2760070	2760236	DNA/hAT-Charlie	711	-	83	2760153	89946
chr19	2670207	2870207	harbor2	chr19	2760550	2760588	DNA/hAT-Charlie	711	-	19	2760569	90362
chr19	317334	517334	harbor2	chr19	352738	353011	DNA/hAT-Charlie	1007	-	136	352874	35540
chr19	19403357	19603357	harbor2	chr19	19478838	19479240	DNA/hAT-Charlie	943	-	201	19479039	75682
chr19	19403357	19603357	harbor2	chr19	19480216	19480490	DNA/hAT-Charlie	935	-	137	19480353	76996
chr19	17167457	17367457	harbor2	chr19	17179051	17179260	DNA/hAT-Charlie	1072	-	104	17179155	11698
chr19	17167457	17367457	harbor2	chr19	17197497	17197717	DNA/hAT-Charlie	828	-	110	17197607	30150
chr19	31411850	31611850	harbor2	chr19	31447715	31448083	DNA/hAT-Charlie	1342	-	184	31447899	36049
chr19	31411850	31611850	harbor2	chr19	31449111	31449237	DNA/hAT-Charlie	719	-	63	31449174	37324
chr19	31411850	31611850	harbor2	chr19	31449544	31449594	DNA/hAT-Charlie	719	-	25	31449569	37719
chr19	31411850	31611850	harbor2	chr19	31480860	31481069	DNA/hAT-Charlie	865	-	104	31480964	69114
chr19	49759899	49959899	harbor2	chr19	49779518	49779606	DNA/hAT-Charlie	775	-	44	49779562	19663
chr19	49759899	49959899	harbor2	chr19	49779718	49779872	DNA/hAT-Charlie	775	-	77	49779795	19896
chr19	49759899	49959899	harbor2	chr19	49823784	49824003	DNA/hAT-Charlie	1108	-	110	49823894	63995
chr19	49759899	49959899	harbor2	chr19	49840631	49840763	DNA/hAT-Charlie	631	-	66	49840697	80798
chr19	8412222	8612222	harbor2	chr19	8443421	8443638	DNA/hAT-Charlie	1677	-	108	8443529	31307
chr19	8412222	8612222	harbor2	chr19	8444388	8444606	DNA/hAT-Charlie	1656	-	109	8444497	32275
chr19	1361200	1561200	harbor2	chr19	1384438	1384803	DNA/hAT-Charlie	1139	-	182	1384620	23420
chr19	1361200	1561200	harbor2	chr19	1406676	1406890	DNA/hAT-Charlie	898	-	107	1406783	45583
chr19	12939660	13139660	harbor2	chr19	13034906	13035121	DNA/hAT-Charlie	1011	-	108	13035014	95354
chr19	44902158	45102158	harbor2	chr19	44956902	44957126	DNA/hAT-Charlie	1396	-	112	44957014	54856
chr19	44902158	45102158	harbor2	chr19	44980580	44980670	DNA/hAT-Charlie	649	-	45	44980625	78467
chr19	44902158	45102158	harbor2	chr19	44981615	44981628	DNA/hAT-Charlie	649	-	6	44981621	79463
chr19	44902158	45102158	harbor2	chr19	44981934	44982066	DNA/hAT-Charlie	649	-	66	44982000	79842
chr19	44902158	45102158	harbor2	chr19	44982361	44982485	DNA/hAT-Charlie	649	-	62	44982423	80265
chr19	49757500	49957500	harbor2	chr19	49779518	49779606	DNA/hAT-Charlie	775	-	44	49779562	22062
chr19	49757500	49957500	harbor2	chr19	49779718	49779872	DNA/hAT-Charlie	775	-	77	49779795	22295
chr19	49757500	49957500	harbor2	chr19	49823784	49824003	DNA/hAT-Charlie	1108	-	110	49823894	66394
chr19	49757500	49957500	harbor2	chr19	49840631	49840763	DNA/hAT-Charlie	631	-	66	49840697	83197
chr19	57142619	57342619	harbor2	chr19	57164049	57164239	DNA/hAT-Charlie	1301	-	95	57164144	21525
chr19	57142619	57342619	harbor2	chr19	57164595	57165110	DNA/hAT-Charlie	1521	-	258	57164853	22234
chr19	57142619	57342619	harbor2	chr19	57163745	57163932	DNA/hAT-Charlie	1301	-	94	57163839	21220
chr19	6325327	6525327	harbor2	chr19	6345299	6345562	DNA/hAT-Charlie	1600	-	132	6345431	20104
chr19	57140879	57340879	harbor2	chr19	57164049	57164239	DNA/hAT-Charlie	1301	-	95	57164144	23265
chr19	57140879	57340879	harbor2	chr19	57164595	57165110	DNA/hAT-Charlie	1521	-	258	57164853	23974
chr19	57140879	57340879	harbor2	chr19	57163745	57163932	DNA/hAT-Charlie	1301	-	94	57163839	22960
chr19	49751329	49951329	harbor2	chr19	49779518	49779606	DNA/hAT-Charlie	775	-	44	49779562	28233
chr19	49751329	49951329	harbor2	chr19	49779718	49779872	DNA/hAT-Charlie	775	-	77	49779795	28466
chr19	49751329	49951329	harbor2	chr19	49823784	49824003	DNA/hAT-Charlie	1108	-	110	49823894	72565
chr19	49751329	49951329	harbor2	chr19	49840631	49840763	DNA/hAT-Charlie	631	-	66	49840697	89368
chr19	44008458	44208458	harbor2	chr19	44051093	44051414	DNA/hAT-Charlie	2064	-	160	44051253	42795
chr19	1353928	1553928	harbor2	chr19	1384438	1384803	DNA/hAT-Charlie	1139	-	182	1384620	30692
chr19	1353928	1553928	harbor2	chr19	1406676	1406890	DNA/hAT-Charlie	898	-	107	1406783	52855
chr19	49751356	49951356	harbor2	chr19	49779518	49779606	DNA/hAT-Charlie	775	-	44	49779562	28206
chr19	49751356	49951356	harbor2	chr19	49779718	49779872	DNA/hAT-Charlie	775	-	77	49779795	28439
chr19	49751356	49951356	harbor2	chr19	49823784	49824003	DNA/hAT-Charlie	1108	-	110	49823894	72538
chr19	49751356	49951356	harbor2	chr19	49840631	49840763	DNA/hAT-Charlie	631	-	66	49840697	89341
chr19	1467937	1667937	harbor2	chr19	1477564	1477814	DNA/hAT-Charlie	788	-	125	1477689	9752
chr19	48095517	48295517	harbor2	chr19	48126268	48126323	DNA/hAT-Charlie	999	-	28	48126296	30779
chr19	48095517	48295517	harbor2	chr19	48126624	48126746	DNA/hAT-Charlie	999	-	61	48126685	31168
chr19	48095517	48295517	harbor2	chr19	48126877	48127150	DNA/hAT-Charlie	999	-	136	48127013	31496
chr19	48095517	48295517	harbor2	chr19	48155562	48155850	DNA/hAT-Charlie	904	-	144	48155706	60189
chr19	48095517	48295517	harbor2	chr19	48164806	48164978	DNA/hAT-Charlie	1263	-	86	48164892	69375
chr19	48095517	48295517	harbor2	chr19	48165271	48165330	DNA/hAT-Charlie	1263	-	30	48165301	69784
chr19	48095517	48295517	harbor2	chr19	48194146	48194320	DNA/hAT-Charlie	850	-	87	48194233	98716
chr19	41881856	42081856	harbor2	chr19	41953509	41953597	DNA/hAT-Charlie	748	-	44	41953553	71697
chr19	41881856	42081856	harbor2	chr19	41954192	41954332	DNA/hAT-Charlie	748	-	70	41954262	72406
chr19	41881856	42081856	harbor2	chr19	41959692	41959853	DNA/hAT-Charlie	737	-	80	41959772	77916
chr19	41689213	41889213	harbor2	chr19	41702079	41702266	DNA/hAT-Charlie	761	-	94	41702173	12960
chr19	41689213	41889213	harbor2	chr19	41752842	41753054	DNA/hAT-Charlie	787	-	106	41752948	63735
chr19	2411940	2611940	harbor2	chr19	2439399	2439590	DNA/hAT-Charlie	663	-	96	2439495	27555
chr19	2411940	2611940	harbor2	chr19	2459576	2459725	DNA/hAT-Charlie	936	-	74	2459650	47710
chr19	2411940	2611940	harbor2	chr19	2460038	2460126	DNA/hAT-Charlie	936	-	44	2460082	48142
chr19	18494879	18694879	harbor2	chr19	18508662	18508868	DNA/hAT-Charlie	780	-	103	18508765	13886
chr19	10152211	10352211	harbor2	chr19	10163592	10163760	DNA/hAT-Charlie	713	-	84	10163676	11465
chr19	10152211	10352211	harbor2	chr19	10203726	10203948	DNA/hAT-Charlie	1057	-	111	10203837	51626
chr19	49752522	49952522	harbor2	chr19	49779518	49779606	DNA/hAT-Charlie	775	-	44	49779562	27040
chr19	49752522	49952522	harbor2	chr19	49779718	49779872	DNA/hAT-Charlie	775	-	77	49779795	27273
chr19	49752522	49952522	harbor2	chr19	49823784	49824003	DNA/hAT-Charlie	1108	-	110	49823894	71372
chr19	49752522	49952522	harbor2	chr19	49840631	49840763	DNA/hAT-Charlie	631	-	66	49840697	88175
chr19	50172311	50372311	harbor2	chr19	50175273	50175378	DNA/hAT-Charlie	852	-	52	50175325	3014
chr19	50172311	50372311	harbor2	chr19	50175695	50175810	DNA/hAT-Charlie	852	-	58	50175753	3442
chr19	50172311	50372311	harbor2	chr19	50178333	50178536	DNA/hAT-Charlie	892	-	102	50178435	6124
chr19	50172311	50372311	harbor2	chr19	50184308	50184518	DNA/hAT-Charlie	1054	-	105	50184413	12102
chr19	50172311	50372311	harbor2	chr19	50191310	50191532	DNA/hAT-Charlie	1048	-	111	50191421	19110
chr19	50172311	50372311	harbor2	chr19	50208598	50208835	DNA/hAT-Charlie	1023	-	118	50208716	36405
chr19	50172311	50372311	harbor2	chr19	50221968	50222194	DNA/hAT-Charlie	1022	-	113	50222081	49770
chr19	50172311	50372311	harbor2	chr19	50251203	50251332	DNA/hAT-Charlie	739	-	64	50251267	78956
chr19	50172311	50372311	harbor2	chr19	50268908	50269076	DNA/hAT-Charlie	959	-	84	50268992	96681
chr19	49292104	49492104	harbor2	chr19	49325694	49325882	DNA/hAT-Charlie	1709	-	94	49325788	33684
chr19	49292104	49492104	harbor2	chr19	49326198	49326471	DNA/hAT-Charlie	1709	-	136	49326334	34230
chr19	39408221	39608221	harbor2	chr19	39453858	39454271	DNA/hAT-Charlie	1305	-	206	39454064	45843
chr19	39408221	39608221	harbor2	chr19	39484461	39484663	DNA/hAT-Charlie	830	-	101	39484562	76341
chr19	56021006	56221006	harbor2	chr19	56094687	56094828	DNA/hAT-Charlie	1959	-	70	56094757	73751
chr19	56021006	56221006	harbor2	chr19	56095125	56095318	DNA/hAT-Charlie	1959	-	96	56095221	74215
chr19	56021023	56221023	harbor2	chr19	56094687	56094828	DNA/hAT-Charlie	1959	-	70	56094757	73734
chr19	56021023	56221023	harbor2	chr19	56095125	56095318	DNA/hAT-Charlie	1959	-	96	56095221	74198
chr19	5878158	6078158	harbor2	chr19	5971042	5971333	DNA/hAT-Charlie	1162	-	146	5971188	93030
chr19	5878158	6078158	harbor2	chr19	5971479	5971676	DNA/hAT-Charlie	978	-	98	5971577	93419
chr19	19952301	20152301	harbor2	chr19	20021023	20021226	DNA/hAT-Charlie	1351	-	102	20021125	68824
chr19	15092197	15292197	harbor2	chr19	15092450	15092713	DNA/hAT-Charlie	1130	-	132	15092582	385
chr19	15092197	15292197	harbor2	chr19	15093033	15093097	DNA/hAT-Charlie	1130	-	32	15093065	868
chr19	15092197	15292197	harbor2	chr19	15099654	15099873	DNA/hAT-Charlie	1559	-	110	15099764	7567
chr19	15092197	15292197	harbor2	chr19	15164580	15164718	DNA/hAT-Charlie	647	-	69	15164649	72452
chr19	10019525	10219525	harbor2	chr19	10067479	10067647	DNA/hAT-Charlie	874	-	84	10067563	48038
chr19	2115939	2315939	harbor2	chr19	2160758	2160964	DNA/hAT-Charlie	744	-	103	2160861	44922
chr19	49769383	49969383	harbor2	chr19	49779518	49779606	DNA/hAT-Charlie	775	-	44	49779562	10179
chr19	49769383	49969383	harbor2	chr19	49779718	49779872	DNA/hAT-Charlie	775	-	77	49779795	10412
chr19	49769383	49969383	harbor2	chr19	49823784	49824003	DNA/hAT-Charlie	1108	-	110	49823894	54511
chr19	49769383	49969383	harbor2	chr19	49840631	49840763	DNA/hAT-Charlie	631	-	66	49840697	71314
chr19	49752111	49952111	harbor2	chr19	49779518	49779606	DNA/hAT-Charlie	775	-	44	49779562	27451
chr19	49752111	49952111	harbor2	chr19	49779718	49779872	DNA/hAT-Charlie	775	-	77	49779795	27684
chr19	49752111	49952111	harbor2	chr19	49823784	49824003	DNA/hAT-Charlie	1108	-	110	49823894	71783
chr19	49752111	49952111	harbor2	chr19	49840631	49840763	DNA/hAT-Charlie	631	-	66	49840697	88586
chr19	1414039	1614039	harbor2	chr19	1477564	1477814	DNA/hAT-Charlie	788	-	125	1477689	63650
chr19	49776645	49976645	harbor2	chr19	49779518	49779606	DNA/hAT-Charlie	775	-	44	49779562	2917
chr19	49776645	49976645	harbor2	chr19	49779718	49779872	DNA/hAT-Charlie	775	-	77	49779795	3150
chr19	49776645	49976645	harbor2	chr19	49823784	49824003	DNA/hAT-Charlie	1108	-	110	49823894	47249
chr19	49776645	49976645	harbor2	chr19	49840631	49840763	DNA/hAT-Charlie	631	-	66	49840697	64052
chr19	767814	967814	harbor2	chr19	840292	840491	DNA/hAT-Charlie	652	-	100	840392	72578
chr19	3323755	3523755	harbor2	chr19	3328788	3328973	DNA/hAT-Charlie	933	-	92	3328880	5125
chr19	3323755	3523755	harbor2	chr19	3330415	3330451	DNA/hAT-Charlie	933	-	18	3330433	6678
chr19	3323755	3523755	harbor2	chr19	3343701	3343922	DNA/hAT-Charlie	811	-	110	3343811	20056
chr19	1413304	1613304	harbor2	chr19	1477564	1477814	DNA/hAT-Charlie	788	-	125	1477689	64385
chr19	42234251	42434251	harbor2	chr19	42234820	42234876	DNA/hAT-Charlie	692	-	28	42234848	597
chr19	42234251	42434251	harbor2	chr19	42235141	42235254	DNA/hAT-Charlie	692	-	56	42235197	946
chr19	33077036	33277036	harbor2	chr19	33159690	33160218	DNA/hAT-Charlie	3884	-	264	33159954	82918
chr19	33077036	33277036	harbor2	chr19	33164748	33165241	DNA/hAT-Charlie	3598	-	246	33164994	87958
chr19	53779492	53979492	harbor2	chr19	53808785	53808967	DNA/hAT-Charlie	929	-	91	53808876	29384
chr19	32575222	32775222	harbor2	chr19	32664943	32665096	DNA/hAT-Charlie	720	-	76	32665019	89797
chr19	1373466	1573466	harbor2	chr19	1384438	1384803	DNA/hAT-Charlie	1139	-	182	1384620	11154
chr19	1373466	1573466	harbor2	chr19	1406676	1406890	DNA/hAT-Charlie	898	-	107	1406783	33317
chr19	39746502	39946502	harbor2	chr19	39792038	39792596	DNA/hAT-Charlie	3582	-	279	39792317	45815
chr19	39746502	39946502	harbor2	chr19	39812873	39813181	DNA/hAT-Charlie	1113	-	154	39813027	66525
chr19	4082590	4282590	harbor2	chr19	4104832	4105010	DNA/hAT-Charlie	692	-	89	4104921	22331
chr19	49752037	49952037	harbor2	chr19	49779518	49779606	DNA/hAT-Charlie	775	-	44	49779562	27525
chr19	49752037	49952037	harbor2	chr19	49779718	49779872	DNA/hAT-Charlie	775	-	77	49779795	27758
chr19	49752037	49952037	harbor2	chr19	49823784	49824003	DNA/hAT-Charlie	1108	-	110	49823894	71857
chr19	49752037	49952037	harbor2	chr19	49840631	49840763	DNA/hAT-Charlie	631	-	66	49840697	88660
chr19	35168137	35368137	harbor2	chr19	35172002	35172190	DNA/hAT-Charlie	863	-	94	35172096	3959
chr19	35168137	35368137	harbor2	chr19	35172494	35172619	DNA/hAT-Charlie	863	-	62	35172556	4419
chr19	35168137	35368137	harbor2	chr19	35181600	35181917	DNA/hAT-Charlie	1376	-	158	35181758	13621
chr19	35168137	35368137	harbor2	chr19	35256292	35256631	DNA/hAT-Charlie	733	-	170	35256462	88325
chr19	35168137	35368137	harbor2	chr19	35260840	35260996	DNA/hAT-Charlie	643	-	78	35260918	92781
chr19	49752434	49952434	harbor2	chr19	49779518	49779606	DNA/hAT-Charlie	775	-	44	49779562	27128
chr19	49752434	49952434	harbor2	chr19	49779718	49779872	DNA/hAT-Charlie	775	-	77	49779795	27361
chr19	49752434	49952434	harbor2	chr19	49823784	49824003	DNA/hAT-Charlie	1108	-	110	49823894	71460
chr19	49752434	49952434	harbor2	chr19	49840631	49840763	DNA/hAT-Charlie	631	-	66	49840697	88263
chr19	5620309	5820309	harbor2	chr19	5716303	5716486	DNA/hAT-Charlie	771	-	92	5716395	96086
chr19	49751281	49951281	harbor2	chr19	49779518	49779606	DNA/hAT-Charlie	775	-	44	49779562	28281
chr19	49751281	49951281	harbor2	chr19	49779718	49779872	DNA/hAT-Charlie	775	-	77	49779795	28514
chr19	49751281	49951281	harbor2	chr19	49823784	49824003	DNA/hAT-Charlie	1108	-	110	49823894	72613
chr19	49751281	49951281	harbor2	chr19	49840631	49840763	DNA/hAT-Charlie	631	-	66	49840697	89416
chr19	1413284	1613284	harbor2	chr19	1477564	1477814	DNA/hAT-Charlie	788	-	125	1477689	64405
chr19	36015441	36215441	harbor2	chr19	36020627	36020782	DNA/hAT-Charlie	828	-	78	36020705	5264
chr19	36015441	36215441	harbor2	chr19	36044255	36044478	DNA/hAT-Charlie	747	-	112	36044367	28926
chr19	36015441	36215441	harbor2	chr19	36044788	36044846	DNA/hAT-Charlie	747	-	29	36044817	29376
chr19	51827594	52027594	harbor2	chr19	51917979	51918471	DNA/hAT-Charlie	3250	-	246	51918225	90631
chr19	51827594	52027594	harbor2	chr19	51920421	51920607	DNA/hAT-Charlie	976	-	93	51920514	92920
chr19	12938736	13138736	harbor2	chr19	13034906	13035121	DNA/hAT-Charlie	1011	-	108	13035014	96278
chr19	44976314	45176314	harbor2	chr19	44980580	44980670	DNA/hAT-Charlie	649	-	45	44980625	4311
chr19	44976314	45176314	harbor2	chr19	44981615	44981628	DNA/hAT-Charlie	649	-	6	44981621	5307
chr19	44976314	45176314	harbor2	chr19	44981934	44982066	DNA/hAT-Charlie	649	-	66	44982000	5686
chr19	44976314	45176314	harbor2	chr19	44982361	44982485	DNA/hAT-Charlie	649	-	62	44982423	6109
chr19	44976314	45176314	harbor2	chr19	45004527	45004586	DNA/hAT-Charlie	630	-	30	45004557	28243
chr19	44976314	45176314	harbor2	chr19	45005191	45005293	DNA/hAT-Charlie	630	-	51	45005242	28928
chr19	44976314	45176314	harbor2	chr19	45015928	45015986	DNA/hAT-Charlie	890	-	29	45015957	39643
chr19	44976314	45176314	harbor2	chr19	45016285	45016618	DNA/hAT-Charlie	890	-	166	45016451	40137
chr19	23929751	24129751	harbor2	chr19	23969436	23969936	DNA/hAT-Charlie	2831	-	250	23969686	39935
chr19	492364	692364	harbor2	chr19	515009	515205	DNA/hAT-Charlie	746	-	98	515107	22743
chr19	49769630	49969630	harbor2	chr19	49779518	49779606	DNA/hAT-Charlie	775	-	44	49779562	9932
chr19	49769630	49969630	harbor2	chr19	49779718	49779872	DNA/hAT-Charlie	775	-	77	49779795	10165
chr19	49769630	49969630	harbor2	chr19	49823784	49824003	DNA/hAT-Charlie	1108	-	110	49823894	54264
chr19	49769630	49969630	harbor2	chr19	49840631	49840763	DNA/hAT-Charlie	631	-	66	49840697	71067
chr19	19952302	20152302	harbor2	chr19	20021023	20021226	DNA/hAT-Charlie	1351	-	102	20021125	68823
chr19	971802	1171802	harbor2	chr19	1022734	1022980	DNA/hAT-Charlie	1144	-	123	1022857	51055
chr19	39309648	39509648	harbor2	chr19	39337209	39337384	DNA/hAT-Charlie	801	-	88	39337297	27649
chr19	43363366	43563366	harbor2	chr19	43422729	43422968	DNA/hAT-Charlie	1058	-	120	43422849	59483
chr19	47128861	47328861	harbor2	chr19	47161943	47162141	DNA/hAT-Charlie	967	-	99	47162042	33181
chr19	47128861	47328861	harbor2	chr19	47173536	47173736	DNA/hAT-Charlie	909	-	100	47173636	44775
chr19	13954255	14154255	harbor2	chr19	13999360	13999664	DNA/hAT-Charlie	1442	-	152	13999512	45257
chr19	56021025	56221025	harbor2	chr19	56094687	56094828	DNA/hAT-Charlie	1959	-	70	56094757	73732
chr19	56021025	56221025	harbor2	chr19	56095125	56095318	DNA/hAT-Charlie	1959	-	96	56095221	74196
chr19	1353982	1553982	harbor2	chr19	1384438	1384803	DNA/hAT-Charlie	1139	-	182	1384620	30638
chr19	1353982	1553982	harbor2	chr19	1406676	1406890	DNA/hAT-Charlie	898	-	107	1406783	52801
chr19	3288000	3488000	harbor2	chr19	3328788	3328973	DNA/hAT-Charlie	933	-	92	3328880	40880
chr19	3288000	3488000	harbor2	chr19	3330415	3330451	DNA/hAT-Charlie	933	-	18	3330433	42433
chr19	3288000	3488000	harbor2	chr19	3343701	3343922	DNA/hAT-Charlie	811	-	110	3343811	55811
chr19	767413	967413	harbor2	chr19	840292	840491	DNA/hAT-Charlie	652	-	100	840392	72979
chr19	209125	409125	harbor2	chr19	208824	209255	DNA/hAT-Charlie	2989	-	216	209040	85
chr19	7669079	7869079	harbor2	chr19	7672223	7672731	DNA/hAT-Charlie	3367	-	254	7672477	3398
chr19	7669079	7869079	harbor2	chr19	7721624	7721673	DNA/hAT-Charlie	3361	-	24	7721648	52569
chr19	7669079	7869079	harbor2	chr19	7721978	7722449	DNA/hAT-Charlie	3361	-	236	7722214	53135
chr19	12951095	13151095	harbor2	chr19	13034906	13035121	DNA/hAT-Charlie	1011	-	108	13035014	83919
chr19	2356863	2556863	harbor2	chr19	2399638	2399705	DNA/hAT-Charlie	923	-	34	2399672	42809
chr19	2356863	2556863	harbor2	chr19	2400027	2400209	DNA/hAT-Charlie	923	-	91	2400118	43255
chr19	2356863	2556863	harbor2	chr19	2439399	2439590	DNA/hAT-Charlie	663	-	96	2439495	82632
chr19	50233658	50433658	harbor2	chr19	50251203	50251332	DNA/hAT-Charlie	739	-	64	50251267	17609
chr19	50233658	50433658	harbor2	chr19	50268908	50269076	DNA/hAT-Charlie	959	-	84	50268992	35334
chr19	45208744	45408744	harbor2	chr19	45300480	45300675	DNA/hAT-Charlie	817	-	98	45300578	91834
chr19	10041331	10241331	harbor2	chr19	10067479	10067647	DNA/hAT-Charlie	874	-	84	10067563	26232
chr19	15191947	15391947	harbor2	chr19	15217419	15217521	DNA/hAT-Charlie	3238	-	51	15217470	25523
chr19	15191947	15391947	harbor2	chr19	15217824	15217835	DNA/hAT-Charlie	3238	-	6	15217830	25883
chr19	15191947	15391947	harbor2	chr19	15218455	15218861	DNA/hAT-Charlie	3238	-	203	15218658	26711
chr19	15191947	15391947	harbor2	chr19	15286584	15286782	DNA/hAT-Charlie	895	-	99	15286683	94736
chr19	48070658	48270658	harbor2	chr19	48126268	48126323	DNA/hAT-Charlie	999	-	28	48126296	55638
chr19	48070658	48270658	harbor2	chr19	48126624	48126746	DNA/hAT-Charlie	999	-	61	48126685	56027
chr19	48070658	48270658	harbor2	chr19	48126877	48127150	DNA/hAT-Charlie	999	-	136	48127013	56355
chr19	48070658	48270658	harbor2	chr19	48155562	48155850	DNA/hAT-Charlie	904	-	144	48155706	85048
chr19	48070658	48270658	harbor2	chr19	48164806	48164978	DNA/hAT-Charlie	1263	-	86	48164892	94234
chr19	48070658	48270658	harbor2	chr19	48165271	48165330	DNA/hAT-Charlie	1263	-	30	48165301	94643
chr19	12938726	13138726	harbor2	chr19	13034906	13035121	DNA/hAT-Charlie	1011	-	108	13035014	96288
chr19	58102901	58302901	harbor2	chr19	58153437	58153599	DNA/hAT-Charlie	711	-	81	58153518	50617
chr19	58102901	58302901	harbor2	chr19	58160848	58160993	DNA/hAT-Charlie	735	-	72	58160920	58019
chr19	58102901	58302901	harbor2	chr19	58195652	58195968	DNA/hAT-Charlie	2067	-	158	58195810	92909
chr19	1	173710	harbor2	chr19	88504	88703	DNA/hAT-Charlie	923	-	100	88604	88603
chr19	5620484	5820484	harbor2	chr19	5716303	5716486	DNA/hAT-Charlie	771	-	92	5716395	95911
chr19	2117209	2317209	harbor2	chr19	2160758	2160964	DNA/hAT-Charlie	744	-	103	2160861	43652
chr19	1144561	1344561	harbor2	chr19	1185662	1185860	DNA/hAT-Charlie	664	-	99	1185761	41200
chr19	33316356	33516356	harbor2	chr19	33376442	33376621	DNA/hAT-Charlie	762	-	90	33376532	60176
chr19	33316356	33516356	harbor2	chr19	33378013	33378537	DNA/hAT-Charlie	653	-	262	33378275	61919
chr19	2130923	2330923	harbor2	chr19	2160758	2160964	DNA/hAT-Charlie	744	-	103	2160861	29938
chr19	12938728	13138728	harbor2	chr19	13034906	13035121	DNA/hAT-Charlie	1011	-	108	13035014	96286
chr19	33076627	33276627	harbor2	chr19	33159690	33160218	DNA/hAT-Charlie	3884	-	264	33159954	83327
chr19	33076627	33276627	harbor2	chr19	33164748	33165241	DNA/hAT-Charlie	3598	-	246	33164994	88367
chr19	49752919	49952919	harbor2	chr19	49779518	49779606	DNA/hAT-Charlie	775	-	44	49779562	26643
chr19	49752919	49952919	harbor2	chr19	49779718	49779872	DNA/hAT-Charlie	775	-	77	49779795	26876
chr19	49752919	49952919	harbor2	chr19	49823784	49824003	DNA/hAT-Charlie	1108	-	110	49823894	70975
chr19	49752919	49952919	harbor2	chr19	49840631	49840763	DNA/hAT-Charlie	631	-	66	49840697	87778
chr19	19952225	20152225	harbor2	chr19	20021023	20021226	DNA/hAT-Charlie	1351	-	102	20021125	68900
chr19	49777297	49977297	harbor2	chr19	49779518	49779606	DNA/hAT-Charlie	775	-	44	49779562	2265
chr19	49777297	49977297	harbor2	chr19	49779718	49779872	DNA/hAT-Charlie	775	-	77	49779795	2498
chr19	49777297	49977297	harbor2	chr19	49823784	49824003	DNA/hAT-Charlie	1108	-	110	49823894	46597
chr19	49777297	49977297	harbor2	chr19	49840631	49840763	DNA/hAT-Charlie	631	-	66	49840697	63400
chr19	40420024	40620024	harbor2	chr19	40482478	40482675	DNA/hAT-Charlie	664	-	98	40482576	62552
chr19	40420024	40620024	harbor2	chr19	40518944	40519197	DNA/hAT-Charlie	982	-	126	40519070	99046
chr19	11935497	12135497	harbor2	chr19	11986178	11986323	DNA/hAT-Charlie	998	-	72	11986250	50753
chr19	11935497	12135497	harbor2	chr19	11986612	11986719	DNA/hAT-Charlie	998	-	54	11986666	51169
chr19	46920765	47120765	harbor2	chr19	47016526	47016671	DNA/hAT-Charlie	667	-	72	47016598	95833
chr19	43619638	43819638	harbor2	chr19	43653131	43653294	DNA/hAT-Charlie	756	-	82	43653213	33575
chr19	4082526	4282526	harbor2	chr19	4104832	4105010	DNA/hAT-Charlie	692	-	89	4104921	22395
chr19	49752849	49952849	harbor2	chr19	49779518	49779606	DNA/hAT-Charlie	775	-	44	49779562	26713
chr19	49752849	49952849	harbor2	chr19	49779718	49779872	DNA/hAT-Charlie	775	-	77	49779795	26946
chr19	49752849	49952849	harbor2	chr19	49823784	49824003	DNA/hAT-Charlie	1108	-	110	49823894	71045
chr19	49752849	49952849	harbor2	chr19	49840631	49840763	DNA/hAT-Charlie	631	-	66	49840697	87848
chr19	15279525	15479525	harbor2	chr19	15286584	15286782	DNA/hAT-Charlie	895	-	99	15286683	7158
chr19	15279525	15479525	harbor2	chr19	15340352	15340448	DNA/hAT-Charlie	966	-	48	15340400	60875
chr19	15279525	15479525	harbor2	chr19	15341357	15341521	DNA/hAT-Charlie	966	-	82	15341439	61914
chr19	15279525	15479525	harbor2	chr19	15341847	15341946	DNA/hAT-Charlie	966	-	50	15341897	62372
chr19	1350331	1550331	harbor2	chr19	1384438	1384803	DNA/hAT-Charlie	1139	-	182	1384620	34289
chr19	1350331	1550331	harbor2	chr19	1406676	1406890	DNA/hAT-Charlie	898	-	107	1406783	56452
chr19	49769438	49969438	harbor2	chr19	49779518	49779606	DNA/hAT-Charlie	775	-	44	49779562	10124
chr19	49769438	49969438	harbor2	chr19	49779718	49779872	DNA/hAT-Charlie	775	-	77	49779795	10357
chr19	49769438	49969438	harbor2	chr19	49823784	49824003	DNA/hAT-Charlie	1108	-	110	49823894	54456
chr19	49769438	49969438	harbor2	chr19	49840631	49840763	DNA/hAT-Charlie	631	-	66	49840697	71259
chr19	1175916	1375916	harbor2	chr19	1185662	1185860	DNA/hAT-Charlie	664	-	99	1185761	9845
chr19	21041960	21241960	harbor2	chr19	21137011	21137276	DNA/hAT-Charlie	756	-	132	21137143	95183
chr19	15191169	15391169	harbor2	chr19	15217419	15217521	DNA/hAT-Charlie	3238	-	51	15217470	26301
chr19	15191169	15391169	harbor2	chr19	15217824	15217835	DNA/hAT-Charlie	3238	-	6	15217830	26661
chr19	15191169	15391169	harbor2	chr19	15218455	15218861	DNA/hAT-Charlie	3238	-	203	15218658	27489
chr19	15191169	15391169	harbor2	chr19	15286584	15286782	DNA/hAT-Charlie	895	-	99	15286683	95514
chr19	17135696	17335696	harbor2	chr19	17142661	17142877	DNA/hAT-Charlie	731	-	108	17142769	7073
chr19	17135696	17335696	harbor2	chr19	17179051	17179260	DNA/hAT-Charlie	1072	-	104	17179155	43459
chr19	17135696	17335696	harbor2	chr19	17197497	17197717	DNA/hAT-Charlie	828	-	110	17197607	61911
chr19	10189388	10389388	harbor2	chr19	10203726	10203948	DNA/hAT-Charlie	1057	-	111	10203837	14449
chr19	16276857	16476857	harbor2	chr19	16281452	16281658	DNA/hAT-Charlie	823	-	103	16281555	4698
chr19	16276857	16476857	harbor2	chr19	16313161	16313248	DNA/hAT-Charlie	840	-	44	16313205	36348
chr19	16276857	16476857	harbor2	chr19	16313534	16313702	DNA/hAT-Charlie	840	-	84	16313618	36761
chr19	49752530	49952530	harbor2	chr19	49779518	49779606	DNA/hAT-Charlie	775	-	44	49779562	27032
chr19	49752530	49952530	harbor2	chr19	49779718	49779872	DNA/hAT-Charlie	775	-	77	49779795	27265
chr19	49752530	49952530	harbor2	chr19	49823784	49824003	DNA/hAT-Charlie	1108	-	110	49823894	71364
chr19	49752530	49952530	harbor2	chr19	49840631	49840763	DNA/hAT-Charlie	631	-	66	49840697	88167
chr20	62866011	63066011	harbor2	chr20	62916423	62917041	DNA/hAT-Charlie	2442	-	309	62916732	50721
chr20	62866011	63066011	harbor2	chr20	62917331	62917799	DNA/hAT-Charlie	2442	-	234	62917565	51554
chr20	2847793	3047793	harbor2	chr20	2879252	2879418	DNA/hAT-Charlie	876	-	83	2879335	31542
chr20	2847793	3047793	harbor2	chr20	2879497	2879622	DNA/hAT-Charlie	640	-	62	2879559	31766
chr20	2847793	3047793	harbor2	chr20	2879963	2880017	DNA/hAT-Charlie	640	-	27	2879990	32197
chr20	2847793	3047793	harbor2	chr20	2906421	2908275	DNA/hAT-Charlie	7024	-	927	2907348	59555
chr20	2847793	3047793	harbor2	chr20	2908519	2908609	DNA/hAT-Charlie	7024	-	45	2908564	60771
chr20	2847793	3047793	harbor2	chr20	2908877	2909007	DNA/hAT-Charlie	520	-	65	2908942	61149
chr20	2847793	3047793	harbor2	chr20	2921909	2922097	DNA/hAT-Charlie	913	-	94	2922003	74210
chr20	21818051	22018051	harbor2	chr20	21822948	21823112	DNA/hAT-Charlie	627	-	82	21823030	4979
chr20	21818051	22018051	harbor2	chr20	21836481	21836652	DNA/hAT-Charlie	774	-	86	21836567	18516
chr20	21818051	22018051	harbor2	chr20	21851031	21851558	DNA/hAT-Charlie	3845	-	264	21851295	33244
chr20	21818051	22018051	harbor2	chr20	21871094	21871363	DNA/hAT-Charlie	747	-	134	21871228	53177
chr20	21818051	22018051	harbor2	chr20	21894693	21895157	DNA/hAT-Charlie	1180	-	232	21894925	76874
chr20	21818051	22018051	harbor2	chr20	21910237	21910525	DNA/hAT-Charlie	864	-	144	21910381	92330
chr20	2740607	2940607	harbor2	chr20	2744793	2745071	DNA/hAT-Charlie	1386	-	139	2744932	4325
chr20	2740607	2940607	harbor2	chr20	2745080	2745224	DNA/hAT-Charlie	588	-	72	2745152	4545
chr20	62119278	62319278	harbor2	chr20	62141927	62142139	DNA/hAT-Charlie	570	-	106	62142033	22755
chr20	62119278	62319278	harbor2	chr20	62176964	62177116	DNA/hAT-Charlie	643	-	76	62177040	57762
chr20	62119278	62319278	harbor2	chr20	62183717	62183904	DNA/hAT-Charlie	516	-	94	62183811	64533
chr20	10574519	10774519	harbor2	chr20	10642882	10643087	DNA/hAT-Charlie	1163	-	102	10642984	68465
chr20	10574519	10774519	harbor2	chr20	10643953	10644122	DNA/hAT-Charlie	933	-	84	10644037	69518
chr20	10574519	10774519	harbor2	chr20	10647483	10647671	DNA/hAT-Charlie	715	-	94	10647577	73058
chr20	61877898	62077898	harbor2	chr20	61891956	61892165	DNA/hAT-Charlie	897	-	104	61892060	14162
chr20	61877898	62077898	harbor2	chr20	61902517	61902691	DNA/hAT-Charlie	680	-	87	61902604	24706
chr20	61877898	62077898	harbor2	chr20	61906176	61906356	DNA/hAT-Charlie	659	-	90	61906266	28368
chr20	34725531	34925531	harbor2	chr20	34745117	34745242	DNA/hAT-Charlie	455	-	62	34745179	19648
chr20	34725531	34925531	harbor2	chr20	34770979	34771129	DNA/hAT-Charlie	1144	-	75	34771054	45523
chr20	34725531	34925531	harbor2	chr20	34771435	34771596	DNA/hAT-Charlie	1144	-	80	34771515	45984
chr20	34725531	34925531	harbor2	chr20	34781371	34781702	DNA/hAT-Charlie	645	-	166	34781537	56006
chr20	34725531	34925531	harbor2	chr20	34819272	34819492	DNA/hAT-Charlie	516	-	110	34819382	93851
chr20	34725531	34925531	harbor2	chr20	34821162	34821378	DNA/hAT-Charlie	992	-	108	34821270	95739
chr20	34904860	35104860	harbor2	chr20	34948459	34948503	DNA/hAT-Charlie	704	-	22	34948481	43621
chr20	34904860	35104860	harbor2	chr20	34948800	34949100	DNA/hAT-Charlie	704	-	150	34948950	44090
chr20	35442077	35642077	harbor2	chr20	35460555	35460761	DNA/hAT-Charlie	786	-	103	35460658	18581
chr20	35442077	35642077	harbor2	chr20	35484603	35484615	DNA/hAT-Charlie	1232	-	6	35484609	42532
chr20	35442077	35642077	harbor2	chr20	35484748	35484959	DNA/hAT-Charlie	1232	-	106	35484854	42777
chr20	35442077	35642077	harbor2	chr20	35485398	35485472	DNA/hAT-Charlie	1232	-	37	35485435	43358
chr20	35442077	35642077	harbor2	chr20	35524321	35524476	DNA/hAT-Charlie	564	-	78	35524399	82322
chr20	35442077	35642077	harbor2	chr20	35538392	35538554	DNA/hAT-Charlie	913	-	81	35538473	96396
chr20	35442077	35642077	harbor2	chr20	35471264	35471464	DNA/hAT-Charlie	705	-	100	35471364	29287
chr20	59095432	59295432	harbor2	chr20	59144348	59144557	DNA/hAT-Charlie	948	-	104	59144452	49020
chr20	50095117	50295117	harbor2	chr20	50119750	50119976	DNA/hAT-Charlie	989	-	113	50119863	24746
chr20	50095117	50295117	harbor2	chr20	50129194	50129465	DNA/hAT-Charlie	809	-	136	50129330	34213
chr20	50095117	50295117	harbor2	chr20	50134867	50134900	DNA/hAT-Charlie	587	-	16	50134883	39766
chr20	50095117	50295117	harbor2	chr20	50135198	50135360	DNA/hAT-Charlie	587	-	81	50135279	40162
chr20	50095117	50295117	harbor2	chr20	50182319	50182472	DNA/hAT-Charlie	793	-	76	50182395	87278
chr20	50095117	50295117	harbor2	chr20	50187218	50187442	DNA/hAT-Charlie	720	-	112	50187330	92213
chr20	36898001	37098001	harbor2	chr20	36901440	36901453	DNA/hAT-Charlie	625	-	6	36901446	3445
chr20	36898001	37098001	harbor2	chr20	36901751	36901904	DNA/hAT-Charlie	625	-	76	36901827	3826
chr20	36898001	37098001	harbor2	chr20	36941465	36941668	DNA/hAT-Charlie	711	-	102	36941567	43566
chr20	24535180	24735180	harbor2	chr20	24542314	24542471	DNA/hAT-Charlie	733	-	78	24542392	7212
chr20	4624774	4824774	harbor2	chr20	4662776	4662968	DNA/hAT-Charlie	1414	-	96	4662872	38098
chr20	4624774	4824774	harbor2	chr20	4669831	4669996	DNA/hAT-Charlie	971	-	82	4669913	45139
chr20	4624774	4824774	harbor2	chr20	4704587	4704769	DNA/hAT-Charlie	986	-	91	4704678	79904
chr20	4624774	4824774	harbor2	chr20	4705042	4705205	DNA/hAT-Charlie	790	-	82	4705124	80350
chr20	4624774	4824774	harbor2	chr20	4714712	4714951	DNA/hAT-Charlie	696	-	120	4714832	90058
chr20	4624774	4824774	harbor2	chr20	4715116	4715333	DNA/hAT-Charlie	972	-	108	4715224	90450
chr20	1023102	1223102	harbor2	chr20	1057320	1057562	DNA/hAT-Charlie	673	-	121	1057441	34339
chr20	1023102	1223102	harbor2	chr20	1062854	1063034	DNA/hAT-Charlie	996	-	90	1062944	39842
chr20	1023102	1223102	harbor2	chr20	1063067	1063239	DNA/hAT-Charlie	713	-	86	1063153	40051
chr20	1023102	1223102	harbor2	chr20	1075077	1075233	DNA/hAT-Charlie	1195	-	78	1075155	52053
chr20	1023102	1223102	harbor2	chr20	1075368	1075574	DNA/hAT-Charlie	1195	-	103	1075471	52369
chr20	1023102	1223102	harbor2	chr20	1079993	1080253	DNA/hAT-Charlie	805	-	130	1080123	57021
chr20	1023102	1223102	harbor2	chr20	1080782	1080826	DNA/hAT-Charlie	805	-	22	1080804	57702
chr20	1023102	1223102	harbor2	chr20	1084327	1084480	DNA/hAT-Charlie	554	-	76	1084403	61301
chr20	1023102	1223102	harbor2	chr20	1089187	1089374	DNA/hAT-Charlie	845	-	94	1089281	66179
chr20	9474281	9674281	harbor2	chr20	9478655	9478816	DNA/hAT-Charlie	858	-	80	9478735	4454
chr20	9474281	9674281	harbor2	chr20	9544717	9545031	DNA/hAT-Charlie	543	-	157	9544874	70593
chr20	9474281	9674281	harbor2	chr20	9552067	9552176	DNA/hAT-Charlie	507	-	54	9552121	77840
chr20	9474281	9674281	harbor2	chr20	9560866	9560973	DNA/hAT-Charlie	566	-	54	9560920	86639
chr20	9474281	9674281	harbor2	chr20	9567401	9567579	DNA/hAT-Charlie	709	-	89	9567490	93209
chr20	62894793	63094793	harbor2	chr20	62916423	62917041	DNA/hAT-Charlie	2442	-	309	62916732	21939
chr20	62894793	63094793	harbor2	chr20	62917331	62917799	DNA/hAT-Charlie	2442	-	234	62917565	22772
chr20	34725551	34925551	harbor2	chr20	34745117	34745242	DNA/hAT-Charlie	455	-	62	34745179	19628
chr20	34725551	34925551	harbor2	chr20	34770979	34771129	DNA/hAT-Charlie	1144	-	75	34771054	45503
chr20	34725551	34925551	harbor2	chr20	34771435	34771596	DNA/hAT-Charlie	1144	-	80	34771515	45964
chr20	34725551	34925551	harbor2	chr20	34781371	34781702	DNA/hAT-Charlie	645	-	166	34781537	55986
chr20	34725551	34925551	harbor2	chr20	34819272	34819492	DNA/hAT-Charlie	516	-	110	34819382	93831
chr20	34725551	34925551	harbor2	chr20	34821162	34821378	DNA/hAT-Charlie	992	-	108	34821270	95719
chr20	50272702	50472702	harbor2	chr20	50288507	50288721	DNA/hAT-Charlie	947	-	107	50288614	15912
chr20	50272702	50472702	harbor2	chr20	50289578	50289769	DNA/hAT-Charlie	1249	-	96	50289674	16972
chr20	50272702	50472702	harbor2	chr20	50323948	50324168	DNA/hAT-Charlie	1207	-	110	50324058	51356
chr20	50272702	50472702	harbor2	chr20	50347742	50347954	DNA/hAT-Charlie	1072	-	106	50347848	75146
chr20	50272702	50472702	harbor2	chr20	50358619	50358809	DNA/hAT-Charlie	688	-	95	50358714	86012
chr20	50272702	50472702	harbor2	chr20	50361439	50361860	DNA/hAT-Charlie	1772	-	210	50361649	88947
chr20	50272702	50472702	harbor2	chr20	50362145	50362253	DNA/hAT-Charlie	1772	-	54	50362199	89497
chr20	50272702	50472702	harbor2	chr20	50362240	50362353	DNA/hAT-Charlie	467	-	56	50362296	89594
chr20	35849255	36049255	harbor2	chr20	35856329	35856514	DNA/hAT-Charlie	859	-	92	35856421	7166
chr20	35849255	36049255	harbor2	chr20	35866474	35866764	DNA/hAT-Charlie	598	-	145	35866619	17364
chr20	35849255	36049255	harbor2	chr20	35912900	35913035	DNA/hAT-Charlie	526	-	68	35912968	63713
chr20	35849255	36049255	harbor2	chr20	35921198	35921335	DNA/hAT-Charlie	467	-	68	35921266	72011
chr20	35849255	36049255	harbor2	chr20	35922709	35922833	DNA/hAT-Charlie	701	-	62	35922771	73516
chr20	35849255	36049255	harbor2	chr20	35923135	35923232	DNA/hAT-Charlie	701	-	48	35923183	73928
chr20	35849255	36049255	harbor2	chr20	35947080	35947261	DNA/hAT-Charlie	969	-	90	35947170	97915
chr20	34904861	35104861	harbor2	chr20	34948459	34948503	DNA/hAT-Charlie	704	-	22	34948481	43620
chr20	34904861	35104861	harbor2	chr20	34948800	34949100	DNA/hAT-Charlie	704	-	150	34948950	44089
chr20	3127157	3327157	harbor2	chr20	3189197	3189357	DNA/hAT-Charlie	542	-	80	3189277	62120
chr20	3127157	3327157	harbor2	chr20	3211819	3211900	DNA/hAT-Charlie	1505	-	40	3211859	84702
chr20	3127157	3327157	harbor2	chr20	3212187	3212322	DNA/hAT-Charlie	1505	-	68	3212255	85098
chr20	3127157	3327157	harbor2	chr20	3212621	3212875	DNA/hAT-Charlie	1505	-	127	3212748	85591
chr20	3127157	3327157	harbor2	chr20	3214190	3214353	DNA/hAT-Charlie	545	-	82	3214272	87115
chr20	40600650	40800650	harbor2	chr20	40635924	40636104	DNA/hAT-Charlie	1086	-	90	40636014	35364
chr20	40600650	40800650	harbor2	chr20	40642640	40642858	DNA/hAT-Charlie	1130	-	109	40642749	42099
chr20	40600650	40800650	harbor2	chr20	40678249	40678410	DNA/hAT-Charlie	874	-	80	40678329	77679
chr20	34776144	34976144	harbor2	chr20	34781371	34781702	DNA/hAT-Charlie	645	-	166	34781537	5393
chr20	34776144	34976144	harbor2	chr20	34819272	34819492	DNA/hAT-Charlie	516	-	110	34819382	43238
chr20	34776144	34976144	harbor2	chr20	34821162	34821378	DNA/hAT-Charlie	992	-	108	34821270	45126
chr20	34776144	34976144	harbor2	chr20	34862081	34862413	DNA/hAT-Charlie	930	-	166	34862247	86103
chr20	38347847	38547847	harbor2	chr20	38384359	38384502	DNA/hAT-Charlie	777	-	72	38384431	36584
chr20	38347847	38547847	harbor2	chr20	38425489	38425666	DNA/hAT-Charlie	810	-	88	38425577	77730
chr20	38347847	38547847	harbor2	chr20	38437660	38437890	DNA/hAT-Charlie	990	-	115	38437775	89928
chr20	35362392	35562392	harbor2	chr20	35460555	35460761	DNA/hAT-Charlie	786	-	103	35460658	98266
chr20	34905163	35105163	harbor2	chr20	34948459	34948503	DNA/hAT-Charlie	704	-	22	34948481	43318
chr20	34905163	35105163	harbor2	chr20	34948800	34949100	DNA/hAT-Charlie	704	-	150	34948950	43787
chr20	1020784	1220784	harbor2	chr20	1057320	1057562	DNA/hAT-Charlie	673	-	121	1057441	36657
chr20	1020784	1220784	harbor2	chr20	1062854	1063034	DNA/hAT-Charlie	996	-	90	1062944	42160
chr20	1020784	1220784	harbor2	chr20	1063067	1063239	DNA/hAT-Charlie	713	-	86	1063153	42369
chr20	1020784	1220784	harbor2	chr20	1075077	1075233	DNA/hAT-Charlie	1195	-	78	1075155	54371
chr20	1020784	1220784	harbor2	chr20	1075368	1075574	DNA/hAT-Charlie	1195	-	103	1075471	54687
chr20	1020784	1220784	harbor2	chr20	1079993	1080253	DNA/hAT-Charlie	805	-	130	1080123	59339
chr20	1020784	1220784	harbor2	chr20	1080782	1080826	DNA/hAT-Charlie	805	-	22	1080804	60020
chr20	1020784	1220784	harbor2	chr20	1084327	1084480	DNA/hAT-Charlie	554	-	76	1084403	63619
chr20	1020784	1220784	harbor2	chr20	1089187	1089374	DNA/hAT-Charlie	845	-	94	1089281	68497
chr20	9474416	9674416	harbor2	chr20	9478655	9478816	DNA/hAT-Charlie	858	-	80	9478735	4319
chr20	9474416	9674416	harbor2	chr20	9544717	9545031	DNA/hAT-Charlie	543	-	157	9544874	70458
chr20	9474416	9674416	harbor2	chr20	9552067	9552176	DNA/hAT-Charlie	507	-	54	9552121	77705
chr20	9474416	9674416	harbor2	chr20	9560866	9560973	DNA/hAT-Charlie	566	-	54	9560920	86504
chr20	9474416	9674416	harbor2	chr20	9567401	9567579	DNA/hAT-Charlie	709	-	89	9567490	93074
chr20	3370919	3570919	harbor2	chr20	3380412	3380627	DNA/hAT-Charlie	1469	-	108	3380520	9601
chr20	3370919	3570919	harbor2	chr20	3430091	3430549	DNA/hAT-Charlie	2906	-	229	3430320	59401
chr20	3370919	3570919	harbor2	chr20	3453750	3453970	DNA/hAT-Charlie	1588	-	110	3453860	82941
chr20	35138054	35338054	harbor2	chr20	35141842	35142045	DNA/hAT-Charlie	1113	-	102	35141944	3890
chr20	35138054	35338054	harbor2	chr20	35171186	35171458	DNA/hAT-Charlie	722	-	136	35171322	33268
chr20	35138054	35338054	harbor2	chr20	35210643	35210701	DNA/hAT-Charlie	712	-	29	35210672	72618
chr20	35138054	35338054	harbor2	chr20	35211013	35211213	DNA/hAT-Charlie	712	-	100	35211113	73059
chr20	35138054	35338054	harbor2	chr20	35220513	35220942	DNA/hAT-Charlie	1495	-	214	35220727	82673
chr20	62043222	62243222	harbor2	chr20	62141927	62142139	DNA/hAT-Charlie	570	-	106	62142033	98811
chr20	21866893	22066893	harbor2	chr20	21871094	21871363	DNA/hAT-Charlie	747	-	134	21871228	4335
chr20	21866893	22066893	harbor2	chr20	21894693	21895157	DNA/hAT-Charlie	1180	-	232	21894925	28032
chr20	21866893	22066893	harbor2	chr20	21910237	21910525	DNA/hAT-Charlie	864	-	144	21910381	43488
chr20	21866893	22066893	harbor2	chr20	21935048	21935226	DNA/hAT-Charlie	678	-	89	21935137	68244
chr20	3015690	3215690	harbor2	chr20	3024891	3025090	DNA/hAT-Charlie	945	-	100	3024991	9301
chr20	3015690	3215690	harbor2	chr20	3025527	3025588	DNA/hAT-Charlie	470	-	30	3025557	9867
chr20	3015690	3215690	harbor2	chr20	3025887	3025936	DNA/hAT-Charlie	470	-	24	3025911	10221
chr20	3015690	3215690	harbor2	chr20	3026236	3026304	DNA/hAT-Charlie	470	-	34	3026270	10580
chr20	3015690	3215690	harbor2	chr20	3070131	3070181	DNA/hAT-Charlie	1099	-	25	3070156	54466
chr20	3015690	3215690	harbor2	chr20	3070479	3070517	DNA/hAT-Charlie	1099	-	19	3070498	54808
chr20	3015690	3215690	harbor2	chr20	3070821	3071103	DNA/hAT-Charlie	1099	-	141	3070962	55272
chr20	11791589	11991589	harbor2	chr20	11812384	11812426	DNA/hAT-Charlie	1760	-	21	11812405	20816
chr20	11791589	11991589	harbor2	chr20	11813047	11813352	DNA/hAT-Charlie	1760	-	152	11813199	21610
chr20	11791589	11991589	harbor2	chr20	11835480	11835658	DNA/hAT-Charlie	664	-	89	11835569	43980
chr20	11791589	11991589	harbor2	chr20	11848166	11848347	DNA/hAT-Charlie	644	-	90	11848256	56667
chr20	11791589	11991589	harbor2	chr20	11872205	11872675	DNA/hAT-Charlie	1093	-	235	11872440	80851
chr20	11791589	11991589	harbor2	chr20	11878577	11878819	DNA/hAT-Charlie	668	-	121	11878698	87109
chr20	34904857	35104857	harbor2	chr20	34948459	34948503	DNA/hAT-Charlie	704	-	22	34948481	43624
chr20	34904857	35104857	harbor2	chr20	34948800	34949100	DNA/hAT-Charlie	704	-	150	34948950	44093
chr20	21615735	21815735	harbor2	chr20	21626068	21626426	DNA/hAT-Charlie	2306	-	179	21626247	10512
chr20	21615735	21815735	harbor2	chr20	21664359	21664876	DNA/hAT-Charlie	1925	-	258	21664617	48882
chr20	21615735	21815735	harbor2	chr20	21668239	21668521	DNA/hAT-Charlie	700	-	141	21668380	52645
chr20	62305735	62505735	harbor2	chr20	62341384	62341595	DNA/hAT-Charlie	989	-	106	62341490	35755
chr20	62043200	62243200	harbor2	chr20	62141927	62142139	DNA/hAT-Charlie	570	-	106	62142033	98833
chr20	4587587	4787587	harbor2	chr20	4662776	4662968	DNA/hAT-Charlie	1414	-	96	4662872	75285
chr20	4587587	4787587	harbor2	chr20	4669831	4669996	DNA/hAT-Charlie	971	-	82	4669913	82326
chr20	57208729	57408729	harbor2	chr20	57213402	57213516	DNA/hAT-Charlie	500	-	57	57213459	4730
chr20	57208729	57408729	harbor2	chr20	57244092	57244266	DNA/hAT-Charlie	602	-	87	57244179	35450
chr20	57208729	57408729	harbor2	chr20	57252017	57252331	DNA/hAT-Charlie	1230	-	157	57252174	43445
chr20	57208729	57408729	harbor2	chr20	57272330	57272623	DNA/hAT-Charlie	545	-	146	57272476	63747
chr20	57208729	57408729	harbor2	chr20	57293958	57294303	DNA/hAT-Charlie	2206	-	172	57294130	85401
chr21	15065117	15265117	harbor2	chr21	15068664	15068983	DNA/hAT-Charlie	1253	-	160	15068824	3707
chr21	15065117	15265117	harbor2	chr21	15149057	15149193	DNA/hAT-Charlie	577	-	68	15149125	84008
chr21	15065117	15265117	harbor2	chr21	15151836	15152048	DNA/hAT-Charlie	838	-	106	15151942	86825
chr21	29261633	29461633	harbor2	chr21	29292199	29292434	DNA/hAT-Charlie	483	-	118	29292317	30684
chr21	29261633	29461633	harbor2	chr21	29313097	29313282	DNA/hAT-Charlie	1077	-	92	29313189	51556
chr21	46225275	46425275	harbor2	chr21	46313065	46313382	DNA/hAT-Charlie	1282	-	158	46313223	87948
chr21	43621046	43821046	harbor2	chr21	43645221	43645404	DNA/hAT-Charlie	1001	-	92	43645313	24267
chr21	41040652	41240652	harbor2	chr21	41055905	41056051	DNA/hAT-Charlie	671	-	73	41055978	15326
chr21	41040652	41240652	harbor2	chr21	41056775	41056979	DNA/hAT-Charlie	936	-	102	41056877	16225
chr21	41040652	41240652	harbor2	chr21	41106209	41106356	DNA/hAT-Charlie	548	-	74	41106283	65631
chr21	41040652	41240652	harbor2	chr21	41122340	41122911	DNA/hAT-Charlie	3614	-	286	41122626	81974
chr21	34275890	34475890	harbor2	chr21	34284058	34284223	DNA/hAT-Charlie	484	-	82	34284140	8250
chr21	34275890	34475890	harbor2	chr21	34296832	34297425	DNA/hAT-Charlie	1867	-	296	34297128	21238
chr21	34275890	34475890	harbor2	chr21	34310022	34310101	DNA/hAT-Charlie	457	-	40	34310062	34172
chr21	34275890	34475890	harbor2	chr21	34310192	34310354	DNA/hAT-Charlie	882	-	81	34310273	34383
chr21	29199645	29399645	harbor2	chr21	29215812	29216024	DNA/hAT-Charlie	1088	-	106	29215918	16273
chr21	29199645	29399645	harbor2	chr21	29224742	29224950	DNA/hAT-Charlie	746	-	104	29224846	25201
chr21	29199645	29399645	harbor2	chr21	29292199	29292434	DNA/hAT-Charlie	483	-	118	29292317	92672
chr21	29201564	29401564	harbor2	chr21	29215812	29216024	DNA/hAT-Charlie	1088	-	106	29215918	14354
chr21	29201564	29401564	harbor2	chr21	29224742	29224950	DNA/hAT-Charlie	746	-	104	29224846	23282
chr21	29201564	29401564	harbor2	chr21	29292199	29292434	DNA/hAT-Charlie	483	-	118	29292317	90753
chr21	14673851	14873851	harbor2	chr21	14728678	14728731	DNA/hAT-Charlie	573	-	26	14728704	54853
chr21	14673851	14873851	harbor2	chr21	14728991	14729176	DNA/hAT-Charlie	573	-	92	14729083	55232
chr21	14673851	14873851	harbor2	chr21	14734463	14734615	DNA/hAT-Charlie	844	-	76	14734539	60688
chr21	44693527	44893527	harbor2	chr21	44701341	44701850	DNA/hAT-Charlie	2702	-	254	44701595	8068
chr21	42596399	42796399	harbor2	chr21	42633028	42633196	DNA/hAT-Charlie	698	-	84	42633112	36713
chr21	29248676	29448676	harbor2	chr21	29292199	29292434	DNA/hAT-Charlie	483	-	118	29292317	43641
chr21	29248676	29448676	harbor2	chr21	29313097	29313282	DNA/hAT-Charlie	1077	-	92	29313189	64513
chr21	29201041	29401041	harbor2	chr21	29215812	29216024	DNA/hAT-Charlie	1088	-	106	29215918	14877
chr21	29201041	29401041	harbor2	chr21	29224742	29224950	DNA/hAT-Charlie	746	-	104	29224846	23805
chr21	29201041	29401041	harbor2	chr21	29292199	29292434	DNA/hAT-Charlie	483	-	118	29292317	91276
chr21	44660270	44860270	harbor2	chr21	44701341	44701850	DNA/hAT-Charlie	2702	-	254	44701595	41325
chr21	42278158	42478158	harbor2	chr21	42309161	42309700	DNA/hAT-Charlie	536	-	270	42309431	31273
chr21	42278158	42478158	harbor2	chr21	42314319	42314371	DNA/hAT-Charlie	584	-	26	42314345	36187
chr21	42278158	42478158	harbor2	chr21	42314661	42314776	DNA/hAT-Charlie	584	-	58	42314719	36561
chr21	42331244	42531244	harbor2	chr21	42380453	42380656	DNA/hAT-Charlie	703	-	102	42380555	49311
chr21	42331244	42531244	harbor2	chr21	42393671	42393875	DNA/hAT-Charlie	1110	-	102	42393773	62529
chr21	42331244	42531244	harbor2	chr21	42403111	42403316	DNA/hAT-Charlie	484	-	102	42403213	71969
chr21	39009375	39209375	harbor2	chr21	39016783	39016931	DNA/hAT-Charlie	1255	-	74	39016857	7482
chr21	39009375	39209375	harbor2	chr21	39017397	39017589	DNA/hAT-Charlie	1255	-	96	39017493	8118
chr21	39009375	39209375	harbor2	chr21	39068108	39068223	DNA/hAT-Charlie	606	-	58	39068166	58791
chr21	39009375	39209375	harbor2	chr21	39077820	39078024	DNA/hAT-Charlie	1143	-	102	39077922	68547
chr21	39009375	39209375	harbor2	chr21	39089166	39089608	DNA/hAT-Charlie	2621	-	221	39089387	80012
chr21	39009375	39209375	harbor2	chr21	39093164	39093607	DNA/hAT-Charlie	1100	-	222	39093386	84011
chr21	37266105	37466105	harbor2	chr21	37322416	37322625	DNA/hAT-Charlie	548	-	104	37322520	56415
chr21	39009691	39209691	harbor2	chr21	39016783	39016931	DNA/hAT-Charlie	1255	-	74	39016857	7166
chr21	39009691	39209691	harbor2	chr21	39017397	39017589	DNA/hAT-Charlie	1255	-	96	39017493	7802
chr21	39009691	39209691	harbor2	chr21	39068108	39068223	DNA/hAT-Charlie	606	-	58	39068166	58475
chr21	39009691	39209691	harbor2	chr21	39077820	39078024	DNA/hAT-Charlie	1143	-	102	39077922	68231
chr21	39009691	39209691	harbor2	chr21	39089166	39089608	DNA/hAT-Charlie	2621	-	221	39089387	79696
chr21	39009691	39209691	harbor2	chr21	39093164	39093607	DNA/hAT-Charlie	1100	-	222	39093386	83695
chr21	44624083	44824083	harbor2	chr21	44657344	44657552	DNA/hAT-Charlie	888	-	104	44657448	33365
chr21	44624083	44824083	harbor2	chr21	44701341	44701850	DNA/hAT-Charlie	2702	-	254	44701595	77512
chr21	44625363	44825363	harbor2	chr21	44657344	44657552	DNA/hAT-Charlie	888	-	104	44657448	32085
chr21	44625363	44825363	harbor2	chr21	44701341	44701850	DNA/hAT-Charlie	2702	-	254	44701595	76232
chr21	29200213	29400213	harbor2	chr21	29215812	29216024	DNA/hAT-Charlie	1088	-	106	29215918	15705
chr21	29200213	29400213	harbor2	chr21	29224742	29224950	DNA/hAT-Charlie	746	-	104	29224846	24633
chr21	29200213	29400213	harbor2	chr21	29292199	29292434	DNA/hAT-Charlie	483	-	118	29292317	92104
chr21	39009608	39209608	harbor2	chr21	39016783	39016931	DNA/hAT-Charlie	1255	-	74	39016857	7249
chr21	39009608	39209608	harbor2	chr21	39017397	39017589	DNA/hAT-Charlie	1255	-	96	39017493	7885
chr21	39009608	39209608	harbor2	chr21	39068108	39068223	DNA/hAT-Charlie	606	-	58	39068166	58558
chr21	39009608	39209608	harbor2	chr21	39077820	39078024	DNA/hAT-Charlie	1143	-	102	39077922	68314
chr21	39009608	39209608	harbor2	chr21	39089166	39089608	DNA/hAT-Charlie	2621	-	221	39089387	79779
chr21	39009608	39209608	harbor2	chr21	39093164	39093607	DNA/hAT-Charlie	1100	-	222	39093386	83778
chr22	39579346	39779346	harbor2	chr22	39588977	39589187	DNA/hAT-Charlie	1340	-	105	39589082	9736
chr22	39579346	39779346	harbor2	chr22	39638734	39639012	DNA/hAT-Charlie	1848	-	139	39638873	59527
chr22	39579346	39779346	harbor2	chr22	39658418	39658688	DNA/hAT-Charlie	852	-	135	39658553	79207
chr22	24070325	24270325	harbor2	chr22	24080946	24081267	DNA/hAT-Charlie	1388	-	160	24081106	10781
chr22	24070325	24270325	harbor2	chr22	24100037	24100212	DNA/hAT-Charlie	513	-	88	24100125	29800
chr22	24070325	24270325	harbor2	chr22	24127905	24128102	DNA/hAT-Charlie	945	-	98	24128003	57678
chr22	24070396	24270396	harbor2	chr22	24080946	24081267	DNA/hAT-Charlie	1388	-	160	24081106	10710
chr22	24070396	24270396	harbor2	chr22	24100037	24100212	DNA/hAT-Charlie	513	-	88	24100125	29729
chr22	24070396	24270396	harbor2	chr22	24127905	24128102	DNA/hAT-Charlie	945	-	98	24128003	57607
chr22	45971904	46171904	harbor2	chr22	45989215	45989415	DNA/hAT-Charlie	852	-	100	45989315	17411
chr22	45971904	46171904	harbor2	chr22	46022316	46022372	DNA/hAT-Charlie	992	-	28	46022344	50440
chr22	45971904	46171904	harbor2	chr22	46022680	46022840	DNA/hAT-Charlie	992	-	80	46022760	50856
chr22	45971904	46171904	harbor2	chr22	46030036	46030290	DNA/hAT-Charlie	605	-	127	46030163	58259
chr22	45971904	46171904	harbor2	chr22	46055667	46055851	DNA/hAT-Charlie	452	-	92	46055759	83855
chr22	24069899	24269899	harbor2	chr22	24080946	24081267	DNA/hAT-Charlie	1388	-	160	24081106	11207
chr22	24069899	24269899	harbor2	chr22	24100037	24100212	DNA/hAT-Charlie	513	-	88	24100125	30226
chr22	24069899	24269899	harbor2	chr22	24127905	24128102	DNA/hAT-Charlie	945	-	98	24128003	58104
chr22	44597557	44797557	harbor2	chr22	44615271	44615457	DNA/hAT-Charlie	682	-	93	44615364	17807
chr22	44597557	44797557	harbor2	chr22	44668088	44668229	DNA/hAT-Charlie	511	-	70	44668158	70601
chr22	37418973	37618973	harbor2	chr22	37450321	37450485	DNA/hAT-Charlie	648	-	82	37450403	31430
chr22	37418973	37618973	harbor2	chr22	37515607	37515816	DNA/hAT-Charlie	1100	-	104	37515711	96738
chr22	37418973	37618973	harbor2	chr22	37470126	37470335	DNA/hAT-Charlie	1138	-	104	37470230	51257
chr22	36465130	36665130	harbor2	chr22	36474555	36474725	DNA/hAT-Charlie	450	-	85	36474640	9510
chr22	36465130	36665130	harbor2	chr22	36498337	36498477	DNA/hAT-Charlie	497	-	70	36498407	33277
chr22	36465130	36665130	harbor2	chr22	36513657	36513721	DNA/hAT-Charlie	414	-	32	36513689	48559
chr22	36465130	36665130	harbor2	chr22	36534515	36534751	DNA/hAT-Charlie	929	-	118	36534633	69503
chr22	36465130	36665130	harbor2	chr22	36553246	36553539	DNA/hAT-Charlie	1591	-	146	36553392	88262
chr22	24069912	24269912	harbor2	chr22	24080946	24081267	DNA/hAT-Charlie	1388	-	160	24081106	11194
chr22	24069912	24269912	harbor2	chr22	24100037	24100212	DNA/hAT-Charlie	513	-	88	24100125	30213
chr22	24069912	24269912	harbor2	chr22	24127905	24128102	DNA/hAT-Charlie	945	-	98	24128003	58091
chr22	36407158	36607158	harbor2	chr22	36442931	36443049	DNA/hAT-Charlie	446	-	59	36442990	35832
chr22	36407158	36607158	harbor2	chr22	36474555	36474725	DNA/hAT-Charlie	450	-	85	36474640	67482
chr22	36407158	36607158	harbor2	chr22	36498337	36498477	DNA/hAT-Charlie	497	-	70	36498407	91249
chr22	36919396	37119396	harbor2	chr22	36985688	36985840	DNA/hAT-Charlie	418	-	76	36985764	66368
chr22	50099497	50299497	harbor2	chr22	50103804	50104300	DNA/hAT-Charlie	3422	-	248	50104052	4555
chr22	50099497	50299497	harbor2	chr22	50140459	50140682	DNA/hAT-Charlie	1381	-	112	50140571	41074
chr22	50099497	50299497	harbor2	chr22	50146829	50147000	DNA/hAT-Charlie	588	-	86	50146915	47418
chr22	50099497	50299497	harbor2	chr22	50163691	50163867	DNA/hAT-Charlie	714	-	88	50163779	64282
chr22	50099497	50299497	harbor2	chr22	50164179	50164380	DNA/hAT-Charlie	714	-	100	50164279	64782
chr22	50099497	50299497	harbor2	chr22	50164745	50164843	DNA/hAT-Charlie	651	-	49	50164794	65297
chr22	50099497	50299497	harbor2	chr22	50165138	50165382	DNA/hAT-Charlie	651	-	122	50165260	65763
chr22	24171508	24371508	harbor2	chr22	24265294	24265457	DNA/hAT-Charlie	420	-	82	24265376	93868
chr22	24171508	24371508	harbor2	chr22	24266059	24266215	DNA/hAT-Charlie	515	-	78	24266137	94629
chr22	45869624	46069624	harbor2	chr22	45944990	45945088	DNA/hAT-Charlie	970	-	49	45945039	75415
chr22	45869624	46069624	harbor2	chr22	45945378	45945605	DNA/hAT-Charlie	970	-	114	45945492	75868
chr22	36355398	36555398	harbor2	chr22	36357386	36357607	DNA/hAT-Charlie	838	-	110	36357496	2098
chr22	36355398	36555398	harbor2	chr22	36442931	36443049	DNA/hAT-Charlie	446	-	59	36442990	87592
chr22	36407144	36607144	harbor2	chr22	36442931	36443049	DNA/hAT-Charlie	446	-	59	36442990	35846
chr22	36407144	36607144	harbor2	chr22	36474555	36474725	DNA/hAT-Charlie	450	-	85	36474640	67496
chr22	36407144	36607144	harbor2	chr22	36498337	36498477	DNA/hAT-Charlie	497	-	70	36498407	91263
chr22	24069890	24269890	harbor2	chr22	24080946	24081267	DNA/hAT-Charlie	1388	-	160	24081106	11216
chr22	24069890	24269890	harbor2	chr22	24100037	24100212	DNA/hAT-Charlie	513	-	88	24100125	30235
chr22	24069890	24269890	harbor2	chr22	24127905	24128102	DNA/hAT-Charlie	945	-	98	24128003	58113
chr22	50069670	50269670	harbor2	chr22	50077695	50077782	DNA/hAT-Charlie	398	-	44	50077739	8069
chr22	50069670	50269670	harbor2	chr22	50094878	50094942	DNA/hAT-Charlie	535	-	32	50094910	25240
chr22	50069670	50269670	harbor2	chr22	50095050	50095147	DNA/hAT-Charlie	535	-	48	50095098	25428
chr22	50069670	50269670	harbor2	chr22	50103804	50104300	DNA/hAT-Charlie	3422	-	248	50104052	34382
chr22	50069670	50269670	harbor2	chr22	50140459	50140682	DNA/hAT-Charlie	1381	-	112	50140571	70901
chr22	50069670	50269670	harbor2	chr22	50146829	50147000	DNA/hAT-Charlie	588	-	86	50146915	77245
chr22	50069670	50269670	harbor2	chr22	50163691	50163867	DNA/hAT-Charlie	714	-	88	50163779	94109
chr22	50069670	50269670	harbor2	chr22	50164179	50164380	DNA/hAT-Charlie	714	-	100	50164279	94609
chr22	50069670	50269670	harbor2	chr22	50164745	50164843	DNA/hAT-Charlie	651	-	49	50164794	95124
chr22	50069670	50269670	harbor2	chr22	50165138	50165382	DNA/hAT-Charlie	651	-	122	50165260	95590
chr22	46291932	46491932	harbor2	chr22	46313296	46313434	DNA/hAT-Charlie	395	-	69	46313365	21433
chr22	24069873	24269873	harbor2	chr22	24080946	24081267	DNA/hAT-Charlie	1388	-	160	24081106	11233
chr22	24069873	24269873	harbor2	chr22	24100037	24100212	DNA/hAT-Charlie	513	-	88	24100125	30252
chr22	24069873	24269873	harbor2	chr22	24127905	24128102	DNA/hAT-Charlie	945	-	98	24128003	58130
chr22	24070472	24270472	harbor2	chr22	24080946	24081267	DNA/hAT-Charlie	1388	-	160	24081106	10634
chr22	24070472	24270472	harbor2	chr22	24100037	24100212	DNA/hAT-Charlie	513	-	88	24100125	29653
chr22	24070472	24270472	harbor2	chr22	24127905	24128102	DNA/hAT-Charlie	945	-	98	24128003	57531
chr22	39579321	39779321	harbor2	chr22	39588977	39589187	DNA/hAT-Charlie	1340	-	105	39589082	9761
chr22	39579321	39779321	harbor2	chr22	39638734	39639012	DNA/hAT-Charlie	1848	-	139	39638873	59552
chr22	39579321	39779321	harbor2	chr22	39658418	39658688	DNA/hAT-Charlie	852	-	135	39658553	79232
chr22	24072073	24272073	harbor2	chr22	24080946	24081267	DNA/hAT-Charlie	1388	-	160	24081106	9033
chr22	24072073	24272073	harbor2	chr22	24100037	24100212	DNA/hAT-Charlie	513	-	88	24100125	28052
chr22	24072073	24272073	harbor2	chr22	24127905	24128102	DNA/hAT-Charlie	945	-	98	24128003	55930
chr22	24528324	24728324	harbor2	chr22	24553220	24553314	DNA/hAT-Charlie	713	-	47	24553267	24943
chr22	39579203	39779203	harbor2	chr22	39588977	39589187	DNA/hAT-Charlie	1340	-	105	39589082	9879
chr22	39579203	39779203	harbor2	chr22	39638734	39639012	DNA/hAT-Charlie	1848	-	139	39638873	59670
chr22	39579203	39779203	harbor2	chr22	39658418	39658688	DNA/hAT-Charlie	852	-	135	39658553	79350
chr22	24395407	24595407	harbor2	chr22	24410499	24410789	DNA/hAT-Charlie	559	-	145	24410644	15237
chr22	24069893	24269893	harbor2	chr22	24080946	24081267	DNA/hAT-Charlie	1388	-	160	24081106	11213
chr22	24069893	24269893	harbor2	chr22	24100037	24100212	DNA/hAT-Charlie	513	-	88	24100125	30232
chr22	24069893	24269893	harbor2	chr22	24127905	24128102	DNA/hAT-Charlie	945	-	98	24128003	58110
chr22	32100450	32300450	harbor2	chr22	32134295	32134488	DNA/hAT-Charlie	409	-	96	32134391	33941
chr22	32100450	32300450	harbor2	chr22	32134787	32134916	DNA/hAT-Charlie	409	-	64	32134851	34401
chr22	37240349	37440349	harbor2	chr22	37260023	37260446	DNA/hAT-Charlie	2988	-	212	37260235	19886
chr22	37240349	37440349	harbor2	chr22	37323022	37323143	DNA/hAT-Charlie	412	-	60	37323082	82733
chr22	24069880	24269880	harbor2	chr22	24080946	24081267	DNA/hAT-Charlie	1388	-	160	24081106	11226
chr22	24069880	24269880	harbor2	chr22	24100037	24100212	DNA/hAT-Charlie	513	-	88	24100125	30245
chr22	24069880	24269880	harbor2	chr22	24127905	24128102	DNA/hAT-Charlie	945	-	98	24128003	58123
chr22	17640145	17840145	harbor2	chr22	17692763	17693011	DNA/hAT-Charlie	750	-	124	17692887	52742
chr22	17640145	17840145	harbor2	chr22	17694570	17694703	DNA/hAT-Charlie	531	-	66	17694636	54491
chr22	17640145	17840145	harbor2	chr22	17727789	17727966	DNA/hAT-Charlie	755	-	88	17727877	87732
chr22	29461784	29661784	harbor2	chr22	29477151	29477291	DNA/hAT-Charlie	440	-	70	29477221	15437
chr22	29461784	29661784	harbor2	chr22	29557049	29557110	DNA/hAT-Charlie	708	-	30	29557079	95295
chr22	29461784	29661784	harbor2	chr22	29556646	29556738	DNA/hAT-Charlie	708	-	46	29556692	94908
chr22	44788598	44988598	harbor2	chr22	44809127	44809388	DNA/hAT-Charlie	856	-	130	44809257	20659
chr22	44788598	44988598	harbor2	chr22	44858860	44859078	DNA/hAT-Charlie	1320	-	109	44858969	70371
chr22	39579207	39779207	harbor2	chr22	39588977	39589187	DNA/hAT-Charlie	1340	-	105	39589082	9875
chr22	39579207	39779207	harbor2	chr22	39638734	39639012	DNA/hAT-Charlie	1848	-	139	39638873	59666
chr22	39579207	39779207	harbor2	chr22	39658418	39658688	DNA/hAT-Charlie	852	-	135	39658553	79346
chr22	24070321	24270321	harbor2	chr22	24080946	24081267	DNA/hAT-Charlie	1388	-	160	24081106	10785
chr22	24070321	24270321	harbor2	chr22	24100037	24100212	DNA/hAT-Charlie	513	-	88	24100125	29804
chr22	24070321	24270321	harbor2	chr22	24127905	24128102	DNA/hAT-Charlie	945	-	98	24128003	57682
chr22	39366725	39566725	harbor2	chr22	39370921	39371106	DNA/hAT-Charlie	399	-	92	39371013	4288
chr22	39366725	39566725	harbor2	chr22	39404599	39404748	DNA/hAT-Charlie	422	-	74	39404673	37948
chr22	39366725	39566725	harbor2	chr22	39434473	39434729	DNA/hAT-Charlie	486	-	128	39434601	67876
chr22	24069790	24269790	harbor2	chr22	24080946	24081267	DNA/hAT-Charlie	1388	-	160	24081106	11316
chr22	24069790	24269790	harbor2	chr22	24100037	24100212	DNA/hAT-Charlie	513	-	88	24100125	30335
chr22	24069790	24269790	harbor2	chr22	24127905	24128102	DNA/hAT-Charlie	945	-	98	24128003	58213
chr22	18822922	19022922	harbor2	chr22	18860180	18860343	DNA/hAT-Charlie	395	-	82	18860262	37340
chr22	18822922	19022922	harbor2	chr22	18898564	18898778	DNA/hAT-Charlie	923	-	107	18898671	75749
chr22	24928712	25128712	harbor2	chr22	24929933	24930118	DNA/hAT-Charlie	661	-	92	24930025	1313
chr22	24928712	25128712	harbor2	chr22	24949981	24950179	DNA/hAT-Charlie	1198	-	99	24950080	21368
chr22	24928712	25128712	harbor2	chr22	24970630	24970840	DNA/hAT-Charlie	1410	-	105	24970735	42023
chr22	24928712	25128712	harbor2	chr22	24981488	24981627	DNA/hAT-Charlie	430	-	70	24981558	52846
chr22	24928712	25128712	harbor2	chr22	24981921	24981961	DNA/hAT-Charlie	430	-	20	24981941	53229
chr22	24928712	25128712	harbor2	chr22	24982061	24982430	DNA/hAT-Charlie	774	-	184	24982245	53533
chr22	24928712	25128712	harbor2	chr22	24986904	24987155	DNA/hAT-Charlie	1088	-	126	24987030	58318
chr22	24928712	25128712	harbor2	chr22	25014904	25014996	DNA/hAT-Charlie	521	-	46	25014950	86238
chr22	24928712	25128712	harbor2	chr22	25015261	25015369	DNA/hAT-Charlie	632	-	54	25015315	86603
chr22	24928712	25128712	harbor2	chr22	25015609	25015723	DNA/hAT-Charlie	445	-	57	25015666	86954
chr22	39369739	39569739	harbor2	chr22	39370921	39371106	DNA/hAT-Charlie	399	-	92	39371013	1274
chr22	39369739	39569739	harbor2	chr22	39404599	39404748	DNA/hAT-Charlie	422	-	74	39404673	34934
chr22	39369739	39569739	harbor2	chr22	39434473	39434729	DNA/hAT-Charlie	486	-	128	39434601	64862
chr22	24069829	24269829	harbor2	chr22	24080946	24081267	DNA/hAT-Charlie	1388	-	160	24081106	11277
chr22	24069829	24269829	harbor2	chr22	24100037	24100212	DNA/hAT-Charlie	513	-	88	24100125	30296
chr22	24069829	24269829	harbor2	chr22	24127905	24128102	DNA/hAT-Charlie	945	-	98	24128003	58174
chr22	23421907	23621907	harbor2	chr22	23515438	23515574	DNA/hAT-Charlie	438	-	68	23515506	93599
chr22	23421907	23621907	harbor2	chr22	23429079	23429280	DNA/hAT-Charlie	948	-	100	23429179	7272
chr22	42521734	42721734	harbor2	chr22	42586504	42586642	DNA/hAT-Charlie	491	-	69	42586573	64839
chr22	42521734	42721734	harbor2	chr22	42604349	42604508	DNA/hAT-Charlie	416	-	80	42604429	82695
chr22	24070287	24270287	harbor2	chr22	24080946	24081267	DNA/hAT-Charlie	1388	-	160	24081106	10819
chr22	24070287	24270287	harbor2	chr22	24100037	24100212	DNA/hAT-Charlie	513	-	88	24100125	29838
chr22	24070287	24270287	harbor2	chr22	24127905	24128102	DNA/hAT-Charlie	945	-	98	24128003	57716
chr22	46291944	46491944	harbor2	chr22	46313296	46313434	DNA/hAT-Charlie	395	-	69	46313365	21421
chr22	41811210	42011210	harbor2	chr22	41828961	41829171	DNA/hAT-Charlie	903	-	105	41829066	17856
chr22	41811210	42011210	harbor2	chr22	41879915	41879941	DNA/hAT-Charlie	591	-	13	41879928	68718
chr22	41811210	42011210	harbor2	chr22	41880049	41880201	DNA/hAT-Charlie	591	-	76	41880125	68915
chr22	41811210	42011210	harbor2	chr22	41889047	41889131	DNA/hAT-Charlie	752	-	42	41889089	77879
chr22	41811210	42011210	harbor2	chr22	41889427	41889521	DNA/hAT-Charlie	752	-	47	41889474	78264
chr22	41811210	42011210	harbor2	chr22	41890156	41890466	DNA/hAT-Charlie	578	-	155	41890311	79101
chr22	39945490	40145490	harbor2	chr22	39974022	39974150	DNA/hAT-Charlie	440	-	64	39974086	28596
chr22	39945490	40145490	harbor2	chr22	40033492	40033692	DNA/hAT-Charlie	992	-	100	40033592	88102
chr22	39945490	40145490	harbor2	chr22	40036930	40037089	DNA/hAT-Charlie	946	-	80	40037010	91520
chr22	39945490	40145490	harbor2	chr22	40037398	40037482	DNA/hAT-Charlie	946	-	42	40037440	91950
chr22	50155866	50355866	harbor2	chr22	50163691	50163867	DNA/hAT-Charlie	714	-	88	50163779	7913
chr22	50155866	50355866	harbor2	chr22	50164179	50164380	DNA/hAT-Charlie	714	-	100	50164279	8413
chr22	50155866	50355866	harbor2	chr22	50164745	50164843	DNA/hAT-Charlie	651	-	49	50164794	8928
chr22	50155866	50355866	harbor2	chr22	50165138	50165382	DNA/hAT-Charlie	651	-	122	50165260	9394
chr22	50155866	50355866	harbor2	chr22	50207679	50207775	DNA/hAT-Charlie	486	-	48	50207727	51861
chr22	37418827	37618827	harbor2	chr22	37450321	37450485	DNA/hAT-Charlie	648	-	82	37450403	31576
chr22	37418827	37618827	harbor2	chr22	37515607	37515816	DNA/hAT-Charlie	1100	-	104	37515711	96884
chr22	37418827	37618827	harbor2	chr22	37470126	37470335	DNA/hAT-Charlie	1138	-	104	37470230	51403
chr22	38679511	38879511	harbor2	chr22	38683059	38683584	DNA/hAT-Charlie	3452	-	262	38683321	3810
chr22	38679511	38879511	harbor2	chr22	38746122	38746294	DNA/hAT-Charlie	483	-	86	38746208	66697
chr22	39414512	39614512	harbor2	chr22	39434473	39434729	DNA/hAT-Charlie	486	-	128	39434601	20089
chr22	39414512	39614512	harbor2	chr22	39496282	39496476	DNA/hAT-Charlie	727	-	97	39496379	81867
chr22	50170970	50370970	harbor2	chr22	50207679	50207775	DNA/hAT-Charlie	486	-	48	50207727	36757
chr22	24948900	25148900	harbor2	chr22	24949981	24950179	DNA/hAT-Charlie	1198	-	99	24950080	1180
chr22	24948900	25148900	harbor2	chr22	24970630	24970840	DNA/hAT-Charlie	1410	-	105	24970735	21835
chr22	24948900	25148900	harbor2	chr22	24981488	24981627	DNA/hAT-Charlie	430	-	70	24981558	32658
chr22	24948900	25148900	harbor2	chr22	24981921	24981961	DNA/hAT-Charlie	430	-	20	24981941	33041
chr22	24948900	25148900	harbor2	chr22	24982061	24982430	DNA/hAT-Charlie	774	-	184	24982245	33345
chr22	24948900	25148900	harbor2	chr22	24986904	24987155	DNA/hAT-Charlie	1088	-	126	24987030	38130
chr22	24948900	25148900	harbor2	chr22	25014904	25014996	DNA/hAT-Charlie	521	-	46	25014950	66050
chr22	24948900	25148900	harbor2	chr22	25015261	25015369	DNA/hAT-Charlie	632	-	54	25015315	66415
chr22	24948900	25148900	harbor2	chr22	25015609	25015723	DNA/hAT-Charlie	445	-	57	25015666	66766
chr22	24948900	25148900	harbor2	chr22	25030945	25031021	DNA/hAT-Charlie	466	-	38	25030983	82083
chr22	24948900	25148900	harbor2	chr22	25031630	25031695	DNA/hAT-Charlie	466	-	32	25031662	82762
chr22	24948900	25148900	harbor2	chr22	25041620	25041734	DNA/hAT-Charlie	758	-	57	25041677	92777
chr22	24948900	25148900	harbor2	chr22	25042044	25042243	DNA/hAT-Charlie	758	-	100	25042144	93244
chr22	23082527	23282527	harbor2	chr22	23176853	23177025	DNA/hAT-Charlie	577	-	86	23176939	94412
chr22	24070996	24270996	harbor2	chr22	24080946	24081267	DNA/hAT-Charlie	1388	-	160	24081106	10110
chr22	24070996	24270996	harbor2	chr22	24100037	24100212	DNA/hAT-Charlie	513	-	88	24100125	29129
chr22	24070996	24270996	harbor2	chr22	24127905	24128102	DNA/hAT-Charlie	945	-	98	24128003	57007
chr22	20511531	20711531	harbor2	chr22	20515364	20515507	DNA/hAT-Charlie	958	-	72	20515436	3905
chr22	20511531	20711531	harbor2	chr22	20528290	20528623	DNA/hAT-Charlie	2230	-	166	20528456	16925
chr22	20511531	20711531	harbor2	chr22	20575776	20575945	DNA/hAT-Charlie	486	-	84	20575860	64329
chrX	24366734	24566734	harbor2	chrX	24368272	24368607	DNA/hAT-Charlie	1254	-	168	24368440	1706
chrX	24366734	24566734	harbor2	chrX	24368610	24368733	DNA/hAT-Charlie	749	-	62	24368672	1938
chrX	24366734	24566734	harbor2	chrX	24377682	24377854	DNA/hAT-Charlie	985	-	86	24377768	11034
chrX	24366734	24566734	harbor2	chrX	24379908	24380082	DNA/hAT-Charlie	760	-	87	24379995	13261
chrX	24366734	24566734	harbor2	chrX	24380593	24380773	DNA/hAT-Charlie	917	-	90	24380683	13949
chrX	24366734	24566734	harbor2	chrX	24391786	24391965	DNA/hAT-Charlie	585	-	90	24391876	25142
chrX	24366734	24566734	harbor2	chrX	24423958	24424137	DNA/hAT-Charlie	879	-	90	24424048	57314
chrX	24366734	24566734	harbor2	chrX	24453563	24453727	DNA/hAT-Charlie	738	-	82	24453645	86911
chrX	24366734	24566734	harbor2	chrX	24454392	24454418	DNA/hAT-Charlie	738	-	13	24454405	87671
chrX	24366734	24566734	harbor2	chrX	24454553	24454694	DNA/hAT-Charlie	726	-	70	24454623	87889
chrX	48955730	49155730	harbor2	chrX	49049218	49049507	DNA/hAT-Charlie	1600	-	144	49049362	93632
chrX	72046619	72246619	harbor2	chrX	72099681	72099947	DNA/hAT-Charlie	1462	-	133	72099814	53195
chrX	72046619	72246619	harbor2	chrX	72136700	72136874	DNA/hAT-Charlie	665	-	87	72136787	90168
chrX	48955657	49155657	harbor2	chrX	49049218	49049507	DNA/hAT-Charlie	1600	-	144	49049362	93705
chrX	18255217	18455217	harbor2	chrX	18267492	18267574	DNA/hAT-Charlie	605	-	41	18267533	12316
chrX	18255217	18455217	harbor2	chrX	18267896	18268014	DNA/hAT-Charlie	605	-	59	18267955	12738
chrX	130073203	130273203	harbor2	chrX	130077107	130077295	DNA/hAT-Charlie	968	-	94	130077201	3998
chrX	130073203	130273203	harbor2	chrX	130077594	130077624	DNA/hAT-Charlie	968	-	15	130077609	4406
chrX	130073203	130273203	harbor2	chrX	130130518	130130722	DNA/hAT-Charlie	1034	-	102	130130620	57417
chrX	130073203	130273203	harbor2	chrX	130157449	130157684	DNA/hAT-Charlie	1598	-	118	130157567	84364
chrX	130073203	130273203	harbor2	chrX	130158293	130158384	DNA/hAT-Charlie	1598	-	46	130158339	85136
chrX	130073203	130273203	harbor2	chrX	130158394	130158590	DNA/hAT-Charlie	971	-	98	130158492	85289
chrX	130073203	130273203	harbor2	chrX	130158602	130158788	DNA/hAT-Charlie	1267	-	93	130158695	85492
chrX	18254719	18454719	harbor2	chrX	18267492	18267574	DNA/hAT-Charlie	605	-	41	18267533	12814
chrX	18254719	18454719	harbor2	chrX	18267896	18268014	DNA/hAT-Charlie	605	-	59	18267955	13236
chrX	71011961	71211961	harbor2	chrX	71050464	71050682	DNA/hAT-Charlie	985	-	109	71050573	38612
chrX	71011961	71211961	harbor2	chrX	71082442	71082554	DNA/hAT-Charlie	674	-	56	71082498	70537
chrX	71011961	71211961	harbor2	chrX	71082874	71082950	DNA/hAT-Charlie	674	-	38	71082912	70951
chrX	153504978	153704978	harbor2	chrX	153521756	153521890	DNA/hAT-Charlie	575	-	67	153521823	16845
chrX	153504978	153704978	harbor2	chrX	153524307	153524524	DNA/hAT-Charlie	1081	-	108	153524415	19437
