H_chr	H_start	H_end	Harbor	TE_chr	TE_start	TE_end	TE	score	TE_strand	TE_half	TE_middle_pos	TE_dis
chr1	33553586	33753586	harbor2	chr1	33649264	33649361	DNA/TcMar-Tigger	935	-	48	33649312	95726
chr1	33553586	33753586	harbor2	chr1	33649668	33649772	DNA/TcMar-Tigger	935	-	52	33649720	96134
chr1	2138357	2338357	harbor2	chr1	2151110	2151307	DNA/TcMar-Tigger	726	-	98	2151208	12851
chr1	39476409	39676409	harbor2	chr1	39551526	39551724	DNA/TcMar-Tigger	688	-	99	39551625	75216
chr1	39476409	39676409	harbor2	chr1	39552032	39552085	DNA/TcMar-Tigger	688	-	26	39552058	75649
chr1	39476409	39676409	harbor2	chr1	39552552	39552642	DNA/TcMar-Tigger	688	-	45	39552597	76188
chr1	39476409	39676409	harbor2	chr1	39552942	39553032	DNA/TcMar-Tigger	688	-	45	39552987	76578
chr1	63223447	63423447	harbor2	chr1	63301941	63302029	DNA/TcMar-Tigger	565	-	44	63301985	78538
chr1	63223447	63423447	harbor2	chr1	63302028	63302209	DNA/TcMar-Tigger	1265	-	90	63302118	78671
chr1	63223447	63423447	harbor2	chr1	63302378	63302668	DNA/TcMar-Tigger	1519	-	145	63302523	79076
chr1	8230832	8430832	harbor2	chr1	8326279	8326696	DNA/TcMar-Tigger	2763	-	208	8326487	95655
chr1	8230832	8430832	harbor2	chr1	8327002	8327224	DNA/TcMar-Tigger	2763	-	111	8327113	96281
chr1	2139155	2339155	harbor2	chr1	2151110	2151307	DNA/TcMar-Tigger	726	-	98	2151208	12053
chr1	150462182	150662182	harbor2	chr1	150478230	150478527	DNA/TcMar-Tigger	1340	-	148	150478378	16196
chr1	21991636	22191636	harbor2	chr1	22075361	22075456	DNA/TcMar-Tigger	463	-	48	22075409	83773
chr1	1678940	1878940	harbor2	chr1	1684229	1684434	DNA/TcMar-Tigger	478	-	102	1684331	5391
chr1	1678940	1878940	harbor2	chr1	1722126	1722241	DNA/TcMar-Tigger	519	-	58	1722184	43244
chr1	51231071	51431071	harbor2	chr1	51258181	51258300	DNA/TcMar-Tigger	628	-	60	51258241	27170
chr1	51231071	51431071	harbor2	chr1	51278960	51279376	DNA/TcMar-Tigger	1834	-	208	51279168	48097
chr1	51231071	51431071	harbor2	chr1	51279371	51279418	DNA/TcMar-Tigger	1132	-	24	51279395	48324
chr1	51231071	51431071	harbor2	chr1	51279711	51279823	DNA/TcMar-Tigger	1132	-	56	51279767	48696
chr1	51231071	51431071	harbor2	chr1	51280122	51280213	DNA/TcMar-Tigger	1132	-	46	51280168	49097
chr1	196878094	197078094	harbor2	chr1	196945811	196947111	DNA/TcMar-Tigger	5519	-	650	196946461	68367
chr1	196878094	197078094	harbor2	chr1	196948128	196948263	DNA/TcMar-Tigger	1147	-	68	196948196	70102
chr1	196878094	197078094	harbor2	chr1	196948576	196948755	DNA/TcMar-Tigger	1147	-	90	196948666	70572
chr1	2150598	2350598	harbor2	chr1	2151110	2151307	DNA/TcMar-Tigger	726	-	98	2151208	610
chr1	89907751	90107751	harbor2	chr1	89929615	89929804	DNA/TcMar-Tigger	1585	-	94	89929709	21958
chr1	89907751	90107751	harbor2	chr1	89930150	89930211	DNA/TcMar-Tigger	1585	-	30	89930180	22429
chr1	89907751	90107751	harbor2	chr1	89930482	89930556	DNA/TcMar-Tigger	1585	-	37	89930519	22768
chr1	230009530	230209530	harbor2	chr1	230014308	230014487	DNA/TcMar-Tigger	940	-	90	230014398	4868
chr1	230009530	230209530	harbor2	chr1	230016098	230016547	DNA/TcMar-Tigger	2264	-	224	230016322	6792
chr1	230009530	230209530	harbor2	chr1	230052944	230053344	DNA/TcMar-Tigger	2341	-	200	230053144	43614
chr1	230009530	230209530	harbor2	chr1	230108363	230108441	DNA/TcMar-Tigger	449	-	39	230108402	98872
chr1	230009530	230209530	harbor2	chr1	230108549	230108978	DNA/TcMar-Tigger	2272	-	214	230108763	99233
chr1	227442365	227642365	harbor2	chr1	227458259	227458437	DNA/TcMar-Tigger	608	-	89	227458348	15983
chr1	227442365	227642365	harbor2	chr1	227516446	227516780	DNA/TcMar-Tigger	1514	-	167	227516613	74248
chr1	77659514	77859514	harbor2	chr1	77671814	77671915	DNA/TcMar-Tigger	510	-	50	77671864	12350
chr1	77659514	77859514	harbor2	chr1	77671914	77672112	DNA/TcMar-Tigger	998	-	99	77672013	12499
chr1	3679565	3879565	harbor2	chr1	3749613	3749879	DNA/TcMar-Tigger	1485	-	133	3749746	70181
chr1	3679565	3879565	harbor2	chr1	3750183	3750276	DNA/TcMar-Tigger	1485	-	46	3750229	70664
chr1	26401378	26601378	harbor2	chr1	26461859	26462055	DNA/TcMar-Tigger	855	-	98	26461957	60579
chr1	26401378	26601378	harbor2	chr1	26462321	26462755	DNA/TcMar-Tigger	855	-	217	26462538	61160
chr1	244605778	244805778	harbor2	chr1	244615382	244615694	DNA/TcMar-Tigger	1491	-	156	244615538	9760
chr1	244605778	244805778	harbor2	chr1	244620048	244620456	DNA/TcMar-Tigger	1122	-	204	244620252	14474
chr1	244605778	244805778	harbor2	chr1	244623644	244623966	DNA/TcMar-Tigger	6950	-	161	244623805	18027
chr1	244605778	244805778	harbor2	chr1	244624271	244624519	DNA/TcMar-Tigger	6950	-	124	244624395	18617
chr1	244605778	244805778	harbor2	chr1	244624820	244625346	DNA/TcMar-Tigger	6950	-	263	244625083	19305
chr1	244605778	244805778	harbor2	chr1	244625890	244626204	DNA/TcMar-Tigger	7997	-	157	244626047	20269
chr1	244605778	244805778	harbor2	chr1	244626509	244627321	DNA/TcMar-Tigger	7997	-	406	244626915	21137
chr1	244605778	244805778	harbor2	chr1	244627586	244627752	DNA/TcMar-Tigger	7997	-	83	244627669	21891
chr1	2139195	2339195	harbor2	chr1	2151110	2151307	DNA/TcMar-Tigger	726	-	98	2151208	12013
chr1	227442270	227642270	harbor2	chr1	227458259	227458437	DNA/TcMar-Tigger	608	-	89	227458348	16078
chr1	227442270	227642270	harbor2	chr1	227516446	227516780	DNA/TcMar-Tigger	1514	-	167	227516613	74343
chr1	245603502	245803502	harbor2	chr1	245616451	245616783	DNA/TcMar-Tigger	2162	-	166	245616617	13115
chr1	245603502	245803502	harbor2	chr1	245620080	245620406	DNA/TcMar-Tigger	1178	-	163	245620243	16741
chr1	245603502	245803502	harbor2	chr1	245620702	245621018	DNA/TcMar-Tigger	1178	-	158	245620860	17358
chr1	2138383	2338383	harbor2	chr1	2151110	2151307	DNA/TcMar-Tigger	726	-	98	2151208	12825
chr1	225783160	225983160	harbor2	chr1	225864461	225864828	DNA/TcMar-Tigger	517	-	184	225864645	81485
chr1	53944027	54144027	harbor2	chr1	53969367	53969458	DNA/TcMar-Tigger	6689	-	46	53969413	25386
chr1	53944027	54144027	harbor2	chr1	53969748	53969981	DNA/TcMar-Tigger	6689	-	116	53969864	25837
chr1	53944027	54144027	harbor2	chr1	53987990	53988208	DNA/TcMar-Tigger	571	-	109	53988099	44072
chr1	53944027	54144027	harbor2	chr1	53968253	53969048	DNA/TcMar-Tigger	6689	-	398	53968651	24624
chr1	211034336	211234336	harbor2	chr1	211066304	211066596	DNA/TcMar-Tigger	1373	-	146	211066450	32114
chr1	211034336	211234336	harbor2	chr1	211069719	211069898	DNA/TcMar-Tigger	826	-	90	211069809	35473
chr1	211034336	211234336	harbor2	chr1	211070885	211071858	DNA/TcMar-Tigger	5023	-	486	211071371	37035
chr1	211034336	211234336	harbor2	chr1	211101822	211102225	DNA/TcMar-Tigger	473	-	202	211102024	67688
chr1	46124232	46324232	harbor2	chr1	46176873	46177052	DNA/TcMar-Tigger	3515	-	90	46176963	52731
chr1	46124232	46324232	harbor2	chr1	46177395	46177853	DNA/TcMar-Tigger	3515	-	229	46177624	53392
chr1	65260750	65460750	harbor2	chr1	65277168	65277520	DNA/TcMar-Tigger	922	-	176	65277344	16594
chr1	65260750	65460750	harbor2	chr1	65325691	65326074	DNA/TcMar-Tigger	1590	-	192	65325883	65133
chr1	160440370	160640370	harbor2	chr1	160444728	160445061	DNA/TcMar-Tigger	1877	-	166	160444894	4524
chr1	168036739	168236739	harbor2	chr1	168076014	168076417	DNA/TcMar-Tigger	2337	-	202	168076216	39477
chr1	53939662	54139662	harbor2	chr1	53969367	53969458	DNA/TcMar-Tigger	6689	-	46	53969413	29751
chr1	53939662	54139662	harbor2	chr1	53969748	53969981	DNA/TcMar-Tigger	6689	-	116	53969864	30202
chr1	53939662	54139662	harbor2	chr1	53987990	53988208	DNA/TcMar-Tigger	571	-	109	53988099	48437
chr1	53939662	54139662	harbor2	chr1	53968253	53969048	DNA/TcMar-Tigger	6689	-	398	53968651	28989
chr1	2139152	2339152	harbor2	chr1	2151110	2151307	DNA/TcMar-Tigger	726	-	98	2151208	12056
chr1	2138821	2338821	harbor2	chr1	2151110	2151307	DNA/TcMar-Tigger	726	-	98	2151208	12387
chr1	226011849	226211849	harbor2	chr1	226055657	226056686	DNA/TcMar-Tigger	6775	-	514	226056171	44322
chr1	226011849	226211849	harbor2	chr1	226056983	226056995	DNA/TcMar-Tigger	6672	-	6	226056989	45140
chr1	226011849	226211849	harbor2	chr1	226057292	226057421	DNA/TcMar-Tigger	6672	-	64	226057356	45507
chr1	226011849	226211849	harbor2	chr1	226077000	226077142	DNA/TcMar-Tigger	1767	-	71	226077071	65222
chr1	226011849	226211849	harbor2	chr1	226077744	226077803	DNA/TcMar-Tigger	1767	-	30	226077774	65925
chr1	226011849	226211849	harbor2	chr1	226078120	226078283	DNA/TcMar-Tigger	1767	-	82	226078202	66353
chr1	205330793	205530793	harbor2	chr1	205425186	205425512	DNA/TcMar-Tigger	823	-	163	205425349	94556
chr1	2989858	3189858	harbor2	chr1	3043210	3043353	DNA/TcMar-Tigger	6653	-	72	3043282	53424
chr1	2989858	3189858	harbor2	chr1	3043664	3043984	DNA/TcMar-Tigger	6653	-	160	3043824	53966
chr1	2989858	3189858	harbor2	chr1	3044281	3044753	DNA/TcMar-Tigger	6653	-	236	3044517	54659
chr1	2989858	3189858	harbor2	chr1	3045125	3045654	DNA/TcMar-Tigger	6653	-	264	3045389	55531
chr1	33270603	33470603	harbor2	chr1	33317725	33317960	DNA/TcMar-Tigger	1446	-	118	33317843	47240
chr1	33270603	33470603	harbor2	chr1	33339751	33339964	DNA/TcMar-Tigger	1434	-	106	33339857	69254
chr1	211033758	211233758	harbor2	chr1	211066304	211066596	DNA/TcMar-Tigger	1373	-	146	211066450	32692
chr1	211033758	211233758	harbor2	chr1	211069719	211069898	DNA/TcMar-Tigger	826	-	90	211069809	36051
chr1	211033758	211233758	harbor2	chr1	211070885	211071858	DNA/TcMar-Tigger	5023	-	486	211071371	37613
chr1	211033758	211233758	harbor2	chr1	211101822	211102225	DNA/TcMar-Tigger	473	-	202	211102024	68266
chr1	227442279	227642279	harbor2	chr1	227458259	227458437	DNA/TcMar-Tigger	608	-	89	227458348	16069
chr1	227442279	227642279	harbor2	chr1	227516446	227516780	DNA/TcMar-Tigger	1514	-	167	227516613	74334
chr1	3696450	3896450	harbor2	chr1	3749613	3749879	DNA/TcMar-Tigger	1485	-	133	3749746	53296
chr1	3696450	3896450	harbor2	chr1	3750183	3750276	DNA/TcMar-Tigger	1485	-	46	3750229	53779
chr1	3696450	3896450	harbor2	chr1	3780139	3780433	DNA/TcMar-Tigger	1178	-	147	3780286	83836
chr1	2141241	2341241	harbor2	chr1	2151110	2151307	DNA/TcMar-Tigger	726	-	98	2151208	9967
chr1	2274062	2474062	harbor2	chr1	2361708	2361953	DNA/TcMar-Tigger	2402	-	122	2361830	87768
chr1	2274062	2474062	harbor2	chr1	2362247	2362438	DNA/TcMar-Tigger	2402	-	96	2362343	88281
chr1	202857893	203057893	harbor2	chr1	202905572	202905813	DNA/TcMar-Tigger	1224	-	120	202905692	47799
chr1	202857893	203057893	harbor2	chr1	202940645	202940853	DNA/TcMar-Tigger	553	-	104	202940749	82856
chr1	12673928	12873928	harbor2	chr1	12722849	12722995	DNA/TcMar-Tigger	553	-	73	12722922	48994
chr1	12673928	12873928	harbor2	chr1	12723171	12723482	DNA/TcMar-Tigger	3997	-	156	12723327	49399
chr1	12673928	12873928	harbor2	chr1	12723778	12723788	DNA/TcMar-Tigger	3997	-	5	12723783	49855
chr1	12673928	12873928	harbor2	chr1	12724082	12724486	DNA/TcMar-Tigger	3997	-	202	12724284	50356
chr1	12673928	12873928	harbor2	chr1	12728286	12730557	DNA/TcMar-Tigger	13125	-	1136	12729422	55494
chr1	204585865	204785865	harbor2	chr1	204591644	204591790	DNA/TcMar-Tigger	482	-	73	204591717	5852
chr1	204585865	204785865	harbor2	chr1	204606806	204607289	DNA/TcMar-Tigger	1300	-	242	204607048	21183
chr1	17636788	17836788	harbor2	chr1	17694146	17694270	DNA/TcMar-Tigger	523	-	62	17694208	57420
chr1	1675958	1875958	harbor2	chr1	1684229	1684434	DNA/TcMar-Tigger	478	-	102	1684331	8373
chr1	1675958	1875958	harbor2	chr1	1722126	1722241	DNA/TcMar-Tigger	519	-	58	1722184	46226
chr1	216443727	216643727	harbor2	chr1	216451688	216452007	DNA/TcMar-Tigger	972	-	160	216451848	8121
chr1	216443727	216643727	harbor2	chr1	216470357	216470783	DNA/TcMar-Tigger	2257	-	213	216470570	26843
chr1	205649090	205849090	harbor2	chr1	205743658	205743831	DNA/TcMar-Tigger	596	-	86	205743744	94654
chr1	211033756	211233756	harbor2	chr1	211066304	211066596	DNA/TcMar-Tigger	1373	-	146	211066450	32694
chr1	211033756	211233756	harbor2	chr1	211069719	211069898	DNA/TcMar-Tigger	826	-	90	211069809	36053
chr1	211033756	211233756	harbor2	chr1	211070885	211071858	DNA/TcMar-Tigger	5023	-	486	211071371	37615
chr1	211033756	211233756	harbor2	chr1	211101822	211102225	DNA/TcMar-Tigger	473	-	202	211102024	68268
chr1	2138892	2338892	harbor2	chr1	2151110	2151307	DNA/TcMar-Tigger	726	-	98	2151208	12316
chr1	18514441	18714441	harbor2	chr1	18517208	18518398	DNA/TcMar-Tigger	6734	-	595	18517803	3362
chr1	18514441	18714441	harbor2	chr1	18533427	18533724	DNA/TcMar-Tigger	792	-	148	18533575	19134
chr1	1605807	1805807	harbor2	chr1	1656103	1656204	DNA/TcMar-Tigger	493	-	50	1656153	50346
chr1	1605807	1805807	harbor2	chr1	1656765	1656888	DNA/TcMar-Tigger	642	-	62	1656827	51020
chr1	1605807	1805807	harbor2	chr1	1684229	1684434	DNA/TcMar-Tigger	478	-	102	1684331	78524
chr1	229333991	229533991	harbor2	chr1	229399564	229399620	DNA/TcMar-Tigger	1306	-	28	229399592	65601
chr1	229333991	229533991	harbor2	chr1	229399783	229399964	DNA/TcMar-Tigger	1306	-	90	229399873	65882
chr1	229333991	229533991	harbor2	chr1	229399957	229400139	DNA/TcMar-Tigger	1585	-	91	229400048	66057
chr1	229333991	229533991	harbor2	chr1	229400436	229400537	DNA/TcMar-Tigger	1585	-	50	229400486	66495
chr1	145758969	145958969	harbor2	chr1	145775217	145775396	DNA/TcMar-Tigger	1131	-	90	145775307	16338
chr1	145758969	145958969	harbor2	chr1	145775690	145775712	DNA/TcMar-Tigger	1131	-	11	145775701	16732
chr1	145758969	145958969	harbor2	chr1	145776027	145776090	DNA/TcMar-Tigger	1131	-	32	145776059	17090
chr1	145758969	145958969	harbor2	chr1	145834650	145834810	DNA/TcMar-Tigger	2840	-	80	145834730	75761
chr1	145758969	145958969	harbor2	chr1	145833956	145834384	DNA/TcMar-Tigger	2840	-	214	145834170	75201
chr1	211034401	211234401	harbor2	chr1	211066304	211066596	DNA/TcMar-Tigger	1373	-	146	211066450	32049
chr1	211034401	211234401	harbor2	chr1	211069719	211069898	DNA/TcMar-Tigger	826	-	90	211069809	35408
chr1	211034401	211234401	harbor2	chr1	211070885	211071858	DNA/TcMar-Tigger	5023	-	486	211071371	36970
chr1	211034401	211234401	harbor2	chr1	211101822	211102225	DNA/TcMar-Tigger	473	-	202	211102024	67623
chr1	185217222	185417222	harbor2	chr1	185244238	185244798	DNA/TcMar-Tigger	6024	-	280	185244518	27296
chr1	185217222	185417222	harbor2	chr1	185245088	185245775	DNA/TcMar-Tigger	6024	-	344	185245432	28210
chr1	185217222	185417222	harbor2	chr1	185246068	185246146	DNA/TcMar-Tigger	6024	-	39	185246107	28885
chr1	185217222	185417222	harbor2	chr1	185278651	185278813	DNA/TcMar-Tigger	669	-	81	185278732	61510
chr1	2140353	2340353	harbor2	chr1	2151110	2151307	DNA/TcMar-Tigger	726	-	98	2151208	10855
chr1	92386040	92586040	harbor2	chr1	92439769	92439850	DNA/TcMar-Tigger	1846	-	40	92439809	53769
chr1	92386040	92586040	harbor2	chr1	92439876	92439983	DNA/TcMar-Tigger	1846	-	54	92439930	53890
chr1	92386040	92586040	harbor2	chr1	92440277	92440399	DNA/TcMar-Tigger	1846	-	61	92440338	54298
chr1	92386040	92586040	harbor2	chr1	92440398	92440562	DNA/TcMar-Tigger	1116	-	82	92440480	54440
chr1	6351783	6551783	harbor2	chr1	6365295	6365490	DNA/TcMar-Tigger	2387	-	98	6365393	13610
chr1	6351783	6551783	harbor2	chr1	6365784	6365898	DNA/TcMar-Tigger	2387	-	57	6365841	14058
chr1	6351783	6551783	harbor2	chr1	6366172	6366300	DNA/TcMar-Tigger	2387	-	64	6366236	14453
chr1	6351783	6551783	harbor2	chr1	6366608	6366659	DNA/TcMar-Tigger	2387	-	26	6366634	14851
chr1	6351783	6551783	harbor2	chr1	6366887	6366916	DNA/TcMar-Tigger	2387	-	14	6366901	15118
chr1	6351783	6551783	harbor2	chr1	6367215	6367282	DNA/TcMar-Tigger	2387	-	34	6367249	15466
chr1	6351783	6551783	harbor2	chr1	6369282	6369394	DNA/TcMar-Tigger	486	-	56	6369338	17555
chr1	6351783	6551783	harbor2	chr1	6369861	6369958	DNA/TcMar-Tigger	8394	-	48	6369909	18126
chr1	6351783	6551783	harbor2	chr1	6370367	6370457	DNA/TcMar-Tigger	8394	-	45	6370412	18629
chr1	6351783	6551783	harbor2	chr1	6370793	6370803	DNA/TcMar-Tigger	8394	-	5	6370798	19015
chr1	6351783	6551783	harbor2	chr1	6371109	6371362	DNA/TcMar-Tigger	8394	-	126	6371235	19452
chr1	6351783	6551783	harbor2	chr1	6371662	6371762	DNA/TcMar-Tigger	8394	-	50	6371712	19929
chr1	6351783	6551783	harbor2	chr1	6372066	6372547	DNA/TcMar-Tigger	8394	-	240	6372306	20523
chr1	6351783	6551783	harbor2	chr1	6372850	6373256	DNA/TcMar-Tigger	8394	-	203	6373053	21270
chr1	6351783	6551783	harbor2	chr1	6373551	6373582	DNA/TcMar-Tigger	8394	-	16	6373567	21784
chr1	6351783	6551783	harbor2	chr1	6373883	6373921	DNA/TcMar-Tigger	8394	-	19	6373902	22119
chr1	727513	927513	harbor2	chr1	758556	758663	DNA/TcMar-Tigger	518	-	54	758610	31097
chr1	727513	927513	harbor2	chr1	796539	796837	DNA/TcMar-Tigger	1356	-	149	796688	69175
chr1	47352962	47552962	harbor2	chr1	47363235	47363312	DNA/TcMar-Tigger	489	-	38	47363273	10311
chr1	116384166	116584166	harbor2	chr1	116479677	116480374	DNA/TcMar-Tigger	4251	-	348	116480025	95859
chr1	92387184	92587184	harbor2	chr1	92439769	92439850	DNA/TcMar-Tigger	1846	-	40	92439809	52625
chr1	92387184	92587184	harbor2	chr1	92439876	92439983	DNA/TcMar-Tigger	1846	-	54	92439930	52746
chr1	92387184	92587184	harbor2	chr1	92440277	92440399	DNA/TcMar-Tigger	1846	-	61	92440338	53154
chr1	92387184	92587184	harbor2	chr1	92440398	92440562	DNA/TcMar-Tigger	1116	-	82	92440480	53296
chr1	160901756	161101756	harbor2	chr1	160902718	160902862	DNA/TcMar-Tigger	1664	-	72	160902790	1034
chr1	160901756	161101756	harbor2	chr1	160903170	160903353	DNA/TcMar-Tigger	1664	-	92	160903262	1506
chr1	160901756	161101756	harbor2	chr1	160969809	160969878	DNA/TcMar-Tigger	460	-	34	160969843	68087
chr1	211033759	211233759	harbor2	chr1	211066304	211066596	DNA/TcMar-Tigger	1373	-	146	211066450	32691
chr1	211033759	211233759	harbor2	chr1	211069719	211069898	DNA/TcMar-Tigger	826	-	90	211069809	36050
chr1	211033759	211233759	harbor2	chr1	211070885	211071858	DNA/TcMar-Tigger	5023	-	486	211071371	37612
chr1	211033759	211233759	harbor2	chr1	211101822	211102225	DNA/TcMar-Tigger	473	-	202	211102024	68265
chr1	211034198	211234198	harbor2	chr1	211066304	211066596	DNA/TcMar-Tigger	1373	-	146	211066450	32252
chr1	211034198	211234198	harbor2	chr1	211069719	211069898	DNA/TcMar-Tigger	826	-	90	211069809	35611
chr1	211034198	211234198	harbor2	chr1	211070885	211071858	DNA/TcMar-Tigger	5023	-	486	211071371	37173
chr1	211034198	211234198	harbor2	chr1	211101822	211102225	DNA/TcMar-Tigger	473	-	202	211102024	67826
chr1	1686851	1886851	harbor2	chr1	1722126	1722241	DNA/TcMar-Tigger	519	-	58	1722184	35333
chr1	20561543	20761543	harbor2	chr1	20643830	20644140	DNA/TcMar-Tigger	1651	-	155	20643985	82442
chr1	211947399	212147399	harbor2	chr1	212037468	212038305	DNA/TcMar-Tigger	4705	-	418	212037886	90487
chr1	211947399	212147399	harbor2	chr1	212039566	212040232	DNA/TcMar-Tigger	3359	-	333	212039899	92500
chr1	211947399	212147399	harbor2	chr1	212040230	212040325	DNA/TcMar-Tigger	523	-	48	212040278	92879
chr1	211947399	212147399	harbor2	chr1	212040343	212040980	DNA/TcMar-Tigger	2491	-	318	212040661	93262
chr1	7558962	7758962	harbor2	chr1	7584944	7585214	DNA/TcMar-Tigger	1311	-	135	7585079	26117
chr1	152207691	152407691	harbor2	chr1	152211087	152211844	DNA/TcMar-Tigger	4041	-	378	152211465	3774
chr1	152207691	152407691	harbor2	chr1	152294404	152294628	DNA/TcMar-Tigger	1510	-	112	152294516	86825
chr1	209557754	209757754	harbor2	chr1	209586211	209586559	DNA/TcMar-Tigger	1406	-	174	209586385	28631
chr1	44408152	44608152	harbor2	chr1	44458573	44458956	DNA/TcMar-Tigger	1388	-	192	44458765	50613
chr1	44408152	44608152	harbor2	chr1	44467510	44468238	DNA/TcMar-Tigger	15647	-	364	44467874	59722
chr1	44408152	44608152	harbor2	chr1	44465629	44467205	DNA/TcMar-Tigger	15647	-	788	44466417	58265
chr1	110575275	110775275	harbor2	chr1	110612194	110612407	DNA/TcMar-Tigger	1467	-	106	110612300	37025
chr1	110682470	110882470	harbor2	chr1	110684206	110684933	DNA/TcMar-Tigger	4542	-	364	110684570	2100
chr1	44170897	44370897	harbor2	chr1	44230942	44231279	DNA/TcMar-Tigger	1930	-	168	44231110	60213
chr1	727387	927387	harbor2	chr1	758556	758663	DNA/TcMar-Tigger	518	-	54	758610	31223
chr1	727387	927387	harbor2	chr1	796539	796837	DNA/TcMar-Tigger	1356	-	149	796688	69301
chr1	155510028	155710028	harbor2	chr1	155525819	155526101	DNA/TcMar-Tigger	1286	-	141	155525960	15932
chr1	155510028	155710028	harbor2	chr1	155569782	155569947	DNA/TcMar-Tigger	612	-	82	155569864	59836
chr1	53313469	53513469	harbor2	chr1	53333409	53333745	DNA/TcMar-Tigger	2173	-	168	53333577	20108
chr1	109523805	109723805	harbor2	chr1	109580480	109580860	DNA/TcMar-Tigger	1806	-	190	109580670	56865
chr1	109523805	109723805	harbor2	chr1	109596924	109597161	DNA/TcMar-Tigger	1184	-	118	109597042	73237
chr1	1680586	1880586	harbor2	chr1	1684229	1684434	DNA/TcMar-Tigger	478	-	102	1684331	3745
chr1	1680586	1880586	harbor2	chr1	1722126	1722241	DNA/TcMar-Tigger	519	-	58	1722184	41598
chr1	33670823	33870823	harbor2	chr1	33722251	33722333	DNA/TcMar-Tigger	499	-	41	33722292	51469
chr1	2148711	2348711	harbor2	chr1	2151110	2151307	DNA/TcMar-Tigger	726	-	98	2151208	2497
chr1	19615803	19815803	harbor2	chr1	19711248	19711489	DNA/TcMar-Tigger	2963	-	120	19711368	95565
chr1	19615803	19815803	harbor2	chr1	19712096	19712338	DNA/TcMar-Tigger	2963	-	121	19712217	96414
chr1	19615803	19815803	harbor2	chr1	19712647	19712716	DNA/TcMar-Tigger	2963	-	34	19712681	96878
chr1	211034098	211234098	harbor2	chr1	211066304	211066596	DNA/TcMar-Tigger	1373	-	146	211066450	32352
chr1	211034098	211234098	harbor2	chr1	211069719	211069898	DNA/TcMar-Tigger	826	-	90	211069809	35711
chr1	211034098	211234098	harbor2	chr1	211070885	211071858	DNA/TcMar-Tigger	5023	-	486	211071371	37273
chr1	211034098	211234098	harbor2	chr1	211101822	211102225	DNA/TcMar-Tigger	473	-	202	211102024	67926
chr1	207903426	208103426	harbor2	chr1	207929513	207931909	DNA/TcMar-Tigger	15962	-	1198	207930711	27285
chr1	207903426	208103426	harbor2	chr1	207940934	207941596	DNA/TcMar-Tigger	1001	-	331	207941265	37839
chr1	207903426	208103426	harbor2	chr1	207992937	207993356	DNA/TcMar-Tigger	1604	-	210	207993147	89721
chr1	211034399	211234399	harbor2	chr1	211066304	211066596	DNA/TcMar-Tigger	1373	-	146	211066450	32051
chr1	211034399	211234399	harbor2	chr1	211069719	211069898	DNA/TcMar-Tigger	826	-	90	211069809	35410
chr1	211034399	211234399	harbor2	chr1	211070885	211071858	DNA/TcMar-Tigger	5023	-	486	211071371	36972
chr1	211034399	211234399	harbor2	chr1	211101822	211102225	DNA/TcMar-Tigger	473	-	202	211102024	67625
chr1	214586377	214786377	harbor2	chr1	214654131	214654287	DNA/TcMar-Tigger	477	-	78	214654209	67832
chr1	214586377	214786377	harbor2	chr1	214668966	214669181	DNA/TcMar-Tigger	465	-	108	214669074	82697
chr1	40217340	40417340	harbor2	chr1	40276651	40277029	DNA/TcMar-Tigger	1723	-	189	40276840	59500
chr1	40217340	40417340	harbor2	chr1	40292142	40292234	DNA/TcMar-Tigger	482	-	46	40292188	74848
chr1	32102226	32302226	harbor2	chr1	32112317	32112484	DNA/TcMar-Tigger	5126	-	84	32112401	10175
chr1	32102226	32302226	harbor2	chr1	32112795	32113109	DNA/TcMar-Tigger	5126	-	157	32112952	10726
chr1	32102226	32302226	harbor2	chr1	32113398	32113454	DNA/TcMar-Tigger	5126	-	28	32113426	11200
chr1	32102226	32302226	harbor2	chr1	32113739	32114158	DNA/TcMar-Tigger	5126	-	210	32113949	11723
chr1	32102226	32302226	harbor2	chr1	32114453	32114852	DNA/TcMar-Tigger	5126	-	200	32114653	12427
chr1	32102226	32302226	harbor2	chr1	32115725	32115754	DNA/TcMar-Tigger	5126	-	14	32115739	13513
chr1	32102226	32302226	harbor2	chr1	32116043	32116173	DNA/TcMar-Tigger	5126	-	65	32116108	13882
chr1	32102226	32302226	harbor2	chr1	32116300	32116376	DNA/TcMar-Tigger	5126	-	38	32116338	14112
chr1	32102226	32302226	harbor2	chr1	32116663	32117164	DNA/TcMar-Tigger	5126	-	250	32116913	14687
chr1	32102226	32302226	harbor2	chr1	32125722	32126025	DNA/TcMar-Tigger	897	-	152	32125874	23648
chr1	32102226	32302226	harbor2	chr1	32126186	32126232	DNA/TcMar-Tigger	897	-	23	32126209	23983
chr1	32102226	32302226	harbor2	chr1	32143956	32144451	DNA/TcMar-Tigger	2688	-	248	32144204	41978
chr1	32102226	32302226	harbor2	chr1	32156227	32156722	DNA/TcMar-Tigger	2317	-	248	32156475	54249
chr1	32102226	32302226	harbor2	chr1	32178228	32178341	DNA/TcMar-Tigger	589	-	56	32178284	76058
chr1	32102226	32302226	harbor2	chr1	32190449	32190734	DNA/TcMar-Tigger	686	-	142	32190591	88365
chr1	161077890	161277890	harbor2	chr1	161094100	161094188	DNA/TcMar-Tigger	504	-	44	161094144	16254
chr1	161077890	161277890	harbor2	chr1	161094191	161094289	DNA/TcMar-Tigger	489	-	49	161094240	16350
chr1	161077890	161277890	harbor2	chr1	161094600	161094633	DNA/TcMar-Tigger	489	-	16	161094616	16726
chr1	211033781	211233781	harbor2	chr1	211066304	211066596	DNA/TcMar-Tigger	1373	-	146	211066450	32669
chr1	211033781	211233781	harbor2	chr1	211069719	211069898	DNA/TcMar-Tigger	826	-	90	211069809	36028
chr1	211033781	211233781	harbor2	chr1	211070885	211071858	DNA/TcMar-Tigger	5023	-	486	211071371	37590
chr1	211033781	211233781	harbor2	chr1	211101822	211102225	DNA/TcMar-Tigger	473	-	202	211102024	68243
chr1	244609722	244809722	harbor2	chr1	244615382	244615694	DNA/TcMar-Tigger	1491	-	156	244615538	5816
chr1	244609722	244809722	harbor2	chr1	244620048	244620456	DNA/TcMar-Tigger	1122	-	204	244620252	10530
chr1	244609722	244809722	harbor2	chr1	244623644	244623966	DNA/TcMar-Tigger	6950	-	161	244623805	14083
chr1	244609722	244809722	harbor2	chr1	244624271	244624519	DNA/TcMar-Tigger	6950	-	124	244624395	14673
chr1	244609722	244809722	harbor2	chr1	244624820	244625346	DNA/TcMar-Tigger	6950	-	263	244625083	15361
chr1	244609722	244809722	harbor2	chr1	244625890	244626204	DNA/TcMar-Tigger	7997	-	157	244626047	16325
chr1	244609722	244809722	harbor2	chr1	244626509	244627321	DNA/TcMar-Tigger	7997	-	406	244626915	17193
chr1	244609722	244809722	harbor2	chr1	244627586	244627752	DNA/TcMar-Tigger	7997	-	83	244627669	17947
chr1	225365084	225565084	harbor2	chr1	225393268	225393616	DNA/TcMar-Tigger	1463	-	174	225393442	28358
chr1	3219232	3419232	harbor2	chr1	3296792	3297087	DNA/TcMar-Tigger	1541	-	148	3296940	77708
chr1	3219232	3419232	harbor2	chr1	3302018	3302215	DNA/TcMar-Tigger	830	-	98	3302116	82884
chr1	3219232	3419232	harbor2	chr1	3302216	3302394	DNA/TcMar-Tigger	634	-	89	3302305	83073
chr1	3219232	3419232	harbor2	chr1	3302393	3302571	DNA/TcMar-Tigger	526	-	89	3302482	83250
chr1	3219232	3419232	harbor2	chr1	3302585	3302990	DNA/TcMar-Tigger	1438	-	202	3302787	83555
chr1	206353548	206553548	harbor2	chr1	206432693	206433081	DNA/TcMar-Tigger	2248	-	194	206432887	79339
chr1	206353548	206553548	harbor2	chr1	206421837	206422176	DNA/TcMar-Tigger	627	-	170	206422007	68459
chr1	2273775	2473775	harbor2	chr1	2361708	2361953	DNA/TcMar-Tigger	2402	-	122	2361830	88055
chr1	2273775	2473775	harbor2	chr1	2362247	2362438	DNA/TcMar-Tigger	2402	-	96	2362343	88568
chr1	1685086	1885086	harbor2	chr1	1722126	1722241	DNA/TcMar-Tigger	519	-	58	1722184	37098
chr1	211034391	211234391	harbor2	chr1	211066304	211066596	DNA/TcMar-Tigger	1373	-	146	211066450	32059
chr1	211034391	211234391	harbor2	chr1	211069719	211069898	DNA/TcMar-Tigger	826	-	90	211069809	35418
chr1	211034391	211234391	harbor2	chr1	211070885	211071858	DNA/TcMar-Tigger	5023	-	486	211071371	36980
chr1	211034391	211234391	harbor2	chr1	211101822	211102225	DNA/TcMar-Tigger	473	-	202	211102024	67633
chr1	2138421	2338421	harbor2	chr1	2151110	2151307	DNA/TcMar-Tigger	726	-	98	2151208	12787
chr1	207707062	207907062	harbor2	chr1	207791176	207791702	DNA/TcMar-Tigger	3014	-	263	207791439	84377
chr1	230941728	231141728	harbor2	chr1	230986526	230986668	DNA/TcMar-Tigger	3288	-	71	230986597	44869
chr1	230941728	231141728	harbor2	chr1	230986707	230986720	DNA/TcMar-Tigger	3288	-	6	230986713	44985
chr1	230941728	231141728	harbor2	chr1	230986837	230987378	DNA/TcMar-Tigger	3288	-	270	230987107	45379
chr1	245610561	245810561	harbor2	chr1	245616451	245616783	DNA/TcMar-Tigger	2162	-	166	245616617	6056
chr1	245610561	245810561	harbor2	chr1	245620080	245620406	DNA/TcMar-Tigger	1178	-	163	245620243	9682
chr1	245610561	245810561	harbor2	chr1	245620702	245621018	DNA/TcMar-Tigger	1178	-	158	245620860	10299
chr1	53312834	53512834	harbor2	chr1	53333409	53333745	DNA/TcMar-Tigger	2173	-	168	53333577	20743
chr1	2139630	2339630	harbor2	chr1	2151110	2151307	DNA/TcMar-Tigger	726	-	98	2151208	11578
chr1	206973128	207173128	harbor2	chr1	206998981	206999316	DNA/TcMar-Tigger	2124	-	168	206999149	26021
chr1	230940319	231140319	harbor2	chr1	230986526	230986668	DNA/TcMar-Tigger	3288	-	71	230986597	46278
chr1	230940319	231140319	harbor2	chr1	230986707	230986720	DNA/TcMar-Tigger	3288	-	6	230986713	46394
chr1	230940319	231140319	harbor2	chr1	230986837	230987378	DNA/TcMar-Tigger	3288	-	270	230987107	46788
chr1	117032433	117232433	harbor2	chr1	117070225	117070531	DNA/TcMar-Tigger	1577	-	153	117070378	37945
chr1	230539629	230739629	harbor2	chr1	230557548	230557852	DNA/TcMar-Tigger	1281	-	152	230557700	18071
chr1	230539629	230739629	harbor2	chr1	230568767	230568857	DNA/TcMar-Tigger	571	-	45	230568812	29183
chr1	230539629	230739629	harbor2	chr1	230569229	230569566	DNA/TcMar-Tigger	2029	-	168	230569397	29768
chr2	46198427	46398427	harbor2	chr2	46223307	46223429	DNA/TcMar-Tigger	456	-	61	46223368	24941
chr2	46198427	46398427	harbor2	chr2	46258247	46258627	DNA/TcMar-Tigger	2011	-	190	46258437	60010
chr2	1788562	1988562	harbor2	chr2	1807680	1807826	DNA/TcMar-Tigger	1288	-	73	1807753	19191
chr2	1788562	1988562	harbor2	chr2	1808194	1808378	DNA/TcMar-Tigger	1288	-	92	1808286	19724
chr2	1788562	1988562	harbor2	chr2	1835128	1835488	DNA/TcMar-Tigger	1681	-	180	1835308	46746
chr2	232456547	232656547	harbor2	chr2	232547906	232550277	DNA/TcMar-Tigger	16840	-	1186	232549092	92545
chr2	43055480	43255480	harbor2	chr2	43093124	43093515	DNA/TcMar-Tigger	969	-	196	43093320	37840
chr2	43055480	43255480	harbor2	chr2	43093828	43094092	DNA/TcMar-Tigger	969	-	132	43093960	38480
chr2	43055480	43255480	harbor2	chr2	43141121	43141288	DNA/TcMar-Tigger	930	-	84	43141205	85725
chr2	43055480	43255480	harbor2	chr2	43141855	43141922	DNA/TcMar-Tigger	930	-	34	43141889	86409
chr2	53472337	53672337	harbor2	chr2	53556131	53556361	DNA/TcMar-Tigger	1316	-	115	53556246	83909
chr2	53472337	53672337	harbor2	chr2	53559428	53559942	DNA/TcMar-Tigger	2054	-	257	53559685	87348
chr2	70453855	70653855	harbor2	chr2	70487306	70487667	DNA/TcMar-Tigger	2205	-	180	70487486	33631
chr2	218223269	218423269	harbor2	chr2	218306879	218307066	DNA/TcMar-Tigger	1073	-	94	218306973	83704
chr2	26950509	27150509	harbor2	chr2	27001122	27001357	DNA/TcMar-Tigger	1541	-	118	27001240	50731
chr2	26950509	27150509	harbor2	chr2	27001702	27001829	DNA/TcMar-Tigger	570	-	64	27001766	51257
chr2	26950509	27150509	harbor2	chr2	27022427	27022777	DNA/TcMar-Tigger	1965	-	175	27022602	72093
chr2	72043327	72243327	harbor2	chr2	72106210	72106426	DNA/TcMar-Tigger	967	-	108	72106318	62991
chr2	72043327	72243327	harbor2	chr2	72125627	72126021	DNA/TcMar-Tigger	1142	-	197	72125824	82497
chr2	26406627	26606627	harbor2	chr2	26428251	26428516	DNA/TcMar-Tigger	2173	-	132	26428383	21756
chr2	26406627	26606627	harbor2	chr2	26428810	26428890	DNA/TcMar-Tigger	2173	-	40	26428850	22223
chr2	43056095	43256095	harbor2	chr2	43093124	43093515	DNA/TcMar-Tigger	969	-	196	43093320	37225
chr2	43056095	43256095	harbor2	chr2	43093828	43094092	DNA/TcMar-Tigger	969	-	132	43093960	37865
chr2	43056095	43256095	harbor2	chr2	43141121	43141288	DNA/TcMar-Tigger	930	-	84	43141205	85110
chr2	43056095	43256095	harbor2	chr2	43141855	43141922	DNA/TcMar-Tigger	930	-	34	43141889	85794
chr2	26956547	27156547	harbor2	chr2	27001122	27001357	DNA/TcMar-Tigger	1541	-	118	27001240	44693
chr2	26956547	27156547	harbor2	chr2	27001702	27001829	DNA/TcMar-Tigger	570	-	64	27001766	45219
chr2	26956547	27156547	harbor2	chr2	27022427	27022777	DNA/TcMar-Tigger	1965	-	175	27022602	66055
chr2	26404185	26604185	harbor2	chr2	26428251	26428516	DNA/TcMar-Tigger	2173	-	132	26428383	24198
chr2	26404185	26604185	harbor2	chr2	26428810	26428890	DNA/TcMar-Tigger	2173	-	40	26428850	24665
chr2	3480298	3680298	harbor2	chr2	3532448	3532750	DNA/TcMar-Tigger	1349	-	151	3532599	52301
chr2	3480298	3680298	harbor2	chr2	3556987	3557285	DNA/TcMar-Tigger	826	-	149	3557136	76838
chr2	241049610	241249610	harbor2	chr2	241089705	241090027	DNA/TcMar-Tigger	1559	-	161	241089866	40256
chr2	241049610	241249610	harbor2	chr2	241090895	241090968	DNA/TcMar-Tigger	3192	-	36	241090931	41321
chr2	241049610	241249610	harbor2	chr2	241129336	241129644	DNA/TcMar-Tigger	567	-	154	241129490	79880
chr2	241049610	241249610	harbor2	chr2	241135277	241135501	DNA/TcMar-Tigger	1047	-	112	241135389	85779
chr2	241049610	241249610	harbor2	chr2	241090043	241090611	DNA/TcMar-Tigger	3192	-	284	241090327	40717
chr2	27279123	27479123	harbor2	chr2	27352885	27353032	DNA/TcMar-Tigger	473	-	74	27352959	73836
chr2	71056951	71256951	harbor2	chr2	71119158	71119463	DNA/TcMar-Tigger	1512	-	152	71119310	62359
chr2	219179881	219379881	harbor2	chr2	219264014	219264177	DNA/TcMar-Tigger	2701	-	82	219264096	84215
chr2	219179881	219379881	harbor2	chr2	219264486	219264847	DNA/TcMar-Tigger	2701	-	180	219264666	84785
chr2	219179881	219379881	harbor2	chr2	219275162	219275363	DNA/TcMar-Tigger	1971	-	100	219275262	95381
chr2	219179881	219379881	harbor2	chr2	219275695	219275846	DNA/TcMar-Tigger	1971	-	76	219275771	95890
chr2	242029286	242229286	harbor2	chr2	242115218	242115745	DNA/TcMar-Tigger	2931	-	264	242115482	86196
chr2	217854217	218054217	harbor2	chr2	217896669	217897037	DNA/TcMar-Tigger	1059	-	184	217896853	42636
chr2	152618727	152818727	harbor2	chr2	152630932	152631103	DNA/TcMar-Tigger	946	-	86	152631018	12291
chr2	152618727	152818727	harbor2	chr2	152631416	152631737	DNA/TcMar-Tigger	1326	-	160	152631576	12849
chr2	152618727	152818727	harbor2	chr2	152697583	152697917	DNA/TcMar-Tigger	1770	-	167	152697750	79023
chr2	152618727	152818727	harbor2	chr2	152709235	152709443	DNA/TcMar-Tigger	921	-	104	152709339	90612
chr2	72787348	72987348	harbor2	chr2	72830400	72831188	DNA/TcMar-Tigger	4337	-	394	72830794	43446
chr2	43459411	43659411	harbor2	chr2	43472296	43472642	DNA/TcMar-Tigger	752	-	173	43472469	13058
chr2	43459411	43659411	harbor2	chr2	43472643	43473618	DNA/TcMar-Tigger	6292	-	488	43473131	13720
chr2	43459411	43659411	harbor2	chr2	43473909	43474101	DNA/TcMar-Tigger	6292	-	96	43474005	14594
chr2	43459411	43659411	harbor2	chr2	43474102	43474389	DNA/TcMar-Tigger	752	-	144	43474246	14835
chr2	43459411	43659411	harbor2	chr2	43516881	43517151	DNA/TcMar-Tigger	517	-	135	43517016	57605
chr2	43459411	43659411	harbor2	chr2	43551292	43551522	DNA/TcMar-Tigger	1221	-	115	43551407	91996
chr2	43459411	43659411	harbor2	chr2	43554827	43555047	DNA/TcMar-Tigger	1311	-	110	43554937	95526
chr2	43055466	43255466	harbor2	chr2	43093124	43093515	DNA/TcMar-Tigger	969	-	196	43093320	37854
chr2	43055466	43255466	harbor2	chr2	43093828	43094092	DNA/TcMar-Tigger	969	-	132	43093960	38494
chr2	43055466	43255466	harbor2	chr2	43141121	43141288	DNA/TcMar-Tigger	930	-	84	43141205	85739
chr2	43055466	43255466	harbor2	chr2	43141855	43141922	DNA/TcMar-Tigger	930	-	34	43141889	86423
chr2	85228038	85428038	harbor2	chr2	85308017	85308295	DNA/TcMar-Tigger	678	-	139	85308156	80118
chr2	85228038	85428038	harbor2	chr2	85311625	85311863	DNA/TcMar-Tigger	3040	-	119	85311744	83706
chr2	85228038	85428038	harbor2	chr2	85312196	85312230	DNA/TcMar-Tigger	3040	-	17	85312213	84175
chr2	85228038	85428038	harbor2	chr2	85312544	85312855	DNA/TcMar-Tigger	3040	-	156	85312700	84662
chr2	85228038	85428038	harbor2	chr2	85313150	85313215	DNA/TcMar-Tigger	3040	-	32	85313182	85144
chr2	85228038	85428038	harbor2	chr2	85313186	85313252	DNA/TcMar-Tigger	573	-	33	85313219	85181
chr2	85228038	85428038	harbor2	chr2	85313545	85313600	DNA/TcMar-Tigger	573	-	28	85313573	85535
chr2	169386758	169586758	harbor2	chr2	169470092	169470408	DNA/TcMar-Tigger	1723	-	158	169470250	83492
chr2	242055177	242255177	harbor2	chr2	242115218	242115745	DNA/TcMar-Tigger	2931	-	264	242115482	60305
chr2	86515479	86715479	harbor2	chr2	86540398	86540596	DNA/TcMar-Tigger	645	-	99	86540497	25018
chr2	86515479	86715479	harbor2	chr2	86570216	86570532	DNA/TcMar-Tigger	1768	-	158	86570374	54895
chr2	86515479	86715479	harbor2	chr2	86585964	86586144	DNA/TcMar-Tigger	1149	-	90	86586054	70575
chr2	46271422	46471422	harbor2	chr2	46316103	46316259	DNA/TcMar-Tigger	6853	-	78	46316181	44759
chr2	46271422	46471422	harbor2	chr2	46318015	46318181	DNA/TcMar-Tigger	2835	-	83	46318098	46676
chr2	46271422	46471422	harbor2	chr2	46318217	46318533	DNA/TcMar-Tigger	2835	-	158	46318375	46953
chr2	46271422	46471422	harbor2	chr2	46348676	46348895	DNA/TcMar-Tigger	1336	-	110	46348786	77364
chr2	46271422	46471422	harbor2	chr2	46316561	46318018	DNA/TcMar-Tigger	6853	-	728	46317289	45867
chr2	190914208	191114208	harbor2	chr2	190916710	190919183	DNA/TcMar-Tigger	13183	-	1236	190917946	3738
chr2	190914208	191114208	harbor2	chr2	191006193	191006440	DNA/TcMar-Tigger	679	-	124	191006317	92109
chr2	237919027	238119027	harbor2	chr2	237939649	237939675	DNA/TcMar-Tigger	1348	-	13	237939662	20635
chr2	237919027	238119027	harbor2	chr2	237940489	237940741	DNA/TcMar-Tigger	1348	-	126	237940615	21588
chr2	113779869	113979869	harbor2	chr2	113780384	113780522	DNA/TcMar-Tigger	1122	-	69	113780453	584
chr2	113779869	113979869	harbor2	chr2	113780899	113781058	DNA/TcMar-Tigger	1122	-	80	113780979	1110
chr2	113779869	113979869	harbor2	chr2	113816066	113816268	DNA/TcMar-Tigger	579	-	101	113816167	36298
chr2	43055483	43255483	harbor2	chr2	43093124	43093515	DNA/TcMar-Tigger	969	-	196	43093320	37837
chr2	43055483	43255483	harbor2	chr2	43093828	43094092	DNA/TcMar-Tigger	969	-	132	43093960	38477
chr2	43055483	43255483	harbor2	chr2	43141121	43141288	DNA/TcMar-Tigger	930	-	84	43141205	85722
chr2	43055483	43255483	harbor2	chr2	43141855	43141922	DNA/TcMar-Tigger	930	-	34	43141889	86406
chr2	26950619	27150619	harbor2	chr2	27001122	27001357	DNA/TcMar-Tigger	1541	-	118	27001240	50621
chr2	26950619	27150619	harbor2	chr2	27001702	27001829	DNA/TcMar-Tigger	570	-	64	27001766	51147
chr2	26950619	27150619	harbor2	chr2	27022427	27022777	DNA/TcMar-Tigger	1965	-	175	27022602	71983
chr2	168551031	168751031	harbor2	chr2	168568764	168569043	DNA/TcMar-Tigger	1210	-	140	168568904	17873
chr2	168551031	168751031	harbor2	chr2	168569379	168569665	DNA/TcMar-Tigger	1000	-	143	168569522	18491
chr2	42261218	42461218	harbor2	chr2	42296839	42296936	DNA/TcMar-Tigger	456	-	48	42296887	35669
chr2	127929061	128129061	harbor2	chr2	127943391	127944030	DNA/TcMar-Tigger	3679	-	320	127943711	14650
chr2	127929061	128129061	harbor2	chr2	127944336	127944394	DNA/TcMar-Tigger	3679	-	29	127944365	15304
chr2	127929061	128129061	harbor2	chr2	128003743	128003933	DNA/TcMar-Tigger	815	-	95	128003838	74777
chr2	87467266	87667266	harbor2	chr2	87506399	87506595	DNA/TcMar-Tigger	1235	-	98	87506497	39231
chr2	87467266	87667266	harbor2	chr2	87544574	87544662	DNA/TcMar-Tigger	511	-	44	87544618	77352
chr2	87467266	87667266	harbor2	chr2	87544689	87544956	DNA/TcMar-Tigger	1410	-	134	87544823	77557
chr2	111955657	112155657	harbor2	chr2	111990612	111990831	DNA/TcMar-Tigger	1225	-	110	111990722	35065
chr2	111955657	112155657	harbor2	chr2	112035646	112035995	DNA/TcMar-Tigger	1976	-	174	112035820	80163
chr2	86976784	87176784	harbor2	chr2	87023901	87024920	DNA/TcMar-Tigger	5643	-	510	87024411	47627
chr2	86976784	87176784	harbor2	chr2	87064038	87064635	DNA/TcMar-Tigger	717	-	298	87064336	87552
chr2	152618540	152818540	harbor2	chr2	152630932	152631103	DNA/TcMar-Tigger	946	-	86	152631018	12478
chr2	152618540	152818540	harbor2	chr2	152631416	152631737	DNA/TcMar-Tigger	1326	-	160	152631576	13036
chr2	152618540	152818540	harbor2	chr2	152697583	152697917	DNA/TcMar-Tigger	1770	-	167	152697750	79210
chr2	152618540	152818540	harbor2	chr2	152709235	152709443	DNA/TcMar-Tigger	921	-	104	152709339	90799
chr2	26957456	27157456	harbor2	chr2	27001122	27001357	DNA/TcMar-Tigger	1541	-	118	27001240	43784
chr2	26957456	27157456	harbor2	chr2	27001702	27001829	DNA/TcMar-Tigger	570	-	64	27001766	44310
chr2	26957456	27157456	harbor2	chr2	27022427	27022777	DNA/TcMar-Tigger	1965	-	175	27022602	65146
chr2	219343736	219543736	harbor2	chr2	219370854	219371001	DNA/TcMar-Tigger	1588	-	74	219370928	27192
chr2	219343736	219543736	harbor2	chr2	219371280	219371486	DNA/TcMar-Tigger	1588	-	103	219371383	27647
chr2	26950608	27150608	harbor2	chr2	27001122	27001357	DNA/TcMar-Tigger	1541	-	118	27001240	50632
chr2	26950608	27150608	harbor2	chr2	27001702	27001829	DNA/TcMar-Tigger	570	-	64	27001766	51158
chr2	26950608	27150608	harbor2	chr2	27022427	27022777	DNA/TcMar-Tigger	1965	-	175	27022602	71994
chr2	240592789	240792789	harbor2	chr2	240652210	240652585	DNA/TcMar-Tigger	2296	-	188	240652398	59609
chr2	56148544	56348544	harbor2	chr2	56199526	56199860	DNA/TcMar-Tigger	654	-	167	56199693	51149
chr2	56148544	56348544	harbor2	chr2	56200167	56200209	DNA/TcMar-Tigger	654	-	21	56200188	51644
chr2	162740814	162940814	harbor2	chr2	162777168	162777496	DNA/TcMar-Tigger	1880	-	164	162777332	36518
chr2	162740814	162940814	harbor2	chr2	162808048	162808220	DNA/TcMar-Tigger	1085	-	86	162808134	67320
chr2	27272823	27472823	harbor2	chr2	27352885	27353032	DNA/TcMar-Tigger	473	-	74	27352959	80136
chr2	26246115	26446115	harbor2	chr2	26275915	26276325	DNA/TcMar-Tigger	733	-	205	26276120	30005
chr2	26246115	26446115	harbor2	chr2	26342974	26343240	DNA/TcMar-Tigger	1597	-	133	26343107	96992
chr2	26403683	26603683	harbor2	chr2	26428251	26428516	DNA/TcMar-Tigger	2173	-	132	26428383	24700
chr2	26403683	26603683	harbor2	chr2	26428810	26428890	DNA/TcMar-Tigger	2173	-	40	26428850	25167
chr2	207669644	207869644	harbor2	chr2	207680759	207680886	DNA/TcMar-Tigger	565	-	64	207680823	11179
chr2	46225653	46425653	harbor2	chr2	46258247	46258627	DNA/TcMar-Tigger	2011	-	190	46258437	32784
chr2	46225653	46425653	harbor2	chr2	46316103	46316259	DNA/TcMar-Tigger	6853	-	78	46316181	90528
chr2	46225653	46425653	harbor2	chr2	46318015	46318181	DNA/TcMar-Tigger	2835	-	83	46318098	92445
chr2	46225653	46425653	harbor2	chr2	46318217	46318533	DNA/TcMar-Tigger	2835	-	158	46318375	92722
chr2	46225653	46425653	harbor2	chr2	46316561	46318018	DNA/TcMar-Tigger	6853	-	728	46317289	91636
chr2	219497764	219697764	harbor2	chr2	219559628	219559830	DNA/TcMar-Tigger	535	-	101	219559729	61965
chr2	219497764	219697764	harbor2	chr2	219559900	219560056	DNA/TcMar-Tigger	585	-	78	219559978	62214
chr2	160417009	160617009	harbor2	chr2	160452304	160452614	DNA/TcMar-Tigger	1299	-	155	160452459	35450
chr2	160417009	160617009	harbor2	chr2	160456486	160456744	DNA/TcMar-Tigger	472	-	129	160456615	39606
chr2	28765454	28965454	harbor2	chr2	28772660	28772887	DNA/TcMar-Tigger	1435	-	114	28772774	7320
chr2	3169197	3369197	harbor2	chr2	3214499	3214831	DNA/TcMar-Tigger	1627	-	166	3214665	45468
chr2	3169197	3369197	harbor2	chr2	3228986	3230019	DNA/TcMar-Tigger	6969	-	516	3229502	60305
chr2	3169197	3369197	harbor2	chr2	3230225	3230587	DNA/TcMar-Tigger	2085	-	181	3230406	61209
chr2	53795907	53995907	harbor2	chr2	53800075	53800386	DNA/TcMar-Tigger	1685	-	156	53800231	4324
chr2	53795907	53995907	harbor2	chr2	53889207	53889557	DNA/TcMar-Tigger	2056	-	175	53889382	93475
chr2	53795907	53995907	harbor2	chr2	53893286	53893552	DNA/TcMar-Tigger	1139	-	133	53893419	97512
chr2	219169703	219369703	harbor2	chr2	219264014	219264177	DNA/TcMar-Tigger	2701	-	82	219264096	94393
chr2	219169703	219369703	harbor2	chr2	219264486	219264847	DNA/TcMar-Tigger	2701	-	180	219264666	94963
chr2	240348203	240548203	harbor2	chr2	240405530	240405749	DNA/TcMar-Tigger	903	-	110	240405640	57437
chr2	26950206	27150206	harbor2	chr2	27001122	27001357	DNA/TcMar-Tigger	1541	-	118	27001240	51034
chr2	26950206	27150206	harbor2	chr2	27001702	27001829	DNA/TcMar-Tigger	570	-	64	27001766	51560
chr2	26950206	27150206	harbor2	chr2	27022427	27022777	DNA/TcMar-Tigger	1965	-	175	27022602	72396
chr2	111955694	112155694	harbor2	chr2	111990612	111990831	DNA/TcMar-Tigger	1225	-	110	111990722	35028
chr2	111955694	112155694	harbor2	chr2	112035646	112035995	DNA/TcMar-Tigger	1976	-	174	112035820	80126
chr2	26416022	26616022	harbor2	chr2	26428251	26428516	DNA/TcMar-Tigger	2173	-	132	26428383	12361
chr2	26416022	26616022	harbor2	chr2	26428810	26428890	DNA/TcMar-Tigger	2173	-	40	26428850	12828
chr2	152619118	152819118	harbor2	chr2	152630932	152631103	DNA/TcMar-Tigger	946	-	86	152631018	11900
chr2	152619118	152819118	harbor2	chr2	152631416	152631737	DNA/TcMar-Tigger	1326	-	160	152631576	12458
chr2	152619118	152819118	harbor2	chr2	152697583	152697917	DNA/TcMar-Tigger	1770	-	167	152697750	78632
chr2	152619118	152819118	harbor2	chr2	152709235	152709443	DNA/TcMar-Tigger	921	-	104	152709339	90221
chr2	217616860	217816860	harbor2	chr2	217689449	217689530	DNA/TcMar-Tigger	590	-	40	217689489	72629
chr2	26950220	27150220	harbor2	chr2	27001122	27001357	DNA/TcMar-Tigger	1541	-	118	27001240	51020
chr2	26950220	27150220	harbor2	chr2	27001702	27001829	DNA/TcMar-Tigger	570	-	64	27001766	51546
chr2	26950220	27150220	harbor2	chr2	27022427	27022777	DNA/TcMar-Tigger	1965	-	175	27022602	72382
chr2	44379608	44579608	harbor2	chr2	44420399	44420474	DNA/TcMar-Tigger	474	-	38	44420437	40829
chr2	44379608	44579608	harbor2	chr2	44420499	44420566	DNA/TcMar-Tigger	450	-	34	44420533	40925
chr2	44379608	44579608	harbor2	chr2	44448100	44448338	DNA/TcMar-Tigger	911	-	119	44448219	68611
chr2	26950698	27150698	harbor2	chr2	27001122	27001357	DNA/TcMar-Tigger	1541	-	118	27001240	50542
chr2	26950698	27150698	harbor2	chr2	27001702	27001829	DNA/TcMar-Tigger	570	-	64	27001766	51068
chr2	26950698	27150698	harbor2	chr2	27022427	27022777	DNA/TcMar-Tigger	1965	-	175	27022602	71904
chr2	26969295	27169295	harbor2	chr2	27001122	27001357	DNA/TcMar-Tigger	1541	-	118	27001240	31945
chr2	26969295	27169295	harbor2	chr2	27001702	27001829	DNA/TcMar-Tigger	570	-	64	27001766	32471
chr2	26969295	27169295	harbor2	chr2	27022427	27022777	DNA/TcMar-Tigger	1965	-	175	27022602	53307
chr2	111956912	112156912	harbor2	chr2	111990612	111990831	DNA/TcMar-Tigger	1225	-	110	111990722	33810
chr2	111956912	112156912	harbor2	chr2	112035646	112035995	DNA/TcMar-Tigger	1976	-	174	112035820	78908
chr2	48215708	48415708	harbor2	chr2	48278237	48278539	DNA/TcMar-Tigger	1684	-	151	48278388	62680
chr2	26982677	27182677	harbor2	chr2	27001122	27001357	DNA/TcMar-Tigger	1541	-	118	27001240	18563
chr2	26982677	27182677	harbor2	chr2	27001702	27001829	DNA/TcMar-Tigger	570	-	64	27001766	19089
chr2	26982677	27182677	harbor2	chr2	27022427	27022777	DNA/TcMar-Tigger	1965	-	175	27022602	39925
chr2	148421838	148621838	harbor2	chr2	148430984	148431378	DNA/TcMar-Tigger	805	-	197	148431181	9343
chr2	65025318	65225318	harbor2	chr2	65065434	65065687	DNA/TcMar-Tigger	3137	-	126	65065560	40242
chr2	65025318	65225318	harbor2	chr2	65065973	65066314	DNA/TcMar-Tigger	3137	-	170	65066143	40825
chr2	65025318	65225318	harbor2	chr2	65066946	65066982	DNA/TcMar-Tigger	3137	-	18	65066964	41646
chr2	219501939	219701939	harbor2	chr2	219559628	219559830	DNA/TcMar-Tigger	535	-	101	219559729	57790
chr2	219501939	219701939	harbor2	chr2	219559900	219560056	DNA/TcMar-Tigger	585	-	78	219559978	58039
chr2	217119672	217319672	harbor2	chr2	217174770	217177229	DNA/TcMar-Tigger	13335	-	1230	217176000	56328
chr2	217119672	217319672	harbor2	chr2	217184078	217184948	DNA/TcMar-Tigger	6429	-	435	217184513	64841
chr2	217119672	217319672	harbor2	chr2	217185240	217185591	DNA/TcMar-Tigger	6429	-	176	217185416	65744
chr2	217119672	217319672	harbor2	chr2	217190347	217190672	DNA/TcMar-Tigger	1362	-	162	217190509	70837
chr2	218180022	218380022	harbor2	chr2	218184615	218184710	DNA/TcMar-Tigger	484	-	48	218184663	4641
chr2	95821397	96021397	harbor2	chr2	95865481	95865810	DNA/TcMar-Tigger	1734	-	164	95865645	44248
chr2	219387359	219587359	harbor2	chr2	219478606	219478810	DNA/TcMar-Tigger	543	-	102	219478708	91349
chr2	26246633	26446633	harbor2	chr2	26275915	26276325	DNA/TcMar-Tigger	733	-	205	26276120	29487
chr2	26246633	26446633	harbor2	chr2	26342974	26343240	DNA/TcMar-Tigger	1597	-	133	26343107	96474
chr2	157738652	157938652	harbor2	chr2	157743523	157743862	DNA/TcMar-Tigger	1105	-	170	157743693	5041
chr2	157738652	157938652	harbor2	chr2	157758255	157758477	DNA/TcMar-Tigger	839	-	111	157758366	19714
chr2	157738652	157938652	harbor2	chr2	157781130	157781363	DNA/TcMar-Tigger	1018	-	116	157781246	42594
chr2	159046393	159246393	harbor2	chr2	159111382	159111668	DNA/TcMar-Tigger	686	-	143	159111525	65132
chr2	72971510	73171510	harbor2	chr2	73016782	73017130	DNA/TcMar-Tigger	1458	-	174	73016956	45446
chr2	72971510	73171510	harbor2	chr2	73038021	73038489	DNA/TcMar-Tigger	2820	-	234	73038255	66745
chr2	72971510	73171510	harbor2	chr2	73038638	73038895	DNA/TcMar-Tigger	1228	-	128	73038766	67256
chr2	72971510	73171510	harbor2	chr2	73038896	73038939	DNA/TcMar-Tigger	568	-	22	73038918	67408
chr2	72971510	73171510	harbor2	chr2	73039228	73039305	DNA/TcMar-Tigger	568	-	38	73039266	67756
chr2	26982780	27182780	harbor2	chr2	27001122	27001357	DNA/TcMar-Tigger	1541	-	118	27001240	18460
chr2	26982780	27182780	harbor2	chr2	27001702	27001829	DNA/TcMar-Tigger	570	-	64	27001766	18986
chr2	26982780	27182780	harbor2	chr2	27022427	27022777	DNA/TcMar-Tigger	1965	-	175	27022602	39822
chr2	152618543	152818543	harbor2	chr2	152630932	152631103	DNA/TcMar-Tigger	946	-	86	152631018	12475
chr2	152618543	152818543	harbor2	chr2	152631416	152631737	DNA/TcMar-Tigger	1326	-	160	152631576	13033
chr2	152618543	152818543	harbor2	chr2	152697583	152697917	DNA/TcMar-Tigger	1770	-	167	152697750	79207
chr2	152618543	152818543	harbor2	chr2	152709235	152709443	DNA/TcMar-Tigger	921	-	104	152709339	90796
chr2	26960509	27160509	harbor2	chr2	27001122	27001357	DNA/TcMar-Tigger	1541	-	118	27001240	40731
chr2	26960509	27160509	harbor2	chr2	27001702	27001829	DNA/TcMar-Tigger	570	-	64	27001766	41257
chr2	26960509	27160509	harbor2	chr2	27022427	27022777	DNA/TcMar-Tigger	1965	-	175	27022602	62093
chr2	199357332	199557332	harbor2	chr2	199386100	199386335	DNA/TcMar-Tigger	1391	-	118	199386218	28886
chr2	218241926	218441926	harbor2	chr2	218306879	218307066	DNA/TcMar-Tigger	1073	-	94	218306973	65047
chr2	96108919	96308919	harbor2	chr2	96184344	96184450	DNA/TcMar-Tigger	507	-	53	96184397	75478
chr2	219467910	219667910	harbor2	chr2	219478606	219478810	DNA/TcMar-Tigger	543	-	102	219478708	10798
chr2	219467910	219667910	harbor2	chr2	219559628	219559830	DNA/TcMar-Tigger	535	-	101	219559729	91819
chr2	219467910	219667910	harbor2	chr2	219559900	219560056	DNA/TcMar-Tigger	585	-	78	219559978	92068
chr2	111957164	112157164	harbor2	chr2	111990612	111990831	DNA/TcMar-Tigger	1225	-	110	111990722	33558
chr2	111957164	112157164	harbor2	chr2	112035646	112035995	DNA/TcMar-Tigger	1976	-	174	112035820	78656
chr3	178973707	179173707	harbor2	chr3	178976277	178976357	DNA/TcMar-Tigger	482	-	40	178976317	2610
chr3	178973707	179173707	harbor2	chr3	178976485	178976576	DNA/TcMar-Tigger	593	-	46	178976531	2824
chr3	32471408	32671408	harbor2	chr3	32492756	32493347	DNA/TcMar-Tigger	1163	-	296	32493052	21644
chr3	32471408	32671408	harbor2	chr3	32531822	32532030	DNA/TcMar-Tigger	1046	-	104	32531926	60518
chr3	132356932	132556932	harbor2	chr3	132420962	132421166	DNA/TcMar-Tigger	443	-	102	132421064	64132
chr3	132356932	132556932	harbor2	chr3	132421179	132421362	DNA/TcMar-Tigger	868	-	92	132421271	64339
chr3	156989183	157189183	harbor2	chr3	157023859	157024233	DNA/TcMar-Tigger	1752	-	187	157024046	34863
chr3	156989183	157189183	harbor2	chr3	157038708	157039000	DNA/TcMar-Tigger	830	-	146	157038854	49671
chr3	140273579	140473579	harbor2	chr3	140350418	140350834	DNA/TcMar-Tigger	837	-	208	140350626	77047
chr3	49369842	49569842	harbor2	chr3	49401700	49401891	DNA/TcMar-Tigger	1058	-	96	49401796	31954
chr3	50169875	50369875	harbor2	chr3	50178258	50178438	DNA/TcMar-Tigger	8161	-	90	50178348	8473
chr3	50169875	50369875	harbor2	chr3	50178736	50178820	DNA/TcMar-Tigger	8161	-	42	50178778	8903
chr3	50169875	50369875	harbor2	chr3	50179119	50179316	DNA/TcMar-Tigger	8161	-	98	50179217	9342
chr3	50169875	50369875	harbor2	chr3	50179626	50180137	DNA/TcMar-Tigger	8161	-	256	50179882	10007
chr3	50169875	50369875	harbor2	chr3	50180456	50180784	DNA/TcMar-Tigger	8161	-	164	50180620	10745
chr3	50169875	50369875	harbor2	chr3	50181088	50181244	DNA/TcMar-Tigger	8161	-	78	50181166	11291
chr3	43899144	44099144	harbor2	chr3	43905123	43905296	DNA/TcMar-Tigger	492	-	86	43905209	6065
chr3	126375275	126575275	harbor2	chr3	126443434	126443522	DNA/TcMar-Tigger	524	-	44	126443478	68203
chr3	126375275	126575275	harbor2	chr3	126443521	126443645	DNA/TcMar-Tigger	612	-	62	126443583	68308
chr3	184134394	184334394	harbor2	chr3	184217478	184217510	DNA/TcMar-Tigger	760	-	16	184217494	83100
chr3	184134394	184334394	harbor2	chr3	184217824	184217897	DNA/TcMar-Tigger	760	-	36	184217860	83466
chr3	184134394	184334394	harbor2	chr3	184218220	184218396	DNA/TcMar-Tigger	760	-	88	184218308	83914
chr3	108122047	108322047	harbor2	chr3	108173413	108173764	DNA/TcMar-Tigger	2068	-	176	108173589	51542
chr3	108122047	108322047	harbor2	chr3	108176589	108176783	DNA/TcMar-Tigger	486	-	97	108176686	54639
chr3	108122047	108322047	harbor2	chr3	108187159	108187318	DNA/TcMar-Tigger	605	-	80	108187239	65192
chr3	108122047	108322047	harbor2	chr3	108189694	108190092	DNA/TcMar-Tigger	2000	-	199	108189893	67846
chr3	108122047	108322047	harbor2	chr3	108202711	108202928	DNA/TcMar-Tigger	462	-	108	108202819	80772
chr3	108122047	108322047	harbor2	chr3	108203360	108203625	DNA/TcMar-Tigger	503	-	132	108203492	81445
chr3	184130424	184330424	harbor2	chr3	184217478	184217510	DNA/TcMar-Tigger	760	-	16	184217494	87070
chr3	184130424	184330424	harbor2	chr3	184217824	184217897	DNA/TcMar-Tigger	760	-	36	184217860	87436
chr3	184130424	184330424	harbor2	chr3	184218220	184218396	DNA/TcMar-Tigger	760	-	88	184218308	87884
chr3	128265711	128465711	harbor2	chr3	128332310	128332457	DNA/TcMar-Tigger	864	-	74	128332384	66673
chr3	128265711	128465711	harbor2	chr3	128353011	128353243	DNA/TcMar-Tigger	872	-	116	128353127	87416
chr3	153062933	153262933	harbor2	chr3	153115589	153115834	DNA/TcMar-Tigger	671	-	122	153115711	52778
chr3	153062933	153262933	harbor2	chr3	153116216	153116482	DNA/TcMar-Tigger	594	-	133	153116349	53416
chr3	127270146	127470146	harbor2	chr3	127341478	127341813	DNA/TcMar-Tigger	1004	-	168	127341646	71500
chr3	129022332	129222332	harbor2	chr3	129028431	129028631	DNA/TcMar-Tigger	551	-	100	129028531	6199
chr3	129022332	129222332	harbor2	chr3	129028941	129029180	DNA/TcMar-Tigger	551	-	120	129029061	6729
chr3	129022332	129222332	harbor2	chr3	129029214	129029325	DNA/TcMar-Tigger	413	-	56	129029270	6938
chr3	196218304	196418304	harbor2	chr3	196280235	196280315	DNA/TcMar-Tigger	1850	-	40	196280275	61971
chr3	196218304	196418304	harbor2	chr3	196280658	196280914	DNA/TcMar-Tigger	1850	-	128	196280786	62482
chr3	196218304	196418304	harbor2	chr3	196280316	196280657	DNA/TcMar-Tigger	1224	-	170	196280486	62182
chr3	53155971	53355971	harbor2	chr3	53213164	53213354	DNA/TcMar-Tigger	1036	-	95	53213259	57288
chr3	128329156	128529156	harbor2	chr3	128332310	128332457	DNA/TcMar-Tigger	864	-	74	128332384	3228
chr3	128329156	128529156	harbor2	chr3	128353011	128353243	DNA/TcMar-Tigger	872	-	116	128353127	23971
chr3	123552608	123752608	harbor2	chr3	123604896	123605033	DNA/TcMar-Tigger	900	-	68	123604964	52356
chr3	123552608	123752608	harbor2	chr3	123605324	123605466	DNA/TcMar-Tigger	900	-	71	123605395	52787
chr3	123552608	123752608	harbor2	chr3	123607100	123607345	DNA/TcMar-Tigger	1741	-	122	123607222	54614
chr3	123552608	123752608	harbor2	chr3	123608244	123608312	DNA/TcMar-Tigger	407	-	34	123608278	55670
chr3	123560147	123760147	harbor2	chr3	123604896	123605033	DNA/TcMar-Tigger	900	-	68	123604964	44817
chr3	123560147	123760147	harbor2	chr3	123605324	123605466	DNA/TcMar-Tigger	900	-	71	123605395	45248
chr3	123560147	123760147	harbor2	chr3	123607100	123607345	DNA/TcMar-Tigger	1741	-	122	123607222	47075
chr3	123560147	123760147	harbor2	chr3	123608244	123608312	DNA/TcMar-Tigger	407	-	34	123608278	48131
chr3	157028447	157228447	harbor2	chr3	157038708	157039000	DNA/TcMar-Tigger	830	-	146	157038854	10407
chr3	157028447	157228447	harbor2	chr3	157101533	157101872	DNA/TcMar-Tigger	579	-	170	157101703	73256
chr3	142864715	143064715	harbor2	chr3	142881449	142881780	DNA/TcMar-Tigger	2114	-	166	142881615	16900
chr3	128484655	128684655	harbor2	chr3	128568642	128568931	DNA/TcMar-Tigger	650	-	144	128568786	84131
chr3	193982932	194182932	harbor2	chr3	193985293	193985370	DNA/TcMar-Tigger	430	-	38	193985331	2399
chr3	198091436	198291436	harbor2	chr3	198113159	198113337	DNA/TcMar-Tigger	489	-	89	198113248	21812
chr3	198091436	198291436	harbor2	chr3	198158641	198158864	DNA/TcMar-Tigger	1264	-	112	198158753	67317
chr3	198091436	198291436	harbor2	chr3	198159446	198159469	DNA/TcMar-Tigger	1264	-	12	198159458	68022
chr3	198091436	198291436	harbor2	chr3	198159467	198159562	DNA/TcMar-Tigger	444	-	48	198159515	68079
chr3	116673098	116873098	harbor2	chr3	116676726	116676924	DNA/TcMar-Tigger	1137	-	99	116676825	3727
chr3	116673098	116873098	harbor2	chr3	116690594	116690976	DNA/TcMar-Tigger	1319	-	191	116690785	17687
chr3	12963496	13163496	harbor2	chr3	12997494	12997697	DNA/TcMar-Tigger	1203	-	102	12997596	34100
chr3	12963496	13163496	harbor2	chr3	12997793	12997919	DNA/TcMar-Tigger	679	-	63	12997856	34360
chr3	196218330	196418330	harbor2	chr3	196280235	196280315	DNA/TcMar-Tigger	1850	-	40	196280275	61945
chr3	196218330	196418330	harbor2	chr3	196280658	196280914	DNA/TcMar-Tigger	1850	-	128	196280786	62456
chr3	196218330	196418330	harbor2	chr3	196280316	196280657	DNA/TcMar-Tigger	1224	-	170	196280486	62156
chr3	64313402	64513402	harbor2	chr3	64326520	64326951	DNA/TcMar-Tigger	2242	-	216	64326736	13334
chr3	161006321	161206321	harbor2	chr3	161082995	161084119	DNA/TcMar-Tigger	5895	-	562	161083557	77236
chr3	36670495	36870495	harbor2	chr3	36679059	36679779	DNA/TcMar-Tigger	4297	-	360	36679419	8924
chr3	196916551	197116551	harbor2	chr3	196921051	196921405	DNA/TcMar-Tigger	1804	-	177	196921228	4677
chr3	45419104	45619104	harbor2	chr3	45421692	45422055	DNA/TcMar-Tigger	1758	-	182	45421874	2770
chr3	45419104	45619104	harbor2	chr3	45424174	45424490	DNA/TcMar-Tigger	1489	-	158	45424332	5228
chr3	45419104	45619104	harbor2	chr3	45498325	45498573	DNA/TcMar-Tigger	740	-	124	45498449	79345
chr3	123544944	123744944	harbor2	chr3	123604896	123605033	DNA/TcMar-Tigger	900	-	68	123604964	60020
chr3	123544944	123744944	harbor2	chr3	123605324	123605466	DNA/TcMar-Tigger	900	-	71	123605395	60451
chr3	123544944	123744944	harbor2	chr3	123607100	123607345	DNA/TcMar-Tigger	1741	-	122	123607222	62278
chr3	123544944	123744944	harbor2	chr3	123608244	123608312	DNA/TcMar-Tigger	407	-	34	123608278	63334
chr3	136086110	136286110	harbor2	chr3	136091855	136092044	DNA/TcMar-Tigger	918	-	94	136091949	5839
chr3	136086110	136286110	harbor2	chr3	136095873	136096230	DNA/TcMar-Tigger	2181	-	178	136096051	9941
chr3	136086110	136286110	harbor2	chr3	136122356	136122594	DNA/TcMar-Tigger	983	-	119	136122475	36365
chr3	138339763	138539763	harbor2	chr3	138412900	138413029	DNA/TcMar-Tigger	428	-	64	138412964	73201
chr3	125112713	125312713	harbor2	chr3	125113968	125114167	DNA/TcMar-Tigger	405	-	100	125114068	1355
chr3	125112713	125312713	harbor2	chr3	125145579	125145816	DNA/TcMar-Tigger	1817	-	118	125145697	32984
chr3	125112713	125312713	harbor2	chr3	125146130	125146235	DNA/TcMar-Tigger	1817	-	52	125146182	33469
chr3	125112713	125312713	harbor2	chr3	125153766	125153864	DNA/TcMar-Tigger	584	-	49	125153815	41102
chr3	125112713	125312713	harbor2	chr3	125154571	125154923	DNA/TcMar-Tigger	2203	-	176	125154747	42034
chr3	125112713	125312713	harbor2	chr3	125154922	125155210	DNA/TcMar-Tigger	1339	-	144	125155066	42353
chr3	125112713	125312713	harbor2	chr3	125210890	125211101	DNA/TcMar-Tigger	405	-	106	125210996	98283
chr3	108468945	108668945	harbor2	chr3	108563757	108563982	DNA/TcMar-Tigger	1181	-	112	108563869	94924
chr3	52126019	52326019	harbor2	chr3	52210812	52211148	DNA/TcMar-Tigger	2302	-	168	52210980	84961
chr3	157015013	157215013	harbor2	chr3	157023859	157024233	DNA/TcMar-Tigger	1752	-	187	157024046	9033
chr3	157015013	157215013	harbor2	chr3	157038708	157039000	DNA/TcMar-Tigger	830	-	146	157038854	23841
chr3	157015013	157215013	harbor2	chr3	157101533	157101872	DNA/TcMar-Tigger	579	-	170	157101703	86690
chr3	131281884	131481884	harbor2	chr3	131295239	131295466	DNA/TcMar-Tigger	1228	-	114	131295353	13469
chr3	131281884	131481884	harbor2	chr3	131329113	131329382	DNA/TcMar-Tigger	460	-	134	131329247	47363
chr3	131281884	131481884	harbor2	chr3	131331110	131331404	DNA/TcMar-Tigger	439	-	147	131331257	49373
chr3	108359237	108559237	harbor2	chr3	108359785	108359871	DNA/TcMar-Tigger	592	-	43	108359828	591
chr3	108359237	108559237	harbor2	chr3	108359870	108360837	DNA/TcMar-Tigger	4415	-	484	108360354	1117
chr3	183916164	184116164	harbor2	chr3	183930927	183931243	DNA/TcMar-Tigger	1658	-	158	183931085	14921
chr3	183916164	184116164	harbor2	chr3	183962092	183962371	DNA/TcMar-Tigger	1447	-	140	183962232	46068
chr3	148724778	148924778	harbor2	chr3	148789814	148790169	DNA/TcMar-Tigger	2157	-	178	148789992	65214
chr3	123518827	123718827	harbor2	chr3	123604896	123605033	DNA/TcMar-Tigger	900	-	68	123604964	86137
chr3	123518827	123718827	harbor2	chr3	123605324	123605466	DNA/TcMar-Tigger	900	-	71	123605395	86568
chr3	123518827	123718827	harbor2	chr3	123607100	123607345	DNA/TcMar-Tigger	1741	-	122	123607222	88395
chr3	123518827	123718827	harbor2	chr3	123608244	123608312	DNA/TcMar-Tigger	407	-	34	123608278	89451
chr3	196218333	196418333	harbor2	chr3	196280235	196280315	DNA/TcMar-Tigger	1850	-	40	196280275	61942
chr3	196218333	196418333	harbor2	chr3	196280658	196280914	DNA/TcMar-Tigger	1850	-	128	196280786	62453
chr3	196218333	196418333	harbor2	chr3	196280316	196280657	DNA/TcMar-Tigger	1224	-	170	196280486	62153
chr3	195800094	196000094	harbor2	chr3	195826285	195826402	DNA/TcMar-Tigger	471	-	58	195826343	26249
chr3	195800094	196000094	harbor2	chr3	195827990	195828427	DNA/TcMar-Tigger	2539	-	218	195828208	28114
chr3	127581132	127781132	harbor2	chr3	127620018	127620540	DNA/TcMar-Tigger	751	-	261	127620279	39147
chr4	98161348	98361348	harbor2	chr4	98253222	98253369	DNA/TcMar-Tigger	616	-	74	98253296	91948
chr4	103098506	103298506	harbor2	chr4	103102358	103102793	DNA/TcMar-Tigger	2273	-	218	103102576	4070
chr4	3569998	3769998	harbor2	chr4	3589474	3589786	DNA/TcMar-Tigger	1530	-	156	3589630	19632
chr4	3569998	3769998	harbor2	chr4	3641059	3641268	DNA/TcMar-Tigger	1025	-	104	3641163	71165
chr4	38573365	38773365	harbor2	chr4	38629180	38629488	DNA/TcMar-Tigger	2380	-	154	38629334	55969
chr4	38573365	38773365	harbor2	chr4	38629756	38629906	DNA/TcMar-Tigger	2380	-	75	38629831	56466
chr4	176095954	176295954	harbor2	chr4	176109176	176109407	DNA/TcMar-Tigger	582	-	116	176109292	13338
chr4	176095954	176295954	harbor2	chr4	176165412	176165732	DNA/TcMar-Tigger	2105	-	160	176165572	69618
chr4	176095954	176295954	harbor2	chr4	176170836	176171173	DNA/TcMar-Tigger	2062	-	168	176171004	75050
chr4	55295797	55495797	harbor2	chr4	55308258	55308510	DNA/TcMar-Tigger	6547	-	126	55308384	12587
chr4	55295797	55495797	harbor2	chr4	55308814	55309536	DNA/TcMar-Tigger	6547	-	361	55309175	13378
chr4	55295797	55495797	harbor2	chr4	55309846	55310141	DNA/TcMar-Tigger	6547	-	148	55309994	14197
chr4	89737944	89937944	harbor2	chr4	89829279	89830029	DNA/TcMar-Tigger	3313	-	375	89829654	91710
chr4	89737944	89937944	harbor2	chr4	89830731	89830958	DNA/TcMar-Tigger	1014	-	114	89830845	92901
chr4	911518	1111518	harbor2	chr4	986296	986596	DNA/TcMar-Tigger	1150	-	150	986446	74928
chr4	120823311	121023311	harbor2	chr4	120868254	120868514	DNA/TcMar-Tigger	836	-	130	120868384	45073
chr4	120823311	121023311	harbor2	chr4	120905006	120905312	DNA/TcMar-Tigger	539	-	153	120905159	81848
chr4	2363014	2563014	harbor2	chr4	2377796	2378057	DNA/TcMar-Tigger	1268	-	130	2377926	14912
chr4	2363014	2563014	harbor2	chr4	2378356	2378402	DNA/TcMar-Tigger	1268	-	23	2378379	15365
chr4	8058806	8258806	harbor2	chr4	8120689	8121046	DNA/TcMar-Tigger	1255	-	178	8120867	62061
chr4	120822652	121022652	harbor2	chr4	120868254	120868514	DNA/TcMar-Tigger	836	-	130	120868384	45732
chr4	120822652	121022652	harbor2	chr4	120905006	120905312	DNA/TcMar-Tigger	539	-	153	120905159	82507
chr4	122858241	123058241	harbor2	chr4	122916802	122917068	DNA/TcMar-Tigger	1583	-	133	122916935	58694
chr4	122858241	123058241	harbor2	chr4	122931352	122931446	DNA/TcMar-Tigger	560	-	47	122931399	73158
chr4	122858241	123058241	harbor2	chr4	122931757	122931952	DNA/TcMar-Tigger	886	-	98	122931855	73614
chr4	122858241	123058241	harbor2	chr4	122912745	122913095	DNA/TcMar-Tigger	2305	-	175	122912920	54679
chr4	2318802	2518802	harbor2	chr4	2351956	2352180	DNA/TcMar-Tigger	1135	-	112	2352068	33266
chr4	2318802	2518802	harbor2	chr4	2377796	2378057	DNA/TcMar-Tigger	1268	-	130	2377926	59124
chr4	2318802	2518802	harbor2	chr4	2378356	2378402	DNA/TcMar-Tigger	1268	-	23	2378379	59577
chr4	12478041	12678041	harbor2	chr4	12497798	12498048	DNA/TcMar-Tigger	1389	-	125	12497923	19882
chr4	12478041	12678041	harbor2	chr4	12498047	12498183	DNA/TcMar-Tigger	696	-	68	12498115	20074
chr4	911393	1111393	harbor2	chr4	986296	986596	DNA/TcMar-Tigger	1150	-	150	986446	75053
chr4	103098509	103298509	harbor2	chr4	103102358	103102793	DNA/TcMar-Tigger	2273	-	218	103102576	4067
chr4	103098505	103298505	harbor2	chr4	103102358	103102793	DNA/TcMar-Tigger	2273	-	218	103102576	4071
chr4	145413737	145613737	harbor2	chr4	145422803	145423235	DNA/TcMar-Tigger	2578	-	216	145423019	9282
chr4	145413737	145613737	harbor2	chr4	145455524	145455716	DNA/TcMar-Tigger	1315	-	96	145455620	41883
chr4	145413737	145613737	harbor2	chr4	145464279	145465194	DNA/TcMar-Tigger	5299	-	458	145464737	51000
chr4	187837772	188037772	harbor2	chr4	187873698	187874835	DNA/TcMar-Tigger	6745	-	568	187874266	36494
chr4	2364000	2564000	harbor2	chr4	2377796	2378057	DNA/TcMar-Tigger	1268	-	130	2377926	13926
chr4	2364000	2564000	harbor2	chr4	2378356	2378402	DNA/TcMar-Tigger	1268	-	23	2378379	14379
chr4	2151563	2351563	harbor2	chr4	2223179	2223240	DNA/TcMar-Tigger	5692	-	30	2223209	71646
chr4	2151563	2351563	harbor2	chr4	2223580	2224669	DNA/TcMar-Tigger	5692	-	544	2224124	72561
chr4	2151563	2351563	harbor2	chr4	2224965	2225110	DNA/TcMar-Tigger	5692	-	72	2225037	73474
chr4	2363979	2563979	harbor2	chr4	2377796	2378057	DNA/TcMar-Tigger	1268	-	130	2377926	13947
chr4	2363979	2563979	harbor2	chr4	2378356	2378402	DNA/TcMar-Tigger	1268	-	23	2378379	14400
chr4	103098514	103298514	harbor2	chr4	103102358	103102793	DNA/TcMar-Tigger	2273	-	218	103102576	4062
chr4	144468740	144668740	harbor2	chr4	144546960	144547045	DNA/TcMar-Tigger	1073	-	42	144547002	78262
chr4	144468740	144668740	harbor2	chr4	144547369	144547597	DNA/TcMar-Tigger	1073	-	114	144547483	78743
chr4	144468740	144668740	harbor2	chr4	144560366	144560750	DNA/TcMar-Tigger	2359	-	192	144560558	91818
chr4	1215637	1415637	harbor2	chr4	1262446	1262777	DNA/TcMar-Tigger	1885	-	166	1262612	46975
chr4	1215637	1415637	harbor2	chr4	1308007	1308338	DNA/TcMar-Tigger	1556	-	166	1308173	92536
chr4	70739668	70939668	harbor2	chr4	70768951	70769072	DNA/TcMar-Tigger	3186	-	60	70769011	29343
chr4	70739668	70939668	harbor2	chr4	70769339	70769757	DNA/TcMar-Tigger	3186	-	209	70769548	29880
chr4	70739668	70939668	harbor2	chr4	70769749	70769803	DNA/TcMar-Tigger	7668	-	27	70769776	30108
chr4	70739668	70939668	harbor2	chr4	70770122	70771306	DNA/TcMar-Tigger	7668	-	592	70770714	31046
chr4	70739668	70939668	harbor2	chr4	70771343	70771532	DNA/TcMar-Tigger	1550	-	94	70771437	31769
chr4	70739668	70939668	harbor2	chr4	70771830	70772059	DNA/TcMar-Tigger	1550	-	114	70771944	32276
chr4	70739668	70939668	harbor2	chr4	70776088	70776361	DNA/TcMar-Tigger	1436	-	136	70776224	36556
chr4	70739668	70939668	harbor2	chr4	70777169	70777265	DNA/TcMar-Tigger	552	-	48	70777217	37549
chr4	70739668	70939668	harbor2	chr4	70783523	70784141	DNA/TcMar-Tigger	777	-	309	70783832	44164
chr4	70739668	70939668	harbor2	chr4	70807928	70808271	DNA/TcMar-Tigger	1997	-	172	70808100	68432
chr4	120879554	121079554	harbor2	chr4	120905006	120905312	DNA/TcMar-Tigger	539	-	153	120905159	25605
chr4	120879554	121079554	harbor2	chr4	120929116	120929533	DNA/TcMar-Tigger	2269	-	208	120929324	49770
chr4	7839706	8039706	harbor2	chr4	7860207	7860466	DNA/TcMar-Tigger	702	-	130	7860337	20631
chr4	2701308	2901308	harbor2	chr4	2734096	2734322	DNA/TcMar-Tigger	1187	-	113	2734209	32901
chr4	2701308	2901308	harbor2	chr4	2758361	2758414	DNA/TcMar-Tigger	669	-	26	2758387	57079
chr4	2701308	2901308	harbor2	chr4	2758941	2759116	DNA/TcMar-Tigger	669	-	88	2759029	57721
chr4	2701308	2901308	harbor2	chr4	2759422	2759480	DNA/TcMar-Tigger	669	-	29	2759451	58143
chr4	911525	1111525	harbor2	chr4	986296	986596	DNA/TcMar-Tigger	1150	-	150	986446	74921
chr4	911521	1111521	harbor2	chr4	986296	986596	DNA/TcMar-Tigger	1150	-	150	986446	74925
chr4	103098758	103298758	harbor2	chr4	103102358	103102793	DNA/TcMar-Tigger	2273	-	218	103102576	3818
chr4	551216	751216	harbor2	chr4	551493	551848	DNA/TcMar-Tigger	1888	-	178	551671	455
chr4	911387	1111387	harbor2	chr4	986296	986596	DNA/TcMar-Tigger	1150	-	150	986446	75059
chr4	3394897	3594897	harbor2	chr4	3395842	3396180	DNA/TcMar-Tigger	1409	-	169	3396011	1114
chr4	103098495	103298495	harbor2	chr4	103102358	103102793	DNA/TcMar-Tigger	2273	-	218	103102576	4081
chr4	1482489	1682489	harbor2	chr4	1485707	1486035	DNA/TcMar-Tigger	1831	-	164	1485871	3382
chr4	1482489	1682489	harbor2	chr4	1524661	1524923	DNA/TcMar-Tigger	1177	-	131	1524792	42303
chr4	76849477	77049477	harbor2	chr4	76871902	76872235	DNA/TcMar-Tigger	2002	-	166	76872068	22591
chr4	76849477	77049477	harbor2	chr4	76911004	76911322	DNA/TcMar-Tigger	1420	-	159	76911163	61686
chr4	76849477	77049477	harbor2	chr4	76911338	76911440	DNA/TcMar-Tigger	479	-	51	76911389	61912
chr4	76849477	77049477	harbor2	chr4	76915908	76916063	DNA/TcMar-Tigger	936	-	78	76915986	66509
chr4	76849477	77049477	harbor2	chr4	76918945	76919714	DNA/TcMar-Tigger	15120	-	384	76919329	69852
chr4	76849477	77049477	harbor2	chr4	76920080	76921080	DNA/TcMar-Tigger	15120	-	500	76920580	71103
chr4	76849477	77049477	harbor2	chr4	76921355	76921656	DNA/TcMar-Tigger	15120	-	150	76921505	72028
chr4	76849477	77049477	harbor2	chr4	76921971	76922207	DNA/TcMar-Tigger	15120	-	118	76922089	72612
chr4	76849477	77049477	harbor2	chr4	76930746	76931048	DNA/TcMar-Tigger	1876	-	151	76930897	81420
chr4	76849477	77049477	harbor2	chr4	76931366	76931440	DNA/TcMar-Tigger	1876	-	37	76931403	81926
chr4	2363019	2563019	harbor2	chr4	2377796	2378057	DNA/TcMar-Tigger	1268	-	130	2377926	14907
chr4	2363019	2563019	harbor2	chr4	2378356	2378402	DNA/TcMar-Tigger	1268	-	23	2378379	15360
chr4	55296360	55496360	harbor2	chr4	55308258	55308510	DNA/TcMar-Tigger	6547	-	126	55308384	12024
chr4	55296360	55496360	harbor2	chr4	55308814	55309536	DNA/TcMar-Tigger	6547	-	361	55309175	12815
chr4	55296360	55496360	harbor2	chr4	55309846	55310141	DNA/TcMar-Tigger	6547	-	148	55309994	13634
chr5	87001616	87201616	harbor2	chr5	87006065	87006329	DNA/TcMar-Tigger	515	-	132	87006197	4581
chr5	87001616	87201616	harbor2	chr5	87006629	87006688	DNA/TcMar-Tigger	515	-	30	87006659	5043
chr5	87001616	87201616	harbor2	chr5	87065357	87065861	DNA/TcMar-Tigger	13951	-	252	87065609	63993
chr5	87001616	87201616	harbor2	chr5	87063103	87064999	DNA/TcMar-Tigger	13951	-	948	87064051	62435
chr5	135435988	135635988	harbor2	chr5	135485246	135485562	DNA/TcMar-Tigger	1939	-	158	135485404	49416
chr5	10341874	10541874	harbor2	chr5	10341891	10342079	DNA/TcMar-Tigger	1427	-	94	10341985	111
chr5	10341874	10541874	harbor2	chr5	10342367	10342500	DNA/TcMar-Tigger	1427	-	66	10342433	559
chr5	10341874	10541874	harbor2	chr5	10359494	10359667	DNA/TcMar-Tigger	771	-	86	10359580	17706
chr5	10341865	10541865	harbor2	chr5	10341891	10342079	DNA/TcMar-Tigger	1427	-	94	10341985	120
chr5	10341865	10541865	harbor2	chr5	10342367	10342500	DNA/TcMar-Tigger	1427	-	66	10342433	568
chr5	10341865	10541865	harbor2	chr5	10359494	10359667	DNA/TcMar-Tigger	771	-	86	10359580	17715
chr5	10341837	10541837	harbor2	chr5	10341891	10342079	DNA/TcMar-Tigger	1427	-	94	10341985	148
chr5	10341837	10541837	harbor2	chr5	10342367	10342500	DNA/TcMar-Tigger	1427	-	66	10342433	596
chr5	10341837	10541837	harbor2	chr5	10359494	10359667	DNA/TcMar-Tigger	771	-	86	10359580	17743
chr5	134425024	134625024	harbor2	chr5	134498310	134498576	DNA/TcMar-Tigger	2675	-	133	134498443	73419
chr5	134425024	134625024	harbor2	chr5	134498875	134499046	DNA/TcMar-Tigger	2675	-	86	134498961	73937
chr5	134425024	134625024	harbor2	chr5	134500658	134500969	DNA/TcMar-Tigger	1707	-	156	134500814	75790
chr5	134425024	134625024	harbor2	chr5	134479702	134480248	DNA/TcMar-Tigger	3083	-	273	134479975	54951
chr5	135980728	136180728	harbor2	chr5	136044782	136045088	DNA/TcMar-Tigger	1269	-	153	136044935	64207
chr5	10348809	10548809	harbor2	chr5	10359494	10359667	DNA/TcMar-Tigger	771	-	86	10359580	10771
chr5	76930492	77130492	harbor2	chr5	77021537	77021897	DNA/TcMar-Tigger	1009	-	180	77021717	91225
chr5	176018013	176218013	harbor2	chr5	176064191	176064618	DNA/TcMar-Tigger	2310	-	214	176064405	46392
chr5	176018013	176218013	harbor2	chr5	176068675	176068923	DNA/TcMar-Tigger	1288	-	124	176068799	50786
chr5	176018013	176218013	harbor2	chr5	176069210	176069554	DNA/TcMar-Tigger	1288	-	172	176069382	51369
chr5	154684770	154884770	harbor2	chr5	154772454	154772683	DNA/TcMar-Tigger	1316	-	114	154772568	87798
chr5	154684770	154884770	harbor2	chr5	154776975	154777218	DNA/TcMar-Tigger	1345	-	122	154777097	92327
chr5	154684770	154884770	harbor2	chr5	154777532	154777571	DNA/TcMar-Tigger	1345	-	20	154777552	92782
chr5	14760188	14960188	harbor2	chr5	14770333	14770611	DNA/TcMar-Tigger	1691	-	139	14770472	10284
chr5	14760188	14960188	harbor2	chr5	14770601	14770774	DNA/TcMar-Tigger	996	-	86	14770687	10499
chr5	14760188	14960188	harbor2	chr5	14774943	14775058	DNA/TcMar-Tigger	1783	-	58	14775001	14813
chr5	14760188	14960188	harbor2	chr5	14775337	14775535	DNA/TcMar-Tigger	1783	-	99	14775436	15248
chr5	78418676	78618676	harbor2	chr5	78468899	78469112	DNA/TcMar-Tigger	1040	-	106	78469005	50329
chr5	10341873	10541873	harbor2	chr5	10341891	10342079	DNA/TcMar-Tigger	1427	-	94	10341985	112
chr5	10341873	10541873	harbor2	chr5	10342367	10342500	DNA/TcMar-Tigger	1427	-	66	10342433	560
chr5	10341873	10541873	harbor2	chr5	10359494	10359667	DNA/TcMar-Tigger	771	-	86	10359580	17707
chr5	10341897	10541897	harbor2	chr5	10341891	10342079	DNA/TcMar-Tigger	1427	-	94	10341985	88
chr5	10341897	10541897	harbor2	chr5	10342367	10342500	DNA/TcMar-Tigger	1427	-	66	10342433	536
chr5	10341897	10541897	harbor2	chr5	10359494	10359667	DNA/TcMar-Tigger	771	-	86	10359580	17683
chr5	10341909	10541909	harbor2	chr5	10341891	10342079	DNA/TcMar-Tigger	1427	-	94	10341985	76
chr5	10341909	10541909	harbor2	chr5	10342367	10342500	DNA/TcMar-Tigger	1427	-	66	10342433	524
chr5	10341909	10541909	harbor2	chr5	10359494	10359667	DNA/TcMar-Tigger	771	-	86	10359580	17671
chr5	12782680	12982680	harbor2	chr5	12788427	12790476	DNA/TcMar-Tigger	8051	-	1024	12789451	6771
chr5	12782680	12982680	harbor2	chr5	12790976	12791097	DNA/TcMar-Tigger	8051	-	60	12791036	8356
chr5	10341893	10541893	harbor2	chr5	10341891	10342079	DNA/TcMar-Tigger	1427	-	94	10341985	92
chr5	10341893	10541893	harbor2	chr5	10342367	10342500	DNA/TcMar-Tigger	1427	-	66	10342433	540
chr5	10341893	10541893	harbor2	chr5	10359494	10359667	DNA/TcMar-Tigger	771	-	86	10359580	17687
chr5	10527792	10727792	harbor2	chr5	10586141	10586352	DNA/TcMar-Tigger	943	-	106	10586247	58455
chr5	135008272	135208272	harbor2	chr5	135098498	135098937	DNA/TcMar-Tigger	2948	-	220	135098718	90446
chr5	135008272	135208272	harbor2	chr5	135099218	135099327	DNA/TcMar-Tigger	2948	-	54	135099272	91000
chr5	10661105	10861105	harbor2	chr5	10704114	10704349	DNA/TcMar-Tigger	956	-	118	10704232	43127
chr5	10661105	10861105	harbor2	chr5	10727744	10728103	DNA/TcMar-Tigger	2096	-	180	10727924	66819
chr5	10661095	10861095	harbor2	chr5	10704114	10704349	DNA/TcMar-Tigger	956	-	118	10704232	43137
chr5	10661095	10861095	harbor2	chr5	10727744	10728103	DNA/TcMar-Tigger	2096	-	180	10727924	66829
chr5	9115023	9315023	harbor2	chr5	9117371	9117727	DNA/TcMar-Tigger	1835	-	178	9117549	2526
chr5	75136870	75336870	harbor2	chr5	75163243	75163658	DNA/TcMar-Tigger	2482	-	208	75163451	26581
chr5	10661799	10861799	harbor2	chr5	10704114	10704349	DNA/TcMar-Tigger	956	-	118	10704232	42433
chr5	10661799	10861799	harbor2	chr5	10727744	10728103	DNA/TcMar-Tigger	2096	-	180	10727924	66125
chr5	91180678	91380678	harbor2	chr5	91206231	91206430	DNA/TcMar-Tigger	4175	-	100	91206331	25653
chr5	91180678	91380678	harbor2	chr5	91206786	91207480	DNA/TcMar-Tigger	4175	-	347	91207133	26455
chr5	91180678	91380678	harbor2	chr5	91207506	91208268	DNA/TcMar-Tigger	4665	-	381	91207887	27209
chr5	91180678	91380678	harbor2	chr5	91208265	91208723	DNA/TcMar-Tigger	6134	-	229	91208494	27816
chr5	91180678	91380678	harbor2	chr5	91209033	91209590	DNA/TcMar-Tigger	6134	-	278	91209311	28633
chr5	91180678	91380678	harbor2	chr5	91209594	91209963	DNA/TcMar-Tigger	1732	-	184	91209778	29100
chr5	143113893	143313893	harbor2	chr5	143196332	143196970	DNA/TcMar-Tigger	3808	-	319	143196651	82758
chr5	10341849	10541849	harbor2	chr5	10341891	10342079	DNA/TcMar-Tigger	1427	-	94	10341985	136
chr5	10341849	10541849	harbor2	chr5	10342367	10342500	DNA/TcMar-Tigger	1427	-	66	10342433	584
chr5	10341849	10541849	harbor2	chr5	10359494	10359667	DNA/TcMar-Tigger	771	-	86	10359580	17731
chr5	134446054	134646054	harbor2	chr5	134498310	134498576	DNA/TcMar-Tigger	2675	-	133	134498443	52389
chr5	134446054	134646054	harbor2	chr5	134498875	134499046	DNA/TcMar-Tigger	2675	-	86	134498961	52907
chr5	134446054	134646054	harbor2	chr5	134500658	134500969	DNA/TcMar-Tigger	1707	-	156	134500814	54760
chr5	134446054	134646054	harbor2	chr5	134479702	134480248	DNA/TcMar-Tigger	3083	-	273	134479975	33921
chr5	135443984	135643984	harbor2	chr5	135485246	135485562	DNA/TcMar-Tigger	1939	-	158	135485404	41420
chr5	10341903	10541903	harbor2	chr5	10341891	10342079	DNA/TcMar-Tigger	1427	-	94	10341985	82
chr5	10341903	10541903	harbor2	chr5	10342367	10342500	DNA/TcMar-Tigger	1427	-	66	10342433	530
chr5	10341903	10541903	harbor2	chr5	10359494	10359667	DNA/TcMar-Tigger	771	-	86	10359580	17677
chr5	10341907	10541907	harbor2	chr5	10341891	10342079	DNA/TcMar-Tigger	1427	-	94	10341985	78
chr5	10341907	10541907	harbor2	chr5	10342367	10342500	DNA/TcMar-Tigger	1427	-	66	10342433	526
chr5	10341907	10541907	harbor2	chr5	10359494	10359667	DNA/TcMar-Tigger	771	-	86	10359580	17673
chr5	10341896	10541896	harbor2	chr5	10341891	10342079	DNA/TcMar-Tigger	1427	-	94	10341985	89
chr5	10341896	10541896	harbor2	chr5	10342367	10342500	DNA/TcMar-Tigger	1427	-	66	10342433	537
chr5	10341896	10541896	harbor2	chr5	10359494	10359667	DNA/TcMar-Tigger	771	-	86	10359580	17684
chr5	9115156	9315156	harbor2	chr5	9117371	9117727	DNA/TcMar-Tigger	1835	-	178	9117549	2393
chr5	135009155	135209155	harbor2	chr5	135098498	135098937	DNA/TcMar-Tigger	2948	-	220	135098718	89563
chr5	135009155	135209155	harbor2	chr5	135099218	135099327	DNA/TcMar-Tigger	2948	-	54	135099272	90117
chr5	134461279	134661279	harbor2	chr5	134498310	134498576	DNA/TcMar-Tigger	2675	-	133	134498443	37164
chr5	134461279	134661279	harbor2	chr5	134498875	134499046	DNA/TcMar-Tigger	2675	-	86	134498961	37682
chr5	134461279	134661279	harbor2	chr5	134500658	134500969	DNA/TcMar-Tigger	1707	-	156	134500814	39535
chr5	134461279	134661279	harbor2	chr5	134479702	134480248	DNA/TcMar-Tigger	3083	-	273	134479975	18696
chr5	135034308	135234308	harbor2	chr5	135098498	135098937	DNA/TcMar-Tigger	2948	-	220	135098718	64410
chr5	135034308	135234308	harbor2	chr5	135099218	135099327	DNA/TcMar-Tigger	2948	-	54	135099272	64964
chr5	168386830	168586830	harbor2	chr5	168416767	168416860	DNA/TcMar-Tigger	686	-	46	168416813	29983
chr5	168386830	168586830	harbor2	chr5	168417166	168417268	DNA/TcMar-Tigger	686	-	51	168417217	30387
chr5	168386830	168586830	harbor2	chr5	168480141	168480419	DNA/TcMar-Tigger	3196	-	139	168480280	93450
chr5	168386830	168586830	harbor2	chr5	168480729	168481292	DNA/TcMar-Tigger	3196	-	282	168481011	94181
chr5	168386830	168586830	harbor2	chr5	168481297	168481374	DNA/TcMar-Tigger	466	-	38	168481335	94505
chr5	73405863	73605863	harbor2	chr5	73495151	73495382	DNA/TcMar-Tigger	1284	-	116	73495267	89404
chr5	7883420	8083420	harbor2	chr5	7884288	7884599	DNA/TcMar-Tigger	1074	-	156	7884444	1024
chr5	7883420	8083420	harbor2	chr5	7918834	7918958	DNA/TcMar-Tigger	729	-	62	7918896	35476
chr5	7883420	8083420	harbor2	chr5	7918975	7919141	DNA/TcMar-Tigger	630	-	83	7919058	35638
chr5	92439	292439	harbor2	chr5	113898	114460	DNA/TcMar-Tigger	15060	-	281	114179	21740
chr5	92439	292439	harbor2	chr5	114719	116513	DNA/TcMar-Tigger	15060	-	897	115616	23177
chr5	92439	292439	harbor2	chr5	118581	118729	DNA/TcMar-Tigger	913	-	74	118655	26216
chr5	92439	292439	harbor2	chr5	178756	179066	DNA/TcMar-Tigger	1238	-	155	178911	86472
chr5	78833634	79033634	harbor2	chr5	78863790	78863918	DNA/TcMar-Tigger	443	-	64	78863854	30220
chr5	78833634	79033634	harbor2	chr5	78915623	78915966	DNA/TcMar-Tigger	2278	-	172	78915795	82161
chr5	415349	615349	harbor2	chr5	456101	456406	DNA/TcMar-Tigger	1088	-	152	456253	40904
chr5	137654191	137854191	harbor2	chr5	137663024	137663056	DNA/TcMar-Tigger	1423	-	16	137663040	8849
chr5	137654191	137854191	harbor2	chr5	137663357	137663739	DNA/TcMar-Tigger	1423	-	191	137663548	9357
chr5	135088316	135288316	harbor2	chr5	135098498	135098937	DNA/TcMar-Tigger	2948	-	220	135098718	10402
chr5	135088316	135288316	harbor2	chr5	135099218	135099327	DNA/TcMar-Tigger	2948	-	54	135099272	10956
chr5	135088316	135288316	harbor2	chr5	135181049	135181311	DNA/TcMar-Tigger	2861	-	131	135181180	92864
chr5	135088316	135288316	harbor2	chr5	135181532	135181709	DNA/TcMar-Tigger	2861	-	88	135181620	93304
chr5	135088316	135288316	harbor2	chr5	135182020	135182195	DNA/TcMar-Tigger	2861	-	88	135182108	93792
chr5	382510	582510	harbor2	chr5	456101	456406	DNA/TcMar-Tigger	1088	-	152	456253	73743
chr5	100503	300503	harbor2	chr5	113898	114460	DNA/TcMar-Tigger	15060	-	281	114179	13676
chr5	100503	300503	harbor2	chr5	114719	116513	DNA/TcMar-Tigger	15060	-	897	115616	15113
chr5	100503	300503	harbor2	chr5	118581	118729	DNA/TcMar-Tigger	913	-	74	118655	18152
chr5	100503	300503	harbor2	chr5	178756	179066	DNA/TcMar-Tigger	1238	-	155	178911	78408
chr5	10342482	10542482	harbor2	chr5	10342367	10342500	DNA/TcMar-Tigger	1427	-	66	10342433	49
chr5	10342482	10542482	harbor2	chr5	10359494	10359667	DNA/TcMar-Tigger	771	-	86	10359580	17098
chr5	135018132	135218132	harbor2	chr5	135098498	135098937	DNA/TcMar-Tigger	2948	-	220	135098718	80586
chr5	135018132	135218132	harbor2	chr5	135099218	135099327	DNA/TcMar-Tigger	2948	-	54	135099272	81140
chr5	50869990	51069990	harbor2	chr5	50889423	50890487	DNA/TcMar-Tigger	5955	-	532	50889955	19965
chr5	50869990	51069990	harbor2	chr5	50913584	50913754	DNA/TcMar-Tigger	1141	-	85	50913669	43679
chr5	50869990	51069990	harbor2	chr5	50915229	50917608	DNA/TcMar-Tigger	14205	-	1190	50916419	46429
chr5	50869990	51069990	harbor2	chr5	50949908	50950510	DNA/TcMar-Tigger	1889	-	301	50950209	80219
chr6	7720332	7920332	harbor2	chr6	7723973	7724326	DNA/TcMar-Tigger	2358	-	176	7724149	3817
chr6	147104110	147304110	harbor2	chr6	147121886	147122227	DNA/TcMar-Tigger	716	-	170	147122056	17946
chr6	7626958	7826958	harbor2	chr6	7637825	7638151	DNA/TcMar-Tigger	1572	-	163	7637988	11030
chr6	7626958	7826958	harbor2	chr6	7652325	7652525	DNA/TcMar-Tigger	633	-	100	7652425	25467
chr6	7626958	7826958	harbor2	chr6	7666449	7666767	DNA/TcMar-Tigger	2001	-	159	7666608	39650
chr6	7626958	7826958	harbor2	chr6	7723973	7724326	DNA/TcMar-Tigger	2358	-	176	7724149	97191
chr6	125225390	125425390	harbor2	chr6	125291332	125291660	DNA/TcMar-Tigger	858	-	164	125291496	66106
chr6	37071463	37271463	harbor2	chr6	37071868	37072177	DNA/TcMar-Tigger	894	-	154	37072022	559
chr6	37071463	37271463	harbor2	chr6	37096894	37097111	DNA/TcMar-Tigger	857	-	108	37097002	25539
chr6	37071463	37271463	harbor2	chr6	37097387	37097468	DNA/TcMar-Tigger	857	-	40	37097427	25964
chr6	32870211	33070211	harbor2	chr6	32891326	32891541	DNA/TcMar-Tigger	2565	-	108	32891434	21223
chr6	32870211	33070211	harbor2	chr6	32891833	32892056	DNA/TcMar-Tigger	2565	-	112	32891945	21734
chr6	32870211	33070211	harbor2	chr6	32903566	32903846	DNA/TcMar-Tigger	1038	-	140	32903706	33495
chr6	32870211	33070211	harbor2	chr6	32963642	32963865	DNA/TcMar-Tigger	1169	-	112	32963754	93543
chr6	32870211	33070211	harbor2	chr6	32899001	32899319	DNA/TcMar-Tigger	1642	-	159	32899160	28949
chr6	118834580	119034580	harbor2	chr6	118851939	118852269	DNA/TcMar-Tigger	1881	-	165	118852104	17524
chr6	118834580	119034580	harbor2	chr6	118880858	118881170	DNA/TcMar-Tigger	1770	-	156	118881014	46434
chr6	118834580	119034580	harbor2	chr6	118926172	118926505	DNA/TcMar-Tigger	1988	-	166	118926338	91758
chr6	29530473	29730473	harbor2	chr6	29560626	29560974	DNA/TcMar-Tigger	2032	-	174	29560800	30327
chr6	29530473	29730473	harbor2	chr6	29577164	29577340	DNA/TcMar-Tigger	858	-	88	29577252	46779
chr6	29530473	29730473	harbor2	chr6	29589777	29590122	DNA/TcMar-Tigger	2241	-	172	29589949	59476
chr6	37002837	37202837	harbor2	chr6	37036082	37036237	DNA/TcMar-Tigger	842	-	78	37036160	33323
chr6	37002837	37202837	harbor2	chr6	37036555	37036598	DNA/TcMar-Tigger	842	-	22	37036577	33740
chr6	37002837	37202837	harbor2	chr6	37037363	37037473	DNA/TcMar-Tigger	563	-	55	37037418	34581
chr6	37002837	37202837	harbor2	chr6	37071868	37072177	DNA/TcMar-Tigger	894	-	154	37072022	69185
chr6	37002837	37202837	harbor2	chr6	37096894	37097111	DNA/TcMar-Tigger	857	-	108	37097002	94165
chr6	37002837	37202837	harbor2	chr6	37097387	37097468	DNA/TcMar-Tigger	857	-	40	37097427	94590
chr6	10445756	10645756	harbor2	chr6	10509374	10509732	DNA/TcMar-Tigger	2375	-	179	10509553	63797
chr6	10445756	10645756	harbor2	chr6	10537334	10537418	DNA/TcMar-Tigger	2476	-	42	10537376	91620
chr6	10445756	10645756	harbor2	chr6	10537727	10538125	DNA/TcMar-Tigger	2476	-	199	10537926	92170
chr6	10445756	10645756	harbor2	chr6	10538439	10538487	DNA/TcMar-Tigger	2476	-	24	10538463	92707
chr6	7626956	7826956	harbor2	chr6	7637825	7638151	DNA/TcMar-Tigger	1572	-	163	7637988	11032
chr6	7626956	7826956	harbor2	chr6	7652325	7652525	DNA/TcMar-Tigger	633	-	100	7652425	25469
chr6	7626956	7826956	harbor2	chr6	7666449	7666767	DNA/TcMar-Tigger	2001	-	159	7666608	39652
chr6	7626956	7826956	harbor2	chr6	7723973	7724326	DNA/TcMar-Tigger	2358	-	176	7724149	97193
chr6	139488617	139688617	harbor2	chr6	139491744	139491876	DNA/TcMar-Tigger	849	-	66	139491810	3193
chr6	139488617	139688617	harbor2	chr6	139493426	139493667	DNA/TcMar-Tigger	2118	-	120	139493546	4929
chr6	139488617	139688617	harbor2	chr6	139493966	139494243	DNA/TcMar-Tigger	2118	-	138	139494104	5487
chr6	139488617	139688617	harbor2	chr6	139584454	139584873	DNA/TcMar-Tigger	2489	-	210	139584664	96047
chr6	15418325	15618325	harbor2	chr6	15459206	15459546	DNA/TcMar-Tigger	1698	-	170	15459376	41051
chr6	169864631	170064631	harbor2	chr6	169886477	169886709	DNA/TcMar-Tigger	492	-	116	169886593	21962
chr6	169864631	170064631	harbor2	chr6	169922950	169923523	DNA/TcMar-Tigger	743	-	286	169923236	58605
chr6	139275464	139475464	harbor2	chr6	139353526	139353979	DNA/TcMar-Tigger	612	-	226	139353752	78288
chr6	43073296	43273296	harbor2	chr6	43079120	43079185	DNA/TcMar-Tigger	557	-	32	43079152	5856
chr6	43073296	43273296	harbor2	chr6	43079516	43079590	DNA/TcMar-Tigger	557	-	37	43079553	6257
chr6	170009885	170209885	harbor2	chr6	170104540	170104749	DNA/TcMar-Tigger	564	-	104	170104644	94759
chr6	63473867	63673867	harbor2	chr6	63518856	63519032	DNA/TcMar-Tigger	914	-	88	63518944	45077
chr6	63473867	63673867	harbor2	chr6	63519319	63519462	DNA/TcMar-Tigger	914	-	72	63519391	45524
chr6	63473867	63673867	harbor2	chr6	63565942	63566098	DNA/TcMar-Tigger	13698	-	78	63566020	92153
chr6	63473867	63673867	harbor2	chr6	63566560	63568698	DNA/TcMar-Tigger	13698	-	1069	63567629	93762
chr6	139275450	139475450	harbor2	chr6	139353526	139353979	DNA/TcMar-Tigger	612	-	226	139353752	78302
chr6	169863955	170063955	harbor2	chr6	169886477	169886709	DNA/TcMar-Tigger	492	-	116	169886593	22638
chr6	169863955	170063955	harbor2	chr6	169922950	169923523	DNA/TcMar-Tigger	743	-	286	169923236	59281
chr6	7629037	7829037	harbor2	chr6	7637825	7638151	DNA/TcMar-Tigger	1572	-	163	7637988	8951
chr6	7629037	7829037	harbor2	chr6	7652325	7652525	DNA/TcMar-Tigger	633	-	100	7652425	23388
chr6	7629037	7829037	harbor2	chr6	7666449	7666767	DNA/TcMar-Tigger	2001	-	159	7666608	37571
chr6	7629037	7829037	harbor2	chr6	7723973	7724326	DNA/TcMar-Tigger	2358	-	176	7724149	95112
chr6	41095053	41295053	harbor2	chr6	41148256	41148616	DNA/TcMar-Tigger	1841	-	180	41148436	53383
chr6	139275453	139475453	harbor2	chr6	139353526	139353979	DNA/TcMar-Tigger	612	-	226	139353752	78299
chr6	37071432	37271432	harbor2	chr6	37071868	37072177	DNA/TcMar-Tigger	894	-	154	37072022	590
chr6	37071432	37271432	harbor2	chr6	37096894	37097111	DNA/TcMar-Tigger	857	-	108	37097002	25570
chr6	37071432	37271432	harbor2	chr6	37097387	37097468	DNA/TcMar-Tigger	857	-	40	37097427	25995
chr6	139275439	139475439	harbor2	chr6	139353526	139353979	DNA/TcMar-Tigger	612	-	226	139353752	78313
chr6	90487353	90687353	harbor2	chr6	90555635	90556294	DNA/TcMar-Tigger	3264	-	330	90555965	68612
chr6	167863275	168063275	harbor2	chr6	167883504	167885833	DNA/TcMar-Tigger	13660	-	1164	167884668	21393
chr6	167863275	168063275	harbor2	chr6	167902469	167902801	DNA/TcMar-Tigger	1729	-	166	167902635	39360
chr6	167863275	168063275	harbor2	chr6	167944570	167945723	DNA/TcMar-Tigger	5463	-	576	167945146	81871
chr6	7626983	7826983	harbor2	chr6	7637825	7638151	DNA/TcMar-Tigger	1572	-	163	7637988	11005
chr6	7626983	7826983	harbor2	chr6	7652325	7652525	DNA/TcMar-Tigger	633	-	100	7652425	25442
chr6	7626983	7826983	harbor2	chr6	7666449	7666767	DNA/TcMar-Tigger	2001	-	159	7666608	39625
chr6	7626983	7826983	harbor2	chr6	7723973	7724326	DNA/TcMar-Tigger	2358	-	176	7724149	97166
chr6	37074400	37274400	harbor2	chr6	37096894	37097111	DNA/TcMar-Tigger	857	-	108	37097002	22602
chr6	37074400	37274400	harbor2	chr6	37097387	37097468	DNA/TcMar-Tigger	857	-	40	37097427	23027
chr6	161064077	161264077	harbor2	chr6	161065574	161065656	DNA/TcMar-Tigger	957	-	41	161065615	1538
chr6	161064077	161264077	harbor2	chr6	161065961	161066075	DNA/TcMar-Tigger	957	-	57	161066018	1941
chr6	138473227	138673227	harbor2	chr6	138479042	138479708	DNA/TcMar-Tigger	3332	-	333	138479375	6148
chr6	138473227	138673227	harbor2	chr6	138480134	138480294	DNA/TcMar-Tigger	606	-	80	138480214	6987
chr6	138473227	138673227	harbor2	chr6	138491740	138491965	DNA/TcMar-Tigger	1493	-	112	138491852	18625
chr6	138473227	138673227	harbor2	chr6	138501726	138502045	DNA/TcMar-Tigger	1510	-	160	138501886	28659
chr6	138473227	138673227	harbor2	chr6	138514379	138514635	DNA/TcMar-Tigger	1679	-	128	138514507	41280
chr6	138473227	138673227	harbor2	chr6	138514924	138515262	DNA/TcMar-Tigger	1679	-	169	138515093	41866
chr6	156760880	156960880	harbor2	chr6	156788593	156788776	DNA/TcMar-Tigger	487	-	92	156788685	27805
chr6	156760880	156960880	harbor2	chr6	156857704	156857969	DNA/TcMar-Tigger	1686	-	132	156857836	96956
chr6	156760880	156960880	harbor2	chr6	156858863	156859116	DNA/TcMar-Tigger	1433	-	126	156858989	98109
chr6	156760880	156960880	harbor2	chr6	156859274	156859338	DNA/TcMar-Tigger	463	-	32	156859306	98426
chr6	7628030	7828030	harbor2	chr6	7637825	7638151	DNA/TcMar-Tigger	1572	-	163	7637988	9958
chr6	7628030	7828030	harbor2	chr6	7652325	7652525	DNA/TcMar-Tigger	633	-	100	7652425	24395
chr6	7628030	7828030	harbor2	chr6	7666449	7666767	DNA/TcMar-Tigger	2001	-	159	7666608	38578
chr6	7628030	7828030	harbor2	chr6	7723973	7724326	DNA/TcMar-Tigger	2358	-	176	7724149	96119
chr6	139292147	139492147	harbor2	chr6	139353526	139353979	DNA/TcMar-Tigger	612	-	226	139353752	61605
chr6	139275441	139475441	harbor2	chr6	139353526	139353979	DNA/TcMar-Tigger	612	-	226	139353752	78311
chr6	43872696	44072696	harbor2	chr6	43894251	43894472	DNA/TcMar-Tigger	592	-	110	43894361	21665
chr6	37189816	37389816	harbor2	chr6	37193720	37193936	DNA/TcMar-Tigger	729	-	108	37193828	4012
chr6	139275444	139475444	harbor2	chr6	139353526	139353979	DNA/TcMar-Tigger	612	-	226	139353752	78308
chr6	167863262	168063262	harbor2	chr6	167883504	167885833	DNA/TcMar-Tigger	13660	-	1164	167884668	21406
chr6	167863262	168063262	harbor2	chr6	167902469	167902801	DNA/TcMar-Tigger	1729	-	166	167902635	39373
chr6	167863262	168063262	harbor2	chr6	167944570	167945723	DNA/TcMar-Tigger	5463	-	576	167945146	81884
chr6	37073934	37273934	harbor2	chr6	37096894	37097111	DNA/TcMar-Tigger	857	-	108	37097002	23068
chr6	37073934	37273934	harbor2	chr6	37097387	37097468	DNA/TcMar-Tigger	857	-	40	37097427	23493
chr6	37072538	37272538	harbor2	chr6	37096894	37097111	DNA/TcMar-Tigger	857	-	108	37097002	24464
chr6	37072538	37272538	harbor2	chr6	37097387	37097468	DNA/TcMar-Tigger	857	-	40	37097427	24889
chr6	165561181	165761181	harbor2	chr6	165570771	165570919	DNA/TcMar-Tigger	754	-	74	165570845	9664
chr6	165561181	165761181	harbor2	chr6	165570932	165571044	DNA/TcMar-Tigger	533	-	56	165570988	9807
chr6	165561181	165761181	harbor2	chr6	165622309	165622644	DNA/TcMar-Tigger	1980	-	168	165622477	61296
chr6	33522490	33722490	harbor2	chr6	33539971	33540388	DNA/TcMar-Tigger	2687	-	208	33540179	17689
chr6	33522490	33722490	harbor2	chr6	33542495	33542530	DNA/TcMar-Tigger	2687	-	18	33542513	20023
chr6	33522490	33722490	harbor2	chr6	33542847	33542996	DNA/TcMar-Tigger	2687	-	74	33542921	20431
chr6	33522490	33722490	harbor2	chr6	33550202	33550246	DNA/TcMar-Tigger	941	-	22	33550224	27734
chr6	33522490	33722490	harbor2	chr6	33550558	33550716	DNA/TcMar-Tigger	941	-	79	33550637	28147
chr6	127169085	127369085	harbor2	chr6	127246455	127246781	DNA/TcMar-Tigger	1778	-	163	127246618	77533
chr6	152219275	152419275	harbor2	chr6	152303539	152303880	DNA/TcMar-Tigger	1889	-	170	152303709	84434
chr6	169887372	170087372	harbor2	chr6	169922950	169923523	DNA/TcMar-Tigger	743	-	286	169923236	35864
chr6	139275438	139475438	harbor2	chr6	139353526	139353979	DNA/TcMar-Tigger	612	-	226	139353752	78314
chr6	127168838	127368838	harbor2	chr6	127246455	127246781	DNA/TcMar-Tigger	1778	-	163	127246618	77780
chr6	47581748	47781748	harbor2	chr6	47612893	47614780	DNA/TcMar-Tigger	10439	-	944	47613837	32089
chr6	47581748	47781748	harbor2	chr6	47650063	47650404	DNA/TcMar-Tigger	2190	-	170	47650233	68485
chr6	139336768	139536768	harbor2	chr6	139353526	139353979	DNA/TcMar-Tigger	612	-	226	139353752	16984
chr6	43739619	43939619	harbor2	chr6	43813998	43814693	DNA/TcMar-Tigger	1697	-	348	43814346	74727
chr6	43739619	43939619	harbor2	chr6	43832195	43832350	DNA/TcMar-Tigger	786	-	78	43832273	92654
chr6	52477059	52677059	harbor2	chr6	52479987	52480400	DNA/TcMar-Tigger	2352	-	206	52480193	3134
chr6	52477059	52677059	harbor2	chr6	52481965	52482061	DNA/TcMar-Tigger	4637	-	48	52482013	4954
chr6	52477059	52677059	harbor2	chr6	52482357	52483305	DNA/TcMar-Tigger	4637	-	474	52482831	5772
chr6	52477059	52677059	harbor2	chr6	52538813	52539450	DNA/TcMar-Tigger	3687	-	318	52539131	62072
chr6	37002843	37202843	harbor2	chr6	37036082	37036237	DNA/TcMar-Tigger	842	-	78	37036160	33317
chr6	37002843	37202843	harbor2	chr6	37036555	37036598	DNA/TcMar-Tigger	842	-	22	37036577	33734
chr6	37002843	37202843	harbor2	chr6	37037363	37037473	DNA/TcMar-Tigger	563	-	55	37037418	34575
chr6	37002843	37202843	harbor2	chr6	37071868	37072177	DNA/TcMar-Tigger	894	-	154	37072022	69179
chr6	37002843	37202843	harbor2	chr6	37096894	37097111	DNA/TcMar-Tigger	857	-	108	37097002	94159
chr6	37002843	37202843	harbor2	chr6	37097387	37097468	DNA/TcMar-Tigger	857	-	40	37097427	94584
chr6	30370013	30570013	harbor2	chr6	30399537	30400633	DNA/TcMar-Tigger	6738	-	548	30400085	30072
chr6	30370013	30570013	harbor2	chr6	30401522	30401888	DNA/TcMar-Tigger	1521	-	183	30401705	31692
chr6	108995339	109195339	harbor2	chr6	109024553	109024904	DNA/TcMar-Tigger	1649	-	176	109024729	29390
chr6	108995339	109195339	harbor2	chr6	109031817	109032017	DNA/TcMar-Tigger	1206	-	100	109031917	36578
chr6	108995339	109195339	harbor2	chr6	109037997	109038211	DNA/TcMar-Tigger	1237	-	107	109038104	42765
chr6	108995339	109195339	harbor2	chr6	109038512	109038784	DNA/TcMar-Tigger	1237	-	136	109038648	43309
chr6	108995339	109195339	harbor2	chr6	109062656	109062969	DNA/TcMar-Tigger	1716	-	156	109062812	67473
chr6	108995339	109195339	harbor2	chr6	109076847	109077191	DNA/TcMar-Tigger	2082	-	172	109077019	81680
chr6	108995339	109195339	harbor2	chr6	109090338	109090765	DNA/TcMar-Tigger	2843	-	214	109090552	95213
chr6	4985270	5185270	harbor2	chr6	5010715	5010765	DNA/TcMar-Tigger	475	-	25	5010740	25470
chr6	4985270	5185270	harbor2	chr6	5011045	5011134	DNA/TcMar-Tigger	475	-	44	5011089	25819
chr6	139373354	139573354	harbor2	chr6	139463732	139463809	DNA/TcMar-Tigger	479	-	38	139463770	90416
chr6	52185079	52385079	harbor2	chr6	52239839	52240154	DNA/TcMar-Tigger	503	-	158	52239997	54918
chr6	52185079	52385079	harbor2	chr6	52240459	52240727	DNA/TcMar-Tigger	503	-	134	52240593	55514
chr6	3749942	3949942	harbor2	chr6	3809334	3809493	DNA/TcMar-Tigger	865	-	80	3809414	59472
chr6	3749942	3949942	harbor2	chr6	3809756	3809954	DNA/TcMar-Tigger	865	-	99	3809855	59913
chr6	3749942	3949942	harbor2	chr6	3846235	3846630	DNA/TcMar-Tigger	2415	-	198	3846433	96491
chr6	3749942	3949942	harbor2	chr6	3846625	3848261	DNA/TcMar-Tigger	11085	-	818	3847443	97501
chr6	39129464	39329464	harbor2	chr6	39212999	39213108	DNA/TcMar-Tigger	464	-	54	39213053	83589
chr6	151352799	151552799	harbor2	chr6	151381903	151382237	DNA/TcMar-Tigger	2047	-	167	151382070	29271
chr6	125542072	125742072	harbor2	chr6	125547355	125547564	DNA/TcMar-Tigger	615	-	104	125547459	5387
chr6	169873505	170073505	harbor2	chr6	169886477	169886709	DNA/TcMar-Tigger	492	-	116	169886593	13088
chr6	169873505	170073505	harbor2	chr6	169922950	169923523	DNA/TcMar-Tigger	743	-	286	169923236	49731
chr6	139275442	139475442	harbor2	chr6	139353526	139353979	DNA/TcMar-Tigger	612	-	226	139353752	78310
chr6	146813947	147013947	harbor2	chr6	146836247	146836486	DNA/TcMar-Tigger	1098	-	120	146836367	22420
chr6	133854144	134054144	harbor2	chr6	133916377	133916463	DNA/TcMar-Tigger	555	-	43	133916420	62276
chr6	133854144	134054144	harbor2	chr6	133916774	133916898	DNA/TcMar-Tigger	460	-	62	133916836	62692
chr6	41092984	41292984	harbor2	chr6	41148256	41148616	DNA/TcMar-Tigger	1841	-	180	41148436	55452
chr6	37072323	37272323	harbor2	chr6	37096894	37097111	DNA/TcMar-Tigger	857	-	108	37097002	24679
chr6	37072323	37272323	harbor2	chr6	37097387	37097468	DNA/TcMar-Tigger	857	-	40	37097427	25104
chr6	139276317	139476317	harbor2	chr6	139353526	139353979	DNA/TcMar-Tigger	612	-	226	139353752	77435
chr6	127167575	127367575	harbor2	chr6	127246455	127246781	DNA/TcMar-Tigger	1778	-	163	127246618	79043
chr6	124977679	125177679	harbor2	chr6	125007768	125007974	DNA/TcMar-Tigger	1516	-	103	125007871	30192
chr6	124977679	125177679	harbor2	chr6	125008269	125008390	DNA/TcMar-Tigger	1516	-	60	125008329	30650
chr6	37002888	37202888	harbor2	chr6	37036082	37036237	DNA/TcMar-Tigger	842	-	78	37036160	33272
chr6	37002888	37202888	harbor2	chr6	37036555	37036598	DNA/TcMar-Tigger	842	-	22	37036577	33689
chr6	37002888	37202888	harbor2	chr6	37037363	37037473	DNA/TcMar-Tigger	563	-	55	37037418	34530
chr6	37002888	37202888	harbor2	chr6	37071868	37072177	DNA/TcMar-Tigger	894	-	154	37072022	69134
chr6	37002888	37202888	harbor2	chr6	37096894	37097111	DNA/TcMar-Tigger	857	-	108	37097002	94114
chr6	37002888	37202888	harbor2	chr6	37097387	37097468	DNA/TcMar-Tigger	857	-	40	37097427	94539
chr6	169864808	170064808	harbor2	chr6	169886477	169886709	DNA/TcMar-Tigger	492	-	116	169886593	21785
chr6	169864808	170064808	harbor2	chr6	169922950	169923523	DNA/TcMar-Tigger	743	-	286	169923236	58428
chr6	37071349	37271349	harbor2	chr6	37071868	37072177	DNA/TcMar-Tigger	894	-	154	37072022	673
chr6	37071349	37271349	harbor2	chr6	37096894	37097111	DNA/TcMar-Tigger	857	-	108	37097002	25653
chr6	37071349	37271349	harbor2	chr6	37097387	37097468	DNA/TcMar-Tigger	857	-	40	37097427	26078
chr6	139419971	139619971	harbor2	chr6	139463732	139463809	DNA/TcMar-Tigger	479	-	38	139463770	43799
chr6	139419971	139619971	harbor2	chr6	139478169	139478535	DNA/TcMar-Tigger	3319	-	183	139478352	58381
chr6	139419971	139619971	harbor2	chr6	139478845	139478867	DNA/TcMar-Tigger	3319	-	11	139478856	58885
chr6	139419971	139619971	harbor2	chr6	139479165	139479474	DNA/TcMar-Tigger	3319	-	154	139479319	59348
chr6	139419971	139619971	harbor2	chr6	139491744	139491876	DNA/TcMar-Tigger	849	-	66	139491810	71839
chr6	139419971	139619971	harbor2	chr6	139493426	139493667	DNA/TcMar-Tigger	2118	-	120	139493546	73575
chr6	139419971	139619971	harbor2	chr6	139493966	139494243	DNA/TcMar-Tigger	2118	-	138	139494104	74133
chr6	37003451	37203451	harbor2	chr6	37036082	37036237	DNA/TcMar-Tigger	842	-	78	37036160	32709
chr6	37003451	37203451	harbor2	chr6	37036555	37036598	DNA/TcMar-Tigger	842	-	22	37036577	33126
chr6	37003451	37203451	harbor2	chr6	37037363	37037473	DNA/TcMar-Tigger	563	-	55	37037418	33967
chr6	37003451	37203451	harbor2	chr6	37071868	37072177	DNA/TcMar-Tigger	894	-	154	37072022	68571
chr6	37003451	37203451	harbor2	chr6	37096894	37097111	DNA/TcMar-Tigger	857	-	108	37097002	93551
chr6	37003451	37203451	harbor2	chr6	37097387	37097468	DNA/TcMar-Tigger	857	-	40	37097427	93976
chr6	170065662	170265662	harbor2	chr6	170104540	170104749	DNA/TcMar-Tigger	564	-	104	170104644	38982
chr6	139275455	139475455	harbor2	chr6	139353526	139353979	DNA/TcMar-Tigger	612	-	226	139353752	78297
chr6	11912017	12112017	harbor2	chr6	11995165	11995438	DNA/TcMar-Tigger	4313	-	136	11995301	83284
chr6	11912017	12112017	harbor2	chr6	11995749	11996214	DNA/TcMar-Tigger	4313	-	232	11995981	83964
chr6	11912017	12112017	harbor2	chr6	11996215	11996322	DNA/TcMar-Tigger	614	-	54	11996269	84252
chr6	11912017	12112017	harbor2	chr6	12002625	12002727	DNA/TcMar-Tigger	1007	-	51	12002676	90659
chr6	11912017	12112017	harbor2	chr6	12003019	12003229	DNA/TcMar-Tigger	1007	-	105	12003124	91107
chr6	37072379	37272379	harbor2	chr6	37096894	37097111	DNA/TcMar-Tigger	857	-	108	37097002	24623
chr6	37072379	37272379	harbor2	chr6	37097387	37097468	DNA/TcMar-Tigger	857	-	40	37097427	25048
chr6	151205921	151405921	harbor2	chr6	151228144	151228325	DNA/TcMar-Tigger	799	-	90	151228234	22313
chr6	42647524	42847524	harbor2	chr6	42683613	42683762	DNA/TcMar-Tigger	855	-	74	42683687	36163
chr6	37071596	37271596	harbor2	chr6	37071868	37072177	DNA/TcMar-Tigger	894	-	154	37072022	426
chr6	37071596	37271596	harbor2	chr6	37096894	37097111	DNA/TcMar-Tigger	857	-	108	37097002	25406
chr6	37071596	37271596	harbor2	chr6	37097387	37097468	DNA/TcMar-Tigger	857	-	40	37097427	25831
chr6	167863251	168063251	harbor2	chr6	167883504	167885833	DNA/TcMar-Tigger	13660	-	1164	167884668	21417
chr6	167863251	168063251	harbor2	chr6	167902469	167902801	DNA/TcMar-Tigger	1729	-	166	167902635	39384
chr6	167863251	168063251	harbor2	chr6	167944570	167945723	DNA/TcMar-Tigger	5463	-	576	167945146	81895
chr6	37070833	37270833	harbor2	chr6	37071868	37072177	DNA/TcMar-Tigger	894	-	154	37072022	1189
chr6	37070833	37270833	harbor2	chr6	37096894	37097111	DNA/TcMar-Tigger	857	-	108	37097002	26169
chr6	37070833	37270833	harbor2	chr6	37097387	37097468	DNA/TcMar-Tigger	857	-	40	37097427	26594
chr6	52190864	52390864	harbor2	chr6	52239839	52240154	DNA/TcMar-Tigger	503	-	158	52239997	49133
chr6	52190864	52390864	harbor2	chr6	52240459	52240727	DNA/TcMar-Tigger	503	-	134	52240593	49729
chr6	23317064	23517064	harbor2	chr6	23335405	23336037	DNA/TcMar-Tigger	3068	-	316	23335721	18657
chr6	23317064	23517064	harbor2	chr6	23366234	23366431	DNA/TcMar-Tigger	1239	-	98	23366332	49268
chr6	23317064	23517064	harbor2	chr6	23393321	23393561	DNA/TcMar-Tigger	1109	-	120	23393441	76377
chr6	23317064	23517064	harbor2	chr6	23394295	23395138	DNA/TcMar-Tigger	3372	-	422	23394717	77653
chr6	139275447	139475447	harbor2	chr6	139353526	139353979	DNA/TcMar-Tigger	612	-	226	139353752	78305
chr6	37073886	37273886	harbor2	chr6	37096894	37097111	DNA/TcMar-Tigger	857	-	108	37097002	23116
chr6	37073886	37273886	harbor2	chr6	37097387	37097468	DNA/TcMar-Tigger	857	-	40	37097427	23541
chr6	167863272	168063272	harbor2	chr6	167883504	167885833	DNA/TcMar-Tigger	13660	-	1164	167884668	21396
chr6	167863272	168063272	harbor2	chr6	167902469	167902801	DNA/TcMar-Tigger	1729	-	166	167902635	39363
chr6	167863272	168063272	harbor2	chr6	167944570	167945723	DNA/TcMar-Tigger	5463	-	576	167945146	81874
chr6	64723204	64923204	harbor2	chr6	64741013	64742487	DNA/TcMar-Tigger	8518	-	737	64741750	18546
chr6	169864138	170064138	harbor2	chr6	169886477	169886709	DNA/TcMar-Tigger	492	-	116	169886593	22455
chr6	169864138	170064138	harbor2	chr6	169922950	169923523	DNA/TcMar-Tigger	743	-	286	169923236	59098
chr6	170478408	170678408	harbor2	chr6	170506511	170506552	DNA/TcMar-Tigger	2313	-	20	170506531	28123
chr6	170478408	170678408	harbor2	chr6	170507209	170507576	DNA/TcMar-Tigger	2313	-	184	170507393	28985
chr6	170478408	170678408	harbor2	chr6	170509773	170509911	DNA/TcMar-Tigger	521	-	69	170509842	31434
chr6	107718911	107918911	harbor2	chr6	107723165	107723528	DNA/TcMar-Tigger	2198	-	182	107723347	4436
chr6	56333514	56533514	harbor2	chr6	56401873	56402189	DNA/TcMar-Tigger	1534	-	158	56402031	68517
chr6	7634787	7834787	harbor2	chr6	7637825	7638151	DNA/TcMar-Tigger	1572	-	163	7637988	3201
chr6	7634787	7834787	harbor2	chr6	7652325	7652525	DNA/TcMar-Tigger	633	-	100	7652425	17638
chr6	7634787	7834787	harbor2	chr6	7666449	7666767	DNA/TcMar-Tigger	2001	-	159	7666608	31821
chr6	7634787	7834787	harbor2	chr6	7723973	7724326	DNA/TcMar-Tigger	2358	-	176	7724149	89362
chr6	7628065	7828065	harbor2	chr6	7637825	7638151	DNA/TcMar-Tigger	1572	-	163	7637988	9923
chr6	7628065	7828065	harbor2	chr6	7652325	7652525	DNA/TcMar-Tigger	633	-	100	7652425	24360
chr6	7628065	7828065	harbor2	chr6	7666449	7666767	DNA/TcMar-Tigger	2001	-	159	7666608	38543
chr6	7628065	7828065	harbor2	chr6	7723973	7724326	DNA/TcMar-Tigger	2358	-	176	7724149	96084
chr6	158127245	158327245	harbor2	chr6	158163299	158163415	DNA/TcMar-Tigger	495	-	58	158163357	36112
chr7	44442212	44642212	harbor2	chr7	44471120	44471442	DNA/TcMar-Tigger	1099	-	161	44471281	29069
chr7	149524712	149724712	harbor2	chr7	149549936	149550315	DNA/TcMar-Tigger	2115	-	190	149550126	25414
chr7	1830988	2030988	harbor2	chr7	1892398	1892652	DNA/TcMar-Tigger	985	-	127	1892525	61537
chr7	28134889	28334889	harbor2	chr7	28146431	28146681	DNA/TcMar-Tigger	533	-	125	28146556	11667
chr7	28134889	28334889	harbor2	chr7	28146770	28146854	DNA/TcMar-Tigger	1130	-	42	28146812	11923
chr7	28134889	28334889	harbor2	chr7	28147146	28147336	DNA/TcMar-Tigger	1130	-	95	28147241	12352
chr7	28134889	28334889	harbor2	chr7	28213024	28213167	DNA/TcMar-Tigger	1873	-	72	28213096	78207
chr7	28134889	28334889	harbor2	chr7	28213456	28213667	DNA/TcMar-Tigger	1873	-	106	28213562	78673
chr7	28134889	28334889	harbor2	chr7	28216733	28216936	DNA/TcMar-Tigger	493	-	102	28216835	81946
chr7	152335429	152535429	harbor2	chr7	152344308	152344555	DNA/TcMar-Tigger	1332	-	124	152344432	9003
chr7	152335429	152535429	harbor2	chr7	152346612	152346844	DNA/TcMar-Tigger	6243	-	116	152346728	11299
chr7	152335429	152535429	harbor2	chr7	152347140	152347958	DNA/TcMar-Tigger	6243	-	409	152347549	12120
chr7	152335429	152535429	harbor2	chr7	152350377	152351514	DNA/TcMar-Tigger	5392	-	568	152350945	15516
chr7	26995485	27195485	harbor2	chr7	27085112	27085446	DNA/TcMar-Tigger	1839	-	167	27085279	89794
chr7	88119947	88319947	harbor2	chr7	88126597	88126843	DNA/TcMar-Tigger	1257	-	123	88126720	6773
chr7	88119947	88319947	harbor2	chr7	88149593	88150380	DNA/TcMar-Tigger	3771	-	394	88149987	30040
chr7	1801817	2001817	harbor2	chr7	1892398	1892652	DNA/TcMar-Tigger	985	-	127	1892525	90708
chr7	86417400	86617400	harbor2	chr7	86426452	86427078	DNA/TcMar-Tigger	829	-	313	86426765	9365
chr7	86417400	86617400	harbor2	chr7	86508116	86508475	DNA/TcMar-Tigger	514	-	180	86508296	90896
chr7	86417400	86617400	harbor2	chr7	86509044	86509223	DNA/TcMar-Tigger	514	-	90	86509134	91734
chr7	28080572	28280572	harbor2	chr7	28080090	28080913	DNA/TcMar-Tigger	5250	-	412	28080502	70
chr7	28080572	28280572	harbor2	chr7	28146431	28146681	DNA/TcMar-Tigger	533	-	125	28146556	65984
chr7	28080572	28280572	harbor2	chr7	28146770	28146854	DNA/TcMar-Tigger	1130	-	42	28146812	66240
chr7	28080572	28280572	harbor2	chr7	28147146	28147336	DNA/TcMar-Tigger	1130	-	95	28147241	66669
chr7	123649533	123849533	harbor2	chr7	123658938	123659114	DNA/TcMar-Tigger	916	-	88	123659026	9493
chr7	123649533	123849533	harbor2	chr7	123736534	123736641	DNA/TcMar-Tigger	594	-	54	123736588	87055
chr7	47229043	47429043	harbor2	chr7	47247061	47247234	DNA/TcMar-Tigger	935	-	86	47247147	18104
chr7	47229043	47429043	harbor2	chr7	47271054	47271257	DNA/TcMar-Tigger	867	-	102	47271156	42113
chr7	32628830	32828830	harbor2	chr7	32644823	32645058	DNA/TcMar-Tigger	1385	-	118	32644941	16111
chr7	28082123	28282123	harbor2	chr7	28146431	28146681	DNA/TcMar-Tigger	533	-	125	28146556	64433
chr7	28082123	28282123	harbor2	chr7	28146770	28146854	DNA/TcMar-Tigger	1130	-	42	28146812	64689
chr7	28082123	28282123	harbor2	chr7	28147146	28147336	DNA/TcMar-Tigger	1130	-	95	28147241	65118
chr7	77596422	77796422	harbor2	chr7	77621097	77621405	DNA/TcMar-Tigger	2916	-	154	77621251	24829
chr7	77596422	77796422	harbor2	chr7	77621681	77621911	DNA/TcMar-Tigger	2916	-	115	77621796	25374
chr7	77596422	77796422	harbor2	chr7	77630328	77630657	DNA/TcMar-Tigger	1962	-	164	77630492	34070
chr7	77596422	77796422	harbor2	chr7	77643587	77643890	DNA/TcMar-Tigger	853	-	152	77643739	47317
chr7	27005184	27205184	harbor2	chr7	27085112	27085446	DNA/TcMar-Tigger	1839	-	167	27085279	80095
chr7	1801808	2001808	harbor2	chr7	1892398	1892652	DNA/TcMar-Tigger	985	-	127	1892525	90717
chr7	1801810	2001810	harbor2	chr7	1892398	1892652	DNA/TcMar-Tigger	985	-	127	1892525	90715
chr7	97828524	98028524	harbor2	chr7	97834239	97834533	DNA/TcMar-Tigger	1178	-	147	97834386	5862
chr7	97828524	98028524	harbor2	chr7	97864828	97865612	DNA/TcMar-Tigger	5024	-	392	97865220	36696
chr7	97828524	98028524	harbor2	chr7	97865601	97866069	DNA/TcMar-Tigger	2722	-	234	97865835	37311
chr7	1807387	2007387	harbor2	chr7	1892398	1892652	DNA/TcMar-Tigger	985	-	127	1892525	85138
chr7	100028636	100228636	harbor2	chr7	100094757	100094926	DNA/TcMar-Tigger	912	-	84	100094841	66205
chr7	100028636	100228636	harbor2	chr7	100095186	100095244	DNA/TcMar-Tigger	912	-	29	100095215	66579
chr7	32328390	32528390	harbor2	chr7	32411256	32412172	DNA/TcMar-Tigger	6750	-	458	32411714	83324
chr7	32328390	32528390	harbor2	chr7	32412473	32412729	DNA/TcMar-Tigger	6750	-	128	32412601	84211
chr7	135684417	135884417	harbor2	chr7	135712986	135713239	DNA/TcMar-Tigger	597	-	126	135713112	28695
chr7	135684417	135884417	harbor2	chr7	135770962	135771142	DNA/TcMar-Tigger	635	-	90	135771052	86635
chr7	123650448	123850448	harbor2	chr7	123658938	123659114	DNA/TcMar-Tigger	916	-	88	123659026	8578
chr7	123650448	123850448	harbor2	chr7	123736534	123736641	DNA/TcMar-Tigger	594	-	54	123736588	86140
chr7	100393733	100593733	harbor2	chr7	100480447	100480577	DNA/TcMar-Tigger	614	-	65	100480512	86779
chr7	123649492	123849492	harbor2	chr7	123658938	123659114	DNA/TcMar-Tigger	916	-	88	123659026	9534
chr7	123649492	123849492	harbor2	chr7	123736534	123736641	DNA/TcMar-Tigger	594	-	54	123736588	87096
chr7	123650423	123850423	harbor2	chr7	123658938	123659114	DNA/TcMar-Tigger	916	-	88	123659026	8603
chr7	123650423	123850423	harbor2	chr7	123736534	123736641	DNA/TcMar-Tigger	594	-	54	123736588	86165
chr7	159003487	159203487	harbor2	chr7	159002959	159003851	DNA/TcMar-Tigger	5254	-	446	159003405	82
chr7	159003487	159203487	harbor2	chr7	159056253	159056468	DNA/TcMar-Tigger	569	-	108	159056361	52874
chr7	44440642	44640642	harbor2	chr7	44471120	44471442	DNA/TcMar-Tigger	1099	-	161	44471281	30639
chr7	28725300	28925300	harbor2	chr7	28741179	28741315	DNA/TcMar-Tigger	546	-	68	28741247	15947
chr7	28725300	28925300	harbor2	chr7	28757729	28757961	DNA/TcMar-Tigger	1430	-	116	28757845	32545
chr7	28081559	28281559	harbor2	chr7	28146431	28146681	DNA/TcMar-Tigger	533	-	125	28146556	64997
chr7	28081559	28281559	harbor2	chr7	28146770	28146854	DNA/TcMar-Tigger	1130	-	42	28146812	65253
chr7	28081559	28281559	harbor2	chr7	28147146	28147336	DNA/TcMar-Tigger	1130	-	95	28147241	65682
chr7	149153981	149353981	harbor2	chr7	149170171	149170456	DNA/TcMar-Tigger	2986	-	142	149170313	16332
chr7	149153981	149353981	harbor2	chr7	149170753	149170929	DNA/TcMar-Tigger	2986	-	88	149170841	16860
chr7	149153981	149353981	harbor2	chr7	149171148	149171359	DNA/TcMar-Tigger	2986	-	106	149171254	17273
chr7	149153981	149353981	harbor2	chr7	149172765	149173093	DNA/TcMar-Tigger	1936	-	164	149172929	18948
chr7	149153981	149353981	harbor2	chr7	149173476	149173785	DNA/TcMar-Tigger	3134	-	154	149173630	19649
chr7	149153981	149353981	harbor2	chr7	149174094	149174332	DNA/TcMar-Tigger	3134	-	119	149174213	20232
chr7	149153981	149353981	harbor2	chr7	149209843	149210045	DNA/TcMar-Tigger	1056	-	101	149209944	55963
chr7	27008623	27208623	harbor2	chr7	27085112	27085446	DNA/TcMar-Tigger	1839	-	167	27085279	76656
chr7	44696651	44896651	harbor2	chr7	44774265	44774400	DNA/TcMar-Tigger	967	-	68	44774333	77682
chr7	44696651	44896651	harbor2	chr7	44774690	44774715	DNA/TcMar-Tigger	967	-	12	44774702	78051
chr7	44696651	44896651	harbor2	chr7	44775028	44775207	DNA/TcMar-Tigger	967	-	90	44775118	78467
chr7	44696651	44896651	harbor2	chr7	44787680	44787766	DNA/TcMar-Tigger	486	-	43	44787723	91072
chr7	70311624	70511624	harbor2	chr7	70399378	70399751	DNA/TcMar-Tigger	1380	-	186	70399564	87940
chr7	70311624	70511624	harbor2	chr7	70399791	70399971	DNA/TcMar-Tigger	1380	-	90	70399881	88257
chr7	90497085	90697085	harbor2	chr7	90501202	90501386	DNA/TcMar-Tigger	4364	-	92	90501294	4209
chr7	90497085	90697085	harbor2	chr7	90501675	90502226	DNA/TcMar-Tigger	4364	-	276	90501951	4866
chr7	90497085	90697085	harbor2	chr7	90502311	90503987	DNA/TcMar-Tigger	11321	-	838	90503149	6064
chr7	90497085	90697085	harbor2	chr7	90530747	90530878	DNA/TcMar-Tigger	1038	-	66	90530813	33728
chr7	90497085	90697085	harbor2	chr7	90531174	90531298	DNA/TcMar-Tigger	1038	-	62	90531236	34151
chr7	90497085	90697085	harbor2	chr7	90531628	90531691	DNA/TcMar-Tigger	1038	-	32	90531660	34575
chr7	90497085	90697085	harbor2	chr7	90561398	90561485	DNA/TcMar-Tigger	504	-	44	90561442	64357
chr7	139383658	139583658	harbor2	chr7	139432664	139432913	DNA/TcMar-Tigger	1086	-	124	139432788	49130
chr7	139383658	139583658	harbor2	chr7	139447197	139447370	DNA/TcMar-Tigger	1536	-	86	139447283	63625
chr7	139383658	139583658	harbor2	chr7	139448449	139448542	DNA/TcMar-Tigger	1536	-	46	139448495	64837
chr7	139383658	139583658	harbor2	chr7	139449414	139449687	DNA/TcMar-Tigger	1448	-	136	139449550	65892
chr7	139383658	139583658	harbor2	chr7	139450001	139450031	DNA/TcMar-Tigger	1448	-	15	139450016	66358
chr7	150420511	150620511	harbor2	chr7	150437866	150438264	DNA/TcMar-Tigger	2020	-	199	150438065	17554
chr7	28089121	28289121	harbor2	chr7	28146431	28146681	DNA/TcMar-Tigger	533	-	125	28146556	57435
chr7	28089121	28289121	harbor2	chr7	28146770	28146854	DNA/TcMar-Tigger	1130	-	42	28146812	57691
chr7	28089121	28289121	harbor2	chr7	28147146	28147336	DNA/TcMar-Tigger	1130	-	95	28147241	58120
chr7	93330	293330	harbor2	chr7	95307	96214	DNA/TcMar-Tigger	13459	-	454	95761	2431
chr7	93330	293330	harbor2	chr7	96513	97941	DNA/TcMar-Tigger	13459	-	714	97227	3897
chr7	93330	293330	harbor2	chr7	98243	98298	DNA/TcMar-Tigger	13459	-	28	98271	4941
chr7	93330	293330	harbor2	chr7	104835	105522	DNA/TcMar-Tigger	2782	-	344	105179	11849
chr7	93330	293330	harbor2	chr7	130521	130581	DNA/TcMar-Tigger	648	-	30	130551	37221
chr7	93330	293330	harbor2	chr7	130895	131015	DNA/TcMar-Tigger	648	-	60	130955	37625
chr7	155712041	155912041	harbor2	chr7	155731320	155731783	DNA/TcMar-Tigger	2443	-	232	155731552	19511
chr7	155712041	155912041	harbor2	chr7	155745756	155746081	DNA/TcMar-Tigger	1772	-	162	155745918	33877
chr7	44441524	44641524	harbor2	chr7	44471120	44471442	DNA/TcMar-Tigger	1099	-	161	44471281	29757
chr7	1802610	2002610	harbor2	chr7	1892398	1892652	DNA/TcMar-Tigger	985	-	127	1892525	89915
chr7	47228840	47428840	harbor2	chr7	47247061	47247234	DNA/TcMar-Tigger	935	-	86	47247147	18307
chr7	47228840	47428840	harbor2	chr7	47271054	47271257	DNA/TcMar-Tigger	867	-	102	47271156	42316
chr7	50299224	50499224	harbor2	chr7	50352294	50352519	DNA/TcMar-Tigger	579	-	112	50352406	53182
chr7	47229056	47429056	harbor2	chr7	47247061	47247234	DNA/TcMar-Tigger	935	-	86	47247147	18091
chr7	47229056	47429056	harbor2	chr7	47271054	47271257	DNA/TcMar-Tigger	867	-	102	47271156	42100
chr7	50617957	50817957	harbor2	chr7	50623771	50623998	DNA/TcMar-Tigger	1308	-	114	50623885	5928
chr7	85037092	85237092	harbor2	chr7	85071521	85071865	DNA/TcMar-Tigger	2008	-	172	85071693	34601
chr7	28080611	28280611	harbor2	chr7	28080090	28080913	DNA/TcMar-Tigger	5250	-	412	28080502	109
chr7	28080611	28280611	harbor2	chr7	28146431	28146681	DNA/TcMar-Tigger	533	-	125	28146556	65945
chr7	28080611	28280611	harbor2	chr7	28146770	28146854	DNA/TcMar-Tigger	1130	-	42	28146812	66201
chr7	28080611	28280611	harbor2	chr7	28147146	28147336	DNA/TcMar-Tigger	1130	-	95	28147241	66630
chr7	127993775	128193775	harbor2	chr7	128056687	128057203	DNA/TcMar-Tigger	2939	-	258	128056945	63170
chr7	27027581	27227581	harbor2	chr7	27085112	27085446	DNA/TcMar-Tigger	1839	-	167	27085279	57698
chr7	1802262	2002262	harbor2	chr7	1892398	1892652	DNA/TcMar-Tigger	985	-	127	1892525	90263
chr7	104911716	105111716	harbor2	chr7	104996086	104996412	DNA/TcMar-Tigger	1806	-	163	104996249	84533
chr7	6060741	6260741	harbor2	chr7	6150889	6151428	DNA/TcMar-Tigger	2963	-	270	6151159	90418
chr7	6060741	6260741	harbor2	chr7	6151743	6151970	DNA/TcMar-Tigger	936	-	114	6151857	91116
chr7	123649199	123849199	harbor2	chr7	123658938	123659114	DNA/TcMar-Tigger	916	-	88	123659026	9827
chr7	123649199	123849199	harbor2	chr7	123736534	123736641	DNA/TcMar-Tigger	594	-	54	123736588	87389
chr7	107463451	107663451	harbor2	chr7	107539239	107539384	DNA/TcMar-Tigger	743	-	72	107539311	75860
chr7	50253328	50453328	harbor2	chr7	50352294	50352519	DNA/TcMar-Tigger	579	-	112	50352406	99078
chr7	155288885	155488885	harbor2	chr7	155293392	155293714	DNA/TcMar-Tigger	1521	-	161	155293553	4668
chr7	155288885	155488885	harbor2	chr7	155310375	155310600	DNA/TcMar-Tigger	1199	-	112	155310487	21602
chr7	155288885	155488885	harbor2	chr7	155323768	155323901	DNA/TcMar-Tigger	819	-	66	155323834	34949
chr7	31973371	32173371	harbor2	chr7	32049867	32050108	DNA/TcMar-Tigger	1438	-	120	32049987	76616
chr7	31973371	32173371	harbor2	chr7	32050107	32050194	DNA/TcMar-Tigger	548	-	44	32050151	76780
chr7	44697576	44897576	harbor2	chr7	44774265	44774400	DNA/TcMar-Tigger	967	-	68	44774333	76757
chr7	44697576	44897576	harbor2	chr7	44774690	44774715	DNA/TcMar-Tigger	967	-	12	44774702	77126
chr7	44697576	44897576	harbor2	chr7	44775028	44775207	DNA/TcMar-Tigger	967	-	90	44775118	77542
chr7	44697576	44897576	harbor2	chr7	44787680	44787766	DNA/TcMar-Tigger	486	-	43	44787723	90147
chr7	44441056	44641056	harbor2	chr7	44471120	44471442	DNA/TcMar-Tigger	1099	-	161	44471281	30225
chr7	90496247	90696247	harbor2	chr7	90501202	90501386	DNA/TcMar-Tigger	4364	-	92	90501294	5047
chr7	90496247	90696247	harbor2	chr7	90501675	90502226	DNA/TcMar-Tigger	4364	-	276	90501951	5704
chr7	90496247	90696247	harbor2	chr7	90502311	90503987	DNA/TcMar-Tigger	11321	-	838	90503149	6902
chr7	90496247	90696247	harbor2	chr7	90530747	90530878	DNA/TcMar-Tigger	1038	-	66	90530813	34566
chr7	90496247	90696247	harbor2	chr7	90531174	90531298	DNA/TcMar-Tigger	1038	-	62	90531236	34989
chr7	90496247	90696247	harbor2	chr7	90531628	90531691	DNA/TcMar-Tigger	1038	-	32	90531660	35413
chr7	90496247	90696247	harbor2	chr7	90561398	90561485	DNA/TcMar-Tigger	504	-	44	90561442	65195
chr7	90145189	90345189	harbor2	chr7	90157825	90158745	DNA/TcMar-Tigger	5506	-	460	90158285	13096
chr7	90145189	90345189	harbor2	chr7	90158744	90158842	DNA/TcMar-Tigger	581	-	49	90158793	13604
chr7	90145189	90345189	harbor2	chr7	90231414	90231717	DNA/TcMar-Tigger	1800	-	152	90231566	86377
chr7	156540425	156740425	harbor2	chr7	156620546	156620931	DNA/TcMar-Tigger	840	-	192	156620738	80313
chr7	156540425	156740425	harbor2	chr7	156621815	156622010	DNA/TcMar-Tigger	1245	-	98	156621913	81488
chr7	156540425	156740425	harbor2	chr7	156622000	156622149	DNA/TcMar-Tigger	782	-	74	156622074	81649
chr7	37907099	38107099	harbor2	chr7	37987941	37988617	DNA/TcMar-Tigger	3090	-	338	37988279	81180
chr7	37907099	38107099	harbor2	chr7	37988657	37989576	DNA/TcMar-Tigger	3090	-	460	37989117	82018
chr7	21327951	21527951	harbor2	chr7	21416240	21416406	DNA/TcMar-Tigger	1120	-	83	21416323	88372
chr7	21327951	21527951	harbor2	chr7	21416544	21416970	DNA/TcMar-Tigger	2463	-	213	21416757	88806
chr7	1801800	2001800	harbor2	chr7	1892398	1892652	DNA/TcMar-Tigger	985	-	127	1892525	90725
chr7	107099067	107299067	harbor2	chr7	107151520	107151907	DNA/TcMar-Tigger	1919	-	194	107151714	52647
chr7	28110460	28310460	harbor2	chr7	28146431	28146681	DNA/TcMar-Tigger	533	-	125	28146556	36096
chr7	28110460	28310460	harbor2	chr7	28146770	28146854	DNA/TcMar-Tigger	1130	-	42	28146812	36352
chr7	28110460	28310460	harbor2	chr7	28147146	28147336	DNA/TcMar-Tigger	1130	-	95	28147241	36781
chr7	50317972	50517972	harbor2	chr7	50352294	50352519	DNA/TcMar-Tigger	579	-	112	50352406	34434
chr7	129414069	129614069	harbor2	chr7	129457137	129457458	DNA/TcMar-Tigger	1882	-	160	129457297	43228
chr7	129414069	129614069	harbor2	chr7	129494238	129494944	DNA/TcMar-Tigger	4522	-	353	129494591	80522
chr7	129414069	129614069	harbor2	chr7	129494935	129495037	DNA/TcMar-Tigger	641	-	51	129494986	80917
chr7	47229182	47429182	harbor2	chr7	47247061	47247234	DNA/TcMar-Tigger	935	-	86	47247147	17965
chr7	47229182	47429182	harbor2	chr7	47271054	47271257	DNA/TcMar-Tigger	867	-	102	47271156	41974
chr7	123649212	123849212	harbor2	chr7	123658938	123659114	DNA/TcMar-Tigger	916	-	88	123659026	9814
chr7	123649212	123849212	harbor2	chr7	123736534	123736641	DNA/TcMar-Tigger	594	-	54	123736588	87376
chr7	26995482	27195482	harbor2	chr7	27085112	27085446	DNA/TcMar-Tigger	1839	-	167	27085279	89797
chr7	28082522	28282522	harbor2	chr7	28146431	28146681	DNA/TcMar-Tigger	533	-	125	28146556	64034
chr7	28082522	28282522	harbor2	chr7	28146770	28146854	DNA/TcMar-Tigger	1130	-	42	28146812	64290
chr7	28082522	28282522	harbor2	chr7	28147146	28147336	DNA/TcMar-Tigger	1130	-	95	28147241	64719
chr7	50340926	50540926	harbor2	chr7	50352294	50352519	DNA/TcMar-Tigger	579	-	112	50352406	11480
chr7	44466421	44666421	harbor2	chr7	44471120	44471442	DNA/TcMar-Tigger	1099	-	161	44471281	4860
chr7	47228305	47428305	harbor2	chr7	47247061	47247234	DNA/TcMar-Tigger	935	-	86	47247147	18842
chr7	47228305	47428305	harbor2	chr7	47271054	47271257	DNA/TcMar-Tigger	867	-	102	47271156	42851
chr7	152811886	153011886	harbor2	chr7	152835336	152835549	DNA/TcMar-Tigger	1147	-	106	152835442	23556
chr7	152811886	153011886	harbor2	chr7	152835532	152835666	DNA/TcMar-Tigger	602	-	67	152835599	23713
chr7	152811886	153011886	harbor2	chr7	152842104	152842302	DNA/TcMar-Tigger	1097	-	99	152842203	30317
chr7	152811886	153011886	harbor2	chr7	152842303	152842547	DNA/TcMar-Tigger	1300	-	122	152842425	30539
chr7	152811886	153011886	harbor2	chr7	152851021	152851566	DNA/TcMar-Tigger	2486	-	272	152851293	39407
chr8	38169595	38369595	harbor2	chr8	38197186	38197691	DNA/TcMar-Tigger	6505	-	252	38197438	27843
chr8	38169595	38369595	harbor2	chr8	38198004	38198102	DNA/TcMar-Tigger	6505	-	49	38198053	28458
chr8	38169595	38369595	harbor2	chr8	38198401	38198476	DNA/TcMar-Tigger	6505	-	38	38198439	28844
chr8	38169595	38369595	harbor2	chr8	38198786	38199328	DNA/TcMar-Tigger	6505	-	271	38199057	29462
chr8	124273072	124473072	harbor2	chr8	124351224	124352303	DNA/TcMar-Tigger	5324	-	540	124351764	78692
chr8	142525378	142725378	harbor2	chr8	142557866	142559182	DNA/TcMar-Tigger	5722	-	658	142558524	33146
chr8	17985030	18185030	harbor2	chr8	18032760	18032942	DNA/TcMar-Tigger	771	-	91	18032851	47821
chr8	29150120	29350120	harbor2	chr8	29193605	29193820	DNA/TcMar-Tigger	1556	-	108	29193713	43593
chr8	29150120	29350120	harbor2	chr8	29194124	29194236	DNA/TcMar-Tigger	1556	-	56	29194180	44060
chr8	29150120	29350120	harbor2	chr8	29196711	29196929	DNA/TcMar-Tigger	1248	-	109	29196820	46700
chr8	29150120	29350120	harbor2	chr8	29213442	29213666	DNA/TcMar-Tigger	6849	-	112	29213554	63434
chr8	29150120	29350120	harbor2	chr8	29213980	29214934	DNA/TcMar-Tigger	6849	-	477	29214457	64337
chr8	38169968	38369968	harbor2	chr8	38197186	38197691	DNA/TcMar-Tigger	6505	-	252	38197438	27470
chr8	38169968	38369968	harbor2	chr8	38198004	38198102	DNA/TcMar-Tigger	6505	-	49	38198053	28085
chr8	38169968	38369968	harbor2	chr8	38198401	38198476	DNA/TcMar-Tigger	6505	-	38	38198439	28471
chr8	38169968	38369968	harbor2	chr8	38198786	38199328	DNA/TcMar-Tigger	6505	-	271	38199057	29089
chr8	38169167	38369167	harbor2	chr8	38197186	38197691	DNA/TcMar-Tigger	6505	-	252	38197438	28271
chr8	38169167	38369167	harbor2	chr8	38198004	38198102	DNA/TcMar-Tigger	6505	-	49	38198053	28886
chr8	38169167	38369167	harbor2	chr8	38198401	38198476	DNA/TcMar-Tigger	6505	-	38	38198439	29272
chr8	38169167	38369167	harbor2	chr8	38198786	38199328	DNA/TcMar-Tigger	6505	-	271	38199057	29890
chr8	142524851	142724851	harbor2	chr8	142557866	142559182	DNA/TcMar-Tigger	5722	-	658	142558524	33673
chr8	25357718	25557718	harbor2	chr8	25404376	25404606	DNA/TcMar-Tigger	1398	-	115	25404491	46773
chr8	38169193	38369193	harbor2	chr8	38197186	38197691	DNA/TcMar-Tigger	6505	-	252	38197438	28245
chr8	38169193	38369193	harbor2	chr8	38198004	38198102	DNA/TcMar-Tigger	6505	-	49	38198053	28860
chr8	38169193	38369193	harbor2	chr8	38198401	38198476	DNA/TcMar-Tigger	6505	-	38	38198439	29246
chr8	38169193	38369193	harbor2	chr8	38198786	38199328	DNA/TcMar-Tigger	6505	-	271	38199057	29864
chr8	30073247	30273247	harbor2	chr8	30109350	30109552	DNA/TcMar-Tigger	436	-	101	30109451	36204
chr8	30073247	30273247	harbor2	chr8	30154022	30154359	DNA/TcMar-Tigger	1815	-	168	30154190	80943
chr8	27226138	27426138	harbor2	chr8	27317944	27318318	DNA/TcMar-Tigger	583	-	187	27318131	91993
chr8	27226138	27426138	harbor2	chr8	27295424	27295761	DNA/TcMar-Tigger	2289	-	168	27295592	69454
chr8	38172676	38372676	harbor2	chr8	38197186	38197691	DNA/TcMar-Tigger	6505	-	252	38197438	24762
chr8	38172676	38372676	harbor2	chr8	38198004	38198102	DNA/TcMar-Tigger	6505	-	49	38198053	25377
chr8	38172676	38372676	harbor2	chr8	38198401	38198476	DNA/TcMar-Tigger	6505	-	38	38198439	25763
chr8	38172676	38372676	harbor2	chr8	38198786	38199328	DNA/TcMar-Tigger	6505	-	271	38199057	26381
chr8	2870768	3070768	harbor2	chr8	2945948	2946241	DNA/TcMar-Tigger	760	-	146	2946094	75326
chr8	42040647	42240647	harbor2	chr8	42085935	42086134	DNA/TcMar-Tigger	6469	-	100	42086035	45388
chr8	42040647	42240647	harbor2	chr8	42086420	42087220	DNA/TcMar-Tigger	6469	-	400	42086820	46173
chr8	30013870	30213870	harbor2	chr8	30109350	30109552	DNA/TcMar-Tigger	436	-	101	30109451	95581
chr8	141311590	141511590	harbor2	chr8	141403446	141404271	DNA/TcMar-Tigger	3730	-	412	141403858	92268
chr8	9052098	9252098	harbor2	chr8	9110494	9110553	DNA/TcMar-Tigger	5487	-	30	9110524	58426
chr8	9052098	9252098	harbor2	chr8	9110857	9111011	DNA/TcMar-Tigger	5487	-	77	9110934	58836
chr8	9052098	9252098	harbor2	chr8	9111320	9111940	DNA/TcMar-Tigger	5487	-	310	9111630	59532
chr8	9052098	9252098	harbor2	chr8	9112104	9113471	DNA/TcMar-Tigger	8382	-	684	9112788	60690
chr8	96040962	96240962	harbor2	chr8	96084551	96084916	DNA/TcMar-Tigger	2313	-	182	96084733	43771
chr8	96040962	96240962	harbor2	chr8	96110701	96110787	DNA/TcMar-Tigger	450	-	43	96110744	69782
chr8	96040962	96240962	harbor2	chr8	96134995	96135089	DNA/TcMar-Tigger	445	-	47	96135042	94080
chr8	96040962	96240962	harbor2	chr8	96136083	96136389	DNA/TcMar-Tigger	1974	-	153	96136236	95274
chr8	54001877	54201877	harbor2	chr8	54097706	54097940	DNA/TcMar-Tigger	2710	-	117	54097823	95946
chr8	54001877	54201877	harbor2	chr8	54098239	54098396	DNA/TcMar-Tigger	2710	-	78	54098317	96440
chr8	54001877	54201877	harbor2	chr8	54098709	54098832	DNA/TcMar-Tigger	2710	-	62	54098771	96894
chr8	38169170	38369170	harbor2	chr8	38197186	38197691	DNA/TcMar-Tigger	6505	-	252	38197438	28268
chr8	38169170	38369170	harbor2	chr8	38198004	38198102	DNA/TcMar-Tigger	6505	-	49	38198053	28883
chr8	38169170	38369170	harbor2	chr8	38198401	38198476	DNA/TcMar-Tigger	6505	-	38	38198439	29269
chr8	38169170	38369170	harbor2	chr8	38198786	38199328	DNA/TcMar-Tigger	6505	-	271	38199057	29887
chr8	143852180	144052180	harbor2	chr8	143894434	143894572	DNA/TcMar-Tigger	818	-	69	143894503	42323
chr8	125678475	125878475	harbor2	chr8	125682049	125682281	DNA/TcMar-Tigger	1324	-	116	125682165	3690
chr8	125678475	125878475	harbor2	chr8	125682274	125682542	DNA/TcMar-Tigger	1552	-	134	125682408	3933
chr8	125678475	125878475	harbor2	chr8	125708965	125709094	DNA/TcMar-Tigger	719	-	64	125709029	30554
chr8	125678475	125878475	harbor2	chr8	125710551	125710984	DNA/TcMar-Tigger	2416	-	216	125710767	32292
chr8	125678475	125878475	harbor2	chr8	125723729	125723945	DNA/TcMar-Tigger	1335	-	108	125723837	45362
chr8	8292230	8492230	harbor2	chr8	8299732	8301988	DNA/TcMar-Tigger	14044	-	1128	8300860	8630
chr8	8292230	8492230	harbor2	chr8	8302447	8302648	DNA/TcMar-Tigger	1255	-	100	8302547	10317
chr8	8292230	8492230	harbor2	chr8	8321801	8322169	DNA/TcMar-Tigger	2052	-	184	8321985	29755
chr8	8292230	8492230	harbor2	chr8	8322425	8322459	DNA/TcMar-Tigger	2052	-	17	8322442	30212
chr8	8292230	8492230	harbor2	chr8	8323805	8323960	DNA/TcMar-Tigger	742	-	78	8323883	31653
chr8	8292230	8492230	harbor2	chr8	8323035	8323170	DNA/TcMar-Tigger	697	-	68	8323103	30873
chr8	38169192	38369192	harbor2	chr8	38197186	38197691	DNA/TcMar-Tigger	6505	-	252	38197438	28246
chr8	38169192	38369192	harbor2	chr8	38198004	38198102	DNA/TcMar-Tigger	6505	-	49	38198053	28861
chr8	38169192	38369192	harbor2	chr8	38198401	38198476	DNA/TcMar-Tigger	6505	-	38	38198439	29247
chr8	38169192	38369192	harbor2	chr8	38198786	38199328	DNA/TcMar-Tigger	6505	-	271	38199057	29865
chr8	54001882	54201882	harbor2	chr8	54097706	54097940	DNA/TcMar-Tigger	2710	-	117	54097823	95941
chr8	54001882	54201882	harbor2	chr8	54098239	54098396	DNA/TcMar-Tigger	2710	-	78	54098317	96435
chr8	54001882	54201882	harbor2	chr8	54098709	54098832	DNA/TcMar-Tigger	2710	-	62	54098771	96889
chr8	8793157	8993157	harbor2	chr8	8799099	8799419	DNA/TcMar-Tigger	1607	-	160	8799259	6102
chr8	8793157	8993157	harbor2	chr8	8805229	8805652	DNA/TcMar-Tigger	2324	-	212	8805441	12284
chr8	8793157	8993157	harbor2	chr8	8858625	8858814	DNA/TcMar-Tigger	595	-	94	8858719	65562
chr8	27543509	27743509	harbor2	chr8	27579030	27579231	DNA/TcMar-Tigger	1003	-	100	27579130	35621
chr8	25085369	25285369	harbor2	chr8	25087123	25087298	DNA/TcMar-Tigger	539	-	88	25087211	1842
chr8	141309378	141509378	harbor2	chr8	141403446	141404271	DNA/TcMar-Tigger	3730	-	412	141403858	94480
chr8	41429283	41629283	harbor2	chr8	41450843	41451089	DNA/TcMar-Tigger	1563	-	123	41450966	21683
chr8	41429283	41629283	harbor2	chr8	41470021	41470240	DNA/TcMar-Tigger	1360	-	110	41470131	40848
chr8	41429283	41629283	harbor2	chr8	41495960	41496182	DNA/TcMar-Tigger	1357	-	111	41496071	66788
chr8	41429283	41629283	harbor2	chr8	41496167	41496445	DNA/TcMar-Tigger	1835	-	139	41496306	67023
chr8	41429283	41629283	harbor2	chr8	41520776	41520838	DNA/TcMar-Tigger	2233	-	31	41520807	91524
chr8	41429283	41629283	harbor2	chr8	41521375	41521620	DNA/TcMar-Tigger	2233	-	122	41521497	92214
chr8	41429283	41629283	harbor2	chr8	41521756	41521876	DNA/TcMar-Tigger	2233	-	60	41521816	92533
chr8	41429283	41629283	harbor2	chr8	41451415	41451536	DNA/TcMar-Tigger	634	-	60	41451475	22192
chr8	8795419	8995419	harbor2	chr8	8799099	8799419	DNA/TcMar-Tigger	1607	-	160	8799259	3840
chr8	8795419	8995419	harbor2	chr8	8805229	8805652	DNA/TcMar-Tigger	2324	-	212	8805441	10022
chr8	8795419	8995419	harbor2	chr8	8858625	8858814	DNA/TcMar-Tigger	595	-	94	8858719	63300
chr8	143960530	144160530	harbor2	chr8	143967548	143967639	DNA/TcMar-Tigger	550	-	46	143967594	7064
chr8	48821299	49021299	harbor2	chr8	48852116	48852400	DNA/TcMar-Tigger	875	-	142	48852258	30959
chr8	48821299	49021299	harbor2	chr8	48869006	48869162	DNA/TcMar-Tigger	527	-	78	48869084	47785
chr8	48821299	49021299	harbor2	chr8	48887245	48887785	DNA/TcMar-Tigger	2188	-	270	48887515	66216
chr8	142626665	142826665	harbor2	chr8	142664513	142666072	DNA/TcMar-Tigger	3610	-	780	142665293	38628
chr8	142626665	142826665	harbor2	chr8	142670842	142671164	DNA/TcMar-Tigger	1841	-	161	142671003	44338
chr8	38169185	38369185	harbor2	chr8	38197186	38197691	DNA/TcMar-Tigger	6505	-	252	38197438	28253
chr8	38169185	38369185	harbor2	chr8	38198004	38198102	DNA/TcMar-Tigger	6505	-	49	38198053	28868
chr8	38169185	38369185	harbor2	chr8	38198401	38198476	DNA/TcMar-Tigger	6505	-	38	38198439	29254
chr8	38169185	38369185	harbor2	chr8	38198786	38199328	DNA/TcMar-Tigger	6505	-	271	38199057	29872
chr8	141314854	141514854	harbor2	chr8	141403446	141404271	DNA/TcMar-Tigger	3730	-	412	141403858	89004
chr8	26477941	26677941	harbor2	chr8	26540990	26541084	DNA/TcMar-Tigger	527	-	47	26541037	63096
chr8	102203037	102403037	harbor2	chr8	102290842	102291080	DNA/TcMar-Tigger	1278	-	119	102290961	87924
chr8	38172009	38372009	harbor2	chr8	38197186	38197691	DNA/TcMar-Tigger	6505	-	252	38197438	25429
chr8	38172009	38372009	harbor2	chr8	38198004	38198102	DNA/TcMar-Tigger	6505	-	49	38198053	26044
chr8	38172009	38372009	harbor2	chr8	38198401	38198476	DNA/TcMar-Tigger	6505	-	38	38198439	26430
chr8	38172009	38372009	harbor2	chr8	38198786	38199328	DNA/TcMar-Tigger	6505	-	271	38199057	27048
chr8	144174581	144374581	harbor2	chr8	144228762	144229361	DNA/TcMar-Tigger	4969	-	300	144229062	54481
chr8	144174581	144374581	harbor2	chr8	144230060	144230506	DNA/TcMar-Tigger	2560	-	223	144230283	55702
chr8	144174581	144374581	harbor2	chr8	144231399	144231866	DNA/TcMar-Tigger	2251	-	234	144231633	57052
chr8	144174581	144374581	harbor2	chr8	144228241	144228468	DNA/TcMar-Tigger	4969	-	114	144228355	53774
chr8	38175043	38375043	harbor2	chr8	38197186	38197691	DNA/TcMar-Tigger	6505	-	252	38197438	22395
chr8	38175043	38375043	harbor2	chr8	38198004	38198102	DNA/TcMar-Tigger	6505	-	49	38198053	23010
chr8	38175043	38375043	harbor2	chr8	38198401	38198476	DNA/TcMar-Tigger	6505	-	38	38198439	23396
chr8	38175043	38375043	harbor2	chr8	38198786	38199328	DNA/TcMar-Tigger	6505	-	271	38199057	24014
chr8	142525505	142725505	harbor2	chr8	142557866	142559182	DNA/TcMar-Tigger	5722	-	658	142558524	33019
chr8	142525504	142725504	harbor2	chr8	142557866	142559182	DNA/TcMar-Tigger	5722	-	658	142558524	33020
chr8	42040637	42240637	harbor2	chr8	42085935	42086134	DNA/TcMar-Tigger	6469	-	100	42086035	45398
chr8	42040637	42240637	harbor2	chr8	42086420	42087220	DNA/TcMar-Tigger	6469	-	400	42086820	46183
chr8	10960481	11160481	harbor2	chr8	11005039	11005354	DNA/TcMar-Tigger	1101	-	158	11005197	44716
chr8	10960481	11160481	harbor2	chr8	11023882	11024204	DNA/TcMar-Tigger	775	-	161	11024043	63562
chr8	10960481	11160481	harbor2	chr8	11024254	11024321	DNA/TcMar-Tigger	775	-	34	11024288	63807
chr8	10960481	11160481	harbor2	chr8	11026032	11026185	DNA/TcMar-Tigger	857	-	76	11026108	65627
chr8	10960481	11160481	harbor2	chr8	11027056	11027309	DNA/TcMar-Tigger	1644	-	126	11027182	66701
chr8	10960481	11160481	harbor2	chr8	11042180	11042282	DNA/TcMar-Tigger	1207	-	51	11042231	81750
chr8	10960481	11160481	harbor2	chr8	11042647	11042790	DNA/TcMar-Tigger	1207	-	72	11042719	82238
chr8	38169198	38369198	harbor2	chr8	38197186	38197691	DNA/TcMar-Tigger	6505	-	252	38197438	28240
chr8	38169198	38369198	harbor2	chr8	38198004	38198102	DNA/TcMar-Tigger	6505	-	49	38198053	28855
chr8	38169198	38369198	harbor2	chr8	38198401	38198476	DNA/TcMar-Tigger	6505	-	38	38198439	29241
chr8	38169198	38369198	harbor2	chr8	38198786	38199328	DNA/TcMar-Tigger	6505	-	271	38199057	29859
chr8	102598762	102798762	harbor2	chr8	102672263	102672529	DNA/TcMar-Tigger	733	-	133	102672396	73634
chr8	102598762	102798762	harbor2	chr8	102672823	102673170	DNA/TcMar-Tigger	1266	-	174	102672997	74235
chr8	30059382	30259382	harbor2	chr8	30109350	30109552	DNA/TcMar-Tigger	436	-	101	30109451	50069
chr8	30059382	30259382	harbor2	chr8	30154022	30154359	DNA/TcMar-Tigger	1815	-	168	30154190	94808
chr8	30068591	30268591	harbor2	chr8	30109350	30109552	DNA/TcMar-Tigger	436	-	101	30109451	40860
chr8	30068591	30268591	harbor2	chr8	30154022	30154359	DNA/TcMar-Tigger	1815	-	168	30154190	85599
chr8	89884671	90084671	harbor2	chr8	89922715	89923328	DNA/TcMar-Tigger	3294	-	306	89923021	38350
chr8	89884671	90084671	harbor2	chr8	89950198	89950530	DNA/TcMar-Tigger	1807	-	166	89950364	65693
chr8	104533858	104733858	harbor2	chr8	104542567	104542961	DNA/TcMar-Tigger	2218	-	197	104542764	8906
chr8	104533858	104733858	harbor2	chr8	104593578	104593815	DNA/TcMar-Tigger	925	-	118	104593696	59838
chr8	38169188	38369188	harbor2	chr8	38197186	38197691	DNA/TcMar-Tigger	6505	-	252	38197438	28250
chr8	38169188	38369188	harbor2	chr8	38198004	38198102	DNA/TcMar-Tigger	6505	-	49	38198053	28865
chr8	38169188	38369188	harbor2	chr8	38198401	38198476	DNA/TcMar-Tigger	6505	-	38	38198439	29251
chr8	38169188	38369188	harbor2	chr8	38198786	38199328	DNA/TcMar-Tigger	6505	-	271	38199057	29869
chr8	73779046	73979046	harbor2	chr8	73832631	73832819	DNA/TcMar-Tigger	961	-	94	73832725	53679
chr8	73779046	73979046	harbor2	chr8	73840634	73840838	DNA/TcMar-Tigger	567	-	102	73840736	61690
chr8	73779046	73979046	harbor2	chr8	73846075	73846109	DNA/TcMar-Tigger	495	-	17	73846092	67046
chr8	73779046	73979046	harbor2	chr8	73846421	73846669	DNA/TcMar-Tigger	495	-	124	73846545	67499
chr8	73779046	73979046	harbor2	chr8	73854703	73855394	DNA/TcMar-Tigger	4063	-	346	73855049	76003
chr8	73779046	73979046	harbor2	chr8	73855706	73855776	DNA/TcMar-Tigger	4063	-	35	73855741	76695
chr8	73779046	73979046	harbor2	chr8	73864405	73864580	DNA/TcMar-Tigger	1733	-	88	73864493	85447
chr8	73779046	73979046	harbor2	chr8	73864902	73865114	DNA/TcMar-Tigger	1733	-	106	73865008	85962
chr8	73779046	73979046	harbor2	chr8	73865106	73865290	DNA/TcMar-Tigger	590	-	92	73865198	86152
chr9	21909388	22109388	harbor2	chr9	21997026	21997401	DNA/TcMar-Tigger	1617	-	188	21997214	87826
chr9	4966574	5166574	harbor2	chr9	4986645	4986950	DNA/TcMar-Tigger	1292	-	152	4986797	20223
chr9	4966574	5166574	harbor2	chr9	5027203	5029598	DNA/TcMar-Tigger	14934	-	1198	5028401	61827
chr9	4966574	5166574	harbor2	chr9	5038540	5038785	DNA/TcMar-Tigger	1209	-	122	5038662	72088
chr9	4966574	5166574	harbor2	chr9	5049678	5050026	DNA/TcMar-Tigger	2094	-	174	5049852	83278
chr9	4966574	5166574	harbor2	chr9	5050936	5051152	DNA/TcMar-Tigger	1231	-	108	5051044	84470
chr9	4966574	5166574	harbor2	chr9	5059966	5062077	DNA/TcMar-Tigger	13832	-	1056	5061022	94448
chr9	4966574	5166574	harbor2	chr9	5062317	5062585	DNA/TcMar-Tigger	1057	-	134	5062451	95877
chr9	4692826	4892826	harbor2	chr9	4725912	4728263	DNA/TcMar-Tigger	16290	-	1176	4727088	34262
chr9	4692782	4892782	harbor2	chr9	4725912	4728263	DNA/TcMar-Tigger	16290	-	1176	4727088	34306
chr9	4692810	4892810	harbor2	chr9	4725912	4728263	DNA/TcMar-Tigger	16290	-	1176	4727088	34278
chr9	112389442	112589442	harbor2	chr9	112408472	112408809	DNA/TcMar-Tigger	1805	-	168	112408640	19198
chr9	4694791	4894791	harbor2	chr9	4725912	4728263	DNA/TcMar-Tigger	16290	-	1176	4727088	32297
chr9	79476304	79676304	harbor2	chr9	79485181	79485541	DNA/TcMar-Tigger	682	-	180	79485361	9057
chr9	112387666	112587666	harbor2	chr9	112408472	112408809	DNA/TcMar-Tigger	1805	-	168	112408640	20974
chr9	4909381	5109381	harbor2	chr9	4986645	4986950	DNA/TcMar-Tigger	1292	-	152	4986797	77416
chr9	4692766	4892766	harbor2	chr9	4725912	4728263	DNA/TcMar-Tigger	16290	-	1176	4727088	34322
chr9	4692809	4892809	harbor2	chr9	4725912	4728263	DNA/TcMar-Tigger	16290	-	1176	4727088	34279
chr9	5907138	6107138	harbor2	chr9	5950702	5951034	DNA/TcMar-Tigger	1849	-	166	5950868	43730
chr9	4692868	4892868	harbor2	chr9	4725912	4728263	DNA/TcMar-Tigger	16290	-	1176	4727088	34220
chr9	4693721	4893721	harbor2	chr9	4725912	4728263	DNA/TcMar-Tigger	16290	-	1176	4727088	33367
chr9	133682117	133882117	harbor2	chr9	133724666	133724893	DNA/TcMar-Tigger	1351	-	114	133724780	42663
chr9	133682117	133882117	harbor2	chr9	133772736	133772889	DNA/TcMar-Tigger	553	-	76	133772812	90695
chr9	133682117	133882117	harbor2	chr9	133773165	133774056	DNA/TcMar-Tigger	3663	-	446	133773611	91494
chr9	22103804	22303804	harbor2	chr9	22125990	22126137	DNA/TcMar-Tigger	935	-	74	22126064	22260
chr9	22103804	22303804	harbor2	chr9	22126139	22126239	DNA/TcMar-Tigger	567	-	50	22126189	22385
chr9	22103804	22303804	harbor2	chr9	22133603	22133831	DNA/TcMar-Tigger	503	-	114	22133717	29913
chr9	4974186	5174186	harbor2	chr9	4986645	4986950	DNA/TcMar-Tigger	1292	-	152	4986797	12611
chr9	4974186	5174186	harbor2	chr9	5027203	5029598	DNA/TcMar-Tigger	14934	-	1198	5028401	54215
chr9	4974186	5174186	harbor2	chr9	5038540	5038785	DNA/TcMar-Tigger	1209	-	122	5038662	64476
chr9	4974186	5174186	harbor2	chr9	5049678	5050026	DNA/TcMar-Tigger	2094	-	174	5049852	75666
chr9	4974186	5174186	harbor2	chr9	5050936	5051152	DNA/TcMar-Tigger	1231	-	108	5051044	76858
chr9	4974186	5174186	harbor2	chr9	5059966	5062077	DNA/TcMar-Tigger	13832	-	1056	5061022	86836
chr9	4974186	5174186	harbor2	chr9	5062317	5062585	DNA/TcMar-Tigger	1057	-	134	5062451	88265
chr9	4974186	5174186	harbor2	chr9	5070410	5070552	DNA/TcMar-Tigger	714	-	71	5070481	96295
chr9	4974186	5174186	harbor2	chr9	5070704	5070780	DNA/TcMar-Tigger	503	-	38	5070742	96556
chr9	112387642	112587642	harbor2	chr9	112408472	112408809	DNA/TcMar-Tigger	1805	-	168	112408640	20998
chr9	4692828	4892828	harbor2	chr9	4725912	4728263	DNA/TcMar-Tigger	16290	-	1176	4727088	34260
chr9	5596372	5796372	harbor2	chr9	5618720	5619329	DNA/TcMar-Tigger	6018	-	304	5619024	22652
chr9	5596372	5796372	harbor2	chr9	5619943	5620084	DNA/TcMar-Tigger	6018	-	70	5620013	23641
chr9	5596372	5796372	harbor2	chr9	5620377	5620819	DNA/TcMar-Tigger	6018	-	221	5620598	24226
chr9	5596372	5796372	harbor2	chr9	5622089	5622290	DNA/TcMar-Tigger	1766	-	100	5622189	25817
chr9	5596372	5796372	harbor2	chr9	5622576	5622717	DNA/TcMar-Tigger	1766	-	70	5622646	26274
chr9	5596372	5796372	harbor2	chr9	5623019	5623296	DNA/TcMar-Tigger	1304	-	138	5623157	26785
chr9	5596372	5796372	harbor2	chr9	5623334	5624128	DNA/TcMar-Tigger	8493	-	397	5623731	27359
chr9	5596372	5796372	harbor2	chr9	5624423	5625089	DNA/TcMar-Tigger	8493	-	333	5624756	28384
chr9	5596372	5796372	harbor2	chr9	5603170	5603411	DNA/TcMar-Tigger	585	-	120	5603290	6918
chr9	4692895	4892895	harbor2	chr9	4725912	4728263	DNA/TcMar-Tigger	16290	-	1176	4727088	34193
chr9	69292250	69492250	harbor2	chr9	69298477	69298646	DNA/TcMar-Tigger	14530	-	84	69298561	6311
chr9	69292250	69492250	harbor2	chr9	69298973	69300804	DNA/TcMar-Tigger	14530	-	916	69299889	7639
chr9	69292250	69492250	harbor2	chr9	69301423	69301751	DNA/TcMar-Tigger	14530	-	164	69301587	9337
chr9	69292250	69492250	harbor2	chr9	69349637	69349994	DNA/TcMar-Tigger	1939	-	178	69349815	57565
chr9	69292250	69492250	harbor2	chr9	69371945	69372091	DNA/TcMar-Tigger	584	-	73	69372018	79768
chr9	4693416	4893416	harbor2	chr9	4725912	4728263	DNA/TcMar-Tigger	16290	-	1176	4727088	33672
chr9	4693543	4893543	harbor2	chr9	4725912	4728263	DNA/TcMar-Tigger	16290	-	1176	4727088	33545
chr9	4969354	5169354	harbor2	chr9	4986645	4986950	DNA/TcMar-Tigger	1292	-	152	4986797	17443
chr9	4969354	5169354	harbor2	chr9	5027203	5029598	DNA/TcMar-Tigger	14934	-	1198	5028401	59047
chr9	4969354	5169354	harbor2	chr9	5038540	5038785	DNA/TcMar-Tigger	1209	-	122	5038662	69308
chr9	4969354	5169354	harbor2	chr9	5049678	5050026	DNA/TcMar-Tigger	2094	-	174	5049852	80498
chr9	4969354	5169354	harbor2	chr9	5050936	5051152	DNA/TcMar-Tigger	1231	-	108	5051044	81690
chr9	4969354	5169354	harbor2	chr9	5059966	5062077	DNA/TcMar-Tigger	13832	-	1056	5061022	91668
chr9	4969354	5169354	harbor2	chr9	5062317	5062585	DNA/TcMar-Tigger	1057	-	134	5062451	93097
chr9	5062622	5262622	harbor2	chr9	5070410	5070552	DNA/TcMar-Tigger	714	-	71	5070481	7859
chr9	5062622	5262622	harbor2	chr9	5070704	5070780	DNA/TcMar-Tigger	503	-	38	5070742	8120
chr9	112387652	112587652	harbor2	chr9	112408472	112408809	DNA/TcMar-Tigger	1805	-	168	112408640	20988
chr9	4694621	4894621	harbor2	chr9	4725912	4728263	DNA/TcMar-Tigger	16290	-	1176	4727088	32467
chr9	135994504	136194504	harbor2	chr9	136067427	136067555	DNA/TcMar-Tigger	2344	-	64	136067491	72987
chr9	135994504	136194504	harbor2	chr9	136067851	136068215	DNA/TcMar-Tigger	2344	-	182	136068033	73529
chr9	135994504	136194504	harbor2	chr9	136068519	136068639	DNA/TcMar-Tigger	2344	-	60	136068579	74075
chr9	4692744	4892744	harbor2	chr9	4725912	4728263	DNA/TcMar-Tigger	16290	-	1176	4727088	34344
chr9	4693371	4893371	harbor2	chr9	4725912	4728263	DNA/TcMar-Tigger	16290	-	1176	4727088	33717
chr9	4693463	4893463	harbor2	chr9	4725912	4728263	DNA/TcMar-Tigger	16290	-	1176	4727088	33625
chr9	131575326	131775326	harbor2	chr9	131651738	131653082	DNA/TcMar-Tigger	5231	-	672	131652410	77084
chr9	131575326	131775326	harbor2	chr9	131653101	131653405	DNA/TcMar-Tigger	1158	-	152	131653253	77927
chr9	112647605	112847605	harbor2	chr9	112714773	112715030	DNA/TcMar-Tigger	1728	-	128	112714901	67296
chr9	112647605	112847605	harbor2	chr9	112715180	112715491	DNA/TcMar-Tigger	2789	-	156	112715336	67731
chr9	112647605	112847605	harbor2	chr9	112715789	112715935	DNA/TcMar-Tigger	2789	-	73	112715862	68257
chr9	112647605	112847605	harbor2	chr9	112715927	112716029	DNA/TcMar-Tigger	618	-	51	112715978	68373
chr9	112647605	112847605	harbor2	chr9	112730483	112730722	DNA/TcMar-Tigger	1165	-	120	112730603	82998
chr9	4692900	4892900	harbor2	chr9	4725912	4728263	DNA/TcMar-Tigger	16290	-	1176	4727088	34188
chr9	6451603	6651603	harbor2	chr9	6482956	6483048	DNA/TcMar-Tigger	1501	-	46	6483002	31399
chr9	6451603	6651603	harbor2	chr9	6483348	6483601	DNA/TcMar-Tigger	1501	-	126	6483474	31871
chr9	6451603	6651603	harbor2	chr9	6545171	6545645	DNA/TcMar-Tigger	5816	-	237	6545408	93805
chr9	6451603	6651603	harbor2	chr9	6545940	6546200	DNA/TcMar-Tigger	5816	-	130	6546070	94467
chr9	6451603	6651603	harbor2	chr9	6546500	6546679	DNA/TcMar-Tigger	5816	-	90	6546590	94987
chr9	6451603	6651603	harbor2	chr9	6546967	6547090	DNA/TcMar-Tigger	5816	-	62	6547029	95426
chr9	79473605	79673605	harbor2	chr9	79485181	79485541	DNA/TcMar-Tigger	682	-	180	79485361	11756
chr9	4692825	4892825	harbor2	chr9	4725912	4728263	DNA/TcMar-Tigger	16290	-	1176	4727088	34263
chr9	4692909	4892909	harbor2	chr9	4725912	4728263	DNA/TcMar-Tigger	16290	-	1176	4727088	34179
chr9	4693624	4893624	harbor2	chr9	4725912	4728263	DNA/TcMar-Tigger	16290	-	1176	4727088	33464
chr9	4692802	4892802	harbor2	chr9	4725912	4728263	DNA/TcMar-Tigger	16290	-	1176	4727088	34286
chr9	112387662	112587662	harbor2	chr9	112408472	112408809	DNA/TcMar-Tigger	1805	-	168	112408640	20978
chr9	93445740	93645740	harbor2	chr9	93475047	93475383	DNA/TcMar-Tigger	1808	-	168	93475215	29475
chr9	93445740	93645740	harbor2	chr9	93495513	93496493	DNA/TcMar-Tigger	5824	-	490	93496003	50263
chr9	93445740	93645740	harbor2	chr9	93543862	93543956	DNA/TcMar-Tigger	551	-	47	93543909	98169
chr9	93445740	93645740	harbor2	chr9	93543954	93544071	DNA/TcMar-Tigger	558	-	58	93544012	98272
chr9	4693135	4893135	harbor2	chr9	4725912	4728263	DNA/TcMar-Tigger	16290	-	1176	4727088	33953
chr9	4692731	4892731	harbor2	chr9	4725912	4728263	DNA/TcMar-Tigger	16290	-	1176	4727088	34357
chr9	4693367	4893367	harbor2	chr9	4725912	4728263	DNA/TcMar-Tigger	16290	-	1176	4727088	33721
chr9	97416346	97616346	harbor2	chr9	97425769	97426250	DNA/TcMar-Tigger	3039	-	240	97426009	9663
chr9	97416346	97616346	harbor2	chr9	97426553	97426745	DNA/TcMar-Tigger	3039	-	96	97426649	10303
chr9	91323874	91523874	harbor2	chr9	91339132	91339215	DNA/TcMar-Tigger	480	-	42	91339174	15300
chr9	91323874	91523874	harbor2	chr9	91339216	91339328	DNA/TcMar-Tigger	550	-	56	91339272	15398
chr9	91323874	91523874	harbor2	chr9	91351834	91351992	DNA/TcMar-Tigger	1129	-	79	91351913	28039
chr9	91323874	91523874	harbor2	chr9	91352290	91352361	DNA/TcMar-Tigger	1129	-	36	91352326	28452
chr9	4900510	5100510	harbor2	chr9	4986645	4986950	DNA/TcMar-Tigger	1292	-	152	4986797	86287
chr9	4694263	4894263	harbor2	chr9	4725912	4728263	DNA/TcMar-Tigger	16290	-	1176	4727088	32825
chr9	4692878	4892878	harbor2	chr9	4725912	4728263	DNA/TcMar-Tigger	16290	-	1176	4727088	34210
chr9	131637199	131837199	harbor2	chr9	131651738	131653082	DNA/TcMar-Tigger	5231	-	672	131652410	15211
chr9	131637199	131837199	harbor2	chr9	131653101	131653405	DNA/TcMar-Tigger	1158	-	152	131653253	16054
chr9	124315514	124515514	harbor2	chr9	124404431	124404565	DNA/TcMar-Tigger	1047	-	67	124404498	88984
chr9	124315514	124515514	harbor2	chr9	124404882	124404948	DNA/TcMar-Tigger	1047	-	33	124404915	89401
chr9	91845860	92045860	harbor2	chr9	91911218	91911519	DNA/TcMar-Tigger	1412	-	150	91911368	65508
chr9	91845860	92045860	harbor2	chr9	91944030	91944350	DNA/TcMar-Tigger	1688	-	160	91944190	98330
chr9	99191390	99391390	harbor2	chr9	99208770	99208980	DNA/TcMar-Tigger	682	-	105	99208875	17485
chr9	67768338	67968338	harbor2	chr9	67776545	67776759	DNA/TcMar-Tigger	814	-	107	67776652	8314
chr9	67768338	67968338	harbor2	chr9	67777431	67777754	DNA/TcMar-Tigger	14093	-	162	67777593	9255
chr9	67768338	67968338	harbor2	chr9	67778054	67780085	DNA/TcMar-Tigger	14093	-	1016	67779070	10732
chr9	6451602	6651602	harbor2	chr9	6482956	6483048	DNA/TcMar-Tigger	1501	-	46	6483002	31400
chr9	6451602	6651602	harbor2	chr9	6483348	6483601	DNA/TcMar-Tigger	1501	-	126	6483474	31872
chr9	6451602	6651602	harbor2	chr9	6545171	6545645	DNA/TcMar-Tigger	5816	-	237	6545408	93806
chr9	6451602	6651602	harbor2	chr9	6545940	6546200	DNA/TcMar-Tigger	5816	-	130	6546070	94468
chr9	6451602	6651602	harbor2	chr9	6546500	6546679	DNA/TcMar-Tigger	5816	-	90	6546590	94988
chr9	6451602	6651602	harbor2	chr9	6546967	6547090	DNA/TcMar-Tigger	5816	-	62	6547029	95427
chr9	4889318	5089318	harbor2	chr9	4986645	4986950	DNA/TcMar-Tigger	1292	-	152	4986797	97479
chr9	19342296	19542296	harbor2	chr9	19420927	19421259	DNA/TcMar-Tigger	1792	-	166	19421093	78797
chr9	4692808	4892808	harbor2	chr9	4725912	4728263	DNA/TcMar-Tigger	16290	-	1176	4727088	34280
chr9	4692907	4892907	harbor2	chr9	4725912	4728263	DNA/TcMar-Tigger	16290	-	1176	4727088	34181
chr9	4694161	4894161	harbor2	chr9	4725912	4728263	DNA/TcMar-Tigger	16290	-	1176	4727088	32927
chr9	108349469	108549469	harbor2	chr9	108400756	108401009	DNA/TcMar-Tigger	1401	-	126	108400882	51413
chr9	108349469	108549469	harbor2	chr9	108422703	108423023	DNA/TcMar-Tigger	1795	-	160	108422863	73394
chr9	108349469	108549469	harbor2	chr9	108425215	108425580	DNA/TcMar-Tigger	2083	-	182	108425397	75928
chr9	4887289	5087289	harbor2	chr9	4986645	4986950	DNA/TcMar-Tigger	1292	-	152	4986797	99508
chr9	4693547	4893547	harbor2	chr9	4725912	4728263	DNA/TcMar-Tigger	16290	-	1176	4727088	33541
chr9	131576456	131776456	harbor2	chr9	131651738	131653082	DNA/TcMar-Tigger	5231	-	672	131652410	75954
chr9	131576456	131776456	harbor2	chr9	131653101	131653405	DNA/TcMar-Tigger	1158	-	152	131653253	76797
chr9	135951490	136151490	harbor2	chr9	135952696	135952899	DNA/TcMar-Tigger	988	-	102	135952798	1308
chr9	87628195	87828195	harbor2	chr9	87698941	87699167	DNA/TcMar-Tigger	946	-	113	87699054	70859
chr9	4692770	4892770	harbor2	chr9	4725912	4728263	DNA/TcMar-Tigger	16290	-	1176	4727088	34318
chr9	97885753	98085753	harbor2	chr9	97894996	97895335	DNA/TcMar-Tigger	2002	-	170	97895166	9413
chr9	97885753	98085753	harbor2	chr9	97909260	97909460	DNA/TcMar-Tigger	609	-	100	97909360	23607
chr9	97885753	98085753	harbor2	chr9	97934622	97934783	DNA/TcMar-Tigger	510	-	80	97934702	48949
chr9	97885753	98085753	harbor2	chr9	97935126	97935236	DNA/TcMar-Tigger	649	-	55	97935181	49428
chr9	34027426	34227426	harbor2	chr9	34064253	34064381	DNA/TcMar-Tigger	602	-	64	34064317	36891
chr9	34027426	34227426	harbor2	chr9	34094468	34094531	DNA/TcMar-Tigger	1648	-	32	34094500	67074
chr9	34027426	34227426	harbor2	chr9	34094830	34095083	DNA/TcMar-Tigger	1648	-	126	34094956	67530
chr9	34027426	34227426	harbor2	chr9	34095685	34095726	DNA/TcMar-Tigger	1648	-	20	34095705	68279
chr9	4692800	4892800	harbor2	chr9	4725912	4728263	DNA/TcMar-Tigger	16290	-	1176	4727088	34288
chr9	4692867	4892867	harbor2	chr9	4725912	4728263	DNA/TcMar-Tigger	16290	-	1176	4727088	34221
chr9	112726256	112926256	harbor2	chr9	112730483	112730722	DNA/TcMar-Tigger	1165	-	120	112730603	4347
chr9	27249897	27449897	harbor2	chr9	27275870	27276483	DNA/TcMar-Tigger	2727	-	306	27276176	26279
chr9	27249897	27449897	harbor2	chr9	27289832	27290483	DNA/TcMar-Tigger	3564	-	326	27290158	40261
chr9	4692804	4892804	harbor2	chr9	4725912	4728263	DNA/TcMar-Tigger	16290	-	1176	4727088	34284
chr9	128981398	129181398	harbor2	chr9	128988530	128988672	DNA/TcMar-Tigger	903	-	71	128988601	7203
chr9	128981398	129181398	harbor2	chr9	129055379	129055562	DNA/TcMar-Tigger	879	-	92	129055471	74073
chr9	128981398	129181398	harbor2	chr9	129057052	129057250	DNA/TcMar-Tigger	1309	-	99	129057151	75753
chr9	5027062	5227062	harbor2	chr9	5027203	5029598	DNA/TcMar-Tigger	14934	-	1198	5028401	1339
chr9	5027062	5227062	harbor2	chr9	5038540	5038785	DNA/TcMar-Tigger	1209	-	122	5038662	11600
chr9	5027062	5227062	harbor2	chr9	5049678	5050026	DNA/TcMar-Tigger	2094	-	174	5049852	22790
chr9	5027062	5227062	harbor2	chr9	5050936	5051152	DNA/TcMar-Tigger	1231	-	108	5051044	23982
chr9	5027062	5227062	harbor2	chr9	5059966	5062077	DNA/TcMar-Tigger	13832	-	1056	5061022	33960
chr9	5027062	5227062	harbor2	chr9	5062317	5062585	DNA/TcMar-Tigger	1057	-	134	5062451	35389
chr9	5027062	5227062	harbor2	chr9	5070410	5070552	DNA/TcMar-Tigger	714	-	71	5070481	43419
chr9	5027062	5227062	harbor2	chr9	5070704	5070780	DNA/TcMar-Tigger	503	-	38	5070742	43680
chr9	4692864	4892864	harbor2	chr9	4725912	4728263	DNA/TcMar-Tigger	16290	-	1176	4727088	34224
chr9	87687012	87887012	harbor2	chr9	87698941	87699167	DNA/TcMar-Tigger	946	-	113	87699054	12042
chr9	87687012	87887012	harbor2	chr9	87778856	87779306	DNA/TcMar-Tigger	2414	-	225	87779081	92069
chr9	87687012	87887012	harbor2	chr9	87779796	87779829	DNA/TcMar-Tigger	4055	-	16	87779812	92800
chr9	87687012	87887012	harbor2	chr9	87780126	87780887	DNA/TcMar-Tigger	4055	-	380	87780506	93494
chr9	34027547	34227547	harbor2	chr9	34064253	34064381	DNA/TcMar-Tigger	602	-	64	34064317	36770
chr9	34027547	34227547	harbor2	chr9	34094468	34094531	DNA/TcMar-Tigger	1648	-	32	34094500	66953
chr9	34027547	34227547	harbor2	chr9	34094830	34095083	DNA/TcMar-Tigger	1648	-	126	34094956	67409
chr9	34027547	34227547	harbor2	chr9	34095685	34095726	DNA/TcMar-Tigger	1648	-	20	34095705	68158
chr9	4692777	4892777	harbor2	chr9	4725912	4728263	DNA/TcMar-Tigger	16290	-	1176	4727088	34311
chr9	35629934	35829934	harbor2	chr9	35633736	35633838	DNA/TcMar-Tigger	536	-	51	35633787	3853
chr9	133678753	133878753	harbor2	chr9	133724666	133724893	DNA/TcMar-Tigger	1351	-	114	133724780	46027
chr9	133678753	133878753	harbor2	chr9	133772736	133772889	DNA/TcMar-Tigger	553	-	76	133772812	94059
chr9	133678753	133878753	harbor2	chr9	133773165	133774056	DNA/TcMar-Tigger	3663	-	446	133773611	94858
chr9	38155453	38355453	harbor2	chr9	38177281	38177578	DNA/TcMar-Tigger	1401	-	148	38177429	21976
chr9	135764685	135964685	harbor2	chr9	135820004	135820277	DNA/TcMar-Tigger	884	-	136	135820140	55455
chr9	135764685	135964685	harbor2	chr9	135849048	135849403	DNA/TcMar-Tigger	2026	-	178	135849226	84541
chr9	4889439	5089439	harbor2	chr9	4986645	4986950	DNA/TcMar-Tigger	1292	-	152	4986797	97358
chr9	4889480	5089480	harbor2	chr9	4986645	4986950	DNA/TcMar-Tigger	1292	-	152	4986797	97317
chr9	4725632	4925632	harbor2	chr9	4725912	4728263	DNA/TcMar-Tigger	16290	-	1176	4727088	1456
chr9	4693424	4893424	harbor2	chr9	4725912	4728263	DNA/TcMar-Tigger	16290	-	1176	4727088	33664
chr9	123915711	124115711	harbor2	chr9	123966074	123966348	DNA/TcMar-Tigger	718	-	137	123966211	50500
chr9	6727745	6927745	harbor2	chr9	6766126	6766345	DNA/TcMar-Tigger	653	-	110	6766236	38491
chr9	6727745	6927745	harbor2	chr9	6781218	6781820	DNA/TcMar-Tigger	3372	-	301	6781519	53774
chr9	6727745	6927745	harbor2	chr9	6782124	6782187	DNA/TcMar-Tigger	3372	-	32	6782156	54411
chr9	6727745	6927745	harbor2	chr9	6823947	6824190	DNA/TcMar-Tigger	741	-	122	6824069	96324
chr9	4694515	4894515	harbor2	chr9	4725912	4728263	DNA/TcMar-Tigger	16290	-	1176	4727088	32573
chr9	36902991	37102991	harbor2	chr9	36920578	36920776	DNA/TcMar-Tigger	1229	-	99	36920677	17686
chr9	4693490	4893490	harbor2	chr9	4725912	4728263	DNA/TcMar-Tigger	16290	-	1176	4727088	33598
chr9	4692797	4892797	harbor2	chr9	4725912	4728263	DNA/TcMar-Tigger	16290	-	1176	4727088	34291
chr9	4641242	4841242	harbor2	chr9	4641262	4641359	DNA/TcMar-Tigger	538	-	48	4641310	68
chr9	4641242	4841242	harbor2	chr9	4641417	4641672	DNA/TcMar-Tigger	1297	-	128	4641545	303
chr9	4641242	4841242	harbor2	chr9	4725912	4728263	DNA/TcMar-Tigger	16290	-	1176	4727088	85846
chr9	4692893	4892893	harbor2	chr9	4725912	4728263	DNA/TcMar-Tigger	16290	-	1176	4727088	34195
chr9	4694556	4894556	harbor2	chr9	4725912	4728263	DNA/TcMar-Tigger	16290	-	1176	4727088	32532
chr9	4692786	4892786	harbor2	chr9	4725912	4728263	DNA/TcMar-Tigger	16290	-	1176	4727088	34302
chr9	108356062	108556062	harbor2	chr9	108400756	108401009	DNA/TcMar-Tigger	1401	-	126	108400882	44820
chr9	108356062	108556062	harbor2	chr9	108422703	108423023	DNA/TcMar-Tigger	1795	-	160	108422863	66801
chr9	108356062	108556062	harbor2	chr9	108425215	108425580	DNA/TcMar-Tigger	2083	-	182	108425397	69335
chr9	99259961	99459961	harbor2	chr9	99318130	99318328	DNA/TcMar-Tigger	1379	-	99	99318229	58268
chr10	48742186	48942186	harbor2	chr10	48783127	48783452	DNA/TcMar-Tigger	1344	-	162	48783289	41103
chr10	48742186	48942186	harbor2	chr10	48783736	48783964	DNA/TcMar-Tigger	1410	-	114	48783850	41664
chr10	102141600	102341600	harbor2	chr10	102178570	102178752	DNA/TcMar-Tigger	1046	-	91	102178661	37061
chr10	102141600	102341600	harbor2	chr10	102179525	102179683	DNA/TcMar-Tigger	1057	-	79	102179604	38004
chr10	102141600	102341600	harbor2	chr10	102180342	102180541	DNA/TcMar-Tigger	1096	-	100	102180442	38842
chr10	102141612	102341612	harbor2	chr10	102178570	102178752	DNA/TcMar-Tigger	1046	-	91	102178661	37049
chr10	102141612	102341612	harbor2	chr10	102179525	102179683	DNA/TcMar-Tigger	1057	-	79	102179604	37992
chr10	102141612	102341612	harbor2	chr10	102180342	102180541	DNA/TcMar-Tigger	1096	-	100	102180442	38830
chr10	103893614	104093614	harbor2	chr10	103970810	103971031	DNA/TcMar-Tigger	1193	-	110	103970920	77306
chr10	122407392	122607392	harbor2	chr10	122409165	122409254	DNA/TcMar-Tigger	468	-	44	122409209	1817
chr10	122407392	122607392	harbor2	chr10	122487601	122487906	DNA/TcMar-Tigger	1662	-	152	122487753	80361
chr10	14996869	15196869	harbor2	chr10	15007389	15007586	DNA/TcMar-Tigger	676	-	98	15007487	10618
chr10	75729207	75929207	harbor2	chr10	75772061	75772349	DNA/TcMar-Tigger	564	-	144	75772205	42998
chr10	75729207	75929207	harbor2	chr10	75772366	75772594	DNA/TcMar-Tigger	571	-	114	75772480	43273
chr10	103552962	103752962	harbor2	chr10	103630911	103631043	DNA/TcMar-Tigger	1701	-	66	103630977	78015
chr10	103552962	103752962	harbor2	chr10	103631278	103631491	DNA/TcMar-Tigger	1701	-	106	103631384	78422
chr10	103552962	103752962	harbor2	chr10	103641974	103642079	DNA/TcMar-Tigger	489	-	52	103642026	89064
chr10	97778537	97978537	harbor2	chr10	97862288	97862726	DNA/TcMar-Tigger	2692	-	219	97862507	83970
chr10	97398820	97598820	harbor2	chr10	97488449	97488786	DNA/TcMar-Tigger	1897	-	168	97488617	89797
chr10	97415128	97615128	harbor2	chr10	97488449	97488786	DNA/TcMar-Tigger	1897	-	168	97488617	73489
chr10	102141599	102341599	harbor2	chr10	102178570	102178752	DNA/TcMar-Tigger	1046	-	91	102178661	37062
chr10	102141599	102341599	harbor2	chr10	102179525	102179683	DNA/TcMar-Tigger	1057	-	79	102179604	38005
chr10	102141599	102341599	harbor2	chr10	102180342	102180541	DNA/TcMar-Tigger	1096	-	100	102180442	38843
chr10	122404740	122604740	harbor2	chr10	122409165	122409254	DNA/TcMar-Tigger	468	-	44	122409209	4469
chr10	122404740	122604740	harbor2	chr10	122487601	122487906	DNA/TcMar-Tigger	1662	-	152	122487753	83013
chr10	133106978	133306978	harbor2	chr10	133119270	133119743	DNA/TcMar-Tigger	2757	-	236	133119506	12528
chr10	133106978	133306978	harbor2	chr10	133120421	133121320	DNA/TcMar-Tigger	7010	-	450	133120871	13893
chr10	133106978	133306978	harbor2	chr10	133119738	133120121	DNA/TcMar-Tigger	7010	-	192	133119930	12952
chr10	23340660	23540660	harbor2	chr10	23383237	23383599	DNA/TcMar-Tigger	2285	-	181	23383418	42758
chr10	122405982	122605982	harbor2	chr10	122409165	122409254	DNA/TcMar-Tigger	468	-	44	122409209	3227
chr10	122405982	122605982	harbor2	chr10	122487601	122487906	DNA/TcMar-Tigger	1662	-	152	122487753	81771
chr10	129121176	129321176	harbor2	chr10	129200718	129200915	DNA/TcMar-Tigger	12899	-	98	129200816	79640
chr10	129121176	129321176	harbor2	chr10	129201219	129203173	DNA/TcMar-Tigger	12899	-	977	129202196	81020
chr10	129121176	129321176	harbor2	chr10	129203542	129203839	DNA/TcMar-Tigger	1368	-	148	129203690	82514
chr10	102141615	102341615	harbor2	chr10	102178570	102178752	DNA/TcMar-Tigger	1046	-	91	102178661	37046
chr10	102141615	102341615	harbor2	chr10	102179525	102179683	DNA/TcMar-Tigger	1057	-	79	102179604	37989
chr10	102141615	102341615	harbor2	chr10	102180342	102180541	DNA/TcMar-Tigger	1096	-	100	102180442	38827
chr10	97398798	97598798	harbor2	chr10	97488449	97488786	DNA/TcMar-Tigger	1897	-	168	97488617	89819
chr10	102013280	102213280	harbor2	chr10	102016151	102016359	DNA/TcMar-Tigger	1163	-	104	102016255	2975
chr10	130028498	130228498	harbor2	chr10	130072667	130072864	DNA/TcMar-Tigger	1082	-	98	130072765	44267
chr10	130028498	130228498	harbor2	chr10	130072854	130073012	DNA/TcMar-Tigger	850	-	79	130072933	44435
chr10	130028498	130228498	harbor2	chr10	130112394	130112578	DNA/TcMar-Tigger	737	-	92	130112486	83988
chr10	130028498	130228498	harbor2	chr10	130112899	130113010	DNA/TcMar-Tigger	737	-	56	130112955	84457
chr10	122908712	123108712	harbor2	chr10	122949150	122949739	DNA/TcMar-Tigger	2885	-	294	122949444	40732
chr10	122908712	123108712	harbor2	chr10	122980993	122981118	DNA/TcMar-Tigger	857	-	62	122981055	72343
chr10	122908712	123108712	harbor2	chr10	122981288	122981518	DNA/TcMar-Tigger	857	-	115	122981403	72691
chr10	128440032	128640032	harbor2	chr10	128444302	128444727	DNA/TcMar-Tigger	4315	-	212	128444514	4482
chr10	128440032	128640032	harbor2	chr10	128445032	128445621	DNA/TcMar-Tigger	4315	-	294	128445326	5294
chr10	128440032	128640032	harbor2	chr10	128536264	128536362	DNA/TcMar-Tigger	562	-	49	128536313	96281
chr10	128440032	128640032	harbor2	chr10	128536364	128536628	DNA/TcMar-Tigger	1562	-	132	128536496	96464
chr10	97436621	97636621	harbor2	chr10	97488449	97488786	DNA/TcMar-Tigger	1897	-	168	97488617	51996
chr10	122065358	122265358	harbor2	chr10	122101958	122102077	DNA/TcMar-Tigger	741	-	60	122102018	36660
chr10	122065358	122265358	harbor2	chr10	122155735	122155833	DNA/TcMar-Tigger	548	-	49	122155784	90426
chr10	122065358	122265358	harbor2	chr10	122156137	122156225	DNA/TcMar-Tigger	548	-	44	122156181	90823
chr10	122065358	122265358	harbor2	chr10	122156538	122156841	DNA/TcMar-Tigger	941	-	152	122156690	91332
chr10	122065358	122265358	harbor2	chr10	122157120	122157256	DNA/TcMar-Tigger	941	-	68	122157188	91830
chr10	97398789	97598789	harbor2	chr10	97488449	97488786	DNA/TcMar-Tigger	1897	-	168	97488617	89828
chr10	23210069	23410069	harbor2	chr10	23268665	23269009	DNA/TcMar-Tigger	2047	-	172	23268837	58768
chr10	33635957	33835957	harbor2	chr10	33640895	33640997	DNA/TcMar-Tigger	1781	-	51	33640946	4989
chr10	33635957	33835957	harbor2	chr10	33641285	33641538	DNA/TcMar-Tigger	1781	-	126	33641411	5454
chr10	33635957	33835957	harbor2	chr10	33644918	33645062	DNA/TcMar-Tigger	1565	-	72	33644990	9033
chr10	33635957	33835957	harbor2	chr10	33645275	33645481	DNA/TcMar-Tigger	1565	-	103	33645378	9421
chr10	33635957	33835957	harbor2	chr10	33670742	33670943	DNA/TcMar-Tigger	1278	-	100	33670842	34885
chr10	33635957	33835957	harbor2	chr10	33673705	33673921	DNA/TcMar-Tigger	671	-	108	33673813	37856
chr10	33635957	33835957	harbor2	chr10	33677592	33677639	DNA/TcMar-Tigger	2181	-	24	33677616	41659
chr10	33635957	33835957	harbor2	chr10	33677951	33678349	DNA/TcMar-Tigger	2181	-	199	33678150	42193
chr10	43151417	43351417	harbor2	chr10	43178176	43178340	DNA/TcMar-Tigger	1011	-	82	43178258	26841
chr10	43151417	43351417	harbor2	chr10	43178637	43178791	DNA/TcMar-Tigger	1011	-	77	43178714	27297
chr10	43151417	43351417	harbor2	chr10	43221954	43222239	DNA/TcMar-Tigger	1419	-	142	43222096	70679
chr10	97398825	97598825	harbor2	chr10	97488449	97488786	DNA/TcMar-Tigger	1897	-	168	97488617	89792
chr10	100908386	101108386	harbor2	chr10	100939887	100940220	DNA/TcMar-Tigger	1042	-	166	100940053	31667
chr10	100908386	101108386	harbor2	chr10	100941142	100941309	DNA/TcMar-Tigger	567	-	84	100941226	32840
chr10	14854787	15054787	harbor2	chr10	14894326	14894355	DNA/TcMar-Tigger	501	-	14	14894340	39553
chr10	14854787	15054787	harbor2	chr10	14894667	14894860	DNA/TcMar-Tigger	501	-	96	14894763	39976
chr10	14854787	15054787	harbor2	chr10	14926174	14926374	DNA/TcMar-Tigger	3248	-	100	14926274	71487
chr10	14854787	15054787	harbor2	chr10	14926675	14926702	DNA/TcMar-Tigger	3248	-	14	14926689	71902
chr10	14854787	15054787	harbor2	chr10	14925408	14925828	DNA/TcMar-Tigger	3248	-	210	14925618	70831
chr10	114721684	114921684	harbor2	chr10	114800576	114800630	DNA/TcMar-Tigger	1277	-	27	114800603	78919
chr10	114721684	114921684	harbor2	chr10	114800937	114801124	DNA/TcMar-Tigger	1277	-	94	114801031	79347
chr10	114721684	114921684	harbor2	chr10	114801253	114801474	DNA/TcMar-Tigger	1234	-	110	114801363	79679
chr10	73817058	74017058	harbor2	chr10	73843016	73843075	DNA/TcMar-Tigger	571	-	30	73843046	25988
chr10	73817058	74017058	harbor2	chr10	73843366	73843640	DNA/TcMar-Tigger	571	-	137	73843503	26445
chr10	100897092	101097092	harbor2	chr10	100939887	100940220	DNA/TcMar-Tigger	1042	-	166	100940053	42961
chr10	100897092	101097092	harbor2	chr10	100941142	100941309	DNA/TcMar-Tigger	567	-	84	100941226	44134
chr10	97402257	97602257	harbor2	chr10	97488449	97488786	DNA/TcMar-Tigger	1897	-	168	97488617	86360
chr10	14908036	15108036	harbor2	chr10	14926174	14926374	DNA/TcMar-Tigger	3248	-	100	14926274	18238
chr10	14908036	15108036	harbor2	chr10	14926675	14926702	DNA/TcMar-Tigger	3248	-	14	14926689	18653
chr10	14908036	15108036	harbor2	chr10	14961061	14961364	DNA/TcMar-Tigger	1537	-	152	14961213	53177
chr10	14908036	15108036	harbor2	chr10	14967637	14967821	DNA/TcMar-Tigger	685	-	92	14967729	59693
chr10	14908036	15108036	harbor2	chr10	14967789	14967988	DNA/TcMar-Tigger	934	-	100	14967889	59853
chr10	14908036	15108036	harbor2	chr10	15007389	15007586	DNA/TcMar-Tigger	676	-	98	15007487	99451
chr10	14908036	15108036	harbor2	chr10	14925408	14925828	DNA/TcMar-Tigger	3248	-	210	14925618	17582
chr10	46182801	46382801	harbor2	chr10	46245407	46245543	DNA/TcMar-Tigger	539	-	68	46245475	62674
chr10	71364878	71564878	harbor2	chr10	71431553	71431799	DNA/TcMar-Tigger	618	-	123	71431676	66798
chr10	68161589	68361589	harbor2	chr10	68197759	68197854	DNA/TcMar-Tigger	565	-	48	68197807	36218
chr10	68161589	68361589	harbor2	chr10	68197860	68198081	DNA/TcMar-Tigger	1223	-	110	68197970	36381
chr10	68161589	68361589	harbor2	chr10	68242429	68242707	DNA/TcMar-Tigger	1896	-	139	68242568	80979
chr10	68161589	68361589	harbor2	chr10	68243002	68243072	DNA/TcMar-Tigger	1896	-	35	68243037	81448
chr10	50611910	50811910	harbor2	chr10	50629088	50629418	DNA/TcMar-Tigger	1801	-	165	50629253	17343
chr10	50611910	50811910	harbor2	chr10	50637013	50637271	DNA/TcMar-Tigger	530	-	129	50637142	25232
chr10	13710585	13910585	harbor2	chr10	13748355	13748593	DNA/TcMar-Tigger	1388	-	119	13748474	37889
chr10	102144633	102344633	harbor2	chr10	102178570	102178752	DNA/TcMar-Tigger	1046	-	91	102178661	34028
chr10	102144633	102344633	harbor2	chr10	102179525	102179683	DNA/TcMar-Tigger	1057	-	79	102179604	34971
chr10	102144633	102344633	harbor2	chr10	102180342	102180541	DNA/TcMar-Tigger	1096	-	100	102180442	35809
chr10	7134719	7334719	harbor2	chr10	7211545	7211921	DNA/TcMar-Tigger	872	-	188	7211733	77014
chr10	97399300	97599300	harbor2	chr10	97488449	97488786	DNA/TcMar-Tigger	1897	-	168	97488617	89317
chr10	48300059	48500059	harbor2	chr10	48312976	48313144	DNA/TcMar-Tigger	507	-	84	48313060	13001
chr10	48300059	48500059	harbor2	chr10	48313453	48313642	DNA/TcMar-Tigger	553	-	94	48313547	13488
chr10	48300059	48500059	harbor2	chr10	48351752	48351977	DNA/TcMar-Tigger	1381	-	112	48351864	51805
chr10	97398808	97598808	harbor2	chr10	97488449	97488786	DNA/TcMar-Tigger	1897	-	168	97488617	89809
chr10	48455826	48655826	harbor2	chr10	48506186	48506515	DNA/TcMar-Tigger	1607	-	164	48506350	50524
chr10	10822731	11022731	harbor2	chr10	10896821	10896917	DNA/TcMar-Tigger	539	-	48	10896869	74138
chr10	10822731	11022731	harbor2	chr10	10916501	10916605	DNA/TcMar-Tigger	476	-	52	10916553	93822
chr10	10822731	11022731	harbor2	chr10	10916913	10917206	DNA/TcMar-Tigger	734	-	146	10917059	94328
chr10	47396264	47596264	harbor2	chr10	47411521	47411637	DNA/TcMar-Tigger	750	-	58	47411579	15315
chr10	47354780	47554780	harbor2	chr10	47411521	47411637	DNA/TcMar-Tigger	750	-	58	47411579	56799
chr10	131149473	131349473	harbor2	chr10	131242573	131242665	DNA/TcMar-Tigger	619	-	46	131242619	93146
chr10	102141601	102341601	harbor2	chr10	102178570	102178752	DNA/TcMar-Tigger	1046	-	91	102178661	37060
chr10	102141601	102341601	harbor2	chr10	102179525	102179683	DNA/TcMar-Tigger	1057	-	79	102179604	38003
chr10	102141601	102341601	harbor2	chr10	102180342	102180541	DNA/TcMar-Tigger	1096	-	100	102180442	38841
chr10	131311786	131511786	harbor2	chr10	131401362	131401692	DNA/TcMar-Tigger	1636	-	165	131401527	89741
chr10	68621503	68821503	harbor2	chr10	68668331	68668441	DNA/TcMar-Tigger	477	-	55	68668386	46883
chr10	131334696	131534696	harbor2	chr10	131401362	131401692	DNA/TcMar-Tigger	1636	-	165	131401527	66831
chr10	31829542	32029542	harbor2	chr10	31903085	31903411	DNA/TcMar-Tigger	1801	-	163	31903248	73706
chr10	131311983	131511983	harbor2	chr10	131401362	131401692	DNA/TcMar-Tigger	1636	-	165	131401527	89544
chr10	72525952	72725952	harbor2	chr10	72550477	72550642	DNA/TcMar-Tigger	929	-	82	72550559	24607
chr10	72525952	72725952	harbor2	chr10	72585755	72585988	DNA/TcMar-Tigger	1144	-	116	72585871	59919
chr10	72525952	72725952	harbor2	chr10	72586311	72586366	DNA/TcMar-Tigger	1144	-	28	72586339	60387
chr10	72525952	72725952	harbor2	chr10	72597651	72597766	DNA/TcMar-Tigger	725	-	58	72597709	71757
chr10	72525952	72725952	harbor2	chr10	72597765	72597986	DNA/TcMar-Tigger	1407	-	110	72597875	71923
chr10	72525952	72725952	harbor2	chr10	72597458	72597573	DNA/TcMar-Tigger	648	-	58	72597516	71564
chr10	122066259	122266259	harbor2	chr10	122101958	122102077	DNA/TcMar-Tigger	741	-	60	122102018	35759
chr10	122066259	122266259	harbor2	chr10	122155735	122155833	DNA/TcMar-Tigger	548	-	49	122155784	89525
chr10	122066259	122266259	harbor2	chr10	122156137	122156225	DNA/TcMar-Tigger	548	-	44	122156181	89922
chr10	122066259	122266259	harbor2	chr10	122156538	122156841	DNA/TcMar-Tigger	941	-	152	122156690	90431
chr10	122066259	122266259	harbor2	chr10	122157120	122157256	DNA/TcMar-Tigger	941	-	68	122157188	90929
chr10	131312053	131512053	harbor2	chr10	131401362	131401692	DNA/TcMar-Tigger	1636	-	165	131401527	89474
chr10	100907566	101107566	harbor2	chr10	100939887	100940220	DNA/TcMar-Tigger	1042	-	166	100940053	32487
chr10	100907566	101107566	harbor2	chr10	100941142	100941309	DNA/TcMar-Tigger	567	-	84	100941226	33660
chr10	129341078	129541078	harbor2	chr10	129350320	129350790	DNA/TcMar-Tigger	2811	-	235	129350555	9477
chr10	129341078	129541078	harbor2	chr10	129350788	129350940	DNA/TcMar-Tigger	658	-	76	129350864	9786
chr10	131329172	131529172	harbor2	chr10	131401362	131401692	DNA/TcMar-Tigger	1636	-	165	131401527	72355
chr10	97402365	97602365	harbor2	chr10	97488449	97488786	DNA/TcMar-Tigger	1897	-	168	97488617	86252
chr10	102141624	102341624	harbor2	chr10	102178570	102178752	DNA/TcMar-Tigger	1046	-	91	102178661	37037
chr10	102141624	102341624	harbor2	chr10	102179525	102179683	DNA/TcMar-Tigger	1057	-	79	102179604	37980
chr10	102141624	102341624	harbor2	chr10	102180342	102180541	DNA/TcMar-Tigger	1096	-	100	102180442	38818
chr10	30719277	30919277	harbor2	chr10	30759864	30760170	DNA/TcMar-Tigger	1927	-	153	30760017	40740
chr10	30719277	30919277	harbor2	chr10	30793279	30793614	DNA/TcMar-Tigger	1732	-	168	30793447	74170
chr10	43456881	43656881	harbor2	chr10	43500944	43501457	DNA/TcMar-Tigger	3353	-	256	43501200	44319
chr10	43456881	43656881	harbor2	chr10	43501766	43501786	DNA/TcMar-Tigger	3353	-	10	43501776	44895
chr10	43456881	43656881	harbor2	chr10	43521088	43521721	DNA/TcMar-Tigger	2936	-	316	43521404	64523
chr11	5127098	5327098	harbor2	chr11	5187925	5188097	DNA/TcMar-Tigger	428	-	86	5188011	60913
chr11	6471157	6671157	harbor2	chr11	6540839	6541541	DNA/TcMar-Tigger	646	-	351	6541190	70033
chr11	5127138	5327138	harbor2	chr11	5187925	5188097	DNA/TcMar-Tigger	428	-	86	5188011	60873
chr11	5127141	5327141	harbor2	chr11	5187925	5188097	DNA/TcMar-Tigger	428	-	86	5188011	60870
chr11	5127548	5327548	harbor2	chr11	5187925	5188097	DNA/TcMar-Tigger	428	-	86	5188011	60463
chr11	5127182	5327182	harbor2	chr11	5187925	5188097	DNA/TcMar-Tigger	428	-	86	5188011	60829
chr11	123512081	123712081	harbor2	chr11	123534020	123534435	DNA/TcMar-Tigger	2263	-	208	123534228	22147
chr11	123512081	123712081	harbor2	chr11	123588834	123589191	DNA/TcMar-Tigger	1510	-	178	123589012	76931
chr11	5127157	5327157	harbor2	chr11	5187925	5188097	DNA/TcMar-Tigger	428	-	86	5188011	60854
chr11	5128062	5328062	harbor2	chr11	5187925	5188097	DNA/TcMar-Tigger	428	-	86	5188011	59949
chr11	73042807	73242807	harbor2	chr11	73123539	73123782	DNA/TcMar-Tigger	472	-	122	73123661	80854
chr11	5127137	5327137	harbor2	chr11	5187925	5188097	DNA/TcMar-Tigger	428	-	86	5188011	60874
chr11	5135292	5335292	harbor2	chr11	5187925	5188097	DNA/TcMar-Tigger	428	-	86	5188011	52719
chr11	5127495	5327495	harbor2	chr11	5187925	5188097	DNA/TcMar-Tigger	428	-	86	5188011	60516
chr11	57400290	57600290	harbor2	chr11	57442707	57443096	DNA/TcMar-Tigger	6019	-	194	57442901	42611
chr11	57400290	57600290	harbor2	chr11	57443391	57443687	DNA/TcMar-Tigger	6019	-	148	57443539	43249
chr11	57400290	57600290	harbor2	chr11	57443996	57444276	DNA/TcMar-Tigger	4319	-	140	57444136	43846
chr11	57400290	57600290	harbor2	chr11	57441991	57442392	DNA/TcMar-Tigger	6019	-	200	57442191	41901
chr11	5128051	5328051	harbor2	chr11	5187925	5188097	DNA/TcMar-Tigger	428	-	86	5188011	59960
chr11	5134388	5334388	harbor2	chr11	5187925	5188097	DNA/TcMar-Tigger	428	-	86	5188011	53623
chr11	5128327	5328327	harbor2	chr11	5187925	5188097	DNA/TcMar-Tigger	428	-	86	5188011	59684
chr11	5127140	5327140	harbor2	chr11	5187925	5188097	DNA/TcMar-Tigger	428	-	86	5188011	60871
chr11	119281619	119481619	harbor2	chr11	119288610	119288783	DNA/TcMar-Tigger	694	-	86	119288696	7077
chr11	5134538	5334538	harbor2	chr11	5187925	5188097	DNA/TcMar-Tigger	428	-	86	5188011	53473
chr11	5134084	5334084	harbor2	chr11	5187925	5188097	DNA/TcMar-Tigger	428	-	86	5188011	53927
chr11	5134540	5334540	harbor2	chr11	5187925	5188097	DNA/TcMar-Tigger	428	-	86	5188011	53471
chr11	5127159	5327159	harbor2	chr11	5187925	5188097	DNA/TcMar-Tigger	428	-	86	5188011	60852
chr11	5134020	5334020	harbor2	chr11	5187925	5188097	DNA/TcMar-Tigger	428	-	86	5188011	53991
chr11	108021913	108221913	harbor2	chr11	108055303	108055396	DNA/TcMar-Tigger	426	-	46	108055349	33436
chr11	108021913	108221913	harbor2	chr11	108090833	108091040	DNA/TcMar-Tigger	604	-	104	108090937	69024
chr11	108021913	108221913	harbor2	chr11	108091351	108091381	DNA/TcMar-Tigger	604	-	15	108091366	69453
chr11	108021913	108221913	harbor2	chr11	108093169	108093719	DNA/TcMar-Tigger	2359	-	275	108093444	71531
chr11	108021913	108221913	harbor2	chr11	108093980	108094207	DNA/TcMar-Tigger	2359	-	114	108094094	72181
chr11	5133982	5333982	harbor2	chr11	5187925	5188097	DNA/TcMar-Tigger	428	-	86	5188011	54029
chr11	5128415	5328415	harbor2	chr11	5187925	5188097	DNA/TcMar-Tigger	428	-	86	5188011	59596
chr11	5134352	5334352	harbor2	chr11	5187925	5188097	DNA/TcMar-Tigger	428	-	86	5188011	53659
chr11	5134552	5334552	harbor2	chr11	5187925	5188097	DNA/TcMar-Tigger	428	-	86	5188011	53459
chr11	5127124	5327124	harbor2	chr11	5187925	5188097	DNA/TcMar-Tigger	428	-	86	5188011	60887
chr11	108021542	108221542	harbor2	chr11	108055303	108055396	DNA/TcMar-Tigger	426	-	46	108055349	33807
chr11	108021542	108221542	harbor2	chr11	108090833	108091040	DNA/TcMar-Tigger	604	-	104	108090937	69395
chr11	108021542	108221542	harbor2	chr11	108091351	108091381	DNA/TcMar-Tigger	604	-	15	108091366	69824
chr11	108021542	108221542	harbor2	chr11	108093169	108093719	DNA/TcMar-Tigger	2359	-	275	108093444	71902
chr11	108021542	108221542	harbor2	chr11	108093980	108094207	DNA/TcMar-Tigger	2359	-	114	108094094	72552
chr11	5176047	5376047	harbor2	chr11	5187925	5188097	DNA/TcMar-Tigger	428	-	86	5188011	11964
chr11	1471975	1671975	harbor2	chr11	1475339	1475461	DNA/TcMar-Tigger	597	-	61	1475400	3425
chr11	1471975	1671975	harbor2	chr11	1475620	1476228	DNA/TcMar-Tigger	1991	-	304	1475924	3949
chr11	5137986	5337986	harbor2	chr11	5187925	5188097	DNA/TcMar-Tigger	428	-	86	5188011	50025
chr11	5141739	5341739	harbor2	chr11	5187925	5188097	DNA/TcMar-Tigger	428	-	86	5188011	46272
chr11	5175971	5375971	harbor2	chr11	5187925	5188097	DNA/TcMar-Tigger	428	-	86	5188011	12040
chr11	5127119	5327119	harbor2	chr11	5187925	5188097	DNA/TcMar-Tigger	428	-	86	5188011	60892
chr11	5128030	5328030	harbor2	chr11	5187925	5188097	DNA/TcMar-Tigger	428	-	86	5188011	59981
chr11	119644666	119844666	harbor2	chr11	119717967	119718088	DNA/TcMar-Tigger	415	-	60	119718027	73361
chr11	119644666	119844666	harbor2	chr11	119718827	119719158	DNA/TcMar-Tigger	1948	-	166	119718993	74327
chr11	5127097	5327097	harbor2	chr11	5187925	5188097	DNA/TcMar-Tigger	428	-	86	5188011	60914
chr11	5127546	5327546	harbor2	chr11	5187925	5188097	DNA/TcMar-Tigger	428	-	86	5188011	60465
chr11	5127094	5327094	harbor2	chr11	5187925	5188097	DNA/TcMar-Tigger	428	-	86	5188011	60917
chr11	5140721	5340721	harbor2	chr11	5187925	5188097	DNA/TcMar-Tigger	428	-	86	5188011	47290
chr11	57399778	57599778	harbor2	chr11	57442707	57443096	DNA/TcMar-Tigger	6019	-	194	57442901	43123
chr11	57399778	57599778	harbor2	chr11	57443391	57443687	DNA/TcMar-Tigger	6019	-	148	57443539	43761
chr11	57399778	57599778	harbor2	chr11	57443996	57444276	DNA/TcMar-Tigger	4319	-	140	57444136	44358
chr11	57399778	57599778	harbor2	chr11	57441991	57442392	DNA/TcMar-Tigger	6019	-	200	57442191	42413
chr11	19833606	20033606	harbor2	chr11	19844450	19844654	DNA/TcMar-Tigger	1057	-	102	19844552	10946
chr11	19833606	20033606	harbor2	chr11	19875191	19875544	DNA/TcMar-Tigger	2441	-	176	19875367	41761
chr11	128776611	128976611	harbor2	chr11	128779780	128780075	DNA/TcMar-Tigger	1289	-	148	128779928	3317
chr11	128776611	128976611	harbor2	chr11	128817839	128818906	DNA/TcMar-Tigger	4734	-	534	128818373	41762
chr11	5127985	5327985	harbor2	chr11	5187925	5188097	DNA/TcMar-Tigger	428	-	86	5188011	60026
chr11	115396578	115596578	harbor2	chr11	115417358	115417850	DNA/TcMar-Tigger	2440	-	246	115417604	21026
chr11	115396578	115596578	harbor2	chr11	115475037	115475385	DNA/TcMar-Tigger	1108	-	174	115475211	78633
chr11	115396578	115596578	harbor2	chr11	115476336	115476403	DNA/TcMar-Tigger	460	-	34	115476370	79792
chr11	115396578	115596578	harbor2	chr11	115476435	115476618	DNA/TcMar-Tigger	460	-	92	115476527	79949
chr11	5134553	5334553	harbor2	chr11	5187925	5188097	DNA/TcMar-Tigger	428	-	86	5188011	53458
chr11	44479732	44679732	harbor2	chr11	44543985	44544092	DNA/TcMar-Tigger	574	-	54	44544039	64307
chr11	44479732	44679732	harbor2	chr11	44551090	44551241	DNA/TcMar-Tigger	1336	-	76	44551166	71434
chr11	44479732	44679732	harbor2	chr11	44551537	44551630	DNA/TcMar-Tigger	1336	-	46	44551583	71851
chr11	44479732	44679732	harbor2	chr11	44553663	44553821	DNA/TcMar-Tigger	663	-	79	44553742	74010
chr11	5127528	5327528	harbor2	chr11	5187925	5188097	DNA/TcMar-Tigger	428	-	86	5188011	60483
chr11	5127122	5327122	harbor2	chr11	5187925	5188097	DNA/TcMar-Tigger	428	-	86	5188011	60889
chr11	5181711	5381711	harbor2	chr11	5187925	5188097	DNA/TcMar-Tigger	428	-	86	5188011	6300
chr11	108021539	108221539	harbor2	chr11	108055303	108055396	DNA/TcMar-Tigger	426	-	46	108055349	33810
chr11	108021539	108221539	harbor2	chr11	108090833	108091040	DNA/TcMar-Tigger	604	-	104	108090937	69398
chr11	108021539	108221539	harbor2	chr11	108091351	108091381	DNA/TcMar-Tigger	604	-	15	108091366	69827
chr11	108021539	108221539	harbor2	chr11	108093169	108093719	DNA/TcMar-Tigger	2359	-	275	108093444	71905
chr11	108021539	108221539	harbor2	chr11	108093980	108094207	DNA/TcMar-Tigger	2359	-	114	108094094	72555
chr11	5134462	5334462	harbor2	chr11	5187925	5188097	DNA/TcMar-Tigger	428	-	86	5188011	53549
chr11	125389599	125589599	harbor2	chr11	125415775	125416021	DNA/TcMar-Tigger	1119	-	123	125415898	26299
chr11	125389599	125589599	harbor2	chr11	125416332	125416790	DNA/TcMar-Tigger	1119	-	229	125416561	26962
chr11	125389599	125589599	harbor2	chr11	125467970	125468178	DNA/TcMar-Tigger	493	-	104	125468074	78475
chr11	125389599	125589599	harbor2	chr11	125468490	125468539	DNA/TcMar-Tigger	493	-	24	125468514	78915
chr11	125389599	125589599	harbor2	chr11	125478021	125478160	DNA/TcMar-Tigger	821	-	70	125478091	88492
chr11	125389599	125589599	harbor2	chr11	125478457	125478632	DNA/TcMar-Tigger	821	-	88	125478545	88946
chr11	124701200	124901200	harbor2	chr11	124712481	124713092	DNA/TcMar-Tigger	4135	-	306	124712787	11587
chr11	5135406	5335406	harbor2	chr11	5187925	5188097	DNA/TcMar-Tigger	428	-	86	5188011	52605
chr11	5134536	5334536	harbor2	chr11	5187925	5188097	DNA/TcMar-Tigger	428	-	86	5188011	53475
chr11	69543435	69743435	harbor2	chr11	69559814	69559824	DNA/TcMar-Tigger	10752	-	5	69559819	16384
chr11	69543435	69743435	harbor2	chr11	69560129	69561616	DNA/TcMar-Tigger	10752	-	744	69560873	17438
chr11	69543435	69743435	harbor2	chr11	69561935	69562298	DNA/TcMar-Tigger	10752	-	182	69562117	18682
chr11	69543435	69743435	harbor2	chr11	69562293	69562472	DNA/TcMar-Tigger	1011	-	90	69562383	18948
chr11	69543435	69743435	harbor2	chr11	69583269	69583553	DNA/TcMar-Tigger	894	-	142	69583411	39976
chr11	5141120	5341120	harbor2	chr11	5187925	5188097	DNA/TcMar-Tigger	428	-	86	5188011	46891
chr11	5127125	5327125	harbor2	chr11	5187925	5188097	DNA/TcMar-Tigger	428	-	86	5188011	60886
chr11	5145521	5345521	harbor2	chr11	5187925	5188097	DNA/TcMar-Tigger	428	-	86	5188011	42490
chr11	68651712	68851712	harbor2	chr11	68679959	68680097	DNA/TcMar-Tigger	1727	-	69	68680028	28316
chr11	68651712	68851712	harbor2	chr11	68680413	68680641	DNA/TcMar-Tigger	1727	-	114	68680527	28815
chr11	5134532	5334532	harbor2	chr11	5187925	5188097	DNA/TcMar-Tigger	428	-	86	5188011	53479
chr11	5127149	5327149	harbor2	chr11	5187925	5188097	DNA/TcMar-Tigger	428	-	86	5188011	60862
chr11	105168684	105368684	harbor2	chr11	105259371	105259658	DNA/TcMar-Tigger	1204	-	144	105259515	90831
chr11	105168684	105368684	harbor2	chr11	105259660	105259812	DNA/TcMar-Tigger	754	-	76	105259736	91052
chr11	5128043	5328043	harbor2	chr11	5187925	5188097	DNA/TcMar-Tigger	428	-	86	5188011	59968
chr11	5129645	5329645	harbor2	chr11	5187925	5188097	DNA/TcMar-Tigger	428	-	86	5188011	58366
chr11	5175946	5375946	harbor2	chr11	5187925	5188097	DNA/TcMar-Tigger	428	-	86	5188011	12065
chr11	73279444	73479444	harbor2	chr11	73304783	73305131	DNA/TcMar-Tigger	1944	-	174	73304957	25513
chr11	5134537	5334537	harbor2	chr11	5187925	5188097	DNA/TcMar-Tigger	428	-	86	5188011	53474
chr11	108021866	108221866	harbor2	chr11	108055303	108055396	DNA/TcMar-Tigger	426	-	46	108055349	33483
chr11	108021866	108221866	harbor2	chr11	108090833	108091040	DNA/TcMar-Tigger	604	-	104	108090937	69071
chr11	108021866	108221866	harbor2	chr11	108091351	108091381	DNA/TcMar-Tigger	604	-	15	108091366	69500
chr11	108021866	108221866	harbor2	chr11	108093169	108093719	DNA/TcMar-Tigger	2359	-	275	108093444	71578
chr11	108021866	108221866	harbor2	chr11	108093980	108094207	DNA/TcMar-Tigger	2359	-	114	108094094	72228
chr11	5145526	5345526	harbor2	chr11	5187925	5188097	DNA/TcMar-Tigger	428	-	86	5188011	42485
chr11	108021556	108221556	harbor2	chr11	108055303	108055396	DNA/TcMar-Tigger	426	-	46	108055349	33793
chr11	108021556	108221556	harbor2	chr11	108090833	108091040	DNA/TcMar-Tigger	604	-	104	108090937	69381
chr11	108021556	108221556	harbor2	chr11	108091351	108091381	DNA/TcMar-Tigger	604	-	15	108091366	69810
chr11	108021556	108221556	harbor2	chr11	108093169	108093719	DNA/TcMar-Tigger	2359	-	275	108093444	71888
chr11	108021556	108221556	harbor2	chr11	108093980	108094207	DNA/TcMar-Tigger	2359	-	114	108094094	72538
chr11	5134924	5334924	harbor2	chr11	5187925	5188097	DNA/TcMar-Tigger	428	-	86	5188011	53087
chr11	5127139	5327139	harbor2	chr11	5187925	5188097	DNA/TcMar-Tigger	428	-	86	5188011	60872
chr11	6583608	6783608	harbor2	chr11	6634475	6634993	DNA/TcMar-Tigger	2759	-	259	6634734	51126
chr11	5127134	5327134	harbor2	chr11	5187925	5188097	DNA/TcMar-Tigger	428	-	86	5188011	60877
chr11	5134274	5334274	harbor2	chr11	5187925	5188097	DNA/TcMar-Tigger	428	-	86	5188011	53737
chr11	6512776	6712776	harbor2	chr11	6540839	6541541	DNA/TcMar-Tigger	646	-	351	6541190	28414
chr11	6512776	6712776	harbor2	chr11	6573568	6573730	DNA/TcMar-Tigger	936	-	81	6573649	60873
chr11	6512776	6712776	harbor2	chr11	6573965	6576228	DNA/TcMar-Tigger	13937	-	1132	6575097	62321
chr11	5134545	5334545	harbor2	chr11	5187925	5188097	DNA/TcMar-Tigger	428	-	86	5188011	53466
chr11	5130232	5330232	harbor2	chr11	5187925	5188097	DNA/TcMar-Tigger	428	-	86	5188011	57779
chr11	5127145	5327145	harbor2	chr11	5187925	5188097	DNA/TcMar-Tigger	428	-	86	5188011	60866
chr11	5134509	5334509	harbor2	chr11	5187925	5188097	DNA/TcMar-Tigger	428	-	86	5188011	53502
chr11	5127131	5327131	harbor2	chr11	5187925	5188097	DNA/TcMar-Tigger	428	-	86	5188011	60880
chr11	1471923	1671923	harbor2	chr11	1475339	1475461	DNA/TcMar-Tigger	597	-	61	1475400	3477
chr11	1471923	1671923	harbor2	chr11	1475620	1476228	DNA/TcMar-Tigger	1991	-	304	1475924	4001
chr11	108021552	108221552	harbor2	chr11	108055303	108055396	DNA/TcMar-Tigger	426	-	46	108055349	33797
chr11	108021552	108221552	harbor2	chr11	108090833	108091040	DNA/TcMar-Tigger	604	-	104	108090937	69385
chr11	108021552	108221552	harbor2	chr11	108091351	108091381	DNA/TcMar-Tigger	604	-	15	108091366	69814
chr11	108021552	108221552	harbor2	chr11	108093169	108093719	DNA/TcMar-Tigger	2359	-	275	108093444	71892
chr11	108021552	108221552	harbor2	chr11	108093980	108094207	DNA/TcMar-Tigger	2359	-	114	108094094	72542
chr11	5135402	5335402	harbor2	chr11	5187925	5188097	DNA/TcMar-Tigger	428	-	86	5188011	52609
chr11	64540474	64740474	harbor2	chr11	64565915	64566011	DNA/TcMar-Tigger	607	-	48	64565963	25489
chr11	64540474	64740474	harbor2	chr11	64566262	64566715	DNA/TcMar-Tigger	607	-	226	64566488	26014
chr11	5127113	5327113	harbor2	chr11	5187925	5188097	DNA/TcMar-Tigger	428	-	86	5188011	60898
chr11	5127198	5327198	harbor2	chr11	5187925	5188097	DNA/TcMar-Tigger	428	-	86	5188011	60813
chr11	67172236	67372236	harbor2	chr11	67176529	67176975	DNA/TcMar-Tigger	6028	-	223	67176752	4516
chr11	67172236	67372236	harbor2	chr11	67177273	67178021	DNA/TcMar-Tigger	6028	-	374	67177647	5411
chr11	67172236	67372236	harbor2	chr11	67197797	67198198	DNA/TcMar-Tigger	2000	-	200	67197997	25761
chr11	5134148	5334148	harbor2	chr11	5187925	5188097	DNA/TcMar-Tigger	428	-	86	5188011	53863
chr11	2056450	2256450	harbor2	chr11	2066423	2066742	DNA/TcMar-Tigger	1064	-	160	2066583	10133
chr11	2056450	2256450	harbor2	chr11	2066830	2069172	DNA/TcMar-Tigger	14403	-	1171	2068001	11551
chr11	2056450	2256450	harbor2	chr11	2069591	2069934	DNA/TcMar-Tigger	1569	-	172	2069763	13313
chr11	5129657	5329657	harbor2	chr11	5187925	5188097	DNA/TcMar-Tigger	428	-	86	5188011	58354
chr11	129795685	129995685	harbor2	chr11	129827195	129827329	DNA/TcMar-Tigger	948	-	67	129827262	31577
chr11	129795685	129995685	harbor2	chr11	129827408	129827521	DNA/TcMar-Tigger	560	-	56	129827464	31779
chr11	129795685	129995685	harbor2	chr11	129827989	129828065	DNA/TcMar-Tigger	502	-	38	129828027	32342
chr11	129795685	129995685	harbor2	chr11	129830947	129831622	DNA/TcMar-Tigger	2526	-	338	129831285	35600
chr11	129795685	129995685	harbor2	chr11	129870997	129871312	DNA/TcMar-Tigger	1098	-	158	129871155	75470
chr11	64545468	64745468	harbor2	chr11	64565915	64566011	DNA/TcMar-Tigger	607	-	48	64565963	20495
chr11	64545468	64745468	harbor2	chr11	64566262	64566715	DNA/TcMar-Tigger	607	-	226	64566488	21020
chr11	5127118	5327118	harbor2	chr11	5187925	5188097	DNA/TcMar-Tigger	428	-	86	5188011	60893
chr11	5130451	5330451	harbor2	chr11	5187925	5188097	DNA/TcMar-Tigger	428	-	86	5188011	57560
chr11	78110765	78310765	harbor2	chr11	78133503	78133619	DNA/TcMar-Tigger	6323	-	58	78133561	22796
chr11	78110765	78310765	harbor2	chr11	78133915	78134139	DNA/TcMar-Tigger	6323	-	112	78134027	23262
chr11	78110765	78310765	harbor2	chr11	78134437	78135075	DNA/TcMar-Tigger	6323	-	319	78134756	23991
chr11	78110765	78310765	harbor2	chr11	78135370	78135429	DNA/TcMar-Tigger	6323	-	30	78135400	24635
chr11	78110765	78310765	harbor2	chr11	78136552	78136893	DNA/TcMar-Tigger	6126	-	170	78136722	25957
chr11	78110765	78310765	harbor2	chr11	78137179	78137989	DNA/TcMar-Tigger	6126	-	405	78137584	26819
chr11	84774083	84974083	harbor2	chr11	84843538	84843866	DNA/TcMar-Tigger	2199	-	164	84843702	69619
chr11	64349298	64549298	harbor2	chr11	64386490	64386736	DNA/TcMar-Tigger	1175	-	123	64386613	37315
chr11	108021537	108221537	harbor2	chr11	108055303	108055396	DNA/TcMar-Tigger	426	-	46	108055349	33812
chr11	108021537	108221537	harbor2	chr11	108090833	108091040	DNA/TcMar-Tigger	604	-	104	108090937	69400
chr11	108021537	108221537	harbor2	chr11	108091351	108091381	DNA/TcMar-Tigger	604	-	15	108091366	69829
chr11	108021537	108221537	harbor2	chr11	108093169	108093719	DNA/TcMar-Tigger	2359	-	275	108093444	71907
chr11	108021537	108221537	harbor2	chr11	108093980	108094207	DNA/TcMar-Tigger	2359	-	114	108094094	72557
chr11	5130062	5330062	harbor2	chr11	5187925	5188097	DNA/TcMar-Tigger	428	-	86	5188011	57949
chr11	5132412	5332412	harbor2	chr11	5187925	5188097	DNA/TcMar-Tigger	428	-	86	5188011	55599
chr11	5129603	5329603	harbor2	chr11	5187925	5188097	DNA/TcMar-Tigger	428	-	86	5188011	58408
chr11	5134257	5334257	harbor2	chr11	5187925	5188097	DNA/TcMar-Tigger	428	-	86	5188011	53754
chr11	74202004	74402004	harbor2	chr11	74266242	74266597	DNA/TcMar-Tigger	1739	-	178	74266420	64416
chr11	74202004	74402004	harbor2	chr11	74285044	74285222	DNA/TcMar-Tigger	681	-	89	74285133	83129
chr11	43448895	43648895	harbor2	chr11	43453739	43454059	DNA/TcMar-Tigger	1613	-	160	43453899	5004
chr11	43448895	43648895	harbor2	chr11	43474642	43475076	DNA/TcMar-Tigger	2590	-	217	43474859	25964
chr11	43448895	43648895	harbor2	chr11	43475061	43475129	DNA/TcMar-Tigger	502	-	34	43475095	26200
chr11	43448895	43648895	harbor2	chr11	43475628	43475799	DNA/TcMar-Tigger	851	-	86	43475714	26819
chr11	43448895	43648895	harbor2	chr11	43525422	43525585	DNA/TcMar-Tigger	2004	-	82	43525504	76609
chr11	43448895	43648895	harbor2	chr11	43525978	43526124	DNA/TcMar-Tigger	2004	-	73	43526051	77156
chr11	43448895	43648895	harbor2	chr11	43526225	43527132	DNA/TcMar-Tigger	5703	-	454	43526679	77784
chr11	133733618	133933618	harbor2	chr11	133759618	133759916	DNA/TcMar-Tigger	1140	-	149	133759767	26149
chr11	27266585	27466585	harbor2	chr11	27311383	27311684	DNA/TcMar-Tigger	712	-	150	27311533	44948
chr11	46346052	46546052	harbor2	chr11	46412129	46412310	DNA/TcMar-Tigger	1063	-	90	46412219	66167
chr11	46346052	46546052	harbor2	chr11	46412588	46412694	DNA/TcMar-Tigger	1063	-	53	46412641	66589
chr11	68333728	68533728	harbor2	chr11	68334915	68335074	DNA/TcMar-Tigger	1003	-	80	68334995	1267
chr11	68333728	68533728	harbor2	chr11	68335374	68335414	DNA/TcMar-Tigger	1003	-	20	68335394	1666
chr11	68333728	68533728	harbor2	chr11	68335571	68336017	DNA/TcMar-Tigger	1767	-	223	68335794	2066
chr11	68333728	68533728	harbor2	chr11	68416875	68417449	DNA/TcMar-Tigger	1759	-	287	68417162	83434
chr11	69540352	69740352	harbor2	chr11	69559814	69559824	DNA/TcMar-Tigger	10752	-	5	69559819	19467
chr11	69540352	69740352	harbor2	chr11	69560129	69561616	DNA/TcMar-Tigger	10752	-	744	69560873	20521
chr11	69540352	69740352	harbor2	chr11	69561935	69562298	DNA/TcMar-Tigger	10752	-	182	69562117	21765
chr11	69540352	69740352	harbor2	chr11	69562293	69562472	DNA/TcMar-Tigger	1011	-	90	69562383	22031
chr11	69540352	69740352	harbor2	chr11	69583269	69583553	DNA/TcMar-Tigger	894	-	142	69583411	43059
chr11	108021538	108221538	harbor2	chr11	108055303	108055396	DNA/TcMar-Tigger	426	-	46	108055349	33811
chr11	108021538	108221538	harbor2	chr11	108090833	108091040	DNA/TcMar-Tigger	604	-	104	108090937	69399
chr11	108021538	108221538	harbor2	chr11	108091351	108091381	DNA/TcMar-Tigger	604	-	15	108091366	69828
chr11	108021538	108221538	harbor2	chr11	108093169	108093719	DNA/TcMar-Tigger	2359	-	275	108093444	71906
chr11	108021538	108221538	harbor2	chr11	108093980	108094207	DNA/TcMar-Tigger	2359	-	114	108094094	72556
chr11	9360730	9560730	harbor2	chr11	9399957	9400277	DNA/TcMar-Tigger	1430	-	160	9400117	39387
chr11	73042796	73242796	harbor2	chr11	73123539	73123782	DNA/TcMar-Tigger	472	-	122	73123661	80865
chr11	5140120	5340120	harbor2	chr11	5187925	5188097	DNA/TcMar-Tigger	428	-	86	5188011	47891
chr11	45786822	45986822	harbor2	chr11	45862504	45862599	DNA/TcMar-Tigger	480	-	48	45862552	75730
chr11	5135401	5335401	harbor2	chr11	5187925	5188097	DNA/TcMar-Tigger	428	-	86	5188011	52610
chr11	5130296	5330296	harbor2	chr11	5187925	5188097	DNA/TcMar-Tigger	428	-	86	5188011	57715
chr11	69543489	69743489	harbor2	chr11	69559814	69559824	DNA/TcMar-Tigger	10752	-	5	69559819	16330
chr11	69543489	69743489	harbor2	chr11	69560129	69561616	DNA/TcMar-Tigger	10752	-	744	69560873	17384
chr11	69543489	69743489	harbor2	chr11	69561935	69562298	DNA/TcMar-Tigger	10752	-	182	69562117	18628
chr11	69543489	69743489	harbor2	chr11	69562293	69562472	DNA/TcMar-Tigger	1011	-	90	69562383	18894
chr11	69543489	69743489	harbor2	chr11	69583269	69583553	DNA/TcMar-Tigger	894	-	142	69583411	39922
chr11	5127143	5327143	harbor2	chr11	5187925	5188097	DNA/TcMar-Tigger	428	-	86	5188011	60868
chr11	2288029	2488029	harbor2	chr11	2324001	2324440	DNA/TcMar-Tigger	2671	-	220	2324221	36192
chr11	2288029	2488029	harbor2	chr11	2324817	2324939	DNA/TcMar-Tigger	2671	-	61	2324878	36849
chr11	5127183	5327183	harbor2	chr11	5187925	5188097	DNA/TcMar-Tigger	428	-	86	5188011	60828
chr11	5127212	5327212	harbor2	chr11	5187925	5188097	DNA/TcMar-Tigger	428	-	86	5188011	60799
chr11	5134525	5334525	harbor2	chr11	5187925	5188097	DNA/TcMar-Tigger	428	-	86	5188011	53486
chr11	65110704	65310704	harbor2	chr11	65155453	65155702	DNA/TcMar-Tigger	1093	-	124	65155577	44873
chr11	5130571	5330571	harbor2	chr11	5187925	5188097	DNA/TcMar-Tigger	428	-	86	5188011	57440
chr11	5130397	5330397	harbor2	chr11	5187925	5188097	DNA/TcMar-Tigger	428	-	86	5188011	57614
chr11	69540160	69740160	harbor2	chr11	69559814	69559824	DNA/TcMar-Tigger	10752	-	5	69559819	19659
chr11	69540160	69740160	harbor2	chr11	69560129	69561616	DNA/TcMar-Tigger	10752	-	744	69560873	20713
chr11	69540160	69740160	harbor2	chr11	69561935	69562298	DNA/TcMar-Tigger	10752	-	182	69562117	21957
chr11	69540160	69740160	harbor2	chr11	69562293	69562472	DNA/TcMar-Tigger	1011	-	90	69562383	22223
chr11	69540160	69740160	harbor2	chr11	69583269	69583553	DNA/TcMar-Tigger	894	-	142	69583411	43251
chr11	702826	902826	harbor2	chr11	780818	780901	DNA/TcMar-Tigger	1542	-	42	780860	78034
chr11	702826	902826	harbor2	chr11	781482	781718	DNA/TcMar-Tigger	1542	-	118	781600	78774
chr11	38440721	38640721	harbor2	chr11	38476907	38477521	DNA/TcMar-Tigger	2539	-	307	38477214	36493
chr11	38440721	38640721	harbor2	chr11	38492250	38493211	DNA/TcMar-Tigger	13081	-	480	38492730	52009
chr11	38440721	38640721	harbor2	chr11	38493491	38494964	DNA/TcMar-Tigger	13081	-	736	38494227	53506
chr11	108021971	108221971	harbor2	chr11	108055303	108055396	DNA/TcMar-Tigger	426	-	46	108055349	33378
chr11	108021971	108221971	harbor2	chr11	108090833	108091040	DNA/TcMar-Tigger	604	-	104	108090937	68966
chr11	108021971	108221971	harbor2	chr11	108091351	108091381	DNA/TcMar-Tigger	604	-	15	108091366	69395
chr11	108021971	108221971	harbor2	chr11	108093169	108093719	DNA/TcMar-Tigger	2359	-	275	108093444	71473
chr11	108021971	108221971	harbor2	chr11	108093980	108094207	DNA/TcMar-Tigger	2359	-	114	108094094	72123
chr11	63743240	63943240	harbor2	chr11	63744326	63744652	DNA/TcMar-Tigger	1471	-	163	63744489	1249
chr11	64541790	64741790	harbor2	chr11	64565915	64566011	DNA/TcMar-Tigger	607	-	48	64565963	24173
chr11	64541790	64741790	harbor2	chr11	64566262	64566715	DNA/TcMar-Tigger	607	-	226	64566488	24698
chr11	5140756	5340756	harbor2	chr11	5187925	5188097	DNA/TcMar-Tigger	428	-	86	5188011	47255
chr11	67175747	67375747	harbor2	chr11	67176529	67176975	DNA/TcMar-Tigger	6028	-	223	67176752	1005
chr11	67175747	67375747	harbor2	chr11	67177273	67178021	DNA/TcMar-Tigger	6028	-	374	67177647	1900
chr11	67175747	67375747	harbor2	chr11	67197797	67198198	DNA/TcMar-Tigger	2000	-	200	67197997	22250
chr11	5128321	5328321	harbor2	chr11	5187925	5188097	DNA/TcMar-Tigger	428	-	86	5188011	59690
chr11	5127556	5327556	harbor2	chr11	5187925	5188097	DNA/TcMar-Tigger	428	-	86	5188011	60455
chr11	936654	1136654	harbor2	chr11	937621	937837	DNA/TcMar-Tigger	1113	-	108	937729	1075
chr11	9520097	9720097	harbor2	chr11	9605005	9605176	DNA/TcMar-Tigger	438	-	86	9605091	84994
chr11	9520097	9720097	harbor2	chr11	9584529	9584692	DNA/TcMar-Tigger	550	-	82	9584611	64514
chr11	5143135	5343135	harbor2	chr11	5187925	5188097	DNA/TcMar-Tigger	428	-	86	5188011	44876
chr11	5134529	5334529	harbor2	chr11	5187925	5188097	DNA/TcMar-Tigger	428	-	86	5188011	53482
chr11	5141844	5341844	harbor2	chr11	5187925	5188097	DNA/TcMar-Tigger	428	-	86	5188011	46167
chr11	58480005	58680005	harbor2	chr11	58514354	58514703	DNA/TcMar-Tigger	11422	-	174	58514528	34523
chr11	58480005	58680005	harbor2	chr11	58515017	58516069	DNA/TcMar-Tigger	11422	-	526	58515543	35538
chr11	58480005	58680005	harbor2	chr11	58516364	58516982	DNA/TcMar-Tigger	11422	-	309	58516673	36668
chr11	5134380	5334380	harbor2	chr11	5187925	5188097	DNA/TcMar-Tigger	428	-	86	5188011	53631
chr11	5130263	5330263	harbor2	chr11	5187925	5188097	DNA/TcMar-Tigger	428	-	86	5188011	57748
chr11	119275286	119475286	harbor2	chr11	119288610	119288783	DNA/TcMar-Tigger	694	-	86	119288696	13410
chr11	11446354	11646354	harbor2	chr11	11497782	11497891	DNA/TcMar-Tigger	405	-	54	11497836	51482
chr11	11446354	11646354	harbor2	chr11	11498049	11498516	DNA/TcMar-Tigger	1099	-	234	11498283	51929
chr11	11446354	11646354	harbor2	chr11	11498822	11498846	DNA/TcMar-Tigger	1099	-	12	11498834	52480
chr11	108021777	108221777	harbor2	chr11	108055303	108055396	DNA/TcMar-Tigger	426	-	46	108055349	33572
chr11	108021777	108221777	harbor2	chr11	108090833	108091040	DNA/TcMar-Tigger	604	-	104	108090937	69160
chr11	108021777	108221777	harbor2	chr11	108091351	108091381	DNA/TcMar-Tigger	604	-	15	108091366	69589
chr11	108021777	108221777	harbor2	chr11	108093169	108093719	DNA/TcMar-Tigger	2359	-	275	108093444	71667
chr11	108021777	108221777	harbor2	chr11	108093980	108094207	DNA/TcMar-Tigger	2359	-	114	108094094	72317
chr11	68333892	68533892	harbor2	chr11	68334915	68335074	DNA/TcMar-Tigger	1003	-	80	68334995	1103
chr11	68333892	68533892	harbor2	chr11	68335374	68335414	DNA/TcMar-Tigger	1003	-	20	68335394	1502
chr11	68333892	68533892	harbor2	chr11	68335571	68336017	DNA/TcMar-Tigger	1767	-	223	68335794	1902
chr11	68333892	68533892	harbor2	chr11	68416875	68417449	DNA/TcMar-Tigger	1759	-	287	68417162	83270
chr11	3994569	4194569	harbor2	chr11	4008359	4008918	DNA/TcMar-Tigger	3565	-	280	4008639	14070
chr11	3994569	4194569	harbor2	chr11	4050649	4051095	DNA/TcMar-Tigger	2922	-	223	4050872	56303
chr11	5127207	5327207	harbor2	chr11	5187925	5188097	DNA/TcMar-Tigger	428	-	86	5188011	60804
chr11	5130262	5330262	harbor2	chr11	5187925	5188097	DNA/TcMar-Tigger	428	-	86	5188011	57749
chr11	66161658	66361658	harbor2	chr11	66205579	66205659	DNA/TcMar-Tigger	1248	-	40	66205619	43961
chr11	66161658	66361658	harbor2	chr11	66205793	66205865	DNA/TcMar-Tigger	1248	-	36	66205829	44171
chr11	66161658	66361658	harbor2	chr11	66206166	66206446	DNA/TcMar-Tigger	1248	-	140	66206306	44648
chr11	66161658	66361658	harbor2	chr11	66206512	66206617	DNA/TcMar-Tigger	442	-	52	66206564	44906
chr11	5127995	5327995	harbor2	chr11	5187925	5188097	DNA/TcMar-Tigger	428	-	86	5188011	60016
chr11	2056661	2256661	harbor2	chr11	2066423	2066742	DNA/TcMar-Tigger	1064	-	160	2066583	9922
chr11	2056661	2256661	harbor2	chr11	2066830	2069172	DNA/TcMar-Tigger	14403	-	1171	2068001	11340
chr11	2056661	2256661	harbor2	chr11	2069591	2069934	DNA/TcMar-Tigger	1569	-	172	2069763	13102
chr11	68332488	68532488	harbor2	chr11	68334915	68335074	DNA/TcMar-Tigger	1003	-	80	68334995	2507
chr11	68332488	68532488	harbor2	chr11	68335374	68335414	DNA/TcMar-Tigger	1003	-	20	68335394	2906
chr11	68332488	68532488	harbor2	chr11	68335571	68336017	DNA/TcMar-Tigger	1767	-	223	68335794	3306
chr11	68332488	68532488	harbor2	chr11	68416875	68417449	DNA/TcMar-Tigger	1759	-	287	68417162	84674
chr11	64539119	64739119	harbor2	chr11	64565915	64566011	DNA/TcMar-Tigger	607	-	48	64565963	26844
chr11	64539119	64739119	harbor2	chr11	64566262	64566715	DNA/TcMar-Tigger	607	-	226	64566488	27369
chr11	119644502	119844502	harbor2	chr11	119717967	119718088	DNA/TcMar-Tigger	415	-	60	119718027	73525
chr11	119644502	119844502	harbor2	chr11	119718827	119719158	DNA/TcMar-Tigger	1948	-	166	119718993	74491
chr11	5142126	5342126	harbor2	chr11	5187925	5188097	DNA/TcMar-Tigger	428	-	86	5188011	45885
chr11	5127199	5327199	harbor2	chr11	5187925	5188097	DNA/TcMar-Tigger	428	-	86	5188011	60812
chr11	77083641	77283641	harbor2	chr11	77163355	77163675	DNA/TcMar-Tigger	1633	-	160	77163515	79874
chr11	2054914	2254914	harbor2	chr11	2066423	2066742	DNA/TcMar-Tigger	1064	-	160	2066583	11669
chr11	2054914	2254914	harbor2	chr11	2066830	2069172	DNA/TcMar-Tigger	14403	-	1171	2068001	13087
chr11	2054914	2254914	harbor2	chr11	2069591	2069934	DNA/TcMar-Tigger	1569	-	172	2069763	14849
chr11	126082252	126282252	harbor2	chr11	126088802	126088966	DNA/TcMar-Tigger	665	-	82	126088884	6632
chr11	126082252	126282252	harbor2	chr11	126174014	126174582	DNA/TcMar-Tigger	2911	-	284	126174298	92046
chr11	6206956	6406956	harbor2	chr11	6266751	6267833	DNA/TcMar-Tigger	6557	-	541	6267292	60336
chr11	6206956	6406956	harbor2	chr11	6268143	6268222	DNA/TcMar-Tigger	6557	-	40	6268183	61227
chr11	67892044	68092044	harbor2	chr11	67973761	67973957	DNA/TcMar-Tigger	740	-	98	67973859	81815
chr11	64643001	64843001	harbor2	chr11	64682615	64682798	DNA/TcMar-Tigger	461	-	92	64682707	39706
chr11	57400308	57600308	harbor2	chr11	57442707	57443096	DNA/TcMar-Tigger	6019	-	194	57442901	42593
chr11	57400308	57600308	harbor2	chr11	57443391	57443687	DNA/TcMar-Tigger	6019	-	148	57443539	43231
chr11	57400308	57600308	harbor2	chr11	57443996	57444276	DNA/TcMar-Tigger	4319	-	140	57444136	43828
chr11	57400308	57600308	harbor2	chr11	57441991	57442392	DNA/TcMar-Tigger	6019	-	200	57442191	41883
chr11	120127774	120327774	harbor2	chr11	120136175	120136408	DNA/TcMar-Tigger	1456	-	116	120136291	8517
chr11	6519524	6719524	harbor2	chr11	6540839	6541541	DNA/TcMar-Tigger	646	-	351	6541190	21666
chr11	6519524	6719524	harbor2	chr11	6573568	6573730	DNA/TcMar-Tigger	936	-	81	6573649	54125
chr11	6519524	6719524	harbor2	chr11	6573965	6576228	DNA/TcMar-Tigger	13937	-	1132	6575097	55573
chr11	5130579	5330579	harbor2	chr11	5187925	5188097	DNA/TcMar-Tigger	428	-	86	5188011	57432
chr11	33600881	33800881	harbor2	chr11	33661916	33662525	DNA/TcMar-Tigger	865	-	304	33662220	61339
chr11	5180299	5380299	harbor2	chr11	5187925	5188097	DNA/TcMar-Tigger	428	-	86	5188011	7712
chr11	2056668	2256668	harbor2	chr11	2066423	2066742	DNA/TcMar-Tigger	1064	-	160	2066583	9915
chr11	2056668	2256668	harbor2	chr11	2066830	2069172	DNA/TcMar-Tigger	14403	-	1171	2068001	11333
chr11	2056668	2256668	harbor2	chr11	2069591	2069934	DNA/TcMar-Tigger	1569	-	172	2069763	13095
chr11	74188388	74388388	harbor2	chr11	74266242	74266597	DNA/TcMar-Tigger	1739	-	178	74266420	78032
chr11	74188388	74388388	harbor2	chr11	74285044	74285222	DNA/TcMar-Tigger	681	-	89	74285133	96745
chr11	5128063	5328063	harbor2	chr11	5187925	5188097	DNA/TcMar-Tigger	428	-	86	5188011	59948
chr11	5133681	5333681	harbor2	chr11	5187925	5188097	DNA/TcMar-Tigger	428	-	86	5188011	54330
chr11	57399755	57599755	harbor2	chr11	57442707	57443096	DNA/TcMar-Tigger	6019	-	194	57442901	43146
chr11	57399755	57599755	harbor2	chr11	57443391	57443687	DNA/TcMar-Tigger	6019	-	148	57443539	43784
chr11	57399755	57599755	harbor2	chr11	57443996	57444276	DNA/TcMar-Tigger	4319	-	140	57444136	44381
chr11	57399755	57599755	harbor2	chr11	57441991	57442392	DNA/TcMar-Tigger	6019	-	200	57442191	42436
chr11	5127169	5327169	harbor2	chr11	5187925	5188097	DNA/TcMar-Tigger	428	-	86	5188011	60842
chr11	6519523	6719523	harbor2	chr11	6540839	6541541	DNA/TcMar-Tigger	646	-	351	6541190	21667
chr11	6519523	6719523	harbor2	chr11	6573568	6573730	DNA/TcMar-Tigger	936	-	81	6573649	54126
chr11	6519523	6719523	harbor2	chr11	6573965	6576228	DNA/TcMar-Tigger	13937	-	1132	6575097	55574
chr11	134094872	134294872	harbor2	chr11	134191739	134192058	DNA/TcMar-Tigger	1611	-	160	134191899	97027
chr11	61396732	61596732	harbor2	chr11	61432277	61432602	DNA/TcMar-Tigger	1226	-	162	61432439	35707
chr11	61396732	61596732	harbor2	chr11	61457254	61457471	DNA/TcMar-Tigger	2106	-	108	61457362	60630
chr11	61396732	61596732	harbor2	chr11	61457738	61457874	DNA/TcMar-Tigger	2106	-	68	61457806	61074
chr11	118813698	119013698	harbor2	chr11	118824456	118824543	DNA/TcMar-Tigger	1973	-	44	118824500	10802
chr11	118813698	119013698	harbor2	chr11	118824854	118825129	DNA/TcMar-Tigger	1973	-	138	118824992	11294
chr11	64996252	65196252	harbor2	chr11	65070783	65070934	DNA/TcMar-Tigger	582	-	76	65070859	74607
chr11	64996252	65196252	harbor2	chr11	65071242	65071257	DNA/TcMar-Tigger	582	-	8	65071250	74998
chr11	66182603	66382603	harbor2	chr11	66205579	66205659	DNA/TcMar-Tigger	1248	-	40	66205619	23016
chr11	66182603	66382603	harbor2	chr11	66205793	66205865	DNA/TcMar-Tigger	1248	-	36	66205829	23226
chr11	66182603	66382603	harbor2	chr11	66206166	66206446	DNA/TcMar-Tigger	1248	-	140	66206306	23703
chr11	66182603	66382603	harbor2	chr11	66206512	66206617	DNA/TcMar-Tigger	442	-	52	66206564	23961
chr11	133740735	133940735	harbor2	chr11	133759618	133759916	DNA/TcMar-Tigger	1140	-	149	133759767	19032
chr11	5134480	5334480	harbor2	chr11	5187925	5188097	DNA/TcMar-Tigger	428	-	86	5188011	53531
chr11	69540884	69740884	harbor2	chr11	69559814	69559824	DNA/TcMar-Tigger	10752	-	5	69559819	18935
chr11	69540884	69740884	harbor2	chr11	69560129	69561616	DNA/TcMar-Tigger	10752	-	744	69560873	19989
chr11	69540884	69740884	harbor2	chr11	69561935	69562298	DNA/TcMar-Tigger	10752	-	182	69562117	21233
chr11	69540884	69740884	harbor2	chr11	69562293	69562472	DNA/TcMar-Tigger	1011	-	90	69562383	21499
chr11	69540884	69740884	harbor2	chr11	69583269	69583553	DNA/TcMar-Tigger	894	-	142	69583411	42527
chr11	119646005	119846005	harbor2	chr11	119717967	119718088	DNA/TcMar-Tigger	415	-	60	119718027	72022
chr11	119646005	119846005	harbor2	chr11	119718827	119719158	DNA/TcMar-Tigger	1948	-	166	119718993	72988
chr11	66182673	66382673	harbor2	chr11	66205579	66205659	DNA/TcMar-Tigger	1248	-	40	66205619	22946
chr11	66182673	66382673	harbor2	chr11	66205793	66205865	DNA/TcMar-Tigger	1248	-	36	66205829	23156
chr11	66182673	66382673	harbor2	chr11	66206166	66206446	DNA/TcMar-Tigger	1248	-	140	66206306	23633
chr11	66182673	66382673	harbor2	chr11	66206512	66206617	DNA/TcMar-Tigger	442	-	52	66206564	23891
chr11	68028552	68228552	harbor2	chr11	68034431	68034530	DNA/TcMar-Tigger	512	-	50	68034481	5929
chr11	68028552	68228552	harbor2	chr11	68034769	68034788	DNA/TcMar-Tigger	512	-	10	68034779	6227
chr11	68028552	68228552	harbor2	chr11	68035082	68035154	DNA/TcMar-Tigger	512	-	36	68035118	6566
chr11	68028552	68228552	harbor2	chr11	68035455	68035477	DNA/TcMar-Tigger	512	-	11	68035466	6914
chr11	68028552	68228552	harbor2	chr11	68035459	68035601	DNA/TcMar-Tigger	547	-	71	68035530	6978
chr11	68028552	68228552	harbor2	chr11	68115765	68116007	DNA/TcMar-Tigger	434	-	121	68115886	87334
chr11	68028552	68228552	harbor2	chr11	68116761	68116916	DNA/TcMar-Tigger	476	-	78	68116839	88287
chr11	6201662	6401662	harbor2	chr11	6204856	6205197	DNA/TcMar-Tigger	2077	-	170	6205026	3364
chr11	6201662	6401662	harbor2	chr11	6266751	6267833	DNA/TcMar-Tigger	6557	-	541	6267292	65630
chr11	6201662	6401662	harbor2	chr11	6268143	6268222	DNA/TcMar-Tigger	6557	-	40	6268183	66521
chr11	124700459	124900459	harbor2	chr11	124712481	124713092	DNA/TcMar-Tigger	4135	-	306	124712787	12328
chr12	132055531	132255531	harbor2	chr12	132085559	132085877	DNA/TcMar-Tigger	1656	-	159	132085718	30187
chr12	121712007	121912007	harbor2	chr12	121739415	121739477	DNA/TcMar-Tigger	2271	-	31	121739446	27439
chr12	121712007	121912007	harbor2	chr12	121739772	121739795	DNA/TcMar-Tigger	2271	-	12	121739784	27777
chr12	121712007	121912007	harbor2	chr12	121740078	121740202	DNA/TcMar-Tigger	2271	-	62	121740140	28133
chr12	121712007	121912007	harbor2	chr12	121740504	121740739	DNA/TcMar-Tigger	2271	-	118	121740622	28615
chr12	121712007	121912007	harbor2	chr12	121784870	121785041	DNA/TcMar-Tigger	738	-	86	121784956	72949
chr12	121712007	121912007	harbor2	chr12	121785141	121785370	DNA/TcMar-Tigger	1043	-	114	121785255	73248
chr12	62967049	63167049	harbor2	chr12	62994577	62994825	DNA/TcMar-Tigger	1420	-	124	62994701	27652
chr12	62967049	63167049	harbor2	chr12	62997382	62997593	DNA/TcMar-Tigger	703	-	106	62997488	30439
chr12	49415274	49615274	harbor2	chr12	49424613	49424671	DNA/TcMar-Tigger	1465	-	29	49424642	9368
chr12	49415274	49615274	harbor2	chr12	49424981	49425339	DNA/TcMar-Tigger	1465	-	179	49425160	9886
chr12	49415274	49615274	harbor2	chr12	49425620	49425634	DNA/TcMar-Tigger	1465	-	7	49425627	10353
chr12	49415274	49615274	harbor2	chr12	49425933	49426151	DNA/TcMar-Tigger	1465	-	109	49426042	10768
chr12	49415274	49615274	harbor2	chr12	49505406	49505626	DNA/TcMar-Tigger	1133	-	110	49505516	90242
chr12	6863231	7063231	harbor2	chr12	6944852	6945194	DNA/TcMar-Tigger	1822	-	171	6945023	81792
chr12	118276406	118476406	harbor2	chr12	118354090	118354479	DNA/TcMar-Tigger	1413	-	194	118354284	77878
chr12	118276406	118476406	harbor2	chr12	118355087	118355195	DNA/TcMar-Tigger	611	-	54	118355141	78735
chr12	133030495	133230495	harbor2	chr12	133060388	133060623	DNA/TcMar-Tigger	1334	-	118	133060506	30011
chr12	133030495	133230495	harbor2	chr12	133100017	133100160	DNA/TcMar-Tigger	3522	-	72	133100089	69594
chr12	133030495	133230495	harbor2	chr12	133100476	133101027	DNA/TcMar-Tigger	3522	-	276	133100752	70257
chr12	133030495	133230495	harbor2	chr12	133115779	133115995	DNA/TcMar-Tigger	1239	-	108	133115887	85392
chr12	6864781	7064781	harbor2	chr12	6944852	6945194	DNA/TcMar-Tigger	1822	-	171	6945023	80242
chr12	6863232	7063232	harbor2	chr12	6944852	6945194	DNA/TcMar-Tigger	1822	-	171	6945023	81791
chr12	49484425	49684425	harbor2	chr12	49505406	49505626	DNA/TcMar-Tigger	1133	-	110	49505516	21091
chr12	49490552	49690552	harbor2	chr12	49505406	49505626	DNA/TcMar-Tigger	1133	-	110	49505516	14964
chr12	6862957	7062957	harbor2	chr12	6944852	6945194	DNA/TcMar-Tigger	1822	-	171	6945023	82066
chr12	51140362	51340362	harbor2	chr12	51154207	51154411	DNA/TcMar-Tigger	1638	-	102	51154309	13947
chr12	51140362	51340362	harbor2	chr12	51154710	51154834	DNA/TcMar-Tigger	1638	-	62	51154772	14410
chr12	51140362	51340362	harbor2	chr12	51185738	51185862	DNA/TcMar-Tigger	619	-	62	51185800	45438
chr12	49460462	49660462	harbor2	chr12	49505406	49505626	DNA/TcMar-Tigger	1133	-	110	49505516	45054
chr12	52767744	52967744	harbor2	chr12	52864040	52864355	DNA/TcMar-Tigger	1503	-	158	52864198	96454
chr12	6863195	7063195	harbor2	chr12	6944852	6945194	DNA/TcMar-Tigger	1822	-	171	6945023	81828
chr12	49466948	49666948	harbor2	chr12	49505406	49505626	DNA/TcMar-Tigger	1133	-	110	49505516	38568
chr12	69139511	69339511	harbor2	chr12	69238239	69238564	DNA/TcMar-Tigger	1784	-	162	69238401	98890
chr12	21402003	21602003	harbor2	chr12	21456346	21457511	DNA/TcMar-Tigger	14206	-	582	21456928	54925
chr12	21402003	21602003	harbor2	chr12	21457901	21459032	DNA/TcMar-Tigger	14206	-	566	21458467	56464
chr12	110181171	110381171	harbor2	chr12	110200165	110200667	DNA/TcMar-Tigger	6932	-	251	110200416	19245
chr12	110181171	110381171	harbor2	chr12	110200968	110201120	DNA/TcMar-Tigger	6932	-	76	110201044	19873
chr12	110181171	110381171	harbor2	chr12	110201745	110202286	DNA/TcMar-Tigger	6932	-	270	110202015	20844
chr12	30881310	31081310	harbor2	chr12	30882474	30882670	DNA/TcMar-Tigger	1249	-	98	30882572	1262
chr12	92828979	93028979	harbor2	chr12	92879151	92879366	DNA/TcMar-Tigger	961	-	108	92879259	50280
chr12	92828979	93028979	harbor2	chr12	92885665	92885849	DNA/TcMar-Tigger	934	-	92	92885757	56778
chr12	49382161	49582161	harbor2	chr12	49424613	49424671	DNA/TcMar-Tigger	1465	-	29	49424642	42481
chr12	49382161	49582161	harbor2	chr12	49424981	49425339	DNA/TcMar-Tigger	1465	-	179	49425160	42999
chr12	49382161	49582161	harbor2	chr12	49425620	49425634	DNA/TcMar-Tigger	1465	-	7	49425627	43466
chr12	49382161	49582161	harbor2	chr12	49425933	49426151	DNA/TcMar-Tigger	1465	-	109	49426042	43881
chr12	102856603	103056603	harbor2	chr12	102864528	102864811	DNA/TcMar-Tigger	1337	-	142	102864670	8067
chr12	50497735	50697735	harbor2	chr12	50522319	50522697	DNA/TcMar-Tigger	2116	-	189	50522508	24773
chr12	50497735	50697735	harbor2	chr12	50523119	50523460	DNA/TcMar-Tigger	1568	-	170	50523289	25554
chr12	6870704	7070704	harbor2	chr12	6944852	6945194	DNA/TcMar-Tigger	1822	-	171	6945023	74319
chr12	92366739	92566739	harbor2	chr12	92421866	92422171	DNA/TcMar-Tigger	1671	-	152	92422018	55279
chr12	107508160	107708160	harbor2	chr12	107542579	107543017	DNA/TcMar-Tigger	2555	-	219	107542798	34638
chr12	107508160	107708160	harbor2	chr12	107557106	107557452	DNA/TcMar-Tigger	1991	-	173	107557279	49119
chr12	121712068	121912068	harbor2	chr12	121739415	121739477	DNA/TcMar-Tigger	2271	-	31	121739446	27378
chr12	121712068	121912068	harbor2	chr12	121739772	121739795	DNA/TcMar-Tigger	2271	-	12	121739784	27716
chr12	121712068	121912068	harbor2	chr12	121740078	121740202	DNA/TcMar-Tigger	2271	-	62	121740140	28072
chr12	121712068	121912068	harbor2	chr12	121740504	121740739	DNA/TcMar-Tigger	2271	-	118	121740622	28554
chr12	121712068	121912068	harbor2	chr12	121784870	121785041	DNA/TcMar-Tigger	738	-	86	121784956	72888
chr12	121712068	121912068	harbor2	chr12	121785141	121785370	DNA/TcMar-Tigger	1043	-	114	121785255	73187
chr12	122735461	122935461	harbor2	chr12	122738584	122738816	DNA/TcMar-Tigger	1274	-	116	122738700	3239
chr12	122735461	122935461	harbor2	chr12	122792981	122793255	DNA/TcMar-Tigger	1481	-	137	122793118	57657
chr12	6863214	7063214	harbor2	chr12	6944852	6945194	DNA/TcMar-Tigger	1822	-	171	6945023	81809
chr12	6864775	7064775	harbor2	chr12	6944852	6945194	DNA/TcMar-Tigger	1822	-	171	6945023	80248
chr12	94973026	95173026	harbor2	chr12	94976370	94976699	DNA/TcMar-Tigger	1750	-	164	94976534	3508
chr12	6863226	7063226	harbor2	chr12	6944852	6945194	DNA/TcMar-Tigger	1822	-	171	6945023	81797
chr13	113726181	113926181	harbor2	chr13	113785864	113786097	DNA/TcMar-Tigger	480	-	116	113785980	59799
chr13	113726041	113926041	harbor2	chr13	113785864	113786097	DNA/TcMar-Tigger	480	-	116	113785980	59939
chr13	113726150	113926150	harbor2	chr13	113785864	113786097	DNA/TcMar-Tigger	480	-	116	113785980	59830
chr13	39962056	40162056	harbor2	chr13	40030085	40030289	DNA/TcMar-Tigger	623	-	102	40030187	68131
chr13	48136920	48336920	harbor2	chr13	48225674	48226005	DNA/TcMar-Tigger	2265	-	166	48225840	88920
chr13	20315477	20515477	harbor2	chr13	20413504	20413831	DNA/TcMar-Tigger	1527	-	164	20413668	98191
chr13	29490355	29690355	harbor2	chr13	29557297	29557672	DNA/TcMar-Tigger	2089	-	188	29557485	67130
chr13	29490355	29690355	harbor2	chr13	29559537	29559720	DNA/TcMar-Tigger	3391	-	92	29559629	69274
chr13	29490355	29690355	harbor2	chr13	29560013	29560429	DNA/TcMar-Tigger	3391	-	208	29560221	69866
chr13	29490355	29690355	harbor2	chr13	29560535	29560807	DNA/TcMar-Tigger	1391	-	136	29560671	70316
chr13	75382379	75582379	harbor2	chr13	75449312	75449531	DNA/TcMar-Tigger	1223	-	110	75449422	67043
chr13	75382379	75582379	harbor2	chr13	75475813	75475960	DNA/TcMar-Tigger	1601	-	74	75475887	93508
chr13	75382379	75582379	harbor2	chr13	75476271	75476459	DNA/TcMar-Tigger	1601	-	94	75476365	93986
chr13	30104569	30304569	harbor2	chr13	30183049	30183744	DNA/TcMar-Tigger	3504	-	348	30183397	78828
chr13	30104569	30304569	harbor2	chr13	30183738	30183936	DNA/TcMar-Tigger	1169	-	99	30183837	79268
chr13	113726142	113926142	harbor2	chr13	113785864	113786097	DNA/TcMar-Tigger	480	-	116	113785980	59838
chr13	113727916	113927916	harbor2	chr13	113785864	113786097	DNA/TcMar-Tigger	480	-	116	113785980	58064
chr13	51353413	51553413	harbor2	chr13	51367014	51367350	DNA/TcMar-Tigger	1687	-	168	51367182	13769
chr13	51353413	51553413	harbor2	chr13	51414369	51414833	DNA/TcMar-Tigger	679	-	232	51414601	61188
chr13	51353413	51553413	harbor2	chr13	51414871	51415082	DNA/TcMar-Tigger	679	-	106	51414977	61564
chr13	113726060	113926060	harbor2	chr13	113785864	113786097	DNA/TcMar-Tigger	480	-	116	113785980	59920
chr13	109557876	109757876	harbor2	chr13	109581824	109582144	DNA/TcMar-Tigger	1151	-	160	109581984	24108
chr13	109557876	109757876	harbor2	chr13	109612230	109612564	DNA/TcMar-Tigger	1622	-	167	109612397	54521
chr13	109557876	109757876	harbor2	chr13	109613341	109615583	DNA/TcMar-Tigger	15688	-	1121	109614462	56586
chr13	109557876	109757876	harbor2	chr13	109615896	109616256	DNA/TcMar-Tigger	15688	-	180	109616076	58200
chr13	20317804	20517804	harbor2	chr13	20413504	20413831	DNA/TcMar-Tigger	1527	-	164	20413668	95864
chr13	113726141	113926141	harbor2	chr13	113785864	113786097	DNA/TcMar-Tigger	480	-	116	113785980	59839
chr13	100574883	100774883	harbor2	chr13	100613402	100613604	DNA/TcMar-Tigger	544	-	101	100613503	38620
chr13	100574883	100774883	harbor2	chr13	100633592	100633858	DNA/TcMar-Tigger	1835	-	133	100633725	58842
chr13	100574883	100774883	harbor2	chr13	100634156	100634236	DNA/TcMar-Tigger	1835	-	40	100634196	59313
chr13	20327632	20527632	harbor2	chr13	20413504	20413831	DNA/TcMar-Tigger	1527	-	164	20413668	86036
chr13	19858665	20058665	harbor2	chr13	19894124	19894348	DNA/TcMar-Tigger	1945	-	112	19894236	35571
chr13	19858665	20058665	harbor2	chr13	19894642	19894778	DNA/TcMar-Tigger	1945	-	68	19894710	36045
chr13	20344110	20544110	harbor2	chr13	20413504	20413831	DNA/TcMar-Tigger	1527	-	164	20413668	69558
chr13	113736151	113936151	harbor2	chr13	113785864	113786097	DNA/TcMar-Tigger	480	-	116	113785980	49829
chr13	24918114	25118114	harbor2	chr13	24918391	24918670	DNA/TcMar-Tigger	1587	-	140	24918531	417
chr13	24918114	25118114	harbor2	chr13	24918763	24918913	DNA/TcMar-Tigger	799	-	75	24918838	724
chr13	100574737	100774737	harbor2	chr13	100613402	100613604	DNA/TcMar-Tigger	544	-	101	100613503	38766
chr13	100574737	100774737	harbor2	chr13	100633592	100633858	DNA/TcMar-Tigger	1835	-	133	100633725	58988
chr13	100574737	100774737	harbor2	chr13	100634156	100634236	DNA/TcMar-Tigger	1835	-	40	100634196	59459
chr13	49768516	49968516	harbor2	chr13	49777333	49777503	DNA/TcMar-Tigger	997	-	85	49777418	8902
chr13	49768516	49968516	harbor2	chr13	49783423	49783527	DNA/TcMar-Tigger	479	-	52	49783475	14959
chr13	49768516	49968516	harbor2	chr13	49785998	49786122	DNA/TcMar-Tigger	433	-	62	49786060	17544
chr13	49768516	49968516	harbor2	chr13	49810224	49810458	DNA/TcMar-Tigger	1472	-	117	49810341	41825
chr13	49768516	49968516	harbor2	chr13	49818741	49818993	DNA/TcMar-Tigger	1754	-	126	49818867	50351
chr13	49768516	49968516	harbor2	chr13	49819279	49819400	DNA/TcMar-Tigger	1754	-	60	49819339	50823
chr13	36899380	37099380	harbor2	chr13	36943764	36944699	DNA/TcMar-Tigger	14257	-	468	36944232	44852
chr13	36899380	37099380	harbor2	chr13	36946252	36946639	DNA/TcMar-Tigger	14257	-	194	36946446	47066
chr13	36899380	37099380	harbor2	chr13	36946930	36947271	DNA/TcMar-Tigger	14257	-	170	36947100	47720
chr13	36899380	37099380	harbor2	chr13	36912884	36913180	DNA/TcMar-Tigger	1206	-	148	36913032	13652
chr13	36899380	37099380	harbor2	chr13	36945001	36945961	DNA/TcMar-Tigger	14257	-	480	36945481	46101
chr13	113727396	113927396	harbor2	chr13	113785864	113786097	DNA/TcMar-Tigger	480	-	116	113785980	58584
chr13	20317117	20517117	harbor2	chr13	20413504	20413831	DNA/TcMar-Tigger	1527	-	164	20413668	96551
chr13	113727945	113927945	harbor2	chr13	113785864	113786097	DNA/TcMar-Tigger	480	-	116	113785980	58035
chr13	20342080	20542080	harbor2	chr13	20413504	20413831	DNA/TcMar-Tigger	1527	-	164	20413668	71588
chr13	95201696	95401696	harbor2	chr13	95256997	95257388	DNA/TcMar-Tigger	2253	-	196	95257193	55497
chr13	95201696	95401696	harbor2	chr13	95257693	95257753	DNA/TcMar-Tigger	2253	-	30	95257723	56027
chr13	21574582	21774582	harbor2	chr13	21630401	21630726	DNA/TcMar-Tigger	1559	-	162	21630563	55981
chr13	21574582	21774582	harbor2	chr13	21657595	21657685	DNA/TcMar-Tigger	482	-	45	21657640	83058
chr13	21574582	21774582	harbor2	chr13	21657685	21657947	DNA/TcMar-Tigger	1423	-	131	21657816	83234
chr13	36899390	37099390	harbor2	chr13	36943764	36944699	DNA/TcMar-Tigger	14257	-	468	36944232	44842
chr13	36899390	37099390	harbor2	chr13	36946252	36946639	DNA/TcMar-Tigger	14257	-	194	36946446	47056
chr13	36899390	37099390	harbor2	chr13	36946930	36947271	DNA/TcMar-Tigger	14257	-	170	36947100	47710
chr13	36899390	37099390	harbor2	chr13	36912884	36913180	DNA/TcMar-Tigger	1206	-	148	36913032	13642
chr13	36899390	37099390	harbor2	chr13	36945001	36945961	DNA/TcMar-Tigger	14257	-	480	36945481	46091
chr14	52595606	52795606	harbor2	chr14	52669498	52669763	DNA/TcMar-Tigger	615	-	132	52669630	74024
chr14	95435240	95635240	harbor2	chr14	95496837	95497037	DNA/TcMar-Tigger	491	-	100	95496937	61697
chr14	75886299	76086299	harbor2	chr14	75899356	75899565	DNA/TcMar-Tigger	476	-	104	75899460	13161
chr14	104606429	104806429	harbor2	chr14	104684750	104684993	DNA/TcMar-Tigger	615	-	122	104684872	78443
chr14	104606429	104806429	harbor2	chr14	104685055	104685141	DNA/TcMar-Tigger	459	-	43	104685098	78669
chr14	104857736	105057736	harbor2	chr14	104914942	104915346	DNA/TcMar-Tigger	2075	-	202	104915144	57408
chr14	104857736	105057736	harbor2	chr14	104916984	104917347	DNA/TcMar-Tigger	1881	-	182	104917166	59430
chr14	100281320	100481320	harbor2	chr14	100373534	100373768	DNA/TcMar-Tigger	510	-	117	100373651	92331
chr14	75328348	75528348	harbor2	chr14	75356187	75356719	DNA/TcMar-Tigger	948	-	266	75356453	28105
chr14	100229945	100429945	harbor2	chr14	100271501	100271700	DNA/TcMar-Tigger	831	-	100	100271601	41656
chr14	100229945	100429945	harbor2	chr14	100271859	100271987	DNA/TcMar-Tigger	500	-	64	100271923	41978
chr14	20990974	21190974	harbor2	chr14	21046612	21047047	DNA/TcMar-Tigger	2593	-	218	21046830	55856
chr14	75331153	75531153	harbor2	chr14	75356187	75356719	DNA/TcMar-Tigger	948	-	266	75356453	25300
chr14	75330515	75530515	harbor2	chr14	75356187	75356719	DNA/TcMar-Tigger	948	-	266	75356453	25938
chr14	95435743	95635743	harbor2	chr14	95496837	95497037	DNA/TcMar-Tigger	491	-	100	95496937	61194
chr14	75336525	75536525	harbor2	chr14	75356187	75356719	DNA/TcMar-Tigger	948	-	266	75356453	19928
chr14	81176400	81376400	harbor2	chr14	81229554	81229776	DNA/TcMar-Tigger	749	-	111	81229665	53265
chr14	100231153	100431153	harbor2	chr14	100271501	100271700	DNA/TcMar-Tigger	831	-	100	100271601	40448
chr14	100231153	100431153	harbor2	chr14	100271859	100271987	DNA/TcMar-Tigger	500	-	64	100271923	40770
chr14	100276551	100476551	harbor2	chr14	100373534	100373768	DNA/TcMar-Tigger	510	-	117	100373651	97100
chr14	88927417	89127417	harbor2	chr14	88947443	88948129	DNA/TcMar-Tigger	1640	-	343	88947786	20369
chr14	95456322	95656322	harbor2	chr14	95496837	95497037	DNA/TcMar-Tigger	491	-	100	95496937	40615
chr14	91227150	91427150	harbor2	chr14	91298995	91299595	DNA/TcMar-Tigger	2906	-	300	91299295	72145
chr14	100230253	100430253	harbor2	chr14	100271501	100271700	DNA/TcMar-Tigger	831	-	100	100271601	41348
chr14	100230253	100430253	harbor2	chr14	100271859	100271987	DNA/TcMar-Tigger	500	-	64	100271923	41670
chr14	100186150	100386150	harbor2	chr14	100271501	100271700	DNA/TcMar-Tigger	831	-	100	100271601	85451
chr14	100186150	100386150	harbor2	chr14	100271859	100271987	DNA/TcMar-Tigger	500	-	64	100271923	85773
chr14	104623757	104823757	harbor2	chr14	104684750	104684993	DNA/TcMar-Tigger	615	-	122	104684872	61115
chr14	104623757	104823757	harbor2	chr14	104685055	104685141	DNA/TcMar-Tigger	459	-	43	104685098	61341
chr14	103624423	103824423	harbor2	chr14	103645507	103645762	DNA/TcMar-Tigger	1658	-	128	103645635	21212
chr14	103624423	103824423	harbor2	chr14	103646058	103646136	DNA/TcMar-Tigger	1658	-	39	103646097	21674
chr14	100185464	100385464	harbor2	chr14	100271501	100271700	DNA/TcMar-Tigger	831	-	100	100271601	86137
chr14	100185464	100385464	harbor2	chr14	100271859	100271987	DNA/TcMar-Tigger	500	-	64	100271923	86459
chr14	74823265	75023265	harbor2	chr14	74860145	74860466	DNA/TcMar-Tigger	859	-	160	74860305	37040
chr14	23464322	23664322	harbor2	chr14	23470404	23470479	DNA/TcMar-Tigger	461	-	38	23470442	6120
chr14	24047673	24247673	harbor2	chr14	24125546	24125657	DNA/TcMar-Tigger	700	-	56	24125602	77929
chr14	24047673	24247673	harbor2	chr14	24126265	24126376	DNA/TcMar-Tigger	745	-	56	24126321	78648
chr14	24047673	24247673	harbor2	chr14	24126581	24126609	DNA/TcMar-Tigger	5615	-	14	24126595	78922
chr14	24047673	24247673	harbor2	chr14	24126913	24127587	DNA/TcMar-Tigger	5615	-	337	24127250	79577
chr14	24047673	24247673	harbor2	chr14	24127852	24128026	DNA/TcMar-Tigger	5615	-	87	24127939	80266
chr14	24047673	24247673	harbor2	chr14	24128259	24128360	DNA/TcMar-Tigger	704	-	50	24128309	80636
chr14	67519986	67719986	harbor2	chr14	67543092	67543250	DNA/TcMar-Tigger	492	-	79	67543171	23185
chr14	67519986	67719986	harbor2	chr14	67594704	67594867	DNA/TcMar-Tigger	1403	-	82	67594786	74800
chr14	67519986	67719986	harbor2	chr14	67595166	67595409	DNA/TcMar-Tigger	1403	-	122	67595288	75302
chr14	67519986	67719986	harbor2	chr14	67617416	67617540	DNA/TcMar-Tigger	688	-	62	67617478	97492
chr14	67519986	67719986	harbor2	chr14	67616635	67616849	DNA/TcMar-Tigger	1363	-	107	67616742	96756
chr14	74842794	75042794	harbor2	chr14	74860145	74860466	DNA/TcMar-Tigger	859	-	160	74860305	17511
chr14	74842794	75042794	harbor2	chr14	74928106	74928239	DNA/TcMar-Tigger	849	-	66	74928172	85378
chr14	94075512	94275512	harbor2	chr14	94142040	94142395	DNA/TcMar-Tigger	2714	-	178	94142218	66706
chr14	94075512	94275512	harbor2	chr14	94142429	94142573	DNA/TcMar-Tigger	2714	-	72	94142501	66989
chr14	103422967	103622967	harbor2	chr14	103513689	103513920	DNA/TcMar-Tigger	1202	-	116	103513805	90838
chr14	24048856	24248856	harbor2	chr14	24125546	24125657	DNA/TcMar-Tigger	700	-	56	24125602	76746
chr14	24048856	24248856	harbor2	chr14	24126265	24126376	DNA/TcMar-Tigger	745	-	56	24126321	77465
chr14	24048856	24248856	harbor2	chr14	24126581	24126609	DNA/TcMar-Tigger	5615	-	14	24126595	77739
chr14	24048856	24248856	harbor2	chr14	24126913	24127587	DNA/TcMar-Tigger	5615	-	337	24127250	78394
chr14	24048856	24248856	harbor2	chr14	24127852	24128026	DNA/TcMar-Tigger	5615	-	87	24127939	79083
chr14	24048856	24248856	harbor2	chr14	24128259	24128360	DNA/TcMar-Tigger	704	-	50	24128309	79453
chr14	75328337	75528337	harbor2	chr14	75356187	75356719	DNA/TcMar-Tigger	948	-	266	75356453	28116
chr14	100232438	100432438	harbor2	chr14	100271501	100271700	DNA/TcMar-Tigger	831	-	100	100271601	39163
chr14	100232438	100432438	harbor2	chr14	100271859	100271987	DNA/TcMar-Tigger	500	-	64	100271923	39485
chr14	51140675	51340675	harbor2	chr14	51227415	51227623	DNA/TcMar-Tigger	1122	-	104	51227519	86844
chr14	91481271	91681271	harbor2	chr14	91536818	91537014	DNA/TcMar-Tigger	1207	-	98	91536916	55645
chr14	91481271	91681271	harbor2	chr14	91537151	91537359	DNA/TcMar-Tigger	2334	-	104	91537255	55984
chr14	91481271	91681271	harbor2	chr14	91537705	91537915	DNA/TcMar-Tigger	2334	-	105	91537810	56539
chr14	91481271	91681271	harbor2	chr14	91537916	91538183	DNA/TcMar-Tigger	1475	-	134	91538050	56779
chr14	91481271	91681271	harbor2	chr14	91566089	91566099	DNA/TcMar-Tigger	951	-	5	91566094	84823
chr14	91481271	91681271	harbor2	chr14	91566405	91566582	DNA/TcMar-Tigger	951	-	88	91566493	85222
chr14	91481271	91681271	harbor2	chr14	91566579	91567009	DNA/TcMar-Tigger	2116	-	215	91566794	85523
chr14	91481271	91681271	harbor2	chr14	91537389	91537410	DNA/TcMar-Tigger	2334	-	10	91537399	56128
chr14	104623750	104823750	harbor2	chr14	104684750	104684993	DNA/TcMar-Tigger	615	-	122	104684872	61122
chr14	104623750	104823750	harbor2	chr14	104685055	104685141	DNA/TcMar-Tigger	459	-	43	104685098	61348
chr14	23087290	23287290	harbor2	chr14	23088735	23088932	DNA/TcMar-Tigger	1126	-	98	23088833	1543
chr14	100323696	100523696	harbor2	chr14	100373534	100373768	DNA/TcMar-Tigger	510	-	117	100373651	49955
chr14	103444240	103644240	harbor2	chr14	103513689	103513920	DNA/TcMar-Tigger	1202	-	116	103513805	69565
chr14	100185466	100385466	harbor2	chr14	100271501	100271700	DNA/TcMar-Tigger	831	-	100	100271601	86135
chr14	100185466	100385466	harbor2	chr14	100271859	100271987	DNA/TcMar-Tigger	500	-	64	100271923	86457
chr14	104590261	104790261	harbor2	chr14	104684750	104684993	DNA/TcMar-Tigger	615	-	122	104684872	94611
chr14	104590261	104790261	harbor2	chr14	104685055	104685141	DNA/TcMar-Tigger	459	-	43	104685098	94837
chr14	75329786	75529786	harbor2	chr14	75356187	75356719	DNA/TcMar-Tigger	948	-	266	75356453	26667
chr14	21007545	21207545	harbor2	chr14	21046612	21047047	DNA/TcMar-Tigger	2593	-	218	21046830	39285
chr14	105737928	105937928	harbor2	chr14	105824648	105824916	DNA/TcMar-Tigger	1781	-	134	105824782	86854
chr14	95436168	95636168	harbor2	chr14	95496837	95497037	DNA/TcMar-Tigger	491	-	100	95496937	60769
chr14	67259750	67459750	harbor2	chr14	67313278	67313429	DNA/TcMar-Tigger	1067	-	76	67313354	53604
chr14	67259750	67459750	harbor2	chr14	67321467	67321805	DNA/TcMar-Tigger	1603	-	169	67321636	61886
chr14	54686838	54886838	harbor2	chr14	54713964	54714664	DNA/TcMar-Tigger	1659	-	350	54714314	27476
chr14	54686838	54886838	harbor2	chr14	54726895	54727154	DNA/TcMar-Tigger	2549	-	130	54727025	40187
chr14	54686838	54886838	harbor2	chr14	54727489	54727787	DNA/TcMar-Tigger	2549	-	149	54727638	40800
chr14	54686838	54886838	harbor2	chr14	54771925	54772199	DNA/TcMar-Tigger	782	-	137	54772062	85224
chr14	24048951	24248951	harbor2	chr14	24125546	24125657	DNA/TcMar-Tigger	700	-	56	24125602	76651
chr14	24048951	24248951	harbor2	chr14	24126265	24126376	DNA/TcMar-Tigger	745	-	56	24126321	77370
chr14	24048951	24248951	harbor2	chr14	24126581	24126609	DNA/TcMar-Tigger	5615	-	14	24126595	77644
chr14	24048951	24248951	harbor2	chr14	24126913	24127587	DNA/TcMar-Tigger	5615	-	337	24127250	78299
chr14	24048951	24248951	harbor2	chr14	24127852	24128026	DNA/TcMar-Tigger	5615	-	87	24127939	78988
chr14	24048951	24248951	harbor2	chr14	24128259	24128360	DNA/TcMar-Tigger	704	-	50	24128309	79358
chr14	103423404	103623404	harbor2	chr14	103513689	103513920	DNA/TcMar-Tigger	1202	-	116	103513805	90401
chr14	72458724	72658724	harbor2	chr14	72464046	72464569	DNA/TcMar-Tigger	1628	-	262	72464308	5584
chr14	72458724	72658724	harbor2	chr14	72473613	72474079	DNA/TcMar-Tigger	2256	-	233	72473846	15122
chr14	24047661	24247661	harbor2	chr14	24125546	24125657	DNA/TcMar-Tigger	700	-	56	24125602	77941
chr14	24047661	24247661	harbor2	chr14	24126265	24126376	DNA/TcMar-Tigger	745	-	56	24126321	78660
chr14	24047661	24247661	harbor2	chr14	24126581	24126609	DNA/TcMar-Tigger	5615	-	14	24126595	78934
chr14	24047661	24247661	harbor2	chr14	24126913	24127587	DNA/TcMar-Tigger	5615	-	337	24127250	79589
chr14	24047661	24247661	harbor2	chr14	24127852	24128026	DNA/TcMar-Tigger	5615	-	87	24127939	80278
chr14	24047661	24247661	harbor2	chr14	24128259	24128360	DNA/TcMar-Tigger	704	-	50	24128309	80648
chr14	100231162	100431162	harbor2	chr14	100271501	100271700	DNA/TcMar-Tigger	831	-	100	100271601	40439
chr14	100231162	100431162	harbor2	chr14	100271859	100271987	DNA/TcMar-Tigger	500	-	64	100271923	40761
chr14	105388149	105588149	harbor2	chr14	105429024	105429290	DNA/TcMar-Tigger	1378	-	133	105429157	41008
chr14	105388149	105588149	harbor2	chr14	105430057	105430657	DNA/TcMar-Tigger	3047	-	300	105430357	42208
chr14	23986853	24186853	harbor2	chr14	23997021	23999350	DNA/TcMar-Tigger	15973	-	1164	23998185	11332
chr14	23986853	24186853	harbor2	chr14	24044669	24044947	DNA/TcMar-Tigger	9707	-	139	24044808	57955
chr14	23986853	24186853	harbor2	chr14	24045247	24046348	DNA/TcMar-Tigger	9707	-	550	24045797	58944
chr14	23986853	24186853	harbor2	chr14	24046339	24046955	DNA/TcMar-Tigger	3811	-	308	24046647	59794
chr14	103427586	103627586	harbor2	chr14	103513689	103513920	DNA/TcMar-Tigger	1202	-	116	103513805	86219
chr14	102409678	102609678	harbor2	chr14	102422275	102422468	DNA/TcMar-Tigger	949	-	96	102422371	12693
chr14	102409678	102609678	harbor2	chr14	102424013	102424330	DNA/TcMar-Tigger	1783	-	158	102424171	14493
chr14	24048169	24248169	harbor2	chr14	24125546	24125657	DNA/TcMar-Tigger	700	-	56	24125602	77433
chr14	24048169	24248169	harbor2	chr14	24126265	24126376	DNA/TcMar-Tigger	745	-	56	24126321	78152
chr14	24048169	24248169	harbor2	chr14	24126581	24126609	DNA/TcMar-Tigger	5615	-	14	24126595	78426
chr14	24048169	24248169	harbor2	chr14	24126913	24127587	DNA/TcMar-Tigger	5615	-	337	24127250	79081
chr14	24048169	24248169	harbor2	chr14	24127852	24128026	DNA/TcMar-Tigger	5615	-	87	24127939	79770
chr14	24048169	24248169	harbor2	chr14	24128259	24128360	DNA/TcMar-Tigger	704	-	50	24128309	80140
chr14	104416747	104616747	harbor2	chr14	104438873	104440989	DNA/TcMar-Tigger	12247	-	1058	104439931	23184
chr14	91474914	91674914	harbor2	chr14	91536818	91537014	DNA/TcMar-Tigger	1207	-	98	91536916	62002
chr14	91474914	91674914	harbor2	chr14	91537151	91537359	DNA/TcMar-Tigger	2334	-	104	91537255	62341
chr14	91474914	91674914	harbor2	chr14	91537705	91537915	DNA/TcMar-Tigger	2334	-	105	91537810	62896
chr14	91474914	91674914	harbor2	chr14	91537916	91538183	DNA/TcMar-Tigger	1475	-	134	91538050	63136
chr14	91474914	91674914	harbor2	chr14	91566089	91566099	DNA/TcMar-Tigger	951	-	5	91566094	91180
chr14	91474914	91674914	harbor2	chr14	91566405	91566582	DNA/TcMar-Tigger	951	-	88	91566493	91579
chr14	91474914	91674914	harbor2	chr14	91566579	91567009	DNA/TcMar-Tigger	2116	-	215	91566794	91880
chr14	91474914	91674914	harbor2	chr14	91537389	91537410	DNA/TcMar-Tigger	2334	-	10	91537399	62485
chr14	75330552	75530552	harbor2	chr14	75356187	75356719	DNA/TcMar-Tigger	948	-	266	75356453	25901
chr14	102649173	102849173	harbor2	chr14	102675244	102675682	DNA/TcMar-Tigger	1961	-	219	102675463	26290
chr14	64194993	64394993	harbor2	chr14	64233566	64234154	DNA/TcMar-Tigger	3099	-	294	64233860	38867
chr14	64194993	64394993	harbor2	chr14	64243196	64243535	DNA/TcMar-Tigger	1926	-	170	64243366	48373
chr14	64194993	64394993	harbor2	chr14	64266556	64266900	DNA/TcMar-Tigger	1213	-	172	64266728	71735
chr14	64194993	64394993	harbor2	chr14	64267179	64267489	DNA/TcMar-Tigger	1213	-	155	64267334	72341
chr14	103637279	103837279	harbor2	chr14	103645507	103645762	DNA/TcMar-Tigger	1658	-	128	103645635	8356
chr14	103637279	103837279	harbor2	chr14	103646058	103646136	DNA/TcMar-Tigger	1658	-	39	103646097	8818
chr14	103428564	103628564	harbor2	chr14	103513689	103513920	DNA/TcMar-Tigger	1202	-	116	103513805	85241
chr14	67500239	67700239	harbor2	chr14	67501724	67501892	DNA/TcMar-Tigger	646	-	84	67501808	1569
chr14	67500239	67700239	harbor2	chr14	67543092	67543250	DNA/TcMar-Tigger	492	-	79	67543171	42932
chr14	67500239	67700239	harbor2	chr14	67594704	67594867	DNA/TcMar-Tigger	1403	-	82	67594786	94547
chr14	67500239	67700239	harbor2	chr14	67595166	67595409	DNA/TcMar-Tigger	1403	-	122	67595288	95049
chr14	100185458	100385458	harbor2	chr14	100271501	100271700	DNA/TcMar-Tigger	831	-	100	100271601	86143
chr14	100185458	100385458	harbor2	chr14	100271859	100271987	DNA/TcMar-Tigger	500	-	64	100271923	86465
chr14	104017092	104217092	harbor2	chr14	104068358	104068869	DNA/TcMar-Tigger	3672	-	256	104068614	51522
chr14	104017092	104217092	harbor2	chr14	104069389	104069919	DNA/TcMar-Tigger	3672	-	265	104069654	52562
chr14	104017092	104217092	harbor2	chr14	104074877	104075066	DNA/TcMar-Tigger	1581	-	94	104074971	57879
chr14	104017092	104217092	harbor2	chr14	104075374	104075505	DNA/TcMar-Tigger	1581	-	66	104075440	58348
chr15	35446251	35646251	harbor2	chr15	35457907	35458229	DNA/TcMar-Tigger	1158	-	161	35458068	11817
chr15	35446251	35646251	harbor2	chr15	35466617	35467282	DNA/TcMar-Tigger	4917	-	332	35466949	20698
chr15	35446251	35646251	harbor2	chr15	35467596	35467834	DNA/TcMar-Tigger	4917	-	119	35467715	21464
chr15	35446251	35646251	harbor2	chr15	35467835	35468017	DNA/TcMar-Tigger	1023	-	91	35467926	21675
chr15	35446808	35646808	harbor2	chr15	35457907	35458229	DNA/TcMar-Tigger	1158	-	161	35458068	11260
chr15	35446808	35646808	harbor2	chr15	35466617	35467282	DNA/TcMar-Tigger	4917	-	332	35466949	20141
chr15	35446808	35646808	harbor2	chr15	35467596	35467834	DNA/TcMar-Tigger	4917	-	119	35467715	20907
chr15	35446808	35646808	harbor2	chr15	35467835	35468017	DNA/TcMar-Tigger	1023	-	91	35467926	21118
chr15	101861517	102061517	harbor2	chr15	101910446	101910905	DNA/TcMar-Tigger	2325	-	230	101910676	49159
chr15	101861517	102061517	harbor2	chr15	101910906	101911040	DNA/TcMar-Tigger	1033	-	67	101910973	49456
chr15	101861517	102061517	harbor2	chr15	101911333	101911425	DNA/TcMar-Tigger	1033	-	46	101911379	49862
chr15	35457632	35657632	harbor2	chr15	35457907	35458229	DNA/TcMar-Tigger	1158	-	161	35458068	436
chr15	35457632	35657632	harbor2	chr15	35466617	35467282	DNA/TcMar-Tigger	4917	-	332	35466949	9317
chr15	35457632	35657632	harbor2	chr15	35467596	35467834	DNA/TcMar-Tigger	4917	-	119	35467715	10083
chr15	35457632	35657632	harbor2	chr15	35467835	35468017	DNA/TcMar-Tigger	1023	-	91	35467926	10294
chr15	45030353	45230353	harbor2	chr15	45033188	45033500	DNA/TcMar-Tigger	1197	-	156	45033344	2991
chr15	35449060	35649060	harbor2	chr15	35457907	35458229	DNA/TcMar-Tigger	1158	-	161	35458068	9008
chr15	35449060	35649060	harbor2	chr15	35466617	35467282	DNA/TcMar-Tigger	4917	-	332	35466949	17889
chr15	35449060	35649060	harbor2	chr15	35467596	35467834	DNA/TcMar-Tigger	4917	-	119	35467715	18655
chr15	35449060	35649060	harbor2	chr15	35467835	35468017	DNA/TcMar-Tigger	1023	-	91	35467926	18866
chr15	36839296	37039296	harbor2	chr15	36846529	36846967	DNA/TcMar-Tigger	1792	-	219	36846748	7452
chr15	36839296	37039296	harbor2	chr15	36929763	36929920	DNA/TcMar-Tigger	449	-	78	36929841	90545
chr15	36839296	37039296	harbor2	chr15	36847282	36847680	DNA/TcMar-Tigger	1792	-	199	36847481	8185
chr15	35449368	35649368	harbor2	chr15	35457907	35458229	DNA/TcMar-Tigger	1158	-	161	35458068	8700
chr15	35449368	35649368	harbor2	chr15	35466617	35467282	DNA/TcMar-Tigger	4917	-	332	35466949	17581
chr15	35449368	35649368	harbor2	chr15	35467596	35467834	DNA/TcMar-Tigger	4917	-	119	35467715	18347
chr15	35449368	35649368	harbor2	chr15	35467835	35468017	DNA/TcMar-Tigger	1023	-	91	35467926	18558
chr15	25339046	25539046	harbor2	chr15	25349515	25349983	DNA/TcMar-Tigger	1942	-	234	25349749	10703
chr15	25339046	25539046	harbor2	chr15	25352347	25352553	DNA/TcMar-Tigger	1158	-	103	25352450	13404
chr15	25339046	25539046	harbor2	chr15	25352550	25352650	DNA/TcMar-Tigger	594	-	50	25352600	13554
chr15	25339046	25539046	harbor2	chr15	25353342	25353578	DNA/TcMar-Tigger	1108	-	118	25353460	14414
chr15	25339046	25539046	harbor2	chr15	25400240	25400549	DNA/TcMar-Tigger	1379	-	154	25400394	61348
chr15	25339046	25539046	harbor2	chr15	25417957	25418238	DNA/TcMar-Tigger	1369	-	140	25418097	79051
chr15	25339046	25539046	harbor2	chr15	25418856	25419061	DNA/TcMar-Tigger	1150	-	102	25418958	79912
chr15	35446684	35646684	harbor2	chr15	35457907	35458229	DNA/TcMar-Tigger	1158	-	161	35458068	11384
chr15	35446684	35646684	harbor2	chr15	35466617	35467282	DNA/TcMar-Tigger	4917	-	332	35466949	20265
chr15	35446684	35646684	harbor2	chr15	35467596	35467834	DNA/TcMar-Tigger	4917	-	119	35467715	21031
chr15	35446684	35646684	harbor2	chr15	35467835	35468017	DNA/TcMar-Tigger	1023	-	91	35467926	21242
chr15	101861533	102061533	harbor2	chr15	101910446	101910905	DNA/TcMar-Tigger	2325	-	230	101910676	49143
chr15	101861533	102061533	harbor2	chr15	101910906	101911040	DNA/TcMar-Tigger	1033	-	67	101910973	49440
chr15	101861533	102061533	harbor2	chr15	101911333	101911425	DNA/TcMar-Tigger	1033	-	46	101911379	49846
chr15	45378429	45578429	harbor2	chr15	45389116	45389301	DNA/TcMar-Tigger	583	-	92	45389208	10779
chr15	45378429	45578429	harbor2	chr15	45393640	45393874	DNA/TcMar-Tigger	1541	-	117	45393757	15328
chr15	36495947	36695947	harbor2	chr15	36583562	36583734	DNA/TcMar-Tigger	2203	-	86	36583648	87701
chr15	36495947	36695947	harbor2	chr15	36584042	36584237	DNA/TcMar-Tigger	2203	-	98	36584140	88193
chr15	36495947	36695947	harbor2	chr15	36584456	36584932	DNA/TcMar-Tigger	2489	-	238	36584694	88747
chr15	25339082	25539082	harbor2	chr15	25349515	25349983	DNA/TcMar-Tigger	1942	-	234	25349749	10667
chr15	25339082	25539082	harbor2	chr15	25352347	25352553	DNA/TcMar-Tigger	1158	-	103	25352450	13368
chr15	25339082	25539082	harbor2	chr15	25352550	25352650	DNA/TcMar-Tigger	594	-	50	25352600	13518
chr15	25339082	25539082	harbor2	chr15	25353342	25353578	DNA/TcMar-Tigger	1108	-	118	25353460	14378
chr15	25339082	25539082	harbor2	chr15	25400240	25400549	DNA/TcMar-Tigger	1379	-	154	25400394	61312
chr15	25339082	25539082	harbor2	chr15	25417957	25418238	DNA/TcMar-Tigger	1369	-	140	25418097	79015
chr15	25339082	25539082	harbor2	chr15	25418856	25419061	DNA/TcMar-Tigger	1150	-	102	25418958	79876
chr15	35467871	35667871	harbor2	chr15	35467835	35468017	DNA/TcMar-Tigger	1023	-	91	35467926	55
chr15	32618800	32818800	harbor2	chr15	32634284	32634516	DNA/TcMar-Tigger	1094	-	116	32634400	15600
chr15	35446583	35646583	harbor2	chr15	35457907	35458229	DNA/TcMar-Tigger	1158	-	161	35458068	11485
chr15	35446583	35646583	harbor2	chr15	35466617	35467282	DNA/TcMar-Tigger	4917	-	332	35466949	20366
chr15	35446583	35646583	harbor2	chr15	35467596	35467834	DNA/TcMar-Tigger	4917	-	119	35467715	21132
chr15	35446583	35646583	harbor2	chr15	35467835	35468017	DNA/TcMar-Tigger	1023	-	91	35467926	21343
chr15	35446683	35646683	harbor2	chr15	35457907	35458229	DNA/TcMar-Tigger	1158	-	161	35458068	11385
chr15	35446683	35646683	harbor2	chr15	35466617	35467282	DNA/TcMar-Tigger	4917	-	332	35466949	20266
chr15	35446683	35646683	harbor2	chr15	35467596	35467834	DNA/TcMar-Tigger	4917	-	119	35467715	21032
chr15	35446683	35646683	harbor2	chr15	35467835	35468017	DNA/TcMar-Tigger	1023	-	91	35467926	21243
chr15	36491544	36691544	harbor2	chr15	36583562	36583734	DNA/TcMar-Tigger	2203	-	86	36583648	92104
chr15	36491544	36691544	harbor2	chr15	36584042	36584237	DNA/TcMar-Tigger	2203	-	98	36584140	92596
chr15	36491544	36691544	harbor2	chr15	36584456	36584932	DNA/TcMar-Tigger	2489	-	238	36584694	93150
chr15	101862196	102062196	harbor2	chr15	101910446	101910905	DNA/TcMar-Tigger	2325	-	230	101910676	48480
chr15	101862196	102062196	harbor2	chr15	101910906	101911040	DNA/TcMar-Tigger	1033	-	67	101910973	48777
chr15	101862196	102062196	harbor2	chr15	101911333	101911425	DNA/TcMar-Tigger	1033	-	46	101911379	49183
chr15	34109976	34309976	harbor2	chr15	34175182	34175424	DNA/TcMar-Tigger	1194	-	121	34175303	65327
chr15	34109976	34309976	harbor2	chr15	34196767	34196971	DNA/TcMar-Tigger	455	-	102	34196869	86893
chr15	36787076	36987076	harbor2	chr15	36829112	36829131	DNA/TcMar-Tigger	1420	-	10	36829122	42046
chr15	36787076	36987076	harbor2	chr15	36829417	36829670	DNA/TcMar-Tigger	1420	-	126	36829543	42467
chr15	36787076	36987076	harbor2	chr15	36834079	36834426	DNA/TcMar-Tigger	1190	-	174	36834253	47177
chr15	36787076	36987076	harbor2	chr15	36846529	36846967	DNA/TcMar-Tigger	1792	-	219	36846748	59672
chr15	36787076	36987076	harbor2	chr15	36847282	36847680	DNA/TcMar-Tigger	1792	-	199	36847481	60405
chr15	29945312	30145312	harbor2	chr15	29969402	29969537	DNA/TcMar-Tigger	4299	-	68	29969470	24158
chr15	29945312	30145312	harbor2	chr15	29969848	29970639	DNA/TcMar-Tigger	4299	-	396	29970244	24932
chr15	29945312	30145312	harbor2	chr15	29970954	29971055	DNA/TcMar-Tigger	4299	-	50	29971004	25692
chr15	29945312	30145312	harbor2	chr15	29982838	29983378	DNA/TcMar-Tigger	3124	-	270	29983108	37796
chr15	35537214	35737214	harbor2	chr15	35621386	35621971	DNA/TcMar-Tigger	640	-	292	35621678	84464
chr15	101624468	101824468	harbor2	chr15	101666941	101667577	DNA/TcMar-Tigger	9658	-	318	101667259	42791
chr15	101624468	101824468	harbor2	chr15	101667894	101668693	DNA/TcMar-Tigger	9658	-	400	101668294	43826
chr15	28550210	28750210	harbor2	chr15	28593408	28593702	DNA/TcMar-Tigger	673	-	147	28593555	43345
chr15	101876518	102076518	harbor2	chr15	101910446	101910905	DNA/TcMar-Tigger	2325	-	230	101910676	34158
chr15	101876518	102076518	harbor2	chr15	101910906	101911040	DNA/TcMar-Tigger	1033	-	67	101910973	34455
chr15	101876518	102076518	harbor2	chr15	101911333	101911425	DNA/TcMar-Tigger	1033	-	46	101911379	34861
chr15	101875496	102075496	harbor2	chr15	101910446	101910905	DNA/TcMar-Tigger	2325	-	230	101910676	35180
chr15	101875496	102075496	harbor2	chr15	101910906	101911040	DNA/TcMar-Tigger	1033	-	67	101910973	35477
chr15	101875496	102075496	harbor2	chr15	101911333	101911425	DNA/TcMar-Tigger	1033	-	46	101911379	35883
chr15	41872068	42072068	harbor2	chr15	41937863	41938205	DNA/TcMar-Tigger	1896	-	171	41938034	65966
chr15	74743181	74943181	harbor2	chr15	74795708	74795935	DNA/TcMar-Tigger	2168	-	114	74795822	52641
chr15	74743181	74943181	harbor2	chr15	74796243	74796445	DNA/TcMar-Tigger	2168	-	101	74796344	53163
chr15	25339076	25539076	harbor2	chr15	25349515	25349983	DNA/TcMar-Tigger	1942	-	234	25349749	10673
chr15	25339076	25539076	harbor2	chr15	25352347	25352553	DNA/TcMar-Tigger	1158	-	103	25352450	13374
chr15	25339076	25539076	harbor2	chr15	25352550	25352650	DNA/TcMar-Tigger	594	-	50	25352600	13524
chr15	25339076	25539076	harbor2	chr15	25353342	25353578	DNA/TcMar-Tigger	1108	-	118	25353460	14384
chr15	25339076	25539076	harbor2	chr15	25400240	25400549	DNA/TcMar-Tigger	1379	-	154	25400394	61318
chr15	25339076	25539076	harbor2	chr15	25417957	25418238	DNA/TcMar-Tigger	1369	-	140	25418097	79021
chr15	25339076	25539076	harbor2	chr15	25418856	25419061	DNA/TcMar-Tigger	1150	-	102	25418958	79882
chr15	35569538	35769538	harbor2	chr15	35621386	35621971	DNA/TcMar-Tigger	640	-	292	35621678	52140
chr15	35446697	35646697	harbor2	chr15	35457907	35458229	DNA/TcMar-Tigger	1158	-	161	35458068	11371
chr15	35446697	35646697	harbor2	chr15	35466617	35467282	DNA/TcMar-Tigger	4917	-	332	35466949	20252
chr15	35446697	35646697	harbor2	chr15	35467596	35467834	DNA/TcMar-Tigger	4917	-	119	35467715	21018
chr15	35446697	35646697	harbor2	chr15	35467835	35468017	DNA/TcMar-Tigger	1023	-	91	35467926	21229
chr15	96462468	96662468	harbor2	chr15	96559576	96560111	DNA/TcMar-Tigger	2497	-	268	96559844	97376
chr15	35446610	35646610	harbor2	chr15	35457907	35458229	DNA/TcMar-Tigger	1158	-	161	35458068	11458
chr15	35446610	35646610	harbor2	chr15	35466617	35467282	DNA/TcMar-Tigger	4917	-	332	35466949	20339
chr15	35446610	35646610	harbor2	chr15	35467596	35467834	DNA/TcMar-Tigger	4917	-	119	35467715	21105
chr15	35446610	35646610	harbor2	chr15	35467835	35468017	DNA/TcMar-Tigger	1023	-	91	35467926	21316
chr15	78669137	78869137	harbor2	chr15	78687836	78688181	DNA/TcMar-Tigger	2108	-	172	78688008	18871
chr15	78669137	78869137	harbor2	chr15	78688481	78688508	DNA/TcMar-Tigger	2108	-	14	78688495	19358
chr15	35446521	35646521	harbor2	chr15	35457907	35458229	DNA/TcMar-Tigger	1158	-	161	35458068	11547
chr15	35446521	35646521	harbor2	chr15	35466617	35467282	DNA/TcMar-Tigger	4917	-	332	35466949	20428
chr15	35446521	35646521	harbor2	chr15	35467596	35467834	DNA/TcMar-Tigger	4917	-	119	35467715	21194
chr15	35446521	35646521	harbor2	chr15	35467835	35468017	DNA/TcMar-Tigger	1023	-	91	35467926	21405
chr15	38233430	38433430	harbor2	chr15	38243250	38243561	DNA/TcMar-Tigger	1643	-	156	38243406	9976
chr15	38233430	38433430	harbor2	chr15	38278558	38278828	DNA/TcMar-Tigger	1555	-	135	38278693	45263
chr15	38233430	38433430	harbor2	chr15	38279126	38279188	DNA/TcMar-Tigger	1555	-	31	38279157	45727
chr15	38233430	38433430	harbor2	chr15	38295135	38295545	DNA/TcMar-Tigger	925	-	205	38295340	61910
chr15	35446201	35646201	harbor2	chr15	35457907	35458229	DNA/TcMar-Tigger	1158	-	161	35458068	11867
chr15	35446201	35646201	harbor2	chr15	35466617	35467282	DNA/TcMar-Tigger	4917	-	332	35466949	20748
chr15	35446201	35646201	harbor2	chr15	35467596	35467834	DNA/TcMar-Tigger	4917	-	119	35467715	21514
chr15	35446201	35646201	harbor2	chr15	35467835	35468017	DNA/TcMar-Tigger	1023	-	91	35467926	21725
chr15	50808701	51008701	harbor2	chr15	50900321	50900399	DNA/TcMar-Tigger	417	-	39	50900360	91659
chr15	101861525	102061525	harbor2	chr15	101910446	101910905	DNA/TcMar-Tigger	2325	-	230	101910676	49151
chr15	101861525	102061525	harbor2	chr15	101910906	101911040	DNA/TcMar-Tigger	1033	-	67	101910973	49448
chr15	101861525	102061525	harbor2	chr15	101911333	101911425	DNA/TcMar-Tigger	1033	-	46	101911379	49854
chr15	29334927	29534927	harbor2	chr15	29351014	29351371	DNA/TcMar-Tigger	1708	-	178	29351192	16265
chr15	29334927	29534927	harbor2	chr15	29399586	29400027	DNA/TcMar-Tigger	2640	-	220	29399806	64879
chr15	29334927	29534927	harbor2	chr15	29407034	29407379	DNA/TcMar-Tigger	1972	-	172	29407206	72279
chr15	69999345	70199345	harbor2	chr15	70008320	70008604	DNA/TcMar-Tigger	1029	-	142	70008462	9117
chr15	69999345	70199345	harbor2	chr15	70043281	70043362	DNA/TcMar-Tigger	562	-	40	70043321	43976
chr15	69999345	70199345	harbor2	chr15	70043637	70043654	DNA/TcMar-Tigger	562	-	8	70043645	44300
chr15	74743183	74943183	harbor2	chr15	74795708	74795935	DNA/TcMar-Tigger	2168	-	114	74795822	52639
chr15	74743183	74943183	harbor2	chr15	74796243	74796445	DNA/TcMar-Tigger	2168	-	101	74796344	53161
chr15	35446653	35646653	harbor2	chr15	35457907	35458229	DNA/TcMar-Tigger	1158	-	161	35458068	11415
chr15	35446653	35646653	harbor2	chr15	35466617	35467282	DNA/TcMar-Tigger	4917	-	332	35466949	20296
chr15	35446653	35646653	harbor2	chr15	35467596	35467834	DNA/TcMar-Tigger	4917	-	119	35467715	21062
chr15	35446653	35646653	harbor2	chr15	35467835	35468017	DNA/TcMar-Tigger	1023	-	91	35467926	21273
chr15	68720982	68920982	harbor2	chr15	68724232	68724405	DNA/TcMar-Tigger	476	-	86	68724318	3336
chr15	68720982	68920982	harbor2	chr15	68724561	68724814	DNA/TcMar-Tigger	1054	-	126	68724687	3705
chr15	101862010	102062010	harbor2	chr15	101910446	101910905	DNA/TcMar-Tigger	2325	-	230	101910676	48666
chr15	101862010	102062010	harbor2	chr15	101910906	101911040	DNA/TcMar-Tigger	1033	-	67	101910973	48963
chr15	101862010	102062010	harbor2	chr15	101911333	101911425	DNA/TcMar-Tigger	1033	-	46	101911379	49369
chr15	25339116	25539116	harbor2	chr15	25349515	25349983	DNA/TcMar-Tigger	1942	-	234	25349749	10633
chr15	25339116	25539116	harbor2	chr15	25352347	25352553	DNA/TcMar-Tigger	1158	-	103	25352450	13334
chr15	25339116	25539116	harbor2	chr15	25352550	25352650	DNA/TcMar-Tigger	594	-	50	25352600	13484
chr15	25339116	25539116	harbor2	chr15	25353342	25353578	DNA/TcMar-Tigger	1108	-	118	25353460	14344
chr15	25339116	25539116	harbor2	chr15	25400240	25400549	DNA/TcMar-Tigger	1379	-	154	25400394	61278
chr15	25339116	25539116	harbor2	chr15	25417957	25418238	DNA/TcMar-Tigger	1369	-	140	25418097	78981
chr15	25339116	25539116	harbor2	chr15	25418856	25419061	DNA/TcMar-Tigger	1150	-	102	25418958	79842
chr15	29332913	29532913	harbor2	chr15	29351014	29351371	DNA/TcMar-Tigger	1708	-	178	29351192	18279
chr15	29332913	29532913	harbor2	chr15	29399586	29400027	DNA/TcMar-Tigger	2640	-	220	29399806	66893
chr15	29332913	29532913	harbor2	chr15	29407034	29407379	DNA/TcMar-Tigger	1972	-	172	29407206	74293
chr15	35569564	35769564	harbor2	chr15	35621386	35621971	DNA/TcMar-Tigger	640	-	292	35621678	52114
chr15	21245089	21445089	harbor2	chr15	21249659	21249912	DNA/TcMar-Tigger	1197	-	126	21249785	4696
chr15	48389932	48589932	harbor2	chr15	48423885	48424330	DNA/TcMar-Tigger	938	-	222	48424107	34175
chr15	64052241	64252241	harbor2	chr15	64115985	64116391	DNA/TcMar-Tigger	2264	-	203	64116188	63947
chr15	34238104	34438104	harbor2	chr15	34294052	34294248	DNA/TcMar-Tigger	559	-	98	34294150	56046
chr15	34238104	34438104	harbor2	chr15	34294855	34295035	DNA/TcMar-Tigger	559	-	90	34294945	56841
chr15	35446791	35646791	harbor2	chr15	35457907	35458229	DNA/TcMar-Tigger	1158	-	161	35458068	11277
chr15	35446791	35646791	harbor2	chr15	35466617	35467282	DNA/TcMar-Tigger	4917	-	332	35466949	20158
chr15	35446791	35646791	harbor2	chr15	35467596	35467834	DNA/TcMar-Tigger	4917	-	119	35467715	20924
chr15	35446791	35646791	harbor2	chr15	35467835	35468017	DNA/TcMar-Tigger	1023	-	91	35467926	21135
chr15	69199269	69399269	harbor2	chr15	69244876	69245049	DNA/TcMar-Tigger	14283	-	86	69244962	45693
chr15	69199269	69399269	harbor2	chr15	69245354	69245718	DNA/TcMar-Tigger	14283	-	182	69245536	46267
chr15	69199269	69399269	harbor2	chr15	69246029	69246435	DNA/TcMar-Tigger	14283	-	203	69246232	46963
chr15	69199269	69399269	harbor2	chr15	69246735	69247991	DNA/TcMar-Tigger	14283	-	628	69247363	48094
chr15	69199269	69399269	harbor2	chr15	69262861	69263154	DNA/TcMar-Tigger	1626	-	146	69263007	63738
chr15	69199269	69399269	harbor2	chr15	69265907	69266076	DNA/TcMar-Tigger	488	-	84	69265991	66722
chr15	69999529	70199529	harbor2	chr15	70008320	70008604	DNA/TcMar-Tigger	1029	-	142	70008462	8933
chr15	69999529	70199529	harbor2	chr15	70043281	70043362	DNA/TcMar-Tigger	562	-	40	70043321	43792
chr15	69999529	70199529	harbor2	chr15	70043637	70043654	DNA/TcMar-Tigger	562	-	8	70043645	44116
chr15	35616949	35816949	harbor2	chr15	35621386	35621971	DNA/TcMar-Tigger	640	-	292	35621678	4729
chr15	36837616	37037616	harbor2	chr15	36846529	36846967	DNA/TcMar-Tigger	1792	-	219	36846748	9132
chr15	36837616	37037616	harbor2	chr15	36929763	36929920	DNA/TcMar-Tigger	449	-	78	36929841	92225
chr15	36837616	37037616	harbor2	chr15	36847282	36847680	DNA/TcMar-Tigger	1792	-	199	36847481	9865
chr15	79823750	80023750	harbor2	chr15	79849763	79849976	DNA/TcMar-Tigger	504	-	106	79849869	26119
chr15	79823750	80023750	harbor2	chr15	79897436	79897625	DNA/TcMar-Tigger	694	-	94	79897530	73780
chr15	79823750	80023750	harbor2	chr15	79897637	79897730	DNA/TcMar-Tigger	454	-	46	79897683	73933
chr15	45302521	45502521	harbor2	chr15	45389116	45389301	DNA/TcMar-Tigger	583	-	92	45389208	86687
chr15	45302521	45502521	harbor2	chr15	45393640	45393874	DNA/TcMar-Tigger	1541	-	117	45393757	91236
chr15	56979942	57179942	harbor2	chr15	56981593	56981997	DNA/TcMar-Tigger	2190	-	202	56981795	1853
chr15	56979942	57179942	harbor2	chr15	56988181	56988504	DNA/TcMar-Tigger	1573	-	162	56988343	8401
chr15	56979942	57179942	harbor2	chr15	57003183	57003784	DNA/TcMar-Tigger	3004	-	300	57003483	23541
chr15	56979942	57179942	harbor2	chr15	57026756	57027092	DNA/TcMar-Tigger	1361	-	168	57026924	46982
chr15	56979942	57179942	harbor2	chr15	57047754	57048080	DNA/TcMar-Tigger	1749	-	163	57047917	67975
chr15	56979942	57179942	harbor2	chr15	57079243	57079447	DNA/TcMar-Tigger	535	-	102	57079345	99403
chr15	35526392	35726392	harbor2	chr15	35621386	35621971	DNA/TcMar-Tigger	640	-	292	35621678	95286
chr15	21245080	21445080	harbor2	chr15	21249659	21249912	DNA/TcMar-Tigger	1197	-	126	21249785	4705
chr15	101859001	102059001	harbor2	chr15	101910446	101910905	DNA/TcMar-Tigger	2325	-	230	101910676	51675
chr15	101859001	102059001	harbor2	chr15	101910906	101911040	DNA/TcMar-Tigger	1033	-	67	101910973	51972
chr15	101859001	102059001	harbor2	chr15	101911333	101911425	DNA/TcMar-Tigger	1033	-	46	101911379	52378
chr15	101624486	101824486	harbor2	chr15	101666941	101667577	DNA/TcMar-Tigger	9658	-	318	101667259	42773
chr15	101624486	101824486	harbor2	chr15	101667894	101668693	DNA/TcMar-Tigger	9658	-	400	101668294	43808
chr15	45487658	45687658	harbor2	chr15	45523402	45523572	DNA/TcMar-Tigger	907	-	85	45523487	35829
chr15	45487658	45687658	harbor2	chr15	45523743	45523769	DNA/TcMar-Tigger	5466	-	13	45523756	36098
chr15	45487658	45687658	harbor2	chr15	45524064	45524780	DNA/TcMar-Tigger	5466	-	358	45524422	36764
chr15	45487658	45687658	harbor2	chr15	45525095	45525726	DNA/TcMar-Tigger	5466	-	316	45525411	37753
chr15	45487658	45687658	harbor2	chr15	45526048	45526321	DNA/TcMar-Tigger	5466	-	136	45526184	38526
chr15	45487658	45687658	harbor2	chr15	45526436	45526965	DNA/TcMar-Tigger	5466	-	264	45526700	39042
chr15	78668235	78868235	harbor2	chr15	78687836	78688181	DNA/TcMar-Tigger	2108	-	172	78688008	19773
chr15	78668235	78868235	harbor2	chr15	78688481	78688508	DNA/TcMar-Tigger	2108	-	14	78688495	20260
chr15	49055735	49255735	harbor2	chr15	49134750	49134837	DNA/TcMar-Tigger	488	-	44	49134794	79059
chr15	49055735	49255735	harbor2	chr15	49134838	49135003	DNA/TcMar-Tigger	578	-	82	49134920	79185
chr15	49055735	49255735	harbor2	chr15	49134999	49135230	DNA/TcMar-Tigger	1108	-	116	49135115	79380
chr15	35455037	35655037	harbor2	chr15	35457907	35458229	DNA/TcMar-Tigger	1158	-	161	35458068	3031
chr15	35455037	35655037	harbor2	chr15	35466617	35467282	DNA/TcMar-Tigger	4917	-	332	35466949	11912
chr15	35455037	35655037	harbor2	chr15	35467596	35467834	DNA/TcMar-Tigger	4917	-	119	35467715	12678
chr15	35455037	35655037	harbor2	chr15	35467835	35468017	DNA/TcMar-Tigger	1023	-	91	35467926	12889
chr16	88757148	88957148	harbor2	chr16	88769048	88769220	DNA/TcMar-Tigger	718	-	86	88769134	11986
chr16	66712056	66912056	harbor2	chr16	66792598	66793028	DNA/TcMar-Tigger	1964	-	215	66792813	80757
chr16	67010338	67210338	harbor2	chr16	67039044	67039622	DNA/TcMar-Tigger	3128	-	289	67039333	28995
chr16	67010338	67210338	harbor2	chr16	67050347	67050512	DNA/TcMar-Tigger	1175	-	82	67050429	40091
chr16	67010338	67210338	harbor2	chr16	67050821	67051110	DNA/TcMar-Tigger	1175	-	144	67050965	40627
chr16	77182	277182	harbor2	chr16	131621	131996	DNA/TcMar-Tigger	4341	-	188	131809	54627
chr16	77182	277182	harbor2	chr16	132307	132664	DNA/TcMar-Tigger	4341	-	178	132485	55303
chr16	77182	277182	harbor2	chr16	132969	133223	DNA/TcMar-Tigger	1565	-	127	133096	55914
chr16	77182	277182	harbor2	chr16	133663	134201	DNA/TcMar-Tigger	3010	-	269	133932	56750
chr16	67009867	67209867	harbor2	chr16	67039044	67039622	DNA/TcMar-Tigger	3128	-	289	67039333	29466
chr16	67009867	67209867	harbor2	chr16	67050347	67050512	DNA/TcMar-Tigger	1175	-	82	67050429	40562
chr16	67009867	67209867	harbor2	chr16	67050821	67051110	DNA/TcMar-Tigger	1175	-	144	67050965	41098
chr16	167275	367275	harbor2	chr16	204617	205184	DNA/TcMar-Tigger	3539	-	284	204901	37626
chr16	167275	367275	harbor2	chr16	205315	205436	DNA/TcMar-Tigger	3539	-	60	205375	38100
chr16	87293635	87493635	harbor2	chr16	87373904	87373961	DNA/TcMar-Tigger	1447	-	28	87373932	80297
chr16	87293635	87493635	harbor2	chr16	87374268	87374547	DNA/TcMar-Tigger	1447	-	140	87374408	80773
chr16	1555502	1755502	harbor2	chr16	1579017	1579377	DNA/TcMar-Tigger	1792	-	180	1579197	23695
chr16	76322	276322	harbor2	chr16	131621	131996	DNA/TcMar-Tigger	4341	-	188	131809	55487
chr16	76322	276322	harbor2	chr16	132307	132664	DNA/TcMar-Tigger	4341	-	178	132485	56163
chr16	76322	276322	harbor2	chr16	132969	133223	DNA/TcMar-Tigger	1565	-	127	133096	56774
chr16	76322	276322	harbor2	chr16	133663	134201	DNA/TcMar-Tigger	3010	-	269	133932	57610
chr16	4017125	4217125	harbor2	chr16	4017965	4018206	DNA/TcMar-Tigger	856	-	120	4018085	960
chr16	4017125	4217125	harbor2	chr16	4018512	4018806	DNA/TcMar-Tigger	856	-	147	4018659	1534
chr16	88286761	88486761	harbor2	chr16	88334325	88334529	DNA/TcMar-Tigger	912	-	102	88334427	47666
chr16	57703638	57903638	harbor2	chr16	57767532	57767640	DNA/TcMar-Tigger	1033	-	54	57767586	63948
chr16	57703638	57903638	harbor2	chr16	57767976	57768043	DNA/TcMar-Tigger	1033	-	34	57768010	64372
chr16	57703638	57903638	harbor2	chr16	57768360	57768499	DNA/TcMar-Tigger	1033	-	70	57768430	64792
chr16	30330225	30530225	harbor2	chr16	30421981	30422229	DNA/TcMar-Tigger	1256	-	124	30422105	91880
chr16	1606172	1806172	harbor2	chr16	1683879	1684209	DNA/TcMar-Tigger	1763	-	165	1684044	77872
chr16	87293411	87493411	harbor2	chr16	87373904	87373961	DNA/TcMar-Tigger	1447	-	28	87373932	80521
chr16	87293411	87493411	harbor2	chr16	87374268	87374547	DNA/TcMar-Tigger	1447	-	140	87374408	80997
chr16	89098922	89298922	harbor2	chr16	89102918	89103218	DNA/TcMar-Tigger	1419	-	150	89103068	4146
chr16	1606165	1806165	harbor2	chr16	1683879	1684209	DNA/TcMar-Tigger	1763	-	165	1684044	77879
chr16	57884872	58084872	harbor2	chr16	57891208	57891346	DNA/TcMar-Tigger	742	-	69	57891277	6405
chr16	57884872	58084872	harbor2	chr16	57891516	57891555	DNA/TcMar-Tigger	2526	-	20	57891536	6664
chr16	57884872	58084872	harbor2	chr16	57891852	57892329	DNA/TcMar-Tigger	2526	-	238	57892090	7218
chr16	89542207	89742207	harbor2	chr16	89608020	89608315	DNA/TcMar-Tigger	575	-	148	89608168	65961
chr16	85109928	85309928	harbor2	chr16	85155693	85155960	DNA/TcMar-Tigger	695	-	134	85155827	45899
chr16	85109928	85309928	harbor2	chr16	85189406	85189722	DNA/TcMar-Tigger	1345	-	158	85189564	79636
chr16	85109928	85309928	harbor2	chr16	85189926	85190175	DNA/TcMar-Tigger	657	-	124	85190050	80122
chr16	85109928	85309928	harbor2	chr16	85195892	85196201	DNA/TcMar-Tigger	1062	-	154	85196046	86118
chr16	1606161	1806161	harbor2	chr16	1683879	1684209	DNA/TcMar-Tigger	1763	-	165	1684044	77883
chr16	66929017	67129017	harbor2	chr16	66929455	66929729	DNA/TcMar-Tigger	1372	-	137	66929592	575
chr16	57885293	58085293	harbor2	chr16	57891208	57891346	DNA/TcMar-Tigger	742	-	69	57891277	5984
chr16	57885293	58085293	harbor2	chr16	57891516	57891555	DNA/TcMar-Tigger	2526	-	20	57891536	6243
chr16	57885293	58085293	harbor2	chr16	57891852	57892329	DNA/TcMar-Tigger	2526	-	238	57892090	6797
chr16	57884864	58084864	harbor2	chr16	57891208	57891346	DNA/TcMar-Tigger	742	-	69	57891277	6413
chr16	57884864	58084864	harbor2	chr16	57891516	57891555	DNA/TcMar-Tigger	2526	-	20	57891536	6672
chr16	57884864	58084864	harbor2	chr16	57891852	57892329	DNA/TcMar-Tigger	2526	-	238	57892090	7226
chr16	30330344	30530344	harbor2	chr16	30421981	30422229	DNA/TcMar-Tigger	1256	-	124	30422105	91761
chr16	88757158	88957158	harbor2	chr16	88769048	88769220	DNA/TcMar-Tigger	718	-	86	88769134	11976
chr16	57885269	58085269	harbor2	chr16	57891208	57891346	DNA/TcMar-Tigger	742	-	69	57891277	6008
chr16	57885269	58085269	harbor2	chr16	57891516	57891555	DNA/TcMar-Tigger	2526	-	20	57891536	6267
chr16	57885269	58085269	harbor2	chr16	57891852	57892329	DNA/TcMar-Tigger	2526	-	238	57892090	6821
chr16	67980152	68180152	harbor2	chr16	68051214	68051379	DNA/TcMar-Tigger	3259	-	82	68051296	71144
chr16	67980152	68180152	harbor2	chr16	68051685	68051889	DNA/TcMar-Tigger	3259	-	102	68051787	71635
chr16	67980152	68180152	harbor2	chr16	68052206	68052513	DNA/TcMar-Tigger	3259	-	154	68052360	72208
chr16	67010349	67210349	harbor2	chr16	67039044	67039622	DNA/TcMar-Tigger	3128	-	289	67039333	28984
chr16	67010349	67210349	harbor2	chr16	67050347	67050512	DNA/TcMar-Tigger	1175	-	82	67050429	40080
chr16	67010349	67210349	harbor2	chr16	67050821	67051110	DNA/TcMar-Tigger	1175	-	144	67050965	40616
chr16	12056811	12256811	harbor2	chr16	12077515	12077627	DNA/TcMar-Tigger	3010	-	56	12077571	20760
chr16	12056811	12256811	harbor2	chr16	12077921	12078192	DNA/TcMar-Tigger	3010	-	136	12078057	21246
chr16	12056811	12256811	harbor2	chr16	12078434	12078700	DNA/TcMar-Tigger	3010	-	133	12078567	21756
chr16	57891927	58091927	harbor2	chr16	57891852	57892329	DNA/TcMar-Tigger	2526	-	238	57892090	163
chr16	74311	274311	harbor2	chr16	131621	131996	DNA/TcMar-Tigger	4341	-	188	131809	57498
chr16	74311	274311	harbor2	chr16	132307	132664	DNA/TcMar-Tigger	4341	-	178	132485	58174
chr16	74311	274311	harbor2	chr16	132969	133223	DNA/TcMar-Tigger	1565	-	127	133096	58785
chr16	74311	274311	harbor2	chr16	133663	134201	DNA/TcMar-Tigger	3010	-	269	133932	59621
chr16	1648243	1848243	harbor2	chr16	1683879	1684209	DNA/TcMar-Tigger	1763	-	165	1684044	35801
chr16	57884877	58084877	harbor2	chr16	57891208	57891346	DNA/TcMar-Tigger	742	-	69	57891277	6400
chr16	57884877	58084877	harbor2	chr16	57891516	57891555	DNA/TcMar-Tigger	2526	-	20	57891536	6659
chr16	57884877	58084877	harbor2	chr16	57891852	57892329	DNA/TcMar-Tigger	2526	-	238	57892090	7213
chr16	67010382	67210382	harbor2	chr16	67039044	67039622	DNA/TcMar-Tigger	3128	-	289	67039333	28951
chr16	67010382	67210382	harbor2	chr16	67050347	67050512	DNA/TcMar-Tigger	1175	-	82	67050429	40047
chr16	67010382	67210382	harbor2	chr16	67050821	67051110	DNA/TcMar-Tigger	1175	-	144	67050965	40583
chr16	1352047	1552047	harbor2	chr16	1376689	1376862	DNA/TcMar-Tigger	605	-	86	1376775	24728
chr16	168997	368997	harbor2	chr16	204617	205184	DNA/TcMar-Tigger	3539	-	284	204901	35904
chr16	168997	368997	harbor2	chr16	205315	205436	DNA/TcMar-Tigger	3539	-	60	205375	36378
chr16	88052441	88252441	harbor2	chr16	88130317	88130464	DNA/TcMar-Tigger	1206	-	74	88130391	77950
chr16	88052441	88252441	harbor2	chr16	88130730	88131178	DNA/TcMar-Tigger	1206	-	224	88130954	78513
chr16	1606151	1806151	harbor2	chr16	1683879	1684209	DNA/TcMar-Tigger	1763	-	165	1684044	77893
chr16	2502166	2702166	harbor2	chr16	2544035	2544187	DNA/TcMar-Tigger	602	-	76	2544111	41945
chr16	67010350	67210350	harbor2	chr16	67039044	67039622	DNA/TcMar-Tigger	3128	-	289	67039333	28983
chr16	67010350	67210350	harbor2	chr16	67050347	67050512	DNA/TcMar-Tigger	1175	-	82	67050429	40079
chr16	67010350	67210350	harbor2	chr16	67050821	67051110	DNA/TcMar-Tigger	1175	-	144	67050965	40615
chr16	30330346	30530346	harbor2	chr16	30421981	30422229	DNA/TcMar-Tigger	1256	-	124	30422105	91759
chr16	81601	281601	harbor2	chr16	131621	131996	DNA/TcMar-Tigger	4341	-	188	131809	50208
chr16	81601	281601	harbor2	chr16	132307	132664	DNA/TcMar-Tigger	4341	-	178	132485	50884
chr16	81601	281601	harbor2	chr16	132969	133223	DNA/TcMar-Tigger	1565	-	127	133096	51495
chr16	81601	281601	harbor2	chr16	133663	134201	DNA/TcMar-Tigger	3010	-	269	133932	52331
chr16	82831292	83031292	harbor2	chr16	82874012	82874273	DNA/TcMar-Tigger	1049	-	130	82874142	42850
chr16	82831292	83031292	harbor2	chr16	82908688	82908817	DNA/TcMar-Tigger	1353	-	64	82908752	77460
chr16	82831292	83031292	harbor2	chr16	82909055	82909248	DNA/TcMar-Tigger	1353	-	96	82909151	77859
chr16	82831292	83031292	harbor2	chr16	82922868	82923071	DNA/TcMar-Tigger	939	-	102	82922970	91678
chr16	82831292	83031292	harbor2	chr16	82923051	82923216	DNA/TcMar-Tigger	954	-	82	82923133	91841
chr16	187322	387322	harbor2	chr16	204617	205184	DNA/TcMar-Tigger	3539	-	284	204901	17579
chr16	187322	387322	harbor2	chr16	205315	205436	DNA/TcMar-Tigger	3539	-	60	205375	18053
chr16	69105091	69305091	harbor2	chr16	69147562	69147870	DNA/TcMar-Tigger	1927	-	154	69147716	42625
chr16	86769708	86969708	harbor2	chr16	86835641	86835954	DNA/TcMar-Tigger	899	-	156	86835797	66089
chr16	67033235	67233235	harbor2	chr16	67039044	67039622	DNA/TcMar-Tigger	3128	-	289	67039333	6098
chr16	67033235	67233235	harbor2	chr16	67050347	67050512	DNA/TcMar-Tigger	1175	-	82	67050429	17194
chr16	67033235	67233235	harbor2	chr16	67050821	67051110	DNA/TcMar-Tigger	1175	-	144	67050965	17730
chr16	75364243	75564243	harbor2	chr16	75421813	75422088	DNA/TcMar-Tigger	1664	-	138	75421951	57708
chr16	94823	294823	harbor2	chr16	131621	131996	DNA/TcMar-Tigger	4341	-	188	131809	36986
chr16	94823	294823	harbor2	chr16	132307	132664	DNA/TcMar-Tigger	4341	-	178	132485	37662
chr16	94823	294823	harbor2	chr16	132969	133223	DNA/TcMar-Tigger	1565	-	127	133096	38273
chr16	94823	294823	harbor2	chr16	133663	134201	DNA/TcMar-Tigger	3010	-	269	133932	39109
chr17	7477694	7677694	harbor2	chr17	7517675	7517939	DNA/TcMar-Tigger	1031	-	132	7517807	40113
chr17	7477694	7677694	harbor2	chr17	7531865	7532033	DNA/TcMar-Tigger	885	-	84	7531949	54255
chr17	7477694	7677694	harbor2	chr17	7534349	7534511	DNA/TcMar-Tigger	1063	-	81	7534430	56736
chr17	7477694	7677694	harbor2	chr17	7534812	7534865	DNA/TcMar-Tigger	1063	-	26	7534838	57144
chr17	7493808	7693808	harbor2	chr17	7517675	7517939	DNA/TcMar-Tigger	1031	-	132	7517807	23999
chr17	7493808	7693808	harbor2	chr17	7531865	7532033	DNA/TcMar-Tigger	885	-	84	7531949	38141
chr17	7493808	7693808	harbor2	chr17	7534349	7534511	DNA/TcMar-Tigger	1063	-	81	7534430	40622
chr17	7493808	7693808	harbor2	chr17	7534812	7534865	DNA/TcMar-Tigger	1063	-	26	7534838	41030
chr17	7491992	7691992	harbor2	chr17	7517675	7517939	DNA/TcMar-Tigger	1031	-	132	7517807	25815
chr17	7491992	7691992	harbor2	chr17	7531865	7532033	DNA/TcMar-Tigger	885	-	84	7531949	39957
chr17	7491992	7691992	harbor2	chr17	7534349	7534511	DNA/TcMar-Tigger	1063	-	81	7534430	42438
chr17	7491992	7691992	harbor2	chr17	7534812	7534865	DNA/TcMar-Tigger	1063	-	26	7534838	42846
chr17	7477462	7677462	harbor2	chr17	7517675	7517939	DNA/TcMar-Tigger	1031	-	132	7517807	40345
chr17	7477462	7677462	harbor2	chr17	7531865	7532033	DNA/TcMar-Tigger	885	-	84	7531949	54487
chr17	7477462	7677462	harbor2	chr17	7534349	7534511	DNA/TcMar-Tigger	1063	-	81	7534430	56968
chr17	7477462	7677462	harbor2	chr17	7534812	7534865	DNA/TcMar-Tigger	1063	-	26	7534838	57376
chr17	57541742	57741742	harbor2	chr17	57613883	57614038	DNA/TcMar-Tigger	681	-	78	57613961	72219
chr17	57541742	57741742	harbor2	chr17	57614353	57614783	DNA/TcMar-Tigger	681	-	215	57614568	72826
chr17	7489435	7689435	harbor2	chr17	7517675	7517939	DNA/TcMar-Tigger	1031	-	132	7517807	28372
chr17	7489435	7689435	harbor2	chr17	7531865	7532033	DNA/TcMar-Tigger	885	-	84	7531949	42514
chr17	7489435	7689435	harbor2	chr17	7534349	7534511	DNA/TcMar-Tigger	1063	-	81	7534430	44995
chr17	7489435	7689435	harbor2	chr17	7534812	7534865	DNA/TcMar-Tigger	1063	-	26	7534838	45403
chr17	7475157	7675157	harbor2	chr17	7517675	7517939	DNA/TcMar-Tigger	1031	-	132	7517807	42650
chr17	7475157	7675157	harbor2	chr17	7531865	7532033	DNA/TcMar-Tigger	885	-	84	7531949	56792
chr17	7475157	7675157	harbor2	chr17	7534349	7534511	DNA/TcMar-Tigger	1063	-	81	7534430	59273
chr17	7475157	7675157	harbor2	chr17	7534812	7534865	DNA/TcMar-Tigger	1063	-	26	7534838	59681
chr17	68099330	68299330	harbor2	chr17	68123113	68123252	DNA/TcMar-Tigger	699	-	70	68123183	23853
chr17	68099330	68299330	harbor2	chr17	68139283	68139578	DNA/TcMar-Tigger	1042	-	148	68139431	40101
chr17	7462624	7662624	harbor2	chr17	7517675	7517939	DNA/TcMar-Tigger	1031	-	132	7517807	55183
chr17	7462624	7662624	harbor2	chr17	7531865	7532033	DNA/TcMar-Tigger	885	-	84	7531949	69325
chr17	7462624	7662624	harbor2	chr17	7534349	7534511	DNA/TcMar-Tigger	1063	-	81	7534430	71806
chr17	7462624	7662624	harbor2	chr17	7534812	7534865	DNA/TcMar-Tigger	1063	-	26	7534838	72214
chr17	44254078	44454078	harbor2	chr17	44289282	44289396	DNA/TcMar-Tigger	1326	-	57	44289339	35261
chr17	44254078	44454078	harbor2	chr17	44289685	44289817	DNA/TcMar-Tigger	1326	-	66	44289751	35673
chr17	44254078	44454078	harbor2	chr17	44346675	44346833	DNA/TcMar-Tigger	1062	-	79	44346754	92676
chr17	44254078	44454078	harbor2	chr17	44347145	44347230	DNA/TcMar-Tigger	1062	-	42	44347187	93109
chr17	72949343	73149343	harbor2	chr17	72982449	72982772	DNA/TcMar-Tigger	931	-	162	72982611	33268
chr17	33328761	33528761	harbor2	chr17	33415199	33415412	DNA/TcMar-Tigger	1017	-	106	33415305	86544
chr17	7514483	7714483	harbor2	chr17	7517675	7517939	DNA/TcMar-Tigger	1031	-	132	7517807	3324
chr17	7514483	7714483	harbor2	chr17	7531865	7532033	DNA/TcMar-Tigger	885	-	84	7531949	17466
chr17	7514483	7714483	harbor2	chr17	7534349	7534511	DNA/TcMar-Tigger	1063	-	81	7534430	19947
chr17	7514483	7714483	harbor2	chr17	7534812	7534865	DNA/TcMar-Tigger	1063	-	26	7534838	20355
chr17	7473235	7673235	harbor2	chr17	7517675	7517939	DNA/TcMar-Tigger	1031	-	132	7517807	44572
chr17	7473235	7673235	harbor2	chr17	7531865	7532033	DNA/TcMar-Tigger	885	-	84	7531949	58714
chr17	7473235	7673235	harbor2	chr17	7534349	7534511	DNA/TcMar-Tigger	1063	-	81	7534430	61195
chr17	7473235	7673235	harbor2	chr17	7534812	7534865	DNA/TcMar-Tigger	1063	-	26	7534838	61603
chr17	7489456	7689456	harbor2	chr17	7517675	7517939	DNA/TcMar-Tigger	1031	-	132	7517807	28351
chr17	7489456	7689456	harbor2	chr17	7531865	7532033	DNA/TcMar-Tigger	885	-	84	7531949	42493
chr17	7489456	7689456	harbor2	chr17	7534349	7534511	DNA/TcMar-Tigger	1063	-	81	7534430	44974
chr17	7489456	7689456	harbor2	chr17	7534812	7534865	DNA/TcMar-Tigger	1063	-	26	7534838	45382
chr17	76637927	76837927	harbor2	chr17	76652088	76652710	DNA/TcMar-Tigger	4082	-	311	76652399	14472
chr17	76637927	76837927	harbor2	chr17	76653343	76653539	DNA/TcMar-Tigger	1030	-	98	76653441	15514
chr17	79901503	80101503	harbor2	chr17	79973112	79973290	DNA/TcMar-Tigger	2234	-	89	79973201	71698
chr17	79901503	80101503	harbor2	chr17	79973875	79974238	DNA/TcMar-Tigger	2234	-	182	79974057	72554
chr17	79901503	80101503	harbor2	chr17	79974538	79974615	DNA/TcMar-Tigger	2234	-	38	79974576	73073
chr17	7463026	7663026	harbor2	chr17	7517675	7517939	DNA/TcMar-Tigger	1031	-	132	7517807	54781
chr17	7463026	7663026	harbor2	chr17	7531865	7532033	DNA/TcMar-Tigger	885	-	84	7531949	68923
chr17	7463026	7663026	harbor2	chr17	7534349	7534511	DNA/TcMar-Tigger	1063	-	81	7534430	71404
chr17	7463026	7663026	harbor2	chr17	7534812	7534865	DNA/TcMar-Tigger	1063	-	26	7534838	71812
chr17	64956034	65156034	harbor2	chr17	65031125	65031395	DNA/TcMar-Tigger	1269	-	135	65031260	75226
chr17	64956034	65156034	harbor2	chr17	65038041	65038122	DNA/TcMar-Tigger	2039	-	40	65038081	82047
chr17	64956034	65156034	harbor2	chr17	65038727	65039024	DNA/TcMar-Tigger	2039	-	148	65038875	82841
chr17	64956034	65156034	harbor2	chr17	65053128	65053445	DNA/TcMar-Tigger	1332	-	158	65053286	97252
chr17	7514239	7714239	harbor2	chr17	7517675	7517939	DNA/TcMar-Tigger	1031	-	132	7517807	3568
chr17	7514239	7714239	harbor2	chr17	7531865	7532033	DNA/TcMar-Tigger	885	-	84	7531949	17710
chr17	7514239	7714239	harbor2	chr17	7534349	7534511	DNA/TcMar-Tigger	1063	-	81	7534430	20191
chr17	7514239	7714239	harbor2	chr17	7534812	7534865	DNA/TcMar-Tigger	1063	-	26	7534838	20599
chr17	76638000	76838000	harbor2	chr17	76652088	76652710	DNA/TcMar-Tigger	4082	-	311	76652399	14399
chr17	76638000	76838000	harbor2	chr17	76653343	76653539	DNA/TcMar-Tigger	1030	-	98	76653441	15441
chr17	44256569	44456569	harbor2	chr17	44289282	44289396	DNA/TcMar-Tigger	1326	-	57	44289339	32770
chr17	44256569	44456569	harbor2	chr17	44289685	44289817	DNA/TcMar-Tigger	1326	-	66	44289751	33182
chr17	44256569	44456569	harbor2	chr17	44346675	44346833	DNA/TcMar-Tigger	1062	-	79	44346754	90185
chr17	44256569	44456569	harbor2	chr17	44347145	44347230	DNA/TcMar-Tigger	1062	-	42	44347187	90618
chr17	82774089	82974089	harbor2	chr17	82791746	82792020	DNA/TcMar-Tigger	1006	-	137	82791883	17794
chr17	7687290	7887290	harbor2	chr17	7773462	7773722	DNA/TcMar-Tigger	4174	-	130	7773592	86302
chr17	7687290	7887290	harbor2	chr17	7774030	7774498	DNA/TcMar-Tigger	4174	-	234	7774264	86974
chr17	7488100	7688100	harbor2	chr17	7517675	7517939	DNA/TcMar-Tigger	1031	-	132	7517807	29707
chr17	7488100	7688100	harbor2	chr17	7531865	7532033	DNA/TcMar-Tigger	885	-	84	7531949	43849
chr17	7488100	7688100	harbor2	chr17	7534349	7534511	DNA/TcMar-Tigger	1063	-	81	7534430	46330
chr17	7488100	7688100	harbor2	chr17	7534812	7534865	DNA/TcMar-Tigger	1063	-	26	7534838	46738
chr17	7477191	7677191	harbor2	chr17	7517675	7517939	DNA/TcMar-Tigger	1031	-	132	7517807	40616
chr17	7477191	7677191	harbor2	chr17	7531865	7532033	DNA/TcMar-Tigger	885	-	84	7531949	54758
chr17	7477191	7677191	harbor2	chr17	7534349	7534511	DNA/TcMar-Tigger	1063	-	81	7534430	57239
chr17	7477191	7677191	harbor2	chr17	7534812	7534865	DNA/TcMar-Tigger	1063	-	26	7534838	57647
chr17	80315303	80515303	harbor2	chr17	80321039	80321360	DNA/TcMar-Tigger	1770	-	160	80321199	5896
chr17	80315303	80515303	harbor2	chr17	80343431	80343747	DNA/TcMar-Tigger	1311	-	158	80343589	28286
chr17	7489503	7689503	harbor2	chr17	7517675	7517939	DNA/TcMar-Tigger	1031	-	132	7517807	28304
chr17	7489503	7689503	harbor2	chr17	7531865	7532033	DNA/TcMar-Tigger	885	-	84	7531949	42446
chr17	7489503	7689503	harbor2	chr17	7534349	7534511	DNA/TcMar-Tigger	1063	-	81	7534430	44927
chr17	7489503	7689503	harbor2	chr17	7534812	7534865	DNA/TcMar-Tigger	1063	-	26	7534838	45335
chr17	7526756	7726756	harbor2	chr17	7531865	7532033	DNA/TcMar-Tigger	885	-	84	7531949	5193
chr17	7526756	7726756	harbor2	chr17	7534349	7534511	DNA/TcMar-Tigger	1063	-	81	7534430	7674
chr17	7526756	7726756	harbor2	chr17	7534812	7534865	DNA/TcMar-Tigger	1063	-	26	7534838	8082
chr17	7461749	7661749	harbor2	chr17	7517675	7517939	DNA/TcMar-Tigger	1031	-	132	7517807	56058
chr17	7461749	7661749	harbor2	chr17	7531865	7532033	DNA/TcMar-Tigger	885	-	84	7531949	70200
chr17	7461749	7661749	harbor2	chr17	7534349	7534511	DNA/TcMar-Tigger	1063	-	81	7534430	72681
chr17	7461749	7661749	harbor2	chr17	7534812	7534865	DNA/TcMar-Tigger	1063	-	26	7534838	73089
chr17	7461773	7661773	harbor2	chr17	7517675	7517939	DNA/TcMar-Tigger	1031	-	132	7517807	56034
chr17	7461773	7661773	harbor2	chr17	7531865	7532033	DNA/TcMar-Tigger	885	-	84	7531949	70176
chr17	7461773	7661773	harbor2	chr17	7534349	7534511	DNA/TcMar-Tigger	1063	-	81	7534430	72657
chr17	7461773	7661773	harbor2	chr17	7534812	7534865	DNA/TcMar-Tigger	1063	-	26	7534838	73065
chr17	79354447	79554447	harbor2	chr17	79433735	79434355	DNA/TcMar-Tigger	3117	-	310	79434045	79598
chr17	77288798	77488798	harbor2	chr17	77337819	77337914	DNA/TcMar-Tigger	14491	-	48	77337867	49069
chr17	77288798	77488798	harbor2	chr17	77338214	77338406	DNA/TcMar-Tigger	14491	-	96	77338310	49512
chr17	77288798	77488798	harbor2	chr17	77338719	77339514	DNA/TcMar-Tigger	14491	-	398	77339117	50319
chr17	77288798	77488798	harbor2	chr17	77340441	77341494	DNA/TcMar-Tigger	14491	-	526	77340967	52169
chr17	77288798	77488798	harbor2	chr17	77342105	77342309	DNA/TcMar-Tigger	14491	-	102	77342207	53409
chr17	76485855	76685855	harbor2	chr17	76575880	76575962	DNA/TcMar-Tigger	1751	-	41	76575921	90066
chr17	76485855	76685855	harbor2	chr17	76576272	76576688	DNA/TcMar-Tigger	1751	-	208	76576480	90625
chr17	76485855	76685855	harbor2	chr17	76576986	76577045	DNA/TcMar-Tigger	1751	-	30	76577016	91161
chr17	76637998	76837998	harbor2	chr17	76652088	76652710	DNA/TcMar-Tigger	4082	-	311	76652399	14401
chr17	76637998	76837998	harbor2	chr17	76653343	76653539	DNA/TcMar-Tigger	1030	-	98	76653441	15443
chr17	61827976	62027976	harbor2	chr17	61904782	61904946	DNA/TcMar-Tigger	1821	-	82	61904864	76888
chr17	61827976	62027976	harbor2	chr17	61905241	61905323	DNA/TcMar-Tigger	1821	-	41	61905282	77306
chr17	61827976	62027976	harbor2	chr17	61905626	61905688	DNA/TcMar-Tigger	1821	-	31	61905657	77681
chr17	61827976	62027976	harbor2	chr17	61905997	61906638	DNA/TcMar-Tigger	1821	-	320	61906317	78341
chr17	64956160	65156160	harbor2	chr17	65031125	65031395	DNA/TcMar-Tigger	1269	-	135	65031260	75100
chr17	64956160	65156160	harbor2	chr17	65038041	65038122	DNA/TcMar-Tigger	2039	-	40	65038081	81921
chr17	64956160	65156160	harbor2	chr17	65038727	65039024	DNA/TcMar-Tigger	2039	-	148	65038875	82715
chr17	64956160	65156160	harbor2	chr17	65053128	65053445	DNA/TcMar-Tigger	1332	-	158	65053286	97126
chr17	7463028	7663028	harbor2	chr17	7517675	7517939	DNA/TcMar-Tigger	1031	-	132	7517807	54779
chr17	7463028	7663028	harbor2	chr17	7531865	7532033	DNA/TcMar-Tigger	885	-	84	7531949	68921
chr17	7463028	7663028	harbor2	chr17	7534349	7534511	DNA/TcMar-Tigger	1063	-	81	7534430	71402
chr17	7463028	7663028	harbor2	chr17	7534812	7534865	DNA/TcMar-Tigger	1063	-	26	7534838	71810
chr17	76637250	76837250	harbor2	chr17	76652088	76652710	DNA/TcMar-Tigger	4082	-	311	76652399	15149
chr17	76637250	76837250	harbor2	chr17	76653343	76653539	DNA/TcMar-Tigger	1030	-	98	76653441	16191
chr17	76300002	76500002	harbor2	chr17	76312082	76312158	DNA/TcMar-Tigger	1085	-	38	76312120	12118
chr17	76300002	76500002	harbor2	chr17	76312452	76312714	DNA/TcMar-Tigger	1085	-	131	76312583	12581
chr17	7474761	7674761	harbor2	chr17	7517675	7517939	DNA/TcMar-Tigger	1031	-	132	7517807	43046
chr17	7474761	7674761	harbor2	chr17	7531865	7532033	DNA/TcMar-Tigger	885	-	84	7531949	57188
chr17	7474761	7674761	harbor2	chr17	7534349	7534511	DNA/TcMar-Tigger	1063	-	81	7534430	59669
chr17	7474761	7674761	harbor2	chr17	7534812	7534865	DNA/TcMar-Tigger	1063	-	26	7534838	60077
chr17	68036281	68236281	harbor2	chr17	68123113	68123252	DNA/TcMar-Tigger	699	-	70	68123183	86902
chr17	29472983	29672983	harbor2	chr17	29472875	29473353	DNA/TcMar-Tigger	13208	-	239	29473114	131
chr17	29472983	29672983	harbor2	chr17	29473613	29473715	DNA/TcMar-Tigger	13208	-	51	29473664	681
chr17	29472983	29672983	harbor2	chr17	29476612	29476842	DNA/TcMar-Tigger	831	-	115	29476727	3744
chr17	29472983	29672983	harbor2	chr17	29477145	29477227	DNA/TcMar-Tigger	831	-	41	29477186	4203
chr17	29472983	29672983	harbor2	chr17	29488087	29488288	DNA/TcMar-Tigger	1031	-	100	29488187	15204
chr17	29472983	29672983	harbor2	chr17	29488610	29488726	DNA/TcMar-Tigger	1031	-	58	29488668	15685
chr17	29472983	29672983	harbor2	chr17	29474035	29474918	DNA/TcMar-Tigger	13208	-	442	29474477	1494
chr17	9859773	10059773	harbor2	chr17	9903673	9903957	DNA/TcMar-Tigger	3380	-	142	9903815	44042
chr17	9859773	10059773	harbor2	chr17	9904263	9904566	DNA/TcMar-Tigger	3380	-	152	9904415	44642
chr17	39497259	39697259	harbor2	chr17	39508020	39508262	DNA/TcMar-Tigger	984	-	121	39508141	10882
chr17	69432886	69632886	harbor2	chr17	69436712	69436810	DNA/TcMar-Tigger	2470	-	49	69436761	3875
chr17	69432886	69632886	harbor2	chr17	69437124	69437487	DNA/TcMar-Tigger	2470	-	182	69437306	4420
chr17	76637984	76837984	harbor2	chr17	76652088	76652710	DNA/TcMar-Tigger	4082	-	311	76652399	14415
chr17	76637984	76837984	harbor2	chr17	76653343	76653539	DNA/TcMar-Tigger	1030	-	98	76653441	15457
chr17	7488084	7688084	harbor2	chr17	7517675	7517939	DNA/TcMar-Tigger	1031	-	132	7517807	29723
chr17	7488084	7688084	harbor2	chr17	7531865	7532033	DNA/TcMar-Tigger	885	-	84	7531949	43865
chr17	7488084	7688084	harbor2	chr17	7534349	7534511	DNA/TcMar-Tigger	1063	-	81	7534430	46346
chr17	7488084	7688084	harbor2	chr17	7534812	7534865	DNA/TcMar-Tigger	1063	-	26	7534838	46754
chr17	2838078	3038078	harbor2	chr17	2881282	2881380	DNA/TcMar-Tigger	601	-	49	2881331	43253
chr17	2838639	3038639	harbor2	chr17	2881282	2881380	DNA/TcMar-Tigger	601	-	49	2881331	42692
chr17	7758049	7958049	harbor2	chr17	7773462	7773722	DNA/TcMar-Tigger	4174	-	130	7773592	15543
chr17	7758049	7958049	harbor2	chr17	7774030	7774498	DNA/TcMar-Tigger	4174	-	234	7774264	16215
chr17	7758049	7958049	harbor2	chr17	7802404	7802658	DNA/TcMar-Tigger	2074	-	127	7802531	44482
chr17	7758049	7958049	harbor2	chr17	7802971	7803037	DNA/TcMar-Tigger	2074	-	33	7803004	44955
chr17	76638206	76838206	harbor2	chr17	76652088	76652710	DNA/TcMar-Tigger	4082	-	311	76652399	14193
chr17	76638206	76838206	harbor2	chr17	76653343	76653539	DNA/TcMar-Tigger	1030	-	98	76653441	15235
chr17	7461827	7661827	harbor2	chr17	7517675	7517939	DNA/TcMar-Tigger	1031	-	132	7517807	55980
chr17	7461827	7661827	harbor2	chr17	7531865	7532033	DNA/TcMar-Tigger	885	-	84	7531949	70122
chr17	7461827	7661827	harbor2	chr17	7534349	7534511	DNA/TcMar-Tigger	1063	-	81	7534430	72603
chr17	7461827	7661827	harbor2	chr17	7534812	7534865	DNA/TcMar-Tigger	1063	-	26	7534838	73011
chr17	32776669	32976669	harbor2	chr17	32804026	32804348	DNA/TcMar-Tigger	1704	-	161	32804187	27518
chr17	31389658	31589658	harbor2	chr17	31460591	31460710	DNA/TcMar-Tigger	614	-	60	31460651	70993
chr17	40257161	40457161	harbor2	chr17	40290556	40290652	DNA/TcMar-Tigger	676	-	48	40290604	33443
chr17	40257161	40457161	harbor2	chr17	40290651	40290864	DNA/TcMar-Tigger	1108	-	106	40290757	33596
chr17	82984138	83184138	harbor2	chr17	82999414	82999939	DNA/TcMar-Tigger	3428	-	262	82999676	15538
chr17	82984138	83184138	harbor2	chr17	83000261	83000793	DNA/TcMar-Tigger	2267	-	266	83000527	16389
chr17	76638125	76838125	harbor2	chr17	76652088	76652710	DNA/TcMar-Tigger	4082	-	311	76652399	14274
chr17	76638125	76838125	harbor2	chr17	76653343	76653539	DNA/TcMar-Tigger	1030	-	98	76653441	15316
chr17	2902561	3102561	harbor2	chr17	2977907	2978633	DNA/TcMar-Tigger	4070	-	363	2978270	75709
chr17	60049882	60249882	harbor2	chr17	60126296	60126633	DNA/TcMar-Tigger	1765	-	168	60126464	76582
chr17	39843014	40043014	harbor2	chr17	39884229	39884429	DNA/TcMar-Tigger	837	-	100	39884329	41315
chr17	27992414	28192414	harbor2	chr17	28008849	28009341	DNA/TcMar-Tigger	1265	-	246	28009095	16681
chr17	78759349	78959349	harbor2	chr17	78763430	78763768	DNA/TcMar-Tigger	1617	-	169	78763599	4250
chr17	7464666	7664666	harbor2	chr17	7517675	7517939	DNA/TcMar-Tigger	1031	-	132	7517807	53141
chr17	7464666	7664666	harbor2	chr17	7531865	7532033	DNA/TcMar-Tigger	885	-	84	7531949	67283
chr17	7464666	7664666	harbor2	chr17	7534349	7534511	DNA/TcMar-Tigger	1063	-	81	7534430	69764
chr17	7464666	7664666	harbor2	chr17	7534812	7534865	DNA/TcMar-Tigger	1063	-	26	7534838	70172
chr17	76284849	76484849	harbor2	chr17	76312082	76312158	DNA/TcMar-Tigger	1085	-	38	76312120	27271
chr17	76284849	76484849	harbor2	chr17	76312452	76312714	DNA/TcMar-Tigger	1085	-	131	76312583	27734
chr17	7472460	7672460	harbor2	chr17	7517675	7517939	DNA/TcMar-Tigger	1031	-	132	7517807	45347
chr17	7472460	7672460	harbor2	chr17	7531865	7532033	DNA/TcMar-Tigger	885	-	84	7531949	59489
chr17	7472460	7672460	harbor2	chr17	7534349	7534511	DNA/TcMar-Tigger	1063	-	81	7534430	61970
chr17	7472460	7672460	harbor2	chr17	7534812	7534865	DNA/TcMar-Tigger	1063	-	26	7534838	62378
chr17	76638040	76838040	harbor2	chr17	76652088	76652710	DNA/TcMar-Tigger	4082	-	311	76652399	14359
chr17	76638040	76838040	harbor2	chr17	76653343	76653539	DNA/TcMar-Tigger	1030	-	98	76653441	15401
chr17	76637975	76837975	harbor2	chr17	76652088	76652710	DNA/TcMar-Tigger	4082	-	311	76652399	14424
chr17	76637975	76837975	harbor2	chr17	76653343	76653539	DNA/TcMar-Tigger	1030	-	98	76653441	15466
chr17	7461796	7661796	harbor2	chr17	7517675	7517939	DNA/TcMar-Tigger	1031	-	132	7517807	56011
chr17	7461796	7661796	harbor2	chr17	7531865	7532033	DNA/TcMar-Tigger	885	-	84	7531949	70153
chr17	7461796	7661796	harbor2	chr17	7534349	7534511	DNA/TcMar-Tigger	1063	-	81	7534430	72634
chr17	7461796	7661796	harbor2	chr17	7534812	7534865	DNA/TcMar-Tigger	1063	-	26	7534838	73042
chr17	82704034	82904034	harbor2	chr17	82791746	82792020	DNA/TcMar-Tigger	1006	-	137	82791883	87849
chr17	7472419	7672419	harbor2	chr17	7517675	7517939	DNA/TcMar-Tigger	1031	-	132	7517807	45388
chr17	7472419	7672419	harbor2	chr17	7531865	7532033	DNA/TcMar-Tigger	885	-	84	7531949	59530
chr17	7472419	7672419	harbor2	chr17	7534349	7534511	DNA/TcMar-Tigger	1063	-	81	7534430	62011
chr17	7472419	7672419	harbor2	chr17	7534812	7534865	DNA/TcMar-Tigger	1063	-	26	7534838	62419
chr17	63601376	63801376	harbor2	chr17	63667556	63667862	DNA/TcMar-Tigger	1375	-	153	63667709	66333
chr17	63601376	63801376	harbor2	chr17	63683620	63683876	DNA/TcMar-Tigger	1746	-	128	63683748	82372
chr17	63601376	63801376	harbor2	chr17	63684145	63684650	DNA/TcMar-Tigger	1746	-	252	63684397	83021
chr17	78755779	78955779	harbor2	chr17	78763430	78763768	DNA/TcMar-Tigger	1617	-	169	78763599	7820
chr17	78989193	79189193	harbor2	chr17	79056755	79056868	DNA/TcMar-Tigger	624	-	56	79056811	67618
chr17	62850959	63050959	harbor2	chr17	62877593	62877721	DNA/TcMar-Tigger	2499	-	64	62877657	26698
chr17	62850959	63050959	harbor2	chr17	62878075	62878680	DNA/TcMar-Tigger	2499	-	302	62878377	27418
chr17	2236511	2436511	harbor2	chr17	2324971	2325180	DNA/TcMar-Tigger	879	-	104	2325075	88564
chr17	78032233	78232233	harbor2	chr17	78053908	78054312	DNA/TcMar-Tigger	2690	-	202	78054110	21877
chr17	78032233	78232233	harbor2	chr17	78055057	78055617	DNA/TcMar-Tigger	1861	-	280	78055337	23104
chr17	78032233	78232233	harbor2	chr17	78062778	78062963	DNA/TcMar-Tigger	1641	-	92	78062870	30637
chr17	78032233	78232233	harbor2	chr17	78063287	78063496	DNA/TcMar-Tigger	1641	-	104	78063391	31158
chr17	78032233	78232233	harbor2	chr17	78073585	78073781	DNA/TcMar-Tigger	1409	-	98	78073683	41450
chr17	78032233	78232233	harbor2	chr17	78073788	78074432	DNA/TcMar-Tigger	3218	-	322	78074110	41877
chr17	62166308	62366308	harbor2	chr17	62222220	62222396	DNA/TcMar-Tigger	1482	-	88	62222308	56000
chr17	62166308	62366308	harbor2	chr17	62222687	62222804	DNA/TcMar-Tigger	1462	-	58	62222745	56437
chr17	76637901	76837901	harbor2	chr17	76652088	76652710	DNA/TcMar-Tigger	4082	-	311	76652399	14498
chr17	76637901	76837901	harbor2	chr17	76653343	76653539	DNA/TcMar-Tigger	1030	-	98	76653441	15540
chr17	57768134	57968134	harbor2	chr17	57799274	57799656	DNA/TcMar-Tigger	2219	-	191	57799465	31331
chr17	7472691	7672691	harbor2	chr17	7517675	7517939	DNA/TcMar-Tigger	1031	-	132	7517807	45116
chr17	7472691	7672691	harbor2	chr17	7531865	7532033	DNA/TcMar-Tigger	885	-	84	7531949	59258
chr17	7472691	7672691	harbor2	chr17	7534349	7534511	DNA/TcMar-Tigger	1063	-	81	7534430	61739
chr17	7472691	7672691	harbor2	chr17	7534812	7534865	DNA/TcMar-Tigger	1063	-	26	7534838	62147
chr17	76485858	76685858	harbor2	chr17	76575880	76575962	DNA/TcMar-Tigger	1751	-	41	76575921	90063
chr17	76485858	76685858	harbor2	chr17	76576272	76576688	DNA/TcMar-Tigger	1751	-	208	76576480	90622
chr17	76485858	76685858	harbor2	chr17	76576986	76577045	DNA/TcMar-Tigger	1751	-	30	76577016	91158
chr17	7465556	7665556	harbor2	chr17	7517675	7517939	DNA/TcMar-Tigger	1031	-	132	7517807	52251
chr17	7465556	7665556	harbor2	chr17	7531865	7532033	DNA/TcMar-Tigger	885	-	84	7531949	66393
chr17	7465556	7665556	harbor2	chr17	7534349	7534511	DNA/TcMar-Tigger	1063	-	81	7534430	68874
chr17	7465556	7665556	harbor2	chr17	7534812	7534865	DNA/TcMar-Tigger	1063	-	26	7534838	69282
chr17	47195622	47395622	harbor2	chr17	47213304	47213593	DNA/TcMar-Tigger	1231	-	144	47213448	17826
chr17	78032333	78232333	harbor2	chr17	78053908	78054312	DNA/TcMar-Tigger	2690	-	202	78054110	21777
chr17	78032333	78232333	harbor2	chr17	78055057	78055617	DNA/TcMar-Tigger	1861	-	280	78055337	23004
chr17	78032333	78232333	harbor2	chr17	78062778	78062963	DNA/TcMar-Tigger	1641	-	92	78062870	30537
chr17	78032333	78232333	harbor2	chr17	78063287	78063496	DNA/TcMar-Tigger	1641	-	104	78063391	31058
chr17	78032333	78232333	harbor2	chr17	78073585	78073781	DNA/TcMar-Tigger	1409	-	98	78073683	41350
chr17	78032333	78232333	harbor2	chr17	78073788	78074432	DNA/TcMar-Tigger	3218	-	322	78074110	41777
chr17	76637232	76837232	harbor2	chr17	76652088	76652710	DNA/TcMar-Tigger	4082	-	311	76652399	15167
chr17	76637232	76837232	harbor2	chr17	76653343	76653539	DNA/TcMar-Tigger	1030	-	98	76653441	16209
chr17	17071294	17271294	harbor2	chr17	17121115	17121362	DNA/TcMar-Tigger	1090	-	124	17121239	49945
chr17	27233081	27433081	harbor2	chr17	27284249	27284388	DNA/TcMar-Tigger	830	-	70	27284319	51238
chr17	27233081	27433081	harbor2	chr17	27284694	27284744	DNA/TcMar-Tigger	830	-	25	27284719	51638
chr17	27233081	27433081	harbor2	chr17	27288352	27288530	DNA/TcMar-Tigger	1879	-	89	27288441	55360
chr17	27233081	27433081	harbor2	chr17	27288815	27288869	DNA/TcMar-Tigger	1879	-	27	27288842	55761
chr17	27233081	27433081	harbor2	chr17	27289155	27289287	DNA/TcMar-Tigger	1879	-	66	27289221	56140
chr18	26129359	26329359	harbor2	chr18	26217788	26218434	DNA/TcMar-Tigger	3632	-	323	26218111	88752
chr18	79580641	79780641	harbor2	chr18	79658248	79660550	DNA/TcMar-Tigger	13034	-	1151	79659399	78758
chr18	79580641	79780641	harbor2	chr18	79675126	79675430	DNA/TcMar-Tigger	1518	-	152	79675278	94637
chr18	26126451	26326451	harbor2	chr18	26217788	26218434	DNA/TcMar-Tigger	3632	-	323	26218111	91660
chr18	76341268	76541268	harbor2	chr18	76435354	76435563	DNA/TcMar-Tigger	576	-	104	76435458	94190
chr18	76341268	76541268	harbor2	chr18	76437577	76437890	DNA/TcMar-Tigger	1557	-	156	76437733	96465
chr18	26128509	26328509	harbor2	chr18	26217788	26218434	DNA/TcMar-Tigger	3632	-	323	26218111	89602
chr18	26126452	26326452	harbor2	chr18	26217788	26218434	DNA/TcMar-Tigger	3632	-	323	26218111	91659
chr18	26128609	26328609	harbor2	chr18	26217788	26218434	DNA/TcMar-Tigger	3632	-	323	26218111	89502
chr18	26126723	26326723	harbor2	chr18	26217788	26218434	DNA/TcMar-Tigger	3632	-	323	26218111	91388
chr18	26192379	26392379	harbor2	chr18	26217788	26218434	DNA/TcMar-Tigger	3632	-	323	26218111	25732
chr18	26192379	26392379	harbor2	chr18	26282318	26283768	DNA/TcMar-Tigger	11202	-	725	26283043	90664
chr18	26192379	26392379	harbor2	chr18	26284069	26284480	DNA/TcMar-Tigger	11202	-	206	26284275	91896
chr18	26127358	26327358	harbor2	chr18	26217788	26218434	DNA/TcMar-Tigger	3632	-	323	26218111	90753
chr18	79329731	79529731	harbor2	chr18	79331915	79332147	DNA/TcMar-Tigger	2237	-	116	79332031	2300
chr18	79329731	79529731	harbor2	chr18	79332449	79332663	DNA/TcMar-Tigger	2237	-	107	79332556	2825
chr18	76338499	76538499	harbor2	chr18	76435354	76435563	DNA/TcMar-Tigger	576	-	104	76435458	96959
chr18	76338499	76538499	harbor2	chr18	76437577	76437890	DNA/TcMar-Tigger	1557	-	156	76437733	99234
chr18	63267857	63467857	harbor2	chr18	63300539	63300860	DNA/TcMar-Tigger	834	-	160	63300699	32842
chr18	63267857	63467857	harbor2	chr18	63309717	63309845	DNA/TcMar-Tigger	730	-	64	63309781	41924
chr18	63267857	63467857	harbor2	chr18	63329194	63329512	DNA/TcMar-Tigger	1019	-	159	63329353	61496
chr18	74439385	74639385	harbor2	chr18	74451860	74452207	DNA/TcMar-Tigger	1834	-	174	74452034	12649
chr18	74439385	74639385	harbor2	chr18	74498140	74498462	DNA/TcMar-Tigger	1675	-	161	74498301	58916
chr18	79580658	79780658	harbor2	chr18	79658248	79660550	DNA/TcMar-Tigger	13034	-	1151	79659399	78741
chr18	79580658	79780658	harbor2	chr18	79675126	79675430	DNA/TcMar-Tigger	1518	-	152	79675278	94620
chr18	79297907	79497907	harbor2	chr18	79304349	79304558	DNA/TcMar-Tigger	1066	-	104	79304453	6546
chr18	79297907	79497907	harbor2	chr18	79331915	79332147	DNA/TcMar-Tigger	2237	-	116	79332031	34124
chr18	79297907	79497907	harbor2	chr18	79332449	79332663	DNA/TcMar-Tigger	2237	-	107	79332556	34649
chr18	26155998	26355998	harbor2	chr18	26217788	26218434	DNA/TcMar-Tigger	3632	-	323	26218111	62113
chr18	24500243	24700243	harbor2	chr18	24582562	24582874	DNA/TcMar-Tigger	1986	-	156	24582718	82475
chr18	26127435	26327435	harbor2	chr18	26217788	26218434	DNA/TcMar-Tigger	3632	-	323	26218111	90676
chr18	78878892	79078892	harbor2	chr18	78918319	78918722	DNA/TcMar-Tigger	1013	-	202	78918521	39629
chr18	78878892	79078892	harbor2	chr18	78959060	78961464	DNA/TcMar-Tigger	13496	-	1202	78960262	81370
chr18	62778589	62978589	harbor2	chr18	62807502	62808075	DNA/TcMar-Tigger	3300	-	286	62807788	29199
chr18	62778589	62978589	harbor2	chr18	62810387	62810729	DNA/TcMar-Tigger	1917	-	171	62810558	31969
chr18	62778589	62978589	harbor2	chr18	62812212	62812401	DNA/TcMar-Tigger	521	-	94	62812306	33717
chr18	62778589	62978589	harbor2	chr18	62859927	62860291	DNA/TcMar-Tigger	1398	-	182	62860109	81520
chr18	62778589	62978589	harbor2	chr18	62873733	62873902	DNA/TcMar-Tigger	2606	-	84	62873817	95228
chr18	62778589	62978589	harbor2	chr18	62874201	62874225	DNA/TcMar-Tigger	2606	-	12	62874213	95624
chr18	62778589	62978589	harbor2	chr18	62874526	62874657	DNA/TcMar-Tigger	2606	-	66	62874592	96003
chr18	62778589	62978589	harbor2	chr18	62874693	62874926	DNA/TcMar-Tigger	2606	-	116	62874809	96220
chr19	49751330	49951330	harbor2	chr19	49778142	49778300	DNA/TcMar-Tigger	1382	-	79	49778221	26891
chr19	49751330	49951330	harbor2	chr19	49778601	49778765	DNA/TcMar-Tigger	1382	-	82	49778683	27353
chr19	49751330	49951330	harbor2	chr19	49847561	49847628	DNA/TcMar-Tigger	833	-	34	49847595	96265
chr19	49751330	49951330	harbor2	chr19	49847982	49848095	DNA/TcMar-Tigger	833	-	56	49848038	96708
chr19	49751330	49951330	harbor2	chr19	49848388	49848565	DNA/TcMar-Tigger	833	-	88	49848476	97146
chr19	49751330	49951330	harbor2	chr19	49848862	49848954	DNA/TcMar-Tigger	833	-	46	49848908	97578
chr19	10869257	11069257	harbor2	chr19	10965537	10965806	DNA/TcMar-Tigger	1480	-	134	10965671	96414
chr19	49752226	49952226	harbor2	chr19	49778142	49778300	DNA/TcMar-Tigger	1382	-	79	49778221	25995
chr19	49752226	49952226	harbor2	chr19	49778601	49778765	DNA/TcMar-Tigger	1382	-	82	49778683	26457
chr19	49752226	49952226	harbor2	chr19	49847561	49847628	DNA/TcMar-Tigger	833	-	34	49847595	95369
chr19	49752226	49952226	harbor2	chr19	49847982	49848095	DNA/TcMar-Tigger	833	-	56	49848038	95812
chr19	49752226	49952226	harbor2	chr19	49848388	49848565	DNA/TcMar-Tigger	833	-	88	49848476	96250
chr19	49752226	49952226	harbor2	chr19	49848862	49848954	DNA/TcMar-Tigger	833	-	46	49848908	96682
chr19	9993299	10193299	harbor2	chr19	9994609	9994907	DNA/TcMar-Tigger	1850	-	149	9994758	1459
chr19	9993299	10193299	harbor2	chr19	9995208	9995243	DNA/TcMar-Tigger	1850	-	18	9995226	1927
chr19	2800670	3000670	harbor2	chr19	2809075	2809480	DNA/TcMar-Tigger	1009	-	202	2809277	8607
chr19	5590893	5790893	harbor2	chr19	5628304	5628592	DNA/TcMar-Tigger	1163	-	144	5628448	37555
chr19	5590893	5790893	harbor2	chr19	5660129	5660304	DNA/TcMar-Tigger	824	-	88	5660217	69324
chr19	5595790	5795790	harbor2	chr19	5628304	5628592	DNA/TcMar-Tigger	1163	-	144	5628448	32658
chr19	5595790	5795790	harbor2	chr19	5660129	5660304	DNA/TcMar-Tigger	824	-	88	5660217	64427
chr19	49752043	49952043	harbor2	chr19	49778142	49778300	DNA/TcMar-Tigger	1382	-	79	49778221	26178
chr19	49752043	49952043	harbor2	chr19	49778601	49778765	DNA/TcMar-Tigger	1382	-	82	49778683	26640
chr19	49752043	49952043	harbor2	chr19	49847561	49847628	DNA/TcMar-Tigger	833	-	34	49847595	95552
chr19	49752043	49952043	harbor2	chr19	49847982	49848095	DNA/TcMar-Tigger	833	-	56	49848038	95995
chr19	49752043	49952043	harbor2	chr19	49848388	49848565	DNA/TcMar-Tigger	833	-	88	49848476	96433
chr19	49752043	49952043	harbor2	chr19	49848862	49848954	DNA/TcMar-Tigger	833	-	46	49848908	96865
chr19	48530447	48730447	harbor2	chr19	48535375	48535508	DNA/TcMar-Tigger	636	-	66	48535441	4994
chr19	48530447	48730447	harbor2	chr19	48536333	48536535	DNA/TcMar-Tigger	1244	-	101	48536434	5987
chr19	49758607	49958607	harbor2	chr19	49778142	49778300	DNA/TcMar-Tigger	1382	-	79	49778221	19614
chr19	49758607	49958607	harbor2	chr19	49778601	49778765	DNA/TcMar-Tigger	1382	-	82	49778683	20076
chr19	49758607	49958607	harbor2	chr19	49847561	49847628	DNA/TcMar-Tigger	833	-	34	49847595	88988
chr19	49758607	49958607	harbor2	chr19	49847982	49848095	DNA/TcMar-Tigger	833	-	56	49848038	89431
chr19	49758607	49958607	harbor2	chr19	49848388	49848565	DNA/TcMar-Tigger	833	-	88	49848476	89869
chr19	49758607	49958607	harbor2	chr19	49848862	49848954	DNA/TcMar-Tigger	833	-	46	49848908	90301
chr19	36428735	36628735	harbor2	chr19	36492451	36492618	DNA/TcMar-Tigger	3284	-	84	36492535	63800
chr19	36428735	36628735	harbor2	chr19	36493611	36493988	DNA/TcMar-Tigger	3284	-	188	36493799	65064
chr19	36428735	36628735	harbor2	chr19	36526167	36526259	DNA/TcMar-Tigger	1647	-	46	36526213	97478
chr19	36428735	36628735	harbor2	chr19	36526557	36526811	DNA/TcMar-Tigger	1647	-	127	36526684	97949
chr19	49753274	49953274	harbor2	chr19	49778142	49778300	DNA/TcMar-Tigger	1382	-	79	49778221	24947
chr19	49753274	49953274	harbor2	chr19	49778601	49778765	DNA/TcMar-Tigger	1382	-	82	49778683	25409
chr19	49753274	49953274	harbor2	chr19	49847561	49847628	DNA/TcMar-Tigger	833	-	34	49847595	94321
chr19	49753274	49953274	harbor2	chr19	49847982	49848095	DNA/TcMar-Tigger	833	-	56	49848038	94764
chr19	49753274	49953274	harbor2	chr19	49848388	49848565	DNA/TcMar-Tigger	833	-	88	49848476	95202
chr19	49753274	49953274	harbor2	chr19	49848862	49848954	DNA/TcMar-Tigger	833	-	46	49848908	95634
chr19	56021004	56221004	harbor2	chr19	56041314	56041666	DNA/TcMar-Tigger	2173	-	176	56041490	20486
chr19	56021004	56221004	harbor2	chr19	56041972	56042234	DNA/TcMar-Tigger	2173	-	131	56042103	21099
chr19	56021004	56221004	harbor2	chr19	56060364	56060562	DNA/TcMar-Tigger	1096	-	99	56060463	39459
chr19	56021004	56221004	harbor2	chr19	56072844	56073213	DNA/TcMar-Tigger	3965	-	184	56073028	52024
chr19	56021004	56221004	harbor2	chr19	56073513	56073582	DNA/TcMar-Tigger	3965	-	34	56073547	52543
chr19	56021004	56221004	harbor2	chr19	56073894	56074255	DNA/TcMar-Tigger	3965	-	180	56074074	53070
chr19	56021004	56221004	harbor2	chr19	56074549	56074624	DNA/TcMar-Tigger	3965	-	38	56074587	53583
chr19	56021004	56221004	harbor2	chr19	56075122	56075320	DNA/TcMar-Tigger	715	-	99	56075221	54217
chr19	49752476	49952476	harbor2	chr19	49778142	49778300	DNA/TcMar-Tigger	1382	-	79	49778221	25745
chr19	49752476	49952476	harbor2	chr19	49778601	49778765	DNA/TcMar-Tigger	1382	-	82	49778683	26207
chr19	49752476	49952476	harbor2	chr19	49847561	49847628	DNA/TcMar-Tigger	833	-	34	49847595	95119
chr19	49752476	49952476	harbor2	chr19	49847982	49848095	DNA/TcMar-Tigger	833	-	56	49848038	95562
chr19	49752476	49952476	harbor2	chr19	49848388	49848565	DNA/TcMar-Tigger	833	-	88	49848476	96000
chr19	49752476	49952476	harbor2	chr19	49848862	49848954	DNA/TcMar-Tigger	833	-	46	49848908	96432
chr19	49752191	49952191	harbor2	chr19	49778142	49778300	DNA/TcMar-Tigger	1382	-	79	49778221	26030
chr19	49752191	49952191	harbor2	chr19	49778601	49778765	DNA/TcMar-Tigger	1382	-	82	49778683	26492
chr19	49752191	49952191	harbor2	chr19	49847561	49847628	DNA/TcMar-Tigger	833	-	34	49847595	95404
chr19	49752191	49952191	harbor2	chr19	49847982	49848095	DNA/TcMar-Tigger	833	-	56	49848038	95847
chr19	49752191	49952191	harbor2	chr19	49848388	49848565	DNA/TcMar-Tigger	833	-	88	49848476	96285
chr19	49752191	49952191	harbor2	chr19	49848862	49848954	DNA/TcMar-Tigger	833	-	46	49848908	96717
chr19	55187173	55387173	harbor2	chr19	55232850	55233147	DNA/TcMar-Tigger	1540	-	148	55232998	45825
chr19	49290589	49490589	harbor2	chr19	49379046	49379217	DNA/TcMar-Tigger	1035	-	86	49379132	88543
chr19	49290589	49490589	harbor2	chr19	49379519	49379600	DNA/TcMar-Tigger	1035	-	40	49379559	88970
chr19	50588275	50788275	harbor2	chr19	50683365	50683883	DNA/TcMar-Tigger	2736	-	259	50683624	95349
chr19	49752678	49952678	harbor2	chr19	49778142	49778300	DNA/TcMar-Tigger	1382	-	79	49778221	25543
chr19	49752678	49952678	harbor2	chr19	49778601	49778765	DNA/TcMar-Tigger	1382	-	82	49778683	26005
chr19	49752678	49952678	harbor2	chr19	49847561	49847628	DNA/TcMar-Tigger	833	-	34	49847595	94917
chr19	49752678	49952678	harbor2	chr19	49847982	49848095	DNA/TcMar-Tigger	833	-	56	49848038	95360
chr19	49752678	49952678	harbor2	chr19	49848388	49848565	DNA/TcMar-Tigger	833	-	88	49848476	95798
chr19	49752678	49952678	harbor2	chr19	49848862	49848954	DNA/TcMar-Tigger	833	-	46	49848908	96230
chr19	12672571	12872571	harbor2	chr19	12703984	12704083	DNA/TcMar-Tigger	1661	-	50	12704034	31463
chr19	12672571	12872571	harbor2	chr19	12704375	12704641	DNA/TcMar-Tigger	1661	-	133	12704508	31937
chr19	48529547	48729547	harbor2	chr19	48535375	48535508	DNA/TcMar-Tigger	636	-	66	48535441	5894
chr19	48529547	48729547	harbor2	chr19	48536333	48536535	DNA/TcMar-Tigger	1244	-	101	48536434	6887
chr19	49752531	49952531	harbor2	chr19	49778142	49778300	DNA/TcMar-Tigger	1382	-	79	49778221	25690
chr19	49752531	49952531	harbor2	chr19	49778601	49778765	DNA/TcMar-Tigger	1382	-	82	49778683	26152
chr19	49752531	49952531	harbor2	chr19	49847561	49847628	DNA/TcMar-Tigger	833	-	34	49847595	95064
chr19	49752531	49952531	harbor2	chr19	49847982	49848095	DNA/TcMar-Tigger	833	-	56	49848038	95507
chr19	49752531	49952531	harbor2	chr19	49848388	49848565	DNA/TcMar-Tigger	833	-	88	49848476	95945
chr19	49752531	49952531	harbor2	chr19	49848862	49848954	DNA/TcMar-Tigger	833	-	46	49848908	96377
chr19	49755720	49955720	harbor2	chr19	49778142	49778300	DNA/TcMar-Tigger	1382	-	79	49778221	22501
chr19	49755720	49955720	harbor2	chr19	49778601	49778765	DNA/TcMar-Tigger	1382	-	82	49778683	22963
chr19	49755720	49955720	harbor2	chr19	49847561	49847628	DNA/TcMar-Tigger	833	-	34	49847595	91875
chr19	49755720	49955720	harbor2	chr19	49847982	49848095	DNA/TcMar-Tigger	833	-	56	49848038	92318
chr19	49755720	49955720	harbor2	chr19	49848388	49848565	DNA/TcMar-Tigger	833	-	88	49848476	92756
chr19	49755720	49955720	harbor2	chr19	49848862	49848954	DNA/TcMar-Tigger	833	-	46	49848908	93188
chr19	15279128	15479128	harbor2	chr19	15305343	15306291	DNA/TcMar-Tigger	7514	-	474	15305817	26689
chr19	15279128	15479128	harbor2	chr19	15306572	15307028	DNA/TcMar-Tigger	7514	-	228	15306800	27672
chr19	57145103	57345103	harbor2	chr19	57216915	57217226	DNA/TcMar-Tigger	1572	-	156	57217071	71968
chr19	317334	517334	harbor2	chr19	320814	321265	DNA/TcMar-Tigger	1604	-	226	321040	3706
chr19	317334	517334	harbor2	chr19	340268	340691	DNA/TcMar-Tigger	2669	-	212	340480	23146
chr19	5581029	5781029	harbor2	chr19	5628304	5628592	DNA/TcMar-Tigger	1163	-	144	5628448	47419
chr19	5581029	5781029	harbor2	chr19	5660129	5660304	DNA/TcMar-Tigger	824	-	88	5660217	79188
chr19	31411850	31611850	harbor2	chr19	31451238	31451428	DNA/TcMar-Tigger	2210	-	95	31451333	39483
chr19	31411850	31611850	harbor2	chr19	31451743	31452049	DNA/TcMar-Tigger	2210	-	153	31451896	40046
chr19	31411850	31611850	harbor2	chr19	31495535	31495717	DNA/TcMar-Tigger	1724	-	91	31495626	83776
chr19	31411850	31611850	harbor2	chr19	31496010	31496373	DNA/TcMar-Tigger	1724	-	182	31496192	84342
chr19	31411850	31611850	harbor2	chr19	31496674	31496764	DNA/TcMar-Tigger	1724	-	45	31496719	84869
chr19	49759899	49959899	harbor2	chr19	49778142	49778300	DNA/TcMar-Tigger	1382	-	79	49778221	18322
chr19	49759899	49959899	harbor2	chr19	49778601	49778765	DNA/TcMar-Tigger	1382	-	82	49778683	18784
chr19	49759899	49959899	harbor2	chr19	49847561	49847628	DNA/TcMar-Tigger	833	-	34	49847595	87696
chr19	49759899	49959899	harbor2	chr19	49847982	49848095	DNA/TcMar-Tigger	833	-	56	49848038	88139
chr19	49759899	49959899	harbor2	chr19	49848388	49848565	DNA/TcMar-Tigger	833	-	88	49848476	88577
chr19	49759899	49959899	harbor2	chr19	49848862	49848954	DNA/TcMar-Tigger	833	-	46	49848908	89009
chr19	49757500	49957500	harbor2	chr19	49778142	49778300	DNA/TcMar-Tigger	1382	-	79	49778221	20721
chr19	49757500	49957500	harbor2	chr19	49778601	49778765	DNA/TcMar-Tigger	1382	-	82	49778683	21183
chr19	49757500	49957500	harbor2	chr19	49847561	49847628	DNA/TcMar-Tigger	833	-	34	49847595	90095
chr19	49757500	49957500	harbor2	chr19	49847982	49848095	DNA/TcMar-Tigger	833	-	56	49848038	90538
chr19	49757500	49957500	harbor2	chr19	49848388	49848565	DNA/TcMar-Tigger	833	-	88	49848476	90976
chr19	49757500	49957500	harbor2	chr19	49848862	49848954	DNA/TcMar-Tigger	833	-	46	49848908	91408
chr19	57142619	57342619	harbor2	chr19	57216915	57217226	DNA/TcMar-Tigger	1572	-	156	57217071	74452
chr19	6325327	6525327	harbor2	chr19	6407686	6407841	DNA/TcMar-Tigger	937	-	78	6407764	82437
chr19	57140879	57340879	harbor2	chr19	57216915	57217226	DNA/TcMar-Tigger	1572	-	156	57217071	76192
chr19	49751329	49951329	harbor2	chr19	49778142	49778300	DNA/TcMar-Tigger	1382	-	79	49778221	26892
chr19	49751329	49951329	harbor2	chr19	49778601	49778765	DNA/TcMar-Tigger	1382	-	82	49778683	27354
chr19	49751329	49951329	harbor2	chr19	49847561	49847628	DNA/TcMar-Tigger	833	-	34	49847595	96266
chr19	49751329	49951329	harbor2	chr19	49847982	49848095	DNA/TcMar-Tigger	833	-	56	49848038	96709
chr19	49751329	49951329	harbor2	chr19	49848388	49848565	DNA/TcMar-Tigger	833	-	88	49848476	97147
chr19	49751329	49951329	harbor2	chr19	49848862	49848954	DNA/TcMar-Tigger	833	-	46	49848908	97579
chr19	44008458	44208458	harbor2	chr19	44028825	44029154	DNA/TcMar-Tigger	1597	-	164	44028989	20531
chr19	44008458	44208458	harbor2	chr19	44062190	44062511	DNA/TcMar-Tigger	1767	-	160	44062350	53892
chr19	49751356	49951356	harbor2	chr19	49778142	49778300	DNA/TcMar-Tigger	1382	-	79	49778221	26865
chr19	49751356	49951356	harbor2	chr19	49778601	49778765	DNA/TcMar-Tigger	1382	-	82	49778683	27327
chr19	49751356	49951356	harbor2	chr19	49847561	49847628	DNA/TcMar-Tigger	833	-	34	49847595	96239
chr19	49751356	49951356	harbor2	chr19	49847982	49848095	DNA/TcMar-Tigger	833	-	56	49848038	96682
chr19	49751356	49951356	harbor2	chr19	49848388	49848565	DNA/TcMar-Tigger	833	-	88	49848476	97120
chr19	49751356	49951356	harbor2	chr19	49848862	49848954	DNA/TcMar-Tigger	833	-	46	49848908	97552
chr19	49752522	49952522	harbor2	chr19	49778142	49778300	DNA/TcMar-Tigger	1382	-	79	49778221	25699
chr19	49752522	49952522	harbor2	chr19	49778601	49778765	DNA/TcMar-Tigger	1382	-	82	49778683	26161
chr19	49752522	49952522	harbor2	chr19	49847561	49847628	DNA/TcMar-Tigger	833	-	34	49847595	95073
chr19	49752522	49952522	harbor2	chr19	49847982	49848095	DNA/TcMar-Tigger	833	-	56	49848038	95516
chr19	49752522	49952522	harbor2	chr19	49848388	49848565	DNA/TcMar-Tigger	833	-	88	49848476	95954
chr19	49752522	49952522	harbor2	chr19	49848862	49848954	DNA/TcMar-Tigger	833	-	46	49848908	96386
chr19	49292104	49492104	harbor2	chr19	49379046	49379217	DNA/TcMar-Tigger	1035	-	86	49379132	87028
chr19	49292104	49492104	harbor2	chr19	49379519	49379600	DNA/TcMar-Tigger	1035	-	40	49379559	87455
chr19	39408221	39608221	harbor2	chr19	39430840	39431000	DNA/TcMar-Tigger	658	-	80	39430920	22699
chr19	39408221	39608221	harbor2	chr19	39451041	39451187	DNA/TcMar-Tigger	732	-	73	39451114	42893
chr19	39408221	39608221	harbor2	chr19	39451444	39451529	DNA/TcMar-Tigger	732	-	42	39451486	43265
chr19	39408221	39608221	harbor2	chr19	39451832	39451867	DNA/TcMar-Tigger	732	-	18	39451850	43629
chr19	39408221	39608221	harbor2	chr19	39465841	39466056	DNA/TcMar-Tigger	1096	-	108	39465949	57728
chr19	56021006	56221006	harbor2	chr19	56041314	56041666	DNA/TcMar-Tigger	2173	-	176	56041490	20484
chr19	56021006	56221006	harbor2	chr19	56041972	56042234	DNA/TcMar-Tigger	2173	-	131	56042103	21097
chr19	56021006	56221006	harbor2	chr19	56060364	56060562	DNA/TcMar-Tigger	1096	-	99	56060463	39457
chr19	56021006	56221006	harbor2	chr19	56072844	56073213	DNA/TcMar-Tigger	3965	-	184	56073028	52022
chr19	56021006	56221006	harbor2	chr19	56073513	56073582	DNA/TcMar-Tigger	3965	-	34	56073547	52541
chr19	56021006	56221006	harbor2	chr19	56073894	56074255	DNA/TcMar-Tigger	3965	-	180	56074074	53068
chr19	56021006	56221006	harbor2	chr19	56074549	56074624	DNA/TcMar-Tigger	3965	-	38	56074587	53581
chr19	56021006	56221006	harbor2	chr19	56075122	56075320	DNA/TcMar-Tigger	715	-	99	56075221	54215
chr19	35543573	35743573	harbor2	chr19	35571749	35572031	DNA/TcMar-Tigger	1835	-	141	35571890	28317
chr19	56021023	56221023	harbor2	chr19	56041314	56041666	DNA/TcMar-Tigger	2173	-	176	56041490	20467
chr19	56021023	56221023	harbor2	chr19	56041972	56042234	DNA/TcMar-Tigger	2173	-	131	56042103	21080
chr19	56021023	56221023	harbor2	chr19	56060364	56060562	DNA/TcMar-Tigger	1096	-	99	56060463	39440
chr19	56021023	56221023	harbor2	chr19	56072844	56073213	DNA/TcMar-Tigger	3965	-	184	56073028	52005
chr19	56021023	56221023	harbor2	chr19	56073513	56073582	DNA/TcMar-Tigger	3965	-	34	56073547	52524
chr19	56021023	56221023	harbor2	chr19	56073894	56074255	DNA/TcMar-Tigger	3965	-	180	56074074	53051
chr19	56021023	56221023	harbor2	chr19	56074549	56074624	DNA/TcMar-Tigger	3965	-	38	56074587	53564
chr19	56021023	56221023	harbor2	chr19	56075122	56075320	DNA/TcMar-Tigger	715	-	99	56075221	54198
chr19	57180316	57380316	harbor2	chr19	57216915	57217226	DNA/TcMar-Tigger	1572	-	156	57217071	36755
chr19	5878158	6078158	harbor2	chr19	5888348	5888615	DNA/TcMar-Tigger	1177	-	134	5888482	10324
chr19	2115939	2315939	harbor2	chr19	2122470	2122760	DNA/TcMar-Tigger	800	-	145	2122615	6676
chr19	49769383	49969383	harbor2	chr19	49778142	49778300	DNA/TcMar-Tigger	1382	-	79	49778221	8838
chr19	49769383	49969383	harbor2	chr19	49778601	49778765	DNA/TcMar-Tigger	1382	-	82	49778683	9300
chr19	49769383	49969383	harbor2	chr19	49847561	49847628	DNA/TcMar-Tigger	833	-	34	49847595	78212
chr19	49769383	49969383	harbor2	chr19	49847982	49848095	DNA/TcMar-Tigger	833	-	56	49848038	78655
chr19	49769383	49969383	harbor2	chr19	49848388	49848565	DNA/TcMar-Tigger	833	-	88	49848476	79093
chr19	49769383	49969383	harbor2	chr19	49848862	49848954	DNA/TcMar-Tigger	833	-	46	49848908	79525
chr19	49752111	49952111	harbor2	chr19	49778142	49778300	DNA/TcMar-Tigger	1382	-	79	49778221	26110
chr19	49752111	49952111	harbor2	chr19	49778601	49778765	DNA/TcMar-Tigger	1382	-	82	49778683	26572
chr19	49752111	49952111	harbor2	chr19	49847561	49847628	DNA/TcMar-Tigger	833	-	34	49847595	95484
chr19	49752111	49952111	harbor2	chr19	49847982	49848095	DNA/TcMar-Tigger	833	-	56	49848038	95927
chr19	49752111	49952111	harbor2	chr19	49848388	49848565	DNA/TcMar-Tigger	833	-	88	49848476	96365
chr19	49752111	49952111	harbor2	chr19	49848862	49848954	DNA/TcMar-Tigger	833	-	46	49848908	96797
chr19	49776645	49976645	harbor2	chr19	49778142	49778300	DNA/TcMar-Tigger	1382	-	79	49778221	1576
chr19	49776645	49976645	harbor2	chr19	49778601	49778765	DNA/TcMar-Tigger	1382	-	82	49778683	2038
chr19	49776645	49976645	harbor2	chr19	49847561	49847628	DNA/TcMar-Tigger	833	-	34	49847595	70950
chr19	49776645	49976645	harbor2	chr19	49847982	49848095	DNA/TcMar-Tigger	833	-	56	49848038	71393
chr19	49776645	49976645	harbor2	chr19	49848388	49848565	DNA/TcMar-Tigger	833	-	88	49848476	71831
chr19	49776645	49976645	harbor2	chr19	49848862	49848954	DNA/TcMar-Tigger	833	-	46	49848908	72263
chr19	57180327	57380327	harbor2	chr19	57216915	57217226	DNA/TcMar-Tigger	1572	-	156	57217071	36744
chr19	53779492	53979492	harbor2	chr19	53846802	53846881	DNA/TcMar-Tigger	1559	-	40	53846842	67350
chr19	53779492	53979492	harbor2	chr19	53847192	53847395	DNA/TcMar-Tigger	1559	-	102	53847294	67802
chr19	48529835	48729835	harbor2	chr19	48535375	48535508	DNA/TcMar-Tigger	636	-	66	48535441	5606
chr19	48529835	48729835	harbor2	chr19	48536333	48536535	DNA/TcMar-Tigger	1244	-	101	48536434	6599
chr19	32575222	32775222	harbor2	chr19	32661666	32661894	DNA/TcMar-Tigger	1163	-	114	32661780	86558
chr19	48648417	48848417	harbor2	chr19	48686352	48686611	DNA/TcMar-Tigger	1245	-	130	48686482	38065
chr19	49752037	49952037	harbor2	chr19	49778142	49778300	DNA/TcMar-Tigger	1382	-	79	49778221	26184
chr19	49752037	49952037	harbor2	chr19	49778601	49778765	DNA/TcMar-Tigger	1382	-	82	49778683	26646
chr19	49752037	49952037	harbor2	chr19	49847561	49847628	DNA/TcMar-Tigger	833	-	34	49847595	95558
chr19	49752037	49952037	harbor2	chr19	49847982	49848095	DNA/TcMar-Tigger	833	-	56	49848038	96001
chr19	49752037	49952037	harbor2	chr19	49848388	49848565	DNA/TcMar-Tigger	833	-	88	49848476	96439
chr19	49752037	49952037	harbor2	chr19	49848862	49848954	DNA/TcMar-Tigger	833	-	46	49848908	96871
chr19	49752434	49952434	harbor2	chr19	49778142	49778300	DNA/TcMar-Tigger	1382	-	79	49778221	25787
chr19	49752434	49952434	harbor2	chr19	49778601	49778765	DNA/TcMar-Tigger	1382	-	82	49778683	26249
chr19	49752434	49952434	harbor2	chr19	49847561	49847628	DNA/TcMar-Tigger	833	-	34	49847595	95161
chr19	49752434	49952434	harbor2	chr19	49847982	49848095	DNA/TcMar-Tigger	833	-	56	49848038	95604
chr19	49752434	49952434	harbor2	chr19	49848388	49848565	DNA/TcMar-Tigger	833	-	88	49848476	96042
chr19	49752434	49952434	harbor2	chr19	49848862	49848954	DNA/TcMar-Tigger	833	-	46	49848908	96474
chr19	5620309	5820309	harbor2	chr19	5628304	5628592	DNA/TcMar-Tigger	1163	-	144	5628448	8139
chr19	5620309	5820309	harbor2	chr19	5660129	5660304	DNA/TcMar-Tigger	824	-	88	5660217	39908
chr19	48529639	48729639	harbor2	chr19	48535375	48535508	DNA/TcMar-Tigger	636	-	66	48535441	5802
chr19	48529639	48729639	harbor2	chr19	48536333	48536535	DNA/TcMar-Tigger	1244	-	101	48536434	6795
chr19	49751281	49951281	harbor2	chr19	49778142	49778300	DNA/TcMar-Tigger	1382	-	79	49778221	26940
chr19	49751281	49951281	harbor2	chr19	49778601	49778765	DNA/TcMar-Tigger	1382	-	82	49778683	27402
chr19	49751281	49951281	harbor2	chr19	49847561	49847628	DNA/TcMar-Tigger	833	-	34	49847595	96314
chr19	49751281	49951281	harbor2	chr19	49847982	49848095	DNA/TcMar-Tigger	833	-	56	49848038	96757
chr19	49751281	49951281	harbor2	chr19	49848388	49848565	DNA/TcMar-Tigger	833	-	88	49848476	97195
chr19	49751281	49951281	harbor2	chr19	49848862	49848954	DNA/TcMar-Tigger	833	-	46	49848908	97627
chr19	51827594	52027594	harbor2	chr19	51897078	51897275	DNA/TcMar-Tigger	847	-	98	51897176	69582
chr19	49769630	49969630	harbor2	chr19	49778142	49778300	DNA/TcMar-Tigger	1382	-	79	49778221	8591
chr19	49769630	49969630	harbor2	chr19	49778601	49778765	DNA/TcMar-Tigger	1382	-	82	49778683	9053
chr19	49769630	49969630	harbor2	chr19	49847561	49847628	DNA/TcMar-Tigger	833	-	34	49847595	77965
chr19	49769630	49969630	harbor2	chr19	49847982	49848095	DNA/TcMar-Tigger	833	-	56	49848038	78408
chr19	49769630	49969630	harbor2	chr19	49848388	49848565	DNA/TcMar-Tigger	833	-	88	49848476	78846
chr19	49769630	49969630	harbor2	chr19	49848862	49848954	DNA/TcMar-Tigger	833	-	46	49848908	79278
chr19	39309648	39509648	harbor2	chr19	39387062	39387362	DNA/TcMar-Tigger	1692	-	150	39387212	77564
chr19	56021025	56221025	harbor2	chr19	56041314	56041666	DNA/TcMar-Tigger	2173	-	176	56041490	20465
chr19	56021025	56221025	harbor2	chr19	56041972	56042234	DNA/TcMar-Tigger	2173	-	131	56042103	21078
chr19	56021025	56221025	harbor2	chr19	56060364	56060562	DNA/TcMar-Tigger	1096	-	99	56060463	39438
chr19	56021025	56221025	harbor2	chr19	56072844	56073213	DNA/TcMar-Tigger	3965	-	184	56073028	52003
chr19	56021025	56221025	harbor2	chr19	56073513	56073582	DNA/TcMar-Tigger	3965	-	34	56073547	52522
chr19	56021025	56221025	harbor2	chr19	56073894	56074255	DNA/TcMar-Tigger	3965	-	180	56074074	53049
chr19	56021025	56221025	harbor2	chr19	56074549	56074624	DNA/TcMar-Tigger	3965	-	38	56074587	53562
chr19	56021025	56221025	harbor2	chr19	56075122	56075320	DNA/TcMar-Tigger	715	-	99	56075221	54196
chr19	3288000	3488000	harbor2	chr19	3287784	3288239	DNA/TcMar-Tigger	1367	-	228	3288012	12
chr19	10041331	10241331	harbor2	chr19	10127814	10127907	DNA/TcMar-Tigger	1670	-	46	10127860	86529
chr19	10041331	10241331	harbor2	chr19	10128223	10128270	DNA/TcMar-Tigger	1670	-	24	10128247	86916
chr19	10041331	10241331	harbor2	chr19	10128547	10128755	DNA/TcMar-Tigger	1670	-	104	10128651	87320
chr19	55516374	55716374	harbor2	chr19	55523510	55523804	DNA/TcMar-Tigger	4909	-	147	55523657	7283
chr19	55516374	55716374	harbor2	chr19	55524384	55524914	DNA/TcMar-Tigger	4909	-	265	55524649	8275
chr19	55516374	55716374	harbor2	chr19	55603339	55603548	DNA/TcMar-Tigger	890	-	104	55603443	87069
chr19	51511611	51711611	harbor2	chr19	51588964	51589180	DNA/TcMar-Tigger	1372	-	108	51589072	77461
chr19	48526239	48726239	harbor2	chr19	48535375	48535508	DNA/TcMar-Tigger	636	-	66	48535441	9202
chr19	48526239	48726239	harbor2	chr19	48536333	48536535	DNA/TcMar-Tigger	1244	-	101	48536434	10195
chr19	30129779	30329779	harbor2	chr19	30209049	30209660	DNA/TcMar-Tigger	811	-	306	30209355	79576
chr19	30129779	30329779	harbor2	chr19	30220740	30221602	DNA/TcMar-Tigger	4398	-	431	30221171	91392
chr19	58102901	58302901	harbor2	chr19	58107073	58107273	DNA/TcMar-Tigger	1339	-	100	58107173	4272
chr19	58102901	58302901	harbor2	chr19	58107577	58107640	DNA/TcMar-Tigger	1339	-	32	58107609	4708
chr19	58102901	58302901	harbor2	chr19	58192518	58192742	DNA/TcMar-Tigger	1631	-	112	58192630	89729
chr19	58102901	58302901	harbor2	chr19	58193030	58193123	DNA/TcMar-Tigger	1631	-	46	58193076	90175
chr19	5620484	5820484	harbor2	chr19	5628304	5628592	DNA/TcMar-Tigger	1163	-	144	5628448	7964
chr19	5620484	5820484	harbor2	chr19	5660129	5660304	DNA/TcMar-Tigger	824	-	88	5660217	39733
chr19	10914491	11114491	harbor2	chr19	10965537	10965806	DNA/TcMar-Tigger	1480	-	134	10965671	51180
chr19	2117209	2317209	harbor2	chr19	2122470	2122760	DNA/TcMar-Tigger	800	-	145	2122615	5406
chr19	33316356	33516356	harbor2	chr19	33351683	33352230	DNA/TcMar-Tigger	1263	-	274	33351957	35601
chr19	30131712	30331712	harbor2	chr19	30209049	30209660	DNA/TcMar-Tigger	811	-	306	30209355	77643
chr19	30131712	30331712	harbor2	chr19	30220740	30221602	DNA/TcMar-Tigger	4398	-	431	30221171	89459
chr19	10922845	11122845	harbor2	chr19	10965537	10965806	DNA/TcMar-Tigger	1480	-	134	10965671	42826
chr19	5591353	5791353	harbor2	chr19	5628304	5628592	DNA/TcMar-Tigger	1163	-	144	5628448	37095
chr19	5591353	5791353	harbor2	chr19	5660129	5660304	DNA/TcMar-Tigger	824	-	88	5660217	68864
chr19	1857927	2057927	harbor2	chr19	1948700	1949099	DNA/TcMar-Tigger	1040	-	200	1948900	90973
chr19	49752919	49952919	harbor2	chr19	49778142	49778300	DNA/TcMar-Tigger	1382	-	79	49778221	25302
chr19	49752919	49952919	harbor2	chr19	49778601	49778765	DNA/TcMar-Tigger	1382	-	82	49778683	25764
chr19	49752919	49952919	harbor2	chr19	49847561	49847628	DNA/TcMar-Tigger	833	-	34	49847595	94676
chr19	49752919	49952919	harbor2	chr19	49847982	49848095	DNA/TcMar-Tigger	833	-	56	49848038	95119
chr19	49752919	49952919	harbor2	chr19	49848388	49848565	DNA/TcMar-Tigger	833	-	88	49848476	95557
chr19	49752919	49952919	harbor2	chr19	49848862	49848954	DNA/TcMar-Tigger	833	-	46	49848908	95989
chr19	49777297	49977297	harbor2	chr19	49778142	49778300	DNA/TcMar-Tigger	1382	-	79	49778221	924
chr19	49777297	49977297	harbor2	chr19	49778601	49778765	DNA/TcMar-Tigger	1382	-	82	49778683	1386
chr19	49777297	49977297	harbor2	chr19	49847561	49847628	DNA/TcMar-Tigger	833	-	34	49847595	70298
chr19	49777297	49977297	harbor2	chr19	49847982	49848095	DNA/TcMar-Tigger	833	-	56	49848038	70741
chr19	49777297	49977297	harbor2	chr19	49848388	49848565	DNA/TcMar-Tigger	833	-	88	49848476	71179
chr19	49777297	49977297	harbor2	chr19	49848862	49848954	DNA/TcMar-Tigger	833	-	46	49848908	71611
chr19	2785512	2985512	harbor2	chr19	2809075	2809480	DNA/TcMar-Tigger	1009	-	202	2809277	23765
chr19	43619638	43819638	harbor2	chr19	43710909	43710931	DNA/TcMar-Tigger	2722	-	11	43710920	91282
chr19	43619638	43819638	harbor2	chr19	43711241	43711620	DNA/TcMar-Tigger	2722	-	190	43711431	91793
chr19	43619638	43819638	harbor2	chr19	43712225	43712699	DNA/TcMar-Tigger	2928	-	237	43712462	92824
chr19	49752849	49952849	harbor2	chr19	49778142	49778300	DNA/TcMar-Tigger	1382	-	79	49778221	25372
chr19	49752849	49952849	harbor2	chr19	49778601	49778765	DNA/TcMar-Tigger	1382	-	82	49778683	25834
chr19	49752849	49952849	harbor2	chr19	49847561	49847628	DNA/TcMar-Tigger	833	-	34	49847595	94746
chr19	49752849	49952849	harbor2	chr19	49847982	49848095	DNA/TcMar-Tigger	833	-	56	49848038	95189
chr19	49752849	49952849	harbor2	chr19	49848388	49848565	DNA/TcMar-Tigger	833	-	88	49848476	95627
chr19	49752849	49952849	harbor2	chr19	49848862	49848954	DNA/TcMar-Tigger	833	-	46	49848908	96059
chr19	15279525	15479525	harbor2	chr19	15305343	15306291	DNA/TcMar-Tigger	7514	-	474	15305817	26292
chr19	15279525	15479525	harbor2	chr19	15306572	15307028	DNA/TcMar-Tigger	7514	-	228	15306800	27275
chr19	48529978	48729978	harbor2	chr19	48535375	48535508	DNA/TcMar-Tigger	636	-	66	48535441	5463
chr19	48529978	48729978	harbor2	chr19	48536333	48536535	DNA/TcMar-Tigger	1244	-	101	48536434	6456
chr19	49769438	49969438	harbor2	chr19	49778142	49778300	DNA/TcMar-Tigger	1382	-	79	49778221	8783
chr19	49769438	49969438	harbor2	chr19	49778601	49778765	DNA/TcMar-Tigger	1382	-	82	49778683	9245
chr19	49769438	49969438	harbor2	chr19	49847561	49847628	DNA/TcMar-Tigger	833	-	34	49847595	78157
chr19	49769438	49969438	harbor2	chr19	49847982	49848095	DNA/TcMar-Tigger	833	-	56	49848038	78600
chr19	49769438	49969438	harbor2	chr19	49848388	49848565	DNA/TcMar-Tigger	833	-	88	49848476	79038
chr19	49769438	49969438	harbor2	chr19	49848862	49848954	DNA/TcMar-Tigger	833	-	46	49848908	79470
chr19	5534518	5734518	harbor2	chr19	5628304	5628592	DNA/TcMar-Tigger	1163	-	144	5628448	93930
chr19	5578078	5778078	harbor2	chr19	5628304	5628592	DNA/TcMar-Tigger	1163	-	144	5628448	50370
chr19	5578078	5778078	harbor2	chr19	5660129	5660304	DNA/TcMar-Tigger	824	-	88	5660217	82139
chr19	17135696	17335696	harbor2	chr19	17138687	17138889	DNA/TcMar-Tigger	874	-	101	17138788	3092
chr19	17135696	17335696	harbor2	chr19	17139195	17139302	DNA/TcMar-Tigger	1119	-	54	17139249	3553
chr19	17135696	17335696	harbor2	chr19	17139453	17139474	DNA/TcMar-Tigger	1119	-	10	17139463	3767
chr19	17135696	17335696	harbor2	chr19	17139746	17139759	DNA/TcMar-Tigger	1119	-	6	17139752	4056
chr19	17135696	17335696	harbor2	chr19	17140107	17140209	DNA/TcMar-Tigger	1119	-	51	17140158	4462
chr19	17135696	17335696	harbor2	chr19	17167013	17167203	DNA/TcMar-Tigger	945	-	95	17167108	31412
chr19	49752530	49952530	harbor2	chr19	49778142	49778300	DNA/TcMar-Tigger	1382	-	79	49778221	25691
chr19	49752530	49952530	harbor2	chr19	49778601	49778765	DNA/TcMar-Tigger	1382	-	82	49778683	26153
chr19	49752530	49952530	harbor2	chr19	49847561	49847628	DNA/TcMar-Tigger	833	-	34	49847595	95065
chr19	49752530	49952530	harbor2	chr19	49847982	49848095	DNA/TcMar-Tigger	833	-	56	49848038	95508
chr19	49752530	49952530	harbor2	chr19	49848388	49848565	DNA/TcMar-Tigger	833	-	88	49848476	95946
chr19	49752530	49952530	harbor2	chr19	49848862	49848954	DNA/TcMar-Tigger	833	-	46	49848908	96378
chr19	48525085	48725085	harbor2	chr19	48535375	48535508	DNA/TcMar-Tigger	636	-	66	48535441	10356
chr19	48525085	48725085	harbor2	chr19	48536333	48536535	DNA/TcMar-Tigger	1244	-	101	48536434	11349
chr20	2847793	3047793	harbor2	chr20	2852542	2853109	DNA/TcMar-Tigger	14605	-	284	2852826	5033
chr20	2847793	3047793	harbor2	chr20	2853419	2853664	DNA/TcMar-Tigger	14605	-	122	2853541	5748
chr20	2847793	3047793	harbor2	chr20	2853973	2854126	DNA/TcMar-Tigger	14605	-	76	2854049	6256
chr20	2847793	3047793	harbor2	chr20	2854482	2854511	DNA/TcMar-Tigger	14605	-	14	2854496	6703
chr20	2847793	3047793	harbor2	chr20	2854826	2854960	DNA/TcMar-Tigger	14605	-	67	2854893	7100
chr20	2847793	3047793	harbor2	chr20	2855258	2856540	DNA/TcMar-Tigger	14605	-	641	2855899	8106
chr20	2847793	3047793	harbor2	chr20	2891709	2891927	DNA/TcMar-Tigger	1045	-	109	2891818	44025
chr20	2847793	3047793	harbor2	chr20	2942809	2942993	DNA/TcMar-Tigger	962	-	92	2942901	95108
chr20	21818051	22018051	harbor2	chr20	21829611	21830054	DNA/TcMar-Tigger	679	-	222	21829833	11782
chr20	34725531	34925531	harbor2	chr20	34772493	34772600	DNA/TcMar-Tigger	468	-	54	34772547	47016
chr20	34725531	34925531	harbor2	chr20	34772918	34773014	DNA/TcMar-Tigger	451	-	48	34772966	47435
chr20	34904860	35104860	harbor2	chr20	34944588	34944927	DNA/TcMar-Tigger	2341	-	170	34944758	39898
chr20	34904860	35104860	harbor2	chr20	34962432	34962531	DNA/TcMar-Tigger	639	-	50	34962482	57622
chr20	34904860	35104860	harbor2	chr20	34963112	34963272	DNA/TcMar-Tigger	945	-	80	34963192	58332
chr20	50095117	50295117	harbor2	chr20	50109396	50109469	DNA/TcMar-Tigger	735	-	36	50109432	14315
chr20	50095117	50295117	harbor2	chr20	50109769	50110010	DNA/TcMar-Tigger	735	-	120	50109889	14772
chr20	4624774	4824774	harbor2	chr20	4646112	4646193	DNA/TcMar-Tigger	531	-	40	4646152	21378
chr20	4624774	4824774	harbor2	chr20	4701931	4701998	DNA/TcMar-Tigger	2324	-	34	4701965	77191
chr20	4624774	4824774	harbor2	chr20	4702306	4702678	DNA/TcMar-Tigger	2324	-	186	4702492	77718
chr20	1023102	1223102	harbor2	chr20	1023504	1023834	DNA/TcMar-Tigger	1806	-	165	1023669	567
chr20	1023102	1223102	harbor2	chr20	1093107	1093140	DNA/TcMar-Tigger	3857	-	16	1093123	70021
chr20	1023102	1223102	harbor2	chr20	1093448	1094106	DNA/TcMar-Tigger	3857	-	329	1093777	70675
chr20	9474281	9674281	harbor2	chr20	9483539	9483879	DNA/TcMar-Tigger	560	-	170	9483709	9428
chr20	9474281	9674281	harbor2	chr20	9484121	9484344	DNA/TcMar-Tigger	528	-	112	9484233	9952
chr20	9474281	9674281	harbor2	chr20	9524626	9524931	DNA/TcMar-Tigger	1134	-	152	9524778	50497
chr20	34725551	34925551	harbor2	chr20	34772493	34772600	DNA/TcMar-Tigger	468	-	54	34772547	46996
chr20	34725551	34925551	harbor2	chr20	34772918	34773014	DNA/TcMar-Tigger	451	-	48	34772966	47415
chr20	35849255	36049255	harbor2	chr20	35914249	35914453	DNA/TcMar-Tigger	995	-	102	35914351	65096
chr20	35849255	36049255	harbor2	chr20	35916188	35916307	DNA/TcMar-Tigger	461	-	60	35916248	66993
chr20	35849255	36049255	harbor2	chr20	35939411	35939769	DNA/TcMar-Tigger	995	-	179	35939590	90335
chr20	34904861	35104861	harbor2	chr20	34944588	34944927	DNA/TcMar-Tigger	2341	-	170	34944758	39897
chr20	34904861	35104861	harbor2	chr20	34962432	34962531	DNA/TcMar-Tigger	639	-	50	34962482	57621
chr20	34904861	35104861	harbor2	chr20	34963112	34963272	DNA/TcMar-Tigger	945	-	80	34963192	58331
chr20	3127157	3327157	harbor2	chr20	3153747	3153984	DNA/TcMar-Tigger	1385	-	118	3153865	26708
chr20	3127157	3327157	harbor2	chr20	3189540	3189954	DNA/TcMar-Tigger	1038	-	207	3189747	62590
chr20	63983670	64183670	harbor2	chr20	64014295	64014372	DNA/TcMar-Tigger	1295	-	38	64014333	30663
chr20	63983670	64183670	harbor2	chr20	64014695	64014912	DNA/TcMar-Tigger	1295	-	108	64014803	31133
chr20	63983670	64183670	harbor2	chr20	64035125	64035319	DNA/TcMar-Tigger	681	-	97	64035222	51552
chr20	38347847	38547847	harbor2	chr20	38358966	38359298	DNA/TcMar-Tigger	715	-	166	38359132	11285
chr20	38347847	38547847	harbor2	chr20	38359610	38359687	DNA/TcMar-Tigger	715	-	38	38359648	11801
chr20	35362392	35562392	harbor2	chr20	35380779	35380999	DNA/TcMar-Tigger	1072	-	110	35380889	18497
chr20	35362392	35562392	harbor2	chr20	35401026	35401640	DNA/TcMar-Tigger	3373	-	307	35401333	38941
chr20	34905163	35105163	harbor2	chr20	34944588	34944927	DNA/TcMar-Tigger	2341	-	170	34944758	39595
chr20	34905163	35105163	harbor2	chr20	34962432	34962531	DNA/TcMar-Tigger	639	-	50	34962482	57319
chr20	34905163	35105163	harbor2	chr20	34963112	34963272	DNA/TcMar-Tigger	945	-	80	34963192	58029
chr20	1020784	1220784	harbor2	chr20	1023504	1023834	DNA/TcMar-Tigger	1806	-	165	1023669	2885
chr20	1020784	1220784	harbor2	chr20	1093107	1093140	DNA/TcMar-Tigger	3857	-	16	1093123	72339
chr20	1020784	1220784	harbor2	chr20	1093448	1094106	DNA/TcMar-Tigger	3857	-	329	1093777	72993
chr20	9474416	9674416	harbor2	chr20	9483539	9483879	DNA/TcMar-Tigger	560	-	170	9483709	9293
chr20	9474416	9674416	harbor2	chr20	9484121	9484344	DNA/TcMar-Tigger	528	-	112	9484233	9817
chr20	9474416	9674416	harbor2	chr20	9524626	9524931	DNA/TcMar-Tigger	1134	-	152	9524778	50362
chr20	35138054	35338054	harbor2	chr20	35160494	35160639	DNA/TcMar-Tigger	901	-	72	35160566	22512
chr20	35138054	35338054	harbor2	chr20	35165046	35165317	DNA/TcMar-Tigger	1654	-	136	35165182	27128
chr20	21866893	22066893	harbor2	chr20	21923382	21923696	DNA/TcMar-Tigger	1122	-	157	21923539	56646
chr20	64015438	64215438	harbor2	chr20	64035125	64035319	DNA/TcMar-Tigger	681	-	97	64035222	19784
chr20	3222273	3422273	harbor2	chr20	3321202	3321542	DNA/TcMar-Tigger	2152	-	170	3321372	99099
chr20	3015690	3215690	harbor2	chr20	3061245	3061345	DNA/TcMar-Tigger	528	-	50	3061295	45605
chr20	11791589	11991589	harbor2	chr20	11824372	11824884	DNA/TcMar-Tigger	3210	-	256	11824628	33039
chr20	11791589	11991589	harbor2	chr20	11825173	11825311	DNA/TcMar-Tigger	3210	-	69	11825242	33653
chr20	11791589	11991589	harbor2	chr20	11885900	11886348	DNA/TcMar-Tigger	2417	-	224	11886124	94535
chr20	34904857	35104857	harbor2	chr20	34944588	34944927	DNA/TcMar-Tigger	2341	-	170	34944758	39901
chr20	34904857	35104857	harbor2	chr20	34962432	34962531	DNA/TcMar-Tigger	639	-	50	34962482	57625
chr20	34904857	35104857	harbor2	chr20	34963112	34963272	DNA/TcMar-Tigger	945	-	80	34963192	58335
chr20	21615735	21815735	harbor2	chr20	21617394	21617748	DNA/TcMar-Tigger	2191	-	177	21617571	1836
chr20	62305735	62505735	harbor2	chr20	62399885	62399980	DNA/TcMar-Tigger	480	-	48	62399933	94198
chr20	4587587	4787587	harbor2	chr20	4646112	4646193	DNA/TcMar-Tigger	531	-	40	4646152	58565
chr21	15065117	15265117	harbor2	chr21	15066902	15067556	DNA/TcMar-Tigger	1082	-	327	15067229	2112
chr21	29261633	29461633	harbor2	chr21	29262079	29264411	DNA/TcMar-Tigger	14049	-	1166	29263245	1612
chr21	29261633	29461633	harbor2	chr21	29338091	29338188	DNA/TcMar-Tigger	500	-	48	29338139	76506
chr21	46358887	46558887	harbor2	chr21	46378146	46378685	DNA/TcMar-Tigger	1387	-	270	46378416	19529
chr21	46358887	46558887	harbor2	chr21	46439483	46439710	DNA/TcMar-Tigger	1104	-	114	46439597	80710
chr21	43621046	43821046	harbor2	chr21	43625792	43626024	DNA/TcMar-Tigger	569	-	116	43625908	4862
chr21	43621046	43821046	harbor2	chr21	43703685	43703943	DNA/TcMar-Tigger	936	-	129	43703814	82768
chr21	43621046	43821046	harbor2	chr21	43704240	43704266	DNA/TcMar-Tigger	936	-	13	43704253	83207
chr21	41040652	41240652	harbor2	chr21	41130705	41131013	DNA/TcMar-Tigger	1262	-	154	41130859	90207
chr21	29199645	29399645	harbor2	chr21	29262079	29264411	DNA/TcMar-Tigger	14049	-	1166	29263245	63600
chr21	29201564	29401564	harbor2	chr21	29262079	29264411	DNA/TcMar-Tigger	14049	-	1166	29263245	61681
chr21	42596399	42796399	harbor2	chr21	42597558	42598101	DNA/TcMar-Tigger	1927	-	272	42597830	1431
chr21	29248676	29448676	harbor2	chr21	29262079	29264411	DNA/TcMar-Tigger	14049	-	1166	29263245	14569
chr21	29248676	29448676	harbor2	chr21	29338091	29338188	DNA/TcMar-Tigger	500	-	48	29338139	89463
chr21	44774168	44974168	harbor2	chr21	44798204	44800265	DNA/TcMar-Tigger	11037	-	1030	44799234	25066
chr21	44774168	44974168	harbor2	chr21	44841687	44842006	DNA/TcMar-Tigger	1131	-	160	44841847	67679
chr21	46359801	46559801	harbor2	chr21	46378146	46378685	DNA/TcMar-Tigger	1387	-	270	46378416	18615
chr21	46359801	46559801	harbor2	chr21	46439483	46439710	DNA/TcMar-Tigger	1104	-	114	46439597	79796
chr21	46358894	46558894	harbor2	chr21	46378146	46378685	DNA/TcMar-Tigger	1387	-	270	46378416	19522
chr21	46358894	46558894	harbor2	chr21	46439483	46439710	DNA/TcMar-Tigger	1104	-	114	46439597	80703
chr21	29201041	29401041	harbor2	chr21	29262079	29264411	DNA/TcMar-Tigger	14049	-	1166	29263245	62204
chr21	45152250	45352250	harbor2	chr21	45203807	45204238	DNA/TcMar-Tigger	1207	-	216	45204023	51773
chr21	41945270	42145270	harbor2	chr21	42008945	42009155	DNA/TcMar-Tigger	604	-	105	42009050	63780
chr21	42278158	42478158	harbor2	chr21	42340627	42340873	DNA/TcMar-Tigger	6215	-	123	42340750	62592
chr21	42278158	42478158	harbor2	chr21	42341180	42341434	DNA/TcMar-Tigger	6215	-	127	42341307	63149
chr21	42278158	42478158	harbor2	chr21	42341744	42342418	DNA/TcMar-Tigger	6215	-	337	42342081	63923
chr21	42278158	42478158	harbor2	chr21	42368455	42368725	DNA/TcMar-Tigger	1469	-	135	42368590	90432
chr21	42278158	42478158	harbor2	chr21	42374767	42374972	DNA/TcMar-Tigger	928	-	102	42374869	96711
chr21	42278158	42478158	harbor2	chr21	42369018	42369093	DNA/TcMar-Tigger	1469	-	38	42369056	90898
chr21	42331244	42531244	harbor2	chr21	42340627	42340873	DNA/TcMar-Tigger	6215	-	123	42340750	9506
chr21	42331244	42531244	harbor2	chr21	42341180	42341434	DNA/TcMar-Tigger	6215	-	127	42341307	10063
chr21	42331244	42531244	harbor2	chr21	42341744	42342418	DNA/TcMar-Tigger	6215	-	337	42342081	10837
chr21	42331244	42531244	harbor2	chr21	42368455	42368725	DNA/TcMar-Tigger	1469	-	135	42368590	37346
chr21	42331244	42531244	harbor2	chr21	42374767	42374972	DNA/TcMar-Tigger	928	-	102	42374869	43625
chr21	42331244	42531244	harbor2	chr21	42420142	42420468	DNA/TcMar-Tigger	1315	-	163	42420305	89061
chr21	42331244	42531244	harbor2	chr21	42369018	42369093	DNA/TcMar-Tigger	1469	-	38	42369056	37812
chr21	37266105	37466105	harbor2	chr21	37327862	37328084	DNA/TcMar-Tigger	2080	-	111	37327973	61868
chr21	37266105	37466105	harbor2	chr21	37328357	37328509	DNA/TcMar-Tigger	2080	-	76	37328433	62328
chr21	29200213	29400213	harbor2	chr21	29262079	29264411	DNA/TcMar-Tigger	14049	-	1166	29263245	63032
chr22	39579346	39779346	harbor2	chr22	39594819	39595008	DNA/TcMar-Tigger	1322	-	94	39594913	15567
chr22	39579346	39779346	harbor2	chr22	39595318	39595341	DNA/TcMar-Tigger	1322	-	12	39595330	15984
chr22	39579346	39779346	harbor2	chr22	39595641	39595785	DNA/TcMar-Tigger	1322	-	72	39595713	16367
chr22	24070325	24270325	harbor2	chr22	24111106	24111280	DNA/TcMar-Tigger	1695	-	87	24111193	40868
chr22	24070325	24270325	harbor2	chr22	24111614	24111805	DNA/TcMar-Tigger	1695	-	96	24111710	41385
chr22	24070325	24270325	harbor2	chr22	24122283	24122425	DNA/TcMar-Tigger	1191	-	71	24122354	52029
chr22	24070325	24270325	harbor2	chr22	24122735	24122824	DNA/TcMar-Tigger	1191	-	44	24122779	52454
chr22	24070396	24270396	harbor2	chr22	24111106	24111280	DNA/TcMar-Tigger	1695	-	87	24111193	40797
chr22	24070396	24270396	harbor2	chr22	24111614	24111805	DNA/TcMar-Tigger	1695	-	96	24111710	41314
chr22	24070396	24270396	harbor2	chr22	24122283	24122425	DNA/TcMar-Tigger	1191	-	71	24122354	51958
chr22	24070396	24270396	harbor2	chr22	24122735	24122824	DNA/TcMar-Tigger	1191	-	44	24122779	52383
chr22	42989455	43189455	harbor2	chr22	43062141	43062210	DNA/TcMar-Tigger	1653	-	34	43062175	72720
chr22	42989455	43189455	harbor2	chr22	43062521	43062548	DNA/TcMar-Tigger	1653	-	14	43062535	73080
chr22	42989455	43189455	harbor2	chr22	43062842	43063127	DNA/TcMar-Tigger	1653	-	142	43062984	73529
chr22	24069899	24269899	harbor2	chr22	24111106	24111280	DNA/TcMar-Tigger	1695	-	87	24111193	41294
chr22	24069899	24269899	harbor2	chr22	24111614	24111805	DNA/TcMar-Tigger	1695	-	96	24111710	41811
chr22	24069899	24269899	harbor2	chr22	24122283	24122425	DNA/TcMar-Tigger	1191	-	71	24122354	52455
chr22	24069899	24269899	harbor2	chr22	24122735	24122824	DNA/TcMar-Tigger	1191	-	44	24122779	52880
chr22	44597557	44797557	harbor2	chr22	44644781	44645126	DNA/TcMar-Tigger	2133	-	172	44644953	47396
chr22	42989451	43189451	harbor2	chr22	43062141	43062210	DNA/TcMar-Tigger	1653	-	34	43062175	72724
chr22	42989451	43189451	harbor2	chr22	43062521	43062548	DNA/TcMar-Tigger	1653	-	14	43062535	73084
chr22	42989451	43189451	harbor2	chr22	43062842	43063127	DNA/TcMar-Tigger	1653	-	142	43062984	73533
chr22	36187355	36387355	harbor2	chr22	36196332	36196641	DNA/TcMar-Tigger	614	-	154	36196486	9131
chr22	24069912	24269912	harbor2	chr22	24111106	24111280	DNA/TcMar-Tigger	1695	-	87	24111193	41281
chr22	24069912	24269912	harbor2	chr22	24111614	24111805	DNA/TcMar-Tigger	1695	-	96	24111710	41798
chr22	24069912	24269912	harbor2	chr22	24122283	24122425	DNA/TcMar-Tigger	1191	-	71	24122354	52442
chr22	24069912	24269912	harbor2	chr22	24122735	24122824	DNA/TcMar-Tigger	1191	-	44	24122779	52867
chr22	36919396	37119396	harbor2	chr22	36944337	36945446	DNA/TcMar-Tigger	13257	-	554	36944891	25495
chr22	36919396	37119396	harbor2	chr22	36946110	36947138	DNA/TcMar-Tigger	13257	-	514	36946624	27228
chr22	36919396	37119396	harbor2	chr22	36947746	36947889	DNA/TcMar-Tigger	13257	-	72	36947818	28422
chr22	24069890	24269890	harbor2	chr22	24111106	24111280	DNA/TcMar-Tigger	1695	-	87	24111193	41303
chr22	24069890	24269890	harbor2	chr22	24111614	24111805	DNA/TcMar-Tigger	1695	-	96	24111710	41820
chr22	24069890	24269890	harbor2	chr22	24122283	24122425	DNA/TcMar-Tigger	1191	-	71	24122354	52464
chr22	24069890	24269890	harbor2	chr22	24122735	24122824	DNA/TcMar-Tigger	1191	-	44	24122779	52889
chr22	46291932	46491932	harbor2	chr22	46383918	46383960	DNA/TcMar-Tigger	576	-	21	46383939	92007
chr22	46291932	46491932	harbor2	chr22	46384236	46384363	DNA/TcMar-Tigger	576	-	64	46384300	92368
chr22	24069873	24269873	harbor2	chr22	24111106	24111280	DNA/TcMar-Tigger	1695	-	87	24111193	41320
chr22	24069873	24269873	harbor2	chr22	24111614	24111805	DNA/TcMar-Tigger	1695	-	96	24111710	41837
chr22	24069873	24269873	harbor2	chr22	24122283	24122425	DNA/TcMar-Tigger	1191	-	71	24122354	52481
chr22	24069873	24269873	harbor2	chr22	24122735	24122824	DNA/TcMar-Tigger	1191	-	44	24122779	52906
chr22	42989445	43189445	harbor2	chr22	43062141	43062210	DNA/TcMar-Tigger	1653	-	34	43062175	72730
chr22	42989445	43189445	harbor2	chr22	43062521	43062548	DNA/TcMar-Tigger	1653	-	14	43062535	73090
chr22	42989445	43189445	harbor2	chr22	43062842	43063127	DNA/TcMar-Tigger	1653	-	142	43062984	73539
chr22	24070472	24270472	harbor2	chr22	24111106	24111280	DNA/TcMar-Tigger	1695	-	87	24111193	40721
chr22	24070472	24270472	harbor2	chr22	24111614	24111805	DNA/TcMar-Tigger	1695	-	96	24111710	41238
chr22	24070472	24270472	harbor2	chr22	24122283	24122425	DNA/TcMar-Tigger	1191	-	71	24122354	51882
chr22	24070472	24270472	harbor2	chr22	24122735	24122824	DNA/TcMar-Tigger	1191	-	44	24122779	52307
chr22	39579321	39779321	harbor2	chr22	39594819	39595008	DNA/TcMar-Tigger	1322	-	94	39594913	15592
chr22	39579321	39779321	harbor2	chr22	39595318	39595341	DNA/TcMar-Tigger	1322	-	12	39595330	16009
chr22	39579321	39779321	harbor2	chr22	39595641	39595785	DNA/TcMar-Tigger	1322	-	72	39595713	16392
chr22	24072073	24272073	harbor2	chr22	24111106	24111280	DNA/TcMar-Tigger	1695	-	87	24111193	39120
chr22	24072073	24272073	harbor2	chr22	24111614	24111805	DNA/TcMar-Tigger	1695	-	96	24111710	39637
chr22	24072073	24272073	harbor2	chr22	24122283	24122425	DNA/TcMar-Tigger	1191	-	71	24122354	50281
chr22	24072073	24272073	harbor2	chr22	24122735	24122824	DNA/TcMar-Tigger	1191	-	44	24122779	50706
chr22	39579203	39779203	harbor2	chr22	39594819	39595008	DNA/TcMar-Tigger	1322	-	94	39594913	15710
chr22	39579203	39779203	harbor2	chr22	39595318	39595341	DNA/TcMar-Tigger	1322	-	12	39595330	16127
chr22	39579203	39779203	harbor2	chr22	39595641	39595785	DNA/TcMar-Tigger	1322	-	72	39595713	16510
chr22	28342388	28542388	harbor2	chr22	28423436	28423777	DNA/TcMar-Tigger	1019	-	170	28423606	81218
chr22	49860156	50060156	harbor2	chr22	49865055	49865344	DNA/TcMar-Tigger	957	-	144	49865199	5043
chr22	49860156	50060156	harbor2	chr22	49867756	49868098	DNA/TcMar-Tigger	1407	-	171	49867927	7771
chr22	49860156	50060156	harbor2	chr22	49871498	49871742	DNA/TcMar-Tigger	3478	-	122	49871620	11464
chr22	49860156	50060156	harbor2	chr22	49872043	49872526	DNA/TcMar-Tigger	3478	-	242	49872285	12129
chr22	49860156	50060156	harbor2	chr22	49873131	49873694	DNA/TcMar-Tigger	2909	-	282	49873413	13257
chr22	49860156	50060156	harbor2	chr22	49920981	49921361	DNA/TcMar-Tigger	1112	-	190	49921171	61015
chr22	24395407	24595407	harbor2	chr22	24464606	24465499	DNA/TcMar-Tigger	5326	-	446	24465052	69645
chr22	24069893	24269893	harbor2	chr22	24111106	24111280	DNA/TcMar-Tigger	1695	-	87	24111193	41300
chr22	24069893	24269893	harbor2	chr22	24111614	24111805	DNA/TcMar-Tigger	1695	-	96	24111710	41817
chr22	24069893	24269893	harbor2	chr22	24122283	24122425	DNA/TcMar-Tigger	1191	-	71	24122354	52461
chr22	24069893	24269893	harbor2	chr22	24122735	24122824	DNA/TcMar-Tigger	1191	-	44	24122779	52886
chr22	32100450	32300450	harbor2	chr22	32169111	32169232	DNA/TcMar-Tigger	1733	-	60	32169171	68721
chr22	32100450	32300450	harbor2	chr22	32169531	32169907	DNA/TcMar-Tigger	1733	-	188	32169719	69269
chr22	24069880	24269880	harbor2	chr22	24111106	24111280	DNA/TcMar-Tigger	1695	-	87	24111193	41313
chr22	24069880	24269880	harbor2	chr22	24111614	24111805	DNA/TcMar-Tigger	1695	-	96	24111710	41830
chr22	24069880	24269880	harbor2	chr22	24122283	24122425	DNA/TcMar-Tigger	1191	-	71	24122354	52474
chr22	24069880	24269880	harbor2	chr22	24122735	24122824	DNA/TcMar-Tigger	1191	-	44	24122779	52899
chr22	17640145	17840145	harbor2	chr22	17652066	17652188	DNA/TcMar-Tigger	687	-	61	17652127	11982
chr22	17640145	17840145	harbor2	chr22	17652353	17652443	DNA/TcMar-Tigger	1071	-	45	17652398	12253
chr22	17640145	17840145	harbor2	chr22	17652738	17652782	DNA/TcMar-Tigger	1071	-	22	17652760	12615
chr22	17640145	17840145	harbor2	chr22	17653082	17653199	DNA/TcMar-Tigger	1071	-	58	17653140	12995
chr22	17640145	17840145	harbor2	chr22	17655024	17655429	DNA/TcMar-Tigger	2244	-	202	17655226	15081
chr22	17640145	17840145	harbor2	chr22	17713773	17713840	DNA/TcMar-Tigger	423	-	34	17713807	73662
chr22	17640145	17840145	harbor2	chr22	17725707	17726067	DNA/TcMar-Tigger	1757	-	180	17725887	85742
chr22	17640145	17840145	harbor2	chr22	17726370	17726427	DNA/TcMar-Tigger	1757	-	28	17726398	86253
chr22	29461784	29661784	harbor2	chr22	29505661	29505865	DNA/TcMar-Tigger	444	-	102	29505763	43979
chr22	29461784	29661784	harbor2	chr22	29506158	29506390	DNA/TcMar-Tigger	444	-	116	29506274	44490
chr22	29461784	29661784	harbor2	chr22	29506688	29506782	DNA/TcMar-Tigger	444	-	47	29506735	44951
chr22	39579207	39779207	harbor2	chr22	39594819	39595008	DNA/TcMar-Tigger	1322	-	94	39594913	15706
chr22	39579207	39779207	harbor2	chr22	39595318	39595341	DNA/TcMar-Tigger	1322	-	12	39595330	16123
chr22	39579207	39779207	harbor2	chr22	39595641	39595785	DNA/TcMar-Tigger	1322	-	72	39595713	16506
chr22	24070321	24270321	harbor2	chr22	24111106	24111280	DNA/TcMar-Tigger	1695	-	87	24111193	40872
chr22	24070321	24270321	harbor2	chr22	24111614	24111805	DNA/TcMar-Tigger	1695	-	96	24111710	41389
chr22	24070321	24270321	harbor2	chr22	24122283	24122425	DNA/TcMar-Tigger	1191	-	71	24122354	52033
chr22	24070321	24270321	harbor2	chr22	24122735	24122824	DNA/TcMar-Tigger	1191	-	44	24122779	52458
chr22	24069790	24269790	harbor2	chr22	24111106	24111280	DNA/TcMar-Tigger	1695	-	87	24111193	41403
chr22	24069790	24269790	harbor2	chr22	24111614	24111805	DNA/TcMar-Tigger	1695	-	96	24111710	41920
chr22	24069790	24269790	harbor2	chr22	24122283	24122425	DNA/TcMar-Tigger	1191	-	71	24122354	52564
chr22	24069790	24269790	harbor2	chr22	24122735	24122824	DNA/TcMar-Tigger	1191	-	44	24122779	52989
chr22	24928712	25128712	harbor2	chr22	24969231	24969573	DNA/TcMar-Tigger	2003	-	171	24969402	40690
chr22	24928712	25128712	harbor2	chr22	24986273	24986607	DNA/TcMar-Tigger	1823	-	167	24986440	57728
chr22	24069829	24269829	harbor2	chr22	24111106	24111280	DNA/TcMar-Tigger	1695	-	87	24111193	41364
chr22	24069829	24269829	harbor2	chr22	24111614	24111805	DNA/TcMar-Tigger	1695	-	96	24111710	41881
chr22	24069829	24269829	harbor2	chr22	24122283	24122425	DNA/TcMar-Tigger	1191	-	71	24122354	52525
chr22	24069829	24269829	harbor2	chr22	24122735	24122824	DNA/TcMar-Tigger	1191	-	44	24122779	52950
chr22	23421907	23621907	harbor2	chr22	23442973	23443324	DNA/TcMar-Tigger	7482	-	176	23443149	21242
chr22	23421907	23621907	harbor2	chr22	23443635	23444521	DNA/TcMar-Tigger	7482	-	443	23444078	22171
chr22	23421907	23621907	harbor2	chr22	23444534	23445160	DNA/TcMar-Tigger	3384	-	313	23444847	22940
chr22	42521734	42721734	harbor2	chr22	42590483	42590637	DNA/TcMar-Tigger	717	-	77	42590560	68826
chr22	42521734	42721734	harbor2	chr22	42592978	42593179	DNA/TcMar-Tigger	1182	-	100	42593078	71344
chr22	24070287	24270287	harbor2	chr22	24111106	24111280	DNA/TcMar-Tigger	1695	-	87	24111193	40906
chr22	24070287	24270287	harbor2	chr22	24111614	24111805	DNA/TcMar-Tigger	1695	-	96	24111710	41423
chr22	24070287	24270287	harbor2	chr22	24122283	24122425	DNA/TcMar-Tigger	1191	-	71	24122354	52067
chr22	24070287	24270287	harbor2	chr22	24122735	24122824	DNA/TcMar-Tigger	1191	-	44	24122779	52492
chr22	12715743	12915743	harbor2	chr22	12790940	12791148	DNA/TcMar-Tigger	1151	-	104	12791044	75301
chr22	46291944	46491944	harbor2	chr22	46383918	46383960	DNA/TcMar-Tigger	576	-	21	46383939	91995
chr22	46291944	46491944	harbor2	chr22	46384236	46384363	DNA/TcMar-Tigger	576	-	64	46384300	92356
chr22	41811210	42011210	harbor2	chr22	41823069	41823220	DNA/TcMar-Tigger	3629	-	76	41823145	11935
chr22	41811210	42011210	harbor2	chr22	41823522	41823969	DNA/TcMar-Tigger	3629	-	224	41823746	12536
chr22	41811210	42011210	harbor2	chr22	41858397	41858474	DNA/TcMar-Tigger	2319	-	38	41858435	47225
chr22	41811210	42011210	harbor2	chr22	41858758	41858862	DNA/TcMar-Tigger	2319	-	52	41858810	47600
chr22	41811210	42011210	harbor2	chr22	41859139	41859601	DNA/TcMar-Tigger	2319	-	231	41859370	48160
chr22	39945490	40145490	harbor2	chr22	40005262	40005478	DNA/TcMar-Tigger	611	-	108	40005370	59880
chr22	24948900	25148900	harbor2	chr22	24969231	24969573	DNA/TcMar-Tigger	2003	-	171	24969402	20502
chr22	24948900	25148900	harbor2	chr22	24986273	24986607	DNA/TcMar-Tigger	1823	-	167	24986440	37540
chr22	42780609	42980609	harbor2	chr22	42822575	42822803	DNA/TcMar-Tigger	1172	-	114	42822689	42080
chr22	42780609	42980609	harbor2	chr22	42823110	42823194	DNA/TcMar-Tigger	1172	-	42	42823152	42543
chr22	24070996	24270996	harbor2	chr22	24111106	24111280	DNA/TcMar-Tigger	1695	-	87	24111193	40197
chr22	24070996	24270996	harbor2	chr22	24111614	24111805	DNA/TcMar-Tigger	1695	-	96	24111710	40714
chr22	24070996	24270996	harbor2	chr22	24122283	24122425	DNA/TcMar-Tigger	1191	-	71	24122354	51358
chr22	24070996	24270996	harbor2	chr22	24122735	24122824	DNA/TcMar-Tigger	1191	-	44	24122779	51783
chrX	24366734	24566734	harbor2	chrX	24428772	24429027	DNA/TcMar-Tigger	1739	-	128	24428900	62166
chrX	72046619	72246619	harbor2	chrX	72100159	72100466	DNA/TcMar-Tigger	1856	-	154	72100313	53694
chrX	18255217	18455217	harbor2	chrX	18271715	18271856	DNA/TcMar-Tigger	901	-	70	18271785	16568
chrX	18255217	18455217	harbor2	chrX	18312267	18312613	DNA/TcMar-Tigger	1286	-	173	18312440	57223
chrX	130073203	130273203	harbor2	chrX	130092852	130093030	DNA/TcMar-Tigger	1053	-	89	130092941	19738
chrX	130073203	130273203	harbor2	chrX	130093323	130093378	DNA/TcMar-Tigger	1053	-	28	130093351	20148
chrX	130073203	130273203	harbor2	chrX	130158978	130159274	DNA/TcMar-Tigger	679	-	148	130159126	85923
chrX	153370587	153570587	harbor2	chrX	153374696	153375102	DNA/TcMar-Tigger	1285	-	203	153374899	4312
chrX	18254719	18454719	harbor2	chrX	18271715	18271856	DNA/TcMar-Tigger	901	-	70	18271785	17066
chrX	18254719	18454719	harbor2	chrX	18312267	18312613	DNA/TcMar-Tigger	1286	-	173	18312440	57721
