H_chr	H_start	H_end	Harbor	TE_chr	TE_start	TE_end	TE	score	TE_strand	TE_half	TE_middle_pos	TE_dis
chr1	6454573	6654573	harbor2	chr1	6500953	6501273	DNA/hAT-Charlie	807	+	160	6501113	46540
chr1	227643530	227843530	harbor2	chr1	227646040	227646214	DNA/hAT-Charlie	572	+	87	227646127	2597
chr1	227643530	227843530	harbor2	chr1	227667450	227667929	DNA/hAT-Charlie	740	+	240	227667690	24160
chr1	227643530	227843530	harbor2	chr1	227667948	227668179	DNA/hAT-Charlie	533	+	116	227668064	24534
chr1	150264161	150464161	harbor2	chr1	150304341	150304450	DNA/hAT-Charlie	640	+	54	150304395	40234
chr1	150264161	150464161	harbor2	chr1	150309998	150310174	DNA/hAT-Charlie	749	+	88	150310086	45925
chr1	178442681	178642681	harbor2	chr1	178517481	178517657	DNA/hAT-Charlie	678	+	88	178517569	74888
chr1	178442681	178642681	harbor2	chr1	178531650	178531806	DNA/hAT-Charlie	698	+	78	178531728	89047
chr1	178442681	178642681	harbor2	chr1	178536663	178536803	DNA/hAT-Charlie	540	+	70	178536733	94052
chr1	16591604	16791604	harbor2	chr1	16690584	16690790	DNA/hAT-Charlie	850	+	103	16690687	99083
chr1	211034356	211234356	harbor2	chr1	211100800	211100948	DNA/hAT-Charlie	588	+	74	211100874	66518
chr1	33322912	33522912	harbor2	chr1	33384173	33384316	DNA/hAT-Charlie	669	+	72	33384245	61333
chr1	33322912	33522912	harbor2	chr1	33397337	33397453	DNA/hAT-Charlie	641	+	58	33397395	74483
chr1	109235951	109435951	harbor2	chr1	109248211	109248421	DNA/hAT-Charlie	515	+	105	109248316	12365
chr1	109235951	109435951	harbor2	chr1	109324565	109324710	DNA/hAT-Charlie	523	+	72	109324637	88686
chr1	727505	927505	harbor2	chr1	782829	783115	DNA/hAT-Charlie	1171	+	143	782972	55467
chr1	727505	927505	harbor2	chr1	795362	795592	DNA/hAT-Charlie	461	+	115	795477	67972
chr1	727505	927505	harbor2	chr1	795939	796100	DNA/hAT-Charlie	817	+	80	796019	68514
chr1	727505	927505	harbor2	chr1	804219	804482	DNA/hAT-Charlie	792	+	132	804351	76846
chr1	727505	927505	harbor2	chr1	818622	818794	DNA/hAT-Charlie	517	+	86	818708	91203
chr1	87366701	87566701	harbor2	chr1	87397976	87398652	DNA/hAT-Charlie	2080	+	338	87398314	31613
chr1	230193142	230393142	harbor2	chr1	230199423	230199642	DNA/hAT-Charlie	442	+	110	230199533	6391
chr1	230193142	230393142	harbor2	chr1	230218792	230219129	DNA/hAT-Charlie	2380	+	168	230218960	25818
chr1	230193142	230393142	harbor2	chr1	230270382	230270575	DNA/hAT-Charlie	609	+	96	230270478	77336
chr1	230542426	230742426	harbor2	chr1	230575398	230575549	DNA/hAT-Charlie	559	+	76	230575474	33048
chr1	230542426	230742426	harbor2	chr1	230579641	230579795	DNA/hAT-Charlie	761	+	77	230579718	37292
chr1	230542426	230742426	harbor2	chr1	230634223	230634409	DNA/hAT-Charlie	1028	+	93	230634316	91890
chr1	223987701	224187701	harbor2	chr1	223996786	223997072	DNA/hAT-Charlie	1203	+	143	223996929	9228
chr1	223987701	224187701	harbor2	chr1	224020847	224021008	DNA/hAT-Charlie	731	+	80	224020927	33226
chr1	223987701	224187701	harbor2	chr1	224029124	224029372	DNA/hAT-Charlie	680	+	124	224029248	41547
chr1	223987701	224187701	harbor2	chr1	224071432	224071679	DNA/hAT-Charlie	1684	+	124	224071556	83855
chr1	66204207	66404207	harbor2	chr1	66265067	66265248	DNA/hAT-Charlie	1079	+	90	66265157	60950
chr1	36811933	37011933	harbor2	chr1	36815619	36815750	DNA/hAT-Charlie	976	+	66	36815685	3752
chr1	36811933	37011933	harbor2	chr1	36816049	36816113	DNA/hAT-Charlie	976	+	32	36816081	4148
chr1	36811933	37011933	harbor2	chr1	36817395	36817583	DNA/hAT-Charlie	1095	+	94	36817489	5556
chr1	36811933	37011933	harbor2	chr1	36823131	36823191	DNA/hAT-Charlie	875	+	30	36823161	11228
chr1	36811933	37011933	harbor2	chr1	36823502	36823754	DNA/hAT-Charlie	875	+	126	36823628	11695
chr1	36811933	37011933	harbor2	chr1	36831625	36831837	DNA/hAT-Charlie	1121	+	106	36831731	19798
chr1	36811933	37011933	harbor2	chr1	36842277	36842451	DNA/hAT-Charlie	1116	+	87	36842364	30431
chr1	36811933	37011933	harbor2	chr1	36851745	36851931	DNA/hAT-Charlie	517	+	93	36851838	39905
chr1	36811933	37011933	harbor2	chr1	36854525	36854729	DNA/hAT-Charlie	787	+	102	36854627	42694
chr1	211034242	211234242	harbor2	chr1	211100800	211100948	DNA/hAT-Charlie	588	+	74	211100874	66632
chr1	6685415	6885415	harbor2	chr1	6685827	6686113	DNA/hAT-Charlie	1770	+	143	6685970	555
chr1	6685415	6885415	harbor2	chr1	6686106	6686219	DNA/hAT-Charlie	635	+	56	6686162	747
chr1	6685415	6885415	harbor2	chr1	6718785	6718893	DNA/hAT-Charlie	1526	+	54	6718839	33424
chr1	6685415	6885415	harbor2	chr1	6719183	6719299	DNA/hAT-Charlie	1526	+	58	6719241	33826
chr1	6685415	6885415	harbor2	chr1	6727636	6727866	DNA/hAT-Charlie	929	+	115	6727751	42336
chr1	6685415	6885415	harbor2	chr1	6743342	6743501	DNA/hAT-Charlie	756	+	80	6743422	58007
chr1	6685415	6885415	harbor2	chr1	6775819	6775994	DNA/hAT-Charlie	801	+	88	6775907	90492
chr1	119201847	119401847	harbor2	chr1	119238531	119238714	DNA/hAT-Charlie	934	+	92	119238623	36776
chr1	119201847	119401847	harbor2	chr1	119248930	119249202	DNA/hAT-Charlie	614	+	136	119249066	47219
chr1	119201847	119401847	harbor2	chr1	119280864	119281149	DNA/hAT-Charlie	973	+	142	119281006	79159
chr1	19346312	19546312	harbor2	chr1	19355132	19355211	DNA/hAT-Charlie	442	+	40	19355172	8860
chr1	19346312	19546312	harbor2	chr1	19355513	19355637	DNA/hAT-Charlie	442	+	62	19355575	9263
chr1	19346312	19546312	harbor2	chr1	19377535	19377667	DNA/hAT-Charlie	453	+	66	19377601	31289
chr1	19346312	19546312	harbor2	chr1	19380585	19380751	DNA/hAT-Charlie	779	+	83	19380668	34356
chr1	19346312	19546312	harbor2	chr1	19419026	19419346	DNA/hAT-Charlie	1094	+	160	19419186	72874
chr1	19346312	19546312	harbor2	chr1	19422181	19422362	DNA/hAT-Charlie	946	+	90	19422271	75959
chr1	17289259	17489259	harbor2	chr1	17291786	17291978	DNA/hAT-Charlie	1005	+	96	17291882	2623
chr1	17289259	17489259	harbor2	chr1	17373988	17374167	DNA/hAT-Charlie	491	+	90	17374078	84819
chr1	4635887	4835887	harbor2	chr1	4652197	4652623	DNA/hAT-Charlie	1263	+	213	4652410	16523
chr1	4635887	4835887	harbor2	chr1	4674370	4674522	DNA/hAT-Charlie	561	+	76	4674446	38559
chr1	4635887	4835887	harbor2	chr1	4695024	4695155	DNA/hAT-Charlie	474	+	66	4695090	59203
chr1	16759801	16959801	harbor2	chr1	16767449	16767736	DNA/hAT-Charlie	1166	+	144	16767593	7792
chr1	21743220	21943220	harbor2	chr1	21824925	21825287	DNA/hAT-Charlie	1362	+	181	21825106	81886
chr1	205330776	205530776	harbor2	chr1	205353140	205353480	DNA/hAT-Charlie	2060	+	170	205353310	22534
chr1	205330776	205530776	harbor2	chr1	205371117	205371250	DNA/hAT-Charlie	441	+	66	205371183	40407
chr1	5033151	5233151	harbor2	chr1	5121875	5121916	DNA/hAT-Charlie	701	+	20	5121895	88744
chr1	5033151	5233151	harbor2	chr1	5122491	5122687	DNA/hAT-Charlie	701	+	98	5122589	89438
chr1	5033151	5233151	harbor2	chr1	5124986	5125196	DNA/hAT-Charlie	928	+	105	5125091	91940
chr1	99985	299985	harbor2	chr1	178685	178904	DNA/hAT-Charlie	865	+	110	178795	78810
chr1	99985	299985	harbor2	chr1	197791	198040	DNA/hAT-Charlie	1297	+	124	197915	97930
chr1	39855815	40055815	harbor2	chr1	39863884	39863930	DNA/hAT-Charlie	889	+	23	39863907	8092
chr1	39855815	40055815	harbor2	chr1	39864186	39864327	DNA/hAT-Charlie	889	+	70	39864256	8441
chr1	39855815	40055815	harbor2	chr1	39864619	39864664	DNA/hAT-Charlie	889	+	22	39864641	8826
chr1	39855815	40055815	harbor2	chr1	39928377	39928718	DNA/hAT-Charlie	2389	+	170	39928547	72732
chr1	232882890	233082890	harbor2	chr1	232910950	232911112	DNA/hAT-Charlie	1248	+	81	232911031	28141
chr1	232882890	233082890	harbor2	chr1	232942182	232942410	DNA/hAT-Charlie	472	+	114	232942296	59406
chr1	236847274	237047274	harbor2	chr1	236852687	236852899	DNA/hAT-Charlie	1032	+	106	236852793	5519
chr1	236847274	237047274	harbor2	chr1	236860088	236860269	DNA/hAT-Charlie	722	+	90	236860178	12904
chr1	87228628	87428628	harbor2	chr1	87266882	87267107	DNA/hAT-Charlie	1068	+	112	87266994	38366
chr1	87228628	87428628	harbor2	chr1	87303970	87304257	DNA/hAT-Charlie	751	+	144	87304114	75486
chr1	11498857	11698857	harbor2	chr1	11505069	11505203	DNA/hAT-Charlie	528	+	67	11505136	6279
chr1	11498857	11698857	harbor2	chr1	11567619	11567822	DNA/hAT-Charlie	1135	+	102	11567721	68864
chr1	11498857	11698857	harbor2	chr1	11584689	11585005	DNA/hAT-Charlie	1663	+	158	11584847	85990
chr1	154985528	155185528	harbor2	chr1	155076027	155076212	DNA/hAT-Charlie	441	+	92	155076119	90591
chr1	154985528	155185528	harbor2	chr1	155076267	155076326	DNA/hAT-Charlie	441	+	30	155076297	90769
chr1	92860991	93060991	harbor2	chr1	92879997	92880182	DNA/hAT-Charlie	980	+	92	92880089	19098
chr1	92860991	93060991	harbor2	chr1	92886775	92886999	DNA/hAT-Charlie	1128	+	112	92886887	25896
chr1	92860991	93060991	harbor2	chr1	92952088	92952241	DNA/hAT-Charlie	860	+	76	92952164	91173
chr1	196346882	196546882	harbor2	chr1	196375356	196375463	DNA/hAT-Charlie	486	+	54	196375410	28528
chr1	196346882	196546882	harbor2	chr1	196375558	196375774	DNA/hAT-Charlie	765	+	108	196375666	28784
chr1	196346882	196546882	harbor2	chr1	196417107	196417188	DNA/hAT-Charlie	436	+	40	196417147	70265
chr1	176328745	176528745	harbor2	chr1	176342377	176342551	DNA/hAT-Charlie	565	+	87	176342464	13719
chr1	176328745	176528745	harbor2	chr1	176350413	176350867	DNA/hAT-Charlie	1533	+	227	176350640	21895
chr1	176328745	176528745	harbor2	chr1	176351166	176351216	DNA/hAT-Charlie	1533	+	25	176351191	22446
chr1	244608951	244808951	harbor2	chr1	244643746	244644002	DNA/hAT-Charlie	1595	+	128	244643874	34923
chr1	244608951	244808951	harbor2	chr1	244671617	244671860	DNA/hAT-Charlie	659	+	122	244671739	62788
chr1	244608951	244808951	harbor2	chr1	244692782	244692945	DNA/hAT-Charlie	847	+	82	244692864	83913
chr1	244608951	244808951	harbor2	chr1	244694199	244694378	DNA/hAT-Charlie	647	+	90	244694289	85338
chr1	244608951	244808951	harbor2	chr1	244694752	244694914	DNA/hAT-Charlie	906	+	81	244694833	85882
chr1	6686164	6886164	harbor2	chr1	6686106	6686219	DNA/hAT-Charlie	635	+	56	6686162	2
chr1	6686164	6886164	harbor2	chr1	6718785	6718893	DNA/hAT-Charlie	1526	+	54	6718839	32675
chr1	6686164	6886164	harbor2	chr1	6719183	6719299	DNA/hAT-Charlie	1526	+	58	6719241	33077
chr1	6686164	6886164	harbor2	chr1	6727636	6727866	DNA/hAT-Charlie	929	+	115	6727751	41587
chr1	6686164	6886164	harbor2	chr1	6743342	6743501	DNA/hAT-Charlie	756	+	80	6743422	57258
chr1	6686164	6886164	harbor2	chr1	6775819	6775994	DNA/hAT-Charlie	801	+	88	6775907	89743
chr1	16650676	16850676	harbor2	chr1	16690584	16690790	DNA/hAT-Charlie	850	+	103	16690687	40011
chr1	16650676	16850676	harbor2	chr1	16695805	16695968	DNA/hAT-Charlie	685	+	82	16695887	45211
chr1	16650676	16850676	harbor2	chr1	16737892	16738062	DNA/hAT-Charlie	879	+	85	16737977	87301
chr1	39855881	40055881	harbor2	chr1	39863884	39863930	DNA/hAT-Charlie	889	+	23	39863907	8026
chr1	39855881	40055881	harbor2	chr1	39864186	39864327	DNA/hAT-Charlie	889	+	70	39864256	8375
chr1	39855881	40055881	harbor2	chr1	39864619	39864664	DNA/hAT-Charlie	889	+	22	39864641	8760
chr1	39855881	40055881	harbor2	chr1	39928377	39928718	DNA/hAT-Charlie	2389	+	170	39928547	72666
chr1	226974774	227174774	harbor2	chr1	226975352	226975652	DNA/hAT-Charlie	1328	+	150	226975502	728
chr1	226974774	227174774	harbor2	chr1	226989068	226989282	DNA/hAT-Charlie	746	+	107	226989175	14401
chr1	226974774	227174774	harbor2	chr1	227072409	227072625	DNA/hAT-Charlie	812	+	108	227072517	97743
chr1	16625221	16825221	harbor2	chr1	16690584	16690790	DNA/hAT-Charlie	850	+	103	16690687	65466
chr1	16625221	16825221	harbor2	chr1	16695805	16695968	DNA/hAT-Charlie	685	+	82	16695887	70666
chr1	18175437	18375437	harbor2	chr1	18267793	18267985	DNA/hAT-Charlie	857	+	96	18267889	92452
chr1	18175437	18375437	harbor2	chr1	18274462	18274667	DNA/hAT-Charlie	951	+	102	18274564	99127
chr1	67493952	67693952	harbor2	chr1	67500199	67500467	DNA/hAT-Charlie	974	+	134	67500333	6381
chr1	67493952	67693952	harbor2	chr1	67563341	67563436	DNA/hAT-Charlie	453	+	48	67563389	69437
chr1	10732803	10932803	harbor2	chr1	10769283	10769397	DNA/hAT-Charlie	580	+	57	10769340	36537
chr1	10732803	10932803	harbor2	chr1	10784334	10784470	DNA/hAT-Charlie	550	+	68	10784402	51599
chr1	205330799	205530799	harbor2	chr1	205353140	205353480	DNA/hAT-Charlie	2060	+	170	205353310	22511
chr1	205330799	205530799	harbor2	chr1	205371117	205371250	DNA/hAT-Charlie	441	+	66	205371183	40384
chr1	16626867	16826867	harbor2	chr1	16690584	16690790	DNA/hAT-Charlie	850	+	103	16690687	63820
chr1	16626867	16826867	harbor2	chr1	16695805	16695968	DNA/hAT-Charlie	685	+	82	16695887	69020
chr1	74605285	74805285	harbor2	chr1	74625883	74626190	DNA/hAT-Charlie	1087	+	154	74626037	20752
chr1	74605285	74805285	harbor2	chr1	74667764	74667802	DNA/hAT-Charlie	510	+	19	74667783	62498
chr1	74605285	74805285	harbor2	chr1	74668167	74668393	DNA/hAT-Charlie	510	+	113	74668280	62995
chr1	74605285	74805285	harbor2	chr1	74668382	74668643	DNA/hAT-Charlie	1311	+	130	74668512	63227
chr1	74605285	74805285	harbor2	chr1	74676748	74677088	DNA/hAT-Charlie	1457	+	170	74676918	71633
chr1	74605285	74805285	harbor2	chr1	74682674	74682880	DNA/hAT-Charlie	509	+	103	74682777	77492
chr1	11740909	11940909	harbor2	chr1	11819027	11819186	DNA/hAT-Charlie	928	+	80	11819107	78198
chr1	11740909	11940909	harbor2	chr1	11831454	11831575	DNA/hAT-Charlie	575	+	60	11831514	90605
chr1	7229851	7429851	harbor2	chr1	7259366	7259527	DNA/hAT-Charlie	656	+	80	7259446	29595
chr1	7229851	7429851	harbor2	chr1	7265163	7265304	DNA/hAT-Charlie	870	+	70	7265233	35382
chr1	7229851	7429851	harbor2	chr1	7265614	7265783	DNA/hAT-Charlie	870	+	84	7265698	35847
chr1	154985521	155185521	harbor2	chr1	155076027	155076212	DNA/hAT-Charlie	441	+	92	155076119	90598
chr1	154985521	155185521	harbor2	chr1	155076267	155076326	DNA/hAT-Charlie	441	+	30	155076297	90776
chr1	43467195	43667195	harbor2	chr1	43503954	43504078	DNA/hAT-Charlie	490	+	62	43504016	36821
chr1	43467195	43667195	harbor2	chr1	43509213	43509433	DNA/hAT-Charlie	1349	+	110	43509323	42128
chr1	43467195	43667195	harbor2	chr1	43515553	43515748	DNA/hAT-Charlie	944	+	98	43515651	48456
chr1	31479906	31679906	harbor2	chr1	31508497	31508826	DNA/hAT-Charlie	696	+	164	31508661	28755
chr1	727526	927526	harbor2	chr1	782829	783115	DNA/hAT-Charlie	1171	+	143	782972	55446
chr1	727526	927526	harbor2	chr1	795362	795592	DNA/hAT-Charlie	461	+	115	795477	67951
chr1	727526	927526	harbor2	chr1	795939	796100	DNA/hAT-Charlie	817	+	80	796019	68493
chr1	727526	927526	harbor2	chr1	804219	804482	DNA/hAT-Charlie	792	+	132	804351	76825
chr1	727526	927526	harbor2	chr1	818622	818794	DNA/hAT-Charlie	517	+	86	818708	91182
chr1	226638246	226838246	harbor2	chr1	226665028	226665134	DNA/hAT-Charlie	443	+	53	226665081	26835
chr1	226638246	226838246	harbor2	chr1	226714854	226715039	DNA/hAT-Charlie	957	+	92	226714946	76700
chr1	191972112	192172112	harbor2	chr1	192007558	192007746	DNA/hAT-Charlie	745	+	94	192007652	35540
chr1	191972112	192172112	harbor2	chr1	192010502	192010684	DNA/hAT-Charlie	624	+	91	192010593	38481
chr1	191972112	192172112	harbor2	chr1	192062467	192062629	DNA/hAT-Charlie	562	+	81	192062548	90436
chr1	191972112	192172112	harbor2	chr1	192065908	192066290	DNA/hAT-Charlie	2806	+	191	192066099	93987
chr1	191972112	192172112	harbor2	chr1	192066620	192067251	DNA/hAT-Charlie	2806	+	316	192066936	94824
chr1	61555229	61755229	harbor2	chr1	61570363	61570508	DNA/hAT-Charlie	786	+	72	61570435	15206
chr1	61555229	61755229	harbor2	chr1	61582025	61582340	DNA/hAT-Charlie	1443	+	158	61582183	26954
chr1	61555229	61755229	harbor2	chr1	61635539	61635867	DNA/hAT-Charlie	2086	+	164	61635703	80474
chr1	61555229	61755229	harbor2	chr1	61644061	61644279	DNA/hAT-Charlie	1340	+	109	61644170	88941
chr1	61555229	61755229	harbor2	chr1	61648896	61649062	DNA/hAT-Charlie	489	+	83	61648979	93750
chr1	170517376	170717376	harbor2	chr1	170537553	170537727	DNA/hAT-Charlie	534	+	87	170537640	20264
chr1	170517376	170717376	harbor2	chr1	170551122	170551328	DNA/hAT-Charlie	1052	+	103	170551225	33849
chr1	16838763	17038763	harbor2	chr1	16893198	16893546	DNA/hAT-Charlie	2006	+	174	16893372	54609
chr1	38904921	39104921	harbor2	chr1	38962894	38963100	DNA/hAT-Charlie	939	+	103	38962997	58076
chr1	211730531	211930531	harbor2	chr1	211826381	211826585	DNA/hAT-Charlie	1087	+	102	211826483	95952
chr1	244605752	244805752	harbor2	chr1	244643746	244644002	DNA/hAT-Charlie	1595	+	128	244643874	38122
chr1	244605752	244805752	harbor2	chr1	244671617	244671860	DNA/hAT-Charlie	659	+	122	244671739	65987
chr1	244605752	244805752	harbor2	chr1	244692782	244692945	DNA/hAT-Charlie	847	+	82	244692864	87112
chr1	244605752	244805752	harbor2	chr1	244694199	244694378	DNA/hAT-Charlie	647	+	90	244694289	88537
chr1	244605752	244805752	harbor2	chr1	244694752	244694914	DNA/hAT-Charlie	906	+	81	244694833	89081
chr1	3143126	3343126	harbor2	chr1	3192835	3192996	DNA/hAT-Charlie	628	+	80	3192915	49789
chr1	16598500	16798500	harbor2	chr1	16690584	16690790	DNA/hAT-Charlie	850	+	103	16690687	92187
chr1	16598500	16798500	harbor2	chr1	16695805	16695968	DNA/hAT-Charlie	685	+	82	16695887	97387
chr1	76547403	76747403	harbor2	chr1	76619211	76619509	DNA/hAT-Charlie	882	+	149	76619360	71957
chr1	76547403	76747403	harbor2	chr1	76619535	76619681	DNA/hAT-Charlie	495	+	73	76619608	72205
chr1	76547403	76747403	harbor2	chr1	76622611	76622684	DNA/hAT-Charlie	477	+	36	76622647	75244
chr1	16655181	16855181	harbor2	chr1	16690584	16690790	DNA/hAT-Charlie	850	+	103	16690687	35506
chr1	16655181	16855181	harbor2	chr1	16695805	16695968	DNA/hAT-Charlie	685	+	82	16695887	40706
chr1	16655181	16855181	harbor2	chr1	16737892	16738062	DNA/hAT-Charlie	879	+	85	16737977	82796
chr1	16655181	16855181	harbor2	chr1	16753912	16754089	DNA/hAT-Charlie	942	+	88	16754000	98819
chr1	226639019	226839019	harbor2	chr1	226665028	226665134	DNA/hAT-Charlie	443	+	53	226665081	26062
chr1	226639019	226839019	harbor2	chr1	226714854	226715039	DNA/hAT-Charlie	957	+	92	226714946	75927
chr1	53847584	54047584	harbor2	chr1	53849758	53850037	DNA/hAT-Charlie	642	+	140	53849898	2314
chr1	53847584	54047584	harbor2	chr1	53905704	53905855	DNA/hAT-Charlie	494	+	76	53905780	58196
chr1	53847584	54047584	harbor2	chr1	53942265	53942585	DNA/hAT-Charlie	1467	+	160	53942425	94841
chr1	53856437	54056437	harbor2	chr1	53905704	53905855	DNA/hAT-Charlie	494	+	76	53905780	49343
chr1	53856437	54056437	harbor2	chr1	53942265	53942585	DNA/hAT-Charlie	1467	+	160	53942425	85988
chr1	162655449	162855449	harbor2	chr1	162660738	162660959	DNA/hAT-Charlie	1160	+	110	162660848	5399
chr1	154870386	155070386	harbor2	chr1	154910581	154910792	DNA/hAT-Charlie	621	+	106	154910687	40301
chr1	204830869	205030869	harbor2	chr1	204838115	204838273	DNA/hAT-Charlie	756	+	79	204838194	7325
chr1	204830869	205030869	harbor2	chr1	204840237	204840412	DNA/hAT-Charlie	549	+	88	204840325	9456
chr1	204830869	205030869	harbor2	chr1	204850258	204850453	DNA/hAT-Charlie	1368	+	98	204850356	19487
chr1	204830869	205030869	harbor2	chr1	204850837	204851178	DNA/hAT-Charlie	1368	+	170	204851007	20138
chr1	204830869	205030869	harbor2	chr1	204851176	204851321	DNA/hAT-Charlie	792	+	72	204851248	20379
chr1	204830869	205030869	harbor2	chr1	204851633	204851820	DNA/hAT-Charlie	792	+	94	204851727	20858
chr1	204830869	205030869	harbor2	chr1	204892531	204892847	DNA/hAT-Charlie	1272	+	158	204892689	61820
chr1	204830869	205030869	harbor2	chr1	204896985	204897154	DNA/hAT-Charlie	617	+	84	204897069	66200
chr1	204830869	205030869	harbor2	chr1	204918268	204918468	DNA/hAT-Charlie	1295	+	100	204918368	87499
chr1	182932329	183132329	harbor2	chr1	183000052	183000659	DNA/hAT-Charlie	1984	+	304	183000356	68027
chr1	182932329	183132329	harbor2	chr1	183029955	183030293	DNA/hAT-Charlie	1418	+	169	183030124	97795
chr1	211034229	211234229	harbor2	chr1	211100800	211100948	DNA/hAT-Charlie	588	+	74	211100874	66645
chr1	59715217	59915217	harbor2	chr1	59715821	59716035	DNA/hAT-Charlie	1155	+	107	59715928	711
chr1	59715217	59915217	harbor2	chr1	59740815	59741115	DNA/hAT-Charlie	1418	+	150	59740965	25748
chr1	59715217	59915217	harbor2	chr1	59770977	59771156	DNA/hAT-Charlie	526	+	90	59771067	55850
chr1	244735652	244935652	harbor2	chr1	244786350	244786446	DNA/hAT-Charlie	561	+	48	244786398	50746
chr1	244735652	244935652	harbor2	chr1	244797936	244798144	DNA/hAT-Charlie	1398	+	104	244798040	62388
chr1	244763056	244963056	harbor2	chr1	244786350	244786446	DNA/hAT-Charlie	561	+	48	244786398	23342
chr1	244763056	244963056	harbor2	chr1	244797936	244798144	DNA/hAT-Charlie	1398	+	104	244798040	34984
chr1	25574287	25774287	harbor2	chr1	25607602	25607751	DNA/hAT-Charlie	644	+	74	25607676	33389
chr1	25574287	25774287	harbor2	chr1	25608047	25608086	DNA/hAT-Charlie	644	+	20	25608067	33780
chr1	25574287	25774287	harbor2	chr1	25608397	25608463	DNA/hAT-Charlie	644	+	33	25608430	34143
chr1	25574287	25774287	harbor2	chr1	25653844	25654050	DNA/hAT-Charlie	813	+	103	25653947	79660
chr1	116272865	116472865	harbor2	chr1	116278253	116278426	DNA/hAT-Charlie	496	+	86	116278339	5474
chr1	116272865	116472865	harbor2	chr1	116288756	116288936	DNA/hAT-Charlie	916	+	90	116288846	15981
chr1	116272865	116472865	harbor2	chr1	116289305	116289509	DNA/hAT-Charlie	947	+	102	116289407	16542
chr1	116272865	116472865	harbor2	chr1	116306301	116306799	DNA/hAT-Charlie	2058	+	249	116306550	33685
chr1	116272865	116472865	harbor2	chr1	116313467	116313650	DNA/hAT-Charlie	819	+	92	116313559	40694
chr1	116272865	116472865	harbor2	chr1	116314011	116314136	DNA/hAT-Charlie	536	+	62	116314073	41208
chr1	116272865	116472865	harbor2	chr1	116325749	116325932	DNA/hAT-Charlie	1221	+	92	116325841	52976
chr1	116272865	116472865	harbor2	chr1	116335438	116335603	DNA/hAT-Charlie	678	+	82	116335520	62655
chr1	244631205	244831205	harbor2	chr1	244643746	244644002	DNA/hAT-Charlie	1595	+	128	244643874	12669
chr1	244631205	244831205	harbor2	chr1	244671617	244671860	DNA/hAT-Charlie	659	+	122	244671739	40534
chr1	244631205	244831205	harbor2	chr1	244692782	244692945	DNA/hAT-Charlie	847	+	82	244692864	61659
chr1	244631205	244831205	harbor2	chr1	244694199	244694378	DNA/hAT-Charlie	647	+	90	244694289	63084
chr1	244631205	244831205	harbor2	chr1	244694752	244694914	DNA/hAT-Charlie	906	+	81	244694833	63628
chr1	244631205	244831205	harbor2	chr1	244711010	244711095	DNA/hAT-Charlie	474	+	42	244711052	79847
chr1	23067990	23267990	harbor2	chr1	23134031	23134175	DNA/hAT-Charlie	573	+	72	23134103	66113
chr1	2172191	2372191	harbor2	chr1	2259140	2259326	DNA/hAT-Charlie	608	+	93	2259233	87042
chr1	244605764	244805764	harbor2	chr1	244643746	244644002	DNA/hAT-Charlie	1595	+	128	244643874	38110
chr1	244605764	244805764	harbor2	chr1	244671617	244671860	DNA/hAT-Charlie	659	+	122	244671739	65975
chr1	244605764	244805764	harbor2	chr1	244692782	244692945	DNA/hAT-Charlie	847	+	82	244692864	87100
chr1	244605764	244805764	harbor2	chr1	244694199	244694378	DNA/hAT-Charlie	647	+	90	244694289	88525
chr1	244605764	244805764	harbor2	chr1	244694752	244694914	DNA/hAT-Charlie	906	+	81	244694833	89069
chr1	6685436	6885436	harbor2	chr1	6685827	6686113	DNA/hAT-Charlie	1770	+	143	6685970	534
chr1	6685436	6885436	harbor2	chr1	6686106	6686219	DNA/hAT-Charlie	635	+	56	6686162	726
chr1	6685436	6885436	harbor2	chr1	6718785	6718893	DNA/hAT-Charlie	1526	+	54	6718839	33403
chr1	6685436	6885436	harbor2	chr1	6719183	6719299	DNA/hAT-Charlie	1526	+	58	6719241	33805
chr1	6685436	6885436	harbor2	chr1	6727636	6727866	DNA/hAT-Charlie	929	+	115	6727751	42315
chr1	6685436	6885436	harbor2	chr1	6743342	6743501	DNA/hAT-Charlie	756	+	80	6743422	57986
chr1	6685436	6885436	harbor2	chr1	6775819	6775994	DNA/hAT-Charlie	801	+	88	6775907	90471
chr1	17020269	17220269	harbor2	chr1	17064634	17064958	DNA/hAT-Charlie	1532	+	162	17064796	44527
chr1	17020269	17220269	harbor2	chr1	17075321	17075517	DNA/hAT-Charlie	939	+	98	17075419	55150
chr1	17020269	17220269	harbor2	chr1	17104319	17104426	DNA/hAT-Charlie	667	+	54	17104373	84104
chr1	17020269	17220269	harbor2	chr1	17104733	17104812	DNA/hAT-Charlie	667	+	40	17104773	84504
chr1	17020269	17220269	harbor2	chr1	17108726	17108912	DNA/hAT-Charlie	455	+	93	17108819	88550
chr1	17020269	17220269	harbor2	chr1	17116940	17117135	DNA/hAT-Charlie	934	+	98	17117038	96769
chr1	17020269	17220269	harbor2	chr1	17117144	17117428	DNA/hAT-Charlie	1195	+	142	17117286	97017
chr1	148210264	148410264	harbor2	chr1	148252530	148252741	DNA/hAT-Charlie	644	+	106	148252636	42372
chr1	148210264	148410264	harbor2	chr1	148273197	148273375	DNA/hAT-Charlie	805	+	89	148273286	63022
chr1	16603124	16803124	harbor2	chr1	16690584	16690790	DNA/hAT-Charlie	850	+	103	16690687	87563
chr1	16603124	16803124	harbor2	chr1	16695805	16695968	DNA/hAT-Charlie	685	+	82	16695887	92763
chr1	31479894	31679894	harbor2	chr1	31508497	31508826	DNA/hAT-Charlie	696	+	164	31508661	28767
chr1	167621518	167821518	harbor2	chr1	167666789	167666970	DNA/hAT-Charlie	1029	+	90	167666879	45361
chr1	86768547	86968547	harbor2	chr1	86827785	86828036	DNA/hAT-Charlie	716	+	126	86827911	59364
chr1	86768547	86968547	harbor2	chr1	86828069	86828102	DNA/hAT-Charlie	716	+	16	86828085	59538
chr1	86768547	86968547	harbor2	chr1	86849451	86849648	DNA/hAT-Charlie	610	+	98	86849549	81002
chr1	86768547	86968547	harbor2	chr1	86849968	86850093	DNA/hAT-Charlie	610	+	62	86850030	81483
chr1	2219320	2419320	harbor2	chr1	2259140	2259326	DNA/hAT-Charlie	608	+	93	2259233	39913
chr1	110113147	110313147	harbor2	chr1	110193997	110194181	DNA/hAT-Charlie	600	+	92	110194089	80942
chr1	180065529	180265529	harbor2	chr1	180097136	180097354	DNA/hAT-Charlie	1113	+	109	180097245	31716
chr1	180065529	180265529	harbor2	chr1	180108682	180108874	DNA/hAT-Charlie	586	+	96	180108778	43249
chr1	23271185	23471185	harbor2	chr1	23280534	23280636	DNA/hAT-Charlie	563	+	51	23280585	9400
chr1	23271185	23471185	harbor2	chr1	23301560	23301709	DNA/hAT-Charlie	635	+	74	23301634	30449
chr1	23271185	23471185	harbor2	chr1	23335366	23335809	DNA/hAT-Charlie	2920	+	222	23335588	64403
chr1	89618068	89818068	harbor2	chr1	89624779	89625003	DNA/hAT-Charlie	598	+	112	89624891	6823
chr1	89618068	89818068	harbor2	chr1	89682476	89683362	DNA/hAT-Charlie	4959	+	443	89682919	64851
chr1	89618068	89818068	harbor2	chr1	89683654	89684221	DNA/hAT-Charlie	4959	+	284	89683938	65870
chr1	727539	927539	harbor2	chr1	782829	783115	DNA/hAT-Charlie	1171	+	143	782972	55433
chr1	727539	927539	harbor2	chr1	795362	795592	DNA/hAT-Charlie	461	+	115	795477	67938
chr1	727539	927539	harbor2	chr1	795939	796100	DNA/hAT-Charlie	817	+	80	796019	68480
chr1	727539	927539	harbor2	chr1	804219	804482	DNA/hAT-Charlie	792	+	132	804351	76812
chr1	727539	927539	harbor2	chr1	818622	818794	DNA/hAT-Charlie	517	+	86	818708	91169
chr1	7672052	7872052	harbor2	chr1	7709845	7709975	DNA/hAT-Charlie	440	+	65	7709910	37858
chr1	7672052	7872052	harbor2	chr1	7725664	7725827	DNA/hAT-Charlie	719	+	82	7725746	53694
chr1	7672052	7872052	harbor2	chr1	7747199	7747369	DNA/hAT-Charlie	440	+	85	7747284	75232
chr1	214181152	214381152	harbor2	chr1	214223774	214223823	DNA/hAT-Charlie	592	+	24	214223798	42646
chr1	214181152	214381152	harbor2	chr1	214224134	214224243	DNA/hAT-Charlie	592	+	54	214224188	43036
chr1	214181152	214381152	harbor2	chr1	214236754	214236920	DNA/hAT-Charlie	725	+	83	214236837	55685
chr1	32232884	32432884	harbor2	chr1	32245594	32245752	DNA/hAT-Charlie	889	+	79	32245673	12789
chr1	32232884	32432884	harbor2	chr1	32287812	32287876	DNA/hAT-Charlie	601	+	32	32287844	54960
chr1	32232884	32432884	harbor2	chr1	32288188	32288308	DNA/hAT-Charlie	601	+	60	32288248	55364
chr1	32232884	32432884	harbor2	chr1	32290664	32290756	DNA/hAT-Charlie	597	+	46	32290710	57826
chr1	51230916	51430916	harbor2	chr1	51259084	51259296	DNA/hAT-Charlie	1047	+	106	51259190	28274
chr1	51230916	51430916	harbor2	chr1	51303934	51304388	DNA/hAT-Charlie	795	+	227	51304161	73245
chr1	244609671	244809671	harbor2	chr1	244643746	244644002	DNA/hAT-Charlie	1595	+	128	244643874	34203
chr1	244609671	244809671	harbor2	chr1	244671617	244671860	DNA/hAT-Charlie	659	+	122	244671739	62068
chr1	244609671	244809671	harbor2	chr1	244692782	244692945	DNA/hAT-Charlie	847	+	82	244692864	83193
chr1	244609671	244809671	harbor2	chr1	244694199	244694378	DNA/hAT-Charlie	647	+	90	244694289	84618
chr1	244609671	244809671	harbor2	chr1	244694752	244694914	DNA/hAT-Charlie	906	+	81	244694833	85162
chr1	20052576	20252576	harbor2	chr1	20064807	20064973	DNA/hAT-Charlie	757	+	83	20064890	12314
chr1	20052576	20252576	harbor2	chr1	20147127	20147301	DNA/hAT-Charlie	857	+	87	20147214	94638
chr1	16660926	16860926	harbor2	chr1	16690584	16690790	DNA/hAT-Charlie	850	+	103	16690687	29761
chr1	16660926	16860926	harbor2	chr1	16695805	16695968	DNA/hAT-Charlie	685	+	82	16695887	34961
chr1	16660926	16860926	harbor2	chr1	16737892	16738062	DNA/hAT-Charlie	879	+	85	16737977	77051
chr1	16660926	16860926	harbor2	chr1	16753912	16754089	DNA/hAT-Charlie	942	+	88	16754000	93074
chr1	16660926	16860926	harbor2	chr1	16756904	16757172	DNA/hAT-Charlie	1085	+	134	16757038	96112
chr1	223604865	223804865	harbor2	chr1	223610833	223611014	DNA/hAT-Charlie	817	+	90	223610923	6058
chr1	223604865	223804865	harbor2	chr1	223644700	223644859	DNA/hAT-Charlie	576	+	80	223644780	39915
chr1	223604865	223804865	harbor2	chr1	223703797	223703910	DNA/hAT-Charlie	502	+	56	223703853	98988
chr1	16626815	16826815	harbor2	chr1	16690584	16690790	DNA/hAT-Charlie	850	+	103	16690687	63872
chr1	16626815	16826815	harbor2	chr1	16695805	16695968	DNA/hAT-Charlie	685	+	82	16695887	69072
chr1	3449903	3649903	harbor2	chr1	3534222	3534440	DNA/hAT-Charlie	602	+	109	3534331	84428
chr1	22502698	22702698	harbor2	chr1	22536856	22537036	DNA/hAT-Charlie	674	+	90	22536946	34248
chr1	22502698	22702698	harbor2	chr1	22540872	22540970	DNA/hAT-Charlie	471	+	49	22540921	38223
chr1	22502698	22702698	harbor2	chr1	22541887	22541990	DNA/hAT-Charlie	445	+	52	22541939	39241
chr1	22502698	22702698	harbor2	chr1	22542303	22542372	DNA/hAT-Charlie	445	+	34	22542337	39639
chr1	22502698	22702698	harbor2	chr1	22594393	22594547	DNA/hAT-Charlie	673	+	77	22594470	91772
chr1	228074079	228274079	harbor2	chr1	228095433	228095634	DNA/hAT-Charlie	1043	+	100	228095533	21454
chr1	228074079	228274079	harbor2	chr1	228167250	228167352	DNA/hAT-Charlie	533	+	51	228167301	93222
chr1	228074079	228274079	harbor2	chr1	228167657	228167754	DNA/hAT-Charlie	533	+	48	228167705	93626
chr1	244605740	244805740	harbor2	chr1	244643746	244644002	DNA/hAT-Charlie	1595	+	128	244643874	38134
chr1	244605740	244805740	harbor2	chr1	244671617	244671860	DNA/hAT-Charlie	659	+	122	244671739	65999
chr1	244605740	244805740	harbor2	chr1	244692782	244692945	DNA/hAT-Charlie	847	+	82	244692864	87124
chr1	244605740	244805740	harbor2	chr1	244694199	244694378	DNA/hAT-Charlie	647	+	90	244694289	88549
chr1	244605740	244805740	harbor2	chr1	244694752	244694914	DNA/hAT-Charlie	906	+	81	244694833	89093
chr1	230028630	230228630	harbor2	chr1	230046034	230046308	DNA/hAT-Charlie	786	+	137	230046171	17541
chr1	230028630	230228630	harbor2	chr1	230087496	230087637	DNA/hAT-Charlie	468	+	70	230087566	58936
chr1	19544301	19744301	harbor2	chr1	19549056	19549124	DNA/hAT-Charlie	448	+	34	19549090	4789
chr1	19544301	19744301	harbor2	chr1	19549444	19549633	DNA/hAT-Charlie	448	+	94	19549538	5237
chr1	19544301	19744301	harbor2	chr1	19567266	19567670	DNA/hAT-Charlie	1784	+	202	19567468	23167
chr1	19544301	19744301	harbor2	chr1	19567988	19568071	DNA/hAT-Charlie	1784	+	42	19568030	23729
chr1	47318309	47518309	harbor2	chr1	47331175	47331304	DNA/hAT-Charlie	530	+	64	47331239	12930
chr1	165727908	165927908	harbor2	chr1	165811228	165811530	DNA/hAT-Charlie	576	+	151	165811379	83471
chr1	241289600	241489600	harbor2	chr1	241345405	241345752	DNA/hAT-Charlie	555	+	174	241345579	55979
chr1	241289600	241489600	harbor2	chr1	241346033	241346150	DNA/hAT-Charlie	555	+	58	241346091	56491
chr1	44703624	44903624	harbor2	chr1	44783726	44783905	DNA/hAT-Charlie	919	+	90	44783816	80192
chr1	16626840	16826840	harbor2	chr1	16690584	16690790	DNA/hAT-Charlie	850	+	103	16690687	63847
chr1	16626840	16826840	harbor2	chr1	16695805	16695968	DNA/hAT-Charlie	685	+	82	16695887	69047
chr1	11741330	11941330	harbor2	chr1	11819027	11819186	DNA/hAT-Charlie	928	+	80	11819107	77777
chr1	11741330	11941330	harbor2	chr1	11831454	11831575	DNA/hAT-Charlie	575	+	60	11831514	90184
chr1	203029240	203229240	harbor2	chr1	203064556	203064859	DNA/hAT-Charlie	1016	+	152	203064708	35468
chr1	212332813	212532813	harbor2	chr1	212376878	212377092	DNA/hAT-Charlie	456	+	107	212376985	44172
chr1	212332813	212532813	harbor2	chr1	212408874	212409208	DNA/hAT-Charlie	2322	+	167	212409041	76228
chr1	32108058	32308058	harbor2	chr1	32186799	32186925	DNA/hAT-Charlie	1060	+	63	32186862	78804
chr1	32108058	32308058	harbor2	chr1	32187202	32187364	DNA/hAT-Charlie	1060	+	81	32187283	79225
chr1	53584910	53784910	harbor2	chr1	53617138	53617553	DNA/hAT-Charlie	1404	+	208	53617346	32436
chr1	53584910	53784910	harbor2	chr1	53617581	53617811	DNA/hAT-Charlie	592	+	115	53617696	32786
chr1	53584910	53784910	harbor2	chr1	53674260	53674440	DNA/hAT-Charlie	820	+	90	53674350	89440
chr1	230743397	230943397	harbor2	chr1	230746780	230746972	DNA/hAT-Charlie	1038	+	96	230746876	3479
chr1	230743397	230943397	harbor2	chr1	230797044	230797192	DNA/hAT-Charlie	487	+	74	230797118	53721
chr1	230743397	230943397	harbor2	chr1	230798776	230798930	DNA/hAT-Charlie	540	+	77	230798853	55456
chr1	230743397	230943397	harbor2	chr1	230800669	230800818	DNA/hAT-Charlie	791	+	74	230800743	57346
chr1	89721814	89921814	harbor2	chr1	89731481	89731651	DNA/hAT-Charlie	764	+	85	89731566	9752
chr1	89721814	89921814	harbor2	chr1	89754727	89754941	DNA/hAT-Charlie	1142	+	107	89754834	33020
chr1	89721814	89921814	harbor2	chr1	89800566	89800709	DNA/hAT-Charlie	464	+	72	89800638	78824
chr1	116393750	116593750	harbor2	chr1	116404829	116404987	DNA/hAT-Charlie	603	+	79	116404908	11158
chr1	116393750	116593750	harbor2	chr1	116407666	116407839	DNA/hAT-Charlie	929	+	86	116407752	14002
chr1	116393750	116593750	harbor2	chr1	116411297	116411471	DNA/hAT-Charlie	813	+	87	116411384	17634
chr1	116393750	116593750	harbor2	chr1	116411790	116411966	DNA/hAT-Charlie	794	+	88	116411878	18128
chr1	220688388	220888388	harbor2	chr1	220760240	220760746	DNA/hAT-Charlie	1556	+	253	220760493	72105
chr1	220688388	220888388	harbor2	chr1	220760780	220761111	DNA/hAT-Charlie	962	+	166	220760946	72558
chr1	220688388	220888388	harbor2	chr1	220761340	220761481	DNA/hAT-Charlie	713	+	70	220761410	73022
chr1	220688388	220888388	harbor2	chr1	220768154	220768401	DNA/hAT-Charlie	708	+	124	220768278	79890
chr1	235647632	235847632	harbor2	chr1	235651608	235651769	DNA/hAT-Charlie	869	+	80	235651688	4056
chr1	235647632	235847632	harbor2	chr1	235713525	235713755	DNA/hAT-Charlie	1073	+	115	235713640	66008
chr1	79970074	80170074	harbor2	chr1	79978969	79979095	DNA/hAT-Charlie	477	+	63	79979032	8958
chr1	100904301	101104301	harbor2	chr1	100930889	100931075	DNA/hAT-Charlie	873	+	93	100930982	26681
chr1	100904301	101104301	harbor2	chr1	100963631	100963801	DNA/hAT-Charlie	600	+	85	100963716	59415
chr1	6601951	6801951	harbor2	chr1	6645282	6645423	DNA/hAT-Charlie	540	+	70	6645352	43401
chr1	6601951	6801951	harbor2	chr1	6685235	6685408	DNA/hAT-Charlie	1770	+	86	6685321	83370
chr1	6601951	6801951	harbor2	chr1	6685827	6686113	DNA/hAT-Charlie	1770	+	143	6685970	84019
chr1	6601951	6801951	harbor2	chr1	6686106	6686219	DNA/hAT-Charlie	635	+	56	6686162	84211
chr1	23880282	24080282	harbor2	chr1	23915656	23915813	DNA/hAT-Charlie	938	+	78	23915734	35452
chr1	237493862	237693862	harbor2	chr1	237512088	237512377	DNA/hAT-Charlie	834	+	144	237512232	18370
chr1	237493862	237693862	harbor2	chr1	237585036	237585206	DNA/hAT-Charlie	762	+	85	237585121	91259
chr1	5894141	6094141	harbor2	chr1	5918991	5919198	DNA/hAT-Charlie	1005	+	104	5919095	24954
chr1	5894141	6094141	harbor2	chr1	5967691	5967918	DNA/hAT-Charlie	1053	+	114	5967805	73664
chr1	5894141	6094141	harbor2	chr1	5987346	5987506	DNA/hAT-Charlie	482	+	80	5987426	93285
chr1	5894141	6094141	harbor2	chr1	5987550	5988662	DNA/hAT-Charlie	4624	+	556	5988106	93965
chr1	5894141	6094141	harbor2	chr1	5991414	5991535	DNA/hAT-Charlie	439	+	60	5991474	97333
chr1	207932133	208132133	harbor2	chr1	208001327	208001487	DNA/hAT-Charlie	684	+	80	208001407	69274
chr1	7653025	7853025	harbor2	chr1	7709845	7709975	DNA/hAT-Charlie	440	+	65	7709910	56885
chr1	7653025	7853025	harbor2	chr1	7725664	7725827	DNA/hAT-Charlie	719	+	82	7725746	72721
chr1	7653025	7853025	harbor2	chr1	7747199	7747369	DNA/hAT-Charlie	440	+	85	7747284	94259
chr1	101801228	102001228	harbor2	chr1	101831685	101831824	DNA/hAT-Charlie	694	+	70	101831755	30527
chr1	101801228	102001228	harbor2	chr1	101833728	101833899	DNA/hAT-Charlie	451	+	86	101833814	32586
chr1	19567950	19767950	harbor2	chr1	19567988	19568071	DNA/hAT-Charlie	1784	+	42	19568030	80
chr1	211005470	211205470	harbor2	chr1	211100800	211100948	DNA/hAT-Charlie	588	+	74	211100874	95404
chr1	2211104	2411104	harbor2	chr1	2259140	2259326	DNA/hAT-Charlie	608	+	93	2259233	48129
chr1	54663786	54863786	harbor2	chr1	54710761	54710977	DNA/hAT-Charlie	962	+	108	54710869	47083
chr1	54663786	54863786	harbor2	chr1	54719829	54719896	DNA/hAT-Charlie	539	+	34	54719863	56077
chr1	54663786	54863786	harbor2	chr1	54720192	54720319	DNA/hAT-Charlie	539	+	64	54720256	56470
chr1	54663786	54863786	harbor2	chr1	54730427	54730580	DNA/hAT-Charlie	700	+	76	54730503	66717
chr1	54663786	54863786	harbor2	chr1	54746065	54746398	DNA/hAT-Charlie	2308	+	166	54746231	82445
chr1	70202324	70402324	harbor2	chr1	70234457	70234643	DNA/hAT-Charlie	532	+	93	70234550	32226
chr1	70202324	70402324	harbor2	chr1	70237699	70237835	DNA/hAT-Charlie	460	+	68	70237767	35443
chr1	70202324	70402324	harbor2	chr1	70264069	70264193	DNA/hAT-Charlie	1134	+	62	70264131	61807
chr1	70202324	70402324	harbor2	chr1	70264503	70264680	DNA/hAT-Charlie	1134	+	88	70264591	62267
chr1	70202324	70402324	harbor2	chr1	70298755	70298935	DNA/hAT-Charlie	835	+	90	70298845	96521
chr1	26595855	26795855	harbor2	chr1	26650157	26650315	DNA/hAT-Charlie	616	+	79	26650236	54381
chr1	246213932	246413932	harbor2	chr1	246230701	246230896	DNA/hAT-Charlie	866	+	98	246230799	16867
chr1	246213932	246413932	harbor2	chr1	246235798	246235947	DNA/hAT-Charlie	766	+	74	246235872	21940
chr1	6685468	6885468	harbor2	chr1	6685827	6686113	DNA/hAT-Charlie	1770	+	143	6685970	502
chr1	6685468	6885468	harbor2	chr1	6686106	6686219	DNA/hAT-Charlie	635	+	56	6686162	694
chr1	6685468	6885468	harbor2	chr1	6718785	6718893	DNA/hAT-Charlie	1526	+	54	6718839	33371
chr1	6685468	6885468	harbor2	chr1	6719183	6719299	DNA/hAT-Charlie	1526	+	58	6719241	33773
chr1	6685468	6885468	harbor2	chr1	6727636	6727866	DNA/hAT-Charlie	929	+	115	6727751	42283
chr1	6685468	6885468	harbor2	chr1	6743342	6743501	DNA/hAT-Charlie	756	+	80	6743422	57954
chr1	6685468	6885468	harbor2	chr1	6775819	6775994	DNA/hAT-Charlie	801	+	88	6775907	90439
chr1	165495090	165695090	harbor2	chr1	165501910	165502133	DNA/hAT-Charlie	447	+	112	165502022	6932
chr1	165495090	165695090	harbor2	chr1	165514241	165514408	DNA/hAT-Charlie	807	+	84	165514325	19235
chr1	165495090	165695090	harbor2	chr1	165514434	165514568	DNA/hAT-Charlie	476	+	67	165514501	19411
chr1	165495090	165695090	harbor2	chr1	165550323	165550517	DNA/hAT-Charlie	962	+	97	165550420	55330
chr1	165495090	165695090	harbor2	chr1	165594014	165594303	DNA/hAT-Charlie	1379	+	144	165594158	99068
chr1	230940404	231140404	harbor2	chr1	230946504	230946824	DNA/hAT-Charlie	506	+	160	230946664	6260
chr1	230940404	231140404	harbor2	chr1	230950661	230951206	DNA/hAT-Charlie	758	+	272	230950933	10529
chr1	230940404	231140404	harbor2	chr1	230951221	230951486	DNA/hAT-Charlie	707	+	132	230951353	10949
chr1	230940404	231140404	harbor2	chr1	230951554	230952318	DNA/hAT-Charlie	1895	+	382	230951936	11532
chr1	42648943	42848943	harbor2	chr1	42661822	42662047	DNA/hAT-Charlie	588	+	112	42661934	12991
chr1	42648943	42848943	harbor2	chr1	42670652	42670783	DNA/hAT-Charlie	717	+	66	42670718	21775
chr1	42648943	42848943	harbor2	chr1	42671096	42671146	DNA/hAT-Charlie	717	+	25	42671121	22178
chr1	42648943	42848943	harbor2	chr1	42671453	42671503	DNA/hAT-Charlie	717	+	25	42671478	22535
chr1	42648943	42848943	harbor2	chr1	42733455	42733608	DNA/hAT-Charlie	514	+	76	42733531	84588
chr1	169022360	169222360	harbor2	chr1	169069388	169069619	DNA/hAT-Charlie	457	+	116	169069504	47144
chr1	17063875	17263875	harbor2	chr1	17064634	17064958	DNA/hAT-Charlie	1532	+	162	17064796	921
chr1	17063875	17263875	harbor2	chr1	17075321	17075517	DNA/hAT-Charlie	939	+	98	17075419	11544
chr1	17063875	17263875	harbor2	chr1	17104319	17104426	DNA/hAT-Charlie	667	+	54	17104373	40498
chr1	17063875	17263875	harbor2	chr1	17104733	17104812	DNA/hAT-Charlie	667	+	40	17104773	40898
chr1	17063875	17263875	harbor2	chr1	17108726	17108912	DNA/hAT-Charlie	455	+	93	17108819	44944
chr1	17063875	17263875	harbor2	chr1	17116940	17117135	DNA/hAT-Charlie	934	+	98	17117038	53163
chr1	17063875	17263875	harbor2	chr1	17117144	17117428	DNA/hAT-Charlie	1195	+	142	17117286	53411
chr1	17063875	17263875	harbor2	chr1	17124321	17124395	DNA/hAT-Charlie	547	+	37	17124358	60483
chr1	17063875	17263875	harbor2	chr1	17124847	17124967	DNA/hAT-Charlie	547	+	60	17124907	61032
chr1	17063875	17263875	harbor2	chr1	17125273	17125368	DNA/hAT-Charlie	547	+	48	17125321	61446
chr1	17063875	17263875	harbor2	chr1	17144875	17144995	DNA/hAT-Charlie	536	+	60	17144935	81060
chr1	31973331	32173331	harbor2	chr1	32028202	32028369	DNA/hAT-Charlie	776	+	84	32028286	54955
chr1	31973331	32173331	harbor2	chr1	32054686	32054876	DNA/hAT-Charlie	1201	+	95	32054781	81450
chr1	22374602	22574602	harbor2	chr1	22375415	22375654	DNA/hAT-Charlie	512	+	120	22375535	933
chr1	22374602	22574602	harbor2	chr1	22413478	22413689	DNA/hAT-Charlie	950	+	106	22413584	38982
chr1	22374602	22574602	harbor2	chr1	22432861	22433008	DNA/hAT-Charlie	618	+	74	22432935	58333
chr1	22374602	22574602	harbor2	chr1	22452359	22452678	DNA/hAT-Charlie	986	+	160	22452519	77917
chr1	22374602	22574602	harbor2	chr1	22456413	22456575	DNA/hAT-Charlie	526	+	81	22456494	81892
chr1	22374602	22574602	harbor2	chr1	22473136	22473295	DNA/hAT-Charlie	760	+	80	22473216	98614
chr1	2167580	2367580	harbor2	chr1	2259140	2259326	DNA/hAT-Charlie	608	+	93	2259233	91653
chr1	199637514	199837514	harbor2	chr1	199729634	199729843	DNA/hAT-Charlie	878	+	104	199729738	92224
chr1	114616806	114816806	harbor2	chr1	114663593	114663927	DNA/hAT-Charlie	1732	+	167	114663760	46954
chr1	114616806	114816806	harbor2	chr1	114711813	114711964	DNA/hAT-Charlie	628	+	76	114711889	95083
chr1	248598635	248798635	harbor2	chr1	248651792	248652073	DNA/hAT-Charlie	645	+	140	248651932	53297
chr1	248598635	248798635	harbor2	chr1	248694873	248695026	DNA/hAT-Charlie	799	+	76	248694949	96314
chr1	2189302	2389302	harbor2	chr1	2259140	2259326	DNA/hAT-Charlie	608	+	93	2259233	69931
chr1	6686533	6886533	harbor2	chr1	6718785	6718893	DNA/hAT-Charlie	1526	+	54	6718839	32306
chr1	6686533	6886533	harbor2	chr1	6719183	6719299	DNA/hAT-Charlie	1526	+	58	6719241	32708
chr1	6686533	6886533	harbor2	chr1	6727636	6727866	DNA/hAT-Charlie	929	+	115	6727751	41218
chr1	6686533	6886533	harbor2	chr1	6743342	6743501	DNA/hAT-Charlie	756	+	80	6743422	56889
chr1	6686533	6886533	harbor2	chr1	6775819	6775994	DNA/hAT-Charlie	801	+	88	6775907	89374
chr1	244608247	244808247	harbor2	chr1	244643746	244644002	DNA/hAT-Charlie	1595	+	128	244643874	35627
chr1	244608247	244808247	harbor2	chr1	244671617	244671860	DNA/hAT-Charlie	659	+	122	244671739	63492
chr1	244608247	244808247	harbor2	chr1	244692782	244692945	DNA/hAT-Charlie	847	+	82	244692864	84617
chr1	244608247	244808247	harbor2	chr1	244694199	244694378	DNA/hAT-Charlie	647	+	90	244694289	86042
chr1	244608247	244808247	harbor2	chr1	244694752	244694914	DNA/hAT-Charlie	906	+	81	244694833	86586
chr1	40924280	41124280	harbor2	chr1	40939933	40940075	DNA/hAT-Charlie	469	+	71	40940004	15724
chr1	40924280	41124280	harbor2	chr1	40940060	40940216	DNA/hAT-Charlie	669	+	78	40940138	15858
chr1	40924280	41124280	harbor2	chr1	40956541	40956874	DNA/hAT-Charlie	779	+	166	40956707	32427
chr1	40924280	41124280	harbor2	chr1	40960075	40960144	DNA/hAT-Charlie	3116	+	34	40960109	35829
chr1	40924280	41124280	harbor2	chr1	40960442	40960558	DNA/hAT-Charlie	3116	+	58	40960500	36220
chr1	40924280	41124280	harbor2	chr1	40961733	40961999	DNA/hAT-Charlie	3116	+	133	40961866	37586
chr1	40924280	41124280	harbor2	chr1	40962277	40962359	DNA/hAT-Charlie	3116	+	41	40962318	38038
chr1	40924280	41124280	harbor2	chr1	40962665	40962984	DNA/hAT-Charlie	3116	+	160	40962825	38545
chr1	40924280	41124280	harbor2	chr1	40963420	40963443	DNA/hAT-Charlie	3116	+	12	40963432	39152
chr1	40924280	41124280	harbor2	chr1	40963756	40963866	DNA/hAT-Charlie	3116	+	55	40963811	39531
chr1	40924280	41124280	harbor2	chr1	40975366	40975584	DNA/hAT-Charlie	680	+	109	40975475	51195
chr1	40924280	41124280	harbor2	chr1	40990033	40990254	DNA/hAT-Charlie	1063	+	110	40990143	65863
chr1	40924280	41124280	harbor2	chr1	40959824	40960076	DNA/hAT-Charlie	1032	+	126	40959950	35670
chr1	211034263	211234263	harbor2	chr1	211100800	211100948	DNA/hAT-Charlie	588	+	74	211100874	66611
chr1	234510831	234710831	harbor2	chr1	234578320	234578465	DNA/hAT-Charlie	578	+	72	234578392	67561
chr1	211034198	211234198	harbor2	chr1	211100800	211100948	DNA/hAT-Charlie	588	+	74	211100874	66676
chr1	37143776	37343776	harbor2	chr1	37178351	37178566	DNA/hAT-Charlie	1090	+	108	37178459	34683
chr1	37143776	37343776	harbor2	chr1	37196674	37196924	DNA/hAT-Charlie	1423	+	125	37196799	53023
chr1	37143776	37343776	harbor2	chr1	37232485	37232665	DNA/hAT-Charlie	464	+	90	37232575	88799
chr1	42319822	42519822	harbor2	chr1	42349512	42349837	DNA/hAT-Charlie	1228	+	162	42349674	29852
chr1	17216061	17416061	harbor2	chr1	17240909	17241045	DNA/hAT-Charlie	557	+	68	17240977	24916
chr1	17216061	17416061	harbor2	chr1	17242277	17242464	DNA/hAT-Charlie	843	+	94	17242371	26310
chr1	17216061	17416061	harbor2	chr1	17291786	17291978	DNA/hAT-Charlie	1005	+	96	17291882	75821
chr1	155844472	156044472	harbor2	chr1	155873643	155873835	DNA/hAT-Charlie	1120	+	96	155873739	29267
chr1	155844472	156044472	harbor2	chr1	155920926	155921135	DNA/hAT-Charlie	900	+	104	155921030	76558
chr1	155844472	156044472	harbor2	chr1	155931916	155932052	DNA/hAT-Charlie	611	+	68	155931984	87512
chr1	223143141	223343141	harbor2	chr1	223210439	223210902	DNA/hAT-Charlie	1385	+	232	223210671	67530
chr1	3268502	3468502	harbor2	chr1	3357717	3357926	DNA/hAT-Charlie	679	+	104	3357821	89319
chr1	226308052	226508052	harbor2	chr1	226347036	226347216	DNA/hAT-Charlie	982	+	90	226347126	39074
chr1	226308052	226508052	harbor2	chr1	226375549	226375803	DNA/hAT-Charlie	976	+	127	226375676	67624
chr1	54787204	54987204	harbor2	chr1	54793939	54794106	DNA/hAT-Charlie	869	+	84	54794023	6819
chr1	54787204	54987204	harbor2	chr1	54843122	54843411	DNA/hAT-Charlie	1753	+	144	54843266	56062
chr1	54787204	54987204	harbor2	chr1	54856191	54856311	DNA/hAT-Charlie	510	+	60	54856251	69047
chr1	54787204	54987204	harbor2	chr1	54861205	54861379	DNA/hAT-Charlie	566	+	87	54861292	74088
chr1	46503997	46703997	harbor2	chr1	46602561	46602761	DNA/hAT-Charlie	1395	+	100	46602661	98664
chr1	54388402	54588402	harbor2	chr1	54480840	54481090	DNA/hAT-Charlie	1447	+	125	54480965	92563
chr1	235227639	235427639	harbor2	chr1	235279066	235279203	DNA/hAT-Charlie	696	+	68	235279134	51495
chr1	235227639	235427639	harbor2	chr1	235301184	235301255	DNA/hAT-Charlie	468	+	36	235301220	73581
chr1	235227639	235427639	harbor2	chr1	235302381	235302639	DNA/hAT-Charlie	1134	+	129	235302510	74871
chr2	219078283	219278283	harbor2	chr2	219078778	219079012	DNA/hAT-Charlie	754	+	117	219078895	612
chr2	219078283	219278283	harbor2	chr2	219128104	219128369	DNA/hAT-Charlie	1310	+	132	219128236	49953
chr2	26950611	27150611	harbor2	chr2	26997254	26997472	DNA/hAT-Charlie	1490	+	109	26997363	46752
chr2	26950611	27150611	harbor2	chr2	27037275	27037443	DNA/hAT-Charlie	514	+	84	27037359	86748
chr2	74415897	74615897	harbor2	chr2	74437571	74437731	DNA/hAT-Charlie	498	+	80	74437651	21754
chr2	74415897	74615897	harbor2	chr2	74494651	74494723	DNA/hAT-Charlie	779	+	36	74494687	78790
chr2	74415897	74615897	harbor2	chr2	74495020	74495123	DNA/hAT-Charlie	779	+	52	74495072	79175
chr2	197400198	197600198	harbor2	chr2	197472284	197472486	DNA/hAT-Charlie	1622	+	101	197472385	72187
chr2	26950767	27150767	harbor2	chr2	26997254	26997472	DNA/hAT-Charlie	1490	+	109	26997363	46596
chr2	26950767	27150767	harbor2	chr2	27037275	27037443	DNA/hAT-Charlie	514	+	84	27037359	86592
chr2	74455111	74655111	harbor2	chr2	74494651	74494723	DNA/hAT-Charlie	779	+	36	74494687	39576
chr2	74455111	74655111	harbor2	chr2	74495020	74495123	DNA/hAT-Charlie	779	+	52	74495072	39961
chr2	219078260	219278260	harbor2	chr2	219078778	219079012	DNA/hAT-Charlie	754	+	117	219078895	635
chr2	219078260	219278260	harbor2	chr2	219128104	219128369	DNA/hAT-Charlie	1310	+	132	219128236	49976
chr2	218223278	218423278	harbor2	chr2	218317227	218317360	DNA/hAT-Charlie	460	+	66	218317293	94015
chr2	219078276	219278276	harbor2	chr2	219078778	219079012	DNA/hAT-Charlie	754	+	117	219078895	619
chr2	219078276	219278276	harbor2	chr2	219128104	219128369	DNA/hAT-Charlie	1310	+	132	219128236	49960
chr2	152618586	152818586	harbor2	chr2	152663268	152663415	DNA/hAT-Charlie	863	+	74	152663342	44756
chr2	152618586	152818586	harbor2	chr2	152664820	152665107	DNA/hAT-Charlie	1556	+	144	152664964	46378
chr2	152618586	152818586	harbor2	chr2	152665170	152665358	DNA/hAT-Charlie	638	+	94	152665264	46678
chr2	152618586	152818586	harbor2	chr2	152667713	152667838	DNA/hAT-Charlie	581	+	62	152667775	49189
chr2	152618586	152818586	harbor2	chr2	152674101	152674309	DNA/hAT-Charlie	479	+	104	152674205	55619
chr2	152618586	152818586	harbor2	chr2	152682838	152683140	DNA/hAT-Charlie	1916	+	151	152682989	64403
chr2	152618586	152818586	harbor2	chr2	152699165	152699383	DNA/hAT-Charlie	1361	+	109	152699274	80688
chr2	62949558	63149558	harbor2	chr2	62950190	62950681	DNA/hAT-Charlie	2075	+	246	62950436	878
chr2	62949558	63149558	harbor2	chr2	62997821	62998035	DNA/hAT-Charlie	547	+	107	62997928	48370
chr2	86976766	87176766	harbor2	chr2	87001766	87001861	DNA/hAT-Charlie	459	+	48	87001814	25048
chr2	86976766	87176766	harbor2	chr2	87002181	87002242	DNA/hAT-Charlie	459	+	30	87002211	25445
chr2	86976766	87176766	harbor2	chr2	87006205	87006479	DNA/hAT-Charlie	1246	+	137	87006342	29576
chr2	86976766	87176766	harbor2	chr2	87010407	87010625	DNA/hAT-Charlie	653	+	109	87010516	33750
chr2	86976766	87176766	harbor2	chr2	87028939	87029152	DNA/hAT-Charlie	901	+	106	87029045	52279
chr2	54998188	55198188	harbor2	chr2	55031715	55031867	DNA/hAT-Charlie	691	+	76	55031791	33603
chr2	54998188	55198188	harbor2	chr2	55051637	55051937	DNA/hAT-Charlie	1009	+	150	55051787	53599
chr2	26950232	27150232	harbor2	chr2	26997254	26997472	DNA/hAT-Charlie	1490	+	109	26997363	47131
chr2	26950232	27150232	harbor2	chr2	27037275	27037443	DNA/hAT-Charlie	514	+	84	27037359	87127
chr2	190775521	190975521	harbor2	chr2	190838192	190838355	DNA/hAT-Charlie	635	+	82	190838274	62753
chr2	190775521	190975521	harbor2	chr2	190851076	190851317	DNA/hAT-Charlie	587	+	120	190851196	75675
chr2	190775521	190975521	harbor2	chr2	190867610	190867893	DNA/hAT-Charlie	556	+	142	190867752	92231
chr2	86976313	87176313	harbor2	chr2	87001766	87001861	DNA/hAT-Charlie	459	+	48	87001814	25501
chr2	86976313	87176313	harbor2	chr2	87002181	87002242	DNA/hAT-Charlie	459	+	30	87002211	25898
chr2	86976313	87176313	harbor2	chr2	87006205	87006479	DNA/hAT-Charlie	1246	+	137	87006342	30029
chr2	86976313	87176313	harbor2	chr2	87010407	87010625	DNA/hAT-Charlie	653	+	109	87010516	34203
chr2	86976313	87176313	harbor2	chr2	87028939	87029152	DNA/hAT-Charlie	901	+	106	87029045	52732
chr2	241407713	241607713	harbor2	chr2	241475337	241475720	DNA/hAT-Charlie	2163	+	192	241475529	67816
chr2	219078277	219278277	harbor2	chr2	219078778	219079012	DNA/hAT-Charlie	754	+	117	219078895	618
chr2	219078277	219278277	harbor2	chr2	219128104	219128369	DNA/hAT-Charlie	1310	+	132	219128236	49959
chr2	74456371	74656371	harbor2	chr2	74494651	74494723	DNA/hAT-Charlie	779	+	36	74494687	38316
chr2	74456371	74656371	harbor2	chr2	74495020	74495123	DNA/hAT-Charlie	779	+	52	74495072	38701
chr2	219078278	219278278	harbor2	chr2	219078778	219079012	DNA/hAT-Charlie	754	+	117	219078895	617
chr2	219078278	219278278	harbor2	chr2	219128104	219128369	DNA/hAT-Charlie	1310	+	132	219128236	49958
chr2	175980096	176180096	harbor2	chr2	175980047	175980193	DNA/hAT-Charlie	451	+	73	175980120	24
chr2	175980096	176180096	harbor2	chr2	176050904	176051080	DNA/hAT-Charlie	499	+	88	176050992	70896
chr2	42096770	42296770	harbor2	chr2	42133844	42133991	DNA/hAT-Charlie	535	+	74	42133918	37148
chr2	42096770	42296770	harbor2	chr2	42134308	42134347	DNA/hAT-Charlie	535	+	20	42134328	37558
chr2	42096770	42296770	harbor2	chr2	42180307	42180447	DNA/hAT-Charlie	538	+	70	42180377	83607
chr2	42096770	42296770	harbor2	chr2	42185168	42185481	DNA/hAT-Charlie	1239	+	156	42185324	88554
chr2	42069367	42269367	harbor2	chr2	42091119	42091351	DNA/hAT-Charlie	1062	+	116	42091235	21868
chr2	42069367	42269367	harbor2	chr2	42093210	42093379	DNA/hAT-Charlie	557	+	84	42093294	23927
chr2	42069367	42269367	harbor2	chr2	42133844	42133991	DNA/hAT-Charlie	535	+	74	42133918	64551
chr2	42069367	42269367	harbor2	chr2	42134308	42134347	DNA/hAT-Charlie	535	+	20	42134328	64961
chr2	26982800	27182800	harbor2	chr2	26997254	26997472	DNA/hAT-Charlie	1490	+	109	26997363	14563
chr2	26982800	27182800	harbor2	chr2	27037275	27037443	DNA/hAT-Charlie	514	+	84	27037359	54559
chr2	26982800	27182800	harbor2	chr2	27068355	27068566	DNA/hAT-Charlie	1094	+	106	27068461	85661
chr2	45090794	45290794	harbor2	chr2	45125548	45125667	DNA/hAT-Charlie	543	+	60	45125608	34814
chr2	45090794	45290794	harbor2	chr2	45125677	45125918	DNA/hAT-Charlie	994	+	120	45125797	35003
chr2	45090794	45290794	harbor2	chr2	45126091	45126241	DNA/hAT-Charlie	576	+	75	45126166	35372
chr2	84762238	84962238	harbor2	chr2	84808923	84809096	DNA/hAT-Charlie	487	+	86	84809009	46771
chr2	84762238	84962238	harbor2	chr2	84825681	84826024	DNA/hAT-Charlie	2113	+	172	84825853	63615
chr2	84762238	84962238	harbor2	chr2	84842756	84842866	DNA/hAT-Charlie	558	+	55	84842811	80573
chr2	219384377	219584377	harbor2	chr2	219391691	219391833	DNA/hAT-Charlie	770	+	71	219391762	7385
chr2	219384377	219584377	harbor2	chr2	219401108	219401353	DNA/hAT-Charlie	988	+	122	219401230	16853
chr2	219384377	219584377	harbor2	chr2	219401658	219401744	DNA/hAT-Charlie	988	+	43	219401701	17324
chr2	219384377	219584377	harbor2	chr2	219455330	219455526	DNA/hAT-Charlie	913	+	98	219455428	71051
chr2	219384377	219584377	harbor2	chr2	219458323	219458561	DNA/hAT-Charlie	903	+	119	219458442	74065
chr2	113500004	113700004	harbor2	chr2	113512986	113513219	DNA/hAT-Charlie	627	+	116	113513102	13098
chr2	113500004	113700004	harbor2	chr2	113516723	113516803	DNA/hAT-Charlie	1034	+	40	113516763	16759
chr2	113500004	113700004	harbor2	chr2	113517074	113517234	DNA/hAT-Charlie	1034	+	80	113517154	17150
chr2	113500004	113700004	harbor2	chr2	113523848	113524027	DNA/hAT-Charlie	852	+	90	113523938	23934
chr2	113500004	113700004	harbor2	chr2	113524375	113524516	DNA/hAT-Charlie	625	+	70	113524445	24441
chr2	113500004	113700004	harbor2	chr2	113524868	113525145	DNA/hAT-Charlie	584	+	138	113525006	25002
chr2	113500004	113700004	harbor2	chr2	113537458	113537650	DNA/hAT-Charlie	595	+	96	113537554	37550
chr2	113500004	113700004	harbor2	chr2	113538181	113538335	DNA/hAT-Charlie	469	+	77	113538258	38254
chr2	113500004	113700004	harbor2	chr2	113548013	113548217	DNA/hAT-Charlie	1103	+	102	113548115	48111
chr2	31963580	32163580	harbor2	chr2	31963797	31964102	DNA/hAT-Charlie	1213	+	152	31963949	369
chr2	31963580	32163580	harbor2	chr2	31988157	31988264	DNA/hAT-Charlie	1010	+	54	31988211	24631
chr2	31963580	32163580	harbor2	chr2	31988563	31988778	DNA/hAT-Charlie	1010	+	108	31988671	25091
chr2	31963580	32163580	harbor2	chr2	31988782	31988925	DNA/hAT-Charlie	1844	+	72	31988854	25274
chr2	31963580	32163580	harbor2	chr2	31989259	31989657	DNA/hAT-Charlie	1844	+	199	31989458	25878
chr2	31963580	32163580	harbor2	chr2	31989753	31989834	DNA/hAT-Charlie	1651	+	40	31989793	26213
chr2	31963580	32163580	harbor2	chr2	31990123	31990411	DNA/hAT-Charlie	1651	+	144	31990267	26687
chr2	31963580	32163580	harbor2	chr2	31990729	31990844	DNA/hAT-Charlie	525	+	58	31990787	27207
chr2	31963580	32163580	harbor2	chr2	31992214	31992394	DNA/hAT-Charlie	870	+	90	31992304	28724
chr2	31963580	32163580	harbor2	chr2	32030137	32030276	DNA/hAT-Charlie	592	+	70	32030207	66627
chr2	31963580	32163580	harbor2	chr2	32054977	32055080	DNA/hAT-Charlie	558	+	52	32055029	91449
chr2	31963580	32163580	harbor2	chr2	32055378	32055455	DNA/hAT-Charlie	558	+	38	32055416	91836
chr2	207668684	207868684	harbor2	chr2	207735519	207735583	DNA/hAT-Charlie	562	+	32	207735551	66867
chr2	207668684	207868684	harbor2	chr2	207735894	207736026	DNA/hAT-Charlie	562	+	66	207735960	67276
chr2	237868943	238068943	harbor2	chr2	237932310	237932409	DNA/hAT-Charlie	1474	+	50	237932360	63417
chr2	237868943	238068943	harbor2	chr2	237932680	237932804	DNA/hAT-Charlie	1474	+	62	237932742	63799
chr2	53764282	53964282	harbor2	chr2	53770996	53771173	DNA/hAT-Charlie	697	+	88	53771084	6802
chr2	53764282	53964282	harbor2	chr2	53793360	53793549	DNA/hAT-Charlie	728	+	94	53793454	29172
chr2	53764282	53964282	harbor2	chr2	53863766	53863939	DNA/hAT-Charlie	703	+	86	53863852	99570
chr2	169112469	169312469	harbor2	chr2	169131589	169131786	DNA/hAT-Charlie	478	+	98	169131687	19218
chr2	169112469	169312469	harbor2	chr2	169140152	169140291	DNA/hAT-Charlie	548	+	70	169140222	27753
chr2	169112469	169312469	harbor2	chr2	169144157	169144333	DNA/hAT-Charlie	891	+	88	169144245	31776
chr2	169112469	169312469	harbor2	chr2	169191013	169191404	DNA/hAT-Charlie	720	+	196	169191209	78740
chr2	169112469	169312469	harbor2	chr2	169211643	169211824	DNA/hAT-Charlie	783	+	90	169211733	99264
chr2	113484798	113684798	harbor2	chr2	113512986	113513219	DNA/hAT-Charlie	627	+	116	113513102	28304
chr2	113484798	113684798	harbor2	chr2	113516723	113516803	DNA/hAT-Charlie	1034	+	40	113516763	31965
chr2	113484798	113684798	harbor2	chr2	113517074	113517234	DNA/hAT-Charlie	1034	+	80	113517154	32356
chr2	113484798	113684798	harbor2	chr2	113523848	113524027	DNA/hAT-Charlie	852	+	90	113523938	39140
chr2	113484798	113684798	harbor2	chr2	113524375	113524516	DNA/hAT-Charlie	625	+	70	113524445	39647
chr2	113484798	113684798	harbor2	chr2	113524868	113525145	DNA/hAT-Charlie	584	+	138	113525006	40208
chr2	113484798	113684798	harbor2	chr2	113537458	113537650	DNA/hAT-Charlie	595	+	96	113537554	52756
chr2	113484798	113684798	harbor2	chr2	113538181	113538335	DNA/hAT-Charlie	469	+	77	113538258	53460
chr2	113484798	113684798	harbor2	chr2	113548013	113548217	DNA/hAT-Charlie	1103	+	102	113548115	63317
chr2	227428022	227628022	harbor2	chr2	227471526	227471719	DNA/hAT-Charlie	577	+	96	227471622	43600
chr2	227428022	227628022	harbor2	chr2	227486790	227487010	DNA/hAT-Charlie	1299	+	110	227486900	58878
chr2	227428022	227628022	harbor2	chr2	227507101	227507342	DNA/hAT-Charlie	970	+	120	227507221	79199
chr2	227428022	227628022	harbor2	chr2	227507627	227507743	DNA/hAT-Charlie	970	+	58	227507685	79663
chr2	47736123	47936123	harbor2	chr2	47758344	47758520	DNA/hAT-Charlie	490	+	88	47758432	22309
chr2	47736123	47936123	harbor2	chr2	47797042	47797209	DNA/hAT-Charlie	1058	+	84	47797126	61003
chr2	46198785	46398785	harbor2	chr2	46199416	46199580	DNA/hAT-Charlie	934	+	82	46199498	713
chr2	46198785	46398785	harbor2	chr2	46199581	46199656	DNA/hAT-Charlie	472	+	38	46199619	834
chr2	46198785	46398785	harbor2	chr2	46199955	46199986	DNA/hAT-Charlie	472	+	16	46199971	1186
chr2	46198785	46398785	harbor2	chr2	46218480	46218654	DNA/hAT-Charlie	818	+	87	46218567	19782
chr2	46198785	46398785	harbor2	chr2	46227485	46227668	DNA/hAT-Charlie	449	+	92	46227577	28792
chr2	46198785	46398785	harbor2	chr2	46268132	46268276	DNA/hAT-Charlie	487	+	72	46268204	69419
chr2	113484611	113684611	harbor2	chr2	113512986	113513219	DNA/hAT-Charlie	627	+	116	113513102	28491
chr2	113484611	113684611	harbor2	chr2	113516723	113516803	DNA/hAT-Charlie	1034	+	40	113516763	32152
chr2	113484611	113684611	harbor2	chr2	113517074	113517234	DNA/hAT-Charlie	1034	+	80	113517154	32543
chr2	113484611	113684611	harbor2	chr2	113523848	113524027	DNA/hAT-Charlie	852	+	90	113523938	39327
chr2	113484611	113684611	harbor2	chr2	113524375	113524516	DNA/hAT-Charlie	625	+	70	113524445	39834
chr2	113484611	113684611	harbor2	chr2	113524868	113525145	DNA/hAT-Charlie	584	+	138	113525006	40395
chr2	113484611	113684611	harbor2	chr2	113537458	113537650	DNA/hAT-Charlie	595	+	96	113537554	52943
chr2	113484611	113684611	harbor2	chr2	113538181	113538335	DNA/hAT-Charlie	469	+	77	113538258	53647
chr2	113484611	113684611	harbor2	chr2	113548013	113548217	DNA/hAT-Charlie	1103	+	102	113548115	63504
chr2	70453804	70653804	harbor2	chr2	70460125	70460282	DNA/hAT-Charlie	818	+	78	70460203	6399
chr2	70453804	70653804	harbor2	chr2	70460841	70460985	DNA/hAT-Charlie	628	+	72	70460913	7109
chr2	70453804	70653804	harbor2	chr2	70464447	70464646	DNA/hAT-Charlie	1002	+	100	70464547	10743
chr2	70453804	70653804	harbor2	chr2	70468557	70468994	DNA/hAT-Charlie	3065	+	218	70468775	14971
chr2	70453804	70653804	harbor2	chr2	70489751	70489908	DNA/hAT-Charlie	785	+	78	70489829	36025
chr2	70453804	70653804	harbor2	chr2	70498891	70499061	DNA/hAT-Charlie	876	+	85	70498976	45172
chr2	70453804	70653804	harbor2	chr2	70505090	70505293	DNA/hAT-Charlie	783	+	102	70505192	51388
chr2	111956551	112156551	harbor2	chr2	112030785	112030816	DNA/hAT-Charlie	1106	+	16	112030801	74250
chr2	111956551	112156551	harbor2	chr2	112031111	112031587	DNA/hAT-Charlie	1106	+	238	112031349	74798
chr2	207669155	207869155	harbor2	chr2	207735519	207735583	DNA/hAT-Charlie	562	+	32	207735551	66396
chr2	207669155	207869155	harbor2	chr2	207735894	207736026	DNA/hAT-Charlie	562	+	66	207735960	66805
chr2	46207640	46407640	harbor2	chr2	46218480	46218654	DNA/hAT-Charlie	818	+	87	46218567	10927
chr2	46207640	46407640	harbor2	chr2	46227485	46227668	DNA/hAT-Charlie	449	+	92	46227577	19937
chr2	46207640	46407640	harbor2	chr2	46268132	46268276	DNA/hAT-Charlie	487	+	72	46268204	60564
chr2	27242106	27442106	harbor2	chr2	27271802	27271990	DNA/hAT-Charlie	504	+	94	27271896	29790
chr2	27242106	27442106	harbor2	chr2	27289286	27289346	DNA/hAT-Charlie	440	+	30	27289316	47210
chr2	27242106	27442106	harbor2	chr2	27289617	27289743	DNA/hAT-Charlie	459	+	63	27289680	47574
chr2	27242106	27442106	harbor2	chr2	27337606	27337760	DNA/hAT-Charlie	692	+	77	27337683	95577
chr2	46200025	46400025	harbor2	chr2	46218480	46218654	DNA/hAT-Charlie	818	+	87	46218567	18542
chr2	46200025	46400025	harbor2	chr2	46227485	46227668	DNA/hAT-Charlie	449	+	92	46227577	27552
chr2	46200025	46400025	harbor2	chr2	46268132	46268276	DNA/hAT-Charlie	487	+	72	46268204	68179
chr2	26406153	26606153	harbor2	chr2	26492166	26492361	DNA/hAT-Charlie	994	+	98	26492264	86111
chr2	113484472	113684472	harbor2	chr2	113512986	113513219	DNA/hAT-Charlie	627	+	116	113513102	28630
chr2	113484472	113684472	harbor2	chr2	113516723	113516803	DNA/hAT-Charlie	1034	+	40	113516763	32291
chr2	113484472	113684472	harbor2	chr2	113517074	113517234	DNA/hAT-Charlie	1034	+	80	113517154	32682
chr2	113484472	113684472	harbor2	chr2	113523848	113524027	DNA/hAT-Charlie	852	+	90	113523938	39466
chr2	113484472	113684472	harbor2	chr2	113524375	113524516	DNA/hAT-Charlie	625	+	70	113524445	39973
chr2	113484472	113684472	harbor2	chr2	113524868	113525145	DNA/hAT-Charlie	584	+	138	113525006	40534
chr2	113484472	113684472	harbor2	chr2	113537458	113537650	DNA/hAT-Charlie	595	+	96	113537554	53082
chr2	113484472	113684472	harbor2	chr2	113538181	113538335	DNA/hAT-Charlie	469	+	77	113538258	53786
chr2	113484472	113684472	harbor2	chr2	113548013	113548217	DNA/hAT-Charlie	1103	+	102	113548115	63643
chr2	86976783	87176783	harbor2	chr2	87001766	87001861	DNA/hAT-Charlie	459	+	48	87001814	25031
chr2	86976783	87176783	harbor2	chr2	87002181	87002242	DNA/hAT-Charlie	459	+	30	87002211	25428
chr2	86976783	87176783	harbor2	chr2	87006205	87006479	DNA/hAT-Charlie	1246	+	137	87006342	29559
chr2	86976783	87176783	harbor2	chr2	87010407	87010625	DNA/hAT-Charlie	653	+	109	87010516	33733
chr2	86976783	87176783	harbor2	chr2	87028939	87029152	DNA/hAT-Charlie	901	+	106	87029045	52262
chr2	26613172	26813172	harbor2	chr2	26640948	26641170	DNA/hAT-Charlie	1641	+	111	26641059	27887
chr2	26613172	26813172	harbor2	chr2	26644834	26645051	DNA/hAT-Charlie	703	+	108	26644942	31770
chr2	26613172	26813172	harbor2	chr2	26677322	26677531	DNA/hAT-Charlie	1306	+	104	26677426	64254
chr2	47707524	47907524	harbor2	chr2	47758344	47758520	DNA/hAT-Charlie	490	+	88	47758432	50908
chr2	47707524	47907524	harbor2	chr2	47797042	47797209	DNA/hAT-Charlie	1058	+	84	47797126	89602
chr2	144117662	144317662	harbor2	chr2	144150373	144150562	DNA/hAT-Charlie	1030	+	94	144150467	32805
chr2	144117662	144317662	harbor2	chr2	144169115	144169261	DNA/hAT-Charlie	604	+	73	144169188	51526
chr2	10822431	11022431	harbor2	chr2	10916486	10916606	DNA/hAT-Charlie	567	+	60	10916546	94115
chr2	10822431	11022431	harbor2	chr2	10916845	10917021	DNA/hAT-Charlie	789	+	88	10916933	94502
chr2	70771713	70971713	harbor2	chr2	70814395	70814541	DNA/hAT-Charlie	608	+	73	70814468	42755
chr2	70771713	70971713	harbor2	chr2	70814570	70814753	DNA/hAT-Charlie	572	+	92	70814662	42949
chr2	70771713	70971713	harbor2	chr2	70814764	70814941	DNA/hAT-Charlie	465	+	88	70814852	43139
chr2	70771713	70971713	harbor2	chr2	70817234	70817618	DNA/hAT-Charlie	943	+	192	70817426	45713
chr2	61077257	61277257	harbor2	chr2	61077359	61078429	DNA/hAT-Charlie	5523	+	535	61077894	637
chr2	61077257	61277257	harbor2	chr2	61078722	61078756	DNA/hAT-Charlie	5523	+	17	61078739	1482
chr2	61077257	61277257	harbor2	chr2	61079058	61079257	DNA/hAT-Charlie	5523	+	100	61079158	1901
chr2	61077257	61277257	harbor2	chr2	61166881	61167082	DNA/hAT-Charlie	718	+	100	61166981	89724
chr2	61077257	61277257	harbor2	chr2	61167392	61167539	DNA/hAT-Charlie	718	+	74	61167466	90209
chr2	10277847	10477847	harbor2	chr2	10294663	10294834	DNA/hAT-Charlie	1064	+	86	10294749	16902
chr2	10277847	10477847	harbor2	chr2	10294855	10295065	DNA/hAT-Charlie	993	+	105	10294960	17113
chr2	10277847	10477847	harbor2	chr2	10363590	10363736	DNA/hAT-Charlie	467	+	73	10363663	85816
chr2	30047316	30247316	harbor2	chr2	30079991	30080322	DNA/hAT-Charlie	2061	+	166	30080157	32841
chr2	30047316	30247316	harbor2	chr2	30109793	30109971	DNA/hAT-Charlie	605	+	89	30109882	62566
chr2	72971434	73171434	harbor2	chr2	72973329	72973543	DNA/hAT-Charlie	964	+	107	72973436	2002
chr2	72971434	73171434	harbor2	chr2	73033791	73034006	DNA/hAT-Charlie	1066	+	108	73033899	62465
chr2	152618553	152818553	harbor2	chr2	152663268	152663415	DNA/hAT-Charlie	863	+	74	152663342	44789
chr2	152618553	152818553	harbor2	chr2	152664820	152665107	DNA/hAT-Charlie	1556	+	144	152664964	46411
chr2	152618553	152818553	harbor2	chr2	152665170	152665358	DNA/hAT-Charlie	638	+	94	152665264	46711
chr2	152618553	152818553	harbor2	chr2	152667713	152667838	DNA/hAT-Charlie	581	+	62	152667775	49222
chr2	152618553	152818553	harbor2	chr2	152674101	152674309	DNA/hAT-Charlie	479	+	104	152674205	55652
chr2	152618553	152818553	harbor2	chr2	152682838	152683140	DNA/hAT-Charlie	1916	+	151	152682989	64436
chr2	152618553	152818553	harbor2	chr2	152699165	152699383	DNA/hAT-Charlie	1361	+	109	152699274	80721
chr2	152617962	152817962	harbor2	chr2	152663268	152663415	DNA/hAT-Charlie	863	+	74	152663342	45380
chr2	152617962	152817962	harbor2	chr2	152664820	152665107	DNA/hAT-Charlie	1556	+	144	152664964	47002
chr2	152617962	152817962	harbor2	chr2	152665170	152665358	DNA/hAT-Charlie	638	+	94	152665264	47302
chr2	152617962	152817962	harbor2	chr2	152667713	152667838	DNA/hAT-Charlie	581	+	62	152667775	49813
chr2	152617962	152817962	harbor2	chr2	152674101	152674309	DNA/hAT-Charlie	479	+	104	152674205	56243
chr2	152617962	152817962	harbor2	chr2	152682838	152683140	DNA/hAT-Charlie	1916	+	151	152682989	65027
chr2	152617962	152817962	harbor2	chr2	152699165	152699383	DNA/hAT-Charlie	1361	+	109	152699274	81312
chr2	74415905	74615905	harbor2	chr2	74437571	74437731	DNA/hAT-Charlie	498	+	80	74437651	21746
chr2	74415905	74615905	harbor2	chr2	74494651	74494723	DNA/hAT-Charlie	779	+	36	74494687	78782
chr2	74415905	74615905	harbor2	chr2	74495020	74495123	DNA/hAT-Charlie	779	+	52	74495072	79167
chr2	67112244	67312244	harbor2	chr2	67112575	67112853	DNA/hAT-Charlie	727	+	139	67112714	470
chr2	67112244	67312244	harbor2	chr2	67157574	67157902	DNA/hAT-Charlie	1132	+	164	67157738	45494
chr2	67112244	67312244	harbor2	chr2	67171058	67171218	DNA/hAT-Charlie	525	+	80	67171138	58894
chr2	67112244	67312244	harbor2	chr2	67183647	67184023	DNA/hAT-Charlie	1604	+	188	67183835	71591
chr2	67112244	67312244	harbor2	chr2	67207770	67207928	DNA/hAT-Charlie	713	+	79	67207849	95605
chr2	67112244	67312244	harbor2	chr2	67174076	67174509	DNA/hAT-Charlie	802	+	216	67174292	62048
chr2	67112244	67312244	harbor2	chr2	67207001	67207208	DNA/hAT-Charlie	883	+	104	67207105	94861
chr2	219078261	219278261	harbor2	chr2	219078778	219079012	DNA/hAT-Charlie	754	+	117	219078895	634
chr2	219078261	219278261	harbor2	chr2	219128104	219128369	DNA/hAT-Charlie	1310	+	132	219128236	49975
chr2	74415843	74615843	harbor2	chr2	74437571	74437731	DNA/hAT-Charlie	498	+	80	74437651	21808
chr2	74415843	74615843	harbor2	chr2	74494651	74494723	DNA/hAT-Charlie	779	+	36	74494687	78844
chr2	74415843	74615843	harbor2	chr2	74495020	74495123	DNA/hAT-Charlie	779	+	52	74495072	79229
chr2	241172349	241372349	harbor2	chr2	241266010	241266378	DNA/hAT-Charlie	1080	+	184	241266194	93845
chr2	229671325	229871325	harbor2	chr2	229708258	229708434	DNA/hAT-Charlie	636	+	88	229708346	37021
chr2	219078251	219278251	harbor2	chr2	219078778	219079012	DNA/hAT-Charlie	754	+	117	219078895	644
chr2	219078251	219278251	harbor2	chr2	219128104	219128369	DNA/hAT-Charlie	1310	+	132	219128236	49985
chr2	219466926	219666926	harbor2	chr2	219519544	219519726	DNA/hAT-Charlie	1013	+	91	219519635	52709
chr2	218223273	218423273	harbor2	chr2	218317227	218317360	DNA/hAT-Charlie	460	+	66	218317293	94020
chr2	50571799	50771799	harbor2	chr2	50632458	50632615	DNA/hAT-Charlie	620	+	78	50632536	60737
chr2	50571799	50771799	harbor2	chr2	50662479	50662701	DNA/hAT-Charlie	1129	+	111	50662590	90791
chr2	26405176	26605176	harbor2	chr2	26492166	26492361	DNA/hAT-Charlie	994	+	98	26492264	87088
chr2	74415937	74615937	harbor2	chr2	74437571	74437731	DNA/hAT-Charlie	498	+	80	74437651	21714
chr2	74415937	74615937	harbor2	chr2	74494651	74494723	DNA/hAT-Charlie	779	+	36	74494687	78750
chr2	74415937	74615937	harbor2	chr2	74495020	74495123	DNA/hAT-Charlie	779	+	52	74495072	79135
chr2	151310679	151510679	harbor2	chr2	151374009	151374225	DNA/hAT-Charlie	676	+	108	151374117	63438
chr2	237592294	237792294	harbor2	chr2	237638570	237638760	DNA/hAT-Charlie	534	+	95	237638665	46371
chr2	237592294	237792294	harbor2	chr2	237674695	237674837	DNA/hAT-Charlie	481	+	71	237674766	82472
chr2	237592294	237792294	harbor2	chr2	237675371	237675505	DNA/hAT-Charlie	573	+	67	237675438	83144
chr2	237592294	237792294	harbor2	chr2	237682943	237683119	DNA/hAT-Charlie	749	+	88	237683031	90737
chr2	219078282	219278282	harbor2	chr2	219078778	219079012	DNA/hAT-Charlie	754	+	117	219078895	613
chr2	219078282	219278282	harbor2	chr2	219128104	219128369	DNA/hAT-Charlie	1310	+	132	219128236	49954
chr2	231834767	232034767	harbor2	chr2	231906042	231906206	DNA/hAT-Charlie	715	+	82	231906124	71357
chr2	152043289	152243289	harbor2	chr2	152064227	152064393	DNA/hAT-Charlie	465	+	83	152064310	21021
chr2	152043289	152243289	harbor2	chr2	152064683	152064735	DNA/hAT-Charlie	465	+	26	152064709	21420
chr2	152043289	152243289	harbor2	chr2	152101649	152102109	DNA/hAT-Charlie	3021	+	230	152101879	58590
chr2	56095019	56295019	harbor2	chr2	56107091	56107405	DNA/hAT-Charlie	1478	+	157	56107248	12229
chr2	56095019	56295019	harbor2	chr2	56112338	56112517	DNA/hAT-Charlie	904	+	90	56112428	17409
chr2	56095019	56295019	harbor2	chr2	56113157	56113340	DNA/hAT-Charlie	848	+	92	56113249	18230
chr2	56095019	56295019	harbor2	chr2	56115749	56115957	DNA/hAT-Charlie	512	+	104	56115853	20834
chr2	56095019	56295019	harbor2	chr2	56117881	56118061	DNA/hAT-Charlie	902	+	90	56117971	22952
chr2	56095019	56295019	harbor2	chr2	56120822	56120976	DNA/hAT-Charlie	469	+	77	56120899	25880
chr2	56095019	56295019	harbor2	chr2	56146915	56147130	DNA/hAT-Charlie	1583	+	108	56147023	52004
chr2	56095019	56295019	harbor2	chr2	56151074	56151204	DNA/hAT-Charlie	541	+	65	56151139	56120
chr2	56095019	56295019	harbor2	chr2	56176933	56177221	DNA/hAT-Charlie	1557	+	144	56177077	82058
chr2	56095019	56295019	harbor2	chr2	56177249	56177396	DNA/hAT-Charlie	593	+	74	56177323	82304
chr2	46199989	46399989	harbor2	chr2	46218480	46218654	DNA/hAT-Charlie	818	+	87	46218567	18578
chr2	46199989	46399989	harbor2	chr2	46227485	46227668	DNA/hAT-Charlie	449	+	92	46227577	27588
chr2	46199989	46399989	harbor2	chr2	46268132	46268276	DNA/hAT-Charlie	487	+	72	46268204	68215
chr2	46199056	46399056	harbor2	chr2	46199416	46199580	DNA/hAT-Charlie	934	+	82	46199498	442
chr2	46199056	46399056	harbor2	chr2	46199581	46199656	DNA/hAT-Charlie	472	+	38	46199619	563
chr2	46199056	46399056	harbor2	chr2	46199955	46199986	DNA/hAT-Charlie	472	+	16	46199971	915
chr2	46199056	46399056	harbor2	chr2	46218480	46218654	DNA/hAT-Charlie	818	+	87	46218567	19511
chr2	46199056	46399056	harbor2	chr2	46227485	46227668	DNA/hAT-Charlie	449	+	92	46227577	28521
chr2	46199056	46399056	harbor2	chr2	46268132	46268276	DNA/hAT-Charlie	487	+	72	46268204	69148
chr2	113484021	113684021	harbor2	chr2	113512986	113513219	DNA/hAT-Charlie	627	+	116	113513102	29081
chr2	113484021	113684021	harbor2	chr2	113516723	113516803	DNA/hAT-Charlie	1034	+	40	113516763	32742
chr2	113484021	113684021	harbor2	chr2	113517074	113517234	DNA/hAT-Charlie	1034	+	80	113517154	33133
chr2	113484021	113684021	harbor2	chr2	113523848	113524027	DNA/hAT-Charlie	852	+	90	113523938	39917
chr2	113484021	113684021	harbor2	chr2	113524375	113524516	DNA/hAT-Charlie	625	+	70	113524445	40424
chr2	113484021	113684021	harbor2	chr2	113524868	113525145	DNA/hAT-Charlie	584	+	138	113525006	40985
chr2	113484021	113684021	harbor2	chr2	113537458	113537650	DNA/hAT-Charlie	595	+	96	113537554	53533
chr2	113484021	113684021	harbor2	chr2	113538181	113538335	DNA/hAT-Charlie	469	+	77	113538258	54237
chr2	113484021	113684021	harbor2	chr2	113548013	113548217	DNA/hAT-Charlie	1103	+	102	113548115	64094
chr2	46199733	46399733	harbor2	chr2	46199955	46199986	DNA/hAT-Charlie	472	+	16	46199971	238
chr2	46199733	46399733	harbor2	chr2	46218480	46218654	DNA/hAT-Charlie	818	+	87	46218567	18834
chr2	46199733	46399733	harbor2	chr2	46227485	46227668	DNA/hAT-Charlie	449	+	92	46227577	27844
chr2	46199733	46399733	harbor2	chr2	46268132	46268276	DNA/hAT-Charlie	487	+	72	46268204	68471
chr2	72972031	73172031	harbor2	chr2	72973329	72973543	DNA/hAT-Charlie	964	+	107	72973436	1405
chr2	72972031	73172031	harbor2	chr2	73033791	73034006	DNA/hAT-Charlie	1066	+	108	73033899	61868
chr2	161468960	161668960	harbor2	chr2	161550453	161550601	DNA/hAT-Charlie	524	+	74	161550527	81567
chr2	26950501	27150501	harbor2	chr2	26997254	26997472	DNA/hAT-Charlie	1490	+	109	26997363	46862
chr2	26950501	27150501	harbor2	chr2	27037275	27037443	DNA/hAT-Charlie	514	+	84	27037359	86858
chr2	43055466	43255466	harbor2	chr2	43106680	43106854	DNA/hAT-Charlie	727	+	87	43106767	51301
chr2	43055466	43255466	harbor2	chr2	43108527	43108750	DNA/hAT-Charlie	1079	+	112	43108639	53173
chr2	43055466	43255466	harbor2	chr2	43122512	43122944	DNA/hAT-Charlie	1473	+	216	43122728	67262
chr2	74415915	74615915	harbor2	chr2	74437571	74437731	DNA/hAT-Charlie	498	+	80	74437651	21736
chr2	74415915	74615915	harbor2	chr2	74494651	74494723	DNA/hAT-Charlie	779	+	36	74494687	78772
chr2	74415915	74615915	harbor2	chr2	74495020	74495123	DNA/hAT-Charlie	779	+	52	74495072	79157
chr2	143543446	143743446	harbor2	chr2	143570899	143571361	DNA/hAT-Charlie	2823	+	231	143571130	27684
chr2	143543446	143743446	harbor2	chr2	143621046	143621258	DNA/hAT-Charlie	943	+	106	143621152	77706
chr2	156337938	156537938	harbor2	chr2	156349701	156350234	DNA/hAT-Charlie	3078	+	266	156349967	12029
chr2	156337938	156537938	harbor2	chr2	156360474	156360582	DNA/hAT-Charlie	555	+	54	156360528	22590
chr2	156337938	156537938	harbor2	chr2	156360681	156360817	DNA/hAT-Charlie	567	+	68	156360749	22811
chr2	156337938	156537938	harbor2	chr2	156396443	156396601	DNA/hAT-Charlie	794	+	79	156396522	58584
chr2	156337938	156537938	harbor2	chr2	156424728	156424847	DNA/hAT-Charlie	508	+	60	156424788	86850
chr2	1511396	1711396	harbor2	chr2	1554476	1554715	DNA/hAT-Charlie	630	+	120	1554596	43200
chr2	1511396	1711396	harbor2	chr2	1576740	1576962	DNA/hAT-Charlie	1516	+	111	1576851	65455
chr2	111378907	111578907	harbor2	chr2	111415048	111415267	DNA/hAT-Charlie	1144	+	110	111415158	36251
chr2	111378907	111578907	harbor2	chr2	111426887	111426930	DNA/hAT-Charlie	467	+	22	111426909	48002
chr2	111378907	111578907	harbor2	chr2	111434694	111434855	DNA/hAT-Charlie	651	+	80	111434774	55867
chr2	66333348	66533348	harbor2	chr2	66387645	66387885	DNA/hAT-Charlie	588	+	120	66387765	54417
chr2	113484022	113684022	harbor2	chr2	113512986	113513219	DNA/hAT-Charlie	627	+	116	113513102	29080
chr2	113484022	113684022	harbor2	chr2	113516723	113516803	DNA/hAT-Charlie	1034	+	40	113516763	32741
chr2	113484022	113684022	harbor2	chr2	113517074	113517234	DNA/hAT-Charlie	1034	+	80	113517154	33132
chr2	113484022	113684022	harbor2	chr2	113523848	113524027	DNA/hAT-Charlie	852	+	90	113523938	39916
chr2	113484022	113684022	harbor2	chr2	113524375	113524516	DNA/hAT-Charlie	625	+	70	113524445	40423
chr2	113484022	113684022	harbor2	chr2	113524868	113525145	DNA/hAT-Charlie	584	+	138	113525006	40984
chr2	113484022	113684022	harbor2	chr2	113537458	113537650	DNA/hAT-Charlie	595	+	96	113537554	53532
chr2	113484022	113684022	harbor2	chr2	113538181	113538335	DNA/hAT-Charlie	469	+	77	113538258	54236
chr2	113484022	113684022	harbor2	chr2	113548013	113548217	DNA/hAT-Charlie	1103	+	102	113548115	64093
chr2	113484017	113684017	harbor2	chr2	113512986	113513219	DNA/hAT-Charlie	627	+	116	113513102	29085
chr2	113484017	113684017	harbor2	chr2	113516723	113516803	DNA/hAT-Charlie	1034	+	40	113516763	32746
chr2	113484017	113684017	harbor2	chr2	113517074	113517234	DNA/hAT-Charlie	1034	+	80	113517154	33137
chr2	113484017	113684017	harbor2	chr2	113523848	113524027	DNA/hAT-Charlie	852	+	90	113523938	39921
chr2	113484017	113684017	harbor2	chr2	113524375	113524516	DNA/hAT-Charlie	625	+	70	113524445	40428
chr2	113484017	113684017	harbor2	chr2	113524868	113525145	DNA/hAT-Charlie	584	+	138	113525006	40989
chr2	113484017	113684017	harbor2	chr2	113537458	113537650	DNA/hAT-Charlie	595	+	96	113537554	53537
chr2	113484017	113684017	harbor2	chr2	113538181	113538335	DNA/hAT-Charlie	469	+	77	113538258	54241
chr2	113484017	113684017	harbor2	chr2	113548013	113548217	DNA/hAT-Charlie	1103	+	102	113548115	64098
chr2	112819372	113019372	harbor2	chr2	112898284	112898361	DNA/hAT-Charlie	543	+	38	112898322	78950
chr2	112819372	113019372	harbor2	chr2	112898370	112898479	DNA/hAT-Charlie	541	+	54	112898424	79052
chr2	112819372	113019372	harbor2	chr2	112902221	112902422	DNA/hAT-Charlie	1175	+	100	112902321	82949
chr2	112819372	113019372	harbor2	chr2	112914792	112914976	DNA/hAT-Charlie	676	+	92	112914884	95512
chr2	113527151	113727151	harbor2	chr2	113537458	113537650	DNA/hAT-Charlie	595	+	96	113537554	10403
chr2	113527151	113727151	harbor2	chr2	113538181	113538335	DNA/hAT-Charlie	469	+	77	113538258	11107
chr2	113527151	113727151	harbor2	chr2	113548013	113548217	DNA/hAT-Charlie	1103	+	102	113548115	20964
chr2	113527151	113727151	harbor2	chr2	113623118	113623337	DNA/hAT-Charlie	838	+	110	113623228	96077
chr2	113484623	113684623	harbor2	chr2	113512986	113513219	DNA/hAT-Charlie	627	+	116	113513102	28479
chr2	113484623	113684623	harbor2	chr2	113516723	113516803	DNA/hAT-Charlie	1034	+	40	113516763	32140
chr2	113484623	113684623	harbor2	chr2	113517074	113517234	DNA/hAT-Charlie	1034	+	80	113517154	32531
chr2	113484623	113684623	harbor2	chr2	113523848	113524027	DNA/hAT-Charlie	852	+	90	113523938	39315
chr2	113484623	113684623	harbor2	chr2	113524375	113524516	DNA/hAT-Charlie	625	+	70	113524445	39822
chr2	113484623	113684623	harbor2	chr2	113524868	113525145	DNA/hAT-Charlie	584	+	138	113525006	40383
chr2	113484623	113684623	harbor2	chr2	113537458	113537650	DNA/hAT-Charlie	595	+	96	113537554	52931
chr2	113484623	113684623	harbor2	chr2	113538181	113538335	DNA/hAT-Charlie	469	+	77	113538258	53635
chr2	113484623	113684623	harbor2	chr2	113548013	113548217	DNA/hAT-Charlie	1103	+	102	113548115	63492
chr2	70838422	71038422	harbor2	chr2	70919979	70920307	DNA/hAT-Charlie	799	+	164	70920143	81721
chr2	70838422	71038422	harbor2	chr2	70929305	70929406	DNA/hAT-Charlie	600	+	50	70929355	90933
chr2	70838422	71038422	harbor2	chr2	70929702	70929816	DNA/hAT-Charlie	600	+	57	70929759	91337
chr2	219393237	219593237	harbor2	chr2	219401108	219401353	DNA/hAT-Charlie	988	+	122	219401230	7993
chr2	219393237	219593237	harbor2	chr2	219401658	219401744	DNA/hAT-Charlie	988	+	43	219401701	8464
chr2	219393237	219593237	harbor2	chr2	219455330	219455526	DNA/hAT-Charlie	913	+	98	219455428	62191
chr2	219393237	219593237	harbor2	chr2	219458323	219458561	DNA/hAT-Charlie	903	+	119	219458442	65205
chr2	64300586	64500586	harbor2	chr2	64300614	64300756	DNA/hAT-Charlie	654	+	71	64300685	99
chr2	64300586	64500586	harbor2	chr2	64339744	64339938	DNA/hAT-Charlie	644	+	97	64339841	39255
chr2	64300586	64500586	harbor2	chr2	64400140	64400285	DNA/hAT-Charlie	530	+	72	64400212	99626
chr2	130084190	130284190	harbor2	chr2	130084305	130084402	DNA/hAT-Charlie	502	+	48	130084353	163
chr2	130084190	130284190	harbor2	chr2	130090930	130091143	DNA/hAT-Charlie	892	+	106	130091036	6846
chr2	130084190	130284190	harbor2	chr2	130092880	130093406	DNA/hAT-Charlie	3327	+	263	130093143	8953
chr2	130084190	130284190	harbor2	chr2	130097935	130098031	DNA/hAT-Charlie	532	+	48	130097983	13793
chr2	130084190	130284190	harbor2	chr2	130105496	130105709	DNA/hAT-Charlie	926	+	106	130105602	21412
chr2	130084190	130284190	harbor2	chr2	130107452	130107978	DNA/hAT-Charlie	3400	+	263	130107715	23525
chr2	181467134	181667134	harbor2	chr2	181470268	181470398	DNA/hAT-Charlie	779	+	65	181470333	3199
chr2	181467134	181667134	harbor2	chr2	181473135	181473463	DNA/hAT-Charlie	1975	+	164	181473299	6165
chr2	181467134	181667134	harbor2	chr2	181537840	181538110	DNA/hAT-Charlie	1505	+	135	181537975	70841
chr2	181467134	181667134	harbor2	chr2	181552885	181552967	DNA/hAT-Charlie	443	+	41	181552926	85792
chr2	181467134	181667134	harbor2	chr2	181553006	181553160	DNA/hAT-Charlie	524	+	77	181553083	85949
chr2	67402885	67602885	harbor2	chr2	67408230	67408560	DNA/hAT-Charlie	1249	+	165	67408395	5510
chr2	219078268	219278268	harbor2	chr2	219078778	219079012	DNA/hAT-Charlie	754	+	117	219078895	627
chr2	219078268	219278268	harbor2	chr2	219128104	219128369	DNA/hAT-Charlie	1310	+	132	219128236	49968
chr2	43055499	43255499	harbor2	chr2	43106680	43106854	DNA/hAT-Charlie	727	+	87	43106767	51268
chr2	43055499	43255499	harbor2	chr2	43108527	43108750	DNA/hAT-Charlie	1079	+	112	43108639	53140
chr2	43055499	43255499	harbor2	chr2	43122512	43122944	DNA/hAT-Charlie	1473	+	216	43122728	67229
chr2	204961872	205161872	harbor2	chr2	205042964	205043118	DNA/hAT-Charlie	509	+	77	205043041	81169
chr2	204961872	205161872	harbor2	chr2	205050468	205050789	DNA/hAT-Charlie	1484	+	160	205050628	88756
chr2	96386357	96586357	harbor2	chr2	96478424	96478616	DNA/hAT-Charlie	679	+	96	96478520	92163
chr2	175980104	176180104	harbor2	chr2	175980047	175980193	DNA/hAT-Charlie	451	+	73	175980120	16
chr2	175980104	176180104	harbor2	chr2	176050904	176051080	DNA/hAT-Charlie	499	+	88	176050992	70888
chr2	91620961	91820961	harbor2	chr2	91629271	91629356	DNA/hAT-Charlie	491	+	42	91629313	8352
chr2	91620961	91820961	harbor2	chr2	91645871	91646046	DNA/hAT-Charlie	834	+	88	91645959	24998
chr2	91620961	91820961	harbor2	chr2	91704081	91704207	DNA/hAT-Charlie	492	+	63	91704144	83183
chr2	91620961	91820961	harbor2	chr2	91706638	91706720	DNA/hAT-Charlie	579	+	41	91706679	85718
chr2	91620961	91820961	harbor2	chr2	91706962	91707051	DNA/hAT-Charlie	579	+	44	91707006	86045
chr2	26982482	27182482	harbor2	chr2	26997254	26997472	DNA/hAT-Charlie	1490	+	109	26997363	14881
chr2	26982482	27182482	harbor2	chr2	27037275	27037443	DNA/hAT-Charlie	514	+	84	27037359	54877
chr2	26982482	27182482	harbor2	chr2	27068355	27068566	DNA/hAT-Charlie	1094	+	106	27068461	85979
chr2	74429020	74629020	harbor2	chr2	74437571	74437731	DNA/hAT-Charlie	498	+	80	74437651	8631
chr2	74429020	74629020	harbor2	chr2	74494651	74494723	DNA/hAT-Charlie	779	+	36	74494687	65667
chr2	74429020	74629020	harbor2	chr2	74495020	74495123	DNA/hAT-Charlie	779	+	52	74495072	66052
chr2	11245320	11445320	harbor2	chr2	11300854	11301097	DNA/hAT-Charlie	725	+	122	11300976	55656
chr2	11245320	11445320	harbor2	chr2	11302580	11302916	DNA/hAT-Charlie	1424	+	168	11302748	57428
chr2	11245320	11445320	harbor2	chr2	11311881	11312217	DNA/hAT-Charlie	1296	+	168	11312049	66729
chr2	11245320	11445320	harbor2	chr2	11315887	11316057	DNA/hAT-Charlie	776	+	85	11315972	70652
chr2	239595748	239795748	harbor2	chr2	239672006	239672381	DNA/hAT-Charlie	4032	+	188	239672194	76446
chr2	239595748	239795748	harbor2	chr2	239672681	239673687	DNA/hAT-Charlie	4032	+	503	239673184	77436
chr2	219078222	219278222	harbor2	chr2	219078778	219079012	DNA/hAT-Charlie	754	+	117	219078895	673
chr2	219078222	219278222	harbor2	chr2	219128104	219128369	DNA/hAT-Charlie	1310	+	132	219128236	50014
chr2	119126672	119326672	harbor2	chr2	119128455	119128604	DNA/hAT-Charlie	512	+	74	119128529	1857
chr2	119126672	119326672	harbor2	chr2	119171499	119171689	DNA/hAT-Charlie	636	+	95	119171594	44922
chr2	119126672	119326672	harbor2	chr2	119192370	119192653	DNA/hAT-Charlie	1221	+	142	119192512	65840
chr2	119126672	119326672	harbor2	chr2	119206192	119206338	DNA/hAT-Charlie	536	+	73	119206265	79593
chr2	222208340	222408340	harbor2	chr2	222211720	222211938	DNA/hAT-Charlie	570	+	109	222211829	3489
chr2	222208340	222408340	harbor2	chr2	222252012	222252284	DNA/hAT-Charlie	974	+	136	222252148	43808
chr2	222208340	222408340	harbor2	chr2	222277554	222277653	DNA/hAT-Charlie	1368	+	50	222277604	69264
chr2	222208340	222408340	harbor2	chr2	222277951	222278085	DNA/hAT-Charlie	1393	+	67	222278018	69678
chr2	71358556	71558556	harbor2	chr2	71364872	71365252	DNA/hAT-Charlie	730	+	190	71365062	6506
chr2	71358556	71558556	harbor2	chr2	71437418	71437703	DNA/hAT-Charlie	650	+	142	71437560	79004
chr2	74415890	74615890	harbor2	chr2	74437571	74437731	DNA/hAT-Charlie	498	+	80	74437651	21761
chr2	74415890	74615890	harbor2	chr2	74494651	74494723	DNA/hAT-Charlie	779	+	36	74494687	78797
chr2	74415890	74615890	harbor2	chr2	74495020	74495123	DNA/hAT-Charlie	779	+	52	74495072	79182
chr2	74416717	74616717	harbor2	chr2	74437571	74437731	DNA/hAT-Charlie	498	+	80	74437651	20934
chr2	74416717	74616717	harbor2	chr2	74494651	74494723	DNA/hAT-Charlie	779	+	36	74494687	77970
chr2	74416717	74616717	harbor2	chr2	74495020	74495123	DNA/hAT-Charlie	779	+	52	74495072	78355
chr2	208143888	208343888	harbor2	chr2	208176121	208176182	DNA/hAT-Charlie	880	+	30	208176151	32263
chr2	208143888	208343888	harbor2	chr2	208176476	208176569	DNA/hAT-Charlie	880	+	46	208176522	32634
chr2	208143888	208343888	harbor2	chr2	208198809	208198963	DNA/hAT-Charlie	605	+	77	208198886	54998
chr2	208143888	208343888	harbor2	chr2	208238736	208238961	DNA/hAT-Charlie	833	+	112	208238848	94960
chr2	232216088	232416088	harbor2	chr2	232238878	232238993	DNA/hAT-Charlie	453	+	58	232238936	22848
chr2	232216088	232416088	harbor2	chr2	232262461	232262667	DNA/hAT-Charlie	1061	+	103	232262564	46476
chr2	219078279	219278279	harbor2	chr2	219078778	219079012	DNA/hAT-Charlie	754	+	117	219078895	616
chr2	219078279	219278279	harbor2	chr2	219128104	219128369	DNA/hAT-Charlie	1310	+	132	219128236	49957
chr2	86006203	86206203	harbor2	chr2	86073242	86073423	DNA/hAT-Charlie	802	+	90	86073332	67129
chr2	86006203	86206203	harbor2	chr2	86089283	86089393	DNA/hAT-Charlie	458	+	55	86089338	83135
chr2	42070444	42270444	harbor2	chr2	42091119	42091351	DNA/hAT-Charlie	1062	+	116	42091235	20791
chr2	42070444	42270444	harbor2	chr2	42093210	42093379	DNA/hAT-Charlie	557	+	84	42093294	22850
chr2	42070444	42270444	harbor2	chr2	42133844	42133991	DNA/hAT-Charlie	535	+	74	42133918	63474
chr2	42070444	42270444	harbor2	chr2	42134308	42134347	DNA/hAT-Charlie	535	+	20	42134328	63884
chr2	164732161	164932161	harbor2	chr2	164733958	164734134	DNA/hAT-Charlie	915	+	88	164734046	1885
chr2	164732161	164932161	harbor2	chr2	164750768	164750925	DNA/hAT-Charlie	474	+	78	164750846	18685
chr2	164732161	164932161	harbor2	chr2	164753568	164753680	DNA/hAT-Charlie	510	+	56	164753624	21463
chr2	164732161	164932161	harbor2	chr2	164753678	164753739	DNA/hAT-Charlie	1174	+	30	164753708	21547
chr2	164732161	164932161	harbor2	chr2	164754032	164754250	DNA/hAT-Charlie	1174	+	109	164754141	21980
chr2	164732161	164932161	harbor2	chr2	164762659	164762696	DNA/hAT-Charlie	939	+	18	164762677	30516
chr2	164732161	164932161	harbor2	chr2	164762996	164763181	DNA/hAT-Charlie	939	+	92	164763088	30927
chr2	164732161	164932161	harbor2	chr2	164768317	164768525	DNA/hAT-Charlie	1496	+	104	164768421	36260
chr2	164732161	164932161	harbor2	chr2	164828633	164828835	DNA/hAT-Charlie	624	+	101	164828734	96573
chr2	43292443	43492443	harbor2	chr2	43335094	43335215	DNA/hAT-Charlie	561	+	60	43335154	42711
chr2	43292443	43492443	harbor2	chr2	43348056	43348496	DNA/hAT-Charlie	535	+	220	43348276	55833
chr2	43292443	43492443	harbor2	chr2	43361054	43361186	DNA/hAT-Charlie	700	+	66	43361120	68677
chr2	43292443	43492443	harbor2	chr2	43387626	43387816	DNA/hAT-Charlie	549	+	95	43387721	95278
chr2	202771723	202971723	harbor2	chr2	202821978	202822170	DNA/hAT-Charlie	768	+	96	202822074	50351
chr2	202771723	202971723	harbor2	chr2	202822467	202822571	DNA/hAT-Charlie	768	+	52	202822519	50796
chr2	202771723	202971723	harbor2	chr2	202848512	202848629	DNA/hAT-Charlie	527	+	58	202848570	76847
chr2	72971529	73171529	harbor2	chr2	72973329	72973543	DNA/hAT-Charlie	964	+	107	72973436	1907
chr2	72971529	73171529	harbor2	chr2	73033791	73034006	DNA/hAT-Charlie	1066	+	108	73033899	62370
chr2	27396611	27596611	harbor2	chr2	27450505	27450591	DNA/hAT-Charlie	849	+	43	27450548	53937
chr2	27396611	27596611	harbor2	chr2	27450890	27451054	DNA/hAT-Charlie	849	+	82	27450972	54361
chr2	27396611	27596611	harbor2	chr2	27463427	27463648	DNA/hAT-Charlie	1424	+	110	27463537	66926
chr2	27206957	27406957	harbor2	chr2	27214528	27214572	DNA/hAT-Charlie	532	+	22	27214550	7593
chr2	27206957	27406957	harbor2	chr2	27214862	27214958	DNA/hAT-Charlie	532	+	48	27214910	7953
chr2	27206957	27406957	harbor2	chr2	27271802	27271990	DNA/hAT-Charlie	504	+	94	27271896	64939
chr2	27206957	27406957	harbor2	chr2	27289286	27289346	DNA/hAT-Charlie	440	+	30	27289316	82359
chr2	27206957	27406957	harbor2	chr2	27289617	27289743	DNA/hAT-Charlie	459	+	63	27289680	82723
chr2	43058164	43258164	harbor2	chr2	43106680	43106854	DNA/hAT-Charlie	727	+	87	43106767	48603
chr2	43058164	43258164	harbor2	chr2	43108527	43108750	DNA/hAT-Charlie	1079	+	112	43108639	50475
chr2	43058164	43258164	harbor2	chr2	43122512	43122944	DNA/hAT-Charlie	1473	+	216	43122728	64564
chr2	46304629	46504629	harbor2	chr2	46336720	46336879	DNA/hAT-Charlie	683	+	80	46336800	32171
chr2	46304629	46504629	harbor2	chr2	46342039	46342200	DNA/hAT-Charlie	843	+	80	46342119	37490
chr2	46304629	46504629	harbor2	chr2	46370645	46370751	DNA/hAT-Charlie	559	+	53	46370698	66069
chr2	192560007	192760007	harbor2	chr2	192622902	192623049	DNA/hAT-Charlie	605	+	74	192622976	62969
chr2	44068663	44268663	harbor2	chr2	44074508	44074813	DNA/hAT-Charlie	1345	+	152	44074660	5997
chr2	44068663	44268663	harbor2	chr2	44080066	44080219	DNA/hAT-Charlie	440	+	76	44080142	11479
chr2	44068663	44268663	harbor2	chr2	44080269	44080324	DNA/hAT-Charlie	512	+	28	44080297	11634
chr2	44068663	44268663	harbor2	chr2	44080622	44080647	DNA/hAT-Charlie	512	+	12	44080634	11971
chr2	44068663	44268663	harbor2	chr2	44080962	44081059	DNA/hAT-Charlie	512	+	48	44081010	12347
chr2	44068663	44268663	harbor2	chr2	44094686	44094920	DNA/hAT-Charlie	989	+	117	44094803	26140
chr2	44068663	44268663	harbor2	chr2	44142310	44142524	DNA/hAT-Charlie	1015	+	107	44142417	73754
chr2	219602864	219802864	harbor2	chr2	219646808	219647053	DNA/hAT-Charlie	626	+	122	219646930	44066
chr2	219602864	219802864	harbor2	chr2	219647787	219647847	DNA/hAT-Charlie	626	+	30	219647817	44953
chr2	219602864	219802864	harbor2	chr2	219662300	219662451	DNA/hAT-Charlie	512	+	76	219662376	59512
chr2	219602864	219802864	harbor2	chr2	219667633	219667740	DNA/hAT-Charlie	537	+	54	219667687	64823
chr2	219602864	219802864	harbor2	chr2	219667758	219667990	DNA/hAT-Charlie	766	+	116	219667874	65010
chr2	43124424	43324424	harbor2	chr2	43184757	43184974	DNA/hAT-Charlie	690	+	108	43184865	60441
chr2	43124424	43324424	harbor2	chr2	43213534	43213708	DNA/hAT-Charlie	851	+	87	43213621	89197
chr2	64956793	65156793	harbor2	chr2	64973206	64973615	DNA/hAT-Charlie	1115	+	204	64973410	16617
chr2	64956793	65156793	harbor2	chr2	64980554	64980794	DNA/hAT-Charlie	629	+	120	64980674	23881
chr2	64956793	65156793	harbor2	chr2	65028233	65028390	DNA/hAT-Charlie	683	+	78	65028311	71518
chr2	64956793	65156793	harbor2	chr2	65033593	65033625	DNA/hAT-Charlie	477	+	16	65033609	76816
chr2	113484016	113684016	harbor2	chr2	113512986	113513219	DNA/hAT-Charlie	627	+	116	113513102	29086
chr2	113484016	113684016	harbor2	chr2	113516723	113516803	DNA/hAT-Charlie	1034	+	40	113516763	32747
chr2	113484016	113684016	harbor2	chr2	113517074	113517234	DNA/hAT-Charlie	1034	+	80	113517154	33138
chr2	113484016	113684016	harbor2	chr2	113523848	113524027	DNA/hAT-Charlie	852	+	90	113523938	39922
chr2	113484016	113684016	harbor2	chr2	113524375	113524516	DNA/hAT-Charlie	625	+	70	113524445	40429
chr2	113484016	113684016	harbor2	chr2	113524868	113525145	DNA/hAT-Charlie	584	+	138	113525006	40990
chr2	113484016	113684016	harbor2	chr2	113537458	113537650	DNA/hAT-Charlie	595	+	96	113537554	53538
chr2	113484016	113684016	harbor2	chr2	113538181	113538335	DNA/hAT-Charlie	469	+	77	113538258	54242
chr2	113484016	113684016	harbor2	chr2	113548013	113548217	DNA/hAT-Charlie	1103	+	102	113548115	64099
chr2	236587967	236787967	harbor2	chr2	236662663	236662875	DNA/hAT-Charlie	1170	+	106	236662769	74802
chr2	36674986	36874986	harbor2	chr2	36715164	36715256	DNA/hAT-Charlie	446	+	46	36715210	40224
chr2	36674986	36874986	harbor2	chr2	36734016	36734158	DNA/hAT-Charlie	749	+	71	36734087	59101
chr2	234412508	234612508	harbor2	chr2	234479767	234479917	DNA/hAT-Charlie	620	+	75	234479842	67334
chr2	234412508	234612508	harbor2	chr2	234485889	234486031	DNA/hAT-Charlie	447	+	71	234485960	73452
chr2	163608738	163808738	harbor2	chr2	163629568	163629784	DNA/hAT-Charlie	1008	+	108	163629676	20938
chr2	163608738	163808738	harbor2	chr2	163675398	163675579	DNA/hAT-Charlie	1009	+	90	163675488	66750
chr2	163608738	163808738	harbor2	chr2	163677384	163677567	DNA/hAT-Charlie	945	+	92	163677476	68738
chr2	163608738	163808738	harbor2	chr2	163691190	163691484	DNA/hAT-Charlie	441	+	147	163691337	82599
chr2	96403077	96603077	harbor2	chr2	96478424	96478616	DNA/hAT-Charlie	679	+	96	96478520	75443
chr2	130102755	130302755	harbor2	chr2	130105496	130105709	DNA/hAT-Charlie	926	+	106	130105602	2847
chr2	130102755	130302755	harbor2	chr2	130107452	130107978	DNA/hAT-Charlie	3400	+	263	130107715	4960
chr2	112055853	112255853	harbor2	chr2	112106293	112106436	DNA/hAT-Charlie	597	+	72	112106365	50512
chr2	217378357	217578357	harbor2	chr2	217383053	217383376	DNA/hAT-Charlie	971	+	162	217383215	4858
chr2	112780949	112980949	harbor2	chr2	112818176	112818395	DNA/hAT-Charlie	967	+	110	112818286	37337
chr2	124410890	124610890	harbor2	chr2	124448608	124448745	DNA/hAT-Charlie	473	+	68	124448676	37786
chr2	124410890	124610890	harbor2	chr2	124490622	124490948	DNA/hAT-Charlie	744	+	163	124490785	79895
chr2	219078274	219278274	harbor2	chr2	219078778	219079012	DNA/hAT-Charlie	754	+	117	219078895	621
chr2	219078274	219278274	harbor2	chr2	219128104	219128369	DNA/hAT-Charlie	1310	+	132	219128236	49962
chr2	113790804	113990804	harbor2	chr2	113853163	113853331	DNA/hAT-Charlie	743	+	84	113853247	62443
chr2	113790804	113990804	harbor2	chr2	113887403	113887596	DNA/hAT-Charlie	532	+	96	113887499	96695
chr2	113790804	113990804	harbor2	chr2	113888918	113889050	DNA/hAT-Charlie	670	+	66	113888984	98180
chr2	26950765	27150765	harbor2	chr2	26997254	26997472	DNA/hAT-Charlie	1490	+	109	26997363	46598
chr2	26950765	27150765	harbor2	chr2	27037275	27037443	DNA/hAT-Charlie	514	+	84	27037359	86594
chr2	26980097	27180097	harbor2	chr2	26997254	26997472	DNA/hAT-Charlie	1490	+	109	26997363	17266
chr2	26980097	27180097	harbor2	chr2	27037275	27037443	DNA/hAT-Charlie	514	+	84	27037359	57262
chr2	26980097	27180097	harbor2	chr2	27068355	27068566	DNA/hAT-Charlie	1094	+	106	27068461	88364
chr2	219124492	219324492	harbor2	chr2	219128104	219128369	DNA/hAT-Charlie	1310	+	132	219128236	3744
chr3	127490209	127690209	harbor2	chr3	127500397	127500717	DNA/hAT-Charlie	1477	+	160	127500557	10348
chr3	127490209	127690209	harbor2	chr3	127500716	127500873	DNA/hAT-Charlie	587	+	78	127500794	10585
chr3	138516159	138716159	harbor2	chr3	138530139	138530463	DNA/hAT-Charlie	1484	+	162	138530301	14142
chr3	138516159	138716159	harbor2	chr3	138531391	138531534	DNA/hAT-Charlie	675	+	72	138531463	15304
chr3	108082734	108282734	harbor2	chr3	108100292	108100474	DNA/hAT-Charlie	863	+	91	108100383	17649
chr3	108082734	108282734	harbor2	chr3	108106229	108106791	DNA/hAT-Charlie	2187	+	281	108106510	23776
chr3	108082734	108282734	harbor2	chr3	108106954	108107146	DNA/hAT-Charlie	2187	+	96	108107050	24316
chr3	108082734	108282734	harbor2	chr3	108126421	108126516	DNA/hAT-Charlie	511	+	48	108126469	43735
chr3	108082734	108282734	harbor2	chr3	108159081	108159446	DNA/hAT-Charlie	2007	+	182	108159263	76529
chr3	107992164	108192164	harbor2	chr3	108027029	108027151	DNA/hAT-Charlie	470	+	61	108027090	34926
chr3	107996460	108196460	harbor2	chr3	108027029	108027151	DNA/hAT-Charlie	470	+	61	108027090	30630
chr3	107996608	108196608	harbor2	chr3	108027029	108027151	DNA/hAT-Charlie	470	+	61	108027090	30482
chr3	9817985	10017985	harbor2	chr3	9820976	9821243	DNA/hAT-Charlie	653	+	134	9821110	3125
chr3	9817985	10017985	harbor2	chr3	9878214	9878381	DNA/hAT-Charlie	734	+	84	9878298	60313
chr3	9817985	10017985	harbor2	chr3	9879039	9879161	DNA/hAT-Charlie	774	+	61	9879100	61115
chr3	9817985	10017985	harbor2	chr3	9914097	9914385	DNA/hAT-Charlie	831	+	144	9914241	96256
chr3	9817985	10017985	harbor2	chr3	9879471	9879560	DNA/hAT-Charlie	774	+	44	9879515	61530
chr3	9817985	10017985	harbor2	chr3	9911978	9912321	DNA/hAT-Charlie	2138	+	172	9912150	94165
chr3	108422389	108622389	harbor2	chr3	108471278	108471413	DNA/hAT-Charlie	786	+	68	108471346	48957
chr3	108422389	108622389	harbor2	chr3	108473800	108474003	DNA/hAT-Charlie	526	+	102	108473902	51513
chr3	114887895	115087895	harbor2	chr3	114891085	114891236	DNA/hAT-Charlie	451	+	76	114891161	3266
chr3	107992161	108192161	harbor2	chr3	108027029	108027151	DNA/hAT-Charlie	470	+	61	108027090	34929
chr3	107992095	108192095	harbor2	chr3	108027029	108027151	DNA/hAT-Charlie	470	+	61	108027090	34995
chr3	157169493	157369493	harbor2	chr3	157262037	157262256	DNA/hAT-Charlie	580	+	110	157262147	92654
chr3	157169493	157369493	harbor2	chr3	157262268	157262832	DNA/hAT-Charlie	1448	+	282	157262550	93057
chr3	113036307	113236307	harbor2	chr3	113075771	113076540	DNA/hAT-Charlie	3183	+	384	113076155	39848
chr3	113036307	113236307	harbor2	chr3	113076532	113076665	DNA/hAT-Charlie	676	+	66	113076598	40291
chr3	113036307	113236307	harbor2	chr3	113092411	113092556	DNA/hAT-Charlie	775	+	72	113092483	56176
chr3	113036307	113236307	harbor2	chr3	113107021	113107182	DNA/hAT-Charlie	824	+	80	113107101	70794
chr3	107993194	108193194	harbor2	chr3	108027029	108027151	DNA/hAT-Charlie	470	+	61	108027090	33896
chr3	107992828	108192828	harbor2	chr3	108027029	108027151	DNA/hAT-Charlie	470	+	61	108027090	34262
chr3	157395984	157595984	harbor2	chr3	157468236	157468346	DNA/hAT-Charlie	804	+	55	157468291	72307
chr3	157395984	157595984	harbor2	chr3	157468617	157468748	DNA/hAT-Charlie	804	+	66	157468683	72699
chr3	157395984	157595984	harbor2	chr3	157469394	157469654	DNA/hAT-Charlie	749	+	130	157469524	73540
chr3	108029993	108229993	harbor2	chr3	108100292	108100474	DNA/hAT-Charlie	863	+	91	108100383	70390
chr3	108029993	108229993	harbor2	chr3	108106229	108106791	DNA/hAT-Charlie	2187	+	281	108106510	76517
chr3	108029993	108229993	harbor2	chr3	108106954	108107146	DNA/hAT-Charlie	2187	+	96	108107050	77057
chr3	108029993	108229993	harbor2	chr3	108126421	108126516	DNA/hAT-Charlie	511	+	48	108126469	96476
chr3	115844385	116044385	harbor2	chr3	115865573	115865733	DNA/hAT-Charlie	519	+	80	115865653	21268
chr3	115844385	116044385	harbor2	chr3	115869935	115870254	DNA/hAT-Charlie	1396	+	160	115870095	25710
chr3	115844385	116044385	harbor2	chr3	115898167	115898410	DNA/hAT-Charlie	667	+	122	115898289	53904
chr3	160405676	160605676	harbor2	chr3	160410121	160410345	DNA/hAT-Charlie	1090	+	112	160410233	4557
chr3	160405676	160605676	harbor2	chr3	160446739	160446985	DNA/hAT-Charlie	1453	+	123	160446862	41186
chr3	160405676	160605676	harbor2	chr3	160459572	160459727	DNA/hAT-Charlie	1101	+	78	160459650	53974
chr3	160405676	160605676	harbor2	chr3	160460914	160461245	DNA/hAT-Charlie	2483	+	166	160461080	55404
chr3	160405676	160605676	harbor2	chr3	160465827	160465971	DNA/hAT-Charlie	634	+	72	160465899	60223
chr3	160405676	160605676	harbor2	chr3	160472019	160472206	DNA/hAT-Charlie	865	+	94	160472113	66437
chr3	125447590	125647590	harbor2	chr3	125454207	125454537	DNA/hAT-Charlie	2101	+	165	125454372	6782
chr3	125447590	125647590	harbor2	chr3	125472453	125472631	DNA/hAT-Charlie	419	+	89	125472542	24952
chr3	125447590	125647590	harbor2	chr3	125534726	125534923	DNA/hAT-Charlie	878	+	98	125534824	87234
chr3	107992147	108192147	harbor2	chr3	108027029	108027151	DNA/hAT-Charlie	470	+	61	108027090	34943
chr3	188076829	188276829	harbor2	chr3	188169473	188169764	DNA/hAT-Charlie	546	+	146	188169619	92790
chr3	146094434	146294434	harbor2	chr3	146158616	146158809	DNA/hAT-Charlie	855	+	96	146158712	64278
chr3	146094434	146294434	harbor2	chr3	146184882	146185033	DNA/hAT-Charlie	420	+	76	146184958	90524
chr3	114250815	114450815	harbor2	chr3	114295951	114296128	DNA/hAT-Charlie	596	+	88	114296039	45224
chr3	114250815	114450815	harbor2	chr3	114310063	114310377	DNA/hAT-Charlie	1130	+	157	114310220	59405
chr3	114250815	114450815	harbor2	chr3	114311214	114311419	DNA/hAT-Charlie	1124	+	102	114311316	60501
chr3	151244079	151444079	harbor2	chr3	151261551	151261685	DNA/hAT-Charlie	428	+	67	151261618	17539
chr3	151244079	151444079	harbor2	chr3	151262026	151262073	DNA/hAT-Charlie	428	+	24	151262050	17971
chr3	151244079	151444079	harbor2	chr3	151288104	151288504	DNA/hAT-Charlie	657	+	200	151288304	44225
chr3	151244079	151444079	harbor2	chr3	151342421	151342598	DNA/hAT-Charlie	599	+	88	151342509	98430
chr3	161134786	161334786	harbor2	chr3	161159807	161161703	DNA/hAT-Charlie	4628	+	948	161160755	25969
chr3	107996454	108196454	harbor2	chr3	108027029	108027151	DNA/hAT-Charlie	470	+	61	108027090	30636
chr3	138397969	138597969	harbor2	chr3	138408752	138408869	DNA/hAT-Charlie	543	+	58	138408810	10841
chr3	138397969	138597969	harbor2	chr3	138409534	138409716	DNA/hAT-Charlie	996	+	91	138409625	11656
chr3	138397969	138597969	harbor2	chr3	138410440	138410565	DNA/hAT-Charlie	461	+	62	138410502	12533
chr3	138397969	138597969	harbor2	chr3	138418417	138418596	DNA/hAT-Charlie	655	+	90	138418507	20538
chr3	138397969	138597969	harbor2	chr3	138433249	138433389	DNA/hAT-Charlie	525	+	70	138433319	35350
chr3	138397969	138597969	harbor2	chr3	138445000	138445152	DNA/hAT-Charlie	462	+	76	138445076	47107
chr3	138397969	138597969	harbor2	chr3	138456547	138456825	DNA/hAT-Charlie	1910	+	139	138456686	58717
chr3	138397969	138597969	harbor2	chr3	138467106	138467286	DNA/hAT-Charlie	434	+	90	138467196	69227
chr3	196509496	196709496	harbor2	chr3	196562124	196562248	DNA/hAT-Charlie	957	+	62	196562186	52690
chr3	196509496	196709496	harbor2	chr3	196562561	196562619	DNA/hAT-Charlie	957	+	29	196562590	53094
chr3	196509496	196709496	harbor2	chr3	196578697	196578910	DNA/hAT-Charlie	1464	+	106	196578803	69307
chr3	196509496	196709496	harbor2	chr3	196604678	196605195	DNA/hAT-Charlie	3477	+	258	196604936	95440
chr3	124532884	124732884	harbor2	chr3	124564714	124564827	DNA/hAT-Charlie	499	+	56	124564770	31886
chr3	124532884	124732884	harbor2	chr3	124567063	124567233	DNA/hAT-Charlie	805	+	85	124567148	34264
chr3	124532884	124732884	harbor2	chr3	124567665	124567797	DNA/hAT-Charlie	484	+	66	124567731	34847
chr3	124532884	124732884	harbor2	chr3	124580065	124580248	DNA/hAT-Charlie	1120	+	92	124580157	47273
chr3	124532884	124732884	harbor2	chr3	124583739	124583846	DNA/hAT-Charlie	643	+	54	124583793	50909
chr3	124532884	124732884	harbor2	chr3	124593320	124593490	DNA/hAT-Charlie	640	+	85	124593405	60521
chr3	124532884	124732884	harbor2	chr3	124597614	124597792	DNA/hAT-Charlie	680	+	89	124597703	64819
chr3	107992858	108192858	harbor2	chr3	108027029	108027151	DNA/hAT-Charlie	470	+	61	108027090	34232
chr3	43899808	44099808	harbor2	chr3	43968607	43968763	DNA/hAT-Charlie	552	+	78	43968685	68877
chr3	43899808	44099808	harbor2	chr3	43970084	43970292	DNA/hAT-Charlie	1156	+	104	43970188	70380
chr3	47682285	47882285	harbor2	chr3	47724469	47724686	DNA/hAT-Charlie	1250	+	108	47724577	42292
chr3	47682285	47882285	harbor2	chr3	47756625	47756828	DNA/hAT-Charlie	661	+	102	47756727	74442
chr3	47682285	47882285	harbor2	chr3	47758545	47758691	DNA/hAT-Charlie	469	+	73	47758618	76333
chr3	107999835	108199835	harbor2	chr3	108027029	108027151	DNA/hAT-Charlie	470	+	61	108027090	27255
chr3	126604196	126804196	harbor2	chr3	126633332	126633599	DNA/hAT-Charlie	575	+	134	126633466	29270
chr3	126604196	126804196	harbor2	chr3	126636817	126637034	DNA/hAT-Charlie	1507	+	108	126636925	32729
chr3	125918450	126118450	harbor2	chr3	125926924	125927096	DNA/hAT-Charlie	1205	+	86	125927010	8560
chr3	125918450	126118450	harbor2	chr3	125929933	125930132	DNA/hAT-Charlie	831	+	100	125930033	11583
chr3	125918450	126118450	harbor2	chr3	125982657	125982799	DNA/hAT-Charlie	676	+	71	125982728	64278
chr3	125918450	126118450	harbor2	chr3	126014276	126014527	DNA/hAT-Charlie	409	+	126	126014402	95952
chr3	196187651	196387651	harbor2	chr3	196219690	196219870	DNA/hAT-Charlie	949	+	90	196219780	32129
chr3	196187651	196387651	harbor2	chr3	196281418	196281640	DNA/hAT-Charlie	1157	+	111	196281529	93878
chr3	196187651	196387651	harbor2	chr3	196282419	196282587	DNA/hAT-Charlie	536	+	84	196282503	94852
chr3	196187651	196387651	harbor2	chr3	196282570	196282750	DNA/hAT-Charlie	709	+	90	196282660	95009
chr3	108004843	108204843	harbor2	chr3	108027029	108027151	DNA/hAT-Charlie	470	+	61	108027090	22247
chr3	108004843	108204843	harbor2	chr3	108100292	108100474	DNA/hAT-Charlie	863	+	91	108100383	95540
chr3	187836138	188036138	harbor2	chr3	187839996	187840389	DNA/hAT-Charlie	1269	+	196	187840192	4054
chr3	187836138	188036138	harbor2	chr3	187909183	187909338	DNA/hAT-Charlie	655	+	78	187909261	73123
chr3	187836138	188036138	harbor2	chr3	187920323	187920421	DNA/hAT-Charlie	412	+	49	187920372	84234
chr3	187836138	188036138	harbor2	chr3	187920726	187920844	DNA/hAT-Charlie	412	+	59	187920785	84647
chr3	108001583	108201583	harbor2	chr3	108027029	108027151	DNA/hAT-Charlie	470	+	61	108027090	25507
chr3	108001583	108201583	harbor2	chr3	108100292	108100474	DNA/hAT-Charlie	863	+	91	108100383	98800
chr3	43899990	44099990	harbor2	chr3	43968607	43968763	DNA/hAT-Charlie	552	+	78	43968685	68695
chr3	43899990	44099990	harbor2	chr3	43970084	43970292	DNA/hAT-Charlie	1156	+	104	43970188	70198
chr3	184086379	184286379	harbor2	chr3	184126432	184126590	DNA/hAT-Charlie	825	+	79	184126511	40132
chr3	123360102	123560102	harbor2	chr3	123365944	123366232	DNA/hAT-Charlie	1027	+	144	123366088	5986
chr3	123360102	123560102	harbor2	chr3	123399149	123399386	DNA/hAT-Charlie	899	+	118	123399267	39165
chr3	123360102	123560102	harbor2	chr3	123409574	123409740	DNA/hAT-Charlie	562	+	83	123409657	49555
chr3	123360102	123560102	harbor2	chr3	123428756	123428894	DNA/hAT-Charlie	414	+	69	123428825	68723
chr3	52096181	52296181	harbor2	chr3	52112887	52113057	DNA/hAT-Charlie	1078	+	85	52112972	16791
chr3	52096181	52296181	harbor2	chr3	52119332	52119393	DNA/hAT-Charlie	1369	+	30	52119362	23181
chr3	52096181	52296181	harbor2	chr3	52119696	52119871	DNA/hAT-Charlie	1369	+	88	52119784	23603
chr3	52096181	52296181	harbor2	chr3	52172847	52172959	DNA/hAT-Charlie	428	+	56	52172903	76722
chr3	52096181	52296181	harbor2	chr3	52172969	52173171	DNA/hAT-Charlie	1101	+	101	52173070	76889
chr3	52096181	52296181	harbor2	chr3	52182952	52183079	DNA/hAT-Charlie	403	+	64	52183016	86835
chr3	184086435	184286435	harbor2	chr3	184126432	184126590	DNA/hAT-Charlie	825	+	79	184126511	40076
chr3	196967075	197167075	harbor2	chr3	197000063	197000226	DNA/hAT-Charlie	908	+	82	197000145	33070
chr3	196967075	197167075	harbor2	chr3	197030691	197030858	DNA/hAT-Charlie	820	+	84	197030775	63700
chr3	23714640	23914640	harbor2	chr3	23731814	23731989	DNA/hAT-Charlie	942	+	88	23731902	17262
chr3	23714640	23914640	harbor2	chr3	23732297	23732339	DNA/hAT-Charlie	942	+	21	23732318	17678
chr3	23714640	23914640	harbor2	chr3	23751806	23752117	DNA/hAT-Charlie	874	+	156	23751962	37322
chr3	39007400	39207400	harbor2	chr3	39008919	39009360	DNA/hAT-Charlie	1785	+	220	39009139	1739
chr3	128635373	128835373	harbor2	chr3	128647296	128647414	DNA/hAT-Charlie	477	+	59	128647355	11982
chr3	128635373	128835373	harbor2	chr3	128647710	128647899	DNA/hAT-Charlie	477	+	94	128647804	12431
chr3	185965616	186165616	harbor2	chr3	185976547	185976649	DNA/hAT-Charlie	576	+	51	185976598	10982
chr3	185965616	186165616	harbor2	chr3	185998131	185998294	DNA/hAT-Charlie	866	+	82	185998213	32597
chr3	185965616	186165616	harbor2	chr3	186000730	186000887	DNA/hAT-Charlie	562	+	78	186000808	35192
chr3	185965616	186165616	harbor2	chr3	186001207	186001232	DNA/hAT-Charlie	562	+	12	186001219	35603
chr3	185965616	186165616	harbor2	chr3	186003314	186003459	DNA/hAT-Charlie	420	+	72	186003386	37770
chr3	185965616	186165616	harbor2	chr3	186003554	186003795	DNA/hAT-Charlie	876	+	120	186003674	38058
chr3	185965616	186165616	harbor2	chr3	186032903	186033249	DNA/hAT-Charlie	2443	+	173	186033076	67460
chr3	185965616	186165616	harbor2	chr3	186033784	186033948	DNA/hAT-Charlie	519	+	82	186033866	68250
chr3	185965616	186165616	harbor2	chr3	186034805	186035400	DNA/hAT-Charlie	4145	+	298	186035103	69487
chr3	185965616	186165616	harbor2	chr3	186035689	186035917	DNA/hAT-Charlie	4145	+	114	186035803	70187
chr3	185965616	186165616	harbor2	chr3	186036406	186036546	DNA/hAT-Charlie	4145	+	70	186036476	70860
chr3	185965616	186165616	harbor2	chr3	186037057	186037392	DNA/hAT-Charlie	4145	+	168	186037225	71609
chr3	185965616	186165616	harbor2	chr3	186038966	186039244	DNA/hAT-Charlie	867	+	139	186039105	73489
chr3	185965616	186165616	harbor2	chr3	186039458	186039609	DNA/hAT-Charlie	425	+	76	186039534	73918
chr3	126430170	126630170	harbor2	chr3	126508989	126509090	DNA/hAT-Charlie	522	+	50	126509039	78869
chr3	50288148	50488148	harbor2	chr3	50376995	50377299	DNA/hAT-Charlie	1364	+	152	50377147	88999
chr3	50288148	50488148	harbor2	chr3	50382542	50382688	DNA/hAT-Charlie	429	+	73	50382615	94467
chr3	23847281	24047281	harbor2	chr3	23878438	23878980	DNA/hAT-Charlie	3572	+	271	23878709	31428
chr3	23847281	24047281	harbor2	chr3	23898763	23899095	DNA/hAT-Charlie	2163	+	166	23898929	51648
chr3	23847281	24047281	harbor2	chr3	23907453	23908678	DNA/hAT-Charlie	5825	+	612	23908065	60784
chr3	23847281	24047281	harbor2	chr3	23908996	23909122	DNA/hAT-Charlie	5825	+	63	23909059	61778
chr3	23847281	24047281	harbor2	chr3	23933333	23933550	DNA/hAT-Charlie	1198	+	108	23933441	86160
chr3	23847281	24047281	harbor2	chr3	23939946	23940048	DNA/hAT-Charlie	2965	+	51	23939997	92716
chr3	23847281	24047281	harbor2	chr3	23940365	23940917	DNA/hAT-Charlie	2965	+	276	23940641	93360
chr3	23847281	24047281	harbor2	chr3	23940959	23941084	DNA/hAT-Charlie	505	+	62	23941021	93740
chr3	128380700	128580700	harbor2	chr3	128426853	128427098	DNA/hAT-Charlie	642	+	122	128426975	46275
chr3	128380700	128580700	harbor2	chr3	128441065	128441242	DNA/hAT-Charlie	666	+	88	128441153	60453
chr3	128380700	128580700	harbor2	chr3	128471213	128471402	DNA/hAT-Charlie	763	+	94	128471307	90607
chr3	123351261	123551261	harbor2	chr3	123365944	123366232	DNA/hAT-Charlie	1027	+	144	123366088	14827
chr3	123351261	123551261	harbor2	chr3	123399149	123399386	DNA/hAT-Charlie	899	+	118	123399267	48006
chr3	123351261	123551261	harbor2	chr3	123409574	123409740	DNA/hAT-Charlie	562	+	83	123409657	58396
chr3	123351261	123551261	harbor2	chr3	123428756	123428894	DNA/hAT-Charlie	414	+	69	123428825	77564
chr3	47064857	47264857	harbor2	chr3	47069388	47069552	DNA/hAT-Charlie	552	+	82	47069470	4613
chr3	47064857	47264857	harbor2	chr3	47104121	47104259	DNA/hAT-Charlie	591	+	69	47104190	39333
chr3	47064857	47264857	harbor2	chr3	47104552	47104608	DNA/hAT-Charlie	591	+	28	47104580	39723
chr3	138336888	138536888	harbor2	chr3	138353094	138353372	DNA/hAT-Charlie	439	+	139	138353233	16345
chr3	138336888	138536888	harbor2	chr3	138373304	138373443	DNA/hAT-Charlie	539	+	70	138373374	36486
chr3	138336888	138536888	harbor2	chr3	138373515	138373659	DNA/hAT-Charlie	566	+	72	138373587	36699
chr3	138336888	138536888	harbor2	chr3	138408752	138408869	DNA/hAT-Charlie	543	+	58	138408810	71922
chr3	138336888	138536888	harbor2	chr3	138409534	138409716	DNA/hAT-Charlie	996	+	91	138409625	72737
chr3	138336888	138536888	harbor2	chr3	138410440	138410565	DNA/hAT-Charlie	461	+	62	138410502	73614
chr3	138336888	138536888	harbor2	chr3	138418417	138418596	DNA/hAT-Charlie	655	+	90	138418507	81619
chr3	138336888	138536888	harbor2	chr3	138433249	138433389	DNA/hAT-Charlie	525	+	70	138433319	96431
chr3	127581228	127781228	harbor2	chr3	127612019	127612220	DNA/hAT-Charlie	447	+	100	127612119	30891
chr3	127581228	127781228	harbor2	chr3	127635600	127635772	DNA/hAT-Charlie	757	+	86	127635686	54458
chr3	113686514	113886514	harbor2	chr3	113693979	113694152	DNA/hAT-Charlie	428	+	86	113694065	7551
chr3	113686514	113886514	harbor2	chr3	113741752	113742107	DNA/hAT-Charlie	1073	+	178	113741930	55416
chr3	113686514	113886514	harbor2	chr3	113783568	113784122	DNA/hAT-Charlie	2189	+	277	113783845	97331
chr3	179843714	180043714	harbor2	chr3	179860408	179860568	DNA/hAT-Charlie	505	+	80	179860488	16774
chr3	179843714	180043714	harbor2	chr3	179923431	179923613	DNA/hAT-Charlie	764	+	91	179923522	79808
chr3	179843714	180043714	harbor2	chr3	179927461	179927742	DNA/hAT-Charlie	913	+	140	179927601	83887
chr3	179843714	180043714	harbor2	chr3	179930018	179930203	DNA/hAT-Charlie	965	+	92	179930110	86396
chr3	179843714	180043714	harbor2	chr3	179939301	179939420	DNA/hAT-Charlie	543	+	60	179939361	95647
chr3	192260032	192460032	harbor2	chr3	192263329	192263469	DNA/hAT-Charlie	435	+	70	192263399	3367
chr3	192260032	192460032	harbor2	chr3	192265471	192265825	DNA/hAT-Charlie	1328	+	177	192265648	5616
chr3	192260032	192460032	harbor2	chr3	192300581	192300729	DNA/hAT-Charlie	639	+	74	192300655	40623
chr3	192260032	192460032	harbor2	chr3	192347020	192347178	DNA/hAT-Charlie	477	+	79	192347099	87067
chr3	192260032	192460032	harbor2	chr3	192347266	192347408	DNA/hAT-Charlie	626	+	71	192347337	87305
chr3	107992957	108192957	harbor2	chr3	108027029	108027151	DNA/hAT-Charlie	470	+	61	108027090	34133
chr3	52945858	53145858	harbor2	chr3	53036259	53036385	DNA/hAT-Charlie	439	+	63	53036322	90464
chr3	127620114	127820114	harbor2	chr3	127635600	127635772	DNA/hAT-Charlie	757	+	86	127635686	15572
chr3	128329278	128529278	harbor2	chr3	128348370	128348786	DNA/hAT-Charlie	743	+	208	128348578	19300
chr3	128329278	128529278	harbor2	chr3	128426853	128427098	DNA/hAT-Charlie	642	+	122	128426975	97697
chr3	128329452	128529452	harbor2	chr3	128348370	128348786	DNA/hAT-Charlie	743	+	208	128348578	19126
chr3	128329452	128529452	harbor2	chr3	128426853	128427098	DNA/hAT-Charlie	642	+	122	128426975	97523
chr3	185529283	185729283	harbor2	chr3	185545440	185545576	DNA/hAT-Charlie	649	+	68	185545508	16225
chr3	185529283	185729283	harbor2	chr3	185593457	185593718	DNA/hAT-Charlie	663	+	130	185593587	64304
chr3	185529283	185729283	harbor2	chr3	185594027	185594145	DNA/hAT-Charlie	663	+	59	185594086	64803
chr3	185529283	185729283	harbor2	chr3	185594408	185594534	DNA/hAT-Charlie	692	+	63	185594471	65188
chr3	185529283	185729283	harbor2	chr3	185613007	185613216	DNA/hAT-Charlie	798	+	104	185613111	83828
chr3	123781375	123981375	harbor2	chr3	123785699	123785925	DNA/hAT-Charlie	1137	+	113	123785812	4437
chr3	123781375	123981375	harbor2	chr3	123808416	123808648	DNA/hAT-Charlie	531	+	116	123808532	27157
chr3	123781375	123981375	harbor2	chr3	123815697	123815825	DNA/hAT-Charlie	439	+	64	123815761	34386
chr3	123781375	123981375	harbor2	chr3	123835109	123835287	DNA/hAT-Charlie	1249	+	89	123835198	53823
chr3	123781375	123981375	harbor2	chr3	123870649	123870876	DNA/hAT-Charlie	1188	+	114	123870763	89388
chr3	123781375	123981375	harbor2	chr3	123872050	123872186	DNA/hAT-Charlie	721	+	68	123872118	90743
chr3	49137838	49337838	harbor2	chr3	49208237	49208580	DNA/hAT-Charlie	2201	+	172	49208409	70571
chr3	150314573	150514573	harbor2	chr3	150373021	150373246	DNA/hAT-Charlie	686	+	112	150373133	58560
chr3	138088132	138288132	harbor2	chr3	138099205	138099422	DNA/hAT-Charlie	1537	+	108	138099313	11181
chr3	138088132	138288132	harbor2	chr3	138108870	138108963	DNA/hAT-Charlie	694	+	46	138108916	20784
chr3	138088132	138288132	harbor2	chr3	138128001	138128231	DNA/hAT-Charlie	757	+	115	138128116	39984
chr3	138088132	138288132	harbor2	chr3	138129637	138129725	DNA/hAT-Charlie	518	+	44	138129681	41549
chr3	138088132	138288132	harbor2	chr3	138185956	138186203	DNA/hAT-Charlie	670	+	124	138186080	97948
chr3	50303662	50503662	harbor2	chr3	50376995	50377299	DNA/hAT-Charlie	1364	+	152	50377147	73485
chr3	50303662	50503662	harbor2	chr3	50382542	50382688	DNA/hAT-Charlie	429	+	73	50382615	78953
chr3	50288167	50488167	harbor2	chr3	50376995	50377299	DNA/hAT-Charlie	1364	+	152	50377147	88980
chr3	50288167	50488167	harbor2	chr3	50382542	50382688	DNA/hAT-Charlie	429	+	73	50382615	94448
chr3	49195670	49395670	harbor2	chr3	49208237	49208580	DNA/hAT-Charlie	2201	+	172	49208409	12739
chr3	51841955	52041955	harbor2	chr3	51864169	51864321	DNA/hAT-Charlie	826	+	76	51864245	22290
chr3	51841955	52041955	harbor2	chr3	51881448	51882253	DNA/hAT-Charlie	10724	+	402	51881850	39895
chr3	51841955	52041955	harbor2	chr3	51882555	51883727	DNA/hAT-Charlie	10724	+	586	51883141	41186
chr3	51841955	52041955	harbor2	chr3	51884150	51884545	DNA/hAT-Charlie	10724	+	198	51884348	42393
chr3	196218335	196418335	harbor2	chr3	196219690	196219870	DNA/hAT-Charlie	949	+	90	196219780	1445
chr3	196218335	196418335	harbor2	chr3	196281418	196281640	DNA/hAT-Charlie	1157	+	111	196281529	63194
chr3	196218335	196418335	harbor2	chr3	196282419	196282587	DNA/hAT-Charlie	536	+	84	196282503	64168
chr3	196218335	196418335	harbor2	chr3	196282570	196282750	DNA/hAT-Charlie	709	+	90	196282660	64325
chr3	119612088	119812088	harbor2	chr3	119626990	119627130	DNA/hAT-Charlie	615	+	70	119627060	14972
chr3	119612088	119812088	harbor2	chr3	119635150	119635421	DNA/hAT-Charlie	1508	+	136	119635286	23198
chr3	119612088	119812088	harbor2	chr3	119639318	119639538	DNA/hAT-Charlie	432	+	110	119639428	27340
chr3	119612088	119812088	harbor2	chr3	119654848	119655026	DNA/hAT-Charlie	639	+	89	119654937	42849
chr3	119612088	119812088	harbor2	chr3	119664620	119664889	DNA/hAT-Charlie	480	+	134	119664754	52666
chr3	119612088	119812088	harbor2	chr3	119709980	119710208	DNA/hAT-Charlie	524	+	114	119710094	98006
chr3	197860204	198060204	harbor2	chr3	197874139	197874677	DNA/hAT-Charlie	3833	+	269	197874408	14204
chr3	197860204	198060204	harbor2	chr3	197874787	197874923	DNA/hAT-Charlie	796	+	68	197874855	14651
chr3	197860204	198060204	harbor2	chr3	197875229	197875301	DNA/hAT-Charlie	796	+	36	197875265	15061
chr3	197860204	198060204	harbor2	chr3	197895176	197895266	DNA/hAT-Charlie	514	+	45	197895221	35017
chr3	197860204	198060204	harbor2	chr3	197895566	197895690	DNA/hAT-Charlie	514	+	62	197895628	35424
chr3	197860204	198060204	harbor2	chr3	197895994	197896020	DNA/hAT-Charlie	514	+	13	197896007	35803
chr3	53014978	53214978	harbor2	chr3	53036259	53036385	DNA/hAT-Charlie	439	+	63	53036322	21344
chr3	53014978	53214978	harbor2	chr3	53097941	53098151	DNA/hAT-Charlie	439	+	105	53098046	83068
chr3	47725663	47925663	harbor2	chr3	47756625	47756828	DNA/hAT-Charlie	661	+	102	47756727	31064
chr3	47725663	47925663	harbor2	chr3	47758545	47758691	DNA/hAT-Charlie	469	+	73	47758618	32955
chr3	197860166	198060166	harbor2	chr3	197874139	197874677	DNA/hAT-Charlie	3833	+	269	197874408	14242
chr3	197860166	198060166	harbor2	chr3	197874787	197874923	DNA/hAT-Charlie	796	+	68	197874855	14689
chr3	197860166	198060166	harbor2	chr3	197875229	197875301	DNA/hAT-Charlie	796	+	36	197875265	15099
chr3	197860166	198060166	harbor2	chr3	197895176	197895266	DNA/hAT-Charlie	514	+	45	197895221	35055
chr3	197860166	198060166	harbor2	chr3	197895566	197895690	DNA/hAT-Charlie	514	+	62	197895628	35462
chr3	197860166	198060166	harbor2	chr3	197895994	197896020	DNA/hAT-Charlie	514	+	13	197896007	35841
chr3	156989190	157189190	harbor2	chr3	157051065	157051153	DNA/hAT-Charlie	413	+	44	157051109	61919
chr3	156989190	157189190	harbor2	chr3	157068079	157068307	DNA/hAT-Charlie	993	+	114	157068193	79003
chr3	156989190	157189190	harbor2	chr3	157078248	157078443	DNA/hAT-Charlie	763	+	98	157078346	89156
chr3	30593678	30793678	harbor2	chr3	30605917	30606037	DNA/hAT-Charlie	631	+	60	30605977	12299
chr3	30593678	30793678	harbor2	chr3	30617776	30617900	DNA/hAT-Charlie	523	+	62	30617838	24160
chr3	30593678	30793678	harbor2	chr3	30627752	30627871	DNA/hAT-Charlie	430	+	60	30627812	34134
chr3	30593678	30793678	harbor2	chr3	30629123	30629294	DNA/hAT-Charlie	640	+	86	30629209	35531
chr3	30593678	30793678	harbor2	chr3	30642374	30642546	DNA/hAT-Charlie	845	+	86	30642460	48782
chr3	30593678	30793678	harbor2	chr3	30650705	30650881	DNA/hAT-Charlie	879	+	88	30650793	57115
chr3	30593678	30793678	harbor2	chr3	30655888	30656042	DNA/hAT-Charlie	630	+	77	30655965	62287
chr3	30593678	30793678	harbor2	chr3	30683251	30683497	DNA/hAT-Charlie	664	+	123	30683374	89696
chr3	63339864	63539864	harbor2	chr3	63419462	63419696	DNA/hAT-Charlie	601	+	117	63419579	79715
chr3	53396060	53596060	harbor2	chr3	53451180	53451401	DNA/hAT-Charlie	1520	+	110	53451290	55230
chr3	53396060	53596060	harbor2	chr3	53480796	53480872	DNA/hAT-Charlie	680	+	38	53480834	84774
chr3	53396060	53596060	harbor2	chr3	53481499	53481596	DNA/hAT-Charlie	680	+	48	53481547	85487
chr3	53396060	53596060	harbor2	chr3	53487924	53489142	DNA/hAT-Charlie	6274	+	609	53488533	92473
chr3	182582472	182782472	harbor2	chr3	182656676	182656846	DNA/hAT-Charlie	446	+	85	182656761	74289
chr3	182582472	182782472	harbor2	chr3	182658493	182658737	DNA/hAT-Charlie	496	+	122	182658615	76143
chr3	182582472	182782472	harbor2	chr3	182659040	182659151	DNA/hAT-Charlie	496	+	56	182659096	76624
chr3	182582472	182782472	harbor2	chr3	182663221	182663361	DNA/hAT-Charlie	473	+	70	182663291	80819
chr3	108032373	108232373	harbor2	chr3	108100292	108100474	DNA/hAT-Charlie	863	+	91	108100383	68010
chr3	108032373	108232373	harbor2	chr3	108106229	108106791	DNA/hAT-Charlie	2187	+	281	108106510	74137
chr3	108032373	108232373	harbor2	chr3	108106954	108107146	DNA/hAT-Charlie	2187	+	96	108107050	74677
chr3	108032373	108232373	harbor2	chr3	108126421	108126516	DNA/hAT-Charlie	511	+	48	108126469	94096
chr3	186106731	186306731	harbor2	chr3	186128620	186128824	DNA/hAT-Charlie	914	+	102	186128722	21991
chr3	186106731	186306731	harbor2	chr3	186154768	186154948	DNA/hAT-Charlie	962	+	90	186154858	48127
chr3	186106731	186306731	harbor2	chr3	186170108	186170286	DNA/hAT-Charlie	740	+	89	186170197	63466
chr3	186106731	186306731	harbor2	chr3	186170320	186170502	DNA/hAT-Charlie	1205	+	91	186170411	63680
chr3	186106731	186306731	harbor2	chr3	186179159	186179388	DNA/hAT-Charlie	1027	+	114	186179273	72542
chr3	197860186	198060186	harbor2	chr3	197874139	197874677	DNA/hAT-Charlie	3833	+	269	197874408	14222
chr3	197860186	198060186	harbor2	chr3	197874787	197874923	DNA/hAT-Charlie	796	+	68	197874855	14669
chr3	197860186	198060186	harbor2	chr3	197875229	197875301	DNA/hAT-Charlie	796	+	36	197875265	15079
chr3	197860186	198060186	harbor2	chr3	197895176	197895266	DNA/hAT-Charlie	514	+	45	197895221	35035
chr3	197860186	198060186	harbor2	chr3	197895566	197895690	DNA/hAT-Charlie	514	+	62	197895628	35442
chr3	197860186	198060186	harbor2	chr3	197895994	197896020	DNA/hAT-Charlie	514	+	13	197896007	35821
chr3	102709889	102909889	harbor2	chr3	102731856	102732010	DNA/hAT-Charlie	689	+	77	102731933	22044
chr3	102709889	102909889	harbor2	chr3	102748832	102749067	DNA/hAT-Charlie	572	+	118	102748950	39061
chr3	102709889	102909889	harbor2	chr3	102798343	102798567	DNA/hAT-Charlie	741	+	112	102798455	88566
chr3	157035633	157235633	harbor2	chr3	157051065	157051153	DNA/hAT-Charlie	413	+	44	157051109	15476
chr3	157035633	157235633	harbor2	chr3	157068079	157068307	DNA/hAT-Charlie	993	+	114	157068193	32560
chr3	157035633	157235633	harbor2	chr3	157078248	157078443	DNA/hAT-Charlie	763	+	98	157078346	42713
chr3	157035633	157235633	harbor2	chr3	157117740	157117924	DNA/hAT-Charlie	449	+	92	157117832	82199
chr3	157035633	157235633	harbor2	chr3	157123733	157123912	DNA/hAT-Charlie	747	+	90	157123823	88190
chr3	123544853	123744853	harbor2	chr3	123557104	123557387	DNA/hAT-Charlie	1933	+	142	123557246	12393
chr3	123544853	123744853	harbor2	chr3	123610161	123610289	DNA/hAT-Charlie	713	+	64	123610225	65372
chr3	49622391	49822391	harbor2	chr3	49690214	49690408	DNA/hAT-Charlie	1036	+	97	49690311	67920
chr3	46800653	47000653	harbor2	chr3	46811515	46811610	DNA/hAT-Charlie	429	+	48	46811563	10910
chr3	46800653	47000653	harbor2	chr3	46817241	46818336	DNA/hAT-Charlie	4866	+	548	46817789	17136
chr3	48929494	49129494	harbor2	chr3	48950630	48950839	DNA/hAT-Charlie	839	+	104	48950734	21240
chr3	157569498	157769498	harbor2	chr3	157642789	157643002	DNA/hAT-Charlie	521	+	106	157642895	73397
chr3	157569498	157769498	harbor2	chr3	157644413	157644589	DNA/hAT-Charlie	833	+	88	157644501	75003
chr3	172010482	172210482	harbor2	chr3	172042709	172042820	DNA/hAT-Charlie	519	+	56	172042765	32283
chr3	172010482	172210482	harbor2	chr3	172072097	172072294	DNA/hAT-Charlie	850	+	98	172072195	61713
chr3	172010482	172210482	harbor2	chr3	172085205	172085468	DNA/hAT-Charlie	592	+	132	172085337	74855
chr3	172010482	172210482	harbor2	chr3	172099896	172100018	DNA/hAT-Charlie	467	+	61	172099957	89475
chr3	122886039	123086039	harbor2	chr3	122894854	122895446	DNA/hAT-Charlie	1610	+	296	122895150	9111
chr3	122886039	123086039	harbor2	chr3	122897882	122898203	DNA/hAT-Charlie	945	+	160	122898042	12003
chr3	122886039	123086039	harbor2	chr3	122898200	122898399	DNA/hAT-Charlie	760	+	100	122898300	12261
chr3	122886039	123086039	harbor2	chr3	122916357	122916509	DNA/hAT-Charlie	656	+	76	122916433	30394
chr3	122886039	123086039	harbor2	chr3	122950442	122950734	DNA/hAT-Charlie	1086	+	146	122950588	64549
chr3	122886039	123086039	harbor2	chr3	122976181	122976364	DNA/hAT-Charlie	1192	+	92	122976273	90234
chr3	182693462	182893462	harbor2	chr3	182711706	182711971	DNA/hAT-Charlie	1685	+	132	182711838	18376
chr3	74983907	75183907	harbor2	chr3	75046127	75046281	DNA/hAT-Charlie	487	+	77	75046204	62297
chr3	74983907	75183907	harbor2	chr3	75054567	75054773	DNA/hAT-Charlie	741	+	103	75054670	70763
chr3	49623984	49823984	harbor2	chr3	49690214	49690408	DNA/hAT-Charlie	1036	+	97	49690311	66327
chr3	12828058	13028058	harbor2	chr3	12830971	12831182	DNA/hAT-Charlie	435	+	106	12831077	3019
chr3	12828058	13028058	harbor2	chr3	12906946	12907156	DNA/hAT-Charlie	1091	+	105	12907051	78993
chr3	12828058	13028058	harbor2	chr3	12919891	12920119	DNA/hAT-Charlie	459	+	114	12920005	91947
chr3	12828058	13028058	harbor2	chr3	12927176	12927325	DNA/hAT-Charlie	563	+	74	12927250	99192
chr3	196096820	196296820	harbor2	chr3	196125138	196125287	DNA/hAT-Charlie	823	+	74	196125212	28392
chr3	107993078	108193078	harbor2	chr3	108027029	108027151	DNA/hAT-Charlie	470	+	61	108027090	34012
chr3	128333916	128533916	harbor2	chr3	128348370	128348786	DNA/hAT-Charlie	743	+	208	128348578	14662
chr3	128333916	128533916	harbor2	chr3	128426853	128427098	DNA/hAT-Charlie	642	+	122	128426975	93059
chr3	126257004	126457004	harbor2	chr3	126269394	126269570	DNA/hAT-Charlie	601	+	88	126269482	12478
chr3	126257004	126457004	harbor2	chr3	126269884	126270019	DNA/hAT-Charlie	447	+	68	126269952	12948
chr3	126257004	126457004	harbor2	chr3	126307649	126307842	DNA/hAT-Charlie	454	+	96	126307745	50741
chr3	126257004	126457004	harbor2	chr3	126313911	126314103	DNA/hAT-Charlie	890	+	96	126314007	57003
chr3	126257004	126457004	harbor2	chr3	126315982	126316167	DNA/hAT-Charlie	705	+	92	126316074	59070
chr3	128329153	128529153	harbor2	chr3	128348370	128348786	DNA/hAT-Charlie	743	+	208	128348578	19425
chr3	128329153	128529153	harbor2	chr3	128426853	128427098	DNA/hAT-Charlie	642	+	122	128426975	97822
chr3	51599424	51799424	harbor2	chr3	51613850	51614062	DNA/hAT-Charlie	1088	+	106	51613956	14532
chr3	51599424	51799424	harbor2	chr3	51640224	51640381	DNA/hAT-Charlie	793	+	78	51640302	40878
chr3	51599424	51799424	harbor2	chr3	51658816	51659098	DNA/hAT-Charlie	1108	+	141	51658957	59533
chr3	51599424	51799424	harbor2	chr3	51659405	51659446	DNA/hAT-Charlie	1108	+	20	51659425	60001
chr3	51599424	51799424	harbor2	chr3	51642288	51642518	DNA/hAT-Charlie	547	+	115	51642403	42979
chr3	138337091	138537091	harbor2	chr3	138353094	138353372	DNA/hAT-Charlie	439	+	139	138353233	16142
chr3	138337091	138537091	harbor2	chr3	138373304	138373443	DNA/hAT-Charlie	539	+	70	138373374	36283
chr3	138337091	138537091	harbor2	chr3	138373515	138373659	DNA/hAT-Charlie	566	+	72	138373587	36496
chr3	138337091	138537091	harbor2	chr3	138408752	138408869	DNA/hAT-Charlie	543	+	58	138408810	71719
chr3	138337091	138537091	harbor2	chr3	138409534	138409716	DNA/hAT-Charlie	996	+	91	138409625	72534
chr3	138337091	138537091	harbor2	chr3	138410440	138410565	DNA/hAT-Charlie	461	+	62	138410502	73411
chr3	138337091	138537091	harbor2	chr3	138418417	138418596	DNA/hAT-Charlie	655	+	90	138418507	81416
chr3	138337091	138537091	harbor2	chr3	138433249	138433389	DNA/hAT-Charlie	525	+	70	138433319	96228
chr3	53001396	53201396	harbor2	chr3	53036259	53036385	DNA/hAT-Charlie	439	+	63	53036322	34926
chr3	53001396	53201396	harbor2	chr3	53097941	53098151	DNA/hAT-Charlie	439	+	105	53098046	96650
chr3	127675921	127875921	harbor2	chr3	127774737	127774861	DNA/hAT-Charlie	460	+	62	127774799	98878
chr3	189960849	190160849	harbor2	chr3	190049810	190050076	DNA/hAT-Charlie	742	+	133	190049943	89094
chr3	189960849	190160849	harbor2	chr3	190057200	190057349	DNA/hAT-Charlie	679	+	74	190057274	96425
chr4	2825781	3025781	harbor2	chr4	2838544	2838749	DNA/hAT-Charlie	1268	+	102	2838646	12865
chr4	2825781	3025781	harbor2	chr4	2861839	2862035	DNA/hAT-Charlie	1406	+	98	2861937	36156
chr4	2825781	3025781	harbor2	chr4	2874791	2874944	DNA/hAT-Charlie	740	+	76	2874867	49086
chr4	6810897	7010897	harbor2	chr4	6812235	6812399	DNA/hAT-Charlie	785	+	82	6812317	1420
chr4	6810897	7010897	harbor2	chr4	6841070	6841578	DNA/hAT-Charlie	2192	+	254	6841324	30427
chr4	6810897	7010897	harbor2	chr4	6846303	6846622	DNA/hAT-Charlie	1906	+	160	6846463	35566
chr4	6810897	7010897	harbor2	chr4	6859375	6859678	DNA/hAT-Charlie	1164	+	152	6859527	48630
chr4	145103423	145303423	harbor2	chr4	145161603	145161781	DNA/hAT-Charlie	858	+	89	145161692	58269
chr4	2363035	2563035	harbor2	chr4	2375814	2375877	DNA/hAT-Charlie	501	+	32	2375846	12811
chr4	2363035	2563035	harbor2	chr4	2376173	2376254	DNA/hAT-Charlie	501	+	40	2376213	13178
chr4	41541096	41741096	harbor2	chr4	41551561	41551887	DNA/hAT-Charlie	1517	+	163	41551724	10628
chr4	41541096	41741096	harbor2	chr4	41584447	41584628	DNA/hAT-Charlie	486	+	90	41584537	43441
chr4	41541096	41741096	harbor2	chr4	41593647	41593853	DNA/hAT-Charlie	832	+	103	41593750	52654
chr4	25762832	25962832	harbor2	chr4	25815777	25816000	DNA/hAT-Charlie	970	+	112	25815889	53057
chr4	25762832	25962832	harbor2	chr4	25853430	25853664	DNA/hAT-Charlie	1326	+	117	25853547	90715
chr4	25762832	25962832	harbor2	chr4	25853972	25854066	DNA/hAT-Charlie	1326	+	47	25854019	91187
chr4	150915773	151115773	harbor2	chr4	150943098	150943289	DNA/hAT-Charlie	519	+	96	150943194	27421
chr4	150915773	151115773	harbor2	chr4	150986281	150986442	DNA/hAT-Charlie	774	+	80	150986361	70588
chr4	145081541	145281541	harbor2	chr4	145083559	145083794	DNA/hAT-Charlie	563	+	118	145083677	2136
chr4	145081541	145281541	harbor2	chr4	145084708	145084982	DNA/hAT-Charlie	1046	+	137	145084845	3304
chr4	145081541	145281541	harbor2	chr4	145086435	145086604	DNA/hAT-Charlie	631	+	84	145086519	4978
chr4	145081541	145281541	harbor2	chr4	145161603	145161781	DNA/hAT-Charlie	858	+	89	145161692	80151
chr4	730253	930253	harbor2	chr4	740949	741394	DNA/hAT-Charlie	1006	+	222	741171	10918
chr4	89737944	89937944	harbor2	chr4	89833333	89833471	DNA/hAT-Charlie	707	+	69	89833402	95458
chr4	89737944	89937944	harbor2	chr4	89833777	89833844	DNA/hAT-Charlie	707	+	34	89833811	95867
chr4	159002941	159202941	harbor2	chr4	159005547	159005773	DNA/hAT-Charlie	1334	+	113	159005660	2719
chr4	159002941	159202941	harbor2	chr4	159006064	159006145	DNA/hAT-Charlie	1334	+	40	159006104	3163
chr4	159002941	159202941	harbor2	chr4	159009233	159009416	DNA/hAT-Charlie	972	+	92	159009325	6384
chr4	159002941	159202941	harbor2	chr4	159025103	159025189	DNA/hAT-Charlie	742	+	43	159025146	22205
chr4	159002941	159202941	harbor2	chr4	159025461	159025529	DNA/hAT-Charlie	742	+	34	159025495	22554
chr4	159026392	159226392	harbor2	chr4	159118057	159118564	DNA/hAT-Charlie	3463	+	254	159118311	91919
chr4	139551799	139751799	harbor2	chr4	139592133	139592256	DNA/hAT-Charlie	2873	+	62	139592195	40396
chr4	139551799	139751799	harbor2	chr4	139592264	139592434	DNA/hAT-Charlie	1010	+	85	139592349	40550
chr4	139551799	139751799	harbor2	chr4	139598557	139598921	DNA/hAT-Charlie	1709	+	182	139598739	46940
chr4	139551799	139751799	harbor2	chr4	139623754	139623853	DNA/hAT-Charlie	537	+	50	139623804	72005
chr4	139551799	139751799	harbor2	chr4	139624156	139624228	DNA/hAT-Charlie	537	+	36	139624192	72393
chr4	139551799	139751799	harbor2	chr4	139591086	139591837	DNA/hAT-Charlie	2873	+	376	139591462	39663
chr4	3264984	3464984	harbor2	chr4	3322678	3322882	DNA/hAT-Charlie	715	+	102	3322780	57796
chr4	128444275	128644275	harbor2	chr4	128536825	128537024	DNA/hAT-Charlie	745	+	100	128536925	92650
chr4	2831610	3031610	harbor2	chr4	2838544	2838749	DNA/hAT-Charlie	1268	+	102	2838646	7036
chr4	2831610	3031610	harbor2	chr4	2861839	2862035	DNA/hAT-Charlie	1406	+	98	2861937	30327
chr4	2831610	3031610	harbor2	chr4	2874791	2874944	DNA/hAT-Charlie	740	+	76	2874867	43257
chr4	6967790	7167790	harbor2	chr4	6971642	6971825	DNA/hAT-Charlie	864	+	92	6971734	3944
chr4	6967790	7167790	harbor2	chr4	7056862	7057030	DNA/hAT-Charlie	471	+	84	7056946	89156
chr4	145198204	145398204	harbor2	chr4	145276018	145276296	DNA/hAT-Charlie	747	+	139	145276157	77953
chr4	159002962	159202962	harbor2	chr4	159005547	159005773	DNA/hAT-Charlie	1334	+	113	159005660	2698
chr4	159002962	159202962	harbor2	chr4	159006064	159006145	DNA/hAT-Charlie	1334	+	40	159006104	3142
chr4	159002962	159202962	harbor2	chr4	159009233	159009416	DNA/hAT-Charlie	972	+	92	159009325	6363
chr4	159002962	159202962	harbor2	chr4	159025103	159025189	DNA/hAT-Charlie	742	+	43	159025146	22184
chr4	159002962	159202962	harbor2	chr4	159025461	159025529	DNA/hAT-Charlie	742	+	34	159025495	22533
chr4	16642723	16842723	harbor2	chr4	16656426	16657181	DNA/hAT-Charlie	2516	+	378	16656804	14081
chr4	16642723	16842723	harbor2	chr4	16659980	16660090	DNA/hAT-Charlie	533	+	55	16660035	17312
chr4	16642723	16842723	harbor2	chr4	16667974	16668239	DNA/hAT-Charlie	654	+	132	16668106	25383
chr4	16642723	16842723	harbor2	chr4	16669915	16670102	DNA/hAT-Charlie	847	+	94	16670009	27286
chr4	16642723	16842723	harbor2	chr4	16673644	16673829	DNA/hAT-Charlie	1005	+	92	16673736	31013
chr4	16642723	16842723	harbor2	chr4	16717850	16718072	DNA/hAT-Charlie	563	+	111	16717961	75238
chr4	120195584	120395584	harbor2	chr4	120265631	120265965	DNA/hAT-Charlie	1980	+	167	120265798	70214
chr4	120195584	120395584	harbor2	chr4	120284272	120284494	DNA/hAT-Charlie	1106	+	111	120284383	88799
chr4	5701053	5901053	harbor2	chr4	5702519	5702617	DNA/hAT-Charlie	495	+	49	5702568	1515
chr4	5701053	5901053	harbor2	chr4	5715299	5715474	DNA/hAT-Charlie	793	+	88	5715387	14334
chr4	5701053	5901053	harbor2	chr4	5739614	5739763	DNA/hAT-Charlie	605	+	74	5739688	38635
chr4	5701053	5901053	harbor2	chr4	5788814	5788999	DNA/hAT-Charlie	1002	+	92	5788906	87853
chr4	151521646	151721646	harbor2	chr4	151604358	151604535	DNA/hAT-Charlie	736	+	88	151604446	82800
chr4	150915774	151115774	harbor2	chr4	150943098	150943289	DNA/hAT-Charlie	519	+	96	150943194	27420
chr4	150915774	151115774	harbor2	chr4	150986281	150986442	DNA/hAT-Charlie	774	+	80	150986361	70587
chr4	70739670	70939670	harbor2	chr4	70759802	70760020	DNA/hAT-Charlie	601	+	109	70759911	20241
chr4	76114019	76314019	harbor2	chr4	76137737	76138022	DNA/hAT-Charlie	851	+	142	76137879	23860
chr4	76114019	76314019	harbor2	chr4	76149985	76150205	DNA/hAT-Charlie	1449	+	110	76150095	36076
chr4	76114019	76314019	harbor2	chr4	76151028	76151249	DNA/hAT-Charlie	689	+	110	76151138	37119
chr4	76114019	76314019	harbor2	chr4	76155791	76155978	DNA/hAT-Charlie	695	+	94	76155885	41866
chr4	76114019	76314019	harbor2	chr4	76182240	76182540	DNA/hAT-Charlie	1338	+	150	76182390	68371
chr4	76114019	76314019	harbor2	chr4	76190841	76191033	DNA/hAT-Charlie	1130	+	96	76190937	76918
chr4	76114019	76314019	harbor2	chr4	76207058	76207267	DNA/hAT-Charlie	1002	+	104	76207162	93143
chr4	76114019	76314019	harbor2	chr4	76207267	76207378	DNA/hAT-Charlie	496	+	56	76207323	93304
chr4	3054676	3254676	harbor2	chr4	3097825	3097957	DNA/hAT-Charlie	664	+	66	3097891	43215
chr4	3054676	3254676	harbor2	chr4	3097956	3098133	DNA/hAT-Charlie	586	+	88	3098044	43368
chr4	3054676	3254676	harbor2	chr4	3120456	3120787	DNA/hAT-Charlie	2249	+	166	3120622	65946
chr4	3054676	3254676	harbor2	chr4	3150175	3150369	DNA/hAT-Charlie	913	+	97	3150272	95596
chr4	3054676	3254676	harbor2	chr4	3150735	3150754	DNA/hAT-Charlie	1897	+	10	3150745	96069
chr4	3054676	3254676	harbor2	chr4	3151069	3151158	DNA/hAT-Charlie	1897	+	44	3151113	96437
chr4	3054676	3254676	harbor2	chr4	3151590	3151780	DNA/hAT-Charlie	1897	+	95	3151685	97009
chr4	3418040	3618040	harbor2	chr4	3470631	3470826	DNA/hAT-Charlie	581	+	98	3470729	52689
chr4	3418040	3618040	harbor2	chr4	3471936	3472114	DNA/hAT-Charlie	514	+	89	3472025	53985
chr4	2364000	2564000	harbor2	chr4	2375814	2375877	DNA/hAT-Charlie	501	+	32	2375846	11846
chr4	2364000	2564000	harbor2	chr4	2376173	2376254	DNA/hAT-Charlie	501	+	40	2376213	12213
chr4	2834779	3034779	harbor2	chr4	2838544	2838749	DNA/hAT-Charlie	1268	+	102	2838646	3867
chr4	2834779	3034779	harbor2	chr4	2861839	2862035	DNA/hAT-Charlie	1406	+	98	2861937	27158
chr4	2834779	3034779	harbor2	chr4	2874791	2874944	DNA/hAT-Charlie	740	+	76	2874867	40088
chr4	8768364	8968364	harbor2	chr4	8848028	8848391	DNA/hAT-Charlie	1389	+	182	8848210	79846
chr4	152837648	153037648	harbor2	chr4	152887398	152887705	DNA/hAT-Charlie	1066	+	154	152887552	49904
chr4	148340678	148540678	harbor2	chr4	148346569	148346866	DNA/hAT-Charlie	1042	+	148	148346717	6039
chr4	151572476	151772476	harbor2	chr4	151604358	151604535	DNA/hAT-Charlie	736	+	88	151604446	31970
chr4	151572476	151772476	harbor2	chr4	151640058	151640195	DNA/hAT-Charlie	858	+	68	151640126	67650
chr4	151572476	151772476	harbor2	chr4	151641431	151641647	DNA/hAT-Charlie	1638	+	108	151641539	69063
chr4	163375906	163575906	harbor2	chr4	163438354	163438611	DNA/hAT-Charlie	757	+	128	163438482	62576
chr4	163375906	163575906	harbor2	chr4	163475395	163475572	DNA/hAT-Charlie	801	+	88	163475483	99577
chr4	70803213	71003213	harbor2	chr4	70850803	70850961	DNA/hAT-Charlie	1622	+	79	70850882	47669
chr4	70803213	71003213	harbor2	chr4	70851252	70851431	DNA/hAT-Charlie	1622	+	90	70851342	48129
chr4	138772104	138972104	harbor2	chr4	138827501	138827664	DNA/hAT-Charlie	781	+	82	138827583	55479
chr4	138772104	138972104	harbor2	chr4	138834925	138835089	DNA/hAT-Charlie	875	+	82	138835007	62903
chr4	138772104	138972104	harbor2	chr4	138837234	138837339	DNA/hAT-Charlie	488	+	52	138837286	65182
chr4	138772104	138972104	harbor2	chr4	138849422	138849592	DNA/hAT-Charlie	986	+	85	138849507	77403
chr4	138772104	138972104	harbor2	chr4	138858554	138858776	DNA/hAT-Charlie	1106	+	111	138858665	86561
chr4	153366241	153566241	harbor2	chr4	153389882	153390070	DNA/hAT-Charlie	779	+	94	153389976	23735
chr4	153366241	153566241	harbor2	chr4	153421731	153421902	DNA/hAT-Charlie	610	+	86	153421817	55576
chr4	153366241	153566241	harbor2	chr4	153421903	153422128	DNA/hAT-Charlie	471	+	112	153422015	55774
chr4	86953456	87153456	harbor2	chr4	86958951	86959146	DNA/hAT-Charlie	991	+	98	86959049	5593
chr4	86953456	87153456	harbor2	chr4	86972328	86972547	DNA/hAT-Charlie	919	+	110	86972438	18982
chr4	86953456	87153456	harbor2	chr4	86972840	86972943	DNA/hAT-Charlie	919	+	52	86972892	19436
chr4	86953456	87153456	harbor2	chr4	87008529	87008989	DNA/hAT-Charlie	1199	+	230	87008759	55303
chr4	86953456	87153456	harbor2	chr4	87025563	87025763	DNA/hAT-Charlie	934	+	100	87025663	72207
chr4	86953456	87153456	harbor2	chr4	87041407	87041539	DNA/hAT-Charlie	515	+	66	87041473	88017
chr4	139195860	139395860	harbor2	chr4	139204756	139205022	DNA/hAT-Charlie	1223	+	133	139204889	9029
chr4	139195860	139395860	harbor2	chr4	139205326	139205400	DNA/hAT-Charlie	1223	+	37	139205363	9503
chr4	55753709	55953709	harbor2	chr4	55783190	55783542	DNA/hAT-Charlie	548	+	176	55783366	29657
chr4	55753709	55953709	harbor2	chr4	55788779	55788934	DNA/hAT-Charlie	967	+	78	55788857	35148
chr4	55753709	55953709	harbor2	chr4	55789632	55789784	DNA/hAT-Charlie	967	+	76	55789708	35999
chr4	1068019	1268019	harbor2	chr4	1076765	1076966	DNA/hAT-Charlie	817	+	100	1076865	8846
chr4	1068019	1268019	harbor2	chr4	1114464	1114640	DNA/hAT-Charlie	532	+	88	1114552	46533
chr5	73899952	74099952	harbor2	chr5	73905035	73905372	DNA/hAT-Charlie	1858	+	168	73905203	5251
chr5	73899952	74099952	harbor2	chr5	73993249	73993435	DNA/hAT-Charlie	581	+	93	73993342	93390
chr5	10341862	10541862	harbor2	chr5	10349865	10350009	DNA/hAT-Charlie	509	+	72	10349937	8075
chr5	10341862	10541862	harbor2	chr5	10399199	10399399	DNA/hAT-Charlie	421	+	100	10399299	57437
chr5	10341862	10541862	harbor2	chr5	10405917	10406234	DNA/hAT-Charlie	1881	+	158	10406075	64213
chr5	9115075	9315075	harbor2	chr5	9149171	9149307	DNA/hAT-Charlie	525	+	68	9149239	34164
chr5	9115075	9315075	harbor2	chr5	9204716	9205066	DNA/hAT-Charlie	2150	+	175	9204891	89816
chr5	9115075	9315075	harbor2	chr5	9213579	9213796	DNA/hAT-Charlie	878	+	108	9213687	98612
chr5	10532476	10732476	harbor2	chr5	10571764	10571880	DNA/hAT-Charlie	756	+	58	10571822	39346
chr5	10532476	10732476	harbor2	chr5	10572189	10572254	DNA/hAT-Charlie	756	+	32	10572221	39745
chr5	10532476	10732476	harbor2	chr5	10576323	10576448	DNA/hAT-Charlie	539	+	62	10576385	43909
chr5	10532476	10732476	harbor2	chr5	10590489	10590722	DNA/hAT-Charlie	1221	+	116	10590605	58129
chr5	10532476	10732476	harbor2	chr5	10609026	10609271	DNA/hAT-Charlie	1008	+	122	10609148	76672
chr5	10532476	10732476	harbor2	chr5	10609549	10609597	DNA/hAT-Charlie	1008	+	24	10609573	77097
chr5	10532476	10732476	harbor2	chr5	10610258	10610462	DNA/hAT-Charlie	1074	+	102	10610360	77884
chr5	10341874	10541874	harbor2	chr5	10349865	10350009	DNA/hAT-Charlie	509	+	72	10349937	8063
chr5	10341874	10541874	harbor2	chr5	10399199	10399399	DNA/hAT-Charlie	421	+	100	10399299	57425
chr5	10341874	10541874	harbor2	chr5	10405917	10406234	DNA/hAT-Charlie	1881	+	158	10406075	64201
chr5	150964836	151164836	harbor2	chr5	151036219	151036621	DNA/hAT-Charlie	1149	+	201	151036420	71584
chr5	150964836	151164836	harbor2	chr5	151039561	151039708	DNA/hAT-Charlie	463	+	74	151039635	74799
chr5	150964836	151164836	harbor2	chr5	151050208	151050631	DNA/hAT-Charlie	1341	+	212	151050420	85584
chr5	52700037	52900037	harbor2	chr5	52711938	52712105	DNA/hAT-Charlie	525	+	84	52712022	11985
chr5	52700037	52900037	harbor2	chr5	52724514	52724640	DNA/hAT-Charlie	600	+	63	52724577	24540
chr5	52700037	52900037	harbor2	chr5	52759915	52760115	DNA/hAT-Charlie	1002	+	100	52760015	59978
chr5	52700037	52900037	harbor2	chr5	52763227	52763402	DNA/hAT-Charlie	639	+	88	52763315	63278
chr5	52700037	52900037	harbor2	chr5	52763764	52763904	DNA/hAT-Charlie	639	+	70	52763834	63797
chr5	52700037	52900037	harbor2	chr5	52707301	52707478	DNA/hAT-Charlie	571	+	88	52707389	7352
chr5	10341877	10541877	harbor2	chr5	10349865	10350009	DNA/hAT-Charlie	509	+	72	10349937	8060
chr5	10341877	10541877	harbor2	chr5	10399199	10399399	DNA/hAT-Charlie	421	+	100	10399299	57422
chr5	10341877	10541877	harbor2	chr5	10405917	10406234	DNA/hAT-Charlie	1881	+	158	10406075	64198
chr5	10341899	10541899	harbor2	chr5	10349865	10350009	DNA/hAT-Charlie	509	+	72	10349937	8038
chr5	10341899	10541899	harbor2	chr5	10399199	10399399	DNA/hAT-Charlie	421	+	100	10399299	57400
chr5	10341899	10541899	harbor2	chr5	10405917	10406234	DNA/hAT-Charlie	1881	+	158	10406075	64176
chr5	55892081	56092081	harbor2	chr5	55920345	55920638	DNA/hAT-Charlie	1133	+	146	55920491	28410
chr5	55892081	56092081	harbor2	chr5	55920854	55921077	DNA/hAT-Charlie	1121	+	112	55920966	28885
chr5	55892081	56092081	harbor2	chr5	55981924	55982132	DNA/hAT-Charlie	594	+	104	55982028	89947
chr5	55892081	56092081	harbor2	chr5	55902085	55902309	DNA/hAT-Charlie	973	+	112	55902197	10116
chr5	62303875	62503875	harbor2	chr5	62374235	62374430	DNA/hAT-Charlie	786	+	98	62374333	70458
chr5	62303875	62503875	harbor2	chr5	62375712	62375906	DNA/hAT-Charlie	734	+	97	62375809	71934
chr5	145979706	146179706	harbor2	chr5	146002574	146002979	DNA/hAT-Charlie	2065	+	202	146002776	23070
chr5	145979706	146179706	harbor2	chr5	146029367	146029488	DNA/hAT-Charlie	453	+	60	146029427	49721
chr5	145979706	146179706	harbor2	chr5	146030654	146030997	DNA/hAT-Charlie	1203	+	172	146030826	51120
chr5	10341867	10541867	harbor2	chr5	10349865	10350009	DNA/hAT-Charlie	509	+	72	10349937	8070
chr5	10341867	10541867	harbor2	chr5	10399199	10399399	DNA/hAT-Charlie	421	+	100	10399299	57432
chr5	10341867	10541867	harbor2	chr5	10405917	10406234	DNA/hAT-Charlie	1881	+	158	10406075	64208
chr5	10341831	10541831	harbor2	chr5	10349865	10350009	DNA/hAT-Charlie	509	+	72	10349937	8106
chr5	10341831	10541831	harbor2	chr5	10399199	10399399	DNA/hAT-Charlie	421	+	100	10399299	57468
chr5	10341831	10541831	harbor2	chr5	10405917	10406234	DNA/hAT-Charlie	1881	+	158	10406075	64244
chr5	135011164	135211164	harbor2	chr5	135105420	135105587	DNA/hAT-Charlie	738	+	84	135105504	94340
chr5	176526714	176726714	harbor2	chr5	176559803	176559898	DNA/hAT-Charlie	526	+	48	176559851	33137
chr5	176526714	176726714	harbor2	chr5	176566080	176566383	DNA/hAT-Charlie	592	+	152	176566232	39518
chr5	176526714	176726714	harbor2	chr5	176606359	176606631	DNA/hAT-Charlie	603	+	136	176606495	79781
chr5	176526714	176726714	harbor2	chr5	176625248	176625425	DNA/hAT-Charlie	893	+	88	176625336	98622
chr5	175342628	175542628	harbor2	chr5	175359922	175360129	DNA/hAT-Charlie	1038	+	104	175360026	17398
chr5	175342628	175542628	harbor2	chr5	175365907	175366404	DNA/hAT-Charlie	3390	+	248	175366155	23527
chr5	175342628	175542628	harbor2	chr5	175366399	175366848	DNA/hAT-Charlie	3193	+	224	175366623	23995
chr5	175342628	175542628	harbor2	chr5	175403827	175404009	DNA/hAT-Charlie	954	+	91	175403918	61290
chr5	123600410	123800410	harbor2	chr5	123646995	123647071	DNA/hAT-Charlie	495	+	38	123647033	46623
chr5	123600410	123800410	harbor2	chr5	123695887	123696040	DNA/hAT-Charlie	747	+	76	123695963	95553
chr5	132310885	132510885	harbor2	chr5	132313057	132313217	DNA/hAT-Charlie	696	+	80	132313137	2252
chr5	132310885	132510885	harbor2	chr5	132334433	132334634	DNA/hAT-Charlie	1288	+	100	132334533	23648
chr5	132310885	132510885	harbor2	chr5	132368678	132368860	DNA/hAT-Charlie	518	+	91	132368769	57884
chr5	132310885	132510885	harbor2	chr5	132379116	132379228	DNA/hAT-Charlie	461	+	56	132379172	68287
chr5	73397400	73597400	harbor2	chr5	73426804	73426946	DNA/hAT-Charlie	659	+	71	73426875	29475
chr5	73397400	73597400	harbor2	chr5	73456005	73456211	DNA/hAT-Charlie	437	+	103	73456108	58708
chr5	73397400	73597400	harbor2	chr5	73462808	73462930	DNA/hAT-Charlie	456	+	61	73462869	65469
chr5	73397400	73597400	harbor2	chr5	73463243	73463345	DNA/hAT-Charlie	655	+	51	73463294	65894
chr5	73397400	73597400	harbor2	chr5	73464008	73464060	DNA/hAT-Charlie	655	+	26	73464034	66634
chr5	73397400	73597400	harbor2	chr5	73473716	73474057	DNA/hAT-Charlie	2943	+	170	73473886	76486
chr5	73397400	73597400	harbor2	chr5	73474313	73474432	DNA/hAT-Charlie	2943	+	60	73474373	76973
chr5	73397400	73597400	harbor2	chr5	73475002	73475033	DNA/hAT-Charlie	2943	+	16	73475018	77618
chr5	73397400	73597400	harbor2	chr5	73475339	73475690	DNA/hAT-Charlie	2943	+	176	73475515	78115
chr5	73397400	73597400	harbor2	chr5	73484634	73485156	DNA/hAT-Charlie	3553	+	261	73484895	87495
chr5	135008283	135208283	harbor2	chr5	135105420	135105587	DNA/hAT-Charlie	738	+	84	135105504	97221
chr5	37742412	37942412	harbor2	chr5	37801931	37802091	DNA/hAT-Charlie	1009	+	80	37802011	59599
chr5	37742412	37942412	harbor2	chr5	37805214	37805279	DNA/hAT-Charlie	508	+	32	37805246	62834
chr5	37742412	37942412	harbor2	chr5	37807901	37808176	DNA/hAT-Charlie	524	+	138	37808039	65627
chr5	37742412	37942412	harbor2	chr5	37826633	37826921	DNA/hAT-Charlie	719	+	144	37826777	84365
chr5	37742412	37942412	harbor2	chr5	37827677	37827762	DNA/hAT-Charlie	444	+	42	37827719	85307
chr5	37742412	37942412	harbor2	chr5	37827851	37827975	DNA/hAT-Charlie	495	+	62	37827913	85501
chr5	37742412	37942412	harbor2	chr5	37832750	37832892	DNA/hAT-Charlie	851	+	71	37832821	90409
chr5	33908472	34108472	harbor2	chr5	33908568	33908718	DNA/hAT-Charlie	442	+	75	33908643	171
chr5	33908472	34108472	harbor2	chr5	33930467	33930692	DNA/hAT-Charlie	849	+	112	33930579	22107
chr5	33908472	34108472	harbor2	chr5	33962945	33963139	DNA/hAT-Charlie	898	+	97	33963042	54570
chr5	33908472	34108472	harbor2	chr5	33981788	33981942	DNA/hAT-Charlie	420	+	77	33981865	73393
chr5	33908472	34108472	harbor2	chr5	33987412	33987959	DNA/hAT-Charlie	2381	+	274	33987686	79214
chr5	33908472	34108472	harbor2	chr5	34000670	34000961	DNA/hAT-Charlie	746	+	146	34000816	92344
chr5	73351463	73551463	harbor2	chr5	73426804	73426946	DNA/hAT-Charlie	659	+	71	73426875	75412
chr5	10341895	10541895	harbor2	chr5	10349865	10350009	DNA/hAT-Charlie	509	+	72	10349937	8042
chr5	10341895	10541895	harbor2	chr5	10399199	10399399	DNA/hAT-Charlie	421	+	100	10399299	57404
chr5	10341895	10541895	harbor2	chr5	10405917	10406234	DNA/hAT-Charlie	1881	+	158	10406075	64180
chr5	140450230	140650230	harbor2	chr5	140546036	140546124	DNA/hAT-Charlie	509	+	44	140546080	95850
chr5	176526715	176726715	harbor2	chr5	176559803	176559898	DNA/hAT-Charlie	526	+	48	176559851	33136
chr5	176526715	176726715	harbor2	chr5	176566080	176566383	DNA/hAT-Charlie	592	+	152	176566232	39517
chr5	176526715	176726715	harbor2	chr5	176606359	176606631	DNA/hAT-Charlie	603	+	136	176606495	79780
chr5	176526715	176726715	harbor2	chr5	176625248	176625425	DNA/hAT-Charlie	893	+	88	176625336	98621
chr5	79274075	79474075	harbor2	chr5	79283615	79283801	DNA/hAT-Charlie	923	+	93	79283708	9633
chr5	79274075	79474075	harbor2	chr5	79295148	79295334	DNA/hAT-Charlie	847	+	93	79295241	21166
chr5	135435248	135635248	harbor2	chr5	135463059	135463327	DNA/hAT-Charlie	589	+	134	135463193	27945
chr5	135435248	135635248	harbor2	chr5	135472492	135472844	DNA/hAT-Charlie	1386	+	176	135472668	37420
chr5	135435248	135635248	harbor2	chr5	135500595	135501083	DNA/hAT-Charlie	3219	+	244	135500839	65591
chr5	135021092	135221092	harbor2	chr5	135105420	135105587	DNA/hAT-Charlie	738	+	84	135105504	84412
chr5	135833577	136033577	harbor2	chr5	135845962	135846288	DNA/hAT-Charlie	2180	+	163	135846125	12548
chr5	135833577	136033577	harbor2	chr5	135867295	135868022	DNA/hAT-Charlie	1070	+	364	135867659	34082
chr5	135833577	136033577	harbor2	chr5	135899054	135899228	DNA/hAT-Charlie	580	+	87	135899141	65564
chr5	10454733	10654733	harbor2	chr5	10480646	10480786	DNA/hAT-Charlie	560	+	70	10480716	25983
chr5	10454733	10654733	harbor2	chr5	10492038	10492193	DNA/hAT-Charlie	680	+	78	10492116	37383
chr5	177211986	177411986	harbor2	chr5	177263363	177264028	DNA/hAT-Charlie	2600	+	332	177263695	51709
chr5	177211986	177411986	harbor2	chr5	177264230	177264516	DNA/hAT-Charlie	1112	+	143	177264373	52387
chr5	177211986	177411986	harbor2	chr5	177277176	177277498	DNA/hAT-Charlie	1290	+	161	177277337	65351
chr5	177211986	177411986	harbor2	chr5	177285105	177285219	DNA/hAT-Charlie	445	+	57	177285162	73176
chr5	73351456	73551456	harbor2	chr5	73426804	73426946	DNA/hAT-Charlie	659	+	71	73426875	75419
chr5	52848700	53048700	harbor2	chr5	52932181	52932352	DNA/hAT-Charlie	921	+	86	52932267	83567
chr5	150418050	150618050	harbor2	chr5	150435351	150435457	DNA/hAT-Charlie	1259	+	53	150435404	17354
chr5	150418050	150618050	harbor2	chr5	150435748	150435964	DNA/hAT-Charlie	1259	+	108	150435856	17806
chr5	150418050	150618050	harbor2	chr5	150436728	150436800	DNA/hAT-Charlie	436	+	36	150436764	18714
chr5	150418050	150618050	harbor2	chr5	150437282	150437375	DNA/hAT-Charlie	420	+	46	150437328	19278
chr5	150418050	150618050	harbor2	chr5	150437890	150438145	DNA/hAT-Charlie	1198	+	128	150438018	19968
chr5	150418050	150618050	harbor2	chr5	150469846	150470059	DNA/hAT-Charlie	1057	+	106	150469952	51902
chr5	150418050	150618050	harbor2	chr5	150471498	150471593	DNA/hAT-Charlie	440	+	48	150471546	53496
chr5	150418050	150618050	harbor2	chr5	150492998	150493168	DNA/hAT-Charlie	823	+	85	150493083	75033
chr5	150418050	150618050	harbor2	chr5	150499141	150499414	DNA/hAT-Charlie	584	+	136	150499277	81227
chr5	73351468	73551468	harbor2	chr5	73426804	73426946	DNA/hAT-Charlie	659	+	71	73426875	75407
chr5	16450508	16650508	harbor2	chr5	16453710	16453920	DNA/hAT-Charlie	1254	+	105	16453815	3307
chr5	16450508	16650508	harbor2	chr5	16454649	16454867	DNA/hAT-Charlie	729	+	109	16454758	4250
chr5	16450508	16650508	harbor2	chr5	16458950	16459168	DNA/hAT-Charlie	588	+	109	16459059	8551
chr5	16450508	16650508	harbor2	chr5	16478298	16478477	DNA/hAT-Charlie	983	+	90	16478388	27880
chr5	177922457	178122457	harbor2	chr5	177997335	177997482	DNA/hAT-Charlie	677	+	74	177997409	74952
chr5	177922457	178122457	harbor2	chr5	177997860	177997880	DNA/hAT-Charlie	677	+	10	177997870	75413
chr5	73351472	73551472	harbor2	chr5	73426804	73426946	DNA/hAT-Charlie	659	+	71	73426875	75403
chr5	10341907	10541907	harbor2	chr5	10349865	10350009	DNA/hAT-Charlie	509	+	72	10349937	8030
chr5	10341907	10541907	harbor2	chr5	10399199	10399399	DNA/hAT-Charlie	421	+	100	10399299	57392
chr5	10341907	10541907	harbor2	chr5	10405917	10406234	DNA/hAT-Charlie	1881	+	158	10406075	64168
chr5	90417637	90617637	harbor2	chr5	90461739	90462022	DNA/hAT-Charlie	794	+	142	90461881	44244
chr5	90417637	90617637	harbor2	chr5	90465456	90465591	DNA/hAT-Charlie	692	+	68	90465524	47887
chr5	90417637	90617637	harbor2	chr5	90465863	90465918	DNA/hAT-Charlie	692	+	28	90465891	48254
chr5	90417637	90617637	harbor2	chr5	90481468	90481629	DNA/hAT-Charlie	546	+	80	90481548	63911
chr5	75136971	75336971	harbor2	chr5	75140994	75141096	DNA/hAT-Charlie	682	+	51	75141045	4074
chr5	75136971	75336971	harbor2	chr5	75227722	75228059	DNA/hAT-Charlie	2403	+	168	75227890	90919
chr5	38973892	39173892	harbor2	chr5	38994866	38995160	DNA/hAT-Charlie	1469	+	147	38995013	21121
chr5	38973892	39173892	harbor2	chr5	38995572	38995721	DNA/hAT-Charlie	1469	+	74	38995646	21754
chr5	38973892	39173892	harbor2	chr5	39015449	39015668	DNA/hAT-Charlie	1147	+	110	39015559	41667
chr5	38973892	39173892	harbor2	chr5	39016758	39017067	DNA/hAT-Charlie	1106	+	154	39016912	43020
chr5	38973892	39173892	harbor2	chr5	39048103	39048246	DNA/hAT-Charlie	601	+	72	39048175	74283
chr5	52700057	52900057	harbor2	chr5	52711938	52712105	DNA/hAT-Charlie	525	+	84	52712022	11965
chr5	52700057	52900057	harbor2	chr5	52724514	52724640	DNA/hAT-Charlie	600	+	63	52724577	24520
chr5	52700057	52900057	harbor2	chr5	52759915	52760115	DNA/hAT-Charlie	1002	+	100	52760015	59958
chr5	52700057	52900057	harbor2	chr5	52763227	52763402	DNA/hAT-Charlie	639	+	88	52763315	63258
chr5	52700057	52900057	harbor2	chr5	52763764	52763904	DNA/hAT-Charlie	639	+	70	52763834	63777
chr5	52700057	52900057	harbor2	chr5	52707301	52707478	DNA/hAT-Charlie	571	+	88	52707389	7332
chr5	10661141	10861141	harbor2	chr5	10661299	10661381	DNA/hAT-Charlie	480	+	41	10661340	199
chr5	10661141	10861141	harbor2	chr5	10661837	10661860	DNA/hAT-Charlie	480	+	12	10661849	708
chr5	10661141	10861141	harbor2	chr5	10665546	10665891	DNA/hAT-Charlie	1803	+	172	10665718	4577
chr5	10661141	10861141	harbor2	chr5	10714140	10714504	DNA/hAT-Charlie	849	+	182	10714322	53181
chr5	10661141	10861141	harbor2	chr5	10726369	10726520	DNA/hAT-Charlie	614	+	76	10726445	65304
chr5	10661141	10861141	harbor2	chr5	10735140	10735479	DNA/hAT-Charlie	972	+	170	10735310	74169
chr5	10661141	10861141	harbor2	chr5	10735473	10735663	DNA/hAT-Charlie	475	+	95	10735568	74427
chr5	135111374	135311374	harbor2	chr5	135162525	135162724	DNA/hAT-Charlie	840	+	100	135162625	51251
chr5	135111374	135311374	harbor2	chr5	135166074	135166310	DNA/hAT-Charlie	741	+	118	135166192	54818
chr5	135111374	135311374	harbor2	chr5	135169401	135169764	DNA/hAT-Charlie	1812	+	182	135169583	58209
chr5	135111374	135311374	harbor2	chr5	135181312	135181531	DNA/hAT-Charlie	1628	+	110	135181422	70048
chr5	135111374	135311374	harbor2	chr5	135201566	135202052	DNA/hAT-Charlie	1961	+	243	135201809	90435
chr5	139862032	140062032	harbor2	chr5	139891840	139891908	DNA/hAT-Charlie	444	+	34	139891874	29842
chr5	73397918	73597918	harbor2	chr5	73426804	73426946	DNA/hAT-Charlie	659	+	71	73426875	28957
chr5	73397918	73597918	harbor2	chr5	73456005	73456211	DNA/hAT-Charlie	437	+	103	73456108	58190
chr5	73397918	73597918	harbor2	chr5	73462808	73462930	DNA/hAT-Charlie	456	+	61	73462869	64951
chr5	73397918	73597918	harbor2	chr5	73463243	73463345	DNA/hAT-Charlie	655	+	51	73463294	65376
chr5	73397918	73597918	harbor2	chr5	73464008	73464060	DNA/hAT-Charlie	655	+	26	73464034	66116
chr5	73397918	73597918	harbor2	chr5	73473716	73474057	DNA/hAT-Charlie	2943	+	170	73473886	75968
chr5	73397918	73597918	harbor2	chr5	73474313	73474432	DNA/hAT-Charlie	2943	+	60	73474373	76455
chr5	73397918	73597918	harbor2	chr5	73475002	73475033	DNA/hAT-Charlie	2943	+	16	73475018	77100
chr5	73397918	73597918	harbor2	chr5	73475339	73475690	DNA/hAT-Charlie	2943	+	176	73475515	77597
chr5	73397918	73597918	harbor2	chr5	73484634	73485156	DNA/hAT-Charlie	3553	+	261	73484895	86977
chr5	37452845	37652845	harbor2	chr5	37457755	37457848	DNA/hAT-Charlie	444	+	46	37457801	4956
chr5	37452845	37652845	harbor2	chr5	37494900	37495115	DNA/hAT-Charlie	935	+	108	37495008	42163
chr5	10341892	10541892	harbor2	chr5	10349865	10350009	DNA/hAT-Charlie	509	+	72	10349937	8045
chr5	10341892	10541892	harbor2	chr5	10399199	10399399	DNA/hAT-Charlie	421	+	100	10399299	57407
chr5	10341892	10541892	harbor2	chr5	10405917	10406234	DNA/hAT-Charlie	1881	+	158	10406075	64183
chr5	9114713	9314713	harbor2	chr5	9149171	9149307	DNA/hAT-Charlie	525	+	68	9149239	34526
chr5	9114713	9314713	harbor2	chr5	9204716	9205066	DNA/hAT-Charlie	2150	+	175	9204891	90178
chr5	9114713	9314713	harbor2	chr5	9213579	9213796	DNA/hAT-Charlie	878	+	108	9213687	98974
chr5	132104549	132304549	harbor2	chr5	132111943	132112157	DNA/hAT-Charlie	1035	+	107	132112050	7501
chr5	132104549	132304549	harbor2	chr5	132141723	132141999	DNA/hAT-Charlie	925	+	138	132141861	37312
chr5	132104549	132304549	harbor2	chr5	132142091	132142231	DNA/hAT-Charlie	655	+	70	132142161	37612
chr5	132104549	132304549	harbor2	chr5	132148046	132148155	DNA/hAT-Charlie	566	+	54	132148100	43551
chr5	132104549	132304549	harbor2	chr5	132175058	132175254	DNA/hAT-Charlie	903	+	98	132175156	70607
chr5	132104549	132304549	harbor2	chr5	132176498	132176838	DNA/hAT-Charlie	2153	+	170	132176668	72119
chr5	150968283	151168283	harbor2	chr5	151036219	151036621	DNA/hAT-Charlie	1149	+	201	151036420	68137
chr5	150968283	151168283	harbor2	chr5	151039561	151039708	DNA/hAT-Charlie	463	+	74	151039635	71352
chr5	150968283	151168283	harbor2	chr5	151050208	151050631	DNA/hAT-Charlie	1341	+	212	151050420	82137
chr5	12213087	12413087	harbor2	chr5	12266403	12266619	DNA/hAT-Charlie	746	+	108	12266511	53424
chr5	135980732	136180732	harbor2	chr5	135982188	135982302	DNA/hAT-Charlie	586	+	57	135982245	1513
chr5	135980732	136180732	harbor2	chr5	136010568	136010910	DNA/hAT-Charlie	1534	+	171	136010739	30007
chr5	135980732	136180732	harbor2	chr5	136016256	136016494	DNA/hAT-Charlie	538	+	119	136016375	35643
chr5	135980732	136180732	harbor2	chr5	136040309	136040621	DNA/hAT-Charlie	1934	+	156	136040465	59733
chr5	135980732	136180732	harbor2	chr5	136075319	136075488	DNA/hAT-Charlie	588	+	84	136075403	94671
chr5	73353308	73553308	harbor2	chr5	73426804	73426946	DNA/hAT-Charlie	659	+	71	73426875	73567
chr5	32300332	32500332	harbor2	chr5	32359217	32359423	DNA/hAT-Charlie	1335	+	103	32359320	58988
chr5	32300332	32500332	harbor2	chr5	32392623	32392712	DNA/hAT-Charlie	1536	+	44	32392667	92335
chr5	32300332	32500332	harbor2	chr5	32393005	32393345	DNA/hAT-Charlie	1536	+	170	32393175	92843
chr5	32300332	32500332	harbor2	chr5	32393642	32393756	DNA/hAT-Charlie	1536	+	57	32393699	93367
chr5	9115133	9315133	harbor2	chr5	9149171	9149307	DNA/hAT-Charlie	525	+	68	9149239	34106
chr5	9115133	9315133	harbor2	chr5	9204716	9205066	DNA/hAT-Charlie	2150	+	175	9204891	89758
chr5	9115133	9315133	harbor2	chr5	9213579	9213796	DNA/hAT-Charlie	878	+	108	9213687	98554
chr5	52700041	52900041	harbor2	chr5	52711938	52712105	DNA/hAT-Charlie	525	+	84	52712022	11981
chr5	52700041	52900041	harbor2	chr5	52724514	52724640	DNA/hAT-Charlie	600	+	63	52724577	24536
chr5	52700041	52900041	harbor2	chr5	52759915	52760115	DNA/hAT-Charlie	1002	+	100	52760015	59974
chr5	52700041	52900041	harbor2	chr5	52763227	52763402	DNA/hAT-Charlie	639	+	88	52763315	63274
chr5	52700041	52900041	harbor2	chr5	52763764	52763904	DNA/hAT-Charlie	639	+	70	52763834	63793
chr5	52700041	52900041	harbor2	chr5	52707301	52707478	DNA/hAT-Charlie	571	+	88	52707389	7348
chr5	10184413	10384413	harbor2	chr5	10267291	10267475	DNA/hAT-Charlie	763	+	92	10267383	82970
chr5	10184413	10384413	harbor2	chr5	10267788	10267929	DNA/hAT-Charlie	706	+	70	10267858	83445
chr5	10184413	10384413	harbor2	chr5	10267953	10268066	DNA/hAT-Charlie	665	+	56	10268009	83596
chr5	10184413	10384413	harbor2	chr5	10276735	10277089	DNA/hAT-Charlie	2399	+	177	10276912	92499
chr5	10184413	10384413	harbor2	chr5	10277392	10277647	DNA/hAT-Charlie	2399	+	128	10277520	93107
chr5	9114912	9314912	harbor2	chr5	9149171	9149307	DNA/hAT-Charlie	525	+	68	9149239	34327
chr5	9114912	9314912	harbor2	chr5	9204716	9205066	DNA/hAT-Charlie	2150	+	175	9204891	89979
chr5	9114912	9314912	harbor2	chr5	9213579	9213796	DNA/hAT-Charlie	878	+	108	9213687	98775
chr5	93480280	93680280	harbor2	chr5	93509285	93509476	DNA/hAT-Charlie	708	+	96	93509381	29101
chr5	93480280	93680280	harbor2	chr5	93511623	93511961	DNA/hAT-Charlie	2167	+	169	93511792	31512
chr5	73354658	73554658	harbor2	chr5	73426804	73426946	DNA/hAT-Charlie	659	+	71	73426875	72217
chr5	149752251	149952251	harbor2	chr5	149793920	149794135	DNA/hAT-Charlie	931	+	108	149794028	41777
chr5	149752251	149952251	harbor2	chr5	149797270	149797638	DNA/hAT-Charlie	1495	+	184	149797454	45203
chr5	149752251	149952251	harbor2	chr5	149797918	149798043	DNA/hAT-Charlie	1495	+	62	149797980	45729
chr5	149752251	149952251	harbor2	chr5	149835779	149835936	DNA/hAT-Charlie	499	+	78	149835857	83606
chr5	9114251	9314251	harbor2	chr5	9149171	9149307	DNA/hAT-Charlie	525	+	68	9149239	34988
chr5	9114251	9314251	harbor2	chr5	9204716	9205066	DNA/hAT-Charlie	2150	+	175	9204891	90640
chr5	9114251	9314251	harbor2	chr5	9213579	9213796	DNA/hAT-Charlie	878	+	108	9213687	99436
chr5	130296604	130496604	harbor2	chr5	130395949	130396162	DNA/hAT-Charlie	916	+	106	130396055	99451
chr5	9114268	9314268	harbor2	chr5	9149171	9149307	DNA/hAT-Charlie	525	+	68	9149239	34971
chr5	9114268	9314268	harbor2	chr5	9204716	9205066	DNA/hAT-Charlie	2150	+	175	9204891	90623
chr5	9114268	9314268	harbor2	chr5	9213579	9213796	DNA/hAT-Charlie	878	+	108	9213687	99419
chr5	153994567	154194567	harbor2	chr5	154012830	154013035	DNA/hAT-Charlie	501	+	102	154012932	18365
chr5	153994567	154194567	harbor2	chr5	154036740	154037079	DNA/hAT-Charlie	1215	+	170	154036910	42343
chr5	153994567	154194567	harbor2	chr5	154047526	154047809	DNA/hAT-Charlie	626	+	142	154047668	53101
chr5	153994567	154194567	harbor2	chr5	154072067	154072196	DNA/hAT-Charlie	694	+	64	154072131	77564
chr5	153994567	154194567	harbor2	chr5	154078930	154079136	DNA/hAT-Charlie	786	+	103	154079033	84466
chr5	153994567	154194567	harbor2	chr5	154079445	154079896	DNA/hAT-Charlie	624	+	226	154079671	85104
chr5	153994567	154194567	harbor2	chr5	154086216	154086537	DNA/hAT-Charlie	506	+	160	154086376	91809
chr5	153994567	154194567	harbor2	chr5	154093290	154093412	DNA/hAT-Charlie	837	+	61	154093351	98784
chr5	153994567	154194567	harbor2	chr5	154091448	154091584	DNA/hAT-Charlie	543	+	68	154091516	96949
chr5	78345454	78545454	harbor2	chr5	78378811	78378998	DNA/hAT-Charlie	678	+	94	78378905	33451
chr5	78345454	78545454	harbor2	chr5	78382062	78382212	DNA/hAT-Charlie	799	+	75	78382137	36683
chr5	78345454	78545454	harbor2	chr5	78422539	78422682	DNA/hAT-Charlie	433	+	72	78422611	77157
chr5	78345454	78545454	harbor2	chr5	78431039	78431144	DNA/hAT-Charlie	524	+	52	78431091	85637
chr5	10341858	10541858	harbor2	chr5	10349865	10350009	DNA/hAT-Charlie	509	+	72	10349937	8079
chr5	10341858	10541858	harbor2	chr5	10399199	10399399	DNA/hAT-Charlie	421	+	100	10399299	57441
chr5	10341858	10541858	harbor2	chr5	10405917	10406234	DNA/hAT-Charlie	1881	+	158	10406075	64217
chr5	75136972	75336972	harbor2	chr5	75140994	75141096	DNA/hAT-Charlie	682	+	51	75141045	4073
chr5	75136972	75336972	harbor2	chr5	75227722	75228059	DNA/hAT-Charlie	2403	+	168	75227890	90918
chr5	73351454	73551454	harbor2	chr5	73426804	73426946	DNA/hAT-Charlie	659	+	71	73426875	75421
chr5	11986337	12186337	harbor2	chr5	12025872	12026186	DNA/hAT-Charlie	465	+	157	12026029	39692
chr5	93480288	93680288	harbor2	chr5	93509285	93509476	DNA/hAT-Charlie	708	+	96	93509381	29093
chr5	93480288	93680288	harbor2	chr5	93511623	93511961	DNA/hAT-Charlie	2167	+	169	93511792	31504
chr5	62303878	62503878	harbor2	chr5	62374235	62374430	DNA/hAT-Charlie	786	+	98	62374333	70455
chr5	62303878	62503878	harbor2	chr5	62375712	62375906	DNA/hAT-Charlie	734	+	97	62375809	71931
chr5	6526022	6726022	harbor2	chr5	6565425	6565594	DNA/hAT-Charlie	492	+	84	6565509	39487
chr5	150967168	151167168	harbor2	chr5	151036219	151036621	DNA/hAT-Charlie	1149	+	201	151036420	69252
chr5	150967168	151167168	harbor2	chr5	151039561	151039708	DNA/hAT-Charlie	463	+	74	151039635	72467
chr5	150967168	151167168	harbor2	chr5	151050208	151050631	DNA/hAT-Charlie	1341	+	212	151050420	83252
chr5	10661088	10861088	harbor2	chr5	10661299	10661381	DNA/hAT-Charlie	480	+	41	10661340	252
chr5	10661088	10861088	harbor2	chr5	10661837	10661860	DNA/hAT-Charlie	480	+	12	10661849	761
chr5	10661088	10861088	harbor2	chr5	10665546	10665891	DNA/hAT-Charlie	1803	+	172	10665718	4630
chr5	10661088	10861088	harbor2	chr5	10714140	10714504	DNA/hAT-Charlie	849	+	182	10714322	53234
chr5	10661088	10861088	harbor2	chr5	10726369	10726520	DNA/hAT-Charlie	614	+	76	10726445	65357
chr5	10661088	10861088	harbor2	chr5	10735140	10735479	DNA/hAT-Charlie	972	+	170	10735310	74222
chr5	10661088	10861088	harbor2	chr5	10735473	10735663	DNA/hAT-Charlie	475	+	95	10735568	74480
chr5	10341908	10541908	harbor2	chr5	10349865	10350009	DNA/hAT-Charlie	509	+	72	10349937	8029
chr5	10341908	10541908	harbor2	chr5	10399199	10399399	DNA/hAT-Charlie	421	+	100	10399299	57391
chr5	10341908	10541908	harbor2	chr5	10405917	10406234	DNA/hAT-Charlie	1881	+	158	10406075	64167
chr5	170686109	170886109	harbor2	chr5	170711035	170711291	DNA/hAT-Charlie	667	+	128	170711163	25054
chr5	170686109	170886109	harbor2	chr5	170738027	170738204	DNA/hAT-Charlie	550	+	88	170738115	52006
chr5	170686109	170886109	harbor2	chr5	170738957	170739135	DNA/hAT-Charlie	634	+	89	170739046	52937
chr5	99806980	100006980	harbor2	chr5	99862472	99862700	DNA/hAT-Charlie	830	+	114	99862586	55606
chr5	99806980	100006980	harbor2	chr5	99863063	99863122	DNA/hAT-Charlie	830	+	30	99863093	56113
chr5	99806980	100006980	harbor2	chr5	99892083	99892193	DNA/hAT-Charlie	551	+	55	99892138	85158
chr5	99806980	100006980	harbor2	chr5	99892197	99892350	DNA/hAT-Charlie	504	+	76	99892273	85293
chr5	99806980	100006980	harbor2	chr5	99892353	99892550	DNA/hAT-Charlie	968	+	98	99892451	85471
chr5	132110718	132310718	harbor2	chr5	132111943	132112157	DNA/hAT-Charlie	1035	+	107	132112050	1332
chr5	132110718	132310718	harbor2	chr5	132141723	132141999	DNA/hAT-Charlie	925	+	138	132141861	31143
chr5	132110718	132310718	harbor2	chr5	132142091	132142231	DNA/hAT-Charlie	655	+	70	132142161	31443
chr5	132110718	132310718	harbor2	chr5	132148046	132148155	DNA/hAT-Charlie	566	+	54	132148100	37382
chr5	132110718	132310718	harbor2	chr5	132175058	132175254	DNA/hAT-Charlie	903	+	98	132175156	64438
chr5	132110718	132310718	harbor2	chr5	132176498	132176838	DNA/hAT-Charlie	2153	+	170	132176668	65950
chr5	151640401	151840401	harbor2	chr5	151652261	151652365	DNA/hAT-Charlie	484	+	52	151652313	11912
chr5	151640401	151840401	harbor2	chr5	151652615	151652783	DNA/hAT-Charlie	615	+	84	151652699	12298
chr5	151640401	151840401	harbor2	chr5	151653538	151653616	DNA/hAT-Charlie	618	+	39	151653577	13176
chr5	151640401	151840401	harbor2	chr5	151653926	151654040	DNA/hAT-Charlie	618	+	57	151653983	13582
chr5	151640401	151840401	harbor2	chr5	151661682	151661886	DNA/hAT-Charlie	985	+	102	151661784	21383
chr5	151640401	151840401	harbor2	chr5	151676279	151676631	DNA/hAT-Charlie	1345	+	176	151676455	36054
chr5	151640401	151840401	harbor2	chr5	151679964	151680128	DNA/hAT-Charlie	743	+	82	151680046	39645
chr5	151640401	151840401	harbor2	chr5	151680536	151680594	DNA/hAT-Charlie	425	+	29	151680565	40164
chr5	151640401	151840401	harbor2	chr5	151697094	151697262	DNA/hAT-Charlie	505	+	84	151697178	56777
chr5	73351410	73551410	harbor2	chr5	73426804	73426946	DNA/hAT-Charlie	659	+	71	73426875	75465
chr5	143870685	144070685	harbor2	chr5	143893032	143893323	DNA/hAT-Charlie	518	+	146	143893178	22493
chr5	143870685	144070685	harbor2	chr5	143922853	143923026	DNA/hAT-Charlie	481	+	86	143922939	52254
chr5	135980728	136180728	harbor2	chr5	135982188	135982302	DNA/hAT-Charlie	586	+	57	135982245	1517
chr5	135980728	136180728	harbor2	chr5	136010568	136010910	DNA/hAT-Charlie	1534	+	171	136010739	30011
chr5	135980728	136180728	harbor2	chr5	136016256	136016494	DNA/hAT-Charlie	538	+	119	136016375	35647
chr5	135980728	136180728	harbor2	chr5	136040309	136040621	DNA/hAT-Charlie	1934	+	156	136040465	59737
chr5	135980728	136180728	harbor2	chr5	136075319	136075488	DNA/hAT-Charlie	588	+	84	136075403	94675
chr5	135359105	135559105	harbor2	chr5	135361201	135361405	DNA/hAT-Charlie	534	+	102	135361303	2198
chr5	135359105	135559105	harbor2	chr5	135361443	135361690	DNA/hAT-Charlie	766	+	124	135361567	2462
chr5	135359105	135559105	harbor2	chr5	135361785	135362223	DNA/hAT-Charlie	1496	+	219	135362004	2899
chr5	135359105	135559105	harbor2	chr5	135362390	135362944	DNA/hAT-Charlie	1654	+	277	135362667	3562
chr5	135359105	135559105	harbor2	chr5	135365144	135365263	DNA/hAT-Charlie	506	+	60	135365204	6099
chr5	135359105	135559105	harbor2	chr5	135403849	135404073	DNA/hAT-Charlie	1357	+	112	135403961	44856
chr5	135359105	135559105	harbor2	chr5	135404123	135404173	DNA/hAT-Charlie	1357	+	25	135404148	45043
chr5	135359105	135559105	harbor2	chr5	135404180	135404569	DNA/hAT-Charlie	2210	+	194	135404374	45269
chr5	126748604	126948604	harbor2	chr5	126832908	126833080	DNA/hAT-Charlie	460	+	86	126832994	84390
chr5	10342114	10542114	harbor2	chr5	10349865	10350009	DNA/hAT-Charlie	509	+	72	10349937	7823
chr5	10342114	10542114	harbor2	chr5	10399199	10399399	DNA/hAT-Charlie	421	+	100	10399299	57185
chr5	10342114	10542114	harbor2	chr5	10405917	10406234	DNA/hAT-Charlie	1881	+	158	10406075	63961
chr5	10341878	10541878	harbor2	chr5	10349865	10350009	DNA/hAT-Charlie	509	+	72	10349937	8059
chr5	10341878	10541878	harbor2	chr5	10399199	10399399	DNA/hAT-Charlie	421	+	100	10399299	57421
chr5	10341878	10541878	harbor2	chr5	10405917	10406234	DNA/hAT-Charlie	1881	+	158	10406075	64197
chr5	93492549	93692549	harbor2	chr5	93509285	93509476	DNA/hAT-Charlie	708	+	96	93509381	16832
chr5	93492549	93692549	harbor2	chr5	93511623	93511961	DNA/hAT-Charlie	2167	+	169	93511792	19243
chr5	10341890	10541890	harbor2	chr5	10349865	10350009	DNA/hAT-Charlie	509	+	72	10349937	8047
chr5	10341890	10541890	harbor2	chr5	10399199	10399399	DNA/hAT-Charlie	421	+	100	10399299	57409
chr5	10341890	10541890	harbor2	chr5	10405917	10406234	DNA/hAT-Charlie	1881	+	158	10406075	64185
chr5	9114687	9314687	harbor2	chr5	9149171	9149307	DNA/hAT-Charlie	525	+	68	9149239	34552
chr5	9114687	9314687	harbor2	chr5	9204716	9205066	DNA/hAT-Charlie	2150	+	175	9204891	90204
chr5	9114687	9314687	harbor2	chr5	9213579	9213796	DNA/hAT-Charlie	878	+	108	9213687	99000
chr5	177203765	177403765	harbor2	chr5	177263363	177264028	DNA/hAT-Charlie	2600	+	332	177263695	59930
chr5	177203765	177403765	harbor2	chr5	177264230	177264516	DNA/hAT-Charlie	1112	+	143	177264373	60608
chr5	177203765	177403765	harbor2	chr5	177277176	177277498	DNA/hAT-Charlie	1290	+	161	177277337	73572
chr5	177203765	177403765	harbor2	chr5	177285105	177285219	DNA/hAT-Charlie	445	+	57	177285162	81397
chr5	179720825	179920825	harbor2	chr5	179751280	179751435	DNA/hAT-Charlie	478	+	78	179751358	30533
chr5	179720825	179920825	harbor2	chr5	179752017	179752045	DNA/hAT-Charlie	478	+	14	179752031	31206
chr5	179720825	179920825	harbor2	chr5	179752352	179752394	DNA/hAT-Charlie	478	+	21	179752373	31548
chr5	179720825	179920825	harbor2	chr5	179755609	179755768	DNA/hAT-Charlie	1286	+	80	179755689	34864
chr5	179720825	179920825	harbor2	chr5	179756063	179756113	DNA/hAT-Charlie	1286	+	25	179756088	35263
chr5	79955999	80155999	harbor2	chr5	79957959	79958100	DNA/hAT-Charlie	474	+	70	79958029	2030
chr5	79955999	80155999	harbor2	chr5	80021144	80021213	DNA/hAT-Charlie	434	+	34	80021178	65179
chr5	79955999	80155999	harbor2	chr5	80021213	80021421	DNA/hAT-Charlie	1072	+	104	80021317	65318
chr5	78451235	78651235	harbor2	chr5	78489734	78489920	DNA/hAT-Charlie	514	+	93	78489827	38592
chr5	78451235	78651235	harbor2	chr5	78516361	78516553	DNA/hAT-Charlie	669	+	96	78516457	65222
chr5	78451235	78651235	harbor2	chr5	78536975	78537125	DNA/hAT-Charlie	782	+	75	78537050	85815
chr5	78451235	78651235	harbor2	chr5	78538080	78538176	DNA/hAT-Charlie	423	+	48	78538128	86893
chr5	78451235	78651235	harbor2	chr5	78538332	78538591	DNA/hAT-Charlie	555	+	130	78538462	87227
chr5	78451235	78651235	harbor2	chr5	78528234	78528563	DNA/hAT-Charlie	2357	+	164	78528398	77163
chr5	32176705	32376705	harbor2	chr5	32216217	32216541	DNA/hAT-Charlie	2011	+	162	32216379	39674
chr5	32176705	32376705	harbor2	chr5	32235254	32235556	DNA/hAT-Charlie	1376	+	151	32235405	58700
chr5	32176705	32376705	harbor2	chr5	32253038	32253264	DNA/hAT-Charlie	918	+	113	32253151	76446
chr5	32176705	32376705	harbor2	chr5	32254185	32254474	DNA/hAT-Charlie	1263	+	144	32254329	77624
chr5	32176705	32376705	harbor2	chr5	32254503	32254572	DNA/hAT-Charlie	628	+	34	32254537	77832
chr5	32176705	32376705	harbor2	chr5	32254874	32255063	DNA/hAT-Charlie	628	+	94	32254968	78263
chr5	32176705	32376705	harbor2	chr5	32258549	32258675	DNA/hAT-Charlie	450	+	63	32258612	81907
chr5	19259135	19459135	harbor2	chr5	19318266	19318480	DNA/hAT-Charlie	888	+	107	19318373	59238
chr5	10341853	10541853	harbor2	chr5	10349865	10350009	DNA/hAT-Charlie	509	+	72	10349937	8084
chr5	10341853	10541853	harbor2	chr5	10399199	10399399	DNA/hAT-Charlie	421	+	100	10399299	57446
chr5	10341853	10541853	harbor2	chr5	10405917	10406234	DNA/hAT-Charlie	1881	+	158	10406075	64222
chr5	107321099	107521099	harbor2	chr5	107334151	107335087	DNA/hAT-Charlie	1795	+	468	107334619	13520
chr5	107321099	107521099	harbor2	chr5	107353466	107353598	DNA/hAT-Charlie	679	+	66	107353532	32433
chr5	107321099	107521099	harbor2	chr5	107356077	107356565	DNA/hAT-Charlie	791	+	244	107356321	35222
chr5	138834064	139034064	harbor2	chr5	138837311	138837400	DNA/hAT-Charlie	511	+	44	138837355	3291
chr6	139488408	139688408	harbor2	chr6	139560389	139560597	DNA/hAT-Charlie	1269	+	104	139560493	72085
chr6	139488408	139688408	harbor2	chr6	139571089	139571473	DNA/hAT-Charlie	3708	+	192	139571281	82873
chr6	139488408	139688408	harbor2	chr6	139571768	139571947	DNA/hAT-Charlie	3708	+	90	139571858	83450
chr6	139785813	139985813	harbor2	chr6	139803199	139803465	DNA/hAT-Charlie	1197	+	133	139803332	17519
chr6	139785813	139985813	harbor2	chr6	139803787	139803919	DNA/hAT-Charlie	466	+	66	139803853	18040
chr6	139785813	139985813	harbor2	chr6	139827546	139827699	DNA/hAT-Charlie	663	+	76	139827622	41809
chr6	139785813	139985813	harbor2	chr6	139828171	139828390	DNA/hAT-Charlie	1116	+	110	139828281	42468
chr6	37083540	37283540	harbor2	chr6	37083921	37084081	DNA/hAT-Charlie	825	+	80	37084001	461
chr6	37083540	37283540	harbor2	chr6	37084384	37084431	DNA/hAT-Charlie	825	+	24	37084408	868
chr6	37083540	37283540	harbor2	chr6	37139662	37139816	DNA/hAT-Charlie	542	+	77	37139739	56199
chr6	37083540	37283540	harbor2	chr6	37180433	37180587	DNA/hAT-Charlie	1083	+	77	37180510	96970
chr6	37083540	37283540	harbor2	chr6	37181213	37181407	DNA/hAT-Charlie	1083	+	97	37181310	97770
chr6	139275435	139475435	harbor2	chr6	139286578	139287057	DNA/hAT-Charlie	3411	+	240	139286818	11383
chr6	127168513	127368513	harbor2	chr6	127234504	127234697	DNA/hAT-Charlie	528	+	96	127234600	66087
chr6	111987608	112187608	harbor2	chr6	112009571	112009722	DNA/hAT-Charlie	510	+	76	112009647	22039
chr6	111987608	112187608	harbor2	chr6	112034302	112034464	DNA/hAT-Charlie	679	+	81	112034383	46775
chr6	111987608	112187608	harbor2	chr6	112062613	112062809	DNA/hAT-Charlie	775	+	98	112062711	75103
chr6	111987608	112187608	harbor2	chr6	112084957	112085153	DNA/hAT-Charlie	770	+	98	112085055	97447
chr6	37072439	37272439	harbor2	chr6	37075709	37075891	DNA/hAT-Charlie	1619	+	91	37075800	3361
chr6	37072439	37272439	harbor2	chr6	37076204	37076365	DNA/hAT-Charlie	1619	+	80	37076284	3845
chr6	37072439	37272439	harbor2	chr6	37078794	37079053	DNA/hAT-Charlie	463	+	130	37078924	6485
chr6	37072439	37272439	harbor2	chr6	37083921	37084081	DNA/hAT-Charlie	825	+	80	37084001	11562
chr6	37072439	37272439	harbor2	chr6	37084384	37084431	DNA/hAT-Charlie	825	+	24	37084408	11969
chr6	37072439	37272439	harbor2	chr6	37139662	37139816	DNA/hAT-Charlie	542	+	77	37139739	67300
chr6	37072372	37272372	harbor2	chr6	37075709	37075891	DNA/hAT-Charlie	1619	+	91	37075800	3428
chr6	37072372	37272372	harbor2	chr6	37076204	37076365	DNA/hAT-Charlie	1619	+	80	37076284	3912
chr6	37072372	37272372	harbor2	chr6	37078794	37079053	DNA/hAT-Charlie	463	+	130	37078924	6552
chr6	37072372	37272372	harbor2	chr6	37083921	37084081	DNA/hAT-Charlie	825	+	80	37084001	11629
chr6	37072372	37272372	harbor2	chr6	37084384	37084431	DNA/hAT-Charlie	825	+	24	37084408	12036
chr6	37072372	37272372	harbor2	chr6	37139662	37139816	DNA/hAT-Charlie	542	+	77	37139739	67367
chr6	166899020	167099020	harbor2	chr6	166902839	166902998	DNA/hAT-Charlie	499	+	80	166902919	3899
chr6	166899020	167099020	harbor2	chr6	166935173	166935411	DNA/hAT-Charlie	861	+	119	166935292	36272
chr6	37071947	37271947	harbor2	chr6	37075709	37075891	DNA/hAT-Charlie	1619	+	91	37075800	3853
chr6	37071947	37271947	harbor2	chr6	37076204	37076365	DNA/hAT-Charlie	1619	+	80	37076284	4337
chr6	37071947	37271947	harbor2	chr6	37078794	37079053	DNA/hAT-Charlie	463	+	130	37078924	6977
chr6	37071947	37271947	harbor2	chr6	37083921	37084081	DNA/hAT-Charlie	825	+	80	37084001	12054
chr6	37071947	37271947	harbor2	chr6	37084384	37084431	DNA/hAT-Charlie	825	+	24	37084408	12461
chr6	37071947	37271947	harbor2	chr6	37139662	37139816	DNA/hAT-Charlie	542	+	77	37139739	67792
chr6	139275444	139475444	harbor2	chr6	139286578	139287057	DNA/hAT-Charlie	3411	+	240	139286818	11374
chr6	124863601	125063601	harbor2	chr6	124889605	124889781	DNA/hAT-Charlie	815	+	88	124889693	26092
chr6	124863601	125063601	harbor2	chr6	124899014	124899144	DNA/hAT-Charlie	718	+	65	124899079	35478
chr6	124863601	125063601	harbor2	chr6	124899122	124899834	DNA/hAT-Charlie	2647	+	356	124899478	35877
chr6	11912036	12112036	harbor2	chr6	11912392	11912713	DNA/hAT-Charlie	2021	+	160	11912552	516
chr6	11912036	12112036	harbor2	chr6	11930371	11930766	DNA/hAT-Charlie	1505	+	198	11930569	18533
chr6	11912036	12112036	harbor2	chr6	11931071	11931254	DNA/hAT-Charlie	1505	+	92	11931163	19127
chr6	37072709	37272709	harbor2	chr6	37075709	37075891	DNA/hAT-Charlie	1619	+	91	37075800	3091
chr6	37072709	37272709	harbor2	chr6	37076204	37076365	DNA/hAT-Charlie	1619	+	80	37076284	3575
chr6	37072709	37272709	harbor2	chr6	37078794	37079053	DNA/hAT-Charlie	463	+	130	37078924	6215
chr6	37072709	37272709	harbor2	chr6	37083921	37084081	DNA/hAT-Charlie	825	+	80	37084001	11292
chr6	37072709	37272709	harbor2	chr6	37084384	37084431	DNA/hAT-Charlie	825	+	24	37084408	11699
chr6	37072709	37272709	harbor2	chr6	37139662	37139816	DNA/hAT-Charlie	542	+	77	37139739	67030
chr6	7639383	7839383	harbor2	chr6	7651827	7652000	DNA/hAT-Charlie	460	+	86	7651913	12530
chr6	7639383	7839383	harbor2	chr6	7685736	7685941	DNA/hAT-Charlie	1160	+	102	7685838	46455
chr6	7639383	7839383	harbor2	chr6	7708279	7708432	DNA/hAT-Charlie	1238	+	76	7708355	68972
chr6	7639383	7839383	harbor2	chr6	7708730	7708810	DNA/hAT-Charlie	1238	+	40	7708770	69387
chr6	7639383	7839383	harbor2	chr6	7729491	7729669	DNA/hAT-Charlie	476	+	89	7729580	90197
chr6	105895039	106095039	harbor2	chr6	105909931	105910117	DNA/hAT-Charlie	1093	+	93	105910024	14985
chr6	105895039	106095039	harbor2	chr6	105952477	105952638	DNA/hAT-Charlie	917	+	80	105952557	57518
chr6	105895039	106095039	harbor2	chr6	105906152	105906304	DNA/hAT-Charlie	672	+	76	105906228	11189
chr6	37002854	37202854	harbor2	chr6	37036238	37036554	DNA/hAT-Charlie	1909	+	158	37036396	33542
chr6	37002854	37202854	harbor2	chr6	37075709	37075891	DNA/hAT-Charlie	1619	+	91	37075800	72946
chr6	37002854	37202854	harbor2	chr6	37076204	37076365	DNA/hAT-Charlie	1619	+	80	37076284	73430
chr6	37002854	37202854	harbor2	chr6	37078794	37079053	DNA/hAT-Charlie	463	+	130	37078924	76070
chr6	37002854	37202854	harbor2	chr6	37083921	37084081	DNA/hAT-Charlie	825	+	80	37084001	81147
chr6	37002854	37202854	harbor2	chr6	37084384	37084431	DNA/hAT-Charlie	825	+	24	37084408	81554
chr6	107974811	108174811	harbor2	chr6	107993458	107993613	DNA/hAT-Charlie	459	+	78	107993536	18725
chr6	139275454	139475454	harbor2	chr6	139286578	139287057	DNA/hAT-Charlie	3411	+	240	139286818	11364
chr6	35370706	35570706	harbor2	chr6	35409804	35409959	DNA/hAT-Charlie	697	+	78	35409882	39176
chr6	45551785	45751785	harbor2	chr6	45593908	45594206	DNA/hAT-Charlie	931	+	149	45594057	42272
chr6	45551785	45751785	harbor2	chr6	45594678	45594859	DNA/hAT-Charlie	923	+	90	45594768	42983
chr6	45551785	45751785	harbor2	chr6	45615797	45616085	DNA/hAT-Charlie	1596	+	144	45615941	64156
chr6	110291208	110491208	harbor2	chr6	110309907	110310024	DNA/hAT-Charlie	506	+	58	110309965	18757
chr6	110291208	110491208	harbor2	chr6	110317765	110317924	DNA/hAT-Charlie	526	+	80	110317845	26637
chr6	110291208	110491208	harbor2	chr6	110361037	110361252	DNA/hAT-Charlie	1171	+	108	110361145	69937
chr6	110291208	110491208	harbor2	chr6	110385496	110385719	DNA/hAT-Charlie	1100	+	112	110385608	94400
chr6	31970839	32170839	harbor2	chr6	32055615	32055741	DNA/hAT-Charlie	592	+	63	32055678	84839
chr6	41821135	42021135	harbor2	chr6	41897182	41897440	DNA/hAT-Charlie	3216	+	129	41897311	76176
chr6	41821135	42021135	harbor2	chr6	41897740	41898040	DNA/hAT-Charlie	3216	+	150	41897890	76755
chr6	41821135	42021135	harbor2	chr6	41898340	41898447	DNA/hAT-Charlie	3216	+	54	41898394	77259
chr6	41821135	42021135	harbor2	chr6	41899070	41899693	DNA/hAT-Charlie	3216	+	312	41899382	78247
chr6	41821135	42021135	harbor2	chr6	41899995	41900016	DNA/hAT-Charlie	3216	+	10	41900005	78870
chr6	41821135	42021135	harbor2	chr6	41900244	41900302	DNA/hAT-Charlie	3216	+	29	41900273	79138
chr6	41821135	42021135	harbor2	chr6	41913133	41913259	DNA/hAT-Charlie	548	+	63	41913196	92061
chr6	41821135	42021135	harbor2	chr6	41917650	41917810	DNA/hAT-Charlie	598	+	80	41917730	96595
chr6	107974809	108174809	harbor2	chr6	107993458	107993613	DNA/hAT-Charlie	459	+	78	107993536	18727
chr6	139275412	139475412	harbor2	chr6	139286578	139287057	DNA/hAT-Charlie	3411	+	240	139286818	11406
chr6	36494234	36694234	harbor2	chr6	36505058	36505226	DNA/hAT-Charlie	799	+	84	36505142	10908
chr6	36494234	36694234	harbor2	chr6	36505555	36505965	DNA/hAT-Charlie	907	+	205	36505760	11526
chr6	36494234	36694234	harbor2	chr6	36556012	36556142	DNA/hAT-Charlie	471	+	65	36556077	61843
chr6	36494234	36694234	harbor2	chr6	36566894	36567095	DNA/hAT-Charlie	633	+	100	36566994	72760
chr6	36494234	36694234	harbor2	chr6	36567399	36567449	DNA/hAT-Charlie	633	+	25	36567424	73190
chr6	36494234	36694234	harbor2	chr6	36567723	36567775	DNA/hAT-Charlie	633	+	26	36567749	73515
chr6	77363827	77563827	harbor2	chr6	77376635	77376865	DNA/hAT-Charlie	801	+	115	77376750	12923
chr6	77363827	77563827	harbor2	chr6	77386549	77386740	DNA/hAT-Charlie	838	+	96	77386645	22818
chr6	77363827	77563827	harbor2	chr6	77451056	77451219	DNA/hAT-Charlie	770	+	82	77451138	87311
chr6	77363827	77563827	harbor2	chr6	77455686	77455851	DNA/hAT-Charlie	774	+	82	77455768	91941
chr6	37002837	37202837	harbor2	chr6	37036238	37036554	DNA/hAT-Charlie	1909	+	158	37036396	33559
chr6	37002837	37202837	harbor2	chr6	37075709	37075891	DNA/hAT-Charlie	1619	+	91	37075800	72963
chr6	37002837	37202837	harbor2	chr6	37076204	37076365	DNA/hAT-Charlie	1619	+	80	37076284	73447
chr6	37002837	37202837	harbor2	chr6	37078794	37079053	DNA/hAT-Charlie	463	+	130	37078924	76087
chr6	37002837	37202837	harbor2	chr6	37083921	37084081	DNA/hAT-Charlie	825	+	80	37084001	81164
chr6	37002837	37202837	harbor2	chr6	37084384	37084431	DNA/hAT-Charlie	825	+	24	37084408	81571
chr6	139275376	139475376	harbor2	chr6	139286578	139287057	DNA/hAT-Charlie	3411	+	240	139286818	11442
chr6	170008688	170208688	harbor2	chr6	170077104	170077580	DNA/hAT-Charlie	1589	+	238	170077342	68654
chr6	37073817	37273817	harbor2	chr6	37075709	37075891	DNA/hAT-Charlie	1619	+	91	37075800	1983
chr6	37073817	37273817	harbor2	chr6	37076204	37076365	DNA/hAT-Charlie	1619	+	80	37076284	2467
chr6	37073817	37273817	harbor2	chr6	37078794	37079053	DNA/hAT-Charlie	463	+	130	37078924	5107
chr6	37073817	37273817	harbor2	chr6	37083921	37084081	DNA/hAT-Charlie	825	+	80	37084001	10184
chr6	37073817	37273817	harbor2	chr6	37084384	37084431	DNA/hAT-Charlie	825	+	24	37084408	10591
chr6	37073817	37273817	harbor2	chr6	37139662	37139816	DNA/hAT-Charlie	542	+	77	37139739	65922
chr6	37071756	37271756	harbor2	chr6	37075709	37075891	DNA/hAT-Charlie	1619	+	91	37075800	4044
chr6	37071756	37271756	harbor2	chr6	37076204	37076365	DNA/hAT-Charlie	1619	+	80	37076284	4528
chr6	37071756	37271756	harbor2	chr6	37078794	37079053	DNA/hAT-Charlie	463	+	130	37078924	7168
chr6	37071756	37271756	harbor2	chr6	37083921	37084081	DNA/hAT-Charlie	825	+	80	37084001	12245
chr6	37071756	37271756	harbor2	chr6	37084384	37084431	DNA/hAT-Charlie	825	+	24	37084408	12652
chr6	37071756	37271756	harbor2	chr6	37139662	37139816	DNA/hAT-Charlie	542	+	77	37139739	67983
chr6	167863268	168063268	harbor2	chr6	167947479	167947616	DNA/hAT-Charlie	597	+	68	167947547	84279
chr6	167863268	168063268	harbor2	chr6	167958938	167959119	DNA/hAT-Charlie	467	+	90	167959028	95760
chr6	10422491	10622491	harbor2	chr6	10448576	10448742	DNA/hAT-Charlie	931	+	83	10448659	26168
chr6	10422491	10622491	harbor2	chr6	10490053	10490421	DNA/hAT-Charlie	1889	+	184	10490237	67746
chr6	10422491	10622491	harbor2	chr6	10507372	10507564	DNA/hAT-Charlie	1154	+	96	10507468	84977
chr6	139346565	139546565	harbor2	chr6	139379745	139380005	DNA/hAT-Charlie	531	+	130	139379875	33310
chr6	139346565	139546565	harbor2	chr6	139382188	139382282	DNA/hAT-Charlie	1505	+	47	139382235	35670
chr6	139346565	139546565	harbor2	chr6	139382897	139383153	DNA/hAT-Charlie	1505	+	128	139383025	36460
chr6	139346565	139546565	harbor2	chr6	139383308	139383805	DNA/hAT-Charlie	1505	+	248	139383556	36991
chr6	139346565	139546565	harbor2	chr6	139399164	139399527	DNA/hAT-Charlie	1093	+	182	139399346	52781
chr6	78955777	79155777	harbor2	chr6	78960668	78960786	DNA/hAT-Charlie	723	+	59	78960727	4950
chr6	78955777	79155777	harbor2	chr6	78961467	78961618	DNA/hAT-Charlie	725	+	76	78961543	5766
chr6	78955777	79155777	harbor2	chr6	78980116	78980235	DNA/hAT-Charlie	496	+	60	78980176	24399
chr6	78955777	79155777	harbor2	chr6	79031306	79031809	DNA/hAT-Charlie	791	+	252	79031558	75781
chr6	78955777	79155777	harbor2	chr6	79031845	79031941	DNA/hAT-Charlie	1441	+	48	79031893	76116
chr6	78955777	79155777	harbor2	chr6	79034273	79034831	DNA/hAT-Charlie	1441	+	279	79034552	78775
chr6	78955777	79155777	harbor2	chr6	79035374	79035832	DNA/hAT-Charlie	1441	+	229	79035603	79826
chr6	167863257	168063257	harbor2	chr6	167947479	167947616	DNA/hAT-Charlie	597	+	68	167947547	84290
chr6	167863257	168063257	harbor2	chr6	167958938	167959119	DNA/hAT-Charlie	467	+	90	167959028	95771
chr6	139275442	139475442	harbor2	chr6	139286578	139287057	DNA/hAT-Charlie	3411	+	240	139286818	11376
chr6	37071984	37271984	harbor2	chr6	37075709	37075891	DNA/hAT-Charlie	1619	+	91	37075800	3816
chr6	37071984	37271984	harbor2	chr6	37076204	37076365	DNA/hAT-Charlie	1619	+	80	37076284	4300
chr6	37071984	37271984	harbor2	chr6	37078794	37079053	DNA/hAT-Charlie	463	+	130	37078924	6940
chr6	37071984	37271984	harbor2	chr6	37083921	37084081	DNA/hAT-Charlie	825	+	80	37084001	12017
chr6	37071984	37271984	harbor2	chr6	37084384	37084431	DNA/hAT-Charlie	825	+	24	37084408	12424
chr6	37071984	37271984	harbor2	chr6	37139662	37139816	DNA/hAT-Charlie	542	+	77	37139739	67755
chr6	81653509	81853509	harbor2	chr6	81700089	81700303	DNA/hAT-Charlie	804	+	107	81700196	46687
chr6	147108187	147308187	harbor2	chr6	147161748	147162026	DNA/hAT-Charlie	1068	+	139	147161887	53700
chr6	147108187	147308187	harbor2	chr6	147167711	147167861	DNA/hAT-Charlie	519	+	75	147167786	59599
chr6	147108187	147308187	harbor2	chr6	147169383	147169709	DNA/hAT-Charlie	1243	+	163	147169546	61359
chr6	147108187	147308187	harbor2	chr6	147192397	147192602	DNA/hAT-Charlie	860	+	102	147192499	84312
chr6	37071718	37271718	harbor2	chr6	37075709	37075891	DNA/hAT-Charlie	1619	+	91	37075800	4082
chr6	37071718	37271718	harbor2	chr6	37076204	37076365	DNA/hAT-Charlie	1619	+	80	37076284	4566
chr6	37071718	37271718	harbor2	chr6	37078794	37079053	DNA/hAT-Charlie	463	+	130	37078924	7206
chr6	37071718	37271718	harbor2	chr6	37083921	37084081	DNA/hAT-Charlie	825	+	80	37084001	12283
chr6	37071718	37271718	harbor2	chr6	37084384	37084431	DNA/hAT-Charlie	825	+	24	37084408	12690
chr6	37071718	37271718	harbor2	chr6	37139662	37139816	DNA/hAT-Charlie	542	+	77	37139739	68021
chr6	37074003	37274003	harbor2	chr6	37075709	37075891	DNA/hAT-Charlie	1619	+	91	37075800	1797
chr6	37074003	37274003	harbor2	chr6	37076204	37076365	DNA/hAT-Charlie	1619	+	80	37076284	2281
chr6	37074003	37274003	harbor2	chr6	37078794	37079053	DNA/hAT-Charlie	463	+	130	37078924	4921
chr6	37074003	37274003	harbor2	chr6	37083921	37084081	DNA/hAT-Charlie	825	+	80	37084001	9998
chr6	37074003	37274003	harbor2	chr6	37084384	37084431	DNA/hAT-Charlie	825	+	24	37084408	10405
chr6	37074003	37274003	harbor2	chr6	37139662	37139816	DNA/hAT-Charlie	542	+	77	37139739	65736
chr6	36343651	36543651	harbor2	chr6	36382377	36382536	DNA/hAT-Charlie	873	+	80	36382457	38806
chr6	36343651	36543651	harbor2	chr6	36399923	36400087	DNA/hAT-Charlie	689	+	82	36400005	56354
chr6	36343651	36543651	harbor2	chr6	36428956	36428995	DNA/hAT-Charlie	457	+	20	36428976	85325
chr6	36343651	36543651	harbor2	chr6	36429287	36429463	DNA/hAT-Charlie	457	+	88	36429375	85724
chr6	36343651	36543651	harbor2	chr6	36436901	36437003	DNA/hAT-Charlie	810	+	51	36436952	93301
chr6	36343651	36543651	harbor2	chr6	36437314	36437513	DNA/hAT-Charlie	810	+	100	36437414	93763
chr6	109952856	110152856	harbor2	chr6	109965691	109966019	DNA/hAT-Charlie	2306	+	164	109965855	12999
chr6	109952856	110152856	harbor2	chr6	109973608	109973771	DNA/hAT-Charlie	483	+	82	109973690	20834
chr6	109952856	110152856	harbor2	chr6	109974978	109975085	DNA/hAT-Charlie	499	+	54	109975032	22176
chr6	109952856	110152856	harbor2	chr6	110009734	110009917	DNA/hAT-Charlie	567	+	92	110009826	56970
chr6	109952856	110152856	harbor2	chr6	110036050	110036224	DNA/hAT-Charlie	1050	+	87	110036137	83281
chr6	109952856	110152856	harbor2	chr6	110038752	110038926	DNA/hAT-Charlie	1073	+	87	110038839	85983
chr6	37075696	37275696	harbor2	chr6	37075709	37075891	DNA/hAT-Charlie	1619	+	91	37075800	104
chr6	37075696	37275696	harbor2	chr6	37076204	37076365	DNA/hAT-Charlie	1619	+	80	37076284	588
chr6	37075696	37275696	harbor2	chr6	37078794	37079053	DNA/hAT-Charlie	463	+	130	37078924	3228
chr6	37075696	37275696	harbor2	chr6	37083921	37084081	DNA/hAT-Charlie	825	+	80	37084001	8305
chr6	37075696	37275696	harbor2	chr6	37084384	37084431	DNA/hAT-Charlie	825	+	24	37084408	8712
chr6	37075696	37275696	harbor2	chr6	37139662	37139816	DNA/hAT-Charlie	542	+	77	37139739	64043
chr6	88863719	89063719	harbor2	chr6	88866976	88867139	DNA/hAT-Charlie	985	+	82	88867058	3339
chr6	88863719	89063719	harbor2	chr6	88879844	88880051	DNA/hAT-Charlie	463	+	104	88879948	16229
chr6	88863719	89063719	harbor2	chr6	88919991	88920076	DNA/hAT-Charlie	561	+	42	88920033	56314
chr6	52185236	52385236	harbor2	chr6	52192515	52192805	DNA/hAT-Charlie	925	+	145	52192660	7424
chr6	52185236	52385236	harbor2	chr6	52253158	52253324	DNA/hAT-Charlie	734	+	83	52253241	68005
chr6	52185236	52385236	harbor2	chr6	52256061	52256301	DNA/hAT-Charlie	1513	+	120	52256181	70945
chr6	100675847	100875847	harbor2	chr6	100685419	100685564	DNA/hAT-Charlie	561	+	72	100685491	9644
chr6	100675847	100875847	harbor2	chr6	100708518	100708718	DNA/hAT-Charlie	1019	+	100	100708618	32771
chr6	100675847	100875847	harbor2	chr6	100714046	100714254	DNA/hAT-Charlie	996	+	104	100714150	38303
chr6	100675847	100875847	harbor2	chr6	100745610	100745800	DNA/hAT-Charlie	647	+	95	100745705	69858
chr6	100675847	100875847	harbor2	chr6	100750268	100750496	DNA/hAT-Charlie	769	+	114	100750382	74535
chr6	170609333	170809333	harbor2	chr6	170701272	170701438	DNA/hAT-Charlie	538	+	83	170701355	92022
chr6	169863936	170063936	harbor2	chr6	169894576	169894908	DNA/hAT-Charlie	1944	+	166	169894742	30806
chr6	169863936	170063936	harbor2	chr6	169955699	169955875	DNA/hAT-Charlie	476	+	88	169955787	91851
chr6	37071985	37271985	harbor2	chr6	37075709	37075891	DNA/hAT-Charlie	1619	+	91	37075800	3815
chr6	37071985	37271985	harbor2	chr6	37076204	37076365	DNA/hAT-Charlie	1619	+	80	37076284	4299
chr6	37071985	37271985	harbor2	chr6	37078794	37079053	DNA/hAT-Charlie	463	+	130	37078924	6939
chr6	37071985	37271985	harbor2	chr6	37083921	37084081	DNA/hAT-Charlie	825	+	80	37084001	12016
chr6	37071985	37271985	harbor2	chr6	37084384	37084431	DNA/hAT-Charlie	825	+	24	37084408	12423
chr6	37071985	37271985	harbor2	chr6	37139662	37139816	DNA/hAT-Charlie	542	+	77	37139739	67754
chr6	147106075	147306075	harbor2	chr6	147161748	147162026	DNA/hAT-Charlie	1068	+	139	147161887	55812
chr6	147106075	147306075	harbor2	chr6	147167711	147167861	DNA/hAT-Charlie	519	+	75	147167786	61711
chr6	147106075	147306075	harbor2	chr6	147169383	147169709	DNA/hAT-Charlie	1243	+	163	147169546	63471
chr6	147106075	147306075	harbor2	chr6	147192397	147192602	DNA/hAT-Charlie	860	+	102	147192499	86424
chr6	149350899	149550899	harbor2	chr6	149369234	149369352	DNA/hAT-Charlie	497	+	59	149369293	18394
chr6	106179953	106379953	harbor2	chr6	106209886	106210046	DNA/hAT-Charlie	618	+	80	106209966	30013
chr6	106179953	106379953	harbor2	chr6	106239717	106239928	DNA/hAT-Charlie	834	+	106	106239823	59870
chr6	106179953	106379953	harbor2	chr6	106256327	106256485	DNA/hAT-Charlie	506	+	79	106256406	76453
chr6	106179953	106379953	harbor2	chr6	106261830	106261987	DNA/hAT-Charlie	687	+	78	106261908	81955
chr6	8009439	8209439	harbor2	chr6	8022142	8022357	DNA/hAT-Charlie	919	+	108	8022250	12811
chr6	8009439	8209439	harbor2	chr6	8042524	8042752	DNA/hAT-Charlie	1581	+	114	8042638	33199
chr6	41841717	42041717	harbor2	chr6	41897182	41897440	DNA/hAT-Charlie	3216	+	129	41897311	55594
chr6	41841717	42041717	harbor2	chr6	41897740	41898040	DNA/hAT-Charlie	3216	+	150	41897890	56173
chr6	41841717	42041717	harbor2	chr6	41898340	41898447	DNA/hAT-Charlie	3216	+	54	41898394	56677
chr6	41841717	42041717	harbor2	chr6	41899070	41899693	DNA/hAT-Charlie	3216	+	312	41899382	57665
chr6	41841717	42041717	harbor2	chr6	41899995	41900016	DNA/hAT-Charlie	3216	+	10	41900005	58288
chr6	41841717	42041717	harbor2	chr6	41900244	41900302	DNA/hAT-Charlie	3216	+	29	41900273	58556
chr6	41841717	42041717	harbor2	chr6	41913133	41913259	DNA/hAT-Charlie	548	+	63	41913196	71479
chr6	41841717	42041717	harbor2	chr6	41917650	41917810	DNA/hAT-Charlie	598	+	80	41917730	76013
chr6	41841717	42041717	harbor2	chr6	41934088	41934290	DNA/hAT-Charlie	978	+	101	41934189	92472
chr6	52477046	52677046	harbor2	chr6	52478618	52478982	DNA/hAT-Charlie	627	+	182	52478800	1754
chr6	52477046	52677046	harbor2	chr6	52523856	52524020	DNA/hAT-Charlie	537	+	82	52523938	46892
chr6	52477046	52677046	harbor2	chr6	52534539	52534815	DNA/hAT-Charlie	571	+	138	52534677	57631
chr6	52477046	52677046	harbor2	chr6	52538577	52538735	DNA/hAT-Charlie	676	+	79	52538656	61610
chr6	139275446	139475446	harbor2	chr6	139286578	139287057	DNA/hAT-Charlie	3411	+	240	139286818	11372
chr6	30369767	30569767	harbor2	chr6	30405398	30405750	DNA/hAT-Charlie	2036	+	176	30405574	35807
chr6	30369767	30569767	harbor2	chr6	30443668	30443775	DNA/hAT-Charlie	545	+	54	30443722	73955
chr6	127174273	127374273	harbor2	chr6	127234504	127234697	DNA/hAT-Charlie	528	+	96	127234600	60327
chr6	127174273	127374273	harbor2	chr6	127271561	127271818	DNA/hAT-Charlie	1147	+	128	127271689	97416
chr6	127174273	127374273	harbor2	chr6	127271965	127272022	DNA/hAT-Charlie	465	+	28	127271993	97720
chr6	52352994	52552994	harbor2	chr6	52367051	52367280	DNA/hAT-Charlie	1123	+	114	52367165	14171
chr6	52352994	52552994	harbor2	chr6	52387704	52388093	DNA/hAT-Charlie	3317	+	194	52387898	34904
chr6	52352994	52552994	harbor2	chr6	52388393	52388514	DNA/hAT-Charlie	3283	+	60	52388453	35459
chr6	139275443	139475443	harbor2	chr6	139286578	139287057	DNA/hAT-Charlie	3411	+	240	139286818	11375
chr6	127169913	127369913	harbor2	chr6	127234504	127234697	DNA/hAT-Charlie	528	+	96	127234600	64687
chr6	33522645	33722645	harbor2	chr6	33528464	33528577	DNA/hAT-Charlie	532	+	56	33528520	5875
chr6	33522645	33722645	harbor2	chr6	33595389	33595603	DNA/hAT-Charlie	1357	+	107	33595496	72851
chr6	33522645	33722645	harbor2	chr6	33570669	33571073	DNA/hAT-Charlie	820	+	202	33570871	48226
chr6	33522645	33722645	harbor2	chr6	33619792	33620028	DNA/hAT-Charlie	608	+	118	33619910	97265
chr6	147254587	147454587	harbor2	chr6	147291910	147292091	DNA/hAT-Charlie	953	+	90	147292000	37413
chr6	147254587	147454587	harbor2	chr6	147294718	147294928	DNA/hAT-Charlie	572	+	105	147294823	40236
chr6	147254587	147454587	harbor2	chr6	147312428	147312669	DNA/hAT-Charlie	748	+	120	147312548	57961
chr6	147254587	147454587	harbor2	chr6	147317413	147317618	DNA/hAT-Charlie	926	+	102	147317515	62928
chr6	147254587	147454587	harbor2	chr6	147330826	147331035	DNA/hAT-Charlie	822	+	104	147330930	76343
chr6	147254587	147454587	harbor2	chr6	147351124	147351284	DNA/hAT-Charlie	796	+	80	147351204	96617
chr6	139275379	139475379	harbor2	chr6	139286578	139287057	DNA/hAT-Charlie	3411	+	240	139286818	11439
chr6	155200738	155400738	harbor2	chr6	155203946	155204658	DNA/hAT-Charlie	1296	+	356	155204302	3564
chr6	155200738	155400738	harbor2	chr6	155278919	155279127	DNA/hAT-Charlie	1039	+	104	155279023	78285
chr6	139275438	139475438	harbor2	chr6	139286578	139287057	DNA/hAT-Charlie	3411	+	240	139286818	11380
chr6	149352008	149552008	harbor2	chr6	149369234	149369352	DNA/hAT-Charlie	497	+	59	149369293	17285
chr6	79848077	80048077	harbor2	chr6	79894021	79894360	DNA/hAT-Charlie	2020	+	170	79894191	46114
chr6	79848077	80048077	harbor2	chr6	79935861	79936022	DNA/hAT-Charlie	896	+	80	79935941	87864
chr6	165561195	165761195	harbor2	chr6	165562793	165563019	DNA/hAT-Charlie	711	+	113	165562906	1711
chr6	165561195	165761195	harbor2	chr6	165568923	165569239	DNA/hAT-Charlie	827	+	158	165569081	7886
chr6	150800551	151000551	harbor2	chr6	150838299	150838524	DNA/hAT-Charlie	1303	+	112	150838411	37860
chr6	41174459	41374459	harbor2	chr6	41182386	41182548	DNA/hAT-Charlie	661	+	81	41182467	8008
chr6	41174459	41374459	harbor2	chr6	41213265	41213789	DNA/hAT-Charlie	3437	+	262	41213527	39068
chr6	41174459	41374459	harbor2	chr6	41230830	41231307	DNA/hAT-Charlie	3146	+	238	41231068	56609
chr6	41174459	41374459	harbor2	chr6	41253804	41253965	DNA/hAT-Charlie	676	+	80	41253884	79425
chr6	139493790	139693790	harbor2	chr6	139560389	139560597	DNA/hAT-Charlie	1269	+	104	139560493	66703
chr6	139493790	139693790	harbor2	chr6	139571089	139571473	DNA/hAT-Charlie	3708	+	192	139571281	77491
chr6	139493790	139693790	harbor2	chr6	139571768	139571947	DNA/hAT-Charlie	3708	+	90	139571858	78068
chr6	45542589	45742589	harbor2	chr6	45593908	45594206	DNA/hAT-Charlie	931	+	149	45594057	51468
chr6	45542589	45742589	harbor2	chr6	45594678	45594859	DNA/hAT-Charlie	923	+	90	45594768	52179
chr6	45542589	45742589	harbor2	chr6	45615797	45616085	DNA/hAT-Charlie	1596	+	144	45615941	73352
chr6	46592267	46792267	harbor2	chr6	46603132	46603204	DNA/hAT-Charlie	835	+	36	46603168	10901
chr6	46592267	46792267	harbor2	chr6	46603700	46603816	DNA/hAT-Charlie	835	+	58	46603758	11491
chr6	46592267	46792267	harbor2	chr6	46604162	46604415	DNA/hAT-Charlie	897	+	126	46604288	12021
chr6	46592267	46792267	harbor2	chr6	46604596	46604762	DNA/hAT-Charlie	766	+	83	46604679	12412
chr6	46592267	46792267	harbor2	chr6	46643134	46643398	DNA/hAT-Charlie	867	+	132	46643266	50999
chr6	37071323	37271323	harbor2	chr6	37075709	37075891	DNA/hAT-Charlie	1619	+	91	37075800	4477
chr6	37071323	37271323	harbor2	chr6	37076204	37076365	DNA/hAT-Charlie	1619	+	80	37076284	4961
chr6	37071323	37271323	harbor2	chr6	37078794	37079053	DNA/hAT-Charlie	463	+	130	37078924	7601
chr6	37071323	37271323	harbor2	chr6	37083921	37084081	DNA/hAT-Charlie	825	+	80	37084001	12678
chr6	37071323	37271323	harbor2	chr6	37084384	37084431	DNA/hAT-Charlie	825	+	24	37084408	13085
chr6	37071323	37271323	harbor2	chr6	37139662	37139816	DNA/hAT-Charlie	542	+	77	37139739	68416
chr6	34776933	34976933	harbor2	chr6	34801483	34801696	DNA/hAT-Charlie	1062	+	106	34801589	24656
chr6	34776933	34976933	harbor2	chr6	34802037	34802191	DNA/hAT-Charlie	1062	+	77	34802114	25181
chr6	34776933	34976933	harbor2	chr6	34802689	34802893	DNA/hAT-Charlie	772	+	102	34802791	25858
chr6	34776933	34976933	harbor2	chr6	34803197	34803277	DNA/hAT-Charlie	772	+	40	34803237	26304
chr6	34776933	34976933	harbor2	chr6	34839401	34839555	DNA/hAT-Charlie	1164	+	77	34839478	62545
chr6	34776933	34976933	harbor2	chr6	34840168	34840269	DNA/hAT-Charlie	1164	+	50	34840218	63285
chr6	34776933	34976933	harbor2	chr6	34840596	34840620	DNA/hAT-Charlie	1164	+	12	34840608	63675
chr6	34776933	34976933	harbor2	chr6	34840911	34840987	DNA/hAT-Charlie	1164	+	38	34840949	64016
chr6	34776933	34976933	harbor2	chr6	34842670	34842981	DNA/hAT-Charlie	1770	+	156	34842826	65893
chr6	34776933	34976933	harbor2	chr6	34843284	34843451	DNA/hAT-Charlie	1770	+	84	34843368	66435
chr6	34776933	34976933	harbor2	chr6	34853862	34853934	DNA/hAT-Charlie	1602	+	36	34853898	76965
chr6	34776933	34976933	harbor2	chr6	34854244	34854654	DNA/hAT-Charlie	1602	+	205	34854449	77516
chr6	45542590	45742590	harbor2	chr6	45593908	45594206	DNA/hAT-Charlie	931	+	149	45594057	51467
chr6	45542590	45742590	harbor2	chr6	45594678	45594859	DNA/hAT-Charlie	923	+	90	45594768	52178
chr6	45542590	45742590	harbor2	chr6	45615797	45616085	DNA/hAT-Charlie	1596	+	144	45615941	73351
chr6	44034328	44234328	harbor2	chr6	44099541	44099714	DNA/hAT-Charlie	481	+	86	44099627	65299
chr6	167863281	168063281	harbor2	chr6	167947479	167947616	DNA/hAT-Charlie	597	+	68	167947547	84266
chr6	167863281	168063281	harbor2	chr6	167958938	167959119	DNA/hAT-Charlie	467	+	90	167959028	95747
chr6	148245637	148445637	harbor2	chr6	148267243	148267365	DNA/hAT-Charlie	722	+	61	148267304	21667
chr6	148245637	148445637	harbor2	chr6	148267678	148267738	DNA/hAT-Charlie	722	+	30	148267708	22071
chr6	127216519	127416519	harbor2	chr6	127234504	127234697	DNA/hAT-Charlie	528	+	96	127234600	18081
chr6	127216519	127416519	harbor2	chr6	127271561	127271818	DNA/hAT-Charlie	1147	+	128	127271689	55170
chr6	127216519	127416519	harbor2	chr6	127271965	127272022	DNA/hAT-Charlie	465	+	28	127271993	55474
chr6	127216519	127416519	harbor2	chr6	127284783	127284989	DNA/hAT-Charlie	1429	+	103	127284886	68367
chr6	52300000	52500000	harbor2	chr6	52308422	52308483	DNA/hAT-Charlie	457	+	30	52308452	8452
chr6	52300000	52500000	harbor2	chr6	52308780	52308938	DNA/hAT-Charlie	457	+	79	52308859	8859
chr6	52300000	52500000	harbor2	chr6	52342223	52342535	DNA/hAT-Charlie	1948	+	156	52342379	42379
chr6	52300000	52500000	harbor2	chr6	52367051	52367280	DNA/hAT-Charlie	1123	+	114	52367165	67165
chr6	52300000	52500000	harbor2	chr6	52387704	52388093	DNA/hAT-Charlie	3317	+	194	52387898	87898
chr6	52300000	52500000	harbor2	chr6	52388393	52388514	DNA/hAT-Charlie	3283	+	60	52388453	88453
chr6	169863958	170063958	harbor2	chr6	169894576	169894908	DNA/hAT-Charlie	1944	+	166	169894742	30784
chr6	169863958	170063958	harbor2	chr6	169955699	169955875	DNA/hAT-Charlie	476	+	88	169955787	91829
chr6	166856299	167056299	harbor2	chr6	166902839	166902998	DNA/hAT-Charlie	499	+	80	166902919	46620
chr6	166856299	167056299	harbor2	chr6	166935173	166935411	DNA/hAT-Charlie	861	+	119	166935292	78993
chr6	149548477	149748477	harbor2	chr6	149568422	149568622	DNA/hAT-Charlie	934	+	100	149568522	20045
chr6	149548477	149748477	harbor2	chr6	149605578	149605757	DNA/hAT-Charlie	1379	+	90	149605668	57191
chr6	149548477	149748477	harbor2	chr6	149606060	149606209	DNA/hAT-Charlie	1379	+	74	149606134	57657
chr6	325158	525158	harbor2	chr6	339939	340245	DNA/hAT-Charlie	659	+	153	340092	14934
chr6	325158	525158	harbor2	chr6	353223	353532	DNA/hAT-Charlie	1755	+	154	353377	28219
chr6	325158	525158	harbor2	chr6	365985	366179	DNA/hAT-Charlie	728	+	97	366082	40924
chr6	325158	525158	harbor2	chr6	401121	401338	DNA/hAT-Charlie	503	+	108	401229	76071
chr6	56921793	57121793	harbor2	chr6	56969925	56970165	DNA/hAT-Charlie	796	+	120	56970045	48252
chr6	56921793	57121793	harbor2	chr6	56974363	56974717	DNA/hAT-Charlie	1180	+	177	56974540	52747
chr6	56921793	57121793	harbor2	chr6	56976128	56976197	DNA/hAT-Charlie	3633	+	34	56976162	54369
chr6	56921793	57121793	harbor2	chr6	56976495	56976567	DNA/hAT-Charlie	3633	+	36	56976531	54738
chr6	56921793	57121793	harbor2	chr6	56976862	56977606	DNA/hAT-Charlie	3633	+	372	56977234	55441
chr6	56921793	57121793	harbor2	chr6	56978562	56979311	DNA/hAT-Charlie	3191	+	374	56978936	57143
chr6	56921793	57121793	harbor2	chr6	56979446	56979825	DNA/hAT-Charlie	1759	+	190	56979636	57843
chr6	56921793	57121793	harbor2	chr6	57018728	57018880	DNA/hAT-Charlie	475	+	76	57018804	97011
chr6	32315601	32515601	harbor2	chr6	32321839	32322057	DNA/hAT-Charlie	464	+	109	32321948	6347
chr6	32315601	32515601	harbor2	chr6	32409326	32409520	DNA/hAT-Charlie	902	+	97	32409423	93822
chr6	151352799	151552799	harbor2	chr6	151431596	151431925	DNA/hAT-Charlie	1136	+	164	151431760	78961
chr6	151352799	151552799	harbor2	chr6	151432237	151432270	DNA/hAT-Charlie	1136	+	16	151432253	79454
chr6	151352799	151552799	harbor2	chr6	151437193	151437434	DNA/hAT-Charlie	653	+	120	151437313	84514
chr6	149351576	149551576	harbor2	chr6	149369234	149369352	DNA/hAT-Charlie	497	+	59	149369293	17717
chr6	105895040	106095040	harbor2	chr6	105909931	105910117	DNA/hAT-Charlie	1093	+	93	105910024	14984
chr6	105895040	106095040	harbor2	chr6	105952477	105952638	DNA/hAT-Charlie	917	+	80	105952557	57517
chr6	105895040	106095040	harbor2	chr6	105906152	105906304	DNA/hAT-Charlie	672	+	76	105906228	11188
chr6	158504789	158704789	harbor2	chr6	158505334	158505547	DNA/hAT-Charlie	983	+	106	158505440	651
chr6	158504789	158704789	harbor2	chr6	158584359	158584538	DNA/hAT-Charlie	689	+	90	158584449	79660
chr6	158504789	158704789	harbor2	chr6	158584540	158584682	DNA/hAT-Charlie	678	+	71	158584611	79822
chr6	127167589	127367589	harbor2	chr6	127234504	127234697	DNA/hAT-Charlie	528	+	96	127234600	67011
chr6	45541581	45741581	harbor2	chr6	45593908	45594206	DNA/hAT-Charlie	931	+	149	45594057	52476
chr6	45541581	45741581	harbor2	chr6	45594678	45594859	DNA/hAT-Charlie	923	+	90	45594768	53187
chr6	45541581	45741581	harbor2	chr6	45615797	45616085	DNA/hAT-Charlie	1596	+	144	45615941	74360
chr6	99249452	99449452	harbor2	chr6	99276707	99276881	DNA/hAT-Charlie	459	+	87	99276794	27342
chr6	99249452	99449452	harbor2	chr6	99332912	99333178	DNA/hAT-Charlie	1350	+	133	99333045	83593
chr6	75250277	75450277	harbor2	chr6	75259843	75260123	DNA/hAT-Charlie	1178	+	140	75259983	9706
chr6	75250277	75450277	harbor2	chr6	75260434	75260504	DNA/hAT-Charlie	1178	+	35	75260469	10192
chr6	44238730	44438730	harbor2	chr6	44259641	44259874	DNA/hAT-Charlie	511	+	116	44259757	21027
chr6	44238730	44438730	harbor2	chr6	44317451	44317544	DNA/hAT-Charlie	518	+	46	44317497	78767
chr6	44238730	44438730	harbor2	chr6	44321632	44321813	DNA/hAT-Charlie	1460	+	90	44321722	82992
chr6	44238730	44438730	harbor2	chr6	44322123	44322307	DNA/hAT-Charlie	1460	+	92	44322215	83485
chr6	44238730	44438730	harbor2	chr6	44322631	44322733	DNA/hAT-Charlie	1460	+	51	44322682	83952
chr6	27416505	27616505	harbor2	chr6	27439048	27439175	DNA/hAT-Charlie	463	+	64	27439112	22607
chr6	27416505	27616505	harbor2	chr6	27514477	27514696	DNA/hAT-Charlie	1204	+	110	27514587	98082
chr6	34144727	34344727	harbor2	chr6	34155435	34155523	DNA/hAT-Charlie	494	+	44	34155479	10752
chr6	34144727	34344727	harbor2	chr6	34155648	34155720	DNA/hAT-Charlie	494	+	36	34155684	10957
chr6	107857740	108057740	harbor2	chr6	107894884	107895033	DNA/hAT-Charlie	465	+	74	107894958	37218
chr6	107857740	108057740	harbor2	chr6	107951564	107951701	DNA/hAT-Charlie	565	+	68	107951632	93892
chr6	107857740	108057740	harbor2	chr6	107951990	107952033	DNA/hAT-Charlie	565	+	22	107952012	94272
chr6	35356242	35556242	harbor2	chr6	35409804	35409959	DNA/hAT-Charlie	697	+	78	35409882	53640
chr6	71233331	71433331	harbor2	chr6	71259048	71259287	DNA/hAT-Charlie	572	+	120	71259168	25837
chr6	71233331	71433331	harbor2	chr6	71264054	71264269	DNA/hAT-Charlie	501	+	108	71264162	30831
chr6	13613032	13813032	harbor2	chr6	13630561	13630847	DNA/hAT-Charlie	1307	+	143	13630704	17672
chr6	163314629	163514629	harbor2	chr6	163323646	163323834	DNA/hAT-Charlie	676	+	94	163323740	9111
chr6	163314629	163514629	harbor2	chr6	163350882	163351093	DNA/hAT-Charlie	1083	+	106	163350988	36359
chr6	163314629	163514629	harbor2	chr6	163373208	163373398	DNA/hAT-Charlie	685	+	95	163373303	58674
chr6	163314629	163514629	harbor2	chr6	163376717	163376936	DNA/hAT-Charlie	556	+	110	163376827	62198
chr6	163314629	163514629	harbor2	chr6	163376925	163377052	DNA/hAT-Charlie	518	+	64	163376989	62360
chr6	163314629	163514629	harbor2	chr6	163382757	163382918	DNA/hAT-Charlie	519	+	80	163382837	68208
chr6	163314629	163514629	harbor2	chr6	163383233	163383287	DNA/hAT-Charlie	519	+	27	163383260	68631
chr6	52571777	52771777	harbor2	chr6	52627151	52627313	DNA/hAT-Charlie	567	+	81	52627232	55455
chr6	52571777	52771777	harbor2	chr6	52627353	52627416	DNA/hAT-Charlie	567	+	32	52627385	55608
chr6	52571777	52771777	harbor2	chr6	52659148	52659263	DNA/hAT-Charlie	513	+	58	52659206	87429
chr6	52571777	52771777	harbor2	chr6	52668793	52669231	DNA/hAT-Charlie	1305	+	219	52669012	97235
chr6	167863263	168063263	harbor2	chr6	167947479	167947616	DNA/hAT-Charlie	597	+	68	167947547	84284
chr6	167863263	168063263	harbor2	chr6	167958938	167959119	DNA/hAT-Charlie	467	+	90	167959028	95765
chr6	128006768	128206768	harbor2	chr6	128048187	128048336	DNA/hAT-Charlie	717	+	74	128048261	41493
chr6	139275401	139475401	harbor2	chr6	139286578	139287057	DNA/hAT-Charlie	3411	+	240	139286818	11417
chr6	111733310	111933310	harbor2	chr6	111748636	111748880	DNA/hAT-Charlie	905	+	122	111748758	15448
chr6	111733310	111933310	harbor2	chr6	111770091	111770388	DNA/hAT-Charlie	1038	+	148	111770239	36929
chr6	111733310	111933310	harbor2	chr6	111783822	111783961	DNA/hAT-Charlie	587	+	70	111783892	50582
chr6	111733310	111933310	harbor2	chr6	111794520	111794843	DNA/hAT-Charlie	1972	+	162	111794682	61372
chr6	111733310	111933310	harbor2	chr6	111809711	111809919	DNA/hAT-Charlie	553	+	104	111809815	76505
chr6	111733310	111933310	harbor2	chr6	111828223	111828343	DNA/hAT-Charlie	1034	+	60	111828283	94973
chr6	111733310	111933310	harbor2	chr6	111828923	111829099	DNA/hAT-Charlie	1034	+	88	111829011	95701
chr6	139275439	139475439	harbor2	chr6	139286578	139287057	DNA/hAT-Charlie	3411	+	240	139286818	11379
chr6	41092580	41292580	harbor2	chr6	41103757	41103874	DNA/hAT-Charlie	532	+	58	41103815	11235
chr6	41092580	41292580	harbor2	chr6	41182386	41182548	DNA/hAT-Charlie	661	+	81	41182467	89887
chr6	32875092	33075092	harbor2	chr6	32958869	32959098	DNA/hAT-Charlie	645	+	114	32958983	83891
chr6	32875092	33075092	harbor2	chr6	32963274	32963551	DNA/hAT-Charlie	925	+	138	32963412	88320
chr6	32875092	33075092	harbor2	chr6	32963885	32963987	DNA/hAT-Charlie	520	+	51	32963936	88844
chr6	32875092	33075092	harbor2	chr6	32966235	32966265	DNA/hAT-Charlie	775	+	15	32966250	91158
chr6	32875092	33075092	harbor2	chr6	32966558	32966714	DNA/hAT-Charlie	775	+	78	32966636	91544
chr6	37072384	37272384	harbor2	chr6	37075709	37075891	DNA/hAT-Charlie	1619	+	91	37075800	3416
chr6	37072384	37272384	harbor2	chr6	37076204	37076365	DNA/hAT-Charlie	1619	+	80	37076284	3900
chr6	37072384	37272384	harbor2	chr6	37078794	37079053	DNA/hAT-Charlie	463	+	130	37078924	6540
chr6	37072384	37272384	harbor2	chr6	37083921	37084081	DNA/hAT-Charlie	825	+	80	37084001	11617
chr6	37072384	37272384	harbor2	chr6	37084384	37084431	DNA/hAT-Charlie	825	+	24	37084408	12024
chr6	37072384	37272384	harbor2	chr6	37139662	37139816	DNA/hAT-Charlie	542	+	77	37139739	67355
chr6	34138879	34338879	harbor2	chr6	34155435	34155523	DNA/hAT-Charlie	494	+	44	34155479	16600
chr6	34138879	34338879	harbor2	chr6	34155648	34155720	DNA/hAT-Charlie	494	+	36	34155684	16805
chr6	73362326	73562326	harbor2	chr6	73368167	73368343	DNA/hAT-Charlie	650	+	88	73368255	5929
chr6	73362326	73562326	harbor2	chr6	73404921	73405078	DNA/hAT-Charlie	519	+	78	73404999	42673
chr6	158436899	158636899	harbor2	chr6	158456298	158456512	DNA/hAT-Charlie	1478	+	107	158456405	19506
chr6	158436899	158636899	harbor2	chr6	158505334	158505547	DNA/hAT-Charlie	983	+	106	158505440	68541
chr6	63473882	63673882	harbor2	chr6	63473945	63474326	DNA/hAT-Charlie	855	+	190	63474135	253
chr6	63473882	63673882	harbor2	chr6	63474629	63474639	DNA/hAT-Charlie	855	+	5	63474634	752
chr6	63473882	63673882	harbor2	chr6	63474914	63475175	DNA/hAT-Charlie	855	+	130	63475044	1162
chr6	63473882	63673882	harbor2	chr6	63523655	63523840	DNA/hAT-Charlie	1155	+	92	63523747	49865
chr6	63473882	63673882	harbor2	chr6	63537218	63537375	DNA/hAT-Charlie	727	+	78	63537296	63414
chr6	167933183	168133183	harbor2	chr6	167947479	167947616	DNA/hAT-Charlie	597	+	68	167947547	14364
chr6	167933183	168133183	harbor2	chr6	167958938	167959119	DNA/hAT-Charlie	467	+	90	167959028	25845
chr6	167933183	168133183	harbor2	chr6	167985329	167985660	DNA/hAT-Charlie	2063	+	166	167985495	52312
chr6	145745469	145945469	harbor2	chr6	145761451	145761656	DNA/hAT-Charlie	738	+	102	145761553	16084
chr6	145745469	145945469	harbor2	chr6	145801287	145801389	DNA/hAT-Charlie	1421	+	51	145801338	55869
chr6	145745469	145945469	harbor2	chr6	145801429	145801530	DNA/hAT-Charlie	1421	+	50	145801479	56010
chr6	27416592	27616592	harbor2	chr6	27439048	27439175	DNA/hAT-Charlie	463	+	64	27439112	22520
chr6	27416592	27616592	harbor2	chr6	27514477	27514696	DNA/hAT-Charlie	1204	+	110	27514587	97995
chr6	37072379	37272379	harbor2	chr6	37075709	37075891	DNA/hAT-Charlie	1619	+	91	37075800	3421
chr6	37072379	37272379	harbor2	chr6	37076204	37076365	DNA/hAT-Charlie	1619	+	80	37076284	3905
chr6	37072379	37272379	harbor2	chr6	37078794	37079053	DNA/hAT-Charlie	463	+	130	37078924	6545
chr6	37072379	37272379	harbor2	chr6	37083921	37084081	DNA/hAT-Charlie	825	+	80	37084001	11622
chr6	37072379	37272379	harbor2	chr6	37084384	37084431	DNA/hAT-Charlie	825	+	24	37084408	12029
chr6	37072379	37272379	harbor2	chr6	37139662	37139816	DNA/hAT-Charlie	542	+	77	37139739	67360
chr6	63536599	63736599	harbor2	chr6	63537218	63537375	DNA/hAT-Charlie	727	+	78	63537296	697
chr6	159410489	159610489	harbor2	chr6	159463609	159463669	DNA/hAT-Charlie	996	+	30	159463639	53150
chr6	159410489	159610489	harbor2	chr6	159463979	159464185	DNA/hAT-Charlie	996	+	103	159464082	53593
chr6	32053002	32253002	harbor2	chr6	32055615	32055741	DNA/hAT-Charlie	592	+	63	32055678	2676
chr6	32053002	32253002	harbor2	chr6	32072367	32072687	DNA/hAT-Charlie	1597	+	160	32072527	19525
chr6	32053002	32253002	harbor2	chr6	32072968	32073081	DNA/hAT-Charlie	1597	+	56	32073024	20022
chr6	169864558	170064558	harbor2	chr6	169894576	169894908	DNA/hAT-Charlie	1944	+	166	169894742	30184
chr6	169864558	170064558	harbor2	chr6	169955699	169955875	DNA/hAT-Charlie	476	+	88	169955787	91229
chr6	52185444	52385444	harbor2	chr6	52192515	52192805	DNA/hAT-Charlie	925	+	145	52192660	7216
chr6	52185444	52385444	harbor2	chr6	52253158	52253324	DNA/hAT-Charlie	734	+	83	52253241	67797
chr6	52185444	52385444	harbor2	chr6	52256061	52256301	DNA/hAT-Charlie	1513	+	120	52256181	70737
chr7	154767306	154967306	harbor2	chr7	154817198	154817340	DNA/hAT-Charlie	414	+	71	154817269	49963
chr7	154767306	154967306	harbor2	chr7	154835594	154835728	DNA/hAT-Charlie	464	+	67	154835661	68355
chr7	50206270	50406270	harbor2	chr7	50219211	50219336	DNA/hAT-Charlie	562	+	62	50219273	13003
chr7	1802355	2002355	harbor2	chr7	1810204	1810449	DNA/hAT-Charlie	603	+	122	1810326	7971
chr7	1802355	2002355	harbor2	chr7	1877177	1877378	DNA/hAT-Charlie	922	+	100	1877277	74922
chr7	130568331	130768331	harbor2	chr7	130619133	130619334	DNA/hAT-Charlie	832	+	100	130619233	50902
chr7	151453621	151653621	harbor2	chr7	151459107	151459446	DNA/hAT-Charlie	2318	+	170	151459277	5656
chr7	151453621	151653621	harbor2	chr7	151476277	151476375	DNA/hAT-Charlie	475	+	49	151476326	22705
chr7	151453621	151653621	harbor2	chr7	151487847	151488343	DNA/hAT-Charlie	1254	+	248	151488095	34474
chr7	151453621	151653621	harbor2	chr7	151497266	151497428	DNA/hAT-Charlie	488	+	81	151497347	43726
chr7	151453621	151653621	harbor2	chr7	151508389	151508633	DNA/hAT-Charlie	748	+	122	151508511	54890
chr7	151453621	151653621	harbor2	chr7	151509654	151509988	DNA/hAT-Charlie	1602	+	167	151509821	56200
chr7	151453621	151653621	harbor2	chr7	151512770	151513766	DNA/hAT-Charlie	4245	+	498	151513268	59647
chr7	151453621	151653621	harbor2	chr7	151524676	151525317	DNA/hAT-Charlie	1753	+	320	151524996	71375
chr7	151453621	151653621	harbor2	chr7	151542885	151542936	DNA/hAT-Charlie	1301	+	26	151542911	89290
chr7	151453621	151653621	harbor2	chr7	151543240	151543760	DNA/hAT-Charlie	1301	+	260	151543500	89879
chr7	151453621	151653621	harbor2	chr7	151543923	151544040	DNA/hAT-Charlie	1301	+	58	151543981	90360
chr7	151453621	151653621	harbor2	chr7	151544338	151544392	DNA/hAT-Charlie	1301	+	27	151544365	90744
chr7	28540595	28740595	harbor2	chr7	28583034	28583209	DNA/hAT-Charlie	410	+	88	28583122	42527
chr7	1312998	1512998	harbor2	chr7	1315376	1315537	DNA/hAT-Charlie	724	+	80	1315456	2458
chr7	1312998	1512998	harbor2	chr7	1315853	1315953	DNA/hAT-Charlie	724	+	50	1315903	2905
chr7	1252797	1452797	harbor2	chr7	1281286	1281514	DNA/hAT-Charlie	644	+	114	1281400	28603
chr7	1252797	1452797	harbor2	chr7	1315376	1315537	DNA/hAT-Charlie	724	+	80	1315456	62659
chr7	1252797	1452797	harbor2	chr7	1315853	1315953	DNA/hAT-Charlie	724	+	50	1315903	63106
chr7	39733301	39933301	harbor2	chr7	39749752	39749975	DNA/hAT-Charlie	775	+	112	39749864	16563
chr7	39733301	39933301	harbor2	chr7	39750462	39750788	DNA/hAT-Charlie	1608	+	163	39750625	17324
chr7	39733301	39933301	harbor2	chr7	39781866	39782297	DNA/hAT-Charlie	2916	+	216	39782082	48781
chr7	39733301	39933301	harbor2	chr7	39791315	39791732	DNA/hAT-Charlie	2536	+	208	39791523	58222
chr7	54986554	55186554	harbor2	chr7	55026901	55027075	DNA/hAT-Charlie	468	+	87	55026988	40434
chr7	54986554	55186554	harbor2	chr7	55043223	55043350	DNA/hAT-Charlie	823	+	64	55043287	56733
chr7	54986554	55186554	harbor2	chr7	55043662	55043749	DNA/hAT-Charlie	823	+	44	55043706	57152
chr7	54986554	55186554	harbor2	chr7	55045809	55046122	DNA/hAT-Charlie	1442	+	156	55045965	59411
chr7	1801790	2001790	harbor2	chr7	1810204	1810449	DNA/hAT-Charlie	603	+	122	1810326	8536
chr7	1801790	2001790	harbor2	chr7	1877177	1877378	DNA/hAT-Charlie	922	+	100	1877277	75487
chr7	80538527	80738527	harbor2	chr7	80592040	80592163	DNA/hAT-Charlie	568	+	62	80592102	53575
chr7	80538527	80738527	harbor2	chr7	80592195	80592565	DNA/hAT-Charlie	568	+	185	80592380	53853
chr7	128310411	128510411	harbor2	chr7	128322295	128322679	DNA/hAT-Charlie	632	+	192	128322487	12076
chr7	28082332	28282332	harbor2	chr7	28128168	28128241	DNA/hAT-Charlie	815	+	36	28128204	45872
chr7	28082332	28282332	harbor2	chr7	28128536	28128653	DNA/hAT-Charlie	815	+	58	28128594	46262
chr7	28082332	28282332	harbor2	chr7	28160036	28160248	DNA/hAT-Charlie	701	+	106	28160142	77810
chr7	28082332	28282332	harbor2	chr7	28168039	28168100	DNA/hAT-Charlie	718	+	30	28168069	85737
chr7	28082332	28282332	harbor2	chr7	28168404	28168639	DNA/hAT-Charlie	718	+	118	28168522	86190
chr7	1312731	1512731	harbor2	chr7	1315376	1315537	DNA/hAT-Charlie	724	+	80	1315456	2725
chr7	1312731	1512731	harbor2	chr7	1315853	1315953	DNA/hAT-Charlie	724	+	50	1315903	3172
chr7	55951704	56151704	harbor2	chr7	56023821	56023908	DNA/hAT-Charlie	533	+	44	56023865	72161
chr7	932200	1132200	harbor2	chr7	939084	939221	DNA/hAT-Charlie	587	+	68	939152	6952
chr7	932200	1132200	harbor2	chr7	939518	939547	DNA/hAT-Charlie	587	+	14	939532	7332
chr7	149614656	149814656	harbor2	chr7	149620151	149620369	DNA/hAT-Charlie	926	+	109	149620260	5604
chr7	149614656	149814656	harbor2	chr7	149705574	149705789	DNA/hAT-Charlie	848	+	108	149705682	91026
chr7	149614656	149814656	harbor2	chr7	149713156	149713516	DNA/hAT-Charlie	1626	+	180	149713336	98680
chr7	110297759	110497759	harbor2	chr7	110345689	110346045	DNA/hAT-Charlie	515	+	178	110345867	48108
chr7	110297759	110497759	harbor2	chr7	110346247	110346415	DNA/hAT-Charlie	418	+	84	110346331	48572
chr7	110297759	110497759	harbor2	chr7	110380540	110380719	DNA/hAT-Charlie	785	+	90	110380630	82871
chr7	140915057	141115057	harbor2	chr7	140917716	140918034	DNA/hAT-Charlie	1329	+	159	140917875	2818
chr7	140915057	141115057	harbor2	chr7	140986078	140986221	DNA/hAT-Charlie	973	+	72	140986150	71093
chr7	140915057	141115057	harbor2	chr7	140986253	140986371	DNA/hAT-Charlie	856	+	59	140986312	71255
chr7	140915057	141115057	harbor2	chr7	141000001	141000180	DNA/hAT-Charlie	925	+	90	141000091	85034
chr7	50206568	50406568	harbor2	chr7	50219211	50219336	DNA/hAT-Charlie	562	+	62	50219273	12705
chr7	44969996	45169996	harbor2	chr7	44985151	44985334	DNA/hAT-Charlie	699	+	92	44985243	15247
chr7	28082337	28282337	harbor2	chr7	28128168	28128241	DNA/hAT-Charlie	815	+	36	28128204	45867
chr7	28082337	28282337	harbor2	chr7	28128536	28128653	DNA/hAT-Charlie	815	+	58	28128594	46257
chr7	28082337	28282337	harbor2	chr7	28160036	28160248	DNA/hAT-Charlie	701	+	106	28160142	77805
chr7	28082337	28282337	harbor2	chr7	28168039	28168100	DNA/hAT-Charlie	718	+	30	28168069	85732
chr7	28082337	28282337	harbor2	chr7	28168404	28168639	DNA/hAT-Charlie	718	+	118	28168522	86185
chr7	62197525	62397525	harbor2	chr7	62274053	62274243	DNA/hAT-Charlie	1248	+	95	62274148	76623
chr7	47569714	47769714	harbor2	chr7	47592957	47592979	DNA/hAT-Charlie	409	+	11	47592968	23254
chr7	47569714	47769714	harbor2	chr7	47593273	47593360	DNA/hAT-Charlie	409	+	44	47593317	23603
chr7	156586157	156786157	harbor2	chr7	156674725	156674869	DNA/hAT-Charlie	611	+	72	156674797	88640
chr7	156586157	156786157	harbor2	chr7	156680215	156680369	DNA/hAT-Charlie	527	+	77	156680292	94135
chr7	156586157	156786157	harbor2	chr7	156680405	156680468	DNA/hAT-Charlie	527	+	32	156680437	94280
chr7	135108478	135308478	harbor2	chr7	135150886	135151115	DNA/hAT-Charlie	490	+	114	135151000	42522
chr7	135108478	135308478	harbor2	chr7	135204672	135204976	DNA/hAT-Charlie	1335	+	152	135204824	96346
chr7	50265125	50465125	harbor2	chr7	50329413	50329613	DNA/hAT-Charlie	646	+	100	50329513	64388
chr7	88072268	88272268	harbor2	chr7	88073962	88074177	DNA/hAT-Charlie	1134	+	108	88074070	1802
chr7	28180867	28380867	harbor2	chr7	28204822	28204951	DNA/hAT-Charlie	585	+	64	28204886	24019
chr7	28180867	28380867	harbor2	chr7	28220675	28220853	DNA/hAT-Charlie	1022	+	89	28220764	39897
chr7	28180867	28380867	harbor2	chr7	28273158	28273423	DNA/hAT-Charlie	1446	+	132	28273290	92423
chr7	28180867	28380867	harbor2	chr7	28273802	28273866	DNA/hAT-Charlie	1446	+	32	28273834	92967
chr7	123650345	123850345	harbor2	chr7	123658761	123658931	DNA/hAT-Charlie	621	+	85	123658846	8501
chr7	123650345	123850345	harbor2	chr7	123691341	123691669	DNA/hAT-Charlie	1212	+	164	123691505	41160
chr7	123650345	123850345	harbor2	chr7	123738599	123738737	DNA/hAT-Charlie	451	+	69	123738668	88323
chr7	28372783	28572783	harbor2	chr7	28377200	28377495	DNA/hAT-Charlie	1537	+	148	28377348	4565
chr7	28372783	28572783	harbor2	chr7	28379761	28379898	DNA/hAT-Charlie	625	+	68	28379829	7046
chr7	155252074	155452074	harbor2	chr7	155253439	155253599	DNA/hAT-Charlie	589	+	80	155253519	1445
chr7	155252074	155452074	harbor2	chr7	155276522	155276672	DNA/hAT-Charlie	497	+	75	155276597	24523
chr7	151127410	151327410	harbor2	chr7	151163426	151163743	DNA/hAT-Charlie	1258	+	158	151163584	36174
chr7	151127410	151327410	harbor2	chr7	151183045	151183123	DNA/hAT-Charlie	443	+	39	151183084	55674
chr7	151127410	151327410	harbor2	chr7	151183899	151183971	DNA/hAT-Charlie	527	+	36	151183935	56525
chr7	151127410	151327410	harbor2	chr7	151185094	151185106	DNA/hAT-Charlie	527	+	6	151185100	57690
chr7	151127410	151327410	harbor2	chr7	151185419	151185499	DNA/hAT-Charlie	527	+	40	151185459	58049
chr7	151127410	151327410	harbor2	chr7	151213143	151213325	DNA/hAT-Charlie	890	+	91	151213234	85824
chr7	28082467	28282467	harbor2	chr7	28128168	28128241	DNA/hAT-Charlie	815	+	36	28128204	45737
chr7	28082467	28282467	harbor2	chr7	28128536	28128653	DNA/hAT-Charlie	815	+	58	28128594	46127
chr7	28082467	28282467	harbor2	chr7	28160036	28160248	DNA/hAT-Charlie	701	+	106	28160142	77675
chr7	28082467	28282467	harbor2	chr7	28168039	28168100	DNA/hAT-Charlie	718	+	30	28168069	85602
chr7	28082467	28282467	harbor2	chr7	28168404	28168639	DNA/hAT-Charlie	718	+	118	28168522	86055
chr7	1801802	2001802	harbor2	chr7	1810204	1810449	DNA/hAT-Charlie	603	+	122	1810326	8524
chr7	1801802	2001802	harbor2	chr7	1877177	1877378	DNA/hAT-Charlie	922	+	100	1877277	75475
chr7	151127409	151327409	harbor2	chr7	151163426	151163743	DNA/hAT-Charlie	1258	+	158	151163584	36175
chr7	151127409	151327409	harbor2	chr7	151183045	151183123	DNA/hAT-Charlie	443	+	39	151183084	55675
chr7	151127409	151327409	harbor2	chr7	151183899	151183971	DNA/hAT-Charlie	527	+	36	151183935	56526
chr7	151127409	151327409	harbor2	chr7	151185094	151185106	DNA/hAT-Charlie	527	+	6	151185100	57691
chr7	151127409	151327409	harbor2	chr7	151185419	151185499	DNA/hAT-Charlie	527	+	40	151185459	58050
chr7	151127409	151327409	harbor2	chr7	151213143	151213325	DNA/hAT-Charlie	890	+	91	151213234	85825
chr7	156338633	156538633	harbor2	chr7	156372847	156373041	DNA/hAT-Charlie	887	+	97	156372944	34311
chr7	28082211	28282211	harbor2	chr7	28128168	28128241	DNA/hAT-Charlie	815	+	36	28128204	45993
chr7	28082211	28282211	harbor2	chr7	28128536	28128653	DNA/hAT-Charlie	815	+	58	28128594	46383
chr7	28082211	28282211	harbor2	chr7	28160036	28160248	DNA/hAT-Charlie	701	+	106	28160142	77931
chr7	28082211	28282211	harbor2	chr7	28168039	28168100	DNA/hAT-Charlie	718	+	30	28168069	85858
chr7	28082211	28282211	harbor2	chr7	28168404	28168639	DNA/hAT-Charlie	718	+	118	28168522	86311
chr7	28082118	28282118	harbor2	chr7	28128168	28128241	DNA/hAT-Charlie	815	+	36	28128204	46086
chr7	28082118	28282118	harbor2	chr7	28128536	28128653	DNA/hAT-Charlie	815	+	58	28128594	46476
chr7	28082118	28282118	harbor2	chr7	28160036	28160248	DNA/hAT-Charlie	701	+	106	28160142	78024
chr7	28082118	28282118	harbor2	chr7	28168039	28168100	DNA/hAT-Charlie	718	+	30	28168069	85951
chr7	28082118	28282118	harbor2	chr7	28168404	28168639	DNA/hAT-Charlie	718	+	118	28168522	86404
chr7	113020567	113220567	harbor2	chr7	113028864	113029020	DNA/hAT-Charlie	484	+	78	113028942	8375
chr7	113020567	113220567	harbor2	chr7	113029070	113029834	DNA/hAT-Charlie	2506	+	382	113029452	8885
chr7	113020567	113220567	harbor2	chr7	113039448	113039486	DNA/hAT-Charlie	472	+	19	113039467	18900
chr7	113020567	113220567	harbor2	chr7	113039853	113040085	DNA/hAT-Charlie	472	+	116	113039969	19402
chr7	113020567	113220567	harbor2	chr7	113042433	113042582	DNA/hAT-Charlie	520	+	74	113042507	21940
chr7	113020567	113220567	harbor2	chr7	113115201	113115332	DNA/hAT-Charlie	419	+	66	113115267	94700
chr7	123649503	123849503	harbor2	chr7	123658761	123658931	DNA/hAT-Charlie	621	+	85	123658846	9343
chr7	123649503	123849503	harbor2	chr7	123691341	123691669	DNA/hAT-Charlie	1212	+	164	123691505	42002
chr7	123649503	123849503	harbor2	chr7	123738599	123738737	DNA/hAT-Charlie	451	+	69	123738668	89165
chr7	123649133	123849133	harbor2	chr7	123658761	123658931	DNA/hAT-Charlie	621	+	85	123658846	9713
chr7	123649133	123849133	harbor2	chr7	123691341	123691669	DNA/hAT-Charlie	1212	+	164	123691505	42372
chr7	123649133	123849133	harbor2	chr7	123738599	123738737	DNA/hAT-Charlie	451	+	69	123738668	89535
chr7	1834468	2034468	harbor2	chr7	1877177	1877378	DNA/hAT-Charlie	922	+	100	1877277	42809
chr7	154596511	154796511	harbor2	chr7	154601707	154601914	DNA/hAT-Charlie	778	+	104	154601811	5300
chr7	154596511	154796511	harbor2	chr7	154691184	154691531	DNA/hAT-Charlie	929	+	174	154691358	94847
chr7	155249504	155449504	harbor2	chr7	155253439	155253599	DNA/hAT-Charlie	589	+	80	155253519	4015
chr7	155249504	155449504	harbor2	chr7	155276522	155276672	DNA/hAT-Charlie	497	+	75	155276597	27093
chr7	1801812	2001812	harbor2	chr7	1810204	1810449	DNA/hAT-Charlie	603	+	122	1810326	8514
chr7	1801812	2001812	harbor2	chr7	1877177	1877378	DNA/hAT-Charlie	922	+	100	1877277	75465
chr7	50212359	50412359	harbor2	chr7	50219211	50219336	DNA/hAT-Charlie	562	+	62	50219273	6914
chr7	28082247	28282247	harbor2	chr7	28128168	28128241	DNA/hAT-Charlie	815	+	36	28128204	45957
chr7	28082247	28282247	harbor2	chr7	28128536	28128653	DNA/hAT-Charlie	815	+	58	28128594	46347
chr7	28082247	28282247	harbor2	chr7	28160036	28160248	DNA/hAT-Charlie	701	+	106	28160142	77895
chr7	28082247	28282247	harbor2	chr7	28168039	28168100	DNA/hAT-Charlie	718	+	30	28168069	85822
chr7	28082247	28282247	harbor2	chr7	28168404	28168639	DNA/hAT-Charlie	718	+	118	28168522	86275
chr7	103039312	103239312	harbor2	chr7	103063062	103063179	DNA/hAT-Charlie	819	+	58	103063120	23808
chr7	103039312	103239312	harbor2	chr7	103063497	103063630	DNA/hAT-Charlie	819	+	66	103063563	24251
chr7	150941727	151141727	harbor2	chr7	150960522	150960687	DNA/hAT-Charlie	466	+	82	150960604	18877
chr7	150941727	151141727	harbor2	chr7	151021441	151021650	DNA/hAT-Charlie	613	+	104	151021545	79818
chr7	150941727	151141727	harbor2	chr7	151021949	151021980	DNA/hAT-Charlie	613	+	16	151021965	80238
chr7	80035782	80235782	harbor2	chr7	80088786	80088992	DNA/hAT-Charlie	961	+	103	80088889	53107
chr7	80035782	80235782	harbor2	chr7	80109296	80109460	DNA/hAT-Charlie	793	+	82	80109378	73596
chr7	80035782	80235782	harbor2	chr7	80121151	80121298	DNA/hAT-Charlie	544	+	74	80121225	85443
chr7	80035782	80235782	harbor2	chr7	80121793	80121988	DNA/hAT-Charlie	595	+	98	80121891	86109
chr7	117804099	118004099	harbor2	chr7	117855473	117855670	DNA/hAT-Charlie	813	+	98	117855571	51472
chr7	117804099	118004099	harbor2	chr7	117858693	117859224	DNA/hAT-Charlie	848	+	266	117858959	54860
chr7	117804099	118004099	harbor2	chr7	117861777	117862036	DNA/hAT-Charlie	571	+	130	117861907	57808
chr7	117804099	118004099	harbor2	chr7	117890684	117890904	DNA/hAT-Charlie	878	+	110	117890794	86695
chr7	127247874	127447874	harbor2	chr7	127257161	127257340	DNA/hAT-Charlie	421	+	90	127257251	9377
chr7	127247874	127447874	harbor2	chr7	127337364	127337588	DNA/hAT-Charlie	876	+	112	127337476	89602
chr7	100702691	100902691	harbor2	chr7	100729084	100729212	DNA/hAT-Charlie	431	+	64	100729148	26457
chr7	35945695	36145695	harbor2	chr7	35997714	35997920	DNA/hAT-Charlie	850	+	103	35997817	52122
chr7	127545530	127745530	harbor2	chr7	127548405	127548552	DNA/hAT-Charlie	558	+	74	127548479	2949
chr7	127545530	127745530	harbor2	chr7	127609732	127609915	DNA/hAT-Charlie	795	+	92	127609824	64294
chr7	128101706	128301706	harbor2	chr7	128101665	128101834	DNA/hAT-Charlie	600	+	84	128101749	43
chr7	128101706	128301706	harbor2	chr7	128104830	128104903	DNA/hAT-Charlie	787	+	36	128104866	3160
chr7	128101706	128301706	harbor2	chr7	128105196	128105290	DNA/hAT-Charlie	787	+	47	128105243	3537
chr7	128101706	128301706	harbor2	chr7	128153072	128153265	DNA/hAT-Charlie	1220	+	96	128153168	51462
chr7	128101706	128301706	harbor2	chr7	128153574	128153703	DNA/hAT-Charlie	1220	+	64	128153638	51932
chr7	128101706	128301706	harbor2	chr7	128155924	128156048	DNA/hAT-Charlie	1004	+	62	128155986	54280
chr7	128101706	128301706	harbor2	chr7	128156383	128156427	DNA/hAT-Charlie	1004	+	22	128156405	54699
chr7	128101706	128301706	harbor2	chr7	128156741	128156781	DNA/hAT-Charlie	1004	+	20	128156761	55055
chr7	128101706	128301706	harbor2	chr7	128176043	128176158	DNA/hAT-Charlie	684	+	58	128176101	74395
chr7	128101706	128301706	harbor2	chr7	128178966	128179148	DNA/hAT-Charlie	1433	+	91	128179057	77351
chr7	128101706	128301706	harbor2	chr7	128179455	128179578	DNA/hAT-Charlie	1433	+	62	128179517	77811
chr7	128101706	128301706	harbor2	chr7	128179705	128180120	DNA/hAT-Charlie	1433	+	208	128179913	78207
chr7	123652099	123852099	harbor2	chr7	123658761	123658931	DNA/hAT-Charlie	621	+	85	123658846	6747
chr7	123652099	123852099	harbor2	chr7	123691341	123691669	DNA/hAT-Charlie	1212	+	164	123691505	39406
chr7	123652099	123852099	harbor2	chr7	123738599	123738737	DNA/hAT-Charlie	451	+	69	123738668	86569
chr7	47268443	47468443	harbor2	chr7	47356247	47356364	DNA/hAT-Charlie	444	+	58	47356305	87862
chr7	47268443	47468443	harbor2	chr7	47359610	47359816	DNA/hAT-Charlie	681	+	103	47359713	91270
chr7	1818117	2018117	harbor2	chr7	1877177	1877378	DNA/hAT-Charlie	922	+	100	1877277	59160
chr7	151659928	151859928	harbor2	chr7	151685396	151685487	DNA/hAT-Charlie	568	+	46	151685442	25514
chr7	151659928	151859928	harbor2	chr7	151685785	151685859	DNA/hAT-Charlie	568	+	37	151685822	25894
chr7	151659928	151859928	harbor2	chr7	151700310	151700428	DNA/hAT-Charlie	441	+	59	151700369	40441
chr7	151659928	151859928	harbor2	chr7	151755565	151755758	DNA/hAT-Charlie	820	+	96	151755661	95733
chr7	151659928	151859928	harbor2	chr7	151757741	151757960	DNA/hAT-Charlie	499	+	110	151757851	97923
chr7	123649299	123849299	harbor2	chr7	123658761	123658931	DNA/hAT-Charlie	621	+	85	123658846	9547
chr7	123649299	123849299	harbor2	chr7	123691341	123691669	DNA/hAT-Charlie	1212	+	164	123691505	42206
chr7	123649299	123849299	harbor2	chr7	123738599	123738737	DNA/hAT-Charlie	451	+	69	123738668	89369
chr7	144955897	145155897	harbor2	chr7	144981851	144981999	DNA/hAT-Charlie	679	+	74	144981925	26028
chr7	144955897	145155897	harbor2	chr7	145038228	145038569	DNA/hAT-Charlie	843	+	170	145038398	82501
chr7	144955897	145155897	harbor2	chr7	145047004	145047286	DNA/hAT-Charlie	1163	+	141	145047145	91248
chr7	144955897	145155897	harbor2	chr7	145052047	145052481	DNA/hAT-Charlie	1986	+	217	145052264	96367
chr7	144955897	145155897	harbor2	chr7	145052479	145052771	DNA/hAT-Charlie	1134	+	146	145052625	96728
chr7	28180872	28380872	harbor2	chr7	28204822	28204951	DNA/hAT-Charlie	585	+	64	28204886	24014
chr7	28180872	28380872	harbor2	chr7	28220675	28220853	DNA/hAT-Charlie	1022	+	89	28220764	39892
chr7	28180872	28380872	harbor2	chr7	28273158	28273423	DNA/hAT-Charlie	1446	+	132	28273290	92418
chr7	28180872	28380872	harbor2	chr7	28273802	28273866	DNA/hAT-Charlie	1446	+	32	28273834	92962
chr7	103344727	103544727	harbor2	chr7	103355411	103355635	DNA/hAT-Charlie	926	+	112	103355523	10796
chr7	103344727	103544727	harbor2	chr7	103406975	103407463	DNA/hAT-Charlie	1960	+	244	103407219	62492
chr7	103344727	103544727	harbor2	chr7	103415441	103415585	DNA/hAT-Charlie	737	+	72	103415513	70786
chr7	103344727	103544727	harbor2	chr7	103425282	103425455	DNA/hAT-Charlie	457	+	86	103425368	80641
chr7	105208374	105408374	harbor2	chr7	105234912	105235118	DNA/hAT-Charlie	1368	+	103	105235015	26641
chr7	105208374	105408374	harbor2	chr7	105257404	105257702	DNA/hAT-Charlie	840	+	149	105257553	49179
chr7	155581114	155781114	harbor2	chr7	155625572	155625664	DNA/hAT-Charlie	433	+	46	155625618	44504
chr7	155581114	155781114	harbor2	chr7	155646118	155646299	DNA/hAT-Charlie	731	+	90	155646208	65094
chr7	155581114	155781114	harbor2	chr7	155655459	155655534	DNA/hAT-Charlie	3422	+	38	155655497	74383
chr7	155581114	155781114	harbor2	chr7	155655560	155656796	DNA/hAT-Charlie	3422	+	618	155656178	75064
chr7	155581114	155781114	harbor2	chr7	155664062	155664265	DNA/hAT-Charlie	932	+	102	155664164	83050
chr7	155581114	155781114	harbor2	chr7	155664572	155664730	DNA/hAT-Charlie	932	+	79	155664651	83537
chr7	25329225	25529225	harbor2	chr7	25330626	25330828	DNA/hAT-Charlie	1080	+	101	25330727	1502
chr7	25329225	25529225	harbor2	chr7	25403509	25403891	DNA/hAT-Charlie	863	+	191	25403700	74475
chr7	25329225	25529225	harbor2	chr7	25403893	25404099	DNA/hAT-Charlie	1047	+	103	25403996	74771
chr7	25329225	25529225	harbor2	chr7	25414259	25414434	DNA/hAT-Charlie	705	+	88	25414347	85122
chr7	33803527	34003527	harbor2	chr7	33836632	33836851	DNA/hAT-Charlie	826	+	110	33836742	33215
chr7	33803527	34003527	harbor2	chr7	33864047	33864203	DNA/hAT-Charlie	405	+	78	33864125	60598
chr7	33803527	34003527	harbor2	chr7	33865136	33865294	DNA/hAT-Charlie	713	+	79	33865215	61688
chr7	33803527	34003527	harbor2	chr7	33870556	33871312	DNA/hAT-Charlie	3192	+	378	33870934	67407
chr7	33803527	34003527	harbor2	chr7	33893717	33893886	DNA/hAT-Charlie	489	+	84	33893801	90274
chr7	6062335	6262335	harbor2	chr7	6112656	6112846	DNA/hAT-Charlie	1291	+	95	6112751	50416
chr7	6062335	6262335	harbor2	chr7	6138586	6138905	DNA/hAT-Charlie	2088	+	160	6138746	76411
chr7	6062335	6262335	harbor2	chr7	6158012	6158338	DNA/hAT-Charlie	1016	+	163	6158175	95840
chr7	122786808	122986808	harbor2	chr7	122814439	122814734	DNA/hAT-Charlie	1362	+	148	122814587	27779
chr7	1848490	2048490	harbor2	chr7	1877177	1877378	DNA/hAT-Charlie	922	+	100	1877277	28787
chr7	1313057	1513057	harbor2	chr7	1315376	1315537	DNA/hAT-Charlie	724	+	80	1315456	2399
chr7	1313057	1513057	harbor2	chr7	1315853	1315953	DNA/hAT-Charlie	724	+	50	1315903	2846
chr7	1199588	1399588	harbor2	chr7	1281286	1281514	DNA/hAT-Charlie	644	+	114	1281400	81812
chr7	50204468	50404468	harbor2	chr7	50219211	50219336	DNA/hAT-Charlie	562	+	62	50219273	14805
chr7	75462	275462	harbor2	chr7	93409	93710	DNA/hAT-Charlie	1506	+	150	93559	18097
chr7	108470639	108670639	harbor2	chr7	108474929	108475396	DNA/hAT-Charlie	3214	+	234	108475163	4524
chr7	108470639	108670639	harbor2	chr7	108526799	108527038	DNA/hAT-Charlie	708	+	120	108526919	56280
chr7	108470639	108670639	harbor2	chr7	108551700	108551878	DNA/hAT-Charlie	764	+	89	108551789	81150
chr7	120410021	120610021	harbor2	chr7	120429112	120430023	DNA/hAT-Charlie	2946	+	456	120429568	19547
chr7	120410021	120610021	harbor2	chr7	120430566	120431068	DNA/hAT-Charlie	1534	+	251	120430817	20796
chr7	120410021	120610021	harbor2	chr7	120490181	120490589	DNA/hAT-Charlie	872	+	204	120490385	80364
chr7	124001724	124201724	harbor2	chr7	124057976	124058178	DNA/hAT-Charlie	998	+	101	124058077	56353
chr7	124001724	124201724	harbor2	chr7	124073875	124073960	DNA/hAT-Charlie	404	+	42	124073917	72193
chr7	124001724	124201724	harbor2	chr7	124082867	124083222	DNA/hAT-Charlie	2152	+	178	124083045	81321
chr7	124001724	124201724	harbor2	chr7	124086350	124086580	DNA/hAT-Charlie	513	+	115	124086465	84741
chr7	123649513	123849513	harbor2	chr7	123658761	123658931	DNA/hAT-Charlie	621	+	85	123658846	9333
chr7	123649513	123849513	harbor2	chr7	123691341	123691669	DNA/hAT-Charlie	1212	+	164	123691505	41992
chr7	123649513	123849513	harbor2	chr7	123738599	123738737	DNA/hAT-Charlie	451	+	69	123738668	89155
chr7	90145186	90345186	harbor2	chr7	90154033	90154206	DNA/hAT-Charlie	755	+	86	90154119	8933
chr7	90145186	90345186	harbor2	chr7	90156436	90156776	DNA/hAT-Charlie	2272	+	170	90156606	11420
chr7	90145186	90345186	harbor2	chr7	90172520	90172706	DNA/hAT-Charlie	775	+	93	90172613	27427
chr7	90145186	90345186	harbor2	chr7	90172719	90172913	DNA/hAT-Charlie	1013	+	97	90172816	27630
chr7	90145186	90345186	harbor2	chr7	90216156	90216275	DNA/hAT-Charlie	595	+	60	90216216	71030
chr7	90145186	90345186	harbor2	chr7	90216745	90216926	DNA/hAT-Charlie	570	+	90	90216835	71649
chr7	90145186	90345186	harbor2	chr7	90224649	90224800	DNA/hAT-Charlie	718	+	76	90224725	79539
chr7	90145186	90345186	harbor2	chr7	90241514	90241692	DNA/hAT-Charlie	821	+	89	90241603	96417
chr7	47569738	47769738	harbor2	chr7	47592957	47592979	DNA/hAT-Charlie	409	+	11	47592968	23230
chr7	47569738	47769738	harbor2	chr7	47593273	47593360	DNA/hAT-Charlie	409	+	44	47593317	23579
chr7	28081622	28281622	harbor2	chr7	28128168	28128241	DNA/hAT-Charlie	815	+	36	28128204	46582
chr7	28081622	28281622	harbor2	chr7	28128536	28128653	DNA/hAT-Charlie	815	+	58	28128594	46972
chr7	28081622	28281622	harbor2	chr7	28160036	28160248	DNA/hAT-Charlie	701	+	106	28160142	78520
chr7	28081622	28281622	harbor2	chr7	28168039	28168100	DNA/hAT-Charlie	718	+	30	28168069	86447
chr7	28081622	28281622	harbor2	chr7	28168404	28168639	DNA/hAT-Charlie	718	+	118	28168522	86900
chr7	1801801	2001801	harbor2	chr7	1810204	1810449	DNA/hAT-Charlie	603	+	122	1810326	8525
chr7	1801801	2001801	harbor2	chr7	1877177	1877378	DNA/hAT-Charlie	922	+	100	1877277	75476
chr7	123649217	123849217	harbor2	chr7	123658761	123658931	DNA/hAT-Charlie	621	+	85	123658846	9629
chr7	123649217	123849217	harbor2	chr7	123691341	123691669	DNA/hAT-Charlie	1212	+	164	123691505	42288
chr7	123649217	123849217	harbor2	chr7	123738599	123738737	DNA/hAT-Charlie	451	+	69	123738668	89451
chr7	155197380	155397380	harbor2	chr7	155204985	155205258	DNA/hAT-Charlie	914	+	136	155205121	7741
chr7	155197380	155397380	harbor2	chr7	155230015	155230187	DNA/hAT-Charlie	585	+	86	155230101	32721
chr7	155197380	155397380	harbor2	chr7	155253439	155253599	DNA/hAT-Charlie	589	+	80	155253519	56139
chr7	155197380	155397380	harbor2	chr7	155276522	155276672	DNA/hAT-Charlie	497	+	75	155276597	79217
chr7	17290481	17490481	harbor2	chr7	17294148	17294271	DNA/hAT-Charlie	484	+	62	17294210	3729
chr7	17290481	17490481	harbor2	chr7	17311936	17312051	DNA/hAT-Charlie	629	+	58	17311994	21513
chr7	17290481	17490481	harbor2	chr7	17317607	17317780	DNA/hAT-Charlie	713	+	86	17317693	27212
chr7	17290481	17490481	harbor2	chr7	17341564	17341867	DNA/hAT-Charlie	883	+	152	17341716	51235
chr7	17290481	17490481	harbor2	chr7	17364524	17364778	DNA/hAT-Charlie	768	+	127	17364651	74170
chr7	17290481	17490481	harbor2	chr7	17374639	17374768	DNA/hAT-Charlie	408	+	64	17374703	84222
chr7	17290481	17490481	harbor2	chr7	17389761	17389978	DNA/hAT-Charlie	815	+	108	17389869	99388
chr7	32629540	32829540	harbor2	chr7	32636195	32636439	DNA/hAT-Charlie	580	+	122	32636317	6777
chr7	28134889	28334889	harbor2	chr7	28160036	28160248	DNA/hAT-Charlie	701	+	106	28160142	25253
chr7	28134889	28334889	harbor2	chr7	28168039	28168100	DNA/hAT-Charlie	718	+	30	28168069	33180
chr7	28134889	28334889	harbor2	chr7	28168404	28168639	DNA/hAT-Charlie	718	+	118	28168522	33633
chr7	28134889	28334889	harbor2	chr7	28204822	28204951	DNA/hAT-Charlie	585	+	64	28204886	69997
chr7	28134889	28334889	harbor2	chr7	28220675	28220853	DNA/hAT-Charlie	1022	+	89	28220764	85875
chr7	6060392	6260392	harbor2	chr7	6112656	6112846	DNA/hAT-Charlie	1291	+	95	6112751	52359
chr7	6060392	6260392	harbor2	chr7	6138586	6138905	DNA/hAT-Charlie	2088	+	160	6138746	78354
chr7	6060392	6260392	harbor2	chr7	6158012	6158338	DNA/hAT-Charlie	1016	+	163	6158175	97783
chr7	141412330	141612330	harbor2	chr7	141440298	141440401	DNA/hAT-Charlie	464	+	52	141440350	28020
chr7	141412330	141612330	harbor2	chr7	141463171	141463321	DNA/hAT-Charlie	415	+	75	141463246	50916
chr7	141412330	141612330	harbor2	chr7	141468191	141468328	DNA/hAT-Charlie	691	+	68	141468259	55929
chr7	141412330	141612330	harbor2	chr7	141484337	141484484	DNA/hAT-Charlie	771	+	74	141484411	72081
chr7	30979520	31179520	harbor2	chr7	31030628	31030839	DNA/hAT-Charlie	884	+	106	31030734	51214
chr7	30979520	31179520	harbor2	chr7	31031360	31031412	DNA/hAT-Charlie	1119	+	26	31031386	51866
chr7	30979520	31179520	harbor2	chr7	31031703	31031930	DNA/hAT-Charlie	1119	+	114	31031817	52297
chr7	30979520	31179520	harbor2	chr7	31037361	31037525	DNA/hAT-Charlie	741	+	82	31037443	57923
chr7	30979520	31179520	harbor2	chr7	31049130	31049309	DNA/hAT-Charlie	619	+	90	31049220	69700
chr7	30979520	31179520	harbor2	chr7	31066599	31066767	DNA/hAT-Charlie	652	+	84	31066683	87163
chr7	30979520	31179520	harbor2	chr7	31068984	31069143	DNA/hAT-Charlie	433	+	80	31069064	89544
chr7	30582772	30782772	harbor2	chr7	30596964	30597508	DNA/hAT-Charlie	2465	+	272	30597236	14464
chr7	30582772	30782772	harbor2	chr7	30610083	30610283	DNA/hAT-Charlie	972	+	100	30610183	27411
chr7	30582772	30782772	harbor2	chr7	30624000	30624220	DNA/hAT-Charlie	1504	+	110	30624110	41338
chr7	30582772	30782772	harbor2	chr7	30633170	30633365	DNA/hAT-Charlie	839	+	98	30633268	50496
chr7	30582772	30782772	harbor2	chr7	30650926	30651636	DNA/hAT-Charlie	1809	+	355	30651281	68509
chr7	30582772	30782772	harbor2	chr7	30651867	30652110	DNA/hAT-Charlie	976	+	122	30651989	69217
chr7	30582772	30782772	harbor2	chr7	30662944	30663293	DNA/hAT-Charlie	802	+	174	30663118	80346
chr7	252668	452668	harbor2	chr7	310075	310267	DNA/hAT-Charlie	703	+	96	310171	57503
chr7	252668	452668	harbor2	chr7	323841	324047	DNA/hAT-Charlie	509	+	103	323944	71276
chr7	157237066	157437066	harbor2	chr7	157239954	157240071	DNA/hAT-Charlie	830	+	58	157240012	2946
chr7	157237066	157437066	harbor2	chr7	157240355	157240422	DNA/hAT-Charlie	830	+	34	157240389	3323
chr7	157237066	157437066	harbor2	chr7	157259099	157259240	DNA/hAT-Charlie	586	+	70	157259169	22103
chr7	44014529	44214529	harbor2	chr7	44017491	44017663	DNA/hAT-Charlie	878	+	86	44017577	3048
chr7	28110637	28310637	harbor2	chr7	28128168	28128241	DNA/hAT-Charlie	815	+	36	28128204	17567
chr7	28110637	28310637	harbor2	chr7	28128536	28128653	DNA/hAT-Charlie	815	+	58	28128594	17957
chr7	28110637	28310637	harbor2	chr7	28160036	28160248	DNA/hAT-Charlie	701	+	106	28160142	49505
chr7	28110637	28310637	harbor2	chr7	28168039	28168100	DNA/hAT-Charlie	718	+	30	28168069	57432
chr7	28110637	28310637	harbor2	chr7	28168404	28168639	DNA/hAT-Charlie	718	+	118	28168522	57885
chr7	28110637	28310637	harbor2	chr7	28204822	28204951	DNA/hAT-Charlie	585	+	64	28204886	94249
chr7	140418858	140618858	harbor2	chr7	140422506	140422598	DNA/hAT-Charlie	464	+	46	140422552	3694
chr7	140418858	140618858	harbor2	chr7	140448924	140449012	DNA/hAT-Charlie	464	+	44	140448968	30110
chr7	122791479	122991479	harbor2	chr7	122814439	122814734	DNA/hAT-Charlie	1362	+	148	122814587	23108
chr7	90112558	90312558	harbor2	chr7	90154033	90154206	DNA/hAT-Charlie	755	+	86	90154119	41561
chr7	90112558	90312558	harbor2	chr7	90156436	90156776	DNA/hAT-Charlie	2272	+	170	90156606	44048
chr7	90112558	90312558	harbor2	chr7	90172520	90172706	DNA/hAT-Charlie	775	+	93	90172613	60055
chr7	90112558	90312558	harbor2	chr7	90172719	90172913	DNA/hAT-Charlie	1013	+	97	90172816	60258
chr7	1802460	2002460	harbor2	chr7	1810204	1810449	DNA/hAT-Charlie	603	+	122	1810326	7866
chr7	1802460	2002460	harbor2	chr7	1877177	1877378	DNA/hAT-Charlie	922	+	100	1877277	74817
chr7	123649203	123849203	harbor2	chr7	123658761	123658931	DNA/hAT-Charlie	621	+	85	123658846	9643
chr7	123649203	123849203	harbor2	chr7	123691341	123691669	DNA/hAT-Charlie	1212	+	164	123691505	42302
chr7	123649203	123849203	harbor2	chr7	123738599	123738737	DNA/hAT-Charlie	451	+	69	123738668	89465
chr7	1801793	2001793	harbor2	chr7	1810204	1810449	DNA/hAT-Charlie	603	+	122	1810326	8533
chr7	1801793	2001793	harbor2	chr7	1877177	1877378	DNA/hAT-Charlie	922	+	100	1877277	75484
chr7	130248133	130448133	harbor2	chr7	130303343	130303605	DNA/hAT-Charlie	500	+	131	130303474	55341
chr7	130248133	130448133	harbor2	chr7	130332785	130332937	DNA/hAT-Charlie	600	+	76	130332861	84728
chr7	130248133	130448133	harbor2	chr7	130332989	130333151	DNA/hAT-Charlie	483	+	81	130333070	84937
chr7	1801817	2001817	harbor2	chr7	1810204	1810449	DNA/hAT-Charlie	603	+	122	1810326	8509
chr7	1801817	2001817	harbor2	chr7	1877177	1877378	DNA/hAT-Charlie	922	+	100	1877277	75460
chr7	123649200	123849200	harbor2	chr7	123658761	123658931	DNA/hAT-Charlie	621	+	85	123658846	9646
chr7	123649200	123849200	harbor2	chr7	123691341	123691669	DNA/hAT-Charlie	1212	+	164	123691505	42305
chr7	123649200	123849200	harbor2	chr7	123738599	123738737	DNA/hAT-Charlie	451	+	69	123738668	89468
chr7	126687671	126887671	harbor2	chr7	126732895	126733122	DNA/hAT-Charlie	1371	+	114	126733009	45338
chr7	126687671	126887671	harbor2	chr7	126743763	126745147	DNA/hAT-Charlie	4370	+	692	126744455	56784
chr7	1802784	2002784	harbor2	chr7	1810204	1810449	DNA/hAT-Charlie	603	+	122	1810326	7542
chr7	1802784	2002784	harbor2	chr7	1877177	1877378	DNA/hAT-Charlie	922	+	100	1877277	74493
chr7	50204831	50404831	harbor2	chr7	50219211	50219336	DNA/hAT-Charlie	562	+	62	50219273	14442
chr7	47361225	47561225	harbor2	chr7	47423603	47423766	DNA/hAT-Charlie	723	+	82	47423685	62460
chr7	47361225	47561225	harbor2	chr7	47429073	47429372	DNA/hAT-Charlie	909	+	150	47429223	67998
chr7	47361225	47561225	harbor2	chr7	47429675	47429711	DNA/hAT-Charlie	909	+	18	47429693	68468
chr7	1813377	2013377	harbor2	chr7	1877177	1877378	DNA/hAT-Charlie	922	+	100	1877277	63900
chr8	38171447	38371447	harbor2	chr8	38180680	38180835	DNA/hAT-Charlie	811	+	78	38180758	9311
chr8	38171447	38371447	harbor2	chr8	38227898	38228102	DNA/hAT-Charlie	778	+	102	38228000	56553
chr8	38171447	38371447	harbor2	chr8	38229016	38229501	DNA/hAT-Charlie	2335	+	242	38229258	57811
chr8	23428835	23628835	harbor2	chr8	23433605	23434009	DNA/hAT-Charlie	1649	+	202	23433807	4972
chr8	23428835	23628835	harbor2	chr8	23508419	23508518	DNA/hAT-Charlie	511	+	50	23508469	79634
chr8	23428835	23628835	harbor2	chr8	23512241	23512398	DNA/hAT-Charlie	723	+	78	23512319	83484
chr8	23428835	23628835	harbor2	chr8	23512395	23512524	DNA/hAT-Charlie	723	+	64	23512459	83624
chr8	23428835	23628835	harbor2	chr8	23514644	23514749	DNA/hAT-Charlie	621	+	52	23514696	85861
chr8	38170645	38370645	harbor2	chr8	38180680	38180835	DNA/hAT-Charlie	811	+	78	38180758	10113
chr8	38170645	38370645	harbor2	chr8	38227898	38228102	DNA/hAT-Charlie	778	+	102	38228000	57355
chr8	38170645	38370645	harbor2	chr8	38229016	38229501	DNA/hAT-Charlie	2335	+	242	38229258	58613
chr8	23428830	23628830	harbor2	chr8	23433605	23434009	DNA/hAT-Charlie	1649	+	202	23433807	4977
chr8	23428830	23628830	harbor2	chr8	23508419	23508518	DNA/hAT-Charlie	511	+	50	23508469	79639
chr8	23428830	23628830	harbor2	chr8	23512241	23512398	DNA/hAT-Charlie	723	+	78	23512319	83489
chr8	23428830	23628830	harbor2	chr8	23512395	23512524	DNA/hAT-Charlie	723	+	64	23512459	83629
chr8	23428830	23628830	harbor2	chr8	23514644	23514749	DNA/hAT-Charlie	621	+	52	23514696	85866
chr8	23428848	23628848	harbor2	chr8	23433605	23434009	DNA/hAT-Charlie	1649	+	202	23433807	4959
chr8	23428848	23628848	harbor2	chr8	23508419	23508518	DNA/hAT-Charlie	511	+	50	23508469	79621
chr8	23428848	23628848	harbor2	chr8	23512241	23512398	DNA/hAT-Charlie	723	+	78	23512319	83471
chr8	23428848	23628848	harbor2	chr8	23512395	23512524	DNA/hAT-Charlie	723	+	64	23512459	83611
chr8	23428848	23628848	harbor2	chr8	23514644	23514749	DNA/hAT-Charlie	621	+	52	23514696	85848
chr8	23428832	23628832	harbor2	chr8	23433605	23434009	DNA/hAT-Charlie	1649	+	202	23433807	4975
chr8	23428832	23628832	harbor2	chr8	23508419	23508518	DNA/hAT-Charlie	511	+	50	23508469	79637
chr8	23428832	23628832	harbor2	chr8	23512241	23512398	DNA/hAT-Charlie	723	+	78	23512319	83487
chr8	23428832	23628832	harbor2	chr8	23512395	23512524	DNA/hAT-Charlie	723	+	64	23512459	83627
chr8	23428832	23628832	harbor2	chr8	23514644	23514749	DNA/hAT-Charlie	621	+	52	23514696	85864
chr8	29983316	30183316	harbor2	chr8	30068131	30068649	DNA/hAT-Charlie	3569	+	259	30068390	85074
chr8	29983316	30183316	harbor2	chr8	30081472	30081633	DNA/hAT-Charlie	450	+	80	30081552	98236
chr8	23430921	23630921	harbor2	chr8	23433605	23434009	DNA/hAT-Charlie	1649	+	202	23433807	2886
chr8	23430921	23630921	harbor2	chr8	23508419	23508518	DNA/hAT-Charlie	511	+	50	23508469	77548
chr8	23430921	23630921	harbor2	chr8	23512241	23512398	DNA/hAT-Charlie	723	+	78	23512319	81398
chr8	23430921	23630921	harbor2	chr8	23512395	23512524	DNA/hAT-Charlie	723	+	64	23512459	81538
chr8	23430921	23630921	harbor2	chr8	23514644	23514749	DNA/hAT-Charlie	621	+	52	23514696	83775
chr8	85146187	85346187	harbor2	chr8	85159829	85160040	DNA/hAT-Charlie	850	+	106	85159935	13748
chr8	85146187	85346187	harbor2	chr8	85167608	85167710	DNA/hAT-Charlie	513	+	51	85167659	21472
chr8	85146187	85346187	harbor2	chr8	85168008	85168067	DNA/hAT-Charlie	513	+	30	85168038	21851
chr8	85146187	85346187	harbor2	chr8	85223835	85224142	DNA/hAT-Charlie	1291	+	154	85223989	77802
chr8	85146187	85346187	harbor2	chr8	85233279	85233419	DNA/hAT-Charlie	703	+	70	85233349	87162
chr8	85146187	85346187	harbor2	chr8	85234618	85234770	DNA/hAT-Charlie	512	+	76	85234694	88507
chr8	23430734	23630734	harbor2	chr8	23433605	23434009	DNA/hAT-Charlie	1649	+	202	23433807	3073
chr8	23430734	23630734	harbor2	chr8	23508419	23508518	DNA/hAT-Charlie	511	+	50	23508469	77735
chr8	23430734	23630734	harbor2	chr8	23512241	23512398	DNA/hAT-Charlie	723	+	78	23512319	81585
chr8	23430734	23630734	harbor2	chr8	23512395	23512524	DNA/hAT-Charlie	723	+	64	23512459	81725
chr8	23430734	23630734	harbor2	chr8	23514644	23514749	DNA/hAT-Charlie	621	+	52	23514696	83962
chr8	600247	800247	harbor2	chr8	632782	632971	DNA/hAT-Charlie	637	+	94	632876	32629
chr8	100622149	100822149	harbor2	chr8	100636424	100636712	DNA/hAT-Charlie	1705	+	144	100636568	14419
chr8	100622149	100822149	harbor2	chr8	100637021	100637057	DNA/hAT-Charlie	1705	+	18	100637039	14890
chr8	100622149	100822149	harbor2	chr8	100666242	100666889	DNA/hAT-Charlie	2361	+	324	100666566	44417
chr8	100622149	100822149	harbor2	chr8	100671473	100671635	DNA/hAT-Charlie	691	+	81	100671554	49405
chr8	100622149	100822149	harbor2	chr8	100703410	100703619	DNA/hAT-Charlie	630	+	104	100703514	81365
chr8	104366653	104566653	harbor2	chr8	104404692	104404910	DNA/hAT-Charlie	1170	+	109	104404801	38148
chr8	104366653	104566653	harbor2	chr8	104449413	104449514	DNA/hAT-Charlie	640	+	50	104449463	82810
chr8	104366653	104566653	harbor2	chr8	104449963	104450045	DNA/hAT-Charlie	640	+	41	104450004	83351
chr8	23429310	23629310	harbor2	chr8	23433605	23434009	DNA/hAT-Charlie	1649	+	202	23433807	4497
chr8	23429310	23629310	harbor2	chr8	23508419	23508518	DNA/hAT-Charlie	511	+	50	23508469	79159
chr8	23429310	23629310	harbor2	chr8	23512241	23512398	DNA/hAT-Charlie	723	+	78	23512319	83009
chr8	23429310	23629310	harbor2	chr8	23512395	23512524	DNA/hAT-Charlie	723	+	64	23512459	83149
chr8	23429310	23629310	harbor2	chr8	23514644	23514749	DNA/hAT-Charlie	621	+	52	23514696	85386
chr8	38169609	38369609	harbor2	chr8	38180680	38180835	DNA/hAT-Charlie	811	+	78	38180758	11149
chr8	38169609	38369609	harbor2	chr8	38227898	38228102	DNA/hAT-Charlie	778	+	102	38228000	58391
chr8	38169609	38369609	harbor2	chr8	38229016	38229501	DNA/hAT-Charlie	2335	+	242	38229258	59649
chr8	23428822	23628822	harbor2	chr8	23433605	23434009	DNA/hAT-Charlie	1649	+	202	23433807	4985
chr8	23428822	23628822	harbor2	chr8	23508419	23508518	DNA/hAT-Charlie	511	+	50	23508469	79647
chr8	23428822	23628822	harbor2	chr8	23512241	23512398	DNA/hAT-Charlie	723	+	78	23512319	83497
chr8	23428822	23628822	harbor2	chr8	23512395	23512524	DNA/hAT-Charlie	723	+	64	23512459	83637
chr8	23428822	23628822	harbor2	chr8	23514644	23514749	DNA/hAT-Charlie	621	+	52	23514696	85874
chr8	38169193	38369193	harbor2	chr8	38180680	38180835	DNA/hAT-Charlie	811	+	78	38180758	11565
chr8	38169193	38369193	harbor2	chr8	38227898	38228102	DNA/hAT-Charlie	778	+	102	38228000	58807
chr8	38169193	38369193	harbor2	chr8	38229016	38229501	DNA/hAT-Charlie	2335	+	242	38229258	60065
chr8	143729578	143929578	harbor2	chr8	143761389	143761487	DNA/hAT-Charlie	488	+	49	143761438	31860
chr8	143729578	143929578	harbor2	chr8	143761737	143762154	DNA/hAT-Charlie	488	+	208	143761945	32367
chr8	23428834	23628834	harbor2	chr8	23433605	23434009	DNA/hAT-Charlie	1649	+	202	23433807	4973
chr8	23428834	23628834	harbor2	chr8	23508419	23508518	DNA/hAT-Charlie	511	+	50	23508469	79635
chr8	23428834	23628834	harbor2	chr8	23512241	23512398	DNA/hAT-Charlie	723	+	78	23512319	83485
chr8	23428834	23628834	harbor2	chr8	23512395	23512524	DNA/hAT-Charlie	723	+	64	23512459	83625
chr8	23428834	23628834	harbor2	chr8	23514644	23514749	DNA/hAT-Charlie	621	+	52	23514696	85862
chr8	42041484	42241484	harbor2	chr8	42122180	42122279	DNA/hAT-Charlie	489	+	50	42122230	80746
chr8	38171509	38371509	harbor2	chr8	38180680	38180835	DNA/hAT-Charlie	811	+	78	38180758	9249
chr8	38171509	38371509	harbor2	chr8	38227898	38228102	DNA/hAT-Charlie	778	+	102	38228000	56491
chr8	38171509	38371509	harbor2	chr8	38229016	38229501	DNA/hAT-Charlie	2335	+	242	38229258	57749
chr8	23430616	23630616	harbor2	chr8	23433605	23434009	DNA/hAT-Charlie	1649	+	202	23433807	3191
chr8	23430616	23630616	harbor2	chr8	23508419	23508518	DNA/hAT-Charlie	511	+	50	23508469	77853
chr8	23430616	23630616	harbor2	chr8	23512241	23512398	DNA/hAT-Charlie	723	+	78	23512319	81703
chr8	23430616	23630616	harbor2	chr8	23512395	23512524	DNA/hAT-Charlie	723	+	64	23512459	81843
chr8	23430616	23630616	harbor2	chr8	23514644	23514749	DNA/hAT-Charlie	621	+	52	23514696	84080
chr8	141208447	141408447	harbor2	chr8	141215180	141215412	DNA/hAT-Charlie	540	+	116	141215296	6849
chr8	141208447	141408447	harbor2	chr8	141257654	141257870	DNA/hAT-Charlie	828	+	108	141257762	49315
chr8	141208447	141408447	harbor2	chr8	141302000	141302256	DNA/hAT-Charlie	597	+	128	141302128	93681
chr8	23428887	23628887	harbor2	chr8	23433605	23434009	DNA/hAT-Charlie	1649	+	202	23433807	4920
chr8	23428887	23628887	harbor2	chr8	23508419	23508518	DNA/hAT-Charlie	511	+	50	23508469	79582
chr8	23428887	23628887	harbor2	chr8	23512241	23512398	DNA/hAT-Charlie	723	+	78	23512319	83432
chr8	23428887	23628887	harbor2	chr8	23512395	23512524	DNA/hAT-Charlie	723	+	64	23512459	83572
chr8	23428887	23628887	harbor2	chr8	23514644	23514749	DNA/hAT-Charlie	621	+	52	23514696	85809
chr8	23428847	23628847	harbor2	chr8	23433605	23434009	DNA/hAT-Charlie	1649	+	202	23433807	4960
chr8	23428847	23628847	harbor2	chr8	23508419	23508518	DNA/hAT-Charlie	511	+	50	23508469	79622
chr8	23428847	23628847	harbor2	chr8	23512241	23512398	DNA/hAT-Charlie	723	+	78	23512319	83472
chr8	23428847	23628847	harbor2	chr8	23512395	23512524	DNA/hAT-Charlie	723	+	64	23512459	83612
chr8	23428847	23628847	harbor2	chr8	23514644	23514749	DNA/hAT-Charlie	621	+	52	23514696	85849
chr8	129916351	130116351	harbor2	chr8	129982258	129982459	DNA/hAT-Charlie	1139	+	100	129982358	66007
chr8	23429171	23629171	harbor2	chr8	23433605	23434009	DNA/hAT-Charlie	1649	+	202	23433807	4636
chr8	23429171	23629171	harbor2	chr8	23508419	23508518	DNA/hAT-Charlie	511	+	50	23508469	79298
chr8	23429171	23629171	harbor2	chr8	23512241	23512398	DNA/hAT-Charlie	723	+	78	23512319	83148
chr8	23429171	23629171	harbor2	chr8	23512395	23512524	DNA/hAT-Charlie	723	+	64	23512459	83288
chr8	23429171	23629171	harbor2	chr8	23514644	23514749	DNA/hAT-Charlie	621	+	52	23514696	85525
chr8	23428810	23628810	harbor2	chr8	23433605	23434009	DNA/hAT-Charlie	1649	+	202	23433807	4997
chr8	23428810	23628810	harbor2	chr8	23508419	23508518	DNA/hAT-Charlie	511	+	50	23508469	79659
chr8	23428810	23628810	harbor2	chr8	23512241	23512398	DNA/hAT-Charlie	723	+	78	23512319	83509
chr8	23428810	23628810	harbor2	chr8	23512395	23512524	DNA/hAT-Charlie	723	+	64	23512459	83649
chr8	23428810	23628810	harbor2	chr8	23514644	23514749	DNA/hAT-Charlie	621	+	52	23514696	85886
chr8	23428878	23628878	harbor2	chr8	23433605	23434009	DNA/hAT-Charlie	1649	+	202	23433807	4929
chr8	23428878	23628878	harbor2	chr8	23508419	23508518	DNA/hAT-Charlie	511	+	50	23508469	79591
chr8	23428878	23628878	harbor2	chr8	23512241	23512398	DNA/hAT-Charlie	723	+	78	23512319	83441
chr8	23428878	23628878	harbor2	chr8	23512395	23512524	DNA/hAT-Charlie	723	+	64	23512459	83581
chr8	23428878	23628878	harbor2	chr8	23514644	23514749	DNA/hAT-Charlie	621	+	52	23514696	85818
chr8	42353851	42553851	harbor2	chr8	42408391	42408535	DNA/hAT-Charlie	621	+	72	42408463	54612
chr8	96337693	96537693	harbor2	chr8	96357009	96357742	DNA/hAT-Charlie	1895	+	366	96357375	19682
chr8	96337693	96537693	harbor2	chr8	96375162	96375838	DNA/hAT-Charlie	1937	+	338	96375500	37807
chr8	96337693	96537693	harbor2	chr8	96376196	96376289	DNA/hAT-Charlie	496	+	46	96376242	38549
chr8	96337693	96537693	harbor2	chr8	96410721	96410788	DNA/hAT-Charlie	552	+	34	96410755	73062
chr8	96337693	96537693	harbor2	chr8	96411110	96411219	DNA/hAT-Charlie	552	+	54	96411164	73471
chr8	38191547	38391547	harbor2	chr8	38227898	38228102	DNA/hAT-Charlie	778	+	102	38228000	36453
chr8	38191547	38391547	harbor2	chr8	38229016	38229501	DNA/hAT-Charlie	2335	+	242	38229258	37711
chr8	57813008	58013008	harbor2	chr8	57824002	57824191	DNA/hAT-Charlie	928	+	94	57824096	11088
chr8	57813008	58013008	harbor2	chr8	57859500	57859774	DNA/hAT-Charlie	715	+	137	57859637	46629
chr8	57813008	58013008	harbor2	chr8	57881773	57882112	DNA/hAT-Charlie	2143	+	170	57881943	68935
chr8	57813008	58013008	harbor2	chr8	57897968	57898151	DNA/hAT-Charlie	794	+	92	57898060	85052
chr8	23430801	23630801	harbor2	chr8	23433605	23434009	DNA/hAT-Charlie	1649	+	202	23433807	3006
chr8	23430801	23630801	harbor2	chr8	23508419	23508518	DNA/hAT-Charlie	511	+	50	23508469	77668
chr8	23430801	23630801	harbor2	chr8	23512241	23512398	DNA/hAT-Charlie	723	+	78	23512319	81518
chr8	23430801	23630801	harbor2	chr8	23512395	23512524	DNA/hAT-Charlie	723	+	64	23512459	81658
chr8	23430801	23630801	harbor2	chr8	23514644	23514749	DNA/hAT-Charlie	621	+	52	23514696	83895
chr8	23428837	23628837	harbor2	chr8	23433605	23434009	DNA/hAT-Charlie	1649	+	202	23433807	4970
chr8	23428837	23628837	harbor2	chr8	23508419	23508518	DNA/hAT-Charlie	511	+	50	23508469	79632
chr8	23428837	23628837	harbor2	chr8	23512241	23512398	DNA/hAT-Charlie	723	+	78	23512319	83482
chr8	23428837	23628837	harbor2	chr8	23512395	23512524	DNA/hAT-Charlie	723	+	64	23512459	83622
chr8	23428837	23628837	harbor2	chr8	23514644	23514749	DNA/hAT-Charlie	621	+	52	23514696	85859
chr8	23428831	23628831	harbor2	chr8	23433605	23434009	DNA/hAT-Charlie	1649	+	202	23433807	4976
chr8	23428831	23628831	harbor2	chr8	23508419	23508518	DNA/hAT-Charlie	511	+	50	23508469	79638
chr8	23428831	23628831	harbor2	chr8	23512241	23512398	DNA/hAT-Charlie	723	+	78	23512319	83488
chr8	23428831	23628831	harbor2	chr8	23512395	23512524	DNA/hAT-Charlie	723	+	64	23512459	83628
chr8	23428831	23628831	harbor2	chr8	23514644	23514749	DNA/hAT-Charlie	621	+	52	23514696	85865
chr8	38169189	38369189	harbor2	chr8	38180680	38180835	DNA/hAT-Charlie	811	+	78	38180758	11569
chr8	38169189	38369189	harbor2	chr8	38227898	38228102	DNA/hAT-Charlie	778	+	102	38228000	58811
chr8	38169189	38369189	harbor2	chr8	38229016	38229501	DNA/hAT-Charlie	2335	+	242	38229258	60069
chr8	38178632	38378632	harbor2	chr8	38180680	38180835	DNA/hAT-Charlie	811	+	78	38180758	2126
chr8	38178632	38378632	harbor2	chr8	38227898	38228102	DNA/hAT-Charlie	778	+	102	38228000	49368
chr8	38178632	38378632	harbor2	chr8	38229016	38229501	DNA/hAT-Charlie	2335	+	242	38229258	50626
chr8	23430721	23630721	harbor2	chr8	23433605	23434009	DNA/hAT-Charlie	1649	+	202	23433807	3086
chr8	23430721	23630721	harbor2	chr8	23508419	23508518	DNA/hAT-Charlie	511	+	50	23508469	77748
chr8	23430721	23630721	harbor2	chr8	23512241	23512398	DNA/hAT-Charlie	723	+	78	23512319	81598
chr8	23430721	23630721	harbor2	chr8	23512395	23512524	DNA/hAT-Charlie	723	+	64	23512459	81738
chr8	23430721	23630721	harbor2	chr8	23514644	23514749	DNA/hAT-Charlie	621	+	52	23514696	83975
chr8	23123866	23323866	harbor2	chr8	23197358	23197768	DNA/hAT-Charlie	2947	+	205	23197563	73697
chr8	23428811	23628811	harbor2	chr8	23433605	23434009	DNA/hAT-Charlie	1649	+	202	23433807	4996
chr8	23428811	23628811	harbor2	chr8	23508419	23508518	DNA/hAT-Charlie	511	+	50	23508469	79658
chr8	23428811	23628811	harbor2	chr8	23512241	23512398	DNA/hAT-Charlie	723	+	78	23512319	83508
chr8	23428811	23628811	harbor2	chr8	23512395	23512524	DNA/hAT-Charlie	723	+	64	23512459	83648
chr8	23428811	23628811	harbor2	chr8	23514644	23514749	DNA/hAT-Charlie	621	+	52	23514696	85885
chr8	108431293	108631293	harbor2	chr8	108431439	108431664	DNA/hAT-Charlie	506	+	112	108431551	258
chr8	108431293	108631293	harbor2	chr8	108473890	108473976	DNA/hAT-Charlie	508	+	43	108473933	42640
chr8	108431293	108631293	harbor2	chr8	108488769	108488885	DNA/hAT-Charlie	473	+	58	108488827	57534
chr8	108431293	108631293	harbor2	chr8	108493376	108493534	DNA/hAT-Charlie	657	+	79	108493455	62162
chr8	38171668	38371668	harbor2	chr8	38180680	38180835	DNA/hAT-Charlie	811	+	78	38180758	9090
chr8	38171668	38371668	harbor2	chr8	38227898	38228102	DNA/hAT-Charlie	778	+	102	38228000	56332
chr8	38171668	38371668	harbor2	chr8	38229016	38229501	DNA/hAT-Charlie	2335	+	242	38229258	57590
chr8	42040637	42240637	harbor2	chr8	42122180	42122279	DNA/hAT-Charlie	489	+	50	42122230	81593
chr8	66086821	66286821	harbor2	chr8	66117352	66117499	DNA/hAT-Charlie	515	+	74	66117426	30605
chr8	23428838	23628838	harbor2	chr8	23433605	23434009	DNA/hAT-Charlie	1649	+	202	23433807	4969
chr8	23428838	23628838	harbor2	chr8	23508419	23508518	DNA/hAT-Charlie	511	+	50	23508469	79631
chr8	23428838	23628838	harbor2	chr8	23512241	23512398	DNA/hAT-Charlie	723	+	78	23512319	83481
chr8	23428838	23628838	harbor2	chr8	23512395	23512524	DNA/hAT-Charlie	723	+	64	23512459	83621
chr8	23428838	23628838	harbor2	chr8	23514644	23514749	DNA/hAT-Charlie	621	+	52	23514696	85858
chr8	23429250	23629250	harbor2	chr8	23433605	23434009	DNA/hAT-Charlie	1649	+	202	23433807	4557
chr8	23429250	23629250	harbor2	chr8	23508419	23508518	DNA/hAT-Charlie	511	+	50	23508469	79219
chr8	23429250	23629250	harbor2	chr8	23512241	23512398	DNA/hAT-Charlie	723	+	78	23512319	83069
chr8	23429250	23629250	harbor2	chr8	23512395	23512524	DNA/hAT-Charlie	723	+	64	23512459	83209
chr8	23429250	23629250	harbor2	chr8	23514644	23514749	DNA/hAT-Charlie	621	+	52	23514696	85446
chr8	141208443	141408443	harbor2	chr8	141215180	141215412	DNA/hAT-Charlie	540	+	116	141215296	6853
chr8	141208443	141408443	harbor2	chr8	141257654	141257870	DNA/hAT-Charlie	828	+	108	141257762	49319
chr8	141208443	141408443	harbor2	chr8	141302000	141302256	DNA/hAT-Charlie	597	+	128	141302128	93685
chr8	23428888	23628888	harbor2	chr8	23433605	23434009	DNA/hAT-Charlie	1649	+	202	23433807	4919
chr8	23428888	23628888	harbor2	chr8	23508419	23508518	DNA/hAT-Charlie	511	+	50	23508469	79581
chr8	23428888	23628888	harbor2	chr8	23512241	23512398	DNA/hAT-Charlie	723	+	78	23512319	83431
chr8	23428888	23628888	harbor2	chr8	23512395	23512524	DNA/hAT-Charlie	723	+	64	23512459	83571
chr8	23428888	23628888	harbor2	chr8	23514644	23514749	DNA/hAT-Charlie	621	+	52	23514696	85808
chr8	600334	800334	harbor2	chr8	632782	632971	DNA/hAT-Charlie	637	+	94	632876	32542
chr8	60554292	60754292	harbor2	chr8	60560635	60560727	DNA/hAT-Charlie	1040	+	46	60560681	6389
chr8	60554292	60754292	harbor2	chr8	60560761	60560857	DNA/hAT-Charlie	1040	+	48	60560809	6517
chr8	60554292	60754292	harbor2	chr8	60563324	60563480	DNA/hAT-Charlie	617	+	78	60563402	9110
chr8	38169171	38369171	harbor2	chr8	38180680	38180835	DNA/hAT-Charlie	811	+	78	38180758	11587
chr8	38169171	38369171	harbor2	chr8	38227898	38228102	DNA/hAT-Charlie	778	+	102	38228000	58829
chr8	38169171	38369171	harbor2	chr8	38229016	38229501	DNA/hAT-Charlie	2335	+	242	38229258	60087
chr8	23428787	23628787	harbor2	chr8	23433605	23434009	DNA/hAT-Charlie	1649	+	202	23433807	5020
chr8	23428787	23628787	harbor2	chr8	23508419	23508518	DNA/hAT-Charlie	511	+	50	23508469	79682
chr8	23428787	23628787	harbor2	chr8	23512241	23512398	DNA/hAT-Charlie	723	+	78	23512319	83532
chr8	23428787	23628787	harbor2	chr8	23512395	23512524	DNA/hAT-Charlie	723	+	64	23512459	83672
chr8	23428787	23628787	harbor2	chr8	23514644	23514749	DNA/hAT-Charlie	621	+	52	23514696	85909
chr8	23428812	23628812	harbor2	chr8	23433605	23434009	DNA/hAT-Charlie	1649	+	202	23433807	4995
chr8	23428812	23628812	harbor2	chr8	23508419	23508518	DNA/hAT-Charlie	511	+	50	23508469	79657
chr8	23428812	23628812	harbor2	chr8	23512241	23512398	DNA/hAT-Charlie	723	+	78	23512319	83507
chr8	23428812	23628812	harbor2	chr8	23512395	23512524	DNA/hAT-Charlie	723	+	64	23512459	83647
chr8	23428812	23628812	harbor2	chr8	23514644	23514749	DNA/hAT-Charlie	621	+	52	23514696	85884
chr8	10626848	10826848	harbor2	chr8	10651166	10651315	DNA/hAT-Charlie	563	+	74	10651240	24392
chr8	10626848	10826848	harbor2	chr8	10657331	10657519	DNA/hAT-Charlie	1088	+	94	10657425	30577
chr8	23428873	23628873	harbor2	chr8	23433605	23434009	DNA/hAT-Charlie	1649	+	202	23433807	4934
chr8	23428873	23628873	harbor2	chr8	23508419	23508518	DNA/hAT-Charlie	511	+	50	23508469	79596
chr8	23428873	23628873	harbor2	chr8	23512241	23512398	DNA/hAT-Charlie	723	+	78	23512319	83446
chr8	23428873	23628873	harbor2	chr8	23512395	23512524	DNA/hAT-Charlie	723	+	64	23512459	83586
chr8	23428873	23628873	harbor2	chr8	23514644	23514749	DNA/hAT-Charlie	621	+	52	23514696	85823
chr8	29996669	30196669	harbor2	chr8	30068131	30068649	DNA/hAT-Charlie	3569	+	259	30068390	71721
chr8	29996669	30196669	harbor2	chr8	30081472	30081633	DNA/hAT-Charlie	450	+	80	30081552	84883
chr8	97521189	97721189	harbor2	chr8	97557891	97557927	DNA/hAT-Charlie	859	+	18	97557909	36720
chr8	97521189	97721189	harbor2	chr8	97558238	97558424	DNA/hAT-Charlie	859	+	93	97558331	37142
chr8	97521189	97721189	harbor2	chr8	97583526	97583786	DNA/hAT-Charlie	1092	+	130	97583656	62467
chr8	97521189	97721189	harbor2	chr8	97619389	97619436	DNA/hAT-Charlie	929	+	24	97619413	98224
chr8	97521189	97721189	harbor2	chr8	97619736	97619909	DNA/hAT-Charlie	929	+	86	97619822	98633
chr8	143420985	143620985	harbor2	chr8	143442669	143442933	DNA/hAT-Charlie	553	+	132	143442801	21816
chr8	23430877	23630877	harbor2	chr8	23433605	23434009	DNA/hAT-Charlie	1649	+	202	23433807	2930
chr8	23430877	23630877	harbor2	chr8	23508419	23508518	DNA/hAT-Charlie	511	+	50	23508469	77592
chr8	23430877	23630877	harbor2	chr8	23512241	23512398	DNA/hAT-Charlie	723	+	78	23512319	81442
chr8	23430877	23630877	harbor2	chr8	23512395	23512524	DNA/hAT-Charlie	723	+	64	23512459	81582
chr8	23430877	23630877	harbor2	chr8	23514644	23514749	DNA/hAT-Charlie	621	+	52	23514696	83819
chr8	124796970	124996970	harbor2	chr8	124806347	124806579	DNA/hAT-Charlie	1071	+	116	124806463	9493
chr8	124796970	124996970	harbor2	chr8	124881005	124881320	DNA/hAT-Charlie	555	+	158	124881163	84193
chr8	23440530	23640530	harbor2	chr8	23508419	23508518	DNA/hAT-Charlie	511	+	50	23508469	67939
chr8	23440530	23640530	harbor2	chr8	23512241	23512398	DNA/hAT-Charlie	723	+	78	23512319	71789
chr8	23440530	23640530	harbor2	chr8	23512395	23512524	DNA/hAT-Charlie	723	+	64	23512459	71929
chr8	23440530	23640530	harbor2	chr8	23514644	23514749	DNA/hAT-Charlie	621	+	52	23514696	74166
chr8	42040654	42240654	harbor2	chr8	42122180	42122279	DNA/hAT-Charlie	489	+	50	42122230	81576
chr8	23429402	23629402	harbor2	chr8	23433605	23434009	DNA/hAT-Charlie	1649	+	202	23433807	4405
chr8	23429402	23629402	harbor2	chr8	23508419	23508518	DNA/hAT-Charlie	511	+	50	23508469	79067
chr8	23429402	23629402	harbor2	chr8	23512241	23512398	DNA/hAT-Charlie	723	+	78	23512319	82917
chr8	23429402	23629402	harbor2	chr8	23512395	23512524	DNA/hAT-Charlie	723	+	64	23512459	83057
chr8	23429402	23629402	harbor2	chr8	23514644	23514749	DNA/hAT-Charlie	621	+	52	23514696	85294
chr8	99034843	99234843	harbor2	chr8	99058039	99058341	DNA/hAT-Charlie	1037	+	151	99058190	23347
chr8	99034843	99234843	harbor2	chr8	99068407	99068546	DNA/hAT-Charlie	953	+	70	99068477	33634
chr8	99034843	99234843	harbor2	chr8	99068897	99068972	DNA/hAT-Charlie	953	+	38	99068935	34092
chr8	99034843	99234843	harbor2	chr8	99110461	99110660	DNA/hAT-Charlie	1207	+	100	99110561	75718
chr8	129914983	130114983	harbor2	chr8	129982258	129982459	DNA/hAT-Charlie	1139	+	100	129982358	67375
chr8	141284097	141484097	harbor2	chr8	141302000	141302256	DNA/hAT-Charlie	597	+	128	141302128	18031
chr8	81621343	81821343	harbor2	chr8	81649264	81649488	DNA/hAT-Charlie	1410	+	112	81649376	28033
chr8	143958765	144158765	harbor2	chr8	144038716	144038957	DNA/hAT-Charlie	794	+	120	144038836	80071
chr8	23428886	23628886	harbor2	chr8	23433605	23434009	DNA/hAT-Charlie	1649	+	202	23433807	4921
chr8	23428886	23628886	harbor2	chr8	23508419	23508518	DNA/hAT-Charlie	511	+	50	23508469	79583
chr8	23428886	23628886	harbor2	chr8	23512241	23512398	DNA/hAT-Charlie	723	+	78	23512319	83433
chr8	23428886	23628886	harbor2	chr8	23512395	23512524	DNA/hAT-Charlie	723	+	64	23512459	83573
chr8	23428886	23628886	harbor2	chr8	23514644	23514749	DNA/hAT-Charlie	621	+	52	23514696	85810
chr8	53884537	54084537	harbor2	chr8	53895557	53895632	DNA/hAT-Charlie	1362	+	38	53895595	11058
chr8	53884537	54084537	harbor2	chr8	53895947	53895998	DNA/hAT-Charlie	1362	+	26	53895973	11436
chr8	53884537	54084537	harbor2	chr8	53896297	53896503	DNA/hAT-Charlie	1362	+	103	53896400	11863
chr8	124982576	125182576	harbor2	chr8	125057833	125058021	DNA/hAT-Charlie	1113	+	94	125057927	75351
chr8	85146249	85346249	harbor2	chr8	85159829	85160040	DNA/hAT-Charlie	850	+	106	85159935	13686
chr8	85146249	85346249	harbor2	chr8	85167608	85167710	DNA/hAT-Charlie	513	+	51	85167659	21410
chr8	85146249	85346249	harbor2	chr8	85168008	85168067	DNA/hAT-Charlie	513	+	30	85168038	21789
chr8	85146249	85346249	harbor2	chr8	85223835	85224142	DNA/hAT-Charlie	1291	+	154	85223989	77740
chr8	85146249	85346249	harbor2	chr8	85233279	85233419	DNA/hAT-Charlie	703	+	70	85233349	87100
chr8	85146249	85346249	harbor2	chr8	85234618	85234770	DNA/hAT-Charlie	512	+	76	85234694	88445
chr8	85145757	85345757	harbor2	chr8	85159829	85160040	DNA/hAT-Charlie	850	+	106	85159935	14178
chr8	85145757	85345757	harbor2	chr8	85167608	85167710	DNA/hAT-Charlie	513	+	51	85167659	21902
chr8	85145757	85345757	harbor2	chr8	85168008	85168067	DNA/hAT-Charlie	513	+	30	85168038	22281
chr8	85145757	85345757	harbor2	chr8	85223835	85224142	DNA/hAT-Charlie	1291	+	154	85223989	78232
chr8	85145757	85345757	harbor2	chr8	85233279	85233419	DNA/hAT-Charlie	703	+	70	85233349	87592
chr8	85145757	85345757	harbor2	chr8	85234618	85234770	DNA/hAT-Charlie	512	+	76	85234694	88937
chr8	600587	800587	harbor2	chr8	632782	632971	DNA/hAT-Charlie	637	+	94	632876	32289
chr8	54199923	54399923	harbor2	chr8	54241604	54241789	DNA/hAT-Charlie	646	+	92	54241696	41773
chr8	54199923	54399923	harbor2	chr8	54255628	54255788	DNA/hAT-Charlie	605	+	80	54255708	55785
chr8	141299552	141499552	harbor2	chr8	141302000	141302256	DNA/hAT-Charlie	597	+	128	141302128	2576
chr8	78098264	78298264	harbor2	chr8	78134030	78134203	DNA/hAT-Charlie	482	+	86	78134116	35852
chr8	78098264	78298264	harbor2	chr8	78170601	78170706	DNA/hAT-Charlie	508	+	52	78170653	72389
chr8	78098264	78298264	harbor2	chr8	78170720	78170973	DNA/hAT-Charlie	567	+	126	78170846	72582
chr8	38169198	38369198	harbor2	chr8	38180680	38180835	DNA/hAT-Charlie	811	+	78	38180758	11560
chr8	38169198	38369198	harbor2	chr8	38227898	38228102	DNA/hAT-Charlie	778	+	102	38228000	58802
chr8	38169198	38369198	harbor2	chr8	38229016	38229501	DNA/hAT-Charlie	2335	+	242	38229258	60060
chr8	23429413	23629413	harbor2	chr8	23433605	23434009	DNA/hAT-Charlie	1649	+	202	23433807	4394
chr8	23429413	23629413	harbor2	chr8	23508419	23508518	DNA/hAT-Charlie	511	+	50	23508469	79056
chr8	23429413	23629413	harbor2	chr8	23512241	23512398	DNA/hAT-Charlie	723	+	78	23512319	82906
chr8	23429413	23629413	harbor2	chr8	23512395	23512524	DNA/hAT-Charlie	723	+	64	23512459	83046
chr8	23429413	23629413	harbor2	chr8	23514644	23514749	DNA/hAT-Charlie	621	+	52	23514696	85283
chr8	23428927	23628927	harbor2	chr8	23433605	23434009	DNA/hAT-Charlie	1649	+	202	23433807	4880
chr8	23428927	23628927	harbor2	chr8	23508419	23508518	DNA/hAT-Charlie	511	+	50	23508469	79542
chr8	23428927	23628927	harbor2	chr8	23512241	23512398	DNA/hAT-Charlie	723	+	78	23512319	83392
chr8	23428927	23628927	harbor2	chr8	23512395	23512524	DNA/hAT-Charlie	723	+	64	23512459	83532
chr8	23428927	23628927	harbor2	chr8	23514644	23514749	DNA/hAT-Charlie	621	+	52	23514696	85769
chr8	18018662	18218662	harbor2	chr8	18051763	18051893	DNA/hAT-Charlie	463	+	65	18051828	33166
chr8	18018662	18218662	harbor2	chr8	18068544	18068717	DNA/hAT-Charlie	816	+	86	18068630	49968
chr8	129916407	130116407	harbor2	chr8	129982258	129982459	DNA/hAT-Charlie	1139	+	100	129982358	65951
chr8	38172311	38372311	harbor2	chr8	38180680	38180835	DNA/hAT-Charlie	811	+	78	38180758	8447
chr8	38172311	38372311	harbor2	chr8	38227898	38228102	DNA/hAT-Charlie	778	+	102	38228000	55689
chr8	38172311	38372311	harbor2	chr8	38229016	38229501	DNA/hAT-Charlie	2335	+	242	38229258	56947
chr8	38169192	38369192	harbor2	chr8	38180680	38180835	DNA/hAT-Charlie	811	+	78	38180758	11566
chr8	38169192	38369192	harbor2	chr8	38227898	38228102	DNA/hAT-Charlie	778	+	102	38228000	58808
chr8	38169192	38369192	harbor2	chr8	38229016	38229501	DNA/hAT-Charlie	2335	+	242	38229258	60066
chr8	100622158	100822158	harbor2	chr8	100636424	100636712	DNA/hAT-Charlie	1705	+	144	100636568	14410
chr8	100622158	100822158	harbor2	chr8	100637021	100637057	DNA/hAT-Charlie	1705	+	18	100637039	14881
chr8	100622158	100822158	harbor2	chr8	100666242	100666889	DNA/hAT-Charlie	2361	+	324	100666566	44408
chr8	100622158	100822158	harbor2	chr8	100671473	100671635	DNA/hAT-Charlie	691	+	81	100671554	49396
chr8	100622158	100822158	harbor2	chr8	100703410	100703619	DNA/hAT-Charlie	630	+	104	100703514	81356
chr8	134491303	134691303	harbor2	chr8	134520105	134520325	DNA/hAT-Charlie	1063	+	110	134520215	28912
chr8	134491303	134691303	harbor2	chr8	134524511	134524715	DNA/hAT-Charlie	948	+	102	134524613	33310
chr8	29983254	30183254	harbor2	chr8	30068131	30068649	DNA/hAT-Charlie	3569	+	259	30068390	85136
chr8	29983254	30183254	harbor2	chr8	30081472	30081633	DNA/hAT-Charlie	450	+	80	30081552	98298
chr8	30449501	30649501	harbor2	chr8	30453258	30453336	DNA/hAT-Charlie	437	+	39	30453297	3796
chr8	30449501	30649501	harbor2	chr8	30500969	30501111	DNA/hAT-Charlie	631	+	71	30501040	51539
chr8	30449501	30649501	harbor2	chr8	30513909	30514548	DNA/hAT-Charlie	3494	+	320	30514229	64728
chr8	30449501	30649501	harbor2	chr8	30514826	30514985	DNA/hAT-Charlie	3494	+	80	30514906	65405
chr8	30449501	30649501	harbor2	chr8	30515272	30515656	DNA/hAT-Charlie	3494	+	192	30515464	65963
chr8	30449501	30649501	harbor2	chr8	30515949	30516068	DNA/hAT-Charlie	3494	+	60	30516009	66508
chr8	23428893	23628893	harbor2	chr8	23433605	23434009	DNA/hAT-Charlie	1649	+	202	23433807	4914
chr8	23428893	23628893	harbor2	chr8	23508419	23508518	DNA/hAT-Charlie	511	+	50	23508469	79576
chr8	23428893	23628893	harbor2	chr8	23512241	23512398	DNA/hAT-Charlie	723	+	78	23512319	83426
chr8	23428893	23628893	harbor2	chr8	23512395	23512524	DNA/hAT-Charlie	723	+	64	23512459	83566
chr8	23428893	23628893	harbor2	chr8	23514644	23514749	DNA/hAT-Charlie	621	+	52	23514696	85803
chr8	81789753	81989753	harbor2	chr8	81810675	81810892	DNA/hAT-Charlie	780	+	108	81810783	21030
chr8	81789753	81989753	harbor2	chr8	81818705	81818860	DNA/hAT-Charlie	704	+	78	81818783	29030
chr8	81789753	81989753	harbor2	chr8	81832958	81833263	DNA/hAT-Charlie	1378	+	152	81833110	43357
chr8	117836203	118036203	harbor2	chr8	117841929	117842118	DNA/hAT-Charlie	1174	+	94	117842023	5820
chr8	117836203	118036203	harbor2	chr8	117860587	117860868	DNA/hAT-Charlie	965	+	140	117860727	24524
chr8	117836203	118036203	harbor2	chr8	117881117	117881316	DNA/hAT-Charlie	466	+	100	117881217	45014
chr8	117836203	118036203	harbor2	chr8	117890274	117890492	DNA/hAT-Charlie	1362	+	109	117890383	54180
chr8	117836203	118036203	harbor2	chr8	117924040	117924148	DNA/hAT-Charlie	440	+	54	117924094	87891
chr8	23428926	23628926	harbor2	chr8	23433605	23434009	DNA/hAT-Charlie	1649	+	202	23433807	4881
chr8	23428926	23628926	harbor2	chr8	23508419	23508518	DNA/hAT-Charlie	511	+	50	23508469	79543
chr8	23428926	23628926	harbor2	chr8	23512241	23512398	DNA/hAT-Charlie	723	+	78	23512319	83393
chr8	23428926	23628926	harbor2	chr8	23512395	23512524	DNA/hAT-Charlie	723	+	64	23512459	83533
chr8	23428926	23628926	harbor2	chr8	23514644	23514749	DNA/hAT-Charlie	621	+	52	23514696	85770
chr8	38169188	38369188	harbor2	chr8	38180680	38180835	DNA/hAT-Charlie	811	+	78	38180758	11570
chr8	38169188	38369188	harbor2	chr8	38227898	38228102	DNA/hAT-Charlie	778	+	102	38228000	58812
chr8	38169188	38369188	harbor2	chr8	38229016	38229501	DNA/hAT-Charlie	2335	+	242	38229258	60070
chr8	29983321	30183321	harbor2	chr8	30068131	30068649	DNA/hAT-Charlie	3569	+	259	30068390	85069
chr8	29983321	30183321	harbor2	chr8	30081472	30081633	DNA/hAT-Charlie	450	+	80	30081552	98231
chr8	102557133	102757133	harbor2	chr8	102587124	102587369	DNA/hAT-Charlie	779	+	122	102587246	30113
chr8	102557133	102757133	harbor2	chr8	102646031	102646154	DNA/hAT-Charlie	446	+	62	102646093	88960
chr8	143978595	144178595	harbor2	chr8	144038716	144038957	DNA/hAT-Charlie	794	+	120	144038836	60241
chr8	144801613	145001613	harbor2	chr8	144848517	144848661	DNA/hAT-Charlie	681	+	72	144848589	46976
chr8	144801613	145001613	harbor2	chr8	144854367	144854445	DNA/hAT-Charlie	492	+	39	144854406	52793
chr8	42041611	42241611	harbor2	chr8	42122180	42122279	DNA/hAT-Charlie	489	+	50	42122230	80619
chr8	96961343	97161343	harbor2	chr8	96962740	96962878	DNA/hAT-Charlie	445	+	69	96962809	1466
chr8	96961343	97161343	harbor2	chr8	97033269	97033449	DNA/hAT-Charlie	578	+	90	97033359	72016
chr8	42371781	42571781	harbor2	chr8	42408391	42408535	DNA/hAT-Charlie	621	+	72	42408463	36682
chr8	38215555	38415555	harbor2	chr8	38227898	38228102	DNA/hAT-Charlie	778	+	102	38228000	12445
chr8	38215555	38415555	harbor2	chr8	38229016	38229501	DNA/hAT-Charlie	2335	+	242	38229258	13703
chr8	23431204	23631204	harbor2	chr8	23433605	23434009	DNA/hAT-Charlie	1649	+	202	23433807	2603
chr8	23431204	23631204	harbor2	chr8	23508419	23508518	DNA/hAT-Charlie	511	+	50	23508469	77265
chr8	23431204	23631204	harbor2	chr8	23512241	23512398	DNA/hAT-Charlie	723	+	78	23512319	81115
chr8	23431204	23631204	harbor2	chr8	23512395	23512524	DNA/hAT-Charlie	723	+	64	23512459	81255
chr8	23431204	23631204	harbor2	chr8	23514644	23514749	DNA/hAT-Charlie	621	+	52	23514696	83492
chr8	41512963	41712963	harbor2	chr8	41533651	41533716	DNA/hAT-Charlie	479	+	32	41533683	20720
chr8	41512963	41712963	harbor2	chr8	41534085	41534120	DNA/hAT-Charlie	479	+	18	41534103	21140
chr8	41512963	41712963	harbor2	chr8	41534371	41534636	DNA/hAT-Charlie	582	+	132	41534503	21540
chr8	41512963	41712963	harbor2	chr8	41536504	41536812	DNA/hAT-Charlie	585	+	154	41536658	23695
chr8	41512963	41712963	harbor2	chr8	41552974	41553136	DNA/hAT-Charlie	620	+	81	41553055	40092
chr8	41512963	41712963	harbor2	chr8	41553377	41553673	DNA/hAT-Charlie	1499	+	148	41553525	40562
chr8	41512963	41712963	harbor2	chr8	41601173	41601321	DNA/hAT-Charlie	603	+	74	41601247	88284
chr8	23428900	23628900	harbor2	chr8	23433605	23434009	DNA/hAT-Charlie	1649	+	202	23433807	4907
chr8	23428900	23628900	harbor2	chr8	23508419	23508518	DNA/hAT-Charlie	511	+	50	23508469	79569
chr8	23428900	23628900	harbor2	chr8	23512241	23512398	DNA/hAT-Charlie	723	+	78	23512319	83419
chr8	23428900	23628900	harbor2	chr8	23512395	23512524	DNA/hAT-Charlie	723	+	64	23512459	83559
chr8	23428900	23628900	harbor2	chr8	23514644	23514749	DNA/hAT-Charlie	621	+	52	23514696	85796
chr8	100622167	100822167	harbor2	chr8	100636424	100636712	DNA/hAT-Charlie	1705	+	144	100636568	14401
chr8	100622167	100822167	harbor2	chr8	100637021	100637057	DNA/hAT-Charlie	1705	+	18	100637039	14872
chr8	100622167	100822167	harbor2	chr8	100666242	100666889	DNA/hAT-Charlie	2361	+	324	100666566	44399
chr8	100622167	100822167	harbor2	chr8	100671473	100671635	DNA/hAT-Charlie	691	+	81	100671554	49387
chr8	100622167	100822167	harbor2	chr8	100703410	100703619	DNA/hAT-Charlie	630	+	104	100703514	81347
chr8	41241751	41441751	harbor2	chr8	41259997	41260099	DNA/hAT-Charlie	519	+	51	41260048	18297
chr8	41241751	41441751	harbor2	chr8	41318265	41318344	DNA/hAT-Charlie	529	+	40	41318305	76554
chr8	41241751	41441751	harbor2	chr8	41318767	41318936	DNA/hAT-Charlie	718	+	84	41318851	77100
chr8	94973524	95173524	harbor2	chr8	95053474	95053605	DNA/hAT-Charlie	551	+	66	95053540	80016
chr8	94973524	95173524	harbor2	chr8	95054301	95054422	DNA/hAT-Charlie	687	+	60	95054361	80837
chr8	143513655	143713655	harbor2	chr8	143587119	143587322	DNA/hAT-Charlie	886	+	102	143587221	73566
chr8	143513655	143713655	harbor2	chr8	143587629	143587695	DNA/hAT-Charlie	886	+	33	143587662	74007
chr8	143513655	143713655	harbor2	chr8	143608987	143609109	DNA/hAT-Charlie	451	+	61	143609048	95393
chr8	23429267	23629267	harbor2	chr8	23433605	23434009	DNA/hAT-Charlie	1649	+	202	23433807	4540
chr8	23429267	23629267	harbor2	chr8	23508419	23508518	DNA/hAT-Charlie	511	+	50	23508469	79202
chr8	23429267	23629267	harbor2	chr8	23512241	23512398	DNA/hAT-Charlie	723	+	78	23512319	83052
chr8	23429267	23629267	harbor2	chr8	23512395	23512524	DNA/hAT-Charlie	723	+	64	23512459	83192
chr8	23429267	23629267	harbor2	chr8	23514644	23514749	DNA/hAT-Charlie	621	+	52	23514696	85429
chr8	66406890	66606890	harbor2	chr8	66486853	66486936	DNA/hAT-Charlie	453	+	42	66486895	80005
chr8	23428736	23628736	harbor2	chr8	23433605	23434009	DNA/hAT-Charlie	1649	+	202	23433807	5071
chr8	23428736	23628736	harbor2	chr8	23508419	23508518	DNA/hAT-Charlie	511	+	50	23508469	79733
chr8	23428736	23628736	harbor2	chr8	23512241	23512398	DNA/hAT-Charlie	723	+	78	23512319	83583
chr8	23428736	23628736	harbor2	chr8	23512395	23512524	DNA/hAT-Charlie	723	+	64	23512459	83723
chr8	23428736	23628736	harbor2	chr8	23514644	23514749	DNA/hAT-Charlie	621	+	52	23514696	85960
chr8	143825669	144025669	harbor2	chr8	143842367	143842572	DNA/hAT-Charlie	949	+	102	143842469	16800
chr9	4692868	4892868	harbor2	chr9	4698684	4698821	DNA/hAT-Charlie	633	+	68	4698752	5884
chr9	4692868	4892868	harbor2	chr9	4698820	4699116	DNA/hAT-Charlie	1208	+	148	4698968	6100
chr9	4692868	4892868	harbor2	chr9	4775769	4775927	DNA/hAT-Charlie	621	+	79	4775848	82980
chr9	4770890	4970890	harbor2	chr9	4775769	4775927	DNA/hAT-Charlie	621	+	79	4775848	4958
chr9	4770890	4970890	harbor2	chr9	4797454	4797665	DNA/hAT-Charlie	1206	+	106	4797560	26670
chr9	4770890	4970890	harbor2	chr9	4829821	4829972	DNA/hAT-Charlie	517	+	76	4829897	59007
chr9	4770890	4970890	harbor2	chr9	4838691	4838848	DNA/hAT-Charlie	655	+	78	4838769	67879
chr9	4692825	4892825	harbor2	chr9	4698684	4698821	DNA/hAT-Charlie	633	+	68	4698752	5927
chr9	4692825	4892825	harbor2	chr9	4698820	4699116	DNA/hAT-Charlie	1208	+	148	4698968	6143
chr9	4692825	4892825	harbor2	chr9	4775769	4775927	DNA/hAT-Charlie	621	+	79	4775848	83023
chr9	4884805	5084805	harbor2	chr9	4924597	4924796	DNA/hAT-Charlie	888	+	100	4924697	39892
chr9	4884805	5084805	harbor2	chr9	4930783	4930938	DNA/hAT-Charlie	808	+	78	4930861	46056
chr9	4884805	5084805	harbor2	chr9	4967764	4967895	DNA/hAT-Charlie	663	+	66	4967830	83025
chr9	4692782	4892782	harbor2	chr9	4698684	4698821	DNA/hAT-Charlie	633	+	68	4698752	5970
chr9	4692782	4892782	harbor2	chr9	4698820	4699116	DNA/hAT-Charlie	1208	+	148	4698968	6186
chr9	4692782	4892782	harbor2	chr9	4775769	4775927	DNA/hAT-Charlie	621	+	79	4775848	83066
chr9	4884804	5084804	harbor2	chr9	4924597	4924796	DNA/hAT-Charlie	888	+	100	4924697	39893
chr9	4884804	5084804	harbor2	chr9	4930783	4930938	DNA/hAT-Charlie	808	+	78	4930861	46057
chr9	4884804	5084804	harbor2	chr9	4967764	4967895	DNA/hAT-Charlie	663	+	66	4967830	83026
chr9	4698243	4898243	harbor2	chr9	4698684	4698821	DNA/hAT-Charlie	633	+	68	4698752	509
chr9	4698243	4898243	harbor2	chr9	4698820	4699116	DNA/hAT-Charlie	1208	+	148	4698968	725
chr9	4698243	4898243	harbor2	chr9	4775769	4775927	DNA/hAT-Charlie	621	+	79	4775848	77605
chr9	4698243	4898243	harbor2	chr9	4797454	4797665	DNA/hAT-Charlie	1206	+	106	4797560	99317
chr9	16305865	16505865	harbor2	chr9	16321107	16321305	DNA/hAT-Charlie	530	+	99	16321206	15341
chr9	16305865	16505865	harbor2	chr9	16330384	16330632	DNA/hAT-Charlie	586	+	124	16330508	24643
chr9	16305865	16505865	harbor2	chr9	16337391	16337549	DNA/hAT-Charlie	784	+	79	16337470	31605
chr9	16305865	16505865	harbor2	chr9	16348054	16348245	DNA/hAT-Charlie	599	+	96	16348150	42285
chr9	16305865	16505865	harbor2	chr9	16358614	16358812	DNA/hAT-Charlie	1467	+	99	16358713	52848
chr9	16305865	16505865	harbor2	chr9	16385205	16385578	DNA/hAT-Charlie	1545	+	186	16385391	79526
chr9	16305865	16505865	harbor2	chr9	16385591	16385807	DNA/hAT-Charlie	882	+	108	16385699	79834
chr9	4692809	4892809	harbor2	chr9	4698684	4698821	DNA/hAT-Charlie	633	+	68	4698752	5943
chr9	4692809	4892809	harbor2	chr9	4698820	4699116	DNA/hAT-Charlie	1208	+	148	4698968	6159
chr9	4692809	4892809	harbor2	chr9	4775769	4775927	DNA/hAT-Charlie	621	+	79	4775848	83039
chr9	4692811	4892811	harbor2	chr9	4698684	4698821	DNA/hAT-Charlie	633	+	68	4698752	5941
chr9	4692811	4892811	harbor2	chr9	4698820	4699116	DNA/hAT-Charlie	1208	+	148	4698968	6157
chr9	4692811	4892811	harbor2	chr9	4775769	4775927	DNA/hAT-Charlie	621	+	79	4775848	83037
chr9	4884747	5084747	harbor2	chr9	4924597	4924796	DNA/hAT-Charlie	888	+	100	4924697	39950
chr9	4884747	5084747	harbor2	chr9	4930783	4930938	DNA/hAT-Charlie	808	+	78	4930861	46114
chr9	4884747	5084747	harbor2	chr9	4967764	4967895	DNA/hAT-Charlie	663	+	66	4967830	83083
chr9	4884773	5084773	harbor2	chr9	4924597	4924796	DNA/hAT-Charlie	888	+	100	4924697	39924
chr9	4884773	5084773	harbor2	chr9	4930783	4930938	DNA/hAT-Charlie	808	+	78	4930861	46088
chr9	4884773	5084773	harbor2	chr9	4967764	4967895	DNA/hAT-Charlie	663	+	66	4967830	83057
chr9	4884793	5084793	harbor2	chr9	4924597	4924796	DNA/hAT-Charlie	888	+	100	4924697	39904
chr9	4884793	5084793	harbor2	chr9	4930783	4930938	DNA/hAT-Charlie	808	+	78	4930861	46068
chr9	4884793	5084793	harbor2	chr9	4967764	4967895	DNA/hAT-Charlie	663	+	66	4967830	83037
chr9	132805998	133005998	harbor2	chr9	132849286	132849505	DNA/hAT-Charlie	946	+	110	132849396	43398
chr9	132805998	133005998	harbor2	chr9	132876241	132876443	DNA/hAT-Charlie	586	+	101	132876342	70344
chr9	132805998	133005998	harbor2	chr9	132901916	132902432	DNA/hAT-Charlie	1866	+	258	132902174	96176
chr9	100253009	100453009	harbor2	chr9	100282855	100283008	DNA/hAT-Charlie	562	+	76	100282931	29922
chr9	100253009	100453009	harbor2	chr9	100283880	100284038	DNA/hAT-Charlie	547	+	79	100283959	30950
chr9	100253009	100453009	harbor2	chr9	100307231	100307443	DNA/hAT-Charlie	990	+	106	100307337	54328
chr9	100253009	100453009	harbor2	chr9	100336253	100336773	DNA/hAT-Charlie	3565	+	260	100336513	83504
chr9	100253009	100453009	harbor2	chr9	100342423	100342574	DNA/hAT-Charlie	832	+	76	100342499	89490
chr9	4884841	5084841	harbor2	chr9	4924597	4924796	DNA/hAT-Charlie	888	+	100	4924697	39856
chr9	4884841	5084841	harbor2	chr9	4930783	4930938	DNA/hAT-Charlie	808	+	78	4930861	46020
chr9	4884841	5084841	harbor2	chr9	4967764	4967895	DNA/hAT-Charlie	663	+	66	4967830	82989
chr9	4884813	5084813	harbor2	chr9	4924597	4924796	DNA/hAT-Charlie	888	+	100	4924697	39884
chr9	4884813	5084813	harbor2	chr9	4930783	4930938	DNA/hAT-Charlie	808	+	78	4930861	46048
chr9	4884813	5084813	harbor2	chr9	4967764	4967895	DNA/hAT-Charlie	663	+	66	4967830	83017
chr9	4884788	5084788	harbor2	chr9	4924597	4924796	DNA/hAT-Charlie	888	+	100	4924697	39909
chr9	4884788	5084788	harbor2	chr9	4930783	4930938	DNA/hAT-Charlie	808	+	78	4930861	46073
chr9	4884788	5084788	harbor2	chr9	4967764	4967895	DNA/hAT-Charlie	663	+	66	4967830	83042
chr9	4884790	5084790	harbor2	chr9	4924597	4924796	DNA/hAT-Charlie	888	+	100	4924697	39907
chr9	4884790	5084790	harbor2	chr9	4930783	4930938	DNA/hAT-Charlie	808	+	78	4930861	46071
chr9	4884790	5084790	harbor2	chr9	4967764	4967895	DNA/hAT-Charlie	663	+	66	4967830	83040
chr9	4692881	4892881	harbor2	chr9	4698684	4698821	DNA/hAT-Charlie	633	+	68	4698752	5871
chr9	4692881	4892881	harbor2	chr9	4698820	4699116	DNA/hAT-Charlie	1208	+	148	4698968	6087
chr9	4692881	4892881	harbor2	chr9	4775769	4775927	DNA/hAT-Charlie	621	+	79	4775848	82967
chr9	4884785	5084785	harbor2	chr9	4924597	4924796	DNA/hAT-Charlie	888	+	100	4924697	39912
chr9	4884785	5084785	harbor2	chr9	4930783	4930938	DNA/hAT-Charlie	808	+	78	4930861	46076
chr9	4884785	5084785	harbor2	chr9	4967764	4967895	DNA/hAT-Charlie	663	+	66	4967830	83045
chr9	4885814	5085814	harbor2	chr9	4924597	4924796	DNA/hAT-Charlie	888	+	100	4924697	38883
chr9	4885814	5085814	harbor2	chr9	4930783	4930938	DNA/hAT-Charlie	808	+	78	4930861	45047
chr9	4885814	5085814	harbor2	chr9	4967764	4967895	DNA/hAT-Charlie	663	+	66	4967830	82016
chr9	68662242	68862242	harbor2	chr9	68670724	68670994	DNA/hAT-Charlie	754	+	135	68670859	8617
chr9	68662242	68862242	harbor2	chr9	68688590	68688815	DNA/hAT-Charlie	1143	+	112	68688702	26460
chr9	68662242	68862242	harbor2	chr9	68757697	68757797	DNA/hAT-Charlie	594	+	50	68757747	95505
chr9	68662242	68862242	harbor2	chr9	68759658	68759928	DNA/hAT-Charlie	786	+	135	68759793	97551
chr9	4692776	4892776	harbor2	chr9	4698684	4698821	DNA/hAT-Charlie	633	+	68	4698752	5976
chr9	4692776	4892776	harbor2	chr9	4698820	4699116	DNA/hAT-Charlie	1208	+	148	4698968	6192
chr9	4692776	4892776	harbor2	chr9	4775769	4775927	DNA/hAT-Charlie	621	+	79	4775848	83072
chr9	4886412	5086412	harbor2	chr9	4924597	4924796	DNA/hAT-Charlie	888	+	100	4924697	38285
chr9	4886412	5086412	harbor2	chr9	4930783	4930938	DNA/hAT-Charlie	808	+	78	4930861	44449
chr9	4886412	5086412	harbor2	chr9	4967764	4967895	DNA/hAT-Charlie	663	+	66	4967830	81418
chr9	4884783	5084783	harbor2	chr9	4924597	4924796	DNA/hAT-Charlie	888	+	100	4924697	39914
chr9	4884783	5084783	harbor2	chr9	4930783	4930938	DNA/hAT-Charlie	808	+	78	4930861	46078
chr9	4884783	5084783	harbor2	chr9	4967764	4967895	DNA/hAT-Charlie	663	+	66	4967830	83047
chr9	32688006	32888006	harbor2	chr9	32726823	32727010	DNA/hAT-Charlie	541	+	94	32726917	38911
chr9	32688006	32888006	harbor2	chr9	32754034	32754342	DNA/hAT-Charlie	691	+	154	32754188	66182
chr9	4884822	5084822	harbor2	chr9	4924597	4924796	DNA/hAT-Charlie	888	+	100	4924697	39875
chr9	4884822	5084822	harbor2	chr9	4930783	4930938	DNA/hAT-Charlie	808	+	78	4930861	46039
chr9	4884822	5084822	harbor2	chr9	4967764	4967895	DNA/hAT-Charlie	663	+	66	4967830	83008
chr9	5892798	6092798	harbor2	chr9	5907402	5907670	DNA/hAT-Charlie	1112	+	134	5907536	14738
chr9	5892798	6092798	harbor2	chr9	5907977	5908017	DNA/hAT-Charlie	1112	+	20	5907997	15199
chr9	5892798	6092798	harbor2	chr9	5965235	5965390	DNA/hAT-Charlie	592	+	78	5965313	72515
chr9	5892798	6092798	harbor2	chr9	5965711	5965759	DNA/hAT-Charlie	592	+	24	5965735	72937
chr9	4692771	4892771	harbor2	chr9	4698684	4698821	DNA/hAT-Charlie	633	+	68	4698752	5981
chr9	4692771	4892771	harbor2	chr9	4698820	4699116	DNA/hAT-Charlie	1208	+	148	4698968	6197
chr9	4692771	4892771	harbor2	chr9	4775769	4775927	DNA/hAT-Charlie	621	+	79	4775848	83077
chr9	4886118	5086118	harbor2	chr9	4924597	4924796	DNA/hAT-Charlie	888	+	100	4924697	38579
chr9	4886118	5086118	harbor2	chr9	4930783	4930938	DNA/hAT-Charlie	808	+	78	4930861	44743
chr9	4886118	5086118	harbor2	chr9	4967764	4967895	DNA/hAT-Charlie	663	+	66	4967830	81712
chr9	4693367	4893367	harbor2	chr9	4698684	4698821	DNA/hAT-Charlie	633	+	68	4698752	5385
chr9	4693367	4893367	harbor2	chr9	4698820	4699116	DNA/hAT-Charlie	1208	+	148	4698968	5601
chr9	4693367	4893367	harbor2	chr9	4775769	4775927	DNA/hAT-Charlie	621	+	79	4775848	82481
chr9	91845860	92045860	harbor2	chr9	91869946	91870149	DNA/hAT-Charlie	553	+	102	91870048	24188
chr9	91845860	92045860	harbor2	chr9	91923229	91923431	DNA/hAT-Charlie	709	+	101	91923330	77470
chr9	91845860	92045860	harbor2	chr9	91945165	91945299	DNA/hAT-Charlie	587	+	67	91945232	99372
chr9	68605578	68805578	harbor2	chr9	68633315	68633556	DNA/hAT-Charlie	957	+	120	68633435	27857
chr9	68605578	68805578	harbor2	chr9	68670724	68670994	DNA/hAT-Charlie	754	+	135	68670859	65281
chr9	68605578	68805578	harbor2	chr9	68688590	68688815	DNA/hAT-Charlie	1143	+	112	68688702	83124
chr9	4884810	5084810	harbor2	chr9	4924597	4924796	DNA/hAT-Charlie	888	+	100	4924697	39887
chr9	4884810	5084810	harbor2	chr9	4930783	4930938	DNA/hAT-Charlie	808	+	78	4930861	46051
chr9	4884810	5084810	harbor2	chr9	4967764	4967895	DNA/hAT-Charlie	663	+	66	4967830	83020
chr9	4884787	5084787	harbor2	chr9	4924597	4924796	DNA/hAT-Charlie	888	+	100	4924697	39910
chr9	4884787	5084787	harbor2	chr9	4930783	4930938	DNA/hAT-Charlie	808	+	78	4930861	46074
chr9	4884787	5084787	harbor2	chr9	4967764	4967895	DNA/hAT-Charlie	663	+	66	4967830	83043
chr9	95415629	95615629	harbor2	chr9	95477115	95477287	DNA/hAT-Charlie	601	+	86	95477201	61572
chr9	95415629	95615629	harbor2	chr9	95501166	95501383	DNA/hAT-Charlie	1153	+	108	95501274	85645
chr9	35836326	36036326	harbor2	chr9	35870661	35870870	DNA/hAT-Charlie	558	+	104	35870765	34439
chr9	35836326	36036326	harbor2	chr9	35925268	35925332	DNA/hAT-Charlie	648	+	32	35925300	88974
chr9	35836326	36036326	harbor2	chr9	35925634	35925885	DNA/hAT-Charlie	648	+	126	35925760	89434
chr9	4884811	5084811	harbor2	chr9	4924597	4924796	DNA/hAT-Charlie	888	+	100	4924697	39886
chr9	4884811	5084811	harbor2	chr9	4930783	4930938	DNA/hAT-Charlie	808	+	78	4930861	46050
chr9	4884811	5084811	harbor2	chr9	4967764	4967895	DNA/hAT-Charlie	663	+	66	4967830	83019
chr9	4884812	5084812	harbor2	chr9	4924597	4924796	DNA/hAT-Charlie	888	+	100	4924697	39885
chr9	4884812	5084812	harbor2	chr9	4930783	4930938	DNA/hAT-Charlie	808	+	78	4930861	46049
chr9	4884812	5084812	harbor2	chr9	4967764	4967895	DNA/hAT-Charlie	663	+	66	4967830	83018
chr9	133063996	133263996	harbor2	chr9	133068402	133068564	DNA/hAT-Charlie	670	+	81	133068483	4487
chr9	133063996	133263996	harbor2	chr9	133084186	133084348	DNA/hAT-Charlie	670	+	81	133084267	20271
chr9	133063996	133263996	harbor2	chr9	133126343	133126571	DNA/hAT-Charlie	726	+	114	133126457	62461
chr9	4884741	5084741	harbor2	chr9	4924597	4924796	DNA/hAT-Charlie	888	+	100	4924697	39956
chr9	4884741	5084741	harbor2	chr9	4930783	4930938	DNA/hAT-Charlie	808	+	78	4930861	46120
chr9	4884741	5084741	harbor2	chr9	4967764	4967895	DNA/hAT-Charlie	663	+	66	4967830	83089
chr9	133063986	133263986	harbor2	chr9	133068402	133068564	DNA/hAT-Charlie	670	+	81	133068483	4497
chr9	133063986	133263986	harbor2	chr9	133084186	133084348	DNA/hAT-Charlie	670	+	81	133084267	20281
chr9	133063986	133263986	harbor2	chr9	133126343	133126571	DNA/hAT-Charlie	726	+	114	133126457	62471
chr9	136403289	136603289	harbor2	chr9	136485974	136486157	DNA/hAT-Charlie	660	+	92	136486066	82777
chr9	136403289	136603289	harbor2	chr9	136491092	136491231	DNA/hAT-Charlie	801	+	70	136491162	87873
chr9	136403289	136603289	harbor2	chr9	136491538	136491674	DNA/hAT-Charlie	801	+	68	136491606	88317
chr9	115857318	116057318	harbor2	chr9	115934775	115935001	DNA/hAT-Charlie	996	+	113	115934888	77570
chr9	126307232	126507232	harbor2	chr9	126325243	126325462	DNA/hAT-Charlie	651	+	110	126325353	18121
chr9	126307232	126507232	harbor2	chr9	126333925	126334100	DNA/hAT-Charlie	610	+	88	126334013	26781
chr9	4884717	5084717	harbor2	chr9	4924597	4924796	DNA/hAT-Charlie	888	+	100	4924697	39980
chr9	4884717	5084717	harbor2	chr9	4930783	4930938	DNA/hAT-Charlie	808	+	78	4930861	46144
chr9	4884717	5084717	harbor2	chr9	4967764	4967895	DNA/hAT-Charlie	663	+	66	4967830	83113
chr9	4886228	5086228	harbor2	chr9	4924597	4924796	DNA/hAT-Charlie	888	+	100	4924697	38469
chr9	4886228	5086228	harbor2	chr9	4930783	4930938	DNA/hAT-Charlie	808	+	78	4930861	44633
chr9	4886228	5086228	harbor2	chr9	4967764	4967895	DNA/hAT-Charlie	663	+	66	4967830	81602
chr9	4884728	5084728	harbor2	chr9	4924597	4924796	DNA/hAT-Charlie	888	+	100	4924697	39969
chr9	4884728	5084728	harbor2	chr9	4930783	4930938	DNA/hAT-Charlie	808	+	78	4930861	46133
chr9	4884728	5084728	harbor2	chr9	4967764	4967895	DNA/hAT-Charlie	663	+	66	4967830	83102
chr9	37233585	37433585	harbor2	chr9	37256286	37256650	DNA/hAT-Charlie	1370	+	182	37256468	22883
chr9	37233585	37433585	harbor2	chr9	37256667	37256919	DNA/hAT-Charlie	2102	+	126	37256793	23208
chr9	37233585	37433585	harbor2	chr9	37257414	37257753	DNA/hAT-Charlie	2102	+	170	37257584	23999
chr9	37233585	37433585	harbor2	chr9	37269991	37270256	DNA/hAT-Charlie	877	+	132	37270123	36538
chr9	37233585	37433585	harbor2	chr9	37273022	37273216	DNA/hAT-Charlie	939	+	97	37273119	39534
chr9	4692837	4892837	harbor2	chr9	4698684	4698821	DNA/hAT-Charlie	633	+	68	4698752	5915
chr9	4692837	4892837	harbor2	chr9	4698820	4699116	DNA/hAT-Charlie	1208	+	148	4698968	6131
chr9	4692837	4892837	harbor2	chr9	4775769	4775927	DNA/hAT-Charlie	621	+	79	4775848	83011
chr9	83717793	83917793	harbor2	chr9	83783299	83783484	DNA/hAT-Charlie	800	+	92	83783391	65598
chr9	83717793	83917793	harbor2	chr9	83793373	83793884	DNA/hAT-Charlie	2086	+	256	83793629	75836
chr9	83717793	83917793	harbor2	chr9	83794206	83794754	DNA/hAT-Charlie	2086	+	274	83794480	76687
chr9	83717793	83917793	harbor2	chr9	83809421	83809812	DNA/hAT-Charlie	2051	+	196	83809617	91824
chr9	83717793	83917793	harbor2	chr9	83810104	83810558	DNA/hAT-Charlie	2051	+	227	83810331	92538
chr9	4885225	5085225	harbor2	chr9	4924597	4924796	DNA/hAT-Charlie	888	+	100	4924697	39472
chr9	4885225	5085225	harbor2	chr9	4930783	4930938	DNA/hAT-Charlie	808	+	78	4930861	45636
chr9	4885225	5085225	harbor2	chr9	4967764	4967895	DNA/hAT-Charlie	663	+	66	4967830	82605
chr9	4698150	4898150	harbor2	chr9	4698684	4698821	DNA/hAT-Charlie	633	+	68	4698752	602
chr9	4698150	4898150	harbor2	chr9	4698820	4699116	DNA/hAT-Charlie	1208	+	148	4698968	818
chr9	4698150	4898150	harbor2	chr9	4775769	4775927	DNA/hAT-Charlie	621	+	79	4775848	77698
chr9	4698150	4898150	harbor2	chr9	4797454	4797665	DNA/hAT-Charlie	1206	+	106	4797560	99410
chr9	4692907	4892907	harbor2	chr9	4698684	4698821	DNA/hAT-Charlie	633	+	68	4698752	5845
chr9	4692907	4892907	harbor2	chr9	4698820	4699116	DNA/hAT-Charlie	1208	+	148	4698968	6061
chr9	4692907	4892907	harbor2	chr9	4775769	4775927	DNA/hAT-Charlie	621	+	79	4775848	82941
chr9	4692711	4892711	harbor2	chr9	4698684	4698821	DNA/hAT-Charlie	633	+	68	4698752	6041
chr9	4692711	4892711	harbor2	chr9	4698820	4699116	DNA/hAT-Charlie	1208	+	148	4698968	6257
chr9	4692711	4892711	harbor2	chr9	4775769	4775927	DNA/hAT-Charlie	621	+	79	4775848	83137
chr9	4884786	5084786	harbor2	chr9	4924597	4924796	DNA/hAT-Charlie	888	+	100	4924697	39911
chr9	4884786	5084786	harbor2	chr9	4930783	4930938	DNA/hAT-Charlie	808	+	78	4930861	46075
chr9	4884786	5084786	harbor2	chr9	4967764	4967895	DNA/hAT-Charlie	663	+	66	4967830	83044
chr9	4884857	5084857	harbor2	chr9	4924597	4924796	DNA/hAT-Charlie	888	+	100	4924697	39840
chr9	4884857	5084857	harbor2	chr9	4930783	4930938	DNA/hAT-Charlie	808	+	78	4930861	46004
chr9	4884857	5084857	harbor2	chr9	4967764	4967895	DNA/hAT-Charlie	663	+	66	4967830	82973
chr9	1	129256	harbor2	chr9	27382	27631	DNA/hAT-Charlie	1303	+	124	27506	27505
chr9	1	129256	harbor2	chr9	36827	37213	DNA/hAT-Charlie	1562	+	193	37020	37019
chr9	1	129256	harbor2	chr9	53350	53510	DNA/hAT-Charlie	691	+	80	53430	53429
chr9	1	129256	harbor2	chr9	91533	91682	DNA/hAT-Charlie	749	+	74	91607	91606
chr9	4692877	4892877	harbor2	chr9	4698684	4698821	DNA/hAT-Charlie	633	+	68	4698752	5875
chr9	4692877	4892877	harbor2	chr9	4698820	4699116	DNA/hAT-Charlie	1208	+	148	4698968	6091
chr9	4692877	4892877	harbor2	chr9	4775769	4775927	DNA/hAT-Charlie	621	+	79	4775848	82971
chr9	113087955	113287955	harbor2	chr9	113132249	113132462	DNA/hAT-Charlie	1179	+	106	113132355	44400
chr9	35657140	35857140	harbor2	chr9	35683894	35684059	DNA/hAT-Charlie	624	+	82	35683976	26836
chr9	4884757	5084757	harbor2	chr9	4924597	4924796	DNA/hAT-Charlie	888	+	100	4924697	39940
chr9	4884757	5084757	harbor2	chr9	4930783	4930938	DNA/hAT-Charlie	808	+	78	4930861	46104
chr9	4884757	5084757	harbor2	chr9	4967764	4967895	DNA/hAT-Charlie	663	+	66	4967830	83073
chr9	133064003	133264003	harbor2	chr9	133068402	133068564	DNA/hAT-Charlie	670	+	81	133068483	4480
chr9	133064003	133264003	harbor2	chr9	133084186	133084348	DNA/hAT-Charlie	670	+	81	133084267	20264
chr9	133064003	133264003	harbor2	chr9	133126343	133126571	DNA/hAT-Charlie	726	+	114	133126457	62454
chr9	137327951	137527951	harbor2	chr9	137412316	137412456	DNA/hAT-Charlie	523	+	70	137412386	84435
chr9	4693388	4893388	harbor2	chr9	4698684	4698821	DNA/hAT-Charlie	633	+	68	4698752	5364
chr9	4693388	4893388	harbor2	chr9	4698820	4699116	DNA/hAT-Charlie	1208	+	148	4698968	5580
chr9	4693388	4893388	harbor2	chr9	4775769	4775927	DNA/hAT-Charlie	621	+	79	4775848	82460
chr9	4692814	4892814	harbor2	chr9	4698684	4698821	DNA/hAT-Charlie	633	+	68	4698752	5938
chr9	4692814	4892814	harbor2	chr9	4698820	4699116	DNA/hAT-Charlie	1208	+	148	4698968	6154
chr9	4692814	4892814	harbor2	chr9	4775769	4775927	DNA/hAT-Charlie	621	+	79	4775848	83034
chr9	4886219	5086219	harbor2	chr9	4924597	4924796	DNA/hAT-Charlie	888	+	100	4924697	38478
chr9	4886219	5086219	harbor2	chr9	4930783	4930938	DNA/hAT-Charlie	808	+	78	4930861	44642
chr9	4886219	5086219	harbor2	chr9	4967764	4967895	DNA/hAT-Charlie	663	+	66	4967830	81611
chr9	4692878	4892878	harbor2	chr9	4698684	4698821	DNA/hAT-Charlie	633	+	68	4698752	5874
chr9	4692878	4892878	harbor2	chr9	4698820	4699116	DNA/hAT-Charlie	1208	+	148	4698968	6090
chr9	4692878	4892878	harbor2	chr9	4775769	4775927	DNA/hAT-Charlie	621	+	79	4775848	82970
chr9	4884862	5084862	harbor2	chr9	4924597	4924796	DNA/hAT-Charlie	888	+	100	4924697	39835
chr9	4884862	5084862	harbor2	chr9	4930783	4930938	DNA/hAT-Charlie	808	+	78	4930861	45999
chr9	4884862	5084862	harbor2	chr9	4967764	4967895	DNA/hAT-Charlie	663	+	66	4967830	82968
chr9	4768126	4968126	harbor2	chr9	4775769	4775927	DNA/hAT-Charlie	621	+	79	4775848	7722
chr9	4768126	4968126	harbor2	chr9	4797454	4797665	DNA/hAT-Charlie	1206	+	106	4797560	29434
chr9	4768126	4968126	harbor2	chr9	4829821	4829972	DNA/hAT-Charlie	517	+	76	4829897	61771
chr9	4768126	4968126	harbor2	chr9	4838691	4838848	DNA/hAT-Charlie	655	+	78	4838769	70643
chr9	4692777	4892777	harbor2	chr9	4698684	4698821	DNA/hAT-Charlie	633	+	68	4698752	5975
chr9	4692777	4892777	harbor2	chr9	4698820	4699116	DNA/hAT-Charlie	1208	+	148	4698968	6191
chr9	4692777	4892777	harbor2	chr9	4775769	4775927	DNA/hAT-Charlie	621	+	79	4775848	83071
chr9	4885989	5085989	harbor2	chr9	4924597	4924796	DNA/hAT-Charlie	888	+	100	4924697	38708
chr9	4885989	5085989	harbor2	chr9	4930783	4930938	DNA/hAT-Charlie	808	+	78	4930861	44872
chr9	4885989	5085989	harbor2	chr9	4967764	4967895	DNA/hAT-Charlie	663	+	66	4967830	81841
chr9	4990107	5190107	harbor2	chr9	5015295	5015522	DNA/hAT-Charlie	971	+	114	5015409	25302
chr9	4990107	5190107	harbor2	chr9	5065466	5065655	DNA/hAT-Charlie	1104	+	94	5065560	75453
chr9	4990107	5190107	harbor2	chr9	5081936	5082035	DNA/hAT-Charlie	571	+	50	5081986	91879
chr9	4990107	5190107	harbor2	chr9	5083000	5083100	DNA/hAT-Charlie	571	+	50	5083050	92943
chr9	4692867	4892867	harbor2	chr9	4698684	4698821	DNA/hAT-Charlie	633	+	68	4698752	5885
chr9	4692867	4892867	harbor2	chr9	4698820	4699116	DNA/hAT-Charlie	1208	+	148	4698968	6101
chr9	4692867	4892867	harbor2	chr9	4775769	4775927	DNA/hAT-Charlie	621	+	79	4775848	82981
chr9	113066015	113266015	harbor2	chr9	113132249	113132462	DNA/hAT-Charlie	1179	+	106	113132355	66340
chr9	4692785	4892785	harbor2	chr9	4698684	4698821	DNA/hAT-Charlie	633	+	68	4698752	5967
chr9	4692785	4892785	harbor2	chr9	4698820	4699116	DNA/hAT-Charlie	1208	+	148	4698968	6183
chr9	4692785	4892785	harbor2	chr9	4775769	4775927	DNA/hAT-Charlie	621	+	79	4775848	83063
chr9	132707943	132907943	harbor2	chr9	132729203	132729382	DNA/hAT-Charlie	662	+	90	132729293	21350
chr9	132707943	132907943	harbor2	chr9	132733968	132734116	DNA/hAT-Charlie	539	+	74	132734042	26099
chr9	35657135	35857135	harbor2	chr9	35683894	35684059	DNA/hAT-Charlie	624	+	82	35683976	26841
chr9	6956424	7156424	harbor2	chr9	6956539	6956711	DNA/hAT-Charlie	774	+	86	6956625	201
chr9	6956424	7156424	harbor2	chr9	7042865	7043050	DNA/hAT-Charlie	530	+	92	7042957	86533
chr9	35657145	35857145	harbor2	chr9	35683894	35684059	DNA/hAT-Charlie	624	+	82	35683976	26831
chr9	4884744	5084744	harbor2	chr9	4924597	4924796	DNA/hAT-Charlie	888	+	100	4924697	39953
chr9	4884744	5084744	harbor2	chr9	4930783	4930938	DNA/hAT-Charlie	808	+	78	4930861	46117
chr9	4884744	5084744	harbor2	chr9	4967764	4967895	DNA/hAT-Charlie	663	+	66	4967830	83086
chr9	89263404	89463404	harbor2	chr9	89356043	89356363	DNA/hAT-Charlie	2053	+	160	89356203	92799
chr9	5032863	5232863	harbor2	chr9	5065466	5065655	DNA/hAT-Charlie	1104	+	94	5065560	32697
chr9	5032863	5232863	harbor2	chr9	5081936	5082035	DNA/hAT-Charlie	571	+	50	5081986	49123
chr9	5032863	5232863	harbor2	chr9	5083000	5083100	DNA/hAT-Charlie	571	+	50	5083050	50187
chr9	5032863	5232863	harbor2	chr9	5117404	5117822	DNA/hAT-Charlie	1555	+	209	5117613	84750
chr9	93152471	93352471	harbor2	chr9	93157371	93157540	DNA/hAT-Charlie	572	+	84	93157455	4984
chr9	136878539	137078539	harbor2	chr9	136899031	136899233	DNA/hAT-Charlie	498	+	101	136899132	20593
chr9	134581107	134781107	harbor2	chr9	134621550	134621755	DNA/hAT-Charlie	952	+	102	134621652	40545
chr9	134581107	134781107	harbor2	chr9	134624045	134624248	DNA/hAT-Charlie	729	+	102	134624147	43040
chr9	134581107	134781107	harbor2	chr9	134652501	134652651	DNA/hAT-Charlie	589	+	75	134652576	71469
chr9	136448633	136648633	harbor2	chr9	136485974	136486157	DNA/hAT-Charlie	660	+	92	136486066	37433
chr9	136448633	136648633	harbor2	chr9	136491092	136491231	DNA/hAT-Charlie	801	+	70	136491162	42529
chr9	136448633	136648633	harbor2	chr9	136491538	136491674	DNA/hAT-Charlie	801	+	68	136491606	42973
chr9	97885753	98085753	harbor2	chr9	97935308	97935535	DNA/hAT-Charlie	909	+	114	97935422	49669
chr9	97885753	98085753	harbor2	chr9	97937111	97937211	DNA/hAT-Charlie	1632	+	50	97937161	51408
chr9	97885753	98085753	harbor2	chr9	97937377	97937703	DNA/hAT-Charlie	1632	+	163	97937540	51787
chr9	97885753	98085753	harbor2	chr9	97960227	97960422	DNA/hAT-Charlie	1039	+	98	97960325	74572
chr9	97885753	98085753	harbor2	chr9	97962884	97963004	DNA/hAT-Charlie	536	+	60	97962944	77191
chr9	133637396	133837396	harbor2	chr9	133653120	133653299	DNA/hAT-Charlie	731	+	90	133653210	15814
chr9	133637396	133837396	harbor2	chr9	133684139	133684338	DNA/hAT-Charlie	762	+	100	133684239	46843
chr9	4698109	4898109	harbor2	chr9	4698684	4698821	DNA/hAT-Charlie	633	+	68	4698752	643
chr9	4698109	4898109	harbor2	chr9	4698820	4699116	DNA/hAT-Charlie	1208	+	148	4698968	859
chr9	4698109	4898109	harbor2	chr9	4775769	4775927	DNA/hAT-Charlie	621	+	79	4775848	77739
chr9	4698109	4898109	harbor2	chr9	4797454	4797665	DNA/hAT-Charlie	1206	+	106	4797560	99451
chr9	136450518	136650518	harbor2	chr9	136485974	136486157	DNA/hAT-Charlie	660	+	92	136486066	35548
chr9	136450518	136650518	harbor2	chr9	136491092	136491231	DNA/hAT-Charlie	801	+	70	136491162	40644
chr9	136450518	136650518	harbor2	chr9	136491538	136491674	DNA/hAT-Charlie	801	+	68	136491606	41088
chr9	83717736	83917736	harbor2	chr9	83783299	83783484	DNA/hAT-Charlie	800	+	92	83783391	65655
chr9	83717736	83917736	harbor2	chr9	83793373	83793884	DNA/hAT-Charlie	2086	+	256	83793629	75893
chr9	83717736	83917736	harbor2	chr9	83794206	83794754	DNA/hAT-Charlie	2086	+	274	83794480	76744
chr9	83717736	83917736	harbor2	chr9	83809421	83809812	DNA/hAT-Charlie	2051	+	196	83809617	91881
chr9	83717736	83917736	harbor2	chr9	83810104	83810558	DNA/hAT-Charlie	2051	+	227	83810331	92595
chr9	4885834	5085834	harbor2	chr9	4924597	4924796	DNA/hAT-Charlie	888	+	100	4924697	38863
chr9	4885834	5085834	harbor2	chr9	4930783	4930938	DNA/hAT-Charlie	808	+	78	4930861	45027
chr9	4885834	5085834	harbor2	chr9	4967764	4967895	DNA/hAT-Charlie	663	+	66	4967830	81996
chr9	4698056	4898056	harbor2	chr9	4698684	4698821	DNA/hAT-Charlie	633	+	68	4698752	696
chr9	4698056	4898056	harbor2	chr9	4698820	4699116	DNA/hAT-Charlie	1208	+	148	4698968	912
chr9	4698056	4898056	harbor2	chr9	4775769	4775927	DNA/hAT-Charlie	621	+	79	4775848	77792
chr9	4698056	4898056	harbor2	chr9	4797454	4797665	DNA/hAT-Charlie	1206	+	106	4797560	99504
chr9	68655476	68855476	harbor2	chr9	68670724	68670994	DNA/hAT-Charlie	754	+	135	68670859	15383
chr9	68655476	68855476	harbor2	chr9	68688590	68688815	DNA/hAT-Charlie	1143	+	112	68688702	33226
chr9	4884821	5084821	harbor2	chr9	4924597	4924796	DNA/hAT-Charlie	888	+	100	4924697	39876
chr9	4884821	5084821	harbor2	chr9	4930783	4930938	DNA/hAT-Charlie	808	+	78	4930861	46040
chr9	4884821	5084821	harbor2	chr9	4967764	4967895	DNA/hAT-Charlie	663	+	66	4967830	83009
chr9	4693327	4893327	harbor2	chr9	4698684	4698821	DNA/hAT-Charlie	633	+	68	4698752	5425
chr9	4693327	4893327	harbor2	chr9	4698820	4699116	DNA/hAT-Charlie	1208	+	148	4698968	5641
chr9	4693327	4893327	harbor2	chr9	4775769	4775927	DNA/hAT-Charlie	621	+	79	4775848	82521
chr9	133016592	133216592	harbor2	chr9	133043294	133043412	DNA/hAT-Charlie	488	+	59	133043353	26761
chr9	133016592	133216592	harbor2	chr9	133068402	133068564	DNA/hAT-Charlie	670	+	81	133068483	51891
chr9	133016592	133216592	harbor2	chr9	133084186	133084348	DNA/hAT-Charlie	670	+	81	133084267	67675
chr9	4991439	5191439	harbor2	chr9	5015295	5015522	DNA/hAT-Charlie	971	+	114	5015409	23970
chr9	4991439	5191439	harbor2	chr9	5065466	5065655	DNA/hAT-Charlie	1104	+	94	5065560	74121
chr9	4991439	5191439	harbor2	chr9	5081936	5082035	DNA/hAT-Charlie	571	+	50	5081986	90547
chr9	4991439	5191439	harbor2	chr9	5083000	5083100	DNA/hAT-Charlie	571	+	50	5083050	91611
chr9	112387609	112587609	harbor2	chr9	112410938	112411392	DNA/hAT-Charlie	1921	+	227	112411165	23556
chr9	112387609	112587609	harbor2	chr9	112411688	112412023	DNA/hAT-Charlie	1921	+	168	112411856	24247
chr9	112387609	112587609	harbor2	chr9	112412233	112412530	DNA/hAT-Charlie	853	+	148	112412381	24772
chr9	112387609	112587609	harbor2	chr9	112412652	112412804	DNA/hAT-Charlie	597	+	76	112412728	25119
chr9	4884854	5084854	harbor2	chr9	4924597	4924796	DNA/hAT-Charlie	888	+	100	4924697	39843
chr9	4884854	5084854	harbor2	chr9	4930783	4930938	DNA/hAT-Charlie	808	+	78	4930861	46007
chr9	4884854	5084854	harbor2	chr9	4967764	4967895	DNA/hAT-Charlie	663	+	66	4967830	82976
chr9	4884876	5084876	harbor2	chr9	4924597	4924796	DNA/hAT-Charlie	888	+	100	4924697	39821
chr9	4884876	5084876	harbor2	chr9	4930783	4930938	DNA/hAT-Charlie	808	+	78	4930861	45985
chr9	4884876	5084876	harbor2	chr9	4967764	4967895	DNA/hAT-Charlie	663	+	66	4967830	82954
chr9	35698455	35898455	harbor2	chr9	35762654	35762882	DNA/hAT-Charlie	557	+	114	35762768	64313
chr9	35698455	35898455	harbor2	chr9	35782159	35782316	DNA/hAT-Charlie	535	+	78	35782237	83782
chr9	35698455	35898455	harbor2	chr9	35785321	35785505	DNA/hAT-Charlie	545	+	92	35785413	86958
chr9	35698455	35898455	harbor2	chr9	35797819	35797997	DNA/hAT-Charlie	803	+	89	35797908	99453
chr9	35698455	35898455	harbor2	chr9	35797986	35798123	DNA/hAT-Charlie	757	+	68	35798054	99599
chr9	4884809	5084809	harbor2	chr9	4924597	4924796	DNA/hAT-Charlie	888	+	100	4924697	39888
chr9	4884809	5084809	harbor2	chr9	4930783	4930938	DNA/hAT-Charlie	808	+	78	4930861	46052
chr9	4884809	5084809	harbor2	chr9	4967764	4967895	DNA/hAT-Charlie	663	+	66	4967830	83021
chr9	125647137	125847137	harbor2	chr9	125676823	125676978	DNA/hAT-Charlie	518	+	78	125676901	29764
chr9	125647137	125847137	harbor2	chr9	125684231	125684452	DNA/hAT-Charlie	741	+	110	125684341	37204
chr9	125647137	125847137	harbor2	chr9	125703047	125703197	DNA/hAT-Charlie	678	+	75	125703122	55985
chr9	125647137	125847137	harbor2	chr9	125727751	125727892	DNA/hAT-Charlie	830	+	70	125727821	80684
chr9	4886126	5086126	harbor2	chr9	4924597	4924796	DNA/hAT-Charlie	888	+	100	4924697	38571
chr9	4886126	5086126	harbor2	chr9	4930783	4930938	DNA/hAT-Charlie	808	+	78	4930861	44735
chr9	4886126	5086126	harbor2	chr9	4967764	4967895	DNA/hAT-Charlie	663	+	66	4967830	81704
chr9	133063985	133263985	harbor2	chr9	133068402	133068564	DNA/hAT-Charlie	670	+	81	133068483	4498
chr9	133063985	133263985	harbor2	chr9	133084186	133084348	DNA/hAT-Charlie	670	+	81	133084267	20282
chr9	133063985	133263985	harbor2	chr9	133126343	133126571	DNA/hAT-Charlie	726	+	114	133126457	62472
chr9	128319396	128519396	harbor2	chr9	128321264	128321472	DNA/hAT-Charlie	1196	+	104	128321368	1972
chr9	128319396	128519396	harbor2	chr9	128358266	128358446	DNA/hAT-Charlie	613	+	90	128358356	38960
chr9	128319396	128519396	harbor2	chr9	128358747	128358798	DNA/hAT-Charlie	613	+	26	128358773	39377
chr9	88952836	89152836	harbor2	chr9	88954813	88955017	DNA/hAT-Charlie	1008	+	102	88954915	2079
chr9	88952836	89152836	harbor2	chr9	89008401	89008580	DNA/hAT-Charlie	693	+	90	89008491	55655
chr9	89263414	89463414	harbor2	chr9	89356043	89356363	DNA/hAT-Charlie	2053	+	160	89356203	92789
chr9	35657122	35857122	harbor2	chr9	35683894	35684059	DNA/hAT-Charlie	624	+	82	35683976	26854
chr9	4692732	4892732	harbor2	chr9	4698684	4698821	DNA/hAT-Charlie	633	+	68	4698752	6020
chr9	4692732	4892732	harbor2	chr9	4698820	4699116	DNA/hAT-Charlie	1208	+	148	4698968	6236
chr9	4692732	4892732	harbor2	chr9	4775769	4775927	DNA/hAT-Charlie	621	+	79	4775848	83116
chr9	4885722	5085722	harbor2	chr9	4924597	4924796	DNA/hAT-Charlie	888	+	100	4924697	38975
chr9	4885722	5085722	harbor2	chr9	4930783	4930938	DNA/hAT-Charlie	808	+	78	4930861	45139
chr9	4885722	5085722	harbor2	chr9	4967764	4967895	DNA/hAT-Charlie	663	+	66	4967830	82108
chr9	4729056	4929056	harbor2	chr9	4775769	4775927	DNA/hAT-Charlie	621	+	79	4775848	46792
chr9	4729056	4929056	harbor2	chr9	4797454	4797665	DNA/hAT-Charlie	1206	+	106	4797560	68504
chr9	4692766	4892766	harbor2	chr9	4698684	4698821	DNA/hAT-Charlie	633	+	68	4698752	5986
chr9	4692766	4892766	harbor2	chr9	4698820	4699116	DNA/hAT-Charlie	1208	+	148	4698968	6202
chr9	4692766	4892766	harbor2	chr9	4775769	4775927	DNA/hAT-Charlie	621	+	79	4775848	83082
chr9	4885228	5085228	harbor2	chr9	4924597	4924796	DNA/hAT-Charlie	888	+	100	4924697	39469
chr9	4885228	5085228	harbor2	chr9	4930783	4930938	DNA/hAT-Charlie	808	+	78	4930861	45633
chr9	4885228	5085228	harbor2	chr9	4967764	4967895	DNA/hAT-Charlie	663	+	66	4967830	82602
chr9	4889537	5089537	harbor2	chr9	4924597	4924796	DNA/hAT-Charlie	888	+	100	4924697	35160
chr9	4889537	5089537	harbor2	chr9	4930783	4930938	DNA/hAT-Charlie	808	+	78	4930861	41324
chr9	4889537	5089537	harbor2	chr9	4967764	4967895	DNA/hAT-Charlie	663	+	66	4967830	78293
chr9	4889537	5089537	harbor2	chr9	4988252	4988445	DNA/hAT-Charlie	876	+	96	4988348	98811
chr9	4885594	5085594	harbor2	chr9	4924597	4924796	DNA/hAT-Charlie	888	+	100	4924697	39103
chr9	4885594	5085594	harbor2	chr9	4930783	4930938	DNA/hAT-Charlie	808	+	78	4930861	45267
chr9	4885594	5085594	harbor2	chr9	4967764	4967895	DNA/hAT-Charlie	663	+	66	4967830	82236
chr9	4692826	4892826	harbor2	chr9	4698684	4698821	DNA/hAT-Charlie	633	+	68	4698752	5926
chr9	4692826	4892826	harbor2	chr9	4698820	4699116	DNA/hAT-Charlie	1208	+	148	4698968	6142
chr9	4692826	4892826	harbor2	chr9	4775769	4775927	DNA/hAT-Charlie	621	+	79	4775848	83022
chr9	6313278	6513278	harbor2	chr9	6404707	6404915	DNA/hAT-Charlie	713	+	104	6404811	91533
chr9	128003758	128203758	harbor2	chr9	128052504	128052581	DNA/hAT-Charlie	932	+	38	128052542	48784
chr9	128003758	128203758	harbor2	chr9	128052882	128052988	DNA/hAT-Charlie	932	+	53	128052935	49177
chr9	128003758	128203758	harbor2	chr9	128053593	128053640	DNA/hAT-Charlie	932	+	24	128053617	49859
chr9	35726185	35926185	harbor2	chr9	35762654	35762882	DNA/hAT-Charlie	557	+	114	35762768	36583
chr9	35726185	35926185	harbor2	chr9	35782159	35782316	DNA/hAT-Charlie	535	+	78	35782237	56052
chr9	35726185	35926185	harbor2	chr9	35785321	35785505	DNA/hAT-Charlie	545	+	92	35785413	59228
chr9	35726185	35926185	harbor2	chr9	35797819	35797997	DNA/hAT-Charlie	803	+	89	35797908	71723
chr9	35726185	35926185	harbor2	chr9	35797986	35798123	DNA/hAT-Charlie	757	+	68	35798054	71869
chr9	19131608	19331608	harbor2	chr9	19133215	19133399	DNA/hAT-Charlie	1025	+	92	19133307	1699
chr9	19131608	19331608	harbor2	chr9	19156094	19156306	DNA/hAT-Charlie	830	+	106	19156200	24592
chr9	19131608	19331608	harbor2	chr9	19159729	19159839	DNA/hAT-Charlie	519	+	55	19159784	28176
chr9	115443159	115643159	harbor2	chr9	115463221	115463560	DNA/hAT-Charlie	751	+	170	115463391	20232
chr9	115443159	115643159	harbor2	chr9	115537096	115537278	DNA/hAT-Charlie	708	+	91	115537187	94028
chr9	35657132	35857132	harbor2	chr9	35683894	35684059	DNA/hAT-Charlie	624	+	82	35683976	26844
chr9	4884814	5084814	harbor2	chr9	4924597	4924796	DNA/hAT-Charlie	888	+	100	4924697	39883
chr9	4884814	5084814	harbor2	chr9	4930783	4930938	DNA/hAT-Charlie	808	+	78	4930861	46047
chr9	4884814	5084814	harbor2	chr9	4967764	4967895	DNA/hAT-Charlie	663	+	66	4967830	83016
chr9	79474112	79674112	harbor2	chr9	79486786	79486972	DNA/hAT-Charlie	940	+	93	79486879	12767
chr9	79474112	79674112	harbor2	chr9	79502503	79502710	DNA/hAT-Charlie	1038	+	104	79502607	28495
chr9	79474112	79674112	harbor2	chr9	79514176	79514485	DNA/hAT-Charlie	1822	+	154	79514330	40218
chr9	79474112	79674112	harbor2	chr9	79514784	79514984	DNA/hAT-Charlie	1822	+	100	79514884	40772
chr9	79474112	79674112	harbor2	chr9	79552479	79552641	DNA/hAT-Charlie	628	+	81	79552560	78448
chr9	4692728	4892728	harbor2	chr9	4698684	4698821	DNA/hAT-Charlie	633	+	68	4698752	6024
chr9	4692728	4892728	harbor2	chr9	4698820	4699116	DNA/hAT-Charlie	1208	+	148	4698968	6240
chr9	4692728	4892728	harbor2	chr9	4775769	4775927	DNA/hAT-Charlie	621	+	79	4775848	83120
chr9	137180157	137380157	harbor2	chr9	137203109	137203299	DNA/hAT-Charlie	615	+	95	137203204	23047
chr9	130377039	130577039	harbor2	chr9	130401147	130401333	DNA/hAT-Charlie	626	+	93	130401240	24201
chr9	130377039	130577039	harbor2	chr9	130401623	130401741	DNA/hAT-Charlie	626	+	59	130401682	24643
chr9	130377039	130577039	harbor2	chr9	130426651	130426879	DNA/hAT-Charlie	1720	+	114	130426765	49726
chr9	84422130	84622130	harbor2	chr9	84436877	84437082	DNA/hAT-Charlie	1006	+	102	84436979	14849
chr9	84422130	84622130	harbor2	chr9	84437381	84437488	DNA/hAT-Charlie	1006	+	54	84437435	15305
chr9	84422130	84622130	harbor2	chr9	84474446	84474628	DNA/hAT-Charlie	537	+	91	84474537	52407
chr9	84422130	84622130	harbor2	chr9	84484897	84485110	DNA/hAT-Charlie	594	+	106	84485003	62873
chr9	84422130	84622130	harbor2	chr9	84485123	84485250	DNA/hAT-Charlie	608	+	64	84485187	63057
chr9	84422130	84622130	harbor2	chr9	84490908	84491098	DNA/hAT-Charlie	631	+	95	84491003	68873
chr9	84422130	84622130	harbor2	chr9	84491170	84491444	DNA/hAT-Charlie	986	+	137	84491307	69177
chr9	84422130	84622130	harbor2	chr9	84498964	84499153	DNA/hAT-Charlie	507	+	94	84499058	76928
chr9	84422130	84622130	harbor2	chr9	84517236	84517386	DNA/hAT-Charlie	845	+	75	84517311	95181
chr9	4692827	4892827	harbor2	chr9	4698684	4698821	DNA/hAT-Charlie	633	+	68	4698752	5925
chr9	4692827	4892827	harbor2	chr9	4698820	4699116	DNA/hAT-Charlie	1208	+	148	4698968	6141
chr9	4692827	4892827	harbor2	chr9	4775769	4775927	DNA/hAT-Charlie	621	+	79	4775848	83021
chr9	137177840	137377840	harbor2	chr9	137203109	137203299	DNA/hAT-Charlie	615	+	95	137203204	25364
chr9	97885525	98085525	harbor2	chr9	97935308	97935535	DNA/hAT-Charlie	909	+	114	97935422	49897
chr9	97885525	98085525	harbor2	chr9	97937111	97937211	DNA/hAT-Charlie	1632	+	50	97937161	51636
chr9	97885525	98085525	harbor2	chr9	97937377	97937703	DNA/hAT-Charlie	1632	+	163	97937540	52015
chr9	97885525	98085525	harbor2	chr9	97960227	97960422	DNA/hAT-Charlie	1039	+	98	97960325	74800
chr9	97885525	98085525	harbor2	chr9	97962884	97963004	DNA/hAT-Charlie	536	+	60	97962944	77419
chr9	111562999	111762999	harbor2	chr9	111605898	111605981	DNA/hAT-Charlie	507	+	42	111605940	42941
chr9	111562999	111762999	harbor2	chr9	111630680	111630836	DNA/hAT-Charlie	900	+	78	111630758	67759
chr9	4692863	4892863	harbor2	chr9	4698684	4698821	DNA/hAT-Charlie	633	+	68	4698752	5889
chr9	4692863	4892863	harbor2	chr9	4698820	4699116	DNA/hAT-Charlie	1208	+	148	4698968	6105
chr9	4692863	4892863	harbor2	chr9	4775769	4775927	DNA/hAT-Charlie	621	+	79	4775848	82985
chr9	93086535	93286535	harbor2	chr9	93157371	93157540	DNA/hAT-Charlie	572	+	84	93157455	70920
chr9	4890034	5090034	harbor2	chr9	4924597	4924796	DNA/hAT-Charlie	888	+	100	4924697	34663
chr9	4890034	5090034	harbor2	chr9	4930783	4930938	DNA/hAT-Charlie	808	+	78	4930861	40827
chr9	4890034	5090034	harbor2	chr9	4967764	4967895	DNA/hAT-Charlie	663	+	66	4967830	77796
chr9	4890034	5090034	harbor2	chr9	4988252	4988445	DNA/hAT-Charlie	876	+	96	4988348	98314
chr9	4693547	4893547	harbor2	chr9	4698684	4698821	DNA/hAT-Charlie	633	+	68	4698752	5205
chr9	4693547	4893547	harbor2	chr9	4698820	4699116	DNA/hAT-Charlie	1208	+	148	4698968	5421
chr9	4693547	4893547	harbor2	chr9	4775769	4775927	DNA/hAT-Charlie	621	+	79	4775848	82301
chr9	109520305	109720305	harbor2	chr9	109525423	109525600	DNA/hAT-Charlie	619	+	88	109525511	5206
chr9	109520305	109720305	harbor2	chr9	109529233	109529419	DNA/hAT-Charlie	1089	+	93	109529326	9021
chr9	109520305	109720305	harbor2	chr9	109557724	109557931	DNA/hAT-Charlie	781	+	104	109557828	37523
chr9	109520305	109720305	harbor2	chr9	109581470	109581545	DNA/hAT-Charlie	3956	+	38	109581508	61203
chr9	109520305	109720305	harbor2	chr9	109581906	109582109	DNA/hAT-Charlie	3956	+	102	109582008	61703
chr9	109520305	109720305	harbor2	chr9	109582411	109582949	DNA/hAT-Charlie	3956	+	269	109582680	62375
chr9	112387187	112587187	harbor2	chr9	112410938	112411392	DNA/hAT-Charlie	1921	+	227	112411165	23978
chr9	112387187	112587187	harbor2	chr9	112411688	112412023	DNA/hAT-Charlie	1921	+	168	112411856	24669
chr9	112387187	112587187	harbor2	chr9	112412233	112412530	DNA/hAT-Charlie	853	+	148	112412381	25194
chr9	112387187	112587187	harbor2	chr9	112412652	112412804	DNA/hAT-Charlie	597	+	76	112412728	25541
chr9	4693361	4893361	harbor2	chr9	4698684	4698821	DNA/hAT-Charlie	633	+	68	4698752	5391
chr9	4693361	4893361	harbor2	chr9	4698820	4699116	DNA/hAT-Charlie	1208	+	148	4698968	5607
chr9	4693361	4893361	harbor2	chr9	4775769	4775927	DNA/hAT-Charlie	621	+	79	4775848	82487
chr9	112420689	112620689	harbor2	chr9	112502712	112502827	DNA/hAT-Charlie	594	+	58	112502770	82081
chr9	112420689	112620689	harbor2	chr9	112511183	112511356	DNA/hAT-Charlie	902	+	86	112511269	90580
chr9	4692842	4892842	harbor2	chr9	4698684	4698821	DNA/hAT-Charlie	633	+	68	4698752	5910
chr9	4692842	4892842	harbor2	chr9	4698820	4699116	DNA/hAT-Charlie	1208	+	148	4698968	6126
chr9	4692842	4892842	harbor2	chr9	4775769	4775927	DNA/hAT-Charlie	621	+	79	4775848	83006
chr9	112389364	112589364	harbor2	chr9	112410938	112411392	DNA/hAT-Charlie	1921	+	227	112411165	21801
chr9	112389364	112589364	harbor2	chr9	112411688	112412023	DNA/hAT-Charlie	1921	+	168	112411856	22492
chr9	112389364	112589364	harbor2	chr9	112412233	112412530	DNA/hAT-Charlie	853	+	148	112412381	23017
chr9	112389364	112589364	harbor2	chr9	112412652	112412804	DNA/hAT-Charlie	597	+	76	112412728	23364
chr9	4884868	5084868	harbor2	chr9	4924597	4924796	DNA/hAT-Charlie	888	+	100	4924697	39829
chr9	4884868	5084868	harbor2	chr9	4930783	4930938	DNA/hAT-Charlie	808	+	78	4930861	45993
chr9	4884868	5084868	harbor2	chr9	4967764	4967895	DNA/hAT-Charlie	663	+	66	4967830	82962
chr9	135951490	136151490	harbor2	chr9	135961603	135961836	DNA/hAT-Charlie	828	+	116	135961719	10229
chr9	4692856	4892856	harbor2	chr9	4698684	4698821	DNA/hAT-Charlie	633	+	68	4698752	5896
chr9	4692856	4892856	harbor2	chr9	4698820	4699116	DNA/hAT-Charlie	1208	+	148	4698968	6112
chr9	4692856	4892856	harbor2	chr9	4775769	4775927	DNA/hAT-Charlie	621	+	79	4775848	82992
chr9	4692823	4892823	harbor2	chr9	4698684	4698821	DNA/hAT-Charlie	633	+	68	4698752	5929
chr9	4692823	4892823	harbor2	chr9	4698820	4699116	DNA/hAT-Charlie	1208	+	148	4698968	6145
chr9	4692823	4892823	harbor2	chr9	4775769	4775927	DNA/hAT-Charlie	621	+	79	4775848	83025
chr9	4884895	5084895	harbor2	chr9	4924597	4924796	DNA/hAT-Charlie	888	+	100	4924697	39802
chr9	4884895	5084895	harbor2	chr9	4930783	4930938	DNA/hAT-Charlie	808	+	78	4930861	45966
chr9	4884895	5084895	harbor2	chr9	4967764	4967895	DNA/hAT-Charlie	663	+	66	4967830	82935
chr9	35657149	35857149	harbor2	chr9	35683894	35684059	DNA/hAT-Charlie	624	+	82	35683976	26827
chr9	137338276	137538276	harbor2	chr9	137412316	137412456	DNA/hAT-Charlie	523	+	70	137412386	74110
chr9	128003757	128203757	harbor2	chr9	128052504	128052581	DNA/hAT-Charlie	932	+	38	128052542	48785
chr9	128003757	128203757	harbor2	chr9	128052882	128052988	DNA/hAT-Charlie	932	+	53	128052935	49178
chr9	128003757	128203757	harbor2	chr9	128053593	128053640	DNA/hAT-Charlie	932	+	24	128053617	49860
chr9	65482190	65682190	harbor2	chr9	65500262	65500361	DNA/hAT-Charlie	1720	+	50	65500312	18122
chr9	65482190	65682190	harbor2	chr9	65500661	65500757	DNA/hAT-Charlie	1720	+	48	65500709	18519
chr9	65482190	65682190	harbor2	chr9	65501055	65501335	DNA/hAT-Charlie	1720	+	140	65501195	19005
chr9	65482190	65682190	harbor2	chr9	65562191	65562329	DNA/hAT-Charlie	669	+	69	65562260	80070
chr9	68898713	69098713	harbor2	chr9	68956811	68956991	DNA/hAT-Charlie	573	+	90	68956901	58188
chr9	68898713	69098713	harbor2	chr9	68990202	68990380	DNA/hAT-Charlie	932	+	89	68990291	91578
chr9	4885406	5085406	harbor2	chr9	4924597	4924796	DNA/hAT-Charlie	888	+	100	4924697	39291
chr9	4885406	5085406	harbor2	chr9	4930783	4930938	DNA/hAT-Charlie	808	+	78	4930861	45455
chr9	4885406	5085406	harbor2	chr9	4967764	4967895	DNA/hAT-Charlie	663	+	66	4967830	82424
chr9	113809675	114009675	harbor2	chr9	113873577	113873735	DNA/hAT-Charlie	690	+	79	113873656	63981
chr9	113809675	114009675	harbor2	chr9	113880402	113880500	DNA/hAT-Charlie	526	+	49	113880451	70776
chr9	113809675	114009675	harbor2	chr9	113880604	113880824	DNA/hAT-Charlie	775	+	110	113880714	71039
chr9	113809675	114009675	harbor2	chr9	113886751	113886971	DNA/hAT-Charlie	1155	+	110	113886861	77186
chr9	113809675	114009675	harbor2	chr9	113887000	113887070	DNA/hAT-Charlie	1155	+	35	113887035	77360
chr9	113809675	114009675	harbor2	chr9	113899360	113899683	DNA/hAT-Charlie	2026	+	162	113899522	89847
chr9	113809675	114009675	harbor2	chr9	113905386	113905573	DNA/hAT-Charlie	715	+	94	113905480	95805
chr9	133063982	133263982	harbor2	chr9	133068402	133068564	DNA/hAT-Charlie	670	+	81	133068483	4501
chr9	133063982	133263982	harbor2	chr9	133084186	133084348	DNA/hAT-Charlie	670	+	81	133084267	20285
chr9	133063982	133263982	harbor2	chr9	133126343	133126571	DNA/hAT-Charlie	726	+	114	133126457	62475
chr9	97885737	98085737	harbor2	chr9	97935308	97935535	DNA/hAT-Charlie	909	+	114	97935422	49685
chr9	97885737	98085737	harbor2	chr9	97937111	97937211	DNA/hAT-Charlie	1632	+	50	97937161	51424
chr9	97885737	98085737	harbor2	chr9	97937377	97937703	DNA/hAT-Charlie	1632	+	163	97937540	51803
chr9	97885737	98085737	harbor2	chr9	97960227	97960422	DNA/hAT-Charlie	1039	+	98	97960325	74588
chr9	97885737	98085737	harbor2	chr9	97962884	97963004	DNA/hAT-Charlie	536	+	60	97962944	77207
chr9	133936073	134136073	harbor2	chr9	133941021	133941125	DNA/hAT-Charlie	571	+	52	133941073	5000
chr9	133936073	134136073	harbor2	chr9	133941427	133941509	DNA/hAT-Charlie	571	+	41	133941468	5395
chr9	133936073	134136073	harbor2	chr9	133982707	133983016	DNA/hAT-Charlie	1193	+	154	133982861	46788
chr9	133936073	134136073	harbor2	chr9	133984925	133985047	DNA/hAT-Charlie	501	+	61	133984986	48913
chr9	133936073	134136073	harbor2	chr9	134017481	134017702	DNA/hAT-Charlie	1497	+	110	134017591	81518
chr9	4693426	4893426	harbor2	chr9	4698684	4698821	DNA/hAT-Charlie	633	+	68	4698752	5326
chr9	4693426	4893426	harbor2	chr9	4698820	4699116	DNA/hAT-Charlie	1208	+	148	4698968	5542
chr9	4693426	4893426	harbor2	chr9	4775769	4775927	DNA/hAT-Charlie	621	+	79	4775848	82422
chr9	4692886	4892886	harbor2	chr9	4698684	4698821	DNA/hAT-Charlie	633	+	68	4698752	5866
chr9	4692886	4892886	harbor2	chr9	4698820	4699116	DNA/hAT-Charlie	1208	+	148	4698968	6082
chr9	4692886	4892886	harbor2	chr9	4775769	4775927	DNA/hAT-Charlie	621	+	79	4775848	82962
chr9	83804284	84004284	harbor2	chr9	83809421	83809812	DNA/hAT-Charlie	2051	+	196	83809617	5333
chr9	83804284	84004284	harbor2	chr9	83810104	83810558	DNA/hAT-Charlie	2051	+	227	83810331	6047
chr9	83804284	84004284	harbor2	chr9	83819534	83819696	DNA/hAT-Charlie	739	+	81	83819615	15331
chr9	83804284	84004284	harbor2	chr9	83858702	83858886	DNA/hAT-Charlie	550	+	92	83858794	54510
chr9	83804284	84004284	harbor2	chr9	83872435	83872685	DNA/hAT-Charlie	904	+	125	83872560	68276
chr9	83804284	84004284	harbor2	chr9	83901301	83901592	DNA/hAT-Charlie	2000	+	146	83901447	97163
chr9	83804284	84004284	harbor2	chr9	83901884	83902096	DNA/hAT-Charlie	2000	+	106	83901990	97706
chr9	4885226	5085226	harbor2	chr9	4924597	4924796	DNA/hAT-Charlie	888	+	100	4924697	39471
chr9	4885226	5085226	harbor2	chr9	4930783	4930938	DNA/hAT-Charlie	808	+	78	4930861	45635
chr9	4885226	5085226	harbor2	chr9	4967764	4967895	DNA/hAT-Charlie	663	+	66	4967830	82604
chr9	4693750	4893750	harbor2	chr9	4698684	4698821	DNA/hAT-Charlie	633	+	68	4698752	5002
chr9	4693750	4893750	harbor2	chr9	4698820	4699116	DNA/hAT-Charlie	1208	+	148	4698968	5218
chr9	4693750	4893750	harbor2	chr9	4775769	4775927	DNA/hAT-Charlie	621	+	79	4775848	82098
chr9	4694585	4894585	harbor2	chr9	4698684	4698821	DNA/hAT-Charlie	633	+	68	4698752	4167
chr9	4694585	4894585	harbor2	chr9	4698820	4699116	DNA/hAT-Charlie	1208	+	148	4698968	4383
chr9	4694585	4894585	harbor2	chr9	4775769	4775927	DNA/hAT-Charlie	621	+	79	4775848	81263
chr10	70461474	70661474	harbor2	chr10	70527409	70527621	DNA/hAT-Charlie	965	+	106	70527515	66041
chr10	70461474	70661474	harbor2	chr10	70536533	70536748	DNA/hAT-Charlie	925	+	108	70536641	75167
chr10	102141575	102341575	harbor2	chr10	102164055	102164247	DNA/hAT-Charlie	928	+	96	102164151	22576
chr10	102141575	102341575	harbor2	chr10	102164256	102164320	DNA/hAT-Charlie	436	+	32	102164288	22713
chr10	102141575	102341575	harbor2	chr10	102165057	102165191	DNA/hAT-Charlie	436	+	67	102165124	23549
chr10	131311970	131511970	harbor2	chr10	131389324	131389673	DNA/hAT-Charlie	938	+	174	131389498	77528
chr10	78867019	79067019	harbor2	chr10	78895236	78895384	DNA/hAT-Charlie	672	+	74	78895310	28291
chr10	78867019	79067019	harbor2	chr10	78896551	78896708	DNA/hAT-Charlie	766	+	78	78896629	29610
chr10	78867019	79067019	harbor2	chr10	78915518	78915667	DNA/hAT-Charlie	475	+	74	78915592	48573
chr10	78867019	79067019	harbor2	chr10	78959160	78959298	DNA/hAT-Charlie	629	+	69	78959229	92210
chr10	127453941	127653941	harbor2	chr10	127486685	127486915	DNA/hAT-Charlie	6079	+	115	127486800	32859
chr10	127453941	127653941	harbor2	chr10	127487213	127488344	DNA/hAT-Charlie	6079	+	566	127487779	33838
chr10	127453941	127653941	harbor2	chr10	127507117	127507285	DNA/hAT-Charlie	440	+	84	127507201	53260
chr10	127453941	127653941	harbor2	chr10	127524944	127525102	DNA/hAT-Charlie	427	+	79	127525023	71082
chr10	127453941	127653941	harbor2	chr10	127533098	127533329	DNA/hAT-Charlie	1433	+	116	127533214	79273
chr10	127453941	127653941	harbor2	chr10	127540397	127540614	DNA/hAT-Charlie	978	+	108	127540505	86564
chr10	75435110	75635110	harbor2	chr10	75473850	75474030	DNA/hAT-Charlie	440	+	90	75473940	38830
chr10	75435110	75635110	harbor2	chr10	75532726	75532876	DNA/hAT-Charlie	568	+	75	75532801	97691
chr10	102577927	102777927	harbor2	chr10	102584539	102584855	DNA/hAT-Charlie	564	+	158	102584697	6770
chr10	102577927	102777927	harbor2	chr10	102652683	102652804	DNA/hAT-Charlie	773	+	60	102652743	74816
chr10	102577927	102777927	harbor2	chr10	102653099	102653171	DNA/hAT-Charlie	773	+	36	102653135	75208
chr10	14854190	15054190	harbor2	chr10	14873202	14873411	DNA/hAT-Charlie	1011	+	104	14873306	19116
chr10	7960281	8160281	harbor2	chr10	7979847	7980001	DNA/hAT-Charlie	642	+	77	7979924	19643
chr10	7960281	8160281	harbor2	chr10	8003411	8004040	DNA/hAT-Charlie	1997	+	314	8003725	43444
chr10	7960281	8160281	harbor2	chr10	8004348	8004460	DNA/hAT-Charlie	1997	+	56	8004404	44123
chr10	7960281	8160281	harbor2	chr10	8023070	8023226	DNA/hAT-Charlie	780	+	78	8023148	62867
chr10	7960281	8160281	harbor2	chr10	8023549	8023602	DNA/hAT-Charlie	780	+	26	8023575	63294
chr10	37994305	38194305	harbor2	chr10	38070518	38070621	DNA/hAT-Charlie	430	+	52	38070570	76265
chr10	14778679	14978679	harbor2	chr10	14816401	14816522	DNA/hAT-Charlie	714	+	60	14816461	37782
chr10	14778679	14978679	harbor2	chr10	14873202	14873411	DNA/hAT-Charlie	1011	+	104	14873306	94627
chr10	69780869	69980869	harbor2	chr10	69817005	69817193	DNA/hAT-Charlie	730	+	94	69817099	36230
chr10	69780869	69980869	harbor2	chr10	69827304	69827465	DNA/hAT-Charlie	462	+	80	69827384	46515
chr10	69780869	69980869	harbor2	chr10	69851479	69851642	DNA/hAT-Charlie	957	+	82	69851561	70692
chr10	69780869	69980869	harbor2	chr10	69851955	69852014	DNA/hAT-Charlie	957	+	30	69851985	71116
chr10	69780869	69980869	harbor2	chr10	69856076	69856434	DNA/hAT-Charlie	1071	+	179	69856255	75386
chr10	69780869	69980869	harbor2	chr10	69857423	69857687	DNA/hAT-Charlie	1258	+	132	69857555	76686
chr10	69780869	69980869	harbor2	chr10	69861672	69861828	DNA/hAT-Charlie	477	+	78	69861750	80881
chr10	122468309	122668309	harbor2	chr10	122495855	122496070	DNA/hAT-Charlie	1040	+	108	122495963	27654
chr10	122468309	122668309	harbor2	chr10	122512598	122512704	DNA/hAT-Charlie	1213	+	53	122512651	44342
chr10	122468309	122668309	harbor2	chr10	122512943	122513164	DNA/hAT-Charlie	1213	+	110	122513053	44744
chr10	133125047	133325047	harbor2	chr10	133157282	133157706	DNA/hAT-Charlie	984	+	212	133157494	32447
chr10	133125047	133325047	harbor2	chr10	133204233	133204370	DNA/hAT-Charlie	494	+	68	133204301	79254
chr10	92191166	92391166	harbor2	chr10	92212557	92212788	DNA/hAT-Charlie	1242	+	116	92212673	21507
chr10	92191166	92391166	harbor2	chr10	92212924	92213021	DNA/hAT-Charlie	444	+	48	92212972	21806
chr10	100913040	101113040	harbor2	chr10	101011370	101011536	DNA/hAT-Charlie	500	+	83	101011453	98413
chr10	123058794	123258794	harbor2	chr10	123062382	123062574	DNA/hAT-Charlie	484	+	96	123062478	3684
chr10	97402344	97602344	harbor2	chr10	97431290	97431442	DNA/hAT-Charlie	744	+	76	97431366	29022
chr10	97402344	97602344	harbor2	chr10	97439300	97439775	DNA/hAT-Charlie	3298	+	238	97439538	37194
chr10	97402344	97602344	harbor2	chr10	97442399	97442519	DNA/hAT-Charlie	649	+	60	97442459	40115
chr10	97402344	97602344	harbor2	chr10	97443125	97443170	DNA/hAT-Charlie	649	+	22	97443147	40803
chr10	97402344	97602344	harbor2	chr10	97473633	97473860	DNA/hAT-Charlie	973	+	114	97473747	71403
chr10	97402344	97602344	harbor2	chr10	97474163	97474176	DNA/hAT-Charlie	973	+	6	97474169	71825
chr10	23091420	23291420	harbor2	chr10	23111659	23111815	DNA/hAT-Charlie	699	+	78	23111737	20317
chr10	23091420	23291420	harbor2	chr10	23117311	23117557	DNA/hAT-Charlie	1404	+	123	23117434	26014
chr10	23091420	23291420	harbor2	chr10	23118054	23118226	DNA/hAT-Charlie	1404	+	86	23118140	26720
chr10	23091420	23291420	harbor2	chr10	23180378	23180549	DNA/hAT-Charlie	553	+	86	23180464	89044
chr10	116171415	116371415	harbor2	chr10	116225065	116225254	DNA/hAT-Charlie	1060	+	94	116225159	53744
chr10	116171415	116371415	harbor2	chr10	116225561	116225596	DNA/hAT-Charlie	1060	+	18	116225579	54164
chr10	116171415	116371415	harbor2	chr10	116225888	116226008	DNA/hAT-Charlie	1060	+	60	116225948	54533
chr10	14778642	14978642	harbor2	chr10	14816401	14816522	DNA/hAT-Charlie	714	+	60	14816461	37819
chr10	14778642	14978642	harbor2	chr10	14873202	14873411	DNA/hAT-Charlie	1011	+	104	14873306	94664
chr10	102141599	102341599	harbor2	chr10	102164055	102164247	DNA/hAT-Charlie	928	+	96	102164151	22552
chr10	102141599	102341599	harbor2	chr10	102164256	102164320	DNA/hAT-Charlie	436	+	32	102164288	22689
chr10	102141599	102341599	harbor2	chr10	102165057	102165191	DNA/hAT-Charlie	436	+	67	102165124	23525
chr10	102145388	102345388	harbor2	chr10	102164055	102164247	DNA/hAT-Charlie	928	+	96	102164151	18763
chr10	102145388	102345388	harbor2	chr10	102164256	102164320	DNA/hAT-Charlie	436	+	32	102164288	18900
chr10	102145388	102345388	harbor2	chr10	102165057	102165191	DNA/hAT-Charlie	436	+	67	102165124	19736
chr10	102141601	102341601	harbor2	chr10	102164055	102164247	DNA/hAT-Charlie	928	+	96	102164151	22550
chr10	102141601	102341601	harbor2	chr10	102164256	102164320	DNA/hAT-Charlie	436	+	32	102164288	22687
chr10	102141601	102341601	harbor2	chr10	102165057	102165191	DNA/hAT-Charlie	436	+	67	102165124	23523
chr10	14778676	14978676	harbor2	chr10	14816401	14816522	DNA/hAT-Charlie	714	+	60	14816461	37785
chr10	14778676	14978676	harbor2	chr10	14873202	14873411	DNA/hAT-Charlie	1011	+	104	14873306	94630
chr10	17824143	18024143	harbor2	chr10	17834000	17834146	DNA/hAT-Charlie	475	+	73	17834073	9930
chr10	17824143	18024143	harbor2	chr10	17890759	17891131	DNA/hAT-Charlie	3663	+	186	17890945	66802
chr10	17824143	18024143	harbor2	chr10	17891464	17891627	DNA/hAT-Charlie	3663	+	82	17891546	67403
chr10	102210250	102410250	harbor2	chr10	102302701	102302913	DNA/hAT-Charlie	1244	+	106	102302807	92557
chr10	3073048	3273048	harbor2	chr10	3086447	3086644	DNA/hAT-Charlie	671	+	98	3086545	13497
chr10	3073048	3273048	harbor2	chr10	3166669	3166887	DNA/hAT-Charlie	1278	+	109	3166778	93730
chr10	79215765	79415765	harbor2	chr10	79262200	79262390	DNA/hAT-Charlie	1107	+	95	79262295	46530
chr10	10133183	10333183	harbor2	chr10	10212524	10212650	DNA/hAT-Charlie	976	+	63	10212587	79404
chr10	10133183	10333183	harbor2	chr10	10212951	10213128	DNA/hAT-Charlie	976	+	88	10213039	79856
chr10	117192768	117392768	harbor2	chr10	117204548	117204730	DNA/hAT-Charlie	896	+	91	117204639	11871
chr10	117192768	117392768	harbor2	chr10	117204736	117204894	DNA/hAT-Charlie	540	+	79	117204815	12047
chr10	117192768	117392768	harbor2	chr10	117238056	117238234	DNA/hAT-Charlie	991	+	89	117238145	45377
chr10	117192768	117392768	harbor2	chr10	117238746	117239150	DNA/hAT-Charlie	991	+	202	117238948	46180
chr10	117192768	117392768	harbor2	chr10	117289054	117289191	DNA/hAT-Charlie	489	+	68	117289122	96354
chr10	62705914	62905914	harbor2	chr10	62794740	62794964	DNA/hAT-Charlie	1130	+	112	62794852	88938
chr10	132252799	132452799	harbor2	chr10	132341837	132342028	DNA/hAT-Charlie	599	+	96	132341933	89134
chr10	132247691	132447691	harbor2	chr10	132341837	132342028	DNA/hAT-Charlie	599	+	96	132341933	94242
chr10	96988807	97188807	harbor2	chr10	96988808	96988990	DNA/hAT-Charlie	834	+	91	96988899	92
chr10	96988807	97188807	harbor2	chr10	96990989	96991119	DNA/hAT-Charlie	436	+	65	96991054	2247
chr10	96988807	97188807	harbor2	chr10	97015015	97015161	DNA/hAT-Charlie	460	+	73	97015088	26281
chr10	96988807	97188807	harbor2	chr10	97015282	97016026	DNA/hAT-Charlie	2565	+	372	97015654	26847
chr10	96988807	97188807	harbor2	chr10	97016321	97016398	DNA/hAT-Charlie	2565	+	38	97016359	27552
chr10	96988807	97188807	harbor2	chr10	97016669	97016851	DNA/hAT-Charlie	2565	+	91	97016760	27953
chr10	96988807	97188807	harbor2	chr10	97065235	97065430	DNA/hAT-Charlie	566	+	98	97065333	76526
chr10	89246928	89446928	harbor2	chr10	89262593	89262751	DNA/hAT-Charlie	593	+	79	89262672	15744
chr10	89246928	89446928	harbor2	chr10	89273835	89274036	DNA/hAT-Charlie	1013	+	100	89273935	27007
chr10	89246928	89446928	harbor2	chr10	89333778	89333921	DNA/hAT-Charlie	518	+	72	89333850	86922
chr10	89246928	89446928	harbor2	chr10	89336552	89336791	DNA/hAT-Charlie	462	+	120	89336672	89744
chr10	131310675	131510675	harbor2	chr10	131389324	131389673	DNA/hAT-Charlie	938	+	174	131389498	78823
chr10	106074072	106274072	harbor2	chr10	106075209	106075376	DNA/hAT-Charlie	730	+	84	106075293	1221
chr10	106074072	106274072	harbor2	chr10	106106656	106107196	DNA/hAT-Charlie	3616	+	270	106106926	32854
chr10	106074072	106274072	harbor2	chr10	106125525	106125596	DNA/hAT-Charlie	769	+	36	106125561	51489
chr10	106074072	106274072	harbor2	chr10	106125894	106126049	DNA/hAT-Charlie	769	+	78	106125972	51900
chr10	106074072	106274072	harbor2	chr10	106161115	106161291	DNA/hAT-Charlie	790	+	88	106161203	87131
chr10	100912453	101112453	harbor2	chr10	101011370	101011536	DNA/hAT-Charlie	500	+	83	101011453	99000
chr10	133058669	133258669	harbor2	chr10	133157282	133157706	DNA/hAT-Charlie	984	+	212	133157494	98825
chr10	95990339	96190339	harbor2	chr10	96021456	96021550	DNA/hAT-Charlie	479	+	47	96021503	31164
chr10	95990339	96190339	harbor2	chr10	96032320	96032493	DNA/hAT-Charlie	529	+	86	96032406	42067
chr10	95990339	96190339	harbor2	chr10	96050811	96051029	DNA/hAT-Charlie	1010	+	109	96050920	60581
chr10	96976278	97176278	harbor2	chr10	96988808	96988990	DNA/hAT-Charlie	834	+	91	96988899	12621
chr10	96976278	97176278	harbor2	chr10	96990989	96991119	DNA/hAT-Charlie	436	+	65	96991054	14776
chr10	96976278	97176278	harbor2	chr10	97015015	97015161	DNA/hAT-Charlie	460	+	73	97015088	38810
chr10	96976278	97176278	harbor2	chr10	97015282	97016026	DNA/hAT-Charlie	2565	+	372	97015654	39376
chr10	96976278	97176278	harbor2	chr10	97016321	97016398	DNA/hAT-Charlie	2565	+	38	97016359	40081
chr10	96976278	97176278	harbor2	chr10	97016669	97016851	DNA/hAT-Charlie	2565	+	91	97016760	40482
chr10	96976278	97176278	harbor2	chr10	97065235	97065430	DNA/hAT-Charlie	566	+	98	97065333	89055
chr10	113237565	113437565	harbor2	chr10	113240699	113240925	DNA/hAT-Charlie	885	+	113	113240812	3247
chr10	113237565	113437565	harbor2	chr10	113240934	113241093	DNA/hAT-Charlie	830	+	80	113241014	3449
chr10	113237565	113437565	harbor2	chr10	113241103	113241294	DNA/hAT-Charlie	770	+	96	113241199	3634
chr10	113237565	113437565	harbor2	chr10	113278480	113278639	DNA/hAT-Charlie	712	+	80	113278560	40995
chr10	113237565	113437565	harbor2	chr10	113279234	113279434	DNA/hAT-Charlie	524	+	100	113279334	41769
chr10	113237565	113437565	harbor2	chr10	113289022	113289237	DNA/hAT-Charlie	1025	+	108	113289130	51565
chr10	97418040	97618040	harbor2	chr10	97431290	97431442	DNA/hAT-Charlie	744	+	76	97431366	13326
chr10	97418040	97618040	harbor2	chr10	97439300	97439775	DNA/hAT-Charlie	3298	+	238	97439538	21498
chr10	97418040	97618040	harbor2	chr10	97442399	97442519	DNA/hAT-Charlie	649	+	60	97442459	24419
chr10	97418040	97618040	harbor2	chr10	97443125	97443170	DNA/hAT-Charlie	649	+	22	97443147	25107
chr10	97418040	97618040	harbor2	chr10	97473633	97473860	DNA/hAT-Charlie	973	+	114	97473747	55707
chr10	97418040	97618040	harbor2	chr10	97474163	97474176	DNA/hAT-Charlie	973	+	6	97474169	56129
chr10	97399405	97599405	harbor2	chr10	97431290	97431442	DNA/hAT-Charlie	744	+	76	97431366	31961
chr10	97399405	97599405	harbor2	chr10	97439300	97439775	DNA/hAT-Charlie	3298	+	238	97439538	40133
chr10	97399405	97599405	harbor2	chr10	97442399	97442519	DNA/hAT-Charlie	649	+	60	97442459	43054
chr10	97399405	97599405	harbor2	chr10	97443125	97443170	DNA/hAT-Charlie	649	+	22	97443147	43742
chr10	97399405	97599405	harbor2	chr10	97473633	97473860	DNA/hAT-Charlie	973	+	114	97473747	74342
chr10	97399405	97599405	harbor2	chr10	97474163	97474176	DNA/hAT-Charlie	973	+	6	97474169	74764
chr10	13341913	13541913	harbor2	chr10	13356875	13357078	DNA/hAT-Charlie	498	+	102	13356977	15064
chr10	13341913	13541913	harbor2	chr10	13418065	13418416	DNA/hAT-Charlie	3377	+	176	13418241	76328
chr10	13341913	13541913	harbor2	chr10	13418722	13418884	DNA/hAT-Charlie	3377	+	81	13418803	76890
chr10	92352968	92552968	harbor2	chr10	92385034	92385118	DNA/hAT-Charlie	547	+	42	92385076	32108
chr10	92352968	92552968	harbor2	chr10	92385421	92385479	DNA/hAT-Charlie	547	+	29	92385450	32482
chr10	92352968	92552968	harbor2	chr10	92417725	92418076	DNA/hAT-Charlie	1618	+	176	92417901	64933
chr10	92352968	92552968	harbor2	chr10	92418213	92418333	DNA/hAT-Charlie	518	+	60	92418273	65305
chr10	133131601	133331601	harbor2	chr10	133157282	133157706	DNA/hAT-Charlie	984	+	212	133157494	25893
chr10	133131601	133331601	harbor2	chr10	133204233	133204370	DNA/hAT-Charlie	494	+	68	133204301	72700
chr10	97398820	97598820	harbor2	chr10	97398688	97398991	DNA/hAT-Charlie	1081	+	152	97398840	20
chr10	97398820	97598820	harbor2	chr10	97399290	97399391	DNA/hAT-Charlie	1081	+	50	97399340	520
chr10	97398820	97598820	harbor2	chr10	97431290	97431442	DNA/hAT-Charlie	744	+	76	97431366	32546
chr10	97398820	97598820	harbor2	chr10	97439300	97439775	DNA/hAT-Charlie	3298	+	238	97439538	40718
chr10	97398820	97598820	harbor2	chr10	97442399	97442519	DNA/hAT-Charlie	649	+	60	97442459	43639
chr10	97398820	97598820	harbor2	chr10	97443125	97443170	DNA/hAT-Charlie	649	+	22	97443147	44327
chr10	97398820	97598820	harbor2	chr10	97473633	97473860	DNA/hAT-Charlie	973	+	114	97473747	74927
chr10	97398820	97598820	harbor2	chr10	97474163	97474176	DNA/hAT-Charlie	973	+	6	97474169	75349
chr10	43505466	43705466	harbor2	chr10	43565384	43565469	DNA/hAT-Charlie	633	+	42	43565426	59960
chr10	43505466	43705466	harbor2	chr10	43603650	43603758	DNA/hAT-Charlie	539	+	54	43603704	98238
chr10	43505466	43705466	harbor2	chr10	43565013	43565079	DNA/hAT-Charlie	633	+	33	43565046	59580
chr10	101036917	101236917	harbor2	chr10	101100731	101100867	DNA/hAT-Charlie	593	+	68	101100799	63882
chr10	101036917	101236917	harbor2	chr10	101101137	101101236	DNA/hAT-Charlie	593	+	50	101101187	64270
chr10	132020269	132220269	harbor2	chr10	132103689	132103810	DNA/hAT-Charlie	651	+	60	132103749	83480
chr10	132020269	132220269	harbor2	chr10	132105983	132106076	DNA/hAT-Charlie	479	+	46	132106029	85760
chr10	132020269	132220269	harbor2	chr10	132106369	132106406	DNA/hAT-Charlie	479	+	18	132106387	86118
chr10	75308135	75508135	harbor2	chr10	75335399	75335568	DNA/hAT-Charlie	622	+	84	75335483	27348
chr10	75308135	75508135	harbor2	chr10	75356775	75356865	DNA/hAT-Charlie	432	+	45	75356820	48685
chr10	75308135	75508135	harbor2	chr10	75363707	75364238	DNA/hAT-Charlie	1614	+	266	75363973	55838
chr10	75308135	75508135	harbor2	chr10	75375042	75375131	DNA/hAT-Charlie	509	+	44	75375086	66951
chr10	75308135	75508135	harbor2	chr10	75375422	75375513	DNA/hAT-Charlie	509	+	46	75375468	67333
chr10	75308135	75508135	harbor2	chr10	75375814	75375867	DNA/hAT-Charlie	509	+	26	75375840	67705
chr10	75308135	75508135	harbor2	chr10	75376999	75377180	DNA/hAT-Charlie	1074	+	90	75377089	68954
chr10	86842653	87042653	harbor2	chr10	86885137	86885410	DNA/hAT-Charlie	1319	+	136	86885273	42620
chr10	86842653	87042653	harbor2	chr10	86885421	86885587	DNA/hAT-Charlie	916	+	83	86885504	42851
chr10	86842653	87042653	harbor2	chr10	86894809	86895031	DNA/hAT-Charlie	587	+	111	86894920	52267
chr10	86842653	87042653	harbor2	chr10	86895120	86895260	DNA/hAT-Charlie	867	+	70	86895190	52537
chr10	86842653	87042653	harbor2	chr10	86895551	86895743	DNA/hAT-Charlie	867	+	96	86895647	52994
chr10	86842653	87042653	harbor2	chr10	86896314	86896857	DNA/hAT-Charlie	1396	+	272	86896586	53933
chr10	22337523	22537523	harbor2	chr10	22375988	22376105	DNA/hAT-Charlie	478	+	58	22376046	38523
chr10	22337523	22537523	harbor2	chr10	22376102	22376472	DNA/hAT-Charlie	1545	+	185	22376287	38764
chr10	22337523	22537523	harbor2	chr10	22381242	22381599	DNA/hAT-Charlie	626	+	178	22381420	43897
chr10	46916741	47116741	harbor2	chr10	47003578	47003782	DNA/hAT-Charlie	885	+	102	47003680	86939
chr10	71242673	71442673	harbor2	chr10	71243352	71243546	DNA/hAT-Charlie	1064	+	97	71243449	776
chr10	71242673	71442673	harbor2	chr10	71245245	71245356	DNA/hAT-Charlie	425	+	56	71245301	2628
chr10	71242673	71442673	harbor2	chr10	71264684	71264825	DNA/hAT-Charlie	579	+	70	71264754	22081
chr10	71242673	71442673	harbor2	chr10	71275716	71276228	DNA/hAT-Charlie	1919	+	256	71275972	33299
chr10	71242673	71442673	harbor2	chr10	71280239	71280614	DNA/hAT-Charlie	982	+	188	71280427	37754
chr10	71242673	71442673	harbor2	chr10	71325707	71325855	DNA/hAT-Charlie	447	+	74	71325781	83108
chr10	5312490	5512490	harbor2	chr10	5321041	5321169	DNA/hAT-Charlie	892	+	64	5321105	8615
chr10	5312490	5512490	harbor2	chr10	5321573	5321694	DNA/hAT-Charlie	892	+	60	5321633	9143
chr10	5312490	5512490	harbor2	chr10	5322239	5322338	DNA/hAT-Charlie	603	+	50	5322289	9799
chr10	5312490	5512490	harbor2	chr10	5343501	5343678	DNA/hAT-Charlie	765	+	88	5343589	31099
chr10	5312490	5512490	harbor2	chr10	5362667	5362849	DNA/hAT-Charlie	910	+	91	5362758	50268
chr10	5312490	5512490	harbor2	chr10	5368920	5369103	DNA/hAT-Charlie	705	+	92	5369012	56522
chr10	5312490	5512490	harbor2	chr10	5398668	5398874	DNA/hAT-Charlie	1190	+	103	5398771	86281
chr10	5312490	5512490	harbor2	chr10	5402583	5402922	DNA/hAT-Charlie	2343	+	170	5402753	90263
chr10	47240671	47440671	harbor2	chr10	47262735	47263057	DNA/hAT-Charlie	1407	+	161	47262896	22225
chr10	47240671	47440671	harbor2	chr10	47284540	47284690	DNA/hAT-Charlie	642	+	75	47284615	43944
chr10	47240671	47440671	harbor2	chr10	47284181	47284261	DNA/hAT-Charlie	642	+	40	47284221	43550
chr10	131310707	131510707	harbor2	chr10	131389324	131389673	DNA/hAT-Charlie	938	+	174	131389498	78791
chr10	78867018	79067018	harbor2	chr10	78895236	78895384	DNA/hAT-Charlie	672	+	74	78895310	28292
chr10	78867018	79067018	harbor2	chr10	78896551	78896708	DNA/hAT-Charlie	766	+	78	78896629	29611
chr10	78867018	79067018	harbor2	chr10	78915518	78915667	DNA/hAT-Charlie	475	+	74	78915592	48574
chr10	78867018	79067018	harbor2	chr10	78959160	78959298	DNA/hAT-Charlie	629	+	69	78959229	92211
chr10	77307204	77507204	harbor2	chr10	77313922	77314021	DNA/hAT-Charlie	438	+	50	77313972	6768
chr10	77307204	77507204	harbor2	chr10	77338978	77339184	DNA/hAT-Charlie	567	+	103	77339081	31877
chr10	77307204	77507204	harbor2	chr10	77352402	77352586	DNA/hAT-Charlie	887	+	92	77352494	45290
chr10	77307204	77507204	harbor2	chr10	77367453	77367541	DNA/hAT-Charlie	450	+	44	77367497	60293
chr10	77307204	77507204	harbor2	chr10	77369288	77369438	DNA/hAT-Charlie	441	+	75	77369363	62159
chr10	77307204	77507204	harbor2	chr10	77371468	77371703	DNA/hAT-Charlie	530	+	118	77371586	64382
chr10	77307204	77507204	harbor2	chr10	77395462	77395715	DNA/hAT-Charlie	563	+	126	77395588	88384
chr10	77307204	77507204	harbor2	chr10	77398638	77398789	DNA/hAT-Charlie	606	+	76	77398714	91510
chr10	132358619	132558619	harbor2	chr10	132426175	132426497	DNA/hAT-Charlie	1685	+	161	132426336	67717
chr10	62713157	62913157	harbor2	chr10	62794740	62794964	DNA/hAT-Charlie	1130	+	112	62794852	81695
chr10	29348352	29548352	harbor2	chr10	29357058	29357225	DNA/hAT-Charlie	674	+	84	29357142	8790
chr10	29348352	29548352	harbor2	chr10	29389088	29389216	DNA/hAT-Charlie	546	+	64	29389152	40800
chr10	29348352	29548352	harbor2	chr10	29425046	29425222	DNA/hAT-Charlie	857	+	88	29425134	76782
chr10	29348352	29548352	harbor2	chr10	29425235	29425402	DNA/hAT-Charlie	598	+	84	29425319	76967
chr10	29348352	29548352	harbor2	chr10	29445901	29446228	DNA/hAT-Charlie	1642	+	164	29446065	97713
chr10	29348352	29548352	harbor2	chr10	29447244	29447549	DNA/hAT-Charlie	1992	+	152	29447396	99044
chr10	97675345	97875345	harbor2	chr10	97739974	97740114	DNA/hAT-Charlie	588	+	70	97740044	64699
chr10	14782829	14982829	harbor2	chr10	14816401	14816522	DNA/hAT-Charlie	714	+	60	14816461	33632
chr10	14782829	14982829	harbor2	chr10	14873202	14873411	DNA/hAT-Charlie	1011	+	104	14873306	90477
chr10	128942080	129142080	harbor2	chr10	128987739	128987903	DNA/hAT-Charlie	451	+	82	128987821	45741
chr10	102252331	102452331	harbor2	chr10	102302701	102302913	DNA/hAT-Charlie	1244	+	106	102302807	50476
chr10	102252331	102452331	harbor2	chr10	102315232	102315432	DNA/hAT-Charlie	1395	+	100	102315332	63001
chr10	102252331	102452331	harbor2	chr10	102336906	102337096	DNA/hAT-Charlie	635	+	95	102337001	84670
chr10	102252331	102452331	harbor2	chr10	102337387	102337457	DNA/hAT-Charlie	635	+	35	102337422	85091
chr10	102252331	102452331	harbor2	chr10	102350612	102350740	DNA/hAT-Charlie	499	+	64	102350676	98345
chr10	132251469	132451469	harbor2	chr10	132341837	132342028	DNA/hAT-Charlie	599	+	96	132341933	90464
chr10	97399404	97599404	harbor2	chr10	97431290	97431442	DNA/hAT-Charlie	744	+	76	97431366	31962
chr10	97399404	97599404	harbor2	chr10	97439300	97439775	DNA/hAT-Charlie	3298	+	238	97439538	40134
chr10	97399404	97599404	harbor2	chr10	97442399	97442519	DNA/hAT-Charlie	649	+	60	97442459	43055
chr10	97399404	97599404	harbor2	chr10	97443125	97443170	DNA/hAT-Charlie	649	+	22	97443147	43743
chr10	97399404	97599404	harbor2	chr10	97473633	97473860	DNA/hAT-Charlie	973	+	114	97473747	74343
chr10	97399404	97599404	harbor2	chr10	97474163	97474176	DNA/hAT-Charlie	973	+	6	97474169	74765
chr10	79279921	79479921	harbor2	chr10	79325490	79325696	DNA/hAT-Charlie	552	+	103	79325593	45672
chr10	79279921	79479921	harbor2	chr10	79344365	79344723	DNA/hAT-Charlie	597	+	179	79344544	64623
chr10	110775618	110975618	harbor2	chr10	110850139	110850289	DNA/hAT-Charlie	820	+	75	110850214	74596
chr10	110775618	110975618	harbor2	chr10	110851494	110851625	DNA/hAT-Charlie	576	+	66	110851560	75942
chr10	110775618	110975618	harbor2	chr10	110851620	110851888	DNA/hAT-Charlie	1270	+	134	110851754	76136
chr10	110775618	110975618	harbor2	chr10	110863307	110863566	DNA/hAT-Charlie	705	+	130	110863437	87819
chr10	51860313	52060313	harbor2	chr10	51892661	51892807	DNA/hAT-Charlie	441	+	73	51892734	32421
chr10	51860313	52060313	harbor2	chr10	51951824	51952131	DNA/hAT-Charlie	1423	+	154	51951978	91665
chr10	89205746	89405746	harbor2	chr10	89262593	89262751	DNA/hAT-Charlie	593	+	79	89262672	56926
chr10	89205746	89405746	harbor2	chr10	89273835	89274036	DNA/hAT-Charlie	1013	+	100	89273935	68189
chr10	14778690	14978690	harbor2	chr10	14816401	14816522	DNA/hAT-Charlie	714	+	60	14816461	37771
chr10	14778690	14978690	harbor2	chr10	14873202	14873411	DNA/hAT-Charlie	1011	+	104	14873306	94616
chr10	48094820	48294820	harbor2	chr10	48133567	48133762	DNA/hAT-Charlie	941	+	98	48133665	38845
chr10	48094820	48294820	harbor2	chr10	48135884	48136002	DNA/hAT-Charlie	771	+	59	48135943	41123
chr10	48094820	48294820	harbor2	chr10	48136306	48136368	DNA/hAT-Charlie	771	+	31	48136337	41517
chr10	48094820	48294820	harbor2	chr10	48136761	48136948	DNA/hAT-Charlie	470	+	94	48136855	42035
chr10	48094820	48294820	harbor2	chr10	48150519	48150687	DNA/hAT-Charlie	451	+	84	48150603	55783
chr10	48094820	48294820	harbor2	chr10	48190672	48190968	DNA/hAT-Charlie	959	+	148	48190820	96000
chr10	48094820	48294820	harbor2	chr10	48191501	48191684	DNA/hAT-Charlie	959	+	92	48191593	96773
chr10	67774631	67974631	harbor2	chr10	67785525	67785715	DNA/hAT-Charlie	987	+	95	67785620	10989
chr10	67774631	67974631	harbor2	chr10	67833214	67833368	DNA/hAT-Charlie	989	+	77	67833291	58660
chr10	67774631	67974631	harbor2	chr10	67833562	67833601	DNA/hAT-Charlie	989	+	20	67833582	58951
chr10	67774631	67974631	harbor2	chr10	67863538	67863582	DNA/hAT-Charlie	1056	+	22	67863560	88929
chr10	67774631	67974631	harbor2	chr10	67863879	67864272	DNA/hAT-Charlie	1056	+	196	67864075	89444
chr10	67774631	67974631	harbor2	chr10	67867003	67867181	DNA/hAT-Charlie	438	+	89	67867092	92461
chr10	67774631	67974631	harbor2	chr10	67867862	67868422	DNA/hAT-Charlie	2951	+	280	67868142	93511
chr10	67774631	67974631	harbor2	chr10	67868738	67868988	DNA/hAT-Charlie	2951	+	125	67868863	94232
chr10	7959189	8159189	harbor2	chr10	7979847	7980001	DNA/hAT-Charlie	642	+	77	7979924	20735
chr10	7959189	8159189	harbor2	chr10	8003411	8004040	DNA/hAT-Charlie	1997	+	314	8003725	44536
chr10	7959189	8159189	harbor2	chr10	8004348	8004460	DNA/hAT-Charlie	1997	+	56	8004404	45215
chr10	7959189	8159189	harbor2	chr10	8023070	8023226	DNA/hAT-Charlie	780	+	78	8023148	63959
chr10	7959189	8159189	harbor2	chr10	8023549	8023602	DNA/hAT-Charlie	780	+	26	8023575	64386
chr10	47240692	47440692	harbor2	chr10	47262735	47263057	DNA/hAT-Charlie	1407	+	161	47262896	22204
chr10	47240692	47440692	harbor2	chr10	47284540	47284690	DNA/hAT-Charlie	642	+	75	47284615	43923
chr10	47240692	47440692	harbor2	chr10	47284181	47284261	DNA/hAT-Charlie	642	+	40	47284221	43529
chr10	69473042	69673042	harbor2	chr10	69501703	69502055	DNA/hAT-Charlie	2127	+	176	69501879	28837
chr10	69473042	69673042	harbor2	chr10	69504969	69505044	DNA/hAT-Charlie	462	+	38	69505007	31965
chr10	69473042	69673042	harbor2	chr10	69522506	69522830	DNA/hAT-Charlie	2114	+	162	69522668	49626
chr10	69473042	69673042	harbor2	chr10	69551774	69552033	DNA/hAT-Charlie	608	+	130	69551904	78862
chr11	133733675	133933675	harbor2	chr11	133780487	133780648	DNA/hAT-Charlie	603	+	80	133780567	46892
chr11	122404333	122604333	harbor2	chr11	122436557	122436818	DNA/hAT-Charlie	1176	+	130	122436687	32354
chr11	122404333	122604333	harbor2	chr11	122438986	122439186	DNA/hAT-Charlie	877	+	100	122439086	34753
chr11	122404333	122604333	harbor2	chr11	122493318	122493522	DNA/hAT-Charlie	410	+	102	122493420	89087
chr11	122404333	122604333	harbor2	chr11	122493702	122493862	DNA/hAT-Charlie	961	+	80	122493782	89449
chr11	5191705	5391705	harbor2	chr11	5196202	5196479	DNA/hAT-Charlie	1500	+	138	5196340	4635
chr11	5134523	5334523	harbor2	chr11	5149375	5149727	DNA/hAT-Charlie	1066	+	176	5149551	15028
chr11	5134523	5334523	harbor2	chr11	5188523	5188721	DNA/hAT-Charlie	1127	+	99	5188622	54099
chr11	5134523	5334523	harbor2	chr11	5196202	5196479	DNA/hAT-Charlie	1500	+	138	5196340	61817
chr11	5127958	5327958	harbor2	chr11	5149375	5149727	DNA/hAT-Charlie	1066	+	176	5149551	21593
chr11	5127958	5327958	harbor2	chr11	5188523	5188721	DNA/hAT-Charlie	1127	+	99	5188622	60664
chr11	5127958	5327958	harbor2	chr11	5196202	5196479	DNA/hAT-Charlie	1500	+	138	5196340	68382
chr11	5169679	5369679	harbor2	chr11	5188523	5188721	DNA/hAT-Charlie	1127	+	99	5188622	18943
chr11	5169679	5369679	harbor2	chr11	5196202	5196479	DNA/hAT-Charlie	1500	+	138	5196340	26661
chr11	5127422	5327422	harbor2	chr11	5149375	5149727	DNA/hAT-Charlie	1066	+	176	5149551	22129
chr11	5127422	5327422	harbor2	chr11	5188523	5188721	DNA/hAT-Charlie	1127	+	99	5188622	61200
chr11	5127422	5327422	harbor2	chr11	5196202	5196479	DNA/hAT-Charlie	1500	+	138	5196340	68918
chr11	5134276	5334276	harbor2	chr11	5149375	5149727	DNA/hAT-Charlie	1066	+	176	5149551	15275
chr11	5134276	5334276	harbor2	chr11	5188523	5188721	DNA/hAT-Charlie	1127	+	99	5188622	54346
chr11	5134276	5334276	harbor2	chr11	5196202	5196479	DNA/hAT-Charlie	1500	+	138	5196340	62064
chr11	5188729	5388729	harbor2	chr11	5196202	5196479	DNA/hAT-Charlie	1500	+	138	5196340	7611
chr11	68651701	68851701	harbor2	chr11	68652549	68652741	DNA/hAT-Charlie	564	+	96	68652645	944
chr11	68651701	68851701	harbor2	chr11	68658191	68658371	DNA/hAT-Charlie	865	+	90	68658281	6580
chr11	68651701	68851701	harbor2	chr11	68658672	68658719	DNA/hAT-Charlie	865	+	24	68658696	6995
chr11	68651701	68851701	harbor2	chr11	68706589	68706858	DNA/hAT-Charlie	1004	+	134	68706723	55022
chr11	68651701	68851701	harbor2	chr11	68743552	68743709	DNA/hAT-Charlie	788	+	78	68743630	91929
chr11	64539025	64739025	harbor2	chr11	64539863	64540158	DNA/hAT-Charlie	820	+	148	64540011	986
chr11	64539025	64739025	harbor2	chr11	64624585	64624805	DNA/hAT-Charlie	711	+	110	64624695	85670
chr11	5181733	5381733	harbor2	chr11	5188523	5188721	DNA/hAT-Charlie	1127	+	99	5188622	6889
chr11	5181733	5381733	harbor2	chr11	5196202	5196479	DNA/hAT-Charlie	1500	+	138	5196340	14607
chr11	108021538	108221538	harbor2	chr11	108083882	108084100	DNA/hAT-Charlie	1511	+	109	108083991	62453
chr11	108021538	108221538	harbor2	chr11	108086558	108086851	DNA/hAT-Charlie	839	+	146	108086704	65166
chr11	108021538	108221538	harbor2	chr11	108087018	108087503	DNA/hAT-Charlie	868	+	242	108087260	65722
chr11	108021538	108221538	harbor2	chr11	108111192	108111368	DNA/hAT-Charlie	791	+	88	108111280	89742
chr11	2054925	2254925	harbor2	chr11	2088508	2088645	DNA/hAT-Charlie	498	+	68	2088576	33651
chr11	5127208	5327208	harbor2	chr11	5149375	5149727	DNA/hAT-Charlie	1066	+	176	5149551	22343
chr11	5127208	5327208	harbor2	chr11	5188523	5188721	DNA/hAT-Charlie	1127	+	99	5188622	61414
chr11	5127208	5327208	harbor2	chr11	5196202	5196479	DNA/hAT-Charlie	1500	+	138	5196340	69132
chr11	5128910	5328910	harbor2	chr11	5149375	5149727	DNA/hAT-Charlie	1066	+	176	5149551	20641
chr11	5128910	5328910	harbor2	chr11	5188523	5188721	DNA/hAT-Charlie	1127	+	99	5188622	59712
chr11	5128910	5328910	harbor2	chr11	5196202	5196479	DNA/hAT-Charlie	1500	+	138	5196340	67430
chr11	57401529	57601529	harbor2	chr11	57416766	57416918	DNA/hAT-Charlie	485	+	76	57416842	15313
chr11	57401529	57601529	harbor2	chr11	57451266	57451480	DNA/hAT-Charlie	427	+	107	57451373	49844
chr11	57401529	57601529	harbor2	chr11	57466768	57466972	DNA/hAT-Charlie	1175	+	102	57466870	65341
chr11	108021539	108221539	harbor2	chr11	108083882	108084100	DNA/hAT-Charlie	1511	+	109	108083991	62452
chr11	108021539	108221539	harbor2	chr11	108086558	108086851	DNA/hAT-Charlie	839	+	146	108086704	65165
chr11	108021539	108221539	harbor2	chr11	108087018	108087503	DNA/hAT-Charlie	868	+	242	108087260	65721
chr11	108021539	108221539	harbor2	chr11	108111192	108111368	DNA/hAT-Charlie	791	+	88	108111280	89741
chr11	119392012	119592012	harbor2	chr11	119435632	119435816	DNA/hAT-Charlie	1021	+	92	119435724	43712
chr11	5133667	5333667	harbor2	chr11	5149375	5149727	DNA/hAT-Charlie	1066	+	176	5149551	15884
chr11	5133667	5333667	harbor2	chr11	5188523	5188721	DNA/hAT-Charlie	1127	+	99	5188622	54955
chr11	5133667	5333667	harbor2	chr11	5196202	5196479	DNA/hAT-Charlie	1500	+	138	5196340	62673
chr11	6381515	6581515	harbor2	chr11	6407481	6407693	DNA/hAT-Charlie	484	+	106	6407587	26072
chr11	2059643	2259643	harbor2	chr11	2088508	2088645	DNA/hAT-Charlie	498	+	68	2088576	28933
chr11	5127183	5327183	harbor2	chr11	5149375	5149727	DNA/hAT-Charlie	1066	+	176	5149551	22368
chr11	5127183	5327183	harbor2	chr11	5188523	5188721	DNA/hAT-Charlie	1127	+	99	5188622	61439
chr11	5127183	5327183	harbor2	chr11	5196202	5196479	DNA/hAT-Charlie	1500	+	138	5196340	69157
chr11	5135332	5335332	harbor2	chr11	5149375	5149727	DNA/hAT-Charlie	1066	+	176	5149551	14219
chr11	5135332	5335332	harbor2	chr11	5188523	5188721	DNA/hAT-Charlie	1127	+	99	5188622	53290
chr11	5135332	5335332	harbor2	chr11	5196202	5196479	DNA/hAT-Charlie	1500	+	138	5196340	61008
chr11	5134532	5334532	harbor2	chr11	5149375	5149727	DNA/hAT-Charlie	1066	+	176	5149551	15019
chr11	5134532	5334532	harbor2	chr11	5188523	5188721	DNA/hAT-Charlie	1127	+	99	5188622	54090
chr11	5134532	5334532	harbor2	chr11	5196202	5196479	DNA/hAT-Charlie	1500	+	138	5196340	61808
chr11	113775363	113975363	harbor2	chr11	113792007	113792184	DNA/hAT-Charlie	429	+	88	113792095	16732
chr11	113775363	113975363	harbor2	chr11	113804274	113804450	DNA/hAT-Charlie	435	+	88	113804362	28999
chr11	46138377	46338377	harbor2	chr11	46142512	46142683	DNA/hAT-Charlie	923	+	86	46142598	4221
chr11	46138377	46338377	harbor2	chr11	46145967	46146189	DNA/hAT-Charlie	992	+	111	46146078	7701
chr11	46138377	46338377	harbor2	chr11	46163425	46163735	DNA/hAT-Charlie	740	+	155	46163580	25203
chr11	46138377	46338377	harbor2	chr11	46172418	46172607	DNA/hAT-Charlie	810	+	94	46172512	34135
chr11	46138377	46338377	harbor2	chr11	46180312	46180564	DNA/hAT-Charlie	822	+	126	46180438	42061
chr11	46138377	46338377	harbor2	chr11	46207379	46207752	DNA/hAT-Charlie	3095	+	186	46207565	69188
chr11	46138377	46338377	harbor2	chr11	46208060	46208130	DNA/hAT-Charlie	3095	+	35	46208095	69718
chr11	46138377	46338377	harbor2	chr11	46208131	46208261	DNA/hAT-Charlie	774	+	65	46208196	69819
chr11	46138377	46338377	harbor2	chr11	46210560	46210680	DNA/hAT-Charlie	533	+	60	46210620	72243
chr11	119842499	120042499	harbor2	chr11	119850853	119851024	DNA/hAT-Charlie	501	+	86	119850939	8440
chr11	119842499	120042499	harbor2	chr11	119872950	119873175	DNA/hAT-Charlie	905	+	112	119873062	30563
chr11	119842499	120042499	harbor2	chr11	119896444	119896648	DNA/hAT-Charlie	474	+	102	119896546	54047
chr11	119842499	120042499	harbor2	chr11	119898624	119898983	DNA/hAT-Charlie	762	+	180	119898804	56305
chr11	119842499	120042499	harbor2	chr11	119899029	119899339	DNA/hAT-Charlie	1475	+	155	119899184	56685
chr11	119842499	120042499	harbor2	chr11	119899488	119899555	DNA/hAT-Charlie	601	+	34	119899522	57023
chr11	119842499	120042499	harbor2	chr11	119899814	119900094	DNA/hAT-Charlie	601	+	140	119899954	57455
chr11	5127072	5327072	harbor2	chr11	5149375	5149727	DNA/hAT-Charlie	1066	+	176	5149551	22479
chr11	5127072	5327072	harbor2	chr11	5188523	5188721	DNA/hAT-Charlie	1127	+	99	5188622	61550
chr11	5127072	5327072	harbor2	chr11	5196202	5196479	DNA/hAT-Charlie	1500	+	138	5196340	69268
chr11	108021885	108221885	harbor2	chr11	108083882	108084100	DNA/hAT-Charlie	1511	+	109	108083991	62106
chr11	108021885	108221885	harbor2	chr11	108086558	108086851	DNA/hAT-Charlie	839	+	146	108086704	64819
chr11	108021885	108221885	harbor2	chr11	108087018	108087503	DNA/hAT-Charlie	868	+	242	108087260	65375
chr11	108021885	108221885	harbor2	chr11	108111192	108111368	DNA/hAT-Charlie	791	+	88	108111280	89395
chr11	5127114	5327114	harbor2	chr11	5149375	5149727	DNA/hAT-Charlie	1066	+	176	5149551	22437
chr11	5127114	5327114	harbor2	chr11	5188523	5188721	DNA/hAT-Charlie	1127	+	99	5188622	61508
chr11	5127114	5327114	harbor2	chr11	5196202	5196479	DNA/hAT-Charlie	1500	+	138	5196340	69226
chr11	57401008	57601008	harbor2	chr11	57416766	57416918	DNA/hAT-Charlie	485	+	76	57416842	15834
chr11	57401008	57601008	harbor2	chr11	57451266	57451480	DNA/hAT-Charlie	427	+	107	57451373	50365
chr11	57401008	57601008	harbor2	chr11	57466768	57466972	DNA/hAT-Charlie	1175	+	102	57466870	65862
chr11	5129662	5329662	harbor2	chr11	5149375	5149727	DNA/hAT-Charlie	1066	+	176	5149551	19889
chr11	5129662	5329662	harbor2	chr11	5188523	5188721	DNA/hAT-Charlie	1127	+	99	5188622	58960
chr11	5129662	5329662	harbor2	chr11	5196202	5196479	DNA/hAT-Charlie	1500	+	138	5196340	66678
chr11	5191376	5391376	harbor2	chr11	5196202	5196479	DNA/hAT-Charlie	1500	+	138	5196340	4964
chr11	5134537	5334537	harbor2	chr11	5149375	5149727	DNA/hAT-Charlie	1066	+	176	5149551	15014
chr11	5134537	5334537	harbor2	chr11	5188523	5188721	DNA/hAT-Charlie	1127	+	99	5188622	54085
chr11	5134537	5334537	harbor2	chr11	5196202	5196479	DNA/hAT-Charlie	1500	+	138	5196340	61803
chr11	5127991	5327991	harbor2	chr11	5149375	5149727	DNA/hAT-Charlie	1066	+	176	5149551	21560
chr11	5127991	5327991	harbor2	chr11	5188523	5188721	DNA/hAT-Charlie	1127	+	99	5188622	60631
chr11	5127991	5327991	harbor2	chr11	5196202	5196479	DNA/hAT-Charlie	1500	+	138	5196340	68349
chr11	6290207	6490207	harbor2	chr11	6291721	6291842	DNA/hAT-Charlie	586	+	60	6291781	1574
chr11	6290207	6490207	harbor2	chr11	6361408	6361564	DNA/hAT-Charlie	662	+	78	6361486	71279
chr11	6290207	6490207	harbor2	chr11	6361835	6361861	DNA/hAT-Charlie	548	+	13	6361848	71641
chr11	6290207	6490207	harbor2	chr11	6362173	6362294	DNA/hAT-Charlie	548	+	60	6362233	72026
chr11	5140669	5340669	harbor2	chr11	5149375	5149727	DNA/hAT-Charlie	1066	+	176	5149551	8882
chr11	5140669	5340669	harbor2	chr11	5188523	5188721	DNA/hAT-Charlie	1127	+	99	5188622	47953
chr11	5140669	5340669	harbor2	chr11	5196202	5196479	DNA/hAT-Charlie	1500	+	138	5196340	55671
chr11	5127134	5327134	harbor2	chr11	5149375	5149727	DNA/hAT-Charlie	1066	+	176	5149551	22417
chr11	5127134	5327134	harbor2	chr11	5188523	5188721	DNA/hAT-Charlie	1127	+	99	5188622	61488
chr11	5127134	5327134	harbor2	chr11	5196202	5196479	DNA/hAT-Charlie	1500	+	138	5196340	69206
chr11	5140326	5340326	harbor2	chr11	5149375	5149727	DNA/hAT-Charlie	1066	+	176	5149551	9225
chr11	5140326	5340326	harbor2	chr11	5188523	5188721	DNA/hAT-Charlie	1127	+	99	5188622	48296
chr11	5140326	5340326	harbor2	chr11	5196202	5196479	DNA/hAT-Charlie	1500	+	138	5196340	56014
chr11	57414568	57614568	harbor2	chr11	57416766	57416918	DNA/hAT-Charlie	485	+	76	57416842	2274
chr11	57414568	57614568	harbor2	chr11	57451266	57451480	DNA/hAT-Charlie	427	+	107	57451373	36805
chr11	57414568	57614568	harbor2	chr11	57466768	57466972	DNA/hAT-Charlie	1175	+	102	57466870	52302
chr11	57414568	57614568	harbor2	chr11	57503746	57503911	DNA/hAT-Charlie	523	+	82	57503828	89260
chr11	57414568	57614568	harbor2	chr11	57504221	57504409	DNA/hAT-Charlie	523	+	94	57504315	89747
chr11	108021571	108221571	harbor2	chr11	108083882	108084100	DNA/hAT-Charlie	1511	+	109	108083991	62420
chr11	108021571	108221571	harbor2	chr11	108086558	108086851	DNA/hAT-Charlie	839	+	146	108086704	65133
chr11	108021571	108221571	harbor2	chr11	108087018	108087503	DNA/hAT-Charlie	868	+	242	108087260	65689
chr11	108021571	108221571	harbor2	chr11	108111192	108111368	DNA/hAT-Charlie	791	+	88	108111280	89709
chr11	5127140	5327140	harbor2	chr11	5149375	5149727	DNA/hAT-Charlie	1066	+	176	5149551	22411
chr11	5127140	5327140	harbor2	chr11	5188523	5188721	DNA/hAT-Charlie	1127	+	99	5188622	61482
chr11	5127140	5327140	harbor2	chr11	5196202	5196479	DNA/hAT-Charlie	1500	+	138	5196340	69200
chr11	34108576	34308576	harbor2	chr11	34117286	34117504	DNA/hAT-Charlie	1067	+	109	34117395	8819
chr11	34108576	34308576	harbor2	chr11	34135436	34135604	DNA/hAT-Charlie	958	+	84	34135520	26944
chr11	34108576	34308576	harbor2	chr11	34156833	34156971	DNA/hAT-Charlie	455	+	69	34156902	48326
chr11	34108576	34308576	harbor2	chr11	34200842	34201123	DNA/hAT-Charlie	903	+	140	34200982	92406
chr11	65969856	66169856	harbor2	chr11	66028915	66029028	DNA/hAT-Charlie	1518	+	56	66028971	59115
chr11	65969856	66169856	harbor2	chr11	66029329	66029769	DNA/hAT-Charlie	1518	+	220	66029549	59693
chr11	65969856	66169856	harbor2	chr11	66037006	66037247	DNA/hAT-Charlie	1404	+	120	66037126	67270
chr11	65969856	66169856	harbor2	chr11	66055740	66055926	DNA/hAT-Charlie	598	+	93	66055833	85977
chr11	108021540	108221540	harbor2	chr11	108083882	108084100	DNA/hAT-Charlie	1511	+	109	108083991	62451
chr11	108021540	108221540	harbor2	chr11	108086558	108086851	DNA/hAT-Charlie	839	+	146	108086704	65164
chr11	108021540	108221540	harbor2	chr11	108087018	108087503	DNA/hAT-Charlie	868	+	242	108087260	65720
chr11	108021540	108221540	harbor2	chr11	108111192	108111368	DNA/hAT-Charlie	791	+	88	108111280	89740
chr11	5140241	5340241	harbor2	chr11	5149375	5149727	DNA/hAT-Charlie	1066	+	176	5149551	9310
chr11	5140241	5340241	harbor2	chr11	5188523	5188721	DNA/hAT-Charlie	1127	+	99	5188622	48381
chr11	5140241	5340241	harbor2	chr11	5196202	5196479	DNA/hAT-Charlie	1500	+	138	5196340	56099
chr11	5127590	5327590	harbor2	chr11	5149375	5149727	DNA/hAT-Charlie	1066	+	176	5149551	21961
chr11	5127590	5327590	harbor2	chr11	5188523	5188721	DNA/hAT-Charlie	1127	+	99	5188622	61032
chr11	5127590	5327590	harbor2	chr11	5196202	5196479	DNA/hAT-Charlie	1500	+	138	5196340	68750
chr11	5127122	5327122	harbor2	chr11	5149375	5149727	DNA/hAT-Charlie	1066	+	176	5149551	22429
chr11	5127122	5327122	harbor2	chr11	5188523	5188721	DNA/hAT-Charlie	1127	+	99	5188622	61500
chr11	5127122	5327122	harbor2	chr11	5196202	5196479	DNA/hAT-Charlie	1500	+	138	5196340	69218
chr11	5128021	5328021	harbor2	chr11	5149375	5149727	DNA/hAT-Charlie	1066	+	176	5149551	21530
chr11	5128021	5328021	harbor2	chr11	5188523	5188721	DNA/hAT-Charlie	1127	+	99	5188622	60601
chr11	5128021	5328021	harbor2	chr11	5196202	5196479	DNA/hAT-Charlie	1500	+	138	5196340	68319
chr11	86572054	86772054	harbor2	chr11	86628404	86628579	DNA/hAT-Charlie	873	+	88	86628492	56438
chr11	86572054	86772054	harbor2	chr11	86629815	86630004	DNA/hAT-Charlie	575	+	94	86629909	57855
chr11	5127137	5327137	harbor2	chr11	5149375	5149727	DNA/hAT-Charlie	1066	+	176	5149551	22414
chr11	5127137	5327137	harbor2	chr11	5188523	5188721	DNA/hAT-Charlie	1127	+	99	5188622	61485
chr11	5127137	5327137	harbor2	chr11	5196202	5196479	DNA/hAT-Charlie	1500	+	138	5196340	69203
chr11	43476525	43676525	harbor2	chr11	43484774	43485217	DNA/hAT-Charlie	2952	+	222	43484996	8471
chr11	43476525	43676525	harbor2	chr11	43507549	43507688	DNA/hAT-Charlie	805	+	70	43507619	31094
chr11	43476525	43676525	harbor2	chr11	43530132	43530334	DNA/hAT-Charlie	1314	+	101	43530233	53708
chr11	108021566	108221566	harbor2	chr11	108083882	108084100	DNA/hAT-Charlie	1511	+	109	108083991	62425
chr11	108021566	108221566	harbor2	chr11	108086558	108086851	DNA/hAT-Charlie	839	+	146	108086704	65138
chr11	108021566	108221566	harbor2	chr11	108087018	108087503	DNA/hAT-Charlie	868	+	242	108087260	65694
chr11	108021566	108221566	harbor2	chr11	108111192	108111368	DNA/hAT-Charlie	791	+	88	108111280	89714
chr11	5127198	5327198	harbor2	chr11	5149375	5149727	DNA/hAT-Charlie	1066	+	176	5149551	22353
chr11	5127198	5327198	harbor2	chr11	5188523	5188721	DNA/hAT-Charlie	1127	+	99	5188622	61424
chr11	5127198	5327198	harbor2	chr11	5196202	5196479	DNA/hAT-Charlie	1500	+	138	5196340	69142
chr11	5191220	5391220	harbor2	chr11	5196202	5196479	DNA/hAT-Charlie	1500	+	138	5196340	5120
chr11	5127169	5327169	harbor2	chr11	5149375	5149727	DNA/hAT-Charlie	1066	+	176	5149551	22382
chr11	5127169	5327169	harbor2	chr11	5188523	5188721	DNA/hAT-Charlie	1127	+	99	5188622	61453
chr11	5127169	5327169	harbor2	chr11	5196202	5196479	DNA/hAT-Charlie	1500	+	138	5196340	69171
chr11	108021911	108221911	harbor2	chr11	108083882	108084100	DNA/hAT-Charlie	1511	+	109	108083991	62080
chr11	108021911	108221911	harbor2	chr11	108086558	108086851	DNA/hAT-Charlie	839	+	146	108086704	64793
chr11	108021911	108221911	harbor2	chr11	108087018	108087503	DNA/hAT-Charlie	868	+	242	108087260	65349
chr11	108021911	108221911	harbor2	chr11	108111192	108111368	DNA/hAT-Charlie	791	+	88	108111280	89369
chr11	76597013	76797013	harbor2	chr11	76598717	76599027	DNA/hAT-Charlie	1368	+	155	76598872	1859
chr11	76597013	76797013	harbor2	chr11	76607306	76607536	DNA/hAT-Charlie	452	+	115	76607421	10408
chr11	76597013	76797013	harbor2	chr11	76612271	76612410	DNA/hAT-Charlie	472	+	70	76612341	15328
chr11	76597013	76797013	harbor2	chr11	76612460	76612643	DNA/hAT-Charlie	986	+	92	76612552	15539
chr11	76597013	76797013	harbor2	chr11	76612669	76612700	DNA/hAT-Charlie	986	+	16	76612685	15672
chr11	76597013	76797013	harbor2	chr11	76612988	76613265	DNA/hAT-Charlie	986	+	138	76613126	16113
chr11	76597013	76797013	harbor2	chr11	76613362	76613889	DNA/hAT-Charlie	986	+	264	76613626	16613
chr11	76597013	76797013	harbor2	chr11	76649274	76649745	DNA/hAT-Charlie	1913	+	236	76649510	52497
chr11	5130296	5330296	harbor2	chr11	5149375	5149727	DNA/hAT-Charlie	1066	+	176	5149551	19255
chr11	5130296	5330296	harbor2	chr11	5188523	5188721	DNA/hAT-Charlie	1127	+	99	5188622	58326
chr11	5130296	5330296	harbor2	chr11	5196202	5196479	DNA/hAT-Charlie	1500	+	138	5196340	66044
chr11	65758415	65958415	harbor2	chr11	65785103	65785207	DNA/hAT-Charlie	410	+	52	65785155	26740
chr11	5127119	5327119	harbor2	chr11	5149375	5149727	DNA/hAT-Charlie	1066	+	176	5149551	22432
chr11	5127119	5327119	harbor2	chr11	5188523	5188721	DNA/hAT-Charlie	1127	+	99	5188622	61503
chr11	5127119	5327119	harbor2	chr11	5196202	5196479	DNA/hAT-Charlie	1500	+	138	5196340	69221
chr11	5374833	5574833	harbor2	chr11	5427830	5428211	DNA/hAT-Charlie	743	+	190	5428020	53187
chr11	5374833	5574833	harbor2	chr11	5434047	5434208	DNA/hAT-Charlie	762	+	80	5434127	59294
chr11	5127221	5327221	harbor2	chr11	5149375	5149727	DNA/hAT-Charlie	1066	+	176	5149551	22330
chr11	5127221	5327221	harbor2	chr11	5188523	5188721	DNA/hAT-Charlie	1127	+	99	5188622	61401
chr11	5127221	5327221	harbor2	chr11	5196202	5196479	DNA/hAT-Charlie	1500	+	138	5196340	69119
chr11	5191472	5391472	harbor2	chr11	5196202	5196479	DNA/hAT-Charlie	1500	+	138	5196340	4868
chr11	2055346	2255346	harbor2	chr11	2088508	2088645	DNA/hAT-Charlie	498	+	68	2088576	33230
chr11	57399755	57599755	harbor2	chr11	57416766	57416918	DNA/hAT-Charlie	485	+	76	57416842	17087
chr11	57399755	57599755	harbor2	chr11	57451266	57451480	DNA/hAT-Charlie	427	+	107	57451373	51618
chr11	57399755	57599755	harbor2	chr11	57466768	57466972	DNA/hAT-Charlie	1175	+	102	57466870	67115
chr11	5128073	5328073	harbor2	chr11	5149375	5149727	DNA/hAT-Charlie	1066	+	176	5149551	21478
chr11	5128073	5328073	harbor2	chr11	5188523	5188721	DNA/hAT-Charlie	1127	+	99	5188622	60549
chr11	5128073	5328073	harbor2	chr11	5196202	5196479	DNA/hAT-Charlie	1500	+	138	5196340	68267
chr11	70337550	70537550	harbor2	chr11	70389580	70389760	DNA/hAT-Charlie	1259	+	90	70389670	52120
chr11	10402307	10602307	harbor2	chr11	10410011	10410262	DNA/hAT-Charlie	644	+	126	10410137	7830
chr11	10402307	10602307	harbor2	chr11	10446184	10446906	DNA/hAT-Charlie	2330	+	361	10446545	44238
chr11	10402307	10602307	harbor2	chr11	10447211	10447647	DNA/hAT-Charlie	2330	+	218	10447429	45122
chr11	10402307	10602307	harbor2	chr11	10448279	10448615	DNA/hAT-Charlie	2105	+	168	10448447	46140
chr11	10402307	10602307	harbor2	chr11	10448669	10449447	DNA/hAT-Charlie	2105	+	389	10449058	46751
chr11	10402307	10602307	harbor2	chr11	10454392	10454637	DNA/hAT-Charlie	621	+	122	10454514	52207
chr11	5127064	5327064	harbor2	chr11	5149375	5149727	DNA/hAT-Charlie	1066	+	176	5149551	22487
chr11	5127064	5327064	harbor2	chr11	5188523	5188721	DNA/hAT-Charlie	1127	+	99	5188622	61558
chr11	5127064	5327064	harbor2	chr11	5196202	5196479	DNA/hAT-Charlie	1500	+	138	5196340	69276
chr11	34816682	35016682	harbor2	chr11	34827889	34828042	DNA/hAT-Charlie	478	+	76	34827965	11283
chr11	34816682	35016682	harbor2	chr11	34837585	34837809	DNA/hAT-Charlie	1172	+	112	34837697	21015
chr11	34816682	35016682	harbor2	chr11	34844754	34844966	DNA/hAT-Charlie	908	+	106	34844860	28178
chr11	34816682	35016682	harbor2	chr11	34844952	34845091	DNA/hAT-Charlie	710	+	70	34845022	28340
chr11	34816682	35016682	harbor2	chr11	34851105	34851285	DNA/hAT-Charlie	515	+	90	34851195	34513
chr11	34816682	35016682	harbor2	chr11	34865938	34866332	DNA/hAT-Charlie	2884	+	197	34866135	49453
chr11	34816682	35016682	harbor2	chr11	34873019	34873355	DNA/hAT-Charlie	2471	+	168	34873187	56505
chr11	34816682	35016682	harbor2	chr11	34911514	34911729	DNA/hAT-Charlie	502	+	108	34911622	94940
chr11	5127952	5327952	harbor2	chr11	5149375	5149727	DNA/hAT-Charlie	1066	+	176	5149551	21599
chr11	5127952	5327952	harbor2	chr11	5188523	5188721	DNA/hAT-Charlie	1127	+	99	5188622	60670
chr11	5127952	5327952	harbor2	chr11	5196202	5196479	DNA/hAT-Charlie	1500	+	138	5196340	68388
chr11	5134168	5334168	harbor2	chr11	5149375	5149727	DNA/hAT-Charlie	1066	+	176	5149551	15383
chr11	5134168	5334168	harbor2	chr11	5188523	5188721	DNA/hAT-Charlie	1127	+	99	5188622	54454
chr11	5134168	5334168	harbor2	chr11	5196202	5196479	DNA/hAT-Charlie	1500	+	138	5196340	62172
chr11	2054426	2254426	harbor2	chr11	2088508	2088645	DNA/hAT-Charlie	498	+	68	2088576	34150
chr11	5127561	5327561	harbor2	chr11	5149375	5149727	DNA/hAT-Charlie	1066	+	176	5149551	21990
chr11	5127561	5327561	harbor2	chr11	5188523	5188721	DNA/hAT-Charlie	1127	+	99	5188622	61061
chr11	5127561	5327561	harbor2	chr11	5196202	5196479	DNA/hAT-Charlie	1500	+	138	5196340	68779
chr11	5132031	5332031	harbor2	chr11	5149375	5149727	DNA/hAT-Charlie	1066	+	176	5149551	17520
chr11	5132031	5332031	harbor2	chr11	5188523	5188721	DNA/hAT-Charlie	1127	+	99	5188622	56591
chr11	5132031	5332031	harbor2	chr11	5196202	5196479	DNA/hAT-Charlie	1500	+	138	5196340	64309
chr11	5126997	5326997	harbor2	chr11	5149375	5149727	DNA/hAT-Charlie	1066	+	176	5149551	22554
chr11	5126997	5326997	harbor2	chr11	5188523	5188721	DNA/hAT-Charlie	1127	+	99	5188622	61625
chr11	5126997	5326997	harbor2	chr11	5196202	5196479	DNA/hAT-Charlie	1500	+	138	5196340	69343
chr11	118509641	118709641	harbor2	chr11	118584299	118584422	DNA/hAT-Charlie	437	+	62	118584361	74720
chr11	5140184	5340184	harbor2	chr11	5149375	5149727	DNA/hAT-Charlie	1066	+	176	5149551	9367
chr11	5140184	5340184	harbor2	chr11	5188523	5188721	DNA/hAT-Charlie	1127	+	99	5188622	48438
chr11	5140184	5340184	harbor2	chr11	5196202	5196479	DNA/hAT-Charlie	1500	+	138	5196340	56156
chr11	123512081	123712081	harbor2	chr11	123512803	123512942	DNA/hAT-Charlie	597	+	70	123512873	792
chr11	123512081	123712081	harbor2	chr11	123532625	123532931	DNA/hAT-Charlie	1022	+	153	123532778	20697
chr11	123512081	123712081	harbor2	chr11	123543780	123543974	DNA/hAT-Charlie	893	+	97	123543877	31796
chr11	76580946	76780946	harbor2	chr11	76595957	76596041	DNA/hAT-Charlie	495	+	42	76595999	15053
chr11	76580946	76780946	harbor2	chr11	76598717	76599027	DNA/hAT-Charlie	1368	+	155	76598872	17926
chr11	76580946	76780946	harbor2	chr11	76607306	76607536	DNA/hAT-Charlie	452	+	115	76607421	26475
chr11	76580946	76780946	harbor2	chr11	76612271	76612410	DNA/hAT-Charlie	472	+	70	76612341	31395
chr11	76580946	76780946	harbor2	chr11	76612460	76612643	DNA/hAT-Charlie	986	+	92	76612552	31606
chr11	76580946	76780946	harbor2	chr11	76612669	76612700	DNA/hAT-Charlie	986	+	16	76612685	31739
chr11	76580946	76780946	harbor2	chr11	76612988	76613265	DNA/hAT-Charlie	986	+	138	76613126	32180
chr11	76580946	76780946	harbor2	chr11	76613362	76613889	DNA/hAT-Charlie	986	+	264	76613626	32680
chr11	76580946	76780946	harbor2	chr11	76649274	76649745	DNA/hAT-Charlie	1913	+	236	76649510	68564
chr11	108021537	108221537	harbor2	chr11	108083882	108084100	DNA/hAT-Charlie	1511	+	109	108083991	62454
chr11	108021537	108221537	harbor2	chr11	108086558	108086851	DNA/hAT-Charlie	839	+	146	108086704	65167
chr11	108021537	108221537	harbor2	chr11	108087018	108087503	DNA/hAT-Charlie	868	+	242	108087260	65723
chr11	108021537	108221537	harbor2	chr11	108111192	108111368	DNA/hAT-Charlie	791	+	88	108111280	89743
chr11	133742979	133942979	harbor2	chr11	133780487	133780648	DNA/hAT-Charlie	603	+	80	133780567	37588
chr11	5127155	5327155	harbor2	chr11	5149375	5149727	DNA/hAT-Charlie	1066	+	176	5149551	22396
chr11	5127155	5327155	harbor2	chr11	5188523	5188721	DNA/hAT-Charlie	1127	+	99	5188622	61467
chr11	5127155	5327155	harbor2	chr11	5196202	5196479	DNA/hAT-Charlie	1500	+	138	5196340	69185
chr11	5127211	5327211	harbor2	chr11	5149375	5149727	DNA/hAT-Charlie	1066	+	176	5149551	22340
chr11	5127211	5327211	harbor2	chr11	5188523	5188721	DNA/hAT-Charlie	1127	+	99	5188622	61411
chr11	5127211	5327211	harbor2	chr11	5196202	5196479	DNA/hAT-Charlie	1500	+	138	5196340	69129
chr11	5134551	5334551	harbor2	chr11	5149375	5149727	DNA/hAT-Charlie	1066	+	176	5149551	15000
chr11	5134551	5334551	harbor2	chr11	5188523	5188721	DNA/hAT-Charlie	1127	+	99	5188622	54071
chr11	5134551	5334551	harbor2	chr11	5196202	5196479	DNA/hAT-Charlie	1500	+	138	5196340	61789
chr11	5127112	5327112	harbor2	chr11	5149375	5149727	DNA/hAT-Charlie	1066	+	176	5149551	22439
chr11	5127112	5327112	harbor2	chr11	5188523	5188721	DNA/hAT-Charlie	1127	+	99	5188622	61510
chr11	5127112	5327112	harbor2	chr11	5196202	5196479	DNA/hAT-Charlie	1500	+	138	5196340	69228
chr11	5132933	5332933	harbor2	chr11	5149375	5149727	DNA/hAT-Charlie	1066	+	176	5149551	16618
chr11	5132933	5332933	harbor2	chr11	5188523	5188721	DNA/hAT-Charlie	1127	+	99	5188622	55689
chr11	5132933	5332933	harbor2	chr11	5196202	5196479	DNA/hAT-Charlie	1500	+	138	5196340	63407
chr11	5137985	5337985	harbor2	chr11	5149375	5149727	DNA/hAT-Charlie	1066	+	176	5149551	11566
chr11	5137985	5337985	harbor2	chr11	5188523	5188721	DNA/hAT-Charlie	1127	+	99	5188622	50637
chr11	5137985	5337985	harbor2	chr11	5196202	5196479	DNA/hAT-Charlie	1500	+	138	5196340	58355
chr11	5134538	5334538	harbor2	chr11	5149375	5149727	DNA/hAT-Charlie	1066	+	176	5149551	15013
chr11	5134538	5334538	harbor2	chr11	5188523	5188721	DNA/hAT-Charlie	1127	+	99	5188622	54084
chr11	5134538	5334538	harbor2	chr11	5196202	5196479	DNA/hAT-Charlie	1500	+	138	5196340	61802
chr11	5179921	5379921	harbor2	chr11	5188523	5188721	DNA/hAT-Charlie	1127	+	99	5188622	8701
chr11	5179921	5379921	harbor2	chr11	5196202	5196479	DNA/hAT-Charlie	1500	+	138	5196340	16419
chr11	5196062	5396062	harbor2	chr11	5196202	5196479	DNA/hAT-Charlie	1500	+	138	5196340	278
chr11	5133805	5333805	harbor2	chr11	5149375	5149727	DNA/hAT-Charlie	1066	+	176	5149551	15746
chr11	5133805	5333805	harbor2	chr11	5188523	5188721	DNA/hAT-Charlie	1127	+	99	5188622	54817
chr11	5133805	5333805	harbor2	chr11	5196202	5196479	DNA/hAT-Charlie	1500	+	138	5196340	62535
chr11	108022093	108222093	harbor2	chr11	108083882	108084100	DNA/hAT-Charlie	1511	+	109	108083991	61898
chr11	108022093	108222093	harbor2	chr11	108086558	108086851	DNA/hAT-Charlie	839	+	146	108086704	64611
chr11	108022093	108222093	harbor2	chr11	108087018	108087503	DNA/hAT-Charlie	868	+	242	108087260	65167
chr11	108022093	108222093	harbor2	chr11	108111192	108111368	DNA/hAT-Charlie	791	+	88	108111280	89187
chr11	5127124	5327124	harbor2	chr11	5149375	5149727	DNA/hAT-Charlie	1066	+	176	5149551	22427
chr11	5127124	5327124	harbor2	chr11	5188523	5188721	DNA/hAT-Charlie	1127	+	99	5188622	61498
chr11	5127124	5327124	harbor2	chr11	5196202	5196479	DNA/hAT-Charlie	1500	+	138	5196340	69216
chr11	86705704	86905704	harbor2	chr11	86717057	86717127	DNA/hAT-Charlie	431	+	35	86717092	11388
chr11	86705704	86905704	harbor2	chr11	86717601	86717739	DNA/hAT-Charlie	431	+	69	86717670	11966
chr11	86705704	86905704	harbor2	chr11	86718324	86718355	DNA/hAT-Charlie	431	+	16	86718340	12636
chr11	86705704	86905704	harbor2	chr11	86763878	86764075	DNA/hAT-Charlie	416	+	98	86763976	58272
chr11	86705704	86905704	harbor2	chr11	86766693	86766959	DNA/hAT-Charlie	1078	+	133	86766826	61122
chr11	86705704	86905704	harbor2	chr11	86793138	86793250	DNA/hAT-Charlie	536	+	56	86793194	87490
chr11	86705704	86905704	harbor2	chr11	86798233	86798708	DNA/hAT-Charlie	794	+	238	86798471	92767
chr11	86705704	86905704	harbor2	chr11	86798995	86799045	DNA/hAT-Charlie	794	+	25	86799020	93316
chr11	5130452	5330452	harbor2	chr11	5149375	5149727	DNA/hAT-Charlie	1066	+	176	5149551	19099
chr11	5130452	5330452	harbor2	chr11	5188523	5188721	DNA/hAT-Charlie	1127	+	99	5188622	58170
chr11	5130452	5330452	harbor2	chr11	5196202	5196479	DNA/hAT-Charlie	1500	+	138	5196340	65888
chr11	117887292	118087292	harbor2	chr11	117891421	117892055	DNA/hAT-Charlie	2971	+	317	117891738	4446
chr11	117887292	118087292	harbor2	chr11	117892369	117892459	DNA/hAT-Charlie	2971	+	45	117892414	5122
chr11	117887292	118087292	harbor2	chr11	117894521	117895085	DNA/hAT-Charlie	2403	+	282	117894803	7511
chr11	117887292	118087292	harbor2	chr11	117912120	117912259	DNA/hAT-Charlie	536	+	70	117912190	24898
chr11	117887292	118087292	harbor2	chr11	117912270	117912396	DNA/hAT-Charlie	464	+	63	117912333	25041
chr11	117887292	118087292	harbor2	chr11	117950303	117950479	DNA/hAT-Charlie	869	+	88	117950391	63099
chr11	5127171	5327171	harbor2	chr11	5149375	5149727	DNA/hAT-Charlie	1066	+	176	5149551	22380
chr11	5127171	5327171	harbor2	chr11	5188523	5188721	DNA/hAT-Charlie	1127	+	99	5188622	61451
chr11	5127171	5327171	harbor2	chr11	5196202	5196479	DNA/hAT-Charlie	1500	+	138	5196340	69169
chr11	69540237	69740237	harbor2	chr11	69546157	69546302	DNA/hAT-Charlie	445	+	72	69546229	5992
chr11	69540237	69740237	harbor2	chr11	69569341	69569561	DNA/hAT-Charlie	605	+	110	69569451	29214
chr11	69540237	69740237	harbor2	chr11	69626241	69626457	DNA/hAT-Charlie	1490	+	108	69626349	86112
chr11	5133958	5333958	harbor2	chr11	5149375	5149727	DNA/hAT-Charlie	1066	+	176	5149551	15593
chr11	5133958	5333958	harbor2	chr11	5188523	5188721	DNA/hAT-Charlie	1127	+	99	5188622	54664
chr11	5133958	5333958	harbor2	chr11	5196202	5196479	DNA/hAT-Charlie	1500	+	138	5196340	62382
chr11	5134924	5334924	harbor2	chr11	5149375	5149727	DNA/hAT-Charlie	1066	+	176	5149551	14627
chr11	5134924	5334924	harbor2	chr11	5188523	5188721	DNA/hAT-Charlie	1127	+	99	5188622	53698
chr11	5134924	5334924	harbor2	chr11	5196202	5196479	DNA/hAT-Charlie	1500	+	138	5196340	61416
chr11	124775046	124975046	harbor2	chr11	124787135	124787371	DNA/hAT-Charlie	428	+	118	124787253	12207
chr11	124775046	124975046	harbor2	chr11	124792011	124792116	DNA/hAT-Charlie	410	+	52	124792063	17017
chr11	124775046	124975046	harbor2	chr11	124793155	124793377	DNA/hAT-Charlie	540	+	111	124793266	18220
chr11	124775046	124975046	harbor2	chr11	124793393	124793493	DNA/hAT-Charlie	406	+	50	124793443	18397
chr11	124775046	124975046	harbor2	chr11	124805892	124806627	DNA/hAT-Charlie	8478	+	368	124806260	31214
chr11	124775046	124975046	harbor2	chr11	124806939	124807433	DNA/hAT-Charlie	8478	+	247	124807186	32140
chr11	124775046	124975046	harbor2	chr11	124837921	124838065	DNA/hAT-Charlie	529	+	72	124837993	62947
chr11	6206570	6406570	harbor2	chr11	6291721	6291842	DNA/hAT-Charlie	586	+	60	6291781	85211
chr11	71032716	71232716	harbor2	chr11	71060104	71060315	DNA/hAT-Charlie	1193	+	106	71060210	27494
chr11	71032716	71232716	harbor2	chr11	71061150	71061257	DNA/hAT-Charlie	472	+	54	71061204	28488
chr11	71032716	71232716	harbor2	chr11	71070630	71070833	DNA/hAT-Charlie	957	+	102	71070732	38016
chr11	71032716	71232716	harbor2	chr11	71109278	71109414	DNA/hAT-Charlie	417	+	68	71109346	76630
chr11	46138378	46338378	harbor2	chr11	46142512	46142683	DNA/hAT-Charlie	923	+	86	46142598	4220
chr11	46138378	46338378	harbor2	chr11	46145967	46146189	DNA/hAT-Charlie	992	+	111	46146078	7700
chr11	46138378	46338378	harbor2	chr11	46163425	46163735	DNA/hAT-Charlie	740	+	155	46163580	25202
chr11	46138378	46338378	harbor2	chr11	46172418	46172607	DNA/hAT-Charlie	810	+	94	46172512	34134
chr11	46138378	46338378	harbor2	chr11	46180312	46180564	DNA/hAT-Charlie	822	+	126	46180438	42060
chr11	46138378	46338378	harbor2	chr11	46207379	46207752	DNA/hAT-Charlie	3095	+	186	46207565	69187
chr11	46138378	46338378	harbor2	chr11	46208060	46208130	DNA/hAT-Charlie	3095	+	35	46208095	69717
chr11	46138378	46338378	harbor2	chr11	46208131	46208261	DNA/hAT-Charlie	774	+	65	46208196	69818
chr11	46138378	46338378	harbor2	chr11	46210560	46210680	DNA/hAT-Charlie	533	+	60	46210620	72242
chr11	57399767	57599767	harbor2	chr11	57416766	57416918	DNA/hAT-Charlie	485	+	76	57416842	17075
chr11	57399767	57599767	harbor2	chr11	57451266	57451480	DNA/hAT-Charlie	427	+	107	57451373	51606
chr11	57399767	57599767	harbor2	chr11	57466768	57466972	DNA/hAT-Charlie	1175	+	102	57466870	67103
chr11	57384547	57584547	harbor2	chr11	57416766	57416918	DNA/hAT-Charlie	485	+	76	57416842	32295
chr11	57384547	57584547	harbor2	chr11	57451266	57451480	DNA/hAT-Charlie	427	+	107	57451373	66826
chr11	57384547	57584547	harbor2	chr11	57466768	57466972	DNA/hAT-Charlie	1175	+	102	57466870	82323
chr11	5134209	5334209	harbor2	chr11	5149375	5149727	DNA/hAT-Charlie	1066	+	176	5149551	15342
chr11	5134209	5334209	harbor2	chr11	5188523	5188721	DNA/hAT-Charlie	1127	+	99	5188622	54413
chr11	5134209	5334209	harbor2	chr11	5196202	5196479	DNA/hAT-Charlie	1500	+	138	5196340	62131
chr11	108022644	108222644	harbor2	chr11	108083882	108084100	DNA/hAT-Charlie	1511	+	109	108083991	61347
chr11	108022644	108222644	harbor2	chr11	108086558	108086851	DNA/hAT-Charlie	839	+	146	108086704	64060
chr11	108022644	108222644	harbor2	chr11	108087018	108087503	DNA/hAT-Charlie	868	+	242	108087260	64616
chr11	108022644	108222644	harbor2	chr11	108111192	108111368	DNA/hAT-Charlie	791	+	88	108111280	88636
chr11	68349400	68549400	harbor2	chr11	68380174	68380476	DNA/hAT-Charlie	939	+	151	68380325	30925
chr11	68349400	68549400	harbor2	chr11	68398549	68398747	DNA/hAT-Charlie	777	+	99	68398648	49248
chr11	68349400	68549400	harbor2	chr11	68399017	68399045	DNA/hAT-Charlie	777	+	14	68399031	49631
chr11	68349400	68549400	harbor2	chr11	68399394	68399521	DNA/hAT-Charlie	777	+	64	68399458	50058
chr11	68349400	68549400	harbor2	chr11	68407498	68407558	DNA/hAT-Charlie	656	+	30	68407528	58128
chr11	68349400	68549400	harbor2	chr11	68407860	68408009	DNA/hAT-Charlie	656	+	74	68407934	58534
chr11	68349400	68549400	harbor2	chr11	68434977	68435202	DNA/hAT-Charlie	959	+	112	68435089	85689
chr11	64538595	64738595	harbor2	chr11	64539863	64540158	DNA/hAT-Charlie	820	+	148	64540011	1416
chr11	64538595	64738595	harbor2	chr11	64624585	64624805	DNA/hAT-Charlie	711	+	110	64624695	86100
chr11	76580961	76780961	harbor2	chr11	76595957	76596041	DNA/hAT-Charlie	495	+	42	76595999	15038
chr11	76580961	76780961	harbor2	chr11	76598717	76599027	DNA/hAT-Charlie	1368	+	155	76598872	17911
chr11	76580961	76780961	harbor2	chr11	76607306	76607536	DNA/hAT-Charlie	452	+	115	76607421	26460
chr11	76580961	76780961	harbor2	chr11	76612271	76612410	DNA/hAT-Charlie	472	+	70	76612341	31380
chr11	76580961	76780961	harbor2	chr11	76612460	76612643	DNA/hAT-Charlie	986	+	92	76612552	31591
chr11	76580961	76780961	harbor2	chr11	76612669	76612700	DNA/hAT-Charlie	986	+	16	76612685	31724
chr11	76580961	76780961	harbor2	chr11	76612988	76613265	DNA/hAT-Charlie	986	+	138	76613126	32165
chr11	76580961	76780961	harbor2	chr11	76613362	76613889	DNA/hAT-Charlie	986	+	264	76613626	32665
chr11	76580961	76780961	harbor2	chr11	76649274	76649745	DNA/hAT-Charlie	1913	+	236	76649510	68549
chr11	76580925	76780925	harbor2	chr11	76595957	76596041	DNA/hAT-Charlie	495	+	42	76595999	15074
chr11	76580925	76780925	harbor2	chr11	76598717	76599027	DNA/hAT-Charlie	1368	+	155	76598872	17947
chr11	76580925	76780925	harbor2	chr11	76607306	76607536	DNA/hAT-Charlie	452	+	115	76607421	26496
chr11	76580925	76780925	harbor2	chr11	76612271	76612410	DNA/hAT-Charlie	472	+	70	76612341	31416
chr11	76580925	76780925	harbor2	chr11	76612460	76612643	DNA/hAT-Charlie	986	+	92	76612552	31627
chr11	76580925	76780925	harbor2	chr11	76612669	76612700	DNA/hAT-Charlie	986	+	16	76612685	31760
chr11	76580925	76780925	harbor2	chr11	76612988	76613265	DNA/hAT-Charlie	986	+	138	76613126	32201
chr11	76580925	76780925	harbor2	chr11	76613362	76613889	DNA/hAT-Charlie	986	+	264	76613626	32701
chr11	76580925	76780925	harbor2	chr11	76649274	76649745	DNA/hAT-Charlie	1913	+	236	76649510	68585
chr11	108122770	108322770	harbor2	chr11	108169253	108169412	DNA/hAT-Charlie	700	+	80	108169333	46563
chr11	108122770	108322770	harbor2	chr11	108216332	108216582	DNA/hAT-Charlie	551	+	125	108216457	93687
chr11	108122770	108322770	harbor2	chr11	108221108	108221342	DNA/hAT-Charlie	1200	+	117	108221225	98455
chr11	76580957	76780957	harbor2	chr11	76595957	76596041	DNA/hAT-Charlie	495	+	42	76595999	15042
chr11	76580957	76780957	harbor2	chr11	76598717	76599027	DNA/hAT-Charlie	1368	+	155	76598872	17915
chr11	76580957	76780957	harbor2	chr11	76607306	76607536	DNA/hAT-Charlie	452	+	115	76607421	26464
chr11	76580957	76780957	harbor2	chr11	76612271	76612410	DNA/hAT-Charlie	472	+	70	76612341	31384
chr11	76580957	76780957	harbor2	chr11	76612460	76612643	DNA/hAT-Charlie	986	+	92	76612552	31595
chr11	76580957	76780957	harbor2	chr11	76612669	76612700	DNA/hAT-Charlie	986	+	16	76612685	31728
chr11	76580957	76780957	harbor2	chr11	76612988	76613265	DNA/hAT-Charlie	986	+	138	76613126	32169
chr11	76580957	76780957	harbor2	chr11	76613362	76613889	DNA/hAT-Charlie	986	+	264	76613626	32669
chr11	76580957	76780957	harbor2	chr11	76649274	76649745	DNA/hAT-Charlie	1913	+	236	76649510	68553
chr11	5128067	5328067	harbor2	chr11	5149375	5149727	DNA/hAT-Charlie	1066	+	176	5149551	21484
chr11	5128067	5328067	harbor2	chr11	5188523	5188721	DNA/hAT-Charlie	1127	+	99	5188622	60555
chr11	5128067	5328067	harbor2	chr11	5196202	5196479	DNA/hAT-Charlie	1500	+	138	5196340	68273
chr11	113925194	114125194	harbor2	chr11	113956911	113957069	DNA/hAT-Charlie	644	+	79	113956990	31796
chr11	113925194	114125194	harbor2	chr11	114003048	114003117	DNA/hAT-Charlie	841	+	34	114003082	77888
chr11	113925194	114125194	harbor2	chr11	114003420	114003540	DNA/hAT-Charlie	841	+	60	114003480	78286
chr11	113925194	114125194	harbor2	chr11	114021496	114021661	DNA/hAT-Charlie	709	+	82	114021578	96384
chr11	75668641	75868641	harbor2	chr11	75741917	75742128	DNA/hAT-Charlie	1200	+	106	75742023	73382
chr11	75668641	75868641	harbor2	chr11	75742763	75742844	DNA/hAT-Charlie	1200	+	40	75742803	74162
chr11	75668641	75868641	harbor2	chr11	75760813	75760962	DNA/hAT-Charlie	913	+	74	75760887	92246
chr11	6202662	6402662	harbor2	chr11	6204647	6204824	DNA/hAT-Charlie	851	+	88	6204735	2073
chr11	6202662	6402662	harbor2	chr11	6291721	6291842	DNA/hAT-Charlie	586	+	60	6291781	89119
chr11	108022180	108222180	harbor2	chr11	108083882	108084100	DNA/hAT-Charlie	1511	+	109	108083991	61811
chr11	108022180	108222180	harbor2	chr11	108086558	108086851	DNA/hAT-Charlie	839	+	146	108086704	64524
chr11	108022180	108222180	harbor2	chr11	108087018	108087503	DNA/hAT-Charlie	868	+	242	108087260	65080
chr11	108022180	108222180	harbor2	chr11	108111192	108111368	DNA/hAT-Charlie	791	+	88	108111280	89100
chr11	5128829	5328829	harbor2	chr11	5149375	5149727	DNA/hAT-Charlie	1066	+	176	5149551	20722
chr11	5128829	5328829	harbor2	chr11	5188523	5188721	DNA/hAT-Charlie	1127	+	99	5188622	59793
chr11	5128829	5328829	harbor2	chr11	5196202	5196479	DNA/hAT-Charlie	1500	+	138	5196340	67511
chr11	111440799	111640799	harbor2	chr11	111446393	111446553	DNA/hAT-Charlie	560	+	80	111446473	5674
chr11	111440799	111640799	harbor2	chr11	111446848	111446982	DNA/hAT-Charlie	639	+	67	111446915	6116
chr11	111440799	111640799	harbor2	chr11	111465297	111465418	DNA/hAT-Charlie	533	+	60	111465357	24558
chr11	111440799	111640799	harbor2	chr11	111465840	111465920	DNA/hAT-Charlie	445	+	40	111465880	25081
chr11	111440799	111640799	harbor2	chr11	111472353	111472551	DNA/hAT-Charlie	1068	+	99	111472452	31653
chr11	5135349	5335349	harbor2	chr11	5149375	5149727	DNA/hAT-Charlie	1066	+	176	5149551	14202
chr11	5135349	5335349	harbor2	chr11	5188523	5188721	DNA/hAT-Charlie	1127	+	99	5188622	53273
chr11	5135349	5335349	harbor2	chr11	5196202	5196479	DNA/hAT-Charlie	1500	+	138	5196340	60991
chr11	93068304	93268304	harbor2	chr11	93132523	93132819	DNA/hAT-Charlie	1768	+	148	93132671	64367
chr11	6215101	6415101	harbor2	chr11	6291721	6291842	DNA/hAT-Charlie	586	+	60	6291781	76680
chr11	5140732	5340732	harbor2	chr11	5149375	5149727	DNA/hAT-Charlie	1066	+	176	5149551	8819
chr11	5140732	5340732	harbor2	chr11	5188523	5188721	DNA/hAT-Charlie	1127	+	99	5188622	47890
chr11	5140732	5340732	harbor2	chr11	5196202	5196479	DNA/hAT-Charlie	1500	+	138	5196340	55608
chr11	5127158	5327158	harbor2	chr11	5149375	5149727	DNA/hAT-Charlie	1066	+	176	5149551	22393
chr11	5127158	5327158	harbor2	chr11	5188523	5188721	DNA/hAT-Charlie	1127	+	99	5188622	61464
chr11	5127158	5327158	harbor2	chr11	5196202	5196479	DNA/hAT-Charlie	1500	+	138	5196340	69182
chr11	71257652	71457652	harbor2	chr11	71281256	71281373	DNA/hAT-Charlie	506	+	58	71281314	23662
chr11	67398600	67598600	harbor2	chr11	67429748	67429812	DNA/hAT-Charlie	1208	+	32	67429780	31180
chr11	67398600	67598600	harbor2	chr11	67430733	67430895	DNA/hAT-Charlie	1208	+	81	67430814	32214
chr11	67398600	67598600	harbor2	chr11	67462219	67462356	DNA/hAT-Charlie	526	+	68	67462287	63687
chr11	67398600	67598600	harbor2	chr11	67462653	67462690	DNA/hAT-Charlie	526	+	18	67462671	64071
chr11	67398600	67598600	harbor2	chr11	67462992	67463074	DNA/hAT-Charlie	526	+	41	67463033	64433
chr11	84730966	84930966	harbor2	chr11	84756700	84756876	DNA/hAT-Charlie	1218	+	88	84756788	25822
chr11	84730966	84930966	harbor2	chr11	84757163	84757467	DNA/hAT-Charlie	1059	+	152	84757315	26349
chr11	86038927	86238927	harbor2	chr11	86044633	86044969	DNA/hAT-Charlie	2186	+	168	86044801	5874
chr11	86038927	86238927	harbor2	chr11	86108870	86109079	DNA/hAT-Charlie	496	+	104	86108974	70047
chr11	86038927	86238927	harbor2	chr11	86125821	86125965	DNA/hAT-Charlie	569	+	72	86125893	86966
chr11	86038927	86238927	harbor2	chr11	86130763	86130835	DNA/hAT-Charlie	406	+	36	86130799	91872
chr11	86038927	86238927	harbor2	chr11	86131019	86131271	DNA/hAT-Charlie	898	+	126	86131145	92218
chr11	71765031	71965031	harbor2	chr11	71797987	71798153	DNA/hAT-Charlie	1153	+	83	71798070	33039
chr11	71765031	71965031	harbor2	chr11	71801156	71801355	DNA/hAT-Charlie	836	+	100	71801256	36225
chr11	71765031	71965031	harbor2	chr11	71825364	71825572	DNA/hAT-Charlie	584	+	104	71825468	60437
chr11	22729649	22929649	harbor2	chr11	22760289	22760473	DNA/hAT-Charlie	980	+	92	22760381	30732
chr11	22729649	22929649	harbor2	chr11	22824747	22824916	DNA/hAT-Charlie	445	+	84	22824831	95182
chr11	5134455	5334455	harbor2	chr11	5149375	5149727	DNA/hAT-Charlie	1066	+	176	5149551	15096
chr11	5134455	5334455	harbor2	chr11	5188523	5188721	DNA/hAT-Charlie	1127	+	99	5188622	54167
chr11	5134455	5334455	harbor2	chr11	5196202	5196479	DNA/hAT-Charlie	1500	+	138	5196340	61885
chr11	75668758	75868758	harbor2	chr11	75741917	75742128	DNA/hAT-Charlie	1200	+	106	75742023	73265
chr11	75668758	75868758	harbor2	chr11	75742763	75742844	DNA/hAT-Charlie	1200	+	40	75742803	74045
chr11	75668758	75868758	harbor2	chr11	75760813	75760962	DNA/hAT-Charlie	913	+	74	75760887	92129
chr11	5127199	5327199	harbor2	chr11	5149375	5149727	DNA/hAT-Charlie	1066	+	176	5149551	22352
chr11	5127199	5327199	harbor2	chr11	5188523	5188721	DNA/hAT-Charlie	1127	+	99	5188622	61423
chr11	5127199	5327199	harbor2	chr11	5196202	5196479	DNA/hAT-Charlie	1500	+	138	5196340	69141
chr11	73052995	73252995	harbor2	chr11	73053146	73054035	DNA/hAT-Charlie	7566	+	444	73053590	595
chr11	73052995	73252995	harbor2	chr11	73054046	73054251	DNA/hAT-Charlie	1038	+	102	73054148	1153
chr11	73052995	73252995	harbor2	chr11	73129276	73129808	DNA/hAT-Charlie	3723	+	266	73129542	76547
chr11	5127156	5327156	harbor2	chr11	5149375	5149727	DNA/hAT-Charlie	1066	+	176	5149551	22395
chr11	5127156	5327156	harbor2	chr11	5188523	5188721	DNA/hAT-Charlie	1127	+	99	5188622	61466
chr11	5127156	5327156	harbor2	chr11	5196202	5196479	DNA/hAT-Charlie	1500	+	138	5196340	69184
chr11	119008595	119208595	harbor2	chr11	119076699	119076858	DNA/hAT-Charlie	880	+	80	119076779	68184
chr11	69541435	69741435	harbor2	chr11	69546157	69546302	DNA/hAT-Charlie	445	+	72	69546229	4794
chr11	69541435	69741435	harbor2	chr11	69569341	69569561	DNA/hAT-Charlie	605	+	110	69569451	28016
chr11	69541435	69741435	harbor2	chr11	69626241	69626457	DNA/hAT-Charlie	1490	+	108	69626349	84914
chr11	66809010	67009010	harbor2	chr11	66812741	66812962	DNA/hAT-Charlie	1215	+	110	66812851	3841
chr11	76603574	76803574	harbor2	chr11	76607306	76607536	DNA/hAT-Charlie	452	+	115	76607421	3847
chr11	76603574	76803574	harbor2	chr11	76612271	76612410	DNA/hAT-Charlie	472	+	70	76612341	8767
chr11	76603574	76803574	harbor2	chr11	76612460	76612643	DNA/hAT-Charlie	986	+	92	76612552	8978
chr11	76603574	76803574	harbor2	chr11	76612669	76612700	DNA/hAT-Charlie	986	+	16	76612685	9111
chr11	76603574	76803574	harbor2	chr11	76612988	76613265	DNA/hAT-Charlie	986	+	138	76613126	9552
chr11	76603574	76803574	harbor2	chr11	76613362	76613889	DNA/hAT-Charlie	986	+	264	76613626	10052
chr11	76603574	76803574	harbor2	chr11	76649274	76649745	DNA/hAT-Charlie	1913	+	236	76649510	45936
chr11	5127093	5327093	harbor2	chr11	5149375	5149727	DNA/hAT-Charlie	1066	+	176	5149551	22458
chr11	5127093	5327093	harbor2	chr11	5188523	5188721	DNA/hAT-Charlie	1127	+	99	5188622	61529
chr11	5127093	5327093	harbor2	chr11	5196202	5196479	DNA/hAT-Charlie	1500	+	138	5196340	69247
chr11	33157293	33357293	harbor2	chr11	33197402	33197564	DNA/hAT-Charlie	856	+	81	33197483	40190
chr11	33157293	33357293	harbor2	chr11	33229458	33229742	DNA/hAT-Charlie	1143	+	142	33229600	72307
chr11	33157293	33357293	harbor2	chr11	33230071	33230232	DNA/hAT-Charlie	1143	+	80	33230151	72858
chr11	5134058	5334058	harbor2	chr11	5149375	5149727	DNA/hAT-Charlie	1066	+	176	5149551	15493
chr11	5134058	5334058	harbor2	chr11	5188523	5188721	DNA/hAT-Charlie	1127	+	99	5188622	54564
chr11	5134058	5334058	harbor2	chr11	5196202	5196479	DNA/hAT-Charlie	1500	+	138	5196340	62282
chr11	63804348	64004348	harbor2	chr11	63851982	63853117	DNA/hAT-Charlie	10090	+	568	63852550	48202
chr11	63804348	64004348	harbor2	chr11	63853408	63853859	DNA/hAT-Charlie	10090	+	226	63853634	49286
chr11	63804348	64004348	harbor2	chr11	63854173	63854186	DNA/hAT-Charlie	10090	+	6	63854179	49831
chr11	63804348	64004348	harbor2	chr11	63854517	63854552	DNA/hAT-Charlie	10090	+	18	63854535	50187
chr11	63804348	64004348	harbor2	chr11	63854832	63855236	DNA/hAT-Charlie	10090	+	202	63855034	50686
chr11	63804348	64004348	harbor2	chr11	63855543	63856061	DNA/hAT-Charlie	10090	+	259	63855802	51454
chr11	63804348	64004348	harbor2	chr11	63857550	63857785	DNA/hAT-Charlie	788	+	118	63857668	53320
chr11	69540515	69740515	harbor2	chr11	69546157	69546302	DNA/hAT-Charlie	445	+	72	69546229	5714
chr11	69540515	69740515	harbor2	chr11	69569341	69569561	DNA/hAT-Charlie	605	+	110	69569451	28936
chr11	69540515	69740515	harbor2	chr11	69626241	69626457	DNA/hAT-Charlie	1490	+	108	69626349	85834
chr11	5127178	5327178	harbor2	chr11	5149375	5149727	DNA/hAT-Charlie	1066	+	176	5149551	22373
chr11	5127178	5327178	harbor2	chr11	5188523	5188721	DNA/hAT-Charlie	1127	+	99	5188622	61444
chr11	5127178	5327178	harbor2	chr11	5196202	5196479	DNA/hAT-Charlie	1500	+	138	5196340	69162
chr11	68332467	68532467	harbor2	chr11	68380174	68380476	DNA/hAT-Charlie	939	+	151	68380325	47858
chr11	68332467	68532467	harbor2	chr11	68398549	68398747	DNA/hAT-Charlie	777	+	99	68398648	66181
chr11	68332467	68532467	harbor2	chr11	68399017	68399045	DNA/hAT-Charlie	777	+	14	68399031	66564
chr11	68332467	68532467	harbor2	chr11	68399394	68399521	DNA/hAT-Charlie	777	+	64	68399458	66991
chr11	68332467	68532467	harbor2	chr11	68407498	68407558	DNA/hAT-Charlie	656	+	30	68407528	75061
chr11	68332467	68532467	harbor2	chr11	68407860	68408009	DNA/hAT-Charlie	656	+	74	68407934	75467
chr11	688408	888408	harbor2	chr11	733950	734172	DNA/hAT-Charlie	619	+	111	734061	45653
chr11	688408	888408	harbor2	chr11	743872	744047	DNA/hAT-Charlie	756	+	88	743960	55552
chr11	1449439	1649439	harbor2	chr11	1530092	1530355	DNA/hAT-Charlie	516	+	132	1530224	80785
chr11	1449439	1649439	harbor2	chr11	1530650	1530694	DNA/hAT-Charlie	516	+	22	1530672	81233
chr11	47367046	47567046	harbor2	chr11	47374962	47375166	DNA/hAT-Charlie	933	+	102	47375064	8018
chr11	47367046	47567046	harbor2	chr11	47460199	47460293	DNA/hAT-Charlie	477	+	47	47460246	93200
chr11	47367046	47567046	harbor2	chr11	47460572	47460661	DNA/hAT-Charlie	477	+	44	47460616	93570
chr11	3127659	3327659	harbor2	chr11	3167804	3168016	DNA/hAT-Charlie	807	+	106	3167910	40251
chr11	3127659	3327659	harbor2	chr11	3173196	3173673	DNA/hAT-Charlie	1904	+	238	3173434	45775
chr11	3127659	3327659	harbor2	chr11	3184028	3184213	DNA/hAT-Charlie	499	+	92	3184120	56461
chr11	47086400	47286400	harbor2	chr11	47102426	47102639	DNA/hAT-Charlie	801	+	106	47102532	16132
chr11	5134999	5334999	harbor2	chr11	5149375	5149727	DNA/hAT-Charlie	1066	+	176	5149551	14552
chr11	5134999	5334999	harbor2	chr11	5188523	5188721	DNA/hAT-Charlie	1127	+	99	5188622	53623
chr11	5134999	5334999	harbor2	chr11	5196202	5196479	DNA/hAT-Charlie	1500	+	138	5196340	61341
chr11	69543489	69743489	harbor2	chr11	69546157	69546302	DNA/hAT-Charlie	445	+	72	69546229	2740
chr11	69543489	69743489	harbor2	chr11	69569341	69569561	DNA/hAT-Charlie	605	+	110	69569451	25962
chr11	69543489	69743489	harbor2	chr11	69626241	69626457	DNA/hAT-Charlie	1490	+	108	69626349	82860
chr11	5127964	5327964	harbor2	chr11	5149375	5149727	DNA/hAT-Charlie	1066	+	176	5149551	21587
chr11	5127964	5327964	harbor2	chr11	5188523	5188721	DNA/hAT-Charlie	1127	+	99	5188622	60658
chr11	5127964	5327964	harbor2	chr11	5196202	5196479	DNA/hAT-Charlie	1500	+	138	5196340	68376
chr11	65972907	66172907	harbor2	chr11	66028915	66029028	DNA/hAT-Charlie	1518	+	56	66028971	56064
chr11	65972907	66172907	harbor2	chr11	66029329	66029769	DNA/hAT-Charlie	1518	+	220	66029549	56642
chr11	65972907	66172907	harbor2	chr11	66037006	66037247	DNA/hAT-Charlie	1404	+	120	66037126	64219
chr11	65972907	66172907	harbor2	chr11	66055740	66055926	DNA/hAT-Charlie	598	+	93	66055833	82926
chr11	69575463	69775463	harbor2	chr11	69626241	69626457	DNA/hAT-Charlie	1490	+	108	69626349	50886
chr11	69575463	69775463	harbor2	chr11	69663008	69663348	DNA/hAT-Charlie	2389	+	170	69663178	87715
chr11	76581002	76781002	harbor2	chr11	76595957	76596041	DNA/hAT-Charlie	495	+	42	76595999	14997
chr11	76581002	76781002	harbor2	chr11	76598717	76599027	DNA/hAT-Charlie	1368	+	155	76598872	17870
chr11	76581002	76781002	harbor2	chr11	76607306	76607536	DNA/hAT-Charlie	452	+	115	76607421	26419
chr11	76581002	76781002	harbor2	chr11	76612271	76612410	DNA/hAT-Charlie	472	+	70	76612341	31339
chr11	76581002	76781002	harbor2	chr11	76612460	76612643	DNA/hAT-Charlie	986	+	92	76612552	31550
chr11	76581002	76781002	harbor2	chr11	76612669	76612700	DNA/hAT-Charlie	986	+	16	76612685	31683
chr11	76581002	76781002	harbor2	chr11	76612988	76613265	DNA/hAT-Charlie	986	+	138	76613126	32124
chr11	76581002	76781002	harbor2	chr11	76613362	76613889	DNA/hAT-Charlie	986	+	264	76613626	32624
chr11	76581002	76781002	harbor2	chr11	76649274	76649745	DNA/hAT-Charlie	1913	+	236	76649510	68508
chr11	64538784	64738784	harbor2	chr11	64539863	64540158	DNA/hAT-Charlie	820	+	148	64540011	1227
chr11	64538784	64738784	harbor2	chr11	64624585	64624805	DNA/hAT-Charlie	711	+	110	64624695	85911
chr11	5134513	5334513	harbor2	chr11	5149375	5149727	DNA/hAT-Charlie	1066	+	176	5149551	15038
chr11	5134513	5334513	harbor2	chr11	5188523	5188721	DNA/hAT-Charlie	1127	+	99	5188622	54109
chr11	5134513	5334513	harbor2	chr11	5196202	5196479	DNA/hAT-Charlie	1500	+	138	5196340	61827
chr11	6204994	6404994	harbor2	chr11	6291721	6291842	DNA/hAT-Charlie	586	+	60	6291781	86787
chr11	113775362	113975362	harbor2	chr11	113792007	113792184	DNA/hAT-Charlie	429	+	88	113792095	16733
chr11	113775362	113975362	harbor2	chr11	113804274	113804450	DNA/hAT-Charlie	435	+	88	113804362	29000
chr11	104477395	104677395	harbor2	chr11	104478392	104478566	DNA/hAT-Charlie	426	+	87	104478479	1084
chr11	104477395	104677395	harbor2	chr11	104484502	104484645	DNA/hAT-Charlie	493	+	72	104484574	7179
chr11	104477395	104677395	harbor2	chr11	104571279	104571492	DNA/hAT-Charlie	778	+	106	104571385	93990
chr11	6201292	6401292	harbor2	chr11	6204647	6204824	DNA/hAT-Charlie	851	+	88	6204735	3443
chr11	6201292	6401292	harbor2	chr11	6291721	6291842	DNA/hAT-Charlie	586	+	60	6291781	90489
chr11	5134524	5334524	harbor2	chr11	5149375	5149727	DNA/hAT-Charlie	1066	+	176	5149551	15027
chr11	5134524	5334524	harbor2	chr11	5188523	5188721	DNA/hAT-Charlie	1127	+	99	5188622	54098
chr11	5134524	5334524	harbor2	chr11	5196202	5196479	DNA/hAT-Charlie	1500	+	138	5196340	61816
chr11	5127128	5327128	harbor2	chr11	5149375	5149727	DNA/hAT-Charlie	1066	+	176	5149551	22423
chr11	5127128	5327128	harbor2	chr11	5188523	5188721	DNA/hAT-Charlie	1127	+	99	5188622	61494
chr11	5127128	5327128	harbor2	chr11	5196202	5196479	DNA/hAT-Charlie	1500	+	138	5196340	69212
chr11	9361014	9561014	harbor2	chr11	9368197	9368355	DNA/hAT-Charlie	1101	+	79	9368276	7262
chr11	9361014	9561014	harbor2	chr11	9368678	9368839	DNA/hAT-Charlie	1101	+	80	9368758	7744
chr11	3994559	4194559	harbor2	chr11	4044830	4045026	DNA/hAT-Charlie	942	+	98	4044928	50369
chr11	3994559	4194559	harbor2	chr11	4053927	4054130	DNA/hAT-Charlie	1248	+	102	4054029	59470
chr11	3994559	4194559	harbor2	chr11	4054392	4054731	DNA/hAT-Charlie	2436	+	170	4054562	60003
chr11	3994559	4194559	harbor2	chr11	4079803	4079935	DNA/hAT-Charlie	641	+	66	4079869	85310
chr11	3994559	4194559	harbor2	chr11	4080267	4080308	DNA/hAT-Charlie	641	+	20	4080287	85728
chr11	5140128	5340128	harbor2	chr11	5149375	5149727	DNA/hAT-Charlie	1066	+	176	5149551	9423
chr11	5140128	5340128	harbor2	chr11	5188523	5188721	DNA/hAT-Charlie	1127	+	99	5188622	48494
chr11	5140128	5340128	harbor2	chr11	5196202	5196479	DNA/hAT-Charlie	1500	+	138	5196340	56212
chr11	76580962	76780962	harbor2	chr11	76595957	76596041	DNA/hAT-Charlie	495	+	42	76595999	15037
chr11	76580962	76780962	harbor2	chr11	76598717	76599027	DNA/hAT-Charlie	1368	+	155	76598872	17910
chr11	76580962	76780962	harbor2	chr11	76607306	76607536	DNA/hAT-Charlie	452	+	115	76607421	26459
chr11	76580962	76780962	harbor2	chr11	76612271	76612410	DNA/hAT-Charlie	472	+	70	76612341	31379
chr11	76580962	76780962	harbor2	chr11	76612460	76612643	DNA/hAT-Charlie	986	+	92	76612552	31590
chr11	76580962	76780962	harbor2	chr11	76612669	76612700	DNA/hAT-Charlie	986	+	16	76612685	31723
chr11	76580962	76780962	harbor2	chr11	76612988	76613265	DNA/hAT-Charlie	986	+	138	76613126	32164
chr11	76580962	76780962	harbor2	chr11	76613362	76613889	DNA/hAT-Charlie	986	+	264	76613626	32664
chr11	76580962	76780962	harbor2	chr11	76649274	76649745	DNA/hAT-Charlie	1913	+	236	76649510	68548
chr11	104242642	104442642	harbor2	chr11	104288200	104288363	DNA/hAT-Charlie	417	+	82	104288282	45640
chr11	5185577	5385577	harbor2	chr11	5188523	5188721	DNA/hAT-Charlie	1127	+	99	5188622	3045
chr11	5185577	5385577	harbor2	chr11	5196202	5196479	DNA/hAT-Charlie	1500	+	138	5196340	10763
chr11	69540279	69740279	harbor2	chr11	69546157	69546302	DNA/hAT-Charlie	445	+	72	69546229	5950
chr11	69540279	69740279	harbor2	chr11	69569341	69569561	DNA/hAT-Charlie	605	+	110	69569451	29172
chr11	69540279	69740279	harbor2	chr11	69626241	69626457	DNA/hAT-Charlie	1490	+	108	69626349	86070
chr11	68339574	68539574	harbor2	chr11	68380174	68380476	DNA/hAT-Charlie	939	+	151	68380325	40751
chr11	68339574	68539574	harbor2	chr11	68398549	68398747	DNA/hAT-Charlie	777	+	99	68398648	59074
chr11	68339574	68539574	harbor2	chr11	68399017	68399045	DNA/hAT-Charlie	777	+	14	68399031	59457
chr11	68339574	68539574	harbor2	chr11	68399394	68399521	DNA/hAT-Charlie	777	+	64	68399458	59884
chr11	68339574	68539574	harbor2	chr11	68407498	68407558	DNA/hAT-Charlie	656	+	30	68407528	67954
chr11	68339574	68539574	harbor2	chr11	68407860	68408009	DNA/hAT-Charlie	656	+	74	68407934	68360
chr11	68339574	68539574	harbor2	chr11	68434977	68435202	DNA/hAT-Charlie	959	+	112	68435089	95515
chr11	3131136	3331136	harbor2	chr11	3167804	3168016	DNA/hAT-Charlie	807	+	106	3167910	36774
chr11	3131136	3331136	harbor2	chr11	3173196	3173673	DNA/hAT-Charlie	1904	+	238	3173434	42298
chr11	3131136	3331136	harbor2	chr11	3184028	3184213	DNA/hAT-Charlie	499	+	92	3184120	52984
chr11	134971985	135171985	harbor2	chr11	135020973	135021200	DNA/hAT-Charlie	800	+	114	135021087	49102
chr11	134971985	135171985	harbor2	chr11	135021395	135021556	DNA/hAT-Charlie	509	+	80	135021475	49490
chr11	76580938	76780938	harbor2	chr11	76595957	76596041	DNA/hAT-Charlie	495	+	42	76595999	15061
chr11	76580938	76780938	harbor2	chr11	76598717	76599027	DNA/hAT-Charlie	1368	+	155	76598872	17934
chr11	76580938	76780938	harbor2	chr11	76607306	76607536	DNA/hAT-Charlie	452	+	115	76607421	26483
chr11	76580938	76780938	harbor2	chr11	76612271	76612410	DNA/hAT-Charlie	472	+	70	76612341	31403
chr11	76580938	76780938	harbor2	chr11	76612460	76612643	DNA/hAT-Charlie	986	+	92	76612552	31614
chr11	76580938	76780938	harbor2	chr11	76612669	76612700	DNA/hAT-Charlie	986	+	16	76612685	31747
chr11	76580938	76780938	harbor2	chr11	76612988	76613265	DNA/hAT-Charlie	986	+	138	76613126	32188
chr11	76580938	76780938	harbor2	chr11	76613362	76613889	DNA/hAT-Charlie	986	+	264	76613626	32688
chr11	76580938	76780938	harbor2	chr11	76649274	76649745	DNA/hAT-Charlie	1913	+	236	76649510	68572
chr11	5130257	5330257	harbor2	chr11	5149375	5149727	DNA/hAT-Charlie	1066	+	176	5149551	19294
chr11	5130257	5330257	harbor2	chr11	5188523	5188721	DNA/hAT-Charlie	1127	+	99	5188622	58365
chr11	5130257	5330257	harbor2	chr11	5196202	5196479	DNA/hAT-Charlie	1500	+	138	5196340	66083
chr11	33594688	33794688	harbor2	chr11	33597045	33597281	DNA/hAT-Charlie	657	+	118	33597163	2475
chr11	5128029	5328029	harbor2	chr11	5149375	5149727	DNA/hAT-Charlie	1066	+	176	5149551	21522
chr11	5128029	5328029	harbor2	chr11	5188523	5188721	DNA/hAT-Charlie	1127	+	99	5188622	60593
chr11	5128029	5328029	harbor2	chr11	5196202	5196479	DNA/hAT-Charlie	1500	+	138	5196340	68311
chr11	5134085	5334085	harbor2	chr11	5149375	5149727	DNA/hAT-Charlie	1066	+	176	5149551	15466
chr11	5134085	5334085	harbor2	chr11	5188523	5188721	DNA/hAT-Charlie	1127	+	99	5188622	54537
chr11	5134085	5334085	harbor2	chr11	5196202	5196479	DNA/hAT-Charlie	1500	+	138	5196340	62255
chr11	76597028	76797028	harbor2	chr11	76598717	76599027	DNA/hAT-Charlie	1368	+	155	76598872	1844
chr11	76597028	76797028	harbor2	chr11	76607306	76607536	DNA/hAT-Charlie	452	+	115	76607421	10393
chr11	76597028	76797028	harbor2	chr11	76612271	76612410	DNA/hAT-Charlie	472	+	70	76612341	15313
chr11	76597028	76797028	harbor2	chr11	76612460	76612643	DNA/hAT-Charlie	986	+	92	76612552	15524
chr11	76597028	76797028	harbor2	chr11	76612669	76612700	DNA/hAT-Charlie	986	+	16	76612685	15657
chr11	76597028	76797028	harbor2	chr11	76612988	76613265	DNA/hAT-Charlie	986	+	138	76613126	16098
chr11	76597028	76797028	harbor2	chr11	76613362	76613889	DNA/hAT-Charlie	986	+	264	76613626	16598
chr11	76597028	76797028	harbor2	chr11	76649274	76649745	DNA/hAT-Charlie	1913	+	236	76649510	52482
chr11	64002246	64202246	harbor2	chr11	64092866	64092966	DNA/hAT-Charlie	458	+	50	64092916	90670
chr11	5133710	5333710	harbor2	chr11	5149375	5149727	DNA/hAT-Charlie	1066	+	176	5149551	15841
chr11	5133710	5333710	harbor2	chr11	5188523	5188721	DNA/hAT-Charlie	1127	+	99	5188622	54912
chr11	5133710	5333710	harbor2	chr11	5196202	5196479	DNA/hAT-Charlie	1500	+	138	5196340	62630
chr11	3206827	3406827	harbor2	chr11	3245408	3245921	DNA/hAT-Charlie	3751	+	256	3245664	38837
chr11	3206827	3406827	harbor2	chr11	3260007	3260126	DNA/hAT-Charlie	612	+	60	3260067	53240
chr11	3206827	3406827	harbor2	chr11	3305837	3305956	DNA/hAT-Charlie	641	+	60	3305897	99070
chr11	2056654	2256654	harbor2	chr11	2088508	2088645	DNA/hAT-Charlie	498	+	68	2088576	31922
chr11	65289218	65489218	harbor2	chr11	65369013	65369189	DNA/hAT-Charlie	639	+	88	65369101	79883
chr11	64546462	64746462	harbor2	chr11	64624585	64624805	DNA/hAT-Charlie	711	+	110	64624695	78233
chr11	66159128	66359128	harbor2	chr11	66195834	66196055	DNA/hAT-Charlie	990	+	110	66195944	36816
chr11	66159128	66359128	harbor2	chr11	66196240	66196614	DNA/hAT-Charlie	2623	+	187	66196427	37299
chr11	66159128	66359128	harbor2	chr11	66196898	66197139	DNA/hAT-Charlie	2623	+	120	66197018	37890
chr11	66159128	66359128	harbor2	chr11	66197363	66197511	DNA/hAT-Charlie	2027	+	74	66197437	38309
chr11	66159128	66359128	harbor2	chr11	66197822	66198022	DNA/hAT-Charlie	2027	+	100	66197922	38794
chr11	66159128	66359128	harbor2	chr11	66198793	66198971	DNA/hAT-Charlie	2027	+	89	66198882	39754
chr11	66159128	66359128	harbor2	chr11	66226356	66226576	DNA/hAT-Charlie	1285	+	110	66226466	67338
chr11	66159128	66359128	harbor2	chr11	66236032	66236230	DNA/hAT-Charlie	832	+	99	66236131	77003
chr11	67172979	67372979	harbor2	chr11	67218440	67218591	DNA/hAT-Charlie	1460	+	76	67218516	45537
chr11	67172979	67372979	harbor2	chr11	67218909	67218988	DNA/hAT-Charlie	1460	+	40	67218949	45970
chr11	67172979	67372979	harbor2	chr11	67251549	67251706	DNA/hAT-Charlie	654	+	78	67251627	78648
chr11	67173668	67373668	harbor2	chr11	67218440	67218591	DNA/hAT-Charlie	1460	+	76	67218516	44848
chr11	67173668	67373668	harbor2	chr11	67218909	67218988	DNA/hAT-Charlie	1460	+	40	67218949	45281
chr11	67173668	67373668	harbor2	chr11	67251549	67251706	DNA/hAT-Charlie	654	+	78	67251627	77959
chr11	64348940	64548940	harbor2	chr11	64375780	64375836	DNA/hAT-Charlie	781	+	28	64375808	26868
chr11	64348940	64548940	harbor2	chr11	64376125	64376373	DNA/hAT-Charlie	781	+	124	64376249	27309
chr11	64348940	64548940	harbor2	chr11	64400808	64401021	DNA/hAT-Charlie	928	+	106	64400914	51974
chr11	64348940	64548940	harbor2	chr11	64416511	64416670	DNA/hAT-Charlie	406	+	80	64416591	67651
chr11	64348940	64548940	harbor2	chr11	64428959	64429155	DNA/hAT-Charlie	778	+	98	64429057	80117
chr11	86702251	86902251	harbor2	chr11	86717057	86717127	DNA/hAT-Charlie	431	+	35	86717092	14841
chr11	86702251	86902251	harbor2	chr11	86717601	86717739	DNA/hAT-Charlie	431	+	69	86717670	15419
chr11	86702251	86902251	harbor2	chr11	86718324	86718355	DNA/hAT-Charlie	431	+	16	86718340	16089
chr11	86702251	86902251	harbor2	chr11	86763878	86764075	DNA/hAT-Charlie	416	+	98	86763976	61725
chr11	86702251	86902251	harbor2	chr11	86766693	86766959	DNA/hAT-Charlie	1078	+	133	86766826	64575
chr11	86702251	86902251	harbor2	chr11	86793138	86793250	DNA/hAT-Charlie	536	+	56	86793194	90943
chr11	86702251	86902251	harbor2	chr11	86798233	86798708	DNA/hAT-Charlie	794	+	238	86798471	96220
chr11	86702251	86902251	harbor2	chr11	86798995	86799045	DNA/hAT-Charlie	794	+	25	86799020	96769
chr11	69539137	69739137	harbor2	chr11	69546157	69546302	DNA/hAT-Charlie	445	+	72	69546229	7092
chr11	69539137	69739137	harbor2	chr11	69569341	69569561	DNA/hAT-Charlie	605	+	110	69569451	30314
chr11	69539137	69739137	harbor2	chr11	69626241	69626457	DNA/hAT-Charlie	1490	+	108	69626349	87212
chr11	69540570	69740570	harbor2	chr11	69546157	69546302	DNA/hAT-Charlie	445	+	72	69546229	5659
chr11	69540570	69740570	harbor2	chr11	69569341	69569561	DNA/hAT-Charlie	605	+	110	69569451	28881
chr11	69540570	69740570	harbor2	chr11	69626241	69626457	DNA/hAT-Charlie	1490	+	108	69626349	85779
chr11	5129604	5329604	harbor2	chr11	5149375	5149727	DNA/hAT-Charlie	1066	+	176	5149551	19947
chr11	5129604	5329604	harbor2	chr11	5188523	5188721	DNA/hAT-Charlie	1127	+	99	5188622	59018
chr11	5129604	5329604	harbor2	chr11	5196202	5196479	DNA/hAT-Charlie	1500	+	138	5196340	66736
chr11	46820071	47020071	harbor2	chr11	46894225	46894518	DNA/hAT-Charlie	895	+	146	46894371	74300
chr11	46820071	47020071	harbor2	chr11	46905428	46905585	DNA/hAT-Charlie	924	+	78	46905506	85435
chr11	46820071	47020071	harbor2	chr11	46905870	46905944	DNA/hAT-Charlie	924	+	37	46905907	85836
chr11	46820071	47020071	harbor2	chr11	46907445	46907655	DNA/hAT-Charlie	1333	+	105	46907550	87479
chr11	19614222	19814222	harbor2	chr11	19640217	19640351	DNA/hAT-Charlie	453	+	67	19640284	26062
chr11	19614222	19814222	harbor2	chr11	19666786	19666956	DNA/hAT-Charlie	660	+	85	19666871	52649
chr11	19614222	19814222	harbor2	chr11	19677709	19677929	DNA/hAT-Charlie	1445	+	110	19677819	63597
chr11	19614222	19814222	harbor2	chr11	19710271	19710431	DNA/hAT-Charlie	808	+	80	19710351	96129
chr11	682049	882049	harbor2	chr11	733950	734172	DNA/hAT-Charlie	619	+	111	734061	52012
chr11	682049	882049	harbor2	chr11	743872	744047	DNA/hAT-Charlie	756	+	88	743960	61911
chr11	5138019	5338019	harbor2	chr11	5149375	5149727	DNA/hAT-Charlie	1066	+	176	5149551	11532
chr11	5138019	5338019	harbor2	chr11	5188523	5188721	DNA/hAT-Charlie	1127	+	99	5188622	50603
chr11	5138019	5338019	harbor2	chr11	5196202	5196479	DNA/hAT-Charlie	1500	+	138	5196340	58321
chr11	2300595	2500595	harbor2	chr11	2329958	2330104	DNA/hAT-Charlie	587	+	73	2330031	29436
chr11	2300595	2500595	harbor2	chr11	2356083	2356607	DNA/hAT-Charlie	3702	+	262	2356345	55750
chr11	5128903	5328903	harbor2	chr11	5149375	5149727	DNA/hAT-Charlie	1066	+	176	5149551	20648
chr11	5128903	5328903	harbor2	chr11	5188523	5188721	DNA/hAT-Charlie	1127	+	99	5188622	59719
chr11	5128903	5328903	harbor2	chr11	5196202	5196479	DNA/hAT-Charlie	1500	+	138	5196340	67437
chr11	64538410	64738410	harbor2	chr11	64539863	64540158	DNA/hAT-Charlie	820	+	148	64540011	1601
chr11	64538410	64738410	harbor2	chr11	64624585	64624805	DNA/hAT-Charlie	711	+	110	64624695	86285
chr11	67369206	67569206	harbor2	chr11	67429748	67429812	DNA/hAT-Charlie	1208	+	32	67429780	60574
chr11	67369206	67569206	harbor2	chr11	67430733	67430895	DNA/hAT-Charlie	1208	+	81	67430814	61608
chr11	67369206	67569206	harbor2	chr11	67462219	67462356	DNA/hAT-Charlie	526	+	68	67462287	93081
chr11	67369206	67569206	harbor2	chr11	67462653	67462690	DNA/hAT-Charlie	526	+	18	67462671	93465
chr11	67369206	67569206	harbor2	chr11	67462992	67463074	DNA/hAT-Charlie	526	+	41	67463033	93827
chr11	64033566	64233566	harbor2	chr11	64092866	64092966	DNA/hAT-Charlie	458	+	50	64092916	59350
chr11	86937893	87137893	harbor2	chr11	86993490	86993659	DNA/hAT-Charlie	591	+	84	86993574	55681
chr11	86937893	87137893	harbor2	chr11	86997109	86997314	DNA/hAT-Charlie	1063	+	102	86997211	59318
chr11	47086439	47286439	harbor2	chr11	47102426	47102639	DNA/hAT-Charlie	801	+	106	47102532	16093
chr12	49267179	49467179	harbor2	chr12	49276078	49276298	DNA/hAT-Charlie	634	+	110	49276188	9009
chr12	132661852	132861852	harbor2	chr12	132697316	132697393	DNA/hAT-Charlie	772	+	38	132697354	35502
chr12	132661852	132861852	harbor2	chr12	132697706	132697803	DNA/hAT-Charlie	772	+	48	132697754	35902
chr12	113085721	113285721	harbor2	chr12	113088223	113088411	DNA/hAT-Charlie	744	+	94	113088317	2596
chr12	113085721	113285721	harbor2	chr12	113166215	113166414	DNA/hAT-Charlie	649	+	100	113166315	80594
chr12	113085721	113285721	harbor2	chr12	113170334	113170359	DNA/hAT-Charlie	971	+	12	113170346	84625
chr12	113085721	113285721	harbor2	chr12	113170633	113170827	DNA/hAT-Charlie	971	+	97	113170730	85009
chr12	113085721	113285721	harbor2	chr12	113182309	113182474	DNA/hAT-Charlie	593	+	82	113182391	96670
chr12	49268868	49468868	harbor2	chr12	49276078	49276298	DNA/hAT-Charlie	634	+	110	49276188	7320
chr12	56388130	56588130	harbor2	chr12	56440695	56440826	DNA/hAT-Charlie	852	+	66	56440761	52631
chr12	56388130	56588130	harbor2	chr12	56441118	56441294	DNA/hAT-Charlie	852	+	88	56441206	53076
chr12	6864625	7064625	harbor2	chr12	6865405	6865432	DNA/hAT-Charlie	778	+	14	6865419	794
chr12	6864625	7064625	harbor2	chr12	6865563	6865741	DNA/hAT-Charlie	778	+	89	6865652	1027
chr12	49267798	49467798	harbor2	chr12	49276078	49276298	DNA/hAT-Charlie	634	+	110	49276188	8390
chr12	1	134253	harbor2	chr12	29329	29578	DNA/hAT-Charlie	1297	+	124	29453	29452
chr12	1	134253	harbor2	chr12	39098	39482	DNA/hAT-Charlie	1575	+	192	39290	39289
chr12	1	134253	harbor2	chr12	98290	98469	DNA/hAT-Charlie	691	+	90	98380	98379
chr12	6864291	7064291	harbor2	chr12	6865405	6865432	DNA/hAT-Charlie	778	+	14	6865419	1128
chr12	6864291	7064291	harbor2	chr12	6865563	6865741	DNA/hAT-Charlie	778	+	89	6865652	1361
chr12	110181171	110381171	harbor2	chr12	110259539	110259941	DNA/hAT-Charlie	765	+	201	110259740	78569
chr12	110181171	110381171	harbor2	chr12	110274028	110274206	DNA/hAT-Charlie	865	+	89	110274117	92946
chr12	55941898	56141898	harbor2	chr12	56040867	56041113	DNA/hAT-Charlie	623	+	123	56040990	99092
chr12	1	131535	harbor2	chr12	29329	29578	DNA/hAT-Charlie	1297	+	124	29453	29452
chr12	1	131535	harbor2	chr12	39098	39482	DNA/hAT-Charlie	1575	+	192	39290	39289
chr12	1	131535	harbor2	chr12	98290	98469	DNA/hAT-Charlie	691	+	90	98380	98379
chr12	123153661	123353661	harbor2	chr12	123167146	123167292	DNA/hAT-Charlie	759	+	73	123167219	13558
chr12	123153661	123353661	harbor2	chr12	123167713	123167766	DNA/hAT-Charlie	759	+	26	123167739	14078
chr12	123153661	123353661	harbor2	chr12	123224791	123225116	DNA/hAT-Charlie	1215	+	162	123224953	71292
chr12	123153661	123353661	harbor2	chr12	123238858	123238988	DNA/hAT-Charlie	625	+	65	123238923	85262
chr12	123153661	123353661	harbor2	chr12	123239280	123239397	DNA/hAT-Charlie	625	+	58	123239338	85677
chr12	123153661	123353661	harbor2	chr12	123239702	123239732	DNA/hAT-Charlie	625	+	15	123239717	86056
chr12	123153661	123353661	harbor2	chr12	123240021	123240082	DNA/hAT-Charlie	671	+	30	123240051	86390
chr12	123153661	123353661	harbor2	chr12	123240367	123240455	DNA/hAT-Charlie	671	+	44	123240411	86750
chr12	6863578	7063578	harbor2	chr12	6865405	6865432	DNA/hAT-Charlie	778	+	14	6865419	1841
chr12	6863578	7063578	harbor2	chr12	6865563	6865741	DNA/hAT-Charlie	778	+	89	6865652	2074
chr12	132044250	132244250	harbor2	chr12	132131752	132132077	DNA/hAT-Charlie	781	+	162	132131914	87664
chr12	10113589	10313589	harbor2	chr12	10161707	10161934	DNA/hAT-Charlie	891	+	114	10161821	48232
chr12	51585388	51785388	harbor2	chr12	51679336	51679611	DNA/hAT-Charlie	852	+	138	51679474	94086
chr12	49267227	49467227	harbor2	chr12	49276078	49276298	DNA/hAT-Charlie	634	+	110	49276188	8961
chr12	49267168	49467168	harbor2	chr12	49276078	49276298	DNA/hAT-Charlie	634	+	110	49276188	9020
chr12	50183574	50383574	harbor2	chr12	50247998	50248201	DNA/hAT-Charlie	839	+	102	50248100	64526
chr12	50183574	50383574	harbor2	chr12	50263401	50263637	DNA/hAT-Charlie	672	+	118	50263519	79945
chr12	68511241	68711241	harbor2	chr12	68569598	68569754	DNA/hAT-Charlie	684	+	78	68569676	58435
chr12	68511241	68711241	harbor2	chr12	68606712	68606795	DNA/hAT-Charlie	1916	+	42	68606754	95513
chr12	68511241	68711241	harbor2	chr12	68607109	68607373	DNA/hAT-Charlie	1916	+	132	68607241	96000
chr12	6864653	7064653	harbor2	chr12	6865405	6865432	DNA/hAT-Charlie	778	+	14	6865419	766
chr12	6864653	7064653	harbor2	chr12	6865563	6865741	DNA/hAT-Charlie	778	+	89	6865652	999
chr12	130739294	130939294	harbor2	chr12	130741728	130741947	DNA/hAT-Charlie	1051	+	110	130741838	2544
chr12	130739294	130939294	harbor2	chr12	130813173	130813342	DNA/hAT-Charlie	603	+	84	130813257	73963
chr12	130739294	130939294	harbor2	chr12	130815449	130815976	DNA/hAT-Charlie	1217	+	264	130815713	76419
chr12	130064326	130264326	harbor2	chr12	130092491	130092680	DNA/hAT-Charlie	544	+	94	130092585	28259
chr12	130064326	130264326	harbor2	chr12	130096217	130096515	DNA/hAT-Charlie	816	+	149	130096366	32040
chr12	7055606	7255606	harbor2	chr12	7079476	7079696	DNA/hAT-Charlie	797	+	110	7079586	23980
chr12	7055606	7255606	harbor2	chr12	7079996	7080251	DNA/hAT-Charlie	797	+	128	7080124	24518
chr12	7055606	7255606	harbor2	chr12	7088196	7088321	DNA/hAT-Charlie	540	+	62	7088258	32652
chr12	7055606	7255606	harbor2	chr12	7111740	7112252	DNA/hAT-Charlie	3203	+	256	7111996	56390
chr12	7055606	7255606	harbor2	chr12	7112365	7112597	DNA/hAT-Charlie	877	+	116	7112481	56875
chr12	7055606	7255606	harbor2	chr12	7112585	7112691	DNA/hAT-Charlie	544	+	53	7112638	57032
chr12	7055606	7255606	harbor2	chr12	7114601	7114794	DNA/hAT-Charlie	859	+	96	7114697	59091
chr12	7055606	7255606	harbor2	chr12	7143761	7143950	DNA/hAT-Charlie	755	+	94	7143855	88249
chr12	69787806	69987806	harbor2	chr12	69792353	69792522	DNA/hAT-Charlie	733	+	84	69792437	4631
chr12	69787806	69987806	harbor2	chr12	69831188	69831397	DNA/hAT-Charlie	1128	+	104	69831292	43486
chr12	69787806	69987806	harbor2	chr12	69866816	69866998	DNA/hAT-Charlie	617	+	91	69866907	79101
chr12	69787806	69987806	harbor2	chr12	69875547	69875850	DNA/hAT-Charlie	1390	+	152	69875699	87893
chr12	54117976	54317976	harbor2	chr12	54168334	54168491	DNA/hAT-Charlie	743	+	78	54168412	50436
chr12	54117976	54317976	harbor2	chr12	54177371	54177417	DNA/hAT-Charlie	879	+	23	54177394	59418
chr12	52212987	52412987	harbor2	chr12	52251776	52251980	DNA/hAT-Charlie	774	+	102	52251878	38891
chr12	52212987	52412987	harbor2	chr12	52252631	52252876	DNA/hAT-Charlie	705	+	122	52252753	39766
chr12	52212987	52412987	harbor2	chr12	52276231	52276464	DNA/hAT-Charlie	552	+	116	52276347	63360
chr12	96225371	96425371	harbor2	chr12	96322361	96322500	DNA/hAT-Charlie	614	+	70	96322431	97060
chr12	53852095	54052095	harbor2	chr12	53882051	53882212	DNA/hAT-Charlie	702	+	80	53882131	30036
chr12	6981048	7181048	harbor2	chr12	6984309	6984576	DNA/hAT-Charlie	856	+	134	6984443	3395
chr12	6981048	7181048	harbor2	chr12	6984882	6984979	DNA/hAT-Charlie	856	+	48	6984930	3882
chr12	6981048	7181048	harbor2	chr12	7014990	7015123	DNA/hAT-Charlie	609	+	66	7015056	34008
chr12	6981048	7181048	harbor2	chr12	7079476	7079696	DNA/hAT-Charlie	797	+	110	7079586	98538
chr12	6981048	7181048	harbor2	chr12	7079996	7080251	DNA/hAT-Charlie	797	+	128	7080124	99076
chr12	1591570	1791570	harbor2	chr12	1615830	1616018	DNA/hAT-Charlie	954	+	94	1615924	24354
chr12	6864139	7064139	harbor2	chr12	6865405	6865432	DNA/hAT-Charlie	778	+	14	6865419	1280
chr12	6864139	7064139	harbor2	chr12	6865563	6865741	DNA/hAT-Charlie	778	+	89	6865652	1513
chr12	114565308	114765308	harbor2	chr12	114633883	114634103	DNA/hAT-Charlie	929	+	110	114633993	68685
chr12	114565308	114765308	harbor2	chr12	114652625	114652759	DNA/hAT-Charlie	668	+	67	114652692	87384
chr12	114565308	114765308	harbor2	chr12	114659969	114660196	DNA/hAT-Charlie	1134	+	114	114660083	94775
chr12	121712062	121912062	harbor2	chr12	121798983	121799163	DNA/hAT-Charlie	562	+	90	121799073	87011
chr12	104562875	104762875	harbor2	chr12	104599785	104600085	DNA/hAT-Charlie	1163	+	150	104599935	37060
chr12	104562875	104762875	harbor2	chr12	104641893	104642109	DNA/hAT-Charlie	899	+	108	104642001	79126
chr12	104562875	104762875	harbor2	chr12	104659453	104659683	DNA/hAT-Charlie	1418	+	115	104659568	96693
chr12	104562875	104762875	harbor2	chr12	104659992	104660088	DNA/hAT-Charlie	1418	+	48	104660040	97165
chr12	96299869	96499869	harbor2	chr12	96322361	96322500	DNA/hAT-Charlie	614	+	70	96322431	22562
chr12	96299869	96499869	harbor2	chr12	96327947	96328466	DNA/hAT-Charlie	3628	+	260	96328207	28338
chr12	96299869	96499869	harbor2	chr12	96339248	96339349	DNA/hAT-Charlie	562	+	50	96339298	39429
chr12	96299869	96499869	harbor2	chr12	96339564	96339647	DNA/hAT-Charlie	562	+	42	96339606	39737
chr12	96299869	96499869	harbor2	chr12	96339925	96340095	DNA/hAT-Charlie	562	+	85	96340010	40141
chr12	96299869	96499869	harbor2	chr12	96370536	96370852	DNA/hAT-Charlie	1077	+	158	96370694	70825
chr12	123358547	123558547	harbor2	chr12	123445496	123445669	DNA/hAT-Charlie	828	+	86	123445582	87035
chr12	123358547	123558547	harbor2	chr12	123450034	123450129	DNA/hAT-Charlie	940	+	48	123450082	91535
chr12	123358547	123558547	harbor2	chr12	123450444	123450456	DNA/hAT-Charlie	940	+	6	123450450	91903
chr12	123358547	123558547	harbor2	chr12	123451015	123451215	DNA/hAT-Charlie	940	+	100	123451115	92568
chr12	123358547	123558547	harbor2	chr12	123451523	123451555	DNA/hAT-Charlie	940	+	16	123451539	92992
chr12	66144148	66344148	harbor2	chr12	66159982	66160197	DNA/hAT-Charlie	978	+	108	66160090	15942
chr12	25007052	25207052	harbor2	chr12	25087657	25087989	DNA/hAT-Charlie	1770	+	166	25087823	80771
chr12	132661884	132861884	harbor2	chr12	132697316	132697393	DNA/hAT-Charlie	772	+	38	132697354	35470
chr12	132661884	132861884	harbor2	chr12	132697706	132697803	DNA/hAT-Charlie	772	+	48	132697754	35870
chr12	65456928	65656928	harbor2	chr12	65538326	65538519	DNA/hAT-Charlie	1035	+	96	65538422	81494
chr13	94616682	94816682	harbor2	chr13	94642820	94642993	DNA/hAT-Charlie	429	+	86	94642906	26224
chr13	37193965	37393965	harbor2	chr13	37249589	37250311	DNA/hAT-Charlie	1665	+	361	37249950	55985
chr13	37193965	37393965	harbor2	chr13	37270772	37271018	DNA/hAT-Charlie	949	+	123	37270895	76930
chr13	36899401	37099401	harbor2	chr13	36905040	36905235	DNA/hAT-Charlie	945	+	98	36905138	5737
chr13	36899401	37099401	harbor2	chr13	36962752	36962951	DNA/hAT-Charlie	944	+	100	36962852	63451
chr13	36899401	37099401	harbor2	chr13	36963242	36963328	DNA/hAT-Charlie	944	+	43	36963285	63884
chr13	36899401	37099401	harbor2	chr13	36982422	36982612	DNA/hAT-Charlie	689	+	95	36982517	83116
chr13	36899401	37099401	harbor2	chr13	36983429	36983464	DNA/hAT-Charlie	435	+	18	36983447	84046
chr13	36899401	37099401	harbor2	chr13	36983584	36983684	DNA/hAT-Charlie	435	+	50	36983634	84233
chr13	109467216	109667216	harbor2	chr13	109488866	109489030	DNA/hAT-Charlie	699	+	82	109488948	21732
chr13	109467216	109667216	harbor2	chr13	109489283	109489489	DNA/hAT-Charlie	1155	+	103	109489386	22170
chr13	109467216	109667216	harbor2	chr13	109563752	109563967	DNA/hAT-Charlie	1444	+	108	109563860	96644
chr13	44478442	44678442	harbor2	chr13	44479230	44479440	DNA/hAT-Charlie	1381	+	105	44479335	893
chr13	44478442	44678442	harbor2	chr13	44488211	44488523	DNA/hAT-Charlie	1189	+	156	44488367	9925
chr13	44478442	44678442	harbor2	chr13	44553801	44553965	DNA/hAT-Charlie	518	+	82	44553883	75441
chr13	20320596	20520596	harbor2	chr13	20321259	20321497	DNA/hAT-Charlie	501	+	119	20321378	782
chr13	20320596	20520596	harbor2	chr13	20340060	20340203	DNA/hAT-Charlie	443	+	72	20340132	19536
chr13	20320596	20520596	harbor2	chr13	20389781	20389868	DNA/hAT-Charlie	425	+	44	20389825	69229
chr13	20320596	20520596	harbor2	chr13	20395971	20396276	DNA/hAT-Charlie	1035	+	152	20396123	75527
chr13	27730189	27930189	harbor2	chr13	27749754	27749913	DNA/hAT-Charlie	826	+	80	27749834	19645
chr13	27730189	27930189	harbor2	chr13	27804685	27805020	DNA/hAT-Charlie	1470	+	168	27804853	74664
chr13	27730189	27930189	harbor2	chr13	27805326	27805430	DNA/hAT-Charlie	1470	+	52	27805378	75189
chr13	27730189	27930189	harbor2	chr13	27803436	27804422	DNA/hAT-Charlie	4174	+	493	27803929	73740
chr13	113726141	113926141	harbor2	chr13	113730961	113731114	DNA/hAT-Charlie	470	+	76	113731037	4896
chr13	113726141	113926141	harbor2	chr13	113750211	113750447	DNA/hAT-Charlie	712	+	118	113750329	24188
chr13	113726141	113926141	harbor2	chr13	113750445	113750540	DNA/hAT-Charlie	437	+	48	113750493	24352
chr13	113726141	113926141	harbor2	chr13	113766702	113766970	DNA/hAT-Charlie	436	+	134	113766836	40695
chr13	20315103	20515103	harbor2	chr13	20321259	20321497	DNA/hAT-Charlie	501	+	119	20321378	6275
chr13	20315103	20515103	harbor2	chr13	20340060	20340203	DNA/hAT-Charlie	443	+	72	20340132	25029
chr13	20315103	20515103	harbor2	chr13	20389781	20389868	DNA/hAT-Charlie	425	+	44	20389825	74722
chr13	20315103	20515103	harbor2	chr13	20395971	20396276	DNA/hAT-Charlie	1035	+	152	20396123	81020
chr13	113726140	113926140	harbor2	chr13	113730961	113731114	DNA/hAT-Charlie	470	+	76	113731037	4897
chr13	113726140	113926140	harbor2	chr13	113750211	113750447	DNA/hAT-Charlie	712	+	118	113750329	24189
chr13	113726140	113926140	harbor2	chr13	113750445	113750540	DNA/hAT-Charlie	437	+	48	113750493	24353
chr13	113726140	113926140	harbor2	chr13	113766702	113766970	DNA/hAT-Charlie	436	+	134	113766836	40696
chr13	113726144	113926144	harbor2	chr13	113730961	113731114	DNA/hAT-Charlie	470	+	76	113731037	4893
chr13	113726144	113926144	harbor2	chr13	113750211	113750447	DNA/hAT-Charlie	712	+	118	113750329	24185
chr13	113726144	113926144	harbor2	chr13	113750445	113750540	DNA/hAT-Charlie	437	+	48	113750493	24349
chr13	113726144	113926144	harbor2	chr13	113766702	113766970	DNA/hAT-Charlie	436	+	134	113766836	40692
chr13	50025816	50225816	harbor2	chr13	50101592	50101782	DNA/hAT-Charlie	821	+	95	50101687	75871
chr13	20329118	20529118	harbor2	chr13	20340060	20340203	DNA/hAT-Charlie	443	+	72	20340132	11014
chr13	20329118	20529118	harbor2	chr13	20389781	20389868	DNA/hAT-Charlie	425	+	44	20389825	60707
chr13	20329118	20529118	harbor2	chr13	20395971	20396276	DNA/hAT-Charlie	1035	+	152	20396123	67005
chr13	60297202	60497202	harbor2	chr13	60332459	60332584	DNA/hAT-Charlie	467	+	62	60332521	35319
chr13	60297202	60497202	harbor2	chr13	60338894	60339055	DNA/hAT-Charlie	732	+	80	60338974	41772
chr13	60297202	60497202	harbor2	chr13	60344619	60344734	DNA/hAT-Charlie	1028	+	58	60344677	47475
chr13	60297202	60497202	harbor2	chr13	60345173	60345242	DNA/hAT-Charlie	1028	+	34	60345207	48005
chr13	60297202	60497202	harbor2	chr13	60372012	60372286	DNA/hAT-Charlie	828	+	137	60372149	74947
chr13	110254735	110454735	harbor2	chr13	110276828	110276934	DNA/hAT-Charlie	472	+	53	110276881	22146
chr13	100785242	100985242	harbor2	chr13	100794656	100795184	DNA/hAT-Charlie	3396	+	264	100794920	9678
chr13	100785242	100985242	harbor2	chr13	100849440	100849678	DNA/hAT-Charlie	582	+	119	100849559	64317
chr13	100785242	100985242	harbor2	chr13	100881383	100881561	DNA/hAT-Charlie	644	+	89	100881472	96230
chr13	100785242	100985242	harbor2	chr13	100883844	100884000	DNA/hAT-Charlie	811	+	78	100883922	98680
chr13	100848871	101048871	harbor2	chr13	100849440	100849678	DNA/hAT-Charlie	582	+	119	100849559	688
chr13	100848871	101048871	harbor2	chr13	100881383	100881561	DNA/hAT-Charlie	644	+	89	100881472	32601
chr13	100848871	101048871	harbor2	chr13	100883844	100884000	DNA/hAT-Charlie	811	+	78	100883922	35051
chr13	100848871	101048871	harbor2	chr13	100885611	100885798	DNA/hAT-Charlie	934	+	94	100885705	36834
chr13	100848871	101048871	harbor2	chr13	100885799	100885879	DNA/hAT-Charlie	577	+	40	100885839	36968
chr13	100848871	101048871	harbor2	chr13	100924692	100925355	DNA/hAT-Charlie	1853	+	332	100925024	76153
chr13	100848871	101048871	harbor2	chr13	100926262	100926488	DNA/hAT-Charlie	955	+	113	100926375	77504
chr13	100848871	101048871	harbor2	chr13	100935745	100935901	DNA/hAT-Charlie	466	+	78	100935823	86952
chr13	100848871	101048871	harbor2	chr13	100936978	100937118	DNA/hAT-Charlie	423	+	70	100937048	88177
chr13	100848871	101048871	harbor2	chr13	100925362	100925726	DNA/hAT-Charlie	608	+	182	100925544	76673
chr13	113736144	113936144	harbor2	chr13	113750211	113750447	DNA/hAT-Charlie	712	+	118	113750329	14185
chr13	113736144	113936144	harbor2	chr13	113750445	113750540	DNA/hAT-Charlie	437	+	48	113750493	14349
chr13	113736144	113936144	harbor2	chr13	113766702	113766970	DNA/hAT-Charlie	436	+	134	113766836	30692
chr13	113727215	113927215	harbor2	chr13	113730961	113731114	DNA/hAT-Charlie	470	+	76	113731037	3822
chr13	113727215	113927215	harbor2	chr13	113750211	113750447	DNA/hAT-Charlie	712	+	118	113750329	23114
chr13	113727215	113927215	harbor2	chr13	113750445	113750540	DNA/hAT-Charlie	437	+	48	113750493	23278
chr13	113727215	113927215	harbor2	chr13	113766702	113766970	DNA/hAT-Charlie	436	+	134	113766836	39621
chr13	24181626	24381626	harbor2	chr13	24183496	24183724	DNA/hAT-Charlie	1898	+	114	24183610	1984
chr13	24181626	24381626	harbor2	chr13	24218607	24218827	DNA/hAT-Charlie	1395	+	110	24218717	37091
chr13	24181626	24381626	harbor2	chr13	24227348	24227574	DNA/hAT-Charlie	734	+	113	24227461	45835
chr13	24181626	24381626	harbor2	chr13	24227870	24227908	DNA/hAT-Charlie	734	+	19	24227889	46263
chr13	24181626	24381626	harbor2	chr13	24228431	24228708	DNA/hAT-Charlie	588	+	138	24228569	46943
chr13	95000339	95200339	harbor2	chr13	95004398	95004523	DNA/hAT-Charlie	449	+	62	95004460	4121
chr13	95000339	95200339	harbor2	chr13	95058901	95059063	DNA/hAT-Charlie	491	+	81	95058982	58643
chr13	95000339	95200339	harbor2	chr13	95074968	95075172	DNA/hAT-Charlie	993	+	102	95075070	74731
chr13	110779820	110979820	harbor2	chr13	110801355	110801562	DNA/hAT-Charlie	751	+	104	110801459	21639
chr13	110779820	110979820	harbor2	chr13	110801565	110802523	DNA/hAT-Charlie	1892	+	479	110802044	22224
chr13	110779820	110979820	harbor2	chr13	110803194	110804040	DNA/hAT-Charlie	3650	+	423	110803617	23797
chr13	110779820	110979820	harbor2	chr13	110806607	110806874	DNA/hAT-Charlie	431	+	134	110806741	26921
chr13	110779820	110979820	harbor2	chr13	110834493	110834657	DNA/hAT-Charlie	442	+	82	110834575	54755
chr13	110779820	110979820	harbor2	chr13	110834666	110834825	DNA/hAT-Charlie	579	+	80	110834746	54926
chr13	110779820	110979820	harbor2	chr13	110835033	110835230	DNA/hAT-Charlie	450	+	98	110835131	55311
chr13	110779820	110979820	harbor2	chr13	110839363	110839614	DNA/hAT-Charlie	682	+	126	110839489	59669
chr13	110779820	110979820	harbor2	chr13	110875070	110875551	DNA/hAT-Charlie	3055	+	240	110875310	95490
chr13	110779820	110979820	harbor2	chr13	110875844	110876008	DNA/hAT-Charlie	3055	+	82	110875926	96106
chr13	110779820	110979820	harbor2	chr13	110876307	110876547	DNA/hAT-Charlie	3055	+	120	110876427	96607
chr13	110779820	110979820	harbor2	chr13	110876957	110877082	DNA/hAT-Charlie	3055	+	62	110877019	97199
chr13	110779820	110979820	harbor2	chr13	110804462	110805041	DNA/hAT-Charlie	3650	+	290	110804752	24932
chr13	27730181	27930181	harbor2	chr13	27749754	27749913	DNA/hAT-Charlie	826	+	80	27749834	19653
chr13	27730181	27930181	harbor2	chr13	27804685	27805020	DNA/hAT-Charlie	1470	+	168	27804853	74672
chr13	27730181	27930181	harbor2	chr13	27805326	27805430	DNA/hAT-Charlie	1470	+	52	27805378	75197
chr13	27730181	27930181	harbor2	chr13	27803436	27804422	DNA/hAT-Charlie	4174	+	493	27803929	73748
chr13	28720903	28920903	harbor2	chr13	28724461	28724882	DNA/hAT-Charlie	763	+	210	28724671	3768
chr13	28720903	28920903	harbor2	chr13	28759928	28760315	DNA/hAT-Charlie	1611	+	194	28760122	39219
chr13	113727457	113927457	harbor2	chr13	113730961	113731114	DNA/hAT-Charlie	470	+	76	113731037	3580
chr13	113727457	113927457	harbor2	chr13	113750211	113750447	DNA/hAT-Charlie	712	+	118	113750329	22872
chr13	113727457	113927457	harbor2	chr13	113750445	113750540	DNA/hAT-Charlie	437	+	48	113750493	23036
chr13	113727457	113927457	harbor2	chr13	113766702	113766970	DNA/hAT-Charlie	436	+	134	113766836	39379
chr13	113726159	113926159	harbor2	chr13	113730961	113731114	DNA/hAT-Charlie	470	+	76	113731037	4878
chr13	113726159	113926159	harbor2	chr13	113750211	113750447	DNA/hAT-Charlie	712	+	118	113750329	24170
chr13	113726159	113926159	harbor2	chr13	113750445	113750540	DNA/hAT-Charlie	437	+	48	113750493	24334
chr13	113726159	113926159	harbor2	chr13	113766702	113766970	DNA/hAT-Charlie	436	+	134	113766836	40677
chr13	110254770	110454770	harbor2	chr13	110276828	110276934	DNA/hAT-Charlie	472	+	53	110276881	22111
chr13	113726150	113926150	harbor2	chr13	113730961	113731114	DNA/hAT-Charlie	470	+	76	113731037	4887
chr13	113726150	113926150	harbor2	chr13	113750211	113750447	DNA/hAT-Charlie	712	+	118	113750329	24179
chr13	113726150	113926150	harbor2	chr13	113750445	113750540	DNA/hAT-Charlie	437	+	48	113750493	24343
chr13	113726150	113926150	harbor2	chr13	113766702	113766970	DNA/hAT-Charlie	436	+	134	113766836	40686
chr13	99535043	99735043	harbor2	chr13	99545072	99545292	DNA/hAT-Charlie	433	+	110	99545182	10139
chr13	99535043	99735043	harbor2	chr13	99579337	99579475	DNA/hAT-Charlie	567	+	69	99579406	44363
chr13	99535043	99735043	harbor2	chr13	99621652	99621870	DNA/hAT-Charlie	1276	+	109	99621761	86718
chr13	113737492	113937492	harbor2	chr13	113750211	113750447	DNA/hAT-Charlie	712	+	118	113750329	12837
chr13	113737492	113937492	harbor2	chr13	113750445	113750540	DNA/hAT-Charlie	437	+	48	113750493	13001
chr13	113737492	113937492	harbor2	chr13	113766702	113766970	DNA/hAT-Charlie	436	+	134	113766836	29344
chr13	51842701	52042701	harbor2	chr13	51843910	51844105	DNA/hAT-Charlie	755	+	98	51844008	1307
chr13	51842701	52042701	harbor2	chr13	51847205	51847497	DNA/hAT-Charlie	1787	+	146	51847351	4650
chr13	51842701	52042701	harbor2	chr13	51876285	51876623	DNA/hAT-Charlie	790	+	169	51876454	33753
chr13	100665338	100865338	harbor2	chr13	100678912	100679248	DNA/hAT-Charlie	2188	+	168	100679080	13742
chr13	113739633	113939633	harbor2	chr13	113750211	113750447	DNA/hAT-Charlie	712	+	118	113750329	10696
chr13	113739633	113939633	harbor2	chr13	113750445	113750540	DNA/hAT-Charlie	437	+	48	113750493	10860
chr13	113739633	113939633	harbor2	chr13	113766702	113766970	DNA/hAT-Charlie	436	+	134	113766836	27203
chr13	72960932	73160932	harbor2	chr13	72967859	72967903	DNA/hAT-Charlie	468	+	22	72967881	6949
chr13	72960932	73160932	harbor2	chr13	72968198	72968261	DNA/hAT-Charlie	468	+	32	72968230	7298
chr13	72960932	73160932	harbor2	chr13	72998487	72998610	DNA/hAT-Charlie	458	+	62	72998549	37617
chr13	110290586	110490586	harbor2	chr13	110379097	110379302	DNA/hAT-Charlie	705	+	102	110379199	88613
chr13	113734431	113934431	harbor2	chr13	113750211	113750447	DNA/hAT-Charlie	712	+	118	113750329	15898
chr13	113734431	113934431	harbor2	chr13	113750445	113750540	DNA/hAT-Charlie	437	+	48	113750493	16062
chr13	113734431	113934431	harbor2	chr13	113766702	113766970	DNA/hAT-Charlie	436	+	134	113766836	32405
chr13	113750098	113950098	harbor2	chr13	113750211	113750447	DNA/hAT-Charlie	712	+	118	113750329	231
chr13	113750098	113950098	harbor2	chr13	113750445	113750540	DNA/hAT-Charlie	437	+	48	113750493	395
chr13	113750098	113950098	harbor2	chr13	113766702	113766970	DNA/hAT-Charlie	436	+	134	113766836	16738
chr13	36899416	37099416	harbor2	chr13	36905040	36905235	DNA/hAT-Charlie	945	+	98	36905138	5722
chr13	36899416	37099416	harbor2	chr13	36962752	36962951	DNA/hAT-Charlie	944	+	100	36962852	63436
chr13	36899416	37099416	harbor2	chr13	36963242	36963328	DNA/hAT-Charlie	944	+	43	36963285	63869
chr13	36899416	37099416	harbor2	chr13	36982422	36982612	DNA/hAT-Charlie	689	+	95	36982517	83101
chr13	36899416	37099416	harbor2	chr13	36983429	36983464	DNA/hAT-Charlie	435	+	18	36983447	84031
chr13	36899416	37099416	harbor2	chr13	36983584	36983684	DNA/hAT-Charlie	435	+	50	36983634	84218
chr13	50026936	50226936	harbor2	chr13	50101592	50101782	DNA/hAT-Charlie	821	+	95	50101687	74751
chr13	75441536	75641536	harbor2	chr13	75447620	75448119	DNA/hAT-Charlie	3229	+	250	75447870	6334
chr13	75441536	75641536	harbor2	chr13	75470362	75470541	DNA/hAT-Charlie	713	+	90	75470452	28916
chr13	75441536	75641536	harbor2	chr13	75476765	75476914	DNA/hAT-Charlie	417	+	74	75476839	35303
chr13	75441536	75641536	harbor2	chr13	75478875	75479153	DNA/hAT-Charlie	695	+	139	75479014	37478
chr13	75441536	75641536	harbor2	chr13	75501469	75501655	DNA/hAT-Charlie	685	+	93	75501562	60026
chr13	51351715	51551715	harbor2	chr13	51356979	51357176	DNA/hAT-Charlie	966	+	98	51357077	5362
chr13	51351715	51551715	harbor2	chr13	51371044	51371198	DNA/hAT-Charlie	643	+	77	51371121	19406
chr13	51351715	51551715	harbor2	chr13	51390179	51390482	DNA/hAT-Charlie	1162	+	152	51390331	38616
chr13	51351715	51551715	harbor2	chr13	51399946	51400254	DNA/hAT-Charlie	1996	+	154	51400100	48385
chr13	51351715	51551715	harbor2	chr13	51406789	51407019	DNA/hAT-Charlie	1767	+	115	51406904	55189
chr13	51351715	51551715	harbor2	chr13	51419866	51419892	DNA/hAT-Charlie	424	+	13	51419879	68164
chr13	51351715	51551715	harbor2	chr13	51419893	51420111	DNA/hAT-Charlie	968	+	109	51420002	68287
chr13	51351715	51551715	harbor2	chr13	51420112	51420305	DNA/hAT-Charlie	424	+	96	51420208	68493
chr13	51351715	51551715	harbor2	chr13	51423883	51424059	DNA/hAT-Charlie	482	+	88	51423971	72256
chr13	51351715	51551715	harbor2	chr13	51442560	51442871	DNA/hAT-Charlie	1761	+	156	51442716	91001
chr13	20329143	20529143	harbor2	chr13	20340060	20340203	DNA/hAT-Charlie	443	+	72	20340132	10989
chr13	20329143	20529143	harbor2	chr13	20389781	20389868	DNA/hAT-Charlie	425	+	44	20389825	60682
chr13	20329143	20529143	harbor2	chr13	20395971	20396276	DNA/hAT-Charlie	1035	+	152	20396123	66980
chr14	103242844	103442844	harbor2	chr14	103288875	103289203	DNA/hAT-Charlie	2075	+	164	103289039	46195
chr14	103242844	103442844	harbor2	chr14	103295158	103295544	DNA/hAT-Charlie	1416	+	193	103295351	52507
chr14	99493147	99693147	harbor2	chr14	99505313	99505596	DNA/hAT-Charlie	875	+	142	99505455	12308
chr14	99493147	99693147	harbor2	chr14	99505868	99505933	DNA/hAT-Charlie	875	+	32	99505900	12753
chr14	67141303	67341303	harbor2	chr14	67148461	67148558	DNA/hAT-Charlie	1727	+	48	67148509	7206
chr14	67141303	67341303	harbor2	chr14	67148866	67149062	DNA/hAT-Charlie	1727	+	98	67148964	7661
chr14	67141303	67341303	harbor2	chr14	67149362	67149562	DNA/hAT-Charlie	1727	+	100	67149462	8159
chr14	67141303	67341303	harbor2	chr14	67212967	67213092	DNA/hAT-Charlie	629	+	62	67213029	71726
chr14	67141303	67341303	harbor2	chr14	67229385	67229586	DNA/hAT-Charlie	1007	+	100	67229485	88182
chr14	67141303	67341303	harbor2	chr14	67229585	67229856	DNA/hAT-Charlie	921	+	136	67229721	88418
chr14	67141303	67341303	harbor2	chr14	67239282	67239487	DNA/hAT-Charlie	1061	+	102	67239384	98081
chr14	105613577	105813577	harbor2	chr14	105614231	105614561	DNA/hAT-Charlie	2044	+	165	105614396	819
chr14	105613577	105813577	harbor2	chr14	105633666	105633996	DNA/hAT-Charlie	2112	+	165	105633831	20254
chr14	24047658	24247658	harbor2	chr14	24085768	24085949	DNA/hAT-Charlie	962	+	90	24085858	38200
chr14	24047658	24247658	harbor2	chr14	24128397	24128508	DNA/hAT-Charlie	1189	+	56	24128453	80795
chr14	24047658	24247658	harbor2	chr14	24128826	24128852	DNA/hAT-Charlie	1189	+	13	24128839	81181
chr14	24047658	24247658	harbor2	chr14	24129152	24129442	DNA/hAT-Charlie	1189	+	145	24129297	81639
chr14	24047658	24247658	harbor2	chr14	24130020	24130056	DNA/hAT-Charlie	1189	+	18	24130038	82380
chr14	24047658	24247658	harbor2	chr14	24130337	24130360	DNA/hAT-Charlie	1189	+	12	24130349	82691
chr14	24047658	24247658	harbor2	chr14	24134597	24134821	DNA/hAT-Charlie	1000	+	112	24134709	87051
chr14	90283171	90483171	harbor2	chr14	90293134	90293253	DNA/hAT-Charlie	846	+	60	90293194	10023
chr14	90283171	90483171	harbor2	chr14	90293550	90293618	DNA/hAT-Charlie	846	+	34	90293584	10413
chr14	90283171	90483171	harbor2	chr14	90296794	90296856	DNA/hAT-Charlie	1317	+	31	90296825	13654
chr14	90283171	90483171	harbor2	chr14	90297167	90297475	DNA/hAT-Charlie	1317	+	154	90297321	14150
chr14	90283171	90483171	harbor2	chr14	90343837	90344030	DNA/hAT-Charlie	1210	+	96	90343933	60762
chr14	90283171	90483171	harbor2	chr14	90380656	90380796	DNA/hAT-Charlie	756	+	70	90380726	97555
chr14	103423570	103623570	harbor2	chr14	103425995	103426203	DNA/hAT-Charlie	1090	+	104	103426099	2529
chr14	103423570	103623570	harbor2	chr14	103426203	103426398	DNA/hAT-Charlie	544	+	98	103426301	2731
chr14	103423570	103623570	harbor2	chr14	103469022	103469133	DNA/hAT-Charlie	502	+	56	103469078	45508
chr14	103423570	103623570	harbor2	chr14	103469739	103469780	DNA/hAT-Charlie	502	+	20	103469759	46189
chr14	103423570	103623570	harbor2	chr14	103470077	103470138	DNA/hAT-Charlie	502	+	30	103470107	46537
chr14	103423570	103623570	harbor2	chr14	103517175	103517353	DNA/hAT-Charlie	660	+	89	103517264	93694
chr14	64418631	64618631	harbor2	chr14	64444972	64445174	DNA/hAT-Charlie	1103	+	101	64445073	26442
chr14	67141327	67341327	harbor2	chr14	67148461	67148558	DNA/hAT-Charlie	1727	+	48	67148509	7182
chr14	67141327	67341327	harbor2	chr14	67148866	67149062	DNA/hAT-Charlie	1727	+	98	67148964	7637
chr14	67141327	67341327	harbor2	chr14	67149362	67149562	DNA/hAT-Charlie	1727	+	100	67149462	8135
chr14	67141327	67341327	harbor2	chr14	67212967	67213092	DNA/hAT-Charlie	629	+	62	67213029	71702
chr14	67141327	67341327	harbor2	chr14	67229385	67229586	DNA/hAT-Charlie	1007	+	100	67229485	88158
chr14	67141327	67341327	harbor2	chr14	67229585	67229856	DNA/hAT-Charlie	921	+	136	67229721	88394
chr14	67141327	67341327	harbor2	chr14	67239282	67239487	DNA/hAT-Charlie	1061	+	102	67239384	98057
chr14	67141322	67341322	harbor2	chr14	67148461	67148558	DNA/hAT-Charlie	1727	+	48	67148509	7187
chr14	67141322	67341322	harbor2	chr14	67148866	67149062	DNA/hAT-Charlie	1727	+	98	67148964	7642
chr14	67141322	67341322	harbor2	chr14	67149362	67149562	DNA/hAT-Charlie	1727	+	100	67149462	8140
chr14	67141322	67341322	harbor2	chr14	67212967	67213092	DNA/hAT-Charlie	629	+	62	67213029	71707
chr14	67141322	67341322	harbor2	chr14	67229385	67229586	DNA/hAT-Charlie	1007	+	100	67229485	88163
chr14	67141322	67341322	harbor2	chr14	67229585	67229856	DNA/hAT-Charlie	921	+	136	67229721	88399
chr14	67141322	67341322	harbor2	chr14	67239282	67239487	DNA/hAT-Charlie	1061	+	102	67239384	98062
chr14	100185464	100385464	harbor2	chr14	100213305	100213530	DNA/hAT-Charlie	1032	+	112	100213417	27953
chr14	100185464	100385464	harbor2	chr14	100213832	100213924	DNA/hAT-Charlie	1032	+	46	100213878	28414
chr14	75328321	75528321	harbor2	chr14	75375802	75375958	DNA/hAT-Charlie	860	+	78	75375880	47559
chr14	75328321	75528321	harbor2	chr14	75406334	75406428	DNA/hAT-Charlie	566	+	47	75406381	78060
chr14	100198905	100398905	harbor2	chr14	100213305	100213530	DNA/hAT-Charlie	1032	+	112	100213417	14512
chr14	100198905	100398905	harbor2	chr14	100213832	100213924	DNA/hAT-Charlie	1032	+	46	100213878	14973
chr14	24047654	24247654	harbor2	chr14	24085768	24085949	DNA/hAT-Charlie	962	+	90	24085858	38204
chr14	24047654	24247654	harbor2	chr14	24128397	24128508	DNA/hAT-Charlie	1189	+	56	24128453	80799
chr14	24047654	24247654	harbor2	chr14	24128826	24128852	DNA/hAT-Charlie	1189	+	13	24128839	81185
chr14	24047654	24247654	harbor2	chr14	24129152	24129442	DNA/hAT-Charlie	1189	+	145	24129297	81643
chr14	24047654	24247654	harbor2	chr14	24130020	24130056	DNA/hAT-Charlie	1189	+	18	24130038	82384
chr14	24047654	24247654	harbor2	chr14	24130337	24130360	DNA/hAT-Charlie	1189	+	12	24130349	82695
chr14	24047654	24247654	harbor2	chr14	24134597	24134821	DNA/hAT-Charlie	1000	+	112	24134709	87055
chr14	92647880	92847880	harbor2	chr14	92669696	92669906	DNA/hAT-Charlie	855	+	105	92669801	21921
chr14	92647880	92847880	harbor2	chr14	92707430	92707730	DNA/hAT-Charlie	1059	+	150	92707580	59700
chr14	92647880	92847880	harbor2	chr14	92713512	92713673	DNA/hAT-Charlie	615	+	80	92713592	65712
chr14	92647880	92847880	harbor2	chr14	92726383	92726462	DNA/hAT-Charlie	461	+	40	92726423	78543
chr14	92647880	92847880	harbor2	chr14	92730583	92730662	DNA/hAT-Charlie	560	+	40	92730623	82743
chr14	92647880	92847880	harbor2	chr14	92730953	92731000	DNA/hAT-Charlie	560	+	24	92730977	83097
chr14	92647880	92847880	harbor2	chr14	92732177	92732387	DNA/hAT-Charlie	798	+	105	92732282	84402
chr14	90283153	90483153	harbor2	chr14	90293134	90293253	DNA/hAT-Charlie	846	+	60	90293194	10041
chr14	90283153	90483153	harbor2	chr14	90293550	90293618	DNA/hAT-Charlie	846	+	34	90293584	10431
chr14	90283153	90483153	harbor2	chr14	90296794	90296856	DNA/hAT-Charlie	1317	+	31	90296825	13672
chr14	90283153	90483153	harbor2	chr14	90297167	90297475	DNA/hAT-Charlie	1317	+	154	90297321	14168
chr14	90283153	90483153	harbor2	chr14	90343837	90344030	DNA/hAT-Charlie	1210	+	96	90343933	60780
chr14	90283153	90483153	harbor2	chr14	90380656	90380796	DNA/hAT-Charlie	756	+	70	90380726	97573
chr14	90283474	90483474	harbor2	chr14	90293134	90293253	DNA/hAT-Charlie	846	+	60	90293194	9720
chr14	90283474	90483474	harbor2	chr14	90293550	90293618	DNA/hAT-Charlie	846	+	34	90293584	10110
chr14	90283474	90483474	harbor2	chr14	90296794	90296856	DNA/hAT-Charlie	1317	+	31	90296825	13351
chr14	90283474	90483474	harbor2	chr14	90297167	90297475	DNA/hAT-Charlie	1317	+	154	90297321	13847
chr14	90283474	90483474	harbor2	chr14	90343837	90344030	DNA/hAT-Charlie	1210	+	96	90343933	60459
chr14	90283474	90483474	harbor2	chr14	90380656	90380796	DNA/hAT-Charlie	756	+	70	90380726	97252
chr14	101610279	101810279	harbor2	chr14	101636978	101637185	DNA/hAT-Charlie	529	+	104	101637082	26803
chr14	101610279	101810279	harbor2	chr14	101638010	101639584	DNA/hAT-Charlie	6654	+	787	101638797	28518
chr14	67500241	67700241	harbor2	chr14	67543463	67543645	DNA/hAT-Charlie	454	+	91	67543554	43313
chr14	67500241	67700241	harbor2	chr14	67585267	67585436	DNA/hAT-Charlie	465	+	84	67585351	85110
chr14	54389016	54589016	harbor2	chr14	54429215	54429429	DNA/hAT-Charlie	1127	+	107	54429322	40306
chr14	54389016	54589016	harbor2	chr14	54442520	54442704	DNA/hAT-Charlie	931	+	92	54442612	53596
chr14	73660273	73860273	harbor2	chr14	73670252	73670401	DNA/hAT-Charlie	861	+	74	73670326	10053
chr14	73660273	73860273	harbor2	chr14	73721965	73722423	DNA/hAT-Charlie	1538	+	229	73722194	61921
chr14	73660273	73860273	harbor2	chr14	73734322	73734403	DNA/hAT-Charlie	517	+	40	73734362	74089
chr14	73660273	73860273	harbor2	chr14	73734732	73734846	DNA/hAT-Charlie	517	+	57	73734789	74516
chr14	75330460	75530460	harbor2	chr14	75375802	75375958	DNA/hAT-Charlie	860	+	78	75375880	45420
chr14	75330460	75530460	harbor2	chr14	75406334	75406428	DNA/hAT-Charlie	566	+	47	75406381	75921
chr14	51889569	52089569	harbor2	chr14	51951697	51951904	DNA/hAT-Charlie	1066	+	104	51951801	62232
chr14	51889569	52089569	harbor2	chr14	51951916	51952093	DNA/hAT-Charlie	663	+	88	51952004	62435
chr14	51889569	52089569	harbor2	chr14	51975835	51976209	DNA/hAT-Charlie	2371	+	187	51976022	86453
chr14	51889569	52089569	harbor2	chr14	51976497	51976656	DNA/hAT-Charlie	2371	+	80	51976577	87008
chr14	51889569	52089569	harbor2	chr14	51978214	51978433	DNA/hAT-Charlie	759	+	110	51978324	88755
chr14	103424599	103624599	harbor2	chr14	103425995	103426203	DNA/hAT-Charlie	1090	+	104	103426099	1500
chr14	103424599	103624599	harbor2	chr14	103426203	103426398	DNA/hAT-Charlie	544	+	98	103426301	1702
chr14	103424599	103624599	harbor2	chr14	103469022	103469133	DNA/hAT-Charlie	502	+	56	103469078	44479
chr14	103424599	103624599	harbor2	chr14	103469739	103469780	DNA/hAT-Charlie	502	+	20	103469759	45160
chr14	103424599	103624599	harbor2	chr14	103470077	103470138	DNA/hAT-Charlie	502	+	30	103470107	45508
chr14	103424599	103624599	harbor2	chr14	103517175	103517353	DNA/hAT-Charlie	660	+	89	103517264	92665
chr14	93232282	93432282	harbor2	chr14	93249548	93249757	DNA/hAT-Charlie	974	+	104	93249652	17370
chr14	93232282	93432282	harbor2	chr14	93251011	93251246	DNA/hAT-Charlie	742	+	118	93251129	18847
chr14	93232282	93432282	harbor2	chr14	93320282	93320470	DNA/hAT-Charlie	1002	+	94	93320376	88094
chr14	90960739	91160739	harbor2	chr14	90970958	90971035	DNA/hAT-Charlie	539	+	38	90970996	10257
chr14	90960739	91160739	harbor2	chr14	90971329	90971427	DNA/hAT-Charlie	539	+	49	90971378	10639
chr14	90960739	91160739	harbor2	chr14	90981411	90982316	DNA/hAT-Charlie	2933	+	452	90981863	21124
chr14	90960739	91160739	harbor2	chr14	90982479	90982696	DNA/hAT-Charlie	2933	+	108	90982587	21848
chr14	90960739	91160739	harbor2	chr14	90983307	90983322	DNA/hAT-Charlie	2933	+	8	90983315	22576
chr14	90960739	91160739	harbor2	chr14	90983638	90983781	DNA/hAT-Charlie	2933	+	72	90983710	22971
chr14	90960739	91160739	harbor2	chr14	90984146	90984944	DNA/hAT-Charlie	2933	+	399	90984545	23806
chr14	90960739	91160739	harbor2	chr14	90985243	90985390	DNA/hAT-Charlie	2933	+	74	90985317	24578
chr14	23420834	23620834	harbor2	chr14	23446966	23447124	DNA/hAT-Charlie	833	+	79	23447045	26211
chr14	23420834	23620834	harbor2	chr14	23451319	23451423	DNA/hAT-Charlie	518	+	52	23451371	30537
chr14	23420834	23620834	harbor2	chr14	23452789	23453197	DNA/hAT-Charlie	1726	+	204	23452993	32159
chr14	23420834	23620834	harbor2	chr14	23458496	23458971	DNA/hAT-Charlie	3728	+	238	23458734	37900
chr14	23420834	23620834	harbor2	chr14	23459268	23459667	DNA/hAT-Charlie	3728	+	200	23459468	38634
chr14	23420834	23620834	harbor2	chr14	23465259	23465443	DNA/hAT-Charlie	1233	+	92	23465351	44517
chr14	23420834	23620834	harbor2	chr14	23467638	23467649	DNA/hAT-Charlie	835	+	6	23467644	46810
chr14	23420834	23620834	harbor2	chr14	23468256	23468412	DNA/hAT-Charlie	835	+	78	23468334	47500
chr14	23420834	23620834	harbor2	chr14	23474744	23474904	DNA/hAT-Charlie	759	+	80	23474824	53990
chr14	23420834	23620834	harbor2	chr14	23511095	23511322	DNA/hAT-Charlie	780	+	114	23511209	90375
chr14	23489204	23689204	harbor2	chr14	23511095	23511322	DNA/hAT-Charlie	780	+	114	23511209	22005
chr14	23489204	23689204	harbor2	chr14	23574475	23574584	DNA/hAT-Charlie	453	+	54	23574529	85325
chr14	23489204	23689204	harbor2	chr14	23574659	23574823	DNA/hAT-Charlie	740	+	82	23574741	85537
chr14	23489204	23689204	harbor2	chr14	23574936	23575017	DNA/hAT-Charlie	740	+	40	23574976	85772
chr14	104882850	105082850	harbor2	chr14	104964955	104965165	DNA/hAT-Charlie	1254	+	105	104965060	82210
chr14	71625940	71825940	harbor2	chr14	71625952	71626234	DNA/hAT-Charlie	802	+	141	71626093	153
chr14	71625940	71825940	harbor2	chr14	71657738	71658205	DNA/hAT-Charlie	1702	+	234	71657972	32032
chr14	71625940	71825940	harbor2	chr14	71706324	71706479	DNA/hAT-Charlie	892	+	78	71706402	80462
chr14	75329481	75529481	harbor2	chr14	75375802	75375958	DNA/hAT-Charlie	860	+	78	75375880	46399
chr14	75329481	75529481	harbor2	chr14	75406334	75406428	DNA/hAT-Charlie	566	+	47	75406381	76900
chr14	105388089	105588089	harbor2	chr14	105430726	105430968	DNA/hAT-Charlie	989	+	121	105430847	42758
chr14	105388089	105588089	harbor2	chr14	105431494	105431617	DNA/hAT-Charlie	857	+	62	105431556	43467
chr14	105388089	105588089	harbor2	chr14	105431926	105432025	DNA/hAT-Charlie	857	+	50	105431976	43887
chr14	105388089	105588089	harbor2	chr14	105432153	105432228	DNA/hAT-Charlie	1805	+	38	105432191	44102
chr14	105388089	105588089	harbor2	chr14	105432539	105433003	DNA/hAT-Charlie	1805	+	232	105432771	44682
chr14	105388089	105588089	harbor2	chr14	105433596	105433840	DNA/hAT-Charlie	1107	+	122	105433718	45629
chr14	105388089	105588089	harbor2	chr14	105434117	105434242	DNA/hAT-Charlie	1107	+	62	105434179	46090
chr14	75329814	75529814	harbor2	chr14	75375802	75375958	DNA/hAT-Charlie	860	+	78	75375880	46066
chr14	75329814	75529814	harbor2	chr14	75406334	75406428	DNA/hAT-Charlie	566	+	47	75406381	76567
chr14	104404069	104604069	harbor2	chr14	104419043	104419288	DNA/hAT-Charlie	729	+	122	104419165	15096
chr14	104404069	104604069	harbor2	chr14	104420003	104420103	DNA/hAT-Charlie	678	+	50	104420053	15984
chr14	104404069	104604069	harbor2	chr14	104420627	104421031	DNA/hAT-Charlie	2757	+	202	104420829	16760
chr14	49792946	49992946	harbor2	chr14	49838917	49839067	DNA/hAT-Charlie	848	+	75	49838992	46046
chr14	104017421	104217421	harbor2	chr14	104040847	104041028	DNA/hAT-Charlie	533	+	90	104040937	23516
chr14	73685543	73885543	harbor2	chr14	73721965	73722423	DNA/hAT-Charlie	1538	+	229	73722194	36651
chr14	73685543	73885543	harbor2	chr14	73734322	73734403	DNA/hAT-Charlie	517	+	40	73734362	48819
chr14	73685543	73885543	harbor2	chr14	73734732	73734846	DNA/hAT-Charlie	517	+	57	73734789	49246
chr14	24061095	24261095	harbor2	chr14	24085768	24085949	DNA/hAT-Charlie	962	+	90	24085858	24763
chr14	24061095	24261095	harbor2	chr14	24128397	24128508	DNA/hAT-Charlie	1189	+	56	24128453	67358
chr14	24061095	24261095	harbor2	chr14	24128826	24128852	DNA/hAT-Charlie	1189	+	13	24128839	67744
chr14	24061095	24261095	harbor2	chr14	24129152	24129442	DNA/hAT-Charlie	1189	+	145	24129297	68202
chr14	24061095	24261095	harbor2	chr14	24130020	24130056	DNA/hAT-Charlie	1189	+	18	24130038	68943
chr14	24061095	24261095	harbor2	chr14	24130337	24130360	DNA/hAT-Charlie	1189	+	12	24130349	69254
chr14	24061095	24261095	harbor2	chr14	24134597	24134821	DNA/hAT-Charlie	1000	+	112	24134709	73614
chr14	73672278	73872278	harbor2	chr14	73721965	73722423	DNA/hAT-Charlie	1538	+	229	73722194	49916
chr14	73672278	73872278	harbor2	chr14	73734322	73734403	DNA/hAT-Charlie	517	+	40	73734362	62084
chr14	73672278	73872278	harbor2	chr14	73734732	73734846	DNA/hAT-Charlie	517	+	57	73734789	62511
chr14	103422944	103622944	harbor2	chr14	103425995	103426203	DNA/hAT-Charlie	1090	+	104	103426099	3155
chr14	103422944	103622944	harbor2	chr14	103426203	103426398	DNA/hAT-Charlie	544	+	98	103426301	3357
chr14	103422944	103622944	harbor2	chr14	103469022	103469133	DNA/hAT-Charlie	502	+	56	103469078	46134
chr14	103422944	103622944	harbor2	chr14	103469739	103469780	DNA/hAT-Charlie	502	+	20	103469759	46815
chr14	103422944	103622944	harbor2	chr14	103470077	103470138	DNA/hAT-Charlie	502	+	30	103470107	47163
chr14	103422944	103622944	harbor2	chr14	103517175	103517353	DNA/hAT-Charlie	660	+	89	103517264	94320
chr14	67500259	67700259	harbor2	chr14	67543463	67543645	DNA/hAT-Charlie	454	+	91	67543554	43295
chr14	67500259	67700259	harbor2	chr14	67585267	67585436	DNA/hAT-Charlie	465	+	84	67585351	85092
chr14	73545011	73745011	harbor2	chr14	73613577	73613794	DNA/hAT-Charlie	1180	+	108	73613685	68674
chr14	104623763	104823763	harbor2	chr14	104631638	104631764	DNA/hAT-Charlie	490	+	63	104631701	7938
chr14	104623763	104823763	harbor2	chr14	104632054	104632110	DNA/hAT-Charlie	490	+	28	104632082	8319
chr14	104623763	104823763	harbor2	chr14	104704405	104704713	DNA/hAT-Charlie	1832	+	154	104704559	80796
chr14	104623763	104823763	harbor2	chr14	104706599	104706754	DNA/hAT-Charlie	724	+	78	104706677	82914
chr14	90283167	90483167	harbor2	chr14	90293134	90293253	DNA/hAT-Charlie	846	+	60	90293194	10027
chr14	90283167	90483167	harbor2	chr14	90293550	90293618	DNA/hAT-Charlie	846	+	34	90293584	10417
chr14	90283167	90483167	harbor2	chr14	90296794	90296856	DNA/hAT-Charlie	1317	+	31	90296825	13658
chr14	90283167	90483167	harbor2	chr14	90297167	90297475	DNA/hAT-Charlie	1317	+	154	90297321	14154
chr14	90283167	90483167	harbor2	chr14	90343837	90344030	DNA/hAT-Charlie	1210	+	96	90343933	60766
chr14	90283167	90483167	harbor2	chr14	90380656	90380796	DNA/hAT-Charlie	756	+	70	90380726	97559
chr14	73659699	73859699	harbor2	chr14	73670252	73670401	DNA/hAT-Charlie	861	+	74	73670326	10627
chr14	73659699	73859699	harbor2	chr14	73721965	73722423	DNA/hAT-Charlie	1538	+	229	73722194	62495
chr14	73659699	73859699	harbor2	chr14	73734322	73734403	DNA/hAT-Charlie	517	+	40	73734362	74663
chr14	73659699	73859699	harbor2	chr14	73734732	73734846	DNA/hAT-Charlie	517	+	57	73734789	75090
chr14	67141987	67341987	harbor2	chr14	67148461	67148558	DNA/hAT-Charlie	1727	+	48	67148509	6522
chr14	67141987	67341987	harbor2	chr14	67148866	67149062	DNA/hAT-Charlie	1727	+	98	67148964	6977
chr14	67141987	67341987	harbor2	chr14	67149362	67149562	DNA/hAT-Charlie	1727	+	100	67149462	7475
chr14	67141987	67341987	harbor2	chr14	67212967	67213092	DNA/hAT-Charlie	629	+	62	67213029	71042
chr14	67141987	67341987	harbor2	chr14	67229385	67229586	DNA/hAT-Charlie	1007	+	100	67229485	87498
chr14	67141987	67341987	harbor2	chr14	67229585	67229856	DNA/hAT-Charlie	921	+	136	67229721	87734
chr14	67141987	67341987	harbor2	chr14	67239282	67239487	DNA/hAT-Charlie	1061	+	102	67239384	97397
chr14	24061282	24261282	harbor2	chr14	24085768	24085949	DNA/hAT-Charlie	962	+	90	24085858	24576
chr14	24061282	24261282	harbor2	chr14	24128397	24128508	DNA/hAT-Charlie	1189	+	56	24128453	67171
chr14	24061282	24261282	harbor2	chr14	24128826	24128852	DNA/hAT-Charlie	1189	+	13	24128839	67557
chr14	24061282	24261282	harbor2	chr14	24129152	24129442	DNA/hAT-Charlie	1189	+	145	24129297	68015
chr14	24061282	24261282	harbor2	chr14	24130020	24130056	DNA/hAT-Charlie	1189	+	18	24130038	68756
chr14	24061282	24261282	harbor2	chr14	24130337	24130360	DNA/hAT-Charlie	1189	+	12	24130349	69067
chr14	24061282	24261282	harbor2	chr14	24134597	24134821	DNA/hAT-Charlie	1000	+	112	24134709	73427
chr14	67141325	67341325	harbor2	chr14	67148461	67148558	DNA/hAT-Charlie	1727	+	48	67148509	7184
chr14	67141325	67341325	harbor2	chr14	67148866	67149062	DNA/hAT-Charlie	1727	+	98	67148964	7639
chr14	67141325	67341325	harbor2	chr14	67149362	67149562	DNA/hAT-Charlie	1727	+	100	67149462	8137
chr14	67141325	67341325	harbor2	chr14	67212967	67213092	DNA/hAT-Charlie	629	+	62	67213029	71704
chr14	67141325	67341325	harbor2	chr14	67229385	67229586	DNA/hAT-Charlie	1007	+	100	67229485	88160
chr14	67141325	67341325	harbor2	chr14	67229585	67229856	DNA/hAT-Charlie	921	+	136	67229721	88396
chr14	67141325	67341325	harbor2	chr14	67239282	67239487	DNA/hAT-Charlie	1061	+	102	67239384	98059
chr14	99493150	99693150	harbor2	chr14	99505313	99505596	DNA/hAT-Charlie	875	+	142	99505455	12305
chr14	99493150	99693150	harbor2	chr14	99505868	99505933	DNA/hAT-Charlie	875	+	32	99505900	12750
chr14	73133751	73333751	harbor2	chr14	73172524	73172677	DNA/hAT-Charlie	766	+	76	73172600	38849
chr14	73133751	73333751	harbor2	chr14	73204443	73204616	DNA/hAT-Charlie	544	+	86	73204529	70778
chr14	100185450	100385450	harbor2	chr14	100213305	100213530	DNA/hAT-Charlie	1032	+	112	100213417	27967
chr14	100185450	100385450	harbor2	chr14	100213832	100213924	DNA/hAT-Charlie	1032	+	46	100213878	28428
chr14	105388165	105588165	harbor2	chr14	105430726	105430968	DNA/hAT-Charlie	989	+	121	105430847	42682
chr14	105388165	105588165	harbor2	chr14	105431494	105431617	DNA/hAT-Charlie	857	+	62	105431556	43391
chr14	105388165	105588165	harbor2	chr14	105431926	105432025	DNA/hAT-Charlie	857	+	50	105431976	43811
chr14	105388165	105588165	harbor2	chr14	105432153	105432228	DNA/hAT-Charlie	1805	+	38	105432191	44026
chr14	105388165	105588165	harbor2	chr14	105432539	105433003	DNA/hAT-Charlie	1805	+	232	105432771	44606
chr14	105388165	105588165	harbor2	chr14	105433596	105433840	DNA/hAT-Charlie	1107	+	122	105433718	45553
chr14	105388165	105588165	harbor2	chr14	105434117	105434242	DNA/hAT-Charlie	1107	+	62	105434179	46014
chr14	105398468	105598468	harbor2	chr14	105430726	105430968	DNA/hAT-Charlie	989	+	121	105430847	32379
chr14	105398468	105598468	harbor2	chr14	105431494	105431617	DNA/hAT-Charlie	857	+	62	105431556	33088
chr14	105398468	105598468	harbor2	chr14	105431926	105432025	DNA/hAT-Charlie	857	+	50	105431976	33508
chr14	105398468	105598468	harbor2	chr14	105432153	105432228	DNA/hAT-Charlie	1805	+	38	105432191	33723
chr14	105398468	105598468	harbor2	chr14	105432539	105433003	DNA/hAT-Charlie	1805	+	232	105432771	34303
chr14	105398468	105598468	harbor2	chr14	105433596	105433840	DNA/hAT-Charlie	1107	+	122	105433718	35250
chr14	105398468	105598468	harbor2	chr14	105434117	105434242	DNA/hAT-Charlie	1107	+	62	105434179	35711
chr14	21356262	21556262	harbor2	chr14	21372839	21372961	DNA/hAT-Charlie	485	+	61	21372900	16638
chr14	21356262	21556262	harbor2	chr14	21373246	21373288	DNA/hAT-Charlie	485	+	21	21373267	17005
chr14	21356262	21556262	harbor2	chr14	21376606	21376912	DNA/hAT-Charlie	1009	+	153	21376759	20497
chr14	21356262	21556262	harbor2	chr14	21402672	21402888	DNA/hAT-Charlie	904	+	108	21402780	46518
chr14	24092881	24292881	harbor2	chr14	24128397	24128508	DNA/hAT-Charlie	1189	+	56	24128453	35572
chr14	24092881	24292881	harbor2	chr14	24128826	24128852	DNA/hAT-Charlie	1189	+	13	24128839	35958
chr14	24092881	24292881	harbor2	chr14	24129152	24129442	DNA/hAT-Charlie	1189	+	145	24129297	36416
chr14	24092881	24292881	harbor2	chr14	24130020	24130056	DNA/hAT-Charlie	1189	+	18	24130038	37157
chr14	24092881	24292881	harbor2	chr14	24130337	24130360	DNA/hAT-Charlie	1189	+	12	24130349	37468
chr14	24092881	24292881	harbor2	chr14	24134597	24134821	DNA/hAT-Charlie	1000	+	112	24134709	41828
chr14	90283475	90483475	harbor2	chr14	90293134	90293253	DNA/hAT-Charlie	846	+	60	90293194	9719
chr14	90283475	90483475	harbor2	chr14	90293550	90293618	DNA/hAT-Charlie	846	+	34	90293584	10109
chr14	90283475	90483475	harbor2	chr14	90296794	90296856	DNA/hAT-Charlie	1317	+	31	90296825	13350
chr14	90283475	90483475	harbor2	chr14	90297167	90297475	DNA/hAT-Charlie	1317	+	154	90297321	13846
chr14	90283475	90483475	harbor2	chr14	90343837	90344030	DNA/hAT-Charlie	1210	+	96	90343933	60458
chr14	90283475	90483475	harbor2	chr14	90380656	90380796	DNA/hAT-Charlie	756	+	70	90380726	97251
chr14	55029365	55229365	harbor2	chr14	55106124	55106290	DNA/hAT-Charlie	462	+	83	55106207	76842
chr14	55029365	55229365	harbor2	chr14	55106567	55106699	DNA/hAT-Charlie	462	+	66	55106633	77268
chr14	55029365	55229365	harbor2	chr14	55106692	55106871	DNA/hAT-Charlie	674	+	90	55106782	77417
chr14	55029365	55229365	harbor2	chr14	55107489	55107559	DNA/hAT-Charlie	674	+	35	55107524	78159
chr14	55029365	55229365	harbor2	chr14	55120599	55120775	DNA/hAT-Charlie	814	+	88	55120687	91322
chr14	92958098	93158098	harbor2	chr14	93009003	93009217	DNA/hAT-Charlie	801	+	107	93009110	51012
chr14	92958098	93158098	harbor2	chr14	93053169	93053349	DNA/hAT-Charlie	702	+	90	93053259	95161
chr14	75330552	75530552	harbor2	chr14	75375802	75375958	DNA/hAT-Charlie	860	+	78	75375880	45328
chr14	75330552	75530552	harbor2	chr14	75406334	75406428	DNA/hAT-Charlie	566	+	47	75406381	75829
chr14	24061205	24261205	harbor2	chr14	24085768	24085949	DNA/hAT-Charlie	962	+	90	24085858	24653
chr14	24061205	24261205	harbor2	chr14	24128397	24128508	DNA/hAT-Charlie	1189	+	56	24128453	67248
chr14	24061205	24261205	harbor2	chr14	24128826	24128852	DNA/hAT-Charlie	1189	+	13	24128839	67634
chr14	24061205	24261205	harbor2	chr14	24129152	24129442	DNA/hAT-Charlie	1189	+	145	24129297	68092
chr14	24061205	24261205	harbor2	chr14	24130020	24130056	DNA/hAT-Charlie	1189	+	18	24130038	68833
chr14	24061205	24261205	harbor2	chr14	24130337	24130360	DNA/hAT-Charlie	1189	+	12	24130349	69144
chr14	24061205	24261205	harbor2	chr14	24134597	24134821	DNA/hAT-Charlie	1000	+	112	24134709	73504
chr14	64998457	65198457	harbor2	chr14	65023508	65023734	DNA/hAT-Charlie	824	+	113	65023621	25164
chr14	64998457	65198457	harbor2	chr14	65023745	65023819	DNA/hAT-Charlie	771	+	37	65023782	25325
chr14	64998457	65198457	harbor2	chr14	65024119	65024214	DNA/hAT-Charlie	771	+	48	65024167	25710
chr14	64998457	65198457	harbor2	chr14	65085007	65085301	DNA/hAT-Charlie	814	+	147	65085154	86697
chr14	75328337	75528337	harbor2	chr14	75375802	75375958	DNA/hAT-Charlie	860	+	78	75375880	47543
chr14	75328337	75528337	harbor2	chr14	75406334	75406428	DNA/hAT-Charlie	566	+	47	75406381	78044
chr14	73358260	73558260	harbor2	chr14	73385060	73385158	DNA/hAT-Charlie	719	+	49	73385109	26849
chr14	73358260	73558260	harbor2	chr14	73385442	73385495	DNA/hAT-Charlie	719	+	26	73385468	27208
chr14	73358260	73558260	harbor2	chr14	73392912	73393031	DNA/hAT-Charlie	468	+	60	73392972	34712
chr14	73358260	73558260	harbor2	chr14	73410591	73410761	DNA/hAT-Charlie	589	+	85	73410676	52416
chr14	73358260	73558260	harbor2	chr14	73456767	73456933	DNA/hAT-Charlie	794	+	83	73456850	98590
chr14	104654376	104854376	harbor2	chr14	104704405	104704713	DNA/hAT-Charlie	1832	+	154	104704559	50183
chr14	104654376	104854376	harbor2	chr14	104706599	104706754	DNA/hAT-Charlie	724	+	78	104706677	52301
chr14	104019012	104219012	harbor2	chr14	104040847	104041028	DNA/hAT-Charlie	533	+	90	104040937	21925
chr14	100582274	100782274	harbor2	chr14	100608543	100608874	DNA/hAT-Charlie	1039	+	166	100608709	26435
chr14	100582274	100782274	harbor2	chr14	100612963	100613107	DNA/hAT-Charlie	716	+	72	100613035	30761
chr14	100582274	100782274	harbor2	chr14	100636391	100636517	DNA/hAT-Charlie	629	+	63	100636454	54180
chr14	100582274	100782274	harbor2	chr14	100662011	100662322	DNA/hAT-Charlie	1413	+	156	100662167	79893
chr14	100582274	100782274	harbor2	chr14	100662607	100662635	DNA/hAT-Charlie	1413	+	14	100662621	80347
chr14	20369338	20569338	harbor2	chr14	20416416	20416542	DNA/hAT-Charlie	840	+	63	20416479	47141
chr14	20369338	20569338	harbor2	chr14	20416898	20416937	DNA/hAT-Charlie	840	+	20	20416918	47580
chr14	20369338	20569338	harbor2	chr14	20416947	20417100	DNA/hAT-Charlie	829	+	76	20417023	47685
chr14	20369338	20569338	harbor2	chr14	20441396	20441558	DNA/hAT-Charlie	668	+	81	20441477	72139
chr14	20369338	20569338	harbor2	chr14	20466983	20467146	DNA/hAT-Charlie	697	+	82	20467065	97727
chr14	20369338	20569338	harbor2	chr14	20467527	20467706	DNA/hAT-Charlie	1467	+	90	20467617	98279
chr14	20369338	20569338	harbor2	chr14	20467994	20468272	DNA/hAT-Charlie	1467	+	139	20468133	98795
chr14	75329541	75529541	harbor2	chr14	75375802	75375958	DNA/hAT-Charlie	860	+	78	75375880	46339
chr14	75329541	75529541	harbor2	chr14	75406334	75406428	DNA/hAT-Charlie	566	+	47	75406381	76840
chr14	95542807	95742807	harbor2	chr14	95598169	95598462	DNA/hAT-Charlie	1318	+	146	95598315	55508
chr14	95542807	95742807	harbor2	chr14	95609271	95609526	DNA/hAT-Charlie	1313	+	128	95609399	66592
chr14	95542807	95742807	harbor2	chr14	95621368	95621551	DNA/hAT-Charlie	764	+	92	95621460	78653
chr14	21337979	21537979	harbor2	chr14	21338460	21338625	DNA/hAT-Charlie	461	+	82	21338542	563
chr14	21337979	21537979	harbor2	chr14	21338703	21338831	DNA/hAT-Charlie	461	+	64	21338767	788
chr14	21337979	21537979	harbor2	chr14	21372839	21372961	DNA/hAT-Charlie	485	+	61	21372900	34921
chr14	21337979	21537979	harbor2	chr14	21373246	21373288	DNA/hAT-Charlie	485	+	21	21373267	35288
chr14	21337979	21537979	harbor2	chr14	21376606	21376912	DNA/hAT-Charlie	1009	+	153	21376759	38780
chr14	21337979	21537979	harbor2	chr14	21402672	21402888	DNA/hAT-Charlie	904	+	108	21402780	64801
chr14	24047661	24247661	harbor2	chr14	24085768	24085949	DNA/hAT-Charlie	962	+	90	24085858	38197
chr14	24047661	24247661	harbor2	chr14	24128397	24128508	DNA/hAT-Charlie	1189	+	56	24128453	80792
chr14	24047661	24247661	harbor2	chr14	24128826	24128852	DNA/hAT-Charlie	1189	+	13	24128839	81178
chr14	24047661	24247661	harbor2	chr14	24129152	24129442	DNA/hAT-Charlie	1189	+	145	24129297	81636
chr14	24047661	24247661	harbor2	chr14	24130020	24130056	DNA/hAT-Charlie	1189	+	18	24130038	82377
chr14	24047661	24247661	harbor2	chr14	24130337	24130360	DNA/hAT-Charlie	1189	+	12	24130349	82688
chr14	24047661	24247661	harbor2	chr14	24134597	24134821	DNA/hAT-Charlie	1000	+	112	24134709	87048
chr14	104878876	105078876	harbor2	chr14	104964955	104965165	DNA/hAT-Charlie	1254	+	105	104965060	86184
chr14	99417235	99617235	harbor2	chr14	99433319	99433441	DNA/hAT-Charlie	459	+	61	99433380	16145
chr14	99417235	99617235	harbor2	chr14	99505313	99505596	DNA/hAT-Charlie	875	+	142	99505455	88220
chr14	99417235	99617235	harbor2	chr14	99505868	99505933	DNA/hAT-Charlie	875	+	32	99505900	88665
chr14	96745593	96945593	harbor2	chr14	96749452	96749700	DNA/hAT-Charlie	706	+	124	96749576	3983
chr14	96745593	96945593	harbor2	chr14	96749696	96749870	DNA/hAT-Charlie	702	+	87	96749783	4190
chr14	96745593	96945593	harbor2	chr14	96750177	96750369	DNA/hAT-Charlie	703	+	96	96750273	4680
chr14	96745593	96945593	harbor2	chr14	96752972	96753486	DNA/hAT-Charlie	3500	+	257	96753229	7636
chr14	96745593	96945593	harbor2	chr14	96764053	96764220	DNA/hAT-Charlie	1161	+	84	96764137	18544
chr14	96745593	96945593	harbor2	chr14	96834394	96834532	DNA/hAT-Charlie	711	+	69	96834463	88870
chr14	78725637	78925637	harbor2	chr14	78751774	78751923	DNA/hAT-Charlie	687	+	74	78751848	26211
chr14	78725637	78925637	harbor2	chr14	78754631	78754820	DNA/hAT-Charlie	858	+	94	78754725	29088
chr14	78725637	78925637	harbor2	chr14	78771700	78771860	DNA/hAT-Charlie	587	+	80	78771780	46143
chr14	78725637	78925637	harbor2	chr14	78772188	78772232	DNA/hAT-Charlie	587	+	22	78772210	46573
chr14	78725637	78925637	harbor2	chr14	78775365	78775580	DNA/hAT-Charlie	1329	+	108	78775473	49836
chr14	78725637	78925637	harbor2	chr14	78789326	78789536	DNA/hAT-Charlie	973	+	105	78789431	63794
chr14	105394225	105594225	harbor2	chr14	105430726	105430968	DNA/hAT-Charlie	989	+	121	105430847	36622
chr14	105394225	105594225	harbor2	chr14	105431494	105431617	DNA/hAT-Charlie	857	+	62	105431556	37331
chr14	105394225	105594225	harbor2	chr14	105431926	105432025	DNA/hAT-Charlie	857	+	50	105431976	37751
chr14	105394225	105594225	harbor2	chr14	105432153	105432228	DNA/hAT-Charlie	1805	+	38	105432191	37966
chr14	105394225	105594225	harbor2	chr14	105432539	105433003	DNA/hAT-Charlie	1805	+	232	105432771	38546
chr14	105394225	105594225	harbor2	chr14	105433596	105433840	DNA/hAT-Charlie	1107	+	122	105433718	39493
chr14	105394225	105594225	harbor2	chr14	105434117	105434242	DNA/hAT-Charlie	1107	+	62	105434179	39954
chr14	58232111	58432111	harbor2	chr14	58303652	58303832	DNA/hAT-Charlie	971	+	90	58303742	71631
chr14	103451499	103651499	harbor2	chr14	103469022	103469133	DNA/hAT-Charlie	502	+	56	103469078	17579
chr14	103451499	103651499	harbor2	chr14	103469739	103469780	DNA/hAT-Charlie	502	+	20	103469759	18260
chr14	103451499	103651499	harbor2	chr14	103470077	103470138	DNA/hAT-Charlie	502	+	30	103470107	18608
chr14	103451499	103651499	harbor2	chr14	103517175	103517353	DNA/hAT-Charlie	660	+	89	103517264	65765
chr14	21337315	21537315	harbor2	chr14	21338460	21338625	DNA/hAT-Charlie	461	+	82	21338542	1227
chr14	21337315	21537315	harbor2	chr14	21338703	21338831	DNA/hAT-Charlie	461	+	64	21338767	1452
chr14	21337315	21537315	harbor2	chr14	21372839	21372961	DNA/hAT-Charlie	485	+	61	21372900	35585
chr14	21337315	21537315	harbor2	chr14	21373246	21373288	DNA/hAT-Charlie	485	+	21	21373267	35952
chr14	21337315	21537315	harbor2	chr14	21376606	21376912	DNA/hAT-Charlie	1009	+	153	21376759	39444
chr14	21337315	21537315	harbor2	chr14	21402672	21402888	DNA/hAT-Charlie	904	+	108	21402780	65465
chr14	91232557	91432557	harbor2	chr14	91245063	91245242	DNA/hAT-Charlie	475	+	90	91245153	12596
chr14	91232557	91432557	harbor2	chr14	91262560	91262823	DNA/hAT-Charlie	729	+	132	91262692	30135
chr14	91232557	91432557	harbor2	chr14	91276124	91276302	DNA/hAT-Charlie	717	+	89	91276213	43656
chr14	91232557	91432557	harbor2	chr14	91276906	91276961	DNA/hAT-Charlie	1140	+	28	91276934	44377
chr14	91232557	91432557	harbor2	chr14	91277314	91277579	DNA/hAT-Charlie	1140	+	132	91277446	44889
chr14	91232557	91432557	harbor2	chr14	91284705	91284926	DNA/hAT-Charlie	455	+	110	91284815	52258
chr14	91232557	91432557	harbor2	chr14	91298098	91298152	DNA/hAT-Charlie	503	+	27	91298125	65568
chr14	91232557	91432557	harbor2	chr14	91298545	91298802	DNA/hAT-Charlie	503	+	128	91298673	66116
chr14	69474570	69674570	harbor2	chr14	69536912	69537484	DNA/hAT-Charlie	1285	+	286	69537198	62628
chr14	69474570	69674570	harbor2	chr14	69538872	69539142	DNA/hAT-Charlie	688	+	135	69539007	64437
chr14	69474570	69674570	harbor2	chr14	69563427	69563667	DNA/hAT-Charlie	792	+	120	69563547	88977
chr15	31401692	31601692	harbor2	chr15	31470664	31470787	DNA/hAT-Charlie	965	+	62	31470726	69034
chr15	31401692	31601692	harbor2	chr15	31471297	31471404	DNA/hAT-Charlie	965	+	54	31471351	69659
chr15	90165677	90365677	harbor2	chr15	90207880	90207970	DNA/hAT-Charlie	656	+	45	90207925	42248
chr15	90165677	90365677	harbor2	chr15	90208278	90208404	DNA/hAT-Charlie	656	+	63	90208341	42664
chr15	29170226	29370226	harbor2	chr15	29210365	29210706	DNA/hAT-Charlie	2294	+	170	29210535	40309
chr15	29170226	29370226	harbor2	chr15	29251432	29251647	DNA/hAT-Charlie	1504	+	108	29251540	81314
chr15	29170226	29370226	harbor2	chr15	29251682	29251863	DNA/hAT-Charlie	1324	+	90	29251772	81546
chr15	50324378	50524378	harbor2	chr15	50353409	50353539	DNA/hAT-Charlie	640	+	65	50353474	29096
chr15	50324378	50524378	harbor2	chr15	50359118	50359301	DNA/hAT-Charlie	723	+	92	50359210	34832
chr15	50324378	50524378	harbor2	chr15	50359921	50359967	DNA/hAT-Charlie	723	+	23	50359944	35566
chr15	50324378	50524378	harbor2	chr15	50420253	50420388	DNA/hAT-Charlie	635	+	68	50420321	95943
chr15	33938898	34138898	harbor2	chr15	33957888	33958063	DNA/hAT-Charlie	732	+	88	33957976	19078
chr15	33938898	34138898	harbor2	chr15	33994059	33994579	DNA/hAT-Charlie	3709	+	260	33994319	55421
chr15	33938898	34138898	harbor2	chr15	34032596	34032741	DNA/hAT-Charlie	555	+	72	34032668	93770
chr15	33938898	34138898	harbor2	chr15	34032821	34033223	DNA/hAT-Charlie	2517	+	201	34033022	94124
chr15	33938898	34138898	harbor2	chr15	34033522	34033783	DNA/hAT-Charlie	2517	+	130	34033652	94754
chr15	33938898	34138898	harbor2	chr15	34034085	34034161	DNA/hAT-Charlie	2517	+	38	34034123	95225
chr15	33938898	34138898	harbor2	chr15	34034475	34034645	DNA/hAT-Charlie	2517	+	85	34034560	95662
chr15	67422555	67622555	harbor2	chr15	67517756	67517913	DNA/hAT-Charlie	514	+	78	67517834	95279
chr15	67422555	67622555	harbor2	chr15	67518686	67518711	DNA/hAT-Charlie	514	+	12	67518698	96143
chr15	67308458	67508458	harbor2	chr15	67310148	67310441	DNA/hAT-Charlie	600	+	146	67310294	1836
chr15	67308458	67508458	harbor2	chr15	67310531	67310708	DNA/hAT-Charlie	494	+	88	67310619	2161
chr15	67308458	67508458	harbor2	chr15	67311214	67311580	DNA/hAT-Charlie	1144	+	183	67311397	2939
chr15	67308458	67508458	harbor2	chr15	67312282	67312410	DNA/hAT-Charlie	682	+	64	67312346	3888
chr15	67308458	67508458	harbor2	chr15	67320767	67321048	DNA/hAT-Charlie	892	+	140	67320907	12449
chr15	67308458	67508458	harbor2	chr15	67380650	67380836	DNA/hAT-Charlie	540	+	93	67380743	72285
chr15	35454869	35654869	harbor2	chr15	35481023	35481223	DNA/hAT-Charlie	884	+	100	35481123	26254
chr15	35454869	35654869	harbor2	chr15	35511024	35511176	DNA/hAT-Charlie	714	+	76	35511100	56231
chr15	35454869	35654869	harbor2	chr15	35539346	35539566	DNA/hAT-Charlie	458	+	110	35539456	84587
chr15	75354520	75554520	harbor2	chr15	75376961	75377120	DNA/hAT-Charlie	777	+	80	75377041	22521
chr15	75354520	75554520	harbor2	chr15	75377267	75377342	DNA/hAT-Charlie	4001	+	38	75377305	22785
chr15	75354520	75554520	harbor2	chr15	75377648	75378282	DNA/hAT-Charlie	4001	+	317	75377965	23445
chr15	75354520	75554520	harbor2	chr15	75378589	75378908	DNA/hAT-Charlie	4001	+	160	75378749	24229
chr15	75354520	75554520	harbor2	chr15	75379198	75379349	DNA/hAT-Charlie	4001	+	76	75379274	24754
chr15	75354520	75554520	harbor2	chr15	75412133	75412301	DNA/hAT-Charlie	810	+	84	75412217	57697
chr15	75354520	75554520	harbor2	chr15	75439094	75439311	DNA/hAT-Charlie	1050	+	108	75439202	84682
chr15	74497169	74697169	harbor2	chr15	74549748	74549972	DNA/hAT-Charlie	1252	+	112	74549860	52691
chr15	67454788	67654788	harbor2	chr15	67517756	67517913	DNA/hAT-Charlie	514	+	78	67517834	63046
chr15	67454788	67654788	harbor2	chr15	67518686	67518711	DNA/hAT-Charlie	514	+	12	67518698	63910
chr15	67423672	67623672	harbor2	chr15	67517756	67517913	DNA/hAT-Charlie	514	+	78	67517834	94162
chr15	67423672	67623672	harbor2	chr15	67518686	67518711	DNA/hAT-Charlie	514	+	12	67518698	95026
chr15	35466021	35666021	harbor2	chr15	35481023	35481223	DNA/hAT-Charlie	884	+	100	35481123	15102
chr15	35466021	35666021	harbor2	chr15	35511024	35511176	DNA/hAT-Charlie	714	+	76	35511100	45079
chr15	35466021	35666021	harbor2	chr15	35539346	35539566	DNA/hAT-Charlie	458	+	110	35539456	73435
chr15	67422132	67622132	harbor2	chr15	67517756	67517913	DNA/hAT-Charlie	514	+	78	67517834	95702
chr15	67422132	67622132	harbor2	chr15	67518686	67518711	DNA/hAT-Charlie	514	+	12	67518698	96566
chr15	35449558	35649558	harbor2	chr15	35481023	35481223	DNA/hAT-Charlie	884	+	100	35481123	31565
chr15	35449558	35649558	harbor2	chr15	35511024	35511176	DNA/hAT-Charlie	714	+	76	35511100	61542
chr15	35449558	35649558	harbor2	chr15	35539346	35539566	DNA/hAT-Charlie	458	+	110	35539456	89898
chr15	101862140	102062140	harbor2	chr15	101943852	101944051	DNA/hAT-Charlie	875	+	100	101943952	81812
chr15	74513026	74713026	harbor2	chr15	74549748	74549972	DNA/hAT-Charlie	1252	+	112	74549860	36834
chr15	35459705	35659705	harbor2	chr15	35481023	35481223	DNA/hAT-Charlie	884	+	100	35481123	21418
chr15	35459705	35659705	harbor2	chr15	35511024	35511176	DNA/hAT-Charlie	714	+	76	35511100	51395
chr15	35459705	35659705	harbor2	chr15	35539346	35539566	DNA/hAT-Charlie	458	+	110	35539456	79751
chr15	101861388	102061388	harbor2	chr15	101943852	101944051	DNA/hAT-Charlie	875	+	100	101943952	82564
chr15	39901338	40101338	harbor2	chr15	39961358	39961493	DNA/hAT-Charlie	762	+	68	39961426	60088
chr15	39901338	40101338	harbor2	chr15	39964385	39964582	DNA/hAT-Charlie	918	+	98	39964483	63145
chr15	39901338	40101338	harbor2	chr15	39988335	39988652	DNA/hAT-Charlie	1641	+	158	39988493	87155
chr15	35449106	35649106	harbor2	chr15	35481023	35481223	DNA/hAT-Charlie	884	+	100	35481123	32017
chr15	35449106	35649106	harbor2	chr15	35511024	35511176	DNA/hAT-Charlie	714	+	76	35511100	61994
chr15	35449106	35649106	harbor2	chr15	35539346	35539566	DNA/hAT-Charlie	458	+	110	35539456	90350
chr15	49055735	49255735	harbor2	chr15	49076815	49076971	DNA/hAT-Charlie	603	+	78	49076893	21158
chr15	67464714	67664714	harbor2	chr15	67517756	67517913	DNA/hAT-Charlie	514	+	78	67517834	53120
chr15	67464714	67664714	harbor2	chr15	67518686	67518711	DNA/hAT-Charlie	514	+	12	67518698	53984
chr15	35651734	35851734	harbor2	chr15	35727089	35727238	DNA/hAT-Charlie	595	+	74	35727163	75429
chr15	75699695	75899695	harbor2	chr15	75749090	75749251	DNA/hAT-Charlie	951	+	80	75749170	49475
chr15	75699695	75899695	harbor2	chr15	75756140	75756315	DNA/hAT-Charlie	871	+	88	75756228	56533
chr15	79797266	79997266	harbor2	chr15	79822027	79822205	DNA/hAT-Charlie	623	+	89	79822116	24850
chr15	79797266	79997266	harbor2	chr15	79836010	79836218	DNA/hAT-Charlie	869	+	104	79836114	38848
chr15	79797266	79997266	harbor2	chr15	79836228	79836386	DNA/hAT-Charlie	623	+	79	79836307	39041
chr15	79797266	79997266	harbor2	chr15	79838166	79838508	DNA/hAT-Charlie	3539	+	171	79838337	41071
chr15	79797266	79997266	harbor2	chr15	79838810	79838850	DNA/hAT-Charlie	3539	+	20	79838830	41564
chr15	79797266	79997266	harbor2	chr15	79840286	79840524	DNA/hAT-Charlie	3539	+	119	79840405	43139
chr15	79797266	79997266	harbor2	chr15	79840825	79841219	DNA/hAT-Charlie	3539	+	197	79841022	43756
chr15	79797266	79997266	harbor2	chr15	79841329	79841639	DNA/hAT-Charlie	3539	+	155	79841484	44218
chr15	79797266	79997266	harbor2	chr15	79854951	79855150	DNA/hAT-Charlie	832	+	100	79855051	57785
chr15	79797266	79997266	harbor2	chr15	79870227	79870434	DNA/hAT-Charlie	813	+	104	79870331	73065
chr15	79797266	79997266	harbor2	chr15	79839086	79839874	DNA/hAT-Charlie	3539	+	394	79839480	42214
chr15	75248486	75448486	harbor2	chr15	75320304	75320607	DNA/hAT-Charlie	1848	+	152	75320456	71970
chr15	75248486	75448486	harbor2	chr15	75326220	75326381	DNA/hAT-Charlie	883	+	80	75326300	77814
chr15	75248486	75448486	harbor2	chr15	75333702	75333865	DNA/hAT-Charlie	729	+	82	75333784	85298
chr15	25339082	25539082	harbor2	chr15	25361986	25362192	DNA/hAT-Charlie	614	+	103	25362089	23007
chr15	25339082	25539082	harbor2	chr15	25379735	25379945	DNA/hAT-Charlie	1102	+	105	25379840	40758
chr15	25339082	25539082	harbor2	chr15	25380300	25380417	DNA/hAT-Charlie	1102	+	58	25380358	41276
chr15	25339082	25539082	harbor2	chr15	25405912	25406138	DNA/hAT-Charlie	986	+	113	25406025	66943
chr15	35446794	35646794	harbor2	chr15	35481023	35481223	DNA/hAT-Charlie	884	+	100	35481123	34329
chr15	35446794	35646794	harbor2	chr15	35511024	35511176	DNA/hAT-Charlie	714	+	76	35511100	64306
chr15	35446794	35646794	harbor2	chr15	35539346	35539566	DNA/hAT-Charlie	458	+	110	35539456	92662
chr15	45242182	45442182	harbor2	chr15	45276984	45277183	DNA/hAT-Charlie	900	+	100	45277084	34902
chr15	45242182	45442182	harbor2	chr15	45283659	45283765	DNA/hAT-Charlie	570	+	53	45283712	41530
chr15	45242182	45442182	harbor2	chr15	45333877	45333945	DNA/hAT-Charlie	749	+	34	45333911	91729
chr15	45242182	45442182	harbor2	chr15	45334254	45334403	DNA/hAT-Charlie	749	+	74	45334328	92146
chr15	45101918	45301918	harbor2	chr15	45196001	45196097	DNA/hAT-Charlie	722	+	48	45196049	94131
chr15	45101918	45301918	harbor2	chr15	45196393	45196615	DNA/hAT-Charlie	722	+	111	45196504	94586
chr15	45101918	45301918	harbor2	chr15	45196921	45197114	DNA/hAT-Charlie	722	+	96	45197017	95099
chr15	35446632	35646632	harbor2	chr15	35481023	35481223	DNA/hAT-Charlie	884	+	100	35481123	34491
chr15	35446632	35646632	harbor2	chr15	35511024	35511176	DNA/hAT-Charlie	714	+	76	35511100	64468
chr15	35446632	35646632	harbor2	chr15	35539346	35539566	DNA/hAT-Charlie	458	+	110	35539456	92824
chr15	53985076	54185076	harbor2	chr15	54036269	54036362	DNA/hAT-Charlie	419	+	46	54036315	51239
chr15	53985076	54185076	harbor2	chr15	54040349	54040515	DNA/hAT-Charlie	802	+	83	54040432	55356
chr15	53985076	54185076	harbor2	chr15	54062627	54062814	DNA/hAT-Charlie	623	+	94	54062721	77645
chr15	53985076	54185076	harbor2	chr15	54068402	54068605	DNA/hAT-Charlie	990	+	102	54068504	83428
chr15	53985076	54185076	harbor2	chr15	54071568	54071883	DNA/hAT-Charlie	1358	+	158	54071726	86650
chr15	69999345	70199345	harbor2	chr15	70036186	70036348	DNA/hAT-Charlie	532	+	81	70036267	36922
chr15	69999345	70199345	harbor2	chr15	70047352	70047553	DNA/hAT-Charlie	479	+	100	70047452	48107
chr15	69999345	70199345	harbor2	chr15	70072692	70072863	DNA/hAT-Charlie	739	+	86	70072778	73433
chr15	69999345	70199345	harbor2	chr15	70084237	70084439	DNA/hAT-Charlie	841	+	101	70084338	84993
chr15	61873675	62073675	harbor2	chr15	61907991	61908157	DNA/hAT-Charlie	647	+	83	61908074	34399
chr15	61873675	62073675	harbor2	chr15	61914186	61914287	DNA/hAT-Charlie	567	+	50	61914236	40561
chr15	61873675	62073675	harbor2	chr15	61914909	61914954	DNA/hAT-Charlie	567	+	22	61914931	41256
chr15	68054059	68254059	harbor2	chr15	68063690	68064919	DNA/hAT-Charlie	6018	+	614	68064304	10245
chr15	68054059	68254059	harbor2	chr15	68065042	68065192	DNA/hAT-Charlie	6018	+	75	68065117	11058
chr15	68054059	68254059	harbor2	chr15	68070556	68070802	DNA/hAT-Charlie	1469	+	123	68070679	16620
chr15	68054059	68254059	harbor2	chr15	68070921	68071014	DNA/hAT-Charlie	1469	+	46	68070967	16908
chr15	68054059	68254059	harbor2	chr15	68087502	68087702	DNA/hAT-Charlie	623	+	100	68087602	33543
chr15	68054059	68254059	harbor2	chr15	68109887	68110146	DNA/hAT-Charlie	506	+	130	68110017	55958
chr15	36396102	36596102	harbor2	chr15	36413436	36413675	DNA/hAT-Charlie	741	+	120	36413556	17454
chr15	36396102	36596102	harbor2	chr15	36413985	36414079	DNA/hAT-Charlie	741	+	47	36414032	17930
chr15	36396102	36596102	harbor2	chr15	36449536	36449867	DNA/hAT-Charlie	1581	+	166	36449702	53600
chr15	36396102	36596102	harbor2	chr15	36449994	36450118	DNA/hAT-Charlie	704	+	62	36450056	53954
chr15	36396102	36596102	harbor2	chr15	36450123	36450496	DNA/hAT-Charlie	1499	+	186	36450309	54207
chr15	36396102	36596102	harbor2	chr15	36454549	36454727	DNA/hAT-Charlie	516	+	89	36454638	58536
chr15	36396102	36596102	harbor2	chr15	36487085	36487269	DNA/hAT-Charlie	960	+	92	36487177	91075
chr15	67422609	67622609	harbor2	chr15	67517756	67517913	DNA/hAT-Charlie	514	+	78	67517834	95225
chr15	67422609	67622609	harbor2	chr15	67518686	67518711	DNA/hAT-Charlie	514	+	12	67518698	96089
chr15	72132178	72332178	harbor2	chr15	72154077	72154241	DNA/hAT-Charlie	908	+	82	72154159	21981
chr15	101861522	102061522	harbor2	chr15	101943852	101944051	DNA/hAT-Charlie	875	+	100	101943952	82430
chr15	31770757	31970757	harbor2	chr15	31772508	31772679	DNA/hAT-Charlie	589	+	86	31772594	1837
chr15	31770757	31970757	harbor2	chr15	31783333	31784684	DNA/hAT-Charlie	4881	+	676	31784009	13252
chr15	31770757	31970757	harbor2	chr15	31813540	31813748	DNA/hAT-Charlie	601	+	104	31813644	42887
chr15	40121372	40321372	harbor2	chr15	40121340	40121438	DNA/hAT-Charlie	652	+	49	40121389	17
chr15	40121372	40321372	harbor2	chr15	40124417	40124578	DNA/hAT-Charlie	693	+	80	40124497	3125
chr15	40121372	40321372	harbor2	chr15	40154579	40154740	DNA/hAT-Charlie	660	+	80	40154659	33287
chr15	40121372	40321372	harbor2	chr15	40173526	40173716	DNA/hAT-Charlie	743	+	95	40173621	52249
chr15	35446761	35646761	harbor2	chr15	35481023	35481223	DNA/hAT-Charlie	884	+	100	35481123	34362
chr15	35446761	35646761	harbor2	chr15	35511024	35511176	DNA/hAT-Charlie	714	+	76	35511100	64339
chr15	35446761	35646761	harbor2	chr15	35539346	35539566	DNA/hAT-Charlie	458	+	110	35539456	92695
chr15	45116131	45316131	harbor2	chr15	45196001	45196097	DNA/hAT-Charlie	722	+	48	45196049	79918
chr15	45116131	45316131	harbor2	chr15	45196393	45196615	DNA/hAT-Charlie	722	+	111	45196504	80373
chr15	45116131	45316131	harbor2	chr15	45196921	45197114	DNA/hAT-Charlie	722	+	96	45197017	80886
chr15	45116131	45316131	harbor2	chr15	45204972	45205116	DNA/hAT-Charlie	423	+	72	45205044	88913
chr15	45116131	45316131	harbor2	chr15	45205909	45206085	DNA/hAT-Charlie	636	+	88	45205997	89866
chr15	45116131	45316131	harbor2	chr15	45206365	45206459	DNA/hAT-Charlie	636	+	47	45206412	90281
chr15	35573001	35773001	harbor2	chr15	35572666	35573033	DNA/hAT-Charlie	660	+	184	35572850	151
chr15	35573001	35773001	harbor2	chr15	35576051	35576364	DNA/hAT-Charlie	515	+	156	35576207	3206
chr15	35573001	35773001	harbor2	chr15	35600407	35600655	DNA/hAT-Charlie	507	+	124	35600531	27530
chr15	35573001	35773001	harbor2	chr15	35620714	35621004	DNA/hAT-Charlie	1301	+	145	35620859	47858
chr15	35446582	35646582	harbor2	chr15	35481023	35481223	DNA/hAT-Charlie	884	+	100	35481123	34541
chr15	35446582	35646582	harbor2	chr15	35511024	35511176	DNA/hAT-Charlie	714	+	76	35511100	64518
chr15	35446582	35646582	harbor2	chr15	35539346	35539566	DNA/hAT-Charlie	458	+	110	35539456	92874
chr15	35455009	35655009	harbor2	chr15	35481023	35481223	DNA/hAT-Charlie	884	+	100	35481123	26114
chr15	35455009	35655009	harbor2	chr15	35511024	35511176	DNA/hAT-Charlie	714	+	76	35511100	56091
chr15	35455009	35655009	harbor2	chr15	35539346	35539566	DNA/hAT-Charlie	458	+	110	35539456	84447
chr15	35619577	35819577	harbor2	chr15	35620714	35621004	DNA/hAT-Charlie	1301	+	145	35620859	1282
chr15	69999529	70199529	harbor2	chr15	70036186	70036348	DNA/hAT-Charlie	532	+	81	70036267	36738
chr15	69999529	70199529	harbor2	chr15	70047352	70047553	DNA/hAT-Charlie	479	+	100	70047452	47923
chr15	69999529	70199529	harbor2	chr15	70072692	70072863	DNA/hAT-Charlie	739	+	86	70072778	73249
chr15	69999529	70199529	harbor2	chr15	70084237	70084439	DNA/hAT-Charlie	841	+	101	70084338	84809
chr15	35562035	35762035	harbor2	chr15	35572666	35573033	DNA/hAT-Charlie	660	+	184	35572850	10815
chr15	35562035	35762035	harbor2	chr15	35576051	35576364	DNA/hAT-Charlie	515	+	156	35576207	14172
chr15	35562035	35762035	harbor2	chr15	35600407	35600655	DNA/hAT-Charlie	507	+	124	35600531	38496
chr15	35562035	35762035	harbor2	chr15	35620714	35621004	DNA/hAT-Charlie	1301	+	145	35620859	58824
chr15	98551300	98751300	harbor2	chr15	98560211	98560357	DNA/hAT-Charlie	494	+	73	98560284	8984
chr15	98551300	98751300	harbor2	chr15	98601938	98602281	DNA/hAT-Charlie	2201	+	172	98602110	50810
chr15	98551300	98751300	harbor2	chr15	98609563	98609738	DNA/hAT-Charlie	421	+	88	98609651	58351
chr15	35569668	35769668	harbor2	chr15	35572666	35573033	DNA/hAT-Charlie	660	+	184	35572850	3182
chr15	35569668	35769668	harbor2	chr15	35576051	35576364	DNA/hAT-Charlie	515	+	156	35576207	6539
chr15	35569668	35769668	harbor2	chr15	35600407	35600655	DNA/hAT-Charlie	507	+	124	35600531	30863
chr15	35569668	35769668	harbor2	chr15	35620714	35621004	DNA/hAT-Charlie	1301	+	145	35620859	51191
chr15	63409518	63609518	harbor2	chr15	63416046	63416259	DNA/hAT-Charlie	979	+	106	63416152	6634
chr15	63409518	63609518	harbor2	chr15	63454628	63454790	DNA/hAT-Charlie	853	+	81	63454709	45191
chr15	100502491	100702491	harbor2	chr15	100524221	100524337	DNA/hAT-Charlie	435	+	58	100524279	21788
chr15	100502491	100702491	harbor2	chr15	100599709	100599763	DNA/hAT-Charlie	439	+	27	100599736	97245
chr15	100502491	100702491	harbor2	chr15	100600494	100600543	DNA/hAT-Charlie	439	+	24	100600518	98027
chr15	45303426	45503426	harbor2	chr15	45333877	45333945	DNA/hAT-Charlie	749	+	34	45333911	30485
chr15	45303426	45503426	harbor2	chr15	45334254	45334403	DNA/hAT-Charlie	749	+	74	45334328	30902
chr15	45303426	45503426	harbor2	chr15	45372082	45372307	DNA/hAT-Charlie	1159	+	112	45372194	68768
chr15	45303426	45503426	harbor2	chr15	45394066	45394412	DNA/hAT-Charlie	2250	+	173	45394239	90813
chr15	35446763	35646763	harbor2	chr15	35481023	35481223	DNA/hAT-Charlie	884	+	100	35481123	34360
chr15	35446763	35646763	harbor2	chr15	35511024	35511176	DNA/hAT-Charlie	714	+	76	35511100	64337
chr15	35446763	35646763	harbor2	chr15	35539346	35539566	DNA/hAT-Charlie	458	+	110	35539456	92693
chr15	98322213	98522213	harbor2	chr15	98391737	98391956	DNA/hAT-Charlie	1137	+	110	98391847	69634
chr15	98322213	98522213	harbor2	chr15	98392836	98392968	DNA/hAT-Charlie	585	+	66	98392902	70689
chr15	98322213	98522213	harbor2	chr15	98415329	98415545	DNA/hAT-Charlie	778	+	108	98415437	93224
chr15	69719502	69919502	harbor2	chr15	69730728	69730851	DNA/hAT-Charlie	576	+	62	69730790	11288
chr15	69719502	69919502	harbor2	chr15	69747527	69747862	DNA/hAT-Charlie	569	+	168	69747695	28193
chr15	69719502	69919502	harbor2	chr15	69780012	69780221	DNA/hAT-Charlie	1287	+	104	69780116	60614
chr15	69719502	69919502	harbor2	chr15	69789023	69789168	DNA/hAT-Charlie	466	+	72	69789095	69593
chr15	35449388	35649388	harbor2	chr15	35481023	35481223	DNA/hAT-Charlie	884	+	100	35481123	31735
chr15	35449388	35649388	harbor2	chr15	35511024	35511176	DNA/hAT-Charlie	714	+	76	35511100	61712
chr15	35449388	35649388	harbor2	chr15	35539346	35539566	DNA/hAT-Charlie	458	+	110	35539456	90068
chr15	67422133	67622133	harbor2	chr15	67517756	67517913	DNA/hAT-Charlie	514	+	78	67517834	95701
chr15	67422133	67622133	harbor2	chr15	67518686	67518711	DNA/hAT-Charlie	514	+	12	67518698	96565
chr15	64256308	64456308	harbor2	chr15	64293636	64293926	DNA/hAT-Charlie	1685	+	145	64293781	37473
chr15	64256308	64456308	harbor2	chr15	64299958	64300048	DNA/hAT-Charlie	476	+	45	64300003	43695
chr15	64256308	64456308	harbor2	chr15	64339159	64339301	DNA/hAT-Charlie	784	+	71	64339230	82922
chr15	64256308	64456308	harbor2	chr15	64339600	64339668	DNA/hAT-Charlie	784	+	34	64339634	83326
chr15	101861640	102061640	harbor2	chr15	101943852	101944051	DNA/hAT-Charlie	875	+	100	101943952	82312
chr15	76060050	76260050	harbor2	chr15	76110325	76110519	DNA/hAT-Charlie	1331	+	97	76110422	50372
chr15	76060050	76260050	harbor2	chr15	76127837	76128014	DNA/hAT-Charlie	798	+	88	76127925	67875
chr15	35598875	35798875	harbor2	chr15	35600407	35600655	DNA/hAT-Charlie	507	+	124	35600531	1656
chr15	35598875	35798875	harbor2	chr15	35620714	35621004	DNA/hAT-Charlie	1301	+	145	35620859	21984
chr15	96226917	96426917	harbor2	chr15	96255710	96255877	DNA/hAT-Charlie	710	+	84	96255794	28877
chr15	26348871	26548871	harbor2	chr15	26382587	26382779	DNA/hAT-Charlie	1167	+	96	26382683	33812
chr15	51149547	51349547	harbor2	chr15	51152780	51153173	DNA/hAT-Charlie	1377	+	196	51152976	3429
chr15	51149547	51349547	harbor2	chr15	51202185	51202331	DNA/hAT-Charlie	701	+	73	51202258	52711
chr15	51149547	51349547	harbor2	chr15	51207632	51207807	DNA/hAT-Charlie	512	+	88	51207720	58173
chr15	51149547	51349547	harbor2	chr15	51212691	51212989	DNA/hAT-Charlie	518	+	149	51212840	63293
chr15	98032466	98232466	harbor2	chr15	98100047	98100302	DNA/hAT-Charlie	976	+	128	98100175	67709
chr15	98032466	98232466	harbor2	chr15	98110894	98111087	DNA/hAT-Charlie	532	+	96	98110990	78524
chr15	74497233	74697233	harbor2	chr15	74549748	74549972	DNA/hAT-Charlie	1252	+	112	74549860	52627
chr15	35572649	35772649	harbor2	chr15	35572666	35573033	DNA/hAT-Charlie	660	+	184	35572850	201
chr15	35572649	35772649	harbor2	chr15	35576051	35576364	DNA/hAT-Charlie	515	+	156	35576207	3558
chr15	35572649	35772649	harbor2	chr15	35600407	35600655	DNA/hAT-Charlie	507	+	124	35600531	27882
chr15	35572649	35772649	harbor2	chr15	35620714	35621004	DNA/hAT-Charlie	1301	+	145	35620859	48210
chr15	67422444	67622444	harbor2	chr15	67517756	67517913	DNA/hAT-Charlie	514	+	78	67517834	95390
chr15	67422444	67622444	harbor2	chr15	67518686	67518711	DNA/hAT-Charlie	514	+	12	67518698	96254
chr15	35448871	35648871	harbor2	chr15	35481023	35481223	DNA/hAT-Charlie	884	+	100	35481123	32252
chr15	35448871	35648871	harbor2	chr15	35511024	35511176	DNA/hAT-Charlie	714	+	76	35511100	62229
chr15	35448871	35648871	harbor2	chr15	35539346	35539566	DNA/hAT-Charlie	458	+	110	35539456	90585
chr15	28554377	28754377	harbor2	chr15	28578600	28578807	DNA/hAT-Charlie	1344	+	104	28578704	24327
chr15	28554377	28754377	harbor2	chr15	28639709	28640030	DNA/hAT-Charlie	1035	+	160	28639869	85492
chr15	101861538	102061538	harbor2	chr15	101943852	101944051	DNA/hAT-Charlie	875	+	100	101943952	82414
chr15	74947191	75147191	harbor2	chr15	74973359	74973438	DNA/hAT-Charlie	984	+	40	74973399	26208
chr15	74947191	75147191	harbor2	chr15	74973702	74973839	DNA/hAT-Charlie	984	+	68	74973770	26579
chr15	74947191	75147191	harbor2	chr15	74974362	74974518	DNA/hAT-Charlie	811	+	78	74974440	27249
chr15	74947191	75147191	harbor2	chr15	74974824	74974866	DNA/hAT-Charlie	811	+	21	74974845	27654
chr15	74947191	75147191	harbor2	chr15	75032707	75032786	DNA/hAT-Charlie	1441	+	40	75032747	85556
chr15	74947191	75147191	harbor2	chr15	75033103	75033334	DNA/hAT-Charlie	1441	+	116	75033219	86028
chr15	74947191	75147191	harbor2	chr15	75035190	75035319	DNA/hAT-Charlie	695	+	64	75035254	88063
chr15	74962964	75162964	harbor2	chr15	74973359	74973438	DNA/hAT-Charlie	984	+	40	74973399	10435
chr15	74962964	75162964	harbor2	chr15	74973702	74973839	DNA/hAT-Charlie	984	+	68	74973770	10806
chr15	74962964	75162964	harbor2	chr15	74974362	74974518	DNA/hAT-Charlie	811	+	78	74974440	11476
chr15	74962964	75162964	harbor2	chr15	74974824	74974866	DNA/hAT-Charlie	811	+	21	74974845	11881
chr15	74962964	75162964	harbor2	chr15	75032707	75032786	DNA/hAT-Charlie	1441	+	40	75032747	69783
chr15	74962964	75162964	harbor2	chr15	75033103	75033334	DNA/hAT-Charlie	1441	+	116	75033219	70255
chr15	74962964	75162964	harbor2	chr15	75035190	75035319	DNA/hAT-Charlie	695	+	64	75035254	72290
chr15	35446634	35646634	harbor2	chr15	35481023	35481223	DNA/hAT-Charlie	884	+	100	35481123	34489
chr15	35446634	35646634	harbor2	chr15	35511024	35511176	DNA/hAT-Charlie	714	+	76	35511100	64466
chr15	35446634	35646634	harbor2	chr15	35539346	35539566	DNA/hAT-Charlie	458	+	110	35539456	92822
chr15	35446200	35646200	harbor2	chr15	35481023	35481223	DNA/hAT-Charlie	884	+	100	35481123	34923
chr15	35446200	35646200	harbor2	chr15	35511024	35511176	DNA/hAT-Charlie	714	+	76	35511100	64900
chr15	35446200	35646200	harbor2	chr15	35539346	35539566	DNA/hAT-Charlie	458	+	110	35539456	93256
chr15	21339484	21539484	harbor2	chr15	21360872	21361057	DNA/hAT-Charlie	1017	+	92	21360964	21480
chr15	21339484	21539484	harbor2	chr15	21417937	21418034	DNA/hAT-Charlie	444	+	48	21417985	78501
chr15	21339484	21539484	harbor2	chr15	21425176	21425389	DNA/hAT-Charlie	852	+	106	21425282	85798
chr15	21339484	21539484	harbor2	chr15	21427127	21427653	DNA/hAT-Charlie	3265	+	263	21427390	87906
chr15	80115684	80315684	harbor2	chr15	80177183	80177375	DNA/hAT-Charlie	684	+	96	80177279	61595
chr15	80115684	80315684	harbor2	chr15	80194046	80194216	DNA/hAT-Charlie	571	+	85	80194131	78447
chr15	52686651	52886651	harbor2	chr15	52696474	52696955	DNA/hAT-Charlie	1321	+	240	52696714	10063
chr15	52686651	52886651	harbor2	chr15	52763481	52763734	DNA/hAT-Charlie	750	+	126	52763607	76956
chr15	52686651	52886651	harbor2	chr15	52763739	52763993	DNA/hAT-Charlie	1069	+	127	52763866	77215
chr15	52686651	52886651	harbor2	chr15	52781671	52781843	DNA/hAT-Charlie	817	+	86	52781757	95106
chr15	52686651	52886651	harbor2	chr15	52723647	52723953	DNA/hAT-Charlie	1005	+	153	52723800	37149
chr15	101861562	102061562	harbor2	chr15	101943852	101944051	DNA/hAT-Charlie	875	+	100	101943952	82390
chr15	67427405	67627405	harbor2	chr15	67517756	67517913	DNA/hAT-Charlie	514	+	78	67517834	90429
chr15	67427405	67627405	harbor2	chr15	67518686	67518711	DNA/hAT-Charlie	514	+	12	67518698	91293
chr15	101862064	102062064	harbor2	chr15	101943852	101944051	DNA/hAT-Charlie	875	+	100	101943952	81888
chr15	57726549	57926549	harbor2	chr15	57738876	57739048	DNA/hAT-Charlie	708	+	86	57738962	12413
chr15	57726549	57926549	harbor2	chr15	57771148	57771320	DNA/hAT-Charlie	898	+	86	57771234	44685
chr15	57726549	57926549	harbor2	chr15	57771580	57771740	DNA/hAT-Charlie	762	+	80	57771660	45111
chr15	57726549	57926549	harbor2	chr15	57804842	57805058	DNA/hAT-Charlie	1022	+	108	57804950	78401
chr15	29169897	29369897	harbor2	chr15	29210365	29210706	DNA/hAT-Charlie	2294	+	170	29210535	40638
chr15	29169897	29369897	harbor2	chr15	29251432	29251647	DNA/hAT-Charlie	1504	+	108	29251540	81643
chr15	29169897	29369897	harbor2	chr15	29251682	29251863	DNA/hAT-Charlie	1324	+	90	29251772	81875
chr15	35446625	35646625	harbor2	chr15	35481023	35481223	DNA/hAT-Charlie	884	+	100	35481123	34498
chr15	35446625	35646625	harbor2	chr15	35511024	35511176	DNA/hAT-Charlie	714	+	76	35511100	64475
chr15	35446625	35646625	harbor2	chr15	35539346	35539566	DNA/hAT-Charlie	458	+	110	35539456	92831
chr15	34426686	34626686	harbor2	chr15	34473993	34474137	DNA/hAT-Charlie	419	+	72	34474065	47379
chr15	34426686	34626686	harbor2	chr15	34508236	34508415	DNA/hAT-Charlie	2378	+	90	34508326	81640
chr15	34426686	34626686	harbor2	chr15	34508701	34509268	DNA/hAT-Charlie	2378	+	284	34508985	82299
chr15	34426686	34626686	harbor2	chr15	34509545	34509867	DNA/hAT-Charlie	892	+	161	34509706	83020
chr15	66727859	66927859	harbor2	chr15	66736558	66736664	DNA/hAT-Charlie	427	+	53	66736611	8752
chr15	66727859	66927859	harbor2	chr15	66736967	66737028	DNA/hAT-Charlie	427	+	30	66736997	9138
chr15	66727859	66927859	harbor2	chr15	66803649	66803835	DNA/hAT-Charlie	1089	+	93	66803742	75883
chr15	66727859	66927859	harbor2	chr15	66804326	66804487	DNA/hAT-Charlie	918	+	80	66804406	76547
chr16	1	169360	harbor2	chr16	39657	39830	DNA/hAT-Charlie	1042	+	86	39743	39742
chr16	1	169360	harbor2	chr16	40165	40288	DNA/hAT-Charlie	1042	+	62	40227	40226
chr16	1	169360	harbor2	chr16	40285	40459	DNA/hAT-Charlie	705	+	87	40372	40371
chr16	1279091	1479091	harbor2	chr16	1360639	1360763	DNA/hAT-Charlie	800	+	62	1360701	81610
chr16	66222808	66422808	harbor2	chr16	66250085	66250215	DNA/hAT-Charlie	1456	+	65	66250150	27342
chr16	66222808	66422808	harbor2	chr16	66250520	66250689	DNA/hAT-Charlie	1456	+	84	66250604	27796
chr16	66222808	66422808	harbor2	chr16	66289924	66290136	DNA/hAT-Charlie	1232	+	106	66290030	67222
chr16	77183	277183	harbor2	chr16	127223	127235	DNA/hAT-Charlie	759	+	6	127229	50046
chr16	77183	277183	harbor2	chr16	127535	127654	DNA/hAT-Charlie	759	+	60	127595	50412
chr16	77183	277183	harbor2	chr16	127955	127986	DNA/hAT-Charlie	759	+	16	127971	50788
chr16	77183	277183	harbor2	chr16	128285	128348	DNA/hAT-Charlie	759	+	32	128317	51134
chr16	87292218	87492218	harbor2	chr16	87332928	87333080	DNA/hAT-Charlie	713	+	76	87333004	40786
chr16	2438113	2638113	harbor2	chr16	2503938	2504268	DNA/hAT-Charlie	695	+	165	2504103	65990
chr16	2438113	2638113	harbor2	chr16	2504751	2504899	DNA/hAT-Charlie	1336	+	74	2504825	66712
chr16	2438113	2638113	harbor2	chr16	2505036	2505430	DNA/hAT-Charlie	1336	+	197	2505233	67120
chr16	79433396	79633396	harbor2	chr16	79433782	79433975	DNA/hAT-Charlie	575	+	96	79433878	482
chr16	79433396	79633396	harbor2	chr16	79451980	79452203	DNA/hAT-Charlie	1171	+	112	79452092	18696
chr16	79433396	79633396	harbor2	chr16	79467585	79467772	DNA/hAT-Charlie	1006	+	94	79467679	34283
chr16	79433396	79633396	harbor2	chr16	79469110	79469328	DNA/hAT-Charlie	1153	+	109	79469219	35823
chr16	88709995	88909995	harbor2	chr16	88797555	88797674	DNA/hAT-Charlie	652	+	60	88797615	87620
chr16	88709995	88909995	harbor2	chr16	88797970	88798052	DNA/hAT-Charlie	652	+	41	88798011	88016
chr16	87391743	87591743	harbor2	chr16	87456721	87456861	DNA/hAT-Charlie	703	+	70	87456791	65048
chr16	87391743	87591743	harbor2	chr16	87468664	87468870	DNA/hAT-Charlie	738	+	103	87468767	77024
chr16	89759708	89959708	harbor2	chr16	89823679	89823875	DNA/hAT-Charlie	1335	+	98	89823777	64069
chr16	77583873	77783873	harbor2	chr16	77587357	77587551	DNA/hAT-Charlie	639	+	97	77587454	3581
chr16	77583873	77783873	harbor2	chr16	77589129	77589343	DNA/hAT-Charlie	1186	+	107	77589236	5363
chr16	77583873	77783873	harbor2	chr16	77611693	77611866	DNA/hAT-Charlie	760	+	86	77611779	27906
chr16	77583873	77783873	harbor2	chr16	77659663	77659977	DNA/hAT-Charlie	959	+	157	77659820	75947
chr16	77583873	77783873	harbor2	chr16	77661941	77662076	DNA/hAT-Charlie	773	+	68	77662009	78136
chr16	77583873	77783873	harbor2	chr16	77665000	77665114	DNA/hAT-Charlie	529	+	57	77665057	81184
chr16	77583873	77783873	harbor2	chr16	77665118	77665503	DNA/hAT-Charlie	1477	+	192	77665310	81437
chr16	2375100	2575100	harbor2	chr16	2426896	2427078	DNA/hAT-Charlie	811	+	91	2426987	51887
chr16	4084047	4284047	harbor2	chr16	4085673	4085842	DNA/hAT-Charlie	592	+	84	4085757	1710
chr16	4084047	4284047	harbor2	chr16	4103264	4103547	DNA/hAT-Charlie	2563	+	142	4103406	19359
chr16	4084047	4284047	harbor2	chr16	4103857	4104450	DNA/hAT-Charlie	2563	+	296	4104153	20106
chr16	4084047	4284047	harbor2	chr16	4104631	4104788	DNA/hAT-Charlie	581	+	78	4104709	20662
chr16	4084047	4284047	harbor2	chr16	4105097	4105330	DNA/hAT-Charlie	994	+	116	4105213	21166
chr16	2865108	3065108	harbor2	chr16	2875917	2876200	DNA/hAT-Charlie	3238	+	142	2876059	10951
chr16	2865108	3065108	harbor2	chr16	2876509	2876588	DNA/hAT-Charlie	3238	+	40	2876549	11441
chr16	2865108	3065108	harbor2	chr16	2876882	2876913	DNA/hAT-Charlie	3238	+	16	2876898	11790
chr16	2865108	3065108	harbor2	chr16	2877214	2877385	DNA/hAT-Charlie	3238	+	86	2877300	12192
chr16	2865108	3065108	harbor2	chr16	2877991	2878287	DNA/hAT-Charlie	3238	+	148	2878139	13031
chr16	2865108	3065108	harbor2	chr16	2878889	2879008	DNA/hAT-Charlie	3238	+	60	2878949	13841
chr16	2865108	3065108	harbor2	chr16	2879311	2879325	DNA/hAT-Charlie	3238	+	7	2879318	14210
chr16	2865108	3065108	harbor2	chr16	2879584	2879666	DNA/hAT-Charlie	3238	+	41	2879625	14517
chr16	2865108	3065108	harbor2	chr16	2913479	2913659	DNA/hAT-Charlie	789	+	90	2913569	48461
chr16	2375127	2575127	harbor2	chr16	2426896	2427078	DNA/hAT-Charlie	811	+	91	2426987	51860
chr16	949778	1149778	harbor2	chr16	1026321	1026495	DNA/hAT-Charlie	588	+	87	1026408	76630
chr16	5174	205174	harbor2	chr16	39657	39830	DNA/hAT-Charlie	1042	+	86	39743	34569
chr16	5174	205174	harbor2	chr16	40165	40288	DNA/hAT-Charlie	1042	+	62	40227	35053
chr16	5174	205174	harbor2	chr16	40285	40459	DNA/hAT-Charlie	705	+	87	40372	35198
chr16	31042548	31242548	harbor2	chr16	31122469	31122598	DNA/hAT-Charlie	715	+	64	31122533	79985
chr16	31042548	31242548	harbor2	chr16	31122892	31122903	DNA/hAT-Charlie	715	+	6	31122898	80350
chr16	31042548	31242548	harbor2	chr16	31123194	31123216	DNA/hAT-Charlie	715	+	11	31123205	80657
chr16	31042548	31242548	harbor2	chr16	31123805	31123867	DNA/hAT-Charlie	715	+	31	31123836	81288
chr16	1	162881	harbor2	chr16	39657	39830	DNA/hAT-Charlie	1042	+	86	39743	39742
chr16	1	162881	harbor2	chr16	40165	40288	DNA/hAT-Charlie	1042	+	62	40227	40226
chr16	1	162881	harbor2	chr16	40285	40459	DNA/hAT-Charlie	705	+	87	40372	40371
chr16	31042549	31242549	harbor2	chr16	31122469	31122598	DNA/hAT-Charlie	715	+	64	31122533	79984
chr16	31042549	31242549	harbor2	chr16	31122892	31122903	DNA/hAT-Charlie	715	+	6	31122898	80349
chr16	31042549	31242549	harbor2	chr16	31123194	31123216	DNA/hAT-Charlie	715	+	11	31123205	80656
chr16	31042549	31242549	harbor2	chr16	31123805	31123867	DNA/hAT-Charlie	715	+	31	31123836	81287
chr16	56536473	56736473	harbor2	chr16	56549621	56549944	DNA/hAT-Charlie	930	+	162	56549783	13310
chr16	1279028	1479028	harbor2	chr16	1360639	1360763	DNA/hAT-Charlie	800	+	62	1360701	81673
chr16	87292217	87492217	harbor2	chr16	87332928	87333080	DNA/hAT-Charlie	713	+	76	87333004	40787
chr16	2375144	2575144	harbor2	chr16	2426896	2427078	DNA/hAT-Charlie	811	+	91	2426987	51843
chr16	46873069	47073069	harbor2	chr16	46960224	46960397	DNA/hAT-Charlie	633	+	86	46960310	87241
chr16	27963957	28163957	harbor2	chr16	27966754	27966996	DNA/hAT-Charlie	838	+	121	27966875	2918
chr16	27963957	28163957	harbor2	chr16	27994320	27994772	DNA/hAT-Charlie	648	+	226	27994546	30589
chr16	27963957	28163957	harbor2	chr16	28028597	28028777	DNA/hAT-Charlie	799	+	90	28028687	64730
chr16	27963957	28163957	harbor2	chr16	28039078	28039267	DNA/hAT-Charlie	578	+	94	28039172	75215
chr16	27963957	28163957	harbor2	chr16	28039308	28039507	DNA/hAT-Charlie	889	+	100	28039408	75451
chr16	55108159	55308159	harbor2	chr16	55116632	55117221	DNA/hAT-Charlie	1959	+	294	55116926	8767
chr16	55108159	55308159	harbor2	chr16	55131713	55131900	DNA/hAT-Charlie	984	+	94	55131807	23648
chr16	55108159	55308159	harbor2	chr16	55190509	55190763	DNA/hAT-Charlie	759	+	127	55190636	82477
chr16	47361963	47561963	harbor2	chr16	47371663	47371873	DNA/hAT-Charlie	987	+	105	47371768	9805
chr16	47361963	47561963	harbor2	chr16	47397511	47397712	DNA/hAT-Charlie	919	+	100	47397611	35648
chr16	47361963	47561963	harbor2	chr16	47403910	47404148	DNA/hAT-Charlie	1472	+	119	47404029	42066
chr16	47361963	47561963	harbor2	chr16	47431201	47431549	DNA/hAT-Charlie	2230	+	174	47431375	69412
chr16	87293377	87493377	harbor2	chr16	87332928	87333080	DNA/hAT-Charlie	713	+	76	87333004	39627
chr16	1	168380	harbor2	chr16	39657	39830	DNA/hAT-Charlie	1042	+	86	39743	39742
chr16	1	168380	harbor2	chr16	40165	40288	DNA/hAT-Charlie	1042	+	62	40227	40226
chr16	1	168380	harbor2	chr16	40285	40459	DNA/hAT-Charlie	705	+	87	40372	40371
chr16	88757148	88957148	harbor2	chr16	88797555	88797674	DNA/hAT-Charlie	652	+	60	88797615	40467
chr16	88757148	88957148	harbor2	chr16	88797970	88798052	DNA/hAT-Charlie	652	+	41	88798011	40863
chr16	70642511	70842511	harbor2	chr16	70729056	70729271	DNA/hAT-Charlie	983	+	108	70729164	86653
chr16	6406487	6606487	harbor2	chr16	6414744	6414953	DNA/hAT-Charlie	750	+	104	6414848	8361
chr16	6406487	6606487	harbor2	chr16	6465643	6465793	DNA/hAT-Charlie	598	+	75	6465718	59231
chr16	67295885	67495885	harbor2	chr16	67317124	67317204	DNA/hAT-Charlie	981	+	40	67317164	21279
chr16	67295885	67495885	harbor2	chr16	67317504	67317787	DNA/hAT-Charlie	981	+	142	67317646	21761
chr16	67295885	67495885	harbor2	chr16	67380809	67380941	DNA/hAT-Charlie	670	+	66	67380875	84990
chr16	67295885	67495885	harbor2	chr16	67382860	67382938	DNA/hAT-Charlie	530	+	39	67382899	87014
chr16	67358369	67558369	harbor2	chr16	67380809	67380941	DNA/hAT-Charlie	670	+	66	67380875	22506
chr16	67358369	67558369	harbor2	chr16	67382860	67382938	DNA/hAT-Charlie	530	+	39	67382899	24530
chr16	3625684	3825684	harbor2	chr16	3673124	3673406	DNA/hAT-Charlie	595	+	141	3673265	47581
chr16	3625684	3825684	harbor2	chr16	3678203	3678382	DNA/hAT-Charlie	624	+	90	3678293	52609
chr16	74290	274290	harbor2	chr16	127223	127235	DNA/hAT-Charlie	759	+	6	127229	52939
chr16	74290	274290	harbor2	chr16	127535	127654	DNA/hAT-Charlie	759	+	60	127595	53305
chr16	74290	274290	harbor2	chr16	127955	127986	DNA/hAT-Charlie	759	+	16	127971	53681
chr16	74290	274290	harbor2	chr16	128285	128348	DNA/hAT-Charlie	759	+	32	128317	54027
chr16	4188787	4388787	harbor2	chr16	4210867	4211017	DNA/hAT-Charlie	777	+	75	4210942	22155
chr16	2371372	2571372	harbor2	chr16	2426896	2427078	DNA/hAT-Charlie	811	+	91	2426987	55615
chr16	66222798	66422798	harbor2	chr16	66250085	66250215	DNA/hAT-Charlie	1456	+	65	66250150	27352
chr16	66222798	66422798	harbor2	chr16	66250520	66250689	DNA/hAT-Charlie	1456	+	84	66250604	27806
chr16	66222798	66422798	harbor2	chr16	66289924	66290136	DNA/hAT-Charlie	1232	+	106	66290030	67232
chr16	57884887	58084887	harbor2	chr16	57935080	57935397	DNA/hAT-Charlie	929	+	158	57935238	50351
chr16	57884887	58084887	harbor2	chr16	57935667	57935683	DNA/hAT-Charlie	929	+	8	57935675	50788
chr16	57884887	58084887	harbor2	chr16	57966724	57966936	DNA/hAT-Charlie	1110	+	106	57966830	81943
chr16	57884887	58084887	harbor2	chr16	57966460	57966695	DNA/hAT-Charlie	1187	+	118	57966578	81691
chr16	989175	1189175	harbor2	chr16	1026321	1026495	DNA/hAT-Charlie	588	+	87	1026408	37233
chr16	2870096	3070096	harbor2	chr16	2875917	2876200	DNA/hAT-Charlie	3238	+	142	2876059	5963
chr16	2870096	3070096	harbor2	chr16	2876509	2876588	DNA/hAT-Charlie	3238	+	40	2876549	6453
chr16	2870096	3070096	harbor2	chr16	2876882	2876913	DNA/hAT-Charlie	3238	+	16	2876898	6802
chr16	2870096	3070096	harbor2	chr16	2877214	2877385	DNA/hAT-Charlie	3238	+	86	2877300	7204
chr16	2870096	3070096	harbor2	chr16	2877991	2878287	DNA/hAT-Charlie	3238	+	148	2878139	8043
chr16	2870096	3070096	harbor2	chr16	2878889	2879008	DNA/hAT-Charlie	3238	+	60	2878949	8853
chr16	2870096	3070096	harbor2	chr16	2879311	2879325	DNA/hAT-Charlie	3238	+	7	2879318	9222
chr16	2870096	3070096	harbor2	chr16	2879584	2879666	DNA/hAT-Charlie	3238	+	41	2879625	9529
chr16	2870096	3070096	harbor2	chr16	2913479	2913659	DNA/hAT-Charlie	789	+	90	2913569	43473
chr16	79064526	79264526	harbor2	chr16	79073769	79074040	DNA/hAT-Charlie	598	+	136	79073905	9379
chr16	79064526	79264526	harbor2	chr16	79106071	79106232	DNA/hAT-Charlie	842	+	80	79106151	41625
chr16	58762872	58962872	harbor2	chr16	58796410	58796935	DNA/hAT-Charlie	3619	+	262	58796672	33800
chr16	58762872	58962872	harbor2	chr16	58803244	58803589	DNA/hAT-Charlie	2062	+	172	58803416	40544
chr16	58762872	58962872	harbor2	chr16	58828803	58829122	DNA/hAT-Charlie	1745	+	160	58828963	66091
chr16	47561803	47761803	harbor2	chr16	47591936	47592135	DNA/hAT-Charlie	1063	+	100	47592036	30233
chr16	47497102	47697102	harbor2	chr16	47509485	47509697	DNA/hAT-Charlie	818	+	106	47509591	12489
chr16	47497102	47697102	harbor2	chr16	47534222	47534430	DNA/hAT-Charlie	558	+	104	47534326	37224
chr16	47497102	47697102	harbor2	chr16	47591936	47592135	DNA/hAT-Charlie	1063	+	100	47592036	94934
chr16	955293	1155293	harbor2	chr16	1026321	1026495	DNA/hAT-Charlie	588	+	87	1026408	71115
chr16	2168770	2368770	harbor2	chr16	2241281	2241300	DNA/hAT-Charlie	852	+	10	2241291	72521
chr16	2168770	2368770	harbor2	chr16	2241596	2241692	DNA/hAT-Charlie	852	+	48	2241644	72874
chr16	2168770	2368770	harbor2	chr16	2242293	2242432	DNA/hAT-Charlie	852	+	70	2242363	73593
chr16	1002283	1202283	harbor2	chr16	1026321	1026495	DNA/hAT-Charlie	588	+	87	1026408	24125
chr16	77425	277425	harbor2	chr16	127223	127235	DNA/hAT-Charlie	759	+	6	127229	49804
chr16	77425	277425	harbor2	chr16	127535	127654	DNA/hAT-Charlie	759	+	60	127595	50170
chr16	77425	277425	harbor2	chr16	127955	127986	DNA/hAT-Charlie	759	+	16	127971	50546
chr16	77425	277425	harbor2	chr16	128285	128348	DNA/hAT-Charlie	759	+	32	128317	50892
chr16	70885369	71085369	harbor2	chr16	70919908	70920118	DNA/hAT-Charlie	889	+	105	70920013	34644
chr16	70885369	71085369	harbor2	chr16	70931459	70931621	DNA/hAT-Charlie	849	+	81	70931540	46171
chr16	70885369	71085369	harbor2	chr16	70960247	70960459	DNA/hAT-Charlie	1084	+	106	70960353	74984
chr16	70885369	71085369	harbor2	chr16	70975312	70975478	DNA/hAT-Charlie	855	+	83	70975395	90026
chr16	47360975	47560975	harbor2	chr16	47371663	47371873	DNA/hAT-Charlie	987	+	105	47371768	10793
chr16	47360975	47560975	harbor2	chr16	47397511	47397712	DNA/hAT-Charlie	919	+	100	47397611	36636
chr16	47360975	47560975	harbor2	chr16	47403910	47404148	DNA/hAT-Charlie	1472	+	119	47404029	43054
chr16	47360975	47560975	harbor2	chr16	47431201	47431549	DNA/hAT-Charlie	2230	+	174	47431375	70400
chr16	2837328	3037328	harbor2	chr16	2875917	2876200	DNA/hAT-Charlie	3238	+	142	2876059	38731
chr16	2837328	3037328	harbor2	chr16	2876509	2876588	DNA/hAT-Charlie	3238	+	40	2876549	39221
chr16	2837328	3037328	harbor2	chr16	2876882	2876913	DNA/hAT-Charlie	3238	+	16	2876898	39570
chr16	2837328	3037328	harbor2	chr16	2877214	2877385	DNA/hAT-Charlie	3238	+	86	2877300	39972
chr16	2837328	3037328	harbor2	chr16	2877991	2878287	DNA/hAT-Charlie	3238	+	148	2878139	40811
chr16	2837328	3037328	harbor2	chr16	2878889	2879008	DNA/hAT-Charlie	3238	+	60	2878949	41621
chr16	2837328	3037328	harbor2	chr16	2879311	2879325	DNA/hAT-Charlie	3238	+	7	2879318	41990
chr16	2837328	3037328	harbor2	chr16	2879584	2879666	DNA/hAT-Charlie	3238	+	41	2879625	42297
chr16	2837328	3037328	harbor2	chr16	2913479	2913659	DNA/hAT-Charlie	789	+	90	2913569	76241
chr16	30255065	30455065	harbor2	chr16	30256885	30257271	DNA/hAT-Charlie	1910	+	193	30257078	2013
chr16	979992	1179992	harbor2	chr16	1026321	1026495	DNA/hAT-Charlie	588	+	87	1026408	46416
chr16	72951269	73151269	harbor2	chr16	72951754	72951898	DNA/hAT-Charlie	543	+	72	72951826	557
chr16	72951269	73151269	harbor2	chr16	73035038	73035350	DNA/hAT-Charlie	1364	+	156	73035194	83925
chr16	72951269	73151269	harbor2	chr16	73039453	73039647	DNA/hAT-Charlie	912	+	97	73039550	88281
chr16	77400	277400	harbor2	chr16	127223	127235	DNA/hAT-Charlie	759	+	6	127229	49829
chr16	77400	277400	harbor2	chr16	127535	127654	DNA/hAT-Charlie	759	+	60	127595	50195
chr16	77400	277400	harbor2	chr16	127955	127986	DNA/hAT-Charlie	759	+	16	127971	50571
chr16	77400	277400	harbor2	chr16	128285	128348	DNA/hAT-Charlie	759	+	32	128317	50917
chr16	49563665	49763665	harbor2	chr16	49597275	49597601	DNA/hAT-Charlie	1381	+	163	49597438	33773
chr16	49563665	49763665	harbor2	chr16	49654636	49655104	DNA/hAT-Charlie	960	+	234	49654870	91205
chr16	31042592	31242592	harbor2	chr16	31122469	31122598	DNA/hAT-Charlie	715	+	64	31122533	79941
chr16	31042592	31242592	harbor2	chr16	31122892	31122903	DNA/hAT-Charlie	715	+	6	31122898	80306
chr16	31042592	31242592	harbor2	chr16	31123194	31123216	DNA/hAT-Charlie	715	+	11	31123205	80613
chr16	31042592	31242592	harbor2	chr16	31123805	31123867	DNA/hAT-Charlie	715	+	31	31123836	81244
chr16	30599106	30799106	harbor2	chr16	30638032	30638264	DNA/hAT-Charlie	1195	+	116	30638148	39042
chr16	1	163428	harbor2	chr16	39657	39830	DNA/hAT-Charlie	1042	+	86	39743	39742
chr16	1	163428	harbor2	chr16	40165	40288	DNA/hAT-Charlie	1042	+	62	40227	40226
chr16	1	163428	harbor2	chr16	40285	40459	DNA/hAT-Charlie	705	+	87	40372	40371
chr16	79501524	79701524	harbor2	chr16	79551620	79551916	DNA/hAT-Charlie	1005	+	148	79551768	50244
chr16	79501524	79701524	harbor2	chr16	79563244	79563454	DNA/hAT-Charlie	824	+	105	79563349	61825
chr16	79501524	79701524	harbor2	chr16	79563453	79563708	DNA/hAT-Charlie	827	+	128	79563581	62057
chr16	31202309	31402309	harbor2	chr16	31260756	31261090	DNA/hAT-Charlie	1241	+	167	31260923	58614
chr16	31202309	31402309	harbor2	chr16	31262155	31262233	DNA/hAT-Charlie	587	+	39	31262194	59885
chr16	31202309	31402309	harbor2	chr16	31262704	31262799	DNA/hAT-Charlie	587	+	48	31262752	60443
chr16	31202309	31402309	harbor2	chr16	31276083	31276270	DNA/hAT-Charlie	587	+	94	31276177	73868
chr16	4747400	4947400	harbor2	chr16	4753659	4753847	DNA/hAT-Charlie	618	+	94	4753753	6353
chr16	4747400	4947400	harbor2	chr16	4764104	4764237	DNA/hAT-Charlie	534	+	66	4764170	16770
chr16	4747400	4947400	harbor2	chr16	4771931	4771992	DNA/hAT-Charlie	659	+	30	4771961	24561
chr16	4747400	4947400	harbor2	chr16	4772296	4772416	DNA/hAT-Charlie	659	+	60	4772356	24956
chr16	4747400	4947400	harbor2	chr16	4780389	4780566	DNA/hAT-Charlie	778	+	88	4780477	33077
chr16	4747400	4947400	harbor2	chr16	4806085	4806264	DNA/hAT-Charlie	706	+	90	4806175	58775
chr16	4747400	4947400	harbor2	chr16	4820976	4821125	DNA/hAT-Charlie	616	+	74	4821050	73650
chr16	47361826	47561826	harbor2	chr16	47371663	47371873	DNA/hAT-Charlie	987	+	105	47371768	9942
chr16	47361826	47561826	harbor2	chr16	47397511	47397712	DNA/hAT-Charlie	919	+	100	47397611	35785
chr16	47361826	47561826	harbor2	chr16	47403910	47404148	DNA/hAT-Charlie	1472	+	119	47404029	42203
chr16	47361826	47561826	harbor2	chr16	47431201	47431549	DNA/hAT-Charlie	2230	+	174	47431375	69549
chr16	2198306	2398306	harbor2	chr16	2241281	2241300	DNA/hAT-Charlie	852	+	10	2241291	42985
chr16	2198306	2398306	harbor2	chr16	2241596	2241692	DNA/hAT-Charlie	852	+	48	2241644	43338
chr16	2198306	2398306	harbor2	chr16	2242293	2242432	DNA/hAT-Charlie	852	+	70	2242363	44057
chr16	71270097	71470097	harbor2	chr16	71277230	71278516	DNA/hAT-Charlie	5257	+	643	71277873	7776
chr16	71270097	71470097	harbor2	chr16	71343827	71343996	DNA/hAT-Charlie	907	+	84	71343911	73814
chr16	71270097	71470097	harbor2	chr16	71352224	71352403	DNA/hAT-Charlie	709	+	90	71352314	82217
chr16	57893704	58093704	harbor2	chr16	57935080	57935397	DNA/hAT-Charlie	929	+	158	57935238	41534
chr16	57893704	58093704	harbor2	chr16	57935667	57935683	DNA/hAT-Charlie	929	+	8	57935675	41971
chr16	57893704	58093704	harbor2	chr16	57966724	57966936	DNA/hAT-Charlie	1110	+	106	57966830	73126
chr16	57893704	58093704	harbor2	chr16	57966460	57966695	DNA/hAT-Charlie	1187	+	118	57966578	72874
chr16	81549	281549	harbor2	chr16	127223	127235	DNA/hAT-Charlie	759	+	6	127229	45680
chr16	81549	281549	harbor2	chr16	127535	127654	DNA/hAT-Charlie	759	+	60	127595	46046
chr16	81549	281549	harbor2	chr16	127955	127986	DNA/hAT-Charlie	759	+	16	127971	46422
chr16	81549	281549	harbor2	chr16	128285	128348	DNA/hAT-Charlie	759	+	32	128317	46768
chr16	77408	277408	harbor2	chr16	127223	127235	DNA/hAT-Charlie	759	+	6	127229	49821
chr16	77408	277408	harbor2	chr16	127535	127654	DNA/hAT-Charlie	759	+	60	127595	50187
chr16	77408	277408	harbor2	chr16	127955	127986	DNA/hAT-Charlie	759	+	16	127971	50563
chr16	77408	277408	harbor2	chr16	128285	128348	DNA/hAT-Charlie	759	+	32	128317	50909
chr16	1606121	1806121	harbor2	chr16	1661949	1662159	DNA/hAT-Charlie	844	+	105	1662054	55933
chr16	30599603	30799603	harbor2	chr16	30638032	30638264	DNA/hAT-Charlie	1195	+	116	30638148	38545
chr16	4998398	5198398	harbor2	chr16	5019064	5019287	DNA/hAT-Charlie	1442	+	112	5019176	20778
chr16	4998398	5198398	harbor2	chr16	5024598	5024739	DNA/hAT-Charlie	757	+	70	5024668	26270
chr16	4998398	5198398	harbor2	chr16	5063442	5063844	DNA/hAT-Charlie	3330	+	201	5063643	65245
chr16	4998398	5198398	harbor2	chr16	5064155	5064284	DNA/hAT-Charlie	3330	+	64	5064219	65821
chr16	4998398	5198398	harbor2	chr16	5078108	5078316	DNA/hAT-Charlie	924	+	104	5078212	79814
chr16	4085358	4285358	harbor2	chr16	4085673	4085842	DNA/hAT-Charlie	592	+	84	4085757	399
chr16	4085358	4285358	harbor2	chr16	4103264	4103547	DNA/hAT-Charlie	2563	+	142	4103406	18048
chr16	4085358	4285358	harbor2	chr16	4103857	4104450	DNA/hAT-Charlie	2563	+	296	4104153	18795
chr16	4085358	4285358	harbor2	chr16	4104631	4104788	DNA/hAT-Charlie	581	+	78	4104709	19351
chr16	4085358	4285358	harbor2	chr16	4105097	4105330	DNA/hAT-Charlie	994	+	116	4105213	19855
chr16	88757121	88957121	harbor2	chr16	88797555	88797674	DNA/hAT-Charlie	652	+	60	88797615	40494
chr16	88757121	88957121	harbor2	chr16	88797970	88798052	DNA/hAT-Charlie	652	+	41	88798011	40890
chr16	31042572	31242572	harbor2	chr16	31122469	31122598	DNA/hAT-Charlie	715	+	64	31122533	79961
chr16	31042572	31242572	harbor2	chr16	31122892	31122903	DNA/hAT-Charlie	715	+	6	31122898	80326
chr16	31042572	31242572	harbor2	chr16	31123194	31123216	DNA/hAT-Charlie	715	+	11	31123205	80633
chr16	31042572	31242572	harbor2	chr16	31123805	31123867	DNA/hAT-Charlie	715	+	31	31123836	81264
chr16	2375142	2575142	harbor2	chr16	2426896	2427078	DNA/hAT-Charlie	811	+	91	2426987	51845
chr16	1	168283	harbor2	chr16	39657	39830	DNA/hAT-Charlie	1042	+	86	39743	39742
chr16	1	168283	harbor2	chr16	40165	40288	DNA/hAT-Charlie	1042	+	62	40227	40226
chr16	1	168283	harbor2	chr16	40285	40459	DNA/hAT-Charlie	705	+	87	40372	40371
chr16	30088915	30288915	harbor2	chr16	30163444	30163624	DNA/hAT-Charlie	799	+	90	30163534	74619
chr16	982324	1182324	harbor2	chr16	1026321	1026495	DNA/hAT-Charlie	588	+	87	1026408	44084
chr16	75241699	75441699	harbor2	chr16	75278647	75278845	DNA/hAT-Charlie	537	+	99	75278746	37047
chr16	57927471	58127471	harbor2	chr16	57935080	57935397	DNA/hAT-Charlie	929	+	158	57935238	7767
chr16	57927471	58127471	harbor2	chr16	57935667	57935683	DNA/hAT-Charlie	929	+	8	57935675	8204
chr16	57927471	58127471	harbor2	chr16	57966724	57966936	DNA/hAT-Charlie	1110	+	106	57966830	39359
chr16	57927471	58127471	harbor2	chr16	58019193	58019360	DNA/hAT-Charlie	802	+	84	58019277	91806
chr16	57927471	58127471	harbor2	chr16	57966460	57966695	DNA/hAT-Charlie	1187	+	118	57966578	39107
chr16	29721341	29921341	harbor2	chr16	29729346	29729535	DNA/hAT-Charlie	760	+	94	29729440	8099
chr16	29721341	29921341	harbor2	chr16	29742025	29742108	DNA/hAT-Charlie	1142	+	42	29742067	20726
chr16	29721341	29921341	harbor2	chr16	29742408	29742672	DNA/hAT-Charlie	1142	+	132	29742540	21199
chr16	29721341	29921341	harbor2	chr16	29788021	29788226	DNA/hAT-Charlie	946	+	102	29788123	66782
chr16	29721341	29921341	harbor2	chr16	29793576	29793781	DNA/hAT-Charlie	1004	+	102	29793678	72337
chr16	29721341	29921341	harbor2	chr16	29796572	29796696	DNA/hAT-Charlie	634	+	62	29796634	75293
chr16	29721341	29921341	harbor2	chr16	29797539	29797741	DNA/hAT-Charlie	889	+	101	29797640	76299
chr16	75397510	75597510	harbor2	chr16	75405001	75405340	DNA/hAT-Charlie	1259	+	170	75405171	7661
chr16	75397510	75597510	harbor2	chr16	75407225	75407350	DNA/hAT-Charlie	535	+	62	75407287	9777
chr16	75397510	75597510	harbor2	chr16	75407339	75407394	DNA/hAT-Charlie	710	+	28	75407367	9857
chr16	75397510	75597510	harbor2	chr16	75407685	75407824	DNA/hAT-Charlie	710	+	70	75407755	10245
chr16	75397510	75597510	harbor2	chr16	75408196	75408497	DNA/hAT-Charlie	870	+	150	75408346	10836
chr16	75397510	75597510	harbor2	chr16	75408798	75408857	DNA/hAT-Charlie	870	+	30	75408828	11318
chr16	75397510	75597510	harbor2	chr16	75409159	75409318	DNA/hAT-Charlie	870	+	80	75409239	11729
chr16	75397510	75597510	harbor2	chr16	75442256	75442453	DNA/hAT-Charlie	717	+	98	75442354	44844
chr16	75397510	75597510	harbor2	chr16	75452942	75453084	DNA/hAT-Charlie	718	+	71	75453013	55503
chr16	85589096	85789096	harbor2	chr16	85591854	85592045	DNA/hAT-Charlie	648	+	96	85591950	2854
chr16	49244544	49444544	harbor2	chr16	49308036	49308168	DNA/hAT-Charlie	935	+	66	49308102	63558
chr16	49244544	49444544	harbor2	chr16	49308520	49308603	DNA/hAT-Charlie	935	+	42	49308562	64018
chr16	57891552	58091552	harbor2	chr16	57935080	57935397	DNA/hAT-Charlie	929	+	158	57935238	43686
chr16	57891552	58091552	harbor2	chr16	57935667	57935683	DNA/hAT-Charlie	929	+	8	57935675	44123
chr16	57891552	58091552	harbor2	chr16	57966724	57966936	DNA/hAT-Charlie	1110	+	106	57966830	75278
chr16	57891552	58091552	harbor2	chr16	57966460	57966695	DNA/hAT-Charlie	1187	+	118	57966578	75026
chr16	1606161	1806161	harbor2	chr16	1661949	1662159	DNA/hAT-Charlie	844	+	105	1662054	55893
chr16	2869233	3069233	harbor2	chr16	2875917	2876200	DNA/hAT-Charlie	3238	+	142	2876059	6826
chr16	2869233	3069233	harbor2	chr16	2876509	2876588	DNA/hAT-Charlie	3238	+	40	2876549	7316
chr16	2869233	3069233	harbor2	chr16	2876882	2876913	DNA/hAT-Charlie	3238	+	16	2876898	7665
chr16	2869233	3069233	harbor2	chr16	2877214	2877385	DNA/hAT-Charlie	3238	+	86	2877300	8067
chr16	2869233	3069233	harbor2	chr16	2877991	2878287	DNA/hAT-Charlie	3238	+	148	2878139	8906
chr16	2869233	3069233	harbor2	chr16	2878889	2879008	DNA/hAT-Charlie	3238	+	60	2878949	9716
chr16	2869233	3069233	harbor2	chr16	2879311	2879325	DNA/hAT-Charlie	3238	+	7	2879318	10085
chr16	2869233	3069233	harbor2	chr16	2879584	2879666	DNA/hAT-Charlie	3238	+	41	2879625	10392
chr16	2869233	3069233	harbor2	chr16	2913479	2913659	DNA/hAT-Charlie	789	+	90	2913569	44336
chr16	4163779	4363779	harbor2	chr16	4210867	4211017	DNA/hAT-Charlie	777	+	75	4210942	47163
chr16	1	168252	harbor2	chr16	39657	39830	DNA/hAT-Charlie	1042	+	86	39743	39742
chr16	1	168252	harbor2	chr16	40165	40288	DNA/hAT-Charlie	1042	+	62	40227	40226
chr16	1	168252	harbor2	chr16	40285	40459	DNA/hAT-Charlie	705	+	87	40372	40371
chr16	54835021	55035021	harbor2	chr16	54863582	54863698	DNA/hAT-Charlie	555	+	58	54863640	28619
chr16	54835021	55035021	harbor2	chr16	54897106	54897304	DNA/hAT-Charlie	642	+	99	54897205	62184
chr16	82568055	82768055	harbor2	chr16	82583875	82584178	DNA/hAT-Charlie	1187	+	152	82584027	15972
chr16	82568055	82768055	harbor2	chr16	82592822	82593007	DNA/hAT-Charlie	1125	+	92	82592914	24859
chr16	82568055	82768055	harbor2	chr16	82593020	82593185	DNA/hAT-Charlie	658	+	82	82593102	25047
chr16	82568055	82768055	harbor2	chr16	82605591	82605748	DNA/hAT-Charlie	849	+	78	82605669	37614
chr16	82568055	82768055	harbor2	chr16	82631944	82632257	DNA/hAT-Charlie	825	+	156	82632100	64045
chr16	82568055	82768055	harbor2	chr16	82634511	82634717	DNA/hAT-Charlie	934	+	103	82634614	66559
chr16	82568055	82768055	harbor2	chr16	82645402	82645615	DNA/hAT-Charlie	871	+	106	82645508	77453
chr16	87750387	87950387	harbor2	chr16	87807559	87807583	DNA/hAT-Charlie	669	+	12	87807571	57184
chr16	87750387	87950387	harbor2	chr16	87808090	87808264	DNA/hAT-Charlie	669	+	87	87808177	57790
chr16	87292154	87492154	harbor2	chr16	87332928	87333080	DNA/hAT-Charlie	713	+	76	87333004	40850
chr16	57890831	58090831	harbor2	chr16	57935080	57935397	DNA/hAT-Charlie	929	+	158	57935238	44407
chr16	57890831	58090831	harbor2	chr16	57935667	57935683	DNA/hAT-Charlie	929	+	8	57935675	44844
chr16	57890831	58090831	harbor2	chr16	57966724	57966936	DNA/hAT-Charlie	1110	+	106	57966830	75999
chr16	57890831	58090831	harbor2	chr16	57966460	57966695	DNA/hAT-Charlie	1187	+	118	57966578	75747
chr16	70636004	70836004	harbor2	chr16	70729056	70729271	DNA/hAT-Charlie	983	+	108	70729164	93160
chr16	2912065	3112065	harbor2	chr16	2913479	2913659	DNA/hAT-Charlie	789	+	90	2913569	1504
chr16	1688894	1888894	harbor2	chr16	1713116	1713254	DNA/hAT-Charlie	747	+	69	1713185	24291
chr16	1688894	1888894	harbor2	chr16	1713383	1713438	DNA/hAT-Charlie	747	+	28	1713411	24517
chr17	79711320	79911320	harbor2	chr17	79748758	79749189	DNA/hAT-Charlie	1257	+	216	79748974	37654
chr17	79711320	79911320	harbor2	chr17	79788591	79788798	DNA/hAT-Charlie	773	+	104	79788695	77375
chr17	7461788	7661788	harbor2	chr17	7489329	7489784	DNA/hAT-Charlie	1746	+	228	7489557	27769
chr17	7461788	7661788	harbor2	chr17	7490077	7490165	DNA/hAT-Charlie	1746	+	44	7490121	28333
chr17	76675676	76875676	harbor2	chr17	76722089	76722256	DNA/hAT-Charlie	845	+	84	76722173	46497
chr17	79703307	79903307	harbor2	chr17	79748758	79749189	DNA/hAT-Charlie	1257	+	216	79748974	45667
chr17	79703307	79903307	harbor2	chr17	79788591	79788798	DNA/hAT-Charlie	773	+	104	79788695	85388
chr17	55168160	55368160	harbor2	chr17	55172229	55172377	DNA/hAT-Charlie	646	+	74	55172303	4143
chr17	64956158	65156158	harbor2	chr17	64965414	64965718	DNA/hAT-Charlie	1500	+	152	64965566	9408
chr17	64956158	65156158	harbor2	chr17	65000900	65001425	DNA/hAT-Charlie	4042	+	262	65001162	45004
chr17	64956158	65156158	harbor2	chr17	65022034	65023974	DNA/hAT-Charlie	9929	+	970	65023004	66846
chr17	64956158	65156158	harbor2	chr17	65024264	65024580	DNA/hAT-Charlie	9929	+	158	65024422	68264
chr17	50101075	50301075	harbor2	chr17	50178944	50179108	DNA/hAT-Charlie	647	+	82	50179026	77951
chr17	50101075	50301075	harbor2	chr17	50179371	50179390	DNA/hAT-Charlie	647	+	10	50179381	78306
chr17	50101075	50301075	harbor2	chr17	50179704	50179785	DNA/hAT-Charlie	647	+	40	50179744	78669
chr17	58391290	58591290	harbor2	chr17	58466410	58466589	DNA/hAT-Charlie	656	+	90	58466500	75210
chr17	58391290	58591290	harbor2	chr17	58466566	58466687	DNA/hAT-Charlie	753	+	60	58466626	75336
chr17	37653578	37853578	harbor2	chr17	37724119	37724276	DNA/hAT-Charlie	616	+	78	37724197	70619
chr17	37653578	37853578	harbor2	chr17	37724475	37724796	DNA/hAT-Charlie	1439	+	160	37724635	71057
chr17	7480912	7680912	harbor2	chr17	7489329	7489784	DNA/hAT-Charlie	1746	+	228	7489557	8645
chr17	7480912	7680912	harbor2	chr17	7490077	7490165	DNA/hAT-Charlie	1746	+	44	7490121	9209
chr17	7479425	7679425	harbor2	chr17	7489329	7489784	DNA/hAT-Charlie	1746	+	228	7489557	10132
chr17	7479425	7679425	harbor2	chr17	7490077	7490165	DNA/hAT-Charlie	1746	+	44	7490121	10696
chr17	76638002	76838002	harbor2	chr17	76722089	76722256	DNA/hAT-Charlie	845	+	84	76722173	84171
chr17	29489604	29689604	harbor2	chr17	29586201	29586438	DNA/hAT-Charlie	1361	+	118	29586319	96715
chr17	7462630	7662630	harbor2	chr17	7489329	7489784	DNA/hAT-Charlie	1746	+	228	7489557	26927
chr17	7462630	7662630	harbor2	chr17	7490077	7490165	DNA/hAT-Charlie	1746	+	44	7490121	27491
chr17	7743384	7943384	harbor2	chr17	7752860	7753029	DNA/hAT-Charlie	755	+	84	7752944	9560
chr17	76637950	76837950	harbor2	chr17	76722089	76722256	DNA/hAT-Charlie	845	+	84	76722173	84223
chr17	76638185	76838185	harbor2	chr17	76722089	76722256	DNA/hAT-Charlie	845	+	84	76722173	83988
chr17	7474337	7674337	harbor2	chr17	7489329	7489784	DNA/hAT-Charlie	1746	+	228	7489557	15220
chr17	7474337	7674337	harbor2	chr17	7490077	7490165	DNA/hAT-Charlie	1746	+	44	7490121	15784
chr17	79703253	79903253	harbor2	chr17	79748758	79749189	DNA/hAT-Charlie	1257	+	216	79748974	45721
chr17	79703253	79903253	harbor2	chr17	79788591	79788798	DNA/hAT-Charlie	773	+	104	79788695	85442
chr17	65970416	66170416	harbor2	chr17	66003641	66003961	DNA/hAT-Charlie	2029	+	160	66003801	33385
chr17	65970416	66170416	harbor2	chr17	66043117	66043555	DNA/hAT-Charlie	1456	+	219	66043336	72920
chr17	65970416	66170416	harbor2	chr17	66045793	66046033	DNA/hAT-Charlie	1308	+	120	66045913	75497
chr17	68058283	68258283	harbor2	chr17	68065288	68065635	DNA/hAT-Charlie	774	+	174	68065462	7179
chr17	43301647	43501647	harbor2	chr17	43382879	43383037	DNA/hAT-Charlie	705	+	79	43382958	81311
chr17	18145927	18345927	harbor2	chr17	18215539	18215716	DNA/hAT-Charlie	779	+	88	18215627	69700
chr17	18145927	18345927	harbor2	chr17	18216010	18216031	DNA/hAT-Charlie	779	+	10	18216020	70093
chr17	79737447	79937447	harbor2	chr17	79748758	79749189	DNA/hAT-Charlie	1257	+	216	79748974	11527
chr17	79737447	79937447	harbor2	chr17	79788591	79788798	DNA/hAT-Charlie	773	+	104	79788695	51248
chr17	39764391	39964391	harbor2	chr17	39778889	39779063	DNA/hAT-Charlie	813	+	87	39778976	14585
chr17	39764391	39964391	harbor2	chr17	39799520	39799682	DNA/hAT-Charlie	918	+	81	39799601	35210
chr17	39764391	39964391	harbor2	chr17	39816402	39816623	DNA/hAT-Charlie	1246	+	110	39816512	52121
chr17	39764391	39964391	harbor2	chr17	39831560	39831759	DNA/hAT-Charlie	968	+	100	39831660	67269
chr17	39764391	39964391	harbor2	chr17	39845092	39845239	DNA/hAT-Charlie	1375	+	74	39845166	80775
chr17	39764391	39964391	harbor2	chr17	39845547	39845707	DNA/hAT-Charlie	1375	+	80	39845627	81236
chr17	7465559	7665559	harbor2	chr17	7489329	7489784	DNA/hAT-Charlie	1746	+	228	7489557	23998
chr17	7465559	7665559	harbor2	chr17	7490077	7490165	DNA/hAT-Charlie	1746	+	44	7490121	24562
chr17	76638046	76838046	harbor2	chr17	76722089	76722256	DNA/hAT-Charlie	845	+	84	76722173	84127
chr17	76956448	77156448	harbor2	chr17	76979500	76979602	DNA/hAT-Charlie	702	+	51	76979551	23103
chr17	7474332	7674332	harbor2	chr17	7489329	7489784	DNA/hAT-Charlie	1746	+	228	7489557	15225
chr17	7474332	7674332	harbor2	chr17	7490077	7490165	DNA/hAT-Charlie	1746	+	44	7490121	15789
chr17	45808505	46008505	harbor2	chr17	45859220	45859293	DNA/hAT-Charlie	933	+	36	45859256	50751
chr17	45808505	46008505	harbor2	chr17	45859607	45859727	DNA/hAT-Charlie	933	+	60	45859667	51162
chr17	45808505	46008505	harbor2	chr17	45899158	45899344	DNA/hAT-Charlie	776	+	93	45899251	90746
chr17	7464940	7664940	harbor2	chr17	7489329	7489784	DNA/hAT-Charlie	1746	+	228	7489557	24617
chr17	7464940	7664940	harbor2	chr17	7490077	7490165	DNA/hAT-Charlie	1746	+	44	7490121	25181
chr17	2840141	3040141	harbor2	chr17	2849895	2849999	DNA/hAT-Charlie	778	+	52	2849947	9806
chr17	2840141	3040141	harbor2	chr17	2850300	2850467	DNA/hAT-Charlie	778	+	84	2850384	10243
chr17	2840141	3040141	harbor2	chr17	2851086	2851190	DNA/hAT-Charlie	778	+	52	2851138	10997
chr17	2840141	3040141	harbor2	chr17	2855236	2855603	DNA/hAT-Charlie	1553	+	184	2855420	15279
chr17	2840141	3040141	harbor2	chr17	2855913	2856005	DNA/hAT-Charlie	1553	+	46	2855959	15818
chr17	2840141	3040141	harbor2	chr17	2907703	2907811	DNA/hAT-Charlie	754	+	54	2907757	67616
chr17	2840141	3040141	harbor2	chr17	2908105	2908169	DNA/hAT-Charlie	754	+	32	2908137	67996
chr17	73833382	74033382	harbor2	chr17	73857325	73857538	DNA/hAT-Charlie	972	+	106	73857431	24049
chr17	73833382	74033382	harbor2	chr17	73866508	73866671	DNA/hAT-Charlie	851	+	82	73866590	33208
chr17	7465830	7665830	harbor2	chr17	7489329	7489784	DNA/hAT-Charlie	1746	+	228	7489557	23727
chr17	7465830	7665830	harbor2	chr17	7490077	7490165	DNA/hAT-Charlie	1746	+	44	7490121	24291
chr17	78927928	79127928	harbor2	chr17	79002104	79002255	DNA/hAT-Charlie	983	+	76	79002180	74252
chr17	79738856	79938856	harbor2	chr17	79748758	79749189	DNA/hAT-Charlie	1257	+	216	79748974	10118
chr17	79738856	79938856	harbor2	chr17	79788591	79788798	DNA/hAT-Charlie	773	+	104	79788695	49839
chr17	7481389	7681389	harbor2	chr17	7489329	7489784	DNA/hAT-Charlie	1746	+	228	7489557	8168
chr17	7481389	7681389	harbor2	chr17	7490077	7490165	DNA/hAT-Charlie	1746	+	44	7490121	8732
chr17	67625399	67825399	harbor2	chr17	67635839	67636017	DNA/hAT-Charlie	1004	+	89	67635928	10529
chr17	67625399	67825399	harbor2	chr17	67636304	67636351	DNA/hAT-Charlie	1004	+	24	67636328	10929
chr17	67625399	67825399	harbor2	chr17	67638686	67638826	DNA/hAT-Charlie	771	+	70	67638756	13357
chr17	67625399	67825399	harbor2	chr17	67639143	67639212	DNA/hAT-Charlie	771	+	34	67639177	13778
chr17	67625399	67825399	harbor2	chr17	67678919	67679104	DNA/hAT-Charlie	1164	+	92	67679011	53612
chr17	79697239	79897239	harbor2	chr17	79748758	79749189	DNA/hAT-Charlie	1257	+	216	79748974	51735
chr17	79697239	79897239	harbor2	chr17	79788591	79788798	DNA/hAT-Charlie	773	+	104	79788695	91456
chr17	7474612	7674612	harbor2	chr17	7489329	7489784	DNA/hAT-Charlie	1746	+	228	7489557	14945
chr17	7474612	7674612	harbor2	chr17	7490077	7490165	DNA/hAT-Charlie	1746	+	44	7490121	15509
chr17	2881816	3081816	harbor2	chr17	2907703	2907811	DNA/hAT-Charlie	754	+	54	2907757	25941
chr17	2881816	3081816	harbor2	chr17	2908105	2908169	DNA/hAT-Charlie	754	+	32	2908137	26321
chr17	82598301	82798301	harbor2	chr17	82642151	82642464	DNA/hAT-Charlie	1717	+	156	82642307	44006
chr17	73131478	73331478	harbor2	chr17	73131552	73131622	DNA/hAT-Charlie	883	+	35	73131587	109
chr17	73131478	73331478	harbor2	chr17	73131920	73132083	DNA/hAT-Charlie	883	+	82	73132002	524
chr17	76298198	76498198	harbor2	chr17	76368530	76368731	DNA/hAT-Charlie	982	+	100	76368630	70432
chr17	58418133	58618133	harbor2	chr17	58466410	58466589	DNA/hAT-Charlie	656	+	90	58466500	48367
chr17	58418133	58618133	harbor2	chr17	58466566	58466687	DNA/hAT-Charlie	753	+	60	58466626	48493
chr17	58418133	58618133	harbor2	chr17	58493241	58493354	DNA/hAT-Charlie	1339	+	56	58493297	75164
chr17	58418133	58618133	harbor2	chr17	58493653	58493773	DNA/hAT-Charlie	1339	+	60	58493713	75580
chr17	44890414	45090414	harbor2	chr17	44895021	44895213	DNA/hAT-Charlie	1505	+	96	44895117	4703
chr17	44890414	45090414	harbor2	chr17	44895517	44895670	DNA/hAT-Charlie	1505	+	76	44895593	5179
chr17	76637928	76837928	harbor2	chr17	76722089	76722256	DNA/hAT-Charlie	845	+	84	76722173	84245
chr17	17395750	17595750	harbor2	chr17	17419342	17419621	DNA/hAT-Charlie	1803	+	140	17419482	23732
chr17	17395750	17595750	harbor2	chr17	17451234	17451396	DNA/hAT-Charlie	633	+	81	17451315	55565
chr17	17395750	17595750	harbor2	chr17	17473577	17473807	DNA/hAT-Charlie	1292	+	115	17473692	77942
chr17	17395750	17595750	harbor2	chr17	17474106	17474165	DNA/hAT-Charlie	1292	+	30	17474136	78386
chr17	7482394	7682394	harbor2	chr17	7489329	7489784	DNA/hAT-Charlie	1746	+	228	7489557	7163
chr17	7482394	7682394	harbor2	chr17	7490077	7490165	DNA/hAT-Charlie	1746	+	44	7490121	7727
chr17	30611433	30811433	harbor2	chr17	30696089	30696276	DNA/hAT-Charlie	830	+	94	30696183	84750
chr17	1548673	1748673	harbor2	chr17	1641118	1641525	DNA/hAT-Charlie	2255	+	204	1641322	92649
chr17	40000485	40200485	harbor2	chr17	40041866	40042082	DNA/hAT-Charlie	828	+	108	40041974	41489
chr17	40000485	40200485	harbor2	chr17	40048235	40048425	DNA/hAT-Charlie	819	+	95	40048330	47845
chr17	79735068	79935068	harbor2	chr17	79748758	79749189	DNA/hAT-Charlie	1257	+	216	79748974	13906
chr17	79735068	79935068	harbor2	chr17	79788591	79788798	DNA/hAT-Charlie	773	+	104	79788695	53627
chr17	7947124	8147124	harbor2	chr17	8018266	8018427	DNA/hAT-Charlie	710	+	80	8018346	71222
chr17	7947124	8147124	harbor2	chr17	8018486	8018789	DNA/hAT-Charlie	648	+	152	8018638	71514
chr17	79692259	79892259	harbor2	chr17	79748758	79749189	DNA/hAT-Charlie	1257	+	216	79748974	56715
chr17	79692259	79892259	harbor2	chr17	79788591	79788798	DNA/hAT-Charlie	773	+	104	79788695	96436
chr17	76953100	77153100	harbor2	chr17	76979500	76979602	DNA/hAT-Charlie	702	+	51	76979551	26451
chr17	30610131	30810131	harbor2	chr17	30696089	30696276	DNA/hAT-Charlie	830	+	94	30696183	86052
chr17	76284349	76484349	harbor2	chr17	76368530	76368731	DNA/hAT-Charlie	982	+	100	76368630	84281
chr17	34602208	34802208	harbor2	chr17	34656030	34656291	DNA/hAT-Charlie	1313	+	130	34656160	53952
chr17	75293828	75493828	harbor2	chr17	75301632	75301915	DNA/hAT-Charlie	1762	+	142	75301774	7946
chr17	75293828	75493828	harbor2	chr17	75354482	75354667	DNA/hAT-Charlie	1222	+	92	75354574	60746
chr17	13555165	13755165	harbor2	chr17	13575929	13576104	DNA/hAT-Charlie	870	+	88	13576017	20852
chr17	13555165	13755165	harbor2	chr17	13586485	13586585	DNA/hAT-Charlie	1277	+	50	13586535	31370
chr17	13555165	13755165	harbor2	chr17	13586898	13587121	DNA/hAT-Charlie	1277	+	112	13587010	31845
chr17	13555165	13755165	harbor2	chr17	13588115	13588295	DNA/hAT-Charlie	923	+	90	13588205	33040
chr17	13555165	13755165	harbor2	chr17	13631634	13632043	DNA/hAT-Charlie	884	+	204	13631838	76673
chr17	13555165	13755165	harbor2	chr17	13643873	13644025	DNA/hAT-Charlie	666	+	76	13643949	88784
chr17	897394	1097394	harbor2	chr17	929033	929313	DNA/hAT-Charlie	744	+	140	929173	31779
chr17	897394	1097394	harbor2	chr17	932283	932442	DNA/hAT-Charlie	616	+	80	932363	34969
chr17	897394	1097394	harbor2	chr17	966196	966350	DNA/hAT-Charlie	1405	+	77	966273	68879
chr17	897394	1097394	harbor2	chr17	966646	966722	DNA/hAT-Charlie	1405	+	38	966684	69290
chr17	36094893	36294893	harbor2	chr17	36118994	36119517	DNA/hAT-Charlie	3800	+	262	36119256	24363
chr17	36094893	36294893	harbor2	chr17	36138856	36139188	DNA/hAT-Charlie	1447	+	166	36139022	44129
chr17	38632240	38832240	harbor2	chr17	38636141	38636513	DNA/hAT-Charlie	1934	+	186	38636327	4087
chr17	74678332	74878332	harbor2	chr17	74755726	74755947	DNA/hAT-Charlie	1269	+	110	74755836	77504
chr17	74678332	74878332	harbor2	chr17	74756249	74756266	DNA/hAT-Charlie	1269	+	8	74756257	77925
chr17	74678332	74878332	harbor2	chr17	74756579	74756661	DNA/hAT-Charlie	1269	+	41	74756620	78288
chr17	7462638	7662638	harbor2	chr17	7489329	7489784	DNA/hAT-Charlie	1746	+	228	7489557	26919
chr17	7462638	7662638	harbor2	chr17	7490077	7490165	DNA/hAT-Charlie	1746	+	44	7490121	27483
chr17	7465774	7665774	harbor2	chr17	7489329	7489784	DNA/hAT-Charlie	1746	+	228	7489557	23783
chr17	7465774	7665774	harbor2	chr17	7490077	7490165	DNA/hAT-Charlie	1746	+	44	7490121	24347
chr17	31922504	32122504	harbor2	chr17	31935484	31935667	DNA/hAT-Charlie	870	+	92	31935576	13072
chr17	31922504	32122504	harbor2	chr17	31987591	31987648	DNA/hAT-Charlie	676	+	28	31987619	65115
chr17	31922504	32122504	harbor2	chr17	31987953	31988200	DNA/hAT-Charlie	676	+	124	31988077	65573
chr17	78942571	79142571	harbor2	chr17	79002104	79002255	DNA/hAT-Charlie	983	+	76	79002180	59609
chr17	78942571	79142571	harbor2	chr17	79036090	79036174	DNA/hAT-Charlie	1144	+	42	79036132	93561
chr17	78942571	79142571	harbor2	chr17	79036475	79036609	DNA/hAT-Charlie	1144	+	67	79036542	93971
chr17	78942571	79142571	harbor2	chr17	79039162	79039369	DNA/hAT-Charlie	963	+	104	79039266	96695
chr17	2833263	3033263	harbor2	chr17	2838697	2838984	DNA/hAT-Charlie	1093	+	144	2838841	5578
chr17	2833263	3033263	harbor2	chr17	2849895	2849999	DNA/hAT-Charlie	778	+	52	2849947	16684
chr17	2833263	3033263	harbor2	chr17	2850300	2850467	DNA/hAT-Charlie	778	+	84	2850384	17121
chr17	2833263	3033263	harbor2	chr17	2851086	2851190	DNA/hAT-Charlie	778	+	52	2851138	17875
chr17	2833263	3033263	harbor2	chr17	2855236	2855603	DNA/hAT-Charlie	1553	+	184	2855420	22157
chr17	2833263	3033263	harbor2	chr17	2855913	2856005	DNA/hAT-Charlie	1553	+	46	2855959	22696
chr17	2833263	3033263	harbor2	chr17	2907703	2907811	DNA/hAT-Charlie	754	+	54	2907757	74494
chr17	2833263	3033263	harbor2	chr17	2908105	2908169	DNA/hAT-Charlie	754	+	32	2908137	74874
chr17	29489568	29689568	harbor2	chr17	29586201	29586438	DNA/hAT-Charlie	1361	+	118	29586319	96751
chr17	7832561	8032561	harbor2	chr17	7930040	7930239	DNA/hAT-Charlie	1015	+	100	7930140	97579
chr17	77051407	77251407	harbor2	chr17	77061087	77061204	DNA/hAT-Charlie	674	+	58	77061145	9738
chr17	77051407	77251407	harbor2	chr17	77061501	77061565	DNA/hAT-Charlie	674	+	32	77061533	10126
chr17	77051407	77251407	harbor2	chr17	77074506	77074767	DNA/hAT-Charlie	1232	+	130	77074636	23229
chr17	77051407	77251407	harbor2	chr17	77081304	77081515	DNA/hAT-Charlie	1025	+	106	77081410	30003
chr17	77051407	77251407	harbor2	chr17	77082097	77082204	DNA/hAT-Charlie	1025	+	54	77082151	30744
chr17	78740813	78940813	harbor2	chr17	78744399	78745141	DNA/hAT-Charlie	1512	+	371	78744770	3957
chr17	78740813	78940813	harbor2	chr17	78792514	78792655	DNA/hAT-Charlie	619	+	70	78792584	51771
chr17	78740813	78940813	harbor2	chr17	78832481	78832682	DNA/hAT-Charlie	813	+	100	78832581	91768
chr17	78740813	78940813	harbor2	chr17	78836897	78837209	DNA/hAT-Charlie	1568	+	156	78837053	96240
chr17	76769217	76969217	harbor2	chr17	76835668	76835768	DNA/hAT-Charlie	1142	+	50	76835718	66501
chr17	76769217	76969217	harbor2	chr17	76836059	76836328	DNA/hAT-Charlie	1142	+	134	76836193	66976
chr17	15687778	15887778	harbor2	chr17	15690277	15690536	DNA/hAT-Charlie	1147	+	130	15690407	2629
chr17	15687778	15887778	harbor2	chr17	15690839	15690887	DNA/hAT-Charlie	1147	+	24	15690863	3085
chr17	15687778	15887778	harbor2	chr17	15719229	15719393	DNA/hAT-Charlie	643	+	82	15719311	31533
chr17	1683959	1883959	harbor2	chr17	1760634	1760874	DNA/hAT-Charlie	1441	+	120	1760754	76795
chr17	45709559	45909559	harbor2	chr17	45754625	45754976	DNA/hAT-Charlie	1269	+	176	45754801	45242
chr17	7472461	7672461	harbor2	chr17	7489329	7489784	DNA/hAT-Charlie	1746	+	228	7489557	17096
chr17	7472461	7672461	harbor2	chr17	7490077	7490165	DNA/hAT-Charlie	1746	+	44	7490121	17660
chr17	32168235	32368235	harbor2	chr17	32174143	32174420	DNA/hAT-Charlie	1175	+	138	32174281	6046
chr17	32168235	32368235	harbor2	chr17	32187534	32187574	DNA/hAT-Charlie	1305	+	20	32187554	19319
chr17	32168235	32368235	harbor2	chr17	32187869	32188217	DNA/hAT-Charlie	1305	+	174	32188043	19808
chr17	32168235	32368235	harbor2	chr17	32188233	32188845	DNA/hAT-Charlie	3122	+	306	32188539	20304
chr17	74936805	75136805	harbor2	chr17	74940453	74940785	DNA/hAT-Charlie	2058	+	166	74940619	3814
chr17	74936805	75136805	harbor2	chr17	74961051	74961257	DNA/hAT-Charlie	976	+	103	74961154	24349
chr17	74936805	75136805	harbor2	chr17	74961568	74961637	DNA/hAT-Charlie	976	+	34	74961602	24797
chr17	57769118	57969118	harbor2	chr17	57778343	57778559	DNA/hAT-Charlie	985	+	108	57778451	9333
chr17	57769118	57969118	harbor2	chr17	57808067	57808408	DNA/hAT-Charlie	2300	+	170	57808237	39119
chr17	57769118	57969118	harbor2	chr17	57859248	57859396	DNA/hAT-Charlie	679	+	74	57859322	90204
chr17	79689590	79889590	harbor2	chr17	79748758	79749189	DNA/hAT-Charlie	1257	+	216	79748974	59384
chr17	79689590	79889590	harbor2	chr17	79788591	79788798	DNA/hAT-Charlie	773	+	104	79788695	99105
chr17	76637275	76837275	harbor2	chr17	76722089	76722256	DNA/hAT-Charlie	845	+	84	76722173	84898
chr17	76638049	76838049	harbor2	chr17	76722089	76722256	DNA/hAT-Charlie	845	+	84	76722173	84124
chr17	40257159	40457159	harbor2	chr17	40290324	40290498	DNA/hAT-Charlie	1004	+	87	40290411	33252
chr17	79706000	79906000	harbor2	chr17	79748758	79749189	DNA/hAT-Charlie	1257	+	216	79748974	42974
chr17	79706000	79906000	harbor2	chr17	79788591	79788798	DNA/hAT-Charlie	773	+	104	79788695	82695
chr17	76284381	76484381	harbor2	chr17	76368530	76368731	DNA/hAT-Charlie	982	+	100	76368630	84249
chr17	988320	1188320	harbor2	chr17	1085605	1085864	DNA/hAT-Charlie	1173	+	130	1085735	97415
chr17	988320	1188320	harbor2	chr17	1086163	1086223	DNA/hAT-Charlie	1173	+	30	1086193	97873
chr17	17077758	17277758	harbor2	chr17	17080518	17080714	DNA/hAT-Charlie	953	+	98	17080616	2858
chr17	17077758	17277758	harbor2	chr17	17100473	17100914	DNA/hAT-Charlie	2647	+	220	17100693	22935
chr17	17077758	17277758	harbor2	chr17	17108410	17108582	DNA/hAT-Charlie	659	+	86	17108496	30738
chr17	17077758	17277758	harbor2	chr17	17148379	17149213	DNA/hAT-Charlie	3393	+	417	17148796	71038
chr17	17077758	17277758	harbor2	chr17	17149507	17149922	DNA/hAT-Charlie	3393	+	208	17149715	71957
chr17	2089661	2289661	harbor2	chr17	2135534	2135693	DNA/hAT-Charlie	817	+	80	2135614	45953
chr17	2089661	2289661	harbor2	chr17	2150023	2150370	DNA/hAT-Charlie	1866	+	174	2150197	60536
chr17	2089661	2289661	harbor2	chr17	2153090	2153277	DNA/hAT-Charlie	1147	+	94	2153184	63523
chr17	7479862	7679862	harbor2	chr17	7489329	7489784	DNA/hAT-Charlie	1746	+	228	7489557	9695
chr17	7479862	7679862	harbor2	chr17	7490077	7490165	DNA/hAT-Charlie	1746	+	44	7490121	10259
chr17	55321022	55521022	harbor2	chr17	55331498	55331649	DNA/hAT-Charlie	675	+	76	55331574	10552
chr17	55321022	55521022	harbor2	chr17	55367626	55367798	DNA/hAT-Charlie	643	+	86	55367712	46690
chr17	44262877	44462877	harbor2	chr17	44331468	44331754	DNA/hAT-Charlie	687	+	143	44331611	68734
chr17	44262877	44462877	harbor2	chr17	44356924	44357069	DNA/hAT-Charlie	658	+	72	44356996	94119
chr17	44262877	44462877	harbor2	chr17	44357658	44357722	DNA/hAT-Charlie	658	+	32	44357690	94813
chr17	76638956	76838956	harbor2	chr17	76722089	76722256	DNA/hAT-Charlie	845	+	84	76722173	83217
chr17	79690038	79890038	harbor2	chr17	79748758	79749189	DNA/hAT-Charlie	1257	+	216	79748974	58936
chr17	79690038	79890038	harbor2	chr17	79788591	79788798	DNA/hAT-Charlie	773	+	104	79788695	98657
chr17	40317891	40517891	harbor2	chr17	40360522	40360744	DNA/hAT-Charlie	988	+	111	40360633	42742
chr17	40317891	40517891	harbor2	chr17	40382943	40383083	DNA/hAT-Charlie	646	+	70	40383013	65122
chr17	40317891	40517891	harbor2	chr17	40383380	40383409	DNA/hAT-Charlie	646	+	14	40383394	65503
chr17	31920716	32120716	harbor2	chr17	31935484	31935667	DNA/hAT-Charlie	870	+	92	31935576	14860
chr17	31920716	32120716	harbor2	chr17	31987591	31987648	DNA/hAT-Charlie	676	+	28	31987619	66903
chr17	31920716	32120716	harbor2	chr17	31987953	31988200	DNA/hAT-Charlie	676	+	124	31988077	67361
chr17	48809655	49009655	harbor2	chr17	48843768	48843889	DNA/hAT-Charlie	757	+	60	48843828	34173
chr17	48809655	49009655	harbor2	chr17	48844183	48844268	DNA/hAT-Charlie	757	+	42	48844225	34570
chr17	48809655	49009655	harbor2	chr17	48853681	48853992	DNA/hAT-Charlie	882	+	156	48853837	44182
chr17	48809655	49009655	harbor2	chr17	48893712	48893894	DNA/hAT-Charlie	1060	+	91	48893803	84148
chr17	48795295	48995295	harbor2	chr17	48843768	48843889	DNA/hAT-Charlie	757	+	60	48843828	48533
chr17	48795295	48995295	harbor2	chr17	48844183	48844268	DNA/hAT-Charlie	757	+	42	48844225	48930
chr17	48795295	48995295	harbor2	chr17	48853681	48853992	DNA/hAT-Charlie	882	+	156	48853837	58542
chr17	48795295	48995295	harbor2	chr17	48893712	48893894	DNA/hAT-Charlie	1060	+	91	48893803	98508
chr17	30996295	31196295	harbor2	chr17	31060936	31061074	DNA/hAT-Charlie	759	+	69	31061005	64710
chr17	30996295	31196295	harbor2	chr17	31083439	31083695	DNA/hAT-Charlie	1318	+	128	31083567	87272
chr17	30996295	31196295	harbor2	chr17	31084007	31084239	DNA/hAT-Charlie	1318	+	116	31084123	87828
chr17	30996295	31196295	harbor2	chr17	31084548	31084640	DNA/hAT-Charlie	1318	+	46	31084594	88299
chr17	30996295	31196295	harbor2	chr17	31091284	31091508	DNA/hAT-Charlie	970	+	112	31091396	95101
chr17	7152164	7352164	harbor2	chr17	7201328	7201532	DNA/hAT-Charlie	808	+	102	7201430	49266
chr17	1008518	1208518	harbor2	chr17	1085605	1085864	DNA/hAT-Charlie	1173	+	130	1085735	77217
chr17	1008518	1208518	harbor2	chr17	1086163	1086223	DNA/hAT-Charlie	1173	+	30	1086193	77675
chr17	43300682	43500682	harbor2	chr17	43382879	43383037	DNA/hAT-Charlie	705	+	79	43382958	82276
chr17	76638206	76838206	harbor2	chr17	76722089	76722256	DNA/hAT-Charlie	845	+	84	76722173	83967
chr17	15162566	15362566	harbor2	chr17	15228414	15228570	DNA/hAT-Charlie	760	+	78	15228492	65926
chr17	2267478	2467478	harbor2	chr17	2274028	2274240	DNA/hAT-Charlie	1191	+	106	2274134	6656
chr17	2267478	2467478	harbor2	chr17	2296448	2296710	DNA/hAT-Charlie	1098	+	131	2296579	29101
chr17	9859791	10059791	harbor2	chr17	9864197	9864357	DNA/hAT-Charlie	794	+	80	9864277	4486
chr17	9859791	10059791	harbor2	chr17	9866270	9866500	DNA/hAT-Charlie	1190	+	115	9866385	6594
chr17	9859791	10059791	harbor2	chr17	9873478	9873682	DNA/hAT-Charlie	1219	+	102	9873580	13789
chr17	9859791	10059791	harbor2	chr17	9954588	9954813	DNA/hAT-Charlie	1102	+	112	9954700	94909
chr18	26207400	26407400	harbor2	chr18	26209369	26209600	DNA/hAT-Charlie	4957	+	116	26209485	2085
chr18	26207400	26407400	harbor2	chr18	26209927	26209937	DNA/hAT-Charlie	4957	+	5	26209932	2532
chr18	26207400	26407400	harbor2	chr18	26210777	26211820	DNA/hAT-Charlie	4957	+	522	26211299	3899
chr18	26207400	26407400	harbor2	chr18	26213415	26213556	DNA/hAT-Charlie	482	+	70	26213485	6085
chr18	37466538	37666538	harbor2	chr18	37525858	37526051	DNA/hAT-Charlie	749	+	96	37525954	59416
chr18	37466538	37666538	harbor2	chr18	37531367	37531688	DNA/hAT-Charlie	1033	+	160	37531527	64989
chr18	37466538	37666538	harbor2	chr18	37539649	37539862	DNA/hAT-Charlie	632	+	106	37539755	73217
chr18	26128429	26328429	harbor2	chr18	26166249	26167483	DNA/hAT-Charlie	3858	+	617	26166866	38437
chr18	26128429	26328429	harbor2	chr18	26177173	26177385	DNA/hAT-Charlie	980	+	106	26177279	48850
chr18	26128429	26328429	harbor2	chr18	26209369	26209600	DNA/hAT-Charlie	4957	+	116	26209485	81056
chr18	26128429	26328429	harbor2	chr18	26209927	26209937	DNA/hAT-Charlie	4957	+	5	26209932	81503
chr18	26128429	26328429	harbor2	chr18	26210777	26211820	DNA/hAT-Charlie	4957	+	522	26211299	82870
chr18	26128429	26328429	harbor2	chr18	26213415	26213556	DNA/hAT-Charlie	482	+	70	26213485	85056
chr18	50173629	50373629	harbor2	chr18	50196406	50196563	DNA/hAT-Charlie	638	+	78	50196484	22855
chr18	50173629	50373629	harbor2	chr18	50201410	50201728	DNA/hAT-Charlie	627	+	159	50201569	27940
chr18	50173629	50373629	harbor2	chr18	50201719	50202007	DNA/hAT-Charlie	1392	+	144	50201863	28234
chr18	50173629	50373629	harbor2	chr18	50201997	50202445	DNA/hAT-Charlie	924	+	224	50202221	28592
chr18	26127503	26327503	harbor2	chr18	26166249	26167483	DNA/hAT-Charlie	3858	+	617	26166866	39363
chr18	26127503	26327503	harbor2	chr18	26177173	26177385	DNA/hAT-Charlie	980	+	106	26177279	49776
chr18	26127503	26327503	harbor2	chr18	26209369	26209600	DNA/hAT-Charlie	4957	+	116	26209485	81982
chr18	26127503	26327503	harbor2	chr18	26209927	26209937	DNA/hAT-Charlie	4957	+	5	26209932	82429
chr18	26127503	26327503	harbor2	chr18	26210777	26211820	DNA/hAT-Charlie	4957	+	522	26211299	83796
chr18	26127503	26327503	harbor2	chr18	26213415	26213556	DNA/hAT-Charlie	482	+	70	26213485	85982
chr18	31999202	32199202	harbor2	chr18	32073311	32073529	DNA/hAT-Charlie	1092	+	109	32073420	74218
chr18	48646833	48846833	harbor2	chr18	48673717	48673910	DNA/hAT-Charlie	1200	+	96	48673813	26980
chr18	48646833	48846833	harbor2	chr18	48678868	48679077	DNA/hAT-Charlie	998	+	104	48678972	32139
chr18	48646833	48846833	harbor2	chr18	48682341	48682522	DNA/hAT-Charlie	956	+	90	48682431	35598
chr18	48646833	48846833	harbor2	chr18	48693345	48693512	DNA/hAT-Charlie	744	+	84	48693429	46596
chr18	48646833	48846833	harbor2	chr18	48693713	48693917	DNA/hAT-Charlie	1015	+	102	48693815	46982
chr18	48646833	48846833	harbor2	chr18	48742823	48743863	DNA/hAT-Charlie	2731	+	520	48743343	96510
chr18	26128488	26328488	harbor2	chr18	26166249	26167483	DNA/hAT-Charlie	3858	+	617	26166866	38378
chr18	26128488	26328488	harbor2	chr18	26177173	26177385	DNA/hAT-Charlie	980	+	106	26177279	48791
chr18	26128488	26328488	harbor2	chr18	26209369	26209600	DNA/hAT-Charlie	4957	+	116	26209485	80997
chr18	26128488	26328488	harbor2	chr18	26209927	26209937	DNA/hAT-Charlie	4957	+	5	26209932	81444
chr18	26128488	26328488	harbor2	chr18	26210777	26211820	DNA/hAT-Charlie	4957	+	522	26211299	82811
chr18	26128488	26328488	harbor2	chr18	26213415	26213556	DNA/hAT-Charlie	482	+	70	26213485	84997
chr18	42427605	42627605	harbor2	chr18	42498414	42498613	DNA/hAT-Charlie	897	+	100	42498514	70909
chr18	76054282	76254282	harbor2	chr18	76105618	76105808	DNA/hAT-Charlie	486	+	95	76105713	51431
chr18	74357679	74557679	harbor2	chr18	74385460	74385511	DNA/hAT-Charlie	440	+	26	74385486	27807
chr18	74357679	74557679	harbor2	chr18	74386322	74386434	DNA/hAT-Charlie	440	+	56	74386378	28699
chr18	74357679	74557679	harbor2	chr18	74433767	74434141	DNA/hAT-Charlie	1166	+	187	74433954	76275
chr18	74357679	74557679	harbor2	chr18	74432230	74432739	DNA/hAT-Charlie	3528	+	254	74432484	74805
chr18	26126452	26326452	harbor2	chr18	26166249	26167483	DNA/hAT-Charlie	3858	+	617	26166866	40414
chr18	26126452	26326452	harbor2	chr18	26177173	26177385	DNA/hAT-Charlie	980	+	106	26177279	50827
chr18	26126452	26326452	harbor2	chr18	26209369	26209600	DNA/hAT-Charlie	4957	+	116	26209485	83033
chr18	26126452	26326452	harbor2	chr18	26209927	26209937	DNA/hAT-Charlie	4957	+	5	26209932	83480
chr18	26126452	26326452	harbor2	chr18	26210777	26211820	DNA/hAT-Charlie	4957	+	522	26211299	84847
chr18	26126452	26326452	harbor2	chr18	26213415	26213556	DNA/hAT-Charlie	482	+	70	26213485	87033
chr18	75398513	75598513	harbor2	chr18	75450631	75450757	DNA/hAT-Charlie	625	+	63	75450694	52181
chr18	26126438	26326438	harbor2	chr18	26166249	26167483	DNA/hAT-Charlie	3858	+	617	26166866	40428
chr18	26126438	26326438	harbor2	chr18	26177173	26177385	DNA/hAT-Charlie	980	+	106	26177279	50841
chr18	26126438	26326438	harbor2	chr18	26209369	26209600	DNA/hAT-Charlie	4957	+	116	26209485	83047
chr18	26126438	26326438	harbor2	chr18	26209927	26209937	DNA/hAT-Charlie	4957	+	5	26209932	83494
chr18	26126438	26326438	harbor2	chr18	26210777	26211820	DNA/hAT-Charlie	4957	+	522	26211299	84861
chr18	26126438	26326438	harbor2	chr18	26213415	26213556	DNA/hAT-Charlie	482	+	70	26213485	87047
chr18	54891836	55091836	harbor2	chr18	54905709	54906212	DNA/hAT-Charlie	3408	+	252	54905961	14125
chr18	54891836	55091836	harbor2	chr18	54945932	54946348	DNA/hAT-Charlie	1198	+	208	54946140	54304
chr18	37468263	37668263	harbor2	chr18	37525858	37526051	DNA/hAT-Charlie	749	+	96	37525954	57691
chr18	37468263	37668263	harbor2	chr18	37531367	37531688	DNA/hAT-Charlie	1033	+	160	37531527	63264
chr18	37468263	37668263	harbor2	chr18	37539649	37539862	DNA/hAT-Charlie	632	+	106	37539755	71492
chr18	62458039	62658039	harbor2	chr18	62488610	62488911	DNA/hAT-Charlie	4996	+	150	62488760	30721
chr18	62458039	62658039	harbor2	chr18	62489215	62490537	DNA/hAT-Charlie	4996	+	661	62489876	31837
chr18	75108369	75308369	harbor2	chr18	75186088	75186239	DNA/hAT-Charlie	523	+	76	75186164	77795
chr18	26127296	26327296	harbor2	chr18	26166249	26167483	DNA/hAT-Charlie	3858	+	617	26166866	39570
chr18	26127296	26327296	harbor2	chr18	26177173	26177385	DNA/hAT-Charlie	980	+	106	26177279	49983
chr18	26127296	26327296	harbor2	chr18	26209369	26209600	DNA/hAT-Charlie	4957	+	116	26209485	82189
chr18	26127296	26327296	harbor2	chr18	26209927	26209937	DNA/hAT-Charlie	4957	+	5	26209932	82636
chr18	26127296	26327296	harbor2	chr18	26210777	26211820	DNA/hAT-Charlie	4957	+	522	26211299	84003
chr18	26127296	26327296	harbor2	chr18	26213415	26213556	DNA/hAT-Charlie	482	+	70	26213485	86189
chr18	57499758	57699758	harbor2	chr18	57530176	57530292	DNA/hAT-Charlie	492	+	58	57530234	30476
chr18	57499758	57699758	harbor2	chr18	57577197	57577432	DNA/hAT-Charlie	955	+	118	57577315	77557
chr18	57499758	57699758	harbor2	chr18	57599269	57599418	DNA/hAT-Charlie	450	+	74	57599343	99585
chr18	57521968	57721968	harbor2	chr18	57530176	57530292	DNA/hAT-Charlie	492	+	58	57530234	8266
chr18	57521968	57721968	harbor2	chr18	57577197	57577432	DNA/hAT-Charlie	955	+	118	57577315	55347
chr18	57521968	57721968	harbor2	chr18	57599269	57599418	DNA/hAT-Charlie	450	+	74	57599343	77375
chr18	59170166	59370166	harbor2	chr18	59214482	59214696	DNA/hAT-Charlie	923	+	107	59214589	44423
chr18	59170166	59370166	harbor2	chr18	59216070	59216206	DNA/hAT-Charlie	530	+	68	59216138	45972
chr18	59170166	59370166	harbor2	chr18	59238972	59239288	DNA/hAT-Charlie	829	+	158	59239130	68964
chr18	11589562	11789562	harbor2	chr18	11594466	11595053	DNA/hAT-Charlie	1289	+	294	11594760	5198
chr18	26127357	26327357	harbor2	chr18	26166249	26167483	DNA/hAT-Charlie	3858	+	617	26166866	39509
chr18	26127357	26327357	harbor2	chr18	26177173	26177385	DNA/hAT-Charlie	980	+	106	26177279	49922
chr18	26127357	26327357	harbor2	chr18	26209369	26209600	DNA/hAT-Charlie	4957	+	116	26209485	82128
chr18	26127357	26327357	harbor2	chr18	26209927	26209937	DNA/hAT-Charlie	4957	+	5	26209932	82575
chr18	26127357	26327357	harbor2	chr18	26210777	26211820	DNA/hAT-Charlie	4957	+	522	26211299	83942
chr18	26127357	26327357	harbor2	chr18	26213415	26213556	DNA/hAT-Charlie	482	+	70	26213485	86128
chr18	46638380	46838380	harbor2	chr18	46671915	46672066	DNA/hAT-Charlie	590	+	76	46671991	33611
chr18	46638380	46838380	harbor2	chr18	46672076	46672234	DNA/hAT-Charlie	715	+	79	46672155	33775
chr18	46638380	46838380	harbor2	chr18	46687073	46687417	DNA/hAT-Charlie	1342	+	172	46687245	48865
chr18	46638380	46838380	harbor2	chr18	46694251	46694367	DNA/hAT-Charlie	587	+	58	46694309	55929
chr18	46638380	46838380	harbor2	chr18	46703635	46703846	DNA/hAT-Charlie	639	+	106	46703741	65361
chr18	12557366	12757366	harbor2	chr18	12582666	12582768	DNA/hAT-Charlie	475	+	51	12582717	25351
chr18	12557366	12757366	harbor2	chr18	12612520	12612672	DNA/hAT-Charlie	766	+	76	12612596	55230
chr18	12557366	12757366	harbor2	chr18	12613479	12613617	DNA/hAT-Charlie	1080	+	69	12613548	56182
chr18	12557366	12757366	harbor2	chr18	12613900	12613976	DNA/hAT-Charlie	1080	+	38	12613938	56572
chr18	12557366	12757366	harbor2	chr18	12614281	12614400	DNA/hAT-Charlie	1080	+	60	12614341	56975
chr18	12557366	12757366	harbor2	chr18	12640094	12640375	DNA/hAT-Charlie	810	+	140	12640234	82868
chr18	12557366	12757366	harbor2	chr18	12641151	12641348	DNA/hAT-Charlie	471	+	98	12641249	83883
chr18	12557366	12757366	harbor2	chr18	12645931	12646122	DNA/hAT-Charlie	607	+	96	12646027	88661
chr18	12557366	12757366	harbor2	chr18	12653066	12653265	DNA/hAT-Charlie	820	+	100	12653166	95800
chr18	26126393	26326393	harbor2	chr18	26166249	26167483	DNA/hAT-Charlie	3858	+	617	26166866	40473
chr18	26126393	26326393	harbor2	chr18	26177173	26177385	DNA/hAT-Charlie	980	+	106	26177279	50886
chr18	26126393	26326393	harbor2	chr18	26209369	26209600	DNA/hAT-Charlie	4957	+	116	26209485	83092
chr18	26126393	26326393	harbor2	chr18	26209927	26209937	DNA/hAT-Charlie	4957	+	5	26209932	83539
chr18	26126393	26326393	harbor2	chr18	26210777	26211820	DNA/hAT-Charlie	4957	+	522	26211299	84906
chr18	26126393	26326393	harbor2	chr18	26213415	26213556	DNA/hAT-Charlie	482	+	70	26213485	87092
chr18	12208746	12408746	harbor2	chr18	12267827	12268013	DNA/hAT-Charlie	896	+	93	12267920	59174
chr18	65652922	65852922	harbor2	chr18	65657228	65657353	DNA/hAT-Charlie	490	+	62	65657290	4368
chr18	65652922	65852922	harbor2	chr18	65657363	65657489	DNA/hAT-Charlie	476	+	63	65657426	4504
chr18	65652922	65852922	harbor2	chr18	65662724	65662902	DNA/hAT-Charlie	691	+	89	65662813	9891
chr18	65652922	65852922	harbor2	chr18	65679210	65679336	DNA/hAT-Charlie	545	+	63	65679273	26351
chr18	65652922	65852922	harbor2	chr18	65728872	65729074	DNA/hAT-Charlie	570	+	101	65728973	76051
chr18	75236592	75436592	harbor2	chr18	75334140	75334422	DNA/hAT-Charlie	943	+	141	75334281	97689
chr18	75103932	75303932	harbor2	chr18	75186088	75186239	DNA/hAT-Charlie	523	+	76	75186164	82232
chr18	50093420	50293420	harbor2	chr18	50102653	50102773	DNA/hAT-Charlie	472	+	60	50102713	9293
chr18	50093420	50293420	harbor2	chr18	50116661	50116837	DNA/hAT-Charlie	829	+	88	50116749	23329
chr18	59166135	59366135	harbor2	chr18	59214482	59214696	DNA/hAT-Charlie	923	+	107	59214589	48454
chr18	59166135	59366135	harbor2	chr18	59216070	59216206	DNA/hAT-Charlie	530	+	68	59216138	50003
chr18	59166135	59366135	harbor2	chr18	59238972	59239288	DNA/hAT-Charlie	829	+	158	59239130	72995
chr18	77230159	77430159	harbor2	chr18	77317530	77317682	DNA/hAT-Charlie	501	+	76	77317606	87447
chr18	65651681	65851681	harbor2	chr18	65657228	65657353	DNA/hAT-Charlie	490	+	62	65657290	5609
chr18	65651681	65851681	harbor2	chr18	65657363	65657489	DNA/hAT-Charlie	476	+	63	65657426	5745
chr18	65651681	65851681	harbor2	chr18	65662724	65662902	DNA/hAT-Charlie	691	+	89	65662813	11132
chr18	65651681	65851681	harbor2	chr18	65679210	65679336	DNA/hAT-Charlie	545	+	63	65679273	27592
chr18	65651681	65851681	harbor2	chr18	65728872	65729074	DNA/hAT-Charlie	570	+	101	65728973	77292
chr19	5522847	5722847	harbor2	chr19	5603707	5603971	DNA/hAT-Charlie	1055	+	132	5603839	80992
chr19	5522847	5722847	harbor2	chr19	5617591	5617777	DNA/hAT-Charlie	744	+	93	5617684	94837
chr19	49751346	49951346	harbor2	chr19	49838175	49839413	DNA/hAT-Charlie	3934	+	619	49838794	87448
chr19	49751346	49951346	harbor2	chr19	49839486	49840475	DNA/hAT-Charlie	3257	+	494	49839980	88634
chr19	49756502	49956502	harbor2	chr19	49838175	49839413	DNA/hAT-Charlie	3934	+	619	49838794	82292
chr19	49756502	49956502	harbor2	chr19	49839486	49840475	DNA/hAT-Charlie	3257	+	494	49839980	83478
chr19	56041213	56241213	harbor2	chr19	56078481	56078667	DNA/hAT-Charlie	1419	+	93	56078574	37361
chr19	56041213	56241213	harbor2	chr19	56090466	56090540	DNA/hAT-Charlie	628	+	37	56090503	49290
chr19	56041213	56241213	harbor2	chr19	56090837	56090950	DNA/hAT-Charlie	628	+	56	56090893	49680
chr19	5522872	5722872	harbor2	chr19	5603707	5603971	DNA/hAT-Charlie	1055	+	132	5603839	80967
chr19	5522872	5722872	harbor2	chr19	5617591	5617777	DNA/hAT-Charlie	744	+	93	5617684	94812
chr19	5522866	5722866	harbor2	chr19	5603707	5603971	DNA/hAT-Charlie	1055	+	132	5603839	80973
chr19	5522866	5722866	harbor2	chr19	5617591	5617777	DNA/hAT-Charlie	744	+	93	5617684	94818
chr19	1352392	1552392	harbor2	chr19	1372139	1372343	DNA/hAT-Charlie	647	+	102	1372241	19849
chr19	3982397	4182397	harbor2	chr19	4050564	4050815	DNA/hAT-Charlie	790	+	126	4050690	68293
chr19	3978058	4178058	harbor2	chr19	4050564	4050815	DNA/hAT-Charlie	790	+	126	4050690	72632
chr19	3965918	4165918	harbor2	chr19	4050564	4050815	DNA/hAT-Charlie	790	+	126	4050690	84772
chr19	2065435	2265435	harbor2	chr19	2088049	2088263	DNA/hAT-Charlie	806	+	107	2088156	22721
chr19	3287977	3487977	harbor2	chr19	3350291	3350540	DNA/hAT-Charlie	1045	+	124	3350415	62438
chr19	3287977	3487977	harbor2	chr19	3363705	3363907	DNA/hAT-Charlie	690	+	101	3363806	75829
chr19	49752345	49952345	harbor2	chr19	49838175	49839413	DNA/hAT-Charlie	3934	+	619	49838794	86449
chr19	49752345	49952345	harbor2	chr19	49839486	49840475	DNA/hAT-Charlie	3257	+	494	49839980	87635
chr19	12938721	13138721	harbor2	chr19	13004070	13004229	DNA/hAT-Charlie	628	+	80	13004150	65429
chr19	12938721	13138721	harbor2	chr19	13037729	13037924	DNA/hAT-Charlie	1021	+	98	13037827	99106
chr19	5522865	5722865	harbor2	chr19	5603707	5603971	DNA/hAT-Charlie	1055	+	132	5603839	80974
chr19	5522865	5722865	harbor2	chr19	5617591	5617777	DNA/hAT-Charlie	744	+	93	5617684	94819
chr19	5522867	5722867	harbor2	chr19	5603707	5603971	DNA/hAT-Charlie	1055	+	132	5603839	80972
chr19	5522867	5722867	harbor2	chr19	5617591	5617777	DNA/hAT-Charlie	744	+	93	5617684	94817
chr19	8046126	8246126	harbor2	chr19	8078228	8078424	DNA/hAT-Charlie	726	+	98	8078326	32200
chr19	8046126	8246126	harbor2	chr19	8110389	8110599	DNA/hAT-Charlie	1061	+	105	8110494	64368
chr19	2710739	2910739	harbor2	chr19	2726601	2726793	DNA/hAT-Charlie	625	+	96	2726697	15958
chr19	2710739	2910739	harbor2	chr19	2787695	2787904	DNA/hAT-Charlie	834	+	104	2787799	77060
chr19	40642251	40842251	harbor2	chr19	40706226	40706452	DNA/hAT-Charlie	1041	+	113	40706339	64088
chr19	40642251	40842251	harbor2	chr19	40731138	40731438	DNA/hAT-Charlie	1763	+	150	40731288	89037
chr19	1551773	1751773	harbor2	chr19	1634754	1634969	DNA/hAT-Charlie	871	+	108	1634862	83089
chr19	49752364	49952364	harbor2	chr19	49838175	49839413	DNA/hAT-Charlie	3934	+	619	49838794	86430
chr19	49752364	49952364	harbor2	chr19	49839486	49840475	DNA/hAT-Charlie	3257	+	494	49839980	87616
chr19	55239703	55439703	harbor2	chr19	55267977	55268148	DNA/hAT-Charlie	660	+	86	55268063	28360
chr19	55239703	55439703	harbor2	chr19	55310550	55310735	DNA/hAT-Charlie	824	+	92	55310642	70939
chr19	2356840	2556840	harbor2	chr19	2416993	2417183	DNA/hAT-Charlie	804	+	95	2417088	60248
chr19	10619380	10819380	harbor2	chr19	10674964	10675171	DNA/hAT-Charlie	671	+	104	10675068	55688
chr19	10619380	10819380	harbor2	chr19	10690379	10690577	DNA/hAT-Charlie	677	+	99	10690478	71098
chr19	50528711	50728711	harbor2	chr19	50540202	50540371	DNA/hAT-Charlie	2141	+	84	50540286	11575
chr19	50528711	50728711	harbor2	chr19	50540656	50540900	DNA/hAT-Charlie	2141	+	122	50540778	12067
chr19	50528711	50728711	harbor2	chr19	50547571	50547774	DNA/hAT-Charlie	743	+	102	50547673	18962
chr19	50528711	50728711	harbor2	chr19	50571657	50571922	DNA/hAT-Charlie	790	+	132	50571789	43078
chr19	50528711	50728711	harbor2	chr19	50575357	50575658	DNA/hAT-Charlie	2096	+	150	50575507	46796
chr19	50528711	50728711	harbor2	chr19	50575970	50576166	DNA/hAT-Charlie	2096	+	98	50576068	47357
chr19	15232942	15432942	harbor2	chr19	15278143	15278252	DNA/hAT-Charlie	1151	+	54	15278197	45255
chr19	15232942	15432942	harbor2	chr19	15278572	15278777	DNA/hAT-Charlie	1151	+	102	15278674	45732
chr19	1467940	1667940	harbor2	chr19	1494296	1494528	DNA/hAT-Charlie	797	+	116	1494412	26472
chr19	1467940	1667940	harbor2	chr19	1538724	1538937	DNA/hAT-Charlie	773	+	106	1538830	70890
chr19	43994297	44194297	harbor2	chr19	44043279	44043432	DNA/hAT-Charlie	793	+	76	44043355	49058
chr19	5522862	5722862	harbor2	chr19	5603707	5603971	DNA/hAT-Charlie	1055	+	132	5603839	80977
chr19	5522862	5722862	harbor2	chr19	5617591	5617777	DNA/hAT-Charlie	744	+	93	5617684	94822
chr19	32307102	32507102	harbor2	chr19	32375147	32375363	DNA/hAT-Charlie	1101	+	108	32375255	68153
chr19	32307102	32507102	harbor2	chr19	32387546	32387746	DNA/hAT-Charlie	952	+	100	32387646	80544
chr19	32307102	32507102	harbor2	chr19	32387756	32387968	DNA/hAT-Charlie	929	+	106	32387862	80760
chr19	56021023	56221023	harbor2	chr19	56024830	56025326	DNA/hAT-Charlie	3395	+	248	56025078	4055
chr19	56021023	56221023	harbor2	chr19	56078481	56078667	DNA/hAT-Charlie	1419	+	93	56078574	57551
chr19	56021023	56221023	harbor2	chr19	56090466	56090540	DNA/hAT-Charlie	628	+	37	56090503	69480
chr19	56021023	56221023	harbor2	chr19	56090837	56090950	DNA/hAT-Charlie	628	+	56	56090893	69870
chr19	1652744	1852744	harbor2	chr19	1696734	1696902	DNA/hAT-Charlie	683	+	84	1696818	44074
chr19	39408377	39608377	harbor2	chr19	39465506	39465725	DNA/hAT-Charlie	1185	+	110	39465616	57239
chr19	39408377	39608377	harbor2	chr19	39491080	39491167	DNA/hAT-Charlie	670	+	44	39491124	82747
chr19	39408377	39608377	harbor2	chr19	39491467	39491537	DNA/hAT-Charlie	670	+	35	39491502	83125
chr19	41923608	42123608	harbor2	chr19	42012552	42012593	DNA/hAT-Charlie	978	+	20	42012572	88964
chr19	41923608	42123608	harbor2	chr19	42012885	42013069	DNA/hAT-Charlie	978	+	92	42012977	89369
chr19	41923608	42123608	harbor2	chr19	42016880	42017176	DNA/hAT-Charlie	876	+	148	42017028	93420
chr19	41923608	42123608	harbor2	chr19	42017273	42017534	DNA/hAT-Charlie	1065	+	130	42017403	93795
chr19	49824648	50024648	harbor2	chr19	49838175	49839413	DNA/hAT-Charlie	3934	+	619	49838794	14146
chr19	49824648	50024648	harbor2	chr19	49839486	49840475	DNA/hAT-Charlie	3257	+	494	49839980	15332
chr19	13765177	13965177	harbor2	chr19	13822298	13822557	DNA/hAT-Charlie	1157	+	130	13822428	57251
chr19	10659892	10859892	harbor2	chr19	10674964	10675171	DNA/hAT-Charlie	671	+	104	10675068	15176
chr19	10659892	10859892	harbor2	chr19	10690379	10690577	DNA/hAT-Charlie	677	+	99	10690478	30586
chr19	703331	903331	harbor2	chr19	707462	707683	DNA/hAT-Charlie	1285	+	110	707572	4241
chr19	49751333	49951333	harbor2	chr19	49838175	49839413	DNA/hAT-Charlie	3934	+	619	49838794	87461
chr19	49751333	49951333	harbor2	chr19	49839486	49840475	DNA/hAT-Charlie	3257	+	494	49839980	88647
chr19	55638507	55838507	harbor2	chr19	55639114	55639306	DNA/hAT-Charlie	987	+	96	55639210	703
chr19	55638507	55838507	harbor2	chr19	55681470	55681658	DNA/hAT-Charlie	901	+	94	55681564	43057
chr19	48525426	48725426	harbor2	chr19	48525823	48525968	DNA/hAT-Charlie	655	+	72	48525895	469
chr19	48525426	48725426	harbor2	chr19	48526591	48526805	DNA/hAT-Charlie	864	+	107	48526698	1272
chr19	48525426	48725426	harbor2	chr19	48607978	48608106	DNA/hAT-Charlie	632	+	64	48608042	82616
chr19	48525426	48725426	harbor2	chr19	48608413	48608432	DNA/hAT-Charlie	632	+	10	48608423	82997
chr19	48525426	48725426	harbor2	chr19	48608746	48608810	DNA/hAT-Charlie	632	+	32	48608778	83352
chr19	51864995	52064995	harbor2	chr19	51885182	51885352	DNA/hAT-Charlie	731	+	85	51885267	20272
chr19	51864995	52064995	harbor2	chr19	51911448	51911630	DNA/hAT-Charlie	763	+	91	51911539	46544
chr19	51864995	52064995	harbor2	chr19	51923037	51923220	DNA/hAT-Charlie	1263	+	92	51923129	58134
chr19	51864995	52064995	harbor2	chr19	51935596	51935942	DNA/hAT-Charlie	722	+	173	51935769	70774
chr19	8046497	8246497	harbor2	chr19	8078228	8078424	DNA/hAT-Charlie	726	+	98	8078326	31829
chr19	8046497	8246497	harbor2	chr19	8110389	8110599	DNA/hAT-Charlie	1061	+	105	8110494	63997
chr19	1961578	2161578	harbor2	chr19	2006631	2006691	DNA/hAT-Charlie	951	+	30	2006661	45083
chr19	1961578	2161578	harbor2	chr19	2007291	2007451	DNA/hAT-Charlie	951	+	80	2007371	45793
chr19	39766858	39966858	harbor2	chr19	39801967	39802177	DNA/hAT-Charlie	972	+	105	39802072	35214
chr19	39766858	39966858	harbor2	chr19	39803313	39803503	DNA/hAT-Charlie	746	+	95	39803408	36550
chr19	49752229	49952229	harbor2	chr19	49838175	49839413	DNA/hAT-Charlie	3934	+	619	49838794	86565
chr19	49752229	49952229	harbor2	chr19	49839486	49840475	DNA/hAT-Charlie	3257	+	494	49839980	87751
chr19	10619513	10819513	harbor2	chr19	10674964	10675171	DNA/hAT-Charlie	671	+	104	10675068	55555
chr19	10619513	10819513	harbor2	chr19	10690379	10690577	DNA/hAT-Charlie	677	+	99	10690478	70965
chr19	54349613	54549613	harbor2	chr19	54410501	54410721	DNA/hAT-Charlie	731	+	110	54410611	60998
chr19	54349613	54549613	harbor2	chr19	54412612	54412855	DNA/hAT-Charlie	624	+	122	54412734	63121
chr19	54349613	54549613	harbor2	chr19	54422459	54422645	DNA/hAT-Charlie	689	+	93	54422552	72939
chr19	54349613	54549613	harbor2	chr19	54422954	54422968	DNA/hAT-Charlie	689	+	7	54422961	73348
chr19	54349613	54549613	harbor2	chr19	54434846	54435037	DNA/hAT-Charlie	723	+	96	54434942	85329
chr19	10618444	10818444	harbor2	chr19	10674964	10675171	DNA/hAT-Charlie	671	+	104	10675068	56624
chr19	10618444	10818444	harbor2	chr19	10690379	10690577	DNA/hAT-Charlie	677	+	99	10690478	72034
chr19	12938746	13138746	harbor2	chr19	13004070	13004229	DNA/hAT-Charlie	628	+	80	13004150	65404
chr19	12938746	13138746	harbor2	chr19	13037729	13037924	DNA/hAT-Charlie	1021	+	98	13037827	99081
chr19	49751249	49951249	harbor2	chr19	49838175	49839413	DNA/hAT-Charlie	3934	+	619	49838794	87545
chr19	49751249	49951249	harbor2	chr19	49839486	49840475	DNA/hAT-Charlie	3257	+	494	49839980	88731
chr19	1648698	1848698	harbor2	chr19	1696734	1696902	DNA/hAT-Charlie	683	+	84	1696818	48120
chr19	190996	390996	harbor2	chr19	244132	244351	DNA/hAT-Charlie	810	+	110	244242	53246
chr19	54992203	55192203	harbor2	chr19	55024651	55024828	DNA/hAT-Charlie	759	+	88	55024739	32536
chr19	5522876	5722876	harbor2	chr19	5603707	5603971	DNA/hAT-Charlie	1055	+	132	5603839	80963
chr19	5522876	5722876	harbor2	chr19	5617591	5617777	DNA/hAT-Charlie	744	+	93	5617684	94808
chr19	31990162	32190162	harbor2	chr19	32009711	32010186	DNA/hAT-Charlie	3071	+	238	32009949	19787
chr19	12938708	13138708	harbor2	chr19	13004070	13004229	DNA/hAT-Charlie	628	+	80	13004150	65442
chr19	12938708	13138708	harbor2	chr19	13037729	13037924	DNA/hAT-Charlie	1021	+	98	13037827	99119
chr19	49752869	49952869	harbor2	chr19	49838175	49839413	DNA/hAT-Charlie	3934	+	619	49838794	85925
chr19	49752869	49952869	harbor2	chr19	49839486	49840475	DNA/hAT-Charlie	3257	+	494	49839980	87111
chr19	10402914	10602914	harbor2	chr19	10426323	10426520	DNA/hAT-Charlie	1293	+	98	10426421	23507
chr19	5522857	5722857	harbor2	chr19	5603707	5603971	DNA/hAT-Charlie	1055	+	132	5603839	80982
chr19	5522857	5722857	harbor2	chr19	5617591	5617777	DNA/hAT-Charlie	744	+	93	5617684	94827
chr19	38124222	38324222	harbor2	chr19	38126379	38126538	DNA/hAT-Charlie	817	+	80	38126459	2237
chr19	38124222	38324222	harbor2	chr19	38126836	38126849	DNA/hAT-Charlie	817	+	6	38126842	2620
chr19	45370037	45570037	harbor2	chr19	45431177	45431301	DNA/hAT-Charlie	1171	+	62	45431239	61202
chr19	45370037	45570037	harbor2	chr19	45431899	45431967	DNA/hAT-Charlie	1171	+	34	45431933	61896
chr19	45370037	45570037	harbor2	chr19	45432270	45432283	DNA/hAT-Charlie	1171	+	6	45432276	62239
chr19	45370037	45570037	harbor2	chr19	45432435	45432547	DNA/hAT-Charlie	1171	+	56	45432491	62454
chr19	58377939	58577939	harbor2	chr19	58468938	58469138	DNA/hAT-Charlie	1312	+	100	58469038	91099
chr19	39880486	40080486	harbor2	chr19	39880661	39880829	DNA/hAT-Charlie	638	+	84	39880745	259
chr19	39880486	40080486	harbor2	chr19	39896912	39897080	DNA/hAT-Charlie	638	+	84	39896996	16510
chr19	39880486	40080486	harbor2	chr19	39909732	39909902	DNA/hAT-Charlie	796	+	85	39909817	29331
chr19	39880486	40080486	harbor2	chr19	39910195	39910261	DNA/hAT-Charlie	796	+	33	39910228	29742
chr19	39880486	40080486	harbor2	chr19	39961744	39961920	DNA/hAT-Charlie	961	+	88	39961832	81346
chr19	39880486	40080486	harbor2	chr19	39962288	39962398	DNA/hAT-Charlie	818	+	55	39962343	81857
chr19	39880486	40080486	harbor2	chr19	39962707	39962788	DNA/hAT-Charlie	818	+	40	39962747	82261
chr19	39880486	40080486	harbor2	chr19	39976482	39976508	DNA/hAT-Charlie	778	+	13	39976495	96009
chr19	39880486	40080486	harbor2	chr19	39976809	39976846	DNA/hAT-Charlie	778	+	18	39976827	96341
chr19	39880486	40080486	harbor2	chr19	39977152	39977237	DNA/hAT-Charlie	778	+	42	39977194	96708
chr19	29842433	30042433	harbor2	chr19	29894381	29894925	DNA/hAT-Charlie	1453	+	272	29894653	52220
chr19	29842433	30042433	harbor2	chr19	29912852	29913085	DNA/hAT-Charlie	725	+	116	29912968	70535
chr19	29842433	30042433	harbor2	chr19	29913570	29914012	DNA/hAT-Charlie	2745	+	221	29913791	71358
chr19	29842433	30042433	harbor2	chr19	29914329	29914505	DNA/hAT-Charlie	2745	+	88	29914417	71984
chr19	33094159	33294159	harbor2	chr19	33155748	33155929	DNA/hAT-Charlie	823	+	90	33155838	61679
chr19	55205663	55405663	harbor2	chr19	55205700	55205903	DNA/hAT-Charlie	624	+	102	55205802	139
chr19	55205663	55405663	harbor2	chr19	55267977	55268148	DNA/hAT-Charlie	660	+	86	55268063	62400
chr19	32286588	32486588	harbor2	chr19	32305062	32305229	DNA/hAT-Charlie	831	+	84	32305146	18558
chr19	32286588	32486588	harbor2	chr19	32375147	32375363	DNA/hAT-Charlie	1101	+	108	32375255	88667
chr19	10618443	10818443	harbor2	chr19	10674964	10675171	DNA/hAT-Charlie	671	+	104	10675068	56625
chr19	10618443	10818443	harbor2	chr19	10690379	10690577	DNA/hAT-Charlie	677	+	99	10690478	72035
chr19	2391198	2591198	harbor2	chr19	2416993	2417183	DNA/hAT-Charlie	804	+	95	2417088	25890
chr19	18675307	18875307	harbor2	chr19	18686817	18687011	DNA/hAT-Charlie	815	+	97	18686914	11607
chr19	18675307	18875307	harbor2	chr19	18695446	18695583	DNA/hAT-Charlie	821	+	68	18695514	20207
chr19	18675307	18875307	harbor2	chr19	18695892	18695972	DNA/hAT-Charlie	821	+	40	18695932	20625
chr19	5522874	5722874	harbor2	chr19	5603707	5603971	DNA/hAT-Charlie	1055	+	132	5603839	80965
chr19	5522874	5722874	harbor2	chr19	5617591	5617777	DNA/hAT-Charlie	744	+	93	5617684	94810
chr19	41689213	41889213	harbor2	chr19	41746461	41746615	DNA/hAT-Charlie	692	+	77	41746538	57325
chr19	41689213	41889213	harbor2	chr19	41785413	41785567	DNA/hAT-Charlie	688	+	77	41785490	96277
chr19	49751329	49951329	harbor2	chr19	49838175	49839413	DNA/hAT-Charlie	3934	+	619	49838794	87465
chr19	49751329	49951329	harbor2	chr19	49839486	49840475	DNA/hAT-Charlie	3257	+	494	49839980	88651
chr19	45692535	45892535	harbor2	chr19	45715289	45715488	DNA/hAT-Charlie	1020	+	100	45715389	22854
chr19	45692535	45892535	harbor2	chr19	45787175	45787505	DNA/hAT-Charlie	2076	+	165	45787340	94805
chr19	45692535	45892535	harbor2	chr19	45788273	45788453	DNA/hAT-Charlie	684	+	90	45788363	95828
chr19	49830317	50030317	harbor2	chr19	49838175	49839413	DNA/hAT-Charlie	3934	+	619	49838794	8477
chr19	49830317	50030317	harbor2	chr19	49839486	49840475	DNA/hAT-Charlie	3257	+	494	49839980	9663
chr19	11095869	11295869	harbor2	chr19	11118279	11118465	DNA/hAT-Charlie	665	+	93	11118372	22503
chr19	11095869	11295869	harbor2	chr19	11143436	11143626	DNA/hAT-Charlie	710	+	95	11143531	47662
chr19	11095869	11295869	harbor2	chr19	11187555	11187713	DNA/hAT-Charlie	691	+	79	11187634	91765
chr19	33324387	33524387	harbor2	chr19	33365779	33366108	DNA/hAT-Charlie	1780	+	164	33365943	41556
chr19	317994	517994	harbor2	chr19	320499	320808	DNA/hAT-Charlie	1935	+	154	320653	2659
chr19	317994	517994	harbor2	chr19	330857	331087	DNA/hAT-Charlie	814	+	115	330972	12978
chr19	317994	517994	harbor2	chr19	331682	331701	DNA/hAT-Charlie	814	+	10	331692	13698
chr19	317994	517994	harbor2	chr19	332001	332134	DNA/hAT-Charlie	814	+	66	332067	14073
chr19	1569007	1769007	harbor2	chr19	1634754	1634969	DNA/hAT-Charlie	871	+	108	1634862	65855
chr19	1	173810	harbor2	chr19	68877	69126	DNA/hAT-Charlie	1396	+	124	69001	69000
chr19	1	173810	harbor2	chr19	78654	79040	DNA/hAT-Charlie	1683	+	193	78847	78846
chr19	9870651	10070651	harbor2	chr19	9961902	9962109	DNA/hAT-Charlie	787	+	104	9962006	91355
chr19	1813737	2013737	harbor2	chr19	1859796	1860014	DNA/hAT-Charlie	829	+	109	1859905	46168
chr19	45692508	45892508	harbor2	chr19	45715289	45715488	DNA/hAT-Charlie	1020	+	100	45715389	22881
chr19	45692508	45892508	harbor2	chr19	45787175	45787505	DNA/hAT-Charlie	2076	+	165	45787340	94832
chr19	45692508	45892508	harbor2	chr19	45788273	45788453	DNA/hAT-Charlie	684	+	90	45788363	95855
chr19	1413995	1613995	harbor2	chr19	1494296	1494528	DNA/hAT-Charlie	797	+	116	1494412	80417
chr19	32340709	32540709	harbor2	chr19	32375147	32375363	DNA/hAT-Charlie	1101	+	108	32375255	34546
chr19	32340709	32540709	harbor2	chr19	32387546	32387746	DNA/hAT-Charlie	952	+	100	32387646	46937
chr19	32340709	32540709	harbor2	chr19	32387756	32387968	DNA/hAT-Charlie	929	+	106	32387862	47153
chr19	32340709	32540709	harbor2	chr19	32418372	32418531	DNA/hAT-Charlie	655	+	80	32418452	77743
chr19	1467897	1667897	harbor2	chr19	1494296	1494528	DNA/hAT-Charlie	797	+	116	1494412	26515
chr19	1467897	1667897	harbor2	chr19	1538724	1538937	DNA/hAT-Charlie	773	+	106	1538830	70933
chr19	1	171076	harbor2	chr19	68877	69126	DNA/hAT-Charlie	1396	+	124	69001	69000
chr19	1	171076	harbor2	chr19	78654	79040	DNA/hAT-Charlie	1683	+	193	78847	78846
chr19	208948	408948	harbor2	chr19	244132	244351	DNA/hAT-Charlie	810	+	110	244242	35294
chr19	10618459	10818459	harbor2	chr19	10674964	10675171	DNA/hAT-Charlie	671	+	104	10675068	56609
chr19	10618459	10818459	harbor2	chr19	10690379	10690577	DNA/hAT-Charlie	677	+	99	10690478	72019
chr19	1552371	1752371	harbor2	chr19	1634754	1634969	DNA/hAT-Charlie	871	+	108	1634862	82491
chr19	5579579	5779579	harbor2	chr19	5603707	5603971	DNA/hAT-Charlie	1055	+	132	5603839	24260
chr19	5579579	5779579	harbor2	chr19	5617591	5617777	DNA/hAT-Charlie	744	+	93	5617684	38105
chr19	49751324	49951324	harbor2	chr19	49838175	49839413	DNA/hAT-Charlie	3934	+	619	49838794	87470
chr19	49751324	49951324	harbor2	chr19	49839486	49840475	DNA/hAT-Charlie	3257	+	494	49839980	88656
chr19	1764842	1964842	harbor2	chr19	1859796	1860014	DNA/hAT-Charlie	829	+	109	1859905	95063
chr19	1467949	1667949	harbor2	chr19	1494296	1494528	DNA/hAT-Charlie	797	+	116	1494412	26463
chr19	1467949	1667949	harbor2	chr19	1538724	1538937	DNA/hAT-Charlie	773	+	106	1538830	70881
chr19	12938684	13138684	harbor2	chr19	13004070	13004229	DNA/hAT-Charlie	628	+	80	13004150	65466
chr19	12938684	13138684	harbor2	chr19	13037729	13037924	DNA/hAT-Charlie	1021	+	98	13037827	99143
chr19	15882495	16082495	harbor2	chr19	15940009	15940232	DNA/hAT-Charlie	890	+	112	15940121	57626
chr19	15882495	16082495	harbor2	chr19	15944400	15944561	DNA/hAT-Charlie	1187	+	80	15944480	61985
chr19	15882495	16082495	harbor2	chr19	15945064	15945239	DNA/hAT-Charlie	1187	+	88	15945152	62657
chr19	5522852	5722852	harbor2	chr19	5603707	5603971	DNA/hAT-Charlie	1055	+	132	5603839	80987
chr19	5522852	5722852	harbor2	chr19	5617591	5617777	DNA/hAT-Charlie	744	+	93	5617684	94832
chr19	5522870	5722870	harbor2	chr19	5603707	5603971	DNA/hAT-Charlie	1055	+	132	5603839	80969
chr19	5522870	5722870	harbor2	chr19	5617591	5617777	DNA/hAT-Charlie	744	+	93	5617684	94814
chr19	1553141	1753141	harbor2	chr19	1634754	1634969	DNA/hAT-Charlie	871	+	108	1634862	81721
chr19	45026245	45226245	harbor2	chr19	45082921	45083072	DNA/hAT-Charlie	668	+	76	45082997	56752
chr19	45026245	45226245	harbor2	chr19	45085391	45085565	DNA/hAT-Charlie	685	+	87	45085478	59233
chr19	10619429	10819429	harbor2	chr19	10674964	10675171	DNA/hAT-Charlie	671	+	104	10675068	55639
chr19	10619429	10819429	harbor2	chr19	10690379	10690577	DNA/hAT-Charlie	677	+	99	10690478	71049
chr19	55988018	56188018	harbor2	chr19	55992591	55992775	DNA/hAT-Charlie	649	+	92	55992683	4665
chr19	55988018	56188018	harbor2	chr19	56024830	56025326	DNA/hAT-Charlie	3395	+	248	56025078	37060
chr19	55988018	56188018	harbor2	chr19	56078481	56078667	DNA/hAT-Charlie	1419	+	93	56078574	90556
chr19	51744047	51944047	harbor2	chr19	51750178	51750483	DNA/hAT-Charlie	1470	+	152	51750330	6283
chr19	51744047	51944047	harbor2	chr19	51753166	51753702	DNA/hAT-Charlie	3708	+	268	51753434	9387
chr19	51744047	51944047	harbor2	chr19	51761309	51761598	DNA/hAT-Charlie	815	+	144	51761453	17406
chr19	51744047	51944047	harbor2	chr19	51766241	51766457	DNA/hAT-Charlie	1038	+	108	51766349	22302
chr19	51744047	51944047	harbor2	chr19	51798229	51798421	DNA/hAT-Charlie	1061	+	96	51798325	54278
chr19	51744047	51944047	harbor2	chr19	51818112	51818418	DNA/hAT-Charlie	787	+	153	51818265	74218
chr19	51744047	51944047	harbor2	chr19	51821314	51821530	DNA/hAT-Charlie	1208	+	108	51821422	77375
chr19	1352383	1552383	harbor2	chr19	1372139	1372343	DNA/hAT-Charlie	647	+	102	1372241	19858
chr19	5522807	5722807	harbor2	chr19	5603707	5603971	DNA/hAT-Charlie	1055	+	132	5603839	81032
chr19	5522807	5722807	harbor2	chr19	5617591	5617777	DNA/hAT-Charlie	744	+	93	5617684	94877
chr19	3335362	3535362	harbor2	chr19	3350291	3350540	DNA/hAT-Charlie	1045	+	124	3350415	15053
chr19	3335362	3535362	harbor2	chr19	3363705	3363907	DNA/hAT-Charlie	690	+	101	3363806	28444
chr19	3335362	3535362	harbor2	chr19	3394645	3394972	DNA/hAT-Charlie	1701	+	164	3394809	59447
chr19	2788095	2988095	harbor2	chr19	2820444	2820635	DNA/hAT-Charlie	618	+	96	2820540	32445
chr19	1519661	1719661	harbor2	chr19	1538724	1538937	DNA/hAT-Charlie	773	+	106	1538830	19169
chr19	1763763	1963763	harbor2	chr19	1859796	1860014	DNA/hAT-Charlie	829	+	109	1859905	96142
chr19	1764898	1964898	harbor2	chr19	1859796	1860014	DNA/hAT-Charlie	829	+	109	1859905	95007
chr19	3965976	4165976	harbor2	chr19	4050564	4050815	DNA/hAT-Charlie	790	+	126	4050690	84714
chr19	49769598	49969598	harbor2	chr19	49838175	49839413	DNA/hAT-Charlie	3934	+	619	49838794	69196
chr19	49769598	49969598	harbor2	chr19	49839486	49840475	DNA/hAT-Charlie	3257	+	494	49839980	70382
chr19	10618433	10818433	harbor2	chr19	10674964	10675171	DNA/hAT-Charlie	671	+	104	10675068	56635
chr19	10618433	10818433	harbor2	chr19	10690379	10690577	DNA/hAT-Charlie	677	+	99	10690478	72045
chr19	36115251	36315251	harbor2	chr19	36204483	36204644	DNA/hAT-Charlie	660	+	80	36204563	89312
chr19	1961573	2161573	harbor2	chr19	2006631	2006691	DNA/hAT-Charlie	951	+	30	2006661	45088
chr19	1961573	2161573	harbor2	chr19	2007291	2007451	DNA/hAT-Charlie	951	+	80	2007371	45798
chr19	1350402	1550402	harbor2	chr19	1372139	1372343	DNA/hAT-Charlie	647	+	102	1372241	21839
chr19	4435290	4635290	harbor2	chr19	4515586	4515791	DNA/hAT-Charlie	1047	+	102	4515688	80398
chr19	49769364	49969364	harbor2	chr19	49838175	49839413	DNA/hAT-Charlie	3934	+	619	49838794	69430
chr19	49769364	49969364	harbor2	chr19	49839486	49840475	DNA/hAT-Charlie	3257	+	494	49839980	70616
chr19	43994355	44194355	harbor2	chr19	44043279	44043432	DNA/hAT-Charlie	793	+	76	44043355	49000
chr19	45369892	45569892	harbor2	chr19	45431177	45431301	DNA/hAT-Charlie	1171	+	62	45431239	61347
chr19	45369892	45569892	harbor2	chr19	45431899	45431967	DNA/hAT-Charlie	1171	+	34	45431933	62041
chr19	45369892	45569892	harbor2	chr19	45432270	45432283	DNA/hAT-Charlie	1171	+	6	45432276	62384
chr19	45369892	45569892	harbor2	chr19	45432435	45432547	DNA/hAT-Charlie	1171	+	56	45432491	62599
chr19	16797005	16997005	harbor2	chr19	16862975	16863188	DNA/hAT-Charlie	1057	+	106	16863081	66076
chr19	48344616	48544616	harbor2	chr19	48349817	48349983	DNA/hAT-Charlie	731	+	83	48349900	5284
chr19	48344616	48544616	harbor2	chr19	48374583	48374693	DNA/hAT-Charlie	805	+	55	48374638	30022
chr19	48344616	48544616	harbor2	chr19	48375002	48375025	DNA/hAT-Charlie	805	+	12	48375014	30398
chr19	48344616	48544616	harbor2	chr19	48375326	48375397	DNA/hAT-Charlie	805	+	36	48375362	30746
chr19	48344616	48544616	harbor2	chr19	48403294	48403532	DNA/hAT-Charlie	873	+	119	48403413	58797
chr19	16442554	16642554	harbor2	chr19	16507029	16507232	DNA/hAT-Charlie	730	+	102	16507131	64577
chr19	51196549	51396549	harbor2	chr19	51262255	51262603	DNA/hAT-Charlie	1115	+	174	51262429	65880
chr19	1961617	2161617	harbor2	chr19	2006631	2006691	DNA/hAT-Charlie	951	+	30	2006661	45044
chr19	1961617	2161617	harbor2	chr19	2007291	2007451	DNA/hAT-Charlie	951	+	80	2007371	45754
chr19	1600339	1800339	harbor2	chr19	1634754	1634969	DNA/hAT-Charlie	871	+	108	1634862	34523
chr19	1600339	1800339	harbor2	chr19	1696734	1696902	DNA/hAT-Charlie	683	+	84	1696818	96479
chr19	40678108	40878108	harbor2	chr19	40706226	40706452	DNA/hAT-Charlie	1041	+	113	40706339	28231
chr19	40678108	40878108	harbor2	chr19	40731138	40731438	DNA/hAT-Charlie	1763	+	150	40731288	53180
chr19	54059667	54259667	harbor2	chr19	54104554	54104728	DNA/hAT-Charlie	917	+	87	54104641	44974
chr19	54059667	54259667	harbor2	chr19	54105034	54105144	DNA/hAT-Charlie	917	+	55	54105089	45422
chr19	41253456	41453456	harbor2	chr19	41346605	41346719	DNA/hAT-Charlie	772	+	57	41346662	93206
chr19	41253456	41453456	harbor2	chr19	41347026	41347037	DNA/hAT-Charlie	772	+	6	41347032	93576
chr19	41253456	41453456	harbor2	chr19	41347323	41347399	DNA/hAT-Charlie	772	+	38	41347361	93905
chr19	12951866	13151866	harbor2	chr19	13004070	13004229	DNA/hAT-Charlie	628	+	80	13004150	52284
chr19	12951866	13151866	harbor2	chr19	13037729	13037924	DNA/hAT-Charlie	1021	+	98	13037827	85961
chr19	12951866	13151866	harbor2	chr19	13045308	13045520	DNA/hAT-Charlie	919	+	106	13045414	93548
chr19	48528405	48728405	harbor2	chr19	48607978	48608106	DNA/hAT-Charlie	632	+	64	48608042	79637
chr19	48528405	48728405	harbor2	chr19	48608413	48608432	DNA/hAT-Charlie	632	+	10	48608423	80018
chr19	48528405	48728405	harbor2	chr19	48608746	48608810	DNA/hAT-Charlie	632	+	32	48608778	80373
chr19	49776801	49976801	harbor2	chr19	49838175	49839413	DNA/hAT-Charlie	3934	+	619	49838794	61993
chr19	49776801	49976801	harbor2	chr19	49839486	49840475	DNA/hAT-Charlie	3257	+	494	49839980	63179
chr19	10669764	10869764	harbor2	chr19	10674964	10675171	DNA/hAT-Charlie	671	+	104	10675068	5304
chr19	10669764	10869764	harbor2	chr19	10690379	10690577	DNA/hAT-Charlie	677	+	99	10690478	20714
chr19	45369164	45569164	harbor2	chr19	45431177	45431301	DNA/hAT-Charlie	1171	+	62	45431239	62075
chr19	45369164	45569164	harbor2	chr19	45431899	45431967	DNA/hAT-Charlie	1171	+	34	45431933	62769
chr19	45369164	45569164	harbor2	chr19	45432270	45432283	DNA/hAT-Charlie	1171	+	6	45432276	63112
chr19	45369164	45569164	harbor2	chr19	45432435	45432547	DNA/hAT-Charlie	1171	+	56	45432491	63327
chr19	3965948	4165948	harbor2	chr19	4050564	4050815	DNA/hAT-Charlie	790	+	126	4050690	84742
chr19	42234251	42434251	harbor2	chr19	42323121	42323324	DNA/hAT-Charlie	800	+	102	42323223	88972
chr19	12970635	13170635	harbor2	chr19	13004070	13004229	DNA/hAT-Charlie	628	+	80	13004150	33515
chr19	12970635	13170635	harbor2	chr19	13037729	13037924	DNA/hAT-Charlie	1021	+	98	13037827	67192
chr19	12970635	13170635	harbor2	chr19	13045308	13045520	DNA/hAT-Charlie	919	+	106	13045414	74779
chr19	46368192	46568192	harbor2	chr19	46379744	46379933	DNA/hAT-Charlie	767	+	94	46379838	11646
chr19	46368192	46568192	harbor2	chr19	46399302	46399521	DNA/hAT-Charlie	953	+	110	46399412	31220
chr19	58378003	58578003	harbor2	chr19	58468938	58469138	DNA/hAT-Charlie	1312	+	100	58469038	91035
chr19	58377946	58577946	harbor2	chr19	58468938	58469138	DNA/hAT-Charlie	1312	+	100	58469038	91092
chr19	12939593	13139593	harbor2	chr19	13004070	13004229	DNA/hAT-Charlie	628	+	80	13004150	64557
chr19	12939593	13139593	harbor2	chr19	13037729	13037924	DNA/hAT-Charlie	1021	+	98	13037827	98234
chr19	12943435	13143435	harbor2	chr19	13004070	13004229	DNA/hAT-Charlie	628	+	80	13004150	60715
chr19	12943435	13143435	harbor2	chr19	13037729	13037924	DNA/hAT-Charlie	1021	+	98	13037827	94392
chr19	18533614	18733614	harbor2	chr19	18562958	18563172	DNA/hAT-Charlie	1374	+	107	18563065	29451
chr19	12938743	13138743	harbor2	chr19	13004070	13004229	DNA/hAT-Charlie	628	+	80	13004150	65407
chr19	12938743	13138743	harbor2	chr19	13037729	13037924	DNA/hAT-Charlie	1021	+	98	13037827	99084
chr19	3965965	4165965	harbor2	chr19	4050564	4050815	DNA/hAT-Charlie	790	+	126	4050690	84725
chr19	1591631	1791631	harbor2	chr19	1634754	1634969	DNA/hAT-Charlie	871	+	108	1634862	43231
chr19	12989406	13189406	harbor2	chr19	13004070	13004229	DNA/hAT-Charlie	628	+	80	13004150	14744
chr19	12989406	13189406	harbor2	chr19	13037729	13037924	DNA/hAT-Charlie	1021	+	98	13037827	48421
chr19	12989406	13189406	harbor2	chr19	13045308	13045520	DNA/hAT-Charlie	919	+	106	13045414	56008
chr19	12989406	13189406	harbor2	chr19	13072639	13072845	DNA/hAT-Charlie	1055	+	103	13072742	83336
chr19	18780209	18980209	harbor2	chr19	18858153	18858495	DNA/hAT-Charlie	1010	+	171	18858324	78115
chr19	18780209	18980209	harbor2	chr19	18858680	18858929	DNA/hAT-Charlie	654	+	124	18858804	78595
chr19	2486357	2686357	harbor2	chr19	2522045	2522245	DNA/hAT-Charlie	782	+	100	2522145	35788
chr19	2486357	2686357	harbor2	chr19	2544693	2544906	DNA/hAT-Charlie	624	+	106	2544799	58442
chr19	2486357	2686357	harbor2	chr19	2545135	2545327	DNA/hAT-Charlie	782	+	96	2545231	58874
chr19	2486357	2686357	harbor2	chr19	2551990	2552155	DNA/hAT-Charlie	1124	+	82	2552072	65715
chr19	2486357	2686357	harbor2	chr19	2552324	2552379	DNA/hAT-Charlie	1667	+	28	2552352	65995
chr19	2486357	2686357	harbor2	chr19	2552685	2552933	DNA/hAT-Charlie	1667	+	124	2552809	66452
chr19	2486357	2686357	harbor2	chr19	2561205	2561409	DNA/hAT-Charlie	662	+	102	2561307	74950
chr19	56041194	56241194	harbor2	chr19	56078481	56078667	DNA/hAT-Charlie	1419	+	93	56078574	37380
chr19	56041194	56241194	harbor2	chr19	56090466	56090540	DNA/hAT-Charlie	628	+	37	56090503	49309
chr19	56041194	56241194	harbor2	chr19	56090837	56090950	DNA/hAT-Charlie	628	+	56	56090893	49699
chr19	49751275	49951275	harbor2	chr19	49838175	49839413	DNA/hAT-Charlie	3934	+	619	49838794	87519
chr19	49751275	49951275	harbor2	chr19	49839486	49840475	DNA/hAT-Charlie	3257	+	494	49839980	88705
chr19	1	173700	harbor2	chr19	68877	69126	DNA/hAT-Charlie	1396	+	124	69001	69000
chr19	1	173700	harbor2	chr19	78654	79040	DNA/hAT-Charlie	1683	+	193	78847	78846
chr19	5522825	5722825	harbor2	chr19	5603707	5603971	DNA/hAT-Charlie	1055	+	132	5603839	81014
chr19	5522825	5722825	harbor2	chr19	5617591	5617777	DNA/hAT-Charlie	744	+	93	5617684	94859
chr19	12939660	13139660	harbor2	chr19	13004070	13004229	DNA/hAT-Charlie	628	+	80	13004150	64490
chr19	12939660	13139660	harbor2	chr19	13037729	13037924	DNA/hAT-Charlie	1021	+	98	13037827	98167
chr19	49770106	49970106	harbor2	chr19	49838175	49839413	DNA/hAT-Charlie	3934	+	619	49838794	68688
chr19	49770106	49970106	harbor2	chr19	49839486	49840475	DNA/hAT-Charlie	3257	+	494	49839980	69874
chr19	49790605	49990605	harbor2	chr19	49838175	49839413	DNA/hAT-Charlie	3934	+	619	49838794	48189
chr19	49790605	49990605	harbor2	chr19	49839486	49840475	DNA/hAT-Charlie	3257	+	494	49839980	49375
chr19	12938714	13138714	harbor2	chr19	13004070	13004229	DNA/hAT-Charlie	628	+	80	13004150	65436
chr19	12938714	13138714	harbor2	chr19	13037729	13037924	DNA/hAT-Charlie	1021	+	98	13037827	99113
chr19	1351510	1551510	harbor2	chr19	1372139	1372343	DNA/hAT-Charlie	647	+	102	1372241	20731
chr19	14334318	14534318	harbor2	chr19	14345767	14345853	DNA/hAT-Charlie	932	+	43	14345810	11492
chr19	14334318	14534318	harbor2	chr19	14346161	14346224	DNA/hAT-Charlie	932	+	32	14346193	11875
chr19	14334318	14534318	harbor2	chr19	14346360	14346441	DNA/hAT-Charlie	932	+	40	14346400	12082
chr19	17675555	17875555	harbor2	chr19	17767608	17767847	DNA/hAT-Charlie	921	+	120	17767728	92173
chr19	12940796	13140796	harbor2	chr19	13004070	13004229	DNA/hAT-Charlie	628	+	80	13004150	63354
chr19	12940796	13140796	harbor2	chr19	13037729	13037924	DNA/hAT-Charlie	1021	+	98	13037827	97031
chr19	3463922	3663922	harbor2	chr19	3469775	3469945	DNA/hAT-Charlie	649	+	85	3469860	5938
chr19	48529308	48729308	harbor2	chr19	48607978	48608106	DNA/hAT-Charlie	632	+	64	48608042	78734
chr19	48529308	48729308	harbor2	chr19	48608413	48608432	DNA/hAT-Charlie	632	+	10	48608423	79115
chr19	48529308	48729308	harbor2	chr19	48608746	48608810	DNA/hAT-Charlie	632	+	32	48608778	79470
chr19	12938750	13138750	harbor2	chr19	13004070	13004229	DNA/hAT-Charlie	628	+	80	13004150	65400
chr19	12938750	13138750	harbor2	chr19	13037729	13037924	DNA/hAT-Charlie	1021	+	98	13037827	99077
chr20	35354845	35554845	harbor2	chr20	35451892	35452160	DNA/hAT-Charlie	1653	+	134	35452026	97181
chr20	35355061	35555061	harbor2	chr20	35451892	35452160	DNA/hAT-Charlie	1653	+	134	35452026	96965
chr20	34858106	35058106	harbor2	chr20	34904878	34904905	DNA/hAT-Charlie	552	+	14	34904892	46786
chr20	34858106	35058106	harbor2	chr20	34905217	34905262	DNA/hAT-Charlie	552	+	22	34905239	47133
chr20	34858106	35058106	harbor2	chr20	34905560	34905821	DNA/hAT-Charlie	552	+	130	34905690	47584
chr20	34842991	35042991	harbor2	chr20	34843378	34843549	DNA/hAT-Charlie	870	+	86	34843464	473
chr20	34842991	35042991	harbor2	chr20	34847512	34847809	DNA/hAT-Charlie	1180	+	148	34847660	4669
chr20	34842991	35042991	harbor2	chr20	34848108	34848229	DNA/hAT-Charlie	1180	+	60	34848168	5177
chr20	34842991	35042991	harbor2	chr20	34904878	34904905	DNA/hAT-Charlie	552	+	14	34904892	61901
chr20	34842991	35042991	harbor2	chr20	34905217	34905262	DNA/hAT-Charlie	552	+	22	34905239	62248
chr20	34842991	35042991	harbor2	chr20	34905560	34905821	DNA/hAT-Charlie	552	+	130	34905690	62699
chr20	5095940	5295940	harbor2	chr20	5157984	5158155	DNA/hAT-Charlie	1136	+	86	5158070	62130
chr20	5095940	5295940	harbor2	chr20	5187036	5187598	DNA/hAT-Charlie	5059	+	281	5187317	91377
chr20	5095940	5295940	harbor2	chr20	5187908	5188055	DNA/hAT-Charlie	5059	+	74	5187982	92042
chr20	5095940	5295940	harbor2	chr20	5188082	5188553	DNA/hAT-Charlie	5059	+	236	5188318	92378
chr20	35354894	35554894	harbor2	chr20	35451892	35452160	DNA/hAT-Charlie	1653	+	134	35452026	97132
chr20	34904861	35104861	harbor2	chr20	34904878	34904905	DNA/hAT-Charlie	552	+	14	34904892	31
chr20	34904861	35104861	harbor2	chr20	34905217	34905262	DNA/hAT-Charlie	552	+	22	34905239	378
chr20	34904861	35104861	harbor2	chr20	34905560	34905821	DNA/hAT-Charlie	552	+	130	34905690	829
chr20	44866890	45066890	harbor2	chr20	44870636	44870838	DNA/hAT-Charlie	747	+	101	44870737	3847
chr20	44866890	45066890	harbor2	chr20	44922759	44922964	DNA/hAT-Charlie	939	+	102	44922861	55971
chr20	34904857	35104857	harbor2	chr20	34904878	34904905	DNA/hAT-Charlie	552	+	14	34904892	35
chr20	34904857	35104857	harbor2	chr20	34905217	34905262	DNA/hAT-Charlie	552	+	22	34905239	382
chr20	34904857	35104857	harbor2	chr20	34905560	34905821	DNA/hAT-Charlie	552	+	130	34905690	833
chr20	34796179	34996179	harbor2	chr20	34808412	34808436	DNA/hAT-Charlie	594	+	12	34808424	12245
chr20	34796179	34996179	harbor2	chr20	34808738	34808905	DNA/hAT-Charlie	594	+	84	34808822	12643
chr20	34796179	34996179	harbor2	chr20	34822763	34823191	DNA/hAT-Charlie	1732	+	214	34822977	26798
chr20	34796179	34996179	harbor2	chr20	34843378	34843549	DNA/hAT-Charlie	870	+	86	34843464	47285
chr20	34796179	34996179	harbor2	chr20	34847512	34847809	DNA/hAT-Charlie	1180	+	148	34847660	51481
chr20	34796179	34996179	harbor2	chr20	34848108	34848229	DNA/hAT-Charlie	1180	+	60	34848168	51989
chr20	63471957	63671957	harbor2	chr20	63480368	63480581	DNA/hAT-Charlie	655	+	106	63480474	8517
chr20	1021218	1221218	harbor2	chr20	1040119	1040605	DNA/hAT-Charlie	648	+	243	1040362	19144
chr20	1021218	1221218	harbor2	chr20	1085118	1085243	DNA/hAT-Charlie	595	+	62	1085180	63962
chr20	3718565	3918565	harbor2	chr20	3762658	3762830	DNA/hAT-Charlie	633	+	86	3762744	44179
chr20	3718565	3918565	harbor2	chr20	3792943	3793175	DNA/hAT-Charlie	863	+	116	3793059	74494
chr20	2740623	2940623	harbor2	chr20	2808049	2808121	DNA/hAT-Charlie	520	+	36	2808085	67462
chr20	2740623	2940623	harbor2	chr20	2808451	2808510	DNA/hAT-Charlie	520	+	30	2808481	67858
chr20	2740623	2940623	harbor2	chr20	2808743	2808778	DNA/hAT-Charlie	520	+	18	2808761	68138
chr20	2740623	2940623	harbor2	chr20	2819467	2819576	DNA/hAT-Charlie	693	+	54	2819521	78898
chr20	2740623	2940623	harbor2	chr20	2819876	2819931	DNA/hAT-Charlie	693	+	28	2819904	79281
chr20	2740623	2940623	harbor2	chr20	2830703	2830829	DNA/hAT-Charlie	994	+	63	2830766	90143
chr20	2740623	2940623	harbor2	chr20	2831801	2832316	DNA/hAT-Charlie	994	+	258	2832059	91436
chr20	2740623	2940623	harbor2	chr20	2832622	2832745	DNA/hAT-Charlie	994	+	62	2832684	92061
chr20	63474251	63674251	harbor2	chr20	63480368	63480581	DNA/hAT-Charlie	655	+	106	63480474	6223
chr20	4627380	4827380	harbor2	chr20	4640729	4641058	DNA/hAT-Charlie	2046	+	164	4640893	13513
chr20	4627380	4827380	harbor2	chr20	4650514	4650670	DNA/hAT-Charlie	880	+	78	4650592	23212
chr20	4627380	4827380	harbor2	chr20	4674030	4674148	DNA/hAT-Charlie	549	+	59	4674089	46709
chr20	4627380	4827380	harbor2	chr20	4682004	4682181	DNA/hAT-Charlie	975	+	88	4682092	54712
chr20	63472813	63672813	harbor2	chr20	63480368	63480581	DNA/hAT-Charlie	655	+	106	63480474	7661
chr20	33390084	33590084	harbor2	chr20	33391291	33391459	DNA/hAT-Charlie	750	+	84	33391375	1291
chr20	33390084	33590084	harbor2	chr20	33392349	33392590	DNA/hAT-Charlie	1556	+	120	33392469	2385
chr20	33390084	33590084	harbor2	chr20	33401624	33401937	DNA/hAT-Charlie	521	+	156	33401780	11696
chr20	33390084	33590084	harbor2	chr20	33402188	33402248	DNA/hAT-Charlie	521	+	30	33402218	12134
chr20	2740583	2940583	harbor2	chr20	2808049	2808121	DNA/hAT-Charlie	520	+	36	2808085	67502
chr20	2740583	2940583	harbor2	chr20	2808451	2808510	DNA/hAT-Charlie	520	+	30	2808481	67898
chr20	2740583	2940583	harbor2	chr20	2808743	2808778	DNA/hAT-Charlie	520	+	18	2808761	68178
chr20	2740583	2940583	harbor2	chr20	2819467	2819576	DNA/hAT-Charlie	693	+	54	2819521	78938
chr20	2740583	2940583	harbor2	chr20	2819876	2819931	DNA/hAT-Charlie	693	+	28	2819904	79321
chr20	2740583	2940583	harbor2	chr20	2830703	2830829	DNA/hAT-Charlie	994	+	63	2830766	90183
chr20	2740583	2940583	harbor2	chr20	2831801	2832316	DNA/hAT-Charlie	994	+	258	2832059	91476
chr20	2740583	2940583	harbor2	chr20	2832622	2832745	DNA/hAT-Charlie	994	+	62	2832684	92101
chr20	63442771	63642771	harbor2	chr20	63480368	63480581	DNA/hAT-Charlie	655	+	106	63480474	37703
chr20	50269774	50469774	harbor2	chr20	50281225	50281446	DNA/hAT-Charlie	1167	+	110	50281335	11561
chr20	50269774	50469774	harbor2	chr20	50304830	50305111	DNA/hAT-Charlie	619	+	140	50304970	35196
chr20	50269774	50469774	harbor2	chr20	50314174	50314427	DNA/hAT-Charlie	734	+	126	50314300	44526
chr20	50269774	50469774	harbor2	chr20	50315450	50315700	DNA/hAT-Charlie	796	+	125	50315575	45801
chr20	50269774	50469774	harbor2	chr20	50318911	50319191	DNA/hAT-Charlie	968	+	140	50319051	49277
chr20	50269774	50469774	harbor2	chr20	50341803	50342087	DNA/hAT-Charlie	813	+	142	50341945	72171
chr20	50269774	50469774	harbor2	chr20	50342261	50342478	DNA/hAT-Charlie	1030	+	108	50342369	72595
chr20	50269774	50469774	harbor2	chr20	50364935	50365152	DNA/hAT-Charlie	1390	+	108	50365043	95269
chr20	34885098	35085098	harbor2	chr20	34904878	34904905	DNA/hAT-Charlie	552	+	14	34904892	19794
chr20	34885098	35085098	harbor2	chr20	34905217	34905262	DNA/hAT-Charlie	552	+	22	34905239	20141
chr20	34885098	35085098	harbor2	chr20	34905560	34905821	DNA/hAT-Charlie	552	+	130	34905690	20592
chr20	2740909	2940909	harbor2	chr20	2808049	2808121	DNA/hAT-Charlie	520	+	36	2808085	67176
chr20	2740909	2940909	harbor2	chr20	2808451	2808510	DNA/hAT-Charlie	520	+	30	2808481	67572
chr20	2740909	2940909	harbor2	chr20	2808743	2808778	DNA/hAT-Charlie	520	+	18	2808761	67852
chr20	2740909	2940909	harbor2	chr20	2819467	2819576	DNA/hAT-Charlie	693	+	54	2819521	78612
chr20	2740909	2940909	harbor2	chr20	2819876	2819931	DNA/hAT-Charlie	693	+	28	2819904	78995
chr20	2740909	2940909	harbor2	chr20	2830703	2830829	DNA/hAT-Charlie	994	+	63	2830766	89857
chr20	2740909	2940909	harbor2	chr20	2831801	2832316	DNA/hAT-Charlie	994	+	258	2832059	91150
chr20	2740909	2940909	harbor2	chr20	2832622	2832745	DNA/hAT-Charlie	994	+	62	2832684	91775
chr20	59419626	59619626	harbor2	chr20	59421240	59421431	DNA/hAT-Charlie	970	+	96	59421336	1710
chr20	59419626	59619626	harbor2	chr20	59434648	59434832	DNA/hAT-Charlie	1070	+	92	59434740	15114
chr20	59419626	59619626	harbor2	chr20	59435933	59436126	DNA/hAT-Charlie	744	+	96	59436029	16403
chr20	59419626	59619626	harbor2	chr20	59495777	59495981	DNA/hAT-Charlie	717	+	102	59495879	76253
chr20	2741064	2941064	harbor2	chr20	2808049	2808121	DNA/hAT-Charlie	520	+	36	2808085	67021
chr20	2741064	2941064	harbor2	chr20	2808451	2808510	DNA/hAT-Charlie	520	+	30	2808481	67417
chr20	2741064	2941064	harbor2	chr20	2808743	2808778	DNA/hAT-Charlie	520	+	18	2808761	67697
chr20	2741064	2941064	harbor2	chr20	2819467	2819576	DNA/hAT-Charlie	693	+	54	2819521	78457
chr20	2741064	2941064	harbor2	chr20	2819876	2819931	DNA/hAT-Charlie	693	+	28	2819904	78840
chr20	2741064	2941064	harbor2	chr20	2830703	2830829	DNA/hAT-Charlie	994	+	63	2830766	89702
chr20	2741064	2941064	harbor2	chr20	2831801	2832316	DNA/hAT-Charlie	994	+	258	2832059	90995
chr20	2741064	2941064	harbor2	chr20	2832622	2832745	DNA/hAT-Charlie	994	+	62	2832684	91620
chr20	38575361	38775361	harbor2	chr20	38580518	38580762	DNA/hAT-Charlie	623	+	122	38580640	5279
chr20	38575361	38775361	harbor2	chr20	38616727	38616935	DNA/hAT-Charlie	870	+	104	38616831	41470
chr20	38575361	38775361	harbor2	chr20	38625769	38625983	DNA/hAT-Charlie	539	+	107	38625876	50515
chr20	38575361	38775361	harbor2	chr20	38641999	38642279	DNA/hAT-Charlie	782	+	140	38642139	66778
chr20	38575361	38775361	harbor2	chr20	38669244	38669382	DNA/hAT-Charlie	601	+	69	38669313	93952
chr20	38575361	38775361	harbor2	chr20	38670114	38670237	DNA/hAT-Charlie	511	+	62	38670176	94815
chr20	43635884	43835884	harbor2	chr20	43648090	43648169	DNA/hAT-Charlie	1143	+	40	43648130	12246
chr20	43635884	43835884	harbor2	chr20	43648456	43648486	DNA/hAT-Charlie	1143	+	15	43648471	12587
chr20	43635884	43835884	harbor2	chr20	43649103	43649128	DNA/hAT-Charlie	1143	+	12	43649115	13231
chr20	43635884	43835884	harbor2	chr20	43649439	43649544	DNA/hAT-Charlie	1143	+	52	43649491	13607
chr20	43635884	43835884	harbor2	chr20	43725379	43725594	DNA/hAT-Charlie	1082	+	108	43725487	89603
chr20	43635884	43835884	harbor2	chr20	43728095	43728303	DNA/hAT-Charlie	905	+	104	43728199	92315
chr20	32421929	32621929	harbor2	chr20	32512073	32512301	DNA/hAT-Charlie	676	+	114	32512187	90258
chr20	34750149	34950149	harbor2	chr20	34754285	34754494	DNA/hAT-Charlie	822	+	104	34754389	4240
chr20	34750149	34950149	harbor2	chr20	34758396	34758601	DNA/hAT-Charlie	734	+	102	34758498	8349
chr20	34750149	34950149	harbor2	chr20	34765588	34765799	DNA/hAT-Charlie	1245	+	106	34765694	15545
chr20	34750149	34950149	harbor2	chr20	34773039	34773256	DNA/hAT-Charlie	1064	+	108	34773147	22998
chr20	34750149	34950149	harbor2	chr20	34808412	34808436	DNA/hAT-Charlie	594	+	12	34808424	58275
chr20	34750149	34950149	harbor2	chr20	34808738	34808905	DNA/hAT-Charlie	594	+	84	34808822	58673
chr20	34750149	34950149	harbor2	chr20	34822763	34823191	DNA/hAT-Charlie	1732	+	214	34822977	72828
chr20	34750149	34950149	harbor2	chr20	34843378	34843549	DNA/hAT-Charlie	870	+	86	34843464	93315
chr20	34750149	34950149	harbor2	chr20	34847512	34847809	DNA/hAT-Charlie	1180	+	148	34847660	97511
chr20	34750149	34950149	harbor2	chr20	34848108	34848229	DNA/hAT-Charlie	1180	+	60	34848168	98019
chr20	4811509	5011509	harbor2	chr20	4848149	4848504	DNA/hAT-Charlie	2199	+	178	4848327	36818
chr20	4811509	5011509	harbor2	chr20	4867962	4868072	DNA/hAT-Charlie	468	+	55	4868017	56508
chr20	4811509	5011509	harbor2	chr20	4868374	4868425	DNA/hAT-Charlie	468	+	26	4868400	56891
chr20	4811509	5011509	harbor2	chr20	4888173	4888372	DNA/hAT-Charlie	780	+	100	4888273	76764
chr20	48277508	48477508	harbor2	chr20	48277553	48278215	DNA/hAT-Charlie	1524	+	331	48277884	376
chr20	48277508	48477508	harbor2	chr20	48355210	48355418	DNA/hAT-Charlie	958	+	104	48355314	77806
chr20	48277508	48477508	harbor2	chr20	48369583	48369672	DNA/hAT-Charlie	489	+	44	48369627	92119
chr20	48277508	48477508	harbor2	chr20	48370915	48371164	DNA/hAT-Charlie	659	+	124	48371039	93531
chr20	32747014	32947014	harbor2	chr20	32747022	32747093	DNA/hAT-Charlie	635	+	36	32747058	44
chr20	32747014	32947014	harbor2	chr20	32747404	32747424	DNA/hAT-Charlie	635	+	10	32747414	400
chr20	32747014	32947014	harbor2	chr20	32747706	32747800	DNA/hAT-Charlie	635	+	47	32747753	739
chr20	5908030	6108030	harbor2	chr20	5936317	5936504	DNA/hAT-Charlie	564	+	94	5936411	28381
chr20	5908030	6108030	harbor2	chr20	5968112	5968264	DNA/hAT-Charlie	1333	+	76	5968188	60158
chr20	5908030	6108030	harbor2	chr20	5968559	5968734	DNA/hAT-Charlie	1333	+	88	5968647	60617
chr20	5908030	6108030	harbor2	chr20	5970072	5970263	DNA/hAT-Charlie	782	+	96	5970168	62138
chr20	3074449	3274449	harbor2	chr20	3106468	3106602	DNA/hAT-Charlie	653	+	67	3106535	32086
chr20	3074449	3274449	harbor2	chr20	3127405	3127780	DNA/hAT-Charlie	1325	+	188	3127593	53144
chr20	3074449	3274449	harbor2	chr20	3135557	3135812	DNA/hAT-Charlie	676	+	128	3135685	61236
chr20	3074449	3274449	harbor2	chr20	3151249	3151463	DNA/hAT-Charlie	922	+	107	3151356	76907
chr20	3074449	3274449	harbor2	chr20	3159292	3159401	DNA/hAT-Charlie	498	+	54	3159346	84897
chr20	50413348	50613348	harbor2	chr20	50417241	50417447	DNA/hAT-Charlie	1051	+	103	50417344	3996
chr20	50413348	50613348	harbor2	chr20	50424147	50424613	DNA/hAT-Charlie	1019	+	233	50424380	11032
chr20	50413348	50613348	harbor2	chr20	50430036	50430101	DNA/hAT-Charlie	583	+	32	50430068	16720
chr20	50413348	50613348	harbor2	chr20	50430413	50430531	DNA/hAT-Charlie	583	+	59	50430472	17124
chr20	50413348	50613348	harbor2	chr20	50447167	50447394	DNA/hAT-Charlie	745	+	114	50447281	33933
chr20	50413348	50613348	harbor2	chr20	50459747	50460174	DNA/hAT-Charlie	713	+	214	50459961	46613
chr20	50413348	50613348	harbor2	chr20	50460474	50460652	DNA/hAT-Charlie	838	+	89	50460563	47215
chr20	50413348	50613348	harbor2	chr20	50464767	50465102	DNA/hAT-Charlie	995	+	168	50464935	51587
chr20	50413348	50613348	harbor2	chr20	50477229	50477356	DNA/hAT-Charlie	534	+	64	50477293	63945
chr20	50413348	50613348	harbor2	chr20	50445868	50446387	DNA/hAT-Charlie	3750	+	260	50446128	32780
chr20	21820205	22020205	harbor2	chr20	21821540	21821721	DNA/hAT-Charlie	639	+	90	21821630	1425
chr20	21820205	22020205	harbor2	chr20	21875369	21875554	DNA/hAT-Charlie	882	+	92	21875461	55256
chr20	34725476	34925476	harbor2	chr20	34728399	34728601	DNA/hAT-Charlie	1135	+	101	34728500	3024
chr20	34725476	34925476	harbor2	chr20	34754285	34754494	DNA/hAT-Charlie	822	+	104	34754389	28913
chr20	34725476	34925476	harbor2	chr20	34758396	34758601	DNA/hAT-Charlie	734	+	102	34758498	33022
chr20	34725476	34925476	harbor2	chr20	34765588	34765799	DNA/hAT-Charlie	1245	+	106	34765694	40218
chr20	34725476	34925476	harbor2	chr20	34773039	34773256	DNA/hAT-Charlie	1064	+	108	34773147	47671
chr20	34725476	34925476	harbor2	chr20	34808412	34808436	DNA/hAT-Charlie	594	+	12	34808424	82948
chr20	34725476	34925476	harbor2	chr20	34808738	34808905	DNA/hAT-Charlie	594	+	84	34808822	83346
chr20	34725476	34925476	harbor2	chr20	34822763	34823191	DNA/hAT-Charlie	1732	+	214	34822977	97501
chr20	62159612	62359612	harbor2	chr20	62185652	62185815	DNA/hAT-Charlie	499	+	82	62185734	26122
chr20	61604459	61804459	harbor2	chr20	61674833	61675049	DNA/hAT-Charlie	824	+	108	61674941	70482
chr20	34776571	34976571	harbor2	chr20	34808412	34808436	DNA/hAT-Charlie	594	+	12	34808424	31853
chr20	34776571	34976571	harbor2	chr20	34808738	34808905	DNA/hAT-Charlie	594	+	84	34808822	32251
chr20	34776571	34976571	harbor2	chr20	34822763	34823191	DNA/hAT-Charlie	1732	+	214	34822977	46406
chr20	34776571	34976571	harbor2	chr20	34843378	34843549	DNA/hAT-Charlie	870	+	86	34843464	66893
chr20	34776571	34976571	harbor2	chr20	34847512	34847809	DNA/hAT-Charlie	1180	+	148	34847660	71089
chr20	34776571	34976571	harbor2	chr20	34848108	34848229	DNA/hAT-Charlie	1180	+	60	34848168	71597
chr20	2772894	2972894	harbor2	chr20	2808049	2808121	DNA/hAT-Charlie	520	+	36	2808085	35191
chr20	2772894	2972894	harbor2	chr20	2808451	2808510	DNA/hAT-Charlie	520	+	30	2808481	35587
chr20	2772894	2972894	harbor2	chr20	2808743	2808778	DNA/hAT-Charlie	520	+	18	2808761	35867
chr20	2772894	2972894	harbor2	chr20	2819467	2819576	DNA/hAT-Charlie	693	+	54	2819521	46627
chr20	2772894	2972894	harbor2	chr20	2819876	2819931	DNA/hAT-Charlie	693	+	28	2819904	47010
chr20	2772894	2972894	harbor2	chr20	2830703	2830829	DNA/hAT-Charlie	994	+	63	2830766	57872
chr20	2772894	2972894	harbor2	chr20	2831801	2832316	DNA/hAT-Charlie	994	+	258	2832059	59165
chr20	2772894	2972894	harbor2	chr20	2832622	2832745	DNA/hAT-Charlie	994	+	62	2832684	59790
chr20	50272882	50472882	harbor2	chr20	50281225	50281446	DNA/hAT-Charlie	1167	+	110	50281335	8453
chr20	50272882	50472882	harbor2	chr20	50304830	50305111	DNA/hAT-Charlie	619	+	140	50304970	32088
chr20	50272882	50472882	harbor2	chr20	50314174	50314427	DNA/hAT-Charlie	734	+	126	50314300	41418
chr20	50272882	50472882	harbor2	chr20	50315450	50315700	DNA/hAT-Charlie	796	+	125	50315575	42693
chr20	50272882	50472882	harbor2	chr20	50318911	50319191	DNA/hAT-Charlie	968	+	140	50319051	46169
chr20	50272882	50472882	harbor2	chr20	50341803	50342087	DNA/hAT-Charlie	813	+	142	50341945	69063
chr20	50272882	50472882	harbor2	chr20	50342261	50342478	DNA/hAT-Charlie	1030	+	108	50342369	69487
chr20	50272882	50472882	harbor2	chr20	50364935	50365152	DNA/hAT-Charlie	1390	+	108	50365043	92161
chr20	50272882	50472882	harbor2	chr20	50370500	50370709	DNA/hAT-Charlie	1194	+	104	50370604	97722
chr20	63472919	63672919	harbor2	chr20	63480368	63480581	DNA/hAT-Charlie	655	+	106	63480474	7555
chr20	4071981	4271981	harbor2	chr20	4108632	4108733	DNA/hAT-Charlie	533	+	50	4108682	36701
chr20	4071981	4271981	harbor2	chr20	4113050	4113234	DNA/hAT-Charlie	1010	+	92	4113142	41161
chr20	4071981	4271981	harbor2	chr20	4135029	4135204	DNA/hAT-Charlie	918	+	88	4135117	63136
chr20	4071981	4271981	harbor2	chr20	4140887	4140965	DNA/hAT-Charlie	574	+	39	4140926	68945
chr20	59840429	60040429	harbor2	chr20	59841698	59841905	DNA/hAT-Charlie	1111	+	104	59841802	1373
chr20	59840429	60040429	harbor2	chr20	59851860	59851956	DNA/hAT-Charlie	525	+	48	59851908	11479
chr20	59840429	60040429	harbor2	chr20	59917915	59919045	DNA/hAT-Charlie	5484	+	565	59918480	78051
chr20	59110854	59310854	harbor2	chr20	59145361	59145525	DNA/hAT-Charlie	764	+	82	59145443	34589
chr20	59110854	59310854	harbor2	chr20	59198197	59198542	DNA/hAT-Charlie	975	+	172	59198369	87515
chr20	32739798	32939798	harbor2	chr20	32747022	32747093	DNA/hAT-Charlie	635	+	36	32747058	7260
chr20	32739798	32939798	harbor2	chr20	32747404	32747424	DNA/hAT-Charlie	635	+	10	32747414	7616
chr20	32739798	32939798	harbor2	chr20	32747706	32747800	DNA/hAT-Charlie	635	+	47	32747753	7955
chr20	5092121	5292121	harbor2	chr20	5157984	5158155	DNA/hAT-Charlie	1136	+	86	5158070	65949
chr20	5092121	5292121	harbor2	chr20	5187036	5187598	DNA/hAT-Charlie	5059	+	281	5187317	95196
chr20	5092121	5292121	harbor2	chr20	5187908	5188055	DNA/hAT-Charlie	5059	+	74	5187982	95861
chr20	5092121	5292121	harbor2	chr20	5188082	5188553	DNA/hAT-Charlie	5059	+	236	5188318	96197
chr20	63765508	63965508	harbor2	chr20	63786323	63786462	DNA/hAT-Charlie	537	+	70	63786393	20885
chr20	63471523	63671523	harbor2	chr20	63480368	63480581	DNA/hAT-Charlie	655	+	106	63480474	8951
chr20	59679835	59879835	harbor2	chr20	59680563	59680776	DNA/hAT-Charlie	1592	+	106	59680669	834
chr20	59679835	59879835	harbor2	chr20	59681052	59681217	DNA/hAT-Charlie	705	+	82	59681134	1299
chr20	59679835	59879835	harbor2	chr20	59687852	59688266	DNA/hAT-Charlie	917	+	207	59688059	8224
chr20	59679835	59879835	harbor2	chr20	59730732	59730931	DNA/hAT-Charlie	966	+	100	59730832	50997
chr20	59679835	59879835	harbor2	chr20	59732040	59732230	DNA/hAT-Charlie	568	+	95	59732135	52300
chr20	59679835	59879835	harbor2	chr20	59750276	59750438	DNA/hAT-Charlie	512	+	81	59750357	70522
chr20	59679835	59879835	harbor2	chr20	59753065	59753255	DNA/hAT-Charlie	532	+	95	59753160	73325
chr20	59679835	59879835	harbor2	chr20	59761575	59761686	DNA/hAT-Charlie	563	+	56	59761631	81796
chr20	62138481	62338481	harbor2	chr20	62185652	62185815	DNA/hAT-Charlie	499	+	82	62185734	47253
chr20	3915348	4115348	harbor2	chr20	3980712	3980929	DNA/hAT-Charlie	596	+	108	3980820	65472
chr20	33576839	33776839	harbor2	chr20	33597415	33597687	DNA/hAT-Charlie	1663	+	136	33597551	20712
chr20	33576839	33776839	harbor2	chr20	33598950	33598978	DNA/hAT-Charlie	485	+	14	33598964	22125
chr20	33576839	33776839	harbor2	chr20	33599275	33599367	DNA/hAT-Charlie	485	+	46	33599321	22482
chr20	33576839	33776839	harbor2	chr20	33612399	33612789	DNA/hAT-Charlie	515	+	195	33612594	35755
chr20	33576839	33776839	harbor2	chr20	33621182	33621287	DNA/hAT-Charlie	472	+	52	33621234	44395
chr20	33576839	33776839	harbor2	chr20	33621600	33621646	DNA/hAT-Charlie	472	+	23	33621623	44784
chr20	2820954	3020954	harbor2	chr20	2830703	2830829	DNA/hAT-Charlie	994	+	63	2830766	9812
chr20	2820954	3020954	harbor2	chr20	2831801	2832316	DNA/hAT-Charlie	994	+	258	2832059	11105
chr20	2820954	3020954	harbor2	chr20	2832622	2832745	DNA/hAT-Charlie	994	+	62	2832684	11730
chr20	2820954	3020954	harbor2	chr20	2880221	2880744	DNA/hAT-Charlie	1157	+	262	2880483	59529
chr20	2820954	3020954	harbor2	chr20	2881324	2881518	DNA/hAT-Charlie	1157	+	97	2881421	60467
chr20	2820954	3020954	harbor2	chr20	2882081	2882279	DNA/hAT-Charlie	1150	+	99	2882180	61226
chr20	2820954	3020954	harbor2	chr20	2882589	2882788	DNA/hAT-Charlie	1150	+	100	2882689	61735
chr20	2820954	3020954	harbor2	chr20	2886514	2886562	DNA/hAT-Charlie	509	+	24	2886538	65584
chr20	2820954	3020954	harbor2	chr20	2886887	2887361	DNA/hAT-Charlie	509	+	237	2887124	66170
chr20	2820954	3020954	harbor2	chr20	2904948	2905282	DNA/hAT-Charlie	1922	+	167	2905115	84161
chr20	2820954	3020954	harbor2	chr20	2919804	2920109	DNA/hAT-Charlie	1299	+	152	2919956	99002
chr20	38707041	38907041	harbor2	chr20	38791360	38791532	DNA/hAT-Charlie	842	+	86	38791446	84405
chr20	1021009	1221009	harbor2	chr20	1040119	1040605	DNA/hAT-Charlie	648	+	243	1040362	19353
chr20	1021009	1221009	harbor2	chr20	1085118	1085243	DNA/hAT-Charlie	595	+	62	1085180	64171
chr20	35854536	36054536	harbor2	chr20	35864748	35864923	DNA/hAT-Charlie	865	+	88	35864836	10300
chr20	35854536	36054536	harbor2	chr20	35865184	35865207	DNA/hAT-Charlie	865	+	12	35865196	10660
chr20	35854536	36054536	harbor2	chr20	35866304	35866469	DNA/hAT-Charlie	607	+	82	35866386	11850
chr20	35854536	36054536	harbor2	chr20	35927510	35927613	DNA/hAT-Charlie	521	+	52	35927562	73026
chr20	37933811	38133811	harbor2	chr20	37956689	37957208	DNA/hAT-Charlie	2106	+	260	37956949	23138
chr20	37933811	38133811	harbor2	chr20	37959979	37960317	DNA/hAT-Charlie	1856	+	169	37960148	26337
chr20	37933811	38133811	harbor2	chr20	38007379	38007592	DNA/hAT-Charlie	501	+	106	38007485	73674
chr20	34993730	35193730	harbor2	chr20	35042488	35042813	DNA/hAT-Charlie	641	+	162	35042650	48920
chr20	34993730	35193730	harbor2	chr20	35049165	35049767	DNA/hAT-Charlie	1038	+	301	35049466	55736
chr20	34993730	35193730	harbor2	chr20	35053576	35053910	DNA/hAT-Charlie	1205	+	167	35053743	60013
chr20	34993730	35193730	harbor2	chr20	35077480	35077579	DNA/hAT-Charlie	580	+	50	35077530	83800
chr20	34993730	35193730	harbor2	chr20	35012215	35012622	DNA/hAT-Charlie	647	+	204	35012419	18689
chr20	59840491	60040491	harbor2	chr20	59841698	59841905	DNA/hAT-Charlie	1111	+	104	59841802	1311
chr20	59840491	60040491	harbor2	chr20	59851860	59851956	DNA/hAT-Charlie	525	+	48	59851908	11417
chr20	59840491	60040491	harbor2	chr20	59917915	59919045	DNA/hAT-Charlie	5484	+	565	59918480	77989
chr20	50272735	50472735	harbor2	chr20	50281225	50281446	DNA/hAT-Charlie	1167	+	110	50281335	8600
chr20	50272735	50472735	harbor2	chr20	50304830	50305111	DNA/hAT-Charlie	619	+	140	50304970	32235
chr20	50272735	50472735	harbor2	chr20	50314174	50314427	DNA/hAT-Charlie	734	+	126	50314300	41565
chr20	50272735	50472735	harbor2	chr20	50315450	50315700	DNA/hAT-Charlie	796	+	125	50315575	42840
chr20	50272735	50472735	harbor2	chr20	50318911	50319191	DNA/hAT-Charlie	968	+	140	50319051	46316
chr20	50272735	50472735	harbor2	chr20	50341803	50342087	DNA/hAT-Charlie	813	+	142	50341945	69210
chr20	50272735	50472735	harbor2	chr20	50342261	50342478	DNA/hAT-Charlie	1030	+	108	50342369	69634
chr20	50272735	50472735	harbor2	chr20	50364935	50365152	DNA/hAT-Charlie	1390	+	108	50365043	92308
chr20	50272735	50472735	harbor2	chr20	50370500	50370709	DNA/hAT-Charlie	1194	+	104	50370604	97869
chr21	29233865	29433865	harbor2	chr21	29268249	29268416	DNA/hAT-Charlie	561	+	84	29268333	34468
chr21	29233865	29433865	harbor2	chr21	29272253	29272581	DNA/hAT-Charlie	863	+	164	29272417	38552
chr21	29233865	29433865	harbor2	chr21	29316995	29317268	DNA/hAT-Charlie	1618	+	136	29317131	83266
chr21	14338484	14538484	harbor2	chr21	14350811	14351056	DNA/hAT-Charlie	442	+	122	14350933	12449
chr21	14338484	14538484	harbor2	chr21	14376965	14377177	DNA/hAT-Charlie	1083	+	106	14377071	38587
chr21	33073262	33273262	harbor2	chr21	33084974	33085290	DNA/hAT-Charlie	1293	+	158	33085132	11870
chr21	33073262	33273262	harbor2	chr21	33087753	33087884	DNA/hAT-Charlie	521	+	66	33087819	14557
chr21	33073262	33273262	harbor2	chr21	33108901	33109000	DNA/hAT-Charlie	596	+	50	33108951	35689
chr21	33073262	33273262	harbor2	chr21	33109311	33109369	DNA/hAT-Charlie	596	+	29	33109340	36078
chr21	33073262	33273262	harbor2	chr21	33138361	33138772	DNA/hAT-Charlie	1373	+	206	33138567	65305
chr21	14484895	14684895	harbor2	chr21	14487468	14487624	DNA/hAT-Charlie	647	+	78	14487546	2651
chr21	14484895	14684895	harbor2	chr21	14517918	14518034	DNA/hAT-Charlie	458	+	58	14517976	33081
chr21	14484895	14684895	harbor2	chr21	14537622	14537761	DNA/hAT-Charlie	471	+	70	14537692	52797
chr21	14484895	14684895	harbor2	chr21	14541405	14541643	DNA/hAT-Charlie	1152	+	119	14541524	56629
chr21	41779091	41979091	harbor2	chr21	41863243	41863429	DNA/hAT-Charlie	739	+	93	41863336	84245
chr21	29199648	29399648	harbor2	chr21	29204820	29204990	DNA/hAT-Charlie	830	+	85	29204905	5257
chr21	29199648	29399648	harbor2	chr21	29207057	29207216	DNA/hAT-Charlie	643	+	80	29207137	7489
chr21	29199648	29399648	harbor2	chr21	29268249	29268416	DNA/hAT-Charlie	561	+	84	29268333	68685
chr21	29199648	29399648	harbor2	chr21	29272253	29272581	DNA/hAT-Charlie	863	+	164	29272417	72769
chr21	29486560	29686560	harbor2	chr21	29559780	29560035	DNA/hAT-Charlie	724	+	128	29559908	73348
chr21	39044046	39244046	harbor2	chr21	39053863	39054076	DNA/hAT-Charlie	1152	+	106	39053969	9923
chr21	39044046	39244046	harbor2	chr21	39068232	39068342	DNA/hAT-Charlie	595	+	55	39068287	24241
chr21	39044046	39244046	harbor2	chr21	39070894	39071030	DNA/hAT-Charlie	481	+	68	39070962	26916
chr21	39044046	39244046	harbor2	chr21	39071310	39071422	DNA/hAT-Charlie	481	+	56	39071366	27320
chr21	39044046	39244046	harbor2	chr21	39081918	39082351	DNA/hAT-Charlie	1519	+	216	39082134	38088
chr21	39044046	39244046	harbor2	chr21	39085027	39085143	DNA/hAT-Charlie	680	+	58	39085085	41039
chr21	39044046	39244046	harbor2	chr21	39099802	39100240	DNA/hAT-Charlie	2699	+	219	39100021	55975
chr21	39044046	39244046	harbor2	chr21	39100235	39100691	DNA/hAT-Charlie	3352	+	228	39100463	56417
chr21	39044046	39244046	harbor2	chr21	39104499	39104722	DNA/hAT-Charlie	525	+	112	39104611	60565
chr21	39044046	39244046	harbor2	chr21	39104735	39104920	DNA/hAT-Charlie	1691	+	92	39104827	60781
chr21	39044046	39244046	harbor2	chr21	39105245	39105393	DNA/hAT-Charlie	1691	+	74	39105319	61273
chr21	39044046	39244046	harbor2	chr21	39126674	39126879	DNA/hAT-Charlie	896	+	102	39126776	82730
chr21	39044046	39244046	harbor2	chr21	39141155	39141339	DNA/hAT-Charlie	677	+	92	39141247	97201
chr21	5028556	5228556	harbor2	chr21	5068528	5068688	DNA/hAT-Charlie	575	+	80	5068608	40052
chr21	14344309	14544309	harbor2	chr21	14350811	14351056	DNA/hAT-Charlie	442	+	122	14350933	6624
chr21	14344309	14544309	harbor2	chr21	14376965	14377177	DNA/hAT-Charlie	1083	+	106	14377071	32762
chr21	46031950	46231950	harbor2	chr21	46051283	46051415	DNA/hAT-Charlie	586	+	66	46051349	19399
chr21	46031950	46231950	harbor2	chr21	46051411	46051931	DNA/hAT-Charlie	1355	+	260	46051671	19721
chr21	15191535	15391535	harbor2	chr21	15214083	15214242	DNA/hAT-Charlie	672	+	80	15214163	22628
chr21	15191535	15391535	harbor2	chr21	15231541	15231755	DNA/hAT-Charlie	1323	+	107	15231648	40113
chr21	15191535	15391535	harbor2	chr21	15265647	15265858	DNA/hAT-Charlie	1150	+	106	15265753	74218
chr21	14338970	14538970	harbor2	chr21	14350811	14351056	DNA/hAT-Charlie	442	+	122	14350933	11963
chr21	14338970	14538970	harbor2	chr21	14376965	14377177	DNA/hAT-Charlie	1083	+	106	14377071	38101
chr21	29219635	29419635	harbor2	chr21	29268249	29268416	DNA/hAT-Charlie	561	+	84	29268333	48698
chr21	29219635	29419635	harbor2	chr21	29272253	29272581	DNA/hAT-Charlie	863	+	164	29272417	52782
chr21	29219635	29419635	harbor2	chr21	29316995	29317268	DNA/hAT-Charlie	1618	+	136	29317131	97496
chr21	44278871	44478871	harbor2	chr21	44347605	44347623	DNA/hAT-Charlie	449	+	9	44347614	68743
chr21	44278871	44478871	harbor2	chr21	44348035	44348156	DNA/hAT-Charlie	449	+	60	44348095	69224
chr21	14337764	14537764	harbor2	chr21	14350811	14351056	DNA/hAT-Charlie	442	+	122	14350933	13169
chr21	14337764	14537764	harbor2	chr21	14376965	14377177	DNA/hAT-Charlie	1083	+	106	14377071	39307
chr21	15634172	15834172	harbor2	chr21	15684604	15684766	DNA/hAT-Charlie	758	+	81	15684685	50513
chr21	15634172	15834172	harbor2	chr21	15689918	15690105	DNA/hAT-Charlie	820	+	94	15690012	55840
chr21	39010819	39210819	harbor2	chr21	39040973	39041487	DNA/hAT-Charlie	2032	+	257	39041230	30411
chr21	39010819	39210819	harbor2	chr21	39053863	39054076	DNA/hAT-Charlie	1152	+	106	39053969	43150
chr21	39010819	39210819	harbor2	chr21	39068232	39068342	DNA/hAT-Charlie	595	+	55	39068287	57468
chr21	39010819	39210819	harbor2	chr21	39070894	39071030	DNA/hAT-Charlie	481	+	68	39070962	60143
chr21	39010819	39210819	harbor2	chr21	39071310	39071422	DNA/hAT-Charlie	481	+	56	39071366	60547
chr21	39010819	39210819	harbor2	chr21	39081918	39082351	DNA/hAT-Charlie	1519	+	216	39082134	71315
chr21	39010819	39210819	harbor2	chr21	39085027	39085143	DNA/hAT-Charlie	680	+	58	39085085	74266
chr21	39010819	39210819	harbor2	chr21	39099802	39100240	DNA/hAT-Charlie	2699	+	219	39100021	89202
chr21	39010819	39210819	harbor2	chr21	39100235	39100691	DNA/hAT-Charlie	3352	+	228	39100463	89644
chr21	39010819	39210819	harbor2	chr21	39104499	39104722	DNA/hAT-Charlie	525	+	112	39104611	93792
chr21	39010819	39210819	harbor2	chr21	39104735	39104920	DNA/hAT-Charlie	1691	+	92	39104827	94008
chr21	39010819	39210819	harbor2	chr21	39105245	39105393	DNA/hAT-Charlie	1691	+	74	39105319	94500
chr21	44717549	44917549	harbor2	chr21	44740017	44740264	DNA/hAT-Charlie	472	+	124	44740141	22592
chr21	44717549	44917549	harbor2	chr21	44748782	44748959	DNA/hAT-Charlie	505	+	88	44748870	31321
chr21	14339047	14539047	harbor2	chr21	14350811	14351056	DNA/hAT-Charlie	442	+	122	14350933	11886
chr21	14339047	14539047	harbor2	chr21	14376965	14377177	DNA/hAT-Charlie	1083	+	106	14377071	38024
chr21	42276934	42476934	harbor2	chr21	42320609	42320831	DNA/hAT-Charlie	1463	+	111	42320720	43786
chr21	42154556	42354556	harbor2	chr21	42166848	42167190	DNA/hAT-Charlie	1275	+	171	42167019	12463
chr21	29200088	29400088	harbor2	chr21	29204820	29204990	DNA/hAT-Charlie	830	+	85	29204905	4817
chr21	29200088	29400088	harbor2	chr21	29207057	29207216	DNA/hAT-Charlie	643	+	80	29207137	7049
chr21	29200088	29400088	harbor2	chr21	29268249	29268416	DNA/hAT-Charlie	561	+	84	29268333	68245
chr21	29200088	29400088	harbor2	chr21	29272253	29272581	DNA/hAT-Charlie	863	+	164	29272417	72329
chr21	39009540	39209540	harbor2	chr21	39009323	39009638	DNA/hAT-Charlie	606	+	158	39009481	59
chr21	39009540	39209540	harbor2	chr21	39040973	39041487	DNA/hAT-Charlie	2032	+	257	39041230	31690
chr21	39009540	39209540	harbor2	chr21	39053863	39054076	DNA/hAT-Charlie	1152	+	106	39053969	44429
chr21	39009540	39209540	harbor2	chr21	39068232	39068342	DNA/hAT-Charlie	595	+	55	39068287	58747
chr21	39009540	39209540	harbor2	chr21	39070894	39071030	DNA/hAT-Charlie	481	+	68	39070962	61422
chr21	39009540	39209540	harbor2	chr21	39071310	39071422	DNA/hAT-Charlie	481	+	56	39071366	61826
chr21	39009540	39209540	harbor2	chr21	39081918	39082351	DNA/hAT-Charlie	1519	+	216	39082134	72594
chr21	39009540	39209540	harbor2	chr21	39085027	39085143	DNA/hAT-Charlie	680	+	58	39085085	75545
chr21	39009540	39209540	harbor2	chr21	39099802	39100240	DNA/hAT-Charlie	2699	+	219	39100021	90481
chr21	39009540	39209540	harbor2	chr21	39100235	39100691	DNA/hAT-Charlie	3352	+	228	39100463	90923
chr21	39009540	39209540	harbor2	chr21	39104499	39104722	DNA/hAT-Charlie	525	+	112	39104611	95071
chr21	39009540	39209540	harbor2	chr21	39104735	39104920	DNA/hAT-Charlie	1691	+	92	39104827	95287
chr21	39009540	39209540	harbor2	chr21	39105245	39105393	DNA/hAT-Charlie	1691	+	74	39105319	95779
chr21	36057503	36257503	harbor2	chr21	36068211	36068412	DNA/hAT-Charlie	979	+	100	36068311	10808
chr21	36057503	36257503	harbor2	chr21	36136632	36136746	DNA/hAT-Charlie	494	+	57	36136689	79186
chr21	36057503	36257503	harbor2	chr21	36137055	36137109	DNA/hAT-Charlie	494	+	27	36137082	79579
chr21	36057503	36257503	harbor2	chr21	36137128	36137193	DNA/hAT-Charlie	685	+	32	36137160	79657
chr21	36057503	36257503	harbor2	chr21	36137562	36137692	DNA/hAT-Charlie	685	+	65	36137627	80124
chr21	46537399	46737399	harbor2	chr21	46546317	46546543	DNA/hAT-Charlie	759	+	113	46546430	9031
chr21	46537399	46737399	harbor2	chr21	46571001	46571334	DNA/hAT-Charlie	2020	+	166	46571167	33768
chr21	14337790	14537790	harbor2	chr21	14350811	14351056	DNA/hAT-Charlie	442	+	122	14350933	13143
chr21	14337790	14537790	harbor2	chr21	14376965	14377177	DNA/hAT-Charlie	1083	+	106	14377071	39281
chr21	42468253	42668253	harbor2	chr21	42537478	42537690	DNA/hAT-Charlie	1278	+	106	42537584	69331
chr21	14338290	14538290	harbor2	chr21	14350811	14351056	DNA/hAT-Charlie	442	+	122	14350933	12643
chr21	14338290	14538290	harbor2	chr21	14376965	14377177	DNA/hAT-Charlie	1083	+	106	14377071	38781
chr21	15630231	15830231	harbor2	chr21	15684604	15684766	DNA/hAT-Charlie	758	+	81	15684685	54454
chr21	15630231	15830231	harbor2	chr21	15689918	15690105	DNA/hAT-Charlie	820	+	94	15690012	59781
chr21	14395178	14595178	harbor2	chr21	14449717	14449911	DNA/hAT-Charlie	464	+	97	14449814	54636
chr21	14395178	14595178	harbor2	chr21	14487468	14487624	DNA/hAT-Charlie	647	+	78	14487546	92368
chr21	33379900	33579900	harbor2	chr21	33396185	33396637	DNA/hAT-Charlie	2977	+	226	33396411	16511
chr21	33379900	33579900	harbor2	chr21	33405550	33405748	DNA/hAT-Charlie	551	+	99	33405649	25749
chr21	33379900	33579900	harbor2	chr21	33421867	33422077	DNA/hAT-Charlie	1120	+	105	33421972	42072
chr21	33379900	33579900	harbor2	chr21	33440144	33440299	DNA/hAT-Charlie	719	+	78	33440222	60322
chr22	24069873	24269873	harbor2	chr22	24076955	24077117	DNA/hAT-Charlie	832	+	81	24077036	7163
chr22	24069873	24269873	harbor2	chr22	24111281	24111613	DNA/hAT-Charlie	2076	+	166	24111447	41574
chr22	19075418	19275418	harbor2	chr22	19089534	19089576	DNA/hAT-Charlie	791	+	21	19089555	14137
chr22	19075418	19275418	harbor2	chr22	19089881	19090032	DNA/hAT-Charlie	791	+	76	19089957	14539
chr22	42989451	43189451	harbor2	chr22	43019482	43019727	DNA/hAT-Charlie	582	+	122	43019604	30153
chr22	42989451	43189451	harbor2	chr22	43075700	43075903	DNA/hAT-Charlie	977	+	102	43075802	86351
chr22	24070350	24270350	harbor2	chr22	24076955	24077117	DNA/hAT-Charlie	832	+	81	24077036	6686
chr22	24070350	24270350	harbor2	chr22	24111281	24111613	DNA/hAT-Charlie	2076	+	166	24111447	41097
chr22	24071226	24271226	harbor2	chr22	24076955	24077117	DNA/hAT-Charlie	832	+	81	24077036	5810
chr22	24071226	24271226	harbor2	chr22	24111281	24111613	DNA/hAT-Charlie	2076	+	166	24111447	40221
chr22	38298885	38498885	harbor2	chr22	38354366	38354528	DNA/hAT-Charlie	666	+	81	38354447	55562
chr22	38298885	38498885	harbor2	chr22	38354827	38354862	DNA/hAT-Charlie	666	+	18	38354845	55960
chr22	24070364	24270364	harbor2	chr22	24076955	24077117	DNA/hAT-Charlie	832	+	81	24077036	6672
chr22	24070364	24270364	harbor2	chr22	24111281	24111613	DNA/hAT-Charlie	2076	+	166	24111447	41083
chr22	22590069	22790069	harbor2	chr22	22619737	22619883	DNA/hAT-Charlie	460	+	73	22619810	29741
chr22	22590069	22790069	harbor2	chr22	22662818	22663012	DNA/hAT-Charlie	427	+	97	22662915	72846
chr22	42989456	43189456	harbor2	chr22	43019482	43019727	DNA/hAT-Charlie	582	+	122	43019604	30148
chr22	42989456	43189456	harbor2	chr22	43075700	43075903	DNA/hAT-Charlie	977	+	102	43075802	86346
chr22	43933826	44133826	harbor2	chr22	43974121	43974250	DNA/hAT-Charlie	483	+	64	43974185	40359
chr22	43933826	44133826	harbor2	chr22	44010736	44010889	DNA/hAT-Charlie	573	+	76	44010812	76986
chr22	43933826	44133826	harbor2	chr22	44011124	44011148	DNA/hAT-Charlie	573	+	12	44011136	77310
chr22	43933826	44133826	harbor2	chr22	44011274	44011324	DNA/hAT-Charlie	573	+	25	44011299	77473
chr22	42989457	43189457	harbor2	chr22	43019482	43019727	DNA/hAT-Charlie	582	+	122	43019604	30147
chr22	42989457	43189457	harbor2	chr22	43075700	43075903	DNA/hAT-Charlie	977	+	102	43075802	86345
chr22	24069841	24269841	harbor2	chr22	24076955	24077117	DNA/hAT-Charlie	832	+	81	24077036	7195
chr22	24069841	24269841	harbor2	chr22	24111281	24111613	DNA/hAT-Charlie	2076	+	166	24111447	41606
chr22	42989737	43189737	harbor2	chr22	43019482	43019727	DNA/hAT-Charlie	582	+	122	43019604	29867
chr22	42989737	43189737	harbor2	chr22	43075700	43075903	DNA/hAT-Charlie	977	+	102	43075802	86065
chr22	39375789	39575789	harbor2	chr22	39443776	39443830	DNA/hAT-Charlie	569	+	27	39443803	68014
chr22	39375789	39575789	harbor2	chr22	39444139	39444282	DNA/hAT-Charlie	569	+	72	39444211	68422
chr22	39375789	39575789	harbor2	chr22	39455613	39455876	DNA/hAT-Charlie	1282	+	132	39455745	79956
chr22	32078363	32278363	harbor2	chr22	32083447	32083710	DNA/hAT-Charlie	617	+	132	32083579	5216
chr22	32078363	32278363	harbor2	chr22	32103739	32103848	DNA/hAT-Charlie	583	+	54	32103793	25430
chr22	32078363	32278363	harbor2	chr22	32113281	32113472	DNA/hAT-Charlie	1010	+	96	32113377	35014
chr22	32078363	32278363	harbor2	chr22	32165391	32165595	DNA/hAT-Charlie	617	+	102	32165493	87130
chr22	24070302	24270302	harbor2	chr22	24076955	24077117	DNA/hAT-Charlie	832	+	81	24077036	6734
chr22	24070302	24270302	harbor2	chr22	24111281	24111613	DNA/hAT-Charlie	2076	+	166	24111447	41145
chr22	24070441	24270441	harbor2	chr22	24076955	24077117	DNA/hAT-Charlie	832	+	81	24077036	6595
chr22	24070441	24270441	harbor2	chr22	24111281	24111613	DNA/hAT-Charlie	2076	+	166	24111447	41006
chr22	44398337	44598337	harbor2	chr22	44423957	44424127	DNA/hAT-Charlie	450	+	85	44424042	25705
chr22	44398337	44598337	harbor2	chr22	44491718	44492163	DNA/hAT-Charlie	1485	+	222	44491940	93603
chr22	23023478	23223478	harbor2	chr22	23077013	23077124	DNA/hAT-Charlie	422	+	56	23077069	53591
chr22	23023478	23223478	harbor2	chr22	23085860	23086211	DNA/hAT-Charlie	910	+	176	23086036	62558
chr22	49692745	49892745	harbor2	chr22	49729362	49729594	DNA/hAT-Charlie	656	+	116	49729478	36733
chr22	49664584	49864584	harbor2	chr22	49729362	49729594	DNA/hAT-Charlie	656	+	116	49729478	64894
chr22	42989453	43189453	harbor2	chr22	43019482	43019727	DNA/hAT-Charlie	582	+	122	43019604	30151
chr22	42989453	43189453	harbor2	chr22	43075700	43075903	DNA/hAT-Charlie	977	+	102	43075802	86349
chr22	50227538	50427538	harbor2	chr22	50242738	50242830	DNA/hAT-Charlie	519	+	46	50242784	15246
chr22	50227538	50427538	harbor2	chr22	50321996	50322078	DNA/hAT-Charlie	462	+	41	50322037	94499
chr22	50227538	50427538	harbor2	chr22	50322374	50322428	DNA/hAT-Charlie	462	+	27	50322401	94863
chr22	43079252	43279252	harbor2	chr22	43137577	43137777	DNA/hAT-Charlie	618	+	100	43137677	58425
chr22	23023459	23223459	harbor2	chr22	23077013	23077124	DNA/hAT-Charlie	422	+	56	23077069	53610
chr22	23023459	23223459	harbor2	chr22	23085860	23086211	DNA/hAT-Charlie	910	+	176	23086036	62577
chr22	30847666	31047666	harbor2	chr22	30918865	30919383	DNA/hAT-Charlie	3836	+	259	30919124	71458
chr22	30847666	31047666	harbor2	chr22	30931207	30931420	DNA/hAT-Charlie	1027	+	106	30931313	83647
chr22	26171128	26371128	harbor2	chr22	26210758	26211080	DNA/hAT-Charlie	777	+	161	26210919	39791
chr22	26171128	26371128	harbor2	chr22	26222100	26222225	DNA/hAT-Charlie	482	+	62	26222162	51034
chr22	26171128	26371128	harbor2	chr22	26222826	26223045	DNA/hAT-Charlie	1156	+	110	26222936	51808
chr22	26171128	26371128	harbor2	chr22	26229634	26229793	DNA/hAT-Charlie	594	+	80	26229714	58586
chr22	26171128	26371128	harbor2	chr22	26252079	26252194	DNA/hAT-Charlie	691	+	58	26252137	81009
chr22	26171128	26371128	harbor2	chr22	26253684	26253873	DNA/hAT-Charlie	531	+	94	26253778	82650
chr22	26171128	26371128	harbor2	chr22	26256662	26256848	DNA/hAT-Charlie	1000	+	93	26256755	85627
chr22	26171128	26371128	harbor2	chr22	26256991	26257224	DNA/hAT-Charlie	1066	+	116	26257107	85979
chr22	36186701	36386701	harbor2	chr22	36196167	36196310	DNA/hAT-Charlie	459	+	72	36196239	9538
chr22	42989431	43189431	harbor2	chr22	43019482	43019727	DNA/hAT-Charlie	582	+	122	43019604	30173
chr22	42989431	43189431	harbor2	chr22	43075700	43075903	DNA/hAT-Charlie	977	+	102	43075802	86371
chr22	24069770	24269770	harbor2	chr22	24076955	24077117	DNA/hAT-Charlie	832	+	81	24077036	7266
chr22	24069770	24269770	harbor2	chr22	24111281	24111613	DNA/hAT-Charlie	2076	+	166	24111447	41677
chr22	18930366	19130366	harbor2	chr22	19006170	19006342	DNA/hAT-Charlie	703	+	86	19006256	75890
chr22	18930366	19130366	harbor2	chr22	19006628	19006727	DNA/hAT-Charlie	703	+	50	19006678	76312
chr22	18930366	19130366	harbor2	chr22	19020024	19020281	DNA/hAT-Charlie	447	+	128	19020152	89786
chr22	30998853	31198853	harbor2	chr22	31015288	31015497	DNA/hAT-Charlie	687	+	104	31015392	16539
chr22	30998853	31198853	harbor2	chr22	31036706	31036911	DNA/hAT-Charlie	903	+	102	31036808	37955
chr22	42989458	43189458	harbor2	chr22	43019482	43019727	DNA/hAT-Charlie	582	+	122	43019604	30146
chr22	42989458	43189458	harbor2	chr22	43075700	43075903	DNA/hAT-Charlie	977	+	102	43075802	86344
chr22	23668508	23868508	harbor2	chr22	23680313	23680418	DNA/hAT-Charlie	444	+	52	23680365	11857
chr22	23668508	23868508	harbor2	chr22	23747175	23747517	DNA/hAT-Charlie	2290	+	171	23747346	78838
chr22	49199648	49399648	harbor2	chr22	49214565	49214775	DNA/hAT-Charlie	683	+	105	49214670	15022
chr22	23024071	23224071	harbor2	chr22	23077013	23077124	DNA/hAT-Charlie	422	+	56	23077069	52998
chr22	23024071	23224071	harbor2	chr22	23085860	23086211	DNA/hAT-Charlie	910	+	176	23086036	61965
chr22	24071264	24271264	harbor2	chr22	24076955	24077117	DNA/hAT-Charlie	832	+	81	24077036	5772
chr22	24071264	24271264	harbor2	chr22	24111281	24111613	DNA/hAT-Charlie	2076	+	166	24111447	40183
chr22	46151173	46351173	harbor2	chr22	46215828	46216014	DNA/hAT-Charlie	1264	+	93	46215921	64748
chr22	24070539	24270539	harbor2	chr22	24076955	24077117	DNA/hAT-Charlie	832	+	81	24077036	6497
chr22	24070539	24270539	harbor2	chr22	24111281	24111613	DNA/hAT-Charlie	2076	+	166	24111447	40908
chr22	50170823	50370823	harbor2	chr22	50242738	50242830	DNA/hAT-Charlie	519	+	46	50242784	71961
chr22	36919222	37119222	harbor2	chr22	37001120	37001276	DNA/hAT-Charlie	493	+	78	37001198	81976
chr22	36919213	37119213	harbor2	chr22	37001120	37001276	DNA/hAT-Charlie	493	+	78	37001198	81985
chr22	24069881	24269881	harbor2	chr22	24076955	24077117	DNA/hAT-Charlie	832	+	81	24077036	7155
chr22	24069881	24269881	harbor2	chr22	24111281	24111613	DNA/hAT-Charlie	2076	+	166	24111447	41566
chr22	42989450	43189450	harbor2	chr22	43019482	43019727	DNA/hAT-Charlie	582	+	122	43019604	30154
chr22	42989450	43189450	harbor2	chr22	43075700	43075903	DNA/hAT-Charlie	977	+	102	43075802	86352
chr22	36186697	36386697	harbor2	chr22	36196167	36196310	DNA/hAT-Charlie	459	+	72	36196239	9542
chr22	24018494	24218494	harbor2	chr22	24076955	24077117	DNA/hAT-Charlie	832	+	81	24077036	58542
chr22	24018494	24218494	harbor2	chr22	24111281	24111613	DNA/hAT-Charlie	2076	+	166	24111447	92953
chr22	46387837	46587837	harbor2	chr22	46428516	46428701	DNA/hAT-Charlie	487	+	92	46428608	40771
chr22	36186696	36386696	harbor2	chr22	36196167	36196310	DNA/hAT-Charlie	459	+	72	36196239	9543
chr22	36186702	36386702	harbor2	chr22	36196167	36196310	DNA/hAT-Charlie	459	+	72	36196239	9537
chr22	36186690	36386690	harbor2	chr22	36196167	36196310	DNA/hAT-Charlie	459	+	72	36196239	9549
chrX	18254718	18454718	harbor2	chrX	18316647	18317005	DNA/hAT-Charlie	1567	+	179	18316826	62108
chrX	130073359	130273359	harbor2	chrX	130090669	130090803	DNA/hAT-Charlie	649	+	67	130090736	17377
chrX	130073359	130273359	harbor2	chrX	130138885	130139100	DNA/hAT-Charlie	996	+	108	130138993	65634
chrX	130073359	130273359	harbor2	chrX	130145743	130145959	DNA/hAT-Charlie	1158	+	108	130145851	72492
chrX	130073359	130273359	harbor2	chrX	130152804	130153041	DNA/hAT-Charlie	609	+	118	130152922	79563
chrX	48409015	48609015	harbor2	chrX	48485998	48486462	DNA/hAT-Charlie	1333	+	232	48486230	77215
chrX	72046644	72246644	harbor2	chrX	72057643	72058329	DNA/hAT-Charlie	3154	+	343	72057986	11342
chrX	72046644	72246644	harbor2	chrX	72062257	72062427	DNA/hAT-Charlie	566	+	85	72062342	15698
chrX	72046644	72246644	harbor2	chrX	72072101	72072391	DNA/hAT-Charlie	817	+	145	72072246	25602
chrX	72046644	72246644	harbor2	chrX	72083332	72083812	DNA/hAT-Charlie	1855	+	240	72083572	36928
chrX	72046644	72246644	harbor2	chrX	72100490	72100830	DNA/hAT-Charlie	2464	+	170	72100660	54016
chrX	72046644	72246644	harbor2	chrX	72104009	72104457	DNA/hAT-Charlie	1644	+	224	72104233	57589
chrX	72046644	72246644	harbor2	chrX	72110129	72110311	DNA/hAT-Charlie	701	+	91	72110220	63576
chrX	72046644	72246644	harbor2	chrX	72115836	72116029	DNA/hAT-Charlie	772	+	96	72115932	69288
chrX	72046644	72246644	harbor2	chrX	72121738	72122216	DNA/hAT-Charlie	2066	+	239	72121977	75333
chrX	129834975	130034975	harbor2	chrX	129863536	129863723	DNA/hAT-Charlie	819	+	94	129863630	28655
chrX	129834975	130034975	harbor2	chrX	129877629	129877849	DNA/hAT-Charlie	1640	+	110	129877739	42764
chrX	49762718	49962718	harbor2	chrX	49783580	49783606	DNA/hAT-Charlie	1046	+	13	49783593	20875
chrX	49762718	49962718	harbor2	chrX	49783913	49784098	DNA/hAT-Charlie	1046	+	92	49784005	21287
chrX	49762718	49962718	harbor2	chrX	49820031	49820376	DNA/hAT-Charlie	2221	+	172	49820203	57485
chrX	109965478	110165478	harbor2	chrX	109976549	109976656	DNA/hAT-Charlie	597	+	54	109976603	11125
chrX	109965478	110165478	harbor2	chrX	110036776	110036975	DNA/hAT-Charlie	1009	+	100	110036876	71398
chrX	109965478	110165478	harbor2	chrX	110059632	110059846	DNA/hAT-Charlie	1399	+	107	110059739	94261
chrX	37580064	37780064	harbor2	chrX	37598275	37598445	DNA/hAT-Charlie	810	+	85	37598360	18296
chrX	37580064	37780064	harbor2	chrX	37599066	37599318	DNA/hAT-Charlie	583	+	126	37599192	19128
chrX	37580064	37780064	harbor2	chrX	37614218	37614394	DNA/hAT-Charlie	829	+	88	37614306	34242
chrX	37580064	37780064	harbor2	chrX	37616796	37616963	DNA/hAT-Charlie	718	+	84	37616880	36816
chrX	37580064	37780064	harbor2	chrX	37644178	37644360	DNA/hAT-Charlie	741	+	91	37644269	64205
chrX	37580064	37780064	harbor2	chrX	37645741	37645922	DNA/hAT-Charlie	672	+	90	37645831	65767
chrX	37580064	37780064	harbor2	chrX	37660186	37660349	DNA/hAT-Charlie	861	+	82	37660268	80204
chrX	37580064	37780064	harbor2	chrX	37674187	37674527	DNA/hAT-Charlie	1106	+	170	37674357	94293
chrX	72053113	72253113	harbor2	chrX	72057643	72058329	DNA/hAT-Charlie	3154	+	343	72057986	4873
chrX	72053113	72253113	harbor2	chrX	72062257	72062427	DNA/hAT-Charlie	566	+	85	72062342	9229
chrX	72053113	72253113	harbor2	chrX	72072101	72072391	DNA/hAT-Charlie	817	+	145	72072246	19133
chrX	72053113	72253113	harbor2	chrX	72083332	72083812	DNA/hAT-Charlie	1855	+	240	72083572	30459
chrX	72053113	72253113	harbor2	chrX	72100490	72100830	DNA/hAT-Charlie	2464	+	170	72100660	47547
chrX	72053113	72253113	harbor2	chrX	72104009	72104457	DNA/hAT-Charlie	1644	+	224	72104233	51120
chrX	72053113	72253113	harbor2	chrX	72110129	72110311	DNA/hAT-Charlie	701	+	91	72110220	57107
chrX	72053113	72253113	harbor2	chrX	72115836	72116029	DNA/hAT-Charlie	772	+	96	72115932	62819
chrX	72053113	72253113	harbor2	chrX	72121738	72122216	DNA/hAT-Charlie	2066	+	239	72121977	68864
chrX	41234593	41434593	harbor2	chrX	41248061	41248333	DNA/hAT-Charlie	853	+	136	41248197	13604
chrX	41234593	41434593	harbor2	chrX	41269307	41269550	DNA/hAT-Charlie	1327	+	122	41269429	34836
chrX	41234593	41434593	harbor2	chrX	41269856	41270055	DNA/hAT-Charlie	1327	+	100	41269956	35363
chrX	41234593	41434593	harbor2	chrX	41325416	41325533	DNA/hAT-Charlie	601	+	58	41325474	90881
chrX	41234593	41434593	harbor2	chrX	41331799	41332216	DNA/hAT-Charlie	1650	+	208	41332007	97414
chrX	20396267	20596267	harbor2	chrX	20413265	20413416	DNA/hAT-Charlie	645	+	76	20413341	17074
chrX	20396267	20596267	harbor2	chrX	20415497	20415681	DNA/hAT-Charlie	1245	+	92	20415589	19322
chrX	20396267	20596267	harbor2	chrX	20430396	20430580	DNA/hAT-Charlie	746	+	92	20430488	34221
chrX	20396267	20596267	harbor2	chrX	20444756	20444922	DNA/hAT-Charlie	805	+	83	20444839	48572
chrX	20396267	20596267	harbor2	chrX	20450767	20450947	DNA/hAT-Charlie	953	+	90	20450857	54590
chrX	20396267	20596267	harbor2	chrX	20469384	20469595	DNA/hAT-Charlie	689	+	106	20469490	73223
chrX	20396267	20596267	harbor2	chrX	20491541	20491710	DNA/hAT-Charlie	1014	+	84	20491625	95358
chrX	16520297	16720297	harbor2	chrX	16530684	16531178	DNA/hAT-Charlie	1162	+	247	16530931	10634
chrX	16520297	16720297	harbor2	chrX	16541058	16541099	DNA/hAT-Charlie	973	+	20	16541078	20781
chrX	16520297	16720297	harbor2	chrX	16541404	16541617	DNA/hAT-Charlie	973	+	106	16541510	21213
chrX	16520297	16720297	harbor2	chrX	16562998	16563176	DNA/hAT-Charlie	1091	+	89	16563087	42790
chrX	16520297	16720297	harbor2	chrX	16570718	16570745	DNA/hAT-Charlie	1260	+	14	16570732	50435
chrX	16520297	16720297	harbor2	chrX	16571553	16571763	DNA/hAT-Charlie	1260	+	105	16571658	51361
chrX	16520297	16720297	harbor2	chrX	16572059	16572145	DNA/hAT-Charlie	1260	+	43	16572102	51805
chrX	16520297	16720297	harbor2	chrX	16590304	16590476	DNA/hAT-Charlie	1082	+	86	16590390	70093
chrX	16520297	16720297	harbor2	chrX	16613590	16613602	DNA/hAT-Charlie	1008	+	6	16613596	93299
chrX	16520297	16720297	harbor2	chrX	16613890	16614001	DNA/hAT-Charlie	1008	+	56	16613946	93649
chrX	16520297	16720297	harbor2	chrX	16614226	16614310	DNA/hAT-Charlie	1008	+	42	16614268	93971
