H_chr	H_start	H_end	Harbor	TE_chr	TE_start	TE_end	TE	score	TE_strand	TE_half	TE_middle_pos	TE_dis
chr1	2137978	2337978	harbor1	chr1	2151110	2151307	DNA/TcMar-Tigger	726	-	98	2151208	13230
chr1	63219176	63419176	harbor1	chr1	63301941	63302029	DNA/TcMar-Tigger	565	-	44	63301985	82809
chr1	63219176	63419176	harbor1	chr1	63302028	63302209	DNA/TcMar-Tigger	1265	-	90	63302118	82942
chr1	63219176	63419176	harbor1	chr1	63302378	63302668	DNA/TcMar-Tigger	1519	-	145	63302523	83347
chr1	2138436	2338436	harbor1	chr1	2151110	2151307	DNA/TcMar-Tigger	726	-	98	2151208	12772
chr1	2138571	2338571	harbor1	chr1	2151110	2151307	DNA/TcMar-Tigger	726	-	98	2151208	12637
chr1	150461410	150661410	harbor1	chr1	150478230	150478527	DNA/TcMar-Tigger	1340	-	148	150478378	16968
chr1	1675980	1875980	harbor1	chr1	1684229	1684434	DNA/TcMar-Tigger	478	-	102	1684331	8351
chr1	1675980	1875980	harbor1	chr1	1722126	1722241	DNA/TcMar-Tigger	519	-	58	1722184	46204
chr1	51230788	51430788	harbor1	chr1	51258181	51258300	DNA/TcMar-Tigger	628	-	60	51258241	27453
chr1	51230788	51430788	harbor1	chr1	51278960	51279376	DNA/TcMar-Tigger	1834	-	208	51279168	48380
chr1	51230788	51430788	harbor1	chr1	51279371	51279418	DNA/TcMar-Tigger	1132	-	24	51279395	48607
chr1	51230788	51430788	harbor1	chr1	51279711	51279823	DNA/TcMar-Tigger	1132	-	56	51279767	48979
chr1	51230788	51430788	harbor1	chr1	51280122	51280213	DNA/TcMar-Tigger	1132	-	46	51280168	49380
chr1	109183460	109383460	harbor1	chr1	109217161	109217387	DNA/TcMar-Tigger	1534	-	113	109217274	33814
chr1	15942113	16142113	harbor1	chr1	15972418	15972539	DNA/TcMar-Tigger	504	-	60	15972478	30365
chr1	15942113	16142113	harbor1	chr1	15995882	15996010	DNA/TcMar-Tigger	892	-	64	15995946	53833
chr1	15942113	16142113	harbor1	chr1	15996337	15996393	DNA/TcMar-Tigger	892	-	28	15996365	54252
chr1	2138519	2338519	harbor1	chr1	2151110	2151307	DNA/TcMar-Tigger	726	-	98	2151208	12689
chr1	89721500	89921500	harbor1	chr1	89737191	89738420	DNA/TcMar-Tigger	7087	-	614	89737805	16305
chr1	89721500	89921500	harbor1	chr1	89787188	89787723	DNA/TcMar-Tigger	2099	-	268	89787456	65956
chr1	89721500	89921500	harbor1	chr1	89787998	89788323	DNA/TcMar-Tigger	1989	-	162	89788160	66660
chr1	227441496	227641496	harbor1	chr1	227458259	227458437	DNA/TcMar-Tigger	608	-	89	227458348	16852
chr1	227441496	227641496	harbor1	chr1	227516446	227516780	DNA/TcMar-Tigger	1514	-	167	227516613	75117
chr1	77131620	77331620	harbor1	chr1	77145940	77146026	DNA/TcMar-Tigger	521	-	43	77145983	14363
chr1	77131620	77331620	harbor1	chr1	77224232	77224555	DNA/TcMar-Tigger	1737	-	162	77224394	92774
chr1	11666518	11866518	harbor1	chr1	11678707	11678895	DNA/TcMar-Tigger	1089	-	94	11678801	12283
chr1	11666518	11866518	harbor1	chr1	11679192	11679277	DNA/TcMar-Tigger	1089	-	42	11679234	12716
chr1	11666518	11866518	harbor1	chr1	11731434	11731722	DNA/TcMar-Tigger	1652	-	144	11731578	65060
chr1	8715651	8915651	harbor1	chr1	8740178	8741224	DNA/TcMar-Tigger	4573	-	523	8740701	25050
chr1	8715651	8915651	harbor1	chr1	8746476	8746650	DNA/TcMar-Tigger	906	-	87	8746563	30912
chr1	3672834	3872834	harbor1	chr1	3749613	3749879	DNA/TcMar-Tigger	1485	-	133	3749746	76912
chr1	3672834	3872834	harbor1	chr1	3750183	3750276	DNA/TcMar-Tigger	1485	-	46	3750229	77395
chr1	26400749	26600749	harbor1	chr1	26461859	26462055	DNA/TcMar-Tigger	855	-	98	26461957	61208
chr1	26400749	26600749	harbor1	chr1	26462321	26462755	DNA/TcMar-Tigger	855	-	217	26462538	61789
chr1	244605525	244805525	harbor1	chr1	244615382	244615694	DNA/TcMar-Tigger	1491	-	156	244615538	10013
chr1	244605525	244805525	harbor1	chr1	244620048	244620456	DNA/TcMar-Tigger	1122	-	204	244620252	14727
chr1	244605525	244805525	harbor1	chr1	244623644	244623966	DNA/TcMar-Tigger	6950	-	161	244623805	18280
chr1	244605525	244805525	harbor1	chr1	244624271	244624519	DNA/TcMar-Tigger	6950	-	124	244624395	18870
chr1	244605525	244805525	harbor1	chr1	244624820	244625346	DNA/TcMar-Tigger	6950	-	263	244625083	19558
chr1	244605525	244805525	harbor1	chr1	244625890	244626204	DNA/TcMar-Tigger	7997	-	157	244626047	20522
chr1	244605525	244805525	harbor1	chr1	244626509	244627321	DNA/TcMar-Tigger	7997	-	406	244626915	21390
chr1	244605525	244805525	harbor1	chr1	244627586	244627752	DNA/TcMar-Tigger	7997	-	83	244627669	22144
chr1	2138509	2338509	harbor1	chr1	2151110	2151307	DNA/TcMar-Tigger	726	-	98	2151208	12699
chr1	5561024	5761024	harbor1	chr1	5605906	5606335	DNA/TcMar-Tigger	2342	-	214	5606120	45096
chr1	227441495	227641495	harbor1	chr1	227458259	227458437	DNA/TcMar-Tigger	608	-	89	227458348	16853
chr1	227441495	227641495	harbor1	chr1	227516446	227516780	DNA/TcMar-Tigger	1514	-	167	227516613	75118
chr1	6620127	6820127	harbor1	chr1	6657982	6658151	DNA/TcMar-Tigger	859	-	84	6658066	37939
chr1	241509049	241709049	harbor1	chr1	241568869	241568997	DNA/TcMar-Tigger	682	-	64	241568933	59884
chr1	2136215	2336215	harbor1	chr1	2151110	2151307	DNA/TcMar-Tigger	726	-	98	2151208	14993
chr1	225780616	225980616	harbor1	chr1	225864461	225864828	DNA/TcMar-Tigger	517	-	184	225864645	84029
chr1	211033805	211233805	harbor1	chr1	211066304	211066596	DNA/TcMar-Tigger	1373	-	146	211066450	32645
chr1	211033805	211233805	harbor1	chr1	211069719	211069898	DNA/TcMar-Tigger	826	-	90	211069809	36004
chr1	211033805	211233805	harbor1	chr1	211070885	211071858	DNA/TcMar-Tigger	5023	-	486	211071371	37566
chr1	211033805	211233805	harbor1	chr1	211101822	211102225	DNA/TcMar-Tigger	473	-	202	211102024	68219
chr1	154845979	155045979	harbor1	chr1	154921224	154921454	DNA/TcMar-Tigger	1416	-	115	154921339	75360
chr1	154845979	155045979	harbor1	chr1	154929386	154929511	DNA/TcMar-Tigger	590	-	62	154929448	83469
chr1	46122770	46322770	harbor1	chr1	46176873	46177052	DNA/TcMar-Tigger	3515	-	90	46176963	54193
chr1	46122770	46322770	harbor1	chr1	46177395	46177853	DNA/TcMar-Tigger	3515	-	229	46177624	54854
chr1	155463419	155663419	harbor1	chr1	155495234	155495714	DNA/TcMar-Tigger	3095	-	240	155495474	32055
chr1	155463419	155663419	harbor1	chr1	155496028	155496269	DNA/TcMar-Tigger	3095	-	120	155496148	32729
chr1	155463419	155663419	harbor1	chr1	155496270	155496373	DNA/TcMar-Tigger	546	-	52	155496322	32903
chr1	155463419	155663419	harbor1	chr1	155525819	155526101	DNA/TcMar-Tigger	1286	-	141	155525960	62541
chr1	54316227	54516227	harbor1	chr1	54346842	54347002	DNA/TcMar-Tigger	759	-	80	54346922	30695
chr1	54316227	54516227	harbor1	chr1	54347268	54347383	DNA/TcMar-Tigger	759	-	58	54347326	31099
chr1	54316227	54516227	harbor1	chr1	54347501	54347591	DNA/TcMar-Tigger	759	-	45	54347546	31319
chr1	10540158	10740158	harbor1	chr1	10547458	10547760	DNA/TcMar-Tigger	1559	-	151	10547609	7451
chr1	10540158	10740158	harbor1	chr1	10549614	10549832	DNA/TcMar-Tigger	1318	-	109	10549723	9565
chr1	10540158	10740158	harbor1	chr1	10572504	10572534	DNA/TcMar-Tigger	1468	-	15	10572519	32361
chr1	10540158	10740158	harbor1	chr1	10572836	10573195	DNA/TcMar-Tigger	1468	-	180	10573016	32858
chr1	10540158	10740158	harbor1	chr1	10589099	10589461	DNA/TcMar-Tigger	523	-	181	10589280	49122
chr1	65154911	65354911	harbor1	chr1	65193625	65193770	DNA/TcMar-Tigger	821	-	72	65193697	38786
chr1	65154911	65354911	harbor1	chr1	65199709	65199936	DNA/TcMar-Tigger	1390	-	114	65199823	44912
chr1	167559746	167759746	harbor1	chr1	167597086	167597154	DNA/TcMar-Tigger	1829	-	34	167597120	37374
chr1	167559746	167759746	harbor1	chr1	167599429	167599458	DNA/TcMar-Tigger	1829	-	14	167599443	39697
chr1	167559746	167759746	harbor1	chr1	167599760	167599980	DNA/TcMar-Tigger	1829	-	110	167599870	40124
chr1	2138482	2338482	harbor1	chr1	2151110	2151307	DNA/TcMar-Tigger	726	-	98	2151208	12726
chr1	2138561	2338561	harbor1	chr1	2151110	2151307	DNA/TcMar-Tigger	726	-	98	2151208	12647
chr1	226010111	226210111	harbor1	chr1	226055657	226056686	DNA/TcMar-Tigger	6775	-	514	226056171	46060
chr1	226010111	226210111	harbor1	chr1	226056983	226056995	DNA/TcMar-Tigger	6672	-	6	226056989	46878
chr1	226010111	226210111	harbor1	chr1	226057292	226057421	DNA/TcMar-Tigger	6672	-	64	226057356	47245
chr1	226010111	226210111	harbor1	chr1	226077000	226077142	DNA/TcMar-Tigger	1767	-	71	226077071	66960
chr1	226010111	226210111	harbor1	chr1	226077744	226077803	DNA/TcMar-Tigger	1767	-	30	226077774	67663
chr1	226010111	226210111	harbor1	chr1	226078120	226078283	DNA/TcMar-Tigger	1767	-	82	226078202	68091
chr1	2138397	2338397	harbor1	chr1	2151110	2151307	DNA/TcMar-Tigger	726	-	98	2151208	12811
chr1	205210078	205410078	harbor1	chr1	205264114	205264288	DNA/TcMar-Tigger	924	-	87	205264201	54123
chr1	2987716	3187716	harbor1	chr1	3043210	3043353	DNA/TcMar-Tigger	6653	-	72	3043282	55566
chr1	2987716	3187716	harbor1	chr1	3043664	3043984	DNA/TcMar-Tigger	6653	-	160	3043824	56108
chr1	2987716	3187716	harbor1	chr1	3044281	3044753	DNA/TcMar-Tigger	6653	-	236	3044517	56801
chr1	2987716	3187716	harbor1	chr1	3045125	3045654	DNA/TcMar-Tigger	6653	-	264	3045389	57673
chr1	33270108	33470108	harbor1	chr1	33317725	33317960	DNA/TcMar-Tigger	1446	-	118	33317843	47735
chr1	33270108	33470108	harbor1	chr1	33339751	33339964	DNA/TcMar-Tigger	1434	-	106	33339857	69749
chr1	211032764	211232764	harbor1	chr1	211066304	211066596	DNA/TcMar-Tigger	1373	-	146	211066450	33686
chr1	211032764	211232764	harbor1	chr1	211069719	211069898	DNA/TcMar-Tigger	826	-	90	211069809	37045
chr1	211032764	211232764	harbor1	chr1	211070885	211071858	DNA/TcMar-Tigger	5023	-	486	211071371	38607
chr1	211032764	211232764	harbor1	chr1	211101822	211102225	DNA/TcMar-Tigger	473	-	202	211102024	69260
chr1	227441477	227641477	harbor1	chr1	227458259	227458437	DNA/TcMar-Tigger	608	-	89	227458348	16871
chr1	227441477	227641477	harbor1	chr1	227516446	227516780	DNA/TcMar-Tigger	1514	-	167	227516613	75136
chr1	16117451	16317451	harbor1	chr1	16213579	16213710	DNA/TcMar-Tigger	585	-	66	16213645	96194
chr1	16117451	16317451	harbor1	chr1	16214394	16214601	DNA/TcMar-Tigger	433	-	104	16214498	97047
chr1	2138530	2338530	harbor1	chr1	2151110	2151307	DNA/TcMar-Tigger	726	-	98	2151208	12678
chr1	2138452	2338452	harbor1	chr1	2151110	2151307	DNA/TcMar-Tigger	726	-	98	2151208	12756
chr1	202827305	203027305	harbor1	chr1	202905572	202905813	DNA/TcMar-Tigger	1224	-	120	202905692	78387
chr1	204585523	204785523	harbor1	chr1	204591644	204591790	DNA/TcMar-Tigger	482	-	73	204591717	6194
chr1	204585523	204785523	harbor1	chr1	204606806	204607289	DNA/TcMar-Tigger	1300	-	242	204607048	21525
chr1	205330822	205530822	harbor1	chr1	205425186	205425512	DNA/TcMar-Tigger	823	-	163	205425349	94527
chr1	1562609	1762609	harbor1	chr1	1656103	1656204	DNA/TcMar-Tigger	493	-	50	1656153	93544
chr1	1562609	1762609	harbor1	chr1	1656765	1656888	DNA/TcMar-Tigger	642	-	62	1656827	94218
chr1	117480253	117680253	harbor1	chr1	117484007	117485029	DNA/TcMar-Tigger	5720	-	511	117484518	4265
chr1	148850447	149050447	harbor1	chr1	148868833	148869321	DNA/TcMar-Tigger	2901	-	244	148869077	18630
chr1	148850447	149050447	harbor1	chr1	148912863	148913204	DNA/TcMar-Tigger	1840	-	170	148913033	62586
chr1	148850447	149050447	harbor1	chr1	148936245	148937264	DNA/TcMar-Tigger	3707	-	510	148936755	86308
chr1	6601080	6801080	harbor1	chr1	6657982	6658151	DNA/TcMar-Tigger	859	-	84	6658066	56986
chr1	2138464	2338464	harbor1	chr1	2151110	2151307	DNA/TcMar-Tigger	726	-	98	2151208	12744
chr1	2138502	2338502	harbor1	chr1	2151110	2151307	DNA/TcMar-Tigger	726	-	98	2151208	12706
chr1	53189636	53389636	harbor1	chr1	53215527	53215897	DNA/TcMar-Tigger	2224	-	185	53215712	26076
chr1	229331834	229531834	harbor1	chr1	229399564	229399620	DNA/TcMar-Tigger	1306	-	28	229399592	67758
chr1	229331834	229531834	harbor1	chr1	229399783	229399964	DNA/TcMar-Tigger	1306	-	90	229399873	68039
chr1	229331834	229531834	harbor1	chr1	229399957	229400139	DNA/TcMar-Tigger	1585	-	91	229400048	68214
chr1	229331834	229531834	harbor1	chr1	229400436	229400537	DNA/TcMar-Tigger	1585	-	50	229400486	68652
chr1	9589469	9789469	harbor1	chr1	9656219	9656432	DNA/TcMar-Tigger	1114	-	106	9656325	66856
chr1	9589469	9789469	harbor1	chr1	9673704	9674098	DNA/TcMar-Tigger	481	-	197	9673901	84432
chr1	211033758	211233758	harbor1	chr1	211066304	211066596	DNA/TcMar-Tigger	1373	-	146	211066450	32692
chr1	211033758	211233758	harbor1	chr1	211069719	211069898	DNA/TcMar-Tigger	826	-	90	211069809	36051
chr1	211033758	211233758	harbor1	chr1	211070885	211071858	DNA/TcMar-Tigger	5023	-	486	211071371	37613
chr1	211033758	211233758	harbor1	chr1	211101822	211102225	DNA/TcMar-Tigger	473	-	202	211102024	68266
chr1	185216973	185416973	harbor1	chr1	185244238	185244798	DNA/TcMar-Tigger	6024	-	280	185244518	27545
chr1	185216973	185416973	harbor1	chr1	185245088	185245775	DNA/TcMar-Tigger	6024	-	344	185245432	28459
chr1	185216973	185416973	harbor1	chr1	185246068	185246146	DNA/TcMar-Tigger	6024	-	39	185246107	29134
chr1	185216973	185416973	harbor1	chr1	185278651	185278813	DNA/TcMar-Tigger	669	-	81	185278732	61759
chr1	39855337	40055337	harbor1	chr1	39855441	39855654	DNA/TcMar-Tigger	1315	-	106	39855547	210
chr1	2133810	2333810	harbor1	chr1	2151110	2151307	DNA/TcMar-Tigger	726	-	98	2151208	17398
chr1	2138449	2338449	harbor1	chr1	2151110	2151307	DNA/TcMar-Tigger	726	-	98	2151208	12759
chr1	92384641	92584641	harbor1	chr1	92385231	92385482	DNA/TcMar-Tigger	460	-	126	92385357	716
chr1	92384641	92584641	harbor1	chr1	92439769	92439850	DNA/TcMar-Tigger	1846	-	40	92439809	55168
chr1	92384641	92584641	harbor1	chr1	92439876	92439983	DNA/TcMar-Tigger	1846	-	54	92439930	55289
chr1	92384641	92584641	harbor1	chr1	92440277	92440399	DNA/TcMar-Tigger	1846	-	61	92440338	55697
chr1	92384641	92584641	harbor1	chr1	92440398	92440562	DNA/TcMar-Tigger	1116	-	82	92440480	55839
chr1	6350574	6550574	harbor1	chr1	6365295	6365490	DNA/TcMar-Tigger	2387	-	98	6365393	14819
chr1	6350574	6550574	harbor1	chr1	6365784	6365898	DNA/TcMar-Tigger	2387	-	57	6365841	15267
chr1	6350574	6550574	harbor1	chr1	6366172	6366300	DNA/TcMar-Tigger	2387	-	64	6366236	15662
chr1	6350574	6550574	harbor1	chr1	6366608	6366659	DNA/TcMar-Tigger	2387	-	26	6366634	16060
chr1	6350574	6550574	harbor1	chr1	6366887	6366916	DNA/TcMar-Tigger	2387	-	14	6366901	16327
chr1	6350574	6550574	harbor1	chr1	6367215	6367282	DNA/TcMar-Tigger	2387	-	34	6367249	16675
chr1	6350574	6550574	harbor1	chr1	6369282	6369394	DNA/TcMar-Tigger	486	-	56	6369338	18764
chr1	6350574	6550574	harbor1	chr1	6369861	6369958	DNA/TcMar-Tigger	8394	-	48	6369909	19335
chr1	6350574	6550574	harbor1	chr1	6370367	6370457	DNA/TcMar-Tigger	8394	-	45	6370412	19838
chr1	6350574	6550574	harbor1	chr1	6370793	6370803	DNA/TcMar-Tigger	8394	-	5	6370798	20224
chr1	6350574	6550574	harbor1	chr1	6371109	6371362	DNA/TcMar-Tigger	8394	-	126	6371235	20661
chr1	6350574	6550574	harbor1	chr1	6371662	6371762	DNA/TcMar-Tigger	8394	-	50	6371712	21138
chr1	6350574	6550574	harbor1	chr1	6372066	6372547	DNA/TcMar-Tigger	8394	-	240	6372306	21732
chr1	6350574	6550574	harbor1	chr1	6372850	6373256	DNA/TcMar-Tigger	8394	-	203	6373053	22479
chr1	6350574	6550574	harbor1	chr1	6373551	6373582	DNA/TcMar-Tigger	8394	-	16	6373567	22993
chr1	6350574	6550574	harbor1	chr1	6373883	6373921	DNA/TcMar-Tigger	8394	-	19	6373902	23328
chr1	722912	922912	harbor1	chr1	758556	758663	DNA/TcMar-Tigger	518	-	54	758610	35698
chr1	722912	922912	harbor1	chr1	796539	796837	DNA/TcMar-Tigger	1356	-	149	796688	73776
chr1	47317003	47517003	harbor1	chr1	47363085	47363157	DNA/TcMar-Tigger	431	-	36	47363121	46118
chr1	47317003	47517003	harbor1	chr1	47363235	47363312	DNA/TcMar-Tigger	489	-	38	47363273	46270
chr1	92386045	92586045	harbor1	chr1	92439769	92439850	DNA/TcMar-Tigger	1846	-	40	92439809	53764
chr1	92386045	92586045	harbor1	chr1	92439876	92439983	DNA/TcMar-Tigger	1846	-	54	92439930	53885
chr1	92386045	92586045	harbor1	chr1	92440277	92440399	DNA/TcMar-Tigger	1846	-	61	92440338	54293
chr1	92386045	92586045	harbor1	chr1	92440398	92440562	DNA/TcMar-Tigger	1116	-	82	92440480	54435
chr1	160897940	161097940	harbor1	chr1	160902718	160902862	DNA/TcMar-Tigger	1664	-	72	160902790	4850
chr1	160897940	161097940	harbor1	chr1	160903170	160903353	DNA/TcMar-Tigger	1664	-	92	160903262	5322
chr1	160897940	161097940	harbor1	chr1	160969809	160969878	DNA/TcMar-Tigger	460	-	34	160969843	71903
chr1	194321308	194521308	harbor1	chr1	194343373	194345418	DNA/TcMar-Tigger	10561	-	1022	194344395	23087
chr1	194321308	194521308	harbor1	chr1	194396734	194397338	DNA/TcMar-Tigger	3174	-	302	194397036	75728
chr1	194321308	194521308	harbor1	chr1	194397337	194397876	DNA/TcMar-Tigger	2501	-	270	194397607	76299
chr1	211033691	211233691	harbor1	chr1	211066304	211066596	DNA/TcMar-Tigger	1373	-	146	211066450	32759
chr1	211033691	211233691	harbor1	chr1	211069719	211069898	DNA/TcMar-Tigger	826	-	90	211069809	36118
chr1	211033691	211233691	harbor1	chr1	211070885	211071858	DNA/TcMar-Tigger	5023	-	486	211071371	37680
chr1	211033691	211233691	harbor1	chr1	211101822	211102225	DNA/TcMar-Tigger	473	-	202	211102024	68333
chr1	6567487	6767487	harbor1	chr1	6657982	6658151	DNA/TcMar-Tigger	859	-	84	6658066	90579
chr1	1676051	1876051	harbor1	chr1	1684229	1684434	DNA/TcMar-Tigger	478	-	102	1684331	8280
chr1	1676051	1876051	harbor1	chr1	1722126	1722241	DNA/TcMar-Tigger	519	-	58	1722184	46133
chr1	20561106	20761106	harbor1	chr1	20643830	20644140	DNA/TcMar-Tigger	1651	-	155	20643985	82879
chr1	211730554	211930554	harbor1	chr1	211733777	211733959	DNA/TcMar-Tigger	1055	-	91	211733868	3314
chr1	211730554	211930554	harbor1	chr1	211733960	211734402	DNA/TcMar-Tigger	2860	-	221	211734181	3627
chr1	211730554	211930554	harbor1	chr1	211734393	211734461	DNA/TcMar-Tigger	443	-	34	211734427	3873
chr1	211730554	211930554	harbor1	chr1	211734462	211734732	DNA/TcMar-Tigger	1585	-	135	211734597	4043
chr1	211730554	211930554	harbor1	chr1	211734735	211734877	DNA/TcMar-Tigger	681	-	71	211734806	4252
chr1	211730554	211930554	harbor1	chr1	211766366	211766870	DNA/TcMar-Tigger	2625	-	252	211766618	36064
chr1	211730554	211930554	harbor1	chr1	211805258	211805342	DNA/TcMar-Tigger	448	-	42	211805300	74746
chr1	211730554	211930554	harbor1	chr1	211805334	211805516	DNA/TcMar-Tigger	1089	-	91	211805425	74871
chr1	7552592	7752592	harbor1	chr1	7584944	7585214	DNA/TcMar-Tigger	1311	-	135	7585079	32487
chr1	152203804	152403804	harbor1	chr1	152211087	152211844	DNA/TcMar-Tigger	4041	-	378	152211465	7661
chr1	152203804	152403804	harbor1	chr1	152294404	152294628	DNA/TcMar-Tigger	1510	-	112	152294516	90712
chr1	209543647	209743647	harbor1	chr1	209552108	209552469	DNA/TcMar-Tigger	2539	-	180	209552288	8641
chr1	209543647	209743647	harbor1	chr1	209586211	209586559	DNA/TcMar-Tigger	1406	-	174	209586385	42738
chr1	12393958	12593958	harbor1	chr1	12419783	12420054	DNA/TcMar-Tigger	1246	-	136	12419919	25961
chr1	25516603	25716603	harbor1	chr1	25593704	25594098	DNA/TcMar-Tigger	2258	-	197	25593901	77298
chr1	44307706	44507706	harbor1	chr1	44401125	44401491	DNA/TcMar-Tigger	834	-	183	44401308	93602
chr1	44307706	44507706	harbor1	chr1	44401867	44402134	DNA/TcMar-Tigger	1287	-	134	44402001	94295
chr1	110573752	110773752	harbor1	chr1	110612194	110612407	DNA/TcMar-Tigger	1467	-	106	110612300	38548
chr1	110021160	110221160	harbor1	chr1	110118360	110118602	DNA/TcMar-Tigger	1195	-	121	110118481	97321
chr1	2138477	2338477	harbor1	chr1	2151110	2151307	DNA/TcMar-Tigger	726	-	98	2151208	12731
chr1	678890	878890	harbor1	chr1	758556	758663	DNA/TcMar-Tigger	518	-	54	758610	79720
chr1	155155129	155355129	harbor1	chr1	155158068	155158226	DNA/TcMar-Tigger	1954	-	79	155158147	3018
chr1	155155129	155355129	harbor1	chr1	155158530	155158753	DNA/TcMar-Tigger	1954	-	112	155158642	3513
chr1	53312624	53512624	harbor1	chr1	53333409	53333745	DNA/TcMar-Tigger	2173	-	168	53333577	20953
chr1	85965115	86165115	harbor1	chr1	86009324	86009917	DNA/TcMar-Tigger	3133	-	296	86009620	44505
chr1	1676022	1876022	harbor1	chr1	1684229	1684434	DNA/TcMar-Tigger	478	-	102	1684331	8309
chr1	1676022	1876022	harbor1	chr1	1722126	1722241	DNA/TcMar-Tigger	519	-	58	1722184	46162
chr1	31913327	32113327	harbor1	chr1	31945033	31945127	DNA/TcMar-Tigger	1623	-	47	31945080	31753
chr1	31913327	32113327	harbor1	chr1	31945440	31945655	DNA/TcMar-Tigger	1623	-	108	31945548	32221
chr1	19565193	19765193	harbor1	chr1	19586786	19587040	DNA/TcMar-Tigger	1544	-	127	19586913	21720
chr1	19565193	19765193	harbor1	chr1	19587348	19587456	DNA/TcMar-Tigger	1544	-	54	19587402	22209
chr1	19565193	19765193	harbor1	chr1	19595788	19595933	DNA/TcMar-Tigger	690	-	72	19595860	30667
chr1	19565193	19765193	harbor1	chr1	19596033	19596114	DNA/TcMar-Tigger	591	-	40	19596073	30880
chr1	211033713	211233713	harbor1	chr1	211066304	211066596	DNA/TcMar-Tigger	1373	-	146	211066450	32737
chr1	211033713	211233713	harbor1	chr1	211069719	211069898	DNA/TcMar-Tigger	826	-	90	211069809	36096
chr1	211033713	211233713	harbor1	chr1	211070885	211071858	DNA/TcMar-Tigger	5023	-	486	211071371	37658
chr1	211033713	211233713	harbor1	chr1	211101822	211102225	DNA/TcMar-Tigger	473	-	202	211102024	68311
chr1	5847916	6047916	harbor1	chr1	5931262	5931457	DNA/TcMar-Tigger	2401	-	98	5931360	83444
chr1	5847916	6047916	harbor1	chr1	5931759	5931797	DNA/TcMar-Tigger	2401	-	19	5931778	83862
chr1	5847916	6047916	harbor1	chr1	5932086	5932390	DNA/TcMar-Tigger	2401	-	152	5932238	84322
chr1	206378216	206578216	harbor1	chr1	206432693	206433081	DNA/TcMar-Tigger	2248	-	194	206432887	54671
chr1	206378216	206578216	harbor1	chr1	206421837	206422176	DNA/TcMar-Tigger	627	-	170	206422007	43791
chr1	207902897	208102897	harbor1	chr1	207929513	207931909	DNA/TcMar-Tigger	15962	-	1198	207930711	27814
chr1	207902897	208102897	harbor1	chr1	207940934	207941596	DNA/TcMar-Tigger	1001	-	331	207941265	38368
chr1	207902897	208102897	harbor1	chr1	207992937	207993356	DNA/TcMar-Tigger	1604	-	210	207993147	90250
chr1	207902897	208102897	harbor1	chr1	207993469	207993692	DNA/TcMar-Tigger	436	-	112	207993581	90684
chr1	211033788	211233788	harbor1	chr1	211066304	211066596	DNA/TcMar-Tigger	1373	-	146	211066450	32662
chr1	211033788	211233788	harbor1	chr1	211069719	211069898	DNA/TcMar-Tigger	826	-	90	211069809	36021
chr1	211033788	211233788	harbor1	chr1	211070885	211071858	DNA/TcMar-Tigger	5023	-	486	211071371	37583
chr1	211033788	211233788	harbor1	chr1	211101822	211102225	DNA/TcMar-Tigger	473	-	202	211102024	68236
chr1	2308936	2508936	harbor1	chr1	2361708	2361953	DNA/TcMar-Tigger	2402	-	122	2361830	52894
chr1	2308936	2508936	harbor1	chr1	2362247	2362438	DNA/TcMar-Tigger	2402	-	96	2362343	53407
chr1	14850144	15050144	harbor1	chr1	14850234	14850373	DNA/TcMar-Tigger	1980	-	70	14850304	160
chr1	9589463	9789463	harbor1	chr1	9656219	9656432	DNA/TcMar-Tigger	1114	-	106	9656325	66862
chr1	9589463	9789463	harbor1	chr1	9673704	9674098	DNA/TcMar-Tigger	481	-	197	9673901	84438
chr1	2138444	2338444	harbor1	chr1	2151110	2151307	DNA/TcMar-Tigger	726	-	98	2151208	12764
chr1	2138411	2338411	harbor1	chr1	2151110	2151307	DNA/TcMar-Tigger	726	-	98	2151208	12797
chr1	161066263	161266263	harbor1	chr1	161094100	161094188	DNA/TcMar-Tigger	504	-	44	161094144	27881
chr1	161066263	161266263	harbor1	chr1	161094191	161094289	DNA/TcMar-Tigger	489	-	49	161094240	27977
chr1	161066263	161266263	harbor1	chr1	161094600	161094633	DNA/TcMar-Tigger	489	-	16	161094616	28353
chr1	210684182	210884182	harbor1	chr1	210709963	210710375	DNA/TcMar-Tigger	2548	-	206	210710169	25987
chr1	210684182	210884182	harbor1	chr1	210710450	210710590	DNA/TcMar-Tigger	594	-	70	210710520	26338
chr1	244605824	244805824	harbor1	chr1	244615382	244615694	DNA/TcMar-Tigger	1491	-	156	244615538	9714
chr1	244605824	244805824	harbor1	chr1	244620048	244620456	DNA/TcMar-Tigger	1122	-	204	244620252	14428
chr1	244605824	244805824	harbor1	chr1	244623644	244623966	DNA/TcMar-Tigger	6950	-	161	244623805	17981
chr1	244605824	244805824	harbor1	chr1	244624271	244624519	DNA/TcMar-Tigger	6950	-	124	244624395	18571
chr1	244605824	244805824	harbor1	chr1	244624820	244625346	DNA/TcMar-Tigger	6950	-	263	244625083	19259
chr1	244605824	244805824	harbor1	chr1	244625890	244626204	DNA/TcMar-Tigger	7997	-	157	244626047	20223
chr1	244605824	244805824	harbor1	chr1	244626509	244627321	DNA/TcMar-Tigger	7997	-	406	244626915	21091
chr1	244605824	244805824	harbor1	chr1	244627586	244627752	DNA/TcMar-Tigger	7997	-	83	244627669	21845
chr1	205330828	205530828	harbor1	chr1	205425186	205425512	DNA/TcMar-Tigger	823	-	163	205425349	94521
chr1	52827225	53027225	harbor1	chr1	52852689	52853136	DNA/TcMar-Tigger	2487	-	224	52852913	25688
chr1	52827225	53027225	harbor1	chr1	52853125	52853265	DNA/TcMar-Tigger	950	-	70	52853195	25970
chr1	52827225	53027225	harbor1	chr1	52909290	52909426	DNA/TcMar-Tigger	789	-	68	52909358	82133
chr1	52827225	53027225	harbor1	chr1	52909661	52909846	DNA/TcMar-Tigger	608	-	92	52909753	82528
chr1	2138621	2338621	harbor1	chr1	2151110	2151307	DNA/TcMar-Tigger	726	-	98	2151208	12587
chr1	2126800	2326800	harbor1	chr1	2151110	2151307	DNA/TcMar-Tigger	726	-	98	2151208	24408
chr1	1676052	1876052	harbor1	chr1	1684229	1684434	DNA/TcMar-Tigger	478	-	102	1684331	8279
chr1	1676052	1876052	harbor1	chr1	1722126	1722241	DNA/TcMar-Tigger	519	-	58	1722184	46132
chr1	202013163	202213163	harbor1	chr1	202098700	202098848	DNA/TcMar-Tigger	545	-	74	202098774	85611
chr1	202013163	202213163	harbor1	chr1	202099347	202099505	DNA/TcMar-Tigger	961	-	79	202099426	86263
chr1	185628149	185828149	harbor1	chr1	185630066	185630294	DNA/TcMar-Tigger	717	-	114	185630180	2031
chr1	185628149	185828149	harbor1	chr1	185630296	185630409	DNA/TcMar-Tigger	673	-	56	185630352	2203
chr1	2138117	2338117	harbor1	chr1	2151110	2151307	DNA/TcMar-Tigger	726	-	98	2151208	13091
chr1	6351852	6551852	harbor1	chr1	6365295	6365490	DNA/TcMar-Tigger	2387	-	98	6365393	13541
chr1	6351852	6551852	harbor1	chr1	6365784	6365898	DNA/TcMar-Tigger	2387	-	57	6365841	13989
chr1	6351852	6551852	harbor1	chr1	6366172	6366300	DNA/TcMar-Tigger	2387	-	64	6366236	14384
chr1	6351852	6551852	harbor1	chr1	6366608	6366659	DNA/TcMar-Tigger	2387	-	26	6366634	14782
chr1	6351852	6551852	harbor1	chr1	6366887	6366916	DNA/TcMar-Tigger	2387	-	14	6366901	15049
chr1	6351852	6551852	harbor1	chr1	6367215	6367282	DNA/TcMar-Tigger	2387	-	34	6367249	15397
chr1	6351852	6551852	harbor1	chr1	6369282	6369394	DNA/TcMar-Tigger	486	-	56	6369338	17486
chr1	6351852	6551852	harbor1	chr1	6369861	6369958	DNA/TcMar-Tigger	8394	-	48	6369909	18057
chr1	6351852	6551852	harbor1	chr1	6370367	6370457	DNA/TcMar-Tigger	8394	-	45	6370412	18560
chr1	6351852	6551852	harbor1	chr1	6370793	6370803	DNA/TcMar-Tigger	8394	-	5	6370798	18946
chr1	6351852	6551852	harbor1	chr1	6371109	6371362	DNA/TcMar-Tigger	8394	-	126	6371235	19383
chr1	6351852	6551852	harbor1	chr1	6371662	6371762	DNA/TcMar-Tigger	8394	-	50	6371712	19860
chr1	6351852	6551852	harbor1	chr1	6372066	6372547	DNA/TcMar-Tigger	8394	-	240	6372306	20454
chr1	6351852	6551852	harbor1	chr1	6372850	6373256	DNA/TcMar-Tigger	8394	-	203	6373053	21201
chr1	6351852	6551852	harbor1	chr1	6373551	6373582	DNA/TcMar-Tigger	8394	-	16	6373567	21715
chr1	6351852	6551852	harbor1	chr1	6373883	6373921	DNA/TcMar-Tigger	8394	-	19	6373902	22050
chr1	230940507	231140507	harbor1	chr1	230986526	230986668	DNA/TcMar-Tigger	3288	-	71	230986597	46090
chr1	230940507	231140507	harbor1	chr1	230986707	230986720	DNA/TcMar-Tigger	3288	-	6	230986713	46206
chr1	230940507	231140507	harbor1	chr1	230986837	230987378	DNA/TcMar-Tigger	3288	-	270	230987107	46600
chr1	245603537	245803537	harbor1	chr1	245616451	245616783	DNA/TcMar-Tigger	2162	-	166	245616617	13080
chr1	245603537	245803537	harbor1	chr1	245620080	245620406	DNA/TcMar-Tigger	1178	-	163	245620243	16706
chr1	245603537	245803537	harbor1	chr1	245620702	245621018	DNA/TcMar-Tigger	1178	-	158	245620860	17323
chr1	53312611	53512611	harbor1	chr1	53333409	53333745	DNA/TcMar-Tigger	2173	-	168	53333577	20966
chr1	2138491	2338491	harbor1	chr1	2151110	2151307	DNA/TcMar-Tigger	726	-	98	2151208	12717
chr1	2138400	2338400	harbor1	chr1	2151110	2151307	DNA/TcMar-Tigger	726	-	98	2151208	12808
chr1	2138451	2338451	harbor1	chr1	2151110	2151307	DNA/TcMar-Tigger	726	-	98	2151208	12757
chr1	206972503	207172503	harbor1	chr1	206998981	206999316	DNA/TcMar-Tigger	2124	-	168	206999149	26646
chr1	25516631	25716631	harbor1	chr1	25593704	25594098	DNA/TcMar-Tigger	2258	-	197	25593901	77270
chr1	230539098	230739098	harbor1	chr1	230557548	230557852	DNA/TcMar-Tigger	1281	-	152	230557700	18602
chr1	230539098	230739098	harbor1	chr1	230568767	230568857	DNA/TcMar-Tigger	571	-	45	230568812	29714
chr1	230539098	230739098	harbor1	chr1	230569229	230569566	DNA/TcMar-Tigger	2029	-	168	230569397	30299
chr2	576801	776801	harbor1	chr2	615207	615429	DNA/TcMar-Tigger	1200	-	111	615318	38517
chr2	576801	776801	harbor1	chr2	637938	638895	DNA/TcMar-Tigger	5365	-	478	638416	61615
chr2	576801	776801	harbor1	chr2	639240	639488	DNA/TcMar-Tigger	852	-	124	639364	62563
chr2	219059508	219259508	harbor1	chr2	219067512	219067871	DNA/TcMar-Tigger	2261	-	180	219067692	8184
chr2	26950260	27150260	harbor1	chr2	27001122	27001357	DNA/TcMar-Tigger	1541	-	118	27001240	50980
chr2	26950260	27150260	harbor1	chr2	27001702	27001829	DNA/TcMar-Tigger	570	-	64	27001766	51506
chr2	26950260	27150260	harbor1	chr2	27022427	27022777	DNA/TcMar-Tigger	1965	-	175	27022602	72342
chr2	43053914	43253914	harbor1	chr2	43093124	43093515	DNA/TcMar-Tigger	969	-	196	43093320	39406
chr2	43053914	43253914	harbor1	chr2	43093828	43094092	DNA/TcMar-Tigger	969	-	132	43093960	40046
chr2	43053914	43253914	harbor1	chr2	43141121	43141288	DNA/TcMar-Tigger	930	-	84	43141205	87291
chr2	43053914	43253914	harbor1	chr2	43141855	43141922	DNA/TcMar-Tigger	930	-	34	43141889	87975
chr2	53462886	53662886	harbor1	chr2	53556131	53556361	DNA/TcMar-Tigger	1316	-	115	53556246	93360
chr2	53462886	53662886	harbor1	chr2	53559428	53559942	DNA/TcMar-Tigger	2054	-	257	53559685	96799
chr2	70453138	70653138	harbor1	chr2	70487306	70487667	DNA/TcMar-Tigger	2205	-	180	70487486	34348
chr2	218166674	218366674	harbor1	chr2	218184615	218184710	DNA/TcMar-Tigger	484	-	48	218184663	17989
chr2	219060209	219260209	harbor1	chr2	219067512	219067871	DNA/TcMar-Tigger	2261	-	180	219067692	7483
chr2	26950206	27150206	harbor1	chr2	27001122	27001357	DNA/TcMar-Tigger	1541	-	118	27001240	51034
chr2	26950206	27150206	harbor1	chr2	27001702	27001829	DNA/TcMar-Tigger	570	-	64	27001766	51560
chr2	26950206	27150206	harbor1	chr2	27022427	27022777	DNA/TcMar-Tigger	1965	-	175	27022602	72396
chr2	72038963	72238963	harbor1	chr2	72106210	72106426	DNA/TcMar-Tigger	967	-	108	72106318	67355
chr2	72038963	72238963	harbor1	chr2	72125627	72126021	DNA/TcMar-Tigger	1142	-	197	72125824	86861
chr2	26403793	26603793	harbor1	chr2	26428251	26428516	DNA/TcMar-Tigger	2173	-	132	26428383	24590
chr2	26403793	26603793	harbor1	chr2	26428810	26428890	DNA/TcMar-Tigger	2173	-	40	26428850	25057
chr2	171334240	171534240	harbor1	chr2	171403948	171404052	DNA/TcMar-Tigger	3404	-	52	171404000	69760
chr2	171334240	171534240	harbor1	chr2	171404101	171404654	DNA/TcMar-Tigger	3404	-	276	171404377	70137
chr2	171334240	171534240	harbor1	chr2	171410135	171410288	DNA/TcMar-Tigger	453	-	76	171410211	75971
chr2	171334240	171534240	harbor1	chr2	171432770	171433357	DNA/TcMar-Tigger	3451	-	294	171433064	98824
chr2	43055566	43255566	harbor1	chr2	43093124	43093515	DNA/TcMar-Tigger	969	-	196	43093320	37754
chr2	43055566	43255566	harbor1	chr2	43093828	43094092	DNA/TcMar-Tigger	969	-	132	43093960	38394
chr2	43055566	43255566	harbor1	chr2	43141121	43141288	DNA/TcMar-Tigger	930	-	84	43141205	85639
chr2	43055566	43255566	harbor1	chr2	43141855	43141922	DNA/TcMar-Tigger	930	-	34	43141889	86323
chr2	26950242	27150242	harbor1	chr2	27001122	27001357	DNA/TcMar-Tigger	1541	-	118	27001240	50998
chr2	26950242	27150242	harbor1	chr2	27001702	27001829	DNA/TcMar-Tigger	570	-	64	27001766	51524
chr2	26950242	27150242	harbor1	chr2	27022427	27022777	DNA/TcMar-Tigger	1965	-	175	27022602	72360
chr2	26403734	26603734	harbor1	chr2	26428251	26428516	DNA/TcMar-Tigger	2173	-	132	26428383	24649
chr2	26403734	26603734	harbor1	chr2	26428810	26428890	DNA/TcMar-Tigger	2173	-	40	26428850	25116
chr2	3475856	3675856	harbor1	chr2	3532448	3532750	DNA/TcMar-Tigger	1349	-	151	3532599	56743
chr2	3475856	3675856	harbor1	chr2	3556987	3557285	DNA/TcMar-Tigger	826	-	149	3557136	81280
chr2	241037595	241237595	harbor1	chr2	241089705	241090027	DNA/TcMar-Tigger	1559	-	161	241089866	52271
chr2	241037595	241237595	harbor1	chr2	241090895	241090968	DNA/TcMar-Tigger	3192	-	36	241090931	53336
chr2	241037595	241237595	harbor1	chr2	241129336	241129644	DNA/TcMar-Tigger	567	-	154	241129490	91895
chr2	241037595	241237595	harbor1	chr2	241135277	241135501	DNA/TcMar-Tigger	1047	-	112	241135389	97794
chr2	241037595	241237595	harbor1	chr2	241090043	241090611	DNA/TcMar-Tigger	3192	-	284	241090327	52732
chr2	217853705	218053705	harbor1	chr2	217896669	217897037	DNA/TcMar-Tigger	1059	-	184	217896853	43148
chr2	3604000	3804000	harbor1	chr2	3649088	3649240	DNA/TcMar-Tigger	2393	-	76	3649164	45164
chr2	3604000	3804000	harbor1	chr2	3649541	3649960	DNA/TcMar-Tigger	2393	-	210	3649751	45751
chr2	152618128	152818128	harbor1	chr2	152630932	152631103	DNA/TcMar-Tigger	946	-	86	152631018	12890
chr2	152618128	152818128	harbor1	chr2	152631416	152631737	DNA/TcMar-Tigger	1326	-	160	152631576	13448
chr2	152618128	152818128	harbor1	chr2	152697583	152697917	DNA/TcMar-Tigger	1770	-	167	152697750	79622
chr2	152618128	152818128	harbor1	chr2	152709235	152709443	DNA/TcMar-Tigger	921	-	104	152709339	91211
chr2	72783861	72983861	harbor1	chr2	72830400	72831188	DNA/TcMar-Tigger	4337	-	394	72830794	46933
chr2	158867991	159067991	harbor1	chr2	158939277	158939486	DNA/TcMar-Tigger	1294	-	104	158939381	71390
chr2	43055564	43255564	harbor1	chr2	43093124	43093515	DNA/TcMar-Tigger	969	-	196	43093320	37756
chr2	43055564	43255564	harbor1	chr2	43093828	43094092	DNA/TcMar-Tigger	969	-	132	43093960	38396
chr2	43055564	43255564	harbor1	chr2	43141121	43141288	DNA/TcMar-Tigger	930	-	84	43141205	85641
chr2	43055564	43255564	harbor1	chr2	43141855	43141922	DNA/TcMar-Tigger	930	-	34	43141889	86325
chr2	43054703	43254703	harbor1	chr2	43093124	43093515	DNA/TcMar-Tigger	969	-	196	43093320	38617
chr2	43054703	43254703	harbor1	chr2	43093828	43094092	DNA/TcMar-Tigger	969	-	132	43093960	39257
chr2	43054703	43254703	harbor1	chr2	43141121	43141288	DNA/TcMar-Tigger	930	-	84	43141205	86502
chr2	43054703	43254703	harbor1	chr2	43141855	43141922	DNA/TcMar-Tigger	930	-	34	43141889	87186
chr2	85227775	85427775	harbor1	chr2	85308017	85308295	DNA/TcMar-Tigger	678	-	139	85308156	80381
chr2	85227775	85427775	harbor1	chr2	85311625	85311863	DNA/TcMar-Tigger	3040	-	119	85311744	83969
chr2	85227775	85427775	harbor1	chr2	85312196	85312230	DNA/TcMar-Tigger	3040	-	17	85312213	84438
chr2	85227775	85427775	harbor1	chr2	85312544	85312855	DNA/TcMar-Tigger	3040	-	156	85312700	84925
chr2	85227775	85427775	harbor1	chr2	85313150	85313215	DNA/TcMar-Tigger	3040	-	32	85313182	85407
chr2	85227775	85427775	harbor1	chr2	85313186	85313252	DNA/TcMar-Tigger	573	-	33	85313219	85444
chr2	85227775	85427775	harbor1	chr2	85313545	85313600	DNA/TcMar-Tigger	573	-	28	85313573	85798
chr2	34909049	35109049	harbor1	chr2	34952040	34952250	DNA/TcMar-Tigger	1031	-	105	34952145	43096
chr2	34909049	35109049	harbor1	chr2	34967390	34969767	DNA/TcMar-Tigger	13778	-	1188	34968578	59529
chr2	34909049	35109049	harbor1	chr2	34985909	34986374	DNA/TcMar-Tigger	2822	-	232	34986141	77092
chr2	86463906	86663906	harbor1	chr2	86540398	86540596	DNA/TcMar-Tigger	645	-	99	86540497	76591
chr2	46198450	46398450	harbor1	chr2	46223307	46223429	DNA/TcMar-Tigger	456	-	61	46223368	24918
chr2	46198450	46398450	harbor1	chr2	46258247	46258627	DNA/TcMar-Tigger	2011	-	190	46258437	59987
chr2	190910082	191110082	harbor1	chr2	190916710	190919183	DNA/TcMar-Tigger	13183	-	1236	190917946	7864
chr2	190910082	191110082	harbor1	chr2	191006193	191006440	DNA/TcMar-Tigger	679	-	124	191006317	96235
chr2	237867377	238067377	harbor1	chr2	237867247	237867427	DNA/TcMar-Tigger	754	-	90	237867337	40
chr2	237867377	238067377	harbor1	chr2	237939649	237939675	DNA/TcMar-Tigger	1348	-	13	237939662	72285
chr2	237867377	238067377	harbor1	chr2	237940489	237940741	DNA/TcMar-Tigger	1348	-	126	237940615	73238
chr2	43031592	43231592	harbor1	chr2	43093124	43093515	DNA/TcMar-Tigger	969	-	196	43093320	61728
chr2	43031592	43231592	harbor1	chr2	43093828	43094092	DNA/TcMar-Tigger	969	-	132	43093960	62368
chr2	26950263	27150263	harbor1	chr2	27001122	27001357	DNA/TcMar-Tigger	1541	-	118	27001240	50977
chr2	26950263	27150263	harbor1	chr2	27001702	27001829	DNA/TcMar-Tigger	570	-	64	27001766	51503
chr2	26950263	27150263	harbor1	chr2	27022427	27022777	DNA/TcMar-Tigger	1965	-	175	27022602	72339
chr2	168550531	168750531	harbor1	chr2	168568764	168569043	DNA/TcMar-Tigger	1210	-	140	168568904	18373
chr2	168550531	168750531	harbor1	chr2	168569379	168569665	DNA/TcMar-Tigger	1000	-	143	168569522	18991
chr2	127928490	128128490	harbor1	chr2	127943391	127944030	DNA/TcMar-Tigger	3679	-	320	127943711	15221
chr2	127928490	128128490	harbor1	chr2	127944336	127944394	DNA/TcMar-Tigger	3679	-	29	127944365	15875
chr2	127928490	128128490	harbor1	chr2	128003743	128003933	DNA/TcMar-Tigger	815	-	95	128003838	75348
chr2	87424870	87624870	harbor1	chr2	87506399	87506595	DNA/TcMar-Tigger	1235	-	98	87506497	81627
chr2	69381601	69581601	harbor1	chr2	69421886	69422395	DNA/TcMar-Tigger	2334	-	254	69422140	40539
chr2	190914213	191114213	harbor1	chr2	190916710	190919183	DNA/TcMar-Tigger	13183	-	1236	190917946	3733
chr2	190914213	191114213	harbor1	chr2	191006193	191006440	DNA/TcMar-Tigger	679	-	124	191006317	92104
chr2	110569500	110769500	harbor1	chr2	110571270	110571966	DNA/TcMar-Tigger	4376	-	348	110571618	2118
chr2	85227776	85427776	harbor1	chr2	85308017	85308295	DNA/TcMar-Tigger	678	-	139	85308156	80380
chr2	85227776	85427776	harbor1	chr2	85311625	85311863	DNA/TcMar-Tigger	3040	-	119	85311744	83968
chr2	85227776	85427776	harbor1	chr2	85312196	85312230	DNA/TcMar-Tigger	3040	-	17	85312213	84437
chr2	85227776	85427776	harbor1	chr2	85312544	85312855	DNA/TcMar-Tigger	3040	-	156	85312700	84924
chr2	85227776	85427776	harbor1	chr2	85313150	85313215	DNA/TcMar-Tigger	3040	-	32	85313182	85406
chr2	85227776	85427776	harbor1	chr2	85313186	85313252	DNA/TcMar-Tigger	573	-	33	85313219	85443
chr2	85227776	85427776	harbor1	chr2	85313545	85313600	DNA/TcMar-Tigger	573	-	28	85313573	85797
chr2	86976350	87176350	harbor1	chr2	87023901	87024920	DNA/TcMar-Tigger	5643	-	510	87024411	48061
chr2	86976350	87176350	harbor1	chr2	87064038	87064635	DNA/TcMar-Tigger	717	-	298	87064336	87986
chr2	152618045	152818045	harbor1	chr2	152630932	152631103	DNA/TcMar-Tigger	946	-	86	152631018	12973
chr2	152618045	152818045	harbor1	chr2	152631416	152631737	DNA/TcMar-Tigger	1326	-	160	152631576	13531
chr2	152618045	152818045	harbor1	chr2	152697583	152697917	DNA/TcMar-Tigger	1770	-	167	152697750	79705
chr2	152618045	152818045	harbor1	chr2	152709235	152709443	DNA/TcMar-Tigger	921	-	104	152709339	91294
chr2	26950257	27150257	harbor1	chr2	27001122	27001357	DNA/TcMar-Tigger	1541	-	118	27001240	50983
chr2	26950257	27150257	harbor1	chr2	27001702	27001829	DNA/TcMar-Tigger	570	-	64	27001766	51509
chr2	26950257	27150257	harbor1	chr2	27022427	27022777	DNA/TcMar-Tigger	1965	-	175	27022602	72345
chr2	219343396	219543396	harbor1	chr2	219370854	219371001	DNA/TcMar-Tigger	1588	-	74	219370928	27532
chr2	219343396	219543396	harbor1	chr2	219371280	219371486	DNA/TcMar-Tigger	1588	-	103	219371383	27987
chr2	26950296	27150296	harbor1	chr2	27001122	27001357	DNA/TcMar-Tigger	1541	-	118	27001240	50944
chr2	26950296	27150296	harbor1	chr2	27001702	27001829	DNA/TcMar-Tigger	570	-	64	27001766	51470
chr2	26950296	27150296	harbor1	chr2	27022427	27022777	DNA/TcMar-Tigger	1965	-	175	27022602	72306
chr2	218165589	218365589	harbor1	chr2	218184615	218184710	DNA/TcMar-Tigger	484	-	48	218184663	19074
chr2	240592012	240792012	harbor1	chr2	240652210	240652585	DNA/TcMar-Tigger	2296	-	188	240652398	60386
chr2	218378783	218578783	harbor1	chr2	218473788	218474040	DNA/TcMar-Tigger	1642	-	126	218473914	95131
chr2	6765980	6965980	harbor1	chr2	6812608	6812809	DNA/TcMar-Tigger	554	-	100	6812708	46728
chr2	162739522	162939522	harbor1	chr2	162777168	162777496	DNA/TcMar-Tigger	1880	-	164	162777332	37810
chr2	162739522	162939522	harbor1	chr2	162808048	162808220	DNA/TcMar-Tigger	1085	-	86	162808134	68612
chr2	26950239	27150239	harbor1	chr2	27001122	27001357	DNA/TcMar-Tigger	1541	-	118	27001240	51001
chr2	26950239	27150239	harbor1	chr2	27001702	27001829	DNA/TcMar-Tigger	570	-	64	27001766	51527
chr2	26950239	27150239	harbor1	chr2	27022427	27022777	DNA/TcMar-Tigger	1965	-	175	27022602	72363
chr2	26144160	26344160	harbor1	chr2	26232745	26232900	DNA/TcMar-Tigger	1791	-	78	26232823	88663
chr2	26144160	26344160	harbor1	chr2	26233226	26233407	DNA/TcMar-Tigger	1791	-	90	26233316	89156
chr2	26154867	26354867	harbor1	chr2	26232745	26232900	DNA/TcMar-Tigger	1791	-	78	26232823	77956
chr2	26154867	26354867	harbor1	chr2	26233226	26233407	DNA/TcMar-Tigger	1791	-	90	26233316	78449
chr2	207668717	207868717	harbor1	chr2	207680759	207680886	DNA/TcMar-Tigger	565	-	64	207680823	12106
chr2	46198509	46398509	harbor1	chr2	46223307	46223429	DNA/TcMar-Tigger	456	-	61	46223368	24859
chr2	46198509	46398509	harbor1	chr2	46258247	46258627	DNA/TcMar-Tigger	2011	-	190	46258437	59928
chr2	219458026	219658026	harbor1	chr2	219478606	219478810	DNA/TcMar-Tigger	543	-	102	219478708	20682
chr2	53760159	53960159	harbor1	chr2	53800075	53800386	DNA/TcMar-Tigger	1685	-	156	53800231	40072
chr2	72787395	72987395	harbor1	chr2	72830400	72831188	DNA/TcMar-Tigger	4337	-	394	72830794	43399
chr2	240345243	240545243	harbor1	chr2	240405530	240405749	DNA/TcMar-Tigger	903	-	110	240405640	60397
chr2	61788838	61988838	harbor1	chr2	61799591	61799695	DNA/TcMar-Tigger	810	-	52	61799643	10805
chr2	61788838	61988838	harbor1	chr2	61799740	61799869	DNA/TcMar-Tigger	810	-	64	61799804	10966
chr2	61788838	61988838	harbor1	chr2	61799914	61800190	DNA/TcMar-Tigger	550	-	138	61800052	11214
chr2	111924427	112124427	harbor1	chr2	111990612	111990831	DNA/TcMar-Tigger	1225	-	110	111990722	66295
chr2	26403814	26603814	harbor1	chr2	26428251	26428516	DNA/TcMar-Tigger	2173	-	132	26428383	24569
chr2	26403814	26603814	harbor1	chr2	26428810	26428890	DNA/TcMar-Tigger	2173	-	40	26428850	25036
chr2	152617607	152817607	harbor1	chr2	152630932	152631103	DNA/TcMar-Tigger	946	-	86	152631018	13411
chr2	152617607	152817607	harbor1	chr2	152631416	152631737	DNA/TcMar-Tigger	1326	-	160	152631576	13969
chr2	152617607	152817607	harbor1	chr2	152697583	152697917	DNA/TcMar-Tigger	1770	-	167	152697750	80143
chr2	152617607	152817607	harbor1	chr2	152709235	152709443	DNA/TcMar-Tigger	921	-	104	152709339	91732
chr2	70557451	70757451	harbor1	chr2	70567243	70567825	DNA/TcMar-Tigger	3628	-	291	70567534	10083
chr2	217613937	217813937	harbor1	chr2	217689449	217689530	DNA/TcMar-Tigger	590	-	40	217689489	75552
chr2	26939064	27139064	harbor1	chr2	27001122	27001357	DNA/TcMar-Tigger	1541	-	118	27001240	62176
chr2	26939064	27139064	harbor1	chr2	27001702	27001829	DNA/TcMar-Tigger	570	-	64	27001766	62702
chr2	26939064	27139064	harbor1	chr2	27022427	27022777	DNA/TcMar-Tigger	1965	-	175	27022602	83538
chr2	127928563	128128563	harbor1	chr2	127943391	127944030	DNA/TcMar-Tigger	3679	-	320	127943711	15148
chr2	127928563	128128563	harbor1	chr2	127944336	127944394	DNA/TcMar-Tigger	3679	-	29	127944365	15802
chr2	127928563	128128563	harbor1	chr2	128003743	128003933	DNA/TcMar-Tigger	815	-	95	128003838	75275
chr2	26950213	27150213	harbor1	chr2	27001122	27001357	DNA/TcMar-Tigger	1541	-	118	27001240	51027
chr2	26950213	27150213	harbor1	chr2	27001702	27001829	DNA/TcMar-Tigger	570	-	64	27001766	51553
chr2	26950213	27150213	harbor1	chr2	27022427	27022777	DNA/TcMar-Tigger	1965	-	175	27022602	72389
chr2	26950376	27150376	harbor1	chr2	27001122	27001357	DNA/TcMar-Tigger	1541	-	118	27001240	50864
chr2	26950376	27150376	harbor1	chr2	27001702	27001829	DNA/TcMar-Tigger	570	-	64	27001766	51390
chr2	26950376	27150376	harbor1	chr2	27022427	27022777	DNA/TcMar-Tigger	1965	-	175	27022602	72226
chr2	111955758	112155758	harbor1	chr2	111990612	111990831	DNA/TcMar-Tigger	1225	-	110	111990722	34964
chr2	111955758	112155758	harbor1	chr2	112035646	112035995	DNA/TcMar-Tigger	1976	-	174	112035820	80062
chr2	43055480	43255480	harbor1	chr2	43093124	43093515	DNA/TcMar-Tigger	969	-	196	43093320	37840
chr2	43055480	43255480	harbor1	chr2	43093828	43094092	DNA/TcMar-Tigger	969	-	132	43093960	38480
chr2	43055480	43255480	harbor1	chr2	43141121	43141288	DNA/TcMar-Tigger	930	-	84	43141205	85725
chr2	43055480	43255480	harbor1	chr2	43141855	43141922	DNA/TcMar-Tigger	930	-	34	43141889	86409
chr2	32257033	32457033	harbor1	chr2	32310402	32310611	DNA/TcMar-Tigger	975	-	104	32310506	53473
chr2	32257033	32457033	harbor1	chr2	32310899	32310952	DNA/TcMar-Tigger	975	-	26	32310925	53892
chr2	26950221	27150221	harbor1	chr2	27001122	27001357	DNA/TcMar-Tigger	1541	-	118	27001240	51019
chr2	26950221	27150221	harbor1	chr2	27001702	27001829	DNA/TcMar-Tigger	570	-	64	27001766	51545
chr2	26950221	27150221	harbor1	chr2	27022427	27022777	DNA/TcMar-Tigger	1965	-	175	27022602	72381
chr2	147920606	148120606	harbor1	chr2	147934503	147934836	DNA/TcMar-Tigger	1541	-	166	147934669	14063
chr2	147920606	148120606	harbor1	chr2	147954282	147954619	DNA/TcMar-Tigger	2045	-	168	147954450	33844
chr2	147920606	148120606	harbor1	chr2	147981151	147981250	DNA/TcMar-Tigger	481	-	50	147981201	60595
chr2	147920606	148120606	harbor1	chr2	147981253	147981515	DNA/TcMar-Tigger	1458	-	131	147981384	60778
chr2	60966467	61166467	harbor1	chr2	60966754	60967158	DNA/TcMar-Tigger	607	-	202	60966956	489
chr2	219458042	219658042	harbor1	chr2	219478606	219478810	DNA/TcMar-Tigger	543	-	102	219478708	20666
chr2	152618027	152818027	harbor1	chr2	152630932	152631103	DNA/TcMar-Tigger	946	-	86	152631018	12991
chr2	152618027	152818027	harbor1	chr2	152631416	152631737	DNA/TcMar-Tigger	1326	-	160	152631576	13549
chr2	152618027	152818027	harbor1	chr2	152697583	152697917	DNA/TcMar-Tigger	1770	-	167	152697750	79723
chr2	152618027	152818027	harbor1	chr2	152709235	152709443	DNA/TcMar-Tigger	921	-	104	152709339	91312
chr2	218179133	218379133	harbor1	chr2	218184615	218184710	DNA/TcMar-Tigger	484	-	48	218184663	5530
chr2	95817646	96017646	harbor1	chr2	95865481	95865810	DNA/TcMar-Tigger	1734	-	164	95865645	47999
chr2	219384924	219584924	harbor1	chr2	219478606	219478810	DNA/TcMar-Tigger	543	-	102	219478708	93784
chr2	26246137	26446137	harbor1	chr2	26275915	26276325	DNA/TcMar-Tigger	733	-	205	26276120	29983
chr2	26246137	26446137	harbor1	chr2	26342974	26343240	DNA/TcMar-Tigger	1597	-	133	26343107	96970
chr2	111023174	111223174	harbor1	chr2	111064057	111064154	DNA/TcMar-Tigger	1615	-	48	111064105	40931
chr2	111023174	111223174	harbor1	chr2	111064457	111064707	DNA/TcMar-Tigger	1615	-	125	111064582	41408
chr2	134566253	134766253	harbor1	chr2	134658946	134659319	DNA/TcMar-Tigger	1776	-	186	134659132	92879
chr2	158868018	159068018	harbor1	chr2	158939277	158939486	DNA/TcMar-Tigger	1294	-	104	158939381	71363
chr2	96174902	96374902	harbor1	chr2	96184344	96184450	DNA/TcMar-Tigger	507	-	53	96184397	9495
chr2	96174902	96374902	harbor1	chr2	96232098	96232451	DNA/TcMar-Tigger	1936	-	176	96232274	57372
chr2	72971175	73171175	harbor1	chr2	73016782	73017130	DNA/TcMar-Tigger	1458	-	174	73016956	45781
chr2	72971175	73171175	harbor1	chr2	73038021	73038489	DNA/TcMar-Tigger	2820	-	234	73038255	67080
chr2	72971175	73171175	harbor1	chr2	73038638	73038895	DNA/TcMar-Tigger	1228	-	128	73038766	67591
chr2	72971175	73171175	harbor1	chr2	73038896	73038939	DNA/TcMar-Tigger	568	-	22	73038918	67743
chr2	72971175	73171175	harbor1	chr2	73039228	73039305	DNA/TcMar-Tigger	568	-	38	73039266	68091
chr2	26950215	27150215	harbor1	chr2	27001122	27001357	DNA/TcMar-Tigger	1541	-	118	27001240	51025
chr2	26950215	27150215	harbor1	chr2	27001702	27001829	DNA/TcMar-Tigger	570	-	64	27001766	51551
chr2	26950215	27150215	harbor1	chr2	27022427	27022777	DNA/TcMar-Tigger	1965	-	175	27022602	72387
chr2	152618247	152818247	harbor1	chr2	152630932	152631103	DNA/TcMar-Tigger	946	-	86	152631018	12771
chr2	152618247	152818247	harbor1	chr2	152631416	152631737	DNA/TcMar-Tigger	1326	-	160	152631576	13329
chr2	152618247	152818247	harbor1	chr2	152697583	152697917	DNA/TcMar-Tigger	1770	-	167	152697750	79503
chr2	152618247	152818247	harbor1	chr2	152709235	152709443	DNA/TcMar-Tigger	921	-	104	152709339	91092
chr2	61276617	61476617	harbor1	chr2	61319405	61319563	DNA/TcMar-Tigger	4115	-	79	61319484	42867
chr2	61276617	61476617	harbor1	chr2	61319861	61320523	DNA/TcMar-Tigger	4115	-	331	61320192	43575
chr2	61276617	61476617	harbor1	chr2	61333256	61333482	DNA/TcMar-Tigger	1173	-	113	61333369	56752
chr2	61276617	61476617	harbor1	chr2	61351988	61352221	DNA/TcMar-Tigger	1168	-	116	61352104	75487
chr2	61276617	61476617	harbor1	chr2	61363366	61363706	DNA/TcMar-Tigger	1089	-	170	61363536	86919
chr2	61276617	61476617	harbor1	chr2	61373681	61373774	DNA/TcMar-Tigger	547	-	46	61373727	97110
chr2	218223831	218423831	harbor1	chr2	218306879	218307066	DNA/TcMar-Tigger	1073	-	94	218306973	83142
chr2	96108492	96308492	harbor1	chr2	96184344	96184450	DNA/TcMar-Tigger	507	-	53	96184397	75905
chr2	111955737	112155737	harbor1	chr2	111990612	111990831	DNA/TcMar-Tigger	1225	-	110	111990722	34985
chr2	111955737	112155737	harbor1	chr2	112035646	112035995	DNA/TcMar-Tigger	1976	-	174	112035820	80083
chr2	72043426	72243426	harbor1	chr2	72106210	72106426	DNA/TcMar-Tigger	967	-	108	72106318	62892
chr2	72043426	72243426	harbor1	chr2	72125627	72126021	DNA/TcMar-Tigger	1142	-	197	72125824	82398
chr3	50017175	50217175	harbor1	chr3	50020603	50020913	DNA/TcMar-Tigger	1613	-	155	50020758	3583
chr3	50017175	50217175	harbor1	chr3	50093977	50094156	DNA/TcMar-Tigger	744	-	90	50094067	76892
chr3	50017175	50217175	harbor1	chr3	50094436	50094477	DNA/TcMar-Tigger	731	-	20	50094456	77281
chr3	50017175	50217175	harbor1	chr3	50094694	50094833	DNA/TcMar-Tigger	806	-	70	50094764	77589
chr3	46799606	46999606	harbor1	chr3	46804959	46805302	DNA/TcMar-Tigger	2982	-	172	46805131	5525
chr3	46799606	46999606	harbor1	chr3	46805600	46805889	DNA/TcMar-Tigger	2982	-	144	46805744	6138
chr3	53988061	54188061	harbor1	chr3	54028346	54028733	DNA/TcMar-Tigger	2426	-	194	54028540	40479
chr3	53988061	54188061	harbor1	chr3	54047386	54047643	DNA/TcMar-Tigger	1816	-	128	54047514	59453
chr3	53988061	54188061	harbor1	chr3	54048863	54048945	DNA/TcMar-Tigger	407	-	41	54048904	60843
chr3	178972064	179172064	harbor1	chr3	178976277	178976357	DNA/TcMar-Tigger	482	-	40	178976317	4253
chr3	178972064	179172064	harbor1	chr3	178976485	178976576	DNA/TcMar-Tigger	593	-	46	178976531	4467
chr3	32470680	32670680	harbor1	chr3	32492756	32493347	DNA/TcMar-Tigger	1163	-	296	32493052	22372
chr3	32470680	32670680	harbor1	chr3	32531822	32532030	DNA/TcMar-Tigger	1046	-	104	32531926	61246
chr3	11190614	11390614	harbor1	chr3	11215153	11215429	DNA/TcMar-Tigger	544	-	138	11215291	24677
chr3	11190614	11390614	harbor1	chr3	11215741	11215831	DNA/TcMar-Tigger	544	-	45	11215786	25172
chr3	140272103	140472103	harbor1	chr3	140350418	140350834	DNA/TcMar-Tigger	837	-	208	140350626	78523
chr3	50169327	50369327	harbor1	chr3	50178258	50178438	DNA/TcMar-Tigger	8161	-	90	50178348	9021
chr3	50169327	50369327	harbor1	chr3	50178736	50178820	DNA/TcMar-Tigger	8161	-	42	50178778	9451
chr3	50169327	50369327	harbor1	chr3	50179119	50179316	DNA/TcMar-Tigger	8161	-	98	50179217	9890
chr3	50169327	50369327	harbor1	chr3	50179626	50180137	DNA/TcMar-Tigger	8161	-	256	50179882	10555
chr3	50169327	50369327	harbor1	chr3	50180456	50180784	DNA/TcMar-Tigger	8161	-	164	50180620	11293
chr3	50169327	50369327	harbor1	chr3	50181088	50181244	DNA/TcMar-Tigger	8161	-	78	50181166	11839
chr3	143020785	143220785	harbor1	chr3	143020736	143020932	DNA/TcMar-Tigger	1062	-	98	143020834	49
chr3	43898752	44098752	harbor1	chr3	43905123	43905296	DNA/TcMar-Tigger	492	-	86	43905209	6457
chr3	126256980	126456980	harbor1	chr3	126277778	126278097	DNA/TcMar-Tigger	817	-	160	126277938	20958
chr3	126256980	126456980	harbor1	chr3	126283421	126283887	DNA/TcMar-Tigger	3027	-	233	126283654	26674
chr3	126256980	126456980	harbor1	chr3	126284111	126284837	DNA/TcMar-Tigger	3874	-	363	126284474	27494
chr3	127572813	127772813	harbor1	chr3	127620018	127620540	DNA/TcMar-Tigger	751	-	261	127620279	47466
chr3	156989221	157189221	harbor1	chr3	157023859	157024233	DNA/TcMar-Tigger	1752	-	187	157024046	34825
chr3	156989221	157189221	harbor1	chr3	157025216	157025400	DNA/TcMar-Tigger	396	-	92	157025308	36087
chr3	156989221	157189221	harbor1	chr3	157038708	157039000	DNA/TcMar-Tigger	830	-	146	157038854	49633
chr3	126257099	126457099	harbor1	chr3	126277778	126278097	DNA/TcMar-Tigger	817	-	160	126277938	20839
chr3	126257099	126457099	harbor1	chr3	126283421	126283887	DNA/TcMar-Tigger	3027	-	233	126283654	26555
chr3	126257099	126457099	harbor1	chr3	126284111	126284837	DNA/TcMar-Tigger	3874	-	363	126284474	27375
chr3	4658451	4858451	harbor1	chr3	4694472	4694801	DNA/TcMar-Tigger	1823	-	164	4694636	36185
chr3	129021178	129221178	harbor1	chr3	129028431	129028631	DNA/TcMar-Tigger	551	-	100	129028531	7353
chr3	129021178	129221178	harbor1	chr3	129028941	129029180	DNA/TcMar-Tigger	551	-	120	129029061	7883
chr3	129021178	129221178	harbor1	chr3	129029214	129029325	DNA/TcMar-Tigger	413	-	56	129029270	8092
chr3	184216377	184416377	harbor1	chr3	184217478	184217510	DNA/TcMar-Tigger	760	-	16	184217494	1117
chr3	184216377	184416377	harbor1	chr3	184217824	184217897	DNA/TcMar-Tigger	760	-	36	184217860	1483
chr3	184216377	184416377	harbor1	chr3	184218220	184218396	DNA/TcMar-Tigger	760	-	88	184218308	1931
chr3	128328776	128528776	harbor1	chr3	128332310	128332457	DNA/TcMar-Tigger	864	-	74	128332384	3608
chr3	128328776	128528776	harbor1	chr3	128353011	128353243	DNA/TcMar-Tigger	872	-	116	128353127	24351
chr3	123544722	123744722	harbor1	chr3	123604896	123605033	DNA/TcMar-Tigger	900	-	68	123604964	60242
chr3	123544722	123744722	harbor1	chr3	123605324	123605466	DNA/TcMar-Tigger	900	-	71	123605395	60673
chr3	123544722	123744722	harbor1	chr3	123607100	123607345	DNA/TcMar-Tigger	1741	-	122	123607222	62500
chr3	123544722	123744722	harbor1	chr3	123608244	123608312	DNA/TcMar-Tigger	407	-	34	123608278	63556
chr3	123544636	123744636	harbor1	chr3	123604896	123605033	DNA/TcMar-Tigger	900	-	68	123604964	60328
chr3	123544636	123744636	harbor1	chr3	123605324	123605466	DNA/TcMar-Tigger	900	-	71	123605395	60759
chr3	123544636	123744636	harbor1	chr3	123607100	123607345	DNA/TcMar-Tigger	1741	-	122	123607222	62586
chr3	123544636	123744636	harbor1	chr3	123608244	123608312	DNA/TcMar-Tigger	407	-	34	123608278	63642
chr3	156575295	156775295	harbor1	chr3	156600956	156601188	DNA/TcMar-Tigger	1311	-	116	156601072	25777
chr3	156575295	156775295	harbor1	chr3	156601173	156601932	DNA/TcMar-Tigger	3867	-	380	156601553	26258
chr3	156575295	156775295	harbor1	chr3	156643045	156643205	DNA/TcMar-Tigger	418	-	80	156643125	67830
chr3	156575295	156775295	harbor1	chr3	156667907	156668083	DNA/TcMar-Tigger	976	-	88	156667995	92700
chr3	156989282	157189282	harbor1	chr3	157023859	157024233	DNA/TcMar-Tigger	1752	-	187	157024046	34764
chr3	156989282	157189282	harbor1	chr3	157025216	157025400	DNA/TcMar-Tigger	396	-	92	157025308	36026
chr3	156989282	157189282	harbor1	chr3	157038708	157039000	DNA/TcMar-Tigger	830	-	146	157038854	49572
chr3	128328718	128528718	harbor1	chr3	128332310	128332457	DNA/TcMar-Tigger	864	-	74	128332384	3666
chr3	128328718	128528718	harbor1	chr3	128353011	128353243	DNA/TcMar-Tigger	872	-	116	128353127	24409
chr3	193971532	194171532	harbor1	chr3	193985293	193985370	DNA/TcMar-Tigger	430	-	38	193985331	13799
chr3	49355052	49555052	harbor1	chr3	49401700	49401891	DNA/TcMar-Tigger	1058	-	96	49401796	46744
chr3	47681953	47881953	harbor1	chr3	47684762	47685400	DNA/TcMar-Tigger	1889	-	319	47685081	3128
chr3	47681953	47881953	harbor1	chr3	47729792	47729902	DNA/TcMar-Tigger	12745	-	55	47729847	47894
chr3	47681953	47881953	harbor1	chr3	47730497	47730583	DNA/TcMar-Tigger	12745	-	43	47730540	48587
chr3	47681953	47881953	harbor1	chr3	47730883	47732828	DNA/TcMar-Tigger	12745	-	972	47731855	49902
chr3	47681953	47881953	harbor1	chr3	47733134	47733265	DNA/TcMar-Tigger	12745	-	66	47733200	51247
chr3	50093141	50293141	harbor1	chr3	50093977	50094156	DNA/TcMar-Tigger	744	-	90	50094067	926
chr3	50093141	50293141	harbor1	chr3	50094436	50094477	DNA/TcMar-Tigger	731	-	20	50094456	1315
chr3	50093141	50293141	harbor1	chr3	50094694	50094833	DNA/TcMar-Tigger	806	-	70	50094764	1623
chr3	50093141	50293141	harbor1	chr3	50152659	50152868	DNA/TcMar-Tigger	1331	-	104	50152763	59622
chr3	50093141	50293141	harbor1	chr3	50152865	50152995	DNA/TcMar-Tigger	760	-	65	50152930	59789
chr3	50093141	50293141	harbor1	chr3	50178258	50178438	DNA/TcMar-Tigger	8161	-	90	50178348	85207
chr3	50093141	50293141	harbor1	chr3	50178736	50178820	DNA/TcMar-Tigger	8161	-	42	50178778	85637
chr3	50093141	50293141	harbor1	chr3	50179119	50179316	DNA/TcMar-Tigger	8161	-	98	50179217	86076
chr3	50093141	50293141	harbor1	chr3	50179626	50180137	DNA/TcMar-Tigger	8161	-	256	50179882	86741
chr3	50093141	50293141	harbor1	chr3	50180456	50180784	DNA/TcMar-Tigger	8161	-	164	50180620	87479
chr3	50093141	50293141	harbor1	chr3	50181088	50181244	DNA/TcMar-Tigger	8161	-	78	50181166	88025
chr3	12958856	13158856	harbor1	chr3	12997494	12997697	DNA/TcMar-Tigger	1203	-	102	12997596	38740
chr3	12958856	13158856	harbor1	chr3	12997793	12997919	DNA/TcMar-Tigger	679	-	63	12997856	39000
chr3	128328598	128528598	harbor1	chr3	128332310	128332457	DNA/TcMar-Tigger	864	-	74	128332384	3786
chr3	128328598	128528598	harbor1	chr3	128353011	128353243	DNA/TcMar-Tigger	872	-	116	128353127	24529
chr3	11468975	11668975	harbor1	chr3	11470211	11470527	DNA/TcMar-Tigger	1473	-	158	11470369	1394
chr3	11468975	11668975	harbor1	chr3	11567493	11567670	DNA/TcMar-Tigger	390	-	88	11567581	98606
chr3	64289146	64489146	harbor1	chr3	64326520	64326951	DNA/TcMar-Tigger	2242	-	216	64326736	37590
chr3	161005344	161205344	harbor1	chr3	161082995	161084119	DNA/TcMar-Tigger	5895	-	562	161083557	78213
chr3	49770828	49970828	harbor1	chr3	49774748	49774874	DNA/TcMar-Tigger	677	-	63	49774811	3983
chr3	49770828	49970828	harbor1	chr3	49774977	49775200	DNA/TcMar-Tigger	1182	-	112	49775089	4261
chr3	49770828	49970828	harbor1	chr3	49776201	49776234	DNA/TcMar-Tigger	1261	-	16	49776217	5389
chr3	49770828	49970828	harbor1	chr3	49776549	49776791	DNA/TcMar-Tigger	1261	-	121	49776670	5842
chr3	134227277	134427277	harbor1	chr3	134247819	134248031	DNA/TcMar-Tigger	429	-	106	134247925	20648
chr3	134227277	134427277	harbor1	chr3	134297743	134298433	DNA/TcMar-Tigger	3204	-	345	134298088	70811
chr3	134227277	134427277	harbor1	chr3	134321983	134322273	DNA/TcMar-Tigger	786	-	145	134322128	94851
chr3	49730589	49930589	harbor1	chr3	49774748	49774874	DNA/TcMar-Tigger	677	-	63	49774811	44222
chr3	49730589	49930589	harbor1	chr3	49774977	49775200	DNA/TcMar-Tigger	1182	-	112	49775089	44500
chr3	49730589	49930589	harbor1	chr3	49776201	49776234	DNA/TcMar-Tigger	1261	-	16	49776217	45628
chr3	49730589	49930589	harbor1	chr3	49776549	49776791	DNA/TcMar-Tigger	1261	-	121	49776670	46081
chr3	123544621	123744621	harbor1	chr3	123604896	123605033	DNA/TcMar-Tigger	900	-	68	123604964	60343
chr3	123544621	123744621	harbor1	chr3	123605324	123605466	DNA/TcMar-Tigger	900	-	71	123605395	60774
chr3	123544621	123744621	harbor1	chr3	123607100	123607345	DNA/TcMar-Tigger	1741	-	122	123607222	62601
chr3	123544621	123744621	harbor1	chr3	123608244	123608312	DNA/TcMar-Tigger	407	-	34	123608278	63657
chr3	138334644	138534644	harbor1	chr3	138412900	138413029	DNA/TcMar-Tigger	428	-	64	138412964	78320
chr3	129021082	129221082	harbor1	chr3	129028431	129028631	DNA/TcMar-Tigger	551	-	100	129028531	7449
chr3	129021082	129221082	harbor1	chr3	129028941	129029180	DNA/TcMar-Tigger	551	-	120	129029061	7979
chr3	129021082	129221082	harbor1	chr3	129029214	129029325	DNA/TcMar-Tigger	413	-	56	129029270	8188
chr3	124955501	125155501	harbor1	chr3	124957176	124957378	DNA/TcMar-Tigger	487	-	101	124957277	1776
chr3	52123183	52323183	harbor1	chr3	52210812	52211148	DNA/TcMar-Tigger	2302	-	168	52210980	87797
chr3	156989213	157189213	harbor1	chr3	157023859	157024233	DNA/TcMar-Tigger	1752	-	187	157024046	34833
chr3	156989213	157189213	harbor1	chr3	157025216	157025400	DNA/TcMar-Tigger	396	-	92	157025308	36095
chr3	156989213	157189213	harbor1	chr3	157038708	157039000	DNA/TcMar-Tigger	830	-	146	157038854	49641
chr3	130904200	131104200	harbor1	chr3	130944784	130945082	DNA/TcMar-Tigger	1063	-	149	130944933	40733
chr3	130904200	131104200	harbor1	chr3	130973408	130973509	DNA/TcMar-Tigger	545	-	50	130973458	69258
chr3	130904200	131104200	harbor1	chr3	130973505	130973750	DNA/TcMar-Tigger	1299	-	122	130973627	69427
chr3	183788274	183988274	harbor1	chr3	183794619	183794756	DNA/TcMar-Tigger	445	-	68	183794687	6413
chr3	183788274	183988274	harbor1	chr3	183806120	183806192	DNA/TcMar-Tigger	398	-	36	183806156	17882
chr3	129021083	129221083	harbor1	chr3	129028431	129028631	DNA/TcMar-Tigger	551	-	100	129028531	7448
chr3	129021083	129221083	harbor1	chr3	129028941	129029180	DNA/TcMar-Tigger	551	-	120	129029061	7978
chr3	129021083	129221083	harbor1	chr3	129029214	129029325	DNA/TcMar-Tigger	413	-	56	129029270	8187
chr3	123349837	123549837	harbor1	chr3	123355424	123355488	DNA/TcMar-Tigger	421	-	32	123355456	5619
chr3	123349837	123549837	harbor1	chr3	123361650	123361981	DNA/TcMar-Tigger	1894	-	166	123361816	11979
chr3	195920322	196120322	harbor1	chr3	195976207	195976563	DNA/TcMar-Tigger	1474	-	178	195976385	56063
chr3	50169328	50369328	harbor1	chr3	50178258	50178438	DNA/TcMar-Tigger	8161	-	90	50178348	9020
chr3	50169328	50369328	harbor1	chr3	50178736	50178820	DNA/TcMar-Tigger	8161	-	42	50178778	9450
chr3	50169328	50369328	harbor1	chr3	50179119	50179316	DNA/TcMar-Tigger	8161	-	98	50179217	9889
chr3	50169328	50369328	harbor1	chr3	50179626	50180137	DNA/TcMar-Tigger	8161	-	256	50179882	10554
chr3	50169328	50369328	harbor1	chr3	50180456	50180784	DNA/TcMar-Tigger	8161	-	164	50180620	11292
chr3	50169328	50369328	harbor1	chr3	50181088	50181244	DNA/TcMar-Tigger	8161	-	78	50181166	11838
chr3	195796157	195996157	harbor1	chr3	195826285	195826402	DNA/TcMar-Tigger	471	-	58	195826343	30186
chr3	195796157	195996157	harbor1	chr3	195827990	195828427	DNA/TcMar-Tigger	2539	-	218	195828208	32051
chr3	127560407	127760407	harbor1	chr3	127620018	127620540	DNA/TcMar-Tigger	751	-	261	127620279	59872
chr3	178972096	179172096	harbor1	chr3	178976277	178976357	DNA/TcMar-Tigger	482	-	40	178976317	4221
chr3	178972096	179172096	harbor1	chr3	178976485	178976576	DNA/TcMar-Tigger	593	-	46	178976531	4435
chr4	98039583	98239583	harbor1	chr4	98068668	98069011	DNA/TcMar-Tigger	2298	-	172	98068840	29257
chr4	98039583	98239583	harbor1	chr4	98136265	98136625	DNA/TcMar-Tigger	2027	-	180	98136445	96862
chr4	102218940	102418940	harbor1	chr4	102263261	102265648	DNA/TcMar-Tigger	15228	-	1194	102264455	45515
chr4	551186	751186	harbor1	chr4	551493	551848	DNA/TcMar-Tigger	1888	-	178	551671	485
chr4	3569607	3769607	harbor1	chr4	3589474	3589786	DNA/TcMar-Tigger	1530	-	156	3589630	20023
chr4	3569607	3769607	harbor1	chr4	3641059	3641268	DNA/TcMar-Tigger	1025	-	104	3641163	71556
chr4	38573151	38773151	harbor1	chr4	38629180	38629488	DNA/TcMar-Tigger	2380	-	154	38629334	56183
chr4	38573151	38773151	harbor1	chr4	38629756	38629906	DNA/TcMar-Tigger	2380	-	75	38629831	56680
chr4	158571219	158771219	harbor1	chr4	158615550	158615662	DNA/TcMar-Tigger	14533	-	56	158615606	44387
chr4	158571219	158771219	harbor1	chr4	158615966	158616138	DNA/TcMar-Tigger	14533	-	86	158616052	44833
chr4	158571219	158771219	harbor1	chr4	158612947	158615254	DNA/TcMar-Tigger	14533	-	1154	158614101	42882
chr4	176095649	176295649	harbor1	chr4	176109176	176109407	DNA/TcMar-Tigger	582	-	116	176109292	13643
chr4	176095649	176295649	harbor1	chr4	176165412	176165732	DNA/TcMar-Tigger	2105	-	160	176165572	69923
chr4	176095649	176295649	harbor1	chr4	176170836	176171173	DNA/TcMar-Tigger	2062	-	168	176171004	75355
chr4	55288238	55488238	harbor1	chr4	55308258	55308510	DNA/TcMar-Tigger	6547	-	126	55308384	20146
chr4	55288238	55488238	harbor1	chr4	55308814	55309536	DNA/TcMar-Tigger	6547	-	361	55309175	20937
chr4	55288238	55488238	harbor1	chr4	55309846	55310141	DNA/TcMar-Tigger	6547	-	148	55309994	21756
chr4	70739795	70939795	harbor1	chr4	70768951	70769072	DNA/TcMar-Tigger	3186	-	60	70769011	29216
chr4	70739795	70939795	harbor1	chr4	70769339	70769757	DNA/TcMar-Tigger	3186	-	209	70769548	29753
chr4	70739795	70939795	harbor1	chr4	70769749	70769803	DNA/TcMar-Tigger	7668	-	27	70769776	29981
chr4	70739795	70939795	harbor1	chr4	70770122	70771306	DNA/TcMar-Tigger	7668	-	592	70770714	30919
chr4	70739795	70939795	harbor1	chr4	70771343	70771532	DNA/TcMar-Tigger	1550	-	94	70771437	31642
chr4	70739795	70939795	harbor1	chr4	70771830	70772059	DNA/TcMar-Tigger	1550	-	114	70771944	32149
chr4	70739795	70939795	harbor1	chr4	70776088	70776361	DNA/TcMar-Tigger	1436	-	136	70776224	36429
chr4	70739795	70939795	harbor1	chr4	70777169	70777265	DNA/TcMar-Tigger	552	-	48	70777217	37422
chr4	70739795	70939795	harbor1	chr4	70783523	70784141	DNA/TcMar-Tigger	777	-	309	70783832	44037
chr4	70739795	70939795	harbor1	chr4	70807928	70808271	DNA/TcMar-Tigger	1997	-	172	70808100	68305
chr4	910896	1110896	harbor1	chr4	986296	986596	DNA/TcMar-Tigger	1150	-	150	986446	75550
chr4	120822742	121022742	harbor1	chr4	120868254	120868514	DNA/TcMar-Tigger	836	-	130	120868384	45642
chr4	120822742	121022742	harbor1	chr4	120905006	120905312	DNA/TcMar-Tigger	539	-	153	120905159	82417
chr4	2361876	2561876	harbor1	chr4	2377796	2378057	DNA/TcMar-Tigger	1268	-	130	2377926	16050
chr4	2361876	2561876	harbor1	chr4	2378356	2378402	DNA/TcMar-Tigger	1268	-	23	2378379	16503
chr4	8023966	8223966	harbor1	chr4	8036893	8037246	DNA/TcMar-Tigger	820	-	176	8037069	13103
chr4	8023966	8223966	harbor1	chr4	8120689	8121046	DNA/TcMar-Tigger	1255	-	178	8120867	96901
chr4	120821303	121021303	harbor1	chr4	120868254	120868514	DNA/TcMar-Tigger	836	-	130	120868384	47081
chr4	120821303	121021303	harbor1	chr4	120905006	120905312	DNA/TcMar-Tigger	539	-	153	120905159	83856
chr4	120822671	121022671	harbor1	chr4	120868254	120868514	DNA/TcMar-Tigger	836	-	130	120868384	45713
chr4	120822671	121022671	harbor1	chr4	120905006	120905312	DNA/TcMar-Tigger	539	-	153	120905159	82488
chr4	2317159	2517159	harbor1	chr4	2351956	2352180	DNA/TcMar-Tigger	1135	-	112	2352068	34909
chr4	2317159	2517159	harbor1	chr4	2377796	2378057	DNA/TcMar-Tigger	1268	-	130	2377926	60767
chr4	2317159	2517159	harbor1	chr4	2378356	2378402	DNA/TcMar-Tigger	1268	-	23	2378379	61220
chr4	910971	1110971	harbor1	chr4	986296	986596	DNA/TcMar-Tigger	1150	-	150	986446	75475
chr4	102919713	103119713	harbor1	chr4	102947685	102948244	DNA/TcMar-Tigger	3448	-	280	102947965	28252
chr4	88671609	88871609	harbor1	chr4	88681520	88681671	DNA/TcMar-Tigger	670	-	76	88681596	9987
chr4	70739735	70939735	harbor1	chr4	70768951	70769072	DNA/TcMar-Tigger	3186	-	60	70769011	29276
chr4	70739735	70939735	harbor1	chr4	70769339	70769757	DNA/TcMar-Tigger	3186	-	209	70769548	29813
chr4	70739735	70939735	harbor1	chr4	70769749	70769803	DNA/TcMar-Tigger	7668	-	27	70769776	30041
chr4	70739735	70939735	harbor1	chr4	70770122	70771306	DNA/TcMar-Tigger	7668	-	592	70770714	30979
chr4	70739735	70939735	harbor1	chr4	70771343	70771532	DNA/TcMar-Tigger	1550	-	94	70771437	31702
chr4	70739735	70939735	harbor1	chr4	70771830	70772059	DNA/TcMar-Tigger	1550	-	114	70771944	32209
chr4	70739735	70939735	harbor1	chr4	70776088	70776361	DNA/TcMar-Tigger	1436	-	136	70776224	36489
chr4	70739735	70939735	harbor1	chr4	70777169	70777265	DNA/TcMar-Tigger	552	-	48	70777217	37482
chr4	70739735	70939735	harbor1	chr4	70783523	70784141	DNA/TcMar-Tigger	777	-	309	70783832	44097
chr4	70739735	70939735	harbor1	chr4	70807928	70808271	DNA/TcMar-Tigger	1997	-	172	70808100	68365
chr4	98160943	98360943	harbor1	chr4	98253222	98253369	DNA/TcMar-Tigger	616	-	74	98253296	92353
chr4	187835400	188035400	harbor1	chr4	187873698	187874835	DNA/TcMar-Tigger	6745	-	568	187874266	38866
chr4	2363070	2563070	harbor1	chr4	2377796	2378057	DNA/TcMar-Tigger	1268	-	130	2377926	14856
chr4	2363070	2563070	harbor1	chr4	2378356	2378402	DNA/TcMar-Tigger	1268	-	23	2378379	15309
chr4	2151076	2351076	harbor1	chr4	2223179	2223240	DNA/TcMar-Tigger	5692	-	30	2223209	72133
chr4	2151076	2351076	harbor1	chr4	2223580	2224669	DNA/TcMar-Tigger	5692	-	544	2224124	73048
chr4	2151076	2351076	harbor1	chr4	2224965	2225110	DNA/TcMar-Tigger	5692	-	72	2225037	73961
chr4	2363106	2563106	harbor1	chr4	2377796	2378057	DNA/TcMar-Tigger	1268	-	130	2377926	14820
chr4	2363106	2563106	harbor1	chr4	2378356	2378402	DNA/TcMar-Tigger	1268	-	23	2378379	15273
chr4	73128036	73328036	harbor1	chr4	73168588	73168788	DNA/TcMar-Tigger	1577	-	100	73168688	40652
chr4	73128036	73328036	harbor1	chr4	73169146	73169318	DNA/TcMar-Tigger	1577	-	86	73169232	41196
chr4	73128036	73328036	harbor1	chr4	73176880	73177146	DNA/TcMar-Tigger	1327	-	133	73177013	48977
chr4	73128036	73328036	harbor1	chr4	73197306	73197485	DNA/TcMar-Tigger	531	-	90	73197396	69360
chr4	15581887	15781887	harbor1	chr4	15602016	15602582	DNA/TcMar-Tigger	14510	-	283	15602299	20412
chr4	15581887	15781887	harbor1	chr4	15602869	15604675	DNA/TcMar-Tigger	14510	-	903	15603772	21885
chr4	15581887	15781887	harbor1	chr4	15607938	15608119	DNA/TcMar-Tigger	706	-	90	15608028	26141
chr4	15581887	15781887	harbor1	chr4	15669116	15669421	DNA/TcMar-Tigger	1342	-	152	15669268	87381
chr4	15581887	15781887	harbor1	chr4	15672321	15673159	DNA/TcMar-Tigger	4476	-	419	15672740	90853
chr4	15581887	15781887	harbor1	chr4	15673460	15673623	DNA/TcMar-Tigger	4476	-	82	15673542	91655
chr4	3569499	3769499	harbor1	chr4	3589474	3589786	DNA/TcMar-Tigger	1530	-	156	3589630	20131
chr4	3569499	3769499	harbor1	chr4	3641059	3641268	DNA/TcMar-Tigger	1025	-	104	3641163	71664
chr4	144468351	144668351	harbor1	chr4	144546960	144547045	DNA/TcMar-Tigger	1073	-	42	144547002	78651
chr4	144468351	144668351	harbor1	chr4	144547369	144547597	DNA/TcMar-Tigger	1073	-	114	144547483	79132
chr4	144468351	144668351	harbor1	chr4	144560366	144560750	DNA/TcMar-Tigger	2359	-	192	144560558	92207
chr4	120822652	121022652	harbor1	chr4	120868254	120868514	DNA/TcMar-Tigger	836	-	130	120868384	45732
chr4	120822652	121022652	harbor1	chr4	120905006	120905312	DNA/TcMar-Tigger	539	-	153	120905159	82507
chr4	2656061	2856061	harbor1	chr4	2734096	2734322	DNA/TcMar-Tigger	1187	-	113	2734209	78148
chr4	910985	1110985	harbor1	chr4	986296	986596	DNA/TcMar-Tigger	1150	-	150	986446	75461
chr4	910965	1110965	harbor1	chr4	986296	986596	DNA/TcMar-Tigger	1150	-	150	986446	75481
chr4	103098519	103298519	harbor1	chr4	103102358	103102793	DNA/TcMar-Tigger	2273	-	218	103102576	4057
chr4	550827	750827	harbor1	chr4	551493	551848	DNA/TcMar-Tigger	1888	-	178	551671	844
chr4	8230062	8430062	harbor1	chr4	8250071	8250292	DNA/TcMar-Tigger	751	-	110	8250181	20119
chr4	910306	1110306	harbor1	chr4	986296	986596	DNA/TcMar-Tigger	1150	-	150	986446	76140
chr4	67487456	67687456	harbor1	chr4	67497411	67497521	DNA/TcMar-Tigger	6253	-	55	67497466	10010
chr4	67487456	67687456	harbor1	chr4	67497830	67497949	DNA/TcMar-Tigger	6253	-	60	67497890	10434
chr4	67487456	67687456	harbor1	chr4	67498269	67499991	DNA/TcMar-Tigger	6274	-	861	67499130	11674
chr4	67487456	67687456	harbor1	chr4	67500005	67500290	DNA/TcMar-Tigger	1657	-	142	67500147	12691
chr4	67487456	67687456	harbor1	chr4	67505431	67505762	DNA/TcMar-Tigger	1610	-	166	67505597	18141
chr4	67487456	67687456	harbor1	chr4	67549738	67549864	DNA/TcMar-Tigger	1349	-	63	67549801	62345
chr4	67487456	67687456	harbor1	chr4	67550478	67550799	DNA/TcMar-Tigger	1349	-	160	67550638	63182
chr4	67487456	67687456	harbor1	chr4	67568967	67569746	DNA/TcMar-Tigger	6964	-	390	67569357	81901
chr4	67487456	67687456	harbor1	chr4	67570030	67570468	DNA/TcMar-Tigger	6964	-	219	67570249	82793
chr4	76846562	77046562	harbor1	chr4	76846516	76847069	DNA/TcMar-Tigger	3242	-	276	76846792	230
chr4	76846562	77046562	harbor1	chr4	76871902	76872235	DNA/TcMar-Tigger	2002	-	166	76872068	25506
chr4	76846562	77046562	harbor1	chr4	76911004	76911322	DNA/TcMar-Tigger	1420	-	159	76911163	64601
chr4	76846562	77046562	harbor1	chr4	76911338	76911440	DNA/TcMar-Tigger	479	-	51	76911389	64827
chr4	76846562	77046562	harbor1	chr4	76915908	76916063	DNA/TcMar-Tigger	936	-	78	76915986	69424
chr4	76846562	77046562	harbor1	chr4	76918945	76919714	DNA/TcMar-Tigger	15120	-	384	76919329	72767
chr4	76846562	77046562	harbor1	chr4	76920080	76921080	DNA/TcMar-Tigger	15120	-	500	76920580	74018
chr4	76846562	77046562	harbor1	chr4	76921355	76921656	DNA/TcMar-Tigger	15120	-	150	76921505	74943
chr4	76846562	77046562	harbor1	chr4	76921971	76922207	DNA/TcMar-Tigger	15120	-	118	76922089	75527
chr4	76846562	77046562	harbor1	chr4	76930746	76931048	DNA/TcMar-Tigger	1876	-	151	76930897	84335
chr4	76846562	77046562	harbor1	chr4	76931366	76931440	DNA/TcMar-Tigger	1876	-	37	76931403	84841
chr4	2314181	2514181	harbor1	chr4	2351956	2352180	DNA/TcMar-Tigger	1135	-	112	2352068	37887
chr4	2314181	2514181	harbor1	chr4	2377796	2378057	DNA/TcMar-Tigger	1268	-	130	2377926	63745
chr4	2314181	2514181	harbor1	chr4	2378356	2378402	DNA/TcMar-Tigger	1268	-	23	2378379	64198
chr4	55295888	55495888	harbor1	chr4	55308258	55308510	DNA/TcMar-Tigger	6547	-	126	55308384	12496
chr4	55295888	55495888	harbor1	chr4	55308814	55309536	DNA/TcMar-Tigger	6547	-	361	55309175	13287
chr4	55295888	55495888	harbor1	chr4	55309846	55310141	DNA/TcMar-Tigger	6547	-	148	55309994	14106
chr5	113414289	113614289	harbor1	chr5	113455559	113455887	DNA/TcMar-Tigger	784	-	164	113455723	41434
chr5	113414289	113614289	harbor1	chr5	113456315	113456465	DNA/TcMar-Tigger	907	-	75	113456390	42101
chr5	113414289	113614289	harbor1	chr5	113456771	113456918	DNA/TcMar-Tigger	907	-	74	113456845	42556
chr5	75136982	75336982	harbor1	chr5	75163243	75163658	DNA/TcMar-Tigger	2482	-	208	75163451	26469
chr5	135435228	135635228	harbor1	chr5	135485246	135485562	DNA/TcMar-Tigger	1939	-	158	135485404	50176
chr5	10337580	10537580	harbor1	chr5	10340369	10340487	DNA/TcMar-Tigger	466	-	59	10340428	2848
chr5	10337580	10537580	harbor1	chr5	10341891	10342079	DNA/TcMar-Tigger	1427	-	94	10341985	4405
chr5	10337580	10537580	harbor1	chr5	10342367	10342500	DNA/TcMar-Tigger	1427	-	66	10342433	4853
chr5	10337580	10537580	harbor1	chr5	10359494	10359667	DNA/TcMar-Tigger	771	-	86	10359580	22000
chr5	171125854	171325854	harbor1	chr5	171184697	171184880	DNA/TcMar-Tigger	5894	-	92	171184789	58935
chr5	171125854	171325854	harbor1	chr5	171185188	171185937	DNA/TcMar-Tigger	5894	-	374	171185562	59708
chr5	171125854	171325854	harbor1	chr5	171185927	171186521	DNA/TcMar-Tigger	7896	-	297	171186224	60370
chr5	171125854	171325854	harbor1	chr5	171186798	171187496	DNA/TcMar-Tigger	7896	-	349	171187147	61293
chr5	10337987	10537987	harbor1	chr5	10340369	10340487	DNA/TcMar-Tigger	466	-	59	10340428	2441
chr5	10337987	10537987	harbor1	chr5	10341891	10342079	DNA/TcMar-Tigger	1427	-	94	10341985	3998
chr5	10337987	10537987	harbor1	chr5	10342367	10342500	DNA/TcMar-Tigger	1427	-	66	10342433	4446
chr5	10337987	10537987	harbor1	chr5	10359494	10359667	DNA/TcMar-Tigger	771	-	86	10359580	21593
chr5	10341875	10541875	harbor1	chr5	10341891	10342079	DNA/TcMar-Tigger	1427	-	94	10341985	110
chr5	10341875	10541875	harbor1	chr5	10342367	10342500	DNA/TcMar-Tigger	1427	-	66	10342433	558
chr5	10341875	10541875	harbor1	chr5	10359494	10359667	DNA/TcMar-Tigger	771	-	86	10359580	17705
chr5	6723084	6923084	harbor1	chr5	6764248	6764459	DNA/TcMar-Tigger	676	-	106	6764354	41270
chr5	6723084	6923084	harbor1	chr5	6765004	6765134	DNA/TcMar-Tigger	657	-	65	6765069	41985
chr5	134406378	134606378	harbor1	chr5	134498310	134498576	DNA/TcMar-Tigger	2675	-	133	134498443	92065
chr5	134406378	134606378	harbor1	chr5	134498875	134499046	DNA/TcMar-Tigger	2675	-	86	134498961	92583
chr5	134406378	134606378	harbor1	chr5	134500658	134500969	DNA/TcMar-Tigger	1707	-	156	134500814	94436
chr5	134406378	134606378	harbor1	chr5	134479702	134480248	DNA/TcMar-Tigger	3083	-	273	134479975	73597
chr5	157644323	157844323	harbor1	chr5	157704549	157704650	DNA/TcMar-Tigger	421	-	50	157704599	60276
chr5	135919218	136119218	harbor1	chr5	135922103	135924449	DNA/TcMar-Tigger	14342	-	1173	135923276	4058
chr5	135919218	136119218	harbor1	chr5	135969983	135970263	DNA/TcMar-Tigger	817	-	140	135970123	50905
chr5	168407631	168607631	harbor1	chr5	168416767	168416860	DNA/TcMar-Tigger	686	-	46	168416813	9182
chr5	168407631	168607631	harbor1	chr5	168417166	168417268	DNA/TcMar-Tigger	686	-	51	168417217	9586
chr5	168407631	168607631	harbor1	chr5	168480141	168480419	DNA/TcMar-Tigger	3196	-	139	168480280	72649
chr5	168407631	168607631	harbor1	chr5	168480729	168481292	DNA/TcMar-Tigger	3196	-	282	168481011	73380
chr5	168407631	168607631	harbor1	chr5	168481297	168481374	DNA/TcMar-Tigger	466	-	38	168481335	73704
chr5	10341914	10541914	harbor1	chr5	10341891	10342079	DNA/TcMar-Tigger	1427	-	94	10341985	71
chr5	10341914	10541914	harbor1	chr5	10342367	10342500	DNA/TcMar-Tigger	1427	-	66	10342433	519
chr5	10341914	10541914	harbor1	chr5	10359494	10359667	DNA/TcMar-Tigger	771	-	86	10359580	17666
chr5	133502807	133702807	harbor1	chr5	133508434	133508614	DNA/TcMar-Tigger	1056	-	90	133508524	5717
chr5	10341987	10541987	harbor1	chr5	10341891	10342079	DNA/TcMar-Tigger	1427	-	94	10341985	2
chr5	10341987	10541987	harbor1	chr5	10342367	10342500	DNA/TcMar-Tigger	1427	-	66	10342433	446
chr5	10341987	10541987	harbor1	chr5	10359494	10359667	DNA/TcMar-Tigger	771	-	86	10359580	17593
chr5	82647609	82847609	harbor1	chr5	82674168	82674246	DNA/TcMar-Tigger	464	-	39	82674207	26598
chr5	82647609	82847609	harbor1	chr5	82675059	82675619	DNA/TcMar-Tigger	2725	-	280	82675339	27730
chr5	82647609	82847609	harbor1	chr5	82717363	82717571	DNA/TcMar-Tigger	1012	-	104	82717467	69858
chr5	78410105	78610105	harbor1	chr5	78468899	78469112	DNA/TcMar-Tigger	1040	-	106	78469005	58900
chr5	10151040	10351040	harbor1	chr5	10241737	10243203	DNA/TcMar-Tigger	15381	-	733	10242470	91430
chr5	10151040	10351040	harbor1	chr5	10243499	10244415	DNA/TcMar-Tigger	15381	-	458	10243957	92917
chr5	10151040	10351040	harbor1	chr5	10244546	10244586	DNA/TcMar-Tigger	15381	-	20	10244566	93526
chr5	10205523	10405523	harbor1	chr5	10241737	10243203	DNA/TcMar-Tigger	15381	-	733	10242470	36947
chr5	10205523	10405523	harbor1	chr5	10243499	10244415	DNA/TcMar-Tigger	15381	-	458	10243957	38434
chr5	10205523	10405523	harbor1	chr5	10244546	10244586	DNA/TcMar-Tigger	15381	-	20	10244566	39043
chr5	10205523	10405523	harbor1	chr5	10266609	10266884	DNA/TcMar-Tigger	1334	-	138	10266747	61224
chr5	10184091	10384091	harbor1	chr5	10241737	10243203	DNA/TcMar-Tigger	15381	-	733	10242470	58379
chr5	10184091	10384091	harbor1	chr5	10243499	10244415	DNA/TcMar-Tigger	15381	-	458	10243957	59866
chr5	10184091	10384091	harbor1	chr5	10244546	10244586	DNA/TcMar-Tigger	15381	-	20	10244566	60475
chr5	10184091	10384091	harbor1	chr5	10266609	10266884	DNA/TcMar-Tigger	1334	-	138	10266747	82656
chr5	10661221	10861221	harbor1	chr5	10704114	10704349	DNA/TcMar-Tigger	956	-	118	10704232	43011
chr5	10661221	10861221	harbor1	chr5	10727744	10728103	DNA/TcMar-Tigger	2096	-	180	10727924	66703
chr5	73021050	73221050	harbor1	chr5	73040178	73040404	DNA/TcMar-Tigger	1350	-	113	73040291	19241
chr5	73021050	73221050	harbor1	chr5	73047593	73047825	DNA/TcMar-Tigger	1221	-	116	73047709	26659
chr5	73021050	73221050	harbor1	chr5	73048134	73048168	DNA/TcMar-Tigger	1221	-	17	73048151	27101
chr5	73021050	73221050	harbor1	chr5	73048471	73048541	DNA/TcMar-Tigger	1221	-	35	73048506	27456
chr5	73021050	73221050	harbor1	chr5	73054980	73055120	DNA/TcMar-Tigger	569	-	70	73055050	34000
chr5	73021050	73221050	harbor1	chr5	73101730	73102269	DNA/TcMar-Tigger	4980	-	270	73102000	80950
chr5	73021050	73221050	harbor1	chr5	73102586	73102617	DNA/TcMar-Tigger	4980	-	16	73102602	81552
chr5	73021050	73221050	harbor1	chr5	73102904	73103193	DNA/TcMar-Tigger	4980	-	144	73103048	81998
chr5	73021050	73221050	harbor1	chr5	73103318	73103412	DNA/TcMar-Tigger	1578	-	47	73103365	82315
chr5	73021050	73221050	harbor1	chr5	73104113	73104388	DNA/TcMar-Tigger	1578	-	138	73104251	83201
chr5	10333600	10533600	harbor1	chr5	10340369	10340487	DNA/TcMar-Tigger	466	-	59	10340428	6828
chr5	10333600	10533600	harbor1	chr5	10341891	10342079	DNA/TcMar-Tigger	1427	-	94	10341985	8385
chr5	10333600	10533600	harbor1	chr5	10342367	10342500	DNA/TcMar-Tigger	1427	-	66	10342433	8833
chr5	10333600	10533600	harbor1	chr5	10359494	10359667	DNA/TcMar-Tigger	771	-	86	10359580	25980
chr5	10341898	10541898	harbor1	chr5	10341891	10342079	DNA/TcMar-Tigger	1427	-	94	10341985	87
chr5	10341898	10541898	harbor1	chr5	10342367	10342500	DNA/TcMar-Tigger	1427	-	66	10342433	535
chr5	10341898	10541898	harbor1	chr5	10359494	10359667	DNA/TcMar-Tigger	771	-	86	10359580	17682
chr5	10661144	10861144	harbor1	chr5	10704114	10704349	DNA/TcMar-Tigger	956	-	118	10704232	43088
chr5	10661144	10861144	harbor1	chr5	10727744	10728103	DNA/TcMar-Tigger	2096	-	180	10727924	66780
chr5	10341940	10541940	harbor1	chr5	10341891	10342079	DNA/TcMar-Tigger	1427	-	94	10341985	45
chr5	10341940	10541940	harbor1	chr5	10342367	10342500	DNA/TcMar-Tigger	1427	-	66	10342433	493
chr5	10341940	10541940	harbor1	chr5	10359494	10359667	DNA/TcMar-Tigger	771	-	86	10359580	17640
chr5	134922089	135122089	harbor1	chr5	134988009	134990118	DNA/TcMar-Tigger	14795	-	1054	134989063	66974
chr5	134922089	135122089	harbor1	chr5	134990563	134990806	DNA/TcMar-Tigger	14795	-	122	134990685	68596
chr5	10186534	10386534	harbor1	chr5	10241737	10243203	DNA/TcMar-Tigger	15381	-	733	10242470	55936
chr5	10186534	10386534	harbor1	chr5	10243499	10244415	DNA/TcMar-Tigger	15381	-	458	10243957	57423
chr5	10186534	10386534	harbor1	chr5	10244546	10244586	DNA/TcMar-Tigger	15381	-	20	10244566	58032
chr5	10186534	10386534	harbor1	chr5	10266609	10266884	DNA/TcMar-Tigger	1334	-	138	10266747	80213
chr5	10653254	10853254	harbor1	chr5	10704114	10704349	DNA/TcMar-Tigger	956	-	118	10704232	50978
chr5	10653254	10853254	harbor1	chr5	10727744	10728103	DNA/TcMar-Tigger	2096	-	180	10727924	74670
chr5	128994660	129194660	harbor1	chr5	129060907	129062486	DNA/TcMar-Tigger	8718	-	790	129061697	67037
chr5	128994660	129194660	harbor1	chr5	129063070	129063278	DNA/TcMar-Tigger	1137	-	104	129063174	68514
chr5	128994660	129194660	harbor1	chr5	129023766	129024075	DNA/TcMar-Tigger	1212	-	154	129023920	29260
chr5	9289591	9489591	harbor1	chr5	9329760	9329955	DNA/TcMar-Tigger	999	-	98	9329858	40267
chr5	9114312	9314312	harbor1	chr5	9117371	9117727	DNA/TcMar-Tigger	1835	-	178	9117549	3237
chr5	75136482	75336482	harbor1	chr5	75163243	75163658	DNA/TcMar-Tigger	2482	-	208	75163451	26969
chr5	10661132	10861132	harbor1	chr5	10704114	10704349	DNA/TcMar-Tigger	956	-	118	10704232	43100
chr5	10661132	10861132	harbor1	chr5	10727744	10728103	DNA/TcMar-Tigger	2096	-	180	10727924	66792
chr5	89882308	90082308	harbor1	chr5	89905821	89908214	DNA/TcMar-Tigger	13763	-	1196	89907017	24709
chr5	89882308	90082308	harbor1	chr5	89934038	89934318	DNA/TcMar-Tigger	1386	-	140	89934178	51870
chr5	10661219	10861219	harbor1	chr5	10704114	10704349	DNA/TcMar-Tigger	956	-	118	10704232	43013
chr5	10661219	10861219	harbor1	chr5	10727744	10728103	DNA/TcMar-Tigger	2096	-	180	10727924	66705
chr5	10339138	10539138	harbor1	chr5	10340369	10340487	DNA/TcMar-Tigger	466	-	59	10340428	1290
chr5	10339138	10539138	harbor1	chr5	10341891	10342079	DNA/TcMar-Tigger	1427	-	94	10341985	2847
chr5	10339138	10539138	harbor1	chr5	10342367	10342500	DNA/TcMar-Tigger	1427	-	66	10342433	3295
chr5	10339138	10539138	harbor1	chr5	10359494	10359667	DNA/TcMar-Tigger	771	-	86	10359580	20442
chr5	135442075	135642075	harbor1	chr5	135485246	135485562	DNA/TcMar-Tigger	1939	-	158	135485404	43329
chr5	10338301	10538301	harbor1	chr5	10340369	10340487	DNA/TcMar-Tigger	466	-	59	10340428	2127
chr5	10338301	10538301	harbor1	chr5	10341891	10342079	DNA/TcMar-Tigger	1427	-	94	10341985	3684
chr5	10338301	10538301	harbor1	chr5	10342367	10342500	DNA/TcMar-Tigger	1427	-	66	10342433	4132
chr5	10338301	10538301	harbor1	chr5	10359494	10359667	DNA/TcMar-Tigger	771	-	86	10359580	21279
chr5	10339062	10539062	harbor1	chr5	10340369	10340487	DNA/TcMar-Tigger	466	-	59	10340428	1366
chr5	10339062	10539062	harbor1	chr5	10341891	10342079	DNA/TcMar-Tigger	1427	-	94	10341985	2923
chr5	10339062	10539062	harbor1	chr5	10342367	10342500	DNA/TcMar-Tigger	1427	-	66	10342433	3371
chr5	10339062	10539062	harbor1	chr5	10359494	10359667	DNA/TcMar-Tigger	771	-	86	10359580	20518
chr5	10338313	10538313	harbor1	chr5	10340369	10340487	DNA/TcMar-Tigger	466	-	59	10340428	2115
chr5	10338313	10538313	harbor1	chr5	10341891	10342079	DNA/TcMar-Tigger	1427	-	94	10341985	3672
chr5	10338313	10538313	harbor1	chr5	10342367	10342500	DNA/TcMar-Tigger	1427	-	66	10342433	4120
chr5	10338313	10538313	harbor1	chr5	10359494	10359667	DNA/TcMar-Tigger	771	-	86	10359580	21267
chr5	133482188	133682188	harbor1	chr5	133485387	133485613	DNA/TcMar-Tigger	513	-	113	133485500	3312
chr5	133482188	133682188	harbor1	chr5	133508434	133508614	DNA/TcMar-Tigger	1056	-	90	133508524	26336
chr5	9114417	9314417	harbor1	chr5	9117371	9117727	DNA/TcMar-Tigger	1835	-	178	9117549	3132
chr5	135008381	135208381	harbor1	chr5	135098498	135098937	DNA/TcMar-Tigger	2948	-	220	135098718	90337
chr5	135008381	135208381	harbor1	chr5	135099218	135099327	DNA/TcMar-Tigger	2948	-	54	135099272	90891
chr5	134460977	134660977	harbor1	chr5	134498310	134498576	DNA/TcMar-Tigger	2675	-	133	134498443	37466
chr5	134460977	134660977	harbor1	chr5	134498875	134499046	DNA/TcMar-Tigger	2675	-	86	134498961	37984
chr5	134460977	134660977	harbor1	chr5	134500658	134500969	DNA/TcMar-Tigger	1707	-	156	134500814	39837
chr5	134460977	134660977	harbor1	chr5	134479702	134480248	DNA/TcMar-Tigger	3083	-	273	134479975	18998
chr5	135008344	135208344	harbor1	chr5	135098498	135098937	DNA/TcMar-Tigger	2948	-	220	135098718	90374
chr5	135008344	135208344	harbor1	chr5	135099218	135099327	DNA/TcMar-Tigger	2948	-	54	135099272	90928
chr5	168386457	168586457	harbor1	chr5	168416767	168416860	DNA/TcMar-Tigger	686	-	46	168416813	30356
chr5	168386457	168586457	harbor1	chr5	168417166	168417268	DNA/TcMar-Tigger	686	-	51	168417217	30760
chr5	168386457	168586457	harbor1	chr5	168480141	168480419	DNA/TcMar-Tigger	3196	-	139	168480280	93823
chr5	168386457	168586457	harbor1	chr5	168480729	168481292	DNA/TcMar-Tigger	3196	-	282	168481011	94554
chr5	168386457	168586457	harbor1	chr5	168481297	168481374	DNA/TcMar-Tigger	466	-	38	168481335	94878
chr5	118403	318403	harbor1	chr5	118581	118729	DNA/TcMar-Tigger	913	-	74	118655	252
chr5	118403	318403	harbor1	chr5	178756	179066	DNA/TcMar-Tigger	1238	-	155	178911	60508
chr5	91829	291829	harbor1	chr5	113898	114460	DNA/TcMar-Tigger	15060	-	281	114179	22350
chr5	91829	291829	harbor1	chr5	114719	116513	DNA/TcMar-Tigger	15060	-	897	115616	23787
chr5	91829	291829	harbor1	chr5	118581	118729	DNA/TcMar-Tigger	913	-	74	118655	26826
chr5	91829	291829	harbor1	chr5	178756	179066	DNA/TcMar-Tigger	1238	-	155	178911	87082
chr5	10341929	10541929	harbor1	chr5	10341891	10342079	DNA/TcMar-Tigger	1427	-	94	10341985	56
chr5	10341929	10541929	harbor1	chr5	10342367	10342500	DNA/TcMar-Tigger	1427	-	66	10342433	504
chr5	10341929	10541929	harbor1	chr5	10359494	10359667	DNA/TcMar-Tigger	771	-	86	10359580	17651
chr5	414094	614094	harbor1	chr5	456101	456406	DNA/TcMar-Tigger	1088	-	152	456253	42159
chr5	137653914	137853914	harbor1	chr5	137663024	137663056	DNA/TcMar-Tigger	1423	-	16	137663040	9126
chr5	137653914	137853914	harbor1	chr5	137663357	137663739	DNA/TcMar-Tigger	1423	-	191	137663548	9634
chr5	10661192	10861192	harbor1	chr5	10704114	10704349	DNA/TcMar-Tigger	956	-	118	10704232	43040
chr5	10661192	10861192	harbor1	chr5	10727744	10728103	DNA/TcMar-Tigger	2096	-	180	10727924	66732
chr5	135008272	135208272	harbor1	chr5	135098498	135098937	DNA/TcMar-Tigger	2948	-	220	135098718	90446
chr5	135008272	135208272	harbor1	chr5	135099218	135099327	DNA/TcMar-Tigger	2948	-	54	135099272	91000
chr5	380511	580511	harbor1	chr5	456101	456406	DNA/TcMar-Tigger	1088	-	152	456253	75742
chr5	91832	291832	harbor1	chr5	113898	114460	DNA/TcMar-Tigger	15060	-	281	114179	22347
chr5	91832	291832	harbor1	chr5	114719	116513	DNA/TcMar-Tigger	15060	-	897	115616	23784
chr5	91832	291832	harbor1	chr5	118581	118729	DNA/TcMar-Tigger	913	-	74	118655	26823
chr5	91832	291832	harbor1	chr5	178756	179066	DNA/TcMar-Tigger	1238	-	155	178911	87079
chr5	9114300	9314300	harbor1	chr5	9117371	9117727	DNA/TcMar-Tigger	1835	-	178	9117549	3249
chr5	91002545	91202545	harbor1	chr5	91061105	91061392	DNA/TcMar-Tigger	824	-	144	91061249	58704
chr6	7626958	7826958	harbor1	chr6	7637825	7638151	DNA/TcMar-Tigger	1572	-	163	7637988	11030
chr6	7626958	7826958	harbor1	chr6	7652325	7652525	DNA/TcMar-Tigger	633	-	100	7652425	25467
chr6	7626958	7826958	harbor1	chr6	7666449	7666767	DNA/TcMar-Tigger	2001	-	159	7666608	39650
chr6	7626958	7826958	harbor1	chr6	7723973	7724326	DNA/TcMar-Tigger	2358	-	176	7724149	97191
chr6	147103351	147303351	harbor1	chr6	147121886	147122227	DNA/TcMar-Tigger	716	-	170	147122056	18705
chr6	151352847	151552847	harbor1	chr6	151381903	151382237	DNA/TcMar-Tigger	2047	-	167	151382070	29223
chr6	7626630	7826630	harbor1	chr6	7637825	7638151	DNA/TcMar-Tigger	1572	-	163	7637988	11358
chr6	7626630	7826630	harbor1	chr6	7652325	7652525	DNA/TcMar-Tigger	633	-	100	7652425	25795
chr6	7626630	7826630	harbor1	chr6	7666449	7666767	DNA/TcMar-Tigger	2001	-	159	7666608	39978
chr6	7626630	7826630	harbor1	chr6	7723973	7724326	DNA/TcMar-Tigger	2358	-	176	7724149	97519
chr6	124862322	125062322	harbor1	chr6	124929938	124930527	DNA/TcMar-Tigger	3597	-	294	124930232	67910
chr6	124862322	125062322	harbor1	chr6	124930947	124931527	DNA/TcMar-Tigger	3753	-	290	124931237	68915
chr6	37070820	37270820	harbor1	chr6	37071868	37072177	DNA/TcMar-Tigger	894	-	154	37072022	1202
chr6	37070820	37270820	harbor1	chr6	37096894	37097111	DNA/TcMar-Tigger	857	-	108	37097002	26182
chr6	37070820	37270820	harbor1	chr6	37097387	37097468	DNA/TcMar-Tigger	857	-	40	37097427	26607
chr6	32869543	33069543	harbor1	chr6	32891326	32891541	DNA/TcMar-Tigger	2565	-	108	32891434	21891
chr6	32869543	33069543	harbor1	chr6	32891833	32892056	DNA/TcMar-Tigger	2565	-	112	32891945	22402
chr6	32869543	33069543	harbor1	chr6	32903566	32903846	DNA/TcMar-Tigger	1038	-	140	32903706	34163
chr6	32869543	33069543	harbor1	chr6	32963642	32963865	DNA/TcMar-Tigger	1169	-	112	32963754	94211
chr6	32869543	33069543	harbor1	chr6	32899001	32899319	DNA/TcMar-Tigger	1642	-	159	32899160	29617
chr6	118833199	119033199	harbor1	chr6	118851939	118852269	DNA/TcMar-Tigger	1881	-	165	118852104	18905
chr6	118833199	119033199	harbor1	chr6	118880858	118881170	DNA/TcMar-Tigger	1770	-	156	118881014	47815
chr6	118833199	119033199	harbor1	chr6	118926172	118926505	DNA/TcMar-Tigger	1988	-	166	118926338	93139
chr6	28999817	29199817	harbor1	chr6	29002375	29002609	DNA/TcMar-Tigger	468	-	117	29002492	2675
chr6	37002540	37202540	harbor1	chr6	37036082	37036237	DNA/TcMar-Tigger	842	-	78	37036160	33620
chr6	37002540	37202540	harbor1	chr6	37036555	37036598	DNA/TcMar-Tigger	842	-	22	37036577	34037
chr6	37002540	37202540	harbor1	chr6	37037363	37037473	DNA/TcMar-Tigger	563	-	55	37037418	34878
chr6	37002540	37202540	harbor1	chr6	37071868	37072177	DNA/TcMar-Tigger	894	-	154	37072022	69482
chr6	37002540	37202540	harbor1	chr6	37096894	37097111	DNA/TcMar-Tigger	857	-	108	37097002	94462
chr6	37002540	37202540	harbor1	chr6	37097387	37097468	DNA/TcMar-Tigger	857	-	40	37097427	94887
chr6	7626969	7826969	harbor1	chr6	7637825	7638151	DNA/TcMar-Tigger	1572	-	163	7637988	11019
chr6	7626969	7826969	harbor1	chr6	7652325	7652525	DNA/TcMar-Tigger	633	-	100	7652425	25456
chr6	7626969	7826969	harbor1	chr6	7666449	7666767	DNA/TcMar-Tigger	2001	-	159	7666608	39639
chr6	7626969	7826969	harbor1	chr6	7723973	7724326	DNA/TcMar-Tigger	2358	-	176	7724149	97180
chr6	7332945	7532945	harbor1	chr6	7402083	7402407	DNA/TcMar-Tigger	1605	-	162	7402245	69300
chr6	7332945	7532945	harbor1	chr6	7405396	7405630	DNA/TcMar-Tigger	1260	-	117	7405513	72568
chr6	139275442	139475442	harbor1	chr6	139353526	139353979	DNA/TcMar-Tigger	612	-	226	139353752	78310
chr6	15417264	15617264	harbor1	chr6	15459206	15459546	DNA/TcMar-Tigger	1698	-	170	15459376	42112
chr6	169864030	170064030	harbor1	chr6	169886477	169886709	DNA/TcMar-Tigger	492	-	116	169886593	22563
chr6	169864030	170064030	harbor1	chr6	169922950	169923523	DNA/TcMar-Tigger	743	-	286	169923236	59206
chr6	139275115	139475115	harbor1	chr6	139353526	139353979	DNA/TcMar-Tigger	612	-	226	139353752	78637
chr6	43072122	43272122	harbor1	chr6	43079120	43079185	DNA/TcMar-Tigger	557	-	32	43079152	7030
chr6	43072122	43272122	harbor1	chr6	43079516	43079590	DNA/TcMar-Tigger	557	-	37	43079553	7431
chr6	149350987	149550987	harbor1	chr6	149358129	149358455	DNA/TcMar-Tigger	1440	-	163	149358292	7305
chr6	149350987	149550987	harbor1	chr6	149422412	149422506	DNA/TcMar-Tigger	1267	-	47	149422459	71472
chr6	149350987	149550987	harbor1	chr6	149421892	149422103	DNA/TcMar-Tigger	1267	-	106	149421998	71011
chr6	7626955	7826955	harbor1	chr6	7637825	7638151	DNA/TcMar-Tigger	1572	-	163	7637988	11033
chr6	7626955	7826955	harbor1	chr6	7652325	7652525	DNA/TcMar-Tigger	633	-	100	7652425	25470
chr6	7626955	7826955	harbor1	chr6	7666449	7666767	DNA/TcMar-Tigger	2001	-	159	7666608	39653
chr6	7626955	7826955	harbor1	chr6	7723973	7724326	DNA/TcMar-Tigger	2358	-	176	7724149	97194
chr6	63473404	63673404	harbor1	chr6	63518856	63519032	DNA/TcMar-Tigger	914	-	88	63518944	45540
chr6	63473404	63673404	harbor1	chr6	63519319	63519462	DNA/TcMar-Tigger	914	-	72	63519391	45987
chr6	63473404	63673404	harbor1	chr6	63565942	63566098	DNA/TcMar-Tigger	13698	-	78	63566020	92616
chr6	63473404	63673404	harbor1	chr6	63566560	63568698	DNA/TcMar-Tigger	13698	-	1069	63567629	94225
chr6	139275101	139475101	harbor1	chr6	139353526	139353979	DNA/TcMar-Tigger	612	-	226	139353752	78651
chr6	169862720	170062720	harbor1	chr6	169886477	169886709	DNA/TcMar-Tigger	492	-	116	169886593	23873
chr6	169862720	170062720	harbor1	chr6	169922950	169923523	DNA/TcMar-Tigger	743	-	286	169923236	60516
chr6	41091927	41291927	harbor1	chr6	41148256	41148616	DNA/TcMar-Tigger	1841	-	180	41148436	56509
chr6	139274669	139474669	harbor1	chr6	139353526	139353979	DNA/TcMar-Tigger	612	-	226	139353752	79083
chr6	37070848	37270848	harbor1	chr6	37071868	37072177	DNA/TcMar-Tigger	894	-	154	37072022	1174
chr6	37070848	37270848	harbor1	chr6	37096894	37097111	DNA/TcMar-Tigger	857	-	108	37097002	26154
chr6	37070848	37270848	harbor1	chr6	37097387	37097468	DNA/TcMar-Tigger	857	-	40	37097427	26579
chr6	139272471	139472471	harbor1	chr6	139353526	139353979	DNA/TcMar-Tigger	612	-	226	139353752	81281
chr6	35352657	35552657	harbor1	chr6	35447680	35447749	DNA/TcMar-Tigger	2004	-	34	35447714	95057
chr6	35352657	35552657	harbor1	chr6	35448041	35448393	DNA/TcMar-Tigger	2004	-	176	35448217	95560
chr6	2665180	2865180	harbor1	chr6	2683920	2684446	DNA/TcMar-Tigger	3002	-	263	2684183	19003
chr6	89719739	89919739	harbor1	chr6	89778504	89778599	DNA/TcMar-Tigger	623	-	48	89778552	58813
chr6	167788720	167988720	harbor1	chr6	167792452	167792696	DNA/TcMar-Tigger	1663	-	122	167792574	3854
chr6	167788720	167988720	harbor1	chr6	167793052	167793161	DNA/TcMar-Tigger	1663	-	54	167793106	4386
chr6	167788720	167988720	harbor1	chr6	167869966	167870090	DNA/TcMar-Tigger	441	-	62	167870028	81308
chr6	167788720	167988720	harbor1	chr6	167883504	167885833	DNA/TcMar-Tigger	13660	-	1164	167884668	95948
chr6	7623404	7823404	harbor1	chr6	7637825	7638151	DNA/TcMar-Tigger	1572	-	163	7637988	14584
chr6	7623404	7823404	harbor1	chr6	7652325	7652525	DNA/TcMar-Tigger	633	-	100	7652425	29021
chr6	7623404	7823404	harbor1	chr6	7666449	7666767	DNA/TcMar-Tigger	2001	-	159	7666608	43204
chr6	37070842	37270842	harbor1	chr6	37071868	37072177	DNA/TcMar-Tigger	894	-	154	37072022	1180
chr6	37070842	37270842	harbor1	chr6	37096894	37097111	DNA/TcMar-Tigger	857	-	108	37097002	26160
chr6	37070842	37270842	harbor1	chr6	37097387	37097468	DNA/TcMar-Tigger	857	-	40	37097427	26585
chr6	161052402	161252402	harbor1	chr6	161065574	161065656	DNA/TcMar-Tigger	957	-	41	161065615	13213
chr6	161052402	161252402	harbor1	chr6	161065961	161066075	DNA/TcMar-Tigger	957	-	57	161066018	13616
chr6	127167321	127367321	harbor1	chr6	127246455	127246781	DNA/TcMar-Tigger	1778	-	163	127246618	79297
chr6	139275457	139475457	harbor1	chr6	139353526	139353979	DNA/TcMar-Tigger	612	-	226	139353752	78295
chr6	63473429	63673429	harbor1	chr6	63518856	63519032	DNA/TcMar-Tigger	914	-	88	63518944	45515
chr6	63473429	63673429	harbor1	chr6	63519319	63519462	DNA/TcMar-Tigger	914	-	72	63519391	45962
chr6	63473429	63673429	harbor1	chr6	63565942	63566098	DNA/TcMar-Tigger	13698	-	78	63566020	92591
chr6	63473429	63673429	harbor1	chr6	63566560	63568698	DNA/TcMar-Tigger	13698	-	1069	63567629	94200
chr6	7626967	7826967	harbor1	chr6	7637825	7638151	DNA/TcMar-Tigger	1572	-	163	7637988	11021
chr6	7626967	7826967	harbor1	chr6	7652325	7652525	DNA/TcMar-Tigger	633	-	100	7652425	25458
chr6	7626967	7826967	harbor1	chr6	7666449	7666767	DNA/TcMar-Tigger	2001	-	159	7666608	39641
chr6	7626967	7826967	harbor1	chr6	7723973	7724326	DNA/TcMar-Tigger	2358	-	176	7724149	97182
chr6	139275547	139475547	harbor1	chr6	139353526	139353979	DNA/TcMar-Tigger	612	-	226	139353752	78205
chr6	139274614	139474614	harbor1	chr6	139353526	139353979	DNA/TcMar-Tigger	612	-	226	139353752	79138
chr6	43872397	44072397	harbor1	chr6	43894251	43894472	DNA/TcMar-Tigger	592	-	110	43894361	21964
chr6	37070850	37270850	harbor1	chr6	37071868	37072177	DNA/TcMar-Tigger	894	-	154	37072022	1172
chr6	37070850	37270850	harbor1	chr6	37096894	37097111	DNA/TcMar-Tigger	857	-	108	37097002	26152
chr6	37070850	37270850	harbor1	chr6	37097387	37097468	DNA/TcMar-Tigger	857	-	40	37097427	26577
chr6	139274583	139474583	harbor1	chr6	139353526	139353979	DNA/TcMar-Tigger	612	-	226	139353752	79169
chr6	167862891	168062891	harbor1	chr6	167869966	167870090	DNA/TcMar-Tigger	441	-	62	167870028	7137
chr6	167862891	168062891	harbor1	chr6	167883504	167885833	DNA/TcMar-Tigger	13660	-	1164	167884668	21777
chr6	167862891	168062891	harbor1	chr6	167902469	167902801	DNA/TcMar-Tigger	1729	-	166	167902635	39744
chr6	167862891	168062891	harbor1	chr6	167944570	167945723	DNA/TcMar-Tigger	5463	-	576	167945146	82255
chr6	37070872	37270872	harbor1	chr6	37071868	37072177	DNA/TcMar-Tigger	894	-	154	37072022	1150
chr6	37070872	37270872	harbor1	chr6	37096894	37097111	DNA/TcMar-Tigger	857	-	108	37097002	26130
chr6	37070872	37270872	harbor1	chr6	37097387	37097468	DNA/TcMar-Tigger	857	-	40	37097427	26555
chr6	37070838	37270838	harbor1	chr6	37071868	37072177	DNA/TcMar-Tigger	894	-	154	37072022	1184
chr6	37070838	37270838	harbor1	chr6	37096894	37097111	DNA/TcMar-Tigger	857	-	108	37097002	26164
chr6	37070838	37270838	harbor1	chr6	37097387	37097468	DNA/TcMar-Tigger	857	-	40	37097427	26589
chr6	165559080	165759080	harbor1	chr6	165570771	165570919	DNA/TcMar-Tigger	754	-	74	165570845	11765
chr6	165559080	165759080	harbor1	chr6	165570932	165571044	DNA/TcMar-Tigger	533	-	56	165570988	11908
chr6	165559080	165759080	harbor1	chr6	165622309	165622644	DNA/TcMar-Tigger	1980	-	168	165622477	63397
chr6	33522113	33722113	harbor1	chr6	33539971	33540388	DNA/TcMar-Tigger	2687	-	208	33540179	18066
chr6	33522113	33722113	harbor1	chr6	33542495	33542530	DNA/TcMar-Tigger	2687	-	18	33542513	20400
chr6	33522113	33722113	harbor1	chr6	33542847	33542996	DNA/TcMar-Tigger	2687	-	74	33542921	20808
chr6	33522113	33722113	harbor1	chr6	33550202	33550246	DNA/TcMar-Tigger	941	-	22	33550224	28111
chr6	33522113	33722113	harbor1	chr6	33550558	33550716	DNA/TcMar-Tigger	941	-	79	33550637	28524
chr6	127167375	127367375	harbor1	chr6	127246455	127246781	DNA/TcMar-Tigger	1778	-	163	127246618	79243
chr6	127167314	127367314	harbor1	chr6	127246455	127246781	DNA/TcMar-Tigger	1778	-	163	127246618	79304
chr6	52184772	52384772	harbor1	chr6	52239839	52240154	DNA/TcMar-Tigger	503	-	158	52239997	55225
chr6	52184772	52384772	harbor1	chr6	52240459	52240727	DNA/TcMar-Tigger	503	-	134	52240593	55821
chr6	169864008	170064008	harbor1	chr6	169886477	169886709	DNA/TcMar-Tigger	492	-	116	169886593	22585
chr6	169864008	170064008	harbor1	chr6	169922950	169923523	DNA/TcMar-Tigger	743	-	286	169923236	59228
chr6	139275131	139475131	harbor1	chr6	139353526	139353979	DNA/TcMar-Tigger	612	-	226	139353752	78621
chr6	7212661	7412661	harbor1	chr6	7293007	7293172	DNA/TcMar-Tigger	552	-	82	7293089	80428
chr6	127167318	127367318	harbor1	chr6	127246455	127246781	DNA/TcMar-Tigger	1778	-	163	127246618	79300
chr6	30386552	30586552	harbor1	chr6	30399537	30400633	DNA/TcMar-Tigger	6738	-	548	30400085	13533
chr6	30386552	30586552	harbor1	chr6	30401522	30401888	DNA/TcMar-Tigger	1521	-	183	30401705	15153
chr6	139275446	139475446	harbor1	chr6	139353526	139353979	DNA/TcMar-Tigger	612	-	226	139353752	78306
chr6	43738762	43938762	harbor1	chr6	43813998	43814693	DNA/TcMar-Tigger	1697	-	348	43814346	75584
chr6	43738762	43938762	harbor1	chr6	43832195	43832350	DNA/TcMar-Tigger	786	-	78	43832273	93511
chr6	52476001	52676001	harbor1	chr6	52479987	52480400	DNA/TcMar-Tigger	2352	-	206	52480193	4192
chr6	52476001	52676001	harbor1	chr6	52481965	52482061	DNA/TcMar-Tigger	4637	-	48	52482013	6012
chr6	52476001	52676001	harbor1	chr6	52482357	52483305	DNA/TcMar-Tigger	4637	-	474	52482831	6830
chr6	52476001	52676001	harbor1	chr6	52538813	52539450	DNA/TcMar-Tigger	3687	-	318	52539131	63130
chr6	127167369	127367369	harbor1	chr6	127246455	127246781	DNA/TcMar-Tigger	1778	-	163	127246618	79249
chr6	37183201	37383201	harbor1	chr6	37193720	37193936	DNA/TcMar-Tigger	729	-	108	37193828	10627
chr6	37002552	37202552	harbor1	chr6	37036082	37036237	DNA/TcMar-Tigger	842	-	78	37036160	33608
chr6	37002552	37202552	harbor1	chr6	37036555	37036598	DNA/TcMar-Tigger	842	-	22	37036577	34025
chr6	37002552	37202552	harbor1	chr6	37037363	37037473	DNA/TcMar-Tigger	563	-	55	37037418	34866
chr6	37002552	37202552	harbor1	chr6	37071868	37072177	DNA/TcMar-Tigger	894	-	154	37072022	69470
chr6	37002552	37202552	harbor1	chr6	37096894	37097111	DNA/TcMar-Tigger	857	-	108	37097002	94450
chr6	37002552	37202552	harbor1	chr6	37097387	37097468	DNA/TcMar-Tigger	857	-	40	37097427	94875
chr6	30366711	30566711	harbor1	chr6	30399537	30400633	DNA/TcMar-Tigger	6738	-	548	30400085	33374
chr6	30366711	30566711	harbor1	chr6	30401522	30401888	DNA/TcMar-Tigger	1521	-	183	30401705	34994
chr6	108461047	108661047	harbor1	chr6	108478820	108479039	DNA/TcMar-Tigger	477	-	110	108478930	17883
chr6	108461047	108661047	harbor1	chr6	108479432	108479645	DNA/TcMar-Tigger	687	-	106	108479538	18491
chr6	108461047	108661047	harbor1	chr6	108501776	108502027	DNA/TcMar-Tigger	15955	-	126	108501902	40855
chr6	108461047	108661047	harbor1	chr6	108502640	108504747	DNA/TcMar-Tigger	15955	-	1054	108503694	42647
chr6	108461047	108661047	harbor1	chr6	108506081	108506208	DNA/TcMar-Tigger	1216	-	64	108506145	45098
chr6	108461047	108661047	harbor1	chr6	108506508	108506587	DNA/TcMar-Tigger	1216	-	40	108506548	45501
chr6	108461047	108661047	harbor1	chr6	108506673	108506865	DNA/TcMar-Tigger	569	-	96	108506769	45722
chr6	139275475	139475475	harbor1	chr6	139353526	139353979	DNA/TcMar-Tigger	612	-	226	139353752	78277
chr6	30366632	30566632	harbor1	chr6	30399537	30400633	DNA/TcMar-Tigger	6738	-	548	30400085	33453
chr6	30366632	30566632	harbor1	chr6	30401522	30401888	DNA/TcMar-Tigger	1521	-	183	30401705	35073
chr6	139274465	139474465	harbor1	chr6	139353526	139353979	DNA/TcMar-Tigger	612	-	226	139353752	79287
chr6	52184695	52384695	harbor1	chr6	52239839	52240154	DNA/TcMar-Tigger	503	-	158	52239997	55302
chr6	52184695	52384695	harbor1	chr6	52240459	52240727	DNA/TcMar-Tigger	503	-	134	52240593	55898
chr6	3749398	3949398	harbor1	chr6	3809334	3809493	DNA/TcMar-Tigger	865	-	80	3809414	60016
chr6	3749398	3949398	harbor1	chr6	3809756	3809954	DNA/TcMar-Tigger	865	-	99	3809855	60457
chr6	3749398	3949398	harbor1	chr6	3846235	3846630	DNA/TcMar-Tigger	2415	-	198	3846433	97035
chr6	3749398	3949398	harbor1	chr6	3846625	3848261	DNA/TcMar-Tigger	11085	-	818	3847443	98045
chr6	167862848	168062848	harbor1	chr6	167869966	167870090	DNA/TcMar-Tigger	441	-	62	167870028	7180
chr6	167862848	168062848	harbor1	chr6	167883504	167885833	DNA/TcMar-Tigger	13660	-	1164	167884668	21820
chr6	167862848	168062848	harbor1	chr6	167902469	167902801	DNA/TcMar-Tigger	1729	-	166	167902635	39787
chr6	167862848	168062848	harbor1	chr6	167944570	167945723	DNA/TcMar-Tigger	5463	-	576	167945146	82298
chr6	150800581	151000581	harbor1	chr6	150870452	150870630	DNA/TcMar-Tigger	1121	-	89	150870541	69960
chr6	150800581	151000581	harbor1	chr6	150871095	150871495	DNA/TcMar-Tigger	1473	-	200	150871295	70714
chr6	150800581	151000581	harbor1	chr6	150871799	150871833	DNA/TcMar-Tigger	1473	-	17	150871816	71235
chr6	150800581	151000581	harbor1	chr6	150872177	150872793	DNA/TcMar-Tigger	3680	-	308	150872485	71904
chr6	39128541	39328541	harbor1	chr6	39212999	39213108	DNA/TcMar-Tigger	464	-	54	39213053	84512
chr6	147063104	147263104	harbor1	chr6	147101071	147101397	DNA/TcMar-Tigger	971	-	163	147101234	38130
chr6	147063104	147263104	harbor1	chr6	147121886	147122227	DNA/TcMar-Tigger	716	-	170	147122056	58952
chr6	124862409	125062409	harbor1	chr6	124929938	124930527	DNA/TcMar-Tigger	3597	-	294	124930232	67823
chr6	124862409	125062409	harbor1	chr6	124930947	124931527	DNA/TcMar-Tigger	3753	-	290	124931237	68828
chr6	169863974	170063974	harbor1	chr6	169886477	169886709	DNA/TcMar-Tigger	492	-	116	169886593	22619
chr6	169863974	170063974	harbor1	chr6	169922950	169923523	DNA/TcMar-Tigger	743	-	286	169923236	59262
chr6	135363713	135563713	harbor1	chr6	135419431	135420383	DNA/TcMar-Tigger	6057	-	476	135419907	56194
chr6	135363713	135563713	harbor1	chr6	135420382	135421404	DNA/TcMar-Tigger	6535	-	511	135420893	57180
chr6	146813086	147013086	harbor1	chr6	146836247	146836486	DNA/TcMar-Tigger	1098	-	120	146836367	23281
chr6	130963222	131163222	harbor1	chr6	130967091	130967363	DNA/TcMar-Tigger	745	-	136	130967227	4005
chr6	130963222	131163222	harbor1	chr6	130970746	130970886	DNA/TcMar-Tigger	3716	-	70	130970816	7594
chr6	130963222	131163222	harbor1	chr6	130971197	130971779	DNA/TcMar-Tigger	3716	-	291	130971488	8266
chr6	130963222	131163222	harbor1	chr6	130983311	130983495	DNA/TcMar-Tigger	811	-	92	130983403	20181
chr6	130963222	131163222	harbor1	chr6	130983502	130983519	DNA/TcMar-Tigger	4168	-	8	130983510	20288
chr6	130963222	131163222	harbor1	chr6	130983829	130984591	DNA/TcMar-Tigger	4168	-	381	130984210	20988
chr6	133853442	134053442	harbor1	chr6	133916377	133916463	DNA/TcMar-Tigger	555	-	43	133916420	62978
chr6	133853442	134053442	harbor1	chr6	133916774	133916898	DNA/TcMar-Tigger	460	-	62	133916836	63394
chr6	41091934	41291934	harbor1	chr6	41148256	41148616	DNA/TcMar-Tigger	1841	-	180	41148436	56502
chr6	37070864	37270864	harbor1	chr6	37071868	37072177	DNA/TcMar-Tigger	894	-	154	37072022	1158
chr6	37070864	37270864	harbor1	chr6	37096894	37097111	DNA/TcMar-Tigger	857	-	108	37097002	26138
chr6	37070864	37270864	harbor1	chr6	37097387	37097468	DNA/TcMar-Tigger	857	-	40	37097427	26563
chr6	139275440	139475440	harbor1	chr6	139353526	139353979	DNA/TcMar-Tigger	612	-	226	139353752	78312
chr6	127167312	127367312	harbor1	chr6	127246455	127246781	DNA/TcMar-Tigger	1778	-	163	127246618	79306
chr6	124862399	125062399	harbor1	chr6	124929938	124930527	DNA/TcMar-Tigger	3597	-	294	124930232	67833
chr6	124862399	125062399	harbor1	chr6	124930947	124931527	DNA/TcMar-Tigger	3753	-	290	124931237	68838
chr6	35589290	35789290	harbor1	chr6	35599881	35600209	DNA/TcMar-Tigger	1819	-	164	35600045	10755
chr6	35589290	35789290	harbor1	chr6	35640115	35640974	DNA/TcMar-Tigger	6764	-	430	35640545	51255
chr6	35589290	35789290	harbor1	chr6	35641283	35641601	DNA/TcMar-Tigger	6764	-	159	35641442	52152
chr6	169864066	170064066	harbor1	chr6	169886477	169886709	DNA/TcMar-Tigger	492	-	116	169886593	22527
chr6	169864066	170064066	harbor1	chr6	169922950	169923523	DNA/TcMar-Tigger	743	-	286	169923236	59170
chr6	37070857	37270857	harbor1	chr6	37071868	37072177	DNA/TcMar-Tigger	894	-	154	37072022	1165
chr6	37070857	37270857	harbor1	chr6	37096894	37097111	DNA/TcMar-Tigger	857	-	108	37097002	26145
chr6	37070857	37270857	harbor1	chr6	37097387	37097468	DNA/TcMar-Tigger	857	-	40	37097427	26570
chr6	139275439	139475439	harbor1	chr6	139353526	139353979	DNA/TcMar-Tigger	612	-	226	139353752	78313
chr6	37002937	37202937	harbor1	chr6	37036082	37036237	DNA/TcMar-Tigger	842	-	78	37036160	33223
chr6	37002937	37202937	harbor1	chr6	37036555	37036598	DNA/TcMar-Tigger	842	-	22	37036577	33640
chr6	37002937	37202937	harbor1	chr6	37037363	37037473	DNA/TcMar-Tigger	563	-	55	37037418	34481
chr6	37002937	37202937	harbor1	chr6	37071868	37072177	DNA/TcMar-Tigger	894	-	154	37072022	69085
chr6	37002937	37202937	harbor1	chr6	37096894	37097111	DNA/TcMar-Tigger	857	-	108	37097002	94065
chr6	37002937	37202937	harbor1	chr6	37097387	37097468	DNA/TcMar-Tigger	857	-	40	37097427	94490
chr6	170062470	170262470	harbor1	chr6	170104540	170104749	DNA/TcMar-Tigger	564	-	104	170104644	42174
chr6	139275169	139475169	harbor1	chr6	139353526	139353979	DNA/TcMar-Tigger	612	-	226	139353752	78583
chr6	139274579	139474579	harbor1	chr6	139353526	139353979	DNA/TcMar-Tigger	612	-	226	139353752	79173
chr6	37070849	37270849	harbor1	chr6	37071868	37072177	DNA/TcMar-Tigger	894	-	154	37072022	1173
chr6	37070849	37270849	harbor1	chr6	37096894	37097111	DNA/TcMar-Tigger	857	-	108	37097002	26153
chr6	37070849	37270849	harbor1	chr6	37097387	37097468	DNA/TcMar-Tigger	857	-	40	37097427	26578
chr6	150800587	151000587	harbor1	chr6	150870452	150870630	DNA/TcMar-Tigger	1121	-	89	150870541	69954
chr6	150800587	151000587	harbor1	chr6	150871095	150871495	DNA/TcMar-Tigger	1473	-	200	150871295	70708
chr6	150800587	151000587	harbor1	chr6	150871799	150871833	DNA/TcMar-Tigger	1473	-	17	150871816	71229
chr6	150800587	151000587	harbor1	chr6	150872177	150872793	DNA/TcMar-Tigger	3680	-	308	150872485	71898
chr6	139275128	139475128	harbor1	chr6	139353526	139353979	DNA/TcMar-Tigger	612	-	226	139353752	78624
chr6	139275156	139475156	harbor1	chr6	139353526	139353979	DNA/TcMar-Tigger	612	-	226	139353752	78596
chr6	42647151	42847151	harbor1	chr6	42683613	42683762	DNA/TcMar-Tigger	855	-	74	42683687	36536
chr6	167862904	168062904	harbor1	chr6	167869966	167870090	DNA/TcMar-Tigger	441	-	62	167870028	7124
chr6	167862904	168062904	harbor1	chr6	167883504	167885833	DNA/TcMar-Tigger	13660	-	1164	167884668	21764
chr6	167862904	168062904	harbor1	chr6	167902469	167902801	DNA/TcMar-Tigger	1729	-	166	167902635	39731
chr6	167862904	168062904	harbor1	chr6	167944570	167945723	DNA/TcMar-Tigger	5463	-	576	167945146	82242
chr6	36969380	37169380	harbor1	chr6	37036082	37036237	DNA/TcMar-Tigger	842	-	78	37036160	66780
chr6	36969380	37169380	harbor1	chr6	37036555	37036598	DNA/TcMar-Tigger	842	-	22	37036577	67197
chr6	36969380	37169380	harbor1	chr6	37037363	37037473	DNA/TcMar-Tigger	563	-	55	37037418	68038
chr6	52184723	52384723	harbor1	chr6	52239839	52240154	DNA/TcMar-Tigger	503	-	158	52239997	55274
chr6	52184723	52384723	harbor1	chr6	52240459	52240727	DNA/TcMar-Tigger	503	-	134	52240593	55870
chr6	7626959	7826959	harbor1	chr6	7637825	7638151	DNA/TcMar-Tigger	1572	-	163	7637988	11029
chr6	7626959	7826959	harbor1	chr6	7652325	7652525	DNA/TcMar-Tigger	633	-	100	7652425	25466
chr6	7626959	7826959	harbor1	chr6	7666449	7666767	DNA/TcMar-Tigger	2001	-	159	7666608	39649
chr6	7626959	7826959	harbor1	chr6	7723973	7724326	DNA/TcMar-Tigger	2358	-	176	7724149	97190
chr6	167860271	168060271	harbor1	chr6	167869966	167870090	DNA/TcMar-Tigger	441	-	62	167870028	9757
chr6	167860271	168060271	harbor1	chr6	167883504	167885833	DNA/TcMar-Tigger	13660	-	1164	167884668	24397
chr6	167860271	168060271	harbor1	chr6	167902469	167902801	DNA/TcMar-Tigger	1729	-	166	167902635	42364
chr6	167860271	168060271	harbor1	chr6	167944570	167945723	DNA/TcMar-Tigger	5463	-	576	167945146	84875
chr6	169863372	170063372	harbor1	chr6	169886477	169886709	DNA/TcMar-Tigger	492	-	116	169886593	23221
chr6	169863372	170063372	harbor1	chr6	169922950	169923523	DNA/TcMar-Tigger	743	-	286	169923236	59864
chr6	127167326	127367326	harbor1	chr6	127246455	127246781	DNA/TcMar-Tigger	1778	-	163	127246618	79292
chr6	169864117	170064117	harbor1	chr6	169886477	169886709	DNA/TcMar-Tigger	492	-	116	169886593	22476
chr6	169864117	170064117	harbor1	chr6	169922950	169923523	DNA/TcMar-Tigger	743	-	286	169923236	59119
chr6	169811811	170011811	harbor1	chr6	169886477	169886709	DNA/TcMar-Tigger	492	-	116	169886593	74782
chr6	99421489	99621489	harbor1	chr6	99509848	99510069	DNA/TcMar-Tigger	1012	-	110	99509958	88469
chr6	139274599	139474599	harbor1	chr6	139353526	139353979	DNA/TcMar-Tigger	612	-	226	139353752	79153
chr6	107718661	107918661	harbor1	chr6	107723165	107723528	DNA/TcMar-Tigger	2198	-	182	107723347	4686
chr6	52184760	52384760	harbor1	chr6	52239839	52240154	DNA/TcMar-Tigger	503	-	158	52239997	55237
chr6	52184760	52384760	harbor1	chr6	52240459	52240727	DNA/TcMar-Tigger	503	-	134	52240593	55833
chr6	7626659	7826659	harbor1	chr6	7637825	7638151	DNA/TcMar-Tigger	1572	-	163	7637988	11329
chr6	7626659	7826659	harbor1	chr6	7652325	7652525	DNA/TcMar-Tigger	633	-	100	7652425	25766
chr6	7626659	7826659	harbor1	chr6	7666449	7666767	DNA/TcMar-Tigger	2001	-	159	7666608	39949
chr6	7626659	7826659	harbor1	chr6	7723973	7724326	DNA/TcMar-Tigger	2358	-	176	7724149	97490
chr6	7626996	7826996	harbor1	chr6	7637825	7638151	DNA/TcMar-Tigger	1572	-	163	7637988	10992
chr6	7626996	7826996	harbor1	chr6	7652325	7652525	DNA/TcMar-Tigger	633	-	100	7652425	25429
chr6	7626996	7826996	harbor1	chr6	7666449	7666767	DNA/TcMar-Tigger	2001	-	159	7666608	39612
chr6	7626996	7826996	harbor1	chr6	7723973	7724326	DNA/TcMar-Tigger	2358	-	176	7724149	97153
chr6	149351042	149551042	harbor1	chr6	149358129	149358455	DNA/TcMar-Tigger	1440	-	163	149358292	7250
chr6	149351042	149551042	harbor1	chr6	149422412	149422506	DNA/TcMar-Tigger	1267	-	47	149422459	71417
chr6	149351042	149551042	harbor1	chr6	149421892	149422103	DNA/TcMar-Tigger	1267	-	106	149421998	70956
chr6	146813048	147013048	harbor1	chr6	146836247	146836486	DNA/TcMar-Tigger	1098	-	120	146836367	23319
chr7	44439898	44639898	harbor1	chr7	44471120	44471442	DNA/TcMar-Tigger	1099	-	161	44471281	31383
chr7	6087612	6287612	harbor1	chr7	6150889	6151428	DNA/TcMar-Tigger	2963	-	270	6151159	63547
chr7	6087612	6287612	harbor1	chr7	6151743	6151970	DNA/TcMar-Tigger	936	-	114	6151857	64245
chr7	1801811	2001811	harbor1	chr7	1892398	1892652	DNA/TcMar-Tigger	985	-	127	1892525	90714
chr7	100393717	100593717	harbor1	chr7	100480447	100480577	DNA/TcMar-Tigger	614	-	65	100480512	86795
chr7	28080184	28280184	harbor1	chr7	28080090	28080913	DNA/TcMar-Tigger	5250	-	412	28080502	318
chr7	28080184	28280184	harbor1	chr7	28146431	28146681	DNA/TcMar-Tigger	533	-	125	28146556	66372
chr7	28080184	28280184	harbor1	chr7	28146770	28146854	DNA/TcMar-Tigger	1130	-	42	28146812	66628
chr7	28080184	28280184	harbor1	chr7	28147146	28147336	DNA/TcMar-Tigger	1130	-	95	28147241	67057
chr7	26995062	27195062	harbor1	chr7	27085112	27085446	DNA/TcMar-Tigger	1839	-	167	27085279	90217
chr7	88119108	88319108	harbor1	chr7	88126597	88126843	DNA/TcMar-Tigger	1257	-	123	88126720	7612
chr7	88119108	88319108	harbor1	chr7	88149593	88150380	DNA/TcMar-Tigger	3771	-	394	88149987	30879
chr7	50615319	50815319	harbor1	chr7	50623771	50623998	DNA/TcMar-Tigger	1308	-	114	50623885	8566
chr7	28080267	28280267	harbor1	chr7	28080090	28080913	DNA/TcMar-Tigger	5250	-	412	28080502	235
chr7	28080267	28280267	harbor1	chr7	28146431	28146681	DNA/TcMar-Tigger	533	-	125	28146556	66289
chr7	28080267	28280267	harbor1	chr7	28146770	28146854	DNA/TcMar-Tigger	1130	-	42	28146812	66545
chr7	28080267	28280267	harbor1	chr7	28147146	28147336	DNA/TcMar-Tigger	1130	-	95	28147241	66974
chr7	123649232	123849232	harbor1	chr7	123658938	123659114	DNA/TcMar-Tigger	916	-	88	123659026	9794
chr7	123649232	123849232	harbor1	chr7	123736534	123736641	DNA/TcMar-Tigger	594	-	54	123736588	87356
chr7	47228345	47428345	harbor1	chr7	47247061	47247234	DNA/TcMar-Tigger	935	-	86	47247147	18802
chr7	47228345	47428345	harbor1	chr7	47271054	47271257	DNA/TcMar-Tigger	867	-	102	47271156	42811
chr7	32628568	32828568	harbor1	chr7	32644823	32645058	DNA/TcMar-Tigger	1385	-	118	32644941	16373
chr7	28080180	28280180	harbor1	chr7	28080090	28080913	DNA/TcMar-Tigger	5250	-	412	28080502	322
chr7	28080180	28280180	harbor1	chr7	28146431	28146681	DNA/TcMar-Tigger	533	-	125	28146556	66376
chr7	28080180	28280180	harbor1	chr7	28146770	28146854	DNA/TcMar-Tigger	1130	-	42	28146812	66632
chr7	28080180	28280180	harbor1	chr7	28147146	28147336	DNA/TcMar-Tigger	1130	-	95	28147241	67061
chr7	73470903	73670903	harbor1	chr7	73497316	73497775	DNA/TcMar-Tigger	2064	-	230	73497546	26643
chr7	73470903	73670903	harbor1	chr7	73513967	73514188	DNA/TcMar-Tigger	1293	-	110	73514077	43174
chr7	26995617	27195617	harbor1	chr7	27085112	27085446	DNA/TcMar-Tigger	1839	-	167	27085279	89662
chr7	1798319	1998319	harbor1	chr7	1892398	1892652	DNA/TcMar-Tigger	985	-	127	1892525	94206
chr7	97770965	97970965	harbor1	chr7	97834239	97834533	DNA/TcMar-Tigger	1178	-	147	97834386	63421
chr7	97770965	97970965	harbor1	chr7	97864828	97865612	DNA/TcMar-Tigger	5024	-	392	97865220	94255
chr7	97770965	97970965	harbor1	chr7	97865601	97866069	DNA/TcMar-Tigger	2722	-	234	97865835	94870
chr7	1801822	2001822	harbor1	chr7	1892398	1892652	DNA/TcMar-Tigger	985	-	127	1892525	90703
chr7	100027600	100227600	harbor1	chr7	100094757	100094926	DNA/TcMar-Tigger	912	-	84	100094841	67241
chr7	100027600	100227600	harbor1	chr7	100095186	100095244	DNA/TcMar-Tigger	912	-	29	100095215	67615
chr7	2562527	2762527	harbor1	chr7	2584959	2585048	DNA/TcMar-Tigger	1785	-	44	2585003	22476
chr7	2562527	2762527	harbor1	chr7	2585338	2585844	DNA/TcMar-Tigger	1785	-	253	2585591	23064
chr7	123649230	123849230	harbor1	chr7	123658938	123659114	DNA/TcMar-Tigger	916	-	88	123659026	9796
chr7	123649230	123849230	harbor1	chr7	123736534	123736641	DNA/TcMar-Tigger	594	-	54	123736588	87358
chr7	123649229	123849229	harbor1	chr7	123658938	123659114	DNA/TcMar-Tigger	916	-	88	123659026	9797
chr7	123649229	123849229	harbor1	chr7	123736534	123736641	DNA/TcMar-Tigger	594	-	54	123736588	87359
chr7	100388340	100588340	harbor1	chr7	100480447	100480577	DNA/TcMar-Tigger	614	-	65	100480512	92172
chr7	123649200	123849200	harbor1	chr7	123658938	123659114	DNA/TcMar-Tigger	916	-	88	123659026	9826
chr7	123649200	123849200	harbor1	chr7	123736534	123736641	DNA/TcMar-Tigger	594	-	54	123736588	87388
chr7	44439822	44639822	harbor1	chr7	44471120	44471442	DNA/TcMar-Tigger	1099	-	161	44471281	31459
chr7	28080203	28280203	harbor1	chr7	28080090	28080913	DNA/TcMar-Tigger	5250	-	412	28080502	299
chr7	28080203	28280203	harbor1	chr7	28146431	28146681	DNA/TcMar-Tigger	533	-	125	28146556	66353
chr7	28080203	28280203	harbor1	chr7	28146770	28146854	DNA/TcMar-Tigger	1130	-	42	28146812	66609
chr7	28080203	28280203	harbor1	chr7	28147146	28147336	DNA/TcMar-Tigger	1130	-	95	28147241	67038
chr7	14798299	14998299	harbor1	chr7	14891124	14891213	DNA/TcMar-Tigger	527	-	44	14891168	92869
chr7	28080247	28280247	harbor1	chr7	28080090	28080913	DNA/TcMar-Tigger	5250	-	412	28080502	255
chr7	28080247	28280247	harbor1	chr7	28146431	28146681	DNA/TcMar-Tigger	533	-	125	28146556	66309
chr7	28080247	28280247	harbor1	chr7	28146770	28146854	DNA/TcMar-Tigger	1130	-	42	28146812	66565
chr7	28080247	28280247	harbor1	chr7	28147146	28147336	DNA/TcMar-Tigger	1130	-	95	28147241	66994
chr7	26995486	27195486	harbor1	chr7	27085112	27085446	DNA/TcMar-Tigger	1839	-	167	27085279	89793
chr7	100475318	100675318	harbor1	chr7	100480447	100480577	DNA/TcMar-Tigger	614	-	65	100480512	5194
chr7	47228395	47428395	harbor1	chr7	47247061	47247234	DNA/TcMar-Tigger	935	-	86	47247147	18752
chr7	47228395	47428395	harbor1	chr7	47271054	47271257	DNA/TcMar-Tigger	867	-	102	47271156	42761
chr7	90496291	90696291	harbor1	chr7	90501202	90501386	DNA/TcMar-Tigger	4364	-	92	90501294	5003
chr7	90496291	90696291	harbor1	chr7	90501675	90502226	DNA/TcMar-Tigger	4364	-	276	90501951	5660
chr7	90496291	90696291	harbor1	chr7	90502311	90503987	DNA/TcMar-Tigger	11321	-	838	90503149	6858
chr7	90496291	90696291	harbor1	chr7	90530747	90530878	DNA/TcMar-Tigger	1038	-	66	90530813	34522
chr7	90496291	90696291	harbor1	chr7	90531174	90531298	DNA/TcMar-Tigger	1038	-	62	90531236	34945
chr7	90496291	90696291	harbor1	chr7	90531628	90531691	DNA/TcMar-Tigger	1038	-	32	90531660	35369
chr7	90496291	90696291	harbor1	chr7	90561398	90561485	DNA/TcMar-Tigger	504	-	44	90561442	65151
chr7	139380111	139580111	harbor1	chr7	139432664	139432913	DNA/TcMar-Tigger	1086	-	124	139432788	52677
chr7	139380111	139580111	harbor1	chr7	139447197	139447370	DNA/TcMar-Tigger	1536	-	86	139447283	67172
chr7	139380111	139580111	harbor1	chr7	139448449	139448542	DNA/TcMar-Tigger	1536	-	46	139448495	68384
chr7	139380111	139580111	harbor1	chr7	139449414	139449687	DNA/TcMar-Tigger	1448	-	136	139449550	69439
chr7	139380111	139580111	harbor1	chr7	139450001	139450031	DNA/TcMar-Tigger	1448	-	15	139450016	69905
chr7	28080222	28280222	harbor1	chr7	28080090	28080913	DNA/TcMar-Tigger	5250	-	412	28080502	280
chr7	28080222	28280222	harbor1	chr7	28146431	28146681	DNA/TcMar-Tigger	533	-	125	28146556	66334
chr7	28080222	28280222	harbor1	chr7	28146770	28146854	DNA/TcMar-Tigger	1130	-	42	28146812	66590
chr7	28080222	28280222	harbor1	chr7	28147146	28147336	DNA/TcMar-Tigger	1130	-	95	28147241	67019
chr7	92963	292963	harbor1	chr7	95307	96214	DNA/TcMar-Tigger	13459	-	454	95761	2798
chr7	92963	292963	harbor1	chr7	96513	97941	DNA/TcMar-Tigger	13459	-	714	97227	4264
chr7	92963	292963	harbor1	chr7	98243	98298	DNA/TcMar-Tigger	13459	-	28	98271	5308
chr7	92963	292963	harbor1	chr7	104835	105522	DNA/TcMar-Tigger	2782	-	344	105179	12216
chr7	92963	292963	harbor1	chr7	130521	130581	DNA/TcMar-Tigger	648	-	30	130551	37588
chr7	92963	292963	harbor1	chr7	130895	131015	DNA/TcMar-Tigger	648	-	60	130955	37992
chr7	155708592	155908592	harbor1	chr7	155731320	155731783	DNA/TcMar-Tigger	2443	-	232	155731552	22960
chr7	155708592	155908592	harbor1	chr7	155745756	155746081	DNA/TcMar-Tigger	1772	-	162	155745918	37326
chr7	100027650	100227650	harbor1	chr7	100094757	100094926	DNA/TcMar-Tigger	912	-	84	100094841	67191
chr7	100027650	100227650	harbor1	chr7	100095186	100095244	DNA/TcMar-Tigger	912	-	29	100095215	67565
chr7	44439887	44639887	harbor1	chr7	44471120	44471442	DNA/TcMar-Tigger	1099	-	161	44471281	31394
chr7	1801827	2001827	harbor1	chr7	1892398	1892652	DNA/TcMar-Tigger	985	-	127	1892525	90698
chr7	47228348	47428348	harbor1	chr7	47247061	47247234	DNA/TcMar-Tigger	935	-	86	47247147	18799
chr7	47228348	47428348	harbor1	chr7	47271054	47271257	DNA/TcMar-Tigger	867	-	102	47271156	42808
chr7	47228354	47428354	harbor1	chr7	47247061	47247234	DNA/TcMar-Tigger	935	-	86	47247147	18793
chr7	47228354	47428354	harbor1	chr7	47271054	47271257	DNA/TcMar-Tigger	867	-	102	47271156	42802
chr7	50615284	50815284	harbor1	chr7	50623771	50623998	DNA/TcMar-Tigger	1308	-	114	50623885	8601
chr7	28080189	28280189	harbor1	chr7	28080090	28080913	DNA/TcMar-Tigger	5250	-	412	28080502	313
chr7	28080189	28280189	harbor1	chr7	28146431	28146681	DNA/TcMar-Tigger	533	-	125	28146556	66367
chr7	28080189	28280189	harbor1	chr7	28146770	28146854	DNA/TcMar-Tigger	1130	-	42	28146812	66623
chr7	28080189	28280189	harbor1	chr7	28147146	28147336	DNA/TcMar-Tigger	1130	-	95	28147241	67052
chr7	26995599	27195599	harbor1	chr7	27085112	27085446	DNA/TcMar-Tigger	1839	-	167	27085279	89680
chr7	1801933	2001933	harbor1	chr7	1892398	1892652	DNA/TcMar-Tigger	985	-	127	1892525	90592
chr7	6060378	6260378	harbor1	chr7	6150889	6151428	DNA/TcMar-Tigger	2963	-	270	6151159	90781
chr7	6060378	6260378	harbor1	chr7	6151743	6151970	DNA/TcMar-Tigger	936	-	114	6151857	91479
chr7	123576545	123776545	harbor1	chr7	123658938	123659114	DNA/TcMar-Tigger	916	-	88	123659026	82481
chr7	102333429	102533429	harbor1	chr7	102398676	102398847	DNA/TcMar-Tigger	807	-	86	102398762	65333
chr7	155282486	155482486	harbor1	chr7	155293392	155293714	DNA/TcMar-Tigger	1521	-	161	155293553	11067
chr7	155282486	155482486	harbor1	chr7	155310375	155310600	DNA/TcMar-Tigger	1199	-	112	155310487	28001
chr7	155282486	155482486	harbor1	chr7	155323768	155323901	DNA/TcMar-Tigger	819	-	66	155323834	41348
chr7	31971286	32171286	harbor1	chr7	32049867	32050108	DNA/TcMar-Tigger	1438	-	120	32049987	78701
chr7	31971286	32171286	harbor1	chr7	32050107	32050194	DNA/TcMar-Tigger	548	-	44	32050151	78865
chr7	44696529	44896529	harbor1	chr7	44774265	44774400	DNA/TcMar-Tigger	967	-	68	44774333	77804
chr7	44696529	44896529	harbor1	chr7	44774690	44774715	DNA/TcMar-Tigger	967	-	12	44774702	78173
chr7	44696529	44896529	harbor1	chr7	44775028	44775207	DNA/TcMar-Tigger	967	-	90	44775118	78589
chr7	44696529	44896529	harbor1	chr7	44787680	44787766	DNA/TcMar-Tigger	486	-	43	44787723	91194
chr7	44439928	44639928	harbor1	chr7	44471120	44471442	DNA/TcMar-Tigger	1099	-	161	44471281	31353
chr7	20551436	20751436	harbor1	chr7	20640196	20640812	DNA/TcMar-Tigger	3182	-	308	20640504	89068
chr7	90142065	90342065	harbor1	chr7	90157825	90158745	DNA/TcMar-Tigger	5506	-	460	90158285	16220
chr7	90142065	90342065	harbor1	chr7	90158744	90158842	DNA/TcMar-Tigger	581	-	49	90158793	16728
chr7	90142065	90342065	harbor1	chr7	90231414	90231717	DNA/TcMar-Tigger	1800	-	152	90231566	89501
chr7	155304444	155504444	harbor1	chr7	155310375	155310600	DNA/TcMar-Tigger	1199	-	112	155310487	6043
chr7	155304444	155504444	harbor1	chr7	155323768	155323901	DNA/TcMar-Tigger	819	-	66	155323834	19390
chr7	37817008	38017008	harbor1	chr7	37854014	37856166	DNA/TcMar-Tigger	13893	-	1076	37855090	38082
chr7	21261819	21461819	harbor1	chr7	21313383	21313477	DNA/TcMar-Tigger	469	-	47	21313430	51611
chr7	90496236	90696236	harbor1	chr7	90501202	90501386	DNA/TcMar-Tigger	4364	-	92	90501294	5058
chr7	90496236	90696236	harbor1	chr7	90501675	90502226	DNA/TcMar-Tigger	4364	-	276	90501951	5715
chr7	90496236	90696236	harbor1	chr7	90502311	90503987	DNA/TcMar-Tigger	11321	-	838	90503149	6913
chr7	90496236	90696236	harbor1	chr7	90530747	90530878	DNA/TcMar-Tigger	1038	-	66	90530813	34577
chr7	90496236	90696236	harbor1	chr7	90531174	90531298	DNA/TcMar-Tigger	1038	-	62	90531236	35000
chr7	90496236	90696236	harbor1	chr7	90531628	90531691	DNA/TcMar-Tigger	1038	-	32	90531660	35424
chr7	90496236	90696236	harbor1	chr7	90561398	90561485	DNA/TcMar-Tigger	504	-	44	90561442	65206
chr7	150858477	151058477	harbor1	chr7	150859187	150859421	DNA/TcMar-Tigger	2310	-	117	150859304	827
chr7	150858477	151058477	harbor1	chr7	150859722	150859871	DNA/TcMar-Tigger	2310	-	74	150859796	1319
chr7	90496254	90696254	harbor1	chr7	90501202	90501386	DNA/TcMar-Tigger	4364	-	92	90501294	5040
chr7	90496254	90696254	harbor1	chr7	90501675	90502226	DNA/TcMar-Tigger	4364	-	276	90501951	5697
chr7	90496254	90696254	harbor1	chr7	90502311	90503987	DNA/TcMar-Tigger	11321	-	838	90503149	6895
chr7	90496254	90696254	harbor1	chr7	90530747	90530878	DNA/TcMar-Tigger	1038	-	66	90530813	34559
chr7	90496254	90696254	harbor1	chr7	90531174	90531298	DNA/TcMar-Tigger	1038	-	62	90531236	34982
chr7	90496254	90696254	harbor1	chr7	90531628	90531691	DNA/TcMar-Tigger	1038	-	32	90531660	35406
chr7	90496254	90696254	harbor1	chr7	90561398	90561485	DNA/TcMar-Tigger	504	-	44	90561442	65188
chr7	47228189	47428189	harbor1	chr7	47247061	47247234	DNA/TcMar-Tigger	935	-	86	47247147	18958
chr7	47228189	47428189	harbor1	chr7	47271054	47271257	DNA/TcMar-Tigger	867	-	102	47271156	42967
chr7	100393788	100593788	harbor1	chr7	100480447	100480577	DNA/TcMar-Tigger	614	-	65	100480512	86724
chr7	123639349	123839349	harbor1	chr7	123658938	123659114	DNA/TcMar-Tigger	916	-	88	123659026	19677
chr7	123639349	123839349	harbor1	chr7	123736534	123736641	DNA/TcMar-Tigger	594	-	54	123736588	97239
chr7	26994913	27194913	harbor1	chr7	27085112	27085446	DNA/TcMar-Tigger	1839	-	167	27085279	90366
chr7	28080187	28280187	harbor1	chr7	28080090	28080913	DNA/TcMar-Tigger	5250	-	412	28080502	315
chr7	28080187	28280187	harbor1	chr7	28146431	28146681	DNA/TcMar-Tigger	533	-	125	28146556	66369
chr7	28080187	28280187	harbor1	chr7	28146770	28146854	DNA/TcMar-Tigger	1130	-	42	28146812	66625
chr7	28080187	28280187	harbor1	chr7	28147146	28147336	DNA/TcMar-Tigger	1130	-	95	28147241	67054
chr7	1312770	1512770	harbor1	chr7	1362030	1362198	DNA/TcMar-Tigger	567	-	84	1362114	49344
chr7	44439932	44639932	harbor1	chr7	44471120	44471442	DNA/TcMar-Tigger	1099	-	161	44471281	31349
chr7	25465106	25665106	harbor1	chr7	25527176	25527477	DNA/TcMar-Tigger	709	-	150	25527326	62220
chr7	93685527	93885527	harbor1	chr7	93759073	93759596	DNA/TcMar-Tigger	2557	-	262	93759335	73808
chr7	152754707	152954707	harbor1	chr7	152835336	152835549	DNA/TcMar-Tigger	1147	-	106	152835442	80735
chr7	152754707	152954707	harbor1	chr7	152835532	152835666	DNA/TcMar-Tigger	602	-	67	152835599	80892
chr7	152754707	152954707	harbor1	chr7	152842104	152842302	DNA/TcMar-Tigger	1097	-	99	152842203	87496
chr7	152754707	152954707	harbor1	chr7	152842303	152842547	DNA/TcMar-Tigger	1300	-	122	152842425	87718
chr7	152754707	152954707	harbor1	chr7	152851021	152851566	DNA/TcMar-Tigger	2486	-	272	152851293	96586
chr8	38169250	38369250	harbor1	chr8	38197186	38197691	DNA/TcMar-Tigger	6505	-	252	38197438	28188
chr8	38169250	38369250	harbor1	chr8	38198004	38198102	DNA/TcMar-Tigger	6505	-	49	38198053	28803
chr8	38169250	38369250	harbor1	chr8	38198401	38198476	DNA/TcMar-Tigger	6505	-	38	38198439	29189
chr8	38169250	38369250	harbor1	chr8	38198786	38199328	DNA/TcMar-Tigger	6505	-	271	38199057	29807
chr8	124271348	124471348	harbor1	chr8	124351224	124352303	DNA/TcMar-Tigger	5324	-	540	124351764	80416
chr8	142524992	142724992	harbor1	chr8	142557866	142559182	DNA/TcMar-Tigger	5722	-	658	142558524	33532
chr8	17983945	18183945	harbor1	chr8	18032760	18032942	DNA/TcMar-Tigger	771	-	91	18032851	48906
chr8	22449326	22649326	harbor1	chr8	22453352	22453426	DNA/TcMar-Tigger	5169	-	37	22453389	4063
chr8	22449326	22649326	harbor1	chr8	22453427	22453644	DNA/TcMar-Tigger	1015	-	108	22453535	4209
chr8	22449326	22649326	harbor1	chr8	22453645	22454749	DNA/TcMar-Tigger	5169	-	552	22454197	4871
chr8	22449326	22649326	harbor1	chr8	22471377	22471844	DNA/TcMar-Tigger	6088	-	234	22471611	22285
chr8	22449326	22649326	harbor1	chr8	22472138	22472363	DNA/TcMar-Tigger	6088	-	112	22472250	22924
chr8	22449326	22649326	harbor1	chr8	22472408	22472892	DNA/TcMar-Tigger	6088	-	242	22472650	23324
chr8	22449326	22649326	harbor1	chr8	22491988	22492501	DNA/TcMar-Tigger	3171	-	256	22492244	42918
chr8	22449326	22649326	harbor1	chr8	22493392	22494103	DNA/TcMar-Tigger	3390	-	356	22493748	44422
chr8	38169200	38369200	harbor1	chr8	38197186	38197691	DNA/TcMar-Tigger	6505	-	252	38197438	28238
chr8	38169200	38369200	harbor1	chr8	38198004	38198102	DNA/TcMar-Tigger	6505	-	49	38198053	28853
chr8	38169200	38369200	harbor1	chr8	38198401	38198476	DNA/TcMar-Tigger	6505	-	38	38198439	29239
chr8	38169200	38369200	harbor1	chr8	38198786	38199328	DNA/TcMar-Tigger	6505	-	271	38199057	29857
chr8	21958007	22158007	harbor1	chr8	21958210	21958676	DNA/TcMar-Tigger	2912	-	233	21958443	436
chr8	21958007	22158007	harbor1	chr8	21958979	21959171	DNA/TcMar-Tigger	2912	-	96	21959075	1068
chr8	23043892	23243892	harbor1	chr8	23043782	23043951	DNA/TcMar-Tigger	929	-	84	23043866	26
chr8	23043892	23243892	harbor1	chr8	23043952	23044023	DNA/TcMar-Tigger	414	-	36	23043988	96
chr8	38168882	38368882	harbor1	chr8	38197186	38197691	DNA/TcMar-Tigger	6505	-	252	38197438	28556
chr8	38168882	38368882	harbor1	chr8	38198004	38198102	DNA/TcMar-Tigger	6505	-	49	38198053	29171
chr8	38168882	38368882	harbor1	chr8	38198401	38198476	DNA/TcMar-Tigger	6505	-	38	38198439	29557
chr8	38168882	38368882	harbor1	chr8	38198786	38199328	DNA/TcMar-Tigger	6505	-	271	38199057	30175
chr8	109366219	109566219	harbor1	chr8	109394817	109395202	DNA/TcMar-Tigger	1822	-	192	109395009	28790
chr8	109366219	109566219	harbor1	chr8	109450488	109450802	DNA/TcMar-Tigger	547	-	157	109450645	84426
chr8	38168620	38368620	harbor1	chr8	38197186	38197691	DNA/TcMar-Tigger	6505	-	252	38197438	28818
chr8	38168620	38368620	harbor1	chr8	38198004	38198102	DNA/TcMar-Tigger	6505	-	49	38198053	29433
chr8	38168620	38368620	harbor1	chr8	38198401	38198476	DNA/TcMar-Tigger	6505	-	38	38198439	29819
chr8	38168620	38368620	harbor1	chr8	38198786	38199328	DNA/TcMar-Tigger	6505	-	271	38199057	30437
chr8	27225680	27425680	harbor1	chr8	27317944	27318318	DNA/TcMar-Tigger	583	-	187	27318131	92451
chr8	27225680	27425680	harbor1	chr8	27295424	27295761	DNA/TcMar-Tigger	2289	-	168	27295592	69912
chr8	21958005	22158005	harbor1	chr8	21958210	21958676	DNA/TcMar-Tigger	2912	-	233	21958443	438
chr8	21958005	22158005	harbor1	chr8	21958979	21959171	DNA/TcMar-Tigger	2912	-	96	21959075	1070
chr8	38169251	38369251	harbor1	chr8	38197186	38197691	DNA/TcMar-Tigger	6505	-	252	38197438	28187
chr8	38169251	38369251	harbor1	chr8	38198004	38198102	DNA/TcMar-Tigger	6505	-	49	38198053	28802
chr8	38169251	38369251	harbor1	chr8	38198401	38198476	DNA/TcMar-Tigger	6505	-	38	38198439	29188
chr8	38169251	38369251	harbor1	chr8	38198786	38199328	DNA/TcMar-Tigger	6505	-	271	38199057	29806
chr8	2481328	2681328	harbor1	chr8	2542156	2542532	DNA/TcMar-Tigger	12407	-	188	2542344	61016
chr8	2481328	2681328	harbor1	chr8	2542964	2545077	DNA/TcMar-Tigger	12407	-	1056	2544020	62692
chr8	9051756	9251756	harbor1	chr8	9110494	9110553	DNA/TcMar-Tigger	5487	-	30	9110524	58768
chr8	9051756	9251756	harbor1	chr8	9110857	9111011	DNA/TcMar-Tigger	5487	-	77	9110934	59178
chr8	9051756	9251756	harbor1	chr8	9111320	9111940	DNA/TcMar-Tigger	5487	-	310	9111630	59874
chr8	9051756	9251756	harbor1	chr8	9112104	9113471	DNA/TcMar-Tigger	8382	-	684	9112788	61032
chr8	94973525	95173525	harbor1	chr8	94986181	94986827	DNA/TcMar-Tigger	1915	-	323	94986504	12979
chr8	53999312	54199312	harbor1	chr8	54097706	54097940	DNA/TcMar-Tigger	2710	-	117	54097823	98511
chr8	53999312	54199312	harbor1	chr8	54098239	54098396	DNA/TcMar-Tigger	2710	-	78	54098317	99005
chr8	53999312	54199312	harbor1	chr8	54098709	54098832	DNA/TcMar-Tigger	2710	-	62	54098771	99459
chr8	38167799	38367799	harbor1	chr8	38197186	38197691	DNA/TcMar-Tigger	6505	-	252	38197438	29639
chr8	38167799	38367799	harbor1	chr8	38198004	38198102	DNA/TcMar-Tigger	6505	-	49	38198053	30254
chr8	38167799	38367799	harbor1	chr8	38198401	38198476	DNA/TcMar-Tigger	6505	-	38	38198439	30640
chr8	38167799	38367799	harbor1	chr8	38198786	38199328	DNA/TcMar-Tigger	6505	-	271	38199057	31258
chr8	26477624	26677624	harbor1	chr8	26540990	26541084	DNA/TcMar-Tigger	527	-	47	26541037	63413
chr8	8286401	8486401	harbor1	chr8	8299732	8301988	DNA/TcMar-Tigger	14044	-	1128	8300860	14459
chr8	8286401	8486401	harbor1	chr8	8302447	8302648	DNA/TcMar-Tigger	1255	-	100	8302547	16146
chr8	8286401	8486401	harbor1	chr8	8321801	8322169	DNA/TcMar-Tigger	2052	-	184	8321985	35584
chr8	8286401	8486401	harbor1	chr8	8322425	8322459	DNA/TcMar-Tigger	2052	-	17	8322442	36041
chr8	8286401	8486401	harbor1	chr8	8323805	8323960	DNA/TcMar-Tigger	742	-	78	8323883	37482
chr8	8286401	8486401	harbor1	chr8	8323035	8323170	DNA/TcMar-Tigger	697	-	68	8323103	36702
chr8	38168860	38368860	harbor1	chr8	38197186	38197691	DNA/TcMar-Tigger	6505	-	252	38197438	28578
chr8	38168860	38368860	harbor1	chr8	38198004	38198102	DNA/TcMar-Tigger	6505	-	49	38198053	29193
chr8	38168860	38368860	harbor1	chr8	38198401	38198476	DNA/TcMar-Tigger	6505	-	38	38198439	29579
chr8	38168860	38368860	harbor1	chr8	38198786	38199328	DNA/TcMar-Tigger	6505	-	271	38199057	30197
chr8	54001253	54201253	harbor1	chr8	54097706	54097940	DNA/TcMar-Tigger	2710	-	117	54097823	96570
chr8	54001253	54201253	harbor1	chr8	54098239	54098396	DNA/TcMar-Tigger	2710	-	78	54098317	97064
chr8	54001253	54201253	harbor1	chr8	54098709	54098832	DNA/TcMar-Tigger	2710	-	62	54098771	97518
chr8	8790734	8990734	harbor1	chr8	8799099	8799419	DNA/TcMar-Tigger	1607	-	160	8799259	8525
chr8	8790734	8990734	harbor1	chr8	8805229	8805652	DNA/TcMar-Tigger	2324	-	212	8805441	14707
chr8	8790734	8990734	harbor1	chr8	8858625	8858814	DNA/TcMar-Tigger	595	-	94	8858719	67985
chr8	27519509	27719509	harbor1	chr8	27579030	27579231	DNA/TcMar-Tigger	1003	-	100	27579130	59621
chr8	25084956	25284956	harbor1	chr8	25087123	25087298	DNA/TcMar-Tigger	539	-	88	25087211	2255
chr8	20295312	20495312	harbor1	chr8	20362197	20362480	DNA/TcMar-Tigger	1392	-	142	20362339	67027
chr8	38162265	38362265	harbor1	chr8	38197186	38197691	DNA/TcMar-Tigger	6505	-	252	38197438	35173
chr8	38162265	38362265	harbor1	chr8	38198004	38198102	DNA/TcMar-Tigger	6505	-	49	38198053	35788
chr8	38162265	38362265	harbor1	chr8	38198401	38198476	DNA/TcMar-Tigger	6505	-	38	38198439	36174
chr8	38162265	38362265	harbor1	chr8	38198786	38199328	DNA/TcMar-Tigger	6505	-	271	38199057	36792
chr8	38169230	38369230	harbor1	chr8	38197186	38197691	DNA/TcMar-Tigger	6505	-	252	38197438	28208
chr8	38169230	38369230	harbor1	chr8	38198004	38198102	DNA/TcMar-Tigger	6505	-	49	38198053	28823
chr8	38169230	38369230	harbor1	chr8	38198401	38198476	DNA/TcMar-Tigger	6505	-	38	38198439	29209
chr8	38169230	38369230	harbor1	chr8	38198786	38199328	DNA/TcMar-Tigger	6505	-	271	38199057	29827
chr8	8793032	8993032	harbor1	chr8	8799099	8799419	DNA/TcMar-Tigger	1607	-	160	8799259	6227
chr8	8793032	8993032	harbor1	chr8	8805229	8805652	DNA/TcMar-Tigger	2324	-	212	8805441	12409
chr8	8793032	8993032	harbor1	chr8	8858625	8858814	DNA/TcMar-Tigger	595	-	94	8858719	65687
chr8	142524934	142724934	harbor1	chr8	142557866	142559182	DNA/TcMar-Tigger	5722	-	658	142558524	33590
chr8	142524957	142724957	harbor1	chr8	142557866	142559182	DNA/TcMar-Tigger	5722	-	658	142558524	33567
chr8	26283759	26483759	harbor1	chr8	26307949	26308875	DNA/TcMar-Tigger	7572	-	463	26308412	24653
chr8	26283759	26483759	harbor1	chr8	26309161	26309664	DNA/TcMar-Tigger	7572	-	252	26309413	25654
chr8	26283759	26483759	harbor1	chr8	26309672	26309996	DNA/TcMar-Tigger	1640	-	162	26309834	26075
chr8	26283759	26483759	harbor1	chr8	26344830	26345171	DNA/TcMar-Tigger	2061	-	170	26345000	61241
chr8	38169172	38369172	harbor1	chr8	38197186	38197691	DNA/TcMar-Tigger	6505	-	252	38197438	28266
chr8	38169172	38369172	harbor1	chr8	38198004	38198102	DNA/TcMar-Tigger	6505	-	49	38198053	28881
chr8	38169172	38369172	harbor1	chr8	38198401	38198476	DNA/TcMar-Tigger	6505	-	38	38198439	29267
chr8	38169172	38369172	harbor1	chr8	38198786	38199328	DNA/TcMar-Tigger	6505	-	271	38199057	29885
chr8	144174289	144374289	harbor1	chr8	144228762	144229361	DNA/TcMar-Tigger	4969	-	300	144229062	54773
chr8	144174289	144374289	harbor1	chr8	144230060	144230506	DNA/TcMar-Tigger	2560	-	223	144230283	55994
chr8	144174289	144374289	harbor1	chr8	144231399	144231866	DNA/TcMar-Tigger	2251	-	234	144231633	57344
chr8	144174289	144374289	harbor1	chr8	144228241	144228468	DNA/TcMar-Tigger	4969	-	114	144228355	54066
chr8	38169199	38369199	harbor1	chr8	38197186	38197691	DNA/TcMar-Tigger	6505	-	252	38197438	28239
chr8	38169199	38369199	harbor1	chr8	38198004	38198102	DNA/TcMar-Tigger	6505	-	49	38198053	28854
chr8	38169199	38369199	harbor1	chr8	38198401	38198476	DNA/TcMar-Tigger	6505	-	38	38198439	29240
chr8	38169199	38369199	harbor1	chr8	38198786	38199328	DNA/TcMar-Tigger	6505	-	271	38199057	29858
chr8	58558195	58758195	harbor1	chr8	58567606	58568778	DNA/TcMar-Tigger	6572	-	586	58568192	9997
chr8	58558195	58758195	harbor1	chr8	58613747	58613975	DNA/TcMar-Tigger	1117	-	114	58613861	55666
chr8	11745829	11945829	harbor1	chr8	11782435	11782727	DNA/TcMar-Tigger	1726	-	146	11782581	36752
chr8	11745829	11945829	harbor1	chr8	11812884	11813222	DNA/TcMar-Tigger	1785	-	169	11813053	67224
chr8	142524984	142724984	harbor1	chr8	142557866	142559182	DNA/TcMar-Tigger	5722	-	658	142558524	33540
chr8	142524942	142724942	harbor1	chr8	142557866	142559182	DNA/TcMar-Tigger	5722	-	658	142558524	33582
chr8	10959439	11159439	harbor1	chr8	11005039	11005354	DNA/TcMar-Tigger	1101	-	158	11005197	45758
chr8	10959439	11159439	harbor1	chr8	11023882	11024204	DNA/TcMar-Tigger	775	-	161	11024043	64604
chr8	10959439	11159439	harbor1	chr8	11024254	11024321	DNA/TcMar-Tigger	775	-	34	11024288	64849
chr8	10959439	11159439	harbor1	chr8	11026032	11026185	DNA/TcMar-Tigger	857	-	76	11026108	66669
chr8	10959439	11159439	harbor1	chr8	11027056	11027309	DNA/TcMar-Tigger	1644	-	126	11027182	67743
chr8	10959439	11159439	harbor1	chr8	11042180	11042282	DNA/TcMar-Tigger	1207	-	51	11042231	82792
chr8	10959439	11159439	harbor1	chr8	11042647	11042790	DNA/TcMar-Tigger	1207	-	72	11042719	83280
chr8	38167906	38367906	harbor1	chr8	38197186	38197691	DNA/TcMar-Tigger	6505	-	252	38197438	29532
chr8	38167906	38367906	harbor1	chr8	38198004	38198102	DNA/TcMar-Tigger	6505	-	49	38198053	30147
chr8	38167906	38367906	harbor1	chr8	38198401	38198476	DNA/TcMar-Tigger	6505	-	38	38198439	30533
chr8	38167906	38367906	harbor1	chr8	38198786	38199328	DNA/TcMar-Tigger	6505	-	271	38199057	31151
chr8	38167394	38367394	harbor1	chr8	38197186	38197691	DNA/TcMar-Tigger	6505	-	252	38197438	30044
chr8	38167394	38367394	harbor1	chr8	38198004	38198102	DNA/TcMar-Tigger	6505	-	49	38198053	30659
chr8	38167394	38367394	harbor1	chr8	38198401	38198476	DNA/TcMar-Tigger	6505	-	38	38198439	31045
chr8	38167394	38367394	harbor1	chr8	38198786	38199328	DNA/TcMar-Tigger	6505	-	271	38199057	31663
chr8	41615259	41815259	harbor1	chr8	41658571	41658610	DNA/TcMar-Tigger	3105	-	20	41658591	43332
chr8	41615259	41815259	harbor1	chr8	41658937	41659521	DNA/TcMar-Tigger	3105	-	292	41659229	43970
chr8	89884330	90084330	harbor1	chr8	89922715	89923328	DNA/TcMar-Tigger	3294	-	306	89923021	38691
chr8	89884330	90084330	harbor1	chr8	89950198	89950530	DNA/TcMar-Tigger	1807	-	166	89950364	66034
chr8	104489421	104689421	harbor1	chr8	104519409	104519618	DNA/TcMar-Tigger	1242	-	104	104519513	30092
chr8	104489421	104689421	harbor1	chr8	104521085	104521316	DNA/TcMar-Tigger	1300	-	116	104521201	31780
chr8	104489421	104689421	harbor1	chr8	104542567	104542961	DNA/TcMar-Tigger	2218	-	197	104542764	53343
chr8	23583116	23783116	harbor1	chr8	23584887	23585519	DNA/TcMar-Tigger	15747	-	316	23585203	2087
chr8	23583116	23783116	harbor1	chr8	23585828	23587613	DNA/TcMar-Tigger	15747	-	892	23586720	3604
chr8	23583116	23783116	harbor1	chr8	23611250	23611852	DNA/TcMar-Tigger	1813	-	301	23611551	28435
chr9	4483026	4683026	harbor1	chr9	4564782	4565340	DNA/TcMar-Tigger	934	-	279	4565061	82035
chr9	4483026	4683026	harbor1	chr9	4565712	4565860	DNA/TcMar-Tigger	811	-	74	4565786	82760
chr9	4483026	4683026	harbor1	chr9	4569183	4569524	DNA/TcMar-Tigger	978	-	170	4569353	86327
chr9	4692784	4892784	harbor1	chr9	4725912	4728263	DNA/TcMar-Tigger	16290	-	1176	4727088	34304
chr9	4669274	4869274	harbor1	chr9	4725912	4728263	DNA/TcMar-Tigger	16290	-	1176	4727088	57814
chr9	4692259	4892259	harbor1	chr9	4725912	4728263	DNA/TcMar-Tigger	16290	-	1176	4727088	34829
chr9	4641119	4841119	harbor1	chr9	4641262	4641359	DNA/TcMar-Tigger	538	-	48	4641310	191
chr9	4641119	4841119	harbor1	chr9	4641417	4641672	DNA/TcMar-Tigger	1297	-	128	4641545	426
chr9	4641119	4841119	harbor1	chr9	4725912	4728263	DNA/TcMar-Tigger	16290	-	1176	4727088	85969
chr9	4580286	4780286	harbor1	chr9	4598916	4599294	DNA/TcMar-Tigger	2078	-	189	4599105	18819
chr9	4580286	4780286	harbor1	chr9	4641262	4641359	DNA/TcMar-Tigger	538	-	48	4641310	61024
chr9	4580286	4780286	harbor1	chr9	4641417	4641672	DNA/TcMar-Tigger	1297	-	128	4641545	61259
chr9	112387325	112587325	harbor1	chr9	112408472	112408809	DNA/TcMar-Tigger	1805	-	168	112408640	21315
chr9	4692922	4892922	harbor1	chr9	4725912	4728263	DNA/TcMar-Tigger	16290	-	1176	4727088	34166
chr9	79473193	79673193	harbor1	chr9	79485181	79485541	DNA/TcMar-Tigger	682	-	180	79485361	12168
chr9	4694655	4894655	harbor1	chr9	4725912	4728263	DNA/TcMar-Tigger	16290	-	1176	4727088	32433
chr9	4726841	4926841	harbor1	chr9	4725912	4728263	DNA/TcMar-Tigger	16290	-	1176	4727088	247
chr9	112387187	112587187	harbor1	chr9	112408472	112408809	DNA/TcMar-Tigger	1805	-	168	112408640	21453
chr9	4681965	4881965	harbor1	chr9	4725912	4728263	DNA/TcMar-Tigger	16290	-	1176	4727088	45123
chr9	4692767	4892767	harbor1	chr9	4725912	4728263	DNA/TcMar-Tigger	16290	-	1176	4727088	34321
chr9	4697988	4897988	harbor1	chr9	4725912	4728263	DNA/TcMar-Tigger	16290	-	1176	4727088	29100
chr9	4642306	4842306	harbor1	chr9	4725912	4728263	DNA/TcMar-Tigger	16290	-	1176	4727088	84782
chr9	4692228	4892228	harbor1	chr9	4725912	4728263	DNA/TcMar-Tigger	16290	-	1176	4727088	34860
chr9	4663605	4863605	harbor1	chr9	4725912	4728263	DNA/TcMar-Tigger	16290	-	1176	4727088	63483
chr9	4692785	4892785	harbor1	chr9	4725912	4728263	DNA/TcMar-Tigger	16290	-	1176	4727088	34303
chr9	3260153	3460153	harbor1	chr9	3259535	3260259	DNA/TcMar-Tigger	1027	-	362	3259897	256
chr9	3260153	3460153	harbor1	chr9	3332168	3332504	DNA/TcMar-Tigger	1788	-	168	3332336	72183
chr9	3260153	3460153	harbor1	chr9	3344262	3344480	DNA/TcMar-Tigger	1263	-	109	3344371	84218
chr9	4692247	4892247	harbor1	chr9	4725912	4728263	DNA/TcMar-Tigger	16290	-	1176	4727088	34841
chr9	4692230	4892230	harbor1	chr9	4725912	4728263	DNA/TcMar-Tigger	16290	-	1176	4727088	34858
chr9	4650540	4850540	harbor1	chr9	4725912	4728263	DNA/TcMar-Tigger	16290	-	1176	4727088	76548
chr9	4692833	4892833	harbor1	chr9	4725912	4728263	DNA/TcMar-Tigger	16290	-	1176	4727088	34255
chr9	4663129	4863129	harbor1	chr9	4725912	4728263	DNA/TcMar-Tigger	16290	-	1176	4727088	63959
chr9	4692827	4892827	harbor1	chr9	4725912	4728263	DNA/TcMar-Tigger	16290	-	1176	4727088	34261
chr9	111384785	111584785	harbor1	chr9	111427503	111427854	DNA/TcMar-Tigger	2072	-	176	111427679	42894
chr9	4692787	4892787	harbor1	chr9	4725912	4728263	DNA/TcMar-Tigger	16290	-	1176	4727088	34301
chr9	112387209	112587209	harbor1	chr9	112408472	112408809	DNA/TcMar-Tigger	1805	-	168	112408640	21431
chr9	4692828	4892828	harbor1	chr9	4725912	4728263	DNA/TcMar-Tigger	16290	-	1176	4727088	34260
chr9	4692847	4892847	harbor1	chr9	4725912	4728263	DNA/TcMar-Tigger	16290	-	1176	4727088	34241
chr9	112387193	112587193	harbor1	chr9	112408472	112408809	DNA/TcMar-Tigger	1805	-	168	112408640	21447
chr9	3122465	3322465	harbor1	chr9	3201621	3201930	DNA/TcMar-Tigger	1392	-	154	3201775	79310
chr9	3361464	3561464	harbor1	chr9	3419634	3419926	DNA/TcMar-Tigger	511	-	146	3419780	58316
chr9	3361464	3561464	harbor1	chr9	3432942	3433209	DNA/TcMar-Tigger	1116	-	134	3433076	71612
chr9	3361464	3561464	harbor1	chr9	3434771	3435482	DNA/TcMar-Tigger	4211	-	356	3435127	73663
chr9	3361464	3561464	harbor1	chr9	3435474	3435581	DNA/TcMar-Tigger	652	-	54	3435528	74064
chr9	68242672	68442672	harbor1	chr9	68249213	68249440	DNA/TcMar-Tigger	1472	-	114	68249327	6655
chr9	68242672	68442672	harbor1	chr9	68250828	68250942	DNA/TcMar-Tigger	691	-	57	68250885	8213
chr9	68242672	68442672	harbor1	chr9	68251104	68252409	DNA/TcMar-Tigger	12942	-	652	68251756	9084
chr9	68242672	68442672	harbor1	chr9	68252720	68253278	DNA/TcMar-Tigger	12942	-	279	68252999	10327
chr9	4692837	4892837	harbor1	chr9	4725912	4728263	DNA/TcMar-Tigger	16290	-	1176	4727088	34251
chr9	112387231	112587231	harbor1	chr9	112408472	112408809	DNA/TcMar-Tigger	1805	-	168	112408640	21409
chr9	4669616	4869616	harbor1	chr9	4725912	4728263	DNA/TcMar-Tigger	16290	-	1176	4727088	57472
chr9	4692923	4892923	harbor1	chr9	4725912	4728263	DNA/TcMar-Tigger	16290	-	1176	4727088	34165
chr9	135991300	136191300	harbor1	chr9	136067427	136067555	DNA/TcMar-Tigger	2344	-	64	136067491	76191
chr9	135991300	136191300	harbor1	chr9	136067851	136068215	DNA/TcMar-Tigger	2344	-	182	136068033	76733
chr9	135991300	136191300	harbor1	chr9	136068519	136068639	DNA/TcMar-Tigger	2344	-	60	136068579	77279
chr9	4692123	4892123	harbor1	chr9	4725912	4728263	DNA/TcMar-Tigger	16290	-	1176	4727088	34965
chr9	4692181	4892181	harbor1	chr9	4725912	4728263	DNA/TcMar-Tigger	16290	-	1176	4727088	34907
chr9	4692953	4892953	harbor1	chr9	4725912	4728263	DNA/TcMar-Tigger	16290	-	1176	4727088	34135
chr9	112387246	112587246	harbor1	chr9	112408472	112408809	DNA/TcMar-Tigger	1805	-	168	112408640	21394
chr9	4692921	4892921	harbor1	chr9	4725912	4728263	DNA/TcMar-Tigger	16290	-	1176	4727088	34167
chr9	131570740	131770740	harbor1	chr9	131651738	131653082	DNA/TcMar-Tigger	5231	-	672	131652410	81670
chr9	131570740	131770740	harbor1	chr9	131653101	131653405	DNA/TcMar-Tigger	1158	-	152	131653253	82513
chr9	112387188	112587188	harbor1	chr9	112408472	112408809	DNA/TcMar-Tigger	1805	-	168	112408640	21452
chr9	4692437	4892437	harbor1	chr9	4725912	4728263	DNA/TcMar-Tigger	16290	-	1176	4727088	34651
chr9	112387261	112587261	harbor1	chr9	112408472	112408809	DNA/TcMar-Tigger	1805	-	168	112408640	21379
chr9	79473185	79673185	harbor1	chr9	79485181	79485541	DNA/TcMar-Tigger	682	-	180	79485361	12176
chr9	4669276	4869276	harbor1	chr9	4725912	4728263	DNA/TcMar-Tigger	16290	-	1176	4727088	57812
chr9	4663207	4863207	harbor1	chr9	4725912	4728263	DNA/TcMar-Tigger	16290	-	1176	4727088	63881
chr9	4692939	4892939	harbor1	chr9	4725912	4728263	DNA/TcMar-Tigger	16290	-	1176	4727088	34149
chr9	136049734	136249734	harbor1	chr9	136067427	136067555	DNA/TcMar-Tigger	2344	-	64	136067491	17757
chr9	136049734	136249734	harbor1	chr9	136067851	136068215	DNA/TcMar-Tigger	2344	-	182	136068033	18299
chr9	136049734	136249734	harbor1	chr9	136068519	136068639	DNA/TcMar-Tigger	2344	-	60	136068579	18845
chr9	4694199	4894199	harbor1	chr9	4725912	4728263	DNA/TcMar-Tigger	16290	-	1176	4727088	32889
chr9	112387224	112587224	harbor1	chr9	112408472	112408809	DNA/TcMar-Tigger	1805	-	168	112408640	21416
chr9	4692195	4892195	harbor1	chr9	4725912	4728263	DNA/TcMar-Tigger	16290	-	1176	4727088	34893
chr9	4673229	4873229	harbor1	chr9	4725912	4728263	DNA/TcMar-Tigger	16290	-	1176	4727088	53859
chr9	4692970	4892970	harbor1	chr9	4725912	4728263	DNA/TcMar-Tigger	16290	-	1176	4727088	34118
chr9	3146618	3346618	harbor1	chr9	3201621	3201930	DNA/TcMar-Tigger	1392	-	154	3201775	55157
chr9	4692737	4892737	harbor1	chr9	4725912	4728263	DNA/TcMar-Tigger	16290	-	1176	4727088	34351
chr9	97401848	97601848	harbor1	chr9	97425769	97426250	DNA/TcMar-Tigger	3039	-	240	97426009	24161
chr9	97401848	97601848	harbor1	chr9	97426553	97426745	DNA/TcMar-Tigger	3039	-	96	97426649	24801
chr9	4692768	4892768	harbor1	chr9	4725912	4728263	DNA/TcMar-Tigger	16290	-	1176	4727088	34320
chr9	4693017	4893017	harbor1	chr9	4725912	4728263	DNA/TcMar-Tigger	16290	-	1176	4727088	34071
chr9	91323378	91523378	harbor1	chr9	91339132	91339215	DNA/TcMar-Tigger	480	-	42	91339174	15796
chr9	91323378	91523378	harbor1	chr9	91339216	91339328	DNA/TcMar-Tigger	550	-	56	91339272	15894
chr9	91323378	91523378	harbor1	chr9	91351834	91351992	DNA/TcMar-Tigger	1129	-	79	91351913	28535
chr9	91323378	91523378	harbor1	chr9	91352290	91352361	DNA/TcMar-Tigger	1129	-	36	91352326	28948
chr9	4692946	4892946	harbor1	chr9	4725912	4728263	DNA/TcMar-Tigger	16290	-	1176	4727088	34142
chr9	4579427	4779427	harbor1	chr9	4598916	4599294	DNA/TcMar-Tigger	2078	-	189	4599105	19678
chr9	4579427	4779427	harbor1	chr9	4641262	4641359	DNA/TcMar-Tigger	538	-	48	4641310	61883
chr9	4579427	4779427	harbor1	chr9	4641417	4641672	DNA/TcMar-Tigger	1297	-	128	4641545	62118
chr9	131575355	131775355	harbor1	chr9	131651738	131653082	DNA/TcMar-Tigger	5231	-	672	131652410	77055
chr9	131575355	131775355	harbor1	chr9	131653101	131653405	DNA/TcMar-Tigger	1158	-	152	131653253	77898
chr9	4659562	4859562	harbor1	chr9	4725912	4728263	DNA/TcMar-Tigger	16290	-	1176	4727088	67526
chr9	131575427	131775427	harbor1	chr9	131651738	131653082	DNA/TcMar-Tigger	5231	-	672	131652410	76983
chr9	131575427	131775427	harbor1	chr9	131653101	131653405	DNA/TcMar-Tigger	1158	-	152	131653253	77826
chr9	124315219	124515219	harbor1	chr9	124404431	124404565	DNA/TcMar-Tigger	1047	-	67	124404498	89279
chr9	124315219	124515219	harbor1	chr9	124404882	124404948	DNA/TcMar-Tigger	1047	-	33	124404915	89696
chr9	4692889	4892889	harbor1	chr9	4725912	4728263	DNA/TcMar-Tigger	16290	-	1176	4727088	34199
chr9	130532874	130732874	harbor1	chr9	130559628	130559835	DNA/TcMar-Tigger	1107	-	104	130559732	26858
chr9	130532874	130732874	harbor1	chr9	130617051	130617285	DNA/TcMar-Tigger	535	-	117	130617168	84294
chr9	4669937	4869937	harbor1	chr9	4725912	4728263	DNA/TcMar-Tigger	16290	-	1176	4727088	57151
chr9	4694651	4894651	harbor1	chr9	4725912	4728263	DNA/TcMar-Tigger	16290	-	1176	4727088	32437
chr9	4694865	4894865	harbor1	chr9	4725912	4728263	DNA/TcMar-Tigger	16290	-	1176	4727088	32223
chr9	196617	396617	harbor1	chr9	238569	239160	DNA/TcMar-Tigger	3279	-	296	238865	42248
chr9	3399943	3599943	harbor1	chr9	3419634	3419926	DNA/TcMar-Tigger	511	-	146	3419780	19837
chr9	3399943	3599943	harbor1	chr9	3432942	3433209	DNA/TcMar-Tigger	1116	-	134	3433076	33133
chr9	3399943	3599943	harbor1	chr9	3434771	3435482	DNA/TcMar-Tigger	4211	-	356	3435127	35184
chr9	3399943	3599943	harbor1	chr9	3435474	3435581	DNA/TcMar-Tigger	652	-	54	3435528	35585
chr9	3399943	3599943	harbor1	chr9	3483917	3484226	DNA/TcMar-Tigger	841	-	154	3484071	84128
chr9	4692795	4892795	harbor1	chr9	4725912	4728263	DNA/TcMar-Tigger	16290	-	1176	4727088	34293
chr9	4692232	4892232	harbor1	chr9	4725912	4728263	DNA/TcMar-Tigger	16290	-	1176	4727088	34856
chr9	108346093	108546093	harbor1	chr9	108400756	108401009	DNA/TcMar-Tigger	1401	-	126	108400882	54789
chr9	108346093	108546093	harbor1	chr9	108422703	108423023	DNA/TcMar-Tigger	1795	-	160	108422863	76770
chr9	108346093	108546093	harbor1	chr9	108425215	108425580	DNA/TcMar-Tigger	2083	-	182	108425397	79304
chr9	131575342	131775342	harbor1	chr9	131651738	131653082	DNA/TcMar-Tigger	5231	-	672	131652410	77068
chr9	131575342	131775342	harbor1	chr9	131653101	131653405	DNA/TcMar-Tigger	1158	-	152	131653253	77911
chr9	4648821	4848821	harbor1	chr9	4725912	4728263	DNA/TcMar-Tigger	16290	-	1176	4727088	78267
chr9	135905941	136105941	harbor1	chr9	135940157	135940297	DNA/TcMar-Tigger	708	-	70	135940227	34286
chr9	135905941	136105941	harbor1	chr9	135940598	135940893	DNA/TcMar-Tigger	708	-	148	135940746	34805
chr9	135905941	136105941	harbor1	chr9	135952696	135952899	DNA/TcMar-Tigger	988	-	102	135952798	46857
chr9	87626432	87826432	harbor1	chr9	87698941	87699167	DNA/TcMar-Tigger	946	-	113	87699054	72622
chr9	4669262	4869262	harbor1	chr9	4725912	4728263	DNA/TcMar-Tigger	16290	-	1176	4727088	57826
chr9	97885101	98085101	harbor1	chr9	97885316	97885565	DNA/TcMar-Tigger	2891	-	124	97885440	339
chr9	97885101	98085101	harbor1	chr9	97894996	97895335	DNA/TcMar-Tigger	2002	-	170	97895166	10065
chr9	97885101	98085101	harbor1	chr9	97909260	97909460	DNA/TcMar-Tigger	609	-	100	97909360	24259
chr9	97885101	98085101	harbor1	chr9	97934622	97934783	DNA/TcMar-Tigger	510	-	80	97934702	49601
chr9	97885101	98085101	harbor1	chr9	97935126	97935236	DNA/TcMar-Tigger	649	-	55	97935181	50080
chr9	34027027	34227027	harbor1	chr9	34064253	34064381	DNA/TcMar-Tigger	602	-	64	34064317	37290
chr9	34027027	34227027	harbor1	chr9	34094468	34094531	DNA/TcMar-Tigger	1648	-	32	34094500	67473
chr9	34027027	34227027	harbor1	chr9	34094830	34095083	DNA/TcMar-Tigger	1648	-	126	34094956	67929
chr9	34027027	34227027	harbor1	chr9	34095685	34095726	DNA/TcMar-Tigger	1648	-	20	34095705	68678
chr9	4692222	4892222	harbor1	chr9	4725912	4728263	DNA/TcMar-Tigger	16290	-	1176	4727088	34866
chr9	4579422	4779422	harbor1	chr9	4598916	4599294	DNA/TcMar-Tigger	2078	-	189	4599105	19683
chr9	4579422	4779422	harbor1	chr9	4641262	4641359	DNA/TcMar-Tigger	538	-	48	4641310	61888
chr9	4579422	4779422	harbor1	chr9	4641417	4641672	DNA/TcMar-Tigger	1297	-	128	4641545	62123
chr9	4663738	4863738	harbor1	chr9	4725912	4728263	DNA/TcMar-Tigger	16290	-	1176	4727088	63350
chr9	4663518	4863518	harbor1	chr9	4725912	4728263	DNA/TcMar-Tigger	16290	-	1176	4727088	63570
chr9	130042390	130242390	harbor1	chr9	130083727	130084047	DNA/TcMar-Tigger	1302	-	160	130083887	41497
chr9	4692806	4892806	harbor1	chr9	4725912	4728263	DNA/TcMar-Tigger	16290	-	1176	4727088	34282
chr9	128980915	129180915	harbor1	chr9	128988530	128988672	DNA/TcMar-Tigger	903	-	71	128988601	7686
chr9	128980915	129180915	harbor1	chr9	129055379	129055562	DNA/TcMar-Tigger	879	-	92	129055471	74556
chr9	128980915	129180915	harbor1	chr9	129057052	129057250	DNA/TcMar-Tigger	1309	-	99	129057151	76236
chr9	133762512	133962512	harbor1	chr9	133772736	133772889	DNA/TcMar-Tigger	553	-	76	133772812	10300
chr9	133762512	133962512	harbor1	chr9	133773165	133774056	DNA/TcMar-Tigger	3663	-	446	133773611	11099
chr9	4692558	4892558	harbor1	chr9	4725912	4728263	DNA/TcMar-Tigger	16290	-	1176	4727088	34530
chr9	87626458	87826458	harbor1	chr9	87698941	87699167	DNA/TcMar-Tigger	946	-	113	87699054	72596
chr9	112387255	112587255	harbor1	chr9	112408472	112408809	DNA/TcMar-Tigger	1805	-	168	112408640	21385
chr9	34027056	34227056	harbor1	chr9	34064253	34064381	DNA/TcMar-Tigger	602	-	64	34064317	37261
chr9	34027056	34227056	harbor1	chr9	34094468	34094531	DNA/TcMar-Tigger	1648	-	32	34094500	67444
chr9	34027056	34227056	harbor1	chr9	34094830	34095083	DNA/TcMar-Tigger	1648	-	126	34094956	67900
chr9	34027056	34227056	harbor1	chr9	34095685	34095726	DNA/TcMar-Tigger	1648	-	20	34095705	68649
chr9	4692205	4892205	harbor1	chr9	4725912	4728263	DNA/TcMar-Tigger	16290	-	1176	4727088	34883
chr9	4692312	4892312	harbor1	chr9	4725912	4728263	DNA/TcMar-Tigger	16290	-	1176	4727088	34776
chr9	4694469	4894469	harbor1	chr9	4725912	4728263	DNA/TcMar-Tigger	16290	-	1176	4727088	32619
chr9	35625694	35825694	harbor1	chr9	35633736	35633838	DNA/TcMar-Tigger	536	-	51	35633787	8093
chr9	133678135	133878135	harbor1	chr9	133724666	133724893	DNA/TcMar-Tigger	1351	-	114	133724780	46645
chr9	133678135	133878135	harbor1	chr9	133772736	133772889	DNA/TcMar-Tigger	553	-	76	133772812	94677
chr9	133678135	133878135	harbor1	chr9	133773165	133774056	DNA/TcMar-Tigger	3663	-	446	133773611	95476
chr9	37551225	37751225	harbor1	chr9	37581273	37582251	DNA/TcMar-Tigger	5369	-	489	37581762	30537
chr9	4692887	4892887	harbor1	chr9	4725912	4728263	DNA/TcMar-Tigger	16290	-	1176	4727088	34201
chr9	135829624	136029624	harbor1	chr9	135849048	135849403	DNA/TcMar-Tigger	2026	-	178	135849226	19602
chr9	135829624	136029624	harbor1	chr9	135897454	135897879	DNA/TcMar-Tigger	2200	-	212	135897666	68042
chr9	4692851	4892851	harbor1	chr9	4725912	4728263	DNA/TcMar-Tigger	16290	-	1176	4727088	34237
chr9	4692854	4892854	harbor1	chr9	4725912	4728263	DNA/TcMar-Tigger	16290	-	1176	4727088	34234
chr9	123912168	124112168	harbor1	chr9	123966074	123966348	DNA/TcMar-Tigger	718	-	137	123966211	54043
chr9	6658127	6858127	harbor1	chr9	6670162	6670469	DNA/TcMar-Tigger	810	-	154	6670316	12189
chr9	6658127	6858127	harbor1	chr9	6713577	6713832	DNA/TcMar-Tigger	1245	-	128	6713705	55578
chr9	4692645	4892645	harbor1	chr9	4725912	4728263	DNA/TcMar-Tigger	16290	-	1176	4727088	34443
chr9	4663234	4863234	harbor1	chr9	4725912	4728263	DNA/TcMar-Tigger	16290	-	1176	4727088	63854
chr9	3402772	3602772	harbor1	chr9	3419634	3419926	DNA/TcMar-Tigger	511	-	146	3419780	17008
chr9	3402772	3602772	harbor1	chr9	3432942	3433209	DNA/TcMar-Tigger	1116	-	134	3433076	30304
chr9	3402772	3602772	harbor1	chr9	3434771	3435482	DNA/TcMar-Tigger	4211	-	356	3435127	32355
chr9	3402772	3602772	harbor1	chr9	3435474	3435581	DNA/TcMar-Tigger	652	-	54	3435528	32756
chr9	3402772	3602772	harbor1	chr9	3483917	3484226	DNA/TcMar-Tigger	841	-	154	3484071	81299
chr9	4692834	4892834	harbor1	chr9	4725912	4728263	DNA/TcMar-Tigger	16290	-	1176	4727088	34254
chr9	4579693	4779693	harbor1	chr9	4598916	4599294	DNA/TcMar-Tigger	2078	-	189	4599105	19412
chr9	4579693	4779693	harbor1	chr9	4641262	4641359	DNA/TcMar-Tigger	538	-	48	4641310	61617
chr9	4579693	4779693	harbor1	chr9	4641417	4641672	DNA/TcMar-Tigger	1297	-	128	4641545	61852
chr9	4692441	4892441	harbor1	chr9	4725912	4728263	DNA/TcMar-Tigger	16290	-	1176	4727088	34647
chr9	404061	604061	harbor1	chr9	447257	447917	DNA/TcMar-Tigger	2231	-	330	447587	43526
chr9	404061	604061	harbor1	chr9	480923	481274	DNA/TcMar-Tigger	2180	-	176	481099	77038
chr9	4692933	4892933	harbor1	chr9	4725912	4728263	DNA/TcMar-Tigger	16290	-	1176	4727088	34155
chr9	4692425	4892425	harbor1	chr9	4725912	4728263	DNA/TcMar-Tigger	16290	-	1176	4727088	34663
chr9	4698187	4898187	harbor1	chr9	4725912	4728263	DNA/TcMar-Tigger	16290	-	1176	4727088	28901
chr9	108349474	108549474	harbor1	chr9	108400756	108401009	DNA/TcMar-Tigger	1401	-	126	108400882	51408
chr9	108349474	108549474	harbor1	chr9	108422703	108423023	DNA/TcMar-Tigger	1795	-	160	108422863	73389
chr9	108349474	108549474	harbor1	chr9	108425215	108425580	DNA/TcMar-Tigger	2083	-	182	108425397	75923
chr9	4215856	4415856	harbor1	chr9	4233342	4234775	DNA/TcMar-Tigger	8930	-	716	4234058	18202
chr9	4694447	4894447	harbor1	chr9	4725912	4728263	DNA/TcMar-Tigger	16290	-	1176	4727088	32641
chr10	48449566	48649566	harbor1	chr10	48506186	48506515	DNA/TcMar-Tigger	1607	-	164	48506350	56784
chr10	102136358	102336358	harbor1	chr10	102178570	102178752	DNA/TcMar-Tigger	1046	-	91	102178661	42303
chr10	102136358	102336358	harbor1	chr10	102179525	102179683	DNA/TcMar-Tigger	1057	-	79	102179604	43246
chr10	102136358	102336358	harbor1	chr10	102180342	102180541	DNA/TcMar-Tigger	1096	-	100	102180442	44084
chr10	122404718	122604718	harbor1	chr10	122409165	122409254	DNA/TcMar-Tigger	468	-	44	122409209	4491
chr10	122404718	122604718	harbor1	chr10	122487601	122487906	DNA/TcMar-Tigger	1662	-	152	122487753	83035
chr10	103547893	103747893	harbor1	chr10	103630911	103631043	DNA/TcMar-Tigger	1701	-	66	103630977	83084
chr10	103547893	103747893	harbor1	chr10	103631278	103631491	DNA/TcMar-Tigger	1701	-	106	103631384	83491
chr10	103547893	103747893	harbor1	chr10	103641974	103642079	DNA/TcMar-Tigger	489	-	52	103642026	94133
chr10	97398841	97598841	harbor1	chr10	97488449	97488786	DNA/TcMar-Tigger	1897	-	168	97488617	89776
chr10	95979828	96179828	harbor1	chr10	96029612	96029799	DNA/TcMar-Tigger	702	-	94	96029706	49878
chr10	95979828	96179828	harbor1	chr10	96030112	96030199	DNA/TcMar-Tigger	702	-	44	96030156	50328
chr10	97398923	97598923	harbor1	chr10	97488449	97488786	DNA/TcMar-Tigger	1897	-	168	97488617	89694
chr10	100885458	101085458	harbor1	chr10	100939887	100940220	DNA/TcMar-Tigger	1042	-	166	100940053	54595
chr10	100885458	101085458	harbor1	chr10	100941142	100941309	DNA/TcMar-Tigger	567	-	84	100941226	55768
chr10	97398845	97598845	harbor1	chr10	97488449	97488786	DNA/TcMar-Tigger	1897	-	168	97488617	89772
chr10	122401188	122601188	harbor1	chr10	122409165	122409254	DNA/TcMar-Tigger	468	-	44	122409209	8021
chr10	122401188	122601188	harbor1	chr10	122487601	122487906	DNA/TcMar-Tigger	1662	-	152	122487753	86565
chr10	133105439	133305439	harbor1	chr10	133119270	133119743	DNA/TcMar-Tigger	2757	-	236	133119506	14067
chr10	133105439	133305439	harbor1	chr10	133120421	133121320	DNA/TcMar-Tigger	7010	-	450	133120871	15432
chr10	133105439	133305439	harbor1	chr10	133119738	133120121	DNA/TcMar-Tigger	7010	-	192	133119930	14491
chr10	23339297	23539297	harbor1	chr10	23383237	23383599	DNA/TcMar-Tigger	2285	-	181	23383418	44121
chr10	122404812	122604812	harbor1	chr10	122409165	122409254	DNA/TcMar-Tigger	468	-	44	122409209	4397
chr10	122404812	122604812	harbor1	chr10	122487601	122487906	DNA/TcMar-Tigger	1662	-	152	122487753	82941
chr10	15216571	15416571	harbor1	chr10	15222258	15222582	DNA/TcMar-Tigger	1744	-	162	15222420	5849
chr10	15216571	15416571	harbor1	chr10	15239811	15240039	DNA/TcMar-Tigger	1205	-	114	15239925	23354
chr10	102141189	102341189	harbor1	chr10	102178570	102178752	DNA/TcMar-Tigger	1046	-	91	102178661	37472
chr10	102141189	102341189	harbor1	chr10	102179525	102179683	DNA/TcMar-Tigger	1057	-	79	102179604	38415
chr10	102141189	102341189	harbor1	chr10	102180342	102180541	DNA/TcMar-Tigger	1096	-	100	102180442	39253
chr10	101965759	102165759	harbor1	chr10	102016151	102016359	DNA/TcMar-Tigger	1163	-	104	102016255	50496
chr10	4608518	4808518	harbor1	chr10	4657323	4658496	DNA/TcMar-Tigger	6269	-	586	4657909	49391
chr10	112347249	112547249	harbor1	chr10	112405647	112406067	DNA/TcMar-Tigger	2422	-	210	112405857	58608
chr10	112347249	112547249	harbor1	chr10	112418219	112418300	DNA/TcMar-Tigger	2734	-	40	112418259	71010
chr10	112347249	112547249	harbor1	chr10	112418604	112418966	DNA/TcMar-Tigger	2734	-	181	112418785	71536
chr10	112347249	112547249	harbor1	chr10	112419438	112419672	DNA/TcMar-Tigger	1383	-	117	112419555	72306
chr10	130532945	130732945	harbor1	chr10	130613600	130613920	DNA/TcMar-Tigger	1576	-	160	130613760	80815
chr10	122856480	123056480	harbor1	chr10	122949150	122949739	DNA/TcMar-Tigger	2885	-	294	122949444	92964
chr10	69472321	69672321	harbor1	chr10	69490262	69490438	DNA/TcMar-Tigger	1284	-	88	69490350	18029
chr10	69472321	69672321	harbor1	chr10	69490750	69490927	DNA/TcMar-Tigger	1284	-	88	69490838	18517
chr10	69472321	69672321	harbor1	chr10	69537197	69537410	DNA/TcMar-Tigger	1093	-	106	69537303	64982
chr10	97398878	97598878	harbor1	chr10	97488449	97488786	DNA/TcMar-Tigger	1897	-	168	97488617	89739
chr10	122063803	122263803	harbor1	chr10	122064414	122064615	DNA/TcMar-Tigger	934	-	100	122064514	711
chr10	122063803	122263803	harbor1	chr10	122101958	122102077	DNA/TcMar-Tigger	741	-	60	122102018	38215
chr10	122063803	122263803	harbor1	chr10	122155735	122155833	DNA/TcMar-Tigger	548	-	49	122155784	91981
chr10	122063803	122263803	harbor1	chr10	122156137	122156225	DNA/TcMar-Tigger	548	-	44	122156181	92378
chr10	122063803	122263803	harbor1	chr10	122156538	122156841	DNA/TcMar-Tigger	941	-	152	122156690	92887
chr10	122063803	122263803	harbor1	chr10	122157120	122157256	DNA/TcMar-Tigger	941	-	68	122157188	93385
chr10	97398451	97598451	harbor1	chr10	97488449	97488786	DNA/TcMar-Tigger	1897	-	168	97488617	90166
chr10	4382921	4582921	harbor1	chr10	4424055	4424352	DNA/TcMar-Tigger	985	-	148	4424203	41282
chr10	4382921	4582921	harbor1	chr10	4432194	4433519	DNA/TcMar-Tigger	6686	-	662	4432856	49935
chr10	4382921	4582921	harbor1	chr10	4433526	4434024	DNA/TcMar-Tigger	2325	-	249	4433775	50854
chr10	97398476	97598476	harbor1	chr10	97488449	97488786	DNA/TcMar-Tigger	1897	-	168	97488617	90141
chr10	23339295	23539295	harbor1	chr10	23383237	23383599	DNA/TcMar-Tigger	2285	-	181	23383418	44123
chr10	100906939	101106939	harbor1	chr10	100939887	100940220	DNA/TcMar-Tigger	1042	-	166	100940053	33114
chr10	100906939	101106939	harbor1	chr10	100941142	100941309	DNA/TcMar-Tigger	567	-	84	100941226	34287
chr10	101896567	102096567	harbor1	chr10	101929841	101930077	DNA/TcMar-Tigger	1551	-	118	101929959	33392
chr10	73811076	74011076	harbor1	chr10	73843016	73843075	DNA/TcMar-Tigger	571	-	30	73843046	31970
chr10	73811076	74011076	harbor1	chr10	73843366	73843640	DNA/TcMar-Tigger	571	-	137	73843503	32427
chr10	97398967	97598967	harbor1	chr10	97488449	97488786	DNA/TcMar-Tigger	1897	-	168	97488617	89650
chr10	69458778	69658778	harbor1	chr10	69490262	69490438	DNA/TcMar-Tigger	1284	-	88	69490350	31572
chr10	69458778	69658778	harbor1	chr10	69490750	69490927	DNA/TcMar-Tigger	1284	-	88	69490838	32060
chr10	69458778	69658778	harbor1	chr10	69537197	69537410	DNA/TcMar-Tigger	1093	-	106	69537303	78525
chr10	102140710	102340710	harbor1	chr10	102178570	102178752	DNA/TcMar-Tigger	1046	-	91	102178661	37951
chr10	102140710	102340710	harbor1	chr10	102179525	102179683	DNA/TcMar-Tigger	1057	-	79	102179604	38894
chr10	102140710	102340710	harbor1	chr10	102180342	102180541	DNA/TcMar-Tigger	1096	-	100	102180442	39732
chr10	71360848	71560848	harbor1	chr10	71431553	71431799	DNA/TcMar-Tigger	618	-	123	71431676	70828
chr10	68160980	68360980	harbor1	chr10	68197759	68197854	DNA/TcMar-Tigger	565	-	48	68197807	36827
chr10	68160980	68360980	harbor1	chr10	68197860	68198081	DNA/TcMar-Tigger	1223	-	110	68197970	36990
chr10	68160980	68360980	harbor1	chr10	68242429	68242707	DNA/TcMar-Tigger	1896	-	139	68242568	81588
chr10	68160980	68360980	harbor1	chr10	68243002	68243072	DNA/TcMar-Tigger	1896	-	35	68243037	82057
chr10	13709693	13909693	harbor1	chr10	13748355	13748593	DNA/TcMar-Tigger	1388	-	119	13748474	38781
chr10	7113930	7313930	harbor1	chr10	7211545	7211921	DNA/TcMar-Tigger	872	-	188	7211733	97803
chr10	97398862	97598862	harbor1	chr10	97488449	97488786	DNA/TcMar-Tigger	1897	-	168	97488617	89755
chr10	48299632	48499632	harbor1	chr10	48312976	48313144	DNA/TcMar-Tigger	507	-	84	48313060	13428
chr10	48299632	48499632	harbor1	chr10	48313453	48313642	DNA/TcMar-Tigger	553	-	94	48313547	13915
chr10	48299632	48499632	harbor1	chr10	48351752	48351977	DNA/TcMar-Tigger	1381	-	112	48351864	52232
chr10	34451528	34651528	harbor1	chr10	34464901	34465247	DNA/TcMar-Tigger	1711	-	173	34465074	13546
chr10	34451528	34651528	harbor1	chr10	34483722	34484341	DNA/TcMar-Tigger	2772	-	310	34484032	32504
chr10	34451528	34651528	harbor1	chr10	34499832	34500000	DNA/TcMar-Tigger	939	-	84	34499916	48388
chr10	34451528	34651528	harbor1	chr10	34500001	34500101	DNA/TcMar-Tigger	510	-	50	34500051	48523
chr10	34451528	34651528	harbor1	chr10	34529489	34529728	DNA/TcMar-Tigger	14392	-	120	34529609	78081
chr10	34451528	34651528	harbor1	chr10	34530034	34532388	DNA/TcMar-Tigger	14392	-	1177	34531211	79683
chr10	34451528	34651528	harbor1	chr10	34532848	34533180	DNA/TcMar-Tigger	1769	-	166	34533014	81486
chr10	48449569	48649569	harbor1	chr10	48506186	48506515	DNA/TcMar-Tigger	1607	-	164	48506350	56781
chr10	102141217	102341217	harbor1	chr10	102178570	102178752	DNA/TcMar-Tigger	1046	-	91	102178661	37444
chr10	102141217	102341217	harbor1	chr10	102179525	102179683	DNA/TcMar-Tigger	1057	-	79	102179604	38387
chr10	102141217	102341217	harbor1	chr10	102180342	102180541	DNA/TcMar-Tigger	1096	-	100	102180442	39225
chr10	131144882	131344882	harbor1	chr10	131242573	131242665	DNA/TcMar-Tigger	619	-	46	131242619	97737
chr10	102140729	102340729	harbor1	chr10	102178570	102178752	DNA/TcMar-Tigger	1046	-	91	102178661	37932
chr10	102140729	102340729	harbor1	chr10	102179525	102179683	DNA/TcMar-Tigger	1057	-	79	102179604	38875
chr10	102140729	102340729	harbor1	chr10	102180342	102180541	DNA/TcMar-Tigger	1096	-	100	102180442	39713
chr10	131310814	131510814	harbor1	chr10	131401362	131401692	DNA/TcMar-Tigger	1636	-	165	131401527	90713
chr10	131310770	131510770	harbor1	chr10	131401362	131401692	DNA/TcMar-Tigger	1636	-	165	131401527	90757
chr10	31828950	32028950	harbor1	chr10	31903085	31903411	DNA/TcMar-Tigger	1801	-	163	31903248	74298
chr10	131310777	131510777	harbor1	chr10	131401362	131401692	DNA/TcMar-Tigger	1636	-	165	131401527	90750
chr10	7149143	7349143	harbor1	chr10	7211545	7211921	DNA/TcMar-Tigger	872	-	188	7211733	62590
chr10	122063779	122263779	harbor1	chr10	122064414	122064615	DNA/TcMar-Tigger	934	-	100	122064514	735
chr10	122063779	122263779	harbor1	chr10	122101958	122102077	DNA/TcMar-Tigger	741	-	60	122102018	38239
chr10	122063779	122263779	harbor1	chr10	122155735	122155833	DNA/TcMar-Tigger	548	-	49	122155784	92005
chr10	122063779	122263779	harbor1	chr10	122156137	122156225	DNA/TcMar-Tigger	548	-	44	122156181	92402
chr10	122063779	122263779	harbor1	chr10	122156538	122156841	DNA/TcMar-Tigger	941	-	152	122156690	92911
chr10	122063779	122263779	harbor1	chr10	122157120	122157256	DNA/TcMar-Tigger	941	-	68	122157188	93409
chr10	131310769	131510769	harbor1	chr10	131401362	131401692	DNA/TcMar-Tigger	1636	-	165	131401527	90758
chr10	100906982	101106982	harbor1	chr10	100939887	100940220	DNA/TcMar-Tigger	1042	-	166	100940053	33071
chr10	100906982	101106982	harbor1	chr10	100941142	100941309	DNA/TcMar-Tigger	567	-	84	100941226	34244
chr10	102134155	102334155	harbor1	chr10	102178570	102178752	DNA/TcMar-Tigger	1046	-	91	102178661	44506
chr10	102134155	102334155	harbor1	chr10	102179525	102179683	DNA/TcMar-Tigger	1057	-	79	102179604	45449
chr10	102134155	102334155	harbor1	chr10	102180342	102180541	DNA/TcMar-Tigger	1096	-	100	102180442	46287
chr10	129211551	129411551	harbor1	chr10	129297836	129298077	DNA/TcMar-Tigger	1211	-	120	129297956	86405
chr10	129211551	129411551	harbor1	chr10	129298187	129298353	DNA/TcMar-Tigger	845	-	83	129298270	86719
chr10	131310837	131510837	harbor1	chr10	131401362	131401692	DNA/TcMar-Tigger	1636	-	165	131401527	90690
chr10	97398963	97598963	harbor1	chr10	97488449	97488786	DNA/TcMar-Tigger	1897	-	168	97488617	89654
chr10	102141356	102341356	harbor1	chr10	102178570	102178752	DNA/TcMar-Tigger	1046	-	91	102178661	37305
chr10	102141356	102341356	harbor1	chr10	102179525	102179683	DNA/TcMar-Tigger	1057	-	79	102179604	38248
chr10	102141356	102341356	harbor1	chr10	102180342	102180541	DNA/TcMar-Tigger	1096	-	100	102180442	39086
chr10	102140075	102340075	harbor1	chr10	102178570	102178752	DNA/TcMar-Tigger	1046	-	91	102178661	38586
chr10	102140075	102340075	harbor1	chr10	102179525	102179683	DNA/TcMar-Tigger	1057	-	79	102179604	39529
chr10	102140075	102340075	harbor1	chr10	102180342	102180541	DNA/TcMar-Tigger	1096	-	100	102180442	40367
chr10	43456421	43656421	harbor1	chr10	43500944	43501457	DNA/TcMar-Tigger	3353	-	256	43501200	44779
chr10	43456421	43656421	harbor1	chr10	43501766	43501786	DNA/TcMar-Tigger	3353	-	10	43501776	45355
chr10	43456421	43656421	harbor1	chr10	43521088	43521721	DNA/TcMar-Tigger	2936	-	316	43521404	64983
chr11	3928050	4128050	harbor1	chr11	4008359	4008918	DNA/TcMar-Tigger	3565	-	280	4008639	80589
chr11	5127208	5327208	harbor1	chr11	5187925	5188097	DNA/TcMar-Tigger	428	-	86	5188011	60803
chr11	5126782	5326782	harbor1	chr11	5187925	5188097	DNA/TcMar-Tigger	428	-	86	5188011	61229
chr11	5125332	5325332	harbor1	chr11	5187925	5188097	DNA/TcMar-Tigger	428	-	86	5188011	62679
chr11	5127125	5327125	harbor1	chr11	5187925	5188097	DNA/TcMar-Tigger	428	-	86	5188011	60886
chr11	5126747	5326747	harbor1	chr11	5187925	5188097	DNA/TcMar-Tigger	428	-	86	5188011	61264
chr11	5126823	5326823	harbor1	chr11	5187925	5188097	DNA/TcMar-Tigger	428	-	86	5188011	61188
chr11	123412399	123612399	harbor1	chr11	123483206	123483380	DNA/TcMar-Tigger	1181	-	87	123483293	70894
chr11	123412399	123612399	harbor1	chr11	123483679	123483744	DNA/TcMar-Tigger	1181	-	32	123483711	71312
chr11	123412399	123612399	harbor1	chr11	123502447	123502503	DNA/TcMar-Tigger	1936	-	28	123502475	90076
chr11	123412399	123612399	harbor1	chr11	123502805	123503072	DNA/TcMar-Tigger	1936	-	134	123502939	90540
chr11	5134555	5334555	harbor1	chr11	5187925	5188097	DNA/TcMar-Tigger	428	-	86	5188011	53456
chr11	5126774	5326774	harbor1	chr11	5187925	5188097	DNA/TcMar-Tigger	428	-	86	5188011	61237
chr11	5127340	5327340	harbor1	chr11	5187925	5188097	DNA/TcMar-Tigger	428	-	86	5188011	60671
chr11	73038077	73238077	harbor1	chr11	73123539	73123782	DNA/TcMar-Tigger	472	-	122	73123661	85584
chr11	5124751	5324751	harbor1	chr11	5187925	5188097	DNA/TcMar-Tigger	428	-	86	5188011	63260
chr11	5134559	5334559	harbor1	chr11	5187925	5188097	DNA/TcMar-Tigger	428	-	86	5188011	53452
chr11	5134573	5334573	harbor1	chr11	5187925	5188097	DNA/TcMar-Tigger	428	-	86	5188011	53438
chr11	5127129	5327129	harbor1	chr11	5187925	5188097	DNA/TcMar-Tigger	428	-	86	5188011	60882
chr11	5127170	5327170	harbor1	chr11	5187925	5188097	DNA/TcMar-Tigger	428	-	86	5188011	60841
chr11	57399820	57599820	harbor1	chr11	57442707	57443096	DNA/TcMar-Tigger	6019	-	194	57442901	43081
chr11	57399820	57599820	harbor1	chr11	57443391	57443687	DNA/TcMar-Tigger	6019	-	148	57443539	43719
chr11	57399820	57599820	harbor1	chr11	57443996	57444276	DNA/TcMar-Tigger	4319	-	140	57444136	44316
chr11	57399820	57599820	harbor1	chr11	57441991	57442392	DNA/TcMar-Tigger	6019	-	200	57442191	42371
chr11	5127181	5327181	harbor1	chr11	5187925	5188097	DNA/TcMar-Tigger	428	-	86	5188011	60830
chr11	5107730	5307730	harbor1	chr11	5108220	5108548	DNA/TcMar-Tigger	1403	-	164	5108384	654
chr11	5107730	5307730	harbor1	chr11	5110771	5111052	DNA/TcMar-Tigger	1528	-	140	5110911	3181
chr11	5107730	5307730	harbor1	chr11	5187925	5188097	DNA/TcMar-Tigger	428	-	86	5188011	80281
chr11	5127269	5327269	harbor1	chr11	5187925	5188097	DNA/TcMar-Tigger	428	-	86	5188011	60742
chr11	5032610	5232610	harbor1	chr11	5088708	5088902	DNA/TcMar-Tigger	969	-	97	5088805	56195
chr11	5032610	5232610	harbor1	chr11	5108220	5108548	DNA/TcMar-Tigger	1403	-	164	5108384	75774
chr11	5032610	5232610	harbor1	chr11	5110771	5111052	DNA/TcMar-Tigger	1528	-	140	5110911	78301
chr11	108021573	108221573	harbor1	chr11	108055303	108055396	DNA/TcMar-Tigger	426	-	46	108055349	33776
chr11	108021573	108221573	harbor1	chr11	108090833	108091040	DNA/TcMar-Tigger	604	-	104	108090937	69364
chr11	108021573	108221573	harbor1	chr11	108091351	108091381	DNA/TcMar-Tigger	604	-	15	108091366	69793
chr11	108021573	108221573	harbor1	chr11	108093169	108093719	DNA/TcMar-Tigger	2359	-	275	108093444	71871
chr11	108021573	108221573	harbor1	chr11	108093980	108094207	DNA/TcMar-Tigger	2359	-	114	108094094	72521
chr11	5132965	5332965	harbor1	chr11	5187925	5188097	DNA/TcMar-Tigger	428	-	86	5188011	55046
chr11	5127263	5327263	harbor1	chr11	5187925	5188097	DNA/TcMar-Tigger	428	-	86	5188011	60748
chr11	5129592	5329592	harbor1	chr11	5187925	5188097	DNA/TcMar-Tigger	428	-	86	5188011	58419
chr11	5124885	5324885	harbor1	chr11	5187925	5188097	DNA/TcMar-Tigger	428	-	86	5188011	63126
chr11	5127172	5327172	harbor1	chr11	5187925	5188097	DNA/TcMar-Tigger	428	-	86	5188011	60839
chr11	5127366	5327366	harbor1	chr11	5187925	5188097	DNA/TcMar-Tigger	428	-	86	5188011	60645
chr11	108021539	108221539	harbor1	chr11	108055303	108055396	DNA/TcMar-Tigger	426	-	46	108055349	33810
chr11	108021539	108221539	harbor1	chr11	108090833	108091040	DNA/TcMar-Tigger	604	-	104	108090937	69398
chr11	108021539	108221539	harbor1	chr11	108091351	108091381	DNA/TcMar-Tigger	604	-	15	108091366	69827
chr11	108021539	108221539	harbor1	chr11	108093169	108093719	DNA/TcMar-Tigger	2359	-	275	108093444	71905
chr11	108021539	108221539	harbor1	chr11	108093980	108094207	DNA/TcMar-Tigger	2359	-	114	108094094	72555
chr11	5127203	5327203	harbor1	chr11	5187925	5188097	DNA/TcMar-Tigger	428	-	86	5188011	60808
chr11	5127266	5327266	harbor1	chr11	5187925	5188097	DNA/TcMar-Tigger	428	-	86	5188011	60745
chr11	5127192	5327192	harbor1	chr11	5187925	5188097	DNA/TcMar-Tigger	428	-	86	5188011	60819
chr11	5127243	5327243	harbor1	chr11	5187925	5188097	DNA/TcMar-Tigger	428	-	86	5188011	60768
chr11	5127199	5327199	harbor1	chr11	5187925	5188097	DNA/TcMar-Tigger	428	-	86	5188011	60812
chr11	5125100	5325100	harbor1	chr11	5187925	5188097	DNA/TcMar-Tigger	428	-	86	5188011	62911
chr11	1461906	1661906	harbor1	chr11	1475339	1475461	DNA/TcMar-Tigger	597	-	61	1475400	13494
chr11	1461906	1661906	harbor1	chr11	1475620	1476228	DNA/TcMar-Tigger	1991	-	304	1475924	14018
chr11	5134601	5334601	harbor1	chr11	5187925	5188097	DNA/TcMar-Tigger	428	-	86	5188011	53410
chr11	5127217	5327217	harbor1	chr11	5187925	5188097	DNA/TcMar-Tigger	428	-	86	5188011	60794
chr11	5127264	5327264	harbor1	chr11	5187925	5188097	DNA/TcMar-Tigger	428	-	86	5188011	60747
chr11	5021552	5221552	harbor1	chr11	5022737	5023679	DNA/TcMar-Tigger	4995	-	471	5023208	1656
chr11	5021552	5221552	harbor1	chr11	5088708	5088902	DNA/TcMar-Tigger	969	-	97	5088805	67253
chr11	5021552	5221552	harbor1	chr11	5108220	5108548	DNA/TcMar-Tigger	1403	-	164	5108384	86832
chr11	5021552	5221552	harbor1	chr11	5110771	5111052	DNA/TcMar-Tigger	1528	-	140	5110911	89359
chr11	2054524	2254524	harbor1	chr11	2066423	2066742	DNA/TcMar-Tigger	1064	-	160	2066583	12059
chr11	2054524	2254524	harbor1	chr11	2066830	2069172	DNA/TcMar-Tigger	14403	-	1171	2068001	13477
chr11	2054524	2254524	harbor1	chr11	2069591	2069934	DNA/TcMar-Tigger	1569	-	172	2069763	15239
chr11	5125708	5325708	harbor1	chr11	5187925	5188097	DNA/TcMar-Tigger	428	-	86	5188011	62303
chr11	5127143	5327143	harbor1	chr11	5187925	5188097	DNA/TcMar-Tigger	428	-	86	5188011	60868
chr11	119643196	119843196	harbor1	chr11	119717967	119718088	DNA/TcMar-Tigger	415	-	60	119718027	74831
chr11	119643196	119843196	harbor1	chr11	119718827	119719158	DNA/TcMar-Tigger	1948	-	166	119718993	75797
chr11	5115306	5315306	harbor1	chr11	5187925	5188097	DNA/TcMar-Tigger	428	-	86	5188011	72705
chr11	5127184	5327184	harbor1	chr11	5187925	5188097	DNA/TcMar-Tigger	428	-	86	5188011	60827
chr11	5124787	5324787	harbor1	chr11	5187925	5188097	DNA/TcMar-Tigger	428	-	86	5188011	63224
chr11	5127327	5327327	harbor1	chr11	5187925	5188097	DNA/TcMar-Tigger	428	-	86	5188011	60684
chr11	27274218	27474218	harbor1	chr11	27311383	27311684	DNA/TcMar-Tigger	712	-	150	27311533	37315
chr11	19768628	19968628	harbor1	chr11	19844450	19844654	DNA/TcMar-Tigger	1057	-	102	19844552	75924
chr11	5134586	5334586	harbor1	chr11	5187925	5188097	DNA/TcMar-Tigger	428	-	86	5188011	53425
chr11	5127250	5327250	harbor1	chr11	5187925	5188097	DNA/TcMar-Tigger	428	-	86	5188011	60761
chr11	5134209	5334209	harbor1	chr11	5187925	5188097	DNA/TcMar-Tigger	428	-	86	5188011	53802
chr11	5134629	5334629	harbor1	chr11	5187925	5188097	DNA/TcMar-Tigger	428	-	86	5188011	53382
chr11	5127213	5327213	harbor1	chr11	5187925	5188097	DNA/TcMar-Tigger	428	-	86	5188011	60798
chr11	5127232	5327232	harbor1	chr11	5187925	5188097	DNA/TcMar-Tigger	428	-	86	5188011	60779
chr11	5127319	5327319	harbor1	chr11	5187925	5188097	DNA/TcMar-Tigger	428	-	86	5188011	60692
chr11	5125172	5325172	harbor1	chr11	5187925	5188097	DNA/TcMar-Tigger	428	-	86	5188011	62839
chr11	5127224	5327224	harbor1	chr11	5187925	5188097	DNA/TcMar-Tigger	428	-	86	5188011	60787
chr11	5126003	5326003	harbor1	chr11	5187925	5188097	DNA/TcMar-Tigger	428	-	86	5188011	62008
chr11	124700607	124900607	harbor1	chr11	124712481	124713092	DNA/TcMar-Tigger	4135	-	306	124712787	12180
chr11	5127146	5327146	harbor1	chr11	5187925	5188097	DNA/TcMar-Tigger	428	-	86	5188011	60865
chr11	5022390	5222390	harbor1	chr11	5022737	5023679	DNA/TcMar-Tigger	4995	-	471	5023208	818
chr11	5022390	5222390	harbor1	chr11	5088708	5088902	DNA/TcMar-Tigger	969	-	97	5088805	66415
chr11	5022390	5222390	harbor1	chr11	5108220	5108548	DNA/TcMar-Tigger	1403	-	164	5108384	85994
chr11	5022390	5222390	harbor1	chr11	5110771	5111052	DNA/TcMar-Tigger	1528	-	140	5110911	88521
chr11	69539284	69739284	harbor1	chr11	69559814	69559824	DNA/TcMar-Tigger	10752	-	5	69559819	20535
chr11	69539284	69739284	harbor1	chr11	69560129	69561616	DNA/TcMar-Tigger	10752	-	744	69560873	21589
chr11	69539284	69739284	harbor1	chr11	69561935	69562298	DNA/TcMar-Tigger	10752	-	182	69562117	22833
chr11	69539284	69739284	harbor1	chr11	69562293	69562472	DNA/TcMar-Tigger	1011	-	90	69562383	23099
chr11	69539284	69739284	harbor1	chr11	69583269	69583553	DNA/TcMar-Tigger	894	-	142	69583411	44127
chr11	5124920	5324920	harbor1	chr11	5187925	5188097	DNA/TcMar-Tigger	428	-	86	5188011	63091
chr11	5134651	5334651	harbor1	chr11	5187925	5188097	DNA/TcMar-Tigger	428	-	86	5188011	53360
chr11	5134616	5334616	harbor1	chr11	5187925	5188097	DNA/TcMar-Tigger	428	-	86	5188011	53395
chr11	5031398	5231398	harbor1	chr11	5088708	5088902	DNA/TcMar-Tigger	969	-	97	5088805	57407
chr11	5031398	5231398	harbor1	chr11	5108220	5108548	DNA/TcMar-Tigger	1403	-	164	5108384	76986
chr11	5031398	5231398	harbor1	chr11	5110771	5111052	DNA/TcMar-Tigger	1528	-	140	5110911	79513
chr11	5127345	5327345	harbor1	chr11	5187925	5188097	DNA/TcMar-Tigger	428	-	86	5188011	60666
chr11	68444618	68644618	harbor1	chr11	68458289	68458369	DNA/TcMar-Tigger	439	-	40	68458329	13711
chr11	68444618	68644618	harbor1	chr11	68458373	68458612	DNA/TcMar-Tigger	1624	-	120	68458493	13875
chr11	68444618	68644618	harbor1	chr11	68458915	68458952	DNA/TcMar-Tigger	1624	-	18	68458933	14315
chr11	68444618	68644618	harbor1	chr11	68478956	68479269	DNA/TcMar-Tigger	1890	-	156	68479112	34494
chr11	68444618	68644618	harbor1	chr11	68479267	68479453	DNA/TcMar-Tigger	1084	-	93	68479360	34742
chr11	68444618	68644618	harbor1	chr11	68501864	68502061	DNA/TcMar-Tigger	1026	-	98	68501962	57344
chr11	5134104	5334104	harbor1	chr11	5187925	5188097	DNA/TcMar-Tigger	428	-	86	5188011	53907
chr11	5124806	5324806	harbor1	chr11	5187925	5188097	DNA/TcMar-Tigger	428	-	86	5188011	63205
chr11	5125352	5325352	harbor1	chr11	5187925	5188097	DNA/TcMar-Tigger	428	-	86	5188011	62659
chr11	5127230	5327230	harbor1	chr11	5187925	5188097	DNA/TcMar-Tigger	428	-	86	5188011	60781
chr11	5125771	5325771	harbor1	chr11	5187925	5188097	DNA/TcMar-Tigger	428	-	86	5188011	62240
chr11	5127185	5327185	harbor1	chr11	5187925	5188097	DNA/TcMar-Tigger	428	-	86	5188011	60826
chr11	73276655	73476655	harbor1	chr11	73304783	73305131	DNA/TcMar-Tigger	1944	-	174	73304957	28302
chr11	5134100	5334100	harbor1	chr11	5187925	5188097	DNA/TcMar-Tigger	428	-	86	5188011	53911
chr11	5134575	5334575	harbor1	chr11	5187925	5188097	DNA/TcMar-Tigger	428	-	86	5188011	53436
chr11	6140855	6340855	harbor1	chr11	6204856	6205197	DNA/TcMar-Tigger	2077	-	170	6205026	64171
chr11	5127304	5327304	harbor1	chr11	5187925	5188097	DNA/TcMar-Tigger	428	-	86	5188011	60707
chr11	5024680	5224680	harbor1	chr11	5088708	5088902	DNA/TcMar-Tigger	969	-	97	5088805	64125
chr11	5024680	5224680	harbor1	chr11	5108220	5108548	DNA/TcMar-Tigger	1403	-	164	5108384	83704
chr11	5024680	5224680	harbor1	chr11	5110771	5111052	DNA/TcMar-Tigger	1528	-	140	5110911	86231
chr11	5134650	5334650	harbor1	chr11	5187925	5188097	DNA/TcMar-Tigger	428	-	86	5188011	53361
chr11	5125398	5325398	harbor1	chr11	5187925	5188097	DNA/TcMar-Tigger	428	-	86	5188011	62613
chr11	6512331	6712331	harbor1	chr11	6540839	6541541	DNA/TcMar-Tigger	646	-	351	6541190	28859
chr11	6512331	6712331	harbor1	chr11	6573568	6573730	DNA/TcMar-Tigger	936	-	81	6573649	61318
chr11	6512331	6712331	harbor1	chr11	6573965	6576228	DNA/TcMar-Tigger	13937	-	1132	6575097	62766
chr11	46430260	46630260	harbor1	chr11	46503090	46503651	DNA/TcMar-Tigger	3307	-	280	46503370	73110
chr11	5127284	5327284	harbor1	chr11	5187925	5188097	DNA/TcMar-Tigger	428	-	86	5188011	60727
chr11	5124821	5324821	harbor1	chr11	5187925	5188097	DNA/TcMar-Tigger	428	-	86	5188011	63190
chr11	5127245	5327245	harbor1	chr11	5187925	5188097	DNA/TcMar-Tigger	428	-	86	5188011	60766
chr11	5126970	5326970	harbor1	chr11	5187925	5188097	DNA/TcMar-Tigger	428	-	86	5188011	61041
chr11	5052446	5252446	harbor1	chr11	5088708	5088902	DNA/TcMar-Tigger	969	-	97	5088805	36359
chr11	5052446	5252446	harbor1	chr11	5108220	5108548	DNA/TcMar-Tigger	1403	-	164	5108384	55938
chr11	5052446	5252446	harbor1	chr11	5110771	5111052	DNA/TcMar-Tigger	1528	-	140	5110911	58465
chr11	5127167	5327167	harbor1	chr11	5187925	5188097	DNA/TcMar-Tigger	428	-	86	5188011	60844
chr11	5126888	5326888	harbor1	chr11	5187925	5188097	DNA/TcMar-Tigger	428	-	86	5188011	61123
chr11	63713415	63913415	harbor1	chr11	63744326	63744652	DNA/TcMar-Tigger	1471	-	163	63744489	31074
chr11	5021372	5221372	harbor1	chr11	5022737	5023679	DNA/TcMar-Tigger	4995	-	471	5023208	1836
chr11	5021372	5221372	harbor1	chr11	5088708	5088902	DNA/TcMar-Tigger	969	-	97	5088805	67433
chr11	5021372	5221372	harbor1	chr11	5108220	5108548	DNA/TcMar-Tigger	1403	-	164	5108384	87012
chr11	5021372	5221372	harbor1	chr11	5110771	5111052	DNA/TcMar-Tigger	1528	-	140	5110911	89539
chr11	5125946	5325946	harbor1	chr11	5187925	5188097	DNA/TcMar-Tigger	428	-	86	5188011	62065
chr11	1470223	1670223	harbor1	chr11	1475339	1475461	DNA/TcMar-Tigger	597	-	61	1475400	5177
chr11	1470223	1670223	harbor1	chr11	1475620	1476228	DNA/TcMar-Tigger	1991	-	304	1475924	5701
chr11	86275379	86475379	harbor1	chr11	86304280	86304512	DNA/TcMar-Tigger	1426	-	116	86304396	29017
chr11	86275379	86475379	harbor1	chr11	86304816	86304960	DNA/TcMar-Tigger	1426	-	72	86304888	29509
chr11	5127149	5327149	harbor1	chr11	5187925	5188097	DNA/TcMar-Tigger	428	-	86	5188011	60862
chr11	64537978	64737978	harbor1	chr11	64565915	64566011	DNA/TcMar-Tigger	607	-	48	64565963	27985
chr11	64537978	64737978	harbor1	chr11	64566262	64566715	DNA/TcMar-Tigger	607	-	226	64566488	28510
chr11	4897645	5097645	harbor1	chr11	4981256	4982439	DNA/TcMar-Tigger	4907	-	592	4981848	84203
chr11	5126804	5326804	harbor1	chr11	5187925	5188097	DNA/TcMar-Tigger	428	-	86	5188011	61207
chr11	67117644	67317644	harbor1	chr11	67176529	67176975	DNA/TcMar-Tigger	6028	-	223	67176752	59108
chr11	67117644	67317644	harbor1	chr11	67177273	67178021	DNA/TcMar-Tigger	6028	-	374	67177647	60003
chr11	67117644	67317644	harbor1	chr11	67197797	67198198	DNA/TcMar-Tigger	2000	-	200	67197997	80353
chr11	2054434	2254434	harbor1	chr11	2066423	2066742	DNA/TcMar-Tigger	1064	-	160	2066583	12149
chr11	2054434	2254434	harbor1	chr11	2066830	2069172	DNA/TcMar-Tigger	14403	-	1171	2068001	13567
chr11	2054434	2254434	harbor1	chr11	2069591	2069934	DNA/TcMar-Tigger	1569	-	172	2069763	15329
chr11	5134605	5334605	harbor1	chr11	5187925	5188097	DNA/TcMar-Tigger	428	-	86	5188011	53406
chr11	5125064	5325064	harbor1	chr11	5187925	5188097	DNA/TcMar-Tigger	428	-	86	5188011	62947
chr11	5125194	5325194	harbor1	chr11	5187925	5188097	DNA/TcMar-Tigger	428	-	86	5188011	62817
chr11	129769693	129969693	harbor1	chr11	129789469	129789686	DNA/TcMar-Tigger	1353	-	108	129789577	19884
chr11	129769693	129969693	harbor1	chr11	129827195	129827329	DNA/TcMar-Tigger	948	-	67	129827262	57569
chr11	129769693	129969693	harbor1	chr11	129827408	129827521	DNA/TcMar-Tigger	560	-	56	129827464	57771
chr11	129769693	129969693	harbor1	chr11	129827989	129828065	DNA/TcMar-Tigger	502	-	38	129828027	58334
chr11	129769693	129969693	harbor1	chr11	129830947	129831622	DNA/TcMar-Tigger	2526	-	338	129831285	61592
chr11	64538016	64738016	harbor1	chr11	64565915	64566011	DNA/TcMar-Tigger	607	-	48	64565963	27947
chr11	64538016	64738016	harbor1	chr11	64566262	64566715	DNA/TcMar-Tigger	607	-	226	64566488	28472
chr11	5126793	5326793	harbor1	chr11	5187925	5188097	DNA/TcMar-Tigger	428	-	86	5188011	61218
chr11	5134533	5334533	harbor1	chr11	5187925	5188097	DNA/TcMar-Tigger	428	-	86	5188011	53478
chr11	5127205	5327205	harbor1	chr11	5187925	5188097	DNA/TcMar-Tigger	428	-	86	5188011	60806
chr11	5127241	5327241	harbor1	chr11	5187925	5188097	DNA/TcMar-Tigger	428	-	86	5188011	60770
chr11	5127169	5327169	harbor1	chr11	5187925	5188097	DNA/TcMar-Tigger	428	-	86	5188011	60842
chr11	5134210	5334210	harbor1	chr11	5187925	5188097	DNA/TcMar-Tigger	428	-	86	5188011	53801
chr11	64348932	64548932	harbor1	chr11	64386490	64386736	DNA/TcMar-Tigger	1175	-	123	64386613	37681
chr11	107909152	108109152	harbor1	chr11	107968420	107968630	DNA/TcMar-Tigger	886	-	105	107968525	59373
chr11	107909152	108109152	harbor1	chr11	107988616	107989273	DNA/TcMar-Tigger	4117	-	328	107988944	79792
chr11	107909152	108109152	harbor1	chr11	107989419	107989470	DNA/TcMar-Tigger	2913	-	26	107989445	80293
chr11	107909152	108109152	harbor1	chr11	107989782	107990013	DNA/TcMar-Tigger	2913	-	116	107989898	80746
chr11	107909152	108109152	harbor1	chr11	107990322	107990604	DNA/TcMar-Tigger	2913	-	141	107990463	81311
chr11	107909152	108109152	harbor1	chr11	107993676	107993739	DNA/TcMar-Tigger	11434	-	32	107993708	84556
chr11	107909152	108109152	harbor1	chr11	107994329	107995541	DNA/TcMar-Tigger	11434	-	606	107994935	85783
chr11	107909152	108109152	harbor1	chr11	107995680	107996211	DNA/TcMar-Tigger	11434	-	266	107995946	86794
chr11	5134609	5334609	harbor1	chr11	5187925	5188097	DNA/TcMar-Tigger	428	-	86	5188011	53402
chr11	5127154	5327154	harbor1	chr11	5187925	5188097	DNA/TcMar-Tigger	428	-	86	5188011	60857
chr11	5127316	5327316	harbor1	chr11	5187925	5188097	DNA/TcMar-Tigger	428	-	86	5188011	60695
chr11	5131436	5331436	harbor1	chr11	5187925	5188097	DNA/TcMar-Tigger	428	-	86	5188011	56575
chr11	5127298	5327298	harbor1	chr11	5187925	5188097	DNA/TcMar-Tigger	428	-	86	5188011	60713
chr11	5134612	5334612	harbor1	chr11	5187925	5188097	DNA/TcMar-Tigger	428	-	86	5188011	53399
chr11	74201768	74401768	harbor1	chr11	74266242	74266597	DNA/TcMar-Tigger	1739	-	178	74266420	64652
chr11	74201768	74401768	harbor1	chr11	74285044	74285222	DNA/TcMar-Tigger	681	-	89	74285133	83365
chr11	5134643	5334643	harbor1	chr11	5187925	5188097	DNA/TcMar-Tigger	428	-	86	5188011	53368
chr11	43448357	43648357	harbor1	chr11	43453739	43454059	DNA/TcMar-Tigger	1613	-	160	43453899	5542
chr11	43448357	43648357	harbor1	chr11	43474642	43475076	DNA/TcMar-Tigger	2590	-	217	43474859	26502
chr11	43448357	43648357	harbor1	chr11	43475061	43475129	DNA/TcMar-Tigger	502	-	34	43475095	26738
chr11	43448357	43648357	harbor1	chr11	43475628	43475799	DNA/TcMar-Tigger	851	-	86	43475714	27357
chr11	43448357	43648357	harbor1	chr11	43525422	43525585	DNA/TcMar-Tigger	2004	-	82	43525504	77147
chr11	43448357	43648357	harbor1	chr11	43525978	43526124	DNA/TcMar-Tigger	2004	-	73	43526051	77694
chr11	43448357	43648357	harbor1	chr11	43526225	43527132	DNA/TcMar-Tigger	5703	-	454	43526679	78322
chr11	133199713	133399713	harbor1	chr11	133235930	133236462	DNA/TcMar-Tigger	2773	-	266	133236196	36483
chr11	5127228	5327228	harbor1	chr11	5187925	5188097	DNA/TcMar-Tigger	428	-	86	5188011	60783
chr11	5127118	5327118	harbor1	chr11	5187925	5188097	DNA/TcMar-Tigger	428	-	86	5188011	60893
chr11	68332235	68532235	harbor1	chr11	68334915	68335074	DNA/TcMar-Tigger	1003	-	80	68334995	2760
chr11	68332235	68532235	harbor1	chr11	68335374	68335414	DNA/TcMar-Tigger	1003	-	20	68335394	3159
chr11	68332235	68532235	harbor1	chr11	68335571	68336017	DNA/TcMar-Tigger	1767	-	223	68335794	3559
chr11	68332235	68532235	harbor1	chr11	68416875	68417449	DNA/TcMar-Tigger	1759	-	287	68417162	84927
chr11	69539187	69739187	harbor1	chr11	69559814	69559824	DNA/TcMar-Tigger	10752	-	5	69559819	20632
chr11	69539187	69739187	harbor1	chr11	69560129	69561616	DNA/TcMar-Tigger	10752	-	744	69560873	21686
chr11	69539187	69739187	harbor1	chr11	69561935	69562298	DNA/TcMar-Tigger	10752	-	182	69562117	22930
chr11	69539187	69739187	harbor1	chr11	69562293	69562472	DNA/TcMar-Tigger	1011	-	90	69562383	23196
chr11	69539187	69739187	harbor1	chr11	69583269	69583553	DNA/TcMar-Tigger	894	-	142	69583411	44224
chr11	106965389	107165389	harbor1	chr11	107032693	107033036	DNA/TcMar-Tigger	1975	-	172	107032865	67476
chr11	106965389	107165389	harbor1	chr11	107040246	107040557	DNA/TcMar-Tigger	1638	-	156	107040402	75013
chr11	106965389	107165389	harbor1	chr11	107041099	107041425	DNA/TcMar-Tigger	1505	-	163	107041262	75873
chr11	5127079	5327079	harbor1	chr11	5187925	5188097	DNA/TcMar-Tigger	428	-	86	5188011	60932
chr11	61385568	61585568	harbor1	chr11	61432277	61432602	DNA/TcMar-Tigger	1226	-	162	61432439	46871
chr11	61385568	61585568	harbor1	chr11	61457254	61457471	DNA/TcMar-Tigger	2106	-	108	61457362	71794
chr11	61385568	61585568	harbor1	chr11	61457738	61457874	DNA/TcMar-Tigger	2106	-	68	61457806	72238
chr11	5127261	5327261	harbor1	chr11	5187925	5188097	DNA/TcMar-Tigger	428	-	86	5188011	60750
chr11	5127282	5327282	harbor1	chr11	5187925	5188097	DNA/TcMar-Tigger	428	-	86	5188011	60729
chr11	45786319	45986319	harbor1	chr11	45862504	45862599	DNA/TcMar-Tigger	480	-	48	45862552	76233
chr11	103833171	104033171	harbor1	chr11	103870266	103870678	DNA/TcMar-Tigger	2300	-	206	103870472	37301
chr11	103833171	104033171	harbor1	chr11	103870688	103871128	DNA/TcMar-Tigger	2214	-	220	103870908	37737
chr11	103833171	104033171	harbor1	chr11	103881782	103881949	DNA/TcMar-Tigger	456	-	84	103881866	48695
chr11	103833171	104033171	harbor1	chr11	103882599	103882753	DNA/TcMar-Tigger	478	-	77	103882676	49505
chr11	103833171	104033171	harbor1	chr11	103901097	103901334	DNA/TcMar-Tigger	1381	-	118	103901215	68044
chr11	103833171	104033171	harbor1	chr11	103901625	103901735	DNA/TcMar-Tigger	1381	-	55	103901680	68509
chr11	103833171	104033171	harbor1	chr11	103921495	103921600	DNA/TcMar-Tigger	510	-	52	103921547	88376
chr11	5127153	5327153	harbor1	chr11	5187925	5188097	DNA/TcMar-Tigger	428	-	86	5188011	60858
chr11	5127126	5327126	harbor1	chr11	5187925	5188097	DNA/TcMar-Tigger	428	-	86	5188011	60885
chr11	69539232	69739232	harbor1	chr11	69559814	69559824	DNA/TcMar-Tigger	10752	-	5	69559819	20587
chr11	69539232	69739232	harbor1	chr11	69560129	69561616	DNA/TcMar-Tigger	10752	-	744	69560873	21641
chr11	69539232	69739232	harbor1	chr11	69561935	69562298	DNA/TcMar-Tigger	10752	-	182	69562117	22885
chr11	69539232	69739232	harbor1	chr11	69562293	69562472	DNA/TcMar-Tigger	1011	-	90	69562383	23151
chr11	69539232	69739232	harbor1	chr11	69583269	69583553	DNA/TcMar-Tigger	894	-	142	69583411	44179
chr11	5029745	5229745	harbor1	chr11	5088708	5088902	DNA/TcMar-Tigger	969	-	97	5088805	59060
chr11	5029745	5229745	harbor1	chr11	5108220	5108548	DNA/TcMar-Tigger	1403	-	164	5108384	78639
chr11	5029745	5229745	harbor1	chr11	5110771	5111052	DNA/TcMar-Tigger	1528	-	140	5110911	81166
chr11	5127166	5327166	harbor1	chr11	5187925	5188097	DNA/TcMar-Tigger	428	-	86	5188011	60845
chr11	2054516	2254516	harbor1	chr11	2066423	2066742	DNA/TcMar-Tigger	1064	-	160	2066583	12067
chr11	2054516	2254516	harbor1	chr11	2066830	2069172	DNA/TcMar-Tigger	14403	-	1171	2068001	13485
chr11	2054516	2254516	harbor1	chr11	2069591	2069934	DNA/TcMar-Tigger	1569	-	172	2069763	15247
chr11	5125272	5325272	harbor1	chr11	5187925	5188097	DNA/TcMar-Tigger	428	-	86	5188011	62739
chr11	3708495	3908495	harbor1	chr11	3731746	3731962	DNA/TcMar-Tigger	1386	-	108	3731854	23359
chr11	5126765	5326765	harbor1	chr11	5187925	5188097	DNA/TcMar-Tigger	428	-	86	5188011	61246
chr11	5132426	5332426	harbor1	chr11	5187925	5188097	DNA/TcMar-Tigger	428	-	86	5188011	55585
chr11	65109998	65309998	harbor1	chr11	65155453	65155702	DNA/TcMar-Tigger	1093	-	124	65155577	45579
chr11	5127151	5327151	harbor1	chr11	5187925	5188097	DNA/TcMar-Tigger	428	-	86	5188011	60860
chr11	5127128	5327128	harbor1	chr11	5187925	5188097	DNA/TcMar-Tigger	428	-	86	5188011	60883
chr11	69539231	69739231	harbor1	chr11	69559814	69559824	DNA/TcMar-Tigger	10752	-	5	69559819	20588
chr11	69539231	69739231	harbor1	chr11	69560129	69561616	DNA/TcMar-Tigger	10752	-	744	69560873	21642
chr11	69539231	69739231	harbor1	chr11	69561935	69562298	DNA/TcMar-Tigger	10752	-	182	69562117	22886
chr11	69539231	69739231	harbor1	chr11	69562293	69562472	DNA/TcMar-Tigger	1011	-	90	69562383	23152
chr11	69539231	69739231	harbor1	chr11	69583269	69583553	DNA/TcMar-Tigger	894	-	142	69583411	44180
chr11	19964004	20164004	harbor1	chr11	19969491	19969660	DNA/TcMar-Tigger	1957	-	84	19969575	5571
chr11	19964004	20164004	harbor1	chr11	19969976	19970160	DNA/TcMar-Tigger	1957	-	92	19970068	6064
chr11	682162	882162	harbor1	chr11	780818	780901	DNA/TcMar-Tigger	1542	-	42	780860	98698
chr11	682162	882162	harbor1	chr11	781482	781718	DNA/TcMar-Tigger	1542	-	118	781600	99438
chr11	5134590	5334590	harbor1	chr11	5187925	5188097	DNA/TcMar-Tigger	428	-	86	5188011	53421
chr11	5134611	5334611	harbor1	chr11	5187925	5188097	DNA/TcMar-Tigger	428	-	86	5188011	53400
chr11	108021604	108221604	harbor1	chr11	108055303	108055396	DNA/TcMar-Tigger	426	-	46	108055349	33745
chr11	108021604	108221604	harbor1	chr11	108090833	108091040	DNA/TcMar-Tigger	604	-	104	108090937	69333
chr11	108021604	108221604	harbor1	chr11	108091351	108091381	DNA/TcMar-Tigger	604	-	15	108091366	69762
chr11	108021604	108221604	harbor1	chr11	108093169	108093719	DNA/TcMar-Tigger	2359	-	275	108093444	71840
chr11	108021604	108221604	harbor1	chr11	108093980	108094207	DNA/TcMar-Tigger	2359	-	114	108094094	72490
chr11	63739535	63939535	harbor1	chr11	63744326	63744652	DNA/TcMar-Tigger	1471	-	163	63744489	4954
chr11	64537961	64737961	harbor1	chr11	64565915	64566011	DNA/TcMar-Tigger	607	-	48	64565963	28002
chr11	64537961	64737961	harbor1	chr11	64566262	64566715	DNA/TcMar-Tigger	607	-	226	64566488	28527
chr11	67166495	67366495	harbor1	chr11	67176529	67176975	DNA/TcMar-Tigger	6028	-	223	67176752	10257
chr11	67166495	67366495	harbor1	chr11	67177273	67178021	DNA/TcMar-Tigger	6028	-	374	67177647	11152
chr11	67166495	67366495	harbor1	chr11	67197797	67198198	DNA/TcMar-Tigger	2000	-	200	67197997	31502
chr11	5127270	5327270	harbor1	chr11	5187925	5188097	DNA/TcMar-Tigger	428	-	86	5188011	60741
chr11	2054542	2254542	harbor1	chr11	2066423	2066742	DNA/TcMar-Tigger	1064	-	160	2066583	12041
chr11	2054542	2254542	harbor1	chr11	2066830	2069172	DNA/TcMar-Tigger	14403	-	1171	2068001	13459
chr11	2054542	2254542	harbor1	chr11	2069591	2069934	DNA/TcMar-Tigger	1569	-	172	2069763	15221
chr11	9514217	9714217	harbor1	chr11	9605005	9605176	DNA/TcMar-Tigger	438	-	86	9605091	90874
chr11	9514217	9714217	harbor1	chr11	9584529	9584692	DNA/TcMar-Tigger	550	-	82	9584611	70394
chr11	5134672	5334672	harbor1	chr11	5187925	5188097	DNA/TcMar-Tigger	428	-	86	5188011	53339
chr11	5134217	5334217	harbor1	chr11	5187925	5188097	DNA/TcMar-Tigger	428	-	86	5188011	53794
chr11	5134433	5334433	harbor1	chr11	5187925	5188097	DNA/TcMar-Tigger	428	-	86	5188011	53578
chr11	57399763	57599763	harbor1	chr11	57442707	57443096	DNA/TcMar-Tigger	6019	-	194	57442901	43138
chr11	57399763	57599763	harbor1	chr11	57443391	57443687	DNA/TcMar-Tigger	6019	-	148	57443539	43776
chr11	57399763	57599763	harbor1	chr11	57443996	57444276	DNA/TcMar-Tigger	4319	-	140	57444136	44373
chr11	57399763	57599763	harbor1	chr11	57441991	57442392	DNA/TcMar-Tigger	6019	-	200	57442191	42428
chr11	3008641	3208641	harbor1	chr11	3071000	3071152	DNA/TcMar-Tigger	760	-	76	3071076	62435
chr11	3008641	3208641	harbor1	chr11	3071193	3071369	DNA/TcMar-Tigger	833	-	88	3071281	62640
chr11	5132683	5332683	harbor1	chr11	5187925	5188097	DNA/TcMar-Tigger	428	-	86	5188011	55328
chr11	5128063	5328063	harbor1	chr11	5187925	5188097	DNA/TcMar-Tigger	428	-	86	5188011	59948
chr11	108021628	108221628	harbor1	chr11	108055303	108055396	DNA/TcMar-Tigger	426	-	46	108055349	33721
chr11	108021628	108221628	harbor1	chr11	108090833	108091040	DNA/TcMar-Tigger	604	-	104	108090937	69309
chr11	108021628	108221628	harbor1	chr11	108091351	108091381	DNA/TcMar-Tigger	604	-	15	108091366	69738
chr11	108021628	108221628	harbor1	chr11	108093169	108093719	DNA/TcMar-Tigger	2359	-	275	108093444	71816
chr11	108021628	108221628	harbor1	chr11	108093980	108094207	DNA/TcMar-Tigger	2359	-	114	108094094	72466
chr11	11317231	11517231	harbor1	chr11	11410378	11410947	DNA/TcMar-Tigger	1752	-	284	11410662	93431
chr11	108021537	108221537	harbor1	chr11	108055303	108055396	DNA/TcMar-Tigger	426	-	46	108055349	33812
chr11	108021537	108221537	harbor1	chr11	108090833	108091040	DNA/TcMar-Tigger	604	-	104	108090937	69400
chr11	108021537	108221537	harbor1	chr11	108091351	108091381	DNA/TcMar-Tigger	604	-	15	108091366	69829
chr11	108021537	108221537	harbor1	chr11	108093169	108093719	DNA/TcMar-Tigger	2359	-	275	108093444	71907
chr11	108021537	108221537	harbor1	chr11	108093980	108094207	DNA/TcMar-Tigger	2359	-	114	108094094	72557
chr11	5127315	5327315	harbor1	chr11	5187925	5188097	DNA/TcMar-Tigger	428	-	86	5188011	60696
chr11	5126814	5326814	harbor1	chr11	5187925	5188097	DNA/TcMar-Tigger	428	-	86	5188011	61197
chr11	3724852	3924852	harbor1	chr11	3731746	3731962	DNA/TcMar-Tigger	1386	-	108	3731854	7002
chr11	68332149	68532149	harbor1	chr11	68334915	68335074	DNA/TcMar-Tigger	1003	-	80	68334995	2846
chr11	68332149	68532149	harbor1	chr11	68335374	68335414	DNA/TcMar-Tigger	1003	-	20	68335394	3245
chr11	68332149	68532149	harbor1	chr11	68335571	68336017	DNA/TcMar-Tigger	1767	-	223	68335794	3645
chr11	68332149	68532149	harbor1	chr11	68416875	68417449	DNA/TcMar-Tigger	1759	-	287	68417162	85013
chr11	3991985	4191985	harbor1	chr11	4008359	4008918	DNA/TcMar-Tigger	3565	-	280	4008639	16654
chr11	3991985	4191985	harbor1	chr11	4050649	4051095	DNA/TcMar-Tigger	2922	-	223	4050872	58887
chr11	2952012	3152012	harbor1	chr11	2984908	2985240	DNA/TcMar-Tigger	2028	-	166	2985074	33062
chr11	2952012	3152012	harbor1	chr11	2965218	2965522	DNA/TcMar-Tigger	1415	-	152	2965370	13358
chr11	5127068	5327068	harbor1	chr11	5187925	5188097	DNA/TcMar-Tigger	428	-	86	5188011	60943
chr11	66158730	66358730	harbor1	chr11	66205579	66205659	DNA/TcMar-Tigger	1248	-	40	66205619	46889
chr11	66158730	66358730	harbor1	chr11	66205793	66205865	DNA/TcMar-Tigger	1248	-	36	66205829	47099
chr11	66158730	66358730	harbor1	chr11	66206166	66206446	DNA/TcMar-Tigger	1248	-	140	66206306	47576
chr11	66158730	66358730	harbor1	chr11	66206512	66206617	DNA/TcMar-Tigger	442	-	52	66206564	47834
chr11	3928045	4128045	harbor1	chr11	4008359	4008918	DNA/TcMar-Tigger	3565	-	280	4008639	80594
chr11	2055751	2255751	harbor1	chr11	2066423	2066742	DNA/TcMar-Tigger	1064	-	160	2066583	10832
chr11	2055751	2255751	harbor1	chr11	2066830	2069172	DNA/TcMar-Tigger	14403	-	1171	2068001	12250
chr11	2055751	2255751	harbor1	chr11	2069591	2069934	DNA/TcMar-Tigger	1569	-	172	2069763	14012
chr11	5127332	5327332	harbor1	chr11	5187925	5188097	DNA/TcMar-Tigger	428	-	86	5188011	60679
chr11	68332104	68532104	harbor1	chr11	68334915	68335074	DNA/TcMar-Tigger	1003	-	80	68334995	2891
chr11	68332104	68532104	harbor1	chr11	68335374	68335414	DNA/TcMar-Tigger	1003	-	20	68335394	3290
chr11	68332104	68532104	harbor1	chr11	68335571	68336017	DNA/TcMar-Tigger	1767	-	223	68335794	3690
chr11	68332104	68532104	harbor1	chr11	68416875	68417449	DNA/TcMar-Tigger	1759	-	287	68417162	85058
chr11	64537990	64737990	harbor1	chr11	64565915	64566011	DNA/TcMar-Tigger	607	-	48	64565963	27973
chr11	64537990	64737990	harbor1	chr11	64566262	64566715	DNA/TcMar-Tigger	607	-	226	64566488	28498
chr11	61396733	61596733	harbor1	chr11	61432277	61432602	DNA/TcMar-Tigger	1226	-	162	61432439	35706
chr11	61396733	61596733	harbor1	chr11	61457254	61457471	DNA/TcMar-Tigger	2106	-	108	61457362	60629
chr11	61396733	61596733	harbor1	chr11	61457738	61457874	DNA/TcMar-Tigger	2106	-	68	61457806	61073
chr11	5134553	5334553	harbor1	chr11	5187925	5188097	DNA/TcMar-Tigger	428	-	86	5188011	53458
chr11	5126802	5326802	harbor1	chr11	5187925	5188097	DNA/TcMar-Tigger	428	-	86	5188011	61209
chr11	77082674	77282674	harbor1	chr11	77163355	77163675	DNA/TcMar-Tigger	1633	-	160	77163515	80841
chr11	2054500	2254500	harbor1	chr11	2066423	2066742	DNA/TcMar-Tigger	1064	-	160	2066583	12083
chr11	2054500	2254500	harbor1	chr11	2066830	2069172	DNA/TcMar-Tigger	14403	-	1171	2068001	13501
chr11	2054500	2254500	harbor1	chr11	2069591	2069934	DNA/TcMar-Tigger	1569	-	172	2069763	15263
chr11	123512082	123712082	harbor1	chr11	123534020	123534435	DNA/TcMar-Tigger	2263	-	208	123534228	22146
chr11	123512082	123712082	harbor1	chr11	123588834	123589191	DNA/TcMar-Tigger	1510	-	178	123589012	76930
chr11	6201425	6401425	harbor1	chr11	6204856	6205197	DNA/TcMar-Tigger	2077	-	170	6205026	3601
chr11	6201425	6401425	harbor1	chr11	6266751	6267833	DNA/TcMar-Tigger	6557	-	541	6267292	65867
chr11	6201425	6401425	harbor1	chr11	6268143	6268222	DNA/TcMar-Tigger	6557	-	40	6268183	66758
chr11	106091678	106291678	harbor1	chr11	106104195	106104355	DNA/TcMar-Tigger	876	-	80	106104275	12597
chr11	106091678	106291678	harbor1	chr11	106108547	106109033	DNA/TcMar-Tigger	6681	-	243	106108790	17112
chr11	106091678	106291678	harbor1	chr11	106109334	106110061	DNA/TcMar-Tigger	6681	-	364	106109698	18020
chr11	106091678	106291678	harbor1	chr11	106174796	106175028	DNA/TcMar-Tigger	1446	-	116	106174912	83234
chr11	5134020	5334020	harbor1	chr11	5187925	5188097	DNA/TcMar-Tigger	428	-	86	5188011	53991
chr11	67891296	68091296	harbor1	chr11	67973761	67973957	DNA/TcMar-Tigger	740	-	98	67973859	82563
chr11	5127223	5327223	harbor1	chr11	5187925	5188097	DNA/TcMar-Tigger	428	-	86	5188011	60788
chr11	64627077	64827077	harbor1	chr11	64682615	64682798	DNA/TcMar-Tigger	461	-	92	64682707	55630
chr11	76517780	76717780	harbor1	chr11	76563225	76564780	DNA/TcMar-Tigger	11035	-	778	76564003	46223
chr11	120126957	120326957	harbor1	chr11	120136175	120136408	DNA/TcMar-Tigger	1456	-	116	120136291	9334
chr11	5129651	5329651	harbor1	chr11	5187925	5188097	DNA/TcMar-Tigger	428	-	86	5188011	58360
chr11	7991379	8191379	harbor1	chr11	7998106	7998689	DNA/TcMar-Tigger	2942	-	292	7998398	7019
chr11	7991379	8191379	harbor1	chr11	8007337	8007651	DNA/TcMar-Tigger	1745	-	157	8007494	16115
chr11	2054484	2254484	harbor1	chr11	2066423	2066742	DNA/TcMar-Tigger	1064	-	160	2066583	12099
chr11	2054484	2254484	harbor1	chr11	2066830	2069172	DNA/TcMar-Tigger	14403	-	1171	2068001	13517
chr11	2054484	2254484	harbor1	chr11	2069591	2069934	DNA/TcMar-Tigger	1569	-	172	2069763	15279
chr11	64627021	64827021	harbor1	chr11	64682615	64682798	DNA/TcMar-Tigger	461	-	92	64682707	55686
chr11	5127218	5327218	harbor1	chr11	5187925	5188097	DNA/TcMar-Tigger	428	-	86	5188011	60793
chr11	57374327	57574327	harbor1	chr11	57442707	57443096	DNA/TcMar-Tigger	6019	-	194	57442901	68574
chr11	57374327	57574327	harbor1	chr11	57443391	57443687	DNA/TcMar-Tigger	6019	-	148	57443539	69212
chr11	57374327	57574327	harbor1	chr11	57443996	57444276	DNA/TcMar-Tigger	4319	-	140	57444136	69809
chr11	57374327	57574327	harbor1	chr11	57441991	57442392	DNA/TcMar-Tigger	6019	-	200	57442191	67864
chr11	5126735	5326735	harbor1	chr11	5187925	5188097	DNA/TcMar-Tigger	428	-	86	5188011	61276
chr11	61396083	61596083	harbor1	chr11	61432277	61432602	DNA/TcMar-Tigger	1226	-	162	61432439	36356
chr11	61396083	61596083	harbor1	chr11	61457254	61457471	DNA/TcMar-Tigger	2106	-	108	61457362	61279
chr11	61396083	61596083	harbor1	chr11	61457738	61457874	DNA/TcMar-Tigger	2106	-	68	61457806	61723
chr11	5134206	5334206	harbor1	chr11	5187925	5188097	DNA/TcMar-Tigger	428	-	86	5188011	53805
chr11	64612771	64812771	harbor1	chr11	64682615	64682798	DNA/TcMar-Tigger	461	-	92	64682707	69936
chr11	66122791	66322791	harbor1	chr11	66132004	66132063	DNA/TcMar-Tigger	1701	-	30	66132034	9243
chr11	66122791	66322791	harbor1	chr11	66132435	66132681	DNA/TcMar-Tigger	1701	-	123	66132558	9767
chr11	66122791	66322791	harbor1	chr11	66132967	66133026	DNA/TcMar-Tigger	1701	-	30	66132997	10206
chr11	66122791	66322791	harbor1	chr11	66205579	66205659	DNA/TcMar-Tigger	1248	-	40	66205619	82828
chr11	66122791	66322791	harbor1	chr11	66205793	66205865	DNA/TcMar-Tigger	1248	-	36	66205829	83038
chr11	66122791	66322791	harbor1	chr11	66206166	66206446	DNA/TcMar-Tigger	1248	-	140	66206306	83515
chr11	66122791	66322791	harbor1	chr11	66206512	66206617	DNA/TcMar-Tigger	442	-	52	66206564	83773
chr11	133733693	133933693	harbor1	chr11	133759618	133759916	DNA/TcMar-Tigger	1140	-	149	133759767	26074
chr11	5127023	5327023	harbor1	chr11	5187925	5188097	DNA/TcMar-Tigger	428	-	86	5188011	60988
chr11	5132776	5332776	harbor1	chr11	5187925	5188097	DNA/TcMar-Tigger	428	-	86	5188011	55235
chr11	61396791	61596791	harbor1	chr11	61432277	61432602	DNA/TcMar-Tigger	1226	-	162	61432439	35648
chr11	61396791	61596791	harbor1	chr11	61457254	61457471	DNA/TcMar-Tigger	2106	-	108	61457362	60571
chr11	61396791	61596791	harbor1	chr11	61457738	61457874	DNA/TcMar-Tigger	2106	-	68	61457806	61015
chr11	69539285	69739285	harbor1	chr11	69559814	69559824	DNA/TcMar-Tigger	10752	-	5	69559819	20534
chr11	69539285	69739285	harbor1	chr11	69560129	69561616	DNA/TcMar-Tigger	10752	-	744	69560873	21588
chr11	69539285	69739285	harbor1	chr11	69561935	69562298	DNA/TcMar-Tigger	10752	-	182	69562117	22832
chr11	69539285	69739285	harbor1	chr11	69562293	69562472	DNA/TcMar-Tigger	1011	-	90	69562383	23098
chr11	69539285	69739285	harbor1	chr11	69583269	69583553	DNA/TcMar-Tigger	894	-	142	69583411	44126
chr11	119643261	119843261	harbor1	chr11	119717967	119718088	DNA/TcMar-Tigger	415	-	60	119718027	74766
chr11	119643261	119843261	harbor1	chr11	119718827	119719158	DNA/TcMar-Tigger	1948	-	166	119718993	75732
chr11	5125096	5325096	harbor1	chr11	5187925	5188097	DNA/TcMar-Tigger	428	-	86	5188011	62915
chr11	66158626	66358626	harbor1	chr11	66205579	66205659	DNA/TcMar-Tigger	1248	-	40	66205619	46993
chr11	66158626	66358626	harbor1	chr11	66205793	66205865	DNA/TcMar-Tigger	1248	-	36	66205829	47203
chr11	66158626	66358626	harbor1	chr11	66206166	66206446	DNA/TcMar-Tigger	1248	-	140	66206306	47680
chr11	66158626	66358626	harbor1	chr11	66206512	66206617	DNA/TcMar-Tigger	442	-	52	66206564	47938
chr11	66158676	66358676	harbor1	chr11	66205579	66205659	DNA/TcMar-Tigger	1248	-	40	66205619	46943
chr11	66158676	66358676	harbor1	chr11	66205793	66205865	DNA/TcMar-Tigger	1248	-	36	66205829	47153
chr11	66158676	66358676	harbor1	chr11	66206166	66206446	DNA/TcMar-Tigger	1248	-	140	66206306	47630
chr11	66158676	66358676	harbor1	chr11	66206512	66206617	DNA/TcMar-Tigger	442	-	52	66206564	47888
chr11	6201391	6401391	harbor1	chr11	6204856	6205197	DNA/TcMar-Tigger	2077	-	170	6205026	3635
chr11	6201391	6401391	harbor1	chr11	6266751	6267833	DNA/TcMar-Tigger	6557	-	541	6267292	65901
chr11	6201391	6401391	harbor1	chr11	6268143	6268222	DNA/TcMar-Tigger	6557	-	40	6268183	66792
chr11	124700054	124900054	harbor1	chr11	124712481	124713092	DNA/TcMar-Tigger	4135	-	306	124712787	12733
chr11	76517810	76717810	harbor1	chr11	76563225	76564780	DNA/TcMar-Tigger	11035	-	778	76564003	46193
chr11	57399809	57599809	harbor1	chr11	57442707	57443096	DNA/TcMar-Tigger	6019	-	194	57442901	43092
chr11	57399809	57599809	harbor1	chr11	57443391	57443687	DNA/TcMar-Tigger	6019	-	148	57443539	43730
chr11	57399809	57599809	harbor1	chr11	57443996	57444276	DNA/TcMar-Tigger	4319	-	140	57444136	44327
chr11	57399809	57599809	harbor1	chr11	57441991	57442392	DNA/TcMar-Tigger	6019	-	200	57442191	42382
chr12	132051944	132251944	harbor1	chr12	132085559	132085877	DNA/TcMar-Tigger	1656	-	159	132085718	33774
chr12	121697492	121897492	harbor1	chr12	121739415	121739477	DNA/TcMar-Tigger	2271	-	31	121739446	41954
chr12	121697492	121897492	harbor1	chr12	121739772	121739795	DNA/TcMar-Tigger	2271	-	12	121739784	42292
chr12	121697492	121897492	harbor1	chr12	121740078	121740202	DNA/TcMar-Tigger	2271	-	62	121740140	42648
chr12	121697492	121897492	harbor1	chr12	121740504	121740739	DNA/TcMar-Tigger	2271	-	118	121740622	43130
chr12	121697492	121897492	harbor1	chr12	121784870	121785041	DNA/TcMar-Tigger	738	-	86	121784956	87464
chr12	121697492	121897492	harbor1	chr12	121785141	121785370	DNA/TcMar-Tigger	1043	-	114	121785255	87763
chr12	62962733	63162733	harbor1	chr12	62994577	62994825	DNA/TcMar-Tigger	1420	-	124	62994701	31968
chr12	62962733	63162733	harbor1	chr12	62997382	62997593	DNA/TcMar-Tigger	703	-	106	62997488	34755
chr12	49223475	49423475	harbor1	chr12	49236606	49236958	DNA/TcMar-Tigger	1831	-	176	49236782	13307
chr12	6862749	7062749	harbor1	chr12	6944852	6945194	DNA/TcMar-Tigger	1822	-	171	6945023	82274
chr12	6863249	7063249	harbor1	chr12	6944852	6945194	DNA/TcMar-Tigger	1822	-	171	6945023	81774
chr12	6863215	7063215	harbor1	chr12	6944852	6945194	DNA/TcMar-Tigger	1822	-	171	6945023	81808
chr12	6862682	7062682	harbor1	chr12	6944852	6945194	DNA/TcMar-Tigger	1822	-	171	6945023	82341
chr12	49235659	49435659	harbor1	chr12	49236606	49236958	DNA/TcMar-Tigger	1831	-	176	49236782	1123
chr12	53132031	53332031	harbor1	chr12	53140536	53140813	DNA/TcMar-Tigger	1187	-	138	53140674	8643
chr12	52632306	52832306	harbor1	chr12	52660789	52661839	DNA/TcMar-Tigger	6386	-	525	52661314	29008
chr12	6862269	7062269	harbor1	chr12	6944852	6945194	DNA/TcMar-Tigger	1822	-	171	6945023	82754
chr12	119684757	119884757	harbor1	chr12	119691834	119692167	DNA/TcMar-Tigger	1076	-	166	119692000	7243
chr12	119684757	119884757	harbor1	chr12	119692303	119692449	DNA/TcMar-Tigger	1076	-	73	119692376	7619
chr12	119684757	119884757	harbor1	chr12	119695419	119695513	DNA/TcMar-Tigger	1806	-	47	119695466	10709
chr12	119684757	119884757	harbor1	chr12	119695795	119696048	DNA/TcMar-Tigger	1806	-	126	119695921	11164
chr12	21362986	21562986	harbor1	chr12	21456346	21457511	DNA/TcMar-Tigger	14206	-	582	21456928	93942
chr12	21362986	21562986	harbor1	chr12	21457901	21459032	DNA/TcMar-Tigger	14206	-	566	21458467	95481
chr12	110180537	110380537	harbor1	chr12	110200165	110200667	DNA/TcMar-Tigger	6932	-	251	110200416	19879
chr12	110180537	110380537	harbor1	chr12	110200968	110201120	DNA/TcMar-Tigger	6932	-	76	110201044	20507
chr12	110180537	110380537	harbor1	chr12	110201745	110202286	DNA/TcMar-Tigger	6932	-	270	110202015	21478
chr12	30880777	31080777	harbor1	chr12	30882474	30882670	DNA/TcMar-Tigger	1249	-	98	30882572	1795
chr12	92828003	93028003	harbor1	chr12	92879151	92879366	DNA/TcMar-Tigger	961	-	108	92879259	51256
chr12	92828003	93028003	harbor1	chr12	92885665	92885849	DNA/TcMar-Tigger	934	-	92	92885757	57754
chr12	56840310	57040310	harbor1	chr12	56843956	56844179	DNA/TcMar-Tigger	908	-	112	56844068	3758
chr12	56840310	57040310	harbor1	chr12	56844470	56844540	DNA/TcMar-Tigger	908	-	35	56844505	4195
chr12	6863304	7063304	harbor1	chr12	6944852	6945194	DNA/TcMar-Tigger	1822	-	171	6945023	81719
chr12	132625504	132825504	harbor1	chr12	132626841	132627006	DNA/TcMar-Tigger	6784	-	82	132626923	1419
chr12	132625504	132825504	harbor1	chr12	132627588	132628061	DNA/TcMar-Tigger	6784	-	236	132627824	2320
chr12	132625504	132825504	harbor1	chr12	132628350	132628360	DNA/TcMar-Tigger	6784	-	5	132628355	2851
chr12	132625504	132825504	harbor1	chr12	132628690	132629265	DNA/TcMar-Tigger	6784	-	288	132628978	3474
chr12	132625504	132825504	harbor1	chr12	132629257	132630307	DNA/TcMar-Tigger	5974	-	525	132629782	4278
chr12	106993251	107193251	harbor1	chr12	107014736	107014856	DNA/TcMar-Tigger	743	-	60	107014796	21545
chr12	31860001	32060001	harbor1	chr12	31926162	31926424	DNA/TcMar-Tigger	1738	-	131	31926293	66292
chr12	121697440	121897440	harbor1	chr12	121739415	121739477	DNA/TcMar-Tigger	2271	-	31	121739446	42006
chr12	121697440	121897440	harbor1	chr12	121739772	121739795	DNA/TcMar-Tigger	2271	-	12	121739784	42344
chr12	121697440	121897440	harbor1	chr12	121740078	121740202	DNA/TcMar-Tigger	2271	-	62	121740140	42700
chr12	121697440	121897440	harbor1	chr12	121740504	121740739	DNA/TcMar-Tigger	2271	-	118	121740622	43182
chr12	121697440	121897440	harbor1	chr12	121784870	121785041	DNA/TcMar-Tigger	738	-	86	121784956	87516
chr12	121697440	121897440	harbor1	chr12	121785141	121785370	DNA/TcMar-Tigger	1043	-	114	121785255	87815
chr12	21402089	21602089	harbor1	chr12	21456346	21457511	DNA/TcMar-Tigger	14206	-	582	21456928	54839
chr12	21402089	21602089	harbor1	chr12	21457901	21459032	DNA/TcMar-Tigger	14206	-	566	21458467	56378
chr12	6862158	7062158	harbor1	chr12	6944852	6945194	DNA/TcMar-Tigger	1822	-	171	6945023	82865
chr12	6863268	7063268	harbor1	chr12	6944852	6945194	DNA/TcMar-Tigger	1822	-	171	6945023	81755
chr12	94808159	95008159	harbor1	chr12	94897521	94897715	DNA/TcMar-Tigger	883	-	97	94897618	89459
chr12	6862769	7062769	harbor1	chr12	6944852	6945194	DNA/TcMar-Tigger	1822	-	171	6945023	82254
chr13	113725873	113925873	harbor1	chr13	113785864	113786097	DNA/TcMar-Tigger	480	-	116	113785980	60107
chr13	20315161	20515161	harbor1	chr13	20413504	20413831	DNA/TcMar-Tigger	1527	-	164	20413668	98507
chr13	20315121	20515121	harbor1	chr13	20413504	20413831	DNA/TcMar-Tigger	1527	-	164	20413668	98547
chr13	48135005	48335005	harbor1	chr13	48225674	48226005	DNA/TcMar-Tigger	2265	-	166	48225840	90835
chr13	20315155	20515155	harbor1	chr13	20413504	20413831	DNA/TcMar-Tigger	1527	-	164	20413668	98513
chr13	29489259	29689259	harbor1	chr13	29557297	29557672	DNA/TcMar-Tigger	2089	-	188	29557485	68226
chr13	29489259	29689259	harbor1	chr13	29559537	29559720	DNA/TcMar-Tigger	3391	-	92	29559629	70370
chr13	29489259	29689259	harbor1	chr13	29560013	29560429	DNA/TcMar-Tigger	3391	-	208	29560221	70962
chr13	29489259	29689259	harbor1	chr13	29560535	29560807	DNA/TcMar-Tigger	1391	-	136	29560671	71412
chr13	75381986	75581986	harbor1	chr13	75449312	75449531	DNA/TcMar-Tigger	1223	-	110	75449422	67436
chr13	75381986	75581986	harbor1	chr13	75475813	75475960	DNA/TcMar-Tigger	1601	-	74	75475887	93901
chr13	75381986	75581986	harbor1	chr13	75476271	75476459	DNA/TcMar-Tigger	1601	-	94	75476365	94379
chr13	20315106	20515106	harbor1	chr13	20413504	20413831	DNA/TcMar-Tigger	1527	-	164	20413668	98562
chr13	113725885	113925885	harbor1	chr13	113785864	113786097	DNA/TcMar-Tigger	480	-	116	113785980	60095
chr13	113726197	113926197	harbor1	chr13	113785864	113786097	DNA/TcMar-Tigger	480	-	116	113785980	59783
chr13	51326437	51526437	harbor1	chr13	51367014	51367350	DNA/TcMar-Tigger	1687	-	168	51367182	40745
chr13	51326437	51526437	harbor1	chr13	51414369	51414833	DNA/TcMar-Tigger	679	-	232	51414601	88164
chr13	51326437	51526437	harbor1	chr13	51414871	51415082	DNA/TcMar-Tigger	679	-	106	51414977	88540
chr13	113718997	113918997	harbor1	chr13	113785864	113786097	DNA/TcMar-Tigger	480	-	116	113785980	66983
chr13	113725726	113925726	harbor1	chr13	113785864	113786097	DNA/TcMar-Tigger	480	-	116	113785980	60254
chr13	100574944	100774944	harbor1	chr13	100613402	100613604	DNA/TcMar-Tigger	544	-	101	100613503	38559
chr13	100574944	100774944	harbor1	chr13	100633592	100633858	DNA/TcMar-Tigger	1835	-	133	100633725	58781
chr13	100574944	100774944	harbor1	chr13	100634156	100634236	DNA/TcMar-Tigger	1835	-	40	100634196	59252
chr13	20315169	20515169	harbor1	chr13	20413504	20413831	DNA/TcMar-Tigger	1527	-	164	20413668	98499
chr13	113725782	113925782	harbor1	chr13	113785864	113786097	DNA/TcMar-Tigger	480	-	116	113785980	60198
chr13	100413825	100613825	harbor1	chr13	100467670	100468741	DNA/TcMar-Tigger	7051	-	536	100468206	54381
chr13	100413825	100613825	harbor1	chr13	100470880	100471553	DNA/TcMar-Tigger	4206	-	336	100471216	57391
chr13	100413825	100613825	harbor1	chr13	100479337	100479754	DNA/TcMar-Tigger	2295	-	208	100479545	65720
chr13	100413825	100613825	harbor1	chr13	100480889	100481276	DNA/TcMar-Tigger	3586	-	194	100481083	67258
chr13	100413825	100613825	harbor1	chr13	100481570	100481872	DNA/TcMar-Tigger	3586	-	151	100481721	67896
chr13	38912775	39112775	harbor1	chr13	38963153	38963468	DNA/TcMar-Tigger	1535	-	158	38963311	50536
chr13	38912775	39112775	harbor1	chr13	38996615	38999257	DNA/TcMar-Tigger	15101	-	1321	38997936	85161
chr13	20315123	20515123	harbor1	chr13	20413504	20413831	DNA/TcMar-Tigger	1527	-	164	20413668	98545
chr13	19764706	19964706	harbor1	chr13	19807426	19807735	DNA/TcMar-Tigger	1958	-	154	19807580	42874
chr13	20315143	20515143	harbor1	chr13	20413504	20413831	DNA/TcMar-Tigger	1527	-	164	20413668	98525
chr13	113726165	113926165	harbor1	chr13	113785864	113786097	DNA/TcMar-Tigger	480	-	116	113785980	59815
chr13	113713157	113913157	harbor1	chr13	113785864	113786097	DNA/TcMar-Tigger	480	-	116	113785980	72823
chr13	24917691	25117691	harbor1	chr13	24918391	24918670	DNA/TcMar-Tigger	1587	-	140	24918531	840
chr13	24917691	25117691	harbor1	chr13	24918763	24918913	DNA/TcMar-Tigger	799	-	75	24918838	1147
chr13	100568699	100768699	harbor1	chr13	100613402	100613604	DNA/TcMar-Tigger	544	-	101	100613503	44804
chr13	100568699	100768699	harbor1	chr13	100633592	100633858	DNA/TcMar-Tigger	1835	-	133	100633725	65026
chr13	100568699	100768699	harbor1	chr13	100634156	100634236	DNA/TcMar-Tigger	1835	-	40	100634196	65497
chr13	20262753	20462753	harbor1	chr13	20273863	20274172	DNA/TcMar-Tigger	1761	-	154	20274017	11264
chr13	36814065	37014065	harbor1	chr13	36870613	36871096	DNA/TcMar-Tigger	2375	-	242	36870855	56790
chr13	36814065	37014065	harbor1	chr13	36912884	36913180	DNA/TcMar-Tigger	1206	-	148	36913032	98967
chr13	113726286	113926286	harbor1	chr13	113785864	113786097	DNA/TcMar-Tigger	480	-	116	113785980	59694
chr13	113726133	113926133	harbor1	chr13	113785864	113786097	DNA/TcMar-Tigger	480	-	116	113785980	59847
chr13	20315206	20515206	harbor1	chr13	20413504	20413831	DNA/TcMar-Tigger	1527	-	164	20413668	98462
chr13	95201275	95401275	harbor1	chr13	95256997	95257388	DNA/TcMar-Tigger	2253	-	196	95257193	55918
chr13	95201275	95401275	harbor1	chr13	95257693	95257753	DNA/TcMar-Tigger	2253	-	30	95257723	56448
chr13	36898615	37098615	harbor1	chr13	36943764	36944699	DNA/TcMar-Tigger	14257	-	468	36944232	45617
chr13	36898615	37098615	harbor1	chr13	36946252	36946639	DNA/TcMar-Tigger	14257	-	194	36946446	47831
chr13	36898615	37098615	harbor1	chr13	36946930	36947271	DNA/TcMar-Tigger	14257	-	170	36947100	48485
chr13	36898615	37098615	harbor1	chr13	36912884	36913180	DNA/TcMar-Tigger	1206	-	148	36913032	14417
chr13	36898615	37098615	harbor1	chr13	36945001	36945961	DNA/TcMar-Tigger	14257	-	480	36945481	46866
chr13	19682694	19882694	harbor1	chr13	19732442	19732612	DNA/TcMar-Tigger	652	-	85	19732527	49833
chr13	19682694	19882694	harbor1	chr13	19738304	19738521	DNA/TcMar-Tigger	1139	-	108	19738412	55718
chr13	19682694	19882694	harbor1	chr13	19738520	19738626	DNA/TcMar-Tigger	1072	-	53	19738573	55879
chr13	19682694	19882694	harbor1	chr13	19738927	19739039	DNA/TcMar-Tigger	1072	-	56	19738983	56289
chr13	36893202	37093202	harbor1	chr13	36943764	36944699	DNA/TcMar-Tigger	14257	-	468	36944232	51030
chr13	36893202	37093202	harbor1	chr13	36946252	36946639	DNA/TcMar-Tigger	14257	-	194	36946446	53244
chr13	36893202	37093202	harbor1	chr13	36946930	36947271	DNA/TcMar-Tigger	14257	-	170	36947100	53898
chr13	36893202	37093202	harbor1	chr13	36912884	36913180	DNA/TcMar-Tigger	1206	-	148	36913032	19830
chr13	36893202	37093202	harbor1	chr13	36945001	36945961	DNA/TcMar-Tigger	14257	-	480	36945481	52279
chr14	52595151	52795151	harbor1	chr14	52669498	52669763	DNA/TcMar-Tigger	615	-	132	52669630	74479
chr14	95434849	95634849	harbor1	chr14	95496837	95497037	DNA/TcMar-Tigger	491	-	100	95496937	62088
chr14	75885958	76085958	harbor1	chr14	75899356	75899565	DNA/TcMar-Tigger	476	-	104	75899460	13502
chr14	104603549	104803549	harbor1	chr14	104684750	104684993	DNA/TcMar-Tigger	615	-	122	104684872	81323
chr14	104603549	104803549	harbor1	chr14	104685055	104685141	DNA/TcMar-Tigger	459	-	43	104685098	81549
chr14	100185498	100385498	harbor1	chr14	100271501	100271700	DNA/TcMar-Tigger	831	-	100	100271601	86103
chr14	100185498	100385498	harbor1	chr14	100271859	100271987	DNA/TcMar-Tigger	500	-	64	100271923	86425
chr14	75327880	75527880	harbor1	chr14	75356187	75356719	DNA/TcMar-Tigger	948	-	266	75356453	28573
chr14	100185509	100385509	harbor1	chr14	100271501	100271700	DNA/TcMar-Tigger	831	-	100	100271601	86092
chr14	100185509	100385509	harbor1	chr14	100271859	100271987	DNA/TcMar-Tigger	500	-	64	100271923	86414
chr14	20990648	21190648	harbor1	chr14	21046612	21047047	DNA/TcMar-Tigger	2593	-	218	21046830	56182
chr14	75328395	75528395	harbor1	chr14	75356187	75356719	DNA/TcMar-Tigger	948	-	266	75356453	28058
chr14	75328436	75528436	harbor1	chr14	75356187	75356719	DNA/TcMar-Tigger	948	-	266	75356453	28017
chr14	95435211	95635211	harbor1	chr14	95496837	95497037	DNA/TcMar-Tigger	491	-	100	95496937	61726
chr14	75328363	75528363	harbor1	chr14	75356187	75356719	DNA/TcMar-Tigger	948	-	266	75356453	28090
chr14	66148048	66348048	harbor1	chr14	66236903	66237206	DNA/TcMar-Tigger	1770	-	152	66237055	89007
chr14	81174155	81374155	harbor1	chr14	81229554	81229776	DNA/TcMar-Tigger	749	-	111	81229665	55510
chr14	100229889	100429889	harbor1	chr14	100271501	100271700	DNA/TcMar-Tigger	831	-	100	100271601	41712
chr14	100229889	100429889	harbor1	chr14	100271859	100271987	DNA/TcMar-Tigger	500	-	64	100271923	42034
chr14	100234889	100434889	harbor1	chr14	100271501	100271700	DNA/TcMar-Tigger	831	-	100	100271601	36712
chr14	100234889	100434889	harbor1	chr14	100271859	100271987	DNA/TcMar-Tigger	500	-	64	100271923	37034
chr14	95435221	95635221	harbor1	chr14	95496837	95497037	DNA/TcMar-Tigger	491	-	100	95496937	61716
chr14	88923334	89123334	harbor1	chr14	88947443	88948129	DNA/TcMar-Tigger	1640	-	343	88947786	24452
chr14	95435535	95635535	harbor1	chr14	95496837	95497037	DNA/TcMar-Tigger	491	-	100	95496937	61402
chr14	91224851	91424851	harbor1	chr14	91298995	91299595	DNA/TcMar-Tigger	2906	-	300	91299295	74444
chr14	100229897	100429897	harbor1	chr14	100271501	100271700	DNA/TcMar-Tigger	831	-	100	100271601	41704
chr14	100229897	100429897	harbor1	chr14	100271859	100271987	DNA/TcMar-Tigger	500	-	64	100271923	42026
chr14	100185484	100385484	harbor1	chr14	100271501	100271700	DNA/TcMar-Tigger	831	-	100	100271601	86117
chr14	100185484	100385484	harbor1	chr14	100271859	100271987	DNA/TcMar-Tigger	500	-	64	100271923	86439
chr14	104590358	104790358	harbor1	chr14	104684750	104684993	DNA/TcMar-Tigger	615	-	122	104684872	94514
chr14	104590358	104790358	harbor1	chr14	104685055	104685141	DNA/TcMar-Tigger	459	-	43	104685098	94740
chr14	103611773	103811773	harbor1	chr14	103645507	103645762	DNA/TcMar-Tigger	1658	-	128	103645635	33862
chr14	103611773	103811773	harbor1	chr14	103646058	103646136	DNA/TcMar-Tigger	1658	-	39	103646097	34324
chr14	100182129	100382129	harbor1	chr14	100271501	100271700	DNA/TcMar-Tigger	831	-	100	100271601	89472
chr14	100182129	100382129	harbor1	chr14	100271859	100271987	DNA/TcMar-Tigger	500	-	64	100271923	89794
chr14	74822554	75022554	harbor1	chr14	74860145	74860466	DNA/TcMar-Tigger	859	-	160	74860305	37751
chr14	23452131	23652131	harbor1	chr14	23470404	23470479	DNA/TcMar-Tigger	461	-	38	23470442	18311
chr14	24047207	24247207	harbor1	chr14	24125546	24125657	DNA/TcMar-Tigger	700	-	56	24125602	78395
chr14	24047207	24247207	harbor1	chr14	24126265	24126376	DNA/TcMar-Tigger	745	-	56	24126321	79114
chr14	24047207	24247207	harbor1	chr14	24126581	24126609	DNA/TcMar-Tigger	5615	-	14	24126595	79388
chr14	24047207	24247207	harbor1	chr14	24126913	24127587	DNA/TcMar-Tigger	5615	-	337	24127250	80043
chr14	24047207	24247207	harbor1	chr14	24127852	24128026	DNA/TcMar-Tigger	5615	-	87	24127939	80732
chr14	24047207	24247207	harbor1	chr14	24128259	24128360	DNA/TcMar-Tigger	704	-	50	24128309	81102
chr14	67500240	67700240	harbor1	chr14	67501724	67501892	DNA/TcMar-Tigger	646	-	84	67501808	1568
chr14	67500240	67700240	harbor1	chr14	67543092	67543250	DNA/TcMar-Tigger	492	-	79	67543171	42931
chr14	67500240	67700240	harbor1	chr14	67594704	67594867	DNA/TcMar-Tigger	1403	-	82	67594786	94546
chr14	67500240	67700240	harbor1	chr14	67595166	67595409	DNA/TcMar-Tigger	1403	-	122	67595288	95048
chr14	94074221	94274221	harbor1	chr14	94142040	94142395	DNA/TcMar-Tigger	2714	-	178	94142218	67997
chr14	94074221	94274221	harbor1	chr14	94142429	94142573	DNA/TcMar-Tigger	2714	-	72	94142501	68280
chr14	24047697	24247697	harbor1	chr14	24125546	24125657	DNA/TcMar-Tigger	700	-	56	24125602	77905
chr14	24047697	24247697	harbor1	chr14	24126265	24126376	DNA/TcMar-Tigger	745	-	56	24126321	78624
chr14	24047697	24247697	harbor1	chr14	24126581	24126609	DNA/TcMar-Tigger	5615	-	14	24126595	78898
chr14	24047697	24247697	harbor1	chr14	24126913	24127587	DNA/TcMar-Tigger	5615	-	337	24127250	79553
chr14	24047697	24247697	harbor1	chr14	24127852	24128026	DNA/TcMar-Tigger	5615	-	87	24127939	80242
chr14	24047697	24247697	harbor1	chr14	24128259	24128360	DNA/TcMar-Tigger	704	-	50	24128309	80612
chr14	75327097	75527097	harbor1	chr14	75356187	75356719	DNA/TcMar-Tigger	948	-	266	75356453	29356
chr14	100229954	100429954	harbor1	chr14	100271501	100271700	DNA/TcMar-Tigger	831	-	100	100271601	41647
chr14	100229954	100429954	harbor1	chr14	100271859	100271987	DNA/TcMar-Tigger	500	-	64	100271923	41969
chr14	51140268	51340268	harbor1	chr14	51227415	51227623	DNA/TcMar-Tigger	1122	-	104	51227519	87251
chr14	91224777	91424777	harbor1	chr14	91298995	91299595	DNA/TcMar-Tigger	2906	-	300	91299295	74518
chr14	104623497	104823497	harbor1	chr14	104684750	104684993	DNA/TcMar-Tigger	615	-	122	104684872	61375
chr14	104623497	104823497	harbor1	chr14	104685055	104685141	DNA/TcMar-Tigger	459	-	43	104685098	61601
chr14	23054525	23254525	harbor1	chr14	23088735	23088932	DNA/TcMar-Tigger	1126	-	98	23088833	34308
chr14	100185531	100385531	harbor1	chr14	100271501	100271700	DNA/TcMar-Tigger	831	-	100	100271601	86070
chr14	100185531	100385531	harbor1	chr14	100271859	100271987	DNA/TcMar-Tigger	500	-	64	100271923	86392
chr14	103421746	103621746	harbor1	chr14	103513689	103513920	DNA/TcMar-Tigger	1202	-	116	103513805	92059
chr14	100032741	100232741	harbor1	chr14	100046135	100046283	DNA/TcMar-Tigger	923	-	74	100046209	13468
chr14	100032741	100232741	harbor1	chr14	100061593	100061967	DNA/TcMar-Tigger	2027	-	187	100061780	29039
chr14	100032741	100232741	harbor1	chr14	100088373	100088705	DNA/TcMar-Tigger	2120	-	166	100088539	55798
chr14	104588146	104788146	harbor1	chr14	104684750	104684993	DNA/TcMar-Tigger	615	-	122	104684872	96726
chr14	104588146	104788146	harbor1	chr14	104685055	104685141	DNA/TcMar-Tigger	459	-	43	104685098	96952
chr14	20990975	21190975	harbor1	chr14	21046612	21047047	DNA/TcMar-Tigger	2593	-	218	21046830	55855
chr14	104416746	104616746	harbor1	chr14	104438873	104440989	DNA/TcMar-Tigger	12247	-	1058	104439931	23185
chr14	54681742	54881742	harbor1	chr14	54713964	54714664	DNA/TcMar-Tigger	1659	-	350	54714314	32572
chr14	54681742	54881742	harbor1	chr14	54726895	54727154	DNA/TcMar-Tigger	2549	-	130	54727025	45283
chr14	54681742	54881742	harbor1	chr14	54727489	54727787	DNA/TcMar-Tigger	2549	-	149	54727638	45896
chr14	54681742	54881742	harbor1	chr14	54771925	54772199	DNA/TcMar-Tigger	782	-	137	54772062	90320
chr14	24047761	24247761	harbor1	chr14	24125546	24125657	DNA/TcMar-Tigger	700	-	56	24125602	77841
chr14	24047761	24247761	harbor1	chr14	24126265	24126376	DNA/TcMar-Tigger	745	-	56	24126321	78560
chr14	24047761	24247761	harbor1	chr14	24126581	24126609	DNA/TcMar-Tigger	5615	-	14	24126595	78834
chr14	24047761	24247761	harbor1	chr14	24126913	24127587	DNA/TcMar-Tigger	5615	-	337	24127250	79489
chr14	24047761	24247761	harbor1	chr14	24127852	24128026	DNA/TcMar-Tigger	5615	-	87	24127939	80178
chr14	24047761	24247761	harbor1	chr14	24128259	24128360	DNA/TcMar-Tigger	704	-	50	24128309	80548
chr14	103423069	103623069	harbor1	chr14	103513689	103513920	DNA/TcMar-Tigger	1202	-	116	103513805	90736
chr14	100229952	100429952	harbor1	chr14	100271501	100271700	DNA/TcMar-Tigger	831	-	100	100271601	41649
chr14	100229952	100429952	harbor1	chr14	100271859	100271987	DNA/TcMar-Tigger	500	-	64	100271923	41971
chr14	105386427	105586427	harbor1	chr14	105429024	105429290	DNA/TcMar-Tigger	1378	-	133	105429157	42730
chr14	105386427	105586427	harbor1	chr14	105430057	105430657	DNA/TcMar-Tigger	3047	-	300	105430357	43930
chr14	23981770	24181770	harbor1	chr14	23997021	23999350	DNA/TcMar-Tigger	15973	-	1164	23998185	16415
chr14	23981770	24181770	harbor1	chr14	24044669	24044947	DNA/TcMar-Tigger	9707	-	139	24044808	63038
chr14	23981770	24181770	harbor1	chr14	24045247	24046348	DNA/TcMar-Tigger	9707	-	550	24045797	64027
chr14	23981770	24181770	harbor1	chr14	24046339	24046955	DNA/TcMar-Tigger	3811	-	308	24046647	64877
chr14	103423052	103623052	harbor1	chr14	103513689	103513920	DNA/TcMar-Tigger	1202	-	116	103513805	90753
chr14	102396870	102596870	harbor1	chr14	102422275	102422468	DNA/TcMar-Tigger	949	-	96	102422371	25501
chr14	102396870	102596870	harbor1	chr14	102424013	102424330	DNA/TcMar-Tigger	1783	-	158	102424171	27301
chr14	73659652	73859652	harbor1	chr14	73680689	73681122	DNA/TcMar-Tigger	6625	-	216	73680905	21253
chr14	73659652	73859652	harbor1	chr14	73681433	73681486	DNA/TcMar-Tigger	6625	-	26	73681459	21807
chr14	73659652	73859652	harbor1	chr14	73681815	73681831	DNA/TcMar-Tigger	6625	-	8	73681823	22171
chr14	73659652	73859652	harbor1	chr14	73682118	73682171	DNA/TcMar-Tigger	6625	-	26	73682144	22492
chr14	73659652	73859652	harbor1	chr14	73682489	73682869	DNA/TcMar-Tigger	6625	-	190	73682679	23027
chr14	73659652	73859652	harbor1	chr14	73683176	73683501	DNA/TcMar-Tigger	6625	-	162	73683338	23686
chr14	24047716	24247716	harbor1	chr14	24125546	24125657	DNA/TcMar-Tigger	700	-	56	24125602	77886
chr14	24047716	24247716	harbor1	chr14	24126265	24126376	DNA/TcMar-Tigger	745	-	56	24126321	78605
chr14	24047716	24247716	harbor1	chr14	24126581	24126609	DNA/TcMar-Tigger	5615	-	14	24126595	78879
chr14	24047716	24247716	harbor1	chr14	24126913	24127587	DNA/TcMar-Tigger	5615	-	337	24127250	79534
chr14	24047716	24247716	harbor1	chr14	24127852	24128026	DNA/TcMar-Tigger	5615	-	87	24127939	80223
chr14	24047716	24247716	harbor1	chr14	24128259	24128360	DNA/TcMar-Tigger	704	-	50	24128309	80593
chr14	104000741	104200741	harbor1	chr14	104008964	104009243	DNA/TcMar-Tigger	1759	-	140	104009104	8363
chr14	104000741	104200741	harbor1	chr14	104009410	104009751	DNA/TcMar-Tigger	1901	-	170	104009580	8839
chr14	104000741	104200741	harbor1	chr14	104010312	104010566	DNA/TcMar-Tigger	1628	-	127	104010439	9698
chr14	104000741	104200741	harbor1	chr14	104010614	104010708	DNA/TcMar-Tigger	1531	-	47	104010661	9920
chr14	104000741	104200741	harbor1	chr14	104010709	104010941	DNA/TcMar-Tigger	1327	-	116	104010825	10084
chr14	104000741	104200741	harbor1	chr14	104010942	104011164	DNA/TcMar-Tigger	1531	-	111	104011053	10312
chr14	104000741	104200741	harbor1	chr14	104068358	104068869	DNA/TcMar-Tigger	3672	-	256	104068614	67873
chr14	104000741	104200741	harbor1	chr14	104069389	104069919	DNA/TcMar-Tigger	3672	-	265	104069654	68913
chr14	104000741	104200741	harbor1	chr14	104074877	104075066	DNA/TcMar-Tigger	1581	-	94	104074971	74230
chr14	104000741	104200741	harbor1	chr14	104075374	104075505	DNA/TcMar-Tigger	1581	-	66	104075440	74699
chr14	91474368	91674368	harbor1	chr14	91536818	91537014	DNA/TcMar-Tigger	1207	-	98	91536916	62548
chr14	91474368	91674368	harbor1	chr14	91537151	91537359	DNA/TcMar-Tigger	2334	-	104	91537255	62887
chr14	91474368	91674368	harbor1	chr14	91537705	91537915	DNA/TcMar-Tigger	2334	-	105	91537810	63442
chr14	91474368	91674368	harbor1	chr14	91537916	91538183	DNA/TcMar-Tigger	1475	-	134	91538050	63682
chr14	91474368	91674368	harbor1	chr14	91566089	91566099	DNA/TcMar-Tigger	951	-	5	91566094	91726
chr14	91474368	91674368	harbor1	chr14	91566405	91566582	DNA/TcMar-Tigger	951	-	88	91566493	92125
chr14	91474368	91674368	harbor1	chr14	91566579	91567009	DNA/TcMar-Tigger	2116	-	215	91566794	92426
chr14	91474368	91674368	harbor1	chr14	91537389	91537410	DNA/TcMar-Tigger	2334	-	10	91537399	63031
chr14	75328380	75528380	harbor1	chr14	75356187	75356719	DNA/TcMar-Tigger	948	-	266	75356453	28073
chr14	102631841	102831841	harbor1	chr14	102675244	102675682	DNA/TcMar-Tigger	1961	-	219	102675463	43622
chr14	64194361	64394361	harbor1	chr14	64233566	64234154	DNA/TcMar-Tigger	3099	-	294	64233860	39499
chr14	64194361	64394361	harbor1	chr14	64243196	64243535	DNA/TcMar-Tigger	1926	-	170	64243366	49005
chr14	64194361	64394361	harbor1	chr14	64266556	64266900	DNA/TcMar-Tigger	1213	-	172	64266728	72367
chr14	64194361	64394361	harbor1	chr14	64267179	64267489	DNA/TcMar-Tigger	1213	-	155	64267334	72973
chr14	103423043	103623043	harbor1	chr14	103513689	103513920	DNA/TcMar-Tigger	1202	-	116	103513805	90762
chr14	67499989	67699989	harbor1	chr14	67501724	67501892	DNA/TcMar-Tigger	646	-	84	67501808	1819
chr14	67499989	67699989	harbor1	chr14	67543092	67543250	DNA/TcMar-Tigger	492	-	79	67543171	43182
chr14	67499989	67699989	harbor1	chr14	67594704	67594867	DNA/TcMar-Tigger	1403	-	82	67594786	94797
chr14	67499989	67699989	harbor1	chr14	67595166	67595409	DNA/TcMar-Tigger	1403	-	122	67595288	95299
chr14	100182018	100382018	harbor1	chr14	100271501	100271700	DNA/TcMar-Tigger	831	-	100	100271601	89583
chr14	100182018	100382018	harbor1	chr14	100271859	100271987	DNA/TcMar-Tigger	500	-	64	100271923	89905
chr14	104015415	104215415	harbor1	chr14	104068358	104068869	DNA/TcMar-Tigger	3672	-	256	104068614	53199
chr14	104015415	104215415	harbor1	chr14	104069389	104069919	DNA/TcMar-Tigger	3672	-	265	104069654	54239
chr14	104015415	104215415	harbor1	chr14	104074877	104075066	DNA/TcMar-Tigger	1581	-	94	104074971	59556
chr14	104015415	104215415	harbor1	chr14	104075374	104075505	DNA/TcMar-Tigger	1581	-	66	104075440	60025
chr15	35445552	35645552	harbor1	chr15	35457907	35458229	DNA/TcMar-Tigger	1158	-	161	35458068	12516
chr15	35445552	35645552	harbor1	chr15	35466617	35467282	DNA/TcMar-Tigger	4917	-	332	35466949	21397
chr15	35445552	35645552	harbor1	chr15	35467596	35467834	DNA/TcMar-Tigger	4917	-	119	35467715	22163
chr15	35445552	35645552	harbor1	chr15	35467835	35468017	DNA/TcMar-Tigger	1023	-	91	35467926	22374
chr15	35446223	35646223	harbor1	chr15	35457907	35458229	DNA/TcMar-Tigger	1158	-	161	35458068	11845
chr15	35446223	35646223	harbor1	chr15	35466617	35467282	DNA/TcMar-Tigger	4917	-	332	35466949	20726
chr15	35446223	35646223	harbor1	chr15	35467596	35467834	DNA/TcMar-Tigger	4917	-	119	35467715	21492
chr15	35446223	35646223	harbor1	chr15	35467835	35468017	DNA/TcMar-Tigger	1023	-	91	35467926	21703
chr15	35446236	35646236	harbor1	chr15	35457907	35458229	DNA/TcMar-Tigger	1158	-	161	35458068	11832
chr15	35446236	35646236	harbor1	chr15	35466617	35467282	DNA/TcMar-Tigger	4917	-	332	35466949	20713
chr15	35446236	35646236	harbor1	chr15	35467596	35467834	DNA/TcMar-Tigger	4917	-	119	35467715	21479
chr15	35446236	35646236	harbor1	chr15	35467835	35468017	DNA/TcMar-Tigger	1023	-	91	35467926	21690
chr15	101843670	102043670	harbor1	chr15	101846578	101846794	DNA/TcMar-Tigger	1181	-	108	101846686	3016
chr15	101843670	102043670	harbor1	chr15	101910446	101910905	DNA/TcMar-Tigger	2325	-	230	101910676	67006
chr15	101843670	102043670	harbor1	chr15	101910906	101911040	DNA/TcMar-Tigger	1033	-	67	101910973	67303
chr15	101843670	102043670	harbor1	chr15	101911333	101911425	DNA/TcMar-Tigger	1033	-	46	101911379	67709
chr15	35446435	35646435	harbor1	chr15	35457907	35458229	DNA/TcMar-Tigger	1158	-	161	35458068	11633
chr15	35446435	35646435	harbor1	chr15	35466617	35467282	DNA/TcMar-Tigger	4917	-	332	35466949	20514
chr15	35446435	35646435	harbor1	chr15	35467596	35467834	DNA/TcMar-Tigger	4917	-	119	35467715	21280
chr15	35446435	35646435	harbor1	chr15	35467835	35468017	DNA/TcMar-Tigger	1023	-	91	35467926	21491
chr15	45029576	45229576	harbor1	chr15	45033188	45033500	DNA/TcMar-Tigger	1197	-	156	45033344	3768
chr15	35446210	35646210	harbor1	chr15	35457907	35458229	DNA/TcMar-Tigger	1158	-	161	35458068	11858
chr15	35446210	35646210	harbor1	chr15	35466617	35467282	DNA/TcMar-Tigger	4917	-	332	35466949	20739
chr15	35446210	35646210	harbor1	chr15	35467596	35467834	DNA/TcMar-Tigger	4917	-	119	35467715	21505
chr15	35446210	35646210	harbor1	chr15	35467835	35468017	DNA/TcMar-Tigger	1023	-	91	35467926	21716
chr15	35446226	35646226	harbor1	chr15	35457907	35458229	DNA/TcMar-Tigger	1158	-	161	35458068	11842
chr15	35446226	35646226	harbor1	chr15	35466617	35467282	DNA/TcMar-Tigger	4917	-	332	35466949	20723
chr15	35446226	35646226	harbor1	chr15	35467596	35467834	DNA/TcMar-Tigger	4917	-	119	35467715	21489
chr15	35446226	35646226	harbor1	chr15	35467835	35468017	DNA/TcMar-Tigger	1023	-	91	35467926	21700
chr15	35446238	35646238	harbor1	chr15	35457907	35458229	DNA/TcMar-Tigger	1158	-	161	35458068	11830
chr15	35446238	35646238	harbor1	chr15	35466617	35467282	DNA/TcMar-Tigger	4917	-	332	35466949	20711
chr15	35446238	35646238	harbor1	chr15	35467596	35467834	DNA/TcMar-Tigger	4917	-	119	35467715	21477
chr15	35446238	35646238	harbor1	chr15	35467835	35468017	DNA/TcMar-Tigger	1023	-	91	35467926	21688
chr15	31770716	31970716	harbor1	chr15	31835839	31836064	DNA/TcMar-Tigger	1345	-	112	31835951	65235
chr15	35446211	35646211	harbor1	chr15	35457907	35458229	DNA/TcMar-Tigger	1158	-	161	35458068	11857
chr15	35446211	35646211	harbor1	chr15	35466617	35467282	DNA/TcMar-Tigger	4917	-	332	35466949	20738
chr15	35446211	35646211	harbor1	chr15	35467596	35467834	DNA/TcMar-Tigger	4917	-	119	35467715	21504
chr15	35446211	35646211	harbor1	chr15	35467835	35468017	DNA/TcMar-Tigger	1023	-	91	35467926	21715
chr15	24856071	25056071	harbor1	chr15	24860493	24860835	DNA/TcMar-Tigger	1723	-	171	24860664	4593
chr15	24856071	25056071	harbor1	chr15	24861151	24861744	DNA/TcMar-Tigger	3091	-	296	24861447	5376
chr15	24856071	25056071	harbor1	chr15	24882474	24882544	DNA/TcMar-Tigger	2081	-	35	24882509	26438
chr15	24856071	25056071	harbor1	chr15	24882835	24883147	DNA/TcMar-Tigger	2081	-	156	24882991	26920
chr15	24856071	25056071	harbor1	chr15	24901479	24901705	DNA/TcMar-Tigger	970	-	113	24901592	45521
chr15	32599301	32799301	harbor1	chr15	32607947	32608067	DNA/TcMar-Tigger	824	-	60	32608007	8706
chr15	32599301	32799301	harbor1	chr15	32608065	32608166	DNA/TcMar-Tigger	412	-	50	32608115	8814
chr15	32599301	32799301	harbor1	chr15	32634284	32634516	DNA/TcMar-Tigger	1094	-	116	32634400	35099
chr15	66786957	66986957	harbor1	chr15	66841599	66841851	DNA/TcMar-Tigger	719	-	126	66841725	54768
chr15	66786957	66986957	harbor1	chr15	66875214	66875850	DNA/TcMar-Tigger	3318	-	318	66875532	88575
chr15	35446209	35646209	harbor1	chr15	35457907	35458229	DNA/TcMar-Tigger	1158	-	161	35458068	11859
chr15	35446209	35646209	harbor1	chr15	35466617	35467282	DNA/TcMar-Tigger	4917	-	332	35466949	20740
chr15	35446209	35646209	harbor1	chr15	35467596	35467834	DNA/TcMar-Tigger	4917	-	119	35467715	21506
chr15	35446209	35646209	harbor1	chr15	35467835	35468017	DNA/TcMar-Tigger	1023	-	91	35467926	21717
chr15	35446262	35646262	harbor1	chr15	35457907	35458229	DNA/TcMar-Tigger	1158	-	161	35458068	11806
chr15	35446262	35646262	harbor1	chr15	35466617	35467282	DNA/TcMar-Tigger	4917	-	332	35466949	20687
chr15	35446262	35646262	harbor1	chr15	35467596	35467834	DNA/TcMar-Tigger	4917	-	119	35467715	21453
chr15	35446262	35646262	harbor1	chr15	35467835	35468017	DNA/TcMar-Tigger	1023	-	91	35467926	21664
chr15	25339171	25539171	harbor1	chr15	25349515	25349983	DNA/TcMar-Tigger	1942	-	234	25349749	10578
chr15	25339171	25539171	harbor1	chr15	25352347	25352553	DNA/TcMar-Tigger	1158	-	103	25352450	13279
chr15	25339171	25539171	harbor1	chr15	25352550	25352650	DNA/TcMar-Tigger	594	-	50	25352600	13429
chr15	25339171	25539171	harbor1	chr15	25353342	25353578	DNA/TcMar-Tigger	1108	-	118	25353460	14289
chr15	25339171	25539171	harbor1	chr15	25400240	25400549	DNA/TcMar-Tigger	1379	-	154	25400394	61223
chr15	25339171	25539171	harbor1	chr15	25417957	25418238	DNA/TcMar-Tigger	1369	-	140	25418097	78926
chr15	25339171	25539171	harbor1	chr15	25418856	25419061	DNA/TcMar-Tigger	1150	-	102	25418958	79787
chr15	35446272	35646272	harbor1	chr15	35457907	35458229	DNA/TcMar-Tigger	1158	-	161	35458068	11796
chr15	35446272	35646272	harbor1	chr15	35466617	35467282	DNA/TcMar-Tigger	4917	-	332	35466949	20677
chr15	35446272	35646272	harbor1	chr15	35467596	35467834	DNA/TcMar-Tigger	4917	-	119	35467715	21443
chr15	35446272	35646272	harbor1	chr15	35467835	35468017	DNA/TcMar-Tigger	1023	-	91	35467926	21654
chr15	101861558	102061558	harbor1	chr15	101910446	101910905	DNA/TcMar-Tigger	2325	-	230	101910676	49118
chr15	101861558	102061558	harbor1	chr15	101910906	101911040	DNA/TcMar-Tigger	1033	-	67	101910973	49415
chr15	101861558	102061558	harbor1	chr15	101911333	101911425	DNA/TcMar-Tigger	1033	-	46	101911379	49821
chr15	34109577	34309577	harbor1	chr15	34175182	34175424	DNA/TcMar-Tigger	1194	-	121	34175303	65726
chr15	34109577	34309577	harbor1	chr15	34196767	34196971	DNA/TcMar-Tigger	455	-	102	34196869	87292
chr15	34109577	34309577	harbor1	chr15	34204390	34204481	DNA/TcMar-Tigger	413	-	46	34204436	94859
chr15	35446227	35646227	harbor1	chr15	35457907	35458229	DNA/TcMar-Tigger	1158	-	161	35458068	11841
chr15	35446227	35646227	harbor1	chr15	35466617	35467282	DNA/TcMar-Tigger	4917	-	332	35466949	20722
chr15	35446227	35646227	harbor1	chr15	35467596	35467834	DNA/TcMar-Tigger	4917	-	119	35467715	21488
chr15	35446227	35646227	harbor1	chr15	35467835	35468017	DNA/TcMar-Tigger	1023	-	91	35467926	21699
chr15	29944821	30144821	harbor1	chr15	29969402	29969537	DNA/TcMar-Tigger	4299	-	68	29969470	24649
chr15	29944821	30144821	harbor1	chr15	29969848	29970639	DNA/TcMar-Tigger	4299	-	396	29970244	25423
chr15	29944821	30144821	harbor1	chr15	29970954	29971055	DNA/TcMar-Tigger	4299	-	50	29971004	26183
chr15	29944821	30144821	harbor1	chr15	29982838	29983378	DNA/TcMar-Tigger	3124	-	270	29983108	38287
chr15	101552272	101752272	harbor1	chr15	101570886	101571474	DNA/TcMar-Tigger	3239	-	294	101571180	18908
chr15	22455716	22655716	harbor1	chr15	22498218	22498503	DNA/TcMar-Tigger	616	-	142	22498360	42644
chr15	101861545	102061545	harbor1	chr15	101910446	101910905	DNA/TcMar-Tigger	2325	-	230	101910676	49131
chr15	101861545	102061545	harbor1	chr15	101910906	101911040	DNA/TcMar-Tigger	1033	-	67	101910973	49428
chr15	101861545	102061545	harbor1	chr15	101911333	101911425	DNA/TcMar-Tigger	1033	-	46	101911379	49834
chr15	101861594	102061594	harbor1	chr15	101910446	101910905	DNA/TcMar-Tigger	2325	-	230	101910676	49082
chr15	101861594	102061594	harbor1	chr15	101910906	101911040	DNA/TcMar-Tigger	1033	-	67	101910973	49379
chr15	101861594	102061594	harbor1	chr15	101911333	101911425	DNA/TcMar-Tigger	1033	-	46	101911379	49785
chr15	41799530	41999530	harbor1	chr15	41801899	41802472	DNA/TcMar-Tigger	3764	-	286	41802185	2655
chr15	41799530	41999530	harbor1	chr15	41802774	41803015	DNA/TcMar-Tigger	3764	-	120	41802894	3364
chr15	74734286	74934286	harbor1	chr15	74741764	74741974	DNA/TcMar-Tigger	1819	-	105	74741869	7583
chr15	74734286	74934286	harbor1	chr15	74742277	74742428	DNA/TcMar-Tigger	1819	-	76	74742353	8067
chr15	74734286	74934286	harbor1	chr15	74795708	74795935	DNA/TcMar-Tigger	2168	-	114	74795822	61536
chr15	74734286	74934286	harbor1	chr15	74796243	74796445	DNA/TcMar-Tigger	2168	-	101	74796344	62058
chr15	74946674	75146674	harbor1	chr15	75024836	75024904	DNA/TcMar-Tigger	411	-	34	75024870	78196
chr15	25338738	25538738	harbor1	chr15	25349515	25349983	DNA/TcMar-Tigger	1942	-	234	25349749	11011
chr15	25338738	25538738	harbor1	chr15	25352347	25352553	DNA/TcMar-Tigger	1158	-	103	25352450	13712
chr15	25338738	25538738	harbor1	chr15	25352550	25352650	DNA/TcMar-Tigger	594	-	50	25352600	13862
chr15	25338738	25538738	harbor1	chr15	25353342	25353578	DNA/TcMar-Tigger	1108	-	118	25353460	14722
chr15	25338738	25538738	harbor1	chr15	25400240	25400549	DNA/TcMar-Tigger	1379	-	154	25400394	61656
chr15	25338738	25538738	harbor1	chr15	25417957	25418238	DNA/TcMar-Tigger	1369	-	140	25418097	79359
chr15	25338738	25538738	harbor1	chr15	25418856	25419061	DNA/TcMar-Tigger	1150	-	102	25418958	80220
chr15	35446206	35646206	harbor1	chr15	35457907	35458229	DNA/TcMar-Tigger	1158	-	161	35458068	11862
chr15	35446206	35646206	harbor1	chr15	35466617	35467282	DNA/TcMar-Tigger	4917	-	332	35466949	20743
chr15	35446206	35646206	harbor1	chr15	35467596	35467834	DNA/TcMar-Tigger	4917	-	119	35467715	21509
chr15	35446206	35646206	harbor1	chr15	35467835	35468017	DNA/TcMar-Tigger	1023	-	91	35467926	21720
chr15	35446358	35646358	harbor1	chr15	35457907	35458229	DNA/TcMar-Tigger	1158	-	161	35458068	11710
chr15	35446358	35646358	harbor1	chr15	35466617	35467282	DNA/TcMar-Tigger	4917	-	332	35466949	20591
chr15	35446358	35646358	harbor1	chr15	35467596	35467834	DNA/TcMar-Tigger	4917	-	119	35467715	21357
chr15	35446358	35646358	harbor1	chr15	35467835	35468017	DNA/TcMar-Tigger	1023	-	91	35467926	21568
chr15	35446299	35646299	harbor1	chr15	35457907	35458229	DNA/TcMar-Tigger	1158	-	161	35458068	11769
chr15	35446299	35646299	harbor1	chr15	35466617	35467282	DNA/TcMar-Tigger	4917	-	332	35466949	20650
chr15	35446299	35646299	harbor1	chr15	35467596	35467834	DNA/TcMar-Tigger	4917	-	119	35467715	21416
chr15	35446299	35646299	harbor1	chr15	35467835	35468017	DNA/TcMar-Tigger	1023	-	91	35467926	21627
chr15	78668333	78868333	harbor1	chr15	78687836	78688181	DNA/TcMar-Tigger	2108	-	172	78688008	19675
chr15	78668333	78868333	harbor1	chr15	78688481	78688508	DNA/TcMar-Tigger	2108	-	14	78688495	20162
chr15	38153030	38353030	harbor1	chr15	38193823	38194009	DNA/TcMar-Tigger	478	-	93	38193916	40886
chr15	38153030	38353030	harbor1	chr15	38243250	38243561	DNA/TcMar-Tigger	1643	-	156	38243406	90376
chr15	35443658	35643658	harbor1	chr15	35457907	35458229	DNA/TcMar-Tigger	1158	-	161	35458068	14410
chr15	35443658	35643658	harbor1	chr15	35466617	35467282	DNA/TcMar-Tigger	4917	-	332	35466949	23291
chr15	35443658	35643658	harbor1	chr15	35467596	35467834	DNA/TcMar-Tigger	4917	-	119	35467715	24057
chr15	35443658	35643658	harbor1	chr15	35467835	35468017	DNA/TcMar-Tigger	1023	-	91	35467926	24268
chr15	35446230	35646230	harbor1	chr15	35457907	35458229	DNA/TcMar-Tigger	1158	-	161	35458068	11838
chr15	35446230	35646230	harbor1	chr15	35466617	35467282	DNA/TcMar-Tigger	4917	-	332	35466949	20719
chr15	35446230	35646230	harbor1	chr15	35467596	35467834	DNA/TcMar-Tigger	4917	-	119	35467715	21485
chr15	35446230	35646230	harbor1	chr15	35467835	35468017	DNA/TcMar-Tigger	1023	-	91	35467926	21696
chr15	101854275	102054275	harbor1	chr15	101910446	101910905	DNA/TcMar-Tigger	2325	-	230	101910676	56401
chr15	101854275	102054275	harbor1	chr15	101910906	101911040	DNA/TcMar-Tigger	1033	-	67	101910973	56698
chr15	101854275	102054275	harbor1	chr15	101911333	101911425	DNA/TcMar-Tigger	1033	-	46	101911379	57104
chr15	29332978	29532978	harbor1	chr15	29351014	29351371	DNA/TcMar-Tigger	1708	-	178	29351192	18214
chr15	29332978	29532978	harbor1	chr15	29399586	29400027	DNA/TcMar-Tigger	2640	-	220	29399806	66828
chr15	29332978	29532978	harbor1	chr15	29407034	29407379	DNA/TcMar-Tigger	1972	-	172	29407206	74228
chr15	69999084	70199084	harbor1	chr15	70008320	70008604	DNA/TcMar-Tigger	1029	-	142	70008462	9378
chr15	69999084	70199084	harbor1	chr15	70043281	70043362	DNA/TcMar-Tigger	562	-	40	70043321	44237
chr15	69999084	70199084	harbor1	chr15	70043637	70043654	DNA/TcMar-Tigger	562	-	8	70043645	44561
chr15	74742325	74942325	harbor1	chr15	74742277	74742428	DNA/TcMar-Tigger	1819	-	76	74742353	28
chr15	74742325	74942325	harbor1	chr15	74795708	74795935	DNA/TcMar-Tigger	2168	-	114	74795822	53497
chr15	74742325	74942325	harbor1	chr15	74796243	74796445	DNA/TcMar-Tigger	2168	-	101	74796344	54019
chr15	74742196	74942196	harbor1	chr15	74742277	74742428	DNA/TcMar-Tigger	1819	-	76	74742353	157
chr15	74742196	74942196	harbor1	chr15	74795708	74795935	DNA/TcMar-Tigger	2168	-	114	74795822	53626
chr15	74742196	74942196	harbor1	chr15	74796243	74796445	DNA/TcMar-Tigger	2168	-	101	74796344	54148
chr15	45029523	45229523	harbor1	chr15	45033188	45033500	DNA/TcMar-Tigger	1197	-	156	45033344	3821
chr15	101861669	102061669	harbor1	chr15	101910446	101910905	DNA/TcMar-Tigger	2325	-	230	101910676	49007
chr15	101861669	102061669	harbor1	chr15	101910906	101911040	DNA/TcMar-Tigger	1033	-	67	101910973	49304
chr15	101861669	102061669	harbor1	chr15	101911333	101911425	DNA/TcMar-Tigger	1033	-	46	101911379	49710
chr15	25337980	25537980	harbor1	chr15	25349515	25349983	DNA/TcMar-Tigger	1942	-	234	25349749	11769
chr15	25337980	25537980	harbor1	chr15	25352347	25352553	DNA/TcMar-Tigger	1158	-	103	25352450	14470
chr15	25337980	25537980	harbor1	chr15	25352550	25352650	DNA/TcMar-Tigger	594	-	50	25352600	14620
chr15	25337980	25537980	harbor1	chr15	25353342	25353578	DNA/TcMar-Tigger	1108	-	118	25353460	15480
chr15	25337980	25537980	harbor1	chr15	25400240	25400549	DNA/TcMar-Tigger	1379	-	154	25400394	62414
chr15	25337980	25537980	harbor1	chr15	25417957	25418238	DNA/TcMar-Tigger	1369	-	140	25418097	80117
chr15	25337980	25537980	harbor1	chr15	25418856	25419061	DNA/TcMar-Tigger	1150	-	102	25418958	80978
chr15	31770811	31970811	harbor1	chr15	31835839	31836064	DNA/TcMar-Tigger	1345	-	112	31835951	65140
chr15	29332340	29532340	harbor1	chr15	29351014	29351371	DNA/TcMar-Tigger	1708	-	178	29351192	18852
chr15	29332340	29532340	harbor1	chr15	29399586	29400027	DNA/TcMar-Tigger	2640	-	220	29399806	67466
chr15	29332340	29532340	harbor1	chr15	29407034	29407379	DNA/TcMar-Tigger	1972	-	172	29407206	74866
chr15	35446252	35646252	harbor1	chr15	35457907	35458229	DNA/TcMar-Tigger	1158	-	161	35458068	11816
chr15	35446252	35646252	harbor1	chr15	35466617	35467282	DNA/TcMar-Tigger	4917	-	332	35466949	20697
chr15	35446252	35646252	harbor1	chr15	35467596	35467834	DNA/TcMar-Tigger	4917	-	119	35467715	21463
chr15	35446252	35646252	harbor1	chr15	35467835	35468017	DNA/TcMar-Tigger	1023	-	91	35467926	21674
chr15	20676003	20876003	harbor1	chr15	20680594	20680847	DNA/TcMar-Tigger	1182	-	126	20680720	4717
chr15	35446212	35646212	harbor1	chr15	35457907	35458229	DNA/TcMar-Tigger	1158	-	161	35458068	11856
chr15	35446212	35646212	harbor1	chr15	35466617	35467282	DNA/TcMar-Tigger	4917	-	332	35466949	20737
chr15	35446212	35646212	harbor1	chr15	35467596	35467834	DNA/TcMar-Tigger	4917	-	119	35467715	21503
chr15	35446212	35646212	harbor1	chr15	35467835	35468017	DNA/TcMar-Tigger	1023	-	91	35467926	21714
chr15	29332920	29532920	harbor1	chr15	29351014	29351371	DNA/TcMar-Tigger	1708	-	178	29351192	18272
chr15	29332920	29532920	harbor1	chr15	29399586	29400027	DNA/TcMar-Tigger	2640	-	220	29399806	66886
chr15	29332920	29532920	harbor1	chr15	29407034	29407379	DNA/TcMar-Tigger	1972	-	172	29407206	74286
chr15	60551362	60751362	harbor1	chr15	60559190	60559625	DNA/TcMar-Tigger	705	-	218	60559408	8046
chr15	60551362	60751362	harbor1	chr15	60603457	60603852	DNA/TcMar-Tigger	2828	-	198	60603655	52293
chr15	60551362	60751362	harbor1	chr15	60604155	60604404	DNA/TcMar-Tigger	2828	-	124	60604279	52917
chr15	60551362	60751362	harbor1	chr15	60641750	60642034	DNA/TcMar-Tigger	668	-	142	60641892	90530
chr15	34237807	34437807	harbor1	chr15	34294052	34294248	DNA/TcMar-Tigger	559	-	98	34294150	56343
chr15	34237807	34437807	harbor1	chr15	34294855	34295035	DNA/TcMar-Tigger	559	-	90	34294945	57138
chr15	68960308	69160308	harbor1	chr15	68971697	68972165	DNA/TcMar-Tigger	636	-	234	68971931	11623
chr15	68960308	69160308	harbor1	chr15	69025030	69025649	DNA/TcMar-Tigger	3451	-	310	69025340	65032
chr15	69999137	70199137	harbor1	chr15	70008320	70008604	DNA/TcMar-Tigger	1029	-	142	70008462	9325
chr15	69999137	70199137	harbor1	chr15	70043281	70043362	DNA/TcMar-Tigger	562	-	40	70043321	44184
chr15	69999137	70199137	harbor1	chr15	70043637	70043654	DNA/TcMar-Tigger	562	-	8	70043645	44508
chr15	35446249	35646249	harbor1	chr15	35457907	35458229	DNA/TcMar-Tigger	1158	-	161	35458068	11819
chr15	35446249	35646249	harbor1	chr15	35466617	35467282	DNA/TcMar-Tigger	4917	-	332	35466949	20700
chr15	35446249	35646249	harbor1	chr15	35467596	35467834	DNA/TcMar-Tigger	4917	-	119	35467715	21466
chr15	35446249	35646249	harbor1	chr15	35467835	35468017	DNA/TcMar-Tigger	1023	-	91	35467926	21677
chr15	35446296	35646296	harbor1	chr15	35457907	35458229	DNA/TcMar-Tigger	1158	-	161	35458068	11772
chr15	35446296	35646296	harbor1	chr15	35466617	35467282	DNA/TcMar-Tigger	4917	-	332	35466949	20653
chr15	35446296	35646296	harbor1	chr15	35467596	35467834	DNA/TcMar-Tigger	4917	-	119	35467715	21419
chr15	35446296	35646296	harbor1	chr15	35467835	35468017	DNA/TcMar-Tigger	1023	-	91	35467926	21630
chr15	100113871	100313871	harbor1	chr15	100147311	100147687	DNA/TcMar-Tigger	1562	-	188	100147499	33628
chr15	100113871	100313871	harbor1	chr15	100122507	100122927	DNA/TcMar-Tigger	2611	-	210	100122717	8846
chr15	79822730	80022730	harbor1	chr15	79849763	79849976	DNA/TcMar-Tigger	504	-	106	79849869	27139
chr15	79822730	80022730	harbor1	chr15	79897436	79897625	DNA/TcMar-Tigger	694	-	94	79897530	74800
chr15	79822730	80022730	harbor1	chr15	79897637	79897730	DNA/TcMar-Tigger	454	-	46	79897683	74953
chr15	74702668	74902668	harbor1	chr15	74741764	74741974	DNA/TcMar-Tigger	1819	-	105	74741869	39201
chr15	74702668	74902668	harbor1	chr15	74742277	74742428	DNA/TcMar-Tigger	1819	-	76	74742353	39685
chr15	74702668	74902668	harbor1	chr15	74795708	74795935	DNA/TcMar-Tigger	2168	-	114	74795822	93154
chr15	74702668	74902668	harbor1	chr15	74796243	74796445	DNA/TcMar-Tigger	2168	-	101	74796344	93676
chr15	32618868	32818868	harbor1	chr15	32634284	32634516	DNA/TcMar-Tigger	1094	-	116	32634400	15532
chr15	20675994	20875994	harbor1	chr15	20680594	20680847	DNA/TcMar-Tigger	1182	-	126	20680720	4726
chr15	35446199	35646199	harbor1	chr15	35457907	35458229	DNA/TcMar-Tigger	1158	-	161	35458068	11869
chr15	35446199	35646199	harbor1	chr15	35466617	35467282	DNA/TcMar-Tigger	4917	-	332	35466949	20750
chr15	35446199	35646199	harbor1	chr15	35467596	35467834	DNA/TcMar-Tigger	4917	-	119	35467715	21516
chr15	35446199	35646199	harbor1	chr15	35467835	35468017	DNA/TcMar-Tigger	1023	-	91	35467926	21727
chr15	101623861	101823861	harbor1	chr15	101666941	101667577	DNA/TcMar-Tigger	9658	-	318	101667259	43398
chr15	101623861	101823861	harbor1	chr15	101667894	101668693	DNA/TcMar-Tigger	9658	-	400	101668294	44433
chr15	35446288	35646288	harbor1	chr15	35457907	35458229	DNA/TcMar-Tigger	1158	-	161	35458068	11780
chr15	35446288	35646288	harbor1	chr15	35466617	35467282	DNA/TcMar-Tigger	4917	-	332	35466949	20661
chr15	35446288	35646288	harbor1	chr15	35467596	35467834	DNA/TcMar-Tigger	4917	-	119	35467715	21427
chr15	35446288	35646288	harbor1	chr15	35467835	35468017	DNA/TcMar-Tigger	1023	-	91	35467926	21638
chr15	73895408	74095408	harbor1	chr15	73962255	73962581	DNA/TcMar-Tigger	1177	-	163	73962418	67010
chr15	73895408	74095408	harbor1	chr15	73970839	73971308	DNA/TcMar-Tigger	5691	-	234	73971073	75665
chr15	73895408	74095408	harbor1	chr15	73971602	73971964	DNA/TcMar-Tigger	5691	-	181	73971783	76375
chr15	73895408	74095408	harbor1	chr15	73972245	73972526	DNA/TcMar-Tigger	5691	-	140	73972385	76977
chr16	67009864	67209864	harbor1	chr16	67039044	67039622	DNA/TcMar-Tigger	3128	-	289	67039333	29469
chr16	67009864	67209864	harbor1	chr16	67050347	67050512	DNA/TcMar-Tigger	1175	-	82	67050429	40565
chr16	67009864	67209864	harbor1	chr16	67050821	67051110	DNA/TcMar-Tigger	1175	-	144	67050965	41101
chr16	4016559	4216559	harbor1	chr16	4017965	4018206	DNA/TcMar-Tigger	856	-	120	4018085	1526
chr16	4016559	4216559	harbor1	chr16	4018512	4018806	DNA/TcMar-Tigger	856	-	147	4018659	2100
chr16	88717991	88917991	harbor1	chr16	88769048	88769220	DNA/TcMar-Tigger	718	-	86	88769134	51143
chr16	67009917	67209917	harbor1	chr16	67039044	67039622	DNA/TcMar-Tigger	3128	-	289	67039333	29416
chr16	67009917	67209917	harbor1	chr16	67050347	67050512	DNA/TcMar-Tigger	1175	-	82	67050429	40512
chr16	67009917	67209917	harbor1	chr16	67050821	67051110	DNA/TcMar-Tigger	1175	-	144	67050965	41048
chr16	73379	273379	harbor1	chr16	131621	131996	DNA/TcMar-Tigger	4341	-	188	131809	58430
chr16	73379	273379	harbor1	chr16	132307	132664	DNA/TcMar-Tigger	4341	-	178	132485	59106
chr16	73379	273379	harbor1	chr16	132969	133223	DNA/TcMar-Tigger	1565	-	127	133096	59717
chr16	73379	273379	harbor1	chr16	133663	134201	DNA/TcMar-Tigger	3010	-	269	133932	60553
chr16	66812746	67012746	harbor1	chr16	66819539	66819768	DNA/TcMar-Tigger	1205	-	114	66819653	6907
chr16	66812746	67012746	harbor1	chr16	66897768	66897979	DNA/TcMar-Tigger	2698	-	106	66897874	85128
chr16	66812746	67012746	harbor1	chr16	66898293	66898616	DNA/TcMar-Tigger	2698	-	162	66898455	85709
chr16	165869	365869	harbor1	chr16	204617	205184	DNA/TcMar-Tigger	3539	-	284	204901	39032
chr16	165869	365869	harbor1	chr16	205315	205436	DNA/TcMar-Tigger	3539	-	60	205375	39506
chr16	87292256	87492256	harbor1	chr16	87373904	87373961	DNA/TcMar-Tigger	1447	-	28	87373932	81676
chr16	87292256	87492256	harbor1	chr16	87374268	87374547	DNA/TcMar-Tigger	1447	-	140	87374408	82152
chr16	72525	272525	harbor1	chr16	131621	131996	DNA/TcMar-Tigger	4341	-	188	131809	59284
chr16	72525	272525	harbor1	chr16	132307	132664	DNA/TcMar-Tigger	4341	-	178	132485	59960
chr16	72525	272525	harbor1	chr16	132969	133223	DNA/TcMar-Tigger	1565	-	127	133096	60571
chr16	72525	272525	harbor1	chr16	133663	134201	DNA/TcMar-Tigger	3010	-	269	133932	61407
chr16	4016535	4216535	harbor1	chr16	4017965	4018206	DNA/TcMar-Tigger	856	-	120	4018085	1550
chr16	4016535	4216535	harbor1	chr16	4018512	4018806	DNA/TcMar-Tigger	856	-	147	4018659	2124
chr16	87292296	87492296	harbor1	chr16	87373904	87373961	DNA/TcMar-Tigger	1447	-	28	87373932	81636
chr16	87292296	87492296	harbor1	chr16	87374268	87374547	DNA/TcMar-Tigger	1447	-	140	87374408	82112
chr16	88283250	88483250	harbor1	chr16	88334325	88334529	DNA/TcMar-Tigger	912	-	102	88334427	51177
chr16	57702806	57902806	harbor1	chr16	57767532	57767640	DNA/TcMar-Tigger	1033	-	54	57767586	64780
chr16	57702806	57902806	harbor1	chr16	57767976	57768043	DNA/TcMar-Tigger	1033	-	34	57768010	65204
chr16	57702806	57902806	harbor1	chr16	57768360	57768499	DNA/TcMar-Tigger	1033	-	70	57768430	65624
chr16	2059412	2259412	harbor1	chr16	2068376	2068593	DNA/TcMar-Tigger	2012	-	108	2068484	9072
chr16	2059412	2259412	harbor1	chr16	2068894	2069096	DNA/TcMar-Tigger	2012	-	101	2068995	9583
chr16	2059412	2259412	harbor1	chr16	2096112	2096453	DNA/TcMar-Tigger	982	-	170	2096282	36870
chr16	1600271	1800271	harbor1	chr16	1683879	1684209	DNA/TcMar-Tigger	1763	-	165	1684044	83773
chr16	87292331	87492331	harbor1	chr16	87373904	87373961	DNA/TcMar-Tigger	1447	-	28	87373932	81601
chr16	87292331	87492331	harbor1	chr16	87374268	87374547	DNA/TcMar-Tigger	1447	-	140	87374408	82077
chr16	68145542	68345542	harbor1	chr16	68145994	68146217	DNA/TcMar-Tigger	1262	-	112	68146106	564
chr16	68145542	68345542	harbor1	chr16	68193292	68193404	DNA/TcMar-Tigger	1065	-	56	68193348	47806
chr16	68145542	68345542	harbor1	chr16	68193688	68193809	DNA/TcMar-Tigger	1065	-	60	68193748	48206
chr16	57884915	58084915	harbor1	chr16	57891208	57891346	DNA/TcMar-Tigger	742	-	69	57891277	6362
chr16	57884915	58084915	harbor1	chr16	57891516	57891555	DNA/TcMar-Tigger	2526	-	20	57891536	6621
chr16	57884915	58084915	harbor1	chr16	57891852	57892329	DNA/TcMar-Tigger	2526	-	238	57892090	7175
chr16	89474865	89674865	harbor1	chr16	89516914	89517136	DNA/TcMar-Tigger	964	-	111	89517025	42160
chr16	89474865	89674865	harbor1	chr16	89526995	89527249	DNA/TcMar-Tigger	894	-	127	89527122	52257
chr16	1517721	1717721	harbor1	chr16	1579017	1579377	DNA/TcMar-Tigger	1792	-	180	1579197	61476
chr16	66905482	67105482	harbor1	chr16	66929455	66929729	DNA/TcMar-Tigger	1372	-	137	66929592	24110
chr16	57884963	58084963	harbor1	chr16	57891208	57891346	DNA/TcMar-Tigger	742	-	69	57891277	6314
chr16	57884963	58084963	harbor1	chr16	57891516	57891555	DNA/TcMar-Tigger	2526	-	20	57891536	6573
chr16	57884963	58084963	harbor1	chr16	57891852	57892329	DNA/TcMar-Tigger	2526	-	238	57892090	7127
chr16	72962536	73162536	harbor1	chr16	73006763	73007062	DNA/TcMar-Tigger	1169	-	150	73006913	44377
chr16	57884933	58084933	harbor1	chr16	57891208	57891346	DNA/TcMar-Tigger	742	-	69	57891277	6344
chr16	57884933	58084933	harbor1	chr16	57891516	57891555	DNA/TcMar-Tigger	2526	-	20	57891536	6603
chr16	57884933	58084933	harbor1	chr16	57891852	57892329	DNA/TcMar-Tigger	2526	-	238	57892090	7157
chr16	77459	277459	harbor1	chr16	131621	131996	DNA/TcMar-Tigger	4341	-	188	131809	54350
chr16	77459	277459	harbor1	chr16	132307	132664	DNA/TcMar-Tigger	4341	-	178	132485	55026
chr16	77459	277459	harbor1	chr16	132969	133223	DNA/TcMar-Tigger	1565	-	127	133096	55637
chr16	77459	277459	harbor1	chr16	133663	134201	DNA/TcMar-Tigger	3010	-	269	133932	56473
chr16	67979040	68179040	harbor1	chr16	68051214	68051379	DNA/TcMar-Tigger	3259	-	82	68051296	72256
chr16	67979040	68179040	harbor1	chr16	68051685	68051889	DNA/TcMar-Tigger	3259	-	102	68051787	72747
chr16	67979040	68179040	harbor1	chr16	68052206	68052513	DNA/TcMar-Tigger	3259	-	154	68052360	73320
chr16	30330387	30530387	harbor1	chr16	30421981	30422229	DNA/TcMar-Tigger	1256	-	124	30422105	91718
chr16	4016523	4216523	harbor1	chr16	4017965	4018206	DNA/TcMar-Tigger	856	-	120	4018085	1562
chr16	4016523	4216523	harbor1	chr16	4018512	4018806	DNA/TcMar-Tigger	856	-	147	4018659	2136
chr16	67009907	67209907	harbor1	chr16	67039044	67039622	DNA/TcMar-Tigger	3128	-	289	67039333	29426
chr16	67009907	67209907	harbor1	chr16	67050347	67050512	DNA/TcMar-Tigger	1175	-	82	67050429	40522
chr16	67009907	67209907	harbor1	chr16	67050821	67051110	DNA/TcMar-Tigger	1175	-	144	67050965	41058
chr16	1678395	1878395	harbor1	chr16	1683879	1684209	DNA/TcMar-Tigger	1763	-	165	1684044	5649
chr16	1678395	1878395	harbor1	chr16	1748871	1749176	DNA/TcMar-Tigger	1295	-	152	1749023	70628
chr16	56464967	56664967	harbor1	chr16	56482981	56483296	DNA/TcMar-Tigger	1678	-	158	56483139	18172
chr16	57884908	58084908	harbor1	chr16	57891208	57891346	DNA/TcMar-Tigger	742	-	69	57891277	6369
chr16	57884908	58084908	harbor1	chr16	57891516	57891555	DNA/TcMar-Tigger	2526	-	20	57891536	6628
chr16	57884908	58084908	harbor1	chr16	57891852	57892329	DNA/TcMar-Tigger	2526	-	238	57892090	7182
chr16	70055	270055	harbor1	chr16	131621	131996	DNA/TcMar-Tigger	4341	-	188	131809	61754
chr16	70055	270055	harbor1	chr16	132307	132664	DNA/TcMar-Tigger	4341	-	178	132485	62430
chr16	70055	270055	harbor1	chr16	132969	133223	DNA/TcMar-Tigger	1565	-	127	133096	63041
chr16	70055	270055	harbor1	chr16	133663	134201	DNA/TcMar-Tigger	3010	-	269	133932	63877
chr16	1629276	1829276	harbor1	chr16	1683879	1684209	DNA/TcMar-Tigger	1763	-	165	1684044	54768
chr16	57884560	58084560	harbor1	chr16	57891208	57891346	DNA/TcMar-Tigger	742	-	69	57891277	6717
chr16	57884560	58084560	harbor1	chr16	57891516	57891555	DNA/TcMar-Tigger	2526	-	20	57891536	6976
chr16	57884560	58084560	harbor1	chr16	57891852	57892329	DNA/TcMar-Tigger	2526	-	238	57892090	7530
chr16	30850099	31050099	harbor1	chr16	30850392	30850930	DNA/TcMar-Tigger	2722	-	269	30850661	562
chr16	30850099	31050099	harbor1	chr16	30852792	30852923	DNA/TcMar-Tigger	12158	-	66	30852858	2759
chr16	30850099	31050099	harbor1	chr16	30853238	30854703	DNA/TcMar-Tigger	12158	-	732	30853970	3871
chr16	30850099	31050099	harbor1	chr16	30854998	30855236	DNA/TcMar-Tigger	12158	-	119	30855117	5018
chr16	30850099	31050099	harbor1	chr16	30855543	30855653	DNA/TcMar-Tigger	12158	-	55	30855598	5499
chr16	67009944	67209944	harbor1	chr16	67039044	67039622	DNA/TcMar-Tigger	3128	-	289	67039333	29389
chr16	67009944	67209944	harbor1	chr16	67050347	67050512	DNA/TcMar-Tigger	1175	-	82	67050429	40485
chr16	67009944	67209944	harbor1	chr16	67050821	67051110	DNA/TcMar-Tigger	1175	-	144	67050965	41021
chr16	167327	367327	harbor1	chr16	204617	205184	DNA/TcMar-Tigger	3539	-	284	204901	37574
chr16	167327	367327	harbor1	chr16	205315	205436	DNA/TcMar-Tigger	3539	-	60	205375	38048
chr16	66971200	67171200	harbor1	chr16	67039044	67039622	DNA/TcMar-Tigger	3128	-	289	67039333	68133
chr16	66971200	67171200	harbor1	chr16	67050347	67050512	DNA/TcMar-Tigger	1175	-	82	67050429	79229
chr16	66971200	67171200	harbor1	chr16	67050821	67051110	DNA/TcMar-Tigger	1175	-	144	67050965	79765
chr16	1555539	1755539	harbor1	chr16	1579017	1579377	DNA/TcMar-Tigger	1792	-	180	1579197	23658
chr16	67009894	67209894	harbor1	chr16	67039044	67039622	DNA/TcMar-Tigger	3128	-	289	67039333	29439
chr16	67009894	67209894	harbor1	chr16	67050347	67050512	DNA/TcMar-Tigger	1175	-	82	67050429	40535
chr16	67009894	67209894	harbor1	chr16	67050821	67051110	DNA/TcMar-Tigger	1175	-	144	67050965	41071
chr16	2501522	2701522	harbor1	chr16	2544035	2544187	DNA/TcMar-Tigger	602	-	76	2544111	42589
chr16	57884572	58084572	harbor1	chr16	57891208	57891346	DNA/TcMar-Tigger	742	-	69	57891277	6705
chr16	57884572	58084572	harbor1	chr16	57891516	57891555	DNA/TcMar-Tigger	2526	-	20	57891536	6964
chr16	57884572	58084572	harbor1	chr16	57891852	57892329	DNA/TcMar-Tigger	2526	-	238	57892090	7518
chr16	67009938	67209938	harbor1	chr16	67039044	67039622	DNA/TcMar-Tigger	3128	-	289	67039333	29395
chr16	67009938	67209938	harbor1	chr16	67050347	67050512	DNA/TcMar-Tigger	1175	-	82	67050429	40491
chr16	67009938	67209938	harbor1	chr16	67050821	67051110	DNA/TcMar-Tigger	1175	-	144	67050965	41027
chr16	88757215	88957215	harbor1	chr16	88769048	88769220	DNA/TcMar-Tigger	718	-	86	88769134	11919
chr16	86768401	86968401	harbor1	chr16	86835641	86835954	DNA/TcMar-Tigger	899	-	156	86835797	67396
chr16	67009935	67209935	harbor1	chr16	67039044	67039622	DNA/TcMar-Tigger	3128	-	289	67039333	29398
chr16	67009935	67209935	harbor1	chr16	67050347	67050512	DNA/TcMar-Tigger	1175	-	82	67050429	40494
chr16	67009935	67209935	harbor1	chr16	67050821	67051110	DNA/TcMar-Tigger	1175	-	144	67050965	41030
chr16	75363916	75563916	harbor1	chr16	75421813	75422088	DNA/TcMar-Tigger	1664	-	138	75421951	58035
chr17	7461852	7661852	harbor1	chr17	7517675	7517939	DNA/TcMar-Tigger	1031	-	132	7517807	55955
chr17	7461852	7661852	harbor1	chr17	7531865	7532033	DNA/TcMar-Tigger	885	-	84	7531949	70097
chr17	7461852	7661852	harbor1	chr17	7534349	7534511	DNA/TcMar-Tigger	1063	-	81	7534430	72578
chr17	7461852	7661852	harbor1	chr17	7534812	7534865	DNA/TcMar-Tigger	1063	-	26	7534838	72986
chr17	7461889	7661889	harbor1	chr17	7517675	7517939	DNA/TcMar-Tigger	1031	-	132	7517807	55918
chr17	7461889	7661889	harbor1	chr17	7531865	7532033	DNA/TcMar-Tigger	885	-	84	7531949	70060
chr17	7461889	7661889	harbor1	chr17	7534349	7534511	DNA/TcMar-Tigger	1063	-	81	7534430	72541
chr17	7461889	7661889	harbor1	chr17	7534812	7534865	DNA/TcMar-Tigger	1063	-	26	7534838	72949
chr17	7461834	7661834	harbor1	chr17	7517675	7517939	DNA/TcMar-Tigger	1031	-	132	7517807	55973
chr17	7461834	7661834	harbor1	chr17	7531865	7532033	DNA/TcMar-Tigger	885	-	84	7531949	70115
chr17	7461834	7661834	harbor1	chr17	7534349	7534511	DNA/TcMar-Tigger	1063	-	81	7534430	72596
chr17	7461834	7661834	harbor1	chr17	7534812	7534865	DNA/TcMar-Tigger	1063	-	26	7534838	73004
chr17	7461828	7661828	harbor1	chr17	7517675	7517939	DNA/TcMar-Tigger	1031	-	132	7517807	55979
chr17	7461828	7661828	harbor1	chr17	7531865	7532033	DNA/TcMar-Tigger	885	-	84	7531949	70121
chr17	7461828	7661828	harbor1	chr17	7534349	7534511	DNA/TcMar-Tigger	1063	-	81	7534430	72602
chr17	7461828	7661828	harbor1	chr17	7534812	7534865	DNA/TcMar-Tigger	1063	-	26	7534838	73010
chr17	57532094	57732094	harbor1	chr17	57613883	57614038	DNA/TcMar-Tigger	681	-	78	57613961	81867
chr17	57532094	57732094	harbor1	chr17	57614353	57614783	DNA/TcMar-Tigger	681	-	215	57614568	82474
chr17	7461908	7661908	harbor1	chr17	7517675	7517939	DNA/TcMar-Tigger	1031	-	132	7517807	55899
chr17	7461908	7661908	harbor1	chr17	7531865	7532033	DNA/TcMar-Tigger	885	-	84	7531949	70041
chr17	7461908	7661908	harbor1	chr17	7534349	7534511	DNA/TcMar-Tigger	1063	-	81	7534430	72522
chr17	7461908	7661908	harbor1	chr17	7534812	7534865	DNA/TcMar-Tigger	1063	-	26	7534838	72930
chr17	7461804	7661804	harbor1	chr17	7517675	7517939	DNA/TcMar-Tigger	1031	-	132	7517807	56003
chr17	7461804	7661804	harbor1	chr17	7531865	7532033	DNA/TcMar-Tigger	885	-	84	7531949	70145
chr17	7461804	7661804	harbor1	chr17	7534349	7534511	DNA/TcMar-Tigger	1063	-	81	7534430	72626
chr17	7461804	7661804	harbor1	chr17	7534812	7534865	DNA/TcMar-Tigger	1063	-	26	7534838	73034
chr17	68098090	68298090	harbor1	chr17	68123113	68123252	DNA/TcMar-Tigger	699	-	70	68123183	25093
chr17	68098090	68298090	harbor1	chr17	68139283	68139578	DNA/TcMar-Tigger	1042	-	148	68139431	41341
chr17	7461808	7661808	harbor1	chr17	7517675	7517939	DNA/TcMar-Tigger	1031	-	132	7517807	55999
chr17	7461808	7661808	harbor1	chr17	7531865	7532033	DNA/TcMar-Tigger	885	-	84	7531949	70141
chr17	7461808	7661808	harbor1	chr17	7534349	7534511	DNA/TcMar-Tigger	1063	-	81	7534430	72622
chr17	7461808	7661808	harbor1	chr17	7534812	7534865	DNA/TcMar-Tigger	1063	-	26	7534838	73030
chr17	72946166	73146166	harbor1	chr17	72982449	72982772	DNA/TcMar-Tigger	931	-	162	72982611	36445
chr17	7461890	7661890	harbor1	chr17	7517675	7517939	DNA/TcMar-Tigger	1031	-	132	7517807	55917
chr17	7461890	7661890	harbor1	chr17	7531865	7532033	DNA/TcMar-Tigger	885	-	84	7531949	70059
chr17	7461890	7661890	harbor1	chr17	7534349	7534511	DNA/TcMar-Tigger	1063	-	81	7534430	72540
chr17	7461890	7661890	harbor1	chr17	7534812	7534865	DNA/TcMar-Tigger	1063	-	26	7534838	72948
chr17	78891091	79091091	harbor1	chr17	78905876	78906089	DNA/TcMar-Tigger	1612	-	106	78905982	14891
chr17	78891091	79091091	harbor1	chr17	78906405	78906563	DNA/TcMar-Tigger	1612	-	79	78906484	15393
chr17	78891091	79091091	harbor1	chr17	78906891	78907059	DNA/TcMar-Tigger	2806	-	84	78906975	15884
chr17	78891091	79091091	harbor1	chr17	78907336	78907764	DNA/TcMar-Tigger	2806	-	214	78907550	16459
chr17	76637237	76837237	harbor1	chr17	76652088	76652710	DNA/TcMar-Tigger	4082	-	311	76652399	15162
chr17	76637237	76837237	harbor1	chr17	76653343	76653539	DNA/TcMar-Tigger	1030	-	98	76653441	16204
chr17	79041540	79241540	harbor1	chr17	79056755	79056868	DNA/TcMar-Tigger	624	-	56	79056811	15271
chr17	7461823	7661823	harbor1	chr17	7517675	7517939	DNA/TcMar-Tigger	1031	-	132	7517807	55984
chr17	7461823	7661823	harbor1	chr17	7531865	7532033	DNA/TcMar-Tigger	885	-	84	7531949	70126
chr17	7461823	7661823	harbor1	chr17	7534349	7534511	DNA/TcMar-Tigger	1063	-	81	7534430	72607
chr17	7461823	7661823	harbor1	chr17	7534812	7534865	DNA/TcMar-Tigger	1063	-	26	7534838	73015
chr17	8056291	8256291	harbor1	chr17	8128513	8128748	DNA/TcMar-Tigger	1115	-	118	8128631	72340
chr17	76637265	76837265	harbor1	chr17	76652088	76652710	DNA/TcMar-Tigger	4082	-	311	76652399	15134
chr17	76637265	76837265	harbor1	chr17	76653343	76653539	DNA/TcMar-Tigger	1030	-	98	76653441	16176
chr17	7461829	7661829	harbor1	chr17	7517675	7517939	DNA/TcMar-Tigger	1031	-	132	7517807	55978
chr17	7461829	7661829	harbor1	chr17	7531865	7532033	DNA/TcMar-Tigger	885	-	84	7531949	70120
chr17	7461829	7661829	harbor1	chr17	7534349	7534511	DNA/TcMar-Tigger	1063	-	81	7534430	72601
chr17	7461829	7661829	harbor1	chr17	7534812	7534865	DNA/TcMar-Tigger	1063	-	26	7534838	73009
chr17	76637258	76837258	harbor1	chr17	76652088	76652710	DNA/TcMar-Tigger	4082	-	311	76652399	15141
chr17	76637258	76837258	harbor1	chr17	76653343	76653539	DNA/TcMar-Tigger	1030	-	98	76653441	16183
chr17	44252837	44452837	harbor1	chr17	44289282	44289396	DNA/TcMar-Tigger	1326	-	57	44289339	36502
chr17	44252837	44452837	harbor1	chr17	44289685	44289817	DNA/TcMar-Tigger	1326	-	66	44289751	36914
chr17	44252837	44452837	harbor1	chr17	44346675	44346833	DNA/TcMar-Tigger	1062	-	79	44346754	93917
chr17	44252837	44452837	harbor1	chr17	44347145	44347230	DNA/TcMar-Tigger	1062	-	42	44347187	94350
chr17	27477770	27677770	harbor1	chr17	27548857	27549117	DNA/TcMar-Tigger	1279	-	130	27548987	71217
chr17	27477770	27677770	harbor1	chr17	27576236	27576553	DNA/TcMar-Tigger	1674	-	158	27576394	98624
chr17	27477770	27677770	harbor1	chr17	27576557	27576810	DNA/TcMar-Tigger	1372	-	126	27576683	98913
chr17	82773798	82973798	harbor1	chr17	82791746	82792020	DNA/TcMar-Tigger	1006	-	137	82791883	18085
chr17	7686387	7886387	harbor1	chr17	7773462	7773722	DNA/TcMar-Tigger	4174	-	130	7773592	87205
chr17	7686387	7886387	harbor1	chr17	7774030	7774498	DNA/TcMar-Tigger	4174	-	234	7774264	87877
chr17	7461836	7661836	harbor1	chr17	7517675	7517939	DNA/TcMar-Tigger	1031	-	132	7517807	55971
chr17	7461836	7661836	harbor1	chr17	7531865	7532033	DNA/TcMar-Tigger	885	-	84	7531949	70113
chr17	7461836	7661836	harbor1	chr17	7534349	7534511	DNA/TcMar-Tigger	1063	-	81	7534430	72594
chr17	7461836	7661836	harbor1	chr17	7534812	7534865	DNA/TcMar-Tigger	1063	-	26	7534838	73002
chr17	7461872	7661872	harbor1	chr17	7517675	7517939	DNA/TcMar-Tigger	1031	-	132	7517807	55935
chr17	7461872	7661872	harbor1	chr17	7531865	7532033	DNA/TcMar-Tigger	885	-	84	7531949	70077
chr17	7461872	7661872	harbor1	chr17	7534349	7534511	DNA/TcMar-Tigger	1063	-	81	7534430	72558
chr17	7461872	7661872	harbor1	chr17	7534812	7534865	DNA/TcMar-Tigger	1063	-	26	7534838	72966
chr17	7461869	7661869	harbor1	chr17	7517675	7517939	DNA/TcMar-Tigger	1031	-	132	7517807	55938
chr17	7461869	7661869	harbor1	chr17	7531865	7532033	DNA/TcMar-Tigger	885	-	84	7531949	70080
chr17	7461869	7661869	harbor1	chr17	7534349	7534511	DNA/TcMar-Tigger	1063	-	81	7534430	72561
chr17	7461869	7661869	harbor1	chr17	7534812	7534865	DNA/TcMar-Tigger	1063	-	26	7534838	72969
chr17	77288251	77488251	harbor1	chr17	77337819	77337914	DNA/TcMar-Tigger	14491	-	48	77337867	49616
chr17	77288251	77488251	harbor1	chr17	77338214	77338406	DNA/TcMar-Tigger	14491	-	96	77338310	50059
chr17	77288251	77488251	harbor1	chr17	77338719	77339514	DNA/TcMar-Tigger	14491	-	398	77339117	50866
chr17	77288251	77488251	harbor1	chr17	77340441	77341494	DNA/TcMar-Tigger	14491	-	526	77340967	52716
chr17	77288251	77488251	harbor1	chr17	77342105	77342309	DNA/TcMar-Tigger	14491	-	102	77342207	53956
chr17	76637275	76837275	harbor1	chr17	76652088	76652710	DNA/TcMar-Tigger	4082	-	311	76652399	15124
chr17	76637275	76837275	harbor1	chr17	76653343	76653539	DNA/TcMar-Tigger	1030	-	98	76653441	16166
chr17	38628428	38828428	harbor1	chr17	38629758	38629872	DNA/TcMar-Tigger	754	-	57	38629815	1387
chr17	38628428	38828428	harbor1	chr17	38630180	38630208	DNA/TcMar-Tigger	754	-	14	38630194	1766
chr17	49765460	49965460	harbor1	chr17	49765238	49765513	DNA/TcMar-Tigger	639	-	138	49765376	84
chr17	64955047	65155047	harbor1	chr17	65031125	65031395	DNA/TcMar-Tigger	1269	-	135	65031260	76213
chr17	64955047	65155047	harbor1	chr17	65038041	65038122	DNA/TcMar-Tigger	2039	-	40	65038081	83034
chr17	64955047	65155047	harbor1	chr17	65038727	65039024	DNA/TcMar-Tigger	2039	-	148	65038875	83828
chr17	64955047	65155047	harbor1	chr17	65053128	65053445	DNA/TcMar-Tigger	1332	-	158	65053286	98239
chr17	76636920	76836920	harbor1	chr17	76652088	76652710	DNA/TcMar-Tigger	4082	-	311	76652399	15479
chr17	76636920	76836920	harbor1	chr17	76653343	76653539	DNA/TcMar-Tigger	1030	-	98	76653441	16521
chr17	76637277	76837277	harbor1	chr17	76652088	76652710	DNA/TcMar-Tigger	4082	-	311	76652399	15122
chr17	76637277	76837277	harbor1	chr17	76653343	76653539	DNA/TcMar-Tigger	1030	-	98	76653441	16164
chr17	76298820	76498820	harbor1	chr17	76312082	76312158	DNA/TcMar-Tigger	1085	-	38	76312120	13300
chr17	76298820	76498820	harbor1	chr17	76312452	76312714	DNA/TcMar-Tigger	1085	-	131	76312583	13763
chr17	28306337	28506337	harbor1	chr17	28315795	28316021	DNA/TcMar-Tigger	1449	-	113	28315908	9571
chr17	28306337	28506337	harbor1	chr17	28316007	28316144	DNA/TcMar-Tigger	1264	-	68	28316075	9738
chr17	28306337	28506337	harbor1	chr17	28316414	28316508	DNA/TcMar-Tigger	1264	-	47	28316461	10124
chr17	7461891	7661891	harbor1	chr17	7517675	7517939	DNA/TcMar-Tigger	1031	-	132	7517807	55916
chr17	7461891	7661891	harbor1	chr17	7531865	7532033	DNA/TcMar-Tigger	885	-	84	7531949	70058
chr17	7461891	7661891	harbor1	chr17	7534349	7534511	DNA/TcMar-Tigger	1063	-	81	7534430	72539
chr17	7461891	7661891	harbor1	chr17	7534812	7534865	DNA/TcMar-Tigger	1063	-	26	7534838	72947
chr17	68035028	68235028	harbor1	chr17	68123113	68123252	DNA/TcMar-Tigger	699	-	70	68123183	88155
chr17	29471479	29671479	harbor1	chr17	29471576	29472256	DNA/TcMar-Tigger	13208	-	340	29471916	437
chr17	29471479	29671479	harbor1	chr17	29472875	29473353	DNA/TcMar-Tigger	13208	-	239	29473114	1635
chr17	29471479	29671479	harbor1	chr17	29473613	29473715	DNA/TcMar-Tigger	13208	-	51	29473664	2185
chr17	29471479	29671479	harbor1	chr17	29476612	29476842	DNA/TcMar-Tigger	831	-	115	29476727	5248
chr17	29471479	29671479	harbor1	chr17	29477145	29477227	DNA/TcMar-Tigger	831	-	41	29477186	5707
chr17	29471479	29671479	harbor1	chr17	29488087	29488288	DNA/TcMar-Tigger	1031	-	100	29488187	16708
chr17	29471479	29671479	harbor1	chr17	29488610	29488726	DNA/TcMar-Tigger	1031	-	58	29488668	17189
chr17	29471479	29671479	harbor1	chr17	29474035	29474918	DNA/TcMar-Tigger	13208	-	442	29474477	2998
chr17	9856240	10056240	harbor1	chr17	9903673	9903957	DNA/TcMar-Tigger	3380	-	142	9903815	47575
chr17	9856240	10056240	harbor1	chr17	9904263	9904566	DNA/TcMar-Tigger	3380	-	152	9904415	48175
chr17	39495693	39695693	harbor1	chr17	39508020	39508262	DNA/TcMar-Tigger	984	-	121	39508141	12448
chr17	76637325	76837325	harbor1	chr17	76652088	76652710	DNA/TcMar-Tigger	4082	-	311	76652399	15074
chr17	76637325	76837325	harbor1	chr17	76653343	76653539	DNA/TcMar-Tigger	1030	-	98	76653441	16116
chr17	7461873	7661873	harbor1	chr17	7517675	7517939	DNA/TcMar-Tigger	1031	-	132	7517807	55934
chr17	7461873	7661873	harbor1	chr17	7531865	7532033	DNA/TcMar-Tigger	885	-	84	7531949	70076
chr17	7461873	7661873	harbor1	chr17	7534349	7534511	DNA/TcMar-Tigger	1063	-	81	7534430	72557
chr17	7461873	7661873	harbor1	chr17	7534812	7534865	DNA/TcMar-Tigger	1063	-	26	7534838	72965
chr17	2830224	3030224	harbor1	chr17	2881282	2881380	DNA/TcMar-Tigger	601	-	49	2881331	51107
chr17	2838086	3038086	harbor1	chr17	2881282	2881380	DNA/TcMar-Tigger	601	-	49	2881331	43245
chr17	7461927	7661927	harbor1	chr17	7517675	7517939	DNA/TcMar-Tigger	1031	-	132	7517807	55880
chr17	7461927	7661927	harbor1	chr17	7531865	7532033	DNA/TcMar-Tigger	885	-	84	7531949	70022
chr17	7461927	7661927	harbor1	chr17	7534349	7534511	DNA/TcMar-Tigger	1063	-	81	7534430	72503
chr17	7461927	7661927	harbor1	chr17	7534812	7534865	DNA/TcMar-Tigger	1063	-	26	7534838	72911
chr17	76637321	76837321	harbor1	chr17	76652088	76652710	DNA/TcMar-Tigger	4082	-	311	76652399	15078
chr17	76637321	76837321	harbor1	chr17	76653343	76653539	DNA/TcMar-Tigger	1030	-	98	76653441	16120
chr17	7459238	7659238	harbor1	chr17	7517675	7517939	DNA/TcMar-Tigger	1031	-	132	7517807	58569
chr17	7459238	7659238	harbor1	chr17	7531865	7532033	DNA/TcMar-Tigger	885	-	84	7531949	72711
chr17	7459238	7659238	harbor1	chr17	7534349	7534511	DNA/TcMar-Tigger	1063	-	81	7534430	75192
chr17	7459238	7659238	harbor1	chr17	7534812	7534865	DNA/TcMar-Tigger	1063	-	26	7534838	75600
chr17	32776002	32976002	harbor1	chr17	32804026	32804348	DNA/TcMar-Tigger	1704	-	161	32804187	28185
chr17	31388321	31588321	harbor1	chr17	31460591	31460710	DNA/TcMar-Tigger	614	-	60	31460651	72330
chr17	40256592	40456592	harbor1	chr17	40290556	40290652	DNA/TcMar-Tigger	676	-	48	40290604	34012
chr17	40256592	40456592	harbor1	chr17	40290651	40290864	DNA/TcMar-Tigger	1108	-	106	40290757	34165
chr17	82980527	83180527	harbor1	chr17	82981773	82982024	DNA/TcMar-Tigger	1393	-	126	82981899	1372
chr17	82980527	83180527	harbor1	chr17	82982242	82982365	DNA/TcMar-Tigger	638	-	62	82982304	1777
chr17	82980527	83180527	harbor1	chr17	82999414	82999939	DNA/TcMar-Tigger	3428	-	262	82999676	19149
chr17	82980527	83180527	harbor1	chr17	83000261	83000793	DNA/TcMar-Tigger	2267	-	266	83000527	20000
chr17	28628787	28828787	harbor1	chr17	28641055	28641338	DNA/TcMar-Tigger	1094	-	142	28641197	12410
chr17	7461831	7661831	harbor1	chr17	7517675	7517939	DNA/TcMar-Tigger	1031	-	132	7517807	55976
chr17	7461831	7661831	harbor1	chr17	7531865	7532033	DNA/TcMar-Tigger	885	-	84	7531949	70118
chr17	7461831	7661831	harbor1	chr17	7534349	7534511	DNA/TcMar-Tigger	1063	-	81	7534430	72599
chr17	7461831	7661831	harbor1	chr17	7534812	7534865	DNA/TcMar-Tigger	1063	-	26	7534838	73007
chr17	76637272	76837272	harbor1	chr17	76652088	76652710	DNA/TcMar-Tigger	4082	-	311	76652399	15127
chr17	76637272	76837272	harbor1	chr17	76653343	76653539	DNA/TcMar-Tigger	1030	-	98	76653441	16169
chr17	38740425	38940425	harbor1	chr17	38759207	38759496	DNA/TcMar-Tigger	1499	-	144	38759351	18926
chr17	38619970	38819970	harbor1	chr17	38629758	38629872	DNA/TcMar-Tigger	754	-	57	38629815	9845
chr17	38619970	38819970	harbor1	chr17	38630180	38630208	DNA/TcMar-Tigger	754	-	14	38630194	10224
chr17	2829884	3029884	harbor1	chr17	2881282	2881380	DNA/TcMar-Tigger	601	-	49	2881331	51447
chr17	60048761	60248761	harbor1	chr17	60126296	60126633	DNA/TcMar-Tigger	1765	-	168	60126464	77703
chr17	76637283	76837283	harbor1	chr17	76652088	76652710	DNA/TcMar-Tigger	4082	-	311	76652399	15116
chr17	76637283	76837283	harbor1	chr17	76653343	76653539	DNA/TcMar-Tigger	1030	-	98	76653441	16158
chr17	7461858	7661858	harbor1	chr17	7517675	7517939	DNA/TcMar-Tigger	1031	-	132	7517807	55949
chr17	7461858	7661858	harbor1	chr17	7531865	7532033	DNA/TcMar-Tigger	885	-	84	7531949	70091
chr17	7461858	7661858	harbor1	chr17	7534349	7534511	DNA/TcMar-Tigger	1063	-	81	7534430	72572
chr17	7461858	7661858	harbor1	chr17	7534812	7534865	DNA/TcMar-Tigger	1063	-	26	7534838	72980
chr17	78900634	79100634	harbor1	chr17	78905876	78906089	DNA/TcMar-Tigger	1612	-	106	78905982	5348
chr17	78900634	79100634	harbor1	chr17	78906405	78906563	DNA/TcMar-Tigger	1612	-	79	78906484	5850
chr17	78900634	79100634	harbor1	chr17	78906891	78907059	DNA/TcMar-Tigger	2806	-	84	78906975	6341
chr17	78900634	79100634	harbor1	chr17	78907336	78907764	DNA/TcMar-Tigger	2806	-	214	78907550	6916
chr17	7461859	7661859	harbor1	chr17	7517675	7517939	DNA/TcMar-Tigger	1031	-	132	7517807	55948
chr17	7461859	7661859	harbor1	chr17	7531865	7532033	DNA/TcMar-Tigger	885	-	84	7531949	70090
chr17	7461859	7661859	harbor1	chr17	7534349	7534511	DNA/TcMar-Tigger	1063	-	81	7534430	72571
chr17	7461859	7661859	harbor1	chr17	7534812	7534865	DNA/TcMar-Tigger	1063	-	26	7534838	72979
chr17	76637257	76837257	harbor1	chr17	76652088	76652710	DNA/TcMar-Tigger	4082	-	311	76652399	15142
chr17	76637257	76837257	harbor1	chr17	76653343	76653539	DNA/TcMar-Tigger	1030	-	98	76653441	16184
chr17	76637285	76837285	harbor1	chr17	76652088	76652710	DNA/TcMar-Tigger	4082	-	311	76652399	15114
chr17	76637285	76837285	harbor1	chr17	76653343	76653539	DNA/TcMar-Tigger	1030	-	98	76653441	16156
chr17	7458773	7658773	harbor1	chr17	7517675	7517939	DNA/TcMar-Tigger	1031	-	132	7517807	59034
chr17	7458773	7658773	harbor1	chr17	7531865	7532033	DNA/TcMar-Tigger	885	-	84	7531949	73176
chr17	7458773	7658773	harbor1	chr17	7534349	7534511	DNA/TcMar-Tigger	1063	-	81	7534430	75657
chr17	7458773	7658773	harbor1	chr17	7534812	7534865	DNA/TcMar-Tigger	1063	-	26	7534838	76065
chr17	63346008	63546008	harbor1	chr17	63409527	63409799	DNA/TcMar-Tigger	1476	-	136	63409663	63655
chr17	63346008	63546008	harbor1	chr17	63409829	63410078	DNA/TcMar-Tigger	1212	-	124	63409953	63945
chr17	7461864	7661864	harbor1	chr17	7517675	7517939	DNA/TcMar-Tigger	1031	-	132	7517807	55943
chr17	7461864	7661864	harbor1	chr17	7531865	7532033	DNA/TcMar-Tigger	885	-	84	7531949	70085
chr17	7461864	7661864	harbor1	chr17	7534349	7534511	DNA/TcMar-Tigger	1063	-	81	7534430	72566
chr17	7461864	7661864	harbor1	chr17	7534812	7534865	DNA/TcMar-Tigger	1063	-	26	7534838	72974
chr17	63600297	63800297	harbor1	chr17	63667556	63667862	DNA/TcMar-Tigger	1375	-	153	63667709	67412
chr17	63600297	63800297	harbor1	chr17	63683620	63683876	DNA/TcMar-Tigger	1746	-	128	63683748	83451
chr17	63600297	63800297	harbor1	chr17	63684145	63684650	DNA/TcMar-Tigger	1746	-	252	63684397	84100
chr17	76637313	76837313	harbor1	chr17	76652088	76652710	DNA/TcMar-Tigger	4082	-	311	76652399	15086
chr17	76637313	76837313	harbor1	chr17	76653343	76653539	DNA/TcMar-Tigger	1030	-	98	76653441	16128
chr17	78988152	79188152	harbor1	chr17	79056755	79056868	DNA/TcMar-Tigger	624	-	56	79056811	68659
chr17	62527967	62727967	harbor1	chr17	62571172	62571476	DNA/TcMar-Tigger	1876	-	152	62571324	43357
chr17	62527967	62727967	harbor1	chr17	62592417	62592616	DNA/TcMar-Tigger	5592	-	100	62592517	64550
chr17	62527967	62727967	harbor1	chr17	62593132	62593791	DNA/TcMar-Tigger	5592	-	330	62593462	65495
chr17	62527967	62727967	harbor1	chr17	62594090	62594125	DNA/TcMar-Tigger	5592	-	18	62594108	66141
chr17	62527967	62727967	harbor1	chr17	62594431	62594789	DNA/TcMar-Tigger	2711	-	179	62594610	66643
chr17	62527967	62727967	harbor1	chr17	62594832	62594969	DNA/TcMar-Tigger	2711	-	68	62594900	66933
chr17	62527967	62727967	harbor1	chr17	62595281	62595347	DNA/TcMar-Tigger	2711	-	33	62595314	67347
chr17	62527967	62727967	harbor1	chr17	62595348	62595676	DNA/TcMar-Tigger	5592	-	164	62595512	67545
chr17	78031732	78231732	harbor1	chr17	78053908	78054312	DNA/TcMar-Tigger	2690	-	202	78054110	22378
chr17	78031732	78231732	harbor1	chr17	78055057	78055617	DNA/TcMar-Tigger	1861	-	280	78055337	23605
chr17	78031732	78231732	harbor1	chr17	78062778	78062963	DNA/TcMar-Tigger	1641	-	92	78062870	31138
chr17	78031732	78231732	harbor1	chr17	78063287	78063496	DNA/TcMar-Tigger	1641	-	104	78063391	31659
chr17	78031732	78231732	harbor1	chr17	78073585	78073781	DNA/TcMar-Tigger	1409	-	98	78073683	41951
chr17	78031732	78231732	harbor1	chr17	78073788	78074432	DNA/TcMar-Tigger	3218	-	322	78074110	42378
chr17	59909729	60109729	harbor1	chr17	59913578	59913689	DNA/TcMar-Tigger	692	-	56	59913634	3905
chr17	59909729	60109729	harbor1	chr17	59974432	59974709	DNA/TcMar-Tigger	1528	-	138	59974570	64841
chr17	59909729	60109729	harbor1	chr17	59974974	59975054	DNA/TcMar-Tigger	1528	-	40	59975014	65285
chr17	59909729	60109729	harbor1	chr17	59979391	59979494	DNA/TcMar-Tigger	598	-	52	59979443	69714
chr17	59909729	60109729	harbor1	chr17	59979982	59980119	DNA/TcMar-Tigger	1133	-	68	59980050	70321
chr17	59909729	60109729	harbor1	chr17	59980431	59980485	DNA/TcMar-Tigger	1133	-	27	59980458	70729
chr17	76637274	76837274	harbor1	chr17	76652088	76652710	DNA/TcMar-Tigger	4082	-	311	76652399	15125
chr17	76637274	76837274	harbor1	chr17	76653343	76653539	DNA/TcMar-Tigger	1030	-	98	76653441	16167
chr17	76637097	76837097	harbor1	chr17	76652088	76652710	DNA/TcMar-Tigger	4082	-	311	76652399	15302
chr17	76637097	76837097	harbor1	chr17	76653343	76653539	DNA/TcMar-Tigger	1030	-	98	76653441	16344
chr17	57767551	57967551	harbor1	chr17	57799274	57799656	DNA/TcMar-Tigger	2219	-	191	57799465	31914
chr17	27460460	27660460	harbor1	chr17	27548857	27549117	DNA/TcMar-Tigger	1279	-	130	27548987	88527
chr17	7461848	7661848	harbor1	chr17	7517675	7517939	DNA/TcMar-Tigger	1031	-	132	7517807	55959
chr17	7461848	7661848	harbor1	chr17	7531865	7532033	DNA/TcMar-Tigger	885	-	84	7531949	70101
chr17	7461848	7661848	harbor1	chr17	7534349	7534511	DNA/TcMar-Tigger	1063	-	81	7534430	72582
chr17	7461848	7661848	harbor1	chr17	7534812	7534865	DNA/TcMar-Tigger	1063	-	26	7534838	72990
chr17	47154294	47354294	harbor1	chr17	47213304	47213593	DNA/TcMar-Tigger	1231	-	144	47213448	59154
chr17	78031779	78231779	harbor1	chr17	78053908	78054312	DNA/TcMar-Tigger	2690	-	202	78054110	22331
chr17	78031779	78231779	harbor1	chr17	78055057	78055617	DNA/TcMar-Tigger	1861	-	280	78055337	23558
chr17	78031779	78231779	harbor1	chr17	78062778	78062963	DNA/TcMar-Tigger	1641	-	92	78062870	31091
chr17	78031779	78231779	harbor1	chr17	78063287	78063496	DNA/TcMar-Tigger	1641	-	104	78063391	31612
chr17	78031779	78231779	harbor1	chr17	78073585	78073781	DNA/TcMar-Tigger	1409	-	98	78073683	41904
chr17	78031779	78231779	harbor1	chr17	78073788	78074432	DNA/TcMar-Tigger	3218	-	322	78074110	42331
chr17	76635280	76835280	harbor1	chr17	76652088	76652710	DNA/TcMar-Tigger	4082	-	311	76652399	17119
chr17	76635280	76835280	harbor1	chr17	76653343	76653539	DNA/TcMar-Tigger	1030	-	98	76653441	18161
chr17	17065632	17265632	harbor1	chr17	17066563	17066713	DNA/TcMar-Tigger	3853	-	75	17066638	1006
chr17	17065632	17265632	harbor1	chr17	17067057	17067639	DNA/TcMar-Tigger	3853	-	291	17067348	1716
chr17	17065632	17265632	harbor1	chr17	17121115	17121362	DNA/TcMar-Tigger	1090	-	124	17121239	55607
chr17	39087119	39287119	harbor1	chr17	39126309	39126901	DNA/TcMar-Tigger	3298	-	296	39126605	39486
chr17	27194779	27394779	harbor1	chr17	27284249	27284388	DNA/TcMar-Tigger	830	-	70	27284319	89540
chr17	27194779	27394779	harbor1	chr17	27284694	27284744	DNA/TcMar-Tigger	830	-	25	27284719	89940
chr17	27194779	27394779	harbor1	chr17	27288352	27288530	DNA/TcMar-Tigger	1879	-	89	27288441	93662
chr17	27194779	27394779	harbor1	chr17	27288815	27288869	DNA/TcMar-Tigger	1879	-	27	27288842	94063
chr17	27194779	27394779	harbor1	chr17	27289155	27289287	DNA/TcMar-Tigger	1879	-	66	27289221	94442
chr18	26126451	26326451	harbor1	chr18	26217788	26218434	DNA/TcMar-Tigger	3632	-	323	26218111	91660
chr18	78969159	79169159	harbor1	chr18	79023798	79024136	DNA/TcMar-Tigger	1284	-	169	79023967	54808
chr18	78969159	79169159	harbor1	chr18	79024426	79024461	DNA/TcMar-Tigger	1284	-	18	79024444	55285
chr18	25990886	26190886	harbor1	chr18	26025967	26026124	DNA/TcMar-Tigger	757	-	78	26026045	35159
chr18	25990886	26190886	harbor1	chr18	26045675	26045900	DNA/TcMar-Tigger	5286	-	112	26045787	54901
chr18	25990886	26190886	harbor1	chr18	26046215	26047075	DNA/TcMar-Tigger	5286	-	430	26046645	55759
chr18	25990886	26190886	harbor1	chr18	26053949	26054277	DNA/TcMar-Tigger	1898	-	164	26054113	63227
chr18	25990886	26190886	harbor1	chr18	26070246	26070496	DNA/TcMar-Tigger	490	-	125	26070371	79485
chr18	25990886	26190886	harbor1	chr18	26083391	26083756	DNA/TcMar-Tigger	1754	-	182	26083573	92687
chr18	75105235	75305235	harbor1	chr18	75172014	75172315	DNA/TcMar-Tigger	1724	-	150	75172164	66929
chr18	26126452	26326452	harbor1	chr18	26217788	26218434	DNA/TcMar-Tigger	3632	-	323	26218111	91659
chr18	26126169	26326169	harbor1	chr18	26217788	26218434	DNA/TcMar-Tigger	3632	-	323	26218111	91942
chr18	26126503	26326503	harbor1	chr18	26217788	26218434	DNA/TcMar-Tigger	3632	-	323	26218111	91608
chr18	26126493	26326493	harbor1	chr18	26217788	26218434	DNA/TcMar-Tigger	3632	-	323	26218111	91618
chr18	26126535	26326535	harbor1	chr18	26217788	26218434	DNA/TcMar-Tigger	3632	-	323	26218111	91576
chr18	57346563	57546563	harbor1	chr18	57418101	57418308	DNA/TcMar-Tigger	1165	-	104	57418205	71642
chr18	57346563	57546563	harbor1	chr18	57418615	57418725	DNA/TcMar-Tigger	1165	-	55	57418670	72107
chr18	79295993	79495993	harbor1	chr18	79304349	79304558	DNA/TcMar-Tigger	1066	-	104	79304453	8460
chr18	79295993	79495993	harbor1	chr18	79331915	79332147	DNA/TcMar-Tigger	2237	-	116	79332031	36038
chr18	79295993	79495993	harbor1	chr18	79332449	79332663	DNA/TcMar-Tigger	2237	-	107	79332556	36563
chr18	8509901	8709901	harbor1	chr18	8606735	8607196	DNA/TcMar-Tigger	2504	-	230	8606965	97064
chr18	74356659	74556659	harbor1	chr18	74451860	74452207	DNA/TcMar-Tigger	1834	-	174	74452034	95375
chr18	26126455	26326455	harbor1	chr18	26217788	26218434	DNA/TcMar-Tigger	3632	-	323	26218111	91656
chr18	26126495	26326495	harbor1	chr18	26217788	26218434	DNA/TcMar-Tigger	3632	-	323	26218111	91616
chr18	79295927	79495927	harbor1	chr18	79304349	79304558	DNA/TcMar-Tigger	1066	-	104	79304453	8526
chr18	79295927	79495927	harbor1	chr18	79331915	79332147	DNA/TcMar-Tigger	2237	-	116	79332031	36104
chr18	79295927	79495927	harbor1	chr18	79332449	79332663	DNA/TcMar-Tigger	2237	-	107	79332556	36629
chr18	79580317	79780317	harbor1	chr18	79658248	79660550	DNA/TcMar-Tigger	13034	-	1151	79659399	79082
chr18	79580317	79780317	harbor1	chr18	79675126	79675430	DNA/TcMar-Tigger	1518	-	152	79675278	94961
chr18	26126454	26326454	harbor1	chr18	26217788	26218434	DNA/TcMar-Tigger	3632	-	323	26218111	91657
chr18	26126376	26326376	harbor1	chr18	26217788	26218434	DNA/TcMar-Tigger	3632	-	323	26218111	91735
chr19	43523586	43723586	harbor1	chr19	43550114	43550426	DNA/TcMar-Tigger	1136	-	156	43550270	26684
chr19	49751331	49951331	harbor1	chr19	49778142	49778300	DNA/TcMar-Tigger	1382	-	79	49778221	26890
chr19	49751331	49951331	harbor1	chr19	49778601	49778765	DNA/TcMar-Tigger	1382	-	82	49778683	27352
chr19	49751331	49951331	harbor1	chr19	49847561	49847628	DNA/TcMar-Tigger	833	-	34	49847595	96264
chr19	49751331	49951331	harbor1	chr19	49847982	49848095	DNA/TcMar-Tigger	833	-	56	49848038	96707
chr19	49751331	49951331	harbor1	chr19	49848388	49848565	DNA/TcMar-Tigger	833	-	88	49848476	97145
chr19	49751331	49951331	harbor1	chr19	49848862	49848954	DNA/TcMar-Tigger	833	-	46	49848908	97577
chr19	9986281	10186281	harbor1	chr19	9994609	9994907	DNA/TcMar-Tigger	1850	-	149	9994758	8477
chr19	9986281	10186281	harbor1	chr19	9995208	9995243	DNA/TcMar-Tigger	1850	-	18	9995226	8945
chr19	49751338	49951338	harbor1	chr19	49778142	49778300	DNA/TcMar-Tigger	1382	-	79	49778221	26883
chr19	49751338	49951338	harbor1	chr19	49778601	49778765	DNA/TcMar-Tigger	1382	-	82	49778683	27345
chr19	49751338	49951338	harbor1	chr19	49847561	49847628	DNA/TcMar-Tigger	833	-	34	49847595	96257
chr19	49751338	49951338	harbor1	chr19	49847982	49848095	DNA/TcMar-Tigger	833	-	56	49848038	96700
chr19	49751338	49951338	harbor1	chr19	49848388	49848565	DNA/TcMar-Tigger	833	-	88	49848476	97138
chr19	49751338	49951338	harbor1	chr19	49848862	49848954	DNA/TcMar-Tigger	833	-	46	49848908	97570
chr19	48525108	48725108	harbor1	chr19	48536333	48536535	DNA/TcMar-Tigger	1244	-	101	48536434	11326
chr19	36428193	36628193	harbor1	chr19	36492451	36492618	DNA/TcMar-Tigger	3284	-	84	36492535	64342
chr19	36428193	36628193	harbor1	chr19	36493611	36493988	DNA/TcMar-Tigger	3284	-	188	36493799	65606
chr19	36428193	36628193	harbor1	chr19	36526167	36526259	DNA/TcMar-Tigger	1647	-	46	36526213	98020
chr19	36428193	36628193	harbor1	chr19	36526557	36526811	DNA/TcMar-Tigger	1647	-	127	36526684	98491
chr19	49746065	49946065	harbor1	chr19	49778142	49778300	DNA/TcMar-Tigger	1382	-	79	49778221	32156
chr19	49746065	49946065	harbor1	chr19	49778601	49778765	DNA/TcMar-Tigger	1382	-	82	49778683	32618
chr19	49751511	49951511	harbor1	chr19	49778142	49778300	DNA/TcMar-Tigger	1382	-	79	49778221	26710
chr19	49751511	49951511	harbor1	chr19	49778601	49778765	DNA/TcMar-Tigger	1382	-	82	49778683	27172
chr19	49751511	49951511	harbor1	chr19	49847561	49847628	DNA/TcMar-Tigger	833	-	34	49847595	96084
chr19	49751511	49951511	harbor1	chr19	49847982	49848095	DNA/TcMar-Tigger	833	-	56	49848038	96527
chr19	49751511	49951511	harbor1	chr19	49848388	49848565	DNA/TcMar-Tigger	833	-	88	49848476	96965
chr19	49751511	49951511	harbor1	chr19	49848862	49848954	DNA/TcMar-Tigger	833	-	46	49848908	97397
chr19	49751471	49951471	harbor1	chr19	49778142	49778300	DNA/TcMar-Tigger	1382	-	79	49778221	26750
chr19	49751471	49951471	harbor1	chr19	49778601	49778765	DNA/TcMar-Tigger	1382	-	82	49778683	27212
chr19	49751471	49951471	harbor1	chr19	49847561	49847628	DNA/TcMar-Tigger	833	-	34	49847595	96124
chr19	49751471	49951471	harbor1	chr19	49847982	49848095	DNA/TcMar-Tigger	833	-	56	49848038	96567
chr19	49751471	49951471	harbor1	chr19	49848388	49848565	DNA/TcMar-Tigger	833	-	88	49848476	97005
chr19	49751471	49951471	harbor1	chr19	49848862	49848954	DNA/TcMar-Tigger	833	-	46	49848908	97437
chr19	51494378	51694378	harbor1	chr19	51588964	51589180	DNA/TcMar-Tigger	1372	-	108	51589072	94694
chr19	49288352	49488352	harbor1	chr19	49379046	49379217	DNA/TcMar-Tigger	1035	-	86	49379132	90780
chr19	49288352	49488352	harbor1	chr19	49379519	49379600	DNA/TcMar-Tigger	1035	-	40	49379559	91207
chr19	49751494	49951494	harbor1	chr19	49778142	49778300	DNA/TcMar-Tigger	1382	-	79	49778221	26727
chr19	49751494	49951494	harbor1	chr19	49778601	49778765	DNA/TcMar-Tigger	1382	-	82	49778683	27189
chr19	49751494	49951494	harbor1	chr19	49847561	49847628	DNA/TcMar-Tigger	833	-	34	49847595	96101
chr19	49751494	49951494	harbor1	chr19	49847982	49848095	DNA/TcMar-Tigger	833	-	56	49848038	96544
chr19	49751494	49951494	harbor1	chr19	49848388	49848565	DNA/TcMar-Tigger	833	-	88	49848476	96982
chr19	49751494	49951494	harbor1	chr19	49848862	49848954	DNA/TcMar-Tigger	833	-	46	49848908	97414
chr19	32305870	32505870	harbor1	chr19	32373384	32374169	DNA/TcMar-Tigger	3207	-	392	32373776	67906
chr19	48525076	48725076	harbor1	chr19	48536333	48536535	DNA/TcMar-Tigger	1244	-	101	48536434	11358
chr19	15298763	15498763	harbor1	chr19	15305343	15306291	DNA/TcMar-Tigger	7514	-	474	15305817	7054
chr19	15298763	15498763	harbor1	chr19	15306572	15307028	DNA/TcMar-Tigger	7514	-	228	15306800	8037
chr19	15298763	15498763	harbor1	chr19	15382523	15382669	DNA/TcMar-Tigger	801	-	73	15382596	83833
chr19	49751348	49951348	harbor1	chr19	49778142	49778300	DNA/TcMar-Tigger	1382	-	79	49778221	26873
chr19	49751348	49951348	harbor1	chr19	49778601	49778765	DNA/TcMar-Tigger	1382	-	82	49778683	27335
chr19	49751348	49951348	harbor1	chr19	49847561	49847628	DNA/TcMar-Tigger	833	-	34	49847595	96247
chr19	49751348	49951348	harbor1	chr19	49847982	49848095	DNA/TcMar-Tigger	833	-	56	49848038	96690
chr19	49751348	49951348	harbor1	chr19	49848388	49848565	DNA/TcMar-Tigger	833	-	88	49848476	97128
chr19	49751348	49951348	harbor1	chr19	49848862	49848954	DNA/TcMar-Tigger	833	-	46	49848908	97560
chr19	16427350	16627350	harbor1	chr19	16427312	16427543	DNA/TcMar-Tigger	1244	-	116	16427428	78
chr19	16427350	16627350	harbor1	chr19	16458860	16459194	DNA/TcMar-Tigger	1853	-	167	16459027	31677
chr19	49751354	49951354	harbor1	chr19	49778142	49778300	DNA/TcMar-Tigger	1382	-	79	49778221	26867
chr19	49751354	49951354	harbor1	chr19	49778601	49778765	DNA/TcMar-Tigger	1382	-	82	49778683	27329
chr19	49751354	49951354	harbor1	chr19	49847561	49847628	DNA/TcMar-Tigger	833	-	34	49847595	96241
chr19	49751354	49951354	harbor1	chr19	49847982	49848095	DNA/TcMar-Tigger	833	-	56	49848038	96684
chr19	49751354	49951354	harbor1	chr19	49848388	49848565	DNA/TcMar-Tigger	833	-	88	49848476	97122
chr19	49751354	49951354	harbor1	chr19	49848862	49848954	DNA/TcMar-Tigger	833	-	46	49848908	97554
chr19	57140991	57340991	harbor1	chr19	57216915	57217226	DNA/TcMar-Tigger	1572	-	156	57217071	76080
chr19	2877622	3077622	harbor1	chr19	2947518	2947566	DNA/TcMar-Tigger	1039	-	24	2947542	69920
chr19	2877622	3077622	harbor1	chr19	2947879	2948249	DNA/TcMar-Tigger	1039	-	185	2948064	70442
chr19	2877622	3077622	harbor1	chr19	2955390	2955483	DNA/TcMar-Tigger	916	-	46	2955436	77814
chr19	2877622	3077622	harbor1	chr19	2956106	2956223	DNA/TcMar-Tigger	916	-	58	2956164	78542
chr19	316480	516480	harbor1	chr19	320814	321265	DNA/TcMar-Tigger	1604	-	226	321040	4560
chr19	316480	516480	harbor1	chr19	340268	340691	DNA/TcMar-Tigger	2669	-	212	340480	24000
chr19	16976180	17176180	harbor1	chr19	17031468	17031553	DNA/TcMar-Tigger	982	-	42	17031510	55330
chr19	16976180	17176180	harbor1	chr19	17031875	17032011	DNA/TcMar-Tigger	982	-	68	17031943	55763
chr19	16976180	17176180	harbor1	chr19	17056375	17056517	DNA/TcMar-Tigger	681	-	71	17056446	80266
chr19	16976180	17176180	harbor1	chr19	17057417	17057600	DNA/TcMar-Tigger	1123	-	92	17057509	81329
chr19	49751516	49951516	harbor1	chr19	49778142	49778300	DNA/TcMar-Tigger	1382	-	79	49778221	26705
chr19	49751516	49951516	harbor1	chr19	49778601	49778765	DNA/TcMar-Tigger	1382	-	82	49778683	27167
chr19	49751516	49951516	harbor1	chr19	49847561	49847628	DNA/TcMar-Tigger	833	-	34	49847595	96079
chr19	49751516	49951516	harbor1	chr19	49847982	49848095	DNA/TcMar-Tigger	833	-	56	49848038	96522
chr19	49751516	49951516	harbor1	chr19	49848388	49848565	DNA/TcMar-Tigger	833	-	88	49848476	96960
chr19	49751516	49951516	harbor1	chr19	49848862	49848954	DNA/TcMar-Tigger	833	-	46	49848908	97392
chr19	8313330	8513330	harbor1	chr19	8323118	8323415	DNA/TcMar-Tigger	1132	-	148	8323266	9936
chr19	57140995	57340995	harbor1	chr19	57216915	57217226	DNA/TcMar-Tigger	1572	-	156	57217071	76076
chr19	35443648	35643648	harbor1	chr19	35469494	35469865	DNA/TcMar-Tigger	1562	-	186	35469680	26032
chr19	35443648	35643648	harbor1	chr19	35478890	35479186	DNA/TcMar-Tigger	1515	-	148	35479038	35390
chr19	49751358	49951358	harbor1	chr19	49778142	49778300	DNA/TcMar-Tigger	1382	-	79	49778221	26863
chr19	49751358	49951358	harbor1	chr19	49778601	49778765	DNA/TcMar-Tigger	1382	-	82	49778683	27325
chr19	49751358	49951358	harbor1	chr19	49847561	49847628	DNA/TcMar-Tigger	833	-	34	49847595	96237
chr19	49751358	49951358	harbor1	chr19	49847982	49848095	DNA/TcMar-Tigger	833	-	56	49848038	96680
chr19	49751358	49951358	harbor1	chr19	49848388	49848565	DNA/TcMar-Tigger	833	-	88	49848476	97118
chr19	49751358	49951358	harbor1	chr19	49848862	49848954	DNA/TcMar-Tigger	833	-	46	49848908	97550
chr19	9986298	10186298	harbor1	chr19	9994609	9994907	DNA/TcMar-Tigger	1850	-	149	9994758	8460
chr19	9986298	10186298	harbor1	chr19	9995208	9995243	DNA/TcMar-Tigger	1850	-	18	9995226	8928
chr19	49751409	49951409	harbor1	chr19	49778142	49778300	DNA/TcMar-Tigger	1382	-	79	49778221	26812
chr19	49751409	49951409	harbor1	chr19	49778601	49778765	DNA/TcMar-Tigger	1382	-	82	49778683	27274
chr19	49751409	49951409	harbor1	chr19	49847561	49847628	DNA/TcMar-Tigger	833	-	34	49847595	96186
chr19	49751409	49951409	harbor1	chr19	49847982	49848095	DNA/TcMar-Tigger	833	-	56	49848038	96629
chr19	49751409	49951409	harbor1	chr19	49848388	49848565	DNA/TcMar-Tigger	833	-	88	49848476	97067
chr19	49751409	49951409	harbor1	chr19	49848862	49848954	DNA/TcMar-Tigger	833	-	46	49848908	97499
chr19	49288353	49488353	harbor1	chr19	49379046	49379217	DNA/TcMar-Tigger	1035	-	86	49379132	90779
chr19	49288353	49488353	harbor1	chr19	49379519	49379600	DNA/TcMar-Tigger	1035	-	40	49379559	91206
chr19	10043853	10243853	harbor1	chr19	10127814	10127907	DNA/TcMar-Tigger	1670	-	46	10127860	84007
chr19	10043853	10243853	harbor1	chr19	10128223	10128270	DNA/TcMar-Tigger	1670	-	24	10128247	84394
chr19	10043853	10243853	harbor1	chr19	10128547	10128755	DNA/TcMar-Tigger	1670	-	104	10128651	84798
chr19	39407242	39607242	harbor1	chr19	39430840	39431000	DNA/TcMar-Tigger	658	-	80	39430920	23678
chr19	39407242	39607242	harbor1	chr19	39451041	39451187	DNA/TcMar-Tigger	732	-	73	39451114	43872
chr19	39407242	39607242	harbor1	chr19	39451444	39451529	DNA/TcMar-Tigger	732	-	42	39451486	44244
chr19	39407242	39607242	harbor1	chr19	39451832	39451867	DNA/TcMar-Tigger	732	-	18	39451850	44608
chr19	39407242	39607242	harbor1	chr19	39465841	39466056	DNA/TcMar-Tigger	1096	-	108	39465949	58707
chr19	55575001	55775001	harbor1	chr19	55603339	55603548	DNA/TcMar-Tigger	890	-	104	55603443	28442
chr19	35529181	35729181	harbor1	chr19	35571749	35572031	DNA/TcMar-Tigger	1835	-	141	35571890	42709
chr19	17369325	17569325	harbor1	chr19	17426690	17426896	DNA/TcMar-Tigger	1017	-	103	17426793	57468
chr19	17369325	17569325	harbor1	chr19	17427132	17427222	DNA/TcMar-Tigger	1017	-	45	17427177	57852
chr19	57140996	57340996	harbor1	chr19	57216915	57217226	DNA/TcMar-Tigger	1572	-	156	57217071	76075
chr19	9986300	10186300	harbor1	chr19	9994609	9994907	DNA/TcMar-Tigger	1850	-	149	9994758	8458
chr19	9986300	10186300	harbor1	chr19	9995208	9995243	DNA/TcMar-Tigger	1850	-	18	9995226	8926
chr19	2104874	2304874	harbor1	chr19	2122470	2122760	DNA/TcMar-Tigger	800	-	145	2122615	17741
chr19	49751330	49951330	harbor1	chr19	49778142	49778300	DNA/TcMar-Tigger	1382	-	79	49778221	26891
chr19	49751330	49951330	harbor1	chr19	49778601	49778765	DNA/TcMar-Tigger	1382	-	82	49778683	27353
chr19	49751330	49951330	harbor1	chr19	49847561	49847628	DNA/TcMar-Tigger	833	-	34	49847595	96265
chr19	49751330	49951330	harbor1	chr19	49847982	49848095	DNA/TcMar-Tigger	833	-	56	49848038	96708
chr19	49751330	49951330	harbor1	chr19	49848388	49848565	DNA/TcMar-Tigger	833	-	88	49848476	97146
chr19	49751330	49951330	harbor1	chr19	49848862	49848954	DNA/TcMar-Tigger	833	-	46	49848908	97578
chr19	49751380	49951380	harbor1	chr19	49778142	49778300	DNA/TcMar-Tigger	1382	-	79	49778221	26841
chr19	49751380	49951380	harbor1	chr19	49778601	49778765	DNA/TcMar-Tigger	1382	-	82	49778683	27303
chr19	49751380	49951380	harbor1	chr19	49847561	49847628	DNA/TcMar-Tigger	833	-	34	49847595	96215
chr19	49751380	49951380	harbor1	chr19	49847982	49848095	DNA/TcMar-Tigger	833	-	56	49848038	96658
chr19	49751380	49951380	harbor1	chr19	49848388	49848565	DNA/TcMar-Tigger	833	-	88	49848476	97096
chr19	49751380	49951380	harbor1	chr19	49848862	49848954	DNA/TcMar-Tigger	833	-	46	49848908	97528
chr19	3287910	3487910	harbor1	chr19	3287784	3288239	DNA/TcMar-Tigger	1367	-	228	3288012	102
chr19	57140775	57340775	harbor1	chr19	57216915	57217226	DNA/TcMar-Tigger	1572	-	156	57217071	76296
chr19	48525185	48725185	harbor1	chr19	48536333	48536535	DNA/TcMar-Tigger	1244	-	101	48536434	11249
chr19	49751467	49951467	harbor1	chr19	49778142	49778300	DNA/TcMar-Tigger	1382	-	79	49778221	26754
chr19	49751467	49951467	harbor1	chr19	49778601	49778765	DNA/TcMar-Tigger	1382	-	82	49778683	27216
chr19	49751467	49951467	harbor1	chr19	49847561	49847628	DNA/TcMar-Tigger	833	-	34	49847595	96128
chr19	49751467	49951467	harbor1	chr19	49847982	49848095	DNA/TcMar-Tigger	833	-	56	49848038	96571
chr19	49751467	49951467	harbor1	chr19	49848388	49848565	DNA/TcMar-Tigger	833	-	88	49848476	97009
chr19	49751467	49951467	harbor1	chr19	49848862	49848954	DNA/TcMar-Tigger	833	-	46	49848908	97441
chr19	35165609	35365609	harbor1	chr19	35165712	35165781	DNA/TcMar-Tigger	1109	-	34	35165746	137
chr19	49751332	49951332	harbor1	chr19	49778142	49778300	DNA/TcMar-Tigger	1382	-	79	49778221	26889
chr19	49751332	49951332	harbor1	chr19	49778601	49778765	DNA/TcMar-Tigger	1382	-	82	49778683	27351
chr19	49751332	49951332	harbor1	chr19	49847561	49847628	DNA/TcMar-Tigger	833	-	34	49847595	96263
chr19	49751332	49951332	harbor1	chr19	49847982	49848095	DNA/TcMar-Tigger	833	-	56	49848038	96706
chr19	49751332	49951332	harbor1	chr19	49848388	49848565	DNA/TcMar-Tigger	833	-	88	49848476	97144
chr19	49751332	49951332	harbor1	chr19	49848862	49848954	DNA/TcMar-Tigger	833	-	46	49848908	97576
chr19	16472387	16672387	harbor1	chr19	16562395	16562706	DNA/TcMar-Tigger	1430	-	156	16562551	90164
chr19	48525114	48725114	harbor1	chr19	48536333	48536535	DNA/TcMar-Tigger	1244	-	101	48536434	11320
chr19	6729031	6929031	harbor1	chr19	6780339	6780528	DNA/TcMar-Tigger	1110	-	94	6780433	51402
chr19	39302722	39502722	harbor1	chr19	39387062	39387362	DNA/TcMar-Tigger	1692	-	150	39387212	84490
chr19	5599502	5799502	harbor1	chr19	5628304	5628592	DNA/TcMar-Tigger	1163	-	144	5628448	28946
chr19	5599502	5799502	harbor1	chr19	5660129	5660304	DNA/TcMar-Tigger	824	-	88	5660217	60715
chr19	49730221	49930221	harbor1	chr19	49778142	49778300	DNA/TcMar-Tigger	1382	-	79	49778221	48000
chr19	49730221	49930221	harbor1	chr19	49778601	49778765	DNA/TcMar-Tigger	1382	-	82	49778683	48462
chr19	49767555	49967555	harbor1	chr19	49778142	49778300	DNA/TcMar-Tigger	1382	-	79	49778221	10666
chr19	49767555	49967555	harbor1	chr19	49778601	49778765	DNA/TcMar-Tigger	1382	-	82	49778683	11128
chr19	49767555	49967555	harbor1	chr19	49847561	49847628	DNA/TcMar-Tigger	833	-	34	49847595	80040
chr19	49767555	49967555	harbor1	chr19	49847982	49848095	DNA/TcMar-Tigger	833	-	56	49848038	80483
chr19	49767555	49967555	harbor1	chr19	49848388	49848565	DNA/TcMar-Tigger	833	-	88	49848476	80921
chr19	49767555	49967555	harbor1	chr19	49848862	49848954	DNA/TcMar-Tigger	833	-	46	49848908	81353
chr19	39302740	39502740	harbor1	chr19	39387062	39387362	DNA/TcMar-Tigger	1692	-	150	39387212	84472
chr19	56018198	56218198	harbor1	chr19	56041314	56041666	DNA/TcMar-Tigger	2173	-	176	56041490	23292
chr19	56018198	56218198	harbor1	chr19	56041972	56042234	DNA/TcMar-Tigger	2173	-	131	56042103	23905
chr19	56018198	56218198	harbor1	chr19	56060364	56060562	DNA/TcMar-Tigger	1096	-	99	56060463	42265
chr19	56018198	56218198	harbor1	chr19	56072844	56073213	DNA/TcMar-Tigger	3965	-	184	56073028	54830
chr19	56018198	56218198	harbor1	chr19	56073513	56073582	DNA/TcMar-Tigger	3965	-	34	56073547	55349
chr19	56018198	56218198	harbor1	chr19	56073894	56074255	DNA/TcMar-Tigger	3965	-	180	56074074	55876
chr19	56018198	56218198	harbor1	chr19	56074549	56074624	DNA/TcMar-Tigger	3965	-	38	56074587	56389
chr19	56018198	56218198	harbor1	chr19	56075122	56075320	DNA/TcMar-Tigger	715	-	99	56075221	57023
chr19	3283777	3483777	harbor1	chr19	3287784	3288239	DNA/TcMar-Tigger	1367	-	228	3288012	4235
chr19	8313345	8513345	harbor1	chr19	8323118	8323415	DNA/TcMar-Tigger	1132	-	148	8323266	9921
chr19	45134770	45334770	harbor1	chr19	45167228	45167503	DNA/TcMar-Tigger	2306	-	138	45167366	32596
chr19	45134770	45334770	harbor1	chr19	45168303	45168663	DNA/TcMar-Tigger	2306	-	180	45168483	33713
chr19	9986313	10186313	harbor1	chr19	9994609	9994907	DNA/TcMar-Tigger	1850	-	149	9994758	8445
chr19	9986313	10186313	harbor1	chr19	9995208	9995243	DNA/TcMar-Tigger	1850	-	18	9995226	8913
chr19	48525150	48725150	harbor1	chr19	48536333	48536535	DNA/TcMar-Tigger	1244	-	101	48536434	11284
chr19	30129086	30329086	harbor1	chr19	30209049	30209660	DNA/TcMar-Tigger	811	-	306	30209355	80269
chr19	30129086	30329086	harbor1	chr19	30220740	30221602	DNA/TcMar-Tigger	4398	-	431	30221171	92085
chr19	2116463	2316463	harbor1	chr19	2122470	2122760	DNA/TcMar-Tigger	800	-	145	2122615	6152
chr19	30129101	30329101	harbor1	chr19	30209049	30209660	DNA/TcMar-Tigger	811	-	306	30209355	80254
chr19	30129101	30329101	harbor1	chr19	30220740	30221602	DNA/TcMar-Tigger	4398	-	431	30221171	92070
chr19	32574738	32774738	harbor1	chr19	32661666	32661894	DNA/TcMar-Tigger	1163	-	114	32661780	87042
chr19	1857143	2057143	harbor1	chr19	1948700	1949099	DNA/TcMar-Tigger	1040	-	200	1948900	91757
chr19	49751346	49951346	harbor1	chr19	49778142	49778300	DNA/TcMar-Tigger	1382	-	79	49778221	26875
chr19	49751346	49951346	harbor1	chr19	49778601	49778765	DNA/TcMar-Tigger	1382	-	82	49778683	27337
chr19	49751346	49951346	harbor1	chr19	49847561	49847628	DNA/TcMar-Tigger	833	-	34	49847595	96249
chr19	49751346	49951346	harbor1	chr19	49847982	49848095	DNA/TcMar-Tigger	833	-	56	49848038	96692
chr19	49751346	49951346	harbor1	chr19	49848388	49848565	DNA/TcMar-Tigger	833	-	88	49848476	97130
chr19	49751346	49951346	harbor1	chr19	49848862	49848954	DNA/TcMar-Tigger	833	-	46	49848908	97562
chr19	49767635	49967635	harbor1	chr19	49778142	49778300	DNA/TcMar-Tigger	1382	-	79	49778221	10586
chr19	49767635	49967635	harbor1	chr19	49778601	49778765	DNA/TcMar-Tigger	1382	-	82	49778683	11048
chr19	49767635	49967635	harbor1	chr19	49847561	49847628	DNA/TcMar-Tigger	833	-	34	49847595	79960
chr19	49767635	49967635	harbor1	chr19	49847982	49848095	DNA/TcMar-Tigger	833	-	56	49848038	80403
chr19	49767635	49967635	harbor1	chr19	49848388	49848565	DNA/TcMar-Tigger	833	-	88	49848476	80841
chr19	49767635	49967635	harbor1	chr19	49848862	49848954	DNA/TcMar-Tigger	833	-	46	49848908	81273
chr19	11667295	11867295	harbor1	chr19	11682768	11682952	DNA/TcMar-Tigger	696	-	92	11682860	15565
chr19	11667295	11867295	harbor1	chr19	11683736	11683992	DNA/TcMar-Tigger	934	-	128	11683864	16569
chr19	11667295	11867295	harbor1	chr19	11686223	11686469	DNA/TcMar-Tigger	1197	-	123	11686346	19051
chr19	43618908	43818908	harbor1	chr19	43710909	43710931	DNA/TcMar-Tigger	2722	-	11	43710920	92012
chr19	43618908	43818908	harbor1	chr19	43711241	43711620	DNA/TcMar-Tigger	2722	-	190	43711431	92523
chr19	43618908	43818908	harbor1	chr19	43712225	43712699	DNA/TcMar-Tigger	2928	-	237	43712462	93554
chr19	49493098	49693098	harbor1	chr19	49498219	49498470	DNA/TcMar-Tigger	1017	-	126	49498345	5247
chr19	49493098	49693098	harbor1	chr19	49498750	49498815	DNA/TcMar-Tigger	745	-	32	49498782	5684
chr19	49493098	49693098	harbor1	chr19	49568001	49568594	DNA/TcMar-Tigger	2836	-	296	49568297	75199
chr19	49751423	49951423	harbor1	chr19	49778142	49778300	DNA/TcMar-Tigger	1382	-	79	49778221	26798
chr19	49751423	49951423	harbor1	chr19	49778601	49778765	DNA/TcMar-Tigger	1382	-	82	49778683	27260
chr19	49751423	49951423	harbor1	chr19	49847561	49847628	DNA/TcMar-Tigger	833	-	34	49847595	96172
chr19	49751423	49951423	harbor1	chr19	49847982	49848095	DNA/TcMar-Tigger	833	-	56	49848038	96615
chr19	49751423	49951423	harbor1	chr19	49848388	49848565	DNA/TcMar-Tigger	833	-	88	49848476	97053
chr19	49751423	49951423	harbor1	chr19	49848862	49848954	DNA/TcMar-Tigger	833	-	46	49848908	97485
chr19	15279128	15479128	harbor1	chr19	15305343	15306291	DNA/TcMar-Tigger	7514	-	474	15305817	26689
chr19	15279128	15479128	harbor1	chr19	15306572	15307028	DNA/TcMar-Tigger	7514	-	228	15306800	27672
chr19	48525214	48725214	harbor1	chr19	48536333	48536535	DNA/TcMar-Tigger	1244	-	101	48536434	11220
chr19	56006815	56206815	harbor1	chr19	56041314	56041666	DNA/TcMar-Tigger	2173	-	176	56041490	34675
chr19	56006815	56206815	harbor1	chr19	56041972	56042234	DNA/TcMar-Tigger	2173	-	131	56042103	35288
chr19	56006815	56206815	harbor1	chr19	56060364	56060562	DNA/TcMar-Tigger	1096	-	99	56060463	53648
chr19	56006815	56206815	harbor1	chr19	56072844	56073213	DNA/TcMar-Tigger	3965	-	184	56073028	66213
chr19	56006815	56206815	harbor1	chr19	56073513	56073582	DNA/TcMar-Tigger	3965	-	34	56073547	66732
chr19	56006815	56206815	harbor1	chr19	56073894	56074255	DNA/TcMar-Tigger	3965	-	180	56074074	67259
chr19	56006815	56206815	harbor1	chr19	56074549	56074624	DNA/TcMar-Tigger	3965	-	38	56074587	67772
chr19	56006815	56206815	harbor1	chr19	56075122	56075320	DNA/TcMar-Tigger	715	-	99	56075221	68406
chr19	13407605	13607605	harbor1	chr19	13501708	13501911	DNA/TcMar-Tigger	811	-	102	13501810	94205
chr19	48524511	48724511	harbor1	chr19	48536333	48536535	DNA/TcMar-Tigger	1244	-	101	48536434	11923
chr20	20267099	20467099	harbor1	chr20	20279224	20279670	DNA/TcMar-Tigger	2539	-	223	20279447	12348
chr20	20267099	20467099	harbor1	chr20	20286668	20287328	DNA/TcMar-Tigger	868	-	330	20286998	19899
chr20	4586466	4786466	harbor1	chr20	4646112	4646193	DNA/TcMar-Tigger	531	-	40	4646152	59686
chr20	34691570	34891570	harbor1	chr20	34772493	34772600	DNA/TcMar-Tigger	468	-	54	34772547	80977
chr20	34903595	35103595	harbor1	chr20	34944588	34944927	DNA/TcMar-Tigger	2341	-	170	34944758	41163
chr20	34903595	35103595	harbor1	chr20	34962432	34962531	DNA/TcMar-Tigger	639	-	50	34962482	58887
chr20	34903595	35103595	harbor1	chr20	34963112	34963272	DNA/TcMar-Tigger	945	-	80	34963192	59597
chr20	34725628	34925628	harbor1	chr20	34772493	34772600	DNA/TcMar-Tigger	468	-	54	34772547	46919
chr20	50091428	50291428	harbor1	chr20	50109396	50109469	DNA/TcMar-Tigger	735	-	36	50109432	18004
chr20	50091428	50291428	harbor1	chr20	50109769	50110010	DNA/TcMar-Tigger	735	-	120	50109889	18461
chr20	1018874	1218874	harbor1	chr20	1023504	1023834	DNA/TcMar-Tigger	1806	-	165	1023669	4795
chr20	1018874	1218874	harbor1	chr20	1093107	1093140	DNA/TcMar-Tigger	3857	-	16	1093123	74249
chr20	1018874	1218874	harbor1	chr20	1093448	1094106	DNA/TcMar-Tigger	3857	-	329	1093777	74903
chr20	4586441	4786441	harbor1	chr20	4646112	4646193	DNA/TcMar-Tigger	531	-	40	4646152	59711
chr20	1018826	1218826	harbor1	chr20	1023504	1023834	DNA/TcMar-Tigger	1806	-	165	1023669	4843
chr20	1018826	1218826	harbor1	chr20	1093107	1093140	DNA/TcMar-Tigger	3857	-	16	1093123	74297
chr20	1018826	1218826	harbor1	chr20	1093448	1094106	DNA/TcMar-Tigger	3857	-	329	1093777	74951
chr20	9473828	9673828	harbor1	chr20	9483539	9483879	DNA/TcMar-Tigger	560	-	170	9483709	9881
chr20	9473828	9673828	harbor1	chr20	9484121	9484344	DNA/TcMar-Tigger	528	-	112	9484233	10405
chr20	9473828	9673828	harbor1	chr20	9524626	9524931	DNA/TcMar-Tigger	1134	-	152	9524778	50950
chr20	34724799	34924799	harbor1	chr20	34772493	34772600	DNA/TcMar-Tigger	468	-	54	34772547	47748
chr20	34904865	35104865	harbor1	chr20	34944588	34944927	DNA/TcMar-Tigger	2341	-	170	34944758	39893
chr20	34904865	35104865	harbor1	chr20	34962432	34962531	DNA/TcMar-Tigger	639	-	50	34962482	57617
chr20	34904865	35104865	harbor1	chr20	34963112	34963272	DNA/TcMar-Tigger	945	-	80	34963192	58327
chr20	34881332	35081332	harbor1	chr20	34944588	34944927	DNA/TcMar-Tigger	2341	-	170	34944758	63426
chr20	34881332	35081332	harbor1	chr20	34962432	34962531	DNA/TcMar-Tigger	639	-	50	34962482	81150
chr20	34881332	35081332	harbor1	chr20	34963112	34963272	DNA/TcMar-Tigger	945	-	80	34963192	81860
chr20	3104416	3304416	harbor1	chr20	3153747	3153984	DNA/TcMar-Tigger	1385	-	118	3153865	49449
chr20	3104416	3304416	harbor1	chr20	3189540	3189954	DNA/TcMar-Tigger	1038	-	207	3189747	85331
chr20	63953462	64153462	harbor1	chr20	64014295	64014372	DNA/TcMar-Tigger	1295	-	38	64014333	60871
chr20	63953462	64153462	harbor1	chr20	64014695	64014912	DNA/TcMar-Tigger	1295	-	108	64014803	61341
chr20	63953462	64153462	harbor1	chr20	64035125	64035319	DNA/TcMar-Tigger	681	-	97	64035222	81760
chr20	34725642	34925642	harbor1	chr20	34772493	34772600	DNA/TcMar-Tigger	468	-	54	34772547	46905
chr20	34725595	34925595	harbor1	chr20	34772493	34772600	DNA/TcMar-Tigger	468	-	54	34772547	46952
chr20	34725630	34925630	harbor1	chr20	34772493	34772600	DNA/TcMar-Tigger	468	-	54	34772547	46917
chr20	34904910	35104910	harbor1	chr20	34944588	34944927	DNA/TcMar-Tigger	2341	-	170	34944758	39848
chr20	34904910	35104910	harbor1	chr20	34962432	34962531	DNA/TcMar-Tigger	639	-	50	34962482	57572
chr20	34904910	35104910	harbor1	chr20	34963112	34963272	DNA/TcMar-Tigger	945	-	80	34963192	58282
chr20	1018844	1218844	harbor1	chr20	1023504	1023834	DNA/TcMar-Tigger	1806	-	165	1023669	4825
chr20	1018844	1218844	harbor1	chr20	1093107	1093140	DNA/TcMar-Tigger	3857	-	16	1093123	74279
chr20	1018844	1218844	harbor1	chr20	1093448	1094106	DNA/TcMar-Tigger	3857	-	329	1093777	74933
chr20	9473814	9673814	harbor1	chr20	9483539	9483879	DNA/TcMar-Tigger	560	-	170	9483709	9895
chr20	9473814	9673814	harbor1	chr20	9484121	9484344	DNA/TcMar-Tigger	528	-	112	9484233	10419
chr20	9473814	9673814	harbor1	chr20	9524626	9524931	DNA/TcMar-Tigger	1134	-	152	9524778	50964
chr20	34725651	34925651	harbor1	chr20	34772493	34772600	DNA/TcMar-Tigger	468	-	54	34772547	46896
chr20	21818076	22018076	harbor1	chr20	21829611	21830054	DNA/TcMar-Tigger	679	-	222	21829833	11757
chr20	63935698	64135698	harbor1	chr20	64014295	64014372	DNA/TcMar-Tigger	1295	-	38	64014333	78635
chr20	63935698	64135698	harbor1	chr20	64014695	64014912	DNA/TcMar-Tigger	1295	-	108	64014803	79105
chr20	63935698	64135698	harbor1	chr20	64035125	64035319	DNA/TcMar-Tigger	681	-	97	64035222	99524
chr20	11791069	11991069	harbor1	chr20	11824372	11824884	DNA/TcMar-Tigger	3210	-	256	11824628	33559
chr20	11791069	11991069	harbor1	chr20	11825173	11825311	DNA/TcMar-Tigger	3210	-	69	11825242	34173
chr20	11791069	11991069	harbor1	chr20	11885900	11886348	DNA/TcMar-Tigger	2417	-	224	11886124	95055
chr20	34903951	35103951	harbor1	chr20	34944588	34944927	DNA/TcMar-Tigger	2341	-	170	34944758	40807
chr20	34903951	35103951	harbor1	chr20	34962432	34962531	DNA/TcMar-Tigger	639	-	50	34962482	58531
chr20	34903951	35103951	harbor1	chr20	34963112	34963272	DNA/TcMar-Tigger	945	-	80	34963192	59241
chr20	21614820	21814820	harbor1	chr20	21617394	21617748	DNA/TcMar-Tigger	2191	-	177	21617571	2751
chr20	34725603	34925603	harbor1	chr20	34772493	34772600	DNA/TcMar-Tigger	468	-	54	34772547	46944
chr20	4586511	4786511	harbor1	chr20	4646112	4646193	DNA/TcMar-Tigger	531	-	40	4646152	59641
chr21	14337898	14537898	harbor1	chr21	14354247	14354504	DNA/TcMar-Tigger	751	-	128	14354375	16477
chr21	14337898	14537898	harbor1	chr21	14430903	14431206	DNA/TcMar-Tigger	1062	-	152	14431055	93157
chr21	29198992	29398992	harbor1	chr21	29262079	29264411	DNA/TcMar-Tigger	14049	-	1166	29263245	64253
chr21	44718448	44918448	harbor1	chr21	44798204	44800265	DNA/TcMar-Tigger	11037	-	1030	44799234	80786
chr21	45793754	45993754	harbor1	chr21	45813920	45814264	DNA/TcMar-Tigger	5332	-	172	45814092	20338
chr21	45793754	45993754	harbor1	chr21	45816155	45817079	DNA/TcMar-Tigger	5332	-	462	45816617	22863
chr21	46282980	46482980	harbor1	chr21	46378146	46378685	DNA/TcMar-Tigger	1387	-	270	46378416	95436
chr21	43620271	43820271	harbor1	chr21	43625792	43626024	DNA/TcMar-Tigger	569	-	116	43625908	5637
chr21	43620271	43820271	harbor1	chr21	43703685	43703943	DNA/TcMar-Tigger	936	-	129	43703814	83543
chr21	43620271	43820271	harbor1	chr21	43704240	43704266	DNA/TcMar-Tigger	936	-	13	43704253	83982
chr21	41040224	41240224	harbor1	chr21	41130705	41131013	DNA/TcMar-Tigger	1262	-	154	41130859	90635
chr21	29198971	29398971	harbor1	chr21	29262079	29264411	DNA/TcMar-Tigger	14049	-	1166	29263245	64274
chr21	44211838	44411838	harbor1	chr21	44243887	44244215	DNA/TcMar-Tigger	1534	-	164	44244051	32213
chr21	29198960	29398960	harbor1	chr21	29262079	29264411	DNA/TcMar-Tigger	14049	-	1166	29263245	64285
chr21	14337849	14537849	harbor1	chr21	14354247	14354504	DNA/TcMar-Tigger	751	-	128	14354375	16526
chr21	14337849	14537849	harbor1	chr21	14430903	14431206	DNA/TcMar-Tigger	1062	-	152	14431055	93206
chr21	42595318	42795318	harbor1	chr21	42597558	42598101	DNA/TcMar-Tigger	1927	-	272	42597830	2512
chr21	29198958	29398958	harbor1	chr21	29262079	29264411	DNA/TcMar-Tigger	14049	-	1166	29263245	64287
chr21	5028549	5228549	harbor1	chr21	5053376	5053693	DNA/TcMar-Tigger	827	-	158	5053534	24985
chr21	46358914	46558914	harbor1	chr21	46378146	46378685	DNA/TcMar-Tigger	1387	-	270	46378416	19502
chr21	46358914	46558914	harbor1	chr21	46439483	46439710	DNA/TcMar-Tigger	1104	-	114	46439597	80683
chr21	45121058	45321058	harbor1	chr21	45203807	45204238	DNA/TcMar-Tigger	1207	-	216	45204023	82965
chr21	41209974	41409974	harbor1	chr21	41302300	41303137	DNA/TcMar-Tigger	5242	-	418	41302718	92744
chr21	41209974	41409974	harbor1	chr21	41303454	41303535	DNA/TcMar-Tigger	442	-	40	41303494	93520
chr21	41209974	41409974	harbor1	chr21	41305527	41306752	DNA/TcMar-Tigger	14628	-	612	41306139	96165
chr21	41209974	41409974	harbor1	chr21	41306914	41308041	DNA/TcMar-Tigger	14628	-	564	41307478	97504
chr21	42275771	42475771	harbor1	chr21	42340627	42340873	DNA/TcMar-Tigger	6215	-	123	42340750	64979
chr21	42275771	42475771	harbor1	chr21	42341180	42341434	DNA/TcMar-Tigger	6215	-	127	42341307	65536
chr21	42275771	42475771	harbor1	chr21	42341744	42342418	DNA/TcMar-Tigger	6215	-	337	42342081	66310
chr21	42275771	42475771	harbor1	chr21	42368455	42368725	DNA/TcMar-Tigger	1469	-	135	42368590	92819
chr21	42275771	42475771	harbor1	chr21	42374767	42374972	DNA/TcMar-Tigger	928	-	102	42374869	99098
chr21	42275771	42475771	harbor1	chr21	42369018	42369093	DNA/TcMar-Tigger	1469	-	38	42369056	93285
chr21	42330687	42530687	harbor1	chr21	42340627	42340873	DNA/TcMar-Tigger	6215	-	123	42340750	10063
chr21	42330687	42530687	harbor1	chr21	42341180	42341434	DNA/TcMar-Tigger	6215	-	127	42341307	10620
chr21	42330687	42530687	harbor1	chr21	42341744	42342418	DNA/TcMar-Tigger	6215	-	337	42342081	11394
chr21	42330687	42530687	harbor1	chr21	42368455	42368725	DNA/TcMar-Tigger	1469	-	135	42368590	37903
chr21	42330687	42530687	harbor1	chr21	42374767	42374972	DNA/TcMar-Tigger	928	-	102	42374869	44182
chr21	42330687	42530687	harbor1	chr21	42420142	42420468	DNA/TcMar-Tigger	1315	-	163	42420305	89618
chr21	42330687	42530687	harbor1	chr21	42369018	42369093	DNA/TcMar-Tigger	1469	-	38	42369056	38369
chr21	29198951	29398951	harbor1	chr21	29262079	29264411	DNA/TcMar-Tigger	14049	-	1166	29263245	64294
chr22	39578289	39778289	harbor1	chr22	39594819	39595008	DNA/TcMar-Tigger	1322	-	94	39594913	16624
chr22	39578289	39778289	harbor1	chr22	39595318	39595341	DNA/TcMar-Tigger	1322	-	12	39595330	17041
chr22	39578289	39778289	harbor1	chr22	39595641	39595785	DNA/TcMar-Tigger	1322	-	72	39595713	17424
chr22	24069970	24269970	harbor1	chr22	24111106	24111280	DNA/TcMar-Tigger	1695	-	87	24111193	41223
chr22	24069970	24269970	harbor1	chr22	24111614	24111805	DNA/TcMar-Tigger	1695	-	96	24111710	41740
chr22	24069970	24269970	harbor1	chr22	24122283	24122425	DNA/TcMar-Tigger	1191	-	71	24122354	52384
chr22	24069970	24269970	harbor1	chr22	24122735	24122824	DNA/TcMar-Tigger	1191	-	44	24122779	52809
chr22	24070005	24270005	harbor1	chr22	24111106	24111280	DNA/TcMar-Tigger	1695	-	87	24111193	41188
chr22	24070005	24270005	harbor1	chr22	24111614	24111805	DNA/TcMar-Tigger	1695	-	96	24111710	41705
chr22	24070005	24270005	harbor1	chr22	24122283	24122425	DNA/TcMar-Tigger	1191	-	71	24122354	52349
chr22	24070005	24270005	harbor1	chr22	24122735	24122824	DNA/TcMar-Tigger	1191	-	44	24122779	52774
chr22	42986422	43186422	harbor1	chr22	43062141	43062210	DNA/TcMar-Tigger	1653	-	34	43062175	75753
chr22	42986422	43186422	harbor1	chr22	43062521	43062548	DNA/TcMar-Tigger	1653	-	14	43062535	76113
chr22	42986422	43186422	harbor1	chr22	43062842	43063127	DNA/TcMar-Tigger	1653	-	142	43062984	76562
chr22	24068261	24268261	harbor1	chr22	24111106	24111280	DNA/TcMar-Tigger	1695	-	87	24111193	42932
chr22	24068261	24268261	harbor1	chr22	24111614	24111805	DNA/TcMar-Tigger	1695	-	96	24111710	43449
chr22	24068261	24268261	harbor1	chr22	24122283	24122425	DNA/TcMar-Tigger	1191	-	71	24122354	54093
chr22	24068261	24268261	harbor1	chr22	24122735	24122824	DNA/TcMar-Tigger	1191	-	44	24122779	54518
chr22	23976652	24176652	harbor1	chr22	24027963	24028182	DNA/TcMar-Tigger	1479	-	110	24028073	51421
chr22	23976652	24176652	harbor1	chr22	24028172	24028327	DNA/TcMar-Tigger	741	-	78	24028250	51598
chr22	23976652	24176652	harbor1	chr22	24039823	24039952	DNA/TcMar-Tigger	404	-	64	24039887	63235
chr22	42989585	43189585	harbor1	chr22	43062141	43062210	DNA/TcMar-Tigger	1653	-	34	43062175	72590
chr22	42989585	43189585	harbor1	chr22	43062521	43062548	DNA/TcMar-Tigger	1653	-	14	43062535	72950
chr22	42989585	43189585	harbor1	chr22	43062842	43063127	DNA/TcMar-Tigger	1653	-	142	43062984	73399
chr22	42756724	42956724	harbor1	chr22	42822575	42822803	DNA/TcMar-Tigger	1172	-	114	42822689	65965
chr22	42756724	42956724	harbor1	chr22	42823110	42823194	DNA/TcMar-Tigger	1172	-	42	42823152	66428
chr22	36186433	36386433	harbor1	chr22	36196332	36196641	DNA/TcMar-Tigger	614	-	154	36196486	10053
chr22	24068219	24268219	harbor1	chr22	24111106	24111280	DNA/TcMar-Tigger	1695	-	87	24111193	42974
chr22	24068219	24268219	harbor1	chr22	24111614	24111805	DNA/TcMar-Tigger	1695	-	96	24111710	43491
chr22	24068219	24268219	harbor1	chr22	24122283	24122425	DNA/TcMar-Tigger	1191	-	71	24122354	54135
chr22	24068219	24268219	harbor1	chr22	24122735	24122824	DNA/TcMar-Tigger	1191	-	44	24122779	54560
chr22	36194376	36394376	harbor1	chr22	36196332	36196641	DNA/TcMar-Tigger	614	-	154	36196486	2110
chr22	36918544	37118544	harbor1	chr22	36944337	36945446	DNA/TcMar-Tigger	13257	-	554	36944891	26347
chr22	36918544	37118544	harbor1	chr22	36946110	36947138	DNA/TcMar-Tigger	13257	-	514	36946624	28080
chr22	36918544	37118544	harbor1	chr22	36947746	36947889	DNA/TcMar-Tigger	13257	-	72	36947818	29274
chr22	24069881	24269881	harbor1	chr22	24111106	24111280	DNA/TcMar-Tigger	1695	-	87	24111193	41312
chr22	24069881	24269881	harbor1	chr22	24111614	24111805	DNA/TcMar-Tigger	1695	-	96	24111710	41829
chr22	24069881	24269881	harbor1	chr22	24122283	24122425	DNA/TcMar-Tigger	1191	-	71	24122354	52473
chr22	24069881	24269881	harbor1	chr22	24122735	24122824	DNA/TcMar-Tigger	1191	-	44	24122779	52898
chr22	36186444	36386444	harbor1	chr22	36196332	36196641	DNA/TcMar-Tigger	614	-	154	36196486	10042
chr22	23889707	24089707	harbor1	chr22	23972315	23972653	DNA/TcMar-Tigger	1952	-	169	23972484	82777
chr22	46291620	46491620	harbor1	chr22	46383918	46383960	DNA/TcMar-Tigger	576	-	21	46383939	92319
chr22	46291620	46491620	harbor1	chr22	46384236	46384363	DNA/TcMar-Tigger	576	-	64	46384300	92680
chr22	24069546	24269546	harbor1	chr22	24111106	24111280	DNA/TcMar-Tigger	1695	-	87	24111193	41647
chr22	24069546	24269546	harbor1	chr22	24111614	24111805	DNA/TcMar-Tigger	1695	-	96	24111710	42164
chr22	24069546	24269546	harbor1	chr22	24122283	24122425	DNA/TcMar-Tigger	1191	-	71	24122354	52808
chr22	24069546	24269546	harbor1	chr22	24122735	24122824	DNA/TcMar-Tigger	1191	-	44	24122779	53233
chr22	24070056	24270056	harbor1	chr22	24111106	24111280	DNA/TcMar-Tigger	1695	-	87	24111193	41137
chr22	24070056	24270056	harbor1	chr22	24111614	24111805	DNA/TcMar-Tigger	1695	-	96	24111710	41654
chr22	24070056	24270056	harbor1	chr22	24122283	24122425	DNA/TcMar-Tigger	1191	-	71	24122354	52298
chr22	24070056	24270056	harbor1	chr22	24122735	24122824	DNA/TcMar-Tigger	1191	-	44	24122779	52723
chr22	39578199	39778199	harbor1	chr22	39594819	39595008	DNA/TcMar-Tigger	1322	-	94	39594913	16714
chr22	39578199	39778199	harbor1	chr22	39595318	39595341	DNA/TcMar-Tigger	1322	-	12	39595330	17131
chr22	39578199	39778199	harbor1	chr22	39595641	39595785	DNA/TcMar-Tigger	1322	-	72	39595713	17514
chr22	24070003	24270003	harbor1	chr22	24111106	24111280	DNA/TcMar-Tigger	1695	-	87	24111193	41190
chr22	24070003	24270003	harbor1	chr22	24111614	24111805	DNA/TcMar-Tigger	1695	-	96	24111710	41707
chr22	24070003	24270003	harbor1	chr22	24122283	24122425	DNA/TcMar-Tigger	1191	-	71	24122354	52351
chr22	24070003	24270003	harbor1	chr22	24122735	24122824	DNA/TcMar-Tigger	1191	-	44	24122779	52776
chr22	39578244	39778244	harbor1	chr22	39594819	39595008	DNA/TcMar-Tigger	1322	-	94	39594913	16669
chr22	39578244	39778244	harbor1	chr22	39595318	39595341	DNA/TcMar-Tigger	1322	-	12	39595330	17086
chr22	39578244	39778244	harbor1	chr22	39595641	39595785	DNA/TcMar-Tigger	1322	-	72	39595713	17469
chr22	28341001	28541001	harbor1	chr22	28423436	28423777	DNA/TcMar-Tigger	1019	-	170	28423606	82605
chr22	49851551	50051551	harbor1	chr22	49865055	49865344	DNA/TcMar-Tigger	957	-	144	49865199	13648
chr22	49851551	50051551	harbor1	chr22	49867756	49868098	DNA/TcMar-Tigger	1407	-	171	49867927	16376
chr22	49851551	50051551	harbor1	chr22	49871498	49871742	DNA/TcMar-Tigger	3478	-	122	49871620	20069
chr22	49851551	50051551	harbor1	chr22	49872043	49872526	DNA/TcMar-Tigger	3478	-	242	49872285	20734
chr22	49851551	50051551	harbor1	chr22	49873131	49873694	DNA/TcMar-Tigger	2909	-	282	49873413	21862
chr22	49851551	50051551	harbor1	chr22	49920981	49921361	DNA/TcMar-Tigger	1112	-	190	49921171	69620
chr22	24394912	24594912	harbor1	chr22	24464606	24465499	DNA/TcMar-Tigger	5326	-	446	24465052	70140
chr22	24007472	24207472	harbor1	chr22	24027963	24028182	DNA/TcMar-Tigger	1479	-	110	24028073	20601
chr22	24007472	24207472	harbor1	chr22	24028172	24028327	DNA/TcMar-Tigger	741	-	78	24028250	20778
chr22	24007472	24207472	harbor1	chr22	24039823	24039952	DNA/TcMar-Tigger	404	-	64	24039887	32415
chr22	32076022	32276022	harbor1	chr22	32169111	32169232	DNA/TcMar-Tigger	1733	-	60	32169171	93149
chr22	32076022	32276022	harbor1	chr22	32169531	32169907	DNA/TcMar-Tigger	1733	-	188	32169719	93697
chr22	24070059	24270059	harbor1	chr22	24111106	24111280	DNA/TcMar-Tigger	1695	-	87	24111193	41134
chr22	24070059	24270059	harbor1	chr22	24111614	24111805	DNA/TcMar-Tigger	1695	-	96	24111710	41651
chr22	24070059	24270059	harbor1	chr22	24122283	24122425	DNA/TcMar-Tigger	1191	-	71	24122354	52295
chr22	24070059	24270059	harbor1	chr22	24122735	24122824	DNA/TcMar-Tigger	1191	-	44	24122779	52720
chr22	23971820	24171820	harbor1	chr22	23972315	23972653	DNA/TcMar-Tigger	1952	-	169	23972484	664
chr22	23971820	24171820	harbor1	chr22	24027963	24028182	DNA/TcMar-Tigger	1479	-	110	24028073	56253
chr22	23971820	24171820	harbor1	chr22	24028172	24028327	DNA/TcMar-Tigger	741	-	78	24028250	56430
chr22	23971820	24171820	harbor1	chr22	24039823	24039952	DNA/TcMar-Tigger	404	-	64	24039887	68067
chr22	39578286	39778286	harbor1	chr22	39594819	39595008	DNA/TcMar-Tigger	1322	-	94	39594913	16627
chr22	39578286	39778286	harbor1	chr22	39595318	39595341	DNA/TcMar-Tigger	1322	-	12	39595330	17044
chr22	39578286	39778286	harbor1	chr22	39595641	39595785	DNA/TcMar-Tigger	1322	-	72	39595713	17427
chr22	24069901	24269901	harbor1	chr22	24111106	24111280	DNA/TcMar-Tigger	1695	-	87	24111193	41292
chr22	24069901	24269901	harbor1	chr22	24111614	24111805	DNA/TcMar-Tigger	1695	-	96	24111710	41809
chr22	24069901	24269901	harbor1	chr22	24122283	24122425	DNA/TcMar-Tigger	1191	-	71	24122354	52453
chr22	24069901	24269901	harbor1	chr22	24122735	24122824	DNA/TcMar-Tigger	1191	-	44	24122779	52878
chr22	24069471	24269471	harbor1	chr22	24111106	24111280	DNA/TcMar-Tigger	1695	-	87	24111193	41722
chr22	24069471	24269471	harbor1	chr22	24111614	24111805	DNA/TcMar-Tigger	1695	-	96	24111710	42239
chr22	24069471	24269471	harbor1	chr22	24122283	24122425	DNA/TcMar-Tigger	1191	-	71	24122354	52883
chr22	24069471	24269471	harbor1	chr22	24122735	24122824	DNA/TcMar-Tigger	1191	-	44	24122779	53308
chr22	23421603	23621603	harbor1	chr22	23442973	23443324	DNA/TcMar-Tigger	7482	-	176	23443149	21546
chr22	23421603	23621603	harbor1	chr22	23443635	23444521	DNA/TcMar-Tigger	7482	-	443	23444078	22475
chr22	23421603	23621603	harbor1	chr22	23444534	23445160	DNA/TcMar-Tigger	3384	-	313	23444847	23244
chr22	42519774	42719774	harbor1	chr22	42590483	42590637	DNA/TcMar-Tigger	717	-	77	42590560	70786
chr22	42519774	42719774	harbor1	chr22	42592978	42593179	DNA/TcMar-Tigger	1182	-	100	42593078	73304
chr22	24070004	24270004	harbor1	chr22	24111106	24111280	DNA/TcMar-Tigger	1695	-	87	24111193	41189
chr22	24070004	24270004	harbor1	chr22	24111614	24111805	DNA/TcMar-Tigger	1695	-	96	24111710	41706
chr22	24070004	24270004	harbor1	chr22	24122283	24122425	DNA/TcMar-Tigger	1191	-	71	24122354	52350
chr22	24070004	24270004	harbor1	chr22	24122735	24122824	DNA/TcMar-Tigger	1191	-	44	24122779	52775
chr22	24069955	24269955	harbor1	chr22	24111106	24111280	DNA/TcMar-Tigger	1695	-	87	24111193	41238
chr22	24069955	24269955	harbor1	chr22	24111614	24111805	DNA/TcMar-Tigger	1695	-	96	24111710	41755
chr22	24069955	24269955	harbor1	chr22	24122283	24122425	DNA/TcMar-Tigger	1191	-	71	24122354	52399
chr22	24069955	24269955	harbor1	chr22	24122735	24122824	DNA/TcMar-Tigger	1191	-	44	24122779	52824
chr22	11997987	12197987	harbor1	chr22	12029834	12030108	DNA/TcMar-Tigger	1411	-	137	12029971	31984
chr22	41809802	42009802	harbor1	chr22	41823069	41823220	DNA/TcMar-Tigger	3629	-	76	41823145	13343
chr22	41809802	42009802	harbor1	chr22	41823522	41823969	DNA/TcMar-Tigger	3629	-	224	41823746	13944
chr22	41809802	42009802	harbor1	chr22	41858397	41858474	DNA/TcMar-Tigger	2319	-	38	41858435	48633
chr22	41809802	42009802	harbor1	chr22	41858758	41858862	DNA/TcMar-Tigger	2319	-	52	41858810	49008
chr22	41809802	42009802	harbor1	chr22	41859139	41859601	DNA/TcMar-Tigger	2319	-	231	41859370	49568
chr22	39945026	40145026	harbor1	chr22	40005262	40005478	DNA/TcMar-Tigger	611	-	108	40005370	60344
chr22	20395167	20595167	harbor1	chr22	20480569	20480827	DNA/TcMar-Tigger	612	-	129	20480698	85531
chr22	20395167	20595167	harbor1	chr22	20490240	20490434	DNA/TcMar-Tigger	1066	-	97	20490337	95170
chr22	20395167	20595167	harbor1	chr22	20491554	20491694	DNA/TcMar-Tigger	629	-	70	20491624	96457
chrX	135350040	135550040	harbor1	chrX	135356552	135357017	DNA/TcMar-Tigger	2181	-	232	135356784	6744
chrX	24365240	24565240	harbor1	chrX	24428772	24429027	DNA/TcMar-Tigger	1739	-	128	24428900	63660
chrX	72043785	72243785	harbor1	chrX	72100159	72100466	DNA/TcMar-Tigger	1856	-	154	72100313	56528
chrX	18254781	18454781	harbor1	chrX	18271715	18271856	DNA/TcMar-Tigger	901	-	70	18271785	17004
chrX	18254781	18454781	harbor1	chrX	18312267	18312613	DNA/TcMar-Tigger	1286	-	173	18312440	57659
chrX	152928214	153128214	harbor1	chrX	152934520	152934836	DNA/TcMar-Tigger	1999	-	158	152934678	6464
chrX	152928214	153128214	harbor1	chrX	152935124	152935189	DNA/TcMar-Tigger	1999	-	32	152935156	6942
chrX	130071741	130271741	harbor1	chrX	130092852	130093030	DNA/TcMar-Tigger	1053	-	89	130092941	21200
chrX	130071741	130271741	harbor1	chrX	130093323	130093378	DNA/TcMar-Tigger	1053	-	28	130093351	21610
chrX	130071741	130271741	harbor1	chrX	130158978	130159274	DNA/TcMar-Tigger	679	-	148	130159126	87385
chrX	150672938	150872938	harbor1	chrX	150678046	150678387	DNA/TcMar-Tigger	1922	-	170	150678216	5278
chrX	150672938	150872938	harbor1	chrX	150727996	150728337	DNA/TcMar-Tigger	2081	-	170	150728166	55228
chrX	150672938	150872938	harbor1	chrX	150742101	150742430	DNA/TcMar-Tigger	2107	-	164	150742265	69327
chrX	18254315	18454315	harbor1	chrX	18271715	18271856	DNA/TcMar-Tigger	901	-	70	18271785	17470
chrX	18254315	18454315	harbor1	chrX	18312267	18312613	DNA/TcMar-Tigger	1286	-	173	18312440	58125
chrX	17671917	17871917	harbor1	chrX	17701304	17701885	DNA/TcMar-Tigger	2468	-	290	17701594	29677
