H_chr	H_start	H_end	Harbor	TE_chr	TE_start	TE_end	TE	score	TE_strand	TE_half	TE_middle_pos	TE_dis
chr1	26431527	26631527	harbor2	chr1	26461859	26462055	DNA/TcMar-Tigger	855	-	98	26461957	30430
chr1	26431527	26631527	harbor2	chr1	26462321	26462755	DNA/TcMar-Tigger	855	-	217	26462538	31011
chr1	150264161	150464161	harbor2	chr1	150347364	150347448	DNA/TcMar-Tigger	1276	-	42	150347406	83245
chr1	150264161	150464161	harbor2	chr1	150347741	150347988	DNA/TcMar-Tigger	1276	-	124	150347865	83704
chr1	211034356	211234356	harbor2	chr1	211066304	211066596	DNA/TcMar-Tigger	1373	-	146	211066450	32094
chr1	211034356	211234356	harbor2	chr1	211069719	211069898	DNA/TcMar-Tigger	826	-	90	211069809	35453
chr1	211034356	211234356	harbor2	chr1	211070885	211071858	DNA/TcMar-Tigger	5023	-	486	211071371	37015
chr1	211034356	211234356	harbor2	chr1	211101822	211102225	DNA/TcMar-Tigger	473	-	202	211102024	67668
chr1	6348816	6548816	harbor2	chr1	6365295	6365490	DNA/TcMar-Tigger	2387	-	98	6365393	16577
chr1	6348816	6548816	harbor2	chr1	6365784	6365898	DNA/TcMar-Tigger	2387	-	57	6365841	17025
chr1	6348816	6548816	harbor2	chr1	6366172	6366300	DNA/TcMar-Tigger	2387	-	64	6366236	17420
chr1	6348816	6548816	harbor2	chr1	6366608	6366659	DNA/TcMar-Tigger	2387	-	26	6366634	17818
chr1	6348816	6548816	harbor2	chr1	6366887	6366916	DNA/TcMar-Tigger	2387	-	14	6366901	18085
chr1	6348816	6548816	harbor2	chr1	6367215	6367282	DNA/TcMar-Tigger	2387	-	34	6367249	18433
chr1	6348816	6548816	harbor2	chr1	6369282	6369394	DNA/TcMar-Tigger	486	-	56	6369338	20522
chr1	6348816	6548816	harbor2	chr1	6369861	6369958	DNA/TcMar-Tigger	8394	-	48	6369909	21093
chr1	6348816	6548816	harbor2	chr1	6370367	6370457	DNA/TcMar-Tigger	8394	-	45	6370412	21596
chr1	6348816	6548816	harbor2	chr1	6370793	6370803	DNA/TcMar-Tigger	8394	-	5	6370798	21982
chr1	6348816	6548816	harbor2	chr1	6371109	6371362	DNA/TcMar-Tigger	8394	-	126	6371235	22419
chr1	6348816	6548816	harbor2	chr1	6371662	6371762	DNA/TcMar-Tigger	8394	-	50	6371712	22896
chr1	6348816	6548816	harbor2	chr1	6372066	6372547	DNA/TcMar-Tigger	8394	-	240	6372306	23490
chr1	6348816	6548816	harbor2	chr1	6372850	6373256	DNA/TcMar-Tigger	8394	-	203	6373053	24237
chr1	6348816	6548816	harbor2	chr1	6373551	6373582	DNA/TcMar-Tigger	8394	-	16	6373567	24751
chr1	6348816	6548816	harbor2	chr1	6373883	6373921	DNA/TcMar-Tigger	8394	-	19	6373902	25086
chr1	33322912	33522912	harbor2	chr1	33339751	33339964	DNA/TcMar-Tigger	1434	-	106	33339857	16945
chr1	727505	927505	harbor2	chr1	758556	758663	DNA/TcMar-Tigger	518	-	54	758610	31105
chr1	727505	927505	harbor2	chr1	796539	796837	DNA/TcMar-Tigger	1356	-	149	796688	69183
chr1	87366701	87566701	harbor2	chr1	87417030	87417461	DNA/TcMar-Tigger	2520	-	216	87417246	50545
chr1	230193142	230393142	harbor2	chr1	230220105	230220325	DNA/TcMar-Tigger	517	-	110	230220215	27073
chr1	230193142	230393142	harbor2	chr1	230259167	230259424	DNA/TcMar-Tigger	1523	-	128	230259295	66153
chr1	230193142	230393142	harbor2	chr1	230260097	230260167	DNA/TcMar-Tigger	1523	-	35	230260132	66990
chr1	230542426	230742426	harbor2	chr1	230557548	230557852	DNA/TcMar-Tigger	1281	-	152	230557700	15274
chr1	230542426	230742426	harbor2	chr1	230568767	230568857	DNA/TcMar-Tigger	571	-	45	230568812	26386
chr1	230542426	230742426	harbor2	chr1	230569229	230569566	DNA/TcMar-Tigger	2029	-	168	230569397	26971
chr1	223987701	224187701	harbor2	chr1	224021447	224021745	DNA/TcMar-Tigger	1353	-	149	224021596	33895
chr1	66204207	66404207	harbor2	chr1	66252362	66252669	DNA/TcMar-Tigger	1886	-	154	66252516	48309
chr1	66204207	66404207	harbor2	chr1	66252963	66252994	DNA/TcMar-Tigger	1886	-	16	66252979	48772
chr1	211034242	211234242	harbor2	chr1	211066304	211066596	DNA/TcMar-Tigger	1373	-	146	211066450	32208
chr1	211034242	211234242	harbor2	chr1	211069719	211069898	DNA/TcMar-Tigger	826	-	90	211069809	35567
chr1	211034242	211234242	harbor2	chr1	211070885	211071858	DNA/TcMar-Tigger	5023	-	486	211071371	37129
chr1	211034242	211234242	harbor2	chr1	211101822	211102225	DNA/TcMar-Tigger	473	-	202	211102024	67782
chr1	17289259	17489259	harbor2	chr1	17329344	17329701	DNA/TcMar-Tigger	2302	-	178	17329522	40263
chr1	16759801	16959801	harbor2	chr1	16791447	16791857	DNA/TcMar-Tigger	2546	-	205	16791652	31851
chr1	205330776	205530776	harbor2	chr1	205425186	205425512	DNA/TcMar-Tigger	823	-	163	205425349	94573
chr1	99985	299985	harbor2	chr1	158107	158214	DNA/TcMar-Tigger	548	-	54	158161	58176
chr1	2138415	2338415	harbor2	chr1	2151110	2151307	DNA/TcMar-Tigger	726	-	98	2151208	12793
chr1	205814048	206014048	harbor2	chr1	205906356	205906476	DNA/TcMar-Tigger	678	-	60	205906416	92368
chr1	205814048	206014048	harbor2	chr1	205906879	205907012	DNA/TcMar-Tigger	2408	-	66	205906945	92897
chr1	205814048	206014048	harbor2	chr1	205907319	205907631	DNA/TcMar-Tigger	2408	-	156	205907475	93427
chr1	205814048	206014048	harbor2	chr1	205908773	205909125	DNA/TcMar-Tigger	1791	-	176	205908949	94901
chr1	2998349	3198349	harbor2	chr1	3043210	3043353	DNA/TcMar-Tigger	6653	-	72	3043282	44933
chr1	2998349	3198349	harbor2	chr1	3043664	3043984	DNA/TcMar-Tigger	6653	-	160	3043824	45475
chr1	2998349	3198349	harbor2	chr1	3044281	3044753	DNA/TcMar-Tigger	6653	-	236	3044517	46168
chr1	2998349	3198349	harbor2	chr1	3045125	3045654	DNA/TcMar-Tigger	6653	-	264	3045389	47040
chr1	232882890	233082890	harbor2	chr1	232912091	232912321	DNA/TcMar-Tigger	1377	-	115	232912206	29316
chr1	232882890	233082890	harbor2	chr1	232918256	232918535	DNA/TcMar-Tigger	1770	-	140	232918396	35506
chr1	232882890	233082890	harbor2	chr1	232975688	232975949	DNA/TcMar-Tigger	489	-	130	232975818	92928
chr1	236847274	237047274	harbor2	chr1	236926972	236927129	DNA/TcMar-Tigger	2336	-	78	236927050	79776
chr1	236847274	237047274	harbor2	chr1	236927429	236927663	DNA/TcMar-Tigger	2336	-	117	236927546	80272
chr1	28814482	29014482	harbor2	chr1	28826126	28826241	DNA/TcMar-Tigger	3909	-	58	28826184	11702
chr1	28814482	29014482	harbor2	chr1	28826536	28827012	DNA/TcMar-Tigger	3909	-	238	28826774	12292
chr1	28814482	29014482	harbor2	chr1	28827495	28827722	DNA/TcMar-Tigger	5139	-	114	28827609	13127
chr1	28814482	29014482	harbor2	chr1	28828036	28828540	DNA/TcMar-Tigger	5139	-	252	28828288	13806
chr1	28814482	29014482	harbor2	chr1	28829016	28829348	DNA/TcMar-Tigger	1656	-	166	28829182	14700
chr1	28814482	29014482	harbor2	chr1	28829669	28829705	DNA/TcMar-Tigger	2817	-	18	28829687	15205
chr1	28814482	29014482	harbor2	chr1	28830009	28830241	DNA/TcMar-Tigger	2817	-	116	28830125	15643
chr1	28814482	29014482	harbor2	chr1	28830553	28830751	DNA/TcMar-Tigger	2817	-	99	28830652	16170
chr1	87228628	87428628	harbor2	chr1	87238619	87239348	DNA/TcMar-Tigger	1740	-	364	87238983	10355
chr1	87228628	87428628	harbor2	chr1	87304614	87304850	DNA/TcMar-Tigger	1427	-	118	87304732	76104
chr1	216278473	216478473	harbor2	chr1	216292539	216292611	DNA/TcMar-Tigger	4500	-	36	216292575	14102
chr1	216278473	216478473	harbor2	chr1	216292756	216293021	DNA/TcMar-Tigger	4500	-	132	216292888	14415
chr1	216278473	216478473	harbor2	chr1	216293324	216294032	DNA/TcMar-Tigger	4500	-	354	216293678	15205
chr1	216278473	216478473	harbor2	chr1	216304333	216304556	DNA/TcMar-Tigger	1309	-	112	216304445	25972
chr1	216278473	216478473	harbor2	chr1	216375163	216376218	DNA/TcMar-Tigger	6425	-	528	216375691	97218
chr1	196346882	196546882	harbor2	chr1	196376218	196376558	DNA/TcMar-Tigger	914	-	170	196376388	29506
chr1	196346882	196546882	harbor2	chr1	196385293	196385478	DNA/TcMar-Tigger	1094	-	92	196385385	38503
chr1	196346882	196546882	harbor2	chr1	196411772	196411903	DNA/TcMar-Tigger	643	-	66	196411838	64956
chr1	196346882	196546882	harbor2	chr1	196417679	196417977	DNA/TcMar-Tigger	862	-	149	196417828	70946
chr1	244608951	244808951	harbor2	chr1	244615382	244615694	DNA/TcMar-Tigger	1491	-	156	244615538	6587
chr1	244608951	244808951	harbor2	chr1	244620048	244620456	DNA/TcMar-Tigger	1122	-	204	244620252	11301
chr1	244608951	244808951	harbor2	chr1	244623644	244623966	DNA/TcMar-Tigger	6950	-	161	244623805	14854
chr1	244608951	244808951	harbor2	chr1	244624271	244624519	DNA/TcMar-Tigger	6950	-	124	244624395	15444
chr1	244608951	244808951	harbor2	chr1	244624820	244625346	DNA/TcMar-Tigger	6950	-	263	244625083	16132
chr1	244608951	244808951	harbor2	chr1	244625890	244626204	DNA/TcMar-Tigger	7997	-	157	244626047	17096
chr1	244608951	244808951	harbor2	chr1	244626509	244627321	DNA/TcMar-Tigger	7997	-	406	244626915	17964
chr1	244608951	244808951	harbor2	chr1	244627586	244627752	DNA/TcMar-Tigger	7997	-	83	244627669	18718
chr1	226974774	227174774	harbor2	chr1	227018668	227019898	DNA/TcMar-Tigger	14201	-	615	227019283	44509
chr1	226974774	227174774	harbor2	chr1	227020196	227021337	DNA/TcMar-Tigger	14201	-	570	227020766	45992
chr1	18175437	18375437	harbor2	chr1	18242466	18242768	DNA/TcMar-Tigger	596	-	151	18242617	67180
chr1	67493952	67693952	harbor2	chr1	67510757	67510806	DNA/TcMar-Tigger	2334	-	24	67510781	16829
chr1	67493952	67693952	harbor2	chr1	67511411	67511791	DNA/TcMar-Tigger	2334	-	190	67511601	17649
chr1	205330799	205530799	harbor2	chr1	205425186	205425512	DNA/TcMar-Tigger	823	-	163	205425349	94550
chr1	74605285	74805285	harbor2	chr1	74603604	74605966	DNA/TcMar-Tigger	14354	-	1181	74604785	500
chr1	74605285	74805285	harbor2	chr1	74650481	74650570	DNA/TcMar-Tigger	646	-	44	74650525	45240
chr1	74605285	74805285	harbor2	chr1	74650569	74650834	DNA/TcMar-Tigger	1563	-	132	74650701	45416
chr1	74605285	74805285	harbor2	chr1	74666999	74667243	DNA/TcMar-Tigger	553	-	122	74667121	61836
chr1	31479906	31679906	harbor2	chr1	31542110	31543687	DNA/TcMar-Tigger	11024	-	788	31542898	62992
chr1	727526	927526	harbor2	chr1	758556	758663	DNA/TcMar-Tigger	518	-	54	758610	31084
chr1	727526	927526	harbor2	chr1	796539	796837	DNA/TcMar-Tigger	1356	-	149	796688	69162
chr1	191972112	192172112	harbor2	chr1	192009171	192010301	DNA/TcMar-Tigger	5370	-	565	192009736	37624
chr1	38904921	39104921	harbor2	chr1	38925533	38925905	DNA/TcMar-Tigger	734	-	186	38925719	20798
chr1	38904921	39104921	harbor2	chr1	38966208	38966387	DNA/TcMar-Tigger	3188	-	90	38966298	61377
chr1	38904921	39104921	harbor2	chr1	38966683	38966745	DNA/TcMar-Tigger	3188	-	31	38966714	61793
chr1	38904921	39104921	harbor2	chr1	38967055	38967069	DNA/TcMar-Tigger	3188	-	7	38967062	62141
chr1	38904921	39104921	harbor2	chr1	38967373	38967709	DNA/TcMar-Tigger	3188	-	168	38967541	62620
chr1	38904921	39104921	harbor2	chr1	38967897	38967958	DNA/TcMar-Tigger	7609	-	30	38967927	63006
chr1	38904921	39104921	harbor2	chr1	38968265	38968292	DNA/TcMar-Tigger	7609	-	14	38968279	63358
chr1	38904921	39104921	harbor2	chr1	38968601	38969498	DNA/TcMar-Tigger	7609	-	448	38969049	64128
chr1	38904921	39104921	harbor2	chr1	38969804	38969880	DNA/TcMar-Tigger	7609	-	38	38969842	64921
chr1	38904921	39104921	harbor2	chr1	38970175	38970331	DNA/TcMar-Tigger	7609	-	78	38970253	65332
chr1	38904921	39104921	harbor2	chr1	38972126	38972454	DNA/TcMar-Tigger	1531	-	164	38972290	67369
chr1	38904921	39104921	harbor2	chr1	38972949	38973208	DNA/TcMar-Tigger	1718	-	130	38973079	68158
chr1	38904921	39104921	harbor2	chr1	38974322	38974590	DNA/TcMar-Tigger	1349	-	134	38974456	69535
chr1	211730531	211930531	harbor2	chr1	211733777	211733959	DNA/TcMar-Tigger	1055	-	91	211733868	3337
chr1	211730531	211930531	harbor2	chr1	211733960	211734402	DNA/TcMar-Tigger	2860	-	221	211734181	3650
chr1	211730531	211930531	harbor2	chr1	211734393	211734461	DNA/TcMar-Tigger	443	-	34	211734427	3896
chr1	211730531	211930531	harbor2	chr1	211734462	211734732	DNA/TcMar-Tigger	1585	-	135	211734597	4066
chr1	211730531	211930531	harbor2	chr1	211734735	211734877	DNA/TcMar-Tigger	681	-	71	211734806	4275
chr1	211730531	211930531	harbor2	chr1	211766366	211766870	DNA/TcMar-Tigger	2625	-	252	211766618	36087
chr1	211730531	211930531	harbor2	chr1	211805258	211805342	DNA/TcMar-Tigger	448	-	42	211805300	74769
chr1	211730531	211930531	harbor2	chr1	211805334	211805516	DNA/TcMar-Tigger	1089	-	91	211805425	74894
chr1	244605752	244805752	harbor2	chr1	244615382	244615694	DNA/TcMar-Tigger	1491	-	156	244615538	9786
chr1	244605752	244805752	harbor2	chr1	244620048	244620456	DNA/TcMar-Tigger	1122	-	204	244620252	14500
chr1	244605752	244805752	harbor2	chr1	244623644	244623966	DNA/TcMar-Tigger	6950	-	161	244623805	18053
chr1	244605752	244805752	harbor2	chr1	244624271	244624519	DNA/TcMar-Tigger	6950	-	124	244624395	18643
chr1	244605752	244805752	harbor2	chr1	244624820	244625346	DNA/TcMar-Tigger	6950	-	263	244625083	19331
chr1	244605752	244805752	harbor2	chr1	244625890	244626204	DNA/TcMar-Tigger	7997	-	157	244626047	20295
chr1	244605752	244805752	harbor2	chr1	244626509	244627321	DNA/TcMar-Tigger	7997	-	406	244626915	21163
chr1	244605752	244805752	harbor2	chr1	244627586	244627752	DNA/TcMar-Tigger	7997	-	83	244627669	21917
chr1	76547403	76747403	harbor2	chr1	76614199	76614374	DNA/TcMar-Tigger	585	-	88	76614287	66884
chr1	227441438	227641438	harbor2	chr1	227458259	227458437	DNA/TcMar-Tigger	608	-	89	227458348	16910
chr1	227441438	227641438	harbor2	chr1	227516446	227516780	DNA/TcMar-Tigger	1514	-	167	227516613	75175
chr1	2138423	2338423	harbor2	chr1	2151110	2151307	DNA/TcMar-Tigger	726	-	98	2151208	12785
chr1	155092951	155292951	harbor2	chr1	155158068	155158226	DNA/TcMar-Tigger	1954	-	79	155158147	65196
chr1	155092951	155292951	harbor2	chr1	155158530	155158753	DNA/TcMar-Tigger	1954	-	112	155158642	65691
chr1	162655449	162855449	harbor2	chr1	162741088	162741159	DNA/TcMar-Tigger	1192	-	36	162741124	85675
chr1	162655449	162855449	harbor2	chr1	162741322	162741461	DNA/TcMar-Tigger	1192	-	70	162741392	85943
chr1	154870386	155070386	harbor2	chr1	154921224	154921454	DNA/TcMar-Tigger	1416	-	115	154921339	50953
chr1	154870386	155070386	harbor2	chr1	154929386	154929511	DNA/TcMar-Tigger	590	-	62	154929448	59062
chr1	204830869	205030869	harbor2	chr1	204865116	204865447	DNA/TcMar-Tigger	2098	-	166	204865282	34413
chr1	182932329	183132329	harbor2	chr1	182969705	182969802	DNA/TcMar-Tigger	489	-	48	182969753	37424
chr1	182932329	183132329	harbor2	chr1	182971213	182971381	DNA/TcMar-Tigger	439	-	84	182971297	38968
chr1	182932329	183132329	harbor2	chr1	182977303	182978519	DNA/TcMar-Tigger	7639	-	608	182977911	45582
chr1	211034229	211234229	harbor2	chr1	211066304	211066596	DNA/TcMar-Tigger	1373	-	146	211066450	32221
chr1	211034229	211234229	harbor2	chr1	211069719	211069898	DNA/TcMar-Tigger	826	-	90	211069809	35580
chr1	211034229	211234229	harbor2	chr1	211070885	211071858	DNA/TcMar-Tigger	5023	-	486	211071371	37142
chr1	211034229	211234229	harbor2	chr1	211101822	211102225	DNA/TcMar-Tigger	473	-	202	211102024	67795
chr1	244735652	244935652	harbor2	chr1	244804111	244804487	DNA/TcMar-Tigger	2212	-	188	244804299	68647
chr1	244763056	244963056	harbor2	chr1	244804111	244804487	DNA/TcMar-Tigger	2212	-	188	244804299	41243
chr1	244763056	244963056	harbor2	chr1	244844923	244845181	DNA/TcMar-Tigger	982	-	129	244845052	81996
chr1	227442483	227642483	harbor2	chr1	227458259	227458437	DNA/TcMar-Tigger	608	-	89	227458348	15865
chr1	227442483	227642483	harbor2	chr1	227516446	227516780	DNA/TcMar-Tigger	1514	-	167	227516613	74130
chr1	25574287	25774287	harbor2	chr1	25593704	25594098	DNA/TcMar-Tigger	2258	-	197	25593901	19614
chr1	25574287	25774287	harbor2	chr1	25639444	25639754	DNA/TcMar-Tigger	779	-	155	25639599	65312
chr1	25574287	25774287	harbor2	chr1	25663318	25663637	DNA/TcMar-Tigger	1949	-	160	25663478	89191
chr1	116272865	116472865	harbor2	chr1	116320997	116321271	DNA/TcMar-Tigger	500	-	137	116321134	48269
chr1	116272865	116472865	harbor2	chr1	116323842	116324117	DNA/TcMar-Tigger	1891	-	138	116323980	51115
chr1	23067990	23267990	harbor2	chr1	23077601	23077703	DNA/TcMar-Tigger	686	-	51	23077652	9662
chr1	23067990	23267990	harbor2	chr1	23135103	23135294	DNA/TcMar-Tigger	681	-	96	23135199	67209
chr1	244605764	244805764	harbor2	chr1	244615382	244615694	DNA/TcMar-Tigger	1491	-	156	244615538	9774
chr1	244605764	244805764	harbor2	chr1	244620048	244620456	DNA/TcMar-Tigger	1122	-	204	244620252	14488
chr1	244605764	244805764	harbor2	chr1	244623644	244623966	DNA/TcMar-Tigger	6950	-	161	244623805	18041
chr1	244605764	244805764	harbor2	chr1	244624271	244624519	DNA/TcMar-Tigger	6950	-	124	244624395	18631
chr1	244605764	244805764	harbor2	chr1	244624820	244625346	DNA/TcMar-Tigger	6950	-	263	244625083	19319
chr1	244605764	244805764	harbor2	chr1	244625890	244626204	DNA/TcMar-Tigger	7997	-	157	244626047	20283
chr1	244605764	244805764	harbor2	chr1	244626509	244627321	DNA/TcMar-Tigger	7997	-	406	244626915	21151
chr1	244605764	244805764	harbor2	chr1	244627586	244627752	DNA/TcMar-Tigger	7997	-	83	244627669	21905
chr1	31479894	31679894	harbor2	chr1	31542110	31543687	DNA/TcMar-Tigger	11024	-	788	31542898	63004
chr1	2138420	2338420	harbor2	chr1	2151110	2151307	DNA/TcMar-Tigger	726	-	98	2151208	12788
chr1	86768547	86968547	harbor2	chr1	86859839	86860398	DNA/TcMar-Tigger	2159	-	280	86860119	91572
chr1	28827120	29027120	harbor2	chr1	28827495	28827722	DNA/TcMar-Tigger	5139	-	114	28827609	489
chr1	28827120	29027120	harbor2	chr1	28828036	28828540	DNA/TcMar-Tigger	5139	-	252	28828288	1168
chr1	28827120	29027120	harbor2	chr1	28829016	28829348	DNA/TcMar-Tigger	1656	-	166	28829182	2062
chr1	28827120	29027120	harbor2	chr1	28829669	28829705	DNA/TcMar-Tigger	2817	-	18	28829687	2567
chr1	28827120	29027120	harbor2	chr1	28830009	28830241	DNA/TcMar-Tigger	2817	-	116	28830125	3005
chr1	28827120	29027120	harbor2	chr1	28830553	28830751	DNA/TcMar-Tigger	2817	-	99	28830652	3532
chr1	110113147	110313147	harbor2	chr1	110118360	110118602	DNA/TcMar-Tigger	1195	-	121	110118481	5334
chr1	180065529	180265529	harbor2	chr1	180081514	180081774	DNA/TcMar-Tigger	1472	-	130	180081644	16115
chr1	180065529	180265529	harbor2	chr1	180140590	180140901	DNA/TcMar-Tigger	1865	-	156	180140746	75217
chr1	727539	927539	harbor2	chr1	758556	758663	DNA/TcMar-Tigger	518	-	54	758610	31071
chr1	727539	927539	harbor2	chr1	796539	796837	DNA/TcMar-Tigger	1356	-	149	796688	69149
chr1	2139714	2339714	harbor2	chr1	2151110	2151307	DNA/TcMar-Tigger	726	-	98	2151208	11494
chr1	214181152	214381152	harbor2	chr1	214226692	214226772	DNA/TcMar-Tigger	468	-	40	214226732	45580
chr1	32232884	32432884	harbor2	chr1	32306738	32306963	DNA/TcMar-Tigger	2394	-	112	32306850	73966
chr1	32232884	32432884	harbor2	chr1	32307264	32307729	DNA/TcMar-Tigger	2394	-	232	32307496	74612
chr1	51230916	51430916	harbor2	chr1	51258181	51258300	DNA/TcMar-Tigger	628	-	60	51258241	27325
chr1	51230916	51430916	harbor2	chr1	51278960	51279376	DNA/TcMar-Tigger	1834	-	208	51279168	48252
chr1	51230916	51430916	harbor2	chr1	51279371	51279418	DNA/TcMar-Tigger	1132	-	24	51279395	48479
chr1	51230916	51430916	harbor2	chr1	51279711	51279823	DNA/TcMar-Tigger	1132	-	56	51279767	48851
chr1	51230916	51430916	harbor2	chr1	51280122	51280213	DNA/TcMar-Tigger	1132	-	46	51280168	49252
chr1	244609671	244809671	harbor2	chr1	244615382	244615694	DNA/TcMar-Tigger	1491	-	156	244615538	5867
chr1	244609671	244809671	harbor2	chr1	244620048	244620456	DNA/TcMar-Tigger	1122	-	204	244620252	10581
chr1	244609671	244809671	harbor2	chr1	244623644	244623966	DNA/TcMar-Tigger	6950	-	161	244623805	14134
chr1	244609671	244809671	harbor2	chr1	244624271	244624519	DNA/TcMar-Tigger	6950	-	124	244624395	14724
chr1	244609671	244809671	harbor2	chr1	244624820	244625346	DNA/TcMar-Tigger	6950	-	263	244625083	15412
chr1	244609671	244809671	harbor2	chr1	244625890	244626204	DNA/TcMar-Tigger	7997	-	157	244626047	16376
chr1	244609671	244809671	harbor2	chr1	244626509	244627321	DNA/TcMar-Tigger	7997	-	406	244626915	17244
chr1	244609671	244809671	harbor2	chr1	244627586	244627752	DNA/TcMar-Tigger	7997	-	83	244627669	17998
chr1	20052576	20252576	harbor2	chr1	20087288	20087386	DNA/TcMar-Tigger	584	-	49	20087337	34761
chr1	20052576	20252576	harbor2	chr1	20088693	20088802	DNA/TcMar-Tigger	1202	-	54	20088747	36171
chr1	20052576	20252576	harbor2	chr1	20089100	20089299	DNA/TcMar-Tigger	1202	-	100	20089200	36624
chr1	2139645	2339645	harbor2	chr1	2151110	2151307	DNA/TcMar-Tigger	726	-	98	2151208	11563
chr1	244605740	244805740	harbor2	chr1	244615382	244615694	DNA/TcMar-Tigger	1491	-	156	244615538	9798
chr1	244605740	244805740	harbor2	chr1	244620048	244620456	DNA/TcMar-Tigger	1122	-	204	244620252	14512
chr1	244605740	244805740	harbor2	chr1	244623644	244623966	DNA/TcMar-Tigger	6950	-	161	244623805	18065
chr1	244605740	244805740	harbor2	chr1	244624271	244624519	DNA/TcMar-Tigger	6950	-	124	244624395	18655
chr1	244605740	244805740	harbor2	chr1	244624820	244625346	DNA/TcMar-Tigger	6950	-	263	244625083	19343
chr1	244605740	244805740	harbor2	chr1	244625890	244626204	DNA/TcMar-Tigger	7997	-	157	244626047	20307
chr1	244605740	244805740	harbor2	chr1	244626509	244627321	DNA/TcMar-Tigger	7997	-	406	244626915	21175
chr1	244605740	244805740	harbor2	chr1	244627586	244627752	DNA/TcMar-Tigger	7997	-	83	244627669	21929
chr1	230028630	230228630	harbor2	chr1	230052944	230053344	DNA/TcMar-Tigger	2341	-	200	230053144	24514
chr1	230028630	230228630	harbor2	chr1	230108363	230108441	DNA/TcMar-Tigger	449	-	39	230108402	79772
chr1	230028630	230228630	harbor2	chr1	230108549	230108978	DNA/TcMar-Tigger	2272	-	214	230108763	80133
chr1	230028630	230228630	harbor2	chr1	230115330	230116233	DNA/TcMar-Tigger	13919	-	452	230115782	87152
chr1	230028630	230228630	harbor2	chr1	230116528	230117920	DNA/TcMar-Tigger	13919	-	696	230117224	88594
chr1	19544301	19744301	harbor2	chr1	19586786	19587040	DNA/TcMar-Tigger	1544	-	127	19586913	42612
chr1	19544301	19744301	harbor2	chr1	19587348	19587456	DNA/TcMar-Tigger	1544	-	54	19587402	43101
chr1	19544301	19744301	harbor2	chr1	19595788	19595933	DNA/TcMar-Tigger	690	-	72	19595860	51559
chr1	19544301	19744301	harbor2	chr1	19596033	19596114	DNA/TcMar-Tigger	591	-	40	19596073	51772
chr1	28815540	29015540	harbor2	chr1	28826126	28826241	DNA/TcMar-Tigger	3909	-	58	28826184	10644
chr1	28815540	29015540	harbor2	chr1	28826536	28827012	DNA/TcMar-Tigger	3909	-	238	28826774	11234
chr1	28815540	29015540	harbor2	chr1	28827495	28827722	DNA/TcMar-Tigger	5139	-	114	28827609	12069
chr1	28815540	29015540	harbor2	chr1	28828036	28828540	DNA/TcMar-Tigger	5139	-	252	28828288	12748
chr1	28815540	29015540	harbor2	chr1	28829016	28829348	DNA/TcMar-Tigger	1656	-	166	28829182	13642
chr1	28815540	29015540	harbor2	chr1	28829669	28829705	DNA/TcMar-Tigger	2817	-	18	28829687	14147
chr1	28815540	29015540	harbor2	chr1	28830009	28830241	DNA/TcMar-Tigger	2817	-	116	28830125	14585
chr1	28815540	29015540	harbor2	chr1	28830553	28830751	DNA/TcMar-Tigger	2817	-	99	28830652	15112
chr1	47318309	47518309	harbor2	chr1	47363235	47363312	DNA/TcMar-Tigger	489	-	38	47363273	44964
chr1	165727908	165927908	harbor2	chr1	165728699	165728814	DNA/TcMar-Tigger	563	-	58	165728757	849
chr1	165727908	165927908	harbor2	chr1	165729128	165729276	DNA/TcMar-Tigger	563	-	74	165729202	1294
chr1	165727908	165927908	harbor2	chr1	165793685	165794091	DNA/TcMar-Tigger	959	-	203	165793888	65980
chr1	165727908	165927908	harbor2	chr1	165826155	165826250	DNA/TcMar-Tigger	468	-	48	165826203	98295
chr1	241289600	241489600	harbor2	chr1	241291999	241292367	DNA/TcMar-Tigger	2105	-	184	241292183	2583
chr1	241289600	241489600	harbor2	chr1	241311189	241311802	DNA/TcMar-Tigger	2222	-	306	241311495	21895
chr1	3224983	3424983	harbor2	chr1	3296792	3297087	DNA/TcMar-Tigger	1541	-	148	3296940	71957
chr1	3224983	3424983	harbor2	chr1	3302018	3302215	DNA/TcMar-Tigger	830	-	98	3302116	77133
chr1	3224983	3424983	harbor2	chr1	3302216	3302394	DNA/TcMar-Tigger	634	-	89	3302305	77322
chr1	3224983	3424983	harbor2	chr1	3302393	3302571	DNA/TcMar-Tigger	526	-	89	3302482	77499
chr1	3224983	3424983	harbor2	chr1	3302585	3302990	DNA/TcMar-Tigger	1438	-	202	3302787	77804
chr1	203029240	203229240	harbor2	chr1	203074141	203074469	DNA/TcMar-Tigger	1965	-	164	203074305	45065
chr1	212332813	212532813	harbor2	chr1	212346371	212346560	DNA/TcMar-Tigger	1027	-	94	212346465	13652
chr1	212332813	212532813	harbor2	chr1	212383182	212383438	DNA/TcMar-Tigger	706	-	128	212383310	50497
chr1	32108058	32308058	harbor2	chr1	32112317	32112484	DNA/TcMar-Tigger	5126	-	84	32112401	4343
chr1	32108058	32308058	harbor2	chr1	32112795	32113109	DNA/TcMar-Tigger	5126	-	157	32112952	4894
chr1	32108058	32308058	harbor2	chr1	32113398	32113454	DNA/TcMar-Tigger	5126	-	28	32113426	5368
chr1	32108058	32308058	harbor2	chr1	32113739	32114158	DNA/TcMar-Tigger	5126	-	210	32113949	5891
chr1	32108058	32308058	harbor2	chr1	32114453	32114852	DNA/TcMar-Tigger	5126	-	200	32114653	6595
chr1	32108058	32308058	harbor2	chr1	32115725	32115754	DNA/TcMar-Tigger	5126	-	14	32115739	7681
chr1	32108058	32308058	harbor2	chr1	32116043	32116173	DNA/TcMar-Tigger	5126	-	65	32116108	8050
chr1	32108058	32308058	harbor2	chr1	32116300	32116376	DNA/TcMar-Tigger	5126	-	38	32116338	8280
chr1	32108058	32308058	harbor2	chr1	32116663	32117164	DNA/TcMar-Tigger	5126	-	250	32116913	8855
chr1	32108058	32308058	harbor2	chr1	32125722	32126025	DNA/TcMar-Tigger	897	-	152	32125874	17816
chr1	32108058	32308058	harbor2	chr1	32126186	32126232	DNA/TcMar-Tigger	897	-	23	32126209	18151
chr1	32108058	32308058	harbor2	chr1	32143956	32144451	DNA/TcMar-Tigger	2688	-	248	32144204	36146
chr1	32108058	32308058	harbor2	chr1	32156227	32156722	DNA/TcMar-Tigger	2317	-	248	32156475	48417
chr1	32108058	32308058	harbor2	chr1	32178228	32178341	DNA/TcMar-Tigger	589	-	56	32178284	70226
chr1	32108058	32308058	harbor2	chr1	32190449	32190734	DNA/TcMar-Tigger	686	-	142	32190591	82533
chr1	53584910	53784910	harbor2	chr1	53609710	53610059	DNA/TcMar-Tigger	1818	-	174	53609884	24974
chr1	89721814	89921814	harbor2	chr1	89737191	89738420	DNA/TcMar-Tigger	7087	-	614	89737805	15991
chr1	89721814	89921814	harbor2	chr1	89787188	89787723	DNA/TcMar-Tigger	2099	-	268	89787456	65642
chr1	89721814	89921814	harbor2	chr1	89787998	89788323	DNA/TcMar-Tigger	1989	-	162	89788160	66346
chr1	116393750	116593750	harbor2	chr1	116479677	116480374	DNA/TcMar-Tigger	4251	-	348	116480025	86275
chr1	220688388	220888388	harbor2	chr1	220777807	220777873	DNA/TcMar-Tigger	438	-	33	220777840	89452
chr1	235647632	235847632	harbor2	chr1	235667538	235667664	DNA/TcMar-Tigger	2132	-	63	235667601	19969
chr1	235647632	235847632	harbor2	chr1	235667961	235668182	DNA/TcMar-Tigger	2132	-	110	235668071	20439
chr1	235647632	235847632	harbor2	chr1	235707811	235708052	DNA/TcMar-Tigger	1298	-	120	235707931	60299
chr1	79970074	80170074	harbor2	chr1	80026051	80026374	DNA/TcMar-Tigger	1469	-	162	80026213	56139
chr1	79970074	80170074	harbor2	chr1	80059524	80059764	DNA/TcMar-Tigger	1954	-	120	80059644	89570
chr1	79970074	80170074	harbor2	chr1	80060140	80060346	DNA/TcMar-Tigger	1954	-	103	80060243	90169
chr1	100904301	101104301	harbor2	chr1	100918532	100919000	DNA/TcMar-Tigger	3173	-	234	100918766	14465
chr1	6601951	6801951	harbor2	chr1	6657982	6658151	DNA/TcMar-Tigger	859	-	84	6658066	56115
chr1	237493862	237693862	harbor2	chr1	237548922	237549142	DNA/TcMar-Tigger	454	-	110	237549032	55170
chr1	5894141	6094141	harbor2	chr1	5931262	5931457	DNA/TcMar-Tigger	2401	-	98	5931360	37219
chr1	5894141	6094141	harbor2	chr1	5931759	5931797	DNA/TcMar-Tigger	2401	-	19	5931778	37637
chr1	5894141	6094141	harbor2	chr1	5932086	5932390	DNA/TcMar-Tigger	2401	-	152	5932238	38097
chr1	5894141	6094141	harbor2	chr1	5985771	5986083	DNA/TcMar-Tigger	1522	-	156	5985927	91786
chr1	207932133	208132133	harbor2	chr1	207940934	207941596	DNA/TcMar-Tigger	1001	-	331	207941265	9132
chr1	207932133	208132133	harbor2	chr1	207992937	207993356	DNA/TcMar-Tigger	1604	-	210	207993147	61014
chr1	207932133	208132133	harbor2	chr1	207993469	207993692	DNA/TcMar-Tigger	436	-	112	207993581	61448
chr1	101801228	102001228	harbor2	chr1	101859516	101859732	DNA/TcMar-Tigger	1259	-	108	101859624	58396
chr1	101801228	102001228	harbor2	chr1	101860443	101860755	DNA/TcMar-Tigger	659	-	156	101860599	59371
chr1	19567950	19767950	harbor2	chr1	19586786	19587040	DNA/TcMar-Tigger	1544	-	127	19586913	18963
chr1	19567950	19767950	harbor2	chr1	19587348	19587456	DNA/TcMar-Tigger	1544	-	54	19587402	19452
chr1	19567950	19767950	harbor2	chr1	19595788	19595933	DNA/TcMar-Tigger	690	-	72	19595860	27910
chr1	19567950	19767950	harbor2	chr1	19596033	19596114	DNA/TcMar-Tigger	591	-	40	19596073	28123
chr1	211005470	211205470	harbor2	chr1	211066304	211066596	DNA/TcMar-Tigger	1373	-	146	211066450	60980
chr1	211005470	211205470	harbor2	chr1	211069719	211069898	DNA/TcMar-Tigger	826	-	90	211069809	64339
chr1	211005470	211205470	harbor2	chr1	211070885	211071858	DNA/TcMar-Tigger	5023	-	486	211071371	65901
chr1	211005470	211205470	harbor2	chr1	211101822	211102225	DNA/TcMar-Tigger	473	-	202	211102024	96554
chr1	54663786	54863786	harbor2	chr1	54728650	54729346	DNA/TcMar-Tigger	4008	-	348	54728998	65212
chr1	70202324	70402324	harbor2	chr1	70219281	70219561	DNA/TcMar-Tigger	1400	-	140	70219421	17097
chr1	70202324	70402324	harbor2	chr1	70243174	70243425	DNA/TcMar-Tigger	704	-	126	70243300	40976
chr1	70202324	70402324	harbor2	chr1	70245136	70245409	DNA/TcMar-Tigger	713	-	136	70245272	42948
chr1	70202324	70402324	harbor2	chr1	70253249	70253341	DNA/TcMar-Tigger	487	-	46	70253295	50971
chr1	246213932	246413932	harbor2	chr1	246238913	246239105	DNA/TcMar-Tigger	964	-	96	246239009	25077
chr1	246213932	246413932	harbor2	chr1	246303353	246303646	DNA/TcMar-Tigger	866	-	146	246303499	89567
chr1	26442085	26642085	harbor2	chr1	26461859	26462055	DNA/TcMar-Tigger	855	-	98	26461957	19872
chr1	26442085	26642085	harbor2	chr1	26462321	26462755	DNA/TcMar-Tigger	855	-	217	26462538	20453
chr1	165495090	165695090	harbor2	chr1	165520795	165521138	DNA/TcMar-Tigger	2090	-	172	165520967	25877
chr1	165495090	165695090	harbor2	chr1	165559616	165560209	DNA/TcMar-Tigger	3447	-	296	165559912	64822
chr1	230940404	231140404	harbor2	chr1	230986526	230986668	DNA/TcMar-Tigger	3288	-	71	230986597	46193
chr1	230940404	231140404	harbor2	chr1	230986707	230986720	DNA/TcMar-Tigger	3288	-	6	230986713	46309
chr1	230940404	231140404	harbor2	chr1	230986837	230987378	DNA/TcMar-Tigger	3288	-	270	230987107	46703
chr1	42648943	42848943	harbor2	chr1	42705392	42705509	DNA/TcMar-Tigger	771	-	58	42705450	56507
chr1	42648943	42848943	harbor2	chr1	42706065	42706455	DNA/TcMar-Tigger	1718	-	195	42706260	57317
chr1	42648943	42848943	harbor2	chr1	42716244	42716326	DNA/TcMar-Tigger	584	-	41	42716285	67342
chr1	156113311	156313311	harbor2	chr1	156180961	156181090	DNA/TcMar-Tigger	649	-	64	156181025	67714
chr1	156113311	156313311	harbor2	chr1	156181385	156181438	DNA/TcMar-Tigger	649	-	26	156181411	68100
chr1	169022360	169222360	harbor2	chr1	169119680	169119782	DNA/TcMar-Tigger	486	-	51	169119731	97371
chr1	2138388	2338388	harbor2	chr1	2151110	2151307	DNA/TcMar-Tigger	726	-	98	2151208	12820
chr1	22374602	22574602	harbor2	chr1	22382163	22382517	DNA/TcMar-Tigger	1591	-	177	22382340	7738
chr1	199637514	199837514	harbor2	chr1	199719446	199719592	DNA/TcMar-Tigger	782	-	73	199719519	82005
chr1	114616806	114816806	harbor2	chr1	114652522	114652641	DNA/TcMar-Tigger	587	-	60	114652582	35776
chr1	114616806	114816806	harbor2	chr1	114652844	114653067	DNA/TcMar-Tigger	1302	-	112	114652956	36150
chr1	248598635	248798635	harbor2	chr1	248643543	248644151	DNA/TcMar-Tigger	1569	-	304	248643847	45212
chr1	244608247	244808247	harbor2	chr1	244615382	244615694	DNA/TcMar-Tigger	1491	-	156	244615538	7291
chr1	244608247	244808247	harbor2	chr1	244620048	244620456	DNA/TcMar-Tigger	1122	-	204	244620252	12005
chr1	244608247	244808247	harbor2	chr1	244623644	244623966	DNA/TcMar-Tigger	6950	-	161	244623805	15558
chr1	244608247	244808247	harbor2	chr1	244624271	244624519	DNA/TcMar-Tigger	6950	-	124	244624395	16148
chr1	244608247	244808247	harbor2	chr1	244624820	244625346	DNA/TcMar-Tigger	6950	-	263	244625083	16836
chr1	244608247	244808247	harbor2	chr1	244625890	244626204	DNA/TcMar-Tigger	7997	-	157	244626047	17800
chr1	244608247	244808247	harbor2	chr1	244626509	244627321	DNA/TcMar-Tigger	7997	-	406	244626915	18668
chr1	244608247	244808247	harbor2	chr1	244627586	244627752	DNA/TcMar-Tigger	7997	-	83	244627669	19422
chr1	211034263	211234263	harbor2	chr1	211066304	211066596	DNA/TcMar-Tigger	1373	-	146	211066450	32187
chr1	211034263	211234263	harbor2	chr1	211069719	211069898	DNA/TcMar-Tigger	826	-	90	211069809	35546
chr1	211034263	211234263	harbor2	chr1	211070885	211071858	DNA/TcMar-Tigger	5023	-	486	211071371	37108
chr1	211034263	211234263	harbor2	chr1	211101822	211102225	DNA/TcMar-Tigger	473	-	202	211102024	67761
chr1	155155167	155355167	harbor2	chr1	155158068	155158226	DNA/TcMar-Tigger	1954	-	79	155158147	2980
chr1	155155167	155355167	harbor2	chr1	155158530	155158753	DNA/TcMar-Tigger	1954	-	112	155158642	3475
chr1	211034198	211234198	harbor2	chr1	211066304	211066596	DNA/TcMar-Tigger	1373	-	146	211066450	32252
chr1	211034198	211234198	harbor2	chr1	211069719	211069898	DNA/TcMar-Tigger	826	-	90	211069809	35611
chr1	211034198	211234198	harbor2	chr1	211070885	211071858	DNA/TcMar-Tigger	5023	-	486	211071371	37173
chr1	211034198	211234198	harbor2	chr1	211101822	211102225	DNA/TcMar-Tigger	473	-	202	211102024	67826
chr1	2139088	2339088	harbor2	chr1	2151110	2151307	DNA/TcMar-Tigger	726	-	98	2151208	12120
chr1	37143776	37343776	harbor2	chr1	37202885	37203249	DNA/TcMar-Tigger	1535	-	182	37203067	59291
chr1	42319822	42519822	harbor2	chr1	42324501	42325064	DNA/TcMar-Tigger	3440	-	282	42324783	4961
chr1	155844472	156044472	harbor2	chr1	155873584	155873642	DNA/TcMar-Tigger	568	-	29	155873613	29141
chr1	155844472	156044472	harbor2	chr1	155873836	155874016	DNA/TcMar-Tigger	568	-	90	155873926	29454
chr1	155844472	156044472	harbor2	chr1	155918478	155918772	DNA/TcMar-Tigger	1565	-	147	155918625	74153
chr1	6367837	6567837	harbor2	chr1	6369282	6369394	DNA/TcMar-Tigger	486	-	56	6369338	1501
chr1	6367837	6567837	harbor2	chr1	6369861	6369958	DNA/TcMar-Tigger	8394	-	48	6369909	2072
chr1	6367837	6567837	harbor2	chr1	6370367	6370457	DNA/TcMar-Tigger	8394	-	45	6370412	2575
chr1	6367837	6567837	harbor2	chr1	6370793	6370803	DNA/TcMar-Tigger	8394	-	5	6370798	2961
chr1	6367837	6567837	harbor2	chr1	6371109	6371362	DNA/TcMar-Tigger	8394	-	126	6371235	3398
chr1	6367837	6567837	harbor2	chr1	6371662	6371762	DNA/TcMar-Tigger	8394	-	50	6371712	3875
chr1	6367837	6567837	harbor2	chr1	6372066	6372547	DNA/TcMar-Tigger	8394	-	240	6372306	4469
chr1	6367837	6567837	harbor2	chr1	6372850	6373256	DNA/TcMar-Tigger	8394	-	203	6373053	5216
chr1	6367837	6567837	harbor2	chr1	6373551	6373582	DNA/TcMar-Tigger	8394	-	16	6373567	5730
chr1	6367837	6567837	harbor2	chr1	6373883	6373921	DNA/TcMar-Tigger	8394	-	19	6373902	6065
chr1	223143141	223343141	harbor2	chr1	223164073	223164383	DNA/TcMar-Tigger	1033	-	155	223164228	21087
chr1	3268502	3468502	harbor2	chr1	3296792	3297087	DNA/TcMar-Tigger	1541	-	148	3296940	28438
chr1	3268502	3468502	harbor2	chr1	3302018	3302215	DNA/TcMar-Tigger	830	-	98	3302116	33614
chr1	3268502	3468502	harbor2	chr1	3302216	3302394	DNA/TcMar-Tigger	634	-	89	3302305	33803
chr1	3268502	3468502	harbor2	chr1	3302393	3302571	DNA/TcMar-Tigger	526	-	89	3302482	33980
chr1	3268502	3468502	harbor2	chr1	3302585	3302990	DNA/TcMar-Tigger	1438	-	202	3302787	34285
chr1	226308052	226508052	harbor2	chr1	226380624	226380839	DNA/TcMar-Tigger	1065	-	108	226380732	72680
chr1	54787204	54987204	harbor2	chr1	54834546	54834896	DNA/TcMar-Tigger	2197	-	175	54834721	47517
chr1	54787204	54987204	harbor2	chr1	54870421	54870741	DNA/TcMar-Tigger	1934	-	160	54870581	83377
chr1	46503997	46703997	harbor2	chr1	46555493	46555799	DNA/TcMar-Tigger	1596	-	153	46555646	51649
chr1	2138394	2338394	harbor2	chr1	2151110	2151307	DNA/TcMar-Tigger	726	-	98	2151208	12814
chr2	26950611	27150611	harbor2	chr2	27001122	27001357	DNA/TcMar-Tigger	1541	-	118	27001240	50629
chr2	26950611	27150611	harbor2	chr2	27001702	27001829	DNA/TcMar-Tigger	570	-	64	27001766	51155
chr2	26950611	27150611	harbor2	chr2	27022427	27022777	DNA/TcMar-Tigger	1965	-	175	27022602	71991
chr2	26950767	27150767	harbor2	chr2	27001122	27001357	DNA/TcMar-Tigger	1541	-	118	27001240	50473
chr2	26950767	27150767	harbor2	chr2	27001702	27001829	DNA/TcMar-Tigger	570	-	64	27001766	50999
chr2	26950767	27150767	harbor2	chr2	27022427	27022777	DNA/TcMar-Tigger	1965	-	175	27022602	71835
chr2	218223278	218423278	harbor2	chr2	218306879	218307066	DNA/TcMar-Tigger	1073	-	94	218306973	83695
chr2	152618586	152818586	harbor2	chr2	152630932	152631103	DNA/TcMar-Tigger	946	-	86	152631018	12432
chr2	152618586	152818586	harbor2	chr2	152631416	152631737	DNA/TcMar-Tigger	1326	-	160	152631576	12990
chr2	152618586	152818586	harbor2	chr2	152697583	152697917	DNA/TcMar-Tigger	1770	-	167	152697750	79164
chr2	152618586	152818586	harbor2	chr2	152709235	152709443	DNA/TcMar-Tigger	921	-	104	152709339	90753
chr2	62949558	63149558	harbor2	chr2	63009739	63010056	DNA/TcMar-Tigger	1555	-	158	63009897	60339
chr2	86976766	87176766	harbor2	chr2	87023901	87024920	DNA/TcMar-Tigger	5643	-	510	87024411	47645
chr2	86976766	87176766	harbor2	chr2	87064038	87064635	DNA/TcMar-Tigger	717	-	298	87064336	87570
chr2	54998188	55198188	harbor2	chr2	55005658	55005984	DNA/TcMar-Tigger	1515	-	163	55005821	7633
chr2	54998188	55198188	harbor2	chr2	55047917	55048571	DNA/TcMar-Tigger	3181	-	327	55048244	50056
chr2	54998188	55198188	harbor2	chr2	55048573	55048680	DNA/TcMar-Tigger	681	-	54	55048627	50439
chr2	26950232	27150232	harbor2	chr2	27001122	27001357	DNA/TcMar-Tigger	1541	-	118	27001240	51008
chr2	26950232	27150232	harbor2	chr2	27001702	27001829	DNA/TcMar-Tigger	570	-	64	27001766	51534
chr2	26950232	27150232	harbor2	chr2	27022427	27022777	DNA/TcMar-Tigger	1965	-	175	27022602	72370
chr2	86976313	87176313	harbor2	chr2	87023901	87024920	DNA/TcMar-Tigger	5643	-	510	87024411	48098
chr2	86976313	87176313	harbor2	chr2	87064038	87064635	DNA/TcMar-Tigger	717	-	298	87064336	88023
chr2	241407713	241607713	harbor2	chr2	241487305	241487389	DNA/TcMar-Tigger	1876	-	42	241487347	79634
chr2	241407713	241607713	harbor2	chr2	241487695	241487744	DNA/TcMar-Tigger	1876	-	24	241487719	80006
chr2	241407713	241607713	harbor2	chr2	241488036	241488251	DNA/TcMar-Tigger	1876	-	108	241488144	80431
chr2	233445857	233645857	harbor2	chr2	233502325	233502519	DNA/TcMar-Tigger	931	-	97	233502422	56565
chr2	233445857	233645857	harbor2	chr2	233512838	233513223	DNA/TcMar-Tigger	1792	-	192	233513030	67173
chr2	233445857	233645857	harbor2	chr2	233513220	233513677	DNA/TcMar-Tigger	1749	-	228	233513448	67591
chr2	175980096	176180096	harbor2	chr2	175985589	175985909	DNA/TcMar-Tigger	1555	-	160	175985749	5653
chr2	175980096	176180096	harbor2	chr2	176040020	176040379	DNA/TcMar-Tigger	1627	-	180	176040200	60104
chr2	26982800	27182800	harbor2	chr2	27001122	27001357	DNA/TcMar-Tigger	1541	-	118	27001240	18440
chr2	26982800	27182800	harbor2	chr2	27001702	27001829	DNA/TcMar-Tigger	570	-	64	27001766	18966
chr2	26982800	27182800	harbor2	chr2	27022427	27022777	DNA/TcMar-Tigger	1965	-	175	27022602	39802
chr2	219384377	219584377	harbor2	chr2	219478606	219478810	DNA/TcMar-Tigger	543	-	102	219478708	94331
chr2	207668684	207868684	harbor2	chr2	207680759	207680886	DNA/TcMar-Tigger	565	-	64	207680823	12139
chr2	237868943	238068943	harbor2	chr2	237939649	237939675	DNA/TcMar-Tigger	1348	-	13	237939662	70719
chr2	237868943	238068943	harbor2	chr2	237940489	237940741	DNA/TcMar-Tigger	1348	-	126	237940615	71672
chr2	53764282	53964282	harbor2	chr2	53800075	53800386	DNA/TcMar-Tigger	1685	-	156	53800231	35949
chr2	227428022	227628022	harbor2	chr2	227441613	227441742	DNA/TcMar-Tigger	623	-	64	227441677	13655
chr2	227428022	227628022	harbor2	chr2	227442051	227442089	DNA/TcMar-Tigger	623	-	19	227442070	14048
chr2	227428022	227628022	harbor2	chr2	227478690	227479173	DNA/TcMar-Tigger	823	-	242	227478932	50910
chr2	227428022	227628022	harbor2	chr2	227503978	227504187	DNA/TcMar-Tigger	749	-	104	227504082	76060
chr2	47736123	47936123	harbor2	chr2	47789613	47789809	DNA/TcMar-Tigger	1094	-	98	47789711	53588
chr2	47736123	47936123	harbor2	chr2	47798301	47798554	DNA/TcMar-Tigger	1223	-	126	47798427	62304
chr2	47736123	47936123	harbor2	chr2	47814160	47814373	DNA/TcMar-Tigger	3783	-	106	47814266	78143
chr2	47736123	47936123	harbor2	chr2	47814679	47815160	DNA/TcMar-Tigger	3783	-	240	47814919	78796
chr2	47736123	47936123	harbor2	chr2	47816469	47817869	DNA/TcMar-Tigger	9337	-	700	47817169	81046
chr2	47736123	47936123	harbor2	chr2	47818129	47818331	DNA/TcMar-Tigger	9337	-	101	47818230	82107
chr2	46198785	46398785	harbor2	chr2	46223307	46223429	DNA/TcMar-Tigger	456	-	61	46223368	24583
chr2	46198785	46398785	harbor2	chr2	46258247	46258627	DNA/TcMar-Tigger	2011	-	190	46258437	59652
chr2	70453804	70653804	harbor2	chr2	70487306	70487667	DNA/TcMar-Tigger	2205	-	180	70487486	33682
chr2	111956551	112156551	harbor2	chr2	111990612	111990831	DNA/TcMar-Tigger	1225	-	110	111990722	34171
chr2	111956551	112156551	harbor2	chr2	112035646	112035995	DNA/TcMar-Tigger	1976	-	174	112035820	79269
chr2	207669155	207869155	harbor2	chr2	207680759	207680886	DNA/TcMar-Tigger	565	-	64	207680823	11668
chr2	46207640	46407640	harbor2	chr2	46223307	46223429	DNA/TcMar-Tigger	456	-	61	46223368	15728
chr2	46207640	46407640	harbor2	chr2	46258247	46258627	DNA/TcMar-Tigger	2011	-	190	46258437	50797
chr2	46200025	46400025	harbor2	chr2	46223307	46223429	DNA/TcMar-Tigger	456	-	61	46223368	23343
chr2	46200025	46400025	harbor2	chr2	46258247	46258627	DNA/TcMar-Tigger	2011	-	190	46258437	58412
chr2	26406153	26606153	harbor2	chr2	26428251	26428516	DNA/TcMar-Tigger	2173	-	132	26428383	22230
chr2	26406153	26606153	harbor2	chr2	26428810	26428890	DNA/TcMar-Tigger	2173	-	40	26428850	22697
chr2	86976783	87176783	harbor2	chr2	87023901	87024920	DNA/TcMar-Tigger	5643	-	510	87024411	47628
chr2	86976783	87176783	harbor2	chr2	87064038	87064635	DNA/TcMar-Tigger	717	-	298	87064336	87553
chr2	142651021	142851021	harbor2	chr2	142700166	142700303	DNA/TcMar-Tigger	801	-	68	142700234	49213
chr2	142651021	142851021	harbor2	chr2	142714567	142714898	DNA/TcMar-Tigger	1011	-	166	142714733	63712
chr2	47707524	47907524	harbor2	chr2	47789613	47789809	DNA/TcMar-Tigger	1094	-	98	47789711	82187
chr2	47707524	47907524	harbor2	chr2	47798301	47798554	DNA/TcMar-Tigger	1223	-	126	47798427	90903
chr2	144117662	144317662	harbor2	chr2	144126539	144126746	DNA/TcMar-Tigger	1091	-	104	144126643	8981
chr2	144117662	144317662	harbor2	chr2	144137192	144137577	DNA/TcMar-Tigger	1109	-	192	144137384	19722
chr2	144117662	144317662	harbor2	chr2	144196954	144197289	DNA/TcMar-Tigger	1786	-	168	144197122	79460
chr2	10822431	11022431	harbor2	chr2	10886879	10887134	DNA/TcMar-Tigger	633	-	128	10887007	64576
chr2	159611903	159811903	harbor2	chr2	159642539	159643156	DNA/TcMar-Tigger	2661	-	308	159642847	30944
chr2	159611903	159811903	harbor2	chr2	159647604	159647973	DNA/TcMar-Tigger	1777	-	184	159647788	35885
chr2	159611903	159811903	harbor2	chr2	159691250	159692146	DNA/TcMar-Tigger	6178	-	448	159691698	79795
chr2	159611903	159811903	harbor2	chr2	159692457	159692570	DNA/TcMar-Tigger	6178	-	56	159692513	80610
chr2	159611903	159811903	harbor2	chr2	159692698	159692769	DNA/TcMar-Tigger	6178	-	36	159692734	80831
chr2	159611903	159811903	harbor2	chr2	159700207	159700437	DNA/TcMar-Tigger	1201	-	115	159700322	88419
chr2	159611903	159811903	harbor2	chr2	159700745	159700831	DNA/TcMar-Tigger	1201	-	43	159700788	88885
chr2	10277847	10477847	harbor2	chr2	10349733	10349953	DNA/TcMar-Tigger	658	-	110	10349843	71996
chr2	10277847	10477847	harbor2	chr2	10349982	10350181	DNA/TcMar-Tigger	539	-	100	10350082	72235
chr2	30047316	30247316	harbor2	chr2	30094838	30095148	DNA/TcMar-Tigger	1265	-	155	30094993	47677
chr2	30047316	30247316	harbor2	chr2	30095679	30095933	DNA/TcMar-Tigger	1236	-	127	30095806	48490
chr2	30047316	30247316	harbor2	chr2	30110520	30110610	DNA/TcMar-Tigger	555	-	45	30110565	63249
chr2	30047316	30247316	harbor2	chr2	30110932	30111154	DNA/TcMar-Tigger	1049	-	111	30111043	63727
chr2	30047316	30247316	harbor2	chr2	30136774	30136878	DNA/TcMar-Tigger	682	-	52	30136826	89510
chr2	30047316	30247316	harbor2	chr2	30136880	30137084	DNA/TcMar-Tigger	703	-	102	30136982	89666
chr2	72971434	73171434	harbor2	chr2	73016782	73017130	DNA/TcMar-Tigger	1458	-	174	73016956	45522
chr2	72971434	73171434	harbor2	chr2	73038021	73038489	DNA/TcMar-Tigger	2820	-	234	73038255	66821
chr2	72971434	73171434	harbor2	chr2	73038638	73038895	DNA/TcMar-Tigger	1228	-	128	73038766	67332
chr2	72971434	73171434	harbor2	chr2	73038896	73038939	DNA/TcMar-Tigger	568	-	22	73038918	67484
chr2	72971434	73171434	harbor2	chr2	73039228	73039305	DNA/TcMar-Tigger	568	-	38	73039266	67832
chr2	152618553	152818553	harbor2	chr2	152630932	152631103	DNA/TcMar-Tigger	946	-	86	152631018	12465
chr2	152618553	152818553	harbor2	chr2	152631416	152631737	DNA/TcMar-Tigger	1326	-	160	152631576	13023
chr2	152618553	152818553	harbor2	chr2	152697583	152697917	DNA/TcMar-Tigger	1770	-	167	152697750	79197
chr2	152618553	152818553	harbor2	chr2	152709235	152709443	DNA/TcMar-Tigger	921	-	104	152709339	90786
chr2	72046331	72246331	harbor2	chr2	72106210	72106426	DNA/TcMar-Tigger	967	-	108	72106318	59987
chr2	72046331	72246331	harbor2	chr2	72125627	72126021	DNA/TcMar-Tigger	1142	-	197	72125824	79493
chr2	152617962	152817962	harbor2	chr2	152630932	152631103	DNA/TcMar-Tigger	946	-	86	152631018	13056
chr2	152617962	152817962	harbor2	chr2	152631416	152631737	DNA/TcMar-Tigger	1326	-	160	152631576	13614
chr2	152617962	152817962	harbor2	chr2	152697583	152697917	DNA/TcMar-Tigger	1770	-	167	152697750	79788
chr2	152617962	152817962	harbor2	chr2	152709235	152709443	DNA/TcMar-Tigger	921	-	104	152709339	91377
chr2	113183327	113383327	harbor2	chr2	113194495	113194812	DNA/TcMar-Tigger	1692	-	158	113194653	11326
chr2	219466926	219666926	harbor2	chr2	219478606	219478810	DNA/TcMar-Tigger	543	-	102	219478708	11782
chr2	219466926	219666926	harbor2	chr2	219559628	219559830	DNA/TcMar-Tigger	535	-	101	219559729	92803
chr2	219466926	219666926	harbor2	chr2	219559900	219560056	DNA/TcMar-Tigger	585	-	78	219559978	93052
chr2	218223273	218423273	harbor2	chr2	218306879	218307066	DNA/TcMar-Tigger	1073	-	94	218306973	83700
chr2	26405176	26605176	harbor2	chr2	26428251	26428516	DNA/TcMar-Tigger	2173	-	132	26428383	23207
chr2	26405176	26605176	harbor2	chr2	26428810	26428890	DNA/TcMar-Tigger	2173	-	40	26428850	23674
chr2	152043289	152243289	harbor2	chr2	152052050	152052290	DNA/TcMar-Tigger	1526	-	120	152052170	8881
chr2	152043289	152243289	harbor2	chr2	152082403	152082499	DNA/TcMar-Tigger	443	-	48	152082451	39162
chr2	152043289	152243289	harbor2	chr2	152082687	152082837	DNA/TcMar-Tigger	515	-	75	152082762	39473
chr2	152043289	152243289	harbor2	chr2	152082964	152083000	DNA/TcMar-Tigger	515	-	18	152082982	39693
chr2	152043289	152243289	harbor2	chr2	152092735	152093088	DNA/TcMar-Tigger	1781	-	176	152092911	49622
chr2	46199989	46399989	harbor2	chr2	46223307	46223429	DNA/TcMar-Tigger	456	-	61	46223368	23379
chr2	46199989	46399989	harbor2	chr2	46258247	46258627	DNA/TcMar-Tigger	2011	-	190	46258437	58448
chr2	46199056	46399056	harbor2	chr2	46223307	46223429	DNA/TcMar-Tigger	456	-	61	46223368	24312
chr2	46199056	46399056	harbor2	chr2	46258247	46258627	DNA/TcMar-Tigger	2011	-	190	46258437	59381
chr2	46199733	46399733	harbor2	chr2	46223307	46223429	DNA/TcMar-Tigger	456	-	61	46223368	23635
chr2	46199733	46399733	harbor2	chr2	46258247	46258627	DNA/TcMar-Tigger	2011	-	190	46258437	58704
chr2	72972031	73172031	harbor2	chr2	73016782	73017130	DNA/TcMar-Tigger	1458	-	174	73016956	44925
chr2	72972031	73172031	harbor2	chr2	73038021	73038489	DNA/TcMar-Tigger	2820	-	234	73038255	66224
chr2	72972031	73172031	harbor2	chr2	73038638	73038895	DNA/TcMar-Tigger	1228	-	128	73038766	66735
chr2	72972031	73172031	harbor2	chr2	73038896	73038939	DNA/TcMar-Tigger	568	-	22	73038918	66887
chr2	72972031	73172031	harbor2	chr2	73039228	73039305	DNA/TcMar-Tigger	568	-	38	73039266	67235
chr2	161468960	161668960	harbor2	chr2	161533925	161534477	DNA/TcMar-Tigger	2897	-	276	161534201	65241
chr2	26950501	27150501	harbor2	chr2	27001122	27001357	DNA/TcMar-Tigger	1541	-	118	27001240	50739
chr2	26950501	27150501	harbor2	chr2	27001702	27001829	DNA/TcMar-Tigger	570	-	64	27001766	51265
chr2	26950501	27150501	harbor2	chr2	27022427	27022777	DNA/TcMar-Tigger	1965	-	175	27022602	72101
chr2	43055466	43255466	harbor2	chr2	43093124	43093515	DNA/TcMar-Tigger	969	-	196	43093320	37854
chr2	43055466	43255466	harbor2	chr2	43093828	43094092	DNA/TcMar-Tigger	969	-	132	43093960	38494
chr2	43055466	43255466	harbor2	chr2	43141121	43141288	DNA/TcMar-Tigger	930	-	84	43141205	85739
chr2	43055466	43255466	harbor2	chr2	43141855	43141922	DNA/TcMar-Tigger	930	-	34	43141889	86423
chr2	170412424	170612424	harbor2	chr2	170444958	170445232	DNA/TcMar-Tigger	1176	-	137	170445095	32671
chr2	170412424	170612424	harbor2	chr2	170445218	170445340	DNA/TcMar-Tigger	1799	-	61	170445279	32855
chr2	170412424	170612424	harbor2	chr2	170445934	170446214	DNA/TcMar-Tigger	1799	-	140	170446074	33650
chr2	170412424	170612424	harbor2	chr2	170456814	170457758	DNA/TcMar-Tigger	6795	-	472	170457286	44862
chr2	170412424	170612424	harbor2	chr2	170458053	170458350	DNA/TcMar-Tigger	6795	-	148	170458201	45777
chr2	111378907	111578907	harbor2	chr2	111426276	111426668	DNA/TcMar-Tigger	1705	-	196	111426472	47565
chr2	66333348	66533348	harbor2	chr2	66398879	66399146	DNA/TcMar-Tigger	1490	-	134	66399013	65665
chr2	219393237	219593237	harbor2	chr2	219478606	219478810	DNA/TcMar-Tigger	543	-	102	219478708	85471
chr2	64300586	64500586	harbor2	chr2	64302259	64302598	DNA/TcMar-Tigger	2216	-	170	64302429	1843
chr2	64300586	64500586	harbor2	chr2	64342875	64343211	DNA/TcMar-Tigger	1934	-	168	64343043	42457
chr2	64300586	64500586	harbor2	chr2	64346696	64346792	DNA/TcMar-Tigger	587	-	48	64346744	46158
chr2	64300586	64500586	harbor2	chr2	64346794	64347067	DNA/TcMar-Tigger	1228	-	136	64346930	46344
chr2	181467134	181667134	harbor2	chr2	181496565	181496724	DNA/TcMar-Tigger	494	-	80	181496645	29511
chr2	181467134	181667134	harbor2	chr2	181507537	181507877	DNA/TcMar-Tigger	1956	-	170	181507707	40573
chr2	181467134	181667134	harbor2	chr2	181551702	181551956	DNA/TcMar-Tigger	1480	-	127	181551829	84695
chr2	67402885	67602885	harbor2	chr2	67407524	67407947	DNA/TcMar-Tigger	2351	-	212	67407736	4851
chr2	67402885	67602885	harbor2	chr2	67411334	67411694	DNA/TcMar-Tigger	1865	-	180	67411514	8629
chr2	43055499	43255499	harbor2	chr2	43093124	43093515	DNA/TcMar-Tigger	969	-	196	43093320	37821
chr2	43055499	43255499	harbor2	chr2	43093828	43094092	DNA/TcMar-Tigger	969	-	132	43093960	38461
chr2	43055499	43255499	harbor2	chr2	43141121	43141288	DNA/TcMar-Tigger	930	-	84	43141205	85706
chr2	43055499	43255499	harbor2	chr2	43141855	43141922	DNA/TcMar-Tigger	930	-	34	43141889	86390
chr2	204961872	205161872	harbor2	chr2	205014982	205015430	DNA/TcMar-Tigger	2559	-	224	205015206	53334
chr2	96386357	96586357	harbor2	chr2	96454142	96454423	DNA/TcMar-Tigger	1485	-	140	96454282	67925
chr2	96386357	96586357	harbor2	chr2	96463264	96463330	DNA/TcMar-Tigger	1368	-	33	96463297	76940
chr2	96386357	96586357	harbor2	chr2	96463464	96463750	DNA/TcMar-Tigger	1368	-	143	96463607	77250
chr2	96386357	96586357	harbor2	chr2	96471795	96472138	DNA/TcMar-Tigger	835	-	172	96471967	85610
chr2	175980104	176180104	harbor2	chr2	175985589	175985909	DNA/TcMar-Tigger	1555	-	160	175985749	5645
chr2	175980104	176180104	harbor2	chr2	176040020	176040379	DNA/TcMar-Tigger	1627	-	180	176040200	60096
chr2	26982482	27182482	harbor2	chr2	27001122	27001357	DNA/TcMar-Tigger	1541	-	118	27001240	18758
chr2	26982482	27182482	harbor2	chr2	27001702	27001829	DNA/TcMar-Tigger	570	-	64	27001766	19284
chr2	26982482	27182482	harbor2	chr2	27022427	27022777	DNA/TcMar-Tigger	1965	-	175	27022602	40120
chr2	11245320	11445320	harbor2	chr2	11265987	11266295	DNA/TcMar-Tigger	1892	-	154	11266141	20821
chr2	11245320	11445320	harbor2	chr2	11266292	11266454	DNA/TcMar-Tigger	728	-	81	11266373	21053
chr2	11245320	11445320	harbor2	chr2	11274802	11274974	DNA/TcMar-Tigger	1641	-	86	11274888	29568
chr2	11245320	11445320	harbor2	chr2	11275277	11275437	DNA/TcMar-Tigger	1641	-	80	11275357	30037
chr2	11245320	11445320	harbor2	chr2	11340121	11340405	DNA/TcMar-Tigger	904	-	142	11340263	94943
chr2	239595748	239795748	harbor2	chr2	239654058	239655936	DNA/TcMar-Tigger	16504	-	939	239654997	59249
chr2	239595748	239795748	harbor2	chr2	239656237	239657067	DNA/TcMar-Tigger	16504	-	415	239656652	60904
chr2	239595748	239795748	harbor2	chr2	239686535	239686874	DNA/TcMar-Tigger	1910	-	170	239686705	90957
chr2	119126672	119326672	harbor2	chr2	119187589	119188711	DNA/TcMar-Tigger	5370	-	561	119188150	61478
chr2	71358556	71558556	harbor2	chr2	71398136	71398472	DNA/TcMar-Tigger	1927	-	168	71398304	39748
chr2	232216088	232416088	harbor2	chr2	232277683	232278021	DNA/TcMar-Tigger	1781	-	169	232277852	61764
chr2	164732161	164932161	harbor2	chr2	164738665	164738875	DNA/TcMar-Tigger	1145	-	105	164738770	6609
chr2	164732161	164932161	harbor2	chr2	164767398	164768020	DNA/TcMar-Tigger	762	-	311	164767709	35548
chr2	43292443	43492443	harbor2	chr2	43362408	43363421	DNA/TcMar-Tigger	5170	-	506	43362914	70471
chr2	202771723	202971723	harbor2	chr2	202867258	202867597	DNA/TcMar-Tigger	2164	-	170	202867428	95705
chr2	72971529	73171529	harbor2	chr2	73016782	73017130	DNA/TcMar-Tigger	1458	-	174	73016956	45427
chr2	72971529	73171529	harbor2	chr2	73038021	73038489	DNA/TcMar-Tigger	2820	-	234	73038255	66726
chr2	72971529	73171529	harbor2	chr2	73038638	73038895	DNA/TcMar-Tigger	1228	-	128	73038766	67237
chr2	72971529	73171529	harbor2	chr2	73038896	73038939	DNA/TcMar-Tigger	568	-	22	73038918	67389
chr2	72971529	73171529	harbor2	chr2	73039228	73039305	DNA/TcMar-Tigger	568	-	38	73039266	67737
chr2	27396611	27596611	harbor2	chr2	27452475	27452843	DNA/TcMar-Tigger	1330	-	184	27452659	56048
chr2	28822331	29022331	harbor2	chr2	28916664	28917335	DNA/TcMar-Tigger	2210	-	336	28917000	94669
chr2	43058164	43258164	harbor2	chr2	43093124	43093515	DNA/TcMar-Tigger	969	-	196	43093320	35156
chr2	43058164	43258164	harbor2	chr2	43093828	43094092	DNA/TcMar-Tigger	969	-	132	43093960	35796
chr2	43058164	43258164	harbor2	chr2	43141121	43141288	DNA/TcMar-Tigger	930	-	84	43141205	83041
chr2	43058164	43258164	harbor2	chr2	43141855	43141922	DNA/TcMar-Tigger	930	-	34	43141889	83725
chr2	46304629	46504629	harbor2	chr2	46316103	46316259	DNA/TcMar-Tigger	6853	-	78	46316181	11552
chr2	46304629	46504629	harbor2	chr2	46318015	46318181	DNA/TcMar-Tigger	2835	-	83	46318098	13469
chr2	46304629	46504629	harbor2	chr2	46318217	46318533	DNA/TcMar-Tigger	2835	-	158	46318375	13746
chr2	46304629	46504629	harbor2	chr2	46348676	46348895	DNA/TcMar-Tigger	1336	-	110	46348786	44157
chr2	46304629	46504629	harbor2	chr2	46395212	46395562	DNA/TcMar-Tigger	1226	-	175	46395387	90758
chr2	46304629	46504629	harbor2	chr2	46316561	46318018	DNA/TcMar-Tigger	6853	-	728	46317289	12660
chr2	192560007	192760007	harbor2	chr2	192612085	192613569	DNA/TcMar-Tigger	8806	-	742	192612827	52820
chr2	44068663	44268663	harbor2	chr2	44097673	44097847	DNA/TcMar-Tigger	533	-	87	44097760	29097
chr2	43124424	43324424	harbor2	chr2	43141121	43141288	DNA/TcMar-Tigger	930	-	84	43141205	16781
chr2	43124424	43324424	harbor2	chr2	43141855	43141922	DNA/TcMar-Tigger	930	-	34	43141889	17465
chr2	64956793	65156793	harbor2	chr2	64956929	64957414	DNA/TcMar-Tigger	1325	-	242	64957171	378
chr2	236587967	236787967	harbor2	chr2	236652577	236653585	DNA/TcMar-Tigger	4606	-	504	236653081	65114
chr2	96403077	96603077	harbor2	chr2	96454142	96454423	DNA/TcMar-Tigger	1485	-	140	96454282	51205
chr2	96403077	96603077	harbor2	chr2	96463264	96463330	DNA/TcMar-Tigger	1368	-	33	96463297	60220
chr2	96403077	96603077	harbor2	chr2	96463464	96463750	DNA/TcMar-Tigger	1368	-	143	96463607	60530
chr2	96403077	96603077	harbor2	chr2	96471795	96472138	DNA/TcMar-Tigger	835	-	172	96471967	68890
chr2	130102755	130302755	harbor2	chr2	130201690	130201986	DNA/TcMar-Tigger	1243	-	148	130201838	99083
chr2	112055853	112255853	harbor2	chr2	112101432	112101649	DNA/TcMar-Tigger	1246	-	108	112101540	45687
chr2	112055853	112255853	harbor2	chr2	112109094	112109192	DNA/TcMar-Tigger	520	-	49	112109143	53290
chr2	217378357	217578357	harbor2	chr2	217441395	217441725	DNA/TcMar-Tigger	2163	-	165	217441560	63203
chr2	112780949	112980949	harbor2	chr2	112802156	112802305	DNA/TcMar-Tigger	3591	-	74	112802230	21281
chr2	112780949	112980949	harbor2	chr2	112802597	112802701	DNA/TcMar-Tigger	3591	-	52	112802649	21700
chr2	112780949	112980949	harbor2	chr2	112803000	112803417	DNA/TcMar-Tigger	3591	-	208	112803208	22259
chr2	124410890	124610890	harbor2	chr2	124472603	124472805	DNA/TcMar-Tigger	1003	-	101	124472704	61814
chr2	124410890	124610890	harbor2	chr2	124472813	124472964	DNA/TcMar-Tigger	787	-	76	124472889	61999
chr2	113790804	113990804	harbor2	chr2	113816066	113816268	DNA/TcMar-Tigger	579	-	101	113816167	25363
chr2	26950765	27150765	harbor2	chr2	27001122	27001357	DNA/TcMar-Tigger	1541	-	118	27001240	50475
chr2	26950765	27150765	harbor2	chr2	27001702	27001829	DNA/TcMar-Tigger	570	-	64	27001766	51001
chr2	26950765	27150765	harbor2	chr2	27022427	27022777	DNA/TcMar-Tigger	1965	-	175	27022602	71837
chr2	26980097	27180097	harbor2	chr2	27001122	27001357	DNA/TcMar-Tigger	1541	-	118	27001240	21143
chr2	26980097	27180097	harbor2	chr2	27001702	27001829	DNA/TcMar-Tigger	570	-	64	27001766	21669
chr2	26980097	27180097	harbor2	chr2	27022427	27022777	DNA/TcMar-Tigger	1965	-	175	27022602	42505
chr3	138516159	138716159	harbor2	chr3	138547256	138547986	DNA/TcMar-Tigger	4365	-	365	138547621	31462
chr3	138516159	138716159	harbor2	chr3	138570606	138570821	DNA/TcMar-Tigger	1414	-	108	138570714	54555
chr3	138516159	138716159	harbor2	chr3	138578035	138578153	DNA/TcMar-Tigger	513	-	59	138578094	61935
chr3	138516159	138716159	harbor2	chr3	138614963	138615319	DNA/TcMar-Tigger	2153	-	178	138615141	98982
chr3	108082734	108282734	harbor2	chr3	108173413	108173764	DNA/TcMar-Tigger	2068	-	176	108173589	90855
chr3	108082734	108282734	harbor2	chr3	108176589	108176783	DNA/TcMar-Tigger	486	-	97	108176686	93952
chr3	114887895	115087895	harbor2	chr3	114950302	114950552	DNA/TcMar-Tigger	651	-	125	114950427	62532
chr3	114887895	115087895	harbor2	chr3	114950136	114950269	DNA/TcMar-Tigger	679	-	66	114950202	62307
chr3	113036307	113236307	harbor2	chr3	113040928	113041157	DNA/TcMar-Tigger	403	-	114	113041042	4735
chr3	113036307	113236307	harbor2	chr3	113052658	113052909	DNA/TcMar-Tigger	1100	-	126	113052784	16477
chr3	113036307	113236307	harbor2	chr3	113053070	113053146	DNA/TcMar-Tigger	1100	-	38	113053108	16801
chr3	113036307	113236307	harbor2	chr3	113077635	113077802	DNA/TcMar-Tigger	1038	-	84	113077719	41412
chr3	113036307	113236307	harbor2	chr3	113098559	113100851	DNA/TcMar-Tigger	14597	-	1146	113099705	63398
chr3	115844385	116044385	harbor2	chr3	115895734	115896157	DNA/TcMar-Tigger	631	-	212	115895946	51561
chr3	50033140	50233140	harbor2	chr3	50093977	50094156	DNA/TcMar-Tigger	744	-	90	50094067	60927
chr3	50033140	50233140	harbor2	chr3	50094436	50094477	DNA/TcMar-Tigger	731	-	20	50094456	61316
chr3	50033140	50233140	harbor2	chr3	50094694	50094833	DNA/TcMar-Tigger	806	-	70	50094764	61624
chr3	125447590	125647590	harbor2	chr3	125494749	125495231	DNA/TcMar-Tigger	614	-	241	125494990	47400
chr3	188076829	188276829	harbor2	chr3	188125484	188125841	DNA/TcMar-Tigger	1638	-	178	188125662	48833
chr3	188076829	188276829	harbor2	chr3	188130464	188130828	DNA/TcMar-Tigger	2130	-	182	188130646	53817
chr3	188076829	188276829	harbor2	chr3	188143916	188144013	DNA/TcMar-Tigger	588	-	48	188143964	67135
chr3	188076829	188276829	harbor2	chr3	188144317	188144483	DNA/TcMar-Tigger	588	-	83	188144400	67571
chr3	188076829	188276829	harbor2	chr3	188144783	188144824	DNA/TcMar-Tigger	588	-	20	188144803	67974
chr3	114250815	114450815	harbor2	chr3	114283990	114286543	DNA/TcMar-Tigger	14200	-	1276	114285266	34451
chr3	52285329	52485329	harbor2	chr3	52334018	52334493	DNA/TcMar-Tigger	2841	-	238	52334256	48927
chr3	161134786	161334786	harbor2	chr3	161215922	161216076	DNA/TcMar-Tigger	918	-	77	161215999	81213
chr3	161134786	161334786	harbor2	chr3	161233823	161234051	DNA/TcMar-Tigger	1272	-	114	161233937	99151
chr3	138397969	138597969	harbor2	chr3	138412900	138413029	DNA/TcMar-Tigger	428	-	64	138412964	14995
chr3	124532884	124732884	harbor2	chr3	124570388	124570821	DNA/TcMar-Tigger	474	-	216	124570604	37720
chr3	124532884	124732884	harbor2	chr3	124589728	124589903	DNA/TcMar-Tigger	846	-	88	124589816	56932
chr3	124532884	124732884	harbor2	chr3	124604409	124604558	DNA/TcMar-Tigger	445	-	74	124604483	71599
chr3	43899808	44099808	harbor2	chr3	43905123	43905296	DNA/TcMar-Tigger	492	-	86	43905209	5401
chr3	47682285	47882285	harbor2	chr3	47684762	47685400	DNA/TcMar-Tigger	1889	-	319	47685081	2796
chr3	47682285	47882285	harbor2	chr3	47729792	47729902	DNA/TcMar-Tigger	12745	-	55	47729847	47562
chr3	47682285	47882285	harbor2	chr3	47730497	47730583	DNA/TcMar-Tigger	12745	-	43	47730540	48255
chr3	47682285	47882285	harbor2	chr3	47730883	47732828	DNA/TcMar-Tigger	12745	-	972	47731855	49570
chr3	47682285	47882285	harbor2	chr3	47733134	47733265	DNA/TcMar-Tigger	12745	-	66	47733200	50915
chr3	196187651	196387651	harbor2	chr3	196280235	196280315	DNA/TcMar-Tigger	1850	-	40	196280275	92624
chr3	196187651	196387651	harbor2	chr3	196280658	196280914	DNA/TcMar-Tigger	1850	-	128	196280786	93135
chr3	196187651	196387651	harbor2	chr3	196280316	196280657	DNA/TcMar-Tigger	1224	-	170	196280486	92835
chr3	43899990	44099990	harbor2	chr3	43905123	43905296	DNA/TcMar-Tigger	492	-	86	43905209	5219
chr3	123360102	123560102	harbor2	chr3	123361650	123361981	DNA/TcMar-Tigger	1894	-	166	123361816	1714
chr3	196967075	197167075	harbor2	chr3	197062090	197062428	DNA/TcMar-Tigger	1907	-	169	197062259	95184
chr3	39007400	39207400	harbor2	chr3	39064860	39065065	DNA/TcMar-Tigger	418	-	102	39064962	57562
chr3	39007400	39207400	harbor2	chr3	39102004	39102327	DNA/TcMar-Tigger	2014	-	162	39102166	94766
chr3	128635373	128835373	harbor2	chr3	128640921	128641061	DNA/TcMar-Tigger	447	-	70	128640991	5618
chr3	128635373	128835373	harbor2	chr3	128722990	128723195	DNA/TcMar-Tigger	2151	-	102	128723092	87719
chr3	128635373	128835373	harbor2	chr3	128723222	128723412	DNA/TcMar-Tigger	2151	-	95	128723317	87944
chr3	185965616	186165616	harbor2	chr3	185978922	185979258	DNA/TcMar-Tigger	1129	-	168	185979090	13474
chr3	185965616	186165616	harbor2	chr3	186015237	186015565	DNA/TcMar-Tigger	15226	-	164	186015401	49785
chr3	185965616	186165616	harbor2	chr3	186015805	186016884	DNA/TcMar-Tigger	15226	-	540	186016345	50729
chr3	185965616	186165616	harbor2	chr3	186017225	186017271	DNA/TcMar-Tigger	15226	-	23	186017248	51632
chr3	185965616	186165616	harbor2	chr3	186017570	186018298	DNA/TcMar-Tigger	15226	-	364	186017934	52318
chr3	185965616	186165616	harbor2	chr3	186018587	186018766	DNA/TcMar-Tigger	15226	-	90	186018677	53061
chr3	126430170	126630170	harbor2	chr3	126443434	126443522	DNA/TcMar-Tigger	524	-	44	126443478	13308
chr3	126430170	126630170	harbor2	chr3	126443521	126443645	DNA/TcMar-Tigger	612	-	62	126443583	13413
chr3	50127523	50327523	harbor2	chr3	50152659	50152868	DNA/TcMar-Tigger	1331	-	104	50152763	25240
chr3	50127523	50327523	harbor2	chr3	50152865	50152995	DNA/TcMar-Tigger	760	-	65	50152930	25407
chr3	50127523	50327523	harbor2	chr3	50178258	50178438	DNA/TcMar-Tigger	8161	-	90	50178348	50825
chr3	50127523	50327523	harbor2	chr3	50178736	50178820	DNA/TcMar-Tigger	8161	-	42	50178778	51255
chr3	50127523	50327523	harbor2	chr3	50179119	50179316	DNA/TcMar-Tigger	8161	-	98	50179217	51694
chr3	50127523	50327523	harbor2	chr3	50179626	50180137	DNA/TcMar-Tigger	8161	-	256	50179882	52359
chr3	50127523	50327523	harbor2	chr3	50180456	50180784	DNA/TcMar-Tigger	8161	-	164	50180620	53097
chr3	50127523	50327523	harbor2	chr3	50181088	50181244	DNA/TcMar-Tigger	8161	-	78	50181166	53643
chr3	123351261	123551261	harbor2	chr3	123355424	123355488	DNA/TcMar-Tigger	421	-	32	123355456	4195
chr3	123351261	123551261	harbor2	chr3	123361650	123361981	DNA/TcMar-Tigger	1894	-	166	123361816	10555
chr3	52275211	52475211	harbor2	chr3	52334018	52334493	DNA/TcMar-Tigger	2841	-	238	52334256	59045
chr3	47064857	47264857	harbor2	chr3	47104614	47104785	DNA/TcMar-Tigger	980	-	86	47104700	39843
chr3	47064857	47264857	harbor2	chr3	47145155	47145390	DNA/TcMar-Tigger	1643	-	118	47145273	80416
chr3	47064857	47264857	harbor2	chr3	47145554	47145676	DNA/TcMar-Tigger	1643	-	61	47145615	80758
chr3	138336888	138536888	harbor2	chr3	138412900	138413029	DNA/TcMar-Tigger	428	-	64	138412964	76076
chr3	127581228	127781228	harbor2	chr3	127620018	127620540	DNA/TcMar-Tigger	751	-	261	127620279	39051
chr3	113686514	113886514	harbor2	chr3	113701081	113701194	DNA/TcMar-Tigger	638	-	56	113701137	14623
chr3	113686514	113886514	harbor2	chr3	113701764	113701929	DNA/TcMar-Tigger	2796	-	82	113701846	15332
chr3	113686514	113886514	harbor2	chr3	113702224	113702456	DNA/TcMar-Tigger	2796	-	116	113702340	15826
chr3	113686514	113886514	harbor2	chr3	113703066	113703090	DNA/TcMar-Tigger	2796	-	12	113703078	16564
chr3	113686514	113886514	harbor2	chr3	113703393	113703466	DNA/TcMar-Tigger	2796	-	36	113703429	16915
chr3	113686514	113886514	harbor2	chr3	113705448	113706739	DNA/TcMar-Tigger	8455	-	646	113706094	19580
chr3	113686514	113886514	harbor2	chr3	113709020	113709203	DNA/TcMar-Tigger	1106	-	92	113709112	22598
chr3	179843714	180043714	harbor2	chr3	179876827	179877146	DNA/TcMar-Tigger	1892	-	160	179876987	33273
chr3	179843714	180043714	harbor2	chr3	179916149	179916678	DNA/TcMar-Tigger	6971	-	264	179916413	72699
chr3	179843714	180043714	harbor2	chr3	179916970	179917657	DNA/TcMar-Tigger	6971	-	344	179917314	73600
chr3	179843714	180043714	harbor2	chr3	179917959	179917987	DNA/TcMar-Tigger	6971	-	14	179917973	74259
chr3	52945858	53145858	harbor2	chr3	52984956	52985298	DNA/TcMar-Tigger	403	-	171	52985127	39269
chr3	52945858	53145858	harbor2	chr3	52986172	52986484	DNA/TcMar-Tigger	3406	-	156	52986328	40470
chr3	52945858	53145858	harbor2	chr3	52986947	52987532	DNA/TcMar-Tigger	3038	-	292	52987239	41381
chr3	52945858	53145858	harbor2	chr3	53009614	53010032	DNA/TcMar-Tigger	2338	-	209	53009823	63965
chr3	52945858	53145858	harbor2	chr3	53025283	53025326	DNA/TcMar-Tigger	411	-	22	53025305	79447
chr3	52945858	53145858	harbor2	chr3	53025636	53025735	DNA/TcMar-Tigger	411	-	50	53025686	79828
chr3	52945858	53145858	harbor2	chr3	53035496	53035607	DNA/TcMar-Tigger	521	-	56	53035552	89694
chr3	52945858	53145858	harbor2	chr3	53035893	53036054	DNA/TcMar-Tigger	521	-	80	53035973	90115
chr3	52945858	53145858	harbor2	chr3	52985597	52985860	DNA/TcMar-Tigger	3406	-	132	52985729	39871
chr3	127620114	127820114	harbor2	chr3	127620018	127620540	DNA/TcMar-Tigger	751	-	261	127620279	165
chr3	128329278	128529278	harbor2	chr3	128332310	128332457	DNA/TcMar-Tigger	864	-	74	128332384	3106
chr3	128329278	128529278	harbor2	chr3	128353011	128353243	DNA/TcMar-Tigger	872	-	116	128353127	23849
chr3	128329452	128529452	harbor2	chr3	128332310	128332457	DNA/TcMar-Tigger	864	-	74	128332384	2932
chr3	128329452	128529452	harbor2	chr3	128353011	128353243	DNA/TcMar-Tigger	872	-	116	128353127	23675
chr3	185529283	185729283	harbor2	chr3	185600325	185600397	DNA/TcMar-Tigger	443	-	36	185600361	71078
chr3	112250274	112450274	harbor2	chr3	112301119	112301258	DNA/TcMar-Tigger	590	-	70	112301189	50915
chr3	112250274	112450274	harbor2	chr3	112309541	112309751	DNA/TcMar-Tigger	1307	-	105	112309646	59372
chr3	112250274	112450274	harbor2	chr3	112337769	112338093	DNA/TcMar-Tigger	1460	-	162	112337931	87657
chr3	122418615	122618615	harbor2	chr3	122464593	122464876	DNA/TcMar-Tigger	543	-	142	122464735	46120
chr3	122418615	122618615	harbor2	chr3	122465218	122465582	DNA/TcMar-Tigger	2080	-	182	122465400	46785
chr3	122418615	122618615	harbor2	chr3	122475601	122476037	DNA/TcMar-Tigger	2497	-	218	122475819	57204
chr3	122418615	122618615	harbor2	chr3	122482051	122482371	DNA/TcMar-Tigger	1703	-	160	122482211	63596
chr3	138088132	138288132	harbor2	chr3	138092729	138094376	DNA/TcMar-Tigger	9716	-	824	138093553	5421
chr3	138088132	138288132	harbor2	chr3	138105387	138105725	DNA/TcMar-Tigger	2102	-	169	138105556	17424
chr3	138088132	138288132	harbor2	chr3	138165232	138165425	DNA/TcMar-Tigger	950	-	96	138165328	77196
chr3	196218335	196418335	harbor2	chr3	196280235	196280315	DNA/TcMar-Tigger	1850	-	40	196280275	61940
chr3	196218335	196418335	harbor2	chr3	196280658	196280914	DNA/TcMar-Tigger	1850	-	128	196280786	62451
chr3	196218335	196418335	harbor2	chr3	196280316	196280657	DNA/TcMar-Tigger	1224	-	170	196280486	62151
chr3	53014978	53214978	harbor2	chr3	53025283	53025326	DNA/TcMar-Tigger	411	-	22	53025305	10327
chr3	53014978	53214978	harbor2	chr3	53025636	53025735	DNA/TcMar-Tigger	411	-	50	53025686	10708
chr3	53014978	53214978	harbor2	chr3	53035496	53035607	DNA/TcMar-Tigger	521	-	56	53035552	20574
chr3	53014978	53214978	harbor2	chr3	53035893	53036054	DNA/TcMar-Tigger	521	-	80	53035973	20995
chr3	47725663	47925663	harbor2	chr3	47729792	47729902	DNA/TcMar-Tigger	12745	-	55	47729847	4184
chr3	47725663	47925663	harbor2	chr3	47730497	47730583	DNA/TcMar-Tigger	12745	-	43	47730540	4877
chr3	47725663	47925663	harbor2	chr3	47730883	47732828	DNA/TcMar-Tigger	12745	-	972	47731855	6192
chr3	47725663	47925663	harbor2	chr3	47733134	47733265	DNA/TcMar-Tigger	12745	-	66	47733200	7537
chr3	156989190	157189190	harbor2	chr3	157023859	157024233	DNA/TcMar-Tigger	1752	-	187	157024046	34856
chr3	156989190	157189190	harbor2	chr3	157038708	157039000	DNA/TcMar-Tigger	830	-	146	157038854	49664
chr3	30593678	30793678	harbor2	chr3	30640388	30640728	DNA/TcMar-Tigger	2077	-	170	30640558	46880
chr3	63339864	63539864	harbor2	chr3	63429689	63430073	DNA/TcMar-Tigger	657	-	192	63429881	90017
chr3	186106731	186306731	harbor2	chr3	186115117	186115480	DNA/TcMar-Tigger	752	-	182	186115299	8568
chr3	186106731	186306731	harbor2	chr3	186171380	186171713	DNA/TcMar-Tigger	1704	-	166	186171546	64815
chr3	102709889	102909889	harbor2	chr3	102766285	102768304	DNA/TcMar-Tigger	11937	-	1010	102767295	57406
chr3	102709889	102909889	harbor2	chr3	102769609	102770034	DNA/TcMar-Tigger	2085	-	212	102769821	59932
chr3	157035633	157235633	harbor2	chr3	157038708	157039000	DNA/TcMar-Tigger	830	-	146	157038854	3221
chr3	157035633	157235633	harbor2	chr3	157101533	157101872	DNA/TcMar-Tigger	579	-	170	157101703	66070
chr3	123544853	123744853	harbor2	chr3	123604896	123605033	DNA/TcMar-Tigger	900	-	68	123604964	60111
chr3	123544853	123744853	harbor2	chr3	123605324	123605466	DNA/TcMar-Tigger	900	-	71	123605395	60542
chr3	123544853	123744853	harbor2	chr3	123607100	123607345	DNA/TcMar-Tigger	1741	-	122	123607222	62369
chr3	123544853	123744853	harbor2	chr3	123608244	123608312	DNA/TcMar-Tigger	407	-	34	123608278	63425
chr3	46800653	47000653	harbor2	chr3	46804959	46805302	DNA/TcMar-Tigger	2982	-	172	46805131	4478
chr3	46800653	47000653	harbor2	chr3	46805600	46805889	DNA/TcMar-Tigger	2982	-	144	46805744	5091
chr3	157569498	157769498	harbor2	chr3	157593868	157594622	DNA/TcMar-Tigger	1739	-	377	157594245	24747
chr3	157569498	157769498	harbor2	chr3	157666815	157666894	DNA/TcMar-Tigger	438	-	40	157666855	97357
chr3	122886039	123086039	harbor2	chr3	122969779	122970064	DNA/TcMar-Tigger	928	-	142	122969921	83882
chr3	74983907	75183907	harbor2	chr3	75015463	75015795	DNA/TcMar-Tigger	1545	-	166	75015629	31722
chr3	74983907	75183907	harbor2	chr3	75079071	75079202	DNA/TcMar-Tigger	665	-	66	75079137	95230
chr3	74983907	75183907	harbor2	chr3	75079689	75079863	DNA/TcMar-Tigger	509	-	87	75079776	95869
chr3	128333916	128533916	harbor2	chr3	128353011	128353243	DNA/TcMar-Tigger	872	-	116	128353127	19211
chr3	126257004	126457004	harbor2	chr3	126277778	126278097	DNA/TcMar-Tigger	817	-	160	126277938	20934
chr3	126257004	126457004	harbor2	chr3	126283421	126283887	DNA/TcMar-Tigger	3027	-	233	126283654	26650
chr3	126257004	126457004	harbor2	chr3	126284111	126284837	DNA/TcMar-Tigger	3874	-	363	126284474	27470
chr3	128329153	128529153	harbor2	chr3	128332310	128332457	DNA/TcMar-Tigger	864	-	74	128332384	3231
chr3	128329153	128529153	harbor2	chr3	128353011	128353243	DNA/TcMar-Tigger	872	-	116	128353127	23974
chr3	138337091	138537091	harbor2	chr3	138412900	138413029	DNA/TcMar-Tigger	428	-	64	138412964	75873
chr3	53001396	53201396	harbor2	chr3	53009614	53010032	DNA/TcMar-Tigger	2338	-	209	53009823	8427
chr3	53001396	53201396	harbor2	chr3	53025283	53025326	DNA/TcMar-Tigger	411	-	22	53025305	23909
chr3	53001396	53201396	harbor2	chr3	53025636	53025735	DNA/TcMar-Tigger	411	-	50	53025686	24290
chr3	53001396	53201396	harbor2	chr3	53035496	53035607	DNA/TcMar-Tigger	521	-	56	53035552	34156
chr3	53001396	53201396	harbor2	chr3	53035893	53036054	DNA/TcMar-Tigger	521	-	80	53035973	34577
chr4	145103423	145303423	harbor2	chr4	145195025	145195321	DNA/TcMar-Tigger	1356	-	148	145195173	91750
chr4	145103423	145303423	harbor2	chr4	145200770	145201066	DNA/TcMar-Tigger	1098	-	148	145200918	97495
chr4	2363035	2563035	harbor2	chr4	2377796	2378057	DNA/TcMar-Tigger	1268	-	130	2377926	14891
chr4	2363035	2563035	harbor2	chr4	2378356	2378402	DNA/TcMar-Tigger	1268	-	23	2378379	15344
chr4	911390	1111390	harbor2	chr4	986296	986596	DNA/TcMar-Tigger	1150	-	150	986446	75056
chr4	41541096	41741096	harbor2	chr4	41630686	41631057	DNA/TcMar-Tigger	1730	-	186	41630872	89776
chr4	41541096	41741096	harbor2	chr4	41566163	41566425	DNA/TcMar-Tigger	1823	-	131	41566294	25198
chr4	25762832	25962832	harbor2	chr4	25829299	25829388	DNA/TcMar-Tigger	489	-	44	25829343	66511
chr4	911356	1111356	harbor2	chr4	986296	986596	DNA/TcMar-Tigger	1150	-	150	986446	75090
chr4	911393	1111393	harbor2	chr4	986296	986596	DNA/TcMar-Tigger	1150	-	150	986446	75053
chr4	150915773	151115773	harbor2	chr4	150922998	150923079	DNA/TcMar-Tigger	518	-	40	150923038	7265
chr4	150915773	151115773	harbor2	chr4	150999887	151000000	DNA/TcMar-Tigger	647	-	56	150999943	84170
chr4	150915773	151115773	harbor2	chr4	151000001	151000085	DNA/TcMar-Tigger	636	-	42	151000043	84270
chr4	150915773	151115773	harbor2	chr4	151000309	151000708	DNA/TcMar-Tigger	2072	-	200	151000509	84736
chr4	150915773	151115773	harbor2	chr4	151004292	151004616	DNA/TcMar-Tigger	1571	-	162	151004454	88681
chr4	150915773	151115773	harbor2	chr4	151008413	151008657	DNA/TcMar-Tigger	1257	-	122	151008535	92762
chr4	145081541	145281541	harbor2	chr4	145090107	145090399	DNA/TcMar-Tigger	847	-	146	145090253	8712
chr4	1421350	1621350	harbor2	chr4	1485707	1486035	DNA/TcMar-Tigger	1831	-	164	1485871	64521
chr4	89737944	89937944	harbor2	chr4	89829279	89830029	DNA/TcMar-Tigger	3313	-	375	89829654	91710
chr4	89737944	89937944	harbor2	chr4	89830731	89830958	DNA/TcMar-Tigger	1014	-	114	89830845	92901
chr4	139551799	139751799	harbor2	chr4	139568338	139568606	DNA/TcMar-Tigger	818	-	134	139568472	16673
chr4	139551799	139751799	harbor2	chr4	139648013	139648222	DNA/TcMar-Tigger	1035	-	104	139648117	96318
chr4	139551799	139751799	harbor2	chr4	139648212	139648355	DNA/TcMar-Tigger	818	-	72	139648284	96485
chr4	128444275	128644275	harbor2	chr4	128470507	128470799	DNA/TcMar-Tigger	983	-	146	128470653	26378
chr4	1468178	1668178	harbor2	chr4	1485707	1486035	DNA/TcMar-Tigger	1831	-	164	1485871	17693
chr4	1468178	1668178	harbor2	chr4	1524661	1524923	DNA/TcMar-Tigger	1177	-	131	1524792	56614
chr4	145198204	145398204	harbor2	chr4	145200770	145201066	DNA/TcMar-Tigger	1098	-	148	145200918	2714
chr4	16642723	16842723	harbor2	chr4	16699966	16700208	DNA/TcMar-Tigger	1269	-	121	16700087	57364
chr4	5701053	5901053	harbor2	chr4	5703037	5703235	DNA/TcMar-Tigger	1190	-	99	5703136	2083
chr4	5701053	5901053	harbor2	chr4	5718123	5718769	DNA/TcMar-Tigger	3450	-	323	5718446	17393
chr4	150915774	151115774	harbor2	chr4	150922998	150923079	DNA/TcMar-Tigger	518	-	40	150923038	7264
chr4	150915774	151115774	harbor2	chr4	150999887	151000000	DNA/TcMar-Tigger	647	-	56	150999943	84169
chr4	150915774	151115774	harbor2	chr4	151000001	151000085	DNA/TcMar-Tigger	636	-	42	151000043	84269
chr4	150915774	151115774	harbor2	chr4	151000309	151000708	DNA/TcMar-Tigger	2072	-	200	151000509	84735
chr4	150915774	151115774	harbor2	chr4	151004292	151004616	DNA/TcMar-Tigger	1571	-	162	151004454	88680
chr4	150915774	151115774	harbor2	chr4	151008413	151008657	DNA/TcMar-Tigger	1257	-	122	151008535	92761
chr4	911391	1111391	harbor2	chr4	986296	986596	DNA/TcMar-Tigger	1150	-	150	986446	75055
chr4	70739670	70939670	harbor2	chr4	70768951	70769072	DNA/TcMar-Tigger	3186	-	60	70769011	29341
chr4	70739670	70939670	harbor2	chr4	70769339	70769757	DNA/TcMar-Tigger	3186	-	209	70769548	29878
chr4	70739670	70939670	harbor2	chr4	70769749	70769803	DNA/TcMar-Tigger	7668	-	27	70769776	30106
chr4	70739670	70939670	harbor2	chr4	70770122	70771306	DNA/TcMar-Tigger	7668	-	592	70770714	31044
chr4	70739670	70939670	harbor2	chr4	70771343	70771532	DNA/TcMar-Tigger	1550	-	94	70771437	31767
chr4	70739670	70939670	harbor2	chr4	70771830	70772059	DNA/TcMar-Tigger	1550	-	114	70771944	32274
chr4	70739670	70939670	harbor2	chr4	70776088	70776361	DNA/TcMar-Tigger	1436	-	136	70776224	36554
chr4	70739670	70939670	harbor2	chr4	70777169	70777265	DNA/TcMar-Tigger	552	-	48	70777217	37547
chr4	70739670	70939670	harbor2	chr4	70783523	70784141	DNA/TcMar-Tigger	777	-	309	70783832	44162
chr4	70739670	70939670	harbor2	chr4	70807928	70808271	DNA/TcMar-Tigger	1997	-	172	70808100	68430
chr4	128712057	128912057	harbor2	chr4	128753922	128754111	DNA/TcMar-Tigger	826	-	94	128754016	41959
chr4	3054676	3254676	harbor2	chr4	3065545	3065937	DNA/TcMar-Tigger	2007	-	196	3065741	11065
chr4	120823308	121023308	harbor2	chr4	120868254	120868514	DNA/TcMar-Tigger	836	-	130	120868384	45076
chr4	120823308	121023308	harbor2	chr4	120905006	120905312	DNA/TcMar-Tigger	539	-	153	120905159	81851
chr4	2364000	2564000	harbor2	chr4	2377796	2378057	DNA/TcMar-Tigger	1268	-	130	2377926	13926
chr4	2364000	2564000	harbor2	chr4	2378356	2378402	DNA/TcMar-Tigger	1268	-	23	2378379	14379
chr4	120832418	121032418	harbor2	chr4	120868254	120868514	DNA/TcMar-Tigger	836	-	130	120868384	35966
chr4	120832418	121032418	harbor2	chr4	120905006	120905312	DNA/TcMar-Tigger	539	-	153	120905159	72741
chr4	120832418	121032418	harbor2	chr4	120929116	120929533	DNA/TcMar-Tigger	2269	-	208	120929324	96906
chr4	148340678	148540678	harbor2	chr4	148348464	148348745	DNA/TcMar-Tigger	551	-	140	148348604	7926
chr4	148340678	148540678	harbor2	chr4	148364761	148365162	DNA/TcMar-Tigger	2592	-	200	148364961	24283
chr4	148340678	148540678	harbor2	chr4	148365165	148365392	DNA/TcMar-Tigger	1439	-	114	148365279	24601
chr4	148340678	148540678	harbor2	chr4	148388228	148388461	DNA/TcMar-Tigger	1107	-	116	148388344	47666
chr4	163375906	163575906	harbor2	chr4	163394607	163395298	DNA/TcMar-Tigger	3655	-	346	163394953	19047
chr4	163375906	163575906	harbor2	chr4	163449270	163450211	DNA/TcMar-Tigger	9179	-	470	163449740	73834
chr4	163375906	163575906	harbor2	chr4	163450512	163451055	DNA/TcMar-Tigger	9179	-	272	163450784	74878
chr4	163375906	163575906	harbor2	chr4	163453101	163453168	DNA/TcMar-Tigger	5360	-	34	163453135	77229
chr4	163375906	163575906	harbor2	chr4	163453429	163454261	DNA/TcMar-Tigger	5360	-	416	163453845	77939
chr4	70803213	71003213	harbor2	chr4	70807928	70808271	DNA/TcMar-Tigger	1997	-	172	70808100	4887
chr4	70893530	71093530	harbor2	chr4	70960975	70961539	DNA/TcMar-Tigger	1716	-	282	70961257	67727
chr4	153366241	153566241	harbor2	chr4	153369394	153369999	DNA/TcMar-Tigger	14546	-	302	153369696	3455
chr4	153366241	153566241	harbor2	chr4	153370292	153370521	DNA/TcMar-Tigger	14546	-	114	153370406	4165
chr4	153366241	153566241	harbor2	chr4	153370819	153372334	DNA/TcMar-Tigger	14546	-	758	153371577	5336
chr4	153366241	153566241	harbor2	chr4	153415786	153416058	DNA/TcMar-Tigger	6532	-	136	153415922	49681
chr4	153366241	153566241	harbor2	chr4	153416338	153416420	DNA/TcMar-Tigger	6532	-	41	153416379	50138
chr4	153366241	153566241	harbor2	chr4	153416723	153417002	DNA/TcMar-Tigger	6532	-	140	153416863	50622
chr4	153366241	153566241	harbor2	chr4	153417608	153417816	DNA/TcMar-Tigger	6532	-	104	153417712	51471
chr4	153366241	153566241	harbor2	chr4	153418131	153418444	DNA/TcMar-Tigger	6532	-	156	153418287	52046
chr4	1421525	1621525	harbor2	chr4	1485707	1486035	DNA/TcMar-Tigger	1831	-	164	1485871	64346
chr4	86953456	87153456	harbor2	chr4	86954264	86954444	DNA/TcMar-Tigger	1722	-	90	86954354	898
chr4	86953456	87153456	harbor2	chr4	86954736	86954893	DNA/TcMar-Tigger	1722	-	78	86954814	1358
chr4	86953456	87153456	harbor2	chr4	86977216	86977480	DNA/TcMar-Tigger	1680	-	132	86977348	23892
chr4	139195860	139395860	harbor2	chr4	139276534	139276568	DNA/TcMar-Tigger	2027	-	17	139276551	80691
chr4	139195860	139395860	harbor2	chr4	139276863	139277174	DNA/TcMar-Tigger	2027	-	156	139277019	81159
chr4	120823157	121023157	harbor2	chr4	120868254	120868514	DNA/TcMar-Tigger	836	-	130	120868384	45227
chr4	120823157	121023157	harbor2	chr4	120905006	120905312	DNA/TcMar-Tigger	539	-	153	120905159	82002
chr4	1511255	1711255	harbor2	chr4	1524661	1524923	DNA/TcMar-Tigger	1177	-	131	1524792	13537
chr4	55753709	55953709	harbor2	chr4	55817605	55817993	DNA/TcMar-Tigger	1628	-	194	55817799	64090
chr4	1068019	1268019	harbor2	chr4	1102260	1102497	DNA/TcMar-Tigger	1086	-	118	1102378	34359
chr4	1068019	1268019	harbor2	chr4	1124576	1124899	DNA/TcMar-Tigger	1416	-	162	1124738	56719
chr4	1068019	1268019	harbor2	chr4	1157088	1158896	DNA/TcMar-Tigger	15437	-	904	1157992	89973
chr4	1068019	1268019	harbor2	chr4	1159183	1159753	DNA/TcMar-Tigger	15437	-	285	1159468	91449
chr5	73899952	74099952	harbor2	chr5	73960894	73961548	DNA/TcMar-Tigger	921	-	327	73961221	61269
chr5	73899952	74099952	harbor2	chr5	73961720	73961905	DNA/TcMar-Tigger	741	-	92	73961812	61860
chr5	73899952	74099952	harbor2	chr5	73997416	73997951	DNA/TcMar-Tigger	2534	-	268	73997684	97732
chr5	10341862	10541862	harbor2	chr5	10341891	10342079	DNA/TcMar-Tigger	1427	-	94	10341985	123
chr5	10341862	10541862	harbor2	chr5	10342367	10342500	DNA/TcMar-Tigger	1427	-	66	10342433	571
chr5	10341862	10541862	harbor2	chr5	10359494	10359667	DNA/TcMar-Tigger	771	-	86	10359580	17718
chr5	9115075	9315075	harbor2	chr5	9117371	9117727	DNA/TcMar-Tigger	1835	-	178	9117549	2474
chr5	10532476	10732476	harbor2	chr5	10586141	10586352	DNA/TcMar-Tigger	943	-	106	10586247	53771
chr5	10341874	10541874	harbor2	chr5	10341891	10342079	DNA/TcMar-Tigger	1427	-	94	10341985	111
chr5	10341874	10541874	harbor2	chr5	10342367	10342500	DNA/TcMar-Tigger	1427	-	66	10342433	559
chr5	10341874	10541874	harbor2	chr5	10359494	10359667	DNA/TcMar-Tigger	771	-	86	10359580	17706
chr5	10341877	10541877	harbor2	chr5	10341891	10342079	DNA/TcMar-Tigger	1427	-	94	10341985	108
chr5	10341877	10541877	harbor2	chr5	10342367	10342500	DNA/TcMar-Tigger	1427	-	66	10342433	556
chr5	10341877	10541877	harbor2	chr5	10359494	10359667	DNA/TcMar-Tigger	771	-	86	10359580	17703
chr5	10341899	10541899	harbor2	chr5	10341891	10342079	DNA/TcMar-Tigger	1427	-	94	10341985	86
chr5	10341899	10541899	harbor2	chr5	10342367	10342500	DNA/TcMar-Tigger	1427	-	66	10342433	534
chr5	10341899	10541899	harbor2	chr5	10359494	10359667	DNA/TcMar-Tigger	771	-	86	10359580	17681
chr5	139561183	139761183	harbor2	chr5	139565450	139565664	DNA/TcMar-Tigger	673	-	107	139565557	4374
chr5	139561183	139761183	harbor2	chr5	139581464	139581657	DNA/TcMar-Tigger	1175	-	96	139581560	20377
chr5	139561183	139761183	harbor2	chr5	139582511	139582662	DNA/TcMar-Tigger	783	-	76	139582587	21404
chr5	139561183	139761183	harbor2	chr5	139594801	139595108	DNA/TcMar-Tigger	1832	-	154	139594955	33772
chr5	62303875	62503875	harbor2	chr5	62315067	62315170	DNA/TcMar-Tigger	640	-	52	62315119	11244
chr5	62303875	62503875	harbor2	chr5	62376840	62377072	DNA/TcMar-Tigger	1134	-	116	62376956	73081
chr5	62303875	62503875	harbor2	chr5	62380489	62380958	DNA/TcMar-Tigger	2322	-	234	62380723	76848
chr5	62303875	62503875	harbor2	chr5	62382508	62382596	DNA/TcMar-Tigger	572	-	44	62382552	78677
chr5	145979706	146179706	harbor2	chr5	145998516	145998634	DNA/TcMar-Tigger	1727	-	59	145998575	18869
chr5	145979706	146179706	harbor2	chr5	145998932	145999111	DNA/TcMar-Tigger	1727	-	90	145999022	19316
chr5	145979706	146179706	harbor2	chr5	145999110	145999996	DNA/TcMar-Tigger	5819	-	443	145999553	19847
chr5	139561198	139761198	harbor2	chr5	139565450	139565664	DNA/TcMar-Tigger	673	-	107	139565557	4359
chr5	139561198	139761198	harbor2	chr5	139581464	139581657	DNA/TcMar-Tigger	1175	-	96	139581560	20362
chr5	139561198	139761198	harbor2	chr5	139582511	139582662	DNA/TcMar-Tigger	783	-	76	139582587	21389
chr5	139561198	139761198	harbor2	chr5	139594801	139595108	DNA/TcMar-Tigger	1832	-	154	139594955	33757
chr5	34828752	35028752	harbor2	chr5	34900112	34900352	DNA/TcMar-Tigger	1409	-	120	34900232	71480
chr5	34828752	35028752	harbor2	chr5	34900529	34901315	DNA/TcMar-Tigger	4201	-	393	34900922	72170
chr5	10341867	10541867	harbor2	chr5	10341891	10342079	DNA/TcMar-Tigger	1427	-	94	10341985	118
chr5	10341867	10541867	harbor2	chr5	10342367	10342500	DNA/TcMar-Tigger	1427	-	66	10342433	566
chr5	10341867	10541867	harbor2	chr5	10359494	10359667	DNA/TcMar-Tigger	771	-	86	10359580	17713
chr5	10341831	10541831	harbor2	chr5	10341891	10342079	DNA/TcMar-Tigger	1427	-	94	10341985	154
chr5	10341831	10541831	harbor2	chr5	10342367	10342500	DNA/TcMar-Tigger	1427	-	66	10342433	602
chr5	10341831	10541831	harbor2	chr5	10359494	10359667	DNA/TcMar-Tigger	771	-	86	10359580	17749
chr5	135011164	135211164	harbor2	chr5	135098498	135098937	DNA/TcMar-Tigger	2948	-	220	135098718	87554
chr5	135011164	135211164	harbor2	chr5	135099218	135099327	DNA/TcMar-Tigger	2948	-	54	135099272	88108
chr5	176526714	176726714	harbor2	chr5	176547912	176548246	DNA/TcMar-Tigger	1598	-	167	176548079	21365
chr5	176526714	176726714	harbor2	chr5	176574527	176574871	DNA/TcMar-Tigger	1856	-	172	176574699	47985
chr5	123600410	123800410	harbor2	chr5	123647853	123648193	DNA/TcMar-Tigger	679	-	170	123648023	47613
chr5	123600410	123800410	harbor2	chr5	123649740	123650101	DNA/TcMar-Tigger	831	-	180	123649920	49510
chr5	132310885	132510885	harbor2	chr5	132325674	132325759	DNA/TcMar-Tigger	2177	-	42	132325716	14831
chr5	132310885	132510885	harbor2	chr5	132326231	132326502	DNA/TcMar-Tigger	2177	-	136	132326367	15482
chr5	132310885	132510885	harbor2	chr5	132359836	132360155	DNA/TcMar-Tigger	1662	-	160	132359996	49111
chr5	73397400	73597400	harbor2	chr5	73495151	73495382	DNA/TcMar-Tigger	1284	-	116	73495267	97867
chr5	135008283	135208283	harbor2	chr5	135098498	135098937	DNA/TcMar-Tigger	2948	-	220	135098718	90435
chr5	135008283	135208283	harbor2	chr5	135099218	135099327	DNA/TcMar-Tigger	2948	-	54	135099272	90989
chr5	10341895	10541895	harbor2	chr5	10341891	10342079	DNA/TcMar-Tigger	1427	-	94	10341985	90
chr5	10341895	10541895	harbor2	chr5	10342367	10342500	DNA/TcMar-Tigger	1427	-	66	10342433	538
chr5	10341895	10541895	harbor2	chr5	10359494	10359667	DNA/TcMar-Tigger	771	-	86	10359580	17685
chr5	140450230	140650230	harbor2	chr5	140470972	140471191	DNA/TcMar-Tigger	1449	-	110	140471082	20852
chr5	176526715	176726715	harbor2	chr5	176547912	176548246	DNA/TcMar-Tigger	1598	-	167	176548079	21364
chr5	176526715	176726715	harbor2	chr5	176574527	176574871	DNA/TcMar-Tigger	1856	-	172	176574699	47984
chr5	79274075	79474075	harbor2	chr5	79281454	79281564	DNA/TcMar-Tigger	464	-	55	79281509	7434
chr5	135435248	135635248	harbor2	chr5	135485246	135485562	DNA/TcMar-Tigger	1939	-	158	135485404	50156
chr5	135021092	135221092	harbor2	chr5	135098498	135098937	DNA/TcMar-Tigger	2948	-	220	135098718	77626
chr5	135021092	135221092	harbor2	chr5	135099218	135099327	DNA/TcMar-Tigger	2948	-	54	135099272	78180
chr5	135833577	136033577	harbor2	chr5	135852956	135855333	DNA/TcMar-Tigger	15714	-	1188	135854144	20567
chr5	135833577	136033577	harbor2	chr5	135922103	135924449	DNA/TcMar-Tigger	14342	-	1173	135923276	89699
chr5	373064	573064	harbor2	chr5	456101	456406	DNA/TcMar-Tigger	1088	-	152	456253	83189
chr5	16450508	16650508	harbor2	chr5	16459997	16460320	DNA/TcMar-Tigger	1601	-	162	16460159	9651
chr5	16450508	16650508	harbor2	chr5	16496675	16496807	DNA/TcMar-Tigger	517	-	66	16496741	46233
chr5	16450508	16650508	harbor2	chr5	16498146	16498430	DNA/TcMar-Tigger	3874	-	142	16498288	47780
chr5	16450508	16650508	harbor2	chr5	16498727	16499170	DNA/TcMar-Tigger	3874	-	222	16498949	48441
chr5	16450508	16650508	harbor2	chr5	16499154	16499256	DNA/TcMar-Tigger	436	-	51	16499205	48697
chr5	177922457	178122457	harbor2	chr5	178009806	178010233	DNA/TcMar-Tigger	2296	-	214	178010020	87563
chr5	177922457	178122457	harbor2	chr5	178014293	178014525	DNA/TcMar-Tigger	1412	-	116	178014409	91952
chr5	177922457	178122457	harbor2	chr5	178014828	178015172	DNA/TcMar-Tigger	1412	-	172	178015000	92543
chr5	10341907	10541907	harbor2	chr5	10341891	10342079	DNA/TcMar-Tigger	1427	-	94	10341985	78
chr5	10341907	10541907	harbor2	chr5	10342367	10342500	DNA/TcMar-Tigger	1427	-	66	10342433	526
chr5	10341907	10541907	harbor2	chr5	10359494	10359667	DNA/TcMar-Tigger	771	-	86	10359580	17673
chr5	75136971	75336971	harbor2	chr5	75163243	75163658	DNA/TcMar-Tigger	2482	-	208	75163451	26480
chr5	141136632	141336632	harbor2	chr5	141165529	141165916	DNA/TcMar-Tigger	1514	-	194	141165723	29091
chr5	423523	623523	harbor2	chr5	456101	456406	DNA/TcMar-Tigger	1088	-	152	456253	32730
chr5	38973892	39173892	harbor2	chr5	38985150	38985349	DNA/TcMar-Tigger	1212	-	100	38985250	11358
chr5	10661141	10861141	harbor2	chr5	10704114	10704349	DNA/TcMar-Tigger	956	-	118	10704232	43091
chr5	10661141	10861141	harbor2	chr5	10727744	10728103	DNA/TcMar-Tigger	2096	-	180	10727924	66783
chr5	135111374	135311374	harbor2	chr5	135181049	135181311	DNA/TcMar-Tigger	2861	-	131	135181180	69806
chr5	135111374	135311374	harbor2	chr5	135181532	135181709	DNA/TcMar-Tigger	2861	-	88	135181620	70246
chr5	135111374	135311374	harbor2	chr5	135182020	135182195	DNA/TcMar-Tigger	2861	-	88	135182108	70734
chr5	73397918	73597918	harbor2	chr5	73495151	73495382	DNA/TcMar-Tigger	1284	-	116	73495267	97349
chr5	37452845	37652845	harbor2	chr5	37476391	37476510	DNA/TcMar-Tigger	570	-	60	37476451	23606
chr5	37452845	37652845	harbor2	chr5	37476954	37477041	DNA/TcMar-Tigger	533	-	44	37476998	24153
chr5	37452845	37652845	harbor2	chr5	37536400	37536600	DNA/TcMar-Tigger	891	-	100	37536500	83655
chr5	10341892	10541892	harbor2	chr5	10341891	10342079	DNA/TcMar-Tigger	1427	-	94	10341985	93
chr5	10341892	10541892	harbor2	chr5	10342367	10342500	DNA/TcMar-Tigger	1427	-	66	10342433	541
chr5	10341892	10541892	harbor2	chr5	10359494	10359667	DNA/TcMar-Tigger	771	-	86	10359580	17688
chr5	9114713	9314713	harbor2	chr5	9117371	9117727	DNA/TcMar-Tigger	1835	-	178	9117549	2836
chr5	135980732	136180732	harbor2	chr5	136044782	136045088	DNA/TcMar-Tigger	1269	-	153	136044935	64203
chr5	32300332	32500332	harbor2	chr5	32353924	32354105	DNA/TcMar-Tigger	864	-	90	32354014	53682
chr5	9115133	9315133	harbor2	chr5	9117371	9117727	DNA/TcMar-Tigger	1835	-	178	9117549	2416
chr5	10184413	10384413	harbor2	chr5	10241737	10243203	DNA/TcMar-Tigger	15381	-	733	10242470	58057
chr5	10184413	10384413	harbor2	chr5	10243499	10244415	DNA/TcMar-Tigger	15381	-	458	10243957	59544
chr5	10184413	10384413	harbor2	chr5	10244546	10244586	DNA/TcMar-Tigger	15381	-	20	10244566	60153
chr5	10184413	10384413	harbor2	chr5	10266609	10266884	DNA/TcMar-Tigger	1334	-	138	10266747	82334
chr5	9114912	9314912	harbor2	chr5	9117371	9117727	DNA/TcMar-Tigger	1835	-	178	9117549	2637
chr5	93480280	93680280	harbor2	chr5	93557378	93558315	DNA/TcMar-Tigger	14686	-	468	93557846	77566
chr5	93480280	93680280	harbor2	chr5	93558611	93560054	DNA/TcMar-Tigger	14686	-	722	93559333	79053
chr5	149752251	149952251	harbor2	chr5	149811063	149811560	DNA/TcMar-Tigger	1283	-	248	149811311	59060
chr5	9114251	9314251	harbor2	chr5	9117371	9117727	DNA/TcMar-Tigger	1835	-	178	9117549	3298
chr5	130296604	130496604	harbor2	chr5	130332743	130333467	DNA/TcMar-Tigger	3796	-	362	130333105	36501
chr5	130296604	130496604	harbor2	chr5	130335270	130335460	DNA/TcMar-Tigger	979	-	95	130335365	38761
chr5	9114268	9314268	harbor2	chr5	9117371	9117727	DNA/TcMar-Tigger	1835	-	178	9117549	3281
chr5	78345454	78545454	harbor2	chr5	78369010	78369108	DNA/TcMar-Tigger	2107	-	49	78369059	23605
chr5	78345454	78545454	harbor2	chr5	78369407	78369700	DNA/TcMar-Tigger	2107	-	146	78369553	24099
chr5	10341858	10541858	harbor2	chr5	10341891	10342079	DNA/TcMar-Tigger	1427	-	94	10341985	127
chr5	10341858	10541858	harbor2	chr5	10342367	10342500	DNA/TcMar-Tigger	1427	-	66	10342433	575
chr5	10341858	10541858	harbor2	chr5	10359494	10359667	DNA/TcMar-Tigger	771	-	86	10359580	17722
chr5	75136972	75336972	harbor2	chr5	75163243	75163658	DNA/TcMar-Tigger	2482	-	208	75163451	26479
chr5	11986337	12186337	harbor2	chr5	12076436	12076711	DNA/TcMar-Tigger	1307	-	138	12076574	90237
chr5	93480288	93680288	harbor2	chr5	93557378	93558315	DNA/TcMar-Tigger	14686	-	468	93557846	77558
chr5	93480288	93680288	harbor2	chr5	93558611	93560054	DNA/TcMar-Tigger	14686	-	722	93559333	79045
chr5	62303878	62503878	harbor2	chr5	62315067	62315170	DNA/TcMar-Tigger	640	-	52	62315119	11241
chr5	62303878	62503878	harbor2	chr5	62376840	62377072	DNA/TcMar-Tigger	1134	-	116	62376956	73078
chr5	62303878	62503878	harbor2	chr5	62380489	62380958	DNA/TcMar-Tigger	2322	-	234	62380723	76845
chr5	62303878	62503878	harbor2	chr5	62382508	62382596	DNA/TcMar-Tigger	572	-	44	62382552	78674
chr5	164861844	165061844	harbor2	chr5	164885257	164885443	DNA/TcMar-Tigger	872	-	93	164885350	23506
chr5	6526022	6726022	harbor2	chr5	6530217	6530318	DNA/TcMar-Tigger	1001	-	50	6530267	4245
chr5	6526022	6726022	harbor2	chr5	6530608	6530704	DNA/TcMar-Tigger	1001	-	48	6530656	4634
chr5	10661088	10861088	harbor2	chr5	10704114	10704349	DNA/TcMar-Tigger	956	-	118	10704232	43144
chr5	10661088	10861088	harbor2	chr5	10727744	10728103	DNA/TcMar-Tigger	2096	-	180	10727924	66836
chr5	10341908	10541908	harbor2	chr5	10341891	10342079	DNA/TcMar-Tigger	1427	-	94	10341985	77
chr5	10341908	10541908	harbor2	chr5	10342367	10342500	DNA/TcMar-Tigger	1427	-	66	10342433	525
chr5	10341908	10541908	harbor2	chr5	10359494	10359667	DNA/TcMar-Tigger	771	-	86	10359580	17672
chr5	170686109	170886109	harbor2	chr5	170736719	170736953	DNA/TcMar-Tigger	1121	-	117	170736836	50727
chr5	2004592	2204592	harbor2	chr5	2043660	2044182	DNA/TcMar-Tigger	960	-	261	2043921	39329
chr5	99806980	100006980	harbor2	chr5	99820699	99820823	DNA/TcMar-Tigger	603	-	62	99820761	13781
chr5	99806980	100006980	harbor2	chr5	99902413	99902648	DNA/TcMar-Tigger	1070	-	118	99902531	95551
chr5	135980728	136180728	harbor2	chr5	136044782	136045088	DNA/TcMar-Tigger	1269	-	153	136044935	64207
chr5	126748604	126948604	harbor2	chr5	126782233	126782541	DNA/TcMar-Tigger	581	-	154	126782387	33783
chr5	10342114	10542114	harbor2	chr5	10342367	10342500	DNA/TcMar-Tigger	1427	-	66	10342433	319
chr5	10342114	10542114	harbor2	chr5	10359494	10359667	DNA/TcMar-Tigger	771	-	86	10359580	17466
chr5	10341878	10541878	harbor2	chr5	10341891	10342079	DNA/TcMar-Tigger	1427	-	94	10341985	107
chr5	10341878	10541878	harbor2	chr5	10342367	10342500	DNA/TcMar-Tigger	1427	-	66	10342433	555
chr5	10341878	10541878	harbor2	chr5	10359494	10359667	DNA/TcMar-Tigger	771	-	86	10359580	17702
chr5	93492549	93692549	harbor2	chr5	93557378	93558315	DNA/TcMar-Tigger	14686	-	468	93557846	65297
chr5	93492549	93692549	harbor2	chr5	93558611	93560054	DNA/TcMar-Tigger	14686	-	722	93559333	66784
chr5	10341890	10541890	harbor2	chr5	10341891	10342079	DNA/TcMar-Tigger	1427	-	94	10341985	95
chr5	10341890	10541890	harbor2	chr5	10342367	10342500	DNA/TcMar-Tigger	1427	-	66	10342433	543
chr5	10341890	10541890	harbor2	chr5	10359494	10359667	DNA/TcMar-Tigger	771	-	86	10359580	17690
chr5	9114687	9314687	harbor2	chr5	9117371	9117727	DNA/TcMar-Tigger	1835	-	178	9117549	2862
chr5	139561187	139761187	harbor2	chr5	139565450	139565664	DNA/TcMar-Tigger	673	-	107	139565557	4370
chr5	139561187	139761187	harbor2	chr5	139581464	139581657	DNA/TcMar-Tigger	1175	-	96	139581560	20373
chr5	139561187	139761187	harbor2	chr5	139582511	139582662	DNA/TcMar-Tigger	783	-	76	139582587	21400
chr5	139561187	139761187	harbor2	chr5	139594801	139595108	DNA/TcMar-Tigger	1832	-	154	139594955	33768
chr5	78451235	78651235	harbor2	chr5	78468899	78469112	DNA/TcMar-Tigger	1040	-	106	78469005	17770
chr5	10341853	10541853	harbor2	chr5	10341891	10342079	DNA/TcMar-Tigger	1427	-	94	10341985	132
chr5	10341853	10541853	harbor2	chr5	10342367	10342500	DNA/TcMar-Tigger	1427	-	66	10342433	580
chr5	10341853	10541853	harbor2	chr5	10359494	10359667	DNA/TcMar-Tigger	771	-	86	10359580	17727
chr6	139488408	139688408	harbor2	chr6	139491744	139491876	DNA/TcMar-Tigger	849	-	66	139491810	3402
chr6	139488408	139688408	harbor2	chr6	139493426	139493667	DNA/TcMar-Tigger	2118	-	120	139493546	5138
chr6	139488408	139688408	harbor2	chr6	139493966	139494243	DNA/TcMar-Tigger	2118	-	138	139494104	5696
chr6	139488408	139688408	harbor2	chr6	139584454	139584873	DNA/TcMar-Tigger	2489	-	210	139584664	96256
chr6	139785813	139985813	harbor2	chr6	139798326	139798662	DNA/TcMar-Tigger	1993	-	168	139798494	12681
chr6	139785813	139985813	harbor2	chr6	139825774	139826778	DNA/TcMar-Tigger	5543	-	502	139826276	40463
chr6	37083540	37283540	harbor2	chr6	37096894	37097111	DNA/TcMar-Tigger	857	-	108	37097002	13462
chr6	37083540	37283540	harbor2	chr6	37097387	37097468	DNA/TcMar-Tigger	857	-	40	37097427	13887
chr6	139275435	139475435	harbor2	chr6	139353526	139353979	DNA/TcMar-Tigger	612	-	226	139353752	78317
chr6	127168513	127368513	harbor2	chr6	127246455	127246781	DNA/TcMar-Tigger	1778	-	163	127246618	78105
chr6	111987608	112187608	harbor2	chr6	112080413	112080581	DNA/TcMar-Tigger	471	-	84	112080497	92889
chr6	37072439	37272439	harbor2	chr6	37096894	37097111	DNA/TcMar-Tigger	857	-	108	37097002	24563
chr6	37072439	37272439	harbor2	chr6	37097387	37097468	DNA/TcMar-Tigger	857	-	40	37097427	24988
chr6	37072372	37272372	harbor2	chr6	37096894	37097111	DNA/TcMar-Tigger	857	-	108	37097002	24630
chr6	37072372	37272372	harbor2	chr6	37097387	37097468	DNA/TcMar-Tigger	857	-	40	37097427	25055
chr6	166899020	167099020	harbor2	chr6	166993983	166994108	DNA/TcMar-Tigger	15287	-	62	166994045	95025
chr6	166899020	167099020	harbor2	chr6	166994403	166995740	DNA/TcMar-Tigger	15287	-	668	166995071	96051
chr6	166899020	167099020	harbor2	chr6	166996046	166997158	DNA/TcMar-Tigger	15287	-	556	166996602	97582
chr6	37071947	37271947	harbor2	chr6	37071868	37072177	DNA/TcMar-Tigger	894	-	154	37072022	75
chr6	37071947	37271947	harbor2	chr6	37096894	37097111	DNA/TcMar-Tigger	857	-	108	37097002	25055
chr6	37071947	37271947	harbor2	chr6	37097387	37097468	DNA/TcMar-Tigger	857	-	40	37097427	25480
chr6	139275444	139475444	harbor2	chr6	139353526	139353979	DNA/TcMar-Tigger	612	-	226	139353752	78308
chr6	124863601	125063601	harbor2	chr6	124929938	124930527	DNA/TcMar-Tigger	3597	-	294	124930232	66631
chr6	124863601	125063601	harbor2	chr6	124930947	124931527	DNA/TcMar-Tigger	3753	-	290	124931237	67636
chr6	11912036	12112036	harbor2	chr6	11995165	11995438	DNA/TcMar-Tigger	4313	-	136	11995301	83265
chr6	11912036	12112036	harbor2	chr6	11995749	11996214	DNA/TcMar-Tigger	4313	-	232	11995981	83945
chr6	11912036	12112036	harbor2	chr6	11996215	11996322	DNA/TcMar-Tigger	614	-	54	11996269	84233
chr6	11912036	12112036	harbor2	chr6	12002625	12002727	DNA/TcMar-Tigger	1007	-	51	12002676	90640
chr6	11912036	12112036	harbor2	chr6	12003019	12003229	DNA/TcMar-Tigger	1007	-	105	12003124	91088
chr6	37072709	37272709	harbor2	chr6	37096894	37097111	DNA/TcMar-Tigger	857	-	108	37097002	24293
chr6	37072709	37272709	harbor2	chr6	37097387	37097468	DNA/TcMar-Tigger	857	-	40	37097427	24718
chr6	7639383	7839383	harbor2	chr6	7652325	7652525	DNA/TcMar-Tigger	633	-	100	7652425	13042
chr6	7639383	7839383	harbor2	chr6	7666449	7666767	DNA/TcMar-Tigger	2001	-	159	7666608	27225
chr6	7639383	7839383	harbor2	chr6	7723973	7724326	DNA/TcMar-Tigger	2358	-	176	7724149	84766
chr6	105895039	106095039	harbor2	chr6	105920901	105921229	DNA/TcMar-Tigger	1019	-	164	105921065	26026
chr6	105895039	106095039	harbor2	chr6	105921308	105922039	DNA/TcMar-Tigger	3945	-	366	105921674	26635
chr6	105895039	106095039	harbor2	chr6	105937604	105937794	DNA/TcMar-Tigger	940	-	95	105937699	42660
chr6	37002854	37202854	harbor2	chr6	37036082	37036237	DNA/TcMar-Tigger	842	-	78	37036160	33306
chr6	37002854	37202854	harbor2	chr6	37036555	37036598	DNA/TcMar-Tigger	842	-	22	37036577	33723
chr6	37002854	37202854	harbor2	chr6	37037363	37037473	DNA/TcMar-Tigger	563	-	55	37037418	34564
chr6	37002854	37202854	harbor2	chr6	37071868	37072177	DNA/TcMar-Tigger	894	-	154	37072022	69168
chr6	37002854	37202854	harbor2	chr6	37096894	37097111	DNA/TcMar-Tigger	857	-	108	37097002	94148
chr6	37002854	37202854	harbor2	chr6	37097387	37097468	DNA/TcMar-Tigger	857	-	40	37097427	94573
chr6	107974811	108174811	harbor2	chr6	108053227	108053344	DNA/TcMar-Tigger	648	-	58	108053285	78474
chr6	107974811	108174811	harbor2	chr6	108061922	108062494	DNA/TcMar-Tigger	2250	-	286	108062208	87397
chr6	139275454	139475454	harbor2	chr6	139353526	139353979	DNA/TcMar-Tigger	612	-	226	139353752	78298
chr6	35370706	35570706	harbor2	chr6	35447680	35447749	DNA/TcMar-Tigger	2004	-	34	35447714	77008
chr6	35370706	35570706	harbor2	chr6	35448041	35448393	DNA/TcMar-Tigger	2004	-	176	35448217	77511
chr6	107974809	108174809	harbor2	chr6	108053227	108053344	DNA/TcMar-Tigger	648	-	58	108053285	78476
chr6	107974809	108174809	harbor2	chr6	108061922	108062494	DNA/TcMar-Tigger	2250	-	286	108062208	87399
chr6	139275412	139475412	harbor2	chr6	139353526	139353979	DNA/TcMar-Tigger	612	-	226	139353752	78340
chr6	36494234	36694234	harbor2	chr6	36589686	36589861	DNA/TcMar-Tigger	1057	-	88	36589774	95540
chr6	77363827	77563827	harbor2	chr6	77393029	77393680	DNA/TcMar-Tigger	3229	-	326	77393355	29528
chr6	77363827	77563827	harbor2	chr6	77413898	77416021	DNA/TcMar-Tigger	12796	-	1062	77414960	51133
chr6	37002837	37202837	harbor2	chr6	37036082	37036237	DNA/TcMar-Tigger	842	-	78	37036160	33323
chr6	37002837	37202837	harbor2	chr6	37036555	37036598	DNA/TcMar-Tigger	842	-	22	37036577	33740
chr6	37002837	37202837	harbor2	chr6	37037363	37037473	DNA/TcMar-Tigger	563	-	55	37037418	34581
chr6	37002837	37202837	harbor2	chr6	37071868	37072177	DNA/TcMar-Tigger	894	-	154	37072022	69185
chr6	37002837	37202837	harbor2	chr6	37096894	37097111	DNA/TcMar-Tigger	857	-	108	37097002	94165
chr6	37002837	37202837	harbor2	chr6	37097387	37097468	DNA/TcMar-Tigger	857	-	40	37097427	94590
chr6	139275376	139475376	harbor2	chr6	139353526	139353979	DNA/TcMar-Tigger	612	-	226	139353752	78376
chr6	170008688	170208688	harbor2	chr6	170104540	170104749	DNA/TcMar-Tigger	564	-	104	170104644	95956
chr6	30786661	30986661	harbor2	chr6	30793827	30794180	DNA/TcMar-Tigger	966	-	176	30794003	7342
chr6	30786661	30986661	harbor2	chr6	30794479	30794738	DNA/TcMar-Tigger	966	-	130	30794609	7948
chr6	30786661	30986661	harbor2	chr6	30866149	30866948	DNA/TcMar-Tigger	5010	-	400	30866549	79888
chr6	30786661	30986661	harbor2	chr6	30867418	30868170	DNA/TcMar-Tigger	5130	-	376	30867794	81133
chr6	37073817	37273817	harbor2	chr6	37096894	37097111	DNA/TcMar-Tigger	857	-	108	37097002	23185
chr6	37073817	37273817	harbor2	chr6	37097387	37097468	DNA/TcMar-Tigger	857	-	40	37097427	23610
chr6	100364956	100564956	harbor2	chr6	100388179	100388418	DNA/TcMar-Tigger	1081	-	120	100388299	23343
chr6	100364956	100564956	harbor2	chr6	100404381	100404747	DNA/TcMar-Tigger	1142	-	183	100404564	39608
chr6	100364956	100564956	harbor2	chr6	100428656	100429016	DNA/TcMar-Tigger	1392	-	180	100428836	63880
chr6	37071756	37271756	harbor2	chr6	37071868	37072177	DNA/TcMar-Tigger	894	-	154	37072022	266
chr6	37071756	37271756	harbor2	chr6	37096894	37097111	DNA/TcMar-Tigger	857	-	108	37097002	25246
chr6	37071756	37271756	harbor2	chr6	37097387	37097468	DNA/TcMar-Tigger	857	-	40	37097427	25671
chr6	167863268	168063268	harbor2	chr6	167883504	167885833	DNA/TcMar-Tigger	13660	-	1164	167884668	21400
chr6	167863268	168063268	harbor2	chr6	167902469	167902801	DNA/TcMar-Tigger	1729	-	166	167902635	39367
chr6	167863268	168063268	harbor2	chr6	167944570	167945723	DNA/TcMar-Tigger	5463	-	576	167945146	81878
chr6	10422491	10622491	harbor2	chr6	10442490	10442705	DNA/TcMar-Tigger	1614	-	108	10442598	20107
chr6	10422491	10622491	harbor2	chr6	10442822	10442981	DNA/TcMar-Tigger	1614	-	80	10442902	20411
chr6	10422491	10622491	harbor2	chr6	10509374	10509732	DNA/TcMar-Tigger	2375	-	179	10509553	87062
chr6	139346565	139546565	harbor2	chr6	139353526	139353979	DNA/TcMar-Tigger	612	-	226	139353752	7187
chr6	78955777	79155777	harbor2	chr6	78959794	78960203	DNA/TcMar-Tigger	2087	-	204	78959998	4221
chr6	78955777	79155777	harbor2	chr6	79031942	79034272	DNA/TcMar-Tigger	13830	-	1165	79033107	77330
chr6	129414352	129614352	harbor2	chr6	129426144	129426461	DNA/TcMar-Tigger	566	-	158	129426302	11950
chr6	129414352	129614352	harbor2	chr6	129431542	129431640	DNA/TcMar-Tigger	475	-	49	129431591	17239
chr6	129414352	129614352	harbor2	chr6	129439031	129439372	DNA/TcMar-Tigger	1800	-	170	129439201	24849
chr6	129414352	129614352	harbor2	chr6	129459004	129459335	DNA/TcMar-Tigger	1915	-	166	129459170	44818
chr6	129414352	129614352	harbor2	chr6	129463850	129464097	DNA/TcMar-Tigger	870	-	124	129463974	49622
chr6	167863257	168063257	harbor2	chr6	167883504	167885833	DNA/TcMar-Tigger	13660	-	1164	167884668	21411
chr6	167863257	168063257	harbor2	chr6	167902469	167902801	DNA/TcMar-Tigger	1729	-	166	167902635	39378
chr6	167863257	168063257	harbor2	chr6	167944570	167945723	DNA/TcMar-Tigger	5463	-	576	167945146	81889
chr6	130929311	131129311	harbor2	chr6	130967091	130967363	DNA/TcMar-Tigger	745	-	136	130967227	37916
chr6	130929311	131129311	harbor2	chr6	130970746	130970886	DNA/TcMar-Tigger	3716	-	70	130970816	41505
chr6	130929311	131129311	harbor2	chr6	130971197	130971779	DNA/TcMar-Tigger	3716	-	291	130971488	42177
chr6	130929311	131129311	harbor2	chr6	130983311	130983495	DNA/TcMar-Tigger	811	-	92	130983403	54092
chr6	130929311	131129311	harbor2	chr6	130983502	130983519	DNA/TcMar-Tigger	4168	-	8	130983510	54199
chr6	130929311	131129311	harbor2	chr6	130983829	130984591	DNA/TcMar-Tigger	4168	-	381	130984210	54899
chr6	139275442	139475442	harbor2	chr6	139353526	139353979	DNA/TcMar-Tigger	612	-	226	139353752	78310
chr6	37071984	37271984	harbor2	chr6	37071868	37072177	DNA/TcMar-Tigger	894	-	154	37072022	38
chr6	37071984	37271984	harbor2	chr6	37096894	37097111	DNA/TcMar-Tigger	857	-	108	37097002	25018
chr6	37071984	37271984	harbor2	chr6	37097387	37097468	DNA/TcMar-Tigger	857	-	40	37097427	25443
chr6	81653509	81853509	harbor2	chr6	81671336	81671513	DNA/TcMar-Tigger	1032	-	88	81671424	17915
chr6	81653509	81853509	harbor2	chr6	81675269	81675365	DNA/TcMar-Tigger	480	-	48	81675317	21808
chr6	81653509	81853509	harbor2	chr6	81675363	81675631	DNA/TcMar-Tigger	1309	-	134	81675497	21988
chr6	147108187	147308187	harbor2	chr6	147121886	147122227	DNA/TcMar-Tigger	716	-	170	147122056	13869
chr6	37071718	37271718	harbor2	chr6	37071868	37072177	DNA/TcMar-Tigger	894	-	154	37072022	304
chr6	37071718	37271718	harbor2	chr6	37096894	37097111	DNA/TcMar-Tigger	857	-	108	37097002	25284
chr6	37071718	37271718	harbor2	chr6	37097387	37097468	DNA/TcMar-Tigger	857	-	40	37097427	25709
chr6	37074003	37274003	harbor2	chr6	37096894	37097111	DNA/TcMar-Tigger	857	-	108	37097002	22999
chr6	37074003	37274003	harbor2	chr6	37097387	37097468	DNA/TcMar-Tigger	857	-	40	37097427	23424
chr6	109952856	110152856	harbor2	chr6	109958970	109959237	DNA/TcMar-Tigger	460	-	134	109959104	6248
chr6	37075696	37275696	harbor2	chr6	37096894	37097111	DNA/TcMar-Tigger	857	-	108	37097002	21306
chr6	37075696	37275696	harbor2	chr6	37097387	37097468	DNA/TcMar-Tigger	857	-	40	37097427	21731
chr6	88863719	89063719	harbor2	chr6	88920168	88920382	DNA/TcMar-Tigger	1181	-	107	88920275	56556
chr6	88863719	89063719	harbor2	chr6	88930959	88931156	DNA/TcMar-Tigger	1045	-	98	88931057	67338
chr6	88863719	89063719	harbor2	chr6	88931573	88931729	DNA/TcMar-Tigger	665	-	78	88931651	67932
chr6	88863719	89063719	harbor2	chr6	88932671	88932903	DNA/TcMar-Tigger	665	-	116	88932787	69068
chr6	52185236	52385236	harbor2	chr6	52239839	52240154	DNA/TcMar-Tigger	503	-	158	52239997	54761
chr6	52185236	52385236	harbor2	chr6	52240459	52240727	DNA/TcMar-Tigger	503	-	134	52240593	55357
chr6	100675847	100875847	harbor2	chr6	100690054	100690378	DNA/TcMar-Tigger	1944	-	162	100690216	14369
chr6	100675847	100875847	harbor2	chr6	100726481	100726616	DNA/TcMar-Tigger	931	-	68	100726549	50702
chr6	170609333	170809333	harbor2	chr6	170678678	170679135	DNA/TcMar-Tigger	2417	-	228	170678906	69573
chr6	169863936	170063936	harbor2	chr6	169886477	169886709	DNA/TcMar-Tigger	492	-	116	169886593	22657
chr6	169863936	170063936	harbor2	chr6	169922950	169923523	DNA/TcMar-Tigger	743	-	286	169923236	59300
chr6	29088020	29288020	harbor2	chr6	29140722	29141902	DNA/TcMar-Tigger	6747	-	590	29141312	53292
chr6	37071985	37271985	harbor2	chr6	37071868	37072177	DNA/TcMar-Tigger	894	-	154	37072022	37
chr6	37071985	37271985	harbor2	chr6	37096894	37097111	DNA/TcMar-Tigger	857	-	108	37097002	25017
chr6	37071985	37271985	harbor2	chr6	37097387	37097468	DNA/TcMar-Tigger	857	-	40	37097427	25442
chr6	42879393	43079393	harbor2	chr6	42881087	42881183	DNA/TcMar-Tigger	653	-	48	42881135	1742
chr6	42879393	43079393	harbor2	chr6	42881487	42881560	DNA/TcMar-Tigger	653	-	36	42881523	2130
chr6	42879393	43079393	harbor2	chr6	42945372	42945560	DNA/TcMar-Tigger	864	-	94	42945466	66073
chr6	147106075	147306075	harbor2	chr6	147121886	147122227	DNA/TcMar-Tigger	716	-	170	147122056	15981
chr6	149350899	149550899	harbor2	chr6	149358129	149358455	DNA/TcMar-Tigger	1440	-	163	149358292	7393
chr6	149350899	149550899	harbor2	chr6	149422412	149422506	DNA/TcMar-Tigger	1267	-	47	149422459	71560
chr6	149350899	149550899	harbor2	chr6	149421892	149422103	DNA/TcMar-Tigger	1267	-	106	149421998	71099
chr6	106179953	106379953	harbor2	chr6	106247491	106247658	DNA/TcMar-Tigger	891	-	84	106247575	67622
chr6	106179953	106379953	harbor2	chr6	106247660	106247968	DNA/TcMar-Tigger	1475	-	154	106247814	67861
chr6	106179953	106379953	harbor2	chr6	106256507	106257561	DNA/TcMar-Tigger	5322	-	527	106257034	77081
chr6	106179953	106379953	harbor2	chr6	106277365	106277532	DNA/TcMar-Tigger	2584	-	84	106277449	97496
chr6	106179953	106379953	harbor2	chr6	106277831	106277952	DNA/TcMar-Tigger	5051	-	60	106277891	97938
chr6	106179953	106379953	harbor2	chr6	106278243	106279071	DNA/TcMar-Tigger	5051	-	414	106278657	98704
chr6	106179953	106379953	harbor2	chr6	106200903	106201227	DNA/TcMar-Tigger	1634	-	162	106201065	21112
chr6	8009439	8209439	harbor2	chr6	8064673	8064942	DNA/TcMar-Tigger	1614	-	134	8064807	55368
chr6	8009439	8209439	harbor2	chr6	8075385	8076330	DNA/TcMar-Tigger	14194	-	472	8075857	66418
chr6	8009439	8209439	harbor2	chr6	8076623	8076930	DNA/TcMar-Tigger	14194	-	154	8076777	67338
chr6	8009439	8209439	harbor2	chr6	8078077	8078632	DNA/TcMar-Tigger	14194	-	278	8078355	68916
chr6	8009439	8209439	harbor2	chr6	8077242	8077801	DNA/TcMar-Tigger	14194	-	280	8077522	68083
chr6	52477046	52677046	harbor2	chr6	52479987	52480400	DNA/TcMar-Tigger	2352	-	206	52480193	3147
chr6	52477046	52677046	harbor2	chr6	52481965	52482061	DNA/TcMar-Tigger	4637	-	48	52482013	4967
chr6	52477046	52677046	harbor2	chr6	52482357	52483305	DNA/TcMar-Tigger	4637	-	474	52482831	5785
chr6	52477046	52677046	harbor2	chr6	52538813	52539450	DNA/TcMar-Tigger	3687	-	318	52539131	62085
chr6	139275446	139475446	harbor2	chr6	139353526	139353979	DNA/TcMar-Tigger	612	-	226	139353752	78306
chr6	30369767	30569767	harbor2	chr6	30399537	30400633	DNA/TcMar-Tigger	6738	-	548	30400085	30318
chr6	30369767	30569767	harbor2	chr6	30401522	30401888	DNA/TcMar-Tigger	1521	-	183	30401705	31938
chr6	127174273	127374273	harbor2	chr6	127246455	127246781	DNA/TcMar-Tigger	1778	-	163	127246618	72345
chr6	127174273	127374273	harbor2	chr6	127272731	127273649	DNA/TcMar-Tigger	4351	-	459	127273190	98917
chr6	52352994	52552994	harbor2	chr6	52364829	52364925	DNA/TcMar-Tigger	488	-	48	52364877	11883
chr6	52352994	52552994	harbor2	chr6	52440070	52440475	DNA/TcMar-Tigger	2397	-	202	52440272	87278
chr6	139275443	139475443	harbor2	chr6	139353526	139353979	DNA/TcMar-Tigger	612	-	226	139353752	78309
chr6	127169913	127369913	harbor2	chr6	127246455	127246781	DNA/TcMar-Tigger	1778	-	163	127246618	76705
chr6	33522645	33722645	harbor2	chr6	33539971	33540388	DNA/TcMar-Tigger	2687	-	208	33540179	17534
chr6	33522645	33722645	harbor2	chr6	33542495	33542530	DNA/TcMar-Tigger	2687	-	18	33542513	19868
chr6	33522645	33722645	harbor2	chr6	33542847	33542996	DNA/TcMar-Tigger	2687	-	74	33542921	20276
chr6	33522645	33722645	harbor2	chr6	33550202	33550246	DNA/TcMar-Tigger	941	-	22	33550224	27579
chr6	33522645	33722645	harbor2	chr6	33550558	33550716	DNA/TcMar-Tigger	941	-	79	33550637	27992
chr6	147254587	147454587	harbor2	chr6	147276895	147276982	DNA/TcMar-Tigger	465	-	44	147276939	22352
chr6	139275379	139475379	harbor2	chr6	139353526	139353979	DNA/TcMar-Tigger	612	-	226	139353752	78373
chr6	139275438	139475438	harbor2	chr6	139353526	139353979	DNA/TcMar-Tigger	612	-	226	139353752	78314
chr6	149352008	149552008	harbor2	chr6	149358129	149358455	DNA/TcMar-Tigger	1440	-	163	149358292	6284
chr6	149352008	149552008	harbor2	chr6	149422412	149422506	DNA/TcMar-Tigger	1267	-	47	149422459	70451
chr6	149352008	149552008	harbor2	chr6	149421892	149422103	DNA/TcMar-Tigger	1267	-	106	149421998	69990
chr6	79848077	80048077	harbor2	chr6	79920459	79920744	DNA/TcMar-Tigger	1669	-	142	79920601	72524
chr6	79848077	80048077	harbor2	chr6	79920755	79920948	DNA/TcMar-Tigger	1262	-	96	79920851	72774
chr6	165561195	165761195	harbor2	chr6	165570771	165570919	DNA/TcMar-Tigger	754	-	74	165570845	9650
chr6	165561195	165761195	harbor2	chr6	165570932	165571044	DNA/TcMar-Tigger	533	-	56	165570988	9793
chr6	165561195	165761195	harbor2	chr6	165622309	165622644	DNA/TcMar-Tigger	1980	-	168	165622477	61282
chr6	150800551	151000551	harbor2	chr6	150870452	150870630	DNA/TcMar-Tigger	1121	-	89	150870541	69990
chr6	150800551	151000551	harbor2	chr6	150871095	150871495	DNA/TcMar-Tigger	1473	-	200	150871295	70744
chr6	150800551	151000551	harbor2	chr6	150871799	150871833	DNA/TcMar-Tigger	1473	-	17	150871816	71265
chr6	150800551	151000551	harbor2	chr6	150872177	150872793	DNA/TcMar-Tigger	3680	-	308	150872485	71934
chr6	139493790	139693790	harbor2	chr6	139493966	139494243	DNA/TcMar-Tigger	2118	-	138	139494104	314
chr6	139493790	139693790	harbor2	chr6	139584454	139584873	DNA/TcMar-Tigger	2489	-	210	139584664	90874
chr6	139434279	139634279	harbor2	chr6	139463732	139463809	DNA/TcMar-Tigger	479	-	38	139463770	29491
chr6	139434279	139634279	harbor2	chr6	139478169	139478535	DNA/TcMar-Tigger	3319	-	183	139478352	44073
chr6	139434279	139634279	harbor2	chr6	139478845	139478867	DNA/TcMar-Tigger	3319	-	11	139478856	44577
chr6	139434279	139634279	harbor2	chr6	139479165	139479474	DNA/TcMar-Tigger	3319	-	154	139479319	45040
chr6	139434279	139634279	harbor2	chr6	139491744	139491876	DNA/TcMar-Tigger	849	-	66	139491810	57531
chr6	139434279	139634279	harbor2	chr6	139493426	139493667	DNA/TcMar-Tigger	2118	-	120	139493546	59267
chr6	139434279	139634279	harbor2	chr6	139493966	139494243	DNA/TcMar-Tigger	2118	-	138	139494104	59825
chr6	37071323	37271323	harbor2	chr6	37071868	37072177	DNA/TcMar-Tigger	894	-	154	37072022	699
chr6	37071323	37271323	harbor2	chr6	37096894	37097111	DNA/TcMar-Tigger	857	-	108	37097002	25679
chr6	37071323	37271323	harbor2	chr6	37097387	37097468	DNA/TcMar-Tigger	857	-	40	37097427	26104
chr6	146816562	147016562	harbor2	chr6	146836247	146836486	DNA/TcMar-Tigger	1098	-	120	146836367	19805
chr6	34776933	34976933	harbor2	chr6	34809456	34809553	DNA/TcMar-Tigger	5645	-	48	34809504	32571
chr6	34776933	34976933	harbor2	chr6	34809856	34810499	DNA/TcMar-Tigger	5645	-	322	34810178	33245
chr6	34776933	34976933	harbor2	chr6	34810769	34811066	DNA/TcMar-Tigger	5645	-	148	34810917	33984
chr6	167863281	168063281	harbor2	chr6	167883504	167885833	DNA/TcMar-Tigger	13660	-	1164	167884668	21387
chr6	167863281	168063281	harbor2	chr6	167902469	167902801	DNA/TcMar-Tigger	1729	-	166	167902635	39354
chr6	167863281	168063281	harbor2	chr6	167944570	167945723	DNA/TcMar-Tigger	5463	-	576	167945146	81865
chr6	7907023	8107023	harbor2	chr6	7922355	7923276	DNA/TcMar-Tigger	6000	-	460	7922815	15792
chr6	7907023	8107023	harbor2	chr6	7971236	7971664	DNA/TcMar-Tigger	2552	-	214	7971450	64427
chr6	7907023	8107023	harbor2	chr6	7973053	7973305	DNA/TcMar-Tigger	1443	-	126	7973179	66156
chr6	7907023	8107023	harbor2	chr6	7973613	7973683	DNA/TcMar-Tigger	1443	-	35	7973648	66625
chr6	127216519	127416519	harbor2	chr6	127246455	127246781	DNA/TcMar-Tigger	1778	-	163	127246618	30099
chr6	127216519	127416519	harbor2	chr6	127272731	127273649	DNA/TcMar-Tigger	4351	-	459	127273190	56671
chr6	52300000	52500000	harbor2	chr6	52321589	52322863	DNA/TcMar-Tigger	8451	-	637	52322226	22226
chr6	52300000	52500000	harbor2	chr6	52364829	52364925	DNA/TcMar-Tigger	488	-	48	52364877	64877
chr6	7875319	8075319	harbor2	chr6	7894473	7894824	DNA/TcMar-Tigger	1229	-	176	7894649	19330
chr6	7875319	8075319	harbor2	chr6	7922355	7923276	DNA/TcMar-Tigger	6000	-	460	7922815	47496
chr6	7875319	8075319	harbor2	chr6	7971236	7971664	DNA/TcMar-Tigger	2552	-	214	7971450	96131
chr6	7875319	8075319	harbor2	chr6	7973053	7973305	DNA/TcMar-Tigger	1443	-	126	7973179	97860
chr6	7875319	8075319	harbor2	chr6	7973613	7973683	DNA/TcMar-Tigger	1443	-	35	7973648	98329
chr6	169863958	170063958	harbor2	chr6	169886477	169886709	DNA/TcMar-Tigger	492	-	116	169886593	22635
chr6	169863958	170063958	harbor2	chr6	169922950	169923523	DNA/TcMar-Tigger	743	-	286	169923236	59278
chr6	149548477	149748477	harbor2	chr6	149584619	149584840	DNA/TcMar-Tigger	854	-	110	149584729	36252
chr6	149548477	149748477	harbor2	chr6	149584961	149585047	DNA/TcMar-Tigger	636	-	43	149585004	36527
chr6	149548477	149748477	harbor2	chr6	149624026	149624264	DNA/TcMar-Tigger	1301	-	119	149624145	75668
chr6	325158	525158	harbor2	chr6	386222	386739	DNA/TcMar-Tigger	1715	-	258	386480	61322
chr6	56921793	57121793	harbor2	chr6	56930457	56930952	DNA/TcMar-Tigger	1277	-	248	56930705	8912
chr6	56921793	57121793	harbor2	chr6	56947848	56947988	DNA/TcMar-Tigger	712	-	70	56947918	26125
chr6	56921793	57121793	harbor2	chr6	56947991	56948650	DNA/TcMar-Tigger	3641	-	330	56948321	26528
chr6	56921793	57121793	harbor2	chr6	56973352	56973757	DNA/TcMar-Tigger	1792	-	202	56973554	51761
chr6	56921793	57121793	harbor2	chr6	56974053	56974163	DNA/TcMar-Tigger	1792	-	55	56974108	52315
chr6	32315601	32515601	harbor2	chr6	32404489	32404756	DNA/TcMar-Tigger	766	-	134	32404623	89022
chr6	151352799	151552799	harbor2	chr6	151381903	151382237	DNA/TcMar-Tigger	2047	-	167	151382070	29271
chr6	149351576	149551576	harbor2	chr6	149358129	149358455	DNA/TcMar-Tigger	1440	-	163	149358292	6716
chr6	149351576	149551576	harbor2	chr6	149422412	149422506	DNA/TcMar-Tigger	1267	-	47	149422459	70883
chr6	149351576	149551576	harbor2	chr6	149421892	149422103	DNA/TcMar-Tigger	1267	-	106	149421998	70422
chr6	105895040	106095040	harbor2	chr6	105920901	105921229	DNA/TcMar-Tigger	1019	-	164	105921065	26025
chr6	105895040	106095040	harbor2	chr6	105921308	105922039	DNA/TcMar-Tigger	3945	-	366	105921674	26634
chr6	105895040	106095040	harbor2	chr6	105937604	105937794	DNA/TcMar-Tigger	940	-	95	105937699	42659
chr6	158504789	158704789	harbor2	chr6	158517678	158518007	DNA/TcMar-Tigger	1480	-	164	158517842	13053
chr6	127167589	127367589	harbor2	chr6	127246455	127246781	DNA/TcMar-Tigger	1778	-	163	127246618	79029
chr6	99249452	99449452	harbor2	chr6	99289300	99289369	DNA/TcMar-Tigger	1897	-	34	99289334	39882
chr6	99249452	99449452	harbor2	chr6	99289650	99289689	DNA/TcMar-Tigger	1897	-	20	99289670	40218
chr6	99249452	99449452	harbor2	chr6	99289721	99290078	DNA/TcMar-Tigger	1897	-	178	99289899	40447
chr6	107857740	108057740	harbor2	chr6	107927697	107928007	DNA/TcMar-Tigger	1161	-	155	107927852	70112
chr6	107857740	108057740	harbor2	chr6	107942593	107943572	DNA/TcMar-Tigger	3862	-	490	107943083	85343
chr6	35356242	35556242	harbor2	chr6	35447680	35447749	DNA/TcMar-Tigger	2004	-	34	35447714	91472
chr6	35356242	35556242	harbor2	chr6	35448041	35448393	DNA/TcMar-Tigger	2004	-	176	35448217	91975
chr6	13613032	13813032	harbor2	chr6	13666294	13666485	DNA/TcMar-Tigger	1657	-	96	13666390	53358
chr6	13613032	13813032	harbor2	chr6	13666779	13666997	DNA/TcMar-Tigger	1657	-	109	13666888	53856
chr6	13613032	13813032	harbor2	chr6	13699433	13699581	DNA/TcMar-Tigger	981	-	74	13699507	86475
chr6	13613032	13813032	harbor2	chr6	13699880	13699933	DNA/TcMar-Tigger	981	-	26	13699906	86874
chr6	13613032	13813032	harbor2	chr6	13631372	13631538	DNA/TcMar-Tigger	739	-	83	13631455	18423
chr6	52571777	52771777	harbor2	chr6	52578979	52579188	DNA/TcMar-Tigger	1081	-	104	52579083	7306
chr6	167863263	168063263	harbor2	chr6	167883504	167885833	DNA/TcMar-Tigger	13660	-	1164	167884668	21405
chr6	167863263	168063263	harbor2	chr6	167902469	167902801	DNA/TcMar-Tigger	1729	-	166	167902635	39372
chr6	167863263	168063263	harbor2	chr6	167944570	167945723	DNA/TcMar-Tigger	5463	-	576	167945146	81883
chr6	128006768	128206768	harbor2	chr6	128072284	128072500	DNA/TcMar-Tigger	1419	-	108	128072392	65624
chr6	139275401	139475401	harbor2	chr6	139353526	139353979	DNA/TcMar-Tigger	612	-	226	139353752	78351
chr6	139275439	139475439	harbor2	chr6	139353526	139353979	DNA/TcMar-Tigger	612	-	226	139353752	78313
chr6	41092580	41292580	harbor2	chr6	41148256	41148616	DNA/TcMar-Tigger	1841	-	180	41148436	55856
chr6	32875092	33075092	harbor2	chr6	32891326	32891541	DNA/TcMar-Tigger	2565	-	108	32891434	16342
chr6	32875092	33075092	harbor2	chr6	32891833	32892056	DNA/TcMar-Tigger	2565	-	112	32891945	16853
chr6	32875092	33075092	harbor2	chr6	32903566	32903846	DNA/TcMar-Tigger	1038	-	140	32903706	28614
chr6	32875092	33075092	harbor2	chr6	32963642	32963865	DNA/TcMar-Tigger	1169	-	112	32963754	88662
chr6	32875092	33075092	harbor2	chr6	32899001	32899319	DNA/TcMar-Tigger	1642	-	159	32899160	24068
chr6	37072384	37272384	harbor2	chr6	37096894	37097111	DNA/TcMar-Tigger	857	-	108	37097002	24618
chr6	37072384	37272384	harbor2	chr6	37097387	37097468	DNA/TcMar-Tigger	857	-	40	37097427	25043
chr6	169623654	169823654	harbor2	chr6	169642852	169643080	DNA/TcMar-Tigger	1195	-	114	169642966	19312
chr6	169623654	169823654	harbor2	chr6	169687667	169687903	DNA/TcMar-Tigger	1165	-	118	169687785	64131
chr6	169623654	169823654	harbor2	chr6	169717298	169717634	DNA/TcMar-Tigger	1895	-	168	169717466	93812
chr6	159071496	159271496	harbor2	chr6	159111448	159111861	DNA/TcMar-Tigger	2301	-	206	159111654	40158
chr6	159071496	159271496	harbor2	chr6	159112483	159112808	DNA/TcMar-Tigger	1582	-	162	159112645	41149
chr6	159071496	159271496	harbor2	chr6	159112817	159112916	DNA/TcMar-Tigger	574	-	50	159112867	41371
chr6	159071496	159271496	harbor2	chr6	159147863	159148509	DNA/TcMar-Tigger	3699	-	323	159148186	76690
chr6	73362326	73562326	harbor2	chr6	73390333	73390528	DNA/TcMar-Tigger	977	-	98	73390431	28105
chr6	158436899	158636899	harbor2	chr6	158474681	158474904	DNA/TcMar-Tigger	1255	-	112	158474793	37894
chr6	158436899	158636899	harbor2	chr6	158517678	158518007	DNA/TcMar-Tigger	1480	-	164	158517842	80943
chr6	63473882	63673882	harbor2	chr6	63518856	63519032	DNA/TcMar-Tigger	914	-	88	63518944	45062
chr6	63473882	63673882	harbor2	chr6	63519319	63519462	DNA/TcMar-Tigger	914	-	72	63519391	45509
chr6	63473882	63673882	harbor2	chr6	63565942	63566098	DNA/TcMar-Tigger	13698	-	78	63566020	92138
chr6	63473882	63673882	harbor2	chr6	63566560	63568698	DNA/TcMar-Tigger	13698	-	1069	63567629	93747
chr6	167933183	168133183	harbor2	chr6	167944570	167945723	DNA/TcMar-Tigger	5463	-	576	167945146	11963
chr6	167933183	168133183	harbor2	chr6	167986387	167986711	DNA/TcMar-Tigger	915	-	162	167986549	53366
chr6	167933183	168133183	harbor2	chr6	168001145	168001359	DNA/TcMar-Tigger	832	-	107	168001252	68069
chr6	146813024	147013024	harbor2	chr6	146836247	146836486	DNA/TcMar-Tigger	1098	-	120	146836367	23343
chr6	145745469	145945469	harbor2	chr6	145751407	145752347	DNA/TcMar-Tigger	5262	-	470	145751877	6408
chr6	32753450	32953450	harbor2	chr6	32753428	32753753	DNA/TcMar-Tigger	1326	-	162	32753590	140
chr6	32753450	32953450	harbor2	chr6	32773489	32773855	DNA/TcMar-Tigger	1596	-	183	32773672	20222
chr6	32753450	32953450	harbor2	chr6	32800031	32800356	DNA/TcMar-Tigger	1557	-	162	32800193	46743
chr6	32753450	32953450	harbor2	chr6	32836474	32836797	DNA/TcMar-Tigger	2160	-	162	32836636	83186
chr6	37072379	37272379	harbor2	chr6	37096894	37097111	DNA/TcMar-Tigger	857	-	108	37097002	24623
chr6	37072379	37272379	harbor2	chr6	37097387	37097468	DNA/TcMar-Tigger	857	-	40	37097427	25048
chr6	63536599	63736599	harbor2	chr6	63565942	63566098	DNA/TcMar-Tigger	13698	-	78	63566020	29421
chr6	63536599	63736599	harbor2	chr6	63566560	63568698	DNA/TcMar-Tigger	13698	-	1069	63567629	31030
chr6	63536599	63736599	harbor2	chr6	63589658	63589926	DNA/TcMar-Tigger	850	-	134	63589792	53193
chr6	63536599	63736599	harbor2	chr6	63590374	63590466	DNA/TcMar-Tigger	850	-	46	63590420	53821
chr6	159410489	159610489	harbor2	chr6	159429196	159429623	DNA/TcMar-Tigger	2755	-	214	159429410	18921
chr6	169864558	170064558	harbor2	chr6	169886477	169886709	DNA/TcMar-Tigger	492	-	116	169886593	22035
chr6	169864558	170064558	harbor2	chr6	169922950	169923523	DNA/TcMar-Tigger	743	-	286	169923236	58678
chr6	52185444	52385444	harbor2	chr6	52239839	52240154	DNA/TcMar-Tigger	503	-	158	52239997	54553
chr6	52185444	52385444	harbor2	chr6	52240459	52240727	DNA/TcMar-Tigger	503	-	134	52240593	55149
chr7	1802355	2002355	harbor2	chr7	1892398	1892652	DNA/TcMar-Tigger	985	-	127	1892525	90170
chr7	130568331	130768331	harbor2	chr7	130603788	130604199	DNA/TcMar-Tigger	2360	-	206	130603994	35663
chr7	151453621	151653621	harbor2	chr7	151484463	151484544	DNA/TcMar-Tigger	463	-	40	151484503	30882
chr7	151453621	151653621	harbor2	chr7	151504343	151504587	DNA/TcMar-Tigger	1144	-	122	151504465	50844
chr7	28540595	28740595	harbor2	chr7	28570964	28571063	DNA/TcMar-Tigger	513	-	50	28571014	30419
chr7	28540595	28740595	harbor2	chr7	28571061	28571315	DNA/TcMar-Tigger	1441	-	127	28571188	30593
chr7	1312998	1512998	harbor2	chr7	1362030	1362198	DNA/TcMar-Tigger	567	-	84	1362114	49116
chr7	39733301	39933301	harbor2	chr7	39825098	39825735	DNA/TcMar-Tigger	3451	-	318	39825416	92115
chr7	54986554	55186554	harbor2	chr7	55009455	55009791	DNA/TcMar-Tigger	1917	-	168	55009623	23069
chr7	1801790	2001790	harbor2	chr7	1892398	1892652	DNA/TcMar-Tigger	985	-	127	1892525	90735
chr7	80538527	80738527	harbor2	chr7	80616086	80616421	DNA/TcMar-Tigger	1495	-	168	80616254	77727
chr7	155711527	155911527	harbor2	chr7	155731320	155731783	DNA/TcMar-Tigger	2443	-	232	155731552	20025
chr7	155711527	155911527	harbor2	chr7	155734992	155735088	DNA/TcMar-Tigger	425	-	48	155735040	23513
chr7	155711527	155911527	harbor2	chr7	155745756	155746081	DNA/TcMar-Tigger	1772	-	162	155745918	34391
chr7	28082332	28282332	harbor2	chr7	28146431	28146681	DNA/TcMar-Tigger	533	-	125	28146556	64224
chr7	28082332	28282332	harbor2	chr7	28146770	28146854	DNA/TcMar-Tigger	1130	-	42	28146812	64480
chr7	28082332	28282332	harbor2	chr7	28147146	28147336	DNA/TcMar-Tigger	1130	-	95	28147241	64909
chr7	1312731	1512731	harbor2	chr7	1362030	1362198	DNA/TcMar-Tigger	567	-	84	1362114	49383
chr7	55951704	56151704	harbor2	chr7	56028160	56028226	DNA/TcMar-Tigger	561	-	33	56028193	76489
chr7	55951704	56151704	harbor2	chr7	56028526	56028816	DNA/TcMar-Tigger	561	-	145	56028671	76967
chr7	55951704	56151704	harbor2	chr7	56029115	56029186	DNA/TcMar-Tigger	561	-	36	56029151	77447
chr7	110297759	110497759	harbor2	chr7	110345045	110345525	DNA/TcMar-Tigger	2529	-	240	110345285	47526
chr7	110297759	110497759	harbor2	chr7	110357888	110358851	DNA/TcMar-Tigger	5703	-	482	110358370	60611
chr7	140915057	141115057	harbor2	chr7	140998899	140999188	DNA/TcMar-Tigger	1577	-	144	140999043	83986
chr7	28082337	28282337	harbor2	chr7	28146431	28146681	DNA/TcMar-Tigger	533	-	125	28146556	64219
chr7	28082337	28282337	harbor2	chr7	28146770	28146854	DNA/TcMar-Tigger	1130	-	42	28146812	64475
chr7	28082337	28282337	harbor2	chr7	28147146	28147336	DNA/TcMar-Tigger	1130	-	95	28147241	64904
chr7	62197525	62397525	harbor2	chr7	62288557	62288897	DNA/TcMar-Tigger	1521	-	170	62288727	91202
chr7	156586157	156786157	harbor2	chr7	156620546	156620931	DNA/TcMar-Tigger	840	-	192	156620738	34581
chr7	156586157	156786157	harbor2	chr7	156621815	156622010	DNA/TcMar-Tigger	1245	-	98	156621913	35756
chr7	156586157	156786157	harbor2	chr7	156622000	156622149	DNA/TcMar-Tigger	782	-	74	156622074	35917
chr7	156586157	156786157	harbor2	chr7	156642137	156642927	DNA/TcMar-Tigger	3949	-	395	156642532	56375
chr7	156586157	156786157	harbor2	chr7	156685345	156685594	DNA/TcMar-Tigger	758	-	124	156685469	99312
chr7	135108478	135308478	harbor2	chr7	135145746	135145981	DNA/TcMar-Tigger	1348	-	118	135145864	37386
chr7	135108478	135308478	harbor2	chr7	135145997	135146555	DNA/TcMar-Tigger	2720	-	279	135146276	37798
chr7	47250554	47450554	harbor2	chr7	47271054	47271257	DNA/TcMar-Tigger	867	-	102	47271156	20602
chr7	50265125	50465125	harbor2	chr7	50352294	50352519	DNA/TcMar-Tigger	579	-	112	50352406	87281
chr7	88072268	88272268	harbor2	chr7	88114776	88114866	DNA/TcMar-Tigger	522	-	45	88114821	42553
chr7	88072268	88272268	harbor2	chr7	88126597	88126843	DNA/TcMar-Tigger	1257	-	123	88126720	54452
chr7	88072268	88272268	harbor2	chr7	88149593	88150380	DNA/TcMar-Tigger	3771	-	394	88149987	77719
chr7	28180867	28380867	harbor2	chr7	28213024	28213167	DNA/TcMar-Tigger	1873	-	72	28213096	32229
chr7	28180867	28380867	harbor2	chr7	28213456	28213667	DNA/TcMar-Tigger	1873	-	106	28213562	32695
chr7	28180867	28380867	harbor2	chr7	28216733	28216936	DNA/TcMar-Tigger	493	-	102	28216835	35968
chr7	47228593	47428593	harbor2	chr7	47247061	47247234	DNA/TcMar-Tigger	935	-	86	47247147	18554
chr7	47228593	47428593	harbor2	chr7	47271054	47271257	DNA/TcMar-Tigger	867	-	102	47271156	42563
chr7	123650345	123850345	harbor2	chr7	123658938	123659114	DNA/TcMar-Tigger	916	-	88	123659026	8681
chr7	123650345	123850345	harbor2	chr7	123736534	123736641	DNA/TcMar-Tigger	594	-	54	123736588	86243
chr7	155252074	155452074	harbor2	chr7	155293392	155293714	DNA/TcMar-Tigger	1521	-	161	155293553	41479
chr7	155252074	155452074	harbor2	chr7	155310375	155310600	DNA/TcMar-Tigger	1199	-	112	155310487	58413
chr7	155252074	155452074	harbor2	chr7	155323768	155323901	DNA/TcMar-Tigger	819	-	66	155323834	71760
chr7	151127410	151327410	harbor2	chr7	151216338	151216531	DNA/TcMar-Tigger	4233	-	96	151216434	89024
chr7	151127410	151327410	harbor2	chr7	151216814	151217456	DNA/TcMar-Tigger	4233	-	321	151217135	89725
chr7	28082467	28282467	harbor2	chr7	28146431	28146681	DNA/TcMar-Tigger	533	-	125	28146556	64089
chr7	28082467	28282467	harbor2	chr7	28146770	28146854	DNA/TcMar-Tigger	1130	-	42	28146812	64345
chr7	28082467	28282467	harbor2	chr7	28147146	28147336	DNA/TcMar-Tigger	1130	-	95	28147241	64774
chr7	1801802	2001802	harbor2	chr7	1892398	1892652	DNA/TcMar-Tigger	985	-	127	1892525	90723
chr7	151127409	151327409	harbor2	chr7	151216338	151216531	DNA/TcMar-Tigger	4233	-	96	151216434	89025
chr7	151127409	151327409	harbor2	chr7	151216814	151217456	DNA/TcMar-Tigger	4233	-	321	151217135	89726
chr7	156338633	156538633	harbor2	chr7	156370789	156371133	DNA/TcMar-Tigger	1970	-	172	156370961	32328
chr7	28082211	28282211	harbor2	chr7	28146431	28146681	DNA/TcMar-Tigger	533	-	125	28146556	64345
chr7	28082211	28282211	harbor2	chr7	28146770	28146854	DNA/TcMar-Tigger	1130	-	42	28146812	64601
chr7	28082211	28282211	harbor2	chr7	28147146	28147336	DNA/TcMar-Tigger	1130	-	95	28147241	65030
chr7	28082118	28282118	harbor2	chr7	28146431	28146681	DNA/TcMar-Tigger	533	-	125	28146556	64438
chr7	28082118	28282118	harbor2	chr7	28146770	28146854	DNA/TcMar-Tigger	1130	-	42	28146812	64694
chr7	28082118	28282118	harbor2	chr7	28147146	28147336	DNA/TcMar-Tigger	1130	-	95	28147241	65123
chr7	113020567	113220567	harbor2	chr7	113032152	113032488	DNA/TcMar-Tigger	1865	-	168	113032320	11753
chr7	113020567	113220567	harbor2	chr7	113093462	113093637	DNA/TcMar-Tigger	479	-	88	113093550	72983
chr7	123649503	123849503	harbor2	chr7	123658938	123659114	DNA/TcMar-Tigger	916	-	88	123659026	9523
chr7	123649503	123849503	harbor2	chr7	123736534	123736641	DNA/TcMar-Tigger	594	-	54	123736588	87085
chr7	155744668	155944668	harbor2	chr7	155745756	155746081	DNA/TcMar-Tigger	1772	-	162	155745918	1250
chr7	155744668	155944668	harbor2	chr7	155843236	155843571	DNA/TcMar-Tigger	1025	-	168	155843404	98736
chr7	44696599	44896599	harbor2	chr7	44774265	44774400	DNA/TcMar-Tigger	967	-	68	44774333	77734
chr7	44696599	44896599	harbor2	chr7	44774690	44774715	DNA/TcMar-Tigger	967	-	12	44774702	78103
chr7	44696599	44896599	harbor2	chr7	44775028	44775207	DNA/TcMar-Tigger	967	-	90	44775118	78519
chr7	44696599	44896599	harbor2	chr7	44787680	44787766	DNA/TcMar-Tigger	486	-	43	44787723	91124
chr7	123649133	123849133	harbor2	chr7	123658938	123659114	DNA/TcMar-Tigger	916	-	88	123659026	9893
chr7	123649133	123849133	harbor2	chr7	123736534	123736641	DNA/TcMar-Tigger	594	-	54	123736588	87455
chr7	1834468	2034468	harbor2	chr7	1892398	1892652	DNA/TcMar-Tigger	985	-	127	1892525	58057
chr7	155249504	155449504	harbor2	chr7	155293392	155293714	DNA/TcMar-Tigger	1521	-	161	155293553	44049
chr7	155249504	155449504	harbor2	chr7	155310375	155310600	DNA/TcMar-Tigger	1199	-	112	155310487	60983
chr7	155249504	155449504	harbor2	chr7	155323768	155323901	DNA/TcMar-Tigger	819	-	66	155323834	74330
chr7	1801812	2001812	harbor2	chr7	1892398	1892652	DNA/TcMar-Tigger	985	-	127	1892525	90713
chr7	28082247	28282247	harbor2	chr7	28146431	28146681	DNA/TcMar-Tigger	533	-	125	28146556	64309
chr7	28082247	28282247	harbor2	chr7	28146770	28146854	DNA/TcMar-Tigger	1130	-	42	28146812	64565
chr7	28082247	28282247	harbor2	chr7	28147146	28147336	DNA/TcMar-Tigger	1130	-	95	28147241	64994
chr7	103039312	103239312	harbor2	chr7	103052044	103052262	DNA/TcMar-Tigger	771	-	109	103052153	12841
chr7	103039312	103239312	harbor2	chr7	103052388	103052453	DNA/TcMar-Tigger	771	-	32	103052420	13108
chr7	103039312	103239312	harbor2	chr7	103052627	103052751	DNA/TcMar-Tigger	627	-	62	103052689	13377
chr7	47228840	47428840	harbor2	chr7	47247061	47247234	DNA/TcMar-Tigger	935	-	86	47247147	18307
chr7	47228840	47428840	harbor2	chr7	47271054	47271257	DNA/TcMar-Tigger	867	-	102	47271156	42316
chr7	133433043	133633043	harbor2	chr7	133454713	133454816	DNA/TcMar-Tigger	1080	-	52	133454765	21722
chr7	133433043	133633043	harbor2	chr7	133455092	133455224	DNA/TcMar-Tigger	1080	-	66	133455158	22115
chr7	133433043	133633043	harbor2	chr7	133455227	133455380	DNA/TcMar-Tigger	835	-	76	133455303	22260
chr7	133433043	133633043	harbor2	chr7	133513390	133513695	DNA/TcMar-Tigger	426	-	152	133513542	80499
chr7	133433043	133633043	harbor2	chr7	133530277	133530605	DNA/TcMar-Tigger	1683	-	164	133530441	97398
chr7	133433043	133633043	harbor2	chr7	133531850	133532172	DNA/TcMar-Tigger	1624	-	161	133532011	98968
chr7	80035782	80235782	harbor2	chr7	80122280	80122609	DNA/TcMar-Tigger	1799	-	164	80122444	86662
chr7	117804099	118004099	harbor2	chr7	117837491	117837831	DNA/TcMar-Tigger	1988	-	170	117837661	33562
chr7	47237791	47437791	harbor2	chr7	47247061	47247234	DNA/TcMar-Tigger	935	-	86	47247147	9356
chr7	47237791	47437791	harbor2	chr7	47271054	47271257	DNA/TcMar-Tigger	867	-	102	47271156	33365
chr7	127247874	127447874	harbor2	chr7	127271066	127272252	DNA/TcMar-Tigger	5610	-	593	127271659	23785
chr7	35945695	36145695	harbor2	chr7	35958762	35959469	DNA/TcMar-Tigger	4203	-	354	35959116	13421
chr7	35945695	36145695	harbor2	chr7	35959468	35959563	DNA/TcMar-Tigger	489	-	48	35959516	13821
chr7	127545530	127745530	harbor2	chr7	127548140	127548403	DNA/TcMar-Tigger	487	-	132	127548272	2742
chr7	127545530	127745530	harbor2	chr7	127602827	127603040	DNA/TcMar-Tigger	15532	-	106	127602933	57403
chr7	127545530	127745530	harbor2	chr7	127603336	127603730	DNA/TcMar-Tigger	15532	-	197	127603533	58003
chr7	127545530	127745530	harbor2	chr7	127604042	127605599	DNA/TcMar-Tigger	15532	-	778	127604820	59290
chr7	127545530	127745530	harbor2	chr7	127605900	127606191	DNA/TcMar-Tigger	15532	-	146	127606046	60516
chr7	127545530	127745530	harbor2	chr7	127607453	127607933	DNA/TcMar-Tigger	2214	-	240	127607693	62163
chr7	128101706	128301706	harbor2	chr7	128128737	128128914	DNA/TcMar-Tigger	1207	-	88	128128825	27119
chr7	47228278	47428278	harbor2	chr7	47247061	47247234	DNA/TcMar-Tigger	935	-	86	47247147	18869
chr7	47228278	47428278	harbor2	chr7	47271054	47271257	DNA/TcMar-Tigger	867	-	102	47271156	42878
chr7	123652099	123852099	harbor2	chr7	123658938	123659114	DNA/TcMar-Tigger	916	-	88	123659026	6927
chr7	123652099	123852099	harbor2	chr7	123736534	123736641	DNA/TcMar-Tigger	594	-	54	123736588	84489
chr7	47268443	47468443	harbor2	chr7	47271054	47271257	DNA/TcMar-Tigger	867	-	102	47271156	2713
chr7	1818117	2018117	harbor2	chr7	1892398	1892652	DNA/TcMar-Tigger	985	-	127	1892525	74408
chr7	151659928	151859928	harbor2	chr7	151691067	151691392	DNA/TcMar-Tigger	1384	-	162	151691229	31301
chr7	123649299	123849299	harbor2	chr7	123658938	123659114	DNA/TcMar-Tigger	916	-	88	123659026	9727
chr7	123649299	123849299	harbor2	chr7	123736534	123736641	DNA/TcMar-Tigger	594	-	54	123736588	87289
chr7	102333445	102533445	harbor2	chr7	102398676	102398847	DNA/TcMar-Tigger	807	-	86	102398762	65317
chr7	28180872	28380872	harbor2	chr7	28213024	28213167	DNA/TcMar-Tigger	1873	-	72	28213096	32224
chr7	28180872	28380872	harbor2	chr7	28213456	28213667	DNA/TcMar-Tigger	1873	-	106	28213562	32690
chr7	28180872	28380872	harbor2	chr7	28216733	28216936	DNA/TcMar-Tigger	493	-	102	28216835	35963
chr7	103344727	103544727	harbor2	chr7	103352918	103353101	DNA/TcMar-Tigger	662	-	92	103353010	8283
chr7	103344727	103544727	harbor2	chr7	103366390	103366613	DNA/TcMar-Tigger	1009	-	112	103366502	21775
chr7	103344727	103544727	harbor2	chr7	103438058	103438175	DNA/TcMar-Tigger	418	-	58	103438116	93389
chr7	105208374	105408374	harbor2	chr7	105289369	105289508	DNA/TcMar-Tigger	743	-	70	105289439	81065
chr7	105208374	105408374	harbor2	chr7	105289626	105290270	DNA/TcMar-Tigger	3348	-	322	105289948	81574
chr7	155581114	155781114	harbor2	chr7	155671525	155671929	DNA/TcMar-Tigger	828	-	202	155671727	90613
chr7	6062335	6262335	harbor2	chr7	6150889	6151428	DNA/TcMar-Tigger	2963	-	270	6151159	88824
chr7	6062335	6262335	harbor2	chr7	6151743	6151970	DNA/TcMar-Tigger	936	-	114	6151857	89522
chr7	122786808	122986808	harbor2	chr7	122804601	122804864	DNA/TcMar-Tigger	436	-	132	122804733	17925
chr7	122786808	122986808	harbor2	chr7	122832497	122832740	DNA/TcMar-Tigger	482	-	122	122832619	45811
chr7	122786808	122986808	harbor2	chr7	122859621	122859912	DNA/TcMar-Tigger	1213	-	146	122859767	72959
chr7	122786808	122986808	harbor2	chr7	122871498	122871651	DNA/TcMar-Tigger	420	-	76	122871574	84766
chr7	52055428	52255428	harbor2	chr7	52089362	52089735	DNA/TcMar-Tigger	2126	-	186	52089548	34120
chr7	52055428	52255428	harbor2	chr7	52089737	52090278	DNA/TcMar-Tigger	2875	-	270	52090007	34579
chr7	52055428	52255428	harbor2	chr7	52113214	52113280	DNA/TcMar-Tigger	1943	-	33	52113247	57819
chr7	52055428	52255428	harbor2	chr7	52113738	52114017	DNA/TcMar-Tigger	1943	-	140	52113878	58450
chr7	1848490	2048490	harbor2	chr7	1892398	1892652	DNA/TcMar-Tigger	985	-	127	1892525	44035
chr7	47228307	47428307	harbor2	chr7	47247061	47247234	DNA/TcMar-Tigger	935	-	86	47247147	18840
chr7	47228307	47428307	harbor2	chr7	47271054	47271257	DNA/TcMar-Tigger	867	-	102	47271156	42849
chr7	1313057	1513057	harbor2	chr7	1362030	1362198	DNA/TcMar-Tigger	567	-	84	1362114	49057
chr7	75462	275462	harbor2	chr7	95307	96214	DNA/TcMar-Tigger	13459	-	454	95761	20299
chr7	75462	275462	harbor2	chr7	96513	97941	DNA/TcMar-Tigger	13459	-	714	97227	21765
chr7	75462	275462	harbor2	chr7	98243	98298	DNA/TcMar-Tigger	13459	-	28	98271	22809
chr7	75462	275462	harbor2	chr7	104835	105522	DNA/TcMar-Tigger	2782	-	344	105179	29717
chr7	75462	275462	harbor2	chr7	130521	130581	DNA/TcMar-Tigger	648	-	30	130551	55089
chr7	75462	275462	harbor2	chr7	130895	131015	DNA/TcMar-Tigger	648	-	60	130955	55493
chr7	108470639	108670639	harbor2	chr7	108561976	108562129	DNA/TcMar-Tigger	887	-	76	108562052	91413
chr7	120410021	120610021	harbor2	chr7	120492650	120493013	DNA/TcMar-Tigger	2055	-	182	120492832	82811
chr7	82696059	82896059	harbor2	chr7	82724417	82724730	DNA/TcMar-Tigger	1896	-	156	82724573	28514
chr7	124001724	124201724	harbor2	chr7	124043838	124044072	DNA/TcMar-Tigger	1410	-	117	124043955	42231
chr7	124001724	124201724	harbor2	chr7	124056588	124057319	DNA/TcMar-Tigger	4055	-	366	124056954	55230
chr7	124001724	124201724	harbor2	chr7	124087687	124088881	DNA/TcMar-Tigger	6587	-	597	124088284	86560
chr7	123649513	123849513	harbor2	chr7	123658938	123659114	DNA/TcMar-Tigger	916	-	88	123659026	9513
chr7	123649513	123849513	harbor2	chr7	123736534	123736641	DNA/TcMar-Tigger	594	-	54	123736588	87075
chr7	90145186	90345186	harbor2	chr7	90157825	90158745	DNA/TcMar-Tigger	5506	-	460	90158285	13099
chr7	90145186	90345186	harbor2	chr7	90158744	90158842	DNA/TcMar-Tigger	581	-	49	90158793	13607
chr7	90145186	90345186	harbor2	chr7	90231414	90231717	DNA/TcMar-Tigger	1800	-	152	90231566	86380
chr7	28081622	28281622	harbor2	chr7	28146431	28146681	DNA/TcMar-Tigger	533	-	125	28146556	64934
chr7	28081622	28281622	harbor2	chr7	28146770	28146854	DNA/TcMar-Tigger	1130	-	42	28146812	65190
chr7	28081622	28281622	harbor2	chr7	28147146	28147336	DNA/TcMar-Tigger	1130	-	95	28147241	65619
chr7	47228323	47428323	harbor2	chr7	47247061	47247234	DNA/TcMar-Tigger	935	-	86	47247147	18824
chr7	47228323	47428323	harbor2	chr7	47271054	47271257	DNA/TcMar-Tigger	867	-	102	47271156	42833
chr7	1801801	2001801	harbor2	chr7	1892398	1892652	DNA/TcMar-Tigger	985	-	127	1892525	90724
chr7	123649217	123849217	harbor2	chr7	123658938	123659114	DNA/TcMar-Tigger	916	-	88	123659026	9809
chr7	123649217	123849217	harbor2	chr7	123736534	123736641	DNA/TcMar-Tigger	594	-	54	123736588	87371
chr7	155197380	155397380	harbor2	chr7	155293392	155293714	DNA/TcMar-Tigger	1521	-	161	155293553	96173
chr7	17290481	17490481	harbor2	chr7	17318787	17319062	DNA/TcMar-Tigger	1727	-	138	17318925	28444
chr7	17290481	17490481	harbor2	chr7	17375531	17375981	DNA/TcMar-Tigger	1023	-	225	17375756	85275
chr7	32629540	32829540	harbor2	chr7	32644823	32645058	DNA/TcMar-Tigger	1385	-	118	32644941	15401
chr7	28134889	28334889	harbor2	chr7	28146431	28146681	DNA/TcMar-Tigger	533	-	125	28146556	11667
chr7	28134889	28334889	harbor2	chr7	28146770	28146854	DNA/TcMar-Tigger	1130	-	42	28146812	11923
chr7	28134889	28334889	harbor2	chr7	28147146	28147336	DNA/TcMar-Tigger	1130	-	95	28147241	12352
chr7	28134889	28334889	harbor2	chr7	28213024	28213167	DNA/TcMar-Tigger	1873	-	72	28213096	78207
chr7	28134889	28334889	harbor2	chr7	28213456	28213667	DNA/TcMar-Tigger	1873	-	106	28213562	78673
chr7	28134889	28334889	harbor2	chr7	28216733	28216936	DNA/TcMar-Tigger	493	-	102	28216835	81946
chr7	155712860	155912860	harbor2	chr7	155731320	155731783	DNA/TcMar-Tigger	2443	-	232	155731552	18692
chr7	155712860	155912860	harbor2	chr7	155734992	155735088	DNA/TcMar-Tigger	425	-	48	155735040	22180
chr7	155712860	155912860	harbor2	chr7	155745756	155746081	DNA/TcMar-Tigger	1772	-	162	155745918	33058
chr7	6060392	6260392	harbor2	chr7	6150889	6151428	DNA/TcMar-Tigger	2963	-	270	6151159	90767
chr7	6060392	6260392	harbor2	chr7	6151743	6151970	DNA/TcMar-Tigger	936	-	114	6151857	91465
chr7	30979520	31179520	harbor2	chr7	30990670	30991321	DNA/TcMar-Tigger	3124	-	326	30990996	11476
chr7	30979520	31179520	harbor2	chr7	31002171	31002420	DNA/TcMar-Tigger	653	-	124	31002295	22775
chr7	30582772	30782772	harbor2	chr7	30667526	30667720	DNA/TcMar-Tigger	695	-	97	30667623	84851
chr7	44014529	44214529	harbor2	chr7	44053562	44053676	DNA/TcMar-Tigger	705	-	57	44053619	39090
chr7	44014529	44214529	harbor2	chr7	44053976	44054074	DNA/TcMar-Tigger	705	-	49	44054025	39496
chr7	28110637	28310637	harbor2	chr7	28146431	28146681	DNA/TcMar-Tigger	533	-	125	28146556	35919
chr7	28110637	28310637	harbor2	chr7	28146770	28146854	DNA/TcMar-Tigger	1130	-	42	28146812	36175
chr7	28110637	28310637	harbor2	chr7	28147146	28147336	DNA/TcMar-Tigger	1130	-	95	28147241	36604
chr7	630308	830308	harbor2	chr7	677746	677988	DNA/TcMar-Tigger	1611	-	121	677867	47559
chr7	630308	830308	harbor2	chr7	678288	678397	DNA/TcMar-Tigger	1611	-	54	678342	48034
chr7	630308	830308	harbor2	chr7	708351	708484	DNA/TcMar-Tigger	768	-	66	708417	78109
chr7	44696579	44896579	harbor2	chr7	44774265	44774400	DNA/TcMar-Tigger	967	-	68	44774333	77754
chr7	44696579	44896579	harbor2	chr7	44774690	44774715	DNA/TcMar-Tigger	967	-	12	44774702	78123
chr7	44696579	44896579	harbor2	chr7	44775028	44775207	DNA/TcMar-Tigger	967	-	90	44775118	78539
chr7	44696579	44896579	harbor2	chr7	44787680	44787766	DNA/TcMar-Tigger	486	-	43	44787723	91144
chr7	122791479	122991479	harbor2	chr7	122804601	122804864	DNA/TcMar-Tigger	436	-	132	122804733	13254
chr7	122791479	122991479	harbor2	chr7	122832497	122832740	DNA/TcMar-Tigger	482	-	122	122832619	41140
chr7	122791479	122991479	harbor2	chr7	122859621	122859912	DNA/TcMar-Tigger	1213	-	146	122859767	68288
chr7	122791479	122991479	harbor2	chr7	122871498	122871651	DNA/TcMar-Tigger	420	-	76	122871574	80095
chr7	90112558	90312558	harbor2	chr7	90157825	90158745	DNA/TcMar-Tigger	5506	-	460	90158285	45727
chr7	90112558	90312558	harbor2	chr7	90158744	90158842	DNA/TcMar-Tigger	581	-	49	90158793	46235
chr7	1802460	2002460	harbor2	chr7	1892398	1892652	DNA/TcMar-Tigger	985	-	127	1892525	90065
chr7	123649203	123849203	harbor2	chr7	123658938	123659114	DNA/TcMar-Tigger	916	-	88	123659026	9823
chr7	123649203	123849203	harbor2	chr7	123736534	123736641	DNA/TcMar-Tigger	594	-	54	123736588	87385
chr7	1801793	2001793	harbor2	chr7	1892398	1892652	DNA/TcMar-Tigger	985	-	127	1892525	90732
chr7	130248133	130448133	harbor2	chr7	130318858	130319237	DNA/TcMar-Tigger	744	-	190	130319048	70915
chr7	1801817	2001817	harbor2	chr7	1892398	1892652	DNA/TcMar-Tigger	985	-	127	1892525	90708
chr7	47246812	47446812	harbor2	chr7	47247061	47247234	DNA/TcMar-Tigger	935	-	86	47247147	335
chr7	47246812	47446812	harbor2	chr7	47271054	47271257	DNA/TcMar-Tigger	867	-	102	47271156	24344
chr7	123649200	123849200	harbor2	chr7	123658938	123659114	DNA/TcMar-Tigger	916	-	88	123659026	9826
chr7	123649200	123849200	harbor2	chr7	123736534	123736641	DNA/TcMar-Tigger	594	-	54	123736588	87388
chr7	2685113	2885113	harbor2	chr7	2750397	2750706	DNA/TcMar-Tigger	1643	-	154	2750551	65438
chr7	126687671	126887671	harbor2	chr7	126709951	126710891	DNA/TcMar-Tigger	13536	-	470	126710421	22750
chr7	126687671	126887671	harbor2	chr7	126711195	126712553	DNA/TcMar-Tigger	13536	-	679	126711874	24203
chr7	126687671	126887671	harbor2	chr7	126714707	126715715	DNA/TcMar-Tigger	5811	-	504	126715211	27540
chr7	126687671	126887671	harbor2	chr7	126741954	126742202	DNA/TcMar-Tigger	788	-	124	126742078	54407
chr7	1802784	2002784	harbor2	chr7	1892398	1892652	DNA/TcMar-Tigger	985	-	127	1892525	89741
chr7	47361225	47561225	harbor2	chr7	47382616	47382879	DNA/TcMar-Tigger	1052	-	132	47382748	21523
chr7	1813377	2013377	harbor2	chr7	1892398	1892652	DNA/TcMar-Tigger	985	-	127	1892525	79148
chr8	142532499	142732499	harbor2	chr8	142557866	142559182	DNA/TcMar-Tigger	5722	-	658	142558524	26025
chr8	38171447	38371447	harbor2	chr8	38197186	38197691	DNA/TcMar-Tigger	6505	-	252	38197438	25991
chr8	38171447	38371447	harbor2	chr8	38198004	38198102	DNA/TcMar-Tigger	6505	-	49	38198053	26606
chr8	38171447	38371447	harbor2	chr8	38198401	38198476	DNA/TcMar-Tigger	6505	-	38	38198439	26992
chr8	38171447	38371447	harbor2	chr8	38198786	38199328	DNA/TcMar-Tigger	6505	-	271	38199057	27610
chr8	38170645	38370645	harbor2	chr8	38197186	38197691	DNA/TcMar-Tigger	6505	-	252	38197438	26793
chr8	38170645	38370645	harbor2	chr8	38198004	38198102	DNA/TcMar-Tigger	6505	-	49	38198053	27408
chr8	38170645	38370645	harbor2	chr8	38198401	38198476	DNA/TcMar-Tigger	6505	-	38	38198439	27794
chr8	38170645	38370645	harbor2	chr8	38198786	38199328	DNA/TcMar-Tigger	6505	-	271	38199057	28412
chr8	85146187	85346187	harbor2	chr8	85209460	85209732	DNA/TcMar-Tigger	1396	-	136	85209596	63409
chr8	100622149	100822149	harbor2	chr8	100700309	100700357	DNA/TcMar-Tigger	1503	-	24	100700333	78184
chr8	100622149	100822149	harbor2	chr8	100700667	100700701	DNA/TcMar-Tigger	1503	-	17	100700684	78535
chr8	100622149	100822149	harbor2	chr8	100700978	100701295	DNA/TcMar-Tigger	1503	-	158	100701136	78987
chr8	100622149	100822149	harbor2	chr8	100701289	100701441	DNA/TcMar-Tigger	722	-	76	100701365	79216
chr8	104366653	104566653	harbor2	chr8	104456957	104457498	DNA/TcMar-Tigger	2974	-	270	104457227	90574
chr8	38169609	38369609	harbor2	chr8	38197186	38197691	DNA/TcMar-Tigger	6505	-	252	38197438	27829
chr8	38169609	38369609	harbor2	chr8	38198004	38198102	DNA/TcMar-Tigger	6505	-	49	38198053	28444
chr8	38169609	38369609	harbor2	chr8	38198401	38198476	DNA/TcMar-Tigger	6505	-	38	38198439	28830
chr8	38169609	38369609	harbor2	chr8	38198786	38199328	DNA/TcMar-Tigger	6505	-	271	38199057	29448
chr8	38169193	38369193	harbor2	chr8	38197186	38197691	DNA/TcMar-Tigger	6505	-	252	38197438	28245
chr8	38169193	38369193	harbor2	chr8	38198004	38198102	DNA/TcMar-Tigger	6505	-	49	38198053	28860
chr8	38169193	38369193	harbor2	chr8	38198401	38198476	DNA/TcMar-Tigger	6505	-	38	38198439	29246
chr8	38169193	38369193	harbor2	chr8	38198786	38199328	DNA/TcMar-Tigger	6505	-	271	38199057	29864
chr8	42041484	42241484	harbor2	chr8	42085935	42086134	DNA/TcMar-Tigger	6469	-	100	42086035	44551
chr8	42041484	42241484	harbor2	chr8	42086420	42087220	DNA/TcMar-Tigger	6469	-	400	42086820	45336
chr8	38171509	38371509	harbor2	chr8	38197186	38197691	DNA/TcMar-Tigger	6505	-	252	38197438	25929
chr8	38171509	38371509	harbor2	chr8	38198004	38198102	DNA/TcMar-Tigger	6505	-	49	38198053	26544
chr8	38171509	38371509	harbor2	chr8	38198401	38198476	DNA/TcMar-Tigger	6505	-	38	38198439	26930
chr8	38171509	38371509	harbor2	chr8	38198786	38199328	DNA/TcMar-Tigger	6505	-	271	38199057	27548
chr8	129916351	130116351	harbor2	chr8	129969505	129969964	DNA/TcMar-Tigger	1584	-	230	129969735	53384
chr8	144678130	144878130	harbor2	chr8	144702459	144702885	DNA/TcMar-Tigger	2489	-	213	144702672	24542
chr8	144678130	144878130	harbor2	chr8	144727290	144727817	DNA/TcMar-Tigger	6155	-	264	144727554	49424
chr8	144678130	144878130	harbor2	chr8	144727975	144728381	DNA/TcMar-Tigger	6155	-	203	144728178	50048
chr8	144678130	144878130	harbor2	chr8	144728680	144728808	DNA/TcMar-Tigger	6155	-	64	144728744	50614
chr8	144678130	144878130	harbor2	chr8	144729109	144729165	DNA/TcMar-Tigger	6155	-	28	144729137	51007
chr8	144678130	144878130	harbor2	chr8	144742771	144742975	DNA/TcMar-Tigger	981	-	102	144742873	64743
chr8	96337693	96537693	harbor2	chr8	96364554	96364864	DNA/TcMar-Tigger	1045	-	155	96364709	27016
chr8	96337693	96537693	harbor2	chr8	96378923	96379497	DNA/TcMar-Tigger	7239	-	287	96379210	41517
chr8	96337693	96537693	harbor2	chr8	96379797	96380444	DNA/TcMar-Tigger	7239	-	324	96380121	42428
chr8	96337693	96537693	harbor2	chr8	96408981	96409126	DNA/TcMar-Tigger	472	-	72	96409053	71360
chr8	96337693	96537693	harbor2	chr8	96409438	96409580	DNA/TcMar-Tigger	472	-	71	96409509	71816
chr8	38191547	38391547	harbor2	chr8	38197186	38197691	DNA/TcMar-Tigger	6505	-	252	38197438	5891
chr8	38191547	38391547	harbor2	chr8	38198004	38198102	DNA/TcMar-Tigger	6505	-	49	38198053	6506
chr8	38191547	38391547	harbor2	chr8	38198401	38198476	DNA/TcMar-Tigger	6505	-	38	38198439	6892
chr8	38191547	38391547	harbor2	chr8	38198786	38199328	DNA/TcMar-Tigger	6505	-	271	38199057	7510
chr8	57813008	58013008	harbor2	chr8	57829734	57830069	DNA/TcMar-Tigger	1929	-	168	57829902	16894
chr8	57813008	58013008	harbor2	chr8	57849747	57849896	DNA/TcMar-Tigger	733	-	74	57849821	36813
chr8	57813008	58013008	harbor2	chr8	57889766	57891103	DNA/TcMar-Tigger	5879	-	668	57890434	77426
chr8	142525412	142725412	harbor2	chr8	142557866	142559182	DNA/TcMar-Tigger	5722	-	658	142558524	33112
chr8	38169189	38369189	harbor2	chr8	38197186	38197691	DNA/TcMar-Tigger	6505	-	252	38197438	28249
chr8	38169189	38369189	harbor2	chr8	38198004	38198102	DNA/TcMar-Tigger	6505	-	49	38198053	28864
chr8	38169189	38369189	harbor2	chr8	38198401	38198476	DNA/TcMar-Tigger	6505	-	38	38198439	29250
chr8	38169189	38369189	harbor2	chr8	38198786	38199328	DNA/TcMar-Tigger	6505	-	271	38199057	29868
chr8	38178632	38378632	harbor2	chr8	38197186	38197691	DNA/TcMar-Tigger	6505	-	252	38197438	18806
chr8	38178632	38378632	harbor2	chr8	38198004	38198102	DNA/TcMar-Tigger	6505	-	49	38198053	19421
chr8	38178632	38378632	harbor2	chr8	38198401	38198476	DNA/TcMar-Tigger	6505	-	38	38198439	19807
chr8	38178632	38378632	harbor2	chr8	38198786	38199328	DNA/TcMar-Tigger	6505	-	271	38199057	20425
chr8	23123866	23323866	harbor2	chr8	23154376	23154628	DNA/TcMar-Tigger	727	-	126	23154502	30636
chr8	142524861	142724861	harbor2	chr8	142557866	142559182	DNA/TcMar-Tigger	5722	-	658	142558524	33663
chr8	38171668	38371668	harbor2	chr8	38197186	38197691	DNA/TcMar-Tigger	6505	-	252	38197438	25770
chr8	38171668	38371668	harbor2	chr8	38198004	38198102	DNA/TcMar-Tigger	6505	-	49	38198053	26385
chr8	38171668	38371668	harbor2	chr8	38198401	38198476	DNA/TcMar-Tigger	6505	-	38	38198439	26771
chr8	38171668	38371668	harbor2	chr8	38198786	38199328	DNA/TcMar-Tigger	6505	-	271	38199057	27389
chr8	42040637	42240637	harbor2	chr8	42085935	42086134	DNA/TcMar-Tigger	6469	-	100	42086035	45398
chr8	42040637	42240637	harbor2	chr8	42086420	42087220	DNA/TcMar-Tigger	6469	-	400	42086820	46183
chr8	66086821	66286821	harbor2	chr8	66105657	66107166	DNA/TcMar-Tigger	8982	-	754	66106411	19590
chr8	60554292	60754292	harbor2	chr8	60581022	60581127	DNA/TcMar-Tigger	544	-	52	60581074	26782
chr8	60554292	60754292	harbor2	chr8	60581117	60581140	DNA/TcMar-Tigger	1533	-	12	60581129	26837
chr8	60554292	60754292	harbor2	chr8	60581335	60581587	DNA/TcMar-Tigger	1533	-	126	60581461	27169
chr8	60554292	60754292	harbor2	chr8	60593150	60593276	DNA/TcMar-Tigger	779	-	63	60593213	38921
chr8	38169171	38369171	harbor2	chr8	38197186	38197691	DNA/TcMar-Tigger	6505	-	252	38197438	28267
chr8	38169171	38369171	harbor2	chr8	38198004	38198102	DNA/TcMar-Tigger	6505	-	49	38198053	28882
chr8	38169171	38369171	harbor2	chr8	38198401	38198476	DNA/TcMar-Tigger	6505	-	38	38198439	29268
chr8	38169171	38369171	harbor2	chr8	38198786	38199328	DNA/TcMar-Tigger	6505	-	271	38199057	29886
chr8	142524868	142724868	harbor2	chr8	142557866	142559182	DNA/TcMar-Tigger	5722	-	658	142558524	33656
chr8	10626848	10826848	harbor2	chr8	10684665	10685183	DNA/TcMar-Tigger	2771	-	259	10684924	58076
chr8	10626848	10826848	harbor2	chr8	10689544	10689922	DNA/TcMar-Tigger	2058	-	189	10689733	62885
chr8	124796970	124996970	harbor2	chr8	124845694	124846062	DNA/TcMar-Tigger	1892	-	184	124845878	48908
chr8	124796970	124996970	harbor2	chr8	124846300	124846325	DNA/TcMar-Tigger	1892	-	12	124846312	49342
chr8	124796970	124996970	harbor2	chr8	124846630	124846908	DNA/TcMar-Tigger	1847	-	139	124846769	49799
chr8	124796970	124996970	harbor2	chr8	124854766	124855124	DNA/TcMar-Tigger	2305	-	179	124854945	57975
chr8	124796970	124996970	harbor2	chr8	124871404	124871613	DNA/TcMar-Tigger	1210	-	104	124871508	74538
chr8	124796970	124996970	harbor2	chr8	124871908	124871961	DNA/TcMar-Tigger	1210	-	26	124871934	74964
chr8	42040654	42240654	harbor2	chr8	42085935	42086134	DNA/TcMar-Tigger	6469	-	100	42086035	45381
chr8	42040654	42240654	harbor2	chr8	42086420	42087220	DNA/TcMar-Tigger	6469	-	400	42086820	46166
chr8	99034843	99234843	harbor2	chr8	99104013	99104349	DNA/TcMar-Tigger	1912	-	168	99104181	69338
chr8	99034843	99234843	harbor2	chr8	99131463	99131906	DNA/TcMar-Tigger	13324	-	222	99131685	96842
chr8	99034843	99234843	harbor2	chr8	99132196	99134051	DNA/TcMar-Tigger	13324	-	928	99133124	98281
chr8	129914983	130114983	harbor2	chr8	129969505	129969964	DNA/TcMar-Tigger	1584	-	230	129969735	54752
chr8	142531182	142731182	harbor2	chr8	142557866	142559182	DNA/TcMar-Tigger	5722	-	658	142558524	27342
chr8	142525400	142725400	harbor2	chr8	142557866	142559182	DNA/TcMar-Tigger	5722	-	658	142558524	33124
chr8	143958765	144158765	harbor2	chr8	143967548	143967639	DNA/TcMar-Tigger	550	-	46	143967594	8829
chr8	142524867	142724867	harbor2	chr8	142557866	142559182	DNA/TcMar-Tigger	5722	-	658	142558524	33657
chr8	61402299	61602299	harbor2	chr8	61428678	61428902	DNA/TcMar-Tigger	1111	-	112	61428790	26491
chr8	61402299	61602299	harbor2	chr8	61462172	61462369	DNA/TcMar-Tigger	1295	-	98	61462270	59971
chr8	61402299	61602299	harbor2	chr8	61462515	61463784	DNA/TcMar-Tigger	8906	-	634	61463149	60850
chr8	61402299	61602299	harbor2	chr8	61464107	61464284	DNA/TcMar-Tigger	8906	-	88	61464195	61896
chr8	53884537	54084537	harbor2	chr8	53950332	53950559	DNA/TcMar-Tigger	1365	-	114	53950446	65909
chr8	124982576	125182576	harbor2	chr8	125007579	125007786	DNA/TcMar-Tigger	1030	-	104	125007683	25107
chr8	124982576	125182576	harbor2	chr8	125038148	125038449	DNA/TcMar-Tigger	735	-	150	125038298	55722
chr8	124982576	125182576	harbor2	chr8	125052796	125053055	DNA/TcMar-Tigger	1769	-	130	125052926	70350
chr8	124982576	125182576	harbor2	chr8	125079545	125079800	DNA/TcMar-Tigger	857	-	128	125079673	97097
chr8	85146249	85346249	harbor2	chr8	85209460	85209732	DNA/TcMar-Tigger	1396	-	136	85209596	63347
chr8	85145757	85345757	harbor2	chr8	85209460	85209732	DNA/TcMar-Tigger	1396	-	136	85209596	63839
chr8	142524847	142724847	harbor2	chr8	142557866	142559182	DNA/TcMar-Tigger	5722	-	658	142558524	33677
chr8	54199923	54399923	harbor2	chr8	54277598	54278246	DNA/TcMar-Tigger	3332	-	324	54277922	77999
chr8	54199923	54399923	harbor2	chr8	54278907	54279134	DNA/TcMar-Tigger	1013	-	114	54279021	79098
chr8	78098264	78298264	harbor2	chr8	78110438	78110617	DNA/TcMar-Tigger	820	-	90	78110528	12264
chr8	38169198	38369198	harbor2	chr8	38197186	38197691	DNA/TcMar-Tigger	6505	-	252	38197438	28240
chr8	38169198	38369198	harbor2	chr8	38198004	38198102	DNA/TcMar-Tigger	6505	-	49	38198053	28855
chr8	38169198	38369198	harbor2	chr8	38198401	38198476	DNA/TcMar-Tigger	6505	-	38	38198439	29241
chr8	38169198	38369198	harbor2	chr8	38198786	38199328	DNA/TcMar-Tigger	6505	-	271	38199057	29859
chr8	18018662	18218662	harbor2	chr8	18032760	18032942	DNA/TcMar-Tigger	771	-	91	18032851	14189
chr8	129916407	130116407	harbor2	chr8	129969505	129969964	DNA/TcMar-Tigger	1584	-	230	129969735	53328
chr8	38172311	38372311	harbor2	chr8	38197186	38197691	DNA/TcMar-Tigger	6505	-	252	38197438	25127
chr8	38172311	38372311	harbor2	chr8	38198004	38198102	DNA/TcMar-Tigger	6505	-	49	38198053	25742
chr8	38172311	38372311	harbor2	chr8	38198401	38198476	DNA/TcMar-Tigger	6505	-	38	38198439	26128
chr8	38172311	38372311	harbor2	chr8	38198786	38199328	DNA/TcMar-Tigger	6505	-	271	38199057	26746
chr8	38169192	38369192	harbor2	chr8	38197186	38197691	DNA/TcMar-Tigger	6505	-	252	38197438	28246
chr8	38169192	38369192	harbor2	chr8	38198004	38198102	DNA/TcMar-Tigger	6505	-	49	38198053	28861
chr8	38169192	38369192	harbor2	chr8	38198401	38198476	DNA/TcMar-Tigger	6505	-	38	38198439	29247
chr8	38169192	38369192	harbor2	chr8	38198786	38199328	DNA/TcMar-Tigger	6505	-	271	38199057	29865
chr8	100622158	100822158	harbor2	chr8	100700309	100700357	DNA/TcMar-Tigger	1503	-	24	100700333	78175
chr8	100622158	100822158	harbor2	chr8	100700667	100700701	DNA/TcMar-Tigger	1503	-	17	100700684	78526
chr8	100622158	100822158	harbor2	chr8	100700978	100701295	DNA/TcMar-Tigger	1503	-	158	100701136	78978
chr8	100622158	100822158	harbor2	chr8	100701289	100701441	DNA/TcMar-Tigger	722	-	76	100701365	79207
chr8	30449501	30649501	harbor2	chr8	30457955	30458282	DNA/TcMar-Tigger	1779	-	164	30458119	8618
chr8	117836203	118036203	harbor2	chr8	117901115	117901685	DNA/TcMar-Tigger	6878	-	285	117901400	65197
chr8	117836203	118036203	harbor2	chr8	117901998	117902566	DNA/TcMar-Tigger	6878	-	284	117902282	66079
chr8	142635847	142835847	harbor2	chr8	142664513	142666072	DNA/TcMar-Tigger	3610	-	780	142665293	29446
chr8	142635847	142835847	harbor2	chr8	142670842	142671164	DNA/TcMar-Tigger	1841	-	161	142671003	35156
chr8	35278627	35478627	harbor2	chr8	35292520	35292706	DNA/TcMar-Tigger	14910	-	93	35292613	13986
chr8	35278627	35478627	harbor2	chr8	35292987	35295490	DNA/TcMar-Tigger	14910	-	1252	35294239	15612
chr8	35278627	35478627	harbor2	chr8	35356326	35357069	DNA/TcMar-Tigger	3321	-	372	35356698	78071
chr8	142525343	142725343	harbor2	chr8	142557866	142559182	DNA/TcMar-Tigger	5722	-	658	142558524	33181
chr8	38169188	38369188	harbor2	chr8	38197186	38197691	DNA/TcMar-Tigger	6505	-	252	38197438	28250
chr8	38169188	38369188	harbor2	chr8	38198004	38198102	DNA/TcMar-Tigger	6505	-	49	38198053	28865
chr8	38169188	38369188	harbor2	chr8	38198401	38198476	DNA/TcMar-Tigger	6505	-	38	38198439	29251
chr8	38169188	38369188	harbor2	chr8	38198786	38199328	DNA/TcMar-Tigger	6505	-	271	38199057	29869
chr8	142528666	142728666	harbor2	chr8	142557866	142559182	DNA/TcMar-Tigger	5722	-	658	142558524	29858
chr8	91971379	92171379	harbor2	chr8	92007495	92007719	DNA/TcMar-Tigger	1528	-	112	92007607	36228
chr8	91971379	92171379	harbor2	chr8	92007996	92008099	DNA/TcMar-Tigger	1528	-	52	92008048	36669
chr8	42041611	42241611	harbor2	chr8	42085935	42086134	DNA/TcMar-Tigger	6469	-	100	42086035	44424
chr8	42041611	42241611	harbor2	chr8	42086420	42087220	DNA/TcMar-Tigger	6469	-	400	42086820	45209
chr8	41512963	41712963	harbor2	chr8	41520776	41520838	DNA/TcMar-Tigger	2233	-	31	41520807	7844
chr8	41512963	41712963	harbor2	chr8	41521375	41521620	DNA/TcMar-Tigger	2233	-	122	41521497	8534
chr8	41512963	41712963	harbor2	chr8	41521756	41521876	DNA/TcMar-Tigger	2233	-	60	41521816	8853
chr8	100622167	100822167	harbor2	chr8	100700309	100700357	DNA/TcMar-Tigger	1503	-	24	100700333	78166
chr8	100622167	100822167	harbor2	chr8	100700667	100700701	DNA/TcMar-Tigger	1503	-	17	100700684	78517
chr8	100622167	100822167	harbor2	chr8	100700978	100701295	DNA/TcMar-Tigger	1503	-	158	100701136	78969
chr8	100622167	100822167	harbor2	chr8	100701289	100701441	DNA/TcMar-Tigger	722	-	76	100701365	79198
chr8	94973524	95173524	harbor2	chr8	94986181	94986827	DNA/TcMar-Tigger	1915	-	323	94986504	12980
chr8	66406890	66606890	harbor2	chr8	66498500	66498597	DNA/TcMar-Tigger	610	-	48	66498548	91658
chr8	66406890	66606890	harbor2	chr8	66498630	66498858	DNA/TcMar-Tigger	1182	-	114	66498744	91854
chr8	143825669	144025669	harbor2	chr8	143894434	143894572	DNA/TcMar-Tigger	818	-	69	143894503	68834
chr8	144691904	144891904	harbor2	chr8	144702459	144702885	DNA/TcMar-Tigger	2489	-	213	144702672	10768
chr8	144691904	144891904	harbor2	chr8	144727290	144727817	DNA/TcMar-Tigger	6155	-	264	144727554	35650
chr8	144691904	144891904	harbor2	chr8	144727975	144728381	DNA/TcMar-Tigger	6155	-	203	144728178	36274
chr8	144691904	144891904	harbor2	chr8	144728680	144728808	DNA/TcMar-Tigger	6155	-	64	144728744	36840
chr8	144691904	144891904	harbor2	chr8	144729109	144729165	DNA/TcMar-Tigger	6155	-	28	144729137	37233
chr8	144691904	144891904	harbor2	chr8	144742771	144742975	DNA/TcMar-Tigger	981	-	102	144742873	50969
chr9	4692868	4892868	harbor2	chr9	4725912	4728263	DNA/TcMar-Tigger	16290	-	1176	4727088	34220
chr9	4692825	4892825	harbor2	chr9	4725912	4728263	DNA/TcMar-Tigger	16290	-	1176	4727088	34263
chr9	4692782	4892782	harbor2	chr9	4725912	4728263	DNA/TcMar-Tigger	16290	-	1176	4727088	34306
chr9	4698243	4898243	harbor2	chr9	4725912	4728263	DNA/TcMar-Tigger	16290	-	1176	4727088	28845
chr9	16305865	16505865	harbor2	chr9	16313664	16313990	DNA/TcMar-Tigger	931	-	163	16313827	7962
chr9	4692809	4892809	harbor2	chr9	4725912	4728263	DNA/TcMar-Tigger	16290	-	1176	4727088	34279
chr9	4692811	4892811	harbor2	chr9	4725912	4728263	DNA/TcMar-Tigger	16290	-	1176	4727088	34277
chr9	100253009	100453009	harbor2	chr9	100310998	100311115	DNA/TcMar-Tigger	732	-	58	100311056	58047
chr9	100253009	100453009	harbor2	chr9	100311407	100311488	DNA/TcMar-Tigger	732	-	40	100311447	58438
chr9	34146713	34346713	harbor2	chr9	34219533	34219659	DNA/TcMar-Tigger	613	-	63	34219596	72883
chr9	4692881	4892881	harbor2	chr9	4725912	4728263	DNA/TcMar-Tigger	16290	-	1176	4727088	34207
chr9	4692776	4892776	harbor2	chr9	4725912	4728263	DNA/TcMar-Tigger	16290	-	1176	4727088	34312
chr9	5892798	6092798	harbor2	chr9	5950702	5951034	DNA/TcMar-Tigger	1849	-	166	5950868	58070
chr9	4692771	4892771	harbor2	chr9	4725912	4728263	DNA/TcMar-Tigger	16290	-	1176	4727088	34317
chr9	4693367	4893367	harbor2	chr9	4725912	4728263	DNA/TcMar-Tigger	16290	-	1176	4727088	33721
chr9	91845860	92045860	harbor2	chr9	91911218	91911519	DNA/TcMar-Tigger	1412	-	150	91911368	65508
chr9	91845860	92045860	harbor2	chr9	91944030	91944350	DNA/TcMar-Tigger	1688	-	160	91944190	98330
chr9	95415629	95615629	harbor2	chr9	95440148	95440544	DNA/TcMar-Tigger	1826	-	198	95440346	24717
chr9	95415629	95615629	harbor2	chr9	95440572	95440692	DNA/TcMar-Tigger	619	-	60	95440632	25003
chr9	95415629	95615629	harbor2	chr9	95482251	95482579	DNA/TcMar-Tigger	916	-	164	95482415	66786
chr9	35836326	36036326	harbor2	chr9	35897533	35897710	DNA/TcMar-Tigger	2279	-	88	35897621	61295
chr9	35836326	36036326	harbor2	chr9	35898012	35898224	DNA/TcMar-Tigger	2279	-	106	35898118	61792
chr9	35836326	36036326	harbor2	chr9	35898202	35899677	DNA/TcMar-Tigger	10325	-	738	35898940	62614
chr9	35836326	36036326	harbor2	chr9	35899984	35900056	DNA/TcMar-Tigger	10325	-	36	35900020	63694
chr9	37233585	37433585	harbor2	chr9	37254695	37254882	DNA/TcMar-Tigger	768	-	94	37254789	21204
chr9	37233585	37433585	harbor2	chr9	37255014	37255615	DNA/TcMar-Tigger	2439	-	300	37255314	21729
chr9	4692837	4892837	harbor2	chr9	4725912	4728263	DNA/TcMar-Tigger	16290	-	1176	4727088	34251
chr9	83717793	83917793	harbor2	chr9	83746275	83746421	DNA/TcMar-Tigger	1459	-	73	83746348	28555
chr9	83717793	83917793	harbor2	chr9	83746716	83746916	DNA/TcMar-Tigger	1459	-	100	83746816	29023
chr9	83717793	83917793	harbor2	chr9	83810785	83811091	DNA/TcMar-Tigger	1545	-	153	83810938	93145
chr9	4698150	4898150	harbor2	chr9	4725912	4728263	DNA/TcMar-Tigger	16290	-	1176	4727088	28938
chr9	4692907	4892907	harbor2	chr9	4725912	4728263	DNA/TcMar-Tigger	16290	-	1176	4727088	34181
chr9	4692711	4892711	harbor2	chr9	4725912	4728263	DNA/TcMar-Tigger	16290	-	1176	4727088	34377
chr9	1	129256	harbor2	chr9	84334	84684	DNA/TcMar-Tigger	2174	-	175	84509	84508
chr9	4692877	4892877	harbor2	chr9	4725912	4728263	DNA/TcMar-Tigger	16290	-	1176	4727088	34211
chr9	4693388	4893388	harbor2	chr9	4725912	4728263	DNA/TcMar-Tigger	16290	-	1176	4727088	33700
chr9	4692814	4892814	harbor2	chr9	4725912	4728263	DNA/TcMar-Tigger	16290	-	1176	4727088	34274
chr9	4692878	4892878	harbor2	chr9	4725912	4728263	DNA/TcMar-Tigger	16290	-	1176	4727088	34210
chr9	4692777	4892777	harbor2	chr9	4725912	4728263	DNA/TcMar-Tigger	16290	-	1176	4727088	34311
chr9	4990107	5190107	harbor2	chr9	5027203	5029598	DNA/TcMar-Tigger	14934	-	1198	5028401	38294
chr9	4990107	5190107	harbor2	chr9	5038540	5038785	DNA/TcMar-Tigger	1209	-	122	5038662	48555
chr9	4990107	5190107	harbor2	chr9	5049678	5050026	DNA/TcMar-Tigger	2094	-	174	5049852	59745
chr9	4990107	5190107	harbor2	chr9	5050936	5051152	DNA/TcMar-Tigger	1231	-	108	5051044	60937
chr9	4990107	5190107	harbor2	chr9	5059966	5062077	DNA/TcMar-Tigger	13832	-	1056	5061022	70915
chr9	4990107	5190107	harbor2	chr9	5062317	5062585	DNA/TcMar-Tigger	1057	-	134	5062451	72344
chr9	4990107	5190107	harbor2	chr9	5070410	5070552	DNA/TcMar-Tigger	714	-	71	5070481	80374
chr9	4990107	5190107	harbor2	chr9	5070704	5070780	DNA/TcMar-Tigger	503	-	38	5070742	80635
chr9	4692867	4892867	harbor2	chr9	4725912	4728263	DNA/TcMar-Tigger	16290	-	1176	4727088	34221
chr9	4692785	4892785	harbor2	chr9	4725912	4728263	DNA/TcMar-Tigger	16290	-	1176	4727088	34303
chr9	132707943	132907943	harbor2	chr9	132735857	132736160	DNA/TcMar-Tigger	1853	-	152	132736009	28066
chr9	6956424	7156424	harbor2	chr9	7018050	7018361	DNA/TcMar-Tigger	1688	-	156	7018206	61782
chr9	6956424	7156424	harbor2	chr9	7039487	7039900	DNA/TcMar-Tigger	2209	-	206	7039693	83269
chr9	89263404	89463404	harbor2	chr9	89307889	89308111	DNA/TcMar-Tigger	1187	-	111	89308000	44596
chr9	89263404	89463404	harbor2	chr9	89326641	89326888	DNA/TcMar-Tigger	6742	-	124	89326765	63361
chr9	89263404	89463404	harbor2	chr9	89327188	89327805	DNA/TcMar-Tigger	6742	-	308	89327496	64092
chr9	89263404	89463404	harbor2	chr9	89328101	89328405	DNA/TcMar-Tigger	6742	-	152	89328253	64849
chr9	5032863	5232863	harbor2	chr9	5038540	5038785	DNA/TcMar-Tigger	1209	-	122	5038662	5799
chr9	5032863	5232863	harbor2	chr9	5049678	5050026	DNA/TcMar-Tigger	2094	-	174	5049852	16989
chr9	5032863	5232863	harbor2	chr9	5050936	5051152	DNA/TcMar-Tigger	1231	-	108	5051044	18181
chr9	5032863	5232863	harbor2	chr9	5059966	5062077	DNA/TcMar-Tigger	13832	-	1056	5061022	28159
chr9	5032863	5232863	harbor2	chr9	5062317	5062585	DNA/TcMar-Tigger	1057	-	134	5062451	29588
chr9	5032863	5232863	harbor2	chr9	5070410	5070552	DNA/TcMar-Tigger	714	-	71	5070481	37618
chr9	5032863	5232863	harbor2	chr9	5070704	5070780	DNA/TcMar-Tigger	503	-	38	5070742	37879
chr9	97885753	98085753	harbor2	chr9	97894996	97895335	DNA/TcMar-Tigger	2002	-	170	97895166	9413
chr9	97885753	98085753	harbor2	chr9	97909260	97909460	DNA/TcMar-Tigger	609	-	100	97909360	23607
chr9	97885753	98085753	harbor2	chr9	97934622	97934783	DNA/TcMar-Tigger	510	-	80	97934702	48949
chr9	97885753	98085753	harbor2	chr9	97935126	97935236	DNA/TcMar-Tigger	649	-	55	97935181	49428
chr9	133637396	133837396	harbor2	chr9	133647244	133647721	DNA/TcMar-Tigger	917	-	238	133647482	10086
chr9	133637396	133837396	harbor2	chr9	133724666	133724893	DNA/TcMar-Tigger	1351	-	114	133724780	87384
chr9	4698109	4898109	harbor2	chr9	4725912	4728263	DNA/TcMar-Tigger	16290	-	1176	4727088	28979
chr9	83717736	83917736	harbor2	chr9	83746275	83746421	DNA/TcMar-Tigger	1459	-	73	83746348	28612
chr9	83717736	83917736	harbor2	chr9	83746716	83746916	DNA/TcMar-Tigger	1459	-	100	83746816	29080
chr9	83717736	83917736	harbor2	chr9	83810785	83811091	DNA/TcMar-Tigger	1545	-	153	83810938	93202
chr9	4698056	4898056	harbor2	chr9	4725912	4728263	DNA/TcMar-Tigger	16290	-	1176	4727088	29032
chr9	137735453	137935453	harbor2	chr9	137741618	137741854	DNA/TcMar-Tigger	945	-	118	137741736	6283
chr9	137735453	137935453	harbor2	chr9	137767412	137767531	DNA/TcMar-Tigger	1248	-	60	137767472	32019
chr9	137735453	137935453	harbor2	chr9	137767834	137767937	DNA/TcMar-Tigger	1248	-	52	137767886	32433
chr9	137735453	137935453	harbor2	chr9	137795050	137795401	DNA/TcMar-Tigger	2932	-	176	137795226	59773
chr9	137735453	137935453	harbor2	chr9	137795464	137795707	DNA/TcMar-Tigger	2932	-	122	137795586	60133
chr9	136008663	136208663	harbor2	chr9	136067427	136067555	DNA/TcMar-Tigger	2344	-	64	136067491	58828
chr9	136008663	136208663	harbor2	chr9	136067851	136068215	DNA/TcMar-Tigger	2344	-	182	136068033	59370
chr9	136008663	136208663	harbor2	chr9	136068519	136068639	DNA/TcMar-Tigger	2344	-	60	136068579	59916
chr9	94066300	94266300	harbor2	chr9	94069241	94069456	DNA/TcMar-Tigger	950	-	108	94069349	3049
chr9	4693327	4893327	harbor2	chr9	4725912	4728263	DNA/TcMar-Tigger	16290	-	1176	4727088	33761
chr9	4991439	5191439	harbor2	chr9	5027203	5029598	DNA/TcMar-Tigger	14934	-	1198	5028401	36962
chr9	4991439	5191439	harbor2	chr9	5038540	5038785	DNA/TcMar-Tigger	1209	-	122	5038662	47223
chr9	4991439	5191439	harbor2	chr9	5049678	5050026	DNA/TcMar-Tigger	2094	-	174	5049852	58413
chr9	4991439	5191439	harbor2	chr9	5050936	5051152	DNA/TcMar-Tigger	1231	-	108	5051044	59605
chr9	4991439	5191439	harbor2	chr9	5059966	5062077	DNA/TcMar-Tigger	13832	-	1056	5061022	69583
chr9	4991439	5191439	harbor2	chr9	5062317	5062585	DNA/TcMar-Tigger	1057	-	134	5062451	71012
chr9	4991439	5191439	harbor2	chr9	5070410	5070552	DNA/TcMar-Tigger	714	-	71	5070481	79042
chr9	4991439	5191439	harbor2	chr9	5070704	5070780	DNA/TcMar-Tigger	503	-	38	5070742	79303
chr9	112387609	112587609	harbor2	chr9	112408472	112408809	DNA/TcMar-Tigger	1805	-	168	112408640	21031
chr9	125647137	125847137	harbor2	chr9	125699022	125699210	DNA/TcMar-Tigger	1996	-	94	125699116	51979
chr9	125647137	125847137	harbor2	chr9	125699503	125699624	DNA/TcMar-Tigger	1996	-	60	125699563	52426
chr9	125647137	125847137	harbor2	chr9	125699915	125699951	DNA/TcMar-Tigger	1996	-	18	125699933	52796
chr9	125647137	125847137	harbor2	chr9	125708411	125708737	DNA/TcMar-Tigger	1834	-	163	125708574	61437
chr9	128319396	128519396	harbor2	chr9	128319509	128319640	DNA/TcMar-Tigger	1715	-	66	128319575	179
chr9	128319396	128519396	harbor2	chr9	128320764	128320796	DNA/TcMar-Tigger	1715	-	16	128320780	1384
chr9	128319396	128519396	harbor2	chr9	128321086	128321263	DNA/TcMar-Tigger	1715	-	88	128321174	1778
chr9	6658753	6858753	harbor2	chr9	6670162	6670469	DNA/TcMar-Tigger	810	-	154	6670316	11563
chr9	6658753	6858753	harbor2	chr9	6713577	6713832	DNA/TcMar-Tigger	1245	-	128	6713705	54952
chr9	89263414	89463414	harbor2	chr9	89307889	89308111	DNA/TcMar-Tigger	1187	-	111	89308000	44586
chr9	89263414	89463414	harbor2	chr9	89326641	89326888	DNA/TcMar-Tigger	6742	-	124	89326765	63351
chr9	89263414	89463414	harbor2	chr9	89327188	89327805	DNA/TcMar-Tigger	6742	-	308	89327496	64082
chr9	89263414	89463414	harbor2	chr9	89328101	89328405	DNA/TcMar-Tigger	6742	-	152	89328253	64839
chr9	4692732	4892732	harbor2	chr9	4725912	4728263	DNA/TcMar-Tigger	16290	-	1176	4727088	34356
chr9	4692766	4892766	harbor2	chr9	4725912	4728263	DNA/TcMar-Tigger	16290	-	1176	4727088	34322
chr9	4889537	5089537	harbor2	chr9	4986645	4986950	DNA/TcMar-Tigger	1292	-	152	4986797	97260
chr9	4692826	4892826	harbor2	chr9	4725912	4728263	DNA/TcMar-Tigger	16290	-	1176	4727088	34262
chr9	6313278	6513278	harbor2	chr9	6401438	6401630	DNA/TcMar-Tigger	870	-	96	6401534	88256
chr9	19131608	19331608	harbor2	chr9	19220229	19220568	DNA/TcMar-Tigger	2477	-	170	19220399	88791
chr9	19131608	19331608	harbor2	chr9	19220870	19221011	DNA/TcMar-Tigger	2477	-	70	19220940	89332
chr9	115443159	115643159	harbor2	chr9	115451791	115451873	DNA/TcMar-Tigger	12562	-	41	115451832	8673
chr9	115443159	115643159	harbor2	chr9	115452181	115452562	DNA/TcMar-Tigger	12562	-	190	115452371	9212
chr9	115443159	115643159	harbor2	chr9	115452866	115453817	DNA/TcMar-Tigger	12562	-	476	115453342	10183
chr9	115443159	115643159	harbor2	chr9	115454170	115455127	DNA/TcMar-Tigger	12562	-	478	115454648	11489
chr9	115443159	115643159	harbor2	chr9	115529327	115530025	DNA/TcMar-Tigger	2762	-	349	115529676	86517
chr9	79474112	79674112	harbor2	chr9	79485181	79485541	DNA/TcMar-Tigger	682	-	180	79485361	11249
chr9	4692728	4892728	harbor2	chr9	4725912	4728263	DNA/TcMar-Tigger	16290	-	1176	4727088	34360
chr9	137675239	137875239	harbor2	chr9	137678552	137678697	DNA/TcMar-Tigger	727	-	72	137678624	3385
chr9	137675239	137875239	harbor2	chr9	137678771	137678941	DNA/TcMar-Tigger	997	-	85	137678856	3617
chr9	137675239	137875239	harbor2	chr9	137679249	137679355	DNA/TcMar-Tigger	997	-	53	137679302	4063
chr9	137675239	137875239	harbor2	chr9	137741618	137741854	DNA/TcMar-Tigger	945	-	118	137741736	66497
chr9	137675239	137875239	harbor2	chr9	137767412	137767531	DNA/TcMar-Tigger	1248	-	60	137767472	92233
chr9	137675239	137875239	harbor2	chr9	137767834	137767937	DNA/TcMar-Tigger	1248	-	52	137767886	92647
chr9	84422130	84622130	harbor2	chr9	84438808	84439140	DNA/TcMar-Tigger	2038	-	166	84438974	16844
chr9	84422130	84622130	harbor2	chr9	84471679	84471984	DNA/TcMar-Tigger	850	-	152	84471831	49701
chr9	4692827	4892827	harbor2	chr9	4725912	4728263	DNA/TcMar-Tigger	16290	-	1176	4727088	34261
chr9	97885525	98085525	harbor2	chr9	97885316	97885565	DNA/TcMar-Tigger	2891	-	124	97885440	85
chr9	97885525	98085525	harbor2	chr9	97894996	97895335	DNA/TcMar-Tigger	2002	-	170	97895166	9641
chr9	97885525	98085525	harbor2	chr9	97909260	97909460	DNA/TcMar-Tigger	609	-	100	97909360	23835
chr9	97885525	98085525	harbor2	chr9	97934622	97934783	DNA/TcMar-Tigger	510	-	80	97934702	49177
chr9	97885525	98085525	harbor2	chr9	97935126	97935236	DNA/TcMar-Tigger	649	-	55	97935181	49656
chr9	4692863	4892863	harbor2	chr9	4725912	4728263	DNA/TcMar-Tigger	16290	-	1176	4727088	34225
chr9	93086535	93286535	harbor2	chr9	93103276	93103585	DNA/TcMar-Tigger	953	-	154	93103430	16895
chr9	4890034	5090034	harbor2	chr9	4986645	4986950	DNA/TcMar-Tigger	1292	-	152	4986797	96763
chr9	4693547	4893547	harbor2	chr9	4725912	4728263	DNA/TcMar-Tigger	16290	-	1176	4727088	33541
chr9	109520305	109720305	harbor2	chr9	109542534	109542711	DNA/TcMar-Tigger	2434	-	88	109542622	22317
chr9	109520305	109720305	harbor2	chr9	109543129	109543371	DNA/TcMar-Tigger	2434	-	121	109543250	22945
chr9	109520305	109720305	harbor2	chr9	109546332	109546569	DNA/TcMar-Tigger	3052	-	118	109546450	26145
chr9	109520305	109720305	harbor2	chr9	109546881	109547255	DNA/TcMar-Tigger	3052	-	187	109547068	26763
chr9	112387187	112587187	harbor2	chr9	112408472	112408809	DNA/TcMar-Tigger	1805	-	168	112408640	21453
chr9	4693361	4893361	harbor2	chr9	4725912	4728263	DNA/TcMar-Tigger	16290	-	1176	4727088	33727
chr9	4692842	4892842	harbor2	chr9	4725912	4728263	DNA/TcMar-Tigger	16290	-	1176	4727088	34246
chr9	112389364	112589364	harbor2	chr9	112408472	112408809	DNA/TcMar-Tigger	1805	-	168	112408640	19276
chr9	34156759	34356759	harbor2	chr9	34219533	34219659	DNA/TcMar-Tigger	613	-	63	34219596	62837
chr9	6658524	6858524	harbor2	chr9	6670162	6670469	DNA/TcMar-Tigger	810	-	154	6670316	11792
chr9	6658524	6858524	harbor2	chr9	6713577	6713832	DNA/TcMar-Tigger	1245	-	128	6713705	55181
chr9	135951490	136151490	harbor2	chr9	135952696	135952899	DNA/TcMar-Tigger	988	-	102	135952798	1308
chr9	4692856	4892856	harbor2	chr9	4725912	4728263	DNA/TcMar-Tigger	16290	-	1176	4727088	34232
chr9	4692823	4892823	harbor2	chr9	4725912	4728263	DNA/TcMar-Tigger	16290	-	1176	4727088	34265
chr9	65482190	65682190	harbor2	chr9	65537075	65537211	DNA/TcMar-Tigger	3762	-	68	65537143	54953
chr9	65482190	65682190	harbor2	chr9	65537491	65537997	DNA/TcMar-Tigger	3762	-	253	65537744	55554
chr9	65482190	65682190	harbor2	chr9	65538975	65539655	DNA/TcMar-Tigger	4271	-	340	65539315	57125
chr9	113809675	114009675	harbor2	chr9	113864913	113865249	DNA/TcMar-Tigger	1978	-	168	113865081	55406
chr9	113809675	114009675	harbor2	chr9	113892159	113892470	DNA/TcMar-Tigger	1613	-	156	113892315	82640
chr9	97885737	98085737	harbor2	chr9	97894996	97895335	DNA/TcMar-Tigger	2002	-	170	97895166	9429
chr9	97885737	98085737	harbor2	chr9	97909260	97909460	DNA/TcMar-Tigger	609	-	100	97909360	23623
chr9	97885737	98085737	harbor2	chr9	97934622	97934783	DNA/TcMar-Tigger	510	-	80	97934702	48965
chr9	97885737	98085737	harbor2	chr9	97935126	97935236	DNA/TcMar-Tigger	649	-	55	97935181	49444
chr9	4693426	4893426	harbor2	chr9	4725912	4728263	DNA/TcMar-Tigger	16290	-	1176	4727088	33662
chr9	4692886	4892886	harbor2	chr9	4725912	4728263	DNA/TcMar-Tigger	16290	-	1176	4727088	34202
chr9	83804284	84004284	harbor2	chr9	83810785	83811091	DNA/TcMar-Tigger	1545	-	153	83810938	6654
chr9	83804284	84004284	harbor2	chr9	83855556	83855764	DNA/TcMar-Tigger	1017	-	104	83855660	51376
chr9	4693750	4893750	harbor2	chr9	4725912	4728263	DNA/TcMar-Tigger	16290	-	1176	4727088	33338
chr9	4694585	4894585	harbor2	chr9	4725912	4728263	DNA/TcMar-Tigger	16290	-	1176	4727088	32503
chr10	102141575	102341575	harbor2	chr10	102178570	102178752	DNA/TcMar-Tigger	1046	-	91	102178661	37086
chr10	102141575	102341575	harbor2	chr10	102179525	102179683	DNA/TcMar-Tigger	1057	-	79	102179604	38029
chr10	102141575	102341575	harbor2	chr10	102180342	102180541	DNA/TcMar-Tigger	1096	-	100	102180442	38867
chr10	131311970	131511970	harbor2	chr10	131401362	131401692	DNA/TcMar-Tigger	1636	-	165	131401527	89557
chr10	581042	781042	harbor2	chr10	595621	595838	DNA/TcMar-Tigger	614	-	108	595729	14687
chr10	581042	781042	harbor2	chr10	651880	652102	DNA/TcMar-Tigger	953	-	111	651991	70949
chr10	127453941	127653941	harbor2	chr10	127478282	127478609	DNA/TcMar-Tigger	1401	-	164	127478446	24505
chr10	14854190	15054190	harbor2	chr10	14894326	14894355	DNA/TcMar-Tigger	501	-	14	14894340	40150
chr10	14854190	15054190	harbor2	chr10	14894667	14894860	DNA/TcMar-Tigger	501	-	96	14894763	40573
chr10	14854190	15054190	harbor2	chr10	14926174	14926374	DNA/TcMar-Tigger	3248	-	100	14926274	72084
chr10	14854190	15054190	harbor2	chr10	14926675	14926702	DNA/TcMar-Tigger	3248	-	14	14926689	72499
chr10	14854190	15054190	harbor2	chr10	14925408	14925828	DNA/TcMar-Tigger	3248	-	210	14925618	71428
chr10	122468309	122668309	harbor2	chr10	122487601	122487906	DNA/TcMar-Tigger	1662	-	152	122487753	19444
chr10	122468309	122668309	harbor2	chr10	122520266	122520596	DNA/TcMar-Tigger	1631	-	165	122520431	52122
chr10	92191166	92391166	harbor2	chr10	92219155	92219461	DNA/TcMar-Tigger	683	-	153	92219308	28142
chr10	92191166	92391166	harbor2	chr10	92248060	92248416	DNA/TcMar-Tigger	2053	-	178	92248238	57072
chr10	100913040	101113040	harbor2	chr10	100939887	100940220	DNA/TcMar-Tigger	1042	-	166	100940053	27013
chr10	100913040	101113040	harbor2	chr10	100941142	100941309	DNA/TcMar-Tigger	567	-	84	100941226	28186
chr10	123058794	123258794	harbor2	chr10	123109400	123109662	DNA/TcMar-Tigger	538	-	131	123109531	50737
chr10	97402344	97602344	harbor2	chr10	97488449	97488786	DNA/TcMar-Tigger	1897	-	168	97488617	86273
chr10	116171415	116371415	harbor2	chr10	116187537	116187746	DNA/TcMar-Tigger	495	-	104	116187641	16226
chr10	116171415	116371415	harbor2	chr10	116205039	116205171	DNA/TcMar-Tigger	599	-	66	116205105	33690
chr10	133033789	133233789	harbor2	chr10	133119270	133119743	DNA/TcMar-Tigger	2757	-	236	133119506	85717
chr10	133033789	133233789	harbor2	chr10	133120421	133121320	DNA/TcMar-Tigger	7010	-	450	133120871	87082
chr10	133033789	133233789	harbor2	chr10	133119738	133120121	DNA/TcMar-Tigger	7010	-	192	133119930	86141
chr10	102141599	102341599	harbor2	chr10	102178570	102178752	DNA/TcMar-Tigger	1046	-	91	102178661	37062
chr10	102141599	102341599	harbor2	chr10	102179525	102179683	DNA/TcMar-Tigger	1057	-	79	102179604	38005
chr10	102141599	102341599	harbor2	chr10	102180342	102180541	DNA/TcMar-Tigger	1096	-	100	102180442	38843
chr10	102145388	102345388	harbor2	chr10	102178570	102178752	DNA/TcMar-Tigger	1046	-	91	102178661	33273
chr10	102145388	102345388	harbor2	chr10	102179525	102179683	DNA/TcMar-Tigger	1057	-	79	102179604	34216
chr10	102145388	102345388	harbor2	chr10	102180342	102180541	DNA/TcMar-Tigger	1096	-	100	102180442	35054
chr10	102141601	102341601	harbor2	chr10	102178570	102178752	DNA/TcMar-Tigger	1046	-	91	102178661	37060
chr10	102141601	102341601	harbor2	chr10	102179525	102179683	DNA/TcMar-Tigger	1057	-	79	102179604	38003
chr10	102141601	102341601	harbor2	chr10	102180342	102180541	DNA/TcMar-Tigger	1096	-	100	102180442	38841
chr10	102210250	102410250	harbor2	chr10	102309176	102309357	DNA/TcMar-Tigger	618	-	90	102309266	99016
chr10	3073048	3273048	harbor2	chr10	3132814	3133074	DNA/TcMar-Tigger	1301	-	130	3132944	59896
chr10	3073048	3273048	harbor2	chr10	3139998	3140432	DNA/TcMar-Tigger	979	-	217	3140215	67167
chr10	3073048	3273048	harbor2	chr10	3151504	3151735	DNA/TcMar-Tigger	741	-	116	3151620	78572
chr10	3073048	3273048	harbor2	chr10	3152047	3152156	DNA/TcMar-Tigger	741	-	54	3152101	79053
chr10	62705914	62905914	harbor2	chr10	62751226	62751417	DNA/TcMar-Tigger	973	-	96	62751322	45408
chr10	133029357	133229357	harbor2	chr10	133119270	133119743	DNA/TcMar-Tigger	2757	-	236	133119506	90149
chr10	133029357	133229357	harbor2	chr10	133120421	133121320	DNA/TcMar-Tigger	7010	-	450	133120871	91514
chr10	133029357	133229357	harbor2	chr10	133119738	133120121	DNA/TcMar-Tigger	7010	-	192	133119930	90573
chr10	2968256	3168256	harbor2	chr10	2982412	2982727	DNA/TcMar-Tigger	598	-	158	2982570	14314
chr10	2968256	3168256	harbor2	chr10	2991139	2991538	DNA/TcMar-Tigger	2534	-	200	2991339	23083
chr10	2968256	3168256	harbor2	chr10	2991830	2992057	DNA/TcMar-Tigger	2534	-	114	2991944	23688
chr10	2968256	3168256	harbor2	chr10	3057261	3057699	DNA/TcMar-Tigger	1897	-	219	3057480	89224
chr10	96988807	97188807	harbor2	chr10	97013034	97013365	DNA/TcMar-Tigger	1024	-	166	97013200	24393
chr10	131310675	131510675	harbor2	chr10	131401362	131401692	DNA/TcMar-Tigger	1636	-	165	131401527	90852
chr10	100912453	101112453	harbor2	chr10	100939887	100940220	DNA/TcMar-Tigger	1042	-	166	100940053	27600
chr10	100912453	101112453	harbor2	chr10	100941142	100941309	DNA/TcMar-Tigger	567	-	84	100941226	28773
chr10	133058669	133258669	harbor2	chr10	133119270	133119743	DNA/TcMar-Tigger	2757	-	236	133119506	60837
chr10	133058669	133258669	harbor2	chr10	133120421	133121320	DNA/TcMar-Tigger	7010	-	450	133120871	62202
chr10	133058669	133258669	harbor2	chr10	133119738	133120121	DNA/TcMar-Tigger	7010	-	192	133119930	61261
chr10	95990339	96190339	harbor2	chr10	96029612	96029799	DNA/TcMar-Tigger	702	-	94	96029706	39367
chr10	95990339	96190339	harbor2	chr10	96030112	96030199	DNA/TcMar-Tigger	702	-	44	96030156	39817
chr10	96976278	97176278	harbor2	chr10	97013034	97013365	DNA/TcMar-Tigger	1024	-	166	97013200	36922
chr10	97418040	97618040	harbor2	chr10	97488449	97488786	DNA/TcMar-Tigger	1897	-	168	97488617	70577
chr10	97399405	97599405	harbor2	chr10	97488449	97488786	DNA/TcMar-Tigger	1897	-	168	97488617	89212
chr10	22742049	22942049	harbor2	chr10	22784000	22784287	DNA/TcMar-Tigger	1341	-	144	22784144	42095
chr10	22742049	22942049	harbor2	chr10	22819787	22819965	DNA/TcMar-Tigger	526	-	89	22819876	77827
chr10	97398820	97598820	harbor2	chr10	97488449	97488786	DNA/TcMar-Tigger	1897	-	168	97488617	89797
chr10	46182886	46382886	harbor2	chr10	46245407	46245543	DNA/TcMar-Tigger	539	-	68	46245475	62589
chr10	43505466	43705466	harbor2	chr10	43521088	43521721	DNA/TcMar-Tigger	2936	-	316	43521404	15938
chr10	86842653	87042653	harbor2	chr10	86941236	86941514	DNA/TcMar-Tigger	1620	-	139	86941375	98722
chr10	5312490	5512490	harbor2	chr10	5320001	5320342	DNA/TcMar-Tigger	2037	-	170	5320171	7681
chr10	5312490	5512490	harbor2	chr10	5350222	5350657	DNA/TcMar-Tigger	2391	-	218	5350440	37950
chr10	5312490	5512490	harbor2	chr10	5355726	5356349	DNA/TcMar-Tigger	3320	-	312	5356038	43548
chr10	131310707	131510707	harbor2	chr10	131401362	131401692	DNA/TcMar-Tigger	1636	-	165	131401527	90820
chr10	62713157	62913157	harbor2	chr10	62751226	62751417	DNA/TcMar-Tigger	973	-	96	62751322	38165
chr10	29348352	29548352	harbor2	chr10	29350564	29350807	DNA/TcMar-Tigger	1401	-	122	29350686	2334
chr10	35932	235932	harbor2	chr10	134051	134295	DNA/TcMar-Tigger	1220	-	122	134173	98241
chr10	102252331	102452331	harbor2	chr10	102309176	102309357	DNA/TcMar-Tigger	618	-	90	102309266	56935
chr10	102252331	102452331	harbor2	chr10	102332161	102332378	DNA/TcMar-Tigger	1287	-	108	102332269	79938
chr10	97399404	97599404	harbor2	chr10	97488449	97488786	DNA/TcMar-Tigger	1897	-	168	97488617	89213
chr10	110775618	110975618	harbor2	chr10	110778310	110778428	DNA/TcMar-Tigger	506	-	59	110778369	2751
chr10	110775618	110975618	harbor2	chr10	110855762	110856204	DNA/TcMar-Tigger	697	-	221	110855983	80365
chr10	51860313	52060313	harbor2	chr10	51886760	51886956	DNA/TcMar-Tigger	695	-	98	51886858	26545
chr10	46182816	46382816	harbor2	chr10	46245407	46245543	DNA/TcMar-Tigger	539	-	68	46245475	62659
chr10	48094820	48294820	harbor2	chr10	48096679	48097000	DNA/TcMar-Tigger	1457	-	160	48096839	2019
chr10	48094820	48294820	harbor2	chr10	48115127	48115413	DNA/TcMar-Tigger	1932	-	143	48115270	20450
chr10	48094820	48294820	harbor2	chr10	48161478	48161579	DNA/TcMar-Tigger	462	-	50	48161528	66708
chr10	69473042	69673042	harbor2	chr10	69490262	69490438	DNA/TcMar-Tigger	1284	-	88	69490350	17308
chr10	69473042	69673042	harbor2	chr10	69490750	69490927	DNA/TcMar-Tigger	1284	-	88	69490838	17796
chr10	69473042	69673042	harbor2	chr10	69537197	69537410	DNA/TcMar-Tigger	1093	-	106	69537303	64261
chr11	133733675	133933675	harbor2	chr11	133759618	133759916	DNA/TcMar-Tigger	1140	-	149	133759767	26092
chr11	122404333	122604333	harbor2	chr11	122408814	122409151	DNA/TcMar-Tigger	652	-	168	122408982	4649
chr11	5134523	5334523	harbor2	chr11	5187925	5188097	DNA/TcMar-Tigger	428	-	86	5188011	53488
chr11	5127958	5327958	harbor2	chr11	5187925	5188097	DNA/TcMar-Tigger	428	-	86	5188011	60053
chr11	5169679	5369679	harbor2	chr11	5187925	5188097	DNA/TcMar-Tigger	428	-	86	5188011	18332
chr11	5127422	5327422	harbor2	chr11	5187925	5188097	DNA/TcMar-Tigger	428	-	86	5188011	60589
chr11	5134276	5334276	harbor2	chr11	5187925	5188097	DNA/TcMar-Tigger	428	-	86	5188011	53735
chr11	68651701	68851701	harbor2	chr11	68679959	68680097	DNA/TcMar-Tigger	1727	-	69	68680028	28327
chr11	68651701	68851701	harbor2	chr11	68680413	68680641	DNA/TcMar-Tigger	1727	-	114	68680527	28826
chr11	64539025	64739025	harbor2	chr11	64565915	64566011	DNA/TcMar-Tigger	607	-	48	64565963	26938
chr11	64539025	64739025	harbor2	chr11	64566262	64566715	DNA/TcMar-Tigger	607	-	226	64566488	27463
chr11	5181733	5381733	harbor2	chr11	5187925	5188097	DNA/TcMar-Tigger	428	-	86	5188011	6278
chr11	108021538	108221538	harbor2	chr11	108055303	108055396	DNA/TcMar-Tigger	426	-	46	108055349	33811
chr11	108021538	108221538	harbor2	chr11	108090833	108091040	DNA/TcMar-Tigger	604	-	104	108090937	69399
chr11	108021538	108221538	harbor2	chr11	108091351	108091381	DNA/TcMar-Tigger	604	-	15	108091366	69828
chr11	108021538	108221538	harbor2	chr11	108093169	108093719	DNA/TcMar-Tigger	2359	-	275	108093444	71906
chr11	108021538	108221538	harbor2	chr11	108093980	108094207	DNA/TcMar-Tigger	2359	-	114	108094094	72556
chr11	2054925	2254925	harbor2	chr11	2066423	2066742	DNA/TcMar-Tigger	1064	-	160	2066583	11658
chr11	2054925	2254925	harbor2	chr11	2066830	2069172	DNA/TcMar-Tigger	14403	-	1171	2068001	13076
chr11	2054925	2254925	harbor2	chr11	2069591	2069934	DNA/TcMar-Tigger	1569	-	172	2069763	14838
chr11	5127208	5327208	harbor2	chr11	5187925	5188097	DNA/TcMar-Tigger	428	-	86	5188011	60803
chr11	5128910	5328910	harbor2	chr11	5187925	5188097	DNA/TcMar-Tigger	428	-	86	5188011	59101
chr11	57401529	57601529	harbor2	chr11	57442707	57443096	DNA/TcMar-Tigger	6019	-	194	57442901	41372
chr11	57401529	57601529	harbor2	chr11	57443391	57443687	DNA/TcMar-Tigger	6019	-	148	57443539	42010
chr11	57401529	57601529	harbor2	chr11	57443996	57444276	DNA/TcMar-Tigger	4319	-	140	57444136	42607
chr11	57401529	57601529	harbor2	chr11	57441991	57442392	DNA/TcMar-Tigger	6019	-	200	57442191	40662
chr11	108021539	108221539	harbor2	chr11	108055303	108055396	DNA/TcMar-Tigger	426	-	46	108055349	33810
chr11	108021539	108221539	harbor2	chr11	108090833	108091040	DNA/TcMar-Tigger	604	-	104	108090937	69398
chr11	108021539	108221539	harbor2	chr11	108091351	108091381	DNA/TcMar-Tigger	604	-	15	108091366	69827
chr11	108021539	108221539	harbor2	chr11	108093169	108093719	DNA/TcMar-Tigger	2359	-	275	108093444	71905
chr11	108021539	108221539	harbor2	chr11	108093980	108094207	DNA/TcMar-Tigger	2359	-	114	108094094	72555
chr11	119392012	119592012	harbor2	chr11	119460796	119461144	DNA/TcMar-Tigger	2143	-	174	119460970	68958
chr11	119392012	119592012	harbor2	chr11	119473975	119474272	DNA/TcMar-Tigger	1533	-	148	119474123	82111
chr11	119392012	119592012	harbor2	chr11	119471987	119472390	DNA/TcMar-Tigger	2248	-	202	119472189	80177
chr11	5133667	5333667	harbor2	chr11	5187925	5188097	DNA/TcMar-Tigger	428	-	86	5188011	54344
chr11	2059643	2259643	harbor2	chr11	2066423	2066742	DNA/TcMar-Tigger	1064	-	160	2066583	6940
chr11	2059643	2259643	harbor2	chr11	2066830	2069172	DNA/TcMar-Tigger	14403	-	1171	2068001	8358
chr11	2059643	2259643	harbor2	chr11	2069591	2069934	DNA/TcMar-Tigger	1569	-	172	2069763	10120
chr11	5127183	5327183	harbor2	chr11	5187925	5188097	DNA/TcMar-Tigger	428	-	86	5188011	60828
chr11	5135332	5335332	harbor2	chr11	5187925	5188097	DNA/TcMar-Tigger	428	-	86	5188011	52679
chr11	5134532	5334532	harbor2	chr11	5187925	5188097	DNA/TcMar-Tigger	428	-	86	5188011	53479
chr11	113775363	113975363	harbor2	chr11	113809390	113809641	DNA/TcMar-Tigger	1123	-	126	113809516	34153
chr11	46138377	46338377	harbor2	chr11	46188174	46188438	DNA/TcMar-Tigger	1450	-	132	46188306	49929
chr11	46138377	46338377	harbor2	chr11	46197113	46197291	DNA/TcMar-Tigger	538	-	89	46197202	58825
chr11	5127072	5327072	harbor2	chr11	5187925	5188097	DNA/TcMar-Tigger	428	-	86	5188011	60939
chr11	108021885	108221885	harbor2	chr11	108055303	108055396	DNA/TcMar-Tigger	426	-	46	108055349	33464
chr11	108021885	108221885	harbor2	chr11	108090833	108091040	DNA/TcMar-Tigger	604	-	104	108090937	69052
chr11	108021885	108221885	harbor2	chr11	108091351	108091381	DNA/TcMar-Tigger	604	-	15	108091366	69481
chr11	108021885	108221885	harbor2	chr11	108093169	108093719	DNA/TcMar-Tigger	2359	-	275	108093444	71559
chr11	108021885	108221885	harbor2	chr11	108093980	108094207	DNA/TcMar-Tigger	2359	-	114	108094094	72209
chr11	5127114	5327114	harbor2	chr11	5187925	5188097	DNA/TcMar-Tigger	428	-	86	5188011	60897
chr11	57401008	57601008	harbor2	chr11	57442707	57443096	DNA/TcMar-Tigger	6019	-	194	57442901	41893
chr11	57401008	57601008	harbor2	chr11	57443391	57443687	DNA/TcMar-Tigger	6019	-	148	57443539	42531
chr11	57401008	57601008	harbor2	chr11	57443996	57444276	DNA/TcMar-Tigger	4319	-	140	57444136	43128
chr11	57401008	57601008	harbor2	chr11	57441991	57442392	DNA/TcMar-Tigger	6019	-	200	57442191	41183
chr11	5129662	5329662	harbor2	chr11	5187925	5188097	DNA/TcMar-Tigger	428	-	86	5188011	58349
chr11	5134537	5334537	harbor2	chr11	5187925	5188097	DNA/TcMar-Tigger	428	-	86	5188011	53474
chr11	5127991	5327991	harbor2	chr11	5187925	5188097	DNA/TcMar-Tigger	428	-	86	5188011	60020
chr11	5140669	5340669	harbor2	chr11	5187925	5188097	DNA/TcMar-Tigger	428	-	86	5188011	47342
chr11	5127134	5327134	harbor2	chr11	5187925	5188097	DNA/TcMar-Tigger	428	-	86	5188011	60877
chr11	5140326	5340326	harbor2	chr11	5187925	5188097	DNA/TcMar-Tigger	428	-	86	5188011	47685
chr11	57414568	57614568	harbor2	chr11	57442707	57443096	DNA/TcMar-Tigger	6019	-	194	57442901	28333
chr11	57414568	57614568	harbor2	chr11	57443391	57443687	DNA/TcMar-Tigger	6019	-	148	57443539	28971
chr11	57414568	57614568	harbor2	chr11	57443996	57444276	DNA/TcMar-Tigger	4319	-	140	57444136	29568
chr11	57414568	57614568	harbor2	chr11	57441991	57442392	DNA/TcMar-Tigger	6019	-	200	57442191	27623
chr11	108021571	108221571	harbor2	chr11	108055303	108055396	DNA/TcMar-Tigger	426	-	46	108055349	33778
chr11	108021571	108221571	harbor2	chr11	108090833	108091040	DNA/TcMar-Tigger	604	-	104	108090937	69366
chr11	108021571	108221571	harbor2	chr11	108091351	108091381	DNA/TcMar-Tigger	604	-	15	108091366	69795
chr11	108021571	108221571	harbor2	chr11	108093169	108093719	DNA/TcMar-Tigger	2359	-	275	108093444	71873
chr11	108021571	108221571	harbor2	chr11	108093980	108094207	DNA/TcMar-Tigger	2359	-	114	108094094	72523
chr11	5127140	5327140	harbor2	chr11	5187925	5188097	DNA/TcMar-Tigger	428	-	86	5188011	60871
chr11	34108576	34308576	harbor2	chr11	34175249	34175589	DNA/TcMar-Tigger	2069	-	170	34175419	66843
chr11	108021540	108221540	harbor2	chr11	108055303	108055396	DNA/TcMar-Tigger	426	-	46	108055349	33809
chr11	108021540	108221540	harbor2	chr11	108090833	108091040	DNA/TcMar-Tigger	604	-	104	108090937	69397
chr11	108021540	108221540	harbor2	chr11	108091351	108091381	DNA/TcMar-Tigger	604	-	15	108091366	69826
chr11	108021540	108221540	harbor2	chr11	108093169	108093719	DNA/TcMar-Tigger	2359	-	275	108093444	71904
chr11	108021540	108221540	harbor2	chr11	108093980	108094207	DNA/TcMar-Tigger	2359	-	114	108094094	72554
chr11	5140241	5340241	harbor2	chr11	5187925	5188097	DNA/TcMar-Tigger	428	-	86	5188011	47770
chr11	5127590	5327590	harbor2	chr11	5187925	5188097	DNA/TcMar-Tigger	428	-	86	5188011	60421
chr11	5127122	5327122	harbor2	chr11	5187925	5188097	DNA/TcMar-Tigger	428	-	86	5188011	60889
chr11	5128021	5328021	harbor2	chr11	5187925	5188097	DNA/TcMar-Tigger	428	-	86	5188011	59990
chr11	5127137	5327137	harbor2	chr11	5187925	5188097	DNA/TcMar-Tigger	428	-	86	5188011	60874
chr11	43476525	43676525	harbor2	chr11	43525422	43525585	DNA/TcMar-Tigger	2004	-	82	43525504	48979
chr11	43476525	43676525	harbor2	chr11	43525978	43526124	DNA/TcMar-Tigger	2004	-	73	43526051	49526
chr11	43476525	43676525	harbor2	chr11	43526225	43527132	DNA/TcMar-Tigger	5703	-	454	43526679	50154
chr11	108021566	108221566	harbor2	chr11	108055303	108055396	DNA/TcMar-Tigger	426	-	46	108055349	33783
chr11	108021566	108221566	harbor2	chr11	108090833	108091040	DNA/TcMar-Tigger	604	-	104	108090937	69371
chr11	108021566	108221566	harbor2	chr11	108091351	108091381	DNA/TcMar-Tigger	604	-	15	108091366	69800
chr11	108021566	108221566	harbor2	chr11	108093169	108093719	DNA/TcMar-Tigger	2359	-	275	108093444	71878
chr11	108021566	108221566	harbor2	chr11	108093980	108094207	DNA/TcMar-Tigger	2359	-	114	108094094	72528
chr11	5127198	5327198	harbor2	chr11	5187925	5188097	DNA/TcMar-Tigger	428	-	86	5188011	60813
chr11	5127169	5327169	harbor2	chr11	5187925	5188097	DNA/TcMar-Tigger	428	-	86	5188011	60842
chr11	108021911	108221911	harbor2	chr11	108055303	108055396	DNA/TcMar-Tigger	426	-	46	108055349	33438
chr11	108021911	108221911	harbor2	chr11	108090833	108091040	DNA/TcMar-Tigger	604	-	104	108090937	69026
chr11	108021911	108221911	harbor2	chr11	108091351	108091381	DNA/TcMar-Tigger	604	-	15	108091366	69455
chr11	108021911	108221911	harbor2	chr11	108093169	108093719	DNA/TcMar-Tigger	2359	-	275	108093444	71533
chr11	108021911	108221911	harbor2	chr11	108093980	108094207	DNA/TcMar-Tigger	2359	-	114	108094094	72183
chr11	5130296	5330296	harbor2	chr11	5187925	5188097	DNA/TcMar-Tigger	428	-	86	5188011	57715
chr11	5127119	5327119	harbor2	chr11	5187925	5188097	DNA/TcMar-Tigger	428	-	86	5188011	60892
chr11	5374833	5574833	harbor2	chr11	5428212	5428415	DNA/TcMar-Tigger	1003	-	102	5428314	53481
chr11	5374833	5574833	harbor2	chr11	5428412	5428548	DNA/TcMar-Tigger	726	-	68	5428480	53647
chr11	5127221	5327221	harbor2	chr11	5187925	5188097	DNA/TcMar-Tigger	428	-	86	5188011	60790
chr11	2055346	2255346	harbor2	chr11	2066423	2066742	DNA/TcMar-Tigger	1064	-	160	2066583	11237
chr11	2055346	2255346	harbor2	chr11	2066830	2069172	DNA/TcMar-Tigger	14403	-	1171	2068001	12655
chr11	2055346	2255346	harbor2	chr11	2069591	2069934	DNA/TcMar-Tigger	1569	-	172	2069763	14417
chr11	57399755	57599755	harbor2	chr11	57442707	57443096	DNA/TcMar-Tigger	6019	-	194	57442901	43146
chr11	57399755	57599755	harbor2	chr11	57443391	57443687	DNA/TcMar-Tigger	6019	-	148	57443539	43784
chr11	57399755	57599755	harbor2	chr11	57443996	57444276	DNA/TcMar-Tigger	4319	-	140	57444136	44381
chr11	57399755	57599755	harbor2	chr11	57441991	57442392	DNA/TcMar-Tigger	6019	-	200	57442191	42436
chr11	5128073	5328073	harbor2	chr11	5187925	5188097	DNA/TcMar-Tigger	428	-	86	5188011	59938
chr11	70337550	70537550	harbor2	chr11	70351440	70351671	DNA/TcMar-Tigger	1369	-	116	70351556	14006
chr11	70337550	70537550	harbor2	chr11	70361224	70361518	DNA/TcMar-Tigger	1186	-	147	70361371	23821
chr11	10402307	10602307	harbor2	chr11	10403599	10403748	DNA/TcMar-Tigger	1900	-	74	10403673	1366
chr11	10402307	10602307	harbor2	chr11	10404967	10405152	DNA/TcMar-Tigger	1900	-	92	10405059	2752
chr11	5127064	5327064	harbor2	chr11	5187925	5188097	DNA/TcMar-Tigger	428	-	86	5188011	60947
chr11	34816682	35016682	harbor2	chr11	34873356	34874012	DNA/TcMar-Tigger	1987	-	328	34873684	57002
chr11	5127952	5327952	harbor2	chr11	5187925	5188097	DNA/TcMar-Tigger	428	-	86	5188011	60059
chr11	5134168	5334168	harbor2	chr11	5187925	5188097	DNA/TcMar-Tigger	428	-	86	5188011	53843
chr11	2054426	2254426	harbor2	chr11	2066423	2066742	DNA/TcMar-Tigger	1064	-	160	2066583	12157
chr11	2054426	2254426	harbor2	chr11	2066830	2069172	DNA/TcMar-Tigger	14403	-	1171	2068001	13575
chr11	2054426	2254426	harbor2	chr11	2069591	2069934	DNA/TcMar-Tigger	1569	-	172	2069763	15337
chr11	5127561	5327561	harbor2	chr11	5187925	5188097	DNA/TcMar-Tigger	428	-	86	5188011	60450
chr11	5132031	5332031	harbor2	chr11	5187925	5188097	DNA/TcMar-Tigger	428	-	86	5188011	55980
chr11	5126997	5326997	harbor2	chr11	5187925	5188097	DNA/TcMar-Tigger	428	-	86	5188011	61014
chr11	88444581	88644581	harbor2	chr11	88469441	88470479	DNA/TcMar-Tigger	5760	-	519	88469960	25379
chr11	88444581	88644581	harbor2	chr11	88472112	88472435	DNA/TcMar-Tigger	1282	-	162	88472274	27693
chr11	88444581	88644581	harbor2	chr11	88472848	88472934	DNA/TcMar-Tigger	534	-	43	88472891	28310
chr11	88444581	88644581	harbor2	chr11	88472934	88473122	DNA/TcMar-Tigger	812	-	94	88473028	28447
chr11	5140184	5340184	harbor2	chr11	5187925	5188097	DNA/TcMar-Tigger	428	-	86	5188011	47827
chr11	123512081	123712081	harbor2	chr11	123534020	123534435	DNA/TcMar-Tigger	2263	-	208	123534228	22147
chr11	123512081	123712081	harbor2	chr11	123588834	123589191	DNA/TcMar-Tigger	1510	-	178	123589012	76931
chr11	108021537	108221537	harbor2	chr11	108055303	108055396	DNA/TcMar-Tigger	426	-	46	108055349	33812
chr11	108021537	108221537	harbor2	chr11	108090833	108091040	DNA/TcMar-Tigger	604	-	104	108090937	69400
chr11	108021537	108221537	harbor2	chr11	108091351	108091381	DNA/TcMar-Tigger	604	-	15	108091366	69829
chr11	108021537	108221537	harbor2	chr11	108093169	108093719	DNA/TcMar-Tigger	2359	-	275	108093444	71907
chr11	108021537	108221537	harbor2	chr11	108093980	108094207	DNA/TcMar-Tigger	2359	-	114	108094094	72557
chr11	133742979	133942979	harbor2	chr11	133759618	133759916	DNA/TcMar-Tigger	1140	-	149	133759767	16788
chr11	5127155	5327155	harbor2	chr11	5187925	5188097	DNA/TcMar-Tigger	428	-	86	5188011	60856
chr11	5127211	5327211	harbor2	chr11	5187925	5188097	DNA/TcMar-Tigger	428	-	86	5188011	60800
chr11	5134551	5334551	harbor2	chr11	5187925	5188097	DNA/TcMar-Tigger	428	-	86	5188011	53460
chr11	5127112	5327112	harbor2	chr11	5187925	5188097	DNA/TcMar-Tigger	428	-	86	5188011	60899
chr11	5132933	5332933	harbor2	chr11	5187925	5188097	DNA/TcMar-Tigger	428	-	86	5188011	55078
chr11	5137985	5337985	harbor2	chr11	5187925	5188097	DNA/TcMar-Tigger	428	-	86	5188011	50026
chr11	5134538	5334538	harbor2	chr11	5187925	5188097	DNA/TcMar-Tigger	428	-	86	5188011	53473
chr11	5179921	5379921	harbor2	chr11	5187925	5188097	DNA/TcMar-Tigger	428	-	86	5188011	8090
chr11	5133805	5333805	harbor2	chr11	5187925	5188097	DNA/TcMar-Tigger	428	-	86	5188011	54206
chr11	108022093	108222093	harbor2	chr11	108055303	108055396	DNA/TcMar-Tigger	426	-	46	108055349	33256
chr11	108022093	108222093	harbor2	chr11	108090833	108091040	DNA/TcMar-Tigger	604	-	104	108090937	68844
chr11	108022093	108222093	harbor2	chr11	108091351	108091381	DNA/TcMar-Tigger	604	-	15	108091366	69273
chr11	108022093	108222093	harbor2	chr11	108093169	108093719	DNA/TcMar-Tigger	2359	-	275	108093444	71351
chr11	108022093	108222093	harbor2	chr11	108093980	108094207	DNA/TcMar-Tigger	2359	-	114	108094094	72001
chr11	5127124	5327124	harbor2	chr11	5187925	5188097	DNA/TcMar-Tigger	428	-	86	5188011	60887
chr11	5130452	5330452	harbor2	chr11	5187925	5188097	DNA/TcMar-Tigger	428	-	86	5188011	57559
chr11	5127171	5327171	harbor2	chr11	5187925	5188097	DNA/TcMar-Tigger	428	-	86	5188011	60840
chr11	69540237	69740237	harbor2	chr11	69559814	69559824	DNA/TcMar-Tigger	10752	-	5	69559819	19582
chr11	69540237	69740237	harbor2	chr11	69560129	69561616	DNA/TcMar-Tigger	10752	-	744	69560873	20636
chr11	69540237	69740237	harbor2	chr11	69561935	69562298	DNA/TcMar-Tigger	10752	-	182	69562117	21880
chr11	69540237	69740237	harbor2	chr11	69562293	69562472	DNA/TcMar-Tigger	1011	-	90	69562383	22146
chr11	69540237	69740237	harbor2	chr11	69583269	69583553	DNA/TcMar-Tigger	894	-	142	69583411	43174
chr11	5133958	5333958	harbor2	chr11	5187925	5188097	DNA/TcMar-Tigger	428	-	86	5188011	54053
chr11	5134924	5334924	harbor2	chr11	5187925	5188097	DNA/TcMar-Tigger	428	-	86	5188011	53087
chr11	6512688	6712688	harbor2	chr11	6540839	6541541	DNA/TcMar-Tigger	646	-	351	6541190	28502
chr11	6512688	6712688	harbor2	chr11	6573568	6573730	DNA/TcMar-Tigger	936	-	81	6573649	60961
chr11	6512688	6712688	harbor2	chr11	6573965	6576228	DNA/TcMar-Tigger	13937	-	1132	6575097	62409
chr11	6206570	6406570	harbor2	chr11	6266751	6267833	DNA/TcMar-Tigger	6557	-	541	6267292	60722
chr11	6206570	6406570	harbor2	chr11	6268143	6268222	DNA/TcMar-Tigger	6557	-	40	6268183	61613
chr11	46138378	46338378	harbor2	chr11	46188174	46188438	DNA/TcMar-Tigger	1450	-	132	46188306	49928
chr11	46138378	46338378	harbor2	chr11	46197113	46197291	DNA/TcMar-Tigger	538	-	89	46197202	58824
chr11	57399767	57599767	harbor2	chr11	57442707	57443096	DNA/TcMar-Tigger	6019	-	194	57442901	43134
chr11	57399767	57599767	harbor2	chr11	57443391	57443687	DNA/TcMar-Tigger	6019	-	148	57443539	43772
chr11	57399767	57599767	harbor2	chr11	57443996	57444276	DNA/TcMar-Tigger	4319	-	140	57444136	44369
chr11	57399767	57599767	harbor2	chr11	57441991	57442392	DNA/TcMar-Tigger	6019	-	200	57442191	42424
chr11	57384547	57584547	harbor2	chr11	57442707	57443096	DNA/TcMar-Tigger	6019	-	194	57442901	58354
chr11	57384547	57584547	harbor2	chr11	57443391	57443687	DNA/TcMar-Tigger	6019	-	148	57443539	58992
chr11	57384547	57584547	harbor2	chr11	57443996	57444276	DNA/TcMar-Tigger	4319	-	140	57444136	59589
chr11	57384547	57584547	harbor2	chr11	57441991	57442392	DNA/TcMar-Tigger	6019	-	200	57442191	57644
chr11	6519523	6719523	harbor2	chr11	6540839	6541541	DNA/TcMar-Tigger	646	-	351	6541190	21667
chr11	6519523	6719523	harbor2	chr11	6573568	6573730	DNA/TcMar-Tigger	936	-	81	6573649	54126
chr11	6519523	6719523	harbor2	chr11	6573965	6576228	DNA/TcMar-Tigger	13937	-	1132	6575097	55574
chr11	5134209	5334209	harbor2	chr11	5187925	5188097	DNA/TcMar-Tigger	428	-	86	5188011	53802
chr11	108022644	108222644	harbor2	chr11	108055303	108055396	DNA/TcMar-Tigger	426	-	46	108055349	32705
chr11	108022644	108222644	harbor2	chr11	108090833	108091040	DNA/TcMar-Tigger	604	-	104	108090937	68293
chr11	108022644	108222644	harbor2	chr11	108091351	108091381	DNA/TcMar-Tigger	604	-	15	108091366	68722
chr11	108022644	108222644	harbor2	chr11	108093169	108093719	DNA/TcMar-Tigger	2359	-	275	108093444	70800
chr11	108022644	108222644	harbor2	chr11	108093980	108094207	DNA/TcMar-Tigger	2359	-	114	108094094	71450
chr11	68349400	68549400	harbor2	chr11	68416875	68417449	DNA/TcMar-Tigger	1759	-	287	68417162	67762
chr11	879475	1079475	harbor2	chr11	937621	937837	DNA/TcMar-Tigger	1113	-	108	937729	58254
chr11	64538595	64738595	harbor2	chr11	64565915	64566011	DNA/TcMar-Tigger	607	-	48	64565963	27368
chr11	64538595	64738595	harbor2	chr11	64566262	64566715	DNA/TcMar-Tigger	607	-	226	64566488	27893
chr11	108122770	108322770	harbor2	chr11	108155362	108155648	DNA/TcMar-Tigger	569	-	143	108155505	32735
chr11	108122770	108322770	harbor2	chr11	108186676	108186902	DNA/TcMar-Tigger	1104	-	113	108186789	64019
chr11	108122770	108322770	harbor2	chr11	108208020	108208242	DNA/TcMar-Tigger	1387	-	111	108208131	85361
chr11	5128067	5328067	harbor2	chr11	5187925	5188097	DNA/TcMar-Tigger	428	-	86	5188011	59944
chr11	75668641	75868641	harbor2	chr11	75677209	75677467	DNA/TcMar-Tigger	1833	-	129	75677338	8697
chr11	75668641	75868641	harbor2	chr11	75677796	75677878	DNA/TcMar-Tigger	1833	-	41	75677837	9196
chr11	75668641	75868641	harbor2	chr11	75726379	75726688	DNA/TcMar-Tigger	1487	-	154	75726533	57892
chr11	6202662	6402662	harbor2	chr11	6204856	6205197	DNA/TcMar-Tigger	2077	-	170	6205026	2364
chr11	6202662	6402662	harbor2	chr11	6266751	6267833	DNA/TcMar-Tigger	6557	-	541	6267292	64630
chr11	6202662	6402662	harbor2	chr11	6268143	6268222	DNA/TcMar-Tigger	6557	-	40	6268183	65521
chr11	108022180	108222180	harbor2	chr11	108055303	108055396	DNA/TcMar-Tigger	426	-	46	108055349	33169
chr11	108022180	108222180	harbor2	chr11	108090833	108091040	DNA/TcMar-Tigger	604	-	104	108090937	68757
chr11	108022180	108222180	harbor2	chr11	108091351	108091381	DNA/TcMar-Tigger	604	-	15	108091366	69186
chr11	108022180	108222180	harbor2	chr11	108093169	108093719	DNA/TcMar-Tigger	2359	-	275	108093444	71264
chr11	108022180	108222180	harbor2	chr11	108093980	108094207	DNA/TcMar-Tigger	2359	-	114	108094094	71914
chr11	5128829	5328829	harbor2	chr11	5187925	5188097	DNA/TcMar-Tigger	428	-	86	5188011	59182
chr11	5135349	5335349	harbor2	chr11	5187925	5188097	DNA/TcMar-Tigger	428	-	86	5188011	52662
chr11	93068304	93268304	harbor2	chr11	93101595	93101708	DNA/TcMar-Tigger	840	-	56	93101651	33347
chr11	93068304	93268304	harbor2	chr11	93102016	93102138	DNA/TcMar-Tigger	840	-	61	93102077	33773
chr11	6215101	6415101	harbor2	chr11	6266751	6267833	DNA/TcMar-Tigger	6557	-	541	6267292	52191
chr11	6215101	6415101	harbor2	chr11	6268143	6268222	DNA/TcMar-Tigger	6557	-	40	6268183	53082
chr11	5140732	5340732	harbor2	chr11	5187925	5188097	DNA/TcMar-Tigger	428	-	86	5188011	47279
chr11	5127158	5327158	harbor2	chr11	5187925	5188097	DNA/TcMar-Tigger	428	-	86	5188011	60853
chr11	5134455	5334455	harbor2	chr11	5187925	5188097	DNA/TcMar-Tigger	428	-	86	5188011	53556
chr11	75668758	75868758	harbor2	chr11	75677209	75677467	DNA/TcMar-Tigger	1833	-	129	75677338	8580
chr11	75668758	75868758	harbor2	chr11	75677796	75677878	DNA/TcMar-Tigger	1833	-	41	75677837	9079
chr11	75668758	75868758	harbor2	chr11	75726379	75726688	DNA/TcMar-Tigger	1487	-	154	75726533	57775
chr11	5127199	5327199	harbor2	chr11	5187925	5188097	DNA/TcMar-Tigger	428	-	86	5188011	60812
chr11	73052995	73252995	harbor2	chr11	73123539	73123782	DNA/TcMar-Tigger	472	-	122	73123661	70666
chr11	5127156	5327156	harbor2	chr11	5187925	5188097	DNA/TcMar-Tigger	428	-	86	5188011	60855
chr11	69541435	69741435	harbor2	chr11	69559814	69559824	DNA/TcMar-Tigger	10752	-	5	69559819	18384
chr11	69541435	69741435	harbor2	chr11	69560129	69561616	DNA/TcMar-Tigger	10752	-	744	69560873	19438
chr11	69541435	69741435	harbor2	chr11	69561935	69562298	DNA/TcMar-Tigger	10752	-	182	69562117	20682
chr11	69541435	69741435	harbor2	chr11	69562293	69562472	DNA/TcMar-Tigger	1011	-	90	69562383	20948
chr11	69541435	69741435	harbor2	chr11	69583269	69583553	DNA/TcMar-Tigger	894	-	142	69583411	41976
chr11	5127093	5327093	harbor2	chr11	5187925	5188097	DNA/TcMar-Tigger	428	-	86	5188011	60918
chr11	33157293	33357293	harbor2	chr11	33163216	33163338	DNA/TcMar-Tigger	794	-	61	33163277	5984
chr11	5134058	5334058	harbor2	chr11	5187925	5188097	DNA/TcMar-Tigger	428	-	86	5188011	53953
chr11	69540515	69740515	harbor2	chr11	69559814	69559824	DNA/TcMar-Tigger	10752	-	5	69559819	19304
chr11	69540515	69740515	harbor2	chr11	69560129	69561616	DNA/TcMar-Tigger	10752	-	744	69560873	20358
chr11	69540515	69740515	harbor2	chr11	69561935	69562298	DNA/TcMar-Tigger	10752	-	182	69562117	21602
chr11	69540515	69740515	harbor2	chr11	69562293	69562472	DNA/TcMar-Tigger	1011	-	90	69562383	21868
chr11	69540515	69740515	harbor2	chr11	69583269	69583553	DNA/TcMar-Tigger	894	-	142	69583411	42896
chr11	5127178	5327178	harbor2	chr11	5187925	5188097	DNA/TcMar-Tigger	428	-	86	5188011	60833
chr11	68332467	68532467	harbor2	chr11	68334915	68335074	DNA/TcMar-Tigger	1003	-	80	68334995	2528
chr11	68332467	68532467	harbor2	chr11	68335374	68335414	DNA/TcMar-Tigger	1003	-	20	68335394	2927
chr11	68332467	68532467	harbor2	chr11	68335571	68336017	DNA/TcMar-Tigger	1767	-	223	68335794	3327
chr11	68332467	68532467	harbor2	chr11	68416875	68417449	DNA/TcMar-Tigger	1759	-	287	68417162	84695
chr11	688408	888408	harbor2	chr11	780818	780901	DNA/TcMar-Tigger	1542	-	42	780860	92452
chr11	688408	888408	harbor2	chr11	781482	781718	DNA/TcMar-Tigger	1542	-	118	781600	93192
chr11	1449439	1649439	harbor2	chr11	1475339	1475461	DNA/TcMar-Tigger	597	-	61	1475400	25961
chr11	1449439	1649439	harbor2	chr11	1475620	1476228	DNA/TcMar-Tigger	1991	-	304	1475924	26485
chr11	5134999	5334999	harbor2	chr11	5187925	5188097	DNA/TcMar-Tigger	428	-	86	5188011	53012
chr11	69543489	69743489	harbor2	chr11	69559814	69559824	DNA/TcMar-Tigger	10752	-	5	69559819	16330
chr11	69543489	69743489	harbor2	chr11	69560129	69561616	DNA/TcMar-Tigger	10752	-	744	69560873	17384
chr11	69543489	69743489	harbor2	chr11	69561935	69562298	DNA/TcMar-Tigger	10752	-	182	69562117	18628
chr11	69543489	69743489	harbor2	chr11	69562293	69562472	DNA/TcMar-Tigger	1011	-	90	69562383	18894
chr11	69543489	69743489	harbor2	chr11	69583269	69583553	DNA/TcMar-Tigger	894	-	142	69583411	39922
chr11	5127964	5327964	harbor2	chr11	5187925	5188097	DNA/TcMar-Tigger	428	-	86	5188011	60047
chr11	69575463	69775463	harbor2	chr11	69583269	69583553	DNA/TcMar-Tigger	894	-	142	69583411	7948
chr11	6512668	6712668	harbor2	chr11	6540839	6541541	DNA/TcMar-Tigger	646	-	351	6541190	28522
chr11	6512668	6712668	harbor2	chr11	6573568	6573730	DNA/TcMar-Tigger	936	-	81	6573649	60981
chr11	6512668	6712668	harbor2	chr11	6573965	6576228	DNA/TcMar-Tigger	13937	-	1132	6575097	62429
chr11	64538784	64738784	harbor2	chr11	64565915	64566011	DNA/TcMar-Tigger	607	-	48	64565963	27179
chr11	64538784	64738784	harbor2	chr11	64566262	64566715	DNA/TcMar-Tigger	607	-	226	64566488	27704
chr11	5134513	5334513	harbor2	chr11	5187925	5188097	DNA/TcMar-Tigger	428	-	86	5188011	53498
chr11	6204994	6404994	harbor2	chr11	6204856	6205197	DNA/TcMar-Tigger	2077	-	170	6205026	32
chr11	6204994	6404994	harbor2	chr11	6266751	6267833	DNA/TcMar-Tigger	6557	-	541	6267292	62298
chr11	6204994	6404994	harbor2	chr11	6268143	6268222	DNA/TcMar-Tigger	6557	-	40	6268183	63189
chr11	113775362	113975362	harbor2	chr11	113809390	113809641	DNA/TcMar-Tigger	1123	-	126	113809516	34154
chr11	104477395	104677395	harbor2	chr11	104548142	104549341	DNA/TcMar-Tigger	6136	-	600	104548742	71347
chr11	6201292	6401292	harbor2	chr11	6204856	6205197	DNA/TcMar-Tigger	2077	-	170	6205026	3734
chr11	6201292	6401292	harbor2	chr11	6266751	6267833	DNA/TcMar-Tigger	6557	-	541	6267292	66000
chr11	6201292	6401292	harbor2	chr11	6268143	6268222	DNA/TcMar-Tigger	6557	-	40	6268183	66891
chr11	5134524	5334524	harbor2	chr11	5187925	5188097	DNA/TcMar-Tigger	428	-	86	5188011	53487
chr11	5127128	5327128	harbor2	chr11	5187925	5188097	DNA/TcMar-Tigger	428	-	86	5188011	60883
chr11	9361014	9561014	harbor2	chr11	9399957	9400277	DNA/TcMar-Tigger	1430	-	160	9400117	39103
chr11	3994559	4194559	harbor2	chr11	4008359	4008918	DNA/TcMar-Tigger	3565	-	280	4008639	14080
chr11	3994559	4194559	harbor2	chr11	4050649	4051095	DNA/TcMar-Tigger	2922	-	223	4050872	56313
chr11	5140128	5340128	harbor2	chr11	5187925	5188097	DNA/TcMar-Tigger	428	-	86	5188011	47883
chr11	104242642	104442642	harbor2	chr11	104296111	104296409	DNA/TcMar-Tigger	1311	-	149	104296260	53618
chr11	5185577	5385577	harbor2	chr11	5187925	5188097	DNA/TcMar-Tigger	428	-	86	5188011	2434
chr11	69540279	69740279	harbor2	chr11	69559814	69559824	DNA/TcMar-Tigger	10752	-	5	69559819	19540
chr11	69540279	69740279	harbor2	chr11	69560129	69561616	DNA/TcMar-Tigger	10752	-	744	69560873	20594
chr11	69540279	69740279	harbor2	chr11	69561935	69562298	DNA/TcMar-Tigger	10752	-	182	69562117	21838
chr11	69540279	69740279	harbor2	chr11	69562293	69562472	DNA/TcMar-Tigger	1011	-	90	69562383	22104
chr11	69540279	69740279	harbor2	chr11	69583269	69583553	DNA/TcMar-Tigger	894	-	142	69583411	43132
chr11	68339574	68539574	harbor2	chr11	68416875	68417449	DNA/TcMar-Tigger	1759	-	287	68417162	77588
chr11	134971985	135171985	harbor2	chr11	134979143	134979288	DNA/TcMar-Tigger	527	-	72	134979215	7230
chr11	134971985	135171985	harbor2	chr11	134979317	134979516	DNA/TcMar-Tigger	3378	-	100	134979417	7432
chr11	134971985	135171985	harbor2	chr11	134979816	134980195	DNA/TcMar-Tigger	3378	-	190	134980006	8021
chr11	134971985	135171985	harbor2	chr11	135005691	135005889	DNA/TcMar-Tigger	772	-	99	135005790	33805
chr11	134971985	135171985	harbor2	chr11	135006116	135006189	DNA/TcMar-Tigger	436	-	36	135006152	34167
chr11	134971985	135171985	harbor2	chr11	135060004	135060256	DNA/TcMar-Tigger	1273	-	126	135060130	88145
chr11	134971985	135171985	harbor2	chr11	135060686	135060870	DNA/TcMar-Tigger	1136	-	92	135060778	88793
chr11	134971985	135171985	harbor2	chr11	135003016	135004202	DNA/TcMar-Tigger	5849	-	593	135003609	31624
chr11	5130257	5330257	harbor2	chr11	5187925	5188097	DNA/TcMar-Tigger	428	-	86	5188011	57754
chr11	9514229	9714229	harbor2	chr11	9605005	9605176	DNA/TcMar-Tigger	438	-	86	9605091	90862
chr11	9514229	9714229	harbor2	chr11	9584529	9584692	DNA/TcMar-Tigger	550	-	82	9584611	70382
chr11	33594688	33794688	harbor2	chr11	33661916	33662525	DNA/TcMar-Tigger	865	-	304	33662220	67532
chr11	5128029	5328029	harbor2	chr11	5187925	5188097	DNA/TcMar-Tigger	428	-	86	5188011	59982
chr11	5134085	5334085	harbor2	chr11	5187925	5188097	DNA/TcMar-Tigger	428	-	86	5188011	53926
chr11	9514244	9714244	harbor2	chr11	9605005	9605176	DNA/TcMar-Tigger	438	-	86	9605091	90847
chr11	9514244	9714244	harbor2	chr11	9584529	9584692	DNA/TcMar-Tigger	550	-	82	9584611	70367
chr11	45901774	46101774	harbor2	chr11	45938512	45938832	DNA/TcMar-Tigger	1660	-	160	45938672	36898
chr11	5133710	5333710	harbor2	chr11	5187925	5188097	DNA/TcMar-Tigger	428	-	86	5188011	54301
chr11	2056654	2256654	harbor2	chr11	2066423	2066742	DNA/TcMar-Tigger	1064	-	160	2066583	9929
chr11	2056654	2256654	harbor2	chr11	2066830	2069172	DNA/TcMar-Tigger	14403	-	1171	2068001	11347
chr11	2056654	2256654	harbor2	chr11	2069591	2069934	DNA/TcMar-Tigger	1569	-	172	2069763	13109
chr11	64546462	64746462	harbor2	chr11	64565915	64566011	DNA/TcMar-Tigger	607	-	48	64565963	19501
chr11	64546462	64746462	harbor2	chr11	64566262	64566715	DNA/TcMar-Tigger	607	-	226	64566488	20026
chr11	66159128	66359128	harbor2	chr11	66205579	66205659	DNA/TcMar-Tigger	1248	-	40	66205619	46491
chr11	66159128	66359128	harbor2	chr11	66205793	66205865	DNA/TcMar-Tigger	1248	-	36	66205829	46701
chr11	66159128	66359128	harbor2	chr11	66206166	66206446	DNA/TcMar-Tigger	1248	-	140	66206306	47178
chr11	66159128	66359128	harbor2	chr11	66206512	66206617	DNA/TcMar-Tigger	442	-	52	66206564	47436
chr11	67172979	67372979	harbor2	chr11	67176529	67176975	DNA/TcMar-Tigger	6028	-	223	67176752	3773
chr11	67172979	67372979	harbor2	chr11	67177273	67178021	DNA/TcMar-Tigger	6028	-	374	67177647	4668
chr11	67172979	67372979	harbor2	chr11	67197797	67198198	DNA/TcMar-Tigger	2000	-	200	67197997	25018
chr11	67173668	67373668	harbor2	chr11	67176529	67176975	DNA/TcMar-Tigger	6028	-	223	67176752	3084
chr11	67173668	67373668	harbor2	chr11	67177273	67178021	DNA/TcMar-Tigger	6028	-	374	67177647	3979
chr11	67173668	67373668	harbor2	chr11	67197797	67198198	DNA/TcMar-Tigger	2000	-	200	67197997	24329
chr11	64348940	64548940	harbor2	chr11	64386490	64386736	DNA/TcMar-Tigger	1175	-	123	64386613	37673
chr11	69539137	69739137	harbor2	chr11	69559814	69559824	DNA/TcMar-Tigger	10752	-	5	69559819	20682
chr11	69539137	69739137	harbor2	chr11	69560129	69561616	DNA/TcMar-Tigger	10752	-	744	69560873	21736
chr11	69539137	69739137	harbor2	chr11	69561935	69562298	DNA/TcMar-Tigger	10752	-	182	69562117	22980
chr11	69539137	69739137	harbor2	chr11	69562293	69562472	DNA/TcMar-Tigger	1011	-	90	69562383	23246
chr11	69539137	69739137	harbor2	chr11	69583269	69583553	DNA/TcMar-Tigger	894	-	142	69583411	44274
chr11	69540570	69740570	harbor2	chr11	69559814	69559824	DNA/TcMar-Tigger	10752	-	5	69559819	19249
chr11	69540570	69740570	harbor2	chr11	69560129	69561616	DNA/TcMar-Tigger	10752	-	744	69560873	20303
chr11	69540570	69740570	harbor2	chr11	69561935	69562298	DNA/TcMar-Tigger	10752	-	182	69562117	21547
chr11	69540570	69740570	harbor2	chr11	69562293	69562472	DNA/TcMar-Tigger	1011	-	90	69562383	21813
chr11	69540570	69740570	harbor2	chr11	69583269	69583553	DNA/TcMar-Tigger	894	-	142	69583411	42841
chr11	5129604	5329604	harbor2	chr11	5187925	5188097	DNA/TcMar-Tigger	428	-	86	5188011	58407
chr11	9514143	9714143	harbor2	chr11	9605005	9605176	DNA/TcMar-Tigger	438	-	86	9605091	90948
chr11	9514143	9714143	harbor2	chr11	9584529	9584692	DNA/TcMar-Tigger	550	-	82	9584611	70468
chr11	19614222	19814222	harbor2	chr11	19706770	19707945	DNA/TcMar-Tigger	6934	-	588	19707358	93136
chr11	682049	882049	harbor2	chr11	780818	780901	DNA/TcMar-Tigger	1542	-	42	780860	98811
chr11	682049	882049	harbor2	chr11	781482	781718	DNA/TcMar-Tigger	1542	-	118	781600	99551
chr11	5138019	5338019	harbor2	chr11	5187925	5188097	DNA/TcMar-Tigger	428	-	86	5188011	49992
chr11	2300595	2500595	harbor2	chr11	2324001	2324440	DNA/TcMar-Tigger	2671	-	220	2324221	23626
chr11	2300595	2500595	harbor2	chr11	2324817	2324939	DNA/TcMar-Tigger	2671	-	61	2324878	24283
chr11	5128903	5328903	harbor2	chr11	5187925	5188097	DNA/TcMar-Tigger	428	-	86	5188011	59108
chr11	64538410	64738410	harbor2	chr11	64565915	64566011	DNA/TcMar-Tigger	607	-	48	64565963	27553
chr11	64538410	64738410	harbor2	chr11	64566262	64566715	DNA/TcMar-Tigger	607	-	226	64566488	28078
chr11	86937893	87137893	harbor2	chr11	86990023	86990293	DNA/TcMar-Tigger	951	-	135	86990158	52265
chr12	113085721	113285721	harbor2	chr12	113117886	113117942	DNA/TcMar-Tigger	793	-	28	113117914	32193
chr12	113085721	113285721	harbor2	chr12	113118253	113118340	DNA/TcMar-Tigger	793	-	44	113118297	32576
chr12	113085721	113285721	harbor2	chr12	113171827	113172081	DNA/TcMar-Tigger	1231	-	127	113171954	86233
chr12	56388130	56588130	harbor2	chr12	56424374	56424547	DNA/TcMar-Tigger	748	-	86	56424460	36330
chr12	56388130	56588130	harbor2	chr12	56431722	56432234	DNA/TcMar-Tigger	1387	-	256	56431978	43848
chr12	6864625	7064625	harbor2	chr12	6944852	6945194	DNA/TcMar-Tigger	1822	-	171	6945023	80398
chr12	6864291	7064291	harbor2	chr12	6944852	6945194	DNA/TcMar-Tigger	1822	-	171	6945023	80732
chr12	110181171	110381171	harbor2	chr12	110200165	110200667	DNA/TcMar-Tigger	6932	-	251	110200416	19245
chr12	110181171	110381171	harbor2	chr12	110200968	110201120	DNA/TcMar-Tigger	6932	-	76	110201044	19873
chr12	110181171	110381171	harbor2	chr12	110201745	110202286	DNA/TcMar-Tigger	6932	-	270	110202015	20844
chr12	49501263	49701263	harbor2	chr12	49505406	49505626	DNA/TcMar-Tigger	1133	-	110	49505516	4253
chr12	49501263	49701263	harbor2	chr12	49591695	49592031	DNA/TcMar-Tigger	1975	-	168	49591863	90600
chr12	49501263	49701263	harbor2	chr12	49594351	49594588	DNA/TcMar-Tigger	1349	-	118	49594469	93206
chr12	6863578	7063578	harbor2	chr12	6944852	6945194	DNA/TcMar-Tigger	1822	-	171	6945023	81445
chr12	132044250	132244250	harbor2	chr12	132085559	132085877	DNA/TcMar-Tigger	1656	-	159	132085718	41468
chr12	49481241	49681241	harbor2	chr12	49505406	49505626	DNA/TcMar-Tigger	1133	-	110	49505516	24275
chr12	2941177	3141177	harbor2	chr12	2979342	2979680	DNA/TcMar-Tigger	1200	-	169	2979511	38334
chr12	2941177	3141177	harbor2	chr12	2984516	2985117	DNA/TcMar-Tigger	6675	-	300	2984816	43639
chr12	2941177	3141177	harbor2	chr12	2985412	2985499	DNA/TcMar-Tigger	6675	-	44	2985456	44279
chr12	2941177	3141177	harbor2	chr12	2985756	2985804	DNA/TcMar-Tigger	6675	-	24	2985780	44603
chr12	2941177	3141177	harbor2	chr12	2986119	2986355	DNA/TcMar-Tigger	6675	-	118	2986237	45060
chr12	2941177	3141177	harbor2	chr12	2986669	2986979	DNA/TcMar-Tigger	6675	-	155	2986824	45647
chr12	49499153	49699153	harbor2	chr12	49505406	49505626	DNA/TcMar-Tigger	1133	-	110	49505516	6363
chr12	49499153	49699153	harbor2	chr12	49591695	49592031	DNA/TcMar-Tigger	1975	-	168	49591863	92710
chr12	49499153	49699153	harbor2	chr12	49594351	49594588	DNA/TcMar-Tigger	1349	-	118	49594469	95316
chr12	56104486	56304486	harbor2	chr12	56184300	56184503	DNA/TcMar-Tigger	688	-	102	56184402	79916
chr12	51585388	51785388	harbor2	chr12	51668854	51669107	DNA/TcMar-Tigger	1619	-	126	51668980	83592
chr12	51585388	51785388	harbor2	chr12	51669105	51669244	DNA/TcMar-Tigger	572	-	70	51669175	83787
chr12	49485747	49685747	harbor2	chr12	49505406	49505626	DNA/TcMar-Tigger	1133	-	110	49505516	19769
chr12	6864653	7064653	harbor2	chr12	6944852	6945194	DNA/TcMar-Tigger	1822	-	171	6945023	80370
chr12	130064326	130264326	harbor2	chr12	130065397	130065988	DNA/TcMar-Tigger	3478	-	296	130065693	1367
chr12	7055606	7255606	harbor2	chr12	7126701	7126819	DNA/TcMar-Tigger	843	-	59	7126760	71154
chr12	7055606	7255606	harbor2	chr12	7127430	7127635	DNA/TcMar-Tigger	843	-	102	7127532	71926
chr12	69787806	69987806	harbor2	chr12	69788219	69788523	DNA/TcMar-Tigger	1568	-	152	69788371	565
chr12	69787806	69987806	harbor2	chr12	69873366	69873804	DNA/TcMar-Tigger	2113	-	219	69873585	85779
chr12	52212987	52412987	harbor2	chr12	52250823	52250972	DNA/TcMar-Tigger	1752	-	74	52250897	37910
chr12	52212987	52412987	harbor2	chr12	52251506	52251722	DNA/TcMar-Tigger	1752	-	108	52251614	38627
chr12	96225371	96425371	harbor2	chr12	96248842	96249078	DNA/TcMar-Tigger	1388	-	118	96248960	23589
chr12	96225371	96425371	harbor2	chr12	96303860	96304185	DNA/TcMar-Tigger	1515	-	162	96304022	78651
chr12	6981048	7181048	harbor2	chr12	6987647	6988015	DNA/TcMar-Tigger	656	-	184	6987831	6783
chr12	6981048	7181048	harbor2	chr12	6992771	6992974	DNA/TcMar-Tigger	1099	-	102	6992873	11825
chr12	1591570	1791570	harbor2	chr12	1637328	1637455	DNA/TcMar-Tigger	852	-	64	1637392	45822
chr12	1591570	1791570	harbor2	chr12	1637764	1637868	DNA/TcMar-Tigger	852	-	52	1637816	46246
chr12	1591570	1791570	harbor2	chr12	1637858	1637966	DNA/TcMar-Tigger	794	-	54	1637912	46342
chr12	1591570	1791570	harbor2	chr12	1638282	1638331	DNA/TcMar-Tigger	794	-	24	1638306	46736
chr12	6864139	7064139	harbor2	chr12	6944852	6945194	DNA/TcMar-Tigger	1822	-	171	6945023	80884
chr12	54817529	55017529	harbor2	chr12	54861203	54861306	DNA/TcMar-Tigger	665	-	52	54861255	43726
chr12	54817529	55017529	harbor2	chr12	54871071	54871715	DNA/TcMar-Tigger	2921	-	322	54871393	53864
chr12	121712062	121912062	harbor2	chr12	121739415	121739477	DNA/TcMar-Tigger	2271	-	31	121739446	27384
chr12	121712062	121912062	harbor2	chr12	121739772	121739795	DNA/TcMar-Tigger	2271	-	12	121739784	27722
chr12	121712062	121912062	harbor2	chr12	121740078	121740202	DNA/TcMar-Tigger	2271	-	62	121740140	28078
chr12	121712062	121912062	harbor2	chr12	121740504	121740739	DNA/TcMar-Tigger	2271	-	118	121740622	28560
chr12	121712062	121912062	harbor2	chr12	121784870	121785041	DNA/TcMar-Tigger	738	-	86	121784956	72894
chr12	121712062	121912062	harbor2	chr12	121785141	121785370	DNA/TcMar-Tigger	1043	-	114	121785255	73193
chr12	131976930	132176930	harbor2	chr12	131993574	131993880	DNA/TcMar-Tigger	1318	-	153	131993727	16797
chr12	131976930	132176930	harbor2	chr12	131997090	131997261	DNA/TcMar-Tigger	2171	-	86	131997176	20246
chr12	131976930	132176930	harbor2	chr12	131997556	131997838	DNA/TcMar-Tigger	2171	-	141	131997697	20767
chr12	104562875	104762875	harbor2	chr12	104629463	104629539	DNA/TcMar-Tigger	1096	-	38	104629501	66626
chr12	104562875	104762875	harbor2	chr12	104629828	104629969	DNA/TcMar-Tigger	1096	-	70	104629898	67023
chr12	96299869	96499869	harbor2	chr12	96303860	96304185	DNA/TcMar-Tigger	1515	-	162	96304022	4153
chr12	122765092	122965092	harbor2	chr12	122792981	122793255	DNA/TcMar-Tigger	1481	-	137	122793118	28026
chr12	6870712	7070712	harbor2	chr12	6944852	6945194	DNA/TcMar-Tigger	1822	-	171	6945023	74311
chr12	25007052	25207052	harbor2	chr12	25080941	25081180	DNA/TcMar-Tigger	1712	-	120	25081061	74009
chr12	25007052	25207052	harbor2	chr12	25081467	25081558	DNA/TcMar-Tigger	1712	-	46	25081513	74461
chr12	25007052	25207052	harbor2	chr12	25084782	25084889	DNA/TcMar-Tigger	1352	-	54	25084836	77784
chr12	25007052	25207052	harbor2	chr12	25085749	25085948	DNA/TcMar-Tigger	1352	-	100	25085849	78797
chr12	65456928	65656928	harbor2	chr12	65479206	65479574	DNA/TcMar-Tigger	1626	-	184	65479390	22462
chr12	65456928	65656928	harbor2	chr12	65479572	65479712	DNA/TcMar-Tigger	644	-	70	65479642	22714
chr12	65456928	65656928	harbor2	chr12	65507904	65508192	DNA/TcMar-Tigger	1081	-	144	65508048	51120
chr13	36899401	37099401	harbor2	chr13	36943764	36944699	DNA/TcMar-Tigger	14257	-	468	36944232	44831
chr13	36899401	37099401	harbor2	chr13	36946252	36946639	DNA/TcMar-Tigger	14257	-	194	36946446	47045
chr13	36899401	37099401	harbor2	chr13	36946930	36947271	DNA/TcMar-Tigger	14257	-	170	36947100	47699
chr13	36899401	37099401	harbor2	chr13	36912884	36913180	DNA/TcMar-Tigger	1206	-	148	36913032	13631
chr13	36899401	37099401	harbor2	chr13	36945001	36945961	DNA/TcMar-Tigger	14257	-	480	36945481	46080
chr13	109467216	109667216	harbor2	chr13	109497848	109498489	DNA/TcMar-Tigger	2423	-	320	109498168	30952
chr13	109467216	109667216	harbor2	chr13	109543422	109543745	DNA/TcMar-Tigger	1861	-	162	109543584	76368
chr13	44478442	44678442	harbor2	chr13	44492109	44492452	DNA/TcMar-Tigger	2090	-	172	44492281	13839
chr13	44478442	44678442	harbor2	chr13	44501986	44502280	DNA/TcMar-Tigger	748	-	147	44502133	23691
chr13	44478442	44678442	harbor2	chr13	44526701	44526760	DNA/TcMar-Tigger	435	-	30	44526731	48289
chr13	20320596	20520596	harbor2	chr13	20413504	20413831	DNA/TcMar-Tigger	1527	-	164	20413668	93072
chr13	27730189	27930189	harbor2	chr13	27811400	27811673	DNA/TcMar-Tigger	1400	-	136	27811536	81347
chr13	113726141	113926141	harbor2	chr13	113785864	113786097	DNA/TcMar-Tigger	480	-	116	113785980	59839
chr13	20315103	20515103	harbor2	chr13	20413504	20413831	DNA/TcMar-Tigger	1527	-	164	20413668	98565
chr13	113726140	113926140	harbor2	chr13	113785864	113786097	DNA/TcMar-Tigger	480	-	116	113785980	59840
chr13	113726144	113926144	harbor2	chr13	113785864	113786097	DNA/TcMar-Tigger	480	-	116	113785980	59836
chr13	50025816	50225816	harbor2	chr13	50030126	50030645	DNA/TcMar-Tigger	2419	-	260	50030386	4570
chr13	20329118	20529118	harbor2	chr13	20413504	20413831	DNA/TcMar-Tigger	1527	-	164	20413668	84550
chr13	60297202	60497202	harbor2	chr13	60305231	60305475	DNA/TcMar-Tigger	2347	-	122	60305353	8151
chr13	60297202	60497202	harbor2	chr13	60307817	60307998	DNA/TcMar-Tigger	2347	-	90	60307907	10705
chr13	100785242	100985242	harbor2	chr13	100828866	100829504	DNA/TcMar-Tigger	3703	-	319	100829185	43943
chr13	100848871	101048871	harbor2	chr13	100930736	100930971	DNA/TcMar-Tigger	1743	-	118	100930854	81983
chr13	100848871	101048871	harbor2	chr13	100931401	100931547	DNA/TcMar-Tigger	1743	-	73	100931474	82603
chr13	113736144	113936144	harbor2	chr13	113785864	113786097	DNA/TcMar-Tigger	480	-	116	113785980	49836
chr13	113727215	113927215	harbor2	chr13	113785864	113786097	DNA/TcMar-Tigger	480	-	116	113785980	58765
chr13	24181626	24381626	harbor2	chr13	24180820	24181832	DNA/TcMar-Tigger	5102	-	506	24181326	300
chr13	24181626	24381626	harbor2	chr13	24263447	24263783	DNA/TcMar-Tigger	1871	-	168	24263615	81989
chr13	95000339	95200339	harbor2	chr13	95039113	95039340	DNA/TcMar-Tigger	1133	-	114	95039227	38888
chr13	110779820	110979820	harbor2	chr13	110804041	110804461	DNA/TcMar-Tigger	1545	-	210	110804251	24431
chr13	110779820	110979820	harbor2	chr13	110869039	110869202	DNA/TcMar-Tigger	736	-	82	110869121	89301
chr13	27730181	27930181	harbor2	chr13	27811400	27811673	DNA/TcMar-Tigger	1400	-	136	27811536	81355
chr13	113727457	113927457	harbor2	chr13	113785864	113786097	DNA/TcMar-Tigger	480	-	116	113785980	58523
chr13	113726159	113926159	harbor2	chr13	113785864	113786097	DNA/TcMar-Tigger	480	-	116	113785980	59821
chr13	113726150	113926150	harbor2	chr13	113785864	113786097	DNA/TcMar-Tigger	480	-	116	113785980	59830
chr13	99535043	99735043	harbor2	chr13	99564506	99564822	DNA/TcMar-Tigger	1258	-	158	99564664	29621
chr13	113737492	113937492	harbor2	chr13	113785864	113786097	DNA/TcMar-Tigger	480	-	116	113785980	48488
chr13	51842701	52042701	harbor2	chr13	51852900	51853124	DNA/TcMar-Tigger	2223	-	112	51853012	10311
chr13	51842701	52042701	harbor2	chr13	51853439	51853630	DNA/TcMar-Tigger	2223	-	96	51853535	10834
chr13	22891244	23091244	harbor2	chr13	22989276	22989582	DNA/TcMar-Tigger	1212	-	153	22989429	98185
chr13	100665338	100865338	harbor2	chr13	100709624	100709967	DNA/TcMar-Tigger	2182	-	172	100709796	44458
chr13	100665338	100865338	harbor2	chr13	100710002	100711182	DNA/TcMar-Tigger	6342	-	590	100710592	45254
chr13	113739633	113939633	harbor2	chr13	113785864	113786097	DNA/TcMar-Tigger	480	-	116	113785980	46347
chr13	110290586	110490586	harbor2	chr13	110357595	110358719	DNA/TcMar-Tigger	5504	-	562	110358157	67571
chr13	113734431	113934431	harbor2	chr13	113785864	113786097	DNA/TcMar-Tigger	480	-	116	113785980	51549
chr13	113750098	113950098	harbor2	chr13	113785864	113786097	DNA/TcMar-Tigger	480	-	116	113785980	35882
chr13	36899416	37099416	harbor2	chr13	36943764	36944699	DNA/TcMar-Tigger	14257	-	468	36944232	44816
chr13	36899416	37099416	harbor2	chr13	36946252	36946639	DNA/TcMar-Tigger	14257	-	194	36946446	47030
chr13	36899416	37099416	harbor2	chr13	36946930	36947271	DNA/TcMar-Tigger	14257	-	170	36947100	47684
chr13	36899416	37099416	harbor2	chr13	36912884	36913180	DNA/TcMar-Tigger	1206	-	148	36913032	13616
chr13	36899416	37099416	harbor2	chr13	36945001	36945961	DNA/TcMar-Tigger	14257	-	480	36945481	46065
chr13	50026936	50226936	harbor2	chr13	50030126	50030645	DNA/TcMar-Tigger	2419	-	260	50030386	3450
chr13	75441536	75641536	harbor2	chr13	75449312	75449531	DNA/TcMar-Tigger	1223	-	110	75449422	7886
chr13	75441536	75641536	harbor2	chr13	75475813	75475960	DNA/TcMar-Tigger	1601	-	74	75475887	34351
chr13	75441536	75641536	harbor2	chr13	75476271	75476459	DNA/TcMar-Tigger	1601	-	94	75476365	34829
chr13	75441536	75641536	harbor2	chr13	75524679	75524859	DNA/TcMar-Tigger	524	-	90	75524769	83233
chr13	75441536	75641536	harbor2	chr13	75540969	75541213	DNA/TcMar-Tigger	880	-	122	75541091	99555
chr13	51351715	51551715	harbor2	chr13	51367014	51367350	DNA/TcMar-Tigger	1687	-	168	51367182	15467
chr13	51351715	51551715	harbor2	chr13	51414369	51414833	DNA/TcMar-Tigger	679	-	232	51414601	62886
chr13	51351715	51551715	harbor2	chr13	51414871	51415082	DNA/TcMar-Tigger	679	-	106	51414977	63262
chr13	20329143	20529143	harbor2	chr13	20413504	20413831	DNA/TcMar-Tigger	1527	-	164	20413668	84525
chr14	103242844	103442844	harbor2	chr14	103295578	103295763	DNA/TcMar-Tigger	3049	-	92	103295670	52826
chr14	103242844	103442844	harbor2	chr14	103296058	103296439	DNA/TcMar-Tigger	3049	-	190	103296248	53404
chr14	103242844	103442844	harbor2	chr14	103296753	103296799	DNA/TcMar-Tigger	3049	-	23	103296776	53932
chr14	103242844	103442844	harbor2	chr14	103304866	103305068	DNA/TcMar-Tigger	978	-	101	103304967	62123
chr14	103242844	103442844	harbor2	chr14	103305176	103305807	DNA/TcMar-Tigger	7489	-	316	103305492	62648
chr14	103242844	103442844	harbor2	chr14	103306101	103306552	DNA/TcMar-Tigger	7489	-	226	103306327	63483
chr14	103242844	103442844	harbor2	chr14	103306859	103306888	DNA/TcMar-Tigger	7489	-	14	103306873	64029
chr14	103242844	103442844	harbor2	chr14	103307168	103307330	DNA/TcMar-Tigger	7489	-	81	103307249	64405
chr14	103242844	103442844	harbor2	chr14	103307337	103307987	DNA/TcMar-Tigger	2801	-	325	103307662	64818
chr14	24047658	24247658	harbor2	chr14	24125546	24125657	DNA/TcMar-Tigger	700	-	56	24125602	77944
chr14	24047658	24247658	harbor2	chr14	24126265	24126376	DNA/TcMar-Tigger	745	-	56	24126321	78663
chr14	24047658	24247658	harbor2	chr14	24126581	24126609	DNA/TcMar-Tigger	5615	-	14	24126595	78937
chr14	24047658	24247658	harbor2	chr14	24126913	24127587	DNA/TcMar-Tigger	5615	-	337	24127250	79592
chr14	24047658	24247658	harbor2	chr14	24127852	24128026	DNA/TcMar-Tigger	5615	-	87	24127939	80281
chr14	24047658	24247658	harbor2	chr14	24128259	24128360	DNA/TcMar-Tigger	704	-	50	24128309	80651
chr14	103423570	103623570	harbor2	chr14	103513689	103513920	DNA/TcMar-Tigger	1202	-	116	103513805	90235
chr14	100185464	100385464	harbor2	chr14	100271501	100271700	DNA/TcMar-Tigger	831	-	100	100271601	86137
chr14	100185464	100385464	harbor2	chr14	100271859	100271987	DNA/TcMar-Tigger	500	-	64	100271923	86459
chr14	75328321	75528321	harbor2	chr14	75356187	75356719	DNA/TcMar-Tigger	948	-	266	75356453	28132
chr14	100198905	100398905	harbor2	chr14	100271501	100271700	DNA/TcMar-Tigger	831	-	100	100271601	72696
chr14	100198905	100398905	harbor2	chr14	100271859	100271987	DNA/TcMar-Tigger	500	-	64	100271923	73018
chr14	24047654	24247654	harbor2	chr14	24125546	24125657	DNA/TcMar-Tigger	700	-	56	24125602	77948
chr14	24047654	24247654	harbor2	chr14	24126265	24126376	DNA/TcMar-Tigger	745	-	56	24126321	78667
chr14	24047654	24247654	harbor2	chr14	24126581	24126609	DNA/TcMar-Tigger	5615	-	14	24126595	78941
chr14	24047654	24247654	harbor2	chr14	24126913	24127587	DNA/TcMar-Tigger	5615	-	337	24127250	79596
chr14	24047654	24247654	harbor2	chr14	24127852	24128026	DNA/TcMar-Tigger	5615	-	87	24127939	80285
chr14	24047654	24247654	harbor2	chr14	24128259	24128360	DNA/TcMar-Tigger	704	-	50	24128309	80655
chr14	92647880	92847880	harbor2	chr14	92665007	92665349	DNA/TcMar-Tigger	1985	-	171	92665178	17298
chr14	92647880	92847880	harbor2	chr14	92683897	92684099	DNA/TcMar-Tigger	1822	-	101	92683998	36118
chr14	92647880	92847880	harbor2	chr14	92684403	92684591	DNA/TcMar-Tigger	1822	-	94	92684497	36617
chr14	92647880	92847880	harbor2	chr14	92728020	92728131	DNA/TcMar-Tigger	610	-	56	92728076	80196
chr14	92647880	92847880	harbor2	chr14	92728400	92728585	DNA/TcMar-Tigger	980	-	92	92728492	80612
chr14	67500241	67700241	harbor2	chr14	67501724	67501892	DNA/TcMar-Tigger	646	-	84	67501808	1567
chr14	67500241	67700241	harbor2	chr14	67543092	67543250	DNA/TcMar-Tigger	492	-	79	67543171	42930
chr14	67500241	67700241	harbor2	chr14	67594704	67594867	DNA/TcMar-Tigger	1403	-	82	67594786	94545
chr14	67500241	67700241	harbor2	chr14	67595166	67595409	DNA/TcMar-Tigger	1403	-	122	67595288	95047
chr14	54389016	54589016	harbor2	chr14	54421582	54421768	DNA/TcMar-Tigger	922	-	93	54421675	32659
chr14	73660273	73860273	harbor2	chr14	73680689	73681122	DNA/TcMar-Tigger	6625	-	216	73680905	20632
chr14	73660273	73860273	harbor2	chr14	73681433	73681486	DNA/TcMar-Tigger	6625	-	26	73681459	21186
chr14	73660273	73860273	harbor2	chr14	73681815	73681831	DNA/TcMar-Tigger	6625	-	8	73681823	21550
chr14	73660273	73860273	harbor2	chr14	73682118	73682171	DNA/TcMar-Tigger	6625	-	26	73682144	21871
chr14	73660273	73860273	harbor2	chr14	73682489	73682869	DNA/TcMar-Tigger	6625	-	190	73682679	22406
chr14	73660273	73860273	harbor2	chr14	73683176	73683501	DNA/TcMar-Tigger	6625	-	162	73683338	23065
chr14	103629589	103829589	harbor2	chr14	103645507	103645762	DNA/TcMar-Tigger	1658	-	128	103645635	16046
chr14	103629589	103829589	harbor2	chr14	103646058	103646136	DNA/TcMar-Tigger	1658	-	39	103646097	16508
chr14	75330460	75530460	harbor2	chr14	75356187	75356719	DNA/TcMar-Tigger	948	-	266	75356453	25993
chr14	51889569	52089569	harbor2	chr14	51919975	51920070	DNA/TcMar-Tigger	537	-	48	51920023	30454
chr14	51889569	52089569	harbor2	chr14	51920279	51920527	DNA/TcMar-Tigger	1082	-	124	51920403	30834
chr14	103424599	103624599	harbor2	chr14	103513689	103513920	DNA/TcMar-Tigger	1202	-	116	103513805	89206
chr14	93232282	93432282	harbor2	chr14	93259027	93259627	DNA/TcMar-Tigger	3137	-	300	93259327	27045
chr14	93232282	93432282	harbor2	chr14	93275538	93275877	DNA/TcMar-Tigger	1689	-	170	93275708	43426
chr14	93232282	93432282	harbor2	chr14	93278616	93278759	DNA/TcMar-Tigger	697	-	72	93278688	46406
chr14	90960739	91160739	harbor2	chr14	91019831	91020173	DNA/TcMar-Tigger	2014	-	171	91020002	59263
chr14	90960739	91160739	harbor2	chr14	91049685	91050014	DNA/TcMar-Tigger	1685	-	164	91049849	89110
chr14	23420834	23620834	harbor2	chr14	23470404	23470479	DNA/TcMar-Tigger	461	-	38	23470442	49608
chr14	100229888	100429888	harbor2	chr14	100271501	100271700	DNA/TcMar-Tigger	831	-	100	100271601	41713
chr14	100229888	100429888	harbor2	chr14	100271859	100271987	DNA/TcMar-Tigger	500	-	64	100271923	42035
chr14	104882850	105082850	harbor2	chr14	104914942	104915346	DNA/TcMar-Tigger	2075	-	202	104915144	32294
chr14	104882850	105082850	harbor2	chr14	104916984	104917347	DNA/TcMar-Tigger	1881	-	182	104917166	34316
chr14	71625940	71825940	harbor2	chr14	71648501	71648792	DNA/TcMar-Tigger	789	-	146	71648647	22707
chr14	71625940	71825940	harbor2	chr14	71665701	71665993	DNA/TcMar-Tigger	1570	-	146	71665847	39907
chr14	71625940	71825940	harbor2	chr14	71693041	71693224	DNA/TcMar-Tigger	1033	-	92	71693133	67193
chr14	75329481	75529481	harbor2	chr14	75356187	75356719	DNA/TcMar-Tigger	948	-	266	75356453	26972
chr14	105388089	105588089	harbor2	chr14	105429024	105429290	DNA/TcMar-Tigger	1378	-	133	105429157	41068
chr14	105388089	105588089	harbor2	chr14	105430057	105430657	DNA/TcMar-Tigger	3047	-	300	105430357	42268
chr14	75329814	75529814	harbor2	chr14	75356187	75356719	DNA/TcMar-Tigger	948	-	266	75356453	26639
chr14	104404069	104604069	harbor2	chr14	104438873	104440989	DNA/TcMar-Tigger	12247	-	1058	104439931	35862
chr14	49792946	49992946	harbor2	chr14	49836723	49836992	DNA/TcMar-Tigger	1546	-	134	49836857	43911
chr14	49792946	49992946	harbor2	chr14	49837280	49837328	DNA/TcMar-Tigger	1546	-	24	49837304	44358
chr14	49792946	49992946	harbor2	chr14	49843535	49843816	DNA/TcMar-Tigger	2670	-	140	49843675	50729
chr14	49792946	49992946	harbor2	chr14	49844463	49844637	DNA/TcMar-Tigger	2670	-	87	49844550	51604
chr14	49792946	49992946	harbor2	chr14	49845426	49845721	DNA/TcMar-Tigger	1625	-	148	49845574	52628
chr14	49792946	49992946	harbor2	chr14	49845713	49845818	DNA/TcMar-Tigger	503	-	52	49845765	52819
chr14	104017421	104217421	harbor2	chr14	104068358	104068869	DNA/TcMar-Tigger	3672	-	256	104068614	51193
chr14	104017421	104217421	harbor2	chr14	104069389	104069919	DNA/TcMar-Tigger	3672	-	265	104069654	52233
chr14	104017421	104217421	harbor2	chr14	104074877	104075066	DNA/TcMar-Tigger	1581	-	94	104074971	57550
chr14	104017421	104217421	harbor2	chr14	104075374	104075505	DNA/TcMar-Tigger	1581	-	66	104075440	58019
chr14	100248586	100448586	harbor2	chr14	100271501	100271700	DNA/TcMar-Tigger	831	-	100	100271601	23015
chr14	100248586	100448586	harbor2	chr14	100271859	100271987	DNA/TcMar-Tigger	500	-	64	100271923	23337
chr14	24061095	24261095	harbor2	chr14	24125546	24125657	DNA/TcMar-Tigger	700	-	56	24125602	64507
chr14	24061095	24261095	harbor2	chr14	24126265	24126376	DNA/TcMar-Tigger	745	-	56	24126321	65226
chr14	24061095	24261095	harbor2	chr14	24126581	24126609	DNA/TcMar-Tigger	5615	-	14	24126595	65500
chr14	24061095	24261095	harbor2	chr14	24126913	24127587	DNA/TcMar-Tigger	5615	-	337	24127250	66155
chr14	24061095	24261095	harbor2	chr14	24127852	24128026	DNA/TcMar-Tigger	5615	-	87	24127939	66844
chr14	24061095	24261095	harbor2	chr14	24128259	24128360	DNA/TcMar-Tigger	704	-	50	24128309	67214
chr14	100241667	100441667	harbor2	chr14	100271501	100271700	DNA/TcMar-Tigger	831	-	100	100271601	29934
chr14	100241667	100441667	harbor2	chr14	100271859	100271987	DNA/TcMar-Tigger	500	-	64	100271923	30256
chr14	100229896	100429896	harbor2	chr14	100271501	100271700	DNA/TcMar-Tigger	831	-	100	100271601	41705
chr14	100229896	100429896	harbor2	chr14	100271859	100271987	DNA/TcMar-Tigger	500	-	64	100271923	42027
chr14	73672278	73872278	harbor2	chr14	73680689	73681122	DNA/TcMar-Tigger	6625	-	216	73680905	8627
chr14	73672278	73872278	harbor2	chr14	73681433	73681486	DNA/TcMar-Tigger	6625	-	26	73681459	9181
chr14	73672278	73872278	harbor2	chr14	73681815	73681831	DNA/TcMar-Tigger	6625	-	8	73681823	9545
chr14	73672278	73872278	harbor2	chr14	73682118	73682171	DNA/TcMar-Tigger	6625	-	26	73682144	9866
chr14	73672278	73872278	harbor2	chr14	73682489	73682869	DNA/TcMar-Tigger	6625	-	190	73682679	10401
chr14	73672278	73872278	harbor2	chr14	73683176	73683501	DNA/TcMar-Tigger	6625	-	162	73683338	11060
chr14	103422944	103622944	harbor2	chr14	103513689	103513920	DNA/TcMar-Tigger	1202	-	116	103513805	90861
chr14	67500259	67700259	harbor2	chr14	67501724	67501892	DNA/TcMar-Tigger	646	-	84	67501808	1549
chr14	67500259	67700259	harbor2	chr14	67543092	67543250	DNA/TcMar-Tigger	492	-	79	67543171	42912
chr14	67500259	67700259	harbor2	chr14	67594704	67594867	DNA/TcMar-Tigger	1403	-	82	67594786	94527
chr14	67500259	67700259	harbor2	chr14	67595166	67595409	DNA/TcMar-Tigger	1403	-	122	67595288	95029
chr14	104623763	104823763	harbor2	chr14	104684750	104684993	DNA/TcMar-Tigger	615	-	122	104684872	61109
chr14	104623763	104823763	harbor2	chr14	104685055	104685141	DNA/TcMar-Tigger	459	-	43	104685098	61335
chr14	73659699	73859699	harbor2	chr14	73680689	73681122	DNA/TcMar-Tigger	6625	-	216	73680905	21206
chr14	73659699	73859699	harbor2	chr14	73681433	73681486	DNA/TcMar-Tigger	6625	-	26	73681459	21760
chr14	73659699	73859699	harbor2	chr14	73681815	73681831	DNA/TcMar-Tigger	6625	-	8	73681823	22124
chr14	73659699	73859699	harbor2	chr14	73682118	73682171	DNA/TcMar-Tigger	6625	-	26	73682144	22445
chr14	73659699	73859699	harbor2	chr14	73682489	73682869	DNA/TcMar-Tigger	6625	-	190	73682679	22980
chr14	73659699	73859699	harbor2	chr14	73683176	73683501	DNA/TcMar-Tigger	6625	-	162	73683338	23639
chr14	24061282	24261282	harbor2	chr14	24125546	24125657	DNA/TcMar-Tigger	700	-	56	24125602	64320
chr14	24061282	24261282	harbor2	chr14	24126265	24126376	DNA/TcMar-Tigger	745	-	56	24126321	65039
chr14	24061282	24261282	harbor2	chr14	24126581	24126609	DNA/TcMar-Tigger	5615	-	14	24126595	65313
chr14	24061282	24261282	harbor2	chr14	24126913	24127587	DNA/TcMar-Tigger	5615	-	337	24127250	65968
chr14	24061282	24261282	harbor2	chr14	24127852	24128026	DNA/TcMar-Tigger	5615	-	87	24127939	66657
chr14	24061282	24261282	harbor2	chr14	24128259	24128360	DNA/TcMar-Tigger	704	-	50	24128309	67027
chr14	73133751	73333751	harbor2	chr14	73145640	73145779	DNA/TcMar-Tigger	591	-	70	73145710	11959
chr14	100185450	100385450	harbor2	chr14	100271501	100271700	DNA/TcMar-Tigger	831	-	100	100271601	86151
chr14	100185450	100385450	harbor2	chr14	100271859	100271987	DNA/TcMar-Tigger	500	-	64	100271923	86473
chr14	105388165	105588165	harbor2	chr14	105429024	105429290	DNA/TcMar-Tigger	1378	-	133	105429157	40992
chr14	105388165	105588165	harbor2	chr14	105430057	105430657	DNA/TcMar-Tigger	3047	-	300	105430357	42192
chr14	105398468	105598468	harbor2	chr14	105429024	105429290	DNA/TcMar-Tigger	1378	-	133	105429157	30689
chr14	105398468	105598468	harbor2	chr14	105430057	105430657	DNA/TcMar-Tigger	3047	-	300	105430357	31889
chr14	24092881	24292881	harbor2	chr14	24125546	24125657	DNA/TcMar-Tigger	700	-	56	24125602	32721
chr14	24092881	24292881	harbor2	chr14	24126265	24126376	DNA/TcMar-Tigger	745	-	56	24126321	33440
chr14	24092881	24292881	harbor2	chr14	24126581	24126609	DNA/TcMar-Tigger	5615	-	14	24126595	33714
chr14	24092881	24292881	harbor2	chr14	24126913	24127587	DNA/TcMar-Tigger	5615	-	337	24127250	34369
chr14	24092881	24292881	harbor2	chr14	24127852	24128026	DNA/TcMar-Tigger	5615	-	87	24127939	35058
chr14	24092881	24292881	harbor2	chr14	24128259	24128360	DNA/TcMar-Tigger	704	-	50	24128309	35428
chr14	100276552	100476552	harbor2	chr14	100373534	100373768	DNA/TcMar-Tigger	510	-	117	100373651	97099
chr14	55029365	55229365	harbor2	chr14	55032440	55032739	DNA/TcMar-Tigger	841	-	150	55032590	3225
chr14	55029365	55229365	harbor2	chr14	55034440	55034551	DNA/TcMar-Tigger	748	-	56	55034496	5131
chr14	55029365	55229365	harbor2	chr14	55034833	55034859	DNA/TcMar-Tigger	748	-	13	55034846	5481
chr14	55029365	55229365	harbor2	chr14	55035161	55035561	DNA/TcMar-Tigger	748	-	200	55035361	5996
chr14	55029365	55229365	harbor2	chr14	55040268	55040462	DNA/TcMar-Tigger	1243	-	97	55040365	11000
chr14	55029365	55229365	harbor2	chr14	55040754	55040867	DNA/TcMar-Tigger	1243	-	56	55040810	11445
chr14	55029365	55229365	harbor2	chr14	55052864	55053112	DNA/TcMar-Tigger	656	-	124	55052988	23623
chr14	55029365	55229365	harbor2	chr14	55053906	55054071	DNA/TcMar-Tigger	883	-	82	55053988	24623
chr14	55029365	55229365	harbor2	chr14	55055524	55055650	DNA/TcMar-Tigger	814	-	63	55055587	26222
chr14	55029365	55229365	harbor2	chr14	55055947	55056015	DNA/TcMar-Tigger	814	-	34	55055981	26616
chr14	55029365	55229365	harbor2	chr14	55057358	55057477	DNA/TcMar-Tigger	771	-	60	55057418	28053
chr14	55029365	55229365	harbor2	chr14	55057947	55058331	DNA/TcMar-Tigger	1996	-	192	55058139	28774
chr14	55029365	55229365	harbor2	chr14	55094982	55095371	DNA/TcMar-Tigger	1567	-	194	55095176	65811
chr14	55029365	55229365	harbor2	chr14	55082676	55083041	DNA/TcMar-Tigger	2564	-	182	55082858	53493
chr14	100277909	100477909	harbor2	chr14	100373534	100373768	DNA/TcMar-Tigger	510	-	117	100373651	95742
chr14	75330552	75530552	harbor2	chr14	75356187	75356719	DNA/TcMar-Tigger	948	-	266	75356453	25901
chr14	24061205	24261205	harbor2	chr14	24125546	24125657	DNA/TcMar-Tigger	700	-	56	24125602	64397
chr14	24061205	24261205	harbor2	chr14	24126265	24126376	DNA/TcMar-Tigger	745	-	56	24126321	65116
chr14	24061205	24261205	harbor2	chr14	24126581	24126609	DNA/TcMar-Tigger	5615	-	14	24126595	65390
chr14	24061205	24261205	harbor2	chr14	24126913	24127587	DNA/TcMar-Tigger	5615	-	337	24127250	66045
chr14	24061205	24261205	harbor2	chr14	24127852	24128026	DNA/TcMar-Tigger	5615	-	87	24127939	66734
chr14	24061205	24261205	harbor2	chr14	24128259	24128360	DNA/TcMar-Tigger	704	-	50	24128309	67104
chr14	100230408	100430408	harbor2	chr14	100271501	100271700	DNA/TcMar-Tigger	831	-	100	100271601	41193
chr14	100230408	100430408	harbor2	chr14	100271859	100271987	DNA/TcMar-Tigger	500	-	64	100271923	41515
chr14	64998457	65198457	harbor2	chr14	65065377	65065704	DNA/TcMar-Tigger	1996	-	164	65065541	67084
chr14	75328337	75528337	harbor2	chr14	75356187	75356719	DNA/TcMar-Tigger	948	-	266	75356453	28116
chr14	73358260	73558260	harbor2	chr14	73448831	73448926	DNA/TcMar-Tigger	483	-	48	73448879	90619
chr14	73358260	73558260	harbor2	chr14	73449333	73449556	DNA/TcMar-Tigger	726	-	112	73449445	91185
chr14	104654376	104854376	harbor2	chr14	104684750	104684993	DNA/TcMar-Tigger	615	-	122	104684872	30496
chr14	104654376	104854376	harbor2	chr14	104685055	104685141	DNA/TcMar-Tigger	459	-	43	104685098	30722
chr14	104019012	104219012	harbor2	chr14	104068358	104068869	DNA/TcMar-Tigger	3672	-	256	104068614	49602
chr14	104019012	104219012	harbor2	chr14	104069389	104069919	DNA/TcMar-Tigger	3672	-	265	104069654	50642
chr14	104019012	104219012	harbor2	chr14	104074877	104075066	DNA/TcMar-Tigger	1581	-	94	104074971	55959
chr14	104019012	104219012	harbor2	chr14	104075374	104075505	DNA/TcMar-Tigger	1581	-	66	104075440	56428
chr14	75329541	75529541	harbor2	chr14	75356187	75356719	DNA/TcMar-Tigger	948	-	266	75356453	26912
chr14	24047661	24247661	harbor2	chr14	24125546	24125657	DNA/TcMar-Tigger	700	-	56	24125602	77941
chr14	24047661	24247661	harbor2	chr14	24126265	24126376	DNA/TcMar-Tigger	745	-	56	24126321	78660
chr14	24047661	24247661	harbor2	chr14	24126581	24126609	DNA/TcMar-Tigger	5615	-	14	24126595	78934
chr14	24047661	24247661	harbor2	chr14	24126913	24127587	DNA/TcMar-Tigger	5615	-	337	24127250	79589
chr14	24047661	24247661	harbor2	chr14	24127852	24128026	DNA/TcMar-Tigger	5615	-	87	24127939	80278
chr14	24047661	24247661	harbor2	chr14	24128259	24128360	DNA/TcMar-Tigger	704	-	50	24128309	80648
chr14	104878876	105078876	harbor2	chr14	104914942	104915346	DNA/TcMar-Tigger	2075	-	202	104915144	36268
chr14	104878876	105078876	harbor2	chr14	104916984	104917347	DNA/TcMar-Tigger	1881	-	182	104917166	38290
chr14	96745593	96945593	harbor2	chr14	96801551	96801979	DNA/TcMar-Tigger	2460	-	214	96801765	56172
chr14	100276551	100476551	harbor2	chr14	100373534	100373768	DNA/TcMar-Tigger	510	-	117	100373651	97100
chr14	54728143	54928143	harbor2	chr14	54771925	54772199	DNA/TcMar-Tigger	782	-	137	54772062	43919
chr14	78725637	78925637	harbor2	chr14	78771861	78772187	DNA/TcMar-Tigger	2025	-	163	78772024	46387
chr14	104256665	104456665	harbor2	chr14	104330331	104331505	DNA/TcMar-Tigger	6552	-	587	104330918	74253
chr14	105394225	105594225	harbor2	chr14	105429024	105429290	DNA/TcMar-Tigger	1378	-	133	105429157	34932
chr14	105394225	105594225	harbor2	chr14	105430057	105430657	DNA/TcMar-Tigger	3047	-	300	105430357	36132
chr14	58232111	58432111	harbor2	chr14	58256271	58256411	DNA/TcMar-Tigger	1275	-	70	58256341	24230
chr14	58232111	58432111	harbor2	chr14	58256712	58256807	DNA/TcMar-Tigger	1275	-	48	58256760	24649
chr14	58232111	58432111	harbor2	chr14	58260116	58260427	DNA/TcMar-Tigger	1627	-	156	58260272	28161
chr14	104833199	105033199	harbor2	chr14	104914942	104915346	DNA/TcMar-Tigger	2075	-	202	104915144	81945
chr14	104833199	105033199	harbor2	chr14	104916984	104917347	DNA/TcMar-Tigger	1881	-	182	104917166	83967
chr14	103451499	103651499	harbor2	chr14	103513689	103513920	DNA/TcMar-Tigger	1202	-	116	103513805	62306
chr14	91232557	91432557	harbor2	chr14	91298995	91299595	DNA/TcMar-Tigger	2906	-	300	91299295	66738
chr14	105819891	106019891	harbor2	chr14	105824648	105824916	DNA/TcMar-Tigger	1781	-	134	105824782	4891
chr15	90165677	90365677	harbor2	chr15	90167761	90167923	DNA/TcMar-Tigger	873	-	81	90167842	2165
chr15	90165677	90365677	harbor2	chr15	90168418	90168768	DNA/TcMar-Tigger	2918	-	175	90168593	2916
chr15	90165677	90365677	harbor2	chr15	90169069	90169367	DNA/TcMar-Tigger	2918	-	149	90169218	3541
chr15	50324378	50524378	harbor2	chr15	50394348	50394389	DNA/TcMar-Tigger	628	-	20	50394368	69990
chr15	50324378	50524378	harbor2	chr15	50394668	50394783	DNA/TcMar-Tigger	628	-	58	50394726	70348
chr15	33938898	34138898	harbor2	chr15	33947509	33947678	DNA/TcMar-Tigger	995	-	84	33947593	8695
chr15	67308458	67508458	harbor2	chr15	67344318	67344797	DNA/TcMar-Tigger	2132	-	240	67344558	36100
chr15	35454869	35654869	harbor2	chr15	35457907	35458229	DNA/TcMar-Tigger	1158	-	161	35458068	3199
chr15	35454869	35654869	harbor2	chr15	35466617	35467282	DNA/TcMar-Tigger	4917	-	332	35466949	12080
chr15	35454869	35654869	harbor2	chr15	35467596	35467834	DNA/TcMar-Tigger	4917	-	119	35467715	12846
chr15	35454869	35654869	harbor2	chr15	35467835	35468017	DNA/TcMar-Tigger	1023	-	91	35467926	13057
chr15	74743181	74943181	harbor2	chr15	74795708	74795935	DNA/TcMar-Tigger	2168	-	114	74795822	52641
chr15	74743181	74943181	harbor2	chr15	74796243	74796445	DNA/TcMar-Tigger	2168	-	101	74796344	53163
chr15	75354520	75554520	harbor2	chr15	75447485	75447593	DNA/TcMar-Tigger	444	-	54	75447539	93019
chr15	74497169	74697169	harbor2	chr15	74550958	74551183	DNA/TcMar-Tigger	1285	-	112	74551070	53901
chr15	74497169	74697169	harbor2	chr15	74554793	74554990	DNA/TcMar-Tigger	1960	-	98	74554891	57722
chr15	74497169	74697169	harbor2	chr15	74555135	74555330	DNA/TcMar-Tigger	1960	-	98	74555233	58064
chr15	74497169	74697169	harbor2	chr15	74555635	74555782	DNA/TcMar-Tigger	1040	-	74	74555709	58540
chr15	74497169	74697169	harbor2	chr15	74556091	74556511	DNA/TcMar-Tigger	2715	-	210	74556301	59132
chr15	74497169	74697169	harbor2	chr15	74557598	74557728	DNA/TcMar-Tigger	842	-	65	74557663	60494
chr15	74497169	74697169	harbor2	chr15	74593586	74593758	DNA/TcMar-Tigger	522	-	86	74593672	96503
chr15	74497169	74697169	harbor2	chr15	74594066	74594120	DNA/TcMar-Tigger	522	-	27	74594093	96924
chr15	35466021	35666021	harbor2	chr15	35466617	35467282	DNA/TcMar-Tigger	4917	-	332	35466949	928
chr15	35466021	35666021	harbor2	chr15	35467596	35467834	DNA/TcMar-Tigger	4917	-	119	35467715	1694
chr15	35466021	35666021	harbor2	chr15	35467835	35468017	DNA/TcMar-Tigger	1023	-	91	35467926	1905
chr15	35449558	35649558	harbor2	chr15	35457907	35458229	DNA/TcMar-Tigger	1158	-	161	35458068	8510
chr15	35449558	35649558	harbor2	chr15	35466617	35467282	DNA/TcMar-Tigger	4917	-	332	35466949	17391
chr15	35449558	35649558	harbor2	chr15	35467596	35467834	DNA/TcMar-Tigger	4917	-	119	35467715	18157
chr15	35449558	35649558	harbor2	chr15	35467835	35468017	DNA/TcMar-Tigger	1023	-	91	35467926	18368
chr15	35992850	36192850	harbor2	chr15	36000383	36000592	DNA/TcMar-Tigger	772	-	104	36000487	7637
chr15	35992850	36192850	harbor2	chr15	36009374	36010203	DNA/TcMar-Tigger	14722	-	414	36009788	16938
chr15	35992850	36192850	harbor2	chr15	36010501	36011971	DNA/TcMar-Tigger	14722	-	735	36011236	18386
chr15	101862140	102062140	harbor2	chr15	101910446	101910905	DNA/TcMar-Tigger	2325	-	230	101910676	48536
chr15	101862140	102062140	harbor2	chr15	101910906	101911040	DNA/TcMar-Tigger	1033	-	67	101910973	48833
chr15	101862140	102062140	harbor2	chr15	101911333	101911425	DNA/TcMar-Tigger	1033	-	46	101911379	49239
chr15	74513026	74713026	harbor2	chr15	74550958	74551183	DNA/TcMar-Tigger	1285	-	112	74551070	38044
chr15	74513026	74713026	harbor2	chr15	74554793	74554990	DNA/TcMar-Tigger	1960	-	98	74554891	41865
chr15	74513026	74713026	harbor2	chr15	74555135	74555330	DNA/TcMar-Tigger	1960	-	98	74555233	42207
chr15	74513026	74713026	harbor2	chr15	74555635	74555782	DNA/TcMar-Tigger	1040	-	74	74555709	42683
chr15	74513026	74713026	harbor2	chr15	74556091	74556511	DNA/TcMar-Tigger	2715	-	210	74556301	43275
chr15	74513026	74713026	harbor2	chr15	74557598	74557728	DNA/TcMar-Tigger	842	-	65	74557663	44637
chr15	74513026	74713026	harbor2	chr15	74593586	74593758	DNA/TcMar-Tigger	522	-	86	74593672	80646
chr15	74513026	74713026	harbor2	chr15	74594066	74594120	DNA/TcMar-Tigger	522	-	27	74594093	81067
chr15	35459705	35659705	harbor2	chr15	35466617	35467282	DNA/TcMar-Tigger	4917	-	332	35466949	7244
chr15	35459705	35659705	harbor2	chr15	35467596	35467834	DNA/TcMar-Tigger	4917	-	119	35467715	8010
chr15	35459705	35659705	harbor2	chr15	35467835	35468017	DNA/TcMar-Tigger	1023	-	91	35467926	8221
chr15	101861388	102061388	harbor2	chr15	101910446	101910905	DNA/TcMar-Tigger	2325	-	230	101910676	49288
chr15	101861388	102061388	harbor2	chr15	101910906	101911040	DNA/TcMar-Tigger	1033	-	67	101910973	49585
chr15	101861388	102061388	harbor2	chr15	101911333	101911425	DNA/TcMar-Tigger	1033	-	46	101911379	49991
chr15	39901338	40101338	harbor2	chr15	39936711	39936946	DNA/TcMar-Tigger	679	-	118	39936829	35491
chr15	35449106	35649106	harbor2	chr15	35457907	35458229	DNA/TcMar-Tigger	1158	-	161	35458068	8962
chr15	35449106	35649106	harbor2	chr15	35466617	35467282	DNA/TcMar-Tigger	4917	-	332	35466949	17843
chr15	35449106	35649106	harbor2	chr15	35467596	35467834	DNA/TcMar-Tigger	4917	-	119	35467715	18609
chr15	35449106	35649106	harbor2	chr15	35467835	35468017	DNA/TcMar-Tigger	1023	-	91	35467926	18820
chr15	49055735	49255735	harbor2	chr15	49134750	49134837	DNA/TcMar-Tigger	488	-	44	49134794	79059
chr15	49055735	49255735	harbor2	chr15	49134838	49135003	DNA/TcMar-Tigger	578	-	82	49134920	79185
chr15	49055735	49255735	harbor2	chr15	49134999	49135230	DNA/TcMar-Tigger	1108	-	116	49135115	79380
chr15	35651734	35851734	harbor2	chr15	35734483	35734595	DNA/TcMar-Tigger	2388	-	56	35734539	82805
chr15	35651734	35851734	harbor2	chr15	35734905	35735021	DNA/TcMar-Tigger	2388	-	58	35734963	83229
chr15	35651734	35851734	harbor2	chr15	35735390	35735726	DNA/TcMar-Tigger	2388	-	168	35735558	83824
chr15	35651734	35851734	harbor2	chr15	35736090	35736560	DNA/TcMar-Tigger	2350	-	235	35736325	84591
chr15	79797266	79997266	harbor2	chr15	79849763	79849976	DNA/TcMar-Tigger	504	-	106	79849869	52603
chr15	36577146	36777146	harbor2	chr15	36583562	36583734	DNA/TcMar-Tigger	2203	-	86	36583648	6502
chr15	36577146	36777146	harbor2	chr15	36584042	36584237	DNA/TcMar-Tigger	2203	-	98	36584140	6994
chr15	36577146	36777146	harbor2	chr15	36584456	36584932	DNA/TcMar-Tigger	2489	-	238	36584694	7548
chr15	36577146	36777146	harbor2	chr15	36662799	36663019	DNA/TcMar-Tigger	1118	-	110	36662909	85763
chr15	25339082	25539082	harbor2	chr15	25349515	25349983	DNA/TcMar-Tigger	1942	-	234	25349749	10667
chr15	25339082	25539082	harbor2	chr15	25352347	25352553	DNA/TcMar-Tigger	1158	-	103	25352450	13368
chr15	25339082	25539082	harbor2	chr15	25352550	25352650	DNA/TcMar-Tigger	594	-	50	25352600	13518
chr15	25339082	25539082	harbor2	chr15	25353342	25353578	DNA/TcMar-Tigger	1108	-	118	25353460	14378
chr15	25339082	25539082	harbor2	chr15	25400240	25400549	DNA/TcMar-Tigger	1379	-	154	25400394	61312
chr15	25339082	25539082	harbor2	chr15	25417957	25418238	DNA/TcMar-Tigger	1369	-	140	25418097	79015
chr15	25339082	25539082	harbor2	chr15	25418856	25419061	DNA/TcMar-Tigger	1150	-	102	25418958	79876
chr15	35446794	35646794	harbor2	chr15	35457907	35458229	DNA/TcMar-Tigger	1158	-	161	35458068	11274
chr15	35446794	35646794	harbor2	chr15	35466617	35467282	DNA/TcMar-Tigger	4917	-	332	35466949	20155
chr15	35446794	35646794	harbor2	chr15	35467596	35467834	DNA/TcMar-Tigger	4917	-	119	35467715	20921
chr15	35446794	35646794	harbor2	chr15	35467835	35468017	DNA/TcMar-Tigger	1023	-	91	35467926	21132
chr15	45242182	45442182	harbor2	chr15	45244459	45244630	DNA/TcMar-Tigger	1005	-	86	45244545	2363
chr15	35446632	35646632	harbor2	chr15	35457907	35458229	DNA/TcMar-Tigger	1158	-	161	35458068	11436
chr15	35446632	35646632	harbor2	chr15	35466617	35467282	DNA/TcMar-Tigger	4917	-	332	35466949	20317
chr15	35446632	35646632	harbor2	chr15	35467596	35467834	DNA/TcMar-Tigger	4917	-	119	35467715	21083
chr15	35446632	35646632	harbor2	chr15	35467835	35468017	DNA/TcMar-Tigger	1023	-	91	35467926	21294
chr15	53985076	54185076	harbor2	chr15	54070946	54071182	DNA/TcMar-Tigger	554	-	118	54071064	85988
chr15	69999345	70199345	harbor2	chr15	70008320	70008604	DNA/TcMar-Tigger	1029	-	142	70008462	9117
chr15	69999345	70199345	harbor2	chr15	70043281	70043362	DNA/TcMar-Tigger	562	-	40	70043321	43976
chr15	69999345	70199345	harbor2	chr15	70043637	70043654	DNA/TcMar-Tigger	562	-	8	70043645	44300
chr15	68054059	68254059	harbor2	chr15	68092944	68093509	DNA/TcMar-Tigger	1584	-	282	68093226	39167
chr15	68054059	68254059	harbor2	chr15	68098091	68098522	DNA/TcMar-Tigger	2249	-	216	68098307	44248
chr15	68054059	68254059	harbor2	chr15	68106841	68106994	DNA/TcMar-Tigger	529	-	76	68106917	52858
chr15	68054059	68254059	harbor2	chr15	68091622	68091966	DNA/TcMar-Tigger	1670	-	172	68091794	37735
chr15	36396102	36596102	harbor2	chr15	36397067	36397405	DNA/TcMar-Tigger	2017	-	169	36397236	1134
chr15	72132178	72332178	harbor2	chr15	72138279	72138349	DNA/TcMar-Tigger	628	-	35	72138314	6136
chr15	72132178	72332178	harbor2	chr15	72138650	72138681	DNA/TcMar-Tigger	628	-	16	72138666	6488
chr15	72132178	72332178	harbor2	chr15	72138986	72139064	DNA/TcMar-Tigger	628	-	39	72139025	6847
chr15	72132178	72332178	harbor2	chr15	72139182	72139483	DNA/TcMar-Tigger	1738	-	150	72139332	7154
chr15	101861522	102061522	harbor2	chr15	101910446	101910905	DNA/TcMar-Tigger	2325	-	230	101910676	49154
chr15	101861522	102061522	harbor2	chr15	101910906	101911040	DNA/TcMar-Tigger	1033	-	67	101910973	49451
chr15	101861522	102061522	harbor2	chr15	101911333	101911425	DNA/TcMar-Tigger	1033	-	46	101911379	49857
chr15	31770757	31970757	harbor2	chr15	31835839	31836064	DNA/TcMar-Tigger	1345	-	112	31835951	65194
chr15	40121372	40321372	harbor2	chr15	40172296	40172712	DNA/TcMar-Tigger	2301	-	208	40172504	51132
chr15	40121372	40321372	harbor2	chr15	40190055	40190323	DNA/TcMar-Tigger	2749	-	134	40190189	68817
chr15	40121372	40321372	harbor2	chr15	40190643	40190888	DNA/TcMar-Tigger	2749	-	122	40190765	69393
chr15	40121372	40321372	harbor2	chr15	40191188	40191313	DNA/TcMar-Tigger	2749	-	62	40191250	69878
chr15	35446761	35646761	harbor2	chr15	35457907	35458229	DNA/TcMar-Tigger	1158	-	161	35458068	11307
chr15	35446761	35646761	harbor2	chr15	35466617	35467282	DNA/TcMar-Tigger	4917	-	332	35466949	20188
chr15	35446761	35646761	harbor2	chr15	35467596	35467834	DNA/TcMar-Tigger	4917	-	119	35467715	20954
chr15	35446761	35646761	harbor2	chr15	35467835	35468017	DNA/TcMar-Tigger	1023	-	91	35467926	21165
chr15	35573001	35773001	harbor2	chr15	35621386	35621971	DNA/TcMar-Tigger	640	-	292	35621678	48677
chr15	35446582	35646582	harbor2	chr15	35457907	35458229	DNA/TcMar-Tigger	1158	-	161	35458068	11486
chr15	35446582	35646582	harbor2	chr15	35466617	35467282	DNA/TcMar-Tigger	4917	-	332	35466949	20367
chr15	35446582	35646582	harbor2	chr15	35467596	35467834	DNA/TcMar-Tigger	4917	-	119	35467715	21133
chr15	35446582	35646582	harbor2	chr15	35467835	35468017	DNA/TcMar-Tigger	1023	-	91	35467926	21344
chr15	35455009	35655009	harbor2	chr15	35457907	35458229	DNA/TcMar-Tigger	1158	-	161	35458068	3059
chr15	35455009	35655009	harbor2	chr15	35466617	35467282	DNA/TcMar-Tigger	4917	-	332	35466949	11940
chr15	35455009	35655009	harbor2	chr15	35467596	35467834	DNA/TcMar-Tigger	4917	-	119	35467715	12706
chr15	35455009	35655009	harbor2	chr15	35467835	35468017	DNA/TcMar-Tigger	1023	-	91	35467926	12917
chr15	35619577	35819577	harbor2	chr15	35621386	35621971	DNA/TcMar-Tigger	640	-	292	35621678	2101
chr15	69999529	70199529	harbor2	chr15	70008320	70008604	DNA/TcMar-Tigger	1029	-	142	70008462	8933
chr15	69999529	70199529	harbor2	chr15	70043281	70043362	DNA/TcMar-Tigger	562	-	40	70043321	43792
chr15	69999529	70199529	harbor2	chr15	70043637	70043654	DNA/TcMar-Tigger	562	-	8	70043645	44116
chr15	35562035	35762035	harbor2	chr15	35621386	35621971	DNA/TcMar-Tigger	640	-	292	35621678	59643
chr15	98551300	98751300	harbor2	chr15	98583979	98584115	DNA/TcMar-Tigger	513	-	68	98584047	32747
chr15	98551300	98751300	harbor2	chr15	98629613	98629926	DNA/TcMar-Tigger	1501	-	156	98629769	78469
chr15	98551300	98751300	harbor2	chr15	98630233	98630407	DNA/TcMar-Tigger	1501	-	87	98630320	79020
chr15	98551300	98751300	harbor2	chr15	98630705	98630847	DNA/TcMar-Tigger	1501	-	71	98630776	79476
chr15	35569668	35769668	harbor2	chr15	35621386	35621971	DNA/TcMar-Tigger	640	-	292	35621678	52010
chr15	67725182	67925182	harbor2	chr15	67751527	67751796	DNA/TcMar-Tigger	447	-	134	67751661	26479
chr15	67725182	67925182	harbor2	chr15	67793436	67793638	DNA/TcMar-Tigger	597	-	101	67793537	68355
chr15	100502491	100702491	harbor2	chr15	100567004	100567340	DNA/TcMar-Tigger	1952	-	168	100567172	64681
chr15	100502491	100702491	harbor2	chr15	100593983	100594305	DNA/TcMar-Tigger	1781	-	161	100594144	91653
chr15	100502491	100702491	harbor2	chr15	100594475	100594889	DNA/TcMar-Tigger	1756	-	207	100594682	92191
chr15	45303426	45503426	harbor2	chr15	45389116	45389301	DNA/TcMar-Tigger	583	-	92	45389208	85782
chr15	45303426	45503426	harbor2	chr15	45393640	45393874	DNA/TcMar-Tigger	1541	-	117	45393757	90331
chr15	35446763	35646763	harbor2	chr15	35457907	35458229	DNA/TcMar-Tigger	1158	-	161	35458068	11305
chr15	35446763	35646763	harbor2	chr15	35466617	35467282	DNA/TcMar-Tigger	4917	-	332	35466949	20186
chr15	35446763	35646763	harbor2	chr15	35467596	35467834	DNA/TcMar-Tigger	4917	-	119	35467715	20952
chr15	35446763	35646763	harbor2	chr15	35467835	35468017	DNA/TcMar-Tigger	1023	-	91	35467926	21163
chr15	98322213	98522213	harbor2	chr15	98358352	98358490	DNA/TcMar-Tigger	943	-	69	98358421	36208
chr15	98322213	98522213	harbor2	chr15	98358785	98358829	DNA/TcMar-Tigger	943	-	22	98358807	36594
chr15	98322213	98522213	harbor2	chr15	98359524	98359804	DNA/TcMar-Tigger	1705	-	140	98359664	37451
chr15	35449388	35649388	harbor2	chr15	35457907	35458229	DNA/TcMar-Tigger	1158	-	161	35458068	8680
chr15	35449388	35649388	harbor2	chr15	35466617	35467282	DNA/TcMar-Tigger	4917	-	332	35466949	17561
chr15	35449388	35649388	harbor2	chr15	35467596	35467834	DNA/TcMar-Tigger	4917	-	119	35467715	18327
chr15	35449388	35649388	harbor2	chr15	35467835	35468017	DNA/TcMar-Tigger	1023	-	91	35467926	18538
chr15	101861640	102061640	harbor2	chr15	101910446	101910905	DNA/TcMar-Tigger	2325	-	230	101910676	49036
chr15	101861640	102061640	harbor2	chr15	101910906	101911040	DNA/TcMar-Tigger	1033	-	67	101910973	49333
chr15	101861640	102061640	harbor2	chr15	101911333	101911425	DNA/TcMar-Tigger	1033	-	46	101911379	49739
chr15	35598875	35798875	harbor2	chr15	35621386	35621971	DNA/TcMar-Tigger	640	-	292	35621678	22803
chr15	51149547	51349547	harbor2	chr15	51173048	51173185	DNA/TcMar-Tigger	604	-	68	51173116	23569
chr15	95821070	96021070	harbor2	chr15	95889967	95890802	DNA/TcMar-Tigger	4540	-	418	95890385	69315
chr15	98032466	98232466	harbor2	chr15	98069964	98070589	DNA/TcMar-Tigger	3175	-	312	98070276	37810
chr15	74497233	74697233	harbor2	chr15	74550958	74551183	DNA/TcMar-Tigger	1285	-	112	74551070	53837
chr15	74497233	74697233	harbor2	chr15	74554793	74554990	DNA/TcMar-Tigger	1960	-	98	74554891	57658
chr15	74497233	74697233	harbor2	chr15	74555135	74555330	DNA/TcMar-Tigger	1960	-	98	74555233	58000
chr15	74497233	74697233	harbor2	chr15	74555635	74555782	DNA/TcMar-Tigger	1040	-	74	74555709	58476
chr15	74497233	74697233	harbor2	chr15	74556091	74556511	DNA/TcMar-Tigger	2715	-	210	74556301	59068
chr15	74497233	74697233	harbor2	chr15	74557598	74557728	DNA/TcMar-Tigger	842	-	65	74557663	60430
chr15	74497233	74697233	harbor2	chr15	74593586	74593758	DNA/TcMar-Tigger	522	-	86	74593672	96439
chr15	74497233	74697233	harbor2	chr15	74594066	74594120	DNA/TcMar-Tigger	522	-	27	74594093	96860
chr15	35572649	35772649	harbor2	chr15	35621386	35621971	DNA/TcMar-Tigger	640	-	292	35621678	49029
chr15	35448871	35648871	harbor2	chr15	35457907	35458229	DNA/TcMar-Tigger	1158	-	161	35458068	9197
chr15	35448871	35648871	harbor2	chr15	35466617	35467282	DNA/TcMar-Tigger	4917	-	332	35466949	18078
chr15	35448871	35648871	harbor2	chr15	35467596	35467834	DNA/TcMar-Tigger	4917	-	119	35467715	18844
chr15	35448871	35648871	harbor2	chr15	35467835	35468017	DNA/TcMar-Tigger	1023	-	91	35467926	19055
chr15	28554377	28754377	harbor2	chr15	28593408	28593702	DNA/TcMar-Tigger	673	-	147	28593555	39178
chr15	101861538	102061538	harbor2	chr15	101910446	101910905	DNA/TcMar-Tigger	2325	-	230	101910676	49138
chr15	101861538	102061538	harbor2	chr15	101910906	101911040	DNA/TcMar-Tigger	1033	-	67	101910973	49435
chr15	101861538	102061538	harbor2	chr15	101911333	101911425	DNA/TcMar-Tigger	1033	-	46	101911379	49841
chr15	35446634	35646634	harbor2	chr15	35457907	35458229	DNA/TcMar-Tigger	1158	-	161	35458068	11434
chr15	35446634	35646634	harbor2	chr15	35466617	35467282	DNA/TcMar-Tigger	4917	-	332	35466949	20315
chr15	35446634	35646634	harbor2	chr15	35467596	35467834	DNA/TcMar-Tigger	4917	-	119	35467715	21081
chr15	35446634	35646634	harbor2	chr15	35467835	35468017	DNA/TcMar-Tigger	1023	-	91	35467926	21292
chr15	35446200	35646200	harbor2	chr15	35457907	35458229	DNA/TcMar-Tigger	1158	-	161	35458068	11868
chr15	35446200	35646200	harbor2	chr15	35466617	35467282	DNA/TcMar-Tigger	4917	-	332	35466949	20749
chr15	35446200	35646200	harbor2	chr15	35467596	35467834	DNA/TcMar-Tigger	4917	-	119	35467715	21515
chr15	35446200	35646200	harbor2	chr15	35467835	35468017	DNA/TcMar-Tigger	1023	-	91	35467926	21726
chr15	52686651	52886651	harbor2	chr15	52693776	52693967	DNA/TcMar-Tigger	522	-	96	52693872	7221
chr15	101861562	102061562	harbor2	chr15	101910446	101910905	DNA/TcMar-Tigger	2325	-	230	101910676	49114
chr15	101861562	102061562	harbor2	chr15	101910906	101911040	DNA/TcMar-Tigger	1033	-	67	101910973	49411
chr15	101861562	102061562	harbor2	chr15	101911333	101911425	DNA/TcMar-Tigger	1033	-	46	101911379	49817
chr15	101862064	102062064	harbor2	chr15	101910446	101910905	DNA/TcMar-Tigger	2325	-	230	101910676	48612
chr15	101862064	102062064	harbor2	chr15	101910906	101911040	DNA/TcMar-Tigger	1033	-	67	101910973	48909
chr15	101862064	102062064	harbor2	chr15	101911333	101911425	DNA/TcMar-Tigger	1033	-	46	101911379	49315
chr15	57726549	57926549	harbor2	chr15	57727295	57727476	DNA/TcMar-Tigger	1207	-	90	57727385	836
chr15	35446625	35646625	harbor2	chr15	35457907	35458229	DNA/TcMar-Tigger	1158	-	161	35458068	11443
chr15	35446625	35646625	harbor2	chr15	35466617	35467282	DNA/TcMar-Tigger	4917	-	332	35466949	20324
chr15	35446625	35646625	harbor2	chr15	35467596	35467834	DNA/TcMar-Tigger	4917	-	119	35467715	21090
chr15	35446625	35646625	harbor2	chr15	35467835	35468017	DNA/TcMar-Tigger	1023	-	91	35467926	21301
chr15	34426686	34626686	harbor2	chr15	34431411	34431945	DNA/TcMar-Tigger	2166	-	267	34431678	4992
chr15	34426686	34626686	harbor2	chr15	34498595	34498754	DNA/TcMar-Tigger	413	-	80	34498675	71989
chr16	1279091	1479091	harbor2	chr16	1376689	1376862	DNA/TcMar-Tigger	605	-	86	1376775	97684
chr16	77183	277183	harbor2	chr16	131621	131996	DNA/TcMar-Tigger	4341	-	188	131809	54626
chr16	77183	277183	harbor2	chr16	132307	132664	DNA/TcMar-Tigger	4341	-	178	132485	55302
chr16	77183	277183	harbor2	chr16	132969	133223	DNA/TcMar-Tigger	1565	-	127	133096	55913
chr16	77183	277183	harbor2	chr16	133663	134201	DNA/TcMar-Tigger	3010	-	269	133932	56749
chr16	87292218	87492218	harbor2	chr16	87373904	87373961	DNA/TcMar-Tigger	1447	-	28	87373932	81714
chr16	87292218	87492218	harbor2	chr16	87374268	87374547	DNA/TcMar-Tigger	1447	-	140	87374408	82190
chr16	79433396	79633396	harbor2	chr16	79465116	79465214	DNA/TcMar-Tigger	562	-	49	79465165	31769
chr16	88709995	88909995	harbor2	chr16	88769048	88769220	DNA/TcMar-Tigger	718	-	86	88769134	59139
chr16	88685860	88885860	harbor2	chr16	88769048	88769220	DNA/TcMar-Tigger	718	-	86	88769134	83274
chr16	77583873	77783873	harbor2	chr16	77607617	77607735	DNA/TcMar-Tigger	1463	-	59	77607676	23803
chr16	77583873	77783873	harbor2	chr16	77608037	77608245	DNA/TcMar-Tigger	1463	-	104	77608141	24268
chr16	67009818	67209818	harbor2	chr16	67039044	67039622	DNA/TcMar-Tigger	3128	-	289	67039333	29515
chr16	67009818	67209818	harbor2	chr16	67050347	67050512	DNA/TcMar-Tigger	1175	-	82	67050429	40611
chr16	67009818	67209818	harbor2	chr16	67050821	67051110	DNA/TcMar-Tigger	1175	-	144	67050965	41147
chr16	1987175	2187175	harbor2	chr16	2068376	2068593	DNA/TcMar-Tigger	2012	-	108	2068484	81309
chr16	1987175	2187175	harbor2	chr16	2068894	2069096	DNA/TcMar-Tigger	2012	-	101	2068995	81820
chr16	135637	335637	harbor2	chr16	204617	205184	DNA/TcMar-Tigger	3539	-	284	204901	69264
chr16	135637	335637	harbor2	chr16	205315	205436	DNA/TcMar-Tigger	3539	-	60	205375	69738
chr16	1279028	1479028	harbor2	chr16	1376689	1376862	DNA/TcMar-Tigger	605	-	86	1376775	97747
chr16	87292217	87492217	harbor2	chr16	87373904	87373961	DNA/TcMar-Tigger	1447	-	28	87373932	81715
chr16	87292217	87492217	harbor2	chr16	87374268	87374547	DNA/TcMar-Tigger	1447	-	140	87374408	82191
chr16	46873069	47073069	harbor2	chr16	46892862	46893118	DNA/TcMar-Tigger	1423	-	128	46892990	19921
chr16	46873069	47073069	harbor2	chr16	46893431	46893501	DNA/TcMar-Tigger	1423	-	35	46893466	20397
chr16	46873069	47073069	harbor2	chr16	46969049	46969125	DNA/TcMar-Tigger	533	-	38	46969087	96018
chr16	67009814	67209814	harbor2	chr16	67039044	67039622	DNA/TcMar-Tigger	3128	-	289	67039333	29519
chr16	67009814	67209814	harbor2	chr16	67050347	67050512	DNA/TcMar-Tigger	1175	-	82	67050429	40615
chr16	67009814	67209814	harbor2	chr16	67050821	67051110	DNA/TcMar-Tigger	1175	-	144	67050965	41151
chr16	89474741	89674741	harbor2	chr16	89516914	89517136	DNA/TcMar-Tigger	964	-	111	89517025	42284
chr16	89474741	89674741	harbor2	chr16	89526995	89527249	DNA/TcMar-Tigger	894	-	127	89527122	52381
chr16	87293377	87493377	harbor2	chr16	87373904	87373961	DNA/TcMar-Tigger	1447	-	28	87373932	80555
chr16	87293377	87493377	harbor2	chr16	87374268	87374547	DNA/TcMar-Tigger	1447	-	140	87374408	81031
chr16	88757148	88957148	harbor2	chr16	88769048	88769220	DNA/TcMar-Tigger	718	-	86	88769134	11986
chr16	67009856	67209856	harbor2	chr16	67039044	67039622	DNA/TcMar-Tigger	3128	-	289	67039333	29477
chr16	67009856	67209856	harbor2	chr16	67050347	67050512	DNA/TcMar-Tigger	1175	-	82	67050429	40573
chr16	67009856	67209856	harbor2	chr16	67050821	67051110	DNA/TcMar-Tigger	1175	-	144	67050965	41109
chr16	182021	382021	harbor2	chr16	204617	205184	DNA/TcMar-Tigger	3539	-	284	204901	22880
chr16	182021	382021	harbor2	chr16	205315	205436	DNA/TcMar-Tigger	3539	-	60	205375	23354
chr16	6406487	6606487	harbor2	chr16	6476355	6478224	DNA/TcMar-Tigger	14106	-	934	6477289	70802
chr16	6406487	6606487	harbor2	chr16	6478555	6479088	DNA/TcMar-Tigger	14106	-	266	6478821	72334
chr16	67009865	67209865	harbor2	chr16	67039044	67039622	DNA/TcMar-Tigger	3128	-	289	67039333	29468
chr16	67009865	67209865	harbor2	chr16	67050347	67050512	DNA/TcMar-Tigger	1175	-	82	67050429	40564
chr16	67009865	67209865	harbor2	chr16	67050821	67051110	DNA/TcMar-Tigger	1175	-	144	67050965	41100
chr16	67009874	67209874	harbor2	chr16	67039044	67039622	DNA/TcMar-Tigger	3128	-	289	67039333	29459
chr16	67009874	67209874	harbor2	chr16	67050347	67050512	DNA/TcMar-Tigger	1175	-	82	67050429	40555
chr16	67009874	67209874	harbor2	chr16	67050821	67051110	DNA/TcMar-Tigger	1175	-	144	67050965	41091
chr16	74290	274290	harbor2	chr16	131621	131996	DNA/TcMar-Tigger	4341	-	188	131809	57519
chr16	74290	274290	harbor2	chr16	132307	132664	DNA/TcMar-Tigger	4341	-	178	132485	58195
chr16	74290	274290	harbor2	chr16	132969	133223	DNA/TcMar-Tigger	1565	-	127	133096	58806
chr16	74290	274290	harbor2	chr16	133663	134201	DNA/TcMar-Tigger	3010	-	269	133932	59642
chr16	57884887	58084887	harbor2	chr16	57891208	57891346	DNA/TcMar-Tigger	742	-	69	57891277	6390
chr16	57884887	58084887	harbor2	chr16	57891516	57891555	DNA/TcMar-Tigger	2526	-	20	57891536	6649
chr16	57884887	58084887	harbor2	chr16	57891852	57892329	DNA/TcMar-Tigger	2526	-	238	57892090	7203
chr16	79064526	79264526	harbor2	chr16	79115906	79117049	DNA/TcMar-Tigger	15083	-	572	79116478	51952
chr16	79064526	79264526	harbor2	chr16	79117309	79118608	DNA/TcMar-Tigger	15083	-	650	79117959	53433
chr16	47561803	47761803	harbor2	chr16	47600551	47600811	DNA/TcMar-Tigger	1133	-	130	47600681	38878
chr16	47561803	47761803	harbor2	chr16	47562564	47563616	DNA/TcMar-Tigger	6770	-	526	47563090	1287
chr16	47497102	47697102	harbor2	chr16	47536477	47536789	DNA/TcMar-Tigger	895	-	156	47536633	39531
chr16	47497102	47697102	harbor2	chr16	47562564	47563616	DNA/TcMar-Tigger	6770	-	526	47563090	65988
chr16	77425	277425	harbor2	chr16	131621	131996	DNA/TcMar-Tigger	4341	-	188	131809	54384
chr16	77425	277425	harbor2	chr16	132307	132664	DNA/TcMar-Tigger	4341	-	178	132485	55060
chr16	77425	277425	harbor2	chr16	132969	133223	DNA/TcMar-Tigger	1565	-	127	133096	55671
chr16	77425	277425	harbor2	chr16	133663	134201	DNA/TcMar-Tigger	3010	-	269	133932	56507
chr16	70885369	71085369	harbor2	chr16	70972680	70973007	DNA/TcMar-Tigger	1085	-	164	70972844	87475
chr16	30255065	30455065	harbor2	chr16	30284019	30284357	DNA/TcMar-Tigger	1961	-	169	30284188	29123
chr16	72951269	73151269	harbor2	chr16	73006763	73007062	DNA/TcMar-Tigger	1169	-	150	73006913	55644
chr16	77400	277400	harbor2	chr16	131621	131996	DNA/TcMar-Tigger	4341	-	188	131809	54409
chr16	77400	277400	harbor2	chr16	132307	132664	DNA/TcMar-Tigger	4341	-	178	132485	55085
chr16	77400	277400	harbor2	chr16	132969	133223	DNA/TcMar-Tigger	1565	-	127	133096	55696
chr16	77400	277400	harbor2	chr16	133663	134201	DNA/TcMar-Tigger	3010	-	269	133932	56532
chr16	67012863	67212863	harbor2	chr16	67039044	67039622	DNA/TcMar-Tigger	3128	-	289	67039333	26470
chr16	67012863	67212863	harbor2	chr16	67050347	67050512	DNA/TcMar-Tigger	1175	-	82	67050429	37566
chr16	67012863	67212863	harbor2	chr16	67050821	67051110	DNA/TcMar-Tigger	1175	-	144	67050965	38102
chr16	30599106	30799106	harbor2	chr16	30671735	30671794	DNA/TcMar-Tigger	1422	-	30	30671765	72659
chr16	30599106	30799106	harbor2	chr16	30672091	30672602	DNA/TcMar-Tigger	1422	-	256	30672347	73241
chr16	31202309	31402309	harbor2	chr16	31233489	31233649	DNA/TcMar-Tigger	1149	-	80	31233569	31260
chr16	31202309	31402309	harbor2	chr16	31234694	31234805	DNA/TcMar-Tigger	3564	-	56	31234750	32441
chr16	31202309	31402309	harbor2	chr16	31235093	31235480	DNA/TcMar-Tigger	3564	-	194	31235287	32978
chr16	31202309	31402309	harbor2	chr16	31235487	31235576	DNA/TcMar-Tigger	8708	-	44	31235531	33222
chr16	31202309	31402309	harbor2	chr16	31235885	31236116	DNA/TcMar-Tigger	8708	-	116	31236001	33692
chr16	31202309	31402309	harbor2	chr16	31236424	31237066	DNA/TcMar-Tigger	8708	-	321	31236745	34436
chr16	31202309	31402309	harbor2	chr16	31237365	31237463	DNA/TcMar-Tigger	8708	-	49	31237414	35105
chr16	31202309	31402309	harbor2	chr16	31237756	31238283	DNA/TcMar-Tigger	8708	-	264	31238020	35711
chr16	167264	367264	harbor2	chr16	204617	205184	DNA/TcMar-Tigger	3539	-	284	204901	37637
chr16	167264	367264	harbor2	chr16	205315	205436	DNA/TcMar-Tigger	3539	-	60	205375	38111
chr16	81549	281549	harbor2	chr16	131621	131996	DNA/TcMar-Tigger	4341	-	188	131809	50260
chr16	81549	281549	harbor2	chr16	132307	132664	DNA/TcMar-Tigger	4341	-	178	132485	50936
chr16	81549	281549	harbor2	chr16	132969	133223	DNA/TcMar-Tigger	1565	-	127	133096	51547
chr16	81549	281549	harbor2	chr16	133663	134201	DNA/TcMar-Tigger	3010	-	269	133932	52383
chr16	67009860	67209860	harbor2	chr16	67039044	67039622	DNA/TcMar-Tigger	3128	-	289	67039333	29473
chr16	67009860	67209860	harbor2	chr16	67050347	67050512	DNA/TcMar-Tigger	1175	-	82	67050429	40569
chr16	67009860	67209860	harbor2	chr16	67050821	67051110	DNA/TcMar-Tigger	1175	-	144	67050965	41105
chr16	77408	277408	harbor2	chr16	131621	131996	DNA/TcMar-Tigger	4341	-	188	131809	54401
chr16	77408	277408	harbor2	chr16	132307	132664	DNA/TcMar-Tigger	4341	-	178	132485	55077
chr16	77408	277408	harbor2	chr16	132969	133223	DNA/TcMar-Tigger	1565	-	127	133096	55688
chr16	77408	277408	harbor2	chr16	133663	134201	DNA/TcMar-Tigger	3010	-	269	133932	56524
chr16	89596335	89796335	harbor2	chr16	89608020	89608315	DNA/TcMar-Tigger	575	-	148	89608168	11833
chr16	1606121	1806121	harbor2	chr16	1683879	1684209	DNA/TcMar-Tigger	1763	-	165	1684044	77923
chr16	30330034	30530034	harbor2	chr16	30421981	30422229	DNA/TcMar-Tigger	1256	-	124	30422105	92071
chr16	30599603	30799603	harbor2	chr16	30671735	30671794	DNA/TcMar-Tigger	1422	-	30	30671765	72162
chr16	30599603	30799603	harbor2	chr16	30672091	30672602	DNA/TcMar-Tigger	1422	-	256	30672347	72744
chr16	88757121	88957121	harbor2	chr16	88769048	88769220	DNA/TcMar-Tigger	718	-	86	88769134	12013
chr16	75241699	75441699	harbor2	chr16	75322357	75322615	DNA/TcMar-Tigger	5743	-	129	75322486	80787
chr16	75241699	75441699	harbor2	chr16	75322834	75323498	DNA/TcMar-Tigger	5743	-	332	75323166	81467
chr16	75241699	75441699	harbor2	chr16	75323796	75323907	DNA/TcMar-Tigger	5743	-	56	75323852	82153
chr16	75397510	75597510	harbor2	chr16	75421813	75422088	DNA/TcMar-Tigger	1664	-	138	75421951	24441
chr16	57891552	58091552	harbor2	chr16	57891516	57891555	DNA/TcMar-Tigger	2526	-	20	57891536	16
chr16	57891552	58091552	harbor2	chr16	57891852	57892329	DNA/TcMar-Tigger	2526	-	238	57892090	538
chr16	1606161	1806161	harbor2	chr16	1683879	1684209	DNA/TcMar-Tigger	1763	-	165	1684044	77883
chr16	89595449	89795449	harbor2	chr16	89608020	89608315	DNA/TcMar-Tigger	575	-	148	89608168	12719
chr16	82568055	82768055	harbor2	chr16	82665761	82666034	DNA/TcMar-Tigger	969	-	136	82665897	97842
chr16	82568055	82768055	harbor2	chr16	82657084	82657622	DNA/TcMar-Tigger	1951	-	269	82657353	89298
chr16	87292154	87492154	harbor2	chr16	87373904	87373961	DNA/TcMar-Tigger	1447	-	28	87373932	81778
chr16	87292154	87492154	harbor2	chr16	87374268	87374547	DNA/TcMar-Tigger	1447	-	140	87374408	82254
chr16	57890831	58090831	harbor2	chr16	57891208	57891346	DNA/TcMar-Tigger	742	-	69	57891277	446
chr16	57890831	58090831	harbor2	chr16	57891516	57891555	DNA/TcMar-Tigger	2526	-	20	57891536	705
chr16	57890831	58090831	harbor2	chr16	57891852	57892329	DNA/TcMar-Tigger	2526	-	238	57892090	1259
chr16	1688894	1888894	harbor2	chr16	1748871	1749176	DNA/TcMar-Tigger	1295	-	152	1749023	60129
chr17	7461788	7661788	harbor2	chr17	7517675	7517939	DNA/TcMar-Tigger	1031	-	132	7517807	56019
chr17	7461788	7661788	harbor2	chr17	7531865	7532033	DNA/TcMar-Tigger	885	-	84	7531949	70161
chr17	7461788	7661788	harbor2	chr17	7534349	7534511	DNA/TcMar-Tigger	1063	-	81	7534430	72642
chr17	7461788	7661788	harbor2	chr17	7534812	7534865	DNA/TcMar-Tigger	1063	-	26	7534838	73050
chr17	76675676	76875676	harbor2	chr17	76758793	76758963	DNA/TcMar-Tigger	2098	-	85	76758878	83202
chr17	76675676	76875676	harbor2	chr17	76759903	76759985	DNA/TcMar-Tigger	2098	-	41	76759944	84268
chr17	76675676	76875676	harbor2	chr17	76760298	76760491	DNA/TcMar-Tigger	2098	-	96	76760394	84718
chr17	78893046	79093046	harbor2	chr17	78905876	78906089	DNA/TcMar-Tigger	1612	-	106	78905982	12936
chr17	78893046	79093046	harbor2	chr17	78906405	78906563	DNA/TcMar-Tigger	1612	-	79	78906484	13438
chr17	78893046	79093046	harbor2	chr17	78906891	78907059	DNA/TcMar-Tigger	2806	-	84	78906975	13929
chr17	78893046	79093046	harbor2	chr17	78907336	78907764	DNA/TcMar-Tigger	2806	-	214	78907550	14504
chr17	64956158	65156158	harbor2	chr17	65031125	65031395	DNA/TcMar-Tigger	1269	-	135	65031260	75102
chr17	64956158	65156158	harbor2	chr17	65038041	65038122	DNA/TcMar-Tigger	2039	-	40	65038081	81923
chr17	64956158	65156158	harbor2	chr17	65038727	65039024	DNA/TcMar-Tigger	2039	-	148	65038875	82717
chr17	64956158	65156158	harbor2	chr17	65053128	65053445	DNA/TcMar-Tigger	1332	-	158	65053286	97128
chr17	58391290	58591290	harbor2	chr17	58430813	58430935	DNA/TcMar-Tigger	1748	-	61	58430874	39584
chr17	58391290	58591290	harbor2	chr17	58431276	58431482	DNA/TcMar-Tigger	1748	-	103	58431379	40089
chr17	7480912	7680912	harbor2	chr17	7517675	7517939	DNA/TcMar-Tigger	1031	-	132	7517807	36895
chr17	7480912	7680912	harbor2	chr17	7531865	7532033	DNA/TcMar-Tigger	885	-	84	7531949	51037
chr17	7480912	7680912	harbor2	chr17	7534349	7534511	DNA/TcMar-Tigger	1063	-	81	7534430	53518
chr17	7480912	7680912	harbor2	chr17	7534812	7534865	DNA/TcMar-Tigger	1063	-	26	7534838	53926
chr17	7479425	7679425	harbor2	chr17	7517675	7517939	DNA/TcMar-Tigger	1031	-	132	7517807	38382
chr17	7479425	7679425	harbor2	chr17	7531865	7532033	DNA/TcMar-Tigger	885	-	84	7531949	52524
chr17	7479425	7679425	harbor2	chr17	7534349	7534511	DNA/TcMar-Tigger	1063	-	81	7534430	55005
chr17	7479425	7679425	harbor2	chr17	7534812	7534865	DNA/TcMar-Tigger	1063	-	26	7534838	55413
chr17	76638002	76838002	harbor2	chr17	76652088	76652710	DNA/TcMar-Tigger	4082	-	311	76652399	14397
chr17	76638002	76838002	harbor2	chr17	76653343	76653539	DNA/TcMar-Tigger	1030	-	98	76653441	15439
chr17	7462630	7662630	harbor2	chr17	7517675	7517939	DNA/TcMar-Tigger	1031	-	132	7517807	55177
chr17	7462630	7662630	harbor2	chr17	7531865	7532033	DNA/TcMar-Tigger	885	-	84	7531949	69319
chr17	7462630	7662630	harbor2	chr17	7534349	7534511	DNA/TcMar-Tigger	1063	-	81	7534430	71800
chr17	7462630	7662630	harbor2	chr17	7534812	7534865	DNA/TcMar-Tigger	1063	-	26	7534838	72208
chr17	7743384	7943384	harbor2	chr17	7773462	7773722	DNA/TcMar-Tigger	4174	-	130	7773592	30208
chr17	7743384	7943384	harbor2	chr17	7774030	7774498	DNA/TcMar-Tigger	4174	-	234	7774264	30880
chr17	7743384	7943384	harbor2	chr17	7802404	7802658	DNA/TcMar-Tigger	2074	-	127	7802531	59147
chr17	7743384	7943384	harbor2	chr17	7802971	7803037	DNA/TcMar-Tigger	2074	-	33	7803004	59620
chr17	76637950	76837950	harbor2	chr17	76652088	76652710	DNA/TcMar-Tigger	4082	-	311	76652399	14449
chr17	76637950	76837950	harbor2	chr17	76653343	76653539	DNA/TcMar-Tigger	1030	-	98	76653441	15491
chr17	76638185	76838185	harbor2	chr17	76652088	76652710	DNA/TcMar-Tigger	4082	-	311	76652399	14214
chr17	76638185	76838185	harbor2	chr17	76653343	76653539	DNA/TcMar-Tigger	1030	-	98	76653441	15256
chr17	7474337	7674337	harbor2	chr17	7517675	7517939	DNA/TcMar-Tigger	1031	-	132	7517807	43470
chr17	7474337	7674337	harbor2	chr17	7531865	7532033	DNA/TcMar-Tigger	885	-	84	7531949	57612
chr17	7474337	7674337	harbor2	chr17	7534349	7534511	DNA/TcMar-Tigger	1063	-	81	7534430	60093
chr17	7474337	7674337	harbor2	chr17	7534812	7534865	DNA/TcMar-Tigger	1063	-	26	7534838	60501
chr17	65970416	66170416	harbor2	chr17	66026604	66026940	DNA/TcMar-Tigger	2000	-	168	66026772	56356
chr17	65970416	66170416	harbor2	chr17	66047858	66048184	DNA/TcMar-Tigger	1066	-	163	66048021	77605
chr17	65970416	66170416	harbor2	chr17	66051839	66052332	DNA/TcMar-Tigger	1710	-	246	66052085	81669
chr17	68058283	68258283	harbor2	chr17	68123113	68123252	DNA/TcMar-Tigger	699	-	70	68123183	64900
chr17	68058283	68258283	harbor2	chr17	68139283	68139578	DNA/TcMar-Tigger	1042	-	148	68139431	81148
chr17	39764391	39964391	harbor2	chr17	39817838	39817921	DNA/TcMar-Tigger	1938	-	42	39817880	53489
chr17	39764391	39964391	harbor2	chr17	39817922	39818264	DNA/TcMar-Tigger	1630	-	171	39818093	53702
chr17	39764391	39964391	harbor2	chr17	39818265	39818511	DNA/TcMar-Tigger	1938	-	123	39818388	53997
chr17	7465559	7665559	harbor2	chr17	7517675	7517939	DNA/TcMar-Tigger	1031	-	132	7517807	52248
chr17	7465559	7665559	harbor2	chr17	7531865	7532033	DNA/TcMar-Tigger	885	-	84	7531949	66390
chr17	7465559	7665559	harbor2	chr17	7534349	7534511	DNA/TcMar-Tigger	1063	-	81	7534430	68871
chr17	7465559	7665559	harbor2	chr17	7534812	7534865	DNA/TcMar-Tigger	1063	-	26	7534838	69279
chr17	76638046	76838046	harbor2	chr17	76652088	76652710	DNA/TcMar-Tigger	4082	-	311	76652399	14353
chr17	76638046	76838046	harbor2	chr17	76653343	76653539	DNA/TcMar-Tigger	1030	-	98	76653441	15395
chr17	7474332	7674332	harbor2	chr17	7517675	7517939	DNA/TcMar-Tigger	1031	-	132	7517807	43475
chr17	7474332	7674332	harbor2	chr17	7531865	7532033	DNA/TcMar-Tigger	885	-	84	7531949	57617
chr17	7474332	7674332	harbor2	chr17	7534349	7534511	DNA/TcMar-Tigger	1063	-	81	7534430	60098
chr17	7474332	7674332	harbor2	chr17	7534812	7534865	DNA/TcMar-Tigger	1063	-	26	7534838	60506
chr17	45808505	46008505	harbor2	chr17	45811980	45812237	DNA/TcMar-Tigger	1520	-	128	45812108	3603
chr17	45808505	46008505	harbor2	chr17	45872263	45872559	DNA/TcMar-Tigger	3101	-	148	45872411	63906
chr17	45808505	46008505	harbor2	chr17	45872872	45872951	DNA/TcMar-Tigger	3101	-	40	45872912	64407
chr17	45808505	46008505	harbor2	chr17	45873273	45873561	DNA/TcMar-Tigger	3101	-	144	45873417	64912
chr17	45808505	46008505	harbor2	chr17	45878228	45878497	DNA/TcMar-Tigger	6780	-	134	45878362	69857
chr17	45808505	46008505	harbor2	chr17	45878803	45878939	DNA/TcMar-Tigger	6780	-	68	45878871	70366
chr17	45808505	46008505	harbor2	chr17	45879240	45879816	DNA/TcMar-Tigger	6780	-	288	45879528	71023
chr17	45808505	46008505	harbor2	chr17	45880109	45880320	DNA/TcMar-Tigger	6780	-	106	45880215	71710
chr17	45808505	46008505	harbor2	chr17	45901592	45902072	DNA/TcMar-Tigger	921	-	240	45901832	93327
chr17	45808505	46008505	harbor2	chr17	45902370	45902458	DNA/TcMar-Tigger	921	-	44	45902414	93909
chr17	7464940	7664940	harbor2	chr17	7517675	7517939	DNA/TcMar-Tigger	1031	-	132	7517807	52867
chr17	7464940	7664940	harbor2	chr17	7531865	7532033	DNA/TcMar-Tigger	885	-	84	7531949	67009
chr17	7464940	7664940	harbor2	chr17	7534349	7534511	DNA/TcMar-Tigger	1063	-	81	7534430	69490
chr17	7464940	7664940	harbor2	chr17	7534812	7534865	DNA/TcMar-Tigger	1063	-	26	7534838	69898
chr17	7465830	7665830	harbor2	chr17	7517675	7517939	DNA/TcMar-Tigger	1031	-	132	7517807	51977
chr17	7465830	7665830	harbor2	chr17	7531865	7532033	DNA/TcMar-Tigger	885	-	84	7531949	66119
chr17	7465830	7665830	harbor2	chr17	7534349	7534511	DNA/TcMar-Tigger	1063	-	81	7534430	68600
chr17	7465830	7665830	harbor2	chr17	7534812	7534865	DNA/TcMar-Tigger	1063	-	26	7534838	69008
chr17	7757884	7957884	harbor2	chr17	7773462	7773722	DNA/TcMar-Tigger	4174	-	130	7773592	15708
chr17	7757884	7957884	harbor2	chr17	7774030	7774498	DNA/TcMar-Tigger	4174	-	234	7774264	16380
chr17	7757884	7957884	harbor2	chr17	7802404	7802658	DNA/TcMar-Tigger	2074	-	127	7802531	44647
chr17	7757884	7957884	harbor2	chr17	7802971	7803037	DNA/TcMar-Tigger	2074	-	33	7803004	45120
chr17	8056618	8256618	harbor2	chr17	8128513	8128748	DNA/TcMar-Tigger	1115	-	118	8128631	72013
chr17	7481389	7681389	harbor2	chr17	7517675	7517939	DNA/TcMar-Tigger	1031	-	132	7517807	36418
chr17	7481389	7681389	harbor2	chr17	7531865	7532033	DNA/TcMar-Tigger	885	-	84	7531949	50560
chr17	7481389	7681389	harbor2	chr17	7534349	7534511	DNA/TcMar-Tigger	1063	-	81	7534430	53041
chr17	7481389	7681389	harbor2	chr17	7534812	7534865	DNA/TcMar-Tigger	1063	-	26	7534838	53449
chr17	7474612	7674612	harbor2	chr17	7517675	7517939	DNA/TcMar-Tigger	1031	-	132	7517807	43195
chr17	7474612	7674612	harbor2	chr17	7531865	7532033	DNA/TcMar-Tigger	885	-	84	7531949	57337
chr17	7474612	7674612	harbor2	chr17	7534349	7534511	DNA/TcMar-Tigger	1063	-	81	7534430	59818
chr17	7474612	7674612	harbor2	chr17	7534812	7534865	DNA/TcMar-Tigger	1063	-	26	7534838	60226
chr17	2881816	3081816	harbor2	chr17	2977907	2978633	DNA/TcMar-Tigger	4070	-	363	2978270	96454
chr17	76298198	76498198	harbor2	chr17	76312082	76312158	DNA/TcMar-Tigger	1085	-	38	76312120	13922
chr17	76298198	76498198	harbor2	chr17	76312452	76312714	DNA/TcMar-Tigger	1085	-	131	76312583	14385
chr17	50409150	50609150	harbor2	chr17	50438066	50438290	DNA/TcMar-Tigger	1378	-	112	50438178	29028
chr17	50409150	50609150	harbor2	chr17	50438522	50438561	DNA/TcMar-Tigger	622	-	20	50438542	29392
chr17	50409150	50609150	harbor2	chr17	50438867	50438934	DNA/TcMar-Tigger	622	-	34	50438901	29751
chr17	50409150	50609150	harbor2	chr17	50448032	50448368	DNA/TcMar-Tigger	2010	-	168	50448200	39050
chr17	58418133	58618133	harbor2	chr17	58430813	58430935	DNA/TcMar-Tigger	1748	-	61	58430874	12741
chr17	58418133	58618133	harbor2	chr17	58431276	58431482	DNA/TcMar-Tigger	1748	-	103	58431379	13246
chr17	39092889	39292889	harbor2	chr17	39126309	39126901	DNA/TcMar-Tigger	3298	-	296	39126605	33716
chr17	76637928	76837928	harbor2	chr17	76652088	76652710	DNA/TcMar-Tigger	4082	-	311	76652399	14471
chr17	76637928	76837928	harbor2	chr17	76653343	76653539	DNA/TcMar-Tigger	1030	-	98	76653441	15513
chr17	7482394	7682394	harbor2	chr17	7517675	7517939	DNA/TcMar-Tigger	1031	-	132	7517807	35413
chr17	7482394	7682394	harbor2	chr17	7531865	7532033	DNA/TcMar-Tigger	885	-	84	7531949	49555
chr17	7482394	7682394	harbor2	chr17	7534349	7534511	DNA/TcMar-Tigger	1063	-	81	7534430	52036
chr17	7482394	7682394	harbor2	chr17	7534812	7534865	DNA/TcMar-Tigger	1063	-	26	7534838	52444
chr17	30611433	30811433	harbor2	chr17	30680938	30681065	DNA/TcMar-Tigger	695	-	64	30681002	69569
chr17	7492702	7692702	harbor2	chr17	7517675	7517939	DNA/TcMar-Tigger	1031	-	132	7517807	25105
chr17	7492702	7692702	harbor2	chr17	7531865	7532033	DNA/TcMar-Tigger	885	-	84	7531949	39247
chr17	7492702	7692702	harbor2	chr17	7534349	7534511	DNA/TcMar-Tigger	1063	-	81	7534430	41728
chr17	7492702	7692702	harbor2	chr17	7534812	7534865	DNA/TcMar-Tigger	1063	-	26	7534838	42136
chr17	7494677	7694677	harbor2	chr17	7517675	7517939	DNA/TcMar-Tigger	1031	-	132	7517807	23130
chr17	7494677	7694677	harbor2	chr17	7531865	7532033	DNA/TcMar-Tigger	885	-	84	7531949	37272
chr17	7494677	7694677	harbor2	chr17	7534349	7534511	DNA/TcMar-Tigger	1063	-	81	7534430	39753
chr17	7494677	7694677	harbor2	chr17	7534812	7534865	DNA/TcMar-Tigger	1063	-	26	7534838	40161
chr17	7947124	8147124	harbor2	chr17	7976621	7976872	DNA/TcMar-Tigger	627	-	126	7976747	29623
chr17	8090393	8290393	harbor2	chr17	8128513	8128748	DNA/TcMar-Tigger	1115	-	118	8128631	38238
chr17	30610131	30810131	harbor2	chr17	30680938	30681065	DNA/TcMar-Tigger	695	-	64	30681002	70871
chr17	76284349	76484349	harbor2	chr17	76312082	76312158	DNA/TcMar-Tigger	1085	-	38	76312120	27771
chr17	76284349	76484349	harbor2	chr17	76312452	76312714	DNA/TcMar-Tigger	1085	-	131	76312583	28234
chr17	34602208	34802208	harbor2	chr17	34668889	34669139	DNA/TcMar-Tigger	771	-	125	34669014	66806
chr17	75293828	75493828	harbor2	chr17	75334030	75334147	DNA/TcMar-Tigger	698	-	58	75334088	40260
chr17	75293828	75493828	harbor2	chr17	75353205	75353412	DNA/TcMar-Tigger	1013	-	104	75353309	59481
chr17	75293828	75493828	harbor2	chr17	75382379	75382574	DNA/TcMar-Tigger	852	-	98	75382477	88649
chr17	38330790	38530790	harbor2	chr17	38376042	38376455	DNA/TcMar-Tigger	2232	-	206	38376248	45458
chr17	38330790	38530790	harbor2	chr17	38376746	38376791	DNA/TcMar-Tigger	2232	-	22	38376768	45978
chr17	38330790	38530790	harbor2	chr17	38406078	38406387	DNA/TcMar-Tigger	3556	-	154	38406232	75442
chr17	38330790	38530790	harbor2	chr17	38406689	38406981	DNA/TcMar-Tigger	3556	-	146	38406835	76045
chr17	38330790	38530790	harbor2	chr17	38407096	38407359	DNA/TcMar-Tigger	2667	-	132	38407228	76438
chr17	38330790	38530790	harbor2	chr17	38407649	38407772	DNA/TcMar-Tigger	2667	-	62	38407711	76921
chr17	38330790	38530790	harbor2	chr17	38408080	38408111	DNA/TcMar-Tigger	2667	-	16	38408096	77306
chr17	38330790	38530790	harbor2	chr17	38408692	38408815	DNA/TcMar-Tigger	2667	-	62	38408754	77964
chr17	44369535	44569535	harbor2	chr17	44415306	44415536	DNA/TcMar-Tigger	1241	-	115	44415421	45886
chr17	13555165	13755165	harbor2	chr17	13564381	13564593	DNA/TcMar-Tigger	1396	-	106	13564487	9322
chr17	13555165	13755165	harbor2	chr17	13580103	13580443	DNA/TcMar-Tigger	1598	-	170	13580273	25108
chr17	13555165	13755165	harbor2	chr17	13580913	13581168	DNA/TcMar-Tigger	937	-	128	13581041	25876
chr17	13555165	13755165	harbor2	chr17	13652915	13653246	DNA/TcMar-Tigger	1712	-	166	13653081	97916
chr17	8052446	8252446	harbor2	chr17	8053368	8053980	DNA/TcMar-Tigger	2713	-	306	8053674	1228
chr17	8052446	8252446	harbor2	chr17	8128513	8128748	DNA/TcMar-Tigger	1115	-	118	8128631	76185
chr17	897394	1097394	harbor2	chr17	925302	925404	DNA/TcMar-Tigger	902	-	51	925353	27959
chr17	897394	1097394	harbor2	chr17	925688	926043	DNA/TcMar-Tigger	902	-	178	925866	28472
chr17	7462638	7662638	harbor2	chr17	7517675	7517939	DNA/TcMar-Tigger	1031	-	132	7517807	55169
chr17	7462638	7662638	harbor2	chr17	7531865	7532033	DNA/TcMar-Tigger	885	-	84	7531949	69311
chr17	7462638	7662638	harbor2	chr17	7534349	7534511	DNA/TcMar-Tigger	1063	-	81	7534430	71792
chr17	7462638	7662638	harbor2	chr17	7534812	7534865	DNA/TcMar-Tigger	1063	-	26	7534838	72200
chr17	7465774	7665774	harbor2	chr17	7517675	7517939	DNA/TcMar-Tigger	1031	-	132	7517807	52033
chr17	7465774	7665774	harbor2	chr17	7531865	7532033	DNA/TcMar-Tigger	885	-	84	7531949	66175
chr17	7465774	7665774	harbor2	chr17	7534349	7534511	DNA/TcMar-Tigger	1063	-	81	7534430	68656
chr17	7465774	7665774	harbor2	chr17	7534812	7534865	DNA/TcMar-Tigger	1063	-	26	7534838	69064
chr17	76485844	76685844	harbor2	chr17	76575880	76575962	DNA/TcMar-Tigger	1751	-	41	76575921	90077
chr17	76485844	76685844	harbor2	chr17	76576272	76576688	DNA/TcMar-Tigger	1751	-	208	76576480	90636
chr17	76485844	76685844	harbor2	chr17	76576986	76577045	DNA/TcMar-Tigger	1751	-	30	76577016	91172
chr17	1369551	1569551	harbor2	chr17	1369700	1370119	DNA/TcMar-Tigger	2453	-	210	1369910	359
chr17	1369551	1569551	harbor2	chr17	1370682	1370713	DNA/TcMar-Tigger	6596	-	16	1370698	1147
chr17	1369551	1569551	harbor2	chr17	1371020	1371098	DNA/TcMar-Tigger	6596	-	39	1371059	1508
chr17	1369551	1569551	harbor2	chr17	1371385	1371839	DNA/TcMar-Tigger	6596	-	227	1371612	2061
chr17	1369551	1569551	harbor2	chr17	1372138	1372684	DNA/TcMar-Tigger	6596	-	273	1372411	2860
chr17	1369551	1569551	harbor2	chr17	1372942	1372960	DNA/TcMar-Tigger	6596	-	9	1372951	3400
chr17	1369551	1569551	harbor2	chr17	1373262	1373382	DNA/TcMar-Tigger	6596	-	60	1373322	3771
chr17	1369551	1569551	harbor2	chr17	1373685	1373846	DNA/TcMar-Tigger	6596	-	80	1373765	4214
chr17	28635530	28835530	harbor2	chr17	28641055	28641338	DNA/TcMar-Tigger	1094	-	142	28641197	5667
chr17	78740813	78940813	harbor2	chr17	78750477	78750527	DNA/TcMar-Tigger	3076	-	25	78750502	9689
chr17	78740813	78940813	harbor2	chr17	78750822	78750988	DNA/TcMar-Tigger	3076	-	83	78750905	10092
chr17	78740813	78940813	harbor2	chr17	78751279	78751735	DNA/TcMar-Tigger	3076	-	228	78751507	10694
chr17	78740813	78940813	harbor2	chr17	78763430	78763768	DNA/TcMar-Tigger	1617	-	169	78763599	22786
chr17	15687778	15887778	harbor2	chr17	15777444	15777749	DNA/TcMar-Tigger	1744	-	152	15777596	89818
chr17	15687778	15887778	harbor2	chr17	15780330	15780756	DNA/TcMar-Tigger	2583	-	213	15780543	92765
chr17	15687778	15887778	harbor2	chr17	15780762	15780873	DNA/TcMar-Tigger	652	-	56	15780818	93040
chr17	76485839	76685839	harbor2	chr17	76575880	76575962	DNA/TcMar-Tigger	1751	-	41	76575921	90082
chr17	76485839	76685839	harbor2	chr17	76576272	76576688	DNA/TcMar-Tigger	1751	-	208	76576480	90641
chr17	76485839	76685839	harbor2	chr17	76576986	76577045	DNA/TcMar-Tigger	1751	-	30	76577016	91177
chr17	7472461	7672461	harbor2	chr17	7517675	7517939	DNA/TcMar-Tigger	1031	-	132	7517807	45346
chr17	7472461	7672461	harbor2	chr17	7531865	7532033	DNA/TcMar-Tigger	885	-	84	7531949	59488
chr17	7472461	7672461	harbor2	chr17	7534349	7534511	DNA/TcMar-Tigger	1063	-	81	7534430	61969
chr17	7472461	7672461	harbor2	chr17	7534812	7534865	DNA/TcMar-Tigger	1063	-	26	7534838	62377
chr17	32168235	32368235	harbor2	chr17	32173228	32173448	DNA/TcMar-Tigger	1426	-	110	32173338	5103
chr17	32168235	32368235	harbor2	chr17	32173733	32173743	DNA/TcMar-Tigger	1426	-	5	32173738	5503
chr17	57769118	57969118	harbor2	chr17	57799274	57799656	DNA/TcMar-Tigger	2219	-	191	57799465	30347
chr17	76637275	76837275	harbor2	chr17	76652088	76652710	DNA/TcMar-Tigger	4082	-	311	76652399	15124
chr17	76637275	76837275	harbor2	chr17	76653343	76653539	DNA/TcMar-Tigger	1030	-	98	76653441	16166
chr17	6919402	7119402	harbor2	chr17	6971136	6971417	DNA/TcMar-Tigger	3446	-	140	6971276	51874
chr17	6919402	7119402	harbor2	chr17	6971714	6971904	DNA/TcMar-Tigger	3446	-	95	6971809	52407
chr17	6919402	7119402	harbor2	chr17	6972207	6972373	DNA/TcMar-Tigger	3446	-	83	6972290	52888
chr17	6919402	7119402	harbor2	chr17	6982210	6982518	DNA/TcMar-Tigger	1338	-	154	6982364	62962
chr17	76638049	76838049	harbor2	chr17	76652088	76652710	DNA/TcMar-Tigger	4082	-	311	76652399	14350
chr17	76638049	76838049	harbor2	chr17	76653343	76653539	DNA/TcMar-Tigger	1030	-	98	76653441	15392
chr17	44216030	44416030	harbor2	chr17	44289282	44289396	DNA/TcMar-Tigger	1326	-	57	44289339	73309
chr17	44216030	44416030	harbor2	chr17	44289685	44289817	DNA/TcMar-Tigger	1326	-	66	44289751	73721
chr17	40257159	40457159	harbor2	chr17	40290556	40290652	DNA/TcMar-Tigger	676	-	48	40290604	33445
chr17	40257159	40457159	harbor2	chr17	40290651	40290864	DNA/TcMar-Tigger	1108	-	106	40290757	33598
chr17	76284381	76484381	harbor2	chr17	76312082	76312158	DNA/TcMar-Tigger	1085	-	38	76312120	27739
chr17	76284381	76484381	harbor2	chr17	76312452	76312714	DNA/TcMar-Tigger	1085	-	131	76312583	28202
chr17	17077758	17277758	harbor2	chr17	17121115	17121362	DNA/TcMar-Tigger	1090	-	124	17121239	43481
chr17	2089661	2289661	harbor2	chr17	2165444	2165602	DNA/TcMar-Tigger	628	-	79	2165523	75862
chr17	7479862	7679862	harbor2	chr17	7517675	7517939	DNA/TcMar-Tigger	1031	-	132	7517807	37945
chr17	7479862	7679862	harbor2	chr17	7531865	7532033	DNA/TcMar-Tigger	885	-	84	7531949	52087
chr17	7479862	7679862	harbor2	chr17	7534349	7534511	DNA/TcMar-Tigger	1063	-	81	7534430	54568
chr17	7479862	7679862	harbor2	chr17	7534812	7534865	DNA/TcMar-Tigger	1063	-	26	7534838	54976
chr17	44262877	44462877	harbor2	chr17	44289282	44289396	DNA/TcMar-Tigger	1326	-	57	44289339	26462
chr17	44262877	44462877	harbor2	chr17	44289685	44289817	DNA/TcMar-Tigger	1326	-	66	44289751	26874
chr17	44262877	44462877	harbor2	chr17	44346675	44346833	DNA/TcMar-Tigger	1062	-	79	44346754	83877
chr17	44262877	44462877	harbor2	chr17	44347145	44347230	DNA/TcMar-Tigger	1062	-	42	44347187	84310
chr17	76638956	76838956	harbor2	chr17	76652088	76652710	DNA/TcMar-Tigger	4082	-	311	76652399	13443
chr17	76638956	76838956	harbor2	chr17	76653343	76653539	DNA/TcMar-Tigger	1030	-	98	76653441	14485
chr17	64704973	64904973	harbor2	chr17	64777923	64778240	DNA/TcMar-Tigger	1100	-	158	64778081	73108
chr17	38350268	38550268	harbor2	chr17	38376042	38376455	DNA/TcMar-Tigger	2232	-	206	38376248	25980
chr17	38350268	38550268	harbor2	chr17	38376746	38376791	DNA/TcMar-Tigger	2232	-	22	38376768	26500
chr17	38350268	38550268	harbor2	chr17	38406078	38406387	DNA/TcMar-Tigger	3556	-	154	38406232	55964
chr17	38350268	38550268	harbor2	chr17	38406689	38406981	DNA/TcMar-Tigger	3556	-	146	38406835	56567
chr17	38350268	38550268	harbor2	chr17	38407096	38407359	DNA/TcMar-Tigger	2667	-	132	38407228	56960
chr17	38350268	38550268	harbor2	chr17	38407649	38407772	DNA/TcMar-Tigger	2667	-	62	38407711	57443
chr17	38350268	38550268	harbor2	chr17	38408080	38408111	DNA/TcMar-Tigger	2667	-	16	38408096	57828
chr17	38350268	38550268	harbor2	chr17	38408692	38408815	DNA/TcMar-Tigger	2667	-	62	38408754	58486
chr17	30996295	31196295	harbor2	chr17	31007826	31008104	DNA/TcMar-Tigger	1297	-	139	31007965	11670
chr17	76638206	76838206	harbor2	chr17	76652088	76652710	DNA/TcMar-Tigger	4082	-	311	76652399	14193
chr17	76638206	76838206	harbor2	chr17	76653343	76653539	DNA/TcMar-Tigger	1030	-	98	76653441	15235
chr17	2267478	2467478	harbor2	chr17	2324971	2325180	DNA/TcMar-Tigger	879	-	104	2325075	57597
chr17	9859791	10059791	harbor2	chr17	9903673	9903957	DNA/TcMar-Tigger	3380	-	142	9903815	44024
chr17	9859791	10059791	harbor2	chr17	9904263	9904566	DNA/TcMar-Tigger	3380	-	152	9904415	44624
chr18	26207400	26407400	harbor2	chr18	26217788	26218434	DNA/TcMar-Tigger	3632	-	323	26218111	10711
chr18	26207400	26407400	harbor2	chr18	26282318	26283768	DNA/TcMar-Tigger	11202	-	725	26283043	75643
chr18	26207400	26407400	harbor2	chr18	26284069	26284480	DNA/TcMar-Tigger	11202	-	206	26284275	76875
chr18	26128429	26328429	harbor2	chr18	26217788	26218434	DNA/TcMar-Tigger	3632	-	323	26218111	89682
chr18	50173629	50373629	harbor2	chr18	50217302	50217605	DNA/TcMar-Tigger	840	-	152	50217454	43825
chr18	26127503	26327503	harbor2	chr18	26217788	26218434	DNA/TcMar-Tigger	3632	-	323	26218111	90608
chr18	26128488	26328488	harbor2	chr18	26217788	26218434	DNA/TcMar-Tigger	3632	-	323	26218111	89623
chr18	42427605	42627605	harbor2	chr18	42507847	42508383	DNA/TcMar-Tigger	2966	-	268	42508115	80510
chr18	76054282	76254282	harbor2	chr18	76091570	76093865	DNA/TcMar-Tigger	13706	-	1148	76092718	38436
chr18	74357679	74557679	harbor2	chr18	74451860	74452207	DNA/TcMar-Tigger	1834	-	174	74452034	94355
chr18	26126452	26326452	harbor2	chr18	26217788	26218434	DNA/TcMar-Tigger	3632	-	323	26218111	91659
chr18	26126438	26326438	harbor2	chr18	26217788	26218434	DNA/TcMar-Tigger	3632	-	323	26218111	91673
chr18	54891836	55091836	harbor2	chr18	54897671	54898105	DNA/TcMar-Tigger	2419	-	217	54897888	6052
chr18	54891836	55091836	harbor2	chr18	54976859	54979166	DNA/TcMar-Tigger	14928	-	1154	54978013	86177
chr18	54891836	55091836	harbor2	chr18	54980813	54981355	DNA/TcMar-Tigger	1069	-	271	54981084	89248
chr18	79765619	79965619	harbor2	chr18	79775190	79775584	DNA/TcMar-Tigger	1643	-	197	79775387	9768
chr18	62458039	62658039	harbor2	chr18	62509116	62509213	DNA/TcMar-Tigger	593	-	48	62509164	51125
chr18	75108369	75308369	harbor2	chr18	75172014	75172315	DNA/TcMar-Tigger	1724	-	150	75172164	63795
chr18	26127296	26327296	harbor2	chr18	26217788	26218434	DNA/TcMar-Tigger	3632	-	323	26218111	90815
chr18	26127357	26327357	harbor2	chr18	26217788	26218434	DNA/TcMar-Tigger	3632	-	323	26218111	90754
chr18	46638380	46838380	harbor2	chr18	46670096	46670360	DNA/TcMar-Tigger	603	-	132	46670228	31848
chr18	12557366	12757366	harbor2	chr18	12561633	12561959	DNA/TcMar-Tigger	1282	-	163	12561796	4430
chr18	12557366	12757366	harbor2	chr18	12602957	12603300	DNA/TcMar-Tigger	1796	-	172	12603129	45763
chr18	26126393	26326393	harbor2	chr18	26217788	26218434	DNA/TcMar-Tigger	3632	-	323	26218111	91718
chr18	75103932	75303932	harbor2	chr18	75172014	75172315	DNA/TcMar-Tigger	1724	-	150	75172164	68232
chr19	49751346	49951346	harbor2	chr19	49778142	49778300	DNA/TcMar-Tigger	1382	-	79	49778221	26875
chr19	49751346	49951346	harbor2	chr19	49778601	49778765	DNA/TcMar-Tigger	1382	-	82	49778683	27337
chr19	49751346	49951346	harbor2	chr19	49847561	49847628	DNA/TcMar-Tigger	833	-	34	49847595	96249
chr19	49751346	49951346	harbor2	chr19	49847982	49848095	DNA/TcMar-Tigger	833	-	56	49848038	96692
chr19	49751346	49951346	harbor2	chr19	49848388	49848565	DNA/TcMar-Tigger	833	-	88	49848476	97130
chr19	49751346	49951346	harbor2	chr19	49848862	49848954	DNA/TcMar-Tigger	833	-	46	49848908	97562
chr19	49756502	49956502	harbor2	chr19	49778142	49778300	DNA/TcMar-Tigger	1382	-	79	49778221	21719
chr19	49756502	49956502	harbor2	chr19	49778601	49778765	DNA/TcMar-Tigger	1382	-	82	49778683	22181
chr19	49756502	49956502	harbor2	chr19	49847561	49847628	DNA/TcMar-Tigger	833	-	34	49847595	91093
chr19	49756502	49956502	harbor2	chr19	49847982	49848095	DNA/TcMar-Tigger	833	-	56	49848038	91536
chr19	49756502	49956502	harbor2	chr19	49848388	49848565	DNA/TcMar-Tigger	833	-	88	49848476	91974
chr19	49756502	49956502	harbor2	chr19	49848862	49848954	DNA/TcMar-Tigger	833	-	46	49848908	92406
chr19	56041213	56241213	harbor2	chr19	56041314	56041666	DNA/TcMar-Tigger	2173	-	176	56041490	277
chr19	56041213	56241213	harbor2	chr19	56041972	56042234	DNA/TcMar-Tigger	2173	-	131	56042103	890
chr19	56041213	56241213	harbor2	chr19	56060364	56060562	DNA/TcMar-Tigger	1096	-	99	56060463	19250
chr19	56041213	56241213	harbor2	chr19	56072844	56073213	DNA/TcMar-Tigger	3965	-	184	56073028	31815
chr19	56041213	56241213	harbor2	chr19	56073513	56073582	DNA/TcMar-Tigger	3965	-	34	56073547	32334
chr19	56041213	56241213	harbor2	chr19	56073894	56074255	DNA/TcMar-Tigger	3965	-	180	56074074	32861
chr19	56041213	56241213	harbor2	chr19	56074549	56074624	DNA/TcMar-Tigger	3965	-	38	56074587	33374
chr19	56041213	56241213	harbor2	chr19	56075122	56075320	DNA/TcMar-Tigger	715	-	99	56075221	34008
chr19	5029245	5229245	harbor2	chr19	5042853	5043094	DNA/TcMar-Tigger	1252	-	120	5042973	13728
chr19	5036318	5236318	harbor2	chr19	5042853	5043094	DNA/TcMar-Tigger	1252	-	120	5042973	6655
chr19	2065435	2265435	harbor2	chr19	2122470	2122760	DNA/TcMar-Tigger	800	-	145	2122615	57180
chr19	3287977	3487977	harbor2	chr19	3287784	3288239	DNA/TcMar-Tigger	1367	-	228	3288012	35
chr19	49752345	49952345	harbor2	chr19	49778142	49778300	DNA/TcMar-Tigger	1382	-	79	49778221	25876
chr19	49752345	49952345	harbor2	chr19	49778601	49778765	DNA/TcMar-Tigger	1382	-	82	49778683	26338
chr19	49752345	49952345	harbor2	chr19	49847561	49847628	DNA/TcMar-Tigger	833	-	34	49847595	95250
chr19	49752345	49952345	harbor2	chr19	49847982	49848095	DNA/TcMar-Tigger	833	-	56	49848038	95693
chr19	49752345	49952345	harbor2	chr19	49848388	49848565	DNA/TcMar-Tigger	833	-	88	49848476	96131
chr19	49752345	49952345	harbor2	chr19	49848862	49848954	DNA/TcMar-Tigger	833	-	46	49848908	96563
chr19	2710739	2910739	harbor2	chr19	2809075	2809480	DNA/TcMar-Tigger	1009	-	202	2809277	98538
chr19	40642251	40842251	harbor2	chr19	40738876	40739138	DNA/TcMar-Tigger	1482	-	131	40739007	96756
chr19	49752364	49952364	harbor2	chr19	49778142	49778300	DNA/TcMar-Tigger	1382	-	79	49778221	25857
chr19	49752364	49952364	harbor2	chr19	49778601	49778765	DNA/TcMar-Tigger	1382	-	82	49778683	26319
chr19	49752364	49952364	harbor2	chr19	49847561	49847628	DNA/TcMar-Tigger	833	-	34	49847595	95231
chr19	49752364	49952364	harbor2	chr19	49847982	49848095	DNA/TcMar-Tigger	833	-	56	49848038	95674
chr19	49752364	49952364	harbor2	chr19	49848388	49848565	DNA/TcMar-Tigger	833	-	88	49848476	96112
chr19	49752364	49952364	harbor2	chr19	49848862	49848954	DNA/TcMar-Tigger	833	-	46	49848908	96544
chr19	15232942	15432942	harbor2	chr19	15305343	15306291	DNA/TcMar-Tigger	7514	-	474	15305817	72875
chr19	15232942	15432942	harbor2	chr19	15306572	15307028	DNA/TcMar-Tigger	7514	-	228	15306800	73858
chr19	43994297	44194297	harbor2	chr19	44028825	44029154	DNA/TcMar-Tigger	1597	-	164	44028989	34692
chr19	43994297	44194297	harbor2	chr19	44062190	44062511	DNA/TcMar-Tigger	1767	-	160	44062350	68053
chr19	32307102	32507102	harbor2	chr19	32373384	32374169	DNA/TcMar-Tigger	3207	-	392	32373776	66674
chr19	56021023	56221023	harbor2	chr19	56041314	56041666	DNA/TcMar-Tigger	2173	-	176	56041490	20467
chr19	56021023	56221023	harbor2	chr19	56041972	56042234	DNA/TcMar-Tigger	2173	-	131	56042103	21080
chr19	56021023	56221023	harbor2	chr19	56060364	56060562	DNA/TcMar-Tigger	1096	-	99	56060463	39440
chr19	56021023	56221023	harbor2	chr19	56072844	56073213	DNA/TcMar-Tigger	3965	-	184	56073028	52005
chr19	56021023	56221023	harbor2	chr19	56073513	56073582	DNA/TcMar-Tigger	3965	-	34	56073547	52524
chr19	56021023	56221023	harbor2	chr19	56073894	56074255	DNA/TcMar-Tigger	3965	-	180	56074074	53051
chr19	56021023	56221023	harbor2	chr19	56074549	56074624	DNA/TcMar-Tigger	3965	-	38	56074587	53564
chr19	56021023	56221023	harbor2	chr19	56075122	56075320	DNA/TcMar-Tigger	715	-	99	56075221	54198
chr19	39408377	39608377	harbor2	chr19	39430840	39431000	DNA/TcMar-Tigger	658	-	80	39430920	22543
chr19	39408377	39608377	harbor2	chr19	39451041	39451187	DNA/TcMar-Tigger	732	-	73	39451114	42737
chr19	39408377	39608377	harbor2	chr19	39451444	39451529	DNA/TcMar-Tigger	732	-	42	39451486	43109
chr19	39408377	39608377	harbor2	chr19	39451832	39451867	DNA/TcMar-Tigger	732	-	18	39451850	43473
chr19	39408377	39608377	harbor2	chr19	39465841	39466056	DNA/TcMar-Tigger	1096	-	108	39465949	57572
chr19	49824648	50024648	harbor2	chr19	49847561	49847628	DNA/TcMar-Tigger	833	-	34	49847595	22947
chr19	49824648	50024648	harbor2	chr19	49847982	49848095	DNA/TcMar-Tigger	833	-	56	49848038	23390
chr19	49824648	50024648	harbor2	chr19	49848388	49848565	DNA/TcMar-Tigger	833	-	88	49848476	23828
chr19	49824648	50024648	harbor2	chr19	49848862	49848954	DNA/TcMar-Tigger	833	-	46	49848908	24260
chr19	13765177	13965177	harbor2	chr19	13766886	13767008	DNA/TcMar-Tigger	1067	-	61	13766947	1770
chr19	13765177	13965177	harbor2	chr19	13767347	13767422	DNA/TcMar-Tigger	1067	-	38	13767385	2208
chr19	13765177	13965177	harbor2	chr19	13853486	13853656	DNA/TcMar-Tigger	1072	-	85	13853571	88394
chr19	13765177	13965177	harbor2	chr19	13853962	13854053	DNA/TcMar-Tigger	1072	-	46	13854008	88831
chr19	49751333	49951333	harbor2	chr19	49778142	49778300	DNA/TcMar-Tigger	1382	-	79	49778221	26888
chr19	49751333	49951333	harbor2	chr19	49778601	49778765	DNA/TcMar-Tigger	1382	-	82	49778683	27350
chr19	49751333	49951333	harbor2	chr19	49847561	49847628	DNA/TcMar-Tigger	833	-	34	49847595	96262
chr19	49751333	49951333	harbor2	chr19	49847982	49848095	DNA/TcMar-Tigger	833	-	56	49848038	96705
chr19	49751333	49951333	harbor2	chr19	49848388	49848565	DNA/TcMar-Tigger	833	-	88	49848476	97143
chr19	49751333	49951333	harbor2	chr19	49848862	49848954	DNA/TcMar-Tigger	833	-	46	49848908	97575
chr19	48525426	48725426	harbor2	chr19	48535375	48535508	DNA/TcMar-Tigger	636	-	66	48535441	10015
chr19	48525426	48725426	harbor2	chr19	48536333	48536535	DNA/TcMar-Tigger	1244	-	101	48536434	11008
chr19	51864995	52064995	harbor2	chr19	51897078	51897275	DNA/TcMar-Tigger	847	-	98	51897176	32181
chr19	49752229	49952229	harbor2	chr19	49778142	49778300	DNA/TcMar-Tigger	1382	-	79	49778221	25992
chr19	49752229	49952229	harbor2	chr19	49778601	49778765	DNA/TcMar-Tigger	1382	-	82	49778683	26454
chr19	49752229	49952229	harbor2	chr19	49847561	49847628	DNA/TcMar-Tigger	833	-	34	49847595	95366
chr19	49752229	49952229	harbor2	chr19	49847982	49848095	DNA/TcMar-Tigger	833	-	56	49848038	95809
chr19	49752229	49952229	harbor2	chr19	49848388	49848565	DNA/TcMar-Tigger	833	-	88	49848476	96247
chr19	49752229	49952229	harbor2	chr19	49848862	49848954	DNA/TcMar-Tigger	833	-	46	49848908	96679
chr19	44747639	44947639	harbor2	chr19	44786100	44786309	DNA/TcMar-Tigger	1296	-	104	44786204	38565
chr19	44747639	44947639	harbor2	chr19	44786625	44786820	DNA/TcMar-Tigger	1296	-	98	44786723	39084
chr19	49751249	49951249	harbor2	chr19	49778142	49778300	DNA/TcMar-Tigger	1382	-	79	49778221	26972
chr19	49751249	49951249	harbor2	chr19	49778601	49778765	DNA/TcMar-Tigger	1382	-	82	49778683	27434
chr19	49751249	49951249	harbor2	chr19	49847561	49847628	DNA/TcMar-Tigger	833	-	34	49847595	96346
chr19	49751249	49951249	harbor2	chr19	49847982	49848095	DNA/TcMar-Tigger	833	-	56	49848038	96789
chr19	49751249	49951249	harbor2	chr19	49848388	49848565	DNA/TcMar-Tigger	833	-	88	49848476	97227
chr19	49751249	49951249	harbor2	chr19	49848862	49848954	DNA/TcMar-Tigger	833	-	46	49848908	97659
chr19	31990162	32190162	harbor2	chr19	32087768	32087946	DNA/TcMar-Tigger	2007	-	89	32087857	97695
chr19	31990162	32190162	harbor2	chr19	32088077	32088113	DNA/TcMar-Tigger	2007	-	18	32088095	97933
chr19	31990162	32190162	harbor2	chr19	32088428	32088583	DNA/TcMar-Tigger	2007	-	78	32088506	98344
chr19	49752869	49952869	harbor2	chr19	49778142	49778300	DNA/TcMar-Tigger	1382	-	79	49778221	25352
chr19	49752869	49952869	harbor2	chr19	49778601	49778765	DNA/TcMar-Tigger	1382	-	82	49778683	25814
chr19	49752869	49952869	harbor2	chr19	49847561	49847628	DNA/TcMar-Tigger	833	-	34	49847595	94726
chr19	49752869	49952869	harbor2	chr19	49847982	49848095	DNA/TcMar-Tigger	833	-	56	49848038	95169
chr19	49752869	49952869	harbor2	chr19	49848388	49848565	DNA/TcMar-Tigger	833	-	88	49848476	95607
chr19	49752869	49952869	harbor2	chr19	49848862	49848954	DNA/TcMar-Tigger	833	-	46	49848908	96039
chr19	10402914	10602914	harbor2	chr19	10411011	10411211	DNA/TcMar-Tigger	980	-	100	10411111	8197
chr19	10402914	10602914	harbor2	chr19	10411756	10411916	DNA/TcMar-Tigger	1044	-	80	10411836	8922
chr19	10402914	10602914	harbor2	chr19	10412230	10412676	DNA/TcMar-Tigger	2879	-	223	10412453	9539
chr19	10402914	10602914	harbor2	chr19	10413259	10413353	DNA/TcMar-Tigger	2879	-	47	10413306	10392
chr19	55205663	55405663	harbor2	chr19	55232850	55233147	DNA/TcMar-Tigger	1540	-	148	55232998	27335
chr19	32286588	32486588	harbor2	chr19	32373384	32374169	DNA/TcMar-Tigger	3207	-	392	32373776	87188
chr19	48640267	48840267	harbor2	chr19	48686352	48686611	DNA/TcMar-Tigger	1245	-	130	48686482	46215
chr19	49751329	49951329	harbor2	chr19	49778142	49778300	DNA/TcMar-Tigger	1382	-	79	49778221	26892
chr19	49751329	49951329	harbor2	chr19	49778601	49778765	DNA/TcMar-Tigger	1382	-	82	49778683	27354
chr19	49751329	49951329	harbor2	chr19	49847561	49847628	DNA/TcMar-Tigger	833	-	34	49847595	96266
chr19	49751329	49951329	harbor2	chr19	49847982	49848095	DNA/TcMar-Tigger	833	-	56	49848038	96709
chr19	49751329	49951329	harbor2	chr19	49848388	49848565	DNA/TcMar-Tigger	833	-	88	49848476	97147
chr19	49751329	49951329	harbor2	chr19	49848862	49848954	DNA/TcMar-Tigger	833	-	46	49848908	97579
chr19	32578169	32778169	harbor2	chr19	32661666	32661894	DNA/TcMar-Tigger	1163	-	114	32661780	83611
chr19	49830317	50030317	harbor2	chr19	49847561	49847628	DNA/TcMar-Tigger	833	-	34	49847595	17278
chr19	49830317	50030317	harbor2	chr19	49847982	49848095	DNA/TcMar-Tigger	833	-	56	49848038	17721
chr19	49830317	50030317	harbor2	chr19	49848388	49848565	DNA/TcMar-Tigger	833	-	88	49848476	18159
chr19	49830317	50030317	harbor2	chr19	49848862	49848954	DNA/TcMar-Tigger	833	-	46	49848908	18591
chr19	33324387	33524387	harbor2	chr19	33351683	33352230	DNA/TcMar-Tigger	1263	-	274	33351957	27570
chr19	317994	517994	harbor2	chr19	320814	321265	DNA/TcMar-Tigger	1604	-	226	321040	3046
chr19	317994	517994	harbor2	chr19	340268	340691	DNA/TcMar-Tigger	2669	-	212	340480	22486
chr19	32340709	32540709	harbor2	chr19	32373384	32374169	DNA/TcMar-Tigger	3207	-	392	32373776	33067
chr19	32340709	32540709	harbor2	chr19	32425572	32426945	DNA/TcMar-Tigger	8288	-	686	32426258	85549
chr19	32340709	32540709	harbor2	chr19	32431525	32431942	DNA/TcMar-Tigger	2635	-	208	32431733	91024
chr19	5579579	5779579	harbor2	chr19	5628304	5628592	DNA/TcMar-Tigger	1163	-	144	5628448	48869
chr19	5579579	5779579	harbor2	chr19	5660129	5660304	DNA/TcMar-Tigger	824	-	88	5660217	80638
chr19	49751324	49951324	harbor2	chr19	49778142	49778300	DNA/TcMar-Tigger	1382	-	79	49778221	26897
chr19	49751324	49951324	harbor2	chr19	49778601	49778765	DNA/TcMar-Tigger	1382	-	82	49778683	27359
chr19	49751324	49951324	harbor2	chr19	49847561	49847628	DNA/TcMar-Tigger	833	-	34	49847595	96271
chr19	49751324	49951324	harbor2	chr19	49847982	49848095	DNA/TcMar-Tigger	833	-	56	49848038	96714
chr19	49751324	49951324	harbor2	chr19	49848388	49848565	DNA/TcMar-Tigger	833	-	88	49848476	97152
chr19	49751324	49951324	harbor2	chr19	49848862	49848954	DNA/TcMar-Tigger	833	-	46	49848908	97584
chr19	15313732	15513732	harbor2	chr19	15382523	15382669	DNA/TcMar-Tigger	801	-	73	15382596	68864
chr19	49713961	49913961	harbor2	chr19	49778142	49778300	DNA/TcMar-Tigger	1382	-	79	49778221	64260
chr19	49713961	49913961	harbor2	chr19	49778601	49778765	DNA/TcMar-Tigger	1382	-	82	49778683	64722
chr19	49359074	49559074	harbor2	chr19	49379046	49379217	DNA/TcMar-Tigger	1035	-	86	49379132	20058
chr19	49359074	49559074	harbor2	chr19	49379519	49379600	DNA/TcMar-Tigger	1035	-	40	49379559	20485
chr19	55988018	56188018	harbor2	chr19	56041314	56041666	DNA/TcMar-Tigger	2173	-	176	56041490	53472
chr19	55988018	56188018	harbor2	chr19	56041972	56042234	DNA/TcMar-Tigger	2173	-	131	56042103	54085
chr19	55988018	56188018	harbor2	chr19	56060364	56060562	DNA/TcMar-Tigger	1096	-	99	56060463	72445
chr19	55988018	56188018	harbor2	chr19	56072844	56073213	DNA/TcMar-Tigger	3965	-	184	56073028	85010
chr19	55988018	56188018	harbor2	chr19	56073513	56073582	DNA/TcMar-Tigger	3965	-	34	56073547	85529
chr19	55988018	56188018	harbor2	chr19	56073894	56074255	DNA/TcMar-Tigger	3965	-	180	56074074	86056
chr19	55988018	56188018	harbor2	chr19	56074549	56074624	DNA/TcMar-Tigger	3965	-	38	56074587	86569
chr19	55988018	56188018	harbor2	chr19	56075122	56075320	DNA/TcMar-Tigger	715	-	99	56075221	87203
chr19	16342055	16542055	harbor2	chr19	16427312	16427543	DNA/TcMar-Tigger	1244	-	116	16427428	85373
chr19	2788095	2988095	harbor2	chr19	2809075	2809480	DNA/TcMar-Tigger	1009	-	202	2809277	21182
chr19	49769598	49969598	harbor2	chr19	49778142	49778300	DNA/TcMar-Tigger	1382	-	79	49778221	8623
chr19	49769598	49969598	harbor2	chr19	49778601	49778765	DNA/TcMar-Tigger	1382	-	82	49778683	9085
chr19	49769598	49969598	harbor2	chr19	49847561	49847628	DNA/TcMar-Tigger	833	-	34	49847595	77997
chr19	49769598	49969598	harbor2	chr19	49847982	49848095	DNA/TcMar-Tigger	833	-	56	49848038	78440
chr19	49769598	49969598	harbor2	chr19	49848388	49848565	DNA/TcMar-Tigger	833	-	88	49848476	78878
chr19	49769598	49969598	harbor2	chr19	49848862	49848954	DNA/TcMar-Tigger	833	-	46	49848908	79310
chr19	4435290	4635290	harbor2	chr19	4440595	4440837	DNA/TcMar-Tigger	752	-	121	4440716	5426
chr19	49769364	49969364	harbor2	chr19	49778142	49778300	DNA/TcMar-Tigger	1382	-	79	49778221	8857
chr19	49769364	49969364	harbor2	chr19	49778601	49778765	DNA/TcMar-Tigger	1382	-	82	49778683	9319
chr19	49769364	49969364	harbor2	chr19	49847561	49847628	DNA/TcMar-Tigger	833	-	34	49847595	78231
chr19	49769364	49969364	harbor2	chr19	49847982	49848095	DNA/TcMar-Tigger	833	-	56	49848038	78674
chr19	49769364	49969364	harbor2	chr19	49848388	49848565	DNA/TcMar-Tigger	833	-	88	49848476	79112
chr19	49769364	49969364	harbor2	chr19	49848862	49848954	DNA/TcMar-Tigger	833	-	46	49848908	79544
chr19	43994355	44194355	harbor2	chr19	44028825	44029154	DNA/TcMar-Tigger	1597	-	164	44028989	34634
chr19	43994355	44194355	harbor2	chr19	44062190	44062511	DNA/TcMar-Tigger	1767	-	160	44062350	67995
chr19	16797005	16997005	harbor2	chr19	16844553	16845149	DNA/TcMar-Tigger	1883	-	298	16844851	47846
chr19	48344616	48544616	harbor2	chr19	48351866	48351966	DNA/TcMar-Tigger	1847	-	50	48351916	7300
chr19	48344616	48544616	harbor2	chr19	48352263	48352303	DNA/TcMar-Tigger	1847	-	20	48352283	7667
chr19	48344616	48544616	harbor2	chr19	48352917	48353140	DNA/TcMar-Tigger	1847	-	112	48353029	8413
chr19	16442554	16642554	harbor2	chr19	16458860	16459194	DNA/TcMar-Tigger	1853	-	167	16459027	16473
chr19	15279599	15479599	harbor2	chr19	15305343	15306291	DNA/TcMar-Tigger	7514	-	474	15305817	26218
chr19	15279599	15479599	harbor2	chr19	15306572	15307028	DNA/TcMar-Tigger	7514	-	228	15306800	27201
chr19	40678108	40878108	harbor2	chr19	40738876	40739138	DNA/TcMar-Tigger	1482	-	131	40739007	60899
chr19	12652175	12852175	harbor2	chr19	12671356	12671370	DNA/TcMar-Tigger	753	-	7	12671363	19188
chr19	12652175	12852175	harbor2	chr19	12671677	12671702	DNA/TcMar-Tigger	753	-	12	12671689	19514
chr19	12652175	12852175	harbor2	chr19	12671994	12672182	DNA/TcMar-Tigger	753	-	94	12672088	19913
chr19	12652175	12852175	harbor2	chr19	12703984	12704083	DNA/TcMar-Tigger	1661	-	50	12704034	51859
chr19	12652175	12852175	harbor2	chr19	12704375	12704641	DNA/TcMar-Tigger	1661	-	133	12704508	52333
chr19	41253456	41453456	harbor2	chr19	41285794	41285886	DNA/TcMar-Tigger	617	-	46	41285840	32384
chr19	41253456	41453456	harbor2	chr19	41286078	41286134	DNA/TcMar-Tigger	617	-	28	41286106	32650
chr19	41253456	41453456	harbor2	chr19	41286119	41286338	DNA/TcMar-Tigger	800	-	110	41286229	32773
chr19	48528405	48728405	harbor2	chr19	48535375	48535508	DNA/TcMar-Tigger	636	-	66	48535441	7036
chr19	48528405	48728405	harbor2	chr19	48536333	48536535	DNA/TcMar-Tigger	1244	-	101	48536434	8029
chr19	12638021	12838021	harbor2	chr19	12671356	12671370	DNA/TcMar-Tigger	753	-	7	12671363	33342
chr19	12638021	12838021	harbor2	chr19	12671677	12671702	DNA/TcMar-Tigger	753	-	12	12671689	33668
chr19	12638021	12838021	harbor2	chr19	12671994	12672182	DNA/TcMar-Tigger	753	-	94	12672088	34067
chr19	12638021	12838021	harbor2	chr19	12703984	12704083	DNA/TcMar-Tigger	1661	-	50	12704034	66013
chr19	12638021	12838021	harbor2	chr19	12704375	12704641	DNA/TcMar-Tigger	1661	-	133	12704508	66487
chr19	49776801	49976801	harbor2	chr19	49778142	49778300	DNA/TcMar-Tigger	1382	-	79	49778221	1420
chr19	49776801	49976801	harbor2	chr19	49778601	49778765	DNA/TcMar-Tigger	1382	-	82	49778683	1882
chr19	49776801	49976801	harbor2	chr19	49847561	49847628	DNA/TcMar-Tigger	833	-	34	49847595	70794
chr19	49776801	49976801	harbor2	chr19	49847982	49848095	DNA/TcMar-Tigger	833	-	56	49848038	71237
chr19	49776801	49976801	harbor2	chr19	49848388	49848565	DNA/TcMar-Tigger	833	-	88	49848476	71675
chr19	49776801	49976801	harbor2	chr19	49848862	49848954	DNA/TcMar-Tigger	833	-	46	49848908	72107
chr19	46368192	46568192	harbor2	chr19	46369107	46369362	DNA/TcMar-Tigger	4861	-	128	46369235	1043
chr19	46368192	46568192	harbor2	chr19	46369951	46370597	DNA/TcMar-Tigger	4861	-	323	46370274	2082
chr19	12691435	12891435	harbor2	chr19	12703984	12704083	DNA/TcMar-Tigger	1661	-	50	12704034	12599
chr19	12691435	12891435	harbor2	chr19	12704375	12704641	DNA/TcMar-Tigger	1661	-	133	12704508	13073
chr19	2486357	2686357	harbor2	chr19	2559811	2560235	DNA/TcMar-Tigger	1026	-	212	2560023	73666
chr19	56041194	56241194	harbor2	chr19	56041314	56041666	DNA/TcMar-Tigger	2173	-	176	56041490	296
chr19	56041194	56241194	harbor2	chr19	56041972	56042234	DNA/TcMar-Tigger	2173	-	131	56042103	909
chr19	56041194	56241194	harbor2	chr19	56060364	56060562	DNA/TcMar-Tigger	1096	-	99	56060463	19269
chr19	56041194	56241194	harbor2	chr19	56072844	56073213	DNA/TcMar-Tigger	3965	-	184	56073028	31834
chr19	56041194	56241194	harbor2	chr19	56073513	56073582	DNA/TcMar-Tigger	3965	-	34	56073547	32353
chr19	56041194	56241194	harbor2	chr19	56073894	56074255	DNA/TcMar-Tigger	3965	-	180	56074074	32880
chr19	56041194	56241194	harbor2	chr19	56074549	56074624	DNA/TcMar-Tigger	3965	-	38	56074587	33393
chr19	56041194	56241194	harbor2	chr19	56075122	56075320	DNA/TcMar-Tigger	715	-	99	56075221	34027
chr19	49751275	49951275	harbor2	chr19	49778142	49778300	DNA/TcMar-Tigger	1382	-	79	49778221	26946
chr19	49751275	49951275	harbor2	chr19	49778601	49778765	DNA/TcMar-Tigger	1382	-	82	49778683	27408
chr19	49751275	49951275	harbor2	chr19	49847561	49847628	DNA/TcMar-Tigger	833	-	34	49847595	96320
chr19	49751275	49951275	harbor2	chr19	49847982	49848095	DNA/TcMar-Tigger	833	-	56	49848038	96763
chr19	49751275	49951275	harbor2	chr19	49848388	49848565	DNA/TcMar-Tigger	833	-	88	49848476	97201
chr19	49751275	49951275	harbor2	chr19	49848862	49848954	DNA/TcMar-Tigger	833	-	46	49848908	97633
chr19	49770106	49970106	harbor2	chr19	49778142	49778300	DNA/TcMar-Tigger	1382	-	79	49778221	8115
chr19	49770106	49970106	harbor2	chr19	49778601	49778765	DNA/TcMar-Tigger	1382	-	82	49778683	8577
chr19	49770106	49970106	harbor2	chr19	49847561	49847628	DNA/TcMar-Tigger	833	-	34	49847595	77489
chr19	49770106	49970106	harbor2	chr19	49847982	49848095	DNA/TcMar-Tigger	833	-	56	49848038	77932
chr19	49770106	49970106	harbor2	chr19	49848388	49848565	DNA/TcMar-Tigger	833	-	88	49848476	78370
chr19	49770106	49970106	harbor2	chr19	49848862	49848954	DNA/TcMar-Tigger	833	-	46	49848908	78802
chr19	49790605	49990605	harbor2	chr19	49847561	49847628	DNA/TcMar-Tigger	833	-	34	49847595	56990
chr19	49790605	49990605	harbor2	chr19	49847982	49848095	DNA/TcMar-Tigger	833	-	56	49848038	57433
chr19	49790605	49990605	harbor2	chr19	49848388	49848565	DNA/TcMar-Tigger	833	-	88	49848476	57871
chr19	49790605	49990605	harbor2	chr19	49848862	49848954	DNA/TcMar-Tigger	833	-	46	49848908	58303
chr19	14334318	14534318	harbor2	chr19	14423210	14423254	DNA/TcMar-Tigger	685	-	22	14423232	88914
chr19	14334318	14534318	harbor2	chr19	14423588	14423681	DNA/TcMar-Tigger	685	-	46	14423634	89316
chr19	48529308	48729308	harbor2	chr19	48535375	48535508	DNA/TcMar-Tigger	636	-	66	48535441	6133
chr19	48529308	48729308	harbor2	chr19	48536333	48536535	DNA/TcMar-Tigger	1244	-	101	48536434	7126
chr20	35354845	35554845	harbor2	chr20	35354780	35354995	DNA/TcMar-Tigger	1319	-	108	35354888	43
chr20	35354845	35554845	harbor2	chr20	35355005	35355241	DNA/TcMar-Tigger	1312	-	118	35355123	278
chr20	35354845	35554845	harbor2	chr20	35380779	35380999	DNA/TcMar-Tigger	1072	-	110	35380889	26044
chr20	35354845	35554845	harbor2	chr20	35401026	35401640	DNA/TcMar-Tigger	3373	-	307	35401333	46488
chr20	35355061	35555061	harbor2	chr20	35355005	35355241	DNA/TcMar-Tigger	1312	-	118	35355123	62
chr20	35355061	35555061	harbor2	chr20	35380779	35380999	DNA/TcMar-Tigger	1072	-	110	35380889	25828
chr20	35355061	35555061	harbor2	chr20	35401026	35401640	DNA/TcMar-Tigger	3373	-	307	35401333	46272
chr20	34858106	35058106	harbor2	chr20	34944588	34944927	DNA/TcMar-Tigger	2341	-	170	34944758	86652
chr20	5095940	5295940	harbor2	chr20	5181608	5181975	DNA/TcMar-Tigger	1645	-	184	5181792	85852
chr20	35354894	35554894	harbor2	chr20	35354780	35354995	DNA/TcMar-Tigger	1319	-	108	35354888	6
chr20	35354894	35554894	harbor2	chr20	35355005	35355241	DNA/TcMar-Tigger	1312	-	118	35355123	229
chr20	35354894	35554894	harbor2	chr20	35380779	35380999	DNA/TcMar-Tigger	1072	-	110	35380889	25995
chr20	35354894	35554894	harbor2	chr20	35401026	35401640	DNA/TcMar-Tigger	3373	-	307	35401333	46439
chr20	34904861	35104861	harbor2	chr20	34944588	34944927	DNA/TcMar-Tigger	2341	-	170	34944758	39897
chr20	34904861	35104861	harbor2	chr20	34962432	34962531	DNA/TcMar-Tigger	639	-	50	34962482	57621
chr20	34904861	35104861	harbor2	chr20	34963112	34963272	DNA/TcMar-Tigger	945	-	80	34963192	58331
chr20	44866890	45066890	harbor2	chr20	44964347	44964519	DNA/TcMar-Tigger	645	-	86	44964433	97543
chr20	62349814	62549814	harbor2	chr20	62399885	62399980	DNA/TcMar-Tigger	480	-	48	62399933	50119
chr20	34904857	35104857	harbor2	chr20	34944588	34944927	DNA/TcMar-Tigger	2341	-	170	34944758	39901
chr20	34904857	35104857	harbor2	chr20	34962432	34962531	DNA/TcMar-Tigger	639	-	50	34962482	57625
chr20	34904857	35104857	harbor2	chr20	34963112	34963272	DNA/TcMar-Tigger	945	-	80	34963192	58335
chr20	1021218	1221218	harbor2	chr20	1023504	1023834	DNA/TcMar-Tigger	1806	-	165	1023669	2451
chr20	1021218	1221218	harbor2	chr20	1093107	1093140	DNA/TcMar-Tigger	3857	-	16	1093123	71905
chr20	1021218	1221218	harbor2	chr20	1093448	1094106	DNA/TcMar-Tigger	3857	-	329	1093777	72559
chr20	63962955	64162955	harbor2	chr20	64014295	64014372	DNA/TcMar-Tigger	1295	-	38	64014333	51378
chr20	63962955	64162955	harbor2	chr20	64014695	64014912	DNA/TcMar-Tigger	1295	-	108	64014803	51848
chr20	63962955	64162955	harbor2	chr20	64035125	64035319	DNA/TcMar-Tigger	681	-	97	64035222	72267
chr20	4627380	4827380	harbor2	chr20	4646112	4646193	DNA/TcMar-Tigger	531	-	40	4646152	18772
chr20	4627380	4827380	harbor2	chr20	4701931	4701998	DNA/TcMar-Tigger	2324	-	34	4701965	74585
chr20	4627380	4827380	harbor2	chr20	4702306	4702678	DNA/TcMar-Tigger	2324	-	186	4702492	75112
chr20	34885098	35085098	harbor2	chr20	34944588	34944927	DNA/TcMar-Tigger	2341	-	170	34944758	59660
chr20	34885098	35085098	harbor2	chr20	34962432	34962531	DNA/TcMar-Tigger	639	-	50	34962482	77384
chr20	34885098	35085098	harbor2	chr20	34963112	34963272	DNA/TcMar-Tigger	945	-	80	34963192	78094
chr20	34750149	34950149	harbor2	chr20	34772493	34772600	DNA/TcMar-Tigger	468	-	54	34772547	22398
chr20	4811509	5011509	harbor2	chr20	4824334	4824472	DNA/TcMar-Tigger	575	-	69	4824403	12894
chr20	4811509	5011509	harbor2	chr20	4847712	4847970	DNA/TcMar-Tigger	1298	-	129	4847841	36332
chr20	4811509	5011509	harbor2	chr20	4847983	4848148	DNA/TcMar-Tigger	1032	-	82	4848065	36556
chr20	4811509	5011509	harbor2	chr20	4848505	4848538	DNA/TcMar-Tigger	1032	-	16	4848521	37012
chr20	4811509	5011509	harbor2	chr20	4865672	4865828	DNA/TcMar-Tigger	1256	-	78	4865750	54241
chr20	4811509	5011509	harbor2	chr20	4866133	4866353	DNA/TcMar-Tigger	1256	-	110	4866243	54734
chr20	4811509	5011509	harbor2	chr20	4909164	4909355	DNA/TcMar-Tigger	991	-	96	4909260	97751
chr20	48277508	48477508	harbor2	chr20	48284151	48284514	DNA/TcMar-Tigger	2258	-	182	48284333	6825
chr20	3074449	3274449	harbor2	chr20	3153747	3153984	DNA/TcMar-Tigger	1385	-	118	3153865	79416
chr20	50413348	50613348	harbor2	chr20	50457208	50457576	DNA/TcMar-Tigger	1754	-	184	50457392	44044
chr20	21820205	22020205	harbor2	chr20	21829611	21830054	DNA/TcMar-Tigger	679	-	222	21829833	9628
chr20	34725476	34925476	harbor2	chr20	34772493	34772600	DNA/TcMar-Tigger	468	-	54	34772547	47071
chr20	61604459	61804459	harbor2	chr20	61691515	61691853	DNA/TcMar-Tigger	1620	-	169	61691684	87225
chr20	2772894	2972894	harbor2	chr20	2852542	2853109	DNA/TcMar-Tigger	14605	-	284	2852826	79932
chr20	2772894	2972894	harbor2	chr20	2853419	2853664	DNA/TcMar-Tigger	14605	-	122	2853541	80647
chr20	2772894	2972894	harbor2	chr20	2853973	2854126	DNA/TcMar-Tigger	14605	-	76	2854049	81155
chr20	2772894	2972894	harbor2	chr20	2854482	2854511	DNA/TcMar-Tigger	14605	-	14	2854496	81602
chr20	2772894	2972894	harbor2	chr20	2854826	2854960	DNA/TcMar-Tigger	14605	-	67	2854893	81999
chr20	2772894	2972894	harbor2	chr20	2855258	2856540	DNA/TcMar-Tigger	14605	-	641	2855899	83005
chr20	63964022	64164022	harbor2	chr20	64014295	64014372	DNA/TcMar-Tigger	1295	-	38	64014333	50311
chr20	63964022	64164022	harbor2	chr20	64014695	64014912	DNA/TcMar-Tigger	1295	-	108	64014803	50781
chr20	63964022	64164022	harbor2	chr20	64035125	64035319	DNA/TcMar-Tigger	681	-	97	64035222	71200
chr20	59840429	60040429	harbor2	chr20	59871624	59871927	DNA/TcMar-Tigger	1699	-	152	59871776	31347
chr20	59840429	60040429	harbor2	chr20	59873100	59873619	DNA/TcMar-Tigger	3036	-	260	59873360	32931
chr20	59840429	60040429	harbor2	chr20	59935944	59936279	DNA/TcMar-Tigger	1463	-	168	59936112	95683
chr20	5092121	5292121	harbor2	chr20	5181608	5181975	DNA/TcMar-Tigger	1645	-	184	5181792	89671
chr20	59679835	59879835	harbor2	chr20	59711489	59711802	DNA/TcMar-Tigger	1370	-	156	59711645	31810
chr20	3915348	4115348	harbor2	chr20	3980362	3980615	DNA/TcMar-Tigger	1206	-	126	3980488	65140
chr20	33576839	33776839	harbor2	chr20	33602558	33602646	DNA/TcMar-Tigger	543	-	44	33602602	25763
chr20	33576839	33776839	harbor2	chr20	33602671	33603160	DNA/TcMar-Tigger	2754	-	244	33602915	26076
chr20	2820954	3020954	harbor2	chr20	2852542	2853109	DNA/TcMar-Tigger	14605	-	284	2852826	31872
chr20	2820954	3020954	harbor2	chr20	2853419	2853664	DNA/TcMar-Tigger	14605	-	122	2853541	32587
chr20	2820954	3020954	harbor2	chr20	2853973	2854126	DNA/TcMar-Tigger	14605	-	76	2854049	33095
chr20	2820954	3020954	harbor2	chr20	2854482	2854511	DNA/TcMar-Tigger	14605	-	14	2854496	33542
chr20	2820954	3020954	harbor2	chr20	2854826	2854960	DNA/TcMar-Tigger	14605	-	67	2854893	33939
chr20	2820954	3020954	harbor2	chr20	2855258	2856540	DNA/TcMar-Tigger	14605	-	641	2855899	34945
chr20	2820954	3020954	harbor2	chr20	2891709	2891927	DNA/TcMar-Tigger	1045	-	109	2891818	70864
chr20	1021009	1221009	harbor2	chr20	1023504	1023834	DNA/TcMar-Tigger	1806	-	165	1023669	2660
chr20	1021009	1221009	harbor2	chr20	1093107	1093140	DNA/TcMar-Tigger	3857	-	16	1093123	72114
chr20	1021009	1221009	harbor2	chr20	1093448	1094106	DNA/TcMar-Tigger	3857	-	329	1093777	72768
chr20	35854536	36054536	harbor2	chr20	35914249	35914453	DNA/TcMar-Tigger	995	-	102	35914351	59815
chr20	35854536	36054536	harbor2	chr20	35916188	35916307	DNA/TcMar-Tigger	461	-	60	35916248	61712
chr20	35854536	36054536	harbor2	chr20	35939411	35939769	DNA/TcMar-Tigger	995	-	179	35939590	85054
chr20	37933811	38133811	harbor2	chr20	38027407	38027643	DNA/TcMar-Tigger	2371	-	118	38027525	93714
chr20	37933811	38133811	harbor2	chr20	38027951	38028117	DNA/TcMar-Tigger	2371	-	83	38028034	94223
chr20	37933811	38133811	harbor2	chr20	38028118	38028180	DNA/TcMar-Tigger	1369	-	31	38028149	94338
chr20	37933811	38133811	harbor2	chr20	38027139	38027406	DNA/TcMar-Tigger	1369	-	134	38027273	93462
chr20	34993730	35193730	harbor2	chr20	35010896	35010978	DNA/TcMar-Tigger	1542	-	41	35010937	17207
chr20	34993730	35193730	harbor2	chr20	35011280	35011598	DNA/TcMar-Tigger	1542	-	159	35011439	17709
chr20	34993730	35193730	harbor2	chr20	35043566	35043875	DNA/TcMar-Tigger	1681	-	154	35043720	49990
chr20	59840491	60040491	harbor2	chr20	59871624	59871927	DNA/TcMar-Tigger	1699	-	152	59871776	31285
chr20	59840491	60040491	harbor2	chr20	59873100	59873619	DNA/TcMar-Tigger	3036	-	260	59873360	32869
chr20	59840491	60040491	harbor2	chr20	59935944	59936279	DNA/TcMar-Tigger	1463	-	168	59936112	95621
chr20	63969669	64169669	harbor2	chr20	64014295	64014372	DNA/TcMar-Tigger	1295	-	38	64014333	44664
chr20	63969669	64169669	harbor2	chr20	64014695	64014912	DNA/TcMar-Tigger	1295	-	108	64014803	45134
chr20	63969669	64169669	harbor2	chr20	64035125	64035319	DNA/TcMar-Tigger	681	-	97	64035222	65553
chr21	29233865	29433865	harbor2	chr21	29262079	29264411	DNA/TcMar-Tigger	14049	-	1166	29263245	29380
chr21	14338484	14538484	harbor2	chr21	14354247	14354504	DNA/TcMar-Tigger	751	-	128	14354375	15891
chr21	14338484	14538484	harbor2	chr21	14430903	14431206	DNA/TcMar-Tigger	1062	-	152	14431055	92571
chr21	14484895	14684895	harbor2	chr21	14522523	14523123	DNA/TcMar-Tigger	2602	-	300	14522823	37928
chr21	41779091	41979091	harbor2	chr21	41875841	41876144	DNA/TcMar-Tigger	1598	-	152	41875993	96902
chr21	29199648	29399648	harbor2	chr21	29262079	29264411	DNA/TcMar-Tigger	14049	-	1166	29263245	63597
chr21	29486560	29686560	harbor2	chr21	29539207	29539543	DNA/TcMar-Tigger	1536	-	168	29539375	52815
chr21	46337457	46537457	harbor2	chr21	46378146	46378685	DNA/TcMar-Tigger	1387	-	270	46378416	40959
chr21	5028556	5228556	harbor2	chr21	5053376	5053693	DNA/TcMar-Tigger	827	-	158	5053534	24978
chr21	14344309	14544309	harbor2	chr21	14354247	14354504	DNA/TcMar-Tigger	751	-	128	14354375	10066
chr21	14344309	14544309	harbor2	chr21	14430903	14431206	DNA/TcMar-Tigger	1062	-	152	14431055	86746
chr21	14338970	14538970	harbor2	chr21	14354247	14354504	DNA/TcMar-Tigger	751	-	128	14354375	15405
chr21	14338970	14538970	harbor2	chr21	14430903	14431206	DNA/TcMar-Tigger	1062	-	152	14431055	92085
chr21	29219635	29419635	harbor2	chr21	29262079	29264411	DNA/TcMar-Tigger	14049	-	1166	29263245	43610
chr21	44278871	44478871	harbor2	chr21	44347624	44348034	DNA/TcMar-Tigger	2092	-	205	44347829	68958
chr21	44278871	44478871	harbor2	chr21	44355821	44356043	DNA/TcMar-Tigger	871	-	111	44355932	77061
chr21	46358911	46558911	harbor2	chr21	46378146	46378685	DNA/TcMar-Tigger	1387	-	270	46378416	19505
chr21	46358911	46558911	harbor2	chr21	46439483	46439710	DNA/TcMar-Tigger	1104	-	114	46439597	80686
chr21	14337764	14537764	harbor2	chr21	14354247	14354504	DNA/TcMar-Tigger	751	-	128	14354375	16611
chr21	14337764	14537764	harbor2	chr21	14430903	14431206	DNA/TcMar-Tigger	1062	-	152	14431055	93291
chr21	44717549	44917549	harbor2	chr21	44798204	44800265	DNA/TcMar-Tigger	11037	-	1030	44799234	81685
chr21	14339047	14539047	harbor2	chr21	14354247	14354504	DNA/TcMar-Tigger	751	-	128	14354375	15328
chr21	14339047	14539047	harbor2	chr21	14430903	14431206	DNA/TcMar-Tigger	1062	-	152	14431055	92008
chr21	42276934	42476934	harbor2	chr21	42340627	42340873	DNA/TcMar-Tigger	6215	-	123	42340750	63816
chr21	42276934	42476934	harbor2	chr21	42341180	42341434	DNA/TcMar-Tigger	6215	-	127	42341307	64373
chr21	42276934	42476934	harbor2	chr21	42341744	42342418	DNA/TcMar-Tigger	6215	-	337	42342081	65147
chr21	42276934	42476934	harbor2	chr21	42368455	42368725	DNA/TcMar-Tigger	1469	-	135	42368590	91656
chr21	42276934	42476934	harbor2	chr21	42374767	42374972	DNA/TcMar-Tigger	928	-	102	42374869	97935
chr21	42276934	42476934	harbor2	chr21	42369018	42369093	DNA/TcMar-Tigger	1469	-	38	42369056	92122
chr21	46358915	46558915	harbor2	chr21	46378146	46378685	DNA/TcMar-Tigger	1387	-	270	46378416	19501
chr21	46358915	46558915	harbor2	chr21	46439483	46439710	DNA/TcMar-Tigger	1104	-	114	46439597	80682
chr21	29200088	29400088	harbor2	chr21	29262079	29264411	DNA/TcMar-Tigger	14049	-	1166	29263245	63157
chr21	36057503	36257503	harbor2	chr21	36057495	36057569	DNA/TcMar-Tigger	445	-	37	36057532	29
chr21	36057503	36257503	harbor2	chr21	36061204	36061290	DNA/TcMar-Tigger	1310	-	43	36061247	3744
chr21	36057503	36257503	harbor2	chr21	36061702	36061805	DNA/TcMar-Tigger	1310	-	52	36061754	4251
chr21	36057503	36257503	harbor2	chr21	36117202	36117715	DNA/TcMar-Tigger	2440	-	256	36117458	59955
chr21	36057503	36257503	harbor2	chr21	36117714	36117896	DNA/TcMar-Tigger	2207	-	91	36117805	60302
chr21	36057503	36257503	harbor2	chr21	36118192	36118459	DNA/TcMar-Tigger	2207	-	134	36118326	60823
chr21	36057503	36257503	harbor2	chr21	36141277	36141567	DNA/TcMar-Tigger	1595	-	145	36141422	83919
chr21	14337790	14537790	harbor2	chr21	14354247	14354504	DNA/TcMar-Tigger	751	-	128	14354375	16585
chr21	14337790	14537790	harbor2	chr21	14430903	14431206	DNA/TcMar-Tigger	1062	-	152	14431055	93265
chr21	14338290	14538290	harbor2	chr21	14354247	14354504	DNA/TcMar-Tigger	751	-	128	14354375	16085
chr21	14338290	14538290	harbor2	chr21	14430903	14431206	DNA/TcMar-Tigger	1062	-	152	14431055	92765
chr21	14395178	14595178	harbor2	chr21	14430903	14431206	DNA/TcMar-Tigger	1062	-	152	14431055	35877
chr21	33379900	33579900	harbor2	chr21	33386791	33387008	DNA/TcMar-Tigger	618	-	108	33386899	6999
chr21	33379900	33579900	harbor2	chr21	33459765	33460081	DNA/TcMar-Tigger	1089	-	158	33459923	80023
chr22	24069873	24269873	harbor2	chr22	24111106	24111280	DNA/TcMar-Tigger	1695	-	87	24111193	41320
chr22	24069873	24269873	harbor2	chr22	24111614	24111805	DNA/TcMar-Tigger	1695	-	96	24111710	41837
chr22	24069873	24269873	harbor2	chr22	24122283	24122425	DNA/TcMar-Tigger	1191	-	71	24122354	52481
chr22	24069873	24269873	harbor2	chr22	24122735	24122824	DNA/TcMar-Tigger	1191	-	44	24122779	52906
chr22	42989451	43189451	harbor2	chr22	43062141	43062210	DNA/TcMar-Tigger	1653	-	34	43062175	72724
chr22	42989451	43189451	harbor2	chr22	43062521	43062548	DNA/TcMar-Tigger	1653	-	14	43062535	73084
chr22	42989451	43189451	harbor2	chr22	43062842	43063127	DNA/TcMar-Tigger	1653	-	142	43062984	73533
chr22	24070350	24270350	harbor2	chr22	24111106	24111280	DNA/TcMar-Tigger	1695	-	87	24111193	40843
chr22	24070350	24270350	harbor2	chr22	24111614	24111805	DNA/TcMar-Tigger	1695	-	96	24111710	41360
chr22	24070350	24270350	harbor2	chr22	24122283	24122425	DNA/TcMar-Tigger	1191	-	71	24122354	52004
chr22	24070350	24270350	harbor2	chr22	24122735	24122824	DNA/TcMar-Tigger	1191	-	44	24122779	52429
chr22	24071226	24271226	harbor2	chr22	24111106	24111280	DNA/TcMar-Tigger	1695	-	87	24111193	39967
chr22	24071226	24271226	harbor2	chr22	24111614	24111805	DNA/TcMar-Tigger	1695	-	96	24111710	40484
chr22	24071226	24271226	harbor2	chr22	24122283	24122425	DNA/TcMar-Tigger	1191	-	71	24122354	51128
chr22	24071226	24271226	harbor2	chr22	24122735	24122824	DNA/TcMar-Tigger	1191	-	44	24122779	51553
chr22	38298885	38498885	harbor2	chr22	38355892	38356256	DNA/TcMar-Tigger	2523	-	182	38356074	57189
chr22	38298885	38498885	harbor2	chr22	38356560	38356616	DNA/TcMar-Tigger	2523	-	28	38356588	57703
chr22	38298885	38498885	harbor2	chr22	38356630	38356770	DNA/TcMar-Tigger	871	-	70	38356700	57815
chr22	38298885	38498885	harbor2	chr22	38370364	38370755	DNA/TcMar-Tigger	2417	-	196	38370560	71675
chr22	38298885	38498885	harbor2	chr22	38375712	38376316	DNA/TcMar-Tigger	7514	-	302	38376014	77129
chr22	38298885	38498885	harbor2	chr22	38376344	38376875	DNA/TcMar-Tigger	7514	-	266	38376610	77725
chr22	47146075	47346075	harbor2	chr22	47218428	47218754	DNA/TcMar-Tigger	1431	-	163	47218591	72516
chr22	50581425	50781425	harbor2	chr22	50615819	50615928	DNA/TcMar-Tigger	622	-	54	50615873	34448
chr22	50581425	50781425	harbor2	chr22	50616047	50616057	DNA/TcMar-Tigger	622	-	5	50616052	34627
chr22	50581425	50781425	harbor2	chr22	50616320	50616400	DNA/TcMar-Tigger	423	-	40	50616360	34935
chr22	50581425	50781425	harbor2	chr22	50617414	50617720	DNA/TcMar-Tigger	2361	-	153	50617567	36142
chr22	50581425	50781425	harbor2	chr22	50618018	50618106	DNA/TcMar-Tigger	2361	-	44	50618062	36637
chr22	50581425	50781425	harbor2	chr22	50618259	50618519	DNA/TcMar-Tigger	1377	-	130	50618389	36964
chr22	50581425	50781425	harbor2	chr22	50618821	50618979	DNA/TcMar-Tigger	3137	-	79	50618900	37475
chr22	50581425	50781425	harbor2	chr22	50619278	50619626	DNA/TcMar-Tigger	3137	-	174	50619452	38027
chr22	24070364	24270364	harbor2	chr22	24111106	24111280	DNA/TcMar-Tigger	1695	-	87	24111193	40829
chr22	24070364	24270364	harbor2	chr22	24111614	24111805	DNA/TcMar-Tigger	1695	-	96	24111710	41346
chr22	24070364	24270364	harbor2	chr22	24122283	24122425	DNA/TcMar-Tigger	1191	-	71	24122354	51990
chr22	24070364	24270364	harbor2	chr22	24122735	24122824	DNA/TcMar-Tigger	1191	-	44	24122779	52415
chr22	42989456	43189456	harbor2	chr22	43062141	43062210	DNA/TcMar-Tigger	1653	-	34	43062175	72719
chr22	42989456	43189456	harbor2	chr22	43062521	43062548	DNA/TcMar-Tigger	1653	-	14	43062535	73079
chr22	42989456	43189456	harbor2	chr22	43062842	43063127	DNA/TcMar-Tigger	1653	-	142	43062984	73528
chr22	43933826	44133826	harbor2	chr22	43962036	43962379	DNA/TcMar-Tigger	2174	-	172	43962208	28382
chr22	43933826	44133826	harbor2	chr22	44001327	44001550	DNA/TcMar-Tigger	1224	-	112	44001439	67613
chr22	43933826	44133826	harbor2	chr22	44016537	44016653	DNA/TcMar-Tigger	812	-	58	44016595	82769
chr22	43933826	44133826	harbor2	chr22	44016653	44016849	DNA/TcMar-Tigger	1127	-	98	44016751	82925
chr22	42989457	43189457	harbor2	chr22	43062141	43062210	DNA/TcMar-Tigger	1653	-	34	43062175	72718
chr22	42989457	43189457	harbor2	chr22	43062521	43062548	DNA/TcMar-Tigger	1653	-	14	43062535	73078
chr22	42989457	43189457	harbor2	chr22	43062842	43063127	DNA/TcMar-Tigger	1653	-	142	43062984	73527
chr22	43477459	43677459	harbor2	chr22	43567200	43567454	DNA/TcMar-Tigger	882	-	127	43567327	89868
chr22	24069841	24269841	harbor2	chr22	24111106	24111280	DNA/TcMar-Tigger	1695	-	87	24111193	41352
chr22	24069841	24269841	harbor2	chr22	24111614	24111805	DNA/TcMar-Tigger	1695	-	96	24111710	41869
chr22	24069841	24269841	harbor2	chr22	24122283	24122425	DNA/TcMar-Tigger	1191	-	71	24122354	52513
chr22	24069841	24269841	harbor2	chr22	24122735	24122824	DNA/TcMar-Tigger	1191	-	44	24122779	52938
chr22	42989737	43189737	harbor2	chr22	43062141	43062210	DNA/TcMar-Tigger	1653	-	34	43062175	72438
chr22	42989737	43189737	harbor2	chr22	43062521	43062548	DNA/TcMar-Tigger	1653	-	14	43062535	72798
chr22	42989737	43189737	harbor2	chr22	43062842	43063127	DNA/TcMar-Tigger	1653	-	142	43062984	73247
chr22	32078363	32278363	harbor2	chr22	32169111	32169232	DNA/TcMar-Tigger	1733	-	60	32169171	90808
chr22	32078363	32278363	harbor2	chr22	32169531	32169907	DNA/TcMar-Tigger	1733	-	188	32169719	91356
chr22	24070302	24270302	harbor2	chr22	24111106	24111280	DNA/TcMar-Tigger	1695	-	87	24111193	40891
chr22	24070302	24270302	harbor2	chr22	24111614	24111805	DNA/TcMar-Tigger	1695	-	96	24111710	41408
chr22	24070302	24270302	harbor2	chr22	24122283	24122425	DNA/TcMar-Tigger	1191	-	71	24122354	52052
chr22	24070302	24270302	harbor2	chr22	24122735	24122824	DNA/TcMar-Tigger	1191	-	44	24122779	52477
chr22	24070441	24270441	harbor2	chr22	24111106	24111280	DNA/TcMar-Tigger	1695	-	87	24111193	40752
chr22	24070441	24270441	harbor2	chr22	24111614	24111805	DNA/TcMar-Tigger	1695	-	96	24111710	41269
chr22	24070441	24270441	harbor2	chr22	24122283	24122425	DNA/TcMar-Tigger	1191	-	71	24122354	51913
chr22	24070441	24270441	harbor2	chr22	24122735	24122824	DNA/TcMar-Tigger	1191	-	44	24122779	52338
chr22	44398337	44598337	harbor2	chr22	44481597	44481798	DNA/TcMar-Tigger	1083	-	100	44481697	83360
chr22	49692745	49892745	harbor2	chr22	49717142	49717449	DNA/TcMar-Tigger	859	-	154	49717296	24551
chr22	49664584	49864584	harbor2	chr22	49717142	49717449	DNA/TcMar-Tigger	859	-	154	49717296	52712
chr22	42989453	43189453	harbor2	chr22	43062141	43062210	DNA/TcMar-Tigger	1653	-	34	43062175	72722
chr22	42989453	43189453	harbor2	chr22	43062521	43062548	DNA/TcMar-Tigger	1653	-	14	43062535	73082
chr22	42989453	43189453	harbor2	chr22	43062842	43063127	DNA/TcMar-Tigger	1653	-	142	43062984	73531
chr22	19833717	20033717	harbor2	chr22	19839339	19839461	DNA/TcMar-Tigger	706	-	61	19839400	5683
chr22	19833717	20033717	harbor2	chr22	19840078	19840215	DNA/TcMar-Tigger	748	-	68	19840146	6429
chr22	23371069	23571069	harbor2	chr22	23442973	23443324	DNA/TcMar-Tigger	7482	-	176	23443149	72080
chr22	23371069	23571069	harbor2	chr22	23443635	23444521	DNA/TcMar-Tigger	7482	-	443	23444078	73009
chr22	23371069	23571069	harbor2	chr22	23444534	23445160	DNA/TcMar-Tigger	3384	-	313	23444847	73778
chr22	30847666	31047666	harbor2	chr22	30888763	30889043	DNA/TcMar-Tigger	1617	-	140	30888903	41237
chr22	30847666	31047666	harbor2	chr22	30917173	30917619	DNA/TcMar-Tigger	2457	-	223	30917396	69730
chr22	36186701	36386701	harbor2	chr22	36196332	36196641	DNA/TcMar-Tigger	614	-	154	36196486	9785
chr22	42989431	43189431	harbor2	chr22	43062141	43062210	DNA/TcMar-Tigger	1653	-	34	43062175	72744
chr22	42989431	43189431	harbor2	chr22	43062521	43062548	DNA/TcMar-Tigger	1653	-	14	43062535	73104
chr22	42989431	43189431	harbor2	chr22	43062842	43063127	DNA/TcMar-Tigger	1653	-	142	43062984	73553
chr22	24069770	24269770	harbor2	chr22	24111106	24111280	DNA/TcMar-Tigger	1695	-	87	24111193	41423
chr22	24069770	24269770	harbor2	chr22	24111614	24111805	DNA/TcMar-Tigger	1695	-	96	24111710	41940
chr22	24069770	24269770	harbor2	chr22	24122283	24122425	DNA/TcMar-Tigger	1191	-	71	24122354	52584
chr22	24069770	24269770	harbor2	chr22	24122735	24122824	DNA/TcMar-Tigger	1191	-	44	24122779	53009
chr22	46293224	46493224	harbor2	chr22	46383918	46383960	DNA/TcMar-Tigger	576	-	21	46383939	90715
chr22	46293224	46493224	harbor2	chr22	46384236	46384363	DNA/TcMar-Tigger	576	-	64	46384300	91076
chr22	18930366	19130366	harbor2	chr22	18999750	19000000	DNA/TcMar-Tigger	1468	-	125	18999875	69509
chr22	18930366	19130366	harbor2	chr22	19000006	19001125	DNA/TcMar-Tigger	7154	-	560	19000566	70200
chr22	42989458	43189458	harbor2	chr22	43062141	43062210	DNA/TcMar-Tigger	1653	-	34	43062175	72717
chr22	42989458	43189458	harbor2	chr22	43062521	43062548	DNA/TcMar-Tigger	1653	-	14	43062535	73077
chr22	42989458	43189458	harbor2	chr22	43062842	43063127	DNA/TcMar-Tigger	1653	-	142	43062984	73526
chr22	24071264	24271264	harbor2	chr22	24111106	24111280	DNA/TcMar-Tigger	1695	-	87	24111193	39929
chr22	24071264	24271264	harbor2	chr22	24111614	24111805	DNA/TcMar-Tigger	1695	-	96	24111710	40446
chr22	24071264	24271264	harbor2	chr22	24122283	24122425	DNA/TcMar-Tigger	1191	-	71	24122354	51090
chr22	24071264	24271264	harbor2	chr22	24122735	24122824	DNA/TcMar-Tigger	1191	-	44	24122779	51515
chr22	46151173	46351173	harbor2	chr22	46186775	46187066	DNA/TcMar-Tigger	1537	-	146	46186921	35748
chr22	46151173	46351173	harbor2	chr22	46200246	46200599	DNA/TcMar-Tigger	1709	-	176	46200422	49249
chr22	24070539	24270539	harbor2	chr22	24111106	24111280	DNA/TcMar-Tigger	1695	-	87	24111193	40654
chr22	24070539	24270539	harbor2	chr22	24111614	24111805	DNA/TcMar-Tigger	1695	-	96	24111710	41171
chr22	24070539	24270539	harbor2	chr22	24122283	24122425	DNA/TcMar-Tigger	1191	-	71	24122354	51815
chr22	24070539	24270539	harbor2	chr22	24122735	24122824	DNA/TcMar-Tigger	1191	-	44	24122779	52240
chr22	43480672	43680672	harbor2	chr22	43567200	43567454	DNA/TcMar-Tigger	882	-	127	43567327	86655
chr22	36919222	37119222	harbor2	chr22	36944337	36945446	DNA/TcMar-Tigger	13257	-	554	36944891	25669
chr22	36919222	37119222	harbor2	chr22	36946110	36947138	DNA/TcMar-Tigger	13257	-	514	36946624	27402
chr22	36919222	37119222	harbor2	chr22	36947746	36947889	DNA/TcMar-Tigger	13257	-	72	36947818	28596
chr22	36919213	37119213	harbor2	chr22	36944337	36945446	DNA/TcMar-Tigger	13257	-	554	36944891	25678
chr22	36919213	37119213	harbor2	chr22	36946110	36947138	DNA/TcMar-Tigger	13257	-	514	36946624	27411
chr22	36919213	37119213	harbor2	chr22	36947746	36947889	DNA/TcMar-Tigger	13257	-	72	36947818	28605
chr22	24069881	24269881	harbor2	chr22	24111106	24111280	DNA/TcMar-Tigger	1695	-	87	24111193	41312
chr22	24069881	24269881	harbor2	chr22	24111614	24111805	DNA/TcMar-Tigger	1695	-	96	24111710	41829
chr22	24069881	24269881	harbor2	chr22	24122283	24122425	DNA/TcMar-Tigger	1191	-	71	24122354	52473
chr22	24069881	24269881	harbor2	chr22	24122735	24122824	DNA/TcMar-Tigger	1191	-	44	24122779	52898
chr22	42989450	43189450	harbor2	chr22	43062141	43062210	DNA/TcMar-Tigger	1653	-	34	43062175	72725
chr22	42989450	43189450	harbor2	chr22	43062521	43062548	DNA/TcMar-Tigger	1653	-	14	43062535	73085
chr22	42989450	43189450	harbor2	chr22	43062842	43063127	DNA/TcMar-Tigger	1653	-	142	43062984	73534
chr22	36186697	36386697	harbor2	chr22	36196332	36196641	DNA/TcMar-Tigger	614	-	154	36196486	9789
chr22	24018494	24218494	harbor2	chr22	24027963	24028182	DNA/TcMar-Tigger	1479	-	110	24028073	9579
chr22	24018494	24218494	harbor2	chr22	24028172	24028327	DNA/TcMar-Tigger	741	-	78	24028250	9756
chr22	24018494	24218494	harbor2	chr22	24111106	24111280	DNA/TcMar-Tigger	1695	-	87	24111193	92699
chr22	24018494	24218494	harbor2	chr22	24111614	24111805	DNA/TcMar-Tigger	1695	-	96	24111710	93216
chr22	36186696	36386696	harbor2	chr22	36196332	36196641	DNA/TcMar-Tigger	614	-	154	36196486	9790
chr22	36186702	36386702	harbor2	chr22	36196332	36196641	DNA/TcMar-Tigger	614	-	154	36196486	9784
chr22	36186690	36386690	harbor2	chr22	36196332	36196641	DNA/TcMar-Tigger	614	-	154	36196486	9796
chrX	18254718	18454718	harbor2	chrX	18271715	18271856	DNA/TcMar-Tigger	901	-	70	18271785	17067
chrX	18254718	18454718	harbor2	chrX	18312267	18312613	DNA/TcMar-Tigger	1286	-	173	18312440	57722
chrX	130073359	130273359	harbor2	chrX	130092852	130093030	DNA/TcMar-Tigger	1053	-	89	130092941	19582
chrX	130073359	130273359	harbor2	chrX	130093323	130093378	DNA/TcMar-Tigger	1053	-	28	130093351	19992
chrX	130073359	130273359	harbor2	chrX	130158978	130159274	DNA/TcMar-Tigger	679	-	148	130159126	85767
chrX	48409015	48609015	harbor2	chrX	48439532	48439986	DNA/TcMar-Tigger	2919	-	227	48439759	30744
chrX	48409015	48609015	harbor2	chrX	48439980	48440811	DNA/TcMar-Tigger	5423	-	416	48440396	31381
chrX	48409015	48609015	harbor2	chrX	48441021	48441219	DNA/TcMar-Tigger	5423	-	99	48441120	32105
chrX	72046644	72246644	harbor2	chrX	72100159	72100466	DNA/TcMar-Tigger	1856	-	154	72100313	53669
chrX	129834975	130034975	harbor2	chrX	129901690	129901824	DNA/TcMar-Tigger	1187	-	67	129901757	66782
chrX	129834975	130034975	harbor2	chrX	129902211	129902296	DNA/TcMar-Tigger	1187	-	42	129902253	67278
chrX	109965478	110165478	harbor2	chrX	109979677	109980218	DNA/TcMar-Tigger	1737	-	270	109979947	14469
chrX	109965478	110165478	harbor2	chrX	110047693	110047947	DNA/TcMar-Tigger	659	-	127	110047820	82342
chrX	37580064	37780064	harbor2	chrX	37662107	37662380	DNA/TcMar-Tigger	896	-	136	37662243	82179
chrX	72053113	72253113	harbor2	chrX	72100159	72100466	DNA/TcMar-Tigger	1856	-	154	72100313	47200
chrX	49066465	49266465	harbor2	chrX	49118312	49118456	DNA/TcMar-Tigger	708	-	72	49118384	51919
chrX	49066465	49266465	harbor2	chrX	49118767	49118866	DNA/TcMar-Tigger	708	-	50	49118817	52352
chrX	41234593	41434593	harbor2	chrX	41309442	41309605	DNA/TcMar-Tigger	740	-	82	41309524	74931
chrX	41234593	41434593	harbor2	chrX	41309900	41310015	DNA/TcMar-Tigger	740	-	58	41309958	75365
chrX	41234593	41434593	harbor2	chrX	41310328	41310343	DNA/TcMar-Tigger	740	-	8	41310336	75743
chrX	41234593	41434593	harbor2	chrX	41310669	41310883	DNA/TcMar-Tigger	740	-	107	41310776	76183
chrX	48805353	49005353	harbor2	chrX	48809331	48809522	DNA/TcMar-Tigger	1531	-	96	48809427	4074
chrX	48805353	49005353	harbor2	chrX	48809816	48809873	DNA/TcMar-Tigger	1531	-	28	48809844	4491
chrX	20396267	20596267	harbor2	chrX	20405089	20405395	DNA/TcMar-Tigger	895	-	153	20405242	8975
chrX	20396267	20596267	harbor2	chrX	20467122	20467365	DNA/TcMar-Tigger	595	-	122	20467244	70977
