H_chr	H_start	H_end	Harbor	TE_chr	TE_start	TE_end	TE	score	TE_strand	TE_half	TE_middle_pos	TE_dis
chr1	3525011	3725011	harbor1	chr1	3534222	3534440	DNA/hAT-Charlie	602	+	109	3534331	9320
chr1	3525011	3725011	harbor1	chr1	3606179	3606376	DNA/hAT-Charlie	693	+	98	3606277	81266
chr1	63219176	63419176	harbor1	chr1	63260848	63261047	DNA/hAT-Charlie	1081	+	100	63260948	41772
chr1	63219176	63419176	harbor1	chr1	63303650	63303887	DNA/hAT-Charlie	647	+	118	63303768	84592
chr1	63219176	63419176	harbor1	chr1	63311427	63311545	DNA/hAT-Charlie	687	+	59	63311486	92310
chr1	63219176	63419176	harbor1	chr1	63311862	63311969	DNA/hAT-Charlie	687	+	54	63311916	92740
chr1	150461410	150661410	harbor1	chr1	150466897	150467111	DNA/hAT-Charlie	1153	+	107	150467004	5594
chr1	150461410	150661410	harbor1	chr1	150522650	150522828	DNA/hAT-Charlie	753	+	89	150522739	61329
chr1	21742123	21942123	harbor1	chr1	21824925	21825287	DNA/hAT-Charlie	1362	+	181	21825106	82983
chr1	1675980	1875980	harbor1	chr1	1768927	1769088	DNA/hAT-Charlie	435	+	80	1769007	93027
chr1	51230788	51430788	harbor1	chr1	51259084	51259296	DNA/hAT-Charlie	1047	+	106	51259190	28402
chr1	51230788	51430788	harbor1	chr1	51300406	51300570	DNA/hAT-Charlie	431	+	82	51300488	69700
chr1	51230788	51430788	harbor1	chr1	51303934	51304388	DNA/hAT-Charlie	795	+	227	51304161	73373
chr1	109183460	109383460	harbor1	chr1	109211037	109211194	DNA/hAT-Charlie	543	+	78	109211115	27655
chr1	109183460	109383460	harbor1	chr1	109231857	109232015	DNA/hAT-Charlie	719	+	79	109231936	48476
chr1	109183460	109383460	harbor1	chr1	109233026	109233186	DNA/hAT-Charlie	728	+	80	109233106	49646
chr1	109183460	109383460	harbor1	chr1	109248211	109248421	DNA/hAT-Charlie	515	+	105	109248316	64856
chr1	15942113	16142113	harbor1	chr1	15967931	15968128	DNA/hAT-Charlie	989	+	98	15968029	25916
chr1	15942113	16142113	harbor1	chr1	15968921	15969471	DNA/hAT-Charlie	3535	+	275	15969196	27083
chr1	15942113	16142113	harbor1	chr1	16005246	16005406	DNA/hAT-Charlie	889	+	80	16005326	63213
chr1	16596895	16796895	harbor1	chr1	16690584	16690790	DNA/hAT-Charlie	850	+	103	16690687	93792
chr1	16596895	16796895	harbor1	chr1	16695805	16695968	DNA/hAT-Charlie	685	+	82	16695887	98992
chr1	89721500	89921500	harbor1	chr1	89731481	89731651	DNA/hAT-Charlie	764	+	85	89731566	10066
chr1	89721500	89921500	harbor1	chr1	89754727	89754941	DNA/hAT-Charlie	1142	+	107	89754834	33334
chr1	89721500	89921500	harbor1	chr1	89800566	89800709	DNA/hAT-Charlie	464	+	72	89800638	79138
chr1	16625292	16825292	harbor1	chr1	16690584	16690790	DNA/hAT-Charlie	850	+	103	16690687	65395
chr1	16625292	16825292	harbor1	chr1	16695805	16695968	DNA/hAT-Charlie	685	+	82	16695887	70595
chr1	11666518	11866518	harbor1	chr1	11725344	11725468	DNA/hAT-Charlie	610	+	62	11725406	58888
chr1	7671335	7871335	harbor1	chr1	7709845	7709975	DNA/hAT-Charlie	440	+	65	7709910	38575
chr1	7671335	7871335	harbor1	chr1	7725664	7725827	DNA/hAT-Charlie	719	+	82	7725746	54411
chr1	7671335	7871335	harbor1	chr1	7747199	7747369	DNA/hAT-Charlie	440	+	85	7747284	75949
chr1	6685469	6885469	harbor1	chr1	6685827	6686113	DNA/hAT-Charlie	1770	+	143	6685970	501
chr1	6685469	6885469	harbor1	chr1	6686106	6686219	DNA/hAT-Charlie	635	+	56	6686162	693
chr1	6685469	6885469	harbor1	chr1	6718785	6718893	DNA/hAT-Charlie	1526	+	54	6718839	33370
chr1	6685469	6885469	harbor1	chr1	6719183	6719299	DNA/hAT-Charlie	1526	+	58	6719241	33772
chr1	6685469	6885469	harbor1	chr1	6727636	6727866	DNA/hAT-Charlie	929	+	115	6727751	42282
chr1	6685469	6885469	harbor1	chr1	6743342	6743501	DNA/hAT-Charlie	756	+	80	6743422	57953
chr1	6685469	6885469	harbor1	chr1	6775819	6775994	DNA/hAT-Charlie	801	+	88	6775907	90438
chr1	8715651	8915651	harbor1	chr1	8729186	8729217	DNA/hAT-Charlie	640	+	16	8729202	13551
chr1	8715651	8915651	harbor1	chr1	8729523	8729662	DNA/hAT-Charlie	640	+	70	8729593	13942
chr1	8715651	8915651	harbor1	chr1	8768439	8768635	DNA/hAT-Charlie	947	+	98	8768537	52886
chr1	8715651	8915651	harbor1	chr1	8768944	8769128	DNA/hAT-Charlie	704	+	92	8769036	53385
chr1	8715651	8915651	harbor1	chr1	8799658	8799795	DNA/hAT-Charlie	1471	+	68	8799726	84075
chr1	8715651	8915651	harbor1	chr1	8800114	8800198	DNA/hAT-Charlie	1471	+	42	8800156	84505
chr1	53846279	54046279	harbor1	chr1	53849758	53850037	DNA/hAT-Charlie	642	+	140	53849898	3619
chr1	53846279	54046279	harbor1	chr1	53905704	53905855	DNA/hAT-Charlie	494	+	76	53905780	59501
chr1	53846279	54046279	harbor1	chr1	53942265	53942585	DNA/hAT-Charlie	1467	+	160	53942425	96146
chr1	26400749	26600749	harbor1	chr1	26444317	26444406	DNA/hAT-Charlie	433	+	44	26444361	43612
chr1	244605525	244805525	harbor1	chr1	244643746	244644002	DNA/hAT-Charlie	1595	+	128	244643874	38349
chr1	244605525	244805525	harbor1	chr1	244671617	244671860	DNA/hAT-Charlie	659	+	122	244671739	66214
chr1	244605525	244805525	harbor1	chr1	244692782	244692945	DNA/hAT-Charlie	847	+	82	244692864	87339
chr1	244605525	244805525	harbor1	chr1	244694199	244694378	DNA/hAT-Charlie	647	+	90	244694289	88764
chr1	244605525	244805525	harbor1	chr1	244694752	244694914	DNA/hAT-Charlie	906	+	81	244694833	89308
chr1	4738326	4938326	harbor1	chr1	4754064	4754385	DNA/hAT-Charlie	1262	+	160	4754224	15898
chr1	4738326	4938326	harbor1	chr1	4766109	4766321	DNA/hAT-Charlie	1000	+	106	4766215	27889
chr1	4738326	4938326	harbor1	chr1	4793143	4793341	DNA/hAT-Charlie	810	+	99	4793242	54916
chr1	4738326	4938326	harbor1	chr1	4795419	4795620	DNA/hAT-Charlie	699	+	100	4795519	57193
chr1	16596777	16796777	harbor1	chr1	16690584	16690790	DNA/hAT-Charlie	850	+	103	16690687	93910
chr1	16596777	16796777	harbor1	chr1	16695805	16695968	DNA/hAT-Charlie	685	+	82	16695887	99110
chr1	5561024	5761024	harbor1	chr1	5602058	5602215	DNA/hAT-Charlie	452	+	78	5602136	41112
chr1	5561024	5761024	harbor1	chr1	5643017	5643147	DNA/hAT-Charlie	487	+	65	5643082	82058
chr1	154963125	155163125	harbor1	chr1	154980884	154981045	DNA/hAT-Charlie	698	+	80	154980964	17839
chr1	154963125	155163125	harbor1	chr1	154982414	154982567	DNA/hAT-Charlie	673	+	76	154982490	19365
chr1	11520750	11720750	harbor1	chr1	11567619	11567822	DNA/hAT-Charlie	1135	+	102	11567721	46971
chr1	11520750	11720750	harbor1	chr1	11584689	11585005	DNA/hAT-Charlie	1663	+	158	11584847	64097
chr1	11520750	11720750	harbor1	chr1	11614267	11614490	DNA/hAT-Charlie	681	+	112	11614379	93629
chr1	6620127	6820127	harbor1	chr1	6645282	6645423	DNA/hAT-Charlie	540	+	70	6645352	25225
chr1	6620127	6820127	harbor1	chr1	6685235	6685408	DNA/hAT-Charlie	1770	+	86	6685321	65194
chr1	6620127	6820127	harbor1	chr1	6685827	6686113	DNA/hAT-Charlie	1770	+	143	6685970	65843
chr1	6620127	6820127	harbor1	chr1	6686106	6686219	DNA/hAT-Charlie	635	+	56	6686162	66035
chr1	6620127	6820127	harbor1	chr1	6718785	6718893	DNA/hAT-Charlie	1526	+	54	6718839	98712
chr1	6620127	6820127	harbor1	chr1	6719183	6719299	DNA/hAT-Charlie	1526	+	58	6719241	99114
chr1	241509049	241709049	harbor1	chr1	241595985	241596146	DNA/hAT-Charlie	593	+	80	241596065	87016
chr1	53370442	53570442	harbor1	chr1	53382899	53383038	DNA/hAT-Charlie	527	+	70	53382969	12527
chr1	53370442	53570442	harbor1	chr1	53443150	53443369	DNA/hAT-Charlie	722	+	110	53443260	72818
chr1	225780616	225980616	harbor1	chr1	225830820	225831203	DNA/hAT-Charlie	1388	+	192	225831012	50396
chr1	225780616	225980616	harbor1	chr1	225860366	225860651	DNA/hAT-Charlie	1376	+	142	225860508	79892
chr1	53846229	54046229	harbor1	chr1	53849758	53850037	DNA/hAT-Charlie	642	+	140	53849898	3669
chr1	53846229	54046229	harbor1	chr1	53905704	53905855	DNA/hAT-Charlie	494	+	76	53905780	59551
chr1	53846229	54046229	harbor1	chr1	53942265	53942585	DNA/hAT-Charlie	1467	+	160	53942425	96196
chr1	211033805	211233805	harbor1	chr1	211100800	211100948	DNA/hAT-Charlie	588	+	74	211100874	67069
chr1	201844506	202044506	harbor1	chr1	201848025	201848215	DNA/hAT-Charlie	950	+	95	201848120	3614
chr1	201844506	202044506	harbor1	chr1	201927747	201927868	DNA/hAT-Charlie	645	+	60	201927807	83301
chr1	201844506	202044506	harbor1	chr1	201928245	201928324	DNA/hAT-Charlie	645	+	40	201928285	83779
chr1	154845979	155045979	harbor1	chr1	154852143	154852207	DNA/hAT-Charlie	1687	+	32	154852175	6196
chr1	154845979	155045979	harbor1	chr1	154852513	154852840	DNA/hAT-Charlie	1687	+	164	154852677	6698
chr1	154845979	155045979	harbor1	chr1	154910581	154910792	DNA/hAT-Charlie	621	+	106	154910687	64708
chr1	46122770	46322770	harbor1	chr1	46125732	46125757	DNA/hAT-Charlie	1294	+	12	46125744	2974
chr1	46122770	46322770	harbor1	chr1	46126060	46126255	DNA/hAT-Charlie	1294	+	98	46126158	3388
chr1	46122770	46322770	harbor1	chr1	46126553	46126671	DNA/hAT-Charlie	1294	+	59	46126612	3842
chr1	46122770	46322770	harbor1	chr1	46126798	46126957	DNA/hAT-Charlie	738	+	80	46126878	4108
chr1	46122770	46322770	harbor1	chr1	46155798	46156018	DNA/hAT-Charlie	1047	+	110	46155908	33138
chr1	46122770	46322770	harbor1	chr1	46202320	46202410	DNA/hAT-Charlie	947	+	45	46202365	79595
chr1	46122770	46322770	harbor1	chr1	46202725	46202822	DNA/hAT-Charlie	947	+	48	46202773	80003
chr1	54316227	54516227	harbor1	chr1	54364084	54364303	DNA/hAT-Charlie	1197	+	110	54364194	47967
chr1	54316227	54516227	harbor1	chr1	54370332	54370498	DNA/hAT-Charlie	546	+	83	54370415	54188
chr1	10540158	10740158	harbor1	chr1	10571933	10572140	DNA/hAT-Charlie	768	+	104	10572037	31879
chr1	19766908	19966908	harbor1	chr1	19805717	19806021	DNA/hAT-Charlie	795	+	152	19805869	38961
chr1	19766908	19966908	harbor1	chr1	19809524	19809737	DNA/hAT-Charlie	1578	+	106	19809630	42722
chr1	19766908	19966908	harbor1	chr1	19855873	19856078	DNA/hAT-Charlie	1242	+	102	19855975	89067
chr1	19766908	19966908	harbor1	chr1	19856413	19856524	DNA/hAT-Charlie	1242	+	56	19856469	89561
chr1	19766908	19966908	harbor1	chr1	19775485	19775702	DNA/hAT-Charlie	796	+	108	19775593	8685
chr1	6685490	6885490	harbor1	chr1	6685827	6686113	DNA/hAT-Charlie	1770	+	143	6685970	480
chr1	6685490	6885490	harbor1	chr1	6686106	6686219	DNA/hAT-Charlie	635	+	56	6686162	672
chr1	6685490	6885490	harbor1	chr1	6718785	6718893	DNA/hAT-Charlie	1526	+	54	6718839	33349
chr1	6685490	6885490	harbor1	chr1	6719183	6719299	DNA/hAT-Charlie	1526	+	58	6719241	33751
chr1	6685490	6885490	harbor1	chr1	6727636	6727866	DNA/hAT-Charlie	929	+	115	6727751	42261
chr1	6685490	6885490	harbor1	chr1	6743342	6743501	DNA/hAT-Charlie	756	+	80	6743422	57932
chr1	6685490	6885490	harbor1	chr1	6775819	6775994	DNA/hAT-Charlie	801	+	88	6775907	90417
chr1	7122266	7322266	harbor1	chr1	7187234	7187534	DNA/hAT-Charlie	691	+	150	7187384	65118
chr1	226010111	226210111	harbor1	chr1	226022391	226022553	DNA/hAT-Charlie	738	+	81	226022472	12361
chr1	226010111	226210111	harbor1	chr1	226101146	226101668	DNA/hAT-Charlie	3578	+	261	226101407	91296
chr1	33270108	33470108	harbor1	chr1	33321661	33321906	DNA/hAT-Charlie	613	+	122	33321783	51675
chr1	211032764	211232764	harbor1	chr1	211100800	211100948	DNA/hAT-Charlie	588	+	74	211100874	68110
chr1	3524787	3724787	harbor1	chr1	3534222	3534440	DNA/hAT-Charlie	602	+	109	3534331	9544
chr1	3524787	3724787	harbor1	chr1	3606179	3606376	DNA/hAT-Charlie	693	+	98	3606277	81490
chr1	154971671	155171671	harbor1	chr1	154980884	154981045	DNA/hAT-Charlie	698	+	80	154980964	9293
chr1	154971671	155171671	harbor1	chr1	154982414	154982567	DNA/hAT-Charlie	673	+	76	154982490	10819
chr1	16117451	16317451	harbor1	chr1	16180559	16180718	DNA/hAT-Charlie	706	+	80	16180639	63188
chr1	16117451	16317451	harbor1	chr1	16181017	16181055	DNA/hAT-Charlie	706	+	19	16181036	63585
chr1	10693451	10893451	harbor1	chr1	10729570	10729807	DNA/hAT-Charlie	3915	+	118	10729688	36237
chr1	10693451	10893451	harbor1	chr1	10730095	10730108	DNA/hAT-Charlie	3915	+	6	10730101	36650
chr1	10693451	10893451	harbor1	chr1	10730334	10730825	DNA/hAT-Charlie	3915	+	246	10730580	37129
chr1	10693451	10893451	harbor1	chr1	10731116	10731301	DNA/hAT-Charlie	3915	+	92	10731208	37757
chr1	10693451	10893451	harbor1	chr1	10731614	10732042	DNA/hAT-Charlie	3915	+	214	10731828	38377
chr1	10693451	10893451	harbor1	chr1	10732342	10732440	DNA/hAT-Charlie	3915	+	49	10732391	38940
chr1	10693451	10893451	harbor1	chr1	10769283	10769397	DNA/hAT-Charlie	580	+	57	10769340	75889
chr1	10693451	10893451	harbor1	chr1	10784334	10784470	DNA/hAT-Charlie	550	+	68	10784402	90951
chr1	153558888	153758888	harbor1	chr1	153561004	153561191	DNA/hAT-Charlie	693	+	94	153561098	2210
chr1	153558888	153758888	harbor1	chr1	153640074	153640209	DNA/hAT-Charlie	875	+	68	153640142	81254
chr1	153558888	153758888	harbor1	chr1	153640483	153640497	DNA/hAT-Charlie	875	+	7	153640490	81602
chr1	153558888	153758888	harbor1	chr1	153640784	153640828	DNA/hAT-Charlie	875	+	22	153640806	81918
chr1	15848265	16048265	harbor1	chr1	15856318	15856565	DNA/hAT-Charlie	1116	+	124	15856442	8177
chr1	15848265	16048265	harbor1	chr1	15856868	15856955	DNA/hAT-Charlie	1116	+	44	15856912	8647
chr1	15848265	16048265	harbor1	chr1	15891923	15892001	DNA/hAT-Charlie	618	+	39	15891962	43697
chr1	15848265	16048265	harbor1	chr1	15892323	15892397	DNA/hAT-Charlie	618	+	37	15892360	44095
chr1	15848265	16048265	harbor1	chr1	15912900	15913051	DNA/hAT-Charlie	505	+	76	15912976	64711
chr1	15848265	16048265	harbor1	chr1	15913061	15913442	DNA/hAT-Charlie	468	+	190	15913251	64986
chr1	15848265	16048265	harbor1	chr1	15913895	15914438	DNA/hAT-Charlie	533	+	272	15914167	65902
chr1	1300182	1500182	harbor1	chr1	1397462	1397580	DNA/hAT-Charlie	603	+	59	1397521	97339
chr1	1300182	1500182	harbor1	chr1	1397877	1397920	DNA/hAT-Charlie	603	+	22	1397899	97717
chr1	16625240	16825240	harbor1	chr1	16690584	16690790	DNA/hAT-Charlie	850	+	103	16690687	65447
chr1	16625240	16825240	harbor1	chr1	16695805	16695968	DNA/hAT-Charlie	685	+	82	16695887	70647
chr1	202827305	203027305	harbor1	chr1	202841218	202841370	DNA/hAT-Charlie	630	+	76	202841294	13989
chr1	202827305	203027305	harbor1	chr1	202887248	202887456	DNA/hAT-Charlie	1389	+	104	202887352	60047
chr1	202827305	203027305	harbor1	chr1	202920775	202921005	DNA/hAT-Charlie	447	+	115	202920890	93585
chr1	4612171	4812171	harbor1	chr1	4652197	4652623	DNA/hAT-Charlie	1263	+	213	4652410	40239
chr1	4612171	4812171	harbor1	chr1	4674370	4674522	DNA/hAT-Charlie	561	+	76	4674446	62275
chr1	4612171	4812171	harbor1	chr1	4695024	4695155	DNA/hAT-Charlie	474	+	66	4695090	82919
chr1	53370469	53570469	harbor1	chr1	53382899	53383038	DNA/hAT-Charlie	527	+	70	53382969	12500
chr1	53370469	53570469	harbor1	chr1	53443150	53443369	DNA/hAT-Charlie	722	+	110	53443260	72791
chr1	204585523	204785523	harbor1	chr1	204608619	204608786	DNA/hAT-Charlie	912	+	84	204608703	23180
chr1	204585523	204785523	harbor1	chr1	204615941	204616118	DNA/hAT-Charlie	656	+	88	204616029	30506
chr1	204585523	204785523	harbor1	chr1	204626756	204626882	DNA/hAT-Charlie	443	+	63	204626819	41296
chr1	204585523	204785523	harbor1	chr1	204630988	204631180	DNA/hAT-Charlie	955	+	96	204631084	45561
chr1	204585523	204785523	harbor1	chr1	204643263	204643428	DNA/hAT-Charlie	567	+	82	204643345	57822
chr1	204585523	204785523	harbor1	chr1	204646613	204646802	DNA/hAT-Charlie	772	+	94	204646707	61184
chr1	204585523	204785523	harbor1	chr1	204647753	204647988	DNA/hAT-Charlie	1032	+	118	204647871	62348
chr1	7134292	7334292	harbor1	chr1	7187234	7187534	DNA/hAT-Charlie	691	+	150	7187384	53092
chr1	205330822	205530822	harbor1	chr1	205353140	205353480	DNA/hAT-Charlie	2060	+	170	205353310	22488
chr1	205330822	205530822	harbor1	chr1	205371117	205371250	DNA/hAT-Charlie	441	+	66	205371183	40361
chr1	154961974	155161974	harbor1	chr1	154980884	154981045	DNA/hAT-Charlie	698	+	80	154980964	18990
chr1	154961974	155161974	harbor1	chr1	154982414	154982567	DNA/hAT-Charlie	673	+	76	154982490	20516
chr1	53370441	53570441	harbor1	chr1	53382899	53383038	DNA/hAT-Charlie	527	+	70	53382969	12528
chr1	53370441	53570441	harbor1	chr1	53443150	53443369	DNA/hAT-Charlie	722	+	110	53443260	72819
chr1	16619037	16819037	harbor1	chr1	16690584	16690790	DNA/hAT-Charlie	850	+	103	16690687	71650
chr1	16619037	16819037	harbor1	chr1	16695805	16695968	DNA/hAT-Charlie	685	+	82	16695887	76850
chr1	117480253	117680253	harbor1	chr1	117497600	117497765	DNA/hAT-Charlie	755	+	82	117497682	17429
chr1	117480253	117680253	harbor1	chr1	117532183	117532314	DNA/hAT-Charlie	652	+	66	117532249	51996
chr1	148850447	149050447	harbor1	chr1	148867629	148867837	DNA/hAT-Charlie	839	+	104	148867733	17286
chr1	148850447	149050447	harbor1	chr1	148888086	148888269	DNA/hAT-Charlie	615	+	92	148888178	37731
chr1	148850447	149050447	harbor1	chr1	148937499	148937647	DNA/hAT-Charlie	433	+	74	148937573	87126
chr1	148850447	149050447	harbor1	chr1	148947866	148948053	DNA/hAT-Charlie	1172	+	94	148947960	97513
chr1	6601080	6801080	harbor1	chr1	6645282	6645423	DNA/hAT-Charlie	540	+	70	6645352	44272
chr1	6601080	6801080	harbor1	chr1	6685235	6685408	DNA/hAT-Charlie	1770	+	86	6685321	84241
chr1	6601080	6801080	harbor1	chr1	6685827	6686113	DNA/hAT-Charlie	1770	+	143	6685970	84890
chr1	6601080	6801080	harbor1	chr1	6686106	6686219	DNA/hAT-Charlie	635	+	56	6686162	85082
chr1	15330459	15530459	harbor1	chr1	15337507	15337672	DNA/hAT-Charlie	711	+	82	15337589	7130
chr1	15330459	15530459	harbor1	chr1	15346220	15346508	DNA/hAT-Charlie	506	+	144	15346364	15905
chr1	15330459	15530459	harbor1	chr1	15373076	15373225	DNA/hAT-Charlie	506	+	74	15373150	42691
chr1	15330459	15530459	harbor1	chr1	15395712	15395903	DNA/hAT-Charlie	1338	+	96	15395808	65349
chr1	15330459	15530459	harbor1	chr1	15400501	15400710	DNA/hAT-Charlie	1133	+	104	15400605	70146
chr1	15330459	15530459	harbor1	chr1	15416722	15416815	DNA/hAT-Charlie	460	+	46	15416768	86309
chr1	15330459	15530459	harbor1	chr1	15417111	15417168	DNA/hAT-Charlie	460	+	28	15417139	86680
chr1	15330459	15530459	harbor1	chr1	15424905	15425088	DNA/hAT-Charlie	754	+	92	15424997	94538
chr1	53370472	53570472	harbor1	chr1	53382899	53383038	DNA/hAT-Charlie	527	+	70	53382969	12497
chr1	53370472	53570472	harbor1	chr1	53443150	53443369	DNA/hAT-Charlie	722	+	110	53443260	72788
chr1	1729686	1929686	harbor1	chr1	1768927	1769088	DNA/hAT-Charlie	435	+	80	1769007	39321
chr1	16600695	16800695	harbor1	chr1	16690584	16690790	DNA/hAT-Charlie	850	+	103	16690687	89992
chr1	16600695	16800695	harbor1	chr1	16695805	16695968	DNA/hAT-Charlie	685	+	82	16695887	95192
chr1	53189636	53389636	harbor1	chr1	53190226	53190474	DNA/hAT-Charlie	1042	+	124	53190350	714
chr1	53189636	53389636	harbor1	chr1	53194816	53195018	DNA/hAT-Charlie	1281	+	101	53194917	5281
chr1	53189636	53389636	harbor1	chr1	53239210	53239369	DNA/hAT-Charlie	607	+	80	53239290	49654
chr1	36753751	36953751	harbor1	chr1	36804268	36804445	DNA/hAT-Charlie	498	+	88	36804356	50605
chr1	36753751	36953751	harbor1	chr1	36815619	36815750	DNA/hAT-Charlie	976	+	66	36815685	61934
chr1	36753751	36953751	harbor1	chr1	36816049	36816113	DNA/hAT-Charlie	976	+	32	36816081	62330
chr1	36753751	36953751	harbor1	chr1	36817395	36817583	DNA/hAT-Charlie	1095	+	94	36817489	63738
chr1	36753751	36953751	harbor1	chr1	36823131	36823191	DNA/hAT-Charlie	875	+	30	36823161	69410
chr1	36753751	36953751	harbor1	chr1	36823502	36823754	DNA/hAT-Charlie	875	+	126	36823628	69877
chr1	36753751	36953751	harbor1	chr1	36831625	36831837	DNA/hAT-Charlie	1121	+	106	36831731	77980
chr1	36753751	36953751	harbor1	chr1	36842277	36842451	DNA/hAT-Charlie	1116	+	87	36842364	88613
chr1	36753751	36953751	harbor1	chr1	36851745	36851931	DNA/hAT-Charlie	517	+	93	36851838	98087
chr1	94137807	94337807	harbor1	chr1	94143318	94143451	DNA/hAT-Charlie	505	+	66	94143384	5577
chr1	94137807	94337807	harbor1	chr1	94144182	94144355	DNA/hAT-Charlie	454	+	86	94144268	6461
chr1	94137807	94337807	harbor1	chr1	94154377	94154584	DNA/hAT-Charlie	1192	+	104	94154481	16674
chr1	94137807	94337807	harbor1	chr1	94181780	94182078	DNA/hAT-Charlie	1324	+	149	94181929	44122
chr1	94137807	94337807	harbor1	chr1	94202325	94202480	DNA/hAT-Charlie	551	+	78	94202403	64596
chr1	94137807	94337807	harbor1	chr1	94206117	94206314	DNA/hAT-Charlie	863	+	98	94206215	68408
chr1	94137807	94337807	harbor1	chr1	94220870	94221081	DNA/hAT-Charlie	466	+	106	94220976	83169
chr1	94137807	94337807	harbor1	chr1	94224550	94224673	DNA/hAT-Charlie	478	+	62	94224612	86805
chr1	229331834	229531834	harbor1	chr1	229346899	229347230	DNA/hAT-Charlie	1957	+	166	229347065	15231
chr1	229331834	229531834	harbor1	chr1	229352432	229352647	DNA/hAT-Charlie	1123	+	108	229352540	20706
chr1	211033758	211233758	harbor1	chr1	211100800	211100948	DNA/hAT-Charlie	588	+	74	211100874	67116
chr1	185216973	185416973	harbor1	chr1	185217246	185217630	DNA/hAT-Charlie	2854	+	192	185217438	465
chr1	185216973	185416973	harbor1	chr1	185217896	185218058	DNA/hAT-Charlie	2854	+	81	185217977	1004
chr1	185216973	185416973	harbor1	chr1	185232998	185233168	DNA/hAT-Charlie	724	+	85	185233083	16110
chr1	39855337	40055337	harbor1	chr1	39863884	39863930	DNA/hAT-Charlie	889	+	23	39863907	8570
chr1	39855337	40055337	harbor1	chr1	39864186	39864327	DNA/hAT-Charlie	889	+	70	39864256	8919
chr1	39855337	40055337	harbor1	chr1	39864619	39864664	DNA/hAT-Charlie	889	+	22	39864641	9304
chr1	39855337	40055337	harbor1	chr1	39928377	39928718	DNA/hAT-Charlie	2389	+	170	39928547	73210
chr1	157038008	157238008	harbor1	chr1	157049586	157049794	DNA/hAT-Charlie	1442	+	104	157049690	11682
chr1	157038008	157238008	harbor1	chr1	157076878	157077161	DNA/hAT-Charlie	655	+	142	157077020	39012
chr1	157038008	157238008	harbor1	chr1	157081597	157082256	DNA/hAT-Charlie	2219	+	330	157081927	43919
chr1	157038008	157238008	harbor1	chr1	157090418	157090640	DNA/hAT-Charlie	1127	+	111	157090529	52521
chr1	43447553	43647553	harbor1	chr1	43449057	43449216	DNA/hAT-Charlie	727	+	80	43449137	1584
chr1	43447553	43647553	harbor1	chr1	43503954	43504078	DNA/hAT-Charlie	490	+	62	43504016	56463
chr1	43447553	43647553	harbor1	chr1	43509213	43509433	DNA/hAT-Charlie	1349	+	110	43509323	61770
chr1	43447553	43647553	harbor1	chr1	43515553	43515748	DNA/hAT-Charlie	944	+	98	43515651	68098
chr1	53370438	53570438	harbor1	chr1	53382899	53383038	DNA/hAT-Charlie	527	+	70	53382969	12531
chr1	53370438	53570438	harbor1	chr1	53443150	53443369	DNA/hAT-Charlie	722	+	110	53443260	72822
chr1	154985135	155185135	harbor1	chr1	155076027	155076212	DNA/hAT-Charlie	441	+	92	155076119	90984
chr1	154985135	155185135	harbor1	chr1	155076267	155076326	DNA/hAT-Charlie	441	+	30	155076297	91162
chr1	722912	922912	harbor1	chr1	782829	783115	DNA/hAT-Charlie	1171	+	143	782972	60060
chr1	722912	922912	harbor1	chr1	795362	795592	DNA/hAT-Charlie	461	+	115	795477	72565
chr1	722912	922912	harbor1	chr1	795939	796100	DNA/hAT-Charlie	817	+	80	796019	73107
chr1	722912	922912	harbor1	chr1	804219	804482	DNA/hAT-Charlie	792	+	132	804351	81439
chr1	722912	922912	harbor1	chr1	818622	818794	DNA/hAT-Charlie	517	+	86	818708	95796
chr1	204633771	204833771	harbor1	chr1	204643263	204643428	DNA/hAT-Charlie	567	+	82	204643345	9574
chr1	204633771	204833771	harbor1	chr1	204646613	204646802	DNA/hAT-Charlie	772	+	94	204646707	12936
chr1	204633771	204833771	harbor1	chr1	204647753	204647988	DNA/hAT-Charlie	1032	+	118	204647871	14100
chr1	204633771	204833771	harbor1	chr1	204710522	204710626	DNA/hAT-Charlie	479	+	52	204710574	76803
chr1	47317003	47517003	harbor1	chr1	47331175	47331304	DNA/hAT-Charlie	530	+	64	47331239	14236
chr1	15262474	15462474	harbor1	chr1	15278075	15278271	DNA/hAT-Charlie	962	+	98	15278173	15699
chr1	15262474	15462474	harbor1	chr1	15309561	15309791	DNA/hAT-Charlie	1567	+	115	15309676	47202
chr1	15262474	15462474	harbor1	chr1	15310572	15310724	DNA/hAT-Charlie	752	+	76	15310648	48174
chr1	15262474	15462474	harbor1	chr1	15337507	15337672	DNA/hAT-Charlie	711	+	82	15337589	75115
chr1	15262474	15462474	harbor1	chr1	15346220	15346508	DNA/hAT-Charlie	506	+	144	15346364	83890
chr1	116052112	116252112	harbor1	chr1	116113605	116113847	DNA/hAT-Charlie	538	+	121	116113726	61614
chr1	116052112	116252112	harbor1	chr1	116127757	116127940	DNA/hAT-Charlie	938	+	92	116127849	75737
chr1	160897940	161097940	harbor1	chr1	160972345	160972605	DNA/hAT-Charlie	1091	+	130	160972475	74535
chr1	160897940	161097940	harbor1	chr1	160975604	160975707	DNA/hAT-Charlie	836	+	52	160975656	77716
chr1	160897940	161097940	harbor1	chr1	160976617	160976735	DNA/hAT-Charlie	836	+	59	160976676	78736
chr1	160897940	161097940	harbor1	chr1	160992051	160992102	DNA/hAT-Charlie	971	+	26	160992077	94137
chr1	160897940	161097940	harbor1	chr1	160992402	160992633	DNA/hAT-Charlie	971	+	116	160992518	94578
chr1	153245885	153445885	harbor1	chr1	153331203	153331404	DNA/hAT-Charlie	979	+	100	153331303	85418
chr1	194321308	194521308	harbor1	chr1	194373830	194373986	DNA/hAT-Charlie	569	+	78	194373908	52600
chr1	11520749	11720749	harbor1	chr1	11567619	11567822	DNA/hAT-Charlie	1135	+	102	11567721	46972
chr1	11520749	11720749	harbor1	chr1	11584689	11585005	DNA/hAT-Charlie	1663	+	158	11584847	64098
chr1	11520749	11720749	harbor1	chr1	11614267	11614490	DNA/hAT-Charlie	681	+	112	11614379	93630
chr1	211033691	211233691	harbor1	chr1	211100800	211100948	DNA/hAT-Charlie	588	+	74	211100874	67183
chr1	6567487	6767487	harbor1	chr1	6645282	6645423	DNA/hAT-Charlie	540	+	70	6645352	77865
chr1	1676051	1876051	harbor1	chr1	1768927	1769088	DNA/hAT-Charlie	435	+	80	1769007	92956
chr1	20561106	20761106	harbor1	chr1	20596320	20596470	DNA/hAT-Charlie	623	+	75	20596395	35289
chr1	20561106	20761106	harbor1	chr1	20614344	20614564	DNA/hAT-Charlie	1213	+	110	20614454	53348
chr1	20561106	20761106	harbor1	chr1	20657884	20658084	DNA/hAT-Charlie	866	+	100	20657984	96878
chr1	20561106	20761106	harbor1	chr1	20658457	20658843	DNA/hAT-Charlie	1583	+	193	20658650	97544
chr1	20561106	20761106	harbor1	chr1	20659158	20659286	DNA/hAT-Charlie	1583	+	64	20659222	98116
chr1	211730554	211930554	harbor1	chr1	211826381	211826585	DNA/hAT-Charlie	1087	+	102	211826483	95929
chr1	16625350	16825350	harbor1	chr1	16690584	16690790	DNA/hAT-Charlie	850	+	103	16690687	65337
chr1	16625350	16825350	harbor1	chr1	16695805	16695968	DNA/hAT-Charlie	685	+	82	16695887	70537
chr1	7552592	7752592	harbor1	chr1	7584755	7584940	DNA/hAT-Charlie	745	+	92	7584847	32255
chr1	7552592	7752592	harbor1	chr1	7620171	7620367	DNA/hAT-Charlie	883	+	98	7620269	67677
chr1	7552592	7752592	harbor1	chr1	7640081	7640291	DNA/hAT-Charlie	945	+	105	7640186	87594
chr1	152203804	152403804	harbor1	chr1	152235852	152236125	DNA/hAT-Charlie	571	+	136	152235988	32184
chr1	209543647	209743647	harbor1	chr1	209556037	209557599	DNA/hAT-Charlie	7600	+	781	209556818	13171
chr1	209543647	209743647	harbor1	chr1	209557904	209558705	DNA/hAT-Charlie	7600	+	400	209558304	14657
chr1	209543647	209743647	harbor1	chr1	209558843	209559114	DNA/hAT-Charlie	7600	+	136	209558979	15332
chr1	209543647	209743647	harbor1	chr1	209587352	209587531	DNA/hAT-Charlie	713	+	90	209587442	43795
chr1	209543647	209743647	harbor1	chr1	209631501	209631654	DNA/hAT-Charlie	515	+	76	209631577	87930
chr1	53846295	54046295	harbor1	chr1	53849758	53850037	DNA/hAT-Charlie	642	+	140	53849898	3603
chr1	53846295	54046295	harbor1	chr1	53905704	53905855	DNA/hAT-Charlie	494	+	76	53905780	59485
chr1	53846295	54046295	harbor1	chr1	53942265	53942585	DNA/hAT-Charlie	1467	+	160	53942425	96130
chr1	12393958	12593958	harbor1	chr1	12469319	12469473	DNA/hAT-Charlie	862	+	77	12469396	75438
chr1	25516603	25716603	harbor1	chr1	25542660	25542767	DNA/hAT-Charlie	1443	+	54	25542714	26111
chr1	25516603	25716603	harbor1	chr1	25543080	25543209	DNA/hAT-Charlie	1443	+	64	25543144	26541
chr1	25516603	25716603	harbor1	chr1	25546782	25546939	DNA/hAT-Charlie	993	+	78	25546860	30257
chr1	25516603	25716603	harbor1	chr1	25607602	25607751	DNA/hAT-Charlie	644	+	74	25607676	91073
chr1	25516603	25716603	harbor1	chr1	25608047	25608086	DNA/hAT-Charlie	644	+	20	25608067	91464
chr1	25516603	25716603	harbor1	chr1	25608397	25608463	DNA/hAT-Charlie	644	+	33	25608430	91827
chr1	44307706	44507706	harbor1	chr1	44328362	44328514	DNA/hAT-Charlie	723	+	76	44328438	20732
chr1	44307706	44507706	harbor1	chr1	44372731	44372902	DNA/hAT-Charlie	750	+	86	44372817	65111
chr1	44307706	44507706	harbor1	chr1	44381222	44381547	DNA/hAT-Charlie	1808	+	162	44381384	73678
chr1	44307706	44507706	harbor1	chr1	44381843	44382090	DNA/hAT-Charlie	1808	+	124	44381967	74261
chr1	44307706	44507706	harbor1	chr1	44400343	44400599	DNA/hAT-Charlie	542	+	128	44400471	92765
chr1	44307706	44507706	harbor1	chr1	44351416	44351630	DNA/hAT-Charlie	936	+	107	44351523	43817
chr1	110573752	110773752	harbor1	chr1	110629074	110629213	DNA/hAT-Charlie	488	+	70	110629144	55392
chr1	110573752	110773752	harbor1	chr1	110636097	110636429	DNA/hAT-Charlie	437	+	166	110636263	62511
chr1	110021160	110221160	harbor1	chr1	110027492	110027811	DNA/hAT-Charlie	1529	+	160	110027652	6492
chr1	110021160	110221160	harbor1	chr1	110081586	110081656	DNA/hAT-Charlie	1022	+	35	110081621	60461
chr1	110021160	110221160	harbor1	chr1	110081956	110082081	DNA/hAT-Charlie	1022	+	62	110082018	60858
chr1	41562092	41762092	harbor1	chr1	41622484	41622663	DNA/hAT-Charlie	829	+	90	41622574	60482
chr1	41562092	41762092	harbor1	chr1	41624276	41624611	DNA/hAT-Charlie	641	+	168	41624444	62352
chr1	41562092	41762092	harbor1	chr1	41624673	41624883	DNA/hAT-Charlie	739	+	105	41624778	62686
chr1	41562092	41762092	harbor1	chr1	41625193	41625294	DNA/hAT-Charlie	739	+	50	41625243	63151
chr1	41562092	41762092	harbor1	chr1	41625478	41625519	DNA/hAT-Charlie	739	+	20	41625498	63406
chr1	41562092	41762092	harbor1	chr1	41660722	41660915	DNA/hAT-Charlie	646	+	96	41660818	98726
chr1	53846285	54046285	harbor1	chr1	53849758	53850037	DNA/hAT-Charlie	642	+	140	53849898	3613
chr1	53846285	54046285	harbor1	chr1	53905704	53905855	DNA/hAT-Charlie	494	+	76	53905780	59495
chr1	53846285	54046285	harbor1	chr1	53942265	53942585	DNA/hAT-Charlie	1467	+	160	53942425	96140
chr1	53312624	53512624	harbor1	chr1	53348266	53348405	DNA/hAT-Charlie	582	+	70	53348336	35712
chr1	53312624	53512624	harbor1	chr1	53382899	53383038	DNA/hAT-Charlie	527	+	70	53382969	70345
chr1	85965115	86165115	harbor1	chr1	86048358	86048494	DNA/hAT-Charlie	3168	+	68	86048426	83311
chr1	85965115	86165115	harbor1	chr1	86048790	86050063	DNA/hAT-Charlie	3168	+	636	86049426	84311
chr1	1676022	1876022	harbor1	chr1	1768927	1769088	DNA/hAT-Charlie	435	+	80	1769007	92985
chr1	31913327	32113327	harbor1	chr1	31950780	31950875	DNA/hAT-Charlie	790	+	48	31950828	37501
chr1	31913327	32113327	harbor1	chr1	31951174	31951410	DNA/hAT-Charlie	790	+	118	31951292	37965
chr1	16344104	16544104	harbor1	chr1	16431797	16431907	DNA/hAT-Charlie	449	+	55	16431852	87748
chr1	16344104	16544104	harbor1	chr1	16443236	16443542	DNA/hAT-Charlie	803	+	153	16443389	99285
chr1	19565193	19765193	harbor1	chr1	19567266	19567670	DNA/hAT-Charlie	1784	+	202	19567468	2275
chr1	19565193	19765193	harbor1	chr1	19567988	19568071	DNA/hAT-Charlie	1784	+	42	19568030	2837
chr1	6685532	6885532	harbor1	chr1	6685827	6686113	DNA/hAT-Charlie	1770	+	143	6685970	438
chr1	6685532	6885532	harbor1	chr1	6686106	6686219	DNA/hAT-Charlie	635	+	56	6686162	630
chr1	6685532	6885532	harbor1	chr1	6718785	6718893	DNA/hAT-Charlie	1526	+	54	6718839	33307
chr1	6685532	6885532	harbor1	chr1	6719183	6719299	DNA/hAT-Charlie	1526	+	58	6719241	33709
chr1	6685532	6885532	harbor1	chr1	6727636	6727866	DNA/hAT-Charlie	929	+	115	6727751	42219
chr1	6685532	6885532	harbor1	chr1	6743342	6743501	DNA/hAT-Charlie	756	+	80	6743422	57890
chr1	6685532	6885532	harbor1	chr1	6775819	6775994	DNA/hAT-Charlie	801	+	88	6775907	90375
chr1	22610011	22810011	harbor1	chr1	22660342	22660508	DNA/hAT-Charlie	453	+	83	22660425	50414
chr1	22610011	22810011	harbor1	chr1	22666128	22666288	DNA/hAT-Charlie	678	+	80	22666208	56197
chr1	22610011	22810011	harbor1	chr1	22675813	22676007	DNA/hAT-Charlie	912	+	97	22675910	65899
chr1	22610011	22810011	harbor1	chr1	22686193	22686379	DNA/hAT-Charlie	725	+	93	22686286	76275
chr1	22610011	22810011	harbor1	chr1	22705404	22705714	DNA/hAT-Charlie	1428	+	155	22705559	95548
chr1	6685524	6885524	harbor1	chr1	6685827	6686113	DNA/hAT-Charlie	1770	+	143	6685970	446
chr1	6685524	6885524	harbor1	chr1	6686106	6686219	DNA/hAT-Charlie	635	+	56	6686162	638
chr1	6685524	6885524	harbor1	chr1	6718785	6718893	DNA/hAT-Charlie	1526	+	54	6718839	33315
chr1	6685524	6885524	harbor1	chr1	6719183	6719299	DNA/hAT-Charlie	1526	+	58	6719241	33717
chr1	6685524	6885524	harbor1	chr1	6727636	6727866	DNA/hAT-Charlie	929	+	115	6727751	42227
chr1	6685524	6885524	harbor1	chr1	6743342	6743501	DNA/hAT-Charlie	756	+	80	6743422	57898
chr1	6685524	6885524	harbor1	chr1	6775819	6775994	DNA/hAT-Charlie	801	+	88	6775907	90383
chr1	211033713	211233713	harbor1	chr1	211100800	211100948	DNA/hAT-Charlie	588	+	74	211100874	67161
chr1	22450678	22650678	harbor1	chr1	22452359	22452678	DNA/hAT-Charlie	986	+	160	22452519	1841
chr1	22450678	22650678	harbor1	chr1	22456413	22456575	DNA/hAT-Charlie	526	+	81	22456494	5816
chr1	22450678	22650678	harbor1	chr1	22473136	22473295	DNA/hAT-Charlie	760	+	80	22473216	22538
chr1	22450678	22650678	harbor1	chr1	22536856	22537036	DNA/hAT-Charlie	674	+	90	22536946	86268
chr1	22450678	22650678	harbor1	chr1	22540872	22540970	DNA/hAT-Charlie	471	+	49	22540921	90243
chr1	22450678	22650678	harbor1	chr1	22541887	22541990	DNA/hAT-Charlie	445	+	52	22541939	91261
chr1	22450678	22650678	harbor1	chr1	22542303	22542372	DNA/hAT-Charlie	445	+	34	22542337	91659
chr1	5847916	6047916	harbor1	chr1	5918991	5919198	DNA/hAT-Charlie	1005	+	104	5919095	71179
chr1	26595914	26795914	harbor1	chr1	26650157	26650315	DNA/hAT-Charlie	616	+	79	26650236	54322
chr1	206378216	206578216	harbor1	chr1	206386045	206386234	DNA/hAT-Charlie	1119	+	94	206386139	7923
chr1	206378216	206578216	harbor1	chr1	206396469	206396729	DNA/hAT-Charlie	458	+	130	206396599	18383
chr1	206378216	206578216	harbor1	chr1	206436016	206436197	DNA/hAT-Charlie	978	+	90	206436106	57890
chr1	206378216	206578216	harbor1	chr1	206441561	206442064	DNA/hAT-Charlie	964	+	252	206441813	63597
chr1	206378216	206578216	harbor1	chr1	206448513	206448681	DNA/hAT-Charlie	735	+	84	206448597	70381
chr1	206378216	206578216	harbor1	chr1	206465749	206465944	DNA/hAT-Charlie	1342	+	98	206465847	87631
chr1	207902897	208102897	harbor1	chr1	207905050	207905137	DNA/hAT-Charlie	870	+	44	207905094	2197
chr1	207902897	208102897	harbor1	chr1	207905436	207905563	DNA/hAT-Charlie	870	+	64	207905500	2603
chr1	207902897	208102897	harbor1	chr1	208001327	208001487	DNA/hAT-Charlie	684	+	80	208001407	98510
chr1	211033788	211233788	harbor1	chr1	211100800	211100948	DNA/hAT-Charlie	588	+	74	211100874	67086
chr1	16625248	16825248	harbor1	chr1	16690584	16690790	DNA/hAT-Charlie	850	+	103	16690687	65439
chr1	16625248	16825248	harbor1	chr1	16695805	16695968	DNA/hAT-Charlie	685	+	82	16695887	70639
chr1	14850144	15050144	harbor1	chr1	14852814	14852972	DNA/hAT-Charlie	899	+	79	14852893	2749
chr1	14850144	15050144	harbor1	chr1	14872269	14872457	DNA/hAT-Charlie	978	+	94	14872363	22219
chr1	14850144	15050144	harbor1	chr1	14889657	14889896	DNA/hAT-Charlie	846	+	120	14889777	39633
chr1	14850144	15050144	harbor1	chr1	14907424	14907521	DNA/hAT-Charlie	571	+	48	14907472	57328
chr1	14850144	15050144	harbor1	chr1	14921438	14921699	DNA/hAT-Charlie	715	+	130	14921568	71424
chr1	14850144	15050144	harbor1	chr1	14922012	14922210	DNA/hAT-Charlie	715	+	99	14922111	71967
chr1	14850144	15050144	harbor1	chr1	14935445	14935624	DNA/hAT-Charlie	839	+	90	14935535	85391
chr1	167355252	167555252	harbor1	chr1	167394508	167394701	DNA/hAT-Charlie	809	+	96	167394604	39352
chr1	202249009	202449009	harbor1	chr1	202292704	202292901	DNA/hAT-Charlie	1006	+	98	202292802	43793
chr1	202249009	202449009	harbor1	chr1	202321565	202321923	DNA/hAT-Charlie	499	+	179	202321744	72735
chr1	161066263	161266263	harbor1	chr1	161103937	161104105	DNA/hAT-Charlie	479	+	84	161104021	37758
chr1	161066263	161266263	harbor1	chr1	161128172	161128318	DNA/hAT-Charlie	1123	+	73	161128245	61982
chr1	161066263	161266263	harbor1	chr1	161128616	161128698	DNA/hAT-Charlie	1123	+	41	161128657	62394
chr1	210684182	210884182	harbor1	chr1	210688004	210688165	DNA/hAT-Charlie	706	+	80	210688084	3902
chr1	210684182	210884182	harbor1	chr1	210724205	210724355	DNA/hAT-Charlie	529	+	75	210724280	40098
chr1	210684182	210884182	harbor1	chr1	210749496	210749640	DNA/hAT-Charlie	660	+	72	210749568	65386
chr1	210684182	210884182	harbor1	chr1	210759853	210760167	DNA/hAT-Charlie	1925	+	157	210760010	75828
chr1	15786062	15986062	harbor1	chr1	15813609	15813724	DNA/hAT-Charlie	499	+	58	15813667	27605
chr1	15786062	15986062	harbor1	chr1	15814331	15814423	DNA/hAT-Charlie	499	+	46	15814377	28315
chr1	15786062	15986062	harbor1	chr1	15856318	15856565	DNA/hAT-Charlie	1116	+	124	15856442	70380
chr1	15786062	15986062	harbor1	chr1	15856868	15856955	DNA/hAT-Charlie	1116	+	44	15856912	70850
chr1	244605824	244805824	harbor1	chr1	244643746	244644002	DNA/hAT-Charlie	1595	+	128	244643874	38050
chr1	244605824	244805824	harbor1	chr1	244671617	244671860	DNA/hAT-Charlie	659	+	122	244671739	65915
chr1	244605824	244805824	harbor1	chr1	244692782	244692945	DNA/hAT-Charlie	847	+	82	244692864	87040
chr1	244605824	244805824	harbor1	chr1	244694199	244694378	DNA/hAT-Charlie	647	+	90	244694289	88465
chr1	244605824	244805824	harbor1	chr1	244694752	244694914	DNA/hAT-Charlie	906	+	81	244694833	89009
chr1	201325164	201525164	harbor1	chr1	201356885	201357256	DNA/hAT-Charlie	2123	+	186	201357071	31907
chr1	201325164	201525164	harbor1	chr1	201389409	201389530	DNA/hAT-Charlie	712	+	60	201389469	64305
chr1	201325164	201525164	harbor1	chr1	201389840	201389916	DNA/hAT-Charlie	712	+	38	201389878	64714
chr1	201325164	201525164	harbor1	chr1	201390218	201390263	DNA/hAT-Charlie	712	+	22	201390240	65076
chr1	201325164	201525164	harbor1	chr1	201390543	201390579	DNA/hAT-Charlie	712	+	18	201390561	65397
chr1	205330828	205530828	harbor1	chr1	205353140	205353480	DNA/hAT-Charlie	2060	+	170	205353310	22482
chr1	205330828	205530828	harbor1	chr1	205371117	205371250	DNA/hAT-Charlie	441	+	66	205371183	40355
chr1	145919577	146119577	harbor1	chr1	145983711	145984031	DNA/hAT-Charlie	843	+	160	145983871	64294
chr1	52827225	53027225	harbor1	chr1	52846190	52846306	DNA/hAT-Charlie	881	+	58	52846248	19023
chr1	52827225	53027225	harbor1	chr1	52846639	52846824	DNA/hAT-Charlie	881	+	92	52846731	19506
chr1	52827225	53027225	harbor1	chr1	52898127	52898208	DNA/hAT-Charlie	455	+	40	52898167	70942
chr1	52827225	53027225	harbor1	chr1	52898519	52898538	DNA/hAT-Charlie	455	+	10	52898529	71304
chr1	52827225	53027225	harbor1	chr1	52918843	52919190	DNA/hAT-Charlie	1995	+	174	52919017	91792
chr1	6685486	6885486	harbor1	chr1	6685827	6686113	DNA/hAT-Charlie	1770	+	143	6685970	484
chr1	6685486	6885486	harbor1	chr1	6686106	6686219	DNA/hAT-Charlie	635	+	56	6686162	676
chr1	6685486	6885486	harbor1	chr1	6718785	6718893	DNA/hAT-Charlie	1526	+	54	6718839	33353
chr1	6685486	6885486	harbor1	chr1	6719183	6719299	DNA/hAT-Charlie	1526	+	58	6719241	33755
chr1	6685486	6885486	harbor1	chr1	6727636	6727866	DNA/hAT-Charlie	929	+	115	6727751	42265
chr1	6685486	6885486	harbor1	chr1	6743342	6743501	DNA/hAT-Charlie	756	+	80	6743422	57936
chr1	6685486	6885486	harbor1	chr1	6775819	6775994	DNA/hAT-Charlie	801	+	88	6775907	90421
chr1	226785705	226985705	harbor1	chr1	226859600	226859887	DNA/hAT-Charlie	6417	+	144	226859744	74039
chr1	226785705	226985705	harbor1	chr1	226860188	226861064	DNA/hAT-Charlie	6417	+	438	226860626	74921
chr1	226785705	226985705	harbor1	chr1	226861862	226862010	DNA/hAT-Charlie	6417	+	74	226861936	76231
chr1	226785705	226985705	harbor1	chr1	226862415	226862524	DNA/hAT-Charlie	6417	+	54	226862469	76764
chr1	1676052	1876052	harbor1	chr1	1768927	1769088	DNA/hAT-Charlie	435	+	80	1769007	92955
chr1	2217905	2417905	harbor1	chr1	2259140	2259326	DNA/hAT-Charlie	608	+	93	2259233	41328
chr1	202013163	202213163	harbor1	chr1	202031853	202032025	DNA/hAT-Charlie	815	+	86	202031939	18776
chr1	202013163	202213163	harbor1	chr1	202094904	202094995	DNA/hAT-Charlie	1654	+	46	202094950	81787
chr1	202013163	202213163	harbor1	chr1	202095282	202095551	DNA/hAT-Charlie	1654	+	134	202095416	82253
chr1	202013163	202213163	harbor1	chr1	202096401	202096524	DNA/hAT-Charlie	712	+	62	202096463	83300
chr1	161447394	161647394	harbor1	chr1	161531635	161531988	DNA/hAT-Charlie	1430	+	176	161531811	84417
chr1	22502734	22702734	harbor1	chr1	22536856	22537036	DNA/hAT-Charlie	674	+	90	22536946	34212
chr1	22502734	22702734	harbor1	chr1	22540872	22540970	DNA/hAT-Charlie	471	+	49	22540921	38187
chr1	22502734	22702734	harbor1	chr1	22541887	22541990	DNA/hAT-Charlie	445	+	52	22541939	39205
chr1	22502734	22702734	harbor1	chr1	22542303	22542372	DNA/hAT-Charlie	445	+	34	22542337	39603
chr1	22502734	22702734	harbor1	chr1	22594393	22594547	DNA/hAT-Charlie	673	+	77	22594470	91736
chr1	46294443	46494443	harbor1	chr1	46339469	46339547	DNA/hAT-Charlie	595	+	39	46339508	45065
chr1	46294443	46494443	harbor1	chr1	46350524	46350624	DNA/hAT-Charlie	455	+	50	46350574	56131
chr1	185628149	185828149	harbor1	chr1	185693450	185693646	DNA/hAT-Charlie	828	+	98	185693548	65399
chr1	3141190	3341190	harbor1	chr1	3192835	3192996	DNA/hAT-Charlie	628	+	80	3192915	51725
chr1	230940507	231140507	harbor1	chr1	230946504	230946824	DNA/hAT-Charlie	506	+	160	230946664	6157
chr1	230940507	231140507	harbor1	chr1	230950661	230951206	DNA/hAT-Charlie	758	+	272	230950933	10426
chr1	230940507	231140507	harbor1	chr1	230951221	230951486	DNA/hAT-Charlie	707	+	132	230951353	10846
chr1	230940507	231140507	harbor1	chr1	230951554	230952318	DNA/hAT-Charlie	1895	+	382	230951936	11429
chr1	245603537	245803537	harbor1	chr1	245621023	245621196	DNA/hAT-Charlie	781	+	86	245621109	17572
chr1	245603537	245803537	harbor1	chr1	245651580	245651901	DNA/hAT-Charlie	1861	+	160	245651740	48203
chr1	31972901	32172901	harbor1	chr1	32028202	32028369	DNA/hAT-Charlie	776	+	84	32028286	55385
chr1	31972901	32172901	harbor1	chr1	32054686	32054876	DNA/hAT-Charlie	1201	+	95	32054781	81880
chr1	10857681	11057681	harbor1	chr1	10918824	10918938	DNA/hAT-Charlie	629	+	57	10918881	61200
chr1	10857681	11057681	harbor1	chr1	10919242	10919305	DNA/hAT-Charlie	629	+	32	10919274	61593
chr1	10857681	11057681	harbor1	chr1	10933313	10933512	DNA/hAT-Charlie	1417	+	100	10933413	75732
chr1	10857681	11057681	harbor1	chr1	10939664	10939853	DNA/hAT-Charlie	536	+	94	10939758	82077
chr1	156191597	156391597	harbor1	chr1	156279234	156279410	DNA/hAT-Charlie	856	+	88	156279322	87725
chr1	201770522	201970522	harbor1	chr1	201800387	201800608	DNA/hAT-Charlie	1231	+	110	201800497	29975
chr1	201770522	201970522	harbor1	chr1	201824765	201824936	DNA/hAT-Charlie	1013	+	86	201824851	54329
chr1	201770522	201970522	harbor1	chr1	201848025	201848215	DNA/hAT-Charlie	950	+	95	201848120	77598
chr1	53312611	53512611	harbor1	chr1	53348266	53348405	DNA/hAT-Charlie	582	+	70	53348336	35725
chr1	53312611	53512611	harbor1	chr1	53382899	53383038	DNA/hAT-Charlie	527	+	70	53382969	70358
chr1	15734386	15934386	harbor1	chr1	15813609	15813724	DNA/hAT-Charlie	499	+	58	15813667	79281
chr1	15734386	15934386	harbor1	chr1	15814331	15814423	DNA/hAT-Charlie	499	+	46	15814377	79991
chr1	27266079	27466079	harbor1	chr1	27265963	27266085	DNA/hAT-Charlie	818	+	61	27266024	55
chr1	27266079	27466079	harbor1	chr1	27278155	27278346	DNA/hAT-Charlie	891	+	96	27278251	12172
chr1	25516631	25716631	harbor1	chr1	25542660	25542767	DNA/hAT-Charlie	1443	+	54	25542714	26083
chr1	25516631	25716631	harbor1	chr1	25543080	25543209	DNA/hAT-Charlie	1443	+	64	25543144	26513
chr1	25516631	25716631	harbor1	chr1	25546782	25546939	DNA/hAT-Charlie	993	+	78	25546860	30229
chr1	25516631	25716631	harbor1	chr1	25607602	25607751	DNA/hAT-Charlie	644	+	74	25607676	91045
chr1	25516631	25716631	harbor1	chr1	25608047	25608086	DNA/hAT-Charlie	644	+	20	25608067	91436
chr1	25516631	25716631	harbor1	chr1	25608397	25608463	DNA/hAT-Charlie	644	+	33	25608430	91799
chr1	65574334	65774334	harbor1	chr1	65574411	65574528	DNA/hAT-Charlie	501	+	58	65574469	135
chr1	65574334	65774334	harbor1	chr1	65603583	65603809	DNA/hAT-Charlie	1388	+	113	65603696	29362
chr1	65574334	65774334	harbor1	chr1	65604638	65604951	DNA/hAT-Charlie	1896	+	156	65604794	30460
chr1	65574334	65774334	harbor1	chr1	65611714	65611917	DNA/hAT-Charlie	1249	+	102	65611816	37482
chr1	230539098	230739098	harbor1	chr1	230575398	230575549	DNA/hAT-Charlie	559	+	76	230575474	36376
chr1	230539098	230739098	harbor1	chr1	230579641	230579795	DNA/hAT-Charlie	761	+	77	230579718	40620
chr1	230539098	230739098	harbor1	chr1	230634223	230634409	DNA/hAT-Charlie	1028	+	93	230634316	95218
chr2	45902328	46102328	harbor1	chr2	45902844	45902996	DNA/hAT-Charlie	468	+	76	45902920	592
chr2	45902328	46102328	harbor1	chr2	45957951	45958099	DNA/hAT-Charlie	556	+	74	45958025	55697
chr2	196936108	197136108	harbor1	chr2	196965045	196965168	DNA/hAT-Charlie	503	+	62	196965107	28999
chr2	196936108	197136108	harbor1	chr2	196965385	196965452	DNA/hAT-Charlie	503	+	34	196965419	29311
chr2	196936108	197136108	harbor1	chr2	196996114	196996275	DNA/hAT-Charlie	715	+	80	196996194	60086
chr2	219075964	219275964	harbor1	chr2	219077830	219078031	DNA/hAT-Charlie	1087	+	100	219077930	1966
chr2	219075964	219275964	harbor1	chr2	219078778	219079012	DNA/hAT-Charlie	754	+	117	219078895	2931
chr2	219075964	219275964	harbor1	chr2	219128104	219128369	DNA/hAT-Charlie	1310	+	132	219128236	52272
chr2	576801	776801	harbor1	chr2	613603	613780	DNA/hAT-Charlie	674	+	88	613691	36890
chr2	576801	776801	harbor1	chr2	614166	614918	DNA/hAT-Charlie	1434	+	376	614542	37741
chr2	219059508	219259508	harbor1	chr2	219077830	219078031	DNA/hAT-Charlie	1087	+	100	219077930	18422
chr2	219059508	219259508	harbor1	chr2	219078778	219079012	DNA/hAT-Charlie	754	+	117	219078895	19387
chr2	219059508	219259508	harbor1	chr2	219128104	219128369	DNA/hAT-Charlie	1310	+	132	219128236	68728
chr2	219077783	219277783	harbor1	chr2	219077830	219078031	DNA/hAT-Charlie	1087	+	100	219077930	147
chr2	219077783	219277783	harbor1	chr2	219078778	219079012	DNA/hAT-Charlie	754	+	117	219078895	1112
chr2	219077783	219277783	harbor1	chr2	219128104	219128369	DNA/hAT-Charlie	1310	+	132	219128236	50453
chr2	26950260	27150260	harbor1	chr2	26997254	26997472	DNA/hAT-Charlie	1490	+	109	26997363	47103
chr2	26950260	27150260	harbor1	chr2	27037275	27037443	DNA/hAT-Charlie	514	+	84	27037359	87099
chr2	43053914	43253914	harbor1	chr2	43106680	43106854	DNA/hAT-Charlie	727	+	87	43106767	52853
chr2	43053914	43253914	harbor1	chr2	43108527	43108750	DNA/hAT-Charlie	1079	+	112	43108639	54725
chr2	43053914	43253914	harbor1	chr2	43122512	43122944	DNA/hAT-Charlie	1473	+	216	43122728	68814
chr2	202592159	202792159	harbor1	chr2	202621640	202621692	DNA/hAT-Charlie	648	+	26	202621666	29507
chr2	202592159	202792159	harbor1	chr2	202621987	202622047	DNA/hAT-Charlie	648	+	30	202622017	29858
chr2	202592159	202792159	harbor1	chr2	202622366	202622426	DNA/hAT-Charlie	648	+	30	202622396	30237
chr2	202592159	202792159	harbor1	chr2	202622735	202622849	DNA/hAT-Charlie	648	+	57	202622792	30633
chr2	202592159	202792159	harbor1	chr2	202623663	202623728	DNA/hAT-Charlie	824	+	32	202623695	31536
chr2	202592159	202792159	harbor1	chr2	202624042	202624210	DNA/hAT-Charlie	824	+	84	202624126	31967
chr2	53462886	53662886	harbor1	chr2	53465688	53465832	DNA/hAT-Charlie	800	+	72	53465760	2874
chr2	53462886	53662886	harbor1	chr2	53478347	53478551	DNA/hAT-Charlie	587	+	102	53478449	15563
chr2	53462886	53662886	harbor1	chr2	53480921	53481233	DNA/hAT-Charlie	1499	+	156	53481077	18191
chr2	53462886	53662886	harbor1	chr2	53491338	53491576	DNA/hAT-Charlie	1139	+	119	53491457	28571
chr2	53462886	53662886	harbor1	chr2	53497880	53498169	DNA/hAT-Charlie	914	+	144	53498024	35138
chr2	53462886	53662886	harbor1	chr2	53506683	53506801	DNA/hAT-Charlie	505	+	59	53506742	43856
chr2	70453138	70653138	harbor1	chr2	70460125	70460282	DNA/hAT-Charlie	818	+	78	70460203	7065
chr2	70453138	70653138	harbor1	chr2	70460841	70460985	DNA/hAT-Charlie	628	+	72	70460913	7775
chr2	70453138	70653138	harbor1	chr2	70464447	70464646	DNA/hAT-Charlie	1002	+	100	70464547	11409
chr2	70453138	70653138	harbor1	chr2	70468557	70468994	DNA/hAT-Charlie	3065	+	218	70468775	15637
chr2	70453138	70653138	harbor1	chr2	70489751	70489908	DNA/hAT-Charlie	785	+	78	70489829	36691
chr2	70453138	70653138	harbor1	chr2	70498891	70499061	DNA/hAT-Charlie	876	+	85	70498976	45838
chr2	70453138	70653138	harbor1	chr2	70505090	70505293	DNA/hAT-Charlie	783	+	102	70505192	52054
chr2	219077871	219277871	harbor1	chr2	219077830	219078031	DNA/hAT-Charlie	1087	+	100	219077930	59
chr2	219077871	219277871	harbor1	chr2	219078778	219079012	DNA/hAT-Charlie	754	+	117	219078895	1024
chr2	219077871	219277871	harbor1	chr2	219128104	219128369	DNA/hAT-Charlie	1310	+	132	219128236	50365
chr2	219078284	219278284	harbor1	chr2	219078778	219079012	DNA/hAT-Charlie	754	+	117	219078895	611
chr2	219078284	219278284	harbor1	chr2	219128104	219128369	DNA/hAT-Charlie	1310	+	132	219128236	49952
chr2	219060209	219260209	harbor1	chr2	219077830	219078031	DNA/hAT-Charlie	1087	+	100	219077930	17721
chr2	219060209	219260209	harbor1	chr2	219078778	219079012	DNA/hAT-Charlie	754	+	117	219078895	18686
chr2	219060209	219260209	harbor1	chr2	219128104	219128369	DNA/hAT-Charlie	1310	+	132	219128236	68027
chr2	26950206	27150206	harbor1	chr2	26997254	26997472	DNA/hAT-Charlie	1490	+	109	26997363	47157
chr2	26950206	27150206	harbor1	chr2	27037275	27037443	DNA/hAT-Charlie	514	+	84	27037359	87153
chr2	219070304	219270304	harbor1	chr2	219077830	219078031	DNA/hAT-Charlie	1087	+	100	219077930	7626
chr2	219070304	219270304	harbor1	chr2	219078778	219079012	DNA/hAT-Charlie	754	+	117	219078895	8591
chr2	219070304	219270304	harbor1	chr2	219128104	219128369	DNA/hAT-Charlie	1310	+	132	219128236	57932
chr2	219078190	219278190	harbor1	chr2	219078778	219079012	DNA/hAT-Charlie	754	+	117	219078895	705
chr2	219078190	219278190	harbor1	chr2	219128104	219128369	DNA/hAT-Charlie	1310	+	132	219128236	50046
chr2	219078189	219278189	harbor1	chr2	219078778	219079012	DNA/hAT-Charlie	754	+	117	219078895	706
chr2	219078189	219278189	harbor1	chr2	219128104	219128369	DNA/hAT-Charlie	1310	+	132	219128236	50047
chr2	26403793	26603793	harbor1	chr2	26492166	26492361	DNA/hAT-Charlie	994	+	98	26492264	88471
chr2	219077856	219277856	harbor1	chr2	219077830	219078031	DNA/hAT-Charlie	1087	+	100	219077930	74
chr2	219077856	219277856	harbor1	chr2	219078778	219079012	DNA/hAT-Charlie	754	+	117	219078895	1039
chr2	219077856	219277856	harbor1	chr2	219128104	219128369	DNA/hAT-Charlie	1310	+	132	219128236	50380
chr2	219078292	219278292	harbor1	chr2	219078778	219079012	DNA/hAT-Charlie	754	+	117	219078895	603
chr2	219078292	219278292	harbor1	chr2	219128104	219128369	DNA/hAT-Charlie	1310	+	132	219128236	49944
chr2	219068679	219268679	harbor1	chr2	219077830	219078031	DNA/hAT-Charlie	1087	+	100	219077930	9251
chr2	219068679	219268679	harbor1	chr2	219078778	219079012	DNA/hAT-Charlie	754	+	117	219078895	10216
chr2	219068679	219268679	harbor1	chr2	219128104	219128369	DNA/hAT-Charlie	1310	+	132	219128236	59557
chr2	171334240	171534240	harbor1	chr2	171367894	171368751	DNA/hAT-Charlie	3612	+	428	171368322	34082
chr2	171334240	171534240	harbor1	chr2	171368885	171369024	DNA/hAT-Charlie	1849	+	70	171368955	34715
chr2	171334240	171534240	harbor1	chr2	171369330	171369688	DNA/hAT-Charlie	1849	+	179	171369509	35269
chr2	171334240	171534240	harbor1	chr2	171383339	171383576	DNA/hAT-Charlie	469	+	118	171383457	49217
chr2	171334240	171534240	harbor1	chr2	171407831	171408224	DNA/hAT-Charlie	1180	+	196	171408027	73787
chr2	171334240	171534240	harbor1	chr2	171412475	171412784	DNA/hAT-Charlie	1102	+	154	171412629	78389
chr2	171334240	171534240	harbor1	chr2	171412812	171413733	DNA/hAT-Charlie	3565	+	460	171413272	79032
chr2	171334240	171534240	harbor1	chr2	171429055	171429733	DNA/hAT-Charlie	831	+	339	171429394	95154
chr2	69543779	69743779	harbor1	chr2	69592269	69592437	DNA/hAT-Charlie	860	+	84	69592353	48574
chr2	69543779	69743779	harbor1	chr2	69621053	69621199	DNA/hAT-Charlie	653	+	73	69621126	77347
chr2	69543779	69743779	harbor1	chr2	69632293	69632485	DNA/hAT-Charlie	990	+	96	69632389	88610
chr2	69543779	69743779	harbor1	chr2	69636079	69636449	DNA/hAT-Charlie	1333	+	185	69636264	92485
chr2	69543779	69743779	harbor1	chr2	69636557	69636688	DNA/hAT-Charlie	780	+	66	69636623	92844
chr2	69543779	69743779	harbor1	chr2	69637000	69637059	DNA/hAT-Charlie	780	+	30	69637030	93251
chr2	43055566	43255566	harbor1	chr2	43106680	43106854	DNA/hAT-Charlie	727	+	87	43106767	51201
chr2	43055566	43255566	harbor1	chr2	43108527	43108750	DNA/hAT-Charlie	1079	+	112	43108639	53073
chr2	43055566	43255566	harbor1	chr2	43122512	43122944	DNA/hAT-Charlie	1473	+	216	43122728	67162
chr2	26950242	27150242	harbor1	chr2	26997254	26997472	DNA/hAT-Charlie	1490	+	109	26997363	47121
chr2	26950242	27150242	harbor1	chr2	27037275	27037443	DNA/hAT-Charlie	514	+	84	27037359	87117
chr2	26403734	26603734	harbor1	chr2	26492166	26492361	DNA/hAT-Charlie	994	+	98	26492264	88530
chr2	219077798	219277798	harbor1	chr2	219077830	219078031	DNA/hAT-Charlie	1087	+	100	219077930	132
chr2	219077798	219277798	harbor1	chr2	219078778	219079012	DNA/hAT-Charlie	754	+	117	219078895	1097
chr2	219077798	219277798	harbor1	chr2	219128104	219128369	DNA/hAT-Charlie	1310	+	132	219128236	50438
chr2	219077795	219277795	harbor1	chr2	219077830	219078031	DNA/hAT-Charlie	1087	+	100	219077930	135
chr2	219077795	219277795	harbor1	chr2	219078778	219079012	DNA/hAT-Charlie	754	+	117	219078895	1100
chr2	219077795	219277795	harbor1	chr2	219128104	219128369	DNA/hAT-Charlie	1310	+	132	219128236	50441
chr2	219075968	219275968	harbor1	chr2	219077830	219078031	DNA/hAT-Charlie	1087	+	100	219077930	1962
chr2	219075968	219275968	harbor1	chr2	219078778	219079012	DNA/hAT-Charlie	754	+	117	219078895	2927
chr2	219075968	219275968	harbor1	chr2	219128104	219128369	DNA/hAT-Charlie	1310	+	132	219128236	52268
chr2	3475856	3675856	harbor1	chr2	3481711	3481901	DNA/hAT-Charlie	468	+	95	3481806	5950
chr2	3475856	3675856	harbor1	chr2	3484996	3485192	DNA/hAT-Charlie	713	+	98	3485094	9238
chr2	3475856	3675856	harbor1	chr2	3531710	3531902	DNA/hAT-Charlie	661	+	96	3531806	55950
chr2	3475856	3675856	harbor1	chr2	3561439	3561514	DNA/hAT-Charlie	638	+	38	3561477	85621
chr2	3475856	3675856	harbor1	chr2	3561690	3561820	DNA/hAT-Charlie	638	+	65	3561755	85899
chr2	3475856	3675856	harbor1	chr2	3562119	3562190	DNA/hAT-Charlie	638	+	36	3562155	86299
chr2	3475856	3675856	harbor1	chr2	3563236	3563408	DNA/hAT-Charlie	742	+	86	3563322	87466
chr2	241037595	241237595	harbor1	chr2	241038212	241038518	DNA/hAT-Charlie	541	+	153	241038365	770
chr2	241037595	241237595	harbor1	chr2	241041053	241041402	DNA/hAT-Charlie	468	+	174	241041227	3632
chr2	241037595	241237595	harbor1	chr2	241041719	241041837	DNA/hAT-Charlie	468	+	59	241041778	4183
chr2	219077844	219277844	harbor1	chr2	219077830	219078031	DNA/hAT-Charlie	1087	+	100	219077930	86
chr2	219077844	219277844	harbor1	chr2	219078778	219079012	DNA/hAT-Charlie	754	+	117	219078895	1051
chr2	219077844	219277844	harbor1	chr2	219128104	219128369	DNA/hAT-Charlie	1310	+	132	219128236	50392
chr2	113484117	113684117	harbor1	chr2	113512986	113513219	DNA/hAT-Charlie	627	+	116	113513102	28985
chr2	113484117	113684117	harbor1	chr2	113516723	113516803	DNA/hAT-Charlie	1034	+	40	113516763	32646
chr2	113484117	113684117	harbor1	chr2	113517074	113517234	DNA/hAT-Charlie	1034	+	80	113517154	33037
chr2	113484117	113684117	harbor1	chr2	113523848	113524027	DNA/hAT-Charlie	852	+	90	113523938	39821
chr2	113484117	113684117	harbor1	chr2	113524375	113524516	DNA/hAT-Charlie	625	+	70	113524445	40328
chr2	113484117	113684117	harbor1	chr2	113524868	113525145	DNA/hAT-Charlie	584	+	138	113525006	40889
chr2	113484117	113684117	harbor1	chr2	113537458	113537650	DNA/hAT-Charlie	595	+	96	113537554	53437
chr2	113484117	113684117	harbor1	chr2	113538181	113538335	DNA/hAT-Charlie	469	+	77	113538258	54141
chr2	113484117	113684117	harbor1	chr2	113548013	113548217	DNA/hAT-Charlie	1103	+	102	113548115	63998
chr2	219077870	219277870	harbor1	chr2	219077830	219078031	DNA/hAT-Charlie	1087	+	100	219077930	60
chr2	219077870	219277870	harbor1	chr2	219078778	219079012	DNA/hAT-Charlie	754	+	117	219078895	1025
chr2	219077870	219277870	harbor1	chr2	219128104	219128369	DNA/hAT-Charlie	1310	+	132	219128236	50366
chr2	219077895	219277895	harbor1	chr2	219077830	219078031	DNA/hAT-Charlie	1087	+	100	219077930	35
chr2	219077895	219277895	harbor1	chr2	219078778	219079012	DNA/hAT-Charlie	754	+	117	219078895	1000
chr2	219077895	219277895	harbor1	chr2	219128104	219128369	DNA/hAT-Charlie	1310	+	132	219128236	50341
chr2	219077979	219277979	harbor1	chr2	219077830	219078031	DNA/hAT-Charlie	1087	+	100	219077930	49
chr2	219077979	219277979	harbor1	chr2	219078778	219079012	DNA/hAT-Charlie	754	+	117	219078895	916
chr2	219077979	219277979	harbor1	chr2	219128104	219128369	DNA/hAT-Charlie	1310	+	132	219128236	50257
chr2	70771787	70971787	harbor1	chr2	70814395	70814541	DNA/hAT-Charlie	608	+	73	70814468	42681
chr2	70771787	70971787	harbor1	chr2	70814570	70814753	DNA/hAT-Charlie	572	+	92	70814662	42875
chr2	70771787	70971787	harbor1	chr2	70814764	70814941	DNA/hAT-Charlie	465	+	88	70814852	43065
chr2	70771787	70971787	harbor1	chr2	70817234	70817618	DNA/hAT-Charlie	943	+	192	70817426	45639
chr2	219078278	219278278	harbor1	chr2	219078778	219079012	DNA/hAT-Charlie	754	+	117	219078895	617
chr2	219078278	219278278	harbor1	chr2	219128104	219128369	DNA/hAT-Charlie	1310	+	132	219128236	49958
chr2	113484023	113684023	harbor1	chr2	113512986	113513219	DNA/hAT-Charlie	627	+	116	113513102	29079
chr2	113484023	113684023	harbor1	chr2	113516723	113516803	DNA/hAT-Charlie	1034	+	40	113516763	32740
chr2	113484023	113684023	harbor1	chr2	113517074	113517234	DNA/hAT-Charlie	1034	+	80	113517154	33131
chr2	113484023	113684023	harbor1	chr2	113523848	113524027	DNA/hAT-Charlie	852	+	90	113523938	39915
chr2	113484023	113684023	harbor1	chr2	113524375	113524516	DNA/hAT-Charlie	625	+	70	113524445	40422
chr2	113484023	113684023	harbor1	chr2	113524868	113525145	DNA/hAT-Charlie	584	+	138	113525006	40983
chr2	113484023	113684023	harbor1	chr2	113537458	113537650	DNA/hAT-Charlie	595	+	96	113537554	53531
chr2	113484023	113684023	harbor1	chr2	113538181	113538335	DNA/hAT-Charlie	469	+	77	113538258	54235
chr2	113484023	113684023	harbor1	chr2	113548013	113548217	DNA/hAT-Charlie	1103	+	102	113548115	64092
chr2	74415966	74615966	harbor1	chr2	74437571	74437731	DNA/hAT-Charlie	498	+	80	74437651	21685
chr2	74415966	74615966	harbor1	chr2	74494651	74494723	DNA/hAT-Charlie	779	+	36	74494687	78721
chr2	74415966	74615966	harbor1	chr2	74495020	74495123	DNA/hAT-Charlie	779	+	52	74495072	79106
chr2	217853705	218053705	harbor1	chr2	217863314	217863459	DNA/hAT-Charlie	815	+	72	217863386	9681
chr2	3604000	3804000	harbor1	chr2	3656616	3656767	DNA/hAT-Charlie	532	+	76	3656692	52692
chr2	3604000	3804000	harbor1	chr2	3662740	3662872	DNA/hAT-Charlie	631	+	66	3662806	58806
chr2	3604000	3804000	harbor1	chr2	3663835	3664011	DNA/hAT-Charlie	691	+	88	3663923	59923
chr2	3604000	3804000	harbor1	chr2	3666836	3667042	DNA/hAT-Charlie	609	+	103	3666939	62939
chr2	3604000	3804000	harbor1	chr2	3681914	3682230	DNA/hAT-Charlie	597	+	158	3682072	78072
chr2	113484043	113684043	harbor1	chr2	113512986	113513219	DNA/hAT-Charlie	627	+	116	113513102	29059
chr2	113484043	113684043	harbor1	chr2	113516723	113516803	DNA/hAT-Charlie	1034	+	40	113516763	32720
chr2	113484043	113684043	harbor1	chr2	113517074	113517234	DNA/hAT-Charlie	1034	+	80	113517154	33111
chr2	113484043	113684043	harbor1	chr2	113523848	113524027	DNA/hAT-Charlie	852	+	90	113523938	39895
chr2	113484043	113684043	harbor1	chr2	113524375	113524516	DNA/hAT-Charlie	625	+	70	113524445	40402
chr2	113484043	113684043	harbor1	chr2	113524868	113525145	DNA/hAT-Charlie	584	+	138	113525006	40963
chr2	113484043	113684043	harbor1	chr2	113537458	113537650	DNA/hAT-Charlie	595	+	96	113537554	53511
chr2	113484043	113684043	harbor1	chr2	113538181	113538335	DNA/hAT-Charlie	469	+	77	113538258	54215
chr2	113484043	113684043	harbor1	chr2	113548013	113548217	DNA/hAT-Charlie	1103	+	102	113548115	64072
chr2	152618128	152818128	harbor1	chr2	152663268	152663415	DNA/hAT-Charlie	863	+	74	152663342	45214
chr2	152618128	152818128	harbor1	chr2	152664820	152665107	DNA/hAT-Charlie	1556	+	144	152664964	46836
chr2	152618128	152818128	harbor1	chr2	152665170	152665358	DNA/hAT-Charlie	638	+	94	152665264	47136
chr2	152618128	152818128	harbor1	chr2	152667713	152667838	DNA/hAT-Charlie	581	+	62	152667775	49647
chr2	152618128	152818128	harbor1	chr2	152674101	152674309	DNA/hAT-Charlie	479	+	104	152674205	56077
chr2	152618128	152818128	harbor1	chr2	152682838	152683140	DNA/hAT-Charlie	1916	+	151	152682989	64861
chr2	152618128	152818128	harbor1	chr2	152699165	152699383	DNA/hAT-Charlie	1361	+	109	152699274	81146
chr2	72783861	72983861	harbor1	chr2	72802791	72802973	DNA/hAT-Charlie	1101	+	91	72802882	19021
chr2	158867991	159067991	harbor1	chr2	158901178	158901384	DNA/hAT-Charlie	630	+	103	158901281	33290
chr2	43055564	43255564	harbor1	chr2	43106680	43106854	DNA/hAT-Charlie	727	+	87	43106767	51203
chr2	43055564	43255564	harbor1	chr2	43108527	43108750	DNA/hAT-Charlie	1079	+	112	43108639	53075
chr2	43055564	43255564	harbor1	chr2	43122512	43122944	DNA/hAT-Charlie	1473	+	216	43122728	67164
chr2	6817111	7017111	harbor1	chr2	6892800	6893117	DNA/hAT-Charlie	1069	+	158	6892958	75847
chr2	43054703	43254703	harbor1	chr2	43106680	43106854	DNA/hAT-Charlie	727	+	87	43106767	52064
chr2	43054703	43254703	harbor1	chr2	43108527	43108750	DNA/hAT-Charlie	1079	+	112	43108639	53936
chr2	43054703	43254703	harbor1	chr2	43122512	43122944	DNA/hAT-Charlie	1473	+	216	43122728	68025
chr2	85227775	85427775	harbor1	chr2	85270483	85270665	DNA/hAT-Charlie	640	+	91	85270574	42799
chr2	85227775	85427775	harbor1	chr2	85280140	85280360	DNA/hAT-Charlie	743	+	110	85280250	52475
chr2	85227775	85427775	harbor1	chr2	85324071	85324140	DNA/hAT-Charlie	518	+	34	85324105	96330
chr2	85227775	85427775	harbor1	chr2	85324439	85324541	DNA/hAT-Charlie	518	+	51	85324490	96715
chr2	69543869	69743869	harbor1	chr2	69592269	69592437	DNA/hAT-Charlie	860	+	84	69592353	48484
chr2	69543869	69743869	harbor1	chr2	69621053	69621199	DNA/hAT-Charlie	653	+	73	69621126	77257
chr2	69543869	69743869	harbor1	chr2	69632293	69632485	DNA/hAT-Charlie	990	+	96	69632389	88520
chr2	69543869	69743869	harbor1	chr2	69636079	69636449	DNA/hAT-Charlie	1333	+	185	69636264	92395
chr2	69543869	69743869	harbor1	chr2	69636557	69636688	DNA/hAT-Charlie	780	+	66	69636623	92754
chr2	69543869	69743869	harbor1	chr2	69637000	69637059	DNA/hAT-Charlie	780	+	30	69637030	93161
chr2	34909049	35109049	harbor1	chr2	34926744	34926938	DNA/hAT-Charlie	605	+	97	34926841	17792
chr2	34909049	35109049	harbor1	chr2	34954951	34955114	DNA/hAT-Charlie	550	+	82	34955033	45984
chr2	219068714	219268714	harbor1	chr2	219077830	219078031	DNA/hAT-Charlie	1087	+	100	219077930	9216
chr2	219068714	219268714	harbor1	chr2	219078778	219079012	DNA/hAT-Charlie	754	+	117	219078895	10181
chr2	219068714	219268714	harbor1	chr2	219128104	219128369	DNA/hAT-Charlie	1310	+	132	219128236	59522
chr2	86463906	86663906	harbor1	chr2	86527353	86527678	DNA/hAT-Charlie	1477	+	162	86527515	63609
chr2	86463906	86663906	harbor1	chr2	86527987	86528323	DNA/hAT-Charlie	1477	+	168	86528155	64249
chr2	86463906	86663906	harbor1	chr2	86528503	86528634	DNA/hAT-Charlie	569	+	66	86528569	64663
chr2	86463906	86663906	harbor1	chr2	86542590	86542892	DNA/hAT-Charlie	635	+	151	86542741	78835
chr2	86463906	86663906	harbor1	chr2	86542862	86543326	DNA/hAT-Charlie	1706	+	232	86543094	79188
chr2	86463906	86663906	harbor1	chr2	86543764	86543852	DNA/hAT-Charlie	1706	+	44	86543808	79902
chr2	86463906	86663906	harbor1	chr2	86561413	86561561	DNA/hAT-Charlie	853	+	74	86561487	97581
chr2	46198450	46398450	harbor1	chr2	46199416	46199580	DNA/hAT-Charlie	934	+	82	46199498	1048
chr2	46198450	46398450	harbor1	chr2	46199581	46199656	DNA/hAT-Charlie	472	+	38	46199619	1169
chr2	46198450	46398450	harbor1	chr2	46199955	46199986	DNA/hAT-Charlie	472	+	16	46199971	1521
chr2	46198450	46398450	harbor1	chr2	46218480	46218654	DNA/hAT-Charlie	818	+	87	46218567	20117
chr2	46198450	46398450	harbor1	chr2	46227485	46227668	DNA/hAT-Charlie	449	+	92	46227577	29127
chr2	46198450	46398450	harbor1	chr2	46268132	46268276	DNA/hAT-Charlie	487	+	72	46268204	69754
chr2	190910082	191110082	harbor1	chr2	190915512	190915789	DNA/hAT-Charlie	584	+	138	190915650	5568
chr2	190910082	191110082	harbor1	chr2	190915797	190916136	DNA/hAT-Charlie	1121	+	170	190915967	5885
chr2	190910082	191110082	harbor1	chr2	190971327	190971544	DNA/hAT-Charlie	624	+	108	190971435	61353
chr2	190910082	191110082	harbor1	chr2	190999282	190999494	DNA/hAT-Charlie	994	+	106	190999388	89306
chr2	237867377	238067377	harbor1	chr2	237932310	237932409	DNA/hAT-Charlie	1474	+	50	237932360	64983
chr2	237867377	238067377	harbor1	chr2	237932680	237932804	DNA/hAT-Charlie	1474	+	62	237932742	65365
chr2	43031592	43231592	harbor1	chr2	43106680	43106854	DNA/hAT-Charlie	727	+	87	43106767	75175
chr2	43031592	43231592	harbor1	chr2	43108527	43108750	DNA/hAT-Charlie	1079	+	112	43108639	77047
chr2	43031592	43231592	harbor1	chr2	43122512	43122944	DNA/hAT-Charlie	1473	+	216	43122728	91136
chr2	219077841	219277841	harbor1	chr2	219077830	219078031	DNA/hAT-Charlie	1087	+	100	219077930	89
chr2	219077841	219277841	harbor1	chr2	219078778	219079012	DNA/hAT-Charlie	754	+	117	219078895	1054
chr2	219077841	219277841	harbor1	chr2	219128104	219128369	DNA/hAT-Charlie	1310	+	132	219128236	50395
chr2	26950263	27150263	harbor1	chr2	26997254	26997472	DNA/hAT-Charlie	1490	+	109	26997363	47100
chr2	26950263	27150263	harbor1	chr2	27037275	27037443	DNA/hAT-Charlie	514	+	84	27037359	87096
chr2	202592156	202792156	harbor1	chr2	202621640	202621692	DNA/hAT-Charlie	648	+	26	202621666	29510
chr2	202592156	202792156	harbor1	chr2	202621987	202622047	DNA/hAT-Charlie	648	+	30	202622017	29861
chr2	202592156	202792156	harbor1	chr2	202622366	202622426	DNA/hAT-Charlie	648	+	30	202622396	30240
chr2	202592156	202792156	harbor1	chr2	202622735	202622849	DNA/hAT-Charlie	648	+	57	202622792	30636
chr2	202592156	202792156	harbor1	chr2	202623663	202623728	DNA/hAT-Charlie	824	+	32	202623695	31539
chr2	202592156	202792156	harbor1	chr2	202624042	202624210	DNA/hAT-Charlie	824	+	84	202624126	31970
chr2	168550531	168750531	harbor1	chr2	168607162	168607262	DNA/hAT-Charlie	484	+	50	168607212	56681
chr2	168550531	168750531	harbor1	chr2	168634926	168635118	DNA/hAT-Charlie	891	+	96	168635022	84491
chr2	42069545	42269545	harbor1	chr2	42091119	42091351	DNA/hAT-Charlie	1062	+	116	42091235	21690
chr2	42069545	42269545	harbor1	chr2	42093210	42093379	DNA/hAT-Charlie	557	+	84	42093294	23749
chr2	42069545	42269545	harbor1	chr2	42133844	42133991	DNA/hAT-Charlie	535	+	74	42133918	64373
chr2	42069545	42269545	harbor1	chr2	42134308	42134347	DNA/hAT-Charlie	535	+	20	42134328	64783
chr2	127928490	128128490	harbor1	chr2	127983181	127983298	DNA/hAT-Charlie	548	+	58	127983239	54749
chr2	127928490	128128490	harbor1	chr2	127983306	127983426	DNA/hAT-Charlie	746	+	60	127983366	54876
chr2	87424870	87624870	harbor1	chr2	87463352	87463554	DNA/hAT-Charlie	983	+	101	87463453	38583
chr2	87424870	87624870	harbor1	chr2	87523559	87523735	DNA/hAT-Charlie	649	+	88	87523647	98777
chr2	87424870	87624870	harbor1	chr2	87523752	87523897	DNA/hAT-Charlie	702	+	72	87523824	98954
chr2	219077944	219277944	harbor1	chr2	219077830	219078031	DNA/hAT-Charlie	1087	+	100	219077930	14
chr2	219077944	219277944	harbor1	chr2	219078778	219079012	DNA/hAT-Charlie	754	+	117	219078895	951
chr2	219077944	219277944	harbor1	chr2	219128104	219128369	DNA/hAT-Charlie	1310	+	132	219128236	50292
chr2	190914213	191114213	harbor1	chr2	190915512	190915789	DNA/hAT-Charlie	584	+	138	190915650	1437
chr2	190914213	191114213	harbor1	chr2	190915797	190916136	DNA/hAT-Charlie	1121	+	170	190915967	1754
chr2	190914213	191114213	harbor1	chr2	190971327	190971544	DNA/hAT-Charlie	624	+	108	190971435	57222
chr2	190914213	191114213	harbor1	chr2	190999282	190999494	DNA/hAT-Charlie	994	+	106	190999388	85175
chr2	110569500	110769500	harbor1	chr2	110602869	110603015	DNA/hAT-Charlie	549	+	73	110602942	33442
chr2	110569500	110769500	harbor1	chr2	110606044	110606275	DNA/hAT-Charlie	630	+	116	110606160	36660
chr2	113484094	113684094	harbor1	chr2	113512986	113513219	DNA/hAT-Charlie	627	+	116	113513102	29008
chr2	113484094	113684094	harbor1	chr2	113516723	113516803	DNA/hAT-Charlie	1034	+	40	113516763	32669
chr2	113484094	113684094	harbor1	chr2	113517074	113517234	DNA/hAT-Charlie	1034	+	80	113517154	33060
chr2	113484094	113684094	harbor1	chr2	113523848	113524027	DNA/hAT-Charlie	852	+	90	113523938	39844
chr2	113484094	113684094	harbor1	chr2	113524375	113524516	DNA/hAT-Charlie	625	+	70	113524445	40351
chr2	113484094	113684094	harbor1	chr2	113524868	113525145	DNA/hAT-Charlie	584	+	138	113525006	40912
chr2	113484094	113684094	harbor1	chr2	113537458	113537650	DNA/hAT-Charlie	595	+	96	113537554	53460
chr2	113484094	113684094	harbor1	chr2	113538181	113538335	DNA/hAT-Charlie	469	+	77	113538258	54164
chr2	113484094	113684094	harbor1	chr2	113548013	113548217	DNA/hAT-Charlie	1103	+	102	113548115	64021
chr2	85227776	85427776	harbor1	chr2	85270483	85270665	DNA/hAT-Charlie	640	+	91	85270574	42798
chr2	85227776	85427776	harbor1	chr2	85280140	85280360	DNA/hAT-Charlie	743	+	110	85280250	52474
chr2	85227776	85427776	harbor1	chr2	85324071	85324140	DNA/hAT-Charlie	518	+	34	85324105	96329
chr2	85227776	85427776	harbor1	chr2	85324439	85324541	DNA/hAT-Charlie	518	+	51	85324490	96714
chr2	86976350	87176350	harbor1	chr2	87001766	87001861	DNA/hAT-Charlie	459	+	48	87001814	25464
chr2	86976350	87176350	harbor1	chr2	87002181	87002242	DNA/hAT-Charlie	459	+	30	87002211	25861
chr2	86976350	87176350	harbor1	chr2	87006205	87006479	DNA/hAT-Charlie	1246	+	137	87006342	29992
chr2	86976350	87176350	harbor1	chr2	87010407	87010625	DNA/hAT-Charlie	653	+	109	87010516	34166
chr2	86976350	87176350	harbor1	chr2	87028939	87029152	DNA/hAT-Charlie	901	+	106	87029045	52695
chr2	152618045	152818045	harbor1	chr2	152663268	152663415	DNA/hAT-Charlie	863	+	74	152663342	45297
chr2	152618045	152818045	harbor1	chr2	152664820	152665107	DNA/hAT-Charlie	1556	+	144	152664964	46919
chr2	152618045	152818045	harbor1	chr2	152665170	152665358	DNA/hAT-Charlie	638	+	94	152665264	47219
chr2	152618045	152818045	harbor1	chr2	152667713	152667838	DNA/hAT-Charlie	581	+	62	152667775	49730
chr2	152618045	152818045	harbor1	chr2	152674101	152674309	DNA/hAT-Charlie	479	+	104	152674205	56160
chr2	152618045	152818045	harbor1	chr2	152682838	152683140	DNA/hAT-Charlie	1916	+	151	152682989	64944
chr2	152618045	152818045	harbor1	chr2	152699165	152699383	DNA/hAT-Charlie	1361	+	109	152699274	81229
chr2	26950257	27150257	harbor1	chr2	26997254	26997472	DNA/hAT-Charlie	1490	+	109	26997363	47106
chr2	26950257	27150257	harbor1	chr2	27037275	27037443	DNA/hAT-Charlie	514	+	84	27037359	87102
chr2	37132026	37332026	harbor1	chr2	37161811	37162010	DNA/hAT-Charlie	1017	+	100	37161911	29885
chr2	74413594	74613594	harbor1	chr2	74437571	74437731	DNA/hAT-Charlie	498	+	80	74437651	24057
chr2	74413594	74613594	harbor1	chr2	74494651	74494723	DNA/hAT-Charlie	779	+	36	74494687	81093
chr2	74413594	74613594	harbor1	chr2	74495020	74495123	DNA/hAT-Charlie	779	+	52	74495072	81478
chr2	120748279	120948279	harbor1	chr2	120774599	120774776	DNA/hAT-Charlie	543	+	88	120774687	26408
chr2	120748279	120948279	harbor1	chr2	120802841	120803019	DNA/hAT-Charlie	941	+	89	120802930	54651
chr2	120748279	120948279	harbor1	chr2	120814517	120814871	DNA/hAT-Charlie	2065	+	177	120814694	66415
chr2	56085054	56285054	harbor1	chr2	56107091	56107405	DNA/hAT-Charlie	1478	+	157	56107248	22194
chr2	56085054	56285054	harbor1	chr2	56112338	56112517	DNA/hAT-Charlie	904	+	90	56112428	27374
chr2	56085054	56285054	harbor1	chr2	56113157	56113340	DNA/hAT-Charlie	848	+	92	56113249	28195
chr2	56085054	56285054	harbor1	chr2	56115749	56115957	DNA/hAT-Charlie	512	+	104	56115853	30799
chr2	56085054	56285054	harbor1	chr2	56117881	56118061	DNA/hAT-Charlie	902	+	90	56117971	32917
chr2	56085054	56285054	harbor1	chr2	56120822	56120976	DNA/hAT-Charlie	469	+	77	56120899	35845
chr2	56085054	56285054	harbor1	chr2	56146915	56147130	DNA/hAT-Charlie	1583	+	108	56147023	61969
chr2	56085054	56285054	harbor1	chr2	56151074	56151204	DNA/hAT-Charlie	541	+	65	56151139	66085
chr2	56085054	56285054	harbor1	chr2	56176933	56177221	DNA/hAT-Charlie	1557	+	144	56177077	92023
chr2	56085054	56285054	harbor1	chr2	56177249	56177396	DNA/hAT-Charlie	593	+	74	56177323	92269
chr2	219343396	219543396	harbor1	chr2	219391691	219391833	DNA/hAT-Charlie	770	+	71	219391762	48366
chr2	219343396	219543396	harbor1	chr2	219401108	219401353	DNA/hAT-Charlie	988	+	122	219401230	57834
chr2	219343396	219543396	harbor1	chr2	219401658	219401744	DNA/hAT-Charlie	988	+	43	219401701	58305
chr2	74415971	74615971	harbor1	chr2	74437571	74437731	DNA/hAT-Charlie	498	+	80	74437651	21680
chr2	74415971	74615971	harbor1	chr2	74494651	74494723	DNA/hAT-Charlie	779	+	36	74494687	78716
chr2	74415971	74615971	harbor1	chr2	74495020	74495123	DNA/hAT-Charlie	779	+	52	74495072	79101
chr2	26950296	27150296	harbor1	chr2	26997254	26997472	DNA/hAT-Charlie	1490	+	109	26997363	47067
chr2	26950296	27150296	harbor1	chr2	27037275	27037443	DNA/hAT-Charlie	514	+	84	27037359	87063
chr2	218378783	218578783	harbor1	chr2	218412553	218412728	DNA/hAT-Charlie	616	+	88	218412641	33858
chr2	56085032	56285032	harbor1	chr2	56107091	56107405	DNA/hAT-Charlie	1478	+	157	56107248	22216
chr2	56085032	56285032	harbor1	chr2	56112338	56112517	DNA/hAT-Charlie	904	+	90	56112428	27396
chr2	56085032	56285032	harbor1	chr2	56113157	56113340	DNA/hAT-Charlie	848	+	92	56113249	28217
chr2	56085032	56285032	harbor1	chr2	56115749	56115957	DNA/hAT-Charlie	512	+	104	56115853	30821
chr2	56085032	56285032	harbor1	chr2	56117881	56118061	DNA/hAT-Charlie	902	+	90	56117971	32939
chr2	56085032	56285032	harbor1	chr2	56120822	56120976	DNA/hAT-Charlie	469	+	77	56120899	35867
chr2	56085032	56285032	harbor1	chr2	56146915	56147130	DNA/hAT-Charlie	1583	+	108	56147023	61991
chr2	56085032	56285032	harbor1	chr2	56151074	56151204	DNA/hAT-Charlie	541	+	65	56151139	66107
chr2	56085032	56285032	harbor1	chr2	56176933	56177221	DNA/hAT-Charlie	1557	+	144	56177077	92045
chr2	56085032	56285032	harbor1	chr2	56177249	56177396	DNA/hAT-Charlie	593	+	74	56177323	92291
chr2	56085009	56285009	harbor1	chr2	56107091	56107405	DNA/hAT-Charlie	1478	+	157	56107248	22239
chr2	56085009	56285009	harbor1	chr2	56112338	56112517	DNA/hAT-Charlie	904	+	90	56112428	27419
chr2	56085009	56285009	harbor1	chr2	56113157	56113340	DNA/hAT-Charlie	848	+	92	56113249	28240
chr2	56085009	56285009	harbor1	chr2	56115749	56115957	DNA/hAT-Charlie	512	+	104	56115853	30844
chr2	56085009	56285009	harbor1	chr2	56117881	56118061	DNA/hAT-Charlie	902	+	90	56117971	32962
chr2	56085009	56285009	harbor1	chr2	56120822	56120976	DNA/hAT-Charlie	469	+	77	56120899	35890
chr2	56085009	56285009	harbor1	chr2	56146915	56147130	DNA/hAT-Charlie	1583	+	108	56147023	62014
chr2	56085009	56285009	harbor1	chr2	56151074	56151204	DNA/hAT-Charlie	541	+	65	56151139	66130
chr2	56085009	56285009	harbor1	chr2	56176933	56177221	DNA/hAT-Charlie	1557	+	144	56177077	92068
chr2	56085009	56285009	harbor1	chr2	56177249	56177396	DNA/hAT-Charlie	593	+	74	56177323	92314
chr2	6765980	6965980	harbor1	chr2	6776642	6776926	DNA/hAT-Charlie	1940	+	142	6776784	10804
chr2	6765980	6965980	harbor1	chr2	6795385	6795567	DNA/hAT-Charlie	653	+	91	6795476	29496
chr2	70771209	70971209	harbor1	chr2	70814395	70814541	DNA/hAT-Charlie	608	+	73	70814468	43259
chr2	70771209	70971209	harbor1	chr2	70814570	70814753	DNA/hAT-Charlie	572	+	92	70814662	43453
chr2	70771209	70971209	harbor1	chr2	70814764	70814941	DNA/hAT-Charlie	465	+	88	70814852	43643
chr2	70771209	70971209	harbor1	chr2	70817234	70817618	DNA/hAT-Charlie	943	+	192	70817426	46217
chr2	162739522	162939522	harbor1	chr2	162752289	162752617	DNA/hAT-Charlie	694	+	164	162752453	12931
chr2	26950239	27150239	harbor1	chr2	26997254	26997472	DNA/hAT-Charlie	1490	+	109	26997363	47124
chr2	26950239	27150239	harbor1	chr2	27037275	27037443	DNA/hAT-Charlie	514	+	84	27037359	87120
chr2	26144160	26344160	harbor1	chr2	26176844	26177109	DNA/hAT-Charlie	559	+	132	26176976	32816
chr2	26144160	26344160	harbor1	chr2	26195739	26195915	DNA/hAT-Charlie	842	+	88	26195827	51667
chr2	26154867	26354867	harbor1	chr2	26176844	26177109	DNA/hAT-Charlie	559	+	132	26176976	22109
chr2	26154867	26354867	harbor1	chr2	26195739	26195915	DNA/hAT-Charlie	842	+	88	26195827	40960
chr2	74270990	74470990	harbor1	chr2	74273001	74273129	DNA/hAT-Charlie	550	+	64	74273065	2075
chr2	74270990	74470990	harbor1	chr2	74283708	74283838	DNA/hAT-Charlie	686	+	65	74283773	12783
chr2	74270990	74470990	harbor1	chr2	74288046	74288293	DNA/hAT-Charlie	854	+	124	74288170	17180
chr2	74270990	74470990	harbor1	chr2	74304992	74305338	DNA/hAT-Charlie	780	+	173	74305165	34175
chr2	74270990	74470990	harbor1	chr2	74333065	74333283	DNA/hAT-Charlie	807	+	109	74333174	62184
chr2	74270990	74470990	harbor1	chr2	74360101	74360253	DNA/hAT-Charlie	536	+	76	74360177	89187
chr2	207668717	207868717	harbor1	chr2	207735519	207735583	DNA/hAT-Charlie	562	+	32	207735551	66834
chr2	207668717	207868717	harbor1	chr2	207735894	207736026	DNA/hAT-Charlie	562	+	66	207735960	67243
chr2	74415648	74615648	harbor1	chr2	74437571	74437731	DNA/hAT-Charlie	498	+	80	74437651	22003
chr2	74415648	74615648	harbor1	chr2	74494651	74494723	DNA/hAT-Charlie	779	+	36	74494687	79039
chr2	74415648	74615648	harbor1	chr2	74495020	74495123	DNA/hAT-Charlie	779	+	52	74495072	79424
chr2	46198509	46398509	harbor1	chr2	46199416	46199580	DNA/hAT-Charlie	934	+	82	46199498	989
chr2	46198509	46398509	harbor1	chr2	46199581	46199656	DNA/hAT-Charlie	472	+	38	46199619	1110
chr2	46198509	46398509	harbor1	chr2	46199955	46199986	DNA/hAT-Charlie	472	+	16	46199971	1462
chr2	46198509	46398509	harbor1	chr2	46218480	46218654	DNA/hAT-Charlie	818	+	87	46218567	20058
chr2	46198509	46398509	harbor1	chr2	46227485	46227668	DNA/hAT-Charlie	449	+	92	46227577	29068
chr2	46198509	46398509	harbor1	chr2	46268132	46268276	DNA/hAT-Charlie	487	+	72	46268204	69695
chr2	219458026	219658026	harbor1	chr2	219458323	219458561	DNA/hAT-Charlie	903	+	119	219458442	416
chr2	219458026	219658026	harbor1	chr2	219519544	219519726	DNA/hAT-Charlie	1013	+	91	219519635	61609
chr2	219077888	219277888	harbor1	chr2	219077830	219078031	DNA/hAT-Charlie	1087	+	100	219077930	42
chr2	219077888	219277888	harbor1	chr2	219078778	219079012	DNA/hAT-Charlie	754	+	117	219078895	1007
chr2	219077888	219277888	harbor1	chr2	219128104	219128369	DNA/hAT-Charlie	1310	+	132	219128236	50348
chr2	219078289	219278289	harbor1	chr2	219078778	219079012	DNA/hAT-Charlie	754	+	117	219078895	606
chr2	219078289	219278289	harbor1	chr2	219128104	219128369	DNA/hAT-Charlie	1310	+	132	219128236	49947
chr2	219077799	219277799	harbor1	chr2	219077830	219078031	DNA/hAT-Charlie	1087	+	100	219077930	131
chr2	219077799	219277799	harbor1	chr2	219078778	219079012	DNA/hAT-Charlie	754	+	117	219078895	1096
chr2	219077799	219277799	harbor1	chr2	219128104	219128369	DNA/hAT-Charlie	1310	+	132	219128236	50437
chr2	1483290	1683290	harbor1	chr2	1554476	1554715	DNA/hAT-Charlie	630	+	120	1554596	71306
chr2	1483290	1683290	harbor1	chr2	1576740	1576962	DNA/hAT-Charlie	1516	+	111	1576851	93561
chr2	53760159	53960159	harbor1	chr2	53770996	53771173	DNA/hAT-Charlie	697	+	88	53771084	10925
chr2	53760159	53960159	harbor1	chr2	53793360	53793549	DNA/hAT-Charlie	728	+	94	53793454	33295
chr2	70771799	70971799	harbor1	chr2	70814395	70814541	DNA/hAT-Charlie	608	+	73	70814468	42669
chr2	70771799	70971799	harbor1	chr2	70814570	70814753	DNA/hAT-Charlie	572	+	92	70814662	42863
chr2	70771799	70971799	harbor1	chr2	70814764	70814941	DNA/hAT-Charlie	465	+	88	70814852	43053
chr2	70771799	70971799	harbor1	chr2	70817234	70817618	DNA/hAT-Charlie	943	+	192	70817426	45627
chr2	72787395	72987395	harbor1	chr2	72802791	72802973	DNA/hAT-Charlie	1101	+	91	72802882	15487
chr2	240345243	240545243	harbor1	chr2	240403939	240404120	DNA/hAT-Charlie	607	+	90	240404029	58786
chr2	61788838	61988838	harbor1	chr2	61817022	61817546	DNA/hAT-Charlie	1443	+	262	61817284	28446
chr2	61788838	61988838	harbor1	chr2	61817558	61817684	DNA/hAT-Charlie	576	+	63	61817621	28783
chr2	61788838	61988838	harbor1	chr2	61832561	61832904	DNA/hAT-Charlie	1854	+	172	61832733	43895
chr2	61788838	61988838	harbor1	chr2	61865638	61865857	DNA/hAT-Charlie	1450	+	110	61865748	76910
chr2	219068715	219268715	harbor1	chr2	219077830	219078031	DNA/hAT-Charlie	1087	+	100	219077930	9215
chr2	219068715	219268715	harbor1	chr2	219078778	219079012	DNA/hAT-Charlie	754	+	117	219078895	10180
chr2	219068715	219268715	harbor1	chr2	219128104	219128369	DNA/hAT-Charlie	1310	+	132	219128236	59521
chr2	26834370	27034370	harbor1	chr2	26871061	26871236	DNA/hAT-Charlie	529	+	88	26871149	36779
chr2	26834370	27034370	harbor1	chr2	26873411	26873596	DNA/hAT-Charlie	1111	+	92	26873503	39133
chr2	26834370	27034370	harbor1	chr2	26873611	26873742	DNA/hAT-Charlie	624	+	66	26873677	39307
chr2	26834370	27034370	harbor1	chr2	26928995	26929219	DNA/hAT-Charlie	1769	+	112	26929107	94737
chr2	26834370	27034370	harbor1	chr2	26929532	26929666	DNA/hAT-Charlie	1769	+	67	26929599	95229
chr2	26834370	27034370	harbor1	chr2	26930360	26930534	DNA/hAT-Charlie	960	+	87	26930447	96077
chr2	26403814	26603814	harbor1	chr2	26492166	26492361	DNA/hAT-Charlie	994	+	98	26492264	88450
chr2	219075962	219275962	harbor1	chr2	219077830	219078031	DNA/hAT-Charlie	1087	+	100	219077930	1968
chr2	219075962	219275962	harbor1	chr2	219078778	219079012	DNA/hAT-Charlie	754	+	117	219078895	2933
chr2	219075962	219275962	harbor1	chr2	219128104	219128369	DNA/hAT-Charlie	1310	+	132	219128236	52274
chr2	120665083	120865083	harbor1	chr2	120709620	120709794	DNA/hAT-Charlie	784	+	87	120709707	44624
chr2	120665083	120865083	harbor1	chr2	120747520	120747715	DNA/hAT-Charlie	981	+	98	120747618	82535
chr2	152617607	152817607	harbor1	chr2	152663268	152663415	DNA/hAT-Charlie	863	+	74	152663342	45735
chr2	152617607	152817607	harbor1	chr2	152664820	152665107	DNA/hAT-Charlie	1556	+	144	152664964	47357
chr2	152617607	152817607	harbor1	chr2	152665170	152665358	DNA/hAT-Charlie	638	+	94	152665264	47657
chr2	152617607	152817607	harbor1	chr2	152667713	152667838	DNA/hAT-Charlie	581	+	62	152667775	50168
chr2	152617607	152817607	harbor1	chr2	152674101	152674309	DNA/hAT-Charlie	479	+	104	152674205	56598
chr2	152617607	152817607	harbor1	chr2	152682838	152683140	DNA/hAT-Charlie	1916	+	151	152682989	65382
chr2	152617607	152817607	harbor1	chr2	152699165	152699383	DNA/hAT-Charlie	1361	+	109	152699274	81667
chr2	217613937	217813937	harbor1	chr2	217630346	217630608	DNA/hAT-Charlie	612	+	131	217630477	16540
chr2	217613937	217813937	harbor1	chr2	217657890	217658034	DNA/hAT-Charlie	815	+	72	217657962	44025
chr2	217613937	217813937	harbor1	chr2	217664137	217664287	DNA/hAT-Charlie	500	+	75	217664212	50275
chr2	26939064	27139064	harbor1	chr2	26997254	26997472	DNA/hAT-Charlie	1490	+	109	26997363	58299
chr2	26939064	27139064	harbor1	chr2	27037275	27037443	DNA/hAT-Charlie	514	+	84	27037359	98295
chr2	43987388	44187388	harbor1	chr2	44074508	44074813	DNA/hAT-Charlie	1345	+	152	44074660	87272
chr2	43987388	44187388	harbor1	chr2	44080269	44080324	DNA/hAT-Charlie	512	+	28	44080297	92909
chr2	43987388	44187388	harbor1	chr2	44080622	44080647	DNA/hAT-Charlie	512	+	12	44080634	93246
chr2	43987388	44187388	harbor1	chr2	44080962	44081059	DNA/hAT-Charlie	512	+	48	44081010	93622
chr2	127928563	128128563	harbor1	chr2	127983181	127983298	DNA/hAT-Charlie	548	+	58	127983239	54676
chr2	127928563	128128563	harbor1	chr2	127983306	127983426	DNA/hAT-Charlie	746	+	60	127983366	54803
chr2	26950213	27150213	harbor1	chr2	26997254	26997472	DNA/hAT-Charlie	1490	+	109	26997363	47150
chr2	26950213	27150213	harbor1	chr2	27037275	27037443	DNA/hAT-Charlie	514	+	84	27037359	87146
chr2	26950376	27150376	harbor1	chr2	26997254	26997472	DNA/hAT-Charlie	1490	+	109	26997363	46987
chr2	26950376	27150376	harbor1	chr2	27037275	27037443	DNA/hAT-Charlie	514	+	84	27037359	86983
chr2	111955758	112155758	harbor1	chr2	112030785	112030816	DNA/hAT-Charlie	1106	+	16	112030801	75043
chr2	111955758	112155758	harbor1	chr2	112031111	112031587	DNA/hAT-Charlie	1106	+	238	112031349	75591
chr2	43055480	43255480	harbor1	chr2	43106680	43106854	DNA/hAT-Charlie	727	+	87	43106767	51287
chr2	43055480	43255480	harbor1	chr2	43108527	43108750	DNA/hAT-Charlie	1079	+	112	43108639	53159
chr2	43055480	43255480	harbor1	chr2	43122512	43122944	DNA/hAT-Charlie	1473	+	216	43122728	67248
chr2	32257033	32457033	harbor1	chr2	32270402	32270738	DNA/hAT-Charlie	1987	+	168	32270570	13537
chr2	32257033	32457033	harbor1	chr2	32304514	32304712	DNA/hAT-Charlie	1050	+	99	32304613	47580
chr2	32257033	32457033	harbor1	chr2	32317580	32317754	DNA/hAT-Charlie	742	+	87	32317667	60634
chr2	32257033	32457033	harbor1	chr2	32326246	32326283	DNA/hAT-Charlie	818	+	18	32326264	69231
chr2	32257033	32457033	harbor1	chr2	32326590	32326741	DNA/hAT-Charlie	818	+	76	32326666	69633
chr2	26950221	27150221	harbor1	chr2	26997254	26997472	DNA/hAT-Charlie	1490	+	109	26997363	47142
chr2	26950221	27150221	harbor1	chr2	27037275	27037443	DNA/hAT-Charlie	514	+	84	27037359	87138
chr2	147920606	148120606	harbor1	chr2	147937352	147937691	DNA/hAT-Charlie	1109	+	170	147937522	16916
chr2	147920606	148120606	harbor1	chr2	147988100	147988328	DNA/hAT-Charlie	584	+	114	147988214	67608
chr2	147920606	148120606	harbor1	chr2	147988711	147989029	DNA/hAT-Charlie	684	+	159	147988870	68264
chr2	147920606	148120606	harbor1	chr2	147989386	147989423	DNA/hAT-Charlie	684	+	18	147989404	68798
chr2	60966467	61166467	harbor1	chr2	61002079	61002239	DNA/hAT-Charlie	615	+	80	61002159	35692
chr2	60966467	61166467	harbor1	chr2	61042008	61042918	DNA/hAT-Charlie	3400	+	455	61042463	75996
chr2	60966467	61166467	harbor1	chr2	61043375	61043944	DNA/hAT-Charlie	2573	+	284	61043659	77192
chr2	60966467	61166467	harbor1	chr2	61044690	61045497	DNA/hAT-Charlie	3418	+	404	61045094	78627
chr2	219458042	219658042	harbor1	chr2	219458323	219458561	DNA/hAT-Charlie	903	+	119	219458442	400
chr2	219458042	219658042	harbor1	chr2	219519544	219519726	DNA/hAT-Charlie	1013	+	91	219519635	61593
chr2	152618027	152818027	harbor1	chr2	152663268	152663415	DNA/hAT-Charlie	863	+	74	152663342	45315
chr2	152618027	152818027	harbor1	chr2	152664820	152665107	DNA/hAT-Charlie	1556	+	144	152664964	46937
chr2	152618027	152818027	harbor1	chr2	152665170	152665358	DNA/hAT-Charlie	638	+	94	152665264	47237
chr2	152618027	152818027	harbor1	chr2	152667713	152667838	DNA/hAT-Charlie	581	+	62	152667775	49748
chr2	152618027	152818027	harbor1	chr2	152674101	152674309	DNA/hAT-Charlie	479	+	104	152674205	56178
chr2	152618027	152818027	harbor1	chr2	152682838	152683140	DNA/hAT-Charlie	1916	+	151	152682989	64962
chr2	152618027	152818027	harbor1	chr2	152699165	152699383	DNA/hAT-Charlie	1361	+	109	152699274	81247
chr2	113484139	113684139	harbor1	chr2	113512986	113513219	DNA/hAT-Charlie	627	+	116	113513102	28963
chr2	113484139	113684139	harbor1	chr2	113516723	113516803	DNA/hAT-Charlie	1034	+	40	113516763	32624
chr2	113484139	113684139	harbor1	chr2	113517074	113517234	DNA/hAT-Charlie	1034	+	80	113517154	33015
chr2	113484139	113684139	harbor1	chr2	113523848	113524027	DNA/hAT-Charlie	852	+	90	113523938	39799
chr2	113484139	113684139	harbor1	chr2	113524375	113524516	DNA/hAT-Charlie	625	+	70	113524445	40306
chr2	113484139	113684139	harbor1	chr2	113524868	113525145	DNA/hAT-Charlie	584	+	138	113525006	40867
chr2	113484139	113684139	harbor1	chr2	113537458	113537650	DNA/hAT-Charlie	595	+	96	113537554	53415
chr2	113484139	113684139	harbor1	chr2	113538181	113538335	DNA/hAT-Charlie	469	+	77	113538258	54119
chr2	113484139	113684139	harbor1	chr2	113548013	113548217	DNA/hAT-Charlie	1103	+	102	113548115	63976
chr2	113484029	113684029	harbor1	chr2	113512986	113513219	DNA/hAT-Charlie	627	+	116	113513102	29073
chr2	113484029	113684029	harbor1	chr2	113516723	113516803	DNA/hAT-Charlie	1034	+	40	113516763	32734
chr2	113484029	113684029	harbor1	chr2	113517074	113517234	DNA/hAT-Charlie	1034	+	80	113517154	33125
chr2	113484029	113684029	harbor1	chr2	113523848	113524027	DNA/hAT-Charlie	852	+	90	113523938	39909
chr2	113484029	113684029	harbor1	chr2	113524375	113524516	DNA/hAT-Charlie	625	+	70	113524445	40416
chr2	113484029	113684029	harbor1	chr2	113524868	113525145	DNA/hAT-Charlie	584	+	138	113525006	40977
chr2	113484029	113684029	harbor1	chr2	113537458	113537650	DNA/hAT-Charlie	595	+	96	113537554	53525
chr2	113484029	113684029	harbor1	chr2	113538181	113538335	DNA/hAT-Charlie	469	+	77	113538258	54229
chr2	113484029	113684029	harbor1	chr2	113548013	113548217	DNA/hAT-Charlie	1103	+	102	113548115	64086
chr2	95817646	96017646	harbor1	chr2	95852343	95852526	DNA/hAT-Charlie	872	+	92	95852435	34789
chr2	95817646	96017646	harbor1	chr2	95864670	95864817	DNA/hAT-Charlie	618	+	74	95864744	47098
chr2	95817646	96017646	harbor1	chr2	95895237	95895328	DNA/hAT-Charlie	456	+	46	95895283	77637
chr2	95817646	96017646	harbor1	chr2	95900853	95900944	DNA/hAT-Charlie	456	+	46	95900899	83253
chr2	95817646	96017646	harbor1	chr2	95906469	95906560	DNA/hAT-Charlie	456	+	46	95906515	88869
chr2	219076192	219276192	harbor1	chr2	219077830	219078031	DNA/hAT-Charlie	1087	+	100	219077930	1738
chr2	219076192	219276192	harbor1	chr2	219078778	219079012	DNA/hAT-Charlie	754	+	117	219078895	2703
chr2	219076192	219276192	harbor1	chr2	219128104	219128369	DNA/hAT-Charlie	1310	+	132	219128236	52044
chr2	219384924	219584924	harbor1	chr2	219391691	219391833	DNA/hAT-Charlie	770	+	71	219391762	6838
chr2	219384924	219584924	harbor1	chr2	219401108	219401353	DNA/hAT-Charlie	988	+	122	219401230	16306
chr2	219384924	219584924	harbor1	chr2	219401658	219401744	DNA/hAT-Charlie	988	+	43	219401701	16777
chr2	219384924	219584924	harbor1	chr2	219455330	219455526	DNA/hAT-Charlie	913	+	98	219455428	70504
chr2	219384924	219584924	harbor1	chr2	219458323	219458561	DNA/hAT-Charlie	903	+	119	219458442	73518
chr2	42000972	42200972	harbor1	chr2	42056550	42056617	DNA/hAT-Charlie	499	+	34	42056584	55612
chr2	42000972	42200972	harbor1	chr2	42056782	42056852	DNA/hAT-Charlie	499	+	35	42056817	55845
chr2	42000972	42200972	harbor1	chr2	42062628	42062871	DNA/hAT-Charlie	985	+	122	42062750	61778
chr2	42000972	42200972	harbor1	chr2	42091119	42091351	DNA/hAT-Charlie	1062	+	116	42091235	90263
chr2	42000972	42200972	harbor1	chr2	42093210	42093379	DNA/hAT-Charlie	557	+	84	42093294	92322
chr2	42069414	42269414	harbor1	chr2	42091119	42091351	DNA/hAT-Charlie	1062	+	116	42091235	21821
chr2	42069414	42269414	harbor1	chr2	42093210	42093379	DNA/hAT-Charlie	557	+	84	42093294	23880
chr2	42069414	42269414	harbor1	chr2	42133844	42133991	DNA/hAT-Charlie	535	+	74	42133918	64504
chr2	42069414	42269414	harbor1	chr2	42134308	42134347	DNA/hAT-Charlie	535	+	20	42134328	64914
chr2	111023174	111223174	harbor1	chr2	111032192	111032402	DNA/hAT-Charlie	1029	+	105	111032297	9123
chr2	219078192	219278192	harbor1	chr2	219078778	219079012	DNA/hAT-Charlie	754	+	117	219078895	703
chr2	219078192	219278192	harbor1	chr2	219128104	219128369	DNA/hAT-Charlie	1310	+	132	219128236	50044
chr2	134566253	134766253	harbor1	chr2	134573380	134573589	DNA/hAT-Charlie	1005	+	104	134573484	7231
chr2	134566253	134766253	harbor1	chr2	134645339	134645473	DNA/hAT-Charlie	805	+	67	134645406	79153
chr2	158868018	159068018	harbor1	chr2	158901178	158901384	DNA/hAT-Charlie	630	+	103	158901281	33263
chr2	96174902	96374902	harbor1	chr2	96206940	96207168	DNA/hAT-Charlie	559	+	114	96207054	32152
chr2	96174902	96374902	harbor1	chr2	96272019	96272194	DNA/hAT-Charlie	523	+	88	96272107	97205
chr2	96174902	96374902	harbor1	chr2	96272481	96272534	DNA/hAT-Charlie	1305	+	26	96272507	97605
chr2	96174902	96374902	harbor1	chr2	96272826	96273148	DNA/hAT-Charlie	1305	+	161	96272987	98085
chr2	96174902	96374902	harbor1	chr2	96273150	96273382	DNA/hAT-Charlie	1607	+	116	96273266	98364
chr2	96174902	96374902	harbor1	chr2	96273687	96273926	DNA/hAT-Charlie	1607	+	120	96273807	98905
chr2	96174902	96374902	harbor1	chr2	96274058	96274242	DNA/hAT-Charlie	1607	+	92	96274150	99248
chr2	113484027	113684027	harbor1	chr2	113512986	113513219	DNA/hAT-Charlie	627	+	116	113513102	29075
chr2	113484027	113684027	harbor1	chr2	113516723	113516803	DNA/hAT-Charlie	1034	+	40	113516763	32736
chr2	113484027	113684027	harbor1	chr2	113517074	113517234	DNA/hAT-Charlie	1034	+	80	113517154	33127
chr2	113484027	113684027	harbor1	chr2	113523848	113524027	DNA/hAT-Charlie	852	+	90	113523938	39911
chr2	113484027	113684027	harbor1	chr2	113524375	113524516	DNA/hAT-Charlie	625	+	70	113524445	40418
chr2	113484027	113684027	harbor1	chr2	113524868	113525145	DNA/hAT-Charlie	584	+	138	113525006	40979
chr2	113484027	113684027	harbor1	chr2	113537458	113537650	DNA/hAT-Charlie	595	+	96	113537554	53527
chr2	113484027	113684027	harbor1	chr2	113538181	113538335	DNA/hAT-Charlie	469	+	77	113538258	54231
chr2	113484027	113684027	harbor1	chr2	113548013	113548217	DNA/hAT-Charlie	1103	+	102	113548115	64088
chr2	72971175	73171175	harbor1	chr2	72973329	72973543	DNA/hAT-Charlie	964	+	107	72973436	2261
chr2	72971175	73171175	harbor1	chr2	73033791	73034006	DNA/hAT-Charlie	1066	+	108	73033899	62724
chr2	26950215	27150215	harbor1	chr2	26997254	26997472	DNA/hAT-Charlie	1490	+	109	26997363	47148
chr2	26950215	27150215	harbor1	chr2	27037275	27037443	DNA/hAT-Charlie	514	+	84	27037359	87144
chr2	152618247	152818247	harbor1	chr2	152663268	152663415	DNA/hAT-Charlie	863	+	74	152663342	45095
chr2	152618247	152818247	harbor1	chr2	152664820	152665107	DNA/hAT-Charlie	1556	+	144	152664964	46717
chr2	152618247	152818247	harbor1	chr2	152665170	152665358	DNA/hAT-Charlie	638	+	94	152665264	47017
chr2	152618247	152818247	harbor1	chr2	152667713	152667838	DNA/hAT-Charlie	581	+	62	152667775	49528
chr2	152618247	152818247	harbor1	chr2	152674101	152674309	DNA/hAT-Charlie	479	+	104	152674205	55958
chr2	152618247	152818247	harbor1	chr2	152682838	152683140	DNA/hAT-Charlie	1916	+	151	152682989	64742
chr2	152618247	152818247	harbor1	chr2	152699165	152699383	DNA/hAT-Charlie	1361	+	109	152699274	81027
chr2	61276617	61476617	harbor1	chr2	61344792	61344943	DNA/hAT-Charlie	671	+	76	61344868	68251
chr2	61276617	61476617	harbor1	chr2	61347190	61347370	DNA/hAT-Charlie	581	+	90	61347280	70663
chr2	218223831	218423831	harbor1	chr2	218317227	218317360	DNA/hAT-Charlie	460	+	66	218317293	93462
chr2	96108492	96308492	harbor1	chr2	96120846	96121042	DNA/hAT-Charlie	724	+	98	96120944	12452
chr2	96108492	96308492	harbor1	chr2	96206940	96207168	DNA/hAT-Charlie	559	+	114	96207054	98562
chr2	111955737	112155737	harbor1	chr2	112030785	112030816	DNA/hAT-Charlie	1106	+	16	112030801	75064
chr2	111955737	112155737	harbor1	chr2	112031111	112031587	DNA/hAT-Charlie	1106	+	238	112031349	75612
chr3	107991301	108191301	harbor1	chr3	108027029	108027151	DNA/hAT-Charlie	470	+	61	108027090	35789
chr3	107991372	108191372	harbor1	chr3	108027029	108027151	DNA/hAT-Charlie	470	+	61	108027090	35718
chr3	107991276	108191276	harbor1	chr3	108027029	108027151	DNA/hAT-Charlie	470	+	61	108027090	35814
chr3	46799606	46999606	harbor1	chr3	46811515	46811610	DNA/hAT-Charlie	429	+	48	46811563	11957
chr3	46799606	46999606	harbor1	chr3	46817241	46818336	DNA/hAT-Charlie	4866	+	548	46817789	18183
chr3	178972064	179172064	harbor1	chr3	178982823	178982988	DNA/hAT-Charlie	467	+	82	178982905	10841
chr3	178972064	179172064	harbor1	chr3	179068740	179069055	DNA/hAT-Charlie	823	+	158	179068898	96834
chr3	32470680	32670680	harbor1	chr3	32512206	32512851	DNA/hAT-Charlie	4044	+	322	32512528	41848
chr3	32470680	32670680	harbor1	chr3	32512879	32513176	DNA/hAT-Charlie	4044	+	148	32513027	42347
chr3	32470680	32670680	harbor1	chr3	32513487	32514013	DNA/hAT-Charlie	4044	+	263	32513750	43070
chr3	32470680	32670680	harbor1	chr3	32530685	32530879	DNA/hAT-Charlie	1013	+	97	32530782	60102
chr3	32470680	32670680	harbor1	chr3	32548131	32548464	DNA/hAT-Charlie	1885	+	166	32548297	77617
chr3	32470680	32670680	harbor1	chr3	32564352	32564571	DNA/hAT-Charlie	1241	+	110	32564462	93782
chr3	11190614	11390614	harbor1	chr3	11196763	11196829	DNA/hAT-Charlie	683	+	33	11196796	6182
chr3	11190614	11390614	harbor1	chr3	11197141	11197237	DNA/hAT-Charlie	683	+	48	11197189	6575
chr3	11190614	11390614	harbor1	chr3	11228183	11228237	DNA/hAT-Charlie	679	+	27	11228210	37596
chr3	11190614	11390614	harbor1	chr3	11228389	11228532	DNA/hAT-Charlie	679	+	72	11228461	37847
chr3	11190614	11390614	harbor1	chr3	11229482	11229822	DNA/hAT-Charlie	596	+	170	11229652	39038
chr3	11190614	11390614	harbor1	chr3	11230533	11230687	DNA/hAT-Charlie	813	+	77	11230610	39996
chr3	11190614	11390614	harbor1	chr3	11240235	11240540	DNA/hAT-Charlie	550	+	152	11240387	49773
chr3	11190614	11390614	harbor1	chr3	11244862	11245064	DNA/hAT-Charlie	932	+	101	11244963	54349
chr3	11190614	11390614	harbor1	chr3	11279163	11279315	DNA/hAT-Charlie	418	+	76	11279239	88625
chr3	11190614	11390614	harbor1	chr3	11287923	11288119	DNA/hAT-Charlie	869	+	98	11288021	97407
chr3	107991344	108191344	harbor1	chr3	108027029	108027151	DNA/hAT-Charlie	470	+	61	108027090	35746
chr3	50286308	50486308	harbor1	chr3	50376995	50377299	DNA/hAT-Charlie	1364	+	152	50377147	90839
chr3	50286308	50486308	harbor1	chr3	50382542	50382688	DNA/hAT-Charlie	429	+	73	50382615	96307
chr3	4697391	4897391	harbor1	chr3	4736890	4737207	DNA/hAT-Charlie	730	+	158	4737048	39657
chr3	4697391	4897391	harbor1	chr3	4744438	4744657	DNA/hAT-Charlie	801	+	110	4744548	47157
chr3	107991369	108191369	harbor1	chr3	108027029	108027151	DNA/hAT-Charlie	470	+	61	108027090	35721
chr3	127490205	127690205	harbor1	chr3	127500397	127500717	DNA/hAT-Charlie	1477	+	160	127500557	10352
chr3	127490205	127690205	harbor1	chr3	127500716	127500873	DNA/hAT-Charlie	587	+	78	127500794	10589
chr3	51884539	52084539	harbor1	chr3	51884150	51884545	DNA/hAT-Charlie	10724	+	198	51884348	191
chr3	49577958	49777958	harbor1	chr3	49624633	49624744	DNA/hAT-Charlie	386	+	56	49624689	46731
chr3	140272103	140472103	harbor1	chr3	140280883	140281034	DNA/hAT-Charlie	396	+	76	140280959	8856
chr3	140272103	140472103	harbor1	chr3	140285128	140285299	DNA/hAT-Charlie	556	+	86	140285214	13111
chr3	140272103	140472103	harbor1	chr3	140339477	140339594	DNA/hAT-Charlie	419	+	58	140339535	67432
chr3	140272103	140472103	harbor1	chr3	140347845	140347987	DNA/hAT-Charlie	391	+	71	140347916	75813
chr3	49583906	49783906	harbor1	chr3	49624633	49624744	DNA/hAT-Charlie	386	+	56	49624689	40783
chr3	143020785	143220785	harbor1	chr3	143031900	143032071	DNA/hAT-Charlie	791	+	86	143031986	11201
chr3	143020785	143220785	harbor1	chr3	143032371	143032399	DNA/hAT-Charlie	791	+	14	143032385	11600
chr3	143020785	143220785	harbor1	chr3	143052541	143052732	DNA/hAT-Charlie	814	+	96	143052637	31852
chr3	143020785	143220785	harbor1	chr3	143066075	143066235	DNA/hAT-Charlie	469	+	80	143066155	45370
chr3	143020785	143220785	harbor1	chr3	143075300	143075373	DNA/hAT-Charlie	861	+	36	143075336	54551
chr3	143020785	143220785	harbor1	chr3	143075677	143075797	DNA/hAT-Charlie	861	+	60	143075737	54952
chr3	143020785	143220785	harbor1	chr3	143082292	143082490	DNA/hAT-Charlie	754	+	99	143082391	61606
chr3	143020785	143220785	harbor1	chr3	143093167	143093362	DNA/hAT-Charlie	581	+	98	143093265	72480
chr3	143020785	143220785	harbor1	chr3	143093806	143094099	DNA/hAT-Charlie	1766	+	146	143093952	73167
chr3	143020785	143220785	harbor1	chr3	143098769	143099100	DNA/hAT-Charlie	518	+	166	143098935	78150
chr3	107991302	108191302	harbor1	chr3	108027029	108027151	DNA/hAT-Charlie	470	+	61	108027090	35788
chr3	50288201	50488201	harbor1	chr3	50376995	50377299	DNA/hAT-Charlie	1364	+	152	50377147	88946
chr3	50288201	50488201	harbor1	chr3	50382542	50382688	DNA/hAT-Charlie	429	+	73	50382615	94414
chr3	197859562	198059562	harbor1	chr3	197874139	197874677	DNA/hAT-Charlie	3833	+	269	197874408	14846
chr3	197859562	198059562	harbor1	chr3	197874787	197874923	DNA/hAT-Charlie	796	+	68	197874855	15293
chr3	197859562	198059562	harbor1	chr3	197875229	197875301	DNA/hAT-Charlie	796	+	36	197875265	15703
chr3	197859562	198059562	harbor1	chr3	197895176	197895266	DNA/hAT-Charlie	514	+	45	197895221	35659
chr3	197859562	198059562	harbor1	chr3	197895566	197895690	DNA/hAT-Charlie	514	+	62	197895628	36066
chr3	197859562	198059562	harbor1	chr3	197895994	197896020	DNA/hAT-Charlie	514	+	13	197896007	36445
chr3	107991335	108191335	harbor1	chr3	108027029	108027151	DNA/hAT-Charlie	470	+	61	108027090	35755
chr3	7485739	7685739	harbor1	chr3	7510665	7510970	DNA/hAT-Charlie	1446	+	152	7510817	25078
chr3	7485739	7685739	harbor1	chr3	7547531	7547698	DNA/hAT-Charlie	486	+	84	7547615	61876
chr3	7485739	7685739	harbor1	chr3	7560500	7560654	DNA/hAT-Charlie	661	+	77	7560577	74838
chr3	7485739	7685739	harbor1	chr3	7572218	7572395	DNA/hAT-Charlie	433	+	88	7572306	86567
chr3	7485739	7685739	harbor1	chr3	7577220	7577374	DNA/hAT-Charlie	599	+	77	7577297	91558
chr3	43898752	44098752	harbor1	chr3	43968607	43968763	DNA/hAT-Charlie	552	+	78	43968685	69933
chr3	43898752	44098752	harbor1	chr3	43970084	43970292	DNA/hAT-Charlie	1156	+	104	43970188	71436
chr3	50284721	50484721	harbor1	chr3	50376995	50377299	DNA/hAT-Charlie	1364	+	152	50377147	92426
chr3	50284721	50484721	harbor1	chr3	50382542	50382688	DNA/hAT-Charlie	429	+	73	50382615	97894
chr3	126256980	126456980	harbor1	chr3	126269394	126269570	DNA/hAT-Charlie	601	+	88	126269482	12502
chr3	126256980	126456980	harbor1	chr3	126269884	126270019	DNA/hAT-Charlie	447	+	68	126269952	12972
chr3	126256980	126456980	harbor1	chr3	126307649	126307842	DNA/hAT-Charlie	454	+	96	126307745	50765
chr3	126256980	126456980	harbor1	chr3	126313911	126314103	DNA/hAT-Charlie	890	+	96	126314007	57027
chr3	126256980	126456980	harbor1	chr3	126315982	126316167	DNA/hAT-Charlie	705	+	92	126316074	59094
chr3	49589474	49789474	harbor1	chr3	49624633	49624744	DNA/hAT-Charlie	386	+	56	49624689	35215
chr3	184086431	184286431	harbor1	chr3	184126432	184126590	DNA/hAT-Charlie	825	+	79	184126511	40080
chr3	107991385	108191385	harbor1	chr3	108027029	108027151	DNA/hAT-Charlie	470	+	61	108027090	35705
chr3	184086603	184286603	harbor1	chr3	184126432	184126590	DNA/hAT-Charlie	825	+	79	184126511	39908
chr3	127572813	127772813	harbor1	chr3	127612019	127612220	DNA/hAT-Charlie	447	+	100	127612119	39306
chr3	127572813	127772813	harbor1	chr3	127635600	127635772	DNA/hAT-Charlie	757	+	86	127635686	62873
chr3	183820276	184020276	harbor1	chr3	183865397	183865733	DNA/hAT-Charlie	2132	+	168	183865565	45289
chr3	183820276	184020276	harbor1	chr3	183878483	183878654	DNA/hAT-Charlie	664	+	86	183878569	58293
chr3	183820276	184020276	harbor1	chr3	183878829	183878954	DNA/hAT-Charlie	553	+	62	183878891	58615
chr3	183820276	184020276	harbor1	chr3	183903360	183903538	DNA/hAT-Charlie	982	+	89	183903449	83173
chr3	183820276	184020276	harbor1	chr3	183919069	183919200	DNA/hAT-Charlie	490	+	66	183919135	98859
chr3	107991358	108191358	harbor1	chr3	108027029	108027151	DNA/hAT-Charlie	470	+	61	108027090	35732
chr3	156989221	157189221	harbor1	chr3	157051065	157051153	DNA/hAT-Charlie	413	+	44	157051109	61888
chr3	156989221	157189221	harbor1	chr3	157068079	157068307	DNA/hAT-Charlie	993	+	114	157068193	78972
chr3	156989221	157189221	harbor1	chr3	157078248	157078443	DNA/hAT-Charlie	763	+	98	157078346	89125
chr3	107991326	108191326	harbor1	chr3	108027029	108027151	DNA/hAT-Charlie	470	+	61	108027090	35764
chr3	126257099	126457099	harbor1	chr3	126269394	126269570	DNA/hAT-Charlie	601	+	88	126269482	12383
chr3	126257099	126457099	harbor1	chr3	126269884	126270019	DNA/hAT-Charlie	447	+	68	126269952	12853
chr3	126257099	126457099	harbor1	chr3	126307649	126307842	DNA/hAT-Charlie	454	+	96	126307745	50646
chr3	126257099	126457099	harbor1	chr3	126313911	126314103	DNA/hAT-Charlie	890	+	96	126314007	56908
chr3	126257099	126457099	harbor1	chr3	126315982	126316167	DNA/hAT-Charlie	705	+	92	126316074	58975
chr3	107991288	108191288	harbor1	chr3	108027029	108027151	DNA/hAT-Charlie	470	+	61	108027090	35802
chr3	107991382	108191382	harbor1	chr3	108027029	108027151	DNA/hAT-Charlie	470	+	61	108027090	35708
chr3	107991314	108191314	harbor1	chr3	108027029	108027151	DNA/hAT-Charlie	470	+	61	108027090	35776
chr3	107991379	108191379	harbor1	chr3	108027029	108027151	DNA/hAT-Charlie	470	+	61	108027090	35711
chr3	23710865	23910865	harbor1	chr3	23731814	23731989	DNA/hAT-Charlie	942	+	88	23731902	21037
chr3	23710865	23910865	harbor1	chr3	23732297	23732339	DNA/hAT-Charlie	942	+	21	23732318	21453
chr3	23710865	23910865	harbor1	chr3	23751806	23752117	DNA/hAT-Charlie	874	+	156	23751962	41097
chr3	50288197	50488197	harbor1	chr3	50376995	50377299	DNA/hAT-Charlie	1364	+	152	50377147	88950
chr3	50288197	50488197	harbor1	chr3	50382542	50382688	DNA/hAT-Charlie	429	+	73	50382615	94418
chr3	4658451	4858451	harbor1	chr3	4665888	4666095	DNA/hAT-Charlie	1065	+	104	4665992	7541
chr3	4658451	4858451	harbor1	chr3	4687083	4687178	DNA/hAT-Charlie	445	+	48	4687131	28680
chr3	4658451	4858451	harbor1	chr3	4687177	4687276	DNA/hAT-Charlie	501	+	50	4687227	28776
chr3	4658451	4858451	harbor1	chr3	4736890	4737207	DNA/hAT-Charlie	730	+	158	4737048	78597
chr3	4658451	4858451	harbor1	chr3	4744438	4744657	DNA/hAT-Charlie	801	+	110	4744548	86097
chr3	107991341	108191341	harbor1	chr3	108027029	108027151	DNA/hAT-Charlie	470	+	61	108027090	35749
chr3	107991400	108191400	harbor1	chr3	108027029	108027151	DNA/hAT-Charlie	470	+	61	108027090	35690
chr3	4725656	4925656	harbor1	chr3	4736890	4737207	DNA/hAT-Charlie	730	+	158	4737048	11392
chr3	4725656	4925656	harbor1	chr3	4744438	4744657	DNA/hAT-Charlie	801	+	110	4744548	18892
chr3	4725656	4925656	harbor1	chr3	4802082	4802301	DNA/hAT-Charlie	681	+	110	4802192	76536
chr3	129021178	129221178	harbor1	chr3	129021003	129021430	DNA/hAT-Charlie	1179	+	214	129021217	39
chr3	129021178	129221178	harbor1	chr3	129021764	129021998	DNA/hAT-Charlie	525	+	117	129021881	703
chr3	129021178	129221178	harbor1	chr3	129022929	129023080	DNA/hAT-Charlie	462	+	76	129023005	1827
chr3	129021178	129221178	harbor1	chr3	129067150	129067474	DNA/hAT-Charlie	911	+	162	129067312	46134
chr3	129021178	129221178	harbor1	chr3	129068911	129069105	DNA/hAT-Charlie	567	+	97	129069008	47830
chr3	129021178	129221178	harbor1	chr3	129094065	129094232	DNA/hAT-Charlie	711	+	84	129094149	72971
chr3	107991325	108191325	harbor1	chr3	108027029	108027151	DNA/hAT-Charlie	470	+	61	108027090	35765
chr3	47534446	47734446	harbor1	chr3	47611297	47611570	DNA/hAT-Charlie	790	+	136	47611433	76987
chr3	184216377	184416377	harbor1	chr3	184217898	184218219	DNA/hAT-Charlie	1692	+	160	184218058	1681
chr3	52830611	53030611	harbor1	chr3	52890401	52890615	DNA/hAT-Charlie	1293	+	107	52890508	59897
chr3	52830611	53030611	harbor1	chr3	52909486	52909648	DNA/hAT-Charlie	703	+	81	52909567	78956
chr3	52830611	53030611	harbor1	chr3	52910399	52910491	DNA/hAT-Charlie	792	+	46	52910445	79834
chr3	52830611	53030611	harbor1	chr3	52910789	52910911	DNA/hAT-Charlie	792	+	61	52910850	80239
chr3	52830611	53030611	harbor1	chr3	52911512	52911691	DNA/hAT-Charlie	1034	+	90	52911602	80991
chr3	52830611	53030611	harbor1	chr3	52912000	52912125	DNA/hAT-Charlie	1034	+	62	52912062	81451
chr3	52830611	53030611	harbor1	chr3	52917562	52917883	DNA/hAT-Charlie	2386	+	160	52917722	87111
chr3	128328776	128528776	harbor1	chr3	128348370	128348786	DNA/hAT-Charlie	743	+	208	128348578	19802
chr3	128328776	128528776	harbor1	chr3	128426853	128427098	DNA/hAT-Charlie	642	+	122	128426975	98199
chr3	123544722	123744722	harbor1	chr3	123557104	123557387	DNA/hAT-Charlie	1933	+	142	123557246	12524
chr3	123544722	123744722	harbor1	chr3	123610161	123610289	DNA/hAT-Charlie	713	+	64	123610225	65503
chr3	50401005	50601005	harbor1	chr3	50428096	50428301	DNA/hAT-Charlie	1009	+	102	50428198	27193
chr3	107991338	108191338	harbor1	chr3	108027029	108027151	DNA/hAT-Charlie	470	+	61	108027090	35752
chr3	107990780	108190780	harbor1	chr3	108027029	108027151	DNA/hAT-Charlie	470	+	61	108027090	36310
chr3	107991316	108191316	harbor1	chr3	108027029	108027151	DNA/hAT-Charlie	470	+	61	108027090	35774
chr3	123544636	123744636	harbor1	chr3	123557104	123557387	DNA/hAT-Charlie	1933	+	142	123557246	12610
chr3	123544636	123744636	harbor1	chr3	123610161	123610289	DNA/hAT-Charlie	713	+	64	123610225	65589
chr3	156575295	156775295	harbor1	chr3	156629043	156629213	DNA/hAT-Charlie	662	+	85	156629128	53833
chr3	156575295	156775295	harbor1	chr3	156629222	156629409	DNA/hAT-Charlie	939	+	94	156629316	54021
chr3	156575295	156775295	harbor1	chr3	156641860	156641881	DNA/hAT-Charlie	745	+	10	156641870	66575
chr3	156575295	156775295	harbor1	chr3	156642204	156642444	DNA/hAT-Charlie	745	+	120	156642324	67029
chr3	156575295	156775295	harbor1	chr3	156653654	156653840	DNA/hAT-Charlie	553	+	93	156653747	78452
chr3	156575295	156775295	harbor1	chr3	156614602	156614732	DNA/hAT-Charlie	462	+	65	156614667	39372
chr3	107991343	108191343	harbor1	chr3	108027029	108027151	DNA/hAT-Charlie	470	+	61	108027090	35747
chr3	126928935	127128935	harbor1	chr3	126936351	126936556	DNA/hAT-Charlie	1049	+	102	126936453	7518
chr3	126928935	127128935	harbor1	chr3	126936855	126936933	DNA/hAT-Charlie	1049	+	39	126936894	7959
chr3	156989282	157189282	harbor1	chr3	157051065	157051153	DNA/hAT-Charlie	413	+	44	157051109	61827
chr3	156989282	157189282	harbor1	chr3	157068079	157068307	DNA/hAT-Charlie	993	+	114	157068193	78911
chr3	156989282	157189282	harbor1	chr3	157078248	157078443	DNA/hAT-Charlie	763	+	98	157078346	89064
chr3	107991392	108191392	harbor1	chr3	108027029	108027151	DNA/hAT-Charlie	470	+	61	108027090	35698
chr3	128328718	128528718	harbor1	chr3	128348370	128348786	DNA/hAT-Charlie	743	+	208	128348578	19860
chr3	128328718	128528718	harbor1	chr3	128426853	128427098	DNA/hAT-Charlie	642	+	122	128426975	98257
chr3	193971532	194171532	harbor1	chr3	193971663	193971774	DNA/hAT-Charlie	414	+	56	193971719	187
chr3	193971532	194171532	harbor1	chr3	193972541	193972694	DNA/hAT-Charlie	652	+	76	193972617	1085
chr3	193971532	194171532	harbor1	chr3	193985077	193985235	DNA/hAT-Charlie	431	+	79	193985156	13624
chr3	193971532	194171532	harbor1	chr3	193991785	193991874	DNA/hAT-Charlie	472	+	44	193991829	20297
chr3	193971532	194171532	harbor1	chr3	194035269	194035428	DNA/hAT-Charlie	813	+	80	194035349	63817
chr3	47681953	47881953	harbor1	chr3	47724469	47724686	DNA/hAT-Charlie	1250	+	108	47724577	42624
chr3	47681953	47881953	harbor1	chr3	47756625	47756828	DNA/hAT-Charlie	661	+	102	47756727	74774
chr3	47681953	47881953	harbor1	chr3	47758545	47758691	DNA/hAT-Charlie	469	+	73	47758618	76665
chr3	107991320	108191320	harbor1	chr3	108027029	108027151	DNA/hAT-Charlie	470	+	61	108027090	35770
chr3	107991374	108191374	harbor1	chr3	108027029	108027151	DNA/hAT-Charlie	470	+	61	108027090	35716
chr3	127490203	127690203	harbor1	chr3	127500397	127500717	DNA/hAT-Charlie	1477	+	160	127500557	10354
chr3	127490203	127690203	harbor1	chr3	127500716	127500873	DNA/hAT-Charlie	587	+	78	127500794	10591
chr3	12958856	13158856	harbor1	chr3	12970952	12971133	DNA/hAT-Charlie	818	+	90	12971042	12186
chr3	12958856	13158856	harbor1	chr3	13004931	13005144	DNA/hAT-Charlie	440	+	106	13005037	46181
chr3	12958856	13158856	harbor1	chr3	13005608	13005729	DNA/hAT-Charlie	489	+	60	13005668	46812
chr3	12958856	13158856	harbor1	chr3	13044184	13044398	DNA/hAT-Charlie	987	+	107	13044291	85435
chr3	128328598	128528598	harbor1	chr3	128348370	128348786	DNA/hAT-Charlie	743	+	208	128348578	19980
chr3	128328598	128528598	harbor1	chr3	128426853	128427098	DNA/hAT-Charlie	642	+	122	128426975	98377
chr3	196083882	196283882	harbor1	chr3	196125138	196125287	DNA/hAT-Charlie	823	+	74	196125212	41330
chr3	64289146	64489146	harbor1	chr3	64291273	64291405	DNA/hAT-Charlie	517	+	66	64291339	2193
chr3	64289146	64489146	harbor1	chr3	64305006	64305176	DNA/hAT-Charlie	562	+	85	64305091	15945
chr3	64289146	64489146	harbor1	chr3	64309865	64309984	DNA/hAT-Charlie	985	+	60	64309925	20779
chr3	64289146	64489146	harbor1	chr3	64310288	64310409	DNA/hAT-Charlie	985	+	60	64310348	21202
chr3	64289146	64489146	harbor1	chr3	64335079	64335669	DNA/hAT-Charlie	1283	+	295	64335374	46228
chr3	64289146	64489146	harbor1	chr3	64337117	64337133	DNA/hAT-Charlie	1283	+	8	64337125	47979
chr3	64289146	64489146	harbor1	chr3	64337130	64337242	DNA/hAT-Charlie	431	+	56	64337186	48040
chr3	64289146	64489146	harbor1	chr3	64337466	64337554	DNA/hAT-Charlie	392	+	44	64337510	48364
chr3	64289146	64489146	harbor1	chr3	64350411	64350626	DNA/hAT-Charlie	1167	+	108	64350519	61373
chr3	161005344	161205344	harbor1	chr3	161007540	161007759	DNA/hAT-Charlie	1401	+	110	161007650	2306
chr3	161005344	161205344	harbor1	chr3	161057571	161057785	DNA/hAT-Charlie	567	+	107	161057678	52334
chr3	161005344	161205344	harbor1	chr3	161096803	161096931	DNA/hAT-Charlie	461	+	64	161096867	91523
chr3	161005344	161205344	harbor1	chr3	161097010	161097146	DNA/hAT-Charlie	492	+	68	161097078	91734
chr3	197859739	198059739	harbor1	chr3	197874139	197874677	DNA/hAT-Charlie	3833	+	269	197874408	14669
chr3	197859739	198059739	harbor1	chr3	197874787	197874923	DNA/hAT-Charlie	796	+	68	197874855	15116
chr3	197859739	198059739	harbor1	chr3	197875229	197875301	DNA/hAT-Charlie	796	+	36	197875265	15526
chr3	197859739	198059739	harbor1	chr3	197895176	197895266	DNA/hAT-Charlie	514	+	45	197895221	35482
chr3	197859739	198059739	harbor1	chr3	197895566	197895690	DNA/hAT-Charlie	514	+	62	197895628	35889
chr3	197859739	198059739	harbor1	chr3	197895994	197896020	DNA/hAT-Charlie	514	+	13	197896007	36268
chr3	107991401	108191401	harbor1	chr3	108027029	108027151	DNA/hAT-Charlie	470	+	61	108027090	35689
chr3	107991291	108191291	harbor1	chr3	108027029	108027151	DNA/hAT-Charlie	470	+	61	108027090	35799
chr3	12867501	13067501	harbor1	chr3	12906946	12907156	DNA/hAT-Charlie	1091	+	105	12907051	39550
chr3	12867501	13067501	harbor1	chr3	12919891	12920119	DNA/hAT-Charlie	459	+	114	12920005	52504
chr3	12867501	13067501	harbor1	chr3	12927176	12927325	DNA/hAT-Charlie	563	+	74	12927250	59749
chr3	12867501	13067501	harbor1	chr3	12955910	12956209	DNA/hAT-Charlie	574	+	150	12956060	88559
chr3	48890283	49090283	harbor1	chr3	48919544	48919739	DNA/hAT-Charlie	1014	+	98	48919642	29359
chr3	48890283	49090283	harbor1	chr3	48950630	48950839	DNA/hAT-Charlie	839	+	104	48950734	60451
chr3	134227277	134427277	harbor1	chr3	134253170	134253318	DNA/hAT-Charlie	678	+	74	134253244	25967
chr3	134227277	134427277	harbor1	chr3	134255638	134255946	DNA/hAT-Charlie	1570	+	154	134255792	28515
chr3	134227277	134427277	harbor1	chr3	134301746	134301894	DNA/hAT-Charlie	634	+	74	134301820	74543
chr3	134227277	134427277	harbor1	chr3	134309559	134309884	DNA/hAT-Charlie	583	+	162	134309721	82444
chr3	51859972	52059972	harbor1	chr3	51864169	51864321	DNA/hAT-Charlie	826	+	76	51864245	4273
chr3	51859972	52059972	harbor1	chr3	51881448	51882253	DNA/hAT-Charlie	10724	+	402	51881850	21878
chr3	51859972	52059972	harbor1	chr3	51882555	51883727	DNA/hAT-Charlie	10724	+	586	51883141	23169
chr3	51859972	52059972	harbor1	chr3	51884150	51884545	DNA/hAT-Charlie	10724	+	198	51884348	24376
chr3	107991415	108191415	harbor1	chr3	108027029	108027151	DNA/hAT-Charlie	470	+	61	108027090	35675
chr3	49730589	49930589	harbor1	chr3	49734182	49734383	DNA/hAT-Charlie	602	+	100	49734282	3693
chr3	49730589	49930589	harbor1	chr3	49734594	49734867	DNA/hAT-Charlie	391	+	136	49734730	4141
chr3	23710941	23910941	harbor1	chr3	23731814	23731989	DNA/hAT-Charlie	942	+	88	23731902	20961
chr3	23710941	23910941	harbor1	chr3	23732297	23732339	DNA/hAT-Charlie	942	+	21	23732318	21377
chr3	23710941	23910941	harbor1	chr3	23751806	23752117	DNA/hAT-Charlie	874	+	156	23751962	41021
chr3	49585408	49785408	harbor1	chr3	49624633	49624744	DNA/hAT-Charlie	386	+	56	49624689	39281
chr3	107991331	108191331	harbor1	chr3	108027029	108027151	DNA/hAT-Charlie	470	+	61	108027090	35759
chr3	123544621	123744621	harbor1	chr3	123557104	123557387	DNA/hAT-Charlie	1933	+	142	123557246	12625
chr3	123544621	123744621	harbor1	chr3	123610161	123610289	DNA/hAT-Charlie	713	+	64	123610225	65604
chr3	107991277	108191277	harbor1	chr3	108027029	108027151	DNA/hAT-Charlie	470	+	61	108027090	35813
chr3	126902408	127102408	harbor1	chr3	126936351	126936556	DNA/hAT-Charlie	1049	+	102	126936453	34045
chr3	126902408	127102408	harbor1	chr3	126936855	126936933	DNA/hAT-Charlie	1049	+	39	126936894	34486
chr3	107991456	108191456	harbor1	chr3	108027029	108027151	DNA/hAT-Charlie	470	+	61	108027090	35634
chr3	49033159	49233159	harbor1	chr3	49060649	49060848	DNA/hAT-Charlie	1522	+	100	49060749	27590
chr3	49033159	49233159	harbor1	chr3	49061165	49061288	DNA/hAT-Charlie	1522	+	62	49061227	28068
chr3	49033159	49233159	harbor1	chr3	49063252	49063415	DNA/hAT-Charlie	567	+	82	49063334	30175
chr3	49033159	49233159	harbor1	chr3	49068935	49069083	DNA/hAT-Charlie	934	+	74	49069009	35850
chr3	49033159	49233159	harbor1	chr3	49069401	49069578	DNA/hAT-Charlie	934	+	88	49069489	36330
chr3	49033159	49233159	harbor1	chr3	49069780	49069881	DNA/hAT-Charlie	934	+	50	49069830	36671
chr3	138334644	138534644	harbor1	chr3	138353094	138353372	DNA/hAT-Charlie	439	+	139	138353233	18589
chr3	138334644	138534644	harbor1	chr3	138373304	138373443	DNA/hAT-Charlie	539	+	70	138373374	38730
chr3	138334644	138534644	harbor1	chr3	138373515	138373659	DNA/hAT-Charlie	566	+	72	138373587	38943
chr3	138334644	138534644	harbor1	chr3	138408752	138408869	DNA/hAT-Charlie	543	+	58	138408810	74166
chr3	138334644	138534644	harbor1	chr3	138409534	138409716	DNA/hAT-Charlie	996	+	91	138409625	74981
chr3	138334644	138534644	harbor1	chr3	138410440	138410565	DNA/hAT-Charlie	461	+	62	138410502	75858
chr3	138334644	138534644	harbor1	chr3	138418417	138418596	DNA/hAT-Charlie	655	+	90	138418507	83863
chr3	138334644	138534644	harbor1	chr3	138433249	138433389	DNA/hAT-Charlie	525	+	70	138433319	98675
chr3	49599795	49799795	harbor1	chr3	49624633	49624744	DNA/hAT-Charlie	386	+	56	49624689	24894
chr3	49599795	49799795	harbor1	chr3	49690214	49690408	DNA/hAT-Charlie	1036	+	97	49690311	90516
chr3	48890178	49090178	harbor1	chr3	48919544	48919739	DNA/hAT-Charlie	1014	+	98	48919642	29464
chr3	48890178	49090178	harbor1	chr3	48950630	48950839	DNA/hAT-Charlie	839	+	104	48950734	60556
chr3	129021082	129221082	harbor1	chr3	129021003	129021430	DNA/hAT-Charlie	1179	+	214	129021217	135
chr3	129021082	129221082	harbor1	chr3	129021764	129021998	DNA/hAT-Charlie	525	+	117	129021881	799
chr3	129021082	129221082	harbor1	chr3	129022929	129023080	DNA/hAT-Charlie	462	+	76	129023005	1923
chr3	129021082	129221082	harbor1	chr3	129067150	129067474	DNA/hAT-Charlie	911	+	162	129067312	46230
chr3	129021082	129221082	harbor1	chr3	129068911	129069105	DNA/hAT-Charlie	567	+	97	129069008	47926
chr3	129021082	129221082	harbor1	chr3	129094065	129094232	DNA/hAT-Charlie	711	+	84	129094149	73067
chr3	107991375	108191375	harbor1	chr3	108027029	108027151	DNA/hAT-Charlie	470	+	61	108027090	35715
chr3	126888030	127088030	harbor1	chr3	126896001	126896323	DNA/hAT-Charlie	898	+	161	126896162	8132
chr3	126888030	127088030	harbor1	chr3	126902100	126902296	DNA/hAT-Charlie	425	+	98	126902198	14168
chr3	126888030	127088030	harbor1	chr3	126936351	126936556	DNA/hAT-Charlie	1049	+	102	126936453	48423
chr3	126888030	127088030	harbor1	chr3	126936855	126936933	DNA/hAT-Charlie	1049	+	39	126936894	48864
chr3	124955501	125155501	harbor1	chr3	124978883	124978941	DNA/hAT-Charlie	423	+	29	124978912	23411
chr3	124955501	125155501	harbor1	chr3	124979252	124979377	DNA/hAT-Charlie	423	+	62	124979314	23813
chr3	124955501	125155501	harbor1	chr3	125033694	125034040	DNA/hAT-Charlie	2151	+	173	125033867	78366
chr3	23710436	23910436	harbor1	chr3	23731814	23731989	DNA/hAT-Charlie	942	+	88	23731902	21466
chr3	23710436	23910436	harbor1	chr3	23732297	23732339	DNA/hAT-Charlie	942	+	21	23732318	21882
chr3	23710436	23910436	harbor1	chr3	23751806	23752117	DNA/hAT-Charlie	874	+	156	23751962	41526
chr3	107991447	108191447	harbor1	chr3	108027029	108027151	DNA/hAT-Charlie	470	+	61	108027090	35643
chr3	52123183	52323183	harbor1	chr3	52172847	52172959	DNA/hAT-Charlie	428	+	56	52172903	49720
chr3	52123183	52323183	harbor1	chr3	52172969	52173171	DNA/hAT-Charlie	1101	+	101	52173070	49887
chr3	52123183	52323183	harbor1	chr3	52182952	52183079	DNA/hAT-Charlie	403	+	64	52183016	59833
chr3	156989213	157189213	harbor1	chr3	157051065	157051153	DNA/hAT-Charlie	413	+	44	157051109	61896
chr3	156989213	157189213	harbor1	chr3	157068079	157068307	DNA/hAT-Charlie	993	+	114	157068193	78980
chr3	156989213	157189213	harbor1	chr3	157078248	157078443	DNA/hAT-Charlie	763	+	98	157078346	89133
chr3	130904200	131104200	harbor1	chr3	130930591	130930829	DNA/hAT-Charlie	567	+	119	130930710	26510
chr3	130904200	131104200	harbor1	chr3	130935537	130936530	DNA/hAT-Charlie	4594	+	496	130936033	31833
chr3	130904200	131104200	harbor1	chr3	130936837	130937228	DNA/hAT-Charlie	4594	+	196	130937033	32833
chr3	184085733	184285733	harbor1	chr3	184126432	184126590	DNA/hAT-Charlie	825	+	79	184126511	40778
chr3	50288182	50488182	harbor1	chr3	50376995	50377299	DNA/hAT-Charlie	1364	+	152	50377147	88965
chr3	50288182	50488182	harbor1	chr3	50382542	50382688	DNA/hAT-Charlie	429	+	73	50382615	94433
chr3	107991309	108191309	harbor1	chr3	108027029	108027151	DNA/hAT-Charlie	470	+	61	108027090	35781
chr3	183788274	183988274	harbor1	chr3	183865397	183865733	DNA/hAT-Charlie	2132	+	168	183865565	77291
chr3	183788274	183988274	harbor1	chr3	183878483	183878654	DNA/hAT-Charlie	664	+	86	183878569	90295
chr3	183788274	183988274	harbor1	chr3	183878829	183878954	DNA/hAT-Charlie	553	+	62	183878891	90617
chr3	50288188	50488188	harbor1	chr3	50376995	50377299	DNA/hAT-Charlie	1364	+	152	50377147	88959
chr3	50288188	50488188	harbor1	chr3	50382542	50382688	DNA/hAT-Charlie	429	+	73	50382615	94427
chr3	49602395	49802395	harbor1	chr3	49624633	49624744	DNA/hAT-Charlie	386	+	56	49624689	22294
chr3	49602395	49802395	harbor1	chr3	49690214	49690408	DNA/hAT-Charlie	1036	+	97	49690311	87916
chr3	129875059	130075059	harbor1	chr3	129878731	129878861	DNA/hAT-Charlie	680	+	65	129878796	3737
chr3	129875059	130075059	harbor1	chr3	129891279	129891592	DNA/hAT-Charlie	1168	+	156	129891435	16376
chr3	129875059	130075059	harbor1	chr3	129909834	129909997	DNA/hAT-Charlie	868	+	82	129909916	34857
chr3	129875059	130075059	harbor1	chr3	129941555	129941732	DNA/hAT-Charlie	648	+	88	129941643	66584
chr3	129021083	129221083	harbor1	chr3	129021003	129021430	DNA/hAT-Charlie	1179	+	214	129021217	134
chr3	129021083	129221083	harbor1	chr3	129021764	129021998	DNA/hAT-Charlie	525	+	117	129021881	798
chr3	129021083	129221083	harbor1	chr3	129022929	129023080	DNA/hAT-Charlie	462	+	76	129023005	1922
chr3	129021083	129221083	harbor1	chr3	129067150	129067474	DNA/hAT-Charlie	911	+	162	129067312	46229
chr3	129021083	129221083	harbor1	chr3	129068911	129069105	DNA/hAT-Charlie	567	+	97	129069008	47925
chr3	129021083	129221083	harbor1	chr3	129094065	129094232	DNA/hAT-Charlie	711	+	84	129094149	73066
chr3	50288360	50488360	harbor1	chr3	50376995	50377299	DNA/hAT-Charlie	1364	+	152	50377147	88787
chr3	50288360	50488360	harbor1	chr3	50382542	50382688	DNA/hAT-Charlie	429	+	73	50382615	94255
chr3	127489843	127689843	harbor1	chr3	127500397	127500717	DNA/hAT-Charlie	1477	+	160	127500557	10714
chr3	127489843	127689843	harbor1	chr3	127500716	127500873	DNA/hAT-Charlie	587	+	78	127500794	10951
chr3	123349837	123549837	harbor1	chr3	123365944	123366232	DNA/hAT-Charlie	1027	+	144	123366088	16251
chr3	123349837	123549837	harbor1	chr3	123399149	123399386	DNA/hAT-Charlie	899	+	118	123399267	49430
chr3	123349837	123549837	harbor1	chr3	123409574	123409740	DNA/hAT-Charlie	562	+	83	123409657	59820
chr3	123349837	123549837	harbor1	chr3	123428756	123428894	DNA/hAT-Charlie	414	+	69	123428825	78988
chr3	50287487	50487487	harbor1	chr3	50376995	50377299	DNA/hAT-Charlie	1364	+	152	50377147	89660
chr3	50287487	50487487	harbor1	chr3	50382542	50382688	DNA/hAT-Charlie	429	+	73	50382615	95128
chr3	195796157	195996157	harbor1	chr3	195851215	195851388	DNA/hAT-Charlie	694	+	86	195851301	55144
chr3	195796157	195996157	harbor1	chr3	195887241	195887381	DNA/hAT-Charlie	385	+	70	195887311	91154
chr3	195796157	195996157	harbor1	chr3	195890238	195890366	DNA/hAT-Charlie	417	+	64	195890302	94145
chr3	195796157	195996157	harbor1	chr3	195890369	195890446	DNA/hAT-Charlie	857	+	38	195890407	94250
chr3	195796157	195996157	harbor1	chr3	195890728	195891118	DNA/hAT-Charlie	857	+	195	195890923	94766
chr3	127560407	127760407	harbor1	chr3	127612019	127612220	DNA/hAT-Charlie	447	+	100	127612119	51712
chr3	127560407	127760407	harbor1	chr3	127635600	127635772	DNA/hAT-Charlie	757	+	86	127635686	75279
chr3	178972096	179172096	harbor1	chr3	178982823	178982988	DNA/hAT-Charlie	467	+	82	178982905	10809
chr3	178972096	179172096	harbor1	chr3	179068740	179069055	DNA/hAT-Charlie	823	+	158	179068898	96802
chr4	582955	782955	harbor1	chr4	675665	675972	DNA/hAT-Charlie	1471	+	154	675819	92864
chr4	582955	782955	harbor1	chr4	606019	606267	DNA/hAT-Charlie	1413	+	124	606143	23188
chr4	38767776	38967776	harbor1	chr4	38784226	38784760	DNA/hAT-Charlie	4120	+	267	38784493	16717
chr4	98039583	98239583	harbor1	chr4	98076993	98077116	DNA/hAT-Charlie	513	+	62	98077055	37472
chr4	98039583	98239583	harbor1	chr4	98077137	98077225	DNA/hAT-Charlie	575	+	44	98077181	37598
chr4	98039583	98239583	harbor1	chr4	98077536	98077586	DNA/hAT-Charlie	575	+	25	98077561	37978
chr4	98039583	98239583	harbor1	chr4	98102267	98102478	DNA/hAT-Charlie	911	+	106	98102373	62790
chr4	102218940	102418940	harbor1	chr4	102232086	102232462	DNA/hAT-Charlie	1746	+	188	102232274	13334
chr4	102218940	102418940	harbor1	chr4	102246299	102246514	DNA/hAT-Charlie	587	+	108	102246407	27467
chr4	102218940	102418940	harbor1	chr4	102317861	102318104	DNA/hAT-Charlie	646	+	122	102317983	99043
chr4	551186	751186	harbor1	chr4	606019	606267	DNA/hAT-Charlie	1413	+	124	606143	54957
chr4	38573151	38773151	harbor1	chr4	38593776	38593964	DNA/hAT-Charlie	967	+	94	38593870	20719
chr4	38573151	38773151	harbor1	chr4	38619711	38619935	DNA/hAT-Charlie	1502	+	112	38619823	46672
chr4	38573151	38773151	harbor1	chr4	38641308	38641584	DNA/hAT-Charlie	1478	+	138	38641446	68295
chr4	38573151	38773151	harbor1	chr4	38641593	38641794	DNA/hAT-Charlie	830	+	100	38641693	68542
chr4	158571219	158771219	harbor1	chr4	158573390	158573609	DNA/hAT-Charlie	1408	+	110	158573500	2281
chr4	158571219	158771219	harbor1	chr4	158585182	158585326	DNA/hAT-Charlie	533	+	72	158585254	14035
chr4	176095649	176295649	harbor1	chr4	176153015	176153184	DNA/hAT-Charlie	703	+	84	176153099	57450
chr4	55288238	55488238	harbor1	chr4	55321980	55322270	DNA/hAT-Charlie	1159	+	145	55322125	33887
chr4	55288238	55488238	harbor1	chr4	55322279	55322439	DNA/hAT-Charlie	743	+	80	55322359	34121
chr4	55288238	55488238	harbor1	chr4	55349811	55350087	DNA/hAT-Charlie	1308	+	138	55349949	61711
chr4	55288238	55488238	harbor1	chr4	55350383	55350484	DNA/hAT-Charlie	1308	+	50	55350433	62195
chr4	55288238	55488238	harbor1	chr4	55357993	55358247	DNA/hAT-Charlie	1191	+	127	55358120	69882
chr4	55288238	55488238	harbor1	chr4	55358564	55358825	DNA/hAT-Charlie	1191	+	130	55358694	70456
chr4	55288238	55488238	harbor1	chr4	55385689	55385773	DNA/hAT-Charlie	706	+	42	55385731	97493
chr4	55288238	55488238	harbor1	chr4	55386584	55386756	DNA/hAT-Charlie	706	+	86	55386670	98432
chr4	70739795	70939795	harbor1	chr4	70759802	70760020	DNA/hAT-Charlie	601	+	109	70759911	20116
chr4	2361876	2561876	harbor1	chr4	2375814	2375877	DNA/hAT-Charlie	501	+	32	2375846	13970
chr4	2361876	2561876	harbor1	chr4	2376173	2376254	DNA/hAT-Charlie	501	+	40	2376213	14337
chr4	8023966	8223966	harbor1	chr4	8082942	8083132	DNA/hAT-Charlie	698	+	95	8083037	59071
chr4	2317159	2517159	harbor1	chr4	2375814	2375877	DNA/hAT-Charlie	501	+	32	2375846	58687
chr4	2317159	2517159	harbor1	chr4	2376173	2376254	DNA/hAT-Charlie	501	+	40	2376213	59054
chr4	11269110	11469110	harbor1	chr4	11291045	11291189	DNA/hAT-Charlie	521	+	72	11291117	22007
chr4	11269110	11469110	harbor1	chr4	11313450	11313643	DNA/hAT-Charlie	903	+	96	11313546	44436
chr4	102919713	103119713	harbor1	chr4	103018782	103019095	DNA/hAT-Charlie	1766	+	156	103018938	99225
chr4	88671609	88871609	harbor1	chr4	88683795	88683947	DNA/hAT-Charlie	952	+	76	88683871	12262
chr4	88671609	88871609	harbor1	chr4	88686159	88686242	DNA/hAT-Charlie	618	+	42	88686201	14592
chr4	88671609	88871609	harbor1	chr4	88734600	88734820	DNA/hAT-Charlie	945	+	110	88734710	63101
chr4	70739735	70939735	harbor1	chr4	70759802	70760020	DNA/hAT-Charlie	601	+	109	70759911	20176
chr4	98160943	98360943	harbor1	chr4	98234313	98234569	DNA/hAT-Charlie	671	+	128	98234441	73498
chr4	98160943	98360943	harbor1	chr4	98239855	98240075	DNA/hAT-Charlie	846	+	110	98239965	79022
chr4	98160943	98360943	harbor1	chr4	98246841	98247877	DNA/hAT-Charlie	3752	+	518	98247359	86416
chr4	98160943	98360943	harbor1	chr4	98248168	98248277	DNA/hAT-Charlie	3752	+	54	98248222	87279
chr4	187835400	188035400	harbor1	chr4	187916754	187916814	DNA/hAT-Charlie	987	+	30	187916784	81384
chr4	187835400	188035400	harbor1	chr4	187917109	187917289	DNA/hAT-Charlie	987	+	90	187917199	81799
chr4	2363070	2563070	harbor1	chr4	2375814	2375877	DNA/hAT-Charlie	501	+	32	2375846	12776
chr4	2363070	2563070	harbor1	chr4	2376173	2376254	DNA/hAT-Charlie	501	+	40	2376213	13143
chr4	2151076	2351076	harbor1	chr4	2209526	2209651	DNA/hAT-Charlie	1334	+	62	2209588	58512
chr4	2151076	2351076	harbor1	chr4	2209962	2210296	DNA/hAT-Charlie	1334	+	167	2210129	59053
chr4	2151076	2351076	harbor1	chr4	2211301	2211495	DNA/hAT-Charlie	1334	+	97	2211398	60322
chr4	2151076	2351076	harbor1	chr4	2211842	2211882	DNA/hAT-Charlie	1334	+	20	2211862	60786
chr4	2151076	2351076	harbor1	chr4	2223241	2223579	DNA/hAT-Charlie	2198	+	169	2223410	72334
chr4	2363106	2563106	harbor1	chr4	2375814	2375877	DNA/hAT-Charlie	501	+	32	2375846	12740
chr4	2363106	2563106	harbor1	chr4	2376173	2376254	DNA/hAT-Charlie	501	+	40	2376213	13107
chr4	73128036	73328036	harbor1	chr4	73163330	73163478	DNA/hAT-Charlie	721	+	74	73163404	35368
chr4	73128036	73328036	harbor1	chr4	73214384	73214721	DNA/hAT-Charlie	3476	+	168	73214552	86516
chr4	73128036	73328036	harbor1	chr4	73214863	73215265	DNA/hAT-Charlie	3476	+	201	73215064	87028
chr4	73128036	73328036	harbor1	chr4	73215557	73215921	DNA/hAT-Charlie	3476	+	182	73215739	87703
chr4	73128036	73328036	harbor1	chr4	73216103	73216443	DNA/hAT-Charlie	1143	+	170	73216273	88237
chr4	15581887	15781887	harbor1	chr4	15650075	15650253	DNA/hAT-Charlie	785	+	89	15650164	68277
chr4	15581887	15781887	harbor1	chr4	15667617	15667775	DNA/hAT-Charlie	1685	+	79	15667696	85809
chr4	15581887	15781887	harbor1	chr4	15668058	15669103	DNA/hAT-Charlie	1685	+	522	15668580	86693
chr4	15581887	15781887	harbor1	chr4	15669743	15670056	DNA/hAT-Charlie	1224	+	156	15669899	88012
chr4	15581887	15781887	harbor1	chr4	15674014	15674529	DNA/hAT-Charlie	985	+	258	15674272	92385
chr4	69927953	70127953	harbor1	chr4	69981622	69981863	DNA/hAT-Charlie	766	+	120	69981742	53789
chr4	69927953	70127953	harbor1	chr4	70007390	70007511	DNA/hAT-Charlie	509	+	60	70007450	79497
chr4	2656061	2856061	harbor1	chr4	2707398	2707706	DNA/hAT-Charlie	1377	+	154	2707552	51491
chr4	2656061	2856061	harbor1	chr4	2708050	2708078	DNA/hAT-Charlie	1377	+	14	2708064	52003
chr4	6810085	7010085	harbor1	chr4	6812235	6812399	DNA/hAT-Charlie	785	+	82	6812317	2232
chr4	6810085	7010085	harbor1	chr4	6841070	6841578	DNA/hAT-Charlie	2192	+	254	6841324	31239
chr4	6810085	7010085	harbor1	chr4	6846303	6846622	DNA/hAT-Charlie	1906	+	160	6846463	36378
chr4	6810085	7010085	harbor1	chr4	6859375	6859678	DNA/hAT-Charlie	1164	+	152	6859527	49442
chr4	103098519	103298519	harbor1	chr4	103182312	103182612	DNA/hAT-Charlie	833	+	150	103182462	83943
chr4	550827	750827	harbor1	chr4	606019	606267	DNA/hAT-Charlie	1413	+	124	606143	55316
chr4	8230062	8430062	harbor1	chr4	8232851	8233029	DNA/hAT-Charlie	575	+	89	8232940	2878
chr4	8230062	8430062	harbor1	chr4	8268591	8269023	DNA/hAT-Charlie	674	+	216	8268807	38745
chr4	8230062	8430062	harbor1	chr4	8318255	8318381	DNA/hAT-Charlie	542	+	63	8318318	88256
chr4	8230062	8430062	harbor1	chr4	8328027	8328234	DNA/hAT-Charlie	1075	+	104	8328131	98069
chr4	98145495	98345495	harbor1	chr4	98234313	98234569	DNA/hAT-Charlie	671	+	128	98234441	88946
chr4	98145495	98345495	harbor1	chr4	98239855	98240075	DNA/hAT-Charlie	846	+	110	98239965	94470
chr4	67487456	67687456	harbor1	chr4	67510049	67510220	DNA/hAT-Charlie	747	+	86	67510135	22679
chr4	76846562	77046562	harbor1	chr4	76848386	76848825	DNA/hAT-Charlie	1803	+	220	76848606	2044
chr4	76846562	77046562	harbor1	chr4	76910759	76911003	DNA/hAT-Charlie	484	+	122	76910881	64319
chr4	2314181	2514181	harbor1	chr4	2375814	2375877	DNA/hAT-Charlie	501	+	32	2375846	61665
chr4	2314181	2514181	harbor1	chr4	2376173	2376254	DNA/hAT-Charlie	501	+	40	2376213	62032
chr4	55295888	55495888	harbor1	chr4	55321980	55322270	DNA/hAT-Charlie	1159	+	145	55322125	26237
chr4	55295888	55495888	harbor1	chr4	55322279	55322439	DNA/hAT-Charlie	743	+	80	55322359	26471
chr4	55295888	55495888	harbor1	chr4	55349811	55350087	DNA/hAT-Charlie	1308	+	138	55349949	54061
chr4	55295888	55495888	harbor1	chr4	55350383	55350484	DNA/hAT-Charlie	1308	+	50	55350433	54545
chr4	55295888	55495888	harbor1	chr4	55357993	55358247	DNA/hAT-Charlie	1191	+	127	55358120	62232
chr4	55295888	55495888	harbor1	chr4	55358564	55358825	DNA/hAT-Charlie	1191	+	130	55358694	62806
chr4	55295888	55495888	harbor1	chr4	55385689	55385773	DNA/hAT-Charlie	706	+	42	55385731	89843
chr4	55295888	55495888	harbor1	chr4	55386584	55386756	DNA/hAT-Charlie	706	+	86	55386670	90782
chr5	113414289	113614289	harbor1	chr5	113460763	113460924	DNA/hAT-Charlie	713	+	80	113460843	46554
chr5	75136982	75336982	harbor1	chr5	75140994	75141096	DNA/hAT-Charlie	682	+	51	75141045	4063
chr5	75136982	75336982	harbor1	chr5	75227722	75228059	DNA/hAT-Charlie	2403	+	168	75227890	90908
chr5	159190926	159390926	harbor1	chr5	159196131	159196352	DNA/hAT-Charlie	1533	+	110	159196241	5315
chr5	159190926	159390926	harbor1	chr5	159248184	159248326	DNA/hAT-Charlie	710	+	71	159248255	57329
chr5	159190926	159390926	harbor1	chr5	159249970	159250071	DNA/hAT-Charlie	420	+	50	159250020	59094
chr5	73350908	73550908	harbor1	chr5	73411255	73411378	DNA/hAT-Charlie	417	+	62	73411317	60409
chr5	73350908	73550908	harbor1	chr5	73426804	73426946	DNA/hAT-Charlie	659	+	71	73426875	75967
chr5	135435228	135635228	harbor1	chr5	135463059	135463327	DNA/hAT-Charlie	589	+	134	135463193	27965
chr5	135435228	135635228	harbor1	chr5	135472492	135472844	DNA/hAT-Charlie	1386	+	176	135472668	37440
chr5	135435228	135635228	harbor1	chr5	135500595	135501083	DNA/hAT-Charlie	3219	+	244	135500839	65611
chr5	10337580	10537580	harbor1	chr5	10349865	10350009	DNA/hAT-Charlie	509	+	72	10349937	12357
chr5	10337580	10537580	harbor1	chr5	10399199	10399399	DNA/hAT-Charlie	421	+	100	10399299	61719
chr5	10337580	10537580	harbor1	chr5	10405917	10406234	DNA/hAT-Charlie	1881	+	158	10406075	68495
chr5	150964868	151164868	harbor1	chr5	151036219	151036621	DNA/hAT-Charlie	1149	+	201	151036420	71552
chr5	150964868	151164868	harbor1	chr5	151039561	151039708	DNA/hAT-Charlie	463	+	74	151039635	74767
chr5	150964868	151164868	harbor1	chr5	151050208	151050631	DNA/hAT-Charlie	1341	+	212	151050420	85552
chr5	73350879	73550879	harbor1	chr5	73411255	73411378	DNA/hAT-Charlie	417	+	62	73411317	60438
chr5	73350879	73550879	harbor1	chr5	73426804	73426946	DNA/hAT-Charlie	659	+	71	73426875	75996
chr5	171125854	171325854	harbor1	chr5	171147044	171147214	DNA/hAT-Charlie	838	+	85	171147129	21275
chr5	10337987	10537987	harbor1	chr5	10349865	10350009	DNA/hAT-Charlie	509	+	72	10349937	11950
chr5	10337987	10537987	harbor1	chr5	10399199	10399399	DNA/hAT-Charlie	421	+	100	10399299	61312
chr5	10337987	10537987	harbor1	chr5	10405917	10406234	DNA/hAT-Charlie	1881	+	158	10406075	68088
chr5	10341875	10541875	harbor1	chr5	10349865	10350009	DNA/hAT-Charlie	509	+	72	10349937	8062
chr5	10341875	10541875	harbor1	chr5	10399199	10399399	DNA/hAT-Charlie	421	+	100	10399299	57424
chr5	10341875	10541875	harbor1	chr5	10405917	10406234	DNA/hAT-Charlie	1881	+	158	10406075	64200
chr5	73351482	73551482	harbor1	chr5	73411255	73411378	DNA/hAT-Charlie	417	+	62	73411317	59835
chr5	73351482	73551482	harbor1	chr5	73426804	73426946	DNA/hAT-Charlie	659	+	71	73426875	75393
chr5	6723084	6923084	harbor1	chr5	6745398	6745564	DNA/hAT-Charlie	435	+	83	6745481	22397
chr5	6723084	6923084	harbor1	chr5	6787479	6787692	DNA/hAT-Charlie	778	+	106	6787585	64501
chr5	6723084	6923084	harbor1	chr5	6788721	6788905	DNA/hAT-Charlie	754	+	92	6788813	65729
chr5	6723084	6923084	harbor1	chr5	6790020	6790214	DNA/hAT-Charlie	712	+	97	6790117	67033
chr5	6723084	6923084	harbor1	chr5	6801314	6801842	DNA/hAT-Charlie	3615	+	264	6801578	78494
chr5	6723084	6923084	harbor1	chr5	6807116	6807311	DNA/hAT-Charlie	1058	+	98	6807214	84130
chr5	157644323	157844323	harbor1	chr5	157677184	157677299	DNA/hAT-Charlie	656	+	58	157677242	32919
chr5	157644323	157844323	harbor1	chr5	157734865	157734939	DNA/hAT-Charlie	564	+	37	157734902	90579
chr5	157644323	157844323	harbor1	chr5	157735238	157735466	DNA/hAT-Charlie	564	+	114	157735352	91029
chr5	6533035	6733035	harbor1	chr5	6565425	6565594	DNA/hAT-Charlie	492	+	84	6565509	32474
chr5	6533035	6733035	harbor1	chr5	6626081	6626316	DNA/hAT-Charlie	554	+	118	6626199	93164
chr5	52688052	52888052	harbor1	chr5	52693960	52694130	DNA/hAT-Charlie	636	+	85	52694045	5993
chr5	52688052	52888052	harbor1	chr5	52711938	52712105	DNA/hAT-Charlie	525	+	84	52712022	23970
chr5	52688052	52888052	harbor1	chr5	52724514	52724640	DNA/hAT-Charlie	600	+	63	52724577	36525
chr5	52688052	52888052	harbor1	chr5	52759915	52760115	DNA/hAT-Charlie	1002	+	100	52760015	71963
chr5	52688052	52888052	harbor1	chr5	52763227	52763402	DNA/hAT-Charlie	639	+	88	52763315	75263
chr5	52688052	52888052	harbor1	chr5	52763764	52763904	DNA/hAT-Charlie	639	+	70	52763834	75782
chr5	52688052	52888052	harbor1	chr5	52707301	52707478	DNA/hAT-Charlie	571	+	88	52707389	19337
chr5	135919218	136119218	harbor1	chr5	135948412	135948659	DNA/hAT-Charlie	1133	+	124	135948536	29318
chr5	135919218	136119218	harbor1	chr5	135982188	135982302	DNA/hAT-Charlie	586	+	57	135982245	63027
chr5	135919218	136119218	harbor1	chr5	136010568	136010910	DNA/hAT-Charlie	1534	+	171	136010739	91521
chr5	135919218	136119218	harbor1	chr5	136016256	136016494	DNA/hAT-Charlie	538	+	119	136016375	97157
chr5	168407631	168607631	harbor1	chr5	168422665	168422863	DNA/hAT-Charlie	606	+	99	168422764	15133
chr5	168407631	168607631	harbor1	chr5	168423173	168423285	DNA/hAT-Charlie	606	+	56	168423229	15598
chr5	168407631	168607631	harbor1	chr5	168450023	168450267	DNA/hAT-Charlie	775	+	122	168450145	42514
chr5	168407631	168607631	harbor1	chr5	168468701	168468924	DNA/hAT-Charlie	987	+	112	168468813	61182
chr5	168407631	168607631	harbor1	chr5	168474681	168474939	DNA/hAT-Charlie	969	+	129	168474810	67179
chr5	168407631	168607631	harbor1	chr5	168484385	168484622	DNA/hAT-Charlie	660	+	118	168484503	76872
chr5	10341914	10541914	harbor1	chr5	10349865	10350009	DNA/hAT-Charlie	509	+	72	10349937	8023
chr5	10341914	10541914	harbor1	chr5	10399199	10399399	DNA/hAT-Charlie	421	+	100	10399299	57385
chr5	10341914	10541914	harbor1	chr5	10405917	10406234	DNA/hAT-Charlie	1881	+	158	10406075	64161
chr5	73351497	73551497	harbor1	chr5	73411255	73411378	DNA/hAT-Charlie	417	+	62	73411317	59820
chr5	73351497	73551497	harbor1	chr5	73426804	73426946	DNA/hAT-Charlie	659	+	71	73426875	75378
chr5	133502807	133702807	harbor1	chr5	133581695	133581834	DNA/hAT-Charlie	762	+	70	133581765	78958
chr5	133502807	133702807	harbor1	chr5	133598278	133598405	DNA/hAT-Charlie	548	+	64	133598342	95535
chr5	73351070	73551070	harbor1	chr5	73411255	73411378	DNA/hAT-Charlie	417	+	62	73411317	60247
chr5	73351070	73551070	harbor1	chr5	73426804	73426946	DNA/hAT-Charlie	659	+	71	73426875	75805
chr5	154657232	154857232	harbor1	chr5	154660359	154660744	DNA/hAT-Charlie	2700	+	192	154660551	3319
chr5	154657232	154857232	harbor1	chr5	154661041	154661167	DNA/hAT-Charlie	2700	+	63	154661104	3872
chr5	154657232	154857232	harbor1	chr5	154680673	154680874	DNA/hAT-Charlie	1013	+	100	154680773	23541
chr5	154657232	154857232	harbor1	chr5	154686481	154686710	DNA/hAT-Charlie	716	+	114	154686595	29363
chr5	154657232	154857232	harbor1	chr5	154716045	154716113	DNA/hAT-Charlie	587	+	34	154716079	58847
chr5	154657232	154857232	harbor1	chr5	154716421	154716450	DNA/hAT-Charlie	587	+	14	154716435	59203
chr5	154657232	154857232	harbor1	chr5	154716748	154716777	DNA/hAT-Charlie	587	+	14	154716762	59530
chr5	154657232	154857232	harbor1	chr5	154717089	154717336	DNA/hAT-Charlie	659	+	124	154717213	59981
chr5	154657232	154857232	harbor1	chr5	154723262	154723473	DNA/hAT-Charlie	494	+	106	154723368	66136
chr5	10341987	10541987	harbor1	chr5	10349865	10350009	DNA/hAT-Charlie	509	+	72	10349937	7950
chr5	10341987	10541987	harbor1	chr5	10399199	10399399	DNA/hAT-Charlie	421	+	100	10399299	57312
chr5	10341987	10541987	harbor1	chr5	10405917	10406234	DNA/hAT-Charlie	1881	+	158	10406075	64088
chr5	42324781	42524781	harbor1	chr5	42361488	42361834	DNA/hAT-Charlie	1471	+	173	42361661	36880
chr5	42324781	42524781	harbor1	chr5	42387694	42387840	DNA/hAT-Charlie	740	+	73	42387767	62986
chr5	132193610	132393610	harbor1	chr5	132275920	132276098	DNA/hAT-Charlie	3499	+	89	132276009	82399
chr5	132193610	132393610	harbor1	chr5	132276147	132276477	DNA/hAT-Charlie	3499	+	165	132276312	82702
chr5	78410105	78610105	harbor1	chr5	78422539	78422682	DNA/hAT-Charlie	433	+	72	78422611	12506
chr5	78410105	78610105	harbor1	chr5	78431039	78431144	DNA/hAT-Charlie	524	+	52	78431091	20986
chr5	78410105	78610105	harbor1	chr5	78446900	78447228	DNA/hAT-Charlie	2245	+	164	78447064	36959
chr5	78410105	78610105	harbor1	chr5	78489734	78489920	DNA/hAT-Charlie	514	+	93	78489827	79722
chr5	52688976	52888976	harbor1	chr5	52693960	52694130	DNA/hAT-Charlie	636	+	85	52694045	5069
chr5	52688976	52888976	harbor1	chr5	52711938	52712105	DNA/hAT-Charlie	525	+	84	52712022	23046
chr5	52688976	52888976	harbor1	chr5	52724514	52724640	DNA/hAT-Charlie	600	+	63	52724577	35601
chr5	52688976	52888976	harbor1	chr5	52759915	52760115	DNA/hAT-Charlie	1002	+	100	52760015	71039
chr5	52688976	52888976	harbor1	chr5	52763227	52763402	DNA/hAT-Charlie	639	+	88	52763315	74339
chr5	52688976	52888976	harbor1	chr5	52763764	52763904	DNA/hAT-Charlie	639	+	70	52763834	74858
chr5	52688976	52888976	harbor1	chr5	52707301	52707478	DNA/hAT-Charlie	571	+	88	52707389	18413
chr5	79136023	79336023	harbor1	chr5	79144088	79144259	DNA/hAT-Charlie	653	+	86	79144174	8151
chr5	79136023	79336023	harbor1	chr5	79148964	79149303	DNA/hAT-Charlie	497	+	170	79149134	13111
chr5	79136023	79336023	harbor1	chr5	79149508	79149829	DNA/hAT-Charlie	1954	+	160	79149668	13645
chr5	79136023	79336023	harbor1	chr5	79150140	79150185	DNA/hAT-Charlie	1954	+	22	79150162	14139
chr5	79136023	79336023	harbor1	chr5	79150477	79150645	DNA/hAT-Charlie	1954	+	84	79150561	14538
chr5	79136023	79336023	harbor1	chr5	79150929	79151075	DNA/hAT-Charlie	1954	+	73	79151002	14979
chr5	79136023	79336023	harbor1	chr5	79157856	79158018	DNA/hAT-Charlie	838	+	81	79157937	21914
chr5	79136023	79336023	harbor1	chr5	79194041	79194218	DNA/hAT-Charlie	937	+	88	79194129	58106
chr5	79136023	79336023	harbor1	chr5	79194227	79194560	DNA/hAT-Charlie	2246	+	166	79194393	58370
chr5	10205523	10405523	harbor1	chr5	10267291	10267475	DNA/hAT-Charlie	763	+	92	10267383	61860
chr5	10205523	10405523	harbor1	chr5	10267788	10267929	DNA/hAT-Charlie	706	+	70	10267858	62335
chr5	10205523	10405523	harbor1	chr5	10267953	10268066	DNA/hAT-Charlie	665	+	56	10268009	62486
chr5	10205523	10405523	harbor1	chr5	10276735	10277089	DNA/hAT-Charlie	2399	+	177	10276912	71389
chr5	10205523	10405523	harbor1	chr5	10277392	10277647	DNA/hAT-Charlie	2399	+	128	10277520	71997
chr5	10184091	10384091	harbor1	chr5	10267291	10267475	DNA/hAT-Charlie	763	+	92	10267383	83292
chr5	10184091	10384091	harbor1	chr5	10267788	10267929	DNA/hAT-Charlie	706	+	70	10267858	83767
chr5	10184091	10384091	harbor1	chr5	10267953	10268066	DNA/hAT-Charlie	665	+	56	10268009	83918
chr5	10184091	10384091	harbor1	chr5	10276735	10277089	DNA/hAT-Charlie	2399	+	177	10276912	92821
chr5	10184091	10384091	harbor1	chr5	10277392	10277647	DNA/hAT-Charlie	2399	+	128	10277520	93429
chr5	10661221	10861221	harbor1	chr5	10661299	10661381	DNA/hAT-Charlie	480	+	41	10661340	119
chr5	10661221	10861221	harbor1	chr5	10661837	10661860	DNA/hAT-Charlie	480	+	12	10661849	628
chr5	10661221	10861221	harbor1	chr5	10665546	10665891	DNA/hAT-Charlie	1803	+	172	10665718	4497
chr5	10661221	10861221	harbor1	chr5	10714140	10714504	DNA/hAT-Charlie	849	+	182	10714322	53101
chr5	10661221	10861221	harbor1	chr5	10726369	10726520	DNA/hAT-Charlie	614	+	76	10726445	65224
chr5	10661221	10861221	harbor1	chr5	10735140	10735479	DNA/hAT-Charlie	972	+	170	10735310	74089
chr5	10661221	10861221	harbor1	chr5	10735473	10735663	DNA/hAT-Charlie	475	+	95	10735568	74347
chr5	73021050	73221050	harbor1	chr5	73030425	73030571	DNA/hAT-Charlie	678	+	73	73030498	9448
chr5	73021050	73221050	harbor1	chr5	73030620	73030799	DNA/hAT-Charlie	956	+	90	73030710	9660
chr5	73021050	73221050	harbor1	chr5	73038166	73038346	DNA/hAT-Charlie	494	+	90	73038256	17206
chr5	73021050	73221050	harbor1	chr5	73066602	73066668	DNA/hAT-Charlie	414	+	33	73066635	45585
chr5	73021050	73221050	harbor1	chr5	73066709	73066890	DNA/hAT-Charlie	703	+	90	73066799	45749
chr5	73021050	73221050	harbor1	chr5	73070022	73070182	DNA/hAT-Charlie	738	+	80	73070102	49052
chr5	73021050	73221050	harbor1	chr5	73111746	73112131	DNA/hAT-Charlie	1333	+	192	73111938	90888
chr5	52700111	52900111	harbor1	chr5	52711938	52712105	DNA/hAT-Charlie	525	+	84	52712022	11911
chr5	52700111	52900111	harbor1	chr5	52724514	52724640	DNA/hAT-Charlie	600	+	63	52724577	24466
chr5	52700111	52900111	harbor1	chr5	52759915	52760115	DNA/hAT-Charlie	1002	+	100	52760015	59904
chr5	52700111	52900111	harbor1	chr5	52763227	52763402	DNA/hAT-Charlie	639	+	88	52763315	63204
chr5	52700111	52900111	harbor1	chr5	52763764	52763904	DNA/hAT-Charlie	639	+	70	52763834	63723
chr5	52700111	52900111	harbor1	chr5	52707301	52707478	DNA/hAT-Charlie	571	+	88	52707389	7278
chr5	6533087	6733087	harbor1	chr5	6565425	6565594	DNA/hAT-Charlie	492	+	84	6565509	32422
chr5	6533087	6733087	harbor1	chr5	6626081	6626316	DNA/hAT-Charlie	554	+	118	6626199	93112
chr5	10333600	10533600	harbor1	chr5	10349865	10350009	DNA/hAT-Charlie	509	+	72	10349937	16337
chr5	10333600	10533600	harbor1	chr5	10399199	10399399	DNA/hAT-Charlie	421	+	100	10399299	65699
chr5	10333600	10533600	harbor1	chr5	10405917	10406234	DNA/hAT-Charlie	1881	+	158	10406075	72475
chr5	10341898	10541898	harbor1	chr5	10349865	10350009	DNA/hAT-Charlie	509	+	72	10349937	8039
chr5	10341898	10541898	harbor1	chr5	10399199	10399399	DNA/hAT-Charlie	421	+	100	10399299	57401
chr5	10341898	10541898	harbor1	chr5	10405917	10406234	DNA/hAT-Charlie	1881	+	158	10406075	64177
chr5	73350922	73550922	harbor1	chr5	73411255	73411378	DNA/hAT-Charlie	417	+	62	73411317	60395
chr5	73350922	73550922	harbor1	chr5	73426804	73426946	DNA/hAT-Charlie	659	+	71	73426875	75953
chr5	10661144	10861144	harbor1	chr5	10661299	10661381	DNA/hAT-Charlie	480	+	41	10661340	196
chr5	10661144	10861144	harbor1	chr5	10661837	10661860	DNA/hAT-Charlie	480	+	12	10661849	705
chr5	10661144	10861144	harbor1	chr5	10665546	10665891	DNA/hAT-Charlie	1803	+	172	10665718	4574
chr5	10661144	10861144	harbor1	chr5	10714140	10714504	DNA/hAT-Charlie	849	+	182	10714322	53178
chr5	10661144	10861144	harbor1	chr5	10726369	10726520	DNA/hAT-Charlie	614	+	76	10726445	65301
chr5	10661144	10861144	harbor1	chr5	10735140	10735479	DNA/hAT-Charlie	972	+	170	10735310	74166
chr5	10661144	10861144	harbor1	chr5	10735473	10735663	DNA/hAT-Charlie	475	+	95	10735568	74424
chr5	10341940	10541940	harbor1	chr5	10349865	10350009	DNA/hAT-Charlie	509	+	72	10349937	7997
chr5	10341940	10541940	harbor1	chr5	10399199	10399399	DNA/hAT-Charlie	421	+	100	10399299	57359
chr5	10341940	10541940	harbor1	chr5	10405917	10406234	DNA/hAT-Charlie	1881	+	158	10406075	64135
chr5	37740447	37940447	harbor1	chr5	37740926	37741124	DNA/hAT-Charlie	545	+	99	37741025	578
chr5	37740447	37940447	harbor1	chr5	37801931	37802091	DNA/hAT-Charlie	1009	+	80	37802011	61564
chr5	37740447	37940447	harbor1	chr5	37805214	37805279	DNA/hAT-Charlie	508	+	32	37805246	64799
chr5	37740447	37940447	harbor1	chr5	37807901	37808176	DNA/hAT-Charlie	524	+	138	37808039	67592
chr5	37740447	37940447	harbor1	chr5	37826633	37826921	DNA/hAT-Charlie	719	+	144	37826777	86330
chr5	37740447	37940447	harbor1	chr5	37827677	37827762	DNA/hAT-Charlie	444	+	42	37827719	87272
chr5	37740447	37940447	harbor1	chr5	37827851	37827975	DNA/hAT-Charlie	495	+	62	37827913	87466
chr5	37740447	37940447	harbor1	chr5	37832750	37832892	DNA/hAT-Charlie	851	+	71	37832821	92374
chr5	10186534	10386534	harbor1	chr5	10267291	10267475	DNA/hAT-Charlie	763	+	92	10267383	80849
chr5	10186534	10386534	harbor1	chr5	10267788	10267929	DNA/hAT-Charlie	706	+	70	10267858	81324
chr5	10186534	10386534	harbor1	chr5	10267953	10268066	DNA/hAT-Charlie	665	+	56	10268009	81475
chr5	10186534	10386534	harbor1	chr5	10276735	10277089	DNA/hAT-Charlie	2399	+	177	10276912	90378
chr5	10186534	10386534	harbor1	chr5	10277392	10277647	DNA/hAT-Charlie	2399	+	128	10277520	90986
chr5	10653254	10853254	harbor1	chr5	10661299	10661381	DNA/hAT-Charlie	480	+	41	10661340	8086
chr5	10653254	10853254	harbor1	chr5	10661837	10661860	DNA/hAT-Charlie	480	+	12	10661849	8595
chr5	10653254	10853254	harbor1	chr5	10665546	10665891	DNA/hAT-Charlie	1803	+	172	10665718	12464
chr5	10653254	10853254	harbor1	chr5	10714140	10714504	DNA/hAT-Charlie	849	+	182	10714322	61068
chr5	10653254	10853254	harbor1	chr5	10726369	10726520	DNA/hAT-Charlie	614	+	76	10726445	73191
chr5	10653254	10853254	harbor1	chr5	10735140	10735479	DNA/hAT-Charlie	972	+	170	10735310	82056
chr5	10653254	10853254	harbor1	chr5	10735473	10735663	DNA/hAT-Charlie	475	+	95	10735568	82314
chr5	128994660	129194660	harbor1	chr5	129067126	129067297	DNA/hAT-Charlie	888	+	86	129067212	72552
chr5	128994660	129194660	harbor1	chr5	129093519	129093740	DNA/hAT-Charlie	917	+	110	129093629	98969
chr5	72733843	72933843	harbor1	chr5	72739811	72739993	DNA/hAT-Charlie	493	+	91	72739902	6059
chr5	72733843	72933843	harbor1	chr5	72773259	72773682	DNA/hAT-Charlie	2938	+	212	72773471	39628
chr5	72733843	72933843	harbor1	chr5	72793445	72793784	DNA/hAT-Charlie	1778	+	170	72793615	59772
chr5	72733843	72933843	harbor1	chr5	72793837	72793910	DNA/hAT-Charlie	475	+	36	72793873	60030
chr5	72733843	72933843	harbor1	chr5	72826270	72826448	DNA/hAT-Charlie	732	+	89	72826359	92516
chr5	178132777	178332777	harbor1	chr5	178192277	178192348	DNA/hAT-Charlie	427	+	36	178192313	59536
chr5	178132777	178332777	harbor1	chr5	178192685	178192872	DNA/hAT-Charlie	577	+	94	178192779	60002
chr5	178132777	178332777	harbor1	chr5	178193308	178193368	DNA/hAT-Charlie	577	+	30	178193338	60561
chr5	9289591	9489591	harbor1	chr5	9292765	9292986	DNA/hAT-Charlie	1176	+	110	9292875	3284
chr5	9289591	9489591	harbor1	chr5	9314292	9314575	DNA/hAT-Charlie	925	+	142	9314434	24843
chr5	9289591	9489591	harbor1	chr5	9352727	9352941	DNA/hAT-Charlie	1054	+	107	9352834	63243
chr5	9114312	9314312	harbor1	chr5	9149171	9149307	DNA/hAT-Charlie	525	+	68	9149239	34927
chr5	9114312	9314312	harbor1	chr5	9204716	9205066	DNA/hAT-Charlie	2150	+	175	9204891	90579
chr5	9114312	9314312	harbor1	chr5	9213579	9213796	DNA/hAT-Charlie	878	+	108	9213687	99375
chr5	79136006	79336006	harbor1	chr5	79144088	79144259	DNA/hAT-Charlie	653	+	86	79144174	8168
chr5	79136006	79336006	harbor1	chr5	79148964	79149303	DNA/hAT-Charlie	497	+	170	79149134	13128
chr5	79136006	79336006	harbor1	chr5	79149508	79149829	DNA/hAT-Charlie	1954	+	160	79149668	13662
chr5	79136006	79336006	harbor1	chr5	79150140	79150185	DNA/hAT-Charlie	1954	+	22	79150162	14156
chr5	79136006	79336006	harbor1	chr5	79150477	79150645	DNA/hAT-Charlie	1954	+	84	79150561	14555
chr5	79136006	79336006	harbor1	chr5	79150929	79151075	DNA/hAT-Charlie	1954	+	73	79151002	14996
chr5	79136006	79336006	harbor1	chr5	79157856	79158018	DNA/hAT-Charlie	838	+	81	79157937	21931
chr5	79136006	79336006	harbor1	chr5	79194041	79194218	DNA/hAT-Charlie	937	+	88	79194129	58123
chr5	79136006	79336006	harbor1	chr5	79194227	79194560	DNA/hAT-Charlie	2246	+	166	79194393	58387
chr5	75136482	75336482	harbor1	chr5	75140994	75141096	DNA/hAT-Charlie	682	+	51	75141045	4563
chr5	75136482	75336482	harbor1	chr5	75227722	75228059	DNA/hAT-Charlie	2403	+	168	75227890	91408
chr5	10661132	10861132	harbor1	chr5	10661299	10661381	DNA/hAT-Charlie	480	+	41	10661340	208
chr5	10661132	10861132	harbor1	chr5	10661837	10661860	DNA/hAT-Charlie	480	+	12	10661849	717
chr5	10661132	10861132	harbor1	chr5	10665546	10665891	DNA/hAT-Charlie	1803	+	172	10665718	4586
chr5	10661132	10861132	harbor1	chr5	10714140	10714504	DNA/hAT-Charlie	849	+	182	10714322	53190
chr5	10661132	10861132	harbor1	chr5	10726369	10726520	DNA/hAT-Charlie	614	+	76	10726445	65313
chr5	10661132	10861132	harbor1	chr5	10735140	10735479	DNA/hAT-Charlie	972	+	170	10735310	74178
chr5	10661132	10861132	harbor1	chr5	10735473	10735663	DNA/hAT-Charlie	475	+	95	10735568	74436
chr5	89882308	90082308	harbor1	chr5	89910535	89910777	DNA/hAT-Charlie	459	+	121	89910656	28348
chr5	89882308	90082308	harbor1	chr5	89912422	89912607	DNA/hAT-Charlie	801	+	92	89912514	30206
chr5	89882308	90082308	harbor1	chr5	89914606	89914708	DNA/hAT-Charlie	598	+	51	89914657	32349
chr5	89882308	90082308	harbor1	chr5	89939200	89939362	DNA/hAT-Charlie	618	+	81	89939281	56973
chr5	10661219	10861219	harbor1	chr5	10661299	10661381	DNA/hAT-Charlie	480	+	41	10661340	121
chr5	10661219	10861219	harbor1	chr5	10661837	10661860	DNA/hAT-Charlie	480	+	12	10661849	630
chr5	10661219	10861219	harbor1	chr5	10665546	10665891	DNA/hAT-Charlie	1803	+	172	10665718	4499
chr5	10661219	10861219	harbor1	chr5	10714140	10714504	DNA/hAT-Charlie	849	+	182	10714322	53103
chr5	10661219	10861219	harbor1	chr5	10726369	10726520	DNA/hAT-Charlie	614	+	76	10726445	65226
chr5	10661219	10861219	harbor1	chr5	10735140	10735479	DNA/hAT-Charlie	972	+	170	10735310	74091
chr5	10661219	10861219	harbor1	chr5	10735473	10735663	DNA/hAT-Charlie	475	+	95	10735568	74349
chr5	10339138	10539138	harbor1	chr5	10349865	10350009	DNA/hAT-Charlie	509	+	72	10349937	10799
chr5	10339138	10539138	harbor1	chr5	10399199	10399399	DNA/hAT-Charlie	421	+	100	10399299	60161
chr5	10339138	10539138	harbor1	chr5	10405917	10406234	DNA/hAT-Charlie	1881	+	158	10406075	66937
chr5	73338840	73538840	harbor1	chr5	73411255	73411378	DNA/hAT-Charlie	417	+	62	73411317	72477
chr5	73338840	73538840	harbor1	chr5	73426804	73426946	DNA/hAT-Charlie	659	+	71	73426875	88035
chr5	133511368	133711368	harbor1	chr5	133581695	133581834	DNA/hAT-Charlie	762	+	70	133581765	70397
chr5	133511368	133711368	harbor1	chr5	133598278	133598405	DNA/hAT-Charlie	548	+	64	133598342	86974
chr5	135442075	135642075	harbor1	chr5	135463059	135463327	DNA/hAT-Charlie	589	+	134	135463193	21118
chr5	135442075	135642075	harbor1	chr5	135472492	135472844	DNA/hAT-Charlie	1386	+	176	135472668	30593
chr5	135442075	135642075	harbor1	chr5	135500595	135501083	DNA/hAT-Charlie	3219	+	244	135500839	58764
chr5	41825178	42025178	harbor1	chr5	41838497	41838625	DNA/hAT-Charlie	643	+	64	41838561	13383
chr5	41825178	42025178	harbor1	chr5	41838904	41838960	DNA/hAT-Charlie	643	+	28	41838932	13754
chr5	41825178	42025178	harbor1	chr5	41867973	41868134	DNA/hAT-Charlie	859	+	80	41868053	42875
chr5	41825178	42025178	harbor1	chr5	41875575	41875733	DNA/hAT-Charlie	1169	+	79	41875654	50476
chr5	41825178	42025178	harbor1	chr5	41876039	41876507	DNA/hAT-Charlie	1169	+	234	41876273	51095
chr5	41825178	42025178	harbor1	chr5	41876510	41876774	DNA/hAT-Charlie	469	+	132	41876642	51464
chr5	41825178	42025178	harbor1	chr5	41916618	41916757	DNA/hAT-Charlie	503	+	70	41916688	91510
chr5	10338301	10538301	harbor1	chr5	10349865	10350009	DNA/hAT-Charlie	509	+	72	10349937	11636
chr5	10338301	10538301	harbor1	chr5	10399199	10399399	DNA/hAT-Charlie	421	+	100	10399299	60998
chr5	10338301	10538301	harbor1	chr5	10405917	10406234	DNA/hAT-Charlie	1881	+	158	10406075	67774
chr5	10339062	10539062	harbor1	chr5	10349865	10350009	DNA/hAT-Charlie	509	+	72	10349937	10875
chr5	10339062	10539062	harbor1	chr5	10399199	10399399	DNA/hAT-Charlie	421	+	100	10399299	60237
chr5	10339062	10539062	harbor1	chr5	10405917	10406234	DNA/hAT-Charlie	1881	+	158	10406075	67013
chr5	10338313	10538313	harbor1	chr5	10349865	10350009	DNA/hAT-Charlie	509	+	72	10349937	11624
chr5	10338313	10538313	harbor1	chr5	10399199	10399399	DNA/hAT-Charlie	421	+	100	10399299	60986
chr5	10338313	10538313	harbor1	chr5	10405917	10406234	DNA/hAT-Charlie	1881	+	158	10406075	67762
chr5	133482188	133682188	harbor1	chr5	133581695	133581834	DNA/hAT-Charlie	762	+	70	133581765	99577
chr5	9114417	9314417	harbor1	chr5	9149171	9149307	DNA/hAT-Charlie	525	+	68	9149239	34822
chr5	9114417	9314417	harbor1	chr5	9204716	9205066	DNA/hAT-Charlie	2150	+	175	9204891	90474
chr5	9114417	9314417	harbor1	chr5	9213579	9213796	DNA/hAT-Charlie	878	+	108	9213687	99270
chr5	73351520	73551520	harbor1	chr5	73411255	73411378	DNA/hAT-Charlie	417	+	62	73411317	59797
chr5	73351520	73551520	harbor1	chr5	73426804	73426946	DNA/hAT-Charlie	659	+	71	73426875	75355
chr5	135008381	135208381	harbor1	chr5	135105420	135105587	DNA/hAT-Charlie	738	+	84	135105504	97123
chr5	134460977	134660977	harbor1	chr5	134517520	134517618	DNA/hAT-Charlie	426	+	49	134517569	56592
chr5	134460977	134660977	harbor1	chr5	134533289	134533416	DNA/hAT-Charlie	454	+	64	134533353	72376
chr5	135008344	135208344	harbor1	chr5	135105420	135105587	DNA/hAT-Charlie	738	+	84	135105504	97160
chr5	52700146	52900146	harbor1	chr5	52711938	52712105	DNA/hAT-Charlie	525	+	84	52712022	11876
chr5	52700146	52900146	harbor1	chr5	52724514	52724640	DNA/hAT-Charlie	600	+	63	52724577	24431
chr5	52700146	52900146	harbor1	chr5	52759915	52760115	DNA/hAT-Charlie	1002	+	100	52760015	59869
chr5	52700146	52900146	harbor1	chr5	52763227	52763402	DNA/hAT-Charlie	639	+	88	52763315	63169
chr5	52700146	52900146	harbor1	chr5	52763764	52763904	DNA/hAT-Charlie	639	+	70	52763834	63688
chr5	52700146	52900146	harbor1	chr5	52707301	52707478	DNA/hAT-Charlie	571	+	88	52707389	7243
chr5	168386457	168586457	harbor1	chr5	168405244	168405426	DNA/hAT-Charlie	730	+	91	168405335	18878
chr5	168386457	168586457	harbor1	chr5	168422665	168422863	DNA/hAT-Charlie	606	+	99	168422764	36307
chr5	168386457	168586457	harbor1	chr5	168423173	168423285	DNA/hAT-Charlie	606	+	56	168423229	36772
chr5	168386457	168586457	harbor1	chr5	168450023	168450267	DNA/hAT-Charlie	775	+	122	168450145	63688
chr5	168386457	168586457	harbor1	chr5	168468701	168468924	DNA/hAT-Charlie	987	+	112	168468813	82356
chr5	168386457	168586457	harbor1	chr5	168474681	168474939	DNA/hAT-Charlie	969	+	129	168474810	88353
chr5	168386457	168586457	harbor1	chr5	168484385	168484622	DNA/hAT-Charlie	660	+	118	168484503	98046
chr5	73351488	73551488	harbor1	chr5	73411255	73411378	DNA/hAT-Charlie	417	+	62	73411317	59829
chr5	73351488	73551488	harbor1	chr5	73426804	73426946	DNA/hAT-Charlie	659	+	71	73426875	75387
chr5	177411621	177611621	harbor1	chr5	177435742	177435969	DNA/hAT-Charlie	458	+	114	177435856	24235
chr5	177411621	177611621	harbor1	chr5	177450740	177450911	DNA/hAT-Charlie	824	+	86	177450826	39205
chr5	177411621	177611621	harbor1	chr5	177461846	177462118	DNA/hAT-Charlie	479	+	136	177461982	50361
chr5	177411621	177611621	harbor1	chr5	177499012	177499201	DNA/hAT-Charlie	1573	+	94	177499106	87485
chr5	177411621	177611621	harbor1	chr5	177499509	177499631	DNA/hAT-Charlie	1573	+	61	177499570	87949
chr5	177411621	177611621	harbor1	chr5	177501781	177501919	DNA/hAT-Charlie	442	+	69	177501850	90229
chr5	10341929	10541929	harbor1	chr5	10349865	10350009	DNA/hAT-Charlie	509	+	72	10349937	8008
chr5	10341929	10541929	harbor1	chr5	10399199	10399399	DNA/hAT-Charlie	421	+	100	10399299	57370
chr5	10341929	10541929	harbor1	chr5	10405917	10406234	DNA/hAT-Charlie	1881	+	158	10406075	64146
chr5	52700057	52900057	harbor1	chr5	52711938	52712105	DNA/hAT-Charlie	525	+	84	52712022	11965
chr5	52700057	52900057	harbor1	chr5	52724514	52724640	DNA/hAT-Charlie	600	+	63	52724577	24520
chr5	52700057	52900057	harbor1	chr5	52759915	52760115	DNA/hAT-Charlie	1002	+	100	52760015	59958
chr5	52700057	52900057	harbor1	chr5	52763227	52763402	DNA/hAT-Charlie	639	+	88	52763315	63258
chr5	52700057	52900057	harbor1	chr5	52763764	52763904	DNA/hAT-Charlie	639	+	70	52763834	63777
chr5	52700057	52900057	harbor1	chr5	52707301	52707478	DNA/hAT-Charlie	571	+	88	52707389	7332
chr5	980578	1180578	harbor1	chr5	1039964	1040294	DNA/hAT-Charlie	2157	+	165	1040129	59551
chr5	73351609	73551609	harbor1	chr5	73411255	73411378	DNA/hAT-Charlie	417	+	62	73411317	59708
chr5	73351609	73551609	harbor1	chr5	73426804	73426946	DNA/hAT-Charlie	659	+	71	73426875	75266
chr5	137653914	137853914	harbor1	chr5	137667062	137667268	DNA/hAT-Charlie	1212	+	103	137667165	13251
chr5	137653914	137853914	harbor1	chr5	137717930	137718202	DNA/hAT-Charlie	850	+	136	137718066	64152
chr5	10661192	10861192	harbor1	chr5	10661299	10661381	DNA/hAT-Charlie	480	+	41	10661340	148
chr5	10661192	10861192	harbor1	chr5	10661837	10661860	DNA/hAT-Charlie	480	+	12	10661849	657
chr5	10661192	10861192	harbor1	chr5	10665546	10665891	DNA/hAT-Charlie	1803	+	172	10665718	4526
chr5	10661192	10861192	harbor1	chr5	10714140	10714504	DNA/hAT-Charlie	849	+	182	10714322	53130
chr5	10661192	10861192	harbor1	chr5	10726369	10726520	DNA/hAT-Charlie	614	+	76	10726445	65253
chr5	10661192	10861192	harbor1	chr5	10735140	10735479	DNA/hAT-Charlie	972	+	170	10735310	74118
chr5	10661192	10861192	harbor1	chr5	10735473	10735663	DNA/hAT-Charlie	475	+	95	10735568	74376
chr5	73345271	73545271	harbor1	chr5	73411255	73411378	DNA/hAT-Charlie	417	+	62	73411317	66046
chr5	73345271	73545271	harbor1	chr5	73426804	73426946	DNA/hAT-Charlie	659	+	71	73426875	81604
chr5	133166160	133366160	harbor1	chr5	133209371	133209528	DNA/hAT-Charlie	830	+	78	133209449	43289
chr5	133166160	133366160	harbor1	chr5	133264006	133264216	DNA/hAT-Charlie	814	+	105	133264111	97951
chr5	73350862	73550862	harbor1	chr5	73411255	73411378	DNA/hAT-Charlie	417	+	62	73411317	60455
chr5	73350862	73550862	harbor1	chr5	73426804	73426946	DNA/hAT-Charlie	659	+	71	73426875	76013
chr5	133206059	133406059	harbor1	chr5	133209371	133209528	DNA/hAT-Charlie	830	+	78	133209449	3390
chr5	133206059	133406059	harbor1	chr5	133264006	133264216	DNA/hAT-Charlie	814	+	105	133264111	58052
chr5	133206059	133406059	harbor1	chr5	133275774	133276174	DNA/hAT-Charlie	1662	+	200	133275974	69915
chr5	133206059	133406059	harbor1	chr5	133279151	133279476	DNA/hAT-Charlie	1993	+	162	133279313	73254
chr5	133206059	133406059	harbor1	chr5	133291374	133291547	DNA/hAT-Charlie	806	+	86	133291460	85401
chr5	135008272	135208272	harbor1	chr5	135105420	135105587	DNA/hAT-Charlie	738	+	84	135105504	97232
chr5	37740476	37940476	harbor1	chr5	37740926	37741124	DNA/hAT-Charlie	545	+	99	37741025	549
chr5	37740476	37940476	harbor1	chr5	37801931	37802091	DNA/hAT-Charlie	1009	+	80	37802011	61535
chr5	37740476	37940476	harbor1	chr5	37805214	37805279	DNA/hAT-Charlie	508	+	32	37805246	64770
chr5	37740476	37940476	harbor1	chr5	37807901	37808176	DNA/hAT-Charlie	524	+	138	37808039	67563
chr5	37740476	37940476	harbor1	chr5	37826633	37826921	DNA/hAT-Charlie	719	+	144	37826777	86301
chr5	37740476	37940476	harbor1	chr5	37827677	37827762	DNA/hAT-Charlie	444	+	42	37827719	87243
chr5	37740476	37940476	harbor1	chr5	37827851	37827975	DNA/hAT-Charlie	495	+	62	37827913	87437
chr5	37740476	37940476	harbor1	chr5	37832750	37832892	DNA/hAT-Charlie	851	+	71	37832821	92345
chr5	73345492	73545492	harbor1	chr5	73411255	73411378	DNA/hAT-Charlie	417	+	62	73411317	65825
chr5	73345492	73545492	harbor1	chr5	73426804	73426946	DNA/hAT-Charlie	659	+	71	73426875	81383
chr5	73345455	73545455	harbor1	chr5	73411255	73411378	DNA/hAT-Charlie	417	+	62	73411317	65862
chr5	73345455	73545455	harbor1	chr5	73426804	73426946	DNA/hAT-Charlie	659	+	71	73426875	81420
chr5	9114300	9314300	harbor1	chr5	9149171	9149307	DNA/hAT-Charlie	525	+	68	9149239	34939
chr5	9114300	9314300	harbor1	chr5	9204716	9205066	DNA/hAT-Charlie	2150	+	175	9204891	90591
chr5	9114300	9314300	harbor1	chr5	9213579	9213796	DNA/hAT-Charlie	878	+	108	9213687	99387
chr5	52700042	52900042	harbor1	chr5	52711938	52712105	DNA/hAT-Charlie	525	+	84	52712022	11980
chr5	52700042	52900042	harbor1	chr5	52724514	52724640	DNA/hAT-Charlie	600	+	63	52724577	24535
chr5	52700042	52900042	harbor1	chr5	52759915	52760115	DNA/hAT-Charlie	1002	+	100	52760015	59973
chr5	52700042	52900042	harbor1	chr5	52763227	52763402	DNA/hAT-Charlie	639	+	88	52763315	63273
chr5	52700042	52900042	harbor1	chr5	52763764	52763904	DNA/hAT-Charlie	639	+	70	52763834	63792
chr5	52700042	52900042	harbor1	chr5	52707301	52707478	DNA/hAT-Charlie	571	+	88	52707389	7347
chr6	7626958	7826958	harbor1	chr6	7634408	7634547	DNA/hAT-Charlie	441	+	70	7634478	7520
chr6	7626958	7826958	harbor1	chr6	7651827	7652000	DNA/hAT-Charlie	460	+	86	7651913	24955
chr6	7626958	7826958	harbor1	chr6	7685736	7685941	DNA/hAT-Charlie	1160	+	102	7685838	58880
chr6	7626958	7826958	harbor1	chr6	7708279	7708432	DNA/hAT-Charlie	1238	+	76	7708355	81397
chr6	7626958	7826958	harbor1	chr6	7708730	7708810	DNA/hAT-Charlie	1238	+	40	7708770	81812
chr6	147103351	147303351	harbor1	chr6	147161748	147162026	DNA/hAT-Charlie	1068	+	139	147161887	58536
chr6	147103351	147303351	harbor1	chr6	147167711	147167861	DNA/hAT-Charlie	519	+	75	147167786	64435
chr6	147103351	147303351	harbor1	chr6	147169383	147169709	DNA/hAT-Charlie	1243	+	163	147169546	66195
chr6	147103351	147303351	harbor1	chr6	147192397	147192602	DNA/hAT-Charlie	860	+	102	147192499	89148
chr6	151352847	151552847	harbor1	chr6	151431596	151431925	DNA/hAT-Charlie	1136	+	164	151431760	78913
chr6	151352847	151552847	harbor1	chr6	151432237	151432270	DNA/hAT-Charlie	1136	+	16	151432253	79406
chr6	151352847	151552847	harbor1	chr6	151437193	151437434	DNA/hAT-Charlie	653	+	120	151437313	84466
chr6	7626630	7826630	harbor1	chr6	7634408	7634547	DNA/hAT-Charlie	441	+	70	7634478	7848
chr6	7626630	7826630	harbor1	chr6	7651827	7652000	DNA/hAT-Charlie	460	+	86	7651913	25283
chr6	7626630	7826630	harbor1	chr6	7685736	7685941	DNA/hAT-Charlie	1160	+	102	7685838	59208
chr6	7626630	7826630	harbor1	chr6	7708279	7708432	DNA/hAT-Charlie	1238	+	76	7708355	81725
chr6	7626630	7826630	harbor1	chr6	7708730	7708810	DNA/hAT-Charlie	1238	+	40	7708770	82140
chr6	30588846	30788846	harbor1	chr6	30623591	30623739	DNA/hAT-Charlie	767	+	74	30623665	34819
chr6	124862322	125062322	harbor1	chr6	124889605	124889781	DNA/hAT-Charlie	815	+	88	124889693	27371
chr6	124862322	125062322	harbor1	chr6	124899014	124899144	DNA/hAT-Charlie	718	+	65	124899079	36757
chr6	124862322	125062322	harbor1	chr6	124899122	124899834	DNA/hAT-Charlie	2647	+	356	124899478	37156
chr6	37070820	37270820	harbor1	chr6	37075709	37075891	DNA/hAT-Charlie	1619	+	91	37075800	4980
chr6	37070820	37270820	harbor1	chr6	37076204	37076365	DNA/hAT-Charlie	1619	+	80	37076284	5464
chr6	37070820	37270820	harbor1	chr6	37078794	37079053	DNA/hAT-Charlie	463	+	130	37078924	8104
chr6	37070820	37270820	harbor1	chr6	37083921	37084081	DNA/hAT-Charlie	825	+	80	37084001	13181
chr6	37070820	37270820	harbor1	chr6	37084384	37084431	DNA/hAT-Charlie	825	+	24	37084408	13588
chr6	37070820	37270820	harbor1	chr6	37121439	37121532	DNA/hAT-Charlie	450	+	46	37121485	50665
chr6	37070820	37270820	harbor1	chr6	37139662	37139816	DNA/hAT-Charlie	542	+	77	37139739	68919
chr6	32869543	33069543	harbor1	chr6	32869432	32869562	DNA/hAT-Charlie	568	+	65	32869497	46
chr6	32869543	33069543	harbor1	chr6	32958869	32959098	DNA/hAT-Charlie	645	+	114	32958983	89440
chr6	32869543	33069543	harbor1	chr6	32963274	32963551	DNA/hAT-Charlie	925	+	138	32963412	93869
chr6	32869543	33069543	harbor1	chr6	32963885	32963987	DNA/hAT-Charlie	520	+	51	32963936	94393
chr6	32869543	33069543	harbor1	chr6	32966235	32966265	DNA/hAT-Charlie	775	+	15	32966250	96707
chr6	32869543	33069543	harbor1	chr6	32966558	32966714	DNA/hAT-Charlie	775	+	78	32966636	97093
chr6	118833199	119033199	harbor1	chr6	118848386	118848623	DNA/hAT-Charlie	734	+	118	118848504	15305
chr6	118833199	119033199	harbor1	chr6	118879502	118879695	DNA/hAT-Charlie	806	+	96	118879598	46399
chr6	118833199	119033199	harbor1	chr6	118900348	118900587	DNA/hAT-Charlie	572	+	120	118900468	67269
chr6	28999817	29199817	harbor1	chr6	29042798	29043108	DNA/hAT-Charlie	700	+	155	29042953	43136
chr6	37002540	37202540	harbor1	chr6	37036238	37036554	DNA/hAT-Charlie	1909	+	158	37036396	33856
chr6	37002540	37202540	harbor1	chr6	37075709	37075891	DNA/hAT-Charlie	1619	+	91	37075800	73260
chr6	37002540	37202540	harbor1	chr6	37076204	37076365	DNA/hAT-Charlie	1619	+	80	37076284	73744
chr6	37002540	37202540	harbor1	chr6	37078794	37079053	DNA/hAT-Charlie	463	+	130	37078924	76384
chr6	37002540	37202540	harbor1	chr6	37083921	37084081	DNA/hAT-Charlie	825	+	80	37084001	81461
chr6	37002540	37202540	harbor1	chr6	37084384	37084431	DNA/hAT-Charlie	825	+	24	37084408	81868
chr6	7626969	7826969	harbor1	chr6	7634408	7634547	DNA/hAT-Charlie	441	+	70	7634478	7509
chr6	7626969	7826969	harbor1	chr6	7651827	7652000	DNA/hAT-Charlie	460	+	86	7651913	24944
chr6	7626969	7826969	harbor1	chr6	7685736	7685941	DNA/hAT-Charlie	1160	+	102	7685838	58869
chr6	7626969	7826969	harbor1	chr6	7708279	7708432	DNA/hAT-Charlie	1238	+	76	7708355	81386
chr6	7626969	7826969	harbor1	chr6	7708730	7708810	DNA/hAT-Charlie	1238	+	40	7708770	81801
chr6	7332945	7532945	harbor1	chr6	7371116	7371297	DNA/hAT-Charlie	1177	+	90	7371206	38261
chr6	7332945	7532945	harbor1	chr6	7391609	7391846	DNA/hAT-Charlie	955	+	118	7391727	58782
chr6	7332945	7532945	harbor1	chr6	7392063	7392370	DNA/hAT-Charlie	722	+	154	7392217	59272
chr6	7332945	7532945	harbor1	chr6	7400393	7400676	DNA/hAT-Charlie	1272	+	142	7400535	67590
chr6	7332945	7532945	harbor1	chr6	7427890	7428095	DNA/hAT-Charlie	752	+	102	7427992	95047
chr6	139275442	139475442	harbor1	chr6	139286578	139287057	DNA/hAT-Charlie	3411	+	240	139286818	11376
chr6	89849514	90049514	harbor1	chr6	89897254	89897424	DNA/hAT-Charlie	776	+	85	89897339	47825
chr6	45540929	45740929	harbor1	chr6	45593908	45594206	DNA/hAT-Charlie	931	+	149	45594057	53128
chr6	45540929	45740929	harbor1	chr6	45594678	45594859	DNA/hAT-Charlie	923	+	90	45594768	53839
chr6	45540929	45740929	harbor1	chr6	45615797	45616085	DNA/hAT-Charlie	1596	+	144	45615941	75012
chr6	41537009	41737009	harbor1	chr6	41554277	41554491	DNA/hAT-Charlie	563	+	107	41554384	17375
chr6	41537009	41737009	harbor1	chr6	41559793	41559952	DNA/hAT-Charlie	707	+	80	41559873	22864
chr6	41537009	41737009	harbor1	chr6	41594351	41594678	DNA/hAT-Charlie	619	+	164	41594515	57506
chr6	41537009	41737009	harbor1	chr6	41629600	41629834	DNA/hAT-Charlie	1246	+	117	41629717	92708
chr6	15417264	15617264	harbor1	chr6	15494227	15494382	DNA/hAT-Charlie	687	+	78	15494305	77041
chr6	169864030	170064030	harbor1	chr6	169894576	169894908	DNA/hAT-Charlie	1944	+	166	169894742	30712
chr6	169864030	170064030	harbor1	chr6	169955699	169955875	DNA/hAT-Charlie	476	+	88	169955787	91757
chr6	139275115	139475115	harbor1	chr6	139286578	139287057	DNA/hAT-Charlie	3411	+	240	139286818	11703
chr6	43072122	43272122	harbor1	chr6	43118116	43118254	DNA/hAT-Charlie	854	+	69	43118185	46063
chr6	43072122	43272122	harbor1	chr6	43118556	43118601	DNA/hAT-Charlie	854	+	22	43118578	46456
chr6	43072122	43272122	harbor1	chr6	43152620	43152725	DNA/hAT-Charlie	558	+	52	43152672	80550
chr6	43072122	43272122	harbor1	chr6	43153084	43153100	DNA/hAT-Charlie	558	+	8	43153092	80970
chr6	43072122	43272122	harbor1	chr6	43159161	43159566	DNA/hAT-Charlie	576	+	202	43159363	87241
chr6	149350987	149550987	harbor1	chr6	149369234	149369352	DNA/hAT-Charlie	497	+	59	149369293	18306
chr6	149350987	149550987	harbor1	chr6	149406511	149406581	DNA/hAT-Charlie	441	+	35	149406546	55559
chr6	7626955	7826955	harbor1	chr6	7634408	7634547	DNA/hAT-Charlie	441	+	70	7634478	7523
chr6	7626955	7826955	harbor1	chr6	7651827	7652000	DNA/hAT-Charlie	460	+	86	7651913	24958
chr6	7626955	7826955	harbor1	chr6	7685736	7685941	DNA/hAT-Charlie	1160	+	102	7685838	58883
chr6	7626955	7826955	harbor1	chr6	7708279	7708432	DNA/hAT-Charlie	1238	+	76	7708355	81400
chr6	7626955	7826955	harbor1	chr6	7708730	7708810	DNA/hAT-Charlie	1238	+	40	7708770	81815
chr6	45540939	45740939	harbor1	chr6	45593908	45594206	DNA/hAT-Charlie	931	+	149	45594057	53118
chr6	45540939	45740939	harbor1	chr6	45594678	45594859	DNA/hAT-Charlie	923	+	90	45594768	53829
chr6	45540939	45740939	harbor1	chr6	45615797	45616085	DNA/hAT-Charlie	1596	+	144	45615941	75002
chr6	63473404	63673404	harbor1	chr6	63473945	63474326	DNA/hAT-Charlie	855	+	190	63474135	731
chr6	63473404	63673404	harbor1	chr6	63474629	63474639	DNA/hAT-Charlie	855	+	5	63474634	1230
chr6	63473404	63673404	harbor1	chr6	63474914	63475175	DNA/hAT-Charlie	855	+	130	63475044	1640
chr6	63473404	63673404	harbor1	chr6	63523655	63523840	DNA/hAT-Charlie	1155	+	92	63523747	50343
chr6	63473404	63673404	harbor1	chr6	63537218	63537375	DNA/hAT-Charlie	727	+	78	63537296	63892
chr6	139275101	139475101	harbor1	chr6	139286578	139287057	DNA/hAT-Charlie	3411	+	240	139286818	11717
chr6	169862720	170062720	harbor1	chr6	169894576	169894908	DNA/hAT-Charlie	1944	+	166	169894742	32022
chr6	169862720	170062720	harbor1	chr6	169955699	169955875	DNA/hAT-Charlie	476	+	88	169955787	93067
chr6	41091927	41291927	harbor1	chr6	41103757	41103874	DNA/hAT-Charlie	532	+	58	41103815	11888
chr6	41091927	41291927	harbor1	chr6	41135440	41135630	DNA/hAT-Charlie	456	+	95	41135535	43608
chr6	41091927	41291927	harbor1	chr6	41182386	41182548	DNA/hAT-Charlie	661	+	81	41182467	90540
chr6	139274669	139474669	harbor1	chr6	139286578	139287057	DNA/hAT-Charlie	3411	+	240	139286818	12149
chr6	45540991	45740991	harbor1	chr6	45593908	45594206	DNA/hAT-Charlie	931	+	149	45594057	53066
chr6	45540991	45740991	harbor1	chr6	45594678	45594859	DNA/hAT-Charlie	923	+	90	45594768	53777
chr6	45540991	45740991	harbor1	chr6	45615797	45616085	DNA/hAT-Charlie	1596	+	144	45615941	74950
chr6	37070848	37270848	harbor1	chr6	37075709	37075891	DNA/hAT-Charlie	1619	+	91	37075800	4952
chr6	37070848	37270848	harbor1	chr6	37076204	37076365	DNA/hAT-Charlie	1619	+	80	37076284	5436
chr6	37070848	37270848	harbor1	chr6	37078794	37079053	DNA/hAT-Charlie	463	+	130	37078924	8076
chr6	37070848	37270848	harbor1	chr6	37083921	37084081	DNA/hAT-Charlie	825	+	80	37084001	13153
chr6	37070848	37270848	harbor1	chr6	37084384	37084431	DNA/hAT-Charlie	825	+	24	37084408	13560
chr6	37070848	37270848	harbor1	chr6	37121439	37121532	DNA/hAT-Charlie	450	+	46	37121485	50637
chr6	37070848	37270848	harbor1	chr6	37139662	37139816	DNA/hAT-Charlie	542	+	77	37139739	68891
chr6	139272471	139472471	harbor1	chr6	139286578	139287057	DNA/hAT-Charlie	3411	+	240	139286818	14347
chr6	35352657	35552657	harbor1	chr6	35409804	35409959	DNA/hAT-Charlie	697	+	78	35409882	57225
chr6	2665180	2865180	harbor1	chr6	2685715	2685788	DNA/hAT-Charlie	531	+	36	2685751	20571
chr6	2665180	2865180	harbor1	chr6	2686098	2686232	DNA/hAT-Charlie	531	+	67	2686165	20985
chr6	2665180	2865180	harbor1	chr6	2701698	2701864	DNA/hAT-Charlie	589	+	83	2701781	36601
chr6	2665180	2865180	harbor1	chr6	2710880	2711149	DNA/hAT-Charlie	594	+	134	2711014	45834
chr6	2665180	2865180	harbor1	chr6	2742950	2743187	DNA/hAT-Charlie	626	+	118	2743068	77888
chr6	89719739	89919739	harbor1	chr6	89736910	89737044	DNA/hAT-Charlie	510	+	67	89736977	17238
chr6	7623404	7823404	harbor1	chr6	7634408	7634547	DNA/hAT-Charlie	441	+	70	7634478	11074
chr6	7623404	7823404	harbor1	chr6	7651827	7652000	DNA/hAT-Charlie	460	+	86	7651913	28509
chr6	7623404	7823404	harbor1	chr6	7685736	7685941	DNA/hAT-Charlie	1160	+	102	7685838	62434
chr6	7623404	7823404	harbor1	chr6	7708279	7708432	DNA/hAT-Charlie	1238	+	76	7708355	84951
chr6	7623404	7823404	harbor1	chr6	7708730	7708810	DNA/hAT-Charlie	1238	+	40	7708770	85366
chr6	37070842	37270842	harbor1	chr6	37075709	37075891	DNA/hAT-Charlie	1619	+	91	37075800	4958
chr6	37070842	37270842	harbor1	chr6	37076204	37076365	DNA/hAT-Charlie	1619	+	80	37076284	5442
chr6	37070842	37270842	harbor1	chr6	37078794	37079053	DNA/hAT-Charlie	463	+	130	37078924	8082
chr6	37070842	37270842	harbor1	chr6	37083921	37084081	DNA/hAT-Charlie	825	+	80	37084001	13159
chr6	37070842	37270842	harbor1	chr6	37084384	37084431	DNA/hAT-Charlie	825	+	24	37084408	13566
chr6	37070842	37270842	harbor1	chr6	37121439	37121532	DNA/hAT-Charlie	450	+	46	37121485	50643
chr6	37070842	37270842	harbor1	chr6	37139662	37139816	DNA/hAT-Charlie	542	+	77	37139739	68897
chr6	161052402	161252402	harbor1	chr6	161058196	161058328	DNA/hAT-Charlie	451	+	66	161058262	5860
chr6	161052402	161252402	harbor1	chr6	161081193	161081391	DNA/hAT-Charlie	604	+	99	161081292	28890
chr6	161052402	161252402	harbor1	chr6	161114849	161115022	DNA/hAT-Charlie	747	+	86	161114935	62533
chr6	161052402	161252402	harbor1	chr6	161143695	161143934	DNA/hAT-Charlie	513	+	120	161143815	91413
chr6	45533773	45733773	harbor1	chr6	45593908	45594206	DNA/hAT-Charlie	931	+	149	45594057	60284
chr6	45533773	45733773	harbor1	chr6	45594678	45594859	DNA/hAT-Charlie	923	+	90	45594768	60995
chr6	45533773	45733773	harbor1	chr6	45615797	45616085	DNA/hAT-Charlie	1596	+	144	45615941	82168
chr6	127167321	127367321	harbor1	chr6	127234504	127234697	DNA/hAT-Charlie	528	+	96	127234600	67279
chr6	139275457	139475457	harbor1	chr6	139286578	139287057	DNA/hAT-Charlie	3411	+	240	139286818	11361
chr6	63473429	63673429	harbor1	chr6	63473945	63474326	DNA/hAT-Charlie	855	+	190	63474135	706
chr6	63473429	63673429	harbor1	chr6	63474629	63474639	DNA/hAT-Charlie	855	+	5	63474634	1205
chr6	63473429	63673429	harbor1	chr6	63474914	63475175	DNA/hAT-Charlie	855	+	130	63475044	1615
chr6	63473429	63673429	harbor1	chr6	63523655	63523840	DNA/hAT-Charlie	1155	+	92	63523747	50318
chr6	63473429	63673429	harbor1	chr6	63537218	63537375	DNA/hAT-Charlie	727	+	78	63537296	63867
chr6	7626967	7826967	harbor1	chr6	7634408	7634547	DNA/hAT-Charlie	441	+	70	7634478	7511
chr6	7626967	7826967	harbor1	chr6	7651827	7652000	DNA/hAT-Charlie	460	+	86	7651913	24946
chr6	7626967	7826967	harbor1	chr6	7685736	7685941	DNA/hAT-Charlie	1160	+	102	7685838	58871
chr6	7626967	7826967	harbor1	chr6	7708279	7708432	DNA/hAT-Charlie	1238	+	76	7708355	81388
chr6	7626967	7826967	harbor1	chr6	7708730	7708810	DNA/hAT-Charlie	1238	+	40	7708770	81803
chr6	139275547	139475547	harbor1	chr6	139286578	139287057	DNA/hAT-Charlie	3411	+	240	139286818	11271
chr6	139274614	139474614	harbor1	chr6	139286578	139287057	DNA/hAT-Charlie	3411	+	240	139286818	12204
chr6	166056777	166256777	harbor1	chr6	166134681	166134892	DNA/hAT-Charlie	634	+	106	166134787	78010
chr6	166056777	166256777	harbor1	chr6	166134930	166134966	DNA/hAT-Charlie	634	+	18	166134948	78171
chr6	166056777	166256777	harbor1	chr6	166135260	166135341	DNA/hAT-Charlie	634	+	40	166135300	78523
chr6	166056777	166256777	harbor1	chr6	166139788	166139860	DNA/hAT-Charlie	501	+	36	166139824	83047
chr6	166056777	166256777	harbor1	chr6	166140161	166140335	DNA/hAT-Charlie	501	+	87	166140248	83471
chr6	166056777	166256777	harbor1	chr6	166143816	166144045	DNA/hAT-Charlie	1684	+	114	166143930	87153
chr6	43872397	44072397	harbor1	chr6	43970355	43970463	DNA/hAT-Charlie	468	+	54	43970409	98012
chr6	37070850	37270850	harbor1	chr6	37075709	37075891	DNA/hAT-Charlie	1619	+	91	37075800	4950
chr6	37070850	37270850	harbor1	chr6	37076204	37076365	DNA/hAT-Charlie	1619	+	80	37076284	5434
chr6	37070850	37270850	harbor1	chr6	37078794	37079053	DNA/hAT-Charlie	463	+	130	37078924	8074
chr6	37070850	37270850	harbor1	chr6	37083921	37084081	DNA/hAT-Charlie	825	+	80	37084001	13151
chr6	37070850	37270850	harbor1	chr6	37084384	37084431	DNA/hAT-Charlie	825	+	24	37084408	13558
chr6	37070850	37270850	harbor1	chr6	37121439	37121532	DNA/hAT-Charlie	450	+	46	37121485	50635
chr6	37070850	37270850	harbor1	chr6	37139662	37139816	DNA/hAT-Charlie	542	+	77	37139739	68889
chr6	139274583	139474583	harbor1	chr6	139286578	139287057	DNA/hAT-Charlie	3411	+	240	139286818	12235
chr6	167862891	168062891	harbor1	chr6	167947479	167947616	DNA/hAT-Charlie	597	+	68	167947547	84656
chr6	167862891	168062891	harbor1	chr6	167958938	167959119	DNA/hAT-Charlie	467	+	90	167959028	96137
chr6	37070872	37270872	harbor1	chr6	37075709	37075891	DNA/hAT-Charlie	1619	+	91	37075800	4928
chr6	37070872	37270872	harbor1	chr6	37076204	37076365	DNA/hAT-Charlie	1619	+	80	37076284	5412
chr6	37070872	37270872	harbor1	chr6	37078794	37079053	DNA/hAT-Charlie	463	+	130	37078924	8052
chr6	37070872	37270872	harbor1	chr6	37083921	37084081	DNA/hAT-Charlie	825	+	80	37084001	13129
chr6	37070872	37270872	harbor1	chr6	37084384	37084431	DNA/hAT-Charlie	825	+	24	37084408	13536
chr6	37070872	37270872	harbor1	chr6	37121439	37121532	DNA/hAT-Charlie	450	+	46	37121485	50613
chr6	37070872	37270872	harbor1	chr6	37139662	37139816	DNA/hAT-Charlie	542	+	77	37139739	68867
chr6	37070838	37270838	harbor1	chr6	37075709	37075891	DNA/hAT-Charlie	1619	+	91	37075800	4962
chr6	37070838	37270838	harbor1	chr6	37076204	37076365	DNA/hAT-Charlie	1619	+	80	37076284	5446
chr6	37070838	37270838	harbor1	chr6	37078794	37079053	DNA/hAT-Charlie	463	+	130	37078924	8086
chr6	37070838	37270838	harbor1	chr6	37083921	37084081	DNA/hAT-Charlie	825	+	80	37084001	13163
chr6	37070838	37270838	harbor1	chr6	37084384	37084431	DNA/hAT-Charlie	825	+	24	37084408	13570
chr6	37070838	37270838	harbor1	chr6	37121439	37121532	DNA/hAT-Charlie	450	+	46	37121485	50647
chr6	37070838	37270838	harbor1	chr6	37139662	37139816	DNA/hAT-Charlie	542	+	77	37139739	68901
chr6	165559080	165759080	harbor1	chr6	165562793	165563019	DNA/hAT-Charlie	711	+	113	165562906	3826
chr6	165559080	165759080	harbor1	chr6	165568923	165569239	DNA/hAT-Charlie	827	+	158	165569081	10001
chr6	33522113	33722113	harbor1	chr6	33528464	33528577	DNA/hAT-Charlie	532	+	56	33528520	6407
chr6	33522113	33722113	harbor1	chr6	33595389	33595603	DNA/hAT-Charlie	1357	+	107	33595496	73383
chr6	33522113	33722113	harbor1	chr6	33570669	33571073	DNA/hAT-Charlie	820	+	202	33570871	48758
chr6	33522113	33722113	harbor1	chr6	33619792	33620028	DNA/hAT-Charlie	608	+	118	33619910	97797
chr6	127167375	127367375	harbor1	chr6	127234504	127234697	DNA/hAT-Charlie	528	+	96	127234600	67225
chr6	127167314	127367314	harbor1	chr6	127234504	127234697	DNA/hAT-Charlie	528	+	96	127234600	67286
chr6	52184772	52384772	harbor1	chr6	52192515	52192805	DNA/hAT-Charlie	925	+	145	52192660	7888
chr6	52184772	52384772	harbor1	chr6	52253158	52253324	DNA/hAT-Charlie	734	+	83	52253241	68469
chr6	52184772	52384772	harbor1	chr6	52256061	52256301	DNA/hAT-Charlie	1513	+	120	52256181	71409
chr6	169864008	170064008	harbor1	chr6	169894576	169894908	DNA/hAT-Charlie	1944	+	166	169894742	30734
chr6	169864008	170064008	harbor1	chr6	169955699	169955875	DNA/hAT-Charlie	476	+	88	169955787	91779
chr6	139275131	139475131	harbor1	chr6	139286578	139287057	DNA/hAT-Charlie	3411	+	240	139286818	11687
chr6	7212661	7412661	harbor1	chr6	7254639	7254737	DNA/hAT-Charlie	456	+	49	7254688	42027
chr6	7212661	7412661	harbor1	chr6	7267515	7267683	DNA/hAT-Charlie	578	+	84	7267599	54938
chr6	127167318	127367318	harbor1	chr6	127234504	127234697	DNA/hAT-Charlie	528	+	96	127234600	67282
chr6	45540956	45740956	harbor1	chr6	45593908	45594206	DNA/hAT-Charlie	931	+	149	45594057	53101
chr6	45540956	45740956	harbor1	chr6	45594678	45594859	DNA/hAT-Charlie	923	+	90	45594768	53812
chr6	45540956	45740956	harbor1	chr6	45615797	45616085	DNA/hAT-Charlie	1596	+	144	45615941	74985
chr6	45541064	45741064	harbor1	chr6	45593908	45594206	DNA/hAT-Charlie	931	+	149	45594057	52993
chr6	45541064	45741064	harbor1	chr6	45594678	45594859	DNA/hAT-Charlie	923	+	90	45594768	53704
chr6	45541064	45741064	harbor1	chr6	45615797	45616085	DNA/hAT-Charlie	1596	+	144	45615941	74877
chr6	30386552	30586552	harbor1	chr6	30405398	30405750	DNA/hAT-Charlie	2036	+	176	30405574	19022
chr6	30386552	30586552	harbor1	chr6	30443668	30443775	DNA/hAT-Charlie	545	+	54	30443722	57170
chr6	139275446	139475446	harbor1	chr6	139286578	139287057	DNA/hAT-Charlie	3411	+	240	139286818	11372
chr6	43738762	43938762	harbor1	chr6	43796774	43797027	DNA/hAT-Charlie	618	+	126	43796900	58138
chr6	43738762	43938762	harbor1	chr6	43834205	43834358	DNA/hAT-Charlie	610	+	76	43834281	95519
chr6	52476001	52676001	harbor1	chr6	52478618	52478982	DNA/hAT-Charlie	627	+	182	52478800	2799
chr6	52476001	52676001	harbor1	chr6	52523856	52524020	DNA/hAT-Charlie	537	+	82	52523938	47937
chr6	52476001	52676001	harbor1	chr6	52534539	52534815	DNA/hAT-Charlie	571	+	138	52534677	58676
chr6	52476001	52676001	harbor1	chr6	52538577	52538735	DNA/hAT-Charlie	676	+	79	52538656	62655
chr6	127167369	127367369	harbor1	chr6	127234504	127234697	DNA/hAT-Charlie	528	+	96	127234600	67231
chr6	45540952	45740952	harbor1	chr6	45593908	45594206	DNA/hAT-Charlie	931	+	149	45594057	53105
chr6	45540952	45740952	harbor1	chr6	45594678	45594859	DNA/hAT-Charlie	923	+	90	45594768	53816
chr6	45540952	45740952	harbor1	chr6	45615797	45616085	DNA/hAT-Charlie	1596	+	144	45615941	74989
chr6	37183201	37383201	harbor1	chr6	37219267	37219420	DNA/hAT-Charlie	597	+	76	37219343	36142
chr6	37183201	37383201	harbor1	chr6	37251812	37251893	DNA/hAT-Charlie	1245	+	40	37251852	68651
chr6	37183201	37383201	harbor1	chr6	37252193	37252446	DNA/hAT-Charlie	1245	+	126	37252319	69118
chr6	37183201	37383201	harbor1	chr6	37254107	37254261	DNA/hAT-Charlie	852	+	77	37254184	70983
chr6	37002552	37202552	harbor1	chr6	37036238	37036554	DNA/hAT-Charlie	1909	+	158	37036396	33844
chr6	37002552	37202552	harbor1	chr6	37075709	37075891	DNA/hAT-Charlie	1619	+	91	37075800	73248
chr6	37002552	37202552	harbor1	chr6	37076204	37076365	DNA/hAT-Charlie	1619	+	80	37076284	73732
chr6	37002552	37202552	harbor1	chr6	37078794	37079053	DNA/hAT-Charlie	463	+	130	37078924	76372
chr6	37002552	37202552	harbor1	chr6	37083921	37084081	DNA/hAT-Charlie	825	+	80	37084001	81449
chr6	37002552	37202552	harbor1	chr6	37084384	37084431	DNA/hAT-Charlie	825	+	24	37084408	81856
chr6	30366711	30566711	harbor1	chr6	30405398	30405750	DNA/hAT-Charlie	2036	+	176	30405574	38863
chr6	30366711	30566711	harbor1	chr6	30443668	30443775	DNA/hAT-Charlie	545	+	54	30443722	77011
chr6	108461047	108661047	harbor1	chr6	108481369	108482351	DNA/hAT-Charlie	4909	+	491	108481860	20813
chr6	108461047	108661047	harbor1	chr6	108482959	108483447	DNA/hAT-Charlie	2297	+	244	108483203	22156
chr6	108461047	108661047	harbor1	chr6	108500301	108500461	DNA/hAT-Charlie	573	+	80	108500381	39334
chr6	108461047	108661047	harbor1	chr6	108521071	108521162	DNA/hAT-Charlie	673	+	46	108521117	60070
chr6	108461047	108661047	harbor1	chr6	108538715	108539016	DNA/hAT-Charlie	1029	+	150	108538865	77818
chr6	108461047	108661047	harbor1	chr6	108539320	108539486	DNA/hAT-Charlie	1029	+	83	108539403	78356
chr6	27415396	27615396	harbor1	chr6	27439048	27439175	DNA/hAT-Charlie	463	+	64	27439112	23716
chr6	27415396	27615396	harbor1	chr6	27514477	27514696	DNA/hAT-Charlie	1204	+	110	27514587	99191
chr6	4751953	4951953	harbor1	chr6	4757195	4757362	DNA/hAT-Charlie	469	+	84	4757279	5326
chr6	4751953	4951953	harbor1	chr6	4808539	4808648	DNA/hAT-Charlie	522	+	54	4808593	56640
chr6	4751953	4951953	harbor1	chr6	4811963	4812109	DNA/hAT-Charlie	556	+	73	4812036	60083
chr6	4751953	4951953	harbor1	chr6	4819689	4819919	DNA/hAT-Charlie	912	+	115	4819804	67851
chr6	139275475	139475475	harbor1	chr6	139286578	139287057	DNA/hAT-Charlie	3411	+	240	139286818	11343
chr6	30366632	30566632	harbor1	chr6	30405398	30405750	DNA/hAT-Charlie	2036	+	176	30405574	38942
chr6	30366632	30566632	harbor1	chr6	30443668	30443775	DNA/hAT-Charlie	545	+	54	30443722	77090
chr6	139274465	139474465	harbor1	chr6	139286578	139287057	DNA/hAT-Charlie	3411	+	240	139286818	12353
chr6	52184695	52384695	harbor1	chr6	52192515	52192805	DNA/hAT-Charlie	925	+	145	52192660	7965
chr6	52184695	52384695	harbor1	chr6	52253158	52253324	DNA/hAT-Charlie	734	+	83	52253241	68546
chr6	52184695	52384695	harbor1	chr6	52256061	52256301	DNA/hAT-Charlie	1513	+	120	52256181	71486
chr6	3749398	3949398	harbor1	chr6	3775593	3775759	DNA/hAT-Charlie	641	+	83	3775676	26278
chr6	3749398	3949398	harbor1	chr6	3784443	3784514	DNA/hAT-Charlie	524	+	36	3784479	35081
chr6	3749398	3949398	harbor1	chr6	3804815	3805024	DNA/hAT-Charlie	843	+	104	3804919	55521
chr6	167862848	168062848	harbor1	chr6	167947479	167947616	DNA/hAT-Charlie	597	+	68	167947547	84699
chr6	167862848	168062848	harbor1	chr6	167958938	167959119	DNA/hAT-Charlie	467	+	90	167959028	96180
chr6	150800581	151000581	harbor1	chr6	150838299	150838524	DNA/hAT-Charlie	1303	+	112	150838411	37830
chr6	31907277	32107277	harbor1	chr6	31910544	31910698	DNA/hAT-Charlie	792	+	77	31910621	3344
chr6	31907277	32107277	harbor1	chr6	31911334	31911529	DNA/hAT-Charlie	792	+	98	31911432	4155
chr6	39128541	39328541	harbor1	chr6	39170503	39170623	DNA/hAT-Charlie	518	+	60	39170563	42022
chr6	39128541	39328541	harbor1	chr6	39176418	39176711	DNA/hAT-Charlie	1155	+	146	39176564	48023
chr6	39128541	39328541	harbor1	chr6	39211539	39211672	DNA/hAT-Charlie	534	+	66	39211605	83064
chr6	147063104	147263104	harbor1	chr6	147073234	147073408	DNA/hAT-Charlie	647	+	87	147073321	10217
chr6	147063104	147263104	harbor1	chr6	147161748	147162026	DNA/hAT-Charlie	1068	+	139	147161887	98783
chr6	124862409	125062409	harbor1	chr6	124889605	124889781	DNA/hAT-Charlie	815	+	88	124889693	27284
chr6	124862409	125062409	harbor1	chr6	124899014	124899144	DNA/hAT-Charlie	718	+	65	124899079	36670
chr6	124862409	125062409	harbor1	chr6	124899122	124899834	DNA/hAT-Charlie	2647	+	356	124899478	37069
chr6	169863974	170063974	harbor1	chr6	169894576	169894908	DNA/hAT-Charlie	1944	+	166	169894742	30768
chr6	169863974	170063974	harbor1	chr6	169955699	169955875	DNA/hAT-Charlie	476	+	88	169955787	91813
chr6	135363713	135563713	harbor1	chr6	135389919	135390133	DNA/hAT-Charlie	1229	+	107	135390026	26313
chr6	135363713	135563713	harbor1	chr6	135447807	135448028	DNA/hAT-Charlie	959	+	110	135447917	84204
chr6	135363713	135563713	harbor1	chr6	135449723	135449898	DNA/hAT-Charlie	659	+	88	135449811	86098
chr6	146813086	147013086	harbor1	chr6	146891913	146892011	DNA/hAT-Charlie	447	+	49	146891962	78876
chr6	106529506	106729506	harbor1	chr6	106530853	106531098	DNA/hAT-Charlie	732	+	122	106530975	1469
chr6	106529506	106729506	harbor1	chr6	106584965	106585164	DNA/hAT-Charlie	530	+	100	106585065	55559
chr6	130963222	131163222	harbor1	chr6	131044802	131045062	DNA/hAT-Charlie	500	+	130	131044932	81710
chr6	27415400	27615400	harbor1	chr6	27439048	27439175	DNA/hAT-Charlie	463	+	64	27439112	23712
chr6	27415400	27615400	harbor1	chr6	27514477	27514696	DNA/hAT-Charlie	1204	+	110	27514587	99187
chr6	41091934	41291934	harbor1	chr6	41103757	41103874	DNA/hAT-Charlie	532	+	58	41103815	11881
chr6	41091934	41291934	harbor1	chr6	41135440	41135630	DNA/hAT-Charlie	456	+	95	41135535	43601
chr6	41091934	41291934	harbor1	chr6	41182386	41182548	DNA/hAT-Charlie	661	+	81	41182467	90533
chr6	37070864	37270864	harbor1	chr6	37075709	37075891	DNA/hAT-Charlie	1619	+	91	37075800	4936
chr6	37070864	37270864	harbor1	chr6	37076204	37076365	DNA/hAT-Charlie	1619	+	80	37076284	5420
chr6	37070864	37270864	harbor1	chr6	37078794	37079053	DNA/hAT-Charlie	463	+	130	37078924	8060
chr6	37070864	37270864	harbor1	chr6	37083921	37084081	DNA/hAT-Charlie	825	+	80	37084001	13137
chr6	37070864	37270864	harbor1	chr6	37084384	37084431	DNA/hAT-Charlie	825	+	24	37084408	13544
chr6	37070864	37270864	harbor1	chr6	37121439	37121532	DNA/hAT-Charlie	450	+	46	37121485	50621
chr6	37070864	37270864	harbor1	chr6	37139662	37139816	DNA/hAT-Charlie	542	+	77	37139739	68875
chr6	139275440	139475440	harbor1	chr6	139286578	139287057	DNA/hAT-Charlie	3411	+	240	139286818	11378
chr6	127167312	127367312	harbor1	chr6	127234504	127234697	DNA/hAT-Charlie	528	+	96	127234600	67288
chr6	124862399	125062399	harbor1	chr6	124889605	124889781	DNA/hAT-Charlie	815	+	88	124889693	27294
chr6	124862399	125062399	harbor1	chr6	124899014	124899144	DNA/hAT-Charlie	718	+	65	124899079	36680
chr6	124862399	125062399	harbor1	chr6	124899122	124899834	DNA/hAT-Charlie	2647	+	356	124899478	37079
chr6	35589290	35789290	harbor1	chr6	35592704	35592925	DNA/hAT-Charlie	1060	+	110	35592814	3524
chr6	169864066	170064066	harbor1	chr6	169894576	169894908	DNA/hAT-Charlie	1944	+	166	169894742	30676
chr6	169864066	170064066	harbor1	chr6	169955699	169955875	DNA/hAT-Charlie	476	+	88	169955787	91721
chr6	37070857	37270857	harbor1	chr6	37075709	37075891	DNA/hAT-Charlie	1619	+	91	37075800	4943
chr6	37070857	37270857	harbor1	chr6	37076204	37076365	DNA/hAT-Charlie	1619	+	80	37076284	5427
chr6	37070857	37270857	harbor1	chr6	37078794	37079053	DNA/hAT-Charlie	463	+	130	37078924	8067
chr6	37070857	37270857	harbor1	chr6	37083921	37084081	DNA/hAT-Charlie	825	+	80	37084001	13144
chr6	37070857	37270857	harbor1	chr6	37084384	37084431	DNA/hAT-Charlie	825	+	24	37084408	13551
chr6	37070857	37270857	harbor1	chr6	37121439	37121532	DNA/hAT-Charlie	450	+	46	37121485	50628
chr6	37070857	37270857	harbor1	chr6	37139662	37139816	DNA/hAT-Charlie	542	+	77	37139739	68882
chr6	139275439	139475439	harbor1	chr6	139286578	139287057	DNA/hAT-Charlie	3411	+	240	139286818	11379
chr6	37002937	37202937	harbor1	chr6	37036238	37036554	DNA/hAT-Charlie	1909	+	158	37036396	33459
chr6	37002937	37202937	harbor1	chr6	37075709	37075891	DNA/hAT-Charlie	1619	+	91	37075800	72863
chr6	37002937	37202937	harbor1	chr6	37076204	37076365	DNA/hAT-Charlie	1619	+	80	37076284	73347
chr6	37002937	37202937	harbor1	chr6	37078794	37079053	DNA/hAT-Charlie	463	+	130	37078924	75987
chr6	37002937	37202937	harbor1	chr6	37083921	37084081	DNA/hAT-Charlie	825	+	80	37084001	81064
chr6	37002937	37202937	harbor1	chr6	37084384	37084431	DNA/hAT-Charlie	825	+	24	37084408	81471
chr6	170062470	170262470	harbor1	chr6	170077104	170077580	DNA/hAT-Charlie	1589	+	238	170077342	14872
chr6	170062470	170262470	harbor1	chr6	170124799	170124990	DNA/hAT-Charlie	690	+	96	170124895	62425
chr6	139275169	139475169	harbor1	chr6	139286578	139287057	DNA/hAT-Charlie	3411	+	240	139286818	11649
chr6	139274579	139474579	harbor1	chr6	139286578	139287057	DNA/hAT-Charlie	3411	+	240	139286818	12239
chr6	11714941	11914941	harbor1	chr6	11719203	11719315	DNA/hAT-Charlie	519	+	56	11719259	4318
chr6	11714941	11914941	harbor1	chr6	11761712	11761875	DNA/hAT-Charlie	606	+	82	11761794	46853
chr6	11714941	11914941	harbor1	chr6	11769455	11769580	DNA/hAT-Charlie	523	+	62	11769517	54576
chr6	11714941	11914941	harbor1	chr6	11798834	11799018	DNA/hAT-Charlie	901	+	92	11798926	83985
chr6	37070849	37270849	harbor1	chr6	37075709	37075891	DNA/hAT-Charlie	1619	+	91	37075800	4951
chr6	37070849	37270849	harbor1	chr6	37076204	37076365	DNA/hAT-Charlie	1619	+	80	37076284	5435
chr6	37070849	37270849	harbor1	chr6	37078794	37079053	DNA/hAT-Charlie	463	+	130	37078924	8075
chr6	37070849	37270849	harbor1	chr6	37083921	37084081	DNA/hAT-Charlie	825	+	80	37084001	13152
chr6	37070849	37270849	harbor1	chr6	37084384	37084431	DNA/hAT-Charlie	825	+	24	37084408	13559
chr6	37070849	37270849	harbor1	chr6	37121439	37121532	DNA/hAT-Charlie	450	+	46	37121485	50636
chr6	37070849	37270849	harbor1	chr6	37139662	37139816	DNA/hAT-Charlie	542	+	77	37139739	68890
chr6	45540949	45740949	harbor1	chr6	45593908	45594206	DNA/hAT-Charlie	931	+	149	45594057	53108
chr6	45540949	45740949	harbor1	chr6	45594678	45594859	DNA/hAT-Charlie	923	+	90	45594768	53819
chr6	45540949	45740949	harbor1	chr6	45615797	45616085	DNA/hAT-Charlie	1596	+	144	45615941	74992
chr6	33104683	33304683	harbor1	chr6	33149085	33149235	DNA/hAT-Charlie	572	+	75	33149160	44477
chr6	41832810	42032810	harbor1	chr6	41897182	41897440	DNA/hAT-Charlie	3216	+	129	41897311	64501
chr6	41832810	42032810	harbor1	chr6	41897740	41898040	DNA/hAT-Charlie	3216	+	150	41897890	65080
chr6	41832810	42032810	harbor1	chr6	41898340	41898447	DNA/hAT-Charlie	3216	+	54	41898394	65584
chr6	41832810	42032810	harbor1	chr6	41899070	41899693	DNA/hAT-Charlie	3216	+	312	41899382	66572
chr6	41832810	42032810	harbor1	chr6	41899995	41900016	DNA/hAT-Charlie	3216	+	10	41900005	67195
chr6	41832810	42032810	harbor1	chr6	41900244	41900302	DNA/hAT-Charlie	3216	+	29	41900273	67463
chr6	41832810	42032810	harbor1	chr6	41913133	41913259	DNA/hAT-Charlie	548	+	63	41913196	80386
chr6	41832810	42032810	harbor1	chr6	41917650	41917810	DNA/hAT-Charlie	598	+	80	41917730	84920
chr6	18268218	18468218	harbor1	chr6	18271590	18271735	DNA/hAT-Charlie	815	+	72	18271662	3444
chr6	18268218	18468218	harbor1	chr6	18283685	18283881	DNA/hAT-Charlie	616	+	98	18283783	15565
chr6	18268218	18468218	harbor1	chr6	18343739	18343828	DNA/hAT-Charlie	571	+	44	18343783	75565
chr6	31996199	32196199	harbor1	chr6	32055615	32055741	DNA/hAT-Charlie	592	+	63	32055678	59479
chr6	31996199	32196199	harbor1	chr6	32072367	32072687	DNA/hAT-Charlie	1597	+	160	32072527	76328
chr6	31996199	32196199	harbor1	chr6	32072968	32073081	DNA/hAT-Charlie	1597	+	56	32073024	76825
chr6	150800587	151000587	harbor1	chr6	150838299	150838524	DNA/hAT-Charlie	1303	+	112	150838411	37824
chr6	139275128	139475128	harbor1	chr6	139286578	139287057	DNA/hAT-Charlie	3411	+	240	139286818	11690
chr6	139275156	139475156	harbor1	chr6	139286578	139287057	DNA/hAT-Charlie	3411	+	240	139286818	11662
chr6	167862904	168062904	harbor1	chr6	167947479	167947616	DNA/hAT-Charlie	597	+	68	167947547	84643
chr6	167862904	168062904	harbor1	chr6	167958938	167959119	DNA/hAT-Charlie	467	+	90	167959028	96124
chr6	41448352	41648352	harbor1	chr6	41535076	41535403	DNA/hAT-Charlie	1613	+	164	41535240	86888
chr6	36969380	37169380	harbor1	chr6	37001074	37001368	DNA/hAT-Charlie	1713	+	147	37001221	31841
chr6	36969380	37169380	harbor1	chr6	37036238	37036554	DNA/hAT-Charlie	1909	+	158	37036396	67016
chr6	52184723	52384723	harbor1	chr6	52192515	52192805	DNA/hAT-Charlie	925	+	145	52192660	7937
chr6	52184723	52384723	harbor1	chr6	52253158	52253324	DNA/hAT-Charlie	734	+	83	52253241	68518
chr6	52184723	52384723	harbor1	chr6	52256061	52256301	DNA/hAT-Charlie	1513	+	120	52256181	71458
chr6	7626959	7826959	harbor1	chr6	7634408	7634547	DNA/hAT-Charlie	441	+	70	7634478	7519
chr6	7626959	7826959	harbor1	chr6	7651827	7652000	DNA/hAT-Charlie	460	+	86	7651913	24954
chr6	7626959	7826959	harbor1	chr6	7685736	7685941	DNA/hAT-Charlie	1160	+	102	7685838	58879
chr6	7626959	7826959	harbor1	chr6	7708279	7708432	DNA/hAT-Charlie	1238	+	76	7708355	81396
chr6	7626959	7826959	harbor1	chr6	7708730	7708810	DNA/hAT-Charlie	1238	+	40	7708770	81811
chr6	3682582	3882582	harbor1	chr6	3721478	3721810	DNA/hAT-Charlie	704	+	166	3721644	39062
chr6	3682582	3882582	harbor1	chr6	3775593	3775759	DNA/hAT-Charlie	641	+	83	3775676	93094
chr6	41460705	41660705	harbor1	chr6	41535076	41535403	DNA/hAT-Charlie	1613	+	164	41535240	74535
chr6	41460705	41660705	harbor1	chr6	41554277	41554491	DNA/hAT-Charlie	563	+	107	41554384	93679
chr6	41460705	41660705	harbor1	chr6	41559793	41559952	DNA/hAT-Charlie	707	+	80	41559873	99168
chr6	167860271	168060271	harbor1	chr6	167947479	167947616	DNA/hAT-Charlie	597	+	68	167947547	87276
chr6	167860271	168060271	harbor1	chr6	167958938	167959119	DNA/hAT-Charlie	467	+	90	167959028	98757
chr6	30620053	30820053	harbor1	chr6	30623591	30623739	DNA/hAT-Charlie	767	+	74	30623665	3612
chr6	34138127	34338127	harbor1	chr6	34155435	34155523	DNA/hAT-Charlie	494	+	44	34155479	17352
chr6	34138127	34338127	harbor1	chr6	34155648	34155720	DNA/hAT-Charlie	494	+	36	34155684	17557
chr6	169863372	170063372	harbor1	chr6	169894576	169894908	DNA/hAT-Charlie	1944	+	166	169894742	31370
chr6	169863372	170063372	harbor1	chr6	169955699	169955875	DNA/hAT-Charlie	476	+	88	169955787	92415
chr6	127167326	127367326	harbor1	chr6	127234504	127234697	DNA/hAT-Charlie	528	+	96	127234600	67274
chr6	169864117	170064117	harbor1	chr6	169894576	169894908	DNA/hAT-Charlie	1944	+	166	169894742	30625
chr6	169864117	170064117	harbor1	chr6	169955699	169955875	DNA/hAT-Charlie	476	+	88	169955787	91670
chr6	169811811	170011811	harbor1	chr6	169894576	169894908	DNA/hAT-Charlie	1944	+	166	169894742	82931
chr6	99421489	99621489	harbor1	chr6	99435117	99435283	DNA/hAT-Charlie	439	+	83	99435200	13711
chr6	99421489	99621489	harbor1	chr6	99495800	99495980	DNA/hAT-Charlie	811	+	90	99495890	74401
chr6	99421489	99621489	harbor1	chr6	99498616	99498954	DNA/hAT-Charlie	1490	+	169	99498785	77296
chr6	99421489	99621489	harbor1	chr6	99504709	99504922	DNA/hAT-Charlie	761	+	106	99504815	83326
chr6	99421489	99621489	harbor1	chr6	99505725	99505909	DNA/hAT-Charlie	842	+	92	99505817	84328
chr6	139274599	139474599	harbor1	chr6	139286578	139287057	DNA/hAT-Charlie	3411	+	240	139286818	12219
chr6	107718661	107918661	harbor1	chr6	107729584	107729781	DNA/hAT-Charlie	487	+	98	107729682	11021
chr6	107718661	107918661	harbor1	chr6	107737937	107738040	DNA/hAT-Charlie	657	+	52	107737989	19328
chr6	107718661	107918661	harbor1	chr6	107750585	107750697	DNA/hAT-Charlie	440	+	56	107750641	31980
chr6	107718661	107918661	harbor1	chr6	107808719	107808829	DNA/hAT-Charlie	459	+	55	107808774	90113
chr6	107718661	107918661	harbor1	chr6	107815163	107815880	DNA/hAT-Charlie	1660	+	358	107815521	96860
chr6	52184760	52384760	harbor1	chr6	52192515	52192805	DNA/hAT-Charlie	925	+	145	52192660	7900
chr6	52184760	52384760	harbor1	chr6	52253158	52253324	DNA/hAT-Charlie	734	+	83	52253241	68481
chr6	52184760	52384760	harbor1	chr6	52256061	52256301	DNA/hAT-Charlie	1513	+	120	52256181	71421
chr6	7626659	7826659	harbor1	chr6	7634408	7634547	DNA/hAT-Charlie	441	+	70	7634478	7819
chr6	7626659	7826659	harbor1	chr6	7651827	7652000	DNA/hAT-Charlie	460	+	86	7651913	25254
chr6	7626659	7826659	harbor1	chr6	7685736	7685941	DNA/hAT-Charlie	1160	+	102	7685838	59179
chr6	7626659	7826659	harbor1	chr6	7708279	7708432	DNA/hAT-Charlie	1238	+	76	7708355	81696
chr6	7626659	7826659	harbor1	chr6	7708730	7708810	DNA/hAT-Charlie	1238	+	40	7708770	82111
chr6	7626996	7826996	harbor1	chr6	7634408	7634547	DNA/hAT-Charlie	441	+	70	7634478	7482
chr6	7626996	7826996	harbor1	chr6	7651827	7652000	DNA/hAT-Charlie	460	+	86	7651913	24917
chr6	7626996	7826996	harbor1	chr6	7685736	7685941	DNA/hAT-Charlie	1160	+	102	7685838	58842
chr6	7626996	7826996	harbor1	chr6	7708279	7708432	DNA/hAT-Charlie	1238	+	76	7708355	81359
chr6	7626996	7826996	harbor1	chr6	7708730	7708810	DNA/hAT-Charlie	1238	+	40	7708770	81774
chr6	149351042	149551042	harbor1	chr6	149369234	149369352	DNA/hAT-Charlie	497	+	59	149369293	18251
chr6	149351042	149551042	harbor1	chr6	149406511	149406581	DNA/hAT-Charlie	441	+	35	149406546	55504
chr6	169993799	170193799	harbor1	chr6	170006508	170006700	DNA/hAT-Charlie	690	+	96	170006604	12805
chr6	169993799	170193799	harbor1	chr6	170077104	170077580	DNA/hAT-Charlie	1589	+	238	170077342	83543
chr6	146813048	147013048	harbor1	chr6	146891913	146892011	DNA/hAT-Charlie	447	+	49	146891962	78914
chr6	157938132	158138132	harbor1	chr6	157947286	157947459	DNA/hAT-Charlie	662	+	86	157947372	9240
chr6	157938132	158138132	harbor1	chr6	158015411	158015864	DNA/hAT-Charlie	1182	+	226	158015637	77505
chr6	157938132	158138132	harbor1	chr6	158023772	158024142	DNA/hAT-Charlie	1331	+	185	158023957	85825
chr6	157938132	158138132	harbor1	chr6	158024428	158025008	DNA/hAT-Charlie	1331	+	290	158024718	86586
chr6	157938132	158138132	harbor1	chr6	158025355	158025388	DNA/hAT-Charlie	1331	+	16	158025371	87239
chr7	44439898	44639898	harbor1	chr7	44462674	44462837	DNA/hAT-Charlie	617	+	82	44462756	22858
chr7	44439898	44639898	harbor1	chr7	44473139	44473259	DNA/hAT-Charlie	470	+	60	44473199	33301
chr7	44439898	44639898	harbor1	chr7	44537987	44538127	DNA/hAT-Charlie	697	+	70	44538057	98159
chr7	6087612	6287612	harbor1	chr7	6112656	6112846	DNA/hAT-Charlie	1291	+	95	6112751	25139
chr7	6087612	6287612	harbor1	chr7	6138586	6138905	DNA/hAT-Charlie	2088	+	160	6138746	51134
chr7	6087612	6287612	harbor1	chr7	6158012	6158338	DNA/hAT-Charlie	1016	+	163	6158175	70563
chr7	50203887	50403887	harbor1	chr7	50219211	50219336	DNA/hAT-Charlie	562	+	62	50219273	15386
chr7	1801811	2001811	harbor1	chr7	1810204	1810449	DNA/hAT-Charlie	603	+	122	1810326	8515
chr7	1801811	2001811	harbor1	chr7	1877177	1877378	DNA/hAT-Charlie	922	+	100	1877277	75466
chr7	100393717	100593717	harbor1	chr7	100406173	100406403	DNA/hAT-Charlie	1128	+	115	100406288	12571
chr7	100393717	100593717	harbor1	chr7	100425591	100425977	DNA/hAT-Charlie	1781	+	193	100425784	32067
chr7	100393717	100593717	harbor1	chr7	100482343	100482397	DNA/hAT-Charlie	518	+	27	100482370	88653
chr7	100393717	100593717	harbor1	chr7	100482713	100482796	DNA/hAT-Charlie	524	+	42	100482755	89038
chr7	28080184	28280184	harbor1	chr7	28128168	28128241	DNA/hAT-Charlie	815	+	36	28128204	48020
chr7	28080184	28280184	harbor1	chr7	28128536	28128653	DNA/hAT-Charlie	815	+	58	28128594	48410
chr7	28080184	28280184	harbor1	chr7	28160036	28160248	DNA/hAT-Charlie	701	+	106	28160142	79958
chr7	28080184	28280184	harbor1	chr7	28168039	28168100	DNA/hAT-Charlie	718	+	30	28168069	87885
chr7	28080184	28280184	harbor1	chr7	28168404	28168639	DNA/hAT-Charlie	718	+	118	28168522	88338
chr7	148600313	148800313	harbor1	chr7	148636541	148636850	DNA/hAT-Charlie	688	+	154	148636695	36382
chr7	148600313	148800313	harbor1	chr7	148652916	148652979	DNA/hAT-Charlie	1036	+	32	148652948	52635
chr7	148600313	148800313	harbor1	chr7	148653340	148653488	DNA/hAT-Charlie	1036	+	74	148653414	53101
chr7	148600313	148800313	harbor1	chr7	148666424	148666662	DNA/hAT-Charlie	1486	+	119	148666543	66230
chr7	26995062	27195062	harbor1	chr7	27054392	27054567	DNA/hAT-Charlie	520	+	88	27054480	59418
chr7	88119108	88319108	harbor1	chr7	88212425	88212591	DNA/hAT-Charlie	734	+	83	88212508	93400
chr7	88119108	88319108	harbor1	chr7	88212596	88212740	DNA/hAT-Charlie	673	+	72	88212668	93560
chr7	88119108	88319108	harbor1	chr7	88212758	88212904	DNA/hAT-Charlie	740	+	73	88212831	93723
chr7	1758857	1958857	harbor1	chr7	1810204	1810449	DNA/hAT-Charlie	603	+	122	1810326	51469
chr7	25270019	25470019	harbor1	chr7	25273207	25273440	DNA/hAT-Charlie	1023	+	116	25273323	3304
chr7	25270019	25470019	harbor1	chr7	25282593	25282769	DNA/hAT-Charlie	664	+	88	25282681	12662
chr7	25270019	25470019	harbor1	chr7	25294748	25294970	DNA/hAT-Charlie	1211	+	111	25294859	24840
chr7	25270019	25470019	harbor1	chr7	25310063	25310146	DNA/hAT-Charlie	577	+	42	25310105	40086
chr7	25270019	25470019	harbor1	chr7	25330626	25330828	DNA/hAT-Charlie	1080	+	101	25330727	60708
chr7	28080267	28280267	harbor1	chr7	28128168	28128241	DNA/hAT-Charlie	815	+	36	28128204	47937
chr7	28080267	28280267	harbor1	chr7	28128536	28128653	DNA/hAT-Charlie	815	+	58	28128594	48327
chr7	28080267	28280267	harbor1	chr7	28160036	28160248	DNA/hAT-Charlie	701	+	106	28160142	79875
chr7	28080267	28280267	harbor1	chr7	28168039	28168100	DNA/hAT-Charlie	718	+	30	28168069	87802
chr7	28080267	28280267	harbor1	chr7	28168404	28168639	DNA/hAT-Charlie	718	+	118	28168522	88255
chr7	148598238	148798238	harbor1	chr7	148598433	148598590	DNA/hAT-Charlie	491	+	78	148598511	273
chr7	148598238	148798238	harbor1	chr7	148636541	148636850	DNA/hAT-Charlie	688	+	154	148636695	38457
chr7	148598238	148798238	harbor1	chr7	148652916	148652979	DNA/hAT-Charlie	1036	+	32	148652948	54710
chr7	148598238	148798238	harbor1	chr7	148653340	148653488	DNA/hAT-Charlie	1036	+	74	148653414	55176
chr7	148598238	148798238	harbor1	chr7	148666424	148666662	DNA/hAT-Charlie	1486	+	119	148666543	68305
chr7	123649232	123849232	harbor1	chr7	123658761	123658931	DNA/hAT-Charlie	621	+	85	123658846	9614
chr7	123649232	123849232	harbor1	chr7	123691341	123691669	DNA/hAT-Charlie	1212	+	164	123691505	42273
chr7	32628568	32828568	harbor1	chr7	32636195	32636439	DNA/hAT-Charlie	580	+	122	32636317	7749
chr7	28080180	28280180	harbor1	chr7	28128168	28128241	DNA/hAT-Charlie	815	+	36	28128204	48024
chr7	28080180	28280180	harbor1	chr7	28128536	28128653	DNA/hAT-Charlie	815	+	58	28128594	48414
chr7	28080180	28280180	harbor1	chr7	28160036	28160248	DNA/hAT-Charlie	701	+	106	28160142	79962
chr7	28080180	28280180	harbor1	chr7	28168039	28168100	DNA/hAT-Charlie	718	+	30	28168069	87889
chr7	28080180	28280180	harbor1	chr7	28168404	28168639	DNA/hAT-Charlie	718	+	118	28168522	88342
chr7	73470903	73670903	harbor1	chr7	73501482	73501644	DNA/hAT-Charlie	760	+	81	73501563	30660
chr7	73470903	73670903	harbor1	chr7	73512196	73512400	DNA/hAT-Charlie	1218	+	102	73512298	41395
chr7	44506780	44706780	harbor1	chr7	44537987	44538127	DNA/hAT-Charlie	697	+	70	44538057	31277
chr7	44506780	44706780	harbor1	chr7	44585107	44585344	DNA/hAT-Charlie	1081	+	118	44585225	78445
chr7	44506780	44706780	harbor1	chr7	44586021	44586196	DNA/hAT-Charlie	1217	+	88	44586109	79329
chr7	26995617	27195617	harbor1	chr7	27054392	27054567	DNA/hAT-Charlie	520	+	88	27054480	58863
chr7	50203852	50403852	harbor1	chr7	50219211	50219336	DNA/hAT-Charlie	562	+	62	50219273	15421
chr7	1762067	1962067	harbor1	chr7	1810204	1810449	DNA/hAT-Charlie	603	+	122	1810326	48259
chr7	1798319	1998319	harbor1	chr7	1810204	1810449	DNA/hAT-Charlie	603	+	122	1810326	12007
chr7	1798319	1998319	harbor1	chr7	1877177	1877378	DNA/hAT-Charlie	922	+	100	1877277	78958
chr7	97770965	97970965	harbor1	chr7	97798979	97799188	DNA/hAT-Charlie	759	+	104	97799083	28118
chr7	97770965	97970965	harbor1	chr7	97841732	97841968	DNA/hAT-Charlie	463	+	118	97841850	70885
chr7	97770965	97970965	harbor1	chr7	97851504	97851704	DNA/hAT-Charlie	988	+	100	97851604	80639
chr7	853415	1053415	harbor1	chr7	939084	939221	DNA/hAT-Charlie	587	+	68	939152	85737
chr7	853415	1053415	harbor1	chr7	939518	939547	DNA/hAT-Charlie	587	+	14	939532	86117
chr7	1801822	2001822	harbor1	chr7	1810204	1810449	DNA/hAT-Charlie	603	+	122	1810326	8504
chr7	1801822	2001822	harbor1	chr7	1877177	1877378	DNA/hAT-Charlie	922	+	100	1877277	75455
chr7	50203883	50403883	harbor1	chr7	50219211	50219336	DNA/hAT-Charlie	562	+	62	50219273	15390
chr7	32307595	32507595	harbor1	chr7	32323983	32324277	DNA/hAT-Charlie	1133	+	147	32324130	16535
chr7	32307595	32507595	harbor1	chr7	32324525	32324666	DNA/hAT-Charlie	645	+	70	32324595	17000
chr7	32307595	32507595	harbor1	chr7	32324960	32325030	DNA/hAT-Charlie	645	+	35	32324995	17400
chr7	32307595	32507595	harbor1	chr7	32375414	32375647	DNA/hAT-Charlie	972	+	116	32375530	67935
chr7	32307595	32507595	harbor1	chr7	32390313	32390524	DNA/hAT-Charlie	1175	+	106	32390419	82824
chr7	142715604	142915604	harbor1	chr7	142781045	142781178	DNA/hAT-Charlie	622	+	66	142781111	65507
chr7	142715604	142915604	harbor1	chr7	142781470	142781529	DNA/hAT-Charlie	622	+	30	142781500	65896
chr7	123649230	123849230	harbor1	chr7	123658761	123658931	DNA/hAT-Charlie	621	+	85	123658846	9616
chr7	123649230	123849230	harbor1	chr7	123691341	123691669	DNA/hAT-Charlie	1212	+	164	123691505	42275
chr7	123649229	123849229	harbor1	chr7	123658761	123658931	DNA/hAT-Charlie	621	+	85	123658846	9617
chr7	123649229	123849229	harbor1	chr7	123691341	123691669	DNA/hAT-Charlie	1212	+	164	123691505	42276
chr7	100388340	100588340	harbor1	chr7	100406173	100406403	DNA/hAT-Charlie	1128	+	115	100406288	17948
chr7	100388340	100588340	harbor1	chr7	100425591	100425977	DNA/hAT-Charlie	1781	+	193	100425784	37444
chr7	100388340	100588340	harbor1	chr7	100482343	100482397	DNA/hAT-Charlie	518	+	27	100482370	94030
chr7	100388340	100588340	harbor1	chr7	100482713	100482796	DNA/hAT-Charlie	524	+	42	100482755	94415
chr7	20678248	20878248	harbor1	chr7	20690062	20690308	DNA/hAT-Charlie	710	+	123	20690185	11937
chr7	20678248	20878248	harbor1	chr7	20690310	20690522	DNA/hAT-Charlie	657	+	106	20690416	12168
chr7	20678248	20878248	harbor1	chr7	20760531	20761105	DNA/hAT-Charlie	3669	+	287	20760818	82570
chr7	123649200	123849200	harbor1	chr7	123658761	123658931	DNA/hAT-Charlie	621	+	85	123658846	9646
chr7	123649200	123849200	harbor1	chr7	123691341	123691669	DNA/hAT-Charlie	1212	+	164	123691505	42305
chr7	44506860	44706860	harbor1	chr7	44537987	44538127	DNA/hAT-Charlie	697	+	70	44538057	31197
chr7	44506860	44706860	harbor1	chr7	44585107	44585344	DNA/hAT-Charlie	1081	+	118	44585225	78365
chr7	44506860	44706860	harbor1	chr7	44586021	44586196	DNA/hAT-Charlie	1217	+	88	44586109	79249
chr7	100328345	100528345	harbor1	chr7	100406173	100406403	DNA/hAT-Charlie	1128	+	115	100406288	77943
chr7	100328345	100528345	harbor1	chr7	100425591	100425977	DNA/hAT-Charlie	1781	+	193	100425784	97439
chr7	44439822	44639822	harbor1	chr7	44462674	44462837	DNA/hAT-Charlie	617	+	82	44462756	22934
chr7	44439822	44639822	harbor1	chr7	44473139	44473259	DNA/hAT-Charlie	470	+	60	44473199	33377
chr7	44439822	44639822	harbor1	chr7	44537987	44538127	DNA/hAT-Charlie	697	+	70	44538057	98235
chr7	28080203	28280203	harbor1	chr7	28128168	28128241	DNA/hAT-Charlie	815	+	36	28128204	48001
chr7	28080203	28280203	harbor1	chr7	28128536	28128653	DNA/hAT-Charlie	815	+	58	28128594	48391
chr7	28080203	28280203	harbor1	chr7	28160036	28160248	DNA/hAT-Charlie	701	+	106	28160142	79939
chr7	28080203	28280203	harbor1	chr7	28168039	28168100	DNA/hAT-Charlie	718	+	30	28168069	87866
chr7	28080203	28280203	harbor1	chr7	28168404	28168639	DNA/hAT-Charlie	718	+	118	28168522	88319
chr7	14798299	14998299	harbor1	chr7	14875715	14875940	DNA/hAT-Charlie	1341	+	112	14875827	77528
chr7	28080247	28280247	harbor1	chr7	28128168	28128241	DNA/hAT-Charlie	815	+	36	28128204	47957
chr7	28080247	28280247	harbor1	chr7	28128536	28128653	DNA/hAT-Charlie	815	+	58	28128594	48347
chr7	28080247	28280247	harbor1	chr7	28160036	28160248	DNA/hAT-Charlie	701	+	106	28160142	79895
chr7	28080247	28280247	harbor1	chr7	28168039	28168100	DNA/hAT-Charlie	718	+	30	28168069	87822
chr7	28080247	28280247	harbor1	chr7	28168404	28168639	DNA/hAT-Charlie	718	+	118	28168522	88275
chr7	149048098	149248098	harbor1	chr7	149059146	149059186	DNA/hAT-Charlie	688	+	20	149059166	11068
chr7	149048098	149248098	harbor1	chr7	149060183	149060348	DNA/hAT-Charlie	688	+	82	149060265	12167
chr7	149048098	149248098	harbor1	chr7	149087368	149087565	DNA/hAT-Charlie	748	+	98	149087466	39368
chr7	26995486	27195486	harbor1	chr7	27054392	27054567	DNA/hAT-Charlie	520	+	88	27054480	58994
chr7	100475318	100675318	harbor1	chr7	100482343	100482397	DNA/hAT-Charlie	518	+	27	100482370	7052
chr7	100475318	100675318	harbor1	chr7	100482713	100482796	DNA/hAT-Charlie	524	+	42	100482755	7437
chr7	100475318	100675318	harbor1	chr7	100496471	100496496	DNA/hAT-Charlie	686	+	12	100496483	21165
chr7	100475318	100675318	harbor1	chr7	100496795	100497078	DNA/hAT-Charlie	686	+	142	100496937	21619
chr7	90496291	90696291	harbor1	chr7	90541302	90541412	DNA/hAT-Charlie	632	+	55	90541357	45066
chr7	73518943	73718943	harbor1	chr7	73585279	73585327	DNA/hAT-Charlie	810	+	24	73585303	66360
chr7	73518943	73718943	harbor1	chr7	73585478	73585557	DNA/hAT-Charlie	810	+	40	73585518	66575
chr7	73518943	73718943	harbor1	chr7	73585859	73585923	DNA/hAT-Charlie	810	+	32	73585891	66948
chr7	25244355	25444355	harbor1	chr7	25265656	25265853	DNA/hAT-Charlie	904	+	98	25265754	21399
chr7	25244355	25444355	harbor1	chr7	25273207	25273440	DNA/hAT-Charlie	1023	+	116	25273323	28968
chr7	25244355	25444355	harbor1	chr7	25282593	25282769	DNA/hAT-Charlie	664	+	88	25282681	38326
chr7	25244355	25444355	harbor1	chr7	25294748	25294970	DNA/hAT-Charlie	1211	+	111	25294859	50504
chr7	25244355	25444355	harbor1	chr7	25310063	25310146	DNA/hAT-Charlie	577	+	42	25310105	65750
chr7	25244355	25444355	harbor1	chr7	25330626	25330828	DNA/hAT-Charlie	1080	+	101	25330727	86372
chr7	150296831	150496831	harbor1	chr7	150333260	150333471	DNA/hAT-Charlie	909	+	106	150333366	36535
chr7	28080222	28280222	harbor1	chr7	28128168	28128241	DNA/hAT-Charlie	815	+	36	28128204	47982
chr7	28080222	28280222	harbor1	chr7	28128536	28128653	DNA/hAT-Charlie	815	+	58	28128594	48372
chr7	28080222	28280222	harbor1	chr7	28160036	28160248	DNA/hAT-Charlie	701	+	106	28160142	79920
chr7	28080222	28280222	harbor1	chr7	28168039	28168100	DNA/hAT-Charlie	718	+	30	28168069	87847
chr7	28080222	28280222	harbor1	chr7	28168404	28168639	DNA/hAT-Charlie	718	+	118	28168522	88300
chr7	92963	292963	harbor1	chr7	93409	93710	DNA/hAT-Charlie	1506	+	150	93559	596
chr7	92963	292963	harbor1	chr7	180955	181252	DNA/hAT-Charlie	893	+	148	181103	88140
chr7	44439887	44639887	harbor1	chr7	44462674	44462837	DNA/hAT-Charlie	617	+	82	44462756	22869
chr7	44439887	44639887	harbor1	chr7	44473139	44473259	DNA/hAT-Charlie	470	+	60	44473199	33312
chr7	44439887	44639887	harbor1	chr7	44537987	44538127	DNA/hAT-Charlie	697	+	70	44538057	98170
chr7	1801827	2001827	harbor1	chr7	1810204	1810449	DNA/hAT-Charlie	603	+	122	1810326	8499
chr7	1801827	2001827	harbor1	chr7	1877177	1877378	DNA/hAT-Charlie	922	+	100	1877277	75450
chr7	858459	1058459	harbor1	chr7	939084	939221	DNA/hAT-Charlie	587	+	68	939152	80693
chr7	858459	1058459	harbor1	chr7	939518	939547	DNA/hAT-Charlie	587	+	14	939532	81073
chr7	25269481	25469481	harbor1	chr7	25273207	25273440	DNA/hAT-Charlie	1023	+	116	25273323	3842
chr7	25269481	25469481	harbor1	chr7	25282593	25282769	DNA/hAT-Charlie	664	+	88	25282681	13200
chr7	25269481	25469481	harbor1	chr7	25294748	25294970	DNA/hAT-Charlie	1211	+	111	25294859	25378
chr7	25269481	25469481	harbor1	chr7	25310063	25310146	DNA/hAT-Charlie	577	+	42	25310105	40624
chr7	25269481	25469481	harbor1	chr7	25330626	25330828	DNA/hAT-Charlie	1080	+	101	25330727	61246
chr7	44506775	44706775	harbor1	chr7	44537987	44538127	DNA/hAT-Charlie	697	+	70	44538057	31282
chr7	44506775	44706775	harbor1	chr7	44585107	44585344	DNA/hAT-Charlie	1081	+	118	44585225	78450
chr7	44506775	44706775	harbor1	chr7	44586021	44586196	DNA/hAT-Charlie	1217	+	88	44586109	79334
chr7	28080189	28280189	harbor1	chr7	28128168	28128241	DNA/hAT-Charlie	815	+	36	28128204	48015
chr7	28080189	28280189	harbor1	chr7	28128536	28128653	DNA/hAT-Charlie	815	+	58	28128594	48405
chr7	28080189	28280189	harbor1	chr7	28160036	28160248	DNA/hAT-Charlie	701	+	106	28160142	79953
chr7	28080189	28280189	harbor1	chr7	28168039	28168100	DNA/hAT-Charlie	718	+	30	28168069	87880
chr7	28080189	28280189	harbor1	chr7	28168404	28168639	DNA/hAT-Charlie	718	+	118	28168522	88333
chr7	128753811	128953811	harbor1	chr7	128824168	128824328	DNA/hAT-Charlie	932	+	80	128824248	70437
chr7	127154041	127354041	harbor1	chr7	127213258	127213452	DNA/hAT-Charlie	833	+	97	127213355	59314
chr7	127154041	127354041	harbor1	chr7	127234596	127234790	DNA/hAT-Charlie	779	+	97	127234693	80652
chr7	26995599	27195599	harbor1	chr7	27054392	27054567	DNA/hAT-Charlie	520	+	88	27054480	58881
chr7	1801933	2001933	harbor1	chr7	1810204	1810449	DNA/hAT-Charlie	603	+	122	1810326	8393
chr7	1801933	2001933	harbor1	chr7	1877177	1877378	DNA/hAT-Charlie	922	+	100	1877277	75344
chr7	104889111	105089111	harbor1	chr7	104937177	104937335	DNA/hAT-Charlie	1144	+	79	104937256	48145
chr7	104889111	105089111	harbor1	chr7	104937802	104937826	DNA/hAT-Charlie	1144	+	12	104937814	48703
chr7	104889111	105089111	harbor1	chr7	104938139	104938285	DNA/hAT-Charlie	1144	+	73	104938212	49101
chr7	6060378	6260378	harbor1	chr7	6112656	6112846	DNA/hAT-Charlie	1291	+	95	6112751	52373
chr7	6060378	6260378	harbor1	chr7	6138586	6138905	DNA/hAT-Charlie	2088	+	160	6138746	78368
chr7	6060378	6260378	harbor1	chr7	6158012	6158338	DNA/hAT-Charlie	1016	+	163	6158175	97797
chr7	123576545	123776545	harbor1	chr7	123584371	123584461	DNA/hAT-Charlie	467	+	45	123584416	7871
chr7	123576545	123776545	harbor1	chr7	123610553	123610703	DNA/hAT-Charlie	502	+	75	123610628	34083
chr7	123576545	123776545	harbor1	chr7	123658761	123658931	DNA/hAT-Charlie	621	+	85	123658846	82301
chr7	31971286	32171286	harbor1	chr7	31976898	31977078	DNA/hAT-Charlie	918	+	90	31976988	5702
chr7	31971286	32171286	harbor1	chr7	31984108	31984435	DNA/hAT-Charlie	2010	+	164	31984272	12986
chr7	31971286	32171286	harbor1	chr7	32032735	32032882	DNA/hAT-Charlie	532	+	74	32032809	61523
chr7	31971286	32171286	harbor1	chr7	32036791	32036965	DNA/hAT-Charlie	547	+	87	32036878	65592
chr7	31971286	32171286	harbor1	chr7	32043020	32043198	DNA/hAT-Charlie	833	+	89	32043109	71823
chr7	47520643	47720643	harbor1	chr7	47534472	47534633	DNA/hAT-Charlie	470	+	80	47534552	13909
chr7	44439928	44639928	harbor1	chr7	44462674	44462837	DNA/hAT-Charlie	617	+	82	44462756	22828
chr7	44439928	44639928	harbor1	chr7	44473139	44473259	DNA/hAT-Charlie	470	+	60	44473199	33271
chr7	44439928	44639928	harbor1	chr7	44537987	44538127	DNA/hAT-Charlie	697	+	70	44538057	98129
chr7	90142065	90342065	harbor1	chr7	90154033	90154206	DNA/hAT-Charlie	755	+	86	90154119	12054
chr7	90142065	90342065	harbor1	chr7	90156436	90156776	DNA/hAT-Charlie	2272	+	170	90156606	14541
chr7	90142065	90342065	harbor1	chr7	90172520	90172706	DNA/hAT-Charlie	775	+	93	90172613	30548
chr7	90142065	90342065	harbor1	chr7	90172719	90172913	DNA/hAT-Charlie	1013	+	97	90172816	30751
chr7	90142065	90342065	harbor1	chr7	90216156	90216275	DNA/hAT-Charlie	595	+	60	90216216	74151
chr7	90142065	90342065	harbor1	chr7	90216745	90216926	DNA/hAT-Charlie	570	+	90	90216835	74770
chr7	90142065	90342065	harbor1	chr7	90224649	90224800	DNA/hAT-Charlie	718	+	76	90224725	82660
chr7	90142065	90342065	harbor1	chr7	90241514	90241692	DNA/hAT-Charlie	821	+	89	90241603	99538
chr7	41380663	41580663	harbor1	chr7	41442206	41442388	DNA/hAT-Charlie	689	+	91	41442297	61634
chr7	37817008	38017008	harbor1	chr7	37827930	37828377	DNA/hAT-Charlie	771	+	224	37828154	11146
chr7	37817008	38017008	harbor1	chr7	37851251	37851370	DNA/hAT-Charlie	563	+	60	37851311	34303
chr7	37817008	38017008	harbor1	chr7	37851368	37851737	DNA/hAT-Charlie	1424	+	184	37851552	34544
chr7	37817008	38017008	harbor1	chr7	37866431	37866584	DNA/hAT-Charlie	658	+	76	37866507	49499
chr7	37817008	38017008	harbor1	chr7	37891629	37891817	DNA/hAT-Charlie	1396	+	94	37891723	74715
chr7	1763585	1963585	harbor1	chr7	1810204	1810449	DNA/hAT-Charlie	603	+	122	1810326	46741
chr7	90496236	90696236	harbor1	chr7	90541302	90541412	DNA/hAT-Charlie	632	+	55	90541357	45121
chr7	50204685	50404685	harbor1	chr7	50219211	50219336	DNA/hAT-Charlie	562	+	62	50219273	14588
chr7	157236661	157436661	harbor1	chr7	157239954	157240071	DNA/hAT-Charlie	830	+	58	157240012	3351
chr7	157236661	157436661	harbor1	chr7	157240355	157240422	DNA/hAT-Charlie	830	+	34	157240389	3728
chr7	157236661	157436661	harbor1	chr7	157259099	157259240	DNA/hAT-Charlie	586	+	70	157259169	22508
chr7	90496254	90696254	harbor1	chr7	90541302	90541412	DNA/hAT-Charlie	632	+	55	90541357	45103
chr7	100393788	100593788	harbor1	chr7	100406173	100406403	DNA/hAT-Charlie	1128	+	115	100406288	12500
chr7	100393788	100593788	harbor1	chr7	100425591	100425977	DNA/hAT-Charlie	1781	+	193	100425784	31996
chr7	100393788	100593788	harbor1	chr7	100482343	100482397	DNA/hAT-Charlie	518	+	27	100482370	88582
chr7	100393788	100593788	harbor1	chr7	100482713	100482796	DNA/hAT-Charlie	524	+	42	100482755	88967
chr7	123639349	123839349	harbor1	chr7	123658761	123658931	DNA/hAT-Charlie	621	+	85	123658846	19497
chr7	123639349	123839349	harbor1	chr7	123691341	123691669	DNA/hAT-Charlie	1212	+	164	123691505	52156
chr7	26994913	27194913	harbor1	chr7	27054392	27054567	DNA/hAT-Charlie	520	+	88	27054480	59567
chr7	50203893	50403893	harbor1	chr7	50219211	50219336	DNA/hAT-Charlie	562	+	62	50219273	15380
chr7	28080187	28280187	harbor1	chr7	28128168	28128241	DNA/hAT-Charlie	815	+	36	28128204	48017
chr7	28080187	28280187	harbor1	chr7	28128536	28128653	DNA/hAT-Charlie	815	+	58	28128594	48407
chr7	28080187	28280187	harbor1	chr7	28160036	28160248	DNA/hAT-Charlie	701	+	106	28160142	79955
chr7	28080187	28280187	harbor1	chr7	28168039	28168100	DNA/hAT-Charlie	718	+	30	28168069	87882
chr7	28080187	28280187	harbor1	chr7	28168404	28168639	DNA/hAT-Charlie	718	+	118	28168522	88335
chr7	50203935	50403935	harbor1	chr7	50219211	50219336	DNA/hAT-Charlie	562	+	62	50219273	15338
chr7	1312770	1512770	harbor1	chr7	1315376	1315537	DNA/hAT-Charlie	724	+	80	1315456	2686
chr7	1312770	1512770	harbor1	chr7	1315853	1315953	DNA/hAT-Charlie	724	+	50	1315903	3133
chr7	44439932	44639932	harbor1	chr7	44462674	44462837	DNA/hAT-Charlie	617	+	82	44462756	22824
chr7	44439932	44639932	harbor1	chr7	44473139	44473259	DNA/hAT-Charlie	470	+	60	44473199	33267
chr7	44439932	44639932	harbor1	chr7	44537987	44538127	DNA/hAT-Charlie	697	+	70	44538057	98125
chr7	127283483	127483483	harbor1	chr7	127337364	127337588	DNA/hAT-Charlie	876	+	112	127337476	53993
chr7	127283483	127483483	harbor1	chr7	127359968	127360121	DNA/hAT-Charlie	651	+	76	127360044	76561
chr7	25465106	25665106	harbor1	chr7	25477625	25478629	DNA/hAT-Charlie	1233	+	502	25478127	13021
chr7	25465106	25665106	harbor1	chr7	25480584	25480797	DNA/hAT-Charlie	867	+	106	25480690	15584
chr7	93685527	93885527	harbor1	chr7	93695963	93696157	DNA/hAT-Charlie	602	+	97	93696060	10533
chr7	93685527	93885527	harbor1	chr7	93702601	93702770	DNA/hAT-Charlie	533	+	84	93702685	17158
chr7	93685527	93885527	harbor1	chr7	93702767	93703083	DNA/hAT-Charlie	870	+	158	93702925	17398
chr7	93685527	93885527	harbor1	chr7	93703481	93703933	DNA/hAT-Charlie	1900	+	226	93703707	18180
chr7	93685527	93885527	harbor1	chr7	93726016	93726196	DNA/hAT-Charlie	918	+	90	93726106	40579
chr7	93685527	93885527	harbor1	chr7	93748628	93748831	DNA/hAT-Charlie	785	+	102	93748730	63203
chr7	152754707	152954707	harbor1	chr7	152803580	152804322	DNA/hAT-Charlie	1423	+	371	152803951	49244
chr8	23408871	23608871	harbor1	chr8	23417110	23417239	DNA/hAT-Charlie	641	+	64	23417174	8303
chr8	23408871	23608871	harbor1	chr8	23422576	23422683	DNA/hAT-Charlie	454	+	54	23422630	13759
chr8	23408871	23608871	harbor1	chr8	23433605	23434009	DNA/hAT-Charlie	1649	+	202	23433807	24936
chr8	23408871	23608871	harbor1	chr8	23508419	23508518	DNA/hAT-Charlie	511	+	50	23508469	99598
chr8	38169250	38369250	harbor1	chr8	38180680	38180835	DNA/hAT-Charlie	811	+	78	38180758	11508
chr8	38169250	38369250	harbor1	chr8	38227898	38228102	DNA/hAT-Charlie	778	+	102	38228000	58750
chr8	38169250	38369250	harbor1	chr8	38229016	38229501	DNA/hAT-Charlie	2335	+	242	38229258	60008
chr8	38169250	38369250	harbor1	chr8	38229589	38229680	DNA/hAT-Charlie	432	+	46	38229635	60385
chr8	38169250	38369250	harbor1	chr8	38258664	38258839	DNA/hAT-Charlie	412	+	88	38258752	89502
chr8	23409382	23609382	harbor1	chr8	23417110	23417239	DNA/hAT-Charlie	641	+	64	23417174	7792
chr8	23409382	23609382	harbor1	chr8	23422576	23422683	DNA/hAT-Charlie	454	+	54	23422630	13248
chr8	23409382	23609382	harbor1	chr8	23433605	23434009	DNA/hAT-Charlie	1649	+	202	23433807	24425
chr8	23409382	23609382	harbor1	chr8	23508419	23508518	DNA/hAT-Charlie	511	+	50	23508469	99087
chr8	23428927	23628927	harbor1	chr8	23433605	23434009	DNA/hAT-Charlie	1649	+	202	23433807	4880
chr8	23428927	23628927	harbor1	chr8	23508419	23508518	DNA/hAT-Charlie	511	+	50	23508469	79542
chr8	23428927	23628927	harbor1	chr8	23512241	23512398	DNA/hAT-Charlie	723	+	78	23512319	83392
chr8	23428927	23628927	harbor1	chr8	23512395	23512524	DNA/hAT-Charlie	723	+	64	23512459	83532
chr8	23428927	23628927	harbor1	chr8	23514644	23514749	DNA/hAT-Charlie	621	+	52	23514696	85769
chr8	124271348	124471348	harbor1	chr8	124303974	124305228	DNA/hAT-Charlie	4412	+	627	124304601	33253
chr8	124271348	124471348	harbor1	chr8	124355450	124355609	DNA/hAT-Charlie	910	+	80	124355530	84182
chr8	23428510	23628510	harbor1	chr8	23433605	23434009	DNA/hAT-Charlie	1649	+	202	23433807	5297
chr8	23428510	23628510	harbor1	chr8	23508419	23508518	DNA/hAT-Charlie	511	+	50	23508469	79959
chr8	23428510	23628510	harbor1	chr8	23512241	23512398	DNA/hAT-Charlie	723	+	78	23512319	83809
chr8	23428510	23628510	harbor1	chr8	23512395	23512524	DNA/hAT-Charlie	723	+	64	23512459	83949
chr8	23428510	23628510	harbor1	chr8	23514644	23514749	DNA/hAT-Charlie	621	+	52	23514696	86186
chr8	23428925	23628925	harbor1	chr8	23433605	23434009	DNA/hAT-Charlie	1649	+	202	23433807	4882
chr8	23428925	23628925	harbor1	chr8	23508419	23508518	DNA/hAT-Charlie	511	+	50	23508469	79544
chr8	23428925	23628925	harbor1	chr8	23512241	23512398	DNA/hAT-Charlie	723	+	78	23512319	83394
chr8	23428925	23628925	harbor1	chr8	23512395	23512524	DNA/hAT-Charlie	723	+	64	23512459	83534
chr8	23428925	23628925	harbor1	chr8	23514644	23514749	DNA/hAT-Charlie	621	+	52	23514696	85771
chr8	23428297	23628297	harbor1	chr8	23433605	23434009	DNA/hAT-Charlie	1649	+	202	23433807	5510
chr8	23428297	23628297	harbor1	chr8	23508419	23508518	DNA/hAT-Charlie	511	+	50	23508469	80172
chr8	23428297	23628297	harbor1	chr8	23512241	23512398	DNA/hAT-Charlie	723	+	78	23512319	84022
chr8	23428297	23628297	harbor1	chr8	23512395	23512524	DNA/hAT-Charlie	723	+	64	23512459	84162
chr8	23428297	23628297	harbor1	chr8	23514644	23514749	DNA/hAT-Charlie	621	+	52	23514696	86399
chr8	138636000	138836000	harbor1	chr8	138655253	138655360	DNA/hAT-Charlie	698	+	54	138655307	19307
chr8	138636000	138836000	harbor1	chr8	138655661	138655727	DNA/hAT-Charlie	698	+	33	138655694	19694
chr8	23408903	23608903	harbor1	chr8	23417110	23417239	DNA/hAT-Charlie	641	+	64	23417174	8271
chr8	23408903	23608903	harbor1	chr8	23422576	23422683	DNA/hAT-Charlie	454	+	54	23422630	13727
chr8	23408903	23608903	harbor1	chr8	23433605	23434009	DNA/hAT-Charlie	1649	+	202	23433807	24904
chr8	23408903	23608903	harbor1	chr8	23508419	23508518	DNA/hAT-Charlie	511	+	50	23508469	99566
chr8	23379720	23579720	harbor1	chr8	23417110	23417239	DNA/hAT-Charlie	641	+	64	23417174	37454
chr8	23379720	23579720	harbor1	chr8	23422576	23422683	DNA/hAT-Charlie	454	+	54	23422630	42910
chr8	23379720	23579720	harbor1	chr8	23433605	23434009	DNA/hAT-Charlie	1649	+	202	23433807	54087
chr8	23428962	23628962	harbor1	chr8	23433605	23434009	DNA/hAT-Charlie	1649	+	202	23433807	4845
chr8	23428962	23628962	harbor1	chr8	23508419	23508518	DNA/hAT-Charlie	511	+	50	23508469	79507
chr8	23428962	23628962	harbor1	chr8	23512241	23512398	DNA/hAT-Charlie	723	+	78	23512319	83357
chr8	23428962	23628962	harbor1	chr8	23512395	23512524	DNA/hAT-Charlie	723	+	64	23512459	83497
chr8	23428962	23628962	harbor1	chr8	23514644	23514749	DNA/hAT-Charlie	621	+	52	23514696	85734
chr8	23428983	23628983	harbor1	chr8	23433605	23434009	DNA/hAT-Charlie	1649	+	202	23433807	4824
chr8	23428983	23628983	harbor1	chr8	23508419	23508518	DNA/hAT-Charlie	511	+	50	23508469	79486
chr8	23428983	23628983	harbor1	chr8	23512241	23512398	DNA/hAT-Charlie	723	+	78	23512319	83336
chr8	23428983	23628983	harbor1	chr8	23512395	23512524	DNA/hAT-Charlie	723	+	64	23512459	83476
chr8	23428983	23628983	harbor1	chr8	23514644	23514749	DNA/hAT-Charlie	621	+	52	23514696	85713
chr8	17983945	18183945	harbor1	chr8	17987741	17987917	DNA/hAT-Charlie	841	+	88	17987829	3884
chr8	17983945	18183945	harbor1	chr8	18005688	18005855	DNA/hAT-Charlie	680	+	84	18005772	21827
chr8	17983945	18183945	harbor1	chr8	18006925	18007065	DNA/hAT-Charlie	730	+	70	18006995	23050
chr8	17983945	18183945	harbor1	chr8	18008133	18008574	DNA/hAT-Charlie	2976	+	220	18008353	24408
chr8	17983945	18183945	harbor1	chr8	18051763	18051893	DNA/hAT-Charlie	463	+	65	18051828	67883
chr8	17983945	18183945	harbor1	chr8	18068544	18068717	DNA/hAT-Charlie	816	+	86	18068630	84685
chr8	23428928	23628928	harbor1	chr8	23433605	23434009	DNA/hAT-Charlie	1649	+	202	23433807	4879
chr8	23428928	23628928	harbor1	chr8	23508419	23508518	DNA/hAT-Charlie	511	+	50	23508469	79541
chr8	23428928	23628928	harbor1	chr8	23512241	23512398	DNA/hAT-Charlie	723	+	78	23512319	83391
chr8	23428928	23628928	harbor1	chr8	23512395	23512524	DNA/hAT-Charlie	723	+	64	23512459	83531
chr8	23428928	23628928	harbor1	chr8	23514644	23514749	DNA/hAT-Charlie	621	+	52	23514696	85768
chr8	23371923	23571923	harbor1	chr8	23417110	23417239	DNA/hAT-Charlie	641	+	64	23417174	45251
chr8	23371923	23571923	harbor1	chr8	23422576	23422683	DNA/hAT-Charlie	454	+	54	23422630	50707
chr8	23371923	23571923	harbor1	chr8	23433605	23434009	DNA/hAT-Charlie	1649	+	202	23433807	61884
chr8	10820948	11020948	harbor1	chr8	10842253	10842389	DNA/hAT-Charlie	661	+	68	10842321	21373
chr8	10820948	11020948	harbor1	chr8	10910044	10910250	DNA/hAT-Charlie	1123	+	103	10910147	89199
chr8	23428391	23628391	harbor1	chr8	23433605	23434009	DNA/hAT-Charlie	1649	+	202	23433807	5416
chr8	23428391	23628391	harbor1	chr8	23508419	23508518	DNA/hAT-Charlie	511	+	50	23508469	80078
chr8	23428391	23628391	harbor1	chr8	23512241	23512398	DNA/hAT-Charlie	723	+	78	23512319	83928
chr8	23428391	23628391	harbor1	chr8	23512395	23512524	DNA/hAT-Charlie	723	+	64	23512459	84068
chr8	23428391	23628391	harbor1	chr8	23514644	23514749	DNA/hAT-Charlie	621	+	52	23514696	86305
chr8	23428850	23628850	harbor1	chr8	23433605	23434009	DNA/hAT-Charlie	1649	+	202	23433807	4957
chr8	23428850	23628850	harbor1	chr8	23508419	23508518	DNA/hAT-Charlie	511	+	50	23508469	79619
chr8	23428850	23628850	harbor1	chr8	23512241	23512398	DNA/hAT-Charlie	723	+	78	23512319	83469
chr8	23428850	23628850	harbor1	chr8	23512395	23512524	DNA/hAT-Charlie	723	+	64	23512459	83609
chr8	23428850	23628850	harbor1	chr8	23514644	23514749	DNA/hAT-Charlie	621	+	52	23514696	85846
chr8	23371938	23571938	harbor1	chr8	23417110	23417239	DNA/hAT-Charlie	641	+	64	23417174	45236
chr8	23371938	23571938	harbor1	chr8	23422576	23422683	DNA/hAT-Charlie	454	+	54	23422630	50692
chr8	23371938	23571938	harbor1	chr8	23433605	23434009	DNA/hAT-Charlie	1649	+	202	23433807	61869
chr8	23428493	23628493	harbor1	chr8	23433605	23434009	DNA/hAT-Charlie	1649	+	202	23433807	5314
chr8	23428493	23628493	harbor1	chr8	23508419	23508518	DNA/hAT-Charlie	511	+	50	23508469	79976
chr8	23428493	23628493	harbor1	chr8	23512241	23512398	DNA/hAT-Charlie	723	+	78	23512319	83826
chr8	23428493	23628493	harbor1	chr8	23512395	23512524	DNA/hAT-Charlie	723	+	64	23512459	83966
chr8	23428493	23628493	harbor1	chr8	23514644	23514749	DNA/hAT-Charlie	621	+	52	23514696	86203
chr8	23428942	23628942	harbor1	chr8	23433605	23434009	DNA/hAT-Charlie	1649	+	202	23433807	4865
chr8	23428942	23628942	harbor1	chr8	23508419	23508518	DNA/hAT-Charlie	511	+	50	23508469	79527
chr8	23428942	23628942	harbor1	chr8	23512241	23512398	DNA/hAT-Charlie	723	+	78	23512319	83377
chr8	23428942	23628942	harbor1	chr8	23512395	23512524	DNA/hAT-Charlie	723	+	64	23512459	83517
chr8	23428942	23628942	harbor1	chr8	23514644	23514749	DNA/hAT-Charlie	621	+	52	23514696	85754
chr8	23428811	23628811	harbor1	chr8	23433605	23434009	DNA/hAT-Charlie	1649	+	202	23433807	4996
chr8	23428811	23628811	harbor1	chr8	23508419	23508518	DNA/hAT-Charlie	511	+	50	23508469	79658
chr8	23428811	23628811	harbor1	chr8	23512241	23512398	DNA/hAT-Charlie	723	+	78	23512319	83508
chr8	23428811	23628811	harbor1	chr8	23512395	23512524	DNA/hAT-Charlie	723	+	64	23512459	83648
chr8	23428811	23628811	harbor1	chr8	23514644	23514749	DNA/hAT-Charlie	621	+	52	23514696	85885
chr8	23409313	23609313	harbor1	chr8	23417110	23417239	DNA/hAT-Charlie	641	+	64	23417174	7861
chr8	23409313	23609313	harbor1	chr8	23422576	23422683	DNA/hAT-Charlie	454	+	54	23422630	13317
chr8	23409313	23609313	harbor1	chr8	23433605	23434009	DNA/hAT-Charlie	1649	+	202	23433807	24494
chr8	23409313	23609313	harbor1	chr8	23508419	23508518	DNA/hAT-Charlie	511	+	50	23508469	99156
chr8	9314880	9514880	harbor1	chr8	9314724	9315591	DNA/hAT-Charlie	3164	+	434	9315158	278
chr8	9314880	9514880	harbor1	chr8	9315896	9316386	DNA/hAT-Charlie	3164	+	245	9316141	1261
chr8	9314880	9514880	harbor1	chr8	9354599	9354765	DNA/hAT-Charlie	733	+	83	9354682	39802
chr8	9314880	9514880	harbor1	chr8	9376421	9376661	DNA/hAT-Charlie	1090	+	120	9376541	61661
chr8	9314880	9514880	harbor1	chr8	9376966	9377341	DNA/hAT-Charlie	1090	+	188	9377154	62274
chr8	9314880	9514880	harbor1	chr8	9377347	9377522	DNA/hAT-Charlie	1276	+	88	9377435	62555
chr8	9314880	9514880	harbor1	chr8	9377814	9377886	DNA/hAT-Charlie	1276	+	36	9377850	62970
chr8	9314880	9514880	harbor1	chr8	9378193	9378387	DNA/hAT-Charlie	1276	+	97	9378290	63410
chr8	9314880	9514880	harbor1	chr8	9392429	9392620	DNA/hAT-Charlie	973	+	96	9392525	77645
chr8	38169200	38369200	harbor1	chr8	38180680	38180835	DNA/hAT-Charlie	811	+	78	38180758	11558
chr8	38169200	38369200	harbor1	chr8	38227898	38228102	DNA/hAT-Charlie	778	+	102	38228000	58800
chr8	38169200	38369200	harbor1	chr8	38229016	38229501	DNA/hAT-Charlie	2335	+	242	38229258	60058
chr8	38169200	38369200	harbor1	chr8	38229589	38229680	DNA/hAT-Charlie	432	+	46	38229635	60435
chr8	38169200	38369200	harbor1	chr8	38258664	38258839	DNA/hAT-Charlie	412	+	88	38258752	89552
chr8	23398381	23598381	harbor1	chr8	23417110	23417239	DNA/hAT-Charlie	641	+	64	23417174	18793
chr8	23398381	23598381	harbor1	chr8	23422576	23422683	DNA/hAT-Charlie	454	+	54	23422630	24249
chr8	23398381	23598381	harbor1	chr8	23433605	23434009	DNA/hAT-Charlie	1649	+	202	23433807	35426
chr8	23382036	23582036	harbor1	chr8	23417110	23417239	DNA/hAT-Charlie	641	+	64	23417174	35138
chr8	23382036	23582036	harbor1	chr8	23422576	23422683	DNA/hAT-Charlie	454	+	54	23422630	40594
chr8	23382036	23582036	harbor1	chr8	23433605	23434009	DNA/hAT-Charlie	1649	+	202	23433807	51771
chr8	23409011	23609011	harbor1	chr8	23417110	23417239	DNA/hAT-Charlie	641	+	64	23417174	8163
chr8	23409011	23609011	harbor1	chr8	23422576	23422683	DNA/hAT-Charlie	454	+	54	23422630	13619
chr8	23409011	23609011	harbor1	chr8	23433605	23434009	DNA/hAT-Charlie	1649	+	202	23433807	24796
chr8	23409011	23609011	harbor1	chr8	23508419	23508518	DNA/hAT-Charlie	511	+	50	23508469	99458
chr8	23428813	23628813	harbor1	chr8	23433605	23434009	DNA/hAT-Charlie	1649	+	202	23433807	4994
chr8	23428813	23628813	harbor1	chr8	23508419	23508518	DNA/hAT-Charlie	511	+	50	23508469	79656
chr8	23428813	23628813	harbor1	chr8	23512241	23512398	DNA/hAT-Charlie	723	+	78	23512319	83506
chr8	23428813	23628813	harbor1	chr8	23512395	23512524	DNA/hAT-Charlie	723	+	64	23512459	83646
chr8	23428813	23628813	harbor1	chr8	23514644	23514749	DNA/hAT-Charlie	621	+	52	23514696	85883
chr8	21958007	22158007	harbor1	chr8	21991343	21991652	DNA/hAT-Charlie	476	+	154	21991497	33490
chr8	21958007	22158007	harbor1	chr8	22024495	22024638	DNA/hAT-Charlie	514	+	72	22024567	66560
chr8	21958007	22158007	harbor1	chr8	22025992	22026321	DNA/hAT-Charlie	1975	+	164	22026156	68149
chr8	21958007	22158007	harbor1	chr8	22028109	22028319	DNA/hAT-Charlie	843	+	105	22028214	70207
chr8	144373098	144573098	harbor1	chr8	144386985	144387187	DNA/hAT-Charlie	430	+	101	144387086	13988
chr8	23380145	23580145	harbor1	chr8	23417110	23417239	DNA/hAT-Charlie	641	+	64	23417174	37029
chr8	23380145	23580145	harbor1	chr8	23422576	23422683	DNA/hAT-Charlie	454	+	54	23422630	42485
chr8	23380145	23580145	harbor1	chr8	23433605	23434009	DNA/hAT-Charlie	1649	+	202	23433807	53662
chr8	23043892	23243892	harbor1	chr8	23114300	23114489	DNA/hAT-Charlie	547	+	94	23114394	70502
chr8	38168882	38368882	harbor1	chr8	38180680	38180835	DNA/hAT-Charlie	811	+	78	38180758	11876
chr8	38168882	38368882	harbor1	chr8	38227898	38228102	DNA/hAT-Charlie	778	+	102	38228000	59118
chr8	38168882	38368882	harbor1	chr8	38229016	38229501	DNA/hAT-Charlie	2335	+	242	38229258	60376
chr8	38168882	38368882	harbor1	chr8	38229589	38229680	DNA/hAT-Charlie	432	+	46	38229635	60753
chr8	38168882	38368882	harbor1	chr8	38258664	38258839	DNA/hAT-Charlie	412	+	88	38258752	89870
chr8	23407361	23607361	harbor1	chr8	23417110	23417239	DNA/hAT-Charlie	641	+	64	23417174	9813
chr8	23407361	23607361	harbor1	chr8	23422576	23422683	DNA/hAT-Charlie	454	+	54	23422630	15269
chr8	23407361	23607361	harbor1	chr8	23433605	23434009	DNA/hAT-Charlie	1649	+	202	23433807	26446
chr8	109366219	109566219	harbor1	chr8	109425767	109425843	DNA/hAT-Charlie	486	+	38	109425805	59586
chr8	109366219	109566219	harbor1	chr8	109425842	109425995	DNA/hAT-Charlie	423	+	76	109425918	59699
chr8	23428529	23628529	harbor1	chr8	23433605	23434009	DNA/hAT-Charlie	1649	+	202	23433807	5278
chr8	23428529	23628529	harbor1	chr8	23508419	23508518	DNA/hAT-Charlie	511	+	50	23508469	79940
chr8	23428529	23628529	harbor1	chr8	23512241	23512398	DNA/hAT-Charlie	723	+	78	23512319	83790
chr8	23428529	23628529	harbor1	chr8	23512395	23512524	DNA/hAT-Charlie	723	+	64	23512459	83930
chr8	23428529	23628529	harbor1	chr8	23514644	23514749	DNA/hAT-Charlie	621	+	52	23514696	86167
chr8	23428549	23628549	harbor1	chr8	23433605	23434009	DNA/hAT-Charlie	1649	+	202	23433807	5258
chr8	23428549	23628549	harbor1	chr8	23508419	23508518	DNA/hAT-Charlie	511	+	50	23508469	79920
chr8	23428549	23628549	harbor1	chr8	23512241	23512398	DNA/hAT-Charlie	723	+	78	23512319	83770
chr8	23428549	23628549	harbor1	chr8	23512395	23512524	DNA/hAT-Charlie	723	+	64	23512459	83910
chr8	23428549	23628549	harbor1	chr8	23514644	23514749	DNA/hAT-Charlie	621	+	52	23514696	86147
chr8	23428888	23628888	harbor1	chr8	23433605	23434009	DNA/hAT-Charlie	1649	+	202	23433807	4919
chr8	23428888	23628888	harbor1	chr8	23508419	23508518	DNA/hAT-Charlie	511	+	50	23508469	79581
chr8	23428888	23628888	harbor1	chr8	23512241	23512398	DNA/hAT-Charlie	723	+	78	23512319	83431
chr8	23428888	23628888	harbor1	chr8	23512395	23512524	DNA/hAT-Charlie	723	+	64	23512459	83571
chr8	23428888	23628888	harbor1	chr8	23514644	23514749	DNA/hAT-Charlie	621	+	52	23514696	85808
chr8	23428866	23628866	harbor1	chr8	23433605	23434009	DNA/hAT-Charlie	1649	+	202	23433807	4941
chr8	23428866	23628866	harbor1	chr8	23508419	23508518	DNA/hAT-Charlie	511	+	50	23508469	79603
chr8	23428866	23628866	harbor1	chr8	23512241	23512398	DNA/hAT-Charlie	723	+	78	23512319	83453
chr8	23428866	23628866	harbor1	chr8	23512395	23512524	DNA/hAT-Charlie	723	+	64	23512459	83593
chr8	23428866	23628866	harbor1	chr8	23514644	23514749	DNA/hAT-Charlie	621	+	52	23514696	85830
chr8	23393384	23593384	harbor1	chr8	23417110	23417239	DNA/hAT-Charlie	641	+	64	23417174	23790
chr8	23393384	23593384	harbor1	chr8	23422576	23422683	DNA/hAT-Charlie	454	+	54	23422630	29246
chr8	23393384	23593384	harbor1	chr8	23433605	23434009	DNA/hAT-Charlie	1649	+	202	23433807	40423
chr8	23408040	23608040	harbor1	chr8	23417110	23417239	DNA/hAT-Charlie	641	+	64	23417174	9134
chr8	23408040	23608040	harbor1	chr8	23422576	23422683	DNA/hAT-Charlie	454	+	54	23422630	14590
chr8	23408040	23608040	harbor1	chr8	23433605	23434009	DNA/hAT-Charlie	1649	+	202	23433807	25767
chr8	23428871	23628871	harbor1	chr8	23433605	23434009	DNA/hAT-Charlie	1649	+	202	23433807	4936
chr8	23428871	23628871	harbor1	chr8	23508419	23508518	DNA/hAT-Charlie	511	+	50	23508469	79598
chr8	23428871	23628871	harbor1	chr8	23512241	23512398	DNA/hAT-Charlie	723	+	78	23512319	83448
chr8	23428871	23628871	harbor1	chr8	23512395	23512524	DNA/hAT-Charlie	723	+	64	23512459	83588
chr8	23428871	23628871	harbor1	chr8	23514644	23514749	DNA/hAT-Charlie	621	+	52	23514696	85825
chr8	23428530	23628530	harbor1	chr8	23433605	23434009	DNA/hAT-Charlie	1649	+	202	23433807	5277
chr8	23428530	23628530	harbor1	chr8	23508419	23508518	DNA/hAT-Charlie	511	+	50	23508469	79939
chr8	23428530	23628530	harbor1	chr8	23512241	23512398	DNA/hAT-Charlie	723	+	78	23512319	83789
chr8	23428530	23628530	harbor1	chr8	23512395	23512524	DNA/hAT-Charlie	723	+	64	23512459	83929
chr8	23428530	23628530	harbor1	chr8	23514644	23514749	DNA/hAT-Charlie	621	+	52	23514696	86166
chr8	38168620	38368620	harbor1	chr8	38180680	38180835	DNA/hAT-Charlie	811	+	78	38180758	12138
chr8	38168620	38368620	harbor1	chr8	38227898	38228102	DNA/hAT-Charlie	778	+	102	38228000	59380
chr8	38168620	38368620	harbor1	chr8	38229016	38229501	DNA/hAT-Charlie	2335	+	242	38229258	60638
chr8	38168620	38368620	harbor1	chr8	38229589	38229680	DNA/hAT-Charlie	432	+	46	38229635	61015
chr8	38168620	38368620	harbor1	chr8	38258664	38258839	DNA/hAT-Charlie	412	+	88	38258752	90132
chr8	29983333	30183333	harbor1	chr8	30068131	30068649	DNA/hAT-Charlie	3569	+	259	30068390	85057
chr8	29983333	30183333	harbor1	chr8	30081472	30081633	DNA/hAT-Charlie	450	+	80	30081552	98219
chr8	23428833	23628833	harbor1	chr8	23433605	23434009	DNA/hAT-Charlie	1649	+	202	23433807	4974
chr8	23428833	23628833	harbor1	chr8	23508419	23508518	DNA/hAT-Charlie	511	+	50	23508469	79636
chr8	23428833	23628833	harbor1	chr8	23512241	23512398	DNA/hAT-Charlie	723	+	78	23512319	83486
chr8	23428833	23628833	harbor1	chr8	23512395	23512524	DNA/hAT-Charlie	723	+	64	23512459	83626
chr8	23428833	23628833	harbor1	chr8	23514644	23514749	DNA/hAT-Charlie	621	+	52	23514696	85863
chr8	102556520	102756520	harbor1	chr8	102587124	102587369	DNA/hAT-Charlie	779	+	122	102587246	30726
chr8	102556520	102756520	harbor1	chr8	102646031	102646154	DNA/hAT-Charlie	446	+	62	102646093	89573
chr8	23382024	23582024	harbor1	chr8	23417110	23417239	DNA/hAT-Charlie	641	+	64	23417174	35150
chr8	23382024	23582024	harbor1	chr8	23422576	23422683	DNA/hAT-Charlie	454	+	54	23422630	40606
chr8	23382024	23582024	harbor1	chr8	23433605	23434009	DNA/hAT-Charlie	1649	+	202	23433807	51783
chr8	23382929	23582929	harbor1	chr8	23417110	23417239	DNA/hAT-Charlie	641	+	64	23417174	34245
chr8	23382929	23582929	harbor1	chr8	23422576	23422683	DNA/hAT-Charlie	454	+	54	23422630	39701
chr8	23382929	23582929	harbor1	chr8	23433605	23434009	DNA/hAT-Charlie	1649	+	202	23433807	50878
chr8	38365256	38565256	harbor1	chr8	38425030	38425135	DNA/hAT-Charlie	551	+	52	38425082	59826
chr8	38365256	38565256	harbor1	chr8	38444084	38444220	DNA/hAT-Charlie	479	+	68	38444152	78896
chr8	38365256	38565256	harbor1	chr8	38462006	38462223	DNA/hAT-Charlie	900	+	108	38462114	96858
chr8	38365256	38565256	harbor1	chr8	38462514	38462603	DNA/hAT-Charlie	900	+	44	38462558	97302
chr8	23428812	23628812	harbor1	chr8	23433605	23434009	DNA/hAT-Charlie	1649	+	202	23433807	4995
chr8	23428812	23628812	harbor1	chr8	23508419	23508518	DNA/hAT-Charlie	511	+	50	23508469	79657
chr8	23428812	23628812	harbor1	chr8	23512241	23512398	DNA/hAT-Charlie	723	+	78	23512319	83507
chr8	23428812	23628812	harbor1	chr8	23512395	23512524	DNA/hAT-Charlie	723	+	64	23512459	83647
chr8	23428812	23628812	harbor1	chr8	23514644	23514749	DNA/hAT-Charlie	621	+	52	23514696	85884
chr8	23335731	23535731	harbor1	chr8	23417110	23417239	DNA/hAT-Charlie	641	+	64	23417174	81443
chr8	23335731	23535731	harbor1	chr8	23422576	23422683	DNA/hAT-Charlie	454	+	54	23422630	86899
chr8	23335731	23535731	harbor1	chr8	23433605	23434009	DNA/hAT-Charlie	1649	+	202	23433807	98076
chr8	23428407	23628407	harbor1	chr8	23433605	23434009	DNA/hAT-Charlie	1649	+	202	23433807	5400
chr8	23428407	23628407	harbor1	chr8	23508419	23508518	DNA/hAT-Charlie	511	+	50	23508469	80062
chr8	23428407	23628407	harbor1	chr8	23512241	23512398	DNA/hAT-Charlie	723	+	78	23512319	83912
chr8	23428407	23628407	harbor1	chr8	23512395	23512524	DNA/hAT-Charlie	723	+	64	23512459	84052
chr8	23428407	23628407	harbor1	chr8	23514644	23514749	DNA/hAT-Charlie	621	+	52	23514696	86289
chr8	89802506	90002506	harbor1	chr8	89870651	89870794	DNA/hAT-Charlie	507	+	72	89870723	68217
chr8	89802506	90002506	harbor1	chr8	89870786	89870853	DNA/hAT-Charlie	593	+	34	89870820	68314
chr8	89802506	90002506	harbor1	chr8	89871097	89871181	DNA/hAT-Charlie	593	+	42	89871139	68633
chr8	89802506	90002506	harbor1	chr8	89871218	89871841	DNA/hAT-Charlie	1421	+	312	89871530	69024
chr8	23428497	23628497	harbor1	chr8	23433605	23434009	DNA/hAT-Charlie	1649	+	202	23433807	5310
chr8	23428497	23628497	harbor1	chr8	23508419	23508518	DNA/hAT-Charlie	511	+	50	23508469	79972
chr8	23428497	23628497	harbor1	chr8	23512241	23512398	DNA/hAT-Charlie	723	+	78	23512319	83822
chr8	23428497	23628497	harbor1	chr8	23512395	23512524	DNA/hAT-Charlie	723	+	64	23512459	83962
chr8	23428497	23628497	harbor1	chr8	23514644	23514749	DNA/hAT-Charlie	621	+	52	23514696	86199
chr8	23419568	23619568	harbor1	chr8	23422576	23422683	DNA/hAT-Charlie	454	+	54	23422630	3062
chr8	23419568	23619568	harbor1	chr8	23433605	23434009	DNA/hAT-Charlie	1649	+	202	23433807	14239
chr8	23419568	23619568	harbor1	chr8	23508419	23508518	DNA/hAT-Charlie	511	+	50	23508469	88901
chr8	23419568	23619568	harbor1	chr8	23512241	23512398	DNA/hAT-Charlie	723	+	78	23512319	92751
chr8	23419568	23619568	harbor1	chr8	23512395	23512524	DNA/hAT-Charlie	723	+	64	23512459	92891
chr8	23419568	23619568	harbor1	chr8	23514644	23514749	DNA/hAT-Charlie	621	+	52	23514696	95128
chr8	27225680	27425680	harbor1	chr8	27249383	27249490	DNA/hAT-Charlie	429	+	54	27249437	23757
chr8	27225680	27425680	harbor1	chr8	27250066	27250346	DNA/hAT-Charlie	785	+	140	27250206	24526
chr8	27225680	27425680	harbor1	chr8	27317613	27317798	DNA/hAT-Charlie	788	+	92	27317705	92025
chr8	23428434	23628434	harbor1	chr8	23433605	23434009	DNA/hAT-Charlie	1649	+	202	23433807	5373
chr8	23428434	23628434	harbor1	chr8	23508419	23508518	DNA/hAT-Charlie	511	+	50	23508469	80035
chr8	23428434	23628434	harbor1	chr8	23512241	23512398	DNA/hAT-Charlie	723	+	78	23512319	83885
chr8	23428434	23628434	harbor1	chr8	23512395	23512524	DNA/hAT-Charlie	723	+	64	23512459	84025
chr8	23428434	23628434	harbor1	chr8	23514644	23514749	DNA/hAT-Charlie	621	+	52	23514696	86262
chr8	23428557	23628557	harbor1	chr8	23433605	23434009	DNA/hAT-Charlie	1649	+	202	23433807	5250
chr8	23428557	23628557	harbor1	chr8	23508419	23508518	DNA/hAT-Charlie	511	+	50	23508469	79912
chr8	23428557	23628557	harbor1	chr8	23512241	23512398	DNA/hAT-Charlie	723	+	78	23512319	83762
chr8	23428557	23628557	harbor1	chr8	23512395	23512524	DNA/hAT-Charlie	723	+	64	23512459	83902
chr8	23428557	23628557	harbor1	chr8	23514644	23514749	DNA/hAT-Charlie	621	+	52	23514696	86139
chr8	23428919	23628919	harbor1	chr8	23433605	23434009	DNA/hAT-Charlie	1649	+	202	23433807	4888
chr8	23428919	23628919	harbor1	chr8	23508419	23508518	DNA/hAT-Charlie	511	+	50	23508469	79550
chr8	23428919	23628919	harbor1	chr8	23512241	23512398	DNA/hAT-Charlie	723	+	78	23512319	83400
chr8	23428919	23628919	harbor1	chr8	23512395	23512524	DNA/hAT-Charlie	723	+	64	23512459	83540
chr8	23428919	23628919	harbor1	chr8	23514644	23514749	DNA/hAT-Charlie	621	+	52	23514696	85777
chr8	21958005	22158005	harbor1	chr8	21991343	21991652	DNA/hAT-Charlie	476	+	154	21991497	33492
chr8	21958005	22158005	harbor1	chr8	22024495	22024638	DNA/hAT-Charlie	514	+	72	22024567	66562
chr8	21958005	22158005	harbor1	chr8	22025992	22026321	DNA/hAT-Charlie	1975	+	164	22026156	68151
chr8	21958005	22158005	harbor1	chr8	22028109	22028319	DNA/hAT-Charlie	843	+	105	22028214	70209
chr8	38169251	38369251	harbor1	chr8	38180680	38180835	DNA/hAT-Charlie	811	+	78	38180758	11507
chr8	38169251	38369251	harbor1	chr8	38227898	38228102	DNA/hAT-Charlie	778	+	102	38228000	58749
chr8	38169251	38369251	harbor1	chr8	38229016	38229501	DNA/hAT-Charlie	2335	+	242	38229258	60007
chr8	38169251	38369251	harbor1	chr8	38229589	38229680	DNA/hAT-Charlie	432	+	46	38229635	60384
chr8	38169251	38369251	harbor1	chr8	38258664	38258839	DNA/hAT-Charlie	412	+	88	38258752	89501
chr8	23358013	23558013	harbor1	chr8	23417110	23417239	DNA/hAT-Charlie	641	+	64	23417174	59161
chr8	23358013	23558013	harbor1	chr8	23422576	23422683	DNA/hAT-Charlie	454	+	54	23422630	64617
chr8	23358013	23558013	harbor1	chr8	23433605	23434009	DNA/hAT-Charlie	1649	+	202	23433807	75794
chr8	23428835	23628835	harbor1	chr8	23433605	23434009	DNA/hAT-Charlie	1649	+	202	23433807	4972
chr8	23428835	23628835	harbor1	chr8	23508419	23508518	DNA/hAT-Charlie	511	+	50	23508469	79634
chr8	23428835	23628835	harbor1	chr8	23512241	23512398	DNA/hAT-Charlie	723	+	78	23512319	83484
chr8	23428835	23628835	harbor1	chr8	23512395	23512524	DNA/hAT-Charlie	723	+	64	23512459	83624
chr8	23428835	23628835	harbor1	chr8	23514644	23514749	DNA/hAT-Charlie	621	+	52	23514696	85861
chr8	23428480	23628480	harbor1	chr8	23433605	23434009	DNA/hAT-Charlie	1649	+	202	23433807	5327
chr8	23428480	23628480	harbor1	chr8	23508419	23508518	DNA/hAT-Charlie	511	+	50	23508469	79989
chr8	23428480	23628480	harbor1	chr8	23512241	23512398	DNA/hAT-Charlie	723	+	78	23512319	83839
chr8	23428480	23628480	harbor1	chr8	23512395	23512524	DNA/hAT-Charlie	723	+	64	23512459	83979
chr8	23428480	23628480	harbor1	chr8	23514644	23514749	DNA/hAT-Charlie	621	+	52	23514696	86216
chr8	2481328	2681328	harbor1	chr8	2507687	2508209	DNA/hAT-Charlie	3400	+	261	2507948	26620
chr8	23428515	23628515	harbor1	chr8	23433605	23434009	DNA/hAT-Charlie	1649	+	202	23433807	5292
chr8	23428515	23628515	harbor1	chr8	23508419	23508518	DNA/hAT-Charlie	511	+	50	23508469	79954
chr8	23428515	23628515	harbor1	chr8	23512241	23512398	DNA/hAT-Charlie	723	+	78	23512319	83804
chr8	23428515	23628515	harbor1	chr8	23512395	23512524	DNA/hAT-Charlie	723	+	64	23512459	83944
chr8	23428515	23628515	harbor1	chr8	23514644	23514749	DNA/hAT-Charlie	621	+	52	23514696	86181
chr8	23393484	23593484	harbor1	chr8	23417110	23417239	DNA/hAT-Charlie	641	+	64	23417174	23690
chr8	23393484	23593484	harbor1	chr8	23422576	23422683	DNA/hAT-Charlie	454	+	54	23422630	29146
chr8	23393484	23593484	harbor1	chr8	23433605	23434009	DNA/hAT-Charlie	1649	+	202	23433807	40323
chr8	23380424	23580424	harbor1	chr8	23417110	23417239	DNA/hAT-Charlie	641	+	64	23417174	36750
chr8	23380424	23580424	harbor1	chr8	23422576	23422683	DNA/hAT-Charlie	454	+	54	23422630	42206
chr8	23380424	23580424	harbor1	chr8	23433605	23434009	DNA/hAT-Charlie	1649	+	202	23433807	53383
chr8	23428487	23628487	harbor1	chr8	23433605	23434009	DNA/hAT-Charlie	1649	+	202	23433807	5320
chr8	23428487	23628487	harbor1	chr8	23508419	23508518	DNA/hAT-Charlie	511	+	50	23508469	79982
chr8	23428487	23628487	harbor1	chr8	23512241	23512398	DNA/hAT-Charlie	723	+	78	23512319	83832
chr8	23428487	23628487	harbor1	chr8	23512395	23512524	DNA/hAT-Charlie	723	+	64	23512459	83972
chr8	23428487	23628487	harbor1	chr8	23514644	23514749	DNA/hAT-Charlie	621	+	52	23514696	86209
chr8	23393608	23593608	harbor1	chr8	23417110	23417239	DNA/hAT-Charlie	641	+	64	23417174	23566
chr8	23393608	23593608	harbor1	chr8	23422576	23422683	DNA/hAT-Charlie	454	+	54	23422630	29022
chr8	23393608	23593608	harbor1	chr8	23433605	23434009	DNA/hAT-Charlie	1649	+	202	23433807	40199
chr8	23428433	23628433	harbor1	chr8	23433605	23434009	DNA/hAT-Charlie	1649	+	202	23433807	5374
chr8	23428433	23628433	harbor1	chr8	23508419	23508518	DNA/hAT-Charlie	511	+	50	23508469	80036
chr8	23428433	23628433	harbor1	chr8	23512241	23512398	DNA/hAT-Charlie	723	+	78	23512319	83886
chr8	23428433	23628433	harbor1	chr8	23512395	23512524	DNA/hAT-Charlie	723	+	64	23512459	84026
chr8	23428433	23628433	harbor1	chr8	23514644	23514749	DNA/hAT-Charlie	621	+	52	23514696	86263
chr8	41797946	41997946	harbor1	chr8	41835613	41835800	DNA/hAT-Charlie	588	+	94	41835707	37761
chr8	41797946	41997946	harbor1	chr8	41854612	41854658	DNA/hAT-Charlie	500	+	23	41854635	56689
chr8	41797946	41997946	harbor1	chr8	41854972	41855068	DNA/hAT-Charlie	500	+	48	41855020	57074
chr8	41797946	41997946	harbor1	chr8	41880020	41880334	DNA/hAT-Charlie	1647	+	157	41880177	82231
chr8	12095160	12295160	harbor1	chr8	12095474	12095622	DNA/hAT-Charlie	422	+	74	12095548	388
chr8	29983365	30183365	harbor1	chr8	30068131	30068649	DNA/hAT-Charlie	3569	+	259	30068390	85025
chr8	29983365	30183365	harbor1	chr8	30081472	30081633	DNA/hAT-Charlie	450	+	80	30081552	98187
chr8	23398492	23598492	harbor1	chr8	23417110	23417239	DNA/hAT-Charlie	641	+	64	23417174	18682
chr8	23398492	23598492	harbor1	chr8	23422576	23422683	DNA/hAT-Charlie	454	+	54	23422630	24138
chr8	23398492	23598492	harbor1	chr8	23433605	23434009	DNA/hAT-Charlie	1649	+	202	23433807	35315
chr8	23428524	23628524	harbor1	chr8	23433605	23434009	DNA/hAT-Charlie	1649	+	202	23433807	5283
chr8	23428524	23628524	harbor1	chr8	23508419	23508518	DNA/hAT-Charlie	511	+	50	23508469	79945
chr8	23428524	23628524	harbor1	chr8	23512241	23512398	DNA/hAT-Charlie	723	+	78	23512319	83795
chr8	23428524	23628524	harbor1	chr8	23512395	23512524	DNA/hAT-Charlie	723	+	64	23512459	83935
chr8	23428524	23628524	harbor1	chr8	23514644	23514749	DNA/hAT-Charlie	621	+	52	23514696	86172
chr8	38368467	38568467	harbor1	chr8	38425030	38425135	DNA/hAT-Charlie	551	+	52	38425082	56615
chr8	38368467	38568467	harbor1	chr8	38444084	38444220	DNA/hAT-Charlie	479	+	68	38444152	75685
chr8	38368467	38568467	harbor1	chr8	38462006	38462223	DNA/hAT-Charlie	900	+	108	38462114	93647
chr8	38368467	38568467	harbor1	chr8	38462514	38462603	DNA/hAT-Charlie	900	+	44	38462558	94091
chr8	141299565	141499565	harbor1	chr8	141302000	141302256	DNA/hAT-Charlie	597	+	128	141302128	2563
chr8	23384163	23584163	harbor1	chr8	23417110	23417239	DNA/hAT-Charlie	641	+	64	23417174	33011
chr8	23384163	23584163	harbor1	chr8	23422576	23422683	DNA/hAT-Charlie	454	+	54	23422630	38467
chr8	23384163	23584163	harbor1	chr8	23433605	23434009	DNA/hAT-Charlie	1649	+	202	23433807	49644
chr8	23428822	23628822	harbor1	chr8	23433605	23434009	DNA/hAT-Charlie	1649	+	202	23433807	4985
chr8	23428822	23628822	harbor1	chr8	23508419	23508518	DNA/hAT-Charlie	511	+	50	23508469	79647
chr8	23428822	23628822	harbor1	chr8	23512241	23512398	DNA/hAT-Charlie	723	+	78	23512319	83497
chr8	23428822	23628822	harbor1	chr8	23512395	23512524	DNA/hAT-Charlie	723	+	64	23512459	83637
chr8	23428822	23628822	harbor1	chr8	23514644	23514749	DNA/hAT-Charlie	621	+	52	23514696	85874
chr8	9051756	9251756	harbor1	chr8	9078670	9078793	DNA/hAT-Charlie	549	+	62	9078732	26976
chr8	9051756	9251756	harbor1	chr8	9084999	9085127	DNA/hAT-Charlie	654	+	64	9085063	33307
chr8	9051756	9251756	harbor1	chr8	9085508	9085681	DNA/hAT-Charlie	889	+	86	9085594	33838
chr8	9051756	9251756	harbor1	chr8	9105867	9106208	DNA/hAT-Charlie	1783	+	170	9106037	54281
chr8	9051756	9251756	harbor1	chr8	9108338	9108481	DNA/hAT-Charlie	471	+	72	9108410	56654
chr8	9051756	9251756	harbor1	chr8	9122333	9122562	DNA/hAT-Charlie	727	+	114	9122447	70691
chr8	9051756	9251756	harbor1	chr8	9124495	9124650	DNA/hAT-Charlie	524	+	78	9124573	72817
chr8	9051756	9251756	harbor1	chr8	9126437	9126590	DNA/hAT-Charlie	748	+	76	9126513	74757
chr8	9051756	9251756	harbor1	chr8	9133669	9133862	DNA/hAT-Charlie	926	+	96	9133765	82009
chr8	23428849	23628849	harbor1	chr8	23433605	23434009	DNA/hAT-Charlie	1649	+	202	23433807	4958
chr8	23428849	23628849	harbor1	chr8	23508419	23508518	DNA/hAT-Charlie	511	+	50	23508469	79620
chr8	23428849	23628849	harbor1	chr8	23512241	23512398	DNA/hAT-Charlie	723	+	78	23512319	83470
chr8	23428849	23628849	harbor1	chr8	23512395	23512524	DNA/hAT-Charlie	723	+	64	23512459	83610
chr8	23428849	23628849	harbor1	chr8	23514644	23514749	DNA/hAT-Charlie	621	+	52	23514696	85847
chr8	23373952	23573952	harbor1	chr8	23417110	23417239	DNA/hAT-Charlie	641	+	64	23417174	43222
chr8	23373952	23573952	harbor1	chr8	23422576	23422683	DNA/hAT-Charlie	454	+	54	23422630	48678
chr8	23373952	23573952	harbor1	chr8	23433605	23434009	DNA/hAT-Charlie	1649	+	202	23433807	59855
chr8	94973525	95173525	harbor1	chr8	95053474	95053605	DNA/hAT-Charlie	551	+	66	95053540	80015
chr8	94973525	95173525	harbor1	chr8	95054301	95054422	DNA/hAT-Charlie	687	+	60	95054361	80836
chr8	140984887	141184887	harbor1	chr8	140986085	140986282	DNA/hAT-Charlie	1197	+	98	140986183	1296
chr8	53999312	54199312	harbor1	chr8	54091733	54091806	DNA/hAT-Charlie	453	+	36	54091769	92457
chr8	53999312	54199312	harbor1	chr8	54092410	54092515	DNA/hAT-Charlie	503	+	52	54092462	93150
chr8	38167799	38367799	harbor1	chr8	38180680	38180835	DNA/hAT-Charlie	811	+	78	38180758	12959
chr8	38167799	38367799	harbor1	chr8	38227898	38228102	DNA/hAT-Charlie	778	+	102	38228000	60201
chr8	38167799	38367799	harbor1	chr8	38229016	38229501	DNA/hAT-Charlie	2335	+	242	38229258	61459
chr8	38167799	38367799	harbor1	chr8	38229589	38229680	DNA/hAT-Charlie	432	+	46	38229635	61836
chr8	38167799	38367799	harbor1	chr8	38258664	38258839	DNA/hAT-Charlie	412	+	88	38258752	90953
chr8	143716206	143916206	harbor1	chr8	143761389	143761487	DNA/hAT-Charlie	488	+	49	143761438	45232
chr8	143716206	143916206	harbor1	chr8	143761737	143762154	DNA/hAT-Charlie	488	+	208	143761945	45739
chr8	23428936	23628936	harbor1	chr8	23433605	23434009	DNA/hAT-Charlie	1649	+	202	23433807	4871
chr8	23428936	23628936	harbor1	chr8	23508419	23508518	DNA/hAT-Charlie	511	+	50	23508469	79533
chr8	23428936	23628936	harbor1	chr8	23512241	23512398	DNA/hAT-Charlie	723	+	78	23512319	83383
chr8	23428936	23628936	harbor1	chr8	23512395	23512524	DNA/hAT-Charlie	723	+	64	23512459	83523
chr8	23428936	23628936	harbor1	chr8	23514644	23514749	DNA/hAT-Charlie	621	+	52	23514696	85760
chr8	143147120	143347120	harbor1	chr8	143238601	143238787	DNA/hAT-Charlie	431	+	93	143238694	91574
chr8	23409024	23609024	harbor1	chr8	23417110	23417239	DNA/hAT-Charlie	641	+	64	23417174	8150
chr8	23409024	23609024	harbor1	chr8	23422576	23422683	DNA/hAT-Charlie	454	+	54	23422630	13606
chr8	23409024	23609024	harbor1	chr8	23433605	23434009	DNA/hAT-Charlie	1649	+	202	23433807	24783
chr8	23409024	23609024	harbor1	chr8	23508419	23508518	DNA/hAT-Charlie	511	+	50	23508469	99445
chr8	23428958	23628958	harbor1	chr8	23433605	23434009	DNA/hAT-Charlie	1649	+	202	23433807	4849
chr8	23428958	23628958	harbor1	chr8	23508419	23508518	DNA/hAT-Charlie	511	+	50	23508469	79511
chr8	23428958	23628958	harbor1	chr8	23512241	23512398	DNA/hAT-Charlie	723	+	78	23512319	83361
chr8	23428958	23628958	harbor1	chr8	23512395	23512524	DNA/hAT-Charlie	723	+	64	23512459	83501
chr8	23428958	23628958	harbor1	chr8	23514644	23514749	DNA/hAT-Charlie	621	+	52	23514696	85738
chr8	8286401	8486401	harbor1	chr8	8343427	8343632	DNA/hAT-Charlie	441	+	102	8343529	57128
chr8	38168860	38368860	harbor1	chr8	38180680	38180835	DNA/hAT-Charlie	811	+	78	38180758	11898
chr8	38168860	38368860	harbor1	chr8	38227898	38228102	DNA/hAT-Charlie	778	+	102	38228000	59140
chr8	38168860	38368860	harbor1	chr8	38229016	38229501	DNA/hAT-Charlie	2335	+	242	38229258	60398
chr8	38168860	38368860	harbor1	chr8	38229589	38229680	DNA/hAT-Charlie	432	+	46	38229635	60775
chr8	38168860	38368860	harbor1	chr8	38258664	38258839	DNA/hAT-Charlie	412	+	88	38258752	89892
chr8	54001253	54201253	harbor1	chr8	54091733	54091806	DNA/hAT-Charlie	453	+	36	54091769	90516
chr8	54001253	54201253	harbor1	chr8	54092410	54092515	DNA/hAT-Charlie	503	+	52	54092462	91209
chr8	23382017	23582017	harbor1	chr8	23417110	23417239	DNA/hAT-Charlie	641	+	64	23417174	35157
chr8	23382017	23582017	harbor1	chr8	23422576	23422683	DNA/hAT-Charlie	454	+	54	23422630	40613
chr8	23382017	23582017	harbor1	chr8	23433605	23434009	DNA/hAT-Charlie	1649	+	202	23433807	51790
chr8	23428526	23628526	harbor1	chr8	23433605	23434009	DNA/hAT-Charlie	1649	+	202	23433807	5281
chr8	23428526	23628526	harbor1	chr8	23508419	23508518	DNA/hAT-Charlie	511	+	50	23508469	79943
chr8	23428526	23628526	harbor1	chr8	23512241	23512398	DNA/hAT-Charlie	723	+	78	23512319	83793
chr8	23428526	23628526	harbor1	chr8	23512395	23512524	DNA/hAT-Charlie	723	+	64	23512459	83933
chr8	23428526	23628526	harbor1	chr8	23514644	23514749	DNA/hAT-Charlie	621	+	52	23514696	86170
chr8	8790734	8990734	harbor1	chr8	8808865	8809316	DNA/hAT-Charlie	2966	+	226	8809091	18357
chr8	8790734	8990734	harbor1	chr8	8834802	8834924	DNA/hAT-Charlie	535	+	61	8834863	44129
chr8	8790734	8990734	harbor1	chr8	8835831	8836052	DNA/hAT-Charlie	804	+	110	8835941	45207
chr8	8790734	8990734	harbor1	chr8	8842596	8842758	DNA/hAT-Charlie	574	+	81	8842677	51943
chr8	27519509	27719509	harbor1	chr8	27587710	27587855	DNA/hAT-Charlie	478	+	72	27587782	68273
chr8	27519509	27719509	harbor1	chr8	27600151	27600226	DNA/hAT-Charlie	644	+	38	27600189	80680
chr8	27519509	27719509	harbor1	chr8	27600524	27600640	DNA/hAT-Charlie	644	+	58	27600582	81073
chr8	27519509	27719509	harbor1	chr8	27602147	27602334	DNA/hAT-Charlie	929	+	94	27602241	82732
chr8	27519509	27719509	harbor1	chr8	27602618	27602644	DNA/hAT-Charlie	929	+	13	27602631	83122
chr8	27519509	27719509	harbor1	chr8	27608202	27608316	DNA/hAT-Charlie	524	+	57	27608259	88750
chr8	25084956	25284956	harbor1	chr8	25093206	25093545	DNA/hAT-Charlie	2233	+	170	25093376	8420
chr8	25084956	25284956	harbor1	chr8	25136235	25136367	DNA/hAT-Charlie	612	+	66	25136301	51345
chr8	25084956	25284956	harbor1	chr8	25176918	25177009	DNA/hAT-Charlie	1139	+	46	25176964	92008
chr8	25084956	25284956	harbor1	chr8	25177304	25177390	DNA/hAT-Charlie	1139	+	43	25177347	92391
chr8	25084956	25284956	harbor1	chr8	25177703	25177755	DNA/hAT-Charlie	1139	+	26	25177729	92773
chr8	25084956	25284956	harbor1	chr8	25178184	25178357	DNA/hAT-Charlie	1139	+	86	25178270	93314
chr8	23372498	23572498	harbor1	chr8	23417110	23417239	DNA/hAT-Charlie	641	+	64	23417174	44676
chr8	23372498	23572498	harbor1	chr8	23422576	23422683	DNA/hAT-Charlie	454	+	54	23422630	50132
chr8	23372498	23572498	harbor1	chr8	23433605	23434009	DNA/hAT-Charlie	1649	+	202	23433807	61309
chr8	21328820	21528820	harbor1	chr8	21329016	21329304	DNA/hAT-Charlie	593	+	144	21329160	340
chr8	21328820	21528820	harbor1	chr8	21371260	21371465	DNA/hAT-Charlie	891	+	102	21371362	42542
chr8	21328820	21528820	harbor1	chr8	21371579	21371732	DNA/hAT-Charlie	621	+	76	21371655	42835
chr8	21328820	21528820	harbor1	chr8	21372100	21372665	DNA/hAT-Charlie	915	+	282	21372382	43562
chr8	21328820	21528820	harbor1	chr8	21403071	21403343	DNA/hAT-Charlie	433	+	136	21403207	74387
chr8	141299674	141499674	harbor1	chr8	141302000	141302256	DNA/hAT-Charlie	597	+	128	141302128	2454
chr8	23382188	23582188	harbor1	chr8	23417110	23417239	DNA/hAT-Charlie	641	+	64	23417174	34986
chr8	23382188	23582188	harbor1	chr8	23422576	23422683	DNA/hAT-Charlie	454	+	54	23422630	40442
chr8	23382188	23582188	harbor1	chr8	23433605	23434009	DNA/hAT-Charlie	1649	+	202	23433807	51619
chr8	20295312	20495312	harbor1	chr8	20368022	20368313	DNA/hAT-Charlie	581	+	146	20368168	72856
chr8	38162265	38362265	harbor1	chr8	38180680	38180835	DNA/hAT-Charlie	811	+	78	38180758	18493
chr8	38162265	38362265	harbor1	chr8	38227898	38228102	DNA/hAT-Charlie	778	+	102	38228000	65735
chr8	38162265	38362265	harbor1	chr8	38229016	38229501	DNA/hAT-Charlie	2335	+	242	38229258	66993
chr8	38162265	38362265	harbor1	chr8	38229589	38229680	DNA/hAT-Charlie	432	+	46	38229635	67370
chr8	38162265	38362265	harbor1	chr8	38258664	38258839	DNA/hAT-Charlie	412	+	88	38258752	96487
chr8	23381183	23581183	harbor1	chr8	23417110	23417239	DNA/hAT-Charlie	641	+	64	23417174	35991
chr8	23381183	23581183	harbor1	chr8	23422576	23422683	DNA/hAT-Charlie	454	+	54	23422630	41447
chr8	23381183	23581183	harbor1	chr8	23433605	23434009	DNA/hAT-Charlie	1649	+	202	23433807	52624
chr8	600183	800183	harbor1	chr8	632782	632971	DNA/hAT-Charlie	637	+	94	632876	32693
chr8	23428879	23628879	harbor1	chr8	23433605	23434009	DNA/hAT-Charlie	1649	+	202	23433807	4928
chr8	23428879	23628879	harbor1	chr8	23508419	23508518	DNA/hAT-Charlie	511	+	50	23508469	79590
chr8	23428879	23628879	harbor1	chr8	23512241	23512398	DNA/hAT-Charlie	723	+	78	23512319	83440
chr8	23428879	23628879	harbor1	chr8	23512395	23512524	DNA/hAT-Charlie	723	+	64	23512459	83580
chr8	23428879	23628879	harbor1	chr8	23514644	23514749	DNA/hAT-Charlie	621	+	52	23514696	85817
chr8	38169230	38369230	harbor1	chr8	38180680	38180835	DNA/hAT-Charlie	811	+	78	38180758	11528
chr8	38169230	38369230	harbor1	chr8	38227898	38228102	DNA/hAT-Charlie	778	+	102	38228000	58770
chr8	38169230	38369230	harbor1	chr8	38229016	38229501	DNA/hAT-Charlie	2335	+	242	38229258	60028
chr8	38169230	38369230	harbor1	chr8	38229589	38229680	DNA/hAT-Charlie	432	+	46	38229635	60405
chr8	38169230	38369230	harbor1	chr8	38258664	38258839	DNA/hAT-Charlie	412	+	88	38258752	89522
chr8	8793032	8993032	harbor1	chr8	8808865	8809316	DNA/hAT-Charlie	2966	+	226	8809091	16059
chr8	8793032	8993032	harbor1	chr8	8834802	8834924	DNA/hAT-Charlie	535	+	61	8834863	41831
chr8	8793032	8993032	harbor1	chr8	8835831	8836052	DNA/hAT-Charlie	804	+	110	8835941	42909
chr8	8793032	8993032	harbor1	chr8	8842596	8842758	DNA/hAT-Charlie	574	+	81	8842677	49645
chr8	143716099	143916099	harbor1	chr8	143761389	143761487	DNA/hAT-Charlie	488	+	49	143761438	45339
chr8	143716099	143916099	harbor1	chr8	143761737	143762154	DNA/hAT-Charlie	488	+	208	143761945	45846
chr8	144299476	144499476	harbor1	chr8	144386985	144387187	DNA/hAT-Charlie	430	+	101	144387086	87610
chr8	144364372	144564372	harbor1	chr8	144386985	144387187	DNA/hAT-Charlie	430	+	101	144387086	22714
chr8	48601680	48801680	harbor1	chr8	48640470	48640824	DNA/hAT-Charlie	1234	+	177	48640647	38967
chr8	141299700	141499700	harbor1	chr8	141302000	141302256	DNA/hAT-Charlie	597	+	128	141302128	2428
chr8	26283759	26483759	harbor1	chr8	26301714	26302906	DNA/hAT-Charlie	4178	+	596	26302310	18551
chr8	26283759	26483759	harbor1	chr8	26329789	26329939	DNA/hAT-Charlie	502	+	75	26329864	46105
chr8	89802482	90002482	harbor1	chr8	89870651	89870794	DNA/hAT-Charlie	507	+	72	89870723	68241
chr8	89802482	90002482	harbor1	chr8	89870786	89870853	DNA/hAT-Charlie	593	+	34	89870820	68338
chr8	89802482	90002482	harbor1	chr8	89871097	89871181	DNA/hAT-Charlie	593	+	42	89871139	68657
chr8	89802482	90002482	harbor1	chr8	89871218	89871841	DNA/hAT-Charlie	1421	+	312	89871530	69048
chr8	38169172	38369172	harbor1	chr8	38180680	38180835	DNA/hAT-Charlie	811	+	78	38180758	11586
chr8	38169172	38369172	harbor1	chr8	38227898	38228102	DNA/hAT-Charlie	778	+	102	38228000	58828
chr8	38169172	38369172	harbor1	chr8	38229016	38229501	DNA/hAT-Charlie	2335	+	242	38229258	60086
chr8	38169172	38369172	harbor1	chr8	38229589	38229680	DNA/hAT-Charlie	432	+	46	38229635	60463
chr8	38169172	38369172	harbor1	chr8	38258664	38258839	DNA/hAT-Charlie	412	+	88	38258752	89580
chr8	144174289	144374289	harbor1	chr8	144220133	144220314	DNA/hAT-Charlie	537	+	90	144220223	45934
chr8	144174289	144374289	harbor1	chr8	144253200	144253459	DNA/hAT-Charlie	850	+	130	144253330	79041
chr8	23429068	23629068	harbor1	chr8	23433605	23434009	DNA/hAT-Charlie	1649	+	202	23433807	4739
chr8	23429068	23629068	harbor1	chr8	23508419	23508518	DNA/hAT-Charlie	511	+	50	23508469	79401
chr8	23429068	23629068	harbor1	chr8	23512241	23512398	DNA/hAT-Charlie	723	+	78	23512319	83251
chr8	23429068	23629068	harbor1	chr8	23512395	23512524	DNA/hAT-Charlie	723	+	64	23512459	83391
chr8	23429068	23629068	harbor1	chr8	23514644	23514749	DNA/hAT-Charlie	621	+	52	23514696	85628
chr8	38169199	38369199	harbor1	chr8	38180680	38180835	DNA/hAT-Charlie	811	+	78	38180758	11559
chr8	38169199	38369199	harbor1	chr8	38227898	38228102	DNA/hAT-Charlie	778	+	102	38228000	58801
chr8	38169199	38369199	harbor1	chr8	38229016	38229501	DNA/hAT-Charlie	2335	+	242	38229258	60059
chr8	38169199	38369199	harbor1	chr8	38229589	38229680	DNA/hAT-Charlie	432	+	46	38229635	60436
chr8	38169199	38369199	harbor1	chr8	38258664	38258839	DNA/hAT-Charlie	412	+	88	38258752	89553
chr8	144375112	144575112	harbor1	chr8	144386985	144387187	DNA/hAT-Charlie	430	+	101	144387086	11974
chr8	23424122	23624122	harbor1	chr8	23433605	23434009	DNA/hAT-Charlie	1649	+	202	23433807	9685
chr8	23424122	23624122	harbor1	chr8	23508419	23508518	DNA/hAT-Charlie	511	+	50	23508469	84347
chr8	23424122	23624122	harbor1	chr8	23512241	23512398	DNA/hAT-Charlie	723	+	78	23512319	88197
chr8	23424122	23624122	harbor1	chr8	23512395	23512524	DNA/hAT-Charlie	723	+	64	23512459	88337
chr8	23424122	23624122	harbor1	chr8	23514644	23514749	DNA/hAT-Charlie	621	+	52	23514696	90574
chr8	23381900	23581900	harbor1	chr8	23417110	23417239	DNA/hAT-Charlie	641	+	64	23417174	35274
chr8	23381900	23581900	harbor1	chr8	23422576	23422683	DNA/hAT-Charlie	454	+	54	23422630	40730
chr8	23381900	23581900	harbor1	chr8	23433605	23434009	DNA/hAT-Charlie	1649	+	202	23433807	51907
chr8	11745829	11945829	harbor1	chr8	11767484	11767509	DNA/hAT-Charlie	702	+	12	11767496	21667
chr8	11745829	11945829	harbor1	chr8	11767817	11767955	DNA/hAT-Charlie	702	+	69	11767886	22057
chr8	11745829	11945829	harbor1	chr8	11832629	11832767	DNA/hAT-Charlie	671	+	69	11832698	86869
chr8	11745829	11945829	harbor1	chr8	11833644	11833812	DNA/hAT-Charlie	705	+	84	11833728	87899
chr8	11745829	11945829	harbor1	chr8	11840215	11840525	DNA/hAT-Charlie	1751	+	155	11840370	94541
chr8	41761146	41961146	harbor1	chr8	41835613	41835800	DNA/hAT-Charlie	588	+	94	41835707	74561
chr8	41761146	41961146	harbor1	chr8	41854612	41854658	DNA/hAT-Charlie	500	+	23	41854635	93489
chr8	41761146	41961146	harbor1	chr8	41854972	41855068	DNA/hAT-Charlie	500	+	48	41855020	93874
chr8	141299679	141499679	harbor1	chr8	141302000	141302256	DNA/hAT-Charlie	597	+	128	141302128	2449
chr8	10959439	11159439	harbor1	chr8	10966322	10966387	DNA/hAT-Charlie	593	+	32	10966354	6915
chr8	10959439	11159439	harbor1	chr8	10966704	10966828	DNA/hAT-Charlie	593	+	62	10966766	7327
chr8	10959439	11159439	harbor1	chr8	10966981	10967117	DNA/hAT-Charlie	463	+	68	10967049	7610
chr8	10959439	11159439	harbor1	chr8	11025844	11026028	DNA/hAT-Charlie	759	+	92	11025936	66497
chr8	10959439	11159439	harbor1	chr8	11027313	11027464	DNA/hAT-Charlie	487	+	76	11027389	67950
chr8	10959439	11159439	harbor1	chr8	11036453	11036600	DNA/hAT-Charlie	755	+	74	11036527	77088
chr8	10959439	11159439	harbor1	chr8	11038044	11038298	DNA/hAT-Charlie	455	+	127	11038171	78732
chr8	38167906	38367906	harbor1	chr8	38180680	38180835	DNA/hAT-Charlie	811	+	78	38180758	12852
chr8	38167906	38367906	harbor1	chr8	38227898	38228102	DNA/hAT-Charlie	778	+	102	38228000	60094
chr8	38167906	38367906	harbor1	chr8	38229016	38229501	DNA/hAT-Charlie	2335	+	242	38229258	61352
chr8	38167906	38367906	harbor1	chr8	38229589	38229680	DNA/hAT-Charlie	432	+	46	38229635	61729
chr8	38167906	38367906	harbor1	chr8	38258664	38258839	DNA/hAT-Charlie	412	+	88	38258752	90846
chr8	38167394	38367394	harbor1	chr8	38180680	38180835	DNA/hAT-Charlie	811	+	78	38180758	13364
chr8	38167394	38367394	harbor1	chr8	38227898	38228102	DNA/hAT-Charlie	778	+	102	38228000	60606
chr8	38167394	38367394	harbor1	chr8	38229016	38229501	DNA/hAT-Charlie	2335	+	242	38229258	61864
chr8	38167394	38367394	harbor1	chr8	38229589	38229680	DNA/hAT-Charlie	432	+	46	38229635	62241
chr8	38167394	38367394	harbor1	chr8	38258664	38258839	DNA/hAT-Charlie	412	+	88	38258752	91358
chr8	22656494	22856494	harbor1	chr8	22740379	22740514	DNA/hAT-Charlie	629	+	68	22740447	83953
chr8	138710548	138910548	harbor1	chr8	138781092	138781228	DNA/hAT-Charlie	450	+	68	138781160	70612
chr8	138710548	138910548	harbor1	chr8	138788095	138788279	DNA/hAT-Charlie	888	+	92	138788187	77639
chr8	102556596	102756596	harbor1	chr8	102587124	102587369	DNA/hAT-Charlie	779	+	122	102587246	30650
chr8	102556596	102756596	harbor1	chr8	102646031	102646154	DNA/hAT-Charlie	446	+	62	102646093	89497
chr8	23428939	23628939	harbor1	chr8	23433605	23434009	DNA/hAT-Charlie	1649	+	202	23433807	4868
chr8	23428939	23628939	harbor1	chr8	23508419	23508518	DNA/hAT-Charlie	511	+	50	23508469	79530
chr8	23428939	23628939	harbor1	chr8	23512241	23512398	DNA/hAT-Charlie	723	+	78	23512319	83380
chr8	23428939	23628939	harbor1	chr8	23512395	23512524	DNA/hAT-Charlie	723	+	64	23512459	83520
chr8	23428939	23628939	harbor1	chr8	23514644	23514749	DNA/hAT-Charlie	621	+	52	23514696	85757
chr8	144364844	144564844	harbor1	chr8	144386985	144387187	DNA/hAT-Charlie	430	+	101	144387086	22242
chr8	23412882	23612882	harbor1	chr8	23417110	23417239	DNA/hAT-Charlie	641	+	64	23417174	4292
chr8	23412882	23612882	harbor1	chr8	23422576	23422683	DNA/hAT-Charlie	454	+	54	23422630	9748
chr8	23412882	23612882	harbor1	chr8	23433605	23434009	DNA/hAT-Charlie	1649	+	202	23433807	20925
chr8	23412882	23612882	harbor1	chr8	23508419	23508518	DNA/hAT-Charlie	511	+	50	23508469	95587
chr8	23412882	23612882	harbor1	chr8	23512241	23512398	DNA/hAT-Charlie	723	+	78	23512319	99437
chr8	23412882	23612882	harbor1	chr8	23512395	23512524	DNA/hAT-Charlie	723	+	64	23512459	99577
chr8	29983323	30183323	harbor1	chr8	30068131	30068649	DNA/hAT-Charlie	3569	+	259	30068390	85067
chr8	29983323	30183323	harbor1	chr8	30081472	30081633	DNA/hAT-Charlie	450	+	80	30081552	98229
chr8	29983355	30183355	harbor1	chr8	30068131	30068649	DNA/hAT-Charlie	3569	+	259	30068390	85035
chr8	29983355	30183355	harbor1	chr8	30081472	30081633	DNA/hAT-Charlie	450	+	80	30081552	98197
chr8	89884330	90084330	harbor1	chr8	89903627	89903828	DNA/hAT-Charlie	545	+	100	89903727	19397
chr8	89884330	90084330	harbor1	chr8	89925921	89926069	DNA/hAT-Charlie	634	+	74	89925995	41665
chr8	89884330	90084330	harbor1	chr8	89956706	89956784	DNA/hAT-Charlie	419	+	39	89956745	72415
chr8	89884330	90084330	harbor1	chr8	89958455	89958580	DNA/hAT-Charlie	549	+	62	89958517	74187
chr8	104489421	104689421	harbor1	chr8	104505893	104506299	DNA/hAT-Charlie	1424	+	203	104506096	16675
chr8	104489421	104689421	harbor1	chr8	104514866	104514963	DNA/hAT-Charlie	418	+	48	104514914	25493
chr8	104489421	104689421	harbor1	chr8	104530636	104530696	DNA/hAT-Charlie	2931	+	30	104530666	41245
chr8	104489421	104689421	harbor1	chr8	104533403	104533549	DNA/hAT-Charlie	491	+	73	104533476	44055
chr8	104489421	104689421	harbor1	chr8	104538709	104538915	DNA/hAT-Charlie	910	+	103	104538812	49391
chr8	104489421	104689421	harbor1	chr8	104571230	104571334	DNA/hAT-Charlie	1856	+	52	104571282	81861
chr8	104489421	104689421	harbor1	chr8	104571715	104571930	DNA/hAT-Charlie	1856	+	108	104571823	82402
chr8	104489421	104689421	harbor1	chr8	104574119	104574390	DNA/hAT-Charlie	829	+	136	104574255	84834
chr8	104489421	104689421	harbor1	chr8	104574616	104574873	DNA/hAT-Charlie	1239	+	128	104574744	85323
chr8	104489421	104689421	harbor1	chr8	104529648	104530246	DNA/hAT-Charlie	2931	+	299	104529947	40526
chr8	23373996	23573996	harbor1	chr8	23417110	23417239	DNA/hAT-Charlie	641	+	64	23417174	43178
chr8	23373996	23573996	harbor1	chr8	23422576	23422683	DNA/hAT-Charlie	454	+	54	23422630	48634
chr8	23373996	23573996	harbor1	chr8	23433605	23434009	DNA/hAT-Charlie	1649	+	202	23433807	59811
chr8	28286313	28486313	harbor1	chr8	28358026	28358122	DNA/hAT-Charlie	417	+	48	28358074	71761
chr8	28286313	28486313	harbor1	chr8	28358735	28358971	DNA/hAT-Charlie	958	+	118	28358853	72540
chr8	28286313	28486313	harbor1	chr8	28382792	28383035	DNA/hAT-Charlie	483	+	122	28382914	96601
chr8	138710571	138910571	harbor1	chr8	138781092	138781228	DNA/hAT-Charlie	450	+	68	138781160	70589
chr8	138710571	138910571	harbor1	chr8	138788095	138788279	DNA/hAT-Charlie	888	+	92	138788187	77616
chr9	4883718	5083718	harbor1	chr9	4924597	4924796	DNA/hAT-Charlie	888	+	100	4924697	40979
chr9	4883718	5083718	harbor1	chr9	4930783	4930938	DNA/hAT-Charlie	808	+	78	4930861	47143
chr9	4883718	5083718	harbor1	chr9	4967764	4967895	DNA/hAT-Charlie	663	+	66	4967830	84112
chr9	134318708	134518708	harbor1	chr9	134354474	134354642	DNA/hAT-Charlie	543	+	84	134354558	35850
chr9	4884896	5084896	harbor1	chr9	4924597	4924796	DNA/hAT-Charlie	888	+	100	4924697	39801
chr9	4884896	5084896	harbor1	chr9	4930783	4930938	DNA/hAT-Charlie	808	+	78	4930861	45965
chr9	4884896	5084896	harbor1	chr9	4967764	4967895	DNA/hAT-Charlie	663	+	66	4967830	82934
chr9	4883068	5083068	harbor1	chr9	4924597	4924796	DNA/hAT-Charlie	888	+	100	4924697	41629
chr9	4883068	5083068	harbor1	chr9	4930783	4930938	DNA/hAT-Charlie	808	+	78	4930861	47793
chr9	4883068	5083068	harbor1	chr9	4967764	4967895	DNA/hAT-Charlie	663	+	66	4967830	84762
chr9	4483026	4683026	harbor1	chr9	4546329	4546636	DNA/hAT-Charlie	888	+	154	4546483	63457
chr9	4884791	5084791	harbor1	chr9	4924597	4924796	DNA/hAT-Charlie	888	+	100	4924697	39906
chr9	4884791	5084791	harbor1	chr9	4930783	4930938	DNA/hAT-Charlie	808	+	78	4930861	46070
chr9	4884791	5084791	harbor1	chr9	4967764	4967895	DNA/hAT-Charlie	663	+	66	4967830	83039
chr9	4879886	5079886	harbor1	chr9	4924597	4924796	DNA/hAT-Charlie	888	+	100	4924697	44811
chr9	4879886	5079886	harbor1	chr9	4930783	4930938	DNA/hAT-Charlie	808	+	78	4930861	50975
chr9	4879886	5079886	harbor1	chr9	4967764	4967895	DNA/hAT-Charlie	663	+	66	4967830	87944
chr9	136446521	136646521	harbor1	chr9	136485974	136486157	DNA/hAT-Charlie	660	+	92	136486066	39545
chr9	136446521	136646521	harbor1	chr9	136491092	136491231	DNA/hAT-Charlie	801	+	70	136491162	44641
chr9	136446521	136646521	harbor1	chr9	136491538	136491674	DNA/hAT-Charlie	801	+	68	136491606	45085
chr9	4692784	4892784	harbor1	chr9	4698684	4698821	DNA/hAT-Charlie	633	+	68	4698752	5968
chr9	4692784	4892784	harbor1	chr9	4698820	4699116	DNA/hAT-Charlie	1208	+	148	4698968	6184
chr9	4692784	4892784	harbor1	chr9	4775769	4775927	DNA/hAT-Charlie	621	+	79	4775848	83064
chr9	4884806	5084806	harbor1	chr9	4924597	4924796	DNA/hAT-Charlie	888	+	100	4924697	39891
chr9	4884806	5084806	harbor1	chr9	4930783	4930938	DNA/hAT-Charlie	808	+	78	4930861	46055
chr9	4884806	5084806	harbor1	chr9	4967764	4967895	DNA/hAT-Charlie	663	+	66	4967830	83024
chr9	4669274	4869274	harbor1	chr9	4686769	4687076	DNA/hAT-Charlie	1632	+	154	4686923	17649
chr9	4669274	4869274	harbor1	chr9	4698684	4698821	DNA/hAT-Charlie	633	+	68	4698752	29478
chr9	4669274	4869274	harbor1	chr9	4698820	4699116	DNA/hAT-Charlie	1208	+	148	4698968	29694
chr9	4692259	4892259	harbor1	chr9	4698684	4698821	DNA/hAT-Charlie	633	+	68	4698752	6493
chr9	4692259	4892259	harbor1	chr9	4698820	4699116	DNA/hAT-Charlie	1208	+	148	4698968	6709
chr9	4692259	4892259	harbor1	chr9	4775769	4775927	DNA/hAT-Charlie	621	+	79	4775848	83589
chr9	4867341	5067341	harbor1	chr9	4924597	4924796	DNA/hAT-Charlie	888	+	100	4924697	57356
chr9	4867341	5067341	harbor1	chr9	4930783	4930938	DNA/hAT-Charlie	808	+	78	4930861	63520
chr9	4883408	5083408	harbor1	chr9	4924597	4924796	DNA/hAT-Charlie	888	+	100	4924697	41289
chr9	4883408	5083408	harbor1	chr9	4930783	4930938	DNA/hAT-Charlie	808	+	78	4930861	47453
chr9	4883408	5083408	harbor1	chr9	4967764	4967895	DNA/hAT-Charlie	663	+	66	4967830	84422
chr9	4884822	5084822	harbor1	chr9	4924597	4924796	DNA/hAT-Charlie	888	+	100	4924697	39875
chr9	4884822	5084822	harbor1	chr9	4930783	4930938	DNA/hAT-Charlie	808	+	78	4930861	46039
chr9	4884822	5084822	harbor1	chr9	4967764	4967895	DNA/hAT-Charlie	663	+	66	4967830	83008
chr9	4641119	4841119	harbor1	chr9	4686769	4687076	DNA/hAT-Charlie	1632	+	154	4686923	45804
chr9	4641119	4841119	harbor1	chr9	4698684	4698821	DNA/hAT-Charlie	633	+	68	4698752	57633
chr9	4641119	4841119	harbor1	chr9	4698820	4699116	DNA/hAT-Charlie	1208	+	148	4698968	57849
chr9	4580286	4780286	harbor1	chr9	4620380	4620545	DNA/hAT-Charlie	1063	+	82	4620462	40176
chr9	4580286	4780286	harbor1	chr9	4621279	4621488	DNA/hAT-Charlie	1047	+	104	4621383	41097
chr9	4580286	4780286	harbor1	chr9	4621788	4621807	DNA/hAT-Charlie	1047	+	10	4621798	41512
chr9	4580286	4780286	harbor1	chr9	4621801	4621933	DNA/hAT-Charlie	593	+	66	4621867	41581
chr9	4580286	4780286	harbor1	chr9	4635845	4636237	DNA/hAT-Charlie	910	+	196	4636041	55755
chr9	4580286	4780286	harbor1	chr9	4636257	4636465	DNA/hAT-Charlie	590	+	104	4636361	56075
chr9	112387325	112587325	harbor1	chr9	112410938	112411392	DNA/hAT-Charlie	1921	+	227	112411165	23840
chr9	112387325	112587325	harbor1	chr9	112411688	112412023	DNA/hAT-Charlie	1921	+	168	112411856	24531
chr9	112387325	112587325	harbor1	chr9	112412233	112412530	DNA/hAT-Charlie	853	+	148	112412381	25056
chr9	112387325	112587325	harbor1	chr9	112412652	112412804	DNA/hAT-Charlie	597	+	76	112412728	25403
chr9	4692922	4892922	harbor1	chr9	4698684	4698821	DNA/hAT-Charlie	633	+	68	4698752	5830
chr9	4692922	4892922	harbor1	chr9	4698820	4699116	DNA/hAT-Charlie	1208	+	148	4698968	6046
chr9	4692922	4892922	harbor1	chr9	4775769	4775927	DNA/hAT-Charlie	621	+	79	4775848	82926
chr9	136446535	136646535	harbor1	chr9	136485974	136486157	DNA/hAT-Charlie	660	+	92	136486066	39531
chr9	136446535	136646535	harbor1	chr9	136491092	136491231	DNA/hAT-Charlie	801	+	70	136491162	44627
chr9	136446535	136646535	harbor1	chr9	136491538	136491674	DNA/hAT-Charlie	801	+	68	136491606	45071
chr9	79473193	79673193	harbor1	chr9	79486786	79486972	DNA/hAT-Charlie	940	+	93	79486879	13686
chr9	79473193	79673193	harbor1	chr9	79502503	79502710	DNA/hAT-Charlie	1038	+	104	79502607	29414
chr9	79473193	79673193	harbor1	chr9	79514176	79514485	DNA/hAT-Charlie	1822	+	154	79514330	41137
chr9	79473193	79673193	harbor1	chr9	79514784	79514984	DNA/hAT-Charlie	1822	+	100	79514884	41691
chr9	79473193	79673193	harbor1	chr9	79552479	79552641	DNA/hAT-Charlie	628	+	81	79552560	79367
chr9	4694655	4894655	harbor1	chr9	4698684	4698821	DNA/hAT-Charlie	633	+	68	4698752	4097
chr9	4694655	4894655	harbor1	chr9	4698820	4699116	DNA/hAT-Charlie	1208	+	148	4698968	4313
chr9	4694655	4894655	harbor1	chr9	4775769	4775927	DNA/hAT-Charlie	621	+	79	4775848	81193
chr9	4771292	4971292	harbor1	chr9	4775769	4775927	DNA/hAT-Charlie	621	+	79	4775848	4556
chr9	4771292	4971292	harbor1	chr9	4797454	4797665	DNA/hAT-Charlie	1206	+	106	4797560	26268
chr9	4771292	4971292	harbor1	chr9	4829821	4829972	DNA/hAT-Charlie	517	+	76	4829897	58605
chr9	4771292	4971292	harbor1	chr9	4838691	4838848	DNA/hAT-Charlie	655	+	78	4838769	67477
chr9	4726841	4926841	harbor1	chr9	4775769	4775927	DNA/hAT-Charlie	621	+	79	4775848	49007
chr9	4726841	4926841	harbor1	chr9	4797454	4797665	DNA/hAT-Charlie	1206	+	106	4797560	70719
chr9	4883803	5083803	harbor1	chr9	4924597	4924796	DNA/hAT-Charlie	888	+	100	4924697	40894
chr9	4883803	5083803	harbor1	chr9	4930783	4930938	DNA/hAT-Charlie	808	+	78	4930861	47058
chr9	4883803	5083803	harbor1	chr9	4967764	4967895	DNA/hAT-Charlie	663	+	66	4967830	84027
chr9	112387187	112587187	harbor1	chr9	112410938	112411392	DNA/hAT-Charlie	1921	+	227	112411165	23978
chr9	112387187	112587187	harbor1	chr9	112411688	112412023	DNA/hAT-Charlie	1921	+	168	112411856	24669
chr9	112387187	112587187	harbor1	chr9	112412233	112412530	DNA/hAT-Charlie	853	+	148	112412381	25194
chr9	112387187	112587187	harbor1	chr9	112412652	112412804	DNA/hAT-Charlie	597	+	76	112412728	25541
chr9	4681965	4881965	harbor1	chr9	4686769	4687076	DNA/hAT-Charlie	1632	+	154	4686923	4958
chr9	4681965	4881965	harbor1	chr9	4698684	4698821	DNA/hAT-Charlie	633	+	68	4698752	16787
chr9	4681965	4881965	harbor1	chr9	4698820	4699116	DNA/hAT-Charlie	1208	+	148	4698968	17003
chr9	4681965	4881965	harbor1	chr9	4775769	4775927	DNA/hAT-Charlie	621	+	79	4775848	93883
chr9	4885009	5085009	harbor1	chr9	4924597	4924796	DNA/hAT-Charlie	888	+	100	4924697	39688
chr9	4885009	5085009	harbor1	chr9	4930783	4930938	DNA/hAT-Charlie	808	+	78	4930861	45852
chr9	4885009	5085009	harbor1	chr9	4967764	4967895	DNA/hAT-Charlie	663	+	66	4967830	82821
chr9	4692767	4892767	harbor1	chr9	4698684	4698821	DNA/hAT-Charlie	633	+	68	4698752	5985
chr9	4692767	4892767	harbor1	chr9	4698820	4699116	DNA/hAT-Charlie	1208	+	148	4698968	6201
chr9	4692767	4892767	harbor1	chr9	4775769	4775927	DNA/hAT-Charlie	621	+	79	4775848	83081
chr9	4697988	4897988	harbor1	chr9	4698684	4698821	DNA/hAT-Charlie	633	+	68	4698752	764
chr9	4697988	4897988	harbor1	chr9	4698820	4699116	DNA/hAT-Charlie	1208	+	148	4698968	980
chr9	4697988	4897988	harbor1	chr9	4775769	4775927	DNA/hAT-Charlie	621	+	79	4775848	77860
chr9	4697988	4897988	harbor1	chr9	4797454	4797665	DNA/hAT-Charlie	1206	+	106	4797560	99572
chr9	4642306	4842306	harbor1	chr9	4686769	4687076	DNA/hAT-Charlie	1632	+	154	4686923	44617
chr9	4642306	4842306	harbor1	chr9	4698684	4698821	DNA/hAT-Charlie	633	+	68	4698752	56446
chr9	4642306	4842306	harbor1	chr9	4698820	4699116	DNA/hAT-Charlie	1208	+	148	4698968	56662
chr9	4692228	4892228	harbor1	chr9	4698684	4698821	DNA/hAT-Charlie	633	+	68	4698752	6524
chr9	4692228	4892228	harbor1	chr9	4698820	4699116	DNA/hAT-Charlie	1208	+	148	4698968	6740
chr9	4692228	4892228	harbor1	chr9	4775769	4775927	DNA/hAT-Charlie	621	+	79	4775848	83620
chr9	4663605	4863605	harbor1	chr9	4686769	4687076	DNA/hAT-Charlie	1632	+	154	4686923	23318
chr9	4663605	4863605	harbor1	chr9	4698684	4698821	DNA/hAT-Charlie	633	+	68	4698752	35147
chr9	4663605	4863605	harbor1	chr9	4698820	4699116	DNA/hAT-Charlie	1208	+	148	4698968	35363
chr9	4692785	4892785	harbor1	chr9	4698684	4698821	DNA/hAT-Charlie	633	+	68	4698752	5967
chr9	4692785	4892785	harbor1	chr9	4698820	4699116	DNA/hAT-Charlie	1208	+	148	4698968	6183
chr9	4692785	4892785	harbor1	chr9	4775769	4775927	DNA/hAT-Charlie	621	+	79	4775848	83063
chr9	3260153	3460153	harbor1	chr9	3265085	3265278	DNA/hAT-Charlie	807	+	96	3265181	5028
chr9	3260153	3460153	harbor1	chr9	3312006	3312202	DNA/hAT-Charlie	702	+	98	3312104	51951
chr9	3260153	3460153	harbor1	chr9	3319170	3319335	DNA/hAT-Charlie	649	+	82	3319252	59099
chr9	4692247	4892247	harbor1	chr9	4698684	4698821	DNA/hAT-Charlie	633	+	68	4698752	6505
chr9	4692247	4892247	harbor1	chr9	4698820	4699116	DNA/hAT-Charlie	1208	+	148	4698968	6721
chr9	4692247	4892247	harbor1	chr9	4775769	4775927	DNA/hAT-Charlie	621	+	79	4775848	83601
chr9	4692230	4892230	harbor1	chr9	4698684	4698821	DNA/hAT-Charlie	633	+	68	4698752	6522
chr9	4692230	4892230	harbor1	chr9	4698820	4699116	DNA/hAT-Charlie	1208	+	148	4698968	6738
chr9	4692230	4892230	harbor1	chr9	4775769	4775927	DNA/hAT-Charlie	621	+	79	4775848	83618
chr9	4650540	4850540	harbor1	chr9	4686769	4687076	DNA/hAT-Charlie	1632	+	154	4686923	36383
chr9	4650540	4850540	harbor1	chr9	4698684	4698821	DNA/hAT-Charlie	633	+	68	4698752	48212
chr9	4650540	4850540	harbor1	chr9	4698820	4699116	DNA/hAT-Charlie	1208	+	148	4698968	48428
chr9	4883789	5083789	harbor1	chr9	4924597	4924796	DNA/hAT-Charlie	888	+	100	4924697	40908
chr9	4883789	5083789	harbor1	chr9	4930783	4930938	DNA/hAT-Charlie	808	+	78	4930861	47072
chr9	4883789	5083789	harbor1	chr9	4967764	4967895	DNA/hAT-Charlie	663	+	66	4967830	84041
chr9	136446503	136646503	harbor1	chr9	136485974	136486157	DNA/hAT-Charlie	660	+	92	136486066	39563
chr9	136446503	136646503	harbor1	chr9	136491092	136491231	DNA/hAT-Charlie	801	+	70	136491162	44659
chr9	136446503	136646503	harbor1	chr9	136491538	136491674	DNA/hAT-Charlie	801	+	68	136491606	45103
chr9	4830192	5030192	harbor1	chr9	4838691	4838848	DNA/hAT-Charlie	655	+	78	4838769	8577
chr9	4830192	5030192	harbor1	chr9	4924597	4924796	DNA/hAT-Charlie	888	+	100	4924697	94505
chr9	4692833	4892833	harbor1	chr9	4698684	4698821	DNA/hAT-Charlie	633	+	68	4698752	5919
chr9	4692833	4892833	harbor1	chr9	4698820	4699116	DNA/hAT-Charlie	1208	+	148	4698968	6135
chr9	4692833	4892833	harbor1	chr9	4775769	4775927	DNA/hAT-Charlie	621	+	79	4775848	83015
chr9	4866218	5066218	harbor1	chr9	4924597	4924796	DNA/hAT-Charlie	888	+	100	4924697	58479
chr9	4866218	5066218	harbor1	chr9	4930783	4930938	DNA/hAT-Charlie	808	+	78	4930861	64643
chr9	4883747	5083747	harbor1	chr9	4924597	4924796	DNA/hAT-Charlie	888	+	100	4924697	40950
chr9	4883747	5083747	harbor1	chr9	4930783	4930938	DNA/hAT-Charlie	808	+	78	4930861	47114
chr9	4883747	5083747	harbor1	chr9	4967764	4967895	DNA/hAT-Charlie	663	+	66	4967830	84083
chr9	4883810	5083810	harbor1	chr9	4924597	4924796	DNA/hAT-Charlie	888	+	100	4924697	40887
chr9	4883810	5083810	harbor1	chr9	4930783	4930938	DNA/hAT-Charlie	808	+	78	4930861	47051
chr9	4883810	5083810	harbor1	chr9	4967764	4967895	DNA/hAT-Charlie	663	+	66	4967830	84020
chr9	4883816	5083816	harbor1	chr9	4924597	4924796	DNA/hAT-Charlie	888	+	100	4924697	40881
chr9	4883816	5083816	harbor1	chr9	4930783	4930938	DNA/hAT-Charlie	808	+	78	4930861	47045
chr9	4883816	5083816	harbor1	chr9	4967764	4967895	DNA/hAT-Charlie	663	+	66	4967830	84014
chr9	4884825	5084825	harbor1	chr9	4924597	4924796	DNA/hAT-Charlie	888	+	100	4924697	39872
chr9	4884825	5084825	harbor1	chr9	4930783	4930938	DNA/hAT-Charlie	808	+	78	4930861	46036
chr9	4884825	5084825	harbor1	chr9	4967764	4967895	DNA/hAT-Charlie	663	+	66	4967830	83005
chr9	4884808	5084808	harbor1	chr9	4924597	4924796	DNA/hAT-Charlie	888	+	100	4924697	39889
chr9	4884808	5084808	harbor1	chr9	4930783	4930938	DNA/hAT-Charlie	808	+	78	4930861	46053
chr9	4884808	5084808	harbor1	chr9	4967764	4967895	DNA/hAT-Charlie	663	+	66	4967830	83022
chr9	4663129	4863129	harbor1	chr9	4686769	4687076	DNA/hAT-Charlie	1632	+	154	4686923	23794
chr9	4663129	4863129	harbor1	chr9	4698684	4698821	DNA/hAT-Charlie	633	+	68	4698752	35623
chr9	4663129	4863129	harbor1	chr9	4698820	4699116	DNA/hAT-Charlie	1208	+	148	4698968	35839
chr9	4692827	4892827	harbor1	chr9	4698684	4698821	DNA/hAT-Charlie	633	+	68	4698752	5925
chr9	4692827	4892827	harbor1	chr9	4698820	4699116	DNA/hAT-Charlie	1208	+	148	4698968	6141
chr9	4692827	4892827	harbor1	chr9	4775769	4775927	DNA/hAT-Charlie	621	+	79	4775848	83021
chr9	111384785	111584785	harbor1	chr9	111430007	111430319	DNA/hAT-Charlie	1243	+	156	111430163	45378
chr9	4692787	4892787	harbor1	chr9	4698684	4698821	DNA/hAT-Charlie	633	+	68	4698752	5965
chr9	4692787	4892787	harbor1	chr9	4698820	4699116	DNA/hAT-Charlie	1208	+	148	4698968	6181
chr9	4692787	4892787	harbor1	chr9	4775769	4775927	DNA/hAT-Charlie	621	+	79	4775848	83061
chr9	4883160	5083160	harbor1	chr9	4924597	4924796	DNA/hAT-Charlie	888	+	100	4924697	41537
chr9	4883160	5083160	harbor1	chr9	4930783	4930938	DNA/hAT-Charlie	808	+	78	4930861	47701
chr9	4883160	5083160	harbor1	chr9	4967764	4967895	DNA/hAT-Charlie	663	+	66	4967830	84670
chr9	112387209	112587209	harbor1	chr9	112410938	112411392	DNA/hAT-Charlie	1921	+	227	112411165	23956
chr9	112387209	112587209	harbor1	chr9	112411688	112412023	DNA/hAT-Charlie	1921	+	168	112411856	24647
chr9	112387209	112587209	harbor1	chr9	112412233	112412530	DNA/hAT-Charlie	853	+	148	112412381	25172
chr9	112387209	112587209	harbor1	chr9	112412652	112412804	DNA/hAT-Charlie	597	+	76	112412728	25519
chr9	4776709	4976709	harbor1	chr9	4797454	4797665	DNA/hAT-Charlie	1206	+	106	4797560	20851
chr9	4776709	4976709	harbor1	chr9	4829821	4829972	DNA/hAT-Charlie	517	+	76	4829897	53188
chr9	4776709	4976709	harbor1	chr9	4838691	4838848	DNA/hAT-Charlie	655	+	78	4838769	62060
chr9	4692828	4892828	harbor1	chr9	4698684	4698821	DNA/hAT-Charlie	633	+	68	4698752	5924
chr9	4692828	4892828	harbor1	chr9	4698820	4699116	DNA/hAT-Charlie	1208	+	148	4698968	6140
chr9	4692828	4892828	harbor1	chr9	4775769	4775927	DNA/hAT-Charlie	621	+	79	4775848	83020
chr9	4884936	5084936	harbor1	chr9	4924597	4924796	DNA/hAT-Charlie	888	+	100	4924697	39761
chr9	4884936	5084936	harbor1	chr9	4930783	4930938	DNA/hAT-Charlie	808	+	78	4930861	45925
chr9	4884936	5084936	harbor1	chr9	4967764	4967895	DNA/hAT-Charlie	663	+	66	4967830	82894
chr9	4692847	4892847	harbor1	chr9	4698684	4698821	DNA/hAT-Charlie	633	+	68	4698752	5905
chr9	4692847	4892847	harbor1	chr9	4698820	4699116	DNA/hAT-Charlie	1208	+	148	4698968	6121
chr9	4692847	4892847	harbor1	chr9	4775769	4775927	DNA/hAT-Charlie	621	+	79	4775848	83001
chr9	4824136	5024136	harbor1	chr9	4829821	4829972	DNA/hAT-Charlie	517	+	76	4829897	5761
chr9	4824136	5024136	harbor1	chr9	4838691	4838848	DNA/hAT-Charlie	655	+	78	4838769	14633
chr9	4740507	4940507	harbor1	chr9	4775769	4775927	DNA/hAT-Charlie	621	+	79	4775848	35341
chr9	4740507	4940507	harbor1	chr9	4797454	4797665	DNA/hAT-Charlie	1206	+	106	4797560	57053
chr9	4740507	4940507	harbor1	chr9	4829821	4829972	DNA/hAT-Charlie	517	+	76	4829897	89390
chr9	4740507	4940507	harbor1	chr9	4838691	4838848	DNA/hAT-Charlie	655	+	78	4838769	98262
chr9	112387193	112587193	harbor1	chr9	112410938	112411392	DNA/hAT-Charlie	1921	+	227	112411165	23972
chr9	112387193	112587193	harbor1	chr9	112411688	112412023	DNA/hAT-Charlie	1921	+	168	112411856	24663
chr9	112387193	112587193	harbor1	chr9	112412233	112412530	DNA/hAT-Charlie	853	+	148	112412381	25188
chr9	112387193	112587193	harbor1	chr9	112412652	112412804	DNA/hAT-Charlie	597	+	76	112412728	25535
chr9	4879772	5079772	harbor1	chr9	4924597	4924796	DNA/hAT-Charlie	888	+	100	4924697	44925
chr9	4879772	5079772	harbor1	chr9	4930783	4930938	DNA/hAT-Charlie	808	+	78	4930861	51089
chr9	4879772	5079772	harbor1	chr9	4967764	4967895	DNA/hAT-Charlie	663	+	66	4967830	88058
chr9	4883377	5083377	harbor1	chr9	4924597	4924796	DNA/hAT-Charlie	888	+	100	4924697	41320
chr9	4883377	5083377	harbor1	chr9	4930783	4930938	DNA/hAT-Charlie	808	+	78	4930861	47484
chr9	4883377	5083377	harbor1	chr9	4967764	4967895	DNA/hAT-Charlie	663	+	66	4967830	84453
chr9	3122465	3322465	harbor1	chr9	3152033	3152233	DNA/hAT-Charlie	641	+	100	3152133	29668
chr9	3122465	3322465	harbor1	chr9	3185016	3185156	DNA/hAT-Charlie	542	+	70	3185086	62621
chr9	3122465	3322465	harbor1	chr9	3185244	3185653	DNA/hAT-Charlie	568	+	204	3185448	62983
chr9	4884878	5084878	harbor1	chr9	4924597	4924796	DNA/hAT-Charlie	888	+	100	4924697	39819
chr9	4884878	5084878	harbor1	chr9	4930783	4930938	DNA/hAT-Charlie	808	+	78	4930861	45983
chr9	4884878	5084878	harbor1	chr9	4967764	4967895	DNA/hAT-Charlie	663	+	66	4967830	82952
chr9	35656192	35856192	harbor1	chr9	35656470	35656808	DNA/hAT-Charlie	2273	+	169	35656639	447
chr9	35656192	35856192	harbor1	chr9	35683894	35684059	DNA/hAT-Charlie	624	+	82	35683976	27784
chr9	3361464	3561464	harbor1	chr9	3426425	3426974	DNA/hAT-Charlie	3310	+	274	3426699	65235
chr9	68242672	68442672	harbor1	chr9	68250668	68250823	DNA/hAT-Charlie	745	+	78	68250746	8074
chr9	68242672	68442672	harbor1	chr9	68328128	68328361	DNA/hAT-Charlie	665	+	116	68328244	85572
chr9	68242672	68442672	harbor1	chr9	68331864	68331944	DNA/hAT-Charlie	1034	+	40	68331904	89232
chr9	68242672	68442672	harbor1	chr9	68332215	68332375	DNA/hAT-Charlie	1034	+	80	68332295	89623
chr9	68242672	68442672	harbor1	chr9	68338980	68339159	DNA/hAT-Charlie	804	+	90	68339070	96398
chr9	68242672	68442672	harbor1	chr9	68339517	68339658	DNA/hAT-Charlie	615	+	70	68339587	96915
chr9	68242672	68442672	harbor1	chr9	68340100	68340283	DNA/hAT-Charlie	525	+	92	68340192	97520
chr9	4883431	5083431	harbor1	chr9	4924597	4924796	DNA/hAT-Charlie	888	+	100	4924697	41266
chr9	4883431	5083431	harbor1	chr9	4930783	4930938	DNA/hAT-Charlie	808	+	78	4930861	47430
chr9	4883431	5083431	harbor1	chr9	4967764	4967895	DNA/hAT-Charlie	663	+	66	4967830	84399
chr9	4738230	4938230	harbor1	chr9	4775769	4775927	DNA/hAT-Charlie	621	+	79	4775848	37618
chr9	4738230	4938230	harbor1	chr9	4797454	4797665	DNA/hAT-Charlie	1206	+	106	4797560	59330
chr9	4738230	4938230	harbor1	chr9	4829821	4829972	DNA/hAT-Charlie	517	+	76	4829897	91667
chr9	4884856	5084856	harbor1	chr9	4924597	4924796	DNA/hAT-Charlie	888	+	100	4924697	39841
chr9	4884856	5084856	harbor1	chr9	4930783	4930938	DNA/hAT-Charlie	808	+	78	4930861	46005
chr9	4884856	5084856	harbor1	chr9	4967764	4967895	DNA/hAT-Charlie	663	+	66	4967830	82974
chr9	4692837	4892837	harbor1	chr9	4698684	4698821	DNA/hAT-Charlie	633	+	68	4698752	5915
chr9	4692837	4892837	harbor1	chr9	4698820	4699116	DNA/hAT-Charlie	1208	+	148	4698968	6131
chr9	4692837	4892837	harbor1	chr9	4775769	4775927	DNA/hAT-Charlie	621	+	79	4775848	83011
chr9	4885107	5085107	harbor1	chr9	4924597	4924796	DNA/hAT-Charlie	888	+	100	4924697	39590
chr9	4885107	5085107	harbor1	chr9	4930783	4930938	DNA/hAT-Charlie	808	+	78	4930861	45754
chr9	4885107	5085107	harbor1	chr9	4967764	4967895	DNA/hAT-Charlie	663	+	66	4967830	82723
chr9	136446534	136646534	harbor1	chr9	136485974	136486157	DNA/hAT-Charlie	660	+	92	136486066	39532
chr9	136446534	136646534	harbor1	chr9	136491092	136491231	DNA/hAT-Charlie	801	+	70	136491162	44628
chr9	136446534	136646534	harbor1	chr9	136491538	136491674	DNA/hAT-Charlie	801	+	68	136491606	45072
chr9	112387231	112587231	harbor1	chr9	112410938	112411392	DNA/hAT-Charlie	1921	+	227	112411165	23934
chr9	112387231	112587231	harbor1	chr9	112411688	112412023	DNA/hAT-Charlie	1921	+	168	112411856	24625
chr9	112387231	112587231	harbor1	chr9	112412233	112412530	DNA/hAT-Charlie	853	+	148	112412381	25150
chr9	112387231	112587231	harbor1	chr9	112412652	112412804	DNA/hAT-Charlie	597	+	76	112412728	25497
chr9	4669616	4869616	harbor1	chr9	4686769	4687076	DNA/hAT-Charlie	1632	+	154	4686923	17307
chr9	4669616	4869616	harbor1	chr9	4698684	4698821	DNA/hAT-Charlie	633	+	68	4698752	29136
chr9	4669616	4869616	harbor1	chr9	4698820	4699116	DNA/hAT-Charlie	1208	+	148	4698968	29352
chr9	133966927	134166927	harbor1	chr9	133982707	133983016	DNA/hAT-Charlie	1193	+	154	133982861	15934
chr9	133966927	134166927	harbor1	chr9	133984925	133985047	DNA/hAT-Charlie	501	+	61	133984986	18059
chr9	133966927	134166927	harbor1	chr9	134017481	134017702	DNA/hAT-Charlie	1497	+	110	134017591	50664
chr9	4776719	4976719	harbor1	chr9	4797454	4797665	DNA/hAT-Charlie	1206	+	106	4797560	20841
chr9	4776719	4976719	harbor1	chr9	4829821	4829972	DNA/hAT-Charlie	517	+	76	4829897	53178
chr9	4776719	4976719	harbor1	chr9	4838691	4838848	DNA/hAT-Charlie	655	+	78	4838769	62050
chr9	35692027	35892027	harbor1	chr9	35762654	35762882	DNA/hAT-Charlie	557	+	114	35762768	70741
chr9	35692027	35892027	harbor1	chr9	35782159	35782316	DNA/hAT-Charlie	535	+	78	35782237	90210
chr9	35692027	35892027	harbor1	chr9	35785321	35785505	DNA/hAT-Charlie	545	+	92	35785413	93386
chr9	135508512	135708512	harbor1	chr9	135581507	135581843	DNA/hAT-Charlie	2198	+	168	135581675	73163
chr9	4692923	4892923	harbor1	chr9	4698684	4698821	DNA/hAT-Charlie	633	+	68	4698752	5829
chr9	4692923	4892923	harbor1	chr9	4698820	4699116	DNA/hAT-Charlie	1208	+	148	4698968	6045
chr9	4692923	4892923	harbor1	chr9	4775769	4775927	DNA/hAT-Charlie	621	+	79	4775848	82925
chr9	4692123	4892123	harbor1	chr9	4698684	4698821	DNA/hAT-Charlie	633	+	68	4698752	6629
chr9	4692123	4892123	harbor1	chr9	4698820	4699116	DNA/hAT-Charlie	1208	+	148	4698968	6845
chr9	4692123	4892123	harbor1	chr9	4775769	4775927	DNA/hAT-Charlie	621	+	79	4775848	83725
chr9	4692181	4892181	harbor1	chr9	4698684	4698821	DNA/hAT-Charlie	633	+	68	4698752	6571
chr9	4692181	4892181	harbor1	chr9	4698820	4699116	DNA/hAT-Charlie	1208	+	148	4698968	6787
chr9	4692181	4892181	harbor1	chr9	4775769	4775927	DNA/hAT-Charlie	621	+	79	4775848	83667
chr9	4692953	4892953	harbor1	chr9	4698684	4698821	DNA/hAT-Charlie	633	+	68	4698752	5799
chr9	4692953	4892953	harbor1	chr9	4698820	4699116	DNA/hAT-Charlie	1208	+	148	4698968	6015
chr9	4692953	4892953	harbor1	chr9	4775769	4775927	DNA/hAT-Charlie	621	+	79	4775848	82895
chr9	4867260	5067260	harbor1	chr9	4924597	4924796	DNA/hAT-Charlie	888	+	100	4924697	57437
chr9	4867260	5067260	harbor1	chr9	4930783	4930938	DNA/hAT-Charlie	808	+	78	4930861	63601
chr9	4737755	4937755	harbor1	chr9	4775769	4775927	DNA/hAT-Charlie	621	+	79	4775848	38093
chr9	4737755	4937755	harbor1	chr9	4797454	4797665	DNA/hAT-Charlie	1206	+	106	4797560	59805
chr9	4737755	4937755	harbor1	chr9	4829821	4829972	DNA/hAT-Charlie	517	+	76	4829897	92142
chr9	112387246	112587246	harbor1	chr9	112410938	112411392	DNA/hAT-Charlie	1921	+	227	112411165	23919
chr9	112387246	112587246	harbor1	chr9	112411688	112412023	DNA/hAT-Charlie	1921	+	168	112411856	24610
chr9	112387246	112587246	harbor1	chr9	112412233	112412530	DNA/hAT-Charlie	853	+	148	112412381	25135
chr9	112387246	112587246	harbor1	chr9	112412652	112412804	DNA/hAT-Charlie	597	+	76	112412728	25482
chr9	133063738	133263738	harbor1	chr9	133068402	133068564	DNA/hAT-Charlie	670	+	81	133068483	4745
chr9	133063738	133263738	harbor1	chr9	133084186	133084348	DNA/hAT-Charlie	670	+	81	133084267	20529
chr9	133063738	133263738	harbor1	chr9	133126343	133126571	DNA/hAT-Charlie	726	+	114	133126457	62719
chr9	4692921	4892921	harbor1	chr9	4698684	4698821	DNA/hAT-Charlie	633	+	68	4698752	5831
chr9	4692921	4892921	harbor1	chr9	4698820	4699116	DNA/hAT-Charlie	1208	+	148	4698968	6047
chr9	4692921	4892921	harbor1	chr9	4775769	4775927	DNA/hAT-Charlie	621	+	79	4775848	82927
chr9	112387188	112587188	harbor1	chr9	112410938	112411392	DNA/hAT-Charlie	1921	+	227	112411165	23977
chr9	112387188	112587188	harbor1	chr9	112411688	112412023	DNA/hAT-Charlie	1921	+	168	112411856	24668
chr9	112387188	112587188	harbor1	chr9	112412233	112412530	DNA/hAT-Charlie	853	+	148	112412381	25193
chr9	112387188	112587188	harbor1	chr9	112412652	112412804	DNA/hAT-Charlie	597	+	76	112412728	25540
chr9	4883740	5083740	harbor1	chr9	4924597	4924796	DNA/hAT-Charlie	888	+	100	4924697	40957
chr9	4883740	5083740	harbor1	chr9	4930783	4930938	DNA/hAT-Charlie	808	+	78	4930861	47121
chr9	4883740	5083740	harbor1	chr9	4967764	4967895	DNA/hAT-Charlie	663	+	66	4967830	84090
chr9	4879743	5079743	harbor1	chr9	4924597	4924796	DNA/hAT-Charlie	888	+	100	4924697	44954
chr9	4879743	5079743	harbor1	chr9	4930783	4930938	DNA/hAT-Charlie	808	+	78	4930861	51118
chr9	4879743	5079743	harbor1	chr9	4967764	4967895	DNA/hAT-Charlie	663	+	66	4967830	88087
chr9	4884898	5084898	harbor1	chr9	4924597	4924796	DNA/hAT-Charlie	888	+	100	4924697	39799
chr9	4884898	5084898	harbor1	chr9	4930783	4930938	DNA/hAT-Charlie	808	+	78	4930861	45963
chr9	4884898	5084898	harbor1	chr9	4967764	4967895	DNA/hAT-Charlie	663	+	66	4967830	82932
chr9	35656592	35856592	harbor1	chr9	35656470	35656808	DNA/hAT-Charlie	2273	+	169	35656639	47
chr9	35656592	35856592	harbor1	chr9	35683894	35684059	DNA/hAT-Charlie	624	+	82	35683976	27384
chr9	4692437	4892437	harbor1	chr9	4698684	4698821	DNA/hAT-Charlie	633	+	68	4698752	6315
chr9	4692437	4892437	harbor1	chr9	4698820	4699116	DNA/hAT-Charlie	1208	+	148	4698968	6531
chr9	4692437	4892437	harbor1	chr9	4775769	4775927	DNA/hAT-Charlie	621	+	79	4775848	83411
chr9	112387261	112587261	harbor1	chr9	112410938	112411392	DNA/hAT-Charlie	1921	+	227	112411165	23904
chr9	112387261	112587261	harbor1	chr9	112411688	112412023	DNA/hAT-Charlie	1921	+	168	112411856	24595
chr9	112387261	112587261	harbor1	chr9	112412233	112412530	DNA/hAT-Charlie	853	+	148	112412381	25120
chr9	112387261	112587261	harbor1	chr9	112412652	112412804	DNA/hAT-Charlie	597	+	76	112412728	25467
chr9	4884872	5084872	harbor1	chr9	4924597	4924796	DNA/hAT-Charlie	888	+	100	4924697	39825
chr9	4884872	5084872	harbor1	chr9	4930783	4930938	DNA/hAT-Charlie	808	+	78	4930861	45989
chr9	4884872	5084872	harbor1	chr9	4967764	4967895	DNA/hAT-Charlie	663	+	66	4967830	82958
chr9	79473185	79673185	harbor1	chr9	79486786	79486972	DNA/hAT-Charlie	940	+	93	79486879	13694
chr9	79473185	79673185	harbor1	chr9	79502503	79502710	DNA/hAT-Charlie	1038	+	104	79502607	29422
chr9	79473185	79673185	harbor1	chr9	79514176	79514485	DNA/hAT-Charlie	1822	+	154	79514330	41145
chr9	79473185	79673185	harbor1	chr9	79514784	79514984	DNA/hAT-Charlie	1822	+	100	79514884	41699
chr9	79473185	79673185	harbor1	chr9	79552479	79552641	DNA/hAT-Charlie	628	+	81	79552560	79375
chr9	4669276	4869276	harbor1	chr9	4686769	4687076	DNA/hAT-Charlie	1632	+	154	4686923	17647
chr9	4669276	4869276	harbor1	chr9	4698684	4698821	DNA/hAT-Charlie	633	+	68	4698752	29476
chr9	4669276	4869276	harbor1	chr9	4698820	4699116	DNA/hAT-Charlie	1208	+	148	4698968	29692
chr9	4663207	4863207	harbor1	chr9	4686769	4687076	DNA/hAT-Charlie	1632	+	154	4686923	23716
chr9	4663207	4863207	harbor1	chr9	4698684	4698821	DNA/hAT-Charlie	633	+	68	4698752	35545
chr9	4663207	4863207	harbor1	chr9	4698820	4699116	DNA/hAT-Charlie	1208	+	148	4698968	35761
chr9	4692939	4892939	harbor1	chr9	4698684	4698821	DNA/hAT-Charlie	633	+	68	4698752	5813
chr9	4692939	4892939	harbor1	chr9	4698820	4699116	DNA/hAT-Charlie	1208	+	148	4698968	6029
chr9	4692939	4892939	harbor1	chr9	4775769	4775927	DNA/hAT-Charlie	621	+	79	4775848	82909
chr9	4824246	5024246	harbor1	chr9	4829821	4829972	DNA/hAT-Charlie	517	+	76	4829897	5651
chr9	4824246	5024246	harbor1	chr9	4838691	4838848	DNA/hAT-Charlie	655	+	78	4838769	14523
chr9	4883387	5083387	harbor1	chr9	4924597	4924796	DNA/hAT-Charlie	888	+	100	4924697	41310
chr9	4883387	5083387	harbor1	chr9	4930783	4930938	DNA/hAT-Charlie	808	+	78	4930861	47474
chr9	4883387	5083387	harbor1	chr9	4967764	4967895	DNA/hAT-Charlie	663	+	66	4967830	84443
chr9	4883374	5083374	harbor1	chr9	4924597	4924796	DNA/hAT-Charlie	888	+	100	4924697	41323
chr9	4883374	5083374	harbor1	chr9	4930783	4930938	DNA/hAT-Charlie	808	+	78	4930861	47487
chr9	4883374	5083374	harbor1	chr9	4967764	4967895	DNA/hAT-Charlie	663	+	66	4967830	84456
chr9	4694199	4894199	harbor1	chr9	4698684	4698821	DNA/hAT-Charlie	633	+	68	4698752	4553
chr9	4694199	4894199	harbor1	chr9	4698820	4699116	DNA/hAT-Charlie	1208	+	148	4698968	4769
chr9	4694199	4894199	harbor1	chr9	4775769	4775927	DNA/hAT-Charlie	621	+	79	4775848	81649
chr9	4883171	5083171	harbor1	chr9	4924597	4924796	DNA/hAT-Charlie	888	+	100	4924697	41526
chr9	4883171	5083171	harbor1	chr9	4930783	4930938	DNA/hAT-Charlie	808	+	78	4930861	47690
chr9	4883171	5083171	harbor1	chr9	4967764	4967895	DNA/hAT-Charlie	663	+	66	4967830	84659
chr9	135599331	135799331	harbor1	chr9	135640122	135640438	DNA/hAT-Charlie	888	+	158	135640280	40949
chr9	135599331	135799331	harbor1	chr9	135640750	135640789	DNA/hAT-Charlie	888	+	20	135640770	41439
chr9	112387224	112587224	harbor1	chr9	112410938	112411392	DNA/hAT-Charlie	1921	+	227	112411165	23941
chr9	112387224	112587224	harbor1	chr9	112411688	112412023	DNA/hAT-Charlie	1921	+	168	112411856	24632
chr9	112387224	112587224	harbor1	chr9	112412233	112412530	DNA/hAT-Charlie	853	+	148	112412381	25157
chr9	112387224	112587224	harbor1	chr9	112412652	112412804	DNA/hAT-Charlie	597	+	76	112412728	25504
chr9	2024097	2224097	harbor1	chr9	2039038	2039291	DNA/hAT-Charlie	1233	+	126	2039164	15067
chr9	2024097	2224097	harbor1	chr9	2119663	2119985	DNA/hAT-Charlie	980	+	161	2119824	95727
chr9	4692195	4892195	harbor1	chr9	4698684	4698821	DNA/hAT-Charlie	633	+	68	4698752	6557
chr9	4692195	4892195	harbor1	chr9	4698820	4699116	DNA/hAT-Charlie	1208	+	148	4698968	6773
chr9	4692195	4892195	harbor1	chr9	4775769	4775927	DNA/hAT-Charlie	621	+	79	4775848	83653
chr9	4673229	4873229	harbor1	chr9	4686769	4687076	DNA/hAT-Charlie	1632	+	154	4686923	13694
chr9	4673229	4873229	harbor1	chr9	4698684	4698821	DNA/hAT-Charlie	633	+	68	4698752	25523
chr9	4673229	4873229	harbor1	chr9	4698820	4699116	DNA/hAT-Charlie	1208	+	148	4698968	25739
chr9	4692970	4892970	harbor1	chr9	4698684	4698821	DNA/hAT-Charlie	633	+	68	4698752	5782
chr9	4692970	4892970	harbor1	chr9	4698820	4699116	DNA/hAT-Charlie	1208	+	148	4698968	5998
chr9	4692970	4892970	harbor1	chr9	4775769	4775927	DNA/hAT-Charlie	621	+	79	4775848	82878
chr9	3146618	3346618	harbor1	chr9	3152033	3152233	DNA/hAT-Charlie	641	+	100	3152133	5515
chr9	3146618	3346618	harbor1	chr9	3185016	3185156	DNA/hAT-Charlie	542	+	70	3185086	38468
chr9	3146618	3346618	harbor1	chr9	3185244	3185653	DNA/hAT-Charlie	568	+	204	3185448	38830
chr9	3146618	3346618	harbor1	chr9	3228396	3228519	DNA/hAT-Charlie	490	+	62	3228458	81840
chr9	3146618	3346618	harbor1	chr9	3227383	3227837	DNA/hAT-Charlie	956	+	227	3227610	80992
chr9	1998082	2198082	harbor1	chr9	2039038	2039291	DNA/hAT-Charlie	1233	+	126	2039164	41082
chr9	133064057	133264057	harbor1	chr9	133068402	133068564	DNA/hAT-Charlie	670	+	81	133068483	4426
chr9	133064057	133264057	harbor1	chr9	133084186	133084348	DNA/hAT-Charlie	670	+	81	133084267	20210
chr9	133064057	133264057	harbor1	chr9	133126343	133126571	DNA/hAT-Charlie	726	+	114	133126457	62400
chr9	4824477	5024477	harbor1	chr9	4829821	4829972	DNA/hAT-Charlie	517	+	76	4829897	5420
chr9	4824477	5024477	harbor1	chr9	4838691	4838848	DNA/hAT-Charlie	655	+	78	4838769	14292
chr9	4692737	4892737	harbor1	chr9	4698684	4698821	DNA/hAT-Charlie	633	+	68	4698752	6015
chr9	4692737	4892737	harbor1	chr9	4698820	4699116	DNA/hAT-Charlie	1208	+	148	4698968	6231
chr9	4692737	4892737	harbor1	chr9	4775769	4775927	DNA/hAT-Charlie	621	+	79	4775848	83111
chr9	97401848	97601848	harbor1	chr9	97432833	97433052	DNA/hAT-Charlie	901	+	110	97432943	31095
chr9	97401848	97601848	harbor1	chr9	97479686	97479853	DNA/hAT-Charlie	528	+	84	97479770	77922
chr9	4692768	4892768	harbor1	chr9	4698684	4698821	DNA/hAT-Charlie	633	+	68	4698752	5984
chr9	4692768	4892768	harbor1	chr9	4698820	4699116	DNA/hAT-Charlie	1208	+	148	4698968	6200
chr9	4692768	4892768	harbor1	chr9	4775769	4775927	DNA/hAT-Charlie	621	+	79	4775848	83080
chr9	4693017	4893017	harbor1	chr9	4698684	4698821	DNA/hAT-Charlie	633	+	68	4698752	5735
chr9	4693017	4893017	harbor1	chr9	4698820	4699116	DNA/hAT-Charlie	1208	+	148	4698968	5951
chr9	4693017	4893017	harbor1	chr9	4775769	4775927	DNA/hAT-Charlie	621	+	79	4775848	82831
chr9	137316476	137516476	harbor1	chr9	137412316	137412456	DNA/hAT-Charlie	523	+	70	137412386	95910
chr9	4884823	5084823	harbor1	chr9	4924597	4924796	DNA/hAT-Charlie	888	+	100	4924697	39874
chr9	4884823	5084823	harbor1	chr9	4930783	4930938	DNA/hAT-Charlie	808	+	78	4930861	46038
chr9	4884823	5084823	harbor1	chr9	4967764	4967895	DNA/hAT-Charlie	663	+	66	4967830	83007
chr9	4883080	5083080	harbor1	chr9	4924597	4924796	DNA/hAT-Charlie	888	+	100	4924697	41617
chr9	4883080	5083080	harbor1	chr9	4930783	4930938	DNA/hAT-Charlie	808	+	78	4930861	47781
chr9	4883080	5083080	harbor1	chr9	4967764	4967895	DNA/hAT-Charlie	663	+	66	4967830	84750
chr9	130119664	130319664	harbor1	chr9	130161163	130161381	DNA/hAT-Charlie	693	+	109	130161272	41608
chr9	130119664	130319664	harbor1	chr9	130212283	130212494	DNA/hAT-Charlie	1081	+	106	130212389	92725
chr9	91323378	91523378	harbor1	chr9	91351566	91351834	DNA/hAT-Charlie	1712	+	134	91351700	28322
chr9	91323378	91523378	harbor1	chr9	91393913	91394043	DNA/hAT-Charlie	663	+	65	91393978	70600
chr9	4884842	5084842	harbor1	chr9	4924597	4924796	DNA/hAT-Charlie	888	+	100	4924697	39855
chr9	4884842	5084842	harbor1	chr9	4930783	4930938	DNA/hAT-Charlie	808	+	78	4930861	46019
chr9	4884842	5084842	harbor1	chr9	4967764	4967895	DNA/hAT-Charlie	663	+	66	4967830	82988
chr9	4692946	4892946	harbor1	chr9	4698684	4698821	DNA/hAT-Charlie	633	+	68	4698752	5806
chr9	4692946	4892946	harbor1	chr9	4698820	4699116	DNA/hAT-Charlie	1208	+	148	4698968	6022
chr9	4692946	4892946	harbor1	chr9	4775769	4775927	DNA/hAT-Charlie	621	+	79	4775848	82902
chr9	4579427	4779427	harbor1	chr9	4620380	4620545	DNA/hAT-Charlie	1063	+	82	4620462	41035
chr9	4579427	4779427	harbor1	chr9	4621279	4621488	DNA/hAT-Charlie	1047	+	104	4621383	41956
chr9	4579427	4779427	harbor1	chr9	4621788	4621807	DNA/hAT-Charlie	1047	+	10	4621798	42371
chr9	4579427	4779427	harbor1	chr9	4621801	4621933	DNA/hAT-Charlie	593	+	66	4621867	42440
chr9	4579427	4779427	harbor1	chr9	4635845	4636237	DNA/hAT-Charlie	910	+	196	4636041	56614
chr9	4579427	4779427	harbor1	chr9	4636257	4636465	DNA/hAT-Charlie	590	+	104	4636361	56934
chr9	4659562	4859562	harbor1	chr9	4686769	4687076	DNA/hAT-Charlie	1632	+	154	4686923	27361
chr9	4659562	4859562	harbor1	chr9	4698684	4698821	DNA/hAT-Charlie	633	+	68	4698752	39190
chr9	4659562	4859562	harbor1	chr9	4698820	4699116	DNA/hAT-Charlie	1208	+	148	4698968	39406
chr9	4884794	5084794	harbor1	chr9	4924597	4924796	DNA/hAT-Charlie	888	+	100	4924697	39903
chr9	4884794	5084794	harbor1	chr9	4930783	4930938	DNA/hAT-Charlie	808	+	78	4930861	46067
chr9	4884794	5084794	harbor1	chr9	4967764	4967895	DNA/hAT-Charlie	663	+	66	4967830	83036
chr9	129542143	129742143	harbor1	chr9	129582300	129582622	DNA/hAT-Charlie	1680	+	161	129582461	40318
chr9	129542143	129742143	harbor1	chr9	129582926	129583098	DNA/hAT-Charlie	1680	+	86	129583012	40869
chr9	133063678	133263678	harbor1	chr9	133068402	133068564	DNA/hAT-Charlie	670	+	81	133068483	4805
chr9	133063678	133263678	harbor1	chr9	133084186	133084348	DNA/hAT-Charlie	670	+	81	133084267	20589
chr9	133063678	133263678	harbor1	chr9	133126343	133126571	DNA/hAT-Charlie	726	+	114	133126457	62779
chr9	4883172	5083172	harbor1	chr9	4924597	4924796	DNA/hAT-Charlie	888	+	100	4924697	41525
chr9	4883172	5083172	harbor1	chr9	4930783	4930938	DNA/hAT-Charlie	808	+	78	4930861	47689
chr9	4883172	5083172	harbor1	chr9	4967764	4967895	DNA/hAT-Charlie	663	+	66	4967830	84658
chr9	133007233	133207233	harbor1	chr9	133043294	133043412	DNA/hAT-Charlie	488	+	59	133043353	36120
chr9	133007233	133207233	harbor1	chr9	133068402	133068564	DNA/hAT-Charlie	670	+	81	133068483	61250
chr9	133007233	133207233	harbor1	chr9	133084186	133084348	DNA/hAT-Charlie	670	+	81	133084267	77034
chr9	4692889	4892889	harbor1	chr9	4698684	4698821	DNA/hAT-Charlie	633	+	68	4698752	5863
chr9	4692889	4892889	harbor1	chr9	4698820	4699116	DNA/hAT-Charlie	1208	+	148	4698968	6079
chr9	4692889	4892889	harbor1	chr9	4775769	4775927	DNA/hAT-Charlie	621	+	79	4775848	82959
chr9	89937233	90137233	harbor1	chr9	90031151	90031465	DNA/hAT-Charlie	1346	+	157	90031308	94075
chr9	4884884	5084884	harbor1	chr9	4924597	4924796	DNA/hAT-Charlie	888	+	100	4924697	39813
chr9	4884884	5084884	harbor1	chr9	4930783	4930938	DNA/hAT-Charlie	808	+	78	4930861	45977
chr9	4884884	5084884	harbor1	chr9	4967764	4967895	DNA/hAT-Charlie	663	+	66	4967830	82946
chr9	130532874	130732874	harbor1	chr9	130584183	130584245	DNA/hAT-Charlie	495	+	31	130584214	51340
chr9	130532874	130732874	harbor1	chr9	130584544	130584586	DNA/hAT-Charlie	495	+	21	130584565	51691
chr9	130532874	130732874	harbor1	chr9	130585174	130585328	DNA/hAT-Charlie	553	+	77	130585251	52377
chr9	130532874	130732874	harbor1	chr9	130585500	130585657	DNA/hAT-Charlie	594	+	78	130585578	52704
chr9	130532874	130732874	harbor1	chr9	130603541	130603706	DNA/hAT-Charlie	488	+	82	130603623	70749
chr9	130532874	130732874	harbor1	chr9	130624513	130624609	DNA/hAT-Charlie	1265	+	48	130624561	91687
chr9	130532874	130732874	harbor1	chr9	130624653	130624754	DNA/hAT-Charlie	1265	+	50	130624703	91829
chr9	4883057	5083057	harbor1	chr9	4924597	4924796	DNA/hAT-Charlie	888	+	100	4924697	41640
chr9	4883057	5083057	harbor1	chr9	4930783	4930938	DNA/hAT-Charlie	808	+	78	4930861	47804
chr9	4883057	5083057	harbor1	chr9	4967764	4967895	DNA/hAT-Charlie	663	+	66	4967830	84773
chr9	4883813	5083813	harbor1	chr9	4924597	4924796	DNA/hAT-Charlie	888	+	100	4924697	40884
chr9	4883813	5083813	harbor1	chr9	4930783	4930938	DNA/hAT-Charlie	808	+	78	4930861	47048
chr9	4883813	5083813	harbor1	chr9	4967764	4967895	DNA/hAT-Charlie	663	+	66	4967830	84017
chr9	4884786	5084786	harbor1	chr9	4924597	4924796	DNA/hAT-Charlie	888	+	100	4924697	39911
chr9	4884786	5084786	harbor1	chr9	4930783	4930938	DNA/hAT-Charlie	808	+	78	4930861	46075
chr9	4884786	5084786	harbor1	chr9	4967764	4967895	DNA/hAT-Charlie	663	+	66	4967830	83044
chr9	4884810	5084810	harbor1	chr9	4924597	4924796	DNA/hAT-Charlie	888	+	100	4924697	39887
chr9	4884810	5084810	harbor1	chr9	4930783	4930938	DNA/hAT-Charlie	808	+	78	4930861	46051
chr9	4884810	5084810	harbor1	chr9	4967764	4967895	DNA/hAT-Charlie	663	+	66	4967830	83020
chr9	4749616	4949616	harbor1	chr9	4775769	4775927	DNA/hAT-Charlie	621	+	79	4775848	26232
chr9	4749616	4949616	harbor1	chr9	4797454	4797665	DNA/hAT-Charlie	1206	+	106	4797560	47944
chr9	4749616	4949616	harbor1	chr9	4829821	4829972	DNA/hAT-Charlie	517	+	76	4829897	80281
chr9	4749616	4949616	harbor1	chr9	4838691	4838848	DNA/hAT-Charlie	655	+	78	4838769	89153
chr9	4669937	4869937	harbor1	chr9	4686769	4687076	DNA/hAT-Charlie	1632	+	154	4686923	16986
chr9	4669937	4869937	harbor1	chr9	4698684	4698821	DNA/hAT-Charlie	633	+	68	4698752	28815
chr9	4669937	4869937	harbor1	chr9	4698820	4699116	DNA/hAT-Charlie	1208	+	148	4698968	29031
chr9	4694651	4894651	harbor1	chr9	4698684	4698821	DNA/hAT-Charlie	633	+	68	4698752	4101
chr9	4694651	4894651	harbor1	chr9	4698820	4699116	DNA/hAT-Charlie	1208	+	148	4698968	4317
chr9	4694651	4894651	harbor1	chr9	4775769	4775927	DNA/hAT-Charlie	621	+	79	4775848	81197
chr9	4884784	5084784	harbor1	chr9	4924597	4924796	DNA/hAT-Charlie	888	+	100	4924697	39913
chr9	4884784	5084784	harbor1	chr9	4930783	4930938	DNA/hAT-Charlie	808	+	78	4930861	46077
chr9	4884784	5084784	harbor1	chr9	4967764	4967895	DNA/hAT-Charlie	663	+	66	4967830	83046
chr9	4694865	4894865	harbor1	chr9	4698684	4698821	DNA/hAT-Charlie	633	+	68	4698752	3887
chr9	4694865	4894865	harbor1	chr9	4698820	4699116	DNA/hAT-Charlie	1208	+	148	4698968	4103
chr9	4694865	4894865	harbor1	chr9	4775769	4775927	DNA/hAT-Charlie	621	+	79	4775848	80983
chr9	196617	396617	harbor1	chr9	217066	217176	DNA/hAT-Charlie	485	+	55	217121	20504
chr9	196617	396617	harbor1	chr9	275429	275560	DNA/hAT-Charlie	514	+	66	275495	78878
chr9	196617	396617	harbor1	chr9	290170	290389	DNA/hAT-Charlie	1484	+	110	290280	93663
chr9	3399943	3599943	harbor1	chr9	3426425	3426974	DNA/hAT-Charlie	3310	+	274	3426699	26756
chr9	4692795	4892795	harbor1	chr9	4698684	4698821	DNA/hAT-Charlie	633	+	68	4698752	5957
chr9	4692795	4892795	harbor1	chr9	4698820	4699116	DNA/hAT-Charlie	1208	+	148	4698968	6173
chr9	4692795	4892795	harbor1	chr9	4775769	4775927	DNA/hAT-Charlie	621	+	79	4775848	83053
chr9	68605549	68805549	harbor1	chr9	68633315	68633556	DNA/hAT-Charlie	957	+	120	68633435	27886
chr9	68605549	68805549	harbor1	chr9	68670724	68670994	DNA/hAT-Charlie	754	+	135	68670859	65310
chr9	68605549	68805549	harbor1	chr9	68688590	68688815	DNA/hAT-Charlie	1143	+	112	68688702	83153
chr9	4866377	5066377	harbor1	chr9	4924597	4924796	DNA/hAT-Charlie	888	+	100	4924697	58320
chr9	4866377	5066377	harbor1	chr9	4930783	4930938	DNA/hAT-Charlie	808	+	78	4930861	64484
chr9	4884847	5084847	harbor1	chr9	4924597	4924796	DNA/hAT-Charlie	888	+	100	4924697	39850
chr9	4884847	5084847	harbor1	chr9	4930783	4930938	DNA/hAT-Charlie	808	+	78	4930861	46014
chr9	4884847	5084847	harbor1	chr9	4967764	4967895	DNA/hAT-Charlie	663	+	66	4967830	82983
chr9	4884951	5084951	harbor1	chr9	4924597	4924796	DNA/hAT-Charlie	888	+	100	4924697	39746
chr9	4884951	5084951	harbor1	chr9	4930783	4930938	DNA/hAT-Charlie	808	+	78	4930861	45910
chr9	4884951	5084951	harbor1	chr9	4967764	4967895	DNA/hAT-Charlie	663	+	66	4967830	82879
chr9	4692232	4892232	harbor1	chr9	4698684	4698821	DNA/hAT-Charlie	633	+	68	4698752	6520
chr9	4692232	4892232	harbor1	chr9	4698820	4699116	DNA/hAT-Charlie	1208	+	148	4698968	6736
chr9	4692232	4892232	harbor1	chr9	4775769	4775927	DNA/hAT-Charlie	621	+	79	4775848	83616
chr9	108346093	108546093	harbor1	chr9	108378239	108378376	DNA/hAT-Charlie	649	+	68	108378307	32214
chr9	108346093	108546093	harbor1	chr9	108436011	108436347	DNA/hAT-Charlie	585	+	168	108436179	90086
chr9	89509793	89709793	harbor1	chr9	89559862	89560045	DNA/hAT-Charlie	696	+	92	89559954	50161
chr9	4884827	5084827	harbor1	chr9	4924597	4924796	DNA/hAT-Charlie	888	+	100	4924697	39870
chr9	4884827	5084827	harbor1	chr9	4930783	4930938	DNA/hAT-Charlie	808	+	78	4930861	46034
chr9	4884827	5084827	harbor1	chr9	4967764	4967895	DNA/hAT-Charlie	663	+	66	4967830	83003
chr9	136445284	136645284	harbor1	chr9	136485974	136486157	DNA/hAT-Charlie	660	+	92	136486066	40782
chr9	136445284	136645284	harbor1	chr9	136491092	136491231	DNA/hAT-Charlie	801	+	70	136491162	45878
chr9	136445284	136645284	harbor1	chr9	136491538	136491674	DNA/hAT-Charlie	801	+	68	136491606	46322
chr9	4648821	4848821	harbor1	chr9	4686769	4687076	DNA/hAT-Charlie	1632	+	154	4686923	38102
chr9	4648821	4848821	harbor1	chr9	4698684	4698821	DNA/hAT-Charlie	633	+	68	4698752	49931
chr9	4648821	4848821	harbor1	chr9	4698820	4699116	DNA/hAT-Charlie	1208	+	148	4698968	50147
chr9	135905941	136105941	harbor1	chr9	135915446	135915773	DNA/hAT-Charlie	1151	+	164	135915610	9669
chr9	135905941	136105941	harbor1	chr9	135961603	135961836	DNA/hAT-Charlie	828	+	116	135961719	55778
chr9	87626432	87826432	harbor1	chr9	87634047	87634262	DNA/hAT-Charlie	1019	+	108	87634155	7723
chr9	87626432	87826432	harbor1	chr9	87641117	87641243	DNA/hAT-Charlie	502	+	63	87641180	14748
chr9	87626432	87826432	harbor1	chr9	87650706	87650921	DNA/hAT-Charlie	1025	+	108	87650814	24382
chr9	87626432	87826432	harbor1	chr9	87658927	87659142	DNA/hAT-Charlie	958	+	108	87659035	32603
chr9	87626432	87826432	harbor1	chr9	87667346	87667551	DNA/hAT-Charlie	830	+	102	87667448	41016
chr9	87626432	87826432	harbor1	chr9	87675061	87675197	DNA/hAT-Charlie	562	+	68	87675129	48697
chr9	87626432	87826432	harbor1	chr9	87699341	87699595	DNA/hAT-Charlie	491	+	127	87699468	73036
chr9	4669262	4869262	harbor1	chr9	4686769	4687076	DNA/hAT-Charlie	1632	+	154	4686923	17661
chr9	4669262	4869262	harbor1	chr9	4698684	4698821	DNA/hAT-Charlie	633	+	68	4698752	29490
chr9	4669262	4869262	harbor1	chr9	4698820	4699116	DNA/hAT-Charlie	1208	+	148	4698968	29706
chr9	4812824	5012824	harbor1	chr9	4829821	4829972	DNA/hAT-Charlie	517	+	76	4829897	17073
chr9	4812824	5012824	harbor1	chr9	4838691	4838848	DNA/hAT-Charlie	655	+	78	4838769	25945
chr9	97885101	98085101	harbor1	chr9	97935308	97935535	DNA/hAT-Charlie	909	+	114	97935422	50321
chr9	97885101	98085101	harbor1	chr9	97937111	97937211	DNA/hAT-Charlie	1632	+	50	97937161	52060
chr9	97885101	98085101	harbor1	chr9	97937377	97937703	DNA/hAT-Charlie	1632	+	163	97937540	52439
chr9	97885101	98085101	harbor1	chr9	97960227	97960422	DNA/hAT-Charlie	1039	+	98	97960325	75224
chr9	97885101	98085101	harbor1	chr9	97962884	97963004	DNA/hAT-Charlie	536	+	60	97962944	77843
chr9	34027027	34227027	harbor1	chr9	34040743	34040906	DNA/hAT-Charlie	647	+	82	34040825	13798
chr9	4692222	4892222	harbor1	chr9	4698684	4698821	DNA/hAT-Charlie	633	+	68	4698752	6530
chr9	4692222	4892222	harbor1	chr9	4698820	4699116	DNA/hAT-Charlie	1208	+	148	4698968	6746
chr9	4692222	4892222	harbor1	chr9	4775769	4775927	DNA/hAT-Charlie	621	+	79	4775848	83626
chr9	68605579	68805579	harbor1	chr9	68633315	68633556	DNA/hAT-Charlie	957	+	120	68633435	27856
chr9	68605579	68805579	harbor1	chr9	68670724	68670994	DNA/hAT-Charlie	754	+	135	68670859	65280
chr9	68605579	68805579	harbor1	chr9	68688590	68688815	DNA/hAT-Charlie	1143	+	112	68688702	83123
chr9	4879662	5079662	harbor1	chr9	4924597	4924796	DNA/hAT-Charlie	888	+	100	4924697	45035
chr9	4879662	5079662	harbor1	chr9	4930783	4930938	DNA/hAT-Charlie	808	+	78	4930861	51199
chr9	4879662	5079662	harbor1	chr9	4967764	4967895	DNA/hAT-Charlie	663	+	66	4967830	88168
chr9	4579422	4779422	harbor1	chr9	4620380	4620545	DNA/hAT-Charlie	1063	+	82	4620462	41040
chr9	4579422	4779422	harbor1	chr9	4621279	4621488	DNA/hAT-Charlie	1047	+	104	4621383	41961
chr9	4579422	4779422	harbor1	chr9	4621788	4621807	DNA/hAT-Charlie	1047	+	10	4621798	42376
chr9	4579422	4779422	harbor1	chr9	4621801	4621933	DNA/hAT-Charlie	593	+	66	4621867	42445
chr9	4579422	4779422	harbor1	chr9	4635845	4636237	DNA/hAT-Charlie	910	+	196	4636041	56619
chr9	4579422	4779422	harbor1	chr9	4636257	4636465	DNA/hAT-Charlie	590	+	104	4636361	56939
chr9	85705422	85905422	harbor1	chr9	85725347	85725627	DNA/hAT-Charlie	2897	+	140	85725487	20065
chr9	85705422	85905422	harbor1	chr9	85726260	85726990	DNA/hAT-Charlie	2897	+	365	85726625	21203
chr9	85705422	85905422	harbor1	chr9	85727351	85727732	DNA/hAT-Charlie	3804	+	190	85727541	22119
chr9	85705422	85905422	harbor1	chr9	85728018	85728030	DNA/hAT-Charlie	3804	+	6	85728024	22602
chr9	85705422	85905422	harbor1	chr9	85728078	85728909	DNA/hAT-Charlie	3804	+	416	85728494	23072
chr9	85705422	85905422	harbor1	chr9	85767859	85767995	DNA/hAT-Charlie	602	+	68	85767927	62505
chr9	85705422	85905422	harbor1	chr9	85737136	85738261	DNA/hAT-Charlie	4087	+	562	85737698	32276
chr9	4883218	5083218	harbor1	chr9	4924597	4924796	DNA/hAT-Charlie	888	+	100	4924697	41479
chr9	4883218	5083218	harbor1	chr9	4930783	4930938	DNA/hAT-Charlie	808	+	78	4930861	47643
chr9	4883218	5083218	harbor1	chr9	4967764	4967895	DNA/hAT-Charlie	663	+	66	4967830	84612
chr9	130119656	130319656	harbor1	chr9	130161163	130161381	DNA/hAT-Charlie	693	+	109	130161272	41616
chr9	130119656	130319656	harbor1	chr9	130212283	130212494	DNA/hAT-Charlie	1081	+	106	130212389	92733
chr9	4883477	5083477	harbor1	chr9	4924597	4924796	DNA/hAT-Charlie	888	+	100	4924697	41220
chr9	4883477	5083477	harbor1	chr9	4930783	4930938	DNA/hAT-Charlie	808	+	78	4930861	47384
chr9	4883477	5083477	harbor1	chr9	4967764	4967895	DNA/hAT-Charlie	663	+	66	4967830	84353
chr9	4663738	4863738	harbor1	chr9	4686769	4687076	DNA/hAT-Charlie	1632	+	154	4686923	23185
chr9	4663738	4863738	harbor1	chr9	4698684	4698821	DNA/hAT-Charlie	633	+	68	4698752	35014
chr9	4663738	4863738	harbor1	chr9	4698820	4699116	DNA/hAT-Charlie	1208	+	148	4698968	35230
chr9	4885072	5085072	harbor1	chr9	4924597	4924796	DNA/hAT-Charlie	888	+	100	4924697	39625
chr9	4885072	5085072	harbor1	chr9	4930783	4930938	DNA/hAT-Charlie	808	+	78	4930861	45789
chr9	4885072	5085072	harbor1	chr9	4967764	4967895	DNA/hAT-Charlie	663	+	66	4967830	82758
chr9	35655086	35855086	harbor1	chr9	35656470	35656808	DNA/hAT-Charlie	2273	+	169	35656639	1553
chr9	35655086	35855086	harbor1	chr9	35683894	35684059	DNA/hAT-Charlie	624	+	82	35683976	28890
chr9	4824143	5024143	harbor1	chr9	4829821	4829972	DNA/hAT-Charlie	517	+	76	4829897	5754
chr9	4824143	5024143	harbor1	chr9	4838691	4838848	DNA/hAT-Charlie	655	+	78	4838769	14626
chr9	4663518	4863518	harbor1	chr9	4686769	4687076	DNA/hAT-Charlie	1632	+	154	4686923	23405
chr9	4663518	4863518	harbor1	chr9	4698684	4698821	DNA/hAT-Charlie	633	+	68	4698752	35234
chr9	4663518	4863518	harbor1	chr9	4698820	4699116	DNA/hAT-Charlie	1208	+	148	4698968	35450
chr9	130042390	130242390	harbor1	chr9	130073228	130073424	DNA/hAT-Charlie	742	+	98	130073326	30936
chr9	130042390	130242390	harbor1	chr9	130112334	130112737	DNA/hAT-Charlie	3764	+	202	130112536	70146
chr9	130042390	130242390	harbor1	chr9	130113050	130113243	DNA/hAT-Charlie	3764	+	96	130113146	70756
chr9	130042390	130242390	harbor1	chr9	130113531	130114029	DNA/hAT-Charlie	3764	+	249	130113780	71390
chr9	130042390	130242390	harbor1	chr9	130114064	130114086	DNA/hAT-Charlie	3764	+	11	130114075	71685
chr9	130042390	130242390	harbor1	chr9	130114376	130114398	DNA/hAT-Charlie	3764	+	11	130114387	71997
chr9	135599704	135799704	harbor1	chr9	135640122	135640438	DNA/hAT-Charlie	888	+	158	135640280	40576
chr9	135599704	135799704	harbor1	chr9	135640750	135640789	DNA/hAT-Charlie	888	+	20	135640770	41066
chr9	4692806	4892806	harbor1	chr9	4698684	4698821	DNA/hAT-Charlie	633	+	68	4698752	5946
chr9	4692806	4892806	harbor1	chr9	4698820	4699116	DNA/hAT-Charlie	1208	+	148	4698968	6162
chr9	4692806	4892806	harbor1	chr9	4775769	4775927	DNA/hAT-Charlie	621	+	79	4775848	83042
chr9	4744087	4944087	harbor1	chr9	4775769	4775927	DNA/hAT-Charlie	621	+	79	4775848	31761
chr9	4744087	4944087	harbor1	chr9	4797454	4797665	DNA/hAT-Charlie	1206	+	106	4797560	53473
chr9	4744087	4944087	harbor1	chr9	4829821	4829972	DNA/hAT-Charlie	517	+	76	4829897	85810
chr9	4744087	4944087	harbor1	chr9	4838691	4838848	DNA/hAT-Charlie	655	+	78	4838769	94682
chr9	133762512	133962512	harbor1	chr9	133790900	133791117	DNA/hAT-Charlie	961	+	108	133791008	28496
chr9	4884871	5084871	harbor1	chr9	4924597	4924796	DNA/hAT-Charlie	888	+	100	4924697	39826
chr9	4884871	5084871	harbor1	chr9	4930783	4930938	DNA/hAT-Charlie	808	+	78	4930861	45990
chr9	4884871	5084871	harbor1	chr9	4967764	4967895	DNA/hAT-Charlie	663	+	66	4967830	82959
chr9	4692558	4892558	harbor1	chr9	4698684	4698821	DNA/hAT-Charlie	633	+	68	4698752	6194
chr9	4692558	4892558	harbor1	chr9	4698820	4699116	DNA/hAT-Charlie	1208	+	148	4698968	6410
chr9	4692558	4892558	harbor1	chr9	4775769	4775927	DNA/hAT-Charlie	621	+	79	4775848	83290
chr9	4883433	5083433	harbor1	chr9	4924597	4924796	DNA/hAT-Charlie	888	+	100	4924697	41264
chr9	4883433	5083433	harbor1	chr9	4930783	4930938	DNA/hAT-Charlie	808	+	78	4930861	47428
chr9	4883433	5083433	harbor1	chr9	4967764	4967895	DNA/hAT-Charlie	663	+	66	4967830	84397
chr9	87626458	87826458	harbor1	chr9	87634047	87634262	DNA/hAT-Charlie	1019	+	108	87634155	7697
chr9	87626458	87826458	harbor1	chr9	87641117	87641243	DNA/hAT-Charlie	502	+	63	87641180	14722
chr9	87626458	87826458	harbor1	chr9	87650706	87650921	DNA/hAT-Charlie	1025	+	108	87650814	24356
chr9	87626458	87826458	harbor1	chr9	87658927	87659142	DNA/hAT-Charlie	958	+	108	87659035	32577
chr9	87626458	87826458	harbor1	chr9	87667346	87667551	DNA/hAT-Charlie	830	+	102	87667448	40990
chr9	87626458	87826458	harbor1	chr9	87675061	87675197	DNA/hAT-Charlie	562	+	68	87675129	48671
chr9	87626458	87826458	harbor1	chr9	87699341	87699595	DNA/hAT-Charlie	491	+	127	87699468	73010
chr9	105145295	105345295	harbor1	chr9	105159056	105159235	DNA/hAT-Charlie	1095	+	90	105159146	13851
chr9	105145295	105345295	harbor1	chr9	105201801	105201964	DNA/hAT-Charlie	738	+	82	105201883	56588
chr9	105145295	105345295	harbor1	chr9	105202269	105202283	DNA/hAT-Charlie	738	+	7	105202276	56981
chr9	105145295	105345295	harbor1	chr9	105219865	105219992	DNA/hAT-Charlie	741	+	64	105219929	74634
chr9	105145295	105345295	harbor1	chr9	105220300	105220317	DNA/hAT-Charlie	741	+	8	105220308	75013
chr9	112387255	112587255	harbor1	chr9	112410938	112411392	DNA/hAT-Charlie	1921	+	227	112411165	23910
chr9	112387255	112587255	harbor1	chr9	112411688	112412023	DNA/hAT-Charlie	1921	+	168	112411856	24601
chr9	112387255	112587255	harbor1	chr9	112412233	112412530	DNA/hAT-Charlie	853	+	148	112412381	25126
chr9	112387255	112587255	harbor1	chr9	112412652	112412804	DNA/hAT-Charlie	597	+	76	112412728	25473
chr9	4730514	4930514	harbor1	chr9	4775769	4775927	DNA/hAT-Charlie	621	+	79	4775848	45334
chr9	4730514	4930514	harbor1	chr9	4797454	4797665	DNA/hAT-Charlie	1206	+	106	4797560	67046
chr9	4730514	4930514	harbor1	chr9	4829821	4829972	DNA/hAT-Charlie	517	+	76	4829897	99383
chr9	34027056	34227056	harbor1	chr9	34040743	34040906	DNA/hAT-Charlie	647	+	82	34040825	13769
chr9	4692205	4892205	harbor1	chr9	4698684	4698821	DNA/hAT-Charlie	633	+	68	4698752	6547
chr9	4692205	4892205	harbor1	chr9	4698820	4699116	DNA/hAT-Charlie	1208	+	148	4698968	6763
chr9	4692205	4892205	harbor1	chr9	4775769	4775927	DNA/hAT-Charlie	621	+	79	4775848	83643
chr9	137176266	137376266	harbor1	chr9	137203109	137203299	DNA/hAT-Charlie	615	+	95	137203204	26938
chr9	4692312	4892312	harbor1	chr9	4698684	4698821	DNA/hAT-Charlie	633	+	68	4698752	6440
chr9	4692312	4892312	harbor1	chr9	4698820	4699116	DNA/hAT-Charlie	1208	+	148	4698968	6656
chr9	4692312	4892312	harbor1	chr9	4775769	4775927	DNA/hAT-Charlie	621	+	79	4775848	83536
chr9	4694469	4894469	harbor1	chr9	4698684	4698821	DNA/hAT-Charlie	633	+	68	4698752	4283
chr9	4694469	4894469	harbor1	chr9	4698820	4699116	DNA/hAT-Charlie	1208	+	148	4698968	4499
chr9	4694469	4894469	harbor1	chr9	4775769	4775927	DNA/hAT-Charlie	621	+	79	4775848	81379
chr9	35625694	35825694	harbor1	chr9	35656470	35656808	DNA/hAT-Charlie	2273	+	169	35656639	30945
chr9	35625694	35825694	harbor1	chr9	35683894	35684059	DNA/hAT-Charlie	624	+	82	35683976	58282
chr9	4884855	5084855	harbor1	chr9	4924597	4924796	DNA/hAT-Charlie	888	+	100	4924697	39842
chr9	4884855	5084855	harbor1	chr9	4930783	4930938	DNA/hAT-Charlie	808	+	78	4930861	46006
chr9	4884855	5084855	harbor1	chr9	4967764	4967895	DNA/hAT-Charlie	663	+	66	4967830	82975
chr9	133678135	133878135	harbor1	chr9	133684139	133684338	DNA/hAT-Charlie	762	+	100	133684239	6104
chr9	37551225	37751225	harbor1	chr9	37565495	37565641	DNA/hAT-Charlie	485	+	73	37565568	14343
chr9	37551225	37751225	harbor1	chr9	37583620	37583814	DNA/hAT-Charlie	1013	+	97	37583717	32492
chr9	37551225	37751225	harbor1	chr9	37628839	37628916	DNA/hAT-Charlie	877	+	38	37628877	77652
chr9	37551225	37751225	harbor1	chr9	37629214	37629311	DNA/hAT-Charlie	877	+	48	37629262	78037
chr9	4692887	4892887	harbor1	chr9	4698684	4698821	DNA/hAT-Charlie	633	+	68	4698752	5865
chr9	4692887	4892887	harbor1	chr9	4698820	4699116	DNA/hAT-Charlie	1208	+	148	4698968	6081
chr9	4692887	4892887	harbor1	chr9	4775769	4775927	DNA/hAT-Charlie	621	+	79	4775848	82961
chr9	4884829	5084829	harbor1	chr9	4924597	4924796	DNA/hAT-Charlie	888	+	100	4924697	39868
chr9	4884829	5084829	harbor1	chr9	4930783	4930938	DNA/hAT-Charlie	808	+	78	4930861	46032
chr9	4884829	5084829	harbor1	chr9	4967764	4967895	DNA/hAT-Charlie	663	+	66	4967830	83001
chr9	135829624	136029624	harbor1	chr9	135868230	135868609	DNA/hAT-Charlie	1563	+	190	135868420	38796
chr9	135829624	136029624	harbor1	chr9	135868916	135869142	DNA/hAT-Charlie	1563	+	113	135869029	39405
chr9	135829624	136029624	harbor1	chr9	135870893	135871190	DNA/hAT-Charlie	1719	+	148	135871041	41417
chr9	135829624	136029624	harbor1	chr9	135871477	135871647	DNA/hAT-Charlie	1719	+	85	135871562	41938
chr9	135829624	136029624	harbor1	chr9	135871779	135871820	DNA/hAT-Charlie	1719	+	20	135871799	42175
chr9	135829624	136029624	harbor1	chr9	135872112	135872143	DNA/hAT-Charlie	1719	+	16	135872128	42504
chr9	135829624	136029624	harbor1	chr9	135915446	135915773	DNA/hAT-Charlie	1151	+	164	135915610	85986
chr9	4885054	5085054	harbor1	chr9	4924597	4924796	DNA/hAT-Charlie	888	+	100	4924697	39643
chr9	4885054	5085054	harbor1	chr9	4930783	4930938	DNA/hAT-Charlie	808	+	78	4930861	45807
chr9	4885054	5085054	harbor1	chr9	4967764	4967895	DNA/hAT-Charlie	663	+	66	4967830	82776
chr9	4692851	4892851	harbor1	chr9	4698684	4698821	DNA/hAT-Charlie	633	+	68	4698752	5901
chr9	4692851	4892851	harbor1	chr9	4698820	4699116	DNA/hAT-Charlie	1208	+	148	4698968	6117
chr9	4692851	4892851	harbor1	chr9	4775769	4775927	DNA/hAT-Charlie	621	+	79	4775848	82997
chr9	4692854	4892854	harbor1	chr9	4698684	4698821	DNA/hAT-Charlie	633	+	68	4698752	5898
chr9	4692854	4892854	harbor1	chr9	4698820	4699116	DNA/hAT-Charlie	1208	+	148	4698968	6114
chr9	4692854	4892854	harbor1	chr9	4775769	4775927	DNA/hAT-Charlie	621	+	79	4775848	82994
chr9	133933666	134133666	harbor1	chr9	133941021	133941125	DNA/hAT-Charlie	571	+	52	133941073	7407
chr9	133933666	134133666	harbor1	chr9	133941427	133941509	DNA/hAT-Charlie	571	+	41	133941468	7802
chr9	133933666	134133666	harbor1	chr9	133982707	133983016	DNA/hAT-Charlie	1193	+	154	133982861	49195
chr9	133933666	134133666	harbor1	chr9	133984925	133985047	DNA/hAT-Charlie	501	+	61	133984986	51320
chr9	133933666	134133666	harbor1	chr9	134017481	134017702	DNA/hAT-Charlie	1497	+	110	134017591	83925
chr9	4692645	4892645	harbor1	chr9	4698684	4698821	DNA/hAT-Charlie	633	+	68	4698752	6107
chr9	4692645	4892645	harbor1	chr9	4698820	4699116	DNA/hAT-Charlie	1208	+	148	4698968	6323
chr9	4692645	4892645	harbor1	chr9	4775769	4775927	DNA/hAT-Charlie	621	+	79	4775848	83203
chr9	4732434	4932434	harbor1	chr9	4775769	4775927	DNA/hAT-Charlie	621	+	79	4775848	43414
chr9	4732434	4932434	harbor1	chr9	4797454	4797665	DNA/hAT-Charlie	1206	+	106	4797560	65126
chr9	4732434	4932434	harbor1	chr9	4829821	4829972	DNA/hAT-Charlie	517	+	76	4829897	97463
chr9	113949333	114149333	harbor1	chr9	113969996	113970285	DNA/hAT-Charlie	731	+	144	113970140	20807
chr9	113949333	114149333	harbor1	chr9	113987842	113987949	DNA/hAT-Charlie	513	+	54	113987896	38563
chr9	113949333	114149333	harbor1	chr9	114000379	114000591	DNA/hAT-Charlie	1424	+	106	114000485	51152
chr9	113949333	114149333	harbor1	chr9	114013802	114013967	DNA/hAT-Charlie	725	+	82	114013884	64551
chr9	113949333	114149333	harbor1	chr9	114029291	114029485	DNA/hAT-Charlie	552	+	97	114029388	80055
chr9	13706365	13906365	harbor1	chr9	13734201	13734456	DNA/hAT-Charlie	566	+	128	13734329	27964
chr9	13706365	13906365	harbor1	chr9	13780954	13781170	DNA/hAT-Charlie	1310	+	108	13781062	74697
chr9	13706365	13906365	harbor1	chr9	13800844	13801005	DNA/hAT-Charlie	797	+	80	13800924	94559
chr9	13706365	13906365	harbor1	chr9	13805185	13805392	DNA/hAT-Charlie	858	+	104	13805289	98924
chr9	133781981	133981981	harbor1	chr9	133790900	133791117	DNA/hAT-Charlie	961	+	108	133791008	9027
chr9	4663234	4863234	harbor1	chr9	4686769	4687076	DNA/hAT-Charlie	1632	+	154	4686923	23689
chr9	4663234	4863234	harbor1	chr9	4698684	4698821	DNA/hAT-Charlie	633	+	68	4698752	35518
chr9	4663234	4863234	harbor1	chr9	4698820	4699116	DNA/hAT-Charlie	1208	+	148	4698968	35734
chr9	3402772	3602772	harbor1	chr9	3426425	3426974	DNA/hAT-Charlie	3310	+	274	3426699	23927
chr9	135515777	135715777	harbor1	chr9	135581507	135581843	DNA/hAT-Charlie	2198	+	168	135581675	65898
chr9	135956531	136156531	harbor1	chr9	135961603	135961836	DNA/hAT-Charlie	828	+	116	135961719	5188
chr9	4692834	4892834	harbor1	chr9	4698684	4698821	DNA/hAT-Charlie	633	+	68	4698752	5918
chr9	4692834	4892834	harbor1	chr9	4698820	4699116	DNA/hAT-Charlie	1208	+	148	4698968	6134
chr9	4692834	4892834	harbor1	chr9	4775769	4775927	DNA/hAT-Charlie	621	+	79	4775848	83014
chr9	4579693	4779693	harbor1	chr9	4620380	4620545	DNA/hAT-Charlie	1063	+	82	4620462	40769
chr9	4579693	4779693	harbor1	chr9	4621279	4621488	DNA/hAT-Charlie	1047	+	104	4621383	41690
chr9	4579693	4779693	harbor1	chr9	4621788	4621807	DNA/hAT-Charlie	1047	+	10	4621798	42105
chr9	4579693	4779693	harbor1	chr9	4621801	4621933	DNA/hAT-Charlie	593	+	66	4621867	42174
chr9	4579693	4779693	harbor1	chr9	4635845	4636237	DNA/hAT-Charlie	910	+	196	4636041	56348
chr9	4579693	4779693	harbor1	chr9	4636257	4636465	DNA/hAT-Charlie	590	+	104	4636361	56668
chr9	126299347	126499347	harbor1	chr9	126325243	126325462	DNA/hAT-Charlie	651	+	110	126325353	26006
chr9	126299347	126499347	harbor1	chr9	126333925	126334100	DNA/hAT-Charlie	610	+	88	126334013	34666
chr9	133242549	133442549	harbor1	chr9	133324415	133324656	DNA/hAT-Charlie	1551	+	120	133324535	81986
chr9	111561637	111761637	harbor1	chr9	111605898	111605981	DNA/hAT-Charlie	507	+	42	111605940	44303
chr9	111561637	111761637	harbor1	chr9	111630680	111630836	DNA/hAT-Charlie	900	+	78	111630758	69121
chr9	4883815	5083815	harbor1	chr9	4924597	4924796	DNA/hAT-Charlie	888	+	100	4924697	40882
chr9	4883815	5083815	harbor1	chr9	4930783	4930938	DNA/hAT-Charlie	808	+	78	4930861	47046
chr9	4883815	5083815	harbor1	chr9	4967764	4967895	DNA/hAT-Charlie	663	+	66	4967830	84015
chr9	109066800	109266800	harbor1	chr9	109132639	109132933	DNA/hAT-Charlie	1233	+	147	109132786	65986
chr9	109066800	109266800	harbor1	chr9	109151258	109151784	DNA/hAT-Charlie	3851	+	263	109151521	84721
chr9	4692441	4892441	harbor1	chr9	4698684	4698821	DNA/hAT-Charlie	633	+	68	4698752	6311
chr9	4692441	4892441	harbor1	chr9	4698820	4699116	DNA/hAT-Charlie	1208	+	148	4698968	6527
chr9	4692441	4892441	harbor1	chr9	4775769	4775927	DNA/hAT-Charlie	621	+	79	4775848	83407
chr9	404061	604061	harbor1	chr9	424207	424356	DNA/hAT-Charlie	740	+	74	424281	20220
chr9	404061	604061	harbor1	chr9	424886	425198	DNA/hAT-Charlie	1388	+	156	425042	20981
chr9	404061	604061	harbor1	chr9	435005	435223	DNA/hAT-Charlie	1189	+	109	435114	31053
chr9	404061	604061	harbor1	chr9	438207	438395	DNA/hAT-Charlie	725	+	94	438301	34240
chr9	404061	604061	harbor1	chr9	452152	452338	DNA/hAT-Charlie	1093	+	93	452245	48184
chr9	4692933	4892933	harbor1	chr9	4698684	4698821	DNA/hAT-Charlie	633	+	68	4698752	5819
chr9	4692933	4892933	harbor1	chr9	4698820	4699116	DNA/hAT-Charlie	1208	+	148	4698968	6035
chr9	4692933	4892933	harbor1	chr9	4775769	4775927	DNA/hAT-Charlie	621	+	79	4775848	82915
chr9	4885087	5085087	harbor1	chr9	4924597	4924796	DNA/hAT-Charlie	888	+	100	4924697	39610
chr9	4885087	5085087	harbor1	chr9	4930783	4930938	DNA/hAT-Charlie	808	+	78	4930861	45774
chr9	4885087	5085087	harbor1	chr9	4967764	4967895	DNA/hAT-Charlie	663	+	66	4967830	82743
chr9	137143208	137343208	harbor1	chr9	137203109	137203299	DNA/hAT-Charlie	615	+	95	137203204	59996
chr9	4884787	5084787	harbor1	chr9	4924597	4924796	DNA/hAT-Charlie	888	+	100	4924697	39910
chr9	4884787	5084787	harbor1	chr9	4930783	4930938	DNA/hAT-Charlie	808	+	78	4930861	46074
chr9	4884787	5084787	harbor1	chr9	4967764	4967895	DNA/hAT-Charlie	663	+	66	4967830	83043
chr9	4884870	5084870	harbor1	chr9	4924597	4924796	DNA/hAT-Charlie	888	+	100	4924697	39827
chr9	4884870	5084870	harbor1	chr9	4930783	4930938	DNA/hAT-Charlie	808	+	78	4930861	45991
chr9	4884870	5084870	harbor1	chr9	4967764	4967895	DNA/hAT-Charlie	663	+	66	4967830	82960
chr9	4692425	4892425	harbor1	chr9	4698684	4698821	DNA/hAT-Charlie	633	+	68	4698752	6327
chr9	4692425	4892425	harbor1	chr9	4698820	4699116	DNA/hAT-Charlie	1208	+	148	4698968	6543
chr9	4692425	4892425	harbor1	chr9	4775769	4775927	DNA/hAT-Charlie	621	+	79	4775848	83423
chr9	4884906	5084906	harbor1	chr9	4924597	4924796	DNA/hAT-Charlie	888	+	100	4924697	39791
chr9	4884906	5084906	harbor1	chr9	4930783	4930938	DNA/hAT-Charlie	808	+	78	4930861	45955
chr9	4884906	5084906	harbor1	chr9	4967764	4967895	DNA/hAT-Charlie	663	+	66	4967830	82924
chr9	4698187	4898187	harbor1	chr9	4698684	4698821	DNA/hAT-Charlie	633	+	68	4698752	565
chr9	4698187	4898187	harbor1	chr9	4698820	4699116	DNA/hAT-Charlie	1208	+	148	4698968	781
chr9	4698187	4898187	harbor1	chr9	4775769	4775927	DNA/hAT-Charlie	621	+	79	4775848	77661
chr9	4698187	4898187	harbor1	chr9	4797454	4797665	DNA/hAT-Charlie	1206	+	106	4797560	99373
chr9	4729109	4929109	harbor1	chr9	4775769	4775927	DNA/hAT-Charlie	621	+	79	4775848	46739
chr9	4729109	4929109	harbor1	chr9	4797454	4797665	DNA/hAT-Charlie	1206	+	106	4797560	68451
chr9	135593627	135793627	harbor1	chr9	135640122	135640438	DNA/hAT-Charlie	888	+	158	135640280	46653
chr9	135593627	135793627	harbor1	chr9	135640750	135640789	DNA/hAT-Charlie	888	+	20	135640770	47143
chr9	108349474	108549474	harbor1	chr9	108378239	108378376	DNA/hAT-Charlie	649	+	68	108378307	28833
chr9	108349474	108549474	harbor1	chr9	108436011	108436347	DNA/hAT-Charlie	585	+	168	108436179	86705
chr9	4215856	4415856	harbor1	chr9	4218580	4218767	DNA/hAT-Charlie	879	+	94	4218674	2818
chr9	4215856	4415856	harbor1	chr9	4242645	4242958	DNA/hAT-Charlie	1016	+	156	4242801	26945
chr9	4215856	4415856	harbor1	chr9	4269561	4269793	DNA/hAT-Charlie	824	+	116	4269677	53821
chr9	4694447	4894447	harbor1	chr9	4698684	4698821	DNA/hAT-Charlie	633	+	68	4698752	4305
chr9	4694447	4894447	harbor1	chr9	4698820	4699116	DNA/hAT-Charlie	1208	+	148	4698968	4521
chr9	4694447	4894447	harbor1	chr9	4775769	4775927	DNA/hAT-Charlie	621	+	79	4775848	81401
chr10	48449566	48649566	harbor1	chr10	48462983	48463258	DNA/hAT-Charlie	840	+	138	48463121	13555
chr10	48449566	48649566	harbor1	chr10	48544472	48544589	DNA/hAT-Charlie	482	+	58	48544530	94964
chr10	48449566	48649566	harbor1	chr10	48544593	48544698	DNA/hAT-Charlie	1052	+	52	48544645	95079
chr10	48449566	48649566	harbor1	chr10	48544896	48545149	DNA/hAT-Charlie	1052	+	126	48545022	95456
chr10	102136358	102336358	harbor1	chr10	102164055	102164247	DNA/hAT-Charlie	928	+	96	102164151	27793
chr10	102033038	102233038	harbor1	chr10	102047819	102048035	DNA/hAT-Charlie	1407	+	108	102047927	14889
chr10	14778680	14978680	harbor1	chr10	14816401	14816522	DNA/hAT-Charlie	714	+	60	14816461	37781
chr10	14778680	14978680	harbor1	chr10	14873202	14873411	DNA/hAT-Charlie	1011	+	104	14873306	94626
chr10	122404718	122604718	harbor1	chr10	122418873	122419059	DNA/hAT-Charlie	844	+	93	122418966	14248
chr10	122404718	122604718	harbor1	chr10	122441008	122441185	DNA/hAT-Charlie	933	+	88	122441096	36378
chr10	122404718	122604718	harbor1	chr10	122441496	122441657	DNA/hAT-Charlie	751	+	80	122441576	36858
chr10	122404718	122604718	harbor1	chr10	122454997	122455154	DNA/hAT-Charlie	815	+	78	122455075	50357
chr10	122404718	122604718	harbor1	chr10	122495855	122496070	DNA/hAT-Charlie	1040	+	108	122495963	91245
chr10	14778677	14978677	harbor1	chr10	14816401	14816522	DNA/hAT-Charlie	714	+	60	14816461	37784
chr10	14778677	14978677	harbor1	chr10	14873202	14873411	DNA/hAT-Charlie	1011	+	104	14873306	94629
chr10	75309886	75509886	harbor1	chr10	75335399	75335568	DNA/hAT-Charlie	622	+	84	75335483	25597
chr10	75309886	75509886	harbor1	chr10	75363707	75364238	DNA/hAT-Charlie	1614	+	266	75363973	54087
chr10	75309886	75509886	harbor1	chr10	75375042	75375131	DNA/hAT-Charlie	509	+	44	75375086	65200
chr10	75309886	75509886	harbor1	chr10	75375422	75375513	DNA/hAT-Charlie	509	+	46	75375468	65582
chr10	75309886	75509886	harbor1	chr10	75375814	75375867	DNA/hAT-Charlie	509	+	26	75375840	65954
chr10	75309886	75509886	harbor1	chr10	75376999	75377180	DNA/hAT-Charlie	1074	+	90	75377089	67203
chr10	14778676	14978676	harbor1	chr10	14816401	14816522	DNA/hAT-Charlie	714	+	60	14816461	37785
chr10	14778676	14978676	harbor1	chr10	14873202	14873411	DNA/hAT-Charlie	1011	+	104	14873306	94630
chr10	97721885	97921885	harbor1	chr10	97739974	97740114	DNA/hAT-Charlie	588	+	70	97740044	18159
chr10	97721885	97921885	harbor1	chr10	97775642	97775772	DNA/hAT-Charlie	2992	+	65	97775707	53822
chr10	97721885	97921885	harbor1	chr10	97776110	97776535	DNA/hAT-Charlie	2992	+	212	97776322	54437
chr10	97721885	97921885	harbor1	chr10	97776836	97776896	DNA/hAT-Charlie	2992	+	30	97776866	54981
chr10	97721885	97921885	harbor1	chr10	97785231	97785377	DNA/hAT-Charlie	617	+	73	97785304	63419
chr10	97721885	97921885	harbor1	chr10	97785675	97785688	DNA/hAT-Charlie	479	+	6	97785681	63796
chr10	97721885	97921885	harbor1	chr10	97805258	97805477	DNA/hAT-Charlie	604	+	110	97805368	83483
chr10	97721885	97921885	harbor1	chr10	97815765	97815942	DNA/hAT-Charlie	568	+	88	97815853	93968
chr10	14771563	14971563	harbor1	chr10	14816401	14816522	DNA/hAT-Charlie	714	+	60	14816461	44898
chr10	97398841	97598841	harbor1	chr10	97398688	97398991	DNA/hAT-Charlie	1081	+	152	97398840	1
chr10	97398841	97598841	harbor1	chr10	97399290	97399391	DNA/hAT-Charlie	1081	+	50	97399340	499
chr10	97398841	97598841	harbor1	chr10	97431290	97431442	DNA/hAT-Charlie	744	+	76	97431366	32525
chr10	97398841	97598841	harbor1	chr10	97439300	97439775	DNA/hAT-Charlie	3298	+	238	97439538	40697
chr10	97398841	97598841	harbor1	chr10	97442399	97442519	DNA/hAT-Charlie	649	+	60	97442459	43618
chr10	97398841	97598841	harbor1	chr10	97443125	97443170	DNA/hAT-Charlie	649	+	22	97443147	44306
chr10	97398841	97598841	harbor1	chr10	97473633	97473860	DNA/hAT-Charlie	973	+	114	97473747	74906
chr10	97398841	97598841	harbor1	chr10	97474163	97474176	DNA/hAT-Charlie	973	+	6	97474169	75328
chr10	95979828	96179828	harbor1	chr10	96021456	96021550	DNA/hAT-Charlie	479	+	47	96021503	41675
chr10	95979828	96179828	harbor1	chr10	96032320	96032493	DNA/hAT-Charlie	529	+	86	96032406	52578
chr10	95979828	96179828	harbor1	chr10	96050811	96051029	DNA/hAT-Charlie	1010	+	109	96050920	71092
chr10	22336855	22536855	harbor1	chr10	22375988	22376105	DNA/hAT-Charlie	478	+	58	22376046	39191
chr10	22336855	22536855	harbor1	chr10	22376102	22376472	DNA/hAT-Charlie	1545	+	185	22376287	39432
chr10	22336855	22536855	harbor1	chr10	22381242	22381599	DNA/hAT-Charlie	626	+	178	22381420	44565
chr10	14755514	14955514	harbor1	chr10	14816401	14816522	DNA/hAT-Charlie	714	+	60	14816461	60947
chr10	97398923	97598923	harbor1	chr10	97398688	97398991	DNA/hAT-Charlie	1081	+	152	97398840	83
chr10	97398923	97598923	harbor1	chr10	97399290	97399391	DNA/hAT-Charlie	1081	+	50	97399340	417
chr10	97398923	97598923	harbor1	chr10	97431290	97431442	DNA/hAT-Charlie	744	+	76	97431366	32443
chr10	97398923	97598923	harbor1	chr10	97439300	97439775	DNA/hAT-Charlie	3298	+	238	97439538	40615
chr10	97398923	97598923	harbor1	chr10	97442399	97442519	DNA/hAT-Charlie	649	+	60	97442459	43536
chr10	97398923	97598923	harbor1	chr10	97443125	97443170	DNA/hAT-Charlie	649	+	22	97443147	44224
chr10	97398923	97598923	harbor1	chr10	97473633	97473860	DNA/hAT-Charlie	973	+	114	97473747	74824
chr10	97398923	97598923	harbor1	chr10	97474163	97474176	DNA/hAT-Charlie	973	+	6	97474169	75246
chr10	97672098	97872098	harbor1	chr10	97739974	97740114	DNA/hAT-Charlie	588	+	70	97740044	67946
chr10	100885458	101085458	harbor1	chr10	100909224	100909436	DNA/hAT-Charlie	557	+	106	100909330	23872
chr10	97398845	97598845	harbor1	chr10	97398688	97398991	DNA/hAT-Charlie	1081	+	152	97398840	5
chr10	97398845	97598845	harbor1	chr10	97399290	97399391	DNA/hAT-Charlie	1081	+	50	97399340	495
chr10	97398845	97598845	harbor1	chr10	97431290	97431442	DNA/hAT-Charlie	744	+	76	97431366	32521
chr10	97398845	97598845	harbor1	chr10	97439300	97439775	DNA/hAT-Charlie	3298	+	238	97439538	40693
chr10	97398845	97598845	harbor1	chr10	97442399	97442519	DNA/hAT-Charlie	649	+	60	97442459	43614
chr10	97398845	97598845	harbor1	chr10	97443125	97443170	DNA/hAT-Charlie	649	+	22	97443147	44302
chr10	97398845	97598845	harbor1	chr10	97473633	97473860	DNA/hAT-Charlie	973	+	114	97473747	74902
chr10	97398845	97598845	harbor1	chr10	97474163	97474176	DNA/hAT-Charlie	973	+	6	97474169	75324
chr10	122401188	122601188	harbor1	chr10	122418873	122419059	DNA/hAT-Charlie	844	+	93	122418966	17778
chr10	122401188	122601188	harbor1	chr10	122441008	122441185	DNA/hAT-Charlie	933	+	88	122441096	39908
chr10	122401188	122601188	harbor1	chr10	122441496	122441657	DNA/hAT-Charlie	751	+	80	122441576	40388
chr10	122401188	122601188	harbor1	chr10	122454997	122455154	DNA/hAT-Charlie	815	+	78	122455075	53887
chr10	122401188	122601188	harbor1	chr10	122495855	122496070	DNA/hAT-Charlie	1040	+	108	122495963	94775
chr10	133105439	133305439	harbor1	chr10	133157282	133157706	DNA/hAT-Charlie	984	+	212	133157494	52055
chr10	133105439	133305439	harbor1	chr10	133204233	133204370	DNA/hAT-Charlie	494	+	68	133204301	98862
chr10	97672148	97872148	harbor1	chr10	97739974	97740114	DNA/hAT-Charlie	588	+	70	97740044	67896
chr10	23339297	23539297	harbor1	chr10	23364854	23365003	DNA/hAT-Charlie	1782	+	74	23364928	25631
chr10	23339297	23539297	harbor1	chr10	23365312	23365542	DNA/hAT-Charlie	1782	+	115	23365427	26130
chr10	122404812	122604812	harbor1	chr10	122418873	122419059	DNA/hAT-Charlie	844	+	93	122418966	14154
chr10	122404812	122604812	harbor1	chr10	122441008	122441185	DNA/hAT-Charlie	933	+	88	122441096	36284
chr10	122404812	122604812	harbor1	chr10	122441496	122441657	DNA/hAT-Charlie	751	+	80	122441576	36764
chr10	122404812	122604812	harbor1	chr10	122454997	122455154	DNA/hAT-Charlie	815	+	78	122455075	50263
chr10	122404812	122604812	harbor1	chr10	122495855	122496070	DNA/hAT-Charlie	1040	+	108	122495963	91151
chr10	15216571	15416571	harbor1	chr10	15289766	15289943	DNA/hAT-Charlie	892	+	88	15289854	73283
chr10	102033035	102233035	harbor1	chr10	102047819	102048035	DNA/hAT-Charlie	1407	+	108	102047927	14892
chr10	102141189	102341189	harbor1	chr10	102164055	102164247	DNA/hAT-Charlie	928	+	96	102164151	22962
chr10	92431311	92631311	harbor1	chr10	92458169	92458449	DNA/hAT-Charlie	657	+	140	92458309	26998
chr10	101965759	102165759	harbor1	chr10	101982511	101983022	DNA/hAT-Charlie	3602	+	256	101982767	17008
chr10	101965759	102165759	harbor1	chr10	102047819	102048035	DNA/hAT-Charlie	1407	+	108	102047927	82168
chr10	4608518	4808518	harbor1	chr10	4608345	4608555	DNA/hAT-Charlie	684	+	105	4608450	68
chr10	4608518	4808518	harbor1	chr10	4629839	4630167	DNA/hAT-Charlie	657	+	164	4630003	21485
chr10	14701889	14901889	harbor1	chr10	14734377	14734607	DNA/hAT-Charlie	1651	+	115	14734492	32603
chr10	14701889	14901889	harbor1	chr10	14735182	14735398	DNA/hAT-Charlie	1440	+	108	14735290	33401
chr10	112347249	112547249	harbor1	chr10	112367940	112368113	DNA/hAT-Charlie	862	+	86	112368026	20777
chr10	112347249	112547249	harbor1	chr10	112395318	112395499	DNA/hAT-Charlie	554	+	90	112395408	48159
chr10	112347249	112547249	harbor1	chr10	112420322	112420542	DNA/hAT-Charlie	858	+	110	112420432	73183
chr10	112347249	112547249	harbor1	chr10	112432771	112432967	DNA/hAT-Charlie	903	+	98	112432869	85620
chr10	112347249	112547249	harbor1	chr10	112436551	112437693	DNA/hAT-Charlie	4505	+	571	112437122	89873
chr10	112347249	112547249	harbor1	chr10	112441436	112441561	DNA/hAT-Charlie	644	+	62	112441498	94249
chr10	129871801	130071801	harbor1	chr10	129905208	129905508	DNA/hAT-Charlie	749	+	150	129905358	33557
chr10	130532945	130732945	harbor1	chr10	130563036	130563171	DNA/hAT-Charlie	476	+	68	130563104	30159
chr10	22337048	22537048	harbor1	chr10	22375988	22376105	DNA/hAT-Charlie	478	+	58	22376046	38998
chr10	22337048	22537048	harbor1	chr10	22376102	22376472	DNA/hAT-Charlie	1545	+	185	22376287	39239
chr10	22337048	22537048	harbor1	chr10	22381242	22381599	DNA/hAT-Charlie	626	+	178	22381420	44372
chr10	122856480	123056480	harbor1	chr10	122874717	122874912	DNA/hAT-Charlie	1208	+	98	122874815	18335
chr10	122856480	123056480	harbor1	chr10	122907864	122908028	DNA/hAT-Charlie	536	+	82	122907946	51466
chr10	122856480	123056480	harbor1	chr10	122933475	122933795	DNA/hAT-Charlie	1295	+	160	122933635	77155
chr10	69472321	69672321	harbor1	chr10	69501703	69502055	DNA/hAT-Charlie	2127	+	176	69501879	29558
chr10	69472321	69672321	harbor1	chr10	69522506	69522830	DNA/hAT-Charlie	2114	+	162	69522668	50347
chr10	69472321	69672321	harbor1	chr10	69551774	69552033	DNA/hAT-Charlie	608	+	130	69551904	79583
chr10	97398878	97598878	harbor1	chr10	97398688	97398991	DNA/hAT-Charlie	1081	+	152	97398840	38
chr10	97398878	97598878	harbor1	chr10	97399290	97399391	DNA/hAT-Charlie	1081	+	50	97399340	462
chr10	97398878	97598878	harbor1	chr10	97431290	97431442	DNA/hAT-Charlie	744	+	76	97431366	32488
chr10	97398878	97598878	harbor1	chr10	97439300	97439775	DNA/hAT-Charlie	3298	+	238	97439538	40660
chr10	97398878	97598878	harbor1	chr10	97442399	97442519	DNA/hAT-Charlie	649	+	60	97442459	43581
chr10	97398878	97598878	harbor1	chr10	97443125	97443170	DNA/hAT-Charlie	649	+	22	97443147	44269
chr10	97398878	97598878	harbor1	chr10	97473633	97473860	DNA/hAT-Charlie	973	+	114	97473747	74869
chr10	97398878	97598878	harbor1	chr10	97474163	97474176	DNA/hAT-Charlie	973	+	6	97474169	75291
chr10	122063803	122263803	harbor1	chr10	122091188	122091427	DNA/hAT-Charlie	960	+	120	122091308	27505
chr10	122063803	122263803	harbor1	chr10	122095738	122095949	DNA/hAT-Charlie	865	+	106	122095844	32041
chr10	97398451	97598451	harbor1	chr10	97398688	97398991	DNA/hAT-Charlie	1081	+	152	97398840	389
chr10	97398451	97598451	harbor1	chr10	97399290	97399391	DNA/hAT-Charlie	1081	+	50	97399340	889
chr10	97398451	97598451	harbor1	chr10	97431290	97431442	DNA/hAT-Charlie	744	+	76	97431366	32915
chr10	97398451	97598451	harbor1	chr10	97439300	97439775	DNA/hAT-Charlie	3298	+	238	97439538	41087
chr10	97398451	97598451	harbor1	chr10	97442399	97442519	DNA/hAT-Charlie	649	+	60	97442459	44008
chr10	97398451	97598451	harbor1	chr10	97443125	97443170	DNA/hAT-Charlie	649	+	22	97443147	44696
chr10	97398451	97598451	harbor1	chr10	97473633	97473860	DNA/hAT-Charlie	973	+	114	97473747	75296
chr10	97398451	97598451	harbor1	chr10	97474163	97474176	DNA/hAT-Charlie	973	+	6	97474169	75718
chr10	23099346	23299346	harbor1	chr10	23111659	23111815	DNA/hAT-Charlie	699	+	78	23111737	12391
chr10	23099346	23299346	harbor1	chr10	23117311	23117557	DNA/hAT-Charlie	1404	+	123	23117434	18088
chr10	23099346	23299346	harbor1	chr10	23118054	23118226	DNA/hAT-Charlie	1404	+	86	23118140	18794
chr10	23099346	23299346	harbor1	chr10	23180378	23180549	DNA/hAT-Charlie	553	+	86	23180464	81118
chr10	7951418	8151418	harbor1	chr10	7979847	7980001	DNA/hAT-Charlie	642	+	77	7979924	28506
chr10	7951418	8151418	harbor1	chr10	8003411	8004040	DNA/hAT-Charlie	1997	+	314	8003725	52307
chr10	7951418	8151418	harbor1	chr10	8004348	8004460	DNA/hAT-Charlie	1997	+	56	8004404	52986
chr10	7951418	8151418	harbor1	chr10	8023070	8023226	DNA/hAT-Charlie	780	+	78	8023148	71730
chr10	7951418	8151418	harbor1	chr10	8023549	8023602	DNA/hAT-Charlie	780	+	26	8023575	72157
chr10	14778721	14978721	harbor1	chr10	14816401	14816522	DNA/hAT-Charlie	714	+	60	14816461	37740
chr10	14778721	14978721	harbor1	chr10	14873202	14873411	DNA/hAT-Charlie	1011	+	104	14873306	94585
chr10	4382921	4582921	harbor1	chr10	4410617	4410989	DNA/hAT-Charlie	1120	+	186	4410803	27882
chr10	97398476	97598476	harbor1	chr10	97398688	97398991	DNA/hAT-Charlie	1081	+	152	97398840	364
chr10	97398476	97598476	harbor1	chr10	97399290	97399391	DNA/hAT-Charlie	1081	+	50	97399340	864
chr10	97398476	97598476	harbor1	chr10	97431290	97431442	DNA/hAT-Charlie	744	+	76	97431366	32890
chr10	97398476	97598476	harbor1	chr10	97439300	97439775	DNA/hAT-Charlie	3298	+	238	97439538	41062
chr10	97398476	97598476	harbor1	chr10	97442399	97442519	DNA/hAT-Charlie	649	+	60	97442459	43983
chr10	97398476	97598476	harbor1	chr10	97443125	97443170	DNA/hAT-Charlie	649	+	22	97443147	44671
chr10	97398476	97598476	harbor1	chr10	97473633	97473860	DNA/hAT-Charlie	973	+	114	97473747	75271
chr10	97398476	97598476	harbor1	chr10	97474163	97474176	DNA/hAT-Charlie	973	+	6	97474169	75693
chr10	23339295	23539295	harbor1	chr10	23364854	23365003	DNA/hAT-Charlie	1782	+	74	23364928	25633
chr10	23339295	23539295	harbor1	chr10	23365312	23365542	DNA/hAT-Charlie	1782	+	115	23365427	26132
chr10	100906939	101106939	harbor1	chr10	100909224	100909436	DNA/hAT-Charlie	557	+	106	100909330	2391
chr10	14778699	14978699	harbor1	chr10	14816401	14816522	DNA/hAT-Charlie	714	+	60	14816461	37762
chr10	14778699	14978699	harbor1	chr10	14873202	14873411	DNA/hAT-Charlie	1011	+	104	14873306	94607
chr10	114073688	114273688	harbor1	chr10	114075240	114075453	DNA/hAT-Charlie	985	+	106	114075346	1658
chr10	114073688	114273688	harbor1	chr10	114158011	114158218	DNA/hAT-Charlie	1107	+	104	114158115	84427
chr10	101896567	102096567	harbor1	chr10	101908024	101908386	DNA/hAT-Charlie	2633	+	181	101908205	11638
chr10	101896567	102096567	harbor1	chr10	101908587	101908651	DNA/hAT-Charlie	2633	+	32	101908619	12052
chr10	101896567	102096567	harbor1	chr10	101908963	101909124	DNA/hAT-Charlie	2633	+	80	101909043	12476
chr10	101896567	102096567	harbor1	chr10	101909431	101909460	DNA/hAT-Charlie	2633	+	14	101909445	12878
chr10	101896567	102096567	harbor1	chr10	101982511	101983022	DNA/hAT-Charlie	3602	+	256	101982767	86200
chr10	73811076	74011076	harbor1	chr10	73850388	73850616	DNA/hAT-Charlie	1115	+	114	73850502	39426
chr10	73811076	74011076	harbor1	chr10	73857463	73857614	DNA/hAT-Charlie	690	+	76	73857539	46463
chr10	100614422	100814422	harbor1	chr10	100637160	100637246	DNA/hAT-Charlie	501	+	43	100637203	22781
chr10	100614422	100814422	harbor1	chr10	100676227	100676388	DNA/hAT-Charlie	1110	+	80	100676307	61885
chr10	100614422	100814422	harbor1	chr10	100676414	100676525	DNA/hAT-Charlie	1110	+	56	100676470	62048
chr10	97398967	97598967	harbor1	chr10	97398688	97398991	DNA/hAT-Charlie	1081	+	152	97398840	127
chr10	97398967	97598967	harbor1	chr10	97399290	97399391	DNA/hAT-Charlie	1081	+	50	97399340	373
chr10	97398967	97598967	harbor1	chr10	97431290	97431442	DNA/hAT-Charlie	744	+	76	97431366	32399
chr10	97398967	97598967	harbor1	chr10	97439300	97439775	DNA/hAT-Charlie	3298	+	238	97439538	40571
chr10	97398967	97598967	harbor1	chr10	97442399	97442519	DNA/hAT-Charlie	649	+	60	97442459	43492
chr10	97398967	97598967	harbor1	chr10	97443125	97443170	DNA/hAT-Charlie	649	+	22	97443147	44180
chr10	97398967	97598967	harbor1	chr10	97473633	97473860	DNA/hAT-Charlie	973	+	114	97473747	74780
chr10	97398967	97598967	harbor1	chr10	97474163	97474176	DNA/hAT-Charlie	973	+	6	97474169	75202
chr10	69458778	69658778	harbor1	chr10	69466396	69466671	DNA/hAT-Charlie	587	+	138	69466534	7756
chr10	69458778	69658778	harbor1	chr10	69471219	69471626	DNA/hAT-Charlie	1149	+	204	69471423	12645
chr10	69458778	69658778	harbor1	chr10	69471892	69472056	DNA/hAT-Charlie	1149	+	82	69471974	13196
chr10	69458778	69658778	harbor1	chr10	69501703	69502055	DNA/hAT-Charlie	2127	+	176	69501879	43101
chr10	69458778	69658778	harbor1	chr10	69522506	69522830	DNA/hAT-Charlie	2114	+	162	69522668	63890
chr10	69458778	69658778	harbor1	chr10	69551774	69552033	DNA/hAT-Charlie	608	+	130	69551904	93126
chr10	102140710	102340710	harbor1	chr10	102164055	102164247	DNA/hAT-Charlie	928	+	96	102164151	23441
chr10	7951505	8151505	harbor1	chr10	7979847	7980001	DNA/hAT-Charlie	642	+	77	7979924	28419
chr10	7951505	8151505	harbor1	chr10	8003411	8004040	DNA/hAT-Charlie	1997	+	314	8003725	52220
chr10	7951505	8151505	harbor1	chr10	8004348	8004460	DNA/hAT-Charlie	1997	+	56	8004404	52899
chr10	7951505	8151505	harbor1	chr10	8023070	8023226	DNA/hAT-Charlie	780	+	78	8023148	71643
chr10	7951505	8151505	harbor1	chr10	8023549	8023602	DNA/hAT-Charlie	780	+	26	8023575	72070
chr10	46006324	46206324	harbor1	chr10	46039454	46039599	DNA/hAT-Charlie	484	+	72	46039526	33202
chr10	46006324	46206324	harbor1	chr10	46045617	46045784	DNA/hAT-Charlie	597	+	84	46045701	39377
chr10	46006324	46206324	harbor1	chr10	46058027	46058103	DNA/hAT-Charlie	532	+	38	46058065	51741
chr10	46006324	46206324	harbor1	chr10	46058401	46058498	DNA/hAT-Charlie	532	+	48	46058449	52125
chr10	71360848	71560848	harbor1	chr10	71375254	71375469	DNA/hAT-Charlie	575	+	108	71375362	14514
chr10	71360848	71560848	harbor1	chr10	71378548	71378734	DNA/hAT-Charlie	852	+	93	71378641	17793
chr10	71360848	71560848	harbor1	chr10	71399197	71399353	DNA/hAT-Charlie	955	+	78	71399275	38427
chr10	71360848	71560848	harbor1	chr10	71437671	71437946	DNA/hAT-Charlie	897	+	138	71437809	76961
chr10	68160980	68360980	harbor1	chr10	68171382	68171555	DNA/hAT-Charlie	952	+	86	68171468	10488
chr10	68160980	68360980	harbor1	chr10	68186994	68187089	DNA/hAT-Charlie	611	+	48	68187042	26062
chr10	68160980	68360980	harbor1	chr10	68187322	68187494	DNA/hAT-Charlie	611	+	86	68187408	26428
chr10	68160980	68360980	harbor1	chr10	68195622	68195778	DNA/hAT-Charlie	872	+	78	68195700	34720
chr10	68160980	68360980	harbor1	chr10	68215079	68215251	DNA/hAT-Charlie	997	+	86	68215165	54185
chr10	100085650	100285650	harbor1	chr10	100178514	100178626	DNA/hAT-Charlie	805	+	56	100178570	92920
chr10	125096676	125296676	harbor1	chr10	125168700	125168996	DNA/hAT-Charlie	1077	+	148	125168848	72172
chr10	47239786	47439786	harbor1	chr10	47262735	47263057	DNA/hAT-Charlie	1407	+	161	47262896	23110
chr10	47239786	47439786	harbor1	chr10	47284540	47284690	DNA/hAT-Charlie	642	+	75	47284615	44829
chr10	47239786	47439786	harbor1	chr10	47284181	47284261	DNA/hAT-Charlie	642	+	40	47284221	44435
chr10	13709693	13909693	harbor1	chr10	13759935	13760270	DNA/hAT-Charlie	1553	+	168	13760103	50410
chr10	13709693	13909693	harbor1	chr10	13785121	13785360	DNA/hAT-Charlie	582	+	120	13785241	75548
chr10	13709693	13909693	harbor1	chr10	13806633	13806787	DNA/hAT-Charlie	660	+	77	13806710	97017
chr10	7113930	7313930	harbor1	chr10	7201198	7201377	DNA/hAT-Charlie	932	+	90	7201288	87358
chr10	97398862	97598862	harbor1	chr10	97398688	97398991	DNA/hAT-Charlie	1081	+	152	97398840	22
chr10	97398862	97598862	harbor1	chr10	97399290	97399391	DNA/hAT-Charlie	1081	+	50	97399340	478
chr10	97398862	97598862	harbor1	chr10	97431290	97431442	DNA/hAT-Charlie	744	+	76	97431366	32504
chr10	97398862	97598862	harbor1	chr10	97439300	97439775	DNA/hAT-Charlie	3298	+	238	97439538	40676
chr10	97398862	97598862	harbor1	chr10	97442399	97442519	DNA/hAT-Charlie	649	+	60	97442459	43597
chr10	97398862	97598862	harbor1	chr10	97443125	97443170	DNA/hAT-Charlie	649	+	22	97443147	44285
chr10	97398862	97598862	harbor1	chr10	97473633	97473860	DNA/hAT-Charlie	973	+	114	97473747	74885
chr10	97398862	97598862	harbor1	chr10	97474163	97474176	DNA/hAT-Charlie	973	+	6	97474169	75307
chr10	48299632	48499632	harbor1	chr10	48330329	48330534	DNA/hAT-Charlie	861	+	102	48330431	30799
chr10	34451528	34651528	harbor1	chr10	34509921	34510128	DNA/hAT-Charlie	715	+	104	34510025	58497
chr10	34451528	34651528	harbor1	chr10	34542306	34542513	DNA/hAT-Charlie	1003	+	104	34542410	90882
chr10	34451528	34651528	harbor1	chr10	34544537	34544665	DNA/hAT-Charlie	739	+	64	34544601	93073
chr10	78866368	79066368	harbor1	chr10	78895236	78895384	DNA/hAT-Charlie	672	+	74	78895310	28942
chr10	78866368	79066368	harbor1	chr10	78896551	78896708	DNA/hAT-Charlie	766	+	78	78896629	30261
chr10	78866368	79066368	harbor1	chr10	78915518	78915667	DNA/hAT-Charlie	475	+	74	78915592	49224
chr10	78866368	79066368	harbor1	chr10	78959160	78959298	DNA/hAT-Charlie	629	+	69	78959229	92861
chr10	48449569	48649569	harbor1	chr10	48462983	48463258	DNA/hAT-Charlie	840	+	138	48463121	13552
chr10	48449569	48649569	harbor1	chr10	48544472	48544589	DNA/hAT-Charlie	482	+	58	48544530	94961
chr10	48449569	48649569	harbor1	chr10	48544593	48544698	DNA/hAT-Charlie	1052	+	52	48544645	95076
chr10	48449569	48649569	harbor1	chr10	48544896	48545149	DNA/hAT-Charlie	1052	+	126	48545022	95453
chr10	102141217	102341217	harbor1	chr10	102164055	102164247	DNA/hAT-Charlie	928	+	96	102164151	22934
chr10	14778012	14978012	harbor1	chr10	14816401	14816522	DNA/hAT-Charlie	714	+	60	14816461	38449
chr10	14778012	14978012	harbor1	chr10	14873202	14873411	DNA/hAT-Charlie	1011	+	104	14873306	95294
chr10	4452758	4652758	harbor1	chr10	4507487	4507704	DNA/hAT-Charlie	1038	+	108	4507595	54837
chr10	4452758	4652758	harbor1	chr10	4550717	4550866	DNA/hAT-Charlie	819	+	74	4550791	98033
chr10	4452758	4652758	harbor1	chr10	4551302	4551464	DNA/hAT-Charlie	497	+	81	4551383	98625
chr10	47239777	47439777	harbor1	chr10	47262735	47263057	DNA/hAT-Charlie	1407	+	161	47262896	23119
chr10	47239777	47439777	harbor1	chr10	47284540	47284690	DNA/hAT-Charlie	642	+	75	47284615	44838
chr10	47239777	47439777	harbor1	chr10	47284181	47284261	DNA/hAT-Charlie	642	+	40	47284221	44444
chr10	89132447	89332447	harbor1	chr10	89143157	89143293	DNA/hAT-Charlie	878	+	68	89143225	10778
chr10	89132447	89332447	harbor1	chr10	89150409	89150739	DNA/hAT-Charlie	474	+	165	89150574	18127
chr10	89132447	89332447	harbor1	chr10	89154736	89154959	DNA/hAT-Charlie	717	+	112	89154848	22401
chr10	47239796	47439796	harbor1	chr10	47262735	47263057	DNA/hAT-Charlie	1407	+	161	47262896	23100
chr10	47239796	47439796	harbor1	chr10	47284540	47284690	DNA/hAT-Charlie	642	+	75	47284615	44819
chr10	47239796	47439796	harbor1	chr10	47284181	47284261	DNA/hAT-Charlie	642	+	40	47284221	44425
chr10	22289372	22489372	harbor1	chr10	22375988	22376105	DNA/hAT-Charlie	478	+	58	22376046	86674
chr10	22289372	22489372	harbor1	chr10	22376102	22376472	DNA/hAT-Charlie	1545	+	185	22376287	86915
chr10	22289372	22489372	harbor1	chr10	22381242	22381599	DNA/hAT-Charlie	626	+	178	22381420	92048
chr10	102140729	102340729	harbor1	chr10	102164055	102164247	DNA/hAT-Charlie	928	+	96	102164151	23422
chr10	131310814	131510814	harbor1	chr10	131389324	131389673	DNA/hAT-Charlie	938	+	174	131389498	78684
chr10	68462143	68662143	harbor1	chr10	68462371	68462548	DNA/hAT-Charlie	692	+	88	68462459	316
chr10	68462143	68662143	harbor1	chr10	68484877	68485075	DNA/hAT-Charlie	798	+	99	68484976	22833
chr10	14752857	14952857	harbor1	chr10	14816401	14816522	DNA/hAT-Charlie	714	+	60	14816461	63604
chr10	133137750	133337750	harbor1	chr10	133157282	133157706	DNA/hAT-Charlie	984	+	212	133157494	19744
chr10	133137750	133337750	harbor1	chr10	133204233	133204370	DNA/hAT-Charlie	494	+	68	133204301	66551
chr10	131310770	131510770	harbor1	chr10	131389324	131389673	DNA/hAT-Charlie	938	+	174	131389498	78728
chr10	7948849	8148849	harbor1	chr10	7979847	7980001	DNA/hAT-Charlie	642	+	77	7979924	31075
chr10	7948849	8148849	harbor1	chr10	8003411	8004040	DNA/hAT-Charlie	1997	+	314	8003725	54876
chr10	7948849	8148849	harbor1	chr10	8004348	8004460	DNA/hAT-Charlie	1997	+	56	8004404	55555
chr10	7948849	8148849	harbor1	chr10	8023070	8023226	DNA/hAT-Charlie	780	+	78	8023148	74299
chr10	7948849	8148849	harbor1	chr10	8023549	8023602	DNA/hAT-Charlie	780	+	26	8023575	74726
chr10	31828950	32028950	harbor1	chr10	31829495	31830267	DNA/hAT-Charlie	2798	+	386	31829881	931
chr10	31828950	32028950	harbor1	chr10	31878607	31878826	DNA/hAT-Charlie	1080	+	110	31878717	49767
chr10	31828950	32028950	harbor1	chr10	31925769	31926053	DNA/hAT-Charlie	743	+	142	31925911	96961
chr10	131310777	131510777	harbor1	chr10	131389324	131389673	DNA/hAT-Charlie	938	+	174	131389498	78721
chr10	14778778	14978778	harbor1	chr10	14816401	14816522	DNA/hAT-Charlie	714	+	60	14816461	37683
chr10	14778778	14978778	harbor1	chr10	14873202	14873411	DNA/hAT-Charlie	1011	+	104	14873306	94528
chr10	7149143	7349143	harbor1	chr10	7201198	7201377	DNA/hAT-Charlie	932	+	90	7201288	52145
chr10	46005969	46205969	harbor1	chr10	46039454	46039599	DNA/hAT-Charlie	484	+	72	46039526	33557
chr10	46005969	46205969	harbor1	chr10	46045617	46045784	DNA/hAT-Charlie	597	+	84	46045701	39732
chr10	46005969	46205969	harbor1	chr10	46058027	46058103	DNA/hAT-Charlie	532	+	38	46058065	52096
chr10	46005969	46205969	harbor1	chr10	46058401	46058498	DNA/hAT-Charlie	532	+	48	46058449	52480
chr10	122063779	122263779	harbor1	chr10	122091188	122091427	DNA/hAT-Charlie	960	+	120	122091308	27529
chr10	122063779	122263779	harbor1	chr10	122095738	122095949	DNA/hAT-Charlie	865	+	106	122095844	32065
chr10	131310769	131510769	harbor1	chr10	131389324	131389673	DNA/hAT-Charlie	938	+	174	131389498	78729
chr10	100906982	101106982	harbor1	chr10	100909224	100909436	DNA/hAT-Charlie	557	+	106	100909330	2348
chr10	102134155	102334155	harbor1	chr10	102164055	102164247	DNA/hAT-Charlie	928	+	96	102164151	29996
chr10	129211551	129411551	harbor1	chr10	129238487	129238919	DNA/hAT-Charlie	977	+	216	129238703	27152
chr10	129211551	129411551	harbor1	chr10	129239210	129239433	DNA/hAT-Charlie	977	+	112	129239322	27771
chr10	129211551	129411551	harbor1	chr10	129239438	129240213	DNA/hAT-Charlie	1489	+	388	129239826	28275
chr10	129211551	129411551	harbor1	chr10	129240500	129240858	DNA/hAT-Charlie	1489	+	179	129240679	29128
chr10	129211551	129411551	harbor1	chr10	129269306	129269475	DNA/hAT-Charlie	498	+	84	129269390	57839
chr10	131310837	131510837	harbor1	chr10	131389324	131389673	DNA/hAT-Charlie	938	+	174	131389498	78661
chr10	97398963	97598963	harbor1	chr10	97398688	97398991	DNA/hAT-Charlie	1081	+	152	97398840	123
chr10	97398963	97598963	harbor1	chr10	97399290	97399391	DNA/hAT-Charlie	1081	+	50	97399340	377
chr10	97398963	97598963	harbor1	chr10	97431290	97431442	DNA/hAT-Charlie	744	+	76	97431366	32403
chr10	97398963	97598963	harbor1	chr10	97439300	97439775	DNA/hAT-Charlie	3298	+	238	97439538	40575
chr10	97398963	97598963	harbor1	chr10	97442399	97442519	DNA/hAT-Charlie	649	+	60	97442459	43496
chr10	97398963	97598963	harbor1	chr10	97443125	97443170	DNA/hAT-Charlie	649	+	22	97443147	44184
chr10	97398963	97598963	harbor1	chr10	97473633	97473860	DNA/hAT-Charlie	973	+	114	97473747	74784
chr10	97398963	97598963	harbor1	chr10	97474163	97474176	DNA/hAT-Charlie	973	+	6	97474169	75206
chr10	14763732	14963732	harbor1	chr10	14816401	14816522	DNA/hAT-Charlie	714	+	60	14816461	52729
chr10	102141356	102341356	harbor1	chr10	102164055	102164247	DNA/hAT-Charlie	928	+	96	102164151	22795
chr10	30655861	30855861	harbor1	chr10	30690243	30690292	DNA/hAT-Charlie	826	+	24	30690267	34406
chr10	30655861	30855861	harbor1	chr10	30690606	30690789	DNA/hAT-Charlie	826	+	92	30690698	34837
chr10	14778075	14978075	harbor1	chr10	14816401	14816522	DNA/hAT-Charlie	714	+	60	14816461	38386
chr10	14778075	14978075	harbor1	chr10	14873202	14873411	DNA/hAT-Charlie	1011	+	104	14873306	95231
chr10	102140075	102340075	harbor1	chr10	102164055	102164247	DNA/hAT-Charlie	928	+	96	102164151	24076
chr10	14778068	14978068	harbor1	chr10	14816401	14816522	DNA/hAT-Charlie	714	+	60	14816461	38393
chr10	14778068	14978068	harbor1	chr10	14873202	14873411	DNA/hAT-Charlie	1011	+	104	14873306	95238
chr11	3928050	4128050	harbor1	chr11	3959720	3960952	DNA/hAT-Charlie	5691	+	616	3960336	32286
chr11	3928050	4128050	harbor1	chr11	3965089	3965304	DNA/hAT-Charlie	1232	+	108	3965197	37147
chr11	3928050	4128050	harbor1	chr11	3989605	3989859	DNA/hAT-Charlie	1375	+	127	3989732	61682
chr11	5127208	5327208	harbor1	chr11	5149375	5149727	DNA/hAT-Charlie	1066	+	176	5149551	22343
chr11	5127208	5327208	harbor1	chr11	5188523	5188721	DNA/hAT-Charlie	1127	+	99	5188622	61414
chr11	5127208	5327208	harbor1	chr11	5196202	5196479	DNA/hAT-Charlie	1500	+	138	5196340	69132
chr11	5126782	5326782	harbor1	chr11	5149375	5149727	DNA/hAT-Charlie	1066	+	176	5149551	22769
chr11	5126782	5326782	harbor1	chr11	5188523	5188721	DNA/hAT-Charlie	1127	+	99	5188622	61840
chr11	5126782	5326782	harbor1	chr11	5196202	5196479	DNA/hAT-Charlie	1500	+	138	5196340	69558
chr11	5125332	5325332	harbor1	chr11	5149375	5149727	DNA/hAT-Charlie	1066	+	176	5149551	24219
chr11	5125332	5325332	harbor1	chr11	5188523	5188721	DNA/hAT-Charlie	1127	+	99	5188622	63290
chr11	5125332	5325332	harbor1	chr11	5196202	5196479	DNA/hAT-Charlie	1500	+	138	5196340	71008
chr11	5127125	5327125	harbor1	chr11	5149375	5149727	DNA/hAT-Charlie	1066	+	176	5149551	22426
chr11	5127125	5327125	harbor1	chr11	5188523	5188721	DNA/hAT-Charlie	1127	+	99	5188622	61497
chr11	5127125	5327125	harbor1	chr11	5196202	5196479	DNA/hAT-Charlie	1500	+	138	5196340	69215
chr11	5126747	5326747	harbor1	chr11	5149375	5149727	DNA/hAT-Charlie	1066	+	176	5149551	22804
chr11	5126747	5326747	harbor1	chr11	5188523	5188721	DNA/hAT-Charlie	1127	+	99	5188622	61875
chr11	5126747	5326747	harbor1	chr11	5196202	5196479	DNA/hAT-Charlie	1500	+	138	5196340	69593
chr11	76580979	76780979	harbor1	chr11	76595957	76596041	DNA/hAT-Charlie	495	+	42	76595999	15020
chr11	76580979	76780979	harbor1	chr11	76598717	76599027	DNA/hAT-Charlie	1368	+	155	76598872	17893
chr11	76580979	76780979	harbor1	chr11	76607306	76607536	DNA/hAT-Charlie	452	+	115	76607421	26442
chr11	76580979	76780979	harbor1	chr11	76612271	76612410	DNA/hAT-Charlie	472	+	70	76612341	31362
chr11	76580979	76780979	harbor1	chr11	76612460	76612643	DNA/hAT-Charlie	986	+	92	76612552	31573
chr11	76580979	76780979	harbor1	chr11	76612669	76612700	DNA/hAT-Charlie	986	+	16	76612685	31706
chr11	76580979	76780979	harbor1	chr11	76612988	76613265	DNA/hAT-Charlie	986	+	138	76613126	32147
chr11	76580979	76780979	harbor1	chr11	76613362	76613889	DNA/hAT-Charlie	986	+	264	76613626	32647
chr11	76580979	76780979	harbor1	chr11	76649274	76649745	DNA/hAT-Charlie	1913	+	236	76649510	68531
chr11	5126823	5326823	harbor1	chr11	5149375	5149727	DNA/hAT-Charlie	1066	+	176	5149551	22728
chr11	5126823	5326823	harbor1	chr11	5188523	5188721	DNA/hAT-Charlie	1127	+	99	5188622	61799
chr11	5126823	5326823	harbor1	chr11	5196202	5196479	DNA/hAT-Charlie	1500	+	138	5196340	69517
chr11	123412399	123612399	harbor1	chr11	123465290	123465471	DNA/hAT-Charlie	547	+	90	123465380	52981
chr11	123412399	123612399	harbor1	chr11	123470868	123471039	DNA/hAT-Charlie	884	+	86	123470954	58555
chr11	5134555	5334555	harbor1	chr11	5149375	5149727	DNA/hAT-Charlie	1066	+	176	5149551	14996
chr11	5134555	5334555	harbor1	chr11	5188523	5188721	DNA/hAT-Charlie	1127	+	99	5188622	54067
chr11	5134555	5334555	harbor1	chr11	5196202	5196479	DNA/hAT-Charlie	1500	+	138	5196340	61785
chr11	5126774	5326774	harbor1	chr11	5149375	5149727	DNA/hAT-Charlie	1066	+	176	5149551	22777
chr11	5126774	5326774	harbor1	chr11	5188523	5188721	DNA/hAT-Charlie	1127	+	99	5188622	61848
chr11	5126774	5326774	harbor1	chr11	5196202	5196479	DNA/hAT-Charlie	1500	+	138	5196340	69566
chr11	5127340	5327340	harbor1	chr11	5149375	5149727	DNA/hAT-Charlie	1066	+	176	5149551	22211
chr11	5127340	5327340	harbor1	chr11	5188523	5188721	DNA/hAT-Charlie	1127	+	99	5188622	61282
chr11	5127340	5327340	harbor1	chr11	5196202	5196479	DNA/hAT-Charlie	1500	+	138	5196340	69000
chr11	63803267	64003267	harbor1	chr11	63851982	63853117	DNA/hAT-Charlie	10090	+	568	63852550	49283
chr11	63803267	64003267	harbor1	chr11	63853408	63853859	DNA/hAT-Charlie	10090	+	226	63853634	50367
chr11	63803267	64003267	harbor1	chr11	63854173	63854186	DNA/hAT-Charlie	10090	+	6	63854179	50912
chr11	63803267	64003267	harbor1	chr11	63854517	63854552	DNA/hAT-Charlie	10090	+	18	63854535	51268
chr11	63803267	64003267	harbor1	chr11	63854832	63855236	DNA/hAT-Charlie	10090	+	202	63855034	51767
chr11	63803267	64003267	harbor1	chr11	63855543	63856061	DNA/hAT-Charlie	10090	+	259	63855802	52535
chr11	63803267	64003267	harbor1	chr11	63857550	63857785	DNA/hAT-Charlie	788	+	118	63857668	54401
chr11	73038077	73238077	harbor1	chr11	73050906	73050991	DNA/hAT-Charlie	521	+	42	73050948	12871
chr11	73038077	73238077	harbor1	chr11	73051340	73051618	DNA/hAT-Charlie	860	+	139	73051479	13402
chr11	73038077	73238077	harbor1	chr11	73051615	73051868	DNA/hAT-Charlie	7566	+	126	73051741	13664
chr11	73038077	73238077	harbor1	chr11	73051928	73052844	DNA/hAT-Charlie	7566	+	458	73052386	14309
chr11	73038077	73238077	harbor1	chr11	73053146	73054035	DNA/hAT-Charlie	7566	+	444	73053590	15513
chr11	73038077	73238077	harbor1	chr11	73054046	73054251	DNA/hAT-Charlie	1038	+	102	73054148	16071
chr11	73038077	73238077	harbor1	chr11	73129276	73129808	DNA/hAT-Charlie	3723	+	266	73129542	91465
chr11	5124751	5324751	harbor1	chr11	5149375	5149727	DNA/hAT-Charlie	1066	+	176	5149551	24800
chr11	5124751	5324751	harbor1	chr11	5188523	5188721	DNA/hAT-Charlie	1127	+	99	5188622	63871
chr11	5124751	5324751	harbor1	chr11	5196202	5196479	DNA/hAT-Charlie	1500	+	138	5196340	71589
chr11	5134559	5334559	harbor1	chr11	5149375	5149727	DNA/hAT-Charlie	1066	+	176	5149551	14992
chr11	5134559	5334559	harbor1	chr11	5188523	5188721	DNA/hAT-Charlie	1127	+	99	5188622	54063
chr11	5134559	5334559	harbor1	chr11	5196202	5196479	DNA/hAT-Charlie	1500	+	138	5196340	61781
chr11	5134573	5334573	harbor1	chr11	5149375	5149727	DNA/hAT-Charlie	1066	+	176	5149551	14978
chr11	5134573	5334573	harbor1	chr11	5188523	5188721	DNA/hAT-Charlie	1127	+	99	5188622	54049
chr11	5134573	5334573	harbor1	chr11	5196202	5196479	DNA/hAT-Charlie	1500	+	138	5196340	61767
chr11	5127129	5327129	harbor1	chr11	5149375	5149727	DNA/hAT-Charlie	1066	+	176	5149551	22422
chr11	5127129	5327129	harbor1	chr11	5188523	5188721	DNA/hAT-Charlie	1127	+	99	5188622	61493
chr11	5127129	5327129	harbor1	chr11	5196202	5196479	DNA/hAT-Charlie	1500	+	138	5196340	69211
chr11	5127170	5327170	harbor1	chr11	5149375	5149727	DNA/hAT-Charlie	1066	+	176	5149551	22381
chr11	5127170	5327170	harbor1	chr11	5188523	5188721	DNA/hAT-Charlie	1127	+	99	5188622	61452
chr11	5127170	5327170	harbor1	chr11	5196202	5196479	DNA/hAT-Charlie	1500	+	138	5196340	69170
chr11	57399820	57599820	harbor1	chr11	57416766	57416918	DNA/hAT-Charlie	485	+	76	57416842	17022
chr11	57399820	57599820	harbor1	chr11	57451266	57451480	DNA/hAT-Charlie	427	+	107	57451373	51553
chr11	57399820	57599820	harbor1	chr11	57466768	57466972	DNA/hAT-Charlie	1175	+	102	57466870	67050
chr11	57399820	57599820	harbor1	chr11	57475791	57475961	DNA/hAT-Charlie	403	+	85	57475876	76056
chr11	57399820	57599820	harbor1	chr11	57489561	57489744	DNA/hAT-Charlie	401	+	92	57489653	89833
chr11	5127181	5327181	harbor1	chr11	5149375	5149727	DNA/hAT-Charlie	1066	+	176	5149551	22370
chr11	5127181	5327181	harbor1	chr11	5188523	5188721	DNA/hAT-Charlie	1127	+	99	5188622	61441
chr11	5127181	5327181	harbor1	chr11	5196202	5196479	DNA/hAT-Charlie	1500	+	138	5196340	69159
chr11	5107730	5307730	harbor1	chr11	5149375	5149727	DNA/hAT-Charlie	1066	+	176	5149551	41821
chr11	5107730	5307730	harbor1	chr11	5188523	5188721	DNA/hAT-Charlie	1127	+	99	5188622	80892
chr11	5107730	5307730	harbor1	chr11	5196202	5196479	DNA/hAT-Charlie	1500	+	138	5196340	88610
chr11	5127269	5327269	harbor1	chr11	5149375	5149727	DNA/hAT-Charlie	1066	+	176	5149551	22282
chr11	5127269	5327269	harbor1	chr11	5188523	5188721	DNA/hAT-Charlie	1127	+	99	5188622	61353
chr11	5127269	5327269	harbor1	chr11	5196202	5196479	DNA/hAT-Charlie	1500	+	138	5196340	69071
chr11	76329060	76529060	harbor1	chr11	76415982	76416054	DNA/hAT-Charlie	473	+	36	76416018	86958
chr11	108021573	108221573	harbor1	chr11	108083882	108084100	DNA/hAT-Charlie	1511	+	109	108083991	62418
chr11	108021573	108221573	harbor1	chr11	108086558	108086851	DNA/hAT-Charlie	839	+	146	108086704	65131
chr11	108021573	108221573	harbor1	chr11	108087018	108087503	DNA/hAT-Charlie	868	+	242	108087260	65687
chr11	108021573	108221573	harbor1	chr11	108111192	108111368	DNA/hAT-Charlie	791	+	88	108111280	89707
chr11	5132965	5332965	harbor1	chr11	5149375	5149727	DNA/hAT-Charlie	1066	+	176	5149551	16586
chr11	5132965	5332965	harbor1	chr11	5188523	5188721	DNA/hAT-Charlie	1127	+	99	5188622	55657
chr11	5132965	5332965	harbor1	chr11	5196202	5196479	DNA/hAT-Charlie	1500	+	138	5196340	63375
chr11	5127263	5327263	harbor1	chr11	5149375	5149727	DNA/hAT-Charlie	1066	+	176	5149551	22288
chr11	5127263	5327263	harbor1	chr11	5188523	5188721	DNA/hAT-Charlie	1127	+	99	5188622	61359
chr11	5127263	5327263	harbor1	chr11	5196202	5196479	DNA/hAT-Charlie	1500	+	138	5196340	69077
chr11	5129592	5329592	harbor1	chr11	5149375	5149727	DNA/hAT-Charlie	1066	+	176	5149551	19959
chr11	5129592	5329592	harbor1	chr11	5188523	5188721	DNA/hAT-Charlie	1127	+	99	5188622	59030
chr11	5129592	5329592	harbor1	chr11	5196202	5196479	DNA/hAT-Charlie	1500	+	138	5196340	66748
chr11	5124885	5324885	harbor1	chr11	5149375	5149727	DNA/hAT-Charlie	1066	+	176	5149551	24666
chr11	5124885	5324885	harbor1	chr11	5188523	5188721	DNA/hAT-Charlie	1127	+	99	5188622	63737
chr11	5124885	5324885	harbor1	chr11	5196202	5196479	DNA/hAT-Charlie	1500	+	138	5196340	71455
chr11	5127172	5327172	harbor1	chr11	5149375	5149727	DNA/hAT-Charlie	1066	+	176	5149551	22379
chr11	5127172	5327172	harbor1	chr11	5188523	5188721	DNA/hAT-Charlie	1127	+	99	5188622	61450
chr11	5127172	5327172	harbor1	chr11	5196202	5196479	DNA/hAT-Charlie	1500	+	138	5196340	69168
chr11	5127366	5327366	harbor1	chr11	5149375	5149727	DNA/hAT-Charlie	1066	+	176	5149551	22185
chr11	5127366	5327366	harbor1	chr11	5188523	5188721	DNA/hAT-Charlie	1127	+	99	5188622	61256
chr11	5127366	5327366	harbor1	chr11	5196202	5196479	DNA/hAT-Charlie	1500	+	138	5196340	68974
chr11	108021539	108221539	harbor1	chr11	108083882	108084100	DNA/hAT-Charlie	1511	+	109	108083991	62452
chr11	108021539	108221539	harbor1	chr11	108086558	108086851	DNA/hAT-Charlie	839	+	146	108086704	65165
chr11	108021539	108221539	harbor1	chr11	108087018	108087503	DNA/hAT-Charlie	868	+	242	108087260	65721
chr11	108021539	108221539	harbor1	chr11	108111192	108111368	DNA/hAT-Charlie	791	+	88	108111280	89741
chr11	5127203	5327203	harbor1	chr11	5149375	5149727	DNA/hAT-Charlie	1066	+	176	5149551	22348
chr11	5127203	5327203	harbor1	chr11	5188523	5188721	DNA/hAT-Charlie	1127	+	99	5188622	61419
chr11	5127203	5327203	harbor1	chr11	5196202	5196479	DNA/hAT-Charlie	1500	+	138	5196340	69137
chr11	5127266	5327266	harbor1	chr11	5149375	5149727	DNA/hAT-Charlie	1066	+	176	5149551	22285
chr11	5127266	5327266	harbor1	chr11	5188523	5188721	DNA/hAT-Charlie	1127	+	99	5188622	61356
chr11	5127266	5327266	harbor1	chr11	5196202	5196479	DNA/hAT-Charlie	1500	+	138	5196340	69074
chr11	5127192	5327192	harbor1	chr11	5149375	5149727	DNA/hAT-Charlie	1066	+	176	5149551	22359
chr11	5127192	5327192	harbor1	chr11	5188523	5188721	DNA/hAT-Charlie	1127	+	99	5188622	61430
chr11	5127192	5327192	harbor1	chr11	5196202	5196479	DNA/hAT-Charlie	1500	+	138	5196340	69148
chr11	5127243	5327243	harbor1	chr11	5149375	5149727	DNA/hAT-Charlie	1066	+	176	5149551	22308
chr11	5127243	5327243	harbor1	chr11	5188523	5188721	DNA/hAT-Charlie	1127	+	99	5188622	61379
chr11	5127243	5327243	harbor1	chr11	5196202	5196479	DNA/hAT-Charlie	1500	+	138	5196340	69097
chr11	5127199	5327199	harbor1	chr11	5149375	5149727	DNA/hAT-Charlie	1066	+	176	5149551	22352
chr11	5127199	5327199	harbor1	chr11	5188523	5188721	DNA/hAT-Charlie	1127	+	99	5188622	61423
chr11	5127199	5327199	harbor1	chr11	5196202	5196479	DNA/hAT-Charlie	1500	+	138	5196340	69141
chr11	5125100	5325100	harbor1	chr11	5149375	5149727	DNA/hAT-Charlie	1066	+	176	5149551	24451
chr11	5125100	5325100	harbor1	chr11	5188523	5188721	DNA/hAT-Charlie	1127	+	99	5188622	63522
chr11	5125100	5325100	harbor1	chr11	5196202	5196479	DNA/hAT-Charlie	1500	+	138	5196340	71240
chr11	1661043	1861043	harbor1	chr11	1711392	1711559	DNA/hAT-Charlie	733	+	84	1711476	50433
chr11	1461906	1661906	harbor1	chr11	1530092	1530355	DNA/hAT-Charlie	516	+	132	1530224	68318
chr11	1461906	1661906	harbor1	chr11	1530650	1530694	DNA/hAT-Charlie	516	+	22	1530672	68766
chr11	5134601	5334601	harbor1	chr11	5149375	5149727	DNA/hAT-Charlie	1066	+	176	5149551	14950
chr11	5134601	5334601	harbor1	chr11	5188523	5188721	DNA/hAT-Charlie	1127	+	99	5188622	54021
chr11	5134601	5334601	harbor1	chr11	5196202	5196479	DNA/hAT-Charlie	1500	+	138	5196340	61739
chr11	5127217	5327217	harbor1	chr11	5149375	5149727	DNA/hAT-Charlie	1066	+	176	5149551	22334
chr11	5127217	5327217	harbor1	chr11	5188523	5188721	DNA/hAT-Charlie	1127	+	99	5188622	61405
chr11	5127217	5327217	harbor1	chr11	5196202	5196479	DNA/hAT-Charlie	1500	+	138	5196340	69123
chr11	5127264	5327264	harbor1	chr11	5149375	5149727	DNA/hAT-Charlie	1066	+	176	5149551	22287
chr11	5127264	5327264	harbor1	chr11	5188523	5188721	DNA/hAT-Charlie	1127	+	99	5188622	61358
chr11	5127264	5327264	harbor1	chr11	5196202	5196479	DNA/hAT-Charlie	1500	+	138	5196340	69076
chr11	2054524	2254524	harbor1	chr11	2088508	2088645	DNA/hAT-Charlie	498	+	68	2088576	34052
chr11	5125708	5325708	harbor1	chr11	5149375	5149727	DNA/hAT-Charlie	1066	+	176	5149551	23843
chr11	5125708	5325708	harbor1	chr11	5188523	5188721	DNA/hAT-Charlie	1127	+	99	5188622	62914
chr11	5125708	5325708	harbor1	chr11	5196202	5196479	DNA/hAT-Charlie	1500	+	138	5196340	70632
chr11	5127143	5327143	harbor1	chr11	5149375	5149727	DNA/hAT-Charlie	1066	+	176	5149551	22408
chr11	5127143	5327143	harbor1	chr11	5188523	5188721	DNA/hAT-Charlie	1127	+	99	5188622	61479
chr11	5127143	5327143	harbor1	chr11	5196202	5196479	DNA/hAT-Charlie	1500	+	138	5196340	69197
chr11	5115306	5315306	harbor1	chr11	5149375	5149727	DNA/hAT-Charlie	1066	+	176	5149551	34245
chr11	5115306	5315306	harbor1	chr11	5188523	5188721	DNA/hAT-Charlie	1127	+	99	5188622	73316
chr11	5115306	5315306	harbor1	chr11	5196202	5196479	DNA/hAT-Charlie	1500	+	138	5196340	81034
chr11	76580390	76780390	harbor1	chr11	76595957	76596041	DNA/hAT-Charlie	495	+	42	76595999	15609
chr11	76580390	76780390	harbor1	chr11	76598717	76599027	DNA/hAT-Charlie	1368	+	155	76598872	18482
chr11	76580390	76780390	harbor1	chr11	76607306	76607536	DNA/hAT-Charlie	452	+	115	76607421	27031
chr11	76580390	76780390	harbor1	chr11	76612271	76612410	DNA/hAT-Charlie	472	+	70	76612341	31951
chr11	76580390	76780390	harbor1	chr11	76612460	76612643	DNA/hAT-Charlie	986	+	92	76612552	32162
chr11	76580390	76780390	harbor1	chr11	76612669	76612700	DNA/hAT-Charlie	986	+	16	76612685	32295
chr11	76580390	76780390	harbor1	chr11	76612988	76613265	DNA/hAT-Charlie	986	+	138	76613126	32736
chr11	76580390	76780390	harbor1	chr11	76613362	76613889	DNA/hAT-Charlie	986	+	264	76613626	33236
chr11	76580390	76780390	harbor1	chr11	76649274	76649745	DNA/hAT-Charlie	1913	+	236	76649510	69120
chr11	5127184	5327184	harbor1	chr11	5149375	5149727	DNA/hAT-Charlie	1066	+	176	5149551	22367
chr11	5127184	5327184	harbor1	chr11	5188523	5188721	DNA/hAT-Charlie	1127	+	99	5188622	61438
chr11	5127184	5327184	harbor1	chr11	5196202	5196479	DNA/hAT-Charlie	1500	+	138	5196340	69156
chr11	5124787	5324787	harbor1	chr11	5149375	5149727	DNA/hAT-Charlie	1066	+	176	5149551	24764
chr11	5124787	5324787	harbor1	chr11	5188523	5188721	DNA/hAT-Charlie	1127	+	99	5188622	63835
chr11	5124787	5324787	harbor1	chr11	5196202	5196479	DNA/hAT-Charlie	1500	+	138	5196340	71553
chr11	5127327	5327327	harbor1	chr11	5149375	5149727	DNA/hAT-Charlie	1066	+	176	5149551	22224
chr11	5127327	5327327	harbor1	chr11	5188523	5188721	DNA/hAT-Charlie	1127	+	99	5188622	61295
chr11	5127327	5327327	harbor1	chr11	5196202	5196479	DNA/hAT-Charlie	1500	+	138	5196340	69013
chr11	76580446	76780446	harbor1	chr11	76595957	76596041	DNA/hAT-Charlie	495	+	42	76595999	15553
chr11	76580446	76780446	harbor1	chr11	76598717	76599027	DNA/hAT-Charlie	1368	+	155	76598872	18426
chr11	76580446	76780446	harbor1	chr11	76607306	76607536	DNA/hAT-Charlie	452	+	115	76607421	26975
chr11	76580446	76780446	harbor1	chr11	76612271	76612410	DNA/hAT-Charlie	472	+	70	76612341	31895
chr11	76580446	76780446	harbor1	chr11	76612460	76612643	DNA/hAT-Charlie	986	+	92	76612552	32106
chr11	76580446	76780446	harbor1	chr11	76612669	76612700	DNA/hAT-Charlie	986	+	16	76612685	32239
chr11	76580446	76780446	harbor1	chr11	76612988	76613265	DNA/hAT-Charlie	986	+	138	76613126	32680
chr11	76580446	76780446	harbor1	chr11	76613362	76613889	DNA/hAT-Charlie	986	+	264	76613626	33180
chr11	76580446	76780446	harbor1	chr11	76649274	76649745	DNA/hAT-Charlie	1913	+	236	76649510	69064
chr11	27274218	27474218	harbor1	chr11	27281641	27281819	DNA/hAT-Charlie	571	+	89	27281730	7512
chr11	27274218	27474218	harbor1	chr11	27293897	27294067	DNA/hAT-Charlie	567	+	85	27293982	19764
chr11	27274218	27474218	harbor1	chr11	27342557	27342770	DNA/hAT-Charlie	935	+	106	27342663	68445
chr11	19768628	19968628	harbor1	chr11	19853399	19853620	DNA/hAT-Charlie	1344	+	110	19853509	84881
chr11	19768628	19968628	harbor1	chr11	19854481	19854650	DNA/hAT-Charlie	756	+	84	19854565	85937
chr11	5134586	5334586	harbor1	chr11	5149375	5149727	DNA/hAT-Charlie	1066	+	176	5149551	14965
chr11	5134586	5334586	harbor1	chr11	5188523	5188721	DNA/hAT-Charlie	1127	+	99	5188622	54036
chr11	5134586	5334586	harbor1	chr11	5196202	5196479	DNA/hAT-Charlie	1500	+	138	5196340	61754
chr11	126556684	126756684	harbor1	chr11	126614426	126614607	DNA/hAT-Charlie	582	+	90	126614516	57832
chr11	5127250	5327250	harbor1	chr11	5149375	5149727	DNA/hAT-Charlie	1066	+	176	5149551	22301
chr11	5127250	5327250	harbor1	chr11	5188523	5188721	DNA/hAT-Charlie	1127	+	99	5188622	61372
chr11	5127250	5327250	harbor1	chr11	5196202	5196479	DNA/hAT-Charlie	1500	+	138	5196340	69090
chr11	5134209	5334209	harbor1	chr11	5149375	5149727	DNA/hAT-Charlie	1066	+	176	5149551	15342
chr11	5134209	5334209	harbor1	chr11	5188523	5188721	DNA/hAT-Charlie	1127	+	99	5188622	54413
chr11	5134209	5334209	harbor1	chr11	5196202	5196479	DNA/hAT-Charlie	1500	+	138	5196340	62131
chr11	5134629	5334629	harbor1	chr11	5149375	5149727	DNA/hAT-Charlie	1066	+	176	5149551	14922
chr11	5134629	5334629	harbor1	chr11	5188523	5188721	DNA/hAT-Charlie	1127	+	99	5188622	53993
chr11	5134629	5334629	harbor1	chr11	5196202	5196479	DNA/hAT-Charlie	1500	+	138	5196340	61711
chr11	5127213	5327213	harbor1	chr11	5149375	5149727	DNA/hAT-Charlie	1066	+	176	5149551	22338
chr11	5127213	5327213	harbor1	chr11	5188523	5188721	DNA/hAT-Charlie	1127	+	99	5188622	61409
chr11	5127213	5327213	harbor1	chr11	5196202	5196479	DNA/hAT-Charlie	1500	+	138	5196340	69127
chr11	4538274	4738274	harbor1	chr11	4603671	4603836	DNA/hAT-Charlie	854	+	82	4603753	65479
chr11	5127232	5327232	harbor1	chr11	5149375	5149727	DNA/hAT-Charlie	1066	+	176	5149551	22319
chr11	5127232	5327232	harbor1	chr11	5188523	5188721	DNA/hAT-Charlie	1127	+	99	5188622	61390
chr11	5127232	5327232	harbor1	chr11	5196202	5196479	DNA/hAT-Charlie	1500	+	138	5196340	69108
chr11	5127319	5327319	harbor1	chr11	5149375	5149727	DNA/hAT-Charlie	1066	+	176	5149551	22232
chr11	5127319	5327319	harbor1	chr11	5188523	5188721	DNA/hAT-Charlie	1127	+	99	5188622	61303
chr11	5127319	5327319	harbor1	chr11	5196202	5196479	DNA/hAT-Charlie	1500	+	138	5196340	69021
chr11	107049890	107249890	harbor1	chr11	107126548	107126628	DNA/hAT-Charlie	400	+	40	107126588	76698
chr11	107049890	107249890	harbor1	chr11	107132448	107132576	DNA/hAT-Charlie	450	+	64	107132512	82622
chr11	107049890	107249890	harbor1	chr11	107135276	107135478	DNA/hAT-Charlie	1473	+	101	107135377	85487
chr11	111440849	111640849	harbor1	chr11	111446393	111446553	DNA/hAT-Charlie	560	+	80	111446473	5624
chr11	111440849	111640849	harbor1	chr11	111446848	111446982	DNA/hAT-Charlie	639	+	67	111446915	6066
chr11	111440849	111640849	harbor1	chr11	111465297	111465418	DNA/hAT-Charlie	533	+	60	111465357	24508
chr11	111440849	111640849	harbor1	chr11	111465840	111465920	DNA/hAT-Charlie	445	+	40	111465880	25031
chr11	111440849	111640849	harbor1	chr11	111472353	111472551	DNA/hAT-Charlie	1068	+	99	111472452	31603
chr11	5125172	5325172	harbor1	chr11	5149375	5149727	DNA/hAT-Charlie	1066	+	176	5149551	24379
chr11	5125172	5325172	harbor1	chr11	5188523	5188721	DNA/hAT-Charlie	1127	+	99	5188622	63450
chr11	5125172	5325172	harbor1	chr11	5196202	5196479	DNA/hAT-Charlie	1500	+	138	5196340	71168
chr11	5127224	5327224	harbor1	chr11	5149375	5149727	DNA/hAT-Charlie	1066	+	176	5149551	22327
chr11	5127224	5327224	harbor1	chr11	5188523	5188721	DNA/hAT-Charlie	1127	+	99	5188622	61398
chr11	5127224	5327224	harbor1	chr11	5196202	5196479	DNA/hAT-Charlie	1500	+	138	5196340	69116
chr11	64913893	65113893	harbor1	chr11	64917999	64918287	DNA/hAT-Charlie	1354	+	144	64918143	4250
chr11	64913893	65113893	harbor1	chr11	64955079	64955883	DNA/hAT-Charlie	4294	+	402	64955481	41588
chr11	64913893	65113893	harbor1	chr11	64956511	64956760	DNA/hAT-Charlie	4294	+	124	64956635	42742
chr11	5126003	5326003	harbor1	chr11	5149375	5149727	DNA/hAT-Charlie	1066	+	176	5149551	23548
chr11	5126003	5326003	harbor1	chr11	5188523	5188721	DNA/hAT-Charlie	1127	+	99	5188622	62619
chr11	5126003	5326003	harbor1	chr11	5196202	5196479	DNA/hAT-Charlie	1500	+	138	5196340	70337
chr11	86572156	86772156	harbor1	chr11	86628404	86628579	DNA/hAT-Charlie	873	+	88	86628492	56336
chr11	86572156	86772156	harbor1	chr11	86629815	86630004	DNA/hAT-Charlie	575	+	94	86629909	57753
chr11	124700607	124900607	harbor1	chr11	124705665	124705859	DNA/hAT-Charlie	988	+	97	124705762	5155
chr11	124700607	124900607	harbor1	chr11	124768071	124768245	DNA/hAT-Charlie	838	+	87	124768158	67551
chr11	124700607	124900607	harbor1	chr11	124787135	124787371	DNA/hAT-Charlie	428	+	118	124787253	86646
chr11	124700607	124900607	harbor1	chr11	124792011	124792116	DNA/hAT-Charlie	410	+	52	124792063	91456
chr11	124700607	124900607	harbor1	chr11	124793155	124793377	DNA/hAT-Charlie	540	+	111	124793266	92659
chr11	124700607	124900607	harbor1	chr11	124793393	124793493	DNA/hAT-Charlie	406	+	50	124793443	92836
chr11	5127146	5327146	harbor1	chr11	5149375	5149727	DNA/hAT-Charlie	1066	+	176	5149551	22405
chr11	5127146	5327146	harbor1	chr11	5188523	5188721	DNA/hAT-Charlie	1127	+	99	5188622	61476
chr11	5127146	5327146	harbor1	chr11	5196202	5196479	DNA/hAT-Charlie	1500	+	138	5196340	69194
chr11	69539284	69739284	harbor1	chr11	69546157	69546302	DNA/hAT-Charlie	445	+	72	69546229	6945
chr11	69539284	69739284	harbor1	chr11	69569341	69569561	DNA/hAT-Charlie	605	+	110	69569451	30167
chr11	69539284	69739284	harbor1	chr11	69626241	69626457	DNA/hAT-Charlie	1490	+	108	69626349	87065
chr11	5124920	5324920	harbor1	chr11	5149375	5149727	DNA/hAT-Charlie	1066	+	176	5149551	24631
chr11	5124920	5324920	harbor1	chr11	5188523	5188721	DNA/hAT-Charlie	1127	+	99	5188622	63702
chr11	5124920	5324920	harbor1	chr11	5196202	5196479	DNA/hAT-Charlie	1500	+	138	5196340	71420
chr11	76580636	76780636	harbor1	chr11	76595957	76596041	DNA/hAT-Charlie	495	+	42	76595999	15363
chr11	76580636	76780636	harbor1	chr11	76598717	76599027	DNA/hAT-Charlie	1368	+	155	76598872	18236
chr11	76580636	76780636	harbor1	chr11	76607306	76607536	DNA/hAT-Charlie	452	+	115	76607421	26785
chr11	76580636	76780636	harbor1	chr11	76612271	76612410	DNA/hAT-Charlie	472	+	70	76612341	31705
chr11	76580636	76780636	harbor1	chr11	76612460	76612643	DNA/hAT-Charlie	986	+	92	76612552	31916
chr11	76580636	76780636	harbor1	chr11	76612669	76612700	DNA/hAT-Charlie	986	+	16	76612685	32049
chr11	76580636	76780636	harbor1	chr11	76612988	76613265	DNA/hAT-Charlie	986	+	138	76613126	32490
chr11	76580636	76780636	harbor1	chr11	76613362	76613889	DNA/hAT-Charlie	986	+	264	76613626	32990
chr11	76580636	76780636	harbor1	chr11	76649274	76649745	DNA/hAT-Charlie	1913	+	236	76649510	68874
chr11	5134651	5334651	harbor1	chr11	5149375	5149727	DNA/hAT-Charlie	1066	+	176	5149551	14900
chr11	5134651	5334651	harbor1	chr11	5188523	5188721	DNA/hAT-Charlie	1127	+	99	5188622	53971
chr11	5134651	5334651	harbor1	chr11	5196202	5196479	DNA/hAT-Charlie	1500	+	138	5196340	61689
chr11	5134616	5334616	harbor1	chr11	5149375	5149727	DNA/hAT-Charlie	1066	+	176	5149551	14935
chr11	5134616	5334616	harbor1	chr11	5188523	5188721	DNA/hAT-Charlie	1127	+	99	5188622	54006
chr11	5134616	5334616	harbor1	chr11	5196202	5196479	DNA/hAT-Charlie	1500	+	138	5196340	61724
chr11	5127345	5327345	harbor1	chr11	5149375	5149727	DNA/hAT-Charlie	1066	+	176	5149551	22206
chr11	5127345	5327345	harbor1	chr11	5188523	5188721	DNA/hAT-Charlie	1127	+	99	5188622	61277
chr11	5127345	5327345	harbor1	chr11	5196202	5196479	DNA/hAT-Charlie	1500	+	138	5196340	68995
chr11	67369223	67569223	harbor1	chr11	67429748	67429812	DNA/hAT-Charlie	1208	+	32	67429780	60557
chr11	67369223	67569223	harbor1	chr11	67430733	67430895	DNA/hAT-Charlie	1208	+	81	67430814	61591
chr11	67369223	67569223	harbor1	chr11	67462219	67462356	DNA/hAT-Charlie	526	+	68	67462287	93064
chr11	67369223	67569223	harbor1	chr11	67462653	67462690	DNA/hAT-Charlie	526	+	18	67462671	93448
chr11	67369223	67569223	harbor1	chr11	67462992	67463074	DNA/hAT-Charlie	526	+	41	67463033	93810
chr11	68444618	68644618	harbor1	chr11	68456181	68456274	DNA/hAT-Charlie	410	+	46	68456227	11609
chr11	68444618	68644618	harbor1	chr11	68456568	68456676	DNA/hAT-Charlie	410	+	54	68456622	12004
chr11	68444618	68644618	harbor1	chr11	68463796	68464019	DNA/hAT-Charlie	904	+	112	68463908	19290
chr11	68444618	68644618	harbor1	chr11	68529934	68530201	DNA/hAT-Charlie	867	+	134	68530068	85450
chr11	68444618	68644618	harbor1	chr11	68531228	68531307	DNA/hAT-Charlie	401	+	40	68531268	86650
chr11	68444618	68644618	harbor1	chr11	68531592	68531653	DNA/hAT-Charlie	401	+	30	68531622	87004
chr11	5134104	5334104	harbor1	chr11	5149375	5149727	DNA/hAT-Charlie	1066	+	176	5149551	15447
chr11	5134104	5334104	harbor1	chr11	5188523	5188721	DNA/hAT-Charlie	1127	+	99	5188622	54518
chr11	5134104	5334104	harbor1	chr11	5196202	5196479	DNA/hAT-Charlie	1500	+	138	5196340	62236
chr11	5124806	5324806	harbor1	chr11	5149375	5149727	DNA/hAT-Charlie	1066	+	176	5149551	24745
chr11	5124806	5324806	harbor1	chr11	5188523	5188721	DNA/hAT-Charlie	1127	+	99	5188622	63816
chr11	5124806	5324806	harbor1	chr11	5196202	5196479	DNA/hAT-Charlie	1500	+	138	5196340	71534
chr11	5125352	5325352	harbor1	chr11	5149375	5149727	DNA/hAT-Charlie	1066	+	176	5149551	24199
chr11	5125352	5325352	harbor1	chr11	5188523	5188721	DNA/hAT-Charlie	1127	+	99	5188622	63270
chr11	5125352	5325352	harbor1	chr11	5196202	5196479	DNA/hAT-Charlie	1500	+	138	5196340	70988
chr11	86572150	86772150	harbor1	chr11	86628404	86628579	DNA/hAT-Charlie	873	+	88	86628492	56342
chr11	86572150	86772150	harbor1	chr11	86629815	86630004	DNA/hAT-Charlie	575	+	94	86629909	57759
chr11	5127230	5327230	harbor1	chr11	5149375	5149727	DNA/hAT-Charlie	1066	+	176	5149551	22321
chr11	5127230	5327230	harbor1	chr11	5188523	5188721	DNA/hAT-Charlie	1127	+	99	5188622	61392
chr11	5127230	5327230	harbor1	chr11	5196202	5196479	DNA/hAT-Charlie	1500	+	138	5196340	69110
chr11	5125771	5325771	harbor1	chr11	5149375	5149727	DNA/hAT-Charlie	1066	+	176	5149551	23780
chr11	5125771	5325771	harbor1	chr11	5188523	5188721	DNA/hAT-Charlie	1127	+	99	5188622	62851
chr11	5125771	5325771	harbor1	chr11	5196202	5196479	DNA/hAT-Charlie	1500	+	138	5196340	70569
chr11	5127185	5327185	harbor1	chr11	5149375	5149727	DNA/hAT-Charlie	1066	+	176	5149551	22366
chr11	5127185	5327185	harbor1	chr11	5188523	5188721	DNA/hAT-Charlie	1127	+	99	5188622	61437
chr11	5127185	5327185	harbor1	chr11	5196202	5196479	DNA/hAT-Charlie	1500	+	138	5196340	69155
chr11	5134100	5334100	harbor1	chr11	5149375	5149727	DNA/hAT-Charlie	1066	+	176	5149551	15451
chr11	5134100	5334100	harbor1	chr11	5188523	5188721	DNA/hAT-Charlie	1127	+	99	5188622	54522
chr11	5134100	5334100	harbor1	chr11	5196202	5196479	DNA/hAT-Charlie	1500	+	138	5196340	62240
chr11	5134575	5334575	harbor1	chr11	5149375	5149727	DNA/hAT-Charlie	1066	+	176	5149551	14976
chr11	5134575	5334575	harbor1	chr11	5188523	5188721	DNA/hAT-Charlie	1127	+	99	5188622	54047
chr11	5134575	5334575	harbor1	chr11	5196202	5196479	DNA/hAT-Charlie	1500	+	138	5196340	61765
chr11	6140855	6340855	harbor1	chr11	6178250	6178553	DNA/hAT-Charlie	2008	+	152	6178402	37547
chr11	6140855	6340855	harbor1	chr11	6204647	6204824	DNA/hAT-Charlie	851	+	88	6204735	63880
chr11	5127304	5327304	harbor1	chr11	5149375	5149727	DNA/hAT-Charlie	1066	+	176	5149551	22247
chr11	5127304	5327304	harbor1	chr11	5188523	5188721	DNA/hAT-Charlie	1127	+	99	5188622	61318
chr11	5127304	5327304	harbor1	chr11	5196202	5196479	DNA/hAT-Charlie	1500	+	138	5196340	69036
chr11	20060703	20260703	harbor1	chr11	20135114	20135404	DNA/hAT-Charlie	529	+	145	20135259	74556
chr11	20060703	20260703	harbor1	chr11	20146592	20147033	DNA/hAT-Charlie	1823	+	220	20146812	86109
chr11	20060703	20260703	harbor1	chr11	20147696	20147748	DNA/hAT-Charlie	8064	+	26	20147722	87019
chr11	20060703	20260703	harbor1	chr11	20148054	20148434	DNA/hAT-Charlie	8064	+	190	20148244	87541
chr11	20060703	20260703	harbor1	chr11	20148758	20149471	DNA/hAT-Charlie	8064	+	356	20149114	88411
chr11	20060703	20260703	harbor1	chr11	20149803	20150541	DNA/hAT-Charlie	8064	+	369	20150172	89469
chr11	20060703	20260703	harbor1	chr11	20150836	20150865	DNA/hAT-Charlie	8064	+	14	20150850	90147
chr11	20060703	20260703	harbor1	chr11	20151205	20151433	DNA/hAT-Charlie	8064	+	114	20151319	90616
chr11	5134650	5334650	harbor1	chr11	5149375	5149727	DNA/hAT-Charlie	1066	+	176	5149551	14901
chr11	5134650	5334650	harbor1	chr11	5188523	5188721	DNA/hAT-Charlie	1127	+	99	5188622	53972
chr11	5134650	5334650	harbor1	chr11	5196202	5196479	DNA/hAT-Charlie	1500	+	138	5196340	61690
chr11	5125398	5325398	harbor1	chr11	5149375	5149727	DNA/hAT-Charlie	1066	+	176	5149551	24153
chr11	5125398	5325398	harbor1	chr11	5188523	5188721	DNA/hAT-Charlie	1127	+	99	5188622	63224
chr11	5125398	5325398	harbor1	chr11	5196202	5196479	DNA/hAT-Charlie	1500	+	138	5196340	70942
chr11	64806660	65006660	harbor1	chr11	64861566	64861781	DNA/hAT-Charlie	1162	+	108	64861674	55014
chr11	64806660	65006660	harbor1	chr11	64885422	64885613	DNA/hAT-Charlie	857	+	96	64885518	78858
chr11	46430260	46630260	harbor1	chr11	46444997	46445250	DNA/hAT-Charlie	912	+	126	46445123	14863
chr11	46430260	46630260	harbor1	chr11	46495658	46495920	DNA/hAT-Charlie	594	+	131	46495789	65529
chr11	46430260	46630260	harbor1	chr11	46524228	46524439	DNA/hAT-Charlie	823	+	106	46524334	94074
chr11	5127284	5327284	harbor1	chr11	5149375	5149727	DNA/hAT-Charlie	1066	+	176	5149551	22267
chr11	5127284	5327284	harbor1	chr11	5188523	5188721	DNA/hAT-Charlie	1127	+	99	5188622	61338
chr11	5127284	5327284	harbor1	chr11	5196202	5196479	DNA/hAT-Charlie	1500	+	138	5196340	69056
chr11	5124821	5324821	harbor1	chr11	5149375	5149727	DNA/hAT-Charlie	1066	+	176	5149551	24730
chr11	5124821	5324821	harbor1	chr11	5188523	5188721	DNA/hAT-Charlie	1127	+	99	5188622	63801
chr11	5124821	5324821	harbor1	chr11	5196202	5196479	DNA/hAT-Charlie	1500	+	138	5196340	71519
chr11	5127245	5327245	harbor1	chr11	5149375	5149727	DNA/hAT-Charlie	1066	+	176	5149551	22306
chr11	5127245	5327245	harbor1	chr11	5188523	5188721	DNA/hAT-Charlie	1127	+	99	5188622	61377
chr11	5127245	5327245	harbor1	chr11	5196202	5196479	DNA/hAT-Charlie	1500	+	138	5196340	69095
chr11	5126970	5326970	harbor1	chr11	5149375	5149727	DNA/hAT-Charlie	1066	+	176	5149551	22581
chr11	5126970	5326970	harbor1	chr11	5188523	5188721	DNA/hAT-Charlie	1127	+	99	5188622	61652
chr11	5126970	5326970	harbor1	chr11	5196202	5196479	DNA/hAT-Charlie	1500	+	138	5196340	69370
chr11	5052446	5252446	harbor1	chr11	5149375	5149727	DNA/hAT-Charlie	1066	+	176	5149551	97105
chr11	5127167	5327167	harbor1	chr11	5149375	5149727	DNA/hAT-Charlie	1066	+	176	5149551	22384
chr11	5127167	5327167	harbor1	chr11	5188523	5188721	DNA/hAT-Charlie	1127	+	99	5188622	61455
chr11	5127167	5327167	harbor1	chr11	5196202	5196479	DNA/hAT-Charlie	1500	+	138	5196340	69173
chr11	5126888	5326888	harbor1	chr11	5149375	5149727	DNA/hAT-Charlie	1066	+	176	5149551	22663
chr11	5126888	5326888	harbor1	chr11	5188523	5188721	DNA/hAT-Charlie	1127	+	99	5188622	61734
chr11	5126888	5326888	harbor1	chr11	5196202	5196479	DNA/hAT-Charlie	1500	+	138	5196340	69452
chr11	5125946	5325946	harbor1	chr11	5149375	5149727	DNA/hAT-Charlie	1066	+	176	5149551	23605
chr11	5125946	5325946	harbor1	chr11	5188523	5188721	DNA/hAT-Charlie	1127	+	99	5188622	62676
chr11	5125946	5325946	harbor1	chr11	5196202	5196479	DNA/hAT-Charlie	1500	+	138	5196340	70394
chr11	1470223	1670223	harbor1	chr11	1530092	1530355	DNA/hAT-Charlie	516	+	132	1530224	60001
chr11	1470223	1670223	harbor1	chr11	1530650	1530694	DNA/hAT-Charlie	516	+	22	1530672	60449
chr11	86275379	86475379	harbor1	chr11	86291172	86291301	DNA/hAT-Charlie	660	+	64	86291236	15857
chr11	86275379	86475379	harbor1	chr11	86314793	86314979	DNA/hAT-Charlie	546	+	93	86314886	39507
chr11	5127149	5327149	harbor1	chr11	5149375	5149727	DNA/hAT-Charlie	1066	+	176	5149551	22402
chr11	5127149	5327149	harbor1	chr11	5188523	5188721	DNA/hAT-Charlie	1127	+	99	5188622	61473
chr11	5127149	5327149	harbor1	chr11	5196202	5196479	DNA/hAT-Charlie	1500	+	138	5196340	69191
chr11	64537978	64737978	harbor1	chr11	64539863	64540158	DNA/hAT-Charlie	820	+	148	64540011	2033
chr11	64537978	64737978	harbor1	chr11	64624585	64624805	DNA/hAT-Charlie	711	+	110	64624695	86717
chr11	4897645	5097645	harbor1	chr11	4983780	4983940	DNA/hAT-Charlie	758	+	80	4983860	86215
chr11	5126804	5326804	harbor1	chr11	5149375	5149727	DNA/hAT-Charlie	1066	+	176	5149551	22747
chr11	5126804	5326804	harbor1	chr11	5188523	5188721	DNA/hAT-Charlie	1127	+	99	5188622	61818
chr11	5126804	5326804	harbor1	chr11	5196202	5196479	DNA/hAT-Charlie	1500	+	138	5196340	69536
chr11	76580403	76780403	harbor1	chr11	76595957	76596041	DNA/hAT-Charlie	495	+	42	76595999	15596
chr11	76580403	76780403	harbor1	chr11	76598717	76599027	DNA/hAT-Charlie	1368	+	155	76598872	18469
chr11	76580403	76780403	harbor1	chr11	76607306	76607536	DNA/hAT-Charlie	452	+	115	76607421	27018
chr11	76580403	76780403	harbor1	chr11	76612271	76612410	DNA/hAT-Charlie	472	+	70	76612341	31938
chr11	76580403	76780403	harbor1	chr11	76612460	76612643	DNA/hAT-Charlie	986	+	92	76612552	32149
chr11	76580403	76780403	harbor1	chr11	76612669	76612700	DNA/hAT-Charlie	986	+	16	76612685	32282
chr11	76580403	76780403	harbor1	chr11	76612988	76613265	DNA/hAT-Charlie	986	+	138	76613126	32723
chr11	76580403	76780403	harbor1	chr11	76613362	76613889	DNA/hAT-Charlie	986	+	264	76613626	33223
chr11	76580403	76780403	harbor1	chr11	76649274	76649745	DNA/hAT-Charlie	1913	+	236	76649510	69107
chr11	67117644	67317644	harbor1	chr11	67132724	67132915	DNA/hAT-Charlie	1101	+	96	67132820	15176
chr11	67117644	67317644	harbor1	chr11	67134214	67134415	DNA/hAT-Charlie	989	+	100	67134314	16670
chr11	67117644	67317644	harbor1	chr11	67138433	67138498	DNA/hAT-Charlie	931	+	32	67138465	20821
chr11	67117644	67317644	harbor1	chr11	67138750	67138865	DNA/hAT-Charlie	931	+	58	67138808	21164
chr11	67117644	67317644	harbor1	chr11	67151243	67151380	DNA/hAT-Charlie	487	+	68	67151311	33667
chr11	67117644	67317644	harbor1	chr11	67151652	67151736	DNA/hAT-Charlie	487	+	42	67151694	34050
chr11	67117644	67317644	harbor1	chr11	67151971	67152033	DNA/hAT-Charlie	446	+	31	67152002	34358
chr11	67117644	67317644	harbor1	chr11	67152322	67152333	DNA/hAT-Charlie	446	+	6	67152328	34684
chr11	67117644	67317644	harbor1	chr11	67152620	67152694	DNA/hAT-Charlie	446	+	37	67152657	35013
chr11	67117644	67317644	harbor1	chr11	67161670	67162044	DNA/hAT-Charlie	1423	+	187	67161857	44213
chr11	2054434	2254434	harbor1	chr11	2088508	2088645	DNA/hAT-Charlie	498	+	68	2088576	34142
chr11	5134605	5334605	harbor1	chr11	5149375	5149727	DNA/hAT-Charlie	1066	+	176	5149551	14946
chr11	5134605	5334605	harbor1	chr11	5188523	5188721	DNA/hAT-Charlie	1127	+	99	5188622	54017
chr11	5134605	5334605	harbor1	chr11	5196202	5196479	DNA/hAT-Charlie	1500	+	138	5196340	61735
chr11	5125064	5325064	harbor1	chr11	5149375	5149727	DNA/hAT-Charlie	1066	+	176	5149551	24487
chr11	5125064	5325064	harbor1	chr11	5188523	5188721	DNA/hAT-Charlie	1127	+	99	5188622	63558
chr11	5125064	5325064	harbor1	chr11	5196202	5196479	DNA/hAT-Charlie	1500	+	138	5196340	71276
chr11	5125194	5325194	harbor1	chr11	5149375	5149727	DNA/hAT-Charlie	1066	+	176	5149551	24357
chr11	5125194	5325194	harbor1	chr11	5188523	5188721	DNA/hAT-Charlie	1127	+	99	5188622	63428
chr11	5125194	5325194	harbor1	chr11	5196202	5196479	DNA/hAT-Charlie	1500	+	138	5196340	71146
chr11	16505296	16705296	harbor1	chr11	16512189	16512754	DNA/hAT-Charlie	2570	+	282	16512471	7175
chr11	16505296	16705296	harbor1	chr11	16561641	16561756	DNA/hAT-Charlie	566	+	58	16561699	56403
chr11	16505296	16705296	harbor1	chr11	16562027	16562143	DNA/hAT-Charlie	566	+	58	16562085	56789
chr11	16505296	16705296	harbor1	chr11	16565777	16565814	DNA/hAT-Charlie	486	+	18	16565795	60499
chr11	16505296	16705296	harbor1	chr11	16566118	16566205	DNA/hAT-Charlie	486	+	44	16566162	60866
chr11	16505296	16705296	harbor1	chr11	16580067	16580230	DNA/hAT-Charlie	441	+	82	16580149	74853
chr11	16505296	16705296	harbor1	chr11	16589428	16590559	DNA/hAT-Charlie	4549	+	566	16589994	84698
chr11	16505296	16705296	harbor1	chr11	16591091	16591311	DNA/hAT-Charlie	4549	+	110	16591201	85905
chr11	16505296	16705296	harbor1	chr11	16591377	16592197	DNA/hAT-Charlie	4549	+	410	16591787	86491
chr11	76580432	76780432	harbor1	chr11	76595957	76596041	DNA/hAT-Charlie	495	+	42	76595999	15567
chr11	76580432	76780432	harbor1	chr11	76598717	76599027	DNA/hAT-Charlie	1368	+	155	76598872	18440
chr11	76580432	76780432	harbor1	chr11	76607306	76607536	DNA/hAT-Charlie	452	+	115	76607421	26989
chr11	76580432	76780432	harbor1	chr11	76612271	76612410	DNA/hAT-Charlie	472	+	70	76612341	31909
chr11	76580432	76780432	harbor1	chr11	76612460	76612643	DNA/hAT-Charlie	986	+	92	76612552	32120
chr11	76580432	76780432	harbor1	chr11	76612669	76612700	DNA/hAT-Charlie	986	+	16	76612685	32253
chr11	76580432	76780432	harbor1	chr11	76612988	76613265	DNA/hAT-Charlie	986	+	138	76613126	32694
chr11	76580432	76780432	harbor1	chr11	76613362	76613889	DNA/hAT-Charlie	986	+	264	76613626	33194
chr11	76580432	76780432	harbor1	chr11	76649274	76649745	DNA/hAT-Charlie	1913	+	236	76649510	69078
chr11	64538016	64738016	harbor1	chr11	64539863	64540158	DNA/hAT-Charlie	820	+	148	64540011	1995
chr11	64538016	64738016	harbor1	chr11	64624585	64624805	DNA/hAT-Charlie	711	+	110	64624695	86679
chr11	5126793	5326793	harbor1	chr11	5149375	5149727	DNA/hAT-Charlie	1066	+	176	5149551	22758
chr11	5126793	5326793	harbor1	chr11	5188523	5188721	DNA/hAT-Charlie	1127	+	99	5188622	61829
chr11	5126793	5326793	harbor1	chr11	5196202	5196479	DNA/hAT-Charlie	1500	+	138	5196340	69547
chr11	5134533	5334533	harbor1	chr11	5149375	5149727	DNA/hAT-Charlie	1066	+	176	5149551	15018
chr11	5134533	5334533	harbor1	chr11	5188523	5188721	DNA/hAT-Charlie	1127	+	99	5188622	54089
chr11	5134533	5334533	harbor1	chr11	5196202	5196479	DNA/hAT-Charlie	1500	+	138	5196340	61807
chr11	5127205	5327205	harbor1	chr11	5149375	5149727	DNA/hAT-Charlie	1066	+	176	5149551	22346
chr11	5127205	5327205	harbor1	chr11	5188523	5188721	DNA/hAT-Charlie	1127	+	99	5188622	61417
chr11	5127205	5327205	harbor1	chr11	5196202	5196479	DNA/hAT-Charlie	1500	+	138	5196340	69135
chr11	119001792	119201792	harbor1	chr11	119076699	119076858	DNA/hAT-Charlie	880	+	80	119076779	74987
chr11	5127241	5327241	harbor1	chr11	5149375	5149727	DNA/hAT-Charlie	1066	+	176	5149551	22310
chr11	5127241	5327241	harbor1	chr11	5188523	5188721	DNA/hAT-Charlie	1127	+	99	5188622	61381
chr11	5127241	5327241	harbor1	chr11	5196202	5196479	DNA/hAT-Charlie	1500	+	138	5196340	69099
chr11	76580985	76780985	harbor1	chr11	76595957	76596041	DNA/hAT-Charlie	495	+	42	76595999	15014
chr11	76580985	76780985	harbor1	chr11	76598717	76599027	DNA/hAT-Charlie	1368	+	155	76598872	17887
chr11	76580985	76780985	harbor1	chr11	76607306	76607536	DNA/hAT-Charlie	452	+	115	76607421	26436
chr11	76580985	76780985	harbor1	chr11	76612271	76612410	DNA/hAT-Charlie	472	+	70	76612341	31356
chr11	76580985	76780985	harbor1	chr11	76612460	76612643	DNA/hAT-Charlie	986	+	92	76612552	31567
chr11	76580985	76780985	harbor1	chr11	76612669	76612700	DNA/hAT-Charlie	986	+	16	76612685	31700
chr11	76580985	76780985	harbor1	chr11	76612988	76613265	DNA/hAT-Charlie	986	+	138	76613126	32141
chr11	76580985	76780985	harbor1	chr11	76613362	76613889	DNA/hAT-Charlie	986	+	264	76613626	32641
chr11	76580985	76780985	harbor1	chr11	76649274	76649745	DNA/hAT-Charlie	1913	+	236	76649510	68525
chr11	5127169	5327169	harbor1	chr11	5149375	5149727	DNA/hAT-Charlie	1066	+	176	5149551	22382
chr11	5127169	5327169	harbor1	chr11	5188523	5188721	DNA/hAT-Charlie	1127	+	99	5188622	61453
chr11	5127169	5327169	harbor1	chr11	5196202	5196479	DNA/hAT-Charlie	1500	+	138	5196340	69171
chr11	5134210	5334210	harbor1	chr11	5149375	5149727	DNA/hAT-Charlie	1066	+	176	5149551	15341
chr11	5134210	5334210	harbor1	chr11	5188523	5188721	DNA/hAT-Charlie	1127	+	99	5188622	54412
chr11	5134210	5334210	harbor1	chr11	5196202	5196479	DNA/hAT-Charlie	1500	+	138	5196340	62130
chr11	64348932	64548932	harbor1	chr11	64375780	64375836	DNA/hAT-Charlie	781	+	28	64375808	26876
chr11	64348932	64548932	harbor1	chr11	64376125	64376373	DNA/hAT-Charlie	781	+	124	64376249	27317
chr11	64348932	64548932	harbor1	chr11	64400808	64401021	DNA/hAT-Charlie	928	+	106	64400914	51982
chr11	64348932	64548932	harbor1	chr11	64416511	64416670	DNA/hAT-Charlie	406	+	80	64416591	67659
chr11	64348932	64548932	harbor1	chr11	64428959	64429155	DNA/hAT-Charlie	778	+	98	64429057	80125
chr11	107909152	108109152	harbor1	chr11	107941135	107941336	DNA/hAT-Charlie	692	+	100	107941235	32083
chr11	107909152	108109152	harbor1	chr11	107992663	107993002	DNA/hAT-Charlie	2310	+	170	107992833	83681
chr11	5134609	5334609	harbor1	chr11	5149375	5149727	DNA/hAT-Charlie	1066	+	176	5149551	14942
chr11	5134609	5334609	harbor1	chr11	5188523	5188721	DNA/hAT-Charlie	1127	+	99	5188622	54013
chr11	5134609	5334609	harbor1	chr11	5196202	5196479	DNA/hAT-Charlie	1500	+	138	5196340	61731
chr11	5127154	5327154	harbor1	chr11	5149375	5149727	DNA/hAT-Charlie	1066	+	176	5149551	22397
chr11	5127154	5327154	harbor1	chr11	5188523	5188721	DNA/hAT-Charlie	1127	+	99	5188622	61468
chr11	5127154	5327154	harbor1	chr11	5196202	5196479	DNA/hAT-Charlie	1500	+	138	5196340	69186
chr11	5127316	5327316	harbor1	chr11	5149375	5149727	DNA/hAT-Charlie	1066	+	176	5149551	22235
chr11	5127316	5327316	harbor1	chr11	5188523	5188721	DNA/hAT-Charlie	1127	+	99	5188622	61306
chr11	5127316	5327316	harbor1	chr11	5196202	5196479	DNA/hAT-Charlie	1500	+	138	5196340	69024
chr11	5131436	5331436	harbor1	chr11	5149375	5149727	DNA/hAT-Charlie	1066	+	176	5149551	18115
chr11	5131436	5331436	harbor1	chr11	5188523	5188721	DNA/hAT-Charlie	1127	+	99	5188622	57186
chr11	5131436	5331436	harbor1	chr11	5196202	5196479	DNA/hAT-Charlie	1500	+	138	5196340	64904
chr11	5127298	5327298	harbor1	chr11	5149375	5149727	DNA/hAT-Charlie	1066	+	176	5149551	22253
chr11	5127298	5327298	harbor1	chr11	5188523	5188721	DNA/hAT-Charlie	1127	+	99	5188622	61324
chr11	5127298	5327298	harbor1	chr11	5196202	5196479	DNA/hAT-Charlie	1500	+	138	5196340	69042
chr11	5134612	5334612	harbor1	chr11	5149375	5149727	DNA/hAT-Charlie	1066	+	176	5149551	14939
chr11	5134612	5334612	harbor1	chr11	5188523	5188721	DNA/hAT-Charlie	1127	+	99	5188622	54010
chr11	5134612	5334612	harbor1	chr11	5196202	5196479	DNA/hAT-Charlie	1500	+	138	5196340	61728
chr11	74201768	74401768	harbor1	chr11	74202239	74202369	DNA/hAT-Charlie	506	+	65	74202304	536
chr11	74201768	74401768	harbor1	chr11	74255704	74255803	DNA/hAT-Charlie	495	+	50	74255754	53986
chr11	5134643	5334643	harbor1	chr11	5149375	5149727	DNA/hAT-Charlie	1066	+	176	5149551	14908
chr11	5134643	5334643	harbor1	chr11	5188523	5188721	DNA/hAT-Charlie	1127	+	99	5188622	53979
chr11	5134643	5334643	harbor1	chr11	5196202	5196479	DNA/hAT-Charlie	1500	+	138	5196340	61697
chr11	43448357	43648357	harbor1	chr11	43484774	43485217	DNA/hAT-Charlie	2952	+	222	43484996	36639
chr11	43448357	43648357	harbor1	chr11	43507549	43507688	DNA/hAT-Charlie	805	+	70	43507619	59262
chr11	43448357	43648357	harbor1	chr11	43530132	43530334	DNA/hAT-Charlie	1314	+	101	43530233	81876
chr11	61485519	61685519	harbor1	chr11	61531916	61532013	DNA/hAT-Charlie	399	+	48	61531964	46445
chr11	61485519	61685519	harbor1	chr11	61533678	61533837	DNA/hAT-Charlie	566	+	80	61533758	48239
chr11	61485519	61685519	harbor1	chr11	61540376	61540514	DNA/hAT-Charlie	566	+	69	61540445	54926
chr11	61485519	61685519	harbor1	chr11	61543961	61544182	DNA/hAT-Charlie	1032	+	110	61544071	58552
chr11	61485519	61685519	harbor1	chr11	61549212	61549496	DNA/hAT-Charlie	851	+	142	61549354	63835
chr11	61485519	61685519	harbor1	chr11	61560237	61560432	DNA/hAT-Charlie	464	+	98	61560335	74816
chr11	133199713	133399713	harbor1	chr11	133219308	133219497	DNA/hAT-Charlie	859	+	94	133219402	19689
chr11	133199713	133399713	harbor1	chr11	133219718	133219935	DNA/hAT-Charlie	870	+	108	133219826	20113
chr11	133199713	133399713	harbor1	chr11	133238239	133238571	DNA/hAT-Charlie	964	+	166	133238405	38692
chr11	133199713	133399713	harbor1	chr11	133288580	133288685	DNA/hAT-Charlie	461	+	52	133288632	88919
chr11	5127228	5327228	harbor1	chr11	5149375	5149727	DNA/hAT-Charlie	1066	+	176	5149551	22323
chr11	5127228	5327228	harbor1	chr11	5188523	5188721	DNA/hAT-Charlie	1127	+	99	5188622	61394
chr11	5127228	5327228	harbor1	chr11	5196202	5196479	DNA/hAT-Charlie	1500	+	138	5196340	69112
chr11	5127118	5327118	harbor1	chr11	5149375	5149727	DNA/hAT-Charlie	1066	+	176	5149551	22433
chr11	5127118	5327118	harbor1	chr11	5188523	5188721	DNA/hAT-Charlie	1127	+	99	5188622	61504
chr11	5127118	5327118	harbor1	chr11	5196202	5196479	DNA/hAT-Charlie	1500	+	138	5196340	69222
chr11	68332235	68532235	harbor1	chr11	68380174	68380476	DNA/hAT-Charlie	939	+	151	68380325	48090
chr11	68332235	68532235	harbor1	chr11	68398549	68398747	DNA/hAT-Charlie	777	+	99	68398648	66413
chr11	68332235	68532235	harbor1	chr11	68399017	68399045	DNA/hAT-Charlie	777	+	14	68399031	66796
chr11	68332235	68532235	harbor1	chr11	68399394	68399521	DNA/hAT-Charlie	777	+	64	68399458	67223
chr11	68332235	68532235	harbor1	chr11	68407498	68407558	DNA/hAT-Charlie	656	+	30	68407528	75293
chr11	68332235	68532235	harbor1	chr11	68407860	68408009	DNA/hAT-Charlie	656	+	74	68407934	75699
chr11	69539187	69739187	harbor1	chr11	69546157	69546302	DNA/hAT-Charlie	445	+	72	69546229	7042
chr11	69539187	69739187	harbor1	chr11	69569341	69569561	DNA/hAT-Charlie	605	+	110	69569451	30264
chr11	69539187	69739187	harbor1	chr11	69626241	69626457	DNA/hAT-Charlie	1490	+	108	69626349	87162
chr11	106965389	107165389	harbor1	chr11	106982908	106983087	DNA/hAT-Charlie	993	+	90	106982998	17609
chr11	106965389	107165389	harbor1	chr11	107009841	107010044	DNA/hAT-Charlie	417	+	102	107009943	44554
chr11	106965389	107165389	harbor1	chr11	107041427	107041784	DNA/hAT-Charlie	691	+	178	107041605	76216
chr11	5127079	5327079	harbor1	chr11	5149375	5149727	DNA/hAT-Charlie	1066	+	176	5149551	22472
chr11	5127079	5327079	harbor1	chr11	5188523	5188721	DNA/hAT-Charlie	1127	+	99	5188622	61543
chr11	5127079	5327079	harbor1	chr11	5196202	5196479	DNA/hAT-Charlie	1500	+	138	5196340	69261
chr11	5127261	5327261	harbor1	chr11	5149375	5149727	DNA/hAT-Charlie	1066	+	176	5149551	22290
chr11	5127261	5327261	harbor1	chr11	5188523	5188721	DNA/hAT-Charlie	1127	+	99	5188622	61361
chr11	5127261	5327261	harbor1	chr11	5196202	5196479	DNA/hAT-Charlie	1500	+	138	5196340	69079
chr11	5127282	5327282	harbor1	chr11	5149375	5149727	DNA/hAT-Charlie	1066	+	176	5149551	22269
chr11	5127282	5327282	harbor1	chr11	5188523	5188721	DNA/hAT-Charlie	1127	+	99	5188622	61340
chr11	5127282	5327282	harbor1	chr11	5196202	5196479	DNA/hAT-Charlie	1500	+	138	5196340	69058
chr11	45786319	45986319	harbor1	chr11	45800094	45800158	DNA/hAT-Charlie	899	+	32	45800126	13807
chr11	45786319	45986319	harbor1	chr11	45800439	45800594	DNA/hAT-Charlie	899	+	78	45800517	14198
chr11	45786319	45986319	harbor1	chr11	45832905	45833079	DNA/hAT-Charlie	790	+	87	45832992	46673
chr11	10653639	10853639	harbor1	chr11	10668429	10668642	DNA/hAT-Charlie	864	+	106	10668535	14896
chr11	10653639	10853639	harbor1	chr11	10679722	10679963	DNA/hAT-Charlie	721	+	120	10679842	26203
chr11	10653639	10853639	harbor1	chr11	10683080	10683411	DNA/hAT-Charlie	515	+	166	10683246	29607
chr11	10653639	10853639	harbor1	chr11	10683855	10684099	DNA/hAT-Charlie	563	+	122	10683977	30338
chr11	10653639	10853639	harbor1	chr11	10695684	10695811	DNA/hAT-Charlie	430	+	64	10695748	42109
chr11	10653639	10853639	harbor1	chr11	10712433	10712598	DNA/hAT-Charlie	411	+	82	10712515	58876
chr11	10653639	10853639	harbor1	chr11	10723165	10723358	DNA/hAT-Charlie	674	+	96	10723261	69622
chr11	10653639	10853639	harbor1	chr11	10742547	10742728	DNA/hAT-Charlie	761	+	90	10742637	88998
chr11	10653639	10853639	harbor1	chr11	10750052	10750396	DNA/hAT-Charlie	1058	+	172	10750224	96585
chr11	103833171	104033171	harbor1	chr11	103861349	103861376	DNA/hAT-Charlie	660	+	14	103861363	28192
chr11	103833171	104033171	harbor1	chr11	103861739	103861901	DNA/hAT-Charlie	660	+	81	103861820	28649
chr11	103833171	104033171	harbor1	chr11	103885441	103885608	DNA/hAT-Charlie	426	+	84	103885525	52354
chr11	103833171	104033171	harbor1	chr11	103893292	103893458	DNA/hAT-Charlie	708	+	83	103893375	60204
chr11	103833171	104033171	harbor1	chr11	103894111	103894260	DNA/hAT-Charlie	571	+	74	103894185	61014
chr11	103833171	104033171	harbor1	chr11	103896791	103897007	DNA/hAT-Charlie	1224	+	108	103896899	63728
chr11	5127153	5327153	harbor1	chr11	5149375	5149727	DNA/hAT-Charlie	1066	+	176	5149551	22398
chr11	5127153	5327153	harbor1	chr11	5188523	5188721	DNA/hAT-Charlie	1127	+	99	5188622	61469
chr11	5127153	5327153	harbor1	chr11	5196202	5196479	DNA/hAT-Charlie	1500	+	138	5196340	69187
chr11	47086439	47286439	harbor1	chr11	47102426	47102639	DNA/hAT-Charlie	801	+	106	47102532	16093
chr11	5127126	5327126	harbor1	chr11	5149375	5149727	DNA/hAT-Charlie	1066	+	176	5149551	22425
chr11	5127126	5327126	harbor1	chr11	5188523	5188721	DNA/hAT-Charlie	1127	+	99	5188622	61496
chr11	5127126	5327126	harbor1	chr11	5196202	5196479	DNA/hAT-Charlie	1500	+	138	5196340	69214
chr11	69539232	69739232	harbor1	chr11	69546157	69546302	DNA/hAT-Charlie	445	+	72	69546229	6997
chr11	69539232	69739232	harbor1	chr11	69569341	69569561	DNA/hAT-Charlie	605	+	110	69569451	30219
chr11	69539232	69739232	harbor1	chr11	69626241	69626457	DNA/hAT-Charlie	1490	+	108	69626349	87117
chr11	5127166	5327166	harbor1	chr11	5149375	5149727	DNA/hAT-Charlie	1066	+	176	5149551	22385
chr11	5127166	5327166	harbor1	chr11	5188523	5188721	DNA/hAT-Charlie	1127	+	99	5188622	61456
chr11	5127166	5327166	harbor1	chr11	5196202	5196479	DNA/hAT-Charlie	1500	+	138	5196340	69174
chr11	2054516	2254516	harbor1	chr11	2088508	2088645	DNA/hAT-Charlie	498	+	68	2088576	34060
chr11	5125272	5325272	harbor1	chr11	5149375	5149727	DNA/hAT-Charlie	1066	+	176	5149551	24279
chr11	5125272	5325272	harbor1	chr11	5188523	5188721	DNA/hAT-Charlie	1127	+	99	5188622	63350
chr11	5125272	5325272	harbor1	chr11	5196202	5196479	DNA/hAT-Charlie	1500	+	138	5196340	71068
chr11	3708495	3908495	harbor1	chr11	3742931	3743007	DNA/hAT-Charlie	458	+	38	3742969	34474
chr11	3708495	3908495	harbor1	chr11	3743317	3743364	DNA/hAT-Charlie	458	+	24	3743341	34846
chr11	3708495	3908495	harbor1	chr11	3743667	3743767	DNA/hAT-Charlie	458	+	50	3743717	35222
chr11	3708495	3908495	harbor1	chr11	3757885	3758033	DNA/hAT-Charlie	721	+	74	3757959	49464
chr11	3708495	3908495	harbor1	chr11	3785204	3785422	DNA/hAT-Charlie	503	+	109	3785313	76818
chr11	3708495	3908495	harbor1	chr11	3790424	3790892	DNA/hAT-Charlie	1755	+	234	3790658	82163
chr11	3708495	3908495	harbor1	chr11	3791195	3791246	DNA/hAT-Charlie	1755	+	26	3791221	82726
chr11	3708495	3908495	harbor1	chr11	3792209	3792340	DNA/hAT-Charlie	1578	+	66	3792275	83780
chr11	3708495	3908495	harbor1	chr11	3792640	3792836	DNA/hAT-Charlie	1578	+	98	3792738	84243
chr11	3708495	3908495	harbor1	chr11	3793132	3793258	DNA/hAT-Charlie	1578	+	63	3793195	84700
chr11	3708495	3908495	harbor1	chr11	3794015	3794207	DNA/hAT-Charlie	692	+	96	3794111	85616
chr11	5126765	5326765	harbor1	chr11	5149375	5149727	DNA/hAT-Charlie	1066	+	176	5149551	22786
chr11	5126765	5326765	harbor1	chr11	5188523	5188721	DNA/hAT-Charlie	1127	+	99	5188622	61857
chr11	5126765	5326765	harbor1	chr11	5196202	5196479	DNA/hAT-Charlie	1500	+	138	5196340	69575
chr11	5132426	5332426	harbor1	chr11	5149375	5149727	DNA/hAT-Charlie	1066	+	176	5149551	17125
chr11	5132426	5332426	harbor1	chr11	5188523	5188721	DNA/hAT-Charlie	1127	+	99	5188622	56196
chr11	5132426	5332426	harbor1	chr11	5196202	5196479	DNA/hAT-Charlie	1500	+	138	5196340	63914
chr11	5127151	5327151	harbor1	chr11	5149375	5149727	DNA/hAT-Charlie	1066	+	176	5149551	22400
chr11	5127151	5327151	harbor1	chr11	5188523	5188721	DNA/hAT-Charlie	1127	+	99	5188622	61471
chr11	5127151	5327151	harbor1	chr11	5196202	5196479	DNA/hAT-Charlie	1500	+	138	5196340	69189
chr11	5127128	5327128	harbor1	chr11	5149375	5149727	DNA/hAT-Charlie	1066	+	176	5149551	22423
chr11	5127128	5327128	harbor1	chr11	5188523	5188721	DNA/hAT-Charlie	1127	+	99	5188622	61494
chr11	5127128	5327128	harbor1	chr11	5196202	5196479	DNA/hAT-Charlie	1500	+	138	5196340	69212
chr11	69539231	69739231	harbor1	chr11	69546157	69546302	DNA/hAT-Charlie	445	+	72	69546229	6998
chr11	69539231	69739231	harbor1	chr11	69569341	69569561	DNA/hAT-Charlie	605	+	110	69569451	30220
chr11	69539231	69739231	harbor1	chr11	69626241	69626457	DNA/hAT-Charlie	1490	+	108	69626349	87118
chr11	19964004	20164004	harbor1	chr11	19986942	19987225	DNA/hAT-Charlie	780	+	142	19987084	23080
chr11	19964004	20164004	harbor1	chr11	20031788	20031980	DNA/hAT-Charlie	470	+	96	20031884	67880
chr11	19964004	20164004	harbor1	chr11	20036595	20036893	DNA/hAT-Charlie	565	+	149	20036744	72740
chr11	682162	882162	harbor1	chr11	733950	734172	DNA/hAT-Charlie	619	+	111	734061	51899
chr11	682162	882162	harbor1	chr11	743872	744047	DNA/hAT-Charlie	756	+	88	743960	61798
chr11	5134590	5334590	harbor1	chr11	5149375	5149727	DNA/hAT-Charlie	1066	+	176	5149551	14961
chr11	5134590	5334590	harbor1	chr11	5188523	5188721	DNA/hAT-Charlie	1127	+	99	5188622	54032
chr11	5134590	5334590	harbor1	chr11	5196202	5196479	DNA/hAT-Charlie	1500	+	138	5196340	61750
chr11	76580343	76780343	harbor1	chr11	76595957	76596041	DNA/hAT-Charlie	495	+	42	76595999	15656
chr11	76580343	76780343	harbor1	chr11	76598717	76599027	DNA/hAT-Charlie	1368	+	155	76598872	18529
chr11	76580343	76780343	harbor1	chr11	76607306	76607536	DNA/hAT-Charlie	452	+	115	76607421	27078
chr11	76580343	76780343	harbor1	chr11	76612271	76612410	DNA/hAT-Charlie	472	+	70	76612341	31998
chr11	76580343	76780343	harbor1	chr11	76612460	76612643	DNA/hAT-Charlie	986	+	92	76612552	32209
chr11	76580343	76780343	harbor1	chr11	76612669	76612700	DNA/hAT-Charlie	986	+	16	76612685	32342
chr11	76580343	76780343	harbor1	chr11	76612988	76613265	DNA/hAT-Charlie	986	+	138	76613126	32783
chr11	76580343	76780343	harbor1	chr11	76613362	76613889	DNA/hAT-Charlie	986	+	264	76613626	33283
chr11	76580343	76780343	harbor1	chr11	76649274	76649745	DNA/hAT-Charlie	1913	+	236	76649510	69167
chr11	5134611	5334611	harbor1	chr11	5149375	5149727	DNA/hAT-Charlie	1066	+	176	5149551	14940
chr11	5134611	5334611	harbor1	chr11	5188523	5188721	DNA/hAT-Charlie	1127	+	99	5188622	54011
chr11	5134611	5334611	harbor1	chr11	5196202	5196479	DNA/hAT-Charlie	1500	+	138	5196340	61729
chr11	108021604	108221604	harbor1	chr11	108083882	108084100	DNA/hAT-Charlie	1511	+	109	108083991	62387
chr11	108021604	108221604	harbor1	chr11	108086558	108086851	DNA/hAT-Charlie	839	+	146	108086704	65100
chr11	108021604	108221604	harbor1	chr11	108087018	108087503	DNA/hAT-Charlie	868	+	242	108087260	65656
chr11	108021604	108221604	harbor1	chr11	108111192	108111368	DNA/hAT-Charlie	791	+	88	108111280	89676
chr11	126625737	126825737	harbor1	chr11	126694985	126695196	DNA/hAT-Charlie	864	+	106	126695091	69354
chr11	126625737	126825737	harbor1	chr11	126713926	126714049	DNA/hAT-Charlie	727	+	62	126713988	88251
chr11	126625737	126825737	harbor1	chr11	126714206	126714318	DNA/hAT-Charlie	727	+	56	126714262	88525
chr11	126625737	126825737	harbor1	chr11	126722461	126722686	DNA/hAT-Charlie	1118	+	112	126722573	96836
chr11	64537961	64737961	harbor1	chr11	64539863	64540158	DNA/hAT-Charlie	820	+	148	64540011	2050
chr11	64537961	64737961	harbor1	chr11	64624585	64624805	DNA/hAT-Charlie	711	+	110	64624695	86734
chr11	67166495	67366495	harbor1	chr11	67218440	67218591	DNA/hAT-Charlie	1460	+	76	67218516	52021
chr11	67166495	67366495	harbor1	chr11	67218909	67218988	DNA/hAT-Charlie	1460	+	40	67218949	52454
chr11	67166495	67366495	harbor1	chr11	67251549	67251706	DNA/hAT-Charlie	654	+	78	67251627	85132
chr11	5127270	5327270	harbor1	chr11	5149375	5149727	DNA/hAT-Charlie	1066	+	176	5149551	22281
chr11	5127270	5327270	harbor1	chr11	5188523	5188721	DNA/hAT-Charlie	1127	+	99	5188622	61352
chr11	5127270	5327270	harbor1	chr11	5196202	5196479	DNA/hAT-Charlie	1500	+	138	5196340	69070
chr11	65948237	66148237	harbor1	chr11	66028915	66029028	DNA/hAT-Charlie	1518	+	56	66028971	80734
chr11	65948237	66148237	harbor1	chr11	66029329	66029769	DNA/hAT-Charlie	1518	+	220	66029549	81312
chr11	65948237	66148237	harbor1	chr11	66037006	66037247	DNA/hAT-Charlie	1404	+	120	66037126	88889
chr11	2054542	2254542	harbor1	chr11	2088508	2088645	DNA/hAT-Charlie	498	+	68	2088576	34034
chr11	360421	560421	harbor1	chr11	437034	437313	DNA/hAT-Charlie	1328	+	140	437174	76753
chr11	5134672	5334672	harbor1	chr11	5149375	5149727	DNA/hAT-Charlie	1066	+	176	5149551	14879
chr11	5134672	5334672	harbor1	chr11	5188523	5188721	DNA/hAT-Charlie	1127	+	99	5188622	53950
chr11	5134672	5334672	harbor1	chr11	5196202	5196479	DNA/hAT-Charlie	1500	+	138	5196340	61668
chr11	5134217	5334217	harbor1	chr11	5149375	5149727	DNA/hAT-Charlie	1066	+	176	5149551	15334
chr11	5134217	5334217	harbor1	chr11	5188523	5188721	DNA/hAT-Charlie	1127	+	99	5188622	54405
chr11	5134217	5334217	harbor1	chr11	5196202	5196479	DNA/hAT-Charlie	1500	+	138	5196340	62123
chr11	5134433	5334433	harbor1	chr11	5149375	5149727	DNA/hAT-Charlie	1066	+	176	5149551	15118
chr11	5134433	5334433	harbor1	chr11	5188523	5188721	DNA/hAT-Charlie	1127	+	99	5188622	54189
chr11	5134433	5334433	harbor1	chr11	5196202	5196479	DNA/hAT-Charlie	1500	+	138	5196340	61907
chr11	57399763	57599763	harbor1	chr11	57416766	57416918	DNA/hAT-Charlie	485	+	76	57416842	17079
chr11	57399763	57599763	harbor1	chr11	57451266	57451480	DNA/hAT-Charlie	427	+	107	57451373	51610
chr11	57399763	57599763	harbor1	chr11	57466768	57466972	DNA/hAT-Charlie	1175	+	102	57466870	67107
chr11	57399763	57599763	harbor1	chr11	57475791	57475961	DNA/hAT-Charlie	403	+	85	57475876	76113
chr11	57399763	57599763	harbor1	chr11	57489561	57489744	DNA/hAT-Charlie	401	+	92	57489653	89890
chr11	5132683	5332683	harbor1	chr11	5149375	5149727	DNA/hAT-Charlie	1066	+	176	5149551	16868
chr11	5132683	5332683	harbor1	chr11	5188523	5188721	DNA/hAT-Charlie	1127	+	99	5188622	55939
chr11	5132683	5332683	harbor1	chr11	5196202	5196479	DNA/hAT-Charlie	1500	+	138	5196340	63657
chr11	5128063	5328063	harbor1	chr11	5149375	5149727	DNA/hAT-Charlie	1066	+	176	5149551	21488
chr11	5128063	5328063	harbor1	chr11	5188523	5188721	DNA/hAT-Charlie	1127	+	99	5188622	60559
chr11	5128063	5328063	harbor1	chr11	5196202	5196479	DNA/hAT-Charlie	1500	+	138	5196340	68277
chr11	76580230	76780230	harbor1	chr11	76595957	76596041	DNA/hAT-Charlie	495	+	42	76595999	15769
chr11	76580230	76780230	harbor1	chr11	76598717	76599027	DNA/hAT-Charlie	1368	+	155	76598872	18642
chr11	76580230	76780230	harbor1	chr11	76607306	76607536	DNA/hAT-Charlie	452	+	115	76607421	27191
chr11	76580230	76780230	harbor1	chr11	76612271	76612410	DNA/hAT-Charlie	472	+	70	76612341	32111
chr11	76580230	76780230	harbor1	chr11	76612460	76612643	DNA/hAT-Charlie	986	+	92	76612552	32322
chr11	76580230	76780230	harbor1	chr11	76612669	76612700	DNA/hAT-Charlie	986	+	16	76612685	32455
chr11	76580230	76780230	harbor1	chr11	76612988	76613265	DNA/hAT-Charlie	986	+	138	76613126	32896
chr11	76580230	76780230	harbor1	chr11	76613362	76613889	DNA/hAT-Charlie	986	+	264	76613626	33396
chr11	76580230	76780230	harbor1	chr11	76649274	76649745	DNA/hAT-Charlie	1913	+	236	76649510	69280
chr11	108021628	108221628	harbor1	chr11	108083882	108084100	DNA/hAT-Charlie	1511	+	109	108083991	62363
chr11	108021628	108221628	harbor1	chr11	108086558	108086851	DNA/hAT-Charlie	839	+	146	108086704	65076
chr11	108021628	108221628	harbor1	chr11	108087018	108087503	DNA/hAT-Charlie	868	+	242	108087260	65632
chr11	108021628	108221628	harbor1	chr11	108111192	108111368	DNA/hAT-Charlie	791	+	88	108111280	89652
chr11	11317231	11517231	harbor1	chr11	11347373	11347543	DNA/hAT-Charlie	575	+	85	11347458	30227
chr11	108021537	108221537	harbor1	chr11	108083882	108084100	DNA/hAT-Charlie	1511	+	109	108083991	62454
chr11	108021537	108221537	harbor1	chr11	108086558	108086851	DNA/hAT-Charlie	839	+	146	108086704	65167
chr11	108021537	108221537	harbor1	chr11	108087018	108087503	DNA/hAT-Charlie	868	+	242	108087260	65723
chr11	108021537	108221537	harbor1	chr11	108111192	108111368	DNA/hAT-Charlie	791	+	88	108111280	89743
chr11	5127315	5327315	harbor1	chr11	5149375	5149727	DNA/hAT-Charlie	1066	+	176	5149551	22236
chr11	5127315	5327315	harbor1	chr11	5188523	5188721	DNA/hAT-Charlie	1127	+	99	5188622	61307
chr11	5127315	5327315	harbor1	chr11	5196202	5196479	DNA/hAT-Charlie	1500	+	138	5196340	69025
chr11	5126814	5326814	harbor1	chr11	5149375	5149727	DNA/hAT-Charlie	1066	+	176	5149551	22737
chr11	5126814	5326814	harbor1	chr11	5188523	5188721	DNA/hAT-Charlie	1127	+	99	5188622	61808
chr11	5126814	5326814	harbor1	chr11	5196202	5196479	DNA/hAT-Charlie	1500	+	138	5196340	69526
chr11	3724852	3924852	harbor1	chr11	3742931	3743007	DNA/hAT-Charlie	458	+	38	3742969	18117
chr11	3724852	3924852	harbor1	chr11	3743317	3743364	DNA/hAT-Charlie	458	+	24	3743341	18489
chr11	3724852	3924852	harbor1	chr11	3743667	3743767	DNA/hAT-Charlie	458	+	50	3743717	18865
chr11	3724852	3924852	harbor1	chr11	3757885	3758033	DNA/hAT-Charlie	721	+	74	3757959	33107
chr11	3724852	3924852	harbor1	chr11	3785204	3785422	DNA/hAT-Charlie	503	+	109	3785313	60461
chr11	3724852	3924852	harbor1	chr11	3790424	3790892	DNA/hAT-Charlie	1755	+	234	3790658	65806
chr11	3724852	3924852	harbor1	chr11	3791195	3791246	DNA/hAT-Charlie	1755	+	26	3791221	66369
chr11	3724852	3924852	harbor1	chr11	3792209	3792340	DNA/hAT-Charlie	1578	+	66	3792275	67423
chr11	3724852	3924852	harbor1	chr11	3792640	3792836	DNA/hAT-Charlie	1578	+	98	3792738	67886
chr11	3724852	3924852	harbor1	chr11	3793132	3793258	DNA/hAT-Charlie	1578	+	63	3793195	68343
chr11	3724852	3924852	harbor1	chr11	3794015	3794207	DNA/hAT-Charlie	692	+	96	3794111	69259
chr11	46601439	46801439	harbor1	chr11	46643762	46643896	DNA/hAT-Charlie	419	+	67	46643829	42390
chr11	46601439	46801439	harbor1	chr11	46652889	46653096	DNA/hAT-Charlie	885	+	104	46652993	51554
chr11	68332149	68532149	harbor1	chr11	68380174	68380476	DNA/hAT-Charlie	939	+	151	68380325	48176
chr11	68332149	68532149	harbor1	chr11	68398549	68398747	DNA/hAT-Charlie	777	+	99	68398648	66499
chr11	68332149	68532149	harbor1	chr11	68399017	68399045	DNA/hAT-Charlie	777	+	14	68399031	66882
chr11	68332149	68532149	harbor1	chr11	68399394	68399521	DNA/hAT-Charlie	777	+	64	68399458	67309
chr11	68332149	68532149	harbor1	chr11	68407498	68407558	DNA/hAT-Charlie	656	+	30	68407528	75379
chr11	68332149	68532149	harbor1	chr11	68407860	68408009	DNA/hAT-Charlie	656	+	74	68407934	75785
chr11	3991985	4191985	harbor1	chr11	4044830	4045026	DNA/hAT-Charlie	942	+	98	4044928	52943
chr11	3991985	4191985	harbor1	chr11	4053927	4054130	DNA/hAT-Charlie	1248	+	102	4054029	62044
chr11	3991985	4191985	harbor1	chr11	4054392	4054731	DNA/hAT-Charlie	2436	+	170	4054562	62577
chr11	3991985	4191985	harbor1	chr11	4079803	4079935	DNA/hAT-Charlie	641	+	66	4079869	87884
chr11	3991985	4191985	harbor1	chr11	4080267	4080308	DNA/hAT-Charlie	641	+	20	4080287	88302
chr11	111440845	111640845	harbor1	chr11	111446393	111446553	DNA/hAT-Charlie	560	+	80	111446473	5628
chr11	111440845	111640845	harbor1	chr11	111446848	111446982	DNA/hAT-Charlie	639	+	67	111446915	6070
chr11	111440845	111640845	harbor1	chr11	111465297	111465418	DNA/hAT-Charlie	533	+	60	111465357	24512
chr11	111440845	111640845	harbor1	chr11	111465840	111465920	DNA/hAT-Charlie	445	+	40	111465880	25035
chr11	111440845	111640845	harbor1	chr11	111472353	111472551	DNA/hAT-Charlie	1068	+	99	111472452	31607
chr11	5127068	5327068	harbor1	chr11	5149375	5149727	DNA/hAT-Charlie	1066	+	176	5149551	22483
chr11	5127068	5327068	harbor1	chr11	5188523	5188721	DNA/hAT-Charlie	1127	+	99	5188622	61554
chr11	5127068	5327068	harbor1	chr11	5196202	5196479	DNA/hAT-Charlie	1500	+	138	5196340	69272
chr11	66158730	66358730	harbor1	chr11	66195834	66196055	DNA/hAT-Charlie	990	+	110	66195944	37214
chr11	66158730	66358730	harbor1	chr11	66196240	66196614	DNA/hAT-Charlie	2623	+	187	66196427	37697
chr11	66158730	66358730	harbor1	chr11	66196898	66197139	DNA/hAT-Charlie	2623	+	120	66197018	38288
chr11	66158730	66358730	harbor1	chr11	66197363	66197511	DNA/hAT-Charlie	2027	+	74	66197437	38707
chr11	66158730	66358730	harbor1	chr11	66197822	66198022	DNA/hAT-Charlie	2027	+	100	66197922	39192
chr11	66158730	66358730	harbor1	chr11	66198793	66198971	DNA/hAT-Charlie	2027	+	89	66198882	40152
chr11	66158730	66358730	harbor1	chr11	66226356	66226576	DNA/hAT-Charlie	1285	+	110	66226466	67736
chr11	66158730	66358730	harbor1	chr11	66236032	66236230	DNA/hAT-Charlie	832	+	99	66236131	77401
chr11	3928045	4128045	harbor1	chr11	3959720	3960952	DNA/hAT-Charlie	5691	+	616	3960336	32291
chr11	3928045	4128045	harbor1	chr11	3965089	3965304	DNA/hAT-Charlie	1232	+	108	3965197	37152
chr11	3928045	4128045	harbor1	chr11	3989605	3989859	DNA/hAT-Charlie	1375	+	127	3989732	61687
chr11	2055751	2255751	harbor1	chr11	2088508	2088645	DNA/hAT-Charlie	498	+	68	2088576	32825
chr11	2205456	2405456	harbor1	chr11	2244164	2244384	DNA/hAT-Charlie	1525	+	110	2244274	38818
chr11	2205456	2405456	harbor1	chr11	2265660	2265838	DNA/hAT-Charlie	1202	+	89	2265749	60293
chr11	404117	604117	harbor1	chr11	437034	437313	DNA/hAT-Charlie	1328	+	140	437174	33057
chr11	5127332	5327332	harbor1	chr11	5149375	5149727	DNA/hAT-Charlie	1066	+	176	5149551	22219
chr11	5127332	5327332	harbor1	chr11	5188523	5188721	DNA/hAT-Charlie	1127	+	99	5188622	61290
chr11	5127332	5327332	harbor1	chr11	5196202	5196479	DNA/hAT-Charlie	1500	+	138	5196340	69008
chr11	68332104	68532104	harbor1	chr11	68380174	68380476	DNA/hAT-Charlie	939	+	151	68380325	48221
chr11	68332104	68532104	harbor1	chr11	68398549	68398747	DNA/hAT-Charlie	777	+	99	68398648	66544
chr11	68332104	68532104	harbor1	chr11	68399017	68399045	DNA/hAT-Charlie	777	+	14	68399031	66927
chr11	68332104	68532104	harbor1	chr11	68399394	68399521	DNA/hAT-Charlie	777	+	64	68399458	67354
chr11	68332104	68532104	harbor1	chr11	68407498	68407558	DNA/hAT-Charlie	656	+	30	68407528	75424
chr11	68332104	68532104	harbor1	chr11	68407860	68408009	DNA/hAT-Charlie	656	+	74	68407934	75830
chr11	47452681	47652681	harbor1	chr11	47460199	47460293	DNA/hAT-Charlie	477	+	47	47460246	7565
chr11	47452681	47652681	harbor1	chr11	47460572	47460661	DNA/hAT-Charlie	477	+	44	47460616	7935
chr11	64537990	64737990	harbor1	chr11	64539863	64540158	DNA/hAT-Charlie	820	+	148	64540011	2021
chr11	64537990	64737990	harbor1	chr11	64624585	64624805	DNA/hAT-Charlie	711	+	110	64624695	86705
chr11	5134553	5334553	harbor1	chr11	5149375	5149727	DNA/hAT-Charlie	1066	+	176	5149551	14998
chr11	5134553	5334553	harbor1	chr11	5188523	5188721	DNA/hAT-Charlie	1127	+	99	5188622	54069
chr11	5134553	5334553	harbor1	chr11	5196202	5196479	DNA/hAT-Charlie	1500	+	138	5196340	61787
chr11	5126802	5326802	harbor1	chr11	5149375	5149727	DNA/hAT-Charlie	1066	+	176	5149551	22749
chr11	5126802	5326802	harbor1	chr11	5188523	5188721	DNA/hAT-Charlie	1127	+	99	5188622	61820
chr11	5126802	5326802	harbor1	chr11	5196202	5196479	DNA/hAT-Charlie	1500	+	138	5196340	69538
chr11	77082674	77282674	harbor1	chr11	77102006	77102183	DNA/hAT-Charlie	787	+	88	77102094	19420
chr11	77082674	77282674	harbor1	chr11	77180781	77181078	DNA/hAT-Charlie	1253	+	148	77180929	98255
chr11	2054500	2254500	harbor1	chr11	2088508	2088645	DNA/hAT-Charlie	498	+	68	2088576	34076
chr11	123512082	123712082	harbor1	chr11	123512803	123512942	DNA/hAT-Charlie	597	+	70	123512873	791
chr11	123512082	123712082	harbor1	chr11	123532625	123532931	DNA/hAT-Charlie	1022	+	153	123532778	20696
chr11	123512082	123712082	harbor1	chr11	123543780	123543974	DNA/hAT-Charlie	893	+	97	123543877	31795
chr11	67367888	67567888	harbor1	chr11	67429748	67429812	DNA/hAT-Charlie	1208	+	32	67429780	61892
chr11	67367888	67567888	harbor1	chr11	67430733	67430895	DNA/hAT-Charlie	1208	+	81	67430814	62926
chr11	67367888	67567888	harbor1	chr11	67462219	67462356	DNA/hAT-Charlie	526	+	68	67462287	94399
chr11	67367888	67567888	harbor1	chr11	67462653	67462690	DNA/hAT-Charlie	526	+	18	67462671	94783
chr11	67367888	67567888	harbor1	chr11	67462992	67463074	DNA/hAT-Charlie	526	+	41	67463033	95145
chr11	6201425	6401425	harbor1	chr11	6204647	6204824	DNA/hAT-Charlie	851	+	88	6204735	3310
chr11	6201425	6401425	harbor1	chr11	6291721	6291842	DNA/hAT-Charlie	586	+	60	6291781	90356
chr11	2487118	2687118	harbor1	chr11	2537149	2537347	DNA/hAT-Charlie	594	+	99	2537248	50130
chr11	2487118	2687118	harbor1	chr11	2556405	2556627	DNA/hAT-Charlie	865	+	111	2556516	69398
chr11	117886589	118086589	harbor1	chr11	117891421	117892055	DNA/hAT-Charlie	2971	+	317	117891738	5149
chr11	117886589	118086589	harbor1	chr11	117892369	117892459	DNA/hAT-Charlie	2971	+	45	117892414	5825
chr11	117886589	118086589	harbor1	chr11	117894521	117895085	DNA/hAT-Charlie	2403	+	282	117894803	8214
chr11	117886589	118086589	harbor1	chr11	117912120	117912259	DNA/hAT-Charlie	536	+	70	117912190	25601
chr11	117886589	118086589	harbor1	chr11	117912270	117912396	DNA/hAT-Charlie	464	+	63	117912333	25744
chr11	117886589	118086589	harbor1	chr11	117950303	117950479	DNA/hAT-Charlie	869	+	88	117950391	63802
chr11	5134020	5334020	harbor1	chr11	5149375	5149727	DNA/hAT-Charlie	1066	+	176	5149551	15531
chr11	5134020	5334020	harbor1	chr11	5188523	5188721	DNA/hAT-Charlie	1127	+	99	5188622	54602
chr11	5134020	5334020	harbor1	chr11	5196202	5196479	DNA/hAT-Charlie	1500	+	138	5196340	62320
chr11	67891296	68091296	harbor1	chr11	67907915	67908131	DNA/hAT-Charlie	841	+	108	67908023	16727
chr11	67891296	68091296	harbor1	chr11	67930146	67930366	DNA/hAT-Charlie	720	+	110	67930256	38960
chr11	67891296	68091296	harbor1	chr11	67951991	67952169	DNA/hAT-Charlie	657	+	89	67952080	60784
chr11	5127223	5327223	harbor1	chr11	5149375	5149727	DNA/hAT-Charlie	1066	+	176	5149551	22328
chr11	5127223	5327223	harbor1	chr11	5188523	5188721	DNA/hAT-Charlie	1127	+	99	5188622	61399
chr11	5127223	5327223	harbor1	chr11	5196202	5196479	DNA/hAT-Charlie	1500	+	138	5196340	69117
chr11	64627077	64827077	harbor1	chr11	64672490	64672651	DNA/hAT-Charlie	523	+	80	64672570	45493
chr11	64627077	64827077	harbor1	chr11	64708626	64708909	DNA/hAT-Charlie	459	+	142	64708768	81691
chr11	64627077	64827077	harbor1	chr11	64709214	64709245	DNA/hAT-Charlie	459	+	16	64709230	82153
chr11	76517780	76717780	harbor1	chr11	76532903	76533058	DNA/hAT-Charlie	620	+	78	76532981	15201
chr11	76517780	76717780	harbor1	chr11	76595957	76596041	DNA/hAT-Charlie	495	+	42	76595999	78219
chr11	76517780	76717780	harbor1	chr11	76598717	76599027	DNA/hAT-Charlie	1368	+	155	76598872	81092
chr11	76517780	76717780	harbor1	chr11	76607306	76607536	DNA/hAT-Charlie	452	+	115	76607421	89641
chr11	76517780	76717780	harbor1	chr11	76612271	76612410	DNA/hAT-Charlie	472	+	70	76612341	94561
chr11	76517780	76717780	harbor1	chr11	76612460	76612643	DNA/hAT-Charlie	986	+	92	76612552	94772
chr11	76517780	76717780	harbor1	chr11	76612669	76612700	DNA/hAT-Charlie	986	+	16	76612685	94905
chr11	76517780	76717780	harbor1	chr11	76612988	76613265	DNA/hAT-Charlie	986	+	138	76613126	95346
chr11	76517780	76717780	harbor1	chr11	76613362	76613889	DNA/hAT-Charlie	986	+	264	76613626	95846
chr11	70722515	70922515	harbor1	chr11	70733503	70733686	DNA/hAT-Charlie	843	+	92	70733595	11080
chr11	76581027	76781027	harbor1	chr11	76595957	76596041	DNA/hAT-Charlie	495	+	42	76595999	14972
chr11	76581027	76781027	harbor1	chr11	76598717	76599027	DNA/hAT-Charlie	1368	+	155	76598872	17845
chr11	76581027	76781027	harbor1	chr11	76607306	76607536	DNA/hAT-Charlie	452	+	115	76607421	26394
chr11	76581027	76781027	harbor1	chr11	76612271	76612410	DNA/hAT-Charlie	472	+	70	76612341	31314
chr11	76581027	76781027	harbor1	chr11	76612460	76612643	DNA/hAT-Charlie	986	+	92	76612552	31525
chr11	76581027	76781027	harbor1	chr11	76612669	76612700	DNA/hAT-Charlie	986	+	16	76612685	31658
chr11	76581027	76781027	harbor1	chr11	76612988	76613265	DNA/hAT-Charlie	986	+	138	76613126	32099
chr11	76581027	76781027	harbor1	chr11	76613362	76613889	DNA/hAT-Charlie	986	+	264	76613626	32599
chr11	76581027	76781027	harbor1	chr11	76649274	76649745	DNA/hAT-Charlie	1913	+	236	76649510	68483
chr11	111440865	111640865	harbor1	chr11	111446393	111446553	DNA/hAT-Charlie	560	+	80	111446473	5608
chr11	111440865	111640865	harbor1	chr11	111446848	111446982	DNA/hAT-Charlie	639	+	67	111446915	6050
chr11	111440865	111640865	harbor1	chr11	111465297	111465418	DNA/hAT-Charlie	533	+	60	111465357	24492
chr11	111440865	111640865	harbor1	chr11	111465840	111465920	DNA/hAT-Charlie	445	+	40	111465880	25015
chr11	111440865	111640865	harbor1	chr11	111472353	111472551	DNA/hAT-Charlie	1068	+	99	111472452	31587
chr11	120126957	120326957	harbor1	chr11	120196283	120196443	DNA/hAT-Charlie	606	+	80	120196363	69406
chr11	120126957	120326957	harbor1	chr11	120214926	120215086	DNA/hAT-Charlie	761	+	80	120215006	88049
chr11	120126957	120326957	harbor1	chr11	120215339	120215383	DNA/hAT-Charlie	761	+	22	120215361	88404
chr11	5129651	5329651	harbor1	chr11	5149375	5149727	DNA/hAT-Charlie	1066	+	176	5149551	19900
chr11	5129651	5329651	harbor1	chr11	5188523	5188721	DNA/hAT-Charlie	1127	+	99	5188622	58971
chr11	5129651	5329651	harbor1	chr11	5196202	5196479	DNA/hAT-Charlie	1500	+	138	5196340	66689
chr11	7991379	8191379	harbor1	chr11	8020038	8020203	DNA/hAT-Charlie	435	+	82	8020120	28741
chr11	7991379	8191379	harbor1	chr11	8032459	8032549	DNA/hAT-Charlie	405	+	45	8032504	41125
chr11	7991379	8191379	harbor1	chr11	8049346	8049453	DNA/hAT-Charlie	520	+	54	8049400	58021
chr11	2054484	2254484	harbor1	chr11	2088508	2088645	DNA/hAT-Charlie	498	+	68	2088576	34092
chr11	67368638	67568638	harbor1	chr11	67429748	67429812	DNA/hAT-Charlie	1208	+	32	67429780	61142
chr11	67368638	67568638	harbor1	chr11	67430733	67430895	DNA/hAT-Charlie	1208	+	81	67430814	62176
chr11	67368638	67568638	harbor1	chr11	67462219	67462356	DNA/hAT-Charlie	526	+	68	67462287	93649
chr11	67368638	67568638	harbor1	chr11	67462653	67462690	DNA/hAT-Charlie	526	+	18	67462671	94033
chr11	67368638	67568638	harbor1	chr11	67462992	67463074	DNA/hAT-Charlie	526	+	41	67463033	94395
chr11	626794	826794	harbor1	chr11	661918	662014	DNA/hAT-Charlie	990	+	48	661966	35172
chr11	626794	826794	harbor1	chr11	662299	662374	DNA/hAT-Charlie	990	+	38	662337	35543
chr11	64627021	64827021	harbor1	chr11	64672490	64672651	DNA/hAT-Charlie	523	+	80	64672570	45549
chr11	64627021	64827021	harbor1	chr11	64708626	64708909	DNA/hAT-Charlie	459	+	142	64708768	81747
chr11	64627021	64827021	harbor1	chr11	64709214	64709245	DNA/hAT-Charlie	459	+	16	64709230	82209
chr11	67369241	67569241	harbor1	chr11	67429748	67429812	DNA/hAT-Charlie	1208	+	32	67429780	60539
chr11	67369241	67569241	harbor1	chr11	67430733	67430895	DNA/hAT-Charlie	1208	+	81	67430814	61573
chr11	67369241	67569241	harbor1	chr11	67462219	67462356	DNA/hAT-Charlie	526	+	68	67462287	93046
chr11	67369241	67569241	harbor1	chr11	67462653	67462690	DNA/hAT-Charlie	526	+	18	67462671	93430
chr11	67369241	67569241	harbor1	chr11	67462992	67463074	DNA/hAT-Charlie	526	+	41	67463033	93792
chr11	47086441	47286441	harbor1	chr11	47102426	47102639	DNA/hAT-Charlie	801	+	106	47102532	16091
chr11	5127218	5327218	harbor1	chr11	5149375	5149727	DNA/hAT-Charlie	1066	+	176	5149551	22333
chr11	5127218	5327218	harbor1	chr11	5188523	5188721	DNA/hAT-Charlie	1127	+	99	5188622	61404
chr11	5127218	5327218	harbor1	chr11	5196202	5196479	DNA/hAT-Charlie	1500	+	138	5196340	69122
chr11	57374327	57574327	harbor1	chr11	57379245	57379412	DNA/hAT-Charlie	939	+	84	57379329	5002
chr11	57374327	57574327	harbor1	chr11	57416766	57416918	DNA/hAT-Charlie	485	+	76	57416842	42515
chr11	57374327	57574327	harbor1	chr11	57451266	57451480	DNA/hAT-Charlie	427	+	107	57451373	77046
chr11	57374327	57574327	harbor1	chr11	57466768	57466972	DNA/hAT-Charlie	1175	+	102	57466870	92543
chr11	5126735	5326735	harbor1	chr11	5149375	5149727	DNA/hAT-Charlie	1066	+	176	5149551	22816
chr11	5126735	5326735	harbor1	chr11	5188523	5188721	DNA/hAT-Charlie	1127	+	99	5188622	61887
chr11	5126735	5326735	harbor1	chr11	5196202	5196479	DNA/hAT-Charlie	1500	+	138	5196340	69605
chr11	134025232	134225232	harbor1	chr11	134043346	134043561	DNA/hAT-Charlie	891	+	108	134043454	18222
chr11	134025232	134225232	harbor1	chr11	134062594	134062919	DNA/hAT-Charlie	1596	+	162	134062756	37524
chr11	134025232	134225232	harbor1	chr11	134109401	134109529	DNA/hAT-Charlie	729	+	64	134109465	84233
chr11	134025232	134225232	harbor1	chr11	134109984	134110035	DNA/hAT-Charlie	729	+	26	134110010	84778
chr11	76566217	76766217	harbor1	chr11	76595957	76596041	DNA/hAT-Charlie	495	+	42	76595999	29782
chr11	76566217	76766217	harbor1	chr11	76598717	76599027	DNA/hAT-Charlie	1368	+	155	76598872	32655
chr11	76566217	76766217	harbor1	chr11	76607306	76607536	DNA/hAT-Charlie	452	+	115	76607421	41204
chr11	76566217	76766217	harbor1	chr11	76612271	76612410	DNA/hAT-Charlie	472	+	70	76612341	46124
chr11	76566217	76766217	harbor1	chr11	76612460	76612643	DNA/hAT-Charlie	986	+	92	76612552	46335
chr11	76566217	76766217	harbor1	chr11	76612669	76612700	DNA/hAT-Charlie	986	+	16	76612685	46468
chr11	76566217	76766217	harbor1	chr11	76612988	76613265	DNA/hAT-Charlie	986	+	138	76613126	46909
chr11	76566217	76766217	harbor1	chr11	76613362	76613889	DNA/hAT-Charlie	986	+	264	76613626	47409
chr11	76566217	76766217	harbor1	chr11	76649274	76649745	DNA/hAT-Charlie	1913	+	236	76649510	83293
chr11	5134206	5334206	harbor1	chr11	5149375	5149727	DNA/hAT-Charlie	1066	+	176	5149551	15345
chr11	5134206	5334206	harbor1	chr11	5188523	5188721	DNA/hAT-Charlie	1127	+	99	5188622	54416
chr11	5134206	5334206	harbor1	chr11	5196202	5196479	DNA/hAT-Charlie	1500	+	138	5196340	62134
chr11	64612771	64812771	harbor1	chr11	64624585	64624805	DNA/hAT-Charlie	711	+	110	64624695	11924
chr11	64612771	64812771	harbor1	chr11	64672490	64672651	DNA/hAT-Charlie	523	+	80	64672570	59799
chr11	64612771	64812771	harbor1	chr11	64708626	64708909	DNA/hAT-Charlie	459	+	142	64708768	95997
chr11	64612771	64812771	harbor1	chr11	64709214	64709245	DNA/hAT-Charlie	459	+	16	64709230	96459
chr11	64914628	65114628	harbor1	chr11	64917999	64918287	DNA/hAT-Charlie	1354	+	144	64918143	3515
chr11	64914628	65114628	harbor1	chr11	64955079	64955883	DNA/hAT-Charlie	4294	+	402	64955481	40853
chr11	64914628	65114628	harbor1	chr11	64956511	64956760	DNA/hAT-Charlie	4294	+	124	64956635	42007
chr11	66122791	66322791	harbor1	chr11	66195834	66196055	DNA/hAT-Charlie	990	+	110	66195944	73153
chr11	66122791	66322791	harbor1	chr11	66196240	66196614	DNA/hAT-Charlie	2623	+	187	66196427	73636
chr11	66122791	66322791	harbor1	chr11	66196898	66197139	DNA/hAT-Charlie	2623	+	120	66197018	74227
chr11	66122791	66322791	harbor1	chr11	66197363	66197511	DNA/hAT-Charlie	2027	+	74	66197437	74646
chr11	66122791	66322791	harbor1	chr11	66197822	66198022	DNA/hAT-Charlie	2027	+	100	66197922	75131
chr11	66122791	66322791	harbor1	chr11	66198793	66198971	DNA/hAT-Charlie	2027	+	89	66198882	76091
chr11	133733693	133933693	harbor1	chr11	133780487	133780648	DNA/hAT-Charlie	603	+	80	133780567	46874
chr11	5127023	5327023	harbor1	chr11	5149375	5149727	DNA/hAT-Charlie	1066	+	176	5149551	22528
chr11	5127023	5327023	harbor1	chr11	5188523	5188721	DNA/hAT-Charlie	1127	+	99	5188622	61599
chr11	5127023	5327023	harbor1	chr11	5196202	5196479	DNA/hAT-Charlie	1500	+	138	5196340	69317
chr11	5132776	5332776	harbor1	chr11	5149375	5149727	DNA/hAT-Charlie	1066	+	176	5149551	16775
chr11	5132776	5332776	harbor1	chr11	5188523	5188721	DNA/hAT-Charlie	1127	+	99	5188622	55846
chr11	5132776	5332776	harbor1	chr11	5196202	5196479	DNA/hAT-Charlie	1500	+	138	5196340	63564
chr11	69539285	69739285	harbor1	chr11	69546157	69546302	DNA/hAT-Charlie	445	+	72	69546229	6944
chr11	69539285	69739285	harbor1	chr11	69569341	69569561	DNA/hAT-Charlie	605	+	110	69569451	30166
chr11	69539285	69739285	harbor1	chr11	69626241	69626457	DNA/hAT-Charlie	1490	+	108	69626349	87064
chr11	5125096	5325096	harbor1	chr11	5149375	5149727	DNA/hAT-Charlie	1066	+	176	5149551	24455
chr11	5125096	5325096	harbor1	chr11	5188523	5188721	DNA/hAT-Charlie	1127	+	99	5188622	63526
chr11	5125096	5325096	harbor1	chr11	5196202	5196479	DNA/hAT-Charlie	1500	+	138	5196340	71244
chr11	66158626	66358626	harbor1	chr11	66195834	66196055	DNA/hAT-Charlie	990	+	110	66195944	37318
chr11	66158626	66358626	harbor1	chr11	66196240	66196614	DNA/hAT-Charlie	2623	+	187	66196427	37801
chr11	66158626	66358626	harbor1	chr11	66196898	66197139	DNA/hAT-Charlie	2623	+	120	66197018	38392
chr11	66158626	66358626	harbor1	chr11	66197363	66197511	DNA/hAT-Charlie	2027	+	74	66197437	38811
chr11	66158626	66358626	harbor1	chr11	66197822	66198022	DNA/hAT-Charlie	2027	+	100	66197922	39296
chr11	66158626	66358626	harbor1	chr11	66198793	66198971	DNA/hAT-Charlie	2027	+	89	66198882	40256
chr11	66158626	66358626	harbor1	chr11	66226356	66226576	DNA/hAT-Charlie	1285	+	110	66226466	67840
chr11	66158626	66358626	harbor1	chr11	66236032	66236230	DNA/hAT-Charlie	832	+	99	66236131	77505
chr11	66158676	66358676	harbor1	chr11	66195834	66196055	DNA/hAT-Charlie	990	+	110	66195944	37268
chr11	66158676	66358676	harbor1	chr11	66196240	66196614	DNA/hAT-Charlie	2623	+	187	66196427	37751
chr11	66158676	66358676	harbor1	chr11	66196898	66197139	DNA/hAT-Charlie	2623	+	120	66197018	38342
chr11	66158676	66358676	harbor1	chr11	66197363	66197511	DNA/hAT-Charlie	2027	+	74	66197437	38761
chr11	66158676	66358676	harbor1	chr11	66197822	66198022	DNA/hAT-Charlie	2027	+	100	66197922	39246
chr11	66158676	66358676	harbor1	chr11	66198793	66198971	DNA/hAT-Charlie	2027	+	89	66198882	40206
chr11	66158676	66358676	harbor1	chr11	66226356	66226576	DNA/hAT-Charlie	1285	+	110	66226466	67790
chr11	66158676	66358676	harbor1	chr11	66236032	66236230	DNA/hAT-Charlie	832	+	99	66236131	77455
chr11	6201391	6401391	harbor1	chr11	6204647	6204824	DNA/hAT-Charlie	851	+	88	6204735	3344
chr11	6201391	6401391	harbor1	chr11	6291721	6291842	DNA/hAT-Charlie	586	+	60	6291781	90390
chr11	76581063	76781063	harbor1	chr11	76595957	76596041	DNA/hAT-Charlie	495	+	42	76595999	14936
chr11	76581063	76781063	harbor1	chr11	76598717	76599027	DNA/hAT-Charlie	1368	+	155	76598872	17809
chr11	76581063	76781063	harbor1	chr11	76607306	76607536	DNA/hAT-Charlie	452	+	115	76607421	26358
chr11	76581063	76781063	harbor1	chr11	76612271	76612410	DNA/hAT-Charlie	472	+	70	76612341	31278
chr11	76581063	76781063	harbor1	chr11	76612460	76612643	DNA/hAT-Charlie	986	+	92	76612552	31489
chr11	76581063	76781063	harbor1	chr11	76612669	76612700	DNA/hAT-Charlie	986	+	16	76612685	31622
chr11	76581063	76781063	harbor1	chr11	76612988	76613265	DNA/hAT-Charlie	986	+	138	76613126	32063
chr11	76581063	76781063	harbor1	chr11	76613362	76613889	DNA/hAT-Charlie	986	+	264	76613626	32563
chr11	76581063	76781063	harbor1	chr11	76649274	76649745	DNA/hAT-Charlie	1913	+	236	76649510	68447
chr11	124700054	124900054	harbor1	chr11	124705665	124705859	DNA/hAT-Charlie	988	+	97	124705762	5708
chr11	124700054	124900054	harbor1	chr11	124768071	124768245	DNA/hAT-Charlie	838	+	87	124768158	68104
chr11	124700054	124900054	harbor1	chr11	124787135	124787371	DNA/hAT-Charlie	428	+	118	124787253	87199
chr11	124700054	124900054	harbor1	chr11	124792011	124792116	DNA/hAT-Charlie	410	+	52	124792063	92009
chr11	124700054	124900054	harbor1	chr11	124793155	124793377	DNA/hAT-Charlie	540	+	111	124793266	93212
chr11	124700054	124900054	harbor1	chr11	124793393	124793493	DNA/hAT-Charlie	406	+	50	124793443	93389
chr11	76517810	76717810	harbor1	chr11	76532903	76533058	DNA/hAT-Charlie	620	+	78	76532981	15171
chr11	76517810	76717810	harbor1	chr11	76595957	76596041	DNA/hAT-Charlie	495	+	42	76595999	78189
chr11	76517810	76717810	harbor1	chr11	76598717	76599027	DNA/hAT-Charlie	1368	+	155	76598872	81062
chr11	76517810	76717810	harbor1	chr11	76607306	76607536	DNA/hAT-Charlie	452	+	115	76607421	89611
chr11	76517810	76717810	harbor1	chr11	76612271	76612410	DNA/hAT-Charlie	472	+	70	76612341	94531
chr11	76517810	76717810	harbor1	chr11	76612460	76612643	DNA/hAT-Charlie	986	+	92	76612552	94742
chr11	76517810	76717810	harbor1	chr11	76612669	76612700	DNA/hAT-Charlie	986	+	16	76612685	94875
chr11	76517810	76717810	harbor1	chr11	76612988	76613265	DNA/hAT-Charlie	986	+	138	76613126	95316
chr11	76517810	76717810	harbor1	chr11	76613362	76613889	DNA/hAT-Charlie	986	+	264	76613626	95816
chr11	57399809	57599809	harbor1	chr11	57416766	57416918	DNA/hAT-Charlie	485	+	76	57416842	17033
chr11	57399809	57599809	harbor1	chr11	57451266	57451480	DNA/hAT-Charlie	427	+	107	57451373	51564
chr11	57399809	57599809	harbor1	chr11	57466768	57466972	DNA/hAT-Charlie	1175	+	102	57466870	67061
chr11	57399809	57599809	harbor1	chr11	57475791	57475961	DNA/hAT-Charlie	403	+	85	57475876	76067
chr11	57399809	57599809	harbor1	chr11	57489561	57489744	DNA/hAT-Charlie	401	+	92	57489653	89844
chr12	132051944	132251944	harbor1	chr12	132131752	132132077	DNA/hAT-Charlie	781	+	162	132131914	79970
chr12	57101664	57301664	harbor1	chr12	57148131	57148382	DNA/hAT-Charlie	617	+	126	57148257	46593
chr12	49267287	49467287	harbor1	chr12	49276078	49276298	DNA/hAT-Charlie	634	+	110	49276188	8901
chr12	49223475	49423475	harbor1	chr12	49276078	49276298	DNA/hAT-Charlie	634	+	110	49276188	52713
chr12	109780252	109980252	harbor1	chr12	109789717	109789913	DNA/hAT-Charlie	611	+	98	109789815	9563
chr12	109780252	109980252	harbor1	chr12	109798023	109798232	DNA/hAT-Charlie	936	+	104	109798127	17875
chr12	109780252	109980252	harbor1	chr12	109803776	109803962	DNA/hAT-Charlie	626	+	93	109803869	23617
chr12	109780252	109980252	harbor1	chr12	109817755	109817974	DNA/hAT-Charlie	1055	+	110	109817865	37613
chr12	109780252	109980252	harbor1	chr12	109872911	109873139	DNA/hAT-Charlie	1499	+	114	109873025	92773
chr12	109780252	109980252	harbor1	chr12	109877448	109877640	DNA/hAT-Charlie	1008	+	96	109877544	97292
chr12	109780252	109980252	harbor1	chr12	109789172	109789358	DNA/hAT-Charlie	1093	+	93	109789265	9013
chr12	49267209	49467209	harbor1	chr12	49276078	49276298	DNA/hAT-Charlie	634	+	110	49276188	8979
chr12	6862749	7062749	harbor1	chr12	6865405	6865432	DNA/hAT-Charlie	778	+	14	6865419	2670
chr12	6862749	7062749	harbor1	chr12	6865563	6865741	DNA/hAT-Charlie	778	+	89	6865652	2903
chr12	6863249	7063249	harbor1	chr12	6865405	6865432	DNA/hAT-Charlie	778	+	14	6865419	2170
chr12	6863249	7063249	harbor1	chr12	6865563	6865741	DNA/hAT-Charlie	778	+	89	6865652	2403
chr12	132661881	132861881	harbor1	chr12	132697316	132697393	DNA/hAT-Charlie	772	+	38	132697354	35473
chr12	132661881	132861881	harbor1	chr12	132697706	132697803	DNA/hAT-Charlie	772	+	48	132697754	35873
chr12	6863215	7063215	harbor1	chr12	6865405	6865432	DNA/hAT-Charlie	778	+	14	6865419	2204
chr12	6863215	7063215	harbor1	chr12	6865563	6865741	DNA/hAT-Charlie	778	+	89	6865652	2437
chr12	6862682	7062682	harbor1	chr12	6865405	6865432	DNA/hAT-Charlie	778	+	14	6865419	2737
chr12	6862682	7062682	harbor1	chr12	6865563	6865741	DNA/hAT-Charlie	778	+	89	6865652	2970
chr12	53854212	54054212	harbor1	chr12	53882051	53882212	DNA/hAT-Charlie	702	+	80	53882131	27919
chr12	49267208	49467208	harbor1	chr12	49276078	49276298	DNA/hAT-Charlie	634	+	110	49276188	8980
chr12	49267266	49467266	harbor1	chr12	49276078	49276298	DNA/hAT-Charlie	634	+	110	49276188	8922
chr12	6842193	7042193	harbor1	chr12	6865405	6865432	DNA/hAT-Charlie	778	+	14	6865419	23226
chr12	6842193	7042193	harbor1	chr12	6865563	6865741	DNA/hAT-Charlie	778	+	89	6865652	23459
chr12	52906640	53106640	harbor1	chr12	52992883	52993115	DNA/hAT-Charlie	710	+	116	52992999	86359
chr12	49267207	49467207	harbor1	chr12	49276078	49276298	DNA/hAT-Charlie	634	+	110	49276188	8981
chr12	49267255	49467255	harbor1	chr12	49276078	49276298	DNA/hAT-Charlie	634	+	110	49276188	8933
chr12	49267241	49467241	harbor1	chr12	49276078	49276298	DNA/hAT-Charlie	634	+	110	49276188	8947
chr12	49267331	49467331	harbor1	chr12	49276078	49276298	DNA/hAT-Charlie	634	+	110	49276188	8857
chr12	49267175	49467175	harbor1	chr12	49276078	49276298	DNA/hAT-Charlie	634	+	110	49276188	9013
chr12	49235659	49435659	harbor1	chr12	49276078	49276298	DNA/hAT-Charlie	634	+	110	49276188	40529
chr12	49267228	49467228	harbor1	chr12	49276078	49276298	DNA/hAT-Charlie	634	+	110	49276188	8960
chr12	52632306	52832306	harbor1	chr12	52668786	52669330	DNA/hAT-Charlie	977	+	272	52669058	36752
chr12	52632306	52832306	harbor1	chr12	52697135	52697306	DNA/hAT-Charlie	830	+	86	52697221	64915
chr12	6862269	7062269	harbor1	chr12	6865405	6865432	DNA/hAT-Charlie	778	+	14	6865419	3150
chr12	6862269	7062269	harbor1	chr12	6865563	6865741	DNA/hAT-Charlie	778	+	89	6865652	3383
chr12	49267231	49467231	harbor1	chr12	49276078	49276298	DNA/hAT-Charlie	634	+	110	49276188	8957
chr12	49267216	49467216	harbor1	chr12	49276078	49276298	DNA/hAT-Charlie	634	+	110	49276188	8972
chr12	64356142	64556142	harbor1	chr12	64393654	64393873	DNA/hAT-Charlie	1643	+	110	64393764	37622
chr12	64356142	64556142	harbor1	chr12	64439325	64439679	DNA/hAT-Charlie	1165	+	177	64439502	83360
chr12	116778966	116978966	harbor1	chr12	116796924	116797109	DNA/hAT-Charlie	918	+	92	116797016	18050
chr12	116778966	116978966	harbor1	chr12	116802332	116802532	DNA/hAT-Charlie	936	+	100	116802432	23466
chr12	116778966	116978966	harbor1	chr12	116804236	116804414	DNA/hAT-Charlie	1020	+	89	116804325	25359
chr12	116778966	116978966	harbor1	chr12	116827545	116827763	DNA/hAT-Charlie	1176	+	109	116827654	48688
chr12	116778966	116978966	harbor1	chr12	116844006	116844212	DNA/hAT-Charlie	1193	+	103	116844109	65143
chr12	119684757	119884757	harbor1	chr12	119692511	119692715	DNA/hAT-Charlie	1085	+	102	119692613	7856
chr12	119684757	119884757	harbor1	chr12	119733576	119733790	DNA/hAT-Charlie	1118	+	107	119733683	48926
chr12	119684757	119884757	harbor1	chr12	119759133	119759365	DNA/hAT-Charlie	1935	+	116	119759249	74492
chr12	119684757	119884757	harbor1	chr12	119759672	119759796	DNA/hAT-Charlie	1935	+	62	119759734	74977
chr12	21362986	21562986	harbor1	chr12	21392743	21393011	DNA/hAT-Charlie	671	+	134	21392877	29891
chr12	21362986	21562986	harbor1	chr12	21393299	21394031	DNA/hAT-Charlie	2165	+	366	21393665	30679
chr12	21362986	21562986	harbor1	chr12	21409338	21409516	DNA/hAT-Charlie	694	+	89	21409427	46441
chr12	21362986	21562986	harbor1	chr12	21418823	21418975	DNA/hAT-Charlie	663	+	76	21418899	55913
chr12	110180537	110380537	harbor1	chr12	110259539	110259941	DNA/hAT-Charlie	765	+	201	110259740	79203
chr12	110180537	110380537	harbor1	chr12	110274028	110274206	DNA/hAT-Charlie	865	+	89	110274117	93580
chr12	49248183	49448183	harbor1	chr12	49276078	49276298	DNA/hAT-Charlie	634	+	110	49276188	28005
chr12	57101715	57301715	harbor1	chr12	57148131	57148382	DNA/hAT-Charlie	617	+	126	57148257	46542
chr12	30880777	31080777	harbor1	chr12	30923973	30924099	DNA/hAT-Charlie	681	+	63	30924036	43259
chr12	30880777	31080777	harbor1	chr12	30924097	30924464	DNA/hAT-Charlie	1372	+	184	30924281	43504
chr12	30880777	31080777	harbor1	chr12	30934544	30934763	DNA/hAT-Charlie	1355	+	110	30934654	53877
chr12	30880777	31080777	harbor1	chr12	30937678	30937852	DNA/hAT-Charlie	910	+	87	30937765	56988
chr12	30880777	31080777	harbor1	chr12	30940755	30941077	DNA/hAT-Charlie	2074	+	161	30940916	60139
chr12	30880777	31080777	harbor1	chr12	30946258	30946376	DNA/hAT-Charlie	650	+	59	30946317	65540
chr12	30880777	31080777	harbor1	chr12	30965910	30966099	DNA/hAT-Charlie	1252	+	94	30966004	85227
chr12	92828003	93028003	harbor1	chr12	92838809	92839807	DNA/hAT-Charlie	4648	+	499	92839308	11305
chr12	92828003	93028003	harbor1	chr12	92927112	92927335	DNA/hAT-Charlie	1365	+	112	92927224	99221
chr12	64356143	64556143	harbor1	chr12	64393654	64393873	DNA/hAT-Charlie	1643	+	110	64393764	37621
chr12	64356143	64556143	harbor1	chr12	64439325	64439679	DNA/hAT-Charlie	1165	+	177	64439502	83359
chr12	49267229	49467229	harbor1	chr12	49276078	49276298	DNA/hAT-Charlie	634	+	110	49276188	8959
chr12	49267285	49467285	harbor1	chr12	49276078	49276298	DNA/hAT-Charlie	634	+	110	49276188	8903
chr12	49267269	49467269	harbor1	chr12	49276078	49276298	DNA/hAT-Charlie	634	+	110	49276188	8919
chr12	57101591	57301591	harbor1	chr12	57148131	57148382	DNA/hAT-Charlie	617	+	126	57148257	46666
chr12	130250985	130450985	harbor1	chr12	130268450	130268656	DNA/hAT-Charlie	963	+	103	130268553	17568
chr12	130250985	130450985	harbor1	chr12	130285189	130285371	DNA/hAT-Charlie	832	+	91	130285280	34295
chr12	120657977	120857977	harbor1	chr12	120712566	120712851	DNA/hAT-Charlie	1357	+	142	120712708	54731
chr12	49267302	49467302	harbor1	chr12	49276078	49276298	DNA/hAT-Charlie	634	+	110	49276188	8886
chr12	6863304	7063304	harbor1	chr12	6865405	6865432	DNA/hAT-Charlie	778	+	14	6865419	2115
chr12	6863304	7063304	harbor1	chr12	6865563	6865741	DNA/hAT-Charlie	778	+	89	6865652	2348
chr12	132625504	132825504	harbor1	chr12	132697316	132697393	DNA/hAT-Charlie	772	+	38	132697354	71850
chr12	132625504	132825504	harbor1	chr12	132697706	132697803	DNA/hAT-Charlie	772	+	48	132697754	72250
chr12	49266654	49466654	harbor1	chr12	49276078	49276298	DNA/hAT-Charlie	634	+	110	49276188	9534
chr12	49009817	49209817	harbor1	chr12	49062158	49062338	DNA/hAT-Charlie	674	+	90	49062248	52431
chr12	49266812	49466812	harbor1	chr12	49276078	49276298	DNA/hAT-Charlie	634	+	110	49276188	9376
chr12	106993251	107193251	harbor1	chr12	107013677	107013971	DNA/hAT-Charlie	849	+	147	107013824	20573
chr12	106993251	107193251	harbor1	chr12	107056468	107056680	DNA/hAT-Charlie	1342	+	106	107056574	63323
chr12	106993251	107193251	harbor1	chr12	107067116	107067302	DNA/hAT-Charlie	733	+	93	107067209	73958
chr12	106993251	107193251	harbor1	chr12	107068043	107068234	DNA/hAT-Charlie	796	+	96	107068139	74888
chr12	31860001	32060001	harbor1	chr12	31951477	31951576	DNA/hAT-Charlie	684	+	50	31951527	91526
chr12	31860001	32060001	harbor1	chr12	31951867	31951943	DNA/hAT-Charlie	684	+	38	31951905	91904
chr12	31860001	32060001	harbor1	chr12	31959044	31959216	DNA/hAT-Charlie	660	+	86	31959130	99129
chr12	21402089	21602089	harbor1	chr12	21409338	21409516	DNA/hAT-Charlie	694	+	89	21409427	7338
chr12	21402089	21602089	harbor1	chr12	21418823	21418975	DNA/hAT-Charlie	663	+	76	21418899	16810
chr12	21402089	21602089	harbor1	chr12	21463122	21463304	DNA/hAT-Charlie	713	+	91	21463213	61124
chr12	21402089	21602089	harbor1	chr12	21469267	21469488	DNA/hAT-Charlie	1524	+	110	21469377	67288
chr12	21402089	21602089	harbor1	chr12	21469649	21469797	DNA/hAT-Charlie	1019	+	74	21469723	67634
chr12	21402089	21602089	harbor1	chr12	21489191	21489373	DNA/hAT-Charlie	946	+	91	21489282	87193
chr12	121527252	121727252	harbor1	chr12	121550832	121551093	DNA/hAT-Charlie	1168	+	130	121550962	23710
chr12	6862158	7062158	harbor1	chr12	6865405	6865432	DNA/hAT-Charlie	778	+	14	6865419	3261
chr12	6862158	7062158	harbor1	chr12	6865563	6865741	DNA/hAT-Charlie	778	+	89	6865652	3494
chr12	6863268	7063268	harbor1	chr12	6865405	6865432	DNA/hAT-Charlie	778	+	14	6865419	2151
chr12	6863268	7063268	harbor1	chr12	6865563	6865741	DNA/hAT-Charlie	778	+	89	6865652	2384
chr12	94808159	95008159	harbor1	chr12	94846978	94847169	DNA/hAT-Charlie	693	+	96	94847074	38915
chr12	94808159	95008159	harbor1	chr12	94860890	94861220	DNA/hAT-Charlie	1783	+	165	94861055	52896
chr12	49267225	49467225	harbor1	chr12	49276078	49276298	DNA/hAT-Charlie	634	+	110	49276188	8963
chr12	6862769	7062769	harbor1	chr12	6865405	6865432	DNA/hAT-Charlie	778	+	14	6865419	2650
chr12	6862769	7062769	harbor1	chr12	6865563	6865741	DNA/hAT-Charlie	778	+	89	6865652	2883
chr13	113725873	113925873	harbor1	chr13	113730961	113731114	DNA/hAT-Charlie	470	+	76	113731037	5164
chr13	113725873	113925873	harbor1	chr13	113750211	113750447	DNA/hAT-Charlie	712	+	118	113750329	24456
chr13	20315161	20515161	harbor1	chr13	20321259	20321497	DNA/hAT-Charlie	501	+	119	20321378	6217
chr13	20315161	20515161	harbor1	chr13	20340060	20340203	DNA/hAT-Charlie	443	+	72	20340132	24971
chr13	20315161	20515161	harbor1	chr13	20395971	20396276	DNA/hAT-Charlie	1035	+	152	20396123	80962
chr13	27925914	28125914	harbor1	chr13	27938924	27939162	DNA/hAT-Charlie	650	+	119	27939043	13129
chr13	27925914	28125914	harbor1	chr13	27940168	27940388	DNA/hAT-Charlie	1529	+	110	27940278	14364
chr13	20315121	20515121	harbor1	chr13	20321259	20321497	DNA/hAT-Charlie	501	+	119	20321378	6257
chr13	20315121	20515121	harbor1	chr13	20340060	20340203	DNA/hAT-Charlie	443	+	72	20340132	25011
chr13	20315121	20515121	harbor1	chr13	20395971	20396276	DNA/hAT-Charlie	1035	+	152	20396123	81002
chr13	20315155	20515155	harbor1	chr13	20321259	20321497	DNA/hAT-Charlie	501	+	119	20321378	6223
chr13	20315155	20515155	harbor1	chr13	20340060	20340203	DNA/hAT-Charlie	443	+	72	20340132	24977
chr13	20315155	20515155	harbor1	chr13	20395971	20396276	DNA/hAT-Charlie	1035	+	152	20396123	80968
chr13	72959646	73159646	harbor1	chr13	72967859	72967903	DNA/hAT-Charlie	468	+	22	72967881	8235
chr13	72959646	73159646	harbor1	chr13	72968198	72968261	DNA/hAT-Charlie	468	+	32	72968230	8584
chr13	72959646	73159646	harbor1	chr13	72998487	72998610	DNA/hAT-Charlie	458	+	62	72998549	38903
chr13	29489259	29689259	harbor1	chr13	29555692	29555924	DNA/hAT-Charlie	1000	+	116	29555808	66549
chr13	29489259	29689259	harbor1	chr13	29555910	29556380	DNA/hAT-Charlie	2327	+	235	29556145	66886
chr13	29489259	29689259	harbor1	chr13	29563119	29563313	DNA/hAT-Charlie	860	+	97	29563216	73957
chr13	29489259	29689259	harbor1	chr13	29582639	29582741	DNA/hAT-Charlie	494	+	51	29582690	93431
chr13	29489259	29689259	harbor1	chr13	29585396	29585574	DNA/hAT-Charlie	600	+	89	29585485	96226
chr13	29489259	29689259	harbor1	chr13	29556679	29556803	DNA/hAT-Charlie	2327	+	62	29556741	67482
chr13	75381986	75581986	harbor1	chr13	75402207	75402367	DNA/hAT-Charlie	466	+	80	75402287	20301
chr13	75381986	75581986	harbor1	chr13	75413460	75413612	DNA/hAT-Charlie	1024	+	76	75413536	31550
chr13	75381986	75581986	harbor1	chr13	75413913	75414137	DNA/hAT-Charlie	621	+	112	75414025	32039
chr13	75381986	75581986	harbor1	chr13	75414205	75414366	DNA/hAT-Charlie	676	+	80	75414285	32299
chr13	75381986	75581986	harbor1	chr13	75447620	75448119	DNA/hAT-Charlie	3229	+	250	75447870	65884
chr13	75381986	75581986	harbor1	chr13	75470362	75470541	DNA/hAT-Charlie	713	+	90	75470452	88466
chr13	75381986	75581986	harbor1	chr13	75478875	75479153	DNA/hAT-Charlie	695	+	139	75479014	97028
chr13	75381986	75581986	harbor1	chr13	75382587	75382966	DNA/hAT-Charlie	1587	+	190	75382777	791
chr13	20315106	20515106	harbor1	chr13	20321259	20321497	DNA/hAT-Charlie	501	+	119	20321378	6272
chr13	20315106	20515106	harbor1	chr13	20340060	20340203	DNA/hAT-Charlie	443	+	72	20340132	25026
chr13	20315106	20515106	harbor1	chr13	20395971	20396276	DNA/hAT-Charlie	1035	+	152	20396123	81017
chr13	113725885	113925885	harbor1	chr13	113730961	113731114	DNA/hAT-Charlie	470	+	76	113731037	5152
chr13	113725885	113925885	harbor1	chr13	113750211	113750447	DNA/hAT-Charlie	712	+	118	113750329	24444
chr13	72959141	73159141	harbor1	chr13	72967859	72967903	DNA/hAT-Charlie	468	+	22	72967881	8740
chr13	72959141	73159141	harbor1	chr13	72968198	72968261	DNA/hAT-Charlie	468	+	32	72968230	9089
chr13	72959141	73159141	harbor1	chr13	72998487	72998610	DNA/hAT-Charlie	458	+	62	72998549	39408
chr13	113726197	113926197	harbor1	chr13	113730961	113731114	DNA/hAT-Charlie	470	+	76	113731037	4840
chr13	113726197	113926197	harbor1	chr13	113750211	113750447	DNA/hAT-Charlie	712	+	118	113750329	24132
chr13	51326437	51526437	harbor1	chr13	51331931	51332063	DNA/hAT-Charlie	452	+	66	51331997	5560
chr13	51326437	51526437	harbor1	chr13	51356979	51357176	DNA/hAT-Charlie	966	+	98	51357077	30640
chr13	51326437	51526437	harbor1	chr13	51371044	51371198	DNA/hAT-Charlie	643	+	77	51371121	44684
chr13	51326437	51526437	harbor1	chr13	51390179	51390482	DNA/hAT-Charlie	1162	+	152	51390331	63894
chr13	51326437	51526437	harbor1	chr13	51399946	51400254	DNA/hAT-Charlie	1996	+	154	51400100	73663
chr13	51326437	51526437	harbor1	chr13	51406789	51407019	DNA/hAT-Charlie	1767	+	115	51406904	80467
chr13	51326437	51526437	harbor1	chr13	51419893	51420111	DNA/hAT-Charlie	968	+	109	51420002	93565
chr13	51326437	51526437	harbor1	chr13	51423883	51424059	DNA/hAT-Charlie	482	+	88	51423971	97534
chr13	113718997	113918997	harbor1	chr13	113730961	113731114	DNA/hAT-Charlie	470	+	76	113731037	12040
chr13	113718997	113918997	harbor1	chr13	113750211	113750447	DNA/hAT-Charlie	712	+	118	113750329	31332
chr13	113725726	113925726	harbor1	chr13	113730961	113731114	DNA/hAT-Charlie	470	+	76	113731037	5311
chr13	113725726	113925726	harbor1	chr13	113750211	113750447	DNA/hAT-Charlie	712	+	118	113750329	24603
chr13	100574944	100774944	harbor1	chr13	100585232	100585464	DNA/hAT-Charlie	838	+	116	100585348	10404
chr13	100574944	100774944	harbor1	chr13	100592263	100592519	DNA/hAT-Charlie	897	+	128	100592391	17447
chr13	100574944	100774944	harbor1	chr13	100609083	100609296	DNA/hAT-Charlie	578	+	106	100609189	34245
chr13	100574944	100774944	harbor1	chr13	100640151	100640358	DNA/hAT-Charlie	1074	+	104	100640255	65311
chr13	100574944	100774944	harbor1	chr13	100646047	100646180	DNA/hAT-Charlie	485	+	66	100646113	71169
chr13	100574944	100774944	harbor1	chr13	100648218	100648511	DNA/hAT-Charlie	1125	+	146	100648364	73420
chr13	20315169	20515169	harbor1	chr13	20321259	20321497	DNA/hAT-Charlie	501	+	119	20321378	6209
chr13	20315169	20515169	harbor1	chr13	20340060	20340203	DNA/hAT-Charlie	443	+	72	20340132	24963
chr13	20315169	20515169	harbor1	chr13	20395971	20396276	DNA/hAT-Charlie	1035	+	152	20396123	80954
chr13	113725782	113925782	harbor1	chr13	113730961	113731114	DNA/hAT-Charlie	470	+	76	113731037	5255
chr13	113725782	113925782	harbor1	chr13	113750211	113750447	DNA/hAT-Charlie	712	+	118	113750329	24547
chr13	100413825	100613825	harbor1	chr13	100487497	100487690	DNA/hAT-Charlie	616	+	96	100487593	73768
chr13	100413825	100613825	harbor1	chr13	100488994	100489023	DNA/hAT-Charlie	593	+	14	100489008	75183
chr13	100413825	100613825	harbor1	chr13	100489320	100489470	DNA/hAT-Charlie	593	+	75	100489395	75570
chr13	100413825	100613825	harbor1	chr13	100495025	100495195	DNA/hAT-Charlie	767	+	85	100495110	81285
chr13	100413825	100613825	harbor1	chr13	100501524	100501591	DNA/hAT-Charlie	665	+	34	100501558	87733
chr13	100413825	100613825	harbor1	chr13	100501904	100502007	DNA/hAT-Charlie	665	+	52	100501956	88131
chr13	38912775	39112775	harbor1	chr13	38991467	38991563	DNA/hAT-Charlie	836	+	48	38991515	78740
chr13	38912775	39112775	harbor1	chr13	38991873	38992010	DNA/hAT-Charlie	836	+	68	38991941	79166
chr13	20315123	20515123	harbor1	chr13	20321259	20321497	DNA/hAT-Charlie	501	+	119	20321378	6255
chr13	20315123	20515123	harbor1	chr13	20340060	20340203	DNA/hAT-Charlie	443	+	72	20340132	25009
chr13	20315123	20515123	harbor1	chr13	20395971	20396276	DNA/hAT-Charlie	1035	+	152	20396123	81000
chr13	19764706	19964706	harbor1	chr13	19846131	19846727	DNA/hAT-Charlie	1583	+	298	19846429	81723
chr13	19764706	19964706	harbor1	chr13	19847249	19847628	DNA/hAT-Charlie	1797	+	190	19847439	82733
chr13	20315143	20515143	harbor1	chr13	20321259	20321497	DNA/hAT-Charlie	501	+	119	20321378	6235
chr13	20315143	20515143	harbor1	chr13	20340060	20340203	DNA/hAT-Charlie	443	+	72	20340132	24989
chr13	20315143	20515143	harbor1	chr13	20395971	20396276	DNA/hAT-Charlie	1035	+	152	20396123	80980
chr13	113726165	113926165	harbor1	chr13	113730961	113731114	DNA/hAT-Charlie	470	+	76	113731037	4872
chr13	113726165	113926165	harbor1	chr13	113750211	113750447	DNA/hAT-Charlie	712	+	118	113750329	24164
chr13	113713157	113913157	harbor1	chr13	113730961	113731114	DNA/hAT-Charlie	470	+	76	113731037	17880
chr13	113713157	113913157	harbor1	chr13	113750211	113750447	DNA/hAT-Charlie	712	+	118	113750329	37172
chr13	24917691	25117691	harbor1	chr13	24918056	24918381	DNA/hAT-Charlie	1327	+	162	24918218	527
chr13	24917691	25117691	harbor1	chr13	24918914	24919414	DNA/hAT-Charlie	3738	+	250	24919164	1473
chr13	24917691	25117691	harbor1	chr13	24919718	24919764	DNA/hAT-Charlie	3738	+	23	24919741	2050
chr13	24917691	25117691	harbor1	chr13	24920072	24920516	DNA/hAT-Charlie	3738	+	222	24920294	2603
chr13	24917691	25117691	harbor1	chr13	24935831	24936019	DNA/hAT-Charlie	709	+	94	24935925	18234
chr13	24917691	25117691	harbor1	chr13	24938512	24938664	DNA/hAT-Charlie	543	+	76	24938588	20897
chr13	100568699	100768699	harbor1	chr13	100585232	100585464	DNA/hAT-Charlie	838	+	116	100585348	16649
chr13	100568699	100768699	harbor1	chr13	100592263	100592519	DNA/hAT-Charlie	897	+	128	100592391	23692
chr13	100568699	100768699	harbor1	chr13	100609083	100609296	DNA/hAT-Charlie	578	+	106	100609189	40490
chr13	100568699	100768699	harbor1	chr13	100640151	100640358	DNA/hAT-Charlie	1074	+	104	100640255	71556
chr13	100568699	100768699	harbor1	chr13	100646047	100646180	DNA/hAT-Charlie	485	+	66	100646113	77414
chr13	100568699	100768699	harbor1	chr13	100648218	100648511	DNA/hAT-Charlie	1125	+	146	100648364	79665
chr13	20262753	20462753	harbor1	chr13	20321259	20321497	DNA/hAT-Charlie	501	+	119	20321378	58625
chr13	20262753	20462753	harbor1	chr13	20340060	20340203	DNA/hAT-Charlie	443	+	72	20340132	77379
chr13	36814065	37014065	harbor1	chr13	36838724	36838987	DNA/hAT-Charlie	1310	+	132	36838856	24791
chr13	36814065	37014065	harbor1	chr13	36866685	36866846	DNA/hAT-Charlie	551	+	80	36866765	52700
chr13	36814065	37014065	harbor1	chr13	36876397	36876676	DNA/hAT-Charlie	857	+	140	36876537	62472
chr13	36814065	37014065	harbor1	chr13	36880635	36881016	DNA/hAT-Charlie	1407	+	190	36880825	66760
chr13	36814065	37014065	harbor1	chr13	36905040	36905235	DNA/hAT-Charlie	945	+	98	36905138	91073
chr13	113726286	113926286	harbor1	chr13	113730961	113731114	DNA/hAT-Charlie	470	+	76	113731037	4751
chr13	113726286	113926286	harbor1	chr13	113750211	113750447	DNA/hAT-Charlie	712	+	118	113750329	24043
chr13	113726133	113926133	harbor1	chr13	113730961	113731114	DNA/hAT-Charlie	470	+	76	113731037	4904
chr13	113726133	113926133	harbor1	chr13	113750211	113750447	DNA/hAT-Charlie	712	+	118	113750329	24196
chr13	109947746	110147746	harbor1	chr13	109995382	109997995	DNA/hAT-Charlie	18987	+	1306	109996688	48942
chr13	20315206	20515206	harbor1	chr13	20321259	20321497	DNA/hAT-Charlie	501	+	119	20321378	6172
chr13	20315206	20515206	harbor1	chr13	20340060	20340203	DNA/hAT-Charlie	443	+	72	20340132	24926
chr13	20315206	20515206	harbor1	chr13	20395971	20396276	DNA/hAT-Charlie	1035	+	152	20396123	80917
chr13	95201275	95401275	harbor1	chr13	95222780	95222989	DNA/hAT-Charlie	945	+	104	95222884	21609
chr13	95201275	95401275	harbor1	chr13	95259969	95260148	DNA/hAT-Charlie	999	+	90	95260059	58784
chr13	95201275	95401275	harbor1	chr13	95299491	95299686	DNA/hAT-Charlie	970	+	98	95299589	98314
chr13	36898615	37098615	harbor1	chr13	36905040	36905235	DNA/hAT-Charlie	945	+	98	36905138	6523
chr13	36898615	37098615	harbor1	chr13	36962752	36962951	DNA/hAT-Charlie	944	+	100	36962852	64237
chr13	36898615	37098615	harbor1	chr13	36963242	36963328	DNA/hAT-Charlie	944	+	43	36963285	64670
chr13	36898615	37098615	harbor1	chr13	36982422	36982612	DNA/hAT-Charlie	689	+	95	36982517	83902
chr13	19682694	19882694	harbor1	chr13	19697156	19697328	DNA/hAT-Charlie	729	+	86	19697242	14548
chr13	19682694	19882694	harbor1	chr13	19713777	19714316	DNA/hAT-Charlie	1176	+	270	19714047	31353
chr13	19682694	19882694	harbor1	chr13	19714311	19714491	DNA/hAT-Charlie	901	+	90	19714401	31707
chr13	19682694	19882694	harbor1	chr13	19714795	19715048	DNA/hAT-Charlie	901	+	126	19714921	32227
chr13	36893202	37093202	harbor1	chr13	36905040	36905235	DNA/hAT-Charlie	945	+	98	36905138	11936
chr13	36893202	37093202	harbor1	chr13	36962752	36962951	DNA/hAT-Charlie	944	+	100	36962852	69650
chr13	36893202	37093202	harbor1	chr13	36963242	36963328	DNA/hAT-Charlie	944	+	43	36963285	70083
chr13	36893202	37093202	harbor1	chr13	36982422	36982612	DNA/hAT-Charlie	689	+	95	36982517	89315
chr14	52595151	52795151	harbor1	chr14	52627879	52628062	DNA/hAT-Charlie	649	+	92	52627971	32820
chr14	52595151	52795151	harbor1	chr14	52648391	52648707	DNA/hAT-Charlie	735	+	158	52648549	53398
chr14	67141304	67341304	harbor1	chr14	67148461	67148558	DNA/hAT-Charlie	1727	+	48	67148509	7205
chr14	67141304	67341304	harbor1	chr14	67148866	67149062	DNA/hAT-Charlie	1727	+	98	67148964	7660
chr14	67141304	67341304	harbor1	chr14	67149362	67149562	DNA/hAT-Charlie	1727	+	100	67149462	8158
chr14	67141304	67341304	harbor1	chr14	67212967	67213092	DNA/hAT-Charlie	629	+	62	67213029	71725
chr14	67141304	67341304	harbor1	chr14	67229385	67229586	DNA/hAT-Charlie	1007	+	100	67229485	88181
chr14	67141304	67341304	harbor1	chr14	67229585	67229856	DNA/hAT-Charlie	921	+	136	67229721	88417
chr14	67141304	67341304	harbor1	chr14	67239282	67239487	DNA/hAT-Charlie	1061	+	102	67239384	98080
chr14	90282069	90482069	harbor1	chr14	90293134	90293253	DNA/hAT-Charlie	846	+	60	90293194	11125
chr14	90282069	90482069	harbor1	chr14	90293550	90293618	DNA/hAT-Charlie	846	+	34	90293584	11515
chr14	90282069	90482069	harbor1	chr14	90296794	90296856	DNA/hAT-Charlie	1317	+	31	90296825	14756
chr14	90282069	90482069	harbor1	chr14	90297167	90297475	DNA/hAT-Charlie	1317	+	154	90297321	15252
chr14	90282069	90482069	harbor1	chr14	90343837	90344030	DNA/hAT-Charlie	1210	+	96	90343933	61864
chr14	90282069	90482069	harbor1	chr14	90380656	90380796	DNA/hAT-Charlie	756	+	70	90380726	98657
chr14	95434849	95634849	harbor1	chr14	95441826	95442193	DNA/hAT-Charlie	810	+	184	95442010	7161
chr14	95434849	95634849	harbor1	chr14	95444857	95445057	DNA/hAT-Charlie	783	+	100	95444957	10108
chr14	95434849	95634849	harbor1	chr14	95455880	95456284	DNA/hAT-Charlie	958	+	202	95456082	21233
chr14	95434849	95634849	harbor1	chr14	95475414	95475573	DNA/hAT-Charlie	660	+	80	95475494	40645
chr14	95434849	95634849	harbor1	chr14	95484632	95484855	DNA/hAT-Charlie	520	+	112	95484744	49895
chr14	95434849	95634849	harbor1	chr14	95504019	95504238	DNA/hAT-Charlie	1077	+	110	95504129	69280
chr14	67141322	67341322	harbor1	chr14	67148461	67148558	DNA/hAT-Charlie	1727	+	48	67148509	7187
chr14	67141322	67341322	harbor1	chr14	67148866	67149062	DNA/hAT-Charlie	1727	+	98	67148964	7642
chr14	67141322	67341322	harbor1	chr14	67149362	67149562	DNA/hAT-Charlie	1727	+	100	67149462	8140
chr14	67141322	67341322	harbor1	chr14	67212967	67213092	DNA/hAT-Charlie	629	+	62	67213029	71707
chr14	67141322	67341322	harbor1	chr14	67229385	67229586	DNA/hAT-Charlie	1007	+	100	67229485	88163
chr14	67141322	67341322	harbor1	chr14	67229585	67229856	DNA/hAT-Charlie	921	+	136	67229721	88399
chr14	67141322	67341322	harbor1	chr14	67239282	67239487	DNA/hAT-Charlie	1061	+	102	67239384	98062
chr14	75885958	76085958	harbor1	chr14	75892472	75892680	DNA/hAT-Charlie	1194	+	104	75892576	6618
chr14	104603549	104803549	harbor1	chr14	104631638	104631764	DNA/hAT-Charlie	490	+	63	104631701	28152
chr14	104603549	104803549	harbor1	chr14	104632054	104632110	DNA/hAT-Charlie	490	+	28	104632082	28533
chr14	100185498	100385498	harbor1	chr14	100213305	100213530	DNA/hAT-Charlie	1032	+	112	100213417	27919
chr14	100185498	100385498	harbor1	chr14	100213832	100213924	DNA/hAT-Charlie	1032	+	46	100213878	28380
chr14	67140883	67340883	harbor1	chr14	67148461	67148558	DNA/hAT-Charlie	1727	+	48	67148509	7626
chr14	67140883	67340883	harbor1	chr14	67148866	67149062	DNA/hAT-Charlie	1727	+	98	67148964	8081
chr14	67140883	67340883	harbor1	chr14	67149362	67149562	DNA/hAT-Charlie	1727	+	100	67149462	8579
chr14	67140883	67340883	harbor1	chr14	67212967	67213092	DNA/hAT-Charlie	629	+	62	67213029	72146
chr14	67140883	67340883	harbor1	chr14	67229385	67229586	DNA/hAT-Charlie	1007	+	100	67229485	88602
chr14	67140883	67340883	harbor1	chr14	67229585	67229856	DNA/hAT-Charlie	921	+	136	67229721	88838
chr14	67140883	67340883	harbor1	chr14	67239282	67239487	DNA/hAT-Charlie	1061	+	102	67239384	98501
chr14	69667796	69867796	harbor1	chr14	69679187	69679339	DNA/hAT-Charlie	497	+	76	69679263	11467
chr14	69667796	69867796	harbor1	chr14	69679342	69679491	DNA/hAT-Charlie	760	+	74	69679416	11620
chr14	69667796	69867796	harbor1	chr14	69679492	69679694	DNA/hAT-Charlie	1401	+	101	69679593	11797
chr14	69667796	69867796	harbor1	chr14	69679695	69679733	DNA/hAT-Charlie	760	+	19	69679714	11918
chr14	69667796	69867796	harbor1	chr14	69696705	69696798	DNA/hAT-Charlie	1316	+	46	69696751	28955
chr14	69667796	69867796	harbor1	chr14	69705386	69705535	DNA/hAT-Charlie	639	+	74	69705460	37664
chr14	69667796	69867796	harbor1	chr14	69750826	69750980	DNA/hAT-Charlie	1344	+	77	69750903	83107
chr14	69667796	69867796	harbor1	chr14	69697442	69697665	DNA/hAT-Charlie	1316	+	112	69697554	29758
chr14	75327880	75527880	harbor1	chr14	75375802	75375958	DNA/hAT-Charlie	860	+	78	75375880	48000
chr14	75327880	75527880	harbor1	chr14	75406334	75406428	DNA/hAT-Charlie	566	+	47	75406381	78501
chr14	99474315	99674315	harbor1	chr14	99505313	99505596	DNA/hAT-Charlie	875	+	142	99505455	31140
chr14	99474315	99674315	harbor1	chr14	99505868	99505933	DNA/hAT-Charlie	875	+	32	99505900	31585
chr14	100185509	100385509	harbor1	chr14	100213305	100213530	DNA/hAT-Charlie	1032	+	112	100213417	27908
chr14	100185509	100385509	harbor1	chr14	100213832	100213924	DNA/hAT-Charlie	1032	+	46	100213878	28369
chr14	67141305	67341305	harbor1	chr14	67148461	67148558	DNA/hAT-Charlie	1727	+	48	67148509	7204
chr14	67141305	67341305	harbor1	chr14	67148866	67149062	DNA/hAT-Charlie	1727	+	98	67148964	7659
chr14	67141305	67341305	harbor1	chr14	67149362	67149562	DNA/hAT-Charlie	1727	+	100	67149462	8157
chr14	67141305	67341305	harbor1	chr14	67212967	67213092	DNA/hAT-Charlie	629	+	62	67213029	71724
chr14	67141305	67341305	harbor1	chr14	67229385	67229586	DNA/hAT-Charlie	1007	+	100	67229485	88180
chr14	67141305	67341305	harbor1	chr14	67229585	67229856	DNA/hAT-Charlie	921	+	136	67229721	88416
chr14	67141305	67341305	harbor1	chr14	67239282	67239487	DNA/hAT-Charlie	1061	+	102	67239384	98079
chr14	20990648	21190648	harbor1	chr14	20995372	20995558	DNA/hAT-Charlie	681	+	93	20995465	4817
chr14	20990648	21190648	harbor1	chr14	21037476	21037642	DNA/hAT-Charlie	903	+	83	21037559	46911
chr14	20990648	21190648	harbor1	chr14	21089835	21089990	DNA/hAT-Charlie	514	+	78	21089913	99265
chr14	90164299	90364299	harbor1	chr14	90168554	90168729	DNA/hAT-Charlie	498	+	88	90168642	4343
chr14	90164299	90364299	harbor1	chr14	90250338	90250816	DNA/hAT-Charlie	3589	+	239	90250577	86278
chr14	90164299	90364299	harbor1	chr14	90251110	90251224	DNA/hAT-Charlie	3589	+	57	90251167	86868
chr14	90164299	90364299	harbor1	chr14	90251431	90251943	DNA/hAT-Charlie	3589	+	256	90251687	87388
chr14	90164299	90364299	harbor1	chr14	90252241	90253257	DNA/hAT-Charlie	3589	+	508	90252749	88450
chr14	75328395	75528395	harbor1	chr14	75375802	75375958	DNA/hAT-Charlie	860	+	78	75375880	47485
chr14	75328395	75528395	harbor1	chr14	75406334	75406428	DNA/hAT-Charlie	566	+	47	75406381	77986
chr14	75328436	75528436	harbor1	chr14	75375802	75375958	DNA/hAT-Charlie	860	+	78	75375880	47444
chr14	75328436	75528436	harbor1	chr14	75406334	75406428	DNA/hAT-Charlie	566	+	47	75406381	77945
chr14	95435211	95635211	harbor1	chr14	95441826	95442193	DNA/hAT-Charlie	810	+	184	95442010	6799
chr14	95435211	95635211	harbor1	chr14	95444857	95445057	DNA/hAT-Charlie	783	+	100	95444957	9746
chr14	95435211	95635211	harbor1	chr14	95455880	95456284	DNA/hAT-Charlie	958	+	202	95456082	20871
chr14	95435211	95635211	harbor1	chr14	95475414	95475573	DNA/hAT-Charlie	660	+	80	95475494	40283
chr14	95435211	95635211	harbor1	chr14	95484632	95484855	DNA/hAT-Charlie	520	+	112	95484744	49533
chr14	95435211	95635211	harbor1	chr14	95504019	95504238	DNA/hAT-Charlie	1077	+	110	95504129	68918
chr14	99488601	99688601	harbor1	chr14	99505313	99505596	DNA/hAT-Charlie	875	+	142	99505455	16854
chr14	99488601	99688601	harbor1	chr14	99505868	99505933	DNA/hAT-Charlie	875	+	32	99505900	17299
chr14	90282794	90482794	harbor1	chr14	90293134	90293253	DNA/hAT-Charlie	846	+	60	90293194	10400
chr14	90282794	90482794	harbor1	chr14	90293550	90293618	DNA/hAT-Charlie	846	+	34	90293584	10790
chr14	90282794	90482794	harbor1	chr14	90296794	90296856	DNA/hAT-Charlie	1317	+	31	90296825	14031
chr14	90282794	90482794	harbor1	chr14	90297167	90297475	DNA/hAT-Charlie	1317	+	154	90297321	14527
chr14	90282794	90482794	harbor1	chr14	90343837	90344030	DNA/hAT-Charlie	1210	+	96	90343933	61139
chr14	90282794	90482794	harbor1	chr14	90380656	90380796	DNA/hAT-Charlie	756	+	70	90380726	97932
chr14	75328363	75528363	harbor1	chr14	75375802	75375958	DNA/hAT-Charlie	860	+	78	75375880	47517
chr14	75328363	75528363	harbor1	chr14	75406334	75406428	DNA/hAT-Charlie	566	+	47	75406381	78018
chr14	67140875	67340875	harbor1	chr14	67148461	67148558	DNA/hAT-Charlie	1727	+	48	67148509	7634
chr14	67140875	67340875	harbor1	chr14	67148866	67149062	DNA/hAT-Charlie	1727	+	98	67148964	8089
chr14	67140875	67340875	harbor1	chr14	67149362	67149562	DNA/hAT-Charlie	1727	+	100	67149462	8587
chr14	67140875	67340875	harbor1	chr14	67212967	67213092	DNA/hAT-Charlie	629	+	62	67213029	72154
chr14	67140875	67340875	harbor1	chr14	67229385	67229586	DNA/hAT-Charlie	1007	+	100	67229485	88610
chr14	67140875	67340875	harbor1	chr14	67229585	67229856	DNA/hAT-Charlie	921	+	136	67229721	88846
chr14	67140875	67340875	harbor1	chr14	67239282	67239487	DNA/hAT-Charlie	1061	+	102	67239384	98509
chr14	66148048	66348048	harbor1	chr14	66199526	66199801	DNA/hAT-Charlie	722	+	138	66199664	51616
chr14	81174155	81374155	harbor1	chr14	81194092	81194370	DNA/hAT-Charlie	1487	+	139	81194231	20076
chr14	81174155	81374155	harbor1	chr14	81206552	81206677	DNA/hAT-Charlie	450	+	62	81206614	32459
chr14	81174155	81374155	harbor1	chr14	81211929	81212131	DNA/hAT-Charlie	1155	+	101	81212030	37875
chr14	81174155	81374155	harbor1	chr14	81215203	81215405	DNA/hAT-Charlie	864	+	101	81215304	41149
chr14	81174155	81374155	harbor1	chr14	81263173	81263256	DNA/hAT-Charlie	1110	+	42	81263215	89060
chr14	81174155	81374155	harbor1	chr14	81263568	81263691	DNA/hAT-Charlie	1110	+	62	81263630	89475
chr14	21337415	21537415	harbor1	chr14	21338460	21338625	DNA/hAT-Charlie	461	+	82	21338542	1127
chr14	21337415	21537415	harbor1	chr14	21338703	21338831	DNA/hAT-Charlie	461	+	64	21338767	1352
chr14	21337415	21537415	harbor1	chr14	21372839	21372961	DNA/hAT-Charlie	485	+	61	21372900	35485
chr14	21337415	21537415	harbor1	chr14	21373246	21373288	DNA/hAT-Charlie	485	+	21	21373267	35852
chr14	21337415	21537415	harbor1	chr14	21376606	21376912	DNA/hAT-Charlie	1009	+	153	21376759	39344
chr14	21337415	21537415	harbor1	chr14	21402672	21402888	DNA/hAT-Charlie	904	+	108	21402780	65365
chr14	99493213	99693213	harbor1	chr14	99505313	99505596	DNA/hAT-Charlie	875	+	142	99505455	12242
chr14	99493213	99693213	harbor1	chr14	99505868	99505933	DNA/hAT-Charlie	875	+	32	99505900	12687
chr14	95435221	95635221	harbor1	chr14	95441826	95442193	DNA/hAT-Charlie	810	+	184	95442010	6789
chr14	95435221	95635221	harbor1	chr14	95444857	95445057	DNA/hAT-Charlie	783	+	100	95444957	9736
chr14	95435221	95635221	harbor1	chr14	95455880	95456284	DNA/hAT-Charlie	958	+	202	95456082	20861
chr14	95435221	95635221	harbor1	chr14	95475414	95475573	DNA/hAT-Charlie	660	+	80	95475494	40273
chr14	95435221	95635221	harbor1	chr14	95484632	95484855	DNA/hAT-Charlie	520	+	112	95484744	49523
chr14	95435221	95635221	harbor1	chr14	95504019	95504238	DNA/hAT-Charlie	1077	+	110	95504129	68908
chr14	88923334	89123334	harbor1	chr14	88932528	88932649	DNA/hAT-Charlie	518	+	60	88932588	9254
chr14	95435535	95635535	harbor1	chr14	95441826	95442193	DNA/hAT-Charlie	810	+	184	95442010	6475
chr14	95435535	95635535	harbor1	chr14	95444857	95445057	DNA/hAT-Charlie	783	+	100	95444957	9422
chr14	95435535	95635535	harbor1	chr14	95455880	95456284	DNA/hAT-Charlie	958	+	202	95456082	20547
chr14	95435535	95635535	harbor1	chr14	95475414	95475573	DNA/hAT-Charlie	660	+	80	95475494	39959
chr14	95435535	95635535	harbor1	chr14	95484632	95484855	DNA/hAT-Charlie	520	+	112	95484744	49209
chr14	95435535	95635535	harbor1	chr14	95504019	95504238	DNA/hAT-Charlie	1077	+	110	95504129	68594
chr14	91224851	91424851	harbor1	chr14	91245063	91245242	DNA/hAT-Charlie	475	+	90	91245153	20302
chr14	91224851	91424851	harbor1	chr14	91262560	91262823	DNA/hAT-Charlie	729	+	132	91262692	37841
chr14	91224851	91424851	harbor1	chr14	91276124	91276302	DNA/hAT-Charlie	717	+	89	91276213	51362
chr14	91224851	91424851	harbor1	chr14	91276906	91276961	DNA/hAT-Charlie	1140	+	28	91276934	52083
chr14	91224851	91424851	harbor1	chr14	91277314	91277579	DNA/hAT-Charlie	1140	+	132	91277446	52595
chr14	91224851	91424851	harbor1	chr14	91284705	91284926	DNA/hAT-Charlie	455	+	110	91284815	59964
chr14	91224851	91424851	harbor1	chr14	91298098	91298152	DNA/hAT-Charlie	503	+	27	91298125	73274
chr14	91224851	91424851	harbor1	chr14	91298545	91298802	DNA/hAT-Charlie	503	+	128	91298673	73822
chr14	23252014	23452014	harbor1	chr14	23289767	23289979	DNA/hAT-Charlie	1186	+	106	23289873	37859
chr14	23252014	23452014	harbor1	chr14	23310712	23310927	DNA/hAT-Charlie	729	+	108	23310820	58806
chr14	69667837	69867837	harbor1	chr14	69679187	69679339	DNA/hAT-Charlie	497	+	76	69679263	11426
chr14	69667837	69867837	harbor1	chr14	69679342	69679491	DNA/hAT-Charlie	760	+	74	69679416	11579
chr14	69667837	69867837	harbor1	chr14	69679492	69679694	DNA/hAT-Charlie	1401	+	101	69679593	11756
chr14	69667837	69867837	harbor1	chr14	69679695	69679733	DNA/hAT-Charlie	760	+	19	69679714	11877
chr14	69667837	69867837	harbor1	chr14	69696705	69696798	DNA/hAT-Charlie	1316	+	46	69696751	28914
chr14	69667837	69867837	harbor1	chr14	69705386	69705535	DNA/hAT-Charlie	639	+	74	69705460	37623
chr14	69667837	69867837	harbor1	chr14	69750826	69750980	DNA/hAT-Charlie	1344	+	77	69750903	83066
chr14	69667837	69867837	harbor1	chr14	69697442	69697665	DNA/hAT-Charlie	1316	+	112	69697554	29717
chr14	100185484	100385484	harbor1	chr14	100213305	100213530	DNA/hAT-Charlie	1032	+	112	100213417	27933
chr14	100185484	100385484	harbor1	chr14	100213832	100213924	DNA/hAT-Charlie	1032	+	46	100213878	28394
chr14	104590358	104790358	harbor1	chr14	104631638	104631764	DNA/hAT-Charlie	490	+	63	104631701	41343
chr14	104590358	104790358	harbor1	chr14	104632054	104632110	DNA/hAT-Charlie	490	+	28	104632082	41724
chr14	100182129	100382129	harbor1	chr14	100213305	100213530	DNA/hAT-Charlie	1032	+	112	100213417	31288
chr14	100182129	100382129	harbor1	chr14	100213832	100213924	DNA/hAT-Charlie	1032	+	46	100213878	31749
chr14	74822554	75022554	harbor1	chr14	74845892	74846030	DNA/hAT-Charlie	784	+	69	74845961	23407
chr14	74822554	75022554	harbor1	chr14	74901365	74901498	DNA/hAT-Charlie	471	+	66	74901431	78877
chr14	74822554	75022554	harbor1	chr14	74915066	74915262	DNA/hAT-Charlie	867	+	98	74915164	92610
chr14	23452131	23652131	harbor1	chr14	23452789	23453197	DNA/hAT-Charlie	1726	+	204	23452993	862
chr14	23452131	23652131	harbor1	chr14	23458496	23458971	DNA/hAT-Charlie	3728	+	238	23458734	6603
chr14	23452131	23652131	harbor1	chr14	23459268	23459667	DNA/hAT-Charlie	3728	+	200	23459468	7337
chr14	23452131	23652131	harbor1	chr14	23465259	23465443	DNA/hAT-Charlie	1233	+	92	23465351	13220
chr14	23452131	23652131	harbor1	chr14	23467638	23467649	DNA/hAT-Charlie	835	+	6	23467644	15513
chr14	23452131	23652131	harbor1	chr14	23468256	23468412	DNA/hAT-Charlie	835	+	78	23468334	16203
chr14	23452131	23652131	harbor1	chr14	23474744	23474904	DNA/hAT-Charlie	759	+	80	23474824	22693
chr14	23452131	23652131	harbor1	chr14	23511095	23511322	DNA/hAT-Charlie	780	+	114	23511209	59078
chr14	105059476	105259476	harbor1	chr14	105075704	105075862	DNA/hAT-Charlie	642	+	79	105075783	16307
chr14	24047207	24247207	harbor1	chr14	24085768	24085949	DNA/hAT-Charlie	962	+	90	24085858	38651
chr14	24047207	24247207	harbor1	chr14	24128397	24128508	DNA/hAT-Charlie	1189	+	56	24128453	81246
chr14	24047207	24247207	harbor1	chr14	24128826	24128852	DNA/hAT-Charlie	1189	+	13	24128839	81632
chr14	24047207	24247207	harbor1	chr14	24129152	24129442	DNA/hAT-Charlie	1189	+	145	24129297	82090
chr14	24047207	24247207	harbor1	chr14	24130020	24130056	DNA/hAT-Charlie	1189	+	18	24130038	82831
chr14	24047207	24247207	harbor1	chr14	24130337	24130360	DNA/hAT-Charlie	1189	+	12	24130349	83142
chr14	24047207	24247207	harbor1	chr14	24134597	24134821	DNA/hAT-Charlie	1000	+	112	24134709	87502
chr14	67500240	67700240	harbor1	chr14	67543463	67543645	DNA/hAT-Charlie	454	+	91	67543554	43314
chr14	67500240	67700240	harbor1	chr14	67585267	67585436	DNA/hAT-Charlie	465	+	84	67585351	85111
chr14	76928821	77128821	harbor1	chr14	76960468	76960541	DNA/hAT-Charlie	504	+	36	76960504	31683
chr14	76928821	77128821	harbor1	chr14	76960864	76961041	DNA/hAT-Charlie	504	+	88	76960952	32131
chr14	69667763	69867763	harbor1	chr14	69679187	69679339	DNA/hAT-Charlie	497	+	76	69679263	11500
chr14	69667763	69867763	harbor1	chr14	69679342	69679491	DNA/hAT-Charlie	760	+	74	69679416	11653
chr14	69667763	69867763	harbor1	chr14	69679492	69679694	DNA/hAT-Charlie	1401	+	101	69679593	11830
chr14	69667763	69867763	harbor1	chr14	69679695	69679733	DNA/hAT-Charlie	760	+	19	69679714	11951
chr14	69667763	69867763	harbor1	chr14	69696705	69696798	DNA/hAT-Charlie	1316	+	46	69696751	28988
chr14	69667763	69867763	harbor1	chr14	69705386	69705535	DNA/hAT-Charlie	639	+	74	69705460	37697
chr14	69667763	69867763	harbor1	chr14	69750826	69750980	DNA/hAT-Charlie	1344	+	77	69750903	83140
chr14	69667763	69867763	harbor1	chr14	69697442	69697665	DNA/hAT-Charlie	1316	+	112	69697554	29791
chr14	94074221	94274221	harbor1	chr14	94077784	94077918	DNA/hAT-Charlie	545	+	67	94077851	3630
chr14	94074221	94274221	harbor1	chr14	94099863	94100043	DNA/hAT-Charlie	815	+	90	94099953	25732
chr14	94074221	94274221	harbor1	chr14	94167302	94167500	DNA/hAT-Charlie	505	+	99	94167401	93180
chr14	74300576	74500576	harbor1	chr14	74317374	74317519	DNA/hAT-Charlie	631	+	72	74317446	16870
chr14	74300576	74500576	harbor1	chr14	74343659	74343803	DNA/hAT-Charlie	796	+	72	74343731	43155
chr14	74300576	74500576	harbor1	chr14	74389858	74389999	DNA/hAT-Charlie	512	+	70	74389928	89352
chr14	74300576	74500576	harbor1	chr14	74391180	74391499	DNA/hAT-Charlie	1198	+	160	74391340	90764
chr14	24047697	24247697	harbor1	chr14	24085768	24085949	DNA/hAT-Charlie	962	+	90	24085858	38161
chr14	24047697	24247697	harbor1	chr14	24128397	24128508	DNA/hAT-Charlie	1189	+	56	24128453	80756
chr14	24047697	24247697	harbor1	chr14	24128826	24128852	DNA/hAT-Charlie	1189	+	13	24128839	81142
chr14	24047697	24247697	harbor1	chr14	24129152	24129442	DNA/hAT-Charlie	1189	+	145	24129297	81600
chr14	24047697	24247697	harbor1	chr14	24130020	24130056	DNA/hAT-Charlie	1189	+	18	24130038	82341
chr14	24047697	24247697	harbor1	chr14	24130337	24130360	DNA/hAT-Charlie	1189	+	12	24130349	82652
chr14	24047697	24247697	harbor1	chr14	24134597	24134821	DNA/hAT-Charlie	1000	+	112	24134709	87012
chr14	75327097	75527097	harbor1	chr14	75375802	75375958	DNA/hAT-Charlie	860	+	78	75375880	48783
chr14	75327097	75527097	harbor1	chr14	75406334	75406428	DNA/hAT-Charlie	566	+	47	75406381	79284
chr14	76928851	77128851	harbor1	chr14	76960468	76960541	DNA/hAT-Charlie	504	+	36	76960504	31653
chr14	76928851	77128851	harbor1	chr14	76960864	76961041	DNA/hAT-Charlie	504	+	88	76960952	32101
chr14	21308274	21508274	harbor1	chr14	21338460	21338625	DNA/hAT-Charlie	461	+	82	21338542	30268
chr14	21308274	21508274	harbor1	chr14	21338703	21338831	DNA/hAT-Charlie	461	+	64	21338767	30493
chr14	21308274	21508274	harbor1	chr14	21372839	21372961	DNA/hAT-Charlie	485	+	61	21372900	64626
chr14	21308274	21508274	harbor1	chr14	21373246	21373288	DNA/hAT-Charlie	485	+	21	21373267	64993
chr14	21308274	21508274	harbor1	chr14	21376606	21376912	DNA/hAT-Charlie	1009	+	153	21376759	68485
chr14	21308274	21508274	harbor1	chr14	21402672	21402888	DNA/hAT-Charlie	904	+	108	21402780	94506
chr14	76928811	77128811	harbor1	chr14	76960468	76960541	DNA/hAT-Charlie	504	+	36	76960504	31693
chr14	76928811	77128811	harbor1	chr14	76960864	76961041	DNA/hAT-Charlie	504	+	88	76960952	32141
chr14	76928796	77128796	harbor1	chr14	76960468	76960541	DNA/hAT-Charlie	504	+	36	76960504	31708
chr14	76928796	77128796	harbor1	chr14	76960864	76961041	DNA/hAT-Charlie	504	+	88	76960952	32156
chr14	51140268	51340268	harbor1	chr14	51180684	51180852	DNA/hAT-Charlie	668	+	84	51180768	40500
chr14	51140268	51340268	harbor1	chr14	51183429	51183557	DNA/hAT-Charlie	530	+	64	51183493	43225
chr14	51140268	51340268	harbor1	chr14	51186160	51186691	DNA/hAT-Charlie	3858	+	266	51186426	46158
chr14	51140268	51340268	harbor1	chr14	51197986	51198208	DNA/hAT-Charlie	508	+	111	51198097	57829
chr14	91224777	91424777	harbor1	chr14	91245063	91245242	DNA/hAT-Charlie	475	+	90	91245153	20376
chr14	91224777	91424777	harbor1	chr14	91262560	91262823	DNA/hAT-Charlie	729	+	132	91262692	37915
chr14	91224777	91424777	harbor1	chr14	91276124	91276302	DNA/hAT-Charlie	717	+	89	91276213	51436
chr14	91224777	91424777	harbor1	chr14	91276906	91276961	DNA/hAT-Charlie	1140	+	28	91276934	52157
chr14	91224777	91424777	harbor1	chr14	91277314	91277579	DNA/hAT-Charlie	1140	+	132	91277446	52669
chr14	91224777	91424777	harbor1	chr14	91284705	91284926	DNA/hAT-Charlie	455	+	110	91284815	60038
chr14	91224777	91424777	harbor1	chr14	91298098	91298152	DNA/hAT-Charlie	503	+	27	91298125	73348
chr14	91224777	91424777	harbor1	chr14	91298545	91298802	DNA/hAT-Charlie	503	+	128	91298673	73896
chr14	104623497	104823497	harbor1	chr14	104631638	104631764	DNA/hAT-Charlie	490	+	63	104631701	8204
chr14	104623497	104823497	harbor1	chr14	104632054	104632110	DNA/hAT-Charlie	490	+	28	104632082	8585
chr14	104623497	104823497	harbor1	chr14	104704405	104704713	DNA/hAT-Charlie	1832	+	154	104704559	81062
chr14	104623497	104823497	harbor1	chr14	104706599	104706754	DNA/hAT-Charlie	724	+	78	104706677	83180
chr14	76928421	77128421	harbor1	chr14	76960468	76960541	DNA/hAT-Charlie	504	+	36	76960504	32083
chr14	76928421	77128421	harbor1	chr14	76960864	76961041	DNA/hAT-Charlie	504	+	88	76960952	32531
chr14	23249324	23449324	harbor1	chr14	23289767	23289979	DNA/hAT-Charlie	1186	+	106	23289873	40549
chr14	23249324	23449324	harbor1	chr14	23310712	23310927	DNA/hAT-Charlie	729	+	108	23310820	61496
chr14	100185531	100385531	harbor1	chr14	100213305	100213530	DNA/hAT-Charlie	1032	+	112	100213417	27886
chr14	100185531	100385531	harbor1	chr14	100213832	100213924	DNA/hAT-Charlie	1032	+	46	100213878	28347
chr14	103421746	103621746	harbor1	chr14	103425995	103426203	DNA/hAT-Charlie	1090	+	104	103426099	4353
chr14	103421746	103621746	harbor1	chr14	103426203	103426398	DNA/hAT-Charlie	544	+	98	103426301	4555
chr14	103421746	103621746	harbor1	chr14	103469022	103469133	DNA/hAT-Charlie	502	+	56	103469078	47332
chr14	103421746	103621746	harbor1	chr14	103469739	103469780	DNA/hAT-Charlie	502	+	20	103469759	48013
chr14	103421746	103621746	harbor1	chr14	103470077	103470138	DNA/hAT-Charlie	502	+	30	103470107	48361
chr14	103421746	103621746	harbor1	chr14	103517175	103517353	DNA/hAT-Charlie	660	+	89	103517264	95518
chr14	100032741	100232741	harbor1	chr14	100035977	100036315	DNA/hAT-Charlie	2084	+	169	100036146	3405
chr14	100032741	100232741	harbor1	chr14	100051702	100051998	DNA/hAT-Charlie	672	+	148	100051850	19109
chr14	100032741	100232741	harbor1	chr14	100052002	100052105	DNA/hAT-Charlie	456	+	52	100052054	19313
chr14	100032741	100232741	harbor1	chr14	100052190	100052322	DNA/hAT-Charlie	658	+	66	100052256	19515
chr14	100032741	100232741	harbor1	chr14	100052392	100052469	DNA/hAT-Charlie	524	+	38	100052430	19689
chr14	100032741	100232741	harbor1	chr14	100052767	100052807	DNA/hAT-Charlie	524	+	20	100052787	20046
chr14	100032741	100232741	harbor1	chr14	100053195	100053208	DNA/hAT-Charlie	524	+	6	100053201	20460
chr14	100032741	100232741	harbor1	chr14	100071326	100071537	DNA/hAT-Charlie	844	+	106	100071432	38691
chr14	100032741	100232741	harbor1	chr14	100071524	100071658	DNA/hAT-Charlie	656	+	67	100071591	38850
chr14	100032741	100232741	harbor1	chr14	100106219	100106718	DNA/hAT-Charlie	1533	+	250	100106469	73728
chr14	104588146	104788146	harbor1	chr14	104631638	104631764	DNA/hAT-Charlie	490	+	63	104631701	43555
chr14	104588146	104788146	harbor1	chr14	104632054	104632110	DNA/hAT-Charlie	490	+	28	104632082	43936
chr14	99493162	99693162	harbor1	chr14	99505313	99505596	DNA/hAT-Charlie	875	+	142	99505455	12293
chr14	99493162	99693162	harbor1	chr14	99505868	99505933	DNA/hAT-Charlie	875	+	32	99505900	12738
chr14	76928813	77128813	harbor1	chr14	76960468	76960541	DNA/hAT-Charlie	504	+	36	76960504	31691
chr14	76928813	77128813	harbor1	chr14	76960864	76961041	DNA/hAT-Charlie	504	+	88	76960952	32139
chr14	105567427	105767427	harbor1	chr14	105614231	105614561	DNA/hAT-Charlie	2044	+	165	105614396	46969
chr14	105567427	105767427	harbor1	chr14	105633666	105633996	DNA/hAT-Charlie	2112	+	165	105633831	66404
chr14	99435566	99635566	harbor1	chr14	99505313	99505596	DNA/hAT-Charlie	875	+	142	99505455	69889
chr14	99435566	99635566	harbor1	chr14	99505868	99505933	DNA/hAT-Charlie	875	+	32	99505900	70334
chr14	76928830	77128830	harbor1	chr14	76960468	76960541	DNA/hAT-Charlie	504	+	36	76960504	31674
chr14	76928830	77128830	harbor1	chr14	76960864	76961041	DNA/hAT-Charlie	504	+	88	76960952	32122
chr14	20990975	21190975	harbor1	chr14	20995372	20995558	DNA/hAT-Charlie	681	+	93	20995465	4490
chr14	20990975	21190975	harbor1	chr14	21037476	21037642	DNA/hAT-Charlie	903	+	83	21037559	46584
chr14	20990975	21190975	harbor1	chr14	21089835	21089990	DNA/hAT-Charlie	514	+	78	21089913	98938
chr14	69667329	69867329	harbor1	chr14	69679187	69679339	DNA/hAT-Charlie	497	+	76	69679263	11934
chr14	69667329	69867329	harbor1	chr14	69679342	69679491	DNA/hAT-Charlie	760	+	74	69679416	12087
chr14	69667329	69867329	harbor1	chr14	69679492	69679694	DNA/hAT-Charlie	1401	+	101	69679593	12264
chr14	69667329	69867329	harbor1	chr14	69679695	69679733	DNA/hAT-Charlie	760	+	19	69679714	12385
chr14	69667329	69867329	harbor1	chr14	69696705	69696798	DNA/hAT-Charlie	1316	+	46	69696751	29422
chr14	69667329	69867329	harbor1	chr14	69705386	69705535	DNA/hAT-Charlie	639	+	74	69705460	38131
chr14	69667329	69867329	harbor1	chr14	69750826	69750980	DNA/hAT-Charlie	1344	+	77	69750903	83574
chr14	69667329	69867329	harbor1	chr14	69697442	69697665	DNA/hAT-Charlie	1316	+	112	69697554	30225
chr14	104416746	104616746	harbor1	chr14	104419043	104419288	DNA/hAT-Charlie	729	+	122	104419165	2419
chr14	104416746	104616746	harbor1	chr14	104420003	104420103	DNA/hAT-Charlie	678	+	50	104420053	3307
chr14	104416746	104616746	harbor1	chr14	104420627	104421031	DNA/hAT-Charlie	2757	+	202	104420829	4083
chr14	67141315	67341315	harbor1	chr14	67148461	67148558	DNA/hAT-Charlie	1727	+	48	67148509	7194
chr14	67141315	67341315	harbor1	chr14	67148866	67149062	DNA/hAT-Charlie	1727	+	98	67148964	7649
chr14	67141315	67341315	harbor1	chr14	67149362	67149562	DNA/hAT-Charlie	1727	+	100	67149462	8147
chr14	67141315	67341315	harbor1	chr14	67212967	67213092	DNA/hAT-Charlie	629	+	62	67213029	71714
chr14	67141315	67341315	harbor1	chr14	67229385	67229586	DNA/hAT-Charlie	1007	+	100	67229485	88170
chr14	67141315	67341315	harbor1	chr14	67229585	67229856	DNA/hAT-Charlie	921	+	136	67229721	88406
chr14	67141315	67341315	harbor1	chr14	67239282	67239487	DNA/hAT-Charlie	1061	+	102	67239384	98069
chr14	54681742	54881742	harbor1	chr14	54699457	54699763	DNA/hAT-Charlie	898	+	153	54699610	17868
chr14	24047761	24247761	harbor1	chr14	24085768	24085949	DNA/hAT-Charlie	962	+	90	24085858	38097
chr14	24047761	24247761	harbor1	chr14	24128397	24128508	DNA/hAT-Charlie	1189	+	56	24128453	80692
chr14	24047761	24247761	harbor1	chr14	24128826	24128852	DNA/hAT-Charlie	1189	+	13	24128839	81078
chr14	24047761	24247761	harbor1	chr14	24129152	24129442	DNA/hAT-Charlie	1189	+	145	24129297	81536
chr14	24047761	24247761	harbor1	chr14	24130020	24130056	DNA/hAT-Charlie	1189	+	18	24130038	82277
chr14	24047761	24247761	harbor1	chr14	24130337	24130360	DNA/hAT-Charlie	1189	+	12	24130349	82588
chr14	24047761	24247761	harbor1	chr14	24134597	24134821	DNA/hAT-Charlie	1000	+	112	24134709	86948
chr14	103423069	103623069	harbor1	chr14	103425995	103426203	DNA/hAT-Charlie	1090	+	104	103426099	3030
chr14	103423069	103623069	harbor1	chr14	103426203	103426398	DNA/hAT-Charlie	544	+	98	103426301	3232
chr14	103423069	103623069	harbor1	chr14	103469022	103469133	DNA/hAT-Charlie	502	+	56	103469078	46009
chr14	103423069	103623069	harbor1	chr14	103469739	103469780	DNA/hAT-Charlie	502	+	20	103469759	46690
chr14	103423069	103623069	harbor1	chr14	103470077	103470138	DNA/hAT-Charlie	502	+	30	103470107	47038
chr14	103423069	103623069	harbor1	chr14	103517175	103517353	DNA/hAT-Charlie	660	+	89	103517264	94195
chr14	69876011	70076011	harbor1	chr14	69888982	69889166	DNA/hAT-Charlie	955	+	92	69889074	13063
chr14	69876011	70076011	harbor1	chr14	69914020	69914204	DNA/hAT-Charlie	857	+	92	69914112	38101
chr14	69876011	70076011	harbor1	chr14	69922524	69922698	DNA/hAT-Charlie	530	+	87	69922611	46600
chr14	69876011	70076011	harbor1	chr14	69952629	69952979	DNA/hAT-Charlie	851	+	175	69952804	76793
chr14	69876011	70076011	harbor1	chr14	69956812	69956963	DNA/hAT-Charlie	638	+	76	69956888	80877
chr14	69876011	70076011	harbor1	chr14	69967367	69967574	DNA/hAT-Charlie	1492	+	104	69967471	91460
chr14	69876011	70076011	harbor1	chr14	69968212	69968382	DNA/hAT-Charlie	790	+	85	69968297	92286
chr14	22776770	22976770	harbor1	chr14	22794742	22794905	DNA/hAT-Charlie	677	+	82	22794824	18054
chr14	105386427	105586427	harbor1	chr14	105430726	105430968	DNA/hAT-Charlie	989	+	121	105430847	44420
chr14	105386427	105586427	harbor1	chr14	105431494	105431617	DNA/hAT-Charlie	857	+	62	105431556	45129
chr14	105386427	105586427	harbor1	chr14	105431926	105432025	DNA/hAT-Charlie	857	+	50	105431976	45549
chr14	105386427	105586427	harbor1	chr14	105432153	105432228	DNA/hAT-Charlie	1805	+	38	105432191	45764
chr14	105386427	105586427	harbor1	chr14	105432539	105433003	DNA/hAT-Charlie	1805	+	232	105432771	46344
chr14	105386427	105586427	harbor1	chr14	105433596	105433840	DNA/hAT-Charlie	1107	+	122	105433718	47291
chr14	105386427	105586427	harbor1	chr14	105434117	105434242	DNA/hAT-Charlie	1107	+	62	105434179	47752
chr14	21306992	21506992	harbor1	chr14	21338460	21338625	DNA/hAT-Charlie	461	+	82	21338542	31550
chr14	21306992	21506992	harbor1	chr14	21338703	21338831	DNA/hAT-Charlie	461	+	64	21338767	31775
chr14	21306992	21506992	harbor1	chr14	21372839	21372961	DNA/hAT-Charlie	485	+	61	21372900	65908
chr14	21306992	21506992	harbor1	chr14	21373246	21373288	DNA/hAT-Charlie	485	+	21	21373267	66275
chr14	21306992	21506992	harbor1	chr14	21376606	21376912	DNA/hAT-Charlie	1009	+	153	21376759	69767
chr14	21306992	21506992	harbor1	chr14	21402672	21402888	DNA/hAT-Charlie	904	+	108	21402780	95788
chr14	103423052	103623052	harbor1	chr14	103425995	103426203	DNA/hAT-Charlie	1090	+	104	103426099	3047
chr14	103423052	103623052	harbor1	chr14	103426203	103426398	DNA/hAT-Charlie	544	+	98	103426301	3249
chr14	103423052	103623052	harbor1	chr14	103469022	103469133	DNA/hAT-Charlie	502	+	56	103469078	46026
chr14	103423052	103623052	harbor1	chr14	103469739	103469780	DNA/hAT-Charlie	502	+	20	103469759	46707
chr14	103423052	103623052	harbor1	chr14	103470077	103470138	DNA/hAT-Charlie	502	+	30	103470107	47055
chr14	103423052	103623052	harbor1	chr14	103517175	103517353	DNA/hAT-Charlie	660	+	89	103517264	94212
chr14	102396870	102596870	harbor1	chr14	102423107	102423150	DNA/hAT-Charlie	1070	+	22	102423129	26259
chr14	102396870	102596870	harbor1	chr14	102423451	102423589	DNA/hAT-Charlie	1070	+	69	102423520	26650
chr14	102396870	102596870	harbor1	chr14	102429820	102429957	DNA/hAT-Charlie	770	+	68	102429888	33018
chr14	102396870	102596870	harbor1	chr14	102430274	102430344	DNA/hAT-Charlie	770	+	35	102430309	33439
chr14	73659652	73859652	harbor1	chr14	73670252	73670401	DNA/hAT-Charlie	861	+	74	73670326	10674
chr14	73659652	73859652	harbor1	chr14	73721965	73722423	DNA/hAT-Charlie	1538	+	229	73722194	62542
chr14	73659652	73859652	harbor1	chr14	73734322	73734403	DNA/hAT-Charlie	517	+	40	73734362	74710
chr14	73659652	73859652	harbor1	chr14	73734732	73734846	DNA/hAT-Charlie	517	+	57	73734789	75137
chr14	24047716	24247716	harbor1	chr14	24085768	24085949	DNA/hAT-Charlie	962	+	90	24085858	38142
chr14	24047716	24247716	harbor1	chr14	24128397	24128508	DNA/hAT-Charlie	1189	+	56	24128453	80737
chr14	24047716	24247716	harbor1	chr14	24128826	24128852	DNA/hAT-Charlie	1189	+	13	24128839	81123
chr14	24047716	24247716	harbor1	chr14	24129152	24129442	DNA/hAT-Charlie	1189	+	145	24129297	81581
chr14	24047716	24247716	harbor1	chr14	24130020	24130056	DNA/hAT-Charlie	1189	+	18	24130038	82322
chr14	24047716	24247716	harbor1	chr14	24130337	24130360	DNA/hAT-Charlie	1189	+	12	24130349	82633
chr14	24047716	24247716	harbor1	chr14	24134597	24134821	DNA/hAT-Charlie	1000	+	112	24134709	86993
chr14	104000741	104200741	harbor1	chr14	104009272	104009409	DNA/hAT-Charlie	816	+	68	104009340	8599
chr14	104000741	104200741	harbor1	chr14	104040847	104041028	DNA/hAT-Charlie	533	+	90	104040937	40196
chr14	21335960	21535960	harbor1	chr14	21338460	21338625	DNA/hAT-Charlie	461	+	82	21338542	2582
chr14	21335960	21535960	harbor1	chr14	21338703	21338831	DNA/hAT-Charlie	461	+	64	21338767	2807
chr14	21335960	21535960	harbor1	chr14	21372839	21372961	DNA/hAT-Charlie	485	+	61	21372900	36940
chr14	21335960	21535960	harbor1	chr14	21373246	21373288	DNA/hAT-Charlie	485	+	21	21373267	37307
chr14	21335960	21535960	harbor1	chr14	21376606	21376912	DNA/hAT-Charlie	1009	+	153	21376759	40799
chr14	21335960	21535960	harbor1	chr14	21402672	21402888	DNA/hAT-Charlie	904	+	108	21402780	66820
chr14	91474368	91674368	harbor1	chr14	91484369	91484576	DNA/hAT-Charlie	1003	+	104	91484473	10105
chr14	91474368	91674368	harbor1	chr14	91497846	91498052	DNA/hAT-Charlie	922	+	103	91497949	23581
chr14	91474368	91674368	harbor1	chr14	91498350	91498542	DNA/hAT-Charlie	922	+	96	91498446	24078
chr14	91474368	91674368	harbor1	chr14	91513068	91513182	DNA/hAT-Charlie	510	+	57	91513125	38757
chr14	91474368	91674368	harbor1	chr14	91513470	91513714	DNA/hAT-Charlie	510	+	122	91513592	39224
chr14	90283195	90483195	harbor1	chr14	90293134	90293253	DNA/hAT-Charlie	846	+	60	90293194	9999
chr14	90283195	90483195	harbor1	chr14	90293550	90293618	DNA/hAT-Charlie	846	+	34	90293584	10389
chr14	90283195	90483195	harbor1	chr14	90296794	90296856	DNA/hAT-Charlie	1317	+	31	90296825	13630
chr14	90283195	90483195	harbor1	chr14	90297167	90297475	DNA/hAT-Charlie	1317	+	154	90297321	14126
chr14	90283195	90483195	harbor1	chr14	90343837	90344030	DNA/hAT-Charlie	1210	+	96	90343933	60738
chr14	90283195	90483195	harbor1	chr14	90380656	90380796	DNA/hAT-Charlie	756	+	70	90380726	97531
chr14	75328380	75528380	harbor1	chr14	75375802	75375958	DNA/hAT-Charlie	860	+	78	75375880	47500
chr14	75328380	75528380	harbor1	chr14	75406334	75406428	DNA/hAT-Charlie	566	+	47	75406381	78001
chr14	64194361	64394361	harbor1	chr14	64222286	64222434	DNA/hAT-Charlie	778	+	74	64222360	27999
chr14	64194361	64394361	harbor1	chr14	64222741	64222772	DNA/hAT-Charlie	778	+	16	64222757	28396
chr14	64194361	64394361	harbor1	chr14	64247101	64247296	DNA/hAT-Charlie	692	+	98	64247199	52838
chr14	93926565	94126565	harbor1	chr14	93937174	93937317	DNA/hAT-Charlie	736	+	72	93937246	10681
chr14	93926565	94126565	harbor1	chr14	93944048	93944199	DNA/hAT-Charlie	454	+	76	93944124	17559
chr14	93926565	94126565	harbor1	chr14	93963509	93963817	DNA/hAT-Charlie	1074	+	154	93963663	37098
chr14	93926565	94126565	harbor1	chr14	93984767	93984957	DNA/hAT-Charlie	732	+	95	93984862	58297
chr14	93926565	94126565	harbor1	chr14	94009831	94010006	DNA/hAT-Charlie	460	+	88	94009919	83354
chr14	103423043	103623043	harbor1	chr14	103425995	103426203	DNA/hAT-Charlie	1090	+	104	103426099	3056
chr14	103423043	103623043	harbor1	chr14	103426203	103426398	DNA/hAT-Charlie	544	+	98	103426301	3258
chr14	103423043	103623043	harbor1	chr14	103469022	103469133	DNA/hAT-Charlie	502	+	56	103469078	46035
chr14	103423043	103623043	harbor1	chr14	103469739	103469780	DNA/hAT-Charlie	502	+	20	103469759	46716
chr14	103423043	103623043	harbor1	chr14	103470077	103470138	DNA/hAT-Charlie	502	+	30	103470107	47064
chr14	103423043	103623043	harbor1	chr14	103517175	103517353	DNA/hAT-Charlie	660	+	89	103517264	94221
chr14	67499989	67699989	harbor1	chr14	67543463	67543645	DNA/hAT-Charlie	454	+	91	67543554	43565
chr14	67499989	67699989	harbor1	chr14	67585267	67585436	DNA/hAT-Charlie	465	+	84	67585351	85362
chr14	100182018	100382018	harbor1	chr14	100213305	100213530	DNA/hAT-Charlie	1032	+	112	100213417	31399
chr14	100182018	100382018	harbor1	chr14	100213832	100213924	DNA/hAT-Charlie	1032	+	46	100213878	31860
chr14	104015415	104215415	harbor1	chr14	104040847	104041028	DNA/hAT-Charlie	533	+	90	104040937	25522
chr14	76925476	77125476	harbor1	chr14	76960468	76960541	DNA/hAT-Charlie	504	+	36	76960504	35028
chr14	76925476	77125476	harbor1	chr14	76960864	76961041	DNA/hAT-Charlie	504	+	88	76960952	35476
chr14	90283220	90483220	harbor1	chr14	90293134	90293253	DNA/hAT-Charlie	846	+	60	90293194	9974
chr14	90283220	90483220	harbor1	chr14	90293550	90293618	DNA/hAT-Charlie	846	+	34	90293584	10364
chr14	90283220	90483220	harbor1	chr14	90296794	90296856	DNA/hAT-Charlie	1317	+	31	90296825	13605
chr14	90283220	90483220	harbor1	chr14	90297167	90297475	DNA/hAT-Charlie	1317	+	154	90297321	14101
chr14	90283220	90483220	harbor1	chr14	90343837	90344030	DNA/hAT-Charlie	1210	+	96	90343933	60713
chr14	90283220	90483220	harbor1	chr14	90380656	90380796	DNA/hAT-Charlie	756	+	70	90380726	97506
chr14	105554090	105754090	harbor1	chr14	105614231	105614561	DNA/hAT-Charlie	2044	+	165	105614396	60306
chr14	105554090	105754090	harbor1	chr14	105633666	105633996	DNA/hAT-Charlie	2112	+	165	105633831	79741
chr14	105054599	105254599	harbor1	chr14	105075704	105075862	DNA/hAT-Charlie	642	+	79	105075783	21184
chr14	101439534	101639534	harbor1	chr14	101513783	101513966	DNA/hAT-Charlie	460	+	92	101513875	74341
chr15	29169912	29369912	harbor1	chr15	29210365	29210706	DNA/hAT-Charlie	2294	+	170	29210535	40623
chr15	29169912	29369912	harbor1	chr15	29251432	29251647	DNA/hAT-Charlie	1504	+	108	29251540	81628
chr15	29169912	29369912	harbor1	chr15	29251682	29251863	DNA/hAT-Charlie	1324	+	90	29251772	81860
chr15	67421734	67621734	harbor1	chr15	67517756	67517913	DNA/hAT-Charlie	514	+	78	67517834	96100
chr15	67421734	67621734	harbor1	chr15	67518686	67518711	DNA/hAT-Charlie	514	+	12	67518698	96964
chr15	74837985	75037985	harbor1	chr15	74858286	74858470	DNA/hAT-Charlie	733	+	92	74858378	20393
chr15	74837985	75037985	harbor1	chr15	74868421	74868535	DNA/hAT-Charlie	652	+	57	74868478	30493
chr15	74837985	75037985	harbor1	chr15	74868844	74868873	DNA/hAT-Charlie	652	+	14	74868858	30873
chr15	74837985	75037985	harbor1	chr15	74869180	74869263	DNA/hAT-Charlie	652	+	42	74869222	31237
chr15	74837985	75037985	harbor1	chr15	74895692	74895874	DNA/hAT-Charlie	920	+	91	74895783	57798
chr15	74837985	75037985	harbor1	chr15	74898904	74899011	DNA/hAT-Charlie	432	+	54	74898958	60973
chr15	74837985	75037985	harbor1	chr15	74928748	74928946	DNA/hAT-Charlie	1039	+	99	74928847	90862
chr15	35445552	35645552	harbor1	chr15	35481023	35481223	DNA/hAT-Charlie	884	+	100	35481123	35571
chr15	35445552	35645552	harbor1	chr15	35511024	35511176	DNA/hAT-Charlie	714	+	76	35511100	65548
chr15	35445552	35645552	harbor1	chr15	35539346	35539566	DNA/hAT-Charlie	458	+	110	35539456	93904
chr15	35446223	35646223	harbor1	chr15	35481023	35481223	DNA/hAT-Charlie	884	+	100	35481123	34900
chr15	35446223	35646223	harbor1	chr15	35511024	35511176	DNA/hAT-Charlie	714	+	76	35511100	64877
chr15	35446223	35646223	harbor1	chr15	35539346	35539566	DNA/hAT-Charlie	458	+	110	35539456	93233
chr15	67104316	67304316	harbor1	chr15	67120755	67120975	DNA/hAT-Charlie	1384	+	110	67120865	16549
chr15	67104316	67304316	harbor1	chr15	67130328	67130634	DNA/hAT-Charlie	1984	+	153	67130481	26165
chr15	67104316	67304316	harbor1	chr15	67153577	67153791	DNA/hAT-Charlie	867	+	107	67153684	49368
chr15	67104316	67304316	harbor1	chr15	67179247	67179485	DNA/hAT-Charlie	1031	+	119	67179366	75050
chr15	67104316	67304316	harbor1	chr15	67198364	67198527	DNA/hAT-Charlie	624	+	82	67198446	94130
chr15	35446236	35646236	harbor1	chr15	35481023	35481223	DNA/hAT-Charlie	884	+	100	35481123	34887
chr15	35446236	35646236	harbor1	chr15	35511024	35511176	DNA/hAT-Charlie	714	+	76	35511100	64864
chr15	35446236	35646236	harbor1	chr15	35539346	35539566	DNA/hAT-Charlie	458	+	110	35539456	93220
chr15	35446435	35646435	harbor1	chr15	35481023	35481223	DNA/hAT-Charlie	884	+	100	35481123	34688
chr15	35446435	35646435	harbor1	chr15	35511024	35511176	DNA/hAT-Charlie	714	+	76	35511100	64665
chr15	35446435	35646435	harbor1	chr15	35539346	35539566	DNA/hAT-Charlie	458	+	110	35539456	93021
chr15	35446210	35646210	harbor1	chr15	35481023	35481223	DNA/hAT-Charlie	884	+	100	35481123	34913
chr15	35446210	35646210	harbor1	chr15	35511024	35511176	DNA/hAT-Charlie	714	+	76	35511100	64890
chr15	35446210	35646210	harbor1	chr15	35539346	35539566	DNA/hAT-Charlie	458	+	110	35539456	93246
chr15	67421817	67621817	harbor1	chr15	67517756	67517913	DNA/hAT-Charlie	514	+	78	67517834	96017
chr15	67421817	67621817	harbor1	chr15	67518686	67518711	DNA/hAT-Charlie	514	+	12	67518698	96881
chr15	35446226	35646226	harbor1	chr15	35481023	35481223	DNA/hAT-Charlie	884	+	100	35481123	34897
chr15	35446226	35646226	harbor1	chr15	35511024	35511176	DNA/hAT-Charlie	714	+	76	35511100	64874
chr15	35446226	35646226	harbor1	chr15	35539346	35539566	DNA/hAT-Charlie	458	+	110	35539456	93230
chr15	35446238	35646238	harbor1	chr15	35481023	35481223	DNA/hAT-Charlie	884	+	100	35481123	34885
chr15	35446238	35646238	harbor1	chr15	35511024	35511176	DNA/hAT-Charlie	714	+	76	35511100	64862
chr15	35446238	35646238	harbor1	chr15	35539346	35539566	DNA/hAT-Charlie	458	+	110	35539456	93218
chr15	101728928	101928928	harbor1	chr15	101739346	101739513	DNA/hAT-Charlie	2298	+	84	101739430	10502
chr15	101728928	101928928	harbor1	chr15	101739811	101740376	DNA/hAT-Charlie	2298	+	282	101740093	11165
chr15	101728928	101928928	harbor1	chr15	101740634	101740956	DNA/hAT-Charlie	842	+	161	101740795	11867
chr15	101728928	101928928	harbor1	chr15	101783381	101783525	DNA/hAT-Charlie	753	+	72	101783453	54525
chr15	31770716	31970716	harbor1	chr15	31772508	31772679	DNA/hAT-Charlie	589	+	86	31772594	1878
chr15	31770716	31970716	harbor1	chr15	31783333	31784684	DNA/hAT-Charlie	4881	+	676	31784009	13293
chr15	31770716	31970716	harbor1	chr15	31813540	31813748	DNA/hAT-Charlie	601	+	104	31813644	42928
chr15	67421798	67621798	harbor1	chr15	67517756	67517913	DNA/hAT-Charlie	514	+	78	67517834	96036
chr15	67421798	67621798	harbor1	chr15	67518686	67518711	DNA/hAT-Charlie	514	+	12	67518698	96900
chr15	35446211	35646211	harbor1	chr15	35481023	35481223	DNA/hAT-Charlie	884	+	100	35481123	34912
chr15	35446211	35646211	harbor1	chr15	35511024	35511176	DNA/hAT-Charlie	714	+	76	35511100	64889
chr15	35446211	35646211	harbor1	chr15	35539346	35539566	DNA/hAT-Charlie	458	+	110	35539456	93245
chr15	24856071	25056071	harbor1	chr15	24879676	24879854	DNA/hAT-Charlie	669	+	89	24879765	23694
chr15	24856071	25056071	harbor1	chr15	24933917	24934016	DNA/hAT-Charlie	1216	+	50	24933967	77896
chr15	24856071	25056071	harbor1	chr15	24934317	24934550	DNA/hAT-Charlie	1216	+	116	24934433	78362
chr15	32599301	32799301	harbor1	chr15	32666903	32667210	DNA/hAT-Charlie	1289	+	154	32667057	67756
chr15	32599301	32799301	harbor1	chr15	32673402	32673527	DNA/hAT-Charlie	776	+	62	32673464	74163
chr15	32599301	32799301	harbor1	chr15	32682114	32682299	DNA/hAT-Charlie	922	+	92	32682206	82905
chr15	67421805	67621805	harbor1	chr15	67517756	67517913	DNA/hAT-Charlie	514	+	78	67517834	96029
chr15	67421805	67621805	harbor1	chr15	67518686	67518711	DNA/hAT-Charlie	514	+	12	67518698	96893
chr15	66786957	66986957	harbor1	chr15	66803649	66803835	DNA/hAT-Charlie	1089	+	93	66803742	16785
chr15	66786957	66986957	harbor1	chr15	66804326	66804487	DNA/hAT-Charlie	918	+	80	66804406	17449
chr15	66786957	66986957	harbor1	chr15	66840090	66840167	DNA/hAT-Charlie	1136	+	38	66840128	53171
chr15	66786957	66986957	harbor1	chr15	66840497	66840741	DNA/hAT-Charlie	1136	+	122	66840619	53662
chr15	35446209	35646209	harbor1	chr15	35481023	35481223	DNA/hAT-Charlie	884	+	100	35481123	34914
chr15	35446209	35646209	harbor1	chr15	35511024	35511176	DNA/hAT-Charlie	714	+	76	35511100	64891
chr15	35446209	35646209	harbor1	chr15	35539346	35539566	DNA/hAT-Charlie	458	+	110	35539456	93247
chr15	35446262	35646262	harbor1	chr15	35481023	35481223	DNA/hAT-Charlie	884	+	100	35481123	34861
chr15	35446262	35646262	harbor1	chr15	35511024	35511176	DNA/hAT-Charlie	714	+	76	35511100	64838
chr15	35446262	35646262	harbor1	chr15	35539346	35539566	DNA/hAT-Charlie	458	+	110	35539456	93194
chr15	25339171	25539171	harbor1	chr15	25361986	25362192	DNA/hAT-Charlie	614	+	103	25362089	22918
chr15	25339171	25539171	harbor1	chr15	25379735	25379945	DNA/hAT-Charlie	1102	+	105	25379840	40669
chr15	25339171	25539171	harbor1	chr15	25380300	25380417	DNA/hAT-Charlie	1102	+	58	25380358	41187
chr15	25339171	25539171	harbor1	chr15	25405912	25406138	DNA/hAT-Charlie	986	+	113	25406025	66854
chr15	67421688	67621688	harbor1	chr15	67517756	67517913	DNA/hAT-Charlie	514	+	78	67517834	96146
chr15	67421688	67621688	harbor1	chr15	67518686	67518711	DNA/hAT-Charlie	514	+	12	67518698	97010
chr15	35446272	35646272	harbor1	chr15	35481023	35481223	DNA/hAT-Charlie	884	+	100	35481123	34851
chr15	35446272	35646272	harbor1	chr15	35511024	35511176	DNA/hAT-Charlie	714	+	76	35511100	64828
chr15	35446272	35646272	harbor1	chr15	35539346	35539566	DNA/hAT-Charlie	458	+	110	35539456	93184
chr15	67421773	67621773	harbor1	chr15	67517756	67517913	DNA/hAT-Charlie	514	+	78	67517834	96061
chr15	67421773	67621773	harbor1	chr15	67518686	67518711	DNA/hAT-Charlie	514	+	12	67518698	96925
chr15	101861558	102061558	harbor1	chr15	101943852	101944051	DNA/hAT-Charlie	875	+	100	101943952	82394
chr15	34109577	34309577	harbor1	chr15	34116296	34116525	DNA/hAT-Charlie	1315	+	114	34116410	6833
chr15	34109577	34309577	harbor1	chr15	34116780	34116978	DNA/hAT-Charlie	1315	+	99	34116879	7302
chr15	34109577	34309577	harbor1	chr15	34117286	34117475	DNA/hAT-Charlie	1315	+	94	34117380	7803
chr15	35446227	35646227	harbor1	chr15	35481023	35481223	DNA/hAT-Charlie	884	+	100	35481123	34896
chr15	35446227	35646227	harbor1	chr15	35511024	35511176	DNA/hAT-Charlie	714	+	76	35511100	64873
chr15	35446227	35646227	harbor1	chr15	35539346	35539566	DNA/hAT-Charlie	458	+	110	35539456	93229
chr15	29944821	30144821	harbor1	chr15	30041740	30041876	DNA/hAT-Charlie	424	+	68	30041808	96987
chr15	65277014	65477014	harbor1	chr15	65279810	65279937	DNA/hAT-Charlie	583	+	64	65279874	2860
chr15	65277014	65477014	harbor1	chr15	65299331	65299431	DNA/hAT-Charlie	697	+	50	65299381	22367
chr15	65277014	65477014	harbor1	chr15	65341036	65341146	DNA/hAT-Charlie	620	+	55	65341091	64077
chr15	65277014	65477014	harbor1	chr15	65371489	65371638	DNA/hAT-Charlie	594	+	74	65371563	94549
chr15	101552272	101752272	harbor1	chr15	101605948	101606120	DNA/hAT-Charlie	491	+	86	101606034	53762
chr15	101552272	101752272	harbor1	chr15	101644254	101644470	DNA/hAT-Charlie	1023	+	108	101644362	92090
chr15	22455716	22655716	harbor1	chr15	22484009	22484216	DNA/hAT-Charlie	1337	+	104	22484113	28397
chr15	22455716	22655716	harbor1	chr15	22545213	22545535	DNA/hAT-Charlie	1029	+	161	22545374	89658
chr15	101861545	102061545	harbor1	chr15	101943852	101944051	DNA/hAT-Charlie	875	+	100	101943952	82407
chr15	101861594	102061594	harbor1	chr15	101943852	101944051	DNA/hAT-Charlie	875	+	100	101943952	82358
chr15	67421706	67621706	harbor1	chr15	67517756	67517913	DNA/hAT-Charlie	514	+	78	67517834	96128
chr15	67421706	67621706	harbor1	chr15	67518686	67518711	DNA/hAT-Charlie	514	+	12	67518698	96992
chr15	74946674	75146674	harbor1	chr15	74973359	74973438	DNA/hAT-Charlie	984	+	40	74973399	26725
chr15	74946674	75146674	harbor1	chr15	74973702	74973839	DNA/hAT-Charlie	984	+	68	74973770	27096
chr15	74946674	75146674	harbor1	chr15	74974362	74974518	DNA/hAT-Charlie	811	+	78	74974440	27766
chr15	74946674	75146674	harbor1	chr15	74974824	74974866	DNA/hAT-Charlie	811	+	21	74974845	28171
chr15	74946674	75146674	harbor1	chr15	75032707	75032786	DNA/hAT-Charlie	1441	+	40	75032747	86073
chr15	74946674	75146674	harbor1	chr15	75033103	75033334	DNA/hAT-Charlie	1441	+	116	75033219	86545
chr15	74946674	75146674	harbor1	chr15	75035190	75035319	DNA/hAT-Charlie	695	+	64	75035254	88580
chr15	25338738	25538738	harbor1	chr15	25361986	25362192	DNA/hAT-Charlie	614	+	103	25362089	23351
chr15	25338738	25538738	harbor1	chr15	25379735	25379945	DNA/hAT-Charlie	1102	+	105	25379840	41102
chr15	25338738	25538738	harbor1	chr15	25380300	25380417	DNA/hAT-Charlie	1102	+	58	25380358	41620
chr15	25338738	25538738	harbor1	chr15	25405912	25406138	DNA/hAT-Charlie	986	+	113	25406025	67287
chr15	35446206	35646206	harbor1	chr15	35481023	35481223	DNA/hAT-Charlie	884	+	100	35481123	34917
chr15	35446206	35646206	harbor1	chr15	35511024	35511176	DNA/hAT-Charlie	714	+	76	35511100	64894
chr15	35446206	35646206	harbor1	chr15	35539346	35539566	DNA/hAT-Charlie	458	+	110	35539456	93250
chr15	35446358	35646358	harbor1	chr15	35481023	35481223	DNA/hAT-Charlie	884	+	100	35481123	34765
chr15	35446358	35646358	harbor1	chr15	35511024	35511176	DNA/hAT-Charlie	714	+	76	35511100	64742
chr15	35446358	35646358	harbor1	chr15	35539346	35539566	DNA/hAT-Charlie	458	+	110	35539456	93098
chr15	96226959	96426959	harbor1	chr15	96255710	96255877	DNA/hAT-Charlie	710	+	84	96255794	28835
chr15	35446299	35646299	harbor1	chr15	35481023	35481223	DNA/hAT-Charlie	884	+	100	35481123	34824
chr15	35446299	35646299	harbor1	chr15	35511024	35511176	DNA/hAT-Charlie	714	+	76	35511100	64801
chr15	35446299	35646299	harbor1	chr15	35539346	35539566	DNA/hAT-Charlie	458	+	110	35539456	93157
chr15	78668333	78868333	harbor1	chr15	78669697	78669873	DNA/hAT-Charlie	725	+	88	78669785	1452
chr15	78668333	78868333	harbor1	chr15	78669882	78670363	DNA/hAT-Charlie	4773	+	240	78670122	1789
chr15	78668333	78868333	harbor1	chr15	78670675	78670879	DNA/hAT-Charlie	4773	+	102	78670777	2444
chr15	78668333	78868333	harbor1	chr15	78671185	78671542	DNA/hAT-Charlie	4773	+	178	78671363	3030
chr15	78668333	78868333	harbor1	chr15	78687047	78687250	DNA/hAT-Charlie	755	+	102	78687149	18816
chr15	78668333	78868333	harbor1	chr15	78741939	78742100	DNA/hAT-Charlie	897	+	80	78742019	73686
chr15	78668333	78868333	harbor1	chr15	78749016	78749192	DNA/hAT-Charlie	813	+	88	78749104	80771
chr15	38153030	38353030	harbor1	chr15	38165103	38165323	DNA/hAT-Charlie	1060	+	110	38165213	12183
chr15	38153030	38353030	harbor1	chr15	38246468	38246585	DNA/hAT-Charlie	592	+	58	38246526	93496
chr15	35443658	35643658	harbor1	chr15	35481023	35481223	DNA/hAT-Charlie	884	+	100	35481123	37465
chr15	35443658	35643658	harbor1	chr15	35511024	35511176	DNA/hAT-Charlie	714	+	76	35511100	67442
chr15	35443658	35643658	harbor1	chr15	35539346	35539566	DNA/hAT-Charlie	458	+	110	35539456	95798
chr15	35446230	35646230	harbor1	chr15	35481023	35481223	DNA/hAT-Charlie	884	+	100	35481123	34893
chr15	35446230	35646230	harbor1	chr15	35511024	35511176	DNA/hAT-Charlie	714	+	76	35511100	64870
chr15	35446230	35646230	harbor1	chr15	35539346	35539566	DNA/hAT-Charlie	458	+	110	35539456	93226
chr15	101854275	102054275	harbor1	chr15	101943852	101944051	DNA/hAT-Charlie	875	+	100	101943952	89677
chr15	67421776	67621776	harbor1	chr15	67517756	67517913	DNA/hAT-Charlie	514	+	78	67517834	96058
chr15	67421776	67621776	harbor1	chr15	67518686	67518711	DNA/hAT-Charlie	514	+	12	67518698	96922
chr15	29332978	29532978	harbor1	chr15	29392270	29392333	DNA/hAT-Charlie	447	+	32	29392302	59324
chr15	69999084	70199084	harbor1	chr15	70036186	70036348	DNA/hAT-Charlie	532	+	81	70036267	37183
chr15	69999084	70199084	harbor1	chr15	70047352	70047553	DNA/hAT-Charlie	479	+	100	70047452	48368
chr15	69999084	70199084	harbor1	chr15	70072692	70072863	DNA/hAT-Charlie	739	+	86	70072778	73694
chr15	69999084	70199084	harbor1	chr15	70084237	70084439	DNA/hAT-Charlie	841	+	101	70084338	85254
chr15	67009819	67209819	harbor1	chr15	67019556	67019765	DNA/hAT-Charlie	1034	+	104	67019660	9841
chr15	67009819	67209819	harbor1	chr15	67053976	67054183	DNA/hAT-Charlie	1249	+	104	67054080	44261
chr15	67009819	67209819	harbor1	chr15	67054530	67054637	DNA/hAT-Charlie	1249	+	54	67054584	44765
chr15	67009819	67209819	harbor1	chr15	67085628	67085778	DNA/hAT-Charlie	435	+	75	67085703	75884
chr15	67009819	67209819	harbor1	chr15	67092408	67092591	DNA/hAT-Charlie	822	+	92	67092500	82681
chr15	101861669	102061669	harbor1	chr15	101943852	101944051	DNA/hAT-Charlie	875	+	100	101943952	82283
chr15	25337980	25537980	harbor1	chr15	25361986	25362192	DNA/hAT-Charlie	614	+	103	25362089	24109
chr15	25337980	25537980	harbor1	chr15	25379735	25379945	DNA/hAT-Charlie	1102	+	105	25379840	41860
chr15	25337980	25537980	harbor1	chr15	25380300	25380417	DNA/hAT-Charlie	1102	+	58	25380358	42378
chr15	25337980	25537980	harbor1	chr15	25405912	25406138	DNA/hAT-Charlie	986	+	113	25406025	68045
chr15	31770811	31970811	harbor1	chr15	31772508	31772679	DNA/hAT-Charlie	589	+	86	31772594	1783
chr15	31770811	31970811	harbor1	chr15	31783333	31784684	DNA/hAT-Charlie	4881	+	676	31784009	13198
chr15	31770811	31970811	harbor1	chr15	31813540	31813748	DNA/hAT-Charlie	601	+	104	31813644	42833
chr15	29332340	29532340	harbor1	chr15	29392270	29392333	DNA/hAT-Charlie	447	+	32	29392302	59962
chr15	19973464	20173464	harbor1	chr15	20001642	20001770	DNA/hAT-Charlie	779	+	64	20001706	28242
chr15	41406104	41606104	harbor1	chr15	41499056	41499350	DNA/hAT-Charlie	561	+	147	41499203	93099
chr15	22880593	23080593	harbor1	chr15	22904468	22904677	DNA/hAT-Charlie	595	+	104	22904572	23979
chr15	22880593	23080593	harbor1	chr15	22932375	22932569	DNA/hAT-Charlie	610	+	97	22932472	51879
chr15	22880593	23080593	harbor1	chr15	22933182	22933309	DNA/hAT-Charlie	725	+	64	22933246	52653
chr15	22880593	23080593	harbor1	chr15	22933614	22933680	DNA/hAT-Charlie	725	+	33	22933647	53054
chr15	29026774	29226774	harbor1	chr15	29035688	29035814	DNA/hAT-Charlie	443	+	63	29035751	8977
chr15	29026774	29226774	harbor1	chr15	29092046	29092259	DNA/hAT-Charlie	863	+	106	29092152	65378
chr15	29026774	29226774	harbor1	chr15	29100987	29101201	DNA/hAT-Charlie	1115	+	107	29101094	74320
chr15	35446252	35646252	harbor1	chr15	35481023	35481223	DNA/hAT-Charlie	884	+	100	35481123	34871
chr15	35446252	35646252	harbor1	chr15	35511024	35511176	DNA/hAT-Charlie	714	+	76	35511100	64848
chr15	35446252	35646252	harbor1	chr15	35539346	35539566	DNA/hAT-Charlie	458	+	110	35539456	93204
chr15	63405330	63605330	harbor1	chr15	63416046	63416259	DNA/hAT-Charlie	979	+	106	63416152	10822
chr15	63405330	63605330	harbor1	chr15	63454628	63454790	DNA/hAT-Charlie	853	+	81	63454709	49379
chr15	35446212	35646212	harbor1	chr15	35481023	35481223	DNA/hAT-Charlie	884	+	100	35481123	34911
chr15	35446212	35646212	harbor1	chr15	35511024	35511176	DNA/hAT-Charlie	714	+	76	35511100	64888
chr15	35446212	35646212	harbor1	chr15	35539346	35539566	DNA/hAT-Charlie	458	+	110	35539456	93244
chr15	29332920	29532920	harbor1	chr15	29392270	29392333	DNA/hAT-Charlie	447	+	32	29392302	59382
chr15	67421829	67621829	harbor1	chr15	67517756	67517913	DNA/hAT-Charlie	514	+	78	67517834	96005
chr15	67421829	67621829	harbor1	chr15	67518686	67518711	DNA/hAT-Charlie	514	+	12	67518698	96869
chr15	34237807	34437807	harbor1	chr15	34276623	34276794	DNA/hAT-Charlie	669	+	86	34276709	38902
chr15	34237807	34437807	harbor1	chr15	34297114	34297350	DNA/hAT-Charlie	544	+	118	34297232	59425
chr15	34237807	34437807	harbor1	chr15	34323316	34323650	DNA/hAT-Charlie	2249	+	167	34323483	85676
chr15	68960308	69160308	harbor1	chr15	69041401	69041754	DNA/hAT-Charlie	1486	+	176	69041577	81269
chr15	68960308	69160308	harbor1	chr15	69041755	69041990	DNA/hAT-Charlie	1748	+	118	69041873	81565
chr15	68960308	69160308	harbor1	chr15	69041991	69042074	DNA/hAT-Charlie	1486	+	42	69042033	81725
chr15	68960308	69160308	harbor1	chr15	69049677	69049809	DNA/hAT-Charlie	454	+	66	69049743	89435
chr15	69999137	70199137	harbor1	chr15	70036186	70036348	DNA/hAT-Charlie	532	+	81	70036267	37130
chr15	69999137	70199137	harbor1	chr15	70047352	70047553	DNA/hAT-Charlie	479	+	100	70047452	48315
chr15	69999137	70199137	harbor1	chr15	70072692	70072863	DNA/hAT-Charlie	739	+	86	70072778	73641
chr15	69999137	70199137	harbor1	chr15	70084237	70084439	DNA/hAT-Charlie	841	+	101	70084338	85201
chr15	35446249	35646249	harbor1	chr15	35481023	35481223	DNA/hAT-Charlie	884	+	100	35481123	34874
chr15	35446249	35646249	harbor1	chr15	35511024	35511176	DNA/hAT-Charlie	714	+	76	35511100	64851
chr15	35446249	35646249	harbor1	chr15	35539346	35539566	DNA/hAT-Charlie	458	+	110	35539456	93207
chr15	35446296	35646296	harbor1	chr15	35481023	35481223	DNA/hAT-Charlie	884	+	100	35481123	34827
chr15	35446296	35646296	harbor1	chr15	35511024	35511176	DNA/hAT-Charlie	714	+	76	35511100	64804
chr15	35446296	35646296	harbor1	chr15	35539346	35539566	DNA/hAT-Charlie	458	+	110	35539456	93160
chr15	100113871	100313871	harbor1	chr15	100132704	100133014	DNA/hAT-Charlie	624	+	155	100132859	18988
chr15	100113871	100313871	harbor1	chr15	100139374	100139554	DNA/hAT-Charlie	913	+	90	100139464	25593
chr15	100113871	100313871	harbor1	chr15	100166970	100167141	DNA/hAT-Charlie	787	+	86	100167056	53185
chr15	100113871	100313871	harbor1	chr15	100212448	100212554	DNA/hAT-Charlie	432	+	53	100212501	98630
chr15	79822730	80022730	harbor1	chr15	79836010	79836218	DNA/hAT-Charlie	869	+	104	79836114	13384
chr15	79822730	80022730	harbor1	chr15	79836228	79836386	DNA/hAT-Charlie	623	+	79	79836307	13577
chr15	79822730	80022730	harbor1	chr15	79838166	79838508	DNA/hAT-Charlie	3539	+	171	79838337	15607
chr15	79822730	80022730	harbor1	chr15	79838810	79838850	DNA/hAT-Charlie	3539	+	20	79838830	16100
chr15	79822730	80022730	harbor1	chr15	79840286	79840524	DNA/hAT-Charlie	3539	+	119	79840405	17675
chr15	79822730	80022730	harbor1	chr15	79840825	79841219	DNA/hAT-Charlie	3539	+	197	79841022	18292
chr15	79822730	80022730	harbor1	chr15	79841329	79841639	DNA/hAT-Charlie	3539	+	155	79841484	18754
chr15	79822730	80022730	harbor1	chr15	79854951	79855150	DNA/hAT-Charlie	832	+	100	79855051	32321
chr15	79822730	80022730	harbor1	chr15	79870227	79870434	DNA/hAT-Charlie	813	+	104	79870331	47601
chr15	79822730	80022730	harbor1	chr15	79911874	79912404	DNA/hAT-Charlie	3595	+	265	79912139	89409
chr15	79822730	80022730	harbor1	chr15	79914935	79915179	DNA/hAT-Charlie	514	+	122	79915057	92327
chr15	79822730	80022730	harbor1	chr15	79839086	79839874	DNA/hAT-Charlie	3539	+	394	79839480	16750
chr15	29169385	29369385	harbor1	chr15	29210365	29210706	DNA/hAT-Charlie	2294	+	170	29210535	41150
chr15	29169385	29369385	harbor1	chr15	29251432	29251647	DNA/hAT-Charlie	1504	+	108	29251540	82155
chr15	29169385	29369385	harbor1	chr15	29251682	29251863	DNA/hAT-Charlie	1324	+	90	29251772	82387
chr15	71630113	71830113	harbor1	chr15	71631148	71631303	DNA/hAT-Charlie	459	+	78	71631226	1113
chr15	71630113	71830113	harbor1	chr15	71650122	71650307	DNA/hAT-Charlie	859	+	92	71650214	20101
chr15	71630113	71830113	harbor1	chr15	71653402	71653614	DNA/hAT-Charlie	1252	+	106	71653508	23395
chr15	71630113	71830113	harbor1	chr15	71674674	71674903	DNA/hAT-Charlie	894	+	114	71674788	44675
chr15	71630113	71830113	harbor1	chr15	71709745	71709919	DNA/hAT-Charlie	798	+	87	71709832	79719
chr15	32618868	32818868	harbor1	chr15	32666903	32667210	DNA/hAT-Charlie	1289	+	154	32667057	48189
chr15	32618868	32818868	harbor1	chr15	32673402	32673527	DNA/hAT-Charlie	776	+	62	32673464	54596
chr15	32618868	32818868	harbor1	chr15	32682114	32682299	DNA/hAT-Charlie	922	+	92	32682206	63338
chr15	32618868	32818868	harbor1	chr15	32703596	32703932	DNA/hAT-Charlie	2185	+	168	32703764	84896
chr15	73799625	73999625	harbor1	chr15	73806558	73806854	DNA/hAT-Charlie	1631	+	148	73806706	7081
chr15	73799625	73999625	harbor1	chr15	73823879	73824096	DNA/hAT-Charlie	1283	+	108	73823987	24362
chr15	73799625	73999625	harbor1	chr15	73874634	73874819	DNA/hAT-Charlie	725	+	92	73874726	75101
chr15	73799625	73999625	harbor1	chr15	73879535	73879689	DNA/hAT-Charlie	697	+	77	73879612	79987
chr15	73799625	73999625	harbor1	chr15	73895030	73895181	DNA/hAT-Charlie	659	+	76	73895106	95481
chr15	35446199	35646199	harbor1	chr15	35481023	35481223	DNA/hAT-Charlie	884	+	100	35481123	34924
chr15	35446199	35646199	harbor1	chr15	35511024	35511176	DNA/hAT-Charlie	714	+	76	35511100	64901
chr15	35446199	35646199	harbor1	chr15	35539346	35539566	DNA/hAT-Charlie	458	+	110	35539456	93257
chr15	101623861	101823861	harbor1	chr15	101644254	101644470	DNA/hAT-Charlie	1023	+	108	101644362	20501
chr15	101623861	101823861	harbor1	chr15	101705899	101705976	DNA/hAT-Charlie	736	+	38	101705937	82076
chr15	101623861	101823861	harbor1	chr15	101706288	101706556	DNA/hAT-Charlie	736	+	134	101706422	82561
chr15	35446288	35646288	harbor1	chr15	35481023	35481223	DNA/hAT-Charlie	884	+	100	35481123	34835
chr15	35446288	35646288	harbor1	chr15	35511024	35511176	DNA/hAT-Charlie	714	+	76	35511100	64812
chr15	35446288	35646288	harbor1	chr15	35539346	35539566	DNA/hAT-Charlie	458	+	110	35539456	93168
chr15	73768197	73968197	harbor1	chr15	73806558	73806854	DNA/hAT-Charlie	1631	+	148	73806706	38509
chr15	73768197	73968197	harbor1	chr15	73823879	73824096	DNA/hAT-Charlie	1283	+	108	73823987	55790
chr15	73895408	74095408	harbor1	chr15	73913420	73913710	DNA/hAT-Charlie	720	+	145	73913565	18157
chr15	73895408	74095408	harbor1	chr15	73943911	73944134	DNA/hAT-Charlie	915	+	112	73944023	48615
chr15	77542617	77742617	harbor1	chr15	77586322	77586738	DNA/hAT-Charlie	994	+	208	77586530	43913
chr15	77542617	77742617	harbor1	chr15	77587031	77587100	DNA/hAT-Charlie	994	+	34	77587065	44448
chr15	77542617	77742617	harbor1	chr15	77590618	77590726	DNA/hAT-Charlie	1021	+	54	77590672	48055
chr15	77542617	77742617	harbor1	chr15	77591019	77591250	DNA/hAT-Charlie	1021	+	116	77591135	48518
chr15	77542617	77742617	harbor1	chr15	77594769	77594847	DNA/hAT-Charlie	602	+	39	77594808	52191
chr15	77542617	77742617	harbor1	chr15	77595146	77595267	DNA/hAT-Charlie	602	+	60	77595206	52589
chr15	77542617	77742617	harbor1	chr15	77601524	77601697	DNA/hAT-Charlie	813	+	86	77601610	58993
chr15	77542617	77742617	harbor1	chr15	77594445	77594760	DNA/hAT-Charlie	1105	+	158	77594603	51986
chr16	2329317	2529317	harbor1	chr16	2335785	2336227	DNA/hAT-Charlie	1185	+	221	2336006	6689
chr16	2329317	2529317	harbor1	chr16	2361887	2362136	DNA/hAT-Charlie	586	+	124	2362011	32694
chr16	2329317	2529317	harbor1	chr16	2426896	2427078	DNA/hAT-Charlie	811	+	91	2426987	97670
chr16	2374864	2574864	harbor1	chr16	2426896	2427078	DNA/hAT-Charlie	811	+	91	2426987	52123
chr16	2198372	2398372	harbor1	chr16	2241281	2241300	DNA/hAT-Charlie	852	+	10	2241291	42919
chr16	2198372	2398372	harbor1	chr16	2241596	2241692	DNA/hAT-Charlie	852	+	48	2241644	43272
chr16	2198372	2398372	harbor1	chr16	2242293	2242432	DNA/hAT-Charlie	852	+	70	2242363	43991
chr16	2369786	2569786	harbor1	chr16	2426896	2427078	DNA/hAT-Charlie	811	+	91	2426987	57201
chr16	4016559	4216559	harbor1	chr16	4020113	4020279	DNA/hAT-Charlie	641	+	83	4020196	3637
chr16	4016559	4216559	harbor1	chr16	4085673	4085842	DNA/hAT-Charlie	592	+	84	4085757	69198
chr16	4016559	4216559	harbor1	chr16	4103264	4103547	DNA/hAT-Charlie	2563	+	142	4103406	86847
chr16	4016559	4216559	harbor1	chr16	4103857	4104450	DNA/hAT-Charlie	2563	+	296	4104153	87594
chr16	4016559	4216559	harbor1	chr16	4104631	4104788	DNA/hAT-Charlie	581	+	78	4104709	88150
chr16	4016559	4216559	harbor1	chr16	4105097	4105330	DNA/hAT-Charlie	994	+	116	4105213	88654
chr16	88717991	88917991	harbor1	chr16	88797555	88797674	DNA/hAT-Charlie	652	+	60	88797615	79624
chr16	88717991	88917991	harbor1	chr16	88797970	88798052	DNA/hAT-Charlie	652	+	41	88798011	80020
chr16	73379	273379	harbor1	chr16	127223	127235	DNA/hAT-Charlie	759	+	6	127229	53850
chr16	73379	273379	harbor1	chr16	127535	127654	DNA/hAT-Charlie	759	+	60	127595	54216
chr16	73379	273379	harbor1	chr16	127955	127986	DNA/hAT-Charlie	759	+	16	127971	54592
chr16	73379	273379	harbor1	chr16	128285	128348	DNA/hAT-Charlie	759	+	32	128317	54938
chr16	2373588	2573588	harbor1	chr16	2426896	2427078	DNA/hAT-Charlie	811	+	91	2426987	53399
chr16	66812746	67012746	harbor1	chr16	66834050	66834120	DNA/hAT-Charlie	750	+	35	66834085	21339
chr16	66812746	67012746	harbor1	chr16	66834417	66834427	DNA/hAT-Charlie	750	+	5	66834422	21676
chr16	66812746	67012746	harbor1	chr16	66834886	66834987	DNA/hAT-Charlie	750	+	50	66834936	22190
chr16	66812746	67012746	harbor1	chr16	66830274	66830476	DNA/hAT-Charlie	860	+	101	66830375	17629
chr16	2375149	2575149	harbor1	chr16	2426896	2427078	DNA/hAT-Charlie	811	+	91	2426987	51838
chr16	87292256	87492256	harbor1	chr16	87332928	87333080	DNA/hAT-Charlie	713	+	76	87333004	40748
chr16	53030875	53230875	harbor1	chr16	53062120	53062452	DNA/hAT-Charlie	722	+	166	53062286	31411
chr16	53030875	53230875	harbor1	chr16	53084939	53085201	DNA/hAT-Charlie	811	+	131	53085070	54195
chr16	4084076	4284076	harbor1	chr16	4085673	4085842	DNA/hAT-Charlie	592	+	84	4085757	1681
chr16	4084076	4284076	harbor1	chr16	4103264	4103547	DNA/hAT-Charlie	2563	+	142	4103406	19330
chr16	4084076	4284076	harbor1	chr16	4103857	4104450	DNA/hAT-Charlie	2563	+	296	4104153	20077
chr16	4084076	4284076	harbor1	chr16	4104631	4104788	DNA/hAT-Charlie	581	+	78	4104709	20633
chr16	4084076	4284076	harbor1	chr16	4105097	4105330	DNA/hAT-Charlie	994	+	116	4105213	21137
chr16	2836774	3036774	harbor1	chr16	2875917	2876200	DNA/hAT-Charlie	3238	+	142	2876059	39285
chr16	2836774	3036774	harbor1	chr16	2876509	2876588	DNA/hAT-Charlie	3238	+	40	2876549	39775
chr16	2836774	3036774	harbor1	chr16	2876882	2876913	DNA/hAT-Charlie	3238	+	16	2876898	40124
chr16	2836774	3036774	harbor1	chr16	2877214	2877385	DNA/hAT-Charlie	3238	+	86	2877300	40526
chr16	2836774	3036774	harbor1	chr16	2877991	2878287	DNA/hAT-Charlie	3238	+	148	2878139	41365
chr16	2836774	3036774	harbor1	chr16	2878889	2879008	DNA/hAT-Charlie	3238	+	60	2878949	42175
chr16	2836774	3036774	harbor1	chr16	2879311	2879325	DNA/hAT-Charlie	3238	+	7	2879318	42544
chr16	2836774	3036774	harbor1	chr16	2879584	2879666	DNA/hAT-Charlie	3238	+	41	2879625	42851
chr16	2836774	3036774	harbor1	chr16	2913479	2913659	DNA/hAT-Charlie	789	+	90	2913569	76795
chr16	980068	1180068	harbor1	chr16	1026321	1026495	DNA/hAT-Charlie	588	+	87	1026408	46340
chr16	72525	272525	harbor1	chr16	127223	127235	DNA/hAT-Charlie	759	+	6	127229	54704
chr16	72525	272525	harbor1	chr16	127535	127654	DNA/hAT-Charlie	759	+	60	127595	55070
chr16	72525	272525	harbor1	chr16	127955	127986	DNA/hAT-Charlie	759	+	16	127971	55446
chr16	72525	272525	harbor1	chr16	128285	128348	DNA/hAT-Charlie	759	+	32	128317	55792
chr16	4016535	4216535	harbor1	chr16	4020113	4020279	DNA/hAT-Charlie	641	+	83	4020196	3661
chr16	4016535	4216535	harbor1	chr16	4085673	4085842	DNA/hAT-Charlie	592	+	84	4085757	69222
chr16	4016535	4216535	harbor1	chr16	4103264	4103547	DNA/hAT-Charlie	2563	+	142	4103406	86871
chr16	4016535	4216535	harbor1	chr16	4103857	4104450	DNA/hAT-Charlie	2563	+	296	4104153	87618
chr16	4016535	4216535	harbor1	chr16	4104631	4104788	DNA/hAT-Charlie	581	+	78	4104709	88174
chr16	4016535	4216535	harbor1	chr16	4105097	4105330	DNA/hAT-Charlie	994	+	116	4105213	88678
chr16	1	167641	harbor1	chr16	39657	39830	DNA/hAT-Charlie	1042	+	86	39743	39742
chr16	1	167641	harbor1	chr16	40165	40288	DNA/hAT-Charlie	1042	+	62	40227	40226
chr16	1	167641	harbor1	chr16	40285	40459	DNA/hAT-Charlie	705	+	87	40372	40371
chr16	2226331	2426331	harbor1	chr16	2241281	2241300	DNA/hAT-Charlie	852	+	10	2241291	14960
chr16	2226331	2426331	harbor1	chr16	2241596	2241692	DNA/hAT-Charlie	852	+	48	2241644	15313
chr16	2226331	2426331	harbor1	chr16	2242293	2242432	DNA/hAT-Charlie	852	+	70	2242363	16032
chr16	56533856	56733856	harbor1	chr16	56549621	56549944	DNA/hAT-Charlie	930	+	162	56549783	15927
chr16	2198417	2398417	harbor1	chr16	2241281	2241300	DNA/hAT-Charlie	852	+	10	2241291	42874
chr16	2198417	2398417	harbor1	chr16	2241596	2241692	DNA/hAT-Charlie	852	+	48	2241644	43227
chr16	2198417	2398417	harbor1	chr16	2242293	2242432	DNA/hAT-Charlie	852	+	70	2242363	43946
chr16	87292296	87492296	harbor1	chr16	87332928	87333080	DNA/hAT-Charlie	713	+	76	87333004	40708
chr16	71269665	71469665	harbor1	chr16	71277230	71278516	DNA/hAT-Charlie	5257	+	643	71277873	8208
chr16	71269665	71469665	harbor1	chr16	71343827	71343996	DNA/hAT-Charlie	907	+	84	71343911	74246
chr16	71269665	71469665	harbor1	chr16	71352224	71352403	DNA/hAT-Charlie	709	+	90	71352314	82649
chr16	4084117	4284117	harbor1	chr16	4085673	4085842	DNA/hAT-Charlie	592	+	84	4085757	1640
chr16	4084117	4284117	harbor1	chr16	4103264	4103547	DNA/hAT-Charlie	2563	+	142	4103406	19289
chr16	4084117	4284117	harbor1	chr16	4103857	4104450	DNA/hAT-Charlie	2563	+	296	4104153	20036
chr16	4084117	4284117	harbor1	chr16	4104631	4104788	DNA/hAT-Charlie	581	+	78	4104709	20592
chr16	4084117	4284117	harbor1	chr16	4105097	4105330	DNA/hAT-Charlie	994	+	116	4105213	21096
chr16	57702806	57902806	harbor1	chr16	57732631	57732753	DNA/hAT-Charlie	743	+	61	57732692	29886
chr16	1	167633	harbor1	chr16	39657	39830	DNA/hAT-Charlie	1042	+	86	39743	39742
chr16	1	167633	harbor1	chr16	40165	40288	DNA/hAT-Charlie	1042	+	62	40227	40226
chr16	1	167633	harbor1	chr16	40285	40459	DNA/hAT-Charlie	705	+	87	40372	40371
chr16	1600271	1800271	harbor1	chr16	1603289	1603479	DNA/hAT-Charlie	1773	+	95	1603384	3113
chr16	1600271	1800271	harbor1	chr16	1603781	1604103	DNA/hAT-Charlie	1773	+	161	1603942	3671
chr16	1600271	1800271	harbor1	chr16	1661949	1662159	DNA/hAT-Charlie	844	+	105	1662054	61783
chr16	2198460	2398460	harbor1	chr16	2241281	2241300	DNA/hAT-Charlie	852	+	10	2241291	42831
chr16	2198460	2398460	harbor1	chr16	2241596	2241692	DNA/hAT-Charlie	852	+	48	2241644	43184
chr16	2198460	2398460	harbor1	chr16	2242293	2242432	DNA/hAT-Charlie	852	+	70	2242363	43903
chr16	1	167676	harbor1	chr16	39657	39830	DNA/hAT-Charlie	1042	+	86	39743	39742
chr16	1	167676	harbor1	chr16	40165	40288	DNA/hAT-Charlie	1042	+	62	40227	40226
chr16	1	167676	harbor1	chr16	40285	40459	DNA/hAT-Charlie	705	+	87	40372	40371
chr16	2369772	2569772	harbor1	chr16	2426896	2427078	DNA/hAT-Charlie	811	+	91	2426987	57215
chr16	87292331	87492331	harbor1	chr16	87332928	87333080	DNA/hAT-Charlie	713	+	76	87333004	40673
chr16	68145542	68345542	harbor1	chr16	68152681	68153116	DNA/hAT-Charlie	1842	+	218	68152899	7357
chr16	68145542	68345542	harbor1	chr16	68153436	68153501	DNA/hAT-Charlie	1842	+	32	68153468	7926
chr16	2373217	2573217	harbor1	chr16	2426896	2427078	DNA/hAT-Charlie	811	+	91	2426987	53770
chr16	31115390	31315390	harbor1	chr16	31122469	31122598	DNA/hAT-Charlie	715	+	64	31122533	7143
chr16	31115390	31315390	harbor1	chr16	31122892	31122903	DNA/hAT-Charlie	715	+	6	31122898	7508
chr16	31115390	31315390	harbor1	chr16	31123194	31123216	DNA/hAT-Charlie	715	+	11	31123205	7815
chr16	31115390	31315390	harbor1	chr16	31123805	31123867	DNA/hAT-Charlie	715	+	31	31123836	8446
chr16	57636722	57836722	harbor1	chr16	57732631	57732753	DNA/hAT-Charlie	743	+	61	57732692	95970
chr16	57884915	58084915	harbor1	chr16	57935080	57935397	DNA/hAT-Charlie	929	+	158	57935238	50323
chr16	57884915	58084915	harbor1	chr16	57935667	57935683	DNA/hAT-Charlie	929	+	8	57935675	50760
chr16	57884915	58084915	harbor1	chr16	57966724	57966936	DNA/hAT-Charlie	1110	+	106	57966830	81915
chr16	57884915	58084915	harbor1	chr16	57966460	57966695	DNA/hAT-Charlie	1187	+	118	57966578	81663
chr16	71269741	71469741	harbor1	chr16	71277230	71278516	DNA/hAT-Charlie	5257	+	643	71277873	8132
chr16	71269741	71469741	harbor1	chr16	71343827	71343996	DNA/hAT-Charlie	907	+	84	71343911	74170
chr16	71269741	71469741	harbor1	chr16	71352224	71352403	DNA/hAT-Charlie	709	+	90	71352314	82573
chr16	1517721	1717721	harbor1	chr16	1603289	1603479	DNA/hAT-Charlie	1773	+	95	1603384	85663
chr16	1517721	1717721	harbor1	chr16	1603781	1604103	DNA/hAT-Charlie	1773	+	161	1603942	86221
chr16	57884963	58084963	harbor1	chr16	57935080	57935397	DNA/hAT-Charlie	929	+	158	57935238	50275
chr16	57884963	58084963	harbor1	chr16	57935667	57935683	DNA/hAT-Charlie	929	+	8	57935675	50712
chr16	57884963	58084963	harbor1	chr16	57966724	57966936	DNA/hAT-Charlie	1110	+	106	57966830	81867
chr16	57884963	58084963	harbor1	chr16	57966460	57966695	DNA/hAT-Charlie	1187	+	118	57966578	81615
chr16	56832289	57032289	harbor1	chr16	56896116	56896462	DNA/hAT-Charlie	613	+	173	56896289	64000
chr16	56832289	57032289	harbor1	chr16	56896746	56896811	DNA/hAT-Charlie	613	+	32	56896778	64489
chr16	56832289	57032289	harbor1	chr16	56897105	56897179	DNA/hAT-Charlie	613	+	37	56897142	64853
chr16	56832289	57032289	harbor1	chr16	56898850	56899013	DNA/hAT-Charlie	905	+	82	56898932	66643
chr16	56832289	57032289	harbor1	chr16	56903401	56903615	DNA/hAT-Charlie	981	+	107	56903508	71219
chr16	57418274	57618274	harbor1	chr16	57487256	57487437	DNA/hAT-Charlie	856	+	90	57487346	69072
chr16	30087207	30287207	harbor1	chr16	30163444	30163624	DNA/hAT-Charlie	799	+	90	30163534	76327
chr16	72962536	73162536	harbor1	chr16	73035038	73035350	DNA/hAT-Charlie	1364	+	156	73035194	72658
chr16	72962536	73162536	harbor1	chr16	73039453	73039647	DNA/hAT-Charlie	912	+	97	73039550	77014
chr16	57884933	58084933	harbor1	chr16	57935080	57935397	DNA/hAT-Charlie	929	+	158	57935238	50305
chr16	57884933	58084933	harbor1	chr16	57935667	57935683	DNA/hAT-Charlie	929	+	8	57935675	50742
chr16	57884933	58084933	harbor1	chr16	57966724	57966936	DNA/hAT-Charlie	1110	+	106	57966830	81897
chr16	57884933	58084933	harbor1	chr16	57966460	57966695	DNA/hAT-Charlie	1187	+	118	57966578	81645
chr16	47349128	47549128	harbor1	chr16	47371663	47371873	DNA/hAT-Charlie	987	+	105	47371768	22640
chr16	47349128	47549128	harbor1	chr16	47397511	47397712	DNA/hAT-Charlie	919	+	100	47397611	48483
chr16	47349128	47549128	harbor1	chr16	47403910	47404148	DNA/hAT-Charlie	1472	+	119	47404029	54901
chr16	47349128	47549128	harbor1	chr16	47431201	47431549	DNA/hAT-Charlie	2230	+	174	47431375	82247
chr16	77459	277459	harbor1	chr16	127223	127235	DNA/hAT-Charlie	759	+	6	127229	49770
chr16	77459	277459	harbor1	chr16	127535	127654	DNA/hAT-Charlie	759	+	60	127595	50136
chr16	77459	277459	harbor1	chr16	127955	127986	DNA/hAT-Charlie	759	+	16	127971	50512
chr16	77459	277459	harbor1	chr16	128285	128348	DNA/hAT-Charlie	759	+	32	128317	50858
chr16	2198397	2398397	harbor1	chr16	2241281	2241300	DNA/hAT-Charlie	852	+	10	2241291	42894
chr16	2198397	2398397	harbor1	chr16	2241596	2241692	DNA/hAT-Charlie	852	+	48	2241644	43247
chr16	2198397	2398397	harbor1	chr16	2242293	2242432	DNA/hAT-Charlie	852	+	70	2242363	43966
chr16	54836870	55036870	harbor1	chr16	54897106	54897304	DNA/hAT-Charlie	642	+	99	54897205	60335
chr16	1	167624	harbor1	chr16	39657	39830	DNA/hAT-Charlie	1042	+	86	39743	39742
chr16	1	167624	harbor1	chr16	40165	40288	DNA/hAT-Charlie	1042	+	62	40227	40226
chr16	1	167624	harbor1	chr16	40285	40459	DNA/hAT-Charlie	705	+	87	40372	40371
chr16	4016523	4216523	harbor1	chr16	4020113	4020279	DNA/hAT-Charlie	641	+	83	4020196	3673
chr16	4016523	4216523	harbor1	chr16	4085673	4085842	DNA/hAT-Charlie	592	+	84	4085757	69234
chr16	4016523	4216523	harbor1	chr16	4103264	4103547	DNA/hAT-Charlie	2563	+	142	4103406	86883
chr16	4016523	4216523	harbor1	chr16	4103857	4104450	DNA/hAT-Charlie	2563	+	296	4104153	87630
chr16	4016523	4216523	harbor1	chr16	4104631	4104788	DNA/hAT-Charlie	581	+	78	4104709	88186
chr16	4016523	4216523	harbor1	chr16	4105097	4105330	DNA/hAT-Charlie	994	+	116	4105213	88690
chr16	2869886	3069886	harbor1	chr16	2875917	2876200	DNA/hAT-Charlie	3238	+	142	2876059	6173
chr16	2869886	3069886	harbor1	chr16	2876509	2876588	DNA/hAT-Charlie	3238	+	40	2876549	6663
chr16	2869886	3069886	harbor1	chr16	2876882	2876913	DNA/hAT-Charlie	3238	+	16	2876898	7012
chr16	2869886	3069886	harbor1	chr16	2877214	2877385	DNA/hAT-Charlie	3238	+	86	2877300	7414
chr16	2869886	3069886	harbor1	chr16	2877991	2878287	DNA/hAT-Charlie	3238	+	148	2878139	8253
chr16	2869886	3069886	harbor1	chr16	2878889	2879008	DNA/hAT-Charlie	3238	+	60	2878949	9063
chr16	2869886	3069886	harbor1	chr16	2879311	2879325	DNA/hAT-Charlie	3238	+	7	2879318	9432
chr16	2869886	3069886	harbor1	chr16	2879584	2879666	DNA/hAT-Charlie	3238	+	41	2879625	9739
chr16	2869886	3069886	harbor1	chr16	2913479	2913659	DNA/hAT-Charlie	789	+	90	2913569	43683
chr16	2330012	2530012	harbor1	chr16	2335785	2336227	DNA/hAT-Charlie	1185	+	221	2336006	5994
chr16	2330012	2530012	harbor1	chr16	2361887	2362136	DNA/hAT-Charlie	586	+	124	2362011	31999
chr16	2330012	2530012	harbor1	chr16	2426896	2427078	DNA/hAT-Charlie	811	+	91	2426987	96975
chr16	1678395	1878395	harbor1	chr16	1713116	1713254	DNA/hAT-Charlie	747	+	69	1713185	34790
chr16	1678395	1878395	harbor1	chr16	1713383	1713438	DNA/hAT-Charlie	747	+	28	1713411	35016
chr16	56464967	56664967	harbor1	chr16	56528652	56528885	DNA/hAT-Charlie	928	+	116	56528768	63801
chr16	56464967	56664967	harbor1	chr16	56549621	56549944	DNA/hAT-Charlie	930	+	162	56549783	84816
chr16	4081966	4281966	harbor1	chr16	4085673	4085842	DNA/hAT-Charlie	592	+	84	4085757	3791
chr16	4081966	4281966	harbor1	chr16	4103264	4103547	DNA/hAT-Charlie	2563	+	142	4103406	21440
chr16	4081966	4281966	harbor1	chr16	4103857	4104450	DNA/hAT-Charlie	2563	+	296	4104153	22187
chr16	4081966	4281966	harbor1	chr16	4104631	4104788	DNA/hAT-Charlie	581	+	78	4104709	22743
chr16	4081966	4281966	harbor1	chr16	4105097	4105330	DNA/hAT-Charlie	994	+	116	4105213	23247
chr16	2863130	3063130	harbor1	chr16	2875917	2876200	DNA/hAT-Charlie	3238	+	142	2876059	12929
chr16	2863130	3063130	harbor1	chr16	2876509	2876588	DNA/hAT-Charlie	3238	+	40	2876549	13419
chr16	2863130	3063130	harbor1	chr16	2876882	2876913	DNA/hAT-Charlie	3238	+	16	2876898	13768
chr16	2863130	3063130	harbor1	chr16	2877214	2877385	DNA/hAT-Charlie	3238	+	86	2877300	14170
chr16	2863130	3063130	harbor1	chr16	2877991	2878287	DNA/hAT-Charlie	3238	+	148	2878139	15009
chr16	2863130	3063130	harbor1	chr16	2878889	2879008	DNA/hAT-Charlie	3238	+	60	2878949	15819
chr16	2863130	3063130	harbor1	chr16	2879311	2879325	DNA/hAT-Charlie	3238	+	7	2879318	16188
chr16	2863130	3063130	harbor1	chr16	2879584	2879666	DNA/hAT-Charlie	3238	+	41	2879625	16495
chr16	2863130	3063130	harbor1	chr16	2913479	2913659	DNA/hAT-Charlie	789	+	90	2913569	50439
chr16	57884908	58084908	harbor1	chr16	57935080	57935397	DNA/hAT-Charlie	929	+	158	57935238	50330
chr16	57884908	58084908	harbor1	chr16	57935667	57935683	DNA/hAT-Charlie	929	+	8	57935675	50767
chr16	57884908	58084908	harbor1	chr16	57966724	57966936	DNA/hAT-Charlie	1110	+	106	57966830	81922
chr16	57884908	58084908	harbor1	chr16	57966460	57966695	DNA/hAT-Charlie	1187	+	118	57966578	81670
chr16	70055	270055	harbor1	chr16	127223	127235	DNA/hAT-Charlie	759	+	6	127229	57174
chr16	70055	270055	harbor1	chr16	127535	127654	DNA/hAT-Charlie	759	+	60	127595	57540
chr16	70055	270055	harbor1	chr16	127955	127986	DNA/hAT-Charlie	759	+	16	127971	57916
chr16	70055	270055	harbor1	chr16	128285	128348	DNA/hAT-Charlie	759	+	32	128317	58262
chr16	1629276	1829276	harbor1	chr16	1661949	1662159	DNA/hAT-Charlie	844	+	105	1662054	32778
chr16	1629276	1829276	harbor1	chr16	1713116	1713254	DNA/hAT-Charlie	747	+	69	1713185	83909
chr16	1629276	1829276	harbor1	chr16	1713383	1713438	DNA/hAT-Charlie	747	+	28	1713411	84135
chr16	1	167578	harbor1	chr16	39657	39830	DNA/hAT-Charlie	1042	+	86	39743	39742
chr16	1	167578	harbor1	chr16	40165	40288	DNA/hAT-Charlie	1042	+	62	40227	40226
chr16	1	167578	harbor1	chr16	40285	40459	DNA/hAT-Charlie	705	+	87	40372	40371
chr16	4084087	4284087	harbor1	chr16	4085673	4085842	DNA/hAT-Charlie	592	+	84	4085757	1670
chr16	4084087	4284087	harbor1	chr16	4103264	4103547	DNA/hAT-Charlie	2563	+	142	4103406	19319
chr16	4084087	4284087	harbor1	chr16	4103857	4104450	DNA/hAT-Charlie	2563	+	296	4104153	20066
chr16	4084087	4284087	harbor1	chr16	4104631	4104788	DNA/hAT-Charlie	581	+	78	4104709	20622
chr16	4084087	4284087	harbor1	chr16	4105097	4105330	DNA/hAT-Charlie	994	+	116	4105213	21126
chr16	56535691	56735691	harbor1	chr16	56549621	56549944	DNA/hAT-Charlie	930	+	162	56549783	14092
chr16	57884560	58084560	harbor1	chr16	57935080	57935397	DNA/hAT-Charlie	929	+	158	57935238	50678
chr16	57884560	58084560	harbor1	chr16	57935667	57935683	DNA/hAT-Charlie	929	+	8	57935675	51115
chr16	57884560	58084560	harbor1	chr16	57966724	57966936	DNA/hAT-Charlie	1110	+	106	57966830	82270
chr16	57884560	58084560	harbor1	chr16	57966460	57966695	DNA/hAT-Charlie	1187	+	118	57966578	82018
chr16	71269697	71469697	harbor1	chr16	71277230	71278516	DNA/hAT-Charlie	5257	+	643	71277873	8176
chr16	71269697	71469697	harbor1	chr16	71343827	71343996	DNA/hAT-Charlie	907	+	84	71343911	74214
chr16	71269697	71469697	harbor1	chr16	71352224	71352403	DNA/hAT-Charlie	709	+	90	71352314	82617
chr16	2375151	2575151	harbor1	chr16	2426896	2427078	DNA/hAT-Charlie	811	+	91	2426987	51836
chr16	2198396	2398396	harbor1	chr16	2241281	2241300	DNA/hAT-Charlie	852	+	10	2241291	42895
chr16	2198396	2398396	harbor1	chr16	2241596	2241692	DNA/hAT-Charlie	852	+	48	2241644	43248
chr16	2198396	2398396	harbor1	chr16	2242293	2242432	DNA/hAT-Charlie	852	+	70	2242363	43967
chr16	56832283	57032283	harbor1	chr16	56896116	56896462	DNA/hAT-Charlie	613	+	173	56896289	64006
chr16	56832283	57032283	harbor1	chr16	56896746	56896811	DNA/hAT-Charlie	613	+	32	56896778	64495
chr16	56832283	57032283	harbor1	chr16	56897105	56897179	DNA/hAT-Charlie	613	+	37	56897142	64859
chr16	56832283	57032283	harbor1	chr16	56898850	56899013	DNA/hAT-Charlie	905	+	82	56898932	66649
chr16	56832283	57032283	harbor1	chr16	56903401	56903615	DNA/hAT-Charlie	981	+	107	56903508	71225
chr16	56508557	56708557	harbor1	chr16	56528652	56528885	DNA/hAT-Charlie	928	+	116	56528768	20211
chr16	56508557	56708557	harbor1	chr16	56549621	56549944	DNA/hAT-Charlie	930	+	162	56549783	41226
chr16	1555539	1755539	harbor1	chr16	1603289	1603479	DNA/hAT-Charlie	1773	+	95	1603384	47845
chr16	1555539	1755539	harbor1	chr16	1603781	1604103	DNA/hAT-Charlie	1773	+	161	1603942	48403
chr16	2198343	2398343	harbor1	chr16	2241281	2241300	DNA/hAT-Charlie	852	+	10	2241291	42948
chr16	2198343	2398343	harbor1	chr16	2241596	2241692	DNA/hAT-Charlie	852	+	48	2241644	43301
chr16	2198343	2398343	harbor1	chr16	2242293	2242432	DNA/hAT-Charlie	852	+	70	2242363	44020
chr16	2501522	2701522	harbor1	chr16	2503938	2504268	DNA/hAT-Charlie	695	+	165	2504103	2581
chr16	2501522	2701522	harbor1	chr16	2504751	2504899	DNA/hAT-Charlie	1336	+	74	2504825	3303
chr16	2501522	2701522	harbor1	chr16	2505036	2505430	DNA/hAT-Charlie	1336	+	197	2505233	3711
chr16	2501522	2701522	harbor1	chr16	2588795	2588959	DNA/hAT-Charlie	896	+	82	2588877	87355
chr16	2501522	2701522	harbor1	chr16	2589251	2589411	DNA/hAT-Charlie	896	+	80	2589331	87809
chr16	2501522	2701522	harbor1	chr16	2589762	2590101	DNA/hAT-Charlie	888	+	170	2589932	88410
chr16	2501522	2701522	harbor1	chr16	2590449	2590787	DNA/hAT-Charlie	999	+	169	2590618	89096
chr16	2501522	2701522	harbor1	chr16	2591261	2591973	DNA/hAT-Charlie	1538	+	356	2591617	90095
chr16	57884572	58084572	harbor1	chr16	57935080	57935397	DNA/hAT-Charlie	929	+	158	57935238	50666
chr16	57884572	58084572	harbor1	chr16	57935667	57935683	DNA/hAT-Charlie	929	+	8	57935675	51103
chr16	57884572	58084572	harbor1	chr16	57966724	57966936	DNA/hAT-Charlie	1110	+	106	57966830	82258
chr16	57884572	58084572	harbor1	chr16	57966460	57966695	DNA/hAT-Charlie	1187	+	118	57966578	82006
chr16	2687551	2887551	harbor1	chr16	2773182	2773378	DNA/hAT-Charlie	658	+	98	2773280	85729
chr16	2198431	2398431	harbor1	chr16	2241281	2241300	DNA/hAT-Charlie	852	+	10	2241291	42860
chr16	2198431	2398431	harbor1	chr16	2241596	2241692	DNA/hAT-Charlie	852	+	48	2241644	43213
chr16	2198431	2398431	harbor1	chr16	2242293	2242432	DNA/hAT-Charlie	852	+	70	2242363	43932
chr16	1	167688	harbor1	chr16	39657	39830	DNA/hAT-Charlie	1042	+	86	39743	39742
chr16	1	167688	harbor1	chr16	40165	40288	DNA/hAT-Charlie	1042	+	62	40227	40226
chr16	1	167688	harbor1	chr16	40285	40459	DNA/hAT-Charlie	705	+	87	40372	40371
chr16	30087206	30287206	harbor1	chr16	30163444	30163624	DNA/hAT-Charlie	799	+	90	30163534	76328
chr16	49757292	49957292	harbor1	chr16	49779407	49779539	DNA/hAT-Charlie	792	+	66	49779473	22181
chr16	49757292	49957292	harbor1	chr16	49785555	49785793	DNA/hAT-Charlie	618	+	119	49785674	28382
chr16	49757292	49957292	harbor1	chr16	49801565	49801748	DNA/hAT-Charlie	1002	+	92	49801657	44365
chr16	1	167634	harbor1	chr16	39657	39830	DNA/hAT-Charlie	1042	+	86	39743	39742
chr16	1	167634	harbor1	chr16	40165	40288	DNA/hAT-Charlie	1042	+	62	40227	40226
chr16	1	167634	harbor1	chr16	40285	40459	DNA/hAT-Charlie	705	+	87	40372	40371
chr16	2862978	3062978	harbor1	chr16	2875917	2876200	DNA/hAT-Charlie	3238	+	142	2876059	13081
chr16	2862978	3062978	harbor1	chr16	2876509	2876588	DNA/hAT-Charlie	3238	+	40	2876549	13571
chr16	2862978	3062978	harbor1	chr16	2876882	2876913	DNA/hAT-Charlie	3238	+	16	2876898	13920
chr16	2862978	3062978	harbor1	chr16	2877214	2877385	DNA/hAT-Charlie	3238	+	86	2877300	14322
chr16	2862978	3062978	harbor1	chr16	2877991	2878287	DNA/hAT-Charlie	3238	+	148	2878139	15161
chr16	2862978	3062978	harbor1	chr16	2878889	2879008	DNA/hAT-Charlie	3238	+	60	2878949	15971
chr16	2862978	3062978	harbor1	chr16	2879311	2879325	DNA/hAT-Charlie	3238	+	7	2879318	16340
chr16	2862978	3062978	harbor1	chr16	2879584	2879666	DNA/hAT-Charlie	3238	+	41	2879625	16647
chr16	2862978	3062978	harbor1	chr16	2913479	2913659	DNA/hAT-Charlie	789	+	90	2913569	50591
chr16	1	167545	harbor1	chr16	39657	39830	DNA/hAT-Charlie	1042	+	86	39743	39742
chr16	1	167545	harbor1	chr16	40165	40288	DNA/hAT-Charlie	1042	+	62	40227	40226
chr16	1	167545	harbor1	chr16	40285	40459	DNA/hAT-Charlie	705	+	87	40372	40371
chr16	47360500	47560500	harbor1	chr16	47371663	47371873	DNA/hAT-Charlie	987	+	105	47371768	11268
chr16	47360500	47560500	harbor1	chr16	47397511	47397712	DNA/hAT-Charlie	919	+	100	47397611	37111
chr16	47360500	47560500	harbor1	chr16	47403910	47404148	DNA/hAT-Charlie	1472	+	119	47404029	43529
chr16	47360500	47560500	harbor1	chr16	47431201	47431549	DNA/hAT-Charlie	2230	+	174	47431375	70875
chr16	88757215	88957215	harbor1	chr16	88797555	88797674	DNA/hAT-Charlie	652	+	60	88797615	40400
chr16	88757215	88957215	harbor1	chr16	88797970	88798052	DNA/hAT-Charlie	652	+	41	88798011	40796
chr16	4084167	4284167	harbor1	chr16	4085673	4085842	DNA/hAT-Charlie	592	+	84	4085757	1590
chr16	4084167	4284167	harbor1	chr16	4103264	4103547	DNA/hAT-Charlie	2563	+	142	4103406	19239
chr16	4084167	4284167	harbor1	chr16	4103857	4104450	DNA/hAT-Charlie	2563	+	296	4104153	19986
chr16	4084167	4284167	harbor1	chr16	4104631	4104788	DNA/hAT-Charlie	581	+	78	4104709	20542
chr16	4084167	4284167	harbor1	chr16	4105097	4105330	DNA/hAT-Charlie	994	+	116	4105213	21046
chr16	2865150	3065150	harbor1	chr16	2875917	2876200	DNA/hAT-Charlie	3238	+	142	2876059	10909
chr16	2865150	3065150	harbor1	chr16	2876509	2876588	DNA/hAT-Charlie	3238	+	40	2876549	11399
chr16	2865150	3065150	harbor1	chr16	2876882	2876913	DNA/hAT-Charlie	3238	+	16	2876898	11748
chr16	2865150	3065150	harbor1	chr16	2877214	2877385	DNA/hAT-Charlie	3238	+	86	2877300	12150
chr16	2865150	3065150	harbor1	chr16	2877991	2878287	DNA/hAT-Charlie	3238	+	148	2878139	12989
chr16	2865150	3065150	harbor1	chr16	2878889	2879008	DNA/hAT-Charlie	3238	+	60	2878949	13799
chr16	2865150	3065150	harbor1	chr16	2879311	2879325	DNA/hAT-Charlie	3238	+	7	2879318	14168
chr16	2865150	3065150	harbor1	chr16	2879584	2879666	DNA/hAT-Charlie	3238	+	41	2879625	14475
chr16	2865150	3065150	harbor1	chr16	2913479	2913659	DNA/hAT-Charlie	789	+	90	2913569	48419
chr16	86768401	86968401	harbor1	chr16	86771387	86771805	DNA/hAT-Charlie	1038	+	209	86771596	3195
chr16	86768401	86968401	harbor1	chr16	86787435	86787630	DNA/hAT-Charlie	627	+	98	86787533	19132
chr16	86768401	86968401	harbor1	chr16	86831497	86831836	DNA/hAT-Charlie	2208	+	170	86831667	63266
chr16	2865127	3065127	harbor1	chr16	2875917	2876200	DNA/hAT-Charlie	3238	+	142	2876059	10932
chr16	2865127	3065127	harbor1	chr16	2876509	2876588	DNA/hAT-Charlie	3238	+	40	2876549	11422
chr16	2865127	3065127	harbor1	chr16	2876882	2876913	DNA/hAT-Charlie	3238	+	16	2876898	11771
chr16	2865127	3065127	harbor1	chr16	2877214	2877385	DNA/hAT-Charlie	3238	+	86	2877300	12173
chr16	2865127	3065127	harbor1	chr16	2877991	2878287	DNA/hAT-Charlie	3238	+	148	2878139	13012
chr16	2865127	3065127	harbor1	chr16	2878889	2879008	DNA/hAT-Charlie	3238	+	60	2878949	13822
chr16	2865127	3065127	harbor1	chr16	2879311	2879325	DNA/hAT-Charlie	3238	+	7	2879318	14191
chr16	2865127	3065127	harbor1	chr16	2879584	2879666	DNA/hAT-Charlie	3238	+	41	2879625	14498
chr16	2865127	3065127	harbor1	chr16	2913479	2913659	DNA/hAT-Charlie	789	+	90	2913569	48442
chr16	75363916	75563916	harbor1	chr16	75364385	75364891	DNA/hAT-Charlie	2013	+	253	75364638	722
chr16	75363916	75563916	harbor1	chr16	75391431	75391683	DNA/hAT-Charlie	637	+	126	75391557	27641
chr16	75363916	75563916	harbor1	chr16	75405001	75405340	DNA/hAT-Charlie	1259	+	170	75405171	41255
chr16	75363916	75563916	harbor1	chr16	75407339	75407394	DNA/hAT-Charlie	710	+	28	75407367	43451
chr16	75363916	75563916	harbor1	chr16	75407685	75407824	DNA/hAT-Charlie	710	+	70	75407755	43839
chr16	75363916	75563916	harbor1	chr16	75408196	75408497	DNA/hAT-Charlie	870	+	150	75408346	44430
chr16	75363916	75563916	harbor1	chr16	75408798	75408857	DNA/hAT-Charlie	870	+	30	75408828	44912
chr16	75363916	75563916	harbor1	chr16	75409159	75409318	DNA/hAT-Charlie	870	+	80	75409239	45323
chr16	75363916	75563916	harbor1	chr16	75442256	75442453	DNA/hAT-Charlie	717	+	98	75442354	78438
chr16	75363916	75563916	harbor1	chr16	75452942	75453084	DNA/hAT-Charlie	718	+	71	75453013	89097
chr16	2197877	2397877	harbor1	chr16	2241281	2241300	DNA/hAT-Charlie	852	+	10	2241291	43414
chr16	2197877	2397877	harbor1	chr16	2241596	2241692	DNA/hAT-Charlie	852	+	48	2241644	43767
chr16	2197877	2397877	harbor1	chr16	2242293	2242432	DNA/hAT-Charlie	852	+	70	2242363	44486
chr16	1	167697	harbor1	chr16	39657	39830	DNA/hAT-Charlie	1042	+	86	39743	39742
chr16	1	167697	harbor1	chr16	40165	40288	DNA/hAT-Charlie	1042	+	62	40227	40226
chr16	1	167697	harbor1	chr16	40285	40459	DNA/hAT-Charlie	705	+	87	40372	40371
chr16	49563770	49763770	harbor1	chr16	49597275	49597601	DNA/hAT-Charlie	1381	+	163	49597438	33668
chr16	49563770	49763770	harbor1	chr16	49654636	49655104	DNA/hAT-Charlie	960	+	234	49654870	91100
chr17	7461852	7661852	harbor1	chr17	7489329	7489784	DNA/hAT-Charlie	1746	+	228	7489557	27705
chr17	7461852	7661852	harbor1	chr17	7490077	7490165	DNA/hAT-Charlie	1746	+	44	7490121	28269
chr17	81860212	82060212	harbor1	chr17	81861662	81861750	DNA/hAT-Charlie	589	+	44	81861706	1494
chr17	81860212	82060212	harbor1	chr17	81862059	81862173	DNA/hAT-Charlie	589	+	57	81862116	1904
chr17	81860212	82060212	harbor1	chr17	81862791	81862868	DNA/hAT-Charlie	589	+	38	81862829	2617
chr17	7461889	7661889	harbor1	chr17	7489329	7489784	DNA/hAT-Charlie	1746	+	228	7489557	27668
chr17	7461889	7661889	harbor1	chr17	7490077	7490165	DNA/hAT-Charlie	1746	+	44	7490121	28232
chr17	79702899	79902899	harbor1	chr17	79748758	79749189	DNA/hAT-Charlie	1257	+	216	79748974	46075
chr17	79702899	79902899	harbor1	chr17	79788591	79788798	DNA/hAT-Charlie	773	+	104	79788695	85796
chr17	7461834	7661834	harbor1	chr17	7489329	7489784	DNA/hAT-Charlie	1746	+	228	7489557	27723
chr17	7461834	7661834	harbor1	chr17	7490077	7490165	DNA/hAT-Charlie	1746	+	44	7490121	28287
chr17	7461828	7661828	harbor1	chr17	7489329	7489784	DNA/hAT-Charlie	1746	+	228	7489557	27729
chr17	7461828	7661828	harbor1	chr17	7490077	7490165	DNA/hAT-Charlie	1746	+	44	7490121	28293
chr17	57532094	57732094	harbor1	chr17	57542502	57542670	DNA/hAT-Charlie	681	+	84	57542586	10492
chr17	57532094	57732094	harbor1	chr17	57570171	57570334	DNA/hAT-Charlie	719	+	82	57570253	38159
chr17	57532094	57732094	harbor1	chr17	57602103	57602324	DNA/hAT-Charlie	1419	+	110	57602213	70119
chr17	57532094	57732094	harbor1	chr17	57602783	57602941	DNA/hAT-Charlie	872	+	79	57602862	70768
chr17	57532094	57732094	harbor1	chr17	57622898	57623061	DNA/hAT-Charlie	607	+	82	57622980	90886
chr17	7461908	7661908	harbor1	chr17	7489329	7489784	DNA/hAT-Charlie	1746	+	228	7489557	27649
chr17	7461908	7661908	harbor1	chr17	7490077	7490165	DNA/hAT-Charlie	1746	+	44	7490121	28213
chr17	7461804	7661804	harbor1	chr17	7489329	7489784	DNA/hAT-Charlie	1746	+	228	7489557	27753
chr17	7461804	7661804	harbor1	chr17	7490077	7490165	DNA/hAT-Charlie	1746	+	44	7490121	28317
chr17	63523257	63723257	harbor1	chr17	63583780	63583992	DNA/hAT-Charlie	928	+	106	63583886	60629
chr17	29489646	29689646	harbor1	chr17	29586201	29586438	DNA/hAT-Charlie	1361	+	118	29586319	96673
chr17	79531584	79731584	harbor1	chr17	79550930	79551111	DNA/hAT-Charlie	848	+	90	79551020	19436
chr17	79690081	79890081	harbor1	chr17	79748758	79749189	DNA/hAT-Charlie	1257	+	216	79748974	58893
chr17	79690081	79890081	harbor1	chr17	79788591	79788798	DNA/hAT-Charlie	773	+	104	79788695	98614
chr17	7461808	7661808	harbor1	chr17	7489329	7489784	DNA/hAT-Charlie	1746	+	228	7489557	27749
chr17	7461808	7661808	harbor1	chr17	7490077	7490165	DNA/hAT-Charlie	1746	+	44	7490121	28313
chr17	44148012	44348012	harbor1	chr17	44174664	44174822	DNA/hAT-Charlie	1277	+	79	44174743	26731
chr17	44148012	44348012	harbor1	chr17	44175430	44175781	DNA/hAT-Charlie	1277	+	176	44175606	27594
chr17	72946166	73146166	harbor1	chr17	72950830	72950979	DNA/hAT-Charlie	820	+	74	72950904	4738
chr17	72946166	73146166	harbor1	chr17	72951279	72951315	DNA/hAT-Charlie	820	+	18	72951297	5131
chr17	72946166	73146166	harbor1	chr17	72966470	72966557	DNA/hAT-Charlie	3330	+	44	72966514	20348
chr17	72946166	73146166	harbor1	chr17	72966869	72967293	DNA/hAT-Charlie	3330	+	212	72967081	20915
chr17	72946166	73146166	harbor1	chr17	72984519	72984689	DNA/hAT-Charlie	796	+	85	72984604	38438
chr17	72946166	73146166	harbor1	chr17	72986572	72986715	DNA/hAT-Charlie	627	+	72	72986644	40478
chr17	72946166	73146166	harbor1	chr17	73006349	73006568	DNA/hAT-Charlie	768	+	110	73006459	60293
chr17	72946166	73146166	harbor1	chr17	73013585	73013781	DNA/hAT-Charlie	1184	+	98	73013683	67517
chr17	72946166	73146166	harbor1	chr17	73031980	73032203	DNA/hAT-Charlie	1160	+	112	73032092	85926
chr17	33191705	33391705	harbor1	chr17	33192670	33192988	DNA/hAT-Charlie	1085	+	159	33192829	1124
chr17	33191705	33391705	harbor1	chr17	33276973	33277120	DNA/hAT-Charlie	688	+	74	33277047	85342
chr17	33191705	33391705	harbor1	chr17	33283307	33283461	DNA/hAT-Charlie	672	+	77	33283384	91679
chr17	18020696	18220696	harbor1	chr17	18024843	18025014	DNA/hAT-Charlie	984	+	86	18024929	4233
chr17	18020696	18220696	harbor1	chr17	18086769	18086871	DNA/hAT-Charlie	1447	+	51	18086820	66124
chr17	18020696	18220696	harbor1	chr17	18087496	18087625	DNA/hAT-Charlie	1447	+	64	18087560	66864
chr17	7461890	7661890	harbor1	chr17	7489329	7489784	DNA/hAT-Charlie	1746	+	228	7489557	27667
chr17	7461890	7661890	harbor1	chr17	7490077	7490165	DNA/hAT-Charlie	1746	+	44	7490121	28231
chr17	3624112	3824112	harbor1	chr17	3631393	3631512	DNA/hAT-Charlie	833	+	60	3631453	7341
chr17	3624112	3824112	harbor1	chr17	3631822	3631964	DNA/hAT-Charlie	833	+	71	3631893	7781
chr17	3624112	3824112	harbor1	chr17	3632255	3632283	DNA/hAT-Charlie	833	+	14	3632269	8157
chr17	3624112	3824112	harbor1	chr17	3633299	3633512	DNA/hAT-Charlie	1103	+	106	3633405	9293
chr17	3624112	3824112	harbor1	chr17	3649490	3649638	DNA/hAT-Charlie	599	+	74	3649564	25452
chr17	3624112	3824112	harbor1	chr17	3701139	3701347	DNA/hAT-Charlie	1332	+	104	3701243	77131
chr17	3624112	3824112	harbor1	chr17	3706906	3707134	DNA/hAT-Charlie	651	+	114	3707020	82908
chr17	78891091	79091091	harbor1	chr17	78892663	78892879	DNA/hAT-Charlie	945	+	108	78892771	1680
chr17	79702898	79902898	harbor1	chr17	79748758	79749189	DNA/hAT-Charlie	1257	+	216	79748974	46076
chr17	79702898	79902898	harbor1	chr17	79788591	79788798	DNA/hAT-Charlie	773	+	104	79788695	85797
chr17	76637237	76837237	harbor1	chr17	76722089	76722256	DNA/hAT-Charlie	845	+	84	76722173	84936
chr17	987890	1187890	harbor1	chr17	1085605	1085864	DNA/hAT-Charlie	1173	+	130	1085735	97845
chr17	987890	1187890	harbor1	chr17	1086163	1086223	DNA/hAT-Charlie	1173	+	30	1086193	98303
chr17	7461823	7661823	harbor1	chr17	7489329	7489784	DNA/hAT-Charlie	1746	+	228	7489557	27734
chr17	7461823	7661823	harbor1	chr17	7490077	7490165	DNA/hAT-Charlie	1746	+	44	7490121	28298
chr17	79702913	79902913	harbor1	chr17	79748758	79749189	DNA/hAT-Charlie	1257	+	216	79748974	46061
chr17	79702913	79902913	harbor1	chr17	79788591	79788798	DNA/hAT-Charlie	773	+	104	79788695	85782
chr17	76637265	76837265	harbor1	chr17	76722089	76722256	DNA/hAT-Charlie	845	+	84	76722173	84908
chr17	7461829	7661829	harbor1	chr17	7489329	7489784	DNA/hAT-Charlie	1746	+	228	7489557	27728
chr17	7461829	7661829	harbor1	chr17	7490077	7490165	DNA/hAT-Charlie	1746	+	44	7490121	28292
chr17	76768591	76968591	harbor1	chr17	76835668	76835768	DNA/hAT-Charlie	1142	+	50	76835718	67127
chr17	76768591	76968591	harbor1	chr17	76836059	76836328	DNA/hAT-Charlie	1142	+	134	76836193	67602
chr17	76768591	76968591	harbor1	chr17	76839406	76839510	DNA/hAT-Charlie	605	+	52	76839458	70867
chr17	76768591	76968591	harbor1	chr17	76839823	76839910	DNA/hAT-Charlie	605	+	44	76839867	71276
chr17	76637258	76837258	harbor1	chr17	76722089	76722256	DNA/hAT-Charlie	845	+	84	76722173	84915
chr17	44252837	44452837	harbor1	chr17	44331468	44331754	DNA/hAT-Charlie	687	+	143	44331611	78774
chr17	27477770	27677770	harbor1	chr17	27503196	27503416	DNA/hAT-Charlie	1183	+	110	27503306	25536
chr17	27477770	27677770	harbor1	chr17	27506968	27507152	DNA/hAT-Charlie	777	+	92	27507060	29290
chr17	27477770	27677770	harbor1	chr17	27507444	27507563	DNA/hAT-Charlie	777	+	60	27507504	29734
chr17	27477770	27677770	harbor1	chr17	27507875	27507907	DNA/hAT-Charlie	777	+	16	27507891	30121
chr17	27477770	27677770	harbor1	chr17	27547294	27547605	DNA/hAT-Charlie	1182	+	156	27547450	69680
chr17	27477770	27677770	harbor1	chr17	27554329	27554820	DNA/hAT-Charlie	3459	+	246	27554575	76805
chr17	27477770	27677770	harbor1	chr17	27569508	27569828	DNA/hAT-Charlie	1442	+	160	27569668	91898
chr17	7686387	7886387	harbor1	chr17	7752860	7753029	DNA/hAT-Charlie	755	+	84	7752944	66557
chr17	7461836	7661836	harbor1	chr17	7489329	7489784	DNA/hAT-Charlie	1746	+	228	7489557	27721
chr17	7461836	7661836	harbor1	chr17	7490077	7490165	DNA/hAT-Charlie	1746	+	44	7490121	28285
chr17	7461872	7661872	harbor1	chr17	7489329	7489784	DNA/hAT-Charlie	1746	+	228	7489557	27685
chr17	7461872	7661872	harbor1	chr17	7490077	7490165	DNA/hAT-Charlie	1746	+	44	7490121	28249
chr17	49396359	49596359	harbor1	chr17	49460935	49461224	DNA/hAT-Charlie	597	+	144	49461079	64720
chr17	7461869	7661869	harbor1	chr17	7489329	7489784	DNA/hAT-Charlie	1746	+	228	7489557	27688
chr17	7461869	7661869	harbor1	chr17	7490077	7490165	DNA/hAT-Charlie	1746	+	44	7490121	28252
chr17	15158736	15358736	harbor1	chr17	15228414	15228570	DNA/hAT-Charlie	760	+	78	15228492	69756
chr17	7335900	7535900	harbor1	chr17	7357291	7357482	DNA/hAT-Charlie	1012	+	96	7357387	21487
chr17	29489675	29689675	harbor1	chr17	29586201	29586438	DNA/hAT-Charlie	1361	+	118	29586319	96644
chr17	79084610	79284610	harbor1	chr17	79156560	79156761	DNA/hAT-Charlie	713	+	100	79156660	72050
chr17	79084610	79284610	harbor1	chr17	79171054	79171347	DNA/hAT-Charlie	1096	+	146	79171200	86590
chr17	79084610	79284610	harbor1	chr17	79172673	79172929	DNA/hAT-Charlie	746	+	128	79172801	88191
chr17	79084610	79284610	harbor1	chr17	79173221	79173241	DNA/hAT-Charlie	746	+	10	79173231	88621
chr17	79702928	79902928	harbor1	chr17	79748758	79749189	DNA/hAT-Charlie	1257	+	216	79748974	46046
chr17	79702928	79902928	harbor1	chr17	79788591	79788798	DNA/hAT-Charlie	773	+	104	79788695	85767
chr17	77288251	77488251	harbor1	chr17	77317314	77317770	DNA/hAT-Charlie	2608	+	228	77317542	29291
chr17	77288251	77488251	harbor1	chr17	77318076	77318186	DNA/hAT-Charlie	1163	+	55	77318131	29880
chr17	33191625	33391625	harbor1	chr17	33192670	33192988	DNA/hAT-Charlie	1085	+	159	33192829	1204
chr17	33191625	33391625	harbor1	chr17	33276973	33277120	DNA/hAT-Charlie	688	+	74	33277047	85422
chr17	33191625	33391625	harbor1	chr17	33283307	33283461	DNA/hAT-Charlie	672	+	77	33283384	91759
chr17	81766160	81966160	harbor1	chr17	81861662	81861750	DNA/hAT-Charlie	589	+	44	81861706	95546
chr17	81766160	81966160	harbor1	chr17	81862059	81862173	DNA/hAT-Charlie	589	+	57	81862116	95956
chr17	81766160	81966160	harbor1	chr17	81862791	81862868	DNA/hAT-Charlie	589	+	38	81862829	96669
chr17	76637275	76837275	harbor1	chr17	76722089	76722256	DNA/hAT-Charlie	845	+	84	76722173	84898
chr17	79702893	79902893	harbor1	chr17	79748758	79749189	DNA/hAT-Charlie	1257	+	216	79748974	46081
chr17	79702893	79902893	harbor1	chr17	79788591	79788798	DNA/hAT-Charlie	773	+	104	79788695	85802
chr17	38628428	38828428	harbor1	chr17	38636141	38636513	DNA/hAT-Charlie	1934	+	186	38636327	7899
chr17	49765460	49965460	harbor1	chr17	49797557	49797851	DNA/hAT-Charlie	841	+	147	49797704	32244
chr17	28855314	29055314	harbor1	chr17	28891534	28891730	DNA/hAT-Charlie	752	+	98	28891632	36318
chr17	64955047	65155047	harbor1	chr17	64965414	64965718	DNA/hAT-Charlie	1500	+	152	64965566	10519
chr17	64955047	65155047	harbor1	chr17	65000900	65001425	DNA/hAT-Charlie	4042	+	262	65001162	46115
chr17	64955047	65155047	harbor1	chr17	65022034	65023974	DNA/hAT-Charlie	9929	+	970	65023004	67957
chr17	64955047	65155047	harbor1	chr17	65024264	65024580	DNA/hAT-Charlie	9929	+	158	65024422	69375
chr17	76636920	76836920	harbor1	chr17	76722089	76722256	DNA/hAT-Charlie	845	+	84	76722173	85253
chr17	7336816	7536816	harbor1	chr17	7357291	7357482	DNA/hAT-Charlie	1012	+	96	7357387	20571
chr17	76637277	76837277	harbor1	chr17	76722089	76722256	DNA/hAT-Charlie	845	+	84	76722173	84896
chr17	33191684	33391684	harbor1	chr17	33192670	33192988	DNA/hAT-Charlie	1085	+	159	33192829	1145
chr17	33191684	33391684	harbor1	chr17	33276973	33277120	DNA/hAT-Charlie	688	+	74	33277047	85363
chr17	33191684	33391684	harbor1	chr17	33283307	33283461	DNA/hAT-Charlie	672	+	77	33283384	91700
chr17	76298820	76498820	harbor1	chr17	76368530	76368731	DNA/hAT-Charlie	982	+	100	76368630	69810
chr17	78923444	79123444	harbor1	chr17	79002104	79002255	DNA/hAT-Charlie	983	+	76	79002180	78736
chr17	7461891	7661891	harbor1	chr17	7489329	7489784	DNA/hAT-Charlie	1746	+	228	7489557	27666
chr17	7461891	7661891	harbor1	chr17	7490077	7490165	DNA/hAT-Charlie	1746	+	44	7490121	28230
chr17	81583177	81783177	harbor1	chr17	81593063	81593319	DNA/hAT-Charlie	672	+	128	81593191	10014
chr17	81583177	81783177	harbor1	chr17	81593412	81593629	DNA/hAT-Charlie	605	+	108	81593520	10343
chr17	68035028	68235028	harbor1	chr17	68036645	68036904	DNA/hAT-Charlie	1175	+	130	68036775	1747
chr17	68035028	68235028	harbor1	chr17	68065288	68065635	DNA/hAT-Charlie	774	+	174	68065462	30434
chr17	29471479	29671479	harbor1	chr17	29480982	29481195	DNA/hAT-Charlie	1106	+	106	29481088	9609
chr17	9856240	10056240	harbor1	chr17	9864197	9864357	DNA/hAT-Charlie	794	+	80	9864277	8037
chr17	9856240	10056240	harbor1	chr17	9866270	9866500	DNA/hAT-Charlie	1190	+	115	9866385	10145
chr17	9856240	10056240	harbor1	chr17	9873478	9873682	DNA/hAT-Charlie	1219	+	102	9873580	17340
chr17	9856240	10056240	harbor1	chr17	9954588	9954813	DNA/hAT-Charlie	1102	+	112	9954700	98460
chr17	1662655	1862655	harbor1	chr17	1760634	1760874	DNA/hAT-Charlie	1441	+	120	1760754	98099
chr17	987887	1187887	harbor1	chr17	1085605	1085864	DNA/hAT-Charlie	1173	+	130	1085735	97848
chr17	987887	1187887	harbor1	chr17	1086163	1086223	DNA/hAT-Charlie	1173	+	30	1086193	98306
chr17	1662679	1862679	harbor1	chr17	1760634	1760874	DNA/hAT-Charlie	1441	+	120	1760754	98075
chr17	39654812	39854812	harbor1	chr17	39699577	39699840	DNA/hAT-Charlie	672	+	132	39699709	44897
chr17	79689674	79889674	harbor1	chr17	79748758	79749189	DNA/hAT-Charlie	1257	+	216	79748974	59300
chr17	79689674	79889674	harbor1	chr17	79788591	79788798	DNA/hAT-Charlie	773	+	104	79788695	99021
chr17	76140643	76340643	harbor1	chr17	76209386	76209606	DNA/hAT-Charlie	1478	+	110	76209496	68853
chr17	76637325	76837325	harbor1	chr17	76722089	76722256	DNA/hAT-Charlie	845	+	84	76722173	84848
chr17	7461873	7661873	harbor1	chr17	7489329	7489784	DNA/hAT-Charlie	1746	+	228	7489557	27684
chr17	7461873	7661873	harbor1	chr17	7490077	7490165	DNA/hAT-Charlie	1746	+	44	7490121	28248
chr17	79701303	79901303	harbor1	chr17	79748758	79749189	DNA/hAT-Charlie	1257	+	216	79748974	47671
chr17	79701303	79901303	harbor1	chr17	79788591	79788798	DNA/hAT-Charlie	773	+	104	79788695	87392
chr17	2830224	3030224	harbor1	chr17	2838697	2838984	DNA/hAT-Charlie	1093	+	144	2838841	8617
chr17	2830224	3030224	harbor1	chr17	2849895	2849999	DNA/hAT-Charlie	778	+	52	2849947	19723
chr17	2830224	3030224	harbor1	chr17	2850300	2850467	DNA/hAT-Charlie	778	+	84	2850384	20160
chr17	2830224	3030224	harbor1	chr17	2851086	2851190	DNA/hAT-Charlie	778	+	52	2851138	20914
chr17	2830224	3030224	harbor1	chr17	2855236	2855603	DNA/hAT-Charlie	1553	+	184	2855420	25196
chr17	2830224	3030224	harbor1	chr17	2855913	2856005	DNA/hAT-Charlie	1553	+	46	2855959	25735
chr17	2830224	3030224	harbor1	chr17	2907703	2907811	DNA/hAT-Charlie	754	+	54	2907757	77533
chr17	2830224	3030224	harbor1	chr17	2908105	2908169	DNA/hAT-Charlie	754	+	32	2908137	77913
chr17	79702912	79902912	harbor1	chr17	79748758	79749189	DNA/hAT-Charlie	1257	+	216	79748974	46062
chr17	79702912	79902912	harbor1	chr17	79788591	79788798	DNA/hAT-Charlie	773	+	104	79788695	85783
chr17	2838086	3038086	harbor1	chr17	2838697	2838984	DNA/hAT-Charlie	1093	+	144	2838841	755
chr17	2838086	3038086	harbor1	chr17	2849895	2849999	DNA/hAT-Charlie	778	+	52	2849947	11861
chr17	2838086	3038086	harbor1	chr17	2850300	2850467	DNA/hAT-Charlie	778	+	84	2850384	12298
chr17	2838086	3038086	harbor1	chr17	2851086	2851190	DNA/hAT-Charlie	778	+	52	2851138	13052
chr17	2838086	3038086	harbor1	chr17	2855236	2855603	DNA/hAT-Charlie	1553	+	184	2855420	17334
chr17	2838086	3038086	harbor1	chr17	2855913	2856005	DNA/hAT-Charlie	1553	+	46	2855959	17873
chr17	2838086	3038086	harbor1	chr17	2907703	2907811	DNA/hAT-Charlie	754	+	54	2907757	69671
chr17	2838086	3038086	harbor1	chr17	2908105	2908169	DNA/hAT-Charlie	754	+	32	2908137	70051
chr17	7461927	7661927	harbor1	chr17	7489329	7489784	DNA/hAT-Charlie	1746	+	228	7489557	27630
chr17	7461927	7661927	harbor1	chr17	7490077	7490165	DNA/hAT-Charlie	1746	+	44	7490121	28194
chr17	76637321	76837321	harbor1	chr17	76722089	76722256	DNA/hAT-Charlie	845	+	84	76722173	84852
chr17	7459238	7659238	harbor1	chr17	7489329	7489784	DNA/hAT-Charlie	1746	+	228	7489557	30319
chr17	7459238	7659238	harbor1	chr17	7490077	7490165	DNA/hAT-Charlie	1746	+	44	7490121	30883
chr17	32776002	32976002	harbor1	chr17	32804722	32805002	DNA/hAT-Charlie	870	+	140	32804862	28860
chr17	32776002	32976002	harbor1	chr17	32805312	32805702	DNA/hAT-Charlie	1297	+	195	32805507	29505
chr17	32776002	32976002	harbor1	chr17	32871213	32871400	DNA/hAT-Charlie	1010	+	94	32871307	95305
chr17	31388321	31588321	harbor1	chr17	31442411	31442628	DNA/hAT-Charlie	1259	+	108	31442519	54198
chr17	40256592	40456592	harbor1	chr17	40290324	40290498	DNA/hAT-Charlie	1004	+	87	40290411	33819
chr17	82980527	83180527	harbor1	chr17	83015612	83015938	DNA/hAT-Charlie	1768	+	163	83015775	35248
chr17	82980527	83180527	harbor1	chr17	83040092	83040262	DNA/hAT-Charlie	794	+	85	83040177	59650
chr17	7461831	7661831	harbor1	chr17	7489329	7489784	DNA/hAT-Charlie	1746	+	228	7489557	27726
chr17	7461831	7661831	harbor1	chr17	7490077	7490165	DNA/hAT-Charlie	1746	+	44	7490121	28290
chr17	76637272	76837272	harbor1	chr17	76722089	76722256	DNA/hAT-Charlie	845	+	84	76722173	84901
chr17	38740425	38940425	harbor1	chr17	38816018	38816242	DNA/hAT-Charlie	697	+	112	38816130	75705
chr17	38740425	38940425	harbor1	chr17	38816552	38816685	DNA/hAT-Charlie	697	+	66	38816618	76193
chr17	38740425	38940425	harbor1	chr17	38823763	38823994	DNA/hAT-Charlie	859	+	116	38823879	83454
chr17	29522824	29722824	harbor1	chr17	29586201	29586438	DNA/hAT-Charlie	1361	+	118	29586319	63495
chr17	38619970	38819970	harbor1	chr17	38636141	38636513	DNA/hAT-Charlie	1934	+	186	38636327	16357
chr17	2829884	3029884	harbor1	chr17	2838697	2838984	DNA/hAT-Charlie	1093	+	144	2838841	8957
chr17	2829884	3029884	harbor1	chr17	2849895	2849999	DNA/hAT-Charlie	778	+	52	2849947	20063
chr17	2829884	3029884	harbor1	chr17	2850300	2850467	DNA/hAT-Charlie	778	+	84	2850384	20500
chr17	2829884	3029884	harbor1	chr17	2851086	2851190	DNA/hAT-Charlie	778	+	52	2851138	21254
chr17	2829884	3029884	harbor1	chr17	2855236	2855603	DNA/hAT-Charlie	1553	+	184	2855420	25536
chr17	2829884	3029884	harbor1	chr17	2855913	2856005	DNA/hAT-Charlie	1553	+	46	2855959	26075
chr17	2829884	3029884	harbor1	chr17	2907703	2907811	DNA/hAT-Charlie	754	+	54	2907757	77873
chr17	2829884	3029884	harbor1	chr17	2908105	2908169	DNA/hAT-Charlie	754	+	32	2908137	78253
chr17	60048761	60248761	harbor1	chr17	60069220	60069433	DNA/hAT-Charlie	963	+	106	60069326	20565
chr17	60048761	60248761	harbor1	chr17	60074703	60074901	DNA/hAT-Charlie	1223	+	99	60074802	26041
chr17	60048761	60248761	harbor1	chr17	60103063	60103182	DNA/hAT-Charlie	767	+	60	60103123	54362
chr17	60048761	60248761	harbor1	chr17	60103493	60103532	DNA/hAT-Charlie	767	+	20	60103513	54752
chr17	60048761	60248761	harbor1	chr17	60122348	60122828	DNA/hAT-Charlie	2906	+	240	60122588	73827
chr17	79702897	79902897	harbor1	chr17	79748758	79749189	DNA/hAT-Charlie	1257	+	216	79748974	46077
chr17	79702897	79902897	harbor1	chr17	79788591	79788798	DNA/hAT-Charlie	773	+	104	79788695	85798
chr17	39654784	39854784	harbor1	chr17	39699577	39699840	DNA/hAT-Charlie	672	+	132	39699709	44925
chr17	1546581	1746581	harbor1	chr17	1641118	1641525	DNA/hAT-Charlie	2255	+	204	1641322	94741
chr17	7339761	7539761	harbor1	chr17	7357291	7357482	DNA/hAT-Charlie	1012	+	96	7357387	17626
chr17	2201393	2401393	harbor1	chr17	2241907	2242104	DNA/hAT-Charlie	900	+	98	2242005	40612
chr17	2201393	2401393	harbor1	chr17	2252831	2253114	DNA/hAT-Charlie	1783	+	142	2252973	51580
chr17	2201393	2401393	harbor1	chr17	2253408	2253464	DNA/hAT-Charlie	1783	+	28	2253436	52043
chr17	2201393	2401393	harbor1	chr17	2274028	2274240	DNA/hAT-Charlie	1191	+	106	2274134	72741
chr17	2201393	2401393	harbor1	chr17	2296448	2296710	DNA/hAT-Charlie	1098	+	131	2296579	95186
chr17	76637283	76837283	harbor1	chr17	76722089	76722256	DNA/hAT-Charlie	845	+	84	76722173	84890
chr17	1549020	1749020	harbor1	chr17	1641118	1641525	DNA/hAT-Charlie	2255	+	204	1641322	92302
chr17	7461858	7661858	harbor1	chr17	7489329	7489784	DNA/hAT-Charlie	1746	+	228	7489557	27699
chr17	7461858	7661858	harbor1	chr17	7490077	7490165	DNA/hAT-Charlie	1746	+	44	7490121	28263
chr17	79702896	79902896	harbor1	chr17	79748758	79749189	DNA/hAT-Charlie	1257	+	216	79748974	46078
chr17	79702896	79902896	harbor1	chr17	79788591	79788798	DNA/hAT-Charlie	773	+	104	79788695	85799
chr17	76140876	76340876	harbor1	chr17	76209386	76209606	DNA/hAT-Charlie	1478	+	110	76209496	68620
chr17	61280861	61480861	harbor1	chr17	61301103	61301306	DNA/hAT-Charlie	996	+	102	61301205	20344
chr17	47912428	48112428	harbor1	chr17	47918815	47918991	DNA/hAT-Charlie	810	+	88	47918903	6475
chr17	7461859	7661859	harbor1	chr17	7489329	7489784	DNA/hAT-Charlie	1746	+	228	7489557	27698
chr17	7461859	7661859	harbor1	chr17	7490077	7490165	DNA/hAT-Charlie	1746	+	44	7490121	28262
chr17	76637257	76837257	harbor1	chr17	76722089	76722256	DNA/hAT-Charlie	845	+	84	76722173	84916
chr17	76637285	76837285	harbor1	chr17	76722089	76722256	DNA/hAT-Charlie	845	+	84	76722173	84888
chr17	7458773	7658773	harbor1	chr17	7489329	7489784	DNA/hAT-Charlie	1746	+	228	7489557	30784
chr17	7458773	7658773	harbor1	chr17	7490077	7490165	DNA/hAT-Charlie	1746	+	44	7490121	31348
chr17	63346008	63546008	harbor1	chr17	63367296	63367516	DNA/hAT-Charlie	1491	+	110	63367406	21398
chr17	63346008	63546008	harbor1	chr17	63431332	63431812	DNA/hAT-Charlie	3140	+	240	63431572	85564
chr17	28742741	28942741	harbor1	chr17	28765264	28765476	DNA/hAT-Charlie	1097	+	106	28765370	22629
chr17	7461864	7661864	harbor1	chr17	7489329	7489784	DNA/hAT-Charlie	1746	+	228	7489557	27693
chr17	7461864	7661864	harbor1	chr17	7490077	7490165	DNA/hAT-Charlie	1746	+	44	7490121	28257
chr17	63600297	63800297	harbor1	chr17	63634992	63635174	DNA/hAT-Charlie	1053	+	91	63635083	34786
chr17	63600297	63800297	harbor1	chr17	63644529	63644645	DNA/hAT-Charlie	670	+	58	63644587	44290
chr17	63600297	63800297	harbor1	chr17	63649003	63649154	DNA/hAT-Charlie	899	+	76	63649079	48782
chr17	63600297	63800297	harbor1	chr17	63649705	63649785	DNA/hAT-Charlie	899	+	40	63649745	49448
chr17	63600297	63800297	harbor1	chr17	63671184	63671252	DNA/hAT-Charlie	834	+	34	63671218	70921
chr17	63600297	63800297	harbor1	chr17	63671554	63671708	DNA/hAT-Charlie	834	+	77	63671631	71334
chr17	76767812	76967812	harbor1	chr17	76835668	76835768	DNA/hAT-Charlie	1142	+	50	76835718	67906
chr17	76767812	76967812	harbor1	chr17	76836059	76836328	DNA/hAT-Charlie	1142	+	134	76836193	68381
chr17	76767812	76967812	harbor1	chr17	76839406	76839510	DNA/hAT-Charlie	605	+	52	76839458	71646
chr17	76767812	76967812	harbor1	chr17	76839823	76839910	DNA/hAT-Charlie	605	+	44	76839867	72055
chr17	61236540	61436540	harbor1	chr17	61301103	61301306	DNA/hAT-Charlie	996	+	102	61301205	64665
chr17	987852	1187852	harbor1	chr17	1085605	1085864	DNA/hAT-Charlie	1173	+	130	1085735	97883
chr17	987852	1187852	harbor1	chr17	1086163	1086223	DNA/hAT-Charlie	1173	+	30	1086193	98341
chr17	76637313	76837313	harbor1	chr17	76722089	76722256	DNA/hAT-Charlie	845	+	84	76722173	84860
chr17	44658737	44858737	harbor1	chr17	44661974	44662167	DNA/hAT-Charlie	1004	+	96	44662070	3333
chr17	44658737	44858737	harbor1	chr17	44680915	44681047	DNA/hAT-Charlie	650	+	66	44680981	22244
chr17	81583380	81783380	harbor1	chr17	81593063	81593319	DNA/hAT-Charlie	672	+	128	81593191	9811
chr17	81583380	81783380	harbor1	chr17	81593412	81593629	DNA/hAT-Charlie	605	+	108	81593520	10140
chr17	78988152	79188152	harbor1	chr17	79002104	79002255	DNA/hAT-Charlie	983	+	76	79002180	14028
chr17	78988152	79188152	harbor1	chr17	79036090	79036174	DNA/hAT-Charlie	1144	+	42	79036132	47980
chr17	78988152	79188152	harbor1	chr17	79036475	79036609	DNA/hAT-Charlie	1144	+	67	79036542	48390
chr17	78988152	79188152	harbor1	chr17	79039162	79039369	DNA/hAT-Charlie	963	+	104	79039266	51114
chr17	62527967	62727967	harbor1	chr17	62616303	62616457	DNA/hAT-Charlie	612	+	77	62616380	88413
chr17	79702953	79902953	harbor1	chr17	79748758	79749189	DNA/hAT-Charlie	1257	+	216	79748974	46021
chr17	79702953	79902953	harbor1	chr17	79788591	79788798	DNA/hAT-Charlie	773	+	104	79788695	85742
chr17	79702900	79902900	harbor1	chr17	79748758	79749189	DNA/hAT-Charlie	1257	+	216	79748974	46074
chr17	79702900	79902900	harbor1	chr17	79788591	79788798	DNA/hAT-Charlie	773	+	104	79788695	85795
chr17	78031732	78231732	harbor1	chr17	78044621	78044822	DNA/hAT-Charlie	1031	+	100	78044721	12989
chr17	78031732	78231732	harbor1	chr17	78068020	78068478	DNA/hAT-Charlie	1269	+	229	78068249	36517
chr17	78031732	78231732	harbor1	chr17	78090062	78090380	DNA/hAT-Charlie	721	+	159	78090221	58489
chr17	76637274	76837274	harbor1	chr17	76722089	76722256	DNA/hAT-Charlie	845	+	84	76722173	84899
chr17	76768641	76968641	harbor1	chr17	76835668	76835768	DNA/hAT-Charlie	1142	+	50	76835718	67077
chr17	76768641	76968641	harbor1	chr17	76836059	76836328	DNA/hAT-Charlie	1142	+	134	76836193	67552
chr17	76768641	76968641	harbor1	chr17	76839406	76839510	DNA/hAT-Charlie	605	+	52	76839458	70817
chr17	76768641	76968641	harbor1	chr17	76839823	76839910	DNA/hAT-Charlie	605	+	44	76839867	71226
chr17	76637097	76837097	harbor1	chr17	76722089	76722256	DNA/hAT-Charlie	845	+	84	76722173	85076
chr17	57767551	57967551	harbor1	chr17	57778343	57778559	DNA/hAT-Charlie	985	+	108	57778451	10900
chr17	57767551	57967551	harbor1	chr17	57808067	57808408	DNA/hAT-Charlie	2300	+	170	57808237	40686
chr17	57767551	57967551	harbor1	chr17	57859248	57859396	DNA/hAT-Charlie	679	+	74	57859322	91771
chr17	27460460	27660460	harbor1	chr17	27503196	27503416	DNA/hAT-Charlie	1183	+	110	27503306	42846
chr17	27460460	27660460	harbor1	chr17	27506968	27507152	DNA/hAT-Charlie	777	+	92	27507060	46600
chr17	27460460	27660460	harbor1	chr17	27507444	27507563	DNA/hAT-Charlie	777	+	60	27507504	47044
chr17	27460460	27660460	harbor1	chr17	27507875	27507907	DNA/hAT-Charlie	777	+	16	27507891	47431
chr17	27460460	27660460	harbor1	chr17	27547294	27547605	DNA/hAT-Charlie	1182	+	156	27547450	86990
chr17	27460460	27660460	harbor1	chr17	27554329	27554820	DNA/hAT-Charlie	3459	+	246	27554575	94115
chr17	594307	794307	harbor1	chr17	606617	606945	DNA/hAT-Charlie	1748	+	164	606781	12474
chr17	594307	794307	harbor1	chr17	627804	627942	DNA/hAT-Charlie	635	+	69	627873	33566
chr17	594307	794307	harbor1	chr17	667058	667294	DNA/hAT-Charlie	867	+	118	667176	72869
chr17	594307	794307	harbor1	chr17	667726	668069	DNA/hAT-Charlie	2217	+	172	667898	73591
chr17	594307	794307	harbor1	chr17	690341	690625	DNA/hAT-Charlie	824	+	142	690483	96176
chr17	7461848	7661848	harbor1	chr17	7489329	7489784	DNA/hAT-Charlie	1746	+	228	7489557	27709
chr17	7461848	7661848	harbor1	chr17	7490077	7490165	DNA/hAT-Charlie	1746	+	44	7490121	28273
chr17	35648041	35848041	harbor1	chr17	35668337	35668521	DNA/hAT-Charlie	763	+	92	35668429	20388
chr17	76429510	76629510	harbor1	chr17	76439350	76439588	DNA/hAT-Charlie	1188	+	119	76439469	9959
chr17	76429510	76629510	harbor1	chr17	76440690	76440905	DNA/hAT-Charlie	1067	+	108	76440798	11288
chr17	8283703	8483703	harbor1	chr17	8284280	8284541	DNA/hAT-Charlie	828	+	130	8284410	707
chr17	8283703	8483703	harbor1	chr17	8316527	8316756	DNA/hAT-Charlie	886	+	114	8316641	32938
chr17	8283703	8483703	harbor1	chr17	8334365	8334496	DNA/hAT-Charlie	710	+	66	8334431	50728
chr17	8283703	8483703	harbor1	chr17	8334824	8334869	DNA/hAT-Charlie	710	+	22	8334846	51143
chr17	76767813	76967813	harbor1	chr17	76835668	76835768	DNA/hAT-Charlie	1142	+	50	76835718	67905
chr17	76767813	76967813	harbor1	chr17	76836059	76836328	DNA/hAT-Charlie	1142	+	134	76836193	68380
chr17	76767813	76967813	harbor1	chr17	76839406	76839510	DNA/hAT-Charlie	605	+	52	76839458	71645
chr17	76767813	76967813	harbor1	chr17	76839823	76839910	DNA/hAT-Charlie	605	+	44	76839867	72054
chr17	8922459	9122459	harbor1	chr17	8996571	8996896	DNA/hAT-Charlie	881	+	162	8996733	74274
chr17	8922459	9122459	harbor1	chr17	8996893	8997118	DNA/hAT-Charlie	1055	+	112	8997005	74546
chr17	8922459	9122459	harbor1	chr17	8997426	8997530	DNA/hAT-Charlie	1055	+	52	8997478	75019
chr17	8922459	9122459	harbor1	chr17	8997841	8997875	DNA/hAT-Charlie	1055	+	17	8997858	75399
chr17	47154294	47354294	harbor1	chr17	47172922	47173108	DNA/hAT-Charlie	992	+	93	47173015	18721
chr17	47154294	47354294	harbor1	chr17	47185850	47186062	DNA/hAT-Charlie	839	+	106	47185956	31662
chr17	78031779	78231779	harbor1	chr17	78044621	78044822	DNA/hAT-Charlie	1031	+	100	78044721	12942
chr17	78031779	78231779	harbor1	chr17	78068020	78068478	DNA/hAT-Charlie	1269	+	229	78068249	36470
chr17	78031779	78231779	harbor1	chr17	78090062	78090380	DNA/hAT-Charlie	721	+	159	78090221	58442
chr17	76635280	76835280	harbor1	chr17	76722089	76722256	DNA/hAT-Charlie	845	+	84	76722173	86893
chr17	17065632	17265632	harbor1	chr17	17080518	17080714	DNA/hAT-Charlie	953	+	98	17080616	14984
chr17	17065632	17265632	harbor1	chr17	17100473	17100914	DNA/hAT-Charlie	2647	+	220	17100693	35061
chr17	17065632	17265632	harbor1	chr17	17108410	17108582	DNA/hAT-Charlie	659	+	86	17108496	42864
chr17	17065632	17265632	harbor1	chr17	17148379	17149213	DNA/hAT-Charlie	3393	+	417	17148796	83164
chr17	17065632	17265632	harbor1	chr17	17149507	17149922	DNA/hAT-Charlie	3393	+	208	17149715	84083
chr17	81583409	81783409	harbor1	chr17	81593063	81593319	DNA/hAT-Charlie	672	+	128	81593191	9782
chr17	81583409	81783409	harbor1	chr17	81593412	81593629	DNA/hAT-Charlie	605	+	108	81593520	10111
chr17	8283709	8483709	harbor1	chr17	8284280	8284541	DNA/hAT-Charlie	828	+	130	8284410	701
chr17	8283709	8483709	harbor1	chr17	8316527	8316756	DNA/hAT-Charlie	886	+	114	8316641	32932
chr17	8283709	8483709	harbor1	chr17	8334365	8334496	DNA/hAT-Charlie	710	+	66	8334431	50722
chr17	8283709	8483709	harbor1	chr17	8334824	8334869	DNA/hAT-Charlie	710	+	22	8334846	51137
chr17	79703308	79903308	harbor1	chr17	79748758	79749189	DNA/hAT-Charlie	1257	+	216	79748974	45666
chr17	79703308	79903308	harbor1	chr17	79788591	79788798	DNA/hAT-Charlie	773	+	104	79788695	85387
chr17	27194779	27394779	harbor1	chr17	27257255	27257467	DNA/hAT-Charlie	1126	+	106	27257361	62582
chr18	26126451	26326451	harbor1	chr18	26166249	26167483	DNA/hAT-Charlie	3858	+	617	26166866	40415
chr18	26126451	26326451	harbor1	chr18	26177173	26177385	DNA/hAT-Charlie	980	+	106	26177279	50828
chr18	26126451	26326451	harbor1	chr18	26209369	26209600	DNA/hAT-Charlie	4957	+	116	26209485	83034
chr18	26126451	26326451	harbor1	chr18	26209927	26209937	DNA/hAT-Charlie	4957	+	5	26209932	83481
chr18	26126451	26326451	harbor1	chr18	26210777	26211820	DNA/hAT-Charlie	4957	+	522	26211299	84848
chr18	26126451	26326451	harbor1	chr18	26213415	26213556	DNA/hAT-Charlie	482	+	70	26213485	87034
chr18	78969159	79169159	harbor1	chr18	79061488	79061813	DNA/hAT-Charlie	1165	+	162	79061650	92491
chr18	25990886	26190886	harbor1	chr18	26006475	26006733	DNA/hAT-Charlie	990	+	129	26006604	15718
chr18	25990886	26190886	harbor1	chr18	26036804	26037023	DNA/hAT-Charlie	1242	+	110	26036914	46028
chr18	25990886	26190886	harbor1	chr18	26048655	26048924	DNA/hAT-Charlie	715	+	134	26048789	57903
chr18	25990886	26190886	harbor1	chr18	26073469	26074778	DNA/hAT-Charlie	5047	+	654	26074123	83237
chr18	25990886	26190886	harbor1	chr18	26086308	26086611	DNA/hAT-Charlie	1182	+	152	26086460	95574
chr18	75105235	75305235	harbor1	chr18	75186088	75186239	DNA/hAT-Charlie	523	+	76	75186164	80929
chr18	26126452	26326452	harbor1	chr18	26166249	26167483	DNA/hAT-Charlie	3858	+	617	26166866	40414
chr18	26126452	26326452	harbor1	chr18	26177173	26177385	DNA/hAT-Charlie	980	+	106	26177279	50827
chr18	26126452	26326452	harbor1	chr18	26209369	26209600	DNA/hAT-Charlie	4957	+	116	26209485	83033
chr18	26126452	26326452	harbor1	chr18	26209927	26209937	DNA/hAT-Charlie	4957	+	5	26209932	83480
chr18	26126452	26326452	harbor1	chr18	26210777	26211820	DNA/hAT-Charlie	4957	+	522	26211299	84847
chr18	26126452	26326452	harbor1	chr18	26213415	26213556	DNA/hAT-Charlie	482	+	70	26213485	87033
chr18	26126169	26326169	harbor1	chr18	26166249	26167483	DNA/hAT-Charlie	3858	+	617	26166866	40697
chr18	26126169	26326169	harbor1	chr18	26177173	26177385	DNA/hAT-Charlie	980	+	106	26177279	51110
chr18	26126169	26326169	harbor1	chr18	26209369	26209600	DNA/hAT-Charlie	4957	+	116	26209485	83316
chr18	26126169	26326169	harbor1	chr18	26209927	26209937	DNA/hAT-Charlie	4957	+	5	26209932	83763
chr18	26126169	26326169	harbor1	chr18	26210777	26211820	DNA/hAT-Charlie	4957	+	522	26211299	85130
chr18	26126169	26326169	harbor1	chr18	26213415	26213556	DNA/hAT-Charlie	482	+	70	26213485	87316
chr18	26126503	26326503	harbor1	chr18	26166249	26167483	DNA/hAT-Charlie	3858	+	617	26166866	40363
chr18	26126503	26326503	harbor1	chr18	26177173	26177385	DNA/hAT-Charlie	980	+	106	26177279	50776
chr18	26126503	26326503	harbor1	chr18	26209369	26209600	DNA/hAT-Charlie	4957	+	116	26209485	82982
chr18	26126503	26326503	harbor1	chr18	26209927	26209937	DNA/hAT-Charlie	4957	+	5	26209932	83429
chr18	26126503	26326503	harbor1	chr18	26210777	26211820	DNA/hAT-Charlie	4957	+	522	26211299	84796
chr18	26126503	26326503	harbor1	chr18	26213415	26213556	DNA/hAT-Charlie	482	+	70	26213485	86982
chr18	26126493	26326493	harbor1	chr18	26166249	26167483	DNA/hAT-Charlie	3858	+	617	26166866	40373
chr18	26126493	26326493	harbor1	chr18	26177173	26177385	DNA/hAT-Charlie	980	+	106	26177279	50786
chr18	26126493	26326493	harbor1	chr18	26209369	26209600	DNA/hAT-Charlie	4957	+	116	26209485	82992
chr18	26126493	26326493	harbor1	chr18	26209927	26209937	DNA/hAT-Charlie	4957	+	5	26209932	83439
chr18	26126493	26326493	harbor1	chr18	26210777	26211820	DNA/hAT-Charlie	4957	+	522	26211299	84806
chr18	26126493	26326493	harbor1	chr18	26213415	26213556	DNA/hAT-Charlie	482	+	70	26213485	86992
chr18	26126535	26326535	harbor1	chr18	26166249	26167483	DNA/hAT-Charlie	3858	+	617	26166866	40331
chr18	26126535	26326535	harbor1	chr18	26177173	26177385	DNA/hAT-Charlie	980	+	106	26177279	50744
chr18	26126535	26326535	harbor1	chr18	26209369	26209600	DNA/hAT-Charlie	4957	+	116	26209485	82950
chr18	26126535	26326535	harbor1	chr18	26209927	26209937	DNA/hAT-Charlie	4957	+	5	26209932	83397
chr18	26126535	26326535	harbor1	chr18	26210777	26211820	DNA/hAT-Charlie	4957	+	522	26211299	84764
chr18	26126535	26326535	harbor1	chr18	26213415	26213556	DNA/hAT-Charlie	482	+	70	26213485	86950
chr18	37465339	37665339	harbor1	chr18	37525858	37526051	DNA/hAT-Charlie	749	+	96	37525954	60615
chr18	37465339	37665339	harbor1	chr18	37531367	37531688	DNA/hAT-Charlie	1033	+	160	37531527	66188
chr18	37465339	37665339	harbor1	chr18	37539649	37539862	DNA/hAT-Charlie	632	+	106	37539755	74416
chr18	12847445	13047445	harbor1	chr18	12885676	12885847	DNA/hAT-Charlie	583	+	86	12885762	38317
chr18	12847445	13047445	harbor1	chr18	12927030	12927191	DNA/hAT-Charlie	577	+	80	12927110	79665
chr18	37465426	37665426	harbor1	chr18	37525858	37526051	DNA/hAT-Charlie	749	+	96	37525954	60528
chr18	37465426	37665426	harbor1	chr18	37531367	37531688	DNA/hAT-Charlie	1033	+	160	37531527	66101
chr18	37465426	37665426	harbor1	chr18	37539649	37539862	DNA/hAT-Charlie	632	+	106	37539755	74329
chr18	78209657	78409657	harbor1	chr18	78293470	78293627	DNA/hAT-Charlie	516	+	78	78293548	83891
chr18	12207922	12407922	harbor1	chr18	12267827	12268013	DNA/hAT-Charlie	896	+	93	12267920	59998
chr18	8509901	8709901	harbor1	chr18	8516362	8516617	DNA/hAT-Charlie	1049	+	128	8516490	6589
chr18	8509901	8709901	harbor1	chr18	8558687	8558941	DNA/hAT-Charlie	492	+	127	8558814	48913
chr18	8509901	8709901	harbor1	chr18	8559043	8559157	DNA/hAT-Charlie	1494	+	57	8559100	49199
chr18	8509901	8709901	harbor1	chr18	8559464	8559981	DNA/hAT-Charlie	1494	+	258	8559722	49821
chr18	8509901	8709901	harbor1	chr18	8560166	8560345	DNA/hAT-Charlie	583	+	90	8560256	50355
chr18	8509901	8709901	harbor1	chr18	8563518	8563821	DNA/hAT-Charlie	1014	+	152	8563670	53769
chr18	74356659	74556659	harbor1	chr18	74433767	74434141	DNA/hAT-Charlie	1166	+	187	74433954	77295
chr18	74356659	74556659	harbor1	chr18	74432230	74432739	DNA/hAT-Charlie	3528	+	254	74432484	75825
chr18	65651276	65851276	harbor1	chr18	65657228	65657353	DNA/hAT-Charlie	490	+	62	65657290	6014
chr18	65651276	65851276	harbor1	chr18	65662724	65662902	DNA/hAT-Charlie	691	+	89	65662813	11537
chr18	65651276	65851276	harbor1	chr18	65679210	65679336	DNA/hAT-Charlie	545	+	63	65679273	27997
chr18	65651276	65851276	harbor1	chr18	65728872	65729074	DNA/hAT-Charlie	570	+	101	65728973	77697
chr18	26126455	26326455	harbor1	chr18	26166249	26167483	DNA/hAT-Charlie	3858	+	617	26166866	40411
chr18	26126455	26326455	harbor1	chr18	26177173	26177385	DNA/hAT-Charlie	980	+	106	26177279	50824
chr18	26126455	26326455	harbor1	chr18	26209369	26209600	DNA/hAT-Charlie	4957	+	116	26209485	83030
chr18	26126455	26326455	harbor1	chr18	26209927	26209937	DNA/hAT-Charlie	4957	+	5	26209932	83477
chr18	26126455	26326455	harbor1	chr18	26210777	26211820	DNA/hAT-Charlie	4957	+	522	26211299	84844
chr18	26126455	26326455	harbor1	chr18	26213415	26213556	DNA/hAT-Charlie	482	+	70	26213485	87030
chr18	26126495	26326495	harbor1	chr18	26166249	26167483	DNA/hAT-Charlie	3858	+	617	26166866	40371
chr18	26126495	26326495	harbor1	chr18	26177173	26177385	DNA/hAT-Charlie	980	+	106	26177279	50784
chr18	26126495	26326495	harbor1	chr18	26209369	26209600	DNA/hAT-Charlie	4957	+	116	26209485	82990
chr18	26126495	26326495	harbor1	chr18	26209927	26209937	DNA/hAT-Charlie	4957	+	5	26209932	83437
chr18	26126495	26326495	harbor1	chr18	26210777	26211820	DNA/hAT-Charlie	4957	+	522	26211299	84804
chr18	26126495	26326495	harbor1	chr18	26213415	26213556	DNA/hAT-Charlie	482	+	70	26213485	86990
chr18	65651379	65851379	harbor1	chr18	65657228	65657353	DNA/hAT-Charlie	490	+	62	65657290	5911
chr18	65651379	65851379	harbor1	chr18	65662724	65662902	DNA/hAT-Charlie	691	+	89	65662813	11434
chr18	65651379	65851379	harbor1	chr18	65679210	65679336	DNA/hAT-Charlie	545	+	63	65679273	27894
chr18	65651379	65851379	harbor1	chr18	65728872	65729074	DNA/hAT-Charlie	570	+	101	65728973	77594
chr18	21921090	22121090	harbor1	chr18	21956962	21957099	DNA/hAT-Charlie	522	+	68	21957030	35940
chr18	21921090	22121090	harbor1	chr18	21998424	21998556	DNA/hAT-Charlie	626	+	66	21998490	77400
chr18	79580317	79780317	harbor1	chr18	79614889	79615628	DNA/hAT-Charlie	2396	+	370	79615259	34942
chr18	26126454	26326454	harbor1	chr18	26166249	26167483	DNA/hAT-Charlie	3858	+	617	26166866	40412
chr18	26126454	26326454	harbor1	chr18	26177173	26177385	DNA/hAT-Charlie	980	+	106	26177279	50825
chr18	26126454	26326454	harbor1	chr18	26209369	26209600	DNA/hAT-Charlie	4957	+	116	26209485	83031
chr18	26126454	26326454	harbor1	chr18	26209927	26209937	DNA/hAT-Charlie	4957	+	5	26209932	83478
chr18	26126454	26326454	harbor1	chr18	26210777	26211820	DNA/hAT-Charlie	4957	+	522	26211299	84845
chr18	26126454	26326454	harbor1	chr18	26213415	26213556	DNA/hAT-Charlie	482	+	70	26213485	87031
chr18	26126376	26326376	harbor1	chr18	26166249	26167483	DNA/hAT-Charlie	3858	+	617	26166866	40490
chr18	26126376	26326376	harbor1	chr18	26177173	26177385	DNA/hAT-Charlie	980	+	106	26177279	50903
chr18	26126376	26326376	harbor1	chr18	26209369	26209600	DNA/hAT-Charlie	4957	+	116	26209485	83109
chr18	26126376	26326376	harbor1	chr18	26209927	26209937	DNA/hAT-Charlie	4957	+	5	26209932	83556
chr18	26126376	26326376	harbor1	chr18	26210777	26211820	DNA/hAT-Charlie	4957	+	522	26211299	84923
chr18	26126376	26326376	harbor1	chr18	26213415	26213556	DNA/hAT-Charlie	482	+	70	26213485	87109
chr18	59165767	59365767	harbor1	chr18	59214482	59214696	DNA/hAT-Charlie	923	+	107	59214589	48822
chr18	59165767	59365767	harbor1	chr18	59216070	59216206	DNA/hAT-Charlie	530	+	68	59216138	50371
chr18	59165767	59365767	harbor1	chr18	59238972	59239288	DNA/hAT-Charlie	829	+	158	59239130	73363
chr18	78209693	78409693	harbor1	chr18	78293470	78293627	DNA/hAT-Charlie	516	+	78	78293548	83855
chr18	62536129	62736129	harbor1	chr18	62558186	62558400	DNA/hAT-Charlie	635	+	107	62558293	22164
chr18	62536129	62736129	harbor1	chr18	62586601	62586860	DNA/hAT-Charlie	1215	+	130	62586731	50602
chr18	62536129	62736129	harbor1	chr18	62618786	62618972	DNA/hAT-Charlie	1123	+	93	62618879	82750
chr19	43523586	43723586	harbor1	chr19	43542501	43542685	DNA/hAT-Charlie	774	+	92	43542593	19007
chr19	43523586	43723586	harbor1	chr19	43587390	43587624	DNA/hAT-Charlie	1365	+	117	43587507	63921
chr19	43523586	43723586	harbor1	chr19	43587928	43588036	DNA/hAT-Charlie	1365	+	54	43587982	64396
chr19	43523586	43723586	harbor1	chr19	43601118	43601332	DNA/hAT-Charlie	1102	+	107	43601225	77639
chr19	17678545	17878545	harbor1	chr19	17767608	17767847	DNA/hAT-Charlie	921	+	120	17767728	89183
chr19	10618495	10818495	harbor1	chr19	10674964	10675171	DNA/hAT-Charlie	671	+	104	10675068	56573
chr19	10618495	10818495	harbor1	chr19	10690379	10690577	DNA/hAT-Charlie	677	+	99	10690478	71983
chr19	10618467	10818467	harbor1	chr19	10674964	10675171	DNA/hAT-Charlie	671	+	104	10675068	56601
chr19	10618467	10818467	harbor1	chr19	10690379	10690577	DNA/hAT-Charlie	677	+	99	10690478	72011
chr19	49751331	49951331	harbor1	chr19	49838175	49839413	DNA/hAT-Charlie	3934	+	619	49838794	87463
chr19	49751331	49951331	harbor1	chr19	49839486	49840475	DNA/hAT-Charlie	3257	+	494	49839980	88649
chr19	5521747	5721747	harbor1	chr19	5603707	5603971	DNA/hAT-Charlie	1055	+	132	5603839	82092
chr19	5521747	5721747	harbor1	chr19	5617591	5617777	DNA/hAT-Charlie	744	+	93	5617684	95937
chr19	9986281	10186281	harbor1	chr19	10085197	10085392	DNA/hAT-Charlie	974	+	98	10085295	99014
chr19	10618446	10818446	harbor1	chr19	10674964	10675171	DNA/hAT-Charlie	671	+	104	10675068	56622
chr19	10618446	10818446	harbor1	chr19	10690379	10690577	DNA/hAT-Charlie	677	+	99	10690478	72032
chr19	2663306	2863306	harbor1	chr19	2669527	2669726	DNA/hAT-Charlie	817	+	100	2669627	6321
chr19	2663306	2863306	harbor1	chr19	2677291	2677490	DNA/hAT-Charlie	734	+	100	2677391	14085
chr19	2663306	2863306	harbor1	chr19	2677730	2677935	DNA/hAT-Charlie	951	+	102	2677832	14526
chr19	5521868	5721868	harbor1	chr19	5603707	5603971	DNA/hAT-Charlie	1055	+	132	5603839	81971
chr19	5521868	5721868	harbor1	chr19	5617591	5617777	DNA/hAT-Charlie	744	+	93	5617684	95816
chr19	5521752	5721752	harbor1	chr19	5603707	5603971	DNA/hAT-Charlie	1055	+	132	5603839	82087
chr19	5521752	5721752	harbor1	chr19	5617591	5617777	DNA/hAT-Charlie	744	+	93	5617684	95932
chr19	5523072	5723072	harbor1	chr19	5603707	5603971	DNA/hAT-Charlie	1055	+	132	5603839	80767
chr19	5523072	5723072	harbor1	chr19	5617591	5617777	DNA/hAT-Charlie	744	+	93	5617684	94612
chr19	5522548	5722548	harbor1	chr19	5603707	5603971	DNA/hAT-Charlie	1055	+	132	5603839	81291
chr19	5522548	5722548	harbor1	chr19	5617591	5617777	DNA/hAT-Charlie	744	+	93	5617684	95136
chr19	5522869	5722869	harbor1	chr19	5603707	5603971	DNA/hAT-Charlie	1055	+	132	5603839	80970
chr19	5522869	5722869	harbor1	chr19	5617591	5617777	DNA/hAT-Charlie	744	+	93	5617684	94815
chr19	5521916	5721916	harbor1	chr19	5603707	5603971	DNA/hAT-Charlie	1055	+	132	5603839	81923
chr19	5521916	5721916	harbor1	chr19	5617591	5617777	DNA/hAT-Charlie	744	+	93	5617684	95768
chr19	5522558	5722558	harbor1	chr19	5603707	5603971	DNA/hAT-Charlie	1055	+	132	5603839	81281
chr19	5522558	5722558	harbor1	chr19	5617591	5617777	DNA/hAT-Charlie	744	+	93	5617684	95126
chr19	5523054	5723054	harbor1	chr19	5603707	5603971	DNA/hAT-Charlie	1055	+	132	5603839	80785
chr19	5523054	5723054	harbor1	chr19	5617591	5617777	DNA/hAT-Charlie	744	+	93	5617684	94630
chr19	1350529	1550529	harbor1	chr19	1372139	1372343	DNA/hAT-Charlie	647	+	102	1372241	21712
chr19	49751338	49951338	harbor1	chr19	49838175	49839413	DNA/hAT-Charlie	3934	+	619	49838794	87456
chr19	49751338	49951338	harbor1	chr19	49839486	49840475	DNA/hAT-Charlie	3257	+	494	49839980	88642
chr19	48525108	48725108	harbor1	chr19	48525348	48525386	DNA/hAT-Charlie	655	+	19	48525367	259
chr19	48525108	48725108	harbor1	chr19	48525823	48525968	DNA/hAT-Charlie	655	+	72	48525895	787
chr19	48525108	48725108	harbor1	chr19	48526591	48526805	DNA/hAT-Charlie	864	+	107	48526698	1590
chr19	5521188	5721188	harbor1	chr19	5603707	5603971	DNA/hAT-Charlie	1055	+	132	5603839	82651
chr19	5521188	5721188	harbor1	chr19	5617591	5617777	DNA/hAT-Charlie	744	+	93	5617684	96496
chr19	58287222	58487222	harbor1	chr19	58296689	58296898	DNA/hAT-Charlie	1034	+	104	58296793	9571
chr19	58287222	58487222	harbor1	chr19	58297815	58298018	DNA/hAT-Charlie	702	+	102	58297917	10695
chr19	58287222	58487222	harbor1	chr19	58298625	58298680	DNA/hAT-Charlie	702	+	28	58298653	11431
chr19	58287222	58487222	harbor1	chr19	58324387	58324598	DNA/hAT-Charlie	1476	+	106	58324493	37271
chr19	46920081	47120081	harbor1	chr19	46982691	46982762	DNA/hAT-Charlie	789	+	36	46982727	62646
chr19	46920081	47120081	harbor1	chr19	46983085	46983196	DNA/hAT-Charlie	789	+	56	46983141	63060
chr19	58378212	58578212	harbor1	chr19	58468938	58469138	DNA/hAT-Charlie	1312	+	100	58469038	90826
chr19	36428193	36628193	harbor1	chr19	36450740	36450937	DNA/hAT-Charlie	898	+	98	36450838	22645
chr19	36428193	36628193	harbor1	chr19	36522509	36522674	DNA/hAT-Charlie	756	+	82	36522591	94398
chr19	3444890	3644890	harbor1	chr19	3446310	3446515	DNA/hAT-Charlie	693	+	102	3446412	1522
chr19	3444890	3644890	harbor1	chr19	3450839	3451018	DNA/hAT-Charlie	657	+	90	3450929	6039
chr19	3444890	3644890	harbor1	chr19	3469775	3469945	DNA/hAT-Charlie	649	+	85	3469860	24970
chr19	3907495	4107495	harbor1	chr19	3948690	3948889	DNA/hAT-Charlie	712	+	100	3948790	41295
chr19	45368712	45568712	harbor1	chr19	45431177	45431301	DNA/hAT-Charlie	1171	+	62	45431239	62527
chr19	45368712	45568712	harbor1	chr19	45431899	45431967	DNA/hAT-Charlie	1171	+	34	45431933	63221
chr19	45368712	45568712	harbor1	chr19	45432270	45432283	DNA/hAT-Charlie	1171	+	6	45432276	63564
chr19	45368712	45568712	harbor1	chr19	45432435	45432547	DNA/hAT-Charlie	1171	+	56	45432491	63779
chr19	5518790	5718790	harbor1	chr19	5603707	5603971	DNA/hAT-Charlie	1055	+	132	5603839	85049
chr19	5518790	5718790	harbor1	chr19	5617591	5617777	DNA/hAT-Charlie	744	+	93	5617684	98894
chr19	49746065	49946065	harbor1	chr19	49838175	49839413	DNA/hAT-Charlie	3934	+	619	49838794	92729
chr19	49746065	49946065	harbor1	chr19	49839486	49840475	DNA/hAT-Charlie	3257	+	494	49839980	93915
chr19	49751511	49951511	harbor1	chr19	49838175	49839413	DNA/hAT-Charlie	3934	+	619	49838794	87283
chr19	49751511	49951511	harbor1	chr19	49839486	49840475	DNA/hAT-Charlie	3257	+	494	49839980	88469
chr19	5482378	5682378	harbor1	chr19	5483623	5483659	DNA/hAT-Charlie	734	+	18	5483641	1263
chr19	5482378	5682378	harbor1	chr19	5483976	5484177	DNA/hAT-Charlie	734	+	100	5484076	1698
chr19	5482378	5682378	harbor1	chr19	5491661	5491862	DNA/hAT-Charlie	793	+	100	5491761	9383
chr19	5522544	5722544	harbor1	chr19	5603707	5603971	DNA/hAT-Charlie	1055	+	132	5603839	81295
chr19	5522544	5722544	harbor1	chr19	5617591	5617777	DNA/hAT-Charlie	744	+	93	5617684	95140
chr19	5521887	5721887	harbor1	chr19	5603707	5603971	DNA/hAT-Charlie	1055	+	132	5603839	81952
chr19	5521887	5721887	harbor1	chr19	5617591	5617777	DNA/hAT-Charlie	744	+	93	5617684	95797
chr19	5521182	5721182	harbor1	chr19	5603707	5603971	DNA/hAT-Charlie	1055	+	132	5603839	82657
chr19	5521182	5721182	harbor1	chr19	5617591	5617777	DNA/hAT-Charlie	744	+	93	5617684	96502
chr19	1350450	1550450	harbor1	chr19	1372139	1372343	DNA/hAT-Charlie	647	+	102	1372241	21791
chr19	49751471	49951471	harbor1	chr19	49838175	49839413	DNA/hAT-Charlie	3934	+	619	49838794	87323
chr19	49751471	49951471	harbor1	chr19	49839486	49840475	DNA/hAT-Charlie	3257	+	494	49839980	88509
chr19	51494378	51694378	harbor1	chr19	51500881	51501070	DNA/hAT-Charlie	686	+	94	51500975	6597
chr19	51494378	51694378	harbor1	chr19	51579797	51580180	DNA/hAT-Charlie	1072	+	192	51579989	85611
chr19	51494378	51694378	harbor1	chr19	51589644	51589864	DNA/hAT-Charlie	1037	+	110	51589754	95376
chr19	3434558	3634558	harbor1	chr19	3442921	3443124	DNA/hAT-Charlie	881	+	102	3443023	8465
chr19	3434558	3634558	harbor1	chr19	3446310	3446515	DNA/hAT-Charlie	693	+	102	3446412	11854
chr19	3434558	3634558	harbor1	chr19	3450839	3451018	DNA/hAT-Charlie	657	+	90	3450929	16371
chr19	3434558	3634558	harbor1	chr19	3469775	3469945	DNA/hAT-Charlie	649	+	85	3469860	35302
chr19	49288352	49488352	harbor1	chr19	49352155	49352377	DNA/hAT-Charlie	892	+	111	49352266	63914
chr19	49288352	49488352	harbor1	chr19	49348462	49348627	DNA/hAT-Charlie	924	+	82	49348544	60192
chr19	1405910	1605910	harbor1	chr19	1494296	1494528	DNA/hAT-Charlie	797	+	116	1494412	88502
chr19	12938923	13138923	harbor1	chr19	13037729	13037924	DNA/hAT-Charlie	1021	+	98	13037827	98904
chr19	5522872	5722872	harbor1	chr19	5603707	5603971	DNA/hAT-Charlie	1055	+	132	5603839	80967
chr19	5522872	5722872	harbor1	chr19	5617591	5617777	DNA/hAT-Charlie	744	+	93	5617684	94812
chr19	10617933	10817933	harbor1	chr19	10674964	10675171	DNA/hAT-Charlie	671	+	104	10675068	57135
chr19	10617933	10817933	harbor1	chr19	10690379	10690577	DNA/hAT-Charlie	677	+	99	10690478	72545
chr19	10618461	10818461	harbor1	chr19	10674964	10675171	DNA/hAT-Charlie	671	+	104	10675068	56607
chr19	10618461	10818461	harbor1	chr19	10690379	10690577	DNA/hAT-Charlie	677	+	99	10690478	72017
chr19	18646400	18846400	harbor1	chr19	18686817	18687011	DNA/hAT-Charlie	815	+	97	18686914	40514
chr19	18646400	18846400	harbor1	chr19	18695446	18695583	DNA/hAT-Charlie	821	+	68	18695514	49114
chr19	18646400	18846400	harbor1	chr19	18695892	18695972	DNA/hAT-Charlie	821	+	40	18695932	49532
chr19	5523021	5723021	harbor1	chr19	5603707	5603971	DNA/hAT-Charlie	1055	+	132	5603839	80818
chr19	5523021	5723021	harbor1	chr19	5617591	5617777	DNA/hAT-Charlie	744	+	93	5617684	94663
chr19	49751494	49951494	harbor1	chr19	49838175	49839413	DNA/hAT-Charlie	3934	+	619	49838794	87300
chr19	49751494	49951494	harbor1	chr19	49839486	49840475	DNA/hAT-Charlie	3257	+	494	49839980	88486
chr19	32305870	32505870	harbor1	chr19	32375147	32375363	DNA/hAT-Charlie	1101	+	108	32375255	69385
chr19	32305870	32505870	harbor1	chr19	32387546	32387746	DNA/hAT-Charlie	952	+	100	32387646	81776
chr19	32305870	32505870	harbor1	chr19	32387756	32387968	DNA/hAT-Charlie	929	+	106	32387862	81992
chr19	10618491	10818491	harbor1	chr19	10674964	10675171	DNA/hAT-Charlie	671	+	104	10675068	56577
chr19	10618491	10818491	harbor1	chr19	10690379	10690577	DNA/hAT-Charlie	677	+	99	10690478	71987
chr19	10617851	10817851	harbor1	chr19	10674964	10675171	DNA/hAT-Charlie	671	+	104	10675068	57217
chr19	10617851	10817851	harbor1	chr19	10690379	10690577	DNA/hAT-Charlie	677	+	99	10690478	72627
chr19	10579276	10779276	harbor1	chr19	10674964	10675171	DNA/hAT-Charlie	671	+	104	10675068	95792
chr19	12938351	13138351	harbor1	chr19	13037729	13037924	DNA/hAT-Charlie	1021	+	98	13037827	99476
chr19	5522534	5722534	harbor1	chr19	5603707	5603971	DNA/hAT-Charlie	1055	+	132	5603839	81305
chr19	5522534	5722534	harbor1	chr19	5617591	5617777	DNA/hAT-Charlie	744	+	93	5617684	95150
chr19	48525076	48725076	harbor1	chr19	48525348	48525386	DNA/hAT-Charlie	655	+	19	48525367	291
chr19	48525076	48725076	harbor1	chr19	48525823	48525968	DNA/hAT-Charlie	655	+	72	48525895	819
chr19	48525076	48725076	harbor1	chr19	48526591	48526805	DNA/hAT-Charlie	864	+	107	48526698	1622
chr19	18959517	19159517	harbor1	chr19	19017290	19017473	DNA/hAT-Charlie	738	+	92	19017382	57865
chr19	18959517	19159517	harbor1	chr19	19037862	19038389	DNA/hAT-Charlie	3472	+	264	19038126	78609
chr19	49751348	49951348	harbor1	chr19	49838175	49839413	DNA/hAT-Charlie	3934	+	619	49838794	87446
chr19	49751348	49951348	harbor1	chr19	49839486	49840475	DNA/hAT-Charlie	3257	+	494	49839980	88632
chr19	16427350	16627350	harbor1	chr19	16507029	16507232	DNA/hAT-Charlie	730	+	102	16507131	79781
chr19	45692939	45892939	harbor1	chr19	45715289	45715488	DNA/hAT-Charlie	1020	+	100	45715389	22450
chr19	45692939	45892939	harbor1	chr19	45787175	45787505	DNA/hAT-Charlie	2076	+	165	45787340	94401
chr19	45692939	45892939	harbor1	chr19	45788273	45788453	DNA/hAT-Charlie	684	+	90	45788363	95424
chr19	3456907	3656907	harbor1	chr19	3469775	3469945	DNA/hAT-Charlie	649	+	85	3469860	12953
chr19	3858539	4058539	harbor1	chr19	3948690	3948889	DNA/hAT-Charlie	712	+	100	3948790	90251
chr19	10601630	10801630	harbor1	chr19	10674964	10675171	DNA/hAT-Charlie	671	+	104	10675068	73438
chr19	10601630	10801630	harbor1	chr19	10690379	10690577	DNA/hAT-Charlie	677	+	99	10690478	88848
chr19	1812679	2012679	harbor1	chr19	1859796	1860014	DNA/hAT-Charlie	829	+	109	1859905	47226
chr19	1350379	1550379	harbor1	chr19	1372139	1372343	DNA/hAT-Charlie	647	+	102	1372241	21862
chr19	1350102	1550102	harbor1	chr19	1372139	1372343	DNA/hAT-Charlie	647	+	102	1372241	22139
chr19	5521937	5721937	harbor1	chr19	5603707	5603971	DNA/hAT-Charlie	1055	+	132	5603839	81902
chr19	5521937	5721937	harbor1	chr19	5617591	5617777	DNA/hAT-Charlie	744	+	93	5617684	95747
chr19	55244734	55444734	harbor1	chr19	55267977	55268148	DNA/hAT-Charlie	660	+	86	55268063	23329
chr19	55244734	55444734	harbor1	chr19	55310550	55310735	DNA/hAT-Charlie	824	+	92	55310642	65908
chr19	10618493	10818493	harbor1	chr19	10674964	10675171	DNA/hAT-Charlie	671	+	104	10675068	56575
chr19	10618493	10818493	harbor1	chr19	10690379	10690577	DNA/hAT-Charlie	677	+	99	10690478	71985
chr19	49751354	49951354	harbor1	chr19	49838175	49839413	DNA/hAT-Charlie	3934	+	619	49838794	87440
chr19	49751354	49951354	harbor1	chr19	49839486	49840475	DNA/hAT-Charlie	3257	+	494	49839980	88626
chr19	5516398	5716398	harbor1	chr19	5603707	5603971	DNA/hAT-Charlie	1055	+	132	5603839	87441
chr19	15192050	15392050	harbor1	chr19	15278143	15278252	DNA/hAT-Charlie	1151	+	54	15278197	86147
chr19	15192050	15392050	harbor1	chr19	15278572	15278777	DNA/hAT-Charlie	1151	+	102	15278674	86624
chr19	2877622	3077622	harbor1	chr19	2961165	2961359	DNA/hAT-Charlie	866	+	97	2961262	83640
chr19	2877622	3077622	harbor1	chr19	2973327	2973530	DNA/hAT-Charlie	1035	+	102	2973429	95807
chr19	5521960	5721960	harbor1	chr19	5603707	5603971	DNA/hAT-Charlie	1055	+	132	5603839	81879
chr19	5521960	5721960	harbor1	chr19	5617591	5617777	DNA/hAT-Charlie	744	+	93	5617684	95724
chr19	5523053	5723053	harbor1	chr19	5603707	5603971	DNA/hAT-Charlie	1055	+	132	5603839	80786
chr19	5523053	5723053	harbor1	chr19	5617591	5617777	DNA/hAT-Charlie	744	+	93	5617684	94631
chr19	5521766	5721766	harbor1	chr19	5603707	5603971	DNA/hAT-Charlie	1055	+	132	5603839	82073
chr19	5521766	5721766	harbor1	chr19	5617591	5617777	DNA/hAT-Charlie	744	+	93	5617684	95918
chr19	2663252	2863252	harbor1	chr19	2669527	2669726	DNA/hAT-Charlie	817	+	100	2669627	6375
chr19	2663252	2863252	harbor1	chr19	2677291	2677490	DNA/hAT-Charlie	734	+	100	2677391	14139
chr19	2663252	2863252	harbor1	chr19	2677730	2677935	DNA/hAT-Charlie	951	+	102	2677832	14580
chr19	316480	516480	harbor1	chr19	320499	320808	DNA/hAT-Charlie	1935	+	154	320653	4173
chr19	316480	516480	harbor1	chr19	330857	331087	DNA/hAT-Charlie	814	+	115	330972	14492
chr19	316480	516480	harbor1	chr19	331682	331701	DNA/hAT-Charlie	814	+	10	331692	15212
chr19	316480	516480	harbor1	chr19	332001	332134	DNA/hAT-Charlie	814	+	66	332067	15587
chr19	5522885	5722885	harbor1	chr19	5603707	5603971	DNA/hAT-Charlie	1055	+	132	5603839	80954
chr19	5522885	5722885	harbor1	chr19	5617591	5617777	DNA/hAT-Charlie	744	+	93	5617684	94799
chr19	16976180	17176180	harbor1	chr19	16978523	16978711	DNA/hAT-Charlie	729	+	94	16978617	2437
chr19	16976180	17176180	harbor1	chr19	16979865	16980078	DNA/hAT-Charlie	760	+	106	16979971	3791
chr19	16976180	17176180	harbor1	chr19	16988739	16989275	DNA/hAT-Charlie	3613	+	268	16989007	12827
chr19	16976180	17176180	harbor1	chr19	17016942	17017473	DNA/hAT-Charlie	3839	+	266	17017208	41028
chr19	8046178	8246178	harbor1	chr19	8078228	8078424	DNA/hAT-Charlie	726	+	98	8078326	32148
chr19	8046178	8246178	harbor1	chr19	8110389	8110599	DNA/hAT-Charlie	1061	+	105	8110494	64316
chr19	49751516	49951516	harbor1	chr19	49838175	49839413	DNA/hAT-Charlie	3934	+	619	49838794	87278
chr19	49751516	49951516	harbor1	chr19	49839486	49840475	DNA/hAT-Charlie	3257	+	494	49839980	88464
chr19	8313330	8513330	harbor1	chr19	8347808	8348014	DNA/hAT-Charlie	855	+	103	8347911	34581
chr19	1350483	1550483	harbor1	chr19	1372139	1372343	DNA/hAT-Charlie	647	+	102	1372241	21758
chr19	12938721	13138721	harbor1	chr19	13037729	13037924	DNA/hAT-Charlie	1021	+	98	13037827	99106
chr19	1505446	1705446	harbor1	chr19	1538724	1538937	DNA/hAT-Charlie	773	+	106	1538830	33384
chr19	12938377	13138377	harbor1	chr19	13037729	13037924	DNA/hAT-Charlie	1021	+	98	13037827	99450
chr19	10618492	10818492	harbor1	chr19	10674964	10675171	DNA/hAT-Charlie	671	+	104	10675068	56576
chr19	10618492	10818492	harbor1	chr19	10690379	10690577	DNA/hAT-Charlie	677	+	99	10690478	71986
chr19	5522875	5722875	harbor1	chr19	5603707	5603971	DNA/hAT-Charlie	1055	+	132	5603839	80964
chr19	5522875	5722875	harbor1	chr19	5617591	5617777	DNA/hAT-Charlie	744	+	93	5617684	94809
chr19	57091928	57291928	harbor1	chr19	57101000	57101081	DNA/hAT-Charlie	824	+	40	57101040	9112
chr19	57091928	57291928	harbor1	chr19	57101704	57101921	DNA/hAT-Charlie	824	+	108	57101812	9884
chr19	3959476	4159476	harbor1	chr19	4050564	4050815	DNA/hAT-Charlie	790	+	126	4050690	91214
chr19	2356877	2556877	harbor1	chr19	2416993	2417183	DNA/hAT-Charlie	804	+	95	2417088	60211
chr19	1350376	1550376	harbor1	chr19	1372139	1372343	DNA/hAT-Charlie	647	+	102	1372241	21865
chr19	5486689	5686689	harbor1	chr19	5491661	5491862	DNA/hAT-Charlie	793	+	100	5491761	5072
chr19	1452484	1652484	harbor1	chr19	1494296	1494528	DNA/hAT-Charlie	797	+	116	1494412	41928
chr19	1452484	1652484	harbor1	chr19	1538724	1538937	DNA/hAT-Charlie	773	+	106	1538830	86346
chr19	48094850	48294850	harbor1	chr19	48101595	48101674	DNA/hAT-Charlie	1099	+	40	48101635	6785
chr19	48094850	48294850	harbor1	chr19	48101975	48102207	DNA/hAT-Charlie	1099	+	116	48102091	7241
chr19	48094850	48294850	harbor1	chr19	48124459	48124734	DNA/hAT-Charlie	1063	+	138	48124597	29747
chr19	48094850	48294850	harbor1	chr19	48152597	48152914	DNA/hAT-Charlie	1480	+	158	48152755	57905
chr19	48094850	48294850	harbor1	chr19	48153214	48153282	DNA/hAT-Charlie	1480	+	34	48153248	58398
chr19	48094850	48294850	harbor1	chr19	48178524	48178575	DNA/hAT-Charlie	664	+	26	48178550	83700
chr19	48094850	48294850	harbor1	chr19	48178874	48179021	DNA/hAT-Charlie	664	+	74	48178948	84098
chr19	48094850	48294850	harbor1	chr19	48182985	48183117	DNA/hAT-Charlie	763	+	66	48183051	88201
chr19	48094850	48294850	harbor1	chr19	48183427	48183481	DNA/hAT-Charlie	763	+	27	48183454	88604
chr19	48094850	48294850	harbor1	chr19	48185655	48185704	DNA/hAT-Charlie	870	+	24	48185679	90829
chr19	48094850	48294850	harbor1	chr19	48186008	48186166	DNA/hAT-Charlie	870	+	79	48186087	91237
chr19	49751358	49951358	harbor1	chr19	49838175	49839413	DNA/hAT-Charlie	3934	+	619	49838794	87436
chr19	49751358	49951358	harbor1	chr19	49839486	49840475	DNA/hAT-Charlie	3257	+	494	49839980	88622
chr19	3885261	4085261	harbor1	chr19	3948690	3948889	DNA/hAT-Charlie	712	+	100	3948790	63529
chr19	5522557	5722557	harbor1	chr19	5603707	5603971	DNA/hAT-Charlie	1055	+	132	5603839	81282
chr19	5522557	5722557	harbor1	chr19	5617591	5617777	DNA/hAT-Charlie	744	+	93	5617684	95127
chr19	41650420	41850420	harbor1	chr19	41746461	41746615	DNA/hAT-Charlie	692	+	77	41746538	96118
chr19	3400978	3600978	harbor1	chr19	3442921	3443124	DNA/hAT-Charlie	881	+	102	3443023	42045
chr19	3400978	3600978	harbor1	chr19	3446310	3446515	DNA/hAT-Charlie	693	+	102	3446412	45434
chr19	3400978	3600978	harbor1	chr19	3450839	3451018	DNA/hAT-Charlie	657	+	90	3450929	49951
chr19	3400978	3600978	harbor1	chr19	3469775	3469945	DNA/hAT-Charlie	649	+	85	3469860	68882
chr19	1763168	1963168	harbor1	chr19	1859796	1860014	DNA/hAT-Charlie	829	+	109	1859905	96737
chr19	2356934	2556934	harbor1	chr19	2416993	2417183	DNA/hAT-Charlie	804	+	95	2417088	60154
chr19	5522878	5722878	harbor1	chr19	5603707	5603971	DNA/hAT-Charlie	1055	+	132	5603839	80961
chr19	5522878	5722878	harbor1	chr19	5617591	5617777	DNA/hAT-Charlie	744	+	93	5617684	94806
chr19	3964920	4164920	harbor1	chr19	4050564	4050815	DNA/hAT-Charlie	790	+	126	4050690	85770
chr19	9986298	10186298	harbor1	chr19	10085197	10085392	DNA/hAT-Charlie	974	+	98	10085295	98997
chr19	3885621	4085621	harbor1	chr19	3948690	3948889	DNA/hAT-Charlie	712	+	100	3948790	63169
chr19	1505429	1705429	harbor1	chr19	1538724	1538937	DNA/hAT-Charlie	773	+	106	1538830	33401
chr19	49751409	49951409	harbor1	chr19	49838175	49839413	DNA/hAT-Charlie	3934	+	619	49838794	87385
chr19	49751409	49951409	harbor1	chr19	49839486	49840475	DNA/hAT-Charlie	3257	+	494	49839980	88571
chr19	49288353	49488353	harbor1	chr19	49352155	49352377	DNA/hAT-Charlie	892	+	111	49352266	63913
chr19	49288353	49488353	harbor1	chr19	49348462	49348627	DNA/hAT-Charlie	924	+	82	49348544	60191
chr19	10043853	10243853	harbor1	chr19	10085197	10085392	DNA/hAT-Charlie	974	+	98	10085295	41442
chr19	5521969	5721969	harbor1	chr19	5603707	5603971	DNA/hAT-Charlie	1055	+	132	5603839	81870
chr19	5521969	5721969	harbor1	chr19	5617591	5617777	DNA/hAT-Charlie	744	+	93	5617684	95715
chr19	39407242	39607242	harbor1	chr19	39465506	39465725	DNA/hAT-Charlie	1185	+	110	39465616	58374
chr19	39407242	39607242	harbor1	chr19	39491080	39491167	DNA/hAT-Charlie	670	+	44	39491124	83882
chr19	39407242	39607242	harbor1	chr19	39491467	39491537	DNA/hAT-Charlie	670	+	35	39491502	84260
chr19	55575001	55775001	harbor1	chr19	55576356	55576455	DNA/hAT-Charlie	671	+	50	55576406	1405
chr19	55575001	55775001	harbor1	chr19	55576760	55576886	DNA/hAT-Charlie	671	+	63	55576823	1822
chr19	55575001	55775001	harbor1	chr19	55639114	55639306	DNA/hAT-Charlie	987	+	96	55639210	64209
chr19	35529181	35729181	harbor1	chr19	35566615	35566839	DNA/hAT-Charlie	1620	+	112	35566727	37546
chr19	35529181	35729181	harbor1	chr19	35611247	35611472	DNA/hAT-Charlie	1991	+	112	35611359	82178
chr19	35529181	35729181	harbor1	chr19	35611785	35611939	DNA/hAT-Charlie	2128	+	77	35611862	82681
chr19	5522547	5722547	harbor1	chr19	5603707	5603971	DNA/hAT-Charlie	1055	+	132	5603839	81292
chr19	5522547	5722547	harbor1	chr19	5617591	5617777	DNA/hAT-Charlie	744	+	93	5617684	95137
chr19	45692946	45892946	harbor1	chr19	45715289	45715488	DNA/hAT-Charlie	1020	+	100	45715389	22443
chr19	45692946	45892946	harbor1	chr19	45787175	45787505	DNA/hAT-Charlie	2076	+	165	45787340	94394
chr19	45692946	45892946	harbor1	chr19	45788273	45788453	DNA/hAT-Charlie	684	+	90	45788363	95417
chr19	17369325	17569325	harbor1	chr19	17399930	17399962	DNA/hAT-Charlie	678	+	16	17399946	30621
chr19	17369325	17569325	harbor1	chr19	17400255	17400344	DNA/hAT-Charlie	678	+	44	17400299	30974
chr19	17369325	17569325	harbor1	chr19	17400659	17400742	DNA/hAT-Charlie	678	+	42	17400701	31376
chr19	1645781	1845781	harbor1	chr19	1696734	1696902	DNA/hAT-Charlie	683	+	84	1696818	51037
chr19	15091758	15291758	harbor1	chr19	15158027	15158232	DNA/hAT-Charlie	1198	+	102	15158129	66371
chr19	15091758	15291758	harbor1	chr19	15182101	15182224	DNA/hAT-Charlie	904	+	62	15182163	90405
chr19	15091758	15291758	harbor1	chr19	15182527	15182606	DNA/hAT-Charlie	904	+	40	15182567	90809
chr19	9986300	10186300	harbor1	chr19	10085197	10085392	DNA/hAT-Charlie	974	+	98	10085295	98995
chr19	1505430	1705430	harbor1	chr19	1538724	1538937	DNA/hAT-Charlie	773	+	106	1538830	33400
chr19	49751330	49951330	harbor1	chr19	49838175	49839413	DNA/hAT-Charlie	3934	+	619	49838794	87464
chr19	49751330	49951330	harbor1	chr19	49839486	49840475	DNA/hAT-Charlie	3257	+	494	49839980	88650
chr19	10618545	10818545	harbor1	chr19	10674964	10675171	DNA/hAT-Charlie	671	+	104	10675068	56523
chr19	10618545	10818545	harbor1	chr19	10690379	10690577	DNA/hAT-Charlie	677	+	99	10690478	71933
chr19	5518829	5718829	harbor1	chr19	5603707	5603971	DNA/hAT-Charlie	1055	+	132	5603839	85010
chr19	5518829	5718829	harbor1	chr19	5617591	5617777	DNA/hAT-Charlie	744	+	93	5617684	98855
chr19	49751380	49951380	harbor1	chr19	49838175	49839413	DNA/hAT-Charlie	3934	+	619	49838794	87414
chr19	49751380	49951380	harbor1	chr19	49839486	49840475	DNA/hAT-Charlie	3257	+	494	49839980	88600
chr19	18323630	18523630	harbor1	chr19	18334118	18334508	DNA/hAT-Charlie	2163	+	195	18334313	10683
chr19	1350382	1550382	harbor1	chr19	1372139	1372343	DNA/hAT-Charlie	647	+	102	1372241	21859
chr19	5522542	5722542	harbor1	chr19	5603707	5603971	DNA/hAT-Charlie	1055	+	132	5603839	81297
chr19	5522542	5722542	harbor1	chr19	5617591	5617777	DNA/hAT-Charlie	744	+	93	5617684	95142
chr19	49589845	49789845	harbor1	chr19	49602937	49603142	DNA/hAT-Charlie	912	+	102	49603039	13194
chr19	49589845	49789845	harbor1	chr19	49628054	49628237	DNA/hAT-Charlie	1392	+	92	49628146	38301
chr19	49589845	49789845	harbor1	chr19	49633482	49633556	DNA/hAT-Charlie	859	+	37	49633519	43674
chr19	49589845	49789845	harbor1	chr19	49633852	49633923	DNA/hAT-Charlie	859	+	36	49633888	44043
chr19	49589845	49789845	harbor1	chr19	49634564	49634628	DNA/hAT-Charlie	859	+	32	49634596	44751
chr19	49589845	49789845	harbor1	chr19	49660214	49660517	DNA/hAT-Charlie	1846	+	152	49660366	70521
chr19	3287910	3487910	harbor1	chr19	3350291	3350540	DNA/hAT-Charlie	1045	+	124	3350415	62505
chr19	3287910	3487910	harbor1	chr19	3363705	3363907	DNA/hAT-Charlie	690	+	101	3363806	75896
chr19	1406047	1606047	harbor1	chr19	1494296	1494528	DNA/hAT-Charlie	797	+	116	1494412	88365
chr19	48119191	48319191	harbor1	chr19	48124459	48124734	DNA/hAT-Charlie	1063	+	138	48124597	5406
chr19	48119191	48319191	harbor1	chr19	48152597	48152914	DNA/hAT-Charlie	1480	+	158	48152755	33564
chr19	48119191	48319191	harbor1	chr19	48153214	48153282	DNA/hAT-Charlie	1480	+	34	48153248	34057
chr19	48119191	48319191	harbor1	chr19	48178524	48178575	DNA/hAT-Charlie	664	+	26	48178550	59359
chr19	48119191	48319191	harbor1	chr19	48178874	48179021	DNA/hAT-Charlie	664	+	74	48178948	59757
chr19	48119191	48319191	harbor1	chr19	48182985	48183117	DNA/hAT-Charlie	763	+	66	48183051	63860
chr19	48119191	48319191	harbor1	chr19	48183427	48183481	DNA/hAT-Charlie	763	+	27	48183454	64263
chr19	48119191	48319191	harbor1	chr19	48185655	48185704	DNA/hAT-Charlie	870	+	24	48185679	66488
chr19	48119191	48319191	harbor1	chr19	48186008	48186166	DNA/hAT-Charlie	870	+	79	48186087	66896
chr19	5523058	5723058	harbor1	chr19	5603707	5603971	DNA/hAT-Charlie	1055	+	132	5603839	80781
chr19	5523058	5723058	harbor1	chr19	5617591	5617777	DNA/hAT-Charlie	744	+	93	5617684	94626
chr19	10618552	10818552	harbor1	chr19	10674964	10675171	DNA/hAT-Charlie	671	+	104	10675068	56516
chr19	10618552	10818552	harbor1	chr19	10690379	10690577	DNA/hAT-Charlie	677	+	99	10690478	71926
chr19	10618444	10818444	harbor1	chr19	10674964	10675171	DNA/hAT-Charlie	671	+	104	10675068	56624
chr19	10618444	10818444	harbor1	chr19	10690379	10690577	DNA/hAT-Charlie	677	+	99	10690478	72034
chr19	33076653	33276653	harbor1	chr19	33086000	33086168	DNA/hAT-Charlie	739	+	84	33086084	9431
chr19	33076653	33276653	harbor1	chr19	33155748	33155929	DNA/hAT-Charlie	823	+	90	33155838	79185
chr19	5522867	5722867	harbor1	chr19	5603707	5603971	DNA/hAT-Charlie	1055	+	132	5603839	80972
chr19	5522867	5722867	harbor1	chr19	5617591	5617777	DNA/hAT-Charlie	744	+	93	5617684	94817
chr19	48525185	48725185	harbor1	chr19	48525348	48525386	DNA/hAT-Charlie	655	+	19	48525367	182
chr19	48525185	48725185	harbor1	chr19	48525823	48525968	DNA/hAT-Charlie	655	+	72	48525895	710
chr19	48525185	48725185	harbor1	chr19	48526591	48526805	DNA/hAT-Charlie	864	+	107	48526698	1513
chr19	1350393	1550393	harbor1	chr19	1372139	1372343	DNA/hAT-Charlie	647	+	102	1372241	21848
chr19	5489582	5689582	harbor1	chr19	5491661	5491862	DNA/hAT-Charlie	793	+	100	5491761	2179
chr19	5522587	5722587	harbor1	chr19	5603707	5603971	DNA/hAT-Charlie	1055	+	132	5603839	81252
chr19	5522587	5722587	harbor1	chr19	5617591	5617777	DNA/hAT-Charlie	744	+	93	5617684	95097
chr19	10617879	10817879	harbor1	chr19	10674964	10675171	DNA/hAT-Charlie	671	+	104	10675068	57189
chr19	10617879	10817879	harbor1	chr19	10690379	10690577	DNA/hAT-Charlie	677	+	99	10690478	72599
chr19	5518947	5718947	harbor1	chr19	5603707	5603971	DNA/hAT-Charlie	1055	+	132	5603839	84892
chr19	5518947	5718947	harbor1	chr19	5617591	5617777	DNA/hAT-Charlie	744	+	93	5617684	98737
chr19	49751467	49951467	harbor1	chr19	49838175	49839413	DNA/hAT-Charlie	3934	+	619	49838794	87327
chr19	49751467	49951467	harbor1	chr19	49839486	49840475	DNA/hAT-Charlie	3257	+	494	49839980	88513
chr19	49751332	49951332	harbor1	chr19	49838175	49839413	DNA/hAT-Charlie	3934	+	619	49838794	87462
chr19	49751332	49951332	harbor1	chr19	49839486	49840475	DNA/hAT-Charlie	3257	+	494	49839980	88648
chr19	3352627	3552627	harbor1	chr19	3363705	3363907	DNA/hAT-Charlie	690	+	101	3363806	11179
chr19	3352627	3552627	harbor1	chr19	3394645	3394972	DNA/hAT-Charlie	1701	+	164	3394809	42182
chr19	3352627	3552627	harbor1	chr19	3442921	3443124	DNA/hAT-Charlie	881	+	102	3443023	90396
chr19	3352627	3552627	harbor1	chr19	3446310	3446515	DNA/hAT-Charlie	693	+	102	3446412	93785
chr19	3352627	3552627	harbor1	chr19	3450839	3451018	DNA/hAT-Charlie	657	+	90	3450929	98302
chr19	697422	897422	harbor1	chr19	707462	707683	DNA/hAT-Charlie	1285	+	110	707572	10150
chr19	5522894	5722894	harbor1	chr19	5603707	5603971	DNA/hAT-Charlie	1055	+	132	5603839	80945
chr19	5522894	5722894	harbor1	chr19	5617591	5617777	DNA/hAT-Charlie	744	+	93	5617684	94790
chr19	10618447	10818447	harbor1	chr19	10674964	10675171	DNA/hAT-Charlie	671	+	104	10675068	56621
chr19	10618447	10818447	harbor1	chr19	10690379	10690577	DNA/hAT-Charlie	677	+	99	10690478	72031
chr19	16472387	16672387	harbor1	chr19	16507029	16507232	DNA/hAT-Charlie	730	+	102	16507131	34744
chr19	48525114	48725114	harbor1	chr19	48525348	48525386	DNA/hAT-Charlie	655	+	19	48525367	253
chr19	48525114	48725114	harbor1	chr19	48525823	48525968	DNA/hAT-Charlie	655	+	72	48525895	781
chr19	48525114	48725114	harbor1	chr19	48526591	48526805	DNA/hAT-Charlie	864	+	107	48526698	1584
chr19	10618466	10818466	harbor1	chr19	10674964	10675171	DNA/hAT-Charlie	671	+	104	10675068	56602
chr19	10618466	10818466	harbor1	chr19	10690379	10690577	DNA/hAT-Charlie	677	+	99	10690478	72012
chr19	1371013	1571013	harbor1	chr19	1372139	1372343	DNA/hAT-Charlie	647	+	102	1372241	1228
chr19	6729031	6929031	harbor1	chr19	6792759	6792947	DNA/hAT-Charlie	742	+	94	6792853	63822
chr19	39302722	39502722	harbor1	chr19	39344980	39345152	DNA/hAT-Charlie	876	+	86	39345066	42344
chr19	3914974	4114974	harbor1	chr19	3948690	3948889	DNA/hAT-Charlie	712	+	100	3948790	33816
chr19	5599502	5799502	harbor1	chr19	5603707	5603971	DNA/hAT-Charlie	1055	+	132	5603839	4337
chr19	5599502	5799502	harbor1	chr19	5617591	5617777	DNA/hAT-Charlie	744	+	93	5617684	18182
chr19	5521174	5721174	harbor1	chr19	5603707	5603971	DNA/hAT-Charlie	1055	+	132	5603839	82665
chr19	5521174	5721174	harbor1	chr19	5617591	5617777	DNA/hAT-Charlie	744	+	93	5617684	96510
chr19	49767555	49967555	harbor1	chr19	49838175	49839413	DNA/hAT-Charlie	3934	+	619	49838794	71239
chr19	49767555	49967555	harbor1	chr19	49839486	49840475	DNA/hAT-Charlie	3257	+	494	49839980	72425
chr19	968658	1168658	harbor1	chr19	976415	976622	DNA/hAT-Charlie	677	+	104	976519	7861
chr19	39302740	39502740	harbor1	chr19	39344980	39345152	DNA/hAT-Charlie	876	+	86	39345066	42326
chr19	47128433	47328433	harbor1	chr19	47200686	47200855	DNA/hAT-Charlie	744	+	84	47200770	72337
chr19	13953723	14153723	harbor1	chr19	14025440	14025541	DNA/hAT-Charlie	1126	+	50	14025490	71767
chr19	13953723	14153723	harbor1	chr19	14025845	14025950	DNA/hAT-Charlie	1126	+	52	14025897	72174
chr19	13953723	14153723	harbor1	chr19	14026925	14027044	DNA/hAT-Charlie	650	+	60	14026985	73262
chr19	13953723	14153723	harbor1	chr19	14027346	14027407	DNA/hAT-Charlie	650	+	30	14027376	73653
chr19	56018198	56218198	harbor1	chr19	56024830	56025326	DNA/hAT-Charlie	3395	+	248	56025078	6880
chr19	56018198	56218198	harbor1	chr19	56078481	56078667	DNA/hAT-Charlie	1419	+	93	56078574	60376
chr19	10618454	10818454	harbor1	chr19	10674964	10675171	DNA/hAT-Charlie	671	+	104	10675068	56614
chr19	10618454	10818454	harbor1	chr19	10690379	10690577	DNA/hAT-Charlie	677	+	99	10690478	72024
chr19	1350390	1550390	harbor1	chr19	1372139	1372343	DNA/hAT-Charlie	647	+	102	1372241	21851
chr19	3283777	3483777	harbor1	chr19	3350291	3350540	DNA/hAT-Charlie	1045	+	124	3350415	66638
chr19	3283777	3483777	harbor1	chr19	3363705	3363907	DNA/hAT-Charlie	690	+	101	3363806	80029
chr19	208557	408557	harbor1	chr19	244132	244351	DNA/hAT-Charlie	810	+	110	244242	35685
chr19	5522978	5722978	harbor1	chr19	5603707	5603971	DNA/hAT-Charlie	1055	+	132	5603839	80861
chr19	5522978	5722978	harbor1	chr19	5617591	5617777	DNA/hAT-Charlie	744	+	93	5617684	94706
chr19	12938745	13138745	harbor1	chr19	13037729	13037924	DNA/hAT-Charlie	1021	+	98	13037827	99082
chr19	2355470	2555470	harbor1	chr19	2416993	2417183	DNA/hAT-Charlie	804	+	95	2417088	61618
chr19	8313345	8513345	harbor1	chr19	8347808	8348014	DNA/hAT-Charlie	855	+	103	8347911	34566
chr19	9986313	10186313	harbor1	chr19	10085197	10085392	DNA/hAT-Charlie	974	+	98	10085295	98982
chr19	1655603	1855603	harbor1	chr19	1696734	1696902	DNA/hAT-Charlie	683	+	84	1696818	41215
chr19	48525150	48725150	harbor1	chr19	48525348	48525386	DNA/hAT-Charlie	655	+	19	48525367	217
chr19	48525150	48725150	harbor1	chr19	48525823	48525968	DNA/hAT-Charlie	655	+	72	48525895	745
chr19	48525150	48725150	harbor1	chr19	48526591	48526805	DNA/hAT-Charlie	864	+	107	48526698	1548
chr19	18562743	18762743	harbor1	chr19	18562958	18563172	DNA/hAT-Charlie	1374	+	107	18563065	322
chr19	5486235	5686235	harbor1	chr19	5491661	5491862	DNA/hAT-Charlie	793	+	100	5491761	5526
chr19	15191168	15391168	harbor1	chr19	15278143	15278252	DNA/hAT-Charlie	1151	+	54	15278197	87029
chr19	15191168	15391168	harbor1	chr19	15278572	15278777	DNA/hAT-Charlie	1151	+	102	15278674	87506
chr19	48070297	48270297	harbor1	chr19	48101595	48101674	DNA/hAT-Charlie	1099	+	40	48101635	31338
chr19	48070297	48270297	harbor1	chr19	48101975	48102207	DNA/hAT-Charlie	1099	+	116	48102091	31794
chr19	48070297	48270297	harbor1	chr19	48124459	48124734	DNA/hAT-Charlie	1063	+	138	48124597	54300
chr19	48070297	48270297	harbor1	chr19	48152597	48152914	DNA/hAT-Charlie	1480	+	158	48152755	82458
chr19	48070297	48270297	harbor1	chr19	48153214	48153282	DNA/hAT-Charlie	1480	+	34	48153248	82951
chr19	3966014	4166014	harbor1	chr19	4050564	4050815	DNA/hAT-Charlie	790	+	126	4050690	84676
chr19	57091913	57291913	harbor1	chr19	57101000	57101081	DNA/hAT-Charlie	824	+	40	57101040	9127
chr19	57091913	57291913	harbor1	chr19	57101704	57101921	DNA/hAT-Charlie	824	+	108	57101812	9899
chr19	1	171218	harbor1	chr19	68877	69126	DNA/hAT-Charlie	1396	+	124	69001	69000
chr19	1	171218	harbor1	chr19	78654	79040	DNA/hAT-Charlie	1683	+	193	78847	78846
chr19	5522956	5722956	harbor1	chr19	5603707	5603971	DNA/hAT-Charlie	1055	+	132	5603839	80883
chr19	5522956	5722956	harbor1	chr19	5617591	5617777	DNA/hAT-Charlie	744	+	93	5617684	94728
chr19	697388	897388	harbor1	chr19	707462	707683	DNA/hAT-Charlie	1285	+	110	707572	10184
chr19	10618479	10818479	harbor1	chr19	10674964	10675171	DNA/hAT-Charlie	671	+	104	10675068	56589
chr19	10618479	10818479	harbor1	chr19	10690379	10690577	DNA/hAT-Charlie	677	+	99	10690478	71999
chr19	208595	408595	harbor1	chr19	244132	244351	DNA/hAT-Charlie	810	+	110	244242	35647
chr19	45691429	45891429	harbor1	chr19	45715289	45715488	DNA/hAT-Charlie	1020	+	100	45715389	23960
chr19	45691429	45891429	harbor1	chr19	45787175	45787505	DNA/hAT-Charlie	2076	+	165	45787340	95911
chr19	45691429	45891429	harbor1	chr19	45788273	45788453	DNA/hAT-Charlie	684	+	90	45788363	96934
chr19	5522879	5722879	harbor1	chr19	5603707	5603971	DNA/hAT-Charlie	1055	+	132	5603839	80960
chr19	5522879	5722879	harbor1	chr19	5617591	5617777	DNA/hAT-Charlie	744	+	93	5617684	94805
chr19	1857143	2057143	harbor1	chr19	1859796	1860014	DNA/hAT-Charlie	829	+	109	1859905	2762
chr19	3885637	4085637	harbor1	chr19	3948690	3948889	DNA/hAT-Charlie	712	+	100	3948790	63153
chr19	14879556	15079556	harbor1	chr19	14899213	14899415	DNA/hAT-Charlie	751	+	101	14899314	19758
chr19	14879556	15079556	harbor1	chr19	14969736	14969876	DNA/hAT-Charlie	1334	+	70	14969806	90250
chr19	14879556	15079556	harbor1	chr19	14971216	14971300	DNA/hAT-Charlie	1334	+	42	14971258	91702
chr19	14879556	15079556	harbor1	chr19	14977247	14977467	DNA/hAT-Charlie	1232	+	110	14977357	97801
chr19	49751346	49951346	harbor1	chr19	49838175	49839413	DNA/hAT-Charlie	3934	+	619	49838794	87448
chr19	49751346	49951346	harbor1	chr19	49839486	49840475	DNA/hAT-Charlie	3257	+	494	49839980	88634
chr19	5522932	5722932	harbor1	chr19	5603707	5603971	DNA/hAT-Charlie	1055	+	132	5603839	80907
chr19	5522932	5722932	harbor1	chr19	5617591	5617777	DNA/hAT-Charlie	744	+	93	5617684	94752
chr19	5521748	5721748	harbor1	chr19	5603707	5603971	DNA/hAT-Charlie	1055	+	132	5603839	82091
chr19	5521748	5721748	harbor1	chr19	5617591	5617777	DNA/hAT-Charlie	744	+	93	5617684	95936
chr19	49767635	49967635	harbor1	chr19	49838175	49839413	DNA/hAT-Charlie	3934	+	619	49838794	71159
chr19	49767635	49967635	harbor1	chr19	49839486	49840475	DNA/hAT-Charlie	3257	+	494	49839980	72345
chr19	40409980	40609980	harbor1	chr19	40472884	40473058	DNA/hAT-Charlie	832	+	87	40472971	62991
chr19	40409980	40609980	harbor1	chr19	40473657	40473716	DNA/hAT-Charlie	832	+	30	40473687	63707
chr19	1357246	1557246	harbor1	chr19	1372139	1372343	DNA/hAT-Charlie	647	+	102	1372241	14995
chr19	43618908	43818908	harbor1	chr19	43649773	43650008	DNA/hAT-Charlie	1666	+	118	43649891	30983
chr19	43618908	43818908	harbor1	chr19	43650625	43650752	DNA/hAT-Charlie	1666	+	64	43650689	31781
chr19	43618908	43818908	harbor1	chr19	43651050	43651074	DNA/hAT-Charlie	1666	+	12	43651062	32154
chr19	43618908	43818908	harbor1	chr19	43651375	43651437	DNA/hAT-Charlie	1666	+	31	43651406	32498
chr19	43618908	43818908	harbor1	chr19	43651736	43651791	DNA/hAT-Charlie	1666	+	28	43651764	32856
chr19	4001454	4201454	harbor1	chr19	4050564	4050815	DNA/hAT-Charlie	790	+	126	4050690	49236
chr19	49493098	49693098	harbor1	chr19	49563921	49564090	DNA/hAT-Charlie	759	+	84	49564005	70907
chr19	5522069	5722069	harbor1	chr19	5603707	5603971	DNA/hAT-Charlie	1055	+	132	5603839	81770
chr19	5522069	5722069	harbor1	chr19	5617591	5617777	DNA/hAT-Charlie	744	+	93	5617684	95615
chr19	49751423	49951423	harbor1	chr19	49838175	49839413	DNA/hAT-Charlie	3934	+	619	49838794	87371
chr19	49751423	49951423	harbor1	chr19	49839486	49840475	DNA/hAT-Charlie	3257	+	494	49839980	88557
chr19	48525214	48725214	harbor1	chr19	48525348	48525386	DNA/hAT-Charlie	655	+	19	48525367	153
chr19	48525214	48725214	harbor1	chr19	48525823	48525968	DNA/hAT-Charlie	655	+	72	48525895	681
chr19	48525214	48725214	harbor1	chr19	48526591	48526805	DNA/hAT-Charlie	864	+	107	48526698	1484
chr19	45369302	45569302	harbor1	chr19	45431177	45431301	DNA/hAT-Charlie	1171	+	62	45431239	61937
chr19	45369302	45569302	harbor1	chr19	45431899	45431967	DNA/hAT-Charlie	1171	+	34	45431933	62631
chr19	45369302	45569302	harbor1	chr19	45432270	45432283	DNA/hAT-Charlie	1171	+	6	45432276	62974
chr19	45369302	45569302	harbor1	chr19	45432435	45432547	DNA/hAT-Charlie	1171	+	56	45432491	63189
chr19	45659510	45859510	harbor1	chr19	45715289	45715488	DNA/hAT-Charlie	1020	+	100	45715389	55879
chr19	10618504	10818504	harbor1	chr19	10674964	10675171	DNA/hAT-Charlie	671	+	104	10675068	56564
chr19	10618504	10818504	harbor1	chr19	10690379	10690577	DNA/hAT-Charlie	677	+	99	10690478	71974
chr19	15190756	15390756	harbor1	chr19	15278143	15278252	DNA/hAT-Charlie	1151	+	54	15278197	87441
chr19	15190756	15390756	harbor1	chr19	15278572	15278777	DNA/hAT-Charlie	1151	+	102	15278674	87918
chr19	3875961	4075961	harbor1	chr19	3948690	3948889	DNA/hAT-Charlie	712	+	100	3948790	72829
chr19	10617932	10817932	harbor1	chr19	10674964	10675171	DNA/hAT-Charlie	671	+	104	10675068	57136
chr19	10617932	10817932	harbor1	chr19	10690379	10690577	DNA/hAT-Charlie	677	+	99	10690478	72546
chr19	5521798	5721798	harbor1	chr19	5603707	5603971	DNA/hAT-Charlie	1055	+	132	5603839	82041
chr19	5521798	5721798	harbor1	chr19	5617591	5617777	DNA/hAT-Charlie	744	+	93	5617684	95886
chr19	56006815	56206815	harbor1	chr19	56024830	56025326	DNA/hAT-Charlie	3395	+	248	56025078	18263
chr19	56006815	56206815	harbor1	chr19	56078481	56078667	DNA/hAT-Charlie	1419	+	93	56078574	71759
chr19	5677377	5877377	harbor1	chr19	5736212	5736417	DNA/hAT-Charlie	951	+	102	5736314	58937
chr19	10618445	10818445	harbor1	chr19	10674964	10675171	DNA/hAT-Charlie	671	+	104	10675068	56623
chr19	10618445	10818445	harbor1	chr19	10690379	10690577	DNA/hAT-Charlie	677	+	99	10690478	72033
chr19	5521791	5721791	harbor1	chr19	5603707	5603971	DNA/hAT-Charlie	1055	+	132	5603839	82048
chr19	5521791	5721791	harbor1	chr19	5617591	5617777	DNA/hAT-Charlie	744	+	93	5617684	95893
chr19	13407605	13607605	harbor1	chr19	13426333	13426544	DNA/hAT-Charlie	1035	+	106	13426439	18834
chr19	13407605	13607605	harbor1	chr19	13479876	13480065	DNA/hAT-Charlie	765	+	94	13479970	72365
chr19	13407605	13607605	harbor1	chr19	13488882	13488993	DNA/hAT-Charlie	674	+	56	13488938	81333
chr19	13407605	13607605	harbor1	chr19	13489310	13489363	DNA/hAT-Charlie	674	+	26	13489336	81731
chr19	10617962	10817962	harbor1	chr19	10674964	10675171	DNA/hAT-Charlie	671	+	104	10675068	57106
chr19	10617962	10817962	harbor1	chr19	10690379	10690577	DNA/hAT-Charlie	677	+	99	10690478	72516
chr19	3964984	4164984	harbor1	chr19	4050564	4050815	DNA/hAT-Charlie	790	+	126	4050690	85706
chr19	48524511	48724511	harbor1	chr19	48524873	48525035	DNA/hAT-Charlie	655	+	81	48524954	443
chr19	48524511	48724511	harbor1	chr19	48525348	48525386	DNA/hAT-Charlie	655	+	19	48525367	856
chr19	48524511	48724511	harbor1	chr19	48525823	48525968	DNA/hAT-Charlie	655	+	72	48525895	1384
chr19	48524511	48724511	harbor1	chr19	48526591	48526805	DNA/hAT-Charlie	864	+	107	48526698	2187
chr20	62865629	63065629	harbor1	chr20	62920611	62920896	DNA/hAT-Charlie	679	+	142	62920753	55124
chr20	62865629	63065629	harbor1	chr20	62921195	62921356	DNA/hAT-Charlie	679	+	80	62921275	55646
chr20	2740631	2940631	harbor1	chr20	2808049	2808121	DNA/hAT-Charlie	520	+	36	2808085	67454
chr20	2740631	2940631	harbor1	chr20	2808451	2808510	DNA/hAT-Charlie	520	+	30	2808481	67850
chr20	2740631	2940631	harbor1	chr20	2808743	2808778	DNA/hAT-Charlie	520	+	18	2808761	68130
chr20	2740631	2940631	harbor1	chr20	2819467	2819576	DNA/hAT-Charlie	693	+	54	2819521	78890
chr20	2740631	2940631	harbor1	chr20	2819876	2819931	DNA/hAT-Charlie	693	+	28	2819904	79273
chr20	2740631	2940631	harbor1	chr20	2830703	2830829	DNA/hAT-Charlie	994	+	63	2830766	90135
chr20	2740631	2940631	harbor1	chr20	2831801	2832316	DNA/hAT-Charlie	994	+	258	2832059	91428
chr20	2740631	2940631	harbor1	chr20	2832622	2832745	DNA/hAT-Charlie	994	+	62	2832684	92053
chr20	20267099	20467099	harbor1	chr20	20287334	20287527	DNA/hAT-Charlie	1027	+	96	20287430	20331
chr20	20267099	20467099	harbor1	chr20	20336142	20336353	DNA/hAT-Charlie	598	+	106	20336248	69149
chr20	4586466	4786466	harbor1	chr20	4588080	4588247	DNA/hAT-Charlie	1542	+	84	4588164	1698
chr20	4586466	4786466	harbor1	chr20	4640729	4641058	DNA/hAT-Charlie	2046	+	164	4640893	54427
chr20	4586466	4786466	harbor1	chr20	4650514	4650670	DNA/hAT-Charlie	880	+	78	4650592	64126
chr20	4586466	4786466	harbor1	chr20	4674030	4674148	DNA/hAT-Charlie	549	+	59	4674089	87623
chr20	4586466	4786466	harbor1	chr20	4682004	4682181	DNA/hAT-Charlie	975	+	88	4682092	95626
chr20	4586466	4786466	harbor1	chr20	4587464	4587785	DNA/hAT-Charlie	1542	+	160	4587624	1158
chr20	2738370	2938370	harbor1	chr20	2808049	2808121	DNA/hAT-Charlie	520	+	36	2808085	69715
chr20	2738370	2938370	harbor1	chr20	2808451	2808510	DNA/hAT-Charlie	520	+	30	2808481	70111
chr20	2738370	2938370	harbor1	chr20	2808743	2808778	DNA/hAT-Charlie	520	+	18	2808761	70391
chr20	2738370	2938370	harbor1	chr20	2819467	2819576	DNA/hAT-Charlie	693	+	54	2819521	81151
chr20	2738370	2938370	harbor1	chr20	2819876	2819931	DNA/hAT-Charlie	693	+	28	2819904	81534
chr20	2738370	2938370	harbor1	chr20	2830703	2830829	DNA/hAT-Charlie	994	+	63	2830766	92396
chr20	2738370	2938370	harbor1	chr20	2831801	2832316	DNA/hAT-Charlie	994	+	258	2832059	93689
chr20	2738370	2938370	harbor1	chr20	2832622	2832745	DNA/hAT-Charlie	994	+	62	2832684	94314
chr20	62118483	62318483	harbor1	chr20	62185652	62185815	DNA/hAT-Charlie	499	+	82	62185734	67251
chr20	31622218	31822218	harbor1	chr20	31659347	31659527	DNA/hAT-Charlie	479	+	90	31659437	37219
chr20	31622218	31822218	harbor1	chr20	31660235	31660527	DNA/hAT-Charlie	737	+	146	31660381	38163
chr20	31622218	31822218	harbor1	chr20	31671672	31671786	DNA/hAT-Charlie	516	+	57	31671729	49511
chr20	31622218	31822218	harbor1	chr20	31692032	31692220	DNA/hAT-Charlie	1039	+	94	31692126	69908
chr20	10574027	10774027	harbor1	chr20	10590884	10591176	DNA/hAT-Charlie	539	+	146	10591030	17003
chr20	10574027	10774027	harbor1	chr20	10614839	10615139	DNA/hAT-Charlie	964	+	150	10614989	40962
chr20	10574027	10774027	harbor1	chr20	10644141	10644275	DNA/hAT-Charlie	803	+	67	10644208	70181
chr20	10574027	10774027	harbor1	chr20	10655437	10655557	DNA/hAT-Charlie	571	+	60	10655497	81470
chr20	61877239	62077239	harbor1	chr20	61883348	61883541	DNA/hAT-Charlie	474	+	96	61883444	6205
chr20	34691570	34891570	harbor1	chr20	34728399	34728601	DNA/hAT-Charlie	1135	+	101	34728500	36930
chr20	34691570	34891570	harbor1	chr20	34754285	34754494	DNA/hAT-Charlie	822	+	104	34754389	62819
chr20	34691570	34891570	harbor1	chr20	34758396	34758601	DNA/hAT-Charlie	734	+	102	34758498	66928
chr20	34691570	34891570	harbor1	chr20	34765588	34765799	DNA/hAT-Charlie	1245	+	106	34765694	74124
chr20	34691570	34891570	harbor1	chr20	34773039	34773256	DNA/hAT-Charlie	1064	+	108	34773147	81577
chr20	34903595	35103595	harbor1	chr20	34904878	34904905	DNA/hAT-Charlie	552	+	14	34904892	1297
chr20	34903595	35103595	harbor1	chr20	34905217	34905262	DNA/hAT-Charlie	552	+	22	34905239	1644
chr20	34903595	35103595	harbor1	chr20	34905560	34905821	DNA/hAT-Charlie	552	+	130	34905690	2095
chr20	34725628	34925628	harbor1	chr20	34728399	34728601	DNA/hAT-Charlie	1135	+	101	34728500	2872
chr20	34725628	34925628	harbor1	chr20	34754285	34754494	DNA/hAT-Charlie	822	+	104	34754389	28761
chr20	34725628	34925628	harbor1	chr20	34758396	34758601	DNA/hAT-Charlie	734	+	102	34758498	32870
chr20	34725628	34925628	harbor1	chr20	34765588	34765799	DNA/hAT-Charlie	1245	+	106	34765694	40066
chr20	34725628	34925628	harbor1	chr20	34773039	34773256	DNA/hAT-Charlie	1064	+	108	34773147	47519
chr20	34725628	34925628	harbor1	chr20	34808412	34808436	DNA/hAT-Charlie	594	+	12	34808424	82796
chr20	34725628	34925628	harbor1	chr20	34808738	34808905	DNA/hAT-Charlie	594	+	84	34808822	83194
chr20	34725628	34925628	harbor1	chr20	34822763	34823191	DNA/hAT-Charlie	1732	+	214	34822977	97349
chr20	59094495	59294495	harbor1	chr20	59105129	59105294	DNA/hAT-Charlie	728	+	82	59105211	10716
chr20	59094495	59294495	harbor1	chr20	59145361	59145525	DNA/hAT-Charlie	764	+	82	59145443	50948
chr20	50091428	50291428	harbor1	chr20	50092367	50092591	DNA/hAT-Charlie	644	+	112	50092479	1051
chr20	50091428	50291428	harbor1	chr20	50098703	50098907	DNA/hAT-Charlie	472	+	102	50098805	7377
chr20	50091428	50291428	harbor1	chr20	50107173	50107335	DNA/hAT-Charlie	596	+	81	50107254	15826
chr20	50091428	50291428	harbor1	chr20	50165637	50165856	DNA/hAT-Charlie	1275	+	110	50165747	74319
chr20	1018874	1218874	harbor1	chr20	1040119	1040605	DNA/hAT-Charlie	648	+	243	1040362	21488
chr20	1018874	1218874	harbor1	chr20	1085118	1085243	DNA/hAT-Charlie	595	+	62	1085180	66306
chr20	34774774	34974774	harbor1	chr20	34808412	34808436	DNA/hAT-Charlie	594	+	12	34808424	33650
chr20	34774774	34974774	harbor1	chr20	34808738	34808905	DNA/hAT-Charlie	594	+	84	34808822	34048
chr20	34774774	34974774	harbor1	chr20	34822763	34823191	DNA/hAT-Charlie	1732	+	214	34822977	48203
chr20	34774774	34974774	harbor1	chr20	34843378	34843549	DNA/hAT-Charlie	870	+	86	34843464	68690
chr20	34774774	34974774	harbor1	chr20	34847512	34847809	DNA/hAT-Charlie	1180	+	148	34847660	72886
chr20	34774774	34974774	harbor1	chr20	34848108	34848229	DNA/hAT-Charlie	1180	+	60	34848168	73394
chr20	24506534	24706534	harbor1	chr20	24527736	24527911	DNA/hAT-Charlie	728	+	88	24527824	21290
chr20	4586441	4786441	harbor1	chr20	4588080	4588247	DNA/hAT-Charlie	1542	+	84	4588164	1723
chr20	4586441	4786441	harbor1	chr20	4640729	4641058	DNA/hAT-Charlie	2046	+	164	4640893	54452
chr20	4586441	4786441	harbor1	chr20	4650514	4650670	DNA/hAT-Charlie	880	+	78	4650592	64151
chr20	4586441	4786441	harbor1	chr20	4674030	4674148	DNA/hAT-Charlie	549	+	59	4674089	87648
chr20	4586441	4786441	harbor1	chr20	4682004	4682181	DNA/hAT-Charlie	975	+	88	4682092	95651
chr20	4586441	4786441	harbor1	chr20	4587464	4587785	DNA/hAT-Charlie	1542	+	160	4587624	1183
chr20	1018826	1218826	harbor1	chr20	1040119	1040605	DNA/hAT-Charlie	648	+	243	1040362	21536
chr20	1018826	1218826	harbor1	chr20	1085118	1085243	DNA/hAT-Charlie	595	+	62	1085180	66354
chr20	63437341	63637341	harbor1	chr20	63480368	63480581	DNA/hAT-Charlie	655	+	106	63480474	43133
chr20	9473828	9673828	harbor1	chr20	9487361	9487781	DNA/hAT-Charlie	1336	+	210	9487571	13743
chr20	9473828	9673828	harbor1	chr20	9492138	9492466	DNA/hAT-Charlie	1288	+	164	9492302	18474
chr20	9473828	9673828	harbor1	chr20	9500391	9500577	DNA/hAT-Charlie	984	+	93	9500484	26656
chr20	9473828	9673828	harbor1	chr20	9503481	9503599	DNA/hAT-Charlie	1075	+	59	9503540	29712
chr20	9473828	9673828	harbor1	chr20	9504523	9504712	DNA/hAT-Charlie	1075	+	94	9504617	30789
chr20	9473828	9673828	harbor1	chr20	9504761	9504879	DNA/hAT-Charlie	495	+	59	9504820	30992
chr20	9473828	9673828	harbor1	chr20	9523882	9524129	DNA/hAT-Charlie	1124	+	124	9524006	50178
chr20	9473828	9673828	harbor1	chr20	9524148	9524311	DNA/hAT-Charlie	521	+	82	9524230	50402
chr20	9473828	9673828	harbor1	chr20	9524322	9524520	DNA/hAT-Charlie	502	+	99	9524421	50593
chr20	9473828	9673828	harbor1	chr20	9533792	9534171	DNA/hAT-Charlie	1374	+	190	9533982	60154
chr20	9473828	9673828	harbor1	chr20	9547730	9547888	DNA/hAT-Charlie	719	+	79	9547809	73981
chr20	9473828	9673828	harbor1	chr20	9561862	9562019	DNA/hAT-Charlie	728	+	78	9561940	88112
chr20	9473828	9673828	harbor1	chr20	9551730	9551881	DNA/hAT-Charlie	700	+	76	9551806	77978
chr20	62871332	63071332	harbor1	chr20	62920611	62920896	DNA/hAT-Charlie	679	+	142	62920753	49421
chr20	62871332	63071332	harbor1	chr20	62921195	62921356	DNA/hAT-Charlie	679	+	80	62921275	49943
chr20	34724799	34924799	harbor1	chr20	34728399	34728601	DNA/hAT-Charlie	1135	+	101	34728500	3701
chr20	34724799	34924799	harbor1	chr20	34754285	34754494	DNA/hAT-Charlie	822	+	104	34754389	29590
chr20	34724799	34924799	harbor1	chr20	34758396	34758601	DNA/hAT-Charlie	734	+	102	34758498	33699
chr20	34724799	34924799	harbor1	chr20	34765588	34765799	DNA/hAT-Charlie	1245	+	106	34765694	40895
chr20	34724799	34924799	harbor1	chr20	34773039	34773256	DNA/hAT-Charlie	1064	+	108	34773147	48348
chr20	34724799	34924799	harbor1	chr20	34808412	34808436	DNA/hAT-Charlie	594	+	12	34808424	83625
chr20	34724799	34924799	harbor1	chr20	34808738	34808905	DNA/hAT-Charlie	594	+	84	34808822	84023
chr20	34724799	34924799	harbor1	chr20	34822763	34823191	DNA/hAT-Charlie	1732	+	214	34822977	98178
chr20	50269776	50469776	harbor1	chr20	50281225	50281446	DNA/hAT-Charlie	1167	+	110	50281335	11559
chr20	50269776	50469776	harbor1	chr20	50304830	50305111	DNA/hAT-Charlie	619	+	140	50304970	35194
chr20	50269776	50469776	harbor1	chr20	50314174	50314427	DNA/hAT-Charlie	734	+	126	50314300	44524
chr20	50269776	50469776	harbor1	chr20	50315450	50315700	DNA/hAT-Charlie	796	+	125	50315575	45799
chr20	50269776	50469776	harbor1	chr20	50318911	50319191	DNA/hAT-Charlie	968	+	140	50319051	49275
chr20	50269776	50469776	harbor1	chr20	50341803	50342087	DNA/hAT-Charlie	813	+	142	50341945	72169
chr20	50269776	50469776	harbor1	chr20	50342261	50342478	DNA/hAT-Charlie	1030	+	108	50342369	72593
chr20	50269776	50469776	harbor1	chr20	50364935	50365152	DNA/hAT-Charlie	1390	+	108	50365043	95267
chr20	34904865	35104865	harbor1	chr20	34904878	34904905	DNA/hAT-Charlie	552	+	14	34904892	27
chr20	34904865	35104865	harbor1	chr20	34905217	34905262	DNA/hAT-Charlie	552	+	22	34905239	374
chr20	34904865	35104865	harbor1	chr20	34905560	34905821	DNA/hAT-Charlie	552	+	130	34905690	825
chr20	34881332	35081332	harbor1	chr20	34904878	34904905	DNA/hAT-Charlie	552	+	14	34904892	23560
chr20	34881332	35081332	harbor1	chr20	34905217	34905262	DNA/hAT-Charlie	552	+	22	34905239	23907
chr20	34881332	35081332	harbor1	chr20	34905560	34905821	DNA/hAT-Charlie	552	+	130	34905690	24358
chr20	3104416	3304416	harbor1	chr20	3106468	3106602	DNA/hAT-Charlie	653	+	67	3106535	2119
chr20	3104416	3304416	harbor1	chr20	3127405	3127780	DNA/hAT-Charlie	1325	+	188	3127593	23177
chr20	3104416	3304416	harbor1	chr20	3135557	3135812	DNA/hAT-Charlie	676	+	128	3135685	31269
chr20	3104416	3304416	harbor1	chr20	3151249	3151463	DNA/hAT-Charlie	922	+	107	3151356	46940
chr20	3104416	3304416	harbor1	chr20	3159292	3159401	DNA/hAT-Charlie	498	+	54	3159346	54930
chr20	40589446	40789446	harbor1	chr20	40618708	40619042	DNA/hAT-Charlie	1409	+	167	40618875	29429
chr20	40589446	40789446	harbor1	chr20	40634861	40635047	DNA/hAT-Charlie	915	+	93	40634954	45508
chr20	34725642	34925642	harbor1	chr20	34728399	34728601	DNA/hAT-Charlie	1135	+	101	34728500	2858
chr20	34725642	34925642	harbor1	chr20	34754285	34754494	DNA/hAT-Charlie	822	+	104	34754389	28747
chr20	34725642	34925642	harbor1	chr20	34758396	34758601	DNA/hAT-Charlie	734	+	102	34758498	32856
chr20	34725642	34925642	harbor1	chr20	34765588	34765799	DNA/hAT-Charlie	1245	+	106	34765694	40052
chr20	34725642	34925642	harbor1	chr20	34773039	34773256	DNA/hAT-Charlie	1064	+	108	34773147	47505
chr20	34725642	34925642	harbor1	chr20	34808412	34808436	DNA/hAT-Charlie	594	+	12	34808424	82782
chr20	34725642	34925642	harbor1	chr20	34808738	34808905	DNA/hAT-Charlie	594	+	84	34808822	83180
chr20	34725642	34925642	harbor1	chr20	34822763	34823191	DNA/hAT-Charlie	1732	+	214	34822977	97335
chr20	34725595	34925595	harbor1	chr20	34728399	34728601	DNA/hAT-Charlie	1135	+	101	34728500	2905
chr20	34725595	34925595	harbor1	chr20	34754285	34754494	DNA/hAT-Charlie	822	+	104	34754389	28794
chr20	34725595	34925595	harbor1	chr20	34758396	34758601	DNA/hAT-Charlie	734	+	102	34758498	32903
chr20	34725595	34925595	harbor1	chr20	34765588	34765799	DNA/hAT-Charlie	1245	+	106	34765694	40099
chr20	34725595	34925595	harbor1	chr20	34773039	34773256	DNA/hAT-Charlie	1064	+	108	34773147	47552
chr20	34725595	34925595	harbor1	chr20	34808412	34808436	DNA/hAT-Charlie	594	+	12	34808424	82829
chr20	34725595	34925595	harbor1	chr20	34808738	34808905	DNA/hAT-Charlie	594	+	84	34808822	83227
chr20	34725595	34925595	harbor1	chr20	34822763	34823191	DNA/hAT-Charlie	1732	+	214	34822977	97382
chr20	34725630	34925630	harbor1	chr20	34728399	34728601	DNA/hAT-Charlie	1135	+	101	34728500	2870
chr20	34725630	34925630	harbor1	chr20	34754285	34754494	DNA/hAT-Charlie	822	+	104	34754389	28759
chr20	34725630	34925630	harbor1	chr20	34758396	34758601	DNA/hAT-Charlie	734	+	102	34758498	32868
chr20	34725630	34925630	harbor1	chr20	34765588	34765799	DNA/hAT-Charlie	1245	+	106	34765694	40064
chr20	34725630	34925630	harbor1	chr20	34773039	34773256	DNA/hAT-Charlie	1064	+	108	34773147	47517
chr20	34725630	34925630	harbor1	chr20	34808412	34808436	DNA/hAT-Charlie	594	+	12	34808424	82794
chr20	34725630	34925630	harbor1	chr20	34808738	34808905	DNA/hAT-Charlie	594	+	84	34808822	83192
chr20	34725630	34925630	harbor1	chr20	34822763	34823191	DNA/hAT-Charlie	1732	+	214	34822977	97347
chr20	63437464	63637464	harbor1	chr20	63480368	63480581	DNA/hAT-Charlie	655	+	106	63480474	43010
chr20	34904910	35104910	harbor1	chr20	34905217	34905262	DNA/hAT-Charlie	552	+	22	34905239	329
chr20	34904910	35104910	harbor1	chr20	34905560	34905821	DNA/hAT-Charlie	552	+	130	34905690	780
chr20	1018844	1218844	harbor1	chr20	1040119	1040605	DNA/hAT-Charlie	648	+	243	1040362	21518
chr20	1018844	1218844	harbor1	chr20	1085118	1085243	DNA/hAT-Charlie	595	+	62	1085180	66336
chr20	9473814	9673814	harbor1	chr20	9487361	9487781	DNA/hAT-Charlie	1336	+	210	9487571	13757
chr20	9473814	9673814	harbor1	chr20	9492138	9492466	DNA/hAT-Charlie	1288	+	164	9492302	18488
chr20	9473814	9673814	harbor1	chr20	9500391	9500577	DNA/hAT-Charlie	984	+	93	9500484	26670
chr20	9473814	9673814	harbor1	chr20	9503481	9503599	DNA/hAT-Charlie	1075	+	59	9503540	29726
chr20	9473814	9673814	harbor1	chr20	9504523	9504712	DNA/hAT-Charlie	1075	+	94	9504617	30803
chr20	9473814	9673814	harbor1	chr20	9504761	9504879	DNA/hAT-Charlie	495	+	59	9504820	31006
chr20	9473814	9673814	harbor1	chr20	9523882	9524129	DNA/hAT-Charlie	1124	+	124	9524006	50192
chr20	9473814	9673814	harbor1	chr20	9524148	9524311	DNA/hAT-Charlie	521	+	82	9524230	50416
chr20	9473814	9673814	harbor1	chr20	9524322	9524520	DNA/hAT-Charlie	502	+	99	9524421	50607
chr20	9473814	9673814	harbor1	chr20	9533792	9534171	DNA/hAT-Charlie	1374	+	190	9533982	60168
chr20	9473814	9673814	harbor1	chr20	9547730	9547888	DNA/hAT-Charlie	719	+	79	9547809	73995
chr20	9473814	9673814	harbor1	chr20	9561862	9562019	DNA/hAT-Charlie	728	+	78	9561940	88126
chr20	9473814	9673814	harbor1	chr20	9551730	9551881	DNA/hAT-Charlie	700	+	76	9551806	77992
chr20	2740701	2940701	harbor1	chr20	2808049	2808121	DNA/hAT-Charlie	520	+	36	2808085	67384
chr20	2740701	2940701	harbor1	chr20	2808451	2808510	DNA/hAT-Charlie	520	+	30	2808481	67780
chr20	2740701	2940701	harbor1	chr20	2808743	2808778	DNA/hAT-Charlie	520	+	18	2808761	68060
chr20	2740701	2940701	harbor1	chr20	2819467	2819576	DNA/hAT-Charlie	693	+	54	2819521	78820
chr20	2740701	2940701	harbor1	chr20	2819876	2819931	DNA/hAT-Charlie	693	+	28	2819904	79203
chr20	2740701	2940701	harbor1	chr20	2830703	2830829	DNA/hAT-Charlie	994	+	63	2830766	90065
chr20	2740701	2940701	harbor1	chr20	2831801	2832316	DNA/hAT-Charlie	994	+	258	2832059	91358
chr20	2740701	2940701	harbor1	chr20	2832622	2832745	DNA/hAT-Charlie	994	+	62	2832684	91983
chr20	34725651	34925651	harbor1	chr20	34728399	34728601	DNA/hAT-Charlie	1135	+	101	34728500	2849
chr20	34725651	34925651	harbor1	chr20	34754285	34754494	DNA/hAT-Charlie	822	+	104	34754389	28738
chr20	34725651	34925651	harbor1	chr20	34758396	34758601	DNA/hAT-Charlie	734	+	102	34758498	32847
chr20	34725651	34925651	harbor1	chr20	34765588	34765799	DNA/hAT-Charlie	1245	+	106	34765694	40043
chr20	34725651	34925651	harbor1	chr20	34773039	34773256	DNA/hAT-Charlie	1064	+	108	34773147	47496
chr20	34725651	34925651	harbor1	chr20	34808412	34808436	DNA/hAT-Charlie	594	+	12	34808424	82773
chr20	34725651	34925651	harbor1	chr20	34808738	34808905	DNA/hAT-Charlie	594	+	84	34808822	83171
chr20	34725651	34925651	harbor1	chr20	34822763	34823191	DNA/hAT-Charlie	1732	+	214	34822977	97326
chr20	21818076	22018076	harbor1	chr20	21821540	21821721	DNA/hAT-Charlie	639	+	90	21821630	3554
chr20	21818076	22018076	harbor1	chr20	21875369	21875554	DNA/hAT-Charlie	882	+	92	21875461	57385
chr20	63471550	63671550	harbor1	chr20	63480368	63480581	DNA/hAT-Charlie	655	+	106	63480474	8924
chr20	2740649	2940649	harbor1	chr20	2808049	2808121	DNA/hAT-Charlie	520	+	36	2808085	67436
chr20	2740649	2940649	harbor1	chr20	2808451	2808510	DNA/hAT-Charlie	520	+	30	2808481	67832
chr20	2740649	2940649	harbor1	chr20	2808743	2808778	DNA/hAT-Charlie	520	+	18	2808761	68112
chr20	2740649	2940649	harbor1	chr20	2819467	2819576	DNA/hAT-Charlie	693	+	54	2819521	78872
chr20	2740649	2940649	harbor1	chr20	2819876	2819931	DNA/hAT-Charlie	693	+	28	2819904	79255
chr20	2740649	2940649	harbor1	chr20	2830703	2830829	DNA/hAT-Charlie	994	+	63	2830766	90117
chr20	2740649	2940649	harbor1	chr20	2831801	2832316	DNA/hAT-Charlie	994	+	258	2832059	91410
chr20	2740649	2940649	harbor1	chr20	2832622	2832745	DNA/hAT-Charlie	994	+	62	2832684	92035
chr20	2740637	2940637	harbor1	chr20	2808049	2808121	DNA/hAT-Charlie	520	+	36	2808085	67448
chr20	2740637	2940637	harbor1	chr20	2808451	2808510	DNA/hAT-Charlie	520	+	30	2808481	67844
chr20	2740637	2940637	harbor1	chr20	2808743	2808778	DNA/hAT-Charlie	520	+	18	2808761	68124
chr20	2740637	2940637	harbor1	chr20	2819467	2819576	DNA/hAT-Charlie	693	+	54	2819521	78884
chr20	2740637	2940637	harbor1	chr20	2819876	2819931	DNA/hAT-Charlie	693	+	28	2819904	79267
chr20	2740637	2940637	harbor1	chr20	2830703	2830829	DNA/hAT-Charlie	994	+	63	2830766	90129
chr20	2740637	2940637	harbor1	chr20	2831801	2832316	DNA/hAT-Charlie	994	+	258	2832059	91422
chr20	2740637	2940637	harbor1	chr20	2832622	2832745	DNA/hAT-Charlie	994	+	62	2832684	92047
chr20	11791069	11991069	harbor1	chr20	11847949	11848147	DNA/hAT-Charlie	722	+	99	11848048	56979
chr20	11791069	11991069	harbor1	chr20	11882809	11883057	DNA/hAT-Charlie	1082	+	124	11882933	91864
chr20	63472070	63672070	harbor1	chr20	63480368	63480581	DNA/hAT-Charlie	655	+	106	63480474	8404
chr20	34903951	35103951	harbor1	chr20	34904878	34904905	DNA/hAT-Charlie	552	+	14	34904892	941
chr20	34903951	35103951	harbor1	chr20	34905217	34905262	DNA/hAT-Charlie	552	+	22	34905239	1288
chr20	34903951	35103951	harbor1	chr20	34905560	34905821	DNA/hAT-Charlie	552	+	130	34905690	1739
chr20	21614820	21814820	harbor1	chr20	21625863	21625969	DNA/hAT-Charlie	474	+	53	21625916	11096
chr20	21614820	21814820	harbor1	chr20	21633328	21633818	DNA/hAT-Charlie	1729	+	245	21633573	18753
chr20	21614820	21814820	harbor1	chr20	21646285	21646384	DNA/hAT-Charlie	480	+	50	21646335	31515
chr20	21614820	21814820	harbor1	chr20	21698976	21699150	DNA/hAT-Charlie	827	+	87	21699063	84243
chr20	62295544	62495544	harbor1	chr20	62343028	62343244	DNA/hAT-Charlie	776	+	108	62343136	47592
chr20	61877182	62077182	harbor1	chr20	61883348	61883541	DNA/hAT-Charlie	474	+	96	61883444	6262
chr20	34725603	34925603	harbor1	chr20	34728399	34728601	DNA/hAT-Charlie	1135	+	101	34728500	2897
chr20	34725603	34925603	harbor1	chr20	34754285	34754494	DNA/hAT-Charlie	822	+	104	34754389	28786
chr20	34725603	34925603	harbor1	chr20	34758396	34758601	DNA/hAT-Charlie	734	+	102	34758498	32895
chr20	34725603	34925603	harbor1	chr20	34765588	34765799	DNA/hAT-Charlie	1245	+	106	34765694	40091
chr20	34725603	34925603	harbor1	chr20	34773039	34773256	DNA/hAT-Charlie	1064	+	108	34773147	47544
chr20	34725603	34925603	harbor1	chr20	34808412	34808436	DNA/hAT-Charlie	594	+	12	34808424	82821
chr20	34725603	34925603	harbor1	chr20	34808738	34808905	DNA/hAT-Charlie	594	+	84	34808822	83219
chr20	34725603	34925603	harbor1	chr20	34822763	34823191	DNA/hAT-Charlie	1732	+	214	34822977	97374
chr20	4586511	4786511	harbor1	chr20	4588080	4588247	DNA/hAT-Charlie	1542	+	84	4588164	1653
chr20	4586511	4786511	harbor1	chr20	4640729	4641058	DNA/hAT-Charlie	2046	+	164	4640893	54382
chr20	4586511	4786511	harbor1	chr20	4650514	4650670	DNA/hAT-Charlie	880	+	78	4650592	64081
chr20	4586511	4786511	harbor1	chr20	4674030	4674148	DNA/hAT-Charlie	549	+	59	4674089	87578
chr20	4586511	4786511	harbor1	chr20	4682004	4682181	DNA/hAT-Charlie	975	+	88	4682092	95581
chr20	4586511	4786511	harbor1	chr20	4587464	4587785	DNA/hAT-Charlie	1542	+	160	4587624	1113
chr20	50269786	50469786	harbor1	chr20	50281225	50281446	DNA/hAT-Charlie	1167	+	110	50281335	11549
chr20	50269786	50469786	harbor1	chr20	50304830	50305111	DNA/hAT-Charlie	619	+	140	50304970	35184
chr20	50269786	50469786	harbor1	chr20	50314174	50314427	DNA/hAT-Charlie	734	+	126	50314300	44514
chr20	50269786	50469786	harbor1	chr20	50315450	50315700	DNA/hAT-Charlie	796	+	125	50315575	45789
chr20	50269786	50469786	harbor1	chr20	50318911	50319191	DNA/hAT-Charlie	968	+	140	50319051	49265
chr20	50269786	50469786	harbor1	chr20	50341803	50342087	DNA/hAT-Charlie	813	+	142	50341945	72159
chr20	50269786	50469786	harbor1	chr20	50342261	50342478	DNA/hAT-Charlie	1030	+	108	50342369	72583
chr20	50269786	50469786	harbor1	chr20	50364935	50365152	DNA/hAT-Charlie	1390	+	108	50365043	95257
chr21	14337898	14537898	harbor1	chr21	14350811	14351056	DNA/hAT-Charlie	442	+	122	14350933	13035
chr21	14337898	14537898	harbor1	chr21	14376965	14377177	DNA/hAT-Charlie	1083	+	106	14377071	39173
chr21	29198992	29398992	harbor1	chr21	29204820	29204990	DNA/hAT-Charlie	830	+	85	29204905	5913
chr21	29198992	29398992	harbor1	chr21	29207057	29207216	DNA/hAT-Charlie	643	+	80	29207137	8145
chr21	29198992	29398992	harbor1	chr21	29268249	29268416	DNA/hAT-Charlie	561	+	84	29268333	69341
chr21	29198992	29398992	harbor1	chr21	29272253	29272581	DNA/hAT-Charlie	863	+	164	29272417	73425
chr21	44718448	44918448	harbor1	chr21	44740017	44740264	DNA/hAT-Charlie	472	+	124	44740141	21693
chr21	44718448	44918448	harbor1	chr21	44748782	44748959	DNA/hAT-Charlie	505	+	88	44748870	30422
chr21	43620271	43820271	harbor1	chr21	43649821	43650154	DNA/hAT-Charlie	935	+	166	43649987	29716
chr21	43620271	43820271	harbor1	chr21	43670586	43670785	DNA/hAT-Charlie	1262	+	100	43670686	50415
chr21	43620271	43820271	harbor1	chr21	43675737	43675843	DNA/hAT-Charlie	1142	+	53	43675790	55519
chr21	43620271	43820271	harbor1	chr21	43675899	43675999	DNA/hAT-Charlie	1142	+	50	43675949	55678
chr21	43620271	43820271	harbor1	chr21	43689129	43689277	DNA/hAT-Charlie	498	+	74	43689203	68932
chr21	41040224	41240224	harbor1	chr21	41046922	41047090	DNA/hAT-Charlie	572	+	84	41047006	6782
chr21	41040224	41240224	harbor1	chr21	41092936	41093109	DNA/hAT-Charlie	724	+	86	41093022	52798
chr21	29198971	29398971	harbor1	chr21	29204820	29204990	DNA/hAT-Charlie	830	+	85	29204905	5934
chr21	29198971	29398971	harbor1	chr21	29207057	29207216	DNA/hAT-Charlie	643	+	80	29207137	8166
chr21	29198971	29398971	harbor1	chr21	29268249	29268416	DNA/hAT-Charlie	561	+	84	29268333	69362
chr21	29198971	29398971	harbor1	chr21	29272253	29272581	DNA/hAT-Charlie	863	+	164	29272417	73446
chr21	29198960	29398960	harbor1	chr21	29204820	29204990	DNA/hAT-Charlie	830	+	85	29204905	5945
chr21	29198960	29398960	harbor1	chr21	29207057	29207216	DNA/hAT-Charlie	643	+	80	29207137	8177
chr21	29198960	29398960	harbor1	chr21	29268249	29268416	DNA/hAT-Charlie	561	+	84	29268333	69373
chr21	29198960	29398960	harbor1	chr21	29272253	29272581	DNA/hAT-Charlie	863	+	164	29272417	73457
chr21	14337849	14537849	harbor1	chr21	14350811	14351056	DNA/hAT-Charlie	442	+	122	14350933	13084
chr21	14337849	14537849	harbor1	chr21	14376965	14377177	DNA/hAT-Charlie	1083	+	106	14377071	39222
chr21	42595318	42795318	harbor1	chr21	42631885	42631950	DNA/hAT-Charlie	511	+	32	42631917	36599
chr21	42595318	42795318	harbor1	chr21	42632256	42632364	DNA/hAT-Charlie	511	+	54	42632310	36992
chr21	42595318	42795318	harbor1	chr21	42692240	42692431	DNA/hAT-Charlie	633	+	96	42692336	97018
chr21	29198958	29398958	harbor1	chr21	29204820	29204990	DNA/hAT-Charlie	830	+	85	29204905	5947
chr21	29198958	29398958	harbor1	chr21	29207057	29207216	DNA/hAT-Charlie	643	+	80	29207137	8179
chr21	29198958	29398958	harbor1	chr21	29268249	29268416	DNA/hAT-Charlie	561	+	84	29268333	69375
chr21	29198958	29398958	harbor1	chr21	29272253	29272581	DNA/hAT-Charlie	863	+	164	29272417	73459
chr21	5028549	5228549	harbor1	chr21	5068528	5068688	DNA/hAT-Charlie	575	+	80	5068608	40059
chr21	41209974	41409974	harbor1	chr21	41234358	41234587	DNA/hAT-Charlie	988	+	114	41234472	24498
chr21	41209974	41409974	harbor1	chr21	41296634	41296821	DNA/hAT-Charlie	731	+	94	41296728	86754
chr21	41209974	41409974	harbor1	chr21	41296833	41297004	DNA/hAT-Charlie	441	+	86	41296919	86945
chr21	41209974	41409974	harbor1	chr21	41271282	41271398	DNA/hAT-Charlie	580	+	58	41271340	61366
chr21	42275771	42475771	harbor1	chr21	42320609	42320831	DNA/hAT-Charlie	1463	+	111	42320720	44949
chr21	42330687	42530687	harbor1	chr21	42404341	42404442	DNA/hAT-Charlie	616	+	50	42404391	73704
chr21	39008427	39208427	harbor1	chr21	39009323	39009638	DNA/hAT-Charlie	606	+	158	39009481	1054
chr21	39008427	39208427	harbor1	chr21	39040973	39041487	DNA/hAT-Charlie	2032	+	257	39041230	32803
chr21	39008427	39208427	harbor1	chr21	39053863	39054076	DNA/hAT-Charlie	1152	+	106	39053969	45542
chr21	39008427	39208427	harbor1	chr21	39068232	39068342	DNA/hAT-Charlie	595	+	55	39068287	59860
chr21	39008427	39208427	harbor1	chr21	39070894	39071030	DNA/hAT-Charlie	481	+	68	39070962	62535
chr21	39008427	39208427	harbor1	chr21	39071310	39071422	DNA/hAT-Charlie	481	+	56	39071366	62939
chr21	39008427	39208427	harbor1	chr21	39081918	39082351	DNA/hAT-Charlie	1519	+	216	39082134	73707
chr21	39008427	39208427	harbor1	chr21	39085027	39085143	DNA/hAT-Charlie	680	+	58	39085085	76658
chr21	39008427	39208427	harbor1	chr21	39099802	39100240	DNA/hAT-Charlie	2699	+	219	39100021	91594
chr21	39008427	39208427	harbor1	chr21	39100235	39100691	DNA/hAT-Charlie	3352	+	228	39100463	92036
chr21	39008427	39208427	harbor1	chr21	39104499	39104722	DNA/hAT-Charlie	525	+	112	39104611	96184
chr21	39008427	39208427	harbor1	chr21	39104735	39104920	DNA/hAT-Charlie	1691	+	92	39104827	96400
chr21	39008427	39208427	harbor1	chr21	39105245	39105393	DNA/hAT-Charlie	1691	+	74	39105319	96892
chr21	37167966	37367966	harbor1	chr21	37216495	37216874	DNA/hAT-Charlie	909	+	190	37216685	48719
chr21	39008529	39208529	harbor1	chr21	39009323	39009638	DNA/hAT-Charlie	606	+	158	39009481	952
chr21	39008529	39208529	harbor1	chr21	39040973	39041487	DNA/hAT-Charlie	2032	+	257	39041230	32701
chr21	39008529	39208529	harbor1	chr21	39053863	39054076	DNA/hAT-Charlie	1152	+	106	39053969	45440
chr21	39008529	39208529	harbor1	chr21	39068232	39068342	DNA/hAT-Charlie	595	+	55	39068287	59758
chr21	39008529	39208529	harbor1	chr21	39070894	39071030	DNA/hAT-Charlie	481	+	68	39070962	62433
chr21	39008529	39208529	harbor1	chr21	39071310	39071422	DNA/hAT-Charlie	481	+	56	39071366	62837
chr21	39008529	39208529	harbor1	chr21	39081918	39082351	DNA/hAT-Charlie	1519	+	216	39082134	73605
chr21	39008529	39208529	harbor1	chr21	39085027	39085143	DNA/hAT-Charlie	680	+	58	39085085	76556
chr21	39008529	39208529	harbor1	chr21	39099802	39100240	DNA/hAT-Charlie	2699	+	219	39100021	91492
chr21	39008529	39208529	harbor1	chr21	39100235	39100691	DNA/hAT-Charlie	3352	+	228	39100463	91934
chr21	39008529	39208529	harbor1	chr21	39104499	39104722	DNA/hAT-Charlie	525	+	112	39104611	96082
chr21	39008529	39208529	harbor1	chr21	39104735	39104920	DNA/hAT-Charlie	1691	+	92	39104827	96298
chr21	39008529	39208529	harbor1	chr21	39105245	39105393	DNA/hAT-Charlie	1691	+	74	39105319	96790
chr21	41615341	41815341	harbor1	chr21	41624088	41624307	DNA/hAT-Charlie	904	+	110	41624198	8857
chr21	29198951	29398951	harbor1	chr21	29204820	29204990	DNA/hAT-Charlie	830	+	85	29204905	5954
chr21	29198951	29398951	harbor1	chr21	29207057	29207216	DNA/hAT-Charlie	643	+	80	29207137	8186
chr21	29198951	29398951	harbor1	chr21	29268249	29268416	DNA/hAT-Charlie	561	+	84	29268333	69382
chr21	29198951	29398951	harbor1	chr21	29272253	29272581	DNA/hAT-Charlie	863	+	164	29272417	73466
chr21	39008418	39208418	harbor1	chr21	39009323	39009638	DNA/hAT-Charlie	606	+	158	39009481	1063
chr21	39008418	39208418	harbor1	chr21	39040973	39041487	DNA/hAT-Charlie	2032	+	257	39041230	32812
chr21	39008418	39208418	harbor1	chr21	39053863	39054076	DNA/hAT-Charlie	1152	+	106	39053969	45551
chr21	39008418	39208418	harbor1	chr21	39068232	39068342	DNA/hAT-Charlie	595	+	55	39068287	59869
chr21	39008418	39208418	harbor1	chr21	39070894	39071030	DNA/hAT-Charlie	481	+	68	39070962	62544
chr21	39008418	39208418	harbor1	chr21	39071310	39071422	DNA/hAT-Charlie	481	+	56	39071366	62948
chr21	39008418	39208418	harbor1	chr21	39081918	39082351	DNA/hAT-Charlie	1519	+	216	39082134	73716
chr21	39008418	39208418	harbor1	chr21	39085027	39085143	DNA/hAT-Charlie	680	+	58	39085085	76667
chr21	39008418	39208418	harbor1	chr21	39099802	39100240	DNA/hAT-Charlie	2699	+	219	39100021	91603
chr21	39008418	39208418	harbor1	chr21	39100235	39100691	DNA/hAT-Charlie	3352	+	228	39100463	92045
chr21	39008418	39208418	harbor1	chr21	39104499	39104722	DNA/hAT-Charlie	525	+	112	39104611	96193
chr21	39008418	39208418	harbor1	chr21	39104735	39104920	DNA/hAT-Charlie	1691	+	92	39104827	96409
chr21	39008418	39208418	harbor1	chr21	39105245	39105393	DNA/hAT-Charlie	1691	+	74	39105319	96901
chr22	39578289	39778289	harbor1	chr22	39582296	39582516	DNA/hAT-Charlie	818	+	110	39582406	4117
chr22	39578289	39778289	harbor1	chr22	39584692	39585054	DNA/hAT-Charlie	1117	+	181	39584873	6584
chr22	39578289	39778289	harbor1	chr22	39639101	39639275	DNA/hAT-Charlie	698	+	87	39639188	60899
chr22	44201157	44401157	harbor1	chr22	44279826	44279955	DNA/hAT-Charlie	447	+	64	44279890	78733
chr22	44201157	44401157	harbor1	chr22	44293346	44293537	DNA/hAT-Charlie	555	+	96	44293442	92285
chr22	44201157	44401157	harbor1	chr22	44298306	44298482	DNA/hAT-Charlie	611	+	88	44298394	97237
chr22	24069970	24269970	harbor1	chr22	24076955	24077117	DNA/hAT-Charlie	832	+	81	24077036	7066
chr22	24069970	24269970	harbor1	chr22	24111281	24111613	DNA/hAT-Charlie	2076	+	166	24111447	41477
chr22	24070005	24270005	harbor1	chr22	24076955	24077117	DNA/hAT-Charlie	832	+	81	24077036	7031
chr22	24070005	24270005	harbor1	chr22	24111281	24111613	DNA/hAT-Charlie	2076	+	166	24111447	41442
chr22	45966963	46166963	harbor1	chr22	46043261	46043368	DNA/hAT-Charlie	462	+	54	46043315	76352
chr22	42986422	43186422	harbor1	chr22	43019482	43019727	DNA/hAT-Charlie	582	+	122	43019604	33182
chr22	42986422	43186422	harbor1	chr22	43075700	43075903	DNA/hAT-Charlie	977	+	102	43075802	89380
chr22	24068261	24268261	harbor1	chr22	24076955	24077117	DNA/hAT-Charlie	832	+	81	24077036	8775
chr22	24068261	24268261	harbor1	chr22	24111281	24111613	DNA/hAT-Charlie	2076	+	166	24111447	43186
chr22	23976652	24176652	harbor1	chr22	23993363	23993530	DNA/hAT-Charlie	668	+	84	23993447	16795
chr22	23976652	24176652	harbor1	chr22	24000371	24000532	DNA/hAT-Charlie	404	+	80	24000451	23799
chr22	23976652	24176652	harbor1	chr22	24010696	24010884	DNA/hAT-Charlie	1183	+	94	24010790	34138
chr22	42989585	43189585	harbor1	chr22	43019482	43019727	DNA/hAT-Charlie	582	+	122	43019604	30019
chr22	42989585	43189585	harbor1	chr22	43075700	43075903	DNA/hAT-Charlie	977	+	102	43075802	86217
chr22	42756724	42956724	harbor1	chr22	42789348	42789623	DNA/hAT-Charlie	1180	+	138	42789486	32762
chr22	42756724	42956724	harbor1	chr22	42837994	42838204	DNA/hAT-Charlie	653	+	105	42838099	81375
chr22	37416208	37616208	harbor1	chr22	37429719	37429898	DNA/hAT-Charlie	801	+	90	37429809	13601
chr22	37416208	37616208	harbor1	chr22	37438621	37438729	DNA/hAT-Charlie	457	+	54	37438675	22467
chr22	37416208	37616208	harbor1	chr22	37440220	37440453	DNA/hAT-Charlie	489	+	116	37440336	24128
chr22	37416208	37616208	harbor1	chr22	37440509	37440919	DNA/hAT-Charlie	1217	+	205	37440714	24506
chr22	37416208	37616208	harbor1	chr22	37443071	37443545	DNA/hAT-Charlie	1561	+	237	37443308	27100
chr22	37416208	37616208	harbor1	chr22	37443933	37443965	DNA/hAT-Charlie	1638	+	16	37443949	27741
chr22	37416208	37616208	harbor1	chr22	37444129	37444734	DNA/hAT-Charlie	1638	+	302	37444431	28223
chr22	36407036	36607036	harbor1	chr22	36445352	36445521	DNA/hAT-Charlie	456	+	84	36445436	38400
chr22	36407036	36607036	harbor1	chr22	36475464	36475679	DNA/hAT-Charlie	1097	+	108	36475572	68536
chr22	36186433	36386433	harbor1	chr22	36196167	36196310	DNA/hAT-Charlie	459	+	72	36196239	9806
chr22	24068219	24268219	harbor1	chr22	24076955	24077117	DNA/hAT-Charlie	832	+	81	24077036	8817
chr22	24068219	24268219	harbor1	chr22	24111281	24111613	DNA/hAT-Charlie	2076	+	166	24111447	43228
chr22	36194376	36394376	harbor1	chr22	36196167	36196310	DNA/hAT-Charlie	459	+	72	36196239	1863
chr22	36918544	37118544	harbor1	chr22	37001120	37001276	DNA/hAT-Charlie	493	+	78	37001198	82654
chr22	24069881	24269881	harbor1	chr22	24076955	24077117	DNA/hAT-Charlie	832	+	81	24077036	7155
chr22	24069881	24269881	harbor1	chr22	24111281	24111613	DNA/hAT-Charlie	2076	+	166	24111447	41566
chr22	36186444	36386444	harbor1	chr22	36196167	36196310	DNA/hAT-Charlie	459	+	72	36196239	9795
chr22	36406317	36606317	harbor1	chr22	36445352	36445521	DNA/hAT-Charlie	456	+	84	36445436	39119
chr22	36406317	36606317	harbor1	chr22	36475464	36475679	DNA/hAT-Charlie	1097	+	108	36475572	69255
chr22	23889707	24089707	harbor1	chr22	23963224	23963384	DNA/hAT-Charlie	693	+	80	23963304	73597
chr22	24069546	24269546	harbor1	chr22	24076955	24077117	DNA/hAT-Charlie	832	+	81	24077036	7490
chr22	24069546	24269546	harbor1	chr22	24111281	24111613	DNA/hAT-Charlie	2076	+	166	24111447	41901
chr22	42951342	43151342	harbor1	chr22	43019482	43019727	DNA/hAT-Charlie	582	+	122	43019604	68262
chr22	24070056	24270056	harbor1	chr22	24076955	24077117	DNA/hAT-Charlie	832	+	81	24077036	6980
chr22	24070056	24270056	harbor1	chr22	24111281	24111613	DNA/hAT-Charlie	2076	+	166	24111447	41391
chr22	39578199	39778199	harbor1	chr22	39582296	39582516	DNA/hAT-Charlie	818	+	110	39582406	4207
chr22	39578199	39778199	harbor1	chr22	39584692	39585054	DNA/hAT-Charlie	1117	+	181	39584873	6674
chr22	39578199	39778199	harbor1	chr22	39639101	39639275	DNA/hAT-Charlie	698	+	87	39639188	60989
chr22	24070003	24270003	harbor1	chr22	24076955	24077117	DNA/hAT-Charlie	832	+	81	24077036	7033
chr22	24070003	24270003	harbor1	chr22	24111281	24111613	DNA/hAT-Charlie	2076	+	166	24111447	41444
chr22	22547227	22747227	harbor1	chr22	22619737	22619883	DNA/hAT-Charlie	460	+	73	22619810	72583
chr22	39578244	39778244	harbor1	chr22	39582296	39582516	DNA/hAT-Charlie	818	+	110	39582406	4162
chr22	39578244	39778244	harbor1	chr22	39584692	39585054	DNA/hAT-Charlie	1117	+	181	39584873	6629
chr22	39578244	39778244	harbor1	chr22	39639101	39639275	DNA/hAT-Charlie	698	+	87	39639188	60944
chr22	28341001	28541001	harbor1	chr22	28370811	28370972	DNA/hAT-Charlie	723	+	80	28370891	29890
chr22	49851551	50051551	harbor1	chr22	49889207	49889441	DNA/hAT-Charlie	719	+	117	49889324	37773
chr22	24007472	24207472	harbor1	chr22	24010696	24010884	DNA/hAT-Charlie	1183	+	94	24010790	3318
chr22	24007472	24207472	harbor1	chr22	24076955	24077117	DNA/hAT-Charlie	832	+	81	24077036	69564
chr22	32076022	32276022	harbor1	chr22	32076921	32077109	DNA/hAT-Charlie	890	+	94	32077015	993
chr22	32076022	32276022	harbor1	chr22	32083447	32083710	DNA/hAT-Charlie	617	+	132	32083579	7557
chr22	32076022	32276022	harbor1	chr22	32103739	32103848	DNA/hAT-Charlie	583	+	54	32103793	27771
chr22	32076022	32276022	harbor1	chr22	32113281	32113472	DNA/hAT-Charlie	1010	+	96	32113377	37355
chr22	32076022	32276022	harbor1	chr22	32165391	32165595	DNA/hAT-Charlie	617	+	102	32165493	89471
chr22	37218535	37418535	harbor1	chr22	37275832	37276179	DNA/hAT-Charlie	540	+	174	37276006	57471
chr22	24070059	24270059	harbor1	chr22	24076955	24077117	DNA/hAT-Charlie	832	+	81	24077036	6977
chr22	24070059	24270059	harbor1	chr22	24111281	24111613	DNA/hAT-Charlie	2076	+	166	24111447	41388
chr22	23971820	24171820	harbor1	chr22	23993363	23993530	DNA/hAT-Charlie	668	+	84	23993447	21627
chr22	23971820	24171820	harbor1	chr22	24000371	24000532	DNA/hAT-Charlie	404	+	80	24000451	28631
chr22	23971820	24171820	harbor1	chr22	24010696	24010884	DNA/hAT-Charlie	1183	+	94	24010790	38970
chr22	17452700	17652700	harbor1	chr22	17541467	17541620	DNA/hAT-Charlie	533	+	76	17541543	88843
chr22	23214520	23414520	harbor1	chr22	23226577	23226788	DNA/hAT-Charlie	1065	+	106	23226683	12163
chr22	23214520	23414520	harbor1	chr22	23258595	23258802	DNA/hAT-Charlie	606	+	104	23258699	44179
chr22	23214520	23414520	harbor1	chr22	23271113	23271324	DNA/hAT-Charlie	850	+	106	23271219	56699
chr22	23214520	23414520	harbor1	chr22	23273151	23273375	DNA/hAT-Charlie	715	+	112	23273263	58743
chr22	44788190	44988190	harbor1	chr22	44788696	44788860	DNA/hAT-Charlie	577	+	82	44788778	588
chr22	44788190	44988190	harbor1	chr22	44798650	44798773	DNA/hAT-Charlie	436	+	62	44798712	10522
chr22	44788190	44988190	harbor1	chr22	44805755	44806143	DNA/hAT-Charlie	852	+	194	44805949	17759
chr22	44788190	44988190	harbor1	chr22	44827909	44828077	DNA/hAT-Charlie	453	+	84	44827993	39803
chr22	44788190	44988190	harbor1	chr22	44847346	44847544	DNA/hAT-Charlie	675	+	99	44847445	59255
chr22	44788190	44988190	harbor1	chr22	44866581	44866799	DNA/hAT-Charlie	1343	+	109	44866690	78500
chr22	44788190	44988190	harbor1	chr22	44887777	44887857	DNA/hAT-Charlie	422	+	40	44887817	99627
chr22	23023578	23223578	harbor1	chr22	23077013	23077124	DNA/hAT-Charlie	422	+	56	23077069	53491
chr22	23023578	23223578	harbor1	chr22	23085860	23086211	DNA/hAT-Charlie	910	+	176	23086036	62458
chr22	39578286	39778286	harbor1	chr22	39582296	39582516	DNA/hAT-Charlie	818	+	110	39582406	4120
chr22	39578286	39778286	harbor1	chr22	39584692	39585054	DNA/hAT-Charlie	1117	+	181	39584873	6587
chr22	39578286	39778286	harbor1	chr22	39639101	39639275	DNA/hAT-Charlie	698	+	87	39639188	60902
chr22	24069901	24269901	harbor1	chr22	24076955	24077117	DNA/hAT-Charlie	832	+	81	24077036	7135
chr22	24069901	24269901	harbor1	chr22	24111281	24111613	DNA/hAT-Charlie	2076	+	166	24111447	41546
chr22	39360313	39560313	harbor1	chr22	39443776	39443830	DNA/hAT-Charlie	569	+	27	39443803	83490
chr22	39360313	39560313	harbor1	chr22	39444139	39444282	DNA/hAT-Charlie	569	+	72	39444211	83898
chr22	39360313	39560313	harbor1	chr22	39455613	39455876	DNA/hAT-Charlie	1282	+	132	39455745	95432
chr22	18822251	19022251	harbor1	chr22	18840955	18841035	DNA/hAT-Charlie	501	+	40	18840995	18744
chr22	18822251	19022251	harbor1	chr22	18914022	18914310	DNA/hAT-Charlie	925	+	144	18914166	91915
chr22	24852758	25052758	harbor1	chr22	24857740	24857914	DNA/hAT-Charlie	647	+	87	24857827	5069
chr22	24852758	25052758	harbor1	chr22	24871937	24872155	DNA/hAT-Charlie	1102	+	109	24872046	19288
chr22	24852758	25052758	harbor1	chr22	24872371	24872637	DNA/hAT-Charlie	1120	+	133	24872504	19746
chr22	24852758	25052758	harbor1	chr22	24872935	24872967	DNA/hAT-Charlie	1120	+	16	24872951	20193
chr22	24852758	25052758	harbor1	chr22	24873253	24873290	DNA/hAT-Charlie	1120	+	18	24873271	20513
chr22	24852758	25052758	harbor1	chr22	24875196	24875532	DNA/hAT-Charlie	1342	+	168	24875364	22606
chr22	24852758	25052758	harbor1	chr22	24877636	24877777	DNA/hAT-Charlie	495	+	70	24877706	24948
chr22	24852758	25052758	harbor1	chr22	24908939	24909264	DNA/hAT-Charlie	1950	+	162	24909101	56343
chr22	24852758	25052758	harbor1	chr22	24913027	24913099	DNA/hAT-Charlie	429	+	36	24913063	60305
chr22	24852758	25052758	harbor1	chr22	24913323	24913445	DNA/hAT-Charlie	461	+	61	24913384	60626
chr22	39366873	39566873	harbor1	chr22	39443776	39443830	DNA/hAT-Charlie	569	+	27	39443803	76930
chr22	39366873	39566873	harbor1	chr22	39444139	39444282	DNA/hAT-Charlie	569	+	72	39444211	77338
chr22	39366873	39566873	harbor1	chr22	39455613	39455876	DNA/hAT-Charlie	1282	+	132	39455745	88872
chr22	24069471	24269471	harbor1	chr22	24076955	24077117	DNA/hAT-Charlie	832	+	81	24077036	7565
chr22	24069471	24269471	harbor1	chr22	24111281	24111613	DNA/hAT-Charlie	2076	+	166	24111447	41976
chr22	23421603	23621603	harbor1	chr22	23507330	23507439	DNA/hAT-Charlie	392	+	54	23507384	85781
chr22	24070004	24270004	harbor1	chr22	24076955	24077117	DNA/hAT-Charlie	832	+	81	24077036	7032
chr22	24070004	24270004	harbor1	chr22	24111281	24111613	DNA/hAT-Charlie	2076	+	166	24111447	41443
chr22	24069955	24269955	harbor1	chr22	24076955	24077117	DNA/hAT-Charlie	832	+	81	24077036	7081
chr22	24069955	24269955	harbor1	chr22	24111281	24111613	DNA/hAT-Charlie	2076	+	166	24111447	41492
chr22	11997987	12197987	harbor1	chr22	12047196	12047430	DNA/hAT-Charlie	588	+	117	12047313	49326
chr22	39945026	40145026	harbor1	chr22	39977124	39977272	DNA/hAT-Charlie	613	+	74	39977198	32172
chr22	39945026	40145026	harbor1	chr22	39992340	39992495	DNA/hAT-Charlie	847	+	78	39992418	47392
chr22	50151379	50351379	harbor1	chr22	50242738	50242830	DNA/hAT-Charlie	519	+	46	50242784	91405
chr22	18756011	18956011	harbor1	chr22	18760242	18760417	DNA/hAT-Charlie	806	+	88	18760330	4319
chr22	18756011	18956011	harbor1	chr22	18800018	18800138	DNA/hAT-Charlie	445	+	60	18800078	44067
chr22	18756011	18956011	harbor1	chr22	18840955	18841035	DNA/hAT-Charlie	501	+	40	18840995	84984
chr22	37416206	37616206	harbor1	chr22	37429719	37429898	DNA/hAT-Charlie	801	+	90	37429809	13603
chr22	37416206	37616206	harbor1	chr22	37438621	37438729	DNA/hAT-Charlie	457	+	54	37438675	22469
chr22	37416206	37616206	harbor1	chr22	37440220	37440453	DNA/hAT-Charlie	489	+	116	37440336	24130
chr22	37416206	37616206	harbor1	chr22	37440509	37440919	DNA/hAT-Charlie	1217	+	205	37440714	24508
chr22	37416206	37616206	harbor1	chr22	37443071	37443545	DNA/hAT-Charlie	1561	+	237	37443308	27102
chr22	37416206	37616206	harbor1	chr22	37443933	37443965	DNA/hAT-Charlie	1638	+	16	37443949	27743
chr22	37416206	37616206	harbor1	chr22	37444129	37444734	DNA/hAT-Charlie	1638	+	302	37444431	28225
chr22	38674448	38874448	harbor1	chr22	38693080	38693249	DNA/hAT-Charlie	447	+	84	38693164	18716
chr22	38674424	38874424	harbor1	chr22	38693080	38693249	DNA/hAT-Charlie	447	+	84	38693164	18740
chr22	50170730	50370730	harbor1	chr22	50242738	50242830	DNA/hAT-Charlie	519	+	46	50242784	72054
chr22	24852840	25052840	harbor1	chr22	24857740	24857914	DNA/hAT-Charlie	647	+	87	24857827	4987
chr22	24852840	25052840	harbor1	chr22	24871937	24872155	DNA/hAT-Charlie	1102	+	109	24872046	19206
chr22	24852840	25052840	harbor1	chr22	24872371	24872637	DNA/hAT-Charlie	1120	+	133	24872504	19664
chr22	24852840	25052840	harbor1	chr22	24872935	24872967	DNA/hAT-Charlie	1120	+	16	24872951	20111
chr22	24852840	25052840	harbor1	chr22	24873253	24873290	DNA/hAT-Charlie	1120	+	18	24873271	20431
chr22	24852840	25052840	harbor1	chr22	24875196	24875532	DNA/hAT-Charlie	1342	+	168	24875364	22524
chr22	24852840	25052840	harbor1	chr22	24877636	24877777	DNA/hAT-Charlie	495	+	70	24877706	24866
chr22	24852840	25052840	harbor1	chr22	24908939	24909264	DNA/hAT-Charlie	1950	+	162	24909101	56261
chr22	24852840	25052840	harbor1	chr22	24913027	24913099	DNA/hAT-Charlie	429	+	36	24913063	60223
chr22	24852840	25052840	harbor1	chr22	24913323	24913445	DNA/hAT-Charlie	461	+	61	24913384	60544
chr22	37416203	37616203	harbor1	chr22	37429719	37429898	DNA/hAT-Charlie	801	+	90	37429809	13606
chr22	37416203	37616203	harbor1	chr22	37438621	37438729	DNA/hAT-Charlie	457	+	54	37438675	22472
chr22	37416203	37616203	harbor1	chr22	37440220	37440453	DNA/hAT-Charlie	489	+	116	37440336	24133
chr22	37416203	37616203	harbor1	chr22	37440509	37440919	DNA/hAT-Charlie	1217	+	205	37440714	24511
chr22	37416203	37616203	harbor1	chr22	37443071	37443545	DNA/hAT-Charlie	1561	+	237	37443308	27105
chr22	37416203	37616203	harbor1	chr22	37443933	37443965	DNA/hAT-Charlie	1638	+	16	37443949	27746
chr22	37416203	37616203	harbor1	chr22	37444129	37444734	DNA/hAT-Charlie	1638	+	302	37444431	28228
chr22	23023556	23223556	harbor1	chr22	23077013	23077124	DNA/hAT-Charlie	422	+	56	23077069	53513
chr22	23023556	23223556	harbor1	chr22	23085860	23086211	DNA/hAT-Charlie	910	+	176	23086036	62480
chrX	24365240	24565240	harbor1	chrX	24376526	24376577	DNA/hAT-Charlie	543	+	26	24376552	11312
chrX	24365240	24565240	harbor1	chrX	24376745	24376806	DNA/hAT-Charlie	543	+	30	24376775	11535
chrX	24365240	24565240	harbor1	chrX	24381379	24382101	DNA/hAT-Charlie	1624	+	361	24381740	16500
chrX	24365240	24565240	harbor1	chrX	24386722	24386831	DNA/hAT-Charlie	808	+	54	24386776	21536
chrX	24365240	24565240	harbor1	chrX	24387115	24387302	DNA/hAT-Charlie	808	+	94	24387209	21969
chrX	24365240	24565240	harbor1	chrX	24389923	24390116	DNA/hAT-Charlie	1130	+	96	24390019	24779
chrX	24365240	24565240	harbor1	chrX	24439176	24439613	DNA/hAT-Charlie	1351	+	218	24439394	74154
chrX	24365240	24565240	harbor1	chrX	24439909	24439932	DNA/hAT-Charlie	1351	+	12	24439921	74681
chrX	72043785	72243785	harbor1	chrX	72053424	72053572	DNA/hAT-Charlie	552	+	74	72053498	9713
chrX	72043785	72243785	harbor1	chrX	72057643	72058329	DNA/hAT-Charlie	3154	+	343	72057986	14201
chrX	72043785	72243785	harbor1	chrX	72062257	72062427	DNA/hAT-Charlie	566	+	85	72062342	18557
chrX	72043785	72243785	harbor1	chrX	72072101	72072391	DNA/hAT-Charlie	817	+	145	72072246	28461
chrX	72043785	72243785	harbor1	chrX	72083332	72083812	DNA/hAT-Charlie	1855	+	240	72083572	39787
chrX	72043785	72243785	harbor1	chrX	72100490	72100830	DNA/hAT-Charlie	2464	+	170	72100660	56875
chrX	72043785	72243785	harbor1	chrX	72104009	72104457	DNA/hAT-Charlie	1644	+	224	72104233	60448
chrX	72043785	72243785	harbor1	chrX	72110129	72110311	DNA/hAT-Charlie	701	+	91	72110220	66435
chrX	72043785	72243785	harbor1	chrX	72115836	72116029	DNA/hAT-Charlie	772	+	96	72115932	72147
chrX	72043785	72243785	harbor1	chrX	72121738	72122216	DNA/hAT-Charlie	2066	+	239	72121977	78192
chrX	72206994	72406994	harbor1	chrX	72249907	72250032	DNA/hAT-Charlie	601	+	62	72249969	42975
chrX	72206994	72406994	harbor1	chrX	72271612	72271819	DNA/hAT-Charlie	977	+	104	72271716	64722
chrX	18254781	18454781	harbor1	chrX	18316647	18317005	DNA/hAT-Charlie	1567	+	179	18316826	62045
chrX	152928214	153128214	harbor1	chrX	152941268	152941424	DNA/hAT-Charlie	652	+	78	152941346	13132
chrX	130071741	130271741	harbor1	chrX	130090669	130090803	DNA/hAT-Charlie	649	+	67	130090736	18995
chrX	130071741	130271741	harbor1	chrX	130138885	130139100	DNA/hAT-Charlie	996	+	108	130138993	67252
chrX	130071741	130271741	harbor1	chrX	130145743	130145959	DNA/hAT-Charlie	1158	+	108	130145851	74110
chrX	130071741	130271741	harbor1	chrX	130152804	130153041	DNA/hAT-Charlie	609	+	118	130152922	81181
chrX	150672938	150872938	harbor1	chrX	150687169	150687457	DNA/hAT-Charlie	1022	+	144	150687313	14375
chrX	150672938	150872938	harbor1	chrX	150702554	150702839	DNA/hAT-Charlie	699	+	142	150702696	29758
chrX	150672938	150872938	harbor1	chrX	150726025	150726367	DNA/hAT-Charlie	2430	+	171	150726196	53258
chrX	72206945	72406945	harbor1	chrX	72249907	72250032	DNA/hAT-Charlie	601	+	62	72249969	43024
chrX	72206945	72406945	harbor1	chrX	72271612	72271819	DNA/hAT-Charlie	977	+	104	72271716	64771
chrX	18254315	18454315	harbor1	chrX	18316647	18317005	DNA/hAT-Charlie	1567	+	179	18316826	62511
chrX	71006345	71206345	harbor1	chrX	71051562	71051711	DNA/hAT-Charlie	697	+	74	71051636	45291
chrX	17671917	17871917	harbor1	chrX	17676972	17677129	DNA/hAT-Charlie	772	+	78	17677050	5133
chrX	17671917	17871917	harbor1	chrX	17695564	17695652	DNA/hAT-Charlie	559	+	44	17695608	23691
chrX	17671917	17871917	harbor1	chrX	17757784	17757956	DNA/hAT-Charlie	583	+	86	17757870	85953
chrX	17671917	17871917	harbor1	chrX	17758427	17758812	DNA/hAT-Charlie	1038	+	192	17758619	86702
chrX	39992279	40192279	harbor1	chrX	40026487	40026783	DNA/hAT-Charlie	1171	+	148	40026635	34356
chrX	39992279	40192279	harbor1	chrX	40047235	40047464	DNA/hAT-Charlie	1087	+	114	40047349	55070
