H_chr	H_start	H_end	Harbor	TE_chr	TE_start	TE_end	TE	score	TE_strand	TE_half	TE_middle_pos	TE_dis
chr1	33553586	33753586	harbor2	chr1	33553113	33554185	DNA/TcMar-Tigger	15447	+	536	33553649	63
chr1	33553586	33753586	harbor2	chr1	33554484	33555898	DNA/TcMar-Tigger	15447	+	707	33555191	1605
chr1	33553586	33753586	harbor2	chr1	33555931	33556108	DNA/TcMar-Tigger	776	+	88	33556019	2433
chr1	2138357	2338357	harbor2	chr1	2176072	2176243	DNA/TcMar-Tigger	442	+	86	2176158	37801
chr1	63223447	63423447	harbor2	chr1	63249972	63250255	DNA/TcMar-Tigger	932	+	142	63250114	26667
chr1	63223447	63423447	harbor2	chr1	63298340	63298586	DNA/TcMar-Tigger	1408	+	123	63298463	75016
chr1	2139155	2339155	harbor2	chr1	2176072	2176243	DNA/TcMar-Tigger	442	+	86	2176158	37003
chr1	150462182	150662182	harbor2	chr1	150479665	150479862	DNA/TcMar-Tigger	1159	+	98	150479763	17581
chr1	51231071	51431071	harbor2	chr1	51248946	51249107	DNA/TcMar-Tigger	856	+	80	51249026	17955
chr1	51231071	51431071	harbor2	chr1	51250447	51250552	DNA/TcMar-Tigger	484	+	52	51250499	19428
chr1	51231071	51431071	harbor2	chr1	51251497	51251654	DNA/TcMar-Tigger	673	+	78	51251575	20504
chr1	51231071	51431071	harbor2	chr1	51252117	51252317	DNA/TcMar-Tigger	1536	+	100	51252217	21146
chr1	51231071	51431071	harbor2	chr1	51252630	51252695	DNA/TcMar-Tigger	1536	+	32	51252662	21591
chr1	51231071	51431071	harbor2	chr1	51263418	51263619	DNA/TcMar-Tigger	774	+	100	51263518	32447
chr1	51231071	51431071	harbor2	chr1	51274007	51274102	DNA/TcMar-Tigger	814	+	48	51274055	42984
chr1	51231071	51431071	harbor2	chr1	51274398	51274464	DNA/TcMar-Tigger	814	+	33	51274431	43360
chr1	51231071	51431071	harbor2	chr1	51274775	51274933	DNA/TcMar-Tigger	814	+	79	51274854	43783
chr1	2150598	2350598	harbor2	chr1	2176072	2176243	DNA/TcMar-Tigger	442	+	86	2176158	25560
chr1	89907751	90107751	harbor2	chr1	89991883	89992269	DNA/TcMar-Tigger	2152	+	193	89992076	84325
chr1	193014143	193214143	harbor2	chr1	193102740	193103450	DNA/TcMar-Tigger	3479	+	355	193103095	88952
chr1	193014143	193214143	harbor2	chr1	193103450	193103638	DNA/TcMar-Tigger	1165	+	94	193103544	89401
chr1	230009530	230209530	harbor2	chr1	230014493	230014599	DNA/TcMar-Tigger	638	+	53	230014546	5016
chr1	230009530	230209530	harbor2	chr1	230015421	230016078	DNA/TcMar-Tigger	6919	+	328	230015749	6219
chr1	230009530	230209530	harbor2	chr1	230037501	230037863	DNA/TcMar-Tigger	2527	+	181	230037682	28152
chr1	230009530	230209530	harbor2	chr1	230093635	230093934	DNA/TcMar-Tigger	1528	+	150	230093785	84255
chr1	230009530	230209530	harbor2	chr1	230100892	230101199	DNA/TcMar-Tigger	1767	+	154	230101046	91516
chr1	230009530	230209530	harbor2	chr1	230014602	230015109	DNA/TcMar-Tigger	6919	+	254	230014856	5326
chr1	77659514	77859514	harbor2	chr1	77733564	77733795	DNA/TcMar-Tigger	1239	+	116	77733680	74166
chr1	6689234	6889234	harbor2	chr1	6716334	6716770	DNA/TcMar-Tigger	2526	+	218	6716552	27318
chr1	17341836	17541836	harbor2	chr1	17417828	17418122	DNA/TcMar-Tigger	1018	+	147	17417975	76139
chr1	53847484	54047484	harbor2	chr1	53855501	53855829	DNA/TcMar-Tigger	1926	+	164	53855665	8181
chr1	53847484	54047484	harbor2	chr1	53865305	53865623	DNA/TcMar-Tigger	952	+	159	53865464	17980
chr1	26401378	26601378	harbor2	chr1	26487433	26487737	DNA/TcMar-Tigger	2071	+	152	26487585	86207
chr1	26401378	26601378	harbor2	chr1	26488048	26488171	DNA/TcMar-Tigger	2071	+	62	26488110	86732
chr1	244605778	244805778	harbor2	chr1	244627760	244628301	DNA/TcMar-Tigger	3047	+	270	244628030	22252
chr1	6685470	6885470	harbor2	chr1	6716334	6716770	DNA/TcMar-Tigger	2526	+	218	6716552	31082
chr1	2139195	2339195	harbor2	chr1	2176072	2176243	DNA/TcMar-Tigger	442	+	86	2176158	36963
chr1	156560138	156760138	harbor2	chr1	156576521	156576737	DNA/TcMar-Tigger	2919	+	108	156576629	16491
chr1	156560138	156760138	harbor2	chr1	156577048	156577172	DNA/TcMar-Tigger	2919	+	62	156577110	16972
chr1	156560138	156760138	harbor2	chr1	156577464	156577746	DNA/TcMar-Tigger	2919	+	141	156577605	17467
chr1	156560138	156760138	harbor2	chr1	156587398	156587553	DNA/TcMar-Tigger	616	+	78	156587476	27338
chr1	156560138	156760138	harbor2	chr1	156587684	156587790	DNA/TcMar-Tigger	616	+	53	156587737	27599
chr1	156560138	156760138	harbor2	chr1	156588794	156589065	DNA/TcMar-Tigger	871	+	136	156588930	28792
chr1	156560141	156760141	harbor2	chr1	156576521	156576737	DNA/TcMar-Tigger	2919	+	108	156576629	16488
chr1	156560141	156760141	harbor2	chr1	156577048	156577172	DNA/TcMar-Tigger	2919	+	62	156577110	16969
chr1	156560141	156760141	harbor2	chr1	156577464	156577746	DNA/TcMar-Tigger	2919	+	141	156577605	17464
chr1	156560141	156760141	harbor2	chr1	156587398	156587553	DNA/TcMar-Tigger	616	+	78	156587476	27335
chr1	156560141	156760141	harbor2	chr1	156587684	156587790	DNA/TcMar-Tigger	616	+	53	156587737	27596
chr1	156560141	156760141	harbor2	chr1	156588794	156589065	DNA/TcMar-Tigger	871	+	136	156588930	28789
chr1	6685464	6885464	harbor2	chr1	6716334	6716770	DNA/TcMar-Tigger	2526	+	218	6716552	31088
chr1	245603502	245803502	harbor2	chr1	245623545	245623861	DNA/TcMar-Tigger	1941	+	158	245623703	20201
chr1	245603502	245803502	harbor2	chr1	245655684	245655823	DNA/TcMar-Tigger	560	+	70	245655754	52252
chr1	245603502	245803502	harbor2	chr1	245680676	245681203	DNA/TcMar-Tigger	2910	+	264	245680940	77438
chr1	245603502	245803502	harbor2	chr1	245681509	245681960	DNA/TcMar-Tigger	2910	+	226	245681735	78233
chr1	245603502	245803502	harbor2	chr1	245682269	245682406	DNA/TcMar-Tigger	2910	+	68	245682337	78835
chr1	2138383	2338383	harbor2	chr1	2176072	2176243	DNA/TcMar-Tigger	442	+	86	2176158	37775
chr1	225783160	225983160	harbor2	chr1	225857270	225857894	DNA/TcMar-Tigger	1376	+	312	225857582	74422
chr1	53944027	54144027	harbor2	chr1	53987914	53987986	DNA/TcMar-Tigger	446	+	36	53987950	43923
chr1	53944027	54144027	harbor2	chr1	53988207	53988539	DNA/TcMar-Tigger	1939	+	166	53988373	44346
chr1	201845418	202045418	harbor2	chr1	201861279	201861634	DNA/TcMar-Tigger	2289	+	178	201861457	16039
chr1	201845418	202045418	harbor2	chr1	201880730	201881052	DNA/TcMar-Tigger	1853	+	161	201880891	35473
chr1	6685487	6885487	harbor2	chr1	6716334	6716770	DNA/TcMar-Tigger	2526	+	218	6716552	31065
chr1	46124232	46324232	harbor2	chr1	46213199	46213483	DNA/TcMar-Tigger	1127	+	142	46213341	89109
chr1	155589258	155789258	harbor2	chr1	155678039	155678317	DNA/TcMar-Tigger	1382	+	139	155678178	88920
chr1	6685468	6885468	harbor2	chr1	6716334	6716770	DNA/TcMar-Tigger	2526	+	218	6716552	31084
chr1	6871137	7071137	harbor2	chr1	6944737	6944852	DNA/TcMar-Tigger	655	+	58	6944795	73658
chr1	6871137	7071137	harbor2	chr1	6944845	6945011	DNA/TcMar-Tigger	987	+	83	6944928	73791
chr1	65260750	65460750	harbor2	chr1	65337572	65337869	DNA/TcMar-Tigger	1204	+	148	65337720	76970
chr1	65260750	65460750	harbor2	chr1	65343339	65344051	DNA/TcMar-Tigger	3722	+	356	65343695	82945
chr1	160440370	160640370	harbor2	chr1	160486026	160486268	DNA/TcMar-Tigger	1347	+	121	160486147	45777
chr1	168036739	168236739	harbor2	chr1	168044356	168044565	DNA/TcMar-Tigger	1203	+	104	168044460	7721
chr1	53939662	54139662	harbor2	chr1	53987914	53987986	DNA/TcMar-Tigger	446	+	36	53987950	48288
chr1	53939662	54139662	harbor2	chr1	53988207	53988539	DNA/TcMar-Tigger	1939	+	166	53988373	48711
chr1	2139152	2339152	harbor2	chr1	2176072	2176243	DNA/TcMar-Tigger	442	+	86	2176158	37006
chr1	2138821	2338821	harbor2	chr1	2176072	2176243	DNA/TcMar-Tigger	442	+	86	2176158	37337
chr1	226011849	226211849	harbor2	chr1	226100936	226101145	DNA/TcMar-Tigger	4179	+	104	226101040	89191
chr1	226011849	226211849	harbor2	chr1	226101669	226102031	DNA/TcMar-Tigger	4179	+	181	226101850	90001
chr1	226011849	226211849	harbor2	chr1	226102342	226102469	DNA/TcMar-Tigger	4179	+	64	226102406	90557
chr1	226011849	226211849	harbor2	chr1	226102937	226103114	DNA/TcMar-Tigger	1149	+	88	226103025	91176
chr1	226011849	226211849	harbor2	chr1	226103952	226104218	DNA/TcMar-Tigger	1548	+	133	226104085	92236
chr1	205330793	205530793	harbor2	chr1	205367549	205367769	DNA/TcMar-Tigger	444	+	110	205367659	36866
chr1	3315101	3515101	harbor2	chr1	3341582	3341990	DNA/TcMar-Tigger	1757	+	204	3341786	26685
chr1	19188141	19388141	harbor2	chr1	19247369	19247743	DNA/TcMar-Tigger	5518	+	187	19247556	59415
chr1	19188141	19388141	harbor2	chr1	19248035	19248192	DNA/TcMar-Tigger	5518	+	78	19248113	59972
chr1	19188141	19388141	harbor2	chr1	19248811	19249607	DNA/TcMar-Tigger	5518	+	398	19249209	61068
chr1	89425677	89625677	harbor2	chr1	89450571	89452977	DNA/TcMar-Tigger	13378	+	1203	89451774	26097
chr1	89425677	89625677	harbor2	chr1	89454162	89454241	DNA/TcMar-Tigger	549	+	40	89454202	28525
chr1	145858041	146058041	harbor2	chr1	145938889	145938978	DNA/TcMar-Tigger	598	+	44	145938933	80892
chr1	145858041	146058041	harbor2	chr1	145939197	145939293	DNA/TcMar-Tigger	565	+	48	145939245	81204
chr1	2141241	2341241	harbor2	chr1	2176072	2176243	DNA/TcMar-Tigger	442	+	86	2176158	34917
chr1	12673928	12873928	harbor2	chr1	12696654	12696872	DNA/TcMar-Tigger	1457	+	109	12696763	22835
chr1	12673928	12873928	harbor2	chr1	12769345	12769605	DNA/TcMar-Tigger	1014	+	130	12769475	95547
chr1	204585865	204785865	harbor2	chr1	204659123	204659238	DNA/TcMar-Tigger	593	+	58	204659181	73316
chr1	205492013	205692013	harbor2	chr1	205566428	205566714	DNA/TcMar-Tigger	1848	+	143	205566571	74558
chr1	17636788	17836788	harbor2	chr1	17674674	17675012	DNA/TcMar-Tigger	1872	+	169	17674843	38055
chr1	216443727	216643727	harbor2	chr1	216450696	216451542	DNA/TcMar-Tigger	4418	+	423	216451119	7392
chr1	205649090	205849090	harbor2	chr1	205735154	205735457	DNA/TcMar-Tigger	1685	+	152	205735306	86216
chr1	205649090	205849090	harbor2	chr1	205744487	205744630	DNA/TcMar-Tigger	714	+	72	205744559	95469
chr1	205649090	205849090	harbor2	chr1	205744932	205745097	DNA/TcMar-Tigger	714	+	82	205745014	95924
chr1	211400835	211600835	harbor2	chr1	211420280	211422138	DNA/TcMar-Tigger	14911	+	929	211421209	20374
chr1	211400835	211600835	harbor2	chr1	211422877	211423498	DNA/TcMar-Tigger	14911	+	310	211423187	22352
chr1	211400835	211600835	harbor2	chr1	211424083	211424154	DNA/TcMar-Tigger	14911	+	36	211424119	23284
chr1	211400835	211600835	harbor2	chr1	211424452	211424589	DNA/TcMar-Tigger	14911	+	68	211424520	23685
chr1	211400835	211600835	harbor2	chr1	211429110	211429344	DNA/TcMar-Tigger	1257	+	117	211429227	28392
chr1	211400835	211600835	harbor2	chr1	211476848	211477078	DNA/TcMar-Tigger	639	+	115	211476963	76128
chr1	211400835	211600835	harbor2	chr1	211497607	211498154	DNA/TcMar-Tigger	2768	+	274	211497881	97046
chr1	2170889	2370889	harbor2	chr1	2176072	2176243	DNA/TcMar-Tigger	442	+	86	2176158	5269
chr1	2138892	2338892	harbor2	chr1	2176072	2176243	DNA/TcMar-Tigger	442	+	86	2176158	37266
chr1	18514441	18714441	harbor2	chr1	18595213	18595297	DNA/TcMar-Tigger	510	+	42	18595255	80814
chr1	18514441	18714441	harbor2	chr1	18595828	18595911	DNA/TcMar-Tigger	505	+	42	18595870	81429
chr1	53227374	53427374	harbor2	chr1	53257649	53257837	DNA/TcMar-Tigger	534	+	94	53257743	30369
chr1	36756807	36956807	harbor2	chr1	36828336	36828656	DNA/TcMar-Tigger	1752	+	160	36828496	71689
chr1	229333991	229533991	harbor2	chr1	229335858	229336174	DNA/TcMar-Tigger	1504	+	158	229336016	2025
chr1	185217222	185417222	harbor2	chr1	185225565	185225809	DNA/TcMar-Tigger	1440	+	122	185225687	8465
chr1	185217222	185417222	harbor2	chr1	185269907	185269986	DNA/TcMar-Tigger	474	+	40	185269947	52725
chr1	39855819	40055819	harbor2	chr1	39860387	39860579	DNA/TcMar-Tigger	1076	+	96	39860483	4664
chr1	157038937	157238937	harbor2	chr1	157086759	157087268	DNA/TcMar-Tigger	4178	+	254	157087013	48076
chr1	157038937	157238937	harbor2	chr1	157087550	157087569	DNA/TcMar-Tigger	4178	+	10	157087560	48623
chr1	157038937	157238937	harbor2	chr1	157087871	157088118	DNA/TcMar-Tigger	4178	+	124	157087995	49058
chr1	157038937	157238937	harbor2	chr1	157088384	157088897	DNA/TcMar-Tigger	4178	+	256	157088640	49703
chr1	157038937	157238937	harbor2	chr1	157088998	157089109	DNA/TcMar-Tigger	847	+	56	157089054	50117
chr1	157038937	157238937	harbor2	chr1	157133055	157133382	DNA/TcMar-Tigger	1435	+	164	157133219	94282
chr1	2140353	2340353	harbor2	chr1	2176072	2176243	DNA/TcMar-Tigger	442	+	86	2176158	35805
chr1	6351783	6551783	harbor2	chr1	6415219	6415432	DNA/TcMar-Tigger	971	+	106	6415325	63542
chr1	727513	927513	harbor2	chr1	793726	794040	DNA/TcMar-Tigger	1971	+	157	793883	66370
chr1	727513	927513	harbor2	chr1	809061	809590	DNA/TcMar-Tigger	3061	+	264	809325	81812
chr1	727513	927513	harbor2	chr1	819731	819948	DNA/TcMar-Tigger	1132	+	108	819839	92326
chr1	204636318	204836318	harbor2	chr1	204659123	204659238	DNA/TcMar-Tigger	593	+	58	204659181	22863
chr1	204636318	204836318	harbor2	chr1	204717956	204718604	DNA/TcMar-Tigger	3463	+	324	204718280	81962
chr1	2156391	2356391	harbor2	chr1	2176072	2176243	DNA/TcMar-Tigger	442	+	86	2176158	19767
chr1	116384166	116584166	harbor2	chr1	116436515	116436826	DNA/TcMar-Tigger	1224	+	156	116436671	52505
chr1	116384166	116584166	harbor2	chr1	116446733	116446891	DNA/TcMar-Tigger	819	+	79	116446812	62646
chr1	116384166	116584166	harbor2	chr1	116447056	116448144	DNA/TcMar-Tigger	5890	+	544	116447600	63434
chr1	116384166	116584166	harbor2	chr1	116462127	116462548	DNA/TcMar-Tigger	951	+	210	116462337	78171
chr1	6685458	6885458	harbor2	chr1	6716334	6716770	DNA/TcMar-Tigger	2526	+	218	6716552	31094
chr1	211947399	212147399	harbor2	chr1	211972342	211972572	DNA/TcMar-Tigger	997	+	115	211972457	25058
chr1	211947399	212147399	harbor2	chr1	212010541	212010918	DNA/TcMar-Tigger	1250	+	188	212010729	63330
chr1	211947399	212147399	harbor2	chr1	212013043	212013149	DNA/TcMar-Tigger	515	+	53	212013096	65697
chr1	211947399	212147399	harbor2	chr1	212013327	212013954	DNA/TcMar-Tigger	3827	+	314	212013641	66242
chr1	152207691	152407691	harbor2	chr1	152237046	152237257	DNA/TcMar-Tigger	1210	+	106	152237152	29461
chr1	152207691	152407691	harbor2	chr1	152267408	152267632	DNA/TcMar-Tigger	1475	+	112	152267520	59829
chr1	209557754	209757754	harbor2	chr1	209602494	209602825	DNA/TcMar-Tigger	1991	+	166	209602660	44906
chr1	53846652	54046652	harbor2	chr1	53855501	53855829	DNA/TcMar-Tigger	1926	+	164	53855665	9013
chr1	53846652	54046652	harbor2	chr1	53865305	53865623	DNA/TcMar-Tigger	952	+	159	53865464	18812
chr1	153558724	153758724	harbor2	chr1	153620523	153620783	DNA/TcMar-Tigger	1669	+	130	153620653	61929
chr1	153558724	153758724	harbor2	chr1	153620921	153620996	DNA/TcMar-Tigger	1669	+	38	153620959	62235
chr1	25763699	25963699	harbor2	chr1	25841319	25841529	DNA/TcMar-Tigger	9194	+	105	25841424	77725
chr1	25763699	25963699	harbor2	chr1	25841824	25842899	DNA/TcMar-Tigger	9194	+	538	25842362	78663
chr1	25763699	25963699	harbor2	chr1	25843187	25843474	DNA/TcMar-Tigger	9194	+	144	25843331	79632
chr1	25763699	25963699	harbor2	chr1	25843627	25844097	DNA/TcMar-Tigger	2782	+	235	25843862	80163
chr1	44408152	44608152	harbor2	chr1	44473747	44473995	DNA/TcMar-Tigger	1947	+	124	44473871	65719
chr1	44408152	44608152	harbor2	chr1	44473996	44474092	DNA/TcMar-Tigger	1277	+	48	44474044	65892
chr1	44408152	44608152	harbor2	chr1	44474729	44474956	DNA/TcMar-Tigger	1277	+	114	44474843	66691
chr1	44408152	44608152	harbor2	chr1	44474957	44475288	DNA/TcMar-Tigger	1947	+	166	44475123	66971
chr1	44408152	44608152	harbor2	chr1	44475590	44475673	DNA/TcMar-Tigger	1947	+	42	44475632	67480
chr1	44408152	44608152	harbor2	chr1	44493072	44493233	DNA/TcMar-Tigger	1863	+	80	44493152	85000
chr1	44408152	44608152	harbor2	chr1	44493551	44493672	DNA/TcMar-Tigger	1863	+	60	44493611	85459
chr1	110682470	110882470	harbor2	chr1	110731826	110732161	DNA/TcMar-Tigger	1542	+	168	110731994	49524
chr1	44170897	44370897	harbor2	chr1	44206370	44206471	DNA/TcMar-Tigger	653	+	50	44206420	35523
chr1	53858393	54058393	harbor2	chr1	53865305	53865623	DNA/TcMar-Tigger	952	+	159	53865464	7071
chr1	2174715	2374715	harbor2	chr1	2176072	2176243	DNA/TcMar-Tigger	442	+	86	2176158	1443
chr1	727387	927387	harbor2	chr1	793726	794040	DNA/TcMar-Tigger	1971	+	157	793883	66496
chr1	727387	927387	harbor2	chr1	809061	809590	DNA/TcMar-Tigger	3061	+	264	809325	81938
chr1	727387	927387	harbor2	chr1	819731	819948	DNA/TcMar-Tigger	1132	+	108	819839	92452
chr1	155510028	155710028	harbor2	chr1	155548911	155549127	DNA/TcMar-Tigger	1221	+	108	155549019	38991
chr1	155510028	155710028	harbor2	chr1	155570302	155570878	DNA/TcMar-Tigger	2333	+	288	155570590	60562
chr1	155510028	155710028	harbor2	chr1	155549645	155549774	DNA/TcMar-Tigger	758	+	64	155549709	39681
chr1	53313469	53513469	harbor2	chr1	53336132	53336838	DNA/TcMar-Tigger	4281	+	353	53336485	23016
chr1	109523805	109723805	harbor2	chr1	109562220	109562425	DNA/TcMar-Tigger	1240	+	102	109562322	38517
chr1	2148711	2348711	harbor2	chr1	2176072	2176243	DNA/TcMar-Tigger	442	+	86	2176158	27447
chr1	19615803	19815803	harbor2	chr1	19650102	19650285	DNA/TcMar-Tigger	958	+	92	19650194	34391
chr1	19615803	19815803	harbor2	chr1	19711154	19711287	DNA/TcMar-Tigger	687	+	66	19711220	95417
chr1	38817717	39017717	harbor2	chr1	38827636	38827963	DNA/TcMar-Tigger	1949	+	164	38827800	10083
chr1	22610841	22810841	harbor2	chr1	22630779	22630871	DNA/TcMar-Tigger	751	+	46	22630825	19984
chr1	22610841	22810841	harbor2	chr1	22631167	22631561	DNA/TcMar-Tigger	751	+	197	22631364	20523
chr1	6689187	6889187	harbor2	chr1	6716334	6716770	DNA/TcMar-Tigger	2526	+	218	6716552	27365
chr1	22502707	22702707	harbor2	chr1	22557585	22557851	DNA/TcMar-Tigger	599	+	133	22557718	55011
chr1	22502707	22702707	harbor2	chr1	22566220	22566461	DNA/TcMar-Tigger	679	+	120	22566340	63633
chr1	26600726	26800726	harbor2	chr1	26670821	26671104	DNA/TcMar-Tigger	1178	+	142	26670963	70237
chr1	26600726	26800726	harbor2	chr1	26674869	26675402	DNA/TcMar-Tigger	978	+	266	26675135	74409
chr1	207652046	207852046	harbor2	chr1	207702021	207702801	DNA/TcMar-Tigger	13390	+	390	207702411	50365
chr1	207652046	207852046	harbor2	chr1	207703058	207703697	DNA/TcMar-Tigger	13390	+	320	207703378	51332
chr1	207652046	207852046	harbor2	chr1	207703984	207704916	DNA/TcMar-Tigger	13390	+	466	207704450	52404
chr1	207903426	208103426	harbor2	chr1	207903600	207904050	DNA/TcMar-Tigger	817	+	225	207903825	399
chr1	207903426	208103426	harbor2	chr1	207905631	207905977	DNA/TcMar-Tigger	2327	+	173	207905804	2378
chr1	207903426	208103426	harbor2	chr1	207914781	207914947	DNA/TcMar-Tigger	989	+	83	207914864	11438
chr1	207903426	208103426	harbor2	chr1	207921177	207921485	DNA/TcMar-Tigger	1626	+	154	207921331	17905
chr1	207903426	208103426	harbor2	chr1	207977475	207977834	DNA/TcMar-Tigger	2153	+	180	207977655	74229
chr1	207903426	208103426	harbor2	chr1	207986675	207987009	DNA/TcMar-Tigger	2219	+	167	207986842	83416
chr1	207903426	208103426	harbor2	chr1	207987144	207987207	DNA/TcMar-Tigger	2219	+	32	207987176	83750
chr1	3322721	3522721	harbor2	chr1	3341582	3341990	DNA/TcMar-Tigger	1757	+	204	3341786	19065
chr1	214586377	214786377	harbor2	chr1	214622847	214622929	DNA/TcMar-Tigger	2005	+	41	214622888	36511
chr1	214586377	214786377	harbor2	chr1	214623217	214623483	DNA/TcMar-Tigger	2005	+	133	214623350	36973
chr1	214586377	214786377	harbor2	chr1	214671466	214671827	DNA/TcMar-Tigger	584	+	180	214671646	85269
chr1	14862929	15062929	harbor2	chr1	14919701	14920036	DNA/TcMar-Tigger	1590	+	168	14919869	56940
chr1	167355689	167555689	harbor2	chr1	167389813	167390146	DNA/TcMar-Tigger	1862	+	166	167389979	34290
chr1	40217340	40417340	harbor2	chr1	40252623	40252921	DNA/TcMar-Tigger	596	+	149	40252772	35432
chr1	40217340	40417340	harbor2	chr1	40253191	40253299	DNA/TcMar-Tigger	596	+	54	40253245	35905
chr1	202249918	202449918	harbor2	chr1	202339635	202339754	DNA/TcMar-Tigger	723	+	60	202339695	89777
chr1	202249918	202449918	harbor2	chr1	202340575	202340711	DNA/TcMar-Tigger	822	+	68	202340643	90725
chr1	161077890	161277890	harbor2	chr1	161114999	161115060	DNA/TcMar-Tigger	2709	+	30	161115029	37139
chr1	161077890	161277890	harbor2	chr1	161115364	161115875	DNA/TcMar-Tigger	2709	+	256	161115620	37730
chr1	244609722	244809722	harbor2	chr1	244627760	244628301	DNA/TcMar-Tigger	3047	+	270	244628030	18308
chr1	225365084	225565084	harbor2	chr1	225416654	225416982	DNA/TcMar-Tigger	1770	+	164	225416818	51734
chr1	145920756	146120756	harbor2	chr1	145938889	145938978	DNA/TcMar-Tigger	598	+	44	145938933	18177
chr1	145920756	146120756	harbor2	chr1	145939197	145939293	DNA/TcMar-Tigger	565	+	48	145939245	18489
chr1	33905807	34105807	harbor2	chr1	33966358	33967032	DNA/TcMar-Tigger	2094	+	337	33966695	60888
chr1	33905807	34105807	harbor2	chr1	33967039	33967236	DNA/TcMar-Tigger	561	+	98	33967137	61330
chr1	226786659	226986659	harbor2	chr1	226788357	226789209	DNA/TcMar-Tigger	4357	+	426	226788783	2124
chr1	226786659	226986659	harbor2	chr1	226811851	226812167	DNA/TcMar-Tigger	1245	+	158	226812009	25350
chr1	113990947	114190947	harbor2	chr1	114009508	114010606	DNA/TcMar-Tigger	6381	+	549	114010057	19110
chr1	2138421	2338421	harbor2	chr1	2176072	2176243	DNA/TcMar-Tigger	442	+	86	2176158	37737
chr1	230941728	231141728	harbor2	chr1	230974351	230974679	DNA/TcMar-Tigger	1761	+	164	230974515	32787
chr1	245610561	245810561	harbor2	chr1	245623545	245623861	DNA/TcMar-Tigger	1941	+	158	245623703	13142
chr1	245610561	245810561	harbor2	chr1	245655684	245655823	DNA/TcMar-Tigger	560	+	70	245655754	45193
chr1	245610561	245810561	harbor2	chr1	245680676	245681203	DNA/TcMar-Tigger	2910	+	264	245680940	70379
chr1	245610561	245810561	harbor2	chr1	245681509	245681960	DNA/TcMar-Tigger	2910	+	226	245681735	71174
chr1	245610561	245810561	harbor2	chr1	245682269	245682406	DNA/TcMar-Tigger	2910	+	68	245682337	71776
chr1	17337716	17537716	harbor2	chr1	17417828	17418122	DNA/TcMar-Tigger	1018	+	147	17417975	80259
chr1	53312834	53512834	harbor2	chr1	53336132	53336838	DNA/TcMar-Tigger	4281	+	353	53336485	23651
chr1	2139630	2339630	harbor2	chr1	2176072	2176243	DNA/TcMar-Tigger	442	+	86	2176158	36528
chr1	7926217	8126217	harbor2	chr1	7926211	7926474	DNA/TcMar-Tigger	1722	+	132	7926343	126
chr1	230940319	231140319	harbor2	chr1	230974351	230974679	DNA/TcMar-Tigger	1761	+	164	230974515	34196
chr1	117032433	117232433	harbor2	chr1	117076888	117077218	DNA/TcMar-Tigger	1637	+	165	117077053	44620
chr1	19187949	19387949	harbor2	chr1	19247369	19247743	DNA/TcMar-Tigger	5518	+	187	19247556	59607
chr1	19187949	19387949	harbor2	chr1	19248035	19248192	DNA/TcMar-Tigger	5518	+	78	19248113	60164
chr1	19187949	19387949	harbor2	chr1	19248811	19249607	DNA/TcMar-Tigger	5518	+	398	19249209	61260
chr2	219078277	219278277	harbor2	chr2	219083971	219083994	DNA/TcMar-Tigger	453	+	12	219083983	5706
chr2	219078277	219278277	harbor2	chr2	219084305	219084371	DNA/TcMar-Tigger	453	+	33	219084338	6061
chr2	219078277	219278277	harbor2	chr2	219096985	219097267	DNA/TcMar-Tigger	1537	+	141	219097126	18849
chr2	1788562	1988562	harbor2	chr2	1858351	1858639	DNA/TcMar-Tigger	650	+	144	1858495	69933
chr2	219078262	219278262	harbor2	chr2	219083971	219083994	DNA/TcMar-Tigger	453	+	12	219083983	5721
chr2	219078262	219278262	harbor2	chr2	219084305	219084371	DNA/TcMar-Tigger	453	+	33	219084338	6076
chr2	219078262	219278262	harbor2	chr2	219096985	219097267	DNA/TcMar-Tigger	1537	+	141	219097126	18864
chr2	219078276	219278276	harbor2	chr2	219083971	219083994	DNA/TcMar-Tigger	453	+	12	219083983	5707
chr2	219078276	219278276	harbor2	chr2	219084305	219084371	DNA/TcMar-Tigger	453	+	33	219084338	6062
chr2	219078276	219278276	harbor2	chr2	219096985	219097267	DNA/TcMar-Tigger	1537	+	141	219097126	18850
chr2	43055480	43255480	harbor2	chr2	43096018	43096358	DNA/TcMar-Tigger	1805	+	170	43096188	40708
chr2	43055480	43255480	harbor2	chr2	43111885	43112074	DNA/TcMar-Tigger	688	+	94	43111979	56499
chr2	43055480	43255480	harbor2	chr2	43118407	43118825	DNA/TcMar-Tigger	2693	+	209	43118616	63136
chr2	219078261	219278261	harbor2	chr2	219083971	219083994	DNA/TcMar-Tigger	453	+	12	219083983	5722
chr2	219078261	219278261	harbor2	chr2	219084305	219084371	DNA/TcMar-Tigger	453	+	33	219084338	6077
chr2	219078261	219278261	harbor2	chr2	219096985	219097267	DNA/TcMar-Tigger	1537	+	141	219097126	18865
chr2	53472337	53672337	harbor2	chr2	53530882	53531303	DNA/TcMar-Tigger	2231	+	210	53531092	58755
chr2	53472337	53672337	harbor2	chr2	53531622	53532649	DNA/TcMar-Tigger	6445	+	514	53532136	59799
chr2	53472337	53672337	harbor2	chr2	53533871	53534885	DNA/TcMar-Tigger	5557	+	507	53534378	62041
chr2	53472337	53672337	harbor2	chr2	53543162	53543434	DNA/TcMar-Tigger	1296	+	136	53543298	70961
chr2	70453855	70653855	harbor2	chr2	70507779	70508162	DNA/TcMar-Tigger	1619	+	192	70507971	54116
chr2	70453855	70653855	harbor2	chr2	70508465	70508624	DNA/TcMar-Tigger	1619	+	80	70508545	54690
chr2	70453855	70653855	harbor2	chr2	70536908	70539290	DNA/TcMar-Tigger	14774	+	1191	70538099	84244
chr2	218223269	218423269	harbor2	chr2	218223082	218223485	DNA/TcMar-Tigger	2478	+	202	218223284	15
chr2	218223269	218423269	harbor2	chr2	218223507	218223583	DNA/TcMar-Tigger	446	+	38	218223545	276
chr2	218223269	218423269	harbor2	chr2	218288521	218288713	DNA/TcMar-Tigger	1081	+	96	218288617	65348
chr2	218223269	218423269	harbor2	chr2	218310523	218310584	DNA/TcMar-Tigger	1391	+	30	218310553	87284
chr2	218223269	218423269	harbor2	chr2	218310890	218311118	DNA/TcMar-Tigger	1391	+	114	218311004	87735
chr2	219078283	219278283	harbor2	chr2	219083971	219083994	DNA/TcMar-Tigger	453	+	12	219083983	5700
chr2	219078283	219278283	harbor2	chr2	219084305	219084371	DNA/TcMar-Tigger	453	+	33	219084338	6055
chr2	219078283	219278283	harbor2	chr2	219096985	219097267	DNA/TcMar-Tigger	1537	+	141	219097126	18843
chr2	26950509	27150509	harbor2	chr2	27020916	27021249	DNA/TcMar-Tigger	1676	+	166	27021082	70573
chr2	219078282	219278282	harbor2	chr2	219083971	219083994	DNA/TcMar-Tigger	453	+	12	219083983	5701
chr2	219078282	219278282	harbor2	chr2	219084305	219084371	DNA/TcMar-Tigger	453	+	33	219084338	6056
chr2	219078282	219278282	harbor2	chr2	219096985	219097267	DNA/TcMar-Tigger	1537	+	141	219097126	18844
chr2	219079117	219279117	harbor2	chr2	219083971	219083994	DNA/TcMar-Tigger	453	+	12	219083983	4866
chr2	219079117	219279117	harbor2	chr2	219084305	219084371	DNA/TcMar-Tigger	453	+	33	219084338	5221
chr2	219079117	219279117	harbor2	chr2	219096985	219097267	DNA/TcMar-Tigger	1537	+	141	219097126	18009
chr2	219078255	219278255	harbor2	chr2	219083971	219083994	DNA/TcMar-Tigger	453	+	12	219083983	5728
chr2	219078255	219278255	harbor2	chr2	219084305	219084371	DNA/TcMar-Tigger	453	+	33	219084338	6083
chr2	219078255	219278255	harbor2	chr2	219096985	219097267	DNA/TcMar-Tigger	1537	+	141	219097126	18871
chr2	219081059	219281059	harbor2	chr2	219083971	219083994	DNA/TcMar-Tigger	453	+	12	219083983	2924
chr2	219081059	219281059	harbor2	chr2	219084305	219084371	DNA/TcMar-Tigger	453	+	33	219084338	3279
chr2	219081059	219281059	harbor2	chr2	219096985	219097267	DNA/TcMar-Tigger	1537	+	141	219097126	16067
chr2	219078275	219278275	harbor2	chr2	219083971	219083994	DNA/TcMar-Tigger	453	+	12	219083983	5708
chr2	219078275	219278275	harbor2	chr2	219084305	219084371	DNA/TcMar-Tigger	453	+	33	219084338	6063
chr2	219078275	219278275	harbor2	chr2	219096985	219097267	DNA/TcMar-Tigger	1537	+	141	219097126	18851
chr2	195072898	195272898	harbor2	chr2	195166891	195167536	DNA/TcMar-Tigger	7679	+	322	195167213	94315
chr2	195072898	195272898	harbor2	chr2	195167743	195168911	DNA/TcMar-Tigger	7619	+	584	195168327	95429
chr2	195072898	195272898	harbor2	chr2	195166000	195166591	DNA/TcMar-Tigger	7679	+	296	195166296	93398
chr2	43056095	43256095	harbor2	chr2	43096018	43096358	DNA/TcMar-Tigger	1805	+	170	43096188	40093
chr2	43056095	43256095	harbor2	chr2	43111885	43112074	DNA/TcMar-Tigger	688	+	94	43111979	55884
chr2	43056095	43256095	harbor2	chr2	43118407	43118825	DNA/TcMar-Tigger	2693	+	209	43118616	62521
chr2	26956547	27156547	harbor2	chr2	27020916	27021249	DNA/TcMar-Tigger	1676	+	166	27021082	64535
chr2	219078258	219278258	harbor2	chr2	219083971	219083994	DNA/TcMar-Tigger	453	+	12	219083983	5725
chr2	219078258	219278258	harbor2	chr2	219084305	219084371	DNA/TcMar-Tigger	453	+	33	219084338	6080
chr2	219078258	219278258	harbor2	chr2	219096985	219097267	DNA/TcMar-Tigger	1537	+	141	219097126	18868
chr2	219078269	219278269	harbor2	chr2	219083971	219083994	DNA/TcMar-Tigger	453	+	12	219083983	5714
chr2	219078269	219278269	harbor2	chr2	219084305	219084371	DNA/TcMar-Tigger	453	+	33	219084338	6069
chr2	219078269	219278269	harbor2	chr2	219096985	219097267	DNA/TcMar-Tigger	1537	+	141	219097126	18857
chr2	219078253	219278253	harbor2	chr2	219083971	219083994	DNA/TcMar-Tigger	453	+	12	219083983	5730
chr2	219078253	219278253	harbor2	chr2	219084305	219084371	DNA/TcMar-Tigger	453	+	33	219084338	6085
chr2	219078253	219278253	harbor2	chr2	219096985	219097267	DNA/TcMar-Tigger	1537	+	141	219097126	18873
chr2	241049610	241249610	harbor2	chr2	241100285	241100459	DNA/TcMar-Tigger	968	+	87	241100372	50762
chr2	241049610	241249610	harbor2	chr2	241100662	241100890	DNA/TcMar-Tigger	1352	+	114	241100776	51166
chr2	113484990	113684990	harbor2	chr2	113487149	113487355	DNA/TcMar-Tigger	1248	+	103	113487252	2262
chr2	113484990	113684990	harbor2	chr2	113531696	113532046	DNA/TcMar-Tigger	2174	+	175	113531871	46881
chr2	219078252	219278252	harbor2	chr2	219083971	219083994	DNA/TcMar-Tigger	453	+	12	219083983	5731
chr2	219078252	219278252	harbor2	chr2	219084305	219084371	DNA/TcMar-Tigger	453	+	33	219084338	6086
chr2	219078252	219278252	harbor2	chr2	219096985	219097267	DNA/TcMar-Tigger	1537	+	141	219097126	18874
chr2	238807569	239007569	harbor2	chr2	238861715	238861893	DNA/TcMar-Tigger	894	+	89	238861804	54235
chr2	238807569	239007569	harbor2	chr2	238861899	238861996	DNA/TcMar-Tigger	474	+	48	238861947	54378
chr2	3909466	4109466	harbor2	chr2	3987026	3987098	DNA/TcMar-Tigger	1013	+	36	3987062	77596
chr2	3909466	4109466	harbor2	chr2	3987142	3987299	DNA/TcMar-Tigger	1013	+	78	3987220	77754
chr2	113484950	113684950	harbor2	chr2	113487149	113487355	DNA/TcMar-Tigger	1248	+	103	113487252	2302
chr2	113484950	113684950	harbor2	chr2	113531696	113532046	DNA/TcMar-Tigger	2174	+	175	113531871	46921
chr2	152618727	152818727	harbor2	chr2	152693309	152693630	DNA/TcMar-Tigger	805	+	160	152693469	74742
chr2	72787348	72987348	harbor2	chr2	72823796	72823952	DNA/TcMar-Tigger	994	+	78	72823874	36526
chr2	72787348	72987348	harbor2	chr2	72868517	72868719	DNA/TcMar-Tigger	1110	+	101	72868618	81270
chr2	43459411	43659411	harbor2	chr2	43490614	43490896	DNA/TcMar-Tigger	1318	+	141	43490755	31344
chr2	43459411	43659411	harbor2	chr2	43491459	43491807	DNA/TcMar-Tigger	1664	+	174	43491633	32222
chr2	43459411	43659411	harbor2	chr2	43503905	43504138	DNA/TcMar-Tigger	1191	+	116	43504021	44610
chr2	6817447	7017447	harbor2	chr2	6866503	6866992	DNA/TcMar-Tigger	604	+	244	6866747	49300
chr2	43055466	43255466	harbor2	chr2	43096018	43096358	DNA/TcMar-Tigger	1805	+	170	43096188	40722
chr2	43055466	43255466	harbor2	chr2	43111885	43112074	DNA/TcMar-Tigger	688	+	94	43111979	56513
chr2	43055466	43255466	harbor2	chr2	43118407	43118825	DNA/TcMar-Tigger	2693	+	209	43118616	63150
chr2	169386758	169586758	harbor2	chr2	169398155	169398220	DNA/TcMar-Tigger	699	+	32	169398187	11429
chr2	169386758	169586758	harbor2	chr2	169398354	169398457	DNA/TcMar-Tigger	699	+	52	169398406	11648
chr2	42069370	42269370	harbor2	chr2	42070108	42070470	DNA/TcMar-Tigger	2240	+	181	42070289	919
chr2	219078268	219278268	harbor2	chr2	219083971	219083994	DNA/TcMar-Tigger	453	+	12	219083983	5715
chr2	219078268	219278268	harbor2	chr2	219084305	219084371	DNA/TcMar-Tigger	453	+	33	219084338	6070
chr2	219078268	219278268	harbor2	chr2	219096985	219097267	DNA/TcMar-Tigger	1537	+	141	219097126	18858
chr2	86515479	86715479	harbor2	chr2	86524343	86524699	DNA/TcMar-Tigger	1924	+	178	86524521	9042
chr2	86515479	86715479	harbor2	chr2	86550673	86551006	DNA/TcMar-Tigger	1917	+	166	86550839	35360
chr2	86515479	86715479	harbor2	chr2	86594781	86594836	DNA/TcMar-Tigger	13303	+	28	86594809	79330
chr2	86515479	86715479	harbor2	chr2	86595141	86597251	DNA/TcMar-Tigger	13303	+	1055	86596196	80717
chr2	46271422	46471422	harbor2	chr2	46318534	46318723	DNA/TcMar-Tigger	1132	+	94	46318628	47206
chr2	190914208	191114208	harbor2	chr2	190982659	190983316	DNA/TcMar-Tigger	2896	+	328	190982987	68779
chr2	190914208	191114208	harbor2	chr2	191005342	191005710	DNA/TcMar-Tigger	1935	+	184	191005526	91318
chr2	237919027	238119027	harbor2	chr2	237927220	237927409	DNA/TcMar-Tigger	479	+	94	237927314	8287
chr2	113779869	113979869	harbor2	chr2	113870428	113871070	DNA/TcMar-Tigger	3621	+	321	113870749	90880
chr2	43055483	43255483	harbor2	chr2	43096018	43096358	DNA/TcMar-Tigger	1805	+	170	43096188	40705
chr2	43055483	43255483	harbor2	chr2	43111885	43112074	DNA/TcMar-Tigger	688	+	94	43111979	56496
chr2	43055483	43255483	harbor2	chr2	43118407	43118825	DNA/TcMar-Tigger	2693	+	209	43118616	63133
chr2	239858832	240058832	harbor2	chr2	239891655	239892007	DNA/TcMar-Tigger	1987	+	176	239891831	32999
chr2	239858832	240058832	harbor2	chr2	239900689	239901203	DNA/TcMar-Tigger	9658	+	257	239900946	42114
chr2	239858832	240058832	harbor2	chr2	239901367	239902614	DNA/TcMar-Tigger	9658	+	624	239901991	43159
chr2	239858832	240058832	harbor2	chr2	239926322	239926774	DNA/TcMar-Tigger	4188	+	226	239926548	67716
chr2	239858832	240058832	harbor2	chr2	239927136	239927507	DNA/TcMar-Tigger	4188	+	186	239927322	68490
chr2	219078246	219278246	harbor2	chr2	219083971	219083994	DNA/TcMar-Tigger	453	+	12	219083983	5737
chr2	219078246	219278246	harbor2	chr2	219084305	219084371	DNA/TcMar-Tigger	453	+	33	219084338	6092
chr2	219078246	219278246	harbor2	chr2	219096985	219097267	DNA/TcMar-Tigger	1537	+	141	219097126	18880
chr2	26950619	27150619	harbor2	chr2	27020916	27021249	DNA/TcMar-Tigger	1676	+	166	27021082	70463
chr2	42261218	42461218	harbor2	chr2	42268113	42268412	DNA/TcMar-Tigger	901	+	150	42268263	7045
chr2	42261218	42461218	harbor2	chr2	42280398	42280702	DNA/TcMar-Tigger	1562	+	152	42280550	19332
chr2	127929061	128129061	harbor2	chr2	127932618	127932919	DNA/TcMar-Tigger	1888	+	150	127932768	3707
chr2	127929061	128129061	harbor2	chr2	127933216	127933649	DNA/TcMar-Tigger	2709	+	216	127933432	4371
chr2	127929061	128129061	harbor2	chr2	127974455	127974531	DNA/TcMar-Tigger	1705	+	38	127974493	45432
chr2	127929061	128129061	harbor2	chr2	127974827	127975067	DNA/TcMar-Tigger	1705	+	120	127974947	45886
chr2	127929061	128129061	harbor2	chr2	127975776	127975878	DNA/TcMar-Tigger	527	+	51	127975827	46766
chr2	127929061	128129061	harbor2	chr2	128001544	128001829	DNA/TcMar-Tigger	1574	+	142	128001686	72625
chr2	127929061	128129061	harbor2	chr2	128007138	128007472	DNA/TcMar-Tigger	1720	+	167	128007305	78244
chr2	127929061	128129061	harbor2	chr2	128025452	128025793	DNA/TcMar-Tigger	1924	+	170	128025622	96561
chr2	127929061	128129061	harbor2	chr2	127975066	127975801	DNA/TcMar-Tigger	3004	+	368	127975434	46373
chr2	87467266	87667266	harbor2	chr2	87524160	87524552	DNA/TcMar-Tigger	1696	+	196	87524356	57090
chr2	70771714	70971714	harbor2	chr2	70783209	70783446	DNA/TcMar-Tigger	461	+	118	70783327	11613
chr2	70771714	70971714	harbor2	chr2	70805430	70805565	DNA/TcMar-Tigger	8509	+	68	70805498	33784
chr2	70771714	70971714	harbor2	chr2	70805866	70806931	DNA/TcMar-Tigger	8509	+	532	70806398	34684
chr2	70771714	70971714	harbor2	chr2	70807228	70807556	DNA/TcMar-Tigger	8509	+	164	70807392	35678
chr2	70771714	70971714	harbor2	chr2	70821035	70821173	DNA/TcMar-Tigger	847	+	69	70821104	49390
chr2	200603208	200803208	harbor2	chr2	200653674	200654166	DNA/TcMar-Tigger	3211	+	246	200653920	50712
chr2	200603208	200803208	harbor2	chr2	200654239	200654541	DNA/TcMar-Tigger	1777	+	151	200654390	51182
chr2	200603208	200803208	harbor2	chr2	200690294	200690624	DNA/TcMar-Tigger	1895	+	165	200690459	87251
chr2	200603208	200803208	harbor2	chr2	200690873	200690966	DNA/TcMar-Tigger	1593	+	46	200690919	87711
chr2	200603208	200803208	harbor2	chr2	200691250	200691464	DNA/TcMar-Tigger	1593	+	107	200691357	88149
chr2	111955657	112155657	harbor2	chr2	111996149	111997039	DNA/TcMar-Tigger	3824	+	445	111996594	40937
chr2	111955657	112155657	harbor2	chr2	111997139	111997182	DNA/TcMar-Tigger	1866	+	22	111997161	41504
chr2	113497566	113697566	harbor2	chr2	113531696	113532046	DNA/TcMar-Tigger	2174	+	175	113531871	34305
chr2	86976784	87176784	harbor2	chr2	87012669	87012961	DNA/TcMar-Tigger	996	+	146	87012815	36031
chr2	86976784	87176784	harbor2	chr2	87013670	87014362	DNA/TcMar-Tigger	1174	+	346	87014016	37232
chr2	86976784	87176784	harbor2	chr2	87045845	87046021	DNA/TcMar-Tigger	467	+	88	87045933	69149
chr2	152618540	152818540	harbor2	chr2	152693309	152693630	DNA/TcMar-Tigger	805	+	160	152693469	74929
chr2	26957456	27157456	harbor2	chr2	27020916	27021249	DNA/TcMar-Tigger	1676	+	166	27021082	63626
chr2	42069378	42269378	harbor2	chr2	42070108	42070470	DNA/TcMar-Tigger	2240	+	181	42070289	911
chr2	120748875	120948875	harbor2	chr2	120838651	120838962	DNA/TcMar-Tigger	1577	+	156	120838807	89932
chr2	203717178	203917178	harbor2	chr2	203717614	203717799	DNA/TcMar-Tigger	461	+	92	203717706	528
chr2	203717178	203917178	harbor2	chr2	203720502	203720755	DNA/TcMar-Tigger	615	+	126	203720628	3450
chr2	203717178	203917178	harbor2	chr2	203809696	203809935	DNA/TcMar-Tigger	1330	+	120	203809816	92638
chr2	219343736	219543736	harbor2	chr2	219378631	219378910	DNA/TcMar-Tigger	6636	+	140	219378771	35035
chr2	219343736	219543736	harbor2	chr2	219379217	219379640	DNA/TcMar-Tigger	6636	+	212	219379429	35693
chr2	219343736	219543736	harbor2	chr2	219379951	219380202	DNA/TcMar-Tigger	6636	+	126	219380077	36341
chr2	219343736	219543736	harbor2	chr2	219380522	219380766	DNA/TcMar-Tigger	6636	+	122	219380644	36908
chr2	26950608	27150608	harbor2	chr2	27020916	27021249	DNA/TcMar-Tigger	1676	+	166	27021082	70474
chr2	56148544	56348544	harbor2	chr2	56221297	56221809	DNA/TcMar-Tigger	1671	+	256	56221553	73009
chr2	56148544	56348544	harbor2	chr2	56222163	56222229	DNA/TcMar-Tigger	1671	+	33	56222196	73652
chr2	6845395	7045395	harbor2	chr2	6866503	6866992	DNA/TcMar-Tigger	604	+	244	6866747	21352
chr2	70771713	70971713	harbor2	chr2	70783209	70783446	DNA/TcMar-Tigger	461	+	118	70783327	11614
chr2	70771713	70971713	harbor2	chr2	70805430	70805565	DNA/TcMar-Tigger	8509	+	68	70805498	33785
chr2	70771713	70971713	harbor2	chr2	70805866	70806931	DNA/TcMar-Tigger	8509	+	532	70806398	34685
chr2	70771713	70971713	harbor2	chr2	70807228	70807556	DNA/TcMar-Tigger	8509	+	164	70807392	35679
chr2	70771713	70971713	harbor2	chr2	70821035	70821173	DNA/TcMar-Tigger	847	+	69	70821104	49391
chr2	26246115	26446115	harbor2	chr2	26247564	26247906	DNA/TcMar-Tigger	1961	+	171	26247735	1620
chr2	74272719	74472719	harbor2	chr2	74285277	74285507	DNA/TcMar-Tigger	1131	+	115	74285392	12673
chr2	74272719	74472719	harbor2	chr2	74333400	74333705	DNA/TcMar-Tigger	1162	+	152	74333552	60833
chr2	46225653	46425653	harbor2	chr2	46318534	46318723	DNA/TcMar-Tigger	1132	+	94	46318628	92975
chr2	219497764	219697764	harbor2	chr2	219588644	219588811	DNA/TcMar-Tigger	1503	+	84	219588728	90964
chr2	219497764	219697764	harbor2	chr2	219589120	219589170	DNA/TcMar-Tigger	1503	+	25	219589145	91381
chr2	219497764	219697764	harbor2	chr2	219589676	219589791	DNA/TcMar-Tigger	1503	+	58	219589734	91970
chr2	219081092	219281092	harbor2	chr2	219083971	219083994	DNA/TcMar-Tigger	453	+	12	219083983	2891
chr2	219081092	219281092	harbor2	chr2	219084305	219084371	DNA/TcMar-Tigger	453	+	33	219084338	3246
chr2	219081092	219281092	harbor2	chr2	219096985	219097267	DNA/TcMar-Tigger	1537	+	141	219097126	16034
chr2	160417009	160617009	harbor2	chr2	160508831	160509494	DNA/TcMar-Tigger	3093	+	332	160509163	92154
chr2	160417009	160617009	harbor2	chr2	160509496	160509731	DNA/TcMar-Tigger	1371	+	118	160509614	92605
chr2	28765454	28965454	harbor2	chr2	28844422	28844646	DNA/TcMar-Tigger	1421	+	112	28844534	79080
chr2	28765454	28965454	harbor2	chr2	28845085	28845104	DNA/TcMar-Tigger	1421	+	10	28845095	79641
chr2	28765454	28965454	harbor2	chr2	28845396	28845471	DNA/TcMar-Tigger	1421	+	38	28845434	79980
chr2	28765454	28965454	harbor2	chr2	28847386	28847459	DNA/TcMar-Tigger	1490	+	36	28847422	81968
chr2	28765454	28965454	harbor2	chr2	28847775	28848110	DNA/TcMar-Tigger	1490	+	168	28847943	82489
chr2	219078263	219278263	harbor2	chr2	219083971	219083994	DNA/TcMar-Tigger	453	+	12	219083983	5720
chr2	219078263	219278263	harbor2	chr2	219084305	219084371	DNA/TcMar-Tigger	453	+	33	219084338	6075
chr2	219078263	219278263	harbor2	chr2	219096985	219097267	DNA/TcMar-Tigger	1537	+	141	219097126	18863
chr2	3169197	3369197	harbor2	chr2	3237282	3237586	DNA/TcMar-Tigger	1329	+	152	3237434	68237
chr2	53795907	53995907	harbor2	chr2	53845832	53846023	DNA/TcMar-Tigger	1026	+	96	53845928	50021
chr2	53795907	53995907	harbor2	chr2	53858481	53859186	DNA/TcMar-Tigger	1084	+	352	53858833	62926
chr2	70826505	71026505	harbor2	chr2	70882085	70882408	DNA/TcMar-Tigger	2440	+	162	70882247	55742
chr2	74372415	74572415	harbor2	chr2	74393877	74394051	DNA/TcMar-Tigger	997	+	87	74393964	21549
chr2	74372415	74572415	harbor2	chr2	74394426	74394540	DNA/TcMar-Tigger	513	+	57	74394483	22068
chr2	26950206	27150206	harbor2	chr2	27020916	27021249	DNA/TcMar-Tigger	1676	+	166	27021082	70876
chr2	111955694	112155694	harbor2	chr2	111996149	111997039	DNA/TcMar-Tigger	3824	+	445	111996594	40900
chr2	111955694	112155694	harbor2	chr2	111997139	111997182	DNA/TcMar-Tigger	1866	+	22	111997161	41467
chr2	219078270	219278270	harbor2	chr2	219083971	219083994	DNA/TcMar-Tigger	453	+	12	219083983	5713
chr2	219078270	219278270	harbor2	chr2	219084305	219084371	DNA/TcMar-Tigger	453	+	33	219084338	6068
chr2	219078270	219278270	harbor2	chr2	219096985	219097267	DNA/TcMar-Tigger	1537	+	141	219097126	18856
chr2	120666618	120866618	harbor2	chr2	120682377	120682436	DNA/TcMar-Tigger	745	+	30	120682407	15789
chr2	120666618	120866618	harbor2	chr2	120682750	120683005	DNA/TcMar-Tigger	745	+	128	120682878	16260
chr2	152619118	152819118	harbor2	chr2	152693309	152693630	DNA/TcMar-Tigger	805	+	160	152693469	74351
chr2	70771742	70971742	harbor2	chr2	70783209	70783446	DNA/TcMar-Tigger	461	+	118	70783327	11585
chr2	70771742	70971742	harbor2	chr2	70805430	70805565	DNA/TcMar-Tigger	8509	+	68	70805498	33756
chr2	70771742	70971742	harbor2	chr2	70805866	70806931	DNA/TcMar-Tigger	8509	+	532	70806398	34656
chr2	70771742	70971742	harbor2	chr2	70807228	70807556	DNA/TcMar-Tigger	8509	+	164	70807392	35650
chr2	70771742	70971742	harbor2	chr2	70821035	70821173	DNA/TcMar-Tigger	847	+	69	70821104	49362
chr2	217616860	217816860	harbor2	chr2	217632709	217633053	DNA/TcMar-Tigger	1956	+	172	217632881	16021
chr2	217616860	217816860	harbor2	chr2	217689521	217689599	DNA/TcMar-Tigger	476	+	39	217689560	72700
chr2	26950220	27150220	harbor2	chr2	27020916	27021249	DNA/TcMar-Tigger	1676	+	166	27021082	70862
chr2	44379608	44579608	harbor2	chr2	44436740	44436905	DNA/TcMar-Tigger	458	+	82	44436822	57214
chr2	26950698	27150698	harbor2	chr2	27020916	27021249	DNA/TcMar-Tigger	1676	+	166	27021082	70384
chr2	26969295	27169295	harbor2	chr2	27020916	27021249	DNA/TcMar-Tigger	1676	+	166	27021082	51787
chr2	111956912	112156912	harbor2	chr2	111996149	111997039	DNA/TcMar-Tigger	3824	+	445	111996594	39682
chr2	111956912	112156912	harbor2	chr2	111997139	111997182	DNA/TcMar-Tigger	1866	+	22	111997161	40249
chr2	43173998	43373998	harbor2	chr2	43177083	43177230	DNA/TcMar-Tigger	938	+	74	43177157	3159
chr2	43173998	43373998	harbor2	chr2	43177533	43177736	DNA/TcMar-Tigger	938	+	102	43177635	3637
chr2	48215708	48415708	harbor2	chr2	48237403	48237561	DNA/TcMar-Tigger	763	+	79	48237482	21774
chr2	48215708	48415708	harbor2	chr2	48237559	48237875	DNA/TcMar-Tigger	3659	+	158	48237717	22009
chr2	48215708	48415708	harbor2	chr2	48238120	48238161	DNA/TcMar-Tigger	3659	+	20	48238140	22432
chr2	48215708	48415708	harbor2	chr2	48238424	48238859	DNA/TcMar-Tigger	3659	+	218	48238642	22934
chr2	26982677	27182677	harbor2	chr2	27020916	27021249	DNA/TcMar-Tigger	1676	+	166	27021082	38405
chr2	65025318	65225318	harbor2	chr2	65031729	65032240	DNA/TcMar-Tigger	949	+	256	65031985	6667
chr2	219501939	219701939	harbor2	chr2	219588644	219588811	DNA/TcMar-Tigger	1503	+	84	219588728	86789
chr2	219501939	219701939	harbor2	chr2	219589120	219589170	DNA/TcMar-Tigger	1503	+	25	219589145	87206
chr2	219501939	219701939	harbor2	chr2	219589676	219589791	DNA/TcMar-Tigger	1503	+	58	219589734	87795
chr2	113484926	113684926	harbor2	chr2	113487149	113487355	DNA/TcMar-Tigger	1248	+	103	113487252	2326
chr2	113484926	113684926	harbor2	chr2	113531696	113532046	DNA/TcMar-Tigger	2174	+	175	113531871	46945
chr2	218180022	218380022	harbor2	chr2	218223082	218223485	DNA/TcMar-Tigger	2478	+	202	218223284	43262
chr2	218180022	218380022	harbor2	chr2	218223507	218223583	DNA/TcMar-Tigger	446	+	38	218223545	43523
chr2	113619441	113819441	harbor2	chr2	113685556	113686259	DNA/TcMar-Tigger	7006	+	352	113685908	66467
chr2	113619441	113819441	harbor2	chr2	113686550	113687027	DNA/TcMar-Tigger	7006	+	238	113686788	67347
chr2	113619441	113819441	harbor2	chr2	113715669	113715845	DNA/TcMar-Tigger	956	+	88	113715757	96316
chr2	95821397	96021397	harbor2	chr2	95840043	95840903	DNA/TcMar-Tigger	9554	+	430	95840473	19076
chr2	95821397	96021397	harbor2	chr2	95840945	95842014	DNA/TcMar-Tigger	9554	+	534	95841479	20082
chr2	95821397	96021397	harbor2	chr2	95851288	95851635	DNA/TcMar-Tigger	1992	+	174	95851462	30065
chr2	219078284	219278284	harbor2	chr2	219083971	219083994	DNA/TcMar-Tigger	453	+	12	219083983	5699
chr2	219078284	219278284	harbor2	chr2	219084305	219084371	DNA/TcMar-Tigger	453	+	33	219084338	6054
chr2	219078284	219278284	harbor2	chr2	219096985	219097267	DNA/TcMar-Tigger	1537	+	141	219097126	18842
chr2	42069367	42269367	harbor2	chr2	42070108	42070470	DNA/TcMar-Tigger	2240	+	181	42070289	922
chr2	26246633	26446633	harbor2	chr2	26247564	26247906	DNA/TcMar-Tigger	1961	+	171	26247735	1102
chr2	42069757	42269757	harbor2	chr2	42070108	42070470	DNA/TcMar-Tigger	2240	+	181	42070289	532
chr2	157738652	157938652	harbor2	chr2	157762168	157762477	DNA/TcMar-Tigger	1590	+	154	157762322	23670
chr2	157738652	157938652	harbor2	chr2	157788224	157788755	DNA/TcMar-Tigger	2847	+	266	157788490	49838
chr2	159046393	159246393	harbor2	chr2	159098131	159098473	DNA/TcMar-Tigger	2050	+	171	159098302	51909
chr2	159046393	159246393	harbor2	chr2	159109549	159110254	DNA/TcMar-Tigger	3986	+	352	159109901	63508
chr2	159046393	159246393	harbor2	chr2	159110253	159110358	DNA/TcMar-Tigger	583	+	52	159110305	63912
chr2	105442419	105642419	harbor2	chr2	105514215	105514520	DNA/TcMar-Tigger	1327	+	152	105514367	71948
chr2	113484846	113684846	harbor2	chr2	113487149	113487355	DNA/TcMar-Tigger	1248	+	103	113487252	2406
chr2	113484846	113684846	harbor2	chr2	113531696	113532046	DNA/TcMar-Tigger	2174	+	175	113531871	47025
chr2	72971510	73171510	harbor2	chr2	73024794	73025024	DNA/TcMar-Tigger	830	+	115	73024909	53399
chr2	72971510	73171510	harbor2	chr2	73026443	73026715	DNA/TcMar-Tigger	6522	+	136	73026579	55069
chr2	72971510	73171510	harbor2	chr2	73027027	73027652	DNA/TcMar-Tigger	6522	+	312	73027339	55829
chr2	72971510	73171510	harbor2	chr2	73027962	73028238	DNA/TcMar-Tigger	6522	+	138	73028100	56590
chr2	26982780	27182780	harbor2	chr2	27020916	27021249	DNA/TcMar-Tigger	1676	+	166	27021082	38302
chr2	152618543	152818543	harbor2	chr2	152693309	152693630	DNA/TcMar-Tigger	805	+	160	152693469	74926
chr2	26960509	27160509	harbor2	chr2	27020916	27021249	DNA/TcMar-Tigger	1676	+	166	27021082	60573
chr2	199357332	199557332	harbor2	chr2	199406011	199406219	DNA/TcMar-Tigger	1058	+	104	199406115	48783
chr2	218241926	218441926	harbor2	chr2	218288521	218288713	DNA/TcMar-Tigger	1081	+	96	218288617	46691
chr2	218241926	218441926	harbor2	chr2	218310523	218310584	DNA/TcMar-Tigger	1391	+	30	218310553	68627
chr2	218241926	218441926	harbor2	chr2	218310890	218311118	DNA/TcMar-Tigger	1391	+	114	218311004	69078
chr2	111957164	112157164	harbor2	chr2	111996149	111997039	DNA/TcMar-Tigger	3824	+	445	111996594	39430
chr2	111957164	112157164	harbor2	chr2	111997139	111997182	DNA/TcMar-Tigger	1866	+	22	111997161	39997
chr2	120635614	120835614	harbor2	chr2	120682377	120682436	DNA/TcMar-Tigger	745	+	30	120682407	46793
chr2	120635614	120835614	harbor2	chr2	120682750	120683005	DNA/TcMar-Tigger	745	+	128	120682878	47264
chr3	107992947	108192947	harbor2	chr3	108063260	108063333	DNA/TcMar-Tigger	424	+	36	108063296	70349
chr3	107992947	108192947	harbor2	chr3	108066307	108067364	DNA/TcMar-Tigger	4951	+	528	108066835	73888
chr3	107992058	108192058	harbor2	chr3	108063260	108063333	DNA/TcMar-Tigger	424	+	36	108063296	71238
chr3	107992058	108192058	harbor2	chr3	108066307	108067364	DNA/TcMar-Tigger	4951	+	528	108066835	74777
chr3	107999874	108199874	harbor2	chr3	108063260	108063333	DNA/TcMar-Tigger	424	+	36	108063296	63422
chr3	107999874	108199874	harbor2	chr3	108066307	108067364	DNA/TcMar-Tigger	4951	+	528	108066835	66961
chr3	54754036	54954036	harbor2	chr3	54770041	54770058	DNA/TcMar-Tigger	1076	+	8	54770049	16013
chr3	54754036	54954036	harbor2	chr3	54770572	54770968	DNA/TcMar-Tigger	1076	+	198	54770770	16734
chr3	54754036	54954036	harbor2	chr3	54798577	54798707	DNA/TcMar-Tigger	497	+	65	54798642	44606
chr3	54754036	54954036	harbor2	chr3	54798983	54799199	DNA/TcMar-Tigger	830	+	108	54799091	45055
chr3	178973707	179173707	harbor2	chr3	178976375	178976462	DNA/TcMar-Tigger	475	+	44	178976419	2712
chr3	178973707	179173707	harbor2	chr3	179031024	179031325	DNA/TcMar-Tigger	1307	+	150	179031174	57467
chr3	32471408	32671408	harbor2	chr3	32486292	32486609	DNA/TcMar-Tigger	876	+	158	32486450	15042
chr3	32471408	32671408	harbor2	chr3	32525594	32525908	DNA/TcMar-Tigger	1699	+	157	32525751	54343
chr3	132356932	132556932	harbor2	chr3	132440481	132440798	DNA/TcMar-Tigger	1220	+	158	132440639	83707
chr3	132356932	132556932	harbor2	chr3	132452561	132452789	DNA/TcMar-Tigger	1366	+	114	132452675	95743
chr3	156989183	157189183	harbor2	chr3	157032757	157034803	DNA/TcMar-Tigger	14580	+	1023	157033780	44597
chr3	156989183	157189183	harbor2	chr3	157034920	157035265	DNA/TcMar-Tigger	14580	+	172	157035092	45909
chr3	156989183	157189183	harbor2	chr3	157058176	157058484	DNA/TcMar-Tigger	1209	+	154	157058330	69147
chr3	107993020	108193020	harbor2	chr3	108063260	108063333	DNA/TcMar-Tigger	424	+	36	108063296	70276
chr3	107993020	108193020	harbor2	chr3	108066307	108067364	DNA/TcMar-Tigger	4951	+	528	108066835	73815
chr3	127490780	127690780	harbor2	chr3	127520962	127521321	DNA/TcMar-Tigger	3541	+	180	127521142	30362
chr3	127490780	127690780	harbor2	chr3	127521637	127521887	DNA/TcMar-Tigger	3541	+	125	127521762	30982
chr3	127490780	127690780	harbor2	chr3	127525071	127525160	DNA/TcMar-Tigger	520	+	44	127525115	34335
chr3	127490780	127690780	harbor2	chr3	127525364	127525955	DNA/TcMar-Tigger	2666	+	296	127525660	34880
chr3	140273579	140473579	harbor2	chr3	140352884	140353180	DNA/TcMar-Tigger	1589	+	148	140353032	79453
chr3	108053599	108253599	harbor2	chr3	108063260	108063333	DNA/TcMar-Tigger	424	+	36	108063296	9697
chr3	108053599	108253599	harbor2	chr3	108066307	108067364	DNA/TcMar-Tigger	4951	+	528	108066835	13236
chr3	108053599	108253599	harbor2	chr3	108138121	108138277	DNA/TcMar-Tigger	790	+	78	108138199	84600
chr3	108053599	108253599	harbor2	chr3	108138270	108138473	DNA/TcMar-Tigger	1036	+	102	108138372	84773
chr3	108053599	108253599	harbor2	chr3	108139622	108140036	DNA/TcMar-Tigger	2366	+	207	108139829	86230
chr3	108053599	108253599	harbor2	chr3	108141147	108141292	DNA/TcMar-Tigger	1351	+	72	108141219	87620
chr3	108053599	108253599	harbor2	chr3	108141593	108141785	DNA/TcMar-Tigger	1351	+	96	108141689	88090
chr3	197860224	198060224	harbor2	chr3	197868148	197868482	DNA/TcMar-Tigger	1098	+	167	197868315	8091
chr3	107992017	108192017	harbor2	chr3	108063260	108063333	DNA/TcMar-Tigger	424	+	36	108063296	71279
chr3	107992017	108192017	harbor2	chr3	108066307	108067364	DNA/TcMar-Tigger	4951	+	528	108066835	74818
chr3	23724816	23924816	harbor2	chr3	23758461	23758767	DNA/TcMar-Tigger	716	+	153	23758614	33798
chr3	23724816	23924816	harbor2	chr3	23758815	23759086	DNA/TcMar-Tigger	675	+	136	23758951	34135
chr3	23724816	23924816	harbor2	chr3	23759387	23759509	DNA/TcMar-Tigger	675	+	61	23759448	34632
chr3	23724816	23924816	harbor2	chr3	23773243	23773272	DNA/TcMar-Tigger	1971	+	14	23773257	48441
chr3	23724816	23924816	harbor2	chr3	23773568	23773690	DNA/TcMar-Tigger	1971	+	61	23773629	48813
chr3	23724816	23924816	harbor2	chr3	23773995	23774032	DNA/TcMar-Tigger	1971	+	18	23774013	49197
chr3	23724816	23924816	harbor2	chr3	23774322	23774541	DNA/TcMar-Tigger	1971	+	110	23774432	49616
chr3	43899144	44099144	harbor2	chr3	43975077	43975651	DNA/TcMar-Tigger	4130	+	287	43975364	76220
chr3	126375275	126575275	harbor2	chr3	126416727	126417036	DNA/TcMar-Tigger	1528	+	154	126416881	41606
chr3	126375275	126575275	harbor2	chr3	126455100	126455276	DNA/TcMar-Tigger	451	+	88	126455188	79913
chr3	184134394	184334394	harbor2	chr3	184202053	184202334	DNA/TcMar-Tigger	1507	+	140	184202193	67799
chr3	108122047	108322047	harbor2	chr3	108138121	108138277	DNA/TcMar-Tigger	790	+	78	108138199	16152
chr3	108122047	108322047	harbor2	chr3	108138270	108138473	DNA/TcMar-Tigger	1036	+	102	108138372	16325
chr3	108122047	108322047	harbor2	chr3	108139622	108140036	DNA/TcMar-Tigger	2366	+	207	108139829	17782
chr3	108122047	108322047	harbor2	chr3	108141147	108141292	DNA/TcMar-Tigger	1351	+	72	108141219	19172
chr3	108122047	108322047	harbor2	chr3	108141593	108141785	DNA/TcMar-Tigger	1351	+	96	108141689	19642
chr3	108122047	108322047	harbor2	chr3	108158280	108158368	DNA/TcMar-Tigger	498	+	44	108158324	36277
chr3	108122047	108322047	harbor2	chr3	108184288	108185551	DNA/TcMar-Tigger	15672	+	632	108184920	62873
chr3	108122047	108322047	harbor2	chr3	108185578	108187102	DNA/TcMar-Tigger	15672	+	762	108186340	64293
chr3	108122047	108322047	harbor2	chr3	108212861	108213282	DNA/TcMar-Tigger	2373	+	210	108213071	91024
chr3	184130424	184330424	harbor2	chr3	184202053	184202334	DNA/TcMar-Tigger	1507	+	140	184202193	71769
chr3	184086443	184286443	harbor2	chr3	184091687	184091952	DNA/TcMar-Tigger	1709	+	132	184091819	5376
chr3	153062933	153262933	harbor2	chr3	153109937	153110150	DNA/TcMar-Tigger	1287	+	106	153110043	47110
chr3	153062933	153262933	harbor2	chr3	153110962	153111212	DNA/TcMar-Tigger	1489	+	125	153111087	48154
chr3	153062933	153262933	harbor2	chr3	153150506	153151457	DNA/TcMar-Tigger	2415	+	476	153150982	88049
chr3	108053564	108253564	harbor2	chr3	108063260	108063333	DNA/TcMar-Tigger	424	+	36	108063296	9732
chr3	108053564	108253564	harbor2	chr3	108066307	108067364	DNA/TcMar-Tigger	4951	+	528	108066835	13271
chr3	108053564	108253564	harbor2	chr3	108138121	108138277	DNA/TcMar-Tigger	790	+	78	108138199	84635
chr3	108053564	108253564	harbor2	chr3	108138270	108138473	DNA/TcMar-Tigger	1036	+	102	108138372	84808
chr3	108053564	108253564	harbor2	chr3	108139622	108140036	DNA/TcMar-Tigger	2366	+	207	108139829	86265
chr3	108053564	108253564	harbor2	chr3	108141147	108141292	DNA/TcMar-Tigger	1351	+	72	108141219	87655
chr3	108053564	108253564	harbor2	chr3	108141593	108141785	DNA/TcMar-Tigger	1351	+	96	108141689	88125
chr3	127270146	127470146	harbor2	chr3	127271163	127271336	DNA/TcMar-Tigger	935	+	86	127271249	1103
chr3	107996441	108196441	harbor2	chr3	108063260	108063333	DNA/TcMar-Tigger	424	+	36	108063296	66855
chr3	107996441	108196441	harbor2	chr3	108066307	108067364	DNA/TcMar-Tigger	4951	+	528	108066835	70394
chr3	107993193	108193193	harbor2	chr3	108063260	108063333	DNA/TcMar-Tigger	424	+	36	108063296	70103
chr3	107993193	108193193	harbor2	chr3	108066307	108067364	DNA/TcMar-Tigger	4951	+	528	108066835	73642
chr3	107996552	108196552	harbor2	chr3	108063260	108063333	DNA/TcMar-Tigger	424	+	36	108063296	66744
chr3	107996552	108196552	harbor2	chr3	108066307	108067364	DNA/TcMar-Tigger	4951	+	528	108066835	70283
chr3	23715795	23915795	harbor2	chr3	23758461	23758767	DNA/TcMar-Tigger	716	+	153	23758614	42819
chr3	23715795	23915795	harbor2	chr3	23758815	23759086	DNA/TcMar-Tigger	675	+	136	23758951	43156
chr3	23715795	23915795	harbor2	chr3	23759387	23759509	DNA/TcMar-Tigger	675	+	61	23759448	43653
chr3	23715795	23915795	harbor2	chr3	23773243	23773272	DNA/TcMar-Tigger	1971	+	14	23773257	57462
chr3	23715795	23915795	harbor2	chr3	23773568	23773690	DNA/TcMar-Tigger	1971	+	61	23773629	57834
chr3	23715795	23915795	harbor2	chr3	23773995	23774032	DNA/TcMar-Tigger	1971	+	18	23774013	58218
chr3	23715795	23915795	harbor2	chr3	23774322	23774541	DNA/TcMar-Tigger	1971	+	110	23774432	58637
chr3	4926654	5126654	harbor2	chr3	4956194	4956367	DNA/TcMar-Tigger	424	+	86	4956280	29626
chr3	108018365	108218365	harbor2	chr3	108063260	108063333	DNA/TcMar-Tigger	424	+	36	108063296	44931
chr3	108018365	108218365	harbor2	chr3	108066307	108067364	DNA/TcMar-Tigger	4951	+	528	108066835	48470
chr3	107992129	108192129	harbor2	chr3	108063260	108063333	DNA/TcMar-Tigger	424	+	36	108063296	71167
chr3	107992129	108192129	harbor2	chr3	108066307	108067364	DNA/TcMar-Tigger	4951	+	528	108066835	74706
chr3	107993138	108193138	harbor2	chr3	108063260	108063333	DNA/TcMar-Tigger	424	+	36	108063296	70158
chr3	107993138	108193138	harbor2	chr3	108066307	108067364	DNA/TcMar-Tigger	4951	+	528	108066835	73697
chr3	4726044	4926044	harbor2	chr3	4739463	4739535	DNA/TcMar-Tigger	460	+	36	4739499	13455
chr3	129022332	129222332	harbor2	chr3	129115124	129115205	DNA/TcMar-Tigger	910	+	40	129115164	92832
chr3	129022332	129222332	harbor2	chr3	129115838	129115971	DNA/TcMar-Tigger	910	+	66	129115904	93572
chr3	129022332	129222332	harbor2	chr3	129115968	129116231	DNA/TcMar-Tigger	1811	+	132	129116100	93768
chr3	185486328	185686328	harbor2	chr3	185542058	185542310	DNA/TcMar-Tigger	1289	+	126	185542184	55856
chr3	185486328	185686328	harbor2	chr3	185542617	185542671	DNA/TcMar-Tigger	1289	+	27	185542644	56316
chr3	185486328	185686328	harbor2	chr3	185543238	185543591	DNA/TcMar-Tigger	2340	+	176	185543414	57086
chr3	49072696	49272696	harbor2	chr3	49154685	49154879	DNA/TcMar-Tigger	1245	+	97	49154782	82086
chr3	49072696	49272696	harbor2	chr3	49155178	49155280	DNA/TcMar-Tigger	1245	+	51	49155229	82533
chr3	49072696	49272696	harbor2	chr3	49155728	49155763	DNA/TcMar-Tigger	4349	+	18	49155746	83050
chr3	49072696	49272696	harbor2	chr3	49156678	49156874	DNA/TcMar-Tigger	4349	+	98	49156776	84080
chr3	49072696	49272696	harbor2	chr3	49157175	49157785	DNA/TcMar-Tigger	4349	+	305	49157480	84784
chr3	107992955	108192955	harbor2	chr3	108063260	108063333	DNA/TcMar-Tigger	424	+	36	108063296	70341
chr3	107992955	108192955	harbor2	chr3	108066307	108067364	DNA/TcMar-Tigger	4951	+	528	108066835	73880
chr3	108004632	108204632	harbor2	chr3	108063260	108063333	DNA/TcMar-Tigger	424	+	36	108063296	58664
chr3	108004632	108204632	harbor2	chr3	108066307	108067364	DNA/TcMar-Tigger	4951	+	528	108066835	62203
chr3	107992065	108192065	harbor2	chr3	108063260	108063333	DNA/TcMar-Tigger	424	+	36	108063296	71231
chr3	107992065	108192065	harbor2	chr3	108066307	108067364	DNA/TcMar-Tigger	4951	+	528	108066835	74770
chr3	197860219	198060219	harbor2	chr3	197868148	197868482	DNA/TcMar-Tigger	1098	+	167	197868315	8096
chr3	107992067	108192067	harbor2	chr3	108063260	108063333	DNA/TcMar-Tigger	424	+	36	108063296	71229
chr3	107992067	108192067	harbor2	chr3	108066307	108067364	DNA/TcMar-Tigger	4951	+	528	108066835	74768
chr3	157028447	157228447	harbor2	chr3	157032757	157034803	DNA/TcMar-Tigger	14580	+	1023	157033780	5333
chr3	157028447	157228447	harbor2	chr3	157034920	157035265	DNA/TcMar-Tigger	14580	+	172	157035092	6645
chr3	157028447	157228447	harbor2	chr3	157058176	157058484	DNA/TcMar-Tigger	1209	+	154	157058330	29883
chr3	142864715	143064715	harbor2	chr3	142891811	142891985	DNA/TcMar-Tigger	753	+	87	142891898	27183
chr3	193982932	194182932	harbor2	chr3	194026969	194027042	DNA/TcMar-Tigger	3439	+	36	194027005	44073
chr3	193982932	194182932	harbor2	chr3	194027517	194028083	DNA/TcMar-Tigger	3439	+	283	194027800	44868
chr3	193982932	194182932	harbor2	chr3	194061134	194061478	DNA/TcMar-Tigger	2214	+	172	194061306	78374
chr3	107993135	108193135	harbor2	chr3	108063260	108063333	DNA/TcMar-Tigger	424	+	36	108063296	70161
chr3	107993135	108193135	harbor2	chr3	108066307	108067364	DNA/TcMar-Tigger	4951	+	528	108066835	73700
chr3	116673098	116873098	harbor2	chr3	116763701	116764417	DNA/TcMar-Tigger	573	+	358	116764059	90961
chr3	127490762	127690762	harbor2	chr3	127520962	127521321	DNA/TcMar-Tigger	3541	+	180	127521142	30380
chr3	127490762	127690762	harbor2	chr3	127521637	127521887	DNA/TcMar-Tigger	3541	+	125	127521762	31000
chr3	127490762	127690762	harbor2	chr3	127525071	127525160	DNA/TcMar-Tigger	520	+	44	127525115	34353
chr3	127490762	127690762	harbor2	chr3	127525364	127525955	DNA/TcMar-Tigger	2666	+	296	127525660	34898
chr3	13750265	13950265	harbor2	chr3	13766189	13766468	DNA/TcMar-Tigger	1481	+	140	13766329	16064
chr3	13750265	13950265	harbor2	chr3	13804819	13805146	DNA/TcMar-Tigger	1572	+	164	13804983	54718
chr3	13750265	13950265	harbor2	chr3	13805144	13805447	DNA/TcMar-Tigger	1981	+	152	13805296	55031
chr3	64313402	64513402	harbor2	chr3	64335670	64335855	DNA/TcMar-Tigger	4213	+	92	64335762	22360
chr3	64313402	64513402	harbor2	chr3	64336159	64337116	DNA/TcMar-Tigger	4213	+	478	64336637	23235
chr3	64313402	64513402	harbor2	chr3	64353527	64353659	DNA/TcMar-Tigger	634	+	66	64353593	40191
chr3	64313402	64513402	harbor2	chr3	64393730	64393816	DNA/TcMar-Tigger	1417	+	43	64393773	80371
chr3	64313402	64513402	harbor2	chr3	64394116	64394366	DNA/TcMar-Tigger	1417	+	125	64394241	80839
chr3	161006321	161206321	harbor2	chr3	161049334	161049422	DNA/TcMar-Tigger	596	+	44	161049378	43057
chr3	161006321	161206321	harbor2	chr3	161061493	161061798	DNA/TcMar-Tigger	1358	+	152	161061645	55324
chr3	161006321	161206321	harbor2	chr3	161091339	161091724	DNA/TcMar-Tigger	2113	+	192	161091531	85210
chr3	197860204	198060204	harbor2	chr3	197868148	197868482	DNA/TcMar-Tigger	1098	+	167	197868315	8111
chr3	123399935	123599935	harbor2	chr3	123438366	123438736	DNA/TcMar-Tigger	3016	+	185	123438551	38616
chr3	123399935	123599935	harbor2	chr3	123439052	123439076	DNA/TcMar-Tigger	3016	+	12	123439064	39129
chr3	123399935	123599935	harbor2	chr3	123439362	123439679	DNA/TcMar-Tigger	3016	+	158	123439520	39585
chr3	123399935	123599935	harbor2	chr3	123455910	123456101	DNA/TcMar-Tigger	2334	+	96	123456006	56071
chr3	123399935	123599935	harbor2	chr3	123456398	123456625	DNA/TcMar-Tigger	2334	+	114	123456512	56577
chr3	107992061	108192061	harbor2	chr3	108063260	108063333	DNA/TcMar-Tigger	424	+	36	108063296	71235
chr3	107992061	108192061	harbor2	chr3	108066307	108067364	DNA/TcMar-Tigger	4951	+	528	108066835	74774
chr3	36670495	36870495	harbor2	chr3	36743103	36743304	DNA/TcMar-Tigger	1216	+	100	36743203	72708
chr3	36670495	36870495	harbor2	chr3	36743337	36743391	DNA/TcMar-Tigger	1216	+	27	36743364	72869
chr3	49071261	49271261	harbor2	chr3	49154685	49154879	DNA/TcMar-Tigger	1245	+	97	49154782	83521
chr3	49071261	49271261	harbor2	chr3	49155178	49155280	DNA/TcMar-Tigger	1245	+	51	49155229	83968
chr3	49071261	49271261	harbor2	chr3	49155728	49155763	DNA/TcMar-Tigger	4349	+	18	49155746	84485
chr3	49071261	49271261	harbor2	chr3	49156678	49156874	DNA/TcMar-Tigger	4349	+	98	49156776	85515
chr3	49071261	49271261	harbor2	chr3	49157175	49157785	DNA/TcMar-Tigger	4349	+	305	49157480	86219
chr3	51860342	52060342	harbor2	chr3	51886651	51886983	DNA/TcMar-Tigger	1808	+	166	51886817	26475
chr3	108026049	108226049	harbor2	chr3	108063260	108063333	DNA/TcMar-Tigger	424	+	36	108063296	37247
chr3	108026049	108226049	harbor2	chr3	108066307	108067364	DNA/TcMar-Tigger	4951	+	528	108066835	40786
chr3	107992090	108192090	harbor2	chr3	108063260	108063333	DNA/TcMar-Tigger	424	+	36	108063296	71206
chr3	107992090	108192090	harbor2	chr3	108066307	108067364	DNA/TcMar-Tigger	4951	+	528	108066835	74745
chr3	45419104	45619104	harbor2	chr3	45421168	45421441	DNA/TcMar-Tigger	899	+	136	45421304	2200
chr3	108053563	108253563	harbor2	chr3	108063260	108063333	DNA/TcMar-Tigger	424	+	36	108063296	9733
chr3	108053563	108253563	harbor2	chr3	108066307	108067364	DNA/TcMar-Tigger	4951	+	528	108066835	13272
chr3	108053563	108253563	harbor2	chr3	108138121	108138277	DNA/TcMar-Tigger	790	+	78	108138199	84636
chr3	108053563	108253563	harbor2	chr3	108138270	108138473	DNA/TcMar-Tigger	1036	+	102	108138372	84809
chr3	108053563	108253563	harbor2	chr3	108139622	108140036	DNA/TcMar-Tigger	2366	+	207	108139829	86266
chr3	108053563	108253563	harbor2	chr3	108141147	108141292	DNA/TcMar-Tigger	1351	+	72	108141219	87656
chr3	108053563	108253563	harbor2	chr3	108141593	108141785	DNA/TcMar-Tigger	1351	+	96	108141689	88126
chr3	49072652	49272652	harbor2	chr3	49154685	49154879	DNA/TcMar-Tigger	1245	+	97	49154782	82130
chr3	49072652	49272652	harbor2	chr3	49155178	49155280	DNA/TcMar-Tigger	1245	+	51	49155229	82577
chr3	49072652	49272652	harbor2	chr3	49155728	49155763	DNA/TcMar-Tigger	4349	+	18	49155746	83094
chr3	49072652	49272652	harbor2	chr3	49156678	49156874	DNA/TcMar-Tigger	4349	+	98	49156776	84124
chr3	49072652	49272652	harbor2	chr3	49157175	49157785	DNA/TcMar-Tigger	4349	+	305	49157480	84828
chr3	108053682	108253682	harbor2	chr3	108063260	108063333	DNA/TcMar-Tigger	424	+	36	108063296	9614
chr3	108053682	108253682	harbor2	chr3	108066307	108067364	DNA/TcMar-Tigger	4951	+	528	108066835	13153
chr3	108053682	108253682	harbor2	chr3	108138121	108138277	DNA/TcMar-Tigger	790	+	78	108138199	84517
chr3	108053682	108253682	harbor2	chr3	108138270	108138473	DNA/TcMar-Tigger	1036	+	102	108138372	84690
chr3	108053682	108253682	harbor2	chr3	108139622	108140036	DNA/TcMar-Tigger	2366	+	207	108139829	86147
chr3	108053682	108253682	harbor2	chr3	108141147	108141292	DNA/TcMar-Tigger	1351	+	72	108141219	87537
chr3	108053682	108253682	harbor2	chr3	108141593	108141785	DNA/TcMar-Tigger	1351	+	96	108141689	88007
chr3	107993195	108193195	harbor2	chr3	108063260	108063333	DNA/TcMar-Tigger	424	+	36	108063296	70101
chr3	107993195	108193195	harbor2	chr3	108066307	108067364	DNA/TcMar-Tigger	4951	+	528	108066835	73640
chr3	138339763	138539763	harbor2	chr3	138391437	138391763	DNA/TcMar-Tigger	1540	+	163	138391600	51837
chr3	138339763	138539763	harbor2	chr3	138413649	138413985	DNA/TcMar-Tigger	2097	+	168	138413817	74054
chr3	108000209	108200209	harbor2	chr3	108063260	108063333	DNA/TcMar-Tigger	424	+	36	108063296	63087
chr3	108000209	108200209	harbor2	chr3	108066307	108067364	DNA/TcMar-Tigger	4951	+	528	108066835	66626
chr3	142529008	142729008	harbor2	chr3	142563276	142564033	DNA/TcMar-Tigger	4639	+	378	142563654	34646
chr3	142529008	142729008	harbor2	chr3	142564029	142564304	DNA/TcMar-Tigger	1919	+	138	142564167	35159
chr3	49072022	49272022	harbor2	chr3	49154685	49154879	DNA/TcMar-Tigger	1245	+	97	49154782	82760
chr3	49072022	49272022	harbor2	chr3	49155178	49155280	DNA/TcMar-Tigger	1245	+	51	49155229	83207
chr3	49072022	49272022	harbor2	chr3	49155728	49155763	DNA/TcMar-Tigger	4349	+	18	49155746	83724
chr3	49072022	49272022	harbor2	chr3	49156678	49156874	DNA/TcMar-Tigger	4349	+	98	49156776	84754
chr3	49072022	49272022	harbor2	chr3	49157175	49157785	DNA/TcMar-Tigger	4349	+	305	49157480	85458
chr3	23711708	23911708	harbor2	chr3	23758461	23758767	DNA/TcMar-Tigger	716	+	153	23758614	46906
chr3	23711708	23911708	harbor2	chr3	23758815	23759086	DNA/TcMar-Tigger	675	+	136	23758951	47243
chr3	23711708	23911708	harbor2	chr3	23759387	23759509	DNA/TcMar-Tigger	675	+	61	23759448	47740
chr3	23711708	23911708	harbor2	chr3	23773243	23773272	DNA/TcMar-Tigger	1971	+	14	23773257	61549
chr3	23711708	23911708	harbor2	chr3	23773568	23773690	DNA/TcMar-Tigger	1971	+	61	23773629	61921
chr3	23711708	23911708	harbor2	chr3	23773995	23774032	DNA/TcMar-Tigger	1971	+	18	23774013	62305
chr3	23711708	23911708	harbor2	chr3	23774322	23774541	DNA/TcMar-Tigger	1971	+	110	23774432	62724
chr3	23710838	23910838	harbor2	chr3	23758461	23758767	DNA/TcMar-Tigger	716	+	153	23758614	47776
chr3	23710838	23910838	harbor2	chr3	23758815	23759086	DNA/TcMar-Tigger	675	+	136	23758951	48113
chr3	23710838	23910838	harbor2	chr3	23759387	23759509	DNA/TcMar-Tigger	675	+	61	23759448	48610
chr3	23710838	23910838	harbor2	chr3	23773243	23773272	DNA/TcMar-Tigger	1971	+	14	23773257	62419
chr3	23710838	23910838	harbor2	chr3	23773568	23773690	DNA/TcMar-Tigger	1971	+	61	23773629	62791
chr3	23710838	23910838	harbor2	chr3	23773995	23774032	DNA/TcMar-Tigger	1971	+	18	23774013	63175
chr3	23710838	23910838	harbor2	chr3	23774322	23774541	DNA/TcMar-Tigger	1971	+	110	23774432	63594
chr3	108468945	108668945	harbor2	chr3	108469440	108469705	DNA/TcMar-Tigger	619	+	132	108469572	627
chr3	157015013	157215013	harbor2	chr3	157032757	157034803	DNA/TcMar-Tigger	14580	+	1023	157033780	18767
chr3	157015013	157215013	harbor2	chr3	157034920	157035265	DNA/TcMar-Tigger	14580	+	172	157035092	20079
chr3	157015013	157215013	harbor2	chr3	157058176	157058484	DNA/TcMar-Tigger	1209	+	154	157058330	43317
chr3	184086432	184286432	harbor2	chr3	184091687	184091952	DNA/TcMar-Tigger	1709	+	132	184091819	5387
chr3	49072969	49272969	harbor2	chr3	49154685	49154879	DNA/TcMar-Tigger	1245	+	97	49154782	81813
chr3	49072969	49272969	harbor2	chr3	49155178	49155280	DNA/TcMar-Tigger	1245	+	51	49155229	82260
chr3	49072969	49272969	harbor2	chr3	49155728	49155763	DNA/TcMar-Tigger	4349	+	18	49155746	82777
chr3	49072969	49272969	harbor2	chr3	49156678	49156874	DNA/TcMar-Tigger	4349	+	98	49156776	83807
chr3	49072969	49272969	harbor2	chr3	49157175	49157785	DNA/TcMar-Tigger	4349	+	305	49157480	84511
chr3	108359237	108559237	harbor2	chr3	108361183	108361649	DNA/TcMar-Tigger	2334	+	233	108361416	2179
chr3	108359237	108559237	harbor2	chr3	108361651	108361740	DNA/TcMar-Tigger	480	+	44	108361695	2458
chr3	108359237	108559237	harbor2	chr3	108429363	108429664	DNA/TcMar-Tigger	482	+	150	108429513	70276
chr3	148724778	148924778	harbor2	chr3	148771282	148771631	DNA/TcMar-Tigger	1739	+	174	148771456	46678
chr3	129875421	130075421	harbor2	chr3	129880630	129880840	DNA/TcMar-Tigger	1090	+	105	129880735	5314
chr3	129875421	130075421	harbor2	chr3	129890803	129890896	DNA/TcMar-Tigger	406	+	46	129890849	15428
chr3	129875421	130075421	harbor2	chr3	129921488	129921721	DNA/TcMar-Tigger	1037	+	116	129921604	46183
chr3	127490198	127690198	harbor2	chr3	127520962	127521321	DNA/TcMar-Tigger	3541	+	180	127521142	30944
chr3	127490198	127690198	harbor2	chr3	127521637	127521887	DNA/TcMar-Tigger	3541	+	125	127521762	31564
chr3	127490198	127690198	harbor2	chr3	127525071	127525160	DNA/TcMar-Tigger	520	+	44	127525115	34917
chr3	127490198	127690198	harbor2	chr3	127525364	127525955	DNA/TcMar-Tigger	2666	+	296	127525660	35462
chr3	123518827	123718827	harbor2	chr3	123527247	123527953	DNA/TcMar-Tigger	4072	+	353	123527600	8773
chr3	123518827	123718827	harbor2	chr3	123534259	123535345	DNA/TcMar-Tigger	5520	+	543	123534802	15975
chr3	49075509	49275509	harbor2	chr3	49154685	49154879	DNA/TcMar-Tigger	1245	+	97	49154782	79273
chr3	49075509	49275509	harbor2	chr3	49155178	49155280	DNA/TcMar-Tigger	1245	+	51	49155229	79720
chr3	49075509	49275509	harbor2	chr3	49155728	49155763	DNA/TcMar-Tigger	4349	+	18	49155746	80237
chr3	49075509	49275509	harbor2	chr3	49156678	49156874	DNA/TcMar-Tigger	4349	+	98	49156776	81267
chr3	49075509	49275509	harbor2	chr3	49157175	49157785	DNA/TcMar-Tigger	4349	+	305	49157480	81971
chr3	108053525	108253525	harbor2	chr3	108063260	108063333	DNA/TcMar-Tigger	424	+	36	108063296	9771
chr3	108053525	108253525	harbor2	chr3	108066307	108067364	DNA/TcMar-Tigger	4951	+	528	108066835	13310
chr3	108053525	108253525	harbor2	chr3	108138121	108138277	DNA/TcMar-Tigger	790	+	78	108138199	84674
chr3	108053525	108253525	harbor2	chr3	108138270	108138473	DNA/TcMar-Tigger	1036	+	102	108138372	84847
chr3	108053525	108253525	harbor2	chr3	108139622	108140036	DNA/TcMar-Tigger	2366	+	207	108139829	86304
chr3	108053525	108253525	harbor2	chr3	108141147	108141292	DNA/TcMar-Tigger	1351	+	72	108141219	87694
chr3	108053525	108253525	harbor2	chr3	108141593	108141785	DNA/TcMar-Tigger	1351	+	96	108141689	88164
chr3	49072301	49272301	harbor2	chr3	49154685	49154879	DNA/TcMar-Tigger	1245	+	97	49154782	82481
chr3	49072301	49272301	harbor2	chr3	49155178	49155280	DNA/TcMar-Tigger	1245	+	51	49155229	82928
chr3	49072301	49272301	harbor2	chr3	49155728	49155763	DNA/TcMar-Tigger	4349	+	18	49155746	83445
chr3	49072301	49272301	harbor2	chr3	49156678	49156874	DNA/TcMar-Tigger	4349	+	98	49156776	84475
chr3	49072301	49272301	harbor2	chr3	49157175	49157785	DNA/TcMar-Tigger	4349	+	305	49157480	85179
chr3	49072727	49272727	harbor2	chr3	49154685	49154879	DNA/TcMar-Tigger	1245	+	97	49154782	82055
chr3	49072727	49272727	harbor2	chr3	49155178	49155280	DNA/TcMar-Tigger	1245	+	51	49155229	82502
chr3	49072727	49272727	harbor2	chr3	49155728	49155763	DNA/TcMar-Tigger	4349	+	18	49155746	83019
chr3	49072727	49272727	harbor2	chr3	49156678	49156874	DNA/TcMar-Tigger	4349	+	98	49156776	84049
chr3	49072727	49272727	harbor2	chr3	49157175	49157785	DNA/TcMar-Tigger	4349	+	305	49157480	84753
chr3	182297276	182497276	harbor2	chr3	182353803	182354129	DNA/TcMar-Tigger	1651	+	163	182353966	56690
chr4	832453	1032453	harbor2	chr4	860831	861308	DNA/TcMar-Tigger	3685	+	238	861069	28616
chr4	832453	1032453	harbor2	chr4	861602	862109	DNA/TcMar-Tigger	3685	+	254	861856	29403
chr4	832453	1032453	harbor2	chr4	862674	863741	DNA/TcMar-Tigger	6109	+	534	863208	30755
chr4	832453	1032453	harbor2	chr4	864045	864077	DNA/TcMar-Tigger	6109	+	16	864061	31608
chr4	832453	1032453	harbor2	chr4	864383	864499	DNA/TcMar-Tigger	6109	+	58	864441	31988
chr4	832453	1032453	harbor2	chr4	929776	930091	DNA/TcMar-Tigger	770	+	158	929934	97481
chr4	98161348	98361348	harbor2	chr4	98242427	98242991	DNA/TcMar-Tigger	2669	+	282	98242709	81361
chr4	103098506	103298506	harbor2	chr4	103123133	103123856	DNA/TcMar-Tigger	4280	+	362	103123495	24989
chr4	103098506	103298506	harbor2	chr4	103123857	103124168	DNA/TcMar-Tigger	1819	+	156	103124013	25507
chr4	564056	764056	harbor2	chr4	604292	604619	DNA/TcMar-Tigger	1622	+	164	604456	40400
chr4	564056	764056	harbor2	chr4	605330	606004	DNA/TcMar-Tigger	3487	+	337	605667	41611
chr4	564056	764056	harbor2	chr4	606274	606870	DNA/TcMar-Tigger	6172	+	298	606572	42516
chr4	564056	764056	harbor2	chr4	607153	607318	DNA/TcMar-Tigger	6172	+	82	607235	43179
chr4	564056	764056	harbor2	chr4	607607	607915	DNA/TcMar-Tigger	6172	+	154	607761	43705
chr4	564056	764056	harbor2	chr4	652627	652832	DNA/TcMar-Tigger	724	+	102	652729	88673
chr4	38573365	38773365	harbor2	chr4	38639264	38639609	DNA/TcMar-Tigger	1747	+	172	38639436	66071
chr4	159002962	159202962	harbor2	chr4	159030089	159030130	DNA/TcMar-Tigger	503	+	20	159030109	27147
chr4	159002962	159202962	harbor2	chr4	159030428	159030463	DNA/TcMar-Tigger	503	+	18	159030446	27484
chr4	159002962	159202962	harbor2	chr4	159030797	159031111	DNA/TcMar-Tigger	503	+	157	159030954	27992
chr4	159002962	159202962	harbor2	chr4	159100705	159100808	DNA/TcMar-Tigger	509	+	52	159100757	97795
chr4	176095954	176295954	harbor2	chr4	176126499	176126678	DNA/TcMar-Tigger	1958	+	90	176126589	30635
chr4	176095954	176295954	harbor2	chr4	176127060	176127212	DNA/TcMar-Tigger	1958	+	76	176127136	31182
chr4	176095954	176295954	harbor2	chr4	176164303	176164638	DNA/TcMar-Tigger	1912	+	168	176164471	68517
chr4	176095954	176295954	harbor2	chr4	176193902	176194538	DNA/TcMar-Tigger	2818	+	318	176194220	98266
chr4	89737944	89937944	harbor2	chr4	89768415	89768529	DNA/TcMar-Tigger	1512	+	57	89768472	30528
chr4	89737944	89937944	harbor2	chr4	89768849	89768987	DNA/TcMar-Tigger	1512	+	69	89768918	30974
chr4	911518	1111518	harbor2	chr4	929776	930091	DNA/TcMar-Tigger	770	+	158	929934	18416
chr4	120823311	121023311	harbor2	chr4	120831235	120831938	DNA/TcMar-Tigger	1171	+	352	120831587	8276
chr4	120823311	121023311	harbor2	chr4	120833096	120833806	DNA/TcMar-Tigger	3875	+	355	120833451	10140
chr4	120823311	121023311	harbor2	chr4	120844296	120846674	DNA/TcMar-Tigger	14402	+	1189	120845485	22174
chr4	120823311	121023311	harbor2	chr4	120875936	120876561	DNA/TcMar-Tigger	2900	+	312	120876248	52937
chr4	120823311	121023311	harbor2	chr4	120879370	120879794	DNA/TcMar-Tigger	2226	+	212	120879582	56271
chr4	120823311	121023311	harbor2	chr4	120905861	120905989	DNA/TcMar-Tigger	1462	+	64	120905925	82614
chr4	120823311	121023311	harbor2	chr4	120906268	120906494	DNA/TcMar-Tigger	1462	+	113	120906381	83070
chr4	189959153	190159153	harbor2	chr4	190023994	190024229	DNA/TcMar-Tigger	482	+	118	190024112	64959
chr4	120822652	121022652	harbor2	chr4	120831235	120831938	DNA/TcMar-Tigger	1171	+	352	120831587	8935
chr4	120822652	121022652	harbor2	chr4	120833096	120833806	DNA/TcMar-Tigger	3875	+	355	120833451	10799
chr4	120822652	121022652	harbor2	chr4	120844296	120846674	DNA/TcMar-Tigger	14402	+	1189	120845485	22833
chr4	120822652	121022652	harbor2	chr4	120875936	120876561	DNA/TcMar-Tigger	2900	+	312	120876248	53596
chr4	120822652	121022652	harbor2	chr4	120879370	120879794	DNA/TcMar-Tigger	2226	+	212	120879582	56930
chr4	120822652	121022652	harbor2	chr4	120905861	120905989	DNA/TcMar-Tigger	1462	+	64	120905925	83273
chr4	120822652	121022652	harbor2	chr4	120906268	120906494	DNA/TcMar-Tigger	1462	+	113	120906381	83729
chr4	122858241	123058241	harbor2	chr4	122917067	122917381	DNA/TcMar-Tigger	1703	+	157	122917224	58983
chr4	122858241	123058241	harbor2	chr4	122927794	122927992	DNA/TcMar-Tigger	959	+	99	122927893	69652
chr4	122858241	123058241	harbor2	chr4	122947858	122947974	DNA/TcMar-Tigger	766	+	58	122947916	89675
chr4	122858241	123058241	harbor2	chr4	122947976	122948181	DNA/TcMar-Tigger	1196	+	102	122948078	89837
chr4	122858241	123058241	harbor2	chr4	122948182	122948360	DNA/TcMar-Tigger	913	+	89	122948271	90030
chr4	122858241	123058241	harbor2	chr4	122951237	122951409	DNA/TcMar-Tigger	949	+	86	122951323	93082
chr4	911393	1111393	harbor2	chr4	929776	930091	DNA/TcMar-Tigger	770	+	158	929934	18541
chr4	103098509	103298509	harbor2	chr4	103123133	103123856	DNA/TcMar-Tigger	4280	+	362	103123495	24986
chr4	103098509	103298509	harbor2	chr4	103123857	103124168	DNA/TcMar-Tigger	1819	+	156	103124013	25504
chr4	103098505	103298505	harbor2	chr4	103123133	103123856	DNA/TcMar-Tigger	4280	+	362	103123495	24990
chr4	103098505	103298505	harbor2	chr4	103123857	103124168	DNA/TcMar-Tigger	1819	+	156	103124013	25508
chr4	145413737	145613737	harbor2	chr4	145418040	145418378	DNA/TcMar-Tigger	1975	+	169	145418209	4472
chr4	145413737	145613737	harbor2	chr4	145496511	145496750	DNA/TcMar-Tigger	1078	+	120	145496631	82894
chr4	145413737	145613737	harbor2	chr4	145499177	145499340	DNA/TcMar-Tigger	1909	+	82	145499259	85522
chr4	145413737	145613737	harbor2	chr4	145499631	145499806	DNA/TcMar-Tigger	1909	+	88	145499719	85982
chr4	145413737	145613737	harbor2	chr4	145503640	145504201	DNA/TcMar-Tigger	3651	+	280	145503920	90183
chr4	187837772	188037772	harbor2	chr4	187872158	187872288	DNA/TcMar-Tigger	720	+	65	187872223	34451
chr4	6251701	6451701	harbor2	chr4	6341986	6342081	DNA/TcMar-Tigger	520	+	48	6342034	90333
chr4	6251701	6451701	harbor2	chr4	6342129	6342216	DNA/TcMar-Tigger	520	+	44	6342173	90472
chr4	6251701	6451701	harbor2	chr4	6342221	6342375	DNA/TcMar-Tigger	603	+	77	6342298	90597
chr4	103098514	103298514	harbor2	chr4	103123133	103123856	DNA/TcMar-Tigger	4280	+	362	103123495	24981
chr4	103098514	103298514	harbor2	chr4	103123857	103124168	DNA/TcMar-Tigger	1819	+	156	103124013	25499
chr4	144468740	144668740	harbor2	chr4	144499438	144500000	DNA/TcMar-Tigger	3380	+	281	144499719	30979
chr4	144468740	144668740	harbor2	chr4	144500001	144500578	DNA/TcMar-Tigger	11330	+	288	144500289	31549
chr4	144468740	144668740	harbor2	chr4	144501217	144502444	DNA/TcMar-Tigger	11330	+	614	144501831	33091
chr4	144468740	144668740	harbor2	chr4	144547046	144547368	DNA/TcMar-Tigger	1634	+	161	144547207	78467
chr4	144468740	144668740	harbor2	chr4	144550724	144551065	DNA/TcMar-Tigger	1509	+	170	144550894	82154
chr4	70739668	70939668	harbor2	chr4	70740833	70741028	DNA/TcMar-Tigger	797	+	98	70740931	1263
chr4	70739668	70939668	harbor2	chr4	70797419	70797562	DNA/TcMar-Tigger	623	+	72	70797491	57823
chr4	70739668	70939668	harbor2	chr4	70797871	70797998	DNA/TcMar-Tigger	623	+	64	70797935	58267
chr4	120879554	121079554	harbor2	chr4	120879370	120879794	DNA/TcMar-Tigger	2226	+	212	120879582	28
chr4	120879554	121079554	harbor2	chr4	120905861	120905989	DNA/TcMar-Tigger	1462	+	64	120905925	26371
chr4	120879554	121079554	harbor2	chr4	120906268	120906494	DNA/TcMar-Tigger	1462	+	113	120906381	26827
chr4	120879554	121079554	harbor2	chr4	120939715	120940145	DNA/TcMar-Tigger	2196	+	215	120939930	60376
chr4	120879554	121079554	harbor2	chr4	120968107	120968538	DNA/TcMar-Tigger	2758	+	216	120968323	88769
chr4	7839706	8039706	harbor2	chr4	7860333	7860468	DNA/TcMar-Tigger	782	+	68	7860401	20695
chr4	7839706	8039706	harbor2	chr4	7864514	7864831	DNA/TcMar-Tigger	847	+	158	7864672	24966
chr4	7839706	8039706	harbor2	chr4	7864992	7865099	DNA/TcMar-Tigger	847	+	54	7865046	25340
chr4	7839706	8039706	harbor2	chr4	7907601	7907801	DNA/TcMar-Tigger	1049	+	100	7907701	67995
chr4	871018	1071018	harbor2	chr4	929776	930091	DNA/TcMar-Tigger	770	+	158	929934	58916
chr4	911525	1111525	harbor2	chr4	929776	930091	DNA/TcMar-Tigger	770	+	158	929934	18409
chr4	911521	1111521	harbor2	chr4	929776	930091	DNA/TcMar-Tigger	770	+	158	929934	18413
chr4	103098758	103298758	harbor2	chr4	103123133	103123856	DNA/TcMar-Tigger	4280	+	362	103123495	24737
chr4	103098758	103298758	harbor2	chr4	103123857	103124168	DNA/TcMar-Tigger	1819	+	156	103124013	25255
chr4	551216	751216	harbor2	chr4	604292	604619	DNA/TcMar-Tigger	1622	+	164	604456	53240
chr4	551216	751216	harbor2	chr4	605330	606004	DNA/TcMar-Tigger	3487	+	337	605667	54451
chr4	551216	751216	harbor2	chr4	606274	606870	DNA/TcMar-Tigger	6172	+	298	606572	55356
chr4	551216	751216	harbor2	chr4	607153	607318	DNA/TcMar-Tigger	6172	+	82	607235	56019
chr4	551216	751216	harbor2	chr4	607607	607915	DNA/TcMar-Tigger	6172	+	154	607761	56545
chr4	86993241	87193241	harbor2	chr4	87027961	87028148	DNA/TcMar-Tigger	843	+	94	87028055	34814
chr4	867539	1067539	harbor2	chr4	929776	930091	DNA/TcMar-Tigger	770	+	158	929934	62395
chr4	911387	1111387	harbor2	chr4	929776	930091	DNA/TcMar-Tigger	770	+	158	929934	18547
chr4	103098495	103298495	harbor2	chr4	103123133	103123856	DNA/TcMar-Tigger	4280	+	362	103123495	25000
chr4	103098495	103298495	harbor2	chr4	103123857	103124168	DNA/TcMar-Tigger	1819	+	156	103124013	25518
chr4	867048	1067048	harbor2	chr4	929776	930091	DNA/TcMar-Tigger	770	+	158	929934	62886
chr4	76849477	77049477	harbor2	chr4	76912094	76912431	DNA/TcMar-Tigger	1955	+	168	76912262	62785
chr4	76849477	77049477	harbor2	chr4	76922990	76924128	DNA/TcMar-Tigger	6814	+	569	76923559	74082
chr4	189959360	190159360	harbor2	chr4	190023994	190024229	DNA/TcMar-Tigger	482	+	118	190024112	64752
chr4	189957449	190157449	harbor2	chr4	190023994	190024229	DNA/TcMar-Tigger	482	+	118	190024112	66663
chr5	115444451	115644451	harbor2	chr5	115482635	115483131	DNA/TcMar-Tigger	6123	+	248	115482883	38432
chr5	115444451	115644451	harbor2	chr5	115483174	115483812	DNA/TcMar-Tigger	6123	+	319	115483493	39042
chr5	115444451	115644451	harbor2	chr5	115491798	115492114	DNA/TcMar-Tigger	1713	+	158	115491956	47505
chr5	115444451	115644451	harbor2	chr5	115518430	115518509	DNA/TcMar-Tigger	519	+	40	115518470	74019
chr5	115444451	115644451	harbor2	chr5	115518509	115519372	DNA/TcMar-Tigger	3942	+	432	115518941	74490
chr5	87001616	87201616	harbor2	chr5	87076098	87077642	DNA/TcMar-Tigger	4506	+	772	87076870	75254
chr5	87001616	87201616	harbor2	chr5	87077754	87078023	DNA/TcMar-Tigger	1917	+	134	87077888	76272
chr5	87001616	87201616	harbor2	chr5	87078309	87078402	DNA/TcMar-Tigger	1917	+	46	87078355	76739
chr5	171287646	171487646	harbor2	chr5	171320255	171320631	DNA/TcMar-Tigger	2169	+	188	171320443	32797
chr5	171287646	171487646	harbor2	chr5	171320910	171321002	DNA/TcMar-Tigger	2169	+	46	171320956	33310
chr5	73351442	73551442	harbor2	chr5	73427642	73427965	DNA/TcMar-Tigger	1616	+	162	73427804	76362
chr5	135435988	135635988	harbor2	chr5	135513062	135513140	DNA/TcMar-Tigger	1582	+	39	135513101	77113
chr5	135435988	135635988	harbor2	chr5	135513759	135513783	DNA/TcMar-Tigger	1582	+	12	135513771	77783
chr5	135435988	135635988	harbor2	chr5	135514085	135514329	DNA/TcMar-Tigger	1582	+	122	135514207	78219
chr5	10341874	10541874	harbor2	chr5	10358393	10358599	DNA/TcMar-Tigger	1091	+	103	10358496	16622
chr5	10341874	10541874	harbor2	chr5	10358600	10359423	DNA/TcMar-Tigger	4206	+	412	10359012	17138
chr5	10341874	10541874	harbor2	chr5	10360019	10360144	DNA/TcMar-Tigger	565	+	62	10360081	18207
chr5	10341874	10541874	harbor2	chr5	10360438	10360493	DNA/TcMar-Tigger	565	+	28	10360466	18592
chr5	10341874	10541874	harbor2	chr5	10360500	10360621	DNA/TcMar-Tigger	664	+	60	10360560	18686
chr5	10341874	10541874	harbor2	chr5	10419131	10419529	DNA/TcMar-Tigger	1149	+	199	10419330	77456
chr5	10341874	10541874	harbor2	chr5	10428101	10428318	DNA/TcMar-Tigger	467	+	108	10428209	86335
chr5	150970772	151170772	harbor2	chr5	150983809	150983954	DNA/TcMar-Tigger	749	+	72	150983881	13109
chr5	150970772	151170772	harbor2	chr5	151057363	151057443	DNA/TcMar-Tigger	2106	+	40	151057403	86631
chr5	150970772	151170772	harbor2	chr5	151057736	151057985	DNA/TcMar-Tigger	2106	+	124	151057860	87088
chr5	73351456	73551456	harbor2	chr5	73427642	73427965	DNA/TcMar-Tigger	1616	+	162	73427804	76348
chr5	171288490	171488490	harbor2	chr5	171320255	171320631	DNA/TcMar-Tigger	2169	+	188	171320443	31953
chr5	171288490	171488490	harbor2	chr5	171320910	171321002	DNA/TcMar-Tigger	2169	+	46	171320956	32466
chr5	10341865	10541865	harbor2	chr5	10358393	10358599	DNA/TcMar-Tigger	1091	+	103	10358496	16631
chr5	10341865	10541865	harbor2	chr5	10358600	10359423	DNA/TcMar-Tigger	4206	+	412	10359012	17147
chr5	10341865	10541865	harbor2	chr5	10360019	10360144	DNA/TcMar-Tigger	565	+	62	10360081	18216
chr5	10341865	10541865	harbor2	chr5	10360438	10360493	DNA/TcMar-Tigger	565	+	28	10360466	18601
chr5	10341865	10541865	harbor2	chr5	10360500	10360621	DNA/TcMar-Tigger	664	+	60	10360560	18695
chr5	10341865	10541865	harbor2	chr5	10419131	10419529	DNA/TcMar-Tigger	1149	+	199	10419330	77465
chr5	10341865	10541865	harbor2	chr5	10428101	10428318	DNA/TcMar-Tigger	467	+	108	10428209	86344
chr5	41804360	42004360	harbor2	chr5	41821314	41821453	DNA/TcMar-Tigger	431	+	70	41821384	17024
chr5	41804360	42004360	harbor2	chr5	41858913	41859305	DNA/TcMar-Tigger	2195	+	196	41859109	54749
chr5	41804360	42004360	harbor2	chr5	41859304	41859522	DNA/TcMar-Tigger	1267	+	109	41859413	55053
chr5	41804360	42004360	harbor2	chr5	41862967	41863257	DNA/TcMar-Tigger	1202	+	145	41863112	58752
chr5	41804360	42004360	harbor2	chr5	41872609	41872720	DNA/TcMar-Tigger	1955	+	56	41872665	68305
chr5	41804360	42004360	harbor2	chr5	41873033	41873263	DNA/TcMar-Tigger	1955	+	115	41873148	68788
chr5	112319140	112519140	harbor2	chr5	112405476	112405673	DNA/TcMar-Tigger	618	+	98	112405574	86434
chr5	10341837	10541837	harbor2	chr5	10358393	10358599	DNA/TcMar-Tigger	1091	+	103	10358496	16659
chr5	10341837	10541837	harbor2	chr5	10358600	10359423	DNA/TcMar-Tigger	4206	+	412	10359012	17175
chr5	10341837	10541837	harbor2	chr5	10360019	10360144	DNA/TcMar-Tigger	565	+	62	10360081	18244
chr5	10341837	10541837	harbor2	chr5	10360438	10360493	DNA/TcMar-Tigger	565	+	28	10360466	18629
chr5	10341837	10541837	harbor2	chr5	10360500	10360621	DNA/TcMar-Tigger	664	+	60	10360560	18723
chr5	10341837	10541837	harbor2	chr5	10419131	10419529	DNA/TcMar-Tigger	1149	+	199	10419330	77493
chr5	10341837	10541837	harbor2	chr5	10428101	10428318	DNA/TcMar-Tigger	467	+	108	10428209	86372
chr5	158975488	159175488	harbor2	chr5	159043867	159044001	DNA/TcMar-Tigger	481	+	67	159043934	68446
chr5	6533324	6733324	harbor2	chr5	6538257	6538688	DNA/TcMar-Tigger	2145	+	216	6538473	5149
chr5	6533324	6733324	harbor2	chr5	6596434	6596800	DNA/TcMar-Tigger	1612	+	183	6596617	63293
chr5	171287662	171487662	harbor2	chr5	171320255	171320631	DNA/TcMar-Tigger	2169	+	188	171320443	32781
chr5	171287662	171487662	harbor2	chr5	171320910	171321002	DNA/TcMar-Tigger	2169	+	46	171320956	33294
chr5	10348809	10548809	harbor2	chr5	10358393	10358599	DNA/TcMar-Tigger	1091	+	103	10358496	9687
chr5	10348809	10548809	harbor2	chr5	10358600	10359423	DNA/TcMar-Tigger	4206	+	412	10359012	10203
chr5	10348809	10548809	harbor2	chr5	10360019	10360144	DNA/TcMar-Tigger	565	+	62	10360081	11272
chr5	10348809	10548809	harbor2	chr5	10360438	10360493	DNA/TcMar-Tigger	565	+	28	10360466	11657
chr5	10348809	10548809	harbor2	chr5	10360500	10360621	DNA/TcMar-Tigger	664	+	60	10360560	11751
chr5	10348809	10548809	harbor2	chr5	10419131	10419529	DNA/TcMar-Tigger	1149	+	199	10419330	70521
chr5	10348809	10548809	harbor2	chr5	10428101	10428318	DNA/TcMar-Tigger	467	+	108	10428209	79400
chr5	76930492	77130492	harbor2	chr5	76965031	76965256	DNA/TcMar-Tigger	1199	+	112	76965143	34651
chr5	76930492	77130492	harbor2	chr5	76977277	76978671	DNA/TcMar-Tigger	9518	+	697	76977974	47482
chr5	76930492	77130492	harbor2	chr5	76978672	76979144	DNA/TcMar-Tigger	2936	+	236	76978908	48416
chr5	76930492	77130492	harbor2	chr5	76979649	76979846	DNA/TcMar-Tigger	1255	+	98	76979747	49255
chr5	133511231	133711231	harbor2	chr5	133600042	133600410	DNA/TcMar-Tigger	2241	+	184	133600226	88995
chr5	133511231	133711231	harbor2	chr5	133603214	133603555	DNA/TcMar-Tigger	782	+	170	133603384	92153
chr5	73351450	73551450	harbor2	chr5	73427642	73427965	DNA/TcMar-Tigger	1616	+	162	73427804	76354
chr5	176018013	176218013	harbor2	chr5	176042249	176042776	DNA/TcMar-Tigger	1939	+	264	176042513	24500
chr5	154684770	154884770	harbor2	chr5	154751586	154751870	DNA/TcMar-Tigger	1636	+	142	154751728	66958
chr5	154684770	154884770	harbor2	chr5	154759669	154759918	DNA/TcMar-Tigger	1391	+	124	154759793	75023
chr5	14760188	14960188	harbor2	chr5	14766774	14766962	DNA/TcMar-Tigger	485	+	94	14766868	6680
chr5	14760188	14960188	harbor2	chr5	14798490	14800718	DNA/TcMar-Tigger	15511	+	1114	14799604	39416
chr5	14760188	14960188	harbor2	chr5	14801026	14801143	DNA/TcMar-Tigger	15511	+	58	14801084	40896
chr5	42530223	42730223	harbor2	chr5	42558493	42558823	DNA/TcMar-Tigger	1919	+	165	42558658	28435
chr5	178021742	178221742	harbor2	chr5	178065326	178065555	DNA/TcMar-Tigger	1219	+	114	178065440	43698
chr5	73354563	73554563	harbor2	chr5	73427642	73427965	DNA/TcMar-Tigger	1616	+	162	73427804	73241
chr5	10341873	10541873	harbor2	chr5	10358393	10358599	DNA/TcMar-Tigger	1091	+	103	10358496	16623
chr5	10341873	10541873	harbor2	chr5	10358600	10359423	DNA/TcMar-Tigger	4206	+	412	10359012	17139
chr5	10341873	10541873	harbor2	chr5	10360019	10360144	DNA/TcMar-Tigger	565	+	62	10360081	18208
chr5	10341873	10541873	harbor2	chr5	10360438	10360493	DNA/TcMar-Tigger	565	+	28	10360466	18593
chr5	10341873	10541873	harbor2	chr5	10360500	10360621	DNA/TcMar-Tigger	664	+	60	10360560	18687
chr5	10341873	10541873	harbor2	chr5	10419131	10419529	DNA/TcMar-Tigger	1149	+	199	10419330	77457
chr5	10341873	10541873	harbor2	chr5	10428101	10428318	DNA/TcMar-Tigger	467	+	108	10428209	86336
chr5	10341897	10541897	harbor2	chr5	10358393	10358599	DNA/TcMar-Tigger	1091	+	103	10358496	16599
chr5	10341897	10541897	harbor2	chr5	10358600	10359423	DNA/TcMar-Tigger	4206	+	412	10359012	17115
chr5	10341897	10541897	harbor2	chr5	10360019	10360144	DNA/TcMar-Tigger	565	+	62	10360081	18184
chr5	10341897	10541897	harbor2	chr5	10360438	10360493	DNA/TcMar-Tigger	565	+	28	10360466	18569
chr5	10341897	10541897	harbor2	chr5	10360500	10360621	DNA/TcMar-Tigger	664	+	60	10360560	18663
chr5	10341897	10541897	harbor2	chr5	10419131	10419529	DNA/TcMar-Tigger	1149	+	199	10419330	77433
chr5	10341897	10541897	harbor2	chr5	10428101	10428318	DNA/TcMar-Tigger	467	+	108	10428209	86312
chr5	10341909	10541909	harbor2	chr5	10358393	10358599	DNA/TcMar-Tigger	1091	+	103	10358496	16587
chr5	10341909	10541909	harbor2	chr5	10358600	10359423	DNA/TcMar-Tigger	4206	+	412	10359012	17103
chr5	10341909	10541909	harbor2	chr5	10360019	10360144	DNA/TcMar-Tigger	565	+	62	10360081	18172
chr5	10341909	10541909	harbor2	chr5	10360438	10360493	DNA/TcMar-Tigger	565	+	28	10360466	18557
chr5	10341909	10541909	harbor2	chr5	10360500	10360621	DNA/TcMar-Tigger	664	+	60	10360560	18651
chr5	10341909	10541909	harbor2	chr5	10419131	10419529	DNA/TcMar-Tigger	1149	+	199	10419330	77421
chr5	10341909	10541909	harbor2	chr5	10428101	10428318	DNA/TcMar-Tigger	467	+	108	10428209	86300
chr5	73351449	73551449	harbor2	chr5	73427642	73427965	DNA/TcMar-Tigger	1616	+	162	73427804	76355
chr5	10341893	10541893	harbor2	chr5	10358393	10358599	DNA/TcMar-Tigger	1091	+	103	10358496	16603
chr5	10341893	10541893	harbor2	chr5	10358600	10359423	DNA/TcMar-Tigger	4206	+	412	10359012	17119
chr5	10341893	10541893	harbor2	chr5	10360019	10360144	DNA/TcMar-Tigger	565	+	62	10360081	18188
chr5	10341893	10541893	harbor2	chr5	10360438	10360493	DNA/TcMar-Tigger	565	+	28	10360466	18573
chr5	10341893	10541893	harbor2	chr5	10360500	10360621	DNA/TcMar-Tigger	664	+	60	10360560	18667
chr5	10341893	10541893	harbor2	chr5	10419131	10419529	DNA/TcMar-Tigger	1149	+	199	10419330	77437
chr5	10341893	10541893	harbor2	chr5	10428101	10428318	DNA/TcMar-Tigger	467	+	108	10428209	86316
chr5	73351437	73551437	harbor2	chr5	73427642	73427965	DNA/TcMar-Tigger	1616	+	162	73427804	76367
chr5	10401998	10601998	harbor2	chr5	10419131	10419529	DNA/TcMar-Tigger	1149	+	199	10419330	17332
chr5	10401998	10601998	harbor2	chr5	10428101	10428318	DNA/TcMar-Tigger	467	+	108	10428209	26211
chr5	10401998	10601998	harbor2	chr5	10494198	10494396	DNA/TcMar-Tigger	553	+	99	10494297	92299
chr5	10401998	10601998	harbor2	chr5	10494883	10494983	DNA/TcMar-Tigger	553	+	50	10494933	92935
chr5	37741093	37941093	harbor2	chr5	37830983	37831082	DNA/TcMar-Tigger	414	+	50	37831033	89940
chr5	10661105	10861105	harbor2	chr5	10685946	10686054	DNA/TcMar-Tigger	470	+	54	10686000	24895
chr5	10661105	10861105	harbor2	chr5	10686051	10687900	DNA/TcMar-Tigger	14021	+	924	10686975	25870
chr5	10661105	10861105	harbor2	chr5	10688216	10688572	DNA/TcMar-Tigger	14021	+	178	10688394	27289
chr5	10661105	10861105	harbor2	chr5	10741664	10741905	DNA/TcMar-Tigger	881	+	120	10741784	80679
chr5	10661105	10861105	harbor2	chr5	10756858	10757046	DNA/TcMar-Tigger	600	+	94	10756952	95847
chr5	147722928	147922928	harbor2	chr5	147796898	147797208	DNA/TcMar-Tigger	1693	+	155	147797053	74125
chr5	147722928	147922928	harbor2	chr5	147797207	147799088	DNA/TcMar-Tigger	11172	+	940	147798147	75219
chr5	147722928	147922928	harbor2	chr5	147799090	147799180	DNA/TcMar-Tigger	443	+	45	147799135	76207
chr5	10661095	10861095	harbor2	chr5	10685946	10686054	DNA/TcMar-Tigger	470	+	54	10686000	24905
chr5	10661095	10861095	harbor2	chr5	10686051	10687900	DNA/TcMar-Tigger	14021	+	924	10686975	25880
chr5	10661095	10861095	harbor2	chr5	10688216	10688572	DNA/TcMar-Tigger	14021	+	178	10688394	27299
chr5	10661095	10861095	harbor2	chr5	10741664	10741905	DNA/TcMar-Tigger	881	+	120	10741784	80689
chr5	10661095	10861095	harbor2	chr5	10756858	10757046	DNA/TcMar-Tigger	600	+	94	10756952	95857
chr5	73354693	73554693	harbor2	chr5	73427642	73427965	DNA/TcMar-Tigger	1616	+	162	73427804	73111
chr5	79345178	79545178	harbor2	chr5	79391872	79392848	DNA/TcMar-Tigger	5479	+	488	79392360	47182
chr5	79345178	79545178	harbor2	chr5	79407862	79408203	DNA/TcMar-Tigger	1873	+	170	79408032	62854
chr5	79345178	79545178	harbor2	chr5	79443014	79443268	DNA/TcMar-Tigger	751	+	127	79443141	97963
chr5	75136870	75336870	harbor2	chr5	75165176	75165257	DNA/TcMar-Tigger	426	+	40	75165216	28346
chr5	75136870	75336870	harbor2	chr5	75189582	75189686	DNA/TcMar-Tigger	424	+	52	75189634	52764
chr5	75136870	75336870	harbor2	chr5	75221612	75222039	DNA/TcMar-Tigger	2387	+	214	75221826	84956
chr5	75136870	75336870	harbor2	chr5	75229551	75229599	DNA/TcMar-Tigger	3301	+	24	75229575	92705
chr5	75136870	75336870	harbor2	chr5	75229895	75230520	DNA/TcMar-Tigger	3301	+	312	75230207	93337
chr5	10661799	10861799	harbor2	chr5	10685946	10686054	DNA/TcMar-Tigger	470	+	54	10686000	24201
chr5	10661799	10861799	harbor2	chr5	10686051	10687900	DNA/TcMar-Tigger	14021	+	924	10686975	25176
chr5	10661799	10861799	harbor2	chr5	10688216	10688572	DNA/TcMar-Tigger	14021	+	178	10688394	26595
chr5	10661799	10861799	harbor2	chr5	10741664	10741905	DNA/TcMar-Tigger	881	+	120	10741784	79985
chr5	10661799	10861799	harbor2	chr5	10756858	10757046	DNA/TcMar-Tigger	600	+	94	10756952	95153
chr5	91180678	91380678	harbor2	chr5	91201680	91202125	DNA/TcMar-Tigger	2445	+	222	91201902	21224
chr5	91180678	91380678	harbor2	chr5	91229044	91229283	DNA/TcMar-Tigger	1216	+	120	91229164	48486
chr5	91180678	91380678	harbor2	chr5	91229288	91229311	DNA/TcMar-Tigger	573	+	12	91229300	48622
chr5	91180678	91380678	harbor2	chr5	91231912	91231995	DNA/TcMar-Tigger	573	+	42	91231954	51276
chr5	143113893	143313893	harbor2	chr5	143192948	143193230	DNA/TcMar-Tigger	2277	+	141	143193089	79196
chr5	143113893	143313893	harbor2	chr5	143193551	143193963	DNA/TcMar-Tigger	2277	+	206	143193757	79864
chr5	132010466	132210466	harbor2	chr5	132097675	132097951	DNA/TcMar-Tigger	855	+	138	132097813	87347
chr5	132010466	132210466	harbor2	chr5	132099289	132099461	DNA/TcMar-Tigger	597	+	86	132099375	88909
chr5	10341849	10541849	harbor2	chr5	10358393	10358599	DNA/TcMar-Tigger	1091	+	103	10358496	16647
chr5	10341849	10541849	harbor2	chr5	10358600	10359423	DNA/TcMar-Tigger	4206	+	412	10359012	17163
chr5	10341849	10541849	harbor2	chr5	10360019	10360144	DNA/TcMar-Tigger	565	+	62	10360081	18232
chr5	10341849	10541849	harbor2	chr5	10360438	10360493	DNA/TcMar-Tigger	565	+	28	10360466	18617
chr5	10341849	10541849	harbor2	chr5	10360500	10360621	DNA/TcMar-Tigger	664	+	60	10360560	18711
chr5	10341849	10541849	harbor2	chr5	10419131	10419529	DNA/TcMar-Tigger	1149	+	199	10419330	77481
chr5	10341849	10541849	harbor2	chr5	10428101	10428318	DNA/TcMar-Tigger	467	+	108	10428209	86360
chr5	73351468	73551468	harbor2	chr5	73427642	73427965	DNA/TcMar-Tigger	1616	+	162	73427804	76336
chr5	687864	887864	harbor2	chr5	719757	719987	DNA/TcMar-Tigger	1166	+	115	719872	32008
chr5	687864	887864	harbor2	chr5	719986	720086	DNA/TcMar-Tigger	600	+	50	720036	32172
chr5	687864	887864	harbor2	chr5	742446	742587	DNA/TcMar-Tigger	710	+	70	742516	54652
chr5	687864	887864	harbor2	chr5	742586	742782	DNA/TcMar-Tigger	779	+	98	742684	54820
chr5	135443984	135643984	harbor2	chr5	135513062	135513140	DNA/TcMar-Tigger	1582	+	39	135513101	69117
chr5	135443984	135643984	harbor2	chr5	135513759	135513783	DNA/TcMar-Tigger	1582	+	12	135513771	69787
chr5	135443984	135643984	harbor2	chr5	135514085	135514329	DNA/TcMar-Tigger	1582	+	122	135514207	70223
chr5	132394503	132594503	harbor2	chr5	132422538	132422633	DNA/TcMar-Tigger	502	+	48	132422586	28083
chr5	10341903	10541903	harbor2	chr5	10358393	10358599	DNA/TcMar-Tigger	1091	+	103	10358496	16593
chr5	10341903	10541903	harbor2	chr5	10358600	10359423	DNA/TcMar-Tigger	4206	+	412	10359012	17109
chr5	10341903	10541903	harbor2	chr5	10360019	10360144	DNA/TcMar-Tigger	565	+	62	10360081	18178
chr5	10341903	10541903	harbor2	chr5	10360438	10360493	DNA/TcMar-Tigger	565	+	28	10360466	18563
chr5	10341903	10541903	harbor2	chr5	10360500	10360621	DNA/TcMar-Tigger	664	+	60	10360560	18657
chr5	10341903	10541903	harbor2	chr5	10419131	10419529	DNA/TcMar-Tigger	1149	+	199	10419330	77427
chr5	10341903	10541903	harbor2	chr5	10428101	10428318	DNA/TcMar-Tigger	467	+	108	10428209	86306
chr5	10341907	10541907	harbor2	chr5	10358393	10358599	DNA/TcMar-Tigger	1091	+	103	10358496	16589
chr5	10341907	10541907	harbor2	chr5	10358600	10359423	DNA/TcMar-Tigger	4206	+	412	10359012	17105
chr5	10341907	10541907	harbor2	chr5	10360019	10360144	DNA/TcMar-Tigger	565	+	62	10360081	18174
chr5	10341907	10541907	harbor2	chr5	10360438	10360493	DNA/TcMar-Tigger	565	+	28	10360466	18559
chr5	10341907	10541907	harbor2	chr5	10360500	10360621	DNA/TcMar-Tigger	664	+	60	10360560	18653
chr5	10341907	10541907	harbor2	chr5	10419131	10419529	DNA/TcMar-Tigger	1149	+	199	10419330	77423
chr5	10341907	10541907	harbor2	chr5	10428101	10428318	DNA/TcMar-Tigger	467	+	108	10428209	86302
chr5	10341896	10541896	harbor2	chr5	10358393	10358599	DNA/TcMar-Tigger	1091	+	103	10358496	16600
chr5	10341896	10541896	harbor2	chr5	10358600	10359423	DNA/TcMar-Tigger	4206	+	412	10359012	17116
chr5	10341896	10541896	harbor2	chr5	10360019	10360144	DNA/TcMar-Tigger	565	+	62	10360081	18185
chr5	10341896	10541896	harbor2	chr5	10360438	10360493	DNA/TcMar-Tigger	565	+	28	10360466	18570
chr5	10341896	10541896	harbor2	chr5	10360500	10360621	DNA/TcMar-Tigger	664	+	60	10360560	18664
chr5	10341896	10541896	harbor2	chr5	10419131	10419529	DNA/TcMar-Tigger	1149	+	199	10419330	77434
chr5	10341896	10541896	harbor2	chr5	10428101	10428318	DNA/TcMar-Tigger	467	+	108	10428209	86313
chr5	133511227	133711227	harbor2	chr5	133600042	133600410	DNA/TcMar-Tigger	2241	+	184	133600226	88999
chr5	133511227	133711227	harbor2	chr5	133603214	133603555	DNA/TcMar-Tigger	782	+	170	133603384	92157
chr5	73354567	73554567	harbor2	chr5	73427642	73427965	DNA/TcMar-Tigger	1616	+	162	73427804	73237
chr5	171288520	171488520	harbor2	chr5	171320255	171320631	DNA/TcMar-Tigger	2169	+	188	171320443	31923
chr5	171288520	171488520	harbor2	chr5	171320910	171321002	DNA/TcMar-Tigger	2169	+	46	171320956	32436
chr5	53009476	53209476	harbor2	chr5	53019281	53019531	DNA/TcMar-Tigger	2534	+	125	53019406	9930
chr5	53009476	53209476	harbor2	chr5	53019826	53020094	DNA/TcMar-Tigger	2534	+	134	53019960	10484
chr5	168386830	168586830	harbor2	chr5	168412654	168412960	DNA/TcMar-Tigger	1755	+	153	168412807	25977
chr5	168386830	168586830	harbor2	chr5	168484036	168484226	DNA/TcMar-Tigger	893	+	95	168484131	97301
chr5	168386830	168586830	harbor2	chr5	168484225	168484322	DNA/TcMar-Tigger	652	+	48	168484273	97443
chr5	73405863	73605863	harbor2	chr5	73427642	73427965	DNA/TcMar-Tigger	1616	+	162	73427804	21941
chr5	92439	292439	harbor2	chr5	129730	129846	DNA/TcMar-Tigger	422	+	58	129788	37349
chr5	10387001	10587001	harbor2	chr5	10419131	10419529	DNA/TcMar-Tigger	1149	+	199	10419330	32329
chr5	10387001	10587001	harbor2	chr5	10428101	10428318	DNA/TcMar-Tigger	467	+	108	10428209	41208
chr5	137654191	137854191	harbor2	chr5	137750137	137750342	DNA/TcMar-Tigger	1274	+	102	137750239	96048
chr5	10762842	10962842	harbor2	chr5	10804382	10806588	DNA/TcMar-Tigger	16584	+	1103	10805485	42643
chr5	10762842	10962842	harbor2	chr5	10806887	10807066	DNA/TcMar-Tigger	16584	+	90	10806977	44135
chr5	133166465	133366465	harbor2	chr5	133174565	133174902	DNA/TcMar-Tigger	1981	+	168	133174733	8268
chr5	133511241	133711241	harbor2	chr5	133600042	133600410	DNA/TcMar-Tigger	2241	+	184	133600226	88985
chr5	133511241	133711241	harbor2	chr5	133603214	133603555	DNA/TcMar-Tigger	782	+	170	133603384	92143
chr5	37740773	37940773	harbor2	chr5	37830983	37831082	DNA/TcMar-Tigger	414	+	50	37831033	90260
chr5	100503	300503	harbor2	chr5	129730	129846	DNA/TcMar-Tigger	422	+	58	129788	29285
chr5	171288579	171488579	harbor2	chr5	171320255	171320631	DNA/TcMar-Tigger	2169	+	188	171320443	31864
chr5	171288579	171488579	harbor2	chr5	171320910	171321002	DNA/TcMar-Tigger	2169	+	46	171320956	32377
chr5	73351413	73551413	harbor2	chr5	73427642	73427965	DNA/TcMar-Tigger	1616	+	162	73427804	76391
chr5	10342482	10542482	harbor2	chr5	10358393	10358599	DNA/TcMar-Tigger	1091	+	103	10358496	16014
chr5	10342482	10542482	harbor2	chr5	10358600	10359423	DNA/TcMar-Tigger	4206	+	412	10359012	16530
chr5	10342482	10542482	harbor2	chr5	10360019	10360144	DNA/TcMar-Tigger	565	+	62	10360081	17599
chr5	10342482	10542482	harbor2	chr5	10360438	10360493	DNA/TcMar-Tigger	565	+	28	10360466	17984
chr5	10342482	10542482	harbor2	chr5	10360500	10360621	DNA/TcMar-Tigger	664	+	60	10360560	18078
chr5	10342482	10542482	harbor2	chr5	10419131	10419529	DNA/TcMar-Tigger	1149	+	199	10419330	76848
chr5	10342482	10542482	harbor2	chr5	10428101	10428318	DNA/TcMar-Tigger	467	+	108	10428209	85727
chr5	6533029	6733029	harbor2	chr5	6538257	6538688	DNA/TcMar-Tigger	2145	+	216	6538473	5444
chr5	6533029	6733029	harbor2	chr5	6596434	6596800	DNA/TcMar-Tigger	1612	+	183	6596617	63588
chr5	53460613	53660613	harbor2	chr5	53546662	53546891	DNA/TcMar-Tigger	458	+	114	53546776	86163
chr6	147104110	147304110	harbor2	chr6	147198333	147198412	DNA/TcMar-Tigger	476	+	40	147198373	94263
chr6	152902804	153102804	harbor2	chr6	152943254	152943764	DNA/TcMar-Tigger	3160	+	255	152943509	40705
chr6	152902804	153102804	harbor2	chr6	152974607	152974814	DNA/TcMar-Tigger	1027	+	104	152974711	71907
chr6	7626958	7826958	harbor2	chr6	7636684	7636766	DNA/TcMar-Tigger	811	+	41	7636725	9767
chr6	7626958	7826958	harbor2	chr6	7637534	7637793	DNA/TcMar-Tigger	811	+	130	7637664	10706
chr6	7626958	7826958	harbor2	chr6	7643089	7643417	DNA/TcMar-Tigger	1792	+	164	7643253	16295
chr6	30621444	30821444	harbor2	chr6	30639777	30639851	DNA/TcMar-Tigger	1585	+	37	30639814	18370
chr6	30621444	30821444	harbor2	chr6	30640155	30640352	DNA/TcMar-Tigger	1585	+	98	30640253	18809
chr6	30621444	30821444	harbor2	chr6	30665975	30666242	DNA/TcMar-Tigger	642	+	134	30666109	44665
chr6	125225390	125425390	harbor2	chr6	125265458	125265827	DNA/TcMar-Tigger	2001	+	184	125265642	40252
chr6	125225390	125425390	harbor2	chr6	125266137	125266192	DNA/TcMar-Tigger	2001	+	28	125266165	40775
chr6	125225390	125425390	harbor2	chr6	125296059	125296347	DNA/TcMar-Tigger	1134	+	144	125296203	70813
chr6	37071463	37271463	harbor2	chr6	37082019	37082383	DNA/TcMar-Tigger	1337	+	182	37082201	10738
chr6	37071463	37271463	harbor2	chr6	37114272	37114393	DNA/TcMar-Tigger	865	+	60	37114332	42869
chr6	37071463	37271463	harbor2	chr6	37114703	37114748	DNA/TcMar-Tigger	865	+	22	37114725	43262
chr6	37071463	37271463	harbor2	chr6	37114889	37114947	DNA/TcMar-Tigger	865	+	29	37114918	43455
chr6	37071463	37271463	harbor2	chr6	37136604	37136856	DNA/TcMar-Tigger	778	+	126	37136730	65267
chr6	118834580	119034580	harbor2	chr6	118867242	118867804	DNA/TcMar-Tigger	2724	+	281	118867523	32943
chr6	118834580	119034580	harbor2	chr6	118932046	118932367	DNA/TcMar-Tigger	1774	+	160	118932206	97626
chr6	29530473	29730473	harbor2	chr6	29566123	29566622	DNA/TcMar-Tigger	5558	+	250	29566373	35900
chr6	29530473	29730473	harbor2	chr6	29566924	29567434	DNA/TcMar-Tigger	5558	+	255	29567179	36706
chr6	29530473	29730473	harbor2	chr6	29595305	29595441	DNA/TcMar-Tigger	5634	+	68	29595373	64900
chr6	29530473	29730473	harbor2	chr6	29595699	29595717	DNA/TcMar-Tigger	5634	+	9	29595708	65235
chr6	29530473	29730473	harbor2	chr6	29596852	29596928	DNA/TcMar-Tigger	5634	+	38	29596890	66417
chr6	29530473	29730473	harbor2	chr6	29597193	29597971	DNA/TcMar-Tigger	5634	+	389	29597582	67109
chr6	37002837	37202837	harbor2	chr6	37069984	37070212	DNA/TcMar-Tigger	541	+	114	37070098	67261
chr6	37002837	37202837	harbor2	chr6	37082019	37082383	DNA/TcMar-Tigger	1337	+	182	37082201	79364
chr6	10445756	10645756	harbor2	chr6	10479477	10479785	DNA/TcMar-Tigger	1541	+	154	10479631	33875
chr6	10445756	10645756	harbor2	chr6	10500718	10500810	DNA/TcMar-Tigger	457	+	46	10500764	55008
chr6	7626956	7826956	harbor2	chr6	7636684	7636766	DNA/TcMar-Tigger	811	+	41	7636725	9769
chr6	7626956	7826956	harbor2	chr6	7637534	7637793	DNA/TcMar-Tigger	811	+	130	7637664	10708
chr6	7626956	7826956	harbor2	chr6	7643089	7643417	DNA/TcMar-Tigger	1792	+	164	7643253	16297
chr6	89850691	90050691	harbor2	chr6	89856002	89856406	DNA/TcMar-Tigger	932	+	202	89856204	5513
chr6	89850691	90050691	harbor2	chr6	89856714	89856909	DNA/TcMar-Tigger	932	+	98	89856812	6121
chr6	89850691	90050691	harbor2	chr6	89925757	89926076	DNA/TcMar-Tigger	1550	+	160	89925917	75226
chr6	45543677	45743677	harbor2	chr6	45580570	45580952	DNA/TcMar-Tigger	1791	+	191	45580761	37084
chr6	45543677	45743677	harbor2	chr6	45631374	45631676	DNA/TcMar-Tigger	1905	+	151	45631525	87848
chr6	41537706	41737706	harbor2	chr6	41563766	41563979	DNA/TcMar-Tigger	637	+	106	41563872	26166
chr6	43073296	43273296	harbor2	chr6	43091623	43091819	DNA/TcMar-Tigger	1125	+	98	43091721	18425
chr6	43073296	43273296	harbor2	chr6	43092454	43092598	DNA/TcMar-Tigger	725	+	72	43092526	19230
chr6	170009885	170209885	harbor2	chr6	170059352	170061711	DNA/TcMar-Tigger	13593	+	1180	170060532	50647
chr6	7772024	7972024	harbor2	chr6	7838052	7838375	DNA/TcMar-Tigger	1719	+	162	7838214	66190
chr6	45541160	45741160	harbor2	chr6	45580570	45580952	DNA/TcMar-Tigger	1791	+	191	45580761	39601
chr6	45541160	45741160	harbor2	chr6	45631374	45631676	DNA/TcMar-Tigger	1905	+	151	45631525	90365
chr6	7629037	7829037	harbor2	chr6	7636684	7636766	DNA/TcMar-Tigger	811	+	41	7636725	7688
chr6	7629037	7829037	harbor2	chr6	7637534	7637793	DNA/TcMar-Tigger	811	+	130	7637664	8627
chr6	7629037	7829037	harbor2	chr6	7643089	7643417	DNA/TcMar-Tigger	1792	+	164	7643253	14216
chr6	45542351	45742351	harbor2	chr6	45580570	45580952	DNA/TcMar-Tigger	1791	+	191	45580761	38410
chr6	45542351	45742351	harbor2	chr6	45631374	45631676	DNA/TcMar-Tigger	1905	+	151	45631525	89174
chr6	37071432	37271432	harbor2	chr6	37082019	37082383	DNA/TcMar-Tigger	1337	+	182	37082201	10769
chr6	37071432	37271432	harbor2	chr6	37114272	37114393	DNA/TcMar-Tigger	865	+	60	37114332	42900
chr6	37071432	37271432	harbor2	chr6	37114703	37114748	DNA/TcMar-Tigger	865	+	22	37114725	43293
chr6	37071432	37271432	harbor2	chr6	37114889	37114947	DNA/TcMar-Tigger	865	+	29	37114918	43486
chr6	37071432	37271432	harbor2	chr6	37136604	37136856	DNA/TcMar-Tigger	778	+	126	37136730	65298
chr6	13879117	14079117	harbor2	chr6	13930047	13930361	DNA/TcMar-Tigger	1349	+	157	13930204	51087
chr6	13879117	14079117	harbor2	chr6	13975704	13975957	DNA/TcMar-Tigger	658	+	126	13975830	96713
chr6	90487353	90687353	harbor2	chr6	90495862	90496012	DNA/TcMar-Tigger	611	+	75	90495937	8584
chr6	90487353	90687353	harbor2	chr6	90496009	90496275	DNA/TcMar-Tigger	1392	+	133	90496142	8789
chr6	167863275	168063275	harbor2	chr6	167863080	167863312	DNA/TcMar-Tigger	1179	+	116	167863196	79
chr6	167863275	168063275	harbor2	chr6	167915606	167916000	DNA/TcMar-Tigger	2213	+	197	167915803	52528
chr6	167863275	168063275	harbor2	chr6	167958011	167958338	DNA/TcMar-Tigger	1885	+	164	167958175	94900
chr6	7626983	7826983	harbor2	chr6	7636684	7636766	DNA/TcMar-Tigger	811	+	41	7636725	9742
chr6	7626983	7826983	harbor2	chr6	7637534	7637793	DNA/TcMar-Tigger	811	+	130	7637664	10681
chr6	7626983	7826983	harbor2	chr6	7643089	7643417	DNA/TcMar-Tigger	1792	+	164	7643253	16270
chr6	37074400	37274400	harbor2	chr6	37082019	37082383	DNA/TcMar-Tigger	1337	+	182	37082201	7801
chr6	37074400	37274400	harbor2	chr6	37114272	37114393	DNA/TcMar-Tigger	865	+	60	37114332	39932
chr6	37074400	37274400	harbor2	chr6	37114703	37114748	DNA/TcMar-Tigger	865	+	22	37114725	40325
chr6	37074400	37274400	harbor2	chr6	37114889	37114947	DNA/TcMar-Tigger	865	+	29	37114918	40518
chr6	37074400	37274400	harbor2	chr6	37136604	37136856	DNA/TcMar-Tigger	778	+	126	37136730	62330
chr6	6447005	6647005	harbor2	chr6	6455945	6458324	DNA/TcMar-Tigger	15957	+	1190	6457135	10130
chr6	45540928	45740928	harbor2	chr6	45580570	45580952	DNA/TcMar-Tigger	1791	+	191	45580761	39833
chr6	45540928	45740928	harbor2	chr6	45631374	45631676	DNA/TcMar-Tigger	1905	+	151	45631525	90597
chr6	138473227	138673227	harbor2	chr6	138550953	138551281	DNA/TcMar-Tigger	1688	+	164	138551117	77890
chr6	7628030	7828030	harbor2	chr6	7636684	7636766	DNA/TcMar-Tigger	811	+	41	7636725	8695
chr6	7628030	7828030	harbor2	chr6	7637534	7637793	DNA/TcMar-Tigger	811	+	130	7637664	9634
chr6	7628030	7828030	harbor2	chr6	7643089	7643417	DNA/TcMar-Tigger	1792	+	164	7643253	15223
chr6	166057634	166257634	harbor2	chr6	166084439	166084762	DNA/TcMar-Tigger	1308	+	162	166084601	26967
chr6	43872696	44072696	harbor2	chr6	43944347	43944887	DNA/TcMar-Tigger	690	+	270	43944617	71921
chr6	43872696	44072696	harbor2	chr6	43958911	43960206	DNA/TcMar-Tigger	8345	+	648	43959559	86863
chr6	43872696	44072696	harbor2	chr6	43957128	43958503	DNA/TcMar-Tigger	8330	+	688	43957816	85120
chr6	37189816	37389816	harbor2	chr6	37233810	37234102	DNA/TcMar-Tigger	2352	+	146	37233956	44140
chr6	37189816	37389816	harbor2	chr6	37234400	37234483	DNA/TcMar-Tigger	2352	+	42	37234442	44626
chr6	37189816	37389816	harbor2	chr6	37237200	37237644	DNA/TcMar-Tigger	1373	+	222	37237422	47606
chr6	167863262	168063262	harbor2	chr6	167863080	167863312	DNA/TcMar-Tigger	1179	+	116	167863196	66
chr6	167863262	168063262	harbor2	chr6	167915606	167916000	DNA/TcMar-Tigger	2213	+	197	167915803	52541
chr6	167863262	168063262	harbor2	chr6	167958011	167958338	DNA/TcMar-Tigger	1885	+	164	167958175	94913
chr6	37073934	37273934	harbor2	chr6	37082019	37082383	DNA/TcMar-Tigger	1337	+	182	37082201	8267
chr6	37073934	37273934	harbor2	chr6	37114272	37114393	DNA/TcMar-Tigger	865	+	60	37114332	40398
chr6	37073934	37273934	harbor2	chr6	37114703	37114748	DNA/TcMar-Tigger	865	+	22	37114725	40791
chr6	37073934	37273934	harbor2	chr6	37114889	37114947	DNA/TcMar-Tigger	865	+	29	37114918	40984
chr6	37073934	37273934	harbor2	chr6	37136604	37136856	DNA/TcMar-Tigger	778	+	126	37136730	62796
chr6	37072538	37272538	harbor2	chr6	37082019	37082383	DNA/TcMar-Tigger	1337	+	182	37082201	9663
chr6	37072538	37272538	harbor2	chr6	37114272	37114393	DNA/TcMar-Tigger	865	+	60	37114332	41794
chr6	37072538	37272538	harbor2	chr6	37114703	37114748	DNA/TcMar-Tigger	865	+	22	37114725	42187
chr6	37072538	37272538	harbor2	chr6	37114889	37114947	DNA/TcMar-Tigger	865	+	29	37114918	42380
chr6	37072538	37272538	harbor2	chr6	37136604	37136856	DNA/TcMar-Tigger	778	+	126	37136730	64192
chr6	165561181	165761181	harbor2	chr6	165568334	165568860	DNA/TcMar-Tigger	2997	+	263	165568597	7416
chr6	165561181	165761181	harbor2	chr6	165607256	165607628	DNA/TcMar-Tigger	1125	+	186	165607442	46261
chr6	33522490	33722490	harbor2	chr6	33548873	33548991	DNA/TcMar-Tigger	592	+	59	33548932	26442
chr6	52583140	52783140	harbor2	chr6	52659912	52660142	DNA/TcMar-Tigger	1275	+	115	52660027	76887
chr6	52583140	52783140	harbor2	chr6	52660142	52660239	DNA/TcMar-Tigger	517	+	48	52660190	77050
chr6	37253997	37453997	harbor2	chr6	37292904	37293084	DNA/TcMar-Tigger	6353	+	90	37292994	38997
chr6	37253997	37453997	harbor2	chr6	37293377	37294196	DNA/TcMar-Tigger	6353	+	410	37293787	39790
chr6	37253997	37453997	harbor2	chr6	37294476	37294960	DNA/TcMar-Tigger	3307	+	242	37294718	40721
chr6	37253997	37453997	harbor2	chr6	37294962	37295098	DNA/TcMar-Tigger	987	+	68	37295030	41033
chr6	37253997	37453997	harbor2	chr6	37295811	37296115	DNA/TcMar-Tigger	2110	+	152	37295963	41966
chr6	45542549	45742549	harbor2	chr6	45580570	45580952	DNA/TcMar-Tigger	1791	+	191	45580761	38212
chr6	45542549	45742549	harbor2	chr6	45631374	45631676	DNA/TcMar-Tigger	1905	+	151	45631525	88976
chr6	47581748	47781748	harbor2	chr6	47590469	47590704	DNA/TcMar-Tigger	1044	+	118	47590587	8839
chr6	47581748	47781748	harbor2	chr6	47648852	47649294	DNA/TcMar-Tigger	2530	+	221	47649073	67325
chr6	47581748	47781748	harbor2	chr6	47666426	47666827	DNA/TcMar-Tigger	1992	+	200	47666626	84878
chr6	47581748	47781748	harbor2	chr6	47667130	47668252	DNA/TcMar-Tigger	13162	+	561	47667691	85943
chr6	47581748	47781748	harbor2	chr6	47668551	47669394	DNA/TcMar-Tigger	13162	+	422	47668973	87225
chr6	30621530	30821530	harbor2	chr6	30639777	30639851	DNA/TcMar-Tigger	1585	+	37	30639814	18284
chr6	30621530	30821530	harbor2	chr6	30640155	30640352	DNA/TcMar-Tigger	1585	+	98	30640253	18723
chr6	30621530	30821530	harbor2	chr6	30665975	30666242	DNA/TcMar-Tigger	642	+	134	30666109	44579
chr6	43739619	43939619	harbor2	chr6	43752285	43752536	DNA/TcMar-Tigger	1337	+	126	43752411	12792
chr6	127285001	127485001	harbor2	chr6	127298597	127298879	DNA/TcMar-Tigger	5902	+	141	127298738	13737
chr6	127285001	127485001	harbor2	chr6	127299167	127300134	DNA/TcMar-Tigger	5902	+	484	127299651	14650
chr6	127285001	127485001	harbor2	chr6	127310432	127311170	DNA/TcMar-Tigger	4339	+	369	127310801	25800
chr6	127285001	127485001	harbor2	chr6	127322939	127323271	DNA/TcMar-Tigger	1854	+	166	127323105	38104
chr6	127285001	127485001	harbor2	chr6	127328242	127328361	DNA/TcMar-Tigger	640	+	60	127328302	43301
chr6	127285001	127485001	harbor2	chr6	127328358	127328561	DNA/TcMar-Tigger	1130	+	102	127328460	43459
chr6	127285001	127485001	harbor2	chr6	127303324	127303740	DNA/TcMar-Tigger	2854	+	208	127303532	18531
chr6	45541342	45741342	harbor2	chr6	45580570	45580952	DNA/TcMar-Tigger	1791	+	191	45580761	39419
chr6	45541342	45741342	harbor2	chr6	45631374	45631676	DNA/TcMar-Tigger	1905	+	151	45631525	90183
chr6	43416854	43616854	harbor2	chr6	43420674	43421093	DNA/TcMar-Tigger	9870	+	210	43420884	4030
chr6	43416854	43616854	harbor2	chr6	43421415	43421433	DNA/TcMar-Tigger	9870	+	9	43421424	4570
chr6	43416854	43616854	harbor2	chr6	43421743	43422330	DNA/TcMar-Tigger	9870	+	294	43422037	5183
chr6	43416854	43616854	harbor2	chr6	43422599	43422824	DNA/TcMar-Tigger	9870	+	112	43422711	5857
chr6	43416854	43616854	harbor2	chr6	43423122	43423356	DNA/TcMar-Tigger	9870	+	117	43423239	6385
chr6	43416854	43616854	harbor2	chr6	43423666	43423720	DNA/TcMar-Tigger	9870	+	27	43423693	6839
chr6	43416854	43616854	harbor2	chr6	43424334	43424471	DNA/TcMar-Tigger	9870	+	68	43424402	7548
chr6	43416854	43616854	harbor2	chr6	43424601	43424620	DNA/TcMar-Tigger	9870	+	10	43424611	7757
chr6	43416854	43616854	harbor2	chr6	43426007	43426181	DNA/TcMar-Tigger	9870	+	87	43426094	9240
chr6	37002843	37202843	harbor2	chr6	37069984	37070212	DNA/TcMar-Tigger	541	+	114	37070098	67255
chr6	37002843	37202843	harbor2	chr6	37082019	37082383	DNA/TcMar-Tigger	1337	+	182	37082201	79358
chr6	30370013	30570013	harbor2	chr6	30421219	30421582	DNA/TcMar-Tigger	1614	+	182	30421401	51388
chr6	30370013	30570013	harbor2	chr6	30429072	30429316	DNA/TcMar-Tigger	1569	+	122	30429194	59181
chr6	30370013	30570013	harbor2	chr6	30424680	30425356	DNA/TcMar-Tigger	3597	+	338	30425018	55005
chr6	108995339	109195339	harbor2	chr6	109024133	109024283	DNA/TcMar-Tigger	545	+	75	109024208	28869
chr6	108995339	109195339	harbor2	chr6	109057959	109058078	DNA/TcMar-Tigger	521	+	60	109058019	62680
chr6	108995339	109195339	harbor2	chr6	109058298	109058539	DNA/TcMar-Tigger	1594	+	120	109058418	63079
chr6	108995339	109195339	harbor2	chr6	109073967	109074280	DNA/TcMar-Tigger	1765	+	156	109074123	78784
chr6	108995339	109195339	harbor2	chr6	109080771	109081085	DNA/TcMar-Tigger	1608	+	157	109080928	85589
chr6	108995339	109195339	harbor2	chr6	109081366	109081402	DNA/TcMar-Tigger	1608	+	18	109081384	86045
chr6	108995339	109195339	harbor2	chr6	109091156	109091413	DNA/TcMar-Tigger	1449	+	128	109091284	95945
chr6	108995339	109195339	harbor2	chr6	109092411	109092554	DNA/TcMar-Tigger	461	+	72	109092483	97144
chr6	27419515	27619515	harbor2	chr6	27439229	27439882	DNA/TcMar-Tigger	3937	+	326	27439555	20040
chr6	4985270	5185270	harbor2	chr6	5033778	5034353	DNA/TcMar-Tigger	2746	+	288	5034066	48796
chr6	4985270	5185270	harbor2	chr6	5034772	5035225	DNA/TcMar-Tigger	2553	+	226	5034998	49728
chr6	4985270	5185270	harbor2	chr6	5061319	5061461	DNA/TcMar-Tigger	537	+	71	5061390	76120
chr6	4985270	5185270	harbor2	chr6	5074430	5074617	DNA/TcMar-Tigger	1037	+	94	5074524	89254
chr6	150946201	151146201	harbor2	chr6	150998511	150998694	DNA/TcMar-Tigger	1826	+	92	150998603	52402
chr6	150946201	151146201	harbor2	chr6	150998997	150999176	DNA/TcMar-Tigger	1826	+	90	150999087	52886
chr6	39129464	39329464	harbor2	chr6	39173963	39174142	DNA/TcMar-Tigger	2147	+	90	39174053	44589
chr6	39129464	39329464	harbor2	chr6	39174432	39174642	DNA/TcMar-Tigger	2147	+	105	39174537	45073
chr6	151352799	151552799	harbor2	chr6	151422126	151422460	DNA/TcMar-Tigger	1915	+	167	151422293	69494
chr6	45541330	45741330	harbor2	chr6	45580570	45580952	DNA/TcMar-Tigger	1791	+	191	45580761	39431
chr6	45541330	45741330	harbor2	chr6	45631374	45631676	DNA/TcMar-Tigger	1905	+	151	45631525	90195
chr6	106533593	106733593	harbor2	chr6	106538275	106538570	DNA/TcMar-Tigger	682	+	148	106538423	4830
chr6	106533593	106733593	harbor2	chr6	106619411	106619597	DNA/TcMar-Tigger	1686	+	93	106619504	85911
chr6	106533593	106733593	harbor2	chr6	106619911	106620100	DNA/TcMar-Tigger	1686	+	94	106620005	86412
chr6	106533593	106733593	harbor2	chr6	106620403	106620549	DNA/TcMar-Tigger	1686	+	73	106620476	86883
chr6	140279813	140479813	harbor2	chr6	140367373	140367716	DNA/TcMar-Tigger	1759	+	172	140367545	87732
chr6	133854144	134054144	harbor2	chr6	133915217	133915485	DNA/TcMar-Tigger	894	+	134	133915351	61207
chr6	133854144	134054144	harbor2	chr6	133918027	133918352	DNA/TcMar-Tigger	1779	+	162	133918189	64045
chr6	27415796	27615796	harbor2	chr6	27439229	27439882	DNA/TcMar-Tigger	3937	+	326	27439555	23759
chr6	37072323	37272323	harbor2	chr6	37082019	37082383	DNA/TcMar-Tigger	1337	+	182	37082201	9878
chr6	37072323	37272323	harbor2	chr6	37114272	37114393	DNA/TcMar-Tigger	865	+	60	37114332	42009
chr6	37072323	37272323	harbor2	chr6	37114703	37114748	DNA/TcMar-Tigger	865	+	22	37114725	42402
chr6	37072323	37272323	harbor2	chr6	37114889	37114947	DNA/TcMar-Tigger	865	+	29	37114918	42595
chr6	37072323	37272323	harbor2	chr6	37136604	37136856	DNA/TcMar-Tigger	778	+	126	37136730	64407
chr6	124977679	125177679	harbor2	chr6	125071149	125071443	DNA/TcMar-Tigger	1395	+	147	125071296	93617
chr6	37002888	37202888	harbor2	chr6	37069984	37070212	DNA/TcMar-Tigger	541	+	114	37070098	67210
chr6	37002888	37202888	harbor2	chr6	37082019	37082383	DNA/TcMar-Tigger	1337	+	182	37082201	79313
chr6	45543573	45743573	harbor2	chr6	45580570	45580952	DNA/TcMar-Tigger	1791	+	191	45580761	37188
chr6	45543573	45743573	harbor2	chr6	45631374	45631676	DNA/TcMar-Tigger	1905	+	151	45631525	87952
chr6	37071349	37271349	harbor2	chr6	37082019	37082383	DNA/TcMar-Tigger	1337	+	182	37082201	10852
chr6	37071349	37271349	harbor2	chr6	37114272	37114393	DNA/TcMar-Tigger	865	+	60	37114332	42983
chr6	37071349	37271349	harbor2	chr6	37114703	37114748	DNA/TcMar-Tigger	865	+	22	37114725	43376
chr6	37071349	37271349	harbor2	chr6	37114889	37114947	DNA/TcMar-Tigger	865	+	29	37114918	43569
chr6	37071349	37271349	harbor2	chr6	37136604	37136856	DNA/TcMar-Tigger	778	+	126	37136730	65381
chr6	37003451	37203451	harbor2	chr6	37069984	37070212	DNA/TcMar-Tigger	541	+	114	37070098	66647
chr6	37003451	37203451	harbor2	chr6	37082019	37082383	DNA/TcMar-Tigger	1337	+	182	37082201	78750
chr6	170065662	170265662	harbor2	chr6	170140202	170141066	DNA/TcMar-Tigger	3665	+	432	170140634	74972
chr6	170065662	170265662	harbor2	chr6	170141056	170141159	DNA/TcMar-Tigger	443	+	52	170141108	75446
chr6	170065662	170265662	harbor2	chr6	170141153	170141255	DNA/TcMar-Tigger	510	+	51	170141204	75542
chr6	170065662	170265662	harbor2	chr6	170141249	170141659	DNA/TcMar-Tigger	1745	+	205	170141454	75792
chr6	11912017	12112017	harbor2	chr6	11914041	11914277	DNA/TcMar-Tigger	1330	+	118	11914159	2142
chr6	11912017	12112017	harbor2	chr6	11914523	11914609	DNA/TcMar-Tigger	479	+	43	11914566	2549
chr6	11912017	12112017	harbor2	chr6	11919378	11919731	DNA/TcMar-Tigger	1629	+	176	11919554	7537
chr6	11912017	12112017	harbor2	chr6	11947472	11947865	DNA/TcMar-Tigger	1468	+	196	11947668	35651
chr6	37072379	37272379	harbor2	chr6	37082019	37082383	DNA/TcMar-Tigger	1337	+	182	37082201	9822
chr6	37072379	37272379	harbor2	chr6	37114272	37114393	DNA/TcMar-Tigger	865	+	60	37114332	41953
chr6	37072379	37272379	harbor2	chr6	37114703	37114748	DNA/TcMar-Tigger	865	+	22	37114725	42346
chr6	37072379	37272379	harbor2	chr6	37114889	37114947	DNA/TcMar-Tigger	865	+	29	37114918	42539
chr6	37072379	37272379	harbor2	chr6	37136604	37136856	DNA/TcMar-Tigger	778	+	126	37136730	64351
chr6	41839250	42039250	harbor2	chr6	41856688	41857031	DNA/TcMar-Tigger	1784	+	172	41856860	17610
chr6	41839250	42039250	harbor2	chr6	41904384	41904499	DNA/TcMar-Tigger	737	+	58	41904442	65192
chr6	41839250	42039250	harbor2	chr6	41905107	41905244	DNA/TcMar-Tigger	737	+	68	41905175	65925
chr6	41839250	42039250	harbor2	chr6	41934292	41934537	DNA/TcMar-Tigger	979	+	122	41934414	95164
chr6	41839250	42039250	harbor2	chr6	41934533	41934790	DNA/TcMar-Tigger	1287	+	128	41934661	95411
chr6	42647524	42847524	harbor2	chr6	42683831	42683914	DNA/TcMar-Tigger	548	+	42	42683873	36349
chr6	37071596	37271596	harbor2	chr6	37082019	37082383	DNA/TcMar-Tigger	1337	+	182	37082201	10605
chr6	37071596	37271596	harbor2	chr6	37114272	37114393	DNA/TcMar-Tigger	865	+	60	37114332	42736
chr6	37071596	37271596	harbor2	chr6	37114703	37114748	DNA/TcMar-Tigger	865	+	22	37114725	43129
chr6	37071596	37271596	harbor2	chr6	37114889	37114947	DNA/TcMar-Tigger	865	+	29	37114918	43322
chr6	37071596	37271596	harbor2	chr6	37136604	37136856	DNA/TcMar-Tigger	778	+	126	37136730	65134
chr6	167863251	168063251	harbor2	chr6	167863080	167863312	DNA/TcMar-Tigger	1179	+	116	167863196	55
chr6	167863251	168063251	harbor2	chr6	167915606	167916000	DNA/TcMar-Tigger	2213	+	197	167915803	52552
chr6	167863251	168063251	harbor2	chr6	167958011	167958338	DNA/TcMar-Tigger	1885	+	164	167958175	94924
chr6	41449219	41649219	harbor2	chr6	41458868	41459172	DNA/TcMar-Tigger	1548	+	152	41459020	9801
chr6	41449219	41649219	harbor2	chr6	41478626	41478816	DNA/TcMar-Tigger	14339	+	95	41478721	29502
chr6	41449219	41649219	harbor2	chr6	41479056	41479593	DNA/TcMar-Tigger	14339	+	268	41479324	30105
chr6	41449219	41649219	harbor2	chr6	41479900	41480065	DNA/TcMar-Tigger	14339	+	82	41479982	30763
chr6	41449219	41649219	harbor2	chr6	41480376	41480555	DNA/TcMar-Tigger	14339	+	90	41480466	31247
chr6	41449219	41649219	harbor2	chr6	41480871	41481576	DNA/TcMar-Tigger	14339	+	352	41481223	32004
chr6	41449219	41649219	harbor2	chr6	41481888	41482700	DNA/TcMar-Tigger	14339	+	406	41482294	33075
chr6	37070833	37270833	harbor2	chr6	37082019	37082383	DNA/TcMar-Tigger	1337	+	182	37082201	11368
chr6	37070833	37270833	harbor2	chr6	37114272	37114393	DNA/TcMar-Tigger	865	+	60	37114332	43499
chr6	37070833	37270833	harbor2	chr6	37114703	37114748	DNA/TcMar-Tigger	865	+	22	37114725	43892
chr6	37070833	37270833	harbor2	chr6	37114889	37114947	DNA/TcMar-Tigger	865	+	29	37114918	44085
chr6	37070833	37270833	harbor2	chr6	37136604	37136856	DNA/TcMar-Tigger	778	+	126	37136730	65897
chr6	23317064	23517064	harbor2	chr6	23386507	23386703	DNA/TcMar-Tigger	2143	+	98	23386605	69541
chr6	23317064	23517064	harbor2	chr6	23387013	23387249	DNA/TcMar-Tigger	2143	+	118	23387131	70067
chr6	41462100	41662100	harbor2	chr6	41478626	41478816	DNA/TcMar-Tigger	14339	+	95	41478721	16621
chr6	41462100	41662100	harbor2	chr6	41479056	41479593	DNA/TcMar-Tigger	14339	+	268	41479324	17224
chr6	41462100	41662100	harbor2	chr6	41479900	41480065	DNA/TcMar-Tigger	14339	+	82	41479982	17882
chr6	41462100	41662100	harbor2	chr6	41480376	41480555	DNA/TcMar-Tigger	14339	+	90	41480466	18366
chr6	41462100	41662100	harbor2	chr6	41480871	41481576	DNA/TcMar-Tigger	14339	+	352	41481223	19123
chr6	41462100	41662100	harbor2	chr6	41481888	41482700	DNA/TcMar-Tigger	14339	+	406	41482294	20194
chr6	37073886	37273886	harbor2	chr6	37082019	37082383	DNA/TcMar-Tigger	1337	+	182	37082201	8315
chr6	37073886	37273886	harbor2	chr6	37114272	37114393	DNA/TcMar-Tigger	865	+	60	37114332	40446
chr6	37073886	37273886	harbor2	chr6	37114703	37114748	DNA/TcMar-Tigger	865	+	22	37114725	40839
chr6	37073886	37273886	harbor2	chr6	37114889	37114947	DNA/TcMar-Tigger	865	+	29	37114918	41032
chr6	37073886	37273886	harbor2	chr6	37136604	37136856	DNA/TcMar-Tigger	778	+	126	37136730	62844
chr6	167863272	168063272	harbor2	chr6	167863080	167863312	DNA/TcMar-Tigger	1179	+	116	167863196	76
chr6	167863272	168063272	harbor2	chr6	167915606	167916000	DNA/TcMar-Tigger	2213	+	197	167915803	52531
chr6	167863272	168063272	harbor2	chr6	167958011	167958338	DNA/TcMar-Tigger	1885	+	164	167958175	94903
chr6	30621455	30821455	harbor2	chr6	30639777	30639851	DNA/TcMar-Tigger	1585	+	37	30639814	18359
chr6	30621455	30821455	harbor2	chr6	30640155	30640352	DNA/TcMar-Tigger	1585	+	98	30640253	18798
chr6	30621455	30821455	harbor2	chr6	30665975	30666242	DNA/TcMar-Tigger	642	+	134	30666109	44654
chr6	34138363	34338363	harbor2	chr6	34149818	34150115	DNA/TcMar-Tigger	723	+	148	34149966	11603
chr6	64723204	64923204	harbor2	chr6	64782881	64783295	DNA/TcMar-Tigger	1980	+	207	64783088	59884
chr6	127447015	127647015	harbor2	chr6	127488775	127488955	DNA/TcMar-Tigger	455	+	90	127488865	41850
chr6	127447015	127647015	harbor2	chr6	127488956	127490536	DNA/TcMar-Tigger	14335	+	790	127489746	42731
chr6	127447015	127647015	harbor2	chr6	127490842	127491649	DNA/TcMar-Tigger	14335	+	404	127491246	44231
chr6	127447015	127647015	harbor2	chr6	127491650	127491669	DNA/TcMar-Tigger	455	+	10	127491660	44645
chr6	170478408	170678408	harbor2	chr6	170536089	170536337	DNA/TcMar-Tigger	1165	+	124	170536213	57805
chr6	170478408	170678408	harbor2	chr6	170536333	170536852	DNA/TcMar-Tigger	3089	+	260	170536593	58185
chr6	170478408	170678408	harbor2	chr6	170558485	170558687	DNA/TcMar-Tigger	7674	+	101	170558586	80178
chr6	170478408	170678408	harbor2	chr6	170558985	170560217	DNA/TcMar-Tigger	7674	+	616	170559601	81193
chr6	170478408	170678408	harbor2	chr6	170560490	170561353	DNA/TcMar-Tigger	5446	+	432	170560922	82514
chr6	7770431	7970431	harbor2	chr6	7838052	7838375	DNA/TcMar-Tigger	1719	+	162	7838214	67783
chr6	147926214	148126214	harbor2	chr6	147954327	147954642	DNA/TcMar-Tigger	2578	+	158	147954485	28271
chr6	147926214	148126214	harbor2	chr6	147954962	147955203	DNA/TcMar-Tigger	2578	+	120	147955082	28868
chr6	56333514	56533514	harbor2	chr6	56380461	56381097	DNA/TcMar-Tigger	3134	+	318	56380779	47265
chr6	7634787	7834787	harbor2	chr6	7636684	7636766	DNA/TcMar-Tigger	811	+	41	7636725	1938
chr6	7634787	7834787	harbor2	chr6	7637534	7637793	DNA/TcMar-Tigger	811	+	130	7637664	2877
chr6	7634787	7834787	harbor2	chr6	7643089	7643417	DNA/TcMar-Tigger	1792	+	164	7643253	8466
chr6	7628065	7828065	harbor2	chr6	7636684	7636766	DNA/TcMar-Tigger	811	+	41	7636725	8660
chr6	7628065	7828065	harbor2	chr6	7637534	7637793	DNA/TcMar-Tigger	811	+	130	7637664	9599
chr6	7628065	7828065	harbor2	chr6	7643089	7643417	DNA/TcMar-Tigger	1792	+	164	7643253	15188
chr6	169994233	170194233	harbor2	chr6	170059352	170061711	DNA/TcMar-Tigger	13593	+	1180	170060532	66299
chr6	146972244	147172244	harbor2	chr6	146974581	146974819	DNA/TcMar-Tigger	765	+	119	146974700	2456
chr6	146972244	147172244	harbor2	chr6	147060445	147060731	DNA/TcMar-Tigger	1321	+	143	147060588	88344
chr6	158127245	158327245	harbor2	chr6	158150736	158151269	DNA/TcMar-Tigger	3736	+	266	158151002	23757
chr6	158127245	158327245	harbor2	chr6	158151725	158151910	DNA/TcMar-Tigger	3736	+	92	158151817	24572
chr6	158127245	158327245	harbor2	chr6	158152533	158152945	DNA/TcMar-Tigger	2262	+	206	158152739	25494
chr7	44442212	44642212	harbor2	chr7	44480987	44481254	DNA/TcMar-Tigger	1710	+	134	44481121	38909
chr7	44442212	44642212	harbor2	chr7	44532449	44532830	DNA/TcMar-Tigger	2608	+	190	44532639	90427
chr7	44442212	44642212	harbor2	chr7	44533119	44533187	DNA/TcMar-Tigger	2608	+	34	44533153	90941
chr7	149524712	149724712	harbor2	chr7	149593434	149593864	DNA/TcMar-Tigger	2231	+	215	149593649	68937
chr7	149524712	149724712	harbor2	chr7	149619198	149619624	DNA/TcMar-Tigger	2267	+	213	149619411	94699
chr7	72825583	73025583	harbor2	chr7	72852214	72852296	DNA/TcMar-Tigger	2283	+	41	72852255	26672
chr7	72825583	73025583	harbor2	chr7	72852581	72852624	DNA/TcMar-Tigger	2283	+	22	72852603	27020
chr7	72825583	73025583	harbor2	chr7	72852991	72853251	DNA/TcMar-Tigger	2283	+	130	72853121	27538
chr7	50204488	50404488	harbor2	chr7	50259290	50259610	DNA/TcMar-Tigger	1443	+	160	50259450	54962
chr7	1830988	2030988	harbor2	chr7	1831090	1831716	DNA/TcMar-Tigger	3365	+	313	1831403	415
chr7	1830988	2030988	harbor2	chr7	1831729	1832651	DNA/TcMar-Tigger	7259	+	461	1832190	1202
chr7	1830988	2030988	harbor2	chr7	1832932	1833283	DNA/TcMar-Tigger	7259	+	176	1833108	2120
chr7	1830988	2030988	harbor2	chr7	1891173	1891243	DNA/TcMar-Tigger	2145	+	35	1891208	60220
chr7	1830988	2030988	harbor2	chr7	1891548	1891576	DNA/TcMar-Tigger	2145	+	14	1891562	60574
chr7	1830988	2030988	harbor2	chr7	1891881	1892365	DNA/TcMar-Tigger	2145	+	242	1892123	61135
chr7	100516880	100716880	harbor2	chr7	100551526	100551601	DNA/TcMar-Tigger	1147	+	38	100551564	34684
chr7	100516880	100716880	harbor2	chr7	100551912	100551961	DNA/TcMar-Tigger	1147	+	24	100551936	35056
chr7	100516880	100716880	harbor2	chr7	100552273	100552482	DNA/TcMar-Tigger	1147	+	104	100552377	35497
chr7	152335429	152535429	harbor2	chr7	152375007	152375048	DNA/TcMar-Tigger	12352	+	20	152375027	39598
chr7	152335429	152535429	harbor2	chr7	152375341	152375392	DNA/TcMar-Tigger	12352	+	26	152375367	39938
chr7	152335429	152535429	harbor2	chr7	152375685	152375829	DNA/TcMar-Tigger	12352	+	72	152375757	40328
chr7	152335429	152535429	harbor2	chr7	152376099	152377452	DNA/TcMar-Tigger	12352	+	676	152376775	41346
chr7	152335429	152535429	harbor2	chr7	152377755	152378647	DNA/TcMar-Tigger	12352	+	446	152378201	42772
chr7	26995485	27195485	harbor2	chr7	27077423	27077458	DNA/TcMar-Tigger	738	+	18	27077441	81956
chr7	26995485	27195485	harbor2	chr7	27077755	27077892	DNA/TcMar-Tigger	738	+	68	27077823	82338
chr7	26995485	27195485	harbor2	chr7	27078740	27079157	DNA/TcMar-Tigger	2589	+	208	27078948	83463
chr7	1801817	2001817	harbor2	chr7	1831090	1831716	DNA/TcMar-Tigger	3365	+	313	1831403	29586
chr7	1801817	2001817	harbor2	chr7	1831729	1832651	DNA/TcMar-Tigger	7259	+	461	1832190	30373
chr7	1801817	2001817	harbor2	chr7	1832932	1833283	DNA/TcMar-Tigger	7259	+	176	1833108	31291
chr7	1801817	2001817	harbor2	chr7	1891173	1891243	DNA/TcMar-Tigger	2145	+	35	1891208	89391
chr7	1801817	2001817	harbor2	chr7	1891548	1891576	DNA/TcMar-Tigger	2145	+	14	1891562	89745
chr7	1801817	2001817	harbor2	chr7	1891881	1892365	DNA/TcMar-Tigger	2145	+	242	1892123	90306
chr7	25270423	25470423	harbor2	chr7	25360599	25360814	DNA/TcMar-Tigger	588	+	108	25360707	90284
chr7	148599806	148799806	harbor2	chr7	148659023	148659341	DNA/TcMar-Tigger	1247	+	159	148659182	59376
chr7	123649533	123849533	harbor2	chr7	123702515	123702661	DNA/TcMar-Tigger	810	+	73	123702588	53055
chr7	123649533	123849533	harbor2	chr7	123702689	123702861	DNA/TcMar-Tigger	799	+	86	123702775	53242
chr7	123649533	123849533	harbor2	chr7	123713746	123714019	DNA/TcMar-Tigger	500	+	136	123713882	64349
chr7	123649533	123849533	harbor2	chr7	123739389	123739751	DNA/TcMar-Tigger	2361	+	181	123739570	90037
chr7	123649533	123849533	harbor2	chr7	123740531	123740595	DNA/TcMar-Tigger	3277	+	32	123740563	91030
chr7	123649533	123849533	harbor2	chr7	123740886	123741428	DNA/TcMar-Tigger	3277	+	271	123741157	91624
chr7	47229043	47429043	harbor2	chr7	47235162	47235606	DNA/TcMar-Tigger	2305	+	222	47235384	6341
chr7	32628830	32828830	harbor2	chr7	32640492	32640663	DNA/TcMar-Tigger	14078	+	86	32640578	11748
chr7	32628830	32828830	harbor2	chr7	32640986	32642918	DNA/TcMar-Tigger	14078	+	966	32641952	13122
chr7	32628830	32828830	harbor2	chr7	32643199	32643374	DNA/TcMar-Tigger	14078	+	88	32643287	14457
chr7	32628830	32828830	harbor2	chr7	32717464	32717752	DNA/TcMar-Tigger	515	+	144	32717608	88778
chr7	77596422	77796422	harbor2	chr7	77606594	77607045	DNA/TcMar-Tigger	2070	+	226	77606820	10398
chr7	44507353	44707353	harbor2	chr7	44532449	44532830	DNA/TcMar-Tigger	2608	+	190	44532639	25286
chr7	44507353	44707353	harbor2	chr7	44533119	44533187	DNA/TcMar-Tigger	2608	+	34	44533153	25800
chr7	27005184	27205184	harbor2	chr7	27077423	27077458	DNA/TcMar-Tigger	738	+	18	27077441	72257
chr7	27005184	27205184	harbor2	chr7	27077755	27077892	DNA/TcMar-Tigger	738	+	68	27077823	72639
chr7	27005184	27205184	harbor2	chr7	27078740	27079157	DNA/TcMar-Tigger	2589	+	208	27078948	73764
chr7	50204289	50404289	harbor2	chr7	50259290	50259610	DNA/TcMar-Tigger	1443	+	160	50259450	55161
chr7	1801808	2001808	harbor2	chr7	1831090	1831716	DNA/TcMar-Tigger	3365	+	313	1831403	29595
chr7	1801808	2001808	harbor2	chr7	1831729	1832651	DNA/TcMar-Tigger	7259	+	461	1832190	30382
chr7	1801808	2001808	harbor2	chr7	1832932	1833283	DNA/TcMar-Tigger	7259	+	176	1833108	31300
chr7	1801808	2001808	harbor2	chr7	1891173	1891243	DNA/TcMar-Tigger	2145	+	35	1891208	89400
chr7	1801808	2001808	harbor2	chr7	1891548	1891576	DNA/TcMar-Tigger	2145	+	14	1891562	89754
chr7	1801808	2001808	harbor2	chr7	1891881	1892365	DNA/TcMar-Tigger	2145	+	242	1892123	90315
chr7	1801810	2001810	harbor2	chr7	1831090	1831716	DNA/TcMar-Tigger	3365	+	313	1831403	29593
chr7	1801810	2001810	harbor2	chr7	1831729	1832651	DNA/TcMar-Tigger	7259	+	461	1832190	30380
chr7	1801810	2001810	harbor2	chr7	1832932	1833283	DNA/TcMar-Tigger	7259	+	176	1833108	31298
chr7	1801810	2001810	harbor2	chr7	1891173	1891243	DNA/TcMar-Tigger	2145	+	35	1891208	89398
chr7	1801810	2001810	harbor2	chr7	1891548	1891576	DNA/TcMar-Tigger	2145	+	14	1891562	89752
chr7	1801810	2001810	harbor2	chr7	1891881	1892365	DNA/TcMar-Tigger	2145	+	242	1892123	90313
chr7	1807387	2007387	harbor2	chr7	1831090	1831716	DNA/TcMar-Tigger	3365	+	313	1831403	24016
chr7	1807387	2007387	harbor2	chr7	1831729	1832651	DNA/TcMar-Tigger	7259	+	461	1832190	24803
chr7	1807387	2007387	harbor2	chr7	1832932	1833283	DNA/TcMar-Tigger	7259	+	176	1833108	25721
chr7	1807387	2007387	harbor2	chr7	1891173	1891243	DNA/TcMar-Tigger	2145	+	35	1891208	83821
chr7	1807387	2007387	harbor2	chr7	1891548	1891576	DNA/TcMar-Tigger	2145	+	14	1891562	84175
chr7	1807387	2007387	harbor2	chr7	1891881	1892365	DNA/TcMar-Tigger	2145	+	242	1892123	84736
chr7	50204573	50404573	harbor2	chr7	50259290	50259610	DNA/TcMar-Tigger	1443	+	160	50259450	54877
chr7	32328390	32528390	harbor2	chr7	32336319	32336777	DNA/TcMar-Tigger	1408	+	229	32336548	8158
chr7	135684417	135884417	harbor2	chr7	135731912	135732277	DNA/TcMar-Tigger	457	+	182	135732094	47677
chr7	135684417	135884417	harbor2	chr7	135738957	135739027	DNA/TcMar-Tigger	527	+	35	135738992	54575
chr7	135684417	135884417	harbor2	chr7	135739631	135739692	DNA/TcMar-Tigger	527	+	30	135739661	55244
chr7	123650448	123850448	harbor2	chr7	123702515	123702661	DNA/TcMar-Tigger	810	+	73	123702588	52140
chr7	123650448	123850448	harbor2	chr7	123702689	123702861	DNA/TcMar-Tigger	799	+	86	123702775	52327
chr7	123650448	123850448	harbor2	chr7	123713746	123714019	DNA/TcMar-Tigger	500	+	136	123713882	63434
chr7	123650448	123850448	harbor2	chr7	123739389	123739751	DNA/TcMar-Tigger	2361	+	181	123739570	89122
chr7	123650448	123850448	harbor2	chr7	123740531	123740595	DNA/TcMar-Tigger	3277	+	32	123740563	90115
chr7	123650448	123850448	harbor2	chr7	123740886	123741428	DNA/TcMar-Tigger	3277	+	271	123741157	90709
chr7	123649492	123849492	harbor2	chr7	123702515	123702661	DNA/TcMar-Tigger	810	+	73	123702588	53096
chr7	123649492	123849492	harbor2	chr7	123702689	123702861	DNA/TcMar-Tigger	799	+	86	123702775	53283
chr7	123649492	123849492	harbor2	chr7	123713746	123714019	DNA/TcMar-Tigger	500	+	136	123713882	64390
chr7	123649492	123849492	harbor2	chr7	123739389	123739751	DNA/TcMar-Tigger	2361	+	181	123739570	90078
chr7	123649492	123849492	harbor2	chr7	123740531	123740595	DNA/TcMar-Tigger	3277	+	32	123740563	91071
chr7	123649492	123849492	harbor2	chr7	123740886	123741428	DNA/TcMar-Tigger	3277	+	271	123741157	91665
chr7	44507472	44707472	harbor2	chr7	44532449	44532830	DNA/TcMar-Tigger	2608	+	190	44532639	25167
chr7	44507472	44707472	harbor2	chr7	44533119	44533187	DNA/TcMar-Tigger	2608	+	34	44533153	25681
chr7	123650423	123850423	harbor2	chr7	123702515	123702661	DNA/TcMar-Tigger	810	+	73	123702588	52165
chr7	123650423	123850423	harbor2	chr7	123702689	123702861	DNA/TcMar-Tigger	799	+	86	123702775	52352
chr7	123650423	123850423	harbor2	chr7	123713746	123714019	DNA/TcMar-Tigger	500	+	136	123713882	63459
chr7	123650423	123850423	harbor2	chr7	123739389	123739751	DNA/TcMar-Tigger	2361	+	181	123739570	89147
chr7	123650423	123850423	harbor2	chr7	123740531	123740595	DNA/TcMar-Tigger	3277	+	32	123740563	90140
chr7	123650423	123850423	harbor2	chr7	123740886	123741428	DNA/TcMar-Tigger	3277	+	271	123741157	90734
chr7	44440642	44640642	harbor2	chr7	44480987	44481254	DNA/TcMar-Tigger	1710	+	134	44481121	40479
chr7	44440642	44640642	harbor2	chr7	44532449	44532830	DNA/TcMar-Tigger	2608	+	190	44532639	91997
chr7	44440642	44640642	harbor2	chr7	44533119	44533187	DNA/TcMar-Tigger	2608	+	34	44533153	92511
chr7	26112552	26312552	harbor2	chr7	26187605	26187781	DNA/TcMar-Tigger	514	+	88	26187693	75141
chr7	149153981	149353981	harbor2	chr7	149172163	149172756	DNA/TcMar-Tigger	3258	+	296	149172459	18478
chr7	27008623	27208623	harbor2	chr7	27077423	27077458	DNA/TcMar-Tigger	738	+	18	27077441	68818
chr7	27008623	27208623	harbor2	chr7	27077755	27077892	DNA/TcMar-Tigger	738	+	68	27077823	69200
chr7	27008623	27208623	harbor2	chr7	27078740	27079157	DNA/TcMar-Tigger	2589	+	208	27078948	70325
chr7	100500037	100700037	harbor2	chr7	100551526	100551601	DNA/TcMar-Tigger	1147	+	38	100551564	51527
chr7	100500037	100700037	harbor2	chr7	100551912	100551961	DNA/TcMar-Tigger	1147	+	24	100551936	51899
chr7	100500037	100700037	harbor2	chr7	100552273	100552482	DNA/TcMar-Tigger	1147	+	104	100552377	52340
chr7	139383658	139583658	harbor2	chr7	139399095	139399427	DNA/TcMar-Tigger	1874	+	166	139399261	15603
chr7	139383658	139583658	harbor2	chr7	139411941	139412146	DNA/TcMar-Tigger	890	+	102	139412043	28385
chr7	73523245	73723245	harbor2	chr7	73532636	73532724	DNA/TcMar-Tigger	454	+	44	73532680	9435
chr7	25269994	25469994	harbor2	chr7	25360599	25360814	DNA/TcMar-Tigger	588	+	108	25360707	90713
chr7	150420511	150620511	harbor2	chr7	150504471	150505712	DNA/TcMar-Tigger	7409	+	620	150505091	84580
chr7	150420511	150620511	harbor2	chr7	150506402	150506879	DNA/TcMar-Tigger	7089	+	238	150506640	86129
chr7	150420511	150620511	harbor2	chr7	150507182	150507294	DNA/TcMar-Tigger	7089	+	56	150507238	86727
chr7	150420511	150620511	harbor2	chr7	150507503	150508106	DNA/TcMar-Tigger	7089	+	302	150507805	87294
chr7	93330	293330	harbor2	chr7	136007	136118	DNA/TcMar-Tigger	943	+	56	136063	42733
chr7	93330	293330	harbor2	chr7	136736	137106	DNA/TcMar-Tigger	943	+	185	136921	43591
chr7	155712041	155912041	harbor2	chr7	155736991	155737352	DNA/TcMar-Tigger	1412	+	180	155737171	25130
chr7	100501445	100701445	harbor2	chr7	100551526	100551601	DNA/TcMar-Tigger	1147	+	38	100551564	50119
chr7	100501445	100701445	harbor2	chr7	100551912	100551961	DNA/TcMar-Tigger	1147	+	24	100551936	50491
chr7	100501445	100701445	harbor2	chr7	100552273	100552482	DNA/TcMar-Tigger	1147	+	104	100552377	50932
chr7	44441524	44641524	harbor2	chr7	44480987	44481254	DNA/TcMar-Tigger	1710	+	134	44481121	39597
chr7	44441524	44641524	harbor2	chr7	44532449	44532830	DNA/TcMar-Tigger	2608	+	190	44532639	91115
chr7	44441524	44641524	harbor2	chr7	44533119	44533187	DNA/TcMar-Tigger	2608	+	34	44533153	91629
chr7	1802610	2002610	harbor2	chr7	1831090	1831716	DNA/TcMar-Tigger	3365	+	313	1831403	28793
chr7	1802610	2002610	harbor2	chr7	1831729	1832651	DNA/TcMar-Tigger	7259	+	461	1832190	29580
chr7	1802610	2002610	harbor2	chr7	1832932	1833283	DNA/TcMar-Tigger	7259	+	176	1833108	30498
chr7	1802610	2002610	harbor2	chr7	1891173	1891243	DNA/TcMar-Tigger	2145	+	35	1891208	88598
chr7	1802610	2002610	harbor2	chr7	1891548	1891576	DNA/TcMar-Tigger	2145	+	14	1891562	88952
chr7	1802610	2002610	harbor2	chr7	1891881	1892365	DNA/TcMar-Tigger	2145	+	242	1892123	89513
chr7	47228840	47428840	harbor2	chr7	47235162	47235606	DNA/TcMar-Tigger	2305	+	222	47235384	6544
chr7	50299224	50499224	harbor2	chr7	50374222	50374392	DNA/TcMar-Tigger	594	+	85	50374307	75083
chr7	47229056	47429056	harbor2	chr7	47235162	47235606	DNA/TcMar-Tigger	2305	+	222	47235384	6328
chr7	25270014	25470014	harbor2	chr7	25360599	25360814	DNA/TcMar-Tigger	588	+	108	25360707	90693
chr7	50617957	50817957	harbor2	chr7	50642520	50642745	DNA/TcMar-Tigger	1217	+	112	50642632	24675
chr7	50617957	50817957	harbor2	chr7	50643029	50643265	DNA/TcMar-Tigger	1130	+	118	50643147	25190
chr7	50617957	50817957	harbor2	chr7	50691994	50692286	DNA/TcMar-Tigger	1602	+	146	50692140	74183
chr7	127993775	128193775	harbor2	chr7	128070781	128071419	DNA/TcMar-Tigger	3567	+	319	128071100	77325
chr7	27027581	27227581	harbor2	chr7	27077423	27077458	DNA/TcMar-Tigger	738	+	18	27077441	49860
chr7	27027581	27227581	harbor2	chr7	27077755	27077892	DNA/TcMar-Tigger	738	+	68	27077823	50242
chr7	27027581	27227581	harbor2	chr7	27078740	27079157	DNA/TcMar-Tigger	2589	+	208	27078948	51367
chr7	1802262	2002262	harbor2	chr7	1831090	1831716	DNA/TcMar-Tigger	3365	+	313	1831403	29141
chr7	1802262	2002262	harbor2	chr7	1831729	1832651	DNA/TcMar-Tigger	7259	+	461	1832190	29928
chr7	1802262	2002262	harbor2	chr7	1832932	1833283	DNA/TcMar-Tigger	7259	+	176	1833108	30846
chr7	1802262	2002262	harbor2	chr7	1891173	1891243	DNA/TcMar-Tigger	2145	+	35	1891208	88946
chr7	1802262	2002262	harbor2	chr7	1891548	1891576	DNA/TcMar-Tigger	2145	+	14	1891562	89300
chr7	1802262	2002262	harbor2	chr7	1891881	1892365	DNA/TcMar-Tigger	2145	+	242	1892123	89861
chr7	104911716	105111716	harbor2	chr7	104978617	104978859	DNA/TcMar-Tigger	607	+	121	104978738	67022
chr7	104911716	105111716	harbor2	chr7	104992834	104993011	DNA/TcMar-Tigger	975	+	88	104992922	81206
chr7	104911716	105111716	harbor2	chr7	104993434	104993652	DNA/TcMar-Tigger	1192	+	109	104993543	81827
chr7	123649199	123849199	harbor2	chr7	123702515	123702661	DNA/TcMar-Tigger	810	+	73	123702588	53389
chr7	123649199	123849199	harbor2	chr7	123702689	123702861	DNA/TcMar-Tigger	799	+	86	123702775	53576
chr7	123649199	123849199	harbor2	chr7	123713746	123714019	DNA/TcMar-Tigger	500	+	136	123713882	64683
chr7	123649199	123849199	harbor2	chr7	123739389	123739751	DNA/TcMar-Tigger	2361	+	181	123739570	90371
chr7	123649199	123849199	harbor2	chr7	123740531	123740595	DNA/TcMar-Tigger	3277	+	32	123740563	91364
chr7	123649199	123849199	harbor2	chr7	123740886	123741428	DNA/TcMar-Tigger	3277	+	271	123741157	91958
chr7	107463451	107663451	harbor2	chr7	107478395	107478752	DNA/TcMar-Tigger	1165	+	178	107478573	15122
chr7	107463451	107663451	harbor2	chr7	107494361	107494707	DNA/TcMar-Tigger	1346	+	173	107494534	31083
chr7	50253328	50453328	harbor2	chr7	50259290	50259610	DNA/TcMar-Tigger	1443	+	160	50259450	6122
chr7	31973371	32173371	harbor2	chr7	32013978	32014367	DNA/TcMar-Tigger	907	+	194	32014172	40801
chr7	47569705	47769705	harbor2	chr7	47629716	47629901	DNA/TcMar-Tigger	5964	+	92	47629808	60103
chr7	47569705	47769705	harbor2	chr7	47630201	47630265	DNA/TcMar-Tigger	5964	+	32	47630233	60528
chr7	47569705	47769705	harbor2	chr7	47630576	47631060	DNA/TcMar-Tigger	5964	+	242	47630818	61113
chr7	47569705	47769705	harbor2	chr7	47631360	47631794	DNA/TcMar-Tigger	5964	+	217	47631577	61872
chr7	47569705	47769705	harbor2	chr7	47628206	47628295	DNA/TcMar-Tigger	5964	+	44	47628250	58545
chr7	44441056	44641056	harbor2	chr7	44480987	44481254	DNA/TcMar-Tigger	1710	+	134	44481121	40065
chr7	44441056	44641056	harbor2	chr7	44532449	44532830	DNA/TcMar-Tigger	2608	+	190	44532639	91583
chr7	44441056	44641056	harbor2	chr7	44533119	44533187	DNA/TcMar-Tigger	2608	+	34	44533153	92097
chr7	156540425	156740425	harbor2	chr7	156562136	156562530	DNA/TcMar-Tigger	1248	+	197	156562333	21908
chr7	37907099	38107099	harbor2	chr7	37934577	37934661	DNA/TcMar-Tigger	1204	+	42	37934619	27520
chr7	37907099	38107099	harbor2	chr7	37934955	37935182	DNA/TcMar-Tigger	1204	+	114	37935069	27970
chr7	37907099	38107099	harbor2	chr7	37945497	37945713	DNA/TcMar-Tigger	1008	+	108	37945605	38506
chr7	37907099	38107099	harbor2	chr7	37946522	37947451	DNA/TcMar-Tigger	5260	+	464	37946986	39887
chr7	21327951	21527951	harbor2	chr7	21328671	21328777	DNA/TcMar-Tigger	452	+	53	21328724	773
chr7	21327951	21527951	harbor2	chr7	21334407	21334504	DNA/TcMar-Tigger	596	+	48	21334455	6504
chr7	21327951	21527951	harbor2	chr7	21373863	21374197	DNA/TcMar-Tigger	1732	+	167	21374030	46079
chr7	1801800	2001800	harbor2	chr7	1831090	1831716	DNA/TcMar-Tigger	3365	+	313	1831403	29603
chr7	1801800	2001800	harbor2	chr7	1831729	1832651	DNA/TcMar-Tigger	7259	+	461	1832190	30390
chr7	1801800	2001800	harbor2	chr7	1832932	1833283	DNA/TcMar-Tigger	7259	+	176	1833108	31308
chr7	1801800	2001800	harbor2	chr7	1891173	1891243	DNA/TcMar-Tigger	2145	+	35	1891208	89408
chr7	1801800	2001800	harbor2	chr7	1891548	1891576	DNA/TcMar-Tigger	2145	+	14	1891562	89762
chr7	1801800	2001800	harbor2	chr7	1891881	1892365	DNA/TcMar-Tigger	2145	+	242	1892123	90323
chr7	107099067	107299067	harbor2	chr7	107143239	107143392	DNA/TcMar-Tigger	872	+	76	107143315	44248
chr7	107099067	107299067	harbor2	chr7	107143406	107143959	DNA/TcMar-Tigger	3704	+	276	107143682	44615
chr7	107099067	107299067	harbor2	chr7	107180429	107180627	DNA/TcMar-Tigger	454	+	99	107180528	81461
chr7	50317972	50517972	harbor2	chr7	50374222	50374392	DNA/TcMar-Tigger	594	+	85	50374307	56335
chr7	129414069	129614069	harbor2	chr7	129457786	129457987	DNA/TcMar-Tigger	629	+	100	129457886	43817
chr7	129414069	129614069	harbor2	chr7	129490218	129490300	DNA/TcMar-Tigger	1996	+	41	129490259	76190
chr7	129414069	129614069	harbor2	chr7	129490596	129490852	DNA/TcMar-Tigger	1996	+	128	129490724	76655
chr7	157236951	157436951	harbor2	chr7	157249857	157250078	DNA/TcMar-Tigger	1119	+	110	157249967	13016
chr7	157236951	157436951	harbor2	chr7	157256561	157256866	DNA/TcMar-Tigger	984	+	152	157256713	19762
chr7	157236951	157436951	harbor2	chr7	157275714	157275843	DNA/TcMar-Tigger	604	+	64	157275778	38827
chr7	92428769	92628769	harbor2	chr7	92444610	92444931	DNA/TcMar-Tigger	1493	+	160	92444770	16001
chr7	47229182	47429182	harbor2	chr7	47235162	47235606	DNA/TcMar-Tigger	2305	+	222	47235384	6202
chr7	123649212	123849212	harbor2	chr7	123702515	123702661	DNA/TcMar-Tigger	810	+	73	123702588	53376
chr7	123649212	123849212	harbor2	chr7	123702689	123702861	DNA/TcMar-Tigger	799	+	86	123702775	53563
chr7	123649212	123849212	harbor2	chr7	123713746	123714019	DNA/TcMar-Tigger	500	+	136	123713882	64670
chr7	123649212	123849212	harbor2	chr7	123739389	123739751	DNA/TcMar-Tigger	2361	+	181	123739570	90358
chr7	123649212	123849212	harbor2	chr7	123740531	123740595	DNA/TcMar-Tigger	3277	+	32	123740563	91351
chr7	123649212	123849212	harbor2	chr7	123740886	123741428	DNA/TcMar-Tigger	3277	+	271	123741157	91945
chr7	26995482	27195482	harbor2	chr7	27077423	27077458	DNA/TcMar-Tigger	738	+	18	27077441	81959
chr7	26995482	27195482	harbor2	chr7	27077755	27077892	DNA/TcMar-Tigger	738	+	68	27077823	82341
chr7	26995482	27195482	harbor2	chr7	27078740	27079157	DNA/TcMar-Tigger	2589	+	208	27078948	83466
chr7	50204529	50404529	harbor2	chr7	50259290	50259610	DNA/TcMar-Tigger	1443	+	160	50259450	54921
chr7	50208813	50408813	harbor2	chr7	50259290	50259610	DNA/TcMar-Tigger	1443	+	160	50259450	50637
chr7	50340926	50540926	harbor2	chr7	50374222	50374392	DNA/TcMar-Tigger	594	+	85	50374307	33381
chr7	44466421	44666421	harbor2	chr7	44480987	44481254	DNA/TcMar-Tigger	1710	+	134	44481121	14700
chr7	44466421	44666421	harbor2	chr7	44532449	44532830	DNA/TcMar-Tigger	2608	+	190	44532639	66218
chr7	44466421	44666421	harbor2	chr7	44533119	44533187	DNA/TcMar-Tigger	2608	+	34	44533153	66732
chr7	127292472	127492472	harbor2	chr7	127304481	127304861	DNA/TcMar-Tigger	4231	+	190	127304671	12199
chr7	127292472	127492472	harbor2	chr7	127304982	127305638	DNA/TcMar-Tigger	4231	+	328	127305310	12838
chr7	127292472	127492472	harbor2	chr7	127383764	127384013	DNA/TcMar-Tigger	501	+	124	127383888	91416
chr7	47228305	47428305	harbor2	chr7	47235162	47235606	DNA/TcMar-Tigger	2305	+	222	47235384	7079
chr7	128305619	128505619	harbor2	chr7	128326326	128326700	DNA/TcMar-Tigger	1807	+	187	128326513	20894
chr7	50249530	50449530	harbor2	chr7	50259290	50259610	DNA/TcMar-Tigger	1443	+	160	50259450	9920
chr8	23428848	23628848	harbor2	chr8	23455103	23455659	DNA/TcMar-Tigger	929	+	278	23455381	26533
chr8	23429416	23629416	harbor2	chr8	23455103	23455659	DNA/TcMar-Tigger	929	+	278	23455381	25965
chr8	124273072	124473072	harbor2	chr8	124279757	124279975	DNA/TcMar-Tigger	781	+	109	124279866	6794
chr8	124273072	124473072	harbor2	chr8	124306420	124306666	DNA/TcMar-Tigger	15538	+	123	124306543	33471
chr8	124273072	124473072	harbor2	chr8	124306962	124309331	DNA/TcMar-Tigger	15538	+	1184	124308146	35074
chr8	124273072	124473072	harbor2	chr8	124310877	124311066	DNA/TcMar-Tigger	424	+	94	124310971	37899
chr8	23428811	23628811	harbor2	chr8	23455103	23455659	DNA/TcMar-Tigger	929	+	278	23455381	26570
chr8	23439328	23639328	harbor2	chr8	23455103	23455659	DNA/TcMar-Tigger	929	+	278	23455381	16053
chr8	23428778	23628778	harbor2	chr8	23455103	23455659	DNA/TcMar-Tigger	929	+	278	23455381	26603
chr8	23428784	23628784	harbor2	chr8	23455103	23455659	DNA/TcMar-Tigger	929	+	278	23455381	26597
chr8	23428892	23628892	harbor2	chr8	23455103	23455659	DNA/TcMar-Tigger	929	+	278	23455381	26489
chr8	23429271	23629271	harbor2	chr8	23455103	23455659	DNA/TcMar-Tigger	929	+	278	23455381	26110
chr8	23430686	23630686	harbor2	chr8	23455103	23455659	DNA/TcMar-Tigger	929	+	278	23455381	24695
chr8	17985030	18185030	harbor2	chr8	18011964	18011984	DNA/TcMar-Tigger	697	+	10	18011974	26944
chr8	17985030	18185030	harbor2	chr8	18012156	18012529	DNA/TcMar-Tigger	1700	+	186	18012342	27312
chr8	17985030	18185030	harbor2	chr8	18031874	18032063	DNA/TcMar-Tigger	1013	+	94	18031968	46938
chr8	23429353	23629353	harbor2	chr8	23455103	23455659	DNA/TcMar-Tigger	929	+	278	23455381	26028
chr8	23428870	23628870	harbor2	chr8	23455103	23455659	DNA/TcMar-Tigger	929	+	278	23455381	26511
chr8	23429241	23629241	harbor2	chr8	23455103	23455659	DNA/TcMar-Tigger	929	+	278	23455381	26140
chr8	23428834	23628834	harbor2	chr8	23455103	23455659	DNA/TcMar-Tigger	929	+	278	23455381	26547
chr8	29150120	29350120	harbor2	chr8	29150575	29152619	DNA/TcMar-Tigger	13908	+	1022	29151597	1477
chr8	29150120	29350120	harbor2	chr8	29152878	29153059	DNA/TcMar-Tigger	13908	+	90	29152968	2848
chr8	29150120	29350120	harbor2	chr8	29171442	29171746	DNA/TcMar-Tigger	793	+	152	29171594	21474
chr8	29150120	29350120	harbor2	chr8	29172061	29172072	DNA/TcMar-Tigger	793	+	6	29172067	21947
chr8	29150120	29350120	harbor2	chr8	29172382	29172574	DNA/TcMar-Tigger	793	+	96	29172478	22358
chr8	29150120	29350120	harbor2	chr8	29199438	29199654	DNA/TcMar-Tigger	717	+	108	29199546	49426
chr8	23428832	23628832	harbor2	chr8	23455103	23455659	DNA/TcMar-Tigger	929	+	278	23455381	26549
chr8	23428810	23628810	harbor2	chr8	23455103	23455659	DNA/TcMar-Tigger	929	+	278	23455381	26571
chr8	23432814	23632814	harbor2	chr8	23455103	23455659	DNA/TcMar-Tigger	929	+	278	23455381	22567
chr8	23430803	23630803	harbor2	chr8	23455103	23455659	DNA/TcMar-Tigger	929	+	278	23455381	24578
chr8	11492953	11692953	harbor2	chr8	11499071	11499394	DNA/TcMar-Tigger	1735	+	162	11499233	6280
chr8	11492953	11692953	harbor2	chr8	11568164	11568492	DNA/TcMar-Tigger	1808	+	164	11568328	75375
chr8	23428809	23628809	harbor2	chr8	23455103	23455659	DNA/TcMar-Tigger	929	+	278	23455381	26572
chr8	23428725	23628725	harbor2	chr8	23455103	23455659	DNA/TcMar-Tigger	929	+	278	23455381	26656
chr8	23429172	23629172	harbor2	chr8	23455103	23455659	DNA/TcMar-Tigger	929	+	278	23455381	26209
chr8	23428835	23628835	harbor2	chr8	23455103	23455659	DNA/TcMar-Tigger	929	+	278	23455381	26546
chr8	23429068	23629068	harbor2	chr8	23455103	23455659	DNA/TcMar-Tigger	929	+	278	23455381	26313
chr8	23428926	23628926	harbor2	chr8	23455103	23455659	DNA/TcMar-Tigger	929	+	278	23455381	26455
chr8	23428913	23628913	harbor2	chr8	23455103	23455659	DNA/TcMar-Tigger	929	+	278	23455381	26468
chr8	23429294	23629294	harbor2	chr8	23455103	23455659	DNA/TcMar-Tigger	929	+	278	23455381	26087
chr8	30073247	30273247	harbor2	chr8	30087027	30087118	DNA/TcMar-Tigger	644	+	46	30087073	13826
chr8	30073247	30273247	harbor2	chr8	30126217	30126359	DNA/TcMar-Tigger	929	+	71	30126288	53041
chr8	30073247	30273247	harbor2	chr8	30153408	30153914	DNA/TcMar-Tigger	2748	+	253	30153661	80414
chr8	30073247	30273247	harbor2	chr8	30153909	30153999	DNA/TcMar-Tigger	674	+	45	30153954	80707
chr8	30073247	30273247	harbor2	chr8	30160564	30160658	DNA/TcMar-Tigger	470	+	47	30160611	87364
chr8	30073247	30273247	harbor2	chr8	30160647	30160844	DNA/TcMar-Tigger	1037	+	98	30160745	87498
chr8	23429109	23629109	harbor2	chr8	23455103	23455659	DNA/TcMar-Tigger	929	+	278	23455381	26272
chr8	102557354	102757354	harbor2	chr8	102590190	102590534	DNA/TcMar-Tigger	2185	+	172	102590362	33008
chr8	102557354	102757354	harbor2	chr8	102618805	102619542	DNA/TcMar-Tigger	6680	+	368	102619173	61819
chr8	102557354	102757354	harbor2	chr8	102620588	102621103	DNA/TcMar-Tigger	6680	+	258	102620846	63492
chr8	23428807	23628807	harbor2	chr8	23455103	23455659	DNA/TcMar-Tigger	929	+	278	23455381	26574
chr8	23431300	23631300	harbor2	chr8	23455103	23455659	DNA/TcMar-Tigger	929	+	278	23455381	24081
chr8	89802895	90002895	harbor2	chr8	89872686	89872961	DNA/TcMar-Tigger	683	+	138	89872824	69929
chr8	23428847	23628847	harbor2	chr8	23455103	23455659	DNA/TcMar-Tigger	929	+	278	23455381	26534
chr8	23429149	23629149	harbor2	chr8	23455103	23455659	DNA/TcMar-Tigger	929	+	278	23455381	26232
chr8	23430721	23630721	harbor2	chr8	23455103	23455659	DNA/TcMar-Tigger	929	+	278	23455381	24660
chr8	27226138	27426138	harbor2	chr8	27292093	27292432	DNA/TcMar-Tigger	1914	+	170	27292263	66125
chr8	23428862	23628862	harbor2	chr8	23455103	23455659	DNA/TcMar-Tigger	929	+	278	23455381	26519
chr8	23429308	23629308	harbor2	chr8	23455103	23455659	DNA/TcMar-Tigger	929	+	278	23455381	26073
chr8	23428822	23628822	harbor2	chr8	23455103	23455659	DNA/TcMar-Tigger	929	+	278	23455381	26559
chr8	23432595	23632595	harbor2	chr8	23455103	23455659	DNA/TcMar-Tigger	929	+	278	23455381	22786
chr8	23428886	23628886	harbor2	chr8	23455103	23455659	DNA/TcMar-Tigger	929	+	278	23455381	26495
chr8	23428849	23628849	harbor2	chr8	23455103	23455659	DNA/TcMar-Tigger	929	+	278	23455381	26532
chr8	23428839	23628839	harbor2	chr8	23455103	23455659	DNA/TcMar-Tigger	929	+	278	23455381	26542
chr8	23447867	23647867	harbor2	chr8	23455103	23455659	DNA/TcMar-Tigger	929	+	278	23455381	7514
chr8	23447867	23647867	harbor2	chr8	23542080	23542377	DNA/TcMar-Tigger	6100	+	148	23542228	94361
chr8	23447867	23647867	harbor2	chr8	23542679	23543065	DNA/TcMar-Tigger	6100	+	193	23542872	95005
chr8	23447867	23647867	harbor2	chr8	23543365	23543601	DNA/TcMar-Tigger	6100	+	118	23543483	95616
chr8	23447867	23647867	harbor2	chr8	23543835	23543862	DNA/TcMar-Tigger	6100	+	14	23543849	95982
chr8	23447867	23647867	harbor2	chr8	23544160	23544417	DNA/TcMar-Tigger	6100	+	128	23544288	96421
chr8	30013870	30213870	harbor2	chr8	30087027	30087118	DNA/TcMar-Tigger	644	+	46	30087073	73203
chr8	141311590	141511590	harbor2	chr8	141348685	141349078	DNA/TcMar-Tigger	1258	+	196	141348881	37291
chr8	141311590	141511590	harbor2	chr8	141374929	141375225	DNA/TcMar-Tigger	652	+	148	141375077	63487
chr8	23428736	23628736	harbor2	chr8	23455103	23455659	DNA/TcMar-Tigger	929	+	278	23455381	26645
chr8	23429123	23629123	harbor2	chr8	23455103	23455659	DNA/TcMar-Tigger	929	+	278	23455381	26258
chr8	9052098	9252098	harbor2	chr8	9115336	9115509	DNA/TcMar-Tigger	1088	+	86	9115422	63324
chr8	9052098	9252098	harbor2	chr8	9115494	9115995	DNA/TcMar-Tigger	3277	+	250	9115744	63646
chr8	9052098	9252098	harbor2	chr8	9145215	9145654	DNA/TcMar-Tigger	2704	+	220	9145435	93337
chr8	141003841	141203841	harbor2	chr8	141033631	141033962	DNA/TcMar-Tigger	1414	+	166	141033797	29956
chr8	54001877	54201877	harbor2	chr8	54012103	54012279	DNA/TcMar-Tigger	983	+	88	54012191	10314
chr8	54001877	54201877	harbor2	chr8	54012587	54012728	DNA/TcMar-Tigger	983	+	70	54012657	10780
chr8	54001877	54201877	harbor2	chr8	54017274	54017485	DNA/TcMar-Tigger	1110	+	106	54017380	15503
chr8	54001877	54201877	harbor2	chr8	54089229	54089519	DNA/TcMar-Tigger	1552	+	145	54089374	87497
chr8	54001877	54201877	harbor2	chr8	54097609	54097707	DNA/TcMar-Tigger	622	+	49	54097658	95781
chr8	23428733	23628733	harbor2	chr8	23455103	23455659	DNA/TcMar-Tigger	929	+	278	23455381	26648
chr8	23429202	23629202	harbor2	chr8	23455103	23455659	DNA/TcMar-Tigger	929	+	278	23455381	26179
chr8	125678475	125878475	harbor2	chr8	125705368	125705586	DNA/TcMar-Tigger	1256	+	109	125705477	27002
chr8	125678475	125878475	harbor2	chr8	125705981	125706073	DNA/TcMar-Tigger	543	+	46	125706027	27552
chr8	125678475	125878475	harbor2	chr8	125770422	125770711	DNA/TcMar-Tigger	921	+	144	125770566	92091
chr8	23430734	23630734	harbor2	chr8	23455103	23455659	DNA/TcMar-Tigger	929	+	278	23455381	24647
chr8	54001882	54201882	harbor2	chr8	54012103	54012279	DNA/TcMar-Tigger	983	+	88	54012191	10309
chr8	54001882	54201882	harbor2	chr8	54012587	54012728	DNA/TcMar-Tigger	983	+	70	54012657	10775
chr8	54001882	54201882	harbor2	chr8	54017274	54017485	DNA/TcMar-Tigger	1110	+	106	54017380	15498
chr8	54001882	54201882	harbor2	chr8	54089229	54089519	DNA/TcMar-Tigger	1552	+	145	54089374	87492
chr8	54001882	54201882	harbor2	chr8	54097609	54097707	DNA/TcMar-Tigger	622	+	49	54097658	95776
chr8	23428636	23628636	harbor2	chr8	23455103	23455659	DNA/TcMar-Tigger	929	+	278	23455381	26745
chr8	23428840	23628840	harbor2	chr8	23455103	23455659	DNA/TcMar-Tigger	929	+	278	23455381	26541
chr8	8793157	8993157	harbor2	chr8	8803146	8803228	DNA/TcMar-Tigger	1804	+	41	8803187	10030
chr8	8793157	8993157	harbor2	chr8	8803547	8803689	DNA/TcMar-Tigger	1804	+	71	8803618	10461
chr8	8793157	8993157	harbor2	chr8	8803998	8804116	DNA/TcMar-Tigger	1804	+	59	8804057	10900
chr8	8793157	8993157	harbor2	chr8	8807906	8808130	DNA/TcMar-Tigger	998	+	112	8808018	14861
chr8	8793157	8993157	harbor2	chr8	8808325	8808844	DNA/TcMar-Tigger	2969	+	260	8808585	15428
chr8	8793157	8993157	harbor2	chr8	8810394	8810821	DNA/TcMar-Tigger	2191	+	214	8810608	17451
chr8	8793157	8993157	harbor2	chr8	8813069	8813931	DNA/TcMar-Tigger	6534	+	431	8813500	20343
chr8	8793157	8993157	harbor2	chr8	8814238	8814518	DNA/TcMar-Tigger	6534	+	140	8814378	21221
chr8	8793157	8993157	harbor2	chr8	8834184	8834737	DNA/TcMar-Tigger	3095	+	276	8834460	41303
chr8	8793157	8993157	harbor2	chr8	8859453	8859889	DNA/TcMar-Tigger	2423	+	218	8859671	66514
chr8	23428828	23628828	harbor2	chr8	23455103	23455659	DNA/TcMar-Tigger	929	+	278	23455381	26553
chr8	23428920	23628920	harbor2	chr8	23455103	23455659	DNA/TcMar-Tigger	929	+	278	23455381	26461
chr8	141309378	141509378	harbor2	chr8	141348685	141349078	DNA/TcMar-Tigger	1258	+	196	141348881	39503
chr8	141309378	141509378	harbor2	chr8	141374929	141375225	DNA/TcMar-Tigger	652	+	148	141375077	65699
chr8	23428899	23628899	harbor2	chr8	23455103	23455659	DNA/TcMar-Tigger	929	+	278	23455381	26482
chr8	23651754	23851754	harbor2	chr8	23685732	23686076	DNA/TcMar-Tigger	2175	+	172	23685904	34150
chr8	41429283	41629283	harbor2	chr8	41445736	41446363	DNA/TcMar-Tigger	3128	+	314	41446050	16767
chr8	8795419	8995419	harbor2	chr8	8803146	8803228	DNA/TcMar-Tigger	1804	+	41	8803187	7768
chr8	8795419	8995419	harbor2	chr8	8803547	8803689	DNA/TcMar-Tigger	1804	+	71	8803618	8199
chr8	8795419	8995419	harbor2	chr8	8803998	8804116	DNA/TcMar-Tigger	1804	+	59	8804057	8638
chr8	8795419	8995419	harbor2	chr8	8807906	8808130	DNA/TcMar-Tigger	998	+	112	8808018	12599
chr8	8795419	8995419	harbor2	chr8	8808325	8808844	DNA/TcMar-Tigger	2969	+	260	8808585	13166
chr8	8795419	8995419	harbor2	chr8	8810394	8810821	DNA/TcMar-Tigger	2191	+	214	8810608	15189
chr8	8795419	8995419	harbor2	chr8	8813069	8813931	DNA/TcMar-Tigger	6534	+	431	8813500	18081
chr8	8795419	8995419	harbor2	chr8	8814238	8814518	DNA/TcMar-Tigger	6534	+	140	8814378	18959
chr8	8795419	8995419	harbor2	chr8	8834184	8834737	DNA/TcMar-Tigger	3095	+	276	8834460	39041
chr8	8795419	8995419	harbor2	chr8	8859453	8859889	DNA/TcMar-Tigger	2423	+	218	8859671	64252
chr8	48821299	49021299	harbor2	chr8	48853217	48853352	DNA/TcMar-Tigger	538	+	68	48853285	31986
chr8	48821299	49021299	harbor2	chr8	48853601	48854401	DNA/TcMar-Tigger	4052	+	400	48854001	32702
chr8	48821299	49021299	harbor2	chr8	48877450	48877788	DNA/TcMar-Tigger	1968	+	169	48877619	56320
chr8	141314854	141514854	harbor2	chr8	141348685	141349078	DNA/TcMar-Tigger	1258	+	196	141348881	34027
chr8	141314854	141514854	harbor2	chr8	141374929	141375225	DNA/TcMar-Tigger	652	+	148	141375077	60223
chr8	102203037	102403037	harbor2	chr8	102244307	102245454	DNA/TcMar-Tigger	6543	+	574	102244881	41844
chr8	102203037	102403037	harbor2	chr8	102263109	102263266	DNA/TcMar-Tigger	627	+	78	102263187	60150
chr8	144174581	144374581	harbor2	chr8	144215302	144215589	DNA/TcMar-Tigger	2424	+	144	144215446	40865
chr8	144174581	144374581	harbor2	chr8	144216494	144216684	DNA/TcMar-Tigger	2424	+	95	144216589	42008
chr8	144174581	144374581	harbor2	chr8	144216988	144217037	DNA/TcMar-Tigger	2424	+	24	144217012	42431
chr8	144174581	144374581	harbor2	chr8	144217151	144217503	DNA/TcMar-Tigger	1780	+	176	144217327	42746
chr8	23456020	23656020	harbor2	chr8	23542080	23542377	DNA/TcMar-Tigger	6100	+	148	23542228	86208
chr8	23456020	23656020	harbor2	chr8	23542679	23543065	DNA/TcMar-Tigger	6100	+	193	23542872	86852
chr8	23456020	23656020	harbor2	chr8	23543365	23543601	DNA/TcMar-Tigger	6100	+	118	23543483	87463
chr8	23456020	23656020	harbor2	chr8	23543835	23543862	DNA/TcMar-Tigger	6100	+	14	23543849	87829
chr8	23456020	23656020	harbor2	chr8	23544160	23544417	DNA/TcMar-Tigger	6100	+	128	23544288	88268
chr8	115390199	115590199	harbor2	chr8	115468178	115468605	DNA/TcMar-Tigger	462	+	214	115468392	78193
chr8	115390199	115590199	harbor2	chr8	115485987	115488387	DNA/TcMar-Tigger	14776	+	1200	115487187	96988
chr8	23428854	23628854	harbor2	chr8	23455103	23455659	DNA/TcMar-Tigger	929	+	278	23455381	26527
chr8	23428795	23628795	harbor2	chr8	23455103	23455659	DNA/TcMar-Tigger	929	+	278	23455381	26586
chr8	141300777	141500777	harbor2	chr8	141348685	141349078	DNA/TcMar-Tigger	1258	+	196	141348881	48104
chr8	141300777	141500777	harbor2	chr8	141374929	141375225	DNA/TcMar-Tigger	652	+	148	141375077	74300
chr8	143366392	143566392	harbor2	chr8	143453965	143454073	DNA/TcMar-Tigger	1830	+	54	143454019	87627
chr8	143366392	143566392	harbor2	chr8	143454391	143454402	DNA/TcMar-Tigger	1830	+	6	143454397	88005
chr8	143366392	143566392	harbor2	chr8	143454711	143455008	DNA/TcMar-Tigger	1830	+	148	143454859	88467
chr8	143366392	143566392	harbor2	chr8	143455517	143455691	DNA/TcMar-Tigger	1339	+	87	143455604	89212
chr8	143366392	143566392	harbor2	chr8	143456005	143456145	DNA/TcMar-Tigger	1339	+	70	143456075	89683
chr8	22818594	23018594	harbor2	chr8	22900853	22900999	DNA/TcMar-Tigger	447	+	73	22900926	82332
chr8	22818594	23018594	harbor2	chr8	22901773	22901982	DNA/TcMar-Tigger	696	+	104	22901877	83283
chr8	41849522	42049522	harbor2	chr8	41856591	41856831	DNA/TcMar-Tigger	1322	+	120	41856711	7189
chr8	102598762	102798762	harbor2	chr8	102618805	102619542	DNA/TcMar-Tigger	6680	+	368	102619173	20411
chr8	102598762	102798762	harbor2	chr8	102620588	102621103	DNA/TcMar-Tigger	6680	+	258	102620846	22084
chr8	23429259	23629259	harbor2	chr8	23455103	23455659	DNA/TcMar-Tigger	929	+	278	23455381	26122
chr8	30059382	30259382	harbor2	chr8	30087027	30087118	DNA/TcMar-Tigger	644	+	46	30087073	27691
chr8	30059382	30259382	harbor2	chr8	30126217	30126359	DNA/TcMar-Tigger	929	+	71	30126288	66906
chr8	30059382	30259382	harbor2	chr8	30153408	30153914	DNA/TcMar-Tigger	2748	+	253	30153661	94279
chr8	30059382	30259382	harbor2	chr8	30153909	30153999	DNA/TcMar-Tigger	674	+	45	30153954	94572
chr8	30068591	30268591	harbor2	chr8	30087027	30087118	DNA/TcMar-Tigger	644	+	46	30087073	18482
chr8	30068591	30268591	harbor2	chr8	30126217	30126359	DNA/TcMar-Tigger	929	+	71	30126288	57697
chr8	30068591	30268591	harbor2	chr8	30153408	30153914	DNA/TcMar-Tigger	2748	+	253	30153661	85070
chr8	30068591	30268591	harbor2	chr8	30153909	30153999	DNA/TcMar-Tigger	674	+	45	30153954	85363
chr8	30068591	30268591	harbor2	chr8	30160564	30160658	DNA/TcMar-Tigger	470	+	47	30160611	92020
chr8	30068591	30268591	harbor2	chr8	30160647	30160844	DNA/TcMar-Tigger	1037	+	98	30160745	92154
chr8	89884671	90084671	harbor2	chr8	89923420	89923783	DNA/TcMar-Tigger	2078	+	182	89923602	38931
chr8	89884671	90084671	harbor2	chr8	89932719	89932921	DNA/TcMar-Tigger	915	+	101	89932820	48149
chr8	89884671	90084671	harbor2	chr8	89932919	89933383	DNA/TcMar-Tigger	2565	+	232	89933151	48480
chr8	89884671	90084671	harbor2	chr8	89938212	89938391	DNA/TcMar-Tigger	748	+	90	89938302	53631
chr8	89884671	90084671	harbor2	chr8	89956796	89957799	DNA/TcMar-Tigger	5963	+	502	89957298	72627
chr8	89884671	90084671	harbor2	chr8	89958306	89958430	DNA/TcMar-Tigger	5963	+	62	89958368	73697
chr8	89884671	90084671	harbor2	chr8	89967011	89967343	DNA/TcMar-Tigger	2004	+	166	89967177	82506
chr8	104533858	104733858	harbor2	chr8	104543132	104543639	DNA/TcMar-Tigger	14007	+	254	104543386	9528
chr8	104533858	104733858	harbor2	chr8	104543951	104545834	DNA/TcMar-Tigger	14007	+	942	104544893	11035
chr8	104533858	104733858	harbor2	chr8	104596801	104597090	DNA/TcMar-Tigger	424	+	144	104596945	63087
chr8	23428874	23628874	harbor2	chr8	23455103	23455659	DNA/TcMar-Tigger	929	+	278	23455381	26507
chr8	73779046	73979046	harbor2	chr8	73797882	73798005	DNA/TcMar-Tigger	1740	+	62	73797944	18898
chr8	73779046	73979046	harbor2	chr8	73798307	73798496	DNA/TcMar-Tigger	1740	+	94	73798401	19355
chr8	73779046	73979046	harbor2	chr8	73823262	73823552	DNA/TcMar-Tigger	656	+	145	73823407	44361
chr8	73779046	73979046	harbor2	chr8	73828074	73828418	DNA/TcMar-Tigger	713	+	172	73828246	49200
chr8	73779046	73979046	harbor2	chr8	73859078	73859224	DNA/TcMar-Tigger	2307	+	73	73859151	80105
chr8	73779046	73979046	harbor2	chr8	73859492	73859743	DNA/TcMar-Tigger	2307	+	126	73859618	80572
chr8	23744917	23944917	harbor2	chr8	23778632	23779018	DNA/TcMar-Tigger	1186	+	193	23778825	33908
chr9	4884805	5084805	harbor2	chr9	4973920	4974451	DNA/TcMar-Tigger	3228	+	266	4974186	89381
chr9	4886038	5086038	harbor2	chr9	4973920	4974451	DNA/TcMar-Tigger	3228	+	266	4974186	88148
chr9	4884737	5084737	harbor2	chr9	4973920	4974451	DNA/TcMar-Tigger	3228	+	266	4974186	89449
chr9	4884821	5084821	harbor2	chr9	4973920	4974451	DNA/TcMar-Tigger	3228	+	266	4974186	89365
chr9	137214575	137414575	harbor2	chr9	137269486	137269759	DNA/TcMar-Tigger	901	+	136	137269622	55047
chr9	4886039	5086039	harbor2	chr9	4973920	4974451	DNA/TcMar-Tigger	3228	+	266	4974186	88147
chr9	4884782	5084782	harbor2	chr9	4973920	4974451	DNA/TcMar-Tigger	3228	+	266	4974186	89404
chr9	4966574	5166574	harbor2	chr9	4973920	4974451	DNA/TcMar-Tigger	3228	+	266	4974186	7612
chr9	4966574	5166574	harbor2	chr9	4993749	4994314	DNA/TcMar-Tigger	3235	+	282	4994031	27457
chr9	4966574	5166574	harbor2	chr9	5039219	5039550	DNA/TcMar-Tigger	1920	+	166	5039385	72811
chr9	4966574	5166574	harbor2	chr9	5062078	5062316	DNA/TcMar-Tigger	1456	+	119	5062197	95623
chr9	137214566	137414566	harbor2	chr9	137269486	137269759	DNA/TcMar-Tigger	901	+	136	137269622	55056
chr9	4886275	5086275	harbor2	chr9	4973920	4974451	DNA/TcMar-Tigger	3228	+	266	4974186	87911
chr9	4692826	4892826	harbor2	chr9	4699223	4699430	DNA/TcMar-Tigger	1040	+	104	4699327	6501
chr9	4692826	4892826	harbor2	chr9	4717561	4717883	DNA/TcMar-Tigger	1697	+	161	4717722	24896
chr9	4692826	4892826	harbor2	chr9	4731772	4731939	DNA/TcMar-Tigger	2134	+	84	4731856	39030
chr9	4692826	4892826	harbor2	chr9	4732248	4732475	DNA/TcMar-Tigger	2134	+	114	4732362	39536
chr9	4692782	4892782	harbor2	chr9	4699223	4699430	DNA/TcMar-Tigger	1040	+	104	4699327	6545
chr9	4692782	4892782	harbor2	chr9	4717561	4717883	DNA/TcMar-Tigger	1697	+	161	4717722	24940
chr9	4692782	4892782	harbor2	chr9	4731772	4731939	DNA/TcMar-Tigger	2134	+	84	4731856	39074
chr9	4692782	4892782	harbor2	chr9	4732248	4732475	DNA/TcMar-Tigger	2134	+	114	4732362	39580
chr9	4884843	5084843	harbor2	chr9	4973920	4974451	DNA/TcMar-Tigger	3228	+	266	4974186	89343
chr9	4884788	5084788	harbor2	chr9	4973920	4974451	DNA/TcMar-Tigger	3228	+	266	4974186	89398
chr9	4692810	4892810	harbor2	chr9	4699223	4699430	DNA/TcMar-Tigger	1040	+	104	4699327	6517
chr9	4692810	4892810	harbor2	chr9	4717561	4717883	DNA/TcMar-Tigger	1697	+	161	4717722	24912
chr9	4692810	4892810	harbor2	chr9	4731772	4731939	DNA/TcMar-Tigger	2134	+	84	4731856	39046
chr9	4692810	4892810	harbor2	chr9	4732248	4732475	DNA/TcMar-Tigger	2134	+	114	4732362	39552
chr9	4886030	5086030	harbor2	chr9	4973920	4974451	DNA/TcMar-Tigger	3228	+	266	4974186	88156
chr9	4884822	5084822	harbor2	chr9	4973920	4974451	DNA/TcMar-Tigger	3228	+	266	4974186	89364
chr9	112389442	112589442	harbor2	chr9	112412026	112412224	DNA/TcMar-Tigger	1147	+	99	112412125	22683
chr9	4694791	4894791	harbor2	chr9	4699223	4699430	DNA/TcMar-Tigger	1040	+	104	4699327	4536
chr9	4694791	4894791	harbor2	chr9	4717561	4717883	DNA/TcMar-Tigger	1697	+	161	4717722	22931
chr9	4694791	4894791	harbor2	chr9	4731772	4731939	DNA/TcMar-Tigger	2134	+	84	4731856	37065
chr9	4694791	4894791	harbor2	chr9	4732248	4732475	DNA/TcMar-Tigger	2134	+	114	4732362	37571
chr9	79476304	79676304	harbor2	chr9	79509770	79509854	DNA/TcMar-Tigger	1571	+	42	79509812	33508
chr9	79476304	79676304	harbor2	chr9	79510149	79510382	DNA/TcMar-Tigger	1571	+	116	79510265	33961
chr9	4884859	5084859	harbor2	chr9	4973920	4974451	DNA/TcMar-Tigger	3228	+	266	4974186	89327
chr9	4884785	5084785	harbor2	chr9	4973920	4974451	DNA/TcMar-Tigger	3228	+	266	4974186	89401
chr9	112387666	112587666	harbor2	chr9	112412026	112412224	DNA/TcMar-Tigger	1147	+	99	112412125	24459
chr9	4884771	5084771	harbor2	chr9	4973920	4974451	DNA/TcMar-Tigger	3228	+	266	4974186	89415
chr9	4885574	5085574	harbor2	chr9	4973920	4974451	DNA/TcMar-Tigger	3228	+	266	4974186	88612
chr9	4909381	5109381	harbor2	chr9	4973920	4974451	DNA/TcMar-Tigger	3228	+	266	4974186	64805
chr9	4909381	5109381	harbor2	chr9	4993749	4994314	DNA/TcMar-Tigger	3235	+	282	4994031	84650
chr9	4884790	5084790	harbor2	chr9	4973920	4974451	DNA/TcMar-Tigger	3228	+	266	4974186	89396
chr9	4692766	4892766	harbor2	chr9	4699223	4699430	DNA/TcMar-Tigger	1040	+	104	4699327	6561
chr9	4692766	4892766	harbor2	chr9	4717561	4717883	DNA/TcMar-Tigger	1697	+	161	4717722	24956
chr9	4692766	4892766	harbor2	chr9	4731772	4731939	DNA/TcMar-Tigger	2134	+	84	4731856	39090
chr9	4692766	4892766	harbor2	chr9	4732248	4732475	DNA/TcMar-Tigger	2134	+	114	4732362	39596
chr9	4886294	5086294	harbor2	chr9	4973920	4974451	DNA/TcMar-Tigger	3228	+	266	4974186	87892
chr9	4692809	4892809	harbor2	chr9	4699223	4699430	DNA/TcMar-Tigger	1040	+	104	4699327	6518
chr9	4692809	4892809	harbor2	chr9	4717561	4717883	DNA/TcMar-Tigger	1697	+	161	4717722	24913
chr9	4692809	4892809	harbor2	chr9	4731772	4731939	DNA/TcMar-Tigger	2134	+	84	4731856	39047
chr9	4692809	4892809	harbor2	chr9	4732248	4732475	DNA/TcMar-Tigger	2134	+	114	4732362	39553
chr9	4885943	5085943	harbor2	chr9	4973920	4974451	DNA/TcMar-Tigger	3228	+	266	4974186	88243
chr9	4884804	5084804	harbor2	chr9	4973920	4974451	DNA/TcMar-Tigger	3228	+	266	4974186	89382
chr9	137358533	137558533	harbor2	chr9	137442049	137442441	DNA/TcMar-Tigger	1606	+	196	137442245	83712
chr9	4730682	4930682	harbor2	chr9	4731772	4731939	DNA/TcMar-Tigger	2134	+	84	4731856	1174
chr9	4730682	4930682	harbor2	chr9	4732248	4732475	DNA/TcMar-Tigger	2134	+	114	4732362	1680
chr9	4884786	5084786	harbor2	chr9	4973920	4974451	DNA/TcMar-Tigger	3228	+	266	4974186	89400
chr9	4884800	5084800	harbor2	chr9	4973920	4974451	DNA/TcMar-Tigger	3228	+	266	4974186	89386
chr9	4884853	5084853	harbor2	chr9	4973920	4974451	DNA/TcMar-Tigger	3228	+	266	4974186	89333
chr9	5907138	6107138	harbor2	chr9	5932394	5932698	DNA/TcMar-Tigger	1750	+	152	5932546	25408
chr9	5907138	6107138	harbor2	chr9	5942190	5942386	DNA/TcMar-Tigger	565	+	98	5942288	35150
chr9	5907138	6107138	harbor2	chr9	5965391	5965710	DNA/TcMar-Tigger	572	+	160	5965551	58413
chr9	4885772	5085772	harbor2	chr9	4973920	4974451	DNA/TcMar-Tigger	3228	+	266	4974186	88414
chr9	4692868	4892868	harbor2	chr9	4699223	4699430	DNA/TcMar-Tigger	1040	+	104	4699327	6459
chr9	4692868	4892868	harbor2	chr9	4717561	4717883	DNA/TcMar-Tigger	1697	+	161	4717722	24854
chr9	4692868	4892868	harbor2	chr9	4731772	4731939	DNA/TcMar-Tigger	2134	+	84	4731856	38988
chr9	4692868	4892868	harbor2	chr9	4732248	4732475	DNA/TcMar-Tigger	2134	+	114	4732362	39494
chr9	4880270	5080270	harbor2	chr9	4973920	4974451	DNA/TcMar-Tigger	3228	+	266	4974186	93916
chr9	111797010	111997010	harbor2	chr9	111865757	111865882	DNA/TcMar-Tigger	1179	+	62	111865819	68809
chr9	111797010	111997010	harbor2	chr9	111866184	111866515	DNA/TcMar-Tigger	1179	+	166	111866350	69340
chr9	111797010	111997010	harbor2	chr9	111866820	111867024	DNA/TcMar-Tigger	1179	+	102	111866922	69912
chr9	4693721	4893721	harbor2	chr9	4699223	4699430	DNA/TcMar-Tigger	1040	+	104	4699327	5606
chr9	4693721	4893721	harbor2	chr9	4717561	4717883	DNA/TcMar-Tigger	1697	+	161	4717722	24001
chr9	4693721	4893721	harbor2	chr9	4731772	4731939	DNA/TcMar-Tigger	2134	+	84	4731856	38135
chr9	4693721	4893721	harbor2	chr9	4732248	4732475	DNA/TcMar-Tigger	2134	+	114	4732362	38641
chr9	4884777	5084777	harbor2	chr9	4973920	4974451	DNA/TcMar-Tigger	3228	+	266	4974186	89409
chr9	4884851	5084851	harbor2	chr9	4973920	4974451	DNA/TcMar-Tigger	3228	+	266	4974186	89335
chr9	4974186	5174186	harbor2	chr9	4973920	4974451	DNA/TcMar-Tigger	3228	+	266	4974186	0
chr9	4974186	5174186	harbor2	chr9	4993749	4994314	DNA/TcMar-Tigger	3235	+	282	4994031	19845
chr9	4974186	5174186	harbor2	chr9	5039219	5039550	DNA/TcMar-Tigger	1920	+	166	5039385	65199
chr9	4974186	5174186	harbor2	chr9	5062078	5062316	DNA/TcMar-Tigger	1456	+	119	5062197	88011
chr9	4729013	4929013	harbor2	chr9	4731772	4731939	DNA/TcMar-Tigger	2134	+	84	4731856	2843
chr9	4729013	4929013	harbor2	chr9	4732248	4732475	DNA/TcMar-Tigger	2134	+	114	4732362	3349
chr9	4884799	5084799	harbor2	chr9	4973920	4974451	DNA/TcMar-Tigger	3228	+	266	4974186	89387
chr9	4884830	5084830	harbor2	chr9	4973920	4974451	DNA/TcMar-Tigger	3228	+	266	4974186	89356
chr9	112387642	112587642	harbor2	chr9	112412026	112412224	DNA/TcMar-Tigger	1147	+	99	112412125	24483
chr9	4884809	5084809	harbor2	chr9	4973920	4974451	DNA/TcMar-Tigger	3228	+	266	4974186	89377
chr9	4692828	4892828	harbor2	chr9	4699223	4699430	DNA/TcMar-Tigger	1040	+	104	4699327	6499
chr9	4692828	4892828	harbor2	chr9	4717561	4717883	DNA/TcMar-Tigger	1697	+	161	4717722	24894
chr9	4692828	4892828	harbor2	chr9	4731772	4731939	DNA/TcMar-Tigger	2134	+	84	4731856	39028
chr9	4692828	4892828	harbor2	chr9	4732248	4732475	DNA/TcMar-Tigger	2134	+	114	4732362	39534
chr9	134036094	134236094	harbor2	chr9	134038646	134038906	DNA/TcMar-Tigger	1060	+	130	134038776	2682
chr9	134036094	134236094	harbor2	chr9	134087381	134087511	DNA/TcMar-Tigger	573	+	65	134087446	51352
chr9	134036094	134236094	harbor2	chr9	134086630	134086767	DNA/TcMar-Tigger	768	+	68	134086698	50604
chr9	5596372	5796372	harbor2	chr9	5646479	5646738	DNA/TcMar-Tigger	1375	+	130	5646609	50237
chr9	4886033	5086033	harbor2	chr9	4973920	4974451	DNA/TcMar-Tigger	3228	+	266	4974186	88153
chr9	35657125	35857125	harbor2	chr9	35742868	35743168	DNA/TcMar-Tigger	1402	+	150	35743018	85893
chr9	4692895	4892895	harbor2	chr9	4699223	4699430	DNA/TcMar-Tigger	1040	+	104	4699327	6432
chr9	4692895	4892895	harbor2	chr9	4717561	4717883	DNA/TcMar-Tigger	1697	+	161	4717722	24827
chr9	4692895	4892895	harbor2	chr9	4731772	4731939	DNA/TcMar-Tigger	2134	+	84	4731856	38961
chr9	4692895	4892895	harbor2	chr9	4732248	4732475	DNA/TcMar-Tigger	2134	+	114	4732362	39467
chr9	4884854	5084854	harbor2	chr9	4973920	4974451	DNA/TcMar-Tigger	3228	+	266	4974186	89332
chr9	126781343	126981343	harbor2	chr9	126819244	126819279	DNA/TcMar-Tigger	14950	+	18	126819262	37919
chr9	126781343	126981343	harbor2	chr9	126819305	126820686	DNA/TcMar-Tigger	14950	+	690	126819995	38652
chr9	126781343	126981343	harbor2	chr9	126820988	126821091	DNA/TcMar-Tigger	14950	+	52	126821040	39697
chr9	126781343	126981343	harbor2	chr9	126821409	126821759	DNA/TcMar-Tigger	14950	+	175	126821584	40241
chr9	126781343	126981343	harbor2	chr9	126822277	126822460	DNA/TcMar-Tigger	14950	+	92	126822369	41026
chr9	126781343	126981343	harbor2	chr9	126822765	126823098	DNA/TcMar-Tigger	14950	+	166	126822931	41588
chr9	4693416	4893416	harbor2	chr9	4699223	4699430	DNA/TcMar-Tigger	1040	+	104	4699327	5911
chr9	4693416	4893416	harbor2	chr9	4717561	4717883	DNA/TcMar-Tigger	1697	+	161	4717722	24306
chr9	4693416	4893416	harbor2	chr9	4731772	4731939	DNA/TcMar-Tigger	2134	+	84	4731856	38440
chr9	4693416	4893416	harbor2	chr9	4732248	4732475	DNA/TcMar-Tigger	2134	+	114	4732362	38946
chr9	4886098	5086098	harbor2	chr9	4973920	4974451	DNA/TcMar-Tigger	3228	+	266	4974186	88088
chr9	4885756	5085756	harbor2	chr9	4973920	4974451	DNA/TcMar-Tigger	3228	+	266	4974186	88430
chr9	4693543	4893543	harbor2	chr9	4699223	4699430	DNA/TcMar-Tigger	1040	+	104	4699327	5784
chr9	4693543	4893543	harbor2	chr9	4717561	4717883	DNA/TcMar-Tigger	1697	+	161	4717722	24179
chr9	4693543	4893543	harbor2	chr9	4731772	4731939	DNA/TcMar-Tigger	2134	+	84	4731856	38313
chr9	4693543	4893543	harbor2	chr9	4732248	4732475	DNA/TcMar-Tigger	2134	+	114	4732362	38819
chr9	4969354	5169354	harbor2	chr9	4973920	4974451	DNA/TcMar-Tigger	3228	+	266	4974186	4832
chr9	4969354	5169354	harbor2	chr9	4993749	4994314	DNA/TcMar-Tigger	3235	+	282	4994031	24677
chr9	4969354	5169354	harbor2	chr9	5039219	5039550	DNA/TcMar-Tigger	1920	+	166	5039385	70031
chr9	4969354	5169354	harbor2	chr9	5062078	5062316	DNA/TcMar-Tigger	1456	+	119	5062197	92843
chr9	5062622	5262622	harbor2	chr9	5074283	5076678	DNA/TcMar-Tigger	14298	+	1198	5075481	12859
chr9	112387652	112587652	harbor2	chr9	112412026	112412224	DNA/TcMar-Tigger	1147	+	99	112412125	24473
chr9	134036118	134236118	harbor2	chr9	134038646	134038906	DNA/TcMar-Tigger	1060	+	130	134038776	2658
chr9	134036118	134236118	harbor2	chr9	134087381	134087511	DNA/TcMar-Tigger	573	+	65	134087446	51328
chr9	134036118	134236118	harbor2	chr9	134086630	134086767	DNA/TcMar-Tigger	768	+	68	134086698	50580
chr9	4884826	5084826	harbor2	chr9	4973920	4974451	DNA/TcMar-Tigger	3228	+	266	4974186	89360
chr9	135599679	135799679	harbor2	chr9	135645318	135645623	DNA/TcMar-Tigger	1043	+	152	135645470	45791
chr9	4694621	4894621	harbor2	chr9	4699223	4699430	DNA/TcMar-Tigger	1040	+	104	4699327	4706
chr9	4694621	4894621	harbor2	chr9	4717561	4717883	DNA/TcMar-Tigger	1697	+	161	4717722	23101
chr9	4694621	4894621	harbor2	chr9	4731772	4731939	DNA/TcMar-Tigger	2134	+	84	4731856	37235
chr9	4694621	4894621	harbor2	chr9	4732248	4732475	DNA/TcMar-Tigger	2134	+	114	4732362	37741
chr9	4886446	5086446	harbor2	chr9	4973920	4974451	DNA/TcMar-Tigger	3228	+	266	4974186	87740
chr9	4692744	4892744	harbor2	chr9	4699223	4699430	DNA/TcMar-Tigger	1040	+	104	4699327	6583
chr9	4692744	4892744	harbor2	chr9	4717561	4717883	DNA/TcMar-Tigger	1697	+	161	4717722	24978
chr9	4692744	4892744	harbor2	chr9	4731772	4731939	DNA/TcMar-Tigger	2134	+	84	4731856	39112
chr9	4692744	4892744	harbor2	chr9	4732248	4732475	DNA/TcMar-Tigger	2134	+	114	4732362	39618
chr9	4693371	4893371	harbor2	chr9	4699223	4699430	DNA/TcMar-Tigger	1040	+	104	4699327	5956
chr9	4693371	4893371	harbor2	chr9	4717561	4717883	DNA/TcMar-Tigger	1697	+	161	4717722	24351
chr9	4693371	4893371	harbor2	chr9	4731772	4731939	DNA/TcMar-Tigger	2134	+	84	4731856	38485
chr9	4693371	4893371	harbor2	chr9	4732248	4732475	DNA/TcMar-Tigger	2134	+	114	4732362	38991
chr9	4693463	4893463	harbor2	chr9	4699223	4699430	DNA/TcMar-Tigger	1040	+	104	4699327	5864
chr9	4693463	4893463	harbor2	chr9	4717561	4717883	DNA/TcMar-Tigger	1697	+	161	4717722	24259
chr9	4693463	4893463	harbor2	chr9	4731772	4731939	DNA/TcMar-Tigger	2134	+	84	4731856	38393
chr9	4693463	4893463	harbor2	chr9	4732248	4732475	DNA/TcMar-Tigger	2134	+	114	4732362	38899
chr9	4728727	4928727	harbor2	chr9	4731772	4731939	DNA/TcMar-Tigger	2134	+	84	4731856	3129
chr9	4728727	4928727	harbor2	chr9	4732248	4732475	DNA/TcMar-Tigger	2134	+	114	4732362	3635
chr9	112647605	112847605	harbor2	chr9	112699381	112699700	DNA/TcMar-Tigger	1901	+	160	112699541	51936
chr9	4884787	5084787	harbor2	chr9	4973920	4974451	DNA/TcMar-Tigger	3228	+	266	4974186	89399
chr9	4885119	5085119	harbor2	chr9	4973920	4974451	DNA/TcMar-Tigger	3228	+	266	4974186	89067
chr9	35657155	35857155	harbor2	chr9	35742868	35743168	DNA/TcMar-Tigger	1402	+	150	35743018	85863
chr9	4692900	4892900	harbor2	chr9	4699223	4699430	DNA/TcMar-Tigger	1040	+	104	4699327	6427
chr9	4692900	4892900	harbor2	chr9	4717561	4717883	DNA/TcMar-Tigger	1697	+	161	4717722	24822
chr9	4692900	4892900	harbor2	chr9	4731772	4731939	DNA/TcMar-Tigger	2134	+	84	4731856	38956
chr9	4692900	4892900	harbor2	chr9	4732248	4732475	DNA/TcMar-Tigger	2134	+	114	4732362	39462
chr9	79473605	79673605	harbor2	chr9	79509770	79509854	DNA/TcMar-Tigger	1571	+	42	79509812	36207
chr9	79473605	79673605	harbor2	chr9	79510149	79510382	DNA/TcMar-Tigger	1571	+	116	79510265	36660
chr9	4692825	4892825	harbor2	chr9	4699223	4699430	DNA/TcMar-Tigger	1040	+	104	4699327	6502
chr9	4692825	4892825	harbor2	chr9	4717561	4717883	DNA/TcMar-Tigger	1697	+	161	4717722	24897
chr9	4692825	4892825	harbor2	chr9	4731772	4731939	DNA/TcMar-Tigger	2134	+	84	4731856	39031
chr9	4692825	4892825	harbor2	chr9	4732248	4732475	DNA/TcMar-Tigger	2134	+	114	4732362	39537
chr9	4692909	4892909	harbor2	chr9	4699223	4699430	DNA/TcMar-Tigger	1040	+	104	4699327	6418
chr9	4692909	4892909	harbor2	chr9	4717561	4717883	DNA/TcMar-Tigger	1697	+	161	4717722	24813
chr9	4692909	4892909	harbor2	chr9	4731772	4731939	DNA/TcMar-Tigger	2134	+	84	4731856	38947
chr9	4692909	4892909	harbor2	chr9	4732248	4732475	DNA/TcMar-Tigger	2134	+	114	4732362	39453
chr9	4693624	4893624	harbor2	chr9	4699223	4699430	DNA/TcMar-Tigger	1040	+	104	4699327	5703
chr9	4693624	4893624	harbor2	chr9	4717561	4717883	DNA/TcMar-Tigger	1697	+	161	4717722	24098
chr9	4693624	4893624	harbor2	chr9	4731772	4731939	DNA/TcMar-Tigger	2134	+	84	4731856	38232
chr9	4693624	4893624	harbor2	chr9	4732248	4732475	DNA/TcMar-Tigger	2134	+	114	4732362	38738
chr9	4884754	5084754	harbor2	chr9	4973920	4974451	DNA/TcMar-Tigger	3228	+	266	4974186	89432
chr9	4884882	5084882	harbor2	chr9	4973920	4974451	DNA/TcMar-Tigger	3228	+	266	4974186	89304
chr9	4692802	4892802	harbor2	chr9	4699223	4699430	DNA/TcMar-Tigger	1040	+	104	4699327	6525
chr9	4692802	4892802	harbor2	chr9	4717561	4717883	DNA/TcMar-Tigger	1697	+	161	4717722	24920
chr9	4692802	4892802	harbor2	chr9	4731772	4731939	DNA/TcMar-Tigger	2134	+	84	4731856	39054
chr9	4692802	4892802	harbor2	chr9	4732248	4732475	DNA/TcMar-Tigger	2134	+	114	4732362	39560
chr9	4884779	5084779	harbor2	chr9	4973920	4974451	DNA/TcMar-Tigger	3228	+	266	4974186	89407
chr9	135599667	135799667	harbor2	chr9	135645318	135645623	DNA/TcMar-Tigger	1043	+	152	135645470	45803
chr9	112387662	112587662	harbor2	chr9	112412026	112412224	DNA/TcMar-Tigger	1147	+	99	112412125	24463
chr9	93445740	93645740	harbor2	chr9	93461726	93461946	DNA/TcMar-Tigger	1305	+	110	93461836	16096
chr9	93445740	93645740	harbor2	chr9	93454283	93454835	DNA/TcMar-Tigger	797	+	276	93454559	8819
chr9	137215322	137415322	harbor2	chr9	137269486	137269759	DNA/TcMar-Tigger	901	+	136	137269622	54300
chr9	4693135	4893135	harbor2	chr9	4699223	4699430	DNA/TcMar-Tigger	1040	+	104	4699327	6192
chr9	4693135	4893135	harbor2	chr9	4717561	4717883	DNA/TcMar-Tigger	1697	+	161	4717722	24587
chr9	4693135	4893135	harbor2	chr9	4731772	4731939	DNA/TcMar-Tigger	2134	+	84	4731856	38721
chr9	4693135	4893135	harbor2	chr9	4732248	4732475	DNA/TcMar-Tigger	2134	+	114	4732362	39227
chr9	4692731	4892731	harbor2	chr9	4699223	4699430	DNA/TcMar-Tigger	1040	+	104	4699327	6596
chr9	4692731	4892731	harbor2	chr9	4717561	4717883	DNA/TcMar-Tigger	1697	+	161	4717722	24991
chr9	4692731	4892731	harbor2	chr9	4731772	4731939	DNA/TcMar-Tigger	2134	+	84	4731856	39125
chr9	4692731	4892731	harbor2	chr9	4732248	4732475	DNA/TcMar-Tigger	2134	+	114	4732362	39631
chr9	109158501	109358501	harbor2	chr9	109172548	109172848	DNA/TcMar-Tigger	1117	+	150	109172698	14197
chr9	4884735	5084735	harbor2	chr9	4973920	4974451	DNA/TcMar-Tigger	3228	+	266	4974186	89451
chr9	4693367	4893367	harbor2	chr9	4699223	4699430	DNA/TcMar-Tigger	1040	+	104	4699327	5960
chr9	4693367	4893367	harbor2	chr9	4717561	4717883	DNA/TcMar-Tigger	1697	+	161	4717722	24355
chr9	4693367	4893367	harbor2	chr9	4731772	4731939	DNA/TcMar-Tigger	2134	+	84	4731856	38489
chr9	4693367	4893367	harbor2	chr9	4732248	4732475	DNA/TcMar-Tigger	2134	+	114	4732362	38995
chr9	97416346	97616346	harbor2	chr9	97425271	97425608	DNA/TcMar-Tigger	2168	+	168	97425439	9093
chr9	97416346	97616346	harbor2	chr9	97453287	97453371	DNA/TcMar-Tigger	482	+	42	97453329	36983
chr9	97416346	97616346	harbor2	chr9	97458153	97458260	DNA/TcMar-Tigger	620	+	54	97458207	41861
chr9	20286384	20486384	harbor2	chr9	20357568	20357896	DNA/TcMar-Tigger	537	+	164	20357732	71348
chr9	20286384	20486384	harbor2	chr9	20370164	20370516	DNA/TcMar-Tigger	14732	+	176	20370340	83956
chr9	20286384	20486384	harbor2	chr9	20370806	20372392	DNA/TcMar-Tigger	14732	+	793	20371599	85215
chr9	20286384	20486384	harbor2	chr9	20372708	20373034	DNA/TcMar-Tigger	14732	+	163	20372871	86487
chr9	122142319	122342319	harbor2	chr9	122148410	122148915	DNA/TcMar-Tigger	685	+	252	122148662	6343
chr9	122142319	122342319	harbor2	chr9	122188669	122188914	DNA/TcMar-Tigger	787	+	122	122188791	46472
chr9	122142319	122342319	harbor2	chr9	122189214	122189316	DNA/TcMar-Tigger	787	+	51	122189265	46946
chr9	122142319	122342319	harbor2	chr9	122189906	122190073	DNA/TcMar-Tigger	787	+	84	122189990	47671
chr9	4885199	5085199	harbor2	chr9	4973920	4974451	DNA/TcMar-Tigger	3228	+	266	4974186	88987
chr9	130746613	130946613	harbor2	chr9	130813801	130813893	DNA/TcMar-Tigger	506	+	46	130813847	67234
chr9	91323874	91523874	harbor2	chr9	91342796	91343235	DNA/TcMar-Tigger	2404	+	220	91343016	19142
chr9	91323874	91523874	harbor2	chr9	91386935	91387137	DNA/TcMar-Tigger	1284	+	101	91387036	63162
chr9	137215188	137415188	harbor2	chr9	137269486	137269759	DNA/TcMar-Tigger	901	+	136	137269622	54434
chr9	4900510	5100510	harbor2	chr9	4973920	4974451	DNA/TcMar-Tigger	3228	+	266	4974186	73676
chr9	4900510	5100510	harbor2	chr9	4993749	4994314	DNA/TcMar-Tigger	3235	+	282	4994031	93521
chr9	4694263	4894263	harbor2	chr9	4699223	4699430	DNA/TcMar-Tigger	1040	+	104	4699327	5064
chr9	4694263	4894263	harbor2	chr9	4717561	4717883	DNA/TcMar-Tigger	1697	+	161	4717722	23459
chr9	4694263	4894263	harbor2	chr9	4731772	4731939	DNA/TcMar-Tigger	2134	+	84	4731856	37593
chr9	4694263	4894263	harbor2	chr9	4732248	4732475	DNA/TcMar-Tigger	2134	+	114	4732362	38099
chr9	136610462	136810462	harbor2	chr9	136612666	136613039	DNA/TcMar-Tigger	1688	+	186	136612852	2390
chr9	4692878	4892878	harbor2	chr9	4699223	4699430	DNA/TcMar-Tigger	1040	+	104	4699327	6449
chr9	4692878	4892878	harbor2	chr9	4717561	4717883	DNA/TcMar-Tigger	1697	+	161	4717722	24844
chr9	4692878	4892878	harbor2	chr9	4731772	4731939	DNA/TcMar-Tigger	2134	+	84	4731856	38978
chr9	4692878	4892878	harbor2	chr9	4732248	4732475	DNA/TcMar-Tigger	2134	+	114	4732362	39484
chr9	4886398	5086398	harbor2	chr9	4973920	4974451	DNA/TcMar-Tigger	3228	+	266	4974186	87788
chr9	131637199	131837199	harbor2	chr9	131685839	131686124	DNA/TcMar-Tigger	673	+	142	131685981	48782
chr9	131637199	131837199	harbor2	chr9	131686331	131686385	DNA/TcMar-Tigger	673	+	27	131686358	49159
chr9	131637199	131837199	harbor2	chr9	131721651	131721972	DNA/TcMar-Tigger	1916	+	160	131721811	84612
chr9	131637199	131837199	harbor2	chr9	131723995	131724205	DNA/TcMar-Tigger	598	+	105	131724100	86901
chr9	124315514	124515514	harbor2	chr9	124365558	124365641	DNA/TcMar-Tigger	476	+	42	124365600	50086
chr9	124315514	124515514	harbor2	chr9	124365966	124366130	DNA/TcMar-Tigger	3829	+	82	124366048	50534
chr9	124315514	124515514	harbor2	chr9	124366404	124367014	DNA/TcMar-Tigger	3829	+	305	124366709	51195
chr9	91845860	92045860	harbor2	chr9	91874630	91874655	DNA/TcMar-Tigger	541	+	12	91874642	28782
chr9	91845860	92045860	harbor2	chr9	91874958	91875170	DNA/TcMar-Tigger	541	+	106	91875064	29204
chr9	91845860	92045860	harbor2	chr9	91882980	91883195	DNA/TcMar-Tigger	939	+	108	91883088	37228
chr9	91845860	92045860	harbor2	chr9	91881354	91881553	DNA/TcMar-Tigger	1234	+	100	91881454	35594
chr9	134036111	134236111	harbor2	chr9	134038646	134038906	DNA/TcMar-Tigger	1060	+	130	134038776	2665
chr9	134036111	134236111	harbor2	chr9	134087381	134087511	DNA/TcMar-Tigger	573	+	65	134087446	51335
chr9	134036111	134236111	harbor2	chr9	134086630	134086767	DNA/TcMar-Tigger	768	+	68	134086698	50587
chr9	5394375	5594375	harbor2	chr9	5427006	5427700	DNA/TcMar-Tigger	2902	+	347	5427353	32978
chr9	5394375	5594375	harbor2	chr9	5484555	5484613	DNA/TcMar-Tigger	621	+	29	5484584	90209
chr9	5394375	5594375	harbor2	chr9	5484745	5484813	DNA/TcMar-Tigger	621	+	34	5484779	90404
chr9	5394375	5594375	harbor2	chr9	5484897	5485018	DNA/TcMar-Tigger	755	+	60	5484957	90582
chr9	67768338	67968338	harbor2	chr9	67811912	67812244	DNA/TcMar-Tigger	1358	+	166	67812078	43740
chr9	130839891	131039891	harbor2	chr9	130850126	130850500	DNA/TcMar-Tigger	1084	+	187	130850313	10422
chr9	130839891	131039891	harbor2	chr9	130850807	130850873	DNA/TcMar-Tigger	1084	+	33	130850840	10949
chr9	130839891	131039891	harbor2	chr9	130864784	130865059	DNA/TcMar-Tigger	639	+	138	130864922	25031
chr9	130839891	131039891	harbor2	chr9	130865909	130866143	DNA/TcMar-Tigger	1265	+	117	130866026	26135
chr9	4885182	5085182	harbor2	chr9	4973920	4974451	DNA/TcMar-Tigger	3228	+	266	4974186	89004
chr9	4889318	5089318	harbor2	chr9	4973920	4974451	DNA/TcMar-Tigger	3228	+	266	4974186	84868
chr9	4884847	5084847	harbor2	chr9	4973920	4974451	DNA/TcMar-Tigger	3228	+	266	4974186	89339
chr9	19342296	19542296	harbor2	chr9	19384842	19384940	DNA/TcMar-Tigger	506	+	49	19384891	42595
chr9	4885867	5085867	harbor2	chr9	4973920	4974451	DNA/TcMar-Tigger	3228	+	266	4974186	88319
chr9	4692808	4892808	harbor2	chr9	4699223	4699430	DNA/TcMar-Tigger	1040	+	104	4699327	6519
chr9	4692808	4892808	harbor2	chr9	4717561	4717883	DNA/TcMar-Tigger	1697	+	161	4717722	24914
chr9	4692808	4892808	harbor2	chr9	4731772	4731939	DNA/TcMar-Tigger	2134	+	84	4731856	39048
chr9	4692808	4892808	harbor2	chr9	4732248	4732475	DNA/TcMar-Tigger	2134	+	114	4732362	39554
chr9	4886482	5086482	harbor2	chr9	4973920	4974451	DNA/TcMar-Tigger	3228	+	266	4974186	87704
chr9	4884812	5084812	harbor2	chr9	4973920	4974451	DNA/TcMar-Tigger	3228	+	266	4974186	89374
chr9	4692907	4892907	harbor2	chr9	4699223	4699430	DNA/TcMar-Tigger	1040	+	104	4699327	6420
chr9	4692907	4892907	harbor2	chr9	4717561	4717883	DNA/TcMar-Tigger	1697	+	161	4717722	24815
chr9	4692907	4892907	harbor2	chr9	4731772	4731939	DNA/TcMar-Tigger	2134	+	84	4731856	38949
chr9	4692907	4892907	harbor2	chr9	4732248	4732475	DNA/TcMar-Tigger	2134	+	114	4732362	39455
chr9	4694161	4894161	harbor2	chr9	4699223	4699430	DNA/TcMar-Tigger	1040	+	104	4699327	5166
chr9	4694161	4894161	harbor2	chr9	4717561	4717883	DNA/TcMar-Tigger	1697	+	161	4717722	23561
chr9	4694161	4894161	harbor2	chr9	4731772	4731939	DNA/TcMar-Tigger	2134	+	84	4731856	37695
chr9	4694161	4894161	harbor2	chr9	4732248	4732475	DNA/TcMar-Tigger	2134	+	114	4732362	38201
chr9	68607235	68807235	harbor2	chr9	68666555	68666893	DNA/TcMar-Tigger	2287	+	169	68666724	59489
chr9	4884845	5084845	harbor2	chr9	4973920	4974451	DNA/TcMar-Tigger	3228	+	266	4974186	89341
chr9	4885145	5085145	harbor2	chr9	4973920	4974451	DNA/TcMar-Tigger	3228	+	266	4974186	89041
chr9	4886035	5086035	harbor2	chr9	4973920	4974451	DNA/TcMar-Tigger	3228	+	266	4974186	88151
chr9	4887289	5087289	harbor2	chr9	4973920	4974451	DNA/TcMar-Tigger	3228	+	266	4974186	86897
chr9	4886440	5086440	harbor2	chr9	4973920	4974451	DNA/TcMar-Tigger	3228	+	266	4974186	87746
chr9	134036117	134236117	harbor2	chr9	134038646	134038906	DNA/TcMar-Tigger	1060	+	130	134038776	2659
chr9	134036117	134236117	harbor2	chr9	134087381	134087511	DNA/TcMar-Tigger	573	+	65	134087446	51329
chr9	134036117	134236117	harbor2	chr9	134086630	134086767	DNA/TcMar-Tigger	768	+	68	134086698	50581
chr9	4693547	4893547	harbor2	chr9	4699223	4699430	DNA/TcMar-Tigger	1040	+	104	4699327	5780
chr9	4693547	4893547	harbor2	chr9	4717561	4717883	DNA/TcMar-Tigger	1697	+	161	4717722	24175
chr9	4693547	4893547	harbor2	chr9	4731772	4731939	DNA/TcMar-Tigger	2134	+	84	4731856	38309
chr9	4693547	4893547	harbor2	chr9	4732248	4732475	DNA/TcMar-Tigger	2134	+	114	4732362	38815
chr9	4886206	5086206	harbor2	chr9	4973920	4974451	DNA/TcMar-Tigger	3228	+	266	4974186	87980
chr9	4885197	5085197	harbor2	chr9	4973920	4974451	DNA/TcMar-Tigger	3228	+	266	4974186	88989
chr9	87628195	87828195	harbor2	chr9	87682953	87683072	DNA/TcMar-Tigger	474	+	60	87683013	54818
chr9	4692770	4892770	harbor2	chr9	4699223	4699430	DNA/TcMar-Tigger	1040	+	104	4699327	6557
chr9	4692770	4892770	harbor2	chr9	4717561	4717883	DNA/TcMar-Tigger	1697	+	161	4717722	24952
chr9	4692770	4892770	harbor2	chr9	4731772	4731939	DNA/TcMar-Tigger	2134	+	84	4731856	39086
chr9	4692770	4892770	harbor2	chr9	4732248	4732475	DNA/TcMar-Tigger	2134	+	114	4732362	39592
chr9	97885753	98085753	harbor2	chr9	97886345	97886398	DNA/TcMar-Tigger	904	+	26	97886371	618
chr9	97885753	98085753	harbor2	chr9	97886705	97886818	DNA/TcMar-Tigger	904	+	56	97886761	1008
chr9	97885753	98085753	harbor2	chr9	97886811	97886833	DNA/TcMar-Tigger	802	+	11	97886822	1069
chr9	97885753	98085753	harbor2	chr9	97887074	97887245	DNA/TcMar-Tigger	802	+	86	97887160	1407
chr9	4692800	4892800	harbor2	chr9	4699223	4699430	DNA/TcMar-Tigger	1040	+	104	4699327	6527
chr9	4692800	4892800	harbor2	chr9	4717561	4717883	DNA/TcMar-Tigger	1697	+	161	4717722	24922
chr9	4692800	4892800	harbor2	chr9	4731772	4731939	DNA/TcMar-Tigger	2134	+	84	4731856	39056
chr9	4692800	4892800	harbor2	chr9	4732248	4732475	DNA/TcMar-Tigger	2134	+	114	4732362	39562
chr9	137215164	137415164	harbor2	chr9	137269486	137269759	DNA/TcMar-Tigger	901	+	136	137269622	54458
chr9	68619252	68819252	harbor2	chr9	68666555	68666893	DNA/TcMar-Tigger	2287	+	169	68666724	47472
chr9	4884895	5084895	harbor2	chr9	4973920	4974451	DNA/TcMar-Tigger	3228	+	266	4974186	89291
chr9	85705754	85905754	harbor2	chr9	85768338	85768546	DNA/TcMar-Tigger	1004	+	104	85768442	62688
chr9	4884866	5084866	harbor2	chr9	4973920	4974451	DNA/TcMar-Tigger	3228	+	266	4974186	89320
chr9	4692867	4892867	harbor2	chr9	4699223	4699430	DNA/TcMar-Tigger	1040	+	104	4699327	6460
chr9	4692867	4892867	harbor2	chr9	4717561	4717883	DNA/TcMar-Tigger	1697	+	161	4717722	24855
chr9	4692867	4892867	harbor2	chr9	4731772	4731939	DNA/TcMar-Tigger	2134	+	84	4731856	38989
chr9	4692867	4892867	harbor2	chr9	4732248	4732475	DNA/TcMar-Tigger	2134	+	114	4732362	39495
chr9	112726256	112926256	harbor2	chr9	112822650	112823091	DNA/TcMar-Tigger	1600	+	220	112822870	96614
chr9	112726256	112926256	harbor2	chr9	112823170	112823295	DNA/TcMar-Tigger	804	+	62	112823232	96976
chr9	27249897	27449897	harbor2	chr9	27347652	27348002	DNA/TcMar-Tigger	2406	+	175	27347827	97930
chr9	35657152	35857152	harbor2	chr9	35742868	35743168	DNA/TcMar-Tigger	1402	+	150	35743018	85866
chr9	4692804	4892804	harbor2	chr9	4699223	4699430	DNA/TcMar-Tigger	1040	+	104	4699327	6523
chr9	4692804	4892804	harbor2	chr9	4717561	4717883	DNA/TcMar-Tigger	1697	+	161	4717722	24918
chr9	4692804	4892804	harbor2	chr9	4731772	4731939	DNA/TcMar-Tigger	2134	+	84	4731856	39052
chr9	4692804	4892804	harbor2	chr9	4732248	4732475	DNA/TcMar-Tigger	2134	+	114	4732362	39558
chr9	135601618	135801618	harbor2	chr9	135645318	135645623	DNA/TcMar-Tigger	1043	+	152	135645470	43852
chr9	4884763	5084763	harbor2	chr9	4973920	4974451	DNA/TcMar-Tigger	3228	+	266	4974186	89423
chr9	128981398	129181398	harbor2	chr9	129057908	129058114	DNA/TcMar-Tigger	782	+	103	129058011	76613
chr9	128981398	129181398	harbor2	chr9	129058421	129058450	DNA/TcMar-Tigger	782	+	14	129058435	77037
chr9	5027062	5227062	harbor2	chr9	5039219	5039550	DNA/TcMar-Tigger	1920	+	166	5039385	12323
chr9	5027062	5227062	harbor2	chr9	5062078	5062316	DNA/TcMar-Tigger	1456	+	119	5062197	35135
chr9	5027062	5227062	harbor2	chr9	5074283	5076678	DNA/TcMar-Tigger	14298	+	1198	5075481	48419
chr9	4692864	4892864	harbor2	chr9	4699223	4699430	DNA/TcMar-Tigger	1040	+	104	4699327	6463
chr9	4692864	4892864	harbor2	chr9	4717561	4717883	DNA/TcMar-Tigger	1697	+	161	4717722	24858
chr9	4692864	4892864	harbor2	chr9	4731772	4731939	DNA/TcMar-Tigger	2134	+	84	4731856	38992
chr9	4692864	4892864	harbor2	chr9	4732248	4732475	DNA/TcMar-Tigger	2134	+	114	4732362	39498
chr9	87687012	87887012	harbor2	chr9	87783087	87783184	DNA/TcMar-Tigger	624	+	48	87783135	96123
chr9	105154708	105354708	harbor2	chr9	105164091	105164390	DNA/TcMar-Tigger	1238	+	150	105164241	9533
chr9	112749826	112949826	harbor2	chr9	112822650	112823091	DNA/TcMar-Tigger	1600	+	220	112822870	73044
chr9	112749826	112949826	harbor2	chr9	112823170	112823295	DNA/TcMar-Tigger	804	+	62	112823232	73406
chr9	112749826	112949826	harbor2	chr9	112828171	112828500	DNA/TcMar-Tigger	2005	+	164	112828335	78509
chr9	4884860	5084860	harbor2	chr9	4973920	4974451	DNA/TcMar-Tigger	3228	+	266	4974186	89326
chr9	4885129	5085129	harbor2	chr9	4973920	4974451	DNA/TcMar-Tigger	3228	+	266	4974186	89057
chr9	4692777	4892777	harbor2	chr9	4699223	4699430	DNA/TcMar-Tigger	1040	+	104	4699327	6550
chr9	4692777	4892777	harbor2	chr9	4717561	4717883	DNA/TcMar-Tigger	1697	+	161	4717722	24945
chr9	4692777	4892777	harbor2	chr9	4731772	4731939	DNA/TcMar-Tigger	2134	+	84	4731856	39079
chr9	4692777	4892777	harbor2	chr9	4732248	4732475	DNA/TcMar-Tigger	2134	+	114	4732362	39585
chr9	137179462	137379462	harbor2	chr9	137269486	137269759	DNA/TcMar-Tigger	901	+	136	137269622	90160
chr9	136843738	137043738	harbor2	chr9	136915510	136915681	DNA/TcMar-Tigger	645	+	86	136915596	71858
chr9	35629934	35829934	harbor2	chr9	35652520	35652747	DNA/TcMar-Tigger	1450	+	114	35652634	22700
chr9	4885175	5085175	harbor2	chr9	4973920	4974451	DNA/TcMar-Tigger	3228	+	266	4974186	89011
chr9	38155453	38355453	harbor2	chr9	38205827	38206160	DNA/TcMar-Tigger	2194	+	166	38205993	50540
chr9	137215323	137415323	harbor2	chr9	137269486	137269759	DNA/TcMar-Tigger	901	+	136	137269622	54299
chr9	4886443	5086443	harbor2	chr9	4973920	4974451	DNA/TcMar-Tigger	3228	+	266	4974186	87743
chr9	4889439	5089439	harbor2	chr9	4973920	4974451	DNA/TcMar-Tigger	3228	+	266	4974186	84747
chr9	4889480	5089480	harbor2	chr9	4973920	4974451	DNA/TcMar-Tigger	3228	+	266	4974186	84706
chr9	4886329	5086329	harbor2	chr9	4973920	4974451	DNA/TcMar-Tigger	3228	+	266	4974186	87857
chr9	4725632	4925632	harbor2	chr9	4731772	4731939	DNA/TcMar-Tigger	2134	+	84	4731856	6224
chr9	4725632	4925632	harbor2	chr9	4732248	4732475	DNA/TcMar-Tigger	2134	+	114	4732362	6730
chr9	4693424	4893424	harbor2	chr9	4699223	4699430	DNA/TcMar-Tigger	1040	+	104	4699327	5903
chr9	4693424	4893424	harbor2	chr9	4717561	4717883	DNA/TcMar-Tigger	1697	+	161	4717722	24298
chr9	4693424	4893424	harbor2	chr9	4731772	4731939	DNA/TcMar-Tigger	2134	+	84	4731856	38432
chr9	4693424	4893424	harbor2	chr9	4732248	4732475	DNA/TcMar-Tigger	2134	+	114	4732362	38938
chr9	137214922	137414922	harbor2	chr9	137269486	137269759	DNA/TcMar-Tigger	901	+	136	137269622	54700
chr9	133962159	134162159	harbor2	chr9	134038646	134038906	DNA/TcMar-Tigger	1060	+	130	134038776	76617
chr9	6727745	6927745	harbor2	chr9	6780147	6780439	DNA/TcMar-Tigger	610	+	146	6780293	52548
chr9	6727745	6927745	harbor2	chr9	6815605	6815834	DNA/TcMar-Tigger	858	+	114	6815719	87974
chr9	4694515	4894515	harbor2	chr9	4699223	4699430	DNA/TcMar-Tigger	1040	+	104	4699327	4812
chr9	4694515	4894515	harbor2	chr9	4717561	4717883	DNA/TcMar-Tigger	1697	+	161	4717722	23207
chr9	4694515	4894515	harbor2	chr9	4731772	4731939	DNA/TcMar-Tigger	2134	+	84	4731856	37341
chr9	4694515	4894515	harbor2	chr9	4732248	4732475	DNA/TcMar-Tigger	2134	+	114	4732362	37847
chr9	4884829	5084829	harbor2	chr9	4973920	4974451	DNA/TcMar-Tigger	3228	+	266	4974186	89357
chr9	36902991	37102991	harbor2	chr9	36917692	36918384	DNA/TcMar-Tigger	15023	+	346	36918038	15047
chr9	36902991	37102991	harbor2	chr9	36918678	36919561	DNA/TcMar-Tigger	15023	+	442	36919120	16129
chr9	36902991	37102991	harbor2	chr9	36919868	36920575	DNA/TcMar-Tigger	15023	+	354	36920222	17231
chr9	36902991	37102991	harbor2	chr9	36921113	36921229	DNA/TcMar-Tigger	729	+	58	36921171	18180
chr9	36902991	37102991	harbor2	chr9	36991695	36991988	DNA/TcMar-Tigger	668	+	146	36991841	88850
chr9	4693490	4893490	harbor2	chr9	4699223	4699430	DNA/TcMar-Tigger	1040	+	104	4699327	5837
chr9	4693490	4893490	harbor2	chr9	4717561	4717883	DNA/TcMar-Tigger	1697	+	161	4717722	24232
chr9	4693490	4893490	harbor2	chr9	4731772	4731939	DNA/TcMar-Tigger	2134	+	84	4731856	38366
chr9	4693490	4893490	harbor2	chr9	4732248	4732475	DNA/TcMar-Tigger	2134	+	114	4732362	38872
chr9	4692797	4892797	harbor2	chr9	4699223	4699430	DNA/TcMar-Tigger	1040	+	104	4699327	6530
chr9	4692797	4892797	harbor2	chr9	4717561	4717883	DNA/TcMar-Tigger	1697	+	161	4717722	24925
chr9	4692797	4892797	harbor2	chr9	4731772	4731939	DNA/TcMar-Tigger	2134	+	84	4731856	39059
chr9	4692797	4892797	harbor2	chr9	4732248	4732475	DNA/TcMar-Tigger	2134	+	114	4732362	39565
chr9	135602393	135802393	harbor2	chr9	135645318	135645623	DNA/TcMar-Tigger	1043	+	152	135645470	43077
chr9	134036096	134236096	harbor2	chr9	134038646	134038906	DNA/TcMar-Tigger	1060	+	130	134038776	2680
chr9	134036096	134236096	harbor2	chr9	134087381	134087511	DNA/TcMar-Tigger	573	+	65	134087446	51350
chr9	134036096	134236096	harbor2	chr9	134086630	134086767	DNA/TcMar-Tigger	768	+	68	134086698	50602
chr9	4641242	4841242	harbor2	chr9	4699223	4699430	DNA/TcMar-Tigger	1040	+	104	4699327	58085
chr9	4641242	4841242	harbor2	chr9	4717561	4717883	DNA/TcMar-Tigger	1697	+	161	4717722	76480
chr9	4641242	4841242	harbor2	chr9	4731772	4731939	DNA/TcMar-Tigger	2134	+	84	4731856	90614
chr9	4641242	4841242	harbor2	chr9	4732248	4732475	DNA/TcMar-Tigger	2134	+	114	4732362	91120
chr9	133248112	133448112	harbor2	chr9	133262715	133262815	DNA/TcMar-Tigger	1946	+	50	133262765	14653
chr9	133248112	133448112	harbor2	chr9	133263131	133263200	DNA/TcMar-Tigger	1946	+	34	133263165	15053
chr9	133248112	133448112	harbor2	chr9	133263473	133263673	DNA/TcMar-Tigger	1946	+	100	133263573	15461
chr9	111563686	111763686	harbor2	chr9	111576253	111576449	DNA/TcMar-Tigger	813	+	98	111576351	12665
chr9	4884856	5084856	harbor2	chr9	4973920	4974451	DNA/TcMar-Tigger	3228	+	266	4974186	89330
chr9	4692893	4892893	harbor2	chr9	4699223	4699430	DNA/TcMar-Tigger	1040	+	104	4699327	6434
chr9	4692893	4892893	harbor2	chr9	4717561	4717883	DNA/TcMar-Tigger	1697	+	161	4717722	24829
chr9	4692893	4892893	harbor2	chr9	4731772	4731939	DNA/TcMar-Tigger	2134	+	84	4731856	38963
chr9	4692893	4892893	harbor2	chr9	4732248	4732475	DNA/TcMar-Tigger	2134	+	114	4732362	39469
chr9	4885087	5085087	harbor2	chr9	4973920	4974451	DNA/TcMar-Tigger	3228	+	266	4974186	89099
chr9	4694556	4894556	harbor2	chr9	4699223	4699430	DNA/TcMar-Tigger	1040	+	104	4699327	4771
chr9	4694556	4894556	harbor2	chr9	4717561	4717883	DNA/TcMar-Tigger	1697	+	161	4717722	23166
chr9	4694556	4894556	harbor2	chr9	4731772	4731939	DNA/TcMar-Tigger	2134	+	84	4731856	37300
chr9	4694556	4894556	harbor2	chr9	4732248	4732475	DNA/TcMar-Tigger	2134	+	114	4732362	37806
chr9	4886608	5086608	harbor2	chr9	4973920	4974451	DNA/TcMar-Tigger	3228	+	266	4974186	87578
chr9	137214569	137414569	harbor2	chr9	137269486	137269759	DNA/TcMar-Tigger	901	+	136	137269622	55053
chr9	4885766	5085766	harbor2	chr9	4973920	4974451	DNA/TcMar-Tigger	3228	+	266	4974186	88420
chr9	4692786	4892786	harbor2	chr9	4699223	4699430	DNA/TcMar-Tigger	1040	+	104	4699327	6541
chr9	4692786	4892786	harbor2	chr9	4717561	4717883	DNA/TcMar-Tigger	1697	+	161	4717722	24936
chr9	4692786	4892786	harbor2	chr9	4731772	4731939	DNA/TcMar-Tigger	2134	+	84	4731856	39070
chr9	4692786	4892786	harbor2	chr9	4732248	4732475	DNA/TcMar-Tigger	2134	+	114	4732362	39576
chr9	134036081	134236081	harbor2	chr9	134038646	134038906	DNA/TcMar-Tigger	1060	+	130	134038776	2695
chr9	134036081	134236081	harbor2	chr9	134087381	134087511	DNA/TcMar-Tigger	573	+	65	134087446	51365
chr9	134036081	134236081	harbor2	chr9	134086630	134086767	DNA/TcMar-Tigger	768	+	68	134086698	50617
chr9	4884865	5084865	harbor2	chr9	4973920	4974451	DNA/TcMar-Tigger	3228	+	266	4974186	89321
chr9	135594610	135794610	harbor2	chr9	135645318	135645623	DNA/TcMar-Tigger	1043	+	152	135645470	50860
chr10	103893614	104093614	harbor2	chr10	103982607	103982811	DNA/TcMar-Tigger	1031	+	102	103982709	89095
chr10	103893614	104093614	harbor2	chr10	103983069	103983159	DNA/TcMar-Tigger	572	+	45	103983114	89500
chr10	103893614	104093614	harbor2	chr10	103984973	103985289	DNA/TcMar-Tigger	1930	+	158	103985131	91517
chr10	75729207	75929207	harbor2	chr10	75748975	75749406	DNA/TcMar-Tigger	2487	+	216	75749191	19984
chr10	14779254	14979254	harbor2	chr10	14783107	14783404	DNA/TcMar-Tigger	1400	+	148	14783255	4001
chr10	14779254	14979254	harbor2	chr10	14820336	14820444	DNA/TcMar-Tigger	933	+	54	14820390	41136
chr10	14779254	14979254	harbor2	chr10	14820742	14820773	DNA/TcMar-Tigger	933	+	16	14820758	41504
chr10	14779254	14979254	harbor2	chr10	14821462	14821555	DNA/TcMar-Tigger	933	+	46	14821508	42254
chr10	14778679	14978679	harbor2	chr10	14783107	14783404	DNA/TcMar-Tigger	1400	+	148	14783255	4576
chr10	14778679	14978679	harbor2	chr10	14820336	14820444	DNA/TcMar-Tigger	933	+	54	14820390	41711
chr10	14778679	14978679	harbor2	chr10	14820742	14820773	DNA/TcMar-Tigger	933	+	16	14820758	42079
chr10	14778679	14978679	harbor2	chr10	14821462	14821555	DNA/TcMar-Tigger	933	+	46	14821508	42829
chr10	103296527	103496527	harbor2	chr10	103307773	103307863	DNA/TcMar-Tigger	562	+	45	103307818	11291
chr10	103296527	103496527	harbor2	chr10	103360400	103360617	DNA/TcMar-Tigger	1909	+	108	103360508	63981
chr10	103296527	103496527	harbor2	chr10	103360928	103361051	DNA/TcMar-Tigger	1909	+	62	103360990	64463
chr10	103296527	103496527	harbor2	chr10	103361348	103361437	DNA/TcMar-Tigger	1909	+	44	103361392	64865
chr10	103296527	103496527	harbor2	chr10	103361436	103361780	DNA/TcMar-Tigger	2201	+	172	103361608	65081
chr10	103296527	103496527	harbor2	chr10	103362080	103362141	DNA/TcMar-Tigger	2201	+	30	103362110	65583
chr10	103296527	103496527	harbor2	chr10	103362444	103362574	DNA/TcMar-Tigger	2201	+	65	103362509	65982
chr10	103296527	103496527	harbor2	chr10	103362867	103362917	DNA/TcMar-Tigger	2201	+	25	103362892	66365
chr10	97398820	97598820	harbor2	chr10	97448786	97448965	DNA/TcMar-Tigger	1061	+	90	97448876	50056
chr10	22337523	22537523	harbor2	chr10	22372142	22372247	DNA/TcMar-Tigger	525	+	52	22372194	34671
chr10	14778676	14978676	harbor2	chr10	14783107	14783404	DNA/TcMar-Tigger	1400	+	148	14783255	4579
chr10	14778676	14978676	harbor2	chr10	14820336	14820444	DNA/TcMar-Tigger	933	+	54	14820390	41714
chr10	14778676	14978676	harbor2	chr10	14820742	14820773	DNA/TcMar-Tigger	933	+	16	14820758	42082
chr10	14778676	14978676	harbor2	chr10	14821462	14821555	DNA/TcMar-Tigger	933	+	46	14821508	42832
chr10	97415128	97615128	harbor2	chr10	97448786	97448965	DNA/TcMar-Tigger	1061	+	90	97448876	33748
chr10	97673442	97873442	harbor2	chr10	97676193	97676474	DNA/TcMar-Tigger	712	+	140	97676333	2891
chr10	97673442	97873442	harbor2	chr10	97681956	97682134	DNA/TcMar-Tigger	779	+	89	97682045	8603
chr10	97678598	97878598	harbor2	chr10	97681956	97682134	DNA/TcMar-Tigger	779	+	89	97682045	3447
chr10	133106978	133306978	harbor2	chr10	133118260	133118357	DNA/TcMar-Tigger	852	+	48	133118308	11330
chr10	133106978	133306978	harbor2	chr10	133118773	133118856	DNA/TcMar-Tigger	852	+	42	133118815	11837
chr10	97678599	97878599	harbor2	chr10	97681956	97682134	DNA/TcMar-Tigger	779	+	89	97682045	3446
chr10	23340660	23540660	harbor2	chr10	23351028	23351090	DNA/TcMar-Tigger	463	+	31	23351059	10399
chr10	23340660	23540660	harbor2	chr10	23351216	23351474	DNA/TcMar-Tigger	463	+	129	23351345	10685
chr10	101132788	101332788	harbor2	chr10	101168395	101168715	DNA/TcMar-Tigger	1718	+	160	101168555	35767
chr10	97398798	97598798	harbor2	chr10	97448786	97448965	DNA/TcMar-Tigger	1061	+	90	97448876	50078
chr10	75111508	75311508	harbor2	chr10	75159939	75160203	DNA/TcMar-Tigger	886	+	132	75160071	48563
chr10	75111508	75311508	harbor2	chr10	75160506	75160562	DNA/TcMar-Tigger	886	+	28	75160534	49026
chr10	75111508	75311508	harbor2	chr10	75195093	75195400	DNA/TcMar-Tigger	496	+	154	75195247	83739
chr10	72361013	72561013	harbor2	chr10	72391078	72391152	DNA/TcMar-Tigger	653	+	37	72391115	30102
chr10	72361013	72561013	harbor2	chr10	72391465	72391601	DNA/TcMar-Tigger	653	+	68	72391533	30520
chr10	72361013	72561013	harbor2	chr10	72391602	72391808	DNA/TcMar-Tigger	1049	+	103	72391705	30692
chr10	72361013	72561013	harbor2	chr10	72391776	72391953	DNA/TcMar-Tigger	784	+	88	72391864	30851
chr10	72361013	72561013	harbor2	chr10	72392093	72392259	DNA/TcMar-Tigger	492	+	83	72392176	31163
chr10	72361013	72561013	harbor2	chr10	72425965	72426052	DNA/TcMar-Tigger	990	+	44	72426009	64996
chr10	72361013	72561013	harbor2	chr10	72426320	72426398	DNA/TcMar-Tigger	990	+	39	72426359	65346
chr10	72361013	72561013	harbor2	chr10	72426698	72426797	DNA/TcMar-Tigger	990	+	50	72426748	65735
chr10	72361013	72561013	harbor2	chr10	72452562	72452684	DNA/TcMar-Tigger	607	+	61	72452623	91610
chr10	72361013	72561013	harbor2	chr10	72452667	72452765	DNA/TcMar-Tigger	617	+	49	72452716	91703
chr10	102013280	102213280	harbor2	chr10	102018452	102018674	DNA/TcMar-Tigger	6200	+	111	102018563	5283
chr10	102013280	102213280	harbor2	chr10	102018967	102019056	DNA/TcMar-Tigger	6200	+	44	102019011	5731
chr10	102013280	102213280	harbor2	chr10	102019349	102019645	DNA/TcMar-Tigger	6200	+	148	102019497	6217
chr10	102013280	102213280	harbor2	chr10	102019944	102020252	DNA/TcMar-Tigger	6200	+	154	102020098	6818
chr10	102013280	102213280	harbor2	chr10	102020867	102021085	DNA/TcMar-Tigger	6200	+	109	102020976	7696
chr10	102013280	102213280	harbor2	chr10	102021990	102022225	DNA/TcMar-Tigger	6200	+	118	102022108	8828
chr10	102013280	102213280	harbor2	chr10	102089525	102089806	DNA/TcMar-Tigger	671	+	140	102089665	76385
chr10	102013280	102213280	harbor2	chr10	102097364	102097605	DNA/TcMar-Tigger	1568	+	120	102097484	84204
chr10	6420714	6620714	harbor2	chr10	6439479	6439901	DNA/TcMar-Tigger	2549	+	211	6439690	18976
chr10	14778686	14978686	harbor2	chr10	14783107	14783404	DNA/TcMar-Tigger	1400	+	148	14783255	4569
chr10	14778686	14978686	harbor2	chr10	14820336	14820444	DNA/TcMar-Tigger	933	+	54	14820390	41704
chr10	14778686	14978686	harbor2	chr10	14820742	14820773	DNA/TcMar-Tigger	933	+	16	14820758	42072
chr10	14778686	14978686	harbor2	chr10	14821462	14821555	DNA/TcMar-Tigger	933	+	46	14821508	42822
chr10	22337530	22537530	harbor2	chr10	22372142	22372247	DNA/TcMar-Tigger	525	+	52	22372194	34664
chr10	122908712	123108712	harbor2	chr10	122946115	122946564	DNA/TcMar-Tigger	5761	+	224	122946339	37627
chr10	122908712	123108712	harbor2	chr10	123002923	123003023	DNA/TcMar-Tigger	519	+	50	123002973	94261
chr10	122908712	123108712	harbor2	chr10	123003254	123003469	DNA/TcMar-Tigger	1282	+	108	123003362	94650
chr10	122908712	123108712	harbor2	chr10	122945114	122945810	DNA/TcMar-Tigger	5761	+	348	122945462	36750
chr10	128440032	128640032	harbor2	chr10	128456633	128456998	DNA/TcMar-Tigger	684	+	182	128456815	16783
chr10	97436621	97636621	harbor2	chr10	97448786	97448965	DNA/TcMar-Tigger	1061	+	90	97448876	12255
chr10	122065358	122265358	harbor2	chr10	122127942	122128122	DNA/TcMar-Tigger	491	+	90	122128032	62674
chr10	122065358	122265358	harbor2	chr10	122135648	122136247	DNA/TcMar-Tigger	2728	+	300	122135948	70590
chr10	100679685	100879685	harbor2	chr10	100708418	100708453	DNA/TcMar-Tigger	1801	+	18	100708436	28751
chr10	100679685	100879685	harbor2	chr10	100708747	100709087	DNA/TcMar-Tigger	1801	+	170	100708917	29232
chr10	100679685	100879685	harbor2	chr10	100756404	100756700	DNA/TcMar-Tigger	1737	+	148	100756552	76867
chr10	97398789	97598789	harbor2	chr10	97448786	97448965	DNA/TcMar-Tigger	1061	+	90	97448876	50087
chr10	23210069	23410069	harbor2	chr10	23246580	23246700	DNA/TcMar-Tigger	713	+	60	23246640	36571
chr10	23210069	23410069	harbor2	chr10	23246687	23246830	DNA/TcMar-Tigger	746	+	72	23246759	36690
chr10	23210069	23410069	harbor2	chr10	23246985	23247583	DNA/TcMar-Tigger	3740	+	299	23247284	37215
chr10	33635957	33835957	harbor2	chr10	33698866	33699199	DNA/TcMar-Tigger	2093	+	166	33699032	63075
chr10	75120756	75320756	harbor2	chr10	75159939	75160203	DNA/TcMar-Tigger	886	+	132	75160071	39315
chr10	75120756	75320756	harbor2	chr10	75160506	75160562	DNA/TcMar-Tigger	886	+	28	75160534	39778
chr10	75120756	75320756	harbor2	chr10	75195093	75195400	DNA/TcMar-Tigger	496	+	154	75195247	74491
chr10	97398825	97598825	harbor2	chr10	97448786	97448965	DNA/TcMar-Tigger	1061	+	90	97448876	50051
chr10	100908386	101108386	harbor2	chr10	100913964	100914289	DNA/TcMar-Tigger	1327	+	162	100914126	5740
chr10	14854787	15054787	harbor2	chr10	14913583	14913889	DNA/TcMar-Tigger	1485	+	153	14913736	58949
chr10	14854787	15054787	harbor2	chr10	14916463	14916610	DNA/TcMar-Tigger	807	+	74	14916537	61750
chr10	114721684	114921684	harbor2	chr10	114818184	114818463	DNA/TcMar-Tigger	1616	+	140	114818324	96640
chr10	73817058	74017058	harbor2	chr10	73828749	73829045	DNA/TcMar-Tigger	686	+	148	73828897	11839
chr10	100897092	101097092	harbor2	chr10	100913964	100914289	DNA/TcMar-Tigger	1327	+	162	100914126	17034
chr10	97402257	97602257	harbor2	chr10	97448786	97448965	DNA/TcMar-Tigger	1061	+	90	97448876	46619
chr10	14908036	15108036	harbor2	chr10	14913583	14913889	DNA/TcMar-Tigger	1485	+	153	14913736	5700
chr10	14908036	15108036	harbor2	chr10	14916463	14916610	DNA/TcMar-Tigger	807	+	74	14916537	8501
chr10	14782782	14982782	harbor2	chr10	14783107	14783404	DNA/TcMar-Tigger	1400	+	148	14783255	473
chr10	14782782	14982782	harbor2	chr10	14820336	14820444	DNA/TcMar-Tigger	933	+	54	14820390	37608
chr10	14782782	14982782	harbor2	chr10	14820742	14820773	DNA/TcMar-Tigger	933	+	16	14820758	37976
chr10	14782782	14982782	harbor2	chr10	14821462	14821555	DNA/TcMar-Tigger	933	+	46	14821508	38726
chr10	46182801	46382801	harbor2	chr10	46262702	46262932	DNA/TcMar-Tigger	1036	+	115	46262817	80016
chr10	132811155	133011155	harbor2	chr10	132869910	132871979	DNA/TcMar-Tigger	11661	+	1034	132870944	59789
chr10	132811155	133011155	harbor2	chr10	132871986	132872186	DNA/TcMar-Tigger	930	+	100	132872086	60931
chr10	68161589	68361589	harbor2	chr10	68216079	68216857	DNA/TcMar-Tigger	15713	+	389	68216468	54879
chr10	68161589	68361589	harbor2	chr10	68217154	68218558	DNA/TcMar-Tigger	15713	+	702	68217856	56267
chr10	68161589	68361589	harbor2	chr10	68218871	68219044	DNA/TcMar-Tigger	15713	+	86	68218957	57368
chr10	68161589	68361589	harbor2	chr10	68224502	68224611	DNA/TcMar-Tigger	6519	+	54	68224556	62967
chr10	68161589	68361589	harbor2	chr10	68224977	68225414	DNA/TcMar-Tigger	6519	+	218	68225195	63606
chr10	68161589	68361589	harbor2	chr10	68225716	68226392	DNA/TcMar-Tigger	6519	+	338	68226054	64465
chr10	100085958	100285958	harbor2	chr10	100138160	100138452	DNA/TcMar-Tigger	1900	+	146	100138306	52348
chr10	100085958	100285958	harbor2	chr10	100138876	100138985	DNA/TcMar-Tigger	552	+	54	100138930	52972
chr10	100085958	100285958	harbor2	chr10	100164663	100165048	DNA/TcMar-Tigger	1742	+	192	100164855	78897
chr10	50611910	50811910	harbor2	chr10	50643375	50643921	DNA/TcMar-Tigger	3148	+	273	50643648	31738
chr10	13710585	13910585	harbor2	chr10	13748656	13748888	DNA/TcMar-Tigger	1393	+	116	13748772	38187
chr10	13710585	13910585	harbor2	chr10	13752759	13753048	DNA/TcMar-Tigger	610	+	144	13752903	42318
chr10	7134719	7334719	harbor2	chr10	7181260	7181426	DNA/TcMar-Tigger	613	+	83	7181343	46624
chr10	7134719	7334719	harbor2	chr10	7226725	7227000	DNA/TcMar-Tigger	737	+	138	7226863	92144
chr10	97399300	97599300	harbor2	chr10	97448786	97448965	DNA/TcMar-Tigger	1061	+	90	97448876	49576
chr10	48300059	48500059	harbor2	chr10	48341338	48341558	DNA/TcMar-Tigger	1230	+	110	48341448	41389
chr10	48300059	48500059	harbor2	chr10	48316140	48316469	DNA/TcMar-Tigger	2008	+	164	48316304	16245
chr10	97398808	97598808	harbor2	chr10	97448786	97448965	DNA/TcMar-Tigger	1061	+	90	97448876	50068
chr10	48455826	48655826	harbor2	chr10	48507184	48507495	DNA/TcMar-Tigger	597	+	156	48507340	51514
chr10	75111469	75311469	harbor2	chr10	75159939	75160203	DNA/TcMar-Tigger	886	+	132	75160071	48602
chr10	75111469	75311469	harbor2	chr10	75160506	75160562	DNA/TcMar-Tigger	886	+	28	75160534	49065
chr10	75111469	75311469	harbor2	chr10	75195093	75195400	DNA/TcMar-Tigger	496	+	154	75195247	83778
chr10	89151733	89351733	harbor2	chr10	89180369	89181001	DNA/TcMar-Tigger	3618	+	316	89180685	28952
chr10	89151733	89351733	harbor2	chr10	89216479	89216802	DNA/TcMar-Tigger	1198	+	162	89216641	64908
chr10	89151733	89351733	harbor2	chr10	89235920	89236991	DNA/TcMar-Tigger	16364	+	536	89236456	84723
chr10	89151733	89351733	harbor2	chr10	89237293	89238947	DNA/TcMar-Tigger	16364	+	827	89238120	86387
chr10	132813125	133013125	harbor2	chr10	132869910	132871979	DNA/TcMar-Tigger	11661	+	1034	132870944	57819
chr10	132813125	133013125	harbor2	chr10	132871986	132872186	DNA/TcMar-Tigger	930	+	100	132872086	58961
chr10	131149473	131349473	harbor2	chr10	131161080	131161412	DNA/TcMar-Tigger	1263	+	166	131161246	11773
chr10	131149473	131349473	harbor2	chr10	131208637	131208775	DNA/TcMar-Tigger	1413	+	69	131208706	59233
chr10	131149473	131349473	harbor2	chr10	131209075	131209280	DNA/TcMar-Tigger	1413	+	102	131209177	59704
chr10	131149473	131349473	harbor2	chr10	131242666	131242774	DNA/TcMar-Tigger	520	+	54	131242720	93247
chr10	22337540	22537540	harbor2	chr10	22372142	22372247	DNA/TcMar-Tigger	525	+	52	22372194	34654
chr10	131311786	131511786	harbor2	chr10	131352038	131352371	DNA/TcMar-Tigger	1530	+	166	131352204	40418
chr10	131311786	131511786	harbor2	chr10	131405840	131406456	DNA/TcMar-Tigger	2275	+	308	131406148	94362
chr10	14778685	14978685	harbor2	chr10	14783107	14783404	DNA/TcMar-Tigger	1400	+	148	14783255	4570
chr10	14778685	14978685	harbor2	chr10	14820336	14820444	DNA/TcMar-Tigger	933	+	54	14820390	41705
chr10	14778685	14978685	harbor2	chr10	14820742	14820773	DNA/TcMar-Tigger	933	+	16	14820758	42073
chr10	14778685	14978685	harbor2	chr10	14821462	14821555	DNA/TcMar-Tigger	933	+	46	14821508	42823
chr10	131334696	131534696	harbor2	chr10	131352038	131352371	DNA/TcMar-Tigger	1530	+	166	131352204	17508
chr10	131334696	131534696	harbor2	chr10	131405840	131406456	DNA/TcMar-Tigger	2275	+	308	131406148	71452
chr10	31829542	32029542	harbor2	chr10	31841363	31841787	DNA/TcMar-Tigger	2044	+	212	31841575	12033
chr10	31829542	32029542	harbor2	chr10	31878329	31878565	DNA/TcMar-Tigger	490	+	118	31878447	48905
chr10	31829542	32029542	harbor2	chr10	31898568	31898857	DNA/TcMar-Tigger	1698	+	144	31898712	69170
chr10	131311983	131511983	harbor2	chr10	131352038	131352371	DNA/TcMar-Tigger	1530	+	166	131352204	40221
chr10	131311983	131511983	harbor2	chr10	131405840	131406456	DNA/TcMar-Tigger	2275	+	308	131406148	94165
chr10	17267852	17467852	harbor2	chr10	17309414	17309765	DNA/TcMar-Tigger	1505	+	176	17309590	41738
chr10	17267852	17467852	harbor2	chr10	17365374	17365644	DNA/TcMar-Tigger	1229	+	135	17365509	97657
chr10	17267852	17467852	harbor2	chr10	17365643	17365740	DNA/TcMar-Tigger	521	+	48	17365691	97839
chr10	14778673	14978673	harbor2	chr10	14783107	14783404	DNA/TcMar-Tigger	1400	+	148	14783255	4582
chr10	14778673	14978673	harbor2	chr10	14820336	14820444	DNA/TcMar-Tigger	933	+	54	14820390	41717
chr10	14778673	14978673	harbor2	chr10	14820742	14820773	DNA/TcMar-Tigger	933	+	16	14820758	42085
chr10	14778673	14978673	harbor2	chr10	14821462	14821555	DNA/TcMar-Tigger	933	+	46	14821508	42835
chr10	46006333	46206333	harbor2	chr10	46006734	46007581	DNA/TcMar-Tigger	12479	+	424	46007158	825
chr10	46006333	46206333	harbor2	chr10	46007889	46009133	DNA/TcMar-Tigger	12479	+	622	46008511	2178
chr10	72525952	72725952	harbor2	chr10	72549985	72550185	DNA/TcMar-Tigger	1145	+	100	72550085	24133
chr10	72525952	72725952	harbor2	chr10	72550175	72550472	DNA/TcMar-Tigger	1963	+	148	72550323	24371
chr10	72525952	72725952	harbor2	chr10	72575437	72575931	DNA/TcMar-Tigger	9199	+	247	72575684	49732
chr10	72525952	72725952	harbor2	chr10	72576249	72577229	DNA/TcMar-Tigger	9199	+	490	72576739	50787
chr10	72525952	72725952	harbor2	chr10	72577527	72578265	DNA/TcMar-Tigger	9199	+	369	72577896	51944
chr10	72525952	72725952	harbor2	chr10	72578565	72578597	DNA/TcMar-Tigger	9199	+	16	72578581	52629
chr10	72525952	72725952	harbor2	chr10	72578905	72579066	DNA/TcMar-Tigger	9199	+	80	72578985	53033
chr10	72525952	72725952	harbor2	chr10	72579475	72579573	DNA/TcMar-Tigger	495	+	49	72579524	53572
chr10	72525952	72725952	harbor2	chr10	72579568	72580000	DNA/TcMar-Tigger	2293	+	216	72579784	53832
chr10	72525952	72725952	harbor2	chr10	72599341	72599644	DNA/TcMar-Tigger	1509	+	152	72599493	73541
chr10	72525952	72725952	harbor2	chr10	72599872	72600009	DNA/TcMar-Tigger	716	+	68	72599940	73988
chr10	72525952	72725952	harbor2	chr10	72600310	72600366	DNA/TcMar-Tigger	1699	+	28	72600338	74386
chr10	72525952	72725952	harbor2	chr10	72600677	72600896	DNA/TcMar-Tigger	1699	+	110	72600787	74835
chr10	72525952	72725952	harbor2	chr10	72605634	72605821	DNA/TcMar-Tigger	1054	+	94	72605728	79776
chr10	122066259	122266259	harbor2	chr10	122127942	122128122	DNA/TcMar-Tigger	491	+	90	122128032	61773
chr10	122066259	122266259	harbor2	chr10	122135648	122136247	DNA/TcMar-Tigger	2728	+	300	122135948	69689
chr10	132789479	132989479	harbor2	chr10	132869910	132871979	DNA/TcMar-Tigger	11661	+	1034	132870944	81465
chr10	132789479	132989479	harbor2	chr10	132871986	132872186	DNA/TcMar-Tigger	930	+	100	132872086	82607
chr10	131312053	131512053	harbor2	chr10	131352038	131352371	DNA/TcMar-Tigger	1530	+	166	131352204	40151
chr10	131312053	131512053	harbor2	chr10	131405840	131406456	DNA/TcMar-Tigger	2275	+	308	131406148	94095
chr10	100907566	101107566	harbor2	chr10	100913964	100914289	DNA/TcMar-Tigger	1327	+	162	100914126	6560
chr10	129341078	129541078	harbor2	chr10	129347019	129347247	DNA/TcMar-Tigger	833	+	114	129347133	6055
chr10	131329172	131529172	harbor2	chr10	131352038	131352371	DNA/TcMar-Tigger	1530	+	166	131352204	23032
chr10	131329172	131529172	harbor2	chr10	131405840	131406456	DNA/TcMar-Tigger	2275	+	308	131406148	76976
chr10	97402365	97602365	harbor2	chr10	97448786	97448965	DNA/TcMar-Tigger	1061	+	90	97448876	46511
chr10	14778687	14978687	harbor2	chr10	14783107	14783404	DNA/TcMar-Tigger	1400	+	148	14783255	4568
chr10	14778687	14978687	harbor2	chr10	14820336	14820444	DNA/TcMar-Tigger	933	+	54	14820390	41703
chr10	14778687	14978687	harbor2	chr10	14820742	14820773	DNA/TcMar-Tigger	933	+	16	14820758	42071
chr10	14778687	14978687	harbor2	chr10	14821462	14821555	DNA/TcMar-Tigger	933	+	46	14821508	42821
chr10	30719277	30919277	harbor2	chr10	30741505	30741844	DNA/TcMar-Tigger	1943	+	170	30741675	22398
chr10	43456881	43656881	harbor2	chr10	43462401	43462457	DNA/TcMar-Tigger	2663	+	28	43462429	5548
chr10	43456881	43656881	harbor2	chr10	43463690	43464171	DNA/TcMar-Tigger	2663	+	240	43463930	7049
chr10	43456881	43656881	harbor2	chr10	43467175	43467197	DNA/TcMar-Tigger	6605	+	11	43467186	10305
chr10	43456881	43656881	harbor2	chr10	43467503	43467535	DNA/TcMar-Tigger	6605	+	16	43467519	10638
chr10	43456881	43656881	harbor2	chr10	43467844	43468397	DNA/TcMar-Tigger	6605	+	276	43468120	11239
chr10	43456881	43656881	harbor2	chr10	43469019	43469189	DNA/TcMar-Tigger	6605	+	85	43469104	12223
chr10	43456881	43656881	harbor2	chr10	43469641	43469699	DNA/TcMar-Tigger	6605	+	29	43469670	12789
chr10	43456881	43656881	harbor2	chr10	43469965	43470142	DNA/TcMar-Tigger	6605	+	88	43470053	13172
chr10	43456881	43656881	harbor2	chr10	43502551	43502748	DNA/TcMar-Tigger	5536	+	98	43502649	45768
chr10	43456881	43656881	harbor2	chr10	43503049	43503595	DNA/TcMar-Tigger	5536	+	273	43503322	46441
chr10	43456881	43656881	harbor2	chr10	43503902	43504155	DNA/TcMar-Tigger	5536	+	126	43504028	47147
chr10	43456881	43656881	harbor2	chr10	43466700	43466877	DNA/TcMar-Tigger	6605	+	88	43466788	9907
chr10	14778684	14978684	harbor2	chr10	14783107	14783404	DNA/TcMar-Tigger	1400	+	148	14783255	4571
chr10	14778684	14978684	harbor2	chr10	14820336	14820444	DNA/TcMar-Tigger	933	+	54	14820390	41706
chr10	14778684	14978684	harbor2	chr10	14820742	14820773	DNA/TcMar-Tigger	933	+	16	14820758	42074
chr10	14778684	14978684	harbor2	chr10	14821462	14821555	DNA/TcMar-Tigger	933	+	46	14821508	42824
chr11	5127098	5327098	harbor2	chr11	5174295	5174495	DNA/TcMar-Tigger	830	+	100	5174395	47297
chr11	5127138	5327138	harbor2	chr11	5174295	5174495	DNA/TcMar-Tigger	830	+	100	5174395	47257
chr11	5127141	5327141	harbor2	chr11	5174295	5174495	DNA/TcMar-Tigger	830	+	100	5174395	47254
chr11	5127548	5327548	harbor2	chr11	5174295	5174495	DNA/TcMar-Tigger	830	+	100	5174395	46847
chr11	5127182	5327182	harbor2	chr11	5174295	5174495	DNA/TcMar-Tigger	830	+	100	5174395	47213
chr11	123512081	123712081	harbor2	chr11	123515340	123515501	DNA/TcMar-Tigger	839	+	80	123515420	3339
chr11	5127157	5327157	harbor2	chr11	5174295	5174495	DNA/TcMar-Tigger	830	+	100	5174395	47238
chr11	5128062	5328062	harbor2	chr11	5174295	5174495	DNA/TcMar-Tigger	830	+	100	5174395	46333
chr11	63803936	64003936	harbor2	chr11	63878704	63878945	DNA/TcMar-Tigger	506	+	120	63878824	74888
chr11	63803936	64003936	harbor2	chr11	63893670	63894008	DNA/TcMar-Tigger	1958	+	169	63893839	89903
chr11	73042807	73242807	harbor2	chr11	73086998	73087424	DNA/TcMar-Tigger	3317	+	213	73087211	44404
chr11	73042807	73242807	harbor2	chr11	73087721	73087907	DNA/TcMar-Tigger	3317	+	93	73087814	45007
chr11	73042807	73242807	harbor2	chr11	73088171	73088449	DNA/TcMar-Tigger	1889	+	139	73088310	45503
chr11	73042807	73242807	harbor2	chr11	73106628	73106943	DNA/TcMar-Tigger	1572	+	158	73106786	63979
chr11	5127137	5327137	harbor2	chr11	5174295	5174495	DNA/TcMar-Tigger	830	+	100	5174395	47258
chr11	5135292	5335292	harbor2	chr11	5174295	5174495	DNA/TcMar-Tigger	830	+	100	5174395	39103
chr11	24165672	24365672	harbor2	chr11	24179542	24180037	DNA/TcMar-Tigger	5375	+	248	24179790	14118
chr11	24165672	24365672	harbor2	chr11	24180339	24181014	DNA/TcMar-Tigger	5375	+	338	24180677	15005
chr11	24165672	24365672	harbor2	chr11	24193983	24194286	DNA/TcMar-Tigger	1562	+	152	24194135	28463
chr11	5127495	5327495	harbor2	chr11	5174295	5174495	DNA/TcMar-Tigger	830	+	100	5174395	46900
chr11	5128051	5328051	harbor2	chr11	5174295	5174495	DNA/TcMar-Tigger	830	+	100	5174395	46344
chr11	5134388	5334388	harbor2	chr11	5174295	5174495	DNA/TcMar-Tigger	830	+	100	5174395	40007
chr11	5128327	5328327	harbor2	chr11	5174295	5174495	DNA/TcMar-Tigger	830	+	100	5174395	46068
chr11	5127140	5327140	harbor2	chr11	5174295	5174495	DNA/TcMar-Tigger	830	+	100	5174395	47255
chr11	119281619	119481619	harbor2	chr11	119354737	119354973	DNA/TcMar-Tigger	1258	+	118	119354855	73236
chr11	5134538	5334538	harbor2	chr11	5174295	5174495	DNA/TcMar-Tigger	830	+	100	5174395	39857
chr11	5134084	5334084	harbor2	chr11	5174295	5174495	DNA/TcMar-Tigger	830	+	100	5174395	40311
chr11	5134540	5334540	harbor2	chr11	5174295	5174495	DNA/TcMar-Tigger	830	+	100	5174395	39855
chr11	5127159	5327159	harbor2	chr11	5174295	5174495	DNA/TcMar-Tigger	830	+	100	5174395	47236
chr11	5134020	5334020	harbor2	chr11	5174295	5174495	DNA/TcMar-Tigger	830	+	100	5174395	40375
chr11	5133982	5333982	harbor2	chr11	5174295	5174495	DNA/TcMar-Tigger	830	+	100	5174395	40413
chr11	5128415	5328415	harbor2	chr11	5174295	5174495	DNA/TcMar-Tigger	830	+	100	5174395	45980
chr11	5134352	5334352	harbor2	chr11	5174295	5174495	DNA/TcMar-Tigger	830	+	100	5174395	40043
chr11	5134552	5334552	harbor2	chr11	5174295	5174495	DNA/TcMar-Tigger	830	+	100	5174395	39843
chr11	65472319	65672319	harbor2	chr11	65495319	65495371	DNA/TcMar-Tigger	1116	+	26	65495345	23026
chr11	65472319	65672319	harbor2	chr11	65495684	65495920	DNA/TcMar-Tigger	1116	+	118	65495802	23483
chr11	65472319	65672319	harbor2	chr11	65527316	65527457	DNA/TcMar-Tigger	1250	+	70	65527386	55067
chr11	65472319	65672319	harbor2	chr11	65527754	65527853	DNA/TcMar-Tigger	1250	+	50	65527804	55485
chr11	5127124	5327124	harbor2	chr11	5174295	5174495	DNA/TcMar-Tigger	830	+	100	5174395	47271
chr11	5137986	5337986	harbor2	chr11	5174295	5174495	DNA/TcMar-Tigger	830	+	100	5174395	36409
chr11	5141739	5341739	harbor2	chr11	5174295	5174495	DNA/TcMar-Tigger	830	+	100	5174395	32656
chr11	5127119	5327119	harbor2	chr11	5174295	5174495	DNA/TcMar-Tigger	830	+	100	5174395	47276
chr11	5128030	5328030	harbor2	chr11	5174295	5174495	DNA/TcMar-Tigger	830	+	100	5174395	46365
chr11	5127097	5327097	harbor2	chr11	5174295	5174495	DNA/TcMar-Tigger	830	+	100	5174395	47298
chr11	5127546	5327546	harbor2	chr11	5174295	5174495	DNA/TcMar-Tigger	830	+	100	5174395	46849
chr11	5127094	5327094	harbor2	chr11	5174295	5174495	DNA/TcMar-Tigger	830	+	100	5174395	47301
chr11	5140721	5340721	harbor2	chr11	5174295	5174495	DNA/TcMar-Tigger	830	+	100	5174395	33674
chr11	20632633	20832633	harbor2	chr11	20677363	20677708	DNA/TcMar-Tigger	1011	+	172	20677535	44902
chr11	5127985	5327985	harbor2	chr11	5174295	5174495	DNA/TcMar-Tigger	830	+	100	5174395	46410
chr11	115396578	115596578	harbor2	chr11	115414698	115414984	DNA/TcMar-Tigger	1101	+	143	115414841	18263
chr11	5134553	5334553	harbor2	chr11	5174295	5174495	DNA/TcMar-Tigger	830	+	100	5174395	39842
chr11	44479732	44679732	harbor2	chr11	44557726	44557852	DNA/TcMar-Tigger	618	+	63	44557789	78057
chr11	44479732	44679732	harbor2	chr11	44558172	44558356	DNA/TcMar-Tigger	1004	+	92	44558264	78532
chr11	5127528	5327528	harbor2	chr11	5174295	5174495	DNA/TcMar-Tigger	830	+	100	5174395	46867
chr11	5127122	5327122	harbor2	chr11	5174295	5174495	DNA/TcMar-Tigger	830	+	100	5174395	47273
chr11	111441454	111641454	harbor2	chr11	111495810	111495978	DNA/TcMar-Tigger	855	+	84	111495894	54440
chr11	111441454	111641454	harbor2	chr11	111520603	111520837	DNA/TcMar-Tigger	1237	+	117	111520720	79266
chr11	111441454	111641454	harbor2	chr11	111520837	111521036	DNA/TcMar-Tigger	1235	+	100	111520937	79483
chr11	111441454	111641454	harbor2	chr11	111522697	111522841	DNA/TcMar-Tigger	2849	+	72	111522769	81315
chr11	111441454	111641454	harbor2	chr11	111523087	111523566	DNA/TcMar-Tigger	2849	+	240	111523327	81873
chr11	73152931	73352931	harbor2	chr11	73209337	73209663	DNA/TcMar-Tigger	2027	+	163	73209500	56569
chr11	73152931	73352931	harbor2	chr11	73246613	73247046	DNA/TcMar-Tigger	2751	+	216	73246829	93898
chr11	5134462	5334462	harbor2	chr11	5174295	5174495	DNA/TcMar-Tigger	830	+	100	5174395	39933
chr11	125389599	125589599	harbor2	chr11	125418706	125418994	DNA/TcMar-Tigger	1686	+	144	125418850	29251
chr11	125389599	125589599	harbor2	chr11	125488102	125488394	DNA/TcMar-Tigger	1572	+	146	125488248	98649
chr11	5135406	5335406	harbor2	chr11	5174295	5174495	DNA/TcMar-Tigger	830	+	100	5174395	38989
chr11	5134536	5334536	harbor2	chr11	5174295	5174495	DNA/TcMar-Tigger	830	+	100	5174395	39859
chr11	5141120	5341120	harbor2	chr11	5174295	5174495	DNA/TcMar-Tigger	830	+	100	5174395	33275
chr11	5127125	5327125	harbor2	chr11	5174295	5174495	DNA/TcMar-Tigger	830	+	100	5174395	47270
chr11	5145521	5345521	harbor2	chr11	5174295	5174495	DNA/TcMar-Tigger	830	+	100	5174395	28874
chr11	68651712	68851712	harbor2	chr11	68727614	68729244	DNA/TcMar-Tigger	14486	+	815	68728429	76717
chr11	68651712	68851712	harbor2	chr11	68729540	68730314	DNA/TcMar-Tigger	14486	+	387	68729927	78215
chr11	5134532	5334532	harbor2	chr11	5174295	5174495	DNA/TcMar-Tigger	830	+	100	5174395	39863
chr11	5127149	5327149	harbor2	chr11	5174295	5174495	DNA/TcMar-Tigger	830	+	100	5174395	47246
chr11	5128043	5328043	harbor2	chr11	5174295	5174495	DNA/TcMar-Tigger	830	+	100	5174395	46352
chr11	5129645	5329645	harbor2	chr11	5174295	5174495	DNA/TcMar-Tigger	830	+	100	5174395	44750
chr11	5134537	5334537	harbor2	chr11	5174295	5174495	DNA/TcMar-Tigger	830	+	100	5174395	39858
chr11	5145526	5345526	harbor2	chr11	5174295	5174495	DNA/TcMar-Tigger	830	+	100	5174395	28869
chr11	5134924	5334924	harbor2	chr11	5174295	5174495	DNA/TcMar-Tigger	830	+	100	5174395	39471
chr11	5127139	5327139	harbor2	chr11	5174295	5174495	DNA/TcMar-Tigger	830	+	100	5174395	47256
chr11	20061870	20261870	harbor2	chr11	20147034	20147188	DNA/TcMar-Tigger	1952	+	77	20147111	85241
chr11	20061870	20261870	harbor2	chr11	20147491	20147695	DNA/TcMar-Tigger	1952	+	102	20147593	85723
chr11	5503303	5703303	harbor2	chr11	5550041	5550348	DNA/TcMar-Tigger	1478	+	154	5550195	46892
chr11	5127134	5327134	harbor2	chr11	5174295	5174495	DNA/TcMar-Tigger	830	+	100	5174395	47261
chr11	5134274	5334274	harbor2	chr11	5174295	5174495	DNA/TcMar-Tigger	830	+	100	5174395	40121
chr11	5134545	5334545	harbor2	chr11	5174295	5174495	DNA/TcMar-Tigger	830	+	100	5174395	39850
chr11	5130232	5330232	harbor2	chr11	5174295	5174495	DNA/TcMar-Tigger	830	+	100	5174395	44163
chr11	5127145	5327145	harbor2	chr11	5174295	5174495	DNA/TcMar-Tigger	830	+	100	5174395	47250
chr11	63816020	64016020	harbor2	chr11	63878704	63878945	DNA/TcMar-Tigger	506	+	120	63878824	62804
chr11	63816020	64016020	harbor2	chr11	63893670	63894008	DNA/TcMar-Tigger	1958	+	169	63893839	77819
chr11	5134509	5334509	harbor2	chr11	5174295	5174495	DNA/TcMar-Tigger	830	+	100	5174395	39886
chr11	5127131	5327131	harbor2	chr11	5174295	5174495	DNA/TcMar-Tigger	830	+	100	5174395	47264
chr11	5135402	5335402	harbor2	chr11	5174295	5174495	DNA/TcMar-Tigger	830	+	100	5174395	38993
chr11	5127113	5327113	harbor2	chr11	5174295	5174495	DNA/TcMar-Tigger	830	+	100	5174395	47282
chr11	5127198	5327198	harbor2	chr11	5174295	5174495	DNA/TcMar-Tigger	830	+	100	5174395	47197
chr11	67172236	67372236	harbor2	chr11	67198283	67198441	DNA/TcMar-Tigger	11834	+	79	67198362	26126
chr11	67172236	67372236	harbor2	chr11	67198725	67198759	DNA/TcMar-Tigger	11834	+	17	67198742	26506
chr11	67172236	67372236	harbor2	chr11	67199079	67200217	DNA/TcMar-Tigger	11834	+	569	67199648	27412
chr11	67172236	67372236	harbor2	chr11	67200807	67200911	DNA/TcMar-Tigger	11834	+	52	67200859	28623
chr11	67172236	67372236	harbor2	chr11	67201205	67201358	DNA/TcMar-Tigger	11834	+	76	67201281	29045
chr11	67172236	67372236	harbor2	chr11	67201980	67202487	DNA/TcMar-Tigger	11834	+	254	67202234	29998
chr11	67172236	67372236	harbor2	chr11	67203049	67203376	DNA/TcMar-Tigger	2063	+	164	67203213	30977
chr11	5134148	5334148	harbor2	chr11	5174295	5174495	DNA/TcMar-Tigger	830	+	100	5174395	40247
chr11	5129657	5329657	harbor2	chr11	5174295	5174495	DNA/TcMar-Tigger	830	+	100	5174395	44738
chr11	16505889	16705889	harbor2	chr11	16567007	16567128	DNA/TcMar-Tigger	787	+	60	16567067	61178
chr11	16505889	16705889	harbor2	chr11	16567129	16567553	DNA/TcMar-Tigger	5300	+	212	16567341	61452
chr11	16505889	16705889	harbor2	chr11	16567875	16568273	DNA/TcMar-Tigger	5300	+	199	16568074	62185
chr11	5127118	5327118	harbor2	chr11	5174295	5174495	DNA/TcMar-Tigger	830	+	100	5174395	47277
chr11	461593	661593	harbor2	chr11	513459	513714	DNA/TcMar-Tigger	1502	+	128	513587	51994
chr11	461593	661593	harbor2	chr11	513846	513981	DNA/TcMar-Tigger	963	+	68	513914	52321
chr11	461593	661593	harbor2	chr11	514581	514837	DNA/TcMar-Tigger	963	+	128	514709	53116
chr11	5130451	5330451	harbor2	chr11	5174295	5174495	DNA/TcMar-Tigger	830	+	100	5174395	43944
chr11	119007408	119207408	harbor2	chr11	119091591	119091893	DNA/TcMar-Tigger	1616	+	151	119091742	84334
chr11	43955448	44155448	harbor2	chr11	43999802	43999996	DNA/TcMar-Tigger	626	+	97	43999899	44451
chr11	43955448	44155448	harbor2	chr11	44000761	44000906	DNA/TcMar-Tigger	851	+	72	44000833	45385
chr11	84774083	84974083	harbor2	chr11	84815661	84815781	DNA/TcMar-Tigger	439	+	60	84815721	41638
chr11	64349298	64549298	harbor2	chr11	64372547	64372634	DNA/TcMar-Tigger	420	+	44	64372591	23293
chr11	64349298	64549298	harbor2	chr11	64406415	64406553	DNA/TcMar-Tigger	467	+	69	64406484	57186
chr11	64349298	64549298	harbor2	chr11	64425355	64425588	DNA/TcMar-Tigger	1105	+	116	64425471	76173
chr11	5130062	5330062	harbor2	chr11	5174295	5174495	DNA/TcMar-Tigger	830	+	100	5174395	44333
chr11	5132412	5332412	harbor2	chr11	5174295	5174495	DNA/TcMar-Tigger	830	+	100	5174395	41983
chr11	5129603	5329603	harbor2	chr11	5174295	5174495	DNA/TcMar-Tigger	830	+	100	5174395	44792
chr11	73152932	73352932	harbor2	chr11	73209337	73209663	DNA/TcMar-Tigger	2027	+	163	73209500	56568
chr11	73152932	73352932	harbor2	chr11	73246613	73247046	DNA/TcMar-Tigger	2751	+	216	73246829	93897
chr11	5134257	5334257	harbor2	chr11	5174295	5174495	DNA/TcMar-Tigger	830	+	100	5174395	40138
chr11	27326376	27526376	harbor2	chr11	27377821	27378154	DNA/TcMar-Tigger	1796	+	166	27377987	51611
chr11	27326376	27526376	harbor2	chr11	27400044	27400272	DNA/TcMar-Tigger	1361	+	114	27400158	73782
chr11	74202004	74402004	harbor2	chr11	74226326	74226513	DNA/TcMar-Tigger	410	+	94	74226420	24416
chr11	43448895	43648895	harbor2	chr11	43458703	43459060	DNA/TcMar-Tigger	1816	+	178	43458881	9986
chr11	43448895	43648895	harbor2	chr11	43459674	43460026	DNA/TcMar-Tigger	2008	+	176	43459850	10955
chr11	43448895	43648895	harbor2	chr11	43486154	43486336	DNA/TcMar-Tigger	911	+	91	43486245	37350
chr11	43448895	43648895	harbor2	chr11	43486370	43486466	DNA/TcMar-Tigger	472	+	48	43486418	37523
chr11	133733618	133933618	harbor2	chr11	133760060	133760232	DNA/TcMar-Tigger	900	+	86	133760146	26528
chr11	133733618	133933618	harbor2	chr11	133760271	133760282	DNA/TcMar-Tigger	900	+	6	133760277	26659
chr11	133733618	133933618	harbor2	chr11	133760278	133761012	DNA/TcMar-Tigger	4919	+	367	133760645	27027
chr11	133733618	133933618	harbor2	chr11	133761169	133762100	DNA/TcMar-Tigger	6000	+	466	133761635	28017
chr11	133733618	133933618	harbor2	chr11	133822381	133822692	DNA/TcMar-Tigger	1339	+	156	133822537	88919
chr11	9360730	9560730	harbor2	chr11	9375784	9375958	DNA/TcMar-Tigger	656	+	87	9375871	15141
chr11	73042796	73242796	harbor2	chr11	73086998	73087424	DNA/TcMar-Tigger	3317	+	213	73087211	44415
chr11	73042796	73242796	harbor2	chr11	73087721	73087907	DNA/TcMar-Tigger	3317	+	93	73087814	45018
chr11	73042796	73242796	harbor2	chr11	73088171	73088449	DNA/TcMar-Tigger	1889	+	139	73088310	45514
chr11	73042796	73242796	harbor2	chr11	73106628	73106943	DNA/TcMar-Tigger	1572	+	158	73106786	63990
chr11	5140120	5340120	harbor2	chr11	5174295	5174495	DNA/TcMar-Tigger	830	+	100	5174395	34275
chr11	5135401	5335401	harbor2	chr11	5174295	5174495	DNA/TcMar-Tigger	830	+	100	5174395	38994
chr11	10799794	10999794	harbor2	chr11	10818585	10818845	DNA/TcMar-Tigger	2125	+	130	10818715	18921
chr11	10799794	10999794	harbor2	chr11	10819298	10819510	DNA/TcMar-Tigger	2125	+	106	10819404	19610
chr11	5130296	5330296	harbor2	chr11	5174295	5174495	DNA/TcMar-Tigger	830	+	100	5174395	44099
chr11	5127143	5327143	harbor2	chr11	5174295	5174495	DNA/TcMar-Tigger	830	+	100	5174395	47252
chr11	5127183	5327183	harbor2	chr11	5174295	5174495	DNA/TcMar-Tigger	830	+	100	5174395	47212
chr11	5127212	5327212	harbor2	chr11	5174295	5174495	DNA/TcMar-Tigger	830	+	100	5174395	47183
chr11	5134525	5334525	harbor2	chr11	5174295	5174495	DNA/TcMar-Tigger	830	+	100	5174395	39870
chr11	5130571	5330571	harbor2	chr11	5174295	5174495	DNA/TcMar-Tigger	830	+	100	5174395	43824
chr11	5130397	5330397	harbor2	chr11	5174295	5174495	DNA/TcMar-Tigger	830	+	100	5174395	43998
chr11	22729649	22929649	harbor2	chr11	22802767	22803090	DNA/TcMar-Tigger	1680	+	162	22802929	73280
chr11	38440721	38640721	harbor2	chr11	38439185	38441457	DNA/TcMar-Tigger	16103	+	1136	38440321	400
chr11	38440721	38640721	harbor2	chr11	38456887	38457232	DNA/TcMar-Tigger	1842	+	172	38457059	16338
chr11	126632918	126832918	harbor2	chr11	126660254	126660526	DNA/TcMar-Tigger	570	+	136	126660390	27472
chr11	126632918	126832918	harbor2	chr11	126690186	126690366	DNA/TcMar-Tigger	432	+	90	126690276	57358
chr11	5140756	5340756	harbor2	chr11	5174295	5174495	DNA/TcMar-Tigger	830	+	100	5174395	33639
chr11	67175747	67375747	harbor2	chr11	67198283	67198441	DNA/TcMar-Tigger	11834	+	79	67198362	22615
chr11	67175747	67375747	harbor2	chr11	67198725	67198759	DNA/TcMar-Tigger	11834	+	17	67198742	22995
chr11	67175747	67375747	harbor2	chr11	67199079	67200217	DNA/TcMar-Tigger	11834	+	569	67199648	23901
chr11	67175747	67375747	harbor2	chr11	67200807	67200911	DNA/TcMar-Tigger	11834	+	52	67200859	25112
chr11	67175747	67375747	harbor2	chr11	67201205	67201358	DNA/TcMar-Tigger	11834	+	76	67201281	25534
chr11	67175747	67375747	harbor2	chr11	67201980	67202487	DNA/TcMar-Tigger	11834	+	254	67202234	26487
chr11	67175747	67375747	harbor2	chr11	67203049	67203376	DNA/TcMar-Tigger	2063	+	164	67203213	27466
chr11	5128321	5328321	harbor2	chr11	5174295	5174495	DNA/TcMar-Tigger	830	+	100	5174395	46074
chr11	5127556	5327556	harbor2	chr11	5174295	5174495	DNA/TcMar-Tigger	830	+	100	5174395	46839
chr11	65488849	65688849	harbor2	chr11	65495319	65495371	DNA/TcMar-Tigger	1116	+	26	65495345	6496
chr11	65488849	65688849	harbor2	chr11	65495684	65495920	DNA/TcMar-Tigger	1116	+	118	65495802	6953
chr11	65488849	65688849	harbor2	chr11	65527316	65527457	DNA/TcMar-Tigger	1250	+	70	65527386	38537
chr11	65488849	65688849	harbor2	chr11	65527754	65527853	DNA/TcMar-Tigger	1250	+	50	65527804	38955
chr11	9520097	9720097	harbor2	chr11	9532200	9532279	DNA/TcMar-Tigger	446	+	40	9532240	12143
chr11	9520097	9720097	harbor2	chr11	9532395	9532665	DNA/TcMar-Tigger	1543	+	135	9532530	12433
chr11	9520097	9720097	harbor2	chr11	9549771	9550444	DNA/TcMar-Tigger	4188	+	336	9550107	30010
chr11	5143135	5343135	harbor2	chr11	5174295	5174495	DNA/TcMar-Tigger	830	+	100	5174395	31260
chr11	5134529	5334529	harbor2	chr11	5174295	5174495	DNA/TcMar-Tigger	830	+	100	5174395	39866
chr11	5141844	5341844	harbor2	chr11	5174295	5174495	DNA/TcMar-Tigger	830	+	100	5174395	32551
chr11	464063	664063	harbor2	chr11	513459	513714	DNA/TcMar-Tigger	1502	+	128	513587	49524
chr11	464063	664063	harbor2	chr11	513846	513981	DNA/TcMar-Tigger	963	+	68	513914	49851
chr11	464063	664063	harbor2	chr11	514581	514837	DNA/TcMar-Tigger	963	+	128	514709	50646
chr11	5134380	5334380	harbor2	chr11	5174295	5174495	DNA/TcMar-Tigger	830	+	100	5174395	40015
chr11	5130263	5330263	harbor2	chr11	5174295	5174495	DNA/TcMar-Tigger	830	+	100	5174395	44132
chr11	119275286	119475286	harbor2	chr11	119354737	119354973	DNA/TcMar-Tigger	1258	+	118	119354855	79569
chr11	3737914	3937914	harbor2	chr11	3739812	3739919	DNA/TcMar-Tigger	623	+	54	3739866	1952
chr11	3737914	3937914	harbor2	chr11	3739907	3740108	DNA/TcMar-Tigger	897	+	100	3740007	2093
chr11	3994569	4194569	harbor2	chr11	4008056	4008352	DNA/TcMar-Tigger	1771	+	148	4008204	13635
chr11	3994569	4194569	harbor2	chr11	4029316	4029539	DNA/TcMar-Tigger	1345	+	112	4029428	34859
chr11	3994569	4194569	harbor2	chr11	4029614	4030008	DNA/TcMar-Tigger	2466	+	197	4029811	35242
chr11	3994569	4194569	harbor2	chr11	4063305	4063455	DNA/TcMar-Tigger	893	+	75	4063380	68811
chr11	3994569	4194569	harbor2	chr11	4063459	4063667	DNA/TcMar-Tigger	1371	+	104	4063563	68994
chr11	5127207	5327207	harbor2	chr11	5174295	5174495	DNA/TcMar-Tigger	830	+	100	5174395	47188
chr11	5130262	5330262	harbor2	chr11	5174295	5174495	DNA/TcMar-Tigger	830	+	100	5174395	44133
chr11	66161658	66361658	harbor2	chr11	66194615	66194784	DNA/TcMar-Tigger	438	+	84	66194699	33041
chr11	5127995	5327995	harbor2	chr11	5174295	5174495	DNA/TcMar-Tigger	830	+	100	5174395	46400
chr11	468706	668706	harbor2	chr11	513459	513714	DNA/TcMar-Tigger	1502	+	128	513587	44881
chr11	468706	668706	harbor2	chr11	513846	513981	DNA/TcMar-Tigger	963	+	68	513914	45208
chr11	468706	668706	harbor2	chr11	514581	514837	DNA/TcMar-Tigger	963	+	128	514709	46003
chr11	61589431	61789431	harbor2	chr11	61604065	61604251	DNA/TcMar-Tigger	1101	+	93	61604158	14727
chr11	61589431	61789431	harbor2	chr11	61605428	61605460	DNA/TcMar-Tigger	1101	+	16	61605444	16013
chr11	5142126	5342126	harbor2	chr11	5174295	5174495	DNA/TcMar-Tigger	830	+	100	5174395	32269
chr11	5127199	5327199	harbor2	chr11	5174295	5174495	DNA/TcMar-Tigger	830	+	100	5174395	47196
chr11	77083641	77283641	harbor2	chr11	77140938	77141220	DNA/TcMar-Tigger	1251	+	141	77141079	57438
chr11	117887566	118087566	harbor2	chr11	117889482	117889635	DNA/TcMar-Tigger	771	+	76	117889558	1992
chr11	117887566	118087566	harbor2	chr11	117889640	117889839	DNA/TcMar-Tigger	1171	+	100	117889740	2174
chr11	117887566	118087566	harbor2	chr11	117889982	117890061	DNA/TcMar-Tigger	430	+	40	117890022	2456
chr11	67892044	68092044	harbor2	chr11	67927920	67928164	DNA/TcMar-Tigger	416	+	122	67928042	35998
chr11	64643001	64843001	harbor2	chr11	64704673	64704982	DNA/TcMar-Tigger	813	+	154	64704827	61826
chr11	64643001	64843001	harbor2	chr11	64734627	64734813	DNA/TcMar-Tigger	446	+	93	64734720	91719
chr11	70734473	70934473	harbor2	chr11	70788295	70788550	DNA/TcMar-Tigger	1195	+	128	70788423	53950
chr11	70734473	70934473	harbor2	chr11	70793156	70793394	DNA/TcMar-Tigger	1212	+	119	70793275	58802
chr11	111441731	111641731	harbor2	chr11	111495810	111495978	DNA/TcMar-Tigger	855	+	84	111495894	54163
chr11	111441731	111641731	harbor2	chr11	111520603	111520837	DNA/TcMar-Tigger	1237	+	117	111520720	78989
chr11	111441731	111641731	harbor2	chr11	111520837	111521036	DNA/TcMar-Tigger	1235	+	100	111520937	79206
chr11	111441731	111641731	harbor2	chr11	111522697	111522841	DNA/TcMar-Tigger	2849	+	72	111522769	81038
chr11	111441731	111641731	harbor2	chr11	111523087	111523566	DNA/TcMar-Tigger	2849	+	240	111523327	81596
chr11	5130579	5330579	harbor2	chr11	5174295	5174495	DNA/TcMar-Tigger	830	+	100	5174395	43816
chr11	33600881	33800881	harbor2	chr11	33635881	33636346	DNA/TcMar-Tigger	2310	+	232	33636113	35232
chr11	33600881	33800881	harbor2	chr11	33636631	33636855	DNA/TcMar-Tigger	2310	+	112	33636743	35862
chr11	70740848	70940848	harbor2	chr11	70788295	70788550	DNA/TcMar-Tigger	1195	+	128	70788423	47575
chr11	70740848	70940848	harbor2	chr11	70793156	70793394	DNA/TcMar-Tigger	1212	+	119	70793275	52427
chr11	67408273	67608273	harbor2	chr11	67487760	67487969	DNA/TcMar-Tigger	1015	+	104	67487864	79591
chr11	74188388	74388388	harbor2	chr11	74189966	74190047	DNA/TcMar-Tigger	430	+	40	74190006	1618
chr11	74188388	74388388	harbor2	chr11	74190042	74190198	DNA/TcMar-Tigger	4820	+	78	74190120	1732
chr11	74188388	74388388	harbor2	chr11	74192935	74193547	DNA/TcMar-Tigger	4820	+	306	74193241	4853
chr11	74188388	74388388	harbor2	chr11	74226326	74226513	DNA/TcMar-Tigger	410	+	94	74226420	38032
chr11	5128063	5328063	harbor2	chr11	5174295	5174495	DNA/TcMar-Tigger	830	+	100	5174395	46332
chr11	5133681	5333681	harbor2	chr11	5174295	5174495	DNA/TcMar-Tigger	830	+	100	5174395	40714
chr11	65525168	65725168	harbor2	chr11	65527316	65527457	DNA/TcMar-Tigger	1250	+	70	65527386	2218
chr11	65525168	65725168	harbor2	chr11	65527754	65527853	DNA/TcMar-Tigger	1250	+	50	65527804	2636
chr11	65525168	65725168	harbor2	chr11	65609335	65609520	DNA/TcMar-Tigger	468	+	92	65609427	84259
chr11	5127169	5327169	harbor2	chr11	5174295	5174495	DNA/TcMar-Tigger	830	+	100	5174395	47226
chr11	492608	692608	harbor2	chr11	513459	513714	DNA/TcMar-Tigger	1502	+	128	513587	20979
chr11	492608	692608	harbor2	chr11	513846	513981	DNA/TcMar-Tigger	963	+	68	513914	21306
chr11	492608	692608	harbor2	chr11	514581	514837	DNA/TcMar-Tigger	963	+	128	514709	22101
chr11	66182603	66382603	harbor2	chr11	66194615	66194784	DNA/TcMar-Tigger	438	+	84	66194699	12096
chr11	133740735	133940735	harbor2	chr11	133760060	133760232	DNA/TcMar-Tigger	900	+	86	133760146	19411
chr11	133740735	133940735	harbor2	chr11	133760271	133760282	DNA/TcMar-Tigger	900	+	6	133760277	19542
chr11	133740735	133940735	harbor2	chr11	133760278	133761012	DNA/TcMar-Tigger	4919	+	367	133760645	19910
chr11	133740735	133940735	harbor2	chr11	133761169	133762100	DNA/TcMar-Tigger	6000	+	466	133761635	20900
chr11	133740735	133940735	harbor2	chr11	133822381	133822692	DNA/TcMar-Tigger	1339	+	156	133822537	81802
chr11	5134480	5334480	harbor2	chr11	5174295	5174495	DNA/TcMar-Tigger	830	+	100	5174395	39915
chr11	66182673	66382673	harbor2	chr11	66194615	66194784	DNA/TcMar-Tigger	438	+	84	66194699	12026
chr11	68028552	68228552	harbor2	chr11	68114950	68115280	DNA/TcMar-Tigger	1706	+	165	68115115	86563
chr11	6201662	6401662	harbor2	chr11	6202303	6202605	DNA/TcMar-Tigger	1088	+	151	6202454	792
chr12	132055531	132255531	harbor2	chr12	132082049	132082315	DNA/TcMar-Tigger	1050	+	133	132082182	26651
chr12	121712007	121912007	harbor2	chr12	121731149	121731245	DNA/TcMar-Tigger	1346	+	48	121731197	19190
chr12	121712007	121912007	harbor2	chr12	121731502	121731722	DNA/TcMar-Tigger	1346	+	110	121731612	19605
chr12	49415274	49615274	harbor2	chr12	49505906	49506256	DNA/TcMar-Tigger	2123	+	175	49506081	90807
chr12	49415274	49615274	harbor2	chr12	49506854	49506911	DNA/TcMar-Tigger	2123	+	28	49506882	91608
chr12	109780548	109980548	harbor2	chr12	109859532	109859696	DNA/TcMar-Tigger	576	+	82	109859614	79066
chr12	133030495	133230495	harbor2	chr12	133041896	133042632	DNA/TcMar-Tigger	2995	+	368	133042264	11769
chr12	2592290	2792290	harbor2	chr12	2658348	2659520	DNA/TcMar-Tigger	6190	+	586	2658934	66644
chr12	49484425	49684425	harbor2	chr12	49505906	49506256	DNA/TcMar-Tigger	2123	+	175	49506081	21656
chr12	49484425	49684425	harbor2	chr12	49506854	49506911	DNA/TcMar-Tigger	2123	+	28	49506882	22457
chr12	2591481	2791481	harbor2	chr12	2658348	2659520	DNA/TcMar-Tigger	6190	+	586	2658934	67453
chr12	49490552	49690552	harbor2	chr12	49505906	49506256	DNA/TcMar-Tigger	2123	+	175	49506081	15529
chr12	49490552	49690552	harbor2	chr12	49506854	49506911	DNA/TcMar-Tigger	2123	+	28	49506882	16330
chr12	67170399	67370399	harbor2	chr12	67211064	67211230	DNA/TcMar-Tigger	1120	+	83	67211147	40748
chr12	67170399	67370399	harbor2	chr12	67211225	67212491	DNA/TcMar-Tigger	7907	+	633	67211858	41459
chr12	67170399	67370399	harbor2	chr12	67233562	67233902	DNA/TcMar-Tigger	1789	+	170	67233732	63333
chr12	51140362	51340362	harbor2	chr12	51177813	51178175	DNA/TcMar-Tigger	2055	+	181	51177994	37632
chr12	131686732	131886732	harbor2	chr12	131718970	131719193	DNA/TcMar-Tigger	1083	+	112	131719082	32350
chr12	131686732	131886732	harbor2	chr12	131749042	131749284	DNA/TcMar-Tigger	1041	+	121	131749163	62431
chr12	131686732	131886732	harbor2	chr12	131753468	131754103	DNA/TcMar-Tigger	747	+	318	131753786	67054
chr12	131246816	131446816	harbor2	chr12	131331871	131332208	DNA/TcMar-Tigger	1774	+	168	131332039	85223
chr12	49460462	49660462	harbor2	chr12	49505906	49506256	DNA/TcMar-Tigger	2123	+	175	49506081	45619
chr12	49460462	49660462	harbor2	chr12	49506854	49506911	DNA/TcMar-Tigger	2123	+	28	49506882	46420
chr12	49466948	49666948	harbor2	chr12	49505906	49506256	DNA/TcMar-Tigger	2123	+	175	49506081	39133
chr12	49466948	49666948	harbor2	chr12	49506854	49506911	DNA/TcMar-Tigger	2123	+	28	49506882	39934
chr12	69139511	69339511	harbor2	chr12	69154668	69154925	DNA/TcMar-Tigger	633	+	128	69154796	15285
chr12	116779945	116979945	harbor2	chr12	116874977	116875285	DNA/TcMar-Tigger	1323	+	154	116875131	95186
chr12	21402003	21602003	harbor2	chr12	21473253	21473513	DNA/TcMar-Tigger	1547	+	130	21473383	71380
chr12	110181171	110381171	harbor2	chr12	110276137	110276379	DNA/TcMar-Tigger	794	+	121	110276258	95087
chr12	30881310	31081310	harbor2	chr12	30882710	30882871	DNA/TcMar-Tigger	922	+	80	30882790	1480
chr12	30881310	31081310	harbor2	chr12	30882866	30883718	DNA/TcMar-Tigger	5313	+	426	30883292	1982
chr12	30881310	31081310	harbor2	chr12	30941088	30941326	DNA/TcMar-Tigger	1435	+	119	30941207	59897
chr12	92828979	93028979	harbor2	chr12	92881852	92882077	DNA/TcMar-Tigger	1110	+	112	92881964	52985
chr12	92828979	93028979	harbor2	chr12	92885054	92885234	DNA/TcMar-Tigger	1109	+	90	92885144	56165
chr12	92828979	93028979	harbor2	chr12	92893894	92895133	DNA/TcMar-Tigger	13013	+	620	92894514	65535
chr12	92828979	93028979	harbor2	chr12	92895464	92895970	DNA/TcMar-Tigger	13013	+	253	92895717	66738
chr12	92828979	93028979	harbor2	chr12	92896271	92896603	DNA/TcMar-Tigger	13013	+	166	92896437	67458
chr12	92828979	93028979	harbor2	chr12	92896789	92896892	DNA/TcMar-Tigger	690	+	52	92896841	67862
chr12	92828979	93028979	harbor2	chr12	92897829	92898065	DNA/TcMar-Tigger	1549	+	118	92897947	68968
chr12	130739286	130939286	harbor2	chr12	130803799	130804129	DNA/TcMar-Tigger	1245	+	165	130803964	64678
chr12	6363187	6563187	harbor2	chr12	6395381	6395531	DNA/TcMar-Tigger	3800	+	75	6395456	32269
chr12	6363187	6563187	harbor2	chr12	6396210	6396725	DNA/TcMar-Tigger	3800	+	258	6396468	33281
chr12	6363187	6563187	harbor2	chr12	6444317	6444548	DNA/TcMar-Tigger	792	+	116	6444433	81246
chr12	49010203	49210203	harbor2	chr12	49025293	49025631	DNA/TcMar-Tigger	2066	+	169	49025462	15259
chr12	107508160	107708160	harbor2	chr12	107524970	107525043	DNA/TcMar-Tigger	1719	+	36	107525006	16846
chr12	107508160	107708160	harbor2	chr12	107525355	107525652	DNA/TcMar-Tigger	1719	+	148	107525503	17343
chr12	107508160	107708160	harbor2	chr12	107567344	107567586	DNA/TcMar-Tigger	1856	+	121	107567465	59305
chr12	107508160	107708160	harbor2	chr12	107567916	107568055	DNA/TcMar-Tigger	1856	+	70	107567986	59826
chr12	32006641	32206641	harbor2	chr12	32019244	32019413	DNA/TcMar-Tigger	1101	+	84	32019328	12687
chr12	32006641	32206641	harbor2	chr12	32050035	32050660	DNA/TcMar-Tigger	4473	+	312	32050347	43706
chr12	32006641	32206641	harbor2	chr12	32050960	32051073	DNA/TcMar-Tigger	4473	+	56	32051016	44375
chr12	32006641	32206641	harbor2	chr12	32051541	32051688	DNA/TcMar-Tigger	920	+	74	32051615	44974
chr12	32006641	32206641	harbor2	chr12	32053513	32053783	DNA/TcMar-Tigger	1629	+	135	32053648	47007
chr12	32006641	32206641	harbor2	chr12	32058042	32058187	DNA/TcMar-Tigger	983	+	72	32058114	51473
chr12	32006641	32206641	harbor2	chr12	32058709	32058855	DNA/TcMar-Tigger	983	+	73	32058782	52141
chr12	121712068	121912068	harbor2	chr12	121731149	121731245	DNA/TcMar-Tigger	1346	+	48	121731197	19129
chr12	121712068	121912068	harbor2	chr12	121731502	121731722	DNA/TcMar-Tigger	1346	+	110	121731612	19544
chr12	122735461	122935461	harbor2	chr12	122786551	122786678	DNA/TcMar-Tigger	1797	+	64	122786615	51154
chr12	122735461	122935461	harbor2	chr12	122786967	122787165	DNA/TcMar-Tigger	1797	+	99	122787066	51605
chr12	122735461	122935461	harbor2	chr12	122787765	122788094	DNA/TcMar-Tigger	1797	+	164	122787929	52468
chr12	94973026	95173026	harbor2	chr12	94997597	94997811	DNA/TcMar-Tigger	1198	+	107	94997704	24678
chr12	94973026	95173026	harbor2	chr12	95034602	95034934	DNA/TcMar-Tigger	1632	+	166	95034768	61742
chr12	94973026	95173026	harbor2	chr12	95051139	95051551	DNA/TcMar-Tigger	2204	+	206	95051345	78319
chr12	94973026	95173026	harbor2	chr12	95069313	95069638	DNA/TcMar-Tigger	1479	+	162	95069475	96449
chr12	120614111	120814111	harbor2	chr12	120683805	120683879	DNA/TcMar-Tigger	1801	+	37	120683842	69731
chr12	120614111	120814111	harbor2	chr12	120684064	120684076	DNA/TcMar-Tigger	1801	+	6	120684070	69959
chr12	120614111	120814111	harbor2	chr12	120684358	120684628	DNA/TcMar-Tigger	1801	+	135	120684493	70382
chr13	113726181	113926181	harbor2	chr13	113748484	113748705	DNA/TcMar-Tigger	446	+	110	113748594	22413
chr13	113726041	113926041	harbor2	chr13	113748484	113748705	DNA/TcMar-Tigger	446	+	110	113748594	22553
chr13	113726150	113926150	harbor2	chr13	113748484	113748705	DNA/TcMar-Tigger	446	+	110	113748594	22444
chr13	39962056	40162056	harbor2	chr13	40007495	40007642	DNA/TcMar-Tigger	727	+	74	40007569	45513
chr13	29490355	29690355	harbor2	chr13	29562358	29562589	DNA/TcMar-Tigger	1416	+	116	29562474	72119
chr13	75382379	75582379	harbor2	chr13	75383501	75383810	DNA/TcMar-Tigger	1592	+	154	75383655	1276
chr13	113726142	113926142	harbor2	chr13	113748484	113748705	DNA/TcMar-Tigger	446	+	110	113748594	22452
chr13	113727916	113927916	harbor2	chr13	113748484	113748705	DNA/TcMar-Tigger	446	+	110	113748594	20678
chr13	51353413	51553413	harbor2	chr13	51380940	51381263	DNA/TcMar-Tigger	1814	+	162	51381102	27689
chr13	51353413	51553413	harbor2	chr13	51439789	51439921	DNA/TcMar-Tigger	513	+	66	51439855	86442
chr13	51353413	51553413	harbor2	chr13	51439894	51439957	DNA/TcMar-Tigger	3594	+	32	51439926	86513
chr13	51353413	51553413	harbor2	chr13	51440264	51440889	DNA/TcMar-Tigger	3594	+	312	51440576	87163
chr13	113726060	113926060	harbor2	chr13	113748484	113748705	DNA/TcMar-Tigger	446	+	110	113748594	22534
chr13	109557876	109757876	harbor2	chr13	109602988	109603412	DNA/TcMar-Tigger	2238	+	212	109603200	45324
chr13	109557876	109757876	harbor2	chr13	109603765	109604423	DNA/TcMar-Tigger	2695	+	329	109604094	46218
chr13	113726141	113926141	harbor2	chr13	113748484	113748705	DNA/TcMar-Tigger	446	+	110	113748594	22453
chr13	71672155	71872155	harbor2	chr13	71693270	71693290	DNA/TcMar-Tigger	1492	+	10	71693280	21125
chr13	71672155	71872155	harbor2	chr13	71693618	71693930	DNA/TcMar-Tigger	1492	+	156	71693774	21619
chr13	71672155	71872155	harbor2	chr13	71709278	71709822	DNA/TcMar-Tigger	2718	+	272	71709550	37395
chr13	20344110	20544110	harbor2	chr13	20428176	20428399	DNA/TcMar-Tigger	1356	+	112	20428288	84178
chr13	113736151	113936151	harbor2	chr13	113748484	113748705	DNA/TcMar-Tigger	446	+	110	113748594	12443
chr13	24918114	25118114	harbor2	chr13	24940059	24940387	DNA/TcMar-Tigger	1686	+	164	24940223	22109
chr13	49768516	49968516	harbor2	chr13	49811410	49811563	DNA/TcMar-Tigger	527	+	76	49811486	42970
chr13	36899380	37099380	harbor2	chr13	36961016	36961134	DNA/TcMar-Tigger	1118	+	59	36961075	61695
chr13	36899380	37099380	harbor2	chr13	36961427	36961625	DNA/TcMar-Tigger	1118	+	99	36961526	62146
chr13	113727396	113927396	harbor2	chr13	113748484	113748705	DNA/TcMar-Tigger	446	+	110	113748594	21198
chr13	113727945	113927945	harbor2	chr13	113748484	113748705	DNA/TcMar-Tigger	446	+	110	113748594	20649
chr13	20342080	20542080	harbor2	chr13	20428176	20428399	DNA/TcMar-Tigger	1356	+	112	20428288	86208
chr13	95201696	95401696	harbor2	chr13	95232952	95233094	DNA/TcMar-Tigger	794	+	71	95233023	31327
chr13	95201696	95401696	harbor2	chr13	95233247	95233311	DNA/TcMar-Tigger	842	+	32	95233279	31583
chr13	95201696	95401696	harbor2	chr13	95233662	95233826	DNA/TcMar-Tigger	842	+	82	95233744	32048
chr13	95201696	95401696	harbor2	chr13	95251813	95252393	DNA/TcMar-Tigger	2394	+	290	95252103	50407
chr13	95201696	95401696	harbor2	chr13	95252691	95252822	DNA/TcMar-Tigger	1253	+	66	95252757	51061
chr13	95201696	95401696	harbor2	chr13	95262454	95262631	DNA/TcMar-Tigger	3189	+	88	95262542	60846
chr13	95201696	95401696	harbor2	chr13	95262934	95263396	DNA/TcMar-Tigger	3189	+	231	95263165	61469
chr13	36899390	37099390	harbor2	chr13	36961016	36961134	DNA/TcMar-Tigger	1118	+	59	36961075	61685
chr13	36899390	37099390	harbor2	chr13	36961427	36961625	DNA/TcMar-Tigger	1118	+	99	36961526	62136
chr14	52595606	52795606	harbor2	chr14	52610352	52610682	DNA/TcMar-Tigger	1945	+	165	52610517	14911
chr14	52595606	52795606	harbor2	chr14	52625928	52626240	DNA/TcMar-Tigger	1181	+	156	52626084	30478
chr14	67142039	67342039	harbor2	chr14	67163487	67163765	DNA/TcMar-Tigger	493	+	139	67163626	21587
chr14	67142039	67342039	harbor2	chr14	67230799	67231030	DNA/TcMar-Tigger	1196	+	116	67230915	88876
chr14	67142039	67342039	harbor2	chr14	67231030	67231130	DNA/TcMar-Tigger	474	+	50	67231080	89041
chr14	90283137	90483137	harbor2	chr14	90308131	90308325	DNA/TcMar-Tigger	767	+	97	90308228	25091
chr14	90283137	90483137	harbor2	chr14	90375957	90376175	DNA/TcMar-Tigger	1416	+	109	90376066	92929
chr14	95435240	95635240	harbor2	chr14	95487814	95488259	DNA/TcMar-Tigger	2771	+	222	95488036	52796
chr14	67142840	67342840	harbor2	chr14	67163487	67163765	DNA/TcMar-Tigger	493	+	139	67163626	20786
chr14	67142840	67342840	harbor2	chr14	67230799	67231030	DNA/TcMar-Tigger	1196	+	116	67230915	88075
chr14	67142840	67342840	harbor2	chr14	67231030	67231130	DNA/TcMar-Tigger	474	+	50	67231080	88240
chr14	75886299	76086299	harbor2	chr14	75898139	75898359	DNA/TcMar-Tigger	830	+	110	75898249	11950
chr14	75886299	76086299	harbor2	chr14	75898661	75898875	DNA/TcMar-Tigger	830	+	107	75898768	12469
chr14	75886299	76086299	harbor2	chr14	75930325	75930560	DNA/TcMar-Tigger	1505	+	118	75930443	44144
chr14	75886299	76086299	harbor2	chr14	75942539	75942921	DNA/TcMar-Tigger	588	+	191	75942730	56431
chr14	67141953	67341953	harbor2	chr14	67163487	67163765	DNA/TcMar-Tigger	493	+	139	67163626	21673
chr14	67141953	67341953	harbor2	chr14	67230799	67231030	DNA/TcMar-Tigger	1196	+	116	67230915	88962
chr14	67141953	67341953	harbor2	chr14	67231030	67231130	DNA/TcMar-Tigger	474	+	50	67231080	89127
chr14	104857736	105057736	harbor2	chr14	104917371	104917581	DNA/TcMar-Tigger	1144	+	105	104917476	59740
chr14	100281320	100481320	harbor2	chr14	100363133	100363290	DNA/TcMar-Tigger	449	+	78	100363211	81891
chr14	67141295	67341295	harbor2	chr14	67163487	67163765	DNA/TcMar-Tigger	493	+	139	67163626	22331
chr14	67141295	67341295	harbor2	chr14	67230799	67231030	DNA/TcMar-Tigger	1196	+	116	67230915	89620
chr14	67141295	67341295	harbor2	chr14	67231030	67231130	DNA/TcMar-Tigger	474	+	50	67231080	89785
chr14	69668087	69868087	harbor2	chr14	69685785	69686364	DNA/TcMar-Tigger	1664	+	290	69686075	17988
chr14	75328348	75528348	harbor2	chr14	75404555	75404786	DNA/TcMar-Tigger	453	+	116	75404671	76323
chr14	75328348	75528348	harbor2	chr14	75405990	75406141	DNA/TcMar-Tigger	442	+	76	75406066	77718
chr14	67141983	67341983	harbor2	chr14	67163487	67163765	DNA/TcMar-Tigger	493	+	139	67163626	21643
chr14	67141983	67341983	harbor2	chr14	67230799	67231030	DNA/TcMar-Tigger	1196	+	116	67230915	88932
chr14	67141983	67341983	harbor2	chr14	67231030	67231130	DNA/TcMar-Tigger	474	+	50	67231080	89097
chr14	90283171	90483171	harbor2	chr14	90308131	90308325	DNA/TcMar-Tigger	767	+	97	90308228	25057
chr14	90283171	90483171	harbor2	chr14	90375957	90376175	DNA/TcMar-Tigger	1416	+	109	90376066	92895
chr14	75331153	75531153	harbor2	chr14	75404555	75404786	DNA/TcMar-Tigger	453	+	116	75404671	73518
chr14	75331153	75531153	harbor2	chr14	75405990	75406141	DNA/TcMar-Tigger	442	+	76	75406066	74913
chr14	75330515	75530515	harbor2	chr14	75404555	75404786	DNA/TcMar-Tigger	453	+	116	75404671	74156
chr14	75330515	75530515	harbor2	chr14	75405990	75406141	DNA/TcMar-Tigger	442	+	76	75406066	75551
chr14	95435743	95635743	harbor2	chr14	95487814	95488259	DNA/TcMar-Tigger	2771	+	222	95488036	52293
chr14	90283174	90483174	harbor2	chr14	90308131	90308325	DNA/TcMar-Tigger	767	+	97	90308228	25054
chr14	90283174	90483174	harbor2	chr14	90375957	90376175	DNA/TcMar-Tigger	1416	+	109	90376066	92892
chr14	75336525	75536525	harbor2	chr14	75404555	75404786	DNA/TcMar-Tigger	453	+	116	75404671	68146
chr14	75336525	75536525	harbor2	chr14	75405990	75406141	DNA/TcMar-Tigger	442	+	76	75406066	69541
chr14	67141303	67341303	harbor2	chr14	67163487	67163765	DNA/TcMar-Tigger	493	+	139	67163626	22323
chr14	67141303	67341303	harbor2	chr14	67230799	67231030	DNA/TcMar-Tigger	1196	+	116	67230915	89612
chr14	67141303	67341303	harbor2	chr14	67231030	67231130	DNA/TcMar-Tigger	474	+	50	67231080	89777
chr14	67141247	67341247	harbor2	chr14	67163487	67163765	DNA/TcMar-Tigger	493	+	139	67163626	22379
chr14	67141247	67341247	harbor2	chr14	67230799	67231030	DNA/TcMar-Tigger	1196	+	116	67230915	89668
chr14	67141247	67341247	harbor2	chr14	67231030	67231130	DNA/TcMar-Tigger	474	+	50	67231080	89833
chr14	75914984	76114984	harbor2	chr14	75930325	75930560	DNA/TcMar-Tigger	1505	+	118	75930443	15459
chr14	75914984	76114984	harbor2	chr14	75942539	75942921	DNA/TcMar-Tigger	588	+	191	75942730	27746
chr14	81176400	81376400	harbor2	chr14	81229477	81229556	DNA/TcMar-Tigger	489	+	40	81229517	53117
chr14	81176400	81376400	harbor2	chr14	81229846	81230148	DNA/TcMar-Tigger	1392	+	151	81229997	53597
chr14	21356189	21556189	harbor2	chr14	21380047	21380294	DNA/TcMar-Tigger	1087	+	124	21380171	23982
chr14	21356189	21556189	harbor2	chr14	21388272	21388482	DNA/TcMar-Tigger	1319	+	105	21388377	32188
chr14	21356189	21556189	harbor2	chr14	21388783	21388880	DNA/TcMar-Tigger	1319	+	48	21388831	32642
chr14	21356189	21556189	harbor2	chr14	21411390	21411780	DNA/TcMar-Tigger	653	+	195	21411585	55396
chr14	21356189	21556189	harbor2	chr14	21412095	21412140	DNA/TcMar-Tigger	653	+	22	21412117	55928
chr14	21356189	21556189	harbor2	chr14	21412444	21412590	DNA/TcMar-Tigger	653	+	73	21412517	56328
chr14	100276551	100476551	harbor2	chr14	100363133	100363290	DNA/TcMar-Tigger	449	+	78	100363211	86660
chr14	95456322	95656322	harbor2	chr14	95487814	95488259	DNA/TcMar-Tigger	2771	+	222	95488036	31714
chr14	91227150	91427150	harbor2	chr14	91227289	91227505	DNA/TcMar-Tigger	1781	+	108	91227397	247
chr14	76886650	77086650	harbor2	chr14	76970672	76970938	DNA/TcMar-Tigger	1400	+	133	76970805	84155
chr14	103624423	103824423	harbor2	chr14	103675418	103675531	DNA/TcMar-Tigger	678	+	56	103675474	51051
chr14	74823265	75023265	harbor2	chr14	74891442	74891564	DNA/TcMar-Tigger	500	+	61	74891503	68238
chr14	67519986	67719986	harbor2	chr14	67607885	67607964	DNA/TcMar-Tigger	1930	+	40	67607925	87939
chr14	67519986	67719986	harbor2	chr14	67608264	67608518	DNA/TcMar-Tigger	1930	+	127	67608391	88405
chr14	74842794	75042794	harbor2	chr14	74891442	74891564	DNA/TcMar-Tigger	500	+	61	74891503	48709
chr14	94075512	94275512	harbor2	chr14	94077970	94078299	DNA/TcMar-Tigger	1862	+	164	94078134	2622
chr14	94075512	94275512	harbor2	chr14	94081701	94083598	DNA/TcMar-Tigger	12962	+	948	94082649	7137
chr14	94075512	94275512	harbor2	chr14	94076834	94077240	DNA/TcMar-Tigger	2379	+	203	94077037	1525
chr14	75328337	75528337	harbor2	chr14	75404555	75404786	DNA/TcMar-Tigger	453	+	116	75404671	76334
chr14	75328337	75528337	harbor2	chr14	75405990	75406141	DNA/TcMar-Tigger	442	+	76	75406066	77729
chr14	21337322	21537322	harbor2	chr14	21380047	21380294	DNA/TcMar-Tigger	1087	+	124	21380171	42849
chr14	21337322	21537322	harbor2	chr14	21388272	21388482	DNA/TcMar-Tigger	1319	+	105	21388377	51055
chr14	21337322	21537322	harbor2	chr14	21388783	21388880	DNA/TcMar-Tigger	1319	+	48	21388831	51509
chr14	21337322	21537322	harbor2	chr14	21411390	21411780	DNA/TcMar-Tigger	653	+	195	21411585	74263
chr14	21337322	21537322	harbor2	chr14	21412095	21412140	DNA/TcMar-Tigger	653	+	22	21412117	74795
chr14	21337322	21537322	harbor2	chr14	21412444	21412590	DNA/TcMar-Tigger	653	+	73	21412517	75195
chr14	76939921	77139921	harbor2	chr14	76970672	76970938	DNA/TcMar-Tigger	1400	+	133	76970805	30884
chr14	76942497	77142497	harbor2	chr14	76970672	76970938	DNA/TcMar-Tigger	1400	+	133	76970805	28308
chr14	91481271	91681271	harbor2	chr14	91567031	91567118	DNA/TcMar-Tigger	439	+	44	91567075	85804
chr14	76928705	77128705	harbor2	chr14	76970672	76970938	DNA/TcMar-Tigger	1400	+	133	76970805	42100
chr14	23087290	23287290	harbor2	chr14	23149739	23150068	DNA/TcMar-Tigger	1939	+	164	23149903	62613
chr14	100323696	100523696	harbor2	chr14	100363133	100363290	DNA/TcMar-Tigger	449	+	78	100363211	39515
chr14	75915240	76115240	harbor2	chr14	75930325	75930560	DNA/TcMar-Tigger	1505	+	118	75930443	15203
chr14	75915240	76115240	harbor2	chr14	75942539	75942921	DNA/TcMar-Tigger	588	+	191	75942730	27490
chr14	99658830	99858830	harbor2	chr14	99700463	99701624	DNA/TcMar-Tigger	6668	+	580	99701043	42213
chr14	99658830	99858830	harbor2	chr14	99704335	99704578	DNA/TcMar-Tigger	577	+	122	99704457	45627
chr14	76932189	77132189	harbor2	chr14	76970672	76970938	DNA/TcMar-Tigger	1400	+	133	76970805	38616
chr14	76959696	77159696	harbor2	chr14	76970672	76970938	DNA/TcMar-Tigger	1400	+	133	76970805	11109
chr14	75329786	75529786	harbor2	chr14	75404555	75404786	DNA/TcMar-Tigger	453	+	116	75404671	74885
chr14	75329786	75529786	harbor2	chr14	75405990	75406141	DNA/TcMar-Tigger	442	+	76	75406066	76280
chr14	69667754	69867754	harbor2	chr14	69685785	69686364	DNA/TcMar-Tigger	1664	+	290	69686075	18321
chr14	95436168	95636168	harbor2	chr14	95487814	95488259	DNA/TcMar-Tigger	2771	+	222	95488036	51868
chr14	67259750	67459750	harbor2	chr14	67289302	67289523	DNA/TcMar-Tigger	1333	+	110	67289412	29662
chr14	67259750	67459750	harbor2	chr14	67346235	67346311	DNA/TcMar-Tigger	1112	+	38	67346273	86523
chr14	67259750	67459750	harbor2	chr14	67346615	67346992	DNA/TcMar-Tigger	1112	+	188	67346803	87053
chr14	67259750	67459750	harbor2	chr14	67347239	67347300	DNA/TcMar-Tigger	1112	+	30	67347269	87519
chr14	72458724	72658724	harbor2	chr14	72532039	72534419	DNA/TcMar-Tigger	15694	+	1190	72533229	74505
chr14	105388149	105588149	harbor2	chr14	105427140	105427697	DNA/TcMar-Tigger	1715	+	278	105427418	39269
chr14	21337315	21537315	harbor2	chr14	21380047	21380294	DNA/TcMar-Tigger	1087	+	124	21380171	42856
chr14	21337315	21537315	harbor2	chr14	21388272	21388482	DNA/TcMar-Tigger	1319	+	105	21388377	51062
chr14	21337315	21537315	harbor2	chr14	21388783	21388880	DNA/TcMar-Tigger	1319	+	48	21388831	51516
chr14	21337315	21537315	harbor2	chr14	21411390	21411780	DNA/TcMar-Tigger	653	+	195	21411585	74270
chr14	21337315	21537315	harbor2	chr14	21412095	21412140	DNA/TcMar-Tigger	653	+	22	21412117	74802
chr14	21337315	21537315	harbor2	chr14	21412444	21412590	DNA/TcMar-Tigger	653	+	73	21412517	75202
chr14	102409678	102609678	harbor2	chr14	102422857	102423091	DNA/TcMar-Tigger	783	+	117	102422974	13296
chr14	102409678	102609678	harbor2	chr14	102423590	102423723	DNA/TcMar-Tigger	774	+	66	102423656	13978
chr14	102409678	102609678	harbor2	chr14	102451437	102451722	DNA/TcMar-Tigger	653	+	142	102451579	41901
chr14	73684556	73884556	harbor2	chr14	73770671	73770855	DNA/TcMar-Tigger	611	+	92	73770763	86207
chr14	104416747	104616747	harbor2	chr14	104462498	104463189	DNA/TcMar-Tigger	3249	+	346	104462844	46097
chr14	104416747	104616747	harbor2	chr14	104466531	104466837	DNA/TcMar-Tigger	1533	+	153	104466684	49937
chr14	21337330	21537330	harbor2	chr14	21380047	21380294	DNA/TcMar-Tigger	1087	+	124	21380171	42841
chr14	21337330	21537330	harbor2	chr14	21388272	21388482	DNA/TcMar-Tigger	1319	+	105	21388377	51047
chr14	21337330	21537330	harbor2	chr14	21388783	21388880	DNA/TcMar-Tigger	1319	+	48	21388831	51501
chr14	21337330	21537330	harbor2	chr14	21411390	21411780	DNA/TcMar-Tigger	653	+	195	21411585	74255
chr14	21337330	21537330	harbor2	chr14	21412095	21412140	DNA/TcMar-Tigger	653	+	22	21412117	74787
chr14	21337330	21537330	harbor2	chr14	21412444	21412590	DNA/TcMar-Tigger	653	+	73	21412517	75187
chr14	91474914	91674914	harbor2	chr14	91567031	91567118	DNA/TcMar-Tigger	439	+	44	91567075	92161
chr14	100581532	100781532	harbor2	chr14	100618952	100619253	DNA/TcMar-Tigger	830	+	150	100619102	37570
chr14	75330552	75530552	harbor2	chr14	75404555	75404786	DNA/TcMar-Tigger	453	+	116	75404671	74119
chr14	75330552	75530552	harbor2	chr14	75405990	75406141	DNA/TcMar-Tigger	442	+	76	75406066	75514
chr14	102649173	102849173	harbor2	chr14	102664875	102665007	DNA/TcMar-Tigger	1446	+	66	102664941	15768
chr14	102649173	102849173	harbor2	chr14	102665305	102665520	DNA/TcMar-Tigger	1446	+	108	102665413	16240
chr14	102649173	102849173	harbor2	chr14	102689595	102689743	DNA/TcMar-Tigger	485	+	74	102689669	40496
chr14	64194993	64394993	harbor2	chr14	64240667	64240862	DNA/TcMar-Tigger	1776	+	98	64240765	45772
chr14	64194993	64394993	harbor2	chr14	64241171	64241296	DNA/TcMar-Tigger	1776	+	62	64241233	46240
chr14	103637279	103837279	harbor2	chr14	103675418	103675531	DNA/TcMar-Tigger	678	+	56	103675474	38195
chr14	76928673	77128673	harbor2	chr14	76970672	76970938	DNA/TcMar-Tigger	1400	+	133	76970805	42132
chr14	90288480	90488480	harbor2	chr14	90308131	90308325	DNA/TcMar-Tigger	767	+	97	90308228	19748
chr14	90288480	90488480	harbor2	chr14	90375957	90376175	DNA/TcMar-Tigger	1416	+	109	90376066	87586
chr15	74947206	75147206	harbor2	chr15	74980549	74980717	DNA/TcMar-Tigger	684	+	84	74980633	33427
chr15	74947206	75147206	harbor2	chr15	74983146	74983276	DNA/TcMar-Tigger	779	+	65	74983211	36005
chr15	74947206	75147206	harbor2	chr15	74983638	74983734	DNA/TcMar-Tigger	779	+	48	74983686	36480
chr15	35446251	35646251	harbor2	chr15	35446519	35446761	DNA/TcMar-Tigger	5891	+	121	35446640	389
chr15	101861517	102061517	harbor2	chr15	101929977	101930284	DNA/TcMar-Tigger	1514	+	154	101930131	68614
chr15	45030353	45230353	harbor2	chr15	45084730	45085050	DNA/TcMar-Tigger	1950	+	160	45084890	54537
chr15	36839296	37039296	harbor2	chr15	36853518	36853832	DNA/TcMar-Tigger	1582	+	157	36853675	14379
chr15	35446684	35646684	harbor2	chr15	35446519	35446761	DNA/TcMar-Tigger	5891	+	121	35446640	44
chr15	101861533	102061533	harbor2	chr15	101929977	101930284	DNA/TcMar-Tigger	1514	+	154	101930131	68598
chr15	45378429	45578429	harbor2	chr15	45422939	45423043	DNA/TcMar-Tigger	1347	+	52	45422991	44562
chr15	45378429	45578429	harbor2	chr15	45423340	45423577	DNA/TcMar-Tigger	1347	+	118	45423458	45029
chr15	45378429	45578429	harbor2	chr15	45424888	45424944	DNA/TcMar-Tigger	937	+	28	45424916	46487
chr15	45378429	45578429	harbor2	chr15	45425204	45425364	DNA/TcMar-Tigger	937	+	80	45425284	46855
chr15	45378429	45578429	harbor2	chr15	45425526	45425773	DNA/TcMar-Tigger	1216	+	124	45425650	47221
chr15	36495947	36695947	harbor2	chr15	36551414	36551651	DNA/TcMar-Tigger	420	+	118	36551532	55585
chr15	32618800	32818800	harbor2	chr15	32673685	32673731	DNA/TcMar-Tigger	459	+	23	32673708	54908
chr15	32618800	32818800	harbor2	chr15	32674019	32674294	DNA/TcMar-Tigger	459	+	138	32674157	55357
chr15	35446583	35646583	harbor2	chr15	35446519	35446761	DNA/TcMar-Tigger	5891	+	121	35446640	57
chr15	35446683	35646683	harbor2	chr15	35446519	35446761	DNA/TcMar-Tigger	5891	+	121	35446640	43
chr15	36491544	36691544	harbor2	chr15	36551414	36551651	DNA/TcMar-Tigger	420	+	118	36551532	59988
chr15	36685156	36885156	harbor2	chr15	36757437	36758131	DNA/TcMar-Tigger	3787	+	347	36757784	72628
chr15	36685156	36885156	harbor2	chr15	36772153	36772465	DNA/TcMar-Tigger	915	+	156	36772309	87153
chr15	101862196	102062196	harbor2	chr15	101929977	101930284	DNA/TcMar-Tigger	1514	+	154	101930131	67935
chr15	34109976	34309976	harbor2	chr15	34201772	34202106	DNA/TcMar-Tigger	1977	+	167	34201939	91963
chr15	36787076	36987076	harbor2	chr15	36853518	36853832	DNA/TcMar-Tigger	1582	+	157	36853675	66599
chr15	65277620	65477620	harbor2	chr15	65289415	65289771	DNA/TcMar-Tigger	5937	+	178	65289593	11973
chr15	65277620	65477620	harbor2	chr15	65290725	65290952	DNA/TcMar-Tigger	1840	+	114	65290839	13219
chr15	65277620	65477620	harbor2	chr15	65291242	65291419	DNA/TcMar-Tigger	1840	+	88	65291330	13710
chr15	65277620	65477620	harbor2	chr15	65291714	65291784	DNA/TcMar-Tigger	1840	+	35	65291749	14129
chr15	65277620	65477620	harbor2	chr15	65290071	65290738	DNA/TcMar-Tigger	5937	+	334	65290405	12785
chr15	101624468	101824468	harbor2	chr15	101663107	101663194	DNA/TcMar-Tigger	1412	+	44	101663151	38683
chr15	101624468	101824468	harbor2	chr15	101663293	101663518	DNA/TcMar-Tigger	1412	+	112	101663405	38937
chr15	101624468	101824468	harbor2	chr15	101668708	101669818	DNA/TcMar-Tigger	6639	+	555	101669263	44795
chr15	101624468	101824468	harbor2	chr15	101673943	101674550	DNA/TcMar-Tigger	3945	+	304	101674247	49779
chr15	101624468	101824468	harbor2	chr15	101674835	101674965	DNA/TcMar-Tigger	3945	+	65	101674900	50432
chr15	101624468	101824468	harbor2	chr15	101711380	101711791	DNA/TcMar-Tigger	2434	+	206	101711586	87118
chr15	101624468	101824468	harbor2	chr15	101721426	101721463	DNA/TcMar-Tigger	1995	+	18	101721444	96976
chr15	101624468	101824468	harbor2	chr15	101721795	101722108	DNA/TcMar-Tigger	1995	+	156	101721951	97483
chr15	28550210	28750210	harbor2	chr15	28627237	28627572	DNA/TcMar-Tigger	1623	+	168	28627405	77195
chr15	101876518	102076518	harbor2	chr15	101929977	101930284	DNA/TcMar-Tigger	1514	+	154	101930131	53613
chr15	101875496	102075496	harbor2	chr15	101929977	101930284	DNA/TcMar-Tigger	1514	+	154	101930131	54635
chr15	74947209	75147209	harbor2	chr15	74980549	74980717	DNA/TcMar-Tigger	684	+	84	74980633	33424
chr15	74947209	75147209	harbor2	chr15	74983146	74983276	DNA/TcMar-Tigger	779	+	65	74983211	36002
chr15	74947209	75147209	harbor2	chr15	74983638	74983734	DNA/TcMar-Tigger	779	+	48	74983686	36477
chr15	35446697	35646697	harbor2	chr15	35446519	35446761	DNA/TcMar-Tigger	5891	+	121	35446640	57
chr15	96462468	96662468	harbor2	chr15	96551021	96551313	DNA/TcMar-Tigger	1104	+	146	96551167	88699
chr15	35446610	35646610	harbor2	chr15	35446519	35446761	DNA/TcMar-Tigger	5891	+	121	35446640	30
chr15	78669137	78869137	harbor2	chr15	78680342	78680516	DNA/TcMar-Tigger	827	+	87	78680429	11292
chr15	35446521	35646521	harbor2	chr15	35446519	35446761	DNA/TcMar-Tigger	5891	+	121	35446640	119
chr15	38233430	38433430	harbor2	chr15	38287587	38287735	DNA/TcMar-Tigger	534	+	74	38287661	54231
chr15	38233430	38433430	harbor2	chr15	38287721	38287868	DNA/TcMar-Tigger	877	+	74	38287795	54365
chr15	38233430	38433430	harbor2	chr15	38300226	38300395	DNA/TcMar-Tigger	430	+	84	38300310	66880
chr15	38233430	38433430	harbor2	chr15	38324951	38325013	DNA/TcMar-Tigger	450	+	31	38324982	91552
chr15	38233430	38433430	harbor2	chr15	38325133	38325424	DNA/TcMar-Tigger	1591	+	146	38325279	91849
chr15	35446201	35646201	harbor2	chr15	35445432	35446219	DNA/TcMar-Tigger	5891	+	394	35445826	375
chr15	35446201	35646201	harbor2	chr15	35446519	35446761	DNA/TcMar-Tigger	5891	+	121	35446640	439
chr15	50808701	51008701	harbor2	chr15	50808503	50808739	DNA/TcMar-Tigger	1559	+	118	50808621	80
chr15	50808701	51008701	harbor2	chr15	50823485	50823719	DNA/TcMar-Tigger	556	+	117	50823602	14901
chr15	50808701	51008701	harbor2	chr15	50882664	50882687	DNA/TcMar-Tigger	1650	+	12	50882676	73975
chr15	50808701	51008701	harbor2	chr15	50882995	50883218	DNA/TcMar-Tigger	1650	+	112	50883107	74406
chr15	50808701	51008701	harbor2	chr15	50883537	50883591	DNA/TcMar-Tigger	1650	+	27	50883564	74863
chr15	50808701	51008701	harbor2	chr15	50884299	50884609	DNA/TcMar-Tigger	1833	+	155	50884454	75753
chr15	101861525	102061525	harbor2	chr15	101929977	101930284	DNA/TcMar-Tigger	1514	+	154	101930131	68606
chr15	29334927	29534927	harbor2	chr15	29372115	29372553	DNA/TcMar-Tigger	2656	+	219	29372334	37407
chr15	35446653	35646653	harbor2	chr15	35446519	35446761	DNA/TcMar-Tigger	5891	+	121	35446640	13
chr15	68720982	68920982	harbor2	chr15	68722216	68722480	DNA/TcMar-Tigger	590	+	132	68722348	1366
chr15	72428517	72628517	harbor2	chr15	72467725	72468046	DNA/TcMar-Tigger	1369	+	160	72467885	39368
chr15	72428517	72628517	harbor2	chr15	72478819	72478872	DNA/TcMar-Tigger	1172	+	26	72478845	50328
chr15	72428517	72628517	harbor2	chr15	72479112	72479284	DNA/TcMar-Tigger	1172	+	86	72479198	50681
chr15	72428517	72628517	harbor2	chr15	72486164	72486423	DNA/TcMar-Tigger	1215	+	130	72486294	57777
chr15	72428517	72628517	harbor2	chr15	72486422	72486518	DNA/TcMar-Tigger	508	+	48	72486470	57953
chr15	101862010	102062010	harbor2	chr15	101929977	101930284	DNA/TcMar-Tigger	1514	+	154	101930131	68121
chr15	29332913	29532913	harbor2	chr15	29372115	29372553	DNA/TcMar-Tigger	2656	+	219	29372334	39421
chr15	20980576	21180576	harbor2	chr15	20980677	20980987	DNA/TcMar-Tigger	1184	+	155	20980832	256
chr15	37063889	37263889	harbor2	chr15	37162474	37162888	DNA/TcMar-Tigger	2330	+	207	37162681	98792
chr15	48389932	48589932	harbor2	chr15	48446186	48446535	DNA/TcMar-Tigger	2036	+	174	48446360	56428
chr15	34238104	34438104	harbor2	chr15	34312662	34314049	DNA/TcMar-Tigger	11832	+	694	34313356	75252
chr15	34238104	34438104	harbor2	chr15	34314346	34314727	DNA/TcMar-Tigger	11832	+	190	34314536	76432
chr15	34238104	34438104	harbor2	chr15	34314827	34315438	DNA/TcMar-Tigger	11832	+	306	34315133	77029
chr15	34238104	34438104	harbor2	chr15	34315578	34315703	DNA/TcMar-Tigger	999	+	62	34315640	77536
chr15	34238104	34438104	harbor2	chr15	34315964	34316034	DNA/TcMar-Tigger	999	+	35	34315999	77895
chr15	69199269	69399269	harbor2	chr15	69255257	69255485	DNA/TcMar-Tigger	1132	+	114	69255371	56102
chr15	36837616	37037616	harbor2	chr15	36853518	36853832	DNA/TcMar-Tigger	1582	+	157	36853675	16059
chr15	79823750	80023750	harbor2	chr15	79838851	79839085	DNA/TcMar-Tigger	1424	+	117	79838968	15218
chr15	45302521	45502521	harbor2	chr15	45325047	45325468	DNA/TcMar-Tigger	2217	+	210	45325257	22736
chr15	45302521	45502521	harbor2	chr15	45359662	45360438	DNA/TcMar-Tigger	3449	+	388	45360050	57529
chr15	45302521	45502521	harbor2	chr15	45366723	45367035	DNA/TcMar-Tigger	1617	+	156	45366879	64358
chr15	45302521	45502521	harbor2	chr15	45370680	45370769	DNA/TcMar-Tigger	787	+	44	45370724	68203
chr15	45302521	45502521	harbor2	chr15	45371073	45371331	DNA/TcMar-Tigger	787	+	129	45371202	68681
chr15	56979942	57179942	harbor2	chr15	57008710	57008861	DNA/TcMar-Tigger	446	+	76	57008786	28844
chr15	56979942	57179942	harbor2	chr15	57008955	57009109	DNA/TcMar-Tigger	506	+	77	57009032	29090
chr15	56979942	57179942	harbor2	chr15	57009411	57009473	DNA/TcMar-Tigger	506	+	31	57009442	29500
chr15	56979942	57179942	harbor2	chr15	57021690	57021923	DNA/TcMar-Tigger	1168	+	116	57021806	41864
chr15	56979942	57179942	harbor2	chr15	57023392	57023561	DNA/TcMar-Tigger	504	+	84	57023476	43534
chr15	101859001	102059001	harbor2	chr15	101929977	101930284	DNA/TcMar-Tigger	1514	+	154	101930131	71130
chr15	101624486	101824486	harbor2	chr15	101663107	101663194	DNA/TcMar-Tigger	1412	+	44	101663151	38665
chr15	101624486	101824486	harbor2	chr15	101663293	101663518	DNA/TcMar-Tigger	1412	+	112	101663405	38919
chr15	101624486	101824486	harbor2	chr15	101668708	101669818	DNA/TcMar-Tigger	6639	+	555	101669263	44777
chr15	101624486	101824486	harbor2	chr15	101673943	101674550	DNA/TcMar-Tigger	3945	+	304	101674247	49761
chr15	101624486	101824486	harbor2	chr15	101674835	101674965	DNA/TcMar-Tigger	3945	+	65	101674900	50414
chr15	101624486	101824486	harbor2	chr15	101711380	101711791	DNA/TcMar-Tigger	2434	+	206	101711586	87100
chr15	101624486	101824486	harbor2	chr15	101721426	101721463	DNA/TcMar-Tigger	1995	+	18	101721444	96958
chr15	101624486	101824486	harbor2	chr15	101721795	101722108	DNA/TcMar-Tigger	1995	+	156	101721951	97465
chr15	45487658	45687658	harbor2	chr15	45498328	45498452	DNA/TcMar-Tigger	718	+	62	45498390	10732
chr15	78668235	78868235	harbor2	chr15	78680342	78680516	DNA/TcMar-Tigger	827	+	87	78680429	12194
chr15	49055735	49255735	harbor2	chr15	49075294	49075658	DNA/TcMar-Tigger	1631	+	182	49075476	19741
chr15	49055735	49255735	harbor2	chr15	49081047	49081929	DNA/TcMar-Tigger	4770	+	441	49081488	25753
chr15	49055735	49255735	harbor2	chr15	49105460	49105972	DNA/TcMar-Tigger	2568	+	256	49105716	49981
chr16	58760120	58960120	harbor2	chr16	58810492	58810882	DNA/TcMar-Tigger	1943	+	195	58810687	50567
chr16	58760120	58960120	harbor2	chr16	58829456	58829585	DNA/TcMar-Tigger	1142	+	64	58829520	69400
chr16	58760120	58960120	harbor2	chr16	58829886	58830080	DNA/TcMar-Tigger	1142	+	97	58829983	69863
chr16	58760120	58960120	harbor2	chr16	58830494	58830505	DNA/TcMar-Tigger	1142	+	6	58830500	70380
chr16	67010338	67210338	harbor2	chr16	67056135	67056500	DNA/TcMar-Tigger	2114	+	182	67056317	45979
chr16	67009867	67209867	harbor2	chr16	67056135	67056500	DNA/TcMar-Tigger	2114	+	182	67056317	46450
chr16	167275	367275	harbor2	chr16	202445	202724	DNA/TcMar-Tigger	1378	+	140	202585	35310
chr16	53038047	53238047	harbor2	chr16	53057694	53058114	DNA/TcMar-Tigger	2512	+	210	53057904	19857
chr16	53038047	53238047	harbor2	chr16	53058419	53058470	DNA/TcMar-Tigger	2512	+	26	53058445	20398
chr16	53038047	53238047	harbor2	chr16	53059783	53059892	DNA/TcMar-Tigger	618	+	54	53059837	21790
chr16	53038047	53238047	harbor2	chr16	53125183	53125218	DNA/TcMar-Tigger	2161	+	18	53125201	87154
chr16	53038047	53238047	harbor2	chr16	53125535	53125908	DNA/TcMar-Tigger	2161	+	186	53125721	87674
chr16	4085358	4285358	harbor2	chr16	4125161	4125375	DNA/TcMar-Tigger	977	+	107	4125268	39910
chr16	4085358	4285358	harbor2	chr16	4167877	4167933	DNA/TcMar-Tigger	1917	+	28	4167905	82547
chr16	4085358	4285358	harbor2	chr16	4168238	4168527	DNA/TcMar-Tigger	1917	+	144	4168382	83024
chr16	1555502	1755502	harbor2	chr16	1575933	1576003	DNA/TcMar-Tigger	4627	+	35	1575968	20466
chr16	1555502	1755502	harbor2	chr16	1576610	1577552	DNA/TcMar-Tigger	4627	+	471	1577081	21579
chr16	56535582	56735582	harbor2	chr16	56594452	56594763	DNA/TcMar-Tigger	1777	+	156	56594608	59026
chr16	4153746	4353746	harbor2	chr16	4167877	4167933	DNA/TcMar-Tigger	1917	+	28	4167905	14159
chr16	4153746	4353746	harbor2	chr16	4168238	4168527	DNA/TcMar-Tigger	1917	+	144	4168382	14636
chr16	245098	445098	harbor2	chr16	316725	316907	DNA/TcMar-Tigger	689	+	91	316816	71718
chr16	2371372	2571372	harbor2	chr16	2372249	2372584	DNA/TcMar-Tigger	1677	+	168	2372417	1045
chr16	2371372	2571372	harbor2	chr16	2372744	2373117	DNA/TcMar-Tigger	1677	+	186	2372930	1558
chr16	66929017	67129017	harbor2	chr16	66980202	66980348	DNA/TcMar-Tigger	864	+	73	66980275	51258
chr16	30435060	30635060	harbor2	chr16	30452136	30452463	DNA/TcMar-Tigger	1671	+	164	30452300	17240
chr16	4084908	4284908	harbor2	chr16	4125161	4125375	DNA/TcMar-Tigger	977	+	107	4125268	40360
chr16	4084908	4284908	harbor2	chr16	4167877	4167933	DNA/TcMar-Tigger	1917	+	28	4167905	82997
chr16	4084908	4284908	harbor2	chr16	4168238	4168527	DNA/TcMar-Tigger	1917	+	144	4168382	83474
chr16	2870244	3070244	harbor2	chr16	2944415	2944552	DNA/TcMar-Tigger	2485	+	68	2944483	74239
chr16	2870244	3070244	harbor2	chr16	2944837	2945067	DNA/TcMar-Tigger	2485	+	115	2944952	74708
chr16	2870244	3070244	harbor2	chr16	2945650	2945715	DNA/TcMar-Tigger	2485	+	32	2945682	75438
chr16	2870244	3070244	harbor2	chr16	2946016	2946308	DNA/TcMar-Tigger	2485	+	146	2946162	75918
chr16	67010349	67210349	harbor2	chr16	67056135	67056500	DNA/TcMar-Tigger	2114	+	182	67056317	45968
chr16	12056811	12256811	harbor2	chr16	12060085	12060309	DNA/TcMar-Tigger	925	+	112	12060197	3386
chr16	12056811	12256811	harbor2	chr16	12060616	12060639	DNA/TcMar-Tigger	925	+	12	12060628	3817
chr16	56508531	56708531	harbor2	chr16	56594452	56594763	DNA/TcMar-Tigger	1777	+	156	56594608	86077
chr16	4084077	4284077	harbor2	chr16	4125161	4125375	DNA/TcMar-Tigger	977	+	107	4125268	41191
chr16	4084077	4284077	harbor2	chr16	4167877	4167933	DNA/TcMar-Tigger	1917	+	28	4167905	83828
chr16	4084077	4284077	harbor2	chr16	4168238	4168527	DNA/TcMar-Tigger	1917	+	144	4168382	84305
chr16	2865147	3065147	harbor2	chr16	2944415	2944552	DNA/TcMar-Tigger	2485	+	68	2944483	79336
chr16	2865147	3065147	harbor2	chr16	2944837	2945067	DNA/TcMar-Tigger	2485	+	115	2944952	79805
chr16	2865147	3065147	harbor2	chr16	2945650	2945715	DNA/TcMar-Tigger	2485	+	32	2945682	80535
chr16	2865147	3065147	harbor2	chr16	2946016	2946308	DNA/TcMar-Tigger	2485	+	146	2946162	81015
chr16	4085175	4285175	harbor2	chr16	4125161	4125375	DNA/TcMar-Tigger	977	+	107	4125268	40093
chr16	4085175	4285175	harbor2	chr16	4167877	4167933	DNA/TcMar-Tigger	1917	+	28	4167905	82730
chr16	4085175	4285175	harbor2	chr16	4168238	4168527	DNA/TcMar-Tigger	1917	+	144	4168382	83207
chr16	56536591	56736591	harbor2	chr16	56594452	56594763	DNA/TcMar-Tigger	1777	+	156	56594608	58017
chr16	71270097	71470097	harbor2	chr16	71294484	71294824	DNA/TcMar-Tigger	1938	+	170	71294654	24557
chr16	4998410	5198410	harbor2	chr16	4998843	4999322	DNA/TcMar-Tigger	1970	+	240	4999083	673
chr16	4998410	5198410	harbor2	chr16	5067535	5067733	DNA/TcMar-Tigger	886	+	99	5067634	69224
chr16	67010382	67210382	harbor2	chr16	67056135	67056500	DNA/TcMar-Tigger	2114	+	182	67056317	45935
chr16	168997	368997	harbor2	chr16	202445	202724	DNA/TcMar-Tigger	1378	+	140	202585	33588
chr16	270155	470155	harbor2	chr16	316725	316907	DNA/TcMar-Tigger	689	+	91	316816	46661
chr16	88052441	88252441	harbor2	chr16	88069853	88070296	DNA/TcMar-Tigger	1501	+	222	88070075	17634
chr16	67010350	67210350	harbor2	chr16	67056135	67056500	DNA/TcMar-Tigger	2114	+	182	67056317	45967
chr16	49757847	49957847	harbor2	chr16	49819844	49820002	DNA/TcMar-Tigger	948	+	79	49819923	62076
chr16	2865121	3065121	harbor2	chr16	2944415	2944552	DNA/TcMar-Tigger	2485	+	68	2944483	79362
chr16	2865121	3065121	harbor2	chr16	2944837	2945067	DNA/TcMar-Tigger	2485	+	115	2944952	79831
chr16	2865121	3065121	harbor2	chr16	2945650	2945715	DNA/TcMar-Tigger	2485	+	32	2945682	80561
chr16	2865121	3065121	harbor2	chr16	2946016	2946308	DNA/TcMar-Tigger	2485	+	146	2946162	81041
chr16	82831292	83031292	harbor2	chr16	82847877	82847953	DNA/TcMar-Tigger	15159	+	38	82847915	16623
chr16	82831292	83031292	harbor2	chr16	82848395	82849222	DNA/TcMar-Tigger	15159	+	414	82848809	17517
chr16	82831292	83031292	harbor2	chr16	82849525	82851047	DNA/TcMar-Tigger	15159	+	761	82850286	18994
chr16	82831292	83031292	harbor2	chr16	82908818	82909054	DNA/TcMar-Tigger	1238	+	118	82908936	77644
chr16	187322	387322	harbor2	chr16	202445	202724	DNA/TcMar-Tigger	1378	+	140	202585	15263
chr16	4085109	4285109	harbor2	chr16	4125161	4125375	DNA/TcMar-Tigger	977	+	107	4125268	40159
chr16	4085109	4285109	harbor2	chr16	4167877	4167933	DNA/TcMar-Tigger	1917	+	28	4167905	82796
chr16	4085109	4285109	harbor2	chr16	4168238	4168527	DNA/TcMar-Tigger	1917	+	144	4168382	83273
chr16	2873823	3073823	harbor2	chr16	2944415	2944552	DNA/TcMar-Tigger	2485	+	68	2944483	70660
chr16	2873823	3073823	harbor2	chr16	2944837	2945067	DNA/TcMar-Tigger	2485	+	115	2944952	71129
chr16	2873823	3073823	harbor2	chr16	2945650	2945715	DNA/TcMar-Tigger	2485	+	32	2945682	71859
chr16	2873823	3073823	harbor2	chr16	2946016	2946308	DNA/TcMar-Tigger	2485	+	146	2946162	72339
chr16	67033235	67233235	harbor2	chr16	67056135	67056500	DNA/TcMar-Tigger	2114	+	182	67056317	23082
chr16	2868940	3068940	harbor2	chr16	2944415	2944552	DNA/TcMar-Tigger	2485	+	68	2944483	75543
chr16	2868940	3068940	harbor2	chr16	2944837	2945067	DNA/TcMar-Tigger	2485	+	115	2944952	76012
chr16	2868940	3068940	harbor2	chr16	2945650	2945715	DNA/TcMar-Tigger	2485	+	32	2945682	76742
chr16	2868940	3068940	harbor2	chr16	2946016	2946308	DNA/TcMar-Tigger	2485	+	146	2946162	77222
chr16	75364243	75564243	harbor2	chr16	75433679	75434907	DNA/TcMar-Tigger	15719	+	614	75434293	70050
chr16	75364243	75564243	harbor2	chr16	75435212	75436389	DNA/TcMar-Tigger	15719	+	588	75435800	71557
chr16	75364243	75564243	harbor2	chr16	75436679	75436965	DNA/TcMar-Tigger	15719	+	143	75436822	72579
chr17	81925783	82125783	harbor2	chr17	81946000	81946072	DNA/TcMar-Tigger	865	+	36	81946036	20253
chr17	81925783	82125783	harbor2	chr17	81946678	81946688	DNA/TcMar-Tigger	865	+	5	81946683	20900
chr17	81925783	82125783	harbor2	chr17	81947005	81947211	DNA/TcMar-Tigger	865	+	103	81947108	21325
chr17	79703259	79903259	harbor2	chr17	79717124	79717300	DNA/TcMar-Tigger	1230	+	88	79717212	13953
chr17	79703259	79903259	harbor2	chr17	79717603	79717716	DNA/TcMar-Tigger	1230	+	56	79717659	14400
chr17	79703259	79903259	harbor2	chr17	79718018	79718095	DNA/TcMar-Tigger	1230	+	38	79718056	14797
chr17	63524434	63724434	harbor2	chr17	63619372	63619408	DNA/TcMar-Tigger	2080	+	18	63619390	94956
chr17	63524434	63724434	harbor2	chr17	63619714	63620043	DNA/TcMar-Tigger	2080	+	164	63619878	95444
chr17	79533790	79733790	harbor2	chr17	79568303	79568529	DNA/TcMar-Tigger	1301	+	113	79568416	34626
chr17	79696192	79896192	harbor2	chr17	79717124	79717300	DNA/TcMar-Tigger	1230	+	88	79717212	21020
chr17	79696192	79896192	harbor2	chr17	79717603	79717716	DNA/TcMar-Tigger	1230	+	56	79717659	21467
chr17	79696192	79896192	harbor2	chr17	79718018	79718095	DNA/TcMar-Tigger	1230	+	38	79718056	21864
chr17	36848807	37048807	harbor2	chr17	36856187	36856432	DNA/TcMar-Tigger	1535	+	122	36856309	7502
chr17	72949343	73149343	harbor2	chr17	72965348	72965703	DNA/TcMar-Tigger	2196	+	178	72965526	16183
chr17	72949343	73149343	harbor2	chr17	72974045	72974099	DNA/TcMar-Tigger	3978	+	27	72974072	24729
chr17	72949343	73149343	harbor2	chr17	72974400	72975091	DNA/TcMar-Tigger	3978	+	346	72974746	25403
chr17	72949343	73149343	harbor2	chr17	72997555	72998222	DNA/TcMar-Tigger	3765	+	334	72997889	48546
chr17	18021809	18221809	harbor2	chr17	18057737	18057839	DNA/TcMar-Tigger	1898	+	51	18057788	35979
chr17	18021809	18221809	harbor2	chr17	18058131	18058373	DNA/TcMar-Tigger	1898	+	121	18058252	36443
chr17	3792936	3992936	harbor2	chr17	3807940	3808416	DNA/TcMar-Tigger	1046	+	238	3808178	15242
chr17	3792936	3992936	harbor2	chr17	3815579	3815898	DNA/TcMar-Tigger	1229	+	160	3815739	22803
chr17	3792936	3992936	harbor2	chr17	3818804	3819275	DNA/TcMar-Tigger	2926	+	236	3819040	26104
chr17	3792936	3992936	harbor2	chr17	3819582	3819717	DNA/TcMar-Tigger	2926	+	68	3819650	26714
chr17	80934876	81134876	harbor2	chr17	80940124	80940450	DNA/TcMar-Tigger	872	+	163	80940287	5411
chr17	78924121	79124121	harbor2	chr17	78986202	78986358	DNA/TcMar-Tigger	825	+	78	78986280	62159
chr17	78924121	79124121	harbor2	chr17	78986363	78986602	DNA/TcMar-Tigger	1140	+	120	78986483	62362
chr17	76637927	76837927	harbor2	chr17	76650043	76650188	DNA/TcMar-Tigger	659	+	72	76650115	12188
chr17	80934862	81134862	harbor2	chr17	80940124	80940450	DNA/TcMar-Tigger	872	+	163	80940287	5425
chr17	79703204	79903204	harbor2	chr17	79717124	79717300	DNA/TcMar-Tigger	1230	+	88	79717212	14008
chr17	79703204	79903204	harbor2	chr17	79717603	79717716	DNA/TcMar-Tigger	1230	+	56	79717659	14455
chr17	79703204	79903204	harbor2	chr17	79718018	79718095	DNA/TcMar-Tigger	1230	+	38	79718056	14852
chr17	80934904	81134904	harbor2	chr17	80940124	80940450	DNA/TcMar-Tigger	872	+	163	80940287	5383
chr17	81930270	82130270	harbor2	chr17	81946000	81946072	DNA/TcMar-Tigger	865	+	36	81946036	15766
chr17	81930270	82130270	harbor2	chr17	81946678	81946688	DNA/TcMar-Tigger	865	+	5	81946683	16413
chr17	81930270	82130270	harbor2	chr17	81947005	81947211	DNA/TcMar-Tigger	865	+	103	81947108	16838
chr17	77746448	77946448	harbor2	chr17	77773302	77773391	DNA/TcMar-Tigger	1897	+	44	77773346	26898
chr17	77746448	77946448	harbor2	chr17	77773434	77773522	DNA/TcMar-Tigger	1897	+	44	77773478	27030
chr17	77746448	77946448	harbor2	chr17	77773826	77774060	DNA/TcMar-Tigger	1897	+	117	77773943	27495
chr17	77746448	77946448	harbor2	chr17	77806345	77806554	DNA/TcMar-Tigger	1911	+	104	77806449	60001
chr17	77746448	77946448	harbor2	chr17	77806858	77807093	DNA/TcMar-Tigger	1911	+	118	77806976	60528
chr17	76638000	76838000	harbor2	chr17	76650043	76650188	DNA/TcMar-Tigger	659	+	72	76650115	12115
chr17	80705801	80905801	harbor2	chr17	80734741	80735061	DNA/TcMar-Tigger	1546	+	160	80734901	29100
chr17	80705801	80905801	harbor2	chr17	80793117	80793318	DNA/TcMar-Tigger	1082	+	100	80793217	87416
chr17	82774089	82974089	harbor2	chr17	82854171	82854897	DNA/TcMar-Tigger	2392	+	363	82854534	80445
chr17	79709040	79909040	harbor2	chr17	79717124	79717300	DNA/TcMar-Tigger	1230	+	88	79717212	8172
chr17	79709040	79909040	harbor2	chr17	79717603	79717716	DNA/TcMar-Tigger	1230	+	56	79717659	8619
chr17	79709040	79909040	harbor2	chr17	79718018	79718095	DNA/TcMar-Tigger	1230	+	38	79718056	9016
chr17	77101168	77301168	harbor2	chr17	77153995	77154188	DNA/TcMar-Tigger	1170	+	96	77154091	52923
chr17	77101168	77301168	harbor2	chr17	77154460	77154611	DNA/TcMar-Tigger	1170	+	76	77154536	53368
chr17	77101168	77301168	harbor2	chr17	77186988	77187222	DNA/TcMar-Tigger	1423	+	117	77187105	85937
chr17	80934867	81134867	harbor2	chr17	80940124	80940450	DNA/TcMar-Tigger	872	+	163	80940287	5420
chr17	80315303	80515303	harbor2	chr17	80341770	80341807	DNA/TcMar-Tigger	1128	+	18	80341788	26485
chr17	80315303	80515303	harbor2	chr17	80342098	80342334	DNA/TcMar-Tigger	1128	+	118	80342216	26913
chr17	50068224	50268224	harbor2	chr17	50072920	50073180	DNA/TcMar-Tigger	651	+	130	50073050	4826
chr17	79354447	79554447	harbor2	chr17	79435780	79435991	DNA/TcMar-Tigger	720	+	106	79435886	81439
chr17	79703986	79903986	harbor2	chr17	79717124	79717300	DNA/TcMar-Tigger	1230	+	88	79717212	13226
chr17	79703986	79903986	harbor2	chr17	79717603	79717716	DNA/TcMar-Tigger	1230	+	56	79717659	13673
chr17	79703986	79903986	harbor2	chr17	79718018	79718095	DNA/TcMar-Tigger	1230	+	38	79718056	14070
chr17	77288798	77488798	harbor2	chr17	77347669	77348020	DNA/TcMar-Tigger	1988	+	176	77347845	59047
chr17	33193427	33393427	harbor2	chr17	33284105	33284341	DNA/TcMar-Tigger	600	+	118	33284223	90796
chr17	49774727	49974727	harbor2	chr17	49790553	49790850	DNA/TcMar-Tigger	715	+	148	49790701	15974
chr17	49774727	49974727	harbor2	chr17	49792403	49792811	DNA/TcMar-Tigger	2396	+	204	49792607	17880
chr17	49774727	49974727	harbor2	chr17	49793113	49793197	DNA/TcMar-Tigger	2396	+	42	49793155	18428
chr17	49774727	49974727	harbor2	chr17	49813526	49813864	DNA/TcMar-Tigger	1683	+	169	49813695	38968
chr17	49774727	49974727	harbor2	chr17	49825467	49825791	DNA/TcMar-Tigger	2004	+	162	49825629	50902
chr17	49774727	49974727	harbor2	chr17	49823689	49824264	DNA/TcMar-Tigger	2582	+	288	49823977	49250
chr17	76637998	76837998	harbor2	chr17	76650043	76650188	DNA/TcMar-Tigger	659	+	72	76650115	12117
chr17	76637250	76837250	harbor2	chr17	76650043	76650188	DNA/TcMar-Tigger	659	+	72	76650115	12865
chr17	77156768	77356768	harbor2	chr17	77186988	77187222	DNA/TcMar-Tigger	1423	+	117	77187105	30337
chr17	79705231	79905231	harbor2	chr17	79717124	79717300	DNA/TcMar-Tigger	1230	+	88	79717212	11981
chr17	79705231	79905231	harbor2	chr17	79717603	79717716	DNA/TcMar-Tigger	1230	+	56	79717659	12428
chr17	79705231	79905231	harbor2	chr17	79718018	79718095	DNA/TcMar-Tigger	1230	+	38	79718056	12825
chr17	33193168	33393168	harbor2	chr17	33284105	33284341	DNA/TcMar-Tigger	600	+	118	33284223	91055
chr17	76300002	76500002	harbor2	chr17	76309626	76309835	DNA/TcMar-Tigger	830	+	104	76309730	9728
chr17	76300002	76500002	harbor2	chr17	76320371	76320423	DNA/TcMar-Tigger	4099	+	26	76320397	20395
chr17	76300002	76500002	harbor2	chr17	76320710	76320776	DNA/TcMar-Tigger	4099	+	33	76320743	20741
chr17	76300002	76500002	harbor2	chr17	76321083	76321282	DNA/TcMar-Tigger	4099	+	100	76321183	21181
chr17	76300002	76500002	harbor2	chr17	76321494	76322114	DNA/TcMar-Tigger	4099	+	310	76321804	21802
chr17	76300002	76500002	harbor2	chr17	76322421	76322547	DNA/TcMar-Tigger	834	+	63	76322484	22482
chr17	76300002	76500002	harbor2	chr17	76323358	76323863	DNA/TcMar-Tigger	2944	+	252	76323610	23608
chr17	76300002	76500002	harbor2	chr17	76324160	76324195	DNA/TcMar-Tigger	2944	+	18	76324178	24176
chr17	76300002	76500002	harbor2	chr17	76324615	76324708	DNA/TcMar-Tigger	615	+	46	76324661	24659
chr17	76300002	76500002	harbor2	chr17	76325483	76325598	DNA/TcMar-Tigger	1787	+	58	76325541	25539
chr17	76300002	76500002	harbor2	chr17	76325906	76326118	DNA/TcMar-Tigger	1787	+	106	76326012	26010
chr17	76300002	76500002	harbor2	chr17	76331350	76331690	DNA/TcMar-Tigger	1151	+	170	76331520	31518
chr17	78924099	79124099	harbor2	chr17	78986202	78986358	DNA/TcMar-Tigger	825	+	78	78986280	62181
chr17	78924099	79124099	harbor2	chr17	78986363	78986602	DNA/TcMar-Tigger	1140	+	120	78986483	62384
chr17	9859773	10059773	harbor2	chr17	9947887	9948228	DNA/TcMar-Tigger	1848	+	170	9948057	88284
chr17	1663508	1863508	harbor2	chr17	1671285	1671436	DNA/TcMar-Tigger	937	+	76	1671361	7853
chr17	1663508	1863508	harbor2	chr17	1672050	1672104	DNA/TcMar-Tigger	937	+	27	1672077	8569
chr17	39497259	39697259	harbor2	chr17	39505669	39505902	DNA/TcMar-Tigger	1038	+	116	39505785	8526
chr17	69432886	69632886	harbor2	chr17	69472344	69472699	DNA/TcMar-Tigger	3269	+	178	69472522	39636
chr17	69432886	69632886	harbor2	chr17	69473007	69473237	DNA/TcMar-Tigger	3269	+	115	69473122	40236
chr17	69432886	69632886	harbor2	chr17	69479269	69479587	DNA/TcMar-Tigger	1711	+	159	69479428	46542
chr17	39657906	39857906	harbor2	chr17	39693132	39693486	DNA/TcMar-Tigger	1857	+	177	39693309	35403
chr17	39657906	39857906	harbor2	chr17	39721786	39721884	DNA/TcMar-Tigger	1122	+	49	39721835	63929
chr17	39657906	39857906	harbor2	chr17	39722176	39722221	DNA/TcMar-Tigger	1122	+	22	39722198	64292
chr17	39657906	39857906	harbor2	chr17	39722527	39722707	DNA/TcMar-Tigger	1229	+	90	39722617	64711
chr17	79690066	79890066	harbor2	chr17	79717124	79717300	DNA/TcMar-Tigger	1230	+	88	79717212	27146
chr17	79690066	79890066	harbor2	chr17	79717603	79717716	DNA/TcMar-Tigger	1230	+	56	79717659	27593
chr17	79690066	79890066	harbor2	chr17	79718018	79718095	DNA/TcMar-Tigger	1230	+	38	79718056	27990
chr17	76146968	76346968	harbor2	chr17	76164877	76165196	DNA/TcMar-Tigger	1834	+	160	76165037	18069
chr17	76637984	76837984	harbor2	chr17	76650043	76650188	DNA/TcMar-Tigger	659	+	72	76650115	12131
chr17	81918314	82118314	harbor2	chr17	81946000	81946072	DNA/TcMar-Tigger	865	+	36	81946036	27722
chr17	81918314	82118314	harbor2	chr17	81946678	81946688	DNA/TcMar-Tigger	865	+	5	81946683	28369
chr17	81918314	82118314	harbor2	chr17	81947005	81947211	DNA/TcMar-Tigger	865	+	103	81947108	28794
chr17	79702898	79902898	harbor2	chr17	79717124	79717300	DNA/TcMar-Tigger	1230	+	88	79717212	14314
chr17	79702898	79902898	harbor2	chr17	79717603	79717716	DNA/TcMar-Tigger	1230	+	56	79717659	14761
chr17	79702898	79902898	harbor2	chr17	79718018	79718095	DNA/TcMar-Tigger	1230	+	38	79718056	15158
chr17	7758049	7958049	harbor2	chr17	7806091	7806332	DNA/TcMar-Tigger	1653	+	120	7806211	48162
chr17	76638206	76838206	harbor2	chr17	76650043	76650188	DNA/TcMar-Tigger	659	+	72	76650115	11909
chr17	32776669	32976669	harbor2	chr17	32797419	32797727	DNA/TcMar-Tigger	1592	+	154	32797573	20904
chr17	32776669	32976669	harbor2	chr17	32840841	32841184	DNA/TcMar-Tigger	2395	+	172	32841013	64344
chr17	32776669	32976669	harbor2	chr17	32841481	32841513	DNA/TcMar-Tigger	2395	+	16	32841497	64828
chr17	31389658	31589658	harbor2	chr17	31475531	31476169	DNA/TcMar-Tigger	3903	+	319	31475850	86192
chr17	82984138	83184138	harbor2	chr17	83061352	83061632	DNA/TcMar-Tigger	1392	+	140	83061492	77354
chr17	28851871	29051871	harbor2	chr17	28890194	28890386	DNA/TcMar-Tigger	746	+	96	28890290	38419
chr17	28851871	29051871	harbor2	chr17	28890685	28890855	DNA/TcMar-Tigger	746	+	85	28890770	38899
chr17	28851871	29051871	harbor2	chr17	28891181	28891229	DNA/TcMar-Tigger	746	+	24	28891205	39334
chr17	7588468	7788468	harbor2	chr17	7671661	7671815	DNA/TcMar-Tigger	923	+	77	7671738	83270
chr17	7588468	7788468	harbor2	chr17	7673145	7673269	DNA/TcMar-Tigger	844	+	62	7673207	84739
chr17	7588468	7788468	harbor2	chr17	7680192	7680419	DNA/TcMar-Tigger	928	+	114	7680306	91838
chr17	76638125	76838125	harbor2	chr17	76650043	76650188	DNA/TcMar-Tigger	659	+	72	76650115	11990
chr17	60049882	60249882	harbor2	chr17	60082226	60082306	DNA/TcMar-Tigger	3222	+	40	60082266	32384
chr17	60049882	60249882	harbor2	chr17	60082608	60083097	DNA/TcMar-Tigger	3222	+	244	60082852	32970
chr17	79703218	79903218	harbor2	chr17	79717124	79717300	DNA/TcMar-Tigger	1230	+	88	79717212	13994
chr17	79703218	79903218	harbor2	chr17	79717603	79717716	DNA/TcMar-Tigger	1230	+	56	79717659	14441
chr17	79703218	79903218	harbor2	chr17	79718018	79718095	DNA/TcMar-Tigger	1230	+	38	79718056	14838
chr17	27992414	28192414	harbor2	chr17	28037537	28037651	DNA/TcMar-Tigger	1788	+	57	28037594	45180
chr17	27992414	28192414	harbor2	chr17	28037925	28038139	DNA/TcMar-Tigger	1788	+	107	28038032	45618
chr17	27992414	28192414	harbor2	chr17	28038437	28038471	DNA/TcMar-Tigger	1788	+	17	28038454	46040
chr17	27992414	28192414	harbor2	chr17	28085376	28085457	DNA/TcMar-Tigger	1421	+	40	28085416	93002
chr17	27992414	28192414	harbor2	chr17	28085759	28086050	DNA/TcMar-Tigger	1421	+	146	28085905	93491
chr17	2204008	2404008	harbor2	chr17	2272432	2272656	DNA/TcMar-Tigger	3150	+	112	2272544	68536
chr17	2204008	2404008	harbor2	chr17	2272943	2273233	DNA/TcMar-Tigger	3150	+	145	2273088	69080
chr17	2204008	2404008	harbor2	chr17	2273818	2273986	DNA/TcMar-Tigger	3150	+	84	2273902	69894
chr17	2204008	2404008	harbor2	chr17	2276104	2276393	DNA/TcMar-Tigger	3153	+	144	2276248	72240
chr17	2204008	2404008	harbor2	chr17	2276686	2276785	DNA/TcMar-Tigger	3153	+	50	2276736	72728
chr17	2204008	2404008	harbor2	chr17	2277081	2277132	DNA/TcMar-Tigger	3153	+	26	2277107	73099
chr17	2204008	2404008	harbor2	chr17	2277465	2277679	DNA/TcMar-Tigger	3153	+	107	2277572	73564
chr17	78759349	78959349	harbor2	chr17	78816989	78817309	DNA/TcMar-Tigger	1945	+	160	78817149	57800
chr17	79837474	80037474	harbor2	chr17	79882582	79882999	DNA/TcMar-Tigger	2748	+	208	79882790	45316
chr17	7587525	7787525	harbor2	chr17	7671661	7671815	DNA/TcMar-Tigger	923	+	77	7671738	84213
chr17	7587525	7787525	harbor2	chr17	7673145	7673269	DNA/TcMar-Tigger	844	+	62	7673207	85682
chr17	7587525	7787525	harbor2	chr17	7680192	7680419	DNA/TcMar-Tigger	928	+	114	7680306	92781
chr17	76284849	76484849	harbor2	chr17	76309626	76309835	DNA/TcMar-Tigger	830	+	104	76309730	24881
chr17	76284849	76484849	harbor2	chr17	76320371	76320423	DNA/TcMar-Tigger	4099	+	26	76320397	35548
chr17	76284849	76484849	harbor2	chr17	76320710	76320776	DNA/TcMar-Tigger	4099	+	33	76320743	35894
chr17	76284849	76484849	harbor2	chr17	76321083	76321282	DNA/TcMar-Tigger	4099	+	100	76321183	36334
chr17	76284849	76484849	harbor2	chr17	76321494	76322114	DNA/TcMar-Tigger	4099	+	310	76321804	36955
chr17	76284849	76484849	harbor2	chr17	76322421	76322547	DNA/TcMar-Tigger	834	+	63	76322484	37635
chr17	76284849	76484849	harbor2	chr17	76323358	76323863	DNA/TcMar-Tigger	2944	+	252	76323610	38761
chr17	76284849	76484849	harbor2	chr17	76324160	76324195	DNA/TcMar-Tigger	2944	+	18	76324178	39329
chr17	76284849	76484849	harbor2	chr17	76324615	76324708	DNA/TcMar-Tigger	615	+	46	76324661	39812
chr17	76284849	76484849	harbor2	chr17	76325483	76325598	DNA/TcMar-Tigger	1787	+	58	76325541	40692
chr17	76284849	76484849	harbor2	chr17	76325906	76326118	DNA/TcMar-Tigger	1787	+	106	76326012	41163
chr17	76284849	76484849	harbor2	chr17	76331350	76331690	DNA/TcMar-Tigger	1151	+	170	76331520	46671
chr17	78908254	79108254	harbor2	chr17	78986202	78986358	DNA/TcMar-Tigger	825	+	78	78986280	78026
chr17	78908254	79108254	harbor2	chr17	78986363	78986602	DNA/TcMar-Tigger	1140	+	120	78986483	78229
chr17	76638040	76838040	harbor2	chr17	76650043	76650188	DNA/TcMar-Tigger	659	+	72	76650115	12075
chr17	76637975	76837975	harbor2	chr17	76650043	76650188	DNA/TcMar-Tigger	659	+	72	76650115	12140
chr17	79284967	79484967	harbor2	chr17	79299343	79299656	DNA/TcMar-Tigger	714	+	156	79299499	14532
chr17	63601376	63801376	harbor2	chr17	63619372	63619408	DNA/TcMar-Tigger	2080	+	18	63619390	18014
chr17	63601376	63801376	harbor2	chr17	63619714	63620043	DNA/TcMar-Tigger	2080	+	164	63619878	18502
chr17	63601376	63801376	harbor2	chr17	63640436	63640643	DNA/TcMar-Tigger	627	+	104	63640540	39164
chr17	80935170	81135170	harbor2	chr17	80940124	80940450	DNA/TcMar-Tigger	872	+	163	80940287	5117
chr17	76768571	76968571	harbor2	chr17	76775692	76775867	DNA/TcMar-Tigger	922	+	88	76775780	7209
chr17	76768571	76968571	harbor2	chr17	76795013	76795212	DNA/TcMar-Tigger	1520	+	100	76795113	26542
chr17	76768571	76968571	harbor2	chr17	76795503	76795599	DNA/TcMar-Tigger	1520	+	48	76795551	26980
chr17	76768571	76968571	harbor2	chr17	76859760	76859861	DNA/TcMar-Tigger	1115	+	50	76859810	91239
chr17	76768571	76968571	harbor2	chr17	76860129	76860326	DNA/TcMar-Tigger	1115	+	98	76860227	91656
chr17	78755779	78955779	harbor2	chr17	78816989	78817309	DNA/TcMar-Tigger	1945	+	160	78817149	61370
chr17	7618194	7818194	harbor2	chr17	7671661	7671815	DNA/TcMar-Tigger	923	+	77	7671738	53544
chr17	7618194	7818194	harbor2	chr17	7673145	7673269	DNA/TcMar-Tigger	844	+	62	7673207	55013
chr17	7618194	7818194	harbor2	chr17	7680192	7680419	DNA/TcMar-Tigger	928	+	114	7680306	62112
chr17	78989193	79189193	harbor2	chr17	79060174	79060660	DNA/TcMar-Tigger	4654	+	243	79060417	71224
chr17	78989193	79189193	harbor2	chr17	79060946	79061060	DNA/TcMar-Tigger	4654	+	57	79061003	71810
chr17	78989193	79189193	harbor2	chr17	79061366	79061398	DNA/TcMar-Tigger	4654	+	16	79061382	72189
chr17	78989193	79189193	harbor2	chr17	79061708	79061846	DNA/TcMar-Tigger	4654	+	69	79061777	72584
chr17	78989193	79189193	harbor2	chr17	79062184	79062293	DNA/TcMar-Tigger	4654	+	54	79062238	73045
chr17	78989193	79189193	harbor2	chr17	79062602	79062652	DNA/TcMar-Tigger	4654	+	25	79062627	73434
chr17	62850959	63050959	harbor2	chr17	62858895	62859100	DNA/TcMar-Tigger	1133	+	102	62858997	8038
chr17	79703385	79903385	harbor2	chr17	79717124	79717300	DNA/TcMar-Tigger	1230	+	88	79717212	13827
chr17	79703385	79903385	harbor2	chr17	79717603	79717716	DNA/TcMar-Tigger	1230	+	56	79717659	14274
chr17	79703385	79903385	harbor2	chr17	79718018	79718095	DNA/TcMar-Tigger	1230	+	38	79718056	14671
chr17	79703205	79903205	harbor2	chr17	79717124	79717300	DNA/TcMar-Tigger	1230	+	88	79717212	14007
chr17	79703205	79903205	harbor2	chr17	79717603	79717716	DNA/TcMar-Tigger	1230	+	56	79717659	14454
chr17	79703205	79903205	harbor2	chr17	79718018	79718095	DNA/TcMar-Tigger	1230	+	38	79718056	14851
chr17	2236511	2436511	harbor2	chr17	2272432	2272656	DNA/TcMar-Tigger	3150	+	112	2272544	36033
chr17	2236511	2436511	harbor2	chr17	2272943	2273233	DNA/TcMar-Tigger	3150	+	145	2273088	36577
chr17	2236511	2436511	harbor2	chr17	2273818	2273986	DNA/TcMar-Tigger	3150	+	84	2273902	37391
chr17	2236511	2436511	harbor2	chr17	2276104	2276393	DNA/TcMar-Tigger	3153	+	144	2276248	39737
chr17	2236511	2436511	harbor2	chr17	2276686	2276785	DNA/TcMar-Tigger	3153	+	50	2276736	40225
chr17	2236511	2436511	harbor2	chr17	2277081	2277132	DNA/TcMar-Tigger	3153	+	26	2277107	40596
chr17	2236511	2436511	harbor2	chr17	2277465	2277679	DNA/TcMar-Tigger	3153	+	107	2277572	41061
chr17	2236511	2436511	harbor2	chr17	2316019	2316327	DNA/TcMar-Tigger	1474	+	154	2316173	79662
chr17	80934908	81134908	harbor2	chr17	80940124	80940450	DNA/TcMar-Tigger	872	+	163	80940287	5379
chr17	76637901	76837901	harbor2	chr17	76650043	76650188	DNA/TcMar-Tigger	659	+	72	76650115	12214
chr17	76771331	76971331	harbor2	chr17	76775692	76775867	DNA/TcMar-Tigger	922	+	88	76775780	4449
chr17	76771331	76971331	harbor2	chr17	76795013	76795212	DNA/TcMar-Tigger	1520	+	100	76795113	23782
chr17	76771331	76971331	harbor2	chr17	76795503	76795599	DNA/TcMar-Tigger	1520	+	48	76795551	24220
chr17	76771331	76971331	harbor2	chr17	76859760	76859861	DNA/TcMar-Tigger	1115	+	50	76859810	88479
chr17	76771331	76971331	harbor2	chr17	76860129	76860326	DNA/TcMar-Tigger	1115	+	98	76860227	88896
chr17	78448916	78648916	harbor2	chr17	78468189	78468395	DNA/TcMar-Tigger	917	+	103	78468292	19376
chr17	57768134	57968134	harbor2	chr17	57840584	57840888	DNA/TcMar-Tigger	1215	+	152	57840736	72602
chr17	80934870	81134870	harbor2	chr17	80940124	80940450	DNA/TcMar-Tigger	872	+	163	80940287	5417
chr17	48652372	48852372	harbor2	chr17	48669850	48669926	DNA/TcMar-Tigger	1753	+	38	48669888	17516
chr17	48652372	48852372	harbor2	chr17	48670222	48670493	DNA/TcMar-Tigger	1753	+	136	48670358	17986
chr17	48652372	48852372	harbor2	chr17	48684432	48684712	DNA/TcMar-Tigger	913	+	140	48684572	32200
chr17	76768569	76968569	harbor2	chr17	76775692	76775867	DNA/TcMar-Tigger	922	+	88	76775780	7211
chr17	76768569	76968569	harbor2	chr17	76795013	76795212	DNA/TcMar-Tigger	1520	+	100	76795113	26544
chr17	76768569	76968569	harbor2	chr17	76795503	76795599	DNA/TcMar-Tigger	1520	+	48	76795551	26982
chr17	76768569	76968569	harbor2	chr17	76859760	76859861	DNA/TcMar-Tigger	1115	+	50	76859810	91241
chr17	76768569	76968569	harbor2	chr17	76860129	76860326	DNA/TcMar-Tigger	1115	+	98	76860227	91658
chr17	47195622	47395622	harbor2	chr17	47197563	47197848	DNA/TcMar-Tigger	1905	+	142	47197705	2083
chr17	47195622	47395622	harbor2	chr17	47227428	47227900	DNA/TcMar-Tigger	2428	+	236	47227664	32042
chr17	76637232	76837232	harbor2	chr17	76650043	76650188	DNA/TcMar-Tigger	659	+	72	76650115	12883
chr17	17071294	17271294	harbor2	chr17	17162698	17162904	DNA/TcMar-Tigger	1263	+	103	17162801	91507
chr17	8376092	8576092	harbor2	chr17	8448711	8448938	DNA/TcMar-Tigger	1431	+	114	8448825	72733
chr17	80935168	81135168	harbor2	chr17	80940124	80940450	DNA/TcMar-Tigger	872	+	163	80940287	5119
chr17	80934923	81134923	harbor2	chr17	80940124	80940450	DNA/TcMar-Tigger	872	+	163	80940287	5364
chr17	27233081	27433081	harbor2	chr17	27246612	27246914	DNA/TcMar-Tigger	787	+	151	27246763	13682
chr17	27233081	27433081	harbor2	chr17	27289337	27289490	DNA/TcMar-Tigger	600	+	76	27289413	56332
chr17	27233081	27433081	harbor2	chr17	27289801	27289887	DNA/TcMar-Tigger	600	+	43	27289844	56763
chr18	26129359	26329359	harbor2	chr18	26128779	26129749	DNA/TcMar-Tigger	6271	+	485	26129264	95
chr18	26129359	26329359	harbor2	chr18	26143113	26143725	DNA/TcMar-Tigger	4972	+	306	26143419	14060
chr18	26129359	26329359	harbor2	chr18	26144024	26144267	DNA/TcMar-Tigger	4972	+	122	26144146	14787
chr18	26129359	26329359	harbor2	chr18	26150004	26150235	DNA/TcMar-Tigger	1356	+	116	26150120	20761
chr18	26129359	26329359	harbor2	chr18	26181941	26182808	DNA/TcMar-Tigger	9611	+	434	26182375	53016
chr18	26129359	26329359	harbor2	chr18	26183422	26184193	DNA/TcMar-Tigger	9611	+	386	26183808	54449
chr18	26129359	26329359	harbor2	chr18	26181052	26181708	DNA/TcMar-Tigger	3396	+	328	26181380	52021
chr18	79580641	79780641	harbor2	chr18	79676190	79676225	DNA/TcMar-Tigger	577	+	18	79676208	95567
chr18	79580641	79780641	harbor2	chr18	79676512	79676766	DNA/TcMar-Tigger	577	+	127	79676639	95998
chr18	26126451	26326451	harbor2	chr18	26125784	26127176	DNA/TcMar-Tigger	10614	+	696	26126480	29
chr18	26126451	26326451	harbor2	chr18	26127463	26127856	DNA/TcMar-Tigger	10614	+	196	26127659	1208
chr18	26126451	26326451	harbor2	chr18	26128779	26129749	DNA/TcMar-Tigger	6271	+	485	26129264	2813
chr18	26126451	26326451	harbor2	chr18	26143113	26143725	DNA/TcMar-Tigger	4972	+	306	26143419	16968
chr18	26126451	26326451	harbor2	chr18	26144024	26144267	DNA/TcMar-Tigger	4972	+	122	26144146	17695
chr18	26126451	26326451	harbor2	chr18	26150004	26150235	DNA/TcMar-Tigger	1356	+	116	26150120	23669
chr18	26126451	26326451	harbor2	chr18	26181941	26182808	DNA/TcMar-Tigger	9611	+	434	26182375	55924
chr18	26126451	26326451	harbor2	chr18	26183422	26184193	DNA/TcMar-Tigger	9611	+	386	26183808	57357
chr18	26126451	26326451	harbor2	chr18	26181052	26181708	DNA/TcMar-Tigger	3396	+	328	26181380	54929
chr18	26128509	26328509	harbor2	chr18	26128779	26129749	DNA/TcMar-Tigger	6271	+	485	26129264	755
chr18	26128509	26328509	harbor2	chr18	26143113	26143725	DNA/TcMar-Tigger	4972	+	306	26143419	14910
chr18	26128509	26328509	harbor2	chr18	26144024	26144267	DNA/TcMar-Tigger	4972	+	122	26144146	15637
chr18	26128509	26328509	harbor2	chr18	26150004	26150235	DNA/TcMar-Tigger	1356	+	116	26150120	21611
chr18	26128509	26328509	harbor2	chr18	26181941	26182808	DNA/TcMar-Tigger	9611	+	434	26182375	53866
chr18	26128509	26328509	harbor2	chr18	26183422	26184193	DNA/TcMar-Tigger	9611	+	386	26183808	55299
chr18	26128509	26328509	harbor2	chr18	26181052	26181708	DNA/TcMar-Tigger	3396	+	328	26181380	52871
chr18	26126452	26326452	harbor2	chr18	26125784	26127176	DNA/TcMar-Tigger	10614	+	696	26126480	28
chr18	26126452	26326452	harbor2	chr18	26127463	26127856	DNA/TcMar-Tigger	10614	+	196	26127659	1207
chr18	26126452	26326452	harbor2	chr18	26128779	26129749	DNA/TcMar-Tigger	6271	+	485	26129264	2812
chr18	26126452	26326452	harbor2	chr18	26143113	26143725	DNA/TcMar-Tigger	4972	+	306	26143419	16967
chr18	26126452	26326452	harbor2	chr18	26144024	26144267	DNA/TcMar-Tigger	4972	+	122	26144146	17694
chr18	26126452	26326452	harbor2	chr18	26150004	26150235	DNA/TcMar-Tigger	1356	+	116	26150120	23668
chr18	26126452	26326452	harbor2	chr18	26181941	26182808	DNA/TcMar-Tigger	9611	+	434	26182375	55923
chr18	26126452	26326452	harbor2	chr18	26183422	26184193	DNA/TcMar-Tigger	9611	+	386	26183808	57356
chr18	26126452	26326452	harbor2	chr18	26181052	26181708	DNA/TcMar-Tigger	3396	+	328	26181380	54928
chr18	26128609	26328609	harbor2	chr18	26128779	26129749	DNA/TcMar-Tigger	6271	+	485	26129264	655
chr18	26128609	26328609	harbor2	chr18	26143113	26143725	DNA/TcMar-Tigger	4972	+	306	26143419	14810
chr18	26128609	26328609	harbor2	chr18	26144024	26144267	DNA/TcMar-Tigger	4972	+	122	26144146	15537
chr18	26128609	26328609	harbor2	chr18	26150004	26150235	DNA/TcMar-Tigger	1356	+	116	26150120	21511
chr18	26128609	26328609	harbor2	chr18	26181941	26182808	DNA/TcMar-Tigger	9611	+	434	26182375	53766
chr18	26128609	26328609	harbor2	chr18	26183422	26184193	DNA/TcMar-Tigger	9611	+	386	26183808	55199
chr18	26128609	26328609	harbor2	chr18	26181052	26181708	DNA/TcMar-Tigger	3396	+	328	26181380	52771
chr18	26126723	26326723	harbor2	chr18	26125784	26127176	DNA/TcMar-Tigger	10614	+	696	26126480	243
chr18	26126723	26326723	harbor2	chr18	26127463	26127856	DNA/TcMar-Tigger	10614	+	196	26127659	936
chr18	26126723	26326723	harbor2	chr18	26128779	26129749	DNA/TcMar-Tigger	6271	+	485	26129264	2541
chr18	26126723	26326723	harbor2	chr18	26143113	26143725	DNA/TcMar-Tigger	4972	+	306	26143419	16696
chr18	26126723	26326723	harbor2	chr18	26144024	26144267	DNA/TcMar-Tigger	4972	+	122	26144146	17423
chr18	26126723	26326723	harbor2	chr18	26150004	26150235	DNA/TcMar-Tigger	1356	+	116	26150120	23397
chr18	26126723	26326723	harbor2	chr18	26181941	26182808	DNA/TcMar-Tigger	9611	+	434	26182375	55652
chr18	26126723	26326723	harbor2	chr18	26183422	26184193	DNA/TcMar-Tigger	9611	+	386	26183808	57085
chr18	26126723	26326723	harbor2	chr18	26181052	26181708	DNA/TcMar-Tigger	3396	+	328	26181380	54657
chr18	26192379	26392379	harbor2	chr18	26252456	26252982	DNA/TcMar-Tigger	1667	+	263	26252719	60340
chr18	26127358	26327358	harbor2	chr18	26127463	26127856	DNA/TcMar-Tigger	10614	+	196	26127659	301
chr18	26127358	26327358	harbor2	chr18	26128779	26129749	DNA/TcMar-Tigger	6271	+	485	26129264	1906
chr18	26127358	26327358	harbor2	chr18	26143113	26143725	DNA/TcMar-Tigger	4972	+	306	26143419	16061
chr18	26127358	26327358	harbor2	chr18	26144024	26144267	DNA/TcMar-Tigger	4972	+	122	26144146	16788
chr18	26127358	26327358	harbor2	chr18	26150004	26150235	DNA/TcMar-Tigger	1356	+	116	26150120	22762
chr18	26127358	26327358	harbor2	chr18	26181941	26182808	DNA/TcMar-Tigger	9611	+	434	26182375	55017
chr18	26127358	26327358	harbor2	chr18	26183422	26184193	DNA/TcMar-Tigger	9611	+	386	26183808	56450
chr18	26127358	26327358	harbor2	chr18	26181052	26181708	DNA/TcMar-Tigger	3396	+	328	26181380	54022
chr18	12848395	13048395	harbor2	chr18	12902649	12902870	DNA/TcMar-Tigger	3610	+	110	12902759	54364
chr18	12848395	13048395	harbor2	chr18	12903180	12903503	DNA/TcMar-Tigger	3610	+	162	12903342	54947
chr18	12848395	13048395	harbor2	chr18	12903634	12903772	DNA/TcMar-Tigger	3610	+	69	12903703	55308
chr18	12848395	13048395	harbor2	chr18	12915668	12915756	DNA/TcMar-Tigger	499	+	44	12915712	67317
chr18	12848395	13048395	harbor2	chr18	12915858	12916106	DNA/TcMar-Tigger	4282	+	124	12915982	67587
chr18	12848395	13048395	harbor2	chr18	12916413	12916902	DNA/TcMar-Tigger	4282	+	244	12916657	68262
chr18	57458489	57658489	harbor2	chr18	57524794	57525551	DNA/TcMar-Tigger	5051	+	378	57525172	66683
chr18	57458489	57658489	harbor2	chr18	57523943	57524677	DNA/TcMar-Tigger	4482	+	367	57524310	65821
chr18	12277008	12477008	harbor2	chr18	12300339	12300658	DNA/TcMar-Tigger	1617	+	160	12300499	23491
chr18	12277008	12477008	harbor2	chr18	12331026	12331337	DNA/TcMar-Tigger	1680	+	156	12331182	54174
chr18	8917310	9117310	harbor2	chr18	8984700	8984832	DNA/TcMar-Tigger	1414	+	66	8984766	67456
chr18	8917310	9117310	harbor2	chr18	8985145	8985326	DNA/TcMar-Tigger	1414	+	90	8985235	67925
chr18	8917310	9117310	harbor2	chr18	9008381	9008704	DNA/TcMar-Tigger	1528	+	162	9008543	91233
chr18	74439385	74639385	harbor2	chr18	74449120	74449402	DNA/TcMar-Tigger	759	+	141	74449261	9876
chr18	74439385	74639385	harbor2	chr18	74502284	74502433	DNA/TcMar-Tigger	655	+	74	74502358	62973
chr18	79580658	79780658	harbor2	chr18	79676190	79676225	DNA/TcMar-Tigger	577	+	18	79676208	95550
chr18	79580658	79780658	harbor2	chr18	79676512	79676766	DNA/TcMar-Tigger	577	+	127	79676639	95981
chr18	65788461	65988461	harbor2	chr18	65828350	65828555	DNA/TcMar-Tigger	939	+	102	65828452	39991
chr18	65788461	65988461	harbor2	chr18	65828555	65828707	DNA/TcMar-Tigger	838	+	76	65828631	40170
chr18	26155998	26355998	harbor2	chr18	26181941	26182808	DNA/TcMar-Tigger	9611	+	434	26182375	26377
chr18	26155998	26355998	harbor2	chr18	26183422	26184193	DNA/TcMar-Tigger	9611	+	386	26183808	27810
chr18	26155998	26355998	harbor2	chr18	26252456	26252982	DNA/TcMar-Tigger	1667	+	263	26252719	96721
chr18	26155998	26355998	harbor2	chr18	26181052	26181708	DNA/TcMar-Tigger	3396	+	328	26181380	25382
chr18	12196156	12396156	harbor2	chr18	12219342	12219576	DNA/TcMar-Tigger	1287	+	117	12219459	23303
chr18	65651749	65851749	harbor2	chr18	65685426	65685635	DNA/TcMar-Tigger	666	+	104	65685530	33781
chr18	65651749	65851749	harbor2	chr18	65687496	65688096	DNA/TcMar-Tigger	3024	+	300	65687796	36047
chr18	79380291	79580291	harbor2	chr18	79429863	79430165	DNA/TcMar-Tigger	830	+	151	79430014	49723
chr18	26127435	26327435	harbor2	chr18	26127463	26127856	DNA/TcMar-Tigger	10614	+	196	26127659	224
chr18	26127435	26327435	harbor2	chr18	26128779	26129749	DNA/TcMar-Tigger	6271	+	485	26129264	1829
chr18	26127435	26327435	harbor2	chr18	26143113	26143725	DNA/TcMar-Tigger	4972	+	306	26143419	15984
chr18	26127435	26327435	harbor2	chr18	26144024	26144267	DNA/TcMar-Tigger	4972	+	122	26144146	16711
chr18	26127435	26327435	harbor2	chr18	26150004	26150235	DNA/TcMar-Tigger	1356	+	116	26150120	22685
chr18	26127435	26327435	harbor2	chr18	26181941	26182808	DNA/TcMar-Tigger	9611	+	434	26182375	54940
chr18	26127435	26327435	harbor2	chr18	26183422	26184193	DNA/TcMar-Tigger	9611	+	386	26183808	56373
chr18	26127435	26327435	harbor2	chr18	26181052	26181708	DNA/TcMar-Tigger	3396	+	328	26181380	53945
chr18	27134071	27334071	harbor2	chr18	27181808	27182153	DNA/TcMar-Tigger	640	+	172	27181980	47909
chr18	27134071	27334071	harbor2	chr18	27199820	27200152	DNA/TcMar-Tigger	1937	+	166	27199986	65915
chr18	12177247	12377247	harbor2	chr18	12188122	12189317	DNA/TcMar-Tigger	5932	+	598	12188720	11473
chr18	12177247	12377247	harbor2	chr18	12219342	12219576	DNA/TcMar-Tigger	1287	+	117	12219459	42212
chr18	62778589	62978589	harbor2	chr18	62812508	62813044	DNA/TcMar-Tigger	988	+	268	62812776	34187
chr18	62778589	62978589	harbor2	chr18	62813050	62813317	DNA/TcMar-Tigger	543	+	134	62813184	34595
chr18	62778589	62978589	harbor2	chr18	62859070	62859323	DNA/TcMar-Tigger	698	+	126	62859196	80607
chr18	62778589	62978589	harbor2	chr18	62859395	62859690	DNA/TcMar-Tigger	602	+	148	62859543	80954
chr19	19676554	19876554	harbor2	chr19	19698470	19698734	DNA/TcMar-Tigger	1317	+	132	19698602	22048
chr19	46921885	47121885	harbor2	chr19	46955916	46956034	DNA/TcMar-Tigger	931	+	59	46955975	34090
chr19	46921885	47121885	harbor2	chr19	46956328	46956419	DNA/TcMar-Tigger	931	+	46	46956374	34489
chr19	36428735	36628735	harbor2	chr19	36512920	36513251	DNA/TcMar-Tigger	1871	+	166	36513086	84351
chr19	56021004	56221004	harbor2	chr19	56023401	56023814	DNA/TcMar-Tigger	1266	+	206	56023607	2603
chr19	56021004	56221004	harbor2	chr19	56069754	56070034	DNA/TcMar-Tigger	1291	+	140	56069894	48890
chr19	55187173	55387173	harbor2	chr19	55191847	55192120	DNA/TcMar-Tigger	1912	+	136	55191983	4810
chr19	55187173	55387173	harbor2	chr19	55192428	55192546	DNA/TcMar-Tigger	1912	+	59	55192487	5314
chr19	55187173	55387173	harbor2	chr19	55192850	55192901	DNA/TcMar-Tigger	1912	+	26	55192876	5703
chr19	34577590	34777590	harbor2	chr19	34606586	34606925	DNA/TcMar-Tigger	1595	+	170	34606756	29166
chr19	19676565	19876565	harbor2	chr19	19698470	19698734	DNA/TcMar-Tigger	1317	+	132	19698602	22037
chr19	48865235	49065235	harbor2	chr19	48893933	48894036	DNA/TcMar-Tigger	1167	+	52	48893985	28750
chr19	48865235	49065235	harbor2	chr19	48894313	48894360	DNA/TcMar-Tigger	1167	+	24	48894337	29102
chr19	48865235	49065235	harbor2	chr19	48894659	48894847	DNA/TcMar-Tigger	1167	+	94	48894753	29518
chr19	50588275	50788275	harbor2	chr19	50595293	50595501	DNA/TcMar-Tigger	12180	+	104	50595397	7122
chr19	50588275	50788275	harbor2	chr19	50595788	50596446	DNA/TcMar-Tigger	12180	+	329	50596117	7842
chr19	50588275	50788275	harbor2	chr19	50596756	50597270	DNA/TcMar-Tigger	12180	+	257	50597013	8738
chr19	50588275	50788275	harbor2	chr19	50597580	50598043	DNA/TcMar-Tigger	12180	+	232	50597812	9537
chr19	50588275	50788275	harbor2	chr19	50598339	50598528	DNA/TcMar-Tigger	12180	+	94	50598433	10158
chr19	12672571	12872571	harbor2	chr19	12768186	12768240	DNA/TcMar-Tigger	1107	+	27	12768213	95642
chr19	12672571	12872571	harbor2	chr19	12768241	12768259	DNA/TcMar-Tigger	1133	+	9	12768250	95679
chr19	12672571	12872571	harbor2	chr19	12768395	12768618	DNA/TcMar-Tigger	1133	+	112	12768507	95936
chr19	19676581	19876581	harbor2	chr19	19698470	19698734	DNA/TcMar-Tigger	1317	+	132	19698602	22021
chr19	19676539	19876539	harbor2	chr19	19698470	19698734	DNA/TcMar-Tigger	1317	+	132	19698602	22063
chr19	19676556	19876556	harbor2	chr19	19698470	19698734	DNA/TcMar-Tigger	1317	+	132	19698602	22046
chr19	19676482	19876482	harbor2	chr19	19698470	19698734	DNA/TcMar-Tigger	1317	+	132	19698602	22120
chr19	1350329	1550329	harbor2	chr19	1353560	1353735	DNA/TcMar-Tigger	632	+	88	1353648	3319
chr19	55246752	55446752	harbor2	chr19	55298491	55298952	DNA/TcMar-Tigger	1940	+	230	55298721	51969
chr19	55246752	55446752	harbor2	chr19	55299166	55299347	DNA/TcMar-Tigger	733	+	90	55299256	52504
chr19	19676573	19876573	harbor2	chr19	19698470	19698734	DNA/TcMar-Tigger	1317	+	132	19698602	22029
chr19	57145103	57345103	harbor2	chr19	57146642	57146854	DNA/TcMar-Tigger	2168	+	106	57146748	1645
chr19	57145103	57345103	harbor2	chr19	57147161	57147318	DNA/TcMar-Tigger	2168	+	78	57147239	2136
chr19	57145103	57345103	harbor2	chr19	57147450	57147866	DNA/TcMar-Tigger	2454	+	208	57147658	2555
chr19	57145103	57345103	harbor2	chr19	57147998	57148133	DNA/TcMar-Tigger	779	+	68	57148066	2963
chr19	57145103	57345103	harbor2	chr19	57151977	57152382	DNA/TcMar-Tigger	2594	+	202	57152179	7076
chr19	57145103	57345103	harbor2	chr19	57152548	57152644	DNA/TcMar-Tigger	905	+	48	57152596	7493
chr19	57145103	57345103	harbor2	chr19	57153080	57153195	DNA/TcMar-Tigger	905	+	58	57153138	8035
chr19	19676564	19876564	harbor2	chr19	19698470	19698734	DNA/TcMar-Tigger	1317	+	132	19698602	22038
chr19	19676555	19876555	harbor2	chr19	19698470	19698734	DNA/TcMar-Tigger	1317	+	132	19698602	22047
chr19	19676548	19876548	harbor2	chr19	19698470	19698734	DNA/TcMar-Tigger	1317	+	132	19698602	22054
chr19	19403357	19603357	harbor2	chr19	19455000	19455073	DNA/TcMar-Tigger	1087	+	36	19455036	51679
chr19	19403357	19603357	harbor2	chr19	19455507	19455770	DNA/TcMar-Tigger	1087	+	132	19455639	52282
chr19	19403357	19603357	harbor2	chr19	19456197	19456646	DNA/TcMar-Tigger	898	+	224	19456421	53064
chr19	31411850	31611850	harbor2	chr19	31425955	31426136	DNA/TcMar-Tigger	2936	+	90	31426045	14195
chr19	31411850	31611850	harbor2	chr19	31426417	31426818	DNA/TcMar-Tigger	2936	+	200	31426617	14767
chr19	19676558	19876558	harbor2	chr19	19698470	19698734	DNA/TcMar-Tigger	1317	+	132	19698602	22044
chr19	19676589	19876589	harbor2	chr19	19698470	19698734	DNA/TcMar-Tigger	1317	+	132	19698602	22013
chr19	19676560	19876560	harbor2	chr19	19698470	19698734	DNA/TcMar-Tigger	1317	+	132	19698602	22042
chr19	57142619	57342619	harbor2	chr19	57146642	57146854	DNA/TcMar-Tigger	2168	+	106	57146748	4129
chr19	57142619	57342619	harbor2	chr19	57147161	57147318	DNA/TcMar-Tigger	2168	+	78	57147239	4620
chr19	57142619	57342619	harbor2	chr19	57147450	57147866	DNA/TcMar-Tigger	2454	+	208	57147658	5039
chr19	57142619	57342619	harbor2	chr19	57147998	57148133	DNA/TcMar-Tigger	779	+	68	57148066	5447
chr19	57142619	57342619	harbor2	chr19	57151977	57152382	DNA/TcMar-Tigger	2594	+	202	57152179	9560
chr19	57142619	57342619	harbor2	chr19	57152548	57152644	DNA/TcMar-Tigger	905	+	48	57152596	9977
chr19	57142619	57342619	harbor2	chr19	57153080	57153195	DNA/TcMar-Tigger	905	+	58	57153138	10519
chr19	1553142	1753142	harbor2	chr19	1624596	1624853	DNA/TcMar-Tigger	816	+	128	1624724	71582
chr19	1553142	1753142	harbor2	chr19	1625146	1625243	DNA/TcMar-Tigger	816	+	48	1625194	72052
chr19	57140879	57340879	harbor2	chr19	57146642	57146854	DNA/TcMar-Tigger	2168	+	106	57146748	5869
chr19	57140879	57340879	harbor2	chr19	57147161	57147318	DNA/TcMar-Tigger	2168	+	78	57147239	6360
chr19	57140879	57340879	harbor2	chr19	57147450	57147866	DNA/TcMar-Tigger	2454	+	208	57147658	6779
chr19	57140879	57340879	harbor2	chr19	57147998	57148133	DNA/TcMar-Tigger	779	+	68	57148066	7187
chr19	57140879	57340879	harbor2	chr19	57151977	57152382	DNA/TcMar-Tigger	2594	+	202	57152179	11300
chr19	57140879	57340879	harbor2	chr19	57152548	57152644	DNA/TcMar-Tigger	905	+	48	57152596	11717
chr19	57140879	57340879	harbor2	chr19	57153080	57153195	DNA/TcMar-Tigger	905	+	58	57153138	12259
chr19	44008458	44208458	harbor2	chr19	44020574	44020800	DNA/TcMar-Tigger	1131	+	113	44020687	12229
chr19	44008458	44208458	harbor2	chr19	44038255	44038469	DNA/TcMar-Tigger	1020	+	107	44038362	29904
chr19	41689213	41889213	harbor2	chr19	41689568	41690004	DNA/TcMar-Tigger	2119	+	218	41689786	573
chr19	41689213	41889213	harbor2	chr19	41712924	41713024	DNA/TcMar-Tigger	1160	+	50	41712974	23761
chr19	41689213	41889213	harbor2	chr19	41713332	41713488	DNA/TcMar-Tigger	1160	+	78	41713410	24197
chr19	41689213	41889213	harbor2	chr19	41759842	41760078	DNA/TcMar-Tigger	1159	+	118	41759960	70747
chr19	2411940	2611940	harbor2	chr19	2448868	2448890	DNA/TcMar-Tigger	800	+	11	2448879	36939
chr19	2411940	2611940	harbor2	chr19	2449197	2449432	DNA/TcMar-Tigger	800	+	118	2449315	37375
chr19	50172311	50372311	harbor2	chr19	50242723	50243153	DNA/TcMar-Tigger	1882	+	215	50242938	70627
chr19	50172311	50372311	harbor2	chr19	50243451	50243470	DNA/TcMar-Tigger	1882	+	10	50243461	71150
chr19	1961575	2161575	harbor2	chr19	1964315	1964719	DNA/TcMar-Tigger	5442	+	202	1964517	2942
chr19	1961575	2161575	harbor2	chr19	1965026	1965113	DNA/TcMar-Tigger	5442	+	44	1965070	3495
chr19	1961575	2161575	harbor2	chr19	1965400	1965520	DNA/TcMar-Tigger	5442	+	60	1965460	3885
chr19	1961575	2161575	harbor2	chr19	1965799	1965809	DNA/TcMar-Tigger	5442	+	5	1965804	4229
chr19	1961575	2161575	harbor2	chr19	1966099	1966870	DNA/TcMar-Tigger	5442	+	386	1966485	4910
chr19	1961575	2161575	harbor2	chr19	1967034	1967147	DNA/TcMar-Tigger	5442	+	56	1967090	5515
chr19	1961575	2161575	harbor2	chr19	2011673	2011847	DNA/TcMar-Tigger	830	+	87	2011760	50185
chr19	1961575	2161575	harbor2	chr19	2012450	2012654	DNA/TcMar-Tigger	830	+	102	2012552	50977
chr19	19676585	19876585	harbor2	chr19	19698470	19698734	DNA/TcMar-Tigger	1317	+	132	19698602	22017
chr19	56021006	56221006	harbor2	chr19	56023401	56023814	DNA/TcMar-Tigger	1266	+	206	56023607	2601
chr19	56021006	56221006	harbor2	chr19	56069754	56070034	DNA/TcMar-Tigger	1291	+	140	56069894	48888
chr19	56021023	56221023	harbor2	chr19	56023401	56023814	DNA/TcMar-Tigger	1266	+	206	56023607	2584
chr19	56021023	56221023	harbor2	chr19	56069754	56070034	DNA/TcMar-Tigger	1291	+	140	56069894	48871
chr19	15092197	15292197	harbor2	chr19	15097215	15097284	DNA/TcMar-Tigger	996	+	34	15097249	5052
chr19	15092197	15292197	harbor2	chr19	15097603	15097619	DNA/TcMar-Tigger	996	+	8	15097611	5414
chr19	15092197	15292197	harbor2	chr19	15098133	15098300	DNA/TcMar-Tigger	996	+	84	15098217	6020
chr19	19676523	19876523	harbor2	chr19	19698470	19698734	DNA/TcMar-Tigger	1317	+	132	19698602	22079
chr19	2115939	2315939	harbor2	chr19	2127446	2127513	DNA/TcMar-Tigger	637	+	34	2127480	11541
chr19	2115939	2315939	harbor2	chr19	2127827	2128067	DNA/TcMar-Tigger	637	+	120	2127947	12008
chr19	1553418	1753418	harbor2	chr19	1624596	1624853	DNA/TcMar-Tigger	816	+	128	1624724	71306
chr19	1553418	1753418	harbor2	chr19	1625146	1625243	DNA/TcMar-Tigger	816	+	48	1625194	71776
chr19	19676599	19876599	harbor2	chr19	19698470	19698734	DNA/TcMar-Tigger	1317	+	132	19698602	22003
chr19	19676579	19876579	harbor2	chr19	19698470	19698734	DNA/TcMar-Tigger	1317	+	132	19698602	22023
chr19	33077036	33277036	harbor2	chr19	33158466	33158698	DNA/TcMar-Tigger	3026	+	116	33158582	81546
chr19	33077036	33277036	harbor2	chr19	33158998	33159047	DNA/TcMar-Tigger	3026	+	24	33159022	81986
chr19	33077036	33277036	harbor2	chr19	33159395	33159689	DNA/TcMar-Tigger	3026	+	147	33159542	82506
chr19	33077036	33277036	harbor2	chr19	33160219	33160257	DNA/TcMar-Tigger	3026	+	19	33160238	83202
chr19	32575222	32775222	harbor2	chr19	32600211	32600257	DNA/TcMar-Tigger	731	+	23	32600234	25012
chr19	32575222	32775222	harbor2	chr19	32600549	32600703	DNA/TcMar-Tigger	731	+	77	32600626	25404
chr19	51827594	52027594	harbor2	chr19	51919231	51919491	DNA/TcMar-Tigger	1081	+	130	51919361	91767
chr19	51827594	52027594	harbor2	chr19	51924697	51924891	DNA/TcMar-Tigger	1029	+	97	51924794	97200
chr19	44976314	45176314	harbor2	chr19	45042574	45042615	DNA/TcMar-Tigger	1441	+	20	45042594	66280
chr19	44976314	45176314	harbor2	chr19	45042916	45043194	DNA/TcMar-Tigger	1441	+	139	45043055	66741
chr19	19676552	19876552	harbor2	chr19	19698470	19698734	DNA/TcMar-Tigger	1317	+	132	19698602	22050
chr19	23929751	24129751	harbor2	chr19	23967958	23968403	DNA/TcMar-Tigger	1339	+	222	23968180	38429
chr19	19676583	19876583	harbor2	chr19	19698470	19698734	DNA/TcMar-Tigger	1317	+	132	19698602	22019
chr19	43363366	43563366	harbor2	chr19	43371834	43372177	DNA/TcMar-Tigger	1805	+	172	43372006	8640
chr19	47128861	47328861	harbor2	chr19	47163289	47163445	DNA/TcMar-Tigger	1081	+	78	47163367	34506
chr19	47128861	47328861	harbor2	chr19	47163748	47163791	DNA/TcMar-Tigger	1081	+	22	47163770	34909
chr19	47128861	47328861	harbor2	chr19	47185248	47185295	DNA/TcMar-Tigger	881	+	24	47185272	56411
chr19	47128861	47328861	harbor2	chr19	47186270	47186406	DNA/TcMar-Tigger	881	+	68	47186338	57477
chr19	47128861	47328861	harbor2	chr19	47185902	47185959	DNA/TcMar-Tigger	881	+	28	47185930	57069
chr19	19676557	19876557	harbor2	chr19	19698470	19698734	DNA/TcMar-Tigger	1317	+	132	19698602	22045
chr19	56021025	56221025	harbor2	chr19	56023401	56023814	DNA/TcMar-Tigger	1266	+	206	56023607	2582
chr19	56021025	56221025	harbor2	chr19	56069754	56070034	DNA/TcMar-Tigger	1291	+	140	56069894	48869
chr19	209125	409125	harbor2	chr19	272665	272750	DNA/TcMar-Tigger	2134	+	42	272707	63582
chr19	209125	409125	harbor2	chr19	273056	273353	DNA/TcMar-Tigger	2134	+	148	273204	64079
chr19	209125	409125	harbor2	chr19	273645	274090	DNA/TcMar-Tigger	3681	+	222	273867	64742
chr19	209125	409125	harbor2	chr19	274401	274558	DNA/TcMar-Tigger	3681	+	78	274479	65354
chr19	2356863	2556863	harbor2	chr19	2448868	2448890	DNA/TcMar-Tigger	800	+	11	2448879	92016
chr19	2356863	2556863	harbor2	chr19	2449197	2449432	DNA/TcMar-Tigger	800	+	118	2449315	92452
chr19	50233658	50433658	harbor2	chr19	50242723	50243153	DNA/TcMar-Tigger	1882	+	215	50242938	9280
chr19	50233658	50433658	harbor2	chr19	50243451	50243470	DNA/TcMar-Tigger	1882	+	10	50243461	9803
chr19	45208744	45408744	harbor2	chr19	45256723	45256951	DNA/TcMar-Tigger	1167	+	114	45256837	48093
chr19	45208744	45408744	harbor2	chr19	45257216	45257240	DNA/TcMar-Tigger	1167	+	12	45257228	48484
chr19	45208744	45408744	harbor2	chr19	45257232	45257371	DNA/TcMar-Tigger	1177	+	70	45257302	48558
chr19	45208744	45408744	harbor2	chr19	45258285	45258403	DNA/TcMar-Tigger	1177	+	59	45258344	49600
chr19	55516374	55716374	harbor2	chr19	55552663	55552846	DNA/TcMar-Tigger	694	+	92	55552755	36381
chr19	55516374	55716374	harbor2	chr19	55553322	55553594	DNA/TcMar-Tigger	1232	+	136	55553458	37084
chr19	48956483	49156483	harbor2	chr19	48984909	48985028	DNA/TcMar-Tigger	796	+	60	48984969	28486
chr19	48956483	49156483	harbor2	chr19	48985337	48985386	DNA/TcMar-Tigger	796	+	24	48985361	28878
chr19	48956483	49156483	harbor2	chr19	49012540	49012756	DNA/TcMar-Tigger	1833	+	108	49012648	56165
chr19	48956483	49156483	harbor2	chr19	49013369	49013632	DNA/TcMar-Tigger	1833	+	132	49013501	57018
chr19	48956483	49156483	harbor2	chr19	49013939	49014122	DNA/TcMar-Tigger	1833	+	92	49014031	57548
chr19	19690415	19890415	harbor2	chr19	19698470	19698734	DNA/TcMar-Tigger	1317	+	132	19698602	8187
chr19	58102901	58302901	harbor2	chr19	58103279	58104096	DNA/TcMar-Tigger	8419	+	408	58103687	786
chr19	58102901	58302901	harbor2	chr19	58104750	58105387	DNA/TcMar-Tigger	8419	+	318	58105068	2167
chr19	58102901	58302901	harbor2	chr19	58105688	58105703	DNA/TcMar-Tigger	8419	+	8	58105696	2795
chr19	58102901	58302901	harbor2	chr19	58105995	58106117	DNA/TcMar-Tigger	8419	+	61	58106056	3155
chr19	58102901	58302901	harbor2	chr19	58120433	58120737	DNA/TcMar-Tigger	1480	+	152	58120585	17684
chr19	58102901	58302901	harbor2	chr19	58120797	58120993	DNA/TcMar-Tigger	1635	+	98	58120895	17994
chr19	58102901	58302901	harbor2	chr19	58121291	58121431	DNA/TcMar-Tigger	1635	+	70	58121361	18460
chr19	58102901	58302901	harbor2	chr19	58180050	58180276	DNA/TcMar-Tigger	718	+	113	58180163	77262
chr19	2117209	2317209	harbor2	chr19	2127446	2127513	DNA/TcMar-Tigger	637	+	34	2127480	10271
chr19	2117209	2317209	harbor2	chr19	2127827	2128067	DNA/TcMar-Tigger	637	+	120	2127947	10738
chr19	48865977	49065977	harbor2	chr19	48893933	48894036	DNA/TcMar-Tigger	1167	+	52	48893985	28008
chr19	48865977	49065977	harbor2	chr19	48894313	48894360	DNA/TcMar-Tigger	1167	+	24	48894337	28360
chr19	48865977	49065977	harbor2	chr19	48894659	48894847	DNA/TcMar-Tigger	1167	+	94	48894753	28776
chr19	209526	409526	harbor2	chr19	272665	272750	DNA/TcMar-Tigger	2134	+	42	272707	63181
chr19	209526	409526	harbor2	chr19	273056	273353	DNA/TcMar-Tigger	2134	+	148	273204	63678
chr19	209526	409526	harbor2	chr19	273645	274090	DNA/TcMar-Tigger	3681	+	222	273867	64341
chr19	209526	409526	harbor2	chr19	274401	274558	DNA/TcMar-Tigger	3681	+	78	274479	64953
chr19	33076627	33276627	harbor2	chr19	33158466	33158698	DNA/TcMar-Tigger	3026	+	116	33158582	81955
chr19	33076627	33276627	harbor2	chr19	33158998	33159047	DNA/TcMar-Tigger	3026	+	24	33159022	82395
chr19	33076627	33276627	harbor2	chr19	33159395	33159689	DNA/TcMar-Tigger	3026	+	147	33159542	82915
chr19	33076627	33276627	harbor2	chr19	33160219	33160257	DNA/TcMar-Tigger	3026	+	19	33160238	83611
chr19	45692525	45892525	harbor2	chr19	45716052	45716274	DNA/TcMar-Tigger	1231	+	111	45716163	23638
chr19	46920765	47120765	harbor2	chr19	46955916	46956034	DNA/TcMar-Tigger	931	+	59	46955975	35210
chr19	46920765	47120765	harbor2	chr19	46956328	46956419	DNA/TcMar-Tigger	931	+	46	46956374	35609
chr19	19676568	19876568	harbor2	chr19	19698470	19698734	DNA/TcMar-Tigger	1317	+	132	19698602	22034
chr19	2785512	2985512	harbor2	chr19	2787547	2787694	DNA/TcMar-Tigger	851	+	74	2787621	2109
chr19	2785512	2985512	harbor2	chr19	2787905	2788083	DNA/TcMar-Tigger	851	+	89	2787994	2482
chr19	2785512	2985512	harbor2	chr19	2797400	2797752	DNA/TcMar-Tigger	905	+	176	2797576	12064
chr19	19676566	19876566	harbor2	chr19	19698470	19698734	DNA/TcMar-Tigger	1317	+	132	19698602	22036
chr19	19676549	19876549	harbor2	chr19	19698470	19698734	DNA/TcMar-Tigger	1317	+	132	19698602	22053
chr19	1350331	1550331	harbor2	chr19	1353560	1353735	DNA/TcMar-Tigger	632	+	88	1353648	3317
chr19	11477538	11677538	harbor2	chr19	11523068	11523352	DNA/TcMar-Tigger	1520	+	142	11523210	45672
chr19	45692441	45892441	harbor2	chr19	45716052	45716274	DNA/TcMar-Tigger	1231	+	111	45716163	23722
chr19	19676577	19876577	harbor2	chr19	19698470	19698734	DNA/TcMar-Tigger	1317	+	132	19698602	22025
chr19	19676519	19876519	harbor2	chr19	19698470	19698734	DNA/TcMar-Tigger	1317	+	132	19698602	22083
chr19	16276857	16476857	harbor2	chr19	16351951	16352004	DNA/TcMar-Tigger	1065	+	26	16351977	75120
chr19	16276857	16476857	harbor2	chr19	16352301	16352451	DNA/TcMar-Tigger	1065	+	75	16352376	75519
chr19	19676542	19876542	harbor2	chr19	19698470	19698734	DNA/TcMar-Tigger	1317	+	132	19698602	22060
chr20	62866011	63066011	harbor2	chr20	62940759	62941042	DNA/TcMar-Tigger	622	+	142	62940901	74890
chr20	2847793	3047793	harbor2	chr20	2879623	2879962	DNA/TcMar-Tigger	1924	+	170	2879793	32000
chr20	2847793	3047793	harbor2	chr20	2883157	2883255	DNA/TcMar-Tigger	613	+	49	2883206	35413
chr20	2847793	3047793	harbor2	chr20	2892361	2892782	DNA/TcMar-Tigger	2275	+	210	2892571	44778
chr20	2847793	3047793	harbor2	chr20	2903042	2903277	DNA/TcMar-Tigger	1370	+	118	2903160	55367
chr20	2847793	3047793	harbor2	chr20	2905323	2905687	DNA/TcMar-Tigger	1494	+	182	2905505	57712
chr20	2847793	3047793	harbor2	chr20	2905986	2906328	DNA/TcMar-Tigger	1494	+	171	2906157	58364
chr20	2847793	3047793	harbor2	chr20	2908276	2908518	DNA/TcMar-Tigger	633	+	121	2908397	60604
chr20	2847793	3047793	harbor2	chr20	2914739	2915007	DNA/TcMar-Tigger	1123	+	134	2914873	67080
chr20	2847793	3047793	harbor2	chr20	2943122	2943242	DNA/TcMar-Tigger	554	+	60	2943182	95389
chr20	62119278	62319278	harbor2	chr20	62158379	62158560	DNA/TcMar-Tigger	1054	+	90	62158469	39191
chr20	34904860	35104860	harbor2	chr20	34940761	34941074	DNA/TcMar-Tigger	1208	+	156	34940917	36057
chr20	34904860	35104860	harbor2	chr20	34941376	34941557	DNA/TcMar-Tigger	1208	+	90	34941466	36606
chr20	36898001	37098001	harbor2	chr20	36914145	36914345	DNA/TcMar-Tigger	2353	+	100	36914245	16244
chr20	36898001	37098001	harbor2	chr20	36914660	36914728	DNA/TcMar-Tigger	2353	+	34	36914694	16693
chr20	36898001	37098001	harbor2	chr20	36915030	36915061	DNA/TcMar-Tigger	2353	+	16	36915046	17045
chr20	36898001	37098001	harbor2	chr20	36915354	36915454	DNA/TcMar-Tigger	2353	+	50	36915404	17403
chr20	36898001	37098001	harbor2	chr20	36915762	36915831	DNA/TcMar-Tigger	2353	+	34	36915796	17795
chr20	36898001	37098001	harbor2	chr20	36954300	36954610	DNA/TcMar-Tigger	670	+	155	36954455	56454
chr20	36898001	37098001	harbor2	chr20	36954942	36955047	DNA/TcMar-Tigger	670	+	52	36954994	56993
chr20	4624774	4824774	harbor2	chr20	4642230	4643908	DNA/TcMar-Tigger	11003	+	839	4643069	18295
chr20	4624774	4824774	harbor2	chr20	4645993	4646086	DNA/TcMar-Tigger	658	+	46	4646039	21265
chr20	4624774	4824774	harbor2	chr20	4647646	4647875	DNA/TcMar-Tigger	1431	+	114	4647760	22986
chr20	9474281	9674281	harbor2	chr20	9485458	9485670	DNA/TcMar-Tigger	1376	+	106	9485564	11283
chr20	9474281	9674281	harbor2	chr20	9534447	9534686	DNA/TcMar-Tigger	1468	+	120	9534567	60286
chr20	62894793	63094793	harbor2	chr20	62940759	62941042	DNA/TcMar-Tigger	622	+	142	62940901	46108
chr20	50272702	50472702	harbor2	chr20	50286942	50287209	DNA/TcMar-Tigger	549	+	134	50287076	14374
chr20	50272702	50472702	harbor2	chr20	50287512	50287564	DNA/TcMar-Tigger	549	+	26	50287538	14836
chr20	50272702	50472702	harbor2	chr20	50350930	50351020	DNA/TcMar-Tigger	595	+	45	50350975	78273
chr20	50272702	50472702	harbor2	chr20	50351016	50351520	DNA/TcMar-Tigger	2882	+	252	50351268	78566
chr20	34904861	35104861	harbor2	chr20	34940761	34941074	DNA/TcMar-Tigger	1208	+	156	34940917	36056
chr20	34904861	35104861	harbor2	chr20	34941376	34941557	DNA/TcMar-Tigger	1208	+	90	34941466	36605
chr20	38347847	38547847	harbor2	chr20	38418217	38418336	DNA/TcMar-Tigger	545	+	60	38418277	70430
chr20	62024350	62224350	harbor2	chr20	62028353	62028562	DNA/TcMar-Tigger	871	+	104	62028457	4107
chr20	62024350	62224350	harbor2	chr20	62041935	62041970	DNA/TcMar-Tigger	4631	+	18	62041953	17603
chr20	62024350	62224350	harbor2	chr20	62042695	62043040	DNA/TcMar-Tigger	4631	+	172	62042867	18517
chr20	62024350	62224350	harbor2	chr20	62043306	62043882	DNA/TcMar-Tigger	4631	+	288	62043594	19244
chr20	62024350	62224350	harbor2	chr20	62088525	62088842	DNA/TcMar-Tigger	4296	+	158	62088683	64333
chr20	62024350	62224350	harbor2	chr20	62089456	62089949	DNA/TcMar-Tigger	4296	+	246	62089702	65352
chr20	62024350	62224350	harbor2	chr20	62090248	62090451	DNA/TcMar-Tigger	4296	+	102	62090350	66000
chr20	62024350	62224350	harbor2	chr20	62090762	62090811	DNA/TcMar-Tigger	4296	+	24	62090786	66436
chr20	62024350	62224350	harbor2	chr20	62091541	62091744	DNA/TcMar-Tigger	1034	+	102	62091643	67293
chr20	35362392	35562392	harbor2	chr20	35397549	35397812	DNA/TcMar-Tigger	1458	+	132	35397681	35289
chr20	35362392	35562392	harbor2	chr20	35424873	35424990	DNA/TcMar-Tigger	751	+	58	35424931	62539
chr20	35362392	35562392	harbor2	chr20	35425291	35425410	DNA/TcMar-Tigger	751	+	60	35425351	62959
chr20	34905163	35105163	harbor2	chr20	34940761	34941074	DNA/TcMar-Tigger	1208	+	156	34940917	35754
chr20	34905163	35105163	harbor2	chr20	34941376	34941557	DNA/TcMar-Tigger	1208	+	90	34941466	36303
chr20	9474416	9674416	harbor2	chr20	9485458	9485670	DNA/TcMar-Tigger	1376	+	106	9485564	11148
chr20	9474416	9674416	harbor2	chr20	9534447	9534686	DNA/TcMar-Tigger	1468	+	120	9534567	60151
chr20	35138054	35338054	harbor2	chr20	35196960	35197129	DNA/TcMar-Tigger	878	+	84	35197044	58990
chr20	35138054	35338054	harbor2	chr20	35197279	35197547	DNA/TcMar-Tigger	14944	+	134	35197413	59359
chr20	35138054	35338054	harbor2	chr20	35197845	35198002	DNA/TcMar-Tigger	14944	+	78	35197923	59869
chr20	35138054	35338054	harbor2	chr20	35198303	35198717	DNA/TcMar-Tigger	14944	+	207	35198510	60456
chr20	35138054	35338054	harbor2	chr20	35199014	35199468	DNA/TcMar-Tigger	14944	+	227	35199241	61187
chr20	35138054	35338054	harbor2	chr20	35199764	35200640	DNA/TcMar-Tigger	14944	+	438	35200202	62148
chr20	35138054	35338054	harbor2	chr20	35200948	35201067	DNA/TcMar-Tigger	14944	+	60	35201008	62954
chr20	62043222	62243222	harbor2	chr20	62043306	62043882	DNA/TcMar-Tigger	4631	+	288	62043594	372
chr20	62043222	62243222	harbor2	chr20	62088525	62088842	DNA/TcMar-Tigger	4296	+	158	62088683	45461
chr20	62043222	62243222	harbor2	chr20	62089456	62089949	DNA/TcMar-Tigger	4296	+	246	62089702	46480
chr20	62043222	62243222	harbor2	chr20	62090248	62090451	DNA/TcMar-Tigger	4296	+	102	62090350	47128
chr20	62043222	62243222	harbor2	chr20	62090762	62090811	DNA/TcMar-Tigger	4296	+	24	62090786	47564
chr20	62043222	62243222	harbor2	chr20	62091541	62091744	DNA/TcMar-Tigger	1034	+	102	62091643	48421
chr20	21866893	22066893	harbor2	chr20	21937555	21938148	DNA/TcMar-Tigger	3650	+	296	21937851	70958
chr20	21866893	22066893	harbor2	chr20	21961567	21961797	DNA/TcMar-Tigger	1193	+	115	21961682	94789
chr20	63732367	63932367	harbor2	chr20	63787152	63787725	DNA/TcMar-Tigger	2001	+	286	63787438	55071
chr20	3015690	3215690	harbor2	chr20	3075296	3075470	DNA/TcMar-Tigger	748	+	87	3075383	59693
chr20	11791589	11991589	harbor2	chr20	11859308	11859930	DNA/TcMar-Tigger	2564	+	311	11859619	68030
chr20	11791589	11991589	harbor2	chr20	11867332	11868108	DNA/TcMar-Tigger	3999	+	388	11867720	76131
chr20	11791589	11991589	harbor2	chr20	11868410	11868481	DNA/TcMar-Tigger	3999	+	36	11868446	76857
chr20	11791589	11991589	harbor2	chr20	11868488	11868876	DNA/TcMar-Tigger	1529	+	194	11868682	77093
chr20	34904857	35104857	harbor2	chr20	34940761	34941074	DNA/TcMar-Tigger	1208	+	156	34940917	36060
chr20	34904857	35104857	harbor2	chr20	34941376	34941557	DNA/TcMar-Tigger	1208	+	90	34941466	36609
chr20	62305735	62505735	harbor2	chr20	62377200	62377489	DNA/TcMar-Tigger	1289	+	144	62377344	71609
chr20	62043200	62243200	harbor2	chr20	62043306	62043882	DNA/TcMar-Tigger	4631	+	288	62043594	394
chr20	62043200	62243200	harbor2	chr20	62088525	62088842	DNA/TcMar-Tigger	4296	+	158	62088683	45483
chr20	62043200	62243200	harbor2	chr20	62089456	62089949	DNA/TcMar-Tigger	4296	+	246	62089702	46502
chr20	62043200	62243200	harbor2	chr20	62090248	62090451	DNA/TcMar-Tigger	4296	+	102	62090350	47150
chr20	62043200	62243200	harbor2	chr20	62090762	62090811	DNA/TcMar-Tigger	4296	+	24	62090786	47586
chr20	62043200	62243200	harbor2	chr20	62091541	62091744	DNA/TcMar-Tigger	1034	+	102	62091643	48443
chr20	4587587	4787587	harbor2	chr20	4642230	4643908	DNA/TcMar-Tigger	11003	+	839	4643069	55482
chr20	4587587	4787587	harbor2	chr20	4645993	4646086	DNA/TcMar-Tigger	658	+	46	4646039	58452
chr20	4587587	4787587	harbor2	chr20	4647646	4647875	DNA/TcMar-Tigger	1431	+	114	4647760	60173
chr20	57208729	57408729	harbor2	chr20	57249281	57249515	DNA/TcMar-Tigger	593	+	117	57249398	40669
chr21	29261633	29461633	harbor2	chr21	29307469	29307747	DNA/TcMar-Tigger	1007	+	139	29307608	45975
chr21	29261633	29461633	harbor2	chr21	29341391	29341573	DNA/TcMar-Tigger	446	+	91	29341482	79849
chr21	29261633	29461633	harbor2	chr21	29341990	29342246	DNA/TcMar-Tigger	634	+	128	29342118	80485
chr21	45326953	45526953	harbor2	chr21	45372536	45372855	DNA/TcMar-Tigger	1722	+	160	45372696	45743
chr21	46225275	46425275	harbor2	chr21	46261803	46262050	DNA/TcMar-Tigger	1333	+	124	46261927	36652
chr21	46358887	46558887	harbor2	chr21	46422754	46422934	DNA/TcMar-Tigger	480	+	90	46422844	63957
chr21	43621046	43821046	harbor2	chr21	43627712	43629284	DNA/TcMar-Tigger	14942	+	786	43628498	7452
chr21	43621046	43821046	harbor2	chr21	43629548	43630314	DNA/TcMar-Tigger	14942	+	383	43629931	8885
chr21	43621046	43821046	harbor2	chr21	43632564	43632724	DNA/TcMar-Tigger	940	+	80	43632644	11598
chr21	43621046	43821046	harbor2	chr21	43632720	43632863	DNA/TcMar-Tigger	822	+	72	43632792	11746
chr21	41040652	41240652	harbor2	chr21	41049252	41049560	DNA/TcMar-Tigger	740	+	154	41049406	8754
chr21	41040652	41240652	harbor2	chr21	41061107	41061621	DNA/TcMar-Tigger	2434	+	257	41061364	20712
chr21	34275890	34475890	harbor2	chr21	34311991	34312206	DNA/TcMar-Tigger	723	+	108	34312099	36209
chr21	29248676	29448676	harbor2	chr21	29307469	29307747	DNA/TcMar-Tigger	1007	+	139	29307608	58932
chr21	29248676	29448676	harbor2	chr21	29341391	29341573	DNA/TcMar-Tigger	446	+	91	29341482	92806
chr21	29248676	29448676	harbor2	chr21	29341990	29342246	DNA/TcMar-Tigger	634	+	128	29342118	93442
chr21	44774168	44974168	harbor2	chr21	44800322	44800632	DNA/TcMar-Tigger	1078	+	155	44800477	26309
chr21	46359801	46559801	harbor2	chr21	46422754	46422934	DNA/TcMar-Tigger	480	+	90	46422844	63043
chr21	46358894	46558894	harbor2	chr21	46422754	46422934	DNA/TcMar-Tigger	480	+	90	46422844	63950
chr21	41945270	42145270	harbor2	chr21	42003564	42003770	DNA/TcMar-Tigger	1039	+	103	42003667	58397
chr21	42278158	42478158	harbor2	chr21	42339670	42339842	DNA/TcMar-Tigger	2106	+	86	42339756	61598
chr21	42278158	42478158	harbor2	chr21	42340142	42340561	DNA/TcMar-Tigger	2106	+	210	42340352	62194
chr21	42331244	42531244	harbor2	chr21	42339670	42339842	DNA/TcMar-Tigger	2106	+	86	42339756	8512
chr21	42331244	42531244	harbor2	chr21	42340142	42340561	DNA/TcMar-Tigger	2106	+	210	42340352	9108
chr21	42331244	42531244	harbor2	chr21	42419690	42420029	DNA/TcMar-Tigger	1963	+	170	42419860	88616
chr21	39009375	39209375	harbor2	chr21	39038645	39039009	DNA/TcMar-Tigger	1350	+	182	39038827	29452
chr21	39009691	39209691	harbor2	chr21	39038645	39039009	DNA/TcMar-Tigger	1350	+	182	39038827	29136
chr21	39009608	39209608	harbor2	chr21	39038645	39039009	DNA/TcMar-Tigger	1350	+	182	39038827	29219
chr22	44208842	44408842	harbor2	chr22	44217179	44217370	DNA/TcMar-Tigger	1327	+	96	44217275	8433
chr22	42989455	43189455	harbor2	chr22	43047372	43047470	DNA/TcMar-Tigger	591	+	49	43047421	57966
chr22	42989455	43189455	harbor2	chr22	43047769	43047857	DNA/TcMar-Tigger	591	+	44	43047813	58358
chr22	42989451	43189451	harbor2	chr22	43047372	43047470	DNA/TcMar-Tigger	591	+	49	43047421	57970
chr22	42989451	43189451	harbor2	chr22	43047769	43047857	DNA/TcMar-Tigger	591	+	44	43047813	58362
chr22	36465130	36665130	harbor2	chr22	36521985	36522072	DNA/TcMar-Tigger	987	+	44	36522029	56899
chr22	36465130	36665130	harbor2	chr22	36522377	36522483	DNA/TcMar-Tigger	987	+	53	36522430	57300
chr22	36465130	36665130	harbor2	chr22	36541185	36541461	DNA/TcMar-Tigger	1167	+	138	36541323	76193
chr22	36187355	36387355	harbor2	chr22	36260480	36260796	DNA/TcMar-Tigger	683	+	158	36260638	73283
chr22	19663015	19863015	harbor2	chr22	19712947	19713170	DNA/TcMar-Tigger	627	+	112	19713059	50044
chr22	42989445	43189445	harbor2	chr22	43047372	43047470	DNA/TcMar-Tigger	591	+	49	43047421	57976
chr22	42989445	43189445	harbor2	chr22	43047769	43047857	DNA/TcMar-Tigger	591	+	44	43047813	58368
chr22	19665909	19865909	harbor2	chr22	19712947	19713170	DNA/TcMar-Tigger	627	+	112	19713059	47150
chr22	28342388	28542388	harbor2	chr22	28360705	28362121	DNA/TcMar-Tigger	15449	+	708	28361413	19025
chr22	28342388	28542388	harbor2	chr22	28364443	28365397	DNA/TcMar-Tigger	15449	+	477	28364920	22532
chr22	28342388	28542388	harbor2	chr22	28398452	28398796	DNA/TcMar-Tigger	1073	+	172	28398624	56236
chr22	28342388	28542388	harbor2	chr22	28434122	28434389	DNA/TcMar-Tigger	811	+	134	28434256	91868
chr22	32100450	32300450	harbor2	chr22	32166931	32167230	DNA/TcMar-Tigger	1702	+	150	32167081	66631
chr22	17640145	17840145	harbor2	chr22	17645817	17646136	DNA/TcMar-Tigger	1270	+	160	17645977	5832
chr22	17640145	17840145	harbor2	chr22	17682104	17682460	DNA/TcMar-Tigger	743	+	178	17682282	42137
chr22	29461784	29661784	harbor2	chr22	29507195	29507361	DNA/TcMar-Tigger	1872	+	83	29507278	45494
chr22	29461784	29661784	harbor2	chr22	29507660	29507917	DNA/TcMar-Tigger	1872	+	128	29507788	46004
chr22	29461784	29661784	harbor2	chr22	29515006	29515035	DNA/TcMar-Tigger	1110	+	14	29515020	53236
chr22	29461784	29661784	harbor2	chr22	29515341	29515510	DNA/TcMar-Tigger	1110	+	84	29515425	53641
chr22	44788598	44988598	harbor2	chr22	44878304	44878406	DNA/TcMar-Tigger	528	+	51	44878355	89757
chr22	44788598	44988598	harbor2	chr22	44878411	44878592	DNA/TcMar-Tigger	687	+	90	44878501	89903
chr22	23024082	23224082	harbor2	chr22	23080854	23081130	DNA/TcMar-Tigger	553	+	138	23080992	56910
chr22	23024082	23224082	harbor2	chr22	23084187	23084509	DNA/TcMar-Tigger	1702	+	161	23084348	60266
chr22	39366725	39566725	harbor2	chr22	39424978	39425090	DNA/TcMar-Tigger	1785	+	56	39425034	58309
chr22	39366725	39566725	harbor2	chr22	39425396	39425548	DNA/TcMar-Tigger	1785	+	76	39425472	58747
chr22	39366725	39566725	harbor2	chr22	39425846	39425868	DNA/TcMar-Tigger	1785	+	11	39425857	59132
chr22	39366725	39566725	harbor2	chr22	39426159	39426228	DNA/TcMar-Tigger	1785	+	34	39426193	59468
chr22	18822922	19022922	harbor2	chr22	18830213	18830500	DNA/TcMar-Tigger	993	+	144	18830357	7435
chr22	39369739	39569739	harbor2	chr22	39424978	39425090	DNA/TcMar-Tigger	1785	+	56	39425034	55295
chr22	39369739	39569739	harbor2	chr22	39425396	39425548	DNA/TcMar-Tigger	1785	+	76	39425472	55733
chr22	39369739	39569739	harbor2	chr22	39425846	39425868	DNA/TcMar-Tigger	1785	+	11	39425857	56118
chr22	39369739	39569739	harbor2	chr22	39426159	39426228	DNA/TcMar-Tigger	1785	+	34	39426193	56454
chr22	12715743	12915743	harbor2	chr22	12782525	12783230	DNA/TcMar-Tigger	12035	+	352	12782877	67134
chr22	12715743	12915743	harbor2	chr22	12783537	12784394	DNA/TcMar-Tigger	12035	+	428	12783965	68222
chr22	12715743	12915743	harbor2	chr22	12784686	12785263	DNA/TcMar-Tigger	12035	+	288	12784974	69231
chr22	12715743	12915743	harbor2	chr22	12785532	12785747	DNA/TcMar-Tigger	12035	+	108	12785640	69897
chr22	41811210	42011210	harbor2	chr22	41843023	41843132	DNA/TcMar-Tigger	651	+	54	41843077	31867
chr22	41811210	42011210	harbor2	chr22	41906595	41906693	DNA/TcMar-Tigger	433	+	49	41906644	95434
chr22	39414512	39614512	harbor2	chr22	39424978	39425090	DNA/TcMar-Tigger	1785	+	56	39425034	10522
chr22	39414512	39614512	harbor2	chr22	39425396	39425548	DNA/TcMar-Tigger	1785	+	76	39425472	10960
chr22	39414512	39614512	harbor2	chr22	39425846	39425868	DNA/TcMar-Tigger	1785	+	11	39425857	11345
chr22	39414512	39614512	harbor2	chr22	39426159	39426228	DNA/TcMar-Tigger	1785	+	34	39426193	11681
chr22	42780609	42980609	harbor2	chr22	42834611	42835242	DNA/TcMar-Tigger	3223	+	316	42834927	54318
chr22	23082527	23282527	harbor2	chr22	23084187	23084509	DNA/TcMar-Tigger	1702	+	161	23084348	1821
chr22	23082527	23282527	harbor2	chr22	23134380	23134582	DNA/TcMar-Tigger	1041	+	101	23134481	51954
chr22	23082527	23282527	harbor2	chr22	23134884	23134901	DNA/TcMar-Tigger	1041	+	8	23134892	52365
chr22	23082527	23282527	harbor2	chr22	23135533	23135859	DNA/TcMar-Tigger	1041	+	163	23135696	53169
chrX	153388897	153588897	harbor2	chrX	153466762	153466986	DNA/TcMar-Tigger	1502	+	112	153466874	77977
chrX	153388897	153588897	harbor2	chrX	153403384	153403477	DNA/TcMar-Tigger	560	+	46	153403430	14533
chrX	153410219	153610219	harbor2	chrX	153466762	153466986	DNA/TcMar-Tigger	1502	+	112	153466874	56655
chrX	72209033	72409033	harbor2	chrX	72236659	72236864	DNA/TcMar-Tigger	1243	+	102	72236761	27728
chrX	153387298	153587298	harbor2	chrX	153466762	153466986	DNA/TcMar-Tigger	1502	+	112	153466874	79576
chrX	153387298	153587298	harbor2	chrX	153403384	153403477	DNA/TcMar-Tigger	560	+	46	153403430	16132
chrX	130073203	130273203	harbor2	chrX	130166723	130166825	DNA/TcMar-Tigger	630	+	51	130166774	93571
chrX	153370587	153570587	harbor2	chrX	153374491	153374697	DNA/TcMar-Tigger	1026	+	103	153374594	4007
chrX	153370587	153570587	harbor2	chrX	153466762	153466986	DNA/TcMar-Tigger	1502	+	112	153466874	96287
chrX	153370587	153570587	harbor2	chrX	153403384	153403477	DNA/TcMar-Tigger	560	+	46	153403430	32843
chrX	72209054	72409054	harbor2	chrX	72236659	72236864	DNA/TcMar-Tigger	1243	+	102	72236761	27707
chrX	71011961	71211961	harbor2	chrX	71026950	71027112	DNA/TcMar-Tigger	579	+	81	71027031	15070
chrX	71011961	71211961	harbor2	chrX	71077083	71077153	DNA/TcMar-Tigger	1275	+	35	71077118	65157
chrX	71011961	71211961	harbor2	chrX	71077470	71077595	DNA/TcMar-Tigger	1275	+	62	71077532	65571
chrX	71011961	71211961	harbor2	chrX	71077948	71078080	DNA/TcMar-Tigger	1275	+	66	71078014	66053
chrX	287171	487171	harbor2	chrX	359139	359565	DNA/TcMar-Tigger	1265	+	213	359352	72181
chrX	153504978	153704978	harbor2	chrX	153555711	153555916	DNA/TcMar-Tigger	925	+	102	153555813	50835
