H_chr	H_start	H_end	Harbor	TE_chr	TE_start	TE_end	TE	score	TE_strand	TE_half	TE_middle_pos	TE_dis
chr1	26431527	26631527	harbor2	chr1	26459173	26459399	LINE/CR1	465	+	113	26459286	27759
chr1	211034356	211234356	harbor2	chr1	211128936	211129115	LINE/CR1	460	+	90	211129026	94670
chr1	33322912	33522912	harbor2	chr1	33353065	33353470	LINE/CR1	580	+	202	33353267	30355
chr1	33322912	33522912	harbor2	chr1	33389991	33390164	LINE/CR1	667	+	86	33390077	67165
chr1	230193142	230393142	harbor2	chr1	230194962	230195142	LINE/CR1	447	+	90	230195052	1910
chr1	156685211	156885211	harbor2	chr1	156688988	156689234	LINE/CR1	696	+	123	156689111	3900
chr1	211034242	211234242	harbor2	chr1	211128936	211129115	LINE/CR1	460	+	90	211129026	94784
chr1	19346312	19546312	harbor2	chr1	19346447	19346810	LINE/CR1	528	+	182	19346629	317
chr1	19346312	19546312	harbor2	chr1	19347141	19347353	LINE/CR1	528	+	106	19347247	935
chr1	99985	299985	harbor2	chr1	190495	190928	LINE/CR1	989	+	216	190711	90726
chr1	39855815	40055815	harbor2	chr1	39952565	39953025	LINE/CR1	749	+	230	39952795	96980
chr1	244608951	244808951	harbor2	chr1	244612255	244612659	LINE/CR1	691	+	202	244612457	3506
chr1	39855881	40055881	harbor2	chr1	39952565	39953025	LINE/CR1	749	+	230	39952795	96914
chr1	226974774	227174774	harbor2	chr1	227036734	227037158	LINE/CR1	545	+	212	227036946	62172
chr1	18175437	18375437	harbor2	chr1	18240651	18240874	LINE/CR1	443	+	112	18240763	65326
chr1	226638246	226838246	harbor2	chr1	226693914	226694427	LINE/CR1	912	+	256	226694170	55924
chr1	226638246	226838246	harbor2	chr1	226695262	226695550	LINE/CR1	482	+	144	226695406	57160
chr1	61555229	61755229	harbor2	chr1	61581838	61582024	LINE/CR1	741	+	93	61581931	26702
chr1	61555229	61755229	harbor2	chr1	61582341	61583640	LINE/CR1	741	+	650	61582991	27762
chr1	211730531	211930531	harbor2	chr1	211812130	211812463	LINE/CR1	490	+	166	211812296	81765
chr1	244605752	244805752	harbor2	chr1	244612255	244612659	LINE/CR1	691	+	202	244612457	6705
chr1	226639019	226839019	harbor2	chr1	226693914	226694427	LINE/CR1	912	+	256	226694170	55151
chr1	226639019	226839019	harbor2	chr1	226695262	226695550	LINE/CR1	482	+	144	226695406	56387
chr1	53847584	54047584	harbor2	chr1	53941626	53942004	LINE/CR1	703	+	189	53941815	94231
chr1	53856437	54056437	harbor2	chr1	53941626	53942004	LINE/CR1	703	+	189	53941815	85378
chr1	211034229	211234229	harbor2	chr1	211128936	211129115	LINE/CR1	460	+	90	211129026	94797
chr1	116272865	116472865	harbor2	chr1	116340991	116341535	LINE/CR1	823	+	272	116341263	68398
chr1	244605764	244805764	harbor2	chr1	244612255	244612659	LINE/CR1	691	+	202	244612457	6693
chr1	156623387	156823387	harbor2	chr1	156688988	156689234	LINE/CR1	696	+	123	156689111	65724
chr1	156623387	156823387	harbor2	chr1	156679841	156680750	LINE/CR1	1120	+	454	156680295	56908
chr1	244609671	244809671	harbor2	chr1	244612255	244612659	LINE/CR1	691	+	202	244612457	2786
chr1	244605740	244805740	harbor2	chr1	244612255	244612659	LINE/CR1	691	+	202	244612457	6717
chr1	165727908	165927908	harbor2	chr1	165744256	165744509	LINE/CR1	665	+	126	165744382	16474
chr1	165727908	165927908	harbor2	chr1	165744813	165744836	LINE/CR1	665	+	12	165744825	16917
chr1	241289600	241489600	harbor2	chr1	241330307	241330667	LINE/CR1	577	+	180	241330487	40887
chr1	241289600	241489600	harbor2	chr1	241332171	241332607	LINE/CR1	775	+	218	241332389	42789
chr1	241289600	241489600	harbor2	chr1	241365997	241366541	LINE/CR1	1317	+	272	241366269	76669
chr1	241289600	241489600	harbor2	chr1	241366906	241367788	LINE/CR1	1317	+	441	241367347	77747
chr1	203029240	203229240	harbor2	chr1	203030084	203030273	LINE/CR1	487	+	94	203030178	938
chr1	203029240	203229240	harbor2	chr1	203057046	203057271	LINE/CR1	479	+	112	203057158	27918
chr1	203029240	203229240	harbor2	chr1	203066506	203066619	LINE/CR1	460	+	56	203066562	37322
chr1	53584910	53784910	harbor2	chr1	53683726	53683909	LINE/CR1	450	+	92	53683818	98908
chr1	89721814	89921814	harbor2	chr1	89753934	89754086	LINE/CR1	460	+	76	89754010	32196
chr1	235647632	235847632	harbor2	chr1	235713805	235714187	LINE/CR1	544	+	191	235713996	66364
chr1	26442085	26642085	harbor2	chr1	26459173	26459399	LINE/CR1	465	+	113	26459286	17201
chr1	169022360	169222360	harbor2	chr1	169100952	169101357	LINE/CR1	579	+	202	169101154	78794
chr1	244608247	244808247	harbor2	chr1	244612255	244612659	LINE/CR1	691	+	202	244612457	4210
chr1	211034263	211234263	harbor2	chr1	211128936	211129115	LINE/CR1	460	+	90	211129026	94763
chr1	234510831	234710831	harbor2	chr1	234543600	234543966	LINE/CR1	759	+	183	234543783	32952
chr1	211034198	211234198	harbor2	chr1	211128936	211129115	LINE/CR1	460	+	90	211129026	94828
chr1	37143776	37343776	harbor2	chr1	37242603	37242745	LINE/CR1	485	+	71	37242674	98898
chr1	42319822	42519822	harbor2	chr1	42322987	42323136	LINE/CR1	514	+	74	42323061	3239
chr1	155844472	156044472	harbor2	chr1	155854706	155854751	LINE/CR1	453	+	22	155854728	10256
chr1	155844472	156044472	harbor2	chr1	155855052	155855199	LINE/CR1	453	+	74	155855126	10654
chr1	54787204	54987204	harbor2	chr1	54875469	54875872	LINE/CR1	892	+	202	54875671	88467
chr1	46503997	46703997	harbor2	chr1	46597803	46598167	LINE/CR1	713	+	182	46597985	93988
chr2	74455111	74655111	harbor2	chr2	74547430	74548654	LINE/CR1	1159	+	612	74548042	92931
chr2	190775521	190975521	harbor2	chr2	190835215	190835554	LINE/CR1	572	+	170	190835385	59864
chr2	190775521	190975521	harbor2	chr2	190846844	190847159	LINE/CR1	808	+	158	190847002	71481
chr2	74456371	74656371	harbor2	chr2	74547430	74548654	LINE/CR1	1159	+	612	74548042	91671
chr2	175980096	176180096	harbor2	chr2	176052676	176052858	LINE/CR1	537	+	91	176052767	72671
chr2	227428022	227628022	harbor2	chr2	227480035	227480375	LINE/CR1	739	+	170	227480205	52183
chr2	27242106	27442106	harbor2	chr2	27325811	27326042	LINE/CR1	460	+	116	27325927	83821
chr2	26406153	26606153	harbor2	chr2	26432954	26433183	LINE/CR1	452	+	114	26433068	26915
chr2	26406153	26606153	harbor2	chr2	26486490	26486815	LINE/CR1	456	+	162	26486652	80499
chr2	26613172	26813172	harbor2	chr2	26702337	26702686	LINE/CR1	920	+	174	26702511	89339
chr2	26613172	26813172	harbor2	chr2	26703403	26703475	LINE/CR1	920	+	36	26703439	90267
chr2	142651021	142851021	harbor2	chr2	142661532	142661830	LINE/CR1	554	+	149	142661681	10660
chr2	144117662	144317662	harbor2	chr2	144122218	144122543	LINE/CR1	469	+	162	144122380	4718
chr2	26405176	26605176	harbor2	chr2	26432954	26433183	LINE/CR1	452	+	114	26433068	27892
chr2	26405176	26605176	harbor2	chr2	26486490	26486815	LINE/CR1	456	+	162	26486652	81476
chr2	56095019	56295019	harbor2	chr2	56133491	56133557	LINE/CR1	554	+	33	56133524	38505
chr2	56095019	56295019	harbor2	chr2	56134024	56134416	LINE/CR1	554	+	196	56134220	39201
chr2	43055466	43255466	harbor2	chr2	43072416	43072806	LINE/CR1	690	+	195	43072611	17145
chr2	43055499	43255499	harbor2	chr2	43072416	43072806	LINE/CR1	690	+	195	43072611	17112
chr2	175980104	176180104	harbor2	chr2	176052676	176052858	LINE/CR1	537	+	91	176052767	72663
chr2	43058164	43258164	harbor2	chr2	43072416	43072806	LINE/CR1	690	+	195	43072611	14447
chr2	46304629	46504629	harbor2	chr2	46394456	46394816	LINE/CR1	699	+	180	46394636	90007
chr2	112055853	112255853	harbor2	chr2	112082823	112083291	LINE/CR1	623	+	234	112083057	27204
chr2	219124492	219324492	harbor2	chr2	219185269	219185697	LINE/CR1	762	+	214	219185483	60991
chr3	51939400	52139400	harbor2	chr3	52000878	52001091	LINE/CR1	419	+	106	52000984	61584
chr3	51939400	52139400	harbor2	chr3	52001394	52001452	LINE/CR1	419	+	29	52001423	62023
chr3	114887895	115087895	harbor2	chr3	114960502	114960757	LINE/CR1	406	+	128	114960630	72735
chr3	51939849	52139849	harbor2	chr3	52000878	52001091	LINE/CR1	419	+	106	52000984	61135
chr3	51939849	52139849	harbor2	chr3	52001394	52001452	LINE/CR1	419	+	29	52001423	61574
chr3	157395984	157595984	harbor2	chr3	157451574	157452568	LINE/CR1	830	+	497	157452071	56087
chr3	157395984	157595984	harbor2	chr3	157492525	157492743	LINE/CR1	414	+	109	157492634	96650
chr3	115844385	116044385	harbor2	chr3	115871745	115871894	LINE/CR1	442	+	74	115871819	27434
chr3	115844385	116044385	harbor2	chr3	115926173	115926465	LINE/CR1	423	+	146	115926319	81934
chr3	115844385	116044385	harbor2	chr3	115883786	115884059	LINE/CR1	443	+	136	115883922	39537
chr3	51948411	52148411	harbor2	chr3	52000878	52001091	LINE/CR1	419	+	106	52000984	52573
chr3	51948411	52148411	harbor2	chr3	52001394	52001452	LINE/CR1	419	+	29	52001423	53012
chr3	51941567	52141567	harbor2	chr3	52000878	52001091	LINE/CR1	419	+	106	52000984	59417
chr3	51941567	52141567	harbor2	chr3	52001394	52001452	LINE/CR1	419	+	29	52001423	59856
chr3	188076829	188276829	harbor2	chr3	188081953	188082301	LINE/CR1	619	+	174	188082127	5298
chr3	188076829	188276829	harbor2	chr3	188126274	188126428	LINE/CR1	410	+	77	188126351	49522
chr3	146094434	146294434	harbor2	chr3	146133801	146134324	LINE/CR1	506	+	262	146134063	39629
chr3	146094434	146294434	harbor2	chr3	146162449	146162618	LINE/CR1	426	+	84	146162533	68099
chr3	51953569	52153569	harbor2	chr3	52000878	52001091	LINE/CR1	419	+	106	52000984	47415
chr3	51953569	52153569	harbor2	chr3	52001394	52001452	LINE/CR1	419	+	29	52001423	47854
chr3	161134786	161334786	harbor2	chr3	161189264	161189408	LINE/CR1	422	+	72	161189336	54550
chr3	51947743	52147743	harbor2	chr3	52000878	52001091	LINE/CR1	419	+	106	52000984	53241
chr3	51947743	52147743	harbor2	chr3	52001394	52001452	LINE/CR1	419	+	29	52001423	53680
chr3	187836138	188036138	harbor2	chr3	187880762	187881018	LINE/CR1	515	+	128	187880890	44752
chr3	51940162	52140162	harbor2	chr3	52000878	52001091	LINE/CR1	419	+	106	52000984	60822
chr3	51940162	52140162	harbor2	chr3	52001394	52001452	LINE/CR1	419	+	29	52001423	61261
chr3	51940754	52140754	harbor2	chr3	52000878	52001091	LINE/CR1	419	+	106	52000984	60230
chr3	51940754	52140754	harbor2	chr3	52001394	52001452	LINE/CR1	419	+	29	52001423	60669
chr3	47064857	47264857	harbor2	chr3	47131103	47131327	LINE/CR1	476	+	112	47131215	66358
chr3	51939851	52139851	harbor2	chr3	52000878	52001091	LINE/CR1	419	+	106	52000984	61133
chr3	51939851	52139851	harbor2	chr3	52001394	52001452	LINE/CR1	419	+	29	52001423	61572
chr3	124776752	124976752	harbor2	chr3	124795043	124795208	LINE/CR1	465	+	82	124795125	18373
chr3	124776752	124976752	harbor2	chr3	124796039	124796182	LINE/CR1	470	+	72	124796111	19359
chr3	179843714	180043714	harbor2	chr3	179857268	179857562	LINE/CR1	798	+	147	179857415	13701
chr3	123781375	123981375	harbor2	chr3	123841068	123841275	LINE/CR1	407	+	104	123841172	59797
chr3	51939470	52139470	harbor2	chr3	52000878	52001091	LINE/CR1	419	+	106	52000984	61514
chr3	51939470	52139470	harbor2	chr3	52001394	52001452	LINE/CR1	419	+	29	52001423	61953
chr3	128745391	128945391	harbor2	chr3	128778752	128779120	LINE/CR1	532	+	184	128778936	33545
chr3	122418615	122618615	harbor2	chr3	122461767	122462586	LINE/CR1	1122	+	410	122462177	43562
chr3	114324151	114524151	harbor2	chr3	114413166	114413495	LINE/CR1	632	+	164	114413330	89179
chr3	51939404	52139404	harbor2	chr3	52000878	52001091	LINE/CR1	419	+	106	52000984	61580
chr3	51939404	52139404	harbor2	chr3	52001394	52001452	LINE/CR1	419	+	29	52001423	62019
chr3	156989190	157189190	harbor2	chr3	157023309	157023476	LINE/CR1	525	+	84	157023393	34203
chr3	30593678	30793678	harbor2	chr3	30646314	30646747	LINE/CR1	912	+	216	30646530	52852
chr3	30593678	30793678	harbor2	chr3	30660928	30661309	LINE/CR1	502	+	190	30661118	67440
chr3	63339864	63539864	harbor2	chr3	63364298	63364680	LINE/CR1	427	+	191	63364489	24625
chr3	63339864	63539864	harbor2	chr3	63398303	63398438	LINE/CR1	449	+	68	63398371	58507
chr3	63339864	63539864	harbor2	chr3	63398738	63398899	LINE/CR1	449	+	80	63398818	58954
chr3	182582472	182782472	harbor2	chr3	182638330	182638805	LINE/CR1	702	+	238	182638568	56096
chr3	186106731	186306731	harbor2	chr3	186200001	186200299	LINE/CR1	614	+	149	186200150	93419
chr3	51953084	52153084	harbor2	chr3	52000878	52001091	LINE/CR1	419	+	106	52000984	47900
chr3	51953084	52153084	harbor2	chr3	52001394	52001452	LINE/CR1	419	+	29	52001423	48339
chr3	51939402	52139402	harbor2	chr3	52000878	52001091	LINE/CR1	419	+	106	52000984	61582
chr3	51939402	52139402	harbor2	chr3	52001394	52001452	LINE/CR1	419	+	29	52001423	62021
chr3	172010482	172210482	harbor2	chr3	172034262	172034695	LINE/CR1	1228	+	216	172034478	23996
chr3	172010482	172210482	harbor2	chr3	172035092	172035537	LINE/CR1	1228	+	222	172035314	24832
chr3	51939397	52139397	harbor2	chr3	52000878	52001091	LINE/CR1	419	+	106	52000984	61587
chr3	51939397	52139397	harbor2	chr3	52001394	52001452	LINE/CR1	419	+	29	52001423	62026
chr3	51940440	52140440	harbor2	chr3	52000878	52001091	LINE/CR1	419	+	106	52000984	60544
chr3	51940440	52140440	harbor2	chr3	52001394	52001452	LINE/CR1	419	+	29	52001423	60983
chr4	16642723	16842723	harbor2	chr4	16720841	16721071	LINE/CR1	603	+	115	16720956	78233
chr4	138772104	138972104	harbor2	chr4	138846819	138847076	LINE/CR1	530	+	128	138846947	74843
chr5	55892081	56092081	harbor2	chr5	55973785	55974203	LINE/CR1	938	+	209	55973994	81913
chr5	52848700	53048700	harbor2	chr5	52899370	52899614	LINE/CR1	446	+	122	52899492	50792
chr5	150418050	150618050	harbor2	chr5	150492346	150492599	LINE/CR1	474	+	126	150492472	74422
chr5	38973892	39173892	harbor2	chr5	39061258	39061491	LINE/CR1	429	+	116	39061374	87482
chr5	10184413	10384413	harbor2	chr5	10214436	10214525	LINE/CR1	575	+	44	10214480	30067
chr5	10184413	10384413	harbor2	chr5	10214826	10215586	LINE/CR1	575	+	380	10215206	30793
chr5	130296604	130496604	harbor2	chr5	130340674	130340849	LINE/CR1	480	+	88	130340762	44158
chr5	78345454	78545454	harbor2	chr5	78368489	78369000	LINE/CR1	832	+	256	78368745	23291
chr5	143870685	144070685	harbor2	chr5	143909643	143909954	LINE/CR1	478	+	156	143909799	39114
chr5	79955999	80155999	harbor2	chr5	80042622	80042705	LINE/CR1	889	+	42	80042664	86665
chr5	79955999	80155999	harbor2	chr5	80042988	80043719	LINE/CR1	889	+	366	80043354	87355
chr5	79955999	80155999	harbor2	chr5	80045190	80045531	LINE/CR1	713	+	170	80045360	89361
chr5	79955999	80155999	harbor2	chr5	80045831	80046303	LINE/CR1	713	+	236	80046067	90068
chr5	79955999	80155999	harbor2	chr5	80048150	80048409	LINE/CR1	747	+	130	80048280	92281
chr6	139488408	139688408	harbor2	chr6	139551357	139552258	LINE/CR1	1602	+	450	139551807	63399
chr6	139488408	139688408	harbor2	chr6	139552562	139552941	LINE/CR1	1602	+	190	139552752	64344
chr6	139488408	139688408	harbor2	chr6	139568289	139568467	LINE/CR1	494	+	89	139568378	79970
chr6	139488408	139688408	harbor2	chr6	139568628	139569118	LINE/CR1	513	+	245	139568873	80465
chr6	139785813	139985813	harbor2	chr6	139831090	139831373	LINE/CR1	815	+	142	139831232	45419
chr6	37083540	37283540	harbor2	chr6	37089567	37089909	LINE/CR1	537	+	171	37089738	6198
chr6	127168513	127368513	harbor2	chr6	127210443	127210992	LINE/CR1	850	+	274	127210717	42204
chr6	37072439	37272439	harbor2	chr6	37089567	37089909	LINE/CR1	537	+	171	37089738	17299
chr6	37072372	37272372	harbor2	chr6	37089567	37089909	LINE/CR1	537	+	171	37089738	17366
chr6	37071947	37271947	harbor2	chr6	37089567	37089909	LINE/CR1	537	+	171	37089738	17791
chr6	37072709	37272709	harbor2	chr6	37089567	37089909	LINE/CR1	537	+	171	37089738	17029
chr6	37002854	37202854	harbor2	chr6	37089567	37089909	LINE/CR1	537	+	171	37089738	86884
chr6	45551785	45751785	harbor2	chr6	45609684	45610152	LINE/CR1	783	+	234	45609918	58133
chr6	41821135	42021135	harbor2	chr6	41891548	41891883	LINE/CR1	622	+	168	41891716	70581
chr6	77363827	77563827	harbor2	chr6	77422671	77423059	LINE/CR1	704	+	194	77422865	59038
chr6	77363827	77563827	harbor2	chr6	77423369	77423595	LINE/CR1	704	+	113	77423482	59655
chr6	37002837	37202837	harbor2	chr6	37089567	37089909	LINE/CR1	537	+	171	37089738	86901
chr6	37073817	37273817	harbor2	chr6	37089567	37089909	LINE/CR1	537	+	171	37089738	15921
chr6	37071756	37271756	harbor2	chr6	37089567	37089909	LINE/CR1	537	+	171	37089738	17982
chr6	139346565	139546565	harbor2	chr6	139381137	139381758	LINE/CR1	873	+	310	139381447	34882
chr6	37071984	37271984	harbor2	chr6	37089567	37089909	LINE/CR1	537	+	171	37089738	17754
chr6	147108187	147308187	harbor2	chr6	147179658	147180021	LINE/CR1	742	+	182	147179840	71653
chr6	37071718	37271718	harbor2	chr6	37089567	37089909	LINE/CR1	537	+	171	37089738	18020
chr6	37074003	37274003	harbor2	chr6	37089567	37089909	LINE/CR1	537	+	171	37089738	15735
chr6	37075696	37275696	harbor2	chr6	37089567	37089909	LINE/CR1	537	+	171	37089738	14042
chr6	100675847	100875847	harbor2	chr6	100728861	100729118	LINE/CR1	554	+	128	100728989	53142
chr6	37071985	37271985	harbor2	chr6	37089567	37089909	LINE/CR1	537	+	171	37089738	17753
chr6	147106075	147306075	harbor2	chr6	147179658	147180021	LINE/CR1	742	+	182	147179840	73765
chr6	41841717	42041717	harbor2	chr6	41891548	41891883	LINE/CR1	622	+	168	41891716	49999
chr6	127174273	127374273	harbor2	chr6	127210443	127210992	LINE/CR1	850	+	274	127210717	36444
chr6	127169913	127369913	harbor2	chr6	127210443	127210992	LINE/CR1	850	+	274	127210717	40804
chr6	147254587	147454587	harbor2	chr6	147330560	147330825	LINE/CR1	699	+	132	147330692	76105
chr6	147254587	147454587	harbor2	chr6	147331036	147331386	LINE/CR1	699	+	175	147331211	76624
chr6	139493790	139693790	harbor2	chr6	139551357	139552258	LINE/CR1	1602	+	450	139551807	58017
chr6	139493790	139693790	harbor2	chr6	139552562	139552941	LINE/CR1	1602	+	190	139552752	58962
chr6	139493790	139693790	harbor2	chr6	139568289	139568467	LINE/CR1	494	+	89	139568378	74588
chr6	139493790	139693790	harbor2	chr6	139568628	139569118	LINE/CR1	513	+	245	139568873	75083
chr6	45542589	45742589	harbor2	chr6	45609684	45610152	LINE/CR1	783	+	234	45609918	67329
chr6	37071323	37271323	harbor2	chr6	37089567	37089909	LINE/CR1	537	+	171	37089738	18415
chr6	45542590	45742590	harbor2	chr6	45609684	45610152	LINE/CR1	783	+	234	45609918	67328
chr6	127167589	127367589	harbor2	chr6	127210443	127210992	LINE/CR1	850	+	274	127210717	43128
chr6	45541581	45741581	harbor2	chr6	45609684	45610152	LINE/CR1	783	+	234	45609918	68337
chr6	27416505	27616505	harbor2	chr6	27470227	27470640	LINE/CR1	606	+	206	27470433	53928
chr6	27416505	27616505	harbor2	chr6	27471008	27472007	LINE/CR1	1683	+	500	27471508	55003
chr6	111733310	111933310	harbor2	chr6	111753272	111753536	LINE/CR1	506	+	132	111753404	20094
chr6	37072384	37272384	harbor2	chr6	37089567	37089909	LINE/CR1	537	+	171	37089738	17354
chr6	27416592	27616592	harbor2	chr6	27470227	27470640	LINE/CR1	606	+	206	27470433	53841
chr6	27416592	27616592	harbor2	chr6	27471008	27472007	LINE/CR1	1683	+	500	27471508	54916
chr6	37072379	37272379	harbor2	chr6	37089567	37089909	LINE/CR1	537	+	171	37089738	17359
chr6	32053002	32253002	harbor2	chr6	32093627	32093807	LINE/CR1	597	+	90	32093717	40715
chr6	32053002	32253002	harbor2	chr6	32094126	32094301	LINE/CR1	597	+	88	32094214	41212
chr6	32053002	32253002	harbor2	chr6	32094571	32094910	LINE/CR1	600	+	170	32094741	41739
chr7	154767306	154967306	harbor2	chr7	154823492	154823781	LINE/CR1	523	+	144	154823636	56330
chr7	54986554	55186554	harbor2	chr7	55056753	55057306	LINE/CR1	921	+	276	55057029	70475
chr7	128310411	128510411	harbor2	chr7	128328293	128328665	LINE/CR1	682	+	186	128328479	18068
chr7	135108478	135308478	harbor2	chr7	135201678	135202278	LINE/CR1	769	+	300	135201978	93500
chr7	123650345	123850345	harbor2	chr7	123651743	123651989	LINE/CR1	437	+	123	123651866	1521
chr7	28372783	28572783	harbor2	chr7	28422009	28422387	LINE/CR1	464	+	189	28422198	49415
chr7	156338633	156538633	harbor2	chr7	156358064	156358340	LINE/CR1	409	+	138	156358202	19569
chr7	156338633	156538633	harbor2	chr7	156359231	156359481	LINE/CR1	452	+	125	156359356	20723
chr7	156338633	156538633	harbor2	chr7	156431552	156431629	LINE/CR1	435	+	38	156431590	92957
chr7	156338633	156538633	harbor2	chr7	156432036	156432178	LINE/CR1	435	+	71	156432107	93474
chr7	123649503	123849503	harbor2	chr7	123651743	123651989	LINE/CR1	437	+	123	123651866	2363
chr7	44696599	44896599	harbor2	chr7	44745498	44745825	LINE/CR1	712	+	164	44745662	49063
chr7	123649133	123849133	harbor2	chr7	123651743	123651989	LINE/CR1	437	+	123	123651866	2733
chr7	117804099	118004099	harbor2	chr7	117818672	117819062	LINE/CR1	496	+	195	117818867	14768
chr7	123649299	123849299	harbor2	chr7	123651743	123651989	LINE/CR1	437	+	123	123651866	2567
chr7	25329225	25529225	harbor2	chr7	25370994	25371140	LINE/CR1	439	+	73	25371067	41842
chr7	33803527	34003527	harbor2	chr7	33822865	33823360	LINE/CR1	714	+	248	33823113	19586
chr7	124001724	124201724	harbor2	chr7	124024932	124025141	LINE/CR1	655	+	104	124025036	23312
chr7	123649513	123849513	harbor2	chr7	123651743	123651989	LINE/CR1	437	+	123	123651866	2353
chr7	123649217	123849217	harbor2	chr7	123651743	123651989	LINE/CR1	437	+	123	123651866	2649
chr7	141412330	141612330	harbor2	chr7	141498790	141499356	LINE/CR1	542	+	283	141499073	86743
chr7	141412330	141612330	harbor2	chr7	141499658	141499971	LINE/CR1	542	+	156	141499814	87484
chr7	30582772	30782772	harbor2	chr7	30616493	30616696	LINE/CR1	674	+	102	30616595	33823
chr7	44696579	44896579	harbor2	chr7	44745498	44745825	LINE/CR1	712	+	164	44745662	49083
chr7	123649203	123849203	harbor2	chr7	123651743	123651989	LINE/CR1	437	+	123	123651866	2663
chr7	123649200	123849200	harbor2	chr7	123651743	123651989	LINE/CR1	437	+	123	123651866	2666
chr8	23428835	23628835	harbor2	chr8	23499219	23499845	LINE/CR1	804	+	313	23499532	70697
chr8	23428830	23628830	harbor2	chr8	23499219	23499845	LINE/CR1	804	+	313	23499532	70702
chr8	23428848	23628848	harbor2	chr8	23499219	23499845	LINE/CR1	804	+	313	23499532	70684
chr8	23428832	23628832	harbor2	chr8	23499219	23499845	LINE/CR1	804	+	313	23499532	70700
chr8	29983316	30183316	harbor2	chr8	29994944	29995258	LINE/CR1	699	+	157	29995101	11785
chr8	23430921	23630921	harbor2	chr8	23499219	23499845	LINE/CR1	804	+	313	23499532	68611
chr8	23430734	23630734	harbor2	chr8	23499219	23499845	LINE/CR1	804	+	313	23499532	68798
chr8	104366653	104566653	harbor2	chr8	104413810	104414248	LINE/CR1	679	+	219	104414029	47376
chr8	23429310	23629310	harbor2	chr8	23499219	23499845	LINE/CR1	804	+	313	23499532	70222
chr8	23428822	23628822	harbor2	chr8	23499219	23499845	LINE/CR1	804	+	313	23499532	70710
chr8	23428834	23628834	harbor2	chr8	23499219	23499845	LINE/CR1	804	+	313	23499532	70698
chr8	23430616	23630616	harbor2	chr8	23499219	23499845	LINE/CR1	804	+	313	23499532	68916
chr8	23428887	23628887	harbor2	chr8	23499219	23499845	LINE/CR1	804	+	313	23499532	70645
chr8	23428847	23628847	harbor2	chr8	23499219	23499845	LINE/CR1	804	+	313	23499532	70685
chr8	23429171	23629171	harbor2	chr8	23499219	23499845	LINE/CR1	804	+	313	23499532	70361
chr8	23428810	23628810	harbor2	chr8	23499219	23499845	LINE/CR1	804	+	313	23499532	70722
chr8	23428878	23628878	harbor2	chr8	23499219	23499845	LINE/CR1	804	+	313	23499532	70654
chr8	96337693	96537693	harbor2	chr8	96347326	96347553	LINE/CR1	816	+	114	96347440	9747
chr8	96337693	96537693	harbor2	chr8	96389838	96390152	LINE/CR1	511	+	157	96389995	52302
chr8	96337693	96537693	harbor2	chr8	96391736	96392101	LINE/CR1	484	+	182	96391918	54225
chr8	23430801	23630801	harbor2	chr8	23499219	23499845	LINE/CR1	804	+	313	23499532	68731
chr8	23428837	23628837	harbor2	chr8	23499219	23499845	LINE/CR1	804	+	313	23499532	70695
chr8	23428831	23628831	harbor2	chr8	23499219	23499845	LINE/CR1	804	+	313	23499532	70701
chr8	23430721	23630721	harbor2	chr8	23499219	23499845	LINE/CR1	804	+	313	23499532	68811
chr8	23428811	23628811	harbor2	chr8	23499219	23499845	LINE/CR1	804	+	313	23499532	70721
chr8	23428838	23628838	harbor2	chr8	23499219	23499845	LINE/CR1	804	+	313	23499532	70694
chr8	23429250	23629250	harbor2	chr8	23499219	23499845	LINE/CR1	804	+	313	23499532	70282
chr8	23428888	23628888	harbor2	chr8	23499219	23499845	LINE/CR1	804	+	313	23499532	70644
chr8	23428787	23628787	harbor2	chr8	23499219	23499845	LINE/CR1	804	+	313	23499532	70745
chr8	23428812	23628812	harbor2	chr8	23499219	23499845	LINE/CR1	804	+	313	23499532	70720
chr8	23428873	23628873	harbor2	chr8	23499219	23499845	LINE/CR1	804	+	313	23499532	70659
chr8	23430877	23630877	harbor2	chr8	23499219	23499845	LINE/CR1	804	+	313	23499532	68655
chr8	124796970	124996970	harbor2	chr8	124833153	124833454	LINE/CR1	577	+	150	124833303	36333
chr8	23440530	23640530	harbor2	chr8	23499219	23499845	LINE/CR1	804	+	313	23499532	59002
chr8	23429402	23629402	harbor2	chr8	23499219	23499845	LINE/CR1	804	+	313	23499532	70130
chr8	23428886	23628886	harbor2	chr8	23499219	23499845	LINE/CR1	804	+	313	23499532	70646
chr8	61402299	61602299	harbor2	chr8	61495967	61496205	LINE/CR1	446	+	119	61496086	93787
chr8	124982576	125182576	harbor2	chr8	125030675	125031242	LINE/CR1	1027	+	284	125030959	48383
chr8	23429413	23629413	harbor2	chr8	23499219	23499845	LINE/CR1	804	+	313	23499532	70119
chr8	23428927	23628927	harbor2	chr8	23499219	23499845	LINE/CR1	804	+	313	23499532	70605
chr8	29983254	30183254	harbor2	chr8	29994944	29995258	LINE/CR1	699	+	157	29995101	11847
chr8	23428893	23628893	harbor2	chr8	23499219	23499845	LINE/CR1	804	+	313	23499532	70639
chr8	23428926	23628926	harbor2	chr8	23499219	23499845	LINE/CR1	804	+	313	23499532	70606
chr8	35278627	35478627	harbor2	chr8	35305122	35305316	LINE/CR1	613	+	97	35305219	26592
chr8	35278627	35478627	harbor2	chr8	35313965	35314645	LINE/CR1	825	+	340	35314305	35678
chr8	29983321	30183321	harbor2	chr8	29994944	29995258	LINE/CR1	699	+	157	29995101	11780
chr8	23431204	23631204	harbor2	chr8	23499219	23499845	LINE/CR1	804	+	313	23499532	68328
chr8	23428900	23628900	harbor2	chr8	23499219	23499845	LINE/CR1	804	+	313	23499532	70632
chr8	23429267	23629267	harbor2	chr8	23499219	23499845	LINE/CR1	804	+	313	23499532	70265
chr8	23428736	23628736	harbor2	chr8	23499219	23499845	LINE/CR1	804	+	313	23499532	70796
chr9	68662242	68862242	harbor2	chr9	68734685	68735111	LINE/CR1	535	+	213	68734898	72656
chr9	68662242	68862242	harbor2	chr9	68737338	68738275	LINE/CR1	1334	+	468	68737806	75564
chr9	1	129256	harbor2	chr9	20085	20518	LINE/CR1	884	+	216	20301	20300
chr9	35657140	35857140	harbor2	chr9	35659217	35659848	LINE/CR1	804	+	316	35659533	2393
chr9	35657140	35857140	harbor2	chr9	35660145	35660282	LINE/CR1	804	+	68	35660213	3073
chr9	35657140	35857140	harbor2	chr9	35733546	35733649	LINE/CR1	715	+	52	35733598	76458
chr9	35657140	35857140	harbor2	chr9	35733809	35733987	LINE/CR1	715	+	89	35733898	76758
chr9	35657140	35857140	harbor2	chr9	35734244	35734593	LINE/CR1	715	+	174	35734418	77278
chr9	35657140	35857140	harbor2	chr9	35734890	35735087	LINE/CR1	715	+	98	35734988	77848
chr9	35657135	35857135	harbor2	chr9	35659217	35659848	LINE/CR1	804	+	316	35659533	2398
chr9	35657135	35857135	harbor2	chr9	35660145	35660282	LINE/CR1	804	+	68	35660213	3078
chr9	35657135	35857135	harbor2	chr9	35733546	35733649	LINE/CR1	715	+	52	35733598	76463
chr9	35657135	35857135	harbor2	chr9	35733809	35733987	LINE/CR1	715	+	89	35733898	76763
chr9	35657135	35857135	harbor2	chr9	35734244	35734593	LINE/CR1	715	+	174	35734418	77283
chr9	35657135	35857135	harbor2	chr9	35734890	35735087	LINE/CR1	715	+	98	35734988	77853
chr9	35657145	35857145	harbor2	chr9	35659217	35659848	LINE/CR1	804	+	316	35659533	2388
chr9	35657145	35857145	harbor2	chr9	35660145	35660282	LINE/CR1	804	+	68	35660213	3068
chr9	35657145	35857145	harbor2	chr9	35733546	35733649	LINE/CR1	715	+	52	35733598	76453
chr9	35657145	35857145	harbor2	chr9	35733809	35733987	LINE/CR1	715	+	89	35733898	76753
chr9	35657145	35857145	harbor2	chr9	35734244	35734593	LINE/CR1	715	+	174	35734418	77273
chr9	35657145	35857145	harbor2	chr9	35734890	35735087	LINE/CR1	715	+	98	35734988	77843
chr9	97885753	98085753	harbor2	chr9	97961432	97962024	LINE/CR1	547	+	296	97961728	75975
chr9	94066300	94266300	harbor2	chr9	94081769	94081995	LINE/CR1	587	+	113	94081882	15582
chr9	94066300	94266300	harbor2	chr9	94082132	94082296	LINE/CR1	587	+	82	94082214	15914
chr9	68655476	68855476	harbor2	chr9	68734685	68735111	LINE/CR1	535	+	213	68734898	79422
chr9	68655476	68855476	harbor2	chr9	68737338	68738275	LINE/CR1	1334	+	468	68737806	82330
chr9	35698455	35898455	harbor2	chr9	35733546	35733649	LINE/CR1	715	+	52	35733598	35143
chr9	35698455	35898455	harbor2	chr9	35733809	35733987	LINE/CR1	715	+	89	35733898	35443
chr9	35698455	35898455	harbor2	chr9	35734244	35734593	LINE/CR1	715	+	174	35734418	35963
chr9	35698455	35898455	harbor2	chr9	35734890	35735087	LINE/CR1	715	+	98	35734988	36533
chr9	35698455	35898455	harbor2	chr9	35762195	35762484	LINE/CR1	571	+	144	35762339	63884
chr9	128319396	128519396	harbor2	chr9	128383470	128383717	LINE/CR1	769	+	124	128383594	64198
chr9	35657122	35857122	harbor2	chr9	35659217	35659848	LINE/CR1	804	+	316	35659533	2411
chr9	35657122	35857122	harbor2	chr9	35660145	35660282	LINE/CR1	804	+	68	35660213	3091
chr9	35657122	35857122	harbor2	chr9	35733546	35733649	LINE/CR1	715	+	52	35733598	76476
chr9	35657122	35857122	harbor2	chr9	35733809	35733987	LINE/CR1	715	+	89	35733898	76776
chr9	35657122	35857122	harbor2	chr9	35734244	35734593	LINE/CR1	715	+	174	35734418	77296
chr9	35657122	35857122	harbor2	chr9	35734890	35735087	LINE/CR1	715	+	98	35734988	77866
chr9	35726185	35926185	harbor2	chr9	35733546	35733649	LINE/CR1	715	+	52	35733598	7413
chr9	35726185	35926185	harbor2	chr9	35733809	35733987	LINE/CR1	715	+	89	35733898	7713
chr9	35726185	35926185	harbor2	chr9	35734244	35734593	LINE/CR1	715	+	174	35734418	8233
chr9	35726185	35926185	harbor2	chr9	35734890	35735087	LINE/CR1	715	+	98	35734988	8803
chr9	35726185	35926185	harbor2	chr9	35762195	35762484	LINE/CR1	571	+	144	35762339	36154
chr9	35657132	35857132	harbor2	chr9	35659217	35659848	LINE/CR1	804	+	316	35659533	2401
chr9	35657132	35857132	harbor2	chr9	35660145	35660282	LINE/CR1	804	+	68	35660213	3081
chr9	35657132	35857132	harbor2	chr9	35733546	35733649	LINE/CR1	715	+	52	35733598	76466
chr9	35657132	35857132	harbor2	chr9	35733809	35733987	LINE/CR1	715	+	89	35733898	76766
chr9	35657132	35857132	harbor2	chr9	35734244	35734593	LINE/CR1	715	+	174	35734418	77286
chr9	35657132	35857132	harbor2	chr9	35734890	35735087	LINE/CR1	715	+	98	35734988	77856
chr9	97885525	98085525	harbor2	chr9	97961432	97962024	LINE/CR1	547	+	296	97961728	76203
chr9	109520305	109720305	harbor2	chr9	109594883	109595192	LINE/CR1	598	+	154	109595037	74732
chr9	109520305	109720305	harbor2	chr9	109595855	109596474	LINE/CR1	803	+	310	109596165	75860
chr9	35657149	35857149	harbor2	chr9	35659217	35659848	LINE/CR1	804	+	316	35659533	2384
chr9	35657149	35857149	harbor2	chr9	35660145	35660282	LINE/CR1	804	+	68	35660213	3064
chr9	35657149	35857149	harbor2	chr9	35733546	35733649	LINE/CR1	715	+	52	35733598	76449
chr9	35657149	35857149	harbor2	chr9	35733809	35733987	LINE/CR1	715	+	89	35733898	76749
chr9	35657149	35857149	harbor2	chr9	35734244	35734593	LINE/CR1	715	+	174	35734418	77269
chr9	35657149	35857149	harbor2	chr9	35734890	35735087	LINE/CR1	715	+	98	35734988	77839
chr9	97885737	98085737	harbor2	chr9	97961432	97962024	LINE/CR1	547	+	296	97961728	75991
chr10	102577927	102777927	harbor2	chr10	102609282	102610094	LINE/CR1	2091	+	406	102609688	31761
chr10	102577927	102777927	harbor2	chr10	102610421	102611345	LINE/CR1	2091	+	462	102610883	32956
chr10	69780869	69980869	harbor2	chr10	69840634	69840810	LINE/CR1	560	+	88	69840722	59853
chr10	123058794	123258794	harbor2	chr10	123089856	123090044	LINE/CR1	601	+	94	123089950	31156
chr10	123058794	123258794	harbor2	chr10	123091656	123091855	LINE/CR1	506	+	100	123091756	32962
chr10	62705914	62905914	harbor2	chr10	62778064	62779258	LINE/CR1	1046	+	597	62778661	72747
chr10	130910490	131110490	harbor2	chr10	130947299	130947628	LINE/CR1	443	+	164	130947463	36973
chr10	95990339	96190339	harbor2	chr10	96063736	96064162	LINE/CR1	656	+	213	96063949	73610
chr10	72255017	72455017	harbor2	chr10	72305644	72305911	LINE/CR1	474	+	134	72305778	50761
chr10	62713157	62913157	harbor2	chr10	62778064	62779258	LINE/CR1	1046	+	597	62778661	65504
chr11	57401529	57601529	harbor2	chr11	57485901	57486122	LINE/CR1	443	+	110	57486011	84482
chr11	119842499	120042499	harbor2	chr11	119915933	119916102	LINE/CR1	574	+	84	119916017	73518
chr11	119842499	120042499	harbor2	chr11	119918214	119918381	LINE/CR1	440	+	84	119918298	75799
chr11	119842499	120042499	harbor2	chr11	119913808	119914524	LINE/CR1	726	+	358	119914166	71667
chr11	57401008	57601008	harbor2	chr11	57485901	57486122	LINE/CR1	443	+	110	57486011	85003
chr11	57414568	57614568	harbor2	chr11	57485901	57486122	LINE/CR1	443	+	110	57486011	71443
chr11	5374833	5574833	harbor2	chr11	5436227	5436442	LINE/CR1	422	+	108	5436335	61502
chr11	57399755	57599755	harbor2	chr11	57485901	57486122	LINE/CR1	443	+	110	57486011	86256
chr11	123512081	123712081	harbor2	chr11	123552263	123552275	LINE/CR1	459	+	6	123552269	40188
chr11	123512081	123712081	harbor2	chr11	123552551	123552738	LINE/CR1	459	+	94	123552645	40564
chr11	123512081	123712081	harbor2	chr11	123562929	123563348	LINE/CR1	571	+	210	123563139	51058
chr11	123512081	123712081	harbor2	chr11	123565639	123565761	LINE/CR1	405	+	61	123565700	53619
chr11	117887292	118087292	harbor2	chr11	117928514	117928880	LINE/CR1	462	+	183	117928697	41405
chr11	124775046	124975046	harbor2	chr11	124778825	124779223	LINE/CR1	601	+	199	124779024	3978
chr11	57399767	57599767	harbor2	chr11	57485901	57486122	LINE/CR1	443	+	110	57486011	86244
chr11	113925194	114125194	harbor2	chr11	113963691	113963973	LINE/CR1	568	+	141	113963832	38638
chr11	3127659	3327659	harbor2	chr11	3190072	3190283	LINE/CR1	415	+	106	3190178	62519
chr11	47086400	47286400	harbor2	chr11	47086413	47086481	LINE/CR1	900	+	34	47086447	47
chr11	47086400	47286400	harbor2	chr11	47093860	47094197	LINE/CR1	1057	+	168	47094028	7628
chr11	3994559	4194559	harbor2	chr11	4067908	4068213	LINE/CR1	450	+	152	4068060	73501
chr11	3131136	3331136	harbor2	chr11	3190072	3190283	LINE/CR1	415	+	106	3190178	59042
chr11	66159128	66359128	harbor2	chr11	66256822	66257263	LINE/CR1	786	+	220	66257042	97914
chr11	86937893	87137893	harbor2	chr11	87028148	87028234	LINE/CR1	597	+	43	87028191	90298
chr11	86937893	87137893	harbor2	chr11	87028543	87028994	LINE/CR1	597	+	226	87028769	90876
chr11	47086439	47286439	harbor2	chr11	47086413	47086481	LINE/CR1	900	+	34	47086447	8
chr11	47086439	47286439	harbor2	chr11	47093860	47094197	LINE/CR1	1057	+	168	47094028	7589
chr12	1	134253	harbor2	chr12	20007	20440	LINE/CR1	891	+	216	20223	20222
chr12	1	134253	harbor2	chr12	53593	53867	LINE/CR1	628	+	137	53730	53729
chr12	110181171	110381171	harbor2	chr12	110276543	110276874	LINE/CR1	609	+	166	110276709	95538
chr12	110181171	110381171	harbor2	chr12	110277102	110277205	LINE/CR1	609	+	52	110277154	95983
chr12	110181171	110381171	harbor2	chr12	110277505	110277708	LINE/CR1	609	+	102	110277607	96436
chr12	49501263	49701263	harbor2	chr12	49552627	49552987	LINE/CR1	607	+	180	49552807	51544
chr12	1	131535	harbor2	chr12	20007	20440	LINE/CR1	891	+	216	20223	20222
chr12	1	131535	harbor2	chr12	53593	53867	LINE/CR1	628	+	137	53730	53729
chr12	49481241	49681241	harbor2	chr12	49552627	49552987	LINE/CR1	607	+	180	49552807	71566
chr12	49499153	49699153	harbor2	chr12	49552627	49552987	LINE/CR1	607	+	180	49552807	53654
chr12	49485747	49685747	harbor2	chr12	49552627	49552987	LINE/CR1	607	+	180	49552807	67060
chr12	89254755	89454755	harbor2	chr12	89339476	89340147	LINE/CR1	898	+	336	89339812	85057
chr12	1591570	1791570	harbor2	chr12	1635315	1635560	LINE/CR1	568	+	122	1635437	43867
chr13	36899401	37099401	harbor2	chr13	36982141	36982419	LINE/CR1	517	+	139	36982280	82879
chr13	44478442	44678442	harbor2	chr13	44532350	44532482	LINE/CR1	413	+	66	44532416	53974
chr13	44478442	44678442	harbor2	chr13	44532773	44532961	LINE/CR1	413	+	94	44532867	54425
chr13	50025816	50225816	harbor2	chr13	50059992	50060311	LINE/CR1	533	+	160	50060152	34336
chr13	100665338	100865338	harbor2	chr13	100683795	100683939	LINE/CR1	438	+	72	100683867	18529
chr13	100665338	100865338	harbor2	chr13	100753814	100754226	LINE/CR1	729	+	206	100754020	88682
chr13	36899416	37099416	harbor2	chr13	36982141	36982419	LINE/CR1	517	+	139	36982280	82864
chr13	50026936	50226936	harbor2	chr13	50059992	50060311	LINE/CR1	533	+	160	50060152	33216
chr14	67141303	67341303	harbor2	chr14	67239894	67240205	LINE/CR1	637	+	156	67240050	98747
chr14	67141327	67341327	harbor2	chr14	67239894	67240205	LINE/CR1	637	+	156	67240050	98723
chr14	67141322	67341322	harbor2	chr14	67239894	67240205	LINE/CR1	637	+	156	67240050	98728
chr14	54389016	54589016	harbor2	chr14	54425685	54426084	LINE/CR1	536	+	200	54425885	36869
chr14	93232282	93432282	harbor2	chr14	93264095	93264613	LINE/CR1	464	+	259	93264354	32072
chr14	93232282	93432282	harbor2	chr14	93265620	93265639	LINE/CR1	758	+	10	93265630	33348
chr14	93232282	93432282	harbor2	chr14	93265948	93266724	LINE/CR1	758	+	388	93266336	34054
chr14	90960739	91160739	harbor2	chr14	90998461	90998783	LINE/CR1	457	+	161	90998622	37883
chr14	71625940	71825940	harbor2	chr14	71699540	71699906	LINE/CR1	641	+	183	71699723	73783
chr14	67141987	67341987	harbor2	chr14	67239894	67240205	LINE/CR1	637	+	156	67240050	98063
chr14	67141325	67341325	harbor2	chr14	67239894	67240205	LINE/CR1	637	+	156	67240050	98725
chr14	99417235	99617235	harbor2	chr14	99440431	99440990	LINE/CR1	479	+	280	99440711	23476
chr14	99417235	99617235	harbor2	chr14	99482904	99483266	LINE/CR1	924	+	181	99483085	65850
chr14	99417235	99617235	harbor2	chr14	99483558	99484022	LINE/CR1	924	+	232	99483790	66555
chr14	96745593	96945593	harbor2	chr14	96805017	96805295	LINE/CR1	502	+	139	96805156	59563
chr14	69474570	69674570	harbor2	chr14	69518643	69518822	LINE/CR1	459	+	90	69518733	44163
chr15	90165677	90365677	harbor2	chr15	90197746	90197899	LINE/CR1	495	+	76	90197822	32145
chr15	67454788	67654788	harbor2	chr15	67534546	67534794	LINE/CR1	473	+	124	67534670	79882
chr15	67464714	67664714	harbor2	chr15	67534546	67534794	LINE/CR1	473	+	124	67534670	69956
chr15	68054059	68254059	harbor2	chr15	68076957	68077678	LINE/CR1	625	+	360	68077317	23258
chr15	40121372	40321372	harbor2	chr15	40172725	40172959	LINE/CR1	433	+	117	40172842	51470
chr15	67725182	67925182	harbor2	chr15	67741736	67741897	LINE/CR1	655	+	80	67741816	16634
chr15	67725182	67925182	harbor2	chr15	67742191	67742350	LINE/CR1	655	+	80	67742271	17089
chr15	96226917	96426917	harbor2	chr15	96287851	96288251	LINE/CR1	1239	+	200	96288051	61134
chr15	98032466	98232466	harbor2	chr15	98113321	98113560	LINE/CR1	652	+	120	98113441	80975
chr15	74947191	75147191	harbor2	chr15	75037066	75037464	LINE/CR1	501	+	199	75037265	90074
chr15	74947191	75147191	harbor2	chr15	75037738	75038628	LINE/CR1	588	+	445	75038183	90992
chr15	74962964	75162964	harbor2	chr15	75037066	75037464	LINE/CR1	501	+	199	75037265	74301
chr15	74962964	75162964	harbor2	chr15	75037738	75038628	LINE/CR1	588	+	445	75038183	75219
chr16	79433396	79633396	harbor2	chr16	79463922	79464186	LINE/CR1	858	+	132	79464054	30658
chr16	4188787	4388787	harbor2	chr16	4246030	4246266	LINE/CR1	555	+	118	4246148	57361
chr16	70885369	71085369	harbor2	chr16	70898481	70898723	LINE/CR1	617	+	121	70898602	13233
chr16	72951269	73151269	harbor2	chr16	72965923	72966884	LINE/CR1	1089	+	480	72966403	15134
chr16	4163779	4363779	harbor2	chr16	4246030	4246266	LINE/CR1	555	+	118	4246148	82369
chr17	38927260	39127260	harbor2	chr17	39010224	39010475	LINE/CR1	731	+	126	39010350	83090
chr17	34602208	34802208	harbor2	chr17	34627897	34628361	LINE/CR1	812	+	232	34628129	25921
chr18	50173629	50373629	harbor2	chr18	50203132	50203417	LINE/CR1	521	+	142	50203274	29645
chr18	48646833	48846833	harbor2	chr18	48713450	48713827	LINE/CR1	692	+	188	48713638	66805
chr18	79765619	79965619	harbor2	chr18	79796259	79796659	LINE/CR1	504	+	200	79796459	30840
chr18	75108369	75308369	harbor2	chr18	75155715	75156004	LINE/CR1	800	+	144	75155859	47490
chr18	11589562	11789562	harbor2	chr18	11659707	11659940	LINE/CR1	443	+	116	11659823	70261
chr18	75103932	75303932	harbor2	chr18	75155715	75156004	LINE/CR1	800	+	144	75155859	51927
chr19	1	173810	harbor2	chr19	61580	62016	LINE/CR1	846	+	218	61798	61797
chr19	1	171076	harbor2	chr19	61580	62016	LINE/CR1	846	+	218	61798	61797
chr19	1	173700	harbor2	chr19	61580	62016	LINE/CR1	846	+	218	61798	61797
chr20	35354845	35554845	harbor2	chr20	35387526	35387681	LINE/CR1	462	+	78	35387604	32759
chr20	35355061	35555061	harbor2	chr20	35387526	35387681	LINE/CR1	462	+	78	35387604	32543
chr20	34858106	35058106	harbor2	chr20	34925859	34925998	LINE/CR1	475	+	70	34925929	67823
chr20	34842991	35042991	harbor2	chr20	34925859	34925998	LINE/CR1	475	+	70	34925929	82938
chr20	35354894	35554894	harbor2	chr20	35387526	35387681	LINE/CR1	462	+	78	35387604	32710
chr20	34904861	35104861	harbor2	chr20	34925859	34925998	LINE/CR1	475	+	70	34925929	21068
chr20	34904857	35104857	harbor2	chr20	34925859	34925998	LINE/CR1	475	+	70	34925929	21072
chr20	34885098	35085098	harbor2	chr20	34925859	34925998	LINE/CR1	475	+	70	34925929	40831
chr20	21820205	22020205	harbor2	chr20	21864683	21864936	LINE/CR1	855	+	126	21864809	44604
chr21	29199648	29399648	harbor2	chr21	29227725	29228093	LINE/CR1	488	+	184	29227909	28261
chr21	29199648	29399648	harbor2	chr21	29229824	29229944	LINE/CR1	493	+	60	29229884	30236
chr21	29199648	29399648	harbor2	chr21	29228674	29229505	LINE/CR1	493	+	416	29229090	29442
chr21	29219635	29419635	harbor2	chr21	29227725	29228093	LINE/CR1	488	+	184	29227909	8274
chr21	29219635	29419635	harbor2	chr21	29229824	29229944	LINE/CR1	493	+	60	29229884	10249
chr21	29219635	29419635	harbor2	chr21	29228674	29229505	LINE/CR1	493	+	416	29229090	9455
chr21	29200088	29400088	harbor2	chr21	29227725	29228093	LINE/CR1	488	+	184	29227909	27821
chr21	29200088	29400088	harbor2	chr21	29229824	29229944	LINE/CR1	493	+	60	29229884	29796
chr21	29200088	29400088	harbor2	chr21	29228674	29229505	LINE/CR1	493	+	416	29229090	29002
chr22	46293224	46493224	harbor2	chr22	46344036	46344687	LINE/CR1	605	+	326	46344362	51138
chrX	72046644	72246644	harbor2	chrX	72133005	72133370	LINE/CR1	957	+	182	72133187	86543
chrX	72053113	72253113	harbor2	chrX	72133005	72133370	LINE/CR1	957	+	182	72133187	80074
