H_chr	H_start	H_end	Harbor	TE_chr	TE_start	TE_end	TE	score	TE_strand	TE_half	TE_middle_pos	TE_dis
chr1	16545136	16745136	harbor1	chr1	16614267	16614887	LINE/L2	886	+	310	16614577	69441
chr1	16543138	16743138	harbor1	chr1	16614267	16614887	LINE/L2	886	+	310	16614577	71439
chr1	3525011	3725011	harbor1	chr1	3582326	3582719	LINE/L2	584	+	196	3582522	57511
chr1	63219176	63419176	harbor1	chr1	63260108	63260429	LINE/L2	464	+	160	63260268	41092
chr1	63219176	63419176	harbor1	chr1	63293264	63293331	LINE/L2	736	+	34	63293298	74122
chr1	63219176	63419176	harbor1	chr1	63293634	63293849	LINE/L2	736	+	108	63293742	74566
chr1	21742123	21942123	harbor1	chr1	21749219	21749595	LINE/L2	1486	+	188	21749407	7284
chr1	21742123	21942123	harbor1	chr1	21749902	21750590	LINE/L2	1486	+	344	21750246	8123
chr1	21742123	21942123	harbor1	chr1	21786721	21787212	LINE/L2	504	+	246	21786967	44844
chr1	21742123	21942123	harbor1	chr1	21788694	21788810	LINE/L2	504	+	58	21788752	46629
chr1	21742123	21942123	harbor1	chr1	21794769	21794988	LINE/L2	547	+	110	21794879	52756
chr1	21742123	21942123	harbor1	chr1	21796005	21796087	LINE/L2	547	+	41	21796046	53923
chr1	21742123	21942123	harbor1	chr1	21803810	21804188	LINE/L2	947	+	189	21803999	61876
chr1	21742123	21942123	harbor1	chr1	21816759	21817277	LINE/L2	960	+	259	21817018	74895
chr1	21742123	21942123	harbor1	chr1	21820564	21820772	LINE/L2	546	+	104	21820668	78545
chr1	51230788	51430788	harbor1	chr1	51240006	51240634	LINE/L2	874	+	314	51240320	9532
chr1	51230788	51430788	harbor1	chr1	51297626	51298239	LINE/L2	462	+	306	51297932	67144
chr1	51230788	51430788	harbor1	chr1	51315658	51315867	LINE/L2	447	+	104	51315762	84974
chr1	51230788	51430788	harbor1	chr1	51322382	51322569	LINE/L2	727	+	94	51322476	91688
chr1	16542741	16742741	harbor1	chr1	16614267	16614887	LINE/L2	886	+	310	16614577	71836
chr1	16544784	16744784	harbor1	chr1	16614267	16614887	LINE/L2	886	+	310	16614577	69793
chr1	15942113	16142113	harbor1	chr1	15973532	15973903	LINE/L2	625	+	186	15973718	31605
chr1	15942113	16142113	harbor1	chr1	15976615	15976926	LINE/L2	445	+	156	15976771	34658
chr1	15942113	16142113	harbor1	chr1	15997901	15998194	LINE/L2	681	+	146	15998047	55934
chr1	16596895	16796895	harbor1	chr1	16614267	16614887	LINE/L2	886	+	310	16614577	17682
chr1	89721500	89921500	harbor1	chr1	89740563	89740843	LINE/L2	944	+	140	89740703	19203
chr1	89721500	89921500	harbor1	chr1	89764074	89764529	LINE/L2	1007	+	228	89764302	42802
chr1	89721500	89921500	harbor1	chr1	89764830	89764966	LINE/L2	559	+	68	89764898	43398
chr1	89721500	89921500	harbor1	chr1	89772857	89773071	LINE/L2	446	+	107	89772964	51464
chr1	16544947	16744947	harbor1	chr1	16614267	16614887	LINE/L2	886	+	310	16614577	69630
chr1	16625292	16825292	harbor1	chr1	16716119	16716227	LINE/L2	510	+	54	16716173	90881
chr1	16526616	16726616	harbor1	chr1	16614267	16614887	LINE/L2	886	+	310	16614577	87961
chr1	16544872	16744872	harbor1	chr1	16614267	16614887	LINE/L2	886	+	310	16614577	69705
chr1	16544810	16744810	harbor1	chr1	16614267	16614887	LINE/L2	886	+	310	16614577	69767
chr1	16544790	16744790	harbor1	chr1	16614267	16614887	LINE/L2	886	+	310	16614577	69787
chr1	16526581	16726581	harbor1	chr1	16614267	16614887	LINE/L2	886	+	310	16614577	87996
chr1	77131620	77331620	harbor1	chr1	77169900	77170652	LINE/L2	626	+	376	77170276	38656
chr1	77131620	77331620	harbor1	chr1	77211034	77211278	LINE/L2	737	+	122	77211156	79536
chr1	11666518	11866518	harbor1	chr1	11688155	11688277	LINE/L2	671	+	61	11688216	21698
chr1	11666518	11866518	harbor1	chr1	11688579	11688683	LINE/L2	671	+	52	11688631	22113
chr1	11666518	11866518	harbor1	chr1	11689850	11690291	LINE/L2	1379	+	220	11690070	23552
chr1	11666518	11866518	harbor1	chr1	11765444	11765658	LINE/L2	455	+	107	11765551	99033
chr1	6685469	6885469	harbor1	chr1	6725914	6726595	LINE/L2	1079	+	340	6726254	40785
chr1	6685469	6885469	harbor1	chr1	6726893	6727074	LINE/L2	1079	+	90	6726983	41514
chr1	6685469	6885469	harbor1	chr1	6727397	6727492	LINE/L2	1079	+	48	6727445	41976
chr1	6685469	6885469	harbor1	chr1	6773478	6773493	LINE/L2	756	+	8	6773486	88017
chr1	6685469	6885469	harbor1	chr1	6773656	6773718	LINE/L2	756	+	31	6773687	88218
chr1	6685469	6885469	harbor1	chr1	6774018	6774246	LINE/L2	756	+	114	6774132	88663
chr1	6685469	6885469	harbor1	chr1	6775065	6775103	LINE/L2	1183	+	19	6775084	89615
chr1	6685469	6885469	harbor1	chr1	6775408	6775809	LINE/L2	1183	+	200	6775608	90139
chr1	6685469	6885469	harbor1	chr1	6776761	6777153	LINE/L2	930	+	196	6776957	91488
chr1	6685469	6885469	harbor1	chr1	6777463	6777685	LINE/L2	930	+	111	6777574	92105
chr1	8715651	8915651	harbor1	chr1	8743685	8744052	LINE/L2	995	+	184	8743869	28218
chr1	8715651	8915651	harbor1	chr1	8782012	8782623	LINE/L2	2170	+	306	8782318	66667
chr1	8715651	8915651	harbor1	chr1	8782920	8783051	LINE/L2	2170	+	66	8782986	67335
chr1	8715651	8915651	harbor1	chr1	8783341	8783552	LINE/L2	2170	+	106	8783447	67796
chr1	8715651	8915651	harbor1	chr1	8784101	8784556	LINE/L2	1125	+	228	8784329	68678
chr1	8715651	8915651	harbor1	chr1	8786957	8787368	LINE/L2	798	+	206	8787163	71512
chr1	16544755	16744755	harbor1	chr1	16614267	16614887	LINE/L2	886	+	310	16614577	69822
chr1	3672834	3872834	harbor1	chr1	3745160	3745599	LINE/L2	630	+	220	3745380	72546
chr1	16544809	16744809	harbor1	chr1	16614267	16614887	LINE/L2	886	+	310	16614577	69768
chr1	53846279	54046279	harbor1	chr1	53850395	53850521	LINE/L2	546	+	63	53850458	4179
chr1	53846279	54046279	harbor1	chr1	53875532	53876062	LINE/L2	1096	+	265	53875797	29518
chr1	53846279	54046279	harbor1	chr1	53892981	53893316	LINE/L2	509	+	168	53893149	46870
chr1	53846279	54046279	harbor1	chr1	53894799	53895134	LINE/L2	519	+	168	53894967	48688
chr1	53846279	54046279	harbor1	chr1	53901977	53902482	LINE/L2	568	+	252	53902229	55950
chr1	26400749	26600749	harbor1	chr1	26404775	26404950	LINE/L2	578	+	88	26404863	4114
chr1	26400749	26600749	harbor1	chr1	26406419	26406539	LINE/L2	438	+	60	26406479	5730
chr1	26400749	26600749	harbor1	chr1	26484833	26485443	LINE/L2	878	+	305	26485138	84389
chr1	26400749	26600749	harbor1	chr1	26498981	26499145	LINE/L2	578	+	82	26499063	98314
chr1	16538570	16738570	harbor1	chr1	16614267	16614887	LINE/L2	886	+	310	16614577	76007
chr1	16543109	16743109	harbor1	chr1	16614267	16614887	LINE/L2	886	+	310	16614577	71468
chr1	244605525	244805525	harbor1	chr1	244610624	244610744	LINE/L2	735	+	60	244610684	5159
chr1	244605525	244805525	harbor1	chr1	244611060	244611246	LINE/L2	735	+	93	244611153	5628
chr1	244605525	244805525	harbor1	chr1	244636948	244639404	LINE/L2	830	+	1228	244638176	32651
chr1	244605525	244805525	harbor1	chr1	244650248	244650843	LINE/L2	523	+	298	244650546	45021
chr1	244605525	244805525	harbor1	chr1	244651136	244651370	LINE/L2	448	+	117	244651253	45728
chr1	244605525	244805525	harbor1	chr1	244651809	244652213	LINE/L2	560	+	202	244652011	46486
chr1	244605525	244805525	harbor1	chr1	244665908	244666449	LINE/L2	1258	+	270	244666178	60653
chr1	16596777	16796777	harbor1	chr1	16614267	16614887	LINE/L2	886	+	310	16614577	17800
chr1	5561024	5761024	harbor1	chr1	5574611	5575393	LINE/L2	534	+	391	5575002	13978
chr1	5561024	5761024	harbor1	chr1	5628496	5628634	LINE/L2	490	+	69	5628565	67541
chr1	154963125	155163125	harbor1	chr1	155024641	155024866	LINE/L2	645	+	112	155024753	61628
chr1	154963125	155163125	harbor1	chr1	155025175	155025301	LINE/L2	645	+	63	155025238	62113
chr1	154963125	155163125	harbor1	chr1	155038608	155038856	LINE/L2	493	+	124	155038732	75607
chr1	6134956	6334956	harbor1	chr1	6142668	6142988	LINE/L2	572	+	160	6142828	7872
chr1	6134956	6334956	harbor1	chr1	6216419	6216560	LINE/L2	1078	+	70	6216489	81533
chr1	6134956	6334956	harbor1	chr1	6217165	6217720	LINE/L2	1078	+	278	6217443	82487
chr1	11520750	11720750	harbor1	chr1	11526131	11526442	LINE/L2	485	+	156	11526287	5537
chr1	11520750	11720750	harbor1	chr1	11527663	11528089	LINE/L2	652	+	213	11527876	7126
chr1	11520750	11720750	harbor1	chr1	11577560	11577930	LINE/L2	852	+	185	11577745	56995
chr1	11520750	11720750	harbor1	chr1	11594839	11595186	LINE/L2	774	+	174	11595013	74263
chr1	11520750	11720750	harbor1	chr1	11596355	11596679	LINE/L2	457	+	162	11596517	75767
chr1	156559413	156759413	harbor1	chr1	156651065	156651309	LINE/L2	489	+	122	156651187	91774
chr1	6620127	6820127	harbor1	chr1	6659247	6659477	LINE/L2	1030	+	115	6659362	39235
chr1	6620127	6820127	harbor1	chr1	6660090	6660161	LINE/L2	1030	+	36	6660126	39999
chr1	6620127	6820127	harbor1	chr1	6660456	6660628	LINE/L2	1030	+	86	6660542	40415
chr1	241509049	241709049	harbor1	chr1	241523486	241524038	LINE/L2	585	+	276	241523762	14713
chr1	241509049	241709049	harbor1	chr1	241524609	241525011	LINE/L2	601	+	201	241524810	15761
chr1	241509049	241709049	harbor1	chr1	241534500	241534915	LINE/L2	896	+	208	241534708	25659
chr1	53370442	53570442	harbor1	chr1	53454243	53454483	LINE/L2	442	+	120	53454363	83921
chr1	16544792	16744792	harbor1	chr1	16614267	16614887	LINE/L2	886	+	310	16614577	69785
chr1	225780616	225980616	harbor1	chr1	225820588	225820964	LINE/L2	468	+	188	225820776	40160
chr1	16544920	16744920	harbor1	chr1	16614267	16614887	LINE/L2	886	+	310	16614577	69657
chr1	53846229	54046229	harbor1	chr1	53850395	53850521	LINE/L2	546	+	63	53850458	4229
chr1	53846229	54046229	harbor1	chr1	53875532	53876062	LINE/L2	1096	+	265	53875797	29568
chr1	53846229	54046229	harbor1	chr1	53892981	53893316	LINE/L2	509	+	168	53893149	46920
chr1	53846229	54046229	harbor1	chr1	53894799	53895134	LINE/L2	519	+	168	53894967	48738
chr1	53846229	54046229	harbor1	chr1	53901977	53902482	LINE/L2	568	+	252	53902229	56000
chr1	211033805	211233805	harbor1	chr1	211040745	211041338	LINE/L2	871	+	296	211041041	7236
chr1	211033805	211233805	harbor1	chr1	211041363	211041752	LINE/L2	560	+	194	211041557	7752
chr1	211033805	211233805	harbor1	chr1	211100954	211101300	LINE/L2	449	+	173	211101127	67322
chr1	211033805	211233805	harbor1	chr1	211042055	211042449	LINE/L2	560	+	197	211042252	8447
chr1	201844506	202044506	harbor1	chr1	201914563	201915555	LINE/L2	844	+	496	201915059	70553
chr1	201844506	202044506	harbor1	chr1	201934335	201935076	LINE/L2	1577	+	370	201934705	90199
chr1	201844506	202044506	harbor1	chr1	201935360	201935541	LINE/L2	1150	+	90	201935450	90944
chr1	201844506	202044506	harbor1	chr1	201936123	201936654	LINE/L2	1150	+	266	201936389	91883
chr1	201844506	202044506	harbor1	chr1	201936952	201937165	LINE/L2	848	+	106	201937058	92552
chr1	201844506	202044506	harbor1	chr1	201937477	201937488	LINE/L2	848	+	6	201937483	92977
chr1	201844506	202044506	harbor1	chr1	201937783	201937895	LINE/L2	848	+	56	201937839	93333
chr1	154845979	155045979	harbor1	chr1	154851437	154852028	LINE/L2	1649	+	296	154851733	5754
chr1	154845979	155045979	harbor1	chr1	154852846	154852982	LINE/L2	472	+	68	154852914	6935
chr1	154845979	155045979	harbor1	chr1	154874275	154874708	LINE/L2	653	+	216	154874491	28512
chr1	154845979	155045979	harbor1	chr1	154877986	154878109	LINE/L2	521	+	62	154878048	32069
chr1	154845979	155045979	harbor1	chr1	154887466	154887558	LINE/L2	563	+	46	154887512	41533
chr1	154845979	155045979	harbor1	chr1	154887861	154888313	LINE/L2	563	+	226	154888087	42108
chr1	154845979	155045979	harbor1	chr1	154899258	154899575	LINE/L2	792	+	158	154899416	53437
chr1	154845979	155045979	harbor1	chr1	154899889	154900416	LINE/L2	849	+	264	154900153	54174
chr1	154845979	155045979	harbor1	chr1	154927477	154928096	LINE/L2	1311	+	310	154927787	81808
chr1	154845979	155045979	harbor1	chr1	154938654	154938883	LINE/L2	498	+	114	154938768	92789
chr1	154845979	155045979	harbor1	chr1	154939021	154939278	LINE/L2	498	+	128	154939149	93170
chr1	154845979	155045979	harbor1	chr1	154926877	154927168	LINE/L2	1311	+	146	154927023	81044
chr1	46122770	46322770	harbor1	chr1	46154663	46155039	LINE/L2	522	+	188	46154851	32081
chr1	46122770	46322770	harbor1	chr1	46155349	46155420	LINE/L2	522	+	36	46155385	32615
chr1	46122770	46322770	harbor1	chr1	46195172	46195665	LINE/L2	1475	+	246	46195418	72648
chr1	46122770	46322770	harbor1	chr1	46200202	46200503	LINE/L2	483	+	150	46200352	77582
chr1	155463419	155663419	harbor1	chr1	155474307	155474423	LINE/L2	502	+	58	155474365	10946
chr1	155463419	155663419	harbor1	chr1	155474721	155474810	LINE/L2	502	+	44	155474765	11346
chr1	155463419	155663419	harbor1	chr1	155526106	155526227	LINE/L2	476	+	60	155526166	62747
chr1	155463419	155663419	harbor1	chr1	155526428	155526924	LINE/L2	1002	+	248	155526676	63257
chr1	155463419	155663419	harbor1	chr1	155527229	155527378	LINE/L2	1002	+	74	155527303	63884
chr1	155463419	155663419	harbor1	chr1	155527983	155528440	LINE/L2	1211	+	228	155528211	64792
chr1	155463419	155663419	harbor1	chr1	155529611	155529865	LINE/L2	916	+	127	155529738	66319
chr1	155463419	155663419	harbor1	chr1	155529996	155530391	LINE/L2	1185	+	198	155530194	66775
chr1	155463419	155663419	harbor1	chr1	155536433	155536563	LINE/L2	465	+	65	155536498	73079
chr1	155463419	155663419	harbor1	chr1	155548708	155548904	LINE/L2	745	+	98	155548806	85387
chr1	155463419	155663419	harbor1	chr1	155549776	155550027	LINE/L2	901	+	126	155549902	86483
chr1	155463419	155663419	harbor1	chr1	155550318	155550838	LINE/L2	901	+	260	155550578	87159
chr1	155463419	155663419	harbor1	chr1	155552098	155552182	LINE/L2	478	+	42	155552140	88721
chr1	54316227	54516227	harbor1	chr1	54349238	54349360	LINE/L2	488	+	61	54349299	33072
chr1	54316227	54516227	harbor1	chr1	54414029	54414245	LINE/L2	561	+	108	54414137	97910
chr1	19766908	19966908	harbor1	chr1	19779569	19779789	LINE/L2	537	+	110	19779679	12771
chr1	19766908	19966908	harbor1	chr1	19784607	19784745	LINE/L2	692	+	69	19784676	17768
chr1	19766908	19966908	harbor1	chr1	19784982	19785216	LINE/L2	719	+	117	19785099	18191
chr1	19766908	19966908	harbor1	chr1	19785291	19785516	LINE/L2	719	+	112	19785403	18495
chr1	19766908	19966908	harbor1	chr1	19793796	19794415	LINE/L2	726	+	310	19794106	27198
chr1	19766908	19966908	harbor1	chr1	19796531	19796566	LINE/L2	488	+	18	19796549	29641
chr1	19766908	19966908	harbor1	chr1	19796873	19797049	LINE/L2	488	+	88	19796961	30053
chr1	19766908	19966908	harbor1	chr1	19798763	19798880	LINE/L2	560	+	58	19798821	31913
chr1	19766908	19966908	harbor1	chr1	19825243	19825673	LINE/L2	2334	+	215	19825458	58550
chr1	19766908	19966908	harbor1	chr1	19825977	19826499	LINE/L2	2334	+	261	19826238	59330
chr1	19766908	19966908	harbor1	chr1	19826782	19826929	LINE/L2	2334	+	74	19826856	59948
chr1	19766908	19966908	harbor1	chr1	19830741	19831031	LINE/L2	1509	+	145	19830886	63978
chr1	19766908	19966908	harbor1	chr1	19866159	19866440	LINE/L2	559	+	140	19866299	99391
chr1	16538366	16738366	harbor1	chr1	16614267	16614887	LINE/L2	886	+	310	16614577	76211
chr1	6685490	6885490	harbor1	chr1	6725914	6726595	LINE/L2	1079	+	340	6726254	40764
chr1	6685490	6885490	harbor1	chr1	6726893	6727074	LINE/L2	1079	+	90	6726983	41493
chr1	6685490	6885490	harbor1	chr1	6727397	6727492	LINE/L2	1079	+	48	6727445	41955
chr1	6685490	6885490	harbor1	chr1	6773478	6773493	LINE/L2	756	+	8	6773486	87996
chr1	6685490	6885490	harbor1	chr1	6773656	6773718	LINE/L2	756	+	31	6773687	88197
chr1	6685490	6885490	harbor1	chr1	6774018	6774246	LINE/L2	756	+	114	6774132	88642
chr1	6685490	6885490	harbor1	chr1	6775065	6775103	LINE/L2	1183	+	19	6775084	89594
chr1	6685490	6885490	harbor1	chr1	6775408	6775809	LINE/L2	1183	+	200	6775608	90118
chr1	6685490	6885490	harbor1	chr1	6776761	6777153	LINE/L2	930	+	196	6776957	91467
chr1	6685490	6885490	harbor1	chr1	6777463	6777685	LINE/L2	930	+	111	6777574	92084
chr1	16544780	16744780	harbor1	chr1	16614267	16614887	LINE/L2	886	+	310	16614577	69797
chr1	167559746	167759746	harbor1	chr1	167564741	167565314	LINE/L2	1013	+	286	167565027	5281
chr1	167559746	167759746	harbor1	chr1	167576195	167576979	LINE/L2	610	+	392	167576587	16841
chr1	167559746	167759746	harbor1	chr1	167634115	167634354	LINE/L2	447	+	120	167634235	74489
chr1	7122266	7322266	harbor1	chr1	7135525	7135832	LINE/L2	959	+	154	7135679	13413
chr1	7122266	7322266	harbor1	chr1	7135942	7137304	LINE/L2	2913	+	681	7136623	14357
chr1	7122266	7322266	harbor1	chr1	7137434	7137976	LINE/L2	620	+	271	7137705	15439
chr1	7122266	7322266	harbor1	chr1	7138292	7138309	LINE/L2	620	+	8	7138300	16034
chr1	7122266	7322266	harbor1	chr1	7160382	7161366	LINE/L2	669	+	492	7160874	38608
chr1	16544851	16744851	harbor1	chr1	16614267	16614887	LINE/L2	886	+	310	16614577	69726
chr1	16544789	16744789	harbor1	chr1	16614267	16614887	LINE/L2	886	+	310	16614577	69788
chr1	16544721	16744721	harbor1	chr1	16614267	16614887	LINE/L2	886	+	310	16614577	69856
chr1	16544890	16744890	harbor1	chr1	16614267	16614887	LINE/L2	886	+	310	16614577	69687
chr1	15628957	15828957	harbor1	chr1	15675056	15675148	LINE/L2	1229	+	46	15675102	46145
chr1	15628957	15828957	harbor1	chr1	15675455	15675662	LINE/L2	1229	+	104	15675559	46602
chr1	15628957	15828957	harbor1	chr1	15676017	15676343	LINE/L2	1229	+	163	15676180	47223
chr1	15628957	15828957	harbor1	chr1	15676682	15676931	LINE/L2	876	+	124	15676806	47849
chr1	15628957	15828957	harbor1	chr1	15677490	15677518	LINE/L2	876	+	14	15677504	48547
chr1	15628957	15828957	harbor1	chr1	15705107	15705170	LINE/L2	921	+	32	15705139	76182
chr1	15628957	15828957	harbor1	chr1	15705482	15705809	LINE/L2	921	+	164	15705646	76689
chr1	15628957	15828957	harbor1	chr1	15706097	15706392	LINE/L2	921	+	148	15706245	77288
chr1	226010111	226210111	harbor1	chr1	226060609	226060722	LINE/L2	492	+	56	226060665	50554
chr1	226010111	226210111	harbor1	chr1	226104599	226105289	LINE/L2	1651	+	345	226104944	94833
chr1	226010111	226210111	harbor1	chr1	226107501	226108147	LINE/L2	1694	+	323	226107824	97713
chr1	226010111	226210111	harbor1	chr1	226109093	226109510	LINE/L2	1124	+	208	226109301	99190
chr1	16545018	16745018	harbor1	chr1	16614267	16614887	LINE/L2	886	+	310	16614577	69559
chr1	205210078	205410078	harbor1	chr1	205215220	205215322	LINE/L2	500	+	51	205215271	5193
chr1	205210078	205410078	harbor1	chr1	205295828	205296673	LINE/L2	1696	+	422	205296250	86172
chr1	205210078	205410078	harbor1	chr1	205297451	205297619	LINE/L2	568	+	84	205297535	87457
chr1	2987716	3187716	harbor1	chr1	3058349	3058791	LINE/L2	976	+	221	3058570	70854
chr1	16544940	16744940	harbor1	chr1	16614267	16614887	LINE/L2	886	+	310	16614577	69637
chr1	16520804	16720804	harbor1	chr1	16614267	16614887	LINE/L2	886	+	310	16614577	93773
chr1	33270108	33470108	harbor1	chr1	33271201	33271454	LINE/L2	599	+	126	33271327	1219
chr1	33270108	33470108	harbor1	chr1	33281947	33282336	LINE/L2	744	+	194	33282141	12033
chr1	33270108	33470108	harbor1	chr1	33293879	33294147	LINE/L2	649	+	134	33294013	23905
chr1	211032764	211232764	harbor1	chr1	211040745	211041338	LINE/L2	871	+	296	211041041	8277
chr1	211032764	211232764	harbor1	chr1	211041363	211041752	LINE/L2	560	+	194	211041557	8793
chr1	211032764	211232764	harbor1	chr1	211100954	211101300	LINE/L2	449	+	173	211101127	68363
chr1	211032764	211232764	harbor1	chr1	211042055	211042449	LINE/L2	560	+	197	211042252	9488
chr1	3524787	3724787	harbor1	chr1	3582326	3582719	LINE/L2	584	+	196	3582522	57735
chr1	16544926	16744926	harbor1	chr1	16614267	16614887	LINE/L2	886	+	310	16614577	69651
chr1	154971671	155171671	harbor1	chr1	155024641	155024866	LINE/L2	645	+	112	155024753	53082
chr1	154971671	155171671	harbor1	chr1	155025175	155025301	LINE/L2	645	+	63	155025238	53567
chr1	154971671	155171671	harbor1	chr1	155038608	155038856	LINE/L2	493	+	124	155038732	67061
chr1	16117451	16317451	harbor1	chr1	16120581	16120870	LINE/L2	469	+	144	16120725	3274
chr1	16117451	16317451	harbor1	chr1	16163679	16163848	LINE/L2	535	+	84	16163763	46312
chr1	16117451	16317451	harbor1	chr1	16164128	16164371	LINE/L2	497	+	122	16164250	46799
chr1	16117451	16317451	harbor1	chr1	16199663	16200092	LINE/L2	623	+	214	16199877	82426
chr1	16117451	16317451	harbor1	chr1	16203236	16203993	LINE/L2	498	+	378	16203614	86163
chr1	10693451	10893451	harbor1	chr1	10753854	10754414	LINE/L2	913	+	280	10754134	60683
chr1	10693451	10893451	harbor1	chr1	10757269	10757505	LINE/L2	715	+	118	10757387	63936
chr1	10693451	10893451	harbor1	chr1	10757812	10758290	LINE/L2	715	+	239	10758051	64600
chr1	10693451	10893451	harbor1	chr1	10763533	10763781	LINE/L2	490	+	124	10763657	70206
chr1	89425139	89625139	harbor1	chr1	89434252	89434658	LINE/L2	553	+	203	89434455	9316
chr1	89425139	89625139	harbor1	chr1	89434681	89435429	LINE/L2	1130	+	374	89435055	9916
chr1	153558888	153758888	harbor1	chr1	153594299	153594444	LINE/L2	570	+	72	153594371	35483
chr1	153558888	153758888	harbor1	chr1	153594712	153595049	LINE/L2	570	+	168	153594880	35992
chr1	153558888	153758888	harbor1	chr1	153596113	153596772	LINE/L2	557	+	330	153596443	37555
chr1	153558888	153758888	harbor1	chr1	153597104	153597136	LINE/L2	557	+	16	153597120	38232
chr1	16625240	16825240	harbor1	chr1	16716119	16716227	LINE/L2	510	+	54	16716173	90933
chr1	145842666	146042666	harbor1	chr1	145913870	145914093	LINE/L2	1190	+	112	145913982	71316
chr1	145842666	146042666	harbor1	chr1	145914403	145914897	LINE/L2	1354	+	247	145914650	71984
chr1	145842666	146042666	harbor1	chr1	145915204	145915297	LINE/L2	1354	+	46	145915250	72584
chr1	145842666	146042666	harbor1	chr1	145915513	145915614	LINE/L2	689	+	50	145915563	72897
chr1	145842666	146042666	harbor1	chr1	145915933	145916530	LINE/L2	689	+	298	145916231	73565
chr1	145842666	146042666	harbor1	chr1	145930012	145930160	LINE/L2	456	+	74	145930086	87420
chr1	16545003	16745003	harbor1	chr1	16614267	16614887	LINE/L2	886	+	310	16614577	69574
chr1	16542821	16742821	harbor1	chr1	16614267	16614887	LINE/L2	886	+	310	16614577	71756
chr1	202827305	203027305	harbor1	chr1	202882697	202882867	LINE/L2	554	+	85	202882782	55477
chr1	202827305	203027305	harbor1	chr1	202915827	202915943	LINE/L2	435	+	58	202915885	88580
chr1	4612171	4812171	harbor1	chr1	4679146	4679395	LINE/L2	579	+	124	4679270	67099
chr1	53370469	53570469	harbor1	chr1	53454243	53454483	LINE/L2	442	+	120	53454363	83894
chr1	204585523	204785523	harbor1	chr1	204587744	204588136	LINE/L2	464	+	196	204587940	2417
chr1	204585523	204785523	harbor1	chr1	204612867	204613475	LINE/L2	931	+	304	204613171	27648
chr1	204585523	204785523	harbor1	chr1	204644511	204644787	LINE/L2	470	+	138	204644649	59126
chr1	204585523	204785523	harbor1	chr1	204678454	204679007	LINE/L2	903	+	276	204678730	93207
chr1	204585523	204785523	harbor1	chr1	204681583	204681693	LINE/L2	484	+	55	204681638	96115
chr1	7134292	7334292	harbor1	chr1	7135525	7135832	LINE/L2	959	+	154	7135679	1387
chr1	7134292	7334292	harbor1	chr1	7135942	7137304	LINE/L2	2913	+	681	7136623	2331
chr1	7134292	7334292	harbor1	chr1	7137434	7137976	LINE/L2	620	+	271	7137705	3413
chr1	7134292	7334292	harbor1	chr1	7138292	7138309	LINE/L2	620	+	8	7138300	4008
chr1	7134292	7334292	harbor1	chr1	7160382	7161366	LINE/L2	669	+	492	7160874	26582
chr1	205330822	205530822	harbor1	chr1	205376235	205376646	LINE/L2	724	+	206	205376441	45619
chr1	154961974	155161974	harbor1	chr1	155024641	155024866	LINE/L2	645	+	112	155024753	62779
chr1	154961974	155161974	harbor1	chr1	155025175	155025301	LINE/L2	645	+	63	155025238	63264
chr1	154961974	155161974	harbor1	chr1	155038608	155038856	LINE/L2	493	+	124	155038732	76758
chr1	53370441	53570441	harbor1	chr1	53454243	53454483	LINE/L2	442	+	120	53454363	83922
chr1	16544898	16744898	harbor1	chr1	16614267	16614887	LINE/L2	886	+	310	16614577	69679
chr1	16619037	16819037	harbor1	chr1	16716119	16716227	LINE/L2	510	+	54	16716173	97136
chr1	117480253	117680253	harbor1	chr1	117494821	117494938	LINE/L2	434	+	58	117494879	14626
chr1	117480253	117680253	harbor1	chr1	117510897	117510954	LINE/L2	554	+	28	117510925	30672
chr1	117480253	117680253	harbor1	chr1	117511323	117511356	LINE/L2	554	+	16	117511339	31086
chr1	117480253	117680253	harbor1	chr1	117511475	117511606	LINE/L2	554	+	66	117511541	31288
chr1	117480253	117680253	harbor1	chr1	117511651	117511974	LINE/L2	586	+	162	117511813	31560
chr1	148850447	149050447	harbor1	chr1	148861771	148862365	LINE/L2	972	+	297	148862068	11621
chr1	148850447	149050447	harbor1	chr1	148862591	148863139	LINE/L2	619	+	274	148862865	12418
chr1	148850447	149050447	harbor1	chr1	148873444	148873776	LINE/L2	455	+	166	148873610	23163
chr1	6601080	6801080	harbor1	chr1	6659247	6659477	LINE/L2	1030	+	115	6659362	58282
chr1	6601080	6801080	harbor1	chr1	6660090	6660161	LINE/L2	1030	+	36	6660126	59046
chr1	6601080	6801080	harbor1	chr1	6660456	6660628	LINE/L2	1030	+	86	6660542	59462
chr1	16545023	16745023	harbor1	chr1	16614267	16614887	LINE/L2	886	+	310	16614577	69554
chr1	15330459	15530459	harbor1	chr1	15367801	15367955	LINE/L2	490	+	77	15367878	37419
chr1	15330459	15530459	harbor1	chr1	15368274	15368393	LINE/L2	490	+	60	15368334	37875
chr1	15330459	15530459	harbor1	chr1	15372793	15373048	LINE/L2	695	+	128	15372921	42462
chr1	16267485	16467485	harbor1	chr1	16284270	16284550	LINE/L2	2905	+	140	16284410	16925
chr1	16267485	16467485	harbor1	chr1	16285168	16285304	LINE/L2	2905	+	68	16285236	17751
chr1	16267485	16467485	harbor1	chr1	16286169	16286237	LINE/L2	2905	+	34	16286203	18718
chr1	16267485	16467485	harbor1	chr1	16286606	16287542	LINE/L2	2905	+	468	16287074	19589
chr1	16267485	16467485	harbor1	chr1	16356980	16357075	LINE/L2	437	+	48	16357028	89543
chr1	16267485	16467485	harbor1	chr1	16285568	16285857	LINE/L2	2905	+	144	16285712	18227
chr1	53370472	53570472	harbor1	chr1	53454243	53454483	LINE/L2	442	+	120	53454363	83891
chr1	16600695	16800695	harbor1	chr1	16614267	16614887	LINE/L2	886	+	310	16614577	13882
chr1	53189636	53389636	harbor1	chr1	53236234	53236787	LINE/L2	543	+	276	53236510	46874
chr1	53189636	53389636	harbor1	chr1	53236806	53236949	LINE/L2	949	+	72	53236878	47242
chr1	53189636	53389636	harbor1	chr1	53237249	53237392	LINE/L2	949	+	72	53237321	47685
chr1	53189636	53389636	harbor1	chr1	53237694	53238196	LINE/L2	1095	+	251	53237945	48309
chr1	53189636	53389636	harbor1	chr1	53249640	53249867	LINE/L2	518	+	114	53249754	60118
chr1	53189636	53389636	harbor1	chr1	53250965	53251275	LINE/L2	523	+	155	53251120	61484
chr1	53189636	53389636	harbor1	chr1	53254266	53254681	LINE/L2	708	+	208	53254474	64838
chr1	53189636	53389636	harbor1	chr1	53268604	53269303	LINE/L2	2254	+	350	53268954	79318
chr1	53189636	53389636	harbor1	chr1	53269611	53269922	LINE/L2	1651	+	156	53269767	80131
chr1	16544545	16744545	harbor1	chr1	16614267	16614887	LINE/L2	886	+	310	16614577	70032
chr1	36753751	36953751	harbor1	chr1	36761460	36761643	LINE/L2	559	+	92	36761552	7801
chr1	36753751	36953751	harbor1	chr1	36761936	36761948	LINE/L2	470	+	6	36761942	8191
chr1	36753751	36953751	harbor1	chr1	36769935	36770401	LINE/L2	1563	+	233	36770168	16417
chr1	36753751	36953751	harbor1	chr1	36831558	36831624	LINE/L2	451	+	33	36831591	77840
chr1	36753751	36953751	harbor1	chr1	36831838	36832305	LINE/L2	451	+	234	36832072	78321
chr1	94137807	94337807	harbor1	chr1	94233309	94233699	LINE/L2	602	+	195	94233504	95697
chr1	16543056	16743056	harbor1	chr1	16614267	16614887	LINE/L2	886	+	310	16614577	71521
chr1	9589469	9789469	harbor1	chr1	9640806	9641242	LINE/L2	436	+	218	9641024	51555
chr1	211033758	211233758	harbor1	chr1	211040745	211041338	LINE/L2	871	+	296	211041041	7283
chr1	211033758	211233758	harbor1	chr1	211041363	211041752	LINE/L2	560	+	194	211041557	7799
chr1	211033758	211233758	harbor1	chr1	211100954	211101300	LINE/L2	449	+	173	211101127	67369
chr1	211033758	211233758	harbor1	chr1	211042055	211042449	LINE/L2	560	+	197	211042252	8494
chr1	7267274	7467274	harbor1	chr1	7323326	7323481	LINE/L2	521	+	78	7323404	56130
chr1	7267274	7467274	harbor1	chr1	7323708	7323837	LINE/L2	447	+	64	7323772	56498
chr1	7267274	7467274	harbor1	chr1	7353212	7353412	LINE/L2	498	+	100	7353312	86038
chr1	7267274	7467274	harbor1	chr1	7353724	7353742	LINE/L2	498	+	9	7353733	86459
chr1	7267274	7467274	harbor1	chr1	7355432	7355957	LINE/L2	728	+	262	7355694	88420
chr1	39855337	40055337	harbor1	chr1	39904338	39904468	LINE/L2	473	+	65	39904403	49066
chr1	39855337	40055337	harbor1	chr1	39934320	39934532	LINE/L2	441	+	106	39934426	79089
chr1	157038008	157238008	harbor1	chr1	157095991	157096433	LINE/L2	618	+	221	157096212	58204
chr1	16517974	16717974	harbor1	chr1	16614267	16614887	LINE/L2	886	+	310	16614577	96603
chr1	43447553	43647553	harbor1	chr1	43546694	43547214	LINE/L2	722	+	260	43546954	99401
chr1	16490133	16690133	harbor1	chr1	16496952	16497161	LINE/L2	664	+	104	16497056	6923
chr1	16490133	16690133	harbor1	chr1	16497479	16497657	LINE/L2	664	+	89	16497568	7435
chr1	53370438	53570438	harbor1	chr1	53454243	53454483	LINE/L2	442	+	120	53454363	83925
chr1	154985135	155185135	harbor1	chr1	155024641	155024866	LINE/L2	645	+	112	155024753	39618
chr1	154985135	155185135	harbor1	chr1	155025175	155025301	LINE/L2	645	+	63	155025238	40103
chr1	154985135	155185135	harbor1	chr1	155038608	155038856	LINE/L2	493	+	124	155038732	53597
chr1	6350574	6550574	harbor1	chr1	6397755	6398157	LINE/L2	1621	+	201	6397956	47382
chr1	6350574	6550574	harbor1	chr1	6398448	6398464	LINE/L2	1621	+	8	6398456	47882
chr1	6350574	6550574	harbor1	chr1	6398770	6399550	LINE/L2	1621	+	390	6399160	48586
chr1	722912	922912	harbor1	chr1	751018	751625	LINE/L2	1446	+	304	751322	28410
chr1	204633771	204833771	harbor1	chr1	204644511	204644787	LINE/L2	470	+	138	204644649	10878
chr1	204633771	204833771	harbor1	chr1	204678454	204679007	LINE/L2	903	+	276	204678730	44959
chr1	204633771	204833771	harbor1	chr1	204681583	204681693	LINE/L2	484	+	55	204681638	47867
chr1	204633771	204833771	harbor1	chr1	204699574	204699824	LINE/L2	642	+	125	204699699	65928
chr1	47317003	47517003	harbor1	chr1	47332168	47332806	LINE/L2	663	+	319	47332487	15484
chr1	47317003	47517003	harbor1	chr1	47371245	47372016	LINE/L2	667	+	386	47371631	54628
chr1	47317003	47517003	harbor1	chr1	47384100	47384304	LINE/L2	465	+	102	47384202	67199
chr1	47317003	47517003	harbor1	chr1	47401007	47401575	LINE/L2	1296	+	284	47401291	84288
chr1	116052112	116252112	harbor1	chr1	116148812	116149312	LINE/L2	535	+	250	116149062	96950
chr1	116052112	116252112	harbor1	chr1	116150037	116150853	LINE/L2	614	+	408	116150445	98333
chr1	160897940	161097940	harbor1	chr1	160929646	160930220	LINE/L2	1127	+	287	160929933	31993
chr1	160897940	161097940	harbor1	chr1	160930346	160930531	LINE/L2	1127	+	92	160930438	32498
chr1	153245885	153445885	harbor1	chr1	153303422	153303619	LINE/L2	763	+	98	153303520	57635
chr1	153245885	153445885	harbor1	chr1	153341196	153341368	LINE/L2	595	+	86	153341282	95397
chr1	11520749	11720749	harbor1	chr1	11526131	11526442	LINE/L2	485	+	156	11526287	5538
chr1	11520749	11720749	harbor1	chr1	11527663	11528089	LINE/L2	652	+	213	11527876	7127
chr1	11520749	11720749	harbor1	chr1	11577560	11577930	LINE/L2	852	+	185	11577745	56996
chr1	11520749	11720749	harbor1	chr1	11594839	11595186	LINE/L2	774	+	174	11595013	74264
chr1	11520749	11720749	harbor1	chr1	11596355	11596679	LINE/L2	457	+	162	11596517	75768
chr1	211033691	211233691	harbor1	chr1	211040745	211041338	LINE/L2	871	+	296	211041041	7350
chr1	211033691	211233691	harbor1	chr1	211041363	211041752	LINE/L2	560	+	194	211041557	7866
chr1	211033691	211233691	harbor1	chr1	211100954	211101300	LINE/L2	449	+	173	211101127	67436
chr1	211033691	211233691	harbor1	chr1	211042055	211042449	LINE/L2	560	+	197	211042252	8561
chr1	3055729	3255729	harbor1	chr1	3058349	3058791	LINE/L2	976	+	221	3058570	2841
chr1	6567487	6767487	harbor1	chr1	6595083	6595244	LINE/L2	519	+	80	6595163	27676
chr1	6567487	6767487	harbor1	chr1	6659247	6659477	LINE/L2	1030	+	115	6659362	91875
chr1	6567487	6767487	harbor1	chr1	6660090	6660161	LINE/L2	1030	+	36	6660126	92639
chr1	6567487	6767487	harbor1	chr1	6660456	6660628	LINE/L2	1030	+	86	6660542	93055
chr1	29351447	29551447	harbor1	chr1	29351662	29351941	LINE/L2	437	+	140	29351802	355
chr1	29351447	29551447	harbor1	chr1	29354943	29355325	LINE/L2	647	+	191	29355134	3687
chr1	29351447	29551447	harbor1	chr1	29357189	29357563	LINE/L2	773	+	187	29357376	5929
chr1	29351447	29551447	harbor1	chr1	29413637	29413917	LINE/L2	543	+	140	29413777	62330
chr1	29351447	29551447	harbor1	chr1	29416137	29416369	LINE/L2	557	+	116	29416253	64806
chr1	29351447	29551447	harbor1	chr1	29427460	29428009	LINE/L2	1082	+	274	29427734	76287
chr1	16544832	16744832	harbor1	chr1	16614267	16614887	LINE/L2	886	+	310	16614577	69745
chr1	20561106	20761106	harbor1	chr1	20565391	20565779	LINE/L2	716	+	194	20565585	4479
chr1	20561106	20761106	harbor1	chr1	20576693	20577004	LINE/L2	1386	+	156	20576849	15743
chr1	20561106	20761106	harbor1	chr1	20577310	20577428	LINE/L2	1386	+	59	20577369	16263
chr1	20561106	20761106	harbor1	chr1	20584440	20584678	LINE/L2	467	+	119	20584559	23453
chr1	20561106	20761106	harbor1	chr1	20609997	20610200	LINE/L2	630	+	102	20610099	48993
chr1	20561106	20761106	harbor1	chr1	20643551	20643685	LINE/L2	433	+	67	20643618	82512
chr1	211730554	211930554	harbor1	chr1	211732608	211733132	LINE/L2	1306	+	262	211732870	2316
chr1	211730554	211930554	harbor1	chr1	211733474	211733758	LINE/L2	1306	+	142	211733616	3062
chr1	211730554	211930554	harbor1	chr1	211734881	211735016	LINE/L2	542	+	68	211734949	4395
chr1	211730554	211930554	harbor1	chr1	211799808	211800031	LINE/L2	845	+	112	211799920	69366
chr1	211730554	211930554	harbor1	chr1	211800321	211800411	LINE/L2	845	+	45	211800366	69812
chr1	211730554	211930554	harbor1	chr1	211814666	211815768	LINE/L2	1571	+	551	211815217	84663
chr1	211730554	211930554	harbor1	chr1	211816080	211816411	LINE/L2	1571	+	166	211816246	85692
chr1	16625350	16825350	harbor1	chr1	16716119	16716227	LINE/L2	510	+	54	16716173	90823
chr1	201549223	201749223	harbor1	chr1	201641073	201641458	LINE/L2	1373	+	192	201641265	92042
chr1	152203804	152403804	harbor1	chr1	152228690	152228935	LINE/L2	851	+	122	152228812	25008
chr1	152203804	152403804	harbor1	chr1	152243349	152243588	LINE/L2	1028	+	120	152243469	39665
chr1	152203804	152403804	harbor1	chr1	152243886	152244571	LINE/L2	1028	+	342	152244228	40424
chr1	209543647	209743647	harbor1	chr1	209593530	209594377	LINE/L2	779	+	424	209593954	50307
chr1	209543647	209743647	harbor1	chr1	209619129	209619431	LINE/L2	988	+	151	209619280	75633
chr1	209543647	209743647	harbor1	chr1	209640591	209640799	LINE/L2	831	+	104	209640695	97048
chr1	209543647	209743647	harbor1	chr1	209641115	209641173	LINE/L2	831	+	29	209641144	97497
chr1	53846295	54046295	harbor1	chr1	53850395	53850521	LINE/L2	546	+	63	53850458	4163
chr1	53846295	54046295	harbor1	chr1	53875532	53876062	LINE/L2	1096	+	265	53875797	29502
chr1	53846295	54046295	harbor1	chr1	53892981	53893316	LINE/L2	509	+	168	53893149	46854
chr1	53846295	54046295	harbor1	chr1	53894799	53895134	LINE/L2	519	+	168	53894967	48672
chr1	53846295	54046295	harbor1	chr1	53901977	53902482	LINE/L2	568	+	252	53902229	55934
chr1	12393958	12593958	harbor1	chr1	12438867	12439587	LINE/L2	606	+	360	12439227	45269
chr1	12393958	12593958	harbor1	chr1	12439628	12439733	LINE/L2	606	+	52	12439680	45722
chr1	25516603	25716603	harbor1	chr1	25611701	25612463	LINE/L2	560	+	381	25612082	95479
chr1	25516603	25716603	harbor1	chr1	25615426	25615597	LINE/L2	570	+	86	25615512	98909
chr1	44307706	44507706	harbor1	chr1	44331870	44332070	LINE/L2	497	+	100	44331970	24264
chr1	44307706	44507706	harbor1	chr1	44347954	44348068	LINE/L2	483	+	57	44348011	40305
chr1	44307706	44507706	harbor1	chr1	44350951	44351036	LINE/L2	457	+	42	44350993	43287
chr1	44307706	44507706	harbor1	chr1	44351333	44351397	LINE/L2	457	+	32	44351365	43659
chr1	44307706	44507706	harbor1	chr1	44351692	44352103	LINE/L2	632	+	206	44351898	44192
chr1	44307706	44507706	harbor1	chr1	44356184	44356410	LINE/L2	437	+	113	44356297	48591
chr1	44307706	44507706	harbor1	chr1	44375720	44375878	LINE/L2	478	+	79	44375799	68093
chr1	44307706	44507706	harbor1	chr1	44387045	44387321	LINE/L2	525	+	138	44387183	79477
chr1	44307706	44507706	harbor1	chr1	44400855	44401080	LINE/L2	515	+	112	44400967	93261
chr1	44307706	44507706	harbor1	chr1	44402507	44402836	LINE/L2	568	+	164	44402671	94965
chr1	110573752	110773752	harbor1	chr1	110576247	110576652	LINE/L2	802	+	202	110576449	2697
chr1	110573752	110773752	harbor1	chr1	110576765	110576951	LINE/L2	1144	+	93	110576858	3106
chr1	110573752	110773752	harbor1	chr1	110576992	110577391	LINE/L2	1144	+	200	110577192	3440
chr1	110573752	110773752	harbor1	chr1	110585772	110586520	LINE/L2	1420	+	374	110586146	12394
chr1	110573752	110773752	harbor1	chr1	110612411	110612803	LINE/L2	446	+	196	110612607	38855
chr1	110573752	110773752	harbor1	chr1	110618632	110619204	LINE/L2	836	+	286	110618918	45166
chr1	110021160	110221160	harbor1	chr1	110032513	110033236	LINE/L2	1073	+	362	110032875	11715
chr1	110021160	110221160	harbor1	chr1	110089254	110089363	LINE/L2	478	+	54	110089308	68148
chr1	110021160	110221160	harbor1	chr1	110092071	110092765	LINE/L2	1694	+	347	110092418	71258
chr1	41562092	41762092	harbor1	chr1	41566390	41567314	LINE/L2	1193	+	462	41566852	4760
chr1	41562092	41762092	harbor1	chr1	41609734	41609813	LINE/L2	523	+	40	41609774	47682
chr1	41562092	41762092	harbor1	chr1	41610228	41610427	LINE/L2	523	+	100	41610328	48236
chr1	41562092	41762092	harbor1	chr1	41618837	41619089	LINE/L2	506	+	126	41618963	56871
chr1	41562092	41762092	harbor1	chr1	41655211	41655300	LINE/L2	846	+	44	41655255	93163
chr1	41562092	41762092	harbor1	chr1	41655608	41655876	LINE/L2	846	+	134	41655742	93650
chr1	41562092	41762092	harbor1	chr1	41659128	41659513	LINE/L2	693	+	192	41659320	97228
chr1	53846285	54046285	harbor1	chr1	53850395	53850521	LINE/L2	546	+	63	53850458	4173
chr1	53846285	54046285	harbor1	chr1	53875532	53876062	LINE/L2	1096	+	265	53875797	29512
chr1	53846285	54046285	harbor1	chr1	53892981	53893316	LINE/L2	509	+	168	53893149	46864
chr1	53846285	54046285	harbor1	chr1	53894799	53895134	LINE/L2	519	+	168	53894967	48682
chr1	53846285	54046285	harbor1	chr1	53901977	53902482	LINE/L2	568	+	252	53902229	55944
chr1	16531613	16731613	harbor1	chr1	16614267	16614887	LINE/L2	886	+	310	16614577	82964
chr1	678890	878890	harbor1	chr1	697720	697986	LINE/L2	563	+	133	697853	18963
chr1	678890	878890	harbor1	chr1	703030	703567	LINE/L2	548	+	268	703298	24408
chr1	678890	878890	harbor1	chr1	707358	708016	LINE/L2	1361	+	329	707687	28797
chr1	678890	878890	harbor1	chr1	714716	714828	LINE/L2	542	+	56	714772	35882
chr1	678890	878890	harbor1	chr1	714840	715390	LINE/L2	539	+	275	715115	36225
chr1	678890	878890	harbor1	chr1	751018	751625	LINE/L2	1446	+	304	751322	72432
chr1	16542818	16742818	harbor1	chr1	16614267	16614887	LINE/L2	886	+	310	16614577	71759
chr1	16543037	16743037	harbor1	chr1	16614267	16614887	LINE/L2	886	+	310	16614577	71540
chr1	85965115	86165115	harbor1	chr1	85989660	85990084	LINE/L2	462	+	212	85989872	24757
chr1	85965115	86165115	harbor1	chr1	85998144	85998300	LINE/L2	519	+	78	85998222	33107
chr1	85965115	86165115	harbor1	chr1	86012623	86012925	LINE/L2	916	+	151	86012774	47659
chr1	85965115	86165115	harbor1	chr1	86025691	86026132	LINE/L2	432	+	220	86025911	60796
chr1	31913327	32113327	harbor1	chr1	32000005	32000379	LINE/L2	890	+	187	32000192	86865
chr1	31913327	32113327	harbor1	chr1	32002752	32002912	LINE/L2	531	+	80	32002832	89505
chr1	16344104	16544104	harbor1	chr1	16356980	16357075	LINE/L2	437	+	48	16357028	12924
chr1	16344104	16544104	harbor1	chr1	16411074	16411189	LINE/L2	911	+	58	16411132	67028
chr1	16344104	16544104	harbor1	chr1	16411474	16411508	LINE/L2	911	+	17	16411491	67387
chr1	16344104	16544104	harbor1	chr1	16411819	16412420	LINE/L2	911	+	300	16412119	68015
chr1	16344104	16544104	harbor1	chr1	16437497	16437747	LINE/L2	568	+	125	16437622	93518
chr1	16544840	16744840	harbor1	chr1	16614267	16614887	LINE/L2	886	+	310	16614577	69737
chr1	19565193	19765193	harbor1	chr1	19578947	19579371	LINE/L2	454	+	212	19579159	13966
chr1	19565193	19765193	harbor1	chr1	19580486	19581124	LINE/L2	1951	+	319	19580805	15612
chr1	19565193	19765193	harbor1	chr1	19598048	19598156	LINE/L2	430	+	54	19598102	32909
chr1	19565193	19765193	harbor1	chr1	19602036	19602220	LINE/L2	523	+	92	19602128	36935
chr1	19565193	19765193	harbor1	chr1	19634365	19634654	LINE/L2	1039	+	144	19634509	69316
chr1	19565193	19765193	harbor1	chr1	19640132	19640291	LINE/L2	471	+	80	19640212	75019
chr1	19565193	19765193	harbor1	chr1	19655669	19656191	LINE/L2	557	+	261	19655930	90737
chr1	19565193	19765193	harbor1	chr1	19663994	19664172	LINE/L2	517	+	89	19664083	98890
chr1	6685532	6885532	harbor1	chr1	6725914	6726595	LINE/L2	1079	+	340	6726254	40722
chr1	6685532	6885532	harbor1	chr1	6726893	6727074	LINE/L2	1079	+	90	6726983	41451
chr1	6685532	6885532	harbor1	chr1	6727397	6727492	LINE/L2	1079	+	48	6727445	41913
chr1	6685532	6885532	harbor1	chr1	6773478	6773493	LINE/L2	756	+	8	6773486	87954
chr1	6685532	6885532	harbor1	chr1	6773656	6773718	LINE/L2	756	+	31	6773687	88155
chr1	6685532	6885532	harbor1	chr1	6774018	6774246	LINE/L2	756	+	114	6774132	88600
chr1	6685532	6885532	harbor1	chr1	6775065	6775103	LINE/L2	1183	+	19	6775084	89552
chr1	6685532	6885532	harbor1	chr1	6775408	6775809	LINE/L2	1183	+	200	6775608	90076
chr1	6685532	6885532	harbor1	chr1	6776761	6777153	LINE/L2	930	+	196	6776957	91425
chr1	6685532	6885532	harbor1	chr1	6777463	6777685	LINE/L2	930	+	111	6777574	92042
chr1	22610011	22810011	harbor1	chr1	22616269	22616403	LINE/L2	518	+	67	22616336	6325
chr1	22610011	22810011	harbor1	chr1	22658189	22658697	LINE/L2	713	+	254	22658443	48432
chr1	22610011	22810011	harbor1	chr1	22686837	22687267	LINE/L2	684	+	215	22687052	77041
chr1	22610011	22810011	harbor1	chr1	22707337	22707765	LINE/L2	798	+	214	22707551	97540
chr1	6685524	6885524	harbor1	chr1	6725914	6726595	LINE/L2	1079	+	340	6726254	40730
chr1	6685524	6885524	harbor1	chr1	6726893	6727074	LINE/L2	1079	+	90	6726983	41459
chr1	6685524	6885524	harbor1	chr1	6727397	6727492	LINE/L2	1079	+	48	6727445	41921
chr1	6685524	6885524	harbor1	chr1	6773478	6773493	LINE/L2	756	+	8	6773486	87962
chr1	6685524	6885524	harbor1	chr1	6773656	6773718	LINE/L2	756	+	31	6773687	88163
chr1	6685524	6885524	harbor1	chr1	6774018	6774246	LINE/L2	756	+	114	6774132	88608
chr1	6685524	6885524	harbor1	chr1	6775065	6775103	LINE/L2	1183	+	19	6775084	89560
chr1	6685524	6885524	harbor1	chr1	6775408	6775809	LINE/L2	1183	+	200	6775608	90084
chr1	6685524	6885524	harbor1	chr1	6776761	6777153	LINE/L2	930	+	196	6776957	91433
chr1	6685524	6885524	harbor1	chr1	6777463	6777685	LINE/L2	930	+	111	6777574	92050
chr1	211033713	211233713	harbor1	chr1	211040745	211041338	LINE/L2	871	+	296	211041041	7328
chr1	211033713	211233713	harbor1	chr1	211041363	211041752	LINE/L2	560	+	194	211041557	7844
chr1	211033713	211233713	harbor1	chr1	211100954	211101300	LINE/L2	449	+	173	211101127	67414
chr1	211033713	211233713	harbor1	chr1	211042055	211042449	LINE/L2	560	+	197	211042252	8539
chr1	22450678	22650678	harbor1	chr1	22458114	22458290	LINE/L2	452	+	88	22458202	7524
chr1	22450678	22650678	harbor1	chr1	22514241	22514884	LINE/L2	1086	+	322	22514563	63885
chr1	22450678	22650678	harbor1	chr1	22544215	22544349	LINE/L2	471	+	67	22544282	93604
chr1	22450678	22650678	harbor1	chr1	22544647	22544789	LINE/L2	471	+	71	22544718	94040
chr1	26595914	26795914	harbor1	chr1	26608996	26609310	LINE/L2	624	+	157	26609153	13239
chr1	26595914	26795914	harbor1	chr1	26610307	26610634	LINE/L2	1062	+	164	26610471	14557
chr1	207902897	208102897	harbor1	chr1	207987928	207988059	LINE/L2	532	+	66	207987994	85097
chr1	207902897	208102897	harbor1	chr1	207998439	207999210	LINE/L2	1383	+	386	207998825	95928
chr1	207902897	208102897	harbor1	chr1	207999511	207999613	LINE/L2	1383	+	51	207999562	96665
chr1	211033788	211233788	harbor1	chr1	211040745	211041338	LINE/L2	871	+	296	211041041	7253
chr1	211033788	211233788	harbor1	chr1	211041363	211041752	LINE/L2	560	+	194	211041557	7769
chr1	211033788	211233788	harbor1	chr1	211100954	211101300	LINE/L2	449	+	173	211101127	67339
chr1	211033788	211233788	harbor1	chr1	211042055	211042449	LINE/L2	560	+	197	211042252	8464
chr1	16544915	16744915	harbor1	chr1	16614267	16614887	LINE/L2	886	+	310	16614577	69662
chr1	16625248	16825248	harbor1	chr1	16716119	16716227	LINE/L2	510	+	54	16716173	90925
chr1	14850144	15050144	harbor1	chr1	14886859	14887001	LINE/L2	464	+	71	14886930	36786
chr1	167355252	167555252	harbor1	chr1	167367295	167367418	LINE/L2	431	+	62	167367357	12105
chr1	9589463	9789463	harbor1	chr1	9640806	9641242	LINE/L2	436	+	218	9641024	51561
chr1	202249009	202449009	harbor1	chr1	202249209	202250372	LINE/L2	1524	+	582	202249791	782
chr1	202249009	202449009	harbor1	chr1	202287365	202288466	LINE/L2	2831	+	550	202287915	38906
chr1	161066263	161266263	harbor1	chr1	161081647	161081896	LINE/L2	523	+	124	161081771	15508
chr1	161066263	161266263	harbor1	chr1	161113953	161114373	LINE/L2	457	+	210	161114163	47900
chr1	161066263	161266263	harbor1	chr1	161126642	161127100	LINE/L2	676	+	229	161126871	60608
chr1	210684182	210884182	harbor1	chr1	210711457	210711844	LINE/L2	572	+	194	210711651	27469
chr1	210684182	210884182	harbor1	chr1	210737460	210738390	LINE/L2	1783	+	465	210737925	53743
chr1	15786062	15986062	harbor1	chr1	15829943	15830115	LINE/L2	870	+	86	15830029	43967
chr1	15786062	15986062	harbor1	chr1	15830276	15830548	LINE/L2	870	+	136	15830412	44350
chr1	15786062	15986062	harbor1	chr1	15826936	15827469	LINE/L2	1346	+	266	15827202	41140
chr1	244605824	244805824	harbor1	chr1	244610624	244610744	LINE/L2	735	+	60	244610684	4860
chr1	244605824	244805824	harbor1	chr1	244611060	244611246	LINE/L2	735	+	93	244611153	5329
chr1	244605824	244805824	harbor1	chr1	244636948	244639404	LINE/L2	830	+	1228	244638176	32352
chr1	244605824	244805824	harbor1	chr1	244650248	244650843	LINE/L2	523	+	298	244650546	44722
chr1	244605824	244805824	harbor1	chr1	244651136	244651370	LINE/L2	448	+	117	244651253	45429
chr1	244605824	244805824	harbor1	chr1	244651809	244652213	LINE/L2	560	+	202	244652011	46187
chr1	244605824	244805824	harbor1	chr1	244665908	244666449	LINE/L2	1258	+	270	244666178	60354
chr1	201325164	201525164	harbor1	chr1	201357643	201358019	LINE/L2	650	+	188	201357831	32667
chr1	3055668	3255668	harbor1	chr1	3058349	3058791	LINE/L2	976	+	221	3058570	2902
chr1	205330828	205530828	harbor1	chr1	205376235	205376646	LINE/L2	724	+	206	205376441	45613
chr1	16544904	16744904	harbor1	chr1	16614267	16614887	LINE/L2	886	+	310	16614577	69673
chr1	145919577	146119577	harbor1	chr1	145930012	145930160	LINE/L2	456	+	74	145930086	10509
chr1	145919577	146119577	harbor1	chr1	145967605	145967867	LINE/L2	667	+	131	145967736	48159
chr1	16544923	16744923	harbor1	chr1	16614267	16614887	LINE/L2	886	+	310	16614577	69654
chr1	6685486	6885486	harbor1	chr1	6725914	6726595	LINE/L2	1079	+	340	6726254	40768
chr1	6685486	6885486	harbor1	chr1	6726893	6727074	LINE/L2	1079	+	90	6726983	41497
chr1	6685486	6885486	harbor1	chr1	6727397	6727492	LINE/L2	1079	+	48	6727445	41959
chr1	6685486	6885486	harbor1	chr1	6773478	6773493	LINE/L2	756	+	8	6773486	88000
chr1	6685486	6885486	harbor1	chr1	6773656	6773718	LINE/L2	756	+	31	6773687	88201
chr1	6685486	6885486	harbor1	chr1	6774018	6774246	LINE/L2	756	+	114	6774132	88646
chr1	6685486	6885486	harbor1	chr1	6775065	6775103	LINE/L2	1183	+	19	6775084	89598
chr1	6685486	6885486	harbor1	chr1	6775408	6775809	LINE/L2	1183	+	200	6775608	90122
chr1	6685486	6885486	harbor1	chr1	6776761	6777153	LINE/L2	930	+	196	6776957	91471
chr1	6685486	6885486	harbor1	chr1	6777463	6777685	LINE/L2	930	+	111	6777574	92088
chr1	226785705	226985705	harbor1	chr1	226800923	226801225	LINE/L2	449	+	151	226801074	15369
chr1	226785705	226985705	harbor1	chr1	226801582	226801711	LINE/L2	434	+	64	226801646	15941
chr1	226785705	226985705	harbor1	chr1	226812372	226812571	LINE/L2	571	+	100	226812472	26767
chr1	226785705	226985705	harbor1	chr1	226823546	226823872	LINE/L2	835	+	163	226823709	38004
chr1	226785705	226985705	harbor1	chr1	226824342	226824726	LINE/L2	456	+	192	226824534	38829
chr1	202013163	202213163	harbor1	chr1	202018807	202018955	LINE/L2	491	+	74	202018881	5718
chr1	202013163	202213163	harbor1	chr1	202031354	202031852	LINE/L2	1819	+	249	202031603	18440
chr1	202013163	202213163	harbor1	chr1	202032026	202032495	LINE/L2	1819	+	234	202032260	19097
chr1	202013163	202213163	harbor1	chr1	202033714	202033945	LINE/L2	653	+	116	202033830	20667
chr1	202013163	202213163	harbor1	chr1	202044610	202045181	LINE/L2	925	+	286	202044896	31733
chr1	202013163	202213163	harbor1	chr1	202062977	202063214	LINE/L2	450	+	118	202063095	49932
chr1	202013163	202213163	harbor1	chr1	202063317	202063492	LINE/L2	456	+	88	202063405	50242
chr1	202013163	202213163	harbor1	chr1	202091193	202091469	LINE/L2	443	+	138	202091331	78168
chr1	202013163	202213163	harbor1	chr1	202093651	202094284	LINE/L2	608	+	316	202093967	80804
chr1	202013163	202213163	harbor1	chr1	202101138	202101501	LINE/L2	478	+	182	202101320	88157
chr1	161447394	161647394	harbor1	chr1	161498695	161498991	LINE/L2	465	+	148	161498843	51449
chr1	161447394	161647394	harbor1	chr1	161499148	161499221	LINE/L2	1406	+	36	161499184	51790
chr1	161447394	161647394	harbor1	chr1	161499533	161500000	LINE/L2	1406	+	234	161499767	52373
chr1	161447394	161647394	harbor1	chr1	161500017	161500274	LINE/L2	823	+	128	161500145	52751
chr1	161447394	161647394	harbor1	chr1	161520575	161521351	LINE/L2	1454	+	388	161520963	73569
chr1	16544980	16744980	harbor1	chr1	16614267	16614887	LINE/L2	886	+	310	16614577	69597
chr1	16544958	16744958	harbor1	chr1	16614267	16614887	LINE/L2	886	+	310	16614577	69619
chr1	22502734	22702734	harbor1	chr1	22514241	22514884	LINE/L2	1086	+	322	22514563	11829
chr1	22502734	22702734	harbor1	chr1	22544215	22544349	LINE/L2	471	+	67	22544282	41548
chr1	22502734	22702734	harbor1	chr1	22544647	22544789	LINE/L2	471	+	71	22544718	41984
chr1	22502734	22702734	harbor1	chr1	22590318	22590856	LINE/L2	458	+	269	22590587	87853
chr1	185628149	185828149	harbor1	chr1	185658100	185659064	LINE/L2	861	+	482	185658582	30433
chr1	185628149	185828149	harbor1	chr1	185671746	185672303	LINE/L2	622	+	278	185672024	43875
chr1	185628149	185828149	harbor1	chr1	185692226	185692459	LINE/L2	598	+	116	185692342	64193
chr1	185628149	185828149	harbor1	chr1	185696347	185696913	LINE/L2	892	+	283	185696630	68481
chr1	6351852	6551852	harbor1	chr1	6397755	6398157	LINE/L2	1621	+	201	6397956	46104
chr1	6351852	6551852	harbor1	chr1	6398448	6398464	LINE/L2	1621	+	8	6398456	46604
chr1	6351852	6551852	harbor1	chr1	6398770	6399550	LINE/L2	1621	+	390	6399160	47308
chr1	230940507	231140507	harbor1	chr1	230974182	230974350	LINE/L2	444	+	84	230974266	33759
chr1	230940507	231140507	harbor1	chr1	230974680	230974806	LINE/L2	444	+	63	230974743	34236
chr1	230940507	231140507	harbor1	chr1	230980112	230980322	LINE/L2	547	+	105	230980217	39710
chr1	230940507	231140507	harbor1	chr1	230991287	230991631	LINE/L2	1904	+	172	230991459	50952
chr1	230940507	231140507	harbor1	chr1	230991928	230992643	LINE/L2	1904	+	358	230992286	51779
chr1	230940507	231140507	harbor1	chr1	230980688	230982192	LINE/L2	3647	+	752	230981440	40933
chr1	201549188	201749188	harbor1	chr1	201641073	201641458	LINE/L2	1373	+	192	201641265	92077
chr1	31972901	32172901	harbor1	chr1	32000005	32000379	LINE/L2	890	+	187	32000192	27291
chr1	31972901	32172901	harbor1	chr1	32002752	32002912	LINE/L2	531	+	80	32002832	29931
chr1	31972901	32172901	harbor1	chr1	32016699	32016918	LINE/L2	495	+	110	32016809	43908
chr1	31972901	32172901	harbor1	chr1	32070152	32070262	LINE/L2	1448	+	55	32070207	97306
chr1	31972901	32172901	harbor1	chr1	32070565	32070907	LINE/L2	1448	+	171	32070736	97835
chr1	31972901	32172901	harbor1	chr1	32071841	32072107	LINE/L2	1448	+	133	32071974	99073
chr1	10857681	11057681	harbor1	chr1	10880218	10880476	LINE/L2	1149	+	129	10880347	22666
chr1	10857681	11057681	harbor1	chr1	10880773	10880805	LINE/L2	1149	+	16	10880789	23108
chr1	10857681	11057681	harbor1	chr1	10881102	10881324	LINE/L2	1149	+	111	10881213	23532
chr1	10857681	11057681	harbor1	chr1	10881630	10881839	LINE/L2	1149	+	104	10881734	24053
chr1	10857681	11057681	harbor1	chr1	10882142	10882222	LINE/L2	1149	+	40	10882182	24501
chr1	10857681	11057681	harbor1	chr1	10889957	10890412	LINE/L2	449	+	228	10890185	32504
chr1	10857681	11057681	harbor1	chr1	10891583	10891676	LINE/L2	1572	+	46	10891629	33948
chr1	10857681	11057681	harbor1	chr1	10891989	10892576	LINE/L2	1572	+	294	10892283	34602
chr1	10857681	11057681	harbor1	chr1	10908341	10908982	LINE/L2	453	+	320	10908661	50980
chr1	10857681	11057681	harbor1	chr1	10914880	10915017	LINE/L2	460	+	68	10914948	57267
chr1	156191597	156391597	harbor1	chr1	156202862	156202981	LINE/L2	432	+	60	156202922	11325
chr1	156191597	156391597	harbor1	chr1	156202964	156203522	LINE/L2	549	+	279	156203243	11646
chr1	156191597	156391597	harbor1	chr1	156205402	156205904	LINE/L2	1452	+	251	156205653	14056
chr1	156191597	156391597	harbor1	chr1	156257979	156258095	LINE/L2	449	+	58	156258037	66440
chr1	156191597	156391597	harbor1	chr1	156283686	156284022	LINE/L2	467	+	168	156283854	92257
chr1	156191597	156391597	harbor1	chr1	156221234	156222122	LINE/L2	610	+	444	156221678	30081
chr1	156191597	156391597	harbor1	chr1	156253795	156254379	LINE/L2	736	+	292	156254087	62490
chr1	201770522	201970522	harbor1	chr1	201797885	201798358	LINE/L2	613	+	236	201798121	27599
chr1	15734386	15934386	harbor1	chr1	15829943	15830115	LINE/L2	870	+	86	15830029	95643
chr1	15734386	15934386	harbor1	chr1	15830276	15830548	LINE/L2	870	+	136	15830412	96026
chr1	15734386	15934386	harbor1	chr1	15826936	15827469	LINE/L2	1346	+	266	15827202	92816
chr1	7925872	8125872	harbor1	chr1	7950512	7950804	LINE/L2	872	+	146	7950658	24786
chr1	7925872	8125872	harbor1	chr1	8016946	8017073	LINE/L2	485	+	64	8017010	91138
chr1	27266079	27466079	harbor1	chr1	27278529	27278821	LINE/L2	639	+	146	27278675	12596
chr1	27266079	27466079	harbor1	chr1	27279081	27279248	LINE/L2	639	+	84	27279165	13086
chr1	27266079	27466079	harbor1	chr1	27288018	27288350	LINE/L2	438	+	166	27288184	22105
chr1	27266079	27466079	harbor1	chr1	27290043	27290084	LINE/L2	438	+	20	27290063	23984
chr1	27266079	27466079	harbor1	chr1	27290384	27290547	LINE/L2	438	+	82	27290466	24387
chr1	206972503	207172503	harbor1	chr1	207013320	207013766	LINE/L2	454	+	223	207013543	41040
chr1	206972503	207172503	harbor1	chr1	207036395	207036865	LINE/L2	504	+	235	207036630	64127
chr1	25516631	25716631	harbor1	chr1	25611701	25612463	LINE/L2	560	+	381	25612082	95451
chr1	25516631	25716631	harbor1	chr1	25615426	25615597	LINE/L2	570	+	86	25615512	98881
chr1	65574334	65774334	harbor1	chr1	65581021	65581295	LINE/L2	607	+	137	65581158	6824
chr1	65574334	65774334	harbor1	chr1	65582538	65582910	LINE/L2	871	+	186	65582724	8390
chr1	16544749	16744749	harbor1	chr1	16614267	16614887	LINE/L2	886	+	310	16614577	69828
chr1	230539098	230739098	harbor1	chr1	230636611	230636766	LINE/L2	561	+	78	230636689	97591
chr2	45902328	46102328	harbor1	chr2	45990501	45990654	LINE/L2	603	+	76	45990577	88249
chr2	45902328	46102328	harbor1	chr2	45990962	45990983	LINE/L2	603	+	10	45990972	88644
chr2	45902328	46102328	harbor1	chr2	45991307	45991451	LINE/L2	603	+	72	45991379	89051
chr2	196936108	197136108	harbor1	chr2	196950040	196950298	LINE/L2	582	+	129	196950169	14061
chr2	196936108	197136108	harbor1	chr2	196980934	196981492	LINE/L2	1153	+	279	196981213	45105
chr2	196936108	197136108	harbor1	chr2	196981807	196982066	LINE/L2	683	+	130	196981937	45829
chr2	196936108	197136108	harbor1	chr2	196982595	196982761	LINE/L2	502	+	83	196982678	46570
chr2	196936108	197136108	harbor1	chr2	196983227	196983545	LINE/L2	658	+	159	196983386	47278
chr2	196936108	197136108	harbor1	chr2	197022273	197022716	LINE/L2	963	+	222	197022495	86387
chr2	196936108	197136108	harbor1	chr2	197022846	197023081	LINE/L2	843	+	118	197022964	86856
chr2	196936108	197136108	harbor1	chr2	197017583	197018749	LINE/L2	808	+	583	197018166	82058
chr2	219075964	219275964	harbor1	chr2	219090815	219091027	LINE/L2	458	+	106	219090921	14957
chr2	219075964	219275964	harbor1	chr2	219105454	219105571	LINE/L2	516	+	58	219105512	29548
chr2	219075964	219275964	harbor1	chr2	219165567	219165851	LINE/L2	760	+	142	219165709	89745
chr2	219075964	219275964	harbor1	chr2	219166149	219166189	LINE/L2	760	+	20	219166169	90205
chr2	219075964	219275964	harbor1	chr2	219166834	219167056	LINE/L2	760	+	111	219166945	90981
chr2	219059508	219259508	harbor1	chr2	219090815	219091027	LINE/L2	458	+	106	219090921	31413
chr2	219059508	219259508	harbor1	chr2	219105454	219105571	LINE/L2	516	+	58	219105512	46004
chr2	219077783	219277783	harbor1	chr2	219090815	219091027	LINE/L2	458	+	106	219090921	13138
chr2	219077783	219277783	harbor1	chr2	219105454	219105571	LINE/L2	516	+	58	219105512	27729
chr2	219077783	219277783	harbor1	chr2	219165567	219165851	LINE/L2	760	+	142	219165709	87926
chr2	219077783	219277783	harbor1	chr2	219166149	219166189	LINE/L2	760	+	20	219166169	88386
chr2	219077783	219277783	harbor1	chr2	219166834	219167056	LINE/L2	760	+	111	219166945	89162
chr2	43053914	43253914	harbor1	chr2	43066789	43066870	LINE/L2	459	+	40	43066829	12915
chr2	43053914	43253914	harbor1	chr2	43067176	43067373	LINE/L2	459	+	98	43067274	13360
chr2	43053914	43253914	harbor1	chr2	43104260	43104391	LINE/L2	472	+	66	43104326	50412
chr2	43053914	43253914	harbor1	chr2	43114632	43115513	LINE/L2	875	+	440	43115072	61158
chr2	43053914	43253914	harbor1	chr2	43137290	43137984	LINE/L2	1226	+	347	43137637	83723
chr2	43053914	43253914	harbor1	chr2	43153351	43153480	LINE/L2	463	+	64	43153415	99501
chr2	53462886	53662886	harbor1	chr2	53495482	53496713	LINE/L2	797	+	616	53496098	33212
chr2	53462886	53662886	harbor1	chr2	53497073	53497552	LINE/L2	576	+	240	53497313	34427
chr2	53462886	53662886	harbor1	chr2	53513477	53513810	LINE/L2	453	+	166	53513643	50757
chr2	53462886	53662886	harbor1	chr2	53514120	53514394	LINE/L2	453	+	137	53514257	51371
chr2	53462886	53662886	harbor1	chr2	53539007	53539359	LINE/L2	851	+	176	53539183	76297
chr2	53462886	53662886	harbor1	chr2	53547219	53547602	LINE/L2	1177	+	192	53547411	84525
chr2	219077871	219277871	harbor1	chr2	219090815	219091027	LINE/L2	458	+	106	219090921	13050
chr2	219077871	219277871	harbor1	chr2	219105454	219105571	LINE/L2	516	+	58	219105512	27641
chr2	219077871	219277871	harbor1	chr2	219165567	219165851	LINE/L2	760	+	142	219165709	87838
chr2	219077871	219277871	harbor1	chr2	219166149	219166189	LINE/L2	760	+	20	219166169	88298
chr2	219077871	219277871	harbor1	chr2	219166834	219167056	LINE/L2	760	+	111	219166945	89074
chr2	218166674	218366674	harbor1	chr2	218182981	218183292	LINE/L2	743	+	156	218183137	16463
chr2	218166674	218366674	harbor1	chr2	218185217	218185264	LINE/L2	579	+	24	218185241	18567
chr2	218166674	218366674	harbor1	chr2	218185725	218186195	LINE/L2	579	+	235	218185960	19286
chr2	219078284	219278284	harbor1	chr2	219090815	219091027	LINE/L2	458	+	106	219090921	12637
chr2	219078284	219278284	harbor1	chr2	219105454	219105571	LINE/L2	516	+	58	219105512	27228
chr2	219078284	219278284	harbor1	chr2	219165567	219165851	LINE/L2	760	+	142	219165709	87425
chr2	219078284	219278284	harbor1	chr2	219166149	219166189	LINE/L2	760	+	20	219166169	87885
chr2	219078284	219278284	harbor1	chr2	219166834	219167056	LINE/L2	760	+	111	219166945	88661
chr2	219060209	219260209	harbor1	chr2	219090815	219091027	LINE/L2	458	+	106	219090921	30712
chr2	219060209	219260209	harbor1	chr2	219105454	219105571	LINE/L2	516	+	58	219105512	45303
chr2	219070304	219270304	harbor1	chr2	219090815	219091027	LINE/L2	458	+	106	219090921	20617
chr2	219070304	219270304	harbor1	chr2	219105454	219105571	LINE/L2	516	+	58	219105512	35208
chr2	219070304	219270304	harbor1	chr2	219165567	219165851	LINE/L2	760	+	142	219165709	95405
chr2	219070304	219270304	harbor1	chr2	219166149	219166189	LINE/L2	760	+	20	219166169	95865
chr2	219070304	219270304	harbor1	chr2	219166834	219167056	LINE/L2	760	+	111	219166945	96641
chr2	219078190	219278190	harbor1	chr2	219090815	219091027	LINE/L2	458	+	106	219090921	12731
chr2	219078190	219278190	harbor1	chr2	219105454	219105571	LINE/L2	516	+	58	219105512	27322
chr2	219078190	219278190	harbor1	chr2	219165567	219165851	LINE/L2	760	+	142	219165709	87519
chr2	219078190	219278190	harbor1	chr2	219166149	219166189	LINE/L2	760	+	20	219166169	87979
chr2	219078190	219278190	harbor1	chr2	219166834	219167056	LINE/L2	760	+	111	219166945	88755
chr2	219078189	219278189	harbor1	chr2	219090815	219091027	LINE/L2	458	+	106	219090921	12732
chr2	219078189	219278189	harbor1	chr2	219105454	219105571	LINE/L2	516	+	58	219105512	27323
chr2	219078189	219278189	harbor1	chr2	219165567	219165851	LINE/L2	760	+	142	219165709	87520
chr2	219078189	219278189	harbor1	chr2	219166149	219166189	LINE/L2	760	+	20	219166169	87980
chr2	219078189	219278189	harbor1	chr2	219166834	219167056	LINE/L2	760	+	111	219166945	88756
chr2	26403793	26603793	harbor1	chr2	26438922	26439505	LINE/L2	536	+	292	26439214	35421
chr2	26403793	26603793	harbor1	chr2	26470155	26470379	LINE/L2	467	+	112	26470267	66474
chr2	219077856	219277856	harbor1	chr2	219090815	219091027	LINE/L2	458	+	106	219090921	13065
chr2	219077856	219277856	harbor1	chr2	219105454	219105571	LINE/L2	516	+	58	219105512	27656
chr2	219077856	219277856	harbor1	chr2	219165567	219165851	LINE/L2	760	+	142	219165709	87853
chr2	219077856	219277856	harbor1	chr2	219166149	219166189	LINE/L2	760	+	20	219166169	88313
chr2	219077856	219277856	harbor1	chr2	219166834	219167056	LINE/L2	760	+	111	219166945	89089
chr2	219078292	219278292	harbor1	chr2	219090815	219091027	LINE/L2	458	+	106	219090921	12629
chr2	219078292	219278292	harbor1	chr2	219105454	219105571	LINE/L2	516	+	58	219105512	27220
chr2	219078292	219278292	harbor1	chr2	219165567	219165851	LINE/L2	760	+	142	219165709	87417
chr2	219078292	219278292	harbor1	chr2	219166149	219166189	LINE/L2	760	+	20	219166169	87877
chr2	219078292	219278292	harbor1	chr2	219166834	219167056	LINE/L2	760	+	111	219166945	88653
chr2	219068679	219268679	harbor1	chr2	219090815	219091027	LINE/L2	458	+	106	219090921	22242
chr2	219068679	219268679	harbor1	chr2	219105454	219105571	LINE/L2	516	+	58	219105512	36833
chr2	219068679	219268679	harbor1	chr2	219165567	219165851	LINE/L2	760	+	142	219165709	97030
chr2	219068679	219268679	harbor1	chr2	219166149	219166189	LINE/L2	760	+	20	219166169	97490
chr2	219068679	219268679	harbor1	chr2	219166834	219167056	LINE/L2	760	+	111	219166945	98266
chr2	171334240	171534240	harbor1	chr2	171427135	171427906	LINE/L2	1119	+	386	171427521	93281
chr2	69543779	69743779	harbor1	chr2	69566978	69567521	LINE/L2	582	+	272	69567250	23471
chr2	69543779	69743779	harbor1	chr2	69578712	69578804	LINE/L2	573	+	46	69578758	34979
chr2	69543779	69743779	harbor1	chr2	69579042	69579298	LINE/L2	573	+	128	69579170	35391
chr2	69543779	69743779	harbor1	chr2	69579597	69580192	LINE/L2	573	+	298	69579895	36116
chr2	69543779	69743779	harbor1	chr2	69620436	69620816	LINE/L2	500	+	190	69620626	76847
chr2	69543779	69743779	harbor1	chr2	69637113	69637457	LINE/L2	609	+	172	69637285	93506
chr2	43055566	43255566	harbor1	chr2	43066789	43066870	LINE/L2	459	+	40	43066829	11263
chr2	43055566	43255566	harbor1	chr2	43067176	43067373	LINE/L2	459	+	98	43067274	11708
chr2	43055566	43255566	harbor1	chr2	43104260	43104391	LINE/L2	472	+	66	43104326	48760
chr2	43055566	43255566	harbor1	chr2	43114632	43115513	LINE/L2	875	+	440	43115072	59506
chr2	43055566	43255566	harbor1	chr2	43137290	43137984	LINE/L2	1226	+	347	43137637	82071
chr2	43055566	43255566	harbor1	chr2	43153351	43153480	LINE/L2	463	+	64	43153415	97849
chr2	26403734	26603734	harbor1	chr2	26438922	26439505	LINE/L2	536	+	292	26439214	35480
chr2	26403734	26603734	harbor1	chr2	26470155	26470379	LINE/L2	467	+	112	26470267	66533
chr2	219077798	219277798	harbor1	chr2	219090815	219091027	LINE/L2	458	+	106	219090921	13123
chr2	219077798	219277798	harbor1	chr2	219105454	219105571	LINE/L2	516	+	58	219105512	27714
chr2	219077798	219277798	harbor1	chr2	219165567	219165851	LINE/L2	760	+	142	219165709	87911
chr2	219077798	219277798	harbor1	chr2	219166149	219166189	LINE/L2	760	+	20	219166169	88371
chr2	219077798	219277798	harbor1	chr2	219166834	219167056	LINE/L2	760	+	111	219166945	89147
chr2	219077795	219277795	harbor1	chr2	219090815	219091027	LINE/L2	458	+	106	219090921	13126
chr2	219077795	219277795	harbor1	chr2	219105454	219105571	LINE/L2	516	+	58	219105512	27717
chr2	219077795	219277795	harbor1	chr2	219165567	219165851	LINE/L2	760	+	142	219165709	87914
chr2	219077795	219277795	harbor1	chr2	219166149	219166189	LINE/L2	760	+	20	219166169	88374
chr2	219077795	219277795	harbor1	chr2	219166834	219167056	LINE/L2	760	+	111	219166945	89150
chr2	219075968	219275968	harbor1	chr2	219090815	219091027	LINE/L2	458	+	106	219090921	14953
chr2	219075968	219275968	harbor1	chr2	219105454	219105571	LINE/L2	516	+	58	219105512	29544
chr2	219075968	219275968	harbor1	chr2	219165567	219165851	LINE/L2	760	+	142	219165709	89741
chr2	219075968	219275968	harbor1	chr2	219166149	219166189	LINE/L2	760	+	20	219166169	90201
chr2	219075968	219275968	harbor1	chr2	219166834	219167056	LINE/L2	760	+	111	219166945	90977
chr2	3475856	3675856	harbor1	chr2	3520483	3521318	LINE/L2	1497	+	418	3520901	45045
chr2	3475856	3675856	harbor1	chr2	3521606	3522142	LINE/L2	1497	+	268	3521874	46018
chr2	241037595	241237595	harbor1	chr2	241133119	241133346	LINE/L2	451	+	114	241133233	95638
chr2	219077844	219277844	harbor1	chr2	219090815	219091027	LINE/L2	458	+	106	219090921	13077
chr2	219077844	219277844	harbor1	chr2	219105454	219105571	LINE/L2	516	+	58	219105512	27668
chr2	219077844	219277844	harbor1	chr2	219165567	219165851	LINE/L2	760	+	142	219165709	87865
chr2	219077844	219277844	harbor1	chr2	219166149	219166189	LINE/L2	760	+	20	219166169	88325
chr2	219077844	219277844	harbor1	chr2	219166834	219167056	LINE/L2	760	+	111	219166945	89101
chr2	85502408	85702408	harbor1	chr2	85504654	85504887	LINE/L2	447	+	116	85504770	2362
chr2	113484117	113684117	harbor1	chr2	113519454	113519830	LINE/L2	1007	+	188	113519642	35525
chr2	219077870	219277870	harbor1	chr2	219090815	219091027	LINE/L2	458	+	106	219090921	13051
chr2	219077870	219277870	harbor1	chr2	219105454	219105571	LINE/L2	516	+	58	219105512	27642
chr2	219077870	219277870	harbor1	chr2	219165567	219165851	LINE/L2	760	+	142	219165709	87839
chr2	219077870	219277870	harbor1	chr2	219166149	219166189	LINE/L2	760	+	20	219166169	88299
chr2	219077870	219277870	harbor1	chr2	219166834	219167056	LINE/L2	760	+	111	219166945	89075
chr2	219077895	219277895	harbor1	chr2	219090815	219091027	LINE/L2	458	+	106	219090921	13026
chr2	219077895	219277895	harbor1	chr2	219105454	219105571	LINE/L2	516	+	58	219105512	27617
chr2	219077895	219277895	harbor1	chr2	219165567	219165851	LINE/L2	760	+	142	219165709	87814
chr2	219077895	219277895	harbor1	chr2	219166149	219166189	LINE/L2	760	+	20	219166169	88274
chr2	219077895	219277895	harbor1	chr2	219166834	219167056	LINE/L2	760	+	111	219166945	89050
chr2	219077979	219277979	harbor1	chr2	219090815	219091027	LINE/L2	458	+	106	219090921	12942
chr2	219077979	219277979	harbor1	chr2	219105454	219105571	LINE/L2	516	+	58	219105512	27533
chr2	219077979	219277979	harbor1	chr2	219165567	219165851	LINE/L2	760	+	142	219165709	87730
chr2	219077979	219277979	harbor1	chr2	219166149	219166189	LINE/L2	760	+	20	219166169	88190
chr2	219077979	219277979	harbor1	chr2	219166834	219167056	LINE/L2	760	+	111	219166945	88966
chr2	70771787	70971787	harbor1	chr2	70802195	70802323	LINE/L2	673	+	64	70802259	30472
chr2	219078278	219278278	harbor1	chr2	219090815	219091027	LINE/L2	458	+	106	219090921	12643
chr2	219078278	219278278	harbor1	chr2	219105454	219105571	LINE/L2	516	+	58	219105512	27234
chr2	219078278	219278278	harbor1	chr2	219165567	219165851	LINE/L2	760	+	142	219165709	87431
chr2	219078278	219278278	harbor1	chr2	219166149	219166189	LINE/L2	760	+	20	219166169	87891
chr2	219078278	219278278	harbor1	chr2	219166834	219167056	LINE/L2	760	+	111	219166945	88667
chr2	113484023	113684023	harbor1	chr2	113519454	113519830	LINE/L2	1007	+	188	113519642	35619
chr2	74415966	74615966	harbor1	chr2	74438177	74438994	LINE/L2	862	+	408	74438585	22619
chr2	74415966	74615966	harbor1	chr2	74508917	74509033	LINE/L2	605	+	58	74508975	93009
chr2	74415966	74615966	harbor1	chr2	74509220	74509332	LINE/L2	605	+	56	74509276	93310
chr2	217853705	218053705	harbor1	chr2	217867619	217868121	LINE/L2	1501	+	251	217867870	14165
chr2	217853705	218053705	harbor1	chr2	217889467	217889798	LINE/L2	511	+	166	217889633	35928
chr2	217853705	218053705	harbor1	chr2	217890157	217890446	LINE/L2	623	+	144	217890301	36596
chr2	217853705	218053705	harbor1	chr2	217891597	217892097	LINE/L2	556	+	250	217891847	38142
chr2	217853705	218053705	harbor1	chr2	217892402	217892423	LINE/L2	556	+	10	217892412	38707
chr2	217853705	218053705	harbor1	chr2	217924035	217924550	LINE/L2	802	+	258	217924293	70588
chr2	217853705	218053705	harbor1	chr2	217929665	217930122	LINE/L2	462	+	228	217929893	76188
chr2	113484043	113684043	harbor1	chr2	113519454	113519830	LINE/L2	1007	+	188	113519642	35599
chr2	72783861	72983861	harbor1	chr2	72817665	72817984	LINE/L2	963	+	160	72817825	33964
chr2	72783861	72983861	harbor1	chr2	72818595	72819129	LINE/L2	963	+	267	72818862	35001
chr2	72783861	72983861	harbor1	chr2	72842886	72843088	LINE/L2	621	+	101	72842987	59126
chr2	72783861	72983861	harbor1	chr2	72855600	72856220	LINE/L2	473	+	310	72855910	72049
chr2	72783861	72983861	harbor1	chr2	72880419	72880678	LINE/L2	793	+	130	72880549	96688
chr2	72783861	72983861	harbor1	chr2	72880889	72881088	LINE/L2	1965	+	100	72880989	97128
chr2	72783861	72983861	harbor1	chr2	72881385	72882122	LINE/L2	1965	+	368	72881753	97892
chr2	72783861	72983861	harbor1	chr2	72883123	72883335	LINE/L2	1321	+	106	72883229	99368
chr2	158867991	159067991	harbor1	chr2	158893529	158893885	LINE/L2	499	+	178	158893707	25716
chr2	43055564	43255564	harbor1	chr2	43066789	43066870	LINE/L2	459	+	40	43066829	11265
chr2	43055564	43255564	harbor1	chr2	43067176	43067373	LINE/L2	459	+	98	43067274	11710
chr2	43055564	43255564	harbor1	chr2	43104260	43104391	LINE/L2	472	+	66	43104326	48762
chr2	43055564	43255564	harbor1	chr2	43114632	43115513	LINE/L2	875	+	440	43115072	59508
chr2	43055564	43255564	harbor1	chr2	43137290	43137984	LINE/L2	1226	+	347	43137637	82073
chr2	43055564	43255564	harbor1	chr2	43153351	43153480	LINE/L2	463	+	64	43153415	97851
chr2	43054703	43254703	harbor1	chr2	43066789	43066870	LINE/L2	459	+	40	43066829	12126
chr2	43054703	43254703	harbor1	chr2	43067176	43067373	LINE/L2	459	+	98	43067274	12571
chr2	43054703	43254703	harbor1	chr2	43104260	43104391	LINE/L2	472	+	66	43104326	49623
chr2	43054703	43254703	harbor1	chr2	43114632	43115513	LINE/L2	875	+	440	43115072	60369
chr2	43054703	43254703	harbor1	chr2	43137290	43137984	LINE/L2	1226	+	347	43137637	82934
chr2	43054703	43254703	harbor1	chr2	43153351	43153480	LINE/L2	463	+	64	43153415	98712
chr2	69543869	69743869	harbor1	chr2	69566978	69567521	LINE/L2	582	+	272	69567250	23381
chr2	69543869	69743869	harbor1	chr2	69578712	69578804	LINE/L2	573	+	46	69578758	34889
chr2	69543869	69743869	harbor1	chr2	69579042	69579298	LINE/L2	573	+	128	69579170	35301
chr2	69543869	69743869	harbor1	chr2	69579597	69580192	LINE/L2	573	+	298	69579895	36026
chr2	69543869	69743869	harbor1	chr2	69620436	69620816	LINE/L2	500	+	190	69620626	76757
chr2	69543869	69743869	harbor1	chr2	69637113	69637457	LINE/L2	609	+	172	69637285	93416
chr2	219068714	219268714	harbor1	chr2	219090815	219091027	LINE/L2	458	+	106	219090921	22207
chr2	219068714	219268714	harbor1	chr2	219105454	219105571	LINE/L2	516	+	58	219105512	36798
chr2	219068714	219268714	harbor1	chr2	219165567	219165851	LINE/L2	760	+	142	219165709	96995
chr2	219068714	219268714	harbor1	chr2	219166149	219166189	LINE/L2	760	+	20	219166169	97455
chr2	219068714	219268714	harbor1	chr2	219166834	219167056	LINE/L2	760	+	111	219166945	98231
chr2	86463906	86663906	harbor1	chr2	86523121	86523575	LINE/L2	475	+	227	86523348	59442
chr2	46198450	46398450	harbor1	chr2	46202995	46203576	LINE/L2	1204	+	290	46203285	4835
chr2	46198450	46398450	harbor1	chr2	46203881	46204109	LINE/L2	1204	+	114	46203995	5545
chr2	46198450	46398450	harbor1	chr2	46223775	46223909	LINE/L2	461	+	67	46223842	25392
chr2	46198450	46398450	harbor1	chr2	46254757	46254887	LINE/L2	1652	+	65	46254822	56372
chr2	46198450	46398450	harbor1	chr2	46255198	46255525	LINE/L2	1652	+	164	46255362	56912
chr2	46198450	46398450	harbor1	chr2	46255560	46256080	LINE/L2	1652	+	260	46255820	57370
chr2	46198450	46398450	harbor1	chr2	46256335	46256785	LINE/L2	641	+	225	46256560	58110
chr2	46198450	46398450	harbor1	chr2	46289106	46289461	LINE/L2	532	+	178	46289284	90834
chr2	190910082	191110082	harbor1	chr2	190967703	190967824	LINE/L2	473	+	60	190967763	57681
chr2	190910082	191110082	harbor1	chr2	190997043	190997480	LINE/L2	657	+	218	190997261	87179
chr2	190910082	191110082	harbor1	chr2	191006923	191007229	LINE/L2	464	+	153	191007076	96994
chr2	237867377	238067377	harbor1	chr2	237933825	237934652	LINE/L2	1335	+	414	237934239	66862
chr2	237867377	238067377	harbor1	chr2	237934940	237934956	LINE/L2	553	+	8	237934948	67571
chr2	43031592	43231592	harbor1	chr2	43066789	43066870	LINE/L2	459	+	40	43066829	35237
chr2	43031592	43231592	harbor1	chr2	43067176	43067373	LINE/L2	459	+	98	43067274	35682
chr2	43031592	43231592	harbor1	chr2	43104260	43104391	LINE/L2	472	+	66	43104326	72734
chr2	43031592	43231592	harbor1	chr2	43114632	43115513	LINE/L2	875	+	440	43115072	83480
chr2	219077841	219277841	harbor1	chr2	219090815	219091027	LINE/L2	458	+	106	219090921	13080
chr2	219077841	219277841	harbor1	chr2	219105454	219105571	LINE/L2	516	+	58	219105512	27671
chr2	219077841	219277841	harbor1	chr2	219165567	219165851	LINE/L2	760	+	142	219165709	87868
chr2	219077841	219277841	harbor1	chr2	219166149	219166189	LINE/L2	760	+	20	219166169	88328
chr2	219077841	219277841	harbor1	chr2	219166834	219167056	LINE/L2	760	+	111	219166945	89104
chr2	42069545	42269545	harbor1	chr2	42097528	42097943	LINE/L2	551	+	208	42097736	28191
chr2	42069545	42269545	harbor1	chr2	42109259	42109369	LINE/L2	8657	+	55	42109314	39769
chr2	42069545	42269545	harbor1	chr2	42109634	42110134	LINE/L2	8657	+	250	42109884	40339
chr2	42069545	42269545	harbor1	chr2	42128322	42128656	LINE/L2	534	+	167	42128489	58944
chr2	42069545	42269545	harbor1	chr2	42106477	42108952	LINE/L2	8657	+	1238	42107715	38170
chr2	127928490	128128490	harbor1	chr2	127951340	127952099	LINE/L2	1423	+	380	127951720	23230
chr2	127928490	128128490	harbor1	chr2	127952871	127954018	LINE/L2	2405	+	574	127953445	24955
chr2	127928490	128128490	harbor1	chr2	127973036	127973234	LINE/L2	1953	+	99	127973135	44645
chr2	127928490	128128490	harbor1	chr2	127973539	127973792	LINE/L2	1953	+	126	127973665	45175
chr2	127928490	128128490	harbor1	chr2	127974073	127974380	LINE/L2	1953	+	154	127974227	45737
chr2	127928490	128128490	harbor1	chr2	128008984	128009189	LINE/L2	715	+	102	128009086	80596
chr2	127928490	128128490	harbor1	chr2	128009478	128010202	LINE/L2	1040	+	362	128009840	81350
chr2	87424870	87624870	harbor1	chr2	87444459	87445163	LINE/L2	1088	+	352	87444811	19941
chr2	87424870	87624870	harbor1	chr2	87445472	87446012	LINE/L2	1088	+	270	87445742	20872
chr2	87424870	87624870	harbor1	chr2	87450320	87450947	LINE/L2	1585	+	314	87450634	25764
chr2	69381601	69581601	harbor1	chr2	69451597	69451789	LINE/L2	526	+	96	69451693	70092
chr2	219077944	219277944	harbor1	chr2	219090815	219091027	LINE/L2	458	+	106	219090921	12977
chr2	219077944	219277944	harbor1	chr2	219105454	219105571	LINE/L2	516	+	58	219105512	27568
chr2	219077944	219277944	harbor1	chr2	219165567	219165851	LINE/L2	760	+	142	219165709	87765
chr2	219077944	219277944	harbor1	chr2	219166149	219166189	LINE/L2	760	+	20	219166169	88225
chr2	219077944	219277944	harbor1	chr2	219166834	219167056	LINE/L2	760	+	111	219166945	89001
chr2	190914213	191114213	harbor1	chr2	190967703	190967824	LINE/L2	473	+	60	190967763	53550
chr2	190914213	191114213	harbor1	chr2	190997043	190997480	LINE/L2	657	+	218	190997261	83048
chr2	190914213	191114213	harbor1	chr2	191006923	191007229	LINE/L2	464	+	153	191007076	92863
chr2	190914213	191114213	harbor1	chr2	191010218	191010490	LINE/L2	767	+	136	191010354	96141
chr2	110569500	110769500	harbor1	chr2	110659083	110659384	LINE/L2	554	+	150	110659233	89733
chr2	113484094	113684094	harbor1	chr2	113519454	113519830	LINE/L2	1007	+	188	113519642	35548
chr2	63488511	63688511	harbor1	chr2	63526529	63526896	LINE/L2	615	+	184	63526713	38202
chr2	63488511	63688511	harbor1	chr2	63550333	63550657	LINE/L2	587	+	162	63550495	61984
chr2	63488511	63688511	harbor1	chr2	63567467	63567884	LINE/L2	689	+	208	63567675	79164
chr2	63488511	63688511	harbor1	chr2	63537108	63537936	LINE/L2	614	+	414	63537522	49011
chr2	37132026	37332026	harbor1	chr2	37152250	37152281	LINE/L2	540	+	16	37152266	20240
chr2	37132026	37332026	harbor1	chr2	37152581	37153117	LINE/L2	540	+	268	37152849	20823
chr2	37132026	37332026	harbor1	chr2	37161331	37161806	LINE/L2	1222	+	238	37161569	29543
chr2	37132026	37332026	harbor1	chr2	37173222	37174227	LINE/L2	2479	+	502	37173724	41698
chr2	37132026	37332026	harbor1	chr2	37174493	37174779	LINE/L2	778	+	143	37174636	42610
chr2	37132026	37332026	harbor1	chr2	37230511	37231021	LINE/L2	923	+	255	37230766	98740
chr2	74413594	74613594	harbor1	chr2	74438177	74438994	LINE/L2	862	+	408	74438585	24991
chr2	74413594	74613594	harbor1	chr2	74508917	74509033	LINE/L2	605	+	58	74508975	95381
chr2	74413594	74613594	harbor1	chr2	74509220	74509332	LINE/L2	605	+	56	74509276	95682
chr2	120748279	120948279	harbor1	chr2	120796169	120796539	LINE/L2	594	+	185	120796354	48075
chr2	56085054	56285054	harbor1	chr2	56103290	56104220	LINE/L2	961	+	465	56103755	18701
chr2	56085054	56285054	harbor1	chr2	56111900	56112287	LINE/L2	973	+	194	56112094	27040
chr2	219343396	219543396	harbor1	chr2	219351248	219351692	LINE/L2	531	+	222	219351470	8074
chr2	219343396	219543396	harbor1	chr2	219360358	219360778	LINE/L2	702	+	210	219360568	17172
chr2	219343396	219543396	harbor1	chr2	219392812	219393056	LINE/L2	1777	+	122	219392934	49538
chr2	219343396	219543396	harbor1	chr2	219393579	219394007	LINE/L2	1777	+	214	219393793	50397
chr2	219343396	219543396	harbor1	chr2	219394576	219394870	LINE/L2	1431	+	147	219394723	51327
chr2	219343396	219543396	harbor1	chr2	219395603	219395711	LINE/L2	1431	+	54	219395657	52261
chr2	219343396	219543396	harbor1	chr2	219400203	219400438	LINE/L2	574	+	118	219400321	56925
chr2	219343396	219543396	harbor1	chr2	219430367	219430494	LINE/L2	483	+	64	219430431	87035
chr2	219343396	219543396	harbor1	chr2	219431153	219431548	LINE/L2	994	+	198	219431351	87955
chr2	219343396	219543396	harbor1	chr2	219431919	219432065	LINE/L2	994	+	73	219431992	88596
chr2	40242754	40442754	harbor1	chr2	40270942	40271703	LINE/L2	1042	+	380	40271322	28568
chr2	74415971	74615971	harbor1	chr2	74438177	74438994	LINE/L2	862	+	408	74438585	22614
chr2	74415971	74615971	harbor1	chr2	74508917	74509033	LINE/L2	605	+	58	74508975	93004
chr2	74415971	74615971	harbor1	chr2	74509220	74509332	LINE/L2	605	+	56	74509276	93305
chr2	218165589	218365589	harbor1	chr2	218182981	218183292	LINE/L2	743	+	156	218183137	17548
chr2	218165589	218365589	harbor1	chr2	218185217	218185264	LINE/L2	579	+	24	218185241	19652
chr2	218165589	218365589	harbor1	chr2	218185725	218186195	LINE/L2	579	+	235	218185960	20371
chr2	218378783	218578783	harbor1	chr2	218470177	218470738	LINE/L2	682	+	280	218470457	91674
chr2	218378783	218578783	harbor1	chr2	218471426	218471713	LINE/L2	589	+	144	218471570	92787
chr2	218378783	218578783	harbor1	chr2	218473028	218473206	LINE/L2	448	+	89	218473117	94334
chr2	56085032	56285032	harbor1	chr2	56103290	56104220	LINE/L2	961	+	465	56103755	18723
chr2	56085032	56285032	harbor1	chr2	56111900	56112287	LINE/L2	973	+	194	56112094	27062
chr2	56085009	56285009	harbor1	chr2	56103290	56104220	LINE/L2	961	+	465	56103755	18746
chr2	56085009	56285009	harbor1	chr2	56111900	56112287	LINE/L2	973	+	194	56112094	27085
chr2	70771209	70971209	harbor1	chr2	70802195	70802323	LINE/L2	673	+	64	70802259	31050
chr2	85502856	85702856	harbor1	chr2	85504654	85504887	LINE/L2	447	+	116	85504770	1914
chr2	26144160	26344160	harbor1	chr2	26148437	26148746	LINE/L2	976	+	154	26148591	4431
chr2	74270990	74470990	harbor1	chr2	74279357	74280067	LINE/L2	753	+	355	74279712	8722
chr2	74270990	74470990	harbor1	chr2	74280181	74280509	LINE/L2	607	+	164	74280345	9355
chr2	74270990	74470990	harbor1	chr2	74334320	74334680	LINE/L2	960	+	180	74334500	63510
chr2	74270990	74470990	harbor1	chr2	74358503	74358706	LINE/L2	470	+	102	74358605	87615
chr2	74270990	74470990	harbor1	chr2	74368370	74368706	LINE/L2	526	+	168	74368538	97548
chr2	74415648	74615648	harbor1	chr2	74438177	74438994	LINE/L2	862	+	408	74438585	22937
chr2	74415648	74615648	harbor1	chr2	74508917	74509033	LINE/L2	605	+	58	74508975	93327
chr2	74415648	74615648	harbor1	chr2	74509220	74509332	LINE/L2	605	+	56	74509276	93628
chr2	46198509	46398509	harbor1	chr2	46202995	46203576	LINE/L2	1204	+	290	46203285	4776
chr2	46198509	46398509	harbor1	chr2	46203881	46204109	LINE/L2	1204	+	114	46203995	5486
chr2	46198509	46398509	harbor1	chr2	46223775	46223909	LINE/L2	461	+	67	46223842	25333
chr2	46198509	46398509	harbor1	chr2	46254757	46254887	LINE/L2	1652	+	65	46254822	56313
chr2	46198509	46398509	harbor1	chr2	46255198	46255525	LINE/L2	1652	+	164	46255362	56853
chr2	46198509	46398509	harbor1	chr2	46255560	46256080	LINE/L2	1652	+	260	46255820	57311
chr2	46198509	46398509	harbor1	chr2	46256335	46256785	LINE/L2	641	+	225	46256560	58051
chr2	46198509	46398509	harbor1	chr2	46289106	46289461	LINE/L2	532	+	178	46289284	90775
chr2	219077888	219277888	harbor1	chr2	219090815	219091027	LINE/L2	458	+	106	219090921	13033
chr2	219077888	219277888	harbor1	chr2	219105454	219105571	LINE/L2	516	+	58	219105512	27624
chr2	219077888	219277888	harbor1	chr2	219165567	219165851	LINE/L2	760	+	142	219165709	87821
chr2	219077888	219277888	harbor1	chr2	219166149	219166189	LINE/L2	760	+	20	219166169	88281
chr2	219077888	219277888	harbor1	chr2	219166834	219167056	LINE/L2	760	+	111	219166945	89057
chr2	219078289	219278289	harbor1	chr2	219090815	219091027	LINE/L2	458	+	106	219090921	12632
chr2	219078289	219278289	harbor1	chr2	219105454	219105571	LINE/L2	516	+	58	219105512	27223
chr2	219078289	219278289	harbor1	chr2	219165567	219165851	LINE/L2	760	+	142	219165709	87420
chr2	219078289	219278289	harbor1	chr2	219166149	219166189	LINE/L2	760	+	20	219166169	87880
chr2	219078289	219278289	harbor1	chr2	219166834	219167056	LINE/L2	760	+	111	219166945	88656
chr2	219077799	219277799	harbor1	chr2	219090815	219091027	LINE/L2	458	+	106	219090921	13122
chr2	219077799	219277799	harbor1	chr2	219105454	219105571	LINE/L2	516	+	58	219105512	27713
chr2	219077799	219277799	harbor1	chr2	219165567	219165851	LINE/L2	760	+	142	219165709	87910
chr2	219077799	219277799	harbor1	chr2	219166149	219166189	LINE/L2	760	+	20	219166169	88370
chr2	219077799	219277799	harbor1	chr2	219166834	219167056	LINE/L2	760	+	111	219166945	89146
chr2	53760159	53960159	harbor1	chr2	53784881	53785358	LINE/L2	649	+	238	53785119	24960
chr2	53760159	53960159	harbor1	chr2	53845096	53845246	LINE/L2	496	+	75	53845171	85012
chr2	53760159	53960159	harbor1	chr2	53845543	53845789	LINE/L2	496	+	123	53845666	85507
chr2	70771799	70971799	harbor1	chr2	70802195	70802323	LINE/L2	673	+	64	70802259	30460
chr2	219130337	219330337	harbor1	chr2	219165567	219165851	LINE/L2	760	+	142	219165709	35372
chr2	219130337	219330337	harbor1	chr2	219166149	219166189	LINE/L2	760	+	20	219166169	35832
chr2	219130337	219330337	harbor1	chr2	219166834	219167056	LINE/L2	760	+	111	219166945	36608
chr2	72787395	72987395	harbor1	chr2	72817665	72817984	LINE/L2	963	+	160	72817825	30430
chr2	72787395	72987395	harbor1	chr2	72818595	72819129	LINE/L2	963	+	267	72818862	31467
chr2	72787395	72987395	harbor1	chr2	72842886	72843088	LINE/L2	621	+	101	72842987	55592
chr2	72787395	72987395	harbor1	chr2	72855600	72856220	LINE/L2	473	+	310	72855910	68515
chr2	72787395	72987395	harbor1	chr2	72880419	72880678	LINE/L2	793	+	130	72880549	93154
chr2	72787395	72987395	harbor1	chr2	72880889	72881088	LINE/L2	1965	+	100	72880989	93594
chr2	72787395	72987395	harbor1	chr2	72881385	72882122	LINE/L2	1965	+	368	72881753	94358
chr2	72787395	72987395	harbor1	chr2	72883123	72883335	LINE/L2	1321	+	106	72883229	95834
chr2	240345243	240545243	harbor1	chr2	240379056	240379486	LINE/L2	619	+	215	240379271	34028
chr2	61788838	61988838	harbor1	chr2	61809181	61809516	LINE/L2	991	+	168	61809349	20511
chr2	61788838	61988838	harbor1	chr2	61810981	61811199	LINE/L2	885	+	109	61811090	22252
chr2	61788838	61988838	harbor1	chr2	61811806	61812309	LINE/L2	885	+	252	61812058	23220
chr2	61788838	61988838	harbor1	chr2	61847193	61847489	LINE/L2	1534	+	148	61847341	58503
chr2	61788838	61988838	harbor1	chr2	61847797	61847897	LINE/L2	1534	+	50	61847847	59009
chr2	219068715	219268715	harbor1	chr2	219090815	219091027	LINE/L2	458	+	106	219090921	22206
chr2	219068715	219268715	harbor1	chr2	219105454	219105571	LINE/L2	516	+	58	219105512	36797
chr2	219068715	219268715	harbor1	chr2	219165567	219165851	LINE/L2	760	+	142	219165709	96994
chr2	219068715	219268715	harbor1	chr2	219166149	219166189	LINE/L2	760	+	20	219166169	97454
chr2	219068715	219268715	harbor1	chr2	219166834	219167056	LINE/L2	760	+	111	219166945	98230
chr2	111924427	112124427	harbor1	chr2	111948054	111949365	LINE/L2	1003	+	656	111948710	24283
chr2	111924427	112124427	harbor1	chr2	111957358	111957733	LINE/L2	948	+	188	111957546	33119
chr2	26403814	26603814	harbor1	chr2	26438922	26439505	LINE/L2	536	+	292	26439214	35400
chr2	26403814	26603814	harbor1	chr2	26470155	26470379	LINE/L2	467	+	112	26470267	66453
chr2	219075962	219275962	harbor1	chr2	219090815	219091027	LINE/L2	458	+	106	219090921	14959
chr2	219075962	219275962	harbor1	chr2	219105454	219105571	LINE/L2	516	+	58	219105512	29550
chr2	219075962	219275962	harbor1	chr2	219165567	219165851	LINE/L2	760	+	142	219165709	89747
chr2	219075962	219275962	harbor1	chr2	219166149	219166189	LINE/L2	760	+	20	219166169	90207
chr2	219075962	219275962	harbor1	chr2	219166834	219167056	LINE/L2	760	+	111	219166945	90983
chr2	217613937	217813937	harbor1	chr2	217690218	217690743	LINE/L2	729	+	262	217690480	76543
chr2	43987388	44187388	harbor1	chr2	44010801	44011029	LINE/L2	476	+	114	44010915	23527
chr2	43987388	44187388	harbor1	chr2	44011711	44012016	LINE/L2	934	+	152	44011863	24475
chr2	43987388	44187388	harbor1	chr2	44012324	44012578	LINE/L2	934	+	127	44012451	25063
chr2	43987388	44187388	harbor1	chr2	44012881	44013093	LINE/L2	934	+	106	44012987	25599
chr2	127928563	128128563	harbor1	chr2	127951340	127952099	LINE/L2	1423	+	380	127951720	23157
chr2	127928563	128128563	harbor1	chr2	127952871	127954018	LINE/L2	2405	+	574	127953445	24882
chr2	127928563	128128563	harbor1	chr2	127973036	127973234	LINE/L2	1953	+	99	127973135	44572
chr2	127928563	128128563	harbor1	chr2	127973539	127973792	LINE/L2	1953	+	126	127973665	45102
chr2	127928563	128128563	harbor1	chr2	127974073	127974380	LINE/L2	1953	+	154	127974227	45664
chr2	127928563	128128563	harbor1	chr2	128008984	128009189	LINE/L2	715	+	102	128009086	80523
chr2	127928563	128128563	harbor1	chr2	128009478	128010202	LINE/L2	1040	+	362	128009840	81277
chr2	111955758	112155758	harbor1	chr2	111957358	111957733	LINE/L2	948	+	188	111957546	1788
chr2	43055480	43255480	harbor1	chr2	43066789	43066870	LINE/L2	459	+	40	43066829	11349
chr2	43055480	43255480	harbor1	chr2	43067176	43067373	LINE/L2	459	+	98	43067274	11794
chr2	43055480	43255480	harbor1	chr2	43104260	43104391	LINE/L2	472	+	66	43104326	48846
chr2	43055480	43255480	harbor1	chr2	43114632	43115513	LINE/L2	875	+	440	43115072	59592
chr2	43055480	43255480	harbor1	chr2	43137290	43137984	LINE/L2	1226	+	347	43137637	82157
chr2	43055480	43255480	harbor1	chr2	43153351	43153480	LINE/L2	463	+	64	43153415	97935
chr2	32257033	32457033	harbor1	chr2	32337294	32337627	LINE/L2	569	+	166	32337460	80427
chr2	113484139	113684139	harbor1	chr2	113519454	113519830	LINE/L2	1007	+	188	113519642	35503
chr2	218179133	218379133	harbor1	chr2	218182981	218183292	LINE/L2	743	+	156	218183137	4004
chr2	218179133	218379133	harbor1	chr2	218185217	218185264	LINE/L2	579	+	24	218185241	6108
chr2	218179133	218379133	harbor1	chr2	218185725	218186195	LINE/L2	579	+	235	218185960	6827
chr2	113484029	113684029	harbor1	chr2	113519454	113519830	LINE/L2	1007	+	188	113519642	35613
chr2	219076192	219276192	harbor1	chr2	219090815	219091027	LINE/L2	458	+	106	219090921	14729
chr2	219076192	219276192	harbor1	chr2	219105454	219105571	LINE/L2	516	+	58	219105512	29320
chr2	219076192	219276192	harbor1	chr2	219165567	219165851	LINE/L2	760	+	142	219165709	89517
chr2	219076192	219276192	harbor1	chr2	219166149	219166189	LINE/L2	760	+	20	219166169	89977
chr2	219076192	219276192	harbor1	chr2	219166834	219167056	LINE/L2	760	+	111	219166945	90753
chr2	219384924	219584924	harbor1	chr2	219392812	219393056	LINE/L2	1777	+	122	219392934	8010
chr2	219384924	219584924	harbor1	chr2	219393579	219394007	LINE/L2	1777	+	214	219393793	8869
chr2	219384924	219584924	harbor1	chr2	219394576	219394870	LINE/L2	1431	+	147	219394723	9799
chr2	219384924	219584924	harbor1	chr2	219395603	219395711	LINE/L2	1431	+	54	219395657	10733
chr2	219384924	219584924	harbor1	chr2	219400203	219400438	LINE/L2	574	+	118	219400321	15397
chr2	219384924	219584924	harbor1	chr2	219430367	219430494	LINE/L2	483	+	64	219430431	45507
chr2	219384924	219584924	harbor1	chr2	219431153	219431548	LINE/L2	994	+	198	219431351	46427
chr2	219384924	219584924	harbor1	chr2	219431919	219432065	LINE/L2	994	+	73	219431992	47068
chr2	42000972	42200972	harbor1	chr2	42003398	42003803	LINE/L2	1102	+	202	42003600	2628
chr2	42000972	42200972	harbor1	chr2	42022096	42022444	LINE/L2	684	+	174	42022270	21298
chr2	42000972	42200972	harbor1	chr2	42097528	42097943	LINE/L2	551	+	208	42097736	96764
chr2	42069414	42269414	harbor1	chr2	42097528	42097943	LINE/L2	551	+	208	42097736	28322
chr2	42069414	42269414	harbor1	chr2	42109259	42109369	LINE/L2	8657	+	55	42109314	39900
chr2	42069414	42269414	harbor1	chr2	42109634	42110134	LINE/L2	8657	+	250	42109884	40470
chr2	42069414	42269414	harbor1	chr2	42128322	42128656	LINE/L2	534	+	167	42128489	59075
chr2	42069414	42269414	harbor1	chr2	42106477	42108952	LINE/L2	8657	+	1238	42107715	38301
chr2	219078192	219278192	harbor1	chr2	219090815	219091027	LINE/L2	458	+	106	219090921	12729
chr2	219078192	219278192	harbor1	chr2	219105454	219105571	LINE/L2	516	+	58	219105512	27320
chr2	219078192	219278192	harbor1	chr2	219165567	219165851	LINE/L2	760	+	142	219165709	87517
chr2	219078192	219278192	harbor1	chr2	219166149	219166189	LINE/L2	760	+	20	219166169	87977
chr2	219078192	219278192	harbor1	chr2	219166834	219167056	LINE/L2	760	+	111	219166945	88753
chr2	134566253	134766253	harbor1	chr2	134583801	134584064	LINE/L2	526	+	132	134583933	17680
chr2	134566253	134766253	harbor1	chr2	134600012	134600136	LINE/L2	466	+	62	134600074	33821
chr2	158868018	159068018	harbor1	chr2	158893529	158893885	LINE/L2	499	+	178	158893707	25689
chr2	113484027	113684027	harbor1	chr2	113519454	113519830	LINE/L2	1007	+	188	113519642	35615
chr2	218223831	218423831	harbor1	chr2	218298941	218299103	LINE/L2	1225	+	81	218299022	75191
chr2	218223831	218423831	harbor1	chr2	218300057	218300423	LINE/L2	1225	+	183	218300240	76409
chr2	96108492	96308492	harbor1	chr2	96121356	96121944	LINE/L2	479	+	294	96121650	13158
chr2	111955737	112155737	harbor1	chr2	111957358	111957733	LINE/L2	948	+	188	111957546	1809
chr3	107991301	108191301	harbor1	chr3	107993890	107994421	LINE/L2	1548	+	266	107994156	2855
chr3	107991301	108191301	harbor1	chr3	108072999	108073178	LINE/L2	758	+	90	108073089	81788
chr3	107991301	108191301	harbor1	chr3	108083758	108085205	LINE/L2	612	+	724	108084482	93181
chr3	107991372	108191372	harbor1	chr3	107993890	107994421	LINE/L2	1548	+	266	107994156	2784
chr3	107991372	108191372	harbor1	chr3	108072999	108073178	LINE/L2	758	+	90	108073089	81717
chr3	107991372	108191372	harbor1	chr3	108083758	108085205	LINE/L2	612	+	724	108084482	93110
chr3	107991276	108191276	harbor1	chr3	107993890	107994421	LINE/L2	1548	+	266	107994156	2880
chr3	107991276	108191276	harbor1	chr3	108072999	108073178	LINE/L2	758	+	90	108073089	81813
chr3	107991276	108191276	harbor1	chr3	108083758	108085205	LINE/L2	612	+	724	108084482	93206
chr3	46799606	46999606	harbor1	chr3	46831238	46831439	LINE/L2	414	+	100	46831338	31732
chr3	46799606	46999606	harbor1	chr3	46843920	46844085	LINE/L2	511	+	82	46844002	44396
chr3	46799606	46999606	harbor1	chr3	46844142	46844285	LINE/L2	511	+	72	46844214	44608
chr3	46799606	46999606	harbor1	chr3	46854479	46854651	LINE/L2	558	+	86	46854565	54959
chr3	46799606	46999606	harbor1	chr3	46856317	46856538	LINE/L2	472	+	110	46856427	56821
chr3	53988061	54188061	harbor1	chr3	54001977	54002081	LINE/L2	423	+	52	54002029	13968
chr3	53988061	54188061	harbor1	chr3	54030683	54031264	LINE/L2	728	+	290	54030973	42912
chr3	53988061	54188061	harbor1	chr3	54085931	54086178	LINE/L2	411	+	124	54086055	97994
chr3	178972064	179172064	harbor1	chr3	179034268	179035753	LINE/L2	1432	+	742	179035010	62946
chr3	32470680	32670680	harbor1	chr3	32531059	32531373	LINE/L2	698	+	157	32531216	60536
chr3	32470680	32670680	harbor1	chr3	32552106	32552340	LINE/L2	448	+	117	32552223	81543
chr3	32470680	32670680	harbor1	chr3	32552462	32552668	LINE/L2	448	+	103	32552565	81885
chr3	32470680	32670680	harbor1	chr3	32555960	32556361	LINE/L2	526	+	200	32556160	85480
chr3	51939471	52139471	harbor1	chr3	52026119	52026551	LINE/L2	445	+	216	52026335	86864
chr3	51939531	52139531	harbor1	chr3	52026119	52026551	LINE/L2	445	+	216	52026335	86804
chr3	11190614	11390614	harbor1	chr3	11197238	11197404	LINE/L2	387	+	83	11197321	6707
chr3	11190614	11390614	harbor1	chr3	11199367	11199714	LINE/L2	633	+	174	11199541	8927
chr3	11190614	11390614	harbor1	chr3	11200462	11200691	LINE/L2	389	+	114	11200576	9962
chr3	11190614	11390614	harbor1	chr3	11212766	11213294	LINE/L2	1378	+	264	11213030	22416
chr3	11190614	11390614	harbor1	chr3	11258700	11258841	LINE/L2	539	+	70	11258770	68156
chr3	11190614	11390614	harbor1	chr3	11273552	11273662	LINE/L2	498	+	55	11273607	82993
chr3	11190614	11390614	harbor1	chr3	11276111	11277243	LINE/L2	510	+	566	11276677	86063
chr3	107991344	108191344	harbor1	chr3	107993890	107994421	LINE/L2	1548	+	266	107994156	2812
chr3	107991344	108191344	harbor1	chr3	108072999	108073178	LINE/L2	758	+	90	108073089	81745
chr3	107991344	108191344	harbor1	chr3	108083758	108085205	LINE/L2	612	+	724	108084482	93138
chr3	50286308	50486308	harbor1	chr3	50295936	50296221	LINE/L2	437	+	142	50296078	9770
chr3	50286308	50486308	harbor1	chr3	50338627	50339311	LINE/L2	905	+	342	50338969	52661
chr3	4697391	4897391	harbor1	chr3	4745569	4745967	LINE/L2	396	+	199	4745768	48377
chr3	107991369	108191369	harbor1	chr3	107993890	107994421	LINE/L2	1548	+	266	107994156	2787
chr3	107991369	108191369	harbor1	chr3	108072999	108073178	LINE/L2	758	+	90	108073089	81720
chr3	107991369	108191369	harbor1	chr3	108083758	108085205	LINE/L2	612	+	724	108084482	93113
chr3	127490205	127690205	harbor1	chr3	127551598	127551921	LINE/L2	757	+	162	127551760	61555
chr3	127490205	127690205	harbor1	chr3	127560671	127561107	LINE/L2	555	+	218	127560889	70684
chr3	127490205	127690205	harbor1	chr3	127574549	127574676	LINE/L2	464	+	64	127574613	84408
chr3	51884539	52084539	harbor1	chr3	51929859	51930160	LINE/L2	500	+	150	51930009	45470
chr3	140272103	140472103	harbor1	chr3	140291257	140292272	LINE/L2	632	+	508	140291765	19662
chr3	143020785	143220785	harbor1	chr3	143115229	143115587	LINE/L2	733	+	179	143115408	94623
chr3	107991302	108191302	harbor1	chr3	107993890	107994421	LINE/L2	1548	+	266	107994156	2854
chr3	107991302	108191302	harbor1	chr3	108072999	108073178	LINE/L2	758	+	90	108073089	81787
chr3	107991302	108191302	harbor1	chr3	108083758	108085205	LINE/L2	612	+	724	108084482	93180
chr3	50288201	50488201	harbor1	chr3	50295936	50296221	LINE/L2	437	+	142	50296078	7877
chr3	50288201	50488201	harbor1	chr3	50338627	50339311	LINE/L2	905	+	342	50338969	50768
chr3	50275877	50475877	harbor1	chr3	50295936	50296221	LINE/L2	437	+	142	50296078	20201
chr3	50275877	50475877	harbor1	chr3	50338627	50339311	LINE/L2	905	+	342	50338969	63092
chr3	197859562	198059562	harbor1	chr3	197947300	197947646	LINE/L2	747	+	173	197947473	87911
chr3	197859562	198059562	harbor1	chr3	197948759	197949018	LINE/L2	611	+	130	197948889	89327
chr3	197859562	198059562	harbor1	chr3	197949086	197949274	LINE/L2	547	+	94	197949180	89618
chr3	197859562	198059562	harbor1	chr3	197953520	197953867	LINE/L2	488	+	174	197953694	94132
chr3	107991335	108191335	harbor1	chr3	107993890	107994421	LINE/L2	1548	+	266	107994156	2821
chr3	107991335	108191335	harbor1	chr3	108072999	108073178	LINE/L2	758	+	90	108073089	81754
chr3	107991335	108191335	harbor1	chr3	108083758	108085205	LINE/L2	612	+	724	108084482	93147
chr3	50284721	50484721	harbor1	chr3	50295936	50296221	LINE/L2	437	+	142	50296078	11357
chr3	50284721	50484721	harbor1	chr3	50338627	50339311	LINE/L2	905	+	342	50338969	54248
chr3	126256980	126456980	harbor1	chr3	126344973	126345413	LINE/L2	769	+	220	126345193	88213
chr3	184086431	184286431	harbor1	chr3	184105077	184105194	LINE/L2	405	+	58	184105135	18704
chr3	184086431	184286431	harbor1	chr3	184153671	184153932	LINE/L2	662	+	130	184153801	67370
chr3	184086431	184286431	harbor1	chr3	184154243	184154441	LINE/L2	662	+	99	184154342	67911
chr3	51939509	52139509	harbor1	chr3	52026119	52026551	LINE/L2	445	+	216	52026335	86826
chr3	107991385	108191385	harbor1	chr3	107993890	107994421	LINE/L2	1548	+	266	107994156	2771
chr3	107991385	108191385	harbor1	chr3	108072999	108073178	LINE/L2	758	+	90	108073089	81704
chr3	107991385	108191385	harbor1	chr3	108083758	108085205	LINE/L2	612	+	724	108084482	93097
chr3	184086603	184286603	harbor1	chr3	184105077	184105194	LINE/L2	405	+	58	184105135	18532
chr3	184086603	184286603	harbor1	chr3	184153671	184153932	LINE/L2	662	+	130	184153801	67198
chr3	184086603	184286603	harbor1	chr3	184154243	184154441	LINE/L2	662	+	99	184154342	67739
chr3	49829599	50029599	harbor1	chr3	49917596	49917764	LINE/L2	1061	+	84	49917680	88081
chr3	49829599	50029599	harbor1	chr3	49918363	49918415	LINE/L2	1061	+	26	49918389	88790
chr3	49829599	50029599	harbor1	chr3	49918712	49918890	LINE/L2	1061	+	89	49918801	89202
chr3	49829599	50029599	harbor1	chr3	49920055	49920557	LINE/L2	1162	+	251	49920306	90707
chr3	49829599	50029599	harbor1	chr3	49920850	49920875	LINE/L2	1162	+	12	49920862	91263
chr3	49829599	50029599	harbor1	chr3	49923754	49923800	LINE/L2	486	+	23	49923777	94178
chr3	49829599	50029599	harbor1	chr3	49924106	49924196	LINE/L2	486	+	45	49924151	94552
chr3	49829599	50029599	harbor1	chr3	49925835	49926432	LINE/L2	1367	+	298	49926133	96534
chr3	51939455	52139455	harbor1	chr3	52026119	52026551	LINE/L2	445	+	216	52026335	86880
chr3	127572813	127772813	harbor1	chr3	127574549	127574676	LINE/L2	464	+	64	127574613	1800
chr3	127572813	127772813	harbor1	chr3	127596454	127596834	LINE/L2	497	+	190	127596644	23831
chr3	127572813	127772813	harbor1	chr3	127597130	127597518	LINE/L2	497	+	194	127597324	24511
chr3	107991358	108191358	harbor1	chr3	107993890	107994421	LINE/L2	1548	+	266	107994156	2798
chr3	107991358	108191358	harbor1	chr3	108072999	108073178	LINE/L2	758	+	90	108073089	81731
chr3	107991358	108191358	harbor1	chr3	108083758	108085205	LINE/L2	612	+	724	108084482	93124
chr3	107991326	108191326	harbor1	chr3	107993890	107994421	LINE/L2	1548	+	266	107994156	2830
chr3	107991326	108191326	harbor1	chr3	108072999	108073178	LINE/L2	758	+	90	108073089	81763
chr3	107991326	108191326	harbor1	chr3	108083758	108085205	LINE/L2	612	+	724	108084482	93156
chr3	126257099	126457099	harbor1	chr3	126344973	126345413	LINE/L2	769	+	220	126345193	88094
chr3	107991288	108191288	harbor1	chr3	107993890	107994421	LINE/L2	1548	+	266	107994156	2868
chr3	107991288	108191288	harbor1	chr3	108072999	108073178	LINE/L2	758	+	90	108073089	81801
chr3	107991288	108191288	harbor1	chr3	108083758	108085205	LINE/L2	612	+	724	108084482	93194
chr3	107991382	108191382	harbor1	chr3	107993890	107994421	LINE/L2	1548	+	266	107994156	2774
chr3	107991382	108191382	harbor1	chr3	108072999	108073178	LINE/L2	758	+	90	108073089	81707
chr3	107991382	108191382	harbor1	chr3	108083758	108085205	LINE/L2	612	+	724	108084482	93100
chr3	107991314	108191314	harbor1	chr3	107993890	107994421	LINE/L2	1548	+	266	107994156	2842
chr3	107991314	108191314	harbor1	chr3	108072999	108073178	LINE/L2	758	+	90	108073089	81775
chr3	107991314	108191314	harbor1	chr3	108083758	108085205	LINE/L2	612	+	724	108084482	93168
chr3	107991379	108191379	harbor1	chr3	107993890	107994421	LINE/L2	1548	+	266	107994156	2777
chr3	107991379	108191379	harbor1	chr3	108072999	108073178	LINE/L2	758	+	90	108073089	81710
chr3	107991379	108191379	harbor1	chr3	108083758	108085205	LINE/L2	612	+	724	108084482	93103
chr3	50288197	50488197	harbor1	chr3	50295936	50296221	LINE/L2	437	+	142	50296078	7881
chr3	50288197	50488197	harbor1	chr3	50338627	50339311	LINE/L2	905	+	342	50338969	50772
chr3	4658451	4858451	harbor1	chr3	4745569	4745967	LINE/L2	396	+	199	4745768	87317
chr3	107991341	108191341	harbor1	chr3	107993890	107994421	LINE/L2	1548	+	266	107994156	2815
chr3	107991341	108191341	harbor1	chr3	108072999	108073178	LINE/L2	758	+	90	108073089	81748
chr3	107991341	108191341	harbor1	chr3	108083758	108085205	LINE/L2	612	+	724	108084482	93141
chr3	107991400	108191400	harbor1	chr3	107993890	107994421	LINE/L2	1548	+	266	107994156	2756
chr3	107991400	108191400	harbor1	chr3	108072999	108073178	LINE/L2	758	+	90	108073089	81689
chr3	107991400	108191400	harbor1	chr3	108083758	108085205	LINE/L2	612	+	724	108084482	93082
chr3	4725656	4925656	harbor1	chr3	4745569	4745967	LINE/L2	396	+	199	4745768	20112
chr3	129021178	129221178	harbor1	chr3	129103444	129103569	LINE/L2	517	+	62	129103506	82328
chr3	129021178	129221178	harbor1	chr3	129103865	129104094	LINE/L2	517	+	114	129103979	82801
chr3	107991325	108191325	harbor1	chr3	107993890	107994421	LINE/L2	1548	+	266	107994156	2831
chr3	107991325	108191325	harbor1	chr3	108072999	108073178	LINE/L2	758	+	90	108073089	81764
chr3	107991325	108191325	harbor1	chr3	108083758	108085205	LINE/L2	612	+	724	108084482	93157
chr3	47534446	47734446	harbor1	chr3	47534741	47534870	LINE/L2	1297	+	64	47534805	359
chr3	47534446	47734446	harbor1	chr3	47535178	47535403	LINE/L2	1297	+	112	47535290	844
chr3	47534446	47734446	harbor1	chr3	47535702	47535856	LINE/L2	1297	+	77	47535779	1333
chr3	47534446	47734446	harbor1	chr3	47614588	47615354	LINE/L2	1352	+	383	47614971	80525
chr3	184216377	184416377	harbor1	chr3	184245929	184246398	LINE/L2	786	+	234	184246163	29786
chr3	184216377	184416377	harbor1	chr3	184246542	184246675	LINE/L2	399	+	66	184246608	30231
chr3	184216377	184416377	harbor1	chr3	184247598	184247844	LINE/L2	399	+	123	184247721	31344
chr3	184216377	184416377	harbor1	chr3	184248153	184248247	LINE/L2	399	+	47	184248200	31823
chr3	184216377	184416377	harbor1	chr3	184255755	184255987	LINE/L2	593	+	116	184255871	39494
chr3	184216377	184416377	harbor1	chr3	184300692	184300972	LINE/L2	438	+	140	184300832	84455
chr3	52830611	53030611	harbor1	chr3	52869391	52869723	LINE/L2	426	+	166	52869557	38946
chr3	52830611	53030611	harbor1	chr3	52871969	52872329	LINE/L2	654	+	180	52872149	41538
chr3	52830611	53030611	harbor1	chr3	52909894	52910346	LINE/L2	926	+	226	52910120	79509
chr3	128328776	128528776	harbor1	chr3	128390809	128391180	LINE/L2	413	+	186	128390995	62219
chr3	128328776	128528776	harbor1	chr3	128416995	128417677	LINE/L2	613	+	341	128417336	88560
chr3	123544722	123744722	harbor1	chr3	123589646	123589690	LINE/L2	468	+	22	123589668	44946
chr3	123544722	123744722	harbor1	chr3	123590018	123590290	LINE/L2	468	+	136	123590154	45432
chr3	50488218	50688218	harbor1	chr3	50529805	50529953	LINE/L2	411	+	74	50529879	41661
chr3	51939482	52139482	harbor1	chr3	52026119	52026551	LINE/L2	445	+	216	52026335	86853
chr3	50401005	50601005	harbor1	chr3	50403669	50404011	LINE/L2	443	+	171	50403840	2835
chr3	50401005	50601005	harbor1	chr3	50417714	50417925	LINE/L2	437	+	106	50417820	16815
chr3	50401005	50601005	harbor1	chr3	50430520	50430637	LINE/L2	440	+	58	50430578	29573
chr3	50401005	50601005	harbor1	chr3	50483974	50484750	LINE/L2	625	+	388	50484362	83357
chr3	107991338	108191338	harbor1	chr3	107993890	107994421	LINE/L2	1548	+	266	107994156	2818
chr3	107991338	108191338	harbor1	chr3	108072999	108073178	LINE/L2	758	+	90	108073089	81751
chr3	107991338	108191338	harbor1	chr3	108083758	108085205	LINE/L2	612	+	724	108084482	93144
chr3	107990780	108190780	harbor1	chr3	107993890	107994421	LINE/L2	1548	+	266	107994156	3376
chr3	107990780	108190780	harbor1	chr3	108072999	108073178	LINE/L2	758	+	90	108073089	82309
chr3	107990780	108190780	harbor1	chr3	108083758	108085205	LINE/L2	612	+	724	108084482	93702
chr3	107991316	108191316	harbor1	chr3	107993890	107994421	LINE/L2	1548	+	266	107994156	2840
chr3	107991316	108191316	harbor1	chr3	108072999	108073178	LINE/L2	758	+	90	108073089	81773
chr3	107991316	108191316	harbor1	chr3	108083758	108085205	LINE/L2	612	+	724	108084482	93166
chr3	123544636	123744636	harbor1	chr3	123589646	123589690	LINE/L2	468	+	22	123589668	45032
chr3	123544636	123744636	harbor1	chr3	123590018	123590290	LINE/L2	468	+	136	123590154	45518
chr3	156575295	156775295	harbor1	chr3	156589163	156589476	LINE/L2	552	+	156	156589319	14024
chr3	156575295	156775295	harbor1	chr3	156634782	156635461	LINE/L2	1038	+	340	156635122	59827
chr3	156575295	156775295	harbor1	chr3	156638057	156639740	LINE/L2	2439	+	842	156638899	63604
chr3	156575295	156775295	harbor1	chr3	156639942	156640468	LINE/L2	1192	+	263	156640205	64910
chr3	156575295	156775295	harbor1	chr3	156657574	156657748	LINE/L2	385	+	87	156657661	82366
chr3	156575295	156775295	harbor1	chr3	156659283	156659925	LINE/L2	940	+	321	156659604	84309
chr3	156575295	156775295	harbor1	chr3	156665787	156666551	LINE/L2	1751	+	382	156666169	90874
chr3	156575295	156775295	harbor1	chr3	156666673	156666844	LINE/L2	1016	+	86	156666759	91464
chr3	107991343	108191343	harbor1	chr3	107993890	107994421	LINE/L2	1548	+	266	107994156	2813
chr3	107991343	108191343	harbor1	chr3	108072999	108073178	LINE/L2	758	+	90	108073089	81746
chr3	107991343	108191343	harbor1	chr3	108083758	108085205	LINE/L2	612	+	724	108084482	93139
chr3	107991392	108191392	harbor1	chr3	107993890	107994421	LINE/L2	1548	+	266	107994156	2764
chr3	107991392	108191392	harbor1	chr3	108072999	108073178	LINE/L2	758	+	90	108073089	81697
chr3	107991392	108191392	harbor1	chr3	108083758	108085205	LINE/L2	612	+	724	108084482	93090
chr3	128328718	128528718	harbor1	chr3	128390809	128391180	LINE/L2	413	+	186	128390995	62277
chr3	128328718	128528718	harbor1	chr3	128416995	128417677	LINE/L2	613	+	341	128417336	88618
chr3	47681953	47881953	harbor1	chr3	47714858	47715948	LINE/L2	1704	+	545	47715403	33450
chr3	107991320	108191320	harbor1	chr3	107993890	107994421	LINE/L2	1548	+	266	107994156	2836
chr3	107991320	108191320	harbor1	chr3	108072999	108073178	LINE/L2	758	+	90	108073089	81769
chr3	107991320	108191320	harbor1	chr3	108083758	108085205	LINE/L2	612	+	724	108084482	93162
chr3	107991374	108191374	harbor1	chr3	107993890	107994421	LINE/L2	1548	+	266	107994156	2782
chr3	107991374	108191374	harbor1	chr3	108072999	108073178	LINE/L2	758	+	90	108073089	81715
chr3	107991374	108191374	harbor1	chr3	108083758	108085205	LINE/L2	612	+	724	108084482	93108
chr3	51938202	52138202	harbor1	chr3	52026119	52026551	LINE/L2	445	+	216	52026335	88133
chr3	127490203	127690203	harbor1	chr3	127551598	127551921	LINE/L2	757	+	162	127551760	61557
chr3	127490203	127690203	harbor1	chr3	127560671	127561107	LINE/L2	555	+	218	127560889	70686
chr3	127490203	127690203	harbor1	chr3	127574549	127574676	LINE/L2	464	+	64	127574613	84410
chr3	12958856	13158856	harbor1	chr3	12965843	12965965	LINE/L2	578	+	61	12965904	7048
chr3	12958856	13158856	harbor1	chr3	12973196	12973411	LINE/L2	418	+	108	12973304	14448
chr3	12958856	13158856	harbor1	chr3	12983637	12983861	LINE/L2	450	+	112	12983749	24893
chr3	12958856	13158856	harbor1	chr3	12989125	12989304	LINE/L2	668	+	90	12989215	30359
chr3	12958856	13158856	harbor1	chr3	13013568	13013818	LINE/L2	599	+	125	13013693	54837
chr3	12958856	13158856	harbor1	chr3	13017143	13017396	LINE/L2	530	+	126	13017269	58413
chr3	12958856	13158856	harbor1	chr3	13045086	13045434	LINE/L2	419	+	174	13045260	86404
chr3	128328598	128528598	harbor1	chr3	128390809	128391180	LINE/L2	413	+	186	128390995	62397
chr3	128328598	128528598	harbor1	chr3	128416995	128417677	LINE/L2	613	+	341	128417336	88738
chr3	11468975	11668975	harbor1	chr3	11537123	11537508	LINE/L2	423	+	192	11537315	68340
chr3	196083882	196283882	harbor1	chr3	196138969	196139223	LINE/L2	464	+	127	196139096	55214
chr3	64289146	64489146	harbor1	chr3	64293293	64293703	LINE/L2	434	+	205	64293498	4352
chr3	161005344	161205344	harbor1	chr3	161051063	161051341	LINE/L2	549	+	139	161051202	45858
chr3	197859739	198059739	harbor1	chr3	197947300	197947646	LINE/L2	747	+	173	197947473	87734
chr3	197859739	198059739	harbor1	chr3	197948759	197949018	LINE/L2	611	+	130	197948889	89150
chr3	197859739	198059739	harbor1	chr3	197949086	197949274	LINE/L2	547	+	94	197949180	89441
chr3	197859739	198059739	harbor1	chr3	197953520	197953867	LINE/L2	488	+	174	197953694	93955
chr3	107991401	108191401	harbor1	chr3	107993890	107994421	LINE/L2	1548	+	266	107994156	2755
chr3	107991401	108191401	harbor1	chr3	108072999	108073178	LINE/L2	758	+	90	108073089	81688
chr3	107991401	108191401	harbor1	chr3	108083758	108085205	LINE/L2	612	+	724	108084482	93081
chr3	107991291	108191291	harbor1	chr3	107993890	107994421	LINE/L2	1548	+	266	107994156	2865
chr3	107991291	108191291	harbor1	chr3	108072999	108073178	LINE/L2	758	+	90	108073089	81798
chr3	107991291	108191291	harbor1	chr3	108083758	108085205	LINE/L2	612	+	724	108084482	93191
chr3	12867501	13067501	harbor1	chr3	12942030	12942258	LINE/L2	596	+	114	12942144	74643
chr3	12867501	13067501	harbor1	chr3	12952189	12952806	LINE/L2	516	+	308	12952497	84996
chr3	12867501	13067501	harbor1	chr3	12954546	12954776	LINE/L2	601	+	115	12954661	87160
chr3	12867501	13067501	harbor1	chr3	12965843	12965965	LINE/L2	578	+	61	12965904	98403
chr3	49770828	49970828	harbor1	chr3	49801071	49801439	LINE/L2	700	+	184	49801255	30427
chr3	49770828	49970828	harbor1	chr3	49801728	49802125	LINE/L2	424	+	198	49801926	31098
chr3	134227277	134427277	harbor1	chr3	134243528	134243920	LINE/L2	402	+	196	134243724	16447
chr3	134227277	134427277	harbor1	chr3	134253378	134253805	LINE/L2	1000	+	214	134253592	26315
chr3	134227277	134427277	harbor1	chr3	134287175	134287309	LINE/L2	1112	+	67	134287242	59965
chr3	134227277	134427277	harbor1	chr3	134287690	134288277	LINE/L2	1112	+	294	134287984	60707
chr3	51859972	52059972	harbor1	chr3	51864334	51864819	LINE/L2	803	+	242	51864576	4604
chr3	51859972	52059972	harbor1	chr3	51929859	51930160	LINE/L2	500	+	150	51930009	70037
chr3	107991415	108191415	harbor1	chr3	107993890	107994421	LINE/L2	1548	+	266	107994156	2741
chr3	107991415	108191415	harbor1	chr3	108072999	108073178	LINE/L2	758	+	90	108073089	81674
chr3	107991415	108191415	harbor1	chr3	108083758	108085205	LINE/L2	612	+	724	108084482	93067
chr3	49730589	49930589	harbor1	chr3	49748229	49748341	LINE/L2	423	+	56	49748285	17696
chr3	49730589	49930589	harbor1	chr3	49753128	49753612	LINE/L2	1345	+	242	49753370	22781
chr3	49730589	49930589	harbor1	chr3	49801071	49801439	LINE/L2	700	+	184	49801255	70666
chr3	49730589	49930589	harbor1	chr3	49801728	49802125	LINE/L2	424	+	198	49801926	71337
chr3	107991331	108191331	harbor1	chr3	107993890	107994421	LINE/L2	1548	+	266	107994156	2825
chr3	107991331	108191331	harbor1	chr3	108072999	108073178	LINE/L2	758	+	90	108073089	81758
chr3	107991331	108191331	harbor1	chr3	108083758	108085205	LINE/L2	612	+	724	108084482	93151
chr3	49829614	50029614	harbor1	chr3	49917596	49917764	LINE/L2	1061	+	84	49917680	88066
chr3	49829614	50029614	harbor1	chr3	49918363	49918415	LINE/L2	1061	+	26	49918389	88775
chr3	49829614	50029614	harbor1	chr3	49918712	49918890	LINE/L2	1061	+	89	49918801	89187
chr3	49829614	50029614	harbor1	chr3	49920055	49920557	LINE/L2	1162	+	251	49920306	90692
chr3	49829614	50029614	harbor1	chr3	49920850	49920875	LINE/L2	1162	+	12	49920862	91248
chr3	49829614	50029614	harbor1	chr3	49923754	49923800	LINE/L2	486	+	23	49923777	94163
chr3	49829614	50029614	harbor1	chr3	49924106	49924196	LINE/L2	486	+	45	49924151	94537
chr3	49829614	50029614	harbor1	chr3	49925835	49926432	LINE/L2	1367	+	298	49926133	96519
chr3	123544621	123744621	harbor1	chr3	123589646	123589690	LINE/L2	468	+	22	123589668	45047
chr3	123544621	123744621	harbor1	chr3	123590018	123590290	LINE/L2	468	+	136	123590154	45533
chr3	107991277	108191277	harbor1	chr3	107993890	107994421	LINE/L2	1548	+	266	107994156	2879
chr3	107991277	108191277	harbor1	chr3	108072999	108073178	LINE/L2	758	+	90	108073089	81812
chr3	107991277	108191277	harbor1	chr3	108083758	108085205	LINE/L2	612	+	724	108084482	93205
chr3	107991456	108191456	harbor1	chr3	107993890	107994421	LINE/L2	1548	+	266	107994156	2700
chr3	107991456	108191456	harbor1	chr3	108072999	108073178	LINE/L2	758	+	90	108073089	81633
chr3	107991456	108191456	harbor1	chr3	108083758	108085205	LINE/L2	612	+	724	108084482	93026
chr3	49033159	49233159	harbor1	chr3	49040224	49040326	LINE/L2	384	+	51	49040275	7116
chr3	49033159	49233159	harbor1	chr3	49040467	49040621	LINE/L2	384	+	77	49040544	7385
chr3	49033159	49233159	harbor1	chr3	49051251	49051773	LINE/L2	527	+	261	49051512	18353
chr3	138334644	138534644	harbor1	chr3	138363361	138363645	LINE/L2	525	+	142	138363503	28859
chr3	138334644	138534644	harbor1	chr3	138376147	138376525	LINE/L2	1043	+	189	138376336	41692
chr3	138334644	138534644	harbor1	chr3	138394521	138395027	LINE/L2	1300	+	253	138394774	60130
chr3	138334644	138534644	harbor1	chr3	138406683	138407012	LINE/L2	1140	+	164	138406847	72203
chr3	138334644	138534644	harbor1	chr3	138407340	138407464	LINE/L2	1140	+	62	138407402	72758
chr3	138334644	138534644	harbor1	chr3	138408131	138408259	LINE/L2	534	+	64	138408195	73551
chr3	138334644	138534644	harbor1	chr3	138431261	138431501	LINE/L2	612	+	120	138431381	96737
chr3	138334644	138534644	harbor1	chr3	138431937	138431959	LINE/L2	612	+	11	138431948	97304
chr3	138334644	138534644	harbor1	chr3	138362871	138363029	LINE/L2	525	+	79	138362950	28306
chr3	138334644	138534644	harbor1	chr3	138395337	138395850	LINE/L2	1300	+	256	138395593	60949
chr3	51939510	52139510	harbor1	chr3	52026119	52026551	LINE/L2	445	+	216	52026335	86825
chr3	129021082	129221082	harbor1	chr3	129103444	129103569	LINE/L2	517	+	62	129103506	82424
chr3	129021082	129221082	harbor1	chr3	129103865	129104094	LINE/L2	517	+	114	129103979	82897
chr3	107991375	108191375	harbor1	chr3	107993890	107994421	LINE/L2	1548	+	266	107994156	2781
chr3	107991375	108191375	harbor1	chr3	108072999	108073178	LINE/L2	758	+	90	108073089	81714
chr3	107991375	108191375	harbor1	chr3	108083758	108085205	LINE/L2	612	+	724	108084482	93107
chr3	23710436	23910436	harbor1	chr3	23710410	23710522	LINE/L2	525	+	56	23710466	30
chr3	107991447	108191447	harbor1	chr3	107993890	107994421	LINE/L2	1548	+	266	107994156	2709
chr3	107991447	108191447	harbor1	chr3	108072999	108073178	LINE/L2	758	+	90	108073089	81642
chr3	107991447	108191447	harbor1	chr3	108083758	108085205	LINE/L2	612	+	724	108084482	93035
chr3	52123183	52323183	harbor1	chr3	52171275	52171702	LINE/L2	1069	+	214	52171489	48306
chr3	52123183	52323183	harbor1	chr3	52174927	52175305	LINE/L2	706	+	189	52175116	51933
chr3	52123183	52323183	harbor1	chr3	52186613	52186938	LINE/L2	601	+	162	52186775	63592
chr3	52123183	52323183	harbor1	chr3	52216871	52217002	LINE/L2	452	+	66	52216937	93754
chr3	130904200	131104200	harbor1	chr3	130951979	130952337	LINE/L2	494	+	179	130952158	47958
chr3	130904200	131104200	harbor1	chr3	130965203	130965747	LINE/L2	823	+	272	130965475	61275
chr3	184085733	184285733	harbor1	chr3	184105077	184105194	LINE/L2	405	+	58	184105135	19402
chr3	184085733	184285733	harbor1	chr3	184153671	184153932	LINE/L2	662	+	130	184153801	68068
chr3	184085733	184285733	harbor1	chr3	184154243	184154441	LINE/L2	662	+	99	184154342	68609
chr3	51939481	52139481	harbor1	chr3	52026119	52026551	LINE/L2	445	+	216	52026335	86854
chr3	50288182	50488182	harbor1	chr3	50295936	50296221	LINE/L2	437	+	142	50296078	7896
chr3	50288182	50488182	harbor1	chr3	50338627	50339311	LINE/L2	905	+	342	50338969	50787
chr3	107991309	108191309	harbor1	chr3	107993890	107994421	LINE/L2	1548	+	266	107994156	2847
chr3	107991309	108191309	harbor1	chr3	108072999	108073178	LINE/L2	758	+	90	108073089	81780
chr3	107991309	108191309	harbor1	chr3	108083758	108085205	LINE/L2	612	+	724	108084482	93173
chr3	51939504	52139504	harbor1	chr3	52026119	52026551	LINE/L2	445	+	216	52026335	86831
chr3	51939448	52139448	harbor1	chr3	52026119	52026551	LINE/L2	445	+	216	52026335	86887
chr3	50288188	50488188	harbor1	chr3	50295936	50296221	LINE/L2	437	+	142	50296078	7890
chr3	50288188	50488188	harbor1	chr3	50338627	50339311	LINE/L2	905	+	342	50338969	50781
chr3	129875059	130075059	harbor1	chr3	129877172	129877624	LINE/L2	3247	+	226	129877398	2339
chr3	129875059	130075059	harbor1	chr3	129877935	129877947	LINE/L2	3247	+	6	129877941	2882
chr3	129875059	130075059	harbor1	chr3	129878264	129878725	LINE/L2	3247	+	230	129878494	3435
chr3	129875059	130075059	harbor1	chr3	129878905	129879156	LINE/L2	769	+	126	129879031	3972
chr3	129875059	130075059	harbor1	chr3	129891598	129891779	LINE/L2	521	+	90	129891688	16629
chr3	129875059	130075059	harbor1	chr3	129911305	129911643	LINE/L2	744	+	169	129911474	36415
chr3	129875059	130075059	harbor1	chr3	129934952	129935169	LINE/L2	592	+	108	129935060	60001
chr3	129875059	130075059	harbor1	chr3	129937685	129938273	LINE/L2	1102	+	294	129937979	62920
chr3	129875059	130075059	harbor1	chr3	129971096	129971157	LINE/L2	427	+	30	129971126	96067
chr3	129875059	130075059	harbor1	chr3	129971668	129971730	LINE/L2	427	+	31	129971699	96640
chr3	129021083	129221083	harbor1	chr3	129103444	129103569	LINE/L2	517	+	62	129103506	82423
chr3	129021083	129221083	harbor1	chr3	129103865	129104094	LINE/L2	517	+	114	129103979	82896
chr3	50288360	50488360	harbor1	chr3	50295936	50296221	LINE/L2	437	+	142	50296078	7718
chr3	50288360	50488360	harbor1	chr3	50338627	50339311	LINE/L2	905	+	342	50338969	50609
chr3	51939511	52139511	harbor1	chr3	52026119	52026551	LINE/L2	445	+	216	52026335	86824
chr3	127489843	127689843	harbor1	chr3	127551598	127551921	LINE/L2	757	+	162	127551760	61917
chr3	127489843	127689843	harbor1	chr3	127560671	127561107	LINE/L2	555	+	218	127560889	71046
chr3	127489843	127689843	harbor1	chr3	127574549	127574676	LINE/L2	464	+	64	127574613	84770
chr3	123349837	123549837	harbor1	chr3	123377112	123377630	LINE/L2	426	+	259	123377371	27534
chr3	123349837	123549837	harbor1	chr3	123381787	123382154	LINE/L2	1178	+	184	123381971	32134
chr3	195920322	196120322	harbor1	chr3	195947647	195947680	LINE/L2	582	+	16	195947663	27341
chr3	195920322	196120322	harbor1	chr3	195947993	195948195	LINE/L2	582	+	101	195948094	27772
chr3	50287487	50487487	harbor1	chr3	50295936	50296221	LINE/L2	437	+	142	50296078	8591
chr3	50287487	50487487	harbor1	chr3	50338627	50339311	LINE/L2	905	+	342	50338969	51482
chr3	127560407	127760407	harbor1	chr3	127560671	127561107	LINE/L2	555	+	218	127560889	482
chr3	127560407	127760407	harbor1	chr3	127574549	127574676	LINE/L2	464	+	64	127574613	14206
chr3	127560407	127760407	harbor1	chr3	127596454	127596834	LINE/L2	497	+	190	127596644	36237
chr3	127560407	127760407	harbor1	chr3	127597130	127597518	LINE/L2	497	+	194	127597324	36917
chr3	178972096	179172096	harbor1	chr3	179034268	179035753	LINE/L2	1432	+	742	179035010	62914
chr4	582955	782955	harbor1	chr4	600766	601300	LINE/L2	873	+	267	601033	18078
chr4	582955	782955	harbor1	chr4	601321	601615	LINE/L2	674	+	147	601468	18513
chr4	38767776	38967776	harbor1	chr4	38860993	38861782	LINE/L2	1384	+	394	38861387	93611
chr4	38767776	38967776	harbor1	chr4	38861787	38861972	LINE/L2	562	+	92	38861879	94103
chr4	38767776	38967776	harbor1	chr4	38862007	38862283	LINE/L2	645	+	138	38862145	94369
chr4	38767776	38967776	harbor1	chr4	38862895	38862944	LINE/L2	645	+	24	38862919	95143
chr4	38767776	38967776	harbor1	chr4	38863276	38864359	LINE/L2	1618	+	542	38863818	96042
chr4	98039583	98239583	harbor1	chr4	98068145	98068478	LINE/L2	687	+	166	98068311	28728
chr4	102218940	102418940	harbor1	chr4	102283839	102284108	LINE/L2	557	+	134	102283973	65033
chr4	102218940	102418940	harbor1	chr4	102284336	102284488	LINE/L2	557	+	76	102284412	65472
chr4	102218940	102418940	harbor1	chr4	102301345	102301624	LINE/L2	475	+	140	102301485	82545
chr4	102218940	102418940	harbor1	chr4	102313540	102313590	LINE/L2	1304	+	25	102313565	94625
chr4	102218940	102418940	harbor1	chr4	102313888	102314972	LINE/L2	1304	+	542	102314430	95490
chr4	551186	751186	harbor1	chr4	600766	601300	LINE/L2	873	+	267	601033	49847
chr4	551186	751186	harbor1	chr4	601321	601615	LINE/L2	674	+	147	601468	50282
chr4	3569607	3769607	harbor1	chr4	3626601	3626956	LINE/L2	575	+	178	3626779	57172
chr4	38573151	38773151	harbor1	chr4	38584787	38584853	LINE/L2	873	+	33	38584820	11669
chr4	38573151	38773151	harbor1	chr4	38585149	38585897	LINE/L2	873	+	374	38585523	12372
chr4	38573151	38773151	harbor1	chr4	38586732	38586846	LINE/L2	538	+	57	38586789	13638
chr4	38573151	38773151	harbor1	chr4	38604403	38605178	LINE/L2	1685	+	388	38604791	31640
chr4	38573151	38773151	harbor1	chr4	38646808	38646921	LINE/L2	534	+	56	38646864	73713
chr4	158571219	158771219	harbor1	chr4	158570533	158571273	LINE/L2	473	+	370	158570903	316
chr4	158571219	158771219	harbor1	chr4	158594158	158594582	LINE/L2	650	+	212	158594370	23151
chr4	158571219	158771219	harbor1	chr4	158611396	158611914	LINE/L2	540	+	259	158611655	40436
chr4	158571219	158771219	harbor1	chr4	158655869	158656301	LINE/L2	911	+	216	158656085	84866
chr4	176095649	176295649	harbor1	chr4	176143217	176143382	LINE/L2	479	+	82	176143299	47650
chr4	176095649	176295649	harbor1	chr4	176143697	176144474	LINE/L2	498	+	388	176144085	48436
chr4	55288238	55488238	harbor1	chr4	55354484	55354945	LINE/L2	1016	+	230	55354714	66476
chr4	55288238	55488238	harbor1	chr4	55356807	55357336	LINE/L2	844	+	264	55357071	68833
chr4	55288238	55488238	harbor1	chr4	55374037	55374410	LINE/L2	1562	+	186	55374223	85985
chr4	55288238	55488238	harbor1	chr4	55374708	55374895	LINE/L2	1562	+	94	55374802	86564
chr4	55288238	55488238	harbor1	chr4	55375446	55375619	LINE/L2	3083	+	86	55375532	87294
chr4	55288238	55488238	harbor1	chr4	55376215	55376228	LINE/L2	3083	+	6	55376221	87983
chr4	55288238	55488238	harbor1	chr4	55376536	55377787	LINE/L2	3083	+	626	55377162	88924
chr4	55288238	55488238	harbor1	chr4	55378687	55378795	LINE/L2	666	+	54	55378741	90503
chr4	55288238	55488238	harbor1	chr4	55379379	55379530	LINE/L2	479	+	76	55379455	91217
chr4	910896	1110896	harbor1	chr4	919393	919861	LINE/L2	603	+	234	919627	8731
chr4	120822742	121022742	harbor1	chr4	120825461	120825647	LINE/L2	678	+	93	120825554	2812
chr4	120822742	121022742	harbor1	chr4	120886830	120886938	LINE/L2	997	+	54	120886884	64142
chr4	120822742	121022742	harbor1	chr4	120887243	120887644	LINE/L2	997	+	200	120887443	64701
chr4	120822742	121022742	harbor1	chr4	120916609	120917613	LINE/L2	2205	+	502	120917111	94369
chr4	120822742	121022742	harbor1	chr4	120919057	120919365	LINE/L2	706	+	154	120919211	96469
chr4	2361876	2561876	harbor1	chr4	2419781	2420451	LINE/L2	1616	+	335	2420116	58240
chr4	8023966	8223966	harbor1	chr4	8049043	8049269	LINE/L2	538	+	113	8049156	25190
chr4	8023966	8223966	harbor1	chr4	8101906	8102555	LINE/L2	1130	+	324	8102230	78264
chr4	120821303	121021303	harbor1	chr4	120825461	120825647	LINE/L2	678	+	93	120825554	4251
chr4	120821303	121021303	harbor1	chr4	120886830	120886938	LINE/L2	997	+	54	120886884	65581
chr4	120821303	121021303	harbor1	chr4	120887243	120887644	LINE/L2	997	+	200	120887443	66140
chr4	120821303	121021303	harbor1	chr4	120916609	120917613	LINE/L2	2205	+	502	120917111	95808
chr4	120821303	121021303	harbor1	chr4	120919057	120919365	LINE/L2	706	+	154	120919211	97908
chr4	120822671	121022671	harbor1	chr4	120825461	120825647	LINE/L2	678	+	93	120825554	2883
chr4	120822671	121022671	harbor1	chr4	120886830	120886938	LINE/L2	997	+	54	120886884	64213
chr4	120822671	121022671	harbor1	chr4	120887243	120887644	LINE/L2	997	+	200	120887443	64772
chr4	120822671	121022671	harbor1	chr4	120916609	120917613	LINE/L2	2205	+	502	120917111	94440
chr4	120822671	121022671	harbor1	chr4	120919057	120919365	LINE/L2	706	+	154	120919211	96540
chr4	11269110	11469110	harbor1	chr4	11272800	11273381	LINE/L2	797	+	290	11273090	3980
chr4	11269110	11469110	harbor1	chr4	11315460	11315694	LINE/L2	771	+	117	11315577	46467
chr4	11269110	11469110	harbor1	chr4	11316007	11316316	LINE/L2	771	+	154	11316161	47051
chr4	910971	1110971	harbor1	chr4	919393	919861	LINE/L2	603	+	234	919627	8656
chr4	102919713	103119713	harbor1	chr4	103013382	103014322	LINE/L2	1174	+	470	103013852	94139
chr4	102919713	103119713	harbor1	chr4	103015560	103015848	LINE/L2	1524	+	144	103015704	95991
chr4	102919713	103119713	harbor1	chr4	103016159	103016622	LINE/L2	1524	+	232	103016391	96678
chr4	102919713	103119713	harbor1	chr4	103016756	103017899	LINE/L2	1524	+	572	103017328	97615
chr4	98160943	98360943	harbor1	chr4	98182813	98183181	LINE/L2	1187	+	184	98182997	22054
chr4	98160943	98360943	harbor1	chr4	98183962	98184569	LINE/L2	961	+	304	98184266	23323
chr4	98160943	98360943	harbor1	chr4	98249404	98250085	LINE/L2	841	+	340	98249744	88801
chr4	98160943	98360943	harbor1	chr4	98250086	98250470	LINE/L2	628	+	192	98250278	89335
chr4	98160943	98360943	harbor1	chr4	98250999	98251475	LINE/L2	881	+	238	98251237	90294
chr4	98160943	98360943	harbor1	chr4	98255021	98255712	LINE/L2	488	+	346	98255367	94424
chr4	866474	1066474	harbor1	chr4	919393	919861	LINE/L2	603	+	234	919627	53153
chr4	2363070	2563070	harbor1	chr4	2419781	2420451	LINE/L2	1616	+	335	2420116	57046
chr4	2151076	2351076	harbor1	chr4	2163799	2164219	LINE/L2	495	+	210	2164009	12933
chr4	2151076	2351076	harbor1	chr4	2164833	2164867	LINE/L2	495	+	17	2164850	13774
chr4	2151076	2351076	harbor1	chr4	2166098	2166260	LINE/L2	495	+	81	2166179	15103
chr4	2363106	2563106	harbor1	chr4	2419781	2420451	LINE/L2	1616	+	335	2420116	57010
chr4	73128036	73328036	harbor1	chr4	73157632	73157807	LINE/L2	566	+	88	73157720	29684
chr4	73128036	73328036	harbor1	chr4	73158203	73158582	LINE/L2	1181	+	190	73158393	30357
chr4	73128036	73328036	harbor1	chr4	73159005	73159160	LINE/L2	1181	+	78	73159083	31047
chr4	73128036	73328036	harbor1	chr4	73192084	73192290	LINE/L2	481	+	103	73192187	64151
chr4	73128036	73328036	harbor1	chr4	73199493	73199850	LINE/L2	780	+	178	73199671	71635
chr4	15581887	15781887	harbor1	chr4	15593293	15594274	LINE/L2	2381	+	490	15593783	11896
chr4	15581887	15781887	harbor1	chr4	15594770	15594799	LINE/L2	488	+	14	15594784	12897
chr4	15581887	15781887	harbor1	chr4	15595102	15595248	LINE/L2	488	+	73	15595175	13288
chr4	15581887	15781887	harbor1	chr4	15622469	15622725	LINE/L2	498	+	128	15622597	40710
chr4	15581887	15781887	harbor1	chr4	15629378	15629668	LINE/L2	782	+	145	15629523	47636
chr4	3569499	3769499	harbor1	chr4	3626601	3626956	LINE/L2	575	+	178	3626779	57280
chr4	144468351	144668351	harbor1	chr4	144496501	144496732	LINE/L2	473	+	116	144496617	28266
chr4	144468351	144668351	harbor1	chr4	144490138	144490499	LINE/L2	722	+	180	144490318	21967
chr4	866602	1066602	harbor1	chr4	919393	919861	LINE/L2	603	+	234	919627	53025
chr4	69927953	70127953	harbor1	chr4	69979378	69979959	LINE/L2	934	+	290	69979668	51715
chr4	120822652	121022652	harbor1	chr4	120825461	120825647	LINE/L2	678	+	93	120825554	2902
chr4	120822652	121022652	harbor1	chr4	120886830	120886938	LINE/L2	997	+	54	120886884	64232
chr4	120822652	121022652	harbor1	chr4	120887243	120887644	LINE/L2	997	+	200	120887443	64791
chr4	120822652	121022652	harbor1	chr4	120916609	120917613	LINE/L2	2205	+	502	120917111	94459
chr4	120822652	121022652	harbor1	chr4	120919057	120919365	LINE/L2	706	+	154	120919211	96559
chr4	866554	1066554	harbor1	chr4	919393	919861	LINE/L2	603	+	234	919627	53073
chr4	6810085	7010085	harbor1	chr4	6832174	6832350	LINE/L2	559	+	88	6832262	22177
chr4	6810085	7010085	harbor1	chr4	6832649	6832750	LINE/L2	559	+	50	6832699	22614
chr4	910985	1110985	harbor1	chr4	919393	919861	LINE/L2	603	+	234	919627	8642
chr4	910965	1110965	harbor1	chr4	919393	919861	LINE/L2	603	+	234	919627	8662
chr4	86404939	86604939	harbor1	chr4	86421734	86422293	LINE/L2	611	+	280	86422014	17075
chr4	86404939	86604939	harbor1	chr4	86503611	86504273	LINE/L2	1026	+	331	86503942	99003
chr4	103098519	103298519	harbor1	chr4	103107653	103108405	LINE/L2	629	+	376	103108029	9510
chr4	103098519	103298519	harbor1	chr4	103109534	103110085	LINE/L2	567	+	276	103109810	11291
chr4	103098519	103298519	harbor1	chr4	103118807	103119347	LINE/L2	801	+	270	103119077	20558
chr4	103098519	103298519	harbor1	chr4	103134818	103135753	LINE/L2	666	+	468	103135286	36767
chr4	103098519	103298519	harbor1	chr4	103137664	103138150	LINE/L2	1208	+	243	103137907	39388
chr4	550827	750827	harbor1	chr4	600766	601300	LINE/L2	873	+	267	601033	50206
chr4	550827	750827	harbor1	chr4	601321	601615	LINE/L2	674	+	147	601468	50641
chr4	866530	1066530	harbor1	chr4	919393	919861	LINE/L2	603	+	234	919627	53097
chr4	910306	1110306	harbor1	chr4	919393	919861	LINE/L2	603	+	234	919627	9321
chr4	98145495	98345495	harbor1	chr4	98182813	98183181	LINE/L2	1187	+	184	98182997	37502
chr4	98145495	98345495	harbor1	chr4	98183962	98184569	LINE/L2	961	+	304	98184266	38771
chr4	872772	1072772	harbor1	chr4	919393	919861	LINE/L2	603	+	234	919627	46855
chr4	67487456	67687456	harbor1	chr4	67502680	67503591	LINE/L2	2030	+	456	67503136	15680
chr4	67487456	67687456	harbor1	chr4	67509526	67509873	LINE/L2	503	+	174	67509700	22244
chr4	67487456	67687456	harbor1	chr4	67576142	67576454	LINE/L2	710	+	156	67576298	88842
chr4	866571	1066571	harbor1	chr4	919393	919861	LINE/L2	603	+	234	919627	53056
chr4	866652	1066652	harbor1	chr4	919393	919861	LINE/L2	603	+	234	919627	52975
chr4	76846562	77046562	harbor1	chr4	76852033	76852229	LINE/L2	575	+	98	76852131	5569
chr4	76846562	77046562	harbor1	chr4	76863176	76863433	LINE/L2	739	+	128	76863304	16742
chr4	55295888	55495888	harbor1	chr4	55354484	55354945	LINE/L2	1016	+	230	55354714	58826
chr4	55295888	55495888	harbor1	chr4	55356807	55357336	LINE/L2	844	+	264	55357071	61183
chr4	55295888	55495888	harbor1	chr4	55374037	55374410	LINE/L2	1562	+	186	55374223	78335
chr4	55295888	55495888	harbor1	chr4	55374708	55374895	LINE/L2	1562	+	94	55374802	78914
chr4	55295888	55495888	harbor1	chr4	55375446	55375619	LINE/L2	3083	+	86	55375532	79644
chr4	55295888	55495888	harbor1	chr4	55376215	55376228	LINE/L2	3083	+	6	55376221	80333
chr4	55295888	55495888	harbor1	chr4	55376536	55377787	LINE/L2	3083	+	626	55377162	81274
chr4	55295888	55495888	harbor1	chr4	55378687	55378795	LINE/L2	666	+	54	55378741	82853
chr4	55295888	55495888	harbor1	chr4	55379379	55379530	LINE/L2	479	+	76	55379455	83567
chr5	113414289	113614289	harbor1	chr5	113440100	113440378	LINE/L2	475	+	139	113440239	25950
chr5	113414289	113614289	harbor1	chr5	113464238	113464744	LINE/L2	1243	+	253	113464491	50202
chr5	159190926	159390926	harbor1	chr5	159221437	159222160	LINE/L2	1153	+	362	159221799	30873
chr5	159190926	159390926	harbor1	chr5	159222460	159222730	LINE/L2	1188	+	135	159222595	31669
chr5	159190926	159390926	harbor1	chr5	159223509	159223750	LINE/L2	644	+	120	159223629	32703
chr5	159190926	159390926	harbor1	chr5	159224012	159224788	LINE/L2	1164	+	388	159224400	33474
chr5	159190926	159390926	harbor1	chr5	159225090	159225163	LINE/L2	516	+	36	159225126	34200
chr5	159190926	159390926	harbor1	chr5	159225467	159225619	LINE/L2	516	+	76	159225543	34617
chr5	73350908	73550908	harbor1	chr5	73356214	73356326	LINE/L2	427	+	56	73356270	5362
chr5	73350908	73550908	harbor1	chr5	73357592	73358504	LINE/L2	1489	+	456	73358048	7140
chr5	73350908	73550908	harbor1	chr5	73359346	73359867	LINE/L2	953	+	260	73359606	8698
chr5	73350908	73550908	harbor1	chr5	73361774	73361834	LINE/L2	2100	+	30	73361804	10896
chr5	73350908	73550908	harbor1	chr5	73362138	73362758	LINE/L2	2100	+	310	73362448	11540
chr5	135435228	135635228	harbor1	chr5	135473612	135473810	LINE/L2	503	+	99	135473711	38483
chr5	135435228	135635228	harbor1	chr5	135510152	135510591	LINE/L2	811	+	220	135510372	75144
chr5	135435228	135635228	harbor1	chr5	135530086	135530422	LINE/L2	1170	+	168	135530254	95026
chr5	135435228	135635228	harbor1	chr5	135530775	135531226	LINE/L2	1170	+	226	135531001	95773
chr5	150964868	151164868	harbor1	chr5	150975467	150975693	LINE/L2	623	+	113	150975580	10712
chr5	150964868	151164868	harbor1	chr5	151011621	151012083	LINE/L2	513	+	231	151011852	46984
chr5	150964868	151164868	harbor1	chr5	151031501	151032083	LINE/L2	593	+	291	151031792	66924
chr5	73350879	73550879	harbor1	chr5	73356214	73356326	LINE/L2	427	+	56	73356270	5391
chr5	73350879	73550879	harbor1	chr5	73357592	73358504	LINE/L2	1489	+	456	73358048	7169
chr5	73350879	73550879	harbor1	chr5	73359346	73359867	LINE/L2	953	+	260	73359606	8727
chr5	73350879	73550879	harbor1	chr5	73361774	73361834	LINE/L2	2100	+	30	73361804	10925
chr5	73350879	73550879	harbor1	chr5	73362138	73362758	LINE/L2	2100	+	310	73362448	11569
chr5	171125854	171325854	harbor1	chr5	171139491	171140348	LINE/L2	870	+	428	171139919	14065
chr5	171125854	171325854	harbor1	chr5	171211229	171211269	LINE/L2	460	+	20	171211249	85395
chr5	171125854	171325854	harbor1	chr5	171211561	171211713	LINE/L2	460	+	76	171211637	85783
chr5	10341875	10541875	harbor1	chr5	10439622	10440233	LINE/L2	531	+	306	10439928	98053
chr5	73351482	73551482	harbor1	chr5	73356214	73356326	LINE/L2	427	+	56	73356270	4788
chr5	73351482	73551482	harbor1	chr5	73357592	73358504	LINE/L2	1489	+	456	73358048	6566
chr5	73351482	73551482	harbor1	chr5	73359346	73359867	LINE/L2	953	+	260	73359606	8124
chr5	73351482	73551482	harbor1	chr5	73361774	73361834	LINE/L2	2100	+	30	73361804	10322
chr5	73351482	73551482	harbor1	chr5	73362138	73362758	LINE/L2	2100	+	310	73362448	10966
chr5	134406378	134606378	harbor1	chr5	134489721	134491770	LINE/L2	5667	+	1024	134490745	84367
chr5	157644323	157844323	harbor1	chr5	157652688	157653021	LINE/L2	766	+	166	157652854	8531
chr5	157644323	157844323	harbor1	chr5	157653087	157653469	LINE/L2	622	+	191	157653278	8955
chr5	157644323	157844323	harbor1	chr5	157691507	157691814	LINE/L2	666	+	154	157691661	47338
chr5	157644323	157844323	harbor1	chr5	157691891	157692058	LINE/L2	556	+	84	157691975	47652
chr5	157644323	157844323	harbor1	chr5	157692364	157692610	LINE/L2	556	+	123	157692487	48164
chr5	157644323	157844323	harbor1	chr5	157709216	157709365	LINE/L2	423	+	74	157709290	64967
chr5	157644323	157844323	harbor1	chr5	157713865	157714118	LINE/L2	413	+	126	157713991	69668
chr5	6533035	6733035	harbor1	chr5	6546449	6546816	LINE/L2	504	+	184	6546633	13598
chr5	52688052	52888052	harbor1	chr5	52710079	52710354	LINE/L2	553	+	138	52710217	22165
chr5	52688052	52888052	harbor1	chr5	52729027	52729171	LINE/L2	435	+	72	52729099	41047
chr5	52688052	52888052	harbor1	chr5	52760719	52760929	LINE/L2	673	+	105	52760824	72772
chr5	52688052	52888052	harbor1	chr5	52761703	52761952	LINE/L2	1067	+	124	52761827	73775
chr5	52688052	52888052	harbor1	chr5	52762335	52762635	LINE/L2	1067	+	150	52762485	74433
chr5	52688052	52888052	harbor1	chr5	52772502	52772792	LINE/L2	428	+	145	52772647	84595
chr5	135919218	136119218	harbor1	chr5	135938411	135938693	LINE/L2	415	+	141	135938552	19334
chr5	135919218	136119218	harbor1	chr5	135942448	135942982	LINE/L2	455	+	267	135942715	23497
chr5	168407631	168607631	harbor1	chr5	168421330	168421615	LINE/L2	550	+	142	168421472	13841
chr5	168407631	168607631	harbor1	chr5	168434862	168435420	LINE/L2	1331	+	279	168435141	27510
chr5	168407631	168607631	harbor1	chr5	168435712	168435840	LINE/L2	1331	+	64	168435776	28145
chr5	168407631	168607631	harbor1	chr5	168436143	168436208	LINE/L2	1331	+	32	168436175	28544
chr5	168407631	168607631	harbor1	chr5	168436485	168437310	LINE/L2	1754	+	412	168436897	29266
chr5	168407631	168607631	harbor1	chr5	168437485	168437650	LINE/L2	1290	+	82	168437567	29936
chr5	168407631	168607631	harbor1	chr5	168485905	168486154	LINE/L2	465	+	124	168486029	78398
chr5	10341914	10541914	harbor1	chr5	10439622	10440233	LINE/L2	531	+	306	10439928	98014
chr5	73351497	73551497	harbor1	chr5	73356214	73356326	LINE/L2	427	+	56	73356270	4773
chr5	73351497	73551497	harbor1	chr5	73357592	73358504	LINE/L2	1489	+	456	73358048	6551
chr5	73351497	73551497	harbor1	chr5	73359346	73359867	LINE/L2	953	+	260	73359606	8109
chr5	73351497	73551497	harbor1	chr5	73361774	73361834	LINE/L2	2100	+	30	73361804	10307
chr5	73351497	73551497	harbor1	chr5	73362138	73362758	LINE/L2	2100	+	310	73362448	10951
chr5	133502807	133702807	harbor1	chr5	133503594	133503807	LINE/L2	616	+	106	133503700	893
chr5	133502807	133702807	harbor1	chr5	133504183	133504972	LINE/L2	616	+	394	133504577	1770
chr5	73351070	73551070	harbor1	chr5	73356214	73356326	LINE/L2	427	+	56	73356270	5200
chr5	73351070	73551070	harbor1	chr5	73357592	73358504	LINE/L2	1489	+	456	73358048	6978
chr5	73351070	73551070	harbor1	chr5	73359346	73359867	LINE/L2	953	+	260	73359606	8536
chr5	73351070	73551070	harbor1	chr5	73361774	73361834	LINE/L2	2100	+	30	73361804	10734
chr5	73351070	73551070	harbor1	chr5	73362138	73362758	LINE/L2	2100	+	310	73362448	11378
chr5	133905039	134105039	harbor1	chr5	133924655	133925709	LINE/L2	1295	+	527	133925182	20143
chr5	133905039	134105039	harbor1	chr5	133962242	133963396	LINE/L2	2268	+	577	133962819	57780
chr5	133905039	134105039	harbor1	chr5	133964674	133965099	LINE/L2	1464	+	212	133964886	59847
chr5	154657232	154857232	harbor1	chr5	154685984	154686164	LINE/L2	519	+	90	154686074	28842
chr5	154657232	154857232	harbor1	chr5	154711747	154712161	LINE/L2	946	+	207	154711954	54722
chr5	10341987	10541987	harbor1	chr5	10439622	10440233	LINE/L2	531	+	306	10439928	97941
chr5	42324781	42524781	harbor1	chr5	42387867	42389275	LINE/L2	1315	+	704	42388571	63790
chr5	42324781	42524781	harbor1	chr5	42418910	42419122	LINE/L2	525	+	106	42419016	94235
chr5	82647609	82847609	harbor1	chr5	82662055	82662320	LINE/L2	648	+	132	82662187	14578
chr5	82647609	82847609	harbor1	chr5	82666631	82667036	LINE/L2	427	+	202	82666833	19224
chr5	82647609	82847609	harbor1	chr5	82708669	82708958	LINE/L2	633	+	144	82708813	61204
chr5	82647609	82847609	harbor1	chr5	82709153	82709182	LINE/L2	633	+	14	82709167	61558
chr5	82647609	82847609	harbor1	chr5	82709357	82709555	LINE/L2	452	+	99	82709456	61847
chr5	132193610	132393610	harbor1	chr5	132229059	132230360	LINE/L2	976	+	650	132229709	36099
chr5	132193610	132393610	harbor1	chr5	132260251	132260623	LINE/L2	549	+	186	132260437	66827
chr5	78410105	78610105	harbor1	chr5	78493448	78493585	LINE/L2	573	+	68	78493516	83411
chr5	78410105	78610105	harbor1	chr5	78496789	78497205	LINE/L2	1118	+	208	78496997	86892
chr5	78410105	78610105	harbor1	chr5	78497196	78497602	LINE/L2	1143	+	203	78497399	87294
chr5	52688976	52888976	harbor1	chr5	52710079	52710354	LINE/L2	553	+	138	52710217	21241
chr5	52688976	52888976	harbor1	chr5	52729027	52729171	LINE/L2	435	+	72	52729099	40123
chr5	52688976	52888976	harbor1	chr5	52760719	52760929	LINE/L2	673	+	105	52760824	71848
chr5	52688976	52888976	harbor1	chr5	52761703	52761952	LINE/L2	1067	+	124	52761827	72851
chr5	52688976	52888976	harbor1	chr5	52762335	52762635	LINE/L2	1067	+	150	52762485	73509
chr5	52688976	52888976	harbor1	chr5	52772502	52772792	LINE/L2	428	+	145	52772647	83671
chr5	79136023	79336023	harbor1	chr5	79138946	79139363	LINE/L2	1200	+	208	79139154	3131
chr5	79136023	79336023	harbor1	chr5	79139862	79140134	LINE/L2	798	+	136	79139998	3975
chr5	79136023	79336023	harbor1	chr5	79140971	79141231	LINE/L2	529	+	130	79141101	5078
chr5	79136023	79336023	harbor1	chr5	79141520	79141712	LINE/L2	529	+	96	79141616	5593
chr5	79136023	79336023	harbor1	chr5	79170693	79171038	LINE/L2	429	+	172	79170865	34842
chr5	10151040	10351040	harbor1	chr5	10231620	10231832	LINE/L2	417	+	106	10231726	80686
chr5	10205523	10405523	harbor1	chr5	10231620	10231832	LINE/L2	417	+	106	10231726	26203
chr5	10184091	10384091	harbor1	chr5	10231620	10231832	LINE/L2	417	+	106	10231726	47635
chr5	73021050	73221050	harbor1	chr5	73116680	73117338	LINE/L2	1865	+	329	73117009	95959
chr5	73021050	73221050	harbor1	chr5	73117832	73118032	LINE/L2	599	+	100	73117932	96882
chr5	52700111	52900111	harbor1	chr5	52710079	52710354	LINE/L2	553	+	138	52710217	10106
chr5	52700111	52900111	harbor1	chr5	52729027	52729171	LINE/L2	435	+	72	52729099	28988
chr5	52700111	52900111	harbor1	chr5	52760719	52760929	LINE/L2	673	+	105	52760824	60713
chr5	52700111	52900111	harbor1	chr5	52761703	52761952	LINE/L2	1067	+	124	52761827	61716
chr5	52700111	52900111	harbor1	chr5	52762335	52762635	LINE/L2	1067	+	150	52762485	62374
chr5	52700111	52900111	harbor1	chr5	52772502	52772792	LINE/L2	428	+	145	52772647	72536
chr5	6533087	6733087	harbor1	chr5	6546449	6546816	LINE/L2	504	+	184	6546633	13546
chr5	10341898	10541898	harbor1	chr5	10439622	10440233	LINE/L2	531	+	306	10439928	98030
chr5	73350922	73550922	harbor1	chr5	73356214	73356326	LINE/L2	427	+	56	73356270	5348
chr5	73350922	73550922	harbor1	chr5	73357592	73358504	LINE/L2	1489	+	456	73358048	7126
chr5	73350922	73550922	harbor1	chr5	73359346	73359867	LINE/L2	953	+	260	73359606	8684
chr5	73350922	73550922	harbor1	chr5	73361774	73361834	LINE/L2	2100	+	30	73361804	10882
chr5	73350922	73550922	harbor1	chr5	73362138	73362758	LINE/L2	2100	+	310	73362448	11526
chr5	10341940	10541940	harbor1	chr5	10439622	10440233	LINE/L2	531	+	306	10439928	97988
chr5	37740447	37940447	harbor1	chr5	37806465	37806765	LINE/L2	904	+	150	37806615	66168
chr5	37740447	37940447	harbor1	chr5	37812305	37812503	LINE/L2	599	+	99	37812404	71957
chr5	37740447	37940447	harbor1	chr5	37817748	37818090	LINE/L2	991	+	171	37817919	77472
chr5	37740447	37940447	harbor1	chr5	37818796	37819125	LINE/L2	540	+	164	37818960	78513
chr5	37740447	37940447	harbor1	chr5	37831277	37831397	LINE/L2	473	+	60	37831337	90890
chr5	134922089	135122089	harbor1	chr5	134994611	134994856	LINE/L2	497	+	122	134994733	72644
chr5	134922089	135122089	harbor1	chr5	134995405	134995677	LINE/L2	414	+	136	134995541	73452
chr5	10186534	10386534	harbor1	chr5	10231620	10231832	LINE/L2	417	+	106	10231726	45192
chr5	128994660	129194660	harbor1	chr5	128999351	128999647	LINE/L2	607	+	148	128999499	4839
chr5	128994660	129194660	harbor1	chr5	129000212	129000399	LINE/L2	459	+	94	129000306	5646
chr5	128994660	129194660	harbor1	chr5	129085712	129086140	LINE/L2	1777	+	214	129085926	91266
chr5	128994660	129194660	harbor1	chr5	129086354	129086932	LINE/L2	1777	+	289	129086643	91983
chr5	72733843	72933843	harbor1	chr5	72822990	72824482	LINE/L2	4183	+	746	72823736	89893
chr5	72733843	72933843	harbor1	chr5	72825004	72825289	LINE/L2	1129	+	142	72825146	91303
chr5	72733843	72933843	harbor1	chr5	72825900	72826268	LINE/L2	1129	+	184	72826084	92241
chr5	72733843	72933843	harbor1	chr5	72826449	72826603	LINE/L2	632	+	77	72826526	92683
chr5	73307094	73507094	harbor1	chr5	73318832	73318962	LINE/L2	571	+	65	73318897	11803
chr5	73307094	73507094	harbor1	chr5	73356214	73356326	LINE/L2	427	+	56	73356270	49176
chr5	73307094	73507094	harbor1	chr5	73357592	73358504	LINE/L2	1489	+	456	73358048	50954
chr5	73307094	73507094	harbor1	chr5	73359346	73359867	LINE/L2	953	+	260	73359606	52512
chr5	73307094	73507094	harbor1	chr5	73361774	73361834	LINE/L2	2100	+	30	73361804	54710
chr5	73307094	73507094	harbor1	chr5	73362138	73362758	LINE/L2	2100	+	310	73362448	55354
chr5	178132777	178332777	harbor1	chr5	178151623	178152294	LINE/L2	929	+	336	178151959	19182
chr5	9289591	9489591	harbor1	chr5	9369874	9370099	LINE/L2	691	+	112	9369986	80395
chr5	79136006	79336006	harbor1	chr5	79138946	79139363	LINE/L2	1200	+	208	79139154	3148
chr5	79136006	79336006	harbor1	chr5	79139862	79140134	LINE/L2	798	+	136	79139998	3992
chr5	79136006	79336006	harbor1	chr5	79140971	79141231	LINE/L2	529	+	130	79141101	5095
chr5	79136006	79336006	harbor1	chr5	79141520	79141712	LINE/L2	529	+	96	79141616	5610
chr5	79136006	79336006	harbor1	chr5	79170693	79171038	LINE/L2	429	+	172	79170865	34859
chr5	89882308	90082308	harbor1	chr5	89974543	89975173	LINE/L2	915	+	315	89974858	92550
chr5	141778294	141978294	harbor1	chr5	141778874	141779174	LINE/L2	465	+	150	141779024	730
chr5	141778294	141978294	harbor1	chr5	141798762	141799129	LINE/L2	730	+	184	141798946	20652
chr5	141778294	141978294	harbor1	chr5	141801997	141802140	LINE/L2	685	+	72	141802069	23775
chr5	141778294	141978294	harbor1	chr5	141802474	141802642	LINE/L2	685	+	84	141802558	24264
chr5	141778294	141978294	harbor1	chr5	141819107	141819461	LINE/L2	731	+	177	141819284	40990
chr5	141778294	141978294	harbor1	chr5	141847634	141847911	LINE/L2	693	+	138	141847772	69478
chr5	141778294	141978294	harbor1	chr5	141848646	141848999	LINE/L2	495	+	176	141848822	70528
chr5	73338840	73538840	harbor1	chr5	73356214	73356326	LINE/L2	427	+	56	73356270	17430
chr5	73338840	73538840	harbor1	chr5	73357592	73358504	LINE/L2	1489	+	456	73358048	19208
chr5	73338840	73538840	harbor1	chr5	73359346	73359867	LINE/L2	953	+	260	73359606	20766
chr5	73338840	73538840	harbor1	chr5	73361774	73361834	LINE/L2	2100	+	30	73361804	22964
chr5	73338840	73538840	harbor1	chr5	73362138	73362758	LINE/L2	2100	+	310	73362448	23608
chr5	135442075	135642075	harbor1	chr5	135473612	135473810	LINE/L2	503	+	99	135473711	31636
chr5	135442075	135642075	harbor1	chr5	135510152	135510591	LINE/L2	811	+	220	135510372	68297
chr5	135442075	135642075	harbor1	chr5	135530086	135530422	LINE/L2	1170	+	168	135530254	88179
chr5	135442075	135642075	harbor1	chr5	135530775	135531226	LINE/L2	1170	+	226	135531001	88926
chr5	41825178	42025178	harbor1	chr5	41826688	41827179	LINE/L2	663	+	246	41826934	1756
chr5	41825178	42025178	harbor1	chr5	41831230	41831602	LINE/L2	1091	+	186	41831416	6238
chr5	41825178	42025178	harbor1	chr5	41856956	41857404	LINE/L2	1038	+	224	41857180	32002
chr5	41825178	42025178	harbor1	chr5	41844207	41845525	LINE/L2	1609	+	659	41844866	19688
chr5	133482188	133682188	harbor1	chr5	133503594	133503807	LINE/L2	616	+	106	133503700	21512
chr5	133482188	133682188	harbor1	chr5	133504183	133504972	LINE/L2	616	+	394	133504577	22389
chr5	73351520	73551520	harbor1	chr5	73356214	73356326	LINE/L2	427	+	56	73356270	4750
chr5	73351520	73551520	harbor1	chr5	73357592	73358504	LINE/L2	1489	+	456	73358048	6528
chr5	73351520	73551520	harbor1	chr5	73359346	73359867	LINE/L2	953	+	260	73359606	8086
chr5	73351520	73551520	harbor1	chr5	73361774	73361834	LINE/L2	2100	+	30	73361804	10284
chr5	73351520	73551520	harbor1	chr5	73362138	73362758	LINE/L2	2100	+	310	73362448	10928
chr5	134460977	134660977	harbor1	chr5	134489721	134491770	LINE/L2	5667	+	1024	134490745	29768
chr5	134460977	134660977	harbor1	chr5	134520439	134520745	LINE/L2	800	+	153	134520592	59615
chr5	134460977	134660977	harbor1	chr5	134521027	134521427	LINE/L2	1234	+	200	134521227	60250
chr5	134460977	134660977	harbor1	chr5	134536300	134536417	LINE/L2	429	+	58	134536358	75381
chr5	52700146	52900146	harbor1	chr5	52710079	52710354	LINE/L2	553	+	138	52710217	10071
chr5	52700146	52900146	harbor1	chr5	52729027	52729171	LINE/L2	435	+	72	52729099	28953
chr5	52700146	52900146	harbor1	chr5	52760719	52760929	LINE/L2	673	+	105	52760824	60678
chr5	52700146	52900146	harbor1	chr5	52761703	52761952	LINE/L2	1067	+	124	52761827	61681
chr5	52700146	52900146	harbor1	chr5	52762335	52762635	LINE/L2	1067	+	150	52762485	62339
chr5	52700146	52900146	harbor1	chr5	52772502	52772792	LINE/L2	428	+	145	52772647	72501
chr5	168386457	168586457	harbor1	chr5	168421330	168421615	LINE/L2	550	+	142	168421472	35015
chr5	168386457	168586457	harbor1	chr5	168434862	168435420	LINE/L2	1331	+	279	168435141	48684
chr5	168386457	168586457	harbor1	chr5	168435712	168435840	LINE/L2	1331	+	64	168435776	49319
chr5	168386457	168586457	harbor1	chr5	168436143	168436208	LINE/L2	1331	+	32	168436175	49718
chr5	168386457	168586457	harbor1	chr5	168436485	168437310	LINE/L2	1754	+	412	168436897	50440
chr5	168386457	168586457	harbor1	chr5	168437485	168437650	LINE/L2	1290	+	82	168437567	51110
chr5	168386457	168586457	harbor1	chr5	168485905	168486154	LINE/L2	465	+	124	168486029	99572
chr5	73351488	73551488	harbor1	chr5	73356214	73356326	LINE/L2	427	+	56	73356270	4782
chr5	73351488	73551488	harbor1	chr5	73357592	73358504	LINE/L2	1489	+	456	73358048	6560
chr5	73351488	73551488	harbor1	chr5	73359346	73359867	LINE/L2	953	+	260	73359606	8118
chr5	73351488	73551488	harbor1	chr5	73361774	73361834	LINE/L2	2100	+	30	73361804	10316
chr5	73351488	73551488	harbor1	chr5	73362138	73362758	LINE/L2	2100	+	310	73362448	10960
chr5	177411621	177611621	harbor1	chr5	177425080	177425454	LINE/L2	657	+	187	177425267	13646
chr5	177411621	177611621	harbor1	chr5	177484315	177485260	LINE/L2	1065	+	472	177484787	73166
chr5	177411621	177611621	harbor1	chr5	177498343	177499011	LINE/L2	1757	+	334	177498677	87056
chr5	177411621	177611621	harbor1	chr5	177499632	177500000	LINE/L2	1757	+	184	177499816	88195
chr5	177411621	177611621	harbor1	chr5	177500001	177500202	LINE/L2	743	+	100	177500101	88480
chr5	177411621	177611621	harbor1	chr5	177500513	177500736	LINE/L2	743	+	112	177500625	89004
chr5	10341929	10541929	harbor1	chr5	10439622	10440233	LINE/L2	531	+	306	10439928	97999
chr5	52700057	52900057	harbor1	chr5	52710079	52710354	LINE/L2	553	+	138	52710217	10160
chr5	52700057	52900057	harbor1	chr5	52729027	52729171	LINE/L2	435	+	72	52729099	29042
chr5	52700057	52900057	harbor1	chr5	52760719	52760929	LINE/L2	673	+	105	52760824	60767
chr5	52700057	52900057	harbor1	chr5	52761703	52761952	LINE/L2	1067	+	124	52761827	61770
chr5	52700057	52900057	harbor1	chr5	52762335	52762635	LINE/L2	1067	+	150	52762485	62428
chr5	52700057	52900057	harbor1	chr5	52772502	52772792	LINE/L2	428	+	145	52772647	72590
chr5	73351609	73551609	harbor1	chr5	73356214	73356326	LINE/L2	427	+	56	73356270	4661
chr5	73351609	73551609	harbor1	chr5	73357592	73358504	LINE/L2	1489	+	456	73358048	6439
chr5	73351609	73551609	harbor1	chr5	73359346	73359867	LINE/L2	953	+	260	73359606	7997
chr5	73351609	73551609	harbor1	chr5	73361774	73361834	LINE/L2	2100	+	30	73361804	10195
chr5	73351609	73551609	harbor1	chr5	73362138	73362758	LINE/L2	2100	+	310	73362448	10839
chr5	137653914	137853914	harbor1	chr5	137726985	137727383	LINE/L2	667	+	199	137727184	73270
chr5	137653914	137853914	harbor1	chr5	137727538	137727829	LINE/L2	494	+	146	137727684	73770
chr5	137653914	137853914	harbor1	chr5	137728244	137728359	LINE/L2	494	+	58	137728302	74388
chr5	137653914	137853914	harbor1	chr5	137746277	137746747	LINE/L2	1052	+	235	137746512	92598
chr5	132773569	132973569	harbor1	chr5	132791326	132791445	LINE/L2	1044	+	60	132791386	17817
chr5	132773569	132973569	harbor1	chr5	132791744	132791926	LINE/L2	1044	+	91	132791835	18266
chr5	132773569	132973569	harbor1	chr5	132812343	132812702	LINE/L2	668	+	180	132812523	38954
chr5	132773569	132973569	harbor1	chr5	132792058	132792667	LINE/L2	454	+	304	132792362	18793
chr5	73345271	73545271	harbor1	chr5	73356214	73356326	LINE/L2	427	+	56	73356270	10999
chr5	73345271	73545271	harbor1	chr5	73357592	73358504	LINE/L2	1489	+	456	73358048	12777
chr5	73345271	73545271	harbor1	chr5	73359346	73359867	LINE/L2	953	+	260	73359606	14335
chr5	73345271	73545271	harbor1	chr5	73361774	73361834	LINE/L2	2100	+	30	73361804	16533
chr5	73345271	73545271	harbor1	chr5	73362138	73362758	LINE/L2	2100	+	310	73362448	17177
chr5	133166160	133366160	harbor1	chr5	133214381	133215597	LINE/L2	2467	+	608	133214989	48829
chr5	133166160	133366160	harbor1	chr5	133216077	133216301	LINE/L2	2467	+	112	133216189	50029
chr5	133166160	133366160	harbor1	chr5	133216651	133216858	LINE/L2	2467	+	104	133216755	50595
chr5	133166160	133366160	harbor1	chr5	133230591	133231084	LINE/L2	1208	+	246	133230837	64677
chr5	133166160	133366160	harbor1	chr5	133231098	133231273	LINE/L2	474	+	88	133231186	65026
chr5	133166160	133366160	harbor1	chr5	133256995	133257108	LINE/L2	473	+	56	133257051	90891
chr5	133166160	133366160	harbor1	chr5	133217853	133218986	LINE/L2	1632	+	566	133218419	52259
chr5	73350862	73550862	harbor1	chr5	73356214	73356326	LINE/L2	427	+	56	73356270	5408
chr5	73350862	73550862	harbor1	chr5	73357592	73358504	LINE/L2	1489	+	456	73358048	7186
chr5	73350862	73550862	harbor1	chr5	73359346	73359867	LINE/L2	953	+	260	73359606	8744
chr5	73350862	73550862	harbor1	chr5	73361774	73361834	LINE/L2	2100	+	30	73361804	10942
chr5	73350862	73550862	harbor1	chr5	73362138	73362758	LINE/L2	2100	+	310	73362448	11586
chr5	133206059	133406059	harbor1	chr5	133214381	133215597	LINE/L2	2467	+	608	133214989	8930
chr5	133206059	133406059	harbor1	chr5	133216077	133216301	LINE/L2	2467	+	112	133216189	10130
chr5	133206059	133406059	harbor1	chr5	133216651	133216858	LINE/L2	2467	+	104	133216755	10696
chr5	133206059	133406059	harbor1	chr5	133230591	133231084	LINE/L2	1208	+	246	133230837	24778
chr5	133206059	133406059	harbor1	chr5	133231098	133231273	LINE/L2	474	+	88	133231186	25127
chr5	133206059	133406059	harbor1	chr5	133256995	133257108	LINE/L2	473	+	56	133257051	50992
chr5	133206059	133406059	harbor1	chr5	133294462	133295783	LINE/L2	2971	+	660	133295122	89063
chr5	133206059	133406059	harbor1	chr5	133296184	133296498	LINE/L2	981	+	157	133296341	90282
chr5	133206059	133406059	harbor1	chr5	133296560	133296871	LINE/L2	714	+	156	133296716	90657
chr5	133206059	133406059	harbor1	chr5	133217853	133218986	LINE/L2	1632	+	566	133218419	12360
chr5	37740476	37940476	harbor1	chr5	37806465	37806765	LINE/L2	904	+	150	37806615	66139
chr5	37740476	37940476	harbor1	chr5	37812305	37812503	LINE/L2	599	+	99	37812404	71928
chr5	37740476	37940476	harbor1	chr5	37817748	37818090	LINE/L2	991	+	171	37817919	77443
chr5	37740476	37940476	harbor1	chr5	37818796	37819125	LINE/L2	540	+	164	37818960	78484
chr5	37740476	37940476	harbor1	chr5	37831277	37831397	LINE/L2	473	+	60	37831337	90861
chr5	73345492	73545492	harbor1	chr5	73356214	73356326	LINE/L2	427	+	56	73356270	10778
chr5	73345492	73545492	harbor1	chr5	73357592	73358504	LINE/L2	1489	+	456	73358048	12556
chr5	73345492	73545492	harbor1	chr5	73359346	73359867	LINE/L2	953	+	260	73359606	14114
chr5	73345492	73545492	harbor1	chr5	73361774	73361834	LINE/L2	2100	+	30	73361804	16312
chr5	73345492	73545492	harbor1	chr5	73362138	73362758	LINE/L2	2100	+	310	73362448	16956
chr5	73345455	73545455	harbor1	chr5	73356214	73356326	LINE/L2	427	+	56	73356270	10815
chr5	73345455	73545455	harbor1	chr5	73357592	73358504	LINE/L2	1489	+	456	73358048	12593
chr5	73345455	73545455	harbor1	chr5	73359346	73359867	LINE/L2	953	+	260	73359606	14151
chr5	73345455	73545455	harbor1	chr5	73361774	73361834	LINE/L2	2100	+	30	73361804	16349
chr5	73345455	73545455	harbor1	chr5	73362138	73362758	LINE/L2	2100	+	310	73362448	16993
chr5	4423791	4623791	harbor1	chr5	4468537	4468865	LINE/L2	748	+	164	4468701	44910
chr5	4423791	4623791	harbor1	chr5	4469183	4469252	LINE/L2	748	+	34	4469217	45426
chr5	91002545	91202545	harbor1	chr5	91043426	91043467	LINE/L2	687	+	20	91043446	40901
chr5	91002545	91202545	harbor1	chr5	91043727	91044067	LINE/L2	687	+	170	91043897	41352
chr5	91002545	91202545	harbor1	chr5	91050905	91051013	LINE/L2	461	+	54	91050959	48414
chr5	91002545	91202545	harbor1	chr5	91076285	91076508	LINE/L2	498	+	112	91076397	73852
chr5	52700042	52900042	harbor1	chr5	52710079	52710354	LINE/L2	553	+	138	52710217	10175
chr5	52700042	52900042	harbor1	chr5	52729027	52729171	LINE/L2	435	+	72	52729099	29057
chr5	52700042	52900042	harbor1	chr5	52760719	52760929	LINE/L2	673	+	105	52760824	60782
chr5	52700042	52900042	harbor1	chr5	52761703	52761952	LINE/L2	1067	+	124	52761827	61785
chr5	52700042	52900042	harbor1	chr5	52762335	52762635	LINE/L2	1067	+	150	52762485	62443
chr5	52700042	52900042	harbor1	chr5	52772502	52772792	LINE/L2	428	+	145	52772647	72605
chr6	7626958	7826958	harbor1	chr6	7711513	7712772	LINE/L2	1523	+	630	7712143	85185
chr6	7626958	7826958	harbor1	chr6	7719728	7719973	LINE/L2	715	+	122	7719850	92892
chr6	7626958	7826958	harbor1	chr6	7720410	7720725	LINE/L2	871	+	158	7720568	93610
chr6	147103351	147303351	harbor1	chr6	147151103	147151671	LINE/L2	831	+	284	147151387	48036
chr6	147103351	147303351	harbor1	chr6	147152362	147152654	LINE/L2	495	+	146	147152508	49157
chr6	147103351	147303351	harbor1	chr6	147199581	147199796	LINE/L2	624	+	108	147199689	96338
chr6	151352847	151552847	harbor1	chr6	151448190	151448462	LINE/L2	942	+	136	151448326	95479
chr6	151352847	151552847	harbor1	chr6	151448466	151448808	LINE/L2	870	+	171	151448637	95790
chr6	151352847	151552847	harbor1	chr6	151449386	151449623	LINE/L2	870	+	118	151449504	96657
chr6	7626630	7826630	harbor1	chr6	7711513	7712772	LINE/L2	1523	+	630	7712143	85513
chr6	7626630	7826630	harbor1	chr6	7719728	7719973	LINE/L2	715	+	122	7719850	93220
chr6	7626630	7826630	harbor1	chr6	7720410	7720725	LINE/L2	871	+	158	7720568	93938
chr6	30588846	30788846	harbor1	chr6	30657415	30658065	LINE/L2	1138	+	325	30657740	68894
chr6	124862322	125062322	harbor1	chr6	124922239	124922472	LINE/L2	579	+	116	124922355	60033
chr6	124862322	125062322	harbor1	chr6	124922979	124923416	LINE/L2	677	+	218	124923197	60875
chr6	37070820	37270820	harbor1	chr6	37112143	37112366	LINE/L2	1138	+	112	37112255	41435
chr6	37070820	37270820	harbor1	chr6	37113070	37113137	LINE/L2	1138	+	34	37113104	42284
chr6	37070820	37270820	harbor1	chr6	37114966	37115248	LINE/L2	857	+	141	37115107	44287
chr6	32869543	33069543	harbor1	chr6	32957844	32958244	LINE/L2	602	+	200	32958044	88501
chr6	118833199	119033199	harbor1	chr6	118899004	118899507	LINE/L2	1363	+	252	118899256	66057
chr6	28999817	29199817	harbor1	chr6	29004309	29004442	LINE/L2	566	+	66	29004375	4558
chr6	28999817	29199817	harbor1	chr6	29004544	29004717	LINE/L2	566	+	86	29004630	4813
chr6	28999817	29199817	harbor1	chr6	29004718	29005245	LINE/L2	1222	+	264	29004982	5165
chr6	28999817	29199817	harbor1	chr6	29050261	29050756	LINE/L2	616	+	248	29050509	50692
chr6	28999817	29199817	harbor1	chr6	29051074	29051253	LINE/L2	616	+	90	29051164	51347
chr6	28999817	29199817	harbor1	chr6	29079818	29080159	LINE/L2	507	+	170	29079988	80171
chr6	37002540	37202540	harbor1	chr6	37032003	37032604	LINE/L2	625	+	300	37032303	29763
chr6	37002540	37202540	harbor1	chr6	37032895	37033014	LINE/L2	625	+	60	37032955	30415
chr6	37002540	37202540	harbor1	chr6	37054491	37055084	LINE/L2	894	+	296	37054787	52247
chr6	7626969	7826969	harbor1	chr6	7711513	7712772	LINE/L2	1523	+	630	7712143	85174
chr6	7626969	7826969	harbor1	chr6	7719728	7719973	LINE/L2	715	+	122	7719850	92881
chr6	7626969	7826969	harbor1	chr6	7720410	7720725	LINE/L2	871	+	158	7720568	93599
chr6	7332945	7532945	harbor1	chr6	7376645	7376928	LINE/L2	619	+	142	7376787	43842
chr6	7332945	7532945	harbor1	chr6	7423061	7423360	LINE/L2	576	+	150	7423211	90266
chr6	139275442	139475442	harbor1	chr6	139322513	139322688	LINE/L2	716	+	88	139322601	47159
chr6	139275442	139475442	harbor1	chr6	139325976	139326109	LINE/L2	524	+	66	139326042	50600
chr6	139275442	139475442	harbor1	chr6	139327216	139327638	LINE/L2	866	+	211	139327427	51985
chr6	139275115	139475115	harbor1	chr6	139322513	139322688	LINE/L2	716	+	88	139322601	47486
chr6	139275115	139475115	harbor1	chr6	139325976	139326109	LINE/L2	524	+	66	139326042	50927
chr6	139275115	139475115	harbor1	chr6	139327216	139327638	LINE/L2	866	+	211	139327427	52312
chr6	149350987	149550987	harbor1	chr6	149363706	149364373	LINE/L2	1112	+	334	149364040	13053
chr6	149350987	149550987	harbor1	chr6	149381876	149382223	LINE/L2	847	+	174	149382050	31063
chr6	7626955	7826955	harbor1	chr6	7711513	7712772	LINE/L2	1523	+	630	7712143	85188
chr6	7626955	7826955	harbor1	chr6	7719728	7719973	LINE/L2	715	+	122	7719850	92895
chr6	7626955	7826955	harbor1	chr6	7720410	7720725	LINE/L2	871	+	158	7720568	93613
chr6	63473404	63673404	harbor1	chr6	63482076	63482330	LINE/L2	441	+	127	63482203	8799
chr6	63473404	63673404	harbor1	chr6	63563032	63563704	LINE/L2	447	+	336	63563368	89964
chr6	139275101	139475101	harbor1	chr6	139322513	139322688	LINE/L2	716	+	88	139322601	47500
chr6	139275101	139475101	harbor1	chr6	139325976	139326109	LINE/L2	524	+	66	139326042	50941
chr6	139275101	139475101	harbor1	chr6	139327216	139327638	LINE/L2	866	+	211	139327427	52326
chr6	41091927	41291927	harbor1	chr6	41094950	41095322	LINE/L2	661	+	186	41095136	3209
chr6	41091927	41291927	harbor1	chr6	41157521	41157897	LINE/L2	897	+	188	41157709	65782
chr6	139274669	139474669	harbor1	chr6	139322513	139322688	LINE/L2	716	+	88	139322601	47932
chr6	139274669	139474669	harbor1	chr6	139325976	139326109	LINE/L2	524	+	66	139326042	51373
chr6	139274669	139474669	harbor1	chr6	139327216	139327638	LINE/L2	866	+	211	139327427	52758
chr6	37070848	37270848	harbor1	chr6	37112143	37112366	LINE/L2	1138	+	112	37112255	41407
chr6	37070848	37270848	harbor1	chr6	37113070	37113137	LINE/L2	1138	+	34	37113104	42256
chr6	37070848	37270848	harbor1	chr6	37114966	37115248	LINE/L2	857	+	141	37115107	44259
chr6	139272471	139472471	harbor1	chr6	139322513	139322688	LINE/L2	716	+	88	139322601	50130
chr6	139272471	139472471	harbor1	chr6	139325976	139326109	LINE/L2	524	+	66	139326042	53571
chr6	139272471	139472471	harbor1	chr6	139327216	139327638	LINE/L2	866	+	211	139327427	54956
chr6	35352657	35552657	harbor1	chr6	35451111	35451556	LINE/L2	516	+	222	35451333	98676
chr6	167788720	167988720	harbor1	chr6	167794074	167794363	LINE/L2	453	+	144	167794218	5498
chr6	167788720	167988720	harbor1	chr6	167847082	167848079	LINE/L2	1555	+	498	167847580	58860
chr6	167788720	167988720	harbor1	chr6	167878636	167879137	LINE/L2	514	+	250	167878886	90166
chr6	7623404	7823404	harbor1	chr6	7711513	7712772	LINE/L2	1523	+	630	7712143	88739
chr6	7623404	7823404	harbor1	chr6	7719728	7719973	LINE/L2	715	+	122	7719850	96446
chr6	7623404	7823404	harbor1	chr6	7720410	7720725	LINE/L2	871	+	158	7720568	97164
chr6	37070842	37270842	harbor1	chr6	37112143	37112366	LINE/L2	1138	+	112	37112255	41413
chr6	37070842	37270842	harbor1	chr6	37113070	37113137	LINE/L2	1138	+	34	37113104	42262
chr6	37070842	37270842	harbor1	chr6	37114966	37115248	LINE/L2	857	+	141	37115107	44265
chr6	161052402	161252402	harbor1	chr6	161082645	161083409	LINE/L2	1386	+	382	161083027	30625
chr6	6446445	6646445	harbor1	chr6	6487754	6488047	LINE/L2	639	+	146	6487900	41455
chr6	6446445	6646445	harbor1	chr6	6539014	6539609	LINE/L2	956	+	298	6539312	92867
chr6	139275457	139475457	harbor1	chr6	139322513	139322688	LINE/L2	716	+	88	139322601	47144
chr6	139275457	139475457	harbor1	chr6	139325976	139326109	LINE/L2	524	+	66	139326042	50585
chr6	139275457	139475457	harbor1	chr6	139327216	139327638	LINE/L2	866	+	211	139327427	51970
chr6	63473429	63673429	harbor1	chr6	63482076	63482330	LINE/L2	441	+	127	63482203	8774
chr6	63473429	63673429	harbor1	chr6	63563032	63563704	LINE/L2	447	+	336	63563368	89939
chr6	7626967	7826967	harbor1	chr6	7711513	7712772	LINE/L2	1523	+	630	7712143	85176
chr6	7626967	7826967	harbor1	chr6	7719728	7719973	LINE/L2	715	+	122	7719850	92883
chr6	7626967	7826967	harbor1	chr6	7720410	7720725	LINE/L2	871	+	158	7720568	93601
chr6	139275547	139475547	harbor1	chr6	139322513	139322688	LINE/L2	716	+	88	139322601	47054
chr6	139275547	139475547	harbor1	chr6	139325976	139326109	LINE/L2	524	+	66	139326042	50495
chr6	139275547	139475547	harbor1	chr6	139327216	139327638	LINE/L2	866	+	211	139327427	51880
chr6	139274614	139474614	harbor1	chr6	139322513	139322688	LINE/L2	716	+	88	139322601	47987
chr6	139274614	139474614	harbor1	chr6	139325976	139326109	LINE/L2	524	+	66	139326042	51428
chr6	139274614	139474614	harbor1	chr6	139327216	139327638	LINE/L2	866	+	211	139327427	52813
chr6	166056777	166256777	harbor1	chr6	166090132	166090189	LINE/L2	453	+	28	166090160	33383
chr6	166056777	166256777	harbor1	chr6	166090494	166090614	LINE/L2	453	+	60	166090554	33777
chr6	166056777	166256777	harbor1	chr6	166090984	166092016	LINE/L2	453	+	516	166091500	34723
chr6	43872397	44072397	harbor1	chr6	43878189	43878571	LINE/L2	531	+	191	43878380	5983
chr6	43872397	44072397	harbor1	chr6	43882603	43882852	LINE/L2	476	+	124	43882727	10330
chr6	43872397	44072397	harbor1	chr6	43883605	43883780	LINE/L2	474	+	88	43883693	11296
chr6	43872397	44072397	harbor1	chr6	43883822	43883947	LINE/L2	474	+	62	43883884	11487
chr6	43872397	44072397	harbor1	chr6	43902918	43903040	LINE/L2	528	+	61	43902979	30582
chr6	43872397	44072397	harbor1	chr6	43952724	43953213	LINE/L2	1771	+	244	43952968	80571
chr6	37070850	37270850	harbor1	chr6	37112143	37112366	LINE/L2	1138	+	112	37112255	41405
chr6	37070850	37270850	harbor1	chr6	37113070	37113137	LINE/L2	1138	+	34	37113104	42254
chr6	37070850	37270850	harbor1	chr6	37114966	37115248	LINE/L2	857	+	141	37115107	44257
chr6	139274583	139474583	harbor1	chr6	139322513	139322688	LINE/L2	716	+	88	139322601	48018
chr6	139274583	139474583	harbor1	chr6	139325976	139326109	LINE/L2	524	+	66	139326042	51459
chr6	139274583	139474583	harbor1	chr6	139327216	139327638	LINE/L2	866	+	211	139327427	52844
chr6	167862891	168062891	harbor1	chr6	167878636	167879137	LINE/L2	514	+	250	167878886	15995
chr6	167862891	168062891	harbor1	chr6	167903612	167904209	LINE/L2	1136	+	298	167903910	41019
chr6	167862891	168062891	harbor1	chr6	167904510	167904731	LINE/L2	1136	+	110	167904620	41729
chr6	167862891	168062891	harbor1	chr6	167956387	167956931	LINE/L2	604	+	272	167956659	93768
chr6	37070872	37270872	harbor1	chr6	37112143	37112366	LINE/L2	1138	+	112	37112255	41383
chr6	37070872	37270872	harbor1	chr6	37113070	37113137	LINE/L2	1138	+	34	37113104	42232
chr6	37070872	37270872	harbor1	chr6	37114966	37115248	LINE/L2	857	+	141	37115107	44235
chr6	37070838	37270838	harbor1	chr6	37112143	37112366	LINE/L2	1138	+	112	37112255	41417
chr6	37070838	37270838	harbor1	chr6	37113070	37113137	LINE/L2	1138	+	34	37113104	42266
chr6	37070838	37270838	harbor1	chr6	37114966	37115248	LINE/L2	857	+	141	37115107	44269
chr6	165559080	165759080	harbor1	chr6	165579447	165580192	LINE/L2	1118	+	372	165579819	20739
chr6	165559080	165759080	harbor1	chr6	165596134	165596448	LINE/L2	1214	+	157	165596291	37211
chr6	165559080	165759080	harbor1	chr6	165596745	165597257	LINE/L2	1214	+	256	165597001	37921
chr6	165559080	165759080	harbor1	chr6	165655190	165655800	LINE/L2	784	+	305	165655495	96415
chr6	33522113	33722113	harbor1	chr6	33537262	33537381	LINE/L2	493	+	60	33537322	15209
chr6	33522113	33722113	harbor1	chr6	33596552	33596700	LINE/L2	727	+	74	33596626	74513
chr6	33522113	33722113	harbor1	chr6	33597014	33597204	LINE/L2	727	+	95	33597109	74996
chr6	33522113	33722113	harbor1	chr6	33597502	33597689	LINE/L2	801	+	94	33597596	75483
chr6	33522113	33722113	harbor1	chr6	33597809	33597845	LINE/L2	801	+	18	33597827	75714
chr6	52184772	52384772	harbor1	chr6	52203320	52203701	LINE/L2	1390	+	190	52203510	18738
chr6	52184772	52384772	harbor1	chr6	52207802	52207965	LINE/L2	521	+	82	52207884	23112
chr6	139275131	139475131	harbor1	chr6	139322513	139322688	LINE/L2	716	+	88	139322601	47470
chr6	139275131	139475131	harbor1	chr6	139325976	139326109	LINE/L2	524	+	66	139326042	50911
chr6	139275131	139475131	harbor1	chr6	139327216	139327638	LINE/L2	866	+	211	139327427	52296
chr6	30386552	30586552	harbor1	chr6	30440018	30440437	LINE/L2	503	+	210	30440228	53676
chr6	30386552	30586552	harbor1	chr6	30480809	30481145	LINE/L2	690	+	168	30480977	94425
chr6	139275446	139475446	harbor1	chr6	139322513	139322688	LINE/L2	716	+	88	139322601	47155
chr6	139275446	139475446	harbor1	chr6	139325976	139326109	LINE/L2	524	+	66	139326042	50596
chr6	139275446	139475446	harbor1	chr6	139327216	139327638	LINE/L2	866	+	211	139327427	51981
chr6	43738762	43938762	harbor1	chr6	43749687	43750064	LINE/L2	892	+	188	43749875	11113
chr6	43738762	43938762	harbor1	chr6	43750374	43750410	LINE/L2	892	+	18	43750392	11630
chr6	43738762	43938762	harbor1	chr6	43750706	43750871	LINE/L2	892	+	82	43750788	12026
chr6	43738762	43938762	harbor1	chr6	43788254	43788781	LINE/L2	1074	+	264	43788518	49756
chr6	43738762	43938762	harbor1	chr6	43789492	43789615	LINE/L2	653	+	62	43789554	50792
chr6	43738762	43938762	harbor1	chr6	43800269	43800826	LINE/L2	1461	+	278	43800547	61785
chr6	43738762	43938762	harbor1	chr6	43802275	43803057	LINE/L2	617	+	391	43802666	63904
chr6	52476001	52676001	harbor1	chr6	52546848	52546962	LINE/L2	467	+	57	52546905	70904
chr6	37183201	37383201	harbor1	chr6	37202167	37202194	LINE/L2	873	+	14	37202181	18980
chr6	37183201	37383201	harbor1	chr6	37202492	37202977	LINE/L2	873	+	242	37202734	19533
chr6	37183201	37383201	harbor1	chr6	37206702	37206964	LINE/L2	463	+	131	37206833	23632
chr6	37183201	37383201	harbor1	chr6	37232770	37233322	LINE/L2	463	+	276	37233046	49845
chr6	37183201	37383201	harbor1	chr6	37233676	37233726	LINE/L2	463	+	25	37233701	50500
chr6	37183201	37383201	harbor1	chr6	37271880	37271996	LINE/L2	529	+	58	37271938	88737
chr6	37002552	37202552	harbor1	chr6	37032003	37032604	LINE/L2	625	+	300	37032303	29751
chr6	37002552	37202552	harbor1	chr6	37032895	37033014	LINE/L2	625	+	60	37032955	30403
chr6	37002552	37202552	harbor1	chr6	37054491	37055084	LINE/L2	894	+	296	37054787	52235
chr6	30366711	30566711	harbor1	chr6	30440018	30440437	LINE/L2	503	+	210	30440228	73517
chr6	27415396	27615396	harbor1	chr6	27419624	27419956	LINE/L2	1026	+	166	27419790	4394
chr6	27415396	27615396	harbor1	chr6	27448099	27448765	LINE/L2	1431	+	333	27448432	33036
chr6	27415396	27615396	harbor1	chr6	27443141	27444852	LINE/L2	4158	+	856	27443997	28601
chr6	139275475	139475475	harbor1	chr6	139322513	139322688	LINE/L2	716	+	88	139322601	47126
chr6	139275475	139475475	harbor1	chr6	139325976	139326109	LINE/L2	524	+	66	139326042	50567
chr6	139275475	139475475	harbor1	chr6	139327216	139327638	LINE/L2	866	+	211	139327427	51952
chr6	30366632	30566632	harbor1	chr6	30440018	30440437	LINE/L2	503	+	210	30440228	73596
chr6	139274465	139474465	harbor1	chr6	139322513	139322688	LINE/L2	716	+	88	139322601	48136
chr6	139274465	139474465	harbor1	chr6	139325976	139326109	LINE/L2	524	+	66	139326042	51577
chr6	139274465	139474465	harbor1	chr6	139327216	139327638	LINE/L2	866	+	211	139327427	52962
chr6	52184695	52384695	harbor1	chr6	52203320	52203701	LINE/L2	1390	+	190	52203510	18815
chr6	52184695	52384695	harbor1	chr6	52207802	52207965	LINE/L2	521	+	82	52207884	23189
chr6	3749398	3949398	harbor1	chr6	3757327	3757455	LINE/L2	510	+	64	3757391	7993
chr6	3749398	3949398	harbor1	chr6	3757611	3757849	LINE/L2	510	+	119	3757730	8332
chr6	3749398	3949398	harbor1	chr6	3805718	3805834	LINE/L2	464	+	58	3805776	56378
chr6	167862848	168062848	harbor1	chr6	167878636	167879137	LINE/L2	514	+	250	167878886	16038
chr6	167862848	168062848	harbor1	chr6	167903612	167904209	LINE/L2	1136	+	298	167903910	41062
chr6	167862848	168062848	harbor1	chr6	167904510	167904731	LINE/L2	1136	+	110	167904620	41772
chr6	167862848	168062848	harbor1	chr6	167956387	167956931	LINE/L2	604	+	272	167956659	93811
chr6	150800581	151000581	harbor1	chr6	150862540	150863191	LINE/L2	484	+	326	150862866	62285
chr6	150800581	151000581	harbor1	chr6	150863488	150863655	LINE/L2	484	+	84	150863572	62991
chr6	39128541	39328541	harbor1	chr6	39202050	39202177	LINE/L2	619	+	64	39202114	73573
chr6	147063104	147263104	harbor1	chr6	147098887	147099236	LINE/L2	822	+	174	147099061	35957
chr6	147063104	147263104	harbor1	chr6	147151103	147151671	LINE/L2	831	+	284	147151387	88283
chr6	147063104	147263104	harbor1	chr6	147152362	147152654	LINE/L2	495	+	146	147152508	89404
chr6	147063104	147263104	harbor1	chr6	147095339	147095802	LINE/L2	541	+	232	147095571	32467
chr6	124862409	125062409	harbor1	chr6	124922239	124922472	LINE/L2	579	+	116	124922355	59946
chr6	124862409	125062409	harbor1	chr6	124922979	124923416	LINE/L2	677	+	218	124923197	60788
chr6	135363713	135563713	harbor1	chr6	135401050	135401408	LINE/L2	517	+	179	135401229	37516
chr6	135363713	135563713	harbor1	chr6	135452450	135453086	LINE/L2	763	+	318	135452768	89055
chr6	146813086	147013086	harbor1	chr6	146901229	146901614	LINE/L2	1051	+	192	146901421	88335
chr6	146813086	147013086	harbor1	chr6	146901686	146901705	LINE/L2	1051	+	10	146901696	88610
chr6	106529506	106729506	harbor1	chr6	106554739	106554863	LINE/L2	503	+	62	106554801	25295
chr6	106529506	106729506	harbor1	chr6	106591083	106591323	LINE/L2	526	+	120	106591203	61697
chr6	130963222	131163222	harbor1	chr6	131006767	131007119	LINE/L2	554	+	176	131006943	43721
chr6	27415400	27615400	harbor1	chr6	27419624	27419956	LINE/L2	1026	+	166	27419790	4390
chr6	27415400	27615400	harbor1	chr6	27448099	27448765	LINE/L2	1431	+	333	27448432	33032
chr6	27415400	27615400	harbor1	chr6	27443141	27444852	LINE/L2	4158	+	856	27443997	28597
chr6	41091934	41291934	harbor1	chr6	41094950	41095322	LINE/L2	661	+	186	41095136	3202
chr6	41091934	41291934	harbor1	chr6	41157521	41157897	LINE/L2	897	+	188	41157709	65775
chr6	37070864	37270864	harbor1	chr6	37112143	37112366	LINE/L2	1138	+	112	37112255	41391
chr6	37070864	37270864	harbor1	chr6	37113070	37113137	LINE/L2	1138	+	34	37113104	42240
chr6	37070864	37270864	harbor1	chr6	37114966	37115248	LINE/L2	857	+	141	37115107	44243
chr6	139275440	139475440	harbor1	chr6	139322513	139322688	LINE/L2	716	+	88	139322601	47161
chr6	139275440	139475440	harbor1	chr6	139325976	139326109	LINE/L2	524	+	66	139326042	50602
chr6	139275440	139475440	harbor1	chr6	139327216	139327638	LINE/L2	866	+	211	139327427	51987
chr6	124862399	125062399	harbor1	chr6	124922239	124922472	LINE/L2	579	+	116	124922355	59956
chr6	124862399	125062399	harbor1	chr6	124922979	124923416	LINE/L2	677	+	218	124923197	60798
chr6	35589290	35789290	harbor1	chr6	35663476	35663909	LINE/L2	738	+	216	35663692	74402
chr6	37070857	37270857	harbor1	chr6	37112143	37112366	LINE/L2	1138	+	112	37112255	41398
chr6	37070857	37270857	harbor1	chr6	37113070	37113137	LINE/L2	1138	+	34	37113104	42247
chr6	37070857	37270857	harbor1	chr6	37114966	37115248	LINE/L2	857	+	141	37115107	44250
chr6	139275439	139475439	harbor1	chr6	139322513	139322688	LINE/L2	716	+	88	139322601	47162
chr6	139275439	139475439	harbor1	chr6	139325976	139326109	LINE/L2	524	+	66	139326042	50603
chr6	139275439	139475439	harbor1	chr6	139327216	139327638	LINE/L2	866	+	211	139327427	51988
chr6	37002937	37202937	harbor1	chr6	37032003	37032604	LINE/L2	625	+	300	37032303	29366
chr6	37002937	37202937	harbor1	chr6	37032895	37033014	LINE/L2	625	+	60	37032955	30018
chr6	37002937	37202937	harbor1	chr6	37054491	37055084	LINE/L2	894	+	296	37054787	51850
chr6	139275169	139475169	harbor1	chr6	139322513	139322688	LINE/L2	716	+	88	139322601	47432
chr6	139275169	139475169	harbor1	chr6	139325976	139326109	LINE/L2	524	+	66	139326042	50873
chr6	139275169	139475169	harbor1	chr6	139327216	139327638	LINE/L2	866	+	211	139327427	52258
chr6	139274579	139474579	harbor1	chr6	139322513	139322688	LINE/L2	716	+	88	139322601	48022
chr6	139274579	139474579	harbor1	chr6	139325976	139326109	LINE/L2	524	+	66	139326042	51463
chr6	139274579	139474579	harbor1	chr6	139327216	139327638	LINE/L2	866	+	211	139327427	52848
chr6	11714941	11914941	harbor1	chr6	11760252	11760848	LINE/L2	1186	+	298	11760550	45609
chr6	11714941	11914941	harbor1	chr6	11760928	11761439	LINE/L2	635	+	256	11761184	46243
chr6	11714941	11914941	harbor1	chr6	11782971	11783578	LINE/L2	440	+	304	11783275	68334
chr6	37070849	37270849	harbor1	chr6	37112143	37112366	LINE/L2	1138	+	112	37112255	41406
chr6	37070849	37270849	harbor1	chr6	37113070	37113137	LINE/L2	1138	+	34	37113104	42255
chr6	37070849	37270849	harbor1	chr6	37114966	37115248	LINE/L2	857	+	141	37115107	44258
chr6	41832810	42032810	harbor1	chr6	41858494	41859008	LINE/L2	1811	+	257	41858751	25941
chr6	41832810	42032810	harbor1	chr6	41859005	41859623	LINE/L2	763	+	309	41859314	26504
chr6	41832810	42032810	harbor1	chr6	41922445	41922635	LINE/L2	441	+	95	41922540	89730
chr6	41832810	42032810	harbor1	chr6	41922873	41923128	LINE/L2	780	+	128	41923001	90191
chr6	41832810	42032810	harbor1	chr6	41923735	41924060	LINE/L2	780	+	162	41923897	91087
chr6	41832810	42032810	harbor1	chr6	41924371	41924430	LINE/L2	640	+	30	41924401	91591
chr6	41832810	42032810	harbor1	chr6	41924473	41924601	LINE/L2	640	+	64	41924537	91727
chr6	18268218	18468218	harbor1	chr6	18269009	18269186	LINE/L2	687	+	88	18269097	879
chr6	18268218	18468218	harbor1	chr6	18282950	18283114	LINE/L2	592	+	82	18283032	14814
chr6	18268218	18468218	harbor1	chr6	18350587	18351417	LINE/L2	664	+	415	18351002	82784
chr6	18268218	18468218	harbor1	chr6	18349830	18350318	LINE/L2	664	+	244	18350074	81856
chr6	31996199	32196199	harbor1	chr6	32065261	32065450	LINE/L2	841	+	94	32065355	69156
chr6	31996199	32196199	harbor1	chr6	32074492	32074686	LINE/L2	1613	+	97	32074589	78390
chr6	31996199	32196199	harbor1	chr6	32074980	32075739	LINE/L2	1613	+	380	32075360	79161
chr6	150800587	151000587	harbor1	chr6	150862540	150863191	LINE/L2	484	+	326	150862866	62279
chr6	150800587	151000587	harbor1	chr6	150863488	150863655	LINE/L2	484	+	84	150863572	62985
chr6	139275128	139475128	harbor1	chr6	139322513	139322688	LINE/L2	716	+	88	139322601	47473
chr6	139275128	139475128	harbor1	chr6	139325976	139326109	LINE/L2	524	+	66	139326042	50914
chr6	139275128	139475128	harbor1	chr6	139327216	139327638	LINE/L2	866	+	211	139327427	52299
chr6	139275156	139475156	harbor1	chr6	139322513	139322688	LINE/L2	716	+	88	139322601	47445
chr6	139275156	139475156	harbor1	chr6	139325976	139326109	LINE/L2	524	+	66	139326042	50886
chr6	139275156	139475156	harbor1	chr6	139327216	139327638	LINE/L2	866	+	211	139327427	52271
chr6	167862904	168062904	harbor1	chr6	167878636	167879137	LINE/L2	514	+	250	167878886	15982
chr6	167862904	168062904	harbor1	chr6	167903612	167904209	LINE/L2	1136	+	298	167903910	41006
chr6	167862904	168062904	harbor1	chr6	167904510	167904731	LINE/L2	1136	+	110	167904620	41716
chr6	167862904	168062904	harbor1	chr6	167956387	167956931	LINE/L2	604	+	272	167956659	93755
chr6	41448352	41648352	harbor1	chr6	41448201	41448717	LINE/L2	1314	+	258	41448459	107
chr6	41448352	41648352	harbor1	chr6	41449024	41449126	LINE/L2	1314	+	51	41449075	723
chr6	41448352	41648352	harbor1	chr6	41453614	41453827	LINE/L2	440	+	106	41453720	5368
chr6	41448352	41648352	harbor1	chr6	41478392	41478625	LINE/L2	1169	+	116	41478508	30156
chr6	41448352	41648352	harbor1	chr6	41482701	41482841	LINE/L2	1169	+	70	41482771	34419
chr6	41448352	41648352	harbor1	chr6	41513608	41513945	LINE/L2	934	+	168	41513776	65424
chr6	41448352	41648352	harbor1	chr6	41514241	41514721	LINE/L2	934	+	240	41514481	66129
chr6	36969380	37169380	harbor1	chr6	36988811	36989027	LINE/L2	525	+	108	36988919	19539
chr6	36969380	37169380	harbor1	chr6	37000307	37000404	LINE/L2	484	+	48	37000355	30975
chr6	36969380	37169380	harbor1	chr6	37000695	37000930	LINE/L2	484	+	118	37000813	31433
chr6	36969380	37169380	harbor1	chr6	37032003	37032604	LINE/L2	625	+	300	37032303	62923
chr6	36969380	37169380	harbor1	chr6	37032895	37033014	LINE/L2	625	+	60	37032955	63575
chr6	36969380	37169380	harbor1	chr6	37054491	37055084	LINE/L2	894	+	296	37054787	85407
chr6	52184723	52384723	harbor1	chr6	52203320	52203701	LINE/L2	1390	+	190	52203510	18787
chr6	52184723	52384723	harbor1	chr6	52207802	52207965	LINE/L2	521	+	82	52207884	23161
chr6	7626959	7826959	harbor1	chr6	7711513	7712772	LINE/L2	1523	+	630	7712143	85184
chr6	7626959	7826959	harbor1	chr6	7719728	7719973	LINE/L2	715	+	122	7719850	92891
chr6	7626959	7826959	harbor1	chr6	7720410	7720725	LINE/L2	871	+	158	7720568	93609
chr6	3682582	3882582	harbor1	chr6	3747107	3747909	LINE/L2	1017	+	401	3747508	64926
chr6	3682582	3882582	harbor1	chr6	3757327	3757455	LINE/L2	510	+	64	3757391	74809
chr6	3682582	3882582	harbor1	chr6	3757611	3757849	LINE/L2	510	+	119	3757730	75148
chr6	41460705	41660705	harbor1	chr6	41478392	41478625	LINE/L2	1169	+	116	41478508	17803
chr6	41460705	41660705	harbor1	chr6	41482701	41482841	LINE/L2	1169	+	70	41482771	22066
chr6	41460705	41660705	harbor1	chr6	41513608	41513945	LINE/L2	934	+	168	41513776	53071
chr6	41460705	41660705	harbor1	chr6	41514241	41514721	LINE/L2	934	+	240	41514481	53776
chr6	167860271	168060271	harbor1	chr6	167878636	167879137	LINE/L2	514	+	250	167878886	18615
chr6	167860271	168060271	harbor1	chr6	167903612	167904209	LINE/L2	1136	+	298	167903910	43639
chr6	167860271	168060271	harbor1	chr6	167904510	167904731	LINE/L2	1136	+	110	167904620	44349
chr6	167860271	168060271	harbor1	chr6	167956387	167956931	LINE/L2	604	+	272	167956659	96388
chr6	30620053	30820053	harbor1	chr6	30657415	30658065	LINE/L2	1138	+	325	30657740	37687
chr6	6446460	6646460	harbor1	chr6	6487754	6488047	LINE/L2	639	+	146	6487900	41440
chr6	6446460	6646460	harbor1	chr6	6539014	6539609	LINE/L2	956	+	298	6539312	92852
chr6	169811811	170011811	harbor1	chr6	169850494	169850784	LINE/L2	637	+	145	169850639	38828
chr6	99421489	99621489	harbor1	chr6	99497648	99498236	LINE/L2	450	+	294	99497942	76453
chr6	139274599	139474599	harbor1	chr6	139322513	139322688	LINE/L2	716	+	88	139322601	48002
chr6	139274599	139474599	harbor1	chr6	139325976	139326109	LINE/L2	524	+	66	139326042	51443
chr6	139274599	139474599	harbor1	chr6	139327216	139327638	LINE/L2	866	+	211	139327427	52828
chr6	52184760	52384760	harbor1	chr6	52203320	52203701	LINE/L2	1390	+	190	52203510	18750
chr6	52184760	52384760	harbor1	chr6	52207802	52207965	LINE/L2	521	+	82	52207884	23124
chr6	7626659	7826659	harbor1	chr6	7711513	7712772	LINE/L2	1523	+	630	7712143	85484
chr6	7626659	7826659	harbor1	chr6	7719728	7719973	LINE/L2	715	+	122	7719850	93191
chr6	7626659	7826659	harbor1	chr6	7720410	7720725	LINE/L2	871	+	158	7720568	93909
chr6	7626996	7826996	harbor1	chr6	7711513	7712772	LINE/L2	1523	+	630	7712143	85147
chr6	7626996	7826996	harbor1	chr6	7719728	7719973	LINE/L2	715	+	122	7719850	92854
chr6	7626996	7826996	harbor1	chr6	7720410	7720725	LINE/L2	871	+	158	7720568	93572
chr6	149351042	149551042	harbor1	chr6	149363706	149364373	LINE/L2	1112	+	334	149364040	12998
chr6	149351042	149551042	harbor1	chr6	149381876	149382223	LINE/L2	847	+	174	149382050	31008
chr6	146813048	147013048	harbor1	chr6	146901229	146901614	LINE/L2	1051	+	192	146901421	88373
chr6	146813048	147013048	harbor1	chr6	146901686	146901705	LINE/L2	1051	+	10	146901696	88648
chr6	157938132	158138132	harbor1	chr6	157973579	157973934	LINE/L2	1114	+	178	157973757	35625
chr6	157938132	158138132	harbor1	chr6	158001047	158001387	LINE/L2	830	+	170	158001217	63085
chr6	157938132	158138132	harbor1	chr6	158001698	158002072	LINE/L2	830	+	187	158001885	63753
chr6	157938132	158138132	harbor1	chr6	158004821	158005079	LINE/L2	1221	+	129	158004950	66818
chr6	157938132	158138132	harbor1	chr6	158005377	158006180	LINE/L2	1221	+	402	158005779	67647
chr6	157938132	158138132	harbor1	chr6	158008722	158009253	LINE/L2	664	+	266	158008988	70856
chr6	157938132	158138132	harbor1	chr6	157974222	157975144	LINE/L2	1429	+	461	157974683	36551
chr6	157938132	158138132	harbor1	chr6	158007269	158007573	LINE/L2	593	+	152	158007421	69289
chr7	44439898	44639898	harbor1	chr7	44471888	44472172	LINE/L2	588	+	142	44472030	32132
chr7	100393717	100593717	harbor1	chr7	100410076	100411082	LINE/L2	816	+	503	100410579	16862
chr7	100393717	100593717	harbor1	chr7	100411985	100412571	LINE/L2	1582	+	293	100412278	18561
chr7	100393717	100593717	harbor1	chr7	100412881	100412898	LINE/L2	1582	+	8	100412889	19172
chr7	100393717	100593717	harbor1	chr7	100413052	100413543	LINE/L2	1582	+	246	100413298	19581
chr7	28080184	28280184	harbor1	chr7	28103468	28104450	LINE/L2	2052	+	491	28103959	23775
chr7	28080184	28280184	harbor1	chr7	28123072	28123555	LINE/L2	809	+	242	28123314	43130
chr7	28080184	28280184	harbor1	chr7	28133686	28134140	LINE/L2	753	+	227	28133913	53729
chr7	28080184	28280184	harbor1	chr7	28143848	28143995	LINE/L2	483	+	74	28143922	63738
chr7	28080184	28280184	harbor1	chr7	28160294	28160486	LINE/L2	654	+	96	28160390	80206
chr7	28080184	28280184	harbor1	chr7	28165586	28165966	LINE/L2	943	+	190	28165776	85592
chr7	28080184	28280184	harbor1	chr7	28176354	28176724	LINE/L2	935	+	185	28176539	96355
chr7	148600313	148800313	harbor1	chr7	148642707	148643182	LINE/L2	558	+	238	148642945	42632
chr7	148600313	148800313	harbor1	chr7	148643736	148644152	LINE/L2	483	+	208	148643944	43631
chr7	148600313	148800313	harbor1	chr7	148645093	148645622	LINE/L2	478	+	264	148645357	45044
chr7	26995062	27195062	harbor1	chr7	27057204	27057396	LINE/L2	582	+	96	27057300	62238
chr7	26995062	27195062	harbor1	chr7	27057694	27057928	LINE/L2	582	+	117	27057811	62749
chr7	25270019	25470019	harbor1	chr7	25361319	25361447	LINE/L2	481	+	64	25361383	91364
chr7	28080267	28280267	harbor1	chr7	28103468	28104450	LINE/L2	2052	+	491	28103959	23692
chr7	28080267	28280267	harbor1	chr7	28123072	28123555	LINE/L2	809	+	242	28123314	43047
chr7	28080267	28280267	harbor1	chr7	28133686	28134140	LINE/L2	753	+	227	28133913	53646
chr7	28080267	28280267	harbor1	chr7	28143848	28143995	LINE/L2	483	+	74	28143922	63655
chr7	28080267	28280267	harbor1	chr7	28160294	28160486	LINE/L2	654	+	96	28160390	80123
chr7	28080267	28280267	harbor1	chr7	28165586	28165966	LINE/L2	943	+	190	28165776	85509
chr7	28080267	28280267	harbor1	chr7	28176354	28176724	LINE/L2	935	+	185	28176539	96272
chr7	148598238	148798238	harbor1	chr7	148642707	148643182	LINE/L2	558	+	238	148642945	44707
chr7	148598238	148798238	harbor1	chr7	148643736	148644152	LINE/L2	483	+	208	148643944	45706
chr7	148598238	148798238	harbor1	chr7	148645093	148645622	LINE/L2	478	+	264	148645357	47119
chr7	123649232	123849232	harbor1	chr7	123650745	123650992	LINE/L2	469	+	124	123650869	1637
chr7	123649232	123849232	harbor1	chr7	123652037	123652315	LINE/L2	905	+	139	123652176	2944
chr7	123649232	123849232	harbor1	chr7	123670650	123670752	LINE/L2	525	+	51	123670701	21469
chr7	123649232	123849232	harbor1	chr7	123671065	123671417	LINE/L2	525	+	176	123671241	22009
chr7	123649232	123849232	harbor1	chr7	123684869	123685731	LINE/L2	729	+	431	123685300	36068
chr7	123649232	123849232	harbor1	chr7	123686885	123687768	LINE/L2	1372	+	442	123687327	38095
chr7	32628568	32828568	harbor1	chr7	32721225	32721351	LINE/L2	510	+	63	32721288	92720
chr7	32628568	32828568	harbor1	chr7	32724374	32725232	LINE/L2	804	+	429	32724803	96235
chr7	28080180	28280180	harbor1	chr7	28103468	28104450	LINE/L2	2052	+	491	28103959	23779
chr7	28080180	28280180	harbor1	chr7	28123072	28123555	LINE/L2	809	+	242	28123314	43134
chr7	28080180	28280180	harbor1	chr7	28133686	28134140	LINE/L2	753	+	227	28133913	53733
chr7	28080180	28280180	harbor1	chr7	28143848	28143995	LINE/L2	483	+	74	28143922	63742
chr7	28080180	28280180	harbor1	chr7	28160294	28160486	LINE/L2	654	+	96	28160390	80210
chr7	28080180	28280180	harbor1	chr7	28165586	28165966	LINE/L2	943	+	190	28165776	85596
chr7	28080180	28280180	harbor1	chr7	28176354	28176724	LINE/L2	935	+	185	28176539	96359
chr7	73470903	73670903	harbor1	chr7	73479546	73479888	LINE/L2	1234	+	171	73479717	8814
chr7	73470903	73670903	harbor1	chr7	73480175	73480323	LINE/L2	1234	+	74	73480249	9346
chr7	73470903	73670903	harbor1	chr7	73501645	73501887	LINE/L2	482	+	121	73501766	30863
chr7	73470903	73670903	harbor1	chr7	73561973	73562250	LINE/L2	889	+	138	73562111	91208
chr7	73470903	73670903	harbor1	chr7	73562559	73562677	LINE/L2	889	+	59	73562618	91715
chr7	73470903	73670903	harbor1	chr7	73563146	73563176	LINE/L2	889	+	15	73563161	92258
chr7	26995617	27195617	harbor1	chr7	27057204	27057396	LINE/L2	582	+	96	27057300	61683
chr7	26995617	27195617	harbor1	chr7	27057694	27057928	LINE/L2	582	+	117	27057811	62194
chr7	100027600	100227600	harbor1	chr7	100116005	100116234	LINE/L2	984	+	114	100116119	88519
chr7	100027600	100227600	harbor1	chr7	100116669	100116908	LINE/L2	984	+	120	100116789	89189
chr7	32307595	32507595	harbor1	chr7	32316084	32316204	LINE/L2	574	+	60	32316144	8549
chr7	32307595	32507595	harbor1	chr7	32328277	32328931	LINE/L2	1013	+	327	32328604	21009
chr7	32307595	32507595	harbor1	chr7	32344389	32344892	LINE/L2	1293	+	252	32344641	37046
chr7	32307595	32507595	harbor1	chr7	32359426	32359581	LINE/L2	558	+	78	32359504	51909
chr7	32307595	32507595	harbor1	chr7	32379937	32380227	LINE/L2	796	+	145	32380082	72487
chr7	32307595	32507595	harbor1	chr7	32380814	32381938	LINE/L2	1315	+	562	32381376	73781
chr7	32307595	32507595	harbor1	chr7	32325356	32325691	LINE/L2	594	+	168	32325524	17929
chr7	123649230	123849230	harbor1	chr7	123650745	123650992	LINE/L2	469	+	124	123650869	1639
chr7	123649230	123849230	harbor1	chr7	123652037	123652315	LINE/L2	905	+	139	123652176	2946
chr7	123649230	123849230	harbor1	chr7	123670650	123670752	LINE/L2	525	+	51	123670701	21471
chr7	123649230	123849230	harbor1	chr7	123671065	123671417	LINE/L2	525	+	176	123671241	22011
chr7	123649230	123849230	harbor1	chr7	123684869	123685731	LINE/L2	729	+	431	123685300	36070
chr7	123649230	123849230	harbor1	chr7	123686885	123687768	LINE/L2	1372	+	442	123687327	38097
chr7	123649229	123849229	harbor1	chr7	123650745	123650992	LINE/L2	469	+	124	123650869	1640
chr7	123649229	123849229	harbor1	chr7	123652037	123652315	LINE/L2	905	+	139	123652176	2947
chr7	123649229	123849229	harbor1	chr7	123670650	123670752	LINE/L2	525	+	51	123670701	21472
chr7	123649229	123849229	harbor1	chr7	123671065	123671417	LINE/L2	525	+	176	123671241	22012
chr7	123649229	123849229	harbor1	chr7	123684869	123685731	LINE/L2	729	+	431	123685300	36071
chr7	123649229	123849229	harbor1	chr7	123686885	123687768	LINE/L2	1372	+	442	123687327	38098
chr7	100388340	100588340	harbor1	chr7	100410076	100411082	LINE/L2	816	+	503	100410579	22239
chr7	100388340	100588340	harbor1	chr7	100411985	100412571	LINE/L2	1582	+	293	100412278	23938
chr7	100388340	100588340	harbor1	chr7	100412881	100412898	LINE/L2	1582	+	8	100412889	24549
chr7	100388340	100588340	harbor1	chr7	100413052	100413543	LINE/L2	1582	+	246	100413298	24958
chr7	20678248	20878248	harbor1	chr7	20731396	20732531	LINE/L2	1920	+	568	20731964	53716
chr7	20678248	20878248	harbor1	chr7	20745684	20746102	LINE/L2	689	+	209	20745893	67645
chr7	20678248	20878248	harbor1	chr7	20746397	20746592	LINE/L2	689	+	98	20746495	68247
chr7	123649200	123849200	harbor1	chr7	123650745	123650992	LINE/L2	469	+	124	123650869	1669
chr7	123649200	123849200	harbor1	chr7	123652037	123652315	LINE/L2	905	+	139	123652176	2976
chr7	123649200	123849200	harbor1	chr7	123670650	123670752	LINE/L2	525	+	51	123670701	21501
chr7	123649200	123849200	harbor1	chr7	123671065	123671417	LINE/L2	525	+	176	123671241	22041
chr7	123649200	123849200	harbor1	chr7	123684869	123685731	LINE/L2	729	+	431	123685300	36100
chr7	123649200	123849200	harbor1	chr7	123686885	123687768	LINE/L2	1372	+	442	123687327	38127
chr7	100328345	100528345	harbor1	chr7	100410076	100411082	LINE/L2	816	+	503	100410579	82234
chr7	100328345	100528345	harbor1	chr7	100411985	100412571	LINE/L2	1582	+	293	100412278	83933
chr7	100328345	100528345	harbor1	chr7	100412881	100412898	LINE/L2	1582	+	8	100412889	84544
chr7	100328345	100528345	harbor1	chr7	100413052	100413543	LINE/L2	1582	+	246	100413298	84953
chr7	44439822	44639822	harbor1	chr7	44471888	44472172	LINE/L2	588	+	142	44472030	32208
chr7	24657323	24857323	harbor1	chr7	24685795	24686318	LINE/L2	867	+	262	24686057	28734
chr7	24657323	24857323	harbor1	chr7	24686398	24686763	LINE/L2	491	+	182	24686580	29257
chr7	24657323	24857323	harbor1	chr7	24721744	24722199	LINE/L2	498	+	228	24721972	64649
chr7	24657323	24857323	harbor1	chr7	24743431	24744034	LINE/L2	730	+	302	24743733	86410
chr7	28080203	28280203	harbor1	chr7	28103468	28104450	LINE/L2	2052	+	491	28103959	23756
chr7	28080203	28280203	harbor1	chr7	28123072	28123555	LINE/L2	809	+	242	28123314	43111
chr7	28080203	28280203	harbor1	chr7	28133686	28134140	LINE/L2	753	+	227	28133913	53710
chr7	28080203	28280203	harbor1	chr7	28143848	28143995	LINE/L2	483	+	74	28143922	63719
chr7	28080203	28280203	harbor1	chr7	28160294	28160486	LINE/L2	654	+	96	28160390	80187
chr7	28080203	28280203	harbor1	chr7	28165586	28165966	LINE/L2	943	+	190	28165776	85573
chr7	28080203	28280203	harbor1	chr7	28176354	28176724	LINE/L2	935	+	185	28176539	96336
chr7	14798299	14998299	harbor1	chr7	14845535	14845656	LINE/L2	613	+	60	14845595	47296
chr7	14798299	14998299	harbor1	chr7	14886383	14887065	LINE/L2	501	+	341	14886724	88425
chr7	14798299	14998299	harbor1	chr7	14887120	14887625	LINE/L2	1178	+	252	14887372	89073
chr7	14798299	14998299	harbor1	chr7	14893090	14893653	LINE/L2	783	+	282	14893372	95073
chr7	28080247	28280247	harbor1	chr7	28103468	28104450	LINE/L2	2052	+	491	28103959	23712
chr7	28080247	28280247	harbor1	chr7	28123072	28123555	LINE/L2	809	+	242	28123314	43067
chr7	28080247	28280247	harbor1	chr7	28133686	28134140	LINE/L2	753	+	227	28133913	53666
chr7	28080247	28280247	harbor1	chr7	28143848	28143995	LINE/L2	483	+	74	28143922	63675
chr7	28080247	28280247	harbor1	chr7	28160294	28160486	LINE/L2	654	+	96	28160390	80143
chr7	28080247	28280247	harbor1	chr7	28165586	28165966	LINE/L2	943	+	190	28165776	85529
chr7	28080247	28280247	harbor1	chr7	28176354	28176724	LINE/L2	935	+	185	28176539	96292
chr7	149048098	149248098	harbor1	chr7	149116065	149116912	LINE/L2	1116	+	424	149116489	68391
chr7	26995486	27195486	harbor1	chr7	27057204	27057396	LINE/L2	582	+	96	27057300	61814
chr7	26995486	27195486	harbor1	chr7	27057694	27057928	LINE/L2	582	+	117	27057811	62325
chr7	44654661	44854661	harbor1	chr7	44744682	44744801	LINE/L2	495	+	60	44744742	90081
chr7	100475318	100675318	harbor1	chr7	100534982	100535231	LINE/L2	692	+	124	100535106	59788
chr7	100475318	100675318	harbor1	chr7	100536054	100536082	LINE/L2	692	+	14	100536068	60750
chr7	100475318	100675318	harbor1	chr7	100538279	100538465	LINE/L2	632	+	93	100538372	63054
chr7	90496291	90696291	harbor1	chr7	90539900	90540295	LINE/L2	719	+	198	90540098	43807
chr7	90496291	90696291	harbor1	chr7	90540873	90541103	LINE/L2	719	+	115	90540988	44697
chr7	90496291	90696291	harbor1	chr7	90580233	90580608	LINE/L2	584	+	188	90580421	84130
chr7	90496291	90696291	harbor1	chr7	90580919	90580979	LINE/L2	584	+	30	90580949	84658
chr7	90496291	90696291	harbor1	chr7	90581267	90581404	LINE/L2	584	+	68	90581335	85044
chr7	90496291	90696291	harbor1	chr7	90581740	90581998	LINE/L2	632	+	129	90581869	85578
chr7	90496291	90696291	harbor1	chr7	90582533	90582613	LINE/L2	632	+	40	90582573	86282
chr7	90496291	90696291	harbor1	chr7	90582916	90583464	LINE/L2	632	+	274	90583190	86899
chr7	90496291	90696291	harbor1	chr7	90586686	90587118	LINE/L2	778	+	216	90586902	90611
chr7	90496291	90696291	harbor1	chr7	90537864	90538402	LINE/L2	506	+	269	90538133	41842
chr7	139380111	139580111	harbor1	chr7	139414641	139414895	LINE/L2	762	+	127	139414768	34657
chr7	139380111	139580111	harbor1	chr7	139415211	139415398	LINE/L2	762	+	94	139415305	35194
chr7	73518943	73718943	harbor1	chr7	73561973	73562250	LINE/L2	889	+	138	73562111	43168
chr7	73518943	73718943	harbor1	chr7	73562559	73562677	LINE/L2	889	+	59	73562618	43675
chr7	73518943	73718943	harbor1	chr7	73563146	73563176	LINE/L2	889	+	15	73563161	44218
chr7	28080222	28280222	harbor1	chr7	28103468	28104450	LINE/L2	2052	+	491	28103959	23737
chr7	28080222	28280222	harbor1	chr7	28123072	28123555	LINE/L2	809	+	242	28123314	43092
chr7	28080222	28280222	harbor1	chr7	28133686	28134140	LINE/L2	753	+	227	28133913	53691
chr7	28080222	28280222	harbor1	chr7	28143848	28143995	LINE/L2	483	+	74	28143922	63700
chr7	28080222	28280222	harbor1	chr7	28160294	28160486	LINE/L2	654	+	96	28160390	80168
chr7	28080222	28280222	harbor1	chr7	28165586	28165966	LINE/L2	943	+	190	28165776	85554
chr7	28080222	28280222	harbor1	chr7	28176354	28176724	LINE/L2	935	+	185	28176539	96317
chr7	100027650	100227650	harbor1	chr7	100116005	100116234	LINE/L2	984	+	114	100116119	88469
chr7	100027650	100227650	harbor1	chr7	100116669	100116908	LINE/L2	984	+	120	100116789	89139
chr7	44439887	44639887	harbor1	chr7	44471888	44472172	LINE/L2	588	+	142	44472030	32143
chr7	25269481	25469481	harbor1	chr7	25361319	25361447	LINE/L2	481	+	64	25361383	91902
chr7	28080189	28280189	harbor1	chr7	28103468	28104450	LINE/L2	2052	+	491	28103959	23770
chr7	28080189	28280189	harbor1	chr7	28123072	28123555	LINE/L2	809	+	242	28123314	43125
chr7	28080189	28280189	harbor1	chr7	28133686	28134140	LINE/L2	753	+	227	28133913	53724
chr7	28080189	28280189	harbor1	chr7	28143848	28143995	LINE/L2	483	+	74	28143922	63733
chr7	28080189	28280189	harbor1	chr7	28160294	28160486	LINE/L2	654	+	96	28160390	80201
chr7	28080189	28280189	harbor1	chr7	28165586	28165966	LINE/L2	943	+	190	28165776	85587
chr7	28080189	28280189	harbor1	chr7	28176354	28176724	LINE/L2	935	+	185	28176539	96350
chr7	127154041	127354041	harbor1	chr7	127195533	127195965	LINE/L2	540	+	216	127195749	41708
chr7	127154041	127354041	harbor1	chr7	127216578	127217071	LINE/L2	600	+	246	127216824	62783
chr7	26995599	27195599	harbor1	chr7	27057204	27057396	LINE/L2	582	+	96	27057300	61701
chr7	26995599	27195599	harbor1	chr7	27057694	27057928	LINE/L2	582	+	117	27057811	62212
chr7	123576545	123776545	harbor1	chr7	123584006	123584216	LINE/L2	629	+	105	123584111	7566
chr7	123576545	123776545	harbor1	chr7	123637194	123638346	LINE/L2	883	+	576	123637770	61225
chr7	123576545	123776545	harbor1	chr7	123638646	123638979	LINE/L2	766	+	166	123638812	62267
chr7	123576545	123776545	harbor1	chr7	123650745	123650992	LINE/L2	469	+	124	123650869	74324
chr7	123576545	123776545	harbor1	chr7	123652037	123652315	LINE/L2	905	+	139	123652176	75631
chr7	123576545	123776545	harbor1	chr7	123670650	123670752	LINE/L2	525	+	51	123670701	94156
chr7	123576545	123776545	harbor1	chr7	123671065	123671417	LINE/L2	525	+	176	123671241	94696
chr7	155282486	155482486	harbor1	chr7	155289268	155289534	LINE/L2	544	+	133	155289401	6915
chr7	31971286	32171286	harbor1	chr7	31976536	31976897	LINE/L2	805	+	180	31976716	5430
chr7	31971286	32171286	harbor1	chr7	31977079	31977090	LINE/L2	805	+	6	31977085	5799
chr7	31971286	32171286	harbor1	chr7	31977446	31977801	LINE/L2	805	+	178	31977624	6338
chr7	31971286	32171286	harbor1	chr7	32007593	32007871	LINE/L2	665	+	139	32007732	36446
chr7	31971286	32171286	harbor1	chr7	32062352	32062836	LINE/L2	609	+	242	32062594	91308
chr7	44696529	44896529	harbor1	chr7	44744682	44744801	LINE/L2	495	+	60	44744742	48213
chr7	44439928	44639928	harbor1	chr7	44471888	44472172	LINE/L2	588	+	142	44472030	32102
chr7	20551436	20751436	harbor1	chr7	20586630	20586901	LINE/L2	755	+	136	20586766	35330
chr7	20551436	20751436	harbor1	chr7	20586933	20586966	LINE/L2	755	+	16	20586949	35513
chr7	20551436	20751436	harbor1	chr7	20587243	20587681	LINE/L2	902	+	219	20587462	36026
chr7	20551436	20751436	harbor1	chr7	20616919	20617244	LINE/L2	484	+	162	20617081	65645
chr7	20551436	20751436	harbor1	chr7	20640814	20641303	LINE/L2	1034	+	244	20641058	89622
chr7	20551436	20751436	harbor1	chr7	20641924	20642648	LINE/L2	572	+	362	20642286	90850
chr7	90142065	90342065	harbor1	chr7	90168494	90168910	LINE/L2	516	+	208	90168702	26637
chr7	90142065	90342065	harbor1	chr7	90170954	90171342	LINE/L2	2505	+	194	90171148	29083
chr7	90142065	90342065	harbor1	chr7	90171423	90172445	LINE/L2	2505	+	511	90171934	29869
chr7	90142065	90342065	harbor1	chr7	90196940	90197443	LINE/L2	4156	+	252	90197192	55127
chr7	90142065	90342065	harbor1	chr7	90197588	90197645	LINE/L2	4156	+	28	90197616	55551
chr7	90142065	90342065	harbor1	chr7	90197755	90198909	LINE/L2	4156	+	577	90198332	56267
chr7	90142065	90342065	harbor1	chr7	90228457	90228800	LINE/L2	972	+	172	90228629	86564
chr7	41380663	41580663	harbor1	chr7	41387591	41387820	LINE/L2	476	+	114	41387705	7042
chr7	41380663	41580663	harbor1	chr7	41388313	41388935	LINE/L2	682	+	311	41388624	7961
chr7	41380663	41580663	harbor1	chr7	41429724	41430202	LINE/L2	1194	+	239	41429963	49300
chr7	41380663	41580663	harbor1	chr7	41430682	41431005	LINE/L2	989	+	162	41430844	50181
chr7	41380663	41580663	harbor1	chr7	41442988	41443364	LINE/L2	619	+	188	41443176	62513
chr7	41380663	41580663	harbor1	chr7	41401885	41402524	LINE/L2	1116	+	320	41402205	21542
chr7	37817008	38017008	harbor1	chr7	37826745	37827370	LINE/L2	682	+	312	37827057	10049
chr7	37817008	38017008	harbor1	chr7	37859172	37859923	LINE/L2	639	+	376	37859548	42540
chr7	37817008	38017008	harbor1	chr7	37860134	37861657	LINE/L2	1137	+	762	37860896	43888
chr7	90496236	90696236	harbor1	chr7	90539900	90540295	LINE/L2	719	+	198	90540098	43862
chr7	90496236	90696236	harbor1	chr7	90540873	90541103	LINE/L2	719	+	115	90540988	44752
chr7	90496236	90696236	harbor1	chr7	90580233	90580608	LINE/L2	584	+	188	90580421	84185
chr7	90496236	90696236	harbor1	chr7	90580919	90580979	LINE/L2	584	+	30	90580949	84713
chr7	90496236	90696236	harbor1	chr7	90581267	90581404	LINE/L2	584	+	68	90581335	85099
chr7	90496236	90696236	harbor1	chr7	90581740	90581998	LINE/L2	632	+	129	90581869	85633
chr7	90496236	90696236	harbor1	chr7	90582533	90582613	LINE/L2	632	+	40	90582573	86337
chr7	90496236	90696236	harbor1	chr7	90582916	90583464	LINE/L2	632	+	274	90583190	86954
chr7	90496236	90696236	harbor1	chr7	90586686	90587118	LINE/L2	778	+	216	90586902	90666
chr7	90496236	90696236	harbor1	chr7	90537864	90538402	LINE/L2	506	+	269	90538133	41897
chr7	157236661	157436661	harbor1	chr7	157273180	157273444	LINE/L2	758	+	132	157273312	36651
chr7	90496254	90696254	harbor1	chr7	90539900	90540295	LINE/L2	719	+	198	90540098	43844
chr7	90496254	90696254	harbor1	chr7	90540873	90541103	LINE/L2	719	+	115	90540988	44734
chr7	90496254	90696254	harbor1	chr7	90580233	90580608	LINE/L2	584	+	188	90580421	84167
chr7	90496254	90696254	harbor1	chr7	90580919	90580979	LINE/L2	584	+	30	90580949	84695
chr7	90496254	90696254	harbor1	chr7	90581267	90581404	LINE/L2	584	+	68	90581335	85081
chr7	90496254	90696254	harbor1	chr7	90581740	90581998	LINE/L2	632	+	129	90581869	85615
chr7	90496254	90696254	harbor1	chr7	90582533	90582613	LINE/L2	632	+	40	90582573	86319
chr7	90496254	90696254	harbor1	chr7	90582916	90583464	LINE/L2	632	+	274	90583190	86936
chr7	90496254	90696254	harbor1	chr7	90586686	90587118	LINE/L2	778	+	216	90586902	90648
chr7	90496254	90696254	harbor1	chr7	90537864	90538402	LINE/L2	506	+	269	90538133	41879
chr7	100393788	100593788	harbor1	chr7	100410076	100411082	LINE/L2	816	+	503	100410579	16791
chr7	100393788	100593788	harbor1	chr7	100411985	100412571	LINE/L2	1582	+	293	100412278	18490
chr7	100393788	100593788	harbor1	chr7	100412881	100412898	LINE/L2	1582	+	8	100412889	19101
chr7	100393788	100593788	harbor1	chr7	100413052	100413543	LINE/L2	1582	+	246	100413298	19510
chr7	123639349	123839349	harbor1	chr7	123650745	123650992	LINE/L2	469	+	124	123650869	11520
chr7	123639349	123839349	harbor1	chr7	123652037	123652315	LINE/L2	905	+	139	123652176	12827
chr7	123639349	123839349	harbor1	chr7	123670650	123670752	LINE/L2	525	+	51	123670701	31352
chr7	123639349	123839349	harbor1	chr7	123671065	123671417	LINE/L2	525	+	176	123671241	31892
chr7	123639349	123839349	harbor1	chr7	123684869	123685731	LINE/L2	729	+	431	123685300	45951
chr7	123639349	123839349	harbor1	chr7	123686885	123687768	LINE/L2	1372	+	442	123687327	47978
chr7	26994913	27194913	harbor1	chr7	27057204	27057396	LINE/L2	582	+	96	27057300	62387
chr7	26994913	27194913	harbor1	chr7	27057694	27057928	LINE/L2	582	+	117	27057811	62898
chr7	28080187	28280187	harbor1	chr7	28103468	28104450	LINE/L2	2052	+	491	28103959	23772
chr7	28080187	28280187	harbor1	chr7	28123072	28123555	LINE/L2	809	+	242	28123314	43127
chr7	28080187	28280187	harbor1	chr7	28133686	28134140	LINE/L2	753	+	227	28133913	53726
chr7	28080187	28280187	harbor1	chr7	28143848	28143995	LINE/L2	483	+	74	28143922	63735
chr7	28080187	28280187	harbor1	chr7	28160294	28160486	LINE/L2	654	+	96	28160390	80203
chr7	28080187	28280187	harbor1	chr7	28165586	28165966	LINE/L2	943	+	190	28165776	85589
chr7	28080187	28280187	harbor1	chr7	28176354	28176724	LINE/L2	935	+	185	28176539	96352
chr7	44439932	44639932	harbor1	chr7	44471888	44472172	LINE/L2	588	+	142	44472030	32098
chr7	127283483	127483483	harbor1	chr7	127357978	127358599	LINE/L2	515	+	310	127358288	74805
chr7	127283483	127483483	harbor1	chr7	127379921	127380325	LINE/L2	508	+	202	127380123	96640
chr7	25465106	25665106	harbor1	chr7	25499190	25500000	LINE/L2	2219	+	405	25499595	34489
chr7	25465106	25665106	harbor1	chr7	25500001	25500264	LINE/L2	751	+	132	25500133	35027
chr7	25465106	25665106	harbor1	chr7	25541904	25542126	LINE/L2	484	+	111	25542015	76909
chr7	25465106	25665106	harbor1	chr7	25542156	25542682	LINE/L2	969	+	263	25542419	77313
chr7	93685527	93885527	harbor1	chr7	93693973	93694758	LINE/L2	703	+	392	93694365	8838
chr7	93685527	93885527	harbor1	chr7	93694891	93695742	LINE/L2	852	+	426	93695317	9790
chr7	93685527	93885527	harbor1	chr7	93725446	93726002	LINE/L2	698	+	278	93725724	40197
chr7	93685527	93885527	harbor1	chr7	93726244	93726465	LINE/L2	470	+	110	93726354	40827
chr7	93685527	93885527	harbor1	chr7	93727855	93728550	LINE/L2	811	+	348	93728203	42676
chr7	93685527	93885527	harbor1	chr7	93732742	93733029	LINE/L2	589	+	144	93732886	47359
chr7	152754707	152954707	harbor1	chr7	152757210	152757578	LINE/L2	722	+	184	152757394	2687
chr7	152754707	152954707	harbor1	chr7	152835667	152835933	LINE/L2	614	+	133	152835800	81093
chr8	23408871	23608871	harbor1	chr8	23450577	23451009	LINE/L2	666	+	216	23450793	41922
chr8	23408871	23608871	harbor1	chr8	23451320	23451926	LINE/L2	1011	+	303	23451623	42752
chr8	23408871	23608871	harbor1	chr8	23475563	23475615	LINE/L2	412	+	26	23475589	66718
chr8	23408871	23608871	harbor1	chr8	23475908	23476037	LINE/L2	412	+	64	23475972	67101
chr8	23408871	23608871	harbor1	chr8	23476044	23476467	LINE/L2	451	+	212	23476256	67385
chr8	23408871	23608871	harbor1	chr8	23445416	23445849	LINE/L2	449	+	216	23445632	36761
chr8	23409382	23609382	harbor1	chr8	23450577	23451009	LINE/L2	666	+	216	23450793	41411
chr8	23409382	23609382	harbor1	chr8	23451320	23451926	LINE/L2	1011	+	303	23451623	42241
chr8	23409382	23609382	harbor1	chr8	23475563	23475615	LINE/L2	412	+	26	23475589	66207
chr8	23409382	23609382	harbor1	chr8	23475908	23476037	LINE/L2	412	+	64	23475972	66590
chr8	23409382	23609382	harbor1	chr8	23476044	23476467	LINE/L2	451	+	212	23476256	66874
chr8	23409382	23609382	harbor1	chr8	23445416	23445849	LINE/L2	449	+	216	23445632	36250
chr8	23428927	23628927	harbor1	chr8	23450577	23451009	LINE/L2	666	+	216	23450793	21866
chr8	23428927	23628927	harbor1	chr8	23451320	23451926	LINE/L2	1011	+	303	23451623	22696
chr8	23428927	23628927	harbor1	chr8	23475563	23475615	LINE/L2	412	+	26	23475589	46662
chr8	23428927	23628927	harbor1	chr8	23475908	23476037	LINE/L2	412	+	64	23475972	47045
chr8	23428927	23628927	harbor1	chr8	23476044	23476467	LINE/L2	451	+	212	23476256	47329
chr8	23428927	23628927	harbor1	chr8	23445416	23445849	LINE/L2	449	+	216	23445632	16705
chr8	124271348	124471348	harbor1	chr8	124318805	124319135	LINE/L2	843	+	165	124318970	47622
chr8	124271348	124471348	harbor1	chr8	124319148	124319334	LINE/L2	518	+	93	124319241	47893
chr8	124271348	124471348	harbor1	chr8	124356466	124356704	LINE/L2	668	+	119	124356585	85237
chr8	124271348	124471348	harbor1	chr8	124357008	124357312	LINE/L2	668	+	152	124357160	85812
chr8	23428510	23628510	harbor1	chr8	23450577	23451009	LINE/L2	666	+	216	23450793	22283
chr8	23428510	23628510	harbor1	chr8	23451320	23451926	LINE/L2	1011	+	303	23451623	23113
chr8	23428510	23628510	harbor1	chr8	23475563	23475615	LINE/L2	412	+	26	23475589	47079
chr8	23428510	23628510	harbor1	chr8	23475908	23476037	LINE/L2	412	+	64	23475972	47462
chr8	23428510	23628510	harbor1	chr8	23476044	23476467	LINE/L2	451	+	212	23476256	47746
chr8	23428510	23628510	harbor1	chr8	23445416	23445849	LINE/L2	449	+	216	23445632	17122
chr8	23428925	23628925	harbor1	chr8	23450577	23451009	LINE/L2	666	+	216	23450793	21868
chr8	23428925	23628925	harbor1	chr8	23451320	23451926	LINE/L2	1011	+	303	23451623	22698
chr8	23428925	23628925	harbor1	chr8	23475563	23475615	LINE/L2	412	+	26	23475589	46664
chr8	23428925	23628925	harbor1	chr8	23475908	23476037	LINE/L2	412	+	64	23475972	47047
chr8	23428925	23628925	harbor1	chr8	23476044	23476467	LINE/L2	451	+	212	23476256	47331
chr8	23428925	23628925	harbor1	chr8	23445416	23445849	LINE/L2	449	+	216	23445632	16707
chr8	23428297	23628297	harbor1	chr8	23450577	23451009	LINE/L2	666	+	216	23450793	22496
chr8	23428297	23628297	harbor1	chr8	23451320	23451926	LINE/L2	1011	+	303	23451623	23326
chr8	23428297	23628297	harbor1	chr8	23475563	23475615	LINE/L2	412	+	26	23475589	47292
chr8	23428297	23628297	harbor1	chr8	23475908	23476037	LINE/L2	412	+	64	23475972	47675
chr8	23428297	23628297	harbor1	chr8	23476044	23476467	LINE/L2	451	+	212	23476256	47959
chr8	23428297	23628297	harbor1	chr8	23445416	23445849	LINE/L2	449	+	216	23445632	17335
chr8	23408903	23608903	harbor1	chr8	23450577	23451009	LINE/L2	666	+	216	23450793	41890
chr8	23408903	23608903	harbor1	chr8	23451320	23451926	LINE/L2	1011	+	303	23451623	42720
chr8	23408903	23608903	harbor1	chr8	23475563	23475615	LINE/L2	412	+	26	23475589	66686
chr8	23408903	23608903	harbor1	chr8	23475908	23476037	LINE/L2	412	+	64	23475972	67069
chr8	23408903	23608903	harbor1	chr8	23476044	23476467	LINE/L2	451	+	212	23476256	67353
chr8	23408903	23608903	harbor1	chr8	23445416	23445849	LINE/L2	449	+	216	23445632	36729
chr8	23379720	23579720	harbor1	chr8	23393807	23393962	LINE/L2	485	+	78	23393885	14165
chr8	23379720	23579720	harbor1	chr8	23450577	23451009	LINE/L2	666	+	216	23450793	71073
chr8	23379720	23579720	harbor1	chr8	23451320	23451926	LINE/L2	1011	+	303	23451623	71903
chr8	23379720	23579720	harbor1	chr8	23475563	23475615	LINE/L2	412	+	26	23475589	95869
chr8	23379720	23579720	harbor1	chr8	23475908	23476037	LINE/L2	412	+	64	23475972	96252
chr8	23379720	23579720	harbor1	chr8	23476044	23476467	LINE/L2	451	+	212	23476256	96536
chr8	23379720	23579720	harbor1	chr8	23445416	23445849	LINE/L2	449	+	216	23445632	65912
chr8	23428962	23628962	harbor1	chr8	23450577	23451009	LINE/L2	666	+	216	23450793	21831
chr8	23428962	23628962	harbor1	chr8	23451320	23451926	LINE/L2	1011	+	303	23451623	22661
chr8	23428962	23628962	harbor1	chr8	23475563	23475615	LINE/L2	412	+	26	23475589	46627
chr8	23428962	23628962	harbor1	chr8	23475908	23476037	LINE/L2	412	+	64	23475972	47010
chr8	23428962	23628962	harbor1	chr8	23476044	23476467	LINE/L2	451	+	212	23476256	47294
chr8	23428962	23628962	harbor1	chr8	23445416	23445849	LINE/L2	449	+	216	23445632	16670
chr8	23428983	23628983	harbor1	chr8	23450577	23451009	LINE/L2	666	+	216	23450793	21810
chr8	23428983	23628983	harbor1	chr8	23451320	23451926	LINE/L2	1011	+	303	23451623	22640
chr8	23428983	23628983	harbor1	chr8	23475563	23475615	LINE/L2	412	+	26	23475589	46606
chr8	23428983	23628983	harbor1	chr8	23475908	23476037	LINE/L2	412	+	64	23475972	46989
chr8	23428983	23628983	harbor1	chr8	23476044	23476467	LINE/L2	451	+	212	23476256	47273
chr8	23428983	23628983	harbor1	chr8	23445416	23445849	LINE/L2	449	+	216	23445632	16649
chr8	17983945	18183945	harbor1	chr8	18002953	18003253	LINE/L2	518	+	150	18003103	19158
chr8	17983945	18183945	harbor1	chr8	18034454	18035304	LINE/L2	1422	+	425	18034879	50934
chr8	17983945	18183945	harbor1	chr8	18076045	18076387	LINE/L2	503	+	171	18076216	92271
chr8	17983945	18183945	harbor1	chr8	18079962	18080064	LINE/L2	429	+	51	18080013	96068
chr8	23428928	23628928	harbor1	chr8	23450577	23451009	LINE/L2	666	+	216	23450793	21865
chr8	23428928	23628928	harbor1	chr8	23451320	23451926	LINE/L2	1011	+	303	23451623	22695
chr8	23428928	23628928	harbor1	chr8	23475563	23475615	LINE/L2	412	+	26	23475589	46661
chr8	23428928	23628928	harbor1	chr8	23475908	23476037	LINE/L2	412	+	64	23475972	47044
chr8	23428928	23628928	harbor1	chr8	23476044	23476467	LINE/L2	451	+	212	23476256	47328
chr8	23428928	23628928	harbor1	chr8	23445416	23445849	LINE/L2	449	+	216	23445632	16704
chr8	23371923	23571923	harbor1	chr8	23393807	23393962	LINE/L2	485	+	78	23393885	21962
chr8	23371923	23571923	harbor1	chr8	23450577	23451009	LINE/L2	666	+	216	23450793	78870
chr8	23371923	23571923	harbor1	chr8	23451320	23451926	LINE/L2	1011	+	303	23451623	79700
chr8	23371923	23571923	harbor1	chr8	23445416	23445849	LINE/L2	449	+	216	23445632	73709
chr8	10820948	11020948	harbor1	chr8	10907881	10907980	LINE/L2	424	+	50	10907931	86983
chr8	10820948	11020948	harbor1	chr8	10908522	10908685	LINE/L2	628	+	82	10908604	87656
chr8	10820948	11020948	harbor1	chr8	10909378	10909514	LINE/L2	628	+	68	10909446	88498
chr8	10820948	11020948	harbor1	chr8	10914855	10915294	LINE/L2	668	+	220	10915075	94127
chr8	10820948	11020948	harbor1	chr8	10918797	10919496	LINE/L2	551	+	350	10919147	98199
chr8	23428391	23628391	harbor1	chr8	23450577	23451009	LINE/L2	666	+	216	23450793	22402
chr8	23428391	23628391	harbor1	chr8	23451320	23451926	LINE/L2	1011	+	303	23451623	23232
chr8	23428391	23628391	harbor1	chr8	23475563	23475615	LINE/L2	412	+	26	23475589	47198
chr8	23428391	23628391	harbor1	chr8	23475908	23476037	LINE/L2	412	+	64	23475972	47581
chr8	23428391	23628391	harbor1	chr8	23476044	23476467	LINE/L2	451	+	212	23476256	47865
chr8	23428391	23628391	harbor1	chr8	23445416	23445849	LINE/L2	449	+	216	23445632	17241
chr8	23428850	23628850	harbor1	chr8	23450577	23451009	LINE/L2	666	+	216	23450793	21943
chr8	23428850	23628850	harbor1	chr8	23451320	23451926	LINE/L2	1011	+	303	23451623	22773
chr8	23428850	23628850	harbor1	chr8	23475563	23475615	LINE/L2	412	+	26	23475589	46739
chr8	23428850	23628850	harbor1	chr8	23475908	23476037	LINE/L2	412	+	64	23475972	47122
chr8	23428850	23628850	harbor1	chr8	23476044	23476467	LINE/L2	451	+	212	23476256	47406
chr8	23428850	23628850	harbor1	chr8	23445416	23445849	LINE/L2	449	+	216	23445632	16782
chr8	23371938	23571938	harbor1	chr8	23393807	23393962	LINE/L2	485	+	78	23393885	21947
chr8	23371938	23571938	harbor1	chr8	23450577	23451009	LINE/L2	666	+	216	23450793	78855
chr8	23371938	23571938	harbor1	chr8	23451320	23451926	LINE/L2	1011	+	303	23451623	79685
chr8	23371938	23571938	harbor1	chr8	23445416	23445849	LINE/L2	449	+	216	23445632	73694
chr8	23428493	23628493	harbor1	chr8	23450577	23451009	LINE/L2	666	+	216	23450793	22300
chr8	23428493	23628493	harbor1	chr8	23451320	23451926	LINE/L2	1011	+	303	23451623	23130
chr8	23428493	23628493	harbor1	chr8	23475563	23475615	LINE/L2	412	+	26	23475589	47096
chr8	23428493	23628493	harbor1	chr8	23475908	23476037	LINE/L2	412	+	64	23475972	47479
chr8	23428493	23628493	harbor1	chr8	23476044	23476467	LINE/L2	451	+	212	23476256	47763
chr8	23428493	23628493	harbor1	chr8	23445416	23445849	LINE/L2	449	+	216	23445632	17139
chr8	23428942	23628942	harbor1	chr8	23450577	23451009	LINE/L2	666	+	216	23450793	21851
chr8	23428942	23628942	harbor1	chr8	23451320	23451926	LINE/L2	1011	+	303	23451623	22681
chr8	23428942	23628942	harbor1	chr8	23475563	23475615	LINE/L2	412	+	26	23475589	46647
chr8	23428942	23628942	harbor1	chr8	23475908	23476037	LINE/L2	412	+	64	23475972	47030
chr8	23428942	23628942	harbor1	chr8	23476044	23476467	LINE/L2	451	+	212	23476256	47314
chr8	23428942	23628942	harbor1	chr8	23445416	23445849	LINE/L2	449	+	216	23445632	16690
chr8	23428811	23628811	harbor1	chr8	23450577	23451009	LINE/L2	666	+	216	23450793	21982
chr8	23428811	23628811	harbor1	chr8	23451320	23451926	LINE/L2	1011	+	303	23451623	22812
chr8	23428811	23628811	harbor1	chr8	23475563	23475615	LINE/L2	412	+	26	23475589	46778
chr8	23428811	23628811	harbor1	chr8	23475908	23476037	LINE/L2	412	+	64	23475972	47161
chr8	23428811	23628811	harbor1	chr8	23476044	23476467	LINE/L2	451	+	212	23476256	47445
chr8	23428811	23628811	harbor1	chr8	23445416	23445849	LINE/L2	449	+	216	23445632	16821
chr8	22449326	22649326	harbor1	chr8	22499695	22499993	LINE/L2	563	+	149	22499844	50518
chr8	23409313	23609313	harbor1	chr8	23450577	23451009	LINE/L2	666	+	216	23450793	41480
chr8	23409313	23609313	harbor1	chr8	23451320	23451926	LINE/L2	1011	+	303	23451623	42310
chr8	23409313	23609313	harbor1	chr8	23475563	23475615	LINE/L2	412	+	26	23475589	66276
chr8	23409313	23609313	harbor1	chr8	23475908	23476037	LINE/L2	412	+	64	23475972	66659
chr8	23409313	23609313	harbor1	chr8	23476044	23476467	LINE/L2	451	+	212	23476256	66943
chr8	23409313	23609313	harbor1	chr8	23445416	23445849	LINE/L2	449	+	216	23445632	36319
chr8	9314880	9514880	harbor1	chr8	9323179	9323617	LINE/L2	549	+	219	9323398	8518
chr8	9314880	9514880	harbor1	chr8	9348017	9349705	LINE/L2	1849	+	844	9348861	33981
chr8	23398381	23598381	harbor1	chr8	23450577	23451009	LINE/L2	666	+	216	23450793	52412
chr8	23398381	23598381	harbor1	chr8	23451320	23451926	LINE/L2	1011	+	303	23451623	53242
chr8	23398381	23598381	harbor1	chr8	23475563	23475615	LINE/L2	412	+	26	23475589	77208
chr8	23398381	23598381	harbor1	chr8	23475908	23476037	LINE/L2	412	+	64	23475972	77591
chr8	23398381	23598381	harbor1	chr8	23476044	23476467	LINE/L2	451	+	212	23476256	77875
chr8	23398381	23598381	harbor1	chr8	23445416	23445849	LINE/L2	449	+	216	23445632	47251
chr8	23382036	23582036	harbor1	chr8	23393807	23393962	LINE/L2	485	+	78	23393885	11849
chr8	23382036	23582036	harbor1	chr8	23450577	23451009	LINE/L2	666	+	216	23450793	68757
chr8	23382036	23582036	harbor1	chr8	23451320	23451926	LINE/L2	1011	+	303	23451623	69587
chr8	23382036	23582036	harbor1	chr8	23475563	23475615	LINE/L2	412	+	26	23475589	93553
chr8	23382036	23582036	harbor1	chr8	23475908	23476037	LINE/L2	412	+	64	23475972	93936
chr8	23382036	23582036	harbor1	chr8	23476044	23476467	LINE/L2	451	+	212	23476256	94220
chr8	23382036	23582036	harbor1	chr8	23445416	23445849	LINE/L2	449	+	216	23445632	63596
chr8	23409011	23609011	harbor1	chr8	23450577	23451009	LINE/L2	666	+	216	23450793	41782
chr8	23409011	23609011	harbor1	chr8	23451320	23451926	LINE/L2	1011	+	303	23451623	42612
chr8	23409011	23609011	harbor1	chr8	23475563	23475615	LINE/L2	412	+	26	23475589	66578
chr8	23409011	23609011	harbor1	chr8	23475908	23476037	LINE/L2	412	+	64	23475972	66961
chr8	23409011	23609011	harbor1	chr8	23476044	23476467	LINE/L2	451	+	212	23476256	67245
chr8	23409011	23609011	harbor1	chr8	23445416	23445849	LINE/L2	449	+	216	23445632	36621
chr8	23428813	23628813	harbor1	chr8	23450577	23451009	LINE/L2	666	+	216	23450793	21980
chr8	23428813	23628813	harbor1	chr8	23451320	23451926	LINE/L2	1011	+	303	23451623	22810
chr8	23428813	23628813	harbor1	chr8	23475563	23475615	LINE/L2	412	+	26	23475589	46776
chr8	23428813	23628813	harbor1	chr8	23475908	23476037	LINE/L2	412	+	64	23475972	47159
chr8	23428813	23628813	harbor1	chr8	23476044	23476467	LINE/L2	451	+	212	23476256	47443
chr8	23428813	23628813	harbor1	chr8	23445416	23445849	LINE/L2	449	+	216	23445632	16819
chr8	21958007	22158007	harbor1	chr8	22027305	22027601	LINE/L2	881	+	148	22027453	69446
chr8	21958007	22158007	harbor1	chr8	22027907	22028106	LINE/L2	881	+	100	22028007	70000
chr8	144373098	144573098	harbor1	chr8	144406189	144406717	LINE/L2	783	+	264	144406453	33355
chr8	23380145	23580145	harbor1	chr8	23393807	23393962	LINE/L2	485	+	78	23393885	13740
chr8	23380145	23580145	harbor1	chr8	23450577	23451009	LINE/L2	666	+	216	23450793	70648
chr8	23380145	23580145	harbor1	chr8	23451320	23451926	LINE/L2	1011	+	303	23451623	71478
chr8	23380145	23580145	harbor1	chr8	23475563	23475615	LINE/L2	412	+	26	23475589	95444
chr8	23380145	23580145	harbor1	chr8	23475908	23476037	LINE/L2	412	+	64	23475972	95827
chr8	23380145	23580145	harbor1	chr8	23476044	23476467	LINE/L2	451	+	212	23476256	96111
chr8	23380145	23580145	harbor1	chr8	23445416	23445849	LINE/L2	449	+	216	23445632	65487
chr8	23407361	23607361	harbor1	chr8	23450577	23451009	LINE/L2	666	+	216	23450793	43432
chr8	23407361	23607361	harbor1	chr8	23451320	23451926	LINE/L2	1011	+	303	23451623	44262
chr8	23407361	23607361	harbor1	chr8	23475563	23475615	LINE/L2	412	+	26	23475589	68228
chr8	23407361	23607361	harbor1	chr8	23475908	23476037	LINE/L2	412	+	64	23475972	68611
chr8	23407361	23607361	harbor1	chr8	23476044	23476467	LINE/L2	451	+	212	23476256	68895
chr8	23407361	23607361	harbor1	chr8	23445416	23445849	LINE/L2	449	+	216	23445632	38271
chr8	109366219	109566219	harbor1	chr8	109377955	109378209	LINE/L2	657	+	127	109378082	11863
chr8	109366219	109566219	harbor1	chr8	109378247	109378544	LINE/L2	563	+	148	109378395	12176
chr8	109366219	109566219	harbor1	chr8	109388164	109388371	LINE/L2	607	+	104	109388268	22049
chr8	109366219	109566219	harbor1	chr8	109462050	109462539	LINE/L2	1181	+	244	109462294	96075
chr8	109366219	109566219	harbor1	chr8	109462840	109463147	LINE/L2	925	+	154	109462994	96775
chr8	23428529	23628529	harbor1	chr8	23450577	23451009	LINE/L2	666	+	216	23450793	22264
chr8	23428529	23628529	harbor1	chr8	23451320	23451926	LINE/L2	1011	+	303	23451623	23094
chr8	23428529	23628529	harbor1	chr8	23475563	23475615	LINE/L2	412	+	26	23475589	47060
chr8	23428529	23628529	harbor1	chr8	23475908	23476037	LINE/L2	412	+	64	23475972	47443
chr8	23428529	23628529	harbor1	chr8	23476044	23476467	LINE/L2	451	+	212	23476256	47727
chr8	23428529	23628529	harbor1	chr8	23445416	23445849	LINE/L2	449	+	216	23445632	17103
chr8	23428549	23628549	harbor1	chr8	23450577	23451009	LINE/L2	666	+	216	23450793	22244
chr8	23428549	23628549	harbor1	chr8	23451320	23451926	LINE/L2	1011	+	303	23451623	23074
chr8	23428549	23628549	harbor1	chr8	23475563	23475615	LINE/L2	412	+	26	23475589	47040
chr8	23428549	23628549	harbor1	chr8	23475908	23476037	LINE/L2	412	+	64	23475972	47423
chr8	23428549	23628549	harbor1	chr8	23476044	23476467	LINE/L2	451	+	212	23476256	47707
chr8	23428549	23628549	harbor1	chr8	23445416	23445849	LINE/L2	449	+	216	23445632	17083
chr8	23428888	23628888	harbor1	chr8	23450577	23451009	LINE/L2	666	+	216	23450793	21905
chr8	23428888	23628888	harbor1	chr8	23451320	23451926	LINE/L2	1011	+	303	23451623	22735
chr8	23428888	23628888	harbor1	chr8	23475563	23475615	LINE/L2	412	+	26	23475589	46701
chr8	23428888	23628888	harbor1	chr8	23475908	23476037	LINE/L2	412	+	64	23475972	47084
chr8	23428888	23628888	harbor1	chr8	23476044	23476467	LINE/L2	451	+	212	23476256	47368
chr8	23428888	23628888	harbor1	chr8	23445416	23445849	LINE/L2	449	+	216	23445632	16744
chr8	23428866	23628866	harbor1	chr8	23450577	23451009	LINE/L2	666	+	216	23450793	21927
chr8	23428866	23628866	harbor1	chr8	23451320	23451926	LINE/L2	1011	+	303	23451623	22757
chr8	23428866	23628866	harbor1	chr8	23475563	23475615	LINE/L2	412	+	26	23475589	46723
chr8	23428866	23628866	harbor1	chr8	23475908	23476037	LINE/L2	412	+	64	23475972	47106
chr8	23428866	23628866	harbor1	chr8	23476044	23476467	LINE/L2	451	+	212	23476256	47390
chr8	23428866	23628866	harbor1	chr8	23445416	23445849	LINE/L2	449	+	216	23445632	16766
chr8	23393384	23593384	harbor1	chr8	23393807	23393962	LINE/L2	485	+	78	23393885	501
chr8	23393384	23593384	harbor1	chr8	23450577	23451009	LINE/L2	666	+	216	23450793	57409
chr8	23393384	23593384	harbor1	chr8	23451320	23451926	LINE/L2	1011	+	303	23451623	58239
chr8	23393384	23593384	harbor1	chr8	23475563	23475615	LINE/L2	412	+	26	23475589	82205
chr8	23393384	23593384	harbor1	chr8	23475908	23476037	LINE/L2	412	+	64	23475972	82588
chr8	23393384	23593384	harbor1	chr8	23476044	23476467	LINE/L2	451	+	212	23476256	82872
chr8	23393384	23593384	harbor1	chr8	23445416	23445849	LINE/L2	449	+	216	23445632	52248
chr8	23408040	23608040	harbor1	chr8	23450577	23451009	LINE/L2	666	+	216	23450793	42753
chr8	23408040	23608040	harbor1	chr8	23451320	23451926	LINE/L2	1011	+	303	23451623	43583
chr8	23408040	23608040	harbor1	chr8	23475563	23475615	LINE/L2	412	+	26	23475589	67549
chr8	23408040	23608040	harbor1	chr8	23475908	23476037	LINE/L2	412	+	64	23475972	67932
chr8	23408040	23608040	harbor1	chr8	23476044	23476467	LINE/L2	451	+	212	23476256	68216
chr8	23408040	23608040	harbor1	chr8	23445416	23445849	LINE/L2	449	+	216	23445632	37592
chr8	23428871	23628871	harbor1	chr8	23450577	23451009	LINE/L2	666	+	216	23450793	21922
chr8	23428871	23628871	harbor1	chr8	23451320	23451926	LINE/L2	1011	+	303	23451623	22752
chr8	23428871	23628871	harbor1	chr8	23475563	23475615	LINE/L2	412	+	26	23475589	46718
chr8	23428871	23628871	harbor1	chr8	23475908	23476037	LINE/L2	412	+	64	23475972	47101
chr8	23428871	23628871	harbor1	chr8	23476044	23476467	LINE/L2	451	+	212	23476256	47385
chr8	23428871	23628871	harbor1	chr8	23445416	23445849	LINE/L2	449	+	216	23445632	16761
chr8	23428530	23628530	harbor1	chr8	23450577	23451009	LINE/L2	666	+	216	23450793	22263
chr8	23428530	23628530	harbor1	chr8	23451320	23451926	LINE/L2	1011	+	303	23451623	23093
chr8	23428530	23628530	harbor1	chr8	23475563	23475615	LINE/L2	412	+	26	23475589	47059
chr8	23428530	23628530	harbor1	chr8	23475908	23476037	LINE/L2	412	+	64	23475972	47442
chr8	23428530	23628530	harbor1	chr8	23476044	23476467	LINE/L2	451	+	212	23476256	47726
chr8	23428530	23628530	harbor1	chr8	23445416	23445849	LINE/L2	449	+	216	23445632	17102
chr8	29983333	30183333	harbor1	chr8	29993708	29994369	LINE/L2	606	+	330	29994038	10705
chr8	29983333	30183333	harbor1	chr8	30014187	30014410	LINE/L2	438	+	112	30014299	30966
chr8	29983333	30183333	harbor1	chr8	30031971	30032649	LINE/L2	483	+	339	30032310	48977
chr8	29983333	30183333	harbor1	chr8	30079925	30080371	LINE/L2	1003	+	223	30080148	96815
chr8	29983333	30183333	harbor1	chr8	30080363	30080670	LINE/L2	686	+	154	30080517	97184
chr8	23428833	23628833	harbor1	chr8	23450577	23451009	LINE/L2	666	+	216	23450793	21960
chr8	23428833	23628833	harbor1	chr8	23451320	23451926	LINE/L2	1011	+	303	23451623	22790
chr8	23428833	23628833	harbor1	chr8	23475563	23475615	LINE/L2	412	+	26	23475589	46756
chr8	23428833	23628833	harbor1	chr8	23475908	23476037	LINE/L2	412	+	64	23475972	47139
chr8	23428833	23628833	harbor1	chr8	23476044	23476467	LINE/L2	451	+	212	23476256	47423
chr8	23428833	23628833	harbor1	chr8	23445416	23445849	LINE/L2	449	+	216	23445632	16799
chr8	102556520	102756520	harbor1	chr8	102592325	102592589	LINE/L2	432	+	132	102592457	35937
chr8	23382024	23582024	harbor1	chr8	23393807	23393962	LINE/L2	485	+	78	23393885	11861
chr8	23382024	23582024	harbor1	chr8	23450577	23451009	LINE/L2	666	+	216	23450793	68769
chr8	23382024	23582024	harbor1	chr8	23451320	23451926	LINE/L2	1011	+	303	23451623	69599
chr8	23382024	23582024	harbor1	chr8	23475563	23475615	LINE/L2	412	+	26	23475589	93565
chr8	23382024	23582024	harbor1	chr8	23475908	23476037	LINE/L2	412	+	64	23475972	93948
chr8	23382024	23582024	harbor1	chr8	23476044	23476467	LINE/L2	451	+	212	23476256	94232
chr8	23382024	23582024	harbor1	chr8	23445416	23445849	LINE/L2	449	+	216	23445632	63608
chr8	23382929	23582929	harbor1	chr8	23393807	23393962	LINE/L2	485	+	78	23393885	10956
chr8	23382929	23582929	harbor1	chr8	23450577	23451009	LINE/L2	666	+	216	23450793	67864
chr8	23382929	23582929	harbor1	chr8	23451320	23451926	LINE/L2	1011	+	303	23451623	68694
chr8	23382929	23582929	harbor1	chr8	23475563	23475615	LINE/L2	412	+	26	23475589	92660
chr8	23382929	23582929	harbor1	chr8	23475908	23476037	LINE/L2	412	+	64	23475972	93043
chr8	23382929	23582929	harbor1	chr8	23476044	23476467	LINE/L2	451	+	212	23476256	93327
chr8	23382929	23582929	harbor1	chr8	23445416	23445849	LINE/L2	449	+	216	23445632	62703
chr8	23428812	23628812	harbor1	chr8	23450577	23451009	LINE/L2	666	+	216	23450793	21981
chr8	23428812	23628812	harbor1	chr8	23451320	23451926	LINE/L2	1011	+	303	23451623	22811
chr8	23428812	23628812	harbor1	chr8	23475563	23475615	LINE/L2	412	+	26	23475589	46777
chr8	23428812	23628812	harbor1	chr8	23475908	23476037	LINE/L2	412	+	64	23475972	47160
chr8	23428812	23628812	harbor1	chr8	23476044	23476467	LINE/L2	451	+	212	23476256	47444
chr8	23428812	23628812	harbor1	chr8	23445416	23445849	LINE/L2	449	+	216	23445632	16820
chr8	23335731	23535731	harbor1	chr8	23365526	23366088	LINE/L2	1125	+	281	23365807	30076
chr8	23335731	23535731	harbor1	chr8	23393807	23393962	LINE/L2	485	+	78	23393885	58154
chr8	23428407	23628407	harbor1	chr8	23450577	23451009	LINE/L2	666	+	216	23450793	22386
chr8	23428407	23628407	harbor1	chr8	23451320	23451926	LINE/L2	1011	+	303	23451623	23216
chr8	23428407	23628407	harbor1	chr8	23475563	23475615	LINE/L2	412	+	26	23475589	47182
chr8	23428407	23628407	harbor1	chr8	23475908	23476037	LINE/L2	412	+	64	23475972	47565
chr8	23428407	23628407	harbor1	chr8	23476044	23476467	LINE/L2	451	+	212	23476256	47849
chr8	23428407	23628407	harbor1	chr8	23445416	23445849	LINE/L2	449	+	216	23445632	17225
chr8	89802506	90002506	harbor1	chr8	89812494	89813198	LINE/L2	632	+	352	89812846	10340
chr8	89802506	90002506	harbor1	chr8	89829074	89829471	LINE/L2	464	+	198	89829272	26766
chr8	23428497	23628497	harbor1	chr8	23450577	23451009	LINE/L2	666	+	216	23450793	22296
chr8	23428497	23628497	harbor1	chr8	23451320	23451926	LINE/L2	1011	+	303	23451623	23126
chr8	23428497	23628497	harbor1	chr8	23475563	23475615	LINE/L2	412	+	26	23475589	47092
chr8	23428497	23628497	harbor1	chr8	23475908	23476037	LINE/L2	412	+	64	23475972	47475
chr8	23428497	23628497	harbor1	chr8	23476044	23476467	LINE/L2	451	+	212	23476256	47759
chr8	23428497	23628497	harbor1	chr8	23445416	23445849	LINE/L2	449	+	216	23445632	17135
chr8	23419568	23619568	harbor1	chr8	23450577	23451009	LINE/L2	666	+	216	23450793	31225
chr8	23419568	23619568	harbor1	chr8	23451320	23451926	LINE/L2	1011	+	303	23451623	32055
chr8	23419568	23619568	harbor1	chr8	23475563	23475615	LINE/L2	412	+	26	23475589	56021
chr8	23419568	23619568	harbor1	chr8	23475908	23476037	LINE/L2	412	+	64	23475972	56404
chr8	23419568	23619568	harbor1	chr8	23476044	23476467	LINE/L2	451	+	212	23476256	56688
chr8	23419568	23619568	harbor1	chr8	23445416	23445849	LINE/L2	449	+	216	23445632	26064
chr8	23428434	23628434	harbor1	chr8	23450577	23451009	LINE/L2	666	+	216	23450793	22359
chr8	23428434	23628434	harbor1	chr8	23451320	23451926	LINE/L2	1011	+	303	23451623	23189
chr8	23428434	23628434	harbor1	chr8	23475563	23475615	LINE/L2	412	+	26	23475589	47155
chr8	23428434	23628434	harbor1	chr8	23475908	23476037	LINE/L2	412	+	64	23475972	47538
chr8	23428434	23628434	harbor1	chr8	23476044	23476467	LINE/L2	451	+	212	23476256	47822
chr8	23428434	23628434	harbor1	chr8	23445416	23445849	LINE/L2	449	+	216	23445632	17198
chr8	23428557	23628557	harbor1	chr8	23450577	23451009	LINE/L2	666	+	216	23450793	22236
chr8	23428557	23628557	harbor1	chr8	23451320	23451926	LINE/L2	1011	+	303	23451623	23066
chr8	23428557	23628557	harbor1	chr8	23475563	23475615	LINE/L2	412	+	26	23475589	47032
chr8	23428557	23628557	harbor1	chr8	23475908	23476037	LINE/L2	412	+	64	23475972	47415
chr8	23428557	23628557	harbor1	chr8	23476044	23476467	LINE/L2	451	+	212	23476256	47699
chr8	23428557	23628557	harbor1	chr8	23445416	23445849	LINE/L2	449	+	216	23445632	17075
chr8	23428919	23628919	harbor1	chr8	23450577	23451009	LINE/L2	666	+	216	23450793	21874
chr8	23428919	23628919	harbor1	chr8	23451320	23451926	LINE/L2	1011	+	303	23451623	22704
chr8	23428919	23628919	harbor1	chr8	23475563	23475615	LINE/L2	412	+	26	23475589	46670
chr8	23428919	23628919	harbor1	chr8	23475908	23476037	LINE/L2	412	+	64	23475972	47053
chr8	23428919	23628919	harbor1	chr8	23476044	23476467	LINE/L2	451	+	212	23476256	47337
chr8	23428919	23628919	harbor1	chr8	23445416	23445849	LINE/L2	449	+	216	23445632	16713
chr8	90970524	91170524	harbor1	chr8	91005129	91005640	LINE/L2	588	+	256	91005385	34861
chr8	90970524	91170524	harbor1	chr8	91023685	91023802	LINE/L2	415	+	58	91023743	53219
chr8	90970524	91170524	harbor1	chr8	91033151	91033780	LINE/L2	848	+	314	91033465	62941
chr8	90970524	91170524	harbor1	chr8	91033944	91034207	LINE/L2	848	+	132	91034076	63552
chr8	90970524	91170524	harbor1	chr8	91035378	91035662	LINE/L2	441	+	142	91035520	64996
chr8	90970524	91170524	harbor1	chr8	91036242	91036736	LINE/L2	733	+	247	91036489	65965
chr8	90970524	91170524	harbor1	chr8	91037226	91037666	LINE/L2	472	+	220	91037446	66922
chr8	90970524	91170524	harbor1	chr8	91061118	91061477	LINE/L2	447	+	180	91061298	90774
chr8	90970524	91170524	harbor1	chr8	91013111	91013254	LINE/L2	449	+	72	91013183	42659
chr8	21958005	22158005	harbor1	chr8	22027305	22027601	LINE/L2	881	+	148	22027453	69448
chr8	21958005	22158005	harbor1	chr8	22027907	22028106	LINE/L2	881	+	100	22028007	70002
chr8	23358013	23558013	harbor1	chr8	23365526	23366088	LINE/L2	1125	+	281	23365807	7794
chr8	23358013	23558013	harbor1	chr8	23393807	23393962	LINE/L2	485	+	78	23393885	35872
chr8	23358013	23558013	harbor1	chr8	23450577	23451009	LINE/L2	666	+	216	23450793	92780
chr8	23358013	23558013	harbor1	chr8	23451320	23451926	LINE/L2	1011	+	303	23451623	93610
chr8	23358013	23558013	harbor1	chr8	23445416	23445849	LINE/L2	449	+	216	23445632	87619
chr8	23428835	23628835	harbor1	chr8	23450577	23451009	LINE/L2	666	+	216	23450793	21958
chr8	23428835	23628835	harbor1	chr8	23451320	23451926	LINE/L2	1011	+	303	23451623	22788
chr8	23428835	23628835	harbor1	chr8	23475563	23475615	LINE/L2	412	+	26	23475589	46754
chr8	23428835	23628835	harbor1	chr8	23475908	23476037	LINE/L2	412	+	64	23475972	47137
chr8	23428835	23628835	harbor1	chr8	23476044	23476467	LINE/L2	451	+	212	23476256	47421
chr8	23428835	23628835	harbor1	chr8	23445416	23445849	LINE/L2	449	+	216	23445632	16797
chr8	23428480	23628480	harbor1	chr8	23450577	23451009	LINE/L2	666	+	216	23450793	22313
chr8	23428480	23628480	harbor1	chr8	23451320	23451926	LINE/L2	1011	+	303	23451623	23143
chr8	23428480	23628480	harbor1	chr8	23475563	23475615	LINE/L2	412	+	26	23475589	47109
chr8	23428480	23628480	harbor1	chr8	23475908	23476037	LINE/L2	412	+	64	23475972	47492
chr8	23428480	23628480	harbor1	chr8	23476044	23476467	LINE/L2	451	+	212	23476256	47776
chr8	23428480	23628480	harbor1	chr8	23445416	23445849	LINE/L2	449	+	216	23445632	17152
chr8	23428515	23628515	harbor1	chr8	23450577	23451009	LINE/L2	666	+	216	23450793	22278
chr8	23428515	23628515	harbor1	chr8	23451320	23451926	LINE/L2	1011	+	303	23451623	23108
chr8	23428515	23628515	harbor1	chr8	23475563	23475615	LINE/L2	412	+	26	23475589	47074
chr8	23428515	23628515	harbor1	chr8	23475908	23476037	LINE/L2	412	+	64	23475972	47457
chr8	23428515	23628515	harbor1	chr8	23476044	23476467	LINE/L2	451	+	212	23476256	47741
chr8	23428515	23628515	harbor1	chr8	23445416	23445849	LINE/L2	449	+	216	23445632	17117
chr8	23393484	23593484	harbor1	chr8	23393807	23393962	LINE/L2	485	+	78	23393885	401
chr8	23393484	23593484	harbor1	chr8	23450577	23451009	LINE/L2	666	+	216	23450793	57309
chr8	23393484	23593484	harbor1	chr8	23451320	23451926	LINE/L2	1011	+	303	23451623	58139
chr8	23393484	23593484	harbor1	chr8	23475563	23475615	LINE/L2	412	+	26	23475589	82105
chr8	23393484	23593484	harbor1	chr8	23475908	23476037	LINE/L2	412	+	64	23475972	82488
chr8	23393484	23593484	harbor1	chr8	23476044	23476467	LINE/L2	451	+	212	23476256	82772
chr8	23393484	23593484	harbor1	chr8	23445416	23445849	LINE/L2	449	+	216	23445632	52148
chr8	23380424	23580424	harbor1	chr8	23393807	23393962	LINE/L2	485	+	78	23393885	13461
chr8	23380424	23580424	harbor1	chr8	23450577	23451009	LINE/L2	666	+	216	23450793	70369
chr8	23380424	23580424	harbor1	chr8	23451320	23451926	LINE/L2	1011	+	303	23451623	71199
chr8	23380424	23580424	harbor1	chr8	23475563	23475615	LINE/L2	412	+	26	23475589	95165
chr8	23380424	23580424	harbor1	chr8	23475908	23476037	LINE/L2	412	+	64	23475972	95548
chr8	23380424	23580424	harbor1	chr8	23476044	23476467	LINE/L2	451	+	212	23476256	95832
chr8	23380424	23580424	harbor1	chr8	23445416	23445849	LINE/L2	449	+	216	23445632	65208
chr8	23428487	23628487	harbor1	chr8	23450577	23451009	LINE/L2	666	+	216	23450793	22306
chr8	23428487	23628487	harbor1	chr8	23451320	23451926	LINE/L2	1011	+	303	23451623	23136
chr8	23428487	23628487	harbor1	chr8	23475563	23475615	LINE/L2	412	+	26	23475589	47102
chr8	23428487	23628487	harbor1	chr8	23475908	23476037	LINE/L2	412	+	64	23475972	47485
chr8	23428487	23628487	harbor1	chr8	23476044	23476467	LINE/L2	451	+	212	23476256	47769
chr8	23428487	23628487	harbor1	chr8	23445416	23445849	LINE/L2	449	+	216	23445632	17145
chr8	23393608	23593608	harbor1	chr8	23393807	23393962	LINE/L2	485	+	78	23393885	277
chr8	23393608	23593608	harbor1	chr8	23450577	23451009	LINE/L2	666	+	216	23450793	57185
chr8	23393608	23593608	harbor1	chr8	23451320	23451926	LINE/L2	1011	+	303	23451623	58015
chr8	23393608	23593608	harbor1	chr8	23475563	23475615	LINE/L2	412	+	26	23475589	81981
chr8	23393608	23593608	harbor1	chr8	23475908	23476037	LINE/L2	412	+	64	23475972	82364
chr8	23393608	23593608	harbor1	chr8	23476044	23476467	LINE/L2	451	+	212	23476256	82648
chr8	23393608	23593608	harbor1	chr8	23445416	23445849	LINE/L2	449	+	216	23445632	52024
chr8	23428433	23628433	harbor1	chr8	23450577	23451009	LINE/L2	666	+	216	23450793	22360
chr8	23428433	23628433	harbor1	chr8	23451320	23451926	LINE/L2	1011	+	303	23451623	23190
chr8	23428433	23628433	harbor1	chr8	23475563	23475615	LINE/L2	412	+	26	23475589	47156
chr8	23428433	23628433	harbor1	chr8	23475908	23476037	LINE/L2	412	+	64	23475972	47539
chr8	23428433	23628433	harbor1	chr8	23476044	23476467	LINE/L2	451	+	212	23476256	47823
chr8	23428433	23628433	harbor1	chr8	23445416	23445849	LINE/L2	449	+	216	23445632	17199
chr8	12095160	12295160	harbor1	chr8	12192317	12192791	LINE/L2	799	+	237	12192554	97394
chr8	29983365	30183365	harbor1	chr8	29993708	29994369	LINE/L2	606	+	330	29994038	10673
chr8	29983365	30183365	harbor1	chr8	30014187	30014410	LINE/L2	438	+	112	30014299	30934
chr8	29983365	30183365	harbor1	chr8	30031971	30032649	LINE/L2	483	+	339	30032310	48945
chr8	29983365	30183365	harbor1	chr8	30079925	30080371	LINE/L2	1003	+	223	30080148	96783
chr8	29983365	30183365	harbor1	chr8	30080363	30080670	LINE/L2	686	+	154	30080517	97152
chr8	23398492	23598492	harbor1	chr8	23450577	23451009	LINE/L2	666	+	216	23450793	52301
chr8	23398492	23598492	harbor1	chr8	23451320	23451926	LINE/L2	1011	+	303	23451623	53131
chr8	23398492	23598492	harbor1	chr8	23475563	23475615	LINE/L2	412	+	26	23475589	77097
chr8	23398492	23598492	harbor1	chr8	23475908	23476037	LINE/L2	412	+	64	23475972	77480
chr8	23398492	23598492	harbor1	chr8	23476044	23476467	LINE/L2	451	+	212	23476256	77764
chr8	23398492	23598492	harbor1	chr8	23445416	23445849	LINE/L2	449	+	216	23445632	47140
chr8	23428524	23628524	harbor1	chr8	23450577	23451009	LINE/L2	666	+	216	23450793	22269
chr8	23428524	23628524	harbor1	chr8	23451320	23451926	LINE/L2	1011	+	303	23451623	23099
chr8	23428524	23628524	harbor1	chr8	23475563	23475615	LINE/L2	412	+	26	23475589	47065
chr8	23428524	23628524	harbor1	chr8	23475908	23476037	LINE/L2	412	+	64	23475972	47448
chr8	23428524	23628524	harbor1	chr8	23476044	23476467	LINE/L2	451	+	212	23476256	47732
chr8	23428524	23628524	harbor1	chr8	23445416	23445849	LINE/L2	449	+	216	23445632	17108
chr8	141299565	141499565	harbor1	chr8	141344275	141344619	LINE/L2	531	+	172	141344447	44882
chr8	23384163	23584163	harbor1	chr8	23393807	23393962	LINE/L2	485	+	78	23393885	9722
chr8	23384163	23584163	harbor1	chr8	23450577	23451009	LINE/L2	666	+	216	23450793	66630
chr8	23384163	23584163	harbor1	chr8	23451320	23451926	LINE/L2	1011	+	303	23451623	67460
chr8	23384163	23584163	harbor1	chr8	23475563	23475615	LINE/L2	412	+	26	23475589	91426
chr8	23384163	23584163	harbor1	chr8	23475908	23476037	LINE/L2	412	+	64	23475972	91809
chr8	23384163	23584163	harbor1	chr8	23476044	23476467	LINE/L2	451	+	212	23476256	92093
chr8	23384163	23584163	harbor1	chr8	23445416	23445849	LINE/L2	449	+	216	23445632	61469
chr8	23428822	23628822	harbor1	chr8	23450577	23451009	LINE/L2	666	+	216	23450793	21971
chr8	23428822	23628822	harbor1	chr8	23451320	23451926	LINE/L2	1011	+	303	23451623	22801
chr8	23428822	23628822	harbor1	chr8	23475563	23475615	LINE/L2	412	+	26	23475589	46767
chr8	23428822	23628822	harbor1	chr8	23475908	23476037	LINE/L2	412	+	64	23475972	47150
chr8	23428822	23628822	harbor1	chr8	23476044	23476467	LINE/L2	451	+	212	23476256	47434
chr8	23428822	23628822	harbor1	chr8	23445416	23445849	LINE/L2	449	+	216	23445632	16810
chr8	23428849	23628849	harbor1	chr8	23450577	23451009	LINE/L2	666	+	216	23450793	21944
chr8	23428849	23628849	harbor1	chr8	23451320	23451926	LINE/L2	1011	+	303	23451623	22774
chr8	23428849	23628849	harbor1	chr8	23475563	23475615	LINE/L2	412	+	26	23475589	46740
chr8	23428849	23628849	harbor1	chr8	23475908	23476037	LINE/L2	412	+	64	23475972	47123
chr8	23428849	23628849	harbor1	chr8	23476044	23476467	LINE/L2	451	+	212	23476256	47407
chr8	23428849	23628849	harbor1	chr8	23445416	23445849	LINE/L2	449	+	216	23445632	16783
chr8	23373952	23573952	harbor1	chr8	23393807	23393962	LINE/L2	485	+	78	23393885	19933
chr8	23373952	23573952	harbor1	chr8	23450577	23451009	LINE/L2	666	+	216	23450793	76841
chr8	23373952	23573952	harbor1	chr8	23451320	23451926	LINE/L2	1011	+	303	23451623	77671
chr8	23373952	23573952	harbor1	chr8	23445416	23445849	LINE/L2	449	+	216	23445632	71680
chr8	94973525	95173525	harbor1	chr8	95049624	95049933	LINE/L2	710	+	154	95049778	76253
chr8	140984887	141184887	harbor1	chr8	141002655	141002991	LINE/L2	656	+	168	141002823	17936
chr8	140984887	141184887	harbor1	chr8	141057453	141057858	LINE/L2	585	+	202	141057655	72768
chr8	32680029	32880029	harbor1	chr8	32680617	32680869	LINE/L2	479	+	126	32680743	714
chr8	23428936	23628936	harbor1	chr8	23450577	23451009	LINE/L2	666	+	216	23450793	21857
chr8	23428936	23628936	harbor1	chr8	23451320	23451926	LINE/L2	1011	+	303	23451623	22687
chr8	23428936	23628936	harbor1	chr8	23475563	23475615	LINE/L2	412	+	26	23475589	46653
chr8	23428936	23628936	harbor1	chr8	23475908	23476037	LINE/L2	412	+	64	23475972	47036
chr8	23428936	23628936	harbor1	chr8	23476044	23476467	LINE/L2	451	+	212	23476256	47320
chr8	23428936	23628936	harbor1	chr8	23445416	23445849	LINE/L2	449	+	216	23445632	16696
chr8	23409024	23609024	harbor1	chr8	23450577	23451009	LINE/L2	666	+	216	23450793	41769
chr8	23409024	23609024	harbor1	chr8	23451320	23451926	LINE/L2	1011	+	303	23451623	42599
chr8	23409024	23609024	harbor1	chr8	23475563	23475615	LINE/L2	412	+	26	23475589	66565
chr8	23409024	23609024	harbor1	chr8	23475908	23476037	LINE/L2	412	+	64	23475972	66948
chr8	23409024	23609024	harbor1	chr8	23476044	23476467	LINE/L2	451	+	212	23476256	67232
chr8	23409024	23609024	harbor1	chr8	23445416	23445849	LINE/L2	449	+	216	23445632	36608
chr8	23428958	23628958	harbor1	chr8	23450577	23451009	LINE/L2	666	+	216	23450793	21835
chr8	23428958	23628958	harbor1	chr8	23451320	23451926	LINE/L2	1011	+	303	23451623	22665
chr8	23428958	23628958	harbor1	chr8	23475563	23475615	LINE/L2	412	+	26	23475589	46631
chr8	23428958	23628958	harbor1	chr8	23475908	23476037	LINE/L2	412	+	64	23475972	47014
chr8	23428958	23628958	harbor1	chr8	23476044	23476467	LINE/L2	451	+	212	23476256	47298
chr8	23428958	23628958	harbor1	chr8	23445416	23445849	LINE/L2	449	+	216	23445632	16674
chr8	26477624	26677624	harbor1	chr8	26480928	26481351	LINE/L2	420	+	212	26481140	3516
chr8	26477624	26677624	harbor1	chr8	26481443	26481869	LINE/L2	630	+	213	26481656	4032
chr8	26477624	26677624	harbor1	chr8	26561173	26561520	LINE/L2	555	+	174	26561347	83723
chr8	26477624	26677624	harbor1	chr8	26562366	26562650	LINE/L2	410	+	142	26562508	84884
chr8	26477624	26677624	harbor1	chr8	26563581	26563831	LINE/L2	504	+	125	26563706	86082
chr8	8286401	8486401	harbor1	chr8	8335701	8335925	LINE/L2	562	+	112	8335813	49412
chr8	23382017	23582017	harbor1	chr8	23393807	23393962	LINE/L2	485	+	78	23393885	11868
chr8	23382017	23582017	harbor1	chr8	23450577	23451009	LINE/L2	666	+	216	23450793	68776
chr8	23382017	23582017	harbor1	chr8	23451320	23451926	LINE/L2	1011	+	303	23451623	69606
chr8	23382017	23582017	harbor1	chr8	23475563	23475615	LINE/L2	412	+	26	23475589	93572
chr8	23382017	23582017	harbor1	chr8	23475908	23476037	LINE/L2	412	+	64	23475972	93955
chr8	23382017	23582017	harbor1	chr8	23476044	23476467	LINE/L2	451	+	212	23476256	94239
chr8	23382017	23582017	harbor1	chr8	23445416	23445849	LINE/L2	449	+	216	23445632	63615
chr8	23428526	23628526	harbor1	chr8	23450577	23451009	LINE/L2	666	+	216	23450793	22267
chr8	23428526	23628526	harbor1	chr8	23451320	23451926	LINE/L2	1011	+	303	23451623	23097
chr8	23428526	23628526	harbor1	chr8	23475563	23475615	LINE/L2	412	+	26	23475589	47063
chr8	23428526	23628526	harbor1	chr8	23475908	23476037	LINE/L2	412	+	64	23475972	47446
chr8	23428526	23628526	harbor1	chr8	23476044	23476467	LINE/L2	451	+	212	23476256	47730
chr8	23428526	23628526	harbor1	chr8	23445416	23445849	LINE/L2	449	+	216	23445632	17106
chr8	8790734	8990734	harbor1	chr8	8845769	8845966	LINE/L2	552	+	98	8845867	55133
chr8	8790734	8990734	harbor1	chr8	8846379	8846850	LINE/L2	608	+	236	8846615	55881
chr8	25084956	25284956	harbor1	chr8	25125326	25125935	LINE/L2	1576	+	304	25125630	40674
chr8	25084956	25284956	harbor1	chr8	25131806	25132290	LINE/L2	1243	+	242	25132048	47092
chr8	25084956	25284956	harbor1	chr8	25182182	25182882	LINE/L2	588	+	350	25182532	97576
chr8	23372498	23572498	harbor1	chr8	23393807	23393962	LINE/L2	485	+	78	23393885	21387
chr8	23372498	23572498	harbor1	chr8	23450577	23451009	LINE/L2	666	+	216	23450793	78295
chr8	23372498	23572498	harbor1	chr8	23451320	23451926	LINE/L2	1011	+	303	23451623	79125
chr8	23372498	23572498	harbor1	chr8	23445416	23445849	LINE/L2	449	+	216	23445632	73134
chr8	21328820	21528820	harbor1	chr8	21333725	21334033	LINE/L2	544	+	154	21333879	5059
chr8	21328820	21528820	harbor1	chr8	21335533	21336615	LINE/L2	2394	+	541	21336074	7254
chr8	21328820	21528820	harbor1	chr8	21403643	21404027	LINE/L2	1720	+	192	21403835	75015
chr8	21328820	21528820	harbor1	chr8	21404308	21404462	LINE/L2	1720	+	77	21404385	75565
chr8	21328820	21528820	harbor1	chr8	21404682	21404917	LINE/L2	748	+	118	21404800	75980
chr8	141299674	141499674	harbor1	chr8	141344275	141344619	LINE/L2	531	+	172	141344447	44773
chr8	22051990	22251990	harbor1	chr8	22062966	22064003	LINE/L2	422	+	518	22063484	11494
chr8	22051990	22251990	harbor1	chr8	22151187	22151412	LINE/L2	630	+	112	22151299	99309
chr8	23382188	23582188	harbor1	chr8	23393807	23393962	LINE/L2	485	+	78	23393885	11697
chr8	23382188	23582188	harbor1	chr8	23450577	23451009	LINE/L2	666	+	216	23450793	68605
chr8	23382188	23582188	harbor1	chr8	23451320	23451926	LINE/L2	1011	+	303	23451623	69435
chr8	23382188	23582188	harbor1	chr8	23475563	23475615	LINE/L2	412	+	26	23475589	93401
chr8	23382188	23582188	harbor1	chr8	23475908	23476037	LINE/L2	412	+	64	23475972	93784
chr8	23382188	23582188	harbor1	chr8	23476044	23476467	LINE/L2	451	+	212	23476256	94068
chr8	23382188	23582188	harbor1	chr8	23445416	23445849	LINE/L2	449	+	216	23445632	63444
chr8	20295312	20495312	harbor1	chr8	20305666	20305764	LINE/L2	560	+	49	20305715	10403
chr8	20295312	20495312	harbor1	chr8	20382553	20383370	LINE/L2	857	+	408	20382961	87649
chr8	23381183	23581183	harbor1	chr8	23393807	23393962	LINE/L2	485	+	78	23393885	12702
chr8	23381183	23581183	harbor1	chr8	23450577	23451009	LINE/L2	666	+	216	23450793	69610
chr8	23381183	23581183	harbor1	chr8	23451320	23451926	LINE/L2	1011	+	303	23451623	70440
chr8	23381183	23581183	harbor1	chr8	23475563	23475615	LINE/L2	412	+	26	23475589	94406
chr8	23381183	23581183	harbor1	chr8	23475908	23476037	LINE/L2	412	+	64	23475972	94789
chr8	23381183	23581183	harbor1	chr8	23476044	23476467	LINE/L2	451	+	212	23476256	95073
chr8	23381183	23581183	harbor1	chr8	23445416	23445849	LINE/L2	449	+	216	23445632	64449
chr8	23428879	23628879	harbor1	chr8	23450577	23451009	LINE/L2	666	+	216	23450793	21914
chr8	23428879	23628879	harbor1	chr8	23451320	23451926	LINE/L2	1011	+	303	23451623	22744
chr8	23428879	23628879	harbor1	chr8	23475563	23475615	LINE/L2	412	+	26	23475589	46710
chr8	23428879	23628879	harbor1	chr8	23475908	23476037	LINE/L2	412	+	64	23475972	47093
chr8	23428879	23628879	harbor1	chr8	23476044	23476467	LINE/L2	451	+	212	23476256	47377
chr8	23428879	23628879	harbor1	chr8	23445416	23445849	LINE/L2	449	+	216	23445632	16753
chr8	8793032	8993032	harbor1	chr8	8845769	8845966	LINE/L2	552	+	98	8845867	52835
chr8	8793032	8993032	harbor1	chr8	8846379	8846850	LINE/L2	608	+	236	8846615	53583
chr8	144299476	144499476	harbor1	chr8	144348529	144348782	LINE/L2	569	+	126	144348655	49179
chr8	144364372	144564372	harbor1	chr8	144406189	144406717	LINE/L2	783	+	264	144406453	42081
chr8	48601680	48801680	harbor1	chr8	48622652	48622775	LINE/L2	518	+	62	48622714	21034
chr8	48601680	48801680	harbor1	chr8	48623073	48623174	LINE/L2	518	+	50	48623123	21443
chr8	141299700	141499700	harbor1	chr8	141344275	141344619	LINE/L2	531	+	172	141344447	44747
chr8	26283759	26483759	harbor1	chr8	26322876	26323215	LINE/L2	773	+	170	26323046	39287
chr8	26283759	26483759	harbor1	chr8	26324037	26324425	LINE/L2	850	+	194	26324231	40472
chr8	89802482	90002482	harbor1	chr8	89812494	89813198	LINE/L2	632	+	352	89812846	10364
chr8	89802482	90002482	harbor1	chr8	89829074	89829471	LINE/L2	464	+	198	89829272	26790
chr8	23429068	23629068	harbor1	chr8	23450577	23451009	LINE/L2	666	+	216	23450793	21725
chr8	23429068	23629068	harbor1	chr8	23451320	23451926	LINE/L2	1011	+	303	23451623	22555
chr8	23429068	23629068	harbor1	chr8	23475563	23475615	LINE/L2	412	+	26	23475589	46521
chr8	23429068	23629068	harbor1	chr8	23475908	23476037	LINE/L2	412	+	64	23475972	46904
chr8	23429068	23629068	harbor1	chr8	23476044	23476467	LINE/L2	451	+	212	23476256	47188
chr8	23429068	23629068	harbor1	chr8	23445416	23445849	LINE/L2	449	+	216	23445632	16564
chr8	144375112	144575112	harbor1	chr8	144406189	144406717	LINE/L2	783	+	264	144406453	31341
chr8	58558195	58758195	harbor1	chr8	58632028	58633631	LINE/L2	1826	+	802	58632830	74635
chr8	23424122	23624122	harbor1	chr8	23450577	23451009	LINE/L2	666	+	216	23450793	26671
chr8	23424122	23624122	harbor1	chr8	23451320	23451926	LINE/L2	1011	+	303	23451623	27501
chr8	23424122	23624122	harbor1	chr8	23475563	23475615	LINE/L2	412	+	26	23475589	51467
chr8	23424122	23624122	harbor1	chr8	23475908	23476037	LINE/L2	412	+	64	23475972	51850
chr8	23424122	23624122	harbor1	chr8	23476044	23476467	LINE/L2	451	+	212	23476256	52134
chr8	23424122	23624122	harbor1	chr8	23445416	23445849	LINE/L2	449	+	216	23445632	21510
chr8	23381900	23581900	harbor1	chr8	23393807	23393962	LINE/L2	485	+	78	23393885	11985
chr8	23381900	23581900	harbor1	chr8	23450577	23451009	LINE/L2	666	+	216	23450793	68893
chr8	23381900	23581900	harbor1	chr8	23451320	23451926	LINE/L2	1011	+	303	23451623	69723
chr8	23381900	23581900	harbor1	chr8	23475563	23475615	LINE/L2	412	+	26	23475589	93689
chr8	23381900	23581900	harbor1	chr8	23475908	23476037	LINE/L2	412	+	64	23475972	94072
chr8	23381900	23581900	harbor1	chr8	23476044	23476467	LINE/L2	451	+	212	23476256	94356
chr8	23381900	23581900	harbor1	chr8	23445416	23445849	LINE/L2	449	+	216	23445632	63732
chr8	22624498	22824498	harbor1	chr8	22681705	22682172	LINE/L2	1239	+	234	22681939	57441
chr8	11745829	11945829	harbor1	chr8	11797405	11797524	LINE/L2	441	+	60	11797465	51636
chr8	41761146	41961146	harbor1	chr8	41794121	41794693	LINE/L2	1280	+	286	41794407	33261
chr8	141299679	141499679	harbor1	chr8	141344275	141344619	LINE/L2	531	+	172	141344447	44768
chr8	10959439	11159439	harbor1	chr8	10963162	10963543	LINE/L2	560	+	190	10963352	3913
chr8	10959439	11159439	harbor1	chr8	10987367	10987949	LINE/L2	1143	+	291	10987658	28219
chr8	10959439	11159439	harbor1	chr8	10988047	10988336	LINE/L2	793	+	144	10988191	28752
chr8	10959439	11159439	harbor1	chr8	11050705	11051795	LINE/L2	1131	+	545	11051250	91811
chr8	10959439	11159439	harbor1	chr8	11052057	11052529	LINE/L2	834	+	236	11052293	92854
chr8	10959439	11159439	harbor1	chr8	11057215	11057432	LINE/L2	813	+	108	11057323	97884
chr8	22656494	22856494	harbor1	chr8	22681705	22682172	LINE/L2	1239	+	234	22681939	25445
chr8	41615259	41815259	harbor1	chr8	41668952	41669291	LINE/L2	808	+	170	41669122	53863
chr8	41615259	41815259	harbor1	chr8	41669496	41669763	LINE/L2	474	+	134	41669630	54371
chr8	41615259	41815259	harbor1	chr8	41669844	41670309	LINE/L2	859	+	232	41670076	54817
chr8	138710548	138910548	harbor1	chr8	138738959	138739685	LINE/L2	1033	+	363	138739322	28774
chr8	138710548	138910548	harbor1	chr8	138747391	138747794	LINE/L2	436	+	202	138747593	37045
chr8	138710548	138910548	harbor1	chr8	138776707	138776831	LINE/L2	557	+	62	138776769	66221
chr8	102556596	102756596	harbor1	chr8	102592325	102592589	LINE/L2	432	+	132	102592457	35861
chr8	23428939	23628939	harbor1	chr8	23450577	23451009	LINE/L2	666	+	216	23450793	21854
chr8	23428939	23628939	harbor1	chr8	23451320	23451926	LINE/L2	1011	+	303	23451623	22684
chr8	23428939	23628939	harbor1	chr8	23475563	23475615	LINE/L2	412	+	26	23475589	46650
chr8	23428939	23628939	harbor1	chr8	23475908	23476037	LINE/L2	412	+	64	23475972	47033
chr8	23428939	23628939	harbor1	chr8	23476044	23476467	LINE/L2	451	+	212	23476256	47317
chr8	23428939	23628939	harbor1	chr8	23445416	23445849	LINE/L2	449	+	216	23445632	16693
chr8	144364844	144564844	harbor1	chr8	144406189	144406717	LINE/L2	783	+	264	144406453	41609
chr8	23412882	23612882	harbor1	chr8	23450577	23451009	LINE/L2	666	+	216	23450793	37911
chr8	23412882	23612882	harbor1	chr8	23451320	23451926	LINE/L2	1011	+	303	23451623	38741
chr8	23412882	23612882	harbor1	chr8	23475563	23475615	LINE/L2	412	+	26	23475589	62707
chr8	23412882	23612882	harbor1	chr8	23475908	23476037	LINE/L2	412	+	64	23475972	63090
chr8	23412882	23612882	harbor1	chr8	23476044	23476467	LINE/L2	451	+	212	23476256	63374
chr8	23412882	23612882	harbor1	chr8	23445416	23445849	LINE/L2	449	+	216	23445632	32750
chr8	29983323	30183323	harbor1	chr8	29993708	29994369	LINE/L2	606	+	330	29994038	10715
chr8	29983323	30183323	harbor1	chr8	30014187	30014410	LINE/L2	438	+	112	30014299	30976
chr8	29983323	30183323	harbor1	chr8	30031971	30032649	LINE/L2	483	+	339	30032310	48987
chr8	29983323	30183323	harbor1	chr8	30079925	30080371	LINE/L2	1003	+	223	30080148	96825
chr8	29983323	30183323	harbor1	chr8	30080363	30080670	LINE/L2	686	+	154	30080517	97194
chr8	29983355	30183355	harbor1	chr8	29993708	29994369	LINE/L2	606	+	330	29994038	10683
chr8	29983355	30183355	harbor1	chr8	30014187	30014410	LINE/L2	438	+	112	30014299	30944
chr8	29983355	30183355	harbor1	chr8	30031971	30032649	LINE/L2	483	+	339	30032310	48955
chr8	29983355	30183355	harbor1	chr8	30079925	30080371	LINE/L2	1003	+	223	30080148	96793
chr8	29983355	30183355	harbor1	chr8	30080363	30080670	LINE/L2	686	+	154	30080517	97162
chr8	89884330	90084330	harbor1	chr8	89916596	89918288	LINE/L2	975	+	846	89917442	33112
chr8	89884330	90084330	harbor1	chr8	89918514	89919170	LINE/L2	806	+	328	89918842	34512
chr8	89884330	90084330	harbor1	chr8	89963675	89963947	LINE/L2	618	+	136	89963811	79481
chr8	89884330	90084330	harbor1	chr8	89963943	89964275	LINE/L2	606	+	166	89964109	79779
chr8	89884330	90084330	harbor1	chr8	89968755	89968894	LINE/L2	441	+	70	89968825	84495
chr8	104489421	104689421	harbor1	chr8	104550439	104550628	LINE/L2	442	+	94	104550533	61112
chr8	104489421	104689421	harbor1	chr8	104583038	104583659	LINE/L2	786	+	310	104583348	93927
chr8	104489421	104689421	harbor1	chr8	104513457	104513939	LINE/L2	428	+	241	104513698	24277
chr8	23373996	23573996	harbor1	chr8	23393807	23393962	LINE/L2	485	+	78	23393885	19889
chr8	23373996	23573996	harbor1	chr8	23450577	23451009	LINE/L2	666	+	216	23450793	76797
chr8	23373996	23573996	harbor1	chr8	23451320	23451926	LINE/L2	1011	+	303	23451623	77627
chr8	23373996	23573996	harbor1	chr8	23445416	23445849	LINE/L2	449	+	216	23445632	71636
chr8	23583116	23783116	harbor1	chr8	23603009	23603328	LINE/L2	464	+	160	23603169	20053
chr8	23583116	23783116	harbor1	chr8	23637305	23637641	LINE/L2	1243	+	168	23637473	54357
chr8	23583116	23783116	harbor1	chr8	23637774	23637811	LINE/L2	1243	+	18	23637792	54676
chr8	23583116	23783116	harbor1	chr8	23638550	23639061	LINE/L2	1243	+	256	23638806	55690
chr8	138710571	138910571	harbor1	chr8	138738959	138739685	LINE/L2	1033	+	363	138739322	28751
chr8	138710571	138910571	harbor1	chr8	138747391	138747794	LINE/L2	436	+	202	138747593	37022
chr8	138710571	138910571	harbor1	chr8	138776707	138776831	LINE/L2	557	+	62	138776769	66198
chr9	4883718	5083718	harbor1	chr9	4893575	4894236	LINE/L2	792	+	330	4893905	10187
chr9	4883718	5083718	harbor1	chr9	4970825	4971372	LINE/L2	1453	+	274	4971099	87381
chr9	4883718	5083718	harbor1	chr9	4972549	4973642	LINE/L2	2828	+	546	4973095	89377
chr9	4884896	5084896	harbor1	chr9	4893575	4894236	LINE/L2	792	+	330	4893905	9009
chr9	4884896	5084896	harbor1	chr9	4970825	4971372	LINE/L2	1453	+	274	4971099	86203
chr9	4884896	5084896	harbor1	chr9	4972549	4973642	LINE/L2	2828	+	546	4973095	88199
chr9	4884896	5084896	harbor1	chr9	4983832	4984345	LINE/L2	1319	+	256	4984088	99192
chr9	4883068	5083068	harbor1	chr9	4893575	4894236	LINE/L2	792	+	330	4893905	10837
chr9	4883068	5083068	harbor1	chr9	4970825	4971372	LINE/L2	1453	+	274	4971099	88031
chr9	4883068	5083068	harbor1	chr9	4972549	4973642	LINE/L2	2828	+	546	4973095	90027
chr9	4884791	5084791	harbor1	chr9	4893575	4894236	LINE/L2	792	+	330	4893905	9114
chr9	4884791	5084791	harbor1	chr9	4970825	4971372	LINE/L2	1453	+	274	4971099	86308
chr9	4884791	5084791	harbor1	chr9	4972549	4973642	LINE/L2	2828	+	546	4973095	88304
chr9	4884791	5084791	harbor1	chr9	4983832	4984345	LINE/L2	1319	+	256	4984088	99297
chr9	4879886	5079886	harbor1	chr9	4893575	4894236	LINE/L2	792	+	330	4893905	14019
chr9	4879886	5079886	harbor1	chr9	4970825	4971372	LINE/L2	1453	+	274	4971099	91213
chr9	4879886	5079886	harbor1	chr9	4972549	4973642	LINE/L2	2828	+	546	4973095	93209
chr9	4692784	4892784	harbor1	chr9	4770436	4770761	LINE/L2	622	+	162	4770598	77814
chr9	4692784	4892784	harbor1	chr9	4770807	4771005	LINE/L2	510	+	99	4770906	78122
chr9	4884806	5084806	harbor1	chr9	4893575	4894236	LINE/L2	792	+	330	4893905	9099
chr9	4884806	5084806	harbor1	chr9	4970825	4971372	LINE/L2	1453	+	274	4971099	86293
chr9	4884806	5084806	harbor1	chr9	4972549	4973642	LINE/L2	2828	+	546	4973095	88289
chr9	4884806	5084806	harbor1	chr9	4983832	4984345	LINE/L2	1319	+	256	4984088	99282
chr9	4692259	4892259	harbor1	chr9	4770436	4770761	LINE/L2	622	+	162	4770598	78339
chr9	4692259	4892259	harbor1	chr9	4770807	4771005	LINE/L2	510	+	99	4770906	78647
chr9	4867341	5067341	harbor1	chr9	4893575	4894236	LINE/L2	792	+	330	4893905	26564
chr9	4883408	5083408	harbor1	chr9	4893575	4894236	LINE/L2	792	+	330	4893905	10497
chr9	4883408	5083408	harbor1	chr9	4970825	4971372	LINE/L2	1453	+	274	4971099	87691
chr9	4883408	5083408	harbor1	chr9	4972549	4973642	LINE/L2	2828	+	546	4973095	89687
chr9	4884822	5084822	harbor1	chr9	4893575	4894236	LINE/L2	792	+	330	4893905	9083
chr9	4884822	5084822	harbor1	chr9	4970825	4971372	LINE/L2	1453	+	274	4971099	86277
chr9	4884822	5084822	harbor1	chr9	4972549	4973642	LINE/L2	2828	+	546	4973095	88273
chr9	4884822	5084822	harbor1	chr9	4983832	4984345	LINE/L2	1319	+	256	4984088	99266
chr9	4580286	4780286	harbor1	chr9	4636894	4637564	LINE/L2	969	+	335	4637229	56943
chr9	112387325	112587325	harbor1	chr9	112436369	112436493	LINE/L2	587	+	62	112436431	49106
chr9	112387325	112587325	harbor1	chr9	112455354	112455910	LINE/L2	878	+	278	112455632	68307
chr9	112387325	112587325	harbor1	chr9	112456066	112456647	LINE/L2	878	+	290	112456356	69031
chr9	4692922	4892922	harbor1	chr9	4770436	4770761	LINE/L2	622	+	162	4770598	77676
chr9	4692922	4892922	harbor1	chr9	4770807	4771005	LINE/L2	510	+	99	4770906	77984
chr9	79473193	79673193	harbor1	chr9	79567237	79567459	LINE/L2	587	+	111	79567348	94155
chr9	79473193	79673193	harbor1	chr9	79568147	79568213	LINE/L2	587	+	33	79568180	94987
chr9	4694655	4894655	harbor1	chr9	4770436	4770761	LINE/L2	622	+	162	4770598	75943
chr9	4694655	4894655	harbor1	chr9	4770807	4771005	LINE/L2	510	+	99	4770906	76251
chr9	4726841	4926841	harbor1	chr9	4770436	4770761	LINE/L2	622	+	162	4770598	43757
chr9	4726841	4926841	harbor1	chr9	4770807	4771005	LINE/L2	510	+	99	4770906	44065
chr9	4883803	5083803	harbor1	chr9	4893575	4894236	LINE/L2	792	+	330	4893905	10102
chr9	4883803	5083803	harbor1	chr9	4970825	4971372	LINE/L2	1453	+	274	4971099	87296
chr9	4883803	5083803	harbor1	chr9	4972549	4973642	LINE/L2	2828	+	546	4973095	89292
chr9	112387187	112587187	harbor1	chr9	112436369	112436493	LINE/L2	587	+	62	112436431	49244
chr9	112387187	112587187	harbor1	chr9	112455354	112455910	LINE/L2	878	+	278	112455632	68445
chr9	112387187	112587187	harbor1	chr9	112456066	112456647	LINE/L2	878	+	290	112456356	69169
chr9	4681965	4881965	harbor1	chr9	4770436	4770761	LINE/L2	622	+	162	4770598	88633
chr9	4681965	4881965	harbor1	chr9	4770807	4771005	LINE/L2	510	+	99	4770906	88941
chr9	4885009	5085009	harbor1	chr9	4893575	4894236	LINE/L2	792	+	330	4893905	8896
chr9	4885009	5085009	harbor1	chr9	4970825	4971372	LINE/L2	1453	+	274	4971099	86090
chr9	4885009	5085009	harbor1	chr9	4972549	4973642	LINE/L2	2828	+	546	4973095	88086
chr9	4885009	5085009	harbor1	chr9	4983832	4984345	LINE/L2	1319	+	256	4984088	99079
chr9	4692767	4892767	harbor1	chr9	4770436	4770761	LINE/L2	622	+	162	4770598	77831
chr9	4692767	4892767	harbor1	chr9	4770807	4771005	LINE/L2	510	+	99	4770906	78139
chr9	4697988	4897988	harbor1	chr9	4770436	4770761	LINE/L2	622	+	162	4770598	72610
chr9	4697988	4897988	harbor1	chr9	4770807	4771005	LINE/L2	510	+	99	4770906	72918
chr9	4692228	4892228	harbor1	chr9	4770436	4770761	LINE/L2	622	+	162	4770598	78370
chr9	4692228	4892228	harbor1	chr9	4770807	4771005	LINE/L2	510	+	99	4770906	78678
chr9	4692785	4892785	harbor1	chr9	4770436	4770761	LINE/L2	622	+	162	4770598	77813
chr9	4692785	4892785	harbor1	chr9	4770807	4771005	LINE/L2	510	+	99	4770906	78121
chr9	4692247	4892247	harbor1	chr9	4770436	4770761	LINE/L2	622	+	162	4770598	78351
chr9	4692247	4892247	harbor1	chr9	4770807	4771005	LINE/L2	510	+	99	4770906	78659
chr9	4692230	4892230	harbor1	chr9	4770436	4770761	LINE/L2	622	+	162	4770598	78368
chr9	4692230	4892230	harbor1	chr9	4770807	4771005	LINE/L2	510	+	99	4770906	78676
chr9	4883789	5083789	harbor1	chr9	4893575	4894236	LINE/L2	792	+	330	4893905	10116
chr9	4883789	5083789	harbor1	chr9	4970825	4971372	LINE/L2	1453	+	274	4971099	87310
chr9	4883789	5083789	harbor1	chr9	4972549	4973642	LINE/L2	2828	+	546	4973095	89306
chr9	4830192	5030192	harbor1	chr9	4893575	4894236	LINE/L2	792	+	330	4893905	63713
chr9	4692833	4892833	harbor1	chr9	4770436	4770761	LINE/L2	622	+	162	4770598	77765
chr9	4692833	4892833	harbor1	chr9	4770807	4771005	LINE/L2	510	+	99	4770906	78073
chr9	4866218	5066218	harbor1	chr9	4893575	4894236	LINE/L2	792	+	330	4893905	27687
chr9	4883747	5083747	harbor1	chr9	4893575	4894236	LINE/L2	792	+	330	4893905	10158
chr9	4883747	5083747	harbor1	chr9	4970825	4971372	LINE/L2	1453	+	274	4971099	87352
chr9	4883747	5083747	harbor1	chr9	4972549	4973642	LINE/L2	2828	+	546	4973095	89348
chr9	4883810	5083810	harbor1	chr9	4893575	4894236	LINE/L2	792	+	330	4893905	10095
chr9	4883810	5083810	harbor1	chr9	4970825	4971372	LINE/L2	1453	+	274	4971099	87289
chr9	4883810	5083810	harbor1	chr9	4972549	4973642	LINE/L2	2828	+	546	4973095	89285
chr9	4883816	5083816	harbor1	chr9	4893575	4894236	LINE/L2	792	+	330	4893905	10089
chr9	4883816	5083816	harbor1	chr9	4970825	4971372	LINE/L2	1453	+	274	4971099	87283
chr9	4883816	5083816	harbor1	chr9	4972549	4973642	LINE/L2	2828	+	546	4973095	89279
chr9	4884825	5084825	harbor1	chr9	4893575	4894236	LINE/L2	792	+	330	4893905	9080
chr9	4884825	5084825	harbor1	chr9	4970825	4971372	LINE/L2	1453	+	274	4971099	86274
chr9	4884825	5084825	harbor1	chr9	4972549	4973642	LINE/L2	2828	+	546	4973095	88270
chr9	4884825	5084825	harbor1	chr9	4983832	4984345	LINE/L2	1319	+	256	4984088	99263
chr9	4884808	5084808	harbor1	chr9	4893575	4894236	LINE/L2	792	+	330	4893905	9097
chr9	4884808	5084808	harbor1	chr9	4970825	4971372	LINE/L2	1453	+	274	4971099	86291
chr9	4884808	5084808	harbor1	chr9	4972549	4973642	LINE/L2	2828	+	546	4973095	88287
chr9	4884808	5084808	harbor1	chr9	4983832	4984345	LINE/L2	1319	+	256	4984088	99280
chr9	4692827	4892827	harbor1	chr9	4770436	4770761	LINE/L2	622	+	162	4770598	77771
chr9	4692827	4892827	harbor1	chr9	4770807	4771005	LINE/L2	510	+	99	4770906	78079
chr9	111384785	111584785	harbor1	chr9	111386752	111386932	LINE/L2	479	+	90	111386842	2057
chr9	111384785	111584785	harbor1	chr9	111394881	111395108	LINE/L2	721	+	114	111394995	10210
chr9	4692787	4892787	harbor1	chr9	4770436	4770761	LINE/L2	622	+	162	4770598	77811
chr9	4692787	4892787	harbor1	chr9	4770807	4771005	LINE/L2	510	+	99	4770906	78119
chr9	4883160	5083160	harbor1	chr9	4893575	4894236	LINE/L2	792	+	330	4893905	10745
chr9	4883160	5083160	harbor1	chr9	4970825	4971372	LINE/L2	1453	+	274	4971099	87939
chr9	4883160	5083160	harbor1	chr9	4972549	4973642	LINE/L2	2828	+	546	4973095	89935
chr9	112387209	112587209	harbor1	chr9	112436369	112436493	LINE/L2	587	+	62	112436431	49222
chr9	112387209	112587209	harbor1	chr9	112455354	112455910	LINE/L2	878	+	278	112455632	68423
chr9	112387209	112587209	harbor1	chr9	112456066	112456647	LINE/L2	878	+	290	112456356	69147
chr9	4692828	4892828	harbor1	chr9	4770436	4770761	LINE/L2	622	+	162	4770598	77770
chr9	4692828	4892828	harbor1	chr9	4770807	4771005	LINE/L2	510	+	99	4770906	78078
chr9	4884936	5084936	harbor1	chr9	4893575	4894236	LINE/L2	792	+	330	4893905	8969
chr9	4884936	5084936	harbor1	chr9	4970825	4971372	LINE/L2	1453	+	274	4971099	86163
chr9	4884936	5084936	harbor1	chr9	4972549	4973642	LINE/L2	2828	+	546	4973095	88159
chr9	4884936	5084936	harbor1	chr9	4983832	4984345	LINE/L2	1319	+	256	4984088	99152
chr9	4692847	4892847	harbor1	chr9	4770436	4770761	LINE/L2	622	+	162	4770598	77751
chr9	4692847	4892847	harbor1	chr9	4770807	4771005	LINE/L2	510	+	99	4770906	78059
chr9	4824136	5024136	harbor1	chr9	4893575	4894236	LINE/L2	792	+	330	4893905	69769
chr9	4740507	4940507	harbor1	chr9	4770436	4770761	LINE/L2	622	+	162	4770598	30091
chr9	4740507	4940507	harbor1	chr9	4770807	4771005	LINE/L2	510	+	99	4770906	30399
chr9	112387193	112587193	harbor1	chr9	112436369	112436493	LINE/L2	587	+	62	112436431	49238
chr9	112387193	112587193	harbor1	chr9	112455354	112455910	LINE/L2	878	+	278	112455632	68439
chr9	112387193	112587193	harbor1	chr9	112456066	112456647	LINE/L2	878	+	290	112456356	69163
chr9	4879772	5079772	harbor1	chr9	4893575	4894236	LINE/L2	792	+	330	4893905	14133
chr9	4879772	5079772	harbor1	chr9	4970825	4971372	LINE/L2	1453	+	274	4971099	91327
chr9	4879772	5079772	harbor1	chr9	4972549	4973642	LINE/L2	2828	+	546	4973095	93323
chr9	4883377	5083377	harbor1	chr9	4893575	4894236	LINE/L2	792	+	330	4893905	10528
chr9	4883377	5083377	harbor1	chr9	4970825	4971372	LINE/L2	1453	+	274	4971099	87722
chr9	4883377	5083377	harbor1	chr9	4972549	4973642	LINE/L2	2828	+	546	4973095	89718
chr9	3122465	3322465	harbor1	chr9	3171218	3171270	LINE/L2	505	+	26	3171244	48779
chr9	3122465	3322465	harbor1	chr9	3171795	3171870	LINE/L2	505	+	38	3171833	49368
chr9	3122465	3322465	harbor1	chr9	3176340	3176772	LINE/L2	843	+	216	3176556	54091
chr9	134035598	134235598	harbor1	chr9	134055136	134055405	LINE/L2	485	+	134	134055270	19672
chr9	4884878	5084878	harbor1	chr9	4893575	4894236	LINE/L2	792	+	330	4893905	9027
chr9	4884878	5084878	harbor1	chr9	4970825	4971372	LINE/L2	1453	+	274	4971099	86221
chr9	4884878	5084878	harbor1	chr9	4972549	4973642	LINE/L2	2828	+	546	4973095	88217
chr9	4884878	5084878	harbor1	chr9	4983832	4984345	LINE/L2	1319	+	256	4984088	99210
chr9	35656192	35856192	harbor1	chr9	35691841	35692353	LINE/L2	580	+	256	35692097	35905
chr9	35656192	35856192	harbor1	chr9	35724343	35724517	LINE/L2	545	+	87	35724430	68238
chr9	68242672	68442672	harbor1	chr9	68334600	68334962	LINE/L2	1094	+	181	68334781	92109
chr9	4883431	5083431	harbor1	chr9	4893575	4894236	LINE/L2	792	+	330	4893905	10474
chr9	4883431	5083431	harbor1	chr9	4970825	4971372	LINE/L2	1453	+	274	4971099	87668
chr9	4883431	5083431	harbor1	chr9	4972549	4973642	LINE/L2	2828	+	546	4973095	89664
chr9	4738230	4938230	harbor1	chr9	4770436	4770761	LINE/L2	622	+	162	4770598	32368
chr9	4738230	4938230	harbor1	chr9	4770807	4771005	LINE/L2	510	+	99	4770906	32676
chr9	4884856	5084856	harbor1	chr9	4893575	4894236	LINE/L2	792	+	330	4893905	9049
chr9	4884856	5084856	harbor1	chr9	4970825	4971372	LINE/L2	1453	+	274	4971099	86243
chr9	4884856	5084856	harbor1	chr9	4972549	4973642	LINE/L2	2828	+	546	4973095	88239
chr9	4884856	5084856	harbor1	chr9	4983832	4984345	LINE/L2	1319	+	256	4984088	99232
chr9	4692837	4892837	harbor1	chr9	4770436	4770761	LINE/L2	622	+	162	4770598	77761
chr9	4692837	4892837	harbor1	chr9	4770807	4771005	LINE/L2	510	+	99	4770906	78069
chr9	4885107	5085107	harbor1	chr9	4893575	4894236	LINE/L2	792	+	330	4893905	8798
chr9	4885107	5085107	harbor1	chr9	4970825	4971372	LINE/L2	1453	+	274	4971099	85992
chr9	4885107	5085107	harbor1	chr9	4972549	4973642	LINE/L2	2828	+	546	4973095	87988
chr9	4885107	5085107	harbor1	chr9	4983832	4984345	LINE/L2	1319	+	256	4984088	98981
chr9	112387231	112587231	harbor1	chr9	112436369	112436493	LINE/L2	587	+	62	112436431	49200
chr9	112387231	112587231	harbor1	chr9	112455354	112455910	LINE/L2	878	+	278	112455632	68401
chr9	112387231	112587231	harbor1	chr9	112456066	112456647	LINE/L2	878	+	290	112456356	69125
chr9	133966927	134166927	harbor1	chr9	134055136	134055405	LINE/L2	485	+	134	134055270	88343
chr9	35692027	35892027	harbor1	chr9	35691841	35692353	LINE/L2	580	+	256	35692097	70
chr9	35692027	35892027	harbor1	chr9	35724343	35724517	LINE/L2	545	+	87	35724430	32403
chr9	135508512	135708512	harbor1	chr9	135539698	135540217	LINE/L2	781	+	260	135539958	31446
chr9	4692923	4892923	harbor1	chr9	4770436	4770761	LINE/L2	622	+	162	4770598	77675
chr9	4692923	4892923	harbor1	chr9	4770807	4771005	LINE/L2	510	+	99	4770906	77983
chr9	4692123	4892123	harbor1	chr9	4770436	4770761	LINE/L2	622	+	162	4770598	78475
chr9	4692123	4892123	harbor1	chr9	4770807	4771005	LINE/L2	510	+	99	4770906	78783
chr9	4692181	4892181	harbor1	chr9	4770436	4770761	LINE/L2	622	+	162	4770598	78417
chr9	4692181	4892181	harbor1	chr9	4770807	4771005	LINE/L2	510	+	99	4770906	78725
chr9	4692953	4892953	harbor1	chr9	4770436	4770761	LINE/L2	622	+	162	4770598	77645
chr9	4692953	4892953	harbor1	chr9	4770807	4771005	LINE/L2	510	+	99	4770906	77953
chr9	4867260	5067260	harbor1	chr9	4893575	4894236	LINE/L2	792	+	330	4893905	26645
chr9	4737755	4937755	harbor1	chr9	4770436	4770761	LINE/L2	622	+	162	4770598	32843
chr9	4737755	4937755	harbor1	chr9	4770807	4771005	LINE/L2	510	+	99	4770906	33151
chr9	112387246	112587246	harbor1	chr9	112436369	112436493	LINE/L2	587	+	62	112436431	49185
chr9	112387246	112587246	harbor1	chr9	112455354	112455910	LINE/L2	878	+	278	112455632	68386
chr9	112387246	112587246	harbor1	chr9	112456066	112456647	LINE/L2	878	+	290	112456356	69110
chr9	133063738	133263738	harbor1	chr9	133109713	133109884	LINE/L2	481	+	86	133109799	46061
chr9	4692921	4892921	harbor1	chr9	4770436	4770761	LINE/L2	622	+	162	4770598	77677
chr9	4692921	4892921	harbor1	chr9	4770807	4771005	LINE/L2	510	+	99	4770906	77985
chr9	131570740	131770740	harbor1	chr9	131636021	131636300	LINE/L2	503	+	140	131636161	65421
chr9	131570740	131770740	harbor1	chr9	131662129	131662371	LINE/L2	569	+	121	131662250	91510
chr9	131570740	131770740	harbor1	chr9	131665182	131665606	LINE/L2	1356	+	212	131665394	94654
chr9	112387188	112587188	harbor1	chr9	112436369	112436493	LINE/L2	587	+	62	112436431	49243
chr9	112387188	112587188	harbor1	chr9	112455354	112455910	LINE/L2	878	+	278	112455632	68444
chr9	112387188	112587188	harbor1	chr9	112456066	112456647	LINE/L2	878	+	290	112456356	69168
chr9	4883740	5083740	harbor1	chr9	4893575	4894236	LINE/L2	792	+	330	4893905	10165
chr9	4883740	5083740	harbor1	chr9	4970825	4971372	LINE/L2	1453	+	274	4971099	87359
chr9	4883740	5083740	harbor1	chr9	4972549	4973642	LINE/L2	2828	+	546	4973095	89355
chr9	4879743	5079743	harbor1	chr9	4893575	4894236	LINE/L2	792	+	330	4893905	14162
chr9	4879743	5079743	harbor1	chr9	4970825	4971372	LINE/L2	1453	+	274	4971099	91356
chr9	4879743	5079743	harbor1	chr9	4972549	4973642	LINE/L2	2828	+	546	4973095	93352
chr9	4884898	5084898	harbor1	chr9	4893575	4894236	LINE/L2	792	+	330	4893905	9007
chr9	4884898	5084898	harbor1	chr9	4970825	4971372	LINE/L2	1453	+	274	4971099	86201
chr9	4884898	5084898	harbor1	chr9	4972549	4973642	LINE/L2	2828	+	546	4973095	88197
chr9	4884898	5084898	harbor1	chr9	4983832	4984345	LINE/L2	1319	+	256	4984088	99190
chr9	35656592	35856592	harbor1	chr9	35691841	35692353	LINE/L2	580	+	256	35692097	35505
chr9	35656592	35856592	harbor1	chr9	35724343	35724517	LINE/L2	545	+	87	35724430	67838
chr9	4692437	4892437	harbor1	chr9	4770436	4770761	LINE/L2	622	+	162	4770598	78161
chr9	4692437	4892437	harbor1	chr9	4770807	4771005	LINE/L2	510	+	99	4770906	78469
chr9	112387261	112587261	harbor1	chr9	112436369	112436493	LINE/L2	587	+	62	112436431	49170
chr9	112387261	112587261	harbor1	chr9	112455354	112455910	LINE/L2	878	+	278	112455632	68371
chr9	112387261	112587261	harbor1	chr9	112456066	112456647	LINE/L2	878	+	290	112456356	69095
chr9	4884872	5084872	harbor1	chr9	4893575	4894236	LINE/L2	792	+	330	4893905	9033
chr9	4884872	5084872	harbor1	chr9	4970825	4971372	LINE/L2	1453	+	274	4971099	86227
chr9	4884872	5084872	harbor1	chr9	4972549	4973642	LINE/L2	2828	+	546	4973095	88223
chr9	4884872	5084872	harbor1	chr9	4983832	4984345	LINE/L2	1319	+	256	4984088	99216
chr9	79473185	79673185	harbor1	chr9	79567237	79567459	LINE/L2	587	+	111	79567348	94163
chr9	79473185	79673185	harbor1	chr9	79568147	79568213	LINE/L2	587	+	33	79568180	94995
chr9	4692939	4892939	harbor1	chr9	4770436	4770761	LINE/L2	622	+	162	4770598	77659
chr9	4692939	4892939	harbor1	chr9	4770807	4771005	LINE/L2	510	+	99	4770906	77967
chr9	4824246	5024246	harbor1	chr9	4893575	4894236	LINE/L2	792	+	330	4893905	69659
chr9	4883387	5083387	harbor1	chr9	4893575	4894236	LINE/L2	792	+	330	4893905	10518
chr9	4883387	5083387	harbor1	chr9	4970825	4971372	LINE/L2	1453	+	274	4971099	87712
chr9	4883387	5083387	harbor1	chr9	4972549	4973642	LINE/L2	2828	+	546	4973095	89708
chr9	136049734	136249734	harbor1	chr9	136098036	136098544	LINE/L2	482	+	254	136098290	48556
chr9	4883374	5083374	harbor1	chr9	4893575	4894236	LINE/L2	792	+	330	4893905	10531
chr9	4883374	5083374	harbor1	chr9	4970825	4971372	LINE/L2	1453	+	274	4971099	87725
chr9	4883374	5083374	harbor1	chr9	4972549	4973642	LINE/L2	2828	+	546	4973095	89721
chr9	4694199	4894199	harbor1	chr9	4770436	4770761	LINE/L2	622	+	162	4770598	76399
chr9	4694199	4894199	harbor1	chr9	4770807	4771005	LINE/L2	510	+	99	4770906	76707
chr9	4883171	5083171	harbor1	chr9	4893575	4894236	LINE/L2	792	+	330	4893905	10734
chr9	4883171	5083171	harbor1	chr9	4970825	4971372	LINE/L2	1453	+	274	4971099	87928
chr9	4883171	5083171	harbor1	chr9	4972549	4973642	LINE/L2	2828	+	546	4973095	89924
chr9	135599331	135799331	harbor1	chr9	135638524	135638714	LINE/L2	576	+	95	135638619	39288
chr9	112387224	112587224	harbor1	chr9	112436369	112436493	LINE/L2	587	+	62	112436431	49207
chr9	112387224	112587224	harbor1	chr9	112455354	112455910	LINE/L2	878	+	278	112455632	68408
chr9	112387224	112587224	harbor1	chr9	112456066	112456647	LINE/L2	878	+	290	112456356	69132
chr9	2024097	2224097	harbor1	chr9	2102723	2103162	LINE/L2	694	+	220	2102943	78846
chr9	2024097	2224097	harbor1	chr9	2103370	2103556	LINE/L2	694	+	93	2103463	79366
chr9	4692195	4892195	harbor1	chr9	4770436	4770761	LINE/L2	622	+	162	4770598	78403
chr9	4692195	4892195	harbor1	chr9	4770807	4771005	LINE/L2	510	+	99	4770906	78711
chr9	4673229	4873229	harbor1	chr9	4770436	4770761	LINE/L2	622	+	162	4770598	97369
chr9	4673229	4873229	harbor1	chr9	4770807	4771005	LINE/L2	510	+	99	4770906	97677
chr9	4692970	4892970	harbor1	chr9	4770436	4770761	LINE/L2	622	+	162	4770598	77628
chr9	4692970	4892970	harbor1	chr9	4770807	4771005	LINE/L2	510	+	99	4770906	77936
chr9	3146618	3346618	harbor1	chr9	3171218	3171270	LINE/L2	505	+	26	3171244	24626
chr9	3146618	3346618	harbor1	chr9	3171795	3171870	LINE/L2	505	+	38	3171833	25215
chr9	3146618	3346618	harbor1	chr9	3176340	3176772	LINE/L2	843	+	216	3176556	29938
chr9	3146618	3346618	harbor1	chr9	3232341	3232604	LINE/L2	509	+	132	3232473	85855
chr9	3146618	3346618	harbor1	chr9	3244560	3244951	LINE/L2	665	+	196	3244756	98138
chr9	1998082	2198082	harbor1	chr9	2000573	2000984	LINE/L2	543	+	206	2000779	2697
chr9	1998082	2198082	harbor1	chr9	2001296	2001561	LINE/L2	543	+	132	2001428	3346
chr9	133064057	133264057	harbor1	chr9	133109713	133109884	LINE/L2	481	+	86	133109799	45742
chr9	4824477	5024477	harbor1	chr9	4893575	4894236	LINE/L2	792	+	330	4893905	69428
chr9	4692737	4892737	harbor1	chr9	4770436	4770761	LINE/L2	622	+	162	4770598	77861
chr9	4692737	4892737	harbor1	chr9	4770807	4771005	LINE/L2	510	+	99	4770906	78169
chr9	4692768	4892768	harbor1	chr9	4770436	4770761	LINE/L2	622	+	162	4770598	77830
chr9	4692768	4892768	harbor1	chr9	4770807	4771005	LINE/L2	510	+	99	4770906	78138
chr9	4693017	4893017	harbor1	chr9	4770436	4770761	LINE/L2	622	+	162	4770598	77581
chr9	4693017	4893017	harbor1	chr9	4770807	4771005	LINE/L2	510	+	99	4770906	77889
chr9	4884823	5084823	harbor1	chr9	4893575	4894236	LINE/L2	792	+	330	4893905	9082
chr9	4884823	5084823	harbor1	chr9	4970825	4971372	LINE/L2	1453	+	274	4971099	86276
chr9	4884823	5084823	harbor1	chr9	4972549	4973642	LINE/L2	2828	+	546	4973095	88272
chr9	4884823	5084823	harbor1	chr9	4983832	4984345	LINE/L2	1319	+	256	4984088	99265
chr9	4883080	5083080	harbor1	chr9	4893575	4894236	LINE/L2	792	+	330	4893905	10825
chr9	4883080	5083080	harbor1	chr9	4970825	4971372	LINE/L2	1453	+	274	4971099	88019
chr9	4883080	5083080	harbor1	chr9	4972549	4973642	LINE/L2	2828	+	546	4973095	90015
chr9	130119664	130319664	harbor1	chr9	130168035	130168464	LINE/L2	1010	+	214	130168249	48585
chr9	130119664	130319664	harbor1	chr9	130188187	130188418	LINE/L2	580	+	116	130188303	68639
chr9	130119664	130319664	harbor1	chr9	130189016	130189203	LINE/L2	580	+	94	130189110	69446
chr9	130119664	130319664	harbor1	chr9	130207032	130207724	LINE/L2	499	+	346	130207378	87714
chr9	91323378	91523378	harbor1	chr9	91326957	91327208	LINE/L2	651	+	126	91327083	3705
chr9	4884842	5084842	harbor1	chr9	4893575	4894236	LINE/L2	792	+	330	4893905	9063
chr9	4884842	5084842	harbor1	chr9	4970825	4971372	LINE/L2	1453	+	274	4971099	86257
chr9	4884842	5084842	harbor1	chr9	4972549	4973642	LINE/L2	2828	+	546	4973095	88253
chr9	4884842	5084842	harbor1	chr9	4983832	4984345	LINE/L2	1319	+	256	4984088	99246
chr9	4692946	4892946	harbor1	chr9	4770436	4770761	LINE/L2	622	+	162	4770598	77652
chr9	4692946	4892946	harbor1	chr9	4770807	4771005	LINE/L2	510	+	99	4770906	77960
chr9	4579427	4779427	harbor1	chr9	4636894	4637564	LINE/L2	969	+	335	4637229	57802
chr9	131575355	131775355	harbor1	chr9	131636021	131636300	LINE/L2	503	+	140	131636161	60806
chr9	131575355	131775355	harbor1	chr9	131662129	131662371	LINE/L2	569	+	121	131662250	86895
chr9	131575355	131775355	harbor1	chr9	131665182	131665606	LINE/L2	1356	+	212	131665394	90039
chr9	131575427	131775427	harbor1	chr9	131636021	131636300	LINE/L2	503	+	140	131636161	60734
chr9	131575427	131775427	harbor1	chr9	131662129	131662371	LINE/L2	569	+	121	131662250	86823
chr9	131575427	131775427	harbor1	chr9	131665182	131665606	LINE/L2	1356	+	212	131665394	89967
chr9	124315219	124515219	harbor1	chr9	124401239	124401510	LINE/L2	502	+	136	124401375	86156
chr9	124315219	124515219	harbor1	chr9	124405039	124405210	LINE/L2	631	+	86	124405125	89906
chr9	4884794	5084794	harbor1	chr9	4893575	4894236	LINE/L2	792	+	330	4893905	9111
chr9	4884794	5084794	harbor1	chr9	4970825	4971372	LINE/L2	1453	+	274	4971099	86305
chr9	4884794	5084794	harbor1	chr9	4972549	4973642	LINE/L2	2828	+	546	4973095	88301
chr9	4884794	5084794	harbor1	chr9	4983832	4984345	LINE/L2	1319	+	256	4984088	99294
chr9	129542143	129742143	harbor1	chr9	129567090	129567497	LINE/L2	611	+	204	129567294	25151
chr9	133063678	133263678	harbor1	chr9	133109713	133109884	LINE/L2	481	+	86	133109799	46121
chr9	4883172	5083172	harbor1	chr9	4893575	4894236	LINE/L2	792	+	330	4893905	10733
chr9	4883172	5083172	harbor1	chr9	4970825	4971372	LINE/L2	1453	+	274	4971099	87927
chr9	4883172	5083172	harbor1	chr9	4972549	4973642	LINE/L2	2828	+	546	4973095	89923
chr9	4692889	4892889	harbor1	chr9	4770436	4770761	LINE/L2	622	+	162	4770598	77709
chr9	4692889	4892889	harbor1	chr9	4770807	4771005	LINE/L2	510	+	99	4770906	78017
chr9	4884884	5084884	harbor1	chr9	4893575	4894236	LINE/L2	792	+	330	4893905	9021
chr9	4884884	5084884	harbor1	chr9	4970825	4971372	LINE/L2	1453	+	274	4971099	86215
chr9	4884884	5084884	harbor1	chr9	4972549	4973642	LINE/L2	2828	+	546	4973095	88211
chr9	4884884	5084884	harbor1	chr9	4983832	4984345	LINE/L2	1319	+	256	4984088	99204
chr9	130532874	130732874	harbor1	chr9	130592852	130593403	LINE/L2	591	+	276	130593128	60254
chr9	4883057	5083057	harbor1	chr9	4893575	4894236	LINE/L2	792	+	330	4893905	10848
chr9	4883057	5083057	harbor1	chr9	4970825	4971372	LINE/L2	1453	+	274	4971099	88042
chr9	4883057	5083057	harbor1	chr9	4972549	4973642	LINE/L2	2828	+	546	4973095	90038
chr9	4883813	5083813	harbor1	chr9	4893575	4894236	LINE/L2	792	+	330	4893905	10092
chr9	4883813	5083813	harbor1	chr9	4970825	4971372	LINE/L2	1453	+	274	4971099	87286
chr9	4883813	5083813	harbor1	chr9	4972549	4973642	LINE/L2	2828	+	546	4973095	89282
chr9	4884786	5084786	harbor1	chr9	4893575	4894236	LINE/L2	792	+	330	4893905	9119
chr9	4884786	5084786	harbor1	chr9	4970825	4971372	LINE/L2	1453	+	274	4971099	86313
chr9	4884786	5084786	harbor1	chr9	4972549	4973642	LINE/L2	2828	+	546	4973095	88309
chr9	4884786	5084786	harbor1	chr9	4983832	4984345	LINE/L2	1319	+	256	4984088	99302
chr9	4884810	5084810	harbor1	chr9	4893575	4894236	LINE/L2	792	+	330	4893905	9095
chr9	4884810	5084810	harbor1	chr9	4970825	4971372	LINE/L2	1453	+	274	4971099	86289
chr9	4884810	5084810	harbor1	chr9	4972549	4973642	LINE/L2	2828	+	546	4973095	88285
chr9	4884810	5084810	harbor1	chr9	4983832	4984345	LINE/L2	1319	+	256	4984088	99278
chr9	4749616	4949616	harbor1	chr9	4770436	4770761	LINE/L2	622	+	162	4770598	20982
chr9	4749616	4949616	harbor1	chr9	4770807	4771005	LINE/L2	510	+	99	4770906	21290
chr9	4694651	4894651	harbor1	chr9	4770436	4770761	LINE/L2	622	+	162	4770598	75947
chr9	4694651	4894651	harbor1	chr9	4770807	4771005	LINE/L2	510	+	99	4770906	76255
chr9	135465766	135665766	harbor1	chr9	135539698	135540217	LINE/L2	781	+	260	135539958	74192
chr9	4884784	5084784	harbor1	chr9	4893575	4894236	LINE/L2	792	+	330	4893905	9121
chr9	4884784	5084784	harbor1	chr9	4970825	4971372	LINE/L2	1453	+	274	4971099	86315
chr9	4884784	5084784	harbor1	chr9	4972549	4973642	LINE/L2	2828	+	546	4973095	88311
chr9	4884784	5084784	harbor1	chr9	4983832	4984345	LINE/L2	1319	+	256	4984088	99304
chr9	4694865	4894865	harbor1	chr9	4770436	4770761	LINE/L2	622	+	162	4770598	75733
chr9	4694865	4894865	harbor1	chr9	4770807	4771005	LINE/L2	510	+	99	4770906	76041
chr9	196617	396617	harbor1	chr9	199958	200131	LINE/L2	524	+	86	200044	3427
chr9	196617	396617	harbor1	chr9	200449	200595	LINE/L2	524	+	73	200522	3905
chr9	4692795	4892795	harbor1	chr9	4770436	4770761	LINE/L2	622	+	162	4770598	77803
chr9	4692795	4892795	harbor1	chr9	4770807	4771005	LINE/L2	510	+	99	4770906	78111
chr9	68605549	68805549	harbor1	chr9	68645613	68646587	LINE/L2	1377	+	487	68646100	40551
chr9	68605549	68805549	harbor1	chr9	68647055	68647187	LINE/L2	1377	+	66	68647121	41572
chr9	68605549	68805549	harbor1	chr9	68647500	68647889	LINE/L2	1377	+	194	68647694	42145
chr9	4866377	5066377	harbor1	chr9	4893575	4894236	LINE/L2	792	+	330	4893905	27528
chr9	4884847	5084847	harbor1	chr9	4893575	4894236	LINE/L2	792	+	330	4893905	9058
chr9	4884847	5084847	harbor1	chr9	4970825	4971372	LINE/L2	1453	+	274	4971099	86252
chr9	4884847	5084847	harbor1	chr9	4972549	4973642	LINE/L2	2828	+	546	4973095	88248
chr9	4884847	5084847	harbor1	chr9	4983832	4984345	LINE/L2	1319	+	256	4984088	99241
chr9	4884951	5084951	harbor1	chr9	4893575	4894236	LINE/L2	792	+	330	4893905	8954
chr9	4884951	5084951	harbor1	chr9	4970825	4971372	LINE/L2	1453	+	274	4971099	86148
chr9	4884951	5084951	harbor1	chr9	4972549	4973642	LINE/L2	2828	+	546	4973095	88144
chr9	4884951	5084951	harbor1	chr9	4983832	4984345	LINE/L2	1319	+	256	4984088	99137
chr9	4692232	4892232	harbor1	chr9	4770436	4770761	LINE/L2	622	+	162	4770598	78366
chr9	4692232	4892232	harbor1	chr9	4770807	4771005	LINE/L2	510	+	99	4770906	78674
chr9	4884827	5084827	harbor1	chr9	4893575	4894236	LINE/L2	792	+	330	4893905	9078
chr9	4884827	5084827	harbor1	chr9	4970825	4971372	LINE/L2	1453	+	274	4971099	86272
chr9	4884827	5084827	harbor1	chr9	4972549	4973642	LINE/L2	2828	+	546	4973095	88268
chr9	4884827	5084827	harbor1	chr9	4983832	4984345	LINE/L2	1319	+	256	4984088	99261
chr9	134035554	134235554	harbor1	chr9	134055136	134055405	LINE/L2	485	+	134	134055270	19716
chr9	131575342	131775342	harbor1	chr9	131636021	131636300	LINE/L2	503	+	140	131636161	60819
chr9	131575342	131775342	harbor1	chr9	131662129	131662371	LINE/L2	569	+	121	131662250	86908
chr9	131575342	131775342	harbor1	chr9	131665182	131665606	LINE/L2	1356	+	212	131665394	90052
chr9	87626432	87826432	harbor1	chr9	87664673	87665321	LINE/L2	1753	+	324	87664997	38565
chr9	4812824	5012824	harbor1	chr9	4893575	4894236	LINE/L2	792	+	330	4893905	81081
chr9	97885101	98085101	harbor1	chr9	97907677	97907997	LINE/L2	1132	+	160	97907837	22736
chr9	97885101	98085101	harbor1	chr9	97908604	97908870	LINE/L2	1132	+	133	97908737	23636
chr9	34027027	34227027	harbor1	chr9	34106755	34107115	LINE/L2	1170	+	180	34106935	79908
chr9	4692222	4892222	harbor1	chr9	4770436	4770761	LINE/L2	622	+	162	4770598	78376
chr9	4692222	4892222	harbor1	chr9	4770807	4771005	LINE/L2	510	+	99	4770906	78684
chr9	68605579	68805579	harbor1	chr9	68645613	68646587	LINE/L2	1377	+	487	68646100	40521
chr9	68605579	68805579	harbor1	chr9	68647055	68647187	LINE/L2	1377	+	66	68647121	41542
chr9	68605579	68805579	harbor1	chr9	68647500	68647889	LINE/L2	1377	+	194	68647694	42115
chr9	4879662	5079662	harbor1	chr9	4893575	4894236	LINE/L2	792	+	330	4893905	14243
chr9	4879662	5079662	harbor1	chr9	4970825	4971372	LINE/L2	1453	+	274	4971099	91437
chr9	4879662	5079662	harbor1	chr9	4972549	4973642	LINE/L2	2828	+	546	4973095	93433
chr9	4579422	4779422	harbor1	chr9	4636894	4637564	LINE/L2	969	+	335	4637229	57807
chr9	85705422	85905422	harbor1	chr9	85716401	85717193	LINE/L2	1590	+	396	85716797	11375
chr9	85705422	85905422	harbor1	chr9	85724685	85724867	LINE/L2	569	+	91	85724776	19354
chr9	85705422	85905422	harbor1	chr9	85747995	85748765	LINE/L2	847	+	385	85748380	42958
chr9	85705422	85905422	harbor1	chr9	85801971	85802616	LINE/L2	1955	+	322	85802293	96871
chr9	85705422	85905422	harbor1	chr9	85803033	85803137	LINE/L2	1955	+	52	85803085	97663
chr9	4883218	5083218	harbor1	chr9	4893575	4894236	LINE/L2	792	+	330	4893905	10687
chr9	4883218	5083218	harbor1	chr9	4970825	4971372	LINE/L2	1453	+	274	4971099	87881
chr9	4883218	5083218	harbor1	chr9	4972549	4973642	LINE/L2	2828	+	546	4973095	89877
chr9	130119656	130319656	harbor1	chr9	130168035	130168464	LINE/L2	1010	+	214	130168249	48593
chr9	130119656	130319656	harbor1	chr9	130188187	130188418	LINE/L2	580	+	116	130188303	68647
chr9	130119656	130319656	harbor1	chr9	130189016	130189203	LINE/L2	580	+	94	130189110	69454
chr9	130119656	130319656	harbor1	chr9	130207032	130207724	LINE/L2	499	+	346	130207378	87722
chr9	4883477	5083477	harbor1	chr9	4893575	4894236	LINE/L2	792	+	330	4893905	10428
chr9	4883477	5083477	harbor1	chr9	4970825	4971372	LINE/L2	1453	+	274	4971099	87622
chr9	4883477	5083477	harbor1	chr9	4972549	4973642	LINE/L2	2828	+	546	4973095	89618
chr9	4885072	5085072	harbor1	chr9	4893575	4894236	LINE/L2	792	+	330	4893905	8833
chr9	4885072	5085072	harbor1	chr9	4970825	4971372	LINE/L2	1453	+	274	4971099	86027
chr9	4885072	5085072	harbor1	chr9	4972549	4973642	LINE/L2	2828	+	546	4973095	88023
chr9	4885072	5085072	harbor1	chr9	4983832	4984345	LINE/L2	1319	+	256	4984088	99016
chr9	35655086	35855086	harbor1	chr9	35691841	35692353	LINE/L2	580	+	256	35692097	37011
chr9	35655086	35855086	harbor1	chr9	35724343	35724517	LINE/L2	545	+	87	35724430	69344
chr9	4824143	5024143	harbor1	chr9	4893575	4894236	LINE/L2	792	+	330	4893905	69762
chr9	130042390	130242390	harbor1	chr9	130088097	130088536	LINE/L2	830	+	220	130088317	45927
chr9	135599704	135799704	harbor1	chr9	135638524	135638714	LINE/L2	576	+	95	135638619	38915
chr9	4692806	4892806	harbor1	chr9	4770436	4770761	LINE/L2	622	+	162	4770598	77792
chr9	4692806	4892806	harbor1	chr9	4770807	4771005	LINE/L2	510	+	99	4770906	78100
chr9	4744087	4944087	harbor1	chr9	4770436	4770761	LINE/L2	622	+	162	4770598	26511
chr9	4744087	4944087	harbor1	chr9	4770807	4771005	LINE/L2	510	+	99	4770906	26819
chr9	4884871	5084871	harbor1	chr9	4893575	4894236	LINE/L2	792	+	330	4893905	9034
chr9	4884871	5084871	harbor1	chr9	4970825	4971372	LINE/L2	1453	+	274	4971099	86228
chr9	4884871	5084871	harbor1	chr9	4972549	4973642	LINE/L2	2828	+	546	4973095	88224
chr9	4884871	5084871	harbor1	chr9	4983832	4984345	LINE/L2	1319	+	256	4984088	99217
chr9	4692558	4892558	harbor1	chr9	4770436	4770761	LINE/L2	622	+	162	4770598	78040
chr9	4692558	4892558	harbor1	chr9	4770807	4771005	LINE/L2	510	+	99	4770906	78348
chr9	4883433	5083433	harbor1	chr9	4893575	4894236	LINE/L2	792	+	330	4893905	10472
chr9	4883433	5083433	harbor1	chr9	4970825	4971372	LINE/L2	1453	+	274	4971099	87666
chr9	4883433	5083433	harbor1	chr9	4972549	4973642	LINE/L2	2828	+	546	4973095	89662
chr9	87626458	87826458	harbor1	chr9	87664673	87665321	LINE/L2	1753	+	324	87664997	38539
chr9	112387255	112587255	harbor1	chr9	112436369	112436493	LINE/L2	587	+	62	112436431	49176
chr9	112387255	112587255	harbor1	chr9	112455354	112455910	LINE/L2	878	+	278	112455632	68377
chr9	112387255	112587255	harbor1	chr9	112456066	112456647	LINE/L2	878	+	290	112456356	69101
chr9	4730514	4930514	harbor1	chr9	4770436	4770761	LINE/L2	622	+	162	4770598	40084
chr9	4730514	4930514	harbor1	chr9	4770807	4771005	LINE/L2	510	+	99	4770906	40392
chr9	34027056	34227056	harbor1	chr9	34106755	34107115	LINE/L2	1170	+	180	34106935	79879
chr9	4692205	4892205	harbor1	chr9	4770436	4770761	LINE/L2	622	+	162	4770598	78393
chr9	4692205	4892205	harbor1	chr9	4770807	4771005	LINE/L2	510	+	99	4770906	78701
chr9	4692312	4892312	harbor1	chr9	4770436	4770761	LINE/L2	622	+	162	4770598	78286
chr9	4692312	4892312	harbor1	chr9	4770807	4771005	LINE/L2	510	+	99	4770906	78594
chr9	4694469	4894469	harbor1	chr9	4770436	4770761	LINE/L2	622	+	162	4770598	76129
chr9	4694469	4894469	harbor1	chr9	4770807	4771005	LINE/L2	510	+	99	4770906	76437
chr9	35625694	35825694	harbor1	chr9	35691841	35692353	LINE/L2	580	+	256	35692097	66403
chr9	35625694	35825694	harbor1	chr9	35724343	35724517	LINE/L2	545	+	87	35724430	98736
chr9	4884855	5084855	harbor1	chr9	4893575	4894236	LINE/L2	792	+	330	4893905	9050
chr9	4884855	5084855	harbor1	chr9	4970825	4971372	LINE/L2	1453	+	274	4971099	86244
chr9	4884855	5084855	harbor1	chr9	4972549	4973642	LINE/L2	2828	+	546	4973095	88240
chr9	4884855	5084855	harbor1	chr9	4983832	4984345	LINE/L2	1319	+	256	4984088	99233
chr9	133678135	133878135	harbor1	chr9	133693060	133693271	LINE/L2	598	+	106	133693166	15031
chr9	133678135	133878135	harbor1	chr9	133717741	133718061	LINE/L2	673	+	160	133717901	39766
chr9	133678135	133878135	harbor1	chr9	133718372	133718519	LINE/L2	673	+	74	133718446	40311
chr9	37551225	37751225	harbor1	chr9	37562521	37562656	LINE/L2	539	+	68	37562589	11364
chr9	37551225	37751225	harbor1	chr9	37599970	37600046	LINE/L2	832	+	38	37600008	48783
chr9	37551225	37751225	harbor1	chr9	37600380	37600889	LINE/L2	832	+	254	37600634	49409
chr9	37551225	37751225	harbor1	chr9	37609517	37610177	LINE/L2	1051	+	330	37609847	58622
chr9	37551225	37751225	harbor1	chr9	37610291	37610389	LINE/L2	1020	+	49	37610340	59115
chr9	37551225	37751225	harbor1	chr9	37613695	37613978	LINE/L2	666	+	142	37613837	62612
chr9	37551225	37751225	harbor1	chr9	37649863	37650183	LINE/L2	520	+	160	37650023	98798
chr9	37551225	37751225	harbor1	chr9	37601235	37601463	LINE/L2	832	+	114	37601349	50124
chr9	4692887	4892887	harbor1	chr9	4770436	4770761	LINE/L2	622	+	162	4770598	77711
chr9	4692887	4892887	harbor1	chr9	4770807	4771005	LINE/L2	510	+	99	4770906	78019
chr9	4884829	5084829	harbor1	chr9	4893575	4894236	LINE/L2	792	+	330	4893905	9076
chr9	4884829	5084829	harbor1	chr9	4970825	4971372	LINE/L2	1453	+	274	4971099	86270
chr9	4884829	5084829	harbor1	chr9	4972549	4973642	LINE/L2	2828	+	546	4973095	88266
chr9	4884829	5084829	harbor1	chr9	4983832	4984345	LINE/L2	1319	+	256	4984088	99259
chr9	135829624	136029624	harbor1	chr9	135884999	135885350	LINE/L2	535	+	176	135885175	55551
chr9	4885054	5085054	harbor1	chr9	4893575	4894236	LINE/L2	792	+	330	4893905	8851
chr9	4885054	5085054	harbor1	chr9	4970825	4971372	LINE/L2	1453	+	274	4971099	86045
chr9	4885054	5085054	harbor1	chr9	4972549	4973642	LINE/L2	2828	+	546	4973095	88041
chr9	4885054	5085054	harbor1	chr9	4983832	4984345	LINE/L2	1319	+	256	4984088	99034
chr9	4692851	4892851	harbor1	chr9	4770436	4770761	LINE/L2	622	+	162	4770598	77747
chr9	4692851	4892851	harbor1	chr9	4770807	4771005	LINE/L2	510	+	99	4770906	78055
chr9	4692854	4892854	harbor1	chr9	4770436	4770761	LINE/L2	622	+	162	4770598	77744
chr9	4692854	4892854	harbor1	chr9	4770807	4771005	LINE/L2	510	+	99	4770906	78052
chr9	123912168	124112168	harbor1	chr9	123924749	123925187	LINE/L2	621	+	219	123924968	12800
chr9	123912168	124112168	harbor1	chr9	123986603	123986854	LINE/L2	590	+	126	123986729	74561
chr9	123912168	124112168	harbor1	chr9	123987277	123987731	LINE/L2	784	+	227	123987504	75336
chr9	123912168	124112168	harbor1	chr9	123998085	123998527	LINE/L2	563	+	221	123998306	86138
chr9	4692645	4892645	harbor1	chr9	4770436	4770761	LINE/L2	622	+	162	4770598	77953
chr9	4692645	4892645	harbor1	chr9	4770807	4771005	LINE/L2	510	+	99	4770906	78261
chr9	4732434	4932434	harbor1	chr9	4770436	4770761	LINE/L2	622	+	162	4770598	38164
chr9	4732434	4932434	harbor1	chr9	4770807	4771005	LINE/L2	510	+	99	4770906	38472
chr9	113949333	114149333	harbor1	chr9	113962182	113962998	LINE/L2	1636	+	408	113962590	13257
chr9	113949333	114149333	harbor1	chr9	113970592	113970948	LINE/L2	582	+	178	113970770	21437
chr9	113949333	114149333	harbor1	chr9	113989736	113990368	LINE/L2	490	+	316	113990052	40719
chr9	13706365	13906365	harbor1	chr9	13772465	13773019	LINE/L2	565	+	277	13772742	66377
chr9	135515777	135715777	harbor1	chr9	135539698	135540217	LINE/L2	781	+	260	135539958	24181
chr9	134035491	134235491	harbor1	chr9	134055136	134055405	LINE/L2	485	+	134	134055270	19779
chr9	4692834	4892834	harbor1	chr9	4770436	4770761	LINE/L2	622	+	162	4770598	77764
chr9	4692834	4892834	harbor1	chr9	4770807	4771005	LINE/L2	510	+	99	4770906	78072
chr9	4579693	4779693	harbor1	chr9	4636894	4637564	LINE/L2	969	+	335	4637229	57536
chr9	133242549	133442549	harbor1	chr9	133337879	133338138	LINE/L2	630	+	130	133338009	95460
chr9	111561637	111761637	harbor1	chr9	111610868	111611248	LINE/L2	640	+	190	111611058	49421
chr9	111561637	111761637	harbor1	chr9	111612891	111613201	LINE/L2	637	+	155	111613046	51409
chr9	111561637	111761637	harbor1	chr9	111630306	111630459	LINE/L2	632	+	76	111630382	68745
chr9	4883815	5083815	harbor1	chr9	4893575	4894236	LINE/L2	792	+	330	4893905	10090
chr9	4883815	5083815	harbor1	chr9	4970825	4971372	LINE/L2	1453	+	274	4971099	87284
chr9	4883815	5083815	harbor1	chr9	4972549	4973642	LINE/L2	2828	+	546	4973095	89280
chr9	109066800	109266800	harbor1	chr9	109069606	109070681	LINE/L2	1082	+	538	109070144	3344
chr9	4692441	4892441	harbor1	chr9	4770436	4770761	LINE/L2	622	+	162	4770598	78157
chr9	4692441	4892441	harbor1	chr9	4770807	4771005	LINE/L2	510	+	99	4770906	78465
chr9	4692933	4892933	harbor1	chr9	4770436	4770761	LINE/L2	622	+	162	4770598	77665
chr9	4692933	4892933	harbor1	chr9	4770807	4771005	LINE/L2	510	+	99	4770906	77973
chr9	4885087	5085087	harbor1	chr9	4893575	4894236	LINE/L2	792	+	330	4893905	8818
chr9	4885087	5085087	harbor1	chr9	4970825	4971372	LINE/L2	1453	+	274	4971099	86012
chr9	4885087	5085087	harbor1	chr9	4972549	4973642	LINE/L2	2828	+	546	4973095	88008
chr9	4885087	5085087	harbor1	chr9	4983832	4984345	LINE/L2	1319	+	256	4984088	99001
chr9	4884787	5084787	harbor1	chr9	4893575	4894236	LINE/L2	792	+	330	4893905	9118
chr9	4884787	5084787	harbor1	chr9	4970825	4971372	LINE/L2	1453	+	274	4971099	86312
chr9	4884787	5084787	harbor1	chr9	4972549	4973642	LINE/L2	2828	+	546	4973095	88308
chr9	4884787	5084787	harbor1	chr9	4983832	4984345	LINE/L2	1319	+	256	4984088	99301
chr9	134045916	134245916	harbor1	chr9	134055136	134055405	LINE/L2	485	+	134	134055270	9354
chr9	4884870	5084870	harbor1	chr9	4893575	4894236	LINE/L2	792	+	330	4893905	9035
chr9	4884870	5084870	harbor1	chr9	4970825	4971372	LINE/L2	1453	+	274	4971099	86229
chr9	4884870	5084870	harbor1	chr9	4972549	4973642	LINE/L2	2828	+	546	4973095	88225
chr9	4884870	5084870	harbor1	chr9	4983832	4984345	LINE/L2	1319	+	256	4984088	99218
chr9	4692425	4892425	harbor1	chr9	4770436	4770761	LINE/L2	622	+	162	4770598	78173
chr9	4692425	4892425	harbor1	chr9	4770807	4771005	LINE/L2	510	+	99	4770906	78481
chr9	4884906	5084906	harbor1	chr9	4893575	4894236	LINE/L2	792	+	330	4893905	8999
chr9	4884906	5084906	harbor1	chr9	4970825	4971372	LINE/L2	1453	+	274	4971099	86193
chr9	4884906	5084906	harbor1	chr9	4972549	4973642	LINE/L2	2828	+	546	4973095	88189
chr9	4884906	5084906	harbor1	chr9	4983832	4984345	LINE/L2	1319	+	256	4984088	99182
chr9	134029647	134229647	harbor1	chr9	134055136	134055405	LINE/L2	485	+	134	134055270	25623
chr9	4698187	4898187	harbor1	chr9	4770436	4770761	LINE/L2	622	+	162	4770598	72411
chr9	4698187	4898187	harbor1	chr9	4770807	4771005	LINE/L2	510	+	99	4770906	72719
chr9	4729109	4929109	harbor1	chr9	4770436	4770761	LINE/L2	622	+	162	4770598	41489
chr9	4729109	4929109	harbor1	chr9	4770807	4771005	LINE/L2	510	+	99	4770906	41797
chr9	135593627	135793627	harbor1	chr9	135638524	135638714	LINE/L2	576	+	95	135638619	44992
chr9	4215856	4415856	harbor1	chr9	4218044	4218272	LINE/L2	505	+	114	4218158	2302
chr9	4215856	4415856	harbor1	chr9	4263668	4264838	LINE/L2	2624	+	585	4264253	48397
chr9	4694447	4894447	harbor1	chr9	4770436	4770761	LINE/L2	622	+	162	4770598	76151
chr9	4694447	4894447	harbor1	chr9	4770807	4771005	LINE/L2	510	+	99	4770906	76459
chr10	132232384	132432384	harbor1	chr10	132272417	132273145	LINE/L2	1130	+	364	132272781	40397
chr10	132232398	132432398	harbor1	chr10	132272417	132273145	LINE/L2	1130	+	364	132272781	40383
chr10	48449566	48649566	harbor1	chr10	48471460	48471926	LINE/L2	1139	+	233	48471693	22127
chr10	48449566	48649566	harbor1	chr10	48472567	48472766	LINE/L2	1139	+	100	48472667	23101
chr10	48449566	48649566	harbor1	chr10	48474898	48476226	LINE/L2	2098	+	664	48475562	25996
chr10	48449566	48649566	harbor1	chr10	48478724	48479176	LINE/L2	703	+	226	48478950	29384
chr10	48449566	48649566	harbor1	chr10	48490821	48491510	LINE/L2	921	+	344	48491165	41599
chr10	14778680	14978680	harbor1	chr10	14876570	14876715	LINE/L2	548	+	72	14876642	97962
chr10	122404718	122604718	harbor1	chr10	122419084	122419339	LINE/L2	534	+	128	122419212	14494
chr10	14778677	14978677	harbor1	chr10	14876570	14876715	LINE/L2	548	+	72	14876642	97965
chr10	75309886	75509886	harbor1	chr10	75374362	75374783	LINE/L2	815	+	210	75374572	64686
chr10	103547893	103747893	harbor1	chr10	103552166	103552749	LINE/L2	525	+	292	103552458	4565
chr10	14778676	14978676	harbor1	chr10	14876570	14876715	LINE/L2	548	+	72	14876642	97966
chr10	97398841	97598841	harbor1	chr10	97476536	97476670	LINE/L2	548	+	67	97476603	77762
chr10	95979828	96179828	harbor1	chr10	96041218	96041407	LINE/L2	699	+	94	96041312	61484
chr10	95979828	96179828	harbor1	chr10	96041714	96041851	LINE/L2	699	+	68	96041782	61954
chr10	22336855	22536855	harbor1	chr10	22356696	22357380	LINE/L2	484	+	342	22357038	20183
chr10	14755514	14955514	harbor1	chr10	14759390	14759657	LINE/L2	482	+	134	14759524	4010
chr10	132202571	132402571	harbor1	chr10	132272417	132273145	LINE/L2	1130	+	364	132272781	70210
chr10	97398923	97598923	harbor1	chr10	97476536	97476670	LINE/L2	548	+	67	97476603	77680
chr10	97398845	97598845	harbor1	chr10	97476536	97476670	LINE/L2	548	+	67	97476603	77758
chr10	122401188	122601188	harbor1	chr10	122419084	122419339	LINE/L2	534	+	128	122419212	18024
chr10	23339297	23539297	harbor1	chr10	23341089	23341889	LINE/L2	1585	+	400	23341489	2192
chr10	23339297	23539297	harbor1	chr10	23342192	23342406	LINE/L2	741	+	107	23342299	3002
chr10	122404812	122604812	harbor1	chr10	122419084	122419339	LINE/L2	534	+	128	122419212	14400
chr10	15216571	15416571	harbor1	chr10	15232171	15232526	LINE/L2	566	+	178	15232349	15778
chr10	101115534	101315534	harbor1	chr10	101129677	101129863	LINE/L2	783	+	93	101129770	14236
chr10	75111011	75311011	harbor1	chr10	75204471	75204667	LINE/L2	733	+	98	75204569	93558
chr10	75111011	75311011	harbor1	chr10	75204945	75205290	LINE/L2	733	+	172	75205117	94106
chr10	4608518	4808518	harbor1	chr10	4637279	4638486	LINE/L2	1816	+	604	4637883	29365
chr10	4608518	4808518	harbor1	chr10	4643315	4644352	LINE/L2	1115	+	518	4643833	35315
chr10	4608518	4808518	harbor1	chr10	4644955	4646061	LINE/L2	1115	+	553	4645508	36990
chr10	14701889	14901889	harbor1	chr10	14747983	14748263	LINE/L2	476	+	140	14748123	46234
chr10	14701889	14901889	harbor1	chr10	14759390	14759657	LINE/L2	482	+	134	14759524	57635
chr10	132232394	132432394	harbor1	chr10	132272417	132273145	LINE/L2	1130	+	364	132272781	40387
chr10	22337048	22537048	harbor1	chr10	22356696	22357380	LINE/L2	484	+	342	22357038	19990
chr10	122856480	123056480	harbor1	chr10	122861818	122862385	LINE/L2	672	+	284	122862102	5622
chr10	122856480	123056480	harbor1	chr10	122885775	122886292	LINE/L2	580	+	258	122886033	29553
chr10	122856480	123056480	harbor1	chr10	122916162	122916765	LINE/L2	749	+	302	122916464	59984
chr10	122856480	123056480	harbor1	chr10	122950563	122950801	LINE/L2	680	+	119	122950682	94202
chr10	69472321	69672321	harbor1	chr10	69472267	69472571	LINE/L2	589	+	152	69472419	98
chr10	69472321	69672321	harbor1	chr10	69502846	69503022	LINE/L2	693	+	88	69502934	30613
chr10	69472321	69672321	harbor1	chr10	69514780	69515293	LINE/L2	1273	+	256	69515036	42715
chr10	97398878	97598878	harbor1	chr10	97476536	97476670	LINE/L2	548	+	67	97476603	77725
chr10	100678605	100878605	harbor1	chr10	100700459	100701114	LINE/L2	515	+	328	100700787	22182
chr10	100678605	100878605	harbor1	chr10	100714650	100714794	LINE/L2	702	+	72	100714722	36117
chr10	97398451	97598451	harbor1	chr10	97476536	97476670	LINE/L2	548	+	67	97476603	78152
chr10	132206329	132406329	harbor1	chr10	132272417	132273145	LINE/L2	1130	+	364	132272781	66452
chr10	23099346	23299346	harbor1	chr10	23104526	23104947	LINE/L2	519	+	210	23104736	5390
chr10	14778721	14978721	harbor1	chr10	14876570	14876715	LINE/L2	548	+	72	14876642	97921
chr10	75111017	75311017	harbor1	chr10	75204471	75204667	LINE/L2	733	+	98	75204569	93552
chr10	75111017	75311017	harbor1	chr10	75204945	75205290	LINE/L2	733	+	172	75205117	94100
chr10	132232388	132432388	harbor1	chr10	132272417	132273145	LINE/L2	1130	+	364	132272781	40393
chr10	97398476	97598476	harbor1	chr10	97476536	97476670	LINE/L2	548	+	67	97476603	78127
chr10	23339295	23539295	harbor1	chr10	23341089	23341889	LINE/L2	1585	+	400	23341489	2194
chr10	23339295	23539295	harbor1	chr10	23342192	23342406	LINE/L2	741	+	107	23342299	3004
chr10	14778699	14978699	harbor1	chr10	14876570	14876715	LINE/L2	548	+	72	14876642	97943
chr10	101115425	101315425	harbor1	chr10	101129677	101129863	LINE/L2	783	+	93	101129770	14345
chr10	73811076	74011076	harbor1	chr10	73821870	73822172	LINE/L2	939	+	151	73822021	10945
chr10	73811076	74011076	harbor1	chr10	73822466	73822859	LINE/L2	939	+	196	73822662	11586
chr10	73811076	74011076	harbor1	chr10	73846351	73846617	LINE/L2	551	+	133	73846484	35408
chr10	73811076	74011076	harbor1	chr10	73881427	73881749	LINE/L2	477	+	161	73881588	70512
chr10	73811076	74011076	harbor1	chr10	73893135	73893270	LINE/L2	547	+	68	73893203	82127
chr10	100614422	100814422	harbor1	chr10	100619247	100619924	LINE/L2	495	+	338	100619585	5163
chr10	100614422	100814422	harbor1	chr10	100700459	100701114	LINE/L2	515	+	328	100700787	86365
chr10	97398967	97598967	harbor1	chr10	97476536	97476670	LINE/L2	548	+	67	97476603	77636
chr10	69458778	69658778	harbor1	chr10	69470747	69471218	LINE/L2	903	+	236	69470983	12205
chr10	69458778	69658778	harbor1	chr10	69472057	69472116	LINE/L2	903	+	30	69472087	13309
chr10	69458778	69658778	harbor1	chr10	69472267	69472571	LINE/L2	589	+	152	69472419	13641
chr10	69458778	69658778	harbor1	chr10	69502846	69503022	LINE/L2	693	+	88	69502934	44156
chr10	69458778	69658778	harbor1	chr10	69514780	69515293	LINE/L2	1273	+	256	69515036	56258
chr10	46006324	46206324	harbor1	chr10	46028034	46028434	LINE/L2	767	+	200	46028234	21910
chr10	71360848	71560848	harbor1	chr10	71395394	71395706	LINE/L2	626	+	156	71395550	34702
chr10	71360848	71560848	harbor1	chr10	71450586	71451806	LINE/L2	2041	+	610	71451196	90348
chr10	71360848	71560848	harbor1	chr10	71433476	71434410	LINE/L2	1524	+	467	71433943	73095
chr10	100085650	100285650	harbor1	chr10	100089046	100089271	LINE/L2	561	+	112	100089158	3508
chr10	100085650	100285650	harbor1	chr10	100090505	100090805	LINE/L2	658	+	150	100090655	5005
chr10	100085650	100285650	harbor1	chr10	100091334	100091759	LINE/L2	1021	+	212	100091546	5896
chr10	7113930	7313930	harbor1	chr10	7191463	7191810	LINE/L2	576	+	174	7191637	77707
chr10	97398862	97598862	harbor1	chr10	97476536	97476670	LINE/L2	548	+	67	97476603	77741
chr10	48299632	48499632	harbor1	chr10	48304365	48305276	LINE/L2	605	+	456	48304821	5189
chr10	48299632	48499632	harbor1	chr10	48392573	48393327	LINE/L2	550	+	377	48392950	93318
chr10	78866368	79066368	harbor1	chr10	78939251	78939785	LINE/L2	633	+	267	78939518	73150
chr10	48449569	48649569	harbor1	chr10	48471460	48471926	LINE/L2	1139	+	233	48471693	22124
chr10	48449569	48649569	harbor1	chr10	48472567	48472766	LINE/L2	1139	+	100	48472667	23098
chr10	48449569	48649569	harbor1	chr10	48474898	48476226	LINE/L2	2098	+	664	48475562	25993
chr10	48449569	48649569	harbor1	chr10	48478724	48479176	LINE/L2	703	+	226	48478950	29381
chr10	48449569	48649569	harbor1	chr10	48490821	48491510	LINE/L2	921	+	344	48491165	41596
chr10	14778012	14978012	harbor1	chr10	14876570	14876715	LINE/L2	548	+	72	14876642	98630
chr10	132207804	132407804	harbor1	chr10	132272417	132273145	LINE/L2	1130	+	364	132272781	64977
chr10	75111058	75311058	harbor1	chr10	75204471	75204667	LINE/L2	733	+	98	75204569	93511
chr10	75111058	75311058	harbor1	chr10	75204945	75205290	LINE/L2	733	+	172	75205117	94059
chr10	89132447	89332447	harbor1	chr10	89143483	89144194	LINE/L2	1948	+	356	89143839	11392
chr10	89132447	89332447	harbor1	chr10	89144190	89144523	LINE/L2	908	+	166	89144356	11909
chr10	89132447	89332447	harbor1	chr10	89176052	89177529	LINE/L2	4714	+	738	89176790	44343
chr10	89132447	89332447	harbor1	chr10	89177868	89178938	LINE/L2	1839	+	535	89178403	45956
chr10	22289372	22489372	harbor1	chr10	22295042	22295236	LINE/L2	987	+	97	22295139	5767
chr10	22289372	22489372	harbor1	chr10	22295528	22295668	LINE/L2	987	+	70	22295598	6226
chr10	22289372	22489372	harbor1	chr10	22356696	22357380	LINE/L2	484	+	342	22357038	67666
chr10	132232409	132432409	harbor1	chr10	132272417	132273145	LINE/L2	1130	+	364	132272781	40372
chr10	68462143	68662143	harbor1	chr10	68476634	68476701	LINE/L2	579	+	34	68476668	14525
chr10	68462143	68662143	harbor1	chr10	68477004	68477079	LINE/L2	579	+	38	68477042	14899
chr10	68462143	68662143	harbor1	chr10	68477698	68477950	LINE/L2	579	+	126	68477824	15681
chr10	68462143	68662143	harbor1	chr10	68532556	68532914	LINE/L2	587	+	179	68532735	70592
chr10	68462143	68662143	harbor1	chr10	68558122	68558347	LINE/L2	534	+	112	68558234	96091
chr10	14752857	14952857	harbor1	chr10	14759390	14759657	LINE/L2	482	+	134	14759524	6667
chr10	14778778	14978778	harbor1	chr10	14876570	14876715	LINE/L2	548	+	72	14876642	97864
chr10	7149143	7349143	harbor1	chr10	7191463	7191810	LINE/L2	576	+	174	7191637	42494
chr10	46005969	46205969	harbor1	chr10	46028034	46028434	LINE/L2	767	+	200	46028234	22265
chr10	97398963	97598963	harbor1	chr10	97476536	97476670	LINE/L2	548	+	67	97476603	77640
chr10	30655861	30855861	harbor1	chr10	30742086	30743011	LINE/L2	696	+	462	30742548	86687
chr10	14778075	14978075	harbor1	chr10	14876570	14876715	LINE/L2	548	+	72	14876642	98567
chr10	132207865	132407865	harbor1	chr10	132272417	132273145	LINE/L2	1130	+	364	132272781	64916
chr10	43456421	43656421	harbor1	chr10	43471050	43471123	LINE/L2	1158	+	36	43471086	14665
chr10	43456421	43656421	harbor1	chr10	43472089	43472797	LINE/L2	1158	+	354	43472443	16022
chr10	14778068	14978068	harbor1	chr10	14876570	14876715	LINE/L2	548	+	72	14876642	98574
chr11	3928050	4128050	harbor1	chr11	3992748	3993374	LINE/L2	1049	+	313	3993061	65011
chr11	3928050	4128050	harbor1	chr11	3993681	3993978	LINE/L2	719	+	148	3993829	65779
chr11	3928050	4128050	harbor1	chr11	4017761	4018034	LINE/L2	1552	+	136	4017897	89847
chr11	3928050	4128050	harbor1	chr11	4018665	4018916	LINE/L2	1552	+	126	4018791	90741
chr11	5127208	5327208	harbor1	chr11	5202356	5203110	LINE/L2	559	+	377	5202733	75525
chr11	5126782	5326782	harbor1	chr11	5202356	5203110	LINE/L2	559	+	377	5202733	75951
chr11	5125332	5325332	harbor1	chr11	5202356	5203110	LINE/L2	559	+	377	5202733	77401
chr11	5127125	5327125	harbor1	chr11	5202356	5203110	LINE/L2	559	+	377	5202733	75608
chr11	5126747	5326747	harbor1	chr11	5202356	5203110	LINE/L2	559	+	377	5202733	75986
chr11	76580979	76780979	harbor1	chr11	76606181	76606813	LINE/L2	520	+	316	76606497	25518
chr11	76580979	76780979	harbor1	chr11	76606901	76606977	LINE/L2	520	+	38	76606939	25960
chr11	76580979	76780979	harbor1	chr11	76607264	76607305	LINE/L2	520	+	20	76607284	26305
chr11	76580979	76780979	harbor1	chr11	76607537	76607925	LINE/L2	1182	+	194	76607731	26752
chr11	76580979	76780979	harbor1	chr11	76609595	76609634	LINE/L2	1182	+	20	76609615	28636
chr11	76580979	76780979	harbor1	chr11	76659240	76659354	LINE/L2	438	+	57	76659297	78318
chr11	76580979	76780979	harbor1	chr11	76668183	76668643	LINE/L2	466	+	230	76668413	87434
chr11	76580979	76780979	harbor1	chr11	76611526	76611662	LINE/L2	690	+	68	76611594	30615
chr11	5126823	5326823	harbor1	chr11	5202356	5203110	LINE/L2	559	+	377	5202733	75910
chr11	123412399	123612399	harbor1	chr11	123455680	123455884	LINE/L2	492	+	102	123455782	43383
chr11	123412399	123612399	harbor1	chr11	123471301	123471426	LINE/L2	502	+	62	123471363	58964
chr11	5134555	5334555	harbor1	chr11	5202356	5203110	LINE/L2	559	+	377	5202733	68178
chr11	5126774	5326774	harbor1	chr11	5202356	5203110	LINE/L2	559	+	377	5202733	75959
chr11	5127340	5327340	harbor1	chr11	5202356	5203110	LINE/L2	559	+	377	5202733	75393
chr11	63803267	64003267	harbor1	chr11	63824244	63824375	LINE/L2	420	+	66	63824310	21043
chr11	63803267	64003267	harbor1	chr11	63824779	63825647	LINE/L2	931	+	434	63825213	21946
chr11	63803267	64003267	harbor1	chr11	63829835	63829946	LINE/L2	474	+	56	63829891	26624
chr11	63803267	64003267	harbor1	chr11	63835063	63835475	LINE/L2	1198	+	206	63835269	32002
chr11	63803267	64003267	harbor1	chr11	63835598	63835800	LINE/L2	813	+	101	63835699	32432
chr11	63803267	64003267	harbor1	chr11	63836121	63836219	LINE/L2	813	+	49	63836170	32903
chr11	64110890	64310890	harbor1	chr11	64163971	64164235	LINE/L2	481	+	132	64164103	53213
chr11	64110890	64310890	harbor1	chr11	64183778	64184167	LINE/L2	737	+	194	64183972	73082
chr11	73038077	73238077	harbor1	chr11	73057602	73057751	LINE/L2	447	+	74	73057676	19599
chr11	73038077	73238077	harbor1	chr11	73091662	73091758	LINE/L2	565	+	48	73091710	53633
chr11	73038077	73238077	harbor1	chr11	73092049	73092135	LINE/L2	565	+	43	73092092	54015
chr11	73038077	73238077	harbor1	chr11	73092440	73092604	LINE/L2	565	+	82	73092522	54445
chr11	5124751	5324751	harbor1	chr11	5202356	5203110	LINE/L2	559	+	377	5202733	77982
chr11	5134559	5334559	harbor1	chr11	5202356	5203110	LINE/L2	559	+	377	5202733	68174
chr11	5134573	5334573	harbor1	chr11	5202356	5203110	LINE/L2	559	+	377	5202733	68160
chr11	5127129	5327129	harbor1	chr11	5202356	5203110	LINE/L2	559	+	377	5202733	75604
chr11	5127170	5327170	harbor1	chr11	5202356	5203110	LINE/L2	559	+	377	5202733	75563
chr11	57399820	57599820	harbor1	chr11	57406131	57406238	LINE/L2	476	+	54	57406185	6365
chr11	57399820	57599820	harbor1	chr11	57410216	57410447	LINE/L2	529	+	116	57410332	10512
chr11	57399820	57599820	harbor1	chr11	57413713	57414193	LINE/L2	758	+	240	57413953	14133
chr11	57399820	57599820	harbor1	chr11	57479847	57480256	LINE/L2	447	+	204	57480051	80231
chr11	5127181	5327181	harbor1	chr11	5202356	5203110	LINE/L2	559	+	377	5202733	75552
chr11	5107730	5307730	harbor1	chr11	5202356	5203110	LINE/L2	559	+	377	5202733	95003
chr11	5127269	5327269	harbor1	chr11	5202356	5203110	LINE/L2	559	+	377	5202733	75464
chr11	76329060	76529060	harbor1	chr11	76376987	76377236	LINE/L2	618	+	124	76377111	48051
chr11	76329060	76529060	harbor1	chr11	76379139	76379878	LINE/L2	1136	+	370	76379509	50449
chr11	5032610	5232610	harbor1	chr11	5063489	5064199	LINE/L2	436	+	355	5063844	31234
chr11	108021573	108221573	harbor1	chr11	108024852	108024995	LINE/L2	417	+	72	108024924	3351
chr11	108021573	108221573	harbor1	chr11	108026059	108026708	LINE/L2	4577	+	324	108026383	4810
chr11	108021573	108221573	harbor1	chr11	108027008	108027122	LINE/L2	4577	+	57	108027065	5492
chr11	108021573	108221573	harbor1	chr11	108027706	108028556	LINE/L2	4577	+	425	108028131	6558
chr11	108021573	108221573	harbor1	chr11	108028846	108029123	LINE/L2	4577	+	138	108028984	7411
chr11	108021573	108221573	harbor1	chr11	108069578	108069748	LINE/L2	468	+	85	108069663	48090
chr11	108021573	108221573	harbor1	chr11	108110870	108111191	LINE/L2	471	+	160	108111030	89457
chr11	108021573	108221573	harbor1	chr11	108111369	108111508	LINE/L2	471	+	70	108111439	89866
chr11	108021573	108221573	harbor1	chr11	108111807	108111904	LINE/L2	411	+	48	108111855	90282
chr11	108021573	108221573	harbor1	chr11	108112022	108112350	LINE/L2	411	+	164	108112186	90613
chr11	5132965	5332965	harbor1	chr11	5202356	5203110	LINE/L2	559	+	377	5202733	69768
chr11	5127263	5327263	harbor1	chr11	5202356	5203110	LINE/L2	559	+	377	5202733	75470
chr11	5129592	5329592	harbor1	chr11	5202356	5203110	LINE/L2	559	+	377	5202733	73141
chr11	5124885	5324885	harbor1	chr11	5202356	5203110	LINE/L2	559	+	377	5202733	77848
chr11	5127172	5327172	harbor1	chr11	5202356	5203110	LINE/L2	559	+	377	5202733	75561
chr11	5127366	5327366	harbor1	chr11	5202356	5203110	LINE/L2	559	+	377	5202733	75367
chr11	108021539	108221539	harbor1	chr11	108024852	108024995	LINE/L2	417	+	72	108024924	3385
chr11	108021539	108221539	harbor1	chr11	108026059	108026708	LINE/L2	4577	+	324	108026383	4844
chr11	108021539	108221539	harbor1	chr11	108027008	108027122	LINE/L2	4577	+	57	108027065	5526
chr11	108021539	108221539	harbor1	chr11	108027706	108028556	LINE/L2	4577	+	425	108028131	6592
chr11	108021539	108221539	harbor1	chr11	108028846	108029123	LINE/L2	4577	+	138	108028984	7445
chr11	108021539	108221539	harbor1	chr11	108069578	108069748	LINE/L2	468	+	85	108069663	48124
chr11	108021539	108221539	harbor1	chr11	108110870	108111191	LINE/L2	471	+	160	108111030	89491
chr11	108021539	108221539	harbor1	chr11	108111369	108111508	LINE/L2	471	+	70	108111439	89900
chr11	108021539	108221539	harbor1	chr11	108111807	108111904	LINE/L2	411	+	48	108111855	90316
chr11	108021539	108221539	harbor1	chr11	108112022	108112350	LINE/L2	411	+	164	108112186	90647
chr11	5127203	5327203	harbor1	chr11	5202356	5203110	LINE/L2	559	+	377	5202733	75530
chr11	5127266	5327266	harbor1	chr11	5202356	5203110	LINE/L2	559	+	377	5202733	75467
chr11	5127192	5327192	harbor1	chr11	5202356	5203110	LINE/L2	559	+	377	5202733	75541
chr11	5127243	5327243	harbor1	chr11	5202356	5203110	LINE/L2	559	+	377	5202733	75490
chr11	5127199	5327199	harbor1	chr11	5202356	5203110	LINE/L2	559	+	377	5202733	75534
chr11	5125100	5325100	harbor1	chr11	5202356	5203110	LINE/L2	559	+	377	5202733	77633
chr11	62595076	62795076	harbor1	chr11	62627969	62628205	LINE/L2	443	+	118	62628087	33011
chr11	1461906	1661906	harbor1	chr11	1500434	1501260	LINE/L2	422	+	413	1500847	38941
chr11	5134601	5334601	harbor1	chr11	5202356	5203110	LINE/L2	559	+	377	5202733	68132
chr11	5127217	5327217	harbor1	chr11	5202356	5203110	LINE/L2	559	+	377	5202733	75516
chr11	5127264	5327264	harbor1	chr11	5202356	5203110	LINE/L2	559	+	377	5202733	75469
chr11	5021552	5221552	harbor1	chr11	5063489	5064199	LINE/L2	436	+	355	5063844	42292
chr11	2054524	2254524	harbor1	chr11	2071256	2072255	LINE/L2	1070	+	500	2071756	17232
chr11	5125708	5325708	harbor1	chr11	5202356	5203110	LINE/L2	559	+	377	5202733	77025
chr11	5127143	5327143	harbor1	chr11	5202356	5203110	LINE/L2	559	+	377	5202733	75590
chr11	119643196	119843196	harbor1	chr11	119669427	119669962	LINE/L2	907	+	268	119669695	26499
chr11	119643196	119843196	harbor1	chr11	119670260	119670428	LINE/L2	907	+	84	119670344	27148
chr11	119643196	119843196	harbor1	chr11	119679777	119680072	LINE/L2	675	+	148	119679925	36729
chr11	119643196	119843196	harbor1	chr11	119702813	119703135	LINE/L2	460	+	161	119702974	59778
chr11	119643196	119843196	harbor1	chr11	119733144	119733328	LINE/L2	507	+	92	119733236	90040
chr11	5115306	5315306	harbor1	chr11	5202356	5203110	LINE/L2	559	+	377	5202733	87427
chr11	76580390	76780390	harbor1	chr11	76606181	76606813	LINE/L2	520	+	316	76606497	26107
chr11	76580390	76780390	harbor1	chr11	76606901	76606977	LINE/L2	520	+	38	76606939	26549
chr11	76580390	76780390	harbor1	chr11	76607264	76607305	LINE/L2	520	+	20	76607284	26894
chr11	76580390	76780390	harbor1	chr11	76607537	76607925	LINE/L2	1182	+	194	76607731	27341
chr11	76580390	76780390	harbor1	chr11	76609595	76609634	LINE/L2	1182	+	20	76609615	29225
chr11	76580390	76780390	harbor1	chr11	76659240	76659354	LINE/L2	438	+	57	76659297	78907
chr11	76580390	76780390	harbor1	chr11	76668183	76668643	LINE/L2	466	+	230	76668413	88023
chr11	76580390	76780390	harbor1	chr11	76611526	76611662	LINE/L2	690	+	68	76611594	31204
chr11	5127184	5327184	harbor1	chr11	5202356	5203110	LINE/L2	559	+	377	5202733	75549
chr11	5124787	5324787	harbor1	chr11	5202356	5203110	LINE/L2	559	+	377	5202733	77946
chr11	5127327	5327327	harbor1	chr11	5202356	5203110	LINE/L2	559	+	377	5202733	75406
chr11	76580446	76780446	harbor1	chr11	76606181	76606813	LINE/L2	520	+	316	76606497	26051
chr11	76580446	76780446	harbor1	chr11	76606901	76606977	LINE/L2	520	+	38	76606939	26493
chr11	76580446	76780446	harbor1	chr11	76607264	76607305	LINE/L2	520	+	20	76607284	26838
chr11	76580446	76780446	harbor1	chr11	76607537	76607925	LINE/L2	1182	+	194	76607731	27285
chr11	76580446	76780446	harbor1	chr11	76609595	76609634	LINE/L2	1182	+	20	76609615	29169
chr11	76580446	76780446	harbor1	chr11	76659240	76659354	LINE/L2	438	+	57	76659297	78851
chr11	76580446	76780446	harbor1	chr11	76668183	76668643	LINE/L2	466	+	230	76668413	87967
chr11	76580446	76780446	harbor1	chr11	76611526	76611662	LINE/L2	690	+	68	76611594	31148
chr11	27274218	27474218	harbor1	chr11	27289873	27290120	LINE/L2	494	+	124	27289997	15779
chr11	27274218	27474218	harbor1	chr11	27306514	27306954	LINE/L2	534	+	220	27306734	32516
chr11	27274218	27474218	harbor1	chr11	27333641	27333922	LINE/L2	646	+	140	27333781	59563
chr11	27274218	27474218	harbor1	chr11	27334095	27334976	LINE/L2	1552	+	440	27334535	60317
chr11	27274218	27474218	harbor1	chr11	27335287	27336477	LINE/L2	1552	+	595	27335882	61664
chr11	19768628	19968628	harbor1	chr11	19788030	19788118	LINE/L2	833	+	44	19788074	19446
chr11	19768628	19968628	harbor1	chr11	19788334	19789084	LINE/L2	833	+	375	19788709	20081
chr11	19768628	19968628	harbor1	chr11	19793521	19794183	LINE/L2	571	+	331	19793852	25224
chr11	19768628	19968628	harbor1	chr11	19812263	19812571	LINE/L2	491	+	154	19812417	43789
chr11	19768628	19968628	harbor1	chr11	19863727	19863910	LINE/L2	489	+	92	19863819	95191
chr11	5134586	5334586	harbor1	chr11	5202356	5203110	LINE/L2	559	+	377	5202733	68147
chr11	126556684	126756684	harbor1	chr11	126588583	126588825	LINE/L2	704	+	121	126588704	32020
chr11	126556684	126756684	harbor1	chr11	126625682	126626052	LINE/L2	591	+	185	126625867	69183
chr11	126556684	126756684	harbor1	chr11	126640836	126641324	LINE/L2	1688	+	244	126641080	84396
chr11	126556684	126756684	harbor1	chr11	126647574	126647942	LINE/L2	1695	+	184	126647758	91074
chr11	126556684	126756684	harbor1	chr11	126648307	126648709	LINE/L2	1695	+	201	126648508	91824
chr11	5127250	5327250	harbor1	chr11	5202356	5203110	LINE/L2	559	+	377	5202733	75483
chr11	5134209	5334209	harbor1	chr11	5202356	5203110	LINE/L2	559	+	377	5202733	68524
chr11	5134629	5334629	harbor1	chr11	5202356	5203110	LINE/L2	559	+	377	5202733	68104
chr11	5127213	5327213	harbor1	chr11	5202356	5203110	LINE/L2	559	+	377	5202733	75520
chr11	4538274	4738274	harbor1	chr11	4633374	4633490	LINE/L2	549	+	58	4633432	95158
chr11	5127232	5327232	harbor1	chr11	5202356	5203110	LINE/L2	559	+	377	5202733	75501
chr11	5127319	5327319	harbor1	chr11	5202356	5203110	LINE/L2	559	+	377	5202733	75414
chr11	107049890	107249890	harbor1	chr11	107062853	107063343	LINE/L2	873	+	245	107063098	13208
chr11	107049890	107249890	harbor1	chr11	107064422	107064960	LINE/L2	591	+	269	107064691	14801
chr11	107049890	107249890	harbor1	chr11	107112980	107113243	LINE/L2	854	+	132	107113112	63222
chr11	107049890	107249890	harbor1	chr11	107131563	107131889	LINE/L2	570	+	163	107131726	81836
chr11	111440849	111640849	harbor1	chr11	111471836	111472347	LINE/L2	1443	+	256	111472092	31243
chr11	111440849	111640849	harbor1	chr11	111472565	111472855	LINE/L2	736	+	145	111472710	31861
chr11	111440849	111640849	harbor1	chr11	111518734	111519020	LINE/L2	408	+	143	111518877	78028
chr11	111440849	111640849	harbor1	chr11	111523587	111524084	LINE/L2	620	+	248	111523835	82986
chr11	111440849	111640849	harbor1	chr11	111531950	111532280	LINE/L2	408	+	165	111532115	91266
chr11	5125172	5325172	harbor1	chr11	5202356	5203110	LINE/L2	559	+	377	5202733	77561
chr11	5127224	5327224	harbor1	chr11	5202356	5203110	LINE/L2	559	+	377	5202733	75509
chr11	64913893	65113893	harbor1	chr11	64927077	64927381	LINE/L2	425	+	152	64927229	13336
chr11	64913893	65113893	harbor1	chr11	64950514	64950572	LINE/L2	431	+	29	64950543	36650
chr11	64913893	65113893	harbor1	chr11	64950882	64951234	LINE/L2	431	+	176	64951058	37165
chr11	64913893	65113893	harbor1	chr11	64980657	64980996	LINE/L2	993	+	170	64980827	66934
chr11	64913893	65113893	harbor1	chr11	64982551	64982801	LINE/L2	796	+	125	64982676	68783
chr11	64913893	65113893	harbor1	chr11	64983434	64983473	LINE/L2	796	+	20	64983454	69561
chr11	64913893	65113893	harbor1	chr11	64983904	64984089	LINE/L2	796	+	92	64983996	70103
chr11	64913893	65113893	harbor1	chr11	64991612	64991843	LINE/L2	761	+	116	64991728	77835
chr11	5126003	5326003	harbor1	chr11	5202356	5203110	LINE/L2	559	+	377	5202733	76730
chr11	86572156	86772156	harbor1	chr11	86581609	86582254	LINE/L2	471	+	322	86581931	9775
chr11	86572156	86772156	harbor1	chr11	86589213	86589335	LINE/L2	467	+	61	86589274	17118
chr11	86572156	86772156	harbor1	chr11	86644158	86644698	LINE/L2	834	+	270	86644428	72272
chr11	86572156	86772156	harbor1	chr11	86657737	86657910	LINE/L2	407	+	86	86657823	85667
chr11	124700607	124900607	harbor1	chr11	124769599	124769689	LINE/L2	407	+	45	124769644	69037
chr11	124700607	124900607	harbor1	chr11	124788930	124789090	LINE/L2	534	+	80	124789010	88403
chr11	5127146	5327146	harbor1	chr11	5202356	5203110	LINE/L2	559	+	377	5202733	75587
chr11	5022390	5222390	harbor1	chr11	5063489	5064199	LINE/L2	436	+	355	5063844	41454
chr11	69539284	69739284	harbor1	chr11	69629227	69629547	LINE/L2	581	+	160	69629387	90103
chr11	5124920	5324920	harbor1	chr11	5202356	5203110	LINE/L2	559	+	377	5202733	77813
chr11	76580636	76780636	harbor1	chr11	76606181	76606813	LINE/L2	520	+	316	76606497	25861
chr11	76580636	76780636	harbor1	chr11	76606901	76606977	LINE/L2	520	+	38	76606939	26303
chr11	76580636	76780636	harbor1	chr11	76607264	76607305	LINE/L2	520	+	20	76607284	26648
chr11	76580636	76780636	harbor1	chr11	76607537	76607925	LINE/L2	1182	+	194	76607731	27095
chr11	76580636	76780636	harbor1	chr11	76609595	76609634	LINE/L2	1182	+	20	76609615	28979
chr11	76580636	76780636	harbor1	chr11	76659240	76659354	LINE/L2	438	+	57	76659297	78661
chr11	76580636	76780636	harbor1	chr11	76668183	76668643	LINE/L2	466	+	230	76668413	87777
chr11	76580636	76780636	harbor1	chr11	76611526	76611662	LINE/L2	690	+	68	76611594	30958
chr11	5134651	5334651	harbor1	chr11	5202356	5203110	LINE/L2	559	+	377	5202733	68082
chr11	5134616	5334616	harbor1	chr11	5202356	5203110	LINE/L2	559	+	377	5202733	68117
chr11	5031398	5231398	harbor1	chr11	5063489	5064199	LINE/L2	436	+	355	5063844	32446
chr11	5127345	5327345	harbor1	chr11	5202356	5203110	LINE/L2	559	+	377	5202733	75388
chr11	67369223	67569223	harbor1	chr11	67385610	67385847	LINE/L2	707	+	118	67385728	16505
chr11	67369223	67569223	harbor1	chr11	67432312	67432468	LINE/L2	544	+	78	67432390	63167
chr11	67369223	67569223	harbor1	chr11	67445495	67445672	LINE/L2	838	+	88	67445583	76360
chr11	67369223	67569223	harbor1	chr11	67445961	67446148	LINE/L2	838	+	94	67446055	76832
chr11	67369223	67569223	harbor1	chr11	67436475	67436928	LINE/L2	401	+	226	67436701	67478
chr11	5134104	5334104	harbor1	chr11	5202356	5203110	LINE/L2	559	+	377	5202733	68629
chr11	72123561	72323561	harbor1	chr11	72128618	72129481	LINE/L2	1204	+	432	72129050	5489
chr11	72123561	72323561	harbor1	chr11	72137922	72138055	LINE/L2	534	+	66	72137988	14427
chr11	72123561	72323561	harbor1	chr11	72141676	72142001	LINE/L2	441	+	162	72141838	18277
chr11	72123561	72323561	harbor1	chr11	72175033	72175167	LINE/L2	519	+	67	72175100	51539
chr11	72123561	72323561	harbor1	chr11	72180670	72180805	LINE/L2	404	+	68	72180738	57177
chr11	72123561	72323561	harbor1	chr11	72220272	72220579	LINE/L2	1016	+	154	72220426	96865
chr11	5124806	5324806	harbor1	chr11	5202356	5203110	LINE/L2	559	+	377	5202733	77927
chr11	5125352	5325352	harbor1	chr11	5202356	5203110	LINE/L2	559	+	377	5202733	77381
chr11	86572150	86772150	harbor1	chr11	86581609	86582254	LINE/L2	471	+	322	86581931	9781
chr11	86572150	86772150	harbor1	chr11	86589213	86589335	LINE/L2	467	+	61	86589274	17124
chr11	86572150	86772150	harbor1	chr11	86644158	86644698	LINE/L2	834	+	270	86644428	72278
chr11	86572150	86772150	harbor1	chr11	86657737	86657910	LINE/L2	407	+	86	86657823	85673
chr11	5127230	5327230	harbor1	chr11	5202356	5203110	LINE/L2	559	+	377	5202733	75503
chr11	5125771	5325771	harbor1	chr11	5202356	5203110	LINE/L2	559	+	377	5202733	76962
chr11	5127185	5327185	harbor1	chr11	5202356	5203110	LINE/L2	559	+	377	5202733	75548
chr11	73276655	73476655	harbor1	chr11	73351566	73351621	LINE/L2	523	+	28	73351594	74939
chr11	73276655	73476655	harbor1	chr11	73351883	73351914	LINE/L2	523	+	16	73351899	75244
chr11	73276655	73476655	harbor1	chr11	73352358	73352517	LINE/L2	523	+	80	73352438	75783
chr11	73276655	73476655	harbor1	chr11	73371400	73371506	LINE/L2	462	+	53	73371453	94798
chr11	5134100	5334100	harbor1	chr11	5202356	5203110	LINE/L2	559	+	377	5202733	68633
chr11	5134575	5334575	harbor1	chr11	5202356	5203110	LINE/L2	559	+	377	5202733	68158
chr11	6140855	6340855	harbor1	chr11	6221494	6221947	LINE/L2	711	+	226	6221720	80865
chr11	6140855	6340855	harbor1	chr11	6224752	6225619	LINE/L2	913	+	434	6225186	84331
chr11	6140855	6340855	harbor1	chr11	6231814	6231997	LINE/L2	446	+	92	6231906	91051
chr11	6140855	6340855	harbor1	chr11	6237803	6238335	LINE/L2	761	+	266	6238069	97214
chr11	5127304	5327304	harbor1	chr11	5202356	5203110	LINE/L2	559	+	377	5202733	75429
chr11	5024680	5224680	harbor1	chr11	5063489	5064199	LINE/L2	436	+	355	5063844	39164
chr11	20060703	20260703	harbor1	chr11	20066175	20066281	LINE/L2	409	+	53	20066228	5525
chr11	20060703	20260703	harbor1	chr11	20086274	20086636	LINE/L2	834	+	181	20086455	25752
chr11	20060703	20260703	harbor1	chr11	20104844	20105154	LINE/L2	472	+	155	20104999	44296
chr11	20060703	20260703	harbor1	chr11	20140842	20141225	LINE/L2	603	+	192	20141034	80331
chr11	20060703	20260703	harbor1	chr11	20141682	20141953	LINE/L2	472	+	136	20141818	81115
chr11	5134650	5334650	harbor1	chr11	5202356	5203110	LINE/L2	559	+	377	5202733	68083
chr11	5125398	5325398	harbor1	chr11	5202356	5203110	LINE/L2	559	+	377	5202733	77335
chr11	64806660	65006660	harbor1	chr11	64815108	64815233	LINE/L2	609	+	62	64815170	8510
chr11	64806660	65006660	harbor1	chr11	64899818	64899861	LINE/L2	495	+	22	64899840	93180
chr11	64806660	65006660	harbor1	chr11	64900166	64900446	LINE/L2	495	+	140	64900306	93646
chr11	6512331	6712331	harbor1	chr11	6549060	6549415	LINE/L2	415	+	178	6549238	36907
chr11	6512331	6712331	harbor1	chr11	6549529	6549829	LINE/L2	496	+	150	6549679	37348
chr11	5127284	5327284	harbor1	chr11	5202356	5203110	LINE/L2	559	+	377	5202733	75449
chr11	5124821	5324821	harbor1	chr11	5202356	5203110	LINE/L2	559	+	377	5202733	77912
chr11	5127245	5327245	harbor1	chr11	5202356	5203110	LINE/L2	559	+	377	5202733	75488
chr11	5126970	5326970	harbor1	chr11	5202356	5203110	LINE/L2	559	+	377	5202733	75763
chr11	5052446	5252446	harbor1	chr11	5063489	5064199	LINE/L2	436	+	355	5063844	11398
chr11	5127167	5327167	harbor1	chr11	5202356	5203110	LINE/L2	559	+	377	5202733	75566
chr11	5126888	5326888	harbor1	chr11	5202356	5203110	LINE/L2	559	+	377	5202733	75845
chr11	63713415	63913415	harbor1	chr11	63715082	63715287	LINE/L2	733	+	102	63715184	1769
chr11	5021372	5221372	harbor1	chr11	5063489	5064199	LINE/L2	436	+	355	5063844	42472
chr11	5125946	5325946	harbor1	chr11	5202356	5203110	LINE/L2	559	+	377	5202733	76787
chr11	1470223	1670223	harbor1	chr11	1500434	1501260	LINE/L2	422	+	413	1500847	30624
chr11	86275379	86475379	harbor1	chr11	86283342	86283554	LINE/L2	654	+	106	86283448	8069
chr11	86275379	86475379	harbor1	chr11	86362212	86362516	LINE/L2	830	+	152	86362364	86985
chr11	5127149	5327149	harbor1	chr11	5202356	5203110	LINE/L2	559	+	377	5202733	75584
chr11	64537978	64737978	harbor1	chr11	64585332	64585566	LINE/L2	1745	+	117	64585449	47471
chr11	64537978	64737978	harbor1	chr11	64585871	64587018	LINE/L2	1745	+	574	64586445	48467
chr11	4897645	5097645	harbor1	chr11	4911535	4911909	LINE/L2	751	+	187	4911722	14077
chr11	5126804	5326804	harbor1	chr11	5202356	5203110	LINE/L2	559	+	377	5202733	75929
chr11	76580403	76780403	harbor1	chr11	76606181	76606813	LINE/L2	520	+	316	76606497	26094
chr11	76580403	76780403	harbor1	chr11	76606901	76606977	LINE/L2	520	+	38	76606939	26536
chr11	76580403	76780403	harbor1	chr11	76607264	76607305	LINE/L2	520	+	20	76607284	26881
chr11	76580403	76780403	harbor1	chr11	76607537	76607925	LINE/L2	1182	+	194	76607731	27328
chr11	76580403	76780403	harbor1	chr11	76609595	76609634	LINE/L2	1182	+	20	76609615	29212
chr11	76580403	76780403	harbor1	chr11	76659240	76659354	LINE/L2	438	+	57	76659297	78894
chr11	76580403	76780403	harbor1	chr11	76668183	76668643	LINE/L2	466	+	230	76668413	88010
chr11	76580403	76780403	harbor1	chr11	76611526	76611662	LINE/L2	690	+	68	76611594	31191
chr11	67117644	67317644	harbor1	chr11	67128704	67128853	LINE/L2	478	+	74	67128778	11134
chr11	2054434	2254434	harbor1	chr11	2071256	2072255	LINE/L2	1070	+	500	2071756	17322
chr11	5134605	5334605	harbor1	chr11	5202356	5203110	LINE/L2	559	+	377	5202733	68128
chr11	5125064	5325064	harbor1	chr11	5202356	5203110	LINE/L2	559	+	377	5202733	77669
chr11	5125194	5325194	harbor1	chr11	5202356	5203110	LINE/L2	559	+	377	5202733	77539
chr11	129769693	129969693	harbor1	chr11	129865290	129865501	LINE/L2	473	+	106	129865396	95703
chr11	76580432	76780432	harbor1	chr11	76606181	76606813	LINE/L2	520	+	316	76606497	26065
chr11	76580432	76780432	harbor1	chr11	76606901	76606977	LINE/L2	520	+	38	76606939	26507
chr11	76580432	76780432	harbor1	chr11	76607264	76607305	LINE/L2	520	+	20	76607284	26852
chr11	76580432	76780432	harbor1	chr11	76607537	76607925	LINE/L2	1182	+	194	76607731	27299
chr11	76580432	76780432	harbor1	chr11	76609595	76609634	LINE/L2	1182	+	20	76609615	29183
chr11	76580432	76780432	harbor1	chr11	76659240	76659354	LINE/L2	438	+	57	76659297	78865
chr11	76580432	76780432	harbor1	chr11	76668183	76668643	LINE/L2	466	+	230	76668413	87981
chr11	76580432	76780432	harbor1	chr11	76611526	76611662	LINE/L2	690	+	68	76611594	31162
chr11	64538016	64738016	harbor1	chr11	64585332	64585566	LINE/L2	1745	+	117	64585449	47433
chr11	64538016	64738016	harbor1	chr11	64585871	64587018	LINE/L2	1745	+	574	64586445	48429
chr11	5126793	5326793	harbor1	chr11	5202356	5203110	LINE/L2	559	+	377	5202733	75940
chr11	5134533	5334533	harbor1	chr11	5202356	5203110	LINE/L2	559	+	377	5202733	68200
chr11	5127205	5327205	harbor1	chr11	5202356	5203110	LINE/L2	559	+	377	5202733	75528
chr11	5127241	5327241	harbor1	chr11	5202356	5203110	LINE/L2	559	+	377	5202733	75492
chr11	76580985	76780985	harbor1	chr11	76606181	76606813	LINE/L2	520	+	316	76606497	25512
chr11	76580985	76780985	harbor1	chr11	76606901	76606977	LINE/L2	520	+	38	76606939	25954
chr11	76580985	76780985	harbor1	chr11	76607264	76607305	LINE/L2	520	+	20	76607284	26299
chr11	76580985	76780985	harbor1	chr11	76607537	76607925	LINE/L2	1182	+	194	76607731	26746
chr11	76580985	76780985	harbor1	chr11	76609595	76609634	LINE/L2	1182	+	20	76609615	28630
chr11	76580985	76780985	harbor1	chr11	76659240	76659354	LINE/L2	438	+	57	76659297	78312
chr11	76580985	76780985	harbor1	chr11	76668183	76668643	LINE/L2	466	+	230	76668413	87428
chr11	76580985	76780985	harbor1	chr11	76611526	76611662	LINE/L2	690	+	68	76611594	30609
chr11	5127169	5327169	harbor1	chr11	5202356	5203110	LINE/L2	559	+	377	5202733	75564
chr11	5134210	5334210	harbor1	chr11	5202356	5203110	LINE/L2	559	+	377	5202733	68523
chr11	64348932	64548932	harbor1	chr11	64382616	64383112	LINE/L2	765	+	248	64382864	33932
chr11	64348932	64548932	harbor1	chr11	64383413	64383566	LINE/L2	765	+	76	64383489	34557
chr11	64348932	64548932	harbor1	chr11	64423473	64423630	LINE/L2	1074	+	78	64423551	74619
chr11	64348932	64548932	harbor1	chr11	64423927	64424153	LINE/L2	1074	+	113	64424040	75108
chr11	107909152	108109152	harbor1	chr11	107909165	107909430	LINE/L2	464	+	132	107909297	145
chr11	107909152	108109152	harbor1	chr11	107909724	107909746	LINE/L2	464	+	11	107909735	583
chr11	107909152	108109152	harbor1	chr11	108001706	108002060	LINE/L2	2120	+	177	108001883	92731
chr11	107909152	108109152	harbor1	chr11	108002201	108002217	LINE/L2	2120	+	8	108002209	93057
chr11	107909152	108109152	harbor1	chr11	108002721	108002811	LINE/L2	2120	+	45	108002766	93614
chr11	107909152	108109152	harbor1	chr11	108003101	108003968	LINE/L2	2120	+	434	108003535	94383
chr11	5134609	5334609	harbor1	chr11	5202356	5203110	LINE/L2	559	+	377	5202733	68124
chr11	5127154	5327154	harbor1	chr11	5202356	5203110	LINE/L2	559	+	377	5202733	75579
chr11	5127316	5327316	harbor1	chr11	5202356	5203110	LINE/L2	559	+	377	5202733	75417
chr11	5131436	5331436	harbor1	chr11	5202356	5203110	LINE/L2	559	+	377	5202733	71297
chr11	5127298	5327298	harbor1	chr11	5202356	5203110	LINE/L2	559	+	377	5202733	75435
chr11	5134612	5334612	harbor1	chr11	5202356	5203110	LINE/L2	559	+	377	5202733	68121
chr11	74201768	74401768	harbor1	chr11	74255009	74255417	LINE/L2	422	+	204	74255213	53445
chr11	5134643	5334643	harbor1	chr11	5202356	5203110	LINE/L2	559	+	377	5202733	68090
chr11	43448357	43648357	harbor1	chr11	43448514	43449619	LINE/L2	892	+	552	43449066	709
chr11	43448357	43648357	harbor1	chr11	43492493	43492727	LINE/L2	499	+	117	43492610	44253
chr11	43448357	43648357	harbor1	chr11	43501280	43501536	LINE/L2	675	+	128	43501408	53051
chr11	43448357	43648357	harbor1	chr11	43501852	43502394	LINE/L2	1354	+	271	43502123	53766
chr11	43448357	43648357	harbor1	chr11	43511954	43512268	LINE/L2	493	+	157	43512111	63754
chr11	43448357	43648357	harbor1	chr11	43530337	43531129	LINE/L2	572	+	396	43530733	82376
chr11	43448357	43648357	harbor1	chr11	43532729	43533093	LINE/L2	510	+	182	43532911	84554
chr11	61485519	61685519	harbor1	chr11	61503885	61504229	LINE/L2	590	+	172	61504057	18538
chr11	61485519	61685519	harbor1	chr11	61504757	61504947	LINE/L2	426	+	95	61504852	19333
chr11	61485519	61685519	harbor1	chr11	61525084	61525772	LINE/L2	1127	+	344	61525428	39909
chr11	61485519	61685519	harbor1	chr11	61526394	61526655	LINE/L2	439	+	130	61526524	41005
chr11	61485519	61685519	harbor1	chr11	61561594	61561692	LINE/L2	426	+	49	61561643	76124
chr11	61485519	61685519	harbor1	chr11	61561731	61561881	LINE/L2	401	+	75	61561806	76287
chr11	133199713	133399713	harbor1	chr11	133212277	133212744	LINE/L2	766	+	234	133212511	12798
chr11	5127228	5327228	harbor1	chr11	5202356	5203110	LINE/L2	559	+	377	5202733	75505
chr11	5127118	5327118	harbor1	chr11	5202356	5203110	LINE/L2	559	+	377	5202733	75615
chr11	69539187	69739187	harbor1	chr11	69629227	69629547	LINE/L2	581	+	160	69629387	90200
chr11	106965389	107165389	harbor1	chr11	107047200	107047520	LINE/L2	515	+	160	107047360	81971
chr11	106965389	107165389	harbor1	chr11	107047919	107048019	LINE/L2	431	+	50	107047969	82580
chr11	106965389	107165389	harbor1	chr11	107048330	107048851	LINE/L2	561	+	260	107048590	83201
chr11	106965389	107165389	harbor1	chr11	107062853	107063343	LINE/L2	873	+	245	107063098	97709
chr11	106965389	107165389	harbor1	chr11	107064422	107064960	LINE/L2	591	+	269	107064691	99302
chr11	5127079	5327079	harbor1	chr11	5202356	5203110	LINE/L2	559	+	377	5202733	75654
chr11	61385568	61585568	harbor1	chr11	61456414	61457227	LINE/L2	937	+	406	61456820	71252
chr11	61385568	61585568	harbor1	chr11	61459967	61460093	LINE/L2	416	+	63	61460030	74462
chr11	5127261	5327261	harbor1	chr11	5202356	5203110	LINE/L2	559	+	377	5202733	75472
chr11	5127282	5327282	harbor1	chr11	5202356	5203110	LINE/L2	559	+	377	5202733	75451
chr11	10653639	10853639	harbor1	chr11	10660656	10661377	LINE/L2	455	+	360	10661016	7377
chr11	10653639	10853639	harbor1	chr11	10661890	10662079	LINE/L2	455	+	94	10661984	8345
chr11	10653639	10853639	harbor1	chr11	10702780	10703163	LINE/L2	1349	+	192	10702972	49333
chr11	10653639	10853639	harbor1	chr11	10710221	10710742	LINE/L2	1620	+	260	10710481	56842
chr11	10653639	10853639	harbor1	chr11	10711002	10711050	LINE/L2	678	+	24	10711026	57387
chr11	10653639	10853639	harbor1	chr11	10711353	10711858	LINE/L2	1239	+	252	10711605	57966
chr11	10653639	10853639	harbor1	chr11	10719000	10719656	LINE/L2	402	+	328	10719328	65689
chr11	10653639	10853639	harbor1	chr11	10737891	10738287	LINE/L2	545	+	198	10738089	84450
chr11	10653639	10853639	harbor1	chr11	10748088	10748758	LINE/L2	1026	+	335	10748423	94784
chr11	103833171	104033171	harbor1	chr11	103847710	103848076	LINE/L2	741	+	183	103847893	14722
chr11	103833171	104033171	harbor1	chr11	103894617	103895245	LINE/L2	2048	+	314	103894931	61760
chr11	103833171	104033171	harbor1	chr11	103896086	103896573	LINE/L2	1010	+	244	103896330	63159
chr11	103833171	104033171	harbor1	chr11	103898024	103898696	LINE/L2	1101	+	336	103898360	65189
chr11	103833171	104033171	harbor1	chr11	103899228	103899442	LINE/L2	430	+	107	103899335	66164
chr11	103833171	104033171	harbor1	chr11	103903154	103903572	LINE/L2	822	+	209	103903363	70192
chr11	5127153	5327153	harbor1	chr11	5202356	5203110	LINE/L2	559	+	377	5202733	75580
chr11	47086439	47286439	harbor1	chr11	47092874	47093009	LINE/L2	437	+	68	47092942	6503
chr11	47086439	47286439	harbor1	chr11	47109935	47110313	LINE/L2	632	+	189	47110124	23685
chr11	47086439	47286439	harbor1	chr11	47111917	47112310	LINE/L2	1529	+	196	47112113	25674
chr11	47086439	47286439	harbor1	chr11	47112622	47112785	LINE/L2	1529	+	82	47112704	26265
chr11	5127126	5327126	harbor1	chr11	5202356	5203110	LINE/L2	559	+	377	5202733	75607
chr11	69539232	69739232	harbor1	chr11	69629227	69629547	LINE/L2	581	+	160	69629387	90155
chr11	5029745	5229745	harbor1	chr11	5063489	5064199	LINE/L2	436	+	355	5063844	34099
chr11	5127166	5327166	harbor1	chr11	5202356	5203110	LINE/L2	559	+	377	5202733	75567
chr11	2054516	2254516	harbor1	chr11	2071256	2072255	LINE/L2	1070	+	500	2071756	17240
chr11	5125272	5325272	harbor1	chr11	5202356	5203110	LINE/L2	559	+	377	5202733	77461
chr11	3708495	3908495	harbor1	chr11	3770764	3770855	LINE/L2	635	+	46	3770810	62315
chr11	3708495	3908495	harbor1	chr11	3771163	3771421	LINE/L2	635	+	129	3771292	62797
chr11	3708495	3908495	harbor1	chr11	3771434	3771745	LINE/L2	655	+	156	3771590	63095
chr11	5126765	5326765	harbor1	chr11	5202356	5203110	LINE/L2	559	+	377	5202733	75968
chr11	5132426	5332426	harbor1	chr11	5202356	5203110	LINE/L2	559	+	377	5202733	70307
chr11	65109998	65309998	harbor1	chr11	65118707	65118970	LINE/L2	463	+	132	65118839	8841
chr11	65109998	65309998	harbor1	chr11	65137342	65137550	LINE/L2	493	+	104	65137446	27448
chr11	65109998	65309998	harbor1	chr11	65188969	65189029	LINE/L2	906	+	30	65188999	79001
chr11	65109998	65309998	harbor1	chr11	65189321	65190427	LINE/L2	906	+	553	65189874	79876
chr11	5127151	5327151	harbor1	chr11	5202356	5203110	LINE/L2	559	+	377	5202733	75582
chr11	5127128	5327128	harbor1	chr11	5202356	5203110	LINE/L2	559	+	377	5202733	75605
chr11	69539231	69739231	harbor1	chr11	69629227	69629547	LINE/L2	581	+	160	69629387	90156
chr11	19964004	20164004	harbor1	chr11	19998333	19999033	LINE/L2	618	+	350	19998683	34679
chr11	19964004	20164004	harbor1	chr11	20009714	20010085	LINE/L2	784	+	186	20009900	45896
chr11	19964004	20164004	harbor1	chr11	20017227	20017687	LINE/L2	516	+	230	20017457	53453
chr11	19964004	20164004	harbor1	chr11	20041617	20041732	LINE/L2	500	+	58	20041675	77671
chr11	19964004	20164004	harbor1	chr11	20041727	20042128	LINE/L2	428	+	200	20041927	77923
chr11	19964004	20164004	harbor1	chr11	20020737	20021337	LINE/L2	1074	+	300	20021037	57033
chr11	5134590	5334590	harbor1	chr11	5202356	5203110	LINE/L2	559	+	377	5202733	68143
chr11	76580343	76780343	harbor1	chr11	76606181	76606813	LINE/L2	520	+	316	76606497	26154
chr11	76580343	76780343	harbor1	chr11	76606901	76606977	LINE/L2	520	+	38	76606939	26596
chr11	76580343	76780343	harbor1	chr11	76607264	76607305	LINE/L2	520	+	20	76607284	26941
chr11	76580343	76780343	harbor1	chr11	76607537	76607925	LINE/L2	1182	+	194	76607731	27388
chr11	76580343	76780343	harbor1	chr11	76609595	76609634	LINE/L2	1182	+	20	76609615	29272
chr11	76580343	76780343	harbor1	chr11	76659240	76659354	LINE/L2	438	+	57	76659297	78954
chr11	76580343	76780343	harbor1	chr11	76668183	76668643	LINE/L2	466	+	230	76668413	88070
chr11	76580343	76780343	harbor1	chr11	76611526	76611662	LINE/L2	690	+	68	76611594	31251
chr11	5134611	5334611	harbor1	chr11	5202356	5203110	LINE/L2	559	+	377	5202733	68122
chr11	108021604	108221604	harbor1	chr11	108024852	108024995	LINE/L2	417	+	72	108024924	3320
chr11	108021604	108221604	harbor1	chr11	108026059	108026708	LINE/L2	4577	+	324	108026383	4779
chr11	108021604	108221604	harbor1	chr11	108027008	108027122	LINE/L2	4577	+	57	108027065	5461
chr11	108021604	108221604	harbor1	chr11	108027706	108028556	LINE/L2	4577	+	425	108028131	6527
chr11	108021604	108221604	harbor1	chr11	108028846	108029123	LINE/L2	4577	+	138	108028984	7380
chr11	108021604	108221604	harbor1	chr11	108069578	108069748	LINE/L2	468	+	85	108069663	48059
chr11	108021604	108221604	harbor1	chr11	108110870	108111191	LINE/L2	471	+	160	108111030	89426
chr11	108021604	108221604	harbor1	chr11	108111369	108111508	LINE/L2	471	+	70	108111439	89835
chr11	108021604	108221604	harbor1	chr11	108111807	108111904	LINE/L2	411	+	48	108111855	90251
chr11	108021604	108221604	harbor1	chr11	108112022	108112350	LINE/L2	411	+	164	108112186	90582
chr11	126625737	126825737	harbor1	chr11	126625682	126626052	LINE/L2	591	+	185	126625867	130
chr11	126625737	126825737	harbor1	chr11	126640836	126641324	LINE/L2	1688	+	244	126641080	15343
chr11	126625737	126825737	harbor1	chr11	126647574	126647942	LINE/L2	1695	+	184	126647758	22021
chr11	126625737	126825737	harbor1	chr11	126669647	126670223	LINE/L2	1769	+	288	126669935	44198
chr11	126625737	126825737	harbor1	chr11	126718872	126720285	LINE/L2	2100	+	706	126719578	93841
chr11	126625737	126825737	harbor1	chr11	126722133	126722460	LINE/L2	492	+	164	126722297	96560
chr11	126625737	126825737	harbor1	chr11	126722698	126722842	LINE/L2	503	+	72	126722770	97033
chr11	126625737	126825737	harbor1	chr11	126648307	126648709	LINE/L2	1695	+	201	126648508	22771
chr11	63739535	63939535	harbor1	chr11	63824244	63824375	LINE/L2	420	+	66	63824310	84775
chr11	63739535	63939535	harbor1	chr11	63824779	63825647	LINE/L2	931	+	434	63825213	85678
chr11	63739535	63939535	harbor1	chr11	63829835	63829946	LINE/L2	474	+	56	63829891	90356
chr11	63739535	63939535	harbor1	chr11	63835063	63835475	LINE/L2	1198	+	206	63835269	95734
chr11	63739535	63939535	harbor1	chr11	63835598	63835800	LINE/L2	813	+	101	63835699	96164
chr11	63739535	63939535	harbor1	chr11	63836121	63836219	LINE/L2	813	+	49	63836170	96635
chr11	64537961	64737961	harbor1	chr11	64585332	64585566	LINE/L2	1745	+	117	64585449	47488
chr11	64537961	64737961	harbor1	chr11	64585871	64587018	LINE/L2	1745	+	574	64586445	48484
chr11	5127270	5327270	harbor1	chr11	5202356	5203110	LINE/L2	559	+	377	5202733	75463
chr11	2054542	2254542	harbor1	chr11	2071256	2072255	LINE/L2	1070	+	500	2071756	17214
chr11	9514217	9714217	harbor1	chr11	9611149	9611403	LINE/L2	577	+	127	9611276	97059
chr11	5134672	5334672	harbor1	chr11	5202356	5203110	LINE/L2	559	+	377	5202733	68061
chr11	5134217	5334217	harbor1	chr11	5202356	5203110	LINE/L2	559	+	377	5202733	68516
chr11	5134433	5334433	harbor1	chr11	5202356	5203110	LINE/L2	559	+	377	5202733	68300
chr11	57399763	57599763	harbor1	chr11	57406131	57406238	LINE/L2	476	+	54	57406185	6422
chr11	57399763	57599763	harbor1	chr11	57410216	57410447	LINE/L2	529	+	116	57410332	10569
chr11	57399763	57599763	harbor1	chr11	57413713	57414193	LINE/L2	758	+	240	57413953	14190
chr11	57399763	57599763	harbor1	chr11	57479847	57480256	LINE/L2	447	+	204	57480051	80288
chr11	5132683	5332683	harbor1	chr11	5202356	5203110	LINE/L2	559	+	377	5202733	70050
chr11	5128063	5328063	harbor1	chr11	5202356	5203110	LINE/L2	559	+	377	5202733	74670
chr11	76580230	76780230	harbor1	chr11	76606181	76606813	LINE/L2	520	+	316	76606497	26267
chr11	76580230	76780230	harbor1	chr11	76606901	76606977	LINE/L2	520	+	38	76606939	26709
chr11	76580230	76780230	harbor1	chr11	76607264	76607305	LINE/L2	520	+	20	76607284	27054
chr11	76580230	76780230	harbor1	chr11	76607537	76607925	LINE/L2	1182	+	194	76607731	27501
chr11	76580230	76780230	harbor1	chr11	76609595	76609634	LINE/L2	1182	+	20	76609615	29385
chr11	76580230	76780230	harbor1	chr11	76659240	76659354	LINE/L2	438	+	57	76659297	79067
chr11	76580230	76780230	harbor1	chr11	76668183	76668643	LINE/L2	466	+	230	76668413	88183
chr11	76580230	76780230	harbor1	chr11	76611526	76611662	LINE/L2	690	+	68	76611594	31364
chr11	108021628	108221628	harbor1	chr11	108024852	108024995	LINE/L2	417	+	72	108024924	3296
chr11	108021628	108221628	harbor1	chr11	108026059	108026708	LINE/L2	4577	+	324	108026383	4755
chr11	108021628	108221628	harbor1	chr11	108027008	108027122	LINE/L2	4577	+	57	108027065	5437
chr11	108021628	108221628	harbor1	chr11	108027706	108028556	LINE/L2	4577	+	425	108028131	6503
chr11	108021628	108221628	harbor1	chr11	108028846	108029123	LINE/L2	4577	+	138	108028984	7356
chr11	108021628	108221628	harbor1	chr11	108069578	108069748	LINE/L2	468	+	85	108069663	48035
chr11	108021628	108221628	harbor1	chr11	108110870	108111191	LINE/L2	471	+	160	108111030	89402
chr11	108021628	108221628	harbor1	chr11	108111369	108111508	LINE/L2	471	+	70	108111439	89811
chr11	108021628	108221628	harbor1	chr11	108111807	108111904	LINE/L2	411	+	48	108111855	90227
chr11	108021628	108221628	harbor1	chr11	108112022	108112350	LINE/L2	411	+	164	108112186	90558
chr11	11317231	11517231	harbor1	chr11	11343927	11344116	LINE/L2	403	+	94	11344021	26790
chr11	11317231	11517231	harbor1	chr11	11345970	11346325	LINE/L2	636	+	178	11346148	28917
chr11	11317231	11517231	harbor1	chr11	11354723	11355174	LINE/L2	1049	+	226	11354949	37718
chr11	11317231	11517231	harbor1	chr11	11357776	11357895	LINE/L2	485	+	60	11357836	40605
chr11	11317231	11517231	harbor1	chr11	11413855	11414768	LINE/L2	1418	+	456	11414311	97080
chr11	11317231	11517231	harbor1	chr11	11415370	11415404	LINE/L2	1034	+	17	11415387	98156
chr11	108021537	108221537	harbor1	chr11	108024852	108024995	LINE/L2	417	+	72	108024924	3387
chr11	108021537	108221537	harbor1	chr11	108026059	108026708	LINE/L2	4577	+	324	108026383	4846
chr11	108021537	108221537	harbor1	chr11	108027008	108027122	LINE/L2	4577	+	57	108027065	5528
chr11	108021537	108221537	harbor1	chr11	108027706	108028556	LINE/L2	4577	+	425	108028131	6594
chr11	108021537	108221537	harbor1	chr11	108028846	108029123	LINE/L2	4577	+	138	108028984	7447
chr11	108021537	108221537	harbor1	chr11	108069578	108069748	LINE/L2	468	+	85	108069663	48126
chr11	108021537	108221537	harbor1	chr11	108110870	108111191	LINE/L2	471	+	160	108111030	89493
chr11	108021537	108221537	harbor1	chr11	108111369	108111508	LINE/L2	471	+	70	108111439	89902
chr11	108021537	108221537	harbor1	chr11	108111807	108111904	LINE/L2	411	+	48	108111855	90318
chr11	108021537	108221537	harbor1	chr11	108112022	108112350	LINE/L2	411	+	164	108112186	90649
chr11	5127315	5327315	harbor1	chr11	5202356	5203110	LINE/L2	559	+	377	5202733	75418
chr11	5126814	5326814	harbor1	chr11	5202356	5203110	LINE/L2	559	+	377	5202733	75919
chr11	3724852	3924852	harbor1	chr11	3770764	3770855	LINE/L2	635	+	46	3770810	45958
chr11	3724852	3924852	harbor1	chr11	3771163	3771421	LINE/L2	635	+	129	3771292	46440
chr11	3724852	3924852	harbor1	chr11	3771434	3771745	LINE/L2	655	+	156	3771590	46738
chr11	3991985	4191985	harbor1	chr11	3992748	3993374	LINE/L2	1049	+	313	3993061	1076
chr11	3991985	4191985	harbor1	chr11	3993681	3993978	LINE/L2	719	+	148	3993829	1844
chr11	3991985	4191985	harbor1	chr11	4017761	4018034	LINE/L2	1552	+	136	4017897	25912
chr11	3991985	4191985	harbor1	chr11	4018665	4018916	LINE/L2	1552	+	126	4018791	26806
chr11	3991985	4191985	harbor1	chr11	4041151	4041385	LINE/L2	499	+	117	4041268	49283
chr11	3991985	4191985	harbor1	chr11	4042217	4042556	LINE/L2	1134	+	170	4042387	50402
chr11	111440845	111640845	harbor1	chr11	111471836	111472347	LINE/L2	1443	+	256	111472092	31247
chr11	111440845	111640845	harbor1	chr11	111472565	111472855	LINE/L2	736	+	145	111472710	31865
chr11	111440845	111640845	harbor1	chr11	111518734	111519020	LINE/L2	408	+	143	111518877	78032
chr11	111440845	111640845	harbor1	chr11	111523587	111524084	LINE/L2	620	+	248	111523835	82990
chr11	111440845	111640845	harbor1	chr11	111531950	111532280	LINE/L2	408	+	165	111532115	91270
chr11	5127068	5327068	harbor1	chr11	5202356	5203110	LINE/L2	559	+	377	5202733	75665
chr11	66158730	66358730	harbor1	chr11	66165116	66165709	LINE/L2	1242	+	296	66165412	6682
chr11	66158730	66358730	harbor1	chr11	66165838	66166094	LINE/L2	494	+	128	66165966	7236
chr11	66158730	66358730	harbor1	chr11	66176765	66177013	LINE/L2	499	+	124	66176889	18159
chr11	66158730	66358730	harbor1	chr11	66186354	66186678	LINE/L2	613	+	162	66186516	27786
chr11	66158730	66358730	harbor1	chr11	66246405	66247803	LINE/L2	1183	+	699	66247104	88374
chr11	66158730	66358730	harbor1	chr11	66250070	66250358	LINE/L2	484	+	144	66250214	91484
chr11	3928045	4128045	harbor1	chr11	3992748	3993374	LINE/L2	1049	+	313	3993061	65016
chr11	3928045	4128045	harbor1	chr11	3993681	3993978	LINE/L2	719	+	148	3993829	65784
chr11	3928045	4128045	harbor1	chr11	4017761	4018034	LINE/L2	1552	+	136	4017897	89852
chr11	3928045	4128045	harbor1	chr11	4018665	4018916	LINE/L2	1552	+	126	4018791	90746
chr11	72122635	72322635	harbor1	chr11	72128618	72129481	LINE/L2	1204	+	432	72129050	6415
chr11	72122635	72322635	harbor1	chr11	72137922	72138055	LINE/L2	534	+	66	72137988	15353
chr11	72122635	72322635	harbor1	chr11	72141676	72142001	LINE/L2	441	+	162	72141838	19203
chr11	72122635	72322635	harbor1	chr11	72175033	72175167	LINE/L2	519	+	67	72175100	52465
chr11	72122635	72322635	harbor1	chr11	72180670	72180805	LINE/L2	404	+	68	72180738	58103
chr11	72122635	72322635	harbor1	chr11	72220272	72220579	LINE/L2	1016	+	154	72220426	97791
chr11	2055751	2255751	harbor1	chr11	2071256	2072255	LINE/L2	1070	+	500	2071756	16005
chr11	5127332	5327332	harbor1	chr11	5202356	5203110	LINE/L2	559	+	377	5202733	75401
chr11	47452681	47652681	harbor1	chr11	47474250	47474570	LINE/L2	984	+	160	47474410	21729
chr11	64537990	64737990	harbor1	chr11	64585332	64585566	LINE/L2	1745	+	117	64585449	47459
chr11	64537990	64737990	harbor1	chr11	64585871	64587018	LINE/L2	1745	+	574	64586445	48455
chr11	61396733	61596733	harbor1	chr11	61456414	61457227	LINE/L2	937	+	406	61456820	60087
chr11	61396733	61596733	harbor1	chr11	61459967	61460093	LINE/L2	416	+	63	61460030	63297
chr11	5134553	5334553	harbor1	chr11	5202356	5203110	LINE/L2	559	+	377	5202733	68180
chr11	5126802	5326802	harbor1	chr11	5202356	5203110	LINE/L2	559	+	377	5202733	75931
chr11	77082674	77282674	harbor1	chr11	77141549	77142018	LINE/L2	612	+	234	77141783	59109
chr11	77082674	77282674	harbor1	chr11	77147105	77147502	LINE/L2	465	+	198	77147303	64629
chr11	77082674	77282674	harbor1	chr11	77176706	77176905	LINE/L2	422	+	100	77176806	94132
chr11	2054500	2254500	harbor1	chr11	2071256	2072255	LINE/L2	1070	+	500	2071756	17256
chr11	123512082	123712082	harbor1	chr11	123514798	123514989	LINE/L2	631	+	96	123514894	2812
chr11	67367888	67567888	harbor1	chr11	67385610	67385847	LINE/L2	707	+	118	67385728	17840
chr11	67367888	67567888	harbor1	chr11	67432312	67432468	LINE/L2	544	+	78	67432390	64502
chr11	67367888	67567888	harbor1	chr11	67445495	67445672	LINE/L2	838	+	88	67445583	77695
chr11	67367888	67567888	harbor1	chr11	67445961	67446148	LINE/L2	838	+	94	67446055	78167
chr11	67367888	67567888	harbor1	chr11	67436475	67436928	LINE/L2	401	+	226	67436701	68813
chr11	6201425	6401425	harbor1	chr11	6221494	6221947	LINE/L2	711	+	226	6221720	20295
chr11	6201425	6401425	harbor1	chr11	6224752	6225619	LINE/L2	913	+	434	6225186	23761
chr11	6201425	6401425	harbor1	chr11	6231814	6231997	LINE/L2	446	+	92	6231906	30481
chr11	6201425	6401425	harbor1	chr11	6237803	6238335	LINE/L2	761	+	266	6238069	36644
chr11	6201425	6401425	harbor1	chr11	6255931	6256155	LINE/L2	498	+	112	6256043	54618
chr11	6201425	6401425	harbor1	chr11	6268502	6268724	LINE/L2	556	+	111	6268613	67188
chr11	106091678	106291678	harbor1	chr11	106105491	106106320	LINE/L2	1541	+	414	106105905	14227
chr11	106091678	106291678	harbor1	chr11	106107549	106108026	LINE/L2	1541	+	238	106107787	16109
chr11	106091678	106291678	harbor1	chr11	106113090	106113565	LINE/L2	1549	+	238	106113328	21650
chr11	106091678	106291678	harbor1	chr11	106114019	106114774	LINE/L2	2325	+	378	106114397	22719
chr11	106091678	106291678	harbor1	chr11	106118070	106118547	LINE/L2	1375	+	238	106118308	26630
chr11	106091678	106291678	harbor1	chr11	106120506	106120658	LINE/L2	410	+	76	106120582	28904
chr11	106091678	106291678	harbor1	chr11	106141428	106141738	LINE/L2	684	+	155	106141583	49905
chr11	106091678	106291678	harbor1	chr11	106146984	106147108	LINE/L2	412	+	62	106147046	55368
chr11	106091678	106291678	harbor1	chr11	106168827	106169153	LINE/L2	505	+	163	106168990	77312
chr11	106091678	106291678	harbor1	chr11	106169467	106169624	LINE/L2	505	+	78	106169545	77867
chr11	117886589	118086589	harbor1	chr11	117888598	117888927	LINE/L2	472	+	164	117888762	2173
chr11	117886589	118086589	harbor1	chr11	117912622	117912880	LINE/L2	480	+	129	117912751	26162
chr11	117886589	118086589	harbor1	chr11	117971021	117971375	LINE/L2	475	+	177	117971198	84609
chr11	117886589	118086589	harbor1	chr11	117972223	117972422	LINE/L2	920	+	100	117972323	85734
chr11	117886589	118086589	harbor1	chr11	117972559	117972833	LINE/L2	920	+	137	117972696	86107
chr11	117886589	118086589	harbor1	chr11	117981702	117982075	LINE/L2	853	+	186	117981888	95299
chr11	5134020	5334020	harbor1	chr11	5202356	5203110	LINE/L2	559	+	377	5202733	68713
chr11	67891296	68091296	harbor1	chr11	67891540	67891745	LINE/L2	805	+	102	67891642	346
chr11	67891296	68091296	harbor1	chr11	67892070	67892747	LINE/L2	805	+	338	67892408	1112
chr11	67891296	68091296	harbor1	chr11	67893845	67893994	LINE/L2	442	+	74	67893919	2623
chr11	67891296	68091296	harbor1	chr11	67902926	67903186	LINE/L2	413	+	130	67903056	11760
chr11	5127223	5327223	harbor1	chr11	5202356	5203110	LINE/L2	559	+	377	5202733	75510
chr11	64627077	64827077	harbor1	chr11	64700732	64701454	LINE/L2	455	+	361	64701093	74016
chr11	76517780	76717780	harbor1	chr11	76606181	76606813	LINE/L2	520	+	316	76606497	88717
chr11	76517780	76717780	harbor1	chr11	76606901	76606977	LINE/L2	520	+	38	76606939	89159
chr11	76517780	76717780	harbor1	chr11	76607264	76607305	LINE/L2	520	+	20	76607284	89504
chr11	76517780	76717780	harbor1	chr11	76607537	76607925	LINE/L2	1182	+	194	76607731	89951
chr11	76517780	76717780	harbor1	chr11	76609595	76609634	LINE/L2	1182	+	20	76609615	91835
chr11	76517780	76717780	harbor1	chr11	76611526	76611662	LINE/L2	690	+	68	76611594	93814
chr11	70722515	70922515	harbor1	chr11	70731809	70732975	LINE/L2	664	+	583	70732392	9877
chr11	76581027	76781027	harbor1	chr11	76606181	76606813	LINE/L2	520	+	316	76606497	25470
chr11	76581027	76781027	harbor1	chr11	76606901	76606977	LINE/L2	520	+	38	76606939	25912
chr11	76581027	76781027	harbor1	chr11	76607264	76607305	LINE/L2	520	+	20	76607284	26257
chr11	76581027	76781027	harbor1	chr11	76607537	76607925	LINE/L2	1182	+	194	76607731	26704
chr11	76581027	76781027	harbor1	chr11	76609595	76609634	LINE/L2	1182	+	20	76609615	28588
chr11	76581027	76781027	harbor1	chr11	76659240	76659354	LINE/L2	438	+	57	76659297	78270
chr11	76581027	76781027	harbor1	chr11	76668183	76668643	LINE/L2	466	+	230	76668413	87386
chr11	76581027	76781027	harbor1	chr11	76611526	76611662	LINE/L2	690	+	68	76611594	30567
chr11	111440865	111640865	harbor1	chr11	111471836	111472347	LINE/L2	1443	+	256	111472092	31227
chr11	111440865	111640865	harbor1	chr11	111472565	111472855	LINE/L2	736	+	145	111472710	31845
chr11	111440865	111640865	harbor1	chr11	111518734	111519020	LINE/L2	408	+	143	111518877	78012
chr11	111440865	111640865	harbor1	chr11	111523587	111524084	LINE/L2	620	+	248	111523835	82970
chr11	111440865	111640865	harbor1	chr11	111531950	111532280	LINE/L2	408	+	165	111532115	91250
chr11	120126957	120326957	harbor1	chr11	120205046	120205820	LINE/L2	410	+	387	120205433	78476
chr11	5129651	5329651	harbor1	chr11	5202356	5203110	LINE/L2	559	+	377	5202733	73082
chr11	7991379	8191379	harbor1	chr11	8046369	8046812	LINE/L2	562	+	222	8046591	55212
chr11	7991379	8191379	harbor1	chr11	8047037	8047498	LINE/L2	696	+	230	8047267	55888
chr11	7991379	8191379	harbor1	chr11	8047941	8048098	LINE/L2	443	+	78	8048019	56640
chr11	64141102	64341102	harbor1	chr11	64163971	64164235	LINE/L2	481	+	132	64164103	23001
chr11	64141102	64341102	harbor1	chr11	64183778	64184167	LINE/L2	737	+	194	64183972	42870
chr11	64141102	64341102	harbor1	chr11	64212193	64212891	LINE/L2	413	+	349	64212542	71440
chr11	2054484	2254484	harbor1	chr11	2071256	2072255	LINE/L2	1070	+	500	2071756	17272
chr11	67368638	67568638	harbor1	chr11	67385610	67385847	LINE/L2	707	+	118	67385728	17090
chr11	67368638	67568638	harbor1	chr11	67432312	67432468	LINE/L2	544	+	78	67432390	63752
chr11	67368638	67568638	harbor1	chr11	67445495	67445672	LINE/L2	838	+	88	67445583	76945
chr11	67368638	67568638	harbor1	chr11	67445961	67446148	LINE/L2	838	+	94	67446055	77417
chr11	67368638	67568638	harbor1	chr11	67436475	67436928	LINE/L2	401	+	226	67436701	68063
chr11	63953306	64153306	harbor1	chr11	63971834	63972029	LINE/L2	410	+	98	63971932	18626
chr11	63953306	64153306	harbor1	chr11	64013702	64014138	LINE/L2	750	+	218	64013920	60614
chr11	63953306	64153306	harbor1	chr11	64026580	64027122	LINE/L2	699	+	271	64026851	73545
chr11	64627021	64827021	harbor1	chr11	64700732	64701454	LINE/L2	455	+	361	64701093	74072
chr11	67369241	67569241	harbor1	chr11	67385610	67385847	LINE/L2	707	+	118	67385728	16487
chr11	67369241	67569241	harbor1	chr11	67432312	67432468	LINE/L2	544	+	78	67432390	63149
chr11	67369241	67569241	harbor1	chr11	67445495	67445672	LINE/L2	838	+	88	67445583	76342
chr11	67369241	67569241	harbor1	chr11	67445961	67446148	LINE/L2	838	+	94	67446055	76814
chr11	67369241	67569241	harbor1	chr11	67436475	67436928	LINE/L2	401	+	226	67436701	67460
chr11	47086441	47286441	harbor1	chr11	47092874	47093009	LINE/L2	437	+	68	47092942	6501
chr11	47086441	47286441	harbor1	chr11	47109935	47110313	LINE/L2	632	+	189	47110124	23683
chr11	47086441	47286441	harbor1	chr11	47111917	47112310	LINE/L2	1529	+	196	47112113	25672
chr11	47086441	47286441	harbor1	chr11	47112622	47112785	LINE/L2	1529	+	82	47112704	26263
chr11	5127218	5327218	harbor1	chr11	5202356	5203110	LINE/L2	559	+	377	5202733	75515
chr11	57374327	57574327	harbor1	chr11	57392331	57392471	LINE/L2	441	+	70	57392401	18074
chr11	57374327	57574327	harbor1	chr11	57396659	57396915	LINE/L2	460	+	128	57396787	22460
chr11	57374327	57574327	harbor1	chr11	57397494	57398066	LINE/L2	1385	+	286	57397780	23453
chr11	57374327	57574327	harbor1	chr11	57398102	57398464	LINE/L2	1385	+	181	57398283	23956
chr11	57374327	57574327	harbor1	chr11	57398720	57399123	LINE/L2	572	+	202	57398922	24595
chr11	57374327	57574327	harbor1	chr11	57406131	57406238	LINE/L2	476	+	54	57406185	31858
chr11	57374327	57574327	harbor1	chr11	57410216	57410447	LINE/L2	529	+	116	57410332	36005
chr11	57374327	57574327	harbor1	chr11	57413713	57414193	LINE/L2	758	+	240	57413953	39626
chr11	5126735	5326735	harbor1	chr11	5202356	5203110	LINE/L2	559	+	377	5202733	75998
chr11	76566217	76766217	harbor1	chr11	76606181	76606813	LINE/L2	520	+	316	76606497	40280
chr11	76566217	76766217	harbor1	chr11	76606901	76606977	LINE/L2	520	+	38	76606939	40722
chr11	76566217	76766217	harbor1	chr11	76607264	76607305	LINE/L2	520	+	20	76607284	41067
chr11	76566217	76766217	harbor1	chr11	76607537	76607925	LINE/L2	1182	+	194	76607731	41514
chr11	76566217	76766217	harbor1	chr11	76609595	76609634	LINE/L2	1182	+	20	76609615	43398
chr11	76566217	76766217	harbor1	chr11	76659240	76659354	LINE/L2	438	+	57	76659297	93080
chr11	76566217	76766217	harbor1	chr11	76611526	76611662	LINE/L2	690	+	68	76611594	45377
chr11	61396083	61596083	harbor1	chr11	61456414	61457227	LINE/L2	937	+	406	61456820	60737
chr11	61396083	61596083	harbor1	chr11	61459967	61460093	LINE/L2	416	+	63	61460030	63947
chr11	5134206	5334206	harbor1	chr11	5202356	5203110	LINE/L2	559	+	377	5202733	68527
chr11	64612771	64812771	harbor1	chr11	64700732	64701454	LINE/L2	455	+	361	64701093	88322
chr11	64914628	65114628	harbor1	chr11	64927077	64927381	LINE/L2	425	+	152	64927229	12601
chr11	64914628	65114628	harbor1	chr11	64950514	64950572	LINE/L2	431	+	29	64950543	35915
chr11	64914628	65114628	harbor1	chr11	64950882	64951234	LINE/L2	431	+	176	64951058	36430
chr11	64914628	65114628	harbor1	chr11	64980657	64980996	LINE/L2	993	+	170	64980827	66199
chr11	64914628	65114628	harbor1	chr11	64982551	64982801	LINE/L2	796	+	125	64982676	68048
chr11	64914628	65114628	harbor1	chr11	64983434	64983473	LINE/L2	796	+	20	64983454	68826
chr11	64914628	65114628	harbor1	chr11	64983904	64984089	LINE/L2	796	+	92	64983996	69368
chr11	64914628	65114628	harbor1	chr11	64991612	64991843	LINE/L2	761	+	116	64991728	77100
chr11	66122791	66322791	harbor1	chr11	66165116	66165709	LINE/L2	1242	+	296	66165412	42621
chr11	66122791	66322791	harbor1	chr11	66165838	66166094	LINE/L2	494	+	128	66165966	43175
chr11	66122791	66322791	harbor1	chr11	66176765	66177013	LINE/L2	499	+	124	66176889	54098
chr11	66122791	66322791	harbor1	chr11	66186354	66186678	LINE/L2	613	+	162	66186516	63725
chr11	133733693	133933693	harbor1	chr11	133827013	133827414	LINE/L2	866	+	200	133827213	93520
chr11	5127023	5327023	harbor1	chr11	5202356	5203110	LINE/L2	559	+	377	5202733	75710
chr11	5132776	5332776	harbor1	chr11	5202356	5203110	LINE/L2	559	+	377	5202733	69957
chr11	61396791	61596791	harbor1	chr11	61456414	61457227	LINE/L2	937	+	406	61456820	60029
chr11	61396791	61596791	harbor1	chr11	61459967	61460093	LINE/L2	416	+	63	61460030	63239
chr11	69539285	69739285	harbor1	chr11	69629227	69629547	LINE/L2	581	+	160	69629387	90102
chr11	119643261	119843261	harbor1	chr11	119669427	119669962	LINE/L2	907	+	268	119669695	26434
chr11	119643261	119843261	harbor1	chr11	119670260	119670428	LINE/L2	907	+	84	119670344	27083
chr11	119643261	119843261	harbor1	chr11	119679777	119680072	LINE/L2	675	+	148	119679925	36664
chr11	119643261	119843261	harbor1	chr11	119702813	119703135	LINE/L2	460	+	161	119702974	59713
chr11	119643261	119843261	harbor1	chr11	119733144	119733328	LINE/L2	507	+	92	119733236	89975
chr11	5125096	5325096	harbor1	chr11	5202356	5203110	LINE/L2	559	+	377	5202733	77637
chr11	66158626	66358626	harbor1	chr11	66165116	66165709	LINE/L2	1242	+	296	66165412	6786
chr11	66158626	66358626	harbor1	chr11	66165838	66166094	LINE/L2	494	+	128	66165966	7340
chr11	66158626	66358626	harbor1	chr11	66176765	66177013	LINE/L2	499	+	124	66176889	18263
chr11	66158626	66358626	harbor1	chr11	66186354	66186678	LINE/L2	613	+	162	66186516	27890
chr11	66158626	66358626	harbor1	chr11	66246405	66247803	LINE/L2	1183	+	699	66247104	88478
chr11	66158626	66358626	harbor1	chr11	66250070	66250358	LINE/L2	484	+	144	66250214	91588
chr11	62552866	62752866	harbor1	chr11	62588046	62588192	LINE/L2	400	+	73	62588119	35253
chr11	62552866	62752866	harbor1	chr11	62627969	62628205	LINE/L2	443	+	118	62628087	75221
chr11	66158676	66358676	harbor1	chr11	66165116	66165709	LINE/L2	1242	+	296	66165412	6736
chr11	66158676	66358676	harbor1	chr11	66165838	66166094	LINE/L2	494	+	128	66165966	7290
chr11	66158676	66358676	harbor1	chr11	66176765	66177013	LINE/L2	499	+	124	66176889	18213
chr11	66158676	66358676	harbor1	chr11	66186354	66186678	LINE/L2	613	+	162	66186516	27840
chr11	66158676	66358676	harbor1	chr11	66246405	66247803	LINE/L2	1183	+	699	66247104	88428
chr11	66158676	66358676	harbor1	chr11	66250070	66250358	LINE/L2	484	+	144	66250214	91538
chr11	6201391	6401391	harbor1	chr11	6221494	6221947	LINE/L2	711	+	226	6221720	20329
chr11	6201391	6401391	harbor1	chr11	6224752	6225619	LINE/L2	913	+	434	6225186	23795
chr11	6201391	6401391	harbor1	chr11	6231814	6231997	LINE/L2	446	+	92	6231906	30515
chr11	6201391	6401391	harbor1	chr11	6237803	6238335	LINE/L2	761	+	266	6238069	36678
chr11	6201391	6401391	harbor1	chr11	6255931	6256155	LINE/L2	498	+	112	6256043	54652
chr11	6201391	6401391	harbor1	chr11	6268502	6268724	LINE/L2	556	+	111	6268613	67222
chr11	76581063	76781063	harbor1	chr11	76606181	76606813	LINE/L2	520	+	316	76606497	25434
chr11	76581063	76781063	harbor1	chr11	76606901	76606977	LINE/L2	520	+	38	76606939	25876
chr11	76581063	76781063	harbor1	chr11	76607264	76607305	LINE/L2	520	+	20	76607284	26221
chr11	76581063	76781063	harbor1	chr11	76607537	76607925	LINE/L2	1182	+	194	76607731	26668
chr11	76581063	76781063	harbor1	chr11	76609595	76609634	LINE/L2	1182	+	20	76609615	28552
chr11	76581063	76781063	harbor1	chr11	76659240	76659354	LINE/L2	438	+	57	76659297	78234
chr11	76581063	76781063	harbor1	chr11	76668183	76668643	LINE/L2	466	+	230	76668413	87350
chr11	76581063	76781063	harbor1	chr11	76611526	76611662	LINE/L2	690	+	68	76611594	30531
chr11	62588026	62788026	harbor1	chr11	62588046	62588192	LINE/L2	400	+	73	62588119	93
chr11	62588026	62788026	harbor1	chr11	62627969	62628205	LINE/L2	443	+	118	62628087	40061
chr11	124700054	124900054	harbor1	chr11	124769599	124769689	LINE/L2	407	+	45	124769644	69590
chr11	124700054	124900054	harbor1	chr11	124788930	124789090	LINE/L2	534	+	80	124789010	88956
chr11	76517810	76717810	harbor1	chr11	76606181	76606813	LINE/L2	520	+	316	76606497	88687
chr11	76517810	76717810	harbor1	chr11	76606901	76606977	LINE/L2	520	+	38	76606939	89129
chr11	76517810	76717810	harbor1	chr11	76607264	76607305	LINE/L2	520	+	20	76607284	89474
chr11	76517810	76717810	harbor1	chr11	76607537	76607925	LINE/L2	1182	+	194	76607731	89921
chr11	76517810	76717810	harbor1	chr11	76609595	76609634	LINE/L2	1182	+	20	76609615	91805
chr11	76517810	76717810	harbor1	chr11	76611526	76611662	LINE/L2	690	+	68	76611594	93784
chr11	57399809	57599809	harbor1	chr11	57406131	57406238	LINE/L2	476	+	54	57406185	6376
chr11	57399809	57599809	harbor1	chr11	57410216	57410447	LINE/L2	529	+	116	57410332	10523
chr11	57399809	57599809	harbor1	chr11	57413713	57414193	LINE/L2	758	+	240	57413953	14144
chr11	57399809	57599809	harbor1	chr11	57479847	57480256	LINE/L2	447	+	204	57480051	80242
chr12	62962733	63162733	harbor1	chr12	62973076	62973384	LINE/L2	628	+	154	62973230	10497
chr12	62962733	63162733	harbor1	chr12	63037241	63037661	LINE/L2	943	+	210	63037451	74718
chr12	62962733	63162733	harbor1	chr12	63043369	63044706	LINE/L2	1550	+	668	63044037	81304
chr12	57101664	57301664	harbor1	chr12	57144462	57144763	LINE/L2	714	+	150	57144612	42948
chr12	57101664	57301664	harbor1	chr12	57160172	57160751	LINE/L2	926	+	290	57160462	58798
chr12	57101664	57301664	harbor1	chr12	57172473	57172862	LINE/L2	1209	+	194	57172667	71003
chr12	109780252	109980252	harbor1	chr12	109804898	109805257	LINE/L2	708	+	180	109805078	24826
chr12	109780252	109980252	harbor1	chr12	109821329	109821538	LINE/L2	655	+	104	109821433	41181
chr12	109780252	109980252	harbor1	chr12	109821832	109821968	LINE/L2	655	+	68	109821900	41648
chr12	52906640	53106640	harbor1	chr12	52978442	52978646	LINE/L2	1625	+	102	52978544	71904
chr12	52906640	53106640	harbor1	chr12	52978956	52979692	LINE/L2	1625	+	368	52979324	72684
chr12	52906640	53106640	harbor1	chr12	52990715	52991028	LINE/L2	1003	+	156	52990871	84231
chr12	52906640	53106640	harbor1	chr12	52991330	52991464	LINE/L2	1003	+	67	52991397	84757
chr12	116778966	116978966	harbor1	chr12	116788379	116788713	LINE/L2	662	+	167	116788546	9580
chr12	116778966	116978966	harbor1	chr12	116793527	116793926	LINE/L2	1080	+	200	116793727	14761
chr12	116778966	116978966	harbor1	chr12	116813274	116813723	LINE/L2	711	+	224	116813498	34532
chr12	116778966	116978966	harbor1	chr12	116848353	116848807	LINE/L2	1057	+	227	116848580	69614
chr12	116778966	116978966	harbor1	chr12	116849119	116849279	LINE/L2	768	+	80	116849199	70233
chr12	21362986	21562986	harbor1	chr12	21425237	21425568	LINE/L2	865	+	166	21425403	62417
chr12	21362986	21562986	harbor1	chr12	21426012	21426696	LINE/L2	747	+	342	21426354	63368
chr12	110180537	110380537	harbor1	chr12	110188541	110188642	LINE/L2	2892	+	50	110188591	8054
chr12	110180537	110380537	harbor1	chr12	110188943	110189336	LINE/L2	2892	+	196	110189139	8602
chr12	110180537	110380537	harbor1	chr12	110189649	110190597	LINE/L2	2892	+	474	110190123	9586
chr12	110180537	110380537	harbor1	chr12	110202928	110202983	LINE/L2	714	+	28	110202956	22419
chr12	110180537	110380537	harbor1	chr12	110203294	110203672	LINE/L2	714	+	189	110203483	22946
chr12	110180537	110380537	harbor1	chr12	110204253	110204947	LINE/L2	879	+	347	110204600	24063
chr12	57101715	57301715	harbor1	chr12	57144462	57144763	LINE/L2	714	+	150	57144612	42897
chr12	57101715	57301715	harbor1	chr12	57160172	57160751	LINE/L2	926	+	290	57160462	58747
chr12	57101715	57301715	harbor1	chr12	57172473	57172862	LINE/L2	1209	+	194	57172667	70952
chr12	30880777	31080777	harbor1	chr12	30897513	30898059	LINE/L2	1179	+	273	30897786	17009
chr12	30880777	31080777	harbor1	chr12	30977921	30978351	LINE/L2	631	+	215	30978136	97359
chr12	92828003	93028003	harbor1	chr12	92875448	92876069	LINE/L2	1351	+	310	92875758	47755
chr12	92828003	93028003	harbor1	chr12	92876363	92876439	LINE/L2	1231	+	38	92876401	48398
chr12	102336329	102536329	harbor1	chr12	102338473	102339037	LINE/L2	1103	+	282	102338755	2426
chr12	102336329	102536329	harbor1	chr12	102365984	102366507	LINE/L2	1152	+	262	102366246	29917
chr12	56840310	57040310	harbor1	chr12	56898256	56898565	LINE/L2	668	+	154	56898410	58100
chr12	52267472	52467472	harbor1	chr12	52338524	52339362	LINE/L2	1229	+	419	52338943	71471
chr12	57101591	57301591	harbor1	chr12	57144462	57144763	LINE/L2	714	+	150	57144612	43021
chr12	57101591	57301591	harbor1	chr12	57160172	57160751	LINE/L2	926	+	290	57160462	58871
chr12	57101591	57301591	harbor1	chr12	57172473	57172862	LINE/L2	1209	+	194	57172667	71076
chr12	130250985	130450985	harbor1	chr12	130259178	130259871	LINE/L2	1561	+	346	130259524	8539
chr12	92010595	92210595	harbor1	chr12	92011046	92011451	LINE/L2	646	+	202	92011248	653
chr12	92010595	92210595	harbor1	chr12	92051759	92052561	LINE/L2	980	+	401	92052160	41565
chr12	92010595	92210595	harbor1	chr12	92076377	92076680	LINE/L2	891	+	152	92076529	65934
chr12	92010595	92210595	harbor1	chr12	92097188	92097364	LINE/L2	953	+	88	92097276	86681
chr12	92010595	92210595	harbor1	chr12	92097494	92097715	LINE/L2	953	+	110	92097604	87009
chr12	106993251	107193251	harbor1	chr12	107016620	107017356	LINE/L2	2591	+	368	107016988	23737
chr12	106993251	107193251	harbor1	chr12	107017799	107018102	LINE/L2	1186	+	152	107017951	24700
chr12	106993251	107193251	harbor1	chr12	107089916	107090077	LINE/L2	2499	+	80	107089996	96745
chr12	106993251	107193251	harbor1	chr12	107090377	107091045	LINE/L2	2499	+	334	107090711	97460
chr12	106993251	107193251	harbor1	chr12	107091328	107092108	LINE/L2	2499	+	390	107091718	98467
chr12	106993251	107193251	harbor1	chr12	107036281	107037058	LINE/L2	1443	+	388	107036669	43418
chr12	21402089	21602089	harbor1	chr12	21425237	21425568	LINE/L2	865	+	166	21425403	23314
chr12	21402089	21602089	harbor1	chr12	21426012	21426696	LINE/L2	747	+	342	21426354	24265
chr12	21402089	21602089	harbor1	chr12	21488011	21488759	LINE/L2	1225	+	374	21488385	86296
chr12	94808159	95008159	harbor1	chr12	94808496	94808576	LINE/L2	1085	+	40	94808536	377
chr12	94808159	95008159	harbor1	chr12	94809011	94809320	LINE/L2	1085	+	154	94809165	1006
chr12	94808159	95008159	harbor1	chr12	94871641	94871830	LINE/L2	638	+	94	94871735	63576
chr13	20315161	20515161	harbor1	chr13	20352390	20352774	LINE/L2	540	+	192	20352582	37421
chr13	20315161	20515161	harbor1	chr13	20354001	20354415	LINE/L2	813	+	207	20354208	39047
chr13	20315161	20515161	harbor1	chr13	20354643	20355012	LINE/L2	613	+	184	20354827	39666
chr13	20315161	20515161	harbor1	chr13	20399257	20399557	LINE/L2	441	+	150	20399407	84246
chr13	20315161	20515161	harbor1	chr13	20399791	20400680	LINE/L2	1216	+	444	20400235	85074
chr13	27925914	28125914	harbor1	chr13	27981687	27982148	LINE/L2	1548	+	230	27981917	56003
chr13	27925914	28125914	harbor1	chr13	27982429	27983221	LINE/L2	1548	+	396	27982825	56911
chr13	27925914	28125914	harbor1	chr13	27983529	27983830	LINE/L2	570	+	150	27983679	57765
chr13	20315121	20515121	harbor1	chr13	20352390	20352774	LINE/L2	540	+	192	20352582	37461
chr13	20315121	20515121	harbor1	chr13	20354001	20354415	LINE/L2	813	+	207	20354208	39087
chr13	20315121	20515121	harbor1	chr13	20354643	20355012	LINE/L2	613	+	184	20354827	39706
chr13	20315121	20515121	harbor1	chr13	20399257	20399557	LINE/L2	441	+	150	20399407	84286
chr13	20315121	20515121	harbor1	chr13	20399791	20400680	LINE/L2	1216	+	444	20400235	85114
chr13	48135005	48335005	harbor1	chr13	48174175	48174576	LINE/L2	690	+	200	48174375	39370
chr13	48135005	48335005	harbor1	chr13	48175166	48175359	LINE/L2	690	+	96	48175262	40257
chr13	48135005	48335005	harbor1	chr13	48178482	48178945	LINE/L2	676	+	232	48178714	43709
chr13	20315155	20515155	harbor1	chr13	20352390	20352774	LINE/L2	540	+	192	20352582	37427
chr13	20315155	20515155	harbor1	chr13	20354001	20354415	LINE/L2	813	+	207	20354208	39053
chr13	20315155	20515155	harbor1	chr13	20354643	20355012	LINE/L2	613	+	184	20354827	39672
chr13	20315155	20515155	harbor1	chr13	20399257	20399557	LINE/L2	441	+	150	20399407	84252
chr13	20315155	20515155	harbor1	chr13	20399791	20400680	LINE/L2	1216	+	444	20400235	85080
chr13	72959646	73159646	harbor1	chr13	73020578	73021006	LINE/L2	648	+	214	73020792	61146
chr13	75381986	75581986	harbor1	chr13	75390920	75391032	LINE/L2	2309	+	56	75390976	8990
chr13	75381986	75581986	harbor1	chr13	75391075	75391195	LINE/L2	2309	+	60	75391135	9149
chr13	75381986	75581986	harbor1	chr13	75391226	75391762	LINE/L2	2309	+	268	75391494	9508
chr13	75381986	75581986	harbor1	chr13	75391738	75392155	LINE/L2	551	+	208	75391946	9960
chr13	20315106	20515106	harbor1	chr13	20352390	20352774	LINE/L2	540	+	192	20352582	37476
chr13	20315106	20515106	harbor1	chr13	20354001	20354415	LINE/L2	813	+	207	20354208	39102
chr13	20315106	20515106	harbor1	chr13	20354643	20355012	LINE/L2	613	+	184	20354827	39721
chr13	20315106	20515106	harbor1	chr13	20399257	20399557	LINE/L2	441	+	150	20399407	84301
chr13	20315106	20515106	harbor1	chr13	20399791	20400680	LINE/L2	1216	+	444	20400235	85129
chr13	72959141	73159141	harbor1	chr13	73020578	73021006	LINE/L2	648	+	214	73020792	61651
chr13	51326437	51526437	harbor1	chr13	51372362	51372649	LINE/L2	452	+	144	51372506	46069
chr13	51326437	51526437	harbor1	chr13	51391857	51392391	LINE/L2	672	+	267	51392124	65687
chr13	51326437	51526437	harbor1	chr13	51392395	51392896	LINE/L2	631	+	250	51392645	66208
chr13	51326437	51526437	harbor1	chr13	51405936	51406788	LINE/L2	560	+	426	51406362	79925
chr13	51326437	51526437	harbor1	chr13	51407020	51407194	LINE/L2	560	+	87	51407107	80670
chr13	20315169	20515169	harbor1	chr13	20352390	20352774	LINE/L2	540	+	192	20352582	37413
chr13	20315169	20515169	harbor1	chr13	20354001	20354415	LINE/L2	813	+	207	20354208	39039
chr13	20315169	20515169	harbor1	chr13	20354643	20355012	LINE/L2	613	+	184	20354827	39658
chr13	20315169	20515169	harbor1	chr13	20399257	20399557	LINE/L2	441	+	150	20399407	84238
chr13	20315169	20515169	harbor1	chr13	20399791	20400680	LINE/L2	1216	+	444	20400235	85066
chr13	100413825	100613825	harbor1	chr13	100452422	100452856	LINE/L2	997	+	217	100452639	38814
chr13	38912775	39112775	harbor1	chr13	38945857	38946182	LINE/L2	522	+	162	38946019	33244
chr13	38912775	39112775	harbor1	chr13	38946501	38946660	LINE/L2	522	+	80	38946581	33806
chr13	38912775	39112775	harbor1	chr13	38991157	38991466	LINE/L2	451	+	154	38991311	78536
chr13	20315123	20515123	harbor1	chr13	20352390	20352774	LINE/L2	540	+	192	20352582	37459
chr13	20315123	20515123	harbor1	chr13	20354001	20354415	LINE/L2	813	+	207	20354208	39085
chr13	20315123	20515123	harbor1	chr13	20354643	20355012	LINE/L2	613	+	184	20354827	39704
chr13	20315123	20515123	harbor1	chr13	20399257	20399557	LINE/L2	441	+	150	20399407	84284
chr13	20315123	20515123	harbor1	chr13	20399791	20400680	LINE/L2	1216	+	444	20400235	85112
chr13	19764706	19964706	harbor1	chr13	19784875	19784926	LINE/L2	940	+	26	19784901	20195
chr13	19764706	19964706	harbor1	chr13	19785225	19785640	LINE/L2	940	+	208	19785433	20727
chr13	19764706	19964706	harbor1	chr13	19786453	19786645	LINE/L2	463	+	96	19786549	21843
chr13	19764706	19964706	harbor1	chr13	19789973	19790148	LINE/L2	700	+	88	19790061	25355
chr13	19764706	19964706	harbor1	chr13	19790459	19790650	LINE/L2	700	+	96	19790555	25849
chr13	20315143	20515143	harbor1	chr13	20352390	20352774	LINE/L2	540	+	192	20352582	37439
chr13	20315143	20515143	harbor1	chr13	20354001	20354415	LINE/L2	813	+	207	20354208	39065
chr13	20315143	20515143	harbor1	chr13	20354643	20355012	LINE/L2	613	+	184	20354827	39684
chr13	20315143	20515143	harbor1	chr13	20399257	20399557	LINE/L2	441	+	150	20399407	84264
chr13	20315143	20515143	harbor1	chr13	20399791	20400680	LINE/L2	1216	+	444	20400235	85092
chr13	24917691	25117691	harbor1	chr13	24992827	24993798	LINE/L2	2955	+	486	24993313	75622
chr13	20262753	20462753	harbor1	chr13	20352390	20352774	LINE/L2	540	+	192	20352582	89829
chr13	20262753	20462753	harbor1	chr13	20354001	20354415	LINE/L2	813	+	207	20354208	91455
chr13	20262753	20462753	harbor1	chr13	20354643	20355012	LINE/L2	613	+	184	20354827	92074
chr13	36814065	37014065	harbor1	chr13	36849497	36850369	LINE/L2	3674	+	436	36849933	35868
chr13	36814065	37014065	harbor1	chr13	36850678	36851636	LINE/L2	3674	+	479	36851157	37092
chr13	36814065	37014065	harbor1	chr13	36899814	36900275	LINE/L2	946	+	230	36900044	85979
chr13	36814065	37014065	harbor1	chr13	36900578	36900667	LINE/L2	914	+	44	36900622	86557
chr13	36814065	37014065	harbor1	chr13	36902801	36902941	LINE/L2	568	+	70	36902871	88806
chr13	20315206	20515206	harbor1	chr13	20352390	20352774	LINE/L2	540	+	192	20352582	37376
chr13	20315206	20515206	harbor1	chr13	20354001	20354415	LINE/L2	813	+	207	20354208	39002
chr13	20315206	20515206	harbor1	chr13	20354643	20355012	LINE/L2	613	+	184	20354827	39621
chr13	20315206	20515206	harbor1	chr13	20399257	20399557	LINE/L2	441	+	150	20399407	84201
chr13	20315206	20515206	harbor1	chr13	20399791	20400680	LINE/L2	1216	+	444	20400235	85029
chr13	95201275	95401275	harbor1	chr13	95254412	95254708	LINE/L2	542	+	148	95254560	53285
chr13	95201275	95401275	harbor1	chr13	95291970	95292076	LINE/L2	499	+	53	95292023	90748
chr13	36898615	37098615	harbor1	chr13	36899814	36900275	LINE/L2	946	+	230	36900044	1429
chr13	36898615	37098615	harbor1	chr13	36900578	36900667	LINE/L2	914	+	44	36900622	2007
chr13	36898615	37098615	harbor1	chr13	36902801	36902941	LINE/L2	568	+	70	36902871	4256
chr13	36898615	37098615	harbor1	chr13	36925150	36925279	LINE/L2	565	+	64	36925214	26599
chr13	36898615	37098615	harbor1	chr13	36987930	36988292	LINE/L2	491	+	181	36988111	89496
chr13	19682694	19882694	harbor1	chr13	19686026	19686222	LINE/L2	444	+	98	19686124	3430
chr13	19682694	19882694	harbor1	chr13	19755640	19755803	LINE/L2	445	+	82	19755722	73028
chr13	36893202	37093202	harbor1	chr13	36899814	36900275	LINE/L2	946	+	230	36900044	6842
chr13	36893202	37093202	harbor1	chr13	36900578	36900667	LINE/L2	914	+	44	36900622	7420
chr13	36893202	37093202	harbor1	chr13	36902801	36902941	LINE/L2	568	+	70	36902871	9669
chr13	36893202	37093202	harbor1	chr13	36925150	36925279	LINE/L2	565	+	64	36925214	32012
chr13	36893202	37093202	harbor1	chr13	36987930	36988292	LINE/L2	491	+	181	36988111	94909
chr14	52595151	52795151	harbor1	chr14	52609838	52610351	LINE/L2	751	+	256	52610094	14943
chr14	52595151	52795151	harbor1	chr14	52610683	52610720	LINE/L2	751	+	18	52610701	15550
chr14	67141304	67341304	harbor1	chr14	67154058	67154564	LINE/L2	661	+	253	67154311	13007
chr14	67141304	67341304	harbor1	chr14	67159065	67159247	LINE/L2	635	+	91	67159156	17852
chr14	67141304	67341304	harbor1	chr14	67183221	67183339	LINE/L2	429	+	59	67183280	41976
chr14	67141304	67341304	harbor1	chr14	67187294	67188025	LINE/L2	729	+	366	67187660	46356
chr14	67141304	67341304	harbor1	chr14	67197785	67198067	LINE/L2	474	+	141	67197926	56622
chr14	90282069	90482069	harbor1	chr14	90322349	90322458	LINE/L2	456	+	54	90322403	40334
chr14	95434849	95634849	harbor1	chr14	95442798	95443014	LINE/L2	525	+	108	95442906	8057
chr14	95434849	95634849	harbor1	chr14	95526159	95526454	LINE/L2	459	+	148	95526307	91458
chr14	67141322	67341322	harbor1	chr14	67154058	67154564	LINE/L2	661	+	253	67154311	12989
chr14	67141322	67341322	harbor1	chr14	67159065	67159247	LINE/L2	635	+	91	67159156	17834
chr14	67141322	67341322	harbor1	chr14	67183221	67183339	LINE/L2	429	+	59	67183280	41958
chr14	67141322	67341322	harbor1	chr14	67187294	67188025	LINE/L2	729	+	366	67187660	46338
chr14	67141322	67341322	harbor1	chr14	67197785	67198067	LINE/L2	474	+	141	67197926	56604
chr14	75885958	76085958	harbor1	chr14	75969672	75970079	LINE/L2	702	+	204	75969876	83918
chr14	75885958	76085958	harbor1	chr14	75970619	75970922	LINE/L2	498	+	152	75970771	84813
chr14	100185498	100385498	harbor1	chr14	100255818	100255990	LINE/L2	566	+	86	100255904	70406
chr14	100185498	100385498	harbor1	chr14	100256155	100256451	LINE/L2	566	+	148	100256303	70805
chr14	100185498	100385498	harbor1	chr14	100257222	100257354	LINE/L2	529	+	66	100257288	71790
chr14	67140883	67340883	harbor1	chr14	67154058	67154564	LINE/L2	661	+	253	67154311	13428
chr14	67140883	67340883	harbor1	chr14	67159065	67159247	LINE/L2	635	+	91	67159156	18273
chr14	67140883	67340883	harbor1	chr14	67183221	67183339	LINE/L2	429	+	59	67183280	42397
chr14	67140883	67340883	harbor1	chr14	67187294	67188025	LINE/L2	729	+	366	67187660	46777
chr14	67140883	67340883	harbor1	chr14	67197785	67198067	LINE/L2	474	+	141	67197926	57043
chr14	75327880	75527880	harbor1	chr14	75352644	75352881	LINE/L2	618	+	118	75352762	24882
chr14	100185509	100385509	harbor1	chr14	100255818	100255990	LINE/L2	566	+	86	100255904	70395
chr14	100185509	100385509	harbor1	chr14	100256155	100256451	LINE/L2	566	+	148	100256303	70794
chr14	100185509	100385509	harbor1	chr14	100257222	100257354	LINE/L2	529	+	66	100257288	71779
chr14	67141305	67341305	harbor1	chr14	67154058	67154564	LINE/L2	661	+	253	67154311	13006
chr14	67141305	67341305	harbor1	chr14	67159065	67159247	LINE/L2	635	+	91	67159156	17851
chr14	67141305	67341305	harbor1	chr14	67183221	67183339	LINE/L2	429	+	59	67183280	41975
chr14	67141305	67341305	harbor1	chr14	67187294	67188025	LINE/L2	729	+	366	67187660	46355
chr14	67141305	67341305	harbor1	chr14	67197785	67198067	LINE/L2	474	+	141	67197926	56621
chr14	20990648	21190648	harbor1	chr14	21040470	21040966	LINE/L2	1183	+	248	21040718	50070
chr14	20990648	21190648	harbor1	chr14	21041295	21041382	LINE/L2	1183	+	44	21041339	50691
chr14	20990648	21190648	harbor1	chr14	21060411	21060788	LINE/L2	576	+	188	21060599	69951
chr14	90164299	90364299	harbor1	chr14	90227444	90227578	LINE/L2	523	+	67	90227511	63212
chr14	90164299	90364299	harbor1	chr14	90255218	90255464	LINE/L2	700	+	123	90255341	91042
chr14	90164299	90364299	harbor1	chr14	90261029	90261280	LINE/L2	434	+	126	90261155	96856
chr14	75328395	75528395	harbor1	chr14	75352644	75352881	LINE/L2	618	+	118	75352762	24367
chr14	75328436	75528436	harbor1	chr14	75352644	75352881	LINE/L2	618	+	118	75352762	24326
chr14	95435211	95635211	harbor1	chr14	95442798	95443014	LINE/L2	525	+	108	95442906	7695
chr14	95435211	95635211	harbor1	chr14	95526159	95526454	LINE/L2	459	+	148	95526307	91096
chr14	90282794	90482794	harbor1	chr14	90322349	90322458	LINE/L2	456	+	54	90322403	39609
chr14	75328363	75528363	harbor1	chr14	75352644	75352881	LINE/L2	618	+	118	75352762	24399
chr14	67140875	67340875	harbor1	chr14	67154058	67154564	LINE/L2	661	+	253	67154311	13436
chr14	67140875	67340875	harbor1	chr14	67159065	67159247	LINE/L2	635	+	91	67159156	18281
chr14	67140875	67340875	harbor1	chr14	67183221	67183339	LINE/L2	429	+	59	67183280	42405
chr14	67140875	67340875	harbor1	chr14	67187294	67188025	LINE/L2	729	+	366	67187660	46785
chr14	67140875	67340875	harbor1	chr14	67197785	67198067	LINE/L2	474	+	141	67197926	57051
chr14	66148048	66348048	harbor1	chr14	66179199	66179468	LINE/L2	456	+	134	66179333	31285
chr14	66148048	66348048	harbor1	chr14	66179595	66180648	LINE/L2	1759	+	526	66180121	32073
chr14	66148048	66348048	harbor1	chr14	66226176	66226275	LINE/L2	444	+	50	66226226	78178
chr14	81174155	81374155	harbor1	chr14	81182319	81183220	LINE/L2	1620	+	450	81182769	8614
chr14	100229889	100429889	harbor1	chr14	100255818	100255990	LINE/L2	566	+	86	100255904	26015
chr14	100229889	100429889	harbor1	chr14	100256155	100256451	LINE/L2	566	+	148	100256303	26414
chr14	100229889	100429889	harbor1	chr14	100257222	100257354	LINE/L2	529	+	66	100257288	27399
chr14	100229889	100429889	harbor1	chr14	100320711	100320890	LINE/L2	478	+	90	100320801	90912
chr14	100229889	100429889	harbor1	chr14	100321184	100321237	LINE/L2	478	+	26	100321210	91321
chr14	100234889	100434889	harbor1	chr14	100255818	100255990	LINE/L2	566	+	86	100255904	21015
chr14	100234889	100434889	harbor1	chr14	100256155	100256451	LINE/L2	566	+	148	100256303	21414
chr14	100234889	100434889	harbor1	chr14	100257222	100257354	LINE/L2	529	+	66	100257288	22399
chr14	100234889	100434889	harbor1	chr14	100320711	100320890	LINE/L2	478	+	90	100320801	85912
chr14	100234889	100434889	harbor1	chr14	100321184	100321237	LINE/L2	478	+	26	100321210	86321
chr14	95435221	95635221	harbor1	chr14	95442798	95443014	LINE/L2	525	+	108	95442906	7685
chr14	95435221	95635221	harbor1	chr14	95526159	95526454	LINE/L2	459	+	148	95526307	91086
chr14	88923334	89123334	harbor1	chr14	88943262	88943510	LINE/L2	831	+	124	88943386	20052
chr14	88923334	89123334	harbor1	chr14	88943865	88943936	LINE/L2	831	+	36	88943901	20567
chr14	88923334	89123334	harbor1	chr14	88957307	88957741	LINE/L2	790	+	217	88957524	34190
chr14	88923334	89123334	harbor1	chr14	88975213	88975686	LINE/L2	813	+	236	88975449	52115
chr14	88923334	89123334	harbor1	chr14	88996616	88997339	LINE/L2	568	+	362	88996978	73644
chr14	95435535	95635535	harbor1	chr14	95442798	95443014	LINE/L2	525	+	108	95442906	7371
chr14	95435535	95635535	harbor1	chr14	95526159	95526454	LINE/L2	459	+	148	95526307	90772
chr14	100229897	100429897	harbor1	chr14	100255818	100255990	LINE/L2	566	+	86	100255904	26007
chr14	100229897	100429897	harbor1	chr14	100256155	100256451	LINE/L2	566	+	148	100256303	26406
chr14	100229897	100429897	harbor1	chr14	100257222	100257354	LINE/L2	529	+	66	100257288	27391
chr14	100229897	100429897	harbor1	chr14	100320711	100320890	LINE/L2	478	+	90	100320801	90904
chr14	100229897	100429897	harbor1	chr14	100321184	100321237	LINE/L2	478	+	26	100321210	91313
chr14	100185484	100385484	harbor1	chr14	100255818	100255990	LINE/L2	566	+	86	100255904	70420
chr14	100185484	100385484	harbor1	chr14	100256155	100256451	LINE/L2	566	+	148	100256303	70819
chr14	100185484	100385484	harbor1	chr14	100257222	100257354	LINE/L2	529	+	66	100257288	71804
chr14	103611773	103811773	harbor1	chr14	103626692	103626770	LINE/L2	477	+	39	103626731	14958
chr14	103611773	103811773	harbor1	chr14	103627066	103627362	LINE/L2	477	+	148	103627214	15441
chr14	103611773	103811773	harbor1	chr14	103633771	103633857	LINE/L2	561	+	43	103633814	22041
chr14	103611773	103811773	harbor1	chr14	103634169	103634323	LINE/L2	561	+	77	103634246	22473
chr14	100182129	100382129	harbor1	chr14	100255818	100255990	LINE/L2	566	+	86	100255904	73775
chr14	100182129	100382129	harbor1	chr14	100256155	100256451	LINE/L2	566	+	148	100256303	74174
chr14	100182129	100382129	harbor1	chr14	100257222	100257354	LINE/L2	529	+	66	100257288	75159
chr14	74822554	75022554	harbor1	chr14	74859148	74859437	LINE/L2	668	+	144	74859292	36738
chr14	74822554	75022554	harbor1	chr14	74867258	74867509	LINE/L2	457	+	126	74867384	44830
chr14	23452131	23652131	harbor1	chr14	23496456	23496597	LINE/L2	448	+	70	23496526	44395
chr14	23452131	23652131	harbor1	chr14	23535448	23535600	LINE/L2	507	+	76	23535524	83393
chr14	23452131	23652131	harbor1	chr14	23535892	23536230	LINE/L2	507	+	169	23536061	83930
chr14	24047207	24247207	harbor1	chr14	24070240	24070570	LINE/L2	541	+	165	24070405	23198
chr14	76928821	77128821	harbor1	chr14	76942861	76943613	LINE/L2	865	+	376	76943237	14416
chr14	76928821	77128821	harbor1	chr14	76952033	76952247	LINE/L2	931	+	107	76952140	23319
chr14	76928821	77128821	harbor1	chr14	76952548	76952621	LINE/L2	931	+	36	76952584	23763
chr14	74300576	74500576	harbor1	chr14	74360658	74360855	LINE/L2	795	+	98	74360756	60180
chr14	74300576	74500576	harbor1	chr14	74361434	74361965	LINE/L2	795	+	266	74361700	61124
chr14	74300576	74500576	harbor1	chr14	74368624	74368937	LINE/L2	562	+	156	74368780	68204
chr14	24047697	24247697	harbor1	chr14	24070240	24070570	LINE/L2	541	+	165	24070405	22708
chr14	75327097	75527097	harbor1	chr14	75352644	75352881	LINE/L2	618	+	118	75352762	25665
chr14	76928851	77128851	harbor1	chr14	76942861	76943613	LINE/L2	865	+	376	76943237	14386
chr14	76928851	77128851	harbor1	chr14	76952033	76952247	LINE/L2	931	+	107	76952140	23289
chr14	76928851	77128851	harbor1	chr14	76952548	76952621	LINE/L2	931	+	36	76952584	23733
chr14	76928811	77128811	harbor1	chr14	76942861	76943613	LINE/L2	865	+	376	76943237	14426
chr14	76928811	77128811	harbor1	chr14	76952033	76952247	LINE/L2	931	+	107	76952140	23329
chr14	76928811	77128811	harbor1	chr14	76952548	76952621	LINE/L2	931	+	36	76952584	23773
chr14	100229954	100429954	harbor1	chr14	100255818	100255990	LINE/L2	566	+	86	100255904	25950
chr14	100229954	100429954	harbor1	chr14	100256155	100256451	LINE/L2	566	+	148	100256303	26349
chr14	100229954	100429954	harbor1	chr14	100257222	100257354	LINE/L2	529	+	66	100257288	27334
chr14	100229954	100429954	harbor1	chr14	100320711	100320890	LINE/L2	478	+	90	100320801	90847
chr14	100229954	100429954	harbor1	chr14	100321184	100321237	LINE/L2	478	+	26	100321210	91256
chr14	76928796	77128796	harbor1	chr14	76942861	76943613	LINE/L2	865	+	376	76943237	14441
chr14	76928796	77128796	harbor1	chr14	76952033	76952247	LINE/L2	931	+	107	76952140	23344
chr14	76928796	77128796	harbor1	chr14	76952548	76952621	LINE/L2	931	+	36	76952584	23788
chr14	76928421	77128421	harbor1	chr14	76942861	76943613	LINE/L2	865	+	376	76943237	14816
chr14	76928421	77128421	harbor1	chr14	76952033	76952247	LINE/L2	931	+	107	76952140	23719
chr14	76928421	77128421	harbor1	chr14	76952548	76952621	LINE/L2	931	+	36	76952584	24163
chr14	23054525	23254525	harbor1	chr14	23110972	23111551	LINE/L2	819	+	290	23111262	56737
chr14	23054525	23254525	harbor1	chr14	23111856	23112081	LINE/L2	721	+	112	23111968	57443
chr14	23054525	23254525	harbor1	chr14	23112177	23112529	LINE/L2	610	+	176	23112353	57828
chr14	100185531	100385531	harbor1	chr14	100255818	100255990	LINE/L2	566	+	86	100255904	70373
chr14	100185531	100385531	harbor1	chr14	100256155	100256451	LINE/L2	566	+	148	100256303	70772
chr14	100185531	100385531	harbor1	chr14	100257222	100257354	LINE/L2	529	+	66	100257288	71757
chr14	103421746	103621746	harbor1	chr14	103456122	103456464	LINE/L2	473	+	171	103456293	34547
chr14	103421746	103621746	harbor1	chr14	103456573	103456763	LINE/L2	820	+	95	103456668	34922
chr14	100032741	100232741	harbor1	chr14	100068953	100069138	LINE/L2	721	+	92	100069045	36304
chr14	100032741	100232741	harbor1	chr14	100112327	100112882	LINE/L2	659	+	278	100112605	79864
chr14	76928813	77128813	harbor1	chr14	76942861	76943613	LINE/L2	865	+	376	76943237	14424
chr14	76928813	77128813	harbor1	chr14	76952033	76952247	LINE/L2	931	+	107	76952140	23327
chr14	76928813	77128813	harbor1	chr14	76952548	76952621	LINE/L2	931	+	36	76952584	23771
chr14	76928830	77128830	harbor1	chr14	76942861	76943613	LINE/L2	865	+	376	76943237	14407
chr14	76928830	77128830	harbor1	chr14	76952033	76952247	LINE/L2	931	+	107	76952140	23310
chr14	76928830	77128830	harbor1	chr14	76952548	76952621	LINE/L2	931	+	36	76952584	23754
chr14	20990975	21190975	harbor1	chr14	21040470	21040966	LINE/L2	1183	+	248	21040718	49743
chr14	20990975	21190975	harbor1	chr14	21041295	21041382	LINE/L2	1183	+	44	21041339	50364
chr14	20990975	21190975	harbor1	chr14	21060411	21060788	LINE/L2	576	+	188	21060599	69624
chr14	102040503	102240503	harbor1	chr14	102131281	102131492	LINE/L2	675	+	106	102131387	90884
chr14	102040503	102240503	harbor1	chr14	102131507	102131945	LINE/L2	1329	+	219	102131726	91223
chr14	67141315	67341315	harbor1	chr14	67154058	67154564	LINE/L2	661	+	253	67154311	12996
chr14	67141315	67341315	harbor1	chr14	67159065	67159247	LINE/L2	635	+	91	67159156	17841
chr14	67141315	67341315	harbor1	chr14	67183221	67183339	LINE/L2	429	+	59	67183280	41965
chr14	67141315	67341315	harbor1	chr14	67187294	67188025	LINE/L2	729	+	366	67187660	46345
chr14	67141315	67341315	harbor1	chr14	67197785	67198067	LINE/L2	474	+	141	67197926	56611
chr14	54681742	54881742	harbor1	chr14	54721118	54721274	LINE/L2	640	+	78	54721196	39454
chr14	54681742	54881742	harbor1	chr14	54745448	54745661	LINE/L2	493	+	106	54745554	63812
chr14	54681742	54881742	harbor1	chr14	54759184	54759480	LINE/L2	549	+	148	54759332	77590
chr14	24047761	24247761	harbor1	chr14	24070240	24070570	LINE/L2	541	+	165	24070405	22644
chr14	103423069	103623069	harbor1	chr14	103456122	103456464	LINE/L2	473	+	171	103456293	33224
chr14	103423069	103623069	harbor1	chr14	103456573	103456763	LINE/L2	820	+	95	103456668	33599
chr14	69876011	70076011	harbor1	chr14	69914725	69914865	LINE/L2	4208	+	70	69914795	38784
chr14	69876011	70076011	harbor1	chr14	69915168	69916970	LINE/L2	4208	+	901	69916069	40058
chr14	69876011	70076011	harbor1	chr14	69923469	69923716	LINE/L2	506	+	124	69923593	47582
chr14	69876011	70076011	harbor1	chr14	69924059	69924272	LINE/L2	618	+	106	69924165	48154
chr14	69876011	70076011	harbor1	chr14	69925420	69925695	LINE/L2	660	+	138	69925558	49547
chr14	22776770	22976770	harbor1	chr14	22799136	22799424	LINE/L2	1298	+	144	22799280	22510
chr14	22776770	22976770	harbor1	chr14	22799754	22800279	LINE/L2	1298	+	262	22800016	23246
chr14	22776770	22976770	harbor1	chr14	22802536	22802968	LINE/L2	535	+	216	22802752	25982
chr14	22776770	22976770	harbor1	chr14	22807653	22807879	LINE/L2	508	+	113	22807766	30996
chr14	22776770	22976770	harbor1	chr14	22808181	22808387	LINE/L2	508	+	103	22808284	31514
chr14	22776770	22976770	harbor1	chr14	22821279	22821399	LINE/L2	470	+	60	22821339	44569
chr14	22776770	22976770	harbor1	chr14	22821415	22821541	LINE/L2	434	+	63	22821478	44708
chr14	100229952	100429952	harbor1	chr14	100255818	100255990	LINE/L2	566	+	86	100255904	25952
chr14	100229952	100429952	harbor1	chr14	100256155	100256451	LINE/L2	566	+	148	100256303	26351
chr14	100229952	100429952	harbor1	chr14	100257222	100257354	LINE/L2	529	+	66	100257288	27336
chr14	100229952	100429952	harbor1	chr14	100320711	100320890	LINE/L2	478	+	90	100320801	90849
chr14	100229952	100429952	harbor1	chr14	100321184	100321237	LINE/L2	478	+	26	100321210	91258
chr14	105386427	105586427	harbor1	chr14	105401131	105401231	LINE/L2	469	+	50	105401181	14754
chr14	23981770	24181770	harbor1	chr14	24070240	24070570	LINE/L2	541	+	165	24070405	88635
chr14	103423052	103623052	harbor1	chr14	103456122	103456464	LINE/L2	473	+	171	103456293	33241
chr14	103423052	103623052	harbor1	chr14	103456573	103456763	LINE/L2	820	+	95	103456668	33616
chr14	73659652	73859652	harbor1	chr14	73666734	73667135	LINE/L2	1131	+	200	73666934	7282
chr14	73659652	73859652	harbor1	chr14	73667431	73667505	LINE/L2	513	+	37	73667468	7816
chr14	73659652	73859652	harbor1	chr14	73667798	73667891	LINE/L2	513	+	46	73667844	8192
chr14	73659652	73859652	harbor1	chr14	73668013	73668371	LINE/L2	755	+	179	73668192	8540
chr14	73659652	73859652	harbor1	chr14	73674131	73674364	LINE/L2	513	+	116	73674247	14595
chr14	24047716	24247716	harbor1	chr14	24070240	24070570	LINE/L2	541	+	165	24070405	22689
chr14	90283195	90483195	harbor1	chr14	90322349	90322458	LINE/L2	456	+	54	90322403	39208
chr14	75328380	75528380	harbor1	chr14	75352644	75352881	LINE/L2	618	+	118	75352762	24382
chr14	93926565	94126565	harbor1	chr14	94020212	94020718	LINE/L2	619	+	253	94020465	93900
chr14	103423043	103623043	harbor1	chr14	103456122	103456464	LINE/L2	473	+	171	103456293	33250
chr14	103423043	103623043	harbor1	chr14	103456573	103456763	LINE/L2	820	+	95	103456668	33625
chr14	100182018	100382018	harbor1	chr14	100255818	100255990	LINE/L2	566	+	86	100255904	73886
chr14	100182018	100382018	harbor1	chr14	100256155	100256451	LINE/L2	566	+	148	100256303	74285
chr14	100182018	100382018	harbor1	chr14	100257222	100257354	LINE/L2	529	+	66	100257288	75270
chr14	76925476	77125476	harbor1	chr14	76942861	76943613	LINE/L2	865	+	376	76943237	17761
chr14	76925476	77125476	harbor1	chr14	76952033	76952247	LINE/L2	931	+	107	76952140	26664
chr14	76925476	77125476	harbor1	chr14	76952548	76952621	LINE/L2	931	+	36	76952584	27108
chr14	90283220	90483220	harbor1	chr14	90322349	90322458	LINE/L2	456	+	54	90322403	39183
chr14	101439534	101639534	harbor1	chr14	101536843	101536932	LINE/L2	442	+	44	101536887	97353
chr15	29169912	29369912	harbor1	chr15	29229374	29230341	LINE/L2	987	+	484	29229858	59946
chr15	67421734	67621734	harbor1	chr15	67424105	67424602	LINE/L2	718	+	248	67424353	2619
chr15	67421734	67621734	harbor1	chr15	67432779	67432863	LINE/L2	511	+	42	67432821	11087
chr15	67421734	67621734	harbor1	chr15	67458182	67458602	LINE/L2	1376	+	210	67458392	36658
chr15	67421734	67621734	harbor1	chr15	67508887	67509165	LINE/L2	701	+	139	67509026	87292
chr15	74837985	75037985	harbor1	chr15	74874322	74874519	LINE/L2	504	+	98	74874420	36435
chr15	74837985	75037985	harbor1	chr15	74875197	74875729	LINE/L2	715	+	266	74875463	37478
chr15	74837985	75037985	harbor1	chr15	74889338	74889909	LINE/L2	951	+	286	74889624	51639
chr15	35445552	35645552	harbor1	chr15	35451515	35451728	LINE/L2	760	+	106	35451621	6069
chr15	35445552	35645552	harbor1	chr15	35452035	35452222	LINE/L2	760	+	94	35452129	6577
chr15	35445552	35645552	harbor1	chr15	35461985	35462861	LINE/L2	1707	+	438	35462423	16871
chr15	35445552	35645552	harbor1	chr15	35528944	35529139	LINE/L2	602	+	98	35529042	83490
chr15	35445552	35645552	harbor1	chr15	35529501	35529745	LINE/L2	602	+	122	35529623	84071
chr15	35445552	35645552	harbor1	chr15	35537646	35537975	LINE/L2	873	+	164	35537810	92258
chr15	35446223	35646223	harbor1	chr15	35451515	35451728	LINE/L2	760	+	106	35451621	5398
chr15	35446223	35646223	harbor1	chr15	35452035	35452222	LINE/L2	760	+	94	35452129	5906
chr15	35446223	35646223	harbor1	chr15	35461985	35462861	LINE/L2	1707	+	438	35462423	16200
chr15	35446223	35646223	harbor1	chr15	35528944	35529139	LINE/L2	602	+	98	35529042	82819
chr15	35446223	35646223	harbor1	chr15	35529501	35529745	LINE/L2	602	+	122	35529623	83400
chr15	35446223	35646223	harbor1	chr15	35537646	35537975	LINE/L2	873	+	164	35537810	91587
chr15	67104316	67304316	harbor1	chr15	67105925	67106287	LINE/L2	614	+	181	67106106	1790
chr15	67104316	67304316	harbor1	chr15	67106338	67106655	LINE/L2	451	+	158	67106496	2180
chr15	67104316	67304316	harbor1	chr15	67126523	67126736	LINE/L2	464	+	106	67126629	22313
chr15	67104316	67304316	harbor1	chr15	67162436	67162946	LINE/L2	763	+	255	67162691	58375
chr15	67104316	67304316	harbor1	chr15	67163240	67163403	LINE/L2	763	+	82	67163322	59006
chr15	67104316	67304316	harbor1	chr15	67196879	67197296	LINE/L2	450	+	208	67197087	92771
chr15	35446236	35646236	harbor1	chr15	35451515	35451728	LINE/L2	760	+	106	35451621	5385
chr15	35446236	35646236	harbor1	chr15	35452035	35452222	LINE/L2	760	+	94	35452129	5893
chr15	35446236	35646236	harbor1	chr15	35461985	35462861	LINE/L2	1707	+	438	35462423	16187
chr15	35446236	35646236	harbor1	chr15	35528944	35529139	LINE/L2	602	+	98	35529042	82806
chr15	35446236	35646236	harbor1	chr15	35529501	35529745	LINE/L2	602	+	122	35529623	83387
chr15	35446236	35646236	harbor1	chr15	35537646	35537975	LINE/L2	873	+	164	35537810	91574
chr15	101843670	102043670	harbor1	chr15	101847182	101847910	LINE/L2	1597	+	364	101847546	3876
chr15	101843670	102043670	harbor1	chr15	101865006	101865592	LINE/L2	492	+	293	101865299	21629
chr15	101843670	102043670	harbor1	chr15	101903941	101904290	LINE/L2	609	+	174	101904115	60445
chr15	101843670	102043670	harbor1	chr15	101931771	101931923	LINE/L2	441	+	76	101931847	88177
chr15	35446435	35646435	harbor1	chr15	35451515	35451728	LINE/L2	760	+	106	35451621	5186
chr15	35446435	35646435	harbor1	chr15	35452035	35452222	LINE/L2	760	+	94	35452129	5694
chr15	35446435	35646435	harbor1	chr15	35461985	35462861	LINE/L2	1707	+	438	35462423	15988
chr15	35446435	35646435	harbor1	chr15	35528944	35529139	LINE/L2	602	+	98	35529042	82607
chr15	35446435	35646435	harbor1	chr15	35529501	35529745	LINE/L2	602	+	122	35529623	83188
chr15	35446435	35646435	harbor1	chr15	35537646	35537975	LINE/L2	873	+	164	35537810	91375
chr15	45029576	45229576	harbor1	chr15	45098193	45098434	LINE/L2	590	+	120	45098313	68737
chr15	45029576	45229576	harbor1	chr15	45125228	45125556	LINE/L2	430	+	164	45125392	95816
chr15	45029576	45229576	harbor1	chr15	45126209	45126712	LINE/L2	988	+	252	45126461	96885
chr15	35446210	35646210	harbor1	chr15	35451515	35451728	LINE/L2	760	+	106	35451621	5411
chr15	35446210	35646210	harbor1	chr15	35452035	35452222	LINE/L2	760	+	94	35452129	5919
chr15	35446210	35646210	harbor1	chr15	35461985	35462861	LINE/L2	1707	+	438	35462423	16213
chr15	35446210	35646210	harbor1	chr15	35528944	35529139	LINE/L2	602	+	98	35529042	82832
chr15	35446210	35646210	harbor1	chr15	35529501	35529745	LINE/L2	602	+	122	35529623	83413
chr15	35446210	35646210	harbor1	chr15	35537646	35537975	LINE/L2	873	+	164	35537810	91600
chr15	67421817	67621817	harbor1	chr15	67424105	67424602	LINE/L2	718	+	248	67424353	2536
chr15	67421817	67621817	harbor1	chr15	67432779	67432863	LINE/L2	511	+	42	67432821	11004
chr15	67421817	67621817	harbor1	chr15	67458182	67458602	LINE/L2	1376	+	210	67458392	36575
chr15	67421817	67621817	harbor1	chr15	67508887	67509165	LINE/L2	701	+	139	67509026	87209
chr15	35446226	35646226	harbor1	chr15	35451515	35451728	LINE/L2	760	+	106	35451621	5395
chr15	35446226	35646226	harbor1	chr15	35452035	35452222	LINE/L2	760	+	94	35452129	5903
chr15	35446226	35646226	harbor1	chr15	35461985	35462861	LINE/L2	1707	+	438	35462423	16197
chr15	35446226	35646226	harbor1	chr15	35528944	35529139	LINE/L2	602	+	98	35529042	82816
chr15	35446226	35646226	harbor1	chr15	35529501	35529745	LINE/L2	602	+	122	35529623	83397
chr15	35446226	35646226	harbor1	chr15	35537646	35537975	LINE/L2	873	+	164	35537810	91584
chr15	35446238	35646238	harbor1	chr15	35451515	35451728	LINE/L2	760	+	106	35451621	5383
chr15	35446238	35646238	harbor1	chr15	35452035	35452222	LINE/L2	760	+	94	35452129	5891
chr15	35446238	35646238	harbor1	chr15	35461985	35462861	LINE/L2	1707	+	438	35462423	16185
chr15	35446238	35646238	harbor1	chr15	35528944	35529139	LINE/L2	602	+	98	35529042	82804
chr15	35446238	35646238	harbor1	chr15	35529501	35529745	LINE/L2	602	+	122	35529623	83385
chr15	35446238	35646238	harbor1	chr15	35537646	35537975	LINE/L2	873	+	164	35537810	91572
chr15	101728928	101928928	harbor1	chr15	101731799	101732179	LINE/L2	438	+	190	101731989	3061
chr15	31770716	31970716	harbor1	chr15	31771280	31771614	LINE/L2	747	+	167	31771447	731
chr15	31770716	31970716	harbor1	chr15	31791693	31792557	LINE/L2	711	+	432	31792125	21409
chr15	67421798	67621798	harbor1	chr15	67424105	67424602	LINE/L2	718	+	248	67424353	2555
chr15	67421798	67621798	harbor1	chr15	67432779	67432863	LINE/L2	511	+	42	67432821	11023
chr15	67421798	67621798	harbor1	chr15	67458182	67458602	LINE/L2	1376	+	210	67458392	36594
chr15	67421798	67621798	harbor1	chr15	67508887	67509165	LINE/L2	701	+	139	67509026	87228
chr15	35446211	35646211	harbor1	chr15	35451515	35451728	LINE/L2	760	+	106	35451621	5410
chr15	35446211	35646211	harbor1	chr15	35452035	35452222	LINE/L2	760	+	94	35452129	5918
chr15	35446211	35646211	harbor1	chr15	35461985	35462861	LINE/L2	1707	+	438	35462423	16212
chr15	35446211	35646211	harbor1	chr15	35528944	35529139	LINE/L2	602	+	98	35529042	82831
chr15	35446211	35646211	harbor1	chr15	35529501	35529745	LINE/L2	602	+	122	35529623	83412
chr15	35446211	35646211	harbor1	chr15	35537646	35537975	LINE/L2	873	+	164	35537810	91599
chr15	32599301	32799301	harbor1	chr15	32634198	32634283	LINE/L2	2056	+	42	32634240	34939
chr15	32599301	32799301	harbor1	chr15	32634517	32635544	LINE/L2	2056	+	514	32635031	35730
chr15	32599301	32799301	harbor1	chr15	32644005	32644148	LINE/L2	718	+	72	32644077	44776
chr15	32599301	32799301	harbor1	chr15	32647491	32648618	LINE/L2	1045	+	564	32648055	48754
chr15	32599301	32799301	harbor1	chr15	32648693	32648771	LINE/L2	599	+	39	32648732	49431
chr15	32599301	32799301	harbor1	chr15	32649056	32649230	LINE/L2	599	+	87	32649143	49842
chr15	67421805	67621805	harbor1	chr15	67424105	67424602	LINE/L2	718	+	248	67424353	2548
chr15	67421805	67621805	harbor1	chr15	67432779	67432863	LINE/L2	511	+	42	67432821	11016
chr15	67421805	67621805	harbor1	chr15	67458182	67458602	LINE/L2	1376	+	210	67458392	36587
chr15	67421805	67621805	harbor1	chr15	67508887	67509165	LINE/L2	701	+	139	67509026	87221
chr15	66786957	66986957	harbor1	chr15	66841913	66842248	LINE/L2	588	+	168	66842081	55124
chr15	35446209	35646209	harbor1	chr15	35451515	35451728	LINE/L2	760	+	106	35451621	5412
chr15	35446209	35646209	harbor1	chr15	35452035	35452222	LINE/L2	760	+	94	35452129	5920
chr15	35446209	35646209	harbor1	chr15	35461985	35462861	LINE/L2	1707	+	438	35462423	16214
chr15	35446209	35646209	harbor1	chr15	35528944	35529139	LINE/L2	602	+	98	35529042	82833
chr15	35446209	35646209	harbor1	chr15	35529501	35529745	LINE/L2	602	+	122	35529623	83414
chr15	35446209	35646209	harbor1	chr15	35537646	35537975	LINE/L2	873	+	164	35537810	91601
chr15	35446262	35646262	harbor1	chr15	35451515	35451728	LINE/L2	760	+	106	35451621	5359
chr15	35446262	35646262	harbor1	chr15	35452035	35452222	LINE/L2	760	+	94	35452129	5867
chr15	35446262	35646262	harbor1	chr15	35461985	35462861	LINE/L2	1707	+	438	35462423	16161
chr15	35446262	35646262	harbor1	chr15	35528944	35529139	LINE/L2	602	+	98	35529042	82780
chr15	35446262	35646262	harbor1	chr15	35529501	35529745	LINE/L2	602	+	122	35529623	83361
chr15	35446262	35646262	harbor1	chr15	35537646	35537975	LINE/L2	873	+	164	35537810	91548
chr15	25339171	25539171	harbor1	chr15	25423786	25424614	LINE/L2	1593	+	414	25424200	85029
chr15	67421688	67621688	harbor1	chr15	67424105	67424602	LINE/L2	718	+	248	67424353	2665
chr15	67421688	67621688	harbor1	chr15	67432779	67432863	LINE/L2	511	+	42	67432821	11133
chr15	67421688	67621688	harbor1	chr15	67458182	67458602	LINE/L2	1376	+	210	67458392	36704
chr15	67421688	67621688	harbor1	chr15	67508887	67509165	LINE/L2	701	+	139	67509026	87338
chr15	35446272	35646272	harbor1	chr15	35451515	35451728	LINE/L2	760	+	106	35451621	5349
chr15	35446272	35646272	harbor1	chr15	35452035	35452222	LINE/L2	760	+	94	35452129	5857
chr15	35446272	35646272	harbor1	chr15	35461985	35462861	LINE/L2	1707	+	438	35462423	16151
chr15	35446272	35646272	harbor1	chr15	35528944	35529139	LINE/L2	602	+	98	35529042	82770
chr15	35446272	35646272	harbor1	chr15	35529501	35529745	LINE/L2	602	+	122	35529623	83351
chr15	35446272	35646272	harbor1	chr15	35537646	35537975	LINE/L2	873	+	164	35537810	91538
chr15	67421773	67621773	harbor1	chr15	67424105	67424602	LINE/L2	718	+	248	67424353	2580
chr15	67421773	67621773	harbor1	chr15	67432779	67432863	LINE/L2	511	+	42	67432821	11048
chr15	67421773	67621773	harbor1	chr15	67458182	67458602	LINE/L2	1376	+	210	67458392	36619
chr15	67421773	67621773	harbor1	chr15	67508887	67509165	LINE/L2	701	+	139	67509026	87253
chr15	101861558	102061558	harbor1	chr15	101865006	101865592	LINE/L2	492	+	293	101865299	3741
chr15	101861558	102061558	harbor1	chr15	101903941	101904290	LINE/L2	609	+	174	101904115	42557
chr15	101861558	102061558	harbor1	chr15	101931771	101931923	LINE/L2	441	+	76	101931847	70289
chr15	34109577	34309577	harbor1	chr15	34142445	34142590	LINE/L2	421	+	72	34142517	32940
chr15	35446227	35646227	harbor1	chr15	35451515	35451728	LINE/L2	760	+	106	35451621	5394
chr15	35446227	35646227	harbor1	chr15	35452035	35452222	LINE/L2	760	+	94	35452129	5902
chr15	35446227	35646227	harbor1	chr15	35461985	35462861	LINE/L2	1707	+	438	35462423	16196
chr15	35446227	35646227	harbor1	chr15	35528944	35529139	LINE/L2	602	+	98	35529042	82815
chr15	35446227	35646227	harbor1	chr15	35529501	35529745	LINE/L2	602	+	122	35529623	83396
chr15	35446227	35646227	harbor1	chr15	35537646	35537975	LINE/L2	873	+	164	35537810	91583
chr15	29944821	30144821	harbor1	chr15	29976396	29976784	LINE/L2	647	+	194	29976590	31769
chr15	29944821	30144821	harbor1	chr15	29977084	29977228	LINE/L2	647	+	72	29977156	32335
chr15	101552272	101752272	harbor1	chr15	101604180	101604864	LINE/L2	993	+	342	101604522	52250
chr15	101861545	102061545	harbor1	chr15	101865006	101865592	LINE/L2	492	+	293	101865299	3754
chr15	101861545	102061545	harbor1	chr15	101903941	101904290	LINE/L2	609	+	174	101904115	42570
chr15	101861545	102061545	harbor1	chr15	101931771	101931923	LINE/L2	441	+	76	101931847	70302
chr15	101861594	102061594	harbor1	chr15	101865006	101865592	LINE/L2	492	+	293	101865299	3705
chr15	101861594	102061594	harbor1	chr15	101903941	101904290	LINE/L2	609	+	174	101904115	42521
chr15	101861594	102061594	harbor1	chr15	101931771	101931923	LINE/L2	441	+	76	101931847	70253
chr15	41799530	41999530	harbor1	chr15	41880611	41881026	LINE/L2	483	+	208	41880819	81289
chr15	41799530	41999530	harbor1	chr15	41883741	41883791	LINE/L2	1806	+	25	41883766	84236
chr15	41799530	41999530	harbor1	chr15	41884420	41885022	LINE/L2	1806	+	301	41884721	85191
chr15	41799530	41999530	harbor1	chr15	41885324	41885513	LINE/L2	1332	+	94	41885418	85888
chr15	74734286	74934286	harbor1	chr15	74734458	74734711	LINE/L2	769	+	126	74734584	298
chr15	74734286	74934286	harbor1	chr15	74777921	74778238	LINE/L2	702	+	158	74778079	43793
chr15	74734286	74934286	harbor1	chr15	74778541	74778821	LINE/L2	702	+	140	74778681	44395
chr15	67421706	67621706	harbor1	chr15	67424105	67424602	LINE/L2	718	+	248	67424353	2647
chr15	67421706	67621706	harbor1	chr15	67432779	67432863	LINE/L2	511	+	42	67432821	11115
chr15	67421706	67621706	harbor1	chr15	67458182	67458602	LINE/L2	1376	+	210	67458392	36686
chr15	67421706	67621706	harbor1	chr15	67508887	67509165	LINE/L2	701	+	139	67509026	87320
chr15	74946674	75146674	harbor1	chr15	75027764	75028217	LINE/L2	411	+	226	75027990	81316
chr15	74946674	75146674	harbor1	chr15	74972819	74973285	LINE/L2	1471	+	233	74973052	26378
chr15	25338738	25538738	harbor1	chr15	25423786	25424614	LINE/L2	1593	+	414	25424200	85462
chr15	35446206	35646206	harbor1	chr15	35451515	35451728	LINE/L2	760	+	106	35451621	5415
chr15	35446206	35646206	harbor1	chr15	35452035	35452222	LINE/L2	760	+	94	35452129	5923
chr15	35446206	35646206	harbor1	chr15	35461985	35462861	LINE/L2	1707	+	438	35462423	16217
chr15	35446206	35646206	harbor1	chr15	35528944	35529139	LINE/L2	602	+	98	35529042	82836
chr15	35446206	35646206	harbor1	chr15	35529501	35529745	LINE/L2	602	+	122	35529623	83417
chr15	35446206	35646206	harbor1	chr15	35537646	35537975	LINE/L2	873	+	164	35537810	91604
chr15	35446358	35646358	harbor1	chr15	35451515	35451728	LINE/L2	760	+	106	35451621	5263
chr15	35446358	35646358	harbor1	chr15	35452035	35452222	LINE/L2	760	+	94	35452129	5771
chr15	35446358	35646358	harbor1	chr15	35461985	35462861	LINE/L2	1707	+	438	35462423	16065
chr15	35446358	35646358	harbor1	chr15	35528944	35529139	LINE/L2	602	+	98	35529042	82684
chr15	35446358	35646358	harbor1	chr15	35529501	35529745	LINE/L2	602	+	122	35529623	83265
chr15	35446358	35646358	harbor1	chr15	35537646	35537975	LINE/L2	873	+	164	35537810	91452
chr15	35446299	35646299	harbor1	chr15	35451515	35451728	LINE/L2	760	+	106	35451621	5322
chr15	35446299	35646299	harbor1	chr15	35452035	35452222	LINE/L2	760	+	94	35452129	5830
chr15	35446299	35646299	harbor1	chr15	35461985	35462861	LINE/L2	1707	+	438	35462423	16124
chr15	35446299	35646299	harbor1	chr15	35528944	35529139	LINE/L2	602	+	98	35529042	82743
chr15	35446299	35646299	harbor1	chr15	35529501	35529745	LINE/L2	602	+	122	35529623	83324
chr15	35446299	35646299	harbor1	chr15	35537646	35537975	LINE/L2	873	+	164	35537810	91511
chr15	38153030	38353030	harbor1	chr15	38169664	38170026	LINE/L2	542	+	181	38169845	16815
chr15	38153030	38353030	harbor1	chr15	38189749	38190754	LINE/L2	3187	+	502	38190251	37221
chr15	38153030	38353030	harbor1	chr15	38191821	38191993	LINE/L2	740	+	86	38191907	38877
chr15	38153030	38353030	harbor1	chr15	38192038	38192388	LINE/L2	741	+	175	38192213	39183
chr15	35443658	35643658	harbor1	chr15	35451515	35451728	LINE/L2	760	+	106	35451621	7963
chr15	35443658	35643658	harbor1	chr15	35452035	35452222	LINE/L2	760	+	94	35452129	8471
chr15	35443658	35643658	harbor1	chr15	35461985	35462861	LINE/L2	1707	+	438	35462423	18765
chr15	35443658	35643658	harbor1	chr15	35528944	35529139	LINE/L2	602	+	98	35529042	85384
chr15	35443658	35643658	harbor1	chr15	35529501	35529745	LINE/L2	602	+	122	35529623	85965
chr15	35443658	35643658	harbor1	chr15	35537646	35537975	LINE/L2	873	+	164	35537810	94152
chr15	35446230	35646230	harbor1	chr15	35451515	35451728	LINE/L2	760	+	106	35451621	5391
chr15	35446230	35646230	harbor1	chr15	35452035	35452222	LINE/L2	760	+	94	35452129	5899
chr15	35446230	35646230	harbor1	chr15	35461985	35462861	LINE/L2	1707	+	438	35462423	16193
chr15	35446230	35646230	harbor1	chr15	35528944	35529139	LINE/L2	602	+	98	35529042	82812
chr15	35446230	35646230	harbor1	chr15	35529501	35529745	LINE/L2	602	+	122	35529623	83393
chr15	35446230	35646230	harbor1	chr15	35537646	35537975	LINE/L2	873	+	164	35537810	91580
chr15	101854275	102054275	harbor1	chr15	101865006	101865592	LINE/L2	492	+	293	101865299	11024
chr15	101854275	102054275	harbor1	chr15	101903941	101904290	LINE/L2	609	+	174	101904115	49840
chr15	101854275	102054275	harbor1	chr15	101931771	101931923	LINE/L2	441	+	76	101931847	77572
chr15	67421776	67621776	harbor1	chr15	67424105	67424602	LINE/L2	718	+	248	67424353	2577
chr15	67421776	67621776	harbor1	chr15	67432779	67432863	LINE/L2	511	+	42	67432821	11045
chr15	67421776	67621776	harbor1	chr15	67458182	67458602	LINE/L2	1376	+	210	67458392	36616
chr15	67421776	67621776	harbor1	chr15	67508887	67509165	LINE/L2	701	+	139	67509026	87250
chr15	29332978	29532978	harbor1	chr15	29430196	29430493	LINE/L2	431	+	148	29430344	97366
chr15	69999084	70199084	harbor1	chr15	69999149	69999667	LINE/L2	1081	+	259	69999408	324
chr15	69999084	70199084	harbor1	chr15	70000023	70000277	LINE/L2	802	+	127	70000150	1066
chr15	69999084	70199084	harbor1	chr15	70035028	70035363	LINE/L2	511	+	168	70035196	36112
chr15	69999084	70199084	harbor1	chr15	70044517	70044856	LINE/L2	564	+	170	70044687	45603
chr15	74742325	74942325	harbor1	chr15	74777921	74778238	LINE/L2	702	+	158	74778079	35754
chr15	74742325	74942325	harbor1	chr15	74778541	74778821	LINE/L2	702	+	140	74778681	36356
chr15	74742196	74942196	harbor1	chr15	74777921	74778238	LINE/L2	702	+	158	74778079	35883
chr15	74742196	74942196	harbor1	chr15	74778541	74778821	LINE/L2	702	+	140	74778681	36485
chr15	67009819	67209819	harbor1	chr15	67031811	67032099	LINE/L2	1995	+	144	67031955	22136
chr15	67009819	67209819	harbor1	chr15	67032412	67033120	LINE/L2	1995	+	354	67032766	22947
chr15	67009819	67209819	harbor1	chr15	67105925	67106287	LINE/L2	614	+	181	67106106	96287
chr15	67009819	67209819	harbor1	chr15	67106338	67106655	LINE/L2	451	+	158	67106496	96677
chr15	45029523	45229523	harbor1	chr15	45098193	45098434	LINE/L2	590	+	120	45098313	68790
chr15	45029523	45229523	harbor1	chr15	45125228	45125556	LINE/L2	430	+	164	45125392	95869
chr15	45029523	45229523	harbor1	chr15	45126209	45126712	LINE/L2	988	+	252	45126461	96938
chr15	101861669	102061669	harbor1	chr15	101865006	101865592	LINE/L2	492	+	293	101865299	3630
chr15	101861669	102061669	harbor1	chr15	101903941	101904290	LINE/L2	609	+	174	101904115	42446
chr15	101861669	102061669	harbor1	chr15	101931771	101931923	LINE/L2	441	+	76	101931847	70178
chr15	25337980	25537980	harbor1	chr15	25423786	25424614	LINE/L2	1593	+	414	25424200	86220
chr15	31770811	31970811	harbor1	chr15	31771280	31771614	LINE/L2	747	+	167	31771447	636
chr15	31770811	31970811	harbor1	chr15	31791693	31792557	LINE/L2	711	+	432	31792125	21314
chr15	29332340	29532340	harbor1	chr15	29430196	29430493	LINE/L2	431	+	148	29430344	98004
chr15	41406104	41606104	harbor1	chr15	41415422	41415766	LINE/L2	489	+	172	41415594	9490
chr15	41406104	41606104	harbor1	chr15	41425596	41425710	LINE/L2	424	+	57	41425653	19549
chr15	41406104	41606104	harbor1	chr15	41429466	41429964	LINE/L2	455	+	249	41429715	23611
chr15	41406104	41606104	harbor1	chr15	41458208	41458324	LINE/L2	528	+	58	41458266	52162
chr15	35446252	35646252	harbor1	chr15	35451515	35451728	LINE/L2	760	+	106	35451621	5369
chr15	35446252	35646252	harbor1	chr15	35452035	35452222	LINE/L2	760	+	94	35452129	5877
chr15	35446252	35646252	harbor1	chr15	35461985	35462861	LINE/L2	1707	+	438	35462423	16171
chr15	35446252	35646252	harbor1	chr15	35528944	35529139	LINE/L2	602	+	98	35529042	82790
chr15	35446252	35646252	harbor1	chr15	35529501	35529745	LINE/L2	602	+	122	35529623	83371
chr15	35446252	35646252	harbor1	chr15	35537646	35537975	LINE/L2	873	+	164	35537810	91558
chr15	63405330	63605330	harbor1	chr15	63433329	63433569	LINE/L2	585	+	120	63433449	28119
chr15	63405330	63605330	harbor1	chr15	63434429	63434645	LINE/L2	518	+	108	63434537	29207
chr15	63405330	63605330	harbor1	chr15	63435330	63435556	LINE/L2	518	+	113	63435443	30113
chr15	63405330	63605330	harbor1	chr15	63497649	63498105	LINE/L2	785	+	228	63497877	92547
chr15	20676003	20876003	harbor1	chr15	20757156	20757300	LINE/L2	468	+	72	20757228	81225
chr15	35446212	35646212	harbor1	chr15	35451515	35451728	LINE/L2	760	+	106	35451621	5409
chr15	35446212	35646212	harbor1	chr15	35452035	35452222	LINE/L2	760	+	94	35452129	5917
chr15	35446212	35646212	harbor1	chr15	35461985	35462861	LINE/L2	1707	+	438	35462423	16211
chr15	35446212	35646212	harbor1	chr15	35528944	35529139	LINE/L2	602	+	98	35529042	82830
chr15	35446212	35646212	harbor1	chr15	35529501	35529745	LINE/L2	602	+	122	35529623	83411
chr15	35446212	35646212	harbor1	chr15	35537646	35537975	LINE/L2	873	+	164	35537810	91598
chr15	29332920	29532920	harbor1	chr15	29430196	29430493	LINE/L2	431	+	148	29430344	97424
chr15	60551362	60751362	harbor1	chr15	60552437	60552566	LINE/L2	417	+	64	60552501	1139
chr15	60551362	60751362	harbor1	chr15	60573723	60573972	LINE/L2	663	+	124	60573847	22485
chr15	60551362	60751362	harbor1	chr15	60627674	60627970	LINE/L2	468	+	148	60627822	76460
chr15	60551362	60751362	harbor1	chr15	60640270	60640946	LINE/L2	1081	+	338	60640608	89246
chr15	60551362	60751362	harbor1	chr15	60641250	60641334	LINE/L2	720	+	42	60641292	89930
chr15	67421829	67621829	harbor1	chr15	67424105	67424602	LINE/L2	718	+	248	67424353	2524
chr15	67421829	67621829	harbor1	chr15	67432779	67432863	LINE/L2	511	+	42	67432821	10992
chr15	67421829	67621829	harbor1	chr15	67458182	67458602	LINE/L2	1376	+	210	67458392	36563
chr15	67421829	67621829	harbor1	chr15	67508887	67509165	LINE/L2	701	+	139	67509026	87197
chr15	34237807	34437807	harbor1	chr15	34244211	34245012	LINE/L2	838	+	400	34244611	6804
chr15	34237807	34437807	harbor1	chr15	34258380	34258730	LINE/L2	840	+	175	34258555	20748
chr15	68960308	69160308	harbor1	chr15	69012789	69013027	LINE/L2	440	+	119	69012908	52600
chr15	69999137	70199137	harbor1	chr15	69999149	69999667	LINE/L2	1081	+	259	69999408	271
chr15	69999137	70199137	harbor1	chr15	70000023	70000277	LINE/L2	802	+	127	70000150	1013
chr15	69999137	70199137	harbor1	chr15	70035028	70035363	LINE/L2	511	+	168	70035196	36059
chr15	69999137	70199137	harbor1	chr15	70044517	70044856	LINE/L2	564	+	170	70044687	45550
chr15	35446249	35646249	harbor1	chr15	35451515	35451728	LINE/L2	760	+	106	35451621	5372
chr15	35446249	35646249	harbor1	chr15	35452035	35452222	LINE/L2	760	+	94	35452129	5880
chr15	35446249	35646249	harbor1	chr15	35461985	35462861	LINE/L2	1707	+	438	35462423	16174
chr15	35446249	35646249	harbor1	chr15	35528944	35529139	LINE/L2	602	+	98	35529042	82793
chr15	35446249	35646249	harbor1	chr15	35529501	35529745	LINE/L2	602	+	122	35529623	83374
chr15	35446249	35646249	harbor1	chr15	35537646	35537975	LINE/L2	873	+	164	35537810	91561
chr15	35446296	35646296	harbor1	chr15	35451515	35451728	LINE/L2	760	+	106	35451621	5325
chr15	35446296	35646296	harbor1	chr15	35452035	35452222	LINE/L2	760	+	94	35452129	5833
chr15	35446296	35646296	harbor1	chr15	35461985	35462861	LINE/L2	1707	+	438	35462423	16127
chr15	35446296	35646296	harbor1	chr15	35528944	35529139	LINE/L2	602	+	98	35529042	82746
chr15	35446296	35646296	harbor1	chr15	35529501	35529745	LINE/L2	602	+	122	35529623	83327
chr15	35446296	35646296	harbor1	chr15	35537646	35537975	LINE/L2	873	+	164	35537810	91514
chr15	45073178	45273178	harbor1	chr15	45098193	45098434	LINE/L2	590	+	120	45098313	25135
chr15	45073178	45273178	harbor1	chr15	45125228	45125556	LINE/L2	430	+	164	45125392	52214
chr15	45073178	45273178	harbor1	chr15	45126209	45126712	LINE/L2	988	+	252	45126461	53283
chr15	45073178	45273178	harbor1	chr15	45131642	45131769	LINE/L2	446	+	64	45131706	58528
chr15	74702668	74902668	harbor1	chr15	74734458	74734711	LINE/L2	769	+	126	74734584	31916
chr15	74702668	74902668	harbor1	chr15	74777921	74778238	LINE/L2	702	+	158	74778079	75411
chr15	74702668	74902668	harbor1	chr15	74778541	74778821	LINE/L2	702	+	140	74778681	76013
chr15	29169385	29369385	harbor1	chr15	29229374	29230341	LINE/L2	987	+	484	29229858	60473
chr15	71630113	71830113	harbor1	chr15	71714275	71714369	LINE/L2	529	+	47	71714322	84209
chr15	32618868	32818868	harbor1	chr15	32634198	32634283	LINE/L2	2056	+	42	32634240	15372
chr15	32618868	32818868	harbor1	chr15	32634517	32635544	LINE/L2	2056	+	514	32635031	16163
chr15	32618868	32818868	harbor1	chr15	32644005	32644148	LINE/L2	718	+	72	32644077	25209
chr15	32618868	32818868	harbor1	chr15	32647491	32648618	LINE/L2	1045	+	564	32648055	29187
chr15	32618868	32818868	harbor1	chr15	32648693	32648771	LINE/L2	599	+	39	32648732	29864
chr15	32618868	32818868	harbor1	chr15	32649056	32649230	LINE/L2	599	+	87	32649143	30275
chr15	73799625	73999625	harbor1	chr15	73815722	73815977	LINE/L2	461	+	128	73815850	16225
chr15	73799625	73999625	harbor1	chr15	73857416	73857863	LINE/L2	466	+	224	73857640	58015
chr15	20675994	20875994	harbor1	chr15	20757156	20757300	LINE/L2	468	+	72	20757228	81234
chr15	35446199	35646199	harbor1	chr15	35451515	35451728	LINE/L2	760	+	106	35451621	5422
chr15	35446199	35646199	harbor1	chr15	35452035	35452222	LINE/L2	760	+	94	35452129	5930
chr15	35446199	35646199	harbor1	chr15	35461985	35462861	LINE/L2	1707	+	438	35462423	16224
chr15	35446199	35646199	harbor1	chr15	35528944	35529139	LINE/L2	602	+	98	35529042	82843
chr15	35446199	35646199	harbor1	chr15	35529501	35529745	LINE/L2	602	+	122	35529623	83424
chr15	35446199	35646199	harbor1	chr15	35537646	35537975	LINE/L2	873	+	164	35537810	91611
chr15	101623861	101823861	harbor1	chr15	101684442	101684774	LINE/L2	646	+	166	101684608	60747
chr15	101623861	101823861	harbor1	chr15	101709348	101709789	LINE/L2	576	+	220	101709568	85707
chr15	35446288	35646288	harbor1	chr15	35451515	35451728	LINE/L2	760	+	106	35451621	5333
chr15	35446288	35646288	harbor1	chr15	35452035	35452222	LINE/L2	760	+	94	35452129	5841
chr15	35446288	35646288	harbor1	chr15	35461985	35462861	LINE/L2	1707	+	438	35462423	16135
chr15	35446288	35646288	harbor1	chr15	35528944	35529139	LINE/L2	602	+	98	35529042	82754
chr15	35446288	35646288	harbor1	chr15	35529501	35529745	LINE/L2	602	+	122	35529623	83335
chr15	35446288	35646288	harbor1	chr15	35537646	35537975	LINE/L2	873	+	164	35537810	91522
chr15	73768197	73968197	harbor1	chr15	73787566	73787868	LINE/L2	786	+	151	73787717	19520
chr15	73768197	73968197	harbor1	chr15	73815722	73815977	LINE/L2	461	+	128	73815850	47653
chr15	73768197	73968197	harbor1	chr15	73857416	73857863	LINE/L2	466	+	224	73857640	89443
chr15	73768197	73968197	harbor1	chr15	73793241	73793733	LINE/L2	1325	+	246	73793487	25290
chr15	73895408	74095408	harbor1	chr15	73969733	73970076	LINE/L2	702	+	172	73969905	74497
chr15	73895408	74095408	harbor1	chr15	73970225	73970399	LINE/L2	702	+	87	73970312	74904
chr15	77542617	77742617	harbor1	chr15	77579811	77580203	LINE/L2	953	+	196	77580007	37390
chr16	2329317	2529317	harbor1	chr16	2362174	2362823	LINE/L2	591	+	324	2362498	33181
chr16	67009864	67209864	harbor1	chr16	67059658	67059920	LINE/L2	647	+	131	67059789	49925
chr16	4016559	4216559	harbor1	chr16	4053973	4054213	LINE/L2	594	+	120	4054093	37534
chr16	67009917	67209917	harbor1	chr16	67059658	67059920	LINE/L2	647	+	131	67059789	49872
chr16	66812746	67012746	harbor1	chr16	66814684	66815203	LINE/L2	813	+	260	66814944	2198
chr16	53030875	53230875	harbor1	chr16	53082721	53083083	LINE/L2	578	+	181	53082902	52027
chr16	4016535	4216535	harbor1	chr16	4053973	4054213	LINE/L2	594	+	120	4054093	37558
chr16	71269665	71469665	harbor1	chr16	71288092	71288544	LINE/L2	1461	+	226	71288318	18653
chr16	71269665	71469665	harbor1	chr16	71296526	71296812	LINE/L2	614	+	143	71296669	27004
chr16	71269665	71469665	harbor1	chr16	71313410	71314078	LINE/L2	582	+	334	71313744	44079
chr16	71269665	71469665	harbor1	chr16	71321626	71322312	LINE/L2	1656	+	343	71321969	52304
chr16	71269665	71469665	harbor1	chr16	71349938	71350028	LINE/L2	905	+	45	71349983	80318
chr16	71269665	71469665	harbor1	chr16	71350710	71351108	LINE/L2	905	+	199	71350909	81244
chr16	57702806	57902806	harbor1	chr16	57762741	57763248	LINE/L2	574	+	254	57762995	60189
chr16	67098316	67298316	harbor1	chr16	67182683	67183020	LINE/L2	741	+	168	67182851	84535
chr16	67098316	67298316	harbor1	chr16	67183210	67183556	LINE/L2	572	+	173	67183383	85067
chr16	67098313	67298313	harbor1	chr16	67182683	67183020	LINE/L2	741	+	168	67182851	84538
chr16	67098313	67298313	harbor1	chr16	67183210	67183556	LINE/L2	572	+	173	67183383	85070
chr16	31115390	31315390	harbor1	chr16	31147578	31147751	LINE/L2	651	+	86	31147664	32274
chr16	30978860	31178860	harbor1	chr16	31069313	31069537	LINE/L2	629	+	112	31069425	90565
chr16	57884915	58084915	harbor1	chr16	57927461	57927639	LINE/L2	575	+	89	57927550	42635
chr16	57884915	58084915	harbor1	chr16	57948457	57948729	LINE/L2	697	+	136	57948593	63678
chr16	71269741	71469741	harbor1	chr16	71288092	71288544	LINE/L2	1461	+	226	71288318	18577
chr16	71269741	71469741	harbor1	chr16	71296526	71296812	LINE/L2	614	+	143	71296669	26928
chr16	71269741	71469741	harbor1	chr16	71313410	71314078	LINE/L2	582	+	334	71313744	44003
chr16	71269741	71469741	harbor1	chr16	71321626	71322312	LINE/L2	1656	+	343	71321969	52228
chr16	71269741	71469741	harbor1	chr16	71349938	71350028	LINE/L2	905	+	45	71349983	80242
chr16	71269741	71469741	harbor1	chr16	71350710	71351108	LINE/L2	905	+	199	71350909	81168
chr16	66905482	67105482	harbor1	chr16	66919186	66919487	LINE/L2	579	+	150	66919336	13854
chr16	57884963	58084963	harbor1	chr16	57927461	57927639	LINE/L2	575	+	89	57927550	42587
chr16	57884963	58084963	harbor1	chr16	57948457	57948729	LINE/L2	697	+	136	57948593	63630
chr16	56832289	57032289	harbor1	chr16	56859147	56859310	LINE/L2	571	+	82	56859229	26940
chr16	56832289	57032289	harbor1	chr16	56859612	56860171	LINE/L2	936	+	280	56859892	27603
chr16	56832289	57032289	harbor1	chr16	56900845	56901347	LINE/L2	936	+	251	56901096	68807
chr16	56832289	57032289	harbor1	chr16	56901640	56901663	LINE/L2	936	+	12	56901652	69363
chr16	56832289	57032289	harbor1	chr16	56901686	56902136	LINE/L2	654	+	225	56901911	69622
chr16	30087207	30287207	harbor1	chr16	30087677	30087925	LINE/L2	1117	+	124	30087801	594
chr16	30087207	30287207	harbor1	chr16	30088238	30088432	LINE/L2	1117	+	97	30088335	1128
chr16	57884933	58084933	harbor1	chr16	57927461	57927639	LINE/L2	575	+	89	57927550	42617
chr16	57884933	58084933	harbor1	chr16	57948457	57948729	LINE/L2	697	+	136	57948593	63660
chr16	47349128	47549128	harbor1	chr16	47359264	47359599	LINE/L2	655	+	168	47359432	10304
chr16	47349128	47549128	harbor1	chr16	47359604	47360045	LINE/L2	758	+	220	47359824	10696
chr16	67979040	68179040	harbor1	chr16	68035074	68035357	LINE/L2	872	+	142	68035216	56176
chr16	67979040	68179040	harbor1	chr16	68036745	68037259	LINE/L2	974	+	257	68037002	57962
chr16	30330387	30530387	harbor1	chr16	30360745	30361004	LINE/L2	3641	+	130	30360875	30488
chr16	30330387	30530387	harbor1	chr16	30361308	30361434	LINE/L2	3641	+	63	30361371	30984
chr16	30330387	30530387	harbor1	chr16	30362285	30362756	LINE/L2	3641	+	236	30362521	32134
chr16	30330387	30530387	harbor1	chr16	30363060	30363415	LINE/L2	3641	+	178	30363238	32851
chr16	30330387	30530387	harbor1	chr16	30363627	30363812	LINE/L2	688	+	92	30363719	33332
chr16	30330387	30530387	harbor1	chr16	30416218	30416803	LINE/L2	1649	+	292	30416510	86123
chr16	30330387	30530387	harbor1	chr16	30416936	30417232	LINE/L2	1649	+	148	30417084	86697
chr16	4016523	4216523	harbor1	chr16	4053973	4054213	LINE/L2	594	+	120	4054093	37570
chr16	2330012	2530012	harbor1	chr16	2362174	2362823	LINE/L2	591	+	324	2362498	32486
chr16	67009907	67209907	harbor1	chr16	67059658	67059920	LINE/L2	647	+	131	67059789	49882
chr16	56464967	56664967	harbor1	chr16	56517108	56517715	LINE/L2	855	+	304	56517412	52445
chr16	31017885	31217885	harbor1	chr16	31069313	31069537	LINE/L2	629	+	112	31069425	51540
chr16	57884908	58084908	harbor1	chr16	57927461	57927639	LINE/L2	575	+	89	57927550	42642
chr16	57884908	58084908	harbor1	chr16	57948457	57948729	LINE/L2	697	+	136	57948593	63685
chr16	57884560	58084560	harbor1	chr16	57927461	57927639	LINE/L2	575	+	89	57927550	42990
chr16	57884560	58084560	harbor1	chr16	57948457	57948729	LINE/L2	697	+	136	57948593	64033
chr16	30850099	31050099	harbor1	chr16	30881443	30881952	LINE/L2	860	+	254	30881697	31598
chr16	30850099	31050099	harbor1	chr16	30882248	30882341	LINE/L2	860	+	46	30882294	32195
chr16	30850099	31050099	harbor1	chr16	30907772	30908053	LINE/L2	959	+	140	30907912	57813
chr16	30850099	31050099	harbor1	chr16	30909865	30910050	LINE/L2	687	+	92	30909957	59858
chr16	71269697	71469697	harbor1	chr16	71288092	71288544	LINE/L2	1461	+	226	71288318	18621
chr16	71269697	71469697	harbor1	chr16	71296526	71296812	LINE/L2	614	+	143	71296669	26972
chr16	71269697	71469697	harbor1	chr16	71313410	71314078	LINE/L2	582	+	334	71313744	44047
chr16	71269697	71469697	harbor1	chr16	71321626	71322312	LINE/L2	1656	+	343	71321969	52272
chr16	71269697	71469697	harbor1	chr16	71349938	71350028	LINE/L2	905	+	45	71349983	80286
chr16	71269697	71469697	harbor1	chr16	71350710	71351108	LINE/L2	905	+	199	71350909	81212
chr16	67009944	67209944	harbor1	chr16	67059658	67059920	LINE/L2	647	+	131	67059789	49845
chr16	56832283	57032283	harbor1	chr16	56859147	56859310	LINE/L2	571	+	82	56859229	26946
chr16	56832283	57032283	harbor1	chr16	56859612	56860171	LINE/L2	936	+	280	56859892	27609
chr16	56832283	57032283	harbor1	chr16	56900845	56901347	LINE/L2	936	+	251	56901096	68813
chr16	56832283	57032283	harbor1	chr16	56901640	56901663	LINE/L2	936	+	12	56901652	69369
chr16	56832283	57032283	harbor1	chr16	56901686	56902136	LINE/L2	654	+	225	56901911	69628
chr16	56508557	56708557	harbor1	chr16	56517108	56517715	LINE/L2	855	+	304	56517412	8855
chr16	66971200	67171200	harbor1	chr16	67059658	67059920	LINE/L2	647	+	131	67059789	88589
chr16	67009894	67209894	harbor1	chr16	67059658	67059920	LINE/L2	647	+	131	67059789	49895
chr16	2501522	2701522	harbor1	chr16	2554697	2554991	LINE/L2	910	+	147	2554844	53322
chr16	57884572	58084572	harbor1	chr16	57927461	57927639	LINE/L2	575	+	89	57927550	42978
chr16	57884572	58084572	harbor1	chr16	57948457	57948729	LINE/L2	697	+	136	57948593	64021
chr16	67009938	67209938	harbor1	chr16	67059658	67059920	LINE/L2	647	+	131	67059789	49851
chr16	30087206	30287206	harbor1	chr16	30087677	30087925	LINE/L2	1117	+	124	30087801	595
chr16	30087206	30287206	harbor1	chr16	30088238	30088432	LINE/L2	1117	+	97	30088335	1129
chr16	49757292	49957292	harbor1	chr16	49768502	49769086	LINE/L2	770	+	292	49768794	11502
chr16	49757292	49957292	harbor1	chr16	49769385	49769738	LINE/L2	770	+	176	49769561	12269
chr16	86768401	86968401	harbor1	chr16	86867116	86867746	LINE/L2	652	+	315	86867431	99030
chr16	67009935	67209935	harbor1	chr16	67059658	67059920	LINE/L2	647	+	131	67059789	49854
chr16	75363916	75563916	harbor1	chr16	75460384	75460811	LINE/L2	790	+	214	75460598	96682
chr16	49563770	49763770	harbor1	chr16	49579888	49580518	LINE/L2	568	+	315	49580203	16433
chr17	7461852	7661852	harbor1	chr17	7488900	7489164	LINE/L2	842	+	132	7489032	27180
chr17	7461852	7661852	harbor1	chr17	7487412	7488007	LINE/L2	916	+	298	7487710	25858
chr17	7461889	7661889	harbor1	chr17	7488900	7489164	LINE/L2	842	+	132	7489032	27143
chr17	7461889	7661889	harbor1	chr17	7487412	7488007	LINE/L2	916	+	298	7487710	25821
chr17	7461834	7661834	harbor1	chr17	7488900	7489164	LINE/L2	842	+	132	7489032	27198
chr17	7461834	7661834	harbor1	chr17	7487412	7488007	LINE/L2	916	+	298	7487710	25876
chr17	7461828	7661828	harbor1	chr17	7488900	7489164	LINE/L2	842	+	132	7489032	27204
chr17	7461828	7661828	harbor1	chr17	7487412	7488007	LINE/L2	916	+	298	7487710	25882
chr17	7461908	7661908	harbor1	chr17	7488900	7489164	LINE/L2	842	+	132	7489032	27124
chr17	7461908	7661908	harbor1	chr17	7487412	7488007	LINE/L2	916	+	298	7487710	25802
chr17	7461804	7661804	harbor1	chr17	7488900	7489164	LINE/L2	842	+	132	7489032	27228
chr17	7461804	7661804	harbor1	chr17	7487412	7488007	LINE/L2	916	+	298	7487710	25906
chr17	79531584	79731584	harbor1	chr17	79552345	79552621	LINE/L2	673	+	138	79552483	20899
chr17	36836264	37036264	harbor1	chr17	36844321	36844634	LINE/L2	735	+	156	36844477	8213
chr17	36836264	37036264	harbor1	chr17	36866133	36866499	LINE/L2	953	+	183	36866316	30052
chr17	36836264	37036264	harbor1	chr17	36873463	36873948	LINE/L2	625	+	242	36873705	37441
chr17	7461808	7661808	harbor1	chr17	7488900	7489164	LINE/L2	842	+	132	7489032	27224
chr17	7461808	7661808	harbor1	chr17	7487412	7488007	LINE/L2	916	+	298	7487710	25902
chr17	33191705	33391705	harbor1	chr17	33200303	33201305	LINE/L2	1786	+	501	33200804	9099
chr17	33191705	33391705	harbor1	chr17	33208374	33208665	LINE/L2	653	+	146	33208520	16815
chr17	33191705	33391705	harbor1	chr17	33208699	33208824	LINE/L2	653	+	62	33208761	17056
chr17	33191705	33391705	harbor1	chr17	33238384	33238780	LINE/L2	1374	+	198	33238582	46877
chr17	33191705	33391705	harbor1	chr17	33239302	33239598	LINE/L2	1374	+	148	33239450	47745
chr17	33191705	33391705	harbor1	chr17	33265855	33266373	LINE/L2	630	+	259	33266114	74409
chr17	33191705	33391705	harbor1	chr17	33271110	33272428	LINE/L2	2093	+	659	33271769	80064
chr17	33191705	33391705	harbor1	chr17	33286504	33286923	LINE/L2	715	+	210	33286714	95009
chr17	7822240	8022240	harbor1	chr17	7822318	7822788	LINE/L2	986	+	235	7822553	313
chr17	18020696	18220696	harbor1	chr17	18110720	18111060	LINE/L2	716	+	170	18110890	90194
chr17	18020696	18220696	harbor1	chr17	18111365	18111521	LINE/L2	716	+	78	18111443	90747
chr17	18020696	18220696	harbor1	chr17	18114561	18115336	LINE/L2	1323	+	388	18114949	94253
chr17	18020696	18220696	harbor1	chr17	18115630	18115809	LINE/L2	1323	+	90	18115720	95024
chr17	7461890	7661890	harbor1	chr17	7488900	7489164	LINE/L2	842	+	132	7489032	27142
chr17	7461890	7661890	harbor1	chr17	7487412	7488007	LINE/L2	916	+	298	7487710	25820
chr17	3624112	3824112	harbor1	chr17	3674688	3675024	LINE/L2	685	+	168	3674856	50744
chr17	79041540	79241540	harbor1	chr17	79120785	79122303	LINE/L2	2764	+	759	79121544	80004
chr17	7461823	7661823	harbor1	chr17	7488900	7489164	LINE/L2	842	+	132	7489032	27209
chr17	7461823	7661823	harbor1	chr17	7487412	7488007	LINE/L2	916	+	298	7487710	25887
chr17	8056291	8256291	harbor1	chr17	8105089	8105633	LINE/L2	1107	+	272	8105361	49070
chr17	7461829	7661829	harbor1	chr17	7488900	7489164	LINE/L2	842	+	132	7489032	27203
chr17	7461829	7661829	harbor1	chr17	7487412	7488007	LINE/L2	916	+	298	7487710	25881
chr17	44252837	44452837	harbor1	chr17	44275052	44275379	LINE/L2	659	+	164	44275216	22379
chr17	44252837	44452837	harbor1	chr17	44317695	44317852	LINE/L2	679	+	78	44317773	64936
chr17	7461836	7661836	harbor1	chr17	7488900	7489164	LINE/L2	842	+	132	7489032	27196
chr17	7461836	7661836	harbor1	chr17	7487412	7488007	LINE/L2	916	+	298	7487710	25874
chr17	7461872	7661872	harbor1	chr17	7488900	7489164	LINE/L2	842	+	132	7489032	27160
chr17	7461872	7661872	harbor1	chr17	7487412	7488007	LINE/L2	916	+	298	7487710	25838
chr17	49396359	49596359	harbor1	chr17	49435892	49436759	LINE/L2	716	+	434	49436326	39967
chr17	49396359	49596359	harbor1	chr17	49471387	49472138	LINE/L2	1194	+	376	49471763	75404
chr17	7461869	7661869	harbor1	chr17	7488900	7489164	LINE/L2	842	+	132	7489032	27163
chr17	7461869	7661869	harbor1	chr17	7487412	7488007	LINE/L2	916	+	298	7487710	25841
chr17	15158736	15358736	harbor1	chr17	15250242	15251473	LINE/L2	998	+	616	15250858	92122
chr17	79084610	79284610	harbor1	chr17	79120785	79122303	LINE/L2	2764	+	759	79121544	36934
chr17	33191625	33391625	harbor1	chr17	33200303	33201305	LINE/L2	1786	+	501	33200804	9179
chr17	33191625	33391625	harbor1	chr17	33208374	33208665	LINE/L2	653	+	146	33208520	16895
chr17	33191625	33391625	harbor1	chr17	33208699	33208824	LINE/L2	653	+	62	33208761	17136
chr17	33191625	33391625	harbor1	chr17	33238384	33238780	LINE/L2	1374	+	198	33238582	46957
chr17	33191625	33391625	harbor1	chr17	33239302	33239598	LINE/L2	1374	+	148	33239450	47825
chr17	33191625	33391625	harbor1	chr17	33265855	33266373	LINE/L2	630	+	259	33266114	74489
chr17	33191625	33391625	harbor1	chr17	33271110	33272428	LINE/L2	2093	+	659	33271769	80144
chr17	33191625	33391625	harbor1	chr17	33286504	33286923	LINE/L2	715	+	210	33286714	95089
chr17	38628428	38828428	harbor1	chr17	38634900	38635073	LINE/L2	1092	+	86	38634986	6558
chr17	38628428	38828428	harbor1	chr17	38635387	38635424	LINE/L2	1092	+	18	38635405	6977
chr17	38628428	38828428	harbor1	chr17	38635733	38636140	LINE/L2	1092	+	204	38635937	7509
chr17	38628428	38828428	harbor1	chr17	38636514	38636533	LINE/L2	1092	+	10	38636524	8096
chr17	38628428	38828428	harbor1	chr17	38636832	38637039	LINE/L2	1092	+	104	38636936	8508
chr17	38628428	38828428	harbor1	chr17	38675794	38676026	LINE/L2	659	+	116	38675910	47482
chr17	38628428	38828428	harbor1	chr17	38685498	38686224	LINE/L2	882	+	363	38685861	57433
chr17	28855314	29055314	harbor1	chr17	28878239	28878765	LINE/L2	918	+	263	28878502	23188
chr17	28855314	29055314	harbor1	chr17	28899537	28899711	LINE/L2	1311	+	87	28899624	44310
chr17	28855314	29055314	harbor1	chr17	28900329	28900669	LINE/L2	1311	+	170	28900499	45185
chr17	75105543	75305543	harbor1	chr17	75183966	75184792	LINE/L2	896	+	413	75184379	78836
chr17	64955047	65155047	harbor1	chr17	65037343	65037649	LINE/L2	596	+	153	65037496	82449
chr17	64955047	65155047	harbor1	chr17	65037788	65038031	LINE/L2	596	+	122	65037910	82863
chr17	64955047	65155047	harbor1	chr17	65039026	65039856	LINE/L2	958	+	415	65039441	84394
chr17	64955047	65155047	harbor1	chr17	64962432	64962668	LINE/L2	701	+	118	64962550	7503
chr17	74965179	75165179	harbor1	chr17	74979450	74979949	LINE/L2	609	+	250	74979700	14521
chr17	74965179	75165179	harbor1	chr17	74980281	74980356	LINE/L2	609	+	38	74980319	15140
chr17	74965179	75165179	harbor1	chr17	74980663	74980811	LINE/L2	609	+	74	74980737	15558
chr17	33191684	33391684	harbor1	chr17	33200303	33201305	LINE/L2	1786	+	501	33200804	9120
chr17	33191684	33391684	harbor1	chr17	33208374	33208665	LINE/L2	653	+	146	33208520	16836
chr17	33191684	33391684	harbor1	chr17	33208699	33208824	LINE/L2	653	+	62	33208761	17077
chr17	33191684	33391684	harbor1	chr17	33238384	33238780	LINE/L2	1374	+	198	33238582	46898
chr17	33191684	33391684	harbor1	chr17	33239302	33239598	LINE/L2	1374	+	148	33239450	47766
chr17	33191684	33391684	harbor1	chr17	33265855	33266373	LINE/L2	630	+	259	33266114	74430
chr17	33191684	33391684	harbor1	chr17	33271110	33272428	LINE/L2	2093	+	659	33271769	80085
chr17	33191684	33391684	harbor1	chr17	33286504	33286923	LINE/L2	715	+	210	33286714	95030
chr17	28306337	28506337	harbor1	chr17	28337058	28337400	LINE/L2	601	+	171	28337229	30892
chr17	28306337	28506337	harbor1	chr17	28337686	28337993	LINE/L2	642	+	154	28337840	31503
chr17	7461891	7661891	harbor1	chr17	7488900	7489164	LINE/L2	842	+	132	7489032	27141
chr17	7461891	7661891	harbor1	chr17	7487412	7488007	LINE/L2	916	+	298	7487710	25819
chr17	9856240	10056240	harbor1	chr17	9908981	9909242	LINE/L2	829	+	130	9909111	52871
chr17	9856240	10056240	harbor1	chr17	9909529	9909920	LINE/L2	840	+	196	9909725	53485
chr17	58057205	58257205	harbor1	chr17	58092850	58093149	LINE/L2	768	+	150	58093000	35795
chr17	58057205	58257205	harbor1	chr17	58118911	58119343	LINE/L2	860	+	216	58119127	61922
chr17	74979148	75179148	harbor1	chr17	74979450	74979949	LINE/L2	609	+	250	74979700	552
chr17	74979148	75179148	harbor1	chr17	74980281	74980356	LINE/L2	609	+	38	74980319	1171
chr17	74979148	75179148	harbor1	chr17	74980663	74980811	LINE/L2	609	+	74	74980737	1589
chr17	76140643	76340643	harbor1	chr17	76157895	76158247	LINE/L2	661	+	176	76158071	17428
chr17	7461873	7661873	harbor1	chr17	7488900	7489164	LINE/L2	842	+	132	7489032	27159
chr17	7461873	7661873	harbor1	chr17	7487412	7488007	LINE/L2	916	+	298	7487710	25837
chr17	2830224	3030224	harbor1	chr17	2860906	2861412	LINE/L2	901	+	253	2861159	30935
chr17	2830224	3030224	harbor1	chr17	2877200	2877459	LINE/L2	747	+	130	2877330	47106
chr17	2838086	3038086	harbor1	chr17	2860906	2861412	LINE/L2	901	+	253	2861159	23073
chr17	2838086	3038086	harbor1	chr17	2877200	2877459	LINE/L2	747	+	130	2877330	39244
chr17	7461927	7661927	harbor1	chr17	7488900	7489164	LINE/L2	842	+	132	7489032	27105
chr17	7461927	7661927	harbor1	chr17	7487412	7488007	LINE/L2	916	+	298	7487710	25783
chr17	7459238	7659238	harbor1	chr17	7488900	7489164	LINE/L2	842	+	132	7489032	29794
chr17	7459238	7659238	harbor1	chr17	7487412	7488007	LINE/L2	916	+	298	7487710	28472
chr17	32776002	32976002	harbor1	chr17	32785492	32785841	LINE/L2	770	+	174	32785666	9664
chr17	32776002	32976002	harbor1	chr17	32853417	32853709	LINE/L2	649	+	146	32853563	77561
chr17	32776002	32976002	harbor1	chr17	32833038	32834141	LINE/L2	1881	+	552	32833590	57588
chr17	31388321	31588321	harbor1	chr17	31450265	31450321	LINE/L2	725	+	28	31450293	61972
chr17	31388321	31588321	harbor1	chr17	31450602	31451176	LINE/L2	725	+	287	31450889	62568
chr17	31388321	31588321	harbor1	chr17	31451482	31451894	LINE/L2	923	+	206	31451688	63367
chr17	31388321	31588321	harbor1	chr17	31452140	31452289	LINE/L2	923	+	74	31452214	63893
chr17	40256592	40456592	harbor1	chr17	40340056	40340595	LINE/L2	1003	+	270	40340326	83734
chr17	28628787	28828787	harbor1	chr17	28663985	28664225	LINE/L2	2008	+	120	28664105	35318
chr17	28628787	28828787	harbor1	chr17	28664509	28665122	LINE/L2	2008	+	306	28664815	36028
chr17	7461831	7661831	harbor1	chr17	7488900	7489164	LINE/L2	842	+	132	7489032	27201
chr17	7461831	7661831	harbor1	chr17	7487412	7488007	LINE/L2	916	+	298	7487710	25879
chr17	38619970	38819970	harbor1	chr17	38634900	38635073	LINE/L2	1092	+	86	38634986	15016
chr17	38619970	38819970	harbor1	chr17	38635387	38635424	LINE/L2	1092	+	18	38635405	15435
chr17	38619970	38819970	harbor1	chr17	38635733	38636140	LINE/L2	1092	+	204	38635937	15967
chr17	38619970	38819970	harbor1	chr17	38636514	38636533	LINE/L2	1092	+	10	38636524	16554
chr17	38619970	38819970	harbor1	chr17	38636832	38637039	LINE/L2	1092	+	104	38636936	16966
chr17	38619970	38819970	harbor1	chr17	38675794	38676026	LINE/L2	659	+	116	38675910	55940
chr17	38619970	38819970	harbor1	chr17	38685498	38686224	LINE/L2	882	+	363	38685861	65891
chr17	2829884	3029884	harbor1	chr17	2860906	2861412	LINE/L2	901	+	253	2861159	31275
chr17	2829884	3029884	harbor1	chr17	2877200	2877459	LINE/L2	747	+	130	2877330	47446
chr17	81133715	81333715	harbor1	chr17	81184267	81184615	LINE/L2	626	+	174	81184441	50726
chr17	60048761	60248761	harbor1	chr17	60068463	60069019	LINE/L2	637	+	278	60068741	19980
chr17	75814935	76014935	harbor1	chr17	75833180	75833712	LINE/L2	1273	+	266	75833446	18511
chr17	1546581	1746581	harbor1	chr17	1635936	1636352	LINE/L2	633	+	208	1636144	89563
chr17	2201393	2401393	harbor1	chr17	2281429	2282140	LINE/L2	607	+	356	2281785	80392
chr17	1549020	1749020	harbor1	chr17	1635936	1636352	LINE/L2	633	+	208	1636144	87124
chr17	7461858	7661858	harbor1	chr17	7488900	7489164	LINE/L2	842	+	132	7489032	27174
chr17	7461858	7661858	harbor1	chr17	7487412	7488007	LINE/L2	916	+	298	7487710	25852
chr17	81088226	81288226	harbor1	chr17	81184267	81184615	LINE/L2	626	+	174	81184441	96215
chr17	76140876	76340876	harbor1	chr17	76157895	76158247	LINE/L2	661	+	176	76158071	17195
chr17	7461859	7661859	harbor1	chr17	7488900	7489164	LINE/L2	842	+	132	7489032	27173
chr17	7461859	7661859	harbor1	chr17	7487412	7488007	LINE/L2	916	+	298	7487710	25851
chr17	81133780	81333780	harbor1	chr17	81184267	81184615	LINE/L2	626	+	174	81184441	50661
chr17	7458773	7658773	harbor1	chr17	7488900	7489164	LINE/L2	842	+	132	7489032	30259
chr17	7458773	7658773	harbor1	chr17	7487412	7488007	LINE/L2	916	+	298	7487710	28937
chr17	63346008	63546008	harbor1	chr17	63365319	63366071	LINE/L2	905	+	376	63365695	19687
chr17	28742741	28942741	harbor1	chr17	28769623	28770273	LINE/L2	800	+	325	28769948	27207
chr17	28742741	28942741	harbor1	chr17	28823597	28823875	LINE/L2	1193	+	139	28823736	80995
chr17	28742741	28942741	harbor1	chr17	28824477	28824782	LINE/L2	1193	+	152	28824629	81888
chr17	28742741	28942741	harbor1	chr17	28825061	28825150	LINE/L2	1193	+	44	28825105	82364
chr17	28742741	28942741	harbor1	chr17	28825456	28825768	LINE/L2	1193	+	156	28825612	82871
chr17	7461864	7661864	harbor1	chr17	7488900	7489164	LINE/L2	842	+	132	7489032	27168
chr17	7461864	7661864	harbor1	chr17	7487412	7488007	LINE/L2	916	+	298	7487710	25846
chr17	44658737	44858737	harbor1	chr17	44686659	44686863	LINE/L2	648	+	102	44686761	28024
chr17	62527967	62727967	harbor1	chr17	62539286	62539473	LINE/L2	1518	+	94	62539380	11413
chr17	62527967	62727967	harbor1	chr17	62539803	62540102	LINE/L2	1518	+	150	62539953	11986
chr17	62527967	62727967	harbor1	chr17	62540237	62540400	LINE/L2	1518	+	82	62540319	12352
chr17	62527967	62727967	harbor1	chr17	62540699	62541385	LINE/L2	1518	+	343	62541042	13075
chr17	59909729	60109729	harbor1	chr17	59958744	59959377	LINE/L2	1260	+	316	59959060	49331
chr17	81177233	81377233	harbor1	chr17	81184267	81184615	LINE/L2	626	+	174	81184441	7208
chr17	57767551	57967551	harbor1	chr17	57784117	57785693	LINE/L2	2299	+	788	57784905	17354
chr17	7461848	7661848	harbor1	chr17	7488900	7489164	LINE/L2	842	+	132	7489032	27184
chr17	7461848	7661848	harbor1	chr17	7487412	7488007	LINE/L2	916	+	298	7487710	25862
chr17	35648041	35848041	harbor1	chr17	35696723	35696953	LINE/L2	720	+	115	35696838	48797
chr17	8922459	9122459	harbor1	chr17	8960276	8960554	LINE/L2	630	+	139	8960415	37956
chr17	8922459	9122459	harbor1	chr17	8995168	8995572	LINE/L2	834	+	202	8995370	72911
chr17	39087119	39287119	harbor1	chr17	39106952	39107365	LINE/L2	672	+	206	39107158	20039
chr17	39087119	39287119	harbor1	chr17	39159597	39159769	LINE/L2	899	+	86	39159683	72564
chr17	27194779	27394779	harbor1	chr17	27269261	27269792	LINE/L2	885	+	266	27269527	74748
chr18	26126451	26326451	harbor1	chr18	26173051	26173548	LINE/L2	941	+	248	26173299	46848
chr18	26126451	26326451	harbor1	chr18	26173856	26173947	LINE/L2	941	+	46	26173902	47451
chr18	26126451	26326451	harbor1	chr18	26203825	26204281	LINE/L2	1081	+	228	26204053	77602
chr18	26126451	26326451	harbor1	chr18	26221634	26221796	LINE/L2	731	+	81	26221715	95264
chr18	26126451	26326451	harbor1	chr18	26221958	26222171	LINE/L2	694	+	106	26222064	95613
chr18	25990886	26190886	harbor1	chr18	25998903	25999247	LINE/L2	491	+	172	25999075	8189
chr18	25990886	26190886	harbor1	chr18	26030269	26030596	LINE/L2	486	+	164	26030433	39547
chr18	25990886	26190886	harbor1	chr18	26044995	26045581	LINE/L2	1551	+	293	26045288	54402
chr18	25990886	26190886	harbor1	chr18	26089740	26089885	LINE/L2	491	+	72	26089812	98926
chr18	26126452	26326452	harbor1	chr18	26173051	26173548	LINE/L2	941	+	248	26173299	46847
chr18	26126452	26326452	harbor1	chr18	26173856	26173947	LINE/L2	941	+	46	26173902	47450
chr18	26126452	26326452	harbor1	chr18	26203825	26204281	LINE/L2	1081	+	228	26204053	77601
chr18	26126452	26326452	harbor1	chr18	26221634	26221796	LINE/L2	731	+	81	26221715	95263
chr18	26126452	26326452	harbor1	chr18	26221958	26222171	LINE/L2	694	+	106	26222064	95612
chr18	26126169	26326169	harbor1	chr18	26173051	26173548	LINE/L2	941	+	248	26173299	47130
chr18	26126169	26326169	harbor1	chr18	26173856	26173947	LINE/L2	941	+	46	26173902	47733
chr18	26126169	26326169	harbor1	chr18	26203825	26204281	LINE/L2	1081	+	228	26204053	77884
chr18	26126169	26326169	harbor1	chr18	26221634	26221796	LINE/L2	731	+	81	26221715	95546
chr18	26126169	26326169	harbor1	chr18	26221958	26222171	LINE/L2	694	+	106	26222064	95895
chr18	26126503	26326503	harbor1	chr18	26173051	26173548	LINE/L2	941	+	248	26173299	46796
chr18	26126503	26326503	harbor1	chr18	26173856	26173947	LINE/L2	941	+	46	26173902	47399
chr18	26126503	26326503	harbor1	chr18	26203825	26204281	LINE/L2	1081	+	228	26204053	77550
chr18	26126503	26326503	harbor1	chr18	26221634	26221796	LINE/L2	731	+	81	26221715	95212
chr18	26126503	26326503	harbor1	chr18	26221958	26222171	LINE/L2	694	+	106	26222064	95561
chr18	26126493	26326493	harbor1	chr18	26173051	26173548	LINE/L2	941	+	248	26173299	46806
chr18	26126493	26326493	harbor1	chr18	26173856	26173947	LINE/L2	941	+	46	26173902	47409
chr18	26126493	26326493	harbor1	chr18	26203825	26204281	LINE/L2	1081	+	228	26204053	77560
chr18	26126493	26326493	harbor1	chr18	26221634	26221796	LINE/L2	731	+	81	26221715	95222
chr18	26126493	26326493	harbor1	chr18	26221958	26222171	LINE/L2	694	+	106	26222064	95571
chr18	26126535	26326535	harbor1	chr18	26173051	26173548	LINE/L2	941	+	248	26173299	46764
chr18	26126535	26326535	harbor1	chr18	26173856	26173947	LINE/L2	941	+	46	26173902	47367
chr18	26126535	26326535	harbor1	chr18	26203825	26204281	LINE/L2	1081	+	228	26204053	77518
chr18	26126535	26326535	harbor1	chr18	26221634	26221796	LINE/L2	731	+	81	26221715	95180
chr18	26126535	26326535	harbor1	chr18	26221958	26222171	LINE/L2	694	+	106	26222064	95529
chr18	37465339	37665339	harbor1	chr18	37487916	37488423	LINE/L2	816	+	254	37488170	22831
chr18	37465339	37665339	harbor1	chr18	37541108	37542071	LINE/L2	1323	+	482	37541590	76251
chr18	12847445	13047445	harbor1	chr18	12880647	12880954	LINE/L2	615	+	154	12880801	33356
chr18	57346563	57546563	harbor1	chr18	57415654	57415989	LINE/L2	697	+	168	57415822	69259
chr18	57346563	57546563	harbor1	chr18	57416337	57416457	LINE/L2	524	+	60	57416397	69834
chr18	37465426	37665426	harbor1	chr18	37487916	37488423	LINE/L2	816	+	254	37488170	22744
chr18	37465426	37665426	harbor1	chr18	37541108	37542071	LINE/L2	1323	+	482	37541590	76164
chr18	8509901	8709901	harbor1	chr18	8538127	8538335	LINE/L2	795	+	104	8538231	28330
chr18	8509901	8709901	harbor1	chr18	8555090	8555644	LINE/L2	591	+	277	8555367	45466
chr18	74356659	74556659	harbor1	chr18	74426449	74426617	LINE/L2	539	+	84	74426533	69874
chr18	65651276	65851276	harbor1	chr18	65659952	65660635	LINE/L2	571	+	342	65660294	9018
chr18	26126455	26326455	harbor1	chr18	26173051	26173548	LINE/L2	941	+	248	26173299	46844
chr18	26126455	26326455	harbor1	chr18	26173856	26173947	LINE/L2	941	+	46	26173902	47447
chr18	26126455	26326455	harbor1	chr18	26203825	26204281	LINE/L2	1081	+	228	26204053	77598
chr18	26126455	26326455	harbor1	chr18	26221634	26221796	LINE/L2	731	+	81	26221715	95260
chr18	26126455	26326455	harbor1	chr18	26221958	26222171	LINE/L2	694	+	106	26222064	95609
chr18	26126495	26326495	harbor1	chr18	26173051	26173548	LINE/L2	941	+	248	26173299	46804
chr18	26126495	26326495	harbor1	chr18	26173856	26173947	LINE/L2	941	+	46	26173902	47407
chr18	26126495	26326495	harbor1	chr18	26203825	26204281	LINE/L2	1081	+	228	26204053	77558
chr18	26126495	26326495	harbor1	chr18	26221634	26221796	LINE/L2	731	+	81	26221715	95220
chr18	26126495	26326495	harbor1	chr18	26221958	26222171	LINE/L2	694	+	106	26222064	95569
chr18	65651379	65851379	harbor1	chr18	65659952	65660635	LINE/L2	571	+	342	65660294	8915
chr18	21921090	22121090	harbor1	chr18	21963063	21963456	LINE/L2	646	+	196	21963259	42169
chr18	26126454	26326454	harbor1	chr18	26173051	26173548	LINE/L2	941	+	248	26173299	46845
chr18	26126454	26326454	harbor1	chr18	26173856	26173947	LINE/L2	941	+	46	26173902	47448
chr18	26126454	26326454	harbor1	chr18	26203825	26204281	LINE/L2	1081	+	228	26204053	77599
chr18	26126454	26326454	harbor1	chr18	26221634	26221796	LINE/L2	731	+	81	26221715	95261
chr18	26126454	26326454	harbor1	chr18	26221958	26222171	LINE/L2	694	+	106	26222064	95610
chr18	26126376	26326376	harbor1	chr18	26173051	26173548	LINE/L2	941	+	248	26173299	46923
chr18	26126376	26326376	harbor1	chr18	26173856	26173947	LINE/L2	941	+	46	26173902	47526
chr18	26126376	26326376	harbor1	chr18	26203825	26204281	LINE/L2	1081	+	228	26204053	77677
chr18	26126376	26326376	harbor1	chr18	26221634	26221796	LINE/L2	731	+	81	26221715	95339
chr18	26126376	26326376	harbor1	chr18	26221958	26222171	LINE/L2	694	+	106	26222064	95688
chr19	43523586	43723586	harbor1	chr19	43540527	43540865	LINE/L2	672	+	169	43540696	17110
chr19	43523586	43723586	harbor1	chr19	43563560	43563969	LINE/L2	1006	+	204	43563764	40178
chr19	43523586	43723586	harbor1	chr19	43570985	43571505	LINE/L2	1002	+	260	43571245	47659
chr19	43523586	43723586	harbor1	chr19	43571784	43571886	LINE/L2	888	+	51	43571835	48249
chr19	43523586	43723586	harbor1	chr19	43604533	43604869	LINE/L2	1400	+	168	43604701	81115
chr19	43523586	43723586	harbor1	chr19	43605164	43605328	LINE/L2	1400	+	82	43605246	81660
chr19	43523586	43723586	harbor1	chr19	43605649	43605866	LINE/L2	699	+	108	43605757	82171
chr19	43523586	43723586	harbor1	chr19	43606154	43606194	LINE/L2	699	+	20	43606174	82588
chr19	43523586	43723586	harbor1	chr19	43606449	43606652	LINE/L2	699	+	102	43606551	82965
chr19	10171339	10371339	harbor1	chr19	10268399	10268757	LINE/L2	691	+	179	10268578	97239
chr19	10171339	10371339	harbor1	chr19	10269056	10269174	LINE/L2	691	+	59	10269115	97776
chr19	49751331	49951331	harbor1	chr19	49790923	49791170	LINE/L2	706	+	124	49791047	39716
chr19	5521747	5721747	harbor1	chr19	5522590	5522708	LINE/L2	817	+	59	5522649	902
chr19	5521747	5721747	harbor1	chr19	5523006	5523478	LINE/L2	817	+	236	5523242	1495
chr19	5521747	5721747	harbor1	chr19	5564940	5565517	LINE/L2	1081	+	288	5565228	43481
chr19	10503315	10703315	harbor1	chr19	10513022	10513683	LINE/L2	878	+	330	10513352	10037
chr19	10503315	10703315	harbor1	chr19	10550484	10550708	LINE/L2	710	+	112	10550596	47281
chr19	10503315	10703315	harbor1	chr19	10551002	10551033	LINE/L2	710	+	16	10551018	47703
chr19	10503315	10703315	harbor1	chr19	10551093	10551185	LINE/L2	710	+	46	10551139	47824
chr19	10503315	10703315	harbor1	chr19	10551720	10551863	LINE/L2	710	+	72	10551792	48477
chr19	5521868	5721868	harbor1	chr19	5522590	5522708	LINE/L2	817	+	59	5522649	781
chr19	5521868	5721868	harbor1	chr19	5523006	5523478	LINE/L2	817	+	236	5523242	1374
chr19	5521868	5721868	harbor1	chr19	5564940	5565517	LINE/L2	1081	+	288	5565228	43360
chr19	5521752	5721752	harbor1	chr19	5522590	5522708	LINE/L2	817	+	59	5522649	897
chr19	5521752	5721752	harbor1	chr19	5523006	5523478	LINE/L2	817	+	236	5523242	1490
chr19	5521752	5721752	harbor1	chr19	5564940	5565517	LINE/L2	1081	+	288	5565228	43476
chr19	5523072	5723072	harbor1	chr19	5523006	5523478	LINE/L2	817	+	236	5523242	170
chr19	5523072	5723072	harbor1	chr19	5564940	5565517	LINE/L2	1081	+	288	5565228	42156
chr19	5522548	5722548	harbor1	chr19	5522590	5522708	LINE/L2	817	+	59	5522649	101
chr19	5522548	5722548	harbor1	chr19	5523006	5523478	LINE/L2	817	+	236	5523242	694
chr19	5522548	5722548	harbor1	chr19	5564940	5565517	LINE/L2	1081	+	288	5565228	42680
chr19	5522869	5722869	harbor1	chr19	5523006	5523478	LINE/L2	817	+	236	5523242	373
chr19	5522869	5722869	harbor1	chr19	5564940	5565517	LINE/L2	1081	+	288	5565228	42359
chr19	5521916	5721916	harbor1	chr19	5522590	5522708	LINE/L2	817	+	59	5522649	733
chr19	5521916	5721916	harbor1	chr19	5523006	5523478	LINE/L2	817	+	236	5523242	1326
chr19	5521916	5721916	harbor1	chr19	5564940	5565517	LINE/L2	1081	+	288	5565228	43312
chr19	5522558	5722558	harbor1	chr19	5522590	5522708	LINE/L2	817	+	59	5522649	91
chr19	5522558	5722558	harbor1	chr19	5523006	5523478	LINE/L2	817	+	236	5523242	684
chr19	5522558	5722558	harbor1	chr19	5564940	5565517	LINE/L2	1081	+	288	5565228	42670
chr19	5523054	5723054	harbor1	chr19	5523006	5523478	LINE/L2	817	+	236	5523242	188
chr19	5523054	5723054	harbor1	chr19	5564940	5565517	LINE/L2	1081	+	288	5565228	42174
chr19	49751338	49951338	harbor1	chr19	49790923	49791170	LINE/L2	706	+	124	49791047	39709
chr19	34913533	35113533	harbor1	chr19	34962755	34963409	LINE/L2	854	+	327	34963082	49549
chr19	48525108	48725108	harbor1	chr19	48541891	48542099	LINE/L2	653	+	104	48541995	16887
chr19	5521188	5721188	harbor1	chr19	5522590	5522708	LINE/L2	817	+	59	5522649	1461
chr19	5521188	5721188	harbor1	chr19	5523006	5523478	LINE/L2	817	+	236	5523242	2054
chr19	5521188	5721188	harbor1	chr19	5564940	5565517	LINE/L2	1081	+	288	5565228	44040
chr19	58287222	58487222	harbor1	chr19	58324316	58324386	LINE/L2	782	+	35	58324351	37129
chr19	58287222	58487222	harbor1	chr19	58324599	58324874	LINE/L2	782	+	138	58324737	37515
chr19	58287222	58487222	harbor1	chr19	58325007	58325373	LINE/L2	782	+	183	58325190	37968
chr19	10234442	10434442	harbor1	chr19	10268399	10268757	LINE/L2	691	+	179	10268578	34136
chr19	10234442	10434442	harbor1	chr19	10269056	10269174	LINE/L2	691	+	59	10269115	34673
chr19	36428193	36628193	harbor1	chr19	36470024	36470628	LINE/L2	1144	+	302	36470326	42133
chr19	36428193	36628193	harbor1	chr19	36471233	36471743	LINE/L2	1144	+	255	36471488	43295
chr19	36428193	36628193	harbor1	chr19	36472040	36472135	LINE/L2	733	+	48	36472088	43895
chr19	36428193	36628193	harbor1	chr19	36522937	36523412	LINE/L2	1062	+	238	36523175	94982
chr19	3444890	3644890	harbor1	chr19	3497978	3498223	LINE/L2	1325	+	122	3498100	53210
chr19	3444890	3644890	harbor1	chr19	3499185	3499480	LINE/L2	1325	+	148	3499333	54443
chr19	45368712	45568712	harbor1	chr19	45373632	45373916	LINE/L2	978	+	142	45373774	5062
chr19	45368712	45568712	harbor1	chr19	45374211	45374419	LINE/L2	978	+	104	45374315	5603
chr19	45368712	45568712	harbor1	chr19	45421998	45422489	LINE/L2	1060	+	246	45422244	53532
chr19	45368712	45568712	harbor1	chr19	45422786	45422847	LINE/L2	912	+	30	45422816	54104
chr19	5518790	5718790	harbor1	chr19	5522590	5522708	LINE/L2	817	+	59	5522649	3859
chr19	5518790	5718790	harbor1	chr19	5523006	5523478	LINE/L2	817	+	236	5523242	4452
chr19	5518790	5718790	harbor1	chr19	5564940	5565517	LINE/L2	1081	+	288	5565228	46438
chr19	4570336	4770336	harbor1	chr19	4576003	4576774	LINE/L2	1287	+	386	4576389	6053
chr19	4570336	4770336	harbor1	chr19	4615690	4616067	LINE/L2	794	+	188	4615878	45542
chr19	49746065	49946065	harbor1	chr19	49790923	49791170	LINE/L2	706	+	124	49791047	44982
chr19	49751511	49951511	harbor1	chr19	49790923	49791170	LINE/L2	706	+	124	49791047	39536
chr19	5482378	5682378	harbor1	chr19	5504093	5504387	LINE/L2	732	+	147	5504240	21862
chr19	5482378	5682378	harbor1	chr19	5522590	5522708	LINE/L2	817	+	59	5522649	40271
chr19	5482378	5682378	harbor1	chr19	5523006	5523478	LINE/L2	817	+	236	5523242	40864
chr19	5482378	5682378	harbor1	chr19	5564940	5565517	LINE/L2	1081	+	288	5565228	82850
chr19	5522544	5722544	harbor1	chr19	5522590	5522708	LINE/L2	817	+	59	5522649	105
chr19	5522544	5722544	harbor1	chr19	5523006	5523478	LINE/L2	817	+	236	5523242	698
chr19	5522544	5722544	harbor1	chr19	5564940	5565517	LINE/L2	1081	+	288	5565228	42684
chr19	5521887	5721887	harbor1	chr19	5522590	5522708	LINE/L2	817	+	59	5522649	762
chr19	5521887	5721887	harbor1	chr19	5523006	5523478	LINE/L2	817	+	236	5523242	1355
chr19	5521887	5721887	harbor1	chr19	5564940	5565517	LINE/L2	1081	+	288	5565228	43341
chr19	5521182	5721182	harbor1	chr19	5522590	5522708	LINE/L2	817	+	59	5522649	1467
chr19	5521182	5721182	harbor1	chr19	5523006	5523478	LINE/L2	817	+	236	5523242	2060
chr19	5521182	5721182	harbor1	chr19	5564940	5565517	LINE/L2	1081	+	288	5565228	44046
chr19	49751471	49951471	harbor1	chr19	49790923	49791170	LINE/L2	706	+	124	49791047	39576
chr19	51494378	51694378	harbor1	chr19	51541179	51542172	LINE/L2	809	+	496	51541675	47297
chr19	3434558	3634558	harbor1	chr19	3497978	3498223	LINE/L2	1325	+	122	3498100	63542
chr19	3434558	3634558	harbor1	chr19	3499185	3499480	LINE/L2	1325	+	148	3499333	64775
chr19	49288352	49488352	harbor1	chr19	49291988	49292089	LINE/L2	979	+	50	49292038	3686
chr19	49288352	49488352	harbor1	chr19	49292388	49293086	LINE/L2	1162	+	349	49292737	4385
chr19	12938923	13138923	harbor1	chr19	12970135	12970427	LINE/L2	808	+	146	12970281	31358
chr19	19564047	19764047	harbor1	chr19	19632777	19633059	LINE/L2	1232	+	141	19632918	68871
chr19	19564047	19764047	harbor1	chr19	19633358	19633580	LINE/L2	1232	+	111	19633469	69422
chr19	5522872	5722872	harbor1	chr19	5523006	5523478	LINE/L2	817	+	236	5523242	370
chr19	5522872	5722872	harbor1	chr19	5564940	5565517	LINE/L2	1081	+	288	5565228	42356
chr19	10235231	10435231	harbor1	chr19	10268399	10268757	LINE/L2	691	+	179	10268578	33347
chr19	10235231	10435231	harbor1	chr19	10269056	10269174	LINE/L2	691	+	59	10269115	33884
chr19	48773840	48973840	harbor1	chr19	48816587	48816668	LINE/L2	695	+	40	48816627	42787
chr19	48773840	48973840	harbor1	chr19	48817479	48817740	LINE/L2	695	+	130	48817609	43769
chr19	5523021	5723021	harbor1	chr19	5523006	5523478	LINE/L2	817	+	236	5523242	221
chr19	5523021	5723021	harbor1	chr19	5564940	5565517	LINE/L2	1081	+	288	5565228	42207
chr19	49751494	49951494	harbor1	chr19	49790923	49791170	LINE/L2	706	+	124	49791047	39553
chr19	12938351	13138351	harbor1	chr19	12970135	12970427	LINE/L2	808	+	146	12970281	31930
chr19	5522534	5722534	harbor1	chr19	5522590	5522708	LINE/L2	817	+	59	5522649	115
chr19	5522534	5722534	harbor1	chr19	5523006	5523478	LINE/L2	817	+	236	5523242	708
chr19	5522534	5722534	harbor1	chr19	5564940	5565517	LINE/L2	1081	+	288	5565228	42694
chr19	48525076	48725076	harbor1	chr19	48541891	48542099	LINE/L2	653	+	104	48541995	16919
chr19	49751348	49951348	harbor1	chr19	49790923	49791170	LINE/L2	706	+	124	49791047	39699
chr19	45692939	45892939	harbor1	chr19	45696036	45696309	LINE/L2	780	+	136	45696172	3233
chr19	45692939	45892939	harbor1	chr19	45787662	45787785	LINE/L2	860	+	62	45787724	94785
chr19	45692939	45892939	harbor1	chr19	45788099	45788272	LINE/L2	860	+	86	45788185	95246
chr19	45692939	45892939	harbor1	chr19	45788454	45788646	LINE/L2	997	+	96	45788550	95611
chr19	45692939	45892939	harbor1	chr19	45788949	45789269	LINE/L2	997	+	160	45789109	96170
chr19	3456907	3656907	harbor1	chr19	3497978	3498223	LINE/L2	1325	+	122	3498100	41193
chr19	3456907	3656907	harbor1	chr19	3499185	3499480	LINE/L2	1325	+	148	3499333	42426
chr19	19534101	19734101	harbor1	chr19	19632777	19633059	LINE/L2	1232	+	141	19632918	98817
chr19	19534101	19734101	harbor1	chr19	19633358	19633580	LINE/L2	1232	+	111	19633469	99368
chr19	5521937	5721937	harbor1	chr19	5522590	5522708	LINE/L2	817	+	59	5522649	712
chr19	5521937	5721937	harbor1	chr19	5523006	5523478	LINE/L2	817	+	236	5523242	1305
chr19	5521937	5721937	harbor1	chr19	5564940	5565517	LINE/L2	1081	+	288	5565228	43291
chr19	19563666	19763666	harbor1	chr19	19632777	19633059	LINE/L2	1232	+	141	19632918	69252
chr19	19563666	19763666	harbor1	chr19	19633358	19633580	LINE/L2	1232	+	111	19633469	69803
chr19	55244734	55444734	harbor1	chr19	55277138	55277361	LINE/L2	837	+	112	55277250	32516
chr19	55244734	55444734	harbor1	chr19	55282446	55282695	LINE/L2	699	+	124	55282570	37836
chr19	49751354	49951354	harbor1	chr19	49790923	49791170	LINE/L2	706	+	124	49791047	39693
chr19	5516398	5716398	harbor1	chr19	5522590	5522708	LINE/L2	817	+	59	5522649	6251
chr19	5516398	5716398	harbor1	chr19	5523006	5523478	LINE/L2	817	+	236	5523242	6844
chr19	5516398	5716398	harbor1	chr19	5564940	5565517	LINE/L2	1081	+	288	5565228	48830
chr19	12915662	13115662	harbor1	chr19	12922917	12923302	LINE/L2	712	+	192	12923109	7447
chr19	12915662	13115662	harbor1	chr19	12923912	12924064	LINE/L2	712	+	76	12923988	8326
chr19	12915662	13115662	harbor1	chr19	12970135	12970427	LINE/L2	808	+	146	12970281	54619
chr19	5521960	5721960	harbor1	chr19	5522590	5522708	LINE/L2	817	+	59	5522649	689
chr19	5521960	5721960	harbor1	chr19	5523006	5523478	LINE/L2	817	+	236	5523242	1282
chr19	5521960	5721960	harbor1	chr19	5564940	5565517	LINE/L2	1081	+	288	5565228	43268
chr19	10192832	10392832	harbor1	chr19	10268399	10268757	LINE/L2	691	+	179	10268578	75746
chr19	10192832	10392832	harbor1	chr19	10269056	10269174	LINE/L2	691	+	59	10269115	76283
chr19	5523053	5723053	harbor1	chr19	5523006	5523478	LINE/L2	817	+	236	5523242	189
chr19	5523053	5723053	harbor1	chr19	5564940	5565517	LINE/L2	1081	+	288	5565228	42175
chr19	19563642	19763642	harbor1	chr19	19632777	19633059	LINE/L2	1232	+	141	19632918	69276
chr19	19563642	19763642	harbor1	chr19	19633358	19633580	LINE/L2	1232	+	111	19633469	69827
chr19	5521766	5721766	harbor1	chr19	5522590	5522708	LINE/L2	817	+	59	5522649	883
chr19	5521766	5721766	harbor1	chr19	5523006	5523478	LINE/L2	817	+	236	5523242	1476
chr19	5521766	5721766	harbor1	chr19	5564940	5565517	LINE/L2	1081	+	288	5565228	43462
chr19	5522885	5722885	harbor1	chr19	5523006	5523478	LINE/L2	817	+	236	5523242	357
chr19	5522885	5722885	harbor1	chr19	5564940	5565517	LINE/L2	1081	+	288	5565228	42343
chr19	19563826	19763826	harbor1	chr19	19632777	19633059	LINE/L2	1232	+	141	19632918	69092
chr19	19563826	19763826	harbor1	chr19	19633358	19633580	LINE/L2	1232	+	111	19633469	69643
chr19	49751516	49951516	harbor1	chr19	49790923	49791170	LINE/L2	706	+	124	49791047	39531
chr19	12938721	13138721	harbor1	chr19	12970135	12970427	LINE/L2	808	+	146	12970281	31560
chr19	44901381	45101381	harbor1	chr19	44922535	44922579	LINE/L2	654	+	22	44922557	21176
chr19	44901381	45101381	harbor1	chr19	44922882	44923181	LINE/L2	654	+	150	44923032	21651
chr19	44901381	45101381	harbor1	chr19	44957217	44957465	LINE/L2	656	+	124	44957341	55960
chr19	44901381	45101381	harbor1	chr19	44996143	44996392	LINE/L2	708	+	124	44996267	94886
chr19	44901381	45101381	harbor1	chr19	44998120	44998551	LINE/L2	1172	+	216	44998336	96955
chr19	19563766	19763766	harbor1	chr19	19632777	19633059	LINE/L2	1232	+	141	19632918	69152
chr19	19563766	19763766	harbor1	chr19	19633358	19633580	LINE/L2	1232	+	111	19633469	69703
chr19	12938377	13138377	harbor1	chr19	12970135	12970427	LINE/L2	808	+	146	12970281	31904
chr19	5522875	5722875	harbor1	chr19	5523006	5523478	LINE/L2	817	+	236	5523242	367
chr19	5522875	5722875	harbor1	chr19	5564940	5565517	LINE/L2	1081	+	288	5565228	42353
chr19	35443648	35643648	harbor1	chr19	35472363	35472636	LINE/L2	745	+	136	35472499	28851
chr19	35443648	35643648	harbor1	chr19	35528765	35529181	LINE/L2	955	+	208	35528973	85325
chr19	10235237	10435237	harbor1	chr19	10268399	10268757	LINE/L2	691	+	179	10268578	33341
chr19	10235237	10435237	harbor1	chr19	10269056	10269174	LINE/L2	691	+	59	10269115	33878
chr19	12934465	13134465	harbor1	chr19	12970135	12970427	LINE/L2	808	+	146	12970281	35816
chr19	5486689	5686689	harbor1	chr19	5504093	5504387	LINE/L2	732	+	147	5504240	17551
chr19	5486689	5686689	harbor1	chr19	5522590	5522708	LINE/L2	817	+	59	5522649	35960
chr19	5486689	5686689	harbor1	chr19	5523006	5523478	LINE/L2	817	+	236	5523242	36553
chr19	5486689	5686689	harbor1	chr19	5564940	5565517	LINE/L2	1081	+	288	5565228	78539
chr19	49751358	49951358	harbor1	chr19	49790923	49791170	LINE/L2	706	+	124	49791047	39689
chr19	41858678	42058678	harbor1	chr19	41955615	41955918	LINE/L2	769	+	152	41955767	97089
chr19	41858678	42058678	harbor1	chr19	41956507	41956694	LINE/L2	769	+	94	41956601	97923
chr19	10735518	10935518	harbor1	chr19	10737215	10737486	LINE/L2	792	+	136	10737351	1833
chr19	10735518	10935518	harbor1	chr19	10737785	10737902	LINE/L2	792	+	58	10737843	2325
chr19	5522557	5722557	harbor1	chr19	5522590	5522708	LINE/L2	817	+	59	5522649	92
chr19	5522557	5722557	harbor1	chr19	5523006	5523478	LINE/L2	817	+	236	5523242	685
chr19	5522557	5722557	harbor1	chr19	5564940	5565517	LINE/L2	1081	+	288	5565228	42671
chr19	12898772	13098772	harbor1	chr19	12922917	12923302	LINE/L2	712	+	192	12923109	24337
chr19	12898772	13098772	harbor1	chr19	12923912	12924064	LINE/L2	712	+	76	12923988	25216
chr19	12898772	13098772	harbor1	chr19	12970135	12970427	LINE/L2	808	+	146	12970281	71509
chr19	3400978	3600978	harbor1	chr19	3426452	3426923	LINE/L2	1193	+	236	3426688	25710
chr19	3400978	3600978	harbor1	chr19	3427226	3427455	LINE/L2	1193	+	114	3427340	26362
chr19	3400978	3600978	harbor1	chr19	3497978	3498223	LINE/L2	1325	+	122	3498100	97122
chr19	3400978	3600978	harbor1	chr19	3499185	3499480	LINE/L2	1325	+	148	3499333	98355
chr19	5522878	5722878	harbor1	chr19	5523006	5523478	LINE/L2	817	+	236	5523242	364
chr19	5522878	5722878	harbor1	chr19	5564940	5565517	LINE/L2	1081	+	288	5565228	42350
chr19	49751409	49951409	harbor1	chr19	49790923	49791170	LINE/L2	706	+	124	49791047	39638
chr19	44518410	44718410	harbor1	chr19	44519474	44519735	LINE/L2	852	+	130	44519604	1194
chr19	44518410	44718410	harbor1	chr19	44520161	44520260	LINE/L2	852	+	50	44520211	1801
chr19	44518410	44718410	harbor1	chr19	44581144	44581797	LINE/L2	1567	+	326	44581470	63060
chr19	44518410	44718410	harbor1	chr19	44581927	44582020	LINE/L2	1567	+	46	44581973	63563
chr19	49288353	49488353	harbor1	chr19	49291988	49292089	LINE/L2	979	+	50	49292038	3685
chr19	49288353	49488353	harbor1	chr19	49292388	49293086	LINE/L2	1162	+	349	49292737	4384
chr19	10043853	10243853	harbor1	chr19	10098897	10099304	LINE/L2	765	+	204	10099101	55248
chr19	10043853	10243853	harbor1	chr19	10099602	10099760	LINE/L2	765	+	79	10099681	55828
chr19	5521969	5721969	harbor1	chr19	5522590	5522708	LINE/L2	817	+	59	5522649	680
chr19	5521969	5721969	harbor1	chr19	5523006	5523478	LINE/L2	817	+	236	5523242	1273
chr19	5521969	5721969	harbor1	chr19	5564940	5565517	LINE/L2	1081	+	288	5565228	43259
chr19	39407242	39607242	harbor1	chr19	39410929	39411768	LINE/L2	1429	+	420	39411349	4107
chr19	55575001	55775001	harbor1	chr19	55586020	55586459	LINE/L2	765	+	220	55586240	11239
chr19	55575001	55775001	harbor1	chr19	55586775	55586970	LINE/L2	765	+	98	55586873	11872
chr19	19564075	19764075	harbor1	chr19	19632777	19633059	LINE/L2	1232	+	141	19632918	68843
chr19	19564075	19764075	harbor1	chr19	19633358	19633580	LINE/L2	1232	+	111	19633469	69394
chr19	35529181	35729181	harbor1	chr19	35565359	35565751	LINE/L2	654	+	196	35565555	36374
chr19	5522547	5722547	harbor1	chr19	5522590	5522708	LINE/L2	817	+	59	5522649	102
chr19	5522547	5722547	harbor1	chr19	5523006	5523478	LINE/L2	817	+	236	5523242	695
chr19	5522547	5722547	harbor1	chr19	5564940	5565517	LINE/L2	1081	+	288	5565228	42681
chr19	45692946	45892946	harbor1	chr19	45696036	45696309	LINE/L2	780	+	136	45696172	3226
chr19	45692946	45892946	harbor1	chr19	45787662	45787785	LINE/L2	860	+	62	45787724	94778
chr19	45692946	45892946	harbor1	chr19	45788099	45788272	LINE/L2	860	+	86	45788185	95239
chr19	45692946	45892946	harbor1	chr19	45788454	45788646	LINE/L2	997	+	96	45788550	95604
chr19	45692946	45892946	harbor1	chr19	45788949	45789269	LINE/L2	997	+	160	45789109	96163
chr19	4570478	4770478	harbor1	chr19	4576003	4576774	LINE/L2	1287	+	386	4576389	5911
chr19	4570478	4770478	harbor1	chr19	4615690	4616067	LINE/L2	794	+	188	4615878	45400
chr19	49751330	49951330	harbor1	chr19	49790923	49791170	LINE/L2	706	+	124	49791047	39717
chr19	5518829	5718829	harbor1	chr19	5522590	5522708	LINE/L2	817	+	59	5522649	3820
chr19	5518829	5718829	harbor1	chr19	5523006	5523478	LINE/L2	817	+	236	5523242	4413
chr19	5518829	5718829	harbor1	chr19	5564940	5565517	LINE/L2	1081	+	288	5565228	46399
chr19	49751380	49951380	harbor1	chr19	49790923	49791170	LINE/L2	706	+	124	49791047	39667
chr19	19564037	19764037	harbor1	chr19	19632777	19633059	LINE/L2	1232	+	141	19632918	68881
chr19	19564037	19764037	harbor1	chr19	19633358	19633580	LINE/L2	1232	+	111	19633469	69432
chr19	5522542	5722542	harbor1	chr19	5522590	5522708	LINE/L2	817	+	59	5522649	107
chr19	5522542	5722542	harbor1	chr19	5523006	5523478	LINE/L2	817	+	236	5523242	700
chr19	5522542	5722542	harbor1	chr19	5564940	5565517	LINE/L2	1081	+	288	5565228	42686
chr19	19557012	19757012	harbor1	chr19	19632777	19633059	LINE/L2	1232	+	141	19632918	75906
chr19	19557012	19757012	harbor1	chr19	19633358	19633580	LINE/L2	1232	+	111	19633469	76457
chr19	3287910	3487910	harbor1	chr19	3307664	3307738	LINE/L2	808	+	37	3307701	19791
chr19	3287910	3487910	harbor1	chr19	3308040	3308403	LINE/L2	808	+	182	3308222	20312
chr19	3287910	3487910	harbor1	chr19	3324536	3324991	LINE/L2	1027	+	228	3324764	36854
chr19	3287910	3487910	harbor1	chr19	3325044	3325176	LINE/L2	808	+	66	3325110	37200
chr19	3287910	3487910	harbor1	chr19	3345242	3345718	LINE/L2	1097	+	238	3345480	57570
chr19	3287910	3487910	harbor1	chr19	3373360	3373869	LINE/L2	957	+	254	3373614	85704
chr19	5523058	5723058	harbor1	chr19	5523006	5523478	LINE/L2	817	+	236	5523242	184
chr19	5523058	5723058	harbor1	chr19	5564940	5565517	LINE/L2	1081	+	288	5565228	42170
chr19	19563483	19763483	harbor1	chr19	19632777	19633059	LINE/L2	1232	+	141	19632918	69435
chr19	19563483	19763483	harbor1	chr19	19633358	19633580	LINE/L2	1232	+	111	19633469	69986
chr19	19564065	19764065	harbor1	chr19	19632777	19633059	LINE/L2	1232	+	141	19632918	68853
chr19	19564065	19764065	harbor1	chr19	19633358	19633580	LINE/L2	1232	+	111	19633469	69404
chr19	10234879	10434879	harbor1	chr19	10268399	10268757	LINE/L2	691	+	179	10268578	33699
chr19	10234879	10434879	harbor1	chr19	10269056	10269174	LINE/L2	691	+	59	10269115	34236
chr19	10710158	10910158	harbor1	chr19	10737215	10737486	LINE/L2	792	+	136	10737351	27193
chr19	10710158	10910158	harbor1	chr19	10737785	10737902	LINE/L2	792	+	58	10737843	27685
chr19	5522867	5722867	harbor1	chr19	5523006	5523478	LINE/L2	817	+	236	5523242	375
chr19	5522867	5722867	harbor1	chr19	5564940	5565517	LINE/L2	1081	+	288	5565228	42361
chr19	19563446	19763446	harbor1	chr19	19632777	19633059	LINE/L2	1232	+	141	19632918	69472
chr19	19563446	19763446	harbor1	chr19	19633358	19633580	LINE/L2	1232	+	111	19633469	70023
chr19	48525185	48725185	harbor1	chr19	48541891	48542099	LINE/L2	653	+	104	48541995	16810
chr19	5489582	5689582	harbor1	chr19	5504093	5504387	LINE/L2	732	+	147	5504240	14658
chr19	5489582	5689582	harbor1	chr19	5522590	5522708	LINE/L2	817	+	59	5522649	33067
chr19	5489582	5689582	harbor1	chr19	5523006	5523478	LINE/L2	817	+	236	5523242	33660
chr19	5489582	5689582	harbor1	chr19	5564940	5565517	LINE/L2	1081	+	288	5565228	75646
chr19	39685943	39885943	harbor1	chr19	39745569	39746303	LINE/L2	2090	+	367	39745936	59993
chr19	39685943	39885943	harbor1	chr19	39749996	39750683	LINE/L2	1707	+	344	39750340	64397
chr19	39685943	39885943	harbor1	chr19	39754929	39755246	LINE/L2	945	+	158	39755087	69144
chr19	39685943	39885943	harbor1	chr19	39755479	39756060	LINE/L2	1446	+	290	39755769	69826
chr19	5522587	5722587	harbor1	chr19	5522590	5522708	LINE/L2	817	+	59	5522649	62
chr19	5522587	5722587	harbor1	chr19	5523006	5523478	LINE/L2	817	+	236	5523242	655
chr19	5522587	5722587	harbor1	chr19	5564940	5565517	LINE/L2	1081	+	288	5565228	42641
chr19	5518947	5718947	harbor1	chr19	5522590	5522708	LINE/L2	817	+	59	5522649	3702
chr19	5518947	5718947	harbor1	chr19	5523006	5523478	LINE/L2	817	+	236	5523242	4295
chr19	5518947	5718947	harbor1	chr19	5564940	5565517	LINE/L2	1081	+	288	5565228	46281
chr19	4073246	4273246	harbor1	chr19	4151550	4151932	LINE/L2	796	+	191	4151741	78495
chr19	19538104	19738104	harbor1	chr19	19632777	19633059	LINE/L2	1232	+	141	19632918	94814
chr19	19538104	19738104	harbor1	chr19	19633358	19633580	LINE/L2	1232	+	111	19633469	95365
chr19	49751467	49951467	harbor1	chr19	49790923	49791170	LINE/L2	706	+	124	49791047	39580
chr19	35165609	35365609	harbor1	chr19	35168620	35168780	LINE/L2	798	+	80	35168700	3091
chr19	35165609	35365609	harbor1	chr19	35169080	35169316	LINE/L2	798	+	118	35169198	3589
chr19	35165609	35365609	harbor1	chr19	35225897	35226181	LINE/L2	804	+	142	35226039	60430
chr19	35165609	35365609	harbor1	chr19	35226492	35226617	LINE/L2	804	+	62	35226554	60945
chr19	49751332	49951332	harbor1	chr19	49790923	49791170	LINE/L2	706	+	124	49791047	39715
chr19	10234394	10434394	harbor1	chr19	10268399	10268757	LINE/L2	691	+	179	10268578	34184
chr19	10234394	10434394	harbor1	chr19	10269056	10269174	LINE/L2	691	+	59	10269115	34721
chr19	3352627	3552627	harbor1	chr19	3373360	3373869	LINE/L2	957	+	254	3373614	20987
chr19	3352627	3552627	harbor1	chr19	3426452	3426923	LINE/L2	1193	+	236	3426688	74061
chr19	3352627	3552627	harbor1	chr19	3427226	3427455	LINE/L2	1193	+	114	3427340	74713
chr19	5522894	5722894	harbor1	chr19	5523006	5523478	LINE/L2	817	+	236	5523242	348
chr19	5522894	5722894	harbor1	chr19	5564940	5565517	LINE/L2	1081	+	288	5565228	42334
chr19	48525114	48725114	harbor1	chr19	48541891	48542099	LINE/L2	653	+	104	48541995	16881
chr19	6729031	6929031	harbor1	chr19	6784884	6785178	LINE/L2	915	+	147	6785031	56000
chr19	6729031	6929031	harbor1	chr19	6785626	6785649	LINE/L2	915	+	12	6785638	56607
chr19	6729031	6929031	harbor1	chr19	6785960	6786236	LINE/L2	915	+	138	6786098	57067
chr19	6729031	6929031	harbor1	chr19	6796426	6796948	LINE/L2	1476	+	261	6796687	67656
chr19	10235246	10435246	harbor1	chr19	10268399	10268757	LINE/L2	691	+	179	10268578	33332
chr19	10235246	10435246	harbor1	chr19	10269056	10269174	LINE/L2	691	+	59	10269115	33869
chr19	39302722	39502722	harbor1	chr19	39337479	39337608	LINE/L2	969	+	64	39337543	34821
chr19	39302722	39502722	harbor1	chr19	39338309	39338552	LINE/L2	969	+	122	39338431	35709
chr19	39302722	39502722	harbor1	chr19	39339786	39340027	LINE/L2	812	+	120	39339906	37184
chr19	39302722	39502722	harbor1	chr19	39340340	39340424	LINE/L2	812	+	42	39340382	37660
chr19	39302722	39502722	harbor1	chr19	39340713	39340793	LINE/L2	812	+	40	39340753	38031
chr19	39302722	39502722	harbor1	chr19	39337924	39338011	LINE/L2	969	+	44	39337968	35246
chr19	19564071	19764071	harbor1	chr19	19632777	19633059	LINE/L2	1232	+	141	19632918	68847
chr19	19564071	19764071	harbor1	chr19	19633358	19633580	LINE/L2	1232	+	111	19633469	69398
chr19	49730221	49930221	harbor1	chr19	49790923	49791170	LINE/L2	706	+	124	49791047	60826
chr19	10235212	10435212	harbor1	chr19	10268399	10268757	LINE/L2	691	+	179	10268578	33366
chr19	10235212	10435212	harbor1	chr19	10269056	10269174	LINE/L2	691	+	59	10269115	33903
chr19	10189223	10389223	harbor1	chr19	10268399	10268757	LINE/L2	691	+	179	10268578	79355
chr19	10189223	10389223	harbor1	chr19	10269056	10269174	LINE/L2	691	+	59	10269115	79892
chr19	491384	691384	harbor1	chr19	499011	499381	LINE/L2	823	+	185	499196	7812
chr19	5521174	5721174	harbor1	chr19	5522590	5522708	LINE/L2	817	+	59	5522649	1475
chr19	5521174	5721174	harbor1	chr19	5523006	5523478	LINE/L2	817	+	236	5523242	2068
chr19	5521174	5721174	harbor1	chr19	5564940	5565517	LINE/L2	1081	+	288	5565228	44054
chr19	49767555	49967555	harbor1	chr19	49790923	49791170	LINE/L2	706	+	124	49791047	23492
chr19	39302740	39502740	harbor1	chr19	39337479	39337608	LINE/L2	969	+	64	39337543	34803
chr19	39302740	39502740	harbor1	chr19	39338309	39338552	LINE/L2	969	+	122	39338431	35691
chr19	39302740	39502740	harbor1	chr19	39339786	39340027	LINE/L2	812	+	120	39339906	37166
chr19	39302740	39502740	harbor1	chr19	39340340	39340424	LINE/L2	812	+	42	39340382	37642
chr19	39302740	39502740	harbor1	chr19	39340713	39340793	LINE/L2	812	+	40	39340753	38013
chr19	39302740	39502740	harbor1	chr19	39337924	39338011	LINE/L2	969	+	44	39337968	35228
chr19	10235206	10435206	harbor1	chr19	10268399	10268757	LINE/L2	691	+	179	10268578	33372
chr19	10235206	10435206	harbor1	chr19	10269056	10269174	LINE/L2	691	+	59	10269115	33909
chr19	47128433	47328433	harbor1	chr19	47142558	47143028	LINE/L2	1155	+	235	47142793	14360
chr19	3283777	3483777	harbor1	chr19	3307664	3307738	LINE/L2	808	+	37	3307701	23924
chr19	3283777	3483777	harbor1	chr19	3308040	3308403	LINE/L2	808	+	182	3308222	24445
chr19	3283777	3483777	harbor1	chr19	3324536	3324991	LINE/L2	1027	+	228	3324764	40987
chr19	3283777	3483777	harbor1	chr19	3325044	3325176	LINE/L2	808	+	66	3325110	41333
chr19	3283777	3483777	harbor1	chr19	3345242	3345718	LINE/L2	1097	+	238	3345480	61703
chr19	3283777	3483777	harbor1	chr19	3373360	3373869	LINE/L2	957	+	254	3373614	89837
chr19	208557	408557	harbor1	chr19	216088	216695	LINE/L2	1240	+	304	216392	7835
chr19	5522978	5722978	harbor1	chr19	5523006	5523478	LINE/L2	817	+	236	5523242	264
chr19	5522978	5722978	harbor1	chr19	5564940	5565517	LINE/L2	1081	+	288	5565228	42250
chr19	19563974	19763974	harbor1	chr19	19632777	19633059	LINE/L2	1232	+	141	19632918	68944
chr19	19563974	19763974	harbor1	chr19	19633358	19633580	LINE/L2	1232	+	111	19633469	69495
chr19	12938745	13138745	harbor1	chr19	12970135	12970427	LINE/L2	808	+	146	12970281	31536
chr19	10235241	10435241	harbor1	chr19	10268399	10268757	LINE/L2	691	+	179	10268578	33337
chr19	10235241	10435241	harbor1	chr19	10269056	10269174	LINE/L2	691	+	59	10269115	33874
chr19	45134770	45334770	harbor1	chr19	45157286	45157424	LINE/L2	720	+	69	45157355	22585
chr19	45134770	45334770	harbor1	chr19	45158025	45158190	LINE/L2	720	+	82	45158107	23337
chr19	45134770	45334770	harbor1	chr19	45154241	45154450	LINE/L2	676	+	104	45154345	19575
chr19	50332480	50532480	harbor1	chr19	50380836	50381167	LINE/L2	840	+	166	50381002	48522
chr19	10235240	10435240	harbor1	chr19	10268399	10268757	LINE/L2	691	+	179	10268578	33338
chr19	10235240	10435240	harbor1	chr19	10269056	10269174	LINE/L2	691	+	59	10269115	33875
chr19	48525150	48725150	harbor1	chr19	48541891	48542099	LINE/L2	653	+	104	48541995	16845
chr19	18562743	18762743	harbor1	chr19	18608688	18609322	LINE/L2	752	+	317	18609005	46262
chr19	10235300	10435300	harbor1	chr19	10268399	10268757	LINE/L2	691	+	179	10268578	33278
chr19	10235300	10435300	harbor1	chr19	10269056	10269174	LINE/L2	691	+	59	10269115	33815
chr19	5486235	5686235	harbor1	chr19	5504093	5504387	LINE/L2	732	+	147	5504240	18005
chr19	5486235	5686235	harbor1	chr19	5522590	5522708	LINE/L2	817	+	59	5522649	36414
chr19	5486235	5686235	harbor1	chr19	5523006	5523478	LINE/L2	817	+	236	5523242	37007
chr19	5486235	5686235	harbor1	chr19	5564940	5565517	LINE/L2	1081	+	288	5565228	78993
chr19	48070297	48270297	harbor1	chr19	48093222	48093716	LINE/L2	1212	+	247	48093469	23172
chr19	48070297	48270297	harbor1	chr19	48094088	48094447	LINE/L2	1212	+	180	48094268	23971
chr19	30129086	30329086	harbor1	chr19	30135338	30135845	LINE/L2	971	+	254	30135592	6506
chr19	12912105	13112105	harbor1	chr19	12922917	12923302	LINE/L2	712	+	192	12923109	11004
chr19	12912105	13112105	harbor1	chr19	12923912	12924064	LINE/L2	712	+	76	12923988	11883
chr19	12912105	13112105	harbor1	chr19	12970135	12970427	LINE/L2	808	+	146	12970281	58176
chr19	1	171218	harbor1	chr19	81917	82239	LINE/L2	732	+	161	82078	82077
chr19	11429104	11629104	harbor1	chr19	11460082	11460819	LINE/L2	1625	+	368	11460450	31346
chr19	11429104	11629104	harbor1	chr19	11490697	11491136	LINE/L2	1032	+	220	11490917	61813
chr19	11429104	11629104	harbor1	chr19	11491506	11491592	LINE/L2	746	+	43	11491549	62445
chr19	11429104	11629104	harbor1	chr19	11491877	11492050	LINE/L2	746	+	86	11491963	62859
chr19	11429104	11629104	harbor1	chr19	11492343	11492356	LINE/L2	746	+	6	11492349	63245
chr19	11429104	11629104	harbor1	chr19	11492644	11492797	LINE/L2	746	+	76	11492720	63616
chr19	11429104	11629104	harbor1	chr19	11496444	11496585	LINE/L2	703	+	70	11496514	67410
chr19	11429104	11629104	harbor1	chr19	11496859	11497347	LINE/L2	1039	+	244	11497103	67999
chr19	11429104	11629104	harbor1	chr19	11503066	11503508	LINE/L2	961	+	221	11503287	74183
chr19	11429104	11629104	harbor1	chr19	11526325	11526719	LINE/L2	705	+	197	11526522	97418
chr19	11429104	11629104	harbor1	chr19	11527020	11527044	LINE/L2	705	+	12	11527032	97928
chr19	11429104	11629104	harbor1	chr19	11527338	11527398	LINE/L2	705	+	30	11527368	98264
chr19	11429104	11629104	harbor1	chr19	11528026	11528258	LINE/L2	712	+	116	11528142	99038
chr19	11429104	11629104	harbor1	chr19	11528494	11528683	LINE/L2	712	+	94	11528588	99484
chr19	5522956	5722956	harbor1	chr19	5523006	5523478	LINE/L2	817	+	236	5523242	286
chr19	5522956	5722956	harbor1	chr19	5564940	5565517	LINE/L2	1081	+	288	5565228	42272
chr19	10189204	10389204	harbor1	chr19	10268399	10268757	LINE/L2	691	+	179	10268578	79374
chr19	10189204	10389204	harbor1	chr19	10269056	10269174	LINE/L2	691	+	59	10269115	79911
chr19	10189470	10389470	harbor1	chr19	10268399	10268757	LINE/L2	691	+	179	10268578	79108
chr19	10189470	10389470	harbor1	chr19	10269056	10269174	LINE/L2	691	+	59	10269115	79645
chr19	19563863	19763863	harbor1	chr19	19632777	19633059	LINE/L2	1232	+	141	19632918	69055
chr19	19563863	19763863	harbor1	chr19	19633358	19633580	LINE/L2	1232	+	111	19633469	69606
chr19	30129101	30329101	harbor1	chr19	30135338	30135845	LINE/L2	971	+	254	30135592	6491
chr19	12924582	13124582	harbor1	chr19	12970135	12970427	LINE/L2	808	+	146	12970281	45699
chr19	208595	408595	harbor1	chr19	216088	216695	LINE/L2	1240	+	304	216392	7797
chr19	45691429	45891429	harbor1	chr19	45696036	45696309	LINE/L2	780	+	136	45696172	4743
chr19	45691429	45891429	harbor1	chr19	45787662	45787785	LINE/L2	860	+	62	45787724	96295
chr19	45691429	45891429	harbor1	chr19	45788099	45788272	LINE/L2	860	+	86	45788185	96756
chr19	45691429	45891429	harbor1	chr19	45788454	45788646	LINE/L2	997	+	96	45788550	97121
chr19	45691429	45891429	harbor1	chr19	45788949	45789269	LINE/L2	997	+	160	45789109	97680
chr19	5522879	5722879	harbor1	chr19	5523006	5523478	LINE/L2	817	+	236	5523242	363
chr19	5522879	5722879	harbor1	chr19	5564940	5565517	LINE/L2	1081	+	288	5565228	42349
chr19	14879556	15079556	harbor1	chr19	14925626	14925817	LINE/L2	718	+	96	14925722	46166
chr19	14879556	15079556	harbor1	chr19	14926233	14926476	LINE/L2	718	+	122	14926355	46799
chr19	14879556	15079556	harbor1	chr19	14959630	14960080	LINE/L2	711	+	225	14959855	80299
chr19	49751346	49951346	harbor1	chr19	49790923	49791170	LINE/L2	706	+	124	49791047	39701
chr19	5522932	5722932	harbor1	chr19	5523006	5523478	LINE/L2	817	+	236	5523242	310
chr19	5522932	5722932	harbor1	chr19	5564940	5565517	LINE/L2	1081	+	288	5565228	42296
chr19	5521748	5721748	harbor1	chr19	5522590	5522708	LINE/L2	817	+	59	5522649	901
chr19	5521748	5721748	harbor1	chr19	5523006	5523478	LINE/L2	817	+	236	5523242	1494
chr19	5521748	5721748	harbor1	chr19	5564940	5565517	LINE/L2	1081	+	288	5565228	43480
chr19	10232690	10432690	harbor1	chr19	10268399	10268757	LINE/L2	691	+	179	10268578	35888
chr19	10232690	10432690	harbor1	chr19	10269056	10269174	LINE/L2	691	+	59	10269115	36425
chr19	49767635	49967635	harbor1	chr19	49790923	49791170	LINE/L2	706	+	124	49791047	23412
chr19	10235213	10435213	harbor1	chr19	10268399	10268757	LINE/L2	691	+	179	10268578	33365
chr19	10235213	10435213	harbor1	chr19	10269056	10269174	LINE/L2	691	+	59	10269115	33902
chr19	11667295	11867295	harbor1	chr19	11707710	11708030	LINE/L2	814	+	160	11707870	40575
chr19	11667295	11867295	harbor1	chr19	11708332	11708655	LINE/L2	814	+	162	11708494	41199
chr19	45613600	45813600	harbor1	chr19	45613796	45614362	LINE/L2	1191	+	283	45614079	479
chr19	45613600	45813600	harbor1	chr19	45688700	45688736	LINE/L2	863	+	18	45688718	75118
chr19	45613600	45813600	harbor1	chr19	45689033	45689381	LINE/L2	863	+	174	45689207	75607
chr19	45613600	45813600	harbor1	chr19	45696036	45696309	LINE/L2	780	+	136	45696172	82572
chr19	43618908	43818908	harbor1	chr19	43632065	43632802	LINE/L2	1680	+	368	43632433	13525
chr19	43618908	43818908	harbor1	chr19	43633374	43633598	LINE/L2	914	+	112	43633486	14578
chr19	43618908	43818908	harbor1	chr19	43657242	43657810	LINE/L2	1505	+	284	43657526	38618
chr19	43618908	43818908	harbor1	chr19	43713281	43713605	LINE/L2	1023	+	162	43713443	94535
chr19	5522069	5722069	harbor1	chr19	5522590	5522708	LINE/L2	817	+	59	5522649	580
chr19	5522069	5722069	harbor1	chr19	5523006	5523478	LINE/L2	817	+	236	5523242	1173
chr19	5522069	5722069	harbor1	chr19	5564940	5565517	LINE/L2	1081	+	288	5565228	43159
chr19	49751423	49951423	harbor1	chr19	49790923	49791170	LINE/L2	706	+	124	49791047	39624
chr19	48525214	48725214	harbor1	chr19	48541891	48542099	LINE/L2	653	+	104	48541995	16781
chr19	45369302	45569302	harbor1	chr19	45373632	45373916	LINE/L2	978	+	142	45373774	4472
chr19	45369302	45569302	harbor1	chr19	45374211	45374419	LINE/L2	978	+	104	45374315	5013
chr19	45369302	45569302	harbor1	chr19	45421998	45422489	LINE/L2	1060	+	246	45422244	52942
chr19	45369302	45569302	harbor1	chr19	45422786	45422847	LINE/L2	912	+	30	45422816	53514
chr19	19300335	19500335	harbor1	chr19	19319296	19319450	LINE/L2	645	+	77	19319373	19038
chr19	19300335	19500335	harbor1	chr19	19319737	19319976	LINE/L2	645	+	120	19319857	19522
chr19	10732989	10932989	harbor1	chr19	10737215	10737486	LINE/L2	792	+	136	10737351	4362
chr19	10732989	10932989	harbor1	chr19	10737785	10737902	LINE/L2	792	+	58	10737843	4854
chr19	45659510	45859510	harbor1	chr19	45688700	45688736	LINE/L2	863	+	18	45688718	29208
chr19	45659510	45859510	harbor1	chr19	45689033	45689381	LINE/L2	863	+	174	45689207	29697
chr19	45659510	45859510	harbor1	chr19	45696036	45696309	LINE/L2	780	+	136	45696172	36662
chr19	10723971	10923971	harbor1	chr19	10737215	10737486	LINE/L2	792	+	136	10737351	13380
chr19	10723971	10923971	harbor1	chr19	10737785	10737902	LINE/L2	792	+	58	10737843	13872
chr19	417890	617890	harbor1	chr19	499011	499381	LINE/L2	823	+	185	499196	81306
chr19	5521798	5721798	harbor1	chr19	5522590	5522708	LINE/L2	817	+	59	5522649	851
chr19	5521798	5721798	harbor1	chr19	5523006	5523478	LINE/L2	817	+	236	5523242	1444
chr19	5521798	5721798	harbor1	chr19	5564940	5565517	LINE/L2	1081	+	288	5565228	43430
chr19	19563667	19763667	harbor1	chr19	19632777	19633059	LINE/L2	1232	+	141	19632918	69251
chr19	19563667	19763667	harbor1	chr19	19633358	19633580	LINE/L2	1232	+	111	19633469	69802
chr19	5521791	5721791	harbor1	chr19	5522590	5522708	LINE/L2	817	+	59	5522649	858
chr19	5521791	5721791	harbor1	chr19	5523006	5523478	LINE/L2	817	+	236	5523242	1451
chr19	5521791	5721791	harbor1	chr19	5564940	5565517	LINE/L2	1081	+	288	5565228	43437
chr19	10170532	10370532	harbor1	chr19	10268399	10268757	LINE/L2	691	+	179	10268578	98046
chr19	10170532	10370532	harbor1	chr19	10269056	10269174	LINE/L2	691	+	59	10269115	98583
chr19	5493948	5693948	harbor1	chr19	5504093	5504387	LINE/L2	732	+	147	5504240	10292
chr19	5493948	5693948	harbor1	chr19	5522590	5522708	LINE/L2	817	+	59	5522649	28701
chr19	5493948	5693948	harbor1	chr19	5523006	5523478	LINE/L2	817	+	236	5523242	29294
chr19	5493948	5693948	harbor1	chr19	5564940	5565517	LINE/L2	1081	+	288	5565228	71280
chr19	10235276	10435276	harbor1	chr19	10268399	10268757	LINE/L2	691	+	179	10268578	33302
chr19	10235276	10435276	harbor1	chr19	10269056	10269174	LINE/L2	691	+	59	10269115	33839
chr19	13407605	13607605	harbor1	chr19	13409949	13410234	LINE/L2	2600	+	142	13410091	2486
chr19	13407605	13607605	harbor1	chr19	13410516	13411081	LINE/L2	2600	+	282	13410798	3193
chr19	13407605	13607605	harbor1	chr19	13411158	13411287	LINE/L2	2600	+	64	13411222	3617
chr19	13407605	13607605	harbor1	chr19	13411633	13411667	LINE/L2	2600	+	17	13411650	4045
chr19	13407605	13607605	harbor1	chr19	13412016	13412212	LINE/L2	2600	+	98	13412114	4509
chr19	13407605	13607605	harbor1	chr19	13450192	13450664	LINE/L2	1790	+	236	13450428	42823
chr19	13407605	13607605	harbor1	chr19	13460541	13461045	LINE/L2	918	+	252	13460793	53188
chr19	13407605	13607605	harbor1	chr19	13470152	13470556	LINE/L2	667	+	202	13470354	62749
chr19	13407605	13607605	harbor1	chr19	13476745	13477469	LINE/L2	1363	+	362	13477107	69502
chr19	48524511	48724511	harbor1	chr19	48541891	48542099	LINE/L2	653	+	104	48541995	17484
chr20	4586466	4786466	harbor1	chr20	4607880	4608186	LINE/L2	895	+	153	4608033	21567
chr20	4586466	4786466	harbor1	chr20	4635041	4635833	LINE/L2	571	+	396	4635437	48971
chr20	4586466	4786466	harbor1	chr20	4682218	4682696	LINE/L2	939	+	239	4682457	95991
chr20	4586466	4786466	harbor1	chr20	4682994	4683131	LINE/L2	939	+	68	4683062	96596
chr20	31622218	31822218	harbor1	chr20	31667938	31668308	LINE/L2	692	+	185	31668123	45905
chr20	31622218	31822218	harbor1	chr20	31682857	31683486	LINE/L2	1363	+	314	31683171	60953
chr20	31622218	31822218	harbor1	chr20	31683800	31683901	LINE/L2	699	+	50	31683850	61632
chr20	31622218	31822218	harbor1	chr20	31695001	31695450	LINE/L2	1370	+	224	31695225	73007
chr20	31622218	31822218	harbor1	chr20	31695746	31695949	LINE/L2	1370	+	102	31695848	73630
chr20	31622218	31822218	harbor1	chr20	31696080	31696232	LINE/L2	1370	+	76	31696156	73938
chr20	31622218	31822218	harbor1	chr20	31700029	31700243	LINE/L2	583	+	107	31700136	77918
chr20	31622218	31822218	harbor1	chr20	31715288	31715572	LINE/L2	489	+	142	31715430	93212
chr20	31622218	31822218	harbor1	chr20	31716267	31716527	LINE/L2	910	+	130	31716397	94179
chr20	10574027	10774027	harbor1	chr20	10615175	10615646	LINE/L2	1682	+	236	10615411	41384
chr20	10574027	10774027	harbor1	chr20	10616024	10616386	LINE/L2	1682	+	181	10616205	42178
chr20	10574027	10774027	harbor1	chr20	10616435	10616894	LINE/L2	1682	+	230	10616665	42638
chr20	34691570	34891570	harbor1	chr20	34770567	34770632	LINE/L2	460	+	32	34770599	79029
chr20	34691570	34891570	harbor1	chr20	34770930	34770978	LINE/L2	460	+	24	34770954	79384
chr20	34691570	34891570	harbor1	chr20	34771597	34771854	LINE/L2	526	+	128	34771725	80155
chr20	34903595	35103595	harbor1	chr20	34908254	34908539	LINE/L2	700	+	142	34908396	4801
chr20	34903595	35103595	harbor1	chr20	34929784	34929985	LINE/L2	666	+	100	34929884	26289
chr20	34903595	35103595	harbor1	chr20	34932418	34932702	LINE/L2	563	+	142	34932560	28965
chr20	34903595	35103595	harbor1	chr20	34933146	34933295	LINE/L2	528	+	74	34933220	29625
chr20	34903595	35103595	harbor1	chr20	34958341	34958470	LINE/L2	670	+	64	34958405	54810
chr20	34903595	35103595	harbor1	chr20	34958764	34958950	LINE/L2	670	+	93	34958857	55262
chr20	34903595	35103595	harbor1	chr20	34972007	34972596	LINE/L2	551	+	294	34972301	68706
chr20	34903595	35103595	harbor1	chr20	34930281	34931007	LINE/L2	666	+	363	34930644	27049
chr20	34725628	34925628	harbor1	chr20	34770567	34770632	LINE/L2	460	+	32	34770599	44971
chr20	34725628	34925628	harbor1	chr20	34770930	34770978	LINE/L2	460	+	24	34770954	45326
chr20	34725628	34925628	harbor1	chr20	34771597	34771854	LINE/L2	526	+	128	34771725	46097
chr20	34725628	34925628	harbor1	chr20	34822223	34822728	LINE/L2	525	+	252	34822475	96847
chr20	59094495	59294495	harbor1	chr20	59126493	59127777	LINE/L2	1060	+	642	59127135	32640
chr20	59094495	59294495	harbor1	chr20	59177391	59177517	LINE/L2	463	+	63	59177454	82959
chr20	50091428	50291428	harbor1	chr20	50102695	50103230	LINE/L2	779	+	268	50102963	11535
chr20	50091428	50291428	harbor1	chr20	50110582	50111144	LINE/L2	619	+	281	50110863	19435
chr20	50091428	50291428	harbor1	chr20	50123148	50123262	LINE/L2	950	+	57	50123205	31777
chr20	50091428	50291428	harbor1	chr20	50123566	50123917	LINE/L2	950	+	176	50123742	32314
chr20	50091428	50291428	harbor1	chr20	50125467	50125544	LINE/L2	495	+	38	50125505	34077
chr20	50091428	50291428	harbor1	chr20	50125890	50125900	LINE/L2	495	+	5	50125895	34467
chr20	50091428	50291428	harbor1	chr20	50126025	50126224	LINE/L2	495	+	100	50126125	34697
chr20	50091428	50291428	harbor1	chr20	50126958	50127340	LINE/L2	1155	+	191	50127149	35721
chr20	50091428	50291428	harbor1	chr20	50127645	50127719	LINE/L2	1155	+	37	50127682	36254
chr20	50091428	50291428	harbor1	chr20	50132377	50132765	LINE/L2	812	+	194	50132571	41143
chr20	50091428	50291428	harbor1	chr20	50139327	50139677	LINE/L2	1374	+	175	50139502	48074
chr20	50091428	50291428	harbor1	chr20	50139926	50140692	LINE/L2	1374	+	383	50140309	48881
chr20	50091428	50291428	harbor1	chr20	50150288	50150687	LINE/L2	1070	+	200	50150488	59060
chr20	50091428	50291428	harbor1	chr20	50150996	50151072	LINE/L2	1070	+	38	50151034	59606
chr20	50091428	50291428	harbor1	chr20	50185594	50185778	LINE/L2	601	+	92	50185686	94258
chr20	50091428	50291428	harbor1	chr20	50186032	50186249	LINE/L2	628	+	108	50186140	94712
chr20	1018874	1218874	harbor1	chr20	1024096	1024283	LINE/L2	599	+	94	1024190	5316
chr20	1018874	1218874	harbor1	chr20	1036188	1036459	LINE/L2	533	+	136	1036324	17450
chr20	1018874	1218874	harbor1	chr20	1037849	1037965	LINE/L2	460	+	58	1037907	19033
chr20	1018874	1218874	harbor1	chr20	1040795	1041354	LINE/L2	923	+	280	1041075	22201
chr20	1018874	1218874	harbor1	chr20	1049737	1049885	LINE/L2	769	+	74	1049811	30937
chr20	1018874	1218874	harbor1	chr20	1050189	1050405	LINE/L2	769	+	108	1050297	31423
chr20	1018874	1218874	harbor1	chr20	1051242	1051434	LINE/L2	877	+	96	1051338	32464
chr20	1018874	1218874	harbor1	chr20	1063044	1063066	LINE/L2	1526	+	11	1063055	44181
chr20	1018874	1218874	harbor1	chr20	1063240	1064263	LINE/L2	1526	+	512	1063752	44878
chr20	1018874	1218874	harbor1	chr20	1067349	1068099	LINE/L2	1387	+	375	1067724	48850
chr20	1018874	1218874	harbor1	chr20	1068485	1068578	LINE/L2	1387	+	46	1068531	49657
chr20	1018874	1218874	harbor1	chr20	1079009	1079359	LINE/L2	718	+	175	1079184	60310
chr20	1018874	1218874	harbor1	chr20	1105211	1105512	LINE/L2	775	+	150	1105361	86487
chr20	34774774	34974774	harbor1	chr20	34822223	34822728	LINE/L2	525	+	252	34822475	47701
chr20	34774774	34974774	harbor1	chr20	34827876	34828021	LINE/L2	461	+	72	34827948	53174
chr20	34774774	34974774	harbor1	chr20	34828628	34828664	LINE/L2	461	+	18	34828646	53872
chr20	34774774	34974774	harbor1	chr20	34828959	34829377	LINE/L2	792	+	209	34829168	54394
chr20	34774774	34974774	harbor1	chr20	34843568	34843879	LINE/L2	491	+	156	34843724	68950
chr20	34774774	34974774	harbor1	chr20	34844186	34844267	LINE/L2	491	+	40	34844226	69452
chr20	34774774	34974774	harbor1	chr20	34846247	34846296	LINE/L2	1262	+	24	34846271	71497
chr20	34774774	34974774	harbor1	chr20	34846610	34847224	LINE/L2	1321	+	307	34846917	72143
chr20	34774774	34974774	harbor1	chr20	34848958	34849161	LINE/L2	516	+	102	34849060	74286
chr20	34774774	34974774	harbor1	chr20	34849463	34849693	LINE/L2	516	+	115	34849578	74804
chr20	4586441	4786441	harbor1	chr20	4607880	4608186	LINE/L2	895	+	153	4608033	21592
chr20	4586441	4786441	harbor1	chr20	4635041	4635833	LINE/L2	571	+	396	4635437	48996
chr20	4586441	4786441	harbor1	chr20	4682218	4682696	LINE/L2	939	+	239	4682457	96016
chr20	4586441	4786441	harbor1	chr20	4682994	4683131	LINE/L2	939	+	68	4683062	96621
chr20	1018826	1218826	harbor1	chr20	1024096	1024283	LINE/L2	599	+	94	1024190	5364
chr20	1018826	1218826	harbor1	chr20	1036188	1036459	LINE/L2	533	+	136	1036324	17498
chr20	1018826	1218826	harbor1	chr20	1037849	1037965	LINE/L2	460	+	58	1037907	19081
chr20	1018826	1218826	harbor1	chr20	1040795	1041354	LINE/L2	923	+	280	1041075	22249
chr20	1018826	1218826	harbor1	chr20	1049737	1049885	LINE/L2	769	+	74	1049811	30985
chr20	1018826	1218826	harbor1	chr20	1050189	1050405	LINE/L2	769	+	108	1050297	31471
chr20	1018826	1218826	harbor1	chr20	1051242	1051434	LINE/L2	877	+	96	1051338	32512
chr20	1018826	1218826	harbor1	chr20	1063044	1063066	LINE/L2	1526	+	11	1063055	44229
chr20	1018826	1218826	harbor1	chr20	1063240	1064263	LINE/L2	1526	+	512	1063752	44926
chr20	1018826	1218826	harbor1	chr20	1067349	1068099	LINE/L2	1387	+	375	1067724	48898
chr20	1018826	1218826	harbor1	chr20	1068485	1068578	LINE/L2	1387	+	46	1068531	49705
chr20	1018826	1218826	harbor1	chr20	1079009	1079359	LINE/L2	718	+	175	1079184	60358
chr20	1018826	1218826	harbor1	chr20	1105211	1105512	LINE/L2	775	+	150	1105361	86535
chr20	9473828	9673828	harbor1	chr20	9494232	9494751	LINE/L2	994	+	260	9494492	20664
chr20	9473828	9673828	harbor1	chr20	9541444	9541699	LINE/L2	613	+	128	9541572	67744
chr20	9473828	9673828	harbor1	chr20	9542068	9542299	LINE/L2	613	+	116	9542184	68356
chr20	9473828	9673828	harbor1	chr20	9554846	9555210	LINE/L2	647	+	182	9555028	81200
chr20	34724799	34924799	harbor1	chr20	34770567	34770632	LINE/L2	460	+	32	34770599	45800
chr20	34724799	34924799	harbor1	chr20	34770930	34770978	LINE/L2	460	+	24	34770954	46155
chr20	34724799	34924799	harbor1	chr20	34771597	34771854	LINE/L2	526	+	128	34771725	46926
chr20	34724799	34924799	harbor1	chr20	34822223	34822728	LINE/L2	525	+	252	34822475	97676
chr20	50269776	50469776	harbor1	chr20	50269594	50270000	LINE/L2	663	+	203	50269797	21
chr20	50269776	50469776	harbor1	chr20	50276785	50277598	LINE/L2	823	+	406	50277191	7415
chr20	50269776	50469776	harbor1	chr20	50278143	50278653	LINE/L2	603	+	255	50278398	8622
chr20	50269776	50469776	harbor1	chr20	50278696	50278802	LINE/L2	486	+	53	50278749	8973
chr20	50269776	50469776	harbor1	chr20	50279964	50280217	LINE/L2	503	+	126	50280090	10314
chr20	50269776	50469776	harbor1	chr20	50282642	50283500	LINE/L2	1178	+	429	50283071	13295
chr20	50269776	50469776	harbor1	chr20	50284302	50284645	LINE/L2	551	+	172	50284474	14698
chr20	50269776	50469776	harbor1	chr20	50298493	50298639	LINE/L2	555	+	73	50298566	28790
chr20	50269776	50469776	harbor1	chr20	50312091	50312450	LINE/L2	978	+	180	50312271	42495
chr20	50269776	50469776	harbor1	chr20	50316307	50316546	LINE/L2	629	+	120	50316427	46651
chr20	50269776	50469776	harbor1	chr20	50316869	50317094	LINE/L2	629	+	112	50316981	47205
chr20	50269776	50469776	harbor1	chr20	50320634	50321121	LINE/L2	940	+	244	50320878	51102
chr20	50269776	50469776	harbor1	chr20	50329630	50330025	LINE/L2	619	+	198	50329828	60052
chr20	50269776	50469776	harbor1	chr20	50339775	50339916	LINE/L2	911	+	70	50339845	70069
chr20	50269776	50469776	harbor1	chr20	50340226	50340661	LINE/L2	911	+	218	50340444	70668
chr20	50269776	50469776	harbor1	chr20	50345003	50345186	LINE/L2	480	+	92	50345095	75319
chr20	50269776	50469776	harbor1	chr20	50363178	50363322	LINE/L2	487	+	72	50363250	93474
chr20	50269776	50469776	harbor1	chr20	50368222	50368523	LINE/L2	459	+	150	50368372	98596
chr20	34904865	35104865	harbor1	chr20	34908254	34908539	LINE/L2	700	+	142	34908396	3531
chr20	34904865	35104865	harbor1	chr20	34929784	34929985	LINE/L2	666	+	100	34929884	25019
chr20	34904865	35104865	harbor1	chr20	34932418	34932702	LINE/L2	563	+	142	34932560	27695
chr20	34904865	35104865	harbor1	chr20	34933146	34933295	LINE/L2	528	+	74	34933220	28355
chr20	34904865	35104865	harbor1	chr20	34958341	34958470	LINE/L2	670	+	64	34958405	53540
chr20	34904865	35104865	harbor1	chr20	34958764	34958950	LINE/L2	670	+	93	34958857	53992
chr20	34904865	35104865	harbor1	chr20	34972007	34972596	LINE/L2	551	+	294	34972301	67436
chr20	34904865	35104865	harbor1	chr20	34930281	34931007	LINE/L2	666	+	363	34930644	25779
chr20	34881332	35081332	harbor1	chr20	34908254	34908539	LINE/L2	700	+	142	34908396	27064
chr20	34881332	35081332	harbor1	chr20	34929784	34929985	LINE/L2	666	+	100	34929884	48552
chr20	34881332	35081332	harbor1	chr20	34932418	34932702	LINE/L2	563	+	142	34932560	51228
chr20	34881332	35081332	harbor1	chr20	34933146	34933295	LINE/L2	528	+	74	34933220	51888
chr20	34881332	35081332	harbor1	chr20	34958341	34958470	LINE/L2	670	+	64	34958405	77073
chr20	34881332	35081332	harbor1	chr20	34958764	34958950	LINE/L2	670	+	93	34958857	77525
chr20	34881332	35081332	harbor1	chr20	34972007	34972596	LINE/L2	551	+	294	34972301	90969
chr20	34881332	35081332	harbor1	chr20	34930281	34931007	LINE/L2	666	+	363	34930644	49312
chr20	34725642	34925642	harbor1	chr20	34770567	34770632	LINE/L2	460	+	32	34770599	44957
chr20	34725642	34925642	harbor1	chr20	34770930	34770978	LINE/L2	460	+	24	34770954	45312
chr20	34725642	34925642	harbor1	chr20	34771597	34771854	LINE/L2	526	+	128	34771725	46083
chr20	34725642	34925642	harbor1	chr20	34822223	34822728	LINE/L2	525	+	252	34822475	96833
chr20	34725595	34925595	harbor1	chr20	34770567	34770632	LINE/L2	460	+	32	34770599	45004
chr20	34725595	34925595	harbor1	chr20	34770930	34770978	LINE/L2	460	+	24	34770954	45359
chr20	34725595	34925595	harbor1	chr20	34771597	34771854	LINE/L2	526	+	128	34771725	46130
chr20	34725595	34925595	harbor1	chr20	34822223	34822728	LINE/L2	525	+	252	34822475	96880
chr20	34725630	34925630	harbor1	chr20	34770567	34770632	LINE/L2	460	+	32	34770599	44969
chr20	34725630	34925630	harbor1	chr20	34770930	34770978	LINE/L2	460	+	24	34770954	45324
chr20	34725630	34925630	harbor1	chr20	34771597	34771854	LINE/L2	526	+	128	34771725	46095
chr20	34725630	34925630	harbor1	chr20	34822223	34822728	LINE/L2	525	+	252	34822475	96845
chr20	34904910	35104910	harbor1	chr20	34908254	34908539	LINE/L2	700	+	142	34908396	3486
chr20	34904910	35104910	harbor1	chr20	34929784	34929985	LINE/L2	666	+	100	34929884	24974
chr20	34904910	35104910	harbor1	chr20	34932418	34932702	LINE/L2	563	+	142	34932560	27650
chr20	34904910	35104910	harbor1	chr20	34933146	34933295	LINE/L2	528	+	74	34933220	28310
chr20	34904910	35104910	harbor1	chr20	34958341	34958470	LINE/L2	670	+	64	34958405	53495
chr20	34904910	35104910	harbor1	chr20	34958764	34958950	LINE/L2	670	+	93	34958857	53947
chr20	34904910	35104910	harbor1	chr20	34972007	34972596	LINE/L2	551	+	294	34972301	67391
chr20	34904910	35104910	harbor1	chr20	34930281	34931007	LINE/L2	666	+	363	34930644	25734
chr20	1018844	1218844	harbor1	chr20	1024096	1024283	LINE/L2	599	+	94	1024190	5346
chr20	1018844	1218844	harbor1	chr20	1036188	1036459	LINE/L2	533	+	136	1036324	17480
chr20	1018844	1218844	harbor1	chr20	1037849	1037965	LINE/L2	460	+	58	1037907	19063
chr20	1018844	1218844	harbor1	chr20	1040795	1041354	LINE/L2	923	+	280	1041075	22231
chr20	1018844	1218844	harbor1	chr20	1049737	1049885	LINE/L2	769	+	74	1049811	30967
chr20	1018844	1218844	harbor1	chr20	1050189	1050405	LINE/L2	769	+	108	1050297	31453
chr20	1018844	1218844	harbor1	chr20	1051242	1051434	LINE/L2	877	+	96	1051338	32494
chr20	1018844	1218844	harbor1	chr20	1063044	1063066	LINE/L2	1526	+	11	1063055	44211
chr20	1018844	1218844	harbor1	chr20	1063240	1064263	LINE/L2	1526	+	512	1063752	44908
chr20	1018844	1218844	harbor1	chr20	1067349	1068099	LINE/L2	1387	+	375	1067724	48880
chr20	1018844	1218844	harbor1	chr20	1068485	1068578	LINE/L2	1387	+	46	1068531	49687
chr20	1018844	1218844	harbor1	chr20	1079009	1079359	LINE/L2	718	+	175	1079184	60340
chr20	1018844	1218844	harbor1	chr20	1105211	1105512	LINE/L2	775	+	150	1105361	86517
chr20	9473814	9673814	harbor1	chr20	9494232	9494751	LINE/L2	994	+	260	9494492	20678
chr20	9473814	9673814	harbor1	chr20	9541444	9541699	LINE/L2	613	+	128	9541572	67758
chr20	9473814	9673814	harbor1	chr20	9542068	9542299	LINE/L2	613	+	116	9542184	68370
chr20	9473814	9673814	harbor1	chr20	9554846	9555210	LINE/L2	647	+	182	9555028	81214
chr20	34725651	34925651	harbor1	chr20	34770567	34770632	LINE/L2	460	+	32	34770599	44948
chr20	34725651	34925651	harbor1	chr20	34770930	34770978	LINE/L2	460	+	24	34770954	45303
chr20	34725651	34925651	harbor1	chr20	34771597	34771854	LINE/L2	526	+	128	34771725	46074
chr20	34725651	34925651	harbor1	chr20	34822223	34822728	LINE/L2	525	+	252	34822475	96824
chr20	11791069	11991069	harbor1	chr20	11860096	11860463	LINE/L2	654	+	184	11860280	69211
chr20	11791069	11991069	harbor1	chr20	11864392	11864868	LINE/L2	701	+	238	11864630	73561
chr20	11791069	11991069	harbor1	chr20	11865169	11865203	LINE/L2	701	+	17	11865186	74117
chr20	11791069	11991069	harbor1	chr20	11872676	11872892	LINE/L2	641	+	108	11872784	81715
chr20	11791069	11991069	harbor1	chr20	11861851	11862737	LINE/L2	533	+	443	11862294	71225
chr20	34903951	35103951	harbor1	chr20	34908254	34908539	LINE/L2	700	+	142	34908396	4445
chr20	34903951	35103951	harbor1	chr20	34929784	34929985	LINE/L2	666	+	100	34929884	25933
chr20	34903951	35103951	harbor1	chr20	34932418	34932702	LINE/L2	563	+	142	34932560	28609
chr20	34903951	35103951	harbor1	chr20	34933146	34933295	LINE/L2	528	+	74	34933220	29269
chr20	34903951	35103951	harbor1	chr20	34958341	34958470	LINE/L2	670	+	64	34958405	54454
chr20	34903951	35103951	harbor1	chr20	34958764	34958950	LINE/L2	670	+	93	34958857	54906
chr20	34903951	35103951	harbor1	chr20	34972007	34972596	LINE/L2	551	+	294	34972301	68350
chr20	34903951	35103951	harbor1	chr20	34930281	34931007	LINE/L2	666	+	363	34930644	26693
chr20	34725603	34925603	harbor1	chr20	34770567	34770632	LINE/L2	460	+	32	34770599	44996
chr20	34725603	34925603	harbor1	chr20	34770930	34770978	LINE/L2	460	+	24	34770954	45351
chr20	34725603	34925603	harbor1	chr20	34771597	34771854	LINE/L2	526	+	128	34771725	46122
chr20	34725603	34925603	harbor1	chr20	34822223	34822728	LINE/L2	525	+	252	34822475	96872
chr20	4586511	4786511	harbor1	chr20	4607880	4608186	LINE/L2	895	+	153	4608033	21522
chr20	4586511	4786511	harbor1	chr20	4635041	4635833	LINE/L2	571	+	396	4635437	48926
chr20	4586511	4786511	harbor1	chr20	4682218	4682696	LINE/L2	939	+	239	4682457	95946
chr20	4586511	4786511	harbor1	chr20	4682994	4683131	LINE/L2	939	+	68	4683062	96551
chr20	50269786	50469786	harbor1	chr20	50269594	50270000	LINE/L2	663	+	203	50269797	11
chr20	50269786	50469786	harbor1	chr20	50276785	50277598	LINE/L2	823	+	406	50277191	7405
chr20	50269786	50469786	harbor1	chr20	50278143	50278653	LINE/L2	603	+	255	50278398	8612
chr20	50269786	50469786	harbor1	chr20	50278696	50278802	LINE/L2	486	+	53	50278749	8963
chr20	50269786	50469786	harbor1	chr20	50279964	50280217	LINE/L2	503	+	126	50280090	10304
chr20	50269786	50469786	harbor1	chr20	50282642	50283500	LINE/L2	1178	+	429	50283071	13285
chr20	50269786	50469786	harbor1	chr20	50284302	50284645	LINE/L2	551	+	172	50284474	14688
chr20	50269786	50469786	harbor1	chr20	50298493	50298639	LINE/L2	555	+	73	50298566	28780
chr20	50269786	50469786	harbor1	chr20	50312091	50312450	LINE/L2	978	+	180	50312271	42485
chr20	50269786	50469786	harbor1	chr20	50316307	50316546	LINE/L2	629	+	120	50316427	46641
chr20	50269786	50469786	harbor1	chr20	50316869	50317094	LINE/L2	629	+	112	50316981	47195
chr20	50269786	50469786	harbor1	chr20	50320634	50321121	LINE/L2	940	+	244	50320878	51092
chr20	50269786	50469786	harbor1	chr20	50329630	50330025	LINE/L2	619	+	198	50329828	60042
chr20	50269786	50469786	harbor1	chr20	50339775	50339916	LINE/L2	911	+	70	50339845	70059
chr20	50269786	50469786	harbor1	chr20	50340226	50340661	LINE/L2	911	+	218	50340444	70658
chr20	50269786	50469786	harbor1	chr20	50345003	50345186	LINE/L2	480	+	92	50345095	75309
chr20	50269786	50469786	harbor1	chr20	50363178	50363322	LINE/L2	487	+	72	50363250	93464
chr20	50269786	50469786	harbor1	chr20	50368222	50368523	LINE/L2	459	+	150	50368372	98586
chr21	14337898	14537898	harbor1	chr21	14356764	14357080	LINE/L2	653	+	158	14356922	19024
chr21	14337898	14537898	harbor1	chr21	14357139	14357438	LINE/L2	576	+	150	14357289	19391
chr21	14337898	14537898	harbor1	chr21	14361387	14361915	LINE/L2	743	+	264	14361651	23753
chr21	14337898	14537898	harbor1	chr21	14376640	14376957	LINE/L2	676	+	158	14376798	38900
chr21	41040224	41240224	harbor1	chr21	41059698	41060390	LINE/L2	1705	+	346	41060044	19820
chr21	41040224	41240224	harbor1	chr21	41060742	41061106	LINE/L2	1705	+	182	41060924	20700
chr21	41040224	41240224	harbor1	chr21	41061622	41062243	LINE/L2	1705	+	310	41061932	21708
chr21	41040224	41240224	harbor1	chr21	41135456	41135718	LINE/L2	506	+	131	41135587	95363
chr21	41040224	41240224	harbor1	chr21	41137784	41138085	LINE/L2	441	+	150	41137934	97710
chr21	14337849	14537849	harbor1	chr21	14356764	14357080	LINE/L2	653	+	158	14356922	19073
chr21	14337849	14537849	harbor1	chr21	14357139	14357438	LINE/L2	576	+	150	14357289	19440
chr21	14337849	14537849	harbor1	chr21	14361387	14361915	LINE/L2	743	+	264	14361651	23802
chr21	14337849	14537849	harbor1	chr21	14376640	14376957	LINE/L2	676	+	158	14376798	38949
chr21	42595318	42795318	harbor1	chr21	42642170	42642406	LINE/L2	557	+	118	42642288	46970
chr21	42595318	42795318	harbor1	chr21	42651015	42651720	LINE/L2	514	+	352	42651367	56049
chr21	45121058	45321058	harbor1	chr21	45143474	45144082	LINE/L2	673	+	304	45143778	22720
chr21	39008427	39208427	harbor1	chr21	39031473	39032043	LINE/L2	775	+	285	39031758	23331
chr21	39008427	39208427	harbor1	chr21	39035566	39035939	LINE/L2	830	+	186	39035752	27325
chr21	39008529	39208529	harbor1	chr21	39031473	39032043	LINE/L2	775	+	285	39031758	23229
chr21	39008529	39208529	harbor1	chr21	39035566	39035939	LINE/L2	830	+	186	39035752	27223
chr21	39008418	39208418	harbor1	chr21	39031473	39032043	LINE/L2	775	+	285	39031758	23340
chr21	39008418	39208418	harbor1	chr21	39035566	39035939	LINE/L2	830	+	186	39035752	27334
chr22	39578289	39778289	harbor1	chr22	39629180	39629518	LINE/L2	458	+	169	39629349	51060
chr22	39578289	39778289	harbor1	chr22	39629845	39630482	LINE/L2	976	+	318	39630163	51874
chr22	44201157	44401157	harbor1	chr22	44225212	44226449	LINE/L2	2156	+	618	44225830	24673
chr22	44201157	44401157	harbor1	chr22	44247835	44248235	LINE/L2	547	+	200	44248035	46878
chr22	44201157	44401157	harbor1	chr22	44248595	44248729	LINE/L2	447	+	67	44248662	47505
chr22	44201157	44401157	harbor1	chr22	44251053	44251261	LINE/L2	878	+	104	44251157	50000
chr22	44201157	44401157	harbor1	chr22	44254813	44255190	LINE/L2	2013	+	188	44255001	53844
chr22	44201157	44401157	harbor1	chr22	44255239	44255829	LINE/L2	2013	+	295	44255534	54377
chr22	44201157	44401157	harbor1	chr22	44256513	44256783	LINE/L2	505	+	135	44256648	55491
chr22	44201157	44401157	harbor1	chr22	44272383	44272501	LINE/L2	485	+	59	44272442	71285
chr22	44201157	44401157	harbor1	chr22	44288688	44288973	LINE/L2	503	+	142	44288830	87673
chr22	24069970	24269970	harbor1	chr22	24077124	24077385	LINE/L2	757	+	130	24077254	7284
chr22	24070005	24270005	harbor1	chr22	24077124	24077385	LINE/L2	757	+	130	24077254	7249
chr22	45966963	46166963	harbor1	chr22	45983885	45984663	LINE/L2	835	+	389	45984274	17311
chr22	45966963	46166963	harbor1	chr22	46018709	46019041	LINE/L2	485	+	166	46018875	51912
chr22	45966963	46166963	harbor1	chr22	46029733	46029881	LINE/L2	390	+	74	46029807	62844
chr22	42986422	43186422	harbor1	chr22	42997113	42997268	LINE/L2	498	+	78	42997191	10769
chr22	42986422	43186422	harbor1	chr22	43043295	43044153	LINE/L2	660	+	429	43043724	57302
chr22	42986422	43186422	harbor1	chr22	43044160	43044330	LINE/L2	411	+	85	43044245	57823
chr22	42986422	43186422	harbor1	chr22	43061662	43062128	LINE/L2	509	+	233	43061895	75473
chr22	42986422	43186422	harbor1	chr22	43077185	43077563	LINE/L2	465	+	189	43077374	90952
chr22	24068261	24268261	harbor1	chr22	24077124	24077385	LINE/L2	757	+	130	24077254	8993
chr22	23976652	24176652	harbor1	chr22	23988007	23988727	LINE/L2	731	+	360	23988367	11715
chr22	23976652	24176652	harbor1	chr22	23994652	23994780	LINE/L2	427	+	64	23994716	18064
chr22	23976652	24176652	harbor1	chr22	24058661	24059019	LINE/L2	494	+	179	24058840	82188
chr22	42989585	43189585	harbor1	chr22	42997113	42997268	LINE/L2	498	+	78	42997191	7606
chr22	42989585	43189585	harbor1	chr22	43043295	43044153	LINE/L2	660	+	429	43043724	54139
chr22	42989585	43189585	harbor1	chr22	43044160	43044330	LINE/L2	411	+	85	43044245	54660
chr22	42989585	43189585	harbor1	chr22	43061662	43062128	LINE/L2	509	+	233	43061895	72310
chr22	42989585	43189585	harbor1	chr22	43077185	43077563	LINE/L2	465	+	189	43077374	87789
chr22	42989585	43189585	harbor1	chr22	43086685	43087192	LINE/L2	511	+	254	43086939	97354
chr22	37416208	37616208	harbor1	chr22	37430871	37431136	LINE/L2	408	+	132	37431003	14795
chr22	37416208	37616208	harbor1	chr22	37441319	37441567	LINE/L2	538	+	124	37441443	25235
chr22	37416208	37616208	harbor1	chr22	37441887	37441970	LINE/L2	538	+	42	37441929	25721
chr22	37416208	37616208	harbor1	chr22	37442151	37442416	LINE/L2	442	+	132	37442283	26075
chr22	37416208	37616208	harbor1	chr22	37442411	37442539	LINE/L2	497	+	64	37442475	26267
chr22	37416208	37616208	harbor1	chr22	37470758	37471100	LINE/L2	520	+	171	37470929	54721
chr22	37416208	37616208	harbor1	chr22	37482481	37482782	LINE/L2	527	+	150	37482631	66423
chr22	37416208	37616208	harbor1	chr22	37482884	37483403	LINE/L2	631	+	260	37483144	66936
chr22	37416208	37616208	harbor1	chr22	37487160	37487706	LINE/L2	1208	+	273	37487433	71225
chr22	37416208	37616208	harbor1	chr22	37492963	37493511	LINE/L2	514	+	274	37493237	77029
chr22	37416208	37616208	harbor1	chr22	37497249	37497581	LINE/L2	395	+	166	37497415	81207
chr22	23794301	23994301	harbor1	chr22	23858746	23858971	LINE/L2	741	+	112	23858858	64557
chr22	36407036	36607036	harbor1	chr22	36408157	36408344	LINE/L2	691	+	94	36408251	1215
chr22	36407036	36607036	harbor1	chr22	36408655	36408842	LINE/L2	691	+	94	36408749	1713
chr22	36407036	36607036	harbor1	chr22	36460725	36460849	LINE/L2	476	+	62	36460787	53751
chr22	36407036	36607036	harbor1	chr22	36461150	36461401	LINE/L2	476	+	126	36461276	54240
chr22	36407036	36607036	harbor1	chr22	36474915	36475096	LINE/L2	876	+	90	36475005	67969
chr22	36407036	36607036	harbor1	chr22	36475392	36475463	LINE/L2	876	+	36	36475428	68392
chr22	36407036	36607036	harbor1	chr22	36475680	36475805	LINE/L2	876	+	62	36475742	68706
chr22	24068219	24268219	harbor1	chr22	24077124	24077385	LINE/L2	757	+	130	24077254	9035
chr22	36918544	37118544	harbor1	chr22	36924129	36925945	LINE/L2	1236	+	908	36925037	6493
chr22	36918544	37118544	harbor1	chr22	36988083	36988481	LINE/L2	588	+	199	36988282	69738
chr22	36918544	37118544	harbor1	chr22	36997313	36997823	LINE/L2	958	+	255	36997568	79024
chr22	36918544	37118544	harbor1	chr22	37009453	37009988	LINE/L2	1008	+	268	37009721	91177
chr22	24069881	24269881	harbor1	chr22	24077124	24077385	LINE/L2	757	+	130	24077254	7373
chr22	45868002	46068002	harbor1	chr22	45868136	45868748	LINE/L2	557	+	306	45868442	440
chr22	45868002	46068002	harbor1	chr22	45868786	45869181	LINE/L2	413	+	198	45868984	982
chr22	45868002	46068002	harbor1	chr22	45913698	45914010	LINE/L2	485	+	156	45913854	45852
chr22	36406317	36606317	harbor1	chr22	36408157	36408344	LINE/L2	691	+	94	36408251	1934
chr22	36406317	36606317	harbor1	chr22	36408655	36408842	LINE/L2	691	+	94	36408749	2432
chr22	36406317	36606317	harbor1	chr22	36460725	36460849	LINE/L2	476	+	62	36460787	54470
chr22	36406317	36606317	harbor1	chr22	36461150	36461401	LINE/L2	476	+	126	36461276	54959
chr22	36406317	36606317	harbor1	chr22	36474915	36475096	LINE/L2	876	+	90	36475005	68688
chr22	36406317	36606317	harbor1	chr22	36475392	36475463	LINE/L2	876	+	36	36475428	69111
chr22	36406317	36606317	harbor1	chr22	36475680	36475805	LINE/L2	876	+	62	36475742	69425
chr22	23889707	24089707	harbor1	chr22	23988007	23988727	LINE/L2	731	+	360	23988367	98660
chr22	46291620	46491620	harbor1	chr22	46298671	46299782	LINE/L2	916	+	556	46299227	7607
chr22	46291620	46491620	harbor1	chr22	46300396	46300546	LINE/L2	916	+	75	46300471	8851
chr22	24069546	24269546	harbor1	chr22	24077124	24077385	LINE/L2	757	+	130	24077254	7708
chr22	42951342	43151342	harbor1	chr22	42951344	42951751	LINE/L2	715	+	204	42951548	206
chr22	42951342	43151342	harbor1	chr22	42951799	42952230	LINE/L2	478	+	216	42952015	673
chr22	42951342	43151342	harbor1	chr22	42997113	42997268	LINE/L2	498	+	78	42997191	45849
chr22	42951342	43151342	harbor1	chr22	43043295	43044153	LINE/L2	660	+	429	43043724	92382
chr22	42951342	43151342	harbor1	chr22	43044160	43044330	LINE/L2	411	+	85	43044245	92903
chr22	24070056	24270056	harbor1	chr22	24077124	24077385	LINE/L2	757	+	130	24077254	7198
chr22	39578199	39778199	harbor1	chr22	39629180	39629518	LINE/L2	458	+	169	39629349	51150
chr22	39578199	39778199	harbor1	chr22	39629845	39630482	LINE/L2	976	+	318	39630163	51964
chr22	24070003	24270003	harbor1	chr22	24077124	24077385	LINE/L2	757	+	130	24077254	7251
chr22	39578244	39778244	harbor1	chr22	39629180	39629518	LINE/L2	458	+	169	39629349	51105
chr22	39578244	39778244	harbor1	chr22	39629845	39630482	LINE/L2	976	+	318	39630163	51919
chr22	28341001	28541001	harbor1	chr22	28382912	28384221	LINE/L2	1800	+	654	28383566	42565
chr22	28341001	28541001	harbor1	chr22	28384388	28384601	LINE/L2	580	+	106	28384494	43493
chr22	28341001	28541001	harbor1	chr22	28428373	28428583	LINE/L2	411	+	105	28428478	87477
chr22	24394912	24594912	harbor1	chr22	24404032	24404719	LINE/L2	421	+	344	24404376	9464
chr22	24394912	24594912	harbor1	chr22	24449690	24450229	LINE/L2	392	+	270	24449960	55048
chr22	24394912	24594912	harbor1	chr22	24461612	24461725	LINE/L2	606	+	56	24461668	66756
chr22	24394912	24594912	harbor1	chr22	24478756	24479342	LINE/L2	489	+	293	24479049	84137
chr22	24007472	24207472	harbor1	chr22	24058661	24059019	LINE/L2	494	+	179	24058840	51368
chr22	24007472	24207472	harbor1	chr22	24077124	24077385	LINE/L2	757	+	130	24077254	69782
chr22	32076022	32276022	harbor1	chr22	32088652	32088863	LINE/L2	463	+	106	32088758	12736
chr22	32076022	32276022	harbor1	chr22	32157206	32157420	LINE/L2	420	+	107	32157313	81291
chr22	37218535	37418535	harbor1	chr22	37235344	37235599	LINE/L2	391	+	128	37235472	16937
chr22	37218535	37418535	harbor1	chr22	37265878	37266214	LINE/L2	415	+	168	37266046	47511
chr22	37218535	37418535	harbor1	chr22	37293147	37293523	LINE/L2	453	+	188	37293335	74800
chr22	37218535	37418535	harbor1	chr22	37224388	37224543	LINE/L2	573	+	78	37224466	5931
chr22	24070059	24270059	harbor1	chr22	24077124	24077385	LINE/L2	757	+	130	24077254	7195
chr22	23971820	24171820	harbor1	chr22	23988007	23988727	LINE/L2	731	+	360	23988367	16547
chr22	23971820	24171820	harbor1	chr22	23994652	23994780	LINE/L2	427	+	64	23994716	22896
chr22	23971820	24171820	harbor1	chr22	24058661	24059019	LINE/L2	494	+	179	24058840	87020
chr22	17452700	17652700	harbor1	chr22	17457494	17457626	LINE/L2	437	+	66	17457560	4860
chr22	23214520	23414520	harbor1	chr22	23222187	23222271	LINE/L2	408	+	42	23222229	7709
chr22	23023578	23223578	harbor1	chr22	23090180	23090953	LINE/L2	557	+	386	23090566	66988
chr22	39578286	39778286	harbor1	chr22	39629180	39629518	LINE/L2	458	+	169	39629349	51063
chr22	39578286	39778286	harbor1	chr22	39629845	39630482	LINE/L2	976	+	318	39630163	51877
chr22	24069901	24269901	harbor1	chr22	24077124	24077385	LINE/L2	757	+	130	24077254	7353
chr22	39360313	39560313	harbor1	chr22	39360188	39360514	LINE/L2	529	+	163	39360351	38
chr22	39360313	39560313	harbor1	chr22	39366290	39366363	LINE/L2	906	+	36	39366326	6013
chr22	39360313	39560313	harbor1	chr22	39366651	39367257	LINE/L2	906	+	303	39366954	6641
chr22	39360313	39560313	harbor1	chr22	39394615	39394770	LINE/L2	431	+	78	39394693	34380
chr22	39360313	39560313	harbor1	chr22	39394777	39395022	LINE/L2	720	+	122	39394899	34586
chr22	39360313	39560313	harbor1	chr22	39395819	39395987	LINE/L2	450	+	84	39395903	35590
chr22	39360313	39560313	harbor1	chr22	39396290	39396889	LINE/L2	487	+	300	39396590	36277
chr22	39360313	39560313	harbor1	chr22	39400648	39400754	LINE/L2	444	+	53	39400701	40388
chr22	39360313	39560313	harbor1	chr22	39401062	39401169	LINE/L2	444	+	54	39401116	40803
chr22	39360313	39560313	harbor1	chr22	39409511	39409957	LINE/L2	943	+	223	39409734	49421
chr22	23841607	24041607	harbor1	chr22	23858746	23858971	LINE/L2	741	+	112	23858858	17251
chr22	18822251	19022251	harbor1	chr22	18835482	18835617	LINE/L2	390	+	68	18835550	13299
chr22	18822251	19022251	harbor1	chr22	18841419	18841584	LINE/L2	402	+	82	18841501	19250
chr22	24852758	25052758	harbor1	chr22	24862348	24862578	LINE/L2	401	+	115	24862463	9705
chr22	24852758	25052758	harbor1	chr22	24936599	24936795	LINE/L2	504	+	98	24936697	83939
chr22	39366873	39566873	harbor1	chr22	39366651	39367257	LINE/L2	906	+	303	39366954	81
chr22	39366873	39566873	harbor1	chr22	39394615	39394770	LINE/L2	431	+	78	39394693	27820
chr22	39366873	39566873	harbor1	chr22	39394777	39395022	LINE/L2	720	+	122	39394899	28026
chr22	39366873	39566873	harbor1	chr22	39395819	39395987	LINE/L2	450	+	84	39395903	29030
chr22	39366873	39566873	harbor1	chr22	39396290	39396889	LINE/L2	487	+	300	39396590	29717
chr22	39366873	39566873	harbor1	chr22	39400648	39400754	LINE/L2	444	+	53	39400701	33828
chr22	39366873	39566873	harbor1	chr22	39401062	39401169	LINE/L2	444	+	54	39401116	34243
chr22	39366873	39566873	harbor1	chr22	39409511	39409957	LINE/L2	943	+	223	39409734	42861
chr22	24069471	24269471	harbor1	chr22	24077124	24077385	LINE/L2	757	+	130	24077254	7783
chr22	42519774	42719774	harbor1	chr22	42537538	42537657	LINE/L2	465	+	60	42537598	17824
chr22	42519774	42719774	harbor1	chr22	42539547	42539666	LINE/L2	465	+	60	42539607	19833
chr22	24070004	24270004	harbor1	chr22	24077124	24077385	LINE/L2	757	+	130	24077254	7250
chr22	24069955	24269955	harbor1	chr22	24077124	24077385	LINE/L2	757	+	130	24077254	7299
chr22	46266866	46466866	harbor1	chr22	46298671	46299782	LINE/L2	916	+	556	46299227	32361
chr22	46266866	46466866	harbor1	chr22	46300396	46300546	LINE/L2	916	+	75	46300471	33605
chr22	41809802	42009802	harbor1	chr22	41836538	41836668	LINE/L2	476	+	65	41836603	26801
chr22	39945026	40145026	harbor1	chr22	39948527	39949106	LINE/L2	815	+	290	39948817	3791
chr22	39945026	40145026	harbor1	chr22	39953137	39953575	LINE/L2	452	+	219	39953356	8330
chr22	39945026	40145026	harbor1	chr22	39957245	39957663	LINE/L2	589	+	209	39957454	12428
chr22	39945026	40145026	harbor1	chr22	39957968	39958558	LINE/L2	1084	+	295	39958263	13237
chr22	39945026	40145026	harbor1	chr22	39968797	39969204	LINE/L2	458	+	204	39969001	23975
chr22	39945026	40145026	harbor1	chr22	39974693	39975113	LINE/L2	496	+	210	39974903	29877
chr22	39945026	40145026	harbor1	chr22	39975648	39975766	LINE/L2	432	+	59	39975707	30681
chr22	39945026	40145026	harbor1	chr22	40042422	40042699	LINE/L2	527	+	138	40042560	97534
chr22	39945026	40145026	harbor1	chr22	39976662	39977106	LINE/L2	533	+	222	39976884	31858
chr22	18756011	18956011	harbor1	chr22	18784607	18785498	LINE/L2	558	+	446	18785053	29042
chr22	18756011	18956011	harbor1	chr22	18835482	18835617	LINE/L2	390	+	68	18835550	79539
chr22	18756011	18956011	harbor1	chr22	18841419	18841584	LINE/L2	402	+	82	18841501	85490
chr22	37416206	37616206	harbor1	chr22	37430871	37431136	LINE/L2	408	+	132	37431003	14797
chr22	37416206	37616206	harbor1	chr22	37441319	37441567	LINE/L2	538	+	124	37441443	25237
chr22	37416206	37616206	harbor1	chr22	37441887	37441970	LINE/L2	538	+	42	37441929	25723
chr22	37416206	37616206	harbor1	chr22	37442151	37442416	LINE/L2	442	+	132	37442283	26077
chr22	37416206	37616206	harbor1	chr22	37442411	37442539	LINE/L2	497	+	64	37442475	26269
chr22	37416206	37616206	harbor1	chr22	37470758	37471100	LINE/L2	520	+	171	37470929	54723
chr22	37416206	37616206	harbor1	chr22	37482481	37482782	LINE/L2	527	+	150	37482631	66425
chr22	37416206	37616206	harbor1	chr22	37482884	37483403	LINE/L2	631	+	260	37483144	66938
chr22	37416206	37616206	harbor1	chr22	37487160	37487706	LINE/L2	1208	+	273	37487433	71227
chr22	37416206	37616206	harbor1	chr22	37492963	37493511	LINE/L2	514	+	274	37493237	77031
chr22	37416206	37616206	harbor1	chr22	37497249	37497581	LINE/L2	395	+	166	37497415	81209
chr22	38674448	38874448	harbor1	chr22	38715055	38715688	LINE/L2	484	+	316	38715371	40923
chr22	38674424	38874424	harbor1	chr22	38715055	38715688	LINE/L2	484	+	316	38715371	40947
chr22	24852840	25052840	harbor1	chr22	24862348	24862578	LINE/L2	401	+	115	24862463	9623
chr22	24852840	25052840	harbor1	chr22	24936599	24936795	LINE/L2	504	+	98	24936697	83857
chr22	37416203	37616203	harbor1	chr22	37430871	37431136	LINE/L2	408	+	132	37431003	14800
chr22	37416203	37616203	harbor1	chr22	37441319	37441567	LINE/L2	538	+	124	37441443	25240
chr22	37416203	37616203	harbor1	chr22	37441887	37441970	LINE/L2	538	+	42	37441929	25726
chr22	37416203	37616203	harbor1	chr22	37442151	37442416	LINE/L2	442	+	132	37442283	26080
chr22	37416203	37616203	harbor1	chr22	37442411	37442539	LINE/L2	497	+	64	37442475	26272
chr22	37416203	37616203	harbor1	chr22	37470758	37471100	LINE/L2	520	+	171	37470929	54726
chr22	37416203	37616203	harbor1	chr22	37482481	37482782	LINE/L2	527	+	150	37482631	66428
chr22	37416203	37616203	harbor1	chr22	37482884	37483403	LINE/L2	631	+	260	37483144	66941
chr22	37416203	37616203	harbor1	chr22	37487160	37487706	LINE/L2	1208	+	273	37487433	71230
chr22	37416203	37616203	harbor1	chr22	37492963	37493511	LINE/L2	514	+	274	37493237	77034
chr22	37416203	37616203	harbor1	chr22	37497249	37497581	LINE/L2	395	+	166	37497415	81212
chr22	23023556	23223556	harbor1	chr22	23090180	23090953	LINE/L2	557	+	386	23090566	67010
chr22	20395167	20595167	harbor1	chr22	20434919	20435760	LINE/L2	929	+	420	20435339	40172
chrX	135350040	135550040	harbor1	chrX	135407228	135407571	LINE/L2	857	+	172	135407400	57360
chrX	48953792	49153792	harbor1	chrX	48960015	48960793	LINE/L2	1098	+	389	48960404	6612
chrX	48953792	49153792	harbor1	chrX	48963803	48964100	LINE/L2	1709	+	148	48963951	10159
chrX	48953792	49153792	harbor1	chrX	48965030	48965053	LINE/L2	1709	+	12	48965042	11250
chrX	48953792	49153792	harbor1	chrX	48965351	48965588	LINE/L2	1709	+	118	48965469	11677
chrX	48953792	49153792	harbor1	chrX	49031763	49032215	LINE/L2	1088	+	226	49031989	78197
chrX	72043785	72243785	harbor1	chrX	72061472	72062111	LINE/L2	725	+	320	72061792	18007
chrX	72043785	72243785	harbor1	chrX	72072416	72072852	LINE/L2	526	+	218	72072634	28849
chrX	72043785	72243785	harbor1	chrX	72083941	72084164	LINE/L2	564	+	112	72084053	40268
chrX	72043785	72243785	harbor1	chrX	72108845	72109219	LINE/L2	564	+	187	72109032	65247
chrX	72206994	72406994	harbor1	chrX	72209049	72209805	LINE/L2	1241	+	378	72209427	2433
chrX	72206994	72406994	harbor1	chrX	72215664	72215955	LINE/L2	567	+	146	72215810	8816
chrX	72206994	72406994	harbor1	chrX	72238272	72238555	LINE/L2	694	+	142	72238414	31420
chrX	72206994	72406994	harbor1	chrX	72246004	72246997	LINE/L2	1704	+	496	72246500	39506
chrX	72206994	72406994	harbor1	chrX	72252927	72253343	LINE/L2	1400	+	208	72253135	46141
chrX	72206994	72406994	harbor1	chrX	72253992	72254557	LINE/L2	1400	+	282	72254274	47280
chrX	72206994	72406994	harbor1	chrX	72260399	72261016	LINE/L2	786	+	308	72260707	53713
chrX	72206994	72406994	harbor1	chrX	72261322	72261397	LINE/L2	786	+	38	72261360	54366
chrX	72206994	72406994	harbor1	chrX	72297556	72297805	LINE/L2	551	+	124	72297680	90686
chrX	48953749	49153749	harbor1	chrX	48960015	48960793	LINE/L2	1098	+	389	48960404	6655
chrX	48953749	49153749	harbor1	chrX	48963803	48964100	LINE/L2	1709	+	148	48963951	10202
chrX	48953749	49153749	harbor1	chrX	48965030	48965053	LINE/L2	1709	+	12	48965042	11293
chrX	48953749	49153749	harbor1	chrX	48965351	48965588	LINE/L2	1709	+	118	48965469	11720
chrX	48953749	49153749	harbor1	chrX	49031763	49032215	LINE/L2	1088	+	226	49031989	78240
chrX	18254781	18454781	harbor1	chrX	18310829	18311116	LINE/L2	543	+	144	18310973	56192
chrX	18254781	18454781	harbor1	chrX	18314207	18314592	LINE/L2	538	+	192	18314399	59618
chrX	18254781	18454781	harbor1	chrX	18330767	18330975	LINE/L2	614	+	104	18330871	76090
chrX	152928214	153128214	harbor1	chrX	152934101	152934269	LINE/L2	566	+	84	152934185	5971
chrX	152928214	153128214	harbor1	chrX	152978208	152978373	LINE/L2	2219	+	82	152978290	50076
chrX	152928214	153128214	harbor1	chrX	152978756	152979934	LINE/L2	2219	+	589	152979345	51131
chrX	130071741	130271741	harbor1	chrX	130142921	130143556	LINE/L2	1157	+	318	130143239	71498
chrX	130071741	130271741	harbor1	chrX	130144175	130144787	LINE/L2	747	+	306	130144481	72740
chrX	150672938	150872938	harbor1	chrX	150690848	150690951	LINE/L2	735	+	52	150690900	17962
chrX	150672938	150872938	harbor1	chrX	150691394	150691679	LINE/L2	735	+	142	150691536	18598
chrX	150672938	150872938	harbor1	chrX	150739900	150740545	LINE/L2	1440	+	322	150740222	67284
chrX	150672938	150872938	harbor1	chrX	150751735	150751900	LINE/L2	706	+	82	150751817	78879
chrX	150672938	150872938	harbor1	chrX	150752198	150752454	LINE/L2	706	+	128	150752326	79388
chrX	72206945	72406945	harbor1	chrX	72209049	72209805	LINE/L2	1241	+	378	72209427	2482
chrX	72206945	72406945	harbor1	chrX	72215664	72215955	LINE/L2	567	+	146	72215810	8865
chrX	72206945	72406945	harbor1	chrX	72238272	72238555	LINE/L2	694	+	142	72238414	31469
chrX	72206945	72406945	harbor1	chrX	72246004	72246997	LINE/L2	1704	+	496	72246500	39555
chrX	72206945	72406945	harbor1	chrX	72252927	72253343	LINE/L2	1400	+	208	72253135	46190
chrX	72206945	72406945	harbor1	chrX	72253992	72254557	LINE/L2	1400	+	282	72254274	47329
chrX	72206945	72406945	harbor1	chrX	72260399	72261016	LINE/L2	786	+	308	72260707	53762
chrX	72206945	72406945	harbor1	chrX	72261322	72261397	LINE/L2	786	+	38	72261360	54415
chrX	72206945	72406945	harbor1	chrX	72297556	72297805	LINE/L2	551	+	124	72297680	90735
chrX	18254315	18454315	harbor1	chrX	18310829	18311116	LINE/L2	543	+	144	18310973	56658
chrX	18254315	18454315	harbor1	chrX	18314207	18314592	LINE/L2	538	+	192	18314399	60084
chrX	18254315	18454315	harbor1	chrX	18330767	18330975	LINE/L2	614	+	104	18330871	76556
chrX	71006345	71206345	harbor1	chrX	71079005	71079306	LINE/L2	1133	+	150	71079155	72810
chrX	71006345	71206345	harbor1	chrX	71079629	71079703	LINE/L2	1133	+	37	71079666	73321
