H_chr	H_start	H_end	Harbor	TE_chr	TE_start	TE_end	TE	score	TE_strand	TE_half	TE_middle_pos	TE_dis
chr1	16543082	16743082	harbor1	chr1	16608757	16608897	LINE/L2	474	-	70	16608827	65745
chr1	6394942	6594942	harbor1	chr1	6431814	6431922	LINE/L2	506	-	54	6431868	36926
chr1	26400749	26600749	harbor1	chr1	26462757	26463276	LINE/L2	626	-	260	26463017	62268
chr1	26400749	26600749	harbor1	chr1	26489127	26489223	LINE/L2	482	-	48	26489175	88426
chr1	26400749	26600749	harbor1	chr1	26492164	26492345	LINE/L2	606	-	90	26492254	91505
chr1	26400749	26600749	harbor1	chr1	26492645	26492820	LINE/L2	537	-	88	26492733	91984
chr1	16423038	16623038	harbor1	chr1	16449287	16449610	LINE/L2	578	-	162	16449449	26411
chr1	16543073	16743073	harbor1	chr1	16608757	16608897	LINE/L2	474	-	70	16608827	65754
chr1	6046640	6246640	harbor1	chr1	6078899	6079114	LINE/L2	471	-	108	6079007	32367
chr1	6046640	6246640	harbor1	chr1	6097435	6098169	LINE/L2	659	-	367	6097802	51162
chr1	227441506	227641506	harbor1	chr1	227454367	227454984	LINE/L2	615	-	308	227454675	13169
chr1	227441506	227641506	harbor1	chr1	227459277	227459303	LINE/L2	497	-	13	227459290	17784
chr1	227441506	227641506	harbor1	chr1	227459614	227459828	LINE/L2	497	-	107	227459721	18215
chr1	227441506	227641506	harbor1	chr1	227460123	227460443	LINE/L2	1228	-	160	227460283	18777
chr1	227441506	227641506	harbor1	chr1	227460744	227460765	LINE/L2	1228	-	10	227460754	19248
chr1	227441506	227641506	harbor1	chr1	227461053	227461521	LINE/L2	1228	-	234	227461287	19781
chr1	227441506	227641506	harbor1	chr1	227472960	227473580	LINE/L2	629	-	310	227473270	31764
chr1	108941871	109141871	harbor1	chr1	108954763	108954817	LINE/L2	469	-	27	108954790	12919
chr1	108941871	109141871	harbor1	chr1	108955144	108955335	LINE/L2	469	-	96	108955240	13369
chr1	108941871	109141871	harbor1	chr1	108956718	108956874	LINE/L2	796	-	78	108956796	14925
chr1	108941871	109141871	harbor1	chr1	108956913	108957180	LINE/L2	796	-	134	108957047	15176
chr1	108941871	109141871	harbor1	chr1	108957594	108958115	LINE/L2	1150	-	260	108957854	15983
chr1	108941871	109141871	harbor1	chr1	108976475	108977133	LINE/L2	664	-	329	108976804	34933
chr1	108941871	109141871	harbor1	chr1	108978515	108979123	LINE/L2	721	-	304	108978819	36948
chr1	178438257	178638257	harbor1	chr1	178514151	178514551	LINE/L2	562	-	200	178514351	76094
chr1	16544872	16744872	harbor1	chr1	16608757	16608897	LINE/L2	474	-	70	16608827	63955
chr1	211033794	211233794	harbor1	chr1	211050888	211050987	LINE/L2	676	-	50	211050938	17144
chr1	211033794	211233794	harbor1	chr1	211051297	211051777	LINE/L2	676	-	240	211051537	17743
chr1	211033794	211233794	harbor1	chr1	211084831	211085322	LINE/L2	978	-	246	211085077	51283
chr1	211033794	211233794	harbor1	chr1	211103756	211104312	LINE/L2	545	-	278	211104034	70240
chr1	6294371	6494371	harbor1	chr1	6346384	6347047	LINE/L2	988	-	332	6346716	52345
chr1	33156095	33356095	harbor1	chr1	33167867	33168168	LINE/L2	708	-	150	33168017	11922
chr1	33156095	33356095	harbor1	chr1	33244395	33244490	LINE/L2	465	-	48	33244443	88348
chr1	33156095	33356095	harbor1	chr1	33253347	33253587	LINE/L2	461	-	120	33253467	97372
chr1	109183430	109383430	harbor1	chr1	109185618	109185875	LINE/L2	491	-	128	109185746	2316
chr1	109183430	109383430	harbor1	chr1	109185881	109186271	LINE/L2	1129	-	195	109186076	2646
chr1	109183430	109383430	harbor1	chr1	109244375	109244578	LINE/L2	441	-	102	109244477	61047
chr1	15661997	15861997	harbor1	chr1	15690748	15691056	LINE/L2	508	-	154	15690902	28905
chr1	15661997	15861997	harbor1	chr1	15696651	15696783	LINE/L2	499	-	66	15696717	34720
chr1	15661997	15861997	harbor1	chr1	15744745	15744967	LINE/L2	442	-	111	15744856	82859
chr1	16544914	16744914	harbor1	chr1	16608757	16608897	LINE/L2	474	-	70	16608827	63913
chr1	47316941	47516941	harbor1	chr1	47318224	47318253	LINE/L2	1016	-	14	47318238	1297
chr1	47316941	47516941	harbor1	chr1	47318548	47318590	LINE/L2	1016	-	21	47318569	1628
chr1	47316941	47516941	harbor1	chr1	47318901	47319150	LINE/L2	1016	-	124	47319025	2084
chr1	47316941	47516941	harbor1	chr1	47411230	47411451	LINE/L2	429	-	110	47411340	94399
chr1	16544773	16744773	harbor1	chr1	16608757	16608897	LINE/L2	474	-	70	16608827	64054
chr1	226479130	226679130	harbor1	chr1	226556270	226556486	LINE/L2	469	-	108	226556378	77248
chr1	211033705	211233705	harbor1	chr1	211050888	211050987	LINE/L2	676	-	50	211050938	17233
chr1	211033705	211233705	harbor1	chr1	211051297	211051777	LINE/L2	676	-	240	211051537	17832
chr1	211033705	211233705	harbor1	chr1	211084831	211085322	LINE/L2	978	-	246	211085077	51372
chr1	211033705	211233705	harbor1	chr1	211103756	211104312	LINE/L2	545	-	278	211104034	70329
chr1	16513040	16713040	harbor1	chr1	16608757	16608897	LINE/L2	474	-	70	16608827	95787
chr1	47316928	47516928	harbor1	chr1	47318224	47318253	LINE/L2	1016	-	14	47318238	1310
chr1	47316928	47516928	harbor1	chr1	47318548	47318590	LINE/L2	1016	-	21	47318569	1641
chr1	47316928	47516928	harbor1	chr1	47318901	47319150	LINE/L2	1016	-	124	47319025	2097
chr1	47316928	47516928	harbor1	chr1	47411230	47411451	LINE/L2	429	-	110	47411340	94412
chr1	13662912	13862912	harbor1	chr1	13718934	13719366	LINE/L2	673	-	216	13719150	56238
chr1	13662912	13862912	harbor1	chr1	13745052	13745425	LINE/L2	782	-	186	13745238	82326
chr1	13662912	13862912	harbor1	chr1	13745723	13745944	LINE/L2	782	-	110	13745833	82921
chr1	13662912	13862912	harbor1	chr1	13753856	13754099	LINE/L2	501	-	122	13753978	91066
chr1	16544793	16744793	harbor1	chr1	16608757	16608897	LINE/L2	474	-	70	16608827	64034
chr1	211033814	211233814	harbor1	chr1	211050888	211050987	LINE/L2	676	-	50	211050938	17124
chr1	211033814	211233814	harbor1	chr1	211051297	211051777	LINE/L2	676	-	240	211051537	17723
chr1	211033814	211233814	harbor1	chr1	211084831	211085322	LINE/L2	978	-	246	211085077	51263
chr1	211033814	211233814	harbor1	chr1	211103756	211104312	LINE/L2	545	-	278	211104034	70220
chr1	16544707	16744707	harbor1	chr1	16608757	16608897	LINE/L2	474	-	70	16608827	64120
chr1	6684326	6884326	harbor1	chr1	6688874	6689065	LINE/L2	431	-	96	6688970	4644
chr1	6684326	6884326	harbor1	chr1	6707661	6708464	LINE/L2	1192	-	402	6708063	23737
chr1	16543134	16743134	harbor1	chr1	16608757	16608897	LINE/L2	474	-	70	16608827	65693
chr1	17288486	17488486	harbor1	chr1	17302620	17302745	LINE/L2	523	-	62	17302682	14196
chr1	17288486	17488486	harbor1	chr1	17331358	17331548	LINE/L2	477	-	95	17331453	42967
chr1	17288486	17488486	harbor1	chr1	17340186	17340729	LINE/L2	1206	-	272	17340458	51972
chr1	17288486	17488486	harbor1	chr1	17350710	17350905	LINE/L2	1197	-	98	17350808	62322
chr1	17288486	17488486	harbor1	chr1	17351223	17351309	LINE/L2	1197	-	43	17351266	62780
chr1	17288486	17488486	harbor1	chr1	17351635	17351888	LINE/L2	1197	-	126	17351761	63275
chr1	17288486	17488486	harbor1	chr1	17352256	17352897	LINE/L2	603	-	320	17352576	64090
chr1	17288486	17488486	harbor1	chr1	17354896	17355269	LINE/L2	690	-	186	17355082	66596
chr1	17288486	17488486	harbor1	chr1	17356534	17356911	LINE/L2	562	-	188	17356722	68236
chr1	17288486	17488486	harbor1	chr1	17385198	17385898	LINE/L2	478	-	350	17385548	97062
chr1	16517405	16717405	harbor1	chr1	16608757	16608897	LINE/L2	474	-	70	16608827	91422
chr1	21742070	21942070	harbor1	chr1	21811591	21811978	LINE/L2	678	-	194	21811785	69715
chr1	16545030	16745030	harbor1	chr1	16608757	16608897	LINE/L2	474	-	70	16608827	63797
chr1	16543007	16743007	harbor1	chr1	16608757	16608897	LINE/L2	474	-	70	16608827	65820
chr1	205330408	205530408	harbor1	chr1	205428402	205428657	LINE/L2	584	-	128	205428530	98122
chr1	16544735	16744735	harbor1	chr1	16608757	16608897	LINE/L2	474	-	70	16608827	64092
chr1	1	128757	harbor1	chr1	59056	59208	LINE/L2	441	-	76	59132	59131
chr1	15323291	15523291	harbor1	chr1	15330694	15331232	LINE/L2	435	-	269	15330963	7672
chr1	15323291	15523291	harbor1	chr1	15360175	15360392	LINE/L2	552	-	108	15360283	36992
chr1	15323291	15523291	harbor1	chr1	15371926	15372258	LINE/L2	562	-	166	15372092	48801
chr1	47234717	47434717	harbor1	chr1	47277130	47277705	LINE/L2	818	-	288	47277418	42701
chr1	47234717	47434717	harbor1	chr1	47318224	47318253	LINE/L2	1016	-	14	47318238	83521
chr1	47234717	47434717	harbor1	chr1	47318548	47318590	LINE/L2	1016	-	21	47318569	83852
chr1	47234717	47434717	harbor1	chr1	47318901	47319150	LINE/L2	1016	-	124	47319025	84308
chr1	47234717	47434717	harbor1	chr1	47234934	47235111	LINE/L2	455	-	88	47235022	305
chr1	16542884	16742884	harbor1	chr1	16608757	16608897	LINE/L2	474	-	70	16608827	65943
chr1	29137918	29337918	harbor1	chr1	29209387	29209651	LINE/L2	624	-	132	29209519	71601
chr1	16544757	16744757	harbor1	chr1	16608757	16608897	LINE/L2	474	-	70	16608827	64070
chr1	28799072	28999072	harbor1	chr1	28806092	28806162	LINE/L2	640	-	35	28806127	7055
chr1	28799072	28999072	harbor1	chr1	28806449	28806629	LINE/L2	640	-	90	28806539	7467
chr1	28799072	28999072	harbor1	chr1	28810172	28810478	LINE/L2	445	-	153	28810325	11253
chr1	28799072	28999072	harbor1	chr1	28825940	28826051	LINE/L2	555	-	56	28825996	26924
chr1	28799072	28999072	harbor1	chr1	28854949	28855494	LINE/L2	1379	-	272	28855221	56149
chr1	28799072	28999072	harbor1	chr1	28897920	28898188	LINE/L2	551	-	134	28898054	98982
chr1	87225746	87425746	harbor1	chr1	87225707	87225917	LINE/L2	672	-	105	87225812	66
chr1	87225746	87425746	harbor1	chr1	87225967	87226333	LINE/L2	672	-	183	87226150	404
chr1	87225746	87425746	harbor1	chr1	87265745	87266001	LINE/L2	481	-	128	87265873	40127
chr1	87225746	87425746	harbor1	chr1	87266772	87266881	LINE/L2	826	-	54	87266826	41080
chr1	87225746	87425746	harbor1	chr1	87267108	87267367	LINE/L2	826	-	130	87267238	41492
chr1	87225746	87425746	harbor1	chr1	87290353	87290989	LINE/L2	656	-	318	87290671	64925
chr1	211033766	211233766	harbor1	chr1	211050888	211050987	LINE/L2	676	-	50	211050938	17172
chr1	211033766	211233766	harbor1	chr1	211051297	211051777	LINE/L2	676	-	240	211051537	17771
chr1	211033766	211233766	harbor1	chr1	211084831	211085322	LINE/L2	978	-	246	211085077	51311
chr1	211033766	211233766	harbor1	chr1	211103756	211104312	LINE/L2	545	-	278	211104034	70268
chr1	16544790	16744790	harbor1	chr1	16608757	16608897	LINE/L2	474	-	70	16608827	64037
chr1	11498163	11698163	harbor1	chr1	11551349	11551744	LINE/L2	1014	-	198	11551547	53384
chr1	11498163	11698163	harbor1	chr1	11552044	11552192	LINE/L2	1014	-	74	11552118	53955
chr1	11498163	11698163	harbor1	chr1	11590404	11590513	LINE/L2	460	-	54	11590458	92295
chr1	16538364	16738364	harbor1	chr1	16608757	16608897	LINE/L2	474	-	70	16608827	70463
chr1	154985127	155185127	harbor1	chr1	154995931	154996118	LINE/L2	558	-	94	154996025	10898
chr1	154985127	155185127	harbor1	chr1	154996112	154996409	LINE/L2	855	-	148	154996260	11133
chr1	154985127	155185127	harbor1	chr1	155038093	155038557	LINE/L2	1248	-	232	155038325	53198
chr1	154985127	155185127	harbor1	chr1	155065081	155065204	LINE/L2	536	-	62	155065143	80016
chr1	154985127	155185127	harbor1	chr1	155072951	155073237	LINE/L2	484	-	143	155073094	87967
chr1	26400777	26600777	harbor1	chr1	26462757	26463276	LINE/L2	626	-	260	26463017	62240
chr1	26400777	26600777	harbor1	chr1	26489127	26489223	LINE/L2	482	-	48	26489175	88398
chr1	26400777	26600777	harbor1	chr1	26492164	26492345	LINE/L2	606	-	90	26492254	91477
chr1	26400777	26600777	harbor1	chr1	26492645	26492820	LINE/L2	537	-	88	26492733	91956
chr1	16542853	16742853	harbor1	chr1	16608757	16608897	LINE/L2	474	-	70	16608827	65974
chr1	51230780	51430780	harbor1	chr1	51235304	51235811	LINE/L2	653	-	254	51235558	4778
chr1	51230780	51430780	harbor1	chr1	51290156	51290475	LINE/L2	647	-	160	51290316	59536
chr1	51230780	51430780	harbor1	chr1	51306772	51307282	LINE/L2	700	-	255	51307027	76247
chr1	16544788	16744788	harbor1	chr1	16608757	16608897	LINE/L2	474	-	70	16608827	64039
chr1	244605801	244805801	harbor1	chr1	244662596	244662845	LINE/L2	436	-	124	244662720	56919
chr1	6685401	6885401	harbor1	chr1	6688874	6689065	LINE/L2	431	-	96	6688970	3569
chr1	6685401	6885401	harbor1	chr1	6707661	6708464	LINE/L2	1192	-	402	6708063	22662
chr1	16543001	16743001	harbor1	chr1	16608757	16608897	LINE/L2	474	-	70	16608827	65826
chr1	16544777	16744777	harbor1	chr1	16608757	16608897	LINE/L2	474	-	70	16608827	64050
chr1	16543061	16743061	harbor1	chr1	16608757	16608897	LINE/L2	474	-	70	16608827	65766
chr1	226638244	226838244	harbor1	chr1	226671450	226672119	LINE/L2	1165	-	334	226671784	33540
chr1	54939721	55139721	harbor1	chr1	54954397	54954668	LINE/L2	550	-	136	54954533	14812
chr1	54939721	55139721	harbor1	chr1	54995228	54995963	LINE/L2	1489	-	368	54995596	55875
chr1	54939721	55139721	harbor1	chr1	54984593	54984844	LINE/L2	508	-	126	54984719	44998
chr1	15213281	15413281	harbor1	chr1	15225835	15226128	LINE/L2	429	-	146	15225981	12700
chr1	15213281	15413281	harbor1	chr1	15244667	15244825	LINE/L2	646	-	79	15244746	31465
chr1	15213281	15413281	harbor1	chr1	15245248	15245285	LINE/L2	646	-	18	15245266	31985
chr1	15213281	15413281	harbor1	chr1	15255707	15255987	LINE/L2	474	-	140	15255847	42566
chr1	15213281	15413281	harbor1	chr1	15303047	15303203	LINE/L2	503	-	78	15303125	89844
chr1	15213281	15413281	harbor1	chr1	15309310	15309560	LINE/L2	652	-	125	15309435	96154
chr1	15213281	15413281	harbor1	chr1	15309792	15310075	LINE/L2	652	-	142	15309934	96653
chr1	15213189	15413189	harbor1	chr1	15225835	15226128	LINE/L2	429	-	146	15225981	12792
chr1	15213189	15413189	harbor1	chr1	15244667	15244825	LINE/L2	646	-	79	15244746	31557
chr1	15213189	15413189	harbor1	chr1	15245248	15245285	LINE/L2	646	-	18	15245266	32077
chr1	15213189	15413189	harbor1	chr1	15255707	15255987	LINE/L2	474	-	140	15255847	42658
chr1	15213189	15413189	harbor1	chr1	15303047	15303203	LINE/L2	503	-	78	15303125	89936
chr1	15213189	15413189	harbor1	chr1	15309310	15309560	LINE/L2	652	-	125	15309435	96246
chr1	15213189	15413189	harbor1	chr1	15309792	15310075	LINE/L2	652	-	142	15309934	96745
chr1	10110200	10310200	harbor1	chr1	10117680	10117810	LINE/L2	530	-	65	10117745	7545
chr1	10110200	10310200	harbor1	chr1	10132520	10132928	LINE/L2	658	-	204	10132724	22524
chr1	15643080	15843080	harbor1	chr1	15690748	15691056	LINE/L2	508	-	154	15690902	47822
chr1	15643080	15843080	harbor1	chr1	15696651	15696783	LINE/L2	499	-	66	15696717	53637
chr1	205329486	205529486	harbor1	chr1	205428402	205428657	LINE/L2	584	-	128	205428530	99044
chr1	16543101	16743101	harbor1	chr1	16608757	16608897	LINE/L2	474	-	70	16608827	65726
chr1	51230829	51430829	harbor1	chr1	51235304	51235811	LINE/L2	653	-	254	51235558	4729
chr1	51230829	51430829	harbor1	chr1	51290156	51290475	LINE/L2	647	-	160	51290316	59487
chr1	51230829	51430829	harbor1	chr1	51306772	51307282	LINE/L2	700	-	255	51307027	76198
chr1	11740558	11940558	harbor1	chr1	11746810	11747312	LINE/L2	444	-	251	11747061	6503
chr1	11740558	11940558	harbor1	chr1	11752701	11752975	LINE/L2	585	-	137	11752838	12280
chr1	11740558	11940558	harbor1	chr1	11753564	11753865	LINE/L2	585	-	150	11753714	13156
chr1	11740558	11940558	harbor1	chr1	11762734	11763122	LINE/L2	552	-	194	11762928	22370
chr1	11740558	11940558	harbor1	chr1	11774559	11774950	LINE/L2	491	-	196	11774755	34197
chr1	11740558	11940558	harbor1	chr1	11763636	11764108	LINE/L2	838	-	236	11763872	23314
chr1	4224540	4424540	harbor1	chr1	4263706	4264225	LINE/L2	855	-	260	4263966	39426
chr1	4224540	4424540	harbor1	chr1	4264865	4264924	LINE/L2	502	-	30	4264895	40355
chr1	4224540	4424540	harbor1	chr1	4265320	4265559	LINE/L2	502	-	120	4265440	40900
chr1	154870697	155070697	harbor1	chr1	154888429	154889132	LINE/L2	762	-	352	154888781	18084
chr1	154870697	155070697	harbor1	chr1	154926702	154926864	LINE/L2	648	-	81	154926783	56086
chr1	154870697	155070697	harbor1	chr1	154928108	154928489	LINE/L2	1201	-	190	154928298	57601
chr1	154870697	155070697	harbor1	chr1	154928821	154928966	LINE/L2	1201	-	72	154928893	58196
chr1	16544791	16744791	harbor1	chr1	16608757	16608897	LINE/L2	474	-	70	16608827	64036
chr1	43447541	43647541	harbor1	chr1	43494933	43495429	LINE/L2	1060	-	248	43495181	47640
chr1	43447541	43647541	harbor1	chr1	43500311	43500435	LINE/L2	628	-	62	43500373	52832
chr1	43447541	43647541	harbor1	chr1	43521441	43521734	LINE/L2	682	-	146	43521587	74046
chr1	43447541	43647541	harbor1	chr1	43522548	43523633	LINE/L2	1267	-	542	43523090	75549
chr1	43447541	43647541	harbor1	chr1	43524528	43525317	LINE/L2	454	-	394	43524922	77381
chr1	43447541	43647541	harbor1	chr1	43527941	43528112	LINE/L2	530	-	86	43528027	80486
chr1	43447541	43647541	harbor1	chr1	43537443	43537857	LINE/L2	651	-	207	43537650	90109
chr1	226637969	226837969	harbor1	chr1	226671450	226672119	LINE/L2	1165	-	334	226671784	33815
chr1	86604779	86804779	harbor1	chr1	86615314	86615538	LINE/L2	615	-	112	86615426	10647
chr1	86604779	86804779	harbor1	chr1	86649496	86649651	LINE/L2	475	-	78	86649574	44795
chr1	86604779	86804779	harbor1	chr1	86687978	86688477	LINE/L2	535	-	250	86688228	83449
chr1	86604779	86804779	harbor1	chr1	86688812	86689181	LINE/L2	535	-	184	86688996	84217
chr1	86604779	86804779	harbor1	chr1	86690286	86690897	LINE/L2	527	-	306	86690592	85813
chr1	86604779	86804779	harbor1	chr1	86691198	86691408	LINE/L2	527	-	105	86691303	86524
chr1	25518162	25718162	harbor1	chr1	25528852	25529094	LINE/L2	480	-	121	25528973	10811
chr1	25518162	25718162	harbor1	chr1	25532905	25533123	LINE/L2	570	-	109	25533014	14852
chr1	25518162	25718162	harbor1	chr1	25541430	25541695	LINE/L2	466	-	132	25541562	23400
chr1	25518162	25718162	harbor1	chr1	25573828	25574249	LINE/L2	549	-	210	25574038	55876
chr1	25518162	25718162	harbor1	chr1	25592875	25593026	LINE/L2	440	-	76	25592951	74789
chr1	25518162	25718162	harbor1	chr1	25593323	25593467	LINE/L2	440	-	72	25593395	75233
chr1	25518162	25718162	harbor1	chr1	25599768	25599957	LINE/L2	457	-	94	25599862	81700
chr1	53370479	53570479	harbor1	chr1	53375221	53375980	LINE/L2	706	-	380	53375601	5122
chr1	53370479	53570479	harbor1	chr1	53406749	53407146	LINE/L2	522	-	198	53406947	36468
chr1	53370479	53570479	harbor1	chr1	53440355	53440503	LINE/L2	501	-	74	53440429	69950
chr1	53370479	53570479	harbor1	chr1	53440718	53440903	LINE/L2	501	-	92	53440810	70331
chr1	156525456	156725456	harbor1	chr1	156575431	156575943	LINE/L2	453	-	256	156575687	50231
chr1	156525456	156725456	harbor1	chr1	156596834	156597499	LINE/L2	492	-	332	156597166	71710
chr1	156525456	156725456	harbor1	chr1	156603727	156603962	LINE/L2	490	-	118	156603845	78389
chr1	16544924	16744924	harbor1	chr1	16608757	16608897	LINE/L2	474	-	70	16608827	63903
chr1	244589301	244789301	harbor1	chr1	244662596	244662845	LINE/L2	436	-	124	244662720	73419
chr1	16596778	16796778	harbor1	chr1	16608757	16608897	LINE/L2	474	-	70	16608827	12049
chr1	16544873	16744873	harbor1	chr1	16608757	16608897	LINE/L2	474	-	70	16608827	63954
chr1	227440888	227640888	harbor1	chr1	227454367	227454984	LINE/L2	615	-	308	227454675	13787
chr1	227440888	227640888	harbor1	chr1	227459277	227459303	LINE/L2	497	-	13	227459290	18402
chr1	227440888	227640888	harbor1	chr1	227459614	227459828	LINE/L2	497	-	107	227459721	18833
chr1	227440888	227640888	harbor1	chr1	227460123	227460443	LINE/L2	1228	-	160	227460283	19395
chr1	227440888	227640888	harbor1	chr1	227460744	227460765	LINE/L2	1228	-	10	227460754	19866
chr1	227440888	227640888	harbor1	chr1	227461053	227461521	LINE/L2	1228	-	234	227461287	20399
chr1	227440888	227640888	harbor1	chr1	227472960	227473580	LINE/L2	629	-	310	227473270	32382
chr1	16545039	16745039	harbor1	chr1	16608757	16608897	LINE/L2	474	-	70	16608827	63788
chr1	16530545	16730545	harbor1	chr1	16608757	16608897	LINE/L2	474	-	70	16608827	78282
chr1	226638245	226838245	harbor1	chr1	226671450	226672119	LINE/L2	1165	-	334	226671784	33539
chr1	154985666	155185666	harbor1	chr1	154995931	154996118	LINE/L2	558	-	94	154996025	10359
chr1	154985666	155185666	harbor1	chr1	154996112	154996409	LINE/L2	855	-	148	154996260	10594
chr1	154985666	155185666	harbor1	chr1	155038093	155038557	LINE/L2	1248	-	232	155038325	52659
chr1	154985666	155185666	harbor1	chr1	155065081	155065204	LINE/L2	536	-	62	155065143	79477
chr1	154985666	155185666	harbor1	chr1	155072951	155073237	LINE/L2	484	-	143	155073094	87428
chr1	53846279	54046279	harbor1	chr1	53887380	53887648	LINE/L2	1149	-	134	53887514	41235
chr1	53846279	54046279	harbor1	chr1	53915145	53915326	LINE/L2	597	-	90	53915235	68956
chr1	53846279	54046279	harbor1	chr1	53915575	53915782	LINE/L2	529	-	104	53915679	69400
chr1	53846279	54046279	harbor1	chr1	53886797	53887072	LINE/L2	1149	-	138	53886935	40656
chr1	53846338	54046338	harbor1	chr1	53887380	53887648	LINE/L2	1149	-	134	53887514	41176
chr1	53846338	54046338	harbor1	chr1	53915145	53915326	LINE/L2	597	-	90	53915235	68897
chr1	53846338	54046338	harbor1	chr1	53915575	53915782	LINE/L2	529	-	104	53915679	69341
chr1	53846338	54046338	harbor1	chr1	53886797	53887072	LINE/L2	1149	-	138	53886935	40597
chr1	16543014	16743014	harbor1	chr1	16608757	16608897	LINE/L2	474	-	70	16608827	65813
chr1	154400577	154600577	harbor1	chr1	154409635	154409961	LINE/L2	891	-	163	154409798	9221
chr1	154400577	154600577	harbor1	chr1	154411012	154411059	LINE/L2	524	-	24	154411036	10459
chr1	154400577	154600577	harbor1	chr1	154411360	154411505	LINE/L2	524	-	72	154411432	10855
chr1	154400577	154600577	harbor1	chr1	154453608	154454003	LINE/L2	524	-	198	154453806	53229
chr1	154400577	154600577	harbor1	chr1	154455213	154455441	LINE/L2	774	-	114	154455327	54750
chr1	154400577	154600577	harbor1	chr1	154455752	154455774	LINE/L2	774	-	11	154455763	55186
chr1	154400577	154600577	harbor1	chr1	154456075	154456203	LINE/L2	774	-	64	154456139	55562
chr1	154400577	154600577	harbor1	chr1	154456507	154456757	LINE/L2	774	-	125	154456632	56055
chr1	204585380	204785380	harbor1	chr1	204592902	204593026	LINE/L2	507	-	62	204592964	7584
chr1	204585380	204785380	harbor1	chr1	204650699	204650878	LINE/L2	472	-	90	204650789	65409
chr1	204585380	204785380	harbor1	chr1	204667511	204667907	LINE/L2	575	-	198	204667709	82329
chr1	204585380	204785380	harbor1	chr1	204669366	204669942	LINE/L2	665	-	288	204669654	84274
chr1	204585380	204785380	harbor1	chr1	204670076	204671395	LINE/L2	1811	-	660	204670736	85356
chr1	204585380	204785380	harbor1	chr1	204671439	204671647	LINE/L2	1811	-	104	204671543	86163
chr1	204585380	204785380	harbor1	chr1	204602870	204603524	LINE/L2	1089	-	327	204603197	17817
chr1	16544932	16744932	harbor1	chr1	16608757	16608897	LINE/L2	474	-	70	16608827	63895
chr1	211033792	211233792	harbor1	chr1	211050888	211050987	LINE/L2	676	-	50	211050938	17146
chr1	211033792	211233792	harbor1	chr1	211051297	211051777	LINE/L2	676	-	240	211051537	17745
chr1	211033792	211233792	harbor1	chr1	211084831	211085322	LINE/L2	978	-	246	211085077	51285
chr1	211033792	211233792	harbor1	chr1	211103756	211104312	LINE/L2	545	-	278	211104034	70242
chr1	59714670	59914670	harbor1	chr1	59748147	59748671	LINE/L2	482	-	262	59748409	33739
chr1	59714670	59914670	harbor1	chr1	59755287	59755561	LINE/L2	510	-	137	59755424	40754
chr1	9254542	9454542	harbor1	chr1	9325568	9325992	LINE/L2	885	-	212	9325780	71238
chr1	16544427	16744427	harbor1	chr1	16608757	16608897	LINE/L2	474	-	70	16608827	64400
chr1	25516681	25716681	harbor1	chr1	25528852	25529094	LINE/L2	480	-	121	25528973	12292
chr1	25516681	25716681	harbor1	chr1	25532905	25533123	LINE/L2	570	-	109	25533014	16333
chr1	25516681	25716681	harbor1	chr1	25541430	25541695	LINE/L2	466	-	132	25541562	24881
chr1	25516681	25716681	harbor1	chr1	25573828	25574249	LINE/L2	549	-	210	25574038	57357
chr1	25516681	25716681	harbor1	chr1	25592875	25593026	LINE/L2	440	-	76	25592951	76270
chr1	25516681	25716681	harbor1	chr1	25593323	25593467	LINE/L2	440	-	72	25593395	76714
chr1	25516681	25716681	harbor1	chr1	25599768	25599957	LINE/L2	457	-	94	25599862	83181
chr1	116272513	116472513	harbor1	chr1	116325628	116325748	LINE/L2	1171	-	60	116325688	53175
chr1	116272513	116472513	harbor1	chr1	116325933	116326187	LINE/L2	1171	-	127	116326060	53547
chr1	116272513	116472513	harbor1	chr1	116328782	116329146	LINE/L2	462	-	182	116328964	56451
chr1	244605835	244805835	harbor1	chr1	244662596	244662845	LINE/L2	436	-	124	244662720	56885
chr1	16545027	16745027	harbor1	chr1	16608757	16608897	LINE/L2	474	-	70	16608827	63800
chr1	244605400	244805400	harbor1	chr1	244662596	244662845	LINE/L2	436	-	124	244662720	57320
chr1	16542903	16742903	harbor1	chr1	16608757	16608897	LINE/L2	474	-	70	16608827	65924
chr1	6397828	6597828	harbor1	chr1	6431814	6431922	LINE/L2	506	-	54	6431868	34040
chr1	17019452	17219452	harbor1	chr1	17034866	17034989	LINE/L2	492	-	62	17034928	15476
chr1	17019452	17219452	harbor1	chr1	17055466	17055668	LINE/L2	429	-	101	17055567	36115
chr1	17019452	17219452	harbor1	chr1	17110963	17111082	LINE/L2	678	-	60	17111023	91571
chr1	17019452	17219452	harbor1	chr1	17111393	17111605	LINE/L2	678	-	106	17111499	92047
chr1	17019452	17219452	harbor1	chr1	17111790	17112212	LINE/L2	652	-	211	17112001	92549
chr1	17019452	17219452	harbor1	chr1	17114682	17114950	LINE/L2	884	-	134	17114816	95364
chr1	156560255	156760255	harbor1	chr1	156575431	156575943	LINE/L2	453	-	256	156575687	15432
chr1	156560255	156760255	harbor1	chr1	156596834	156597499	LINE/L2	492	-	332	156597166	36911
chr1	156560255	156760255	harbor1	chr1	156603727	156603962	LINE/L2	490	-	118	156603845	43590
chr1	16544809	16744809	harbor1	chr1	16608757	16608897	LINE/L2	474	-	70	16608827	64018
chr1	30662344	30862344	harbor1	chr1	30665074	30665186	LINE/L2	527	-	56	30665130	2786
chr1	30662344	30862344	harbor1	chr1	30677354	30677888	LINE/L2	456	-	267	30677621	15277
chr1	30662344	30862344	harbor1	chr1	30741806	30742192	LINE/L2	429	-	193	30741999	79655
chr1	156559410	156759410	harbor1	chr1	156575431	156575943	LINE/L2	453	-	256	156575687	16277
chr1	156559410	156759410	harbor1	chr1	156596834	156597499	LINE/L2	492	-	332	156597166	37756
chr1	156559410	156759410	harbor1	chr1	156603727	156603962	LINE/L2	490	-	118	156603845	44435
chr1	51419171	51619171	harbor1	chr1	51436453	51436728	LINE/L2	450	-	138	51436591	17420
chr1	16544989	16744989	harbor1	chr1	16608757	16608897	LINE/L2	474	-	70	16608827	63838
chr1	16544731	16744731	harbor1	chr1	16608757	16608897	LINE/L2	474	-	70	16608827	64096
chr1	28814567	29014567	harbor1	chr1	28825940	28826051	LINE/L2	555	-	56	28825996	11429
chr1	28814567	29014567	harbor1	chr1	28854949	28855494	LINE/L2	1379	-	272	28855221	40654
chr1	28814567	29014567	harbor1	chr1	28897920	28898188	LINE/L2	551	-	134	28898054	83487
chr1	28814567	29014567	harbor1	chr1	28912149	28912383	LINE/L2	633	-	117	28912266	97699
chr1	110112132	110312132	harbor1	chr1	110128027	110128173	LINE/L2	504	-	73	110128100	15968
chr1	110112132	110312132	harbor1	chr1	110128243	110128532	LINE/L2	435	-	144	110128387	16255
chr1	110112132	110312132	harbor1	chr1	110138995	110139183	LINE/L2	454	-	94	110139089	26957
chr1	110112132	110312132	harbor1	chr1	110146599	110148215	LINE/L2	818	-	808	110147407	35275
chr1	110112132	110312132	harbor1	chr1	110181424	110182206	LINE/L2	1512	-	391	110181815	69683
chr1	110112132	110312132	harbor1	chr1	110183649	110183998	LINE/L2	814	-	174	110183823	71691
chr1	16544918	16744918	harbor1	chr1	16608757	16608897	LINE/L2	474	-	70	16608827	63909
chr1	179714840	179914840	harbor1	chr1	179718151	179718533	LINE/L2	460	-	191	179718342	3502
chr1	179714840	179914840	harbor1	chr1	179723356	179723507	LINE/L2	465	-	76	179723432	8592
chr1	179714840	179914840	harbor1	chr1	179727228	179727791	LINE/L2	860	-	282	179727510	12670
chr1	179714840	179914840	harbor1	chr1	179750192	179751623	LINE/L2	1616	-	716	179750908	36068
chr1	23269371	23469371	harbor1	chr1	23276452	23276867	LINE/L2	1080	-	208	23276660	7289
chr1	23269371	23469371	harbor1	chr1	23327293	23327405	LINE/L2	748	-	56	23327349	57978
chr1	23269371	23469371	harbor1	chr1	23327719	23327879	LINE/L2	748	-	80	23327799	58428
chr1	23269371	23469371	harbor1	chr1	23328013	23328421	LINE/L2	773	-	204	23328217	58846
chr1	23269371	23469371	harbor1	chr1	23356223	23356802	LINE/L2	747	-	290	23356513	87142
chr1	31080007	31280007	harbor1	chr1	31086727	31087130	LINE/L2	811	-	202	31086929	6922
chr1	31080007	31280007	harbor1	chr1	31087997	31088045	LINE/L2	678	-	24	31088021	8014
chr1	31080007	31280007	harbor1	chr1	31088338	31088564	LINE/L2	678	-	113	31088451	8444
chr1	31080007	31280007	harbor1	chr1	31144325	31144510	LINE/L2	429	-	92	31144417	64410
chr1	31080007	31280007	harbor1	chr1	31145863	31145926	LINE/L2	429	-	32	31145895	65888
chr1	7671217	7871217	harbor1	chr1	7674840	7675502	LINE/L2	612	-	331	7675171	3954
chr1	7671217	7871217	harbor1	chr1	7686118	7687349	LINE/L2	1266	-	616	7686734	15517
chr1	7671217	7871217	harbor1	chr1	7690931	7691530	LINE/L2	532	-	300	7691231	20014
chr1	24895887	25095887	harbor1	chr1	24915011	24915141	LINE/L2	869	-	65	24915076	19189
chr1	24895887	25095887	harbor1	chr1	24915445	24915809	LINE/L2	869	-	182	24915627	19740
chr1	24895887	25095887	harbor1	chr1	24942244	24942619	LINE/L2	599	-	188	24942432	46545
chr1	24895887	25095887	harbor1	chr1	24979089	24979226	LINE/L2	544	-	68	24979157	83270
chr1	24895887	25095887	harbor1	chr1	24979582	24979878	LINE/L2	544	-	148	24979730	83843
chr1	24895887	25095887	harbor1	chr1	24982848	24983179	LINE/L2	735	-	166	24983014	87127
chr1	24895887	25095887	harbor1	chr1	24989001	24989407	LINE/L2	1603	-	203	24989204	93317
chr1	24895887	25095887	harbor1	chr1	24989725	24990239	LINE/L2	1603	-	257	24989982	94095
chr1	32106047	32306047	harbor1	chr1	32106316	32106482	LINE/L2	586	-	83	32106399	352
chr1	32106047	32306047	harbor1	chr1	32119452	32119574	LINE/L2	486	-	61	32119513	13466
chr1	32106047	32306047	harbor1	chr1	32186156	32186796	LINE/L2	653	-	320	32186476	80429
chr1	32106047	32306047	harbor1	chr1	32187369	32187640	LINE/L2	533	-	136	32187505	81458
chr1	51229911	51429911	harbor1	chr1	51235304	51235811	LINE/L2	653	-	254	51235558	5647
chr1	51229911	51429911	harbor1	chr1	51290156	51290475	LINE/L2	647	-	160	51290316	60405
chr1	51229911	51429911	harbor1	chr1	51306772	51307282	LINE/L2	700	-	255	51307027	77116
chr1	244605782	244805782	harbor1	chr1	244662596	244662845	LINE/L2	436	-	124	244662720	56938
chr1	20048547	20248547	harbor1	chr1	20055056	20055222	LINE/L2	509	-	83	20055139	6592
chr1	20048547	20248547	harbor1	chr1	20055840	20055981	LINE/L2	509	-	70	20055910	7363
chr1	20048547	20248547	harbor1	chr1	20071400	20071606	LINE/L2	441	-	103	20071503	22956
chr1	20048547	20248547	harbor1	chr1	20073554	20073600	LINE/L2	597	-	23	20073577	25030
chr1	20048547	20248547	harbor1	chr1	20073882	20074176	LINE/L2	597	-	147	20074029	25482
chr1	20048547	20248547	harbor1	chr1	20077457	20077569	LINE/L2	552	-	56	20077513	28966
chr1	16544880	16744880	harbor1	chr1	16608757	16608897	LINE/L2	474	-	70	16608827	63947
chr1	16544895	16744895	harbor1	chr1	16608757	16608897	LINE/L2	474	-	70	16608827	63932
chr1	22501599	22701599	harbor1	chr1	22514856	22515355	LINE/L2	1319	-	250	22515106	13507
chr1	22501599	22701599	harbor1	chr1	22515815	22516264	LINE/L2	1319	-	224	22516039	14440
chr1	22501599	22701599	harbor1	chr1	22516315	22516511	LINE/L2	1319	-	98	22516413	14814
chr1	22501599	22701599	harbor1	chr1	22540277	22540871	LINE/L2	1279	-	297	22540574	38975
chr1	22501599	22701599	harbor1	chr1	22541003	22541223	LINE/L2	463	-	110	22541113	39514
chr1	22501599	22701599	harbor1	chr1	22556687	22557101	LINE/L2	484	-	207	22556894	55295
chr1	16544752	16744752	harbor1	chr1	16608757	16608897	LINE/L2	474	-	70	16608827	64075
chr1	227983972	228183972	harbor1	chr1	227984872	227985430	LINE/L2	505	-	279	227985151	1179
chr1	227983972	228183972	harbor1	chr1	227985429	227985546	LINE/L2	571	-	58	227985487	1515
chr1	230025255	230225255	harbor1	chr1	230075558	230075876	LINE/L2	742	-	159	230075717	50462
chr1	28814559	29014559	harbor1	chr1	28825940	28826051	LINE/L2	555	-	56	28825996	11437
chr1	28814559	29014559	harbor1	chr1	28854949	28855494	LINE/L2	1379	-	272	28855221	40662
chr1	28814559	29014559	harbor1	chr1	28897920	28898188	LINE/L2	551	-	134	28898054	83495
chr1	28814559	29014559	harbor1	chr1	28912149	28912383	LINE/L2	633	-	117	28912266	97707
chr1	47316981	47516981	harbor1	chr1	47318224	47318253	LINE/L2	1016	-	14	47318238	1257
chr1	47316981	47516981	harbor1	chr1	47318548	47318590	LINE/L2	1016	-	21	47318569	1588
chr1	47316981	47516981	harbor1	chr1	47318901	47319150	LINE/L2	1016	-	124	47319025	2044
chr1	47316981	47516981	harbor1	chr1	47411230	47411451	LINE/L2	429	-	110	47411340	94359
chr1	165531488	165731488	harbor1	chr1	165531956	165532447	LINE/L2	1116	-	246	165532202	714
chr1	165531488	165731488	harbor1	chr1	165552834	165553683	LINE/L2	828	-	424	165553258	21770
chr1	165531488	165731488	harbor1	chr1	165554995	165555819	LINE/L2	1276	-	412	165555407	23919
chr1	165531488	165731488	harbor1	chr1	165566064	165566520	LINE/L2	587	-	228	165566292	34804
chr1	165531488	165731488	harbor1	chr1	165566901	165567176	LINE/L2	445	-	138	165567039	35551
chr1	165531488	165731488	harbor1	chr1	165572785	165573610	LINE/L2	783	-	412	165573197	41709
chr1	165531488	165731488	harbor1	chr1	165616529	165617017	LINE/L2	701	-	244	165616773	85285
chr1	165531488	165731488	harbor1	chr1	165620043	165620241	LINE/L2	487	-	99	165620142	88654
chr1	165531488	165731488	harbor1	chr1	165620451	165621253	LINE/L2	2109	-	401	165620852	89364
chr1	165531488	165731488	harbor1	chr1	165626992	165627024	LINE/L2	445	-	16	165627008	95520
chr1	165531488	165731488	harbor1	chr1	165627445	165627705	LINE/L2	445	-	130	165627575	96087
chr1	222687998	222887998	harbor1	chr1	222708929	222709151	LINE/L2	905	-	111	222709040	21042
chr1	222687998	222887998	harbor1	chr1	222709461	222709735	LINE/L2	905	-	137	222709598	21600
chr1	222687998	222887998	harbor1	chr1	222737158	222738331	LINE/L2	2543	-	586	222737744	49746
chr1	222687998	222887998	harbor1	chr1	222747759	222747988	LINE/L2	533	-	114	222747873	59875
chr1	222687998	222887998	harbor1	chr1	222762079	222762252	LINE/L2	536	-	86	222762165	74167
chr1	222687998	222887998	harbor1	chr1	222690863	222691334	LINE/L2	876	-	236	222691099	3101
chr1	11740582	11940582	harbor1	chr1	11746810	11747312	LINE/L2	444	-	251	11747061	6479
chr1	11740582	11940582	harbor1	chr1	11752701	11752975	LINE/L2	585	-	137	11752838	12256
chr1	11740582	11940582	harbor1	chr1	11753564	11753865	LINE/L2	585	-	150	11753714	13132
chr1	11740582	11940582	harbor1	chr1	11762734	11763122	LINE/L2	552	-	194	11762928	22346
chr1	11740582	11940582	harbor1	chr1	11774559	11774950	LINE/L2	491	-	196	11774755	34173
chr1	11740582	11940582	harbor1	chr1	11763636	11764108	LINE/L2	838	-	236	11763872	23290
chr1	203028332	203228332	harbor1	chr1	203057603	203058019	LINE/L2	483	-	208	203057811	29479
chr1	203028332	203228332	harbor1	chr1	203066785	203067316	LINE/L2	1652	-	266	203067051	38719
chr1	16523548	16723548	harbor1	chr1	16608757	16608897	LINE/L2	474	-	70	16608827	85279
chr1	15615212	15815212	harbor1	chr1	15690748	15691056	LINE/L2	508	-	154	15690902	75690
chr1	15615212	15815212	harbor1	chr1	15696651	15696783	LINE/L2	499	-	66	15696717	81505
chr1	53187531	53387531	harbor1	chr1	53194415	53194815	LINE/L2	539	-	200	53194615	7084
chr1	53187531	53387531	harbor1	chr1	53195019	53195074	LINE/L2	539	-	28	53195047	7516
chr1	53187531	53387531	harbor1	chr1	53232282	53232822	LINE/L2	662	-	270	53232552	45021
chr1	53187531	53387531	harbor1	chr1	53233122	53233195	LINE/L2	472	-	36	53233158	45627
chr1	53187531	53387531	harbor1	chr1	53240960	53241495	LINE/L2	506	-	268	53241228	53697
chr1	53187531	53387531	harbor1	chr1	53241955	53242183	LINE/L2	583	-	114	53242069	54538
chr1	53187531	53387531	harbor1	chr1	53249858	53250089	LINE/L2	525	-	116	53249974	62443
chr1	207819139	208019139	harbor1	chr1	207858629	207859105	LINE/L2	2184	-	238	207858867	39728
chr1	207819139	208019139	harbor1	chr1	207859405	207859958	LINE/L2	2184	-	276	207859681	40542
chr1	207819139	208019139	harbor1	chr1	207860437	207861028	LINE/L2	2184	-	296	207860733	41594
chr1	89721428	89921428	harbor1	chr1	89782833	89783011	LINE/L2	643	-	89	89782922	61494
chr1	89721428	89921428	harbor1	chr1	89783603	89783886	LINE/L2	895	-	142	89783745	62317
chr1	89721428	89921428	harbor1	chr1	89814233	89814507	LINE/L2	774	-	137	89814370	92942
chr1	89721428	89921428	harbor1	chr1	89814518	89815378	LINE/L2	2086	-	430	89814948	93520
chr1	89721428	89921428	harbor1	chr1	89784184	89784366	LINE/L2	895	-	91	89784275	62847
chr1	220687422	220887422	harbor1	chr1	220694730	220695747	LINE/L2	695	-	508	220695238	7816
chr1	204879064	205079064	harbor1	chr1	204900454	204900765	LINE/L2	1216	-	156	204900610	21546
chr1	204879064	205079064	harbor1	chr1	204900779	204900843	LINE/L2	484	-	32	204900811	21747
chr1	204879064	205079064	harbor1	chr1	204900977	204901114	LINE/L2	484	-	68	204901045	21981
chr1	204879064	205079064	harbor1	chr1	204902745	204903014	LINE/L2	675	-	134	204902879	23815
chr1	204879064	205079064	harbor1	chr1	204942282	204942578	LINE/L2	458	-	148	204942430	63366
chr1	204879064	205079064	harbor1	chr1	204942634	204942781	LINE/L2	458	-	74	204942708	63644
chr1	6525772	6725772	harbor1	chr1	6584890	6585567	LINE/L2	713	-	338	6585228	59456
chr1	23877841	24077841	harbor1	chr1	23927006	23927127	LINE/L2	598	-	60	23927066	49225
chr1	53846292	54046292	harbor1	chr1	53887380	53887648	LINE/L2	1149	-	134	53887514	41222
chr1	53846292	54046292	harbor1	chr1	53915145	53915326	LINE/L2	597	-	90	53915235	68943
chr1	53846292	54046292	harbor1	chr1	53915575	53915782	LINE/L2	529	-	104	53915679	69387
chr1	53846292	54046292	harbor1	chr1	53886797	53887072	LINE/L2	1149	-	138	53886935	40643
chr1	207924797	208124797	harbor1	chr1	207950512	207950819	LINE/L2	587	-	154	207950666	25869
chr1	7604696	7804696	harbor1	chr1	7674840	7675502	LINE/L2	612	-	331	7675171	70475
chr1	7604696	7804696	harbor1	chr1	7686118	7687349	LINE/L2	1266	-	616	7686734	82038
chr1	7604696	7804696	harbor1	chr1	7690931	7691530	LINE/L2	532	-	300	7691231	86535
chr1	53370409	53570409	harbor1	chr1	53375221	53375980	LINE/L2	706	-	380	53375601	5192
chr1	53370409	53570409	harbor1	chr1	53406749	53407146	LINE/L2	522	-	198	53406947	36538
chr1	53370409	53570409	harbor1	chr1	53440355	53440503	LINE/L2	501	-	74	53440429	70020
chr1	53370409	53570409	harbor1	chr1	53440718	53440903	LINE/L2	501	-	92	53440810	70401
chr1	19565207	19765207	harbor1	chr1	19565562	19565812	LINE/L2	1027	-	125	19565687	480
chr1	19565207	19765207	harbor1	chr1	19566070	19566356	LINE/L2	1027	-	143	19566213	1006
chr1	19565207	19765207	harbor1	chr1	19566647	19566660	LINE/L2	860	-	6	19566653	1446
chr1	19565207	19765207	harbor1	chr1	19566802	19567116	LINE/L2	860	-	157	19566959	1752
chr1	19565207	19765207	harbor1	chr1	19585612	19585840	LINE/L2	678	-	114	19585726	20519
chr1	19565207	19765207	harbor1	chr1	19592956	19593041	LINE/L2	438	-	42	19592998	27791
chr1	19565207	19765207	harbor1	chr1	19627353	19627761	LINE/L2	441	-	204	19627557	62350
chr1	43447553	43647553	harbor1	chr1	43494933	43495429	LINE/L2	1060	-	248	43495181	47628
chr1	43447553	43647553	harbor1	chr1	43500311	43500435	LINE/L2	628	-	62	43500373	52820
chr1	43447553	43647553	harbor1	chr1	43521441	43521734	LINE/L2	682	-	146	43521587	74034
chr1	43447553	43647553	harbor1	chr1	43522548	43523633	LINE/L2	1267	-	542	43523090	75537
chr1	43447553	43647553	harbor1	chr1	43524528	43525317	LINE/L2	454	-	394	43524922	77369
chr1	43447553	43647553	harbor1	chr1	43527941	43528112	LINE/L2	530	-	86	43528027	80474
chr1	43447553	43647553	harbor1	chr1	43537443	43537857	LINE/L2	651	-	207	43537650	90097
chr1	53846310	54046310	harbor1	chr1	53887380	53887648	LINE/L2	1149	-	134	53887514	41204
chr1	53846310	54046310	harbor1	chr1	53915145	53915326	LINE/L2	597	-	90	53915235	68925
chr1	53846310	54046310	harbor1	chr1	53915575	53915782	LINE/L2	529	-	104	53915679	69369
chr1	53846310	54046310	harbor1	chr1	53886797	53887072	LINE/L2	1149	-	138	53886935	40625
chr1	25773550	25973550	harbor1	chr1	25784775	25785087	LINE/L2	539	-	156	25784931	11381
chr1	25773550	25973550	harbor1	chr1	25790646	25790827	LINE/L2	539	-	90	25790736	17186
chr1	25773550	25973550	harbor1	chr1	25791192	25791300	LINE/L2	539	-	54	25791246	17696
chr1	25773550	25973550	harbor1	chr1	25813323	25813615	LINE/L2	661	-	146	25813469	39919
chr1	25773550	25973550	harbor1	chr1	25866389	25866536	LINE/L2	495	-	74	25866463	92913
chr1	16544750	16744750	harbor1	chr1	16608757	16608897	LINE/L2	474	-	70	16608827	64077
chr1	26400758	26600758	harbor1	chr1	26462757	26463276	LINE/L2	626	-	260	26463017	62259
chr1	26400758	26600758	harbor1	chr1	26489127	26489223	LINE/L2	482	-	48	26489175	88417
chr1	26400758	26600758	harbor1	chr1	26492164	26492345	LINE/L2	606	-	90	26492254	91496
chr1	26400758	26600758	harbor1	chr1	26492645	26492820	LINE/L2	537	-	88	26492733	91975
chr1	13663032	13863032	harbor1	chr1	13718934	13719366	LINE/L2	673	-	216	13719150	56118
chr1	13663032	13863032	harbor1	chr1	13745052	13745425	LINE/L2	782	-	186	13745238	82206
chr1	13663032	13863032	harbor1	chr1	13745723	13745944	LINE/L2	782	-	110	13745833	82801
chr1	13663032	13863032	harbor1	chr1	13753856	13754099	LINE/L2	501	-	122	13753978	90946
chr1	40761841	40961841	harbor1	chr1	40797077	40797669	LINE/L2	814	-	296	40797373	35532
chr1	40761841	40961841	harbor1	chr1	40801480	40801608	LINE/L2	519	-	64	40801544	39703
chr1	40761841	40961841	harbor1	chr1	40812914	40813655	LINE/L2	1206	-	370	40813284	51443
chr1	40761841	40961841	harbor1	chr1	40835593	40836624	LINE/L2	2624	-	516	40836109	74268
chr1	40761841	40961841	harbor1	chr1	40843706	40844142	LINE/L2	490	-	218	40843924	82083
chr1	40761841	40961841	harbor1	chr1	40848930	40849191	LINE/L2	499	-	130	40849060	87219
chr1	24195409	24395409	harbor1	chr1	24200079	24200110	LINE/L2	1087	-	16	24200095	4686
chr1	24195409	24395409	harbor1	chr1	24200472	24200813	LINE/L2	1087	-	170	24200642	5233
chr1	24195409	24395409	harbor1	chr1	24216092	24216388	LINE/L2	1254	-	148	24216240	20831
chr1	24195409	24395409	harbor1	chr1	24252259	24252741	LINE/L2	677	-	241	24252500	57091
chr1	24195409	24395409	harbor1	chr1	24285851	24286087	LINE/L2	732	-	118	24285969	90560
chr1	24195409	24395409	harbor1	chr1	24286422	24286476	LINE/L2	732	-	27	24286449	91040
chr1	24195409	24395409	harbor1	chr1	24215105	24215794	LINE/L2	1254	-	344	24215449	20040
chr1	16544828	16744828	harbor1	chr1	16608757	16608897	LINE/L2	474	-	70	16608827	63999
chr1	13662918	13862918	harbor1	chr1	13718934	13719366	LINE/L2	673	-	216	13719150	56232
chr1	13662918	13862918	harbor1	chr1	13745052	13745425	LINE/L2	782	-	186	13745238	82320
chr1	13662918	13862918	harbor1	chr1	13745723	13745944	LINE/L2	782	-	110	13745833	82915
chr1	13662918	13862918	harbor1	chr1	13753856	13754099	LINE/L2	501	-	122	13753978	91060
chr1	16544915	16744915	harbor1	chr1	16608757	16608897	LINE/L2	474	-	70	16608827	63912
chr1	31972870	32172870	harbor1	chr1	31972456	31972940	LINE/L2	1486	-	242	31972698	172
chr1	31972870	32172870	harbor1	chr1	32056815	32057156	LINE/L2	617	-	170	32056985	84115
chr1	16544721	16744721	harbor1	chr1	16608757	16608897	LINE/L2	474	-	70	16608827	64106
chr1	205329484	205529484	harbor1	chr1	205428402	205428657	LINE/L2	584	-	128	205428530	99046
chr1	111713067	111913067	harbor1	chr1	111716821	111717862	LINE/L2	1289	-	520	111717341	4274
chr1	111713067	111913067	harbor1	chr1	111754741	111755081	LINE/L2	632	-	170	111754911	41844
chr1	111713067	111913067	harbor1	chr1	111787197	111787732	LINE/L2	937	-	268	111787465	74398
chr1	111713067	111913067	harbor1	chr1	111797440	111798031	LINE/L2	633	-	296	111797736	84669
chr1	13672401	13872401	harbor1	chr1	13718934	13719366	LINE/L2	673	-	216	13719150	46749
chr1	13672401	13872401	harbor1	chr1	13745052	13745425	LINE/L2	782	-	186	13745238	72837
chr1	13672401	13872401	harbor1	chr1	13745723	13745944	LINE/L2	782	-	110	13745833	73432
chr1	13672401	13872401	harbor1	chr1	13753856	13754099	LINE/L2	501	-	122	13753978	81577
chr1	248592141	248792141	harbor1	chr1	248661257	248662423	LINE/L2	1012	-	583	248661840	69699
chr1	6685469	6885469	harbor1	chr1	6688874	6689065	LINE/L2	431	-	96	6688970	3501
chr1	6685469	6885469	harbor1	chr1	6707661	6708464	LINE/L2	1192	-	402	6708063	22594
chr1	244605833	244805833	harbor1	chr1	244662596	244662845	LINE/L2	436	-	124	244662720	56887
chr1	40913010	41113010	harbor1	chr1	40920321	40920536	LINE/L2	602	-	108	40920429	7419
chr1	40913010	41113010	harbor1	chr1	40933401	40934060	LINE/L2	777	-	330	40933731	20721
chr1	40913010	41113010	harbor1	chr1	40953340	40953370	LINE/L2	1007	-	15	40953355	40345
chr1	40913010	41113010	harbor1	chr1	40953983	40954235	LINE/L2	1007	-	126	40954109	41099
chr1	40913010	41113010	harbor1	chr1	40954538	40954679	LINE/L2	1007	-	70	40954608	41598
chr1	40913010	41113010	harbor1	chr1	40975688	40975750	LINE/L2	677	-	31	40975719	62709
chr1	40913010	41113010	harbor1	chr1	40976050	40976280	LINE/L2	677	-	115	40976165	63155
chr1	40913010	41113010	harbor1	chr1	40977169	40977442	LINE/L2	836	-	136	40977305	64295
chr1	40913010	41113010	harbor1	chr1	40986007	40986560	LINE/L2	455	-	276	40986283	73273
chr1	155154854	155354854	harbor1	chr1	155159781	155159921	LINE/L2	486	-	70	155159851	4997
chr1	155154854	155354854	harbor1	chr1	155160055	155160401	LINE/L2	973	-	173	155160228	5374
chr1	155154854	155354854	harbor1	chr1	155176545	155176633	LINE/L2	485	-	44	155176589	21735
chr1	155154854	155354854	harbor1	chr1	155226394	155226649	LINE/L2	785	-	128	155226522	71668
chr1	155154854	155354854	harbor1	chr1	155228580	155229129	LINE/L2	668	-	274	155228854	74000
chr1	155154854	155354854	harbor1	chr1	155229422	155229629	LINE/L2	668	-	104	155229526	74672
chr1	155154854	155354854	harbor1	chr1	155230545	155230957	LINE/L2	668	-	206	155230751	75897
chr1	155154854	155354854	harbor1	chr1	155246571	155246837	LINE/L2	454	-	133	155246704	91850
chr1	155154854	155354854	harbor1	chr1	155247146	155247231	LINE/L2	454	-	42	155247188	92334
chr1	13686837	13886837	harbor1	chr1	13718934	13719366	LINE/L2	673	-	216	13719150	32313
chr1	13686837	13886837	harbor1	chr1	13745052	13745425	LINE/L2	782	-	186	13745238	58401
chr1	13686837	13886837	harbor1	chr1	13745723	13745944	LINE/L2	782	-	110	13745833	58996
chr1	13686837	13886837	harbor1	chr1	13753856	13754099	LINE/L2	501	-	122	13753978	67141
chr1	234508642	234708642	harbor1	chr1	234595390	234595533	LINE/L2	718	-	72	234595462	86820
chr1	234508642	234708642	harbor1	chr1	234595968	234596983	LINE/L2	2733	-	508	234596476	87834
chr1	211033696	211233696	harbor1	chr1	211050888	211050987	LINE/L2	676	-	50	211050938	17242
chr1	211033696	211233696	harbor1	chr1	211051297	211051777	LINE/L2	676	-	240	211051537	17841
chr1	211033696	211233696	harbor1	chr1	211084831	211085322	LINE/L2	978	-	246	211085077	51381
chr1	211033696	211233696	harbor1	chr1	211103756	211104312	LINE/L2	545	-	278	211104034	70338
chr1	24895890	25095890	harbor1	chr1	24915011	24915141	LINE/L2	869	-	65	24915076	19186
chr1	24895890	25095890	harbor1	chr1	24915445	24915809	LINE/L2	869	-	182	24915627	19737
chr1	24895890	25095890	harbor1	chr1	24942244	24942619	LINE/L2	599	-	188	24942432	46542
chr1	24895890	25095890	harbor1	chr1	24979089	24979226	LINE/L2	544	-	68	24979157	83267
chr1	24895890	25095890	harbor1	chr1	24979582	24979878	LINE/L2	544	-	148	24979730	83840
chr1	24895890	25095890	harbor1	chr1	24982848	24983179	LINE/L2	735	-	166	24983014	87124
chr1	24895890	25095890	harbor1	chr1	24989001	24989407	LINE/L2	1603	-	203	24989204	93314
chr1	24895890	25095890	harbor1	chr1	24989725	24990239	LINE/L2	1603	-	257	24989982	94092
chr1	16545016	16745016	harbor1	chr1	16608757	16608897	LINE/L2	474	-	70	16608827	63811
chr1	16512786	16712786	harbor1	chr1	16608757	16608897	LINE/L2	474	-	70	16608827	96041
chr1	27503616	27703616	harbor1	chr1	27516544	27516702	LINE/L2	673	-	79	27516623	13007
chr1	27503616	27703616	harbor1	chr1	27516956	27516980	LINE/L2	673	-	12	27516968	13352
chr1	27503616	27703616	harbor1	chr1	27517283	27517641	LINE/L2	673	-	179	27517462	13846
chr1	27503616	27703616	harbor1	chr1	27537237	27537418	LINE/L2	431	-	90	27537327	33711
chr1	6351794	6551794	harbor1	chr1	6431814	6431922	LINE/L2	506	-	54	6431868	80074
chr1	148910670	149110670	harbor1	chr1	148913270	148914099	LINE/L2	2368	-	414	148913684	3014
chr1	148910670	149110670	harbor1	chr1	148914758	148915113	LINE/L2	1032	-	178	148914936	4266
chr1	148910670	149110670	harbor1	chr1	148932518	148932725	LINE/L2	503	-	104	148932622	21952
chr1	148910670	149110670	harbor1	chr1	148933131	148933438	LINE/L2	503	-	154	148933285	22615
chr1	148910670	149110670	harbor1	chr1	148945393	148945617	LINE/L2	584	-	112	148945505	34835
chr1	148910670	149110670	harbor1	chr1	148962758	148962790	LINE/L2	501	-	16	148962774	52104
chr1	148910670	149110670	harbor1	chr1	148963361	148963650	LINE/L2	642	-	144	148963505	52835
chr1	148910670	149110670	harbor1	chr1	148971222	148971442	LINE/L2	723	-	110	148971332	60662
chr1	148910670	149110670	harbor1	chr1	148971691	148971830	LINE/L2	723	-	70	148971761	61091
chr1	148910670	149110670	harbor1	chr1	148976513	148976968	LINE/L2	926	-	228	148976741	66071
chr1	226307818	226507818	harbor1	chr1	226323581	226323785	LINE/L2	450	-	102	226323683	15865
chr1	54786918	54986918	harbor1	chr1	54806613	54806828	LINE/L2	640	-	108	54806721	19803
chr1	54786918	54986918	harbor1	chr1	54808120	54808670	LINE/L2	1031	-	275	54808395	21477
chr1	54786918	54986918	harbor1	chr1	54841121	54841281	LINE/L2	450	-	80	54841201	54283
chr1	54307464	54507464	harbor1	chr1	54341498	54341975	LINE/L2	519	-	238	54341736	34272
chr1	25330942	25530942	harbor1	chr1	25332604	25332778	LINE/L2	527	-	87	25332691	1749
chr1	25330942	25530942	harbor1	chr1	25343365	25343567	LINE/L2	800	-	101	25343466	12524
chr1	25330942	25530942	harbor1	chr1	25343692	25343965	LINE/L2	800	-	136	25343828	12886
chr1	25330942	25530942	harbor1	chr1	25344252	25344344	LINE/L2	683	-	46	25344298	13356
chr1	25330942	25530942	harbor1	chr1	25349611	25349624	LINE/L2	487	-	6	25349617	18675
chr1	25330942	25530942	harbor1	chr1	25349755	25349907	LINE/L2	487	-	76	25349831	18889
chr2	196073592	196273592	harbor1	chr2	196075116	196075508	LINE/L2	498	-	196	196075312	1720
chr2	196073592	196273592	harbor1	chr2	196075536	196075842	LINE/L2	485	-	153	196075689	2097
chr2	26950219	27150219	harbor1	chr2	26966653	26966822	LINE/L2	475	-	84	26966737	16518
chr2	74415405	74615405	harbor1	chr2	74456289	74456689	LINE/L2	516	-	200	74456489	41084
chr2	74415405	74615405	harbor1	chr2	74456678	74456977	LINE/L2	767	-	150	74456828	41423
chr2	74415405	74615405	harbor1	chr2	74486389	74486610	LINE/L2	1105	-	110	74486499	71094
chr2	74415405	74615405	harbor1	chr2	74486909	74487141	LINE/L2	1105	-	116	74487025	71620
chr2	26950237	27150237	harbor1	chr2	26966653	26966822	LINE/L2	475	-	84	26966737	16500
chr2	74453401	74653401	harbor1	chr2	74456289	74456689	LINE/L2	516	-	200	74456489	3088
chr2	74453401	74653401	harbor1	chr2	74456678	74456977	LINE/L2	767	-	150	74456828	3427
chr2	74453401	74653401	harbor1	chr2	74486389	74486610	LINE/L2	1105	-	110	74486499	33098
chr2	74453401	74653401	harbor1	chr2	74486909	74487141	LINE/L2	1105	-	116	74487025	33624
chr2	74453401	74653401	harbor1	chr2	74520137	74520592	LINE/L2	774	-	228	74520365	66964
chr2	74453401	74653401	harbor1	chr2	74521838	74522515	LINE/L2	640	-	338	74522176	68775
chr2	219058841	219258841	harbor1	chr2	219066733	219066918	LINE/L2	950	-	92	219066825	7984
chr2	219058841	219258841	harbor1	chr2	219067872	219068211	LINE/L2	950	-	170	219068042	9201
chr2	219058841	219258841	harbor1	chr2	219083068	219083253	LINE/L2	772	-	92	219083160	24319
chr2	219058841	219258841	harbor1	chr2	219096377	219096984	LINE/L2	2719	-	304	219096681	37840
chr2	219058841	219258841	harbor1	chr2	219097268	219097456	LINE/L2	2719	-	94	219097362	38521
chr2	219058841	219258841	harbor1	chr2	219097585	219097852	LINE/L2	2719	-	134	219097719	38878
chr2	219058841	219258841	harbor1	chr2	219097854	219098351	LINE/L2	457	-	248	219098102	39261
chr2	219058841	219258841	harbor1	chr2	219098386	219098668	LINE/L2	2683	-	141	219098527	39686
chr2	219058841	219258841	harbor1	chr2	219098793	219099198	LINE/L2	2683	-	202	219098995	40154
chr2	219058841	219258841	harbor1	chr2	219099417	219099962	LINE/L2	2683	-	272	219099689	40848
chr2	219058841	219258841	harbor1	chr2	219110075	219110254	LINE/L2	1606	-	90	219110165	51324
chr2	219058841	219258841	harbor1	chr2	219110535	219110840	LINE/L2	1606	-	152	219110687	51846
chr2	219058841	219258841	harbor1	chr2	219126577	219127180	LINE/L2	807	-	302	219126879	68038
chr2	219058841	219258841	harbor1	chr2	219138516	219138847	LINE/L2	935	-	166	219138682	79841
chr2	219058841	219258841	harbor1	chr2	219140040	219140828	LINE/L2	2314	-	394	219140434	81593
chr2	219058841	219258841	harbor1	chr2	219140840	219141097	LINE/L2	811	-	128	219140968	82127
chr2	219058841	219258841	harbor1	chr2	219141391	219141893	LINE/L2	811	-	251	219141642	82801
chr2	219058841	219258841	harbor1	chr2	219144260	219144725	LINE/L2	631	-	232	219144492	85651
chr2	218221236	218421236	harbor1	chr2	218295235	218295681	LINE/L2	656	-	223	218295458	74222
chr2	218221236	218421236	harbor1	chr2	218301849	218302067	LINE/L2	626	-	109	218301958	80722
chr2	218221236	218421236	harbor1	chr2	218302367	218302673	LINE/L2	626	-	153	218302520	81284
chr2	218221236	218421236	harbor1	chr2	218318622	218318886	LINE/L2	636	-	132	218318754	97518
chr2	219073554	219273554	harbor1	chr2	219083068	219083253	LINE/L2	772	-	92	219083160	9606
chr2	219073554	219273554	harbor1	chr2	219096377	219096984	LINE/L2	2719	-	304	219096681	23127
chr2	219073554	219273554	harbor1	chr2	219097268	219097456	LINE/L2	2719	-	94	219097362	23808
chr2	219073554	219273554	harbor1	chr2	219097585	219097852	LINE/L2	2719	-	134	219097719	24165
chr2	219073554	219273554	harbor1	chr2	219097854	219098351	LINE/L2	457	-	248	219098102	24548
chr2	219073554	219273554	harbor1	chr2	219098386	219098668	LINE/L2	2683	-	141	219098527	24973
chr2	219073554	219273554	harbor1	chr2	219098793	219099198	LINE/L2	2683	-	202	219098995	25441
chr2	219073554	219273554	harbor1	chr2	219099417	219099962	LINE/L2	2683	-	272	219099689	26135
chr2	219073554	219273554	harbor1	chr2	219110075	219110254	LINE/L2	1606	-	90	219110165	36611
chr2	219073554	219273554	harbor1	chr2	219110535	219110840	LINE/L2	1606	-	152	219110687	37133
chr2	219073554	219273554	harbor1	chr2	219126577	219127180	LINE/L2	807	-	302	219126879	53325
chr2	219073554	219273554	harbor1	chr2	219138516	219138847	LINE/L2	935	-	166	219138682	65128
chr2	219073554	219273554	harbor1	chr2	219140040	219140828	LINE/L2	2314	-	394	219140434	66880
chr2	219073554	219273554	harbor1	chr2	219140840	219141097	LINE/L2	811	-	128	219140968	67414
chr2	219073554	219273554	harbor1	chr2	219141391	219141893	LINE/L2	811	-	251	219141642	68088
chr2	219073554	219273554	harbor1	chr2	219144260	219144725	LINE/L2	631	-	232	219144492	70938
chr2	219073013	219273013	harbor1	chr2	219083068	219083253	LINE/L2	772	-	92	219083160	10147
chr2	219073013	219273013	harbor1	chr2	219096377	219096984	LINE/L2	2719	-	304	219096681	23668
chr2	219073013	219273013	harbor1	chr2	219097268	219097456	LINE/L2	2719	-	94	219097362	24349
chr2	219073013	219273013	harbor1	chr2	219097585	219097852	LINE/L2	2719	-	134	219097719	24706
chr2	219073013	219273013	harbor1	chr2	219097854	219098351	LINE/L2	457	-	248	219098102	25089
chr2	219073013	219273013	harbor1	chr2	219098386	219098668	LINE/L2	2683	-	141	219098527	25514
chr2	219073013	219273013	harbor1	chr2	219098793	219099198	LINE/L2	2683	-	202	219098995	25982
chr2	219073013	219273013	harbor1	chr2	219099417	219099962	LINE/L2	2683	-	272	219099689	26676
chr2	219073013	219273013	harbor1	chr2	219110075	219110254	LINE/L2	1606	-	90	219110165	37152
chr2	219073013	219273013	harbor1	chr2	219110535	219110840	LINE/L2	1606	-	152	219110687	37674
chr2	219073013	219273013	harbor1	chr2	219126577	219127180	LINE/L2	807	-	302	219126879	53866
chr2	219073013	219273013	harbor1	chr2	219138516	219138847	LINE/L2	935	-	166	219138682	65669
chr2	219073013	219273013	harbor1	chr2	219140040	219140828	LINE/L2	2314	-	394	219140434	67421
chr2	219073013	219273013	harbor1	chr2	219140840	219141097	LINE/L2	811	-	128	219140968	67955
chr2	219073013	219273013	harbor1	chr2	219141391	219141893	LINE/L2	811	-	251	219141642	68629
chr2	219073013	219273013	harbor1	chr2	219144260	219144725	LINE/L2	631	-	232	219144492	71479
chr2	86976337	87176337	harbor1	chr2	87027676	87027967	LINE/L2	516	-	146	87027822	51485
chr2	86976337	87176337	harbor1	chr2	87028410	87028456	LINE/L2	516	-	23	87028433	52096
chr2	86976337	87176337	harbor1	chr2	87028623	87028938	LINE/L2	794	-	158	87028781	52444
chr2	86976337	87176337	harbor1	chr2	87029153	87029521	LINE/L2	794	-	184	87029337	53000
chr2	86976337	87176337	harbor1	chr2	87057591	87058173	LINE/L2	2073	-	291	87057882	81545
chr2	86976337	87176337	harbor1	chr2	87058466	87058685	LINE/L2	2073	-	110	87058576	82239
chr2	86976337	87176337	harbor1	chr2	87058930	87059134	LINE/L2	2073	-	102	87059032	82695
chr2	86976337	87176337	harbor1	chr2	87059160	87059527	LINE/L2	2073	-	184	87059344	83007
chr2	53759964	53959964	harbor1	chr2	53762005	53762342	LINE/L2	584	-	168	53762173	2209
chr2	53759964	53959964	harbor1	chr2	53828888	53829646	LINE/L2	1864	-	379	53829267	69303
chr2	63488508	63688508	harbor1	chr2	63587164	63587403	LINE/L2	484	-	120	63587284	98776
chr2	15464442	15664442	harbor1	chr2	15470446	15470564	LINE/L2	463	-	59	15470505	6063
chr2	15464442	15664442	harbor1	chr2	15496748	15497738	LINE/L2	885	-	495	15497243	32801
chr2	15464442	15664442	harbor1	chr2	15506889	15507340	LINE/L2	1451	-	226	15507115	42673
chr2	15464442	15664442	harbor1	chr2	15521432	15521559	LINE/L2	639	-	64	15521496	57054
chr2	15464442	15664442	harbor1	chr2	15521985	15522639	LINE/L2	442	-	327	15522312	57870
chr2	158868018	159068018	harbor1	chr2	158907345	158907623	LINE/L2	490	-	139	158907484	39466
chr2	219073574	219273574	harbor1	chr2	219083068	219083253	LINE/L2	772	-	92	219083160	9586
chr2	219073574	219273574	harbor1	chr2	219096377	219096984	LINE/L2	2719	-	304	219096681	23107
chr2	219073574	219273574	harbor1	chr2	219097268	219097456	LINE/L2	2719	-	94	219097362	23788
chr2	219073574	219273574	harbor1	chr2	219097585	219097852	LINE/L2	2719	-	134	219097719	24145
chr2	219073574	219273574	harbor1	chr2	219097854	219098351	LINE/L2	457	-	248	219098102	24528
chr2	219073574	219273574	harbor1	chr2	219098386	219098668	LINE/L2	2683	-	141	219098527	24953
chr2	219073574	219273574	harbor1	chr2	219098793	219099198	LINE/L2	2683	-	202	219098995	25421
chr2	219073574	219273574	harbor1	chr2	219099417	219099962	LINE/L2	2683	-	272	219099689	26115
chr2	219073574	219273574	harbor1	chr2	219110075	219110254	LINE/L2	1606	-	90	219110165	36591
chr2	219073574	219273574	harbor1	chr2	219110535	219110840	LINE/L2	1606	-	152	219110687	37113
chr2	219073574	219273574	harbor1	chr2	219126577	219127180	LINE/L2	807	-	302	219126879	53305
chr2	219073574	219273574	harbor1	chr2	219138516	219138847	LINE/L2	935	-	166	219138682	65108
chr2	219073574	219273574	harbor1	chr2	219140040	219140828	LINE/L2	2314	-	394	219140434	66860
chr2	219073574	219273574	harbor1	chr2	219140840	219141097	LINE/L2	811	-	128	219140968	67394
chr2	219073574	219273574	harbor1	chr2	219141391	219141893	LINE/L2	811	-	251	219141642	68068
chr2	219073574	219273574	harbor1	chr2	219144260	219144725	LINE/L2	631	-	232	219144492	70918
chr2	85228519	85428519	harbor1	chr2	85238519	85238774	LINE/L2	575	-	128	85238647	10128
chr2	85228519	85428519	harbor1	chr2	85244018	85244534	LINE/L2	1149	-	258	85244276	15757
chr2	219070180	219270180	harbor1	chr2	219083068	219083253	LINE/L2	772	-	92	219083160	12980
chr2	219070180	219270180	harbor1	chr2	219096377	219096984	LINE/L2	2719	-	304	219096681	26501
chr2	219070180	219270180	harbor1	chr2	219097268	219097456	LINE/L2	2719	-	94	219097362	27182
chr2	219070180	219270180	harbor1	chr2	219097585	219097852	LINE/L2	2719	-	134	219097719	27539
chr2	219070180	219270180	harbor1	chr2	219097854	219098351	LINE/L2	457	-	248	219098102	27922
chr2	219070180	219270180	harbor1	chr2	219098386	219098668	LINE/L2	2683	-	141	219098527	28347
chr2	219070180	219270180	harbor1	chr2	219098793	219099198	LINE/L2	2683	-	202	219098995	28815
chr2	219070180	219270180	harbor1	chr2	219099417	219099962	LINE/L2	2683	-	272	219099689	29509
chr2	219070180	219270180	harbor1	chr2	219110075	219110254	LINE/L2	1606	-	90	219110165	39985
chr2	219070180	219270180	harbor1	chr2	219110535	219110840	LINE/L2	1606	-	152	219110687	40507
chr2	219070180	219270180	harbor1	chr2	219126577	219127180	LINE/L2	807	-	302	219126879	56699
chr2	219070180	219270180	harbor1	chr2	219138516	219138847	LINE/L2	935	-	166	219138682	68502
chr2	219070180	219270180	harbor1	chr2	219140040	219140828	LINE/L2	2314	-	394	219140434	70254
chr2	219070180	219270180	harbor1	chr2	219140840	219141097	LINE/L2	811	-	128	219140968	70788
chr2	219070180	219270180	harbor1	chr2	219141391	219141893	LINE/L2	811	-	251	219141642	71462
chr2	219070180	219270180	harbor1	chr2	219144260	219144725	LINE/L2	631	-	232	219144492	74312
chr2	219458053	219658053	harbor1	chr2	219502643	219502844	LINE/L2	556	-	100	219502743	44690
chr2	219458053	219658053	harbor1	chr2	219533363	219533750	LINE/L2	495	-	194	219533557	75504
chr2	219458053	219658053	harbor1	chr2	219548239	219548891	LINE/L2	836	-	326	219548565	90512
chr2	74453409	74653409	harbor1	chr2	74456289	74456689	LINE/L2	516	-	200	74456489	3080
chr2	74453409	74653409	harbor1	chr2	74456678	74456977	LINE/L2	767	-	150	74456828	3419
chr2	74453409	74653409	harbor1	chr2	74486389	74486610	LINE/L2	1105	-	110	74486499	33090
chr2	74453409	74653409	harbor1	chr2	74486909	74487141	LINE/L2	1105	-	116	74487025	33616
chr2	74453409	74653409	harbor1	chr2	74520137	74520592	LINE/L2	774	-	228	74520365	66956
chr2	74453409	74653409	harbor1	chr2	74521838	74522515	LINE/L2	640	-	338	74522176	68767
chr2	219068681	219268681	harbor1	chr2	219083068	219083253	LINE/L2	772	-	92	219083160	14479
chr2	219068681	219268681	harbor1	chr2	219096377	219096984	LINE/L2	2719	-	304	219096681	28000
chr2	219068681	219268681	harbor1	chr2	219097268	219097456	LINE/L2	2719	-	94	219097362	28681
chr2	219068681	219268681	harbor1	chr2	219097585	219097852	LINE/L2	2719	-	134	219097719	29038
chr2	219068681	219268681	harbor1	chr2	219097854	219098351	LINE/L2	457	-	248	219098102	29421
chr2	219068681	219268681	harbor1	chr2	219098386	219098668	LINE/L2	2683	-	141	219098527	29846
chr2	219068681	219268681	harbor1	chr2	219098793	219099198	LINE/L2	2683	-	202	219098995	30314
chr2	219068681	219268681	harbor1	chr2	219099417	219099962	LINE/L2	2683	-	272	219099689	31008
chr2	219068681	219268681	harbor1	chr2	219110075	219110254	LINE/L2	1606	-	90	219110165	41484
chr2	219068681	219268681	harbor1	chr2	219110535	219110840	LINE/L2	1606	-	152	219110687	42006
chr2	219068681	219268681	harbor1	chr2	219126577	219127180	LINE/L2	807	-	302	219126879	58198
chr2	219068681	219268681	harbor1	chr2	219138516	219138847	LINE/L2	935	-	166	219138682	70001
chr2	219068681	219268681	harbor1	chr2	219140040	219140828	LINE/L2	2314	-	394	219140434	71753
chr2	219068681	219268681	harbor1	chr2	219140840	219141097	LINE/L2	811	-	128	219140968	72287
chr2	219068681	219268681	harbor1	chr2	219141391	219141893	LINE/L2	811	-	251	219141642	72961
chr2	219068681	219268681	harbor1	chr2	219144260	219144725	LINE/L2	631	-	232	219144492	75811
chr2	175979735	176179735	harbor1	chr2	176004613	176005356	LINE/L2	876	-	372	176004985	25250
chr2	175979735	176179735	harbor1	chr2	176037801	176037822	LINE/L2	543	-	10	176037811	58076
chr2	175979735	176179735	harbor1	chr2	176038138	176038270	LINE/L2	543	-	66	176038204	58469
chr2	175979735	176179735	harbor1	chr2	176038606	176038747	LINE/L2	543	-	70	176038676	58941
chr2	175979735	176179735	harbor1	chr2	176061920	176062051	LINE/L2	1203	-	66	176061986	82251
chr2	175979735	176179735	harbor1	chr2	176062182	176062654	LINE/L2	1203	-	236	176062418	82683
chr2	42069399	42269399	harbor1	chr2	42087332	42087448	LINE/L2	472	-	58	42087390	17991
chr2	42069399	42269399	harbor1	chr2	42092767	42093204	LINE/L2	579	-	218	42092985	23586
chr2	42069399	42269399	harbor1	chr2	42093396	42093466	LINE/L2	540	-	35	42093431	24032
chr2	42069399	42269399	harbor1	chr2	42093765	42093971	LINE/L2	540	-	103	42093868	24469
chr2	42069399	42269399	harbor1	chr2	42163001	42163101	LINE/L2	652	-	50	42163051	93652
chr2	42033084	42233084	harbor1	chr2	42033176	42033333	LINE/L2	496	-	78	42033254	170
chr2	42033084	42233084	harbor1	chr2	42034586	42034942	LINE/L2	496	-	178	42034764	1680
chr2	42033084	42233084	harbor1	chr2	42037189	42037579	LINE/L2	796	-	195	42037384	4300
chr2	42033084	42233084	harbor1	chr2	42087332	42087448	LINE/L2	472	-	58	42087390	54306
chr2	42033084	42233084	harbor1	chr2	42092767	42093204	LINE/L2	579	-	218	42092985	59901
chr2	42033084	42233084	harbor1	chr2	42093396	42093466	LINE/L2	540	-	35	42093431	60347
chr2	42033084	42233084	harbor1	chr2	42093765	42093971	LINE/L2	540	-	103	42093868	60784
chr2	26950242	27150242	harbor1	chr2	26966653	26966822	LINE/L2	475	-	84	26966737	16495
chr2	84760927	84960927	harbor1	chr2	84783638	84784046	LINE/L2	922	-	204	84783842	22915
chr2	219383264	219583264	harbor1	chr2	219397510	219397714	LINE/L2	646	-	102	219397612	14348
chr2	113484040	113684040	harbor1	chr2	113560447	113561039	LINE/L2	1085	-	296	113560743	76703
chr2	113484040	113684040	harbor1	chr2	113567023	113567074	LINE/L2	906	-	26	113567049	83009
chr2	113484040	113684040	harbor1	chr2	113568479	113568810	LINE/L2	906	-	166	113568645	84605
chr2	113484040	113684040	harbor1	chr2	113568847	113568988	LINE/L2	616	-	70	113568917	84877
chr2	113484040	113684040	harbor1	chr2	113569295	113569672	LINE/L2	616	-	188	113569483	85443
chr2	113484040	113684040	harbor1	chr2	113572532	113572548	LINE/L2	780	-	8	113572540	88500
chr2	113484040	113684040	harbor1	chr2	113572829	113573146	LINE/L2	780	-	158	113572987	88947
chr2	113484040	113684040	harbor1	chr2	113575263	113575395	LINE/L2	588	-	66	113575329	91289
chr2	85461791	85661791	harbor1	chr2	85507794	85507945	LINE/L2	1141	-	76	85507870	46079
chr2	85461791	85661791	harbor1	chr2	85509844	85510114	LINE/L2	1141	-	135	85509979	48188
chr2	31910614	32110614	harbor1	chr2	31917320	31917440	LINE/L2	470	-	60	31917380	6766
chr2	31910614	32110614	harbor1	chr2	31986589	31987005	LINE/L2	563	-	208	31986797	76183
chr2	31910614	32110614	harbor1	chr2	31987297	31987389	LINE/L2	456	-	46	31987343	76729
chr2	31910614	32110614	harbor1	chr2	31997607	31997940	LINE/L2	734	-	166	31997773	87159
chr2	207648472	207848472	harbor1	chr2	207743980	207744352	LINE/L2	559	-	186	207744166	95694
chr2	237867399	238067399	harbor1	chr2	237901439	237901562	LINE/L2	473	-	62	237901501	34102
chr2	71780774	71980774	harbor1	chr2	71845166	71846167	LINE/L2	1280	-	500	71845666	64892
chr2	53759991	53959991	harbor1	chr2	53762005	53762342	LINE/L2	584	-	168	53762173	2182
chr2	53759991	53959991	harbor1	chr2	53828888	53829646	LINE/L2	1864	-	379	53829267	69276
chr2	113484101	113684101	harbor1	chr2	113560447	113561039	LINE/L2	1085	-	296	113560743	76642
chr2	113484101	113684101	harbor1	chr2	113567023	113567074	LINE/L2	906	-	26	113567049	82948
chr2	113484101	113684101	harbor1	chr2	113568479	113568810	LINE/L2	906	-	166	113568645	84544
chr2	113484101	113684101	harbor1	chr2	113568847	113568988	LINE/L2	616	-	70	113568917	84816
chr2	113484101	113684101	harbor1	chr2	113569295	113569672	LINE/L2	616	-	188	113569483	85382
chr2	113484101	113684101	harbor1	chr2	113572532	113572548	LINE/L2	780	-	8	113572540	88439
chr2	113484101	113684101	harbor1	chr2	113572829	113573146	LINE/L2	780	-	158	113572987	88886
chr2	113484101	113684101	harbor1	chr2	113575263	113575395	LINE/L2	588	-	66	113575329	91228
chr2	113484028	113684028	harbor1	chr2	113560447	113561039	LINE/L2	1085	-	296	113560743	76715
chr2	113484028	113684028	harbor1	chr2	113567023	113567074	LINE/L2	906	-	26	113567049	83021
chr2	113484028	113684028	harbor1	chr2	113568479	113568810	LINE/L2	906	-	166	113568645	84617
chr2	113484028	113684028	harbor1	chr2	113568847	113568988	LINE/L2	616	-	70	113568917	84889
chr2	113484028	113684028	harbor1	chr2	113569295	113569672	LINE/L2	616	-	188	113569483	85455
chr2	113484028	113684028	harbor1	chr2	113572532	113572548	LINE/L2	780	-	8	113572540	88512
chr2	113484028	113684028	harbor1	chr2	113572829	113573146	LINE/L2	780	-	158	113572987	88959
chr2	113484028	113684028	harbor1	chr2	113575263	113575395	LINE/L2	588	-	66	113575329	91301
chr2	219335190	219535190	harbor1	chr2	219397510	219397714	LINE/L2	646	-	102	219397612	62422
chr2	47682917	47882917	harbor1	chr2	47707671	47708085	LINE/L2	956	-	207	47707878	24961
chr2	47682917	47882917	harbor1	chr2	47772122	47772454	LINE/L2	648	-	166	47772288	89371
chr2	47682917	47882917	harbor1	chr2	47773038	47773308	LINE/L2	648	-	135	47773173	90256
chr2	47682917	47882917	harbor1	chr2	47773612	47773687	LINE/L2	648	-	38	47773650	90733
chr2	46198512	46398512	harbor1	chr2	46228099	46228362	LINE/L2	439	-	132	46228231	29719
chr2	46198512	46398512	harbor1	chr2	46276468	46276804	LINE/L2	566	-	168	46276636	78124
chr2	46198512	46398512	harbor1	chr2	46284110	46284550	LINE/L2	575	-	220	46284330	85818
chr2	113484029	113684029	harbor1	chr2	113560447	113561039	LINE/L2	1085	-	296	113560743	76714
chr2	113484029	113684029	harbor1	chr2	113567023	113567074	LINE/L2	906	-	26	113567049	83020
chr2	113484029	113684029	harbor1	chr2	113568479	113568810	LINE/L2	906	-	166	113568645	84616
chr2	113484029	113684029	harbor1	chr2	113568847	113568988	LINE/L2	616	-	70	113568917	84888
chr2	113484029	113684029	harbor1	chr2	113569295	113569672	LINE/L2	616	-	188	113569483	85454
chr2	113484029	113684029	harbor1	chr2	113572532	113572548	LINE/L2	780	-	8	113572540	88511
chr2	113484029	113684029	harbor1	chr2	113572829	113573146	LINE/L2	780	-	158	113572987	88958
chr2	113484029	113684029	harbor1	chr2	113575263	113575395	LINE/L2	588	-	66	113575329	91300
chr2	70453429	70653429	harbor1	chr2	70496727	70497246	LINE/L2	1065	-	260	70496987	43558
chr2	111955709	112155709	harbor1	chr2	111998401	111998724	LINE/L2	536	-	162	111998563	42854
chr2	219077883	219277883	harbor1	chr2	219083068	219083253	LINE/L2	772	-	92	219083160	5277
chr2	219077883	219277883	harbor1	chr2	219096377	219096984	LINE/L2	2719	-	304	219096681	18798
chr2	219077883	219277883	harbor1	chr2	219097268	219097456	LINE/L2	2719	-	94	219097362	19479
chr2	219077883	219277883	harbor1	chr2	219097585	219097852	LINE/L2	2719	-	134	219097719	19836
chr2	219077883	219277883	harbor1	chr2	219097854	219098351	LINE/L2	457	-	248	219098102	20219
chr2	219077883	219277883	harbor1	chr2	219098386	219098668	LINE/L2	2683	-	141	219098527	20644
chr2	219077883	219277883	harbor1	chr2	219098793	219099198	LINE/L2	2683	-	202	219098995	21112
chr2	219077883	219277883	harbor1	chr2	219099417	219099962	LINE/L2	2683	-	272	219099689	21806
chr2	219077883	219277883	harbor1	chr2	219110075	219110254	LINE/L2	1606	-	90	219110165	32282
chr2	219077883	219277883	harbor1	chr2	219110535	219110840	LINE/L2	1606	-	152	219110687	32804
chr2	219077883	219277883	harbor1	chr2	219126577	219127180	LINE/L2	807	-	302	219126879	48996
chr2	219077883	219277883	harbor1	chr2	219138516	219138847	LINE/L2	935	-	166	219138682	60799
chr2	219077883	219277883	harbor1	chr2	219140040	219140828	LINE/L2	2314	-	394	219140434	62551
chr2	219077883	219277883	harbor1	chr2	219140840	219141097	LINE/L2	811	-	128	219140968	63085
chr2	219077883	219277883	harbor1	chr2	219141391	219141893	LINE/L2	811	-	251	219141642	63759
chr2	219077883	219277883	harbor1	chr2	219144260	219144725	LINE/L2	631	-	232	219144492	66609
chr2	207668782	207868782	harbor1	chr2	207743980	207744352	LINE/L2	559	-	186	207744166	75384
chr2	46198543	46398543	harbor1	chr2	46228099	46228362	LINE/L2	439	-	132	46228231	29688
chr2	46198543	46398543	harbor1	chr2	46276468	46276804	LINE/L2	566	-	168	46276636	78093
chr2	46198543	46398543	harbor1	chr2	46284110	46284550	LINE/L2	575	-	220	46284330	85787
chr2	27018955	27218955	harbor1	chr2	27085468	27085593	LINE/L2	476	-	62	27085530	66575
chr2	46198523	46398523	harbor1	chr2	46228099	46228362	LINE/L2	439	-	132	46228231	29708
chr2	46198523	46398523	harbor1	chr2	46276468	46276804	LINE/L2	566	-	168	46276636	78113
chr2	46198523	46398523	harbor1	chr2	46284110	46284550	LINE/L2	575	-	220	46284330	85807
chr2	26403762	26603762	harbor1	chr2	26429917	26430141	LINE/L2	678	-	112	26430029	26267
chr2	113484023	113684023	harbor1	chr2	113560447	113561039	LINE/L2	1085	-	296	113560743	76720
chr2	113484023	113684023	harbor1	chr2	113567023	113567074	LINE/L2	906	-	26	113567049	83026
chr2	113484023	113684023	harbor1	chr2	113568479	113568810	LINE/L2	906	-	166	113568645	84622
chr2	113484023	113684023	harbor1	chr2	113568847	113568988	LINE/L2	616	-	70	113568917	84894
chr2	113484023	113684023	harbor1	chr2	113569295	113569672	LINE/L2	616	-	188	113569483	85460
chr2	113484023	113684023	harbor1	chr2	113572532	113572548	LINE/L2	780	-	8	113572540	88517
chr2	113484023	113684023	harbor1	chr2	113572829	113573146	LINE/L2	780	-	158	113572987	88964
chr2	113484023	113684023	harbor1	chr2	113575263	113575395	LINE/L2	588	-	66	113575329	91306
chr2	86976362	87176362	harbor1	chr2	87027676	87027967	LINE/L2	516	-	146	87027822	51460
chr2	86976362	87176362	harbor1	chr2	87028410	87028456	LINE/L2	516	-	23	87028433	52071
chr2	86976362	87176362	harbor1	chr2	87028623	87028938	LINE/L2	794	-	158	87028781	52419
chr2	86976362	87176362	harbor1	chr2	87029153	87029521	LINE/L2	794	-	184	87029337	52975
chr2	86976362	87176362	harbor1	chr2	87057591	87058173	LINE/L2	2073	-	291	87057882	81520
chr2	86976362	87176362	harbor1	chr2	87058466	87058685	LINE/L2	2073	-	110	87058576	82214
chr2	86976362	87176362	harbor1	chr2	87058930	87059134	LINE/L2	2073	-	102	87059032	82670
chr2	86976362	87176362	harbor1	chr2	87059160	87059527	LINE/L2	2073	-	184	87059344	82982
chr2	26403771	26603771	harbor1	chr2	26429917	26430141	LINE/L2	678	-	112	26430029	26258
chr2	129830912	130030912	harbor1	chr2	129915454	129915671	LINE/L2	585	-	108	129915562	84650
chr2	26950298	27150298	harbor1	chr2	26966653	26966822	LINE/L2	475	-	84	26966737	16439
chr2	9301841	9501841	harbor1	chr2	9333306	9333687	LINE/L2	502	-	190	9333496	31655
chr2	70771149	70971149	harbor1	chr2	70813264	70813482	LINE/L2	460	-	109	70813373	42224
chr2	70771149	70971149	harbor1	chr2	70813975	70814385	LINE/L2	460	-	205	70814180	43031
chr2	60880293	61080293	harbor1	chr2	60967696	60967807	LINE/L2	598	-	56	60967752	87459
chr2	9945874	10145874	harbor1	chr2	9948644	9948928	LINE/L2	475	-	142	9948786	2912
chr2	9945874	10145874	harbor1	chr2	10040642	10041214	LINE/L2	482	-	286	10040928	95054
chr2	9945874	10145874	harbor1	chr2	10041511	10041569	LINE/L2	482	-	29	10041540	95666
chr2	30046187	30246187	harbor1	chr2	30056172	30056278	LINE/L2	524	-	53	30056225	10038
chr2	30046187	30246187	harbor1	chr2	30069443	30069787	LINE/L2	666	-	172	30069615	23428
chr2	30046187	30246187	harbor1	chr2	30083860	30084666	LINE/L2	1411	-	403	30084263	38076
chr2	72971135	73171135	harbor1	chr2	72982482	72982909	LINE/L2	480	-	214	72982696	11561
chr2	72971135	73171135	harbor1	chr2	73033202	73033790	LINE/L2	1790	-	294	73033496	62361
chr2	72971135	73171135	harbor1	chr2	73034007	73034139	LINE/L2	1114	-	66	73034073	62938
chr2	72971135	73171135	harbor1	chr2	73068622	73069516	LINE/L2	677	-	447	73069069	97934
chr2	72046074	72246074	harbor1	chr2	72099038	72099324	LINE/L2	879	-	143	72099181	53107
chr2	72046074	72246074	harbor1	chr2	72106914	72107271	LINE/L2	447	-	178	72107092	61018
chr2	152250414	152450414	harbor1	chr2	152349882	152350110	LINE/L2	487	-	114	152349996	99582
chr2	74415635	74615635	harbor1	chr2	74456289	74456689	LINE/L2	516	-	200	74456489	40854
chr2	74415635	74615635	harbor1	chr2	74456678	74456977	LINE/L2	767	-	150	74456828	41193
chr2	74415635	74615635	harbor1	chr2	74486389	74486610	LINE/L2	1105	-	110	74486499	70864
chr2	74415635	74615635	harbor1	chr2	74486909	74487141	LINE/L2	1105	-	116	74487025	71390
chr2	59821692	60021692	harbor1	chr2	59855116	59855407	LINE/L2	684	-	146	59855262	33570
chr2	59821692	60021692	harbor1	chr2	59906759	59907080	LINE/L2	836	-	160	59906919	85227
chr2	74415479	74615479	harbor1	chr2	74456289	74456689	LINE/L2	516	-	200	74456489	41010
chr2	74415479	74615479	harbor1	chr2	74456678	74456977	LINE/L2	767	-	150	74456828	41349
chr2	74415479	74615479	harbor1	chr2	74486389	74486610	LINE/L2	1105	-	110	74486499	71020
chr2	74415479	74615479	harbor1	chr2	74486909	74487141	LINE/L2	1105	-	116	74487025	71546
chr2	85502391	85702391	harbor1	chr2	85507794	85507945	LINE/L2	1141	-	76	85507870	5479
chr2	85502391	85702391	harbor1	chr2	85509844	85510114	LINE/L2	1141	-	135	85509979	7588
chr2	241050336	241250336	harbor1	chr2	241082927	241083495	LINE/L2	577	-	284	241083211	32875
chr2	131392202	131592202	harbor1	chr2	131430973	131431614	LINE/L2	615	-	320	131431293	39091
chr2	131392202	131592202	harbor1	chr2	131440874	131441689	LINE/L2	1744	-	408	131441282	49080
chr2	131392202	131592202	harbor1	chr2	131441913	131442124	LINE/L2	454	-	106	131442019	49817
chr2	131392202	131592202	harbor1	chr2	131446188	131446299	LINE/L2	767	-	56	131446244	54042
chr2	131392202	131592202	harbor1	chr2	131446758	131447101	LINE/L2	767	-	172	131446930	54728
chr2	113177630	113377630	harbor1	chr2	113247723	113248111	LINE/L2	849	-	194	113247917	70287
chr2	219458132	219658132	harbor1	chr2	219502643	219502844	LINE/L2	556	-	100	219502743	44611
chr2	219458132	219658132	harbor1	chr2	219533363	219533750	LINE/L2	495	-	194	219533557	75425
chr2	219458132	219658132	harbor1	chr2	219548239	219548891	LINE/L2	836	-	326	219548565	90433
chr2	217888302	218088302	harbor1	chr2	217917290	217917547	LINE/L2	1114	-	128	217917418	29116
chr2	217888302	218088302	harbor1	chr2	217917851	217918187	LINE/L2	1114	-	168	217918019	29717
chr2	217888302	218088302	harbor1	chr2	217931028	217931203	LINE/L2	476	-	88	217931116	42814
chr2	21176381	21376381	harbor1	chr2	21178641	21178850	LINE/L2	591	-	104	21178745	2364
chr2	21176381	21376381	harbor1	chr2	21222319	21222957	LINE/L2	1401	-	319	21222638	46257
chr2	21176381	21376381	harbor1	chr2	21238971	21239280	LINE/L2	912	-	154	21239125	62744
chr2	21176381	21376381	harbor1	chr2	21250464	21250924	LINE/L2	764	-	230	21250694	74313
chr2	26403748	26603748	harbor1	chr2	26429917	26430141	LINE/L2	678	-	112	26430029	26281
chr2	74415451	74615451	harbor1	chr2	74456289	74456689	LINE/L2	516	-	200	74456489	41038
chr2	74415451	74615451	harbor1	chr2	74456678	74456977	LINE/L2	767	-	150	74456828	41377
chr2	74415451	74615451	harbor1	chr2	74486389	74486610	LINE/L2	1105	-	110	74486499	71048
chr2	74415451	74615451	harbor1	chr2	74486909	74487141	LINE/L2	1105	-	116	74487025	71574
chr2	151310331	151510331	harbor1	chr2	151382311	151382448	LINE/L2	555	-	68	151382379	72048
chr2	151310331	151510331	harbor1	chr2	151384188	151384689	LINE/L2	1796	-	250	151384438	74107
chr2	151310331	151510331	harbor1	chr2	151384984	151385156	LINE/L2	1796	-	86	151385070	74739
chr2	237589573	237789573	harbor1	chr2	237649944	237650830	LINE/L2	591	-	443	237650387	60814
chr2	237589573	237789573	harbor1	chr2	237652119	237652435	LINE/L2	708	-	158	237652277	62704
chr2	219077865	219277865	harbor1	chr2	219083068	219083253	LINE/L2	772	-	92	219083160	5295
chr2	219077865	219277865	harbor1	chr2	219096377	219096984	LINE/L2	2719	-	304	219096681	18816
chr2	219077865	219277865	harbor1	chr2	219097268	219097456	LINE/L2	2719	-	94	219097362	19497
chr2	219077865	219277865	harbor1	chr2	219097585	219097852	LINE/L2	2719	-	134	219097719	19854
chr2	219077865	219277865	harbor1	chr2	219097854	219098351	LINE/L2	457	-	248	219098102	20237
chr2	219077865	219277865	harbor1	chr2	219098386	219098668	LINE/L2	2683	-	141	219098527	20662
chr2	219077865	219277865	harbor1	chr2	219098793	219099198	LINE/L2	2683	-	202	219098995	21130
chr2	219077865	219277865	harbor1	chr2	219099417	219099962	LINE/L2	2683	-	272	219099689	21824
chr2	219077865	219277865	harbor1	chr2	219110075	219110254	LINE/L2	1606	-	90	219110165	32300
chr2	219077865	219277865	harbor1	chr2	219110535	219110840	LINE/L2	1606	-	152	219110687	32822
chr2	219077865	219277865	harbor1	chr2	219126577	219127180	LINE/L2	807	-	302	219126879	49014
chr2	219077865	219277865	harbor1	chr2	219138516	219138847	LINE/L2	935	-	166	219138682	60817
chr2	219077865	219277865	harbor1	chr2	219140040	219140828	LINE/L2	2314	-	394	219140434	62569
chr2	219077865	219277865	harbor1	chr2	219140840	219141097	LINE/L2	811	-	128	219140968	63103
chr2	219077865	219277865	harbor1	chr2	219141391	219141893	LINE/L2	811	-	251	219141642	63777
chr2	219077865	219277865	harbor1	chr2	219144260	219144725	LINE/L2	631	-	232	219144492	66627
chr2	85502849	85702849	harbor1	chr2	85507794	85507945	LINE/L2	1141	-	76	85507870	5021
chr2	85502849	85702849	harbor1	chr2	85509844	85510114	LINE/L2	1141	-	135	85509979	7130
chr2	56085032	56285032	harbor1	chr2	56166773	56167551	LINE/L2	2079	-	389	56167162	82130
chr2	56085032	56285032	harbor1	chr2	56147586	56148039	LINE/L2	558	-	226	56147812	62780
chr2	46198453	46398453	harbor1	chr2	46228099	46228362	LINE/L2	439	-	132	46228231	29778
chr2	46198453	46398453	harbor1	chr2	46276468	46276804	LINE/L2	566	-	168	46276636	78183
chr2	46198453	46398453	harbor1	chr2	46284110	46284550	LINE/L2	575	-	220	46284330	85877
chr2	46198517	46398517	harbor1	chr2	46228099	46228362	LINE/L2	439	-	132	46228231	29714
chr2	46198517	46398517	harbor1	chr2	46276468	46276804	LINE/L2	566	-	168	46276636	78119
chr2	46198517	46398517	harbor1	chr2	46284110	46284550	LINE/L2	575	-	220	46284330	85813
chr2	113481247	113681247	harbor1	chr2	113560447	113561039	LINE/L2	1085	-	296	113560743	79496
chr2	113481247	113681247	harbor1	chr2	113567023	113567074	LINE/L2	906	-	26	113567049	85802
chr2	113481247	113681247	harbor1	chr2	113568479	113568810	LINE/L2	906	-	166	113568645	87398
chr2	113481247	113681247	harbor1	chr2	113568847	113568988	LINE/L2	616	-	70	113568917	87670
chr2	113481247	113681247	harbor1	chr2	113569295	113569672	LINE/L2	616	-	188	113569483	88236
chr2	113481247	113681247	harbor1	chr2	113572532	113572548	LINE/L2	780	-	8	113572540	91293
chr2	113481247	113681247	harbor1	chr2	113572829	113573146	LINE/L2	780	-	158	113572987	91740
chr2	113481247	113681247	harbor1	chr2	113575263	113575395	LINE/L2	588	-	66	113575329	94082
chr2	45443610	45643610	harbor1	chr2	45442978	45443628	LINE/L2	825	-	325	45443303	307
chr2	219071902	219271902	harbor1	chr2	219083068	219083253	LINE/L2	772	-	92	219083160	11258
chr2	219071902	219271902	harbor1	chr2	219096377	219096984	LINE/L2	2719	-	304	219096681	24779
chr2	219071902	219271902	harbor1	chr2	219097268	219097456	LINE/L2	2719	-	94	219097362	25460
chr2	219071902	219271902	harbor1	chr2	219097585	219097852	LINE/L2	2719	-	134	219097719	25817
chr2	219071902	219271902	harbor1	chr2	219097854	219098351	LINE/L2	457	-	248	219098102	26200
chr2	219071902	219271902	harbor1	chr2	219098386	219098668	LINE/L2	2683	-	141	219098527	26625
chr2	219071902	219271902	harbor1	chr2	219098793	219099198	LINE/L2	2683	-	202	219098995	27093
chr2	219071902	219271902	harbor1	chr2	219099417	219099962	LINE/L2	2683	-	272	219099689	27787
chr2	219071902	219271902	harbor1	chr2	219110075	219110254	LINE/L2	1606	-	90	219110165	38263
chr2	219071902	219271902	harbor1	chr2	219110535	219110840	LINE/L2	1606	-	152	219110687	38785
chr2	219071902	219271902	harbor1	chr2	219126577	219127180	LINE/L2	807	-	302	219126879	54977
chr2	219071902	219271902	harbor1	chr2	219138516	219138847	LINE/L2	935	-	166	219138682	66780
chr2	219071902	219271902	harbor1	chr2	219140040	219140828	LINE/L2	2314	-	394	219140434	68532
chr2	219071902	219271902	harbor1	chr2	219140840	219141097	LINE/L2	811	-	128	219140968	69066
chr2	219071902	219271902	harbor1	chr2	219141391	219141893	LINE/L2	811	-	251	219141642	69740
chr2	219071902	219271902	harbor1	chr2	219144260	219144725	LINE/L2	631	-	232	219144492	72590
chr2	200971419	201171419	harbor1	chr2	201020323	201020719	LINE/L2	567	-	198	201020521	49102
chr2	46198560	46398560	harbor1	chr2	46228099	46228362	LINE/L2	439	-	132	46228231	29671
chr2	46198560	46398560	harbor1	chr2	46276468	46276804	LINE/L2	566	-	168	46276636	78076
chr2	46198560	46398560	harbor1	chr2	46284110	46284550	LINE/L2	575	-	220	46284330	85770
chr2	72971209	73171209	harbor1	chr2	72982482	72982909	LINE/L2	480	-	214	72982696	11487
chr2	72971209	73171209	harbor1	chr2	73033202	73033790	LINE/L2	1790	-	294	73033496	62287
chr2	72971209	73171209	harbor1	chr2	73034007	73034139	LINE/L2	1114	-	66	73034073	62864
chr2	72971209	73171209	harbor1	chr2	73068622	73069516	LINE/L2	677	-	447	73069069	97860
chr2	26950213	27150213	harbor1	chr2	26966653	26966822	LINE/L2	475	-	84	26966737	16524
chr2	74415403	74615403	harbor1	chr2	74456289	74456689	LINE/L2	516	-	200	74456489	41086
chr2	74415403	74615403	harbor1	chr2	74456678	74456977	LINE/L2	767	-	150	74456828	41425
chr2	74415403	74615403	harbor1	chr2	74486389	74486610	LINE/L2	1105	-	110	74486499	71096
chr2	74415403	74615403	harbor1	chr2	74486909	74487141	LINE/L2	1105	-	116	74487025	71622
chr2	42971427	43171427	harbor1	chr2	43001646	43001916	LINE/L2	498	-	135	43001781	30354
chr2	42971427	43171427	harbor1	chr2	43015358	43015629	LINE/L2	578	-	136	43015494	44067
chr2	74405689	74605689	harbor1	chr2	74456289	74456689	LINE/L2	516	-	200	74456489	50800
chr2	74405689	74605689	harbor1	chr2	74456678	74456977	LINE/L2	767	-	150	74456828	51139
chr2	74405689	74605689	harbor1	chr2	74486389	74486610	LINE/L2	1105	-	110	74486499	80810
chr2	74405689	74605689	harbor1	chr2	74486909	74487141	LINE/L2	1105	-	116	74487025	81336
chr2	72043426	72243426	harbor1	chr2	72099038	72099324	LINE/L2	879	-	143	72099181	55755
chr2	72043426	72243426	harbor1	chr2	72106914	72107271	LINE/L2	447	-	178	72107092	63666
chr2	231861900	232061900	harbor1	chr2	231899285	231899406	LINE/L2	445	-	60	231899345	37445
chr2	231861900	232061900	harbor1	chr2	231908352	231908392	LINE/L2	815	-	20	231908372	46472
chr2	231861900	232061900	harbor1	chr2	231908682	231909007	LINE/L2	815	-	162	231908844	46944
chr2	156336151	156536151	harbor1	chr2	156416663	156416891	LINE/L2	866	-	114	156416777	80626
chr2	72787358	72987358	harbor1	chr2	72817487	72817665	LINE/L2	618	-	89	72817576	30218
chr2	72787358	72987358	harbor1	chr2	72845061	72845166	LINE/L2	529	-	52	72845113	57755
chr2	72787358	72987358	harbor1	chr2	72845210	72845253	LINE/L2	529	-	22	72845232	57874
chr2	72787358	72987358	harbor1	chr2	72846600	72846898	LINE/L2	529	-	149	72846749	59391
chr2	72787358	72987358	harbor1	chr2	72846877	72847131	LINE/L2	482	-	127	72847004	59646
chr2	72787358	72987358	harbor1	chr2	72847594	72847658	LINE/L2	482	-	32	72847626	60268
chr2	72787358	72987358	harbor1	chr2	72848348	72849362	LINE/L2	2218	-	507	72848855	61497
chr2	111023146	111223146	harbor1	chr2	111056899	111057150	LINE/L2	614	-	126	111057025	33879
chr2	66131385	66331385	harbor1	chr2	66148269	66148636	LINE/L2	481	-	184	66148453	17068
chr2	66131385	66331385	harbor1	chr2	66164598	66165695	LINE/L2	2163	-	548	66165146	33761
chr2	66131385	66331385	harbor1	chr2	66166145	66166249	LINE/L2	2163	-	52	66166197	34812
chr2	66131385	66331385	harbor1	chr2	66167932	66168994	LINE/L2	2148	-	531	66168463	37078
chr2	66131385	66331385	harbor1	chr2	66196959	66197146	LINE/L2	699	-	94	66197053	65668
chr2	66131385	66331385	harbor1	chr2	66217165	66217729	LINE/L2	703	-	282	66217447	86062
chr2	108438378	108638378	harbor1	chr2	108473720	108473871	LINE/L2	1283	-	76	108473796	35418
chr2	108438378	108638378	harbor1	chr2	108474177	108474954	LINE/L2	1283	-	388	108474565	36187
chr2	72787359	72987359	harbor1	chr2	72817487	72817665	LINE/L2	618	-	89	72817576	30217
chr2	72787359	72987359	harbor1	chr2	72845061	72845166	LINE/L2	529	-	52	72845113	57754
chr2	72787359	72987359	harbor1	chr2	72845210	72845253	LINE/L2	529	-	22	72845232	57873
chr2	72787359	72987359	harbor1	chr2	72846600	72846898	LINE/L2	529	-	149	72846749	59390
chr2	72787359	72987359	harbor1	chr2	72846877	72847131	LINE/L2	482	-	127	72847004	59645
chr2	72787359	72987359	harbor1	chr2	72847594	72847658	LINE/L2	482	-	32	72847626	60267
chr2	72787359	72987359	harbor1	chr2	72848348	72849362	LINE/L2	2218	-	507	72848855	61496
chr2	113484018	113684018	harbor1	chr2	113560447	113561039	LINE/L2	1085	-	296	113560743	76725
chr2	113484018	113684018	harbor1	chr2	113567023	113567074	LINE/L2	906	-	26	113567049	83031
chr2	113484018	113684018	harbor1	chr2	113568479	113568810	LINE/L2	906	-	166	113568645	84627
chr2	113484018	113684018	harbor1	chr2	113568847	113568988	LINE/L2	616	-	70	113568917	84899
chr2	113484018	113684018	harbor1	chr2	113569295	113569672	LINE/L2	616	-	188	113569483	85465
chr2	113484018	113684018	harbor1	chr2	113572532	113572548	LINE/L2	780	-	8	113572540	88522
chr2	113484018	113684018	harbor1	chr2	113572829	113573146	LINE/L2	780	-	158	113572987	88969
chr2	113484018	113684018	harbor1	chr2	113575263	113575395	LINE/L2	588	-	66	113575329	91311
chr2	219392988	219592988	harbor1	chr2	219397510	219397714	LINE/L2	646	-	102	219397612	4624
chr2	64294495	64494495	harbor1	chr2	64340460	64341192	LINE/L2	899	-	366	64340826	46331
chr2	64294495	64494495	harbor1	chr2	64372874	64373019	LINE/L2	462	-	72	64372946	78451
chr2	64294495	64494495	harbor1	chr2	64373232	64373776	LINE/L2	1064	-	272	64373504	79009
chr2	85502856	85702856	harbor1	chr2	85507794	85507945	LINE/L2	1141	-	76	85507870	5014
chr2	85502856	85702856	harbor1	chr2	85509844	85510114	LINE/L2	1141	-	135	85509979	7123
chr2	74415978	74615978	harbor1	chr2	74456289	74456689	LINE/L2	516	-	200	74456489	40511
chr2	74415978	74615978	harbor1	chr2	74456678	74456977	LINE/L2	767	-	150	74456828	40850
chr2	74415978	74615978	harbor1	chr2	74486389	74486610	LINE/L2	1105	-	110	74486499	70521
chr2	74415978	74615978	harbor1	chr2	74486909	74487141	LINE/L2	1105	-	116	74487025	71047
chr2	219060085	219260085	harbor1	chr2	219066733	219066918	LINE/L2	950	-	92	219066825	6740
chr2	219060085	219260085	harbor1	chr2	219067872	219068211	LINE/L2	950	-	170	219068042	7957
chr2	219060085	219260085	harbor1	chr2	219083068	219083253	LINE/L2	772	-	92	219083160	23075
chr2	219060085	219260085	harbor1	chr2	219096377	219096984	LINE/L2	2719	-	304	219096681	36596
chr2	219060085	219260085	harbor1	chr2	219097268	219097456	LINE/L2	2719	-	94	219097362	37277
chr2	219060085	219260085	harbor1	chr2	219097585	219097852	LINE/L2	2719	-	134	219097719	37634
chr2	219060085	219260085	harbor1	chr2	219097854	219098351	LINE/L2	457	-	248	219098102	38017
chr2	219060085	219260085	harbor1	chr2	219098386	219098668	LINE/L2	2683	-	141	219098527	38442
chr2	219060085	219260085	harbor1	chr2	219098793	219099198	LINE/L2	2683	-	202	219098995	38910
chr2	219060085	219260085	harbor1	chr2	219099417	219099962	LINE/L2	2683	-	272	219099689	39604
chr2	219060085	219260085	harbor1	chr2	219110075	219110254	LINE/L2	1606	-	90	219110165	50080
chr2	219060085	219260085	harbor1	chr2	219110535	219110840	LINE/L2	1606	-	152	219110687	50602
chr2	219060085	219260085	harbor1	chr2	219126577	219127180	LINE/L2	807	-	302	219126879	66794
chr2	219060085	219260085	harbor1	chr2	219138516	219138847	LINE/L2	935	-	166	219138682	78597
chr2	219060085	219260085	harbor1	chr2	219140040	219140828	LINE/L2	2314	-	394	219140434	80349
chr2	219060085	219260085	harbor1	chr2	219140840	219141097	LINE/L2	811	-	128	219140968	80883
chr2	219060085	219260085	harbor1	chr2	219141391	219141893	LINE/L2	811	-	251	219141642	81557
chr2	219060085	219260085	harbor1	chr2	219144260	219144725	LINE/L2	631	-	232	219144492	84407
chr2	43054951	43254951	harbor1	chr2	43131894	43132186	LINE/L2	702	-	146	43132040	77089
chr2	43054951	43254951	harbor1	chr2	43134807	43134894	LINE/L2	788	-	44	43134851	79900
chr2	43054951	43254951	harbor1	chr2	43135205	43135263	LINE/L2	788	-	29	43135234	80283
chr2	43054951	43254951	harbor1	chr2	43135551	43135836	LINE/L2	788	-	142	43135693	80742
chr2	204956154	205156154	harbor1	chr2	204960666	204961621	LINE/L2	1491	-	478	204961144	4990
chr2	204956154	205156154	harbor1	chr2	204981552	204981870	LINE/L2	866	-	159	204981711	25557
chr2	204956154	205156154	harbor1	chr2	205014619	205014858	LINE/L2	465	-	120	205014739	58585
chr2	175979808	176179808	harbor1	chr2	176004613	176005356	LINE/L2	876	-	372	176004985	25177
chr2	175979808	176179808	harbor1	chr2	176037801	176037822	LINE/L2	543	-	10	176037811	58003
chr2	175979808	176179808	harbor1	chr2	176038138	176038270	LINE/L2	543	-	66	176038204	58396
chr2	175979808	176179808	harbor1	chr2	176038606	176038747	LINE/L2	543	-	70	176038676	58868
chr2	175979808	176179808	harbor1	chr2	176061920	176062051	LINE/L2	1203	-	66	176061986	82178
chr2	175979808	176179808	harbor1	chr2	176062182	176062654	LINE/L2	1203	-	236	176062418	82610
chr2	89546776	89746776	harbor1	chr2	89568747	89569017	LINE/L2	446	-	135	89568882	22106
chr2	74415961	74615961	harbor1	chr2	74456289	74456689	LINE/L2	516	-	200	74456489	40528
chr2	74415961	74615961	harbor1	chr2	74456678	74456977	LINE/L2	767	-	150	74456828	40867
chr2	74415961	74615961	harbor1	chr2	74486389	74486610	LINE/L2	1105	-	110	74486499	70538
chr2	74415961	74615961	harbor1	chr2	74486909	74487141	LINE/L2	1105	-	116	74487025	71064
chr2	11244853	11444853	harbor1	chr2	11264286	11264806	LINE/L2	1031	-	260	11264546	19693
chr2	11244853	11444853	harbor1	chr2	11291722	11292089	LINE/L2	846	-	184	11291906	47053
chr2	11244853	11444853	harbor1	chr2	11325553	11327572	LINE/L2	1086	-	1010	11326563	81710
chr2	219060809	219260809	harbor1	chr2	219066733	219066918	LINE/L2	950	-	92	219066825	6016
chr2	219060809	219260809	harbor1	chr2	219067872	219068211	LINE/L2	950	-	170	219068042	7233
chr2	219060809	219260809	harbor1	chr2	219083068	219083253	LINE/L2	772	-	92	219083160	22351
chr2	219060809	219260809	harbor1	chr2	219096377	219096984	LINE/L2	2719	-	304	219096681	35872
chr2	219060809	219260809	harbor1	chr2	219097268	219097456	LINE/L2	2719	-	94	219097362	36553
chr2	219060809	219260809	harbor1	chr2	219097585	219097852	LINE/L2	2719	-	134	219097719	36910
chr2	219060809	219260809	harbor1	chr2	219097854	219098351	LINE/L2	457	-	248	219098102	37293
chr2	219060809	219260809	harbor1	chr2	219098386	219098668	LINE/L2	2683	-	141	219098527	37718
chr2	219060809	219260809	harbor1	chr2	219098793	219099198	LINE/L2	2683	-	202	219098995	38186
chr2	219060809	219260809	harbor1	chr2	219099417	219099962	LINE/L2	2683	-	272	219099689	38880
chr2	219060809	219260809	harbor1	chr2	219110075	219110254	LINE/L2	1606	-	90	219110165	49356
chr2	219060809	219260809	harbor1	chr2	219110535	219110840	LINE/L2	1606	-	152	219110687	49878
chr2	219060809	219260809	harbor1	chr2	219126577	219127180	LINE/L2	807	-	302	219126879	66070
chr2	219060809	219260809	harbor1	chr2	219138516	219138847	LINE/L2	935	-	166	219138682	77873
chr2	219060809	219260809	harbor1	chr2	219140040	219140828	LINE/L2	2314	-	394	219140434	79625
chr2	219060809	219260809	harbor1	chr2	219140840	219141097	LINE/L2	811	-	128	219140968	80159
chr2	219060809	219260809	harbor1	chr2	219141391	219141893	LINE/L2	811	-	251	219141642	80833
chr2	219060809	219260809	harbor1	chr2	219144260	219144725	LINE/L2	631	-	232	219144492	83683
chr2	119120408	119320408	harbor1	chr2	119140781	119141246	LINE/L2	724	-	232	119141013	20605
chr2	119120408	119320408	harbor1	chr2	119151415	119151762	LINE/L2	507	-	174	119151589	31181
chr2	119120408	119320408	harbor1	chr2	119162936	119163559	LINE/L2	1137	-	312	119163248	42840
chr2	60966422	61166422	harbor1	chr2	60967696	60967807	LINE/L2	598	-	56	60967752	1330
chr2	60966422	61166422	harbor1	chr2	61033434	61033977	LINE/L2	1183	-	272	61033706	67284
chr2	237867415	238067415	harbor1	chr2	237901439	237901562	LINE/L2	473	-	62	237901501	34086
chr2	74415475	74615475	harbor1	chr2	74456289	74456689	LINE/L2	516	-	200	74456489	41014
chr2	74415475	74615475	harbor1	chr2	74456678	74456977	LINE/L2	767	-	150	74456828	41353
chr2	74415475	74615475	harbor1	chr2	74486389	74486610	LINE/L2	1105	-	110	74486499	71024
chr2	74415475	74615475	harbor1	chr2	74486909	74487141	LINE/L2	1105	-	116	74487025	71550
chr2	74415962	74615962	harbor1	chr2	74456289	74456689	LINE/L2	516	-	200	74456489	40527
chr2	74415962	74615962	harbor1	chr2	74456678	74456977	LINE/L2	767	-	150	74456828	40866
chr2	74415962	74615962	harbor1	chr2	74486389	74486610	LINE/L2	1105	-	110	74486499	70537
chr2	74415962	74615962	harbor1	chr2	74486909	74487141	LINE/L2	1105	-	116	74487025	71063
chr2	70771714	70971714	harbor1	chr2	70813264	70813482	LINE/L2	460	-	109	70813373	41659
chr2	70771714	70971714	harbor1	chr2	70813975	70814385	LINE/L2	460	-	205	70814180	42466
chr2	232203322	232403322	harbor1	chr2	232237426	232237632	LINE/L2	709	-	103	232237529	34207
chr2	218914258	219114258	harbor1	chr2	218926084	218926418	LINE/L2	697	-	167	218926251	11993
chr2	218914258	219114258	harbor1	chr2	218927741	218928212	LINE/L2	1006	-	236	218927977	13719
chr2	218914258	219114258	harbor1	chr2	218944129	218944749	LINE/L2	2453	-	310	218944439	30181
chr2	218914258	219114258	harbor1	chr2	218946858	218947091	LINE/L2	839	-	116	218946974	32716
chr2	218914258	219114258	harbor1	chr2	218947450	218947646	LINE/L2	839	-	98	218947548	33290
chr2	53759983	53959983	harbor1	chr2	53762005	53762342	LINE/L2	584	-	168	53762173	2190
chr2	53759983	53959983	harbor1	chr2	53828888	53829646	LINE/L2	1864	-	379	53829267	69284
chr2	42069583	42269583	harbor1	chr2	42087332	42087448	LINE/L2	472	-	58	42087390	17807
chr2	42069583	42269583	harbor1	chr2	42092767	42093204	LINE/L2	579	-	218	42092985	23402
chr2	42069583	42269583	harbor1	chr2	42093396	42093466	LINE/L2	540	-	35	42093431	23848
chr2	42069583	42269583	harbor1	chr2	42093765	42093971	LINE/L2	540	-	103	42093868	24285
chr2	42069583	42269583	harbor1	chr2	42163001	42163101	LINE/L2	652	-	50	42163051	93468
chr2	158868003	159068003	harbor1	chr2	158907345	158907623	LINE/L2	490	-	139	158907484	39481
chr2	43126586	43326586	harbor1	chr2	43131894	43132186	LINE/L2	702	-	146	43132040	5454
chr2	43126586	43326586	harbor1	chr2	43134807	43134894	LINE/L2	788	-	44	43134851	8265
chr2	43126586	43326586	harbor1	chr2	43135205	43135263	LINE/L2	788	-	29	43135234	8648
chr2	43126586	43326586	harbor1	chr2	43135551	43135836	LINE/L2	788	-	142	43135693	9107
chr2	43126586	43326586	harbor1	chr2	43180994	43181891	LINE/L2	734	-	448	43181442	54856
chr2	72971106	73171106	harbor1	chr2	72982482	72982909	LINE/L2	480	-	214	72982696	11590
chr2	72971106	73171106	harbor1	chr2	73033202	73033790	LINE/L2	1790	-	294	73033496	62390
chr2	72971106	73171106	harbor1	chr2	73034007	73034139	LINE/L2	1114	-	66	73034073	62967
chr2	72971106	73171106	harbor1	chr2	73068622	73069516	LINE/L2	677	-	447	73069069	97963
chr2	27395167	27595167	harbor1	chr2	27463236	27463426	LINE/L2	886	-	95	27463331	68164
chr2	27395167	27595167	harbor1	chr2	27463649	27464236	LINE/L2	1141	-	294	27463943	68776
chr2	26957504	27157504	harbor1	chr2	26966653	26966822	LINE/L2	475	-	84	26966737	9233
chr2	28770576	28970576	harbor1	chr2	28854128	28854329	LINE/L2	570	-	100	28854228	83652
chr2	28770576	28970576	harbor1	chr2	28854933	28855297	LINE/L2	570	-	182	28855115	84539
chr2	43055485	43255485	harbor1	chr2	43131894	43132186	LINE/L2	702	-	146	43132040	76555
chr2	43055485	43255485	harbor1	chr2	43134807	43134894	LINE/L2	788	-	44	43134851	79366
chr2	43055485	43255485	harbor1	chr2	43135205	43135263	LINE/L2	788	-	29	43135234	79749
chr2	43055485	43255485	harbor1	chr2	43135551	43135836	LINE/L2	788	-	142	43135693	80208
chr2	46198514	46398514	harbor1	chr2	46228099	46228362	LINE/L2	439	-	132	46228231	29717
chr2	46198514	46398514	harbor1	chr2	46276468	46276804	LINE/L2	566	-	168	46276636	78122
chr2	46198514	46398514	harbor1	chr2	46284110	46284550	LINE/L2	575	-	220	46284330	85816
chr2	42069420	42269420	harbor1	chr2	42087332	42087448	LINE/L2	472	-	58	42087390	17970
chr2	42069420	42269420	harbor1	chr2	42092767	42093204	LINE/L2	579	-	218	42092985	23565
chr2	42069420	42269420	harbor1	chr2	42093396	42093466	LINE/L2	540	-	35	42093431	24011
chr2	42069420	42269420	harbor1	chr2	42093765	42093971	LINE/L2	540	-	103	42093868	24448
chr2	42069420	42269420	harbor1	chr2	42163001	42163101	LINE/L2	652	-	50	42163051	93631
chr2	219458026	219658026	harbor1	chr2	219502643	219502844	LINE/L2	556	-	100	219502743	44717
chr2	219458026	219658026	harbor1	chr2	219533363	219533750	LINE/L2	495	-	194	219533557	75531
chr2	219458026	219658026	harbor1	chr2	219548239	219548891	LINE/L2	836	-	326	219548565	90539
chr2	43118487	43318487	harbor1	chr2	43131894	43132186	LINE/L2	702	-	146	43132040	13553
chr2	43118487	43318487	harbor1	chr2	43134807	43134894	LINE/L2	788	-	44	43134851	16364
chr2	43118487	43318487	harbor1	chr2	43135205	43135263	LINE/L2	788	-	29	43135234	16747
chr2	43118487	43318487	harbor1	chr2	43135551	43135836	LINE/L2	788	-	142	43135693	17206
chr2	43118487	43318487	harbor1	chr2	43180994	43181891	LINE/L2	734	-	448	43181442	62955
chr2	60966462	61166462	harbor1	chr2	60967696	60967807	LINE/L2	598	-	56	60967752	1290
chr2	60966462	61166462	harbor1	chr2	61033434	61033977	LINE/L2	1183	-	272	61033706	67244
chr2	72856127	73056127	harbor1	chr2	72949187	72949325	LINE/L2	689	-	69	72949256	93129
chr2	72856127	73056127	harbor1	chr2	72949609	72950206	LINE/L2	689	-	298	72949907	93780
chr2	236586213	236786213	harbor1	chr2	236657890	236658370	LINE/L2	499	-	240	236658130	71917
chr2	24693648	24893648	harbor1	chr2	24780582	24781353	LINE/L2	2388	-	386	24780968	87320
chr2	24693648	24893648	harbor1	chr2	24781621	24781855	LINE/L2	2388	-	117	24781738	88090
chr2	217614103	217814103	harbor1	chr2	217642032	217642599	LINE/L2	1077	-	284	217642316	28213
chr2	160393135	160593135	harbor1	chr2	160454292	160454821	LINE/L2	493	-	264	160454556	61421
chr2	111955759	112155759	harbor1	chr2	111998401	111998724	LINE/L2	536	-	162	111998563	42804
chr2	217374869	217574869	harbor1	chr2	217376259	217377018	LINE/L2	1052	-	380	217376639	1770
chr2	26403834	26603834	harbor1	chr2	26429917	26430141	LINE/L2	678	-	112	26430029	26195
chr2	219077829	219277829	harbor1	chr2	219083068	219083253	LINE/L2	772	-	92	219083160	5331
chr2	219077829	219277829	harbor1	chr2	219096377	219096984	LINE/L2	2719	-	304	219096681	18852
chr2	219077829	219277829	harbor1	chr2	219097268	219097456	LINE/L2	2719	-	94	219097362	19533
chr2	219077829	219277829	harbor1	chr2	219097585	219097852	LINE/L2	2719	-	134	219097719	19890
chr2	219077829	219277829	harbor1	chr2	219097854	219098351	LINE/L2	457	-	248	219098102	20273
chr2	219077829	219277829	harbor1	chr2	219098386	219098668	LINE/L2	2683	-	141	219098527	20698
chr2	219077829	219277829	harbor1	chr2	219098793	219099198	LINE/L2	2683	-	202	219098995	21166
chr2	219077829	219277829	harbor1	chr2	219099417	219099962	LINE/L2	2683	-	272	219099689	21860
chr2	219077829	219277829	harbor1	chr2	219110075	219110254	LINE/L2	1606	-	90	219110165	32336
chr2	219077829	219277829	harbor1	chr2	219110535	219110840	LINE/L2	1606	-	152	219110687	32858
chr2	219077829	219277829	harbor1	chr2	219126577	219127180	LINE/L2	807	-	302	219126879	49050
chr2	219077829	219277829	harbor1	chr2	219138516	219138847	LINE/L2	935	-	166	219138682	60853
chr2	219077829	219277829	harbor1	chr2	219140040	219140828	LINE/L2	2314	-	394	219140434	62605
chr2	219077829	219277829	harbor1	chr2	219140840	219141097	LINE/L2	811	-	128	219140968	63139
chr2	219077829	219277829	harbor1	chr2	219141391	219141893	LINE/L2	811	-	251	219141642	63813
chr2	219077829	219277829	harbor1	chr2	219144260	219144725	LINE/L2	631	-	232	219144492	66663
chr2	26950239	27150239	harbor1	chr2	26966653	26966822	LINE/L2	475	-	84	26966737	16498
chr2	217726903	217926903	harbor1	chr2	217748547	217748697	LINE/L2	464	-	75	217748622	21719
chr3	127489937	127689937	harbor1	chr3	127526393	127526877	LINE/L2	806	-	242	127526635	36698
chr3	127489937	127689937	harbor1	chr3	127543382	127543911	LINE/L2	801	-	264	127543646	53709
chr3	127489937	127689937	harbor1	chr3	127544969	127545342	LINE/L2	411	-	186	127545155	55218
chr3	127489937	127689937	harbor1	chr3	127559901	127560109	LINE/L2	544	-	104	127560005	70068
chr3	127489937	127689937	harbor1	chr3	127585172	127585692	LINE/L2	582	-	260	127585432	95495
chr3	51869986	52069986	harbor1	chr3	51952331	51952537	LINE/L2	913	-	103	51952434	82448
chr3	51869986	52069986	harbor1	chr3	51953147	51953545	LINE/L2	1238	-	199	51953346	83360
chr3	51869986	52069986	harbor1	chr3	51953994	51954396	LINE/L2	1238	-	201	51954195	84209
chr3	138334620	138534620	harbor1	chr3	138358579	138358788	LINE/L2	525	-	104	138358683	24063
chr3	138334620	138534620	harbor1	chr3	138383692	138385156	LINE/L2	2953	-	732	138384424	49804
chr3	138334620	138534620	harbor1	chr3	138385446	138385504	LINE/L2	2953	-	29	138385475	50855
chr3	138334620	138534620	harbor1	chr3	138385815	138386052	LINE/L2	2953	-	118	138385933	51313
chr3	138334620	138534620	harbor1	chr3	138386998	138387320	LINE/L2	466	-	161	138387159	52539
chr3	138334620	138534620	harbor1	chr3	138406278	138406364	LINE/L2	481	-	43	138406321	71701
chr3	138334620	138534620	harbor1	chr3	138432633	138432735	LINE/L2	417	-	51	138432684	98064
chr3	49586786	49786786	harbor1	chr3	49619880	49620190	LINE/L2	615	-	155	49620035	33249
chr3	49586786	49786786	harbor1	chr3	49620455	49620706	LINE/L2	2090	-	126	49620581	33795
chr3	49586786	49786786	harbor1	chr3	49620956	49621714	LINE/L2	2090	-	379	49621335	34549
chr3	49586786	49786786	harbor1	chr3	49621887	49622364	LINE/L2	776	-	238	49622125	35339
chr3	49586786	49786786	harbor1	chr3	49666353	49666842	LINE/L2	752	-	244	49666597	79811
chr3	107991341	108191341	harbor1	chr3	108073561	108073826	LINE/L2	545	-	132	108073693	82352
chr3	107991308	108191308	harbor1	chr3	108073561	108073826	LINE/L2	545	-	132	108073693	82385
chr3	107991371	108191371	harbor1	chr3	108073561	108073826	LINE/L2	545	-	132	108073693	82322
chr3	107991316	108191316	harbor1	chr3	108073561	108073826	LINE/L2	545	-	132	108073693	82377
chr3	9817202	10017202	harbor1	chr3	9824011	9824239	LINE/L2	615	-	114	9824125	6923
chr3	9817202	10017202	harbor1	chr3	9827690	9827859	LINE/L2	639	-	84	9827774	10572
chr3	9817202	10017202	harbor1	chr3	9828165	9828280	LINE/L2	639	-	58	9828223	11021
chr3	9817202	10017202	harbor1	chr3	9884139	9884494	LINE/L2	696	-	178	9884317	67115
chr3	107991276	108191276	harbor1	chr3	108073561	108073826	LINE/L2	545	-	132	108073693	82417
chr3	107991357	108191357	harbor1	chr3	108073561	108073826	LINE/L2	545	-	132	108073693	82336
chr3	107991312	108191312	harbor1	chr3	108073561	108073826	LINE/L2	545	-	132	108073693	82381
chr3	51939476	52139476	harbor1	chr3	51952331	51952537	LINE/L2	913	-	103	51952434	12958
chr3	51939476	52139476	harbor1	chr3	51953147	51953545	LINE/L2	1238	-	199	51953346	13870
chr3	51939476	52139476	harbor1	chr3	51953994	51954396	LINE/L2	1238	-	201	51954195	14719
chr3	51939476	52139476	harbor1	chr3	51996824	51997118	LINE/L2	410	-	147	51996971	57495
chr3	107991310	108191310	harbor1	chr3	108073561	108073826	LINE/L2	545	-	132	108073693	82383
chr3	107991337	108191337	harbor1	chr3	108073561	108073826	LINE/L2	545	-	132	108073693	82356
chr3	107991338	108191338	harbor1	chr3	108073561	108073826	LINE/L2	545	-	132	108073693	82355
chr3	107991370	108191370	harbor1	chr3	108073561	108073826	LINE/L2	545	-	132	108073693	82323
chr3	107991302	108191302	harbor1	chr3	108073561	108073826	LINE/L2	545	-	132	108073693	82391
chr3	42586603	42786603	harbor1	chr3	42592926	42592947	LINE/L2	968	-	10	42592936	6333
chr3	42586603	42786603	harbor1	chr3	42593589	42594270	LINE/L2	1131	-	340	42593929	7326
chr3	42586603	42786603	harbor1	chr3	42601843	42602117	LINE/L2	663	-	137	42601980	15377
chr3	42586603	42786603	harbor1	chr3	42602434	42602507	LINE/L2	663	-	36	42602470	15867
chr3	156989205	157189205	harbor1	chr3	157021995	157022064	LINE/L2	633	-	34	157022029	32824
chr3	156989205	157189205	harbor1	chr3	157022243	157022739	LINE/L2	633	-	248	157022491	33286
chr3	156989205	157189205	harbor1	chr3	157037727	157038336	LINE/L2	1083	-	304	157038031	48826
chr3	156989205	157189205	harbor1	chr3	157038430	157038691	LINE/L2	646	-	130	157038560	49355
chr3	156989205	157189205	harbor1	chr3	157007832	157007964	LINE/L2	455	-	66	157007898	18693
chr3	107991361	108191361	harbor1	chr3	108073561	108073826	LINE/L2	545	-	132	108073693	82332
chr3	107991380	108191380	harbor1	chr3	108073561	108073826	LINE/L2	545	-	132	108073693	82313
chr3	51939463	52139463	harbor1	chr3	51952331	51952537	LINE/L2	913	-	103	51952434	12971
chr3	51939463	52139463	harbor1	chr3	51953147	51953545	LINE/L2	1238	-	199	51953346	13883
chr3	51939463	52139463	harbor1	chr3	51953994	51954396	LINE/L2	1238	-	201	51954195	14732
chr3	51939463	52139463	harbor1	chr3	51996824	51997118	LINE/L2	410	-	147	51996971	57508
chr3	107991451	108191451	harbor1	chr3	108073561	108073826	LINE/L2	545	-	132	108073693	82242
chr3	51939471	52139471	harbor1	chr3	51952331	51952537	LINE/L2	913	-	103	51952434	12963
chr3	51939471	52139471	harbor1	chr3	51953147	51953545	LINE/L2	1238	-	199	51953346	13875
chr3	51939471	52139471	harbor1	chr3	51953994	51954396	LINE/L2	1238	-	201	51954195	14724
chr3	51939471	52139471	harbor1	chr3	51996824	51997118	LINE/L2	410	-	147	51996971	57500
chr3	129021155	129221155	harbor1	chr3	129025009	129025715	LINE/L2	926	-	353	129025362	4207
chr3	129021155	129221155	harbor1	chr3	129033619	129034078	LINE/L2	752	-	230	129033849	12694
chr3	129021155	129221155	harbor1	chr3	129057079	129057601	LINE/L2	1091	-	261	129057340	36185
chr3	129021155	129221155	harbor1	chr3	129057671	129057827	LINE/L2	598	-	78	129057749	36594
chr3	129021155	129221155	harbor1	chr3	129058142	129058275	LINE/L2	598	-	66	129058208	37053
chr3	129021155	129221155	harbor1	chr3	129101335	129101839	LINE/L2	595	-	252	129101587	80432
chr3	129021155	129221155	harbor1	chr3	129117911	129118229	LINE/L2	549	-	159	129118070	96915
chr3	51939481	52139481	harbor1	chr3	51952331	51952537	LINE/L2	913	-	103	51952434	12953
chr3	51939481	52139481	harbor1	chr3	51953147	51953545	LINE/L2	1238	-	199	51953346	13865
chr3	51939481	52139481	harbor1	chr3	51953994	51954396	LINE/L2	1238	-	201	51954195	14714
chr3	51939481	52139481	harbor1	chr3	51996824	51997118	LINE/L2	410	-	147	51996971	57490
chr3	107991298	108191298	harbor1	chr3	108073561	108073826	LINE/L2	545	-	132	108073693	82395
chr3	52222004	52422004	harbor1	chr3	52305778	52306732	LINE/L2	1232	-	477	52306255	84251
chr3	147453950	147653950	harbor1	chr3	147453958	147454452	LINE/L2	1877	-	247	147454205	255
chr3	147453950	147653950	harbor1	chr3	147464666	147464881	LINE/L2	609	-	108	147464774	10824
chr3	147453950	147653950	harbor1	chr3	147465405	147465877	LINE/L2	1022	-	236	147465641	11691
chr3	147453950	147653950	harbor1	chr3	147466189	147466360	LINE/L2	1022	-	86	147466275	12325
chr3	161005424	161205424	harbor1	chr3	161007050	161007539	LINE/L2	1361	-	244	161007294	1870
chr3	161005424	161205424	harbor1	chr3	161007760	161007938	LINE/L2	861	-	89	161007849	2425
chr3	161005424	161205424	harbor1	chr3	161008594	161009086	LINE/L2	1596	-	246	161008840	3416
chr3	161005424	161205424	harbor1	chr3	161059546	161059637	LINE/L2	671	-	46	161059592	54168
chr3	161005424	161205424	harbor1	chr3	161060051	161060409	LINE/L2	671	-	179	161060230	54806
chr3	161005424	161205424	harbor1	chr3	161060436	161060651	LINE/L2	512	-	108	161060544	55120
chr3	161005424	161205424	harbor1	chr3	161066274	161066545	LINE/L2	560	-	136	161066410	60986
chr3	107991375	108191375	harbor1	chr3	108073561	108073826	LINE/L2	545	-	132	108073693	82318
chr3	107991366	108191366	harbor1	chr3	108073561	108073826	LINE/L2	545	-	132	108073693	82327
chr3	107991309	108191309	harbor1	chr3	108073561	108073826	LINE/L2	545	-	132	108073693	82384
chr3	43899206	44099206	harbor1	chr3	43922297	43922654	LINE/L2	477	-	178	43922475	23269
chr3	107991277	108191277	harbor1	chr3	108073561	108073826	LINE/L2	545	-	132	108073693	82416
chr3	125916736	126116736	harbor1	chr3	125917898	125918380	LINE/L2	988	-	241	125918139	1403
chr3	125916736	126116736	harbor1	chr3	125965299	125966320	LINE/L2	2181	-	510	125965809	49073
chr3	125916736	126116736	harbor1	chr3	125966323	125966771	LINE/L2	433	-	224	125966547	49811
chr3	125916736	126116736	harbor1	chr3	126008971	126009277	LINE/L2	458	-	153	126009124	92388
chr3	51939504	52139504	harbor1	chr3	51952331	51952537	LINE/L2	913	-	103	51952434	12930
chr3	51939504	52139504	harbor1	chr3	51953147	51953545	LINE/L2	1238	-	199	51953346	13842
chr3	51939504	52139504	harbor1	chr3	51953994	51954396	LINE/L2	1238	-	201	51954195	14691
chr3	51939504	52139504	harbor1	chr3	51996824	51997118	LINE/L2	410	-	147	51996971	57467
chr3	107991343	108191343	harbor1	chr3	108073561	108073826	LINE/L2	545	-	132	108073693	82350
chr3	17061072	17261072	harbor1	chr3	17082975	17083916	LINE/L2	1364	-	470	17083445	22373
chr3	17061072	17261072	harbor1	chr3	17108881	17109851	LINE/L2	1139	-	485	17109366	48294
chr3	17061072	17261072	harbor1	chr3	17116775	17117217	LINE/L2	520	-	221	17116996	55924
chr3	107991355	108191355	harbor1	chr3	108073561	108073826	LINE/L2	545	-	132	108073693	82338
chr3	49542479	49742479	harbor1	chr3	49568972	49569221	LINE/L2	560	-	124	49569096	26617
chr3	49542479	49742479	harbor1	chr3	49619880	49620190	LINE/L2	615	-	155	49620035	77556
chr3	49542479	49742479	harbor1	chr3	49620455	49620706	LINE/L2	2090	-	126	49620581	78102
chr3	49542479	49742479	harbor1	chr3	49620956	49621714	LINE/L2	2090	-	379	49621335	78856
chr3	49542479	49742479	harbor1	chr3	49621887	49622364	LINE/L2	776	-	238	49622125	79646
chr3	50220451	50420451	harbor1	chr3	50223429	50223677	LINE/L2	570	-	124	50223553	3102
chr3	50220451	50420451	harbor1	chr3	50224007	50224357	LINE/L2	1408	-	175	50224182	3731
chr3	50220451	50420451	harbor1	chr3	50224655	50225105	LINE/L2	1408	-	225	50224880	4429
chr3	50220451	50420451	harbor1	chr3	50277981	50278216	LINE/L2	606	-	118	50278099	57648
chr3	43899195	44099195	harbor1	chr3	43922297	43922654	LINE/L2	477	-	178	43922475	23280
chr3	184085534	184285534	harbor1	chr3	184131871	184131984	LINE/L2	587	-	56	184131927	46393
chr3	184085534	184285534	harbor1	chr3	184165515	184165734	LINE/L2	540	-	110	184165625	80091
chr3	49542474	49742474	harbor1	chr3	49568972	49569221	LINE/L2	560	-	124	49569096	26622
chr3	49542474	49742474	harbor1	chr3	49619880	49620190	LINE/L2	615	-	155	49620035	77561
chr3	49542474	49742474	harbor1	chr3	49620455	49620706	LINE/L2	2090	-	126	49620581	78107
chr3	49542474	49742474	harbor1	chr3	49620956	49621714	LINE/L2	2090	-	379	49621335	78861
chr3	49542474	49742474	harbor1	chr3	49621887	49622364	LINE/L2	776	-	238	49622125	79651
chr3	142754359	142954359	harbor1	chr3	142787637	142788703	LINE/L2	1266	-	533	142788170	33811
chr3	142754359	142954359	harbor1	chr3	142789815	142790375	LINE/L2	1250	-	280	142790095	35736
chr3	142754359	142954359	harbor1	chr3	142790486	142790622	LINE/L2	633	-	68	142790554	36195
chr3	142754359	142954359	harbor1	chr3	142798337	142798688	LINE/L2	533	-	176	142798513	44154
chr3	142754359	142954359	harbor1	chr3	142802991	142803628	LINE/L2	1517	-	318	142803309	48950
chr3	142754359	142954359	harbor1	chr3	142803632	142803770	LINE/L2	439	-	69	142803701	49342
chr3	142754359	142954359	harbor1	chr3	142850350	142851813	LINE/L2	3554	-	732	142851082	96723
chr3	196916565	197116565	harbor1	chr3	197005093	197005454	LINE/L2	922	-	180	197005273	88708
chr3	196916565	197116565	harbor1	chr3	197005855	197005938	LINE/L2	854	-	42	197005897	89332
chr3	196916565	197116565	harbor1	chr3	197006240	197006421	LINE/L2	854	-	90	197006330	89765
chr3	23710846	23910846	harbor1	chr3	23782774	23783204	LINE/L2	422	-	215	23782989	72143
chr3	23710846	23910846	harbor1	chr3	23785641	23785806	LINE/L2	470	-	82	23785723	74877
chr3	107991335	108191335	harbor1	chr3	108073561	108073826	LINE/L2	545	-	132	108073693	82358
chr3	39004795	39204795	harbor1	chr3	39062476	39062613	LINE/L2	480	-	68	39062544	57749
chr3	39004795	39204795	harbor1	chr3	39082157	39082278	LINE/L2	506	-	60	39082217	77422
chr3	39004795	39204795	harbor1	chr3	39082580	39083316	LINE/L2	506	-	368	39082948	78153
chr3	51939539	52139539	harbor1	chr3	51952331	51952537	LINE/L2	913	-	103	51952434	12895
chr3	51939539	52139539	harbor1	chr3	51953147	51953545	LINE/L2	1238	-	199	51953346	13807
chr3	51939539	52139539	harbor1	chr3	51953994	51954396	LINE/L2	1238	-	201	51954195	14656
chr3	51939539	52139539	harbor1	chr3	51996824	51997118	LINE/L2	410	-	147	51996971	57432
chr3	51939497	52139497	harbor1	chr3	51952331	51952537	LINE/L2	913	-	103	51952434	12937
chr3	51939497	52139497	harbor1	chr3	51953147	51953545	LINE/L2	1238	-	199	51953346	13849
chr3	51939497	52139497	harbor1	chr3	51953994	51954396	LINE/L2	1238	-	201	51954195	14698
chr3	51939497	52139497	harbor1	chr3	51996824	51997118	LINE/L2	410	-	147	51996971	57474
chr3	127581151	127781151	harbor1	chr3	127585172	127585692	LINE/L2	582	-	260	127585432	4281
chr3	127581151	127781151	harbor1	chr3	127623334	127623703	LINE/L2	536	-	184	127623518	42367
chr3	127581151	127781151	harbor1	chr3	127624002	127624170	LINE/L2	536	-	84	127624086	42935
chr3	127581151	127781151	harbor1	chr3	127633612	127634100	LINE/L2	439	-	244	127633856	52705
chr3	123544681	123744681	harbor1	chr3	123586508	123586842	LINE/L2	899	-	167	123586675	41994
chr3	123544681	123744681	harbor1	chr3	123587244	123587282	LINE/L2	899	-	19	123587263	42582
chr3	16431951	16631951	harbor1	chr3	16476304	16476655	LINE/L2	562	-	176	16476480	44529
chr3	16431951	16631951	harbor1	chr3	16490910	16491424	LINE/L2	987	-	257	16491167	59216
chr3	16431951	16631951	harbor1	chr3	16505872	16506286	LINE/L2	942	-	207	16506079	74128
chr3	16431951	16631951	harbor1	chr3	16506458	16506733	LINE/L2	656	-	138	16506596	74645
chr3	16431951	16631951	harbor1	chr3	16530549	16531321	LINE/L2	441	-	386	16530935	98984
chr3	50248580	50448580	harbor1	chr3	50277981	50278216	LINE/L2	606	-	118	50278099	29519
chr3	23710841	23910841	harbor1	chr3	23782774	23783204	LINE/L2	422	-	215	23782989	72148
chr3	23710841	23910841	harbor1	chr3	23785641	23785806	LINE/L2	470	-	82	23785723	74882
chr3	128328692	128528692	harbor1	chr3	128402839	128403220	LINE/L2	889	-	190	128403029	74337
chr3	128328692	128528692	harbor1	chr3	128335148	128336032	LINE/L2	886	-	442	128335590	6898
chr3	52121829	52321829	harbor1	chr3	52182820	52182950	LINE/L2	507	-	65	52182885	61056
chr3	51939505	52139505	harbor1	chr3	51952331	51952537	LINE/L2	913	-	103	51952434	12929
chr3	51939505	52139505	harbor1	chr3	51953147	51953545	LINE/L2	1238	-	199	51953346	13841
chr3	51939505	52139505	harbor1	chr3	51953994	51954396	LINE/L2	1238	-	201	51954195	14690
chr3	51939505	52139505	harbor1	chr3	51996824	51997118	LINE/L2	410	-	147	51996971	57466
chr3	138334619	138534619	harbor1	chr3	138358579	138358788	LINE/L2	525	-	104	138358683	24064
chr3	138334619	138534619	harbor1	chr3	138383692	138385156	LINE/L2	2953	-	732	138384424	49805
chr3	138334619	138534619	harbor1	chr3	138385446	138385504	LINE/L2	2953	-	29	138385475	50856
chr3	138334619	138534619	harbor1	chr3	138385815	138386052	LINE/L2	2953	-	118	138385933	51314
chr3	138334619	138534619	harbor1	chr3	138386998	138387320	LINE/L2	466	-	161	138387159	52540
chr3	138334619	138534619	harbor1	chr3	138406278	138406364	LINE/L2	481	-	43	138406321	71702
chr3	138334619	138534619	harbor1	chr3	138432633	138432735	LINE/L2	417	-	51	138432684	98065
chr3	127490156	127690156	harbor1	chr3	127526393	127526877	LINE/L2	806	-	242	127526635	36479
chr3	127490156	127690156	harbor1	chr3	127543382	127543911	LINE/L2	801	-	264	127543646	53490
chr3	127490156	127690156	harbor1	chr3	127544969	127545342	LINE/L2	411	-	186	127545155	54999
chr3	127490156	127690156	harbor1	chr3	127559901	127560109	LINE/L2	544	-	104	127560005	69849
chr3	127490156	127690156	harbor1	chr3	127585172	127585692	LINE/L2	582	-	260	127585432	95276
chr3	113647007	113847007	harbor1	chr3	113664564	113664749	LINE/L2	1001	-	92	113664656	17649
chr3	113647007	113847007	harbor1	chr3	113665057	113665302	LINE/L2	1001	-	122	113665179	18172
chr3	179842465	180042465	harbor1	chr3	179854717	179855195	LINE/L2	787	-	239	179854956	12491
chr3	190413906	190613906	harbor1	chr3	190427109	190427624	LINE/L2	754	-	258	190427367	13461
chr3	190413906	190613906	harbor1	chr3	190428540	190428669	LINE/L2	483	-	64	190428604	14698
chr3	190413906	190613906	harbor1	chr3	190453950	190454190	LINE/L2	768	-	120	190454070	40164
chr3	190413906	190613906	harbor1	chr3	190492555	190492835	LINE/L2	425	-	140	190492695	78789
chr3	190413906	190613906	harbor1	chr3	190509863	190510171	LINE/L2	440	-	154	190510017	96111
chr3	190413906	190613906	harbor1	chr3	190510474	190511191	LINE/L2	1677	-	358	190510832	96926
chr3	190413906	190613906	harbor1	chr3	190513381	190513487	LINE/L2	439	-	53	190513434	99528
chr3	52945185	53145185	harbor1	chr3	52971534	52971944	LINE/L2	413	-	205	52971739	26554
chr3	52945185	53145185	harbor1	chr3	52977955	52978384	LINE/L2	1120	-	214	52978169	32984
chr3	52945185	53145185	harbor1	chr3	52979757	52979890	LINE/L2	1093	-	66	52979823	34638
chr3	52945185	53145185	harbor1	chr3	52983504	52984203	LINE/L2	1567	-	350	52983854	38669
chr3	52945185	53145185	harbor1	chr3	53017381	53017501	LINE/L2	461	-	60	53017441	72256
chr3	52945185	53145185	harbor1	chr3	53023931	53024180	LINE/L2	944	-	124	53024055	78870
chr3	52945185	53145185	harbor1	chr3	53024278	53024719	LINE/L2	661	-	220	53024498	79313
chr3	52945185	53145185	harbor1	chr3	53032658	53032931	LINE/L2	525	-	136	53032794	87609
chr3	127490312	127690312	harbor1	chr3	127526393	127526877	LINE/L2	806	-	242	127526635	36323
chr3	127490312	127690312	harbor1	chr3	127543382	127543911	LINE/L2	801	-	264	127543646	53334
chr3	127490312	127690312	harbor1	chr3	127544969	127545342	LINE/L2	411	-	186	127545155	54843
chr3	127490312	127690312	harbor1	chr3	127559901	127560109	LINE/L2	544	-	104	127560005	69693
chr3	127490312	127690312	harbor1	chr3	127585172	127585692	LINE/L2	582	-	260	127585432	95120
chr3	128328699	128528699	harbor1	chr3	128402839	128403220	LINE/L2	889	-	190	128403029	74330
chr3	128328699	128528699	harbor1	chr3	128335148	128336032	LINE/L2	886	-	442	128335590	6891
chr3	49589472	49789472	harbor1	chr3	49619880	49620190	LINE/L2	615	-	155	49620035	30563
chr3	49589472	49789472	harbor1	chr3	49620455	49620706	LINE/L2	2090	-	126	49620581	31109
chr3	49589472	49789472	harbor1	chr3	49620956	49621714	LINE/L2	2090	-	379	49621335	31863
chr3	49589472	49789472	harbor1	chr3	49621887	49622364	LINE/L2	776	-	238	49622125	32653
chr3	49589472	49789472	harbor1	chr3	49666353	49666842	LINE/L2	752	-	244	49666597	77125
chr3	128328755	128528755	harbor1	chr3	128402839	128403220	LINE/L2	889	-	190	128403029	74274
chr3	128328755	128528755	harbor1	chr3	128335148	128336032	LINE/L2	886	-	442	128335590	6835
chr3	184199369	184399369	harbor1	chr3	184282506	184282631	LINE/L2	521	-	62	184282568	83199
chr3	184199369	184399369	harbor1	chr3	184285887	184286520	LINE/L2	409	-	316	184286203	86834
chr3	123544677	123744677	harbor1	chr3	123586508	123586842	LINE/L2	899	-	167	123586675	41998
chr3	123544677	123744677	harbor1	chr3	123587244	123587282	LINE/L2	899	-	19	123587263	42586
chr3	51895561	52095561	harbor1	chr3	51952331	51952537	LINE/L2	913	-	103	51952434	56873
chr3	51895561	52095561	harbor1	chr3	51953147	51953545	LINE/L2	1238	-	199	51953346	57785
chr3	51895561	52095561	harbor1	chr3	51953994	51954396	LINE/L2	1238	-	201	51954195	58634
chr3	50169366	50369366	harbor1	chr3	50223429	50223677	LINE/L2	570	-	124	50223553	54187
chr3	50169366	50369366	harbor1	chr3	50224007	50224357	LINE/L2	1408	-	175	50224182	54816
chr3	50169366	50369366	harbor1	chr3	50224655	50225105	LINE/L2	1408	-	225	50224880	55514
chr3	54747497	54947497	harbor1	chr3	54760103	54760966	LINE/L2	1257	-	432	54760535	13038
chr3	138087580	138287580	harbor1	chr3	138125377	138125580	LINE/L2	446	-	102	138125479	37899
chr3	138087580	138287580	harbor1	chr3	138125813	138126258	LINE/L2	734	-	222	138126035	38455
chr3	138087580	138287580	harbor1	chr3	138180542	138180691	LINE/L2	415	-	74	138180616	93036
chr3	107991305	108191305	harbor1	chr3	108073561	108073826	LINE/L2	545	-	132	108073693	82388
chr3	51571820	51771820	harbor1	chr3	51602678	51602869	LINE/L2	616	-	96	51602774	30954
chr3	51571820	51771820	harbor1	chr3	51603875	51604240	LINE/L2	1115	-	182	51604057	32237
chr3	51571820	51771820	harbor1	chr3	51615514	51615784	LINE/L2	578	-	135	51615649	43829
chr3	113849062	114049062	harbor1	chr3	113853598	113854605	LINE/L2	1347	-	504	113854102	5040
chr3	21855680	22055680	harbor1	chr3	21940501	21940766	LINE/L2	429	-	132	21940633	84953
chr3	52946732	53146732	harbor1	chr3	52971534	52971944	LINE/L2	413	-	205	52971739	25007
chr3	52946732	53146732	harbor1	chr3	52977955	52978384	LINE/L2	1120	-	214	52978169	31437
chr3	52946732	53146732	harbor1	chr3	52979757	52979890	LINE/L2	1093	-	66	52979823	33091
chr3	52946732	53146732	harbor1	chr3	52983504	52984203	LINE/L2	1567	-	350	52983854	37122
chr3	52946732	53146732	harbor1	chr3	53017381	53017501	LINE/L2	461	-	60	53017441	70709
chr3	52946732	53146732	harbor1	chr3	53023931	53024180	LINE/L2	944	-	124	53024055	77323
chr3	52946732	53146732	harbor1	chr3	53024278	53024719	LINE/L2	661	-	220	53024498	77766
chr3	52946732	53146732	harbor1	chr3	53032658	53032931	LINE/L2	525	-	136	53032794	86062
chr3	197857923	198057923	harbor1	chr3	197871522	197872075	LINE/L2	856	-	276	197871798	13875
chr3	51938306	52138306	harbor1	chr3	51952331	51952537	LINE/L2	913	-	103	51952434	14128
chr3	51938306	52138306	harbor1	chr3	51953147	51953545	LINE/L2	1238	-	199	51953346	15040
chr3	51938306	52138306	harbor1	chr3	51953994	51954396	LINE/L2	1238	-	201	51954195	15889
chr3	51938306	52138306	harbor1	chr3	51996824	51997118	LINE/L2	410	-	147	51996971	58665
chr3	30507293	30707293	harbor1	chr3	30542497	30542640	LINE/L2	426	-	72	30542569	35276
chr3	30507293	30707293	harbor1	chr3	30542941	30543084	LINE/L2	426	-	72	30543013	35720
chr3	30507293	30707293	harbor1	chr3	30604428	30605124	LINE/L2	481	-	348	30604776	97483
chr3	23710887	23910887	harbor1	chr3	23782774	23783204	LINE/L2	422	-	215	23782989	72102
chr3	23710887	23910887	harbor1	chr3	23785641	23785806	LINE/L2	470	-	82	23785723	74836
chr3	53395675	53595675	harbor1	chr3	53431377	53431556	LINE/L2	519	-	90	53431467	35792
chr3	53395675	53595675	harbor1	chr3	53455297	53455416	LINE/L2	425	-	60	53455357	59682
chr3	53395675	53595675	harbor1	chr3	53455956	53457201	LINE/L2	1159	-	622	53456578	60903
chr3	182580289	182780289	harbor1	chr3	182592638	182593667	LINE/L2	1416	-	514	182593152	12863
chr3	182580289	182780289	harbor1	chr3	182593974	182594165	LINE/L2	1416	-	96	182594070	13781
chr3	182580289	182780289	harbor1	chr3	182629500	182629878	LINE/L2	582	-	189	182629689	49400
chr3	182580289	182780289	harbor1	chr3	182652800	182652957	LINE/L2	442	-	78	182652878	72589
chr3	182580289	182780289	harbor1	chr3	182653247	182653262	LINE/L2	411	-	8	182653255	72966
chr3	182580289	182780289	harbor1	chr3	182655877	182656630	LINE/L2	806	-	376	182656253	75964
chr3	182580289	182780289	harbor1	chr3	182669849	182670242	LINE/L2	651	-	196	182670045	89756
chr3	182580289	182780289	harbor1	chr3	182670545	182670591	LINE/L2	651	-	23	182670568	90279
chr3	107991294	108191294	harbor1	chr3	108073561	108073826	LINE/L2	545	-	132	108073693	82399
chr3	49573788	49773788	harbor1	chr3	49619880	49620190	LINE/L2	615	-	155	49620035	46247
chr3	49573788	49773788	harbor1	chr3	49620455	49620706	LINE/L2	2090	-	126	49620581	46793
chr3	49573788	49773788	harbor1	chr3	49620956	49621714	LINE/L2	2090	-	379	49621335	47547
chr3	49573788	49773788	harbor1	chr3	49621887	49622364	LINE/L2	776	-	238	49622125	48337
chr3	49573788	49773788	harbor1	chr3	49666353	49666842	LINE/L2	752	-	244	49666597	92809
chr3	159480531	159680531	harbor1	chr3	159504714	159505149	LINE/L2	567	-	218	159504932	24401
chr3	159480531	159680531	harbor1	chr3	159515777	159516031	LINE/L2	661	-	127	159515904	35373
chr3	159480531	159680531	harbor1	chr3	159520114	159520392	LINE/L2	435	-	139	159520253	39722
chr3	159480531	159680531	harbor1	chr3	159566326	159566796	LINE/L2	1272	-	235	159566561	86030
chr3	51939455	52139455	harbor1	chr3	51952331	51952537	LINE/L2	913	-	103	51952434	12979
chr3	51939455	52139455	harbor1	chr3	51953147	51953545	LINE/L2	1238	-	199	51953346	13891
chr3	51939455	52139455	harbor1	chr3	51953994	51954396	LINE/L2	1238	-	201	51954195	14740
chr3	51939455	52139455	harbor1	chr3	51996824	51997118	LINE/L2	410	-	147	51996971	57516
chr3	51932225	52132225	harbor1	chr3	51952331	51952537	LINE/L2	913	-	103	51952434	20209
chr3	51932225	52132225	harbor1	chr3	51953147	51953545	LINE/L2	1238	-	199	51953346	21121
chr3	51932225	52132225	harbor1	chr3	51953994	51954396	LINE/L2	1238	-	201	51954195	21970
chr3	51932225	52132225	harbor1	chr3	51996824	51997118	LINE/L2	410	-	147	51996971	64746
chr3	156989217	157189217	harbor1	chr3	157021995	157022064	LINE/L2	633	-	34	157022029	32812
chr3	156989217	157189217	harbor1	chr3	157022243	157022739	LINE/L2	633	-	248	157022491	33274
chr3	156989217	157189217	harbor1	chr3	157037727	157038336	LINE/L2	1083	-	304	157038031	48814
chr3	156989217	157189217	harbor1	chr3	157038430	157038691	LINE/L2	646	-	130	157038560	49343
chr3	156989217	157189217	harbor1	chr3	157007832	157007964	LINE/L2	455	-	66	157007898	18681
chr3	123544615	123744615	harbor1	chr3	123586508	123586842	LINE/L2	899	-	167	123586675	42060
chr3	123544615	123744615	harbor1	chr3	123587244	123587282	LINE/L2	899	-	19	123587263	42648
chr3	49589405	49789405	harbor1	chr3	49619880	49620190	LINE/L2	615	-	155	49620035	30630
chr3	49589405	49789405	harbor1	chr3	49620455	49620706	LINE/L2	2090	-	126	49620581	31176
chr3	49589405	49789405	harbor1	chr3	49620956	49621714	LINE/L2	2090	-	379	49621335	31930
chr3	49589405	49789405	harbor1	chr3	49621887	49622364	LINE/L2	776	-	238	49622125	32720
chr3	49589405	49789405	harbor1	chr3	49666353	49666842	LINE/L2	752	-	244	49666597	77192
chr3	48890290	49090290	harbor1	chr3	48899105	48899581	LINE/L2	1151	-	238	48899343	9053
chr3	48890290	49090290	harbor1	chr3	48900287	48900502	LINE/L2	793	-	108	48900395	10105
chr3	48890290	49090290	harbor1	chr3	48900825	48900848	LINE/L2	793	-	12	48900837	10547
chr3	48890290	49090290	harbor1	chr3	48910284	48910467	LINE/L2	1211	-	92	48910376	20086
chr3	48890290	49090290	harbor1	chr3	48910773	48911089	LINE/L2	1211	-	158	48910931	20641
chr3	51939521	52139521	harbor1	chr3	51952331	51952537	LINE/L2	913	-	103	51952434	12913
chr3	51939521	52139521	harbor1	chr3	51953147	51953545	LINE/L2	1238	-	199	51953346	13825
chr3	51939521	52139521	harbor1	chr3	51953994	51954396	LINE/L2	1238	-	201	51954195	14674
chr3	51939521	52139521	harbor1	chr3	51996824	51997118	LINE/L2	410	-	147	51996971	57450
chr3	51281519	51481519	harbor1	chr3	51348403	51348688	LINE/L2	518	-	142	51348545	67026
chr3	107991304	108191304	harbor1	chr3	108073561	108073826	LINE/L2	545	-	132	108073693	82389
chr3	129021082	129221082	harbor1	chr3	129025009	129025715	LINE/L2	926	-	353	129025362	4280
chr3	129021082	129221082	harbor1	chr3	129033619	129034078	LINE/L2	752	-	230	129033849	12767
chr3	129021082	129221082	harbor1	chr3	129057079	129057601	LINE/L2	1091	-	261	129057340	36258
chr3	129021082	129221082	harbor1	chr3	129057671	129057827	LINE/L2	598	-	78	129057749	36667
chr3	129021082	129221082	harbor1	chr3	129058142	129058275	LINE/L2	598	-	66	129058208	37126
chr3	129021082	129221082	harbor1	chr3	129101335	129101839	LINE/L2	595	-	252	129101587	80505
chr3	129021082	129221082	harbor1	chr3	129117911	129118229	LINE/L2	549	-	159	129118070	96988
chr3	49623710	49823710	harbor1	chr3	49666353	49666842	LINE/L2	752	-	244	49666597	42887
chr3	51917252	52117252	harbor1	chr3	51952331	51952537	LINE/L2	913	-	103	51952434	35182
chr3	51917252	52117252	harbor1	chr3	51953147	51953545	LINE/L2	1238	-	199	51953346	36094
chr3	51917252	52117252	harbor1	chr3	51953994	51954396	LINE/L2	1238	-	201	51954195	36943
chr3	51917252	52117252	harbor1	chr3	51996824	51997118	LINE/L2	410	-	147	51996971	79719
chr3	107991392	108191392	harbor1	chr3	108073561	108073826	LINE/L2	545	-	132	108073693	82301
chr3	128328747	128528747	harbor1	chr3	128402839	128403220	LINE/L2	889	-	190	128403029	74282
chr3	128328747	128528747	harbor1	chr3	128335148	128336032	LINE/L2	886	-	442	128335590	6843
chr3	126256502	126456502	harbor1	chr3	126327220	126327552	LINE/L2	608	-	166	126327386	70884
chr3	128328796	128528796	harbor1	chr3	128402839	128403220	LINE/L2	889	-	190	128403029	74233
chr3	128328796	128528796	harbor1	chr3	128335148	128336032	LINE/L2	886	-	442	128335590	6794
chr3	51571305	51771305	harbor1	chr3	51602678	51602869	LINE/L2	616	-	96	51602774	31469
chr3	51571305	51771305	harbor1	chr3	51603875	51604240	LINE/L2	1115	-	182	51604057	32752
chr3	51571305	51771305	harbor1	chr3	51615514	51615784	LINE/L2	578	-	135	51615649	44344
chr3	138334857	138534857	harbor1	chr3	138358579	138358788	LINE/L2	525	-	104	138358683	23826
chr3	138334857	138534857	harbor1	chr3	138383692	138385156	LINE/L2	2953	-	732	138384424	49567
chr3	138334857	138534857	harbor1	chr3	138385446	138385504	LINE/L2	2953	-	29	138385475	50618
chr3	138334857	138534857	harbor1	chr3	138385815	138386052	LINE/L2	2953	-	118	138385933	51076
chr3	138334857	138534857	harbor1	chr3	138386998	138387320	LINE/L2	466	-	161	138387159	52302
chr3	138334857	138534857	harbor1	chr3	138406278	138406364	LINE/L2	481	-	43	138406321	71464
chr3	138334857	138534857	harbor1	chr3	138432633	138432735	LINE/L2	417	-	51	138432684	97827
chr3	42482018	42682018	harbor1	chr3	42519826	42520665	LINE/L2	458	-	420	42520246	38228
chr3	42482018	42682018	harbor1	chr3	42544323	42544519	LINE/L2	441	-	98	42544421	62403
chr3	127581163	127781163	harbor1	chr3	127585172	127585692	LINE/L2	582	-	260	127585432	4269
chr3	127581163	127781163	harbor1	chr3	127623334	127623703	LINE/L2	536	-	184	127623518	42355
chr3	127581163	127781163	harbor1	chr3	127624002	127624170	LINE/L2	536	-	84	127624086	42923
chr3	127581163	127781163	harbor1	chr3	127633612	127634100	LINE/L2	439	-	244	127633856	52693
chr4	2656082	2856082	harbor1	chr4	2686337	2686606	LINE/L2	532	-	134	2686471	30389
chr4	6810048	7010048	harbor1	chr4	6868269	6868595	LINE/L2	548	-	163	6868432	58384
chr4	145080529	145280529	harbor1	chr4	145101057	145103240	LINE/L2	3997	-	1092	145102149	21620
chr4	145080529	145280529	harbor1	chr4	145156779	145156832	LINE/L2	570	-	26	145156805	76276
chr4	145080529	145280529	harbor1	chr4	145157070	145157241	LINE/L2	570	-	86	145157156	76627
chr4	145080529	145280529	harbor1	chr4	145169888	145170066	LINE/L2	535	-	89	145169977	89448
chr4	910346	1110346	harbor1	chr4	934124	935059	LINE/L2	801	-	468	934592	24246
chr4	25761117	25961117	harbor1	chr4	25842714	25843509	LINE/L2	679	-	398	25843112	81995
chr4	903149	1103149	harbor1	chr4	934124	935059	LINE/L2	801	-	468	934592	31443
chr4	866511	1066511	harbor1	chr4	934124	935059	LINE/L2	801	-	468	934592	68081
chr4	893424	1093424	harbor1	chr4	934124	935059	LINE/L2	801	-	468	934592	41168
chr4	150914523	151114523	harbor1	chr4	150994422	150994738	LINE/L2	891	-	158	150994580	80057
chr4	150914523	151114523	harbor1	chr4	150995594	150995750	LINE/L2	541	-	78	150995672	81149
chr4	145080526	145280526	harbor1	chr4	145101057	145103240	LINE/L2	3997	-	1092	145102149	21623
chr4	145080526	145280526	harbor1	chr4	145156779	145156832	LINE/L2	570	-	26	145156805	76279
chr4	145080526	145280526	harbor1	chr4	145157070	145157241	LINE/L2	570	-	86	145157156	76630
chr4	145080526	145280526	harbor1	chr4	145169888	145170066	LINE/L2	535	-	89	145169977	89451
chr4	159002387	159202387	harbor1	chr4	159100974	159101611	LINE/L2	1737	-	318	159101292	98905
chr4	159002718	159202718	harbor1	chr4	159100974	159101611	LINE/L2	1737	-	318	159101292	98574
chr4	139456023	139656023	harbor1	chr4	139489618	139489839	LINE/L2	584	-	110	139489728	33705
chr4	139456023	139656023	harbor1	chr4	139493839	139493909	LINE/L2	546	-	35	139493874	37851
chr4	139456023	139656023	harbor1	chr4	139502149	139502565	LINE/L2	852	-	208	139502357	46334
chr4	139456023	139656023	harbor1	chr4	139492990	139493540	LINE/L2	715	-	275	139493265	37242
chr4	39598067	39798067	harbor1	chr4	39599234	39599641	LINE/L2	1299	-	204	39599438	1371
chr4	39598067	39798067	harbor1	chr4	39599952	39600121	LINE/L2	1299	-	84	39600036	1969
chr4	39598067	39798067	harbor1	chr4	39634897	39635589	LINE/L2	636	-	346	39635243	37176
chr4	2826505	3026505	harbor1	chr4	2860918	2861297	LINE/L2	639	-	190	2861108	34603
chr4	2826505	3026505	harbor1	chr4	2861465	2861615	LINE/L2	1037	-	75	2861540	35035
chr4	2826505	3026505	harbor1	chr4	2861784	2861838	LINE/L2	1037	-	27	2861811	35306
chr4	2826505	3026505	harbor1	chr4	2862036	2862286	LINE/L2	1037	-	125	2862161	35656
chr4	2826505	3026505	harbor1	chr4	2877977	2878466	LINE/L2	899	-	244	2878221	51716
chr4	2826505	3026505	harbor1	chr4	2878796	2879159	LINE/L2	561	-	182	2878978	52473
chr4	6922283	7122283	harbor1	chr4	6931766	6932078	LINE/L2	886	-	156	6931922	9639
chr4	6922283	7122283	harbor1	chr4	6932394	6932461	LINE/L2	886	-	34	6932428	10145
chr4	6922283	7122283	harbor1	chr4	6935116	6935481	LINE/L2	684	-	182	6935298	13015
chr4	145080585	145280585	harbor1	chr4	145101057	145103240	LINE/L2	3997	-	1092	145102149	21564
chr4	145080585	145280585	harbor1	chr4	145156779	145156832	LINE/L2	570	-	26	145156805	76220
chr4	145080585	145280585	harbor1	chr4	145157070	145157241	LINE/L2	570	-	86	145157156	76571
chr4	145080585	145280585	harbor1	chr4	145169888	145170066	LINE/L2	535	-	89	145169977	89392
chr4	158917337	159117337	harbor1	chr4	158993574	158993718	LINE/L2	602	-	72	158993646	76309
chr4	910850	1110850	harbor1	chr4	934124	935059	LINE/L2	801	-	468	934592	23742
chr4	1107423	1307423	harbor1	chr4	1124970	1125332	LINE/L2	917	-	181	1125151	17728
chr4	150608140	150808140	harbor1	chr4	150614910	150615698	LINE/L2	1623	-	394	150615304	7164
chr4	150608140	150808140	harbor1	chr4	150616111	150616728	LINE/L2	1210	-	308	150616419	8279
chr4	150608140	150808140	harbor1	chr4	150646142	150646729	LINE/L2	1534	-	294	150646436	38296
chr4	150608140	150808140	harbor1	chr4	150683942	150684306	LINE/L2	635	-	182	150684124	75984
chr4	910370	1110370	harbor1	chr4	934124	935059	LINE/L2	801	-	468	934592	24222
chr4	128711743	128911743	harbor1	chr4	128779611	128779774	LINE/L2	679	-	82	128779693	67950
chr4	128711743	128911743	harbor1	chr4	128780083	128780376	LINE/L2	679	-	146	128780229	68486
chr4	128711743	128911743	harbor1	chr4	128782112	128782431	LINE/L2	763	-	160	128782272	70529
chr4	128711743	128911743	harbor1	chr4	128800430	128800994	LINE/L2	672	-	282	128800712	88969
chr4	76113424	76313424	harbor1	chr4	76140178	76140273	LINE/L2	593	-	48	76140226	26802
chr4	76113424	76313424	harbor1	chr4	76140578	76140956	LINE/L2	593	-	189	76140767	27343
chr4	76113424	76313424	harbor1	chr4	76149349	76149711	LINE/L2	822	-	181	76149530	36106
chr4	2826521	3026521	harbor1	chr4	2860918	2861297	LINE/L2	639	-	190	2861108	34587
chr4	2826521	3026521	harbor1	chr4	2861465	2861615	LINE/L2	1037	-	75	2861540	35019
chr4	2826521	3026521	harbor1	chr4	2861784	2861838	LINE/L2	1037	-	27	2861811	35290
chr4	2826521	3026521	harbor1	chr4	2862036	2862286	LINE/L2	1037	-	125	2862161	35640
chr4	2826521	3026521	harbor1	chr4	2877977	2878466	LINE/L2	899	-	244	2878221	51700
chr4	2826521	3026521	harbor1	chr4	2878796	2879159	LINE/L2	561	-	182	2878978	52457
chr4	120822653	121022653	harbor1	chr4	120826675	120826860	LINE/L2	603	-	92	120826767	4114
chr4	120822653	121022653	harbor1	chr4	120854566	120855026	LINE/L2	827	-	230	120854796	32143
chr4	2832662	3032662	harbor1	chr4	2860918	2861297	LINE/L2	639	-	190	2861108	28446
chr4	2832662	3032662	harbor1	chr4	2861465	2861615	LINE/L2	1037	-	75	2861540	28878
chr4	2832662	3032662	harbor1	chr4	2861784	2861838	LINE/L2	1037	-	27	2861811	29149
chr4	2832662	3032662	harbor1	chr4	2862036	2862286	LINE/L2	1037	-	125	2862161	29499
chr4	2832662	3032662	harbor1	chr4	2877977	2878466	LINE/L2	899	-	244	2878221	45559
chr4	2832662	3032662	harbor1	chr4	2878796	2879159	LINE/L2	561	-	182	2878978	46316
chr4	120822725	121022725	harbor1	chr4	120826675	120826860	LINE/L2	603	-	92	120826767	4042
chr4	120822725	121022725	harbor1	chr4	120854566	120855026	LINE/L2	827	-	230	120854796	32071
chr4	148339554	148539554	harbor1	chr4	148425191	148425786	LINE/L2	817	-	298	148425489	85935
chr4	55295888	55495888	harbor1	chr4	55323828	55324866	LINE/L2	1926	-	519	55324347	28459
chr4	55295888	55495888	harbor1	chr4	55343756	55343902	LINE/L2	745	-	73	55343829	47941
chr4	55295888	55495888	harbor1	chr4	55389401	55389738	LINE/L2	1213	-	168	55389569	93681
chr4	55295888	55495888	harbor1	chr4	55390050	55390530	LINE/L2	1213	-	240	55390290	94402
chr4	25762833	25962833	harbor1	chr4	25842714	25843509	LINE/L2	679	-	398	25843112	80279
chr4	70588818	70788818	harbor1	chr4	70616441	70617205	LINE/L2	1655	-	382	70616823	28005
chr4	70588818	70788818	harbor1	chr4	70654627	70654917	LINE/L2	1016	-	145	70654772	65954
chr4	153364398	153564398	harbor1	chr4	153365767	153365900	LINE/L2	1174	-	66	153365833	1435
chr4	153364398	153564398	harbor1	chr4	153366366	153366550	LINE/L2	1174	-	92	153366458	2060
chr4	866565	1066565	harbor1	chr4	934124	935059	LINE/L2	801	-	468	934592	68027
chr4	15581883	15781883	harbor1	chr4	15645881	15646036	LINE/L2	586	-	78	15645959	64076
chr4	139076181	139276181	harbor1	chr4	139100733	139101064	LINE/L2	597	-	166	139100899	24718
chr4	139076181	139276181	harbor1	chr4	139141972	139142601	LINE/L2	1223	-	314	139142286	66105
chr4	120822783	121022783	harbor1	chr4	120826675	120826860	LINE/L2	603	-	92	120826767	3984
chr4	120822783	121022783	harbor1	chr4	120854566	120855026	LINE/L2	827	-	230	120854796	32013
chr4	55295797	55495797	harbor1	chr4	55323828	55324866	LINE/L2	1926	-	519	55324347	28550
chr4	55295797	55495797	harbor1	chr4	55343756	55343902	LINE/L2	745	-	73	55343829	48032
chr4	55295797	55495797	harbor1	chr4	55389401	55389738	LINE/L2	1213	-	168	55389569	93772
chr4	55295797	55495797	harbor1	chr4	55390050	55390530	LINE/L2	1213	-	240	55390290	94493
chr4	866512	1066512	harbor1	chr4	934124	935059	LINE/L2	801	-	468	934592	68080
chr5	9549845	9749845	harbor1	chr5	9556604	9557418	LINE/L2	881	-	407	9557011	7166
chr5	9549845	9749845	harbor1	chr5	9568929	9569352	LINE/L2	800	-	212	9569141	19296
chr5	9549845	9749845	harbor1	chr5	9614897	9615392	LINE/L2	957	-	248	9615145	65300
chr5	9549845	9749845	harbor1	chr5	9644101	9644706	LINE/L2	1216	-	302	9644403	94558
chr5	9114326	9314326	harbor1	chr5	9213251	9213577	LINE/L2	567	-	163	9213414	99088
chr5	10341920	10541920	harbor1	chr5	10357723	10357966	LINE/L2	1042	-	122	10357845	15925
chr5	10341920	10541920	harbor1	chr5	10358045	10358386	LINE/L2	1042	-	170	10358215	16295
chr5	10341920	10541920	harbor1	chr5	10409275	10409867	LINE/L2	1318	-	296	10409571	67651
chr5	10341920	10541920	harbor1	chr5	10409876	10410077	LINE/L2	645	-	100	10409976	68056
chr5	10341920	10541920	harbor1	chr5	10430106	10430286	LINE/L2	470	-	90	10430196	88276
chr5	150532654	150732654	harbor1	chr5	150536878	150536971	LINE/L2	469	-	46	150536924	4270
chr5	150532654	150732654	harbor1	chr5	150537955	150538654	LINE/L2	1679	-	350	150538305	5651
chr5	150532654	150732654	harbor1	chr5	150552035	150552401	LINE/L2	537	-	183	150552218	19564
chr5	150532654	150732654	harbor1	chr5	150627470	150627713	LINE/L2	564	-	122	150627592	94938
chr5	6633235	6833235	harbor1	chr5	6710996	6711292	LINE/L2	890	-	148	6711144	77909
chr5	6633235	6833235	harbor1	chr5	6711661	6711926	LINE/L2	890	-	132	6711793	78558
chr5	10296849	10496849	harbor1	chr5	10296534	10296902	LINE/L2	1885	-	184	10296718	131
chr5	10296849	10496849	harbor1	chr5	10297214	10297287	LINE/L2	1885	-	36	10297250	401
chr5	10296849	10496849	harbor1	chr5	10297595	10297988	LINE/L2	1885	-	196	10297791	942
chr5	10296849	10496849	harbor1	chr5	10357723	10357966	LINE/L2	1042	-	122	10357845	60996
chr5	10296849	10496849	harbor1	chr5	10358045	10358386	LINE/L2	1042	-	170	10358215	61366
chr5	40697590	40897590	harbor1	chr5	40734688	40735476	LINE/L2	584	-	394	40735082	37492
chr5	40697590	40897590	harbor1	chr5	40735662	40736276	LINE/L2	1091	-	307	40735969	38379
chr5	40697590	40897590	harbor1	chr5	40742942	40743365	LINE/L2	579	-	212	40743154	45564
chr5	40697590	40897590	harbor1	chr5	40772209	40772417	LINE/L2	429	-	104	40772313	74723
chr5	40697590	40897590	harbor1	chr5	40775546	40776521	LINE/L2	1762	-	488	40776034	78444
chr5	141778257	141978257	harbor1	chr5	141782086	141782284	LINE/L2	744	-	99	141782185	3928
chr5	141778257	141978257	harbor1	chr5	141791482	141792296	LINE/L2	1555	-	407	141791889	13632
chr5	141778257	141978257	harbor1	chr5	141871243	141871362	LINE/L2	495	-	60	141871303	93046
chr5	135008188	135208188	harbor1	chr5	135045417	135045732	LINE/L2	490	-	158	135045575	37387
chr5	135008188	135208188	harbor1	chr5	135102772	135103267	LINE/L2	540	-	248	135103020	94832
chr5	169913062	170113062	harbor1	chr5	169931933	169932153	LINE/L2	631	-	110	169932043	18981
chr5	169913062	170113062	harbor1	chr5	169946592	169947003	LINE/L2	732	-	206	169946798	33736
chr5	169913062	170113062	harbor1	chr5	169948166	169948380	LINE/L2	436	-	107	169948273	35211
chr5	169913062	170113062	harbor1	chr5	169961476	169961689	LINE/L2	455	-	106	169961582	48520
chr5	169913062	170113062	harbor1	chr5	169962124	169962549	LINE/L2	630	-	212	169962336	49274
chr5	169913062	170113062	harbor1	chr5	169993950	169994240	LINE/L2	623	-	145	169994095	81033
chr5	169913062	170113062	harbor1	chr5	169967011	169968087	LINE/L2	728	-	538	169967549	54487
chr5	138846281	139046281	harbor1	chr5	138910668	138910956	LINE/L2	1251	-	144	138910812	64531
chr5	138846281	139046281	harbor1	chr5	138911248	138911305	LINE/L2	1251	-	28	138911276	64995
chr5	138846281	139046281	harbor1	chr5	138911783	138912277	LINE/L2	1251	-	247	138912030	65749
chr5	109788598	109988598	harbor1	chr5	109837702	109837818	LINE/L2	426	-	58	109837760	49162
chr5	109788598	109988598	harbor1	chr5	109856869	109857178	LINE/L2	1034	-	154	109857023	68425
chr5	132128916	132328916	harbor1	chr5	132205032	132205408	LINE/L2	470	-	188	132205220	76304
chr5	132128916	132328916	harbor1	chr5	132212424	132212759	LINE/L2	526	-	168	132212592	83676
chr5	132128916	132328916	harbor1	chr5	132213042	132213401	LINE/L2	438	-	180	132213222	84306
chr5	134969039	135169039	harbor1	chr5	135045417	135045732	LINE/L2	490	-	158	135045575	76536
chr5	37740423	37940423	harbor1	chr5	37799395	37799725	LINE/L2	762	-	165	37799560	59137
chr5	10341913	10541913	harbor1	chr5	10357723	10357966	LINE/L2	1042	-	122	10357845	15932
chr5	10341913	10541913	harbor1	chr5	10358045	10358386	LINE/L2	1042	-	170	10358215	16302
chr5	10341913	10541913	harbor1	chr5	10409275	10409867	LINE/L2	1318	-	296	10409571	67658
chr5	10341913	10541913	harbor1	chr5	10409876	10410077	LINE/L2	645	-	100	10409976	68063
chr5	10341913	10541913	harbor1	chr5	10430106	10430286	LINE/L2	470	-	90	10430196	88283
chr5	9879703	10079703	harbor1	chr5	9939419	9940734	LINE/L2	1159	-	658	9940077	60374
chr5	9879703	10079703	harbor1	chr5	9953659	9954375	LINE/L2	507	-	358	9954017	74314
chr5	176525237	176725237	harbor1	chr5	176561373	176561638	LINE/L2	514	-	132	176561505	36268
chr5	176525237	176725237	harbor1	chr5	176561940	176562120	LINE/L2	514	-	90	176562030	36793
chr5	176525237	176725237	harbor1	chr5	176572806	176573340	LINE/L2	834	-	267	176573073	47836
chr5	176525237	176725237	harbor1	chr5	176604016	176604329	LINE/L2	449	-	156	176604172	78935
chr5	176525237	176725237	harbor1	chr5	176611735	176612774	LINE/L2	986	-	520	176612255	87018
chr5	79136023	79336023	harbor1	chr5	79154725	79155163	LINE/L2	449	-	219	79154944	18921
chr5	135374498	135574498	harbor1	chr5	135400300	135400759	LINE/L2	1105	-	230	135400530	26032
chr5	135008281	135208281	harbor1	chr5	135045417	135045732	LINE/L2	490	-	158	135045575	37294
chr5	135008281	135208281	harbor1	chr5	135102772	135103267	LINE/L2	540	-	248	135103020	94739
chr5	135830655	136030655	harbor1	chr5	135843416	135843879	LINE/L2	417	-	232	135843648	12993
chr5	135830655	136030655	harbor1	chr5	135875619	135875726	LINE/L2	434	-	54	135875673	45018
chr5	135830655	136030655	harbor1	chr5	135917556	135918680	LINE/L2	2531	-	562	135918118	87463
chr5	135830655	136030655	harbor1	chr5	135872475	135872766	LINE/L2	920	-	146	135872621	41966
chr5	10341778	10541778	harbor1	chr5	10357723	10357966	LINE/L2	1042	-	122	10357845	16067
chr5	10341778	10541778	harbor1	chr5	10358045	10358386	LINE/L2	1042	-	170	10358215	16437
chr5	10341778	10541778	harbor1	chr5	10409275	10409867	LINE/L2	1318	-	296	10409571	67793
chr5	10341778	10541778	harbor1	chr5	10409876	10410077	LINE/L2	645	-	100	10409976	68198
chr5	10341778	10541778	harbor1	chr5	10430106	10430286	LINE/L2	470	-	90	10430196	88418
chr5	71628508	71828508	harbor1	chr5	71631156	71631473	LINE/L2	717	-	158	71631314	2806
chr5	71628508	71828508	harbor1	chr5	71632402	71632617	LINE/L2	439	-	108	71632510	4002
chr5	71628508	71828508	harbor1	chr5	71647567	71647786	LINE/L2	480	-	110	71647677	19169
chr5	71628508	71828508	harbor1	chr5	71717648	71718080	LINE/L2	505	-	216	71717864	89356
chr5	71628508	71828508	harbor1	chr5	71727459	71727566	LINE/L2	448	-	54	71727513	99005
chr5	52700042	52900042	harbor1	chr5	52707646	52707778	LINE/L2	487	-	66	52707712	7670
chr5	175976844	176176844	harbor1	chr5	176014890	176014994	LINE/L2	441	-	52	176014942	38098
chr5	79136006	79336006	harbor1	chr5	79154725	79155163	LINE/L2	449	-	219	79154944	18938
chr5	73177858	73377858	harbor1	chr5	73237856	73238057	LINE/L2	486	-	100	73237956	60098
chr5	73177858	73377858	harbor1	chr5	73238903	73239320	LINE/L2	445	-	208	73239111	61253
chr5	73177858	73377858	harbor1	chr5	73239446	73239776	LINE/L2	1026	-	165	73239611	61753
chr5	73177858	73377858	harbor1	chr5	73240393	73241728	LINE/L2	2314	-	668	73241061	63203
chr5	73177858	73377858	harbor1	chr5	73259053	73260000	LINE/L2	819	-	474	73259527	81669
chr5	181061441	181261441	harbor1	chr5	181148568	181149539	LINE/L2	583	-	486	181149054	87613
chr5	10341929	10541929	harbor1	chr5	10357723	10357966	LINE/L2	1042	-	122	10357845	15916
chr5	10341929	10541929	harbor1	chr5	10358045	10358386	LINE/L2	1042	-	170	10358215	16286
chr5	10341929	10541929	harbor1	chr5	10409275	10409867	LINE/L2	1318	-	296	10409571	67642
chr5	10341929	10541929	harbor1	chr5	10409876	10410077	LINE/L2	645	-	100	10409976	68047
chr5	10341929	10541929	harbor1	chr5	10430106	10430286	LINE/L2	470	-	90	10430196	88267
chr5	139797116	139997116	harbor1	chr5	139805404	139805977	LINE/L2	936	-	286	139805690	8574
chr5	139797116	139997116	harbor1	chr5	139812070	139812454	LINE/L2	945	-	192	139812262	15146
chr5	139797116	139997116	harbor1	chr5	139825517	139825951	LINE/L2	538	-	217	139825734	28618
chr5	139797116	139997116	harbor1	chr5	139827231	139827567	LINE/L2	771	-	168	139827399	30283
chr5	139797116	139997116	harbor1	chr5	139827921	139828053	LINE/L2	771	-	66	139827987	30871
chr5	139797116	139997116	harbor1	chr5	139835387	139835536	LINE/L2	432	-	74	139835461	38345
chr5	139797116	139997116	harbor1	chr5	139853414	139853625	LINE/L2	433	-	106	139853520	56404
chr5	9114356	9314356	harbor1	chr5	9213251	9213577	LINE/L2	567	-	163	9213414	99058
chr5	9114296	9314296	harbor1	chr5	9213251	9213577	LINE/L2	567	-	163	9213414	99118
chr5	132103968	132303968	harbor1	chr5	132115369	132115929	LINE/L2	704	-	280	132115649	11681
chr5	150964914	151164914	harbor1	chr5	151011329	151011561	LINE/L2	551	-	116	151011445	46531
chr5	135980228	136180228	harbor1	chr5	135990218	135990520	LINE/L2	467	-	151	135990369	10141
chr5	135980228	136180228	harbor1	chr5	135990591	135990754	LINE/L2	467	-	82	135990673	10445
chr5	135980228	136180228	harbor1	chr5	136007891	136008408	LINE/L2	733	-	258	136008149	27921
chr5	135980228	136180228	harbor1	chr5	136017477	136017797	LINE/L2	478	-	160	136017637	37409
chr5	135980228	136180228	harbor1	chr5	136048397	136048842	LINE/L2	636	-	222	136048619	68391
chr5	135980228	136180228	harbor1	chr5	136069310	136070139	LINE/L2	1538	-	414	136069724	89496
chr5	135980228	136180228	harbor1	chr5	136077613	136077789	LINE/L2	470	-	88	136077701	97473
chr5	9114331	9314331	harbor1	chr5	9213251	9213577	LINE/L2	567	-	163	9213414	99083
chr5	52699384	52899384	harbor1	chr5	52707646	52707778	LINE/L2	487	-	66	52707712	8328
chr5	9114252	9314252	harbor1	chr5	9213251	9213577	LINE/L2	567	-	163	9213414	99162
chr5	9114320	9314320	harbor1	chr5	9213251	9213577	LINE/L2	567	-	163	9213414	99094
chr5	93472721	93672721	harbor1	chr5	93552038	93552206	LINE/L2	530	-	84	93552122	79401
chr5	7622638	7822638	harbor1	chr5	7636670	7636968	LINE/L2	1710	-	149	7636819	14181
chr5	7622638	7822638	harbor1	chr5	7653895	7654581	LINE/L2	537	-	343	7654238	31600
chr5	7622638	7822638	harbor1	chr5	7710552	7711259	LINE/L2	922	-	354	7710906	88268
chr5	7622638	7822638	harbor1	chr5	7634746	7635827	LINE/L2	1710	-	540	7635286	12648
chr5	9114329	9314329	harbor1	chr5	9213251	9213577	LINE/L2	567	-	163	9213414	99085
chr5	10311688	10511688	harbor1	chr5	10357723	10357966	LINE/L2	1042	-	122	10357845	46157
chr5	10311688	10511688	harbor1	chr5	10358045	10358386	LINE/L2	1042	-	170	10358215	46527
chr5	10311688	10511688	harbor1	chr5	10409275	10409867	LINE/L2	1318	-	296	10409571	97883
chr5	10311688	10511688	harbor1	chr5	10409876	10410077	LINE/L2	645	-	100	10409976	98288
chr5	74950541	75150541	harbor1	chr5	74958826	74959152	LINE/L2	815	-	163	74958989	8448
chr5	74950541	75150541	harbor1	chr5	75009055	75009077	LINE/L2	907	-	11	75009066	58525
chr5	74950541	75150541	harbor1	chr5	75009420	75009796	LINE/L2	907	-	188	75009608	59067
chr5	74950541	75150541	harbor1	chr5	75011058	75011354	LINE/L2	508	-	148	75011206	60665
chr5	181061409	181261409	harbor1	chr5	181148568	181149539	LINE/L2	583	-	486	181149054	87645
chr5	93221055	93421055	harbor1	chr5	93318634	93319546	LINE/L2	657	-	456	93319090	98035
chr5	52700079	52900079	harbor1	chr5	52707646	52707778	LINE/L2	487	-	66	52707712	7633
chr5	150964913	151164913	harbor1	chr5	151011329	151011561	LINE/L2	551	-	116	151011445	46532
chr5	52699708	52899708	harbor1	chr5	52707646	52707778	LINE/L2	487	-	66	52707712	8004
chr5	10024023	10224023	harbor1	chr5	10046252	10046295	LINE/L2	523	-	22	10046274	22251
chr5	10024023	10224023	harbor1	chr5	10046594	10046819	LINE/L2	523	-	112	10046706	22683
chr5	10024023	10224023	harbor1	chr5	10090796	10091217	LINE/L2	488	-	210	10091006	66983
chr5	170538258	170738258	harbor1	chr5	170557656	170557856	LINE/L2	609	-	100	170557756	19498
chr5	170538258	170738258	harbor1	chr5	170578621	170579008	LINE/L2	697	-	194	170578815	40557
chr5	170538258	170738258	harbor1	chr5	170586837	170587007	LINE/L2	640	-	85	170586922	48664
chr5	170538258	170738258	harbor1	chr5	170589408	170589676	LINE/L2	654	-	134	170589542	51284
chr5	170538258	170738258	harbor1	chr5	170611896	170612017	LINE/L2	518	-	60	170611956	73698
chr5	170538258	170738258	harbor1	chr5	170624209	170624391	LINE/L2	517	-	91	170624300	86042
chr5	170538258	170738258	harbor1	chr5	170633377	170633505	LINE/L2	466	-	64	170633441	95183
chr5	170538258	170738258	harbor1	chr5	170633699	170634279	LINE/L2	1859	-	290	170633989	95731
chr5	170538258	170738258	harbor1	chr5	170634489	170634770	LINE/L2	1859	-	140	170634629	96371
chr5	170538258	170738258	harbor1	chr5	170635716	170636322	LINE/L2	1263	-	303	170636019	97761
chr5	64935093	65135093	harbor1	chr5	64943553	64943669	LINE/L2	497	-	58	64943611	8518
chr5	64935093	65135093	harbor1	chr5	64954023	64954142	LINE/L2	446	-	60	64954083	18990
chr5	64935093	65135093	harbor1	chr5	64969667	64970090	LINE/L2	486	-	212	64969879	34786
chr5	64935093	65135093	harbor1	chr5	64972781	64973390	LINE/L2	607	-	304	64973085	37992
chr5	132103911	132303911	harbor1	chr5	132115369	132115929	LINE/L2	704	-	280	132115649	11738
chr5	79136012	79336012	harbor1	chr5	79154725	79155163	LINE/L2	449	-	219	79154944	18932
chr5	135919218	136119218	harbor1	chr5	135939744	135939861	LINE/L2	468	-	58	135939802	20584
chr5	135919218	136119218	harbor1	chr5	135990218	135990520	LINE/L2	467	-	151	135990369	71151
chr5	135919218	136119218	harbor1	chr5	135990591	135990754	LINE/L2	467	-	82	135990673	71455
chr5	135919218	136119218	harbor1	chr5	136007891	136008408	LINE/L2	733	-	258	136008149	88931
chr5	135919218	136119218	harbor1	chr5	136017477	136017797	LINE/L2	478	-	160	136017637	98419
chr5	6533033	6733033	harbor1	chr5	6540631	6541314	LINE/L2	998	-	342	6540973	7940
chr5	126677744	126877744	harbor1	chr5	126685334	126685653	LINE/L2	940	-	160	126685494	7750
chr5	10341894	10541894	harbor1	chr5	10357723	10357966	LINE/L2	1042	-	122	10357845	15951
chr5	10341894	10541894	harbor1	chr5	10358045	10358386	LINE/L2	1042	-	170	10358215	16321
chr5	10341894	10541894	harbor1	chr5	10409275	10409867	LINE/L2	1318	-	296	10409571	67677
chr5	10341894	10541894	harbor1	chr5	10409876	10410077	LINE/L2	645	-	100	10409976	68082
chr5	10341894	10541894	harbor1	chr5	10430106	10430286	LINE/L2	470	-	90	10430196	88302
chr5	10231669	10431669	harbor1	chr5	10293723	10294292	LINE/L2	2051	-	284	10294007	62338
chr5	10231669	10431669	harbor1	chr5	10294577	10295021	LINE/L2	2051	-	222	10294799	63130
chr5	10231669	10431669	harbor1	chr5	10296534	10296902	LINE/L2	1885	-	184	10296718	65049
chr5	10231669	10431669	harbor1	chr5	10297214	10297287	LINE/L2	1885	-	36	10297250	65581
chr5	10231669	10431669	harbor1	chr5	10297595	10297988	LINE/L2	1885	-	196	10297791	66122
chr5	93490732	93690732	harbor1	chr5	93552038	93552206	LINE/L2	530	-	84	93552122	61390
chr5	71628507	71828507	harbor1	chr5	71631156	71631473	LINE/L2	717	-	158	71631314	2807
chr5	71628507	71828507	harbor1	chr5	71632402	71632617	LINE/L2	439	-	108	71632510	4003
chr5	71628507	71828507	harbor1	chr5	71647567	71647786	LINE/L2	480	-	110	71647677	19170
chr5	71628507	71828507	harbor1	chr5	71717648	71718080	LINE/L2	505	-	216	71717864	89357
chr5	71628507	71828507	harbor1	chr5	71727459	71727566	LINE/L2	448	-	54	71727513	99006
chr5	179703607	179903607	harbor1	chr5	179727147	179727869	LINE/L2	976	-	361	179727508	23901
chr5	179703607	179903607	harbor1	chr5	179740064	179740297	LINE/L2	491	-	116	179740180	36573
chr5	179703607	179903607	harbor1	chr5	179740576	179740848	LINE/L2	491	-	136	179740712	37105
chr5	78709775	78909775	harbor1	chr5	78745381	78745630	LINE/L2	415	-	124	78745505	35730
chr5	10339015	10539015	harbor1	chr5	10357723	10357966	LINE/L2	1042	-	122	10357845	18830
chr5	10339015	10539015	harbor1	chr5	10358045	10358386	LINE/L2	1042	-	170	10358215	19200
chr5	10339015	10539015	harbor1	chr5	10409275	10409867	LINE/L2	1318	-	296	10409571	70556
chr5	10339015	10539015	harbor1	chr5	10409876	10410077	LINE/L2	645	-	100	10409976	70961
chr5	10339015	10539015	harbor1	chr5	10430106	10430286	LINE/L2	470	-	90	10430196	91181
chr5	137653913	137853913	harbor1	chr5	137698677	137698854	LINE/L2	440	-	88	137698765	44852
chr5	137653913	137853913	harbor1	chr5	137699099	137699590	LINE/L2	440	-	246	137699345	45432
chr5	137653913	137853913	harbor1	chr5	137702007	137702757	LINE/L2	805	-	375	137702382	48469
chr5	137653913	137853913	harbor1	chr5	137706785	137707114	LINE/L2	494	-	164	137706949	53036
chr5	137653913	137853913	harbor1	chr5	137708518	137708848	LINE/L2	649	-	165	137708683	54770
chr5	137653913	137853913	harbor1	chr5	137713009	137713121	LINE/L2	426	-	56	137713065	59152
chr5	137653913	137853913	harbor1	chr5	137720906	137721484	LINE/L2	762	-	289	137721195	67282
chr5	133904558	134104558	harbor1	chr5	133928165	133928314	LINE/L2	574	-	74	133928239	23681
chr6	31056818	31256818	harbor1	chr6	31109790	31109993	LINE/L2	491	-	102	31109892	53074
chr6	127167311	127367311	harbor1	chr6	127216023	127216401	LINE/L2	1135	-	189	127216212	48901
chr6	127167311	127367311	harbor1	chr6	127219438	127219968	LINE/L2	1152	-	265	127219703	52392
chr6	127167311	127367311	harbor1	chr6	127250807	127251184	LINE/L2	471	-	188	127250995	83684
chr6	127167311	127367311	harbor1	chr6	127264711	127265489	LINE/L2	953	-	389	127265100	97789
chr6	37002869	37202869	harbor1	chr6	37056913	37057453	LINE/L2	1792	-	270	37057183	54314
chr6	124862435	125062435	harbor1	chr6	124939908	124940423	LINE/L2	769	-	258	124940166	77731
chr6	124862435	125062435	harbor1	chr6	124948702	124949024	LINE/L2	801	-	161	124948863	86428
chr6	7626957	7826957	harbor1	chr6	7673825	7674099	LINE/L2	796	-	137	7673962	47005
chr6	105894234	106094234	harbor1	chr6	105984109	105984982	LINE/L2	1694	-	436	105984545	90311
chr6	105894234	106094234	harbor1	chr6	105985310	105985544	LINE/L2	1694	-	117	105985427	91193
chr6	36992832	37192832	harbor1	chr6	36996078	36996428	LINE/L2	1318	-	175	36996253	3421
chr6	36992832	37192832	harbor1	chr6	36996699	36996840	LINE/L2	1318	-	70	36996769	3937
chr6	36992832	37192832	harbor1	chr6	37056913	37057453	LINE/L2	1792	-	270	37057183	64351
chr6	35352746	35552746	harbor1	chr6	35358795	35359222	LINE/L2	1097	-	214	35359009	6263
chr6	35352746	35552746	harbor1	chr6	35397624	35398376	LINE/L2	1384	-	376	35398000	45254
chr6	35352746	35552746	harbor1	chr6	35398511	35398792	LINE/L2	544	-	140	35398651	45905
chr6	45541025	45741025	harbor1	chr6	45571169	45571439	LINE/L2	530	-	135	45571304	30279
chr6	45541025	45741025	harbor1	chr6	45623351	45623670	LINE/L2	693	-	160	45623511	82486
chr6	45541025	45741025	harbor1	chr6	45636188	45636393	LINE/L2	703	-	102	45636290	95265
chr6	31970478	32170478	harbor1	chr6	32003425	32003864	LINE/L2	583	-	220	32003645	33167
chr6	31970478	32170478	harbor1	chr6	32036162	32036601	LINE/L2	583	-	220	32036382	65904
chr6	107722375	107922375	harbor1	chr6	107746112	107746335	LINE/L2	647	-	112	107746224	23849
chr6	107722375	107922375	harbor1	chr6	107751011	107751572	LINE/L2	2469	-	280	107751291	28916
chr6	107722375	107922375	harbor1	chr6	107751933	107752702	LINE/L2	2469	-	384	107752317	29942
chr6	107722375	107922375	harbor1	chr6	107752754	107752897	LINE/L2	464	-	72	107752826	30451
chr6	107722375	107922375	harbor1	chr6	107753677	107754128	LINE/L2	1142	-	226	107753903	31528
chr6	107722375	107922375	harbor1	chr6	107758084	107758186	LINE/L2	497	-	51	107758135	35760
chr6	107722375	107922375	harbor1	chr6	107758200	107758437	LINE/L2	607	-	118	107758318	35943
chr6	107722375	107922375	harbor1	chr6	107758883	107758990	LINE/L2	607	-	54	107758937	36562
chr6	107722375	107922375	harbor1	chr6	107759368	107759535	LINE/L2	607	-	84	107759452	37077
chr6	107722375	107922375	harbor1	chr6	107802076	107802566	LINE/L2	1345	-	245	107802321	79946
chr6	37002597	37202597	harbor1	chr6	37056913	37057453	LINE/L2	1792	-	270	37057183	54586
chr6	30784323	30984323	harbor1	chr6	30791387	30791517	LINE/L2	486	-	65	30791452	7129
chr6	30784323	30984323	harbor1	chr6	30791824	30791981	LINE/L2	486	-	78	30791902	7579
chr6	100355730	100555730	harbor1	chr6	100421489	100421667	LINE/L2	519	-	89	100421578	65848
chr6	167862748	168062748	harbor1	chr6	167930778	167931458	LINE/L2	489	-	340	167931118	68370
chr6	10421300	10621300	harbor1	chr6	10433192	10433669	LINE/L2	860	-	238	10433430	12130
chr6	10421300	10621300	harbor1	chr6	10433965	10434118	LINE/L2	716	-	76	10434041	12741
chr6	10421300	10621300	harbor1	chr6	10434123	10434400	LINE/L2	776	-	138	10434261	12961
chr6	10421300	10621300	harbor1	chr6	10462848	10463091	LINE/L2	1284	-	122	10462970	41670
chr6	10421300	10621300	harbor1	chr6	10463673	10464061	LINE/L2	1284	-	194	10463867	42567
chr6	7626988	7826988	harbor1	chr6	7673825	7674099	LINE/L2	796	-	137	7673962	46974
chr6	167862786	168062786	harbor1	chr6	167930778	167931458	LINE/L2	489	-	340	167931118	68332
chr6	81650363	81850363	harbor1	chr6	81738774	81739193	LINE/L2	668	-	210	81738984	88621
chr6	147104160	147304160	harbor1	chr6	147163614	147164078	LINE/L2	639	-	232	147163846	59686
chr6	147104160	147304160	harbor1	chr6	147192610	147192832	LINE/L2	724	-	111	147192721	88561
chr6	147104160	147304160	harbor1	chr6	147193173	147193664	LINE/L2	1111	-	246	147193419	89259
chr6	36343280	36543280	harbor1	chr6	36436127	36436774	LINE/L2	464	-	324	36436451	93171
chr6	36343280	36543280	harbor1	chr6	36371871	36373281	LINE/L2	2314	-	705	36372576	29296
chr6	101699773	101899773	harbor1	chr6	101703117	101704410	LINE/L2	2383	-	646	101703763	3990
chr6	34135066	34335066	harbor1	chr6	34139870	34140432	LINE/L2	1363	-	281	34140151	5085
chr6	34135066	34335066	harbor1	chr6	34200362	34200564	LINE/L2	602	-	101	34200463	65397
chr6	34135066	34335066	harbor1	chr6	34201465	34201594	LINE/L2	580	-	64	34201529	66463
chr6	34135066	34335066	harbor1	chr6	34201904	34202020	LINE/L2	580	-	58	34201962	66896
chr6	34135066	34335066	harbor1	chr6	34203293	34203502	LINE/L2	580	-	104	34203397	68331
chr6	34135066	34335066	harbor1	chr6	34230148	34230407	LINE/L2	1216	-	130	34230278	95212
chr6	34135066	34335066	harbor1	chr6	34230667	34230970	LINE/L2	1216	-	152	34230819	95753
chr6	52184786	52384786	harbor1	chr6	52214206	52214489	LINE/L2	1437	-	142	52214348	29562
chr6	52184786	52384786	harbor1	chr6	52214532	52214970	LINE/L2	1437	-	219	52214751	29965
chr6	52184786	52384786	harbor1	chr6	52215341	52216307	LINE/L2	807	-	483	52215824	31038
chr6	52184744	52384744	harbor1	chr6	52214206	52214489	LINE/L2	1437	-	142	52214348	29604
chr6	52184744	52384744	harbor1	chr6	52214532	52214970	LINE/L2	1437	-	219	52214751	30007
chr6	52184744	52384744	harbor1	chr6	52215341	52216307	LINE/L2	807	-	483	52215824	31080
chr6	149351029	149551029	harbor1	chr6	149367040	149367859	LINE/L2	994	-	410	149367450	16421
chr6	10422562	10622562	harbor1	chr6	10433192	10433669	LINE/L2	860	-	238	10433430	10868
chr6	10422562	10622562	harbor1	chr6	10433965	10434118	LINE/L2	716	-	76	10434041	11479
chr6	10422562	10622562	harbor1	chr6	10434123	10434400	LINE/L2	776	-	138	10434261	11699
chr6	10422562	10622562	harbor1	chr6	10462848	10463091	LINE/L2	1284	-	122	10462970	40408
chr6	10422562	10622562	harbor1	chr6	10463673	10464061	LINE/L2	1284	-	194	10463867	41305
chr6	147104106	147304106	harbor1	chr6	147163614	147164078	LINE/L2	639	-	232	147163846	59740
chr6	147104106	147304106	harbor1	chr6	147192610	147192832	LINE/L2	724	-	111	147192721	88615
chr6	147104106	147304106	harbor1	chr6	147193173	147193664	LINE/L2	1111	-	246	147193419	89313
chr6	7626967	7826967	harbor1	chr6	7673825	7674099	LINE/L2	796	-	137	7673962	46995
chr6	31996362	32196362	harbor1	chr6	32003425	32003864	LINE/L2	583	-	220	32003645	7283
chr6	31996362	32196362	harbor1	chr6	32036162	32036601	LINE/L2	583	-	220	32036382	40020
chr6	104840667	105040667	harbor1	chr6	104866003	104866703	LINE/L2	679	-	350	104866353	25686
chr6	104840667	105040667	harbor1	chr6	104877920	104878004	LINE/L2	477	-	42	104877962	37295
chr6	104840667	105040667	harbor1	chr6	104878306	104878400	LINE/L2	477	-	47	104878353	37686
chr6	104840667	105040667	harbor1	chr6	104879379	104879421	LINE/L2	1114	-	21	104879400	38733
chr6	104840667	105040667	harbor1	chr6	104879723	104879745	LINE/L2	1114	-	11	104879734	39067
chr6	104840667	105040667	harbor1	chr6	104880050	104880870	LINE/L2	1114	-	410	104880460	39793
chr6	52476539	52676539	harbor1	chr6	52479968	52479986	LINE/L2	1354	-	9	52479977	3438
chr6	52476539	52676539	harbor1	chr6	52480401	52481504	LINE/L2	3093	-	552	52480953	4414
chr6	52476539	52676539	harbor1	chr6	52481811	52481963	LINE/L2	3093	-	76	52481887	5348
chr6	52476539	52676539	harbor1	chr6	52483798	52484219	LINE/L2	1638	-	210	52484008	7469
chr6	52476539	52676539	harbor1	chr6	52484720	52484883	LINE/L2	1638	-	82	52484802	8263
chr6	52476539	52676539	harbor1	chr6	52485109	52485210	LINE/L2	513	-	50	52485159	8620
chr6	52476539	52676539	harbor1	chr6	52513349	52513944	LINE/L2	674	-	298	52513647	37108
chr6	52476539	52676539	harbor1	chr6	52514109	52514228	LINE/L2	674	-	60	52514169	37630
chr6	127167329	127367329	harbor1	chr6	127216023	127216401	LINE/L2	1135	-	189	127216212	48883
chr6	127167329	127367329	harbor1	chr6	127219438	127219968	LINE/L2	1152	-	265	127219703	52374
chr6	127167329	127367329	harbor1	chr6	127250807	127251184	LINE/L2	471	-	188	127250995	83666
chr6	127167329	127367329	harbor1	chr6	127264711	127265489	LINE/L2	953	-	389	127265100	97771
chr6	52184830	52384830	harbor1	chr6	52214206	52214489	LINE/L2	1437	-	142	52214348	29518
chr6	52184830	52384830	harbor1	chr6	52214532	52214970	LINE/L2	1437	-	219	52214751	29921
chr6	52184830	52384830	harbor1	chr6	52215341	52216307	LINE/L2	807	-	483	52215824	30994
chr6	127167314	127367314	harbor1	chr6	127216023	127216401	LINE/L2	1135	-	189	127216212	48898
chr6	127167314	127367314	harbor1	chr6	127219438	127219968	LINE/L2	1152	-	265	127219703	52389
chr6	127167314	127367314	harbor1	chr6	127250807	127251184	LINE/L2	471	-	188	127250995	83681
chr6	127167314	127367314	harbor1	chr6	127264711	127265489	LINE/L2	953	-	389	127265100	97786
chr6	33522121	33722121	harbor1	chr6	33592235	33592656	LINE/L2	737	-	210	33592445	70324
chr6	147104102	147304102	harbor1	chr6	147163614	147164078	LINE/L2	639	-	232	147163846	59744
chr6	147104102	147304102	harbor1	chr6	147192610	147192832	LINE/L2	724	-	111	147192721	88619
chr6	147104102	147304102	harbor1	chr6	147193173	147193664	LINE/L2	1111	-	246	147193419	89317
chr6	149351091	149551091	harbor1	chr6	149367040	149367859	LINE/L2	994	-	410	149367450	16359
chr6	165559697	165759697	harbor1	chr6	165624647	165625519	LINE/L2	842	-	436	165625083	65386
chr6	165559697	165759697	harbor1	chr6	165625872	165626077	LINE/L2	842	-	102	165625974	66277
chr6	41091863	41291863	harbor1	chr6	41102880	41103560	LINE/L2	975	-	340	41103220	11357
chr6	41091863	41291863	harbor1	chr6	41103881	41104928	LINE/L2	1408	-	524	41104405	12542
chr6	41091863	41291863	harbor1	chr6	41135696	41136940	LINE/L2	3328	-	622	41136318	44455
chr6	45540941	45740941	harbor1	chr6	45571169	45571439	LINE/L2	530	-	135	45571304	30363
chr6	45540941	45740941	harbor1	chr6	45623351	45623670	LINE/L2	693	-	160	45623511	82570
chr6	45540941	45740941	harbor1	chr6	45636188	45636393	LINE/L2	703	-	102	45636290	95349
chr6	45540990	45740990	harbor1	chr6	45571169	45571439	LINE/L2	530	-	135	45571304	30314
chr6	45540990	45740990	harbor1	chr6	45623351	45623670	LINE/L2	693	-	160	45623511	82521
chr6	45540990	45740990	harbor1	chr6	45636188	45636393	LINE/L2	703	-	102	45636290	95300
chr6	43355517	43555517	harbor1	chr6	43404829	43405282	LINE/L2	1566	-	226	43405055	49538
chr6	43355517	43555517	harbor1	chr6	43405740	43405892	LINE/L2	1566	-	76	43405816	50299
chr6	43355517	43555517	harbor1	chr6	43406479	43406665	LINE/L2	1553	-	93	43406572	51055
chr6	43355517	43555517	harbor1	chr6	43406954	43407061	LINE/L2	1553	-	54	43407008	51491
chr6	43355517	43555517	harbor1	chr6	43407355	43407681	LINE/L2	1553	-	163	43407518	52001
chr6	146813054	147013054	harbor1	chr6	146814336	146814570	LINE/L2	491	-	117	146814453	1399
chr6	34138380	34338380	harbor1	chr6	34139870	34140432	LINE/L2	1363	-	281	34140151	1771
chr6	34138380	34338380	harbor1	chr6	34200362	34200564	LINE/L2	602	-	101	34200463	62083
chr6	34138380	34338380	harbor1	chr6	34201465	34201594	LINE/L2	580	-	64	34201529	63149
chr6	34138380	34338380	harbor1	chr6	34201904	34202020	LINE/L2	580	-	58	34201962	63582
chr6	34138380	34338380	harbor1	chr6	34203293	34203502	LINE/L2	580	-	104	34203397	65017
chr6	34138380	34338380	harbor1	chr6	34230148	34230407	LINE/L2	1216	-	130	34230278	91898
chr6	34138380	34338380	harbor1	chr6	34230667	34230970	LINE/L2	1216	-	152	34230819	92439
chr6	45540939	45740939	harbor1	chr6	45571169	45571439	LINE/L2	530	-	135	45571304	30365
chr6	45540939	45740939	harbor1	chr6	45623351	45623670	LINE/L2	693	-	160	45623511	82572
chr6	45540939	45740939	harbor1	chr6	45636188	45636393	LINE/L2	703	-	102	45636290	95351
chr6	43815149	44015149	harbor1	chr6	43821830	43822021	LINE/L2	970	-	96	43821926	6777
chr6	43815149	44015149	harbor1	chr6	43822329	43822447	LINE/L2	970	-	59	43822388	7239
chr6	43815149	44015149	harbor1	chr6	43873237	43873931	LINE/L2	1575	-	347	43873584	58435
chr6	21629834	21829834	harbor1	chr6	21672894	21673791	LINE/L2	2027	-	448	21673342	43508
chr6	21629834	21829834	harbor1	chr6	21674090	21674496	LINE/L2	2027	-	203	21674293	44459
chr6	7626958	7826958	harbor1	chr6	7673825	7674099	LINE/L2	796	-	137	7673962	47004
chr6	127167324	127367324	harbor1	chr6	127216023	127216401	LINE/L2	1135	-	189	127216212	48888
chr6	127167324	127367324	harbor1	chr6	127219438	127219968	LINE/L2	1152	-	265	127219703	52379
chr6	127167324	127367324	harbor1	chr6	127250807	127251184	LINE/L2	471	-	188	127250995	83671
chr6	127167324	127367324	harbor1	chr6	127264711	127265489	LINE/L2	953	-	389	127265100	97776
chr6	52184746	52384746	harbor1	chr6	52214206	52214489	LINE/L2	1437	-	142	52214348	29602
chr6	52184746	52384746	harbor1	chr6	52214532	52214970	LINE/L2	1437	-	219	52214751	30005
chr6	52184746	52384746	harbor1	chr6	52215341	52216307	LINE/L2	807	-	483	52215824	31078
chr6	127167395	127367395	harbor1	chr6	127216023	127216401	LINE/L2	1135	-	189	127216212	48817
chr6	127167395	127367395	harbor1	chr6	127219438	127219968	LINE/L2	1152	-	265	127219703	52308
chr6	127167395	127367395	harbor1	chr6	127250807	127251184	LINE/L2	471	-	188	127250995	83600
chr6	127167395	127367395	harbor1	chr6	127264711	127265489	LINE/L2	953	-	389	127265100	97705
chr6	56854700	57054700	harbor1	chr6	56945244	56945729	LINE/L2	806	-	242	56945486	90786
chr6	56854700	57054700	harbor1	chr6	56945843	56945853	LINE/L2	806	-	5	56945848	91148
chr6	56854700	57054700	harbor1	chr6	56946076	56946825	LINE/L2	806	-	374	56946450	91750
chr6	56854700	57054700	harbor1	chr6	56951981	56952117	LINE/L2	645	-	68	56952049	97349
chr6	149351013	149551013	harbor1	chr6	149367040	149367859	LINE/L2	994	-	410	149367450	16437
chr6	105894232	106094232	harbor1	chr6	105984109	105984982	LINE/L2	1694	-	436	105984545	90313
chr6	105894232	106094232	harbor1	chr6	105985310	105985544	LINE/L2	1694	-	117	105985427	91195
chr6	127167313	127367313	harbor1	chr6	127216023	127216401	LINE/L2	1135	-	189	127216212	48899
chr6	127167313	127367313	harbor1	chr6	127219438	127219968	LINE/L2	1152	-	265	127219703	52390
chr6	127167313	127367313	harbor1	chr6	127250807	127251184	LINE/L2	471	-	188	127250995	83682
chr6	127167313	127367313	harbor1	chr6	127264711	127265489	LINE/L2	953	-	389	127265100	97787
chr6	45540950	45740950	harbor1	chr6	45571169	45571439	LINE/L2	530	-	135	45571304	30354
chr6	45540950	45740950	harbor1	chr6	45623351	45623670	LINE/L2	693	-	160	45623511	82561
chr6	45540950	45740950	harbor1	chr6	45636188	45636393	LINE/L2	703	-	102	45636290	95340
chr6	2665182	2865182	harbor1	chr6	2752460	2752733	LINE/L2	777	-	136	2752596	87414
chr6	43521769	43721769	harbor1	chr6	43526188	43526558	LINE/L2	966	-	185	43526373	4604
chr6	34138364	34338364	harbor1	chr6	34139870	34140432	LINE/L2	1363	-	281	34140151	1787
chr6	34138364	34338364	harbor1	chr6	34200362	34200564	LINE/L2	602	-	101	34200463	62099
chr6	34138364	34338364	harbor1	chr6	34201465	34201594	LINE/L2	580	-	64	34201529	63165
chr6	34138364	34338364	harbor1	chr6	34201904	34202020	LINE/L2	580	-	58	34201962	63598
chr6	34138364	34338364	harbor1	chr6	34203293	34203502	LINE/L2	580	-	104	34203397	65033
chr6	34138364	34338364	harbor1	chr6	34230148	34230407	LINE/L2	1216	-	130	34230278	91914
chr6	34138364	34338364	harbor1	chr6	34230667	34230970	LINE/L2	1216	-	152	34230819	92455
chr6	107857147	108057147	harbor1	chr6	107943595	107944415	LINE/L2	1188	-	410	107944005	86858
chr6	107857147	108057147	harbor1	chr6	107944723	107944755	LINE/L2	1188	-	16	107944739	87592
chr6	35352842	35552842	harbor1	chr6	35358795	35359222	LINE/L2	1097	-	214	35359009	6167
chr6	35352842	35552842	harbor1	chr6	35397624	35398376	LINE/L2	1384	-	376	35398000	45158
chr6	35352842	35552842	harbor1	chr6	35398511	35398792	LINE/L2	544	-	140	35398651	45809
chr6	31172336	31372336	harbor1	chr6	31201584	31201621	LINE/L2	464	-	18	31201602	29266
chr6	31172336	31372336	harbor1	chr6	31201934	31202079	LINE/L2	464	-	72	31202006	29670
chr6	13611912	13811912	harbor1	chr6	13635852	13636160	LINE/L2	483	-	154	13636006	24094
chr6	70156169	70356169	harbor1	chr6	70172042	70172481	LINE/L2	1129	-	220	70172262	16093
chr6	70156169	70356169	harbor1	chr6	70172762	70174285	LINE/L2	5558	-	762	70173524	17355
chr6	70156169	70356169	harbor1	chr6	70174581	70175020	LINE/L2	5558	-	220	70174801	18632
chr6	70156169	70356169	harbor1	chr6	70181682	70183328	LINE/L2	1396	-	823	70182505	26336
chr6	52184768	52384768	harbor1	chr6	52214206	52214489	LINE/L2	1437	-	142	52214348	29580
chr6	52184768	52384768	harbor1	chr6	52214532	52214970	LINE/L2	1437	-	219	52214751	29983
chr6	52184768	52384768	harbor1	chr6	52215341	52216307	LINE/L2	807	-	483	52215824	31056
chr6	167860893	168060893	harbor1	chr6	167930778	167931458	LINE/L2	489	-	340	167931118	70225
chr6	124862446	125062446	harbor1	chr6	124939908	124940423	LINE/L2	769	-	258	124940166	77720
chr6	124862446	125062446	harbor1	chr6	124948702	124949024	LINE/L2	801	-	161	124948863	86417
chr6	111111942	111311942	harbor1	chr6	111127061	111127526	LINE/L2	535	-	232	111127293	15351
chr6	31901468	32101468	harbor1	chr6	31942582	31942881	LINE/L2	906	-	150	31942732	41264
chr6	41091918	41291918	harbor1	chr6	41102880	41103560	LINE/L2	975	-	340	41103220	11302
chr6	41091918	41291918	harbor1	chr6	41103881	41104928	LINE/L2	1408	-	524	41104405	12487
chr6	41091918	41291918	harbor1	chr6	41135696	41136940	LINE/L2	3328	-	622	41136318	44400
chr6	31996234	32196234	harbor1	chr6	32003425	32003864	LINE/L2	583	-	220	32003645	7411
chr6	31996234	32196234	harbor1	chr6	32036162	32036601	LINE/L2	583	-	220	32036382	40148
chr6	34138141	34338141	harbor1	chr6	34139870	34140432	LINE/L2	1363	-	281	34140151	2010
chr6	34138141	34338141	harbor1	chr6	34200362	34200564	LINE/L2	602	-	101	34200463	62322
chr6	34138141	34338141	harbor1	chr6	34201465	34201594	LINE/L2	580	-	64	34201529	63388
chr6	34138141	34338141	harbor1	chr6	34201904	34202020	LINE/L2	580	-	58	34201962	63821
chr6	34138141	34338141	harbor1	chr6	34203293	34203502	LINE/L2	580	-	104	34203397	65256
chr6	34138141	34338141	harbor1	chr6	34230148	34230407	LINE/L2	1216	-	130	34230278	92137
chr6	34138141	34338141	harbor1	chr6	34230667	34230970	LINE/L2	1216	-	152	34230819	92678
chr6	73362002	73562002	harbor1	chr6	73443844	73443997	LINE/L2	975	-	76	73443920	81918
chr6	73362002	73562002	harbor1	chr6	73444288	73444311	LINE/L2	975	-	12	73444300	82298
chr6	73362002	73562002	harbor1	chr6	73444608	73445189	LINE/L2	975	-	290	73444898	82896
chr6	208571	408571	harbor1	chr6	290963	291398	LINE/L2	559	-	218	291181	82610
chr6	63473420	63673420	harbor1	chr6	63479865	63479996	LINE/L2	610	-	66	63479931	6511
chr6	167863263	168063263	harbor1	chr6	167930778	167931458	LINE/L2	489	-	340	167931118	67855
chr6	146812183	147012183	harbor1	chr6	146814336	146814570	LINE/L2	491	-	117	146814453	2270
chr6	145635082	145835082	harbor1	chr6	145642424	145643181	LINE/L2	700	-	378	145642802	7720
chr6	145635082	145835082	harbor1	chr6	145688093	145688798	LINE/L2	922	-	352	145688445	53363
chr6	145635082	145835082	harbor1	chr6	145711357	145711547	LINE/L2	461	-	95	145711452	76370
chr6	145635082	145835082	harbor1	chr6	145727543	145727689	LINE/L2	518	-	73	145727616	92534
chr6	32752654	32952654	harbor1	chr6	32827328	32827734	LINE/L2	467	-	203	32827531	74877
chr6	63535819	63735819	harbor1	chr6	63623359	63623484	LINE/L2	687	-	62	63623421	87602
chr6	32050380	32250380	harbor1	chr6	32136970	32137237	LINE/L2	1053	-	134	32137104	86724
chr6	32050380	32250380	harbor1	chr6	32137518	32138010	LINE/L2	1053	-	246	32137764	87384
chr6	32050380	32250380	harbor1	chr6	32140897	32141150	LINE/L2	607	-	126	32141023	90643
chr6	32050380	32250380	harbor1	chr6	32141667	32142496	LINE/L2	1403	-	414	32142081	91701
chr6	52184773	52384773	harbor1	chr6	52214206	52214489	LINE/L2	1437	-	142	52214348	29575
chr6	52184773	52384773	harbor1	chr6	52214532	52214970	LINE/L2	1437	-	219	52214751	29978
chr6	52184773	52384773	harbor1	chr6	52215341	52216307	LINE/L2	807	-	483	52215824	31051
chr7	28080201	28280201	harbor1	chr7	28126221	28126632	LINE/L2	672	-	206	28126427	46226
chr7	28080201	28280201	harbor1	chr7	28158958	28159205	LINE/L2	520	-	124	28159082	78881
chr7	28080201	28280201	harbor1	chr7	28114640	28115002	LINE/L2	529	-	181	28114821	34620
chr7	50203946	50403946	harbor1	chr7	50297052	50297563	LINE/L2	872	-	256	50297308	93362
chr7	130391130	130591130	harbor1	chr7	130431358	130431817	LINE/L2	743	-	230	130431588	40458
chr7	130391130	130591130	harbor1	chr7	130432091	130432469	LINE/L2	601	-	189	130432280	41150
chr7	130391130	130591130	harbor1	chr7	130484916	130485628	LINE/L2	514	-	356	130485272	94142
chr7	130391130	130591130	harbor1	chr7	130432777	130433199	LINE/L2	601	-	211	130432988	41858
chr7	151420770	151620770	harbor1	chr7	151463798	151464438	LINE/L2	985	-	320	151464118	43348
chr7	151420770	151620770	harbor1	chr7	151486650	151487028	LINE/L2	810	-	189	151486839	66069
chr7	151420770	151620770	harbor1	chr7	151487301	151487500	LINE/L2	810	-	100	151487401	66631
chr7	151420770	151620770	harbor1	chr7	151498933	151499084	LINE/L2	427	-	76	151499009	78239
chr7	28080214	28280214	harbor1	chr7	28126221	28126632	LINE/L2	672	-	206	28126427	46213
chr7	28080214	28280214	harbor1	chr7	28158958	28159205	LINE/L2	520	-	124	28159082	78868
chr7	28080214	28280214	harbor1	chr7	28114640	28115002	LINE/L2	529	-	181	28114821	34607
chr7	1312721	1512721	harbor1	chr7	1365714	1365895	LINE/L2	430	-	90	1365804	53083
chr7	39729557	39929557	harbor1	chr7	39774480	39775080	LINE/L2	1033	-	300	39774780	45223
chr7	39729557	39929557	harbor1	chr7	39786531	39787168	LINE/L2	1273	-	318	39786849	57292
chr7	130568057	130768057	harbor1	chr7	130620199	130620324	LINE/L2	447	-	62	130620261	52204
chr7	130568057	130768057	harbor1	chr7	130641385	130641655	LINE/L2	440	-	135	130641520	73463
chr7	50203894	50403894	harbor1	chr7	50297052	50297563	LINE/L2	872	-	256	50297308	93414
chr7	50615299	50815299	harbor1	chr7	50647908	50648462	LINE/L2	656	-	277	50648185	32886
chr7	50615299	50815299	harbor1	chr7	50649119	50650841	LINE/L2	663	-	861	50649980	34681
chr7	155708589	155908589	harbor1	chr7	155730073	155730212	LINE/L2	427	-	70	155730143	21554
chr7	155708589	155908589	harbor1	chr7	155712352	155714438	LINE/L2	2045	-	1043	155713395	4806
chr7	128305676	128505676	harbor1	chr7	128309143	128309350	LINE/L2	704	-	104	128309247	3571
chr7	128305676	128505676	harbor1	chr7	128309659	128310009	LINE/L2	704	-	175	128309834	4158
chr7	128305676	128505676	harbor1	chr7	128344499	128344623	LINE/L2	478	-	62	128344561	38885
chr7	128305676	128505676	harbor1	chr7	128385378	128385965	LINE/L2	1683	-	294	128385672	79996
chr7	128305676	128505676	harbor1	chr7	128386266	128386396	LINE/L2	1683	-	65	128386331	80655
chr7	128305676	128505676	harbor1	chr7	128401504	128401806	LINE/L2	466	-	151	128401655	95979
chr7	28080184	28280184	harbor1	chr7	28126221	28126632	LINE/L2	672	-	206	28126427	46243
chr7	28080184	28280184	harbor1	chr7	28158958	28159205	LINE/L2	520	-	124	28159082	78898
chr7	28080184	28280184	harbor1	chr7	28114640	28115002	LINE/L2	529	-	181	28114821	34637
chr7	1293735	1493735	harbor1	chr7	1306648	1307372	LINE/L2	717	-	362	1307010	13275
chr7	1293735	1493735	harbor1	chr7	1365714	1365895	LINE/L2	430	-	90	1365804	72069
chr7	50283638	50483638	harbor1	chr7	50297052	50297563	LINE/L2	872	-	256	50297308	13670
chr7	149613875	149813875	harbor1	chr7	149615542	149615934	LINE/L2	527	-	196	149615738	1863
chr7	1380194	1580194	harbor1	chr7	1430681	1430870	LINE/L2	425	-	94	1430775	50581
chr7	123649229	123849229	harbor1	chr7	123659606	123659828	LINE/L2	464	-	111	123659717	10488
chr7	123649229	123849229	harbor1	chr7	123667053	123667169	LINE/L2	491	-	58	123667111	17882
chr7	123649229	123849229	harbor1	chr7	123668970	123669599	LINE/L2	486	-	314	123669284	20055
chr7	123649229	123849229	harbor1	chr7	123704824	123705535	LINE/L2	1574	-	356	123705180	55951
chr7	50204667	50404667	harbor1	chr7	50297052	50297563	LINE/L2	872	-	256	50297308	92641
chr7	44506818	44706818	harbor1	chr7	44586826	44586920	LINE/L2	538	-	47	44586873	80055
chr7	44506818	44706818	harbor1	chr7	44587216	44587332	LINE/L2	538	-	58	44587274	80456
chr7	44506818	44706818	harbor1	chr7	44589324	44589665	LINE/L2	438	-	170	44589494	82676
chr7	28080180	28280180	harbor1	chr7	28126221	28126632	LINE/L2	672	-	206	28126427	46247
chr7	28080180	28280180	harbor1	chr7	28158958	28159205	LINE/L2	520	-	124	28159082	78902
chr7	28080180	28280180	harbor1	chr7	28114640	28115002	LINE/L2	529	-	181	28114821	34641
chr7	155708566	155908566	harbor1	chr7	155730073	155730212	LINE/L2	427	-	70	155730143	21577
chr7	155708566	155908566	harbor1	chr7	155712352	155714438	LINE/L2	2045	-	1043	155713395	4829
chr7	123649386	123849386	harbor1	chr7	123659606	123659828	LINE/L2	464	-	111	123659717	10331
chr7	123649386	123849386	harbor1	chr7	123667053	123667169	LINE/L2	491	-	58	123667111	17725
chr7	123649386	123849386	harbor1	chr7	123668970	123669599	LINE/L2	486	-	314	123669284	19898
chr7	123649386	123849386	harbor1	chr7	123704824	123705535	LINE/L2	1574	-	356	123705180	55794
chr7	41324284	41524284	harbor1	chr7	41342291	41342440	LINE/L2	423	-	74	41342365	18081
chr7	41324284	41524284	harbor1	chr7	41407172	41407557	LINE/L2	554	-	192	41407364	83080
chr7	41324284	41524284	harbor1	chr7	41422247	41422615	LINE/L2	899	-	184	41422431	98147
chr7	50203975	50403975	harbor1	chr7	50297052	50297563	LINE/L2	872	-	256	50297308	93333
chr7	28080194	28280194	harbor1	chr7	28126221	28126632	LINE/L2	672	-	206	28126427	46233
chr7	28080194	28280194	harbor1	chr7	28158958	28159205	LINE/L2	520	-	124	28159082	78888
chr7	28080194	28280194	harbor1	chr7	28114640	28115002	LINE/L2	529	-	181	28114821	34627
chr7	123649293	123849293	harbor1	chr7	123659606	123659828	LINE/L2	464	-	111	123659717	10424
chr7	123649293	123849293	harbor1	chr7	123667053	123667169	LINE/L2	491	-	58	123667111	17818
chr7	123649293	123849293	harbor1	chr7	123668970	123669599	LINE/L2	486	-	314	123669284	19991
chr7	123649293	123849293	harbor1	chr7	123704824	123705535	LINE/L2	1574	-	356	123705180	55887
chr7	155249500	155449500	harbor1	chr7	155321460	155321539	LINE/L2	834	-	40	155321500	72000
chr7	155249500	155449500	harbor1	chr7	155321827	155322046	LINE/L2	834	-	110	155321937	72437
chr7	140597158	140797158	harbor1	chr7	140599960	140600757	LINE/L2	2084	-	398	140600358	3200
chr7	140597158	140797158	harbor1	chr7	140682053	140682585	LINE/L2	580	-	266	140682319	85161
chr7	28080212	28280212	harbor1	chr7	28126221	28126632	LINE/L2	672	-	206	28126427	46215
chr7	28080212	28280212	harbor1	chr7	28158958	28159205	LINE/L2	520	-	124	28159082	78870
chr7	28080212	28280212	harbor1	chr7	28114640	28115002	LINE/L2	529	-	181	28114821	34609
chr7	1376035	1576035	harbor1	chr7	1430681	1430870	LINE/L2	425	-	94	1430775	54740
chr7	65651047	65851047	harbor1	chr7	65688064	65688597	LINE/L2	909	-	266	65688330	37283
chr7	77912395	78112395	harbor1	chr7	77996595	77996818	LINE/L2	459	-	112	77996707	84312
chr7	77912395	78112395	harbor1	chr7	77998193	77998956	LINE/L2	1964	-	382	77998575	86180
chr7	28080187	28280187	harbor1	chr7	28126221	28126632	LINE/L2	672	-	206	28126427	46240
chr7	28080187	28280187	harbor1	chr7	28158958	28159205	LINE/L2	520	-	124	28159082	78895
chr7	28080187	28280187	harbor1	chr7	28114640	28115002	LINE/L2	529	-	181	28114821	34634
chr7	65982514	66182514	harbor1	chr7	66040969	66041805	LINE/L2	1233	-	418	66041387	58873
chr7	65982514	66182514	harbor1	chr7	66042103	66042250	LINE/L2	1233	-	74	66042177	59663
chr7	65982514	66182514	harbor1	chr7	66042562	66042667	LINE/L2	1233	-	52	66042614	60100
chr7	157884935	158084935	harbor1	chr7	157893556	157893956	LINE/L2	605	-	200	157893756	8821
chr7	155708581	155908581	harbor1	chr7	155730073	155730212	LINE/L2	427	-	70	155730143	21562
chr7	155708581	155908581	harbor1	chr7	155712352	155714438	LINE/L2	2045	-	1043	155713395	4814
chr7	44661435	44861435	harbor1	chr7	44727387	44727684	LINE/L2	596	-	148	44727535	66100
chr7	123610933	123810933	harbor1	chr7	123636528	123636642	LINE/L2	438	-	57	123636585	25652
chr7	123610933	123810933	harbor1	chr7	123659606	123659828	LINE/L2	464	-	111	123659717	48784
chr7	123610933	123810933	harbor1	chr7	123667053	123667169	LINE/L2	491	-	58	123667111	56178
chr7	123610933	123810933	harbor1	chr7	123668970	123669599	LINE/L2	486	-	314	123669284	58351
chr7	123610933	123810933	harbor1	chr7	123704824	123705535	LINE/L2	1574	-	356	123705180	94247
chr7	123649263	123849263	harbor1	chr7	123659606	123659828	LINE/L2	464	-	111	123659717	10454
chr7	123649263	123849263	harbor1	chr7	123667053	123667169	LINE/L2	491	-	58	123667111	17848
chr7	123649263	123849263	harbor1	chr7	123668970	123669599	LINE/L2	486	-	314	123669284	20021
chr7	123649263	123849263	harbor1	chr7	123704824	123705535	LINE/L2	1574	-	356	123705180	55917
chr7	155231815	155431815	harbor1	chr7	155246618	155247080	LINE/L2	648	-	231	155246849	15034
chr7	155231815	155431815	harbor1	chr7	155321460	155321539	LINE/L2	834	-	40	155321500	89685
chr7	155231815	155431815	harbor1	chr7	155321827	155322046	LINE/L2	834	-	110	155321937	90122
chr7	1564241	1764241	harbor1	chr7	1596731	1597112	LINE/L2	541	-	190	1596921	32680
chr7	1564241	1764241	harbor1	chr7	1612229	1612316	LINE/L2	434	-	44	1612273	48032
chr7	1564241	1764241	harbor1	chr7	1612600	1612755	LINE/L2	434	-	78	1612678	48437
chr7	50203887	50403887	harbor1	chr7	50297052	50297563	LINE/L2	872	-	256	50297308	93421
chr7	80035348	80235348	harbor1	chr7	80129719	80130500	LINE/L2	1176	-	390	80130109	94761
chr7	80035348	80235348	harbor1	chr7	80130503	80130818	LINE/L2	843	-	158	80130661	95313
chr7	90221478	90421478	harbor1	chr7	90280523	90280641	LINE/L2	428	-	59	90280582	59104
chr7	123649244	123849244	harbor1	chr7	123659606	123659828	LINE/L2	464	-	111	123659717	10473
chr7	123649244	123849244	harbor1	chr7	123667053	123667169	LINE/L2	491	-	58	123667111	17867
chr7	123649244	123849244	harbor1	chr7	123668970	123669599	LINE/L2	486	-	314	123669284	20040
chr7	123649244	123849244	harbor1	chr7	123704824	123705535	LINE/L2	1574	-	356	123705180	55936
chr7	100698745	100898745	harbor1	chr7	100739320	100739406	LINE/L2	429	-	43	100739363	40618
chr7	100698745	100898745	harbor1	chr7	100739968	100740295	LINE/L2	734	-	164	100740132	41387
chr7	100698745	100898745	harbor1	chr7	100742902	100743012	LINE/L2	438	-	55	100742957	44212
chr7	1226149	1426149	harbor1	chr7	1306648	1307372	LINE/L2	717	-	362	1307010	80861
chr7	127292503	127492503	harbor1	chr7	127345159	127345848	LINE/L2	726	-	344	127345503	53000
chr7	127292503	127492503	harbor1	chr7	127345850	127346677	LINE/L2	1144	-	414	127346264	53761
chr7	127292503	127492503	harbor1	chr7	127347126	127347256	LINE/L2	1144	-	65	127347191	54688
chr7	127292503	127492503	harbor1	chr7	127360961	127361248	LINE/L2	428	-	144	127361105	68602
chr7	127292503	127492503	harbor1	chr7	127364336	127364657	LINE/L2	438	-	160	127364496	71993
chr7	128101419	128301419	harbor1	chr7	128119456	128119583	LINE/L2	733	-	64	128119520	18101
chr7	128101419	128301419	harbor1	chr7	128120232	128120498	LINE/L2	512	-	133	128120365	18946
chr7	128101419	128301419	harbor1	chr7	128130127	128130741	LINE/L2	2110	-	307	128130434	29015
chr7	128101419	128301419	harbor1	chr7	128133756	128134345	LINE/L2	846	-	294	128134050	32631
chr7	128101419	128301419	harbor1	chr7	128134644	128135010	LINE/L2	846	-	183	128134827	33408
chr7	128101419	128301419	harbor1	chr7	128160192	128160573	LINE/L2	525	-	190	128160382	58963
chr7	128101419	128301419	harbor1	chr7	128184038	128184586	LINE/L2	760	-	274	128184312	82893
chr7	128101419	128301419	harbor1	chr7	128194162	128194729	LINE/L2	1514	-	284	128194446	93027
chr7	128101419	128301419	harbor1	chr7	128200214	128200560	LINE/L2	612	-	173	128200387	98968
chr7	123649264	123849264	harbor1	chr7	123659606	123659828	LINE/L2	464	-	111	123659717	10453
chr7	123649264	123849264	harbor1	chr7	123667053	123667169	LINE/L2	491	-	58	123667111	17847
chr7	123649264	123849264	harbor1	chr7	123668970	123669599	LINE/L2	486	-	314	123669284	20020
chr7	123649264	123849264	harbor1	chr7	123704824	123705535	LINE/L2	1574	-	356	123705180	55916
chr7	151420775	151620775	harbor1	chr7	151463798	151464438	LINE/L2	985	-	320	151464118	43343
chr7	151420775	151620775	harbor1	chr7	151486650	151487028	LINE/L2	810	-	189	151486839	66064
chr7	151420775	151620775	harbor1	chr7	151487301	151487500	LINE/L2	810	-	100	151487401	66626
chr7	151420775	151620775	harbor1	chr7	151498933	151499084	LINE/L2	427	-	76	151499009	78234
chr7	123437338	123637338	harbor1	chr7	123457006	123457119	LINE/L2	470	-	56	123457062	19724
chr7	123437338	123637338	harbor1	chr7	123461118	123461267	LINE/L2	466	-	74	123461192	23854
chr7	123437338	123637338	harbor1	chr7	123464351	123464656	LINE/L2	454	-	152	123464503	27165
chr7	123437338	123637338	harbor1	chr7	123476069	123476516	LINE/L2	550	-	224	123476293	38955
chr7	123437338	123637338	harbor1	chr7	123520687	123521147	LINE/L2	1176	-	230	123520917	83579
chr7	141411856	141611856	harbor1	chr7	141447037	141447460	LINE/L2	836	-	212	141447249	35393
chr7	141411856	141611856	harbor1	chr7	141463635	141464078	LINE/L2	585	-	222	141463857	52001
chr7	28080189	28280189	harbor1	chr7	28126221	28126632	LINE/L2	672	-	206	28126427	46238
chr7	28080189	28280189	harbor1	chr7	28158958	28159205	LINE/L2	520	-	124	28159082	78893
chr7	28080189	28280189	harbor1	chr7	28114640	28115002	LINE/L2	529	-	181	28114821	34632
chr7	26995642	27195642	harbor1	chr7	27080774	27081089	LINE/L2	531	-	158	27080932	85290
chr7	66456842	66656842	harbor1	chr7	66512401	66512558	LINE/L2	650	-	78	66512479	55637
chr7	66456842	66656842	harbor1	chr7	66512969	66513128	LINE/L2	656	-	80	66513049	56207
chr7	66456842	66656842	harbor1	chr7	66521174	66521343	LINE/L2	643	-	84	66521258	64416
chr7	25270046	25470046	harbor1	chr7	25320220	25320706	LINE/L2	1401	-	243	25320463	50417
chr7	25270046	25470046	harbor1	chr7	25347442	25347837	LINE/L2	597	-	198	25347640	77594
chr7	25697532	25897532	harbor1	chr7	25788762	25789110	LINE/L2	700	-	174	25788936	91404
chr7	1312753	1512753	harbor1	chr7	1365714	1365895	LINE/L2	430	-	90	1365804	53051
chr7	1312775	1512775	harbor1	chr7	1365714	1365895	LINE/L2	430	-	90	1365804	53029
chr7	108470160	108670160	harbor1	chr7	108477907	108478326	LINE/L2	877	-	210	108478117	7957
chr7	108470160	108670160	harbor1	chr7	108561580	108561970	LINE/L2	628	-	195	108561775	91615
chr7	100766226	100966226	harbor1	chr7	100847386	100847804	LINE/L2	1450	-	209	100847595	81369
chr7	100766226	100966226	harbor1	chr7	100848114	100848222	LINE/L2	1450	-	54	100848168	81942
chr7	100766226	100966226	harbor1	chr7	100848554	100848604	LINE/L2	1450	-	25	100848579	82353
chr7	1312762	1512762	harbor1	chr7	1365714	1365895	LINE/L2	430	-	90	1365804	53042
chr7	123649335	123849335	harbor1	chr7	123659606	123659828	LINE/L2	464	-	111	123659717	10382
chr7	123649335	123849335	harbor1	chr7	123667053	123667169	LINE/L2	491	-	58	123667111	17776
chr7	123649335	123849335	harbor1	chr7	123668970	123669599	LINE/L2	486	-	314	123669284	19949
chr7	123649335	123849335	harbor1	chr7	123704824	123705535	LINE/L2	1574	-	356	123705180	55845
chr7	123649230	123849230	harbor1	chr7	123659606	123659828	LINE/L2	464	-	111	123659717	10487
chr7	123649230	123849230	harbor1	chr7	123667053	123667169	LINE/L2	491	-	58	123667111	17881
chr7	123649230	123849230	harbor1	chr7	123668970	123669599	LINE/L2	486	-	314	123669284	20054
chr7	123649230	123849230	harbor1	chr7	123704824	123705535	LINE/L2	1574	-	356	123705180	55950
chr7	73478344	73678344	harbor1	chr7	73568965	73569396	LINE/L2	790	-	216	73569181	90837
chr7	123481083	123681083	harbor1	chr7	123520687	123521147	LINE/L2	1176	-	230	123520917	39834
chr7	123481083	123681083	harbor1	chr7	123555141	123555620	LINE/L2	444	-	240	123555381	74298
chr7	123481083	123681083	harbor1	chr7	123555663	123555818	LINE/L2	450	-	78	123555741	74658
chr7	123481083	123681083	harbor1	chr7	123555806	123556056	LINE/L2	729	-	125	123555931	74848
chr7	123481083	123681083	harbor1	chr7	123556299	123556707	LINE/L2	958	-	204	123556503	75420
chr7	123481083	123681083	harbor1	chr7	123556710	123557023	LINE/L2	721	-	156	123556866	75783
chr7	155196997	155396997	harbor1	chr7	155246618	155247080	LINE/L2	648	-	231	155246849	49852
chr7	141411783	141611783	harbor1	chr7	141447037	141447460	LINE/L2	836	-	212	141447249	35466
chr7	141411783	141611783	harbor1	chr7	141463635	141464078	LINE/L2	585	-	222	141463857	52074
chr7	30975839	31175839	harbor1	chr7	30985846	30986893	LINE/L2	684	-	524	30986370	10531
chr7	30975839	31175839	harbor1	chr7	31030082	31030602	LINE/L2	517	-	260	31030342	54503
chr7	30975839	31175839	harbor1	chr7	31032185	31032226	LINE/L2	941	-	20	31032205	56366
chr7	30975839	31175839	harbor1	chr7	31032646	31033172	LINE/L2	941	-	263	31032909	57070
chr7	127133798	127333798	harbor1	chr7	127142757	127142912	LINE/L2	508	-	78	127142835	9037
chr7	127133798	127333798	harbor1	chr7	127165006	127165141	LINE/L2	695	-	68	127165074	31276
chr7	127133798	127333798	harbor1	chr7	127165194	127165306	LINE/L2	695	-	56	127165250	31452
chr7	127133798	127333798	harbor1	chr7	127173037	127173627	LINE/L2	1295	-	295	127173332	39534
chr7	1312948	1512948	harbor1	chr7	1365714	1365895	LINE/L2	430	-	90	1365804	52856
chr7	44436448	44636448	harbor1	chr7	44501873	44502184	LINE/L2	550	-	156	44502029	65581
chr7	122786849	122986849	harbor1	chr7	122852279	122852921	LINE/L2	1080	-	321	122852600	65751
chr7	90112306	90312306	harbor1	chr7	90145767	90146100	LINE/L2	630	-	166	90145933	33627
chr7	123648388	123848388	harbor1	chr7	123659606	123659828	LINE/L2	464	-	111	123659717	11329
chr7	123648388	123848388	harbor1	chr7	123667053	123667169	LINE/L2	491	-	58	123667111	18723
chr7	123648388	123848388	harbor1	chr7	123668970	123669599	LINE/L2	486	-	314	123669284	20896
chr7	123648388	123848388	harbor1	chr7	123704824	123705535	LINE/L2	1574	-	356	123705180	56792
chr7	100752657	100952657	harbor1	chr7	100847386	100847804	LINE/L2	1450	-	209	100847595	94938
chr7	100752657	100952657	harbor1	chr7	100848114	100848222	LINE/L2	1450	-	54	100848168	95511
chr7	100752657	100952657	harbor1	chr7	100848554	100848604	LINE/L2	1450	-	25	100848579	95922
chr7	1374442	1574442	harbor1	chr7	1430681	1430870	LINE/L2	425	-	94	1430775	56333
chr7	123649270	123849270	harbor1	chr7	123659606	123659828	LINE/L2	464	-	111	123659717	10447
chr7	123649270	123849270	harbor1	chr7	123667053	123667169	LINE/L2	491	-	58	123667111	17841
chr7	123649270	123849270	harbor1	chr7	123668970	123669599	LINE/L2	486	-	314	123669284	20014
chr7	123649270	123849270	harbor1	chr7	123704824	123705535	LINE/L2	1574	-	356	123705180	55910
chr7	1312758	1512758	harbor1	chr7	1365714	1365895	LINE/L2	430	-	90	1365804	53046
chr7	123457458	123657458	harbor1	chr7	123461118	123461267	LINE/L2	466	-	74	123461192	3734
chr7	123457458	123657458	harbor1	chr7	123464351	123464656	LINE/L2	454	-	152	123464503	7045
chr7	123457458	123657458	harbor1	chr7	123476069	123476516	LINE/L2	550	-	224	123476293	18835
chr7	123457458	123657458	harbor1	chr7	123520687	123521147	LINE/L2	1176	-	230	123520917	63459
chr7	123457458	123657458	harbor1	chr7	123555141	123555620	LINE/L2	444	-	240	123555381	97923
chr7	123457458	123657458	harbor1	chr7	123555663	123555818	LINE/L2	450	-	78	123555741	98283
chr7	123457458	123657458	harbor1	chr7	123555806	123556056	LINE/L2	729	-	125	123555931	98473
chr7	123457458	123657458	harbor1	chr7	123556299	123556707	LINE/L2	958	-	204	123556503	99045
chr7	123457458	123657458	harbor1	chr7	123556710	123557023	LINE/L2	721	-	156	123556866	99408
chr7	2610078	2810078	harbor1	chr7	2666615	2666885	LINE/L2	836	-	135	2666750	56672
chr7	2610078	2810078	harbor1	chr7	2667337	2667576	LINE/L2	2059	-	120	2667457	57379
chr7	2610078	2810078	harbor1	chr7	2667869	2668683	LINE/L2	2059	-	407	2668276	58198
chr7	2610078	2810078	harbor1	chr7	2668974	2669007	LINE/L2	2059	-	16	2668990	58912
chr7	2610078	2810078	harbor1	chr7	2669581	2669629	LINE/L2	2059	-	24	2669605	59527
chr7	2610078	2810078	harbor1	chr7	2669825	2670104	LINE/L2	2059	-	140	2669965	59887
chr7	123649311	123849311	harbor1	chr7	123659606	123659828	LINE/L2	464	-	111	123659717	10406
chr7	123649311	123849311	harbor1	chr7	123667053	123667169	LINE/L2	491	-	58	123667111	17800
chr7	123649311	123849311	harbor1	chr7	123668970	123669599	LINE/L2	486	-	314	123669284	19973
chr7	123649311	123849311	harbor1	chr7	123704824	123705535	LINE/L2	1574	-	356	123705180	55869
chr8	38169171	38369171	harbor1	chr8	38248423	38248555	LINE/L2	421	-	66	38248489	79318
chr8	23428482	23628482	harbor1	chr8	23515922	23516027	LINE/L2	453	-	52	23515974	87492
chr8	38169174	38369174	harbor1	chr8	38248423	38248555	LINE/L2	421	-	66	38248489	79315
chr8	18018925	18218925	harbor1	chr8	18085361	18085829	LINE/L2	1133	-	234	18085595	66670
chr8	23381169	23581169	harbor1	chr8	23424260	23424494	LINE/L2	735	-	117	23424377	43208
chr8	23381169	23581169	harbor1	chr8	23424499	23424724	LINE/L2	462	-	112	23424611	43442
chr8	23381133	23581133	harbor1	chr8	23424260	23424494	LINE/L2	735	-	117	23424377	43244
chr8	23381133	23581133	harbor1	chr8	23424499	23424724	LINE/L2	462	-	112	23424611	43478
chr8	23379942	23579942	harbor1	chr8	23424260	23424494	LINE/L2	735	-	117	23424377	44435
chr8	23379942	23579942	harbor1	chr8	23424499	23424724	LINE/L2	462	-	112	23424611	44669
chr8	23382754	23582754	harbor1	chr8	23424260	23424494	LINE/L2	735	-	117	23424377	41623
chr8	23382754	23582754	harbor1	chr8	23424499	23424724	LINE/L2	462	-	112	23424611	41857
chr8	23428976	23628976	harbor1	chr8	23515922	23516027	LINE/L2	453	-	52	23515974	86998
chr8	23428919	23628919	harbor1	chr8	23515922	23516027	LINE/L2	453	-	52	23515974	87055
chr8	23428922	23628922	harbor1	chr8	23515922	23516027	LINE/L2	453	-	52	23515974	87052
chr8	38169283	38369283	harbor1	chr8	38248423	38248555	LINE/L2	421	-	66	38248489	79206
chr8	23374002	23574002	harbor1	chr8	23424260	23424494	LINE/L2	735	-	117	23424377	50375
chr8	23374002	23574002	harbor1	chr8	23424499	23424724	LINE/L2	462	-	112	23424611	50609
chr8	23379952	23579952	harbor1	chr8	23424260	23424494	LINE/L2	735	-	117	23424377	44425
chr8	23379952	23579952	harbor1	chr8	23424499	23424724	LINE/L2	462	-	112	23424611	44659
chr8	38168881	38368881	harbor1	chr8	38248423	38248555	LINE/L2	421	-	66	38248489	79608
chr8	143715221	143915221	harbor1	chr8	143716948	143717418	LINE/L2	644	-	235	143717183	1962
chr8	23428500	23628500	harbor1	chr8	23515922	23516027	LINE/L2	453	-	52	23515974	87474
chr8	23409692	23609692	harbor1	chr8	23424260	23424494	LINE/L2	735	-	117	23424377	14685
chr8	23409692	23609692	harbor1	chr8	23424499	23424724	LINE/L2	462	-	112	23424611	14919
chr8	42040638	42240638	harbor1	chr8	42132385	42132496	LINE/L2	460	-	56	42132441	91803
chr8	38169386	38369386	harbor1	chr8	38248423	38248555	LINE/L2	421	-	66	38248489	79103
chr8	23428873	23628873	harbor1	chr8	23515922	23516027	LINE/L2	453	-	52	23515974	87101
chr8	23407606	23607606	harbor1	chr8	23424260	23424494	LINE/L2	735	-	117	23424377	16771
chr8	23407606	23607606	harbor1	chr8	23424499	23424724	LINE/L2	462	-	112	23424611	17005
chr8	23428431	23628431	harbor1	chr8	23515922	23516027	LINE/L2	453	-	52	23515974	87543
chr8	129907115	130107115	harbor1	chr8	129921839	129921977	LINE/L2	589	-	69	129921908	14793
chr8	129907115	130107115	harbor1	chr8	129944038	129944418	LINE/L2	433	-	190	129944228	37113
chr8	129907115	130107115	harbor1	chr8	129973018	129973345	LINE/L2	471	-	164	129973182	66067
chr8	23398445	23598445	harbor1	chr8	23424260	23424494	LINE/L2	735	-	117	23424377	25932
chr8	23398445	23598445	harbor1	chr8	23424499	23424724	LINE/L2	462	-	112	23424611	26166
chr8	23428857	23628857	harbor1	chr8	23515922	23516027	LINE/L2	453	-	52	23515974	87117
chr8	8665132	8865132	harbor1	chr8	8675145	8675692	LINE/L2	1091	-	274	8675419	10287
chr8	8665132	8865132	harbor1	chr8	8675997	8676206	LINE/L2	1091	-	104	8676101	10969
chr8	23412840	23612840	harbor1	chr8	23424260	23424494	LINE/L2	735	-	117	23424377	11537
chr8	23412840	23612840	harbor1	chr8	23424499	23424724	LINE/L2	462	-	112	23424611	11771
chr8	23428958	23628958	harbor1	chr8	23515922	23516027	LINE/L2	453	-	52	23515974	87016
chr8	23409094	23609094	harbor1	chr8	23424260	23424494	LINE/L2	735	-	117	23424377	15283
chr8	23409094	23609094	harbor1	chr8	23424499	23424724	LINE/L2	462	-	112	23424611	15517
chr8	23380409	23580409	harbor1	chr8	23424260	23424494	LINE/L2	735	-	117	23424377	43968
chr8	23380409	23580409	harbor1	chr8	23424499	23424724	LINE/L2	462	-	112	23424611	44202
chr8	38169249	38369249	harbor1	chr8	38248423	38248555	LINE/L2	421	-	66	38248489	79240
chr8	23428835	23628835	harbor1	chr8	23515922	23516027	LINE/L2	453	-	52	23515974	87139
chr8	23428925	23628925	harbor1	chr8	23515922	23516027	LINE/L2	453	-	52	23515974	87049
chr8	23372590	23572590	harbor1	chr8	23424260	23424494	LINE/L2	735	-	117	23424377	51787
chr8	23372590	23572590	harbor1	chr8	23424499	23424724	LINE/L2	462	-	112	23424611	52021
chr8	23428499	23628499	harbor1	chr8	23515922	23516027	LINE/L2	453	-	52	23515974	87475
chr8	38076189	38276189	harbor1	chr8	38078247	38078352	LINE/L2	625	-	52	38078299	2110
chr8	38076189	38276189	harbor1	chr8	38158644	38158846	LINE/L2	688	-	101	38158745	82556
chr8	38169207	38369207	harbor1	chr8	38248423	38248555	LINE/L2	421	-	66	38248489	79282
chr8	23428888	23628888	harbor1	chr8	23515922	23516027	LINE/L2	453	-	52	23515974	87086
chr8	22757824	22957824	harbor1	chr8	22791731	22791847	LINE/L2	480	-	58	22791789	33965
chr8	22757824	22957824	harbor1	chr8	22808401	22808678	LINE/L2	656	-	138	22808539	50715
chr8	22757824	22957824	harbor1	chr8	22818180	22819222	LINE/L2	1683	-	521	22818701	60877
chr8	22757824	22957824	harbor1	chr8	22819490	22819594	LINE/L2	953	-	52	22819542	61718
chr8	22757824	22957824	harbor1	chr8	22819906	22820421	LINE/L2	953	-	258	22820164	62340
chr8	22757824	22957824	harbor1	chr8	22831480	22831921	LINE/L2	453	-	220	22831700	73876
chr8	23380336	23580336	harbor1	chr8	23424260	23424494	LINE/L2	735	-	117	23424377	44041
chr8	23380336	23580336	harbor1	chr8	23424499	23424724	LINE/L2	462	-	112	23424611	44275
chr8	142240188	142440188	harbor1	chr8	142325154	142325518	LINE/L2	507	-	182	142325336	85148
chr8	38169250	38369250	harbor1	chr8	38248423	38248555	LINE/L2	421	-	66	38248489	79239
chr8	39955067	40155067	harbor1	chr8	40009920	40010911	LINE/L2	1585	-	496	40010416	55349
chr8	39955067	40155067	harbor1	chr8	40011210	40011347	LINE/L2	1585	-	68	40011278	56211
chr8	66077981	66277981	harbor1	chr8	66133323	66133466	LINE/L2	570	-	72	66133395	55414
chr8	23423555	23623555	harbor1	chr8	23424260	23424494	LINE/L2	735	-	117	23424377	822
chr8	23423555	23623555	harbor1	chr8	23424499	23424724	LINE/L2	462	-	112	23424611	1056
chr8	23423555	23623555	harbor1	chr8	23515922	23516027	LINE/L2	453	-	52	23515974	92419
chr8	23428893	23628893	harbor1	chr8	23515922	23516027	LINE/L2	453	-	52	23515974	87081
chr8	23419596	23619596	harbor1	chr8	23424260	23424494	LINE/L2	735	-	117	23424377	4781
chr8	23419596	23619596	harbor1	chr8	23424499	23424724	LINE/L2	462	-	112	23424611	5015
chr8	23419596	23619596	harbor1	chr8	23515922	23516027	LINE/L2	453	-	52	23515974	96378
chr8	38019471	38219471	harbor1	chr8	38066664	38066793	LINE/L2	527	-	64	38066728	47257
chr8	38019471	38219471	harbor1	chr8	38078247	38078352	LINE/L2	625	-	52	38078299	58828
chr8	23392919	23592919	harbor1	chr8	23424260	23424494	LINE/L2	735	-	117	23424377	31458
chr8	23392919	23592919	harbor1	chr8	23424499	23424724	LINE/L2	462	-	112	23424611	31692
chr8	23398382	23598382	harbor1	chr8	23424260	23424494	LINE/L2	735	-	117	23424377	25995
chr8	23398382	23598382	harbor1	chr8	23424499	23424724	LINE/L2	462	-	112	23424611	26229
chr8	10625860	10825860	harbor1	chr8	10662856	10663224	LINE/L2	426	-	184	10663040	37180
chr8	10625860	10825860	harbor1	chr8	10669733	10670206	LINE/L2	478	-	236	10669969	44109
chr8	10625860	10825860	harbor1	chr8	10692793	10693032	LINE/L2	583	-	120	10692913	67053
chr8	10625860	10825860	harbor1	chr8	10704670	10704893	LINE/L2	485	-	112	10704782	78922
chr8	10625860	10825860	harbor1	chr8	10713140	10713747	LINE/L2	517	-	304	10713444	87584
chr8	23428533	23628533	harbor1	chr8	23515922	23516027	LINE/L2	453	-	52	23515974	87441
chr8	23393307	23593307	harbor1	chr8	23424260	23424494	LINE/L2	735	-	117	23424377	31070
chr8	23393307	23593307	harbor1	chr8	23424499	23424724	LINE/L2	462	-	112	23424611	31304
chr8	29995437	30195437	harbor1	chr8	30050218	30050483	LINE/L2	687	-	132	30050350	54913
chr8	29995437	30195437	harbor1	chr8	30084868	30085007	LINE/L2	590	-	70	30084938	89501
chr8	29995437	30195437	harbor1	chr8	30085368	30085649	LINE/L2	590	-	140	30085508	90071
chr8	66405191	66605191	harbor1	chr8	66437629	66438260	LINE/L2	551	-	316	66437945	32754
chr8	66405191	66605191	harbor1	chr8	66466532	66467382	LINE/L2	884	-	425	66466957	61766
chr8	66405191	66605191	harbor1	chr8	66436432	66437441	LINE/L2	1962	-	504	66436936	31745
chr8	23428940	23628940	harbor1	chr8	23515922	23516027	LINE/L2	453	-	52	23515974	87034
chr8	124796482	124996482	harbor1	chr8	124816864	124817412	LINE/L2	491	-	274	124817138	20656
chr8	124796482	124996482	harbor1	chr8	124817485	124817743	LINE/L2	591	-	129	124817614	21132
chr8	124796482	124996482	harbor1	chr8	124818278	124818427	LINE/L2	591	-	74	124818352	21870
chr8	23428850	23628850	harbor1	chr8	23515922	23516027	LINE/L2	453	-	52	23515974	87124
chr8	42040276	42240276	harbor1	chr8	42132385	42132496	LINE/L2	460	-	56	42132441	92165
chr8	23428530	23628530	harbor1	chr8	23515922	23516027	LINE/L2	453	-	52	23515974	87444
chr8	23429026	23629026	harbor1	chr8	23515922	23516027	LINE/L2	453	-	52	23515974	86948
chr8	98847692	99047692	harbor1	chr8	98850342	98850860	LINE/L2	786	-	259	98850601	2909
chr8	98847692	99047692	harbor1	chr8	98860073	98860518	LINE/L2	988	-	222	98860295	12603
chr8	23428510	23628510	harbor1	chr8	23515922	23516027	LINE/L2	453	-	52	23515974	87464
chr8	129839917	130039917	harbor1	chr8	129851171	129851526	LINE/L2	1012	-	178	129851349	11432
chr8	129839917	130039917	harbor1	chr8	129851823	129852105	LINE/L2	1012	-	141	129851964	12047
chr8	129839917	130039917	harbor1	chr8	129857123	129857667	LINE/L2	421	-	272	129857395	17478
chr8	129839917	130039917	harbor1	chr8	129921839	129921977	LINE/L2	589	-	69	129921908	81991
chr8	129839917	130039917	harbor1	chr8	129843152	129843527	LINE/L2	452	-	188	129843340	3423
chr8	81559422	81759422	harbor1	chr8	81591245	81591361	LINE/L2	495	-	58	81591303	31881
chr8	81559422	81759422	harbor1	chr8	81598577	81598877	LINE/L2	521	-	150	81598727	39305
chr8	81559422	81759422	harbor1	chr8	81628924	81629937	LINE/L2	463	-	506	81629430	70008
chr8	81559422	81759422	harbor1	chr8	81642218	81642313	LINE/L2	439	-	48	81642266	82844
chr8	143958376	144158376	harbor1	chr8	144011999	144012361	LINE/L2	517	-	181	144012180	53804
chr8	143958376	144158376	harbor1	chr8	144017836	144018579	LINE/L2	795	-	372	144018208	59832
chr8	23380964	23580964	harbor1	chr8	23424260	23424494	LINE/L2	735	-	117	23424377	43413
chr8	23380964	23580964	harbor1	chr8	23424499	23424724	LINE/L2	462	-	112	23424611	43647
chr8	57161177	57361177	harbor1	chr8	57225912	57227045	LINE/L2	1749	-	566	57226478	65301
chr8	57161177	57361177	harbor1	chr8	57234244	57234485	LINE/L2	623	-	120	57234364	73187
chr8	57161177	57361177	harbor1	chr8	57234895	57235163	LINE/L2	444	-	134	57235029	73852
chr8	57161177	57361177	harbor1	chr8	57251813	57251982	LINE/L2	508	-	84	57251897	90720
chr8	53743525	53943525	harbor1	chr8	53837666	53837990	LINE/L2	493	-	162	53837828	94303
chr8	27322694	27522694	harbor1	chr8	27357782	27357891	LINE/L2	466	-	54	27357836	35142
chr8	27322694	27522694	harbor1	chr8	27400475	27400929	LINE/L2	928	-	227	27400702	78008
chr8	27322694	27522694	harbor1	chr8	27401149	27401620	LINE/L2	928	-	236	27401385	78691
chr8	27322694	27522694	harbor1	chr8	27401641	27401878	LINE/L2	576	-	118	27401759	79065
chr8	27322694	27522694	harbor1	chr8	27401909	27401922	LINE/L2	576	-	6	27401915	79221
chr8	27322694	27522694	harbor1	chr8	27402165	27402529	LINE/L2	430	-	182	27402347	79653
chr8	90970523	91170523	harbor1	chr8	90972975	90973371	LINE/L2	728	-	198	90973173	2650
chr8	90970523	91170523	harbor1	chr8	91051499	91052126	LINE/L2	596	-	314	91051813	81290
chr8	90970523	91170523	harbor1	chr8	91064854	91065053	LINE/L2	489	-	100	91064954	94431
chr8	42040690	42240690	harbor1	chr8	42132385	42132496	LINE/L2	460	-	56	42132441	91751
chr8	23428435	23628435	harbor1	chr8	23515922	23516027	LINE/L2	453	-	52	23515974	87539
chr8	78034557	78234557	harbor1	chr8	78078229	78078240	LINE/L2	880	-	6	78078235	43678
chr8	78034557	78234557	harbor1	chr8	78078549	78079028	LINE/L2	880	-	240	78078789	44232
chr8	78034557	78234557	harbor1	chr8	78079468	78079564	LINE/L2	581	-	48	78079516	44959
chr8	78034557	78234557	harbor1	chr8	78079939	78080082	LINE/L2	581	-	72	78080011	45454
chr8	78034557	78234557	harbor1	chr8	78123096	78123715	LINE/L2	1188	-	310	78123406	88849
chr8	38168585	38368585	harbor1	chr8	38248423	38248555	LINE/L2	421	-	66	38248489	79904
chr8	23429035	23629035	harbor1	chr8	23515922	23516027	LINE/L2	453	-	52	23515974	86939
chr8	23388472	23588472	harbor1	chr8	23424260	23424494	LINE/L2	735	-	117	23424377	35905
chr8	23388472	23588472	harbor1	chr8	23424499	23424724	LINE/L2	462	-	112	23424611	36139
chr8	17984183	18184183	harbor1	chr8	18000063	18000635	LINE/L2	647	-	286	18000349	16166
chr8	17984183	18184183	harbor1	chr8	18000904	18001081	LINE/L2	647	-	88	18000992	16809
chr8	129839623	130039623	harbor1	chr8	129851171	129851526	LINE/L2	1012	-	178	129851349	11726
chr8	129839623	130039623	harbor1	chr8	129851823	129852105	LINE/L2	1012	-	141	129851964	12341
chr8	129839623	130039623	harbor1	chr8	129857123	129857667	LINE/L2	421	-	272	129857395	17772
chr8	129839623	130039623	harbor1	chr8	129921839	129921977	LINE/L2	589	-	69	129921908	82285
chr8	129839623	130039623	harbor1	chr8	129843152	129843527	LINE/L2	452	-	188	129843340	3717
chr8	38169173	38369173	harbor1	chr8	38248423	38248555	LINE/L2	421	-	66	38248489	79316
chr8	38167320	38367320	harbor1	chr8	38248423	38248555	LINE/L2	421	-	66	38248489	81169
chr8	29891739	30091739	harbor1	chr8	29956302	29956746	LINE/L2	619	-	222	29956524	64785
chr8	29891739	30091739	harbor1	chr8	29979955	29980386	LINE/L2	831	-	216	29980171	88432
chr8	29983337	30183337	harbor1	chr8	30050218	30050483	LINE/L2	687	-	132	30050350	67013
chr8	23393297	23593297	harbor1	chr8	23424260	23424494	LINE/L2	735	-	117	23424377	31080
chr8	23393297	23593297	harbor1	chr8	23424499	23424724	LINE/L2	462	-	112	23424611	31314
chr8	65059279	65259279	harbor1	chr8	65140422	65140985	LINE/L2	758	-	282	65140704	81425
chr8	38169375	38369375	harbor1	chr8	38248423	38248555	LINE/L2	421	-	66	38248489	79114
chr8	17057584	17257584	harbor1	chr8	17065355	17065898	LINE/L2	832	-	272	17065627	8043
chr8	17057584	17257584	harbor1	chr8	17107034	17107567	LINE/L2	1056	-	266	17107300	49716
chr8	17057584	17257584	harbor1	chr8	17107761	17108327	LINE/L2	1056	-	283	17108044	50460
chr8	23382752	23582752	harbor1	chr8	23424260	23424494	LINE/L2	735	-	117	23424377	41625
chr8	23382752	23582752	harbor1	chr8	23424499	23424724	LINE/L2	462	-	112	23424611	41859
chr8	23398575	23598575	harbor1	chr8	23424260	23424494	LINE/L2	735	-	117	23424377	25802
chr8	23398575	23598575	harbor1	chr8	23424499	23424724	LINE/L2	462	-	112	23424611	26036
chr8	23382836	23582836	harbor1	chr8	23424260	23424494	LINE/L2	735	-	117	23424377	41541
chr8	23382836	23582836	harbor1	chr8	23424499	23424724	LINE/L2	462	-	112	23424611	41775
chr8	35278099	35478099	harbor1	chr8	35315874	35316143	LINE/L2	597	-	134	35316008	37909
chr8	38167968	38367968	harbor1	chr8	38248423	38248555	LINE/L2	421	-	66	38248489	80521
chr8	29983014	30183014	harbor1	chr8	30050218	30050483	LINE/L2	687	-	132	30050350	67336
chr8	8665131	8865131	harbor1	chr8	8675145	8675692	LINE/L2	1091	-	274	8675419	10288
chr8	8665131	8865131	harbor1	chr8	8675997	8676206	LINE/L2	1091	-	104	8676101	10970
chr8	102556522	102756522	harbor1	chr8	102646155	102646382	LINE/L2	602	-	114	102646269	89747
chr8	143960625	144160625	harbor1	chr8	144011999	144012361	LINE/L2	517	-	181	144012180	51555
chr8	143960625	144160625	harbor1	chr8	144017836	144018579	LINE/L2	795	-	372	144018208	57583
chr8	144006082	144206082	harbor1	chr8	144011999	144012361	LINE/L2	517	-	181	144012180	6098
chr8	144006082	144206082	harbor1	chr8	144017836	144018579	LINE/L2	795	-	372	144018208	12126
chr8	21682210	21882210	harbor1	chr8	21759910	21760915	LINE/L2	1455	-	502	21760412	78202
chr8	42040636	42240636	harbor1	chr8	42132385	42132496	LINE/L2	460	-	56	42132441	91805
chr8	96960816	97160816	harbor1	chr8	97016468	97016877	LINE/L2	517	-	204	97016672	55856
chr8	96960816	97160816	harbor1	chr8	97027845	97028091	LINE/L2	784	-	123	97027968	67152
chr8	96960816	97160816	harbor1	chr8	97030655	97031055	LINE/L2	448	-	200	97030855	70039
chr8	96960816	97160816	harbor1	chr8	97053185	97054115	LINE/L2	1563	-	465	97053650	92834
chr8	96960816	97160816	harbor1	chr8	97055501	97055721	LINE/L2	787	-	110	97055611	94795
chr8	96960816	97160816	harbor1	chr8	97056200	97056536	LINE/L2	1130	-	168	97056368	95552
chr8	23428962	23628962	harbor1	chr8	23515922	23516027	LINE/L2	453	-	52	23515974	87012
chr8	41443390	41643390	harbor1	chr8	41500056	41500593	LINE/L2	589	-	268	41500324	56934
chr8	41443390	41643390	harbor1	chr8	41500729	41500900	LINE/L2	589	-	86	41500815	57425
chr8	3258304	3458304	harbor1	chr8	3277251	3277843	LINE/L2	621	-	296	3277547	19243
chr8	3258304	3458304	harbor1	chr8	3296022	3297056	LINE/L2	886	-	517	3296539	38235
chr8	38169193	38369193	harbor1	chr8	38248423	38248555	LINE/L2	421	-	66	38248489	79296
chr8	29983347	30183347	harbor1	chr8	30050218	30050483	LINE/L2	687	-	132	30050350	67003
chr8	72661683	72861683	harbor1	chr8	72664640	72665409	LINE/L2	639	-	384	72665024	3341
chr8	72661683	72861683	harbor1	chr8	72739256	72739698	LINE/L2	759	-	221	72739477	77794
chr8	72661683	72861683	harbor1	chr8	72744387	72744863	LINE/L2	527	-	238	72744625	82942
chr8	72661683	72861683	harbor1	chr8	72756892	72757600	LINE/L2	866	-	354	72757246	95563
chr8	23428892	23628892	harbor1	chr8	23515922	23516027	LINE/L2	453	-	52	23515974	87082
chr8	66405141	66605141	harbor1	chr8	66437629	66438260	LINE/L2	551	-	316	66437945	32804
chr8	66405141	66605141	harbor1	chr8	66466532	66467382	LINE/L2	884	-	425	66466957	61816
chr8	66405141	66605141	harbor1	chr8	66436432	66437441	LINE/L2	1962	-	504	66436936	31795
chr8	23384163	23584163	harbor1	chr8	23424260	23424494	LINE/L2	735	-	117	23424377	40214
chr8	23384163	23584163	harbor1	chr8	23424499	23424724	LINE/L2	462	-	112	23424611	40448
chr8	58719745	58919745	harbor1	chr8	58771475	58771702	LINE/L2	562	-	114	58771589	51844
chr9	4663254	4863254	harbor1	chr9	4675599	4676069	LINE/L2	832	-	235	4675834	12580
chr9	4663254	4863254	harbor1	chr9	4677301	4677910	LINE/L2	1205	-	304	4677605	14351
chr9	4663254	4863254	harbor1	chr9	4748998	4749561	LINE/L2	1588	-	282	4749280	86026
chr9	4692931	4892931	harbor1	chr9	4748998	4749561	LINE/L2	1588	-	282	4749280	56349
chr9	4692160	4892160	harbor1	chr9	4748998	4749561	LINE/L2	1588	-	282	4749280	57120
chr9	4692665	4892665	harbor1	chr9	4748998	4749561	LINE/L2	1588	-	282	4749280	56615
chr9	4692207	4892207	harbor1	chr9	4748998	4749561	LINE/L2	1588	-	282	4749280	57073
chr9	4692981	4892981	harbor1	chr9	4748998	4749561	LINE/L2	1588	-	282	4749280	56299
chr9	4692827	4892827	harbor1	chr9	4748998	4749561	LINE/L2	1588	-	282	4749280	56453
chr9	4693009	4893009	harbor1	chr9	4748998	4749561	LINE/L2	1588	-	282	4749280	56271
chr9	4663492	4863492	harbor1	chr9	4675599	4676069	LINE/L2	832	-	235	4675834	12342
chr9	4663492	4863492	harbor1	chr9	4677301	4677910	LINE/L2	1205	-	304	4677605	14113
chr9	4663492	4863492	harbor1	chr9	4748998	4749561	LINE/L2	1588	-	282	4749280	85788
chr9	4692473	4892473	harbor1	chr9	4748998	4749561	LINE/L2	1588	-	282	4749280	56807
chr9	1955525	2155525	harbor1	chr9	1987520	1988363	LINE/L2	631	-	422	1987942	32417
chr9	1955525	2155525	harbor1	chr9	1992142	1992430	LINE/L2	671	-	144	1992286	36761
chr9	1955525	2155525	harbor1	chr9	2011230	2011462	LINE/L2	498	-	116	2011346	55821
chr9	4663979	4863979	harbor1	chr9	4675599	4676069	LINE/L2	832	-	235	4675834	11855
chr9	4663979	4863979	harbor1	chr9	4677301	4677910	LINE/L2	1205	-	304	4677605	13626
chr9	4663979	4863979	harbor1	chr9	4748998	4749561	LINE/L2	1588	-	282	4749280	85301
chr9	4692614	4892614	harbor1	chr9	4748998	4749561	LINE/L2	1588	-	282	4749280	56666
chr9	4692270	4892270	harbor1	chr9	4748998	4749561	LINE/L2	1588	-	282	4749280	57010
chr9	4669979	4869979	harbor1	chr9	4675599	4676069	LINE/L2	832	-	235	4675834	5855
chr9	4669979	4869979	harbor1	chr9	4677301	4677910	LINE/L2	1205	-	304	4677605	7626
chr9	4669979	4869979	harbor1	chr9	4748998	4749561	LINE/L2	1588	-	282	4749280	79301
chr9	4692437	4892437	harbor1	chr9	4748998	4749561	LINE/L2	1588	-	282	4749280	56843
chr9	4693668	4893668	harbor1	chr9	4748998	4749561	LINE/L2	1588	-	282	4749280	55612
chr9	130220946	130420946	harbor1	chr9	130311410	130311725	LINE/L2	610	-	158	130311568	90622
chr9	132382125	132582125	harbor1	chr9	132407091	132407370	LINE/L2	576	-	140	132407231	25106
chr9	132382125	132582125	harbor1	chr9	132477296	132477504	LINE/L2	677	-	104	132477400	95275
chr9	68605581	68805581	harbor1	chr9	68623434	68623986	LINE/L2	1091	-	276	68623710	18129
chr9	68605581	68805581	harbor1	chr9	68684251	68684667	LINE/L2	755	-	208	68684459	78878
chr9	4669278	4869278	harbor1	chr9	4675599	4676069	LINE/L2	832	-	235	4675834	6556
chr9	4669278	4869278	harbor1	chr9	4677301	4677910	LINE/L2	1205	-	304	4677605	8327
chr9	4669278	4869278	harbor1	chr9	4748998	4749561	LINE/L2	1588	-	282	4749280	80002
chr9	4703727	4903727	harbor1	chr9	4748998	4749561	LINE/L2	1588	-	282	4749280	45553
chr9	19130921	19330921	harbor1	chr9	19176969	19177147	LINE/L2	707	-	89	19177058	46137
chr9	4747782	4947782	harbor1	chr9	4748998	4749561	LINE/L2	1588	-	282	4749280	1498
chr9	4692442	4892442	harbor1	chr9	4748998	4749561	LINE/L2	1588	-	282	4749280	56838
chr9	4692263	4892263	harbor1	chr9	4748998	4749561	LINE/L2	1588	-	282	4749280	57017
chr9	4692767	4892767	harbor1	chr9	4748998	4749561	LINE/L2	1588	-	282	4749280	56513
chr9	68603685	68803685	harbor1	chr9	68623434	68623986	LINE/L2	1091	-	276	68623710	20025
chr9	68603685	68803685	harbor1	chr9	68684251	68684667	LINE/L2	755	-	208	68684459	80774
chr9	4663011	4863011	harbor1	chr9	4675599	4676069	LINE/L2	832	-	235	4675834	12823
chr9	4663011	4863011	harbor1	chr9	4677301	4677910	LINE/L2	1205	-	304	4677605	14594
chr9	4663011	4863011	harbor1	chr9	4748998	4749561	LINE/L2	1588	-	282	4749280	86269
chr9	4704642	4904642	harbor1	chr9	4748998	4749561	LINE/L2	1588	-	282	4749280	44638
chr9	95414535	95614535	harbor1	chr9	95436850	95437073	LINE/L2	1105	-	112	95436962	22427
chr9	95414535	95614535	harbor1	chr9	95437355	95437553	LINE/L2	1105	-	99	95437454	22919
chr9	95414535	95614535	harbor1	chr9	95488587	95488980	LINE/L2	540	-	196	95488783	74248
chr9	35657186	35857186	harbor1	chr9	35666972	35666991	LINE/L2	858	-	10	35666982	9796
chr9	35657186	35857186	harbor1	chr9	35667326	35667788	LINE/L2	779	-	231	35667557	10371
chr9	35657186	35857186	harbor1	chr9	35668154	35668704	LINE/L2	1026	-	275	35668429	11243
chr9	35657186	35857186	harbor1	chr9	35700844	35701303	LINE/L2	822	-	230	35701074	43888
chr9	35657186	35857186	harbor1	chr9	35701571	35702008	LINE/L2	822	-	218	35701789	44603
chr9	4698312	4898312	harbor1	chr9	4748998	4749561	LINE/L2	1588	-	282	4749280	50968
chr9	111796999	111996999	harbor1	chr9	111849957	111850468	LINE/L2	645	-	256	111850213	53214
chr9	4663450	4863450	harbor1	chr9	4675599	4676069	LINE/L2	832	-	235	4675834	12384
chr9	4663450	4863450	harbor1	chr9	4677301	4677910	LINE/L2	1205	-	304	4677605	14155
chr9	4663450	4863450	harbor1	chr9	4748998	4749561	LINE/L2	1588	-	282	4749280	85830
chr9	126299438	126499438	harbor1	chr9	126311916	126312417	LINE/L2	577	-	250	126312166	12728
chr9	126299438	126499438	harbor1	chr9	126314789	126315097	LINE/L2	1123	-	154	126314943	15505
chr9	126299438	126499438	harbor1	chr9	126344141	126344308	LINE/L2	527	-	84	126344225	44787
chr9	3230875	3430875	harbor1	chr9	3252220	3252739	LINE/L2	931	-	260	3252480	21605
chr9	3230875	3430875	harbor1	chr9	3298474	3298586	LINE/L2	710	-	56	3298530	67655
chr9	4739858	4939858	harbor1	chr9	4748998	4749561	LINE/L2	1588	-	282	4749280	9422
chr9	4663900	4863900	harbor1	chr9	4675599	4676069	LINE/L2	832	-	235	4675834	11934
chr9	4663900	4863900	harbor1	chr9	4677301	4677910	LINE/L2	1205	-	304	4677605	13705
chr9	4663900	4863900	harbor1	chr9	4748998	4749561	LINE/L2	1588	-	282	4749280	85380
chr9	83716782	83916782	harbor1	chr9	83754496	83755083	LINE/L2	937	-	294	83754790	38008
chr9	4692956	4892956	harbor1	chr9	4748998	4749561	LINE/L2	1588	-	282	4749280	56324
chr9	4694138	4894138	harbor1	chr9	4748998	4749561	LINE/L2	1588	-	282	4749280	55142
chr9	4692434	4892434	harbor1	chr9	4748998	4749561	LINE/L2	1588	-	282	4749280	56846
chr9	4663906	4863906	harbor1	chr9	4675599	4676069	LINE/L2	832	-	235	4675834	11928
chr9	4663906	4863906	harbor1	chr9	4677301	4677910	LINE/L2	1205	-	304	4677605	13699
chr9	4663906	4863906	harbor1	chr9	4748998	4749561	LINE/L2	1588	-	282	4749280	85374
chr9	1	114163	harbor1	chr9	96373	96749	LINE/L2	1007	-	188	96561	96560
chr9	4663278	4863278	harbor1	chr9	4675599	4676069	LINE/L2	832	-	235	4675834	12556
chr9	4663278	4863278	harbor1	chr9	4677301	4677910	LINE/L2	1205	-	304	4677605	14327
chr9	4663278	4863278	harbor1	chr9	4748998	4749561	LINE/L2	1588	-	282	4749280	86002
chr9	35598598	35798598	harbor1	chr9	35614268	35614419	LINE/L2	501	-	76	35614344	15746
chr9	35598598	35798598	harbor1	chr9	35666972	35666991	LINE/L2	858	-	10	35666982	68384
chr9	35598598	35798598	harbor1	chr9	35667326	35667788	LINE/L2	779	-	231	35667557	68959
chr9	35598598	35798598	harbor1	chr9	35668154	35668704	LINE/L2	1026	-	275	35668429	69831
chr9	1915302	2115302	harbor1	chr9	1987520	1988363	LINE/L2	631	-	422	1987942	72640
chr9	1915302	2115302	harbor1	chr9	1992142	1992430	LINE/L2	671	-	144	1992286	76984
chr9	1915302	2115302	harbor1	chr9	2011230	2011462	LINE/L2	498	-	116	2011346	96044
chr9	4692945	4892945	harbor1	chr9	4748998	4749561	LINE/L2	1588	-	282	4749280	56335
chr9	4663875	4863875	harbor1	chr9	4675599	4676069	LINE/L2	832	-	235	4675834	11959
chr9	4663875	4863875	harbor1	chr9	4677301	4677910	LINE/L2	1205	-	304	4677605	13730
chr9	4663875	4863875	harbor1	chr9	4748998	4749561	LINE/L2	1588	-	282	4749280	85405
chr9	1987488	2187488	harbor1	chr9	1987520	1988363	LINE/L2	631	-	422	1987942	454
chr9	1987488	2187488	harbor1	chr9	1992142	1992430	LINE/L2	671	-	144	1992286	4798
chr9	1987488	2187488	harbor1	chr9	2011230	2011462	LINE/L2	498	-	116	2011346	23858
chr9	1987488	2187488	harbor1	chr9	2067296	2067404	LINE/L2	554	-	54	2067350	79862
chr9	4692940	4892940	harbor1	chr9	4748998	4749561	LINE/L2	1588	-	282	4749280	56340
chr9	134036206	134236206	harbor1	chr9	134073635	134073786	LINE/L2	504	-	76	134073711	37505
chr9	4669568	4869568	harbor1	chr9	4675599	4676069	LINE/L2	832	-	235	4675834	6266
chr9	4669568	4869568	harbor1	chr9	4677301	4677910	LINE/L2	1205	-	304	4677605	8037
chr9	4669568	4869568	harbor1	chr9	4748998	4749561	LINE/L2	1588	-	282	4749280	79712
chr9	4692448	4892448	harbor1	chr9	4748998	4749561	LINE/L2	1588	-	282	4749280	56832
chr9	21875478	22075478	harbor1	chr9	21910170	21910646	LINE/L2	703	-	238	21910408	34930
chr9	21875478	22075478	harbor1	chr9	21916910	21917496	LINE/L2	2079	-	293	21917203	41725
chr9	21875478	22075478	harbor1	chr9	21919020	21919192	LINE/L2	529	-	86	21919106	43628
chr9	21875478	22075478	harbor1	chr9	21919496	21919836	LINE/L2	768	-	170	21919666	44188
chr9	21875478	22075478	harbor1	chr9	21943034	21943423	LINE/L2	499	-	194	21943228	67750
chr9	4692452	4892452	harbor1	chr9	4748998	4749561	LINE/L2	1588	-	282	4749280	56828
chr9	134035557	134235557	harbor1	chr9	134073635	134073786	LINE/L2	504	-	76	134073711	38154
chr9	4692258	4892258	harbor1	chr9	4748998	4749561	LINE/L2	1588	-	282	4749280	57022
chr9	4747506	4947506	harbor1	chr9	4748998	4749561	LINE/L2	1588	-	282	4749280	1774
chr9	35656433	35856433	harbor1	chr9	35666972	35666991	LINE/L2	858	-	10	35666982	10549
chr9	35656433	35856433	harbor1	chr9	35667326	35667788	LINE/L2	779	-	231	35667557	11124
chr9	35656433	35856433	harbor1	chr9	35668154	35668704	LINE/L2	1026	-	275	35668429	11996
chr9	35656433	35856433	harbor1	chr9	35700844	35701303	LINE/L2	822	-	230	35701074	44641
chr9	35656433	35856433	harbor1	chr9	35701571	35702008	LINE/L2	822	-	218	35701789	45356
chr9	35580921	35780921	harbor1	chr9	35595718	35596031	LINE/L2	1922	-	156	35595874	14953
chr9	35580921	35780921	harbor1	chr9	35596343	35596420	LINE/L2	1922	-	38	35596381	15460
chr9	35580921	35780921	harbor1	chr9	35596721	35596779	LINE/L2	1922	-	29	35596750	15829
chr9	35580921	35780921	harbor1	chr9	35597094	35597195	LINE/L2	1922	-	50	35597144	16223
chr9	35580921	35780921	harbor1	chr9	35614268	35614419	LINE/L2	501	-	76	35614344	33423
chr9	35580921	35780921	harbor1	chr9	35666972	35666991	LINE/L2	858	-	10	35666982	86061
chr9	35580921	35780921	harbor1	chr9	35667326	35667788	LINE/L2	779	-	231	35667557	86636
chr9	35580921	35780921	harbor1	chr9	35668154	35668704	LINE/L2	1026	-	275	35668429	87508
chr9	1955526	2155526	harbor1	chr9	1987520	1988363	LINE/L2	631	-	422	1987942	32416
chr9	1955526	2155526	harbor1	chr9	1992142	1992430	LINE/L2	671	-	144	1992286	36760
chr9	1955526	2155526	harbor1	chr9	2011230	2011462	LINE/L2	498	-	116	2011346	55820
chr9	4692158	4892158	harbor1	chr9	4748998	4749561	LINE/L2	1588	-	282	4749280	57122
chr9	134035364	134235364	harbor1	chr9	134073635	134073786	LINE/L2	504	-	76	134073711	38347
chr9	4669265	4869265	harbor1	chr9	4675599	4676069	LINE/L2	832	-	235	4675834	6569
chr9	4669265	4869265	harbor1	chr9	4677301	4677910	LINE/L2	1205	-	304	4677605	8340
chr9	4669265	4869265	harbor1	chr9	4748998	4749561	LINE/L2	1588	-	282	4749280	80015
chr9	97885114	98085114	harbor1	chr9	97940960	97941732	LINE/L2	1211	-	386	97941346	56232
chr9	4748106	4948106	harbor1	chr9	4748998	4749561	LINE/L2	1588	-	282	4749280	1174
chr9	83553396	83753396	harbor1	chr9	83570122	83570343	LINE/L2	673	-	110	83570232	16836
chr9	83553396	83753396	harbor1	chr9	83570485	83570960	LINE/L2	2181	-	238	83570723	17327
chr9	83553396	83753396	harbor1	chr9	83571418	83571622	LINE/L2	2181	-	102	83571520	18124
chr9	83553396	83753396	harbor1	chr9	83571770	83571891	LINE/L2	2308	-	60	83571830	18434
chr9	83553396	83753396	harbor1	chr9	83572078	83572148	LINE/L2	2308	-	35	83572113	18717
chr9	83553396	83753396	harbor1	chr9	83572174	83572811	LINE/L2	2308	-	318	83572492	19096
chr9	83553396	83753396	harbor1	chr9	83601603	83602314	LINE/L2	640	-	356	83601959	48563
chr9	83553396	83753396	harbor1	chr9	83624370	83624701	LINE/L2	976	-	166	83624536	71140
chr9	83553396	83753396	harbor1	chr9	83625014	83625547	LINE/L2	1381	-	266	83625280	71884
chr9	4692312	4892312	harbor1	chr9	4748998	4749561	LINE/L2	1588	-	282	4749280	56968
chr9	4692909	4892909	harbor1	chr9	4748998	4749561	LINE/L2	1588	-	282	4749280	56371
chr9	4663127	4863127	harbor1	chr9	4675599	4676069	LINE/L2	832	-	235	4675834	12707
chr9	4663127	4863127	harbor1	chr9	4677301	4677910	LINE/L2	1205	-	304	4677605	14478
chr9	4663127	4863127	harbor1	chr9	4748998	4749561	LINE/L2	1588	-	282	4749280	86153
chr9	94048912	94248912	harbor1	chr9	94054009	94054275	LINE/L2	879	-	133	94054142	5230
chr9	68605563	68805563	harbor1	chr9	68623434	68623986	LINE/L2	1091	-	276	68623710	18147
chr9	68605563	68805563	harbor1	chr9	68684251	68684667	LINE/L2	755	-	208	68684459	78896
chr9	4692971	4892971	harbor1	chr9	4748998	4749561	LINE/L2	1588	-	282	4749280	56309
chr9	132966900	133166900	harbor1	chr9	132974146	132974315	LINE/L2	604	-	84	132974230	7330
chr9	132966900	133166900	harbor1	chr9	132974624	132974856	LINE/L2	604	-	116	132974740	7840
chr9	132966900	133166900	harbor1	chr9	133027445	133027762	LINE/L2	662	-	158	133027603	60703
chr9	112387221	112587221	harbor1	chr9	112429529	112429809	LINE/L2	896	-	140	112429669	42448
chr9	112387221	112587221	harbor1	chr9	112430106	112430122	LINE/L2	2683	-	8	112430114	42893
chr9	112387221	112587221	harbor1	chr9	112430160	112430770	LINE/L2	2683	-	305	112430465	43244
chr9	112387221	112587221	harbor1	chr9	112431084	112431490	LINE/L2	2683	-	203	112431287	44066
chr9	112387221	112587221	harbor1	chr9	112432222	112432275	LINE/L2	2683	-	26	112432248	45027
chr9	4692946	4892946	harbor1	chr9	4748998	4749561	LINE/L2	1588	-	282	4749280	56334
chr9	4663649	4863649	harbor1	chr9	4675599	4676069	LINE/L2	832	-	235	4675834	12185
chr9	4663649	4863649	harbor1	chr9	4677301	4677910	LINE/L2	1205	-	304	4677605	13956
chr9	4663649	4863649	harbor1	chr9	4748998	4749561	LINE/L2	1588	-	282	4749280	85631
chr9	35691958	35891958	harbor1	chr9	35700844	35701303	LINE/L2	822	-	230	35701074	9116
chr9	35691958	35891958	harbor1	chr9	35701571	35702008	LINE/L2	822	-	218	35701789	9831
chr9	35691958	35891958	harbor1	chr9	35769386	35770492	LINE/L2	1001	-	553	35769939	77981
chr9	35691958	35891958	harbor1	chr9	35770540	35770682	LINE/L2	1001	-	71	35770611	78653
chr9	4663080	4863080	harbor1	chr9	4675599	4676069	LINE/L2	832	-	235	4675834	12754
chr9	4663080	4863080	harbor1	chr9	4677301	4677910	LINE/L2	1205	-	304	4677605	14525
chr9	4663080	4863080	harbor1	chr9	4748998	4749561	LINE/L2	1588	-	282	4749280	86200
chr9	126245605	126445605	harbor1	chr9	126276889	126277239	LINE/L2	595	-	175	126277064	31459
chr9	126245605	126445605	harbor1	chr9	126280390	126280855	LINE/L2	529	-	232	126280622	35017
chr9	126245605	126445605	harbor1	chr9	126311916	126312417	LINE/L2	577	-	250	126312166	66561
chr9	126245605	126445605	harbor1	chr9	126314789	126315097	LINE/L2	1123	-	154	126314943	69338
chr9	126245605	126445605	harbor1	chr9	126344141	126344308	LINE/L2	527	-	84	126344225	98620
chr9	68605579	68805579	harbor1	chr9	68623434	68623986	LINE/L2	1091	-	276	68623710	18131
chr9	68605579	68805579	harbor1	chr9	68684251	68684667	LINE/L2	755	-	208	68684459	78880
chr9	6658046	6858046	harbor1	chr9	6700015	6700264	LINE/L2	945	-	124	6700139	42093
chr9	6658046	6858046	harbor1	chr9	6700586	6700798	LINE/L2	945	-	106	6700692	42646
chr9	6658046	6858046	harbor1	chr9	6701282	6701775	LINE/L2	2323	-	246	6701528	43482
chr9	6658046	6858046	harbor1	chr9	6702087	6702354	LINE/L2	2323	-	134	6702221	44175
chr9	35656293	35856293	harbor1	chr9	35666972	35666991	LINE/L2	858	-	10	35666982	10689
chr9	35656293	35856293	harbor1	chr9	35667326	35667788	LINE/L2	779	-	231	35667557	11264
chr9	35656293	35856293	harbor1	chr9	35668154	35668704	LINE/L2	1026	-	275	35668429	12136
chr9	35656293	35856293	harbor1	chr9	35700844	35701303	LINE/L2	822	-	230	35701074	44781
chr9	35656293	35856293	harbor1	chr9	35701571	35702008	LINE/L2	822	-	218	35701789	45496
chr9	4669986	4869986	harbor1	chr9	4675599	4676069	LINE/L2	832	-	235	4675834	5848
chr9	4669986	4869986	harbor1	chr9	4677301	4677910	LINE/L2	1205	-	304	4677605	7619
chr9	4669986	4869986	harbor1	chr9	4748998	4749561	LINE/L2	1588	-	282	4749280	79294
chr9	4692882	4892882	harbor1	chr9	4748998	4749561	LINE/L2	1588	-	282	4749280	56398
chr9	134036095	134236095	harbor1	chr9	134073635	134073786	LINE/L2	504	-	76	134073711	37616
chr9	4722331	4922331	harbor1	chr9	4748998	4749561	LINE/L2	1588	-	282	4749280	26949
chr9	4663076	4863076	harbor1	chr9	4675599	4676069	LINE/L2	832	-	235	4675834	12758
chr9	4663076	4863076	harbor1	chr9	4677301	4677910	LINE/L2	1205	-	304	4677605	14529
chr9	4663076	4863076	harbor1	chr9	4748998	4749561	LINE/L2	1588	-	282	4749280	86204
chr9	97533584	97733584	harbor1	chr9	97534648	97535092	LINE/L2	505	-	222	97534870	1286
chr9	97533584	97733584	harbor1	chr9	97568227	97568673	LINE/L2	557	-	223	97568450	34866
chr9	97533584	97733584	harbor1	chr9	97614390	97614747	LINE/L2	690	-	178	97614568	80984
chr9	97533584	97733584	harbor1	chr9	97615886	97616613	LINE/L2	796	-	364	97616250	82666
chr9	97533584	97733584	harbor1	chr9	97616956	97617312	LINE/L2	681	-	178	97617134	83550
chr9	97533584	97733584	harbor1	chr9	97627741	97628081	LINE/L2	885	-	170	97627911	94327
chr9	97533584	97733584	harbor1	chr9	97632141	97632333	LINE/L2	521	-	96	97632237	98653
chr9	35692023	35892023	harbor1	chr9	35700844	35701303	LINE/L2	822	-	230	35701074	9051
chr9	35692023	35892023	harbor1	chr9	35701571	35702008	LINE/L2	822	-	218	35701789	9766
chr9	35692023	35892023	harbor1	chr9	35769386	35770492	LINE/L2	1001	-	553	35769939	77916
chr9	35692023	35892023	harbor1	chr9	35770540	35770682	LINE/L2	1001	-	71	35770611	78588
chr9	4663656	4863656	harbor1	chr9	4675599	4676069	LINE/L2	832	-	235	4675834	12178
chr9	4663656	4863656	harbor1	chr9	4677301	4677910	LINE/L2	1205	-	304	4677605	13949
chr9	4663656	4863656	harbor1	chr9	4748998	4749561	LINE/L2	1588	-	282	4749280	85624
chr9	19130894	19330894	harbor1	chr9	19176969	19177147	LINE/L2	707	-	89	19177058	46164
chr9	418608	618608	harbor1	chr9	490720	490958	LINE/L2	1027	-	119	490839	72231
chr9	418608	618608	harbor1	chr9	491257	491270	LINE/L2	1027	-	6	491263	72655
chr9	418608	618608	harbor1	chr9	491567	491704	LINE/L2	1027	-	68	491635	73027
chr9	418608	618608	harbor1	chr9	492074	492166	LINE/L2	1027	-	46	492120	73512
chr9	114075621	114275621	harbor1	chr9	114075546	114076529	LINE/L2	889	-	492	114076038	417
chr9	114075621	114275621	harbor1	chr9	114101712	114102196	LINE/L2	1523	-	242	114101954	26333
chr9	114075621	114275621	harbor1	chr9	114102502	114102552	LINE/L2	527	-	25	114102527	26906
chr9	35692027	35892027	harbor1	chr9	35700844	35701303	LINE/L2	822	-	230	35701074	9047
chr9	35692027	35892027	harbor1	chr9	35701571	35702008	LINE/L2	822	-	218	35701789	9762
chr9	35692027	35892027	harbor1	chr9	35769386	35770492	LINE/L2	1001	-	553	35769939	77912
chr9	35692027	35892027	harbor1	chr9	35770540	35770682	LINE/L2	1001	-	71	35770611	78584
chr9	35654956	35854956	harbor1	chr9	35666972	35666991	LINE/L2	858	-	10	35666982	12026
chr9	35654956	35854956	harbor1	chr9	35667326	35667788	LINE/L2	779	-	231	35667557	12601
chr9	35654956	35854956	harbor1	chr9	35668154	35668704	LINE/L2	1026	-	275	35668429	13473
chr9	35654956	35854956	harbor1	chr9	35700844	35701303	LINE/L2	822	-	230	35701074	46118
chr9	35654956	35854956	harbor1	chr9	35701571	35702008	LINE/L2	822	-	218	35701789	46833
chr9	79473211	79673211	harbor1	chr9	79523333	79523560	LINE/L2	568	-	114	79523447	50236
chr9	4669933	4869933	harbor1	chr9	4675599	4676069	LINE/L2	832	-	235	4675834	5901
chr9	4669933	4869933	harbor1	chr9	4677301	4677910	LINE/L2	1205	-	304	4677605	7672
chr9	4669933	4869933	harbor1	chr9	4748998	4749561	LINE/L2	1588	-	282	4749280	79347
chr9	124761747	124961747	harbor1	chr9	124783701	124784151	LINE/L2	815	-	225	124783926	22179
chr9	124761747	124961747	harbor1	chr9	124808496	124808824	LINE/L2	644	-	164	124808660	46913
chr9	124761747	124961747	harbor1	chr9	124809243	124809532	LINE/L2	598	-	144	124809387	47640
chr9	76918823	77118823	harbor1	chr9	76957944	76958587	LINE/L2	499	-	322	76958266	39443
chr9	76918823	77118823	harbor1	chr9	76964439	76964818	LINE/L2	774	-	190	76964629	45806
chr9	4663097	4863097	harbor1	chr9	4675599	4676069	LINE/L2	832	-	235	4675834	12737
chr9	4663097	4863097	harbor1	chr9	4677301	4677910	LINE/L2	1205	-	304	4677605	14508
chr9	4663097	4863097	harbor1	chr9	4748998	4749561	LINE/L2	1588	-	282	4749280	86183
chr9	68605569	68805569	harbor1	chr9	68623434	68623986	LINE/L2	1091	-	276	68623710	18141
chr9	68605569	68805569	harbor1	chr9	68684251	68684667	LINE/L2	755	-	208	68684459	78890
chr9	97885166	98085166	harbor1	chr9	97940960	97941732	LINE/L2	1211	-	386	97941346	56180
chr9	111561650	111761650	harbor1	chr9	111566673	111566890	LINE/L2	666	-	108	111566781	5131
chr9	111561650	111761650	harbor1	chr9	111567500	111567793	LINE/L2	571	-	146	111567646	5996
chr9	111561650	111761650	harbor1	chr9	111568840	111569495	LINE/L2	2640	-	328	111569168	7518
chr9	111561650	111761650	harbor1	chr9	111569761	111570075	LINE/L2	2640	-	157	111569918	8268
chr9	4668976	4868976	harbor1	chr9	4675599	4676069	LINE/L2	832	-	235	4675834	6858
chr9	4668976	4868976	harbor1	chr9	4677301	4677910	LINE/L2	1205	-	304	4677605	8629
chr9	4668976	4868976	harbor1	chr9	4748998	4749561	LINE/L2	1588	-	282	4749280	80304
chr9	4692784	4892784	harbor1	chr9	4748998	4749561	LINE/L2	1588	-	282	4749280	56496
chr9	4662994	4862994	harbor1	chr9	4675599	4676069	LINE/L2	832	-	235	4675834	12840
chr9	4662994	4862994	harbor1	chr9	4677301	4677910	LINE/L2	1205	-	304	4677605	14611
chr9	4662994	4862994	harbor1	chr9	4748998	4749561	LINE/L2	1588	-	282	4749280	86286
chr9	111383307	111583307	harbor1	chr9	111388484	111389156	LINE/L2	1044	-	336	111388820	5513
chr9	111383307	111583307	harbor1	chr9	111456894	111457796	LINE/L2	756	-	451	111457345	74038
chr9	4692921	4892921	harbor1	chr9	4748998	4749561	LINE/L2	1588	-	282	4749280	56359
chr9	112387266	112587266	harbor1	chr9	112429529	112429809	LINE/L2	896	-	140	112429669	42403
chr9	112387266	112587266	harbor1	chr9	112430106	112430122	LINE/L2	2683	-	8	112430114	42848
chr9	112387266	112587266	harbor1	chr9	112430160	112430770	LINE/L2	2683	-	305	112430465	43199
chr9	112387266	112587266	harbor1	chr9	112431084	112431490	LINE/L2	2683	-	203	112431287	44021
chr9	112387266	112587266	harbor1	chr9	112432222	112432275	LINE/L2	2683	-	26	112432248	44982
chr9	2521362	2721362	harbor1	chr9	2574272	2574617	LINE/L2	525	-	172	2574444	53082
chr9	4692190	4892190	harbor1	chr9	4748998	4749561	LINE/L2	1588	-	282	4749280	57090
chr9	112387344	112587344	harbor1	chr9	112429529	112429809	LINE/L2	896	-	140	112429669	42325
chr9	112387344	112587344	harbor1	chr9	112430106	112430122	LINE/L2	2683	-	8	112430114	42770
chr9	112387344	112587344	harbor1	chr9	112430160	112430770	LINE/L2	2683	-	305	112430465	43121
chr9	112387344	112587344	harbor1	chr9	112431084	112431490	LINE/L2	2683	-	203	112431287	43943
chr9	112387344	112587344	harbor1	chr9	112432222	112432275	LINE/L2	2683	-	26	112432248	44904
chr9	4658000	4858000	harbor1	chr9	4675599	4676069	LINE/L2	832	-	235	4675834	17834
chr9	4658000	4858000	harbor1	chr9	4677301	4677910	LINE/L2	1205	-	304	4677605	19605
chr9	4658000	4858000	harbor1	chr9	4748998	4749561	LINE/L2	1588	-	282	4749280	91280
chr9	6658192	6858192	harbor1	chr9	6700015	6700264	LINE/L2	945	-	124	6700139	41947
chr9	6658192	6858192	harbor1	chr9	6700586	6700798	LINE/L2	945	-	106	6700692	42500
chr9	6658192	6858192	harbor1	chr9	6701282	6701775	LINE/L2	2323	-	246	6701528	43336
chr9	6658192	6858192	harbor1	chr9	6702087	6702354	LINE/L2	2323	-	134	6702221	44029
chr9	1	129273	harbor1	chr9	96373	96749	LINE/L2	1007	-	188	96561	96560
chr9	135905941	136105941	harbor1	chr9	135908717	135909121	LINE/L2	533	-	202	135908919	2978
chr9	4692910	4892910	harbor1	chr9	4748998	4749561	LINE/L2	1588	-	282	4749280	56370
chr9	4663850	4863850	harbor1	chr9	4675599	4676069	LINE/L2	832	-	235	4675834	11984
chr9	4663850	4863850	harbor1	chr9	4677301	4677910	LINE/L2	1205	-	304	4677605	13755
chr9	4663850	4863850	harbor1	chr9	4748998	4749561	LINE/L2	1588	-	282	4749280	85430
chr9	4669263	4869263	harbor1	chr9	4675599	4676069	LINE/L2	832	-	235	4675834	6571
chr9	4669263	4869263	harbor1	chr9	4677301	4677910	LINE/L2	1205	-	304	4677605	8342
chr9	4669263	4869263	harbor1	chr9	4748998	4749561	LINE/L2	1588	-	282	4749280	80017
chr9	4597199	4797199	harbor1	chr9	4675599	4676069	LINE/L2	832	-	235	4675834	78635
chr9	4597199	4797199	harbor1	chr9	4677301	4677910	LINE/L2	1205	-	304	4677605	80406
chr9	35654325	35854325	harbor1	chr9	35666972	35666991	LINE/L2	858	-	10	35666982	12657
chr9	35654325	35854325	harbor1	chr9	35667326	35667788	LINE/L2	779	-	231	35667557	13232
chr9	35654325	35854325	harbor1	chr9	35668154	35668704	LINE/L2	1026	-	275	35668429	14104
chr9	35654325	35854325	harbor1	chr9	35700844	35701303	LINE/L2	822	-	230	35701074	46749
chr9	35654325	35854325	harbor1	chr9	35701571	35702008	LINE/L2	822	-	218	35701789	47464
chr9	61551186	61751186	harbor1	chr9	61630262	61630494	LINE/L2	608	-	116	61630378	79192
chr9	61551186	61751186	harbor1	chr9	61630871	61630969	LINE/L2	608	-	49	61630920	79734
chr9	61551186	61751186	harbor1	chr9	61636907	61637036	LINE/L2	493	-	64	61636971	85785
chr9	61551186	61751186	harbor1	chr9	61637054	61637243	LINE/L2	608	-	94	61637148	85962
chr9	4692901	4892901	harbor1	chr9	4748998	4749561	LINE/L2	1588	-	282	4749280	56379
chr9	97885101	98085101	harbor1	chr9	97940960	97941732	LINE/L2	1211	-	386	97941346	56245
chr9	4692868	4892868	harbor1	chr9	4748998	4749561	LINE/L2	1588	-	282	4749280	56412
chr9	4692205	4892205	harbor1	chr9	4748998	4749561	LINE/L2	1588	-	282	4749280	57075
chr9	83717816	83917816	harbor1	chr9	83754496	83755083	LINE/L2	937	-	294	83754790	36974
chr9	4692961	4892961	harbor1	chr9	4748998	4749561	LINE/L2	1588	-	282	4749280	56319
chr9	4692661	4892661	harbor1	chr9	4748998	4749561	LINE/L2	1588	-	282	4749280	56619
chr10	70441215	70641215	harbor1	chr10	70463526	70463959	LINE/L2	930	-	216	70463742	22527
chr10	78865729	79065729	harbor1	chr10	78877827	78877952	LINE/L2	447	-	62	78877889	12160
chr10	97399009	97599009	harbor1	chr10	97412809	97413206	LINE/L2	533	-	198	97413007	13998
chr10	97398813	97598813	harbor1	chr10	97412809	97413206	LINE/L2	533	-	198	97413007	14194
chr10	49511878	49711878	harbor1	chr10	49555361	49555887	LINE/L2	577	-	263	49555624	43746
chr10	49511878	49711878	harbor1	chr10	49573735	49574208	LINE/L2	730	-	236	49573971	62093
chr10	49511878	49711878	harbor1	chr10	49589202	49589444	LINE/L2	607	-	121	49589323	77445
chr10	49511878	49711878	harbor1	chr10	49597765	49598093	LINE/L2	441	-	164	49597929	86051
chr10	14778677	14978677	harbor1	chr10	14799774	14800522	LINE/L2	1286	-	374	14800148	21471
chr10	14778677	14978677	harbor1	chr10	14831934	14832839	LINE/L2	1894	-	452	14832386	53709
chr10	14778677	14978677	harbor1	chr10	14833159	14833192	LINE/L2	2090	-	16	14833175	54498
chr10	14778677	14978677	harbor1	chr10	14833603	14833934	LINE/L2	951	-	166	14833769	55092
chr10	14778677	14978677	harbor1	chr10	14876840	14877141	LINE/L2	670	-	150	14876990	98313
chr10	14778677	14978677	harbor1	chr10	14860251	14861251	LINE/L2	1163	-	500	14860751	82074
chr10	6442674	6642674	harbor1	chr10	6526282	6527158	LINE/L2	491	-	438	6526720	84046
chr10	69458832	69658832	harbor1	chr10	69459247	69459721	LINE/L2	681	-	237	69459484	652
chr10	69458832	69658832	harbor1	chr10	69481935	69482359	LINE/L2	1016	-	212	69482147	23315
chr10	69458832	69658832	harbor1	chr10	69485228	69485957	LINE/L2	732	-	364	69485592	26760
chr10	69458832	69658832	harbor1	chr10	69499558	69499950	LINE/L2	683	-	196	69499754	40922
chr10	69458832	69658832	harbor1	chr10	69500903	69501335	LINE/L2	1194	-	216	69501119	42287
chr10	13709746	13909746	harbor1	chr10	13720463	13720781	LINE/L2	622	-	159	13720622	10876
chr10	92188891	92388891	harbor1	chr10	92267375	92267702	LINE/L2	632	-	164	92267539	78648
chr10	92188891	92388891	harbor1	chr10	92272590	92272717	LINE/L2	562	-	64	92272654	83763
chr10	100897233	101097233	harbor1	chr10	100932594	100932692	LINE/L2	656	-	49	100932643	35410
chr10	100897233	101097233	harbor1	chr10	100932722	100932891	LINE/L2	656	-	84	100932806	35573
chr10	100897233	101097233	harbor1	chr10	100945699	100946015	LINE/L2	854	-	158	100945857	48624
chr10	100897233	101097233	harbor1	chr10	100982281	100982510	LINE/L2	690	-	114	100982395	85162
chr10	100897233	101097233	harbor1	chr10	100982815	100983143	LINE/L2	690	-	164	100982979	85746
chr10	100897233	101097233	harbor1	chr10	100993676	100994070	LINE/L2	854	-	197	100993873	96640
chr10	100086018	100286018	harbor1	chr10	100128230	100128457	LINE/L2	499	-	114	100128344	42326
chr10	100086018	100286018	harbor1	chr10	100128756	100129099	LINE/L2	499	-	172	100128928	42910
chr10	100086018	100286018	harbor1	chr10	100170484	100170832	LINE/L2	632	-	174	100170658	84640
chr10	97398947	97598947	harbor1	chr10	97412809	97413206	LINE/L2	533	-	198	97413007	14060
chr10	14778710	14978710	harbor1	chr10	14799774	14800522	LINE/L2	1286	-	374	14800148	21438
chr10	14778710	14978710	harbor1	chr10	14831934	14832839	LINE/L2	1894	-	452	14832386	53676
chr10	14778710	14978710	harbor1	chr10	14833159	14833192	LINE/L2	2090	-	16	14833175	54465
chr10	14778710	14978710	harbor1	chr10	14833603	14833934	LINE/L2	951	-	166	14833769	55059
chr10	14778710	14978710	harbor1	chr10	14876840	14877141	LINE/L2	670	-	150	14876990	98280
chr10	14778710	14978710	harbor1	chr10	14860251	14861251	LINE/L2	1163	-	500	14860751	82041
chr10	113669309	113869309	harbor1	chr10	113714287	113714414	LINE/L2	490	-	64	113714351	45042
chr10	113669309	113869309	harbor1	chr10	113739491	113739881	LINE/L2	881	-	195	113739686	70377
chr10	113669309	113869309	harbor1	chr10	113740497	113740827	LINE/L2	784	-	165	113740662	71353
chr10	113669309	113869309	harbor1	chr10	113740916	113740983	LINE/L2	784	-	34	113740950	71641
chr10	113669309	113869309	harbor1	chr10	113747504	113747899	LINE/L2	550	-	198	113747702	78393
chr10	75111057	75311057	harbor1	chr10	75154358	75154888	LINE/L2	1716	-	265	75154623	43566
chr10	75111057	75311057	harbor1	chr10	75155188	75155406	LINE/L2	1716	-	109	75155297	44240
chr10	75111057	75311057	harbor1	chr10	75157289	75157877	LINE/L2	1333	-	294	75157583	46526
chr10	75111057	75311057	harbor1	chr10	75158181	75158219	LINE/L2	1333	-	19	75158200	47143
chr10	75111057	75311057	harbor1	chr10	75185720	75185849	LINE/L2	537	-	64	75185784	74727
chr10	75111057	75311057	harbor1	chr10	75186688	75186939	LINE/L2	557	-	126	75186814	75757
chr10	75111057	75311057	harbor1	chr10	75187239	75187373	LINE/L2	557	-	67	75187306	76249
chr10	14673058	14873058	harbor1	chr10	14766483	14766639	LINE/L2	445	-	78	14766561	93503
chr10	14778691	14978691	harbor1	chr10	14799774	14800522	LINE/L2	1286	-	374	14800148	21457
chr10	14778691	14978691	harbor1	chr10	14831934	14832839	LINE/L2	1894	-	452	14832386	53695
chr10	14778691	14978691	harbor1	chr10	14833159	14833192	LINE/L2	2090	-	16	14833175	54484
chr10	14778691	14978691	harbor1	chr10	14833603	14833934	LINE/L2	951	-	166	14833769	55078
chr10	14778691	14978691	harbor1	chr10	14876840	14877141	LINE/L2	670	-	150	14876990	98299
chr10	14778691	14978691	harbor1	chr10	14860251	14861251	LINE/L2	1163	-	500	14860751	82060
chr10	100611262	100811262	harbor1	chr10	100697473	100698053	LINE/L2	648	-	290	100697763	86501
chr10	6020235	6220235	harbor1	chr10	6074322	6075070	LINE/L2	503	-	374	6074696	54461
chr10	3072743	3272743	harbor1	chr10	3114807	3115160	LINE/L2	440	-	176	3114983	42240
chr10	79214909	79414909	harbor1	chr10	79236799	79237367	LINE/L2	832	-	284	79237083	22174
chr10	79214909	79414909	harbor1	chr10	79260183	79260491	LINE/L2	599	-	154	79260337	45428
chr10	79214909	79414909	harbor1	chr10	79287844	79288109	LINE/L2	593	-	132	79287976	73067
chr10	114721980	114921980	harbor1	chr10	114770218	114770342	LINE/L2	545	-	62	114770280	48300
chr10	114721980	114921980	harbor1	chr10	114782415	114782999	LINE/L2	890	-	292	114782707	60727
chr10	114721980	114921980	harbor1	chr10	114783299	114783561	LINE/L2	890	-	131	114783430	61450
chr10	62704867	62904867	harbor1	chr10	62734196	62734586	LINE/L2	778	-	195	62734391	29524
chr10	78346452	78546452	harbor1	chr10	78363267	78363548	LINE/L2	492	-	140	78363407	16955
chr10	78346452	78546452	harbor1	chr10	78370655	78370945	LINE/L2	619	-	145	78370800	24348
chr10	78346452	78546452	harbor1	chr10	78396912	78397420	LINE/L2	749	-	254	78397166	50714
chr10	14778054	14978054	harbor1	chr10	14799774	14800522	LINE/L2	1286	-	374	14800148	22094
chr10	14778054	14978054	harbor1	chr10	14831934	14832839	LINE/L2	1894	-	452	14832386	54332
chr10	14778054	14978054	harbor1	chr10	14833159	14833192	LINE/L2	2090	-	16	14833175	55121
chr10	14778054	14978054	harbor1	chr10	14833603	14833934	LINE/L2	951	-	166	14833769	55715
chr10	14778054	14978054	harbor1	chr10	14876840	14877141	LINE/L2	670	-	150	14876990	98936
chr10	14778054	14978054	harbor1	chr10	14860251	14861251	LINE/L2	1163	-	500	14860751	82697
chr10	89151734	89351734	harbor1	chr10	89155820	89157079	LINE/L2	3042	-	630	89156450	4716
chr10	89151734	89351734	harbor1	chr10	89230159	89230284	LINE/L2	472	-	62	89230221	78487
chr10	131255629	131455629	harbor1	chr10	131261618	131262252	LINE/L2	490	-	317	131261935	6306
chr10	43100314	43300314	harbor1	chr10	43102739	43103465	LINE/L2	505	-	363	43103102	2788
chr10	43100314	43300314	harbor1	chr10	43163245	43163506	LINE/L2	538	-	130	43163375	63061
chr10	43100314	43300314	harbor1	chr10	43174055	43174186	LINE/L2	665	-	66	43174121	73807
chr10	100897105	101097105	harbor1	chr10	100932594	100932692	LINE/L2	656	-	49	100932643	35538
chr10	100897105	101097105	harbor1	chr10	100932722	100932891	LINE/L2	656	-	84	100932806	35701
chr10	100897105	101097105	harbor1	chr10	100945699	100946015	LINE/L2	854	-	158	100945857	48752
chr10	100897105	101097105	harbor1	chr10	100982281	100982510	LINE/L2	690	-	114	100982395	85290
chr10	100897105	101097105	harbor1	chr10	100982815	100983143	LINE/L2	690	-	164	100982979	85874
chr10	100897105	101097105	harbor1	chr10	100993676	100994070	LINE/L2	854	-	197	100993873	96768
chr10	48299633	48499633	harbor1	chr10	48317862	48318032	LINE/L2	505	-	85	48317947	18314
chr10	48299633	48499633	harbor1	chr10	48318505	48318844	LINE/L2	447	-	170	48318675	19042
chr10	48299633	48499633	harbor1	chr10	48318855	48319078	LINE/L2	479	-	112	48318967	19334
chr10	48299633	48499633	harbor1	chr10	48341568	48342115	LINE/L2	796	-	274	48341842	42209
chr10	48299633	48499633	harbor1	chr10	48342405	48343077	LINE/L2	762	-	336	48342741	43108
chr10	48299633	48499633	harbor1	chr10	48343541	48343607	LINE/L2	762	-	33	48343574	43941
chr10	48299633	48499633	harbor1	chr10	48369134	48370022	LINE/L2	1154	-	444	48369578	69945
chr10	48299633	48499633	harbor1	chr10	48389652	48389905	LINE/L2	582	-	126	48389778	90145
chr10	14778029	14978029	harbor1	chr10	14799774	14800522	LINE/L2	1286	-	374	14800148	22119
chr10	14778029	14978029	harbor1	chr10	14831934	14832839	LINE/L2	1894	-	452	14832386	54357
chr10	14778029	14978029	harbor1	chr10	14833159	14833192	LINE/L2	2090	-	16	14833175	55146
chr10	14778029	14978029	harbor1	chr10	14833603	14833934	LINE/L2	951	-	166	14833769	55740
chr10	14778029	14978029	harbor1	chr10	14876840	14877141	LINE/L2	670	-	150	14876990	98961
chr10	14778029	14978029	harbor1	chr10	14860251	14861251	LINE/L2	1163	-	500	14860751	82722
chr10	68131746	68331746	harbor1	chr10	68132632	68132915	LINE/L2	609	-	142	68132774	1028
chr10	68131746	68331746	harbor1	chr10	68134157	68134377	LINE/L2	478	-	110	68134267	2521
chr10	68131746	68331746	harbor1	chr10	68135708	68135992	LINE/L2	512	-	142	68135850	4104
chr10	68131746	68331746	harbor1	chr10	68139796	68140247	LINE/L2	1207	-	226	68140022	8276
chr10	68131746	68331746	harbor1	chr10	68143159	68143732	LINE/L2	1116	-	286	68143445	11699
chr10	68131746	68331746	harbor1	chr10	68144053	68144137	LINE/L2	1116	-	42	68144095	12349
chr10	68131746	68331746	harbor1	chr10	68186658	68186967	LINE/L2	487	-	154	68186812	55066
chr10	68131746	68331746	harbor1	chr10	68187518	68188099	LINE/L2	879	-	290	68187808	56062
chr10	68131746	68331746	harbor1	chr10	68188410	68188421	LINE/L2	879	-	6	68188416	56670
chr10	97398990	97598990	harbor1	chr10	97412809	97413206	LINE/L2	533	-	198	97413007	14017
chr10	97398875	97598875	harbor1	chr10	97412809	97413206	LINE/L2	533	-	198	97413007	14132
chr10	22337593	22537593	harbor1	chr10	22353622	22354250	LINE/L2	483	-	314	22353936	16343
chr10	22337593	22537593	harbor1	chr10	22410213	22410692	LINE/L2	636	-	240	22410453	72860
chr10	72254310	72454310	harbor1	chr10	72318266	72318604	LINE/L2	512	-	169	72318435	64125
chr10	89151741	89351741	harbor1	chr10	89155820	89157079	LINE/L2	3042	-	630	89156450	4709
chr10	89151741	89351741	harbor1	chr10	89230159	89230284	LINE/L2	472	-	62	89230221	78480
chr10	95979828	96179828	harbor1	chr10	95990138	95990539	LINE/L2	817	-	200	95990338	10510
chr10	95979828	96179828	harbor1	chr10	96022654	96023080	LINE/L2	479	-	213	96022867	43039
chr10	95979828	96179828	harbor1	chr10	96033830	96034118	LINE/L2	540	-	144	96033974	54146
chr10	95979828	96179828	harbor1	chr10	96034821	96035026	LINE/L2	441	-	102	96034923	55095
chr10	43474486	43674486	harbor1	chr10	43476854	43477092	LINE/L2	469	-	119	43476973	2487
chr10	43474486	43674486	harbor1	chr10	43497398	43497658	LINE/L2	569	-	130	43497528	23042
chr10	101032219	101232219	harbor1	chr10	101037844	101038286	LINE/L2	894	-	221	101038065	5846
chr10	75302350	75502350	harbor1	chr10	75342955	75343091	LINE/L2	454	-	68	75343023	40673
chr10	46184879	46384879	harbor1	chr10	46255473	46255648	LINE/L2	519	-	88	46255561	70682
chr10	47239932	47439932	harbor1	chr10	47306480	47306990	LINE/L2	622	-	255	47306735	66803
chr10	4842408	5042408	harbor1	chr10	4872646	4873021	LINE/L2	1084	-	188	4872834	30426
chr10	4842408	5042408	harbor1	chr10	4873392	4873541	LINE/L2	1084	-	74	4873466	31058
chr10	4842408	5042408	harbor1	chr10	4873767	4874045	LINE/L2	878	-	139	4873906	31498
chr10	4842408	5042408	harbor1	chr10	4874048	4874812	LINE/L2	1811	-	382	4874430	32022
chr10	4842408	5042408	harbor1	chr10	4920673	4920958	LINE/L2	647	-	142	4920815	78407
chr10	4842408	5042408	harbor1	chr10	4935237	4936398	LINE/L2	1918	-	580	4935817	93409
chr10	4842408	5042408	harbor1	chr10	4938070	4938227	LINE/L2	513	-	78	4938148	95740
chr10	4842408	5042408	harbor1	chr10	4938228	4939002	LINE/L2	1454	-	387	4938615	96207
chr10	47239964	47439964	harbor1	chr10	47306480	47306990	LINE/L2	622	-	255	47306735	66771
chr10	75111030	75311030	harbor1	chr10	75154358	75154888	LINE/L2	1716	-	265	75154623	43593
chr10	75111030	75311030	harbor1	chr10	75155188	75155406	LINE/L2	1716	-	109	75155297	44267
chr10	75111030	75311030	harbor1	chr10	75157289	75157877	LINE/L2	1333	-	294	75157583	46553
chr10	75111030	75311030	harbor1	chr10	75158181	75158219	LINE/L2	1333	-	19	75158200	47170
chr10	75111030	75311030	harbor1	chr10	75185720	75185849	LINE/L2	537	-	64	75185784	74754
chr10	75111030	75311030	harbor1	chr10	75186688	75186939	LINE/L2	557	-	126	75186814	75784
chr10	75111030	75311030	harbor1	chr10	75187239	75187373	LINE/L2	557	-	67	75187306	76276
chr10	78865014	79065014	harbor1	chr10	78877827	78877952	LINE/L2	447	-	62	78877889	12875
chr10	14778674	14978674	harbor1	chr10	14799774	14800522	LINE/L2	1286	-	374	14800148	21474
chr10	14778674	14978674	harbor1	chr10	14831934	14832839	LINE/L2	1894	-	452	14832386	53712
chr10	14778674	14978674	harbor1	chr10	14833159	14833192	LINE/L2	2090	-	16	14833175	54501
chr10	14778674	14978674	harbor1	chr10	14833603	14833934	LINE/L2	951	-	166	14833769	55095
chr10	14778674	14978674	harbor1	chr10	14876840	14877141	LINE/L2	670	-	150	14876990	98316
chr10	14778674	14978674	harbor1	chr10	14860251	14861251	LINE/L2	1163	-	500	14860751	82077
chr10	77303746	77503746	harbor1	chr10	77381116	77381346	LINE/L2	539	-	115	77381231	77485
chr10	75111036	75311036	harbor1	chr10	75154358	75154888	LINE/L2	1716	-	265	75154623	43587
chr10	75111036	75311036	harbor1	chr10	75155188	75155406	LINE/L2	1716	-	109	75155297	44261
chr10	75111036	75311036	harbor1	chr10	75157289	75157877	LINE/L2	1333	-	294	75157583	46547
chr10	75111036	75311036	harbor1	chr10	75158181	75158219	LINE/L2	1333	-	19	75158200	47164
chr10	75111036	75311036	harbor1	chr10	75185720	75185849	LINE/L2	537	-	64	75185784	74748
chr10	75111036	75311036	harbor1	chr10	75186688	75186939	LINE/L2	557	-	126	75186814	75778
chr10	75111036	75311036	harbor1	chr10	75187239	75187373	LINE/L2	557	-	67	75187306	76270
chr10	62704945	62904945	harbor1	chr10	62734196	62734586	LINE/L2	778	-	195	62734391	29446
chr10	97672149	97872149	harbor1	chr10	97738046	97738223	LINE/L2	527	-	88	97738134	65985
chr10	97672149	97872149	harbor1	chr10	97744436	97744670	LINE/L2	491	-	117	97744553	72404
chr10	14778680	14978680	harbor1	chr10	14799774	14800522	LINE/L2	1286	-	374	14800148	21468
chr10	14778680	14978680	harbor1	chr10	14831934	14832839	LINE/L2	1894	-	452	14832386	53706
chr10	14778680	14978680	harbor1	chr10	14833159	14833192	LINE/L2	2090	-	16	14833175	54495
chr10	14778680	14978680	harbor1	chr10	14833603	14833934	LINE/L2	951	-	166	14833769	55089
chr10	14778680	14978680	harbor1	chr10	14876840	14877141	LINE/L2	670	-	150	14876990	98310
chr10	14778680	14978680	harbor1	chr10	14860251	14861251	LINE/L2	1163	-	500	14860751	82071
chr10	79279347	79479347	harbor1	chr10	79287844	79288109	LINE/L2	593	-	132	79287976	8629
chr10	110707741	110907741	harbor1	chr10	110757925	110758011	LINE/L2	449	-	43	110757968	50227
chr10	110707741	110907741	harbor1	chr10	110758317	110758415	LINE/L2	449	-	49	110758366	50625
chr10	110707741	110907741	harbor1	chr10	110783465	110783694	LINE/L2	719	-	114	110783579	75838
chr10	43005593	43205593	harbor1	chr10	43102739	43103465	LINE/L2	505	-	363	43103102	97509
chr10	89202972	89402972	harbor1	chr10	89230159	89230284	LINE/L2	472	-	62	89230221	27249
chr10	89202972	89402972	harbor1	chr10	89252318	89252525	LINE/L2	985	-	104	89252422	49450
chr10	89202972	89402972	harbor1	chr10	89252823	89253217	LINE/L2	985	-	197	89253020	50048
chr10	89202972	89402972	harbor1	chr10	89255520	89255800	LINE/L2	922	-	140	89255660	52688
chr10	89202972	89402972	harbor1	chr10	89256243	89256588	LINE/L2	770	-	172	89256415	53443
chr10	3621791	3821791	harbor1	chr10	3656120	3656378	LINE/L2	450	-	129	3656249	34458
chr10	3621791	3821791	harbor1	chr10	3662420	3662809	LINE/L2	671	-	194	3662614	40823
chr10	47239866	47439866	harbor1	chr10	47306480	47306990	LINE/L2	622	-	255	47306735	66869
chr10	62704875	62904875	harbor1	chr10	62734196	62734586	LINE/L2	778	-	195	62734391	29516
chr10	47239913	47439913	harbor1	chr10	47306480	47306990	LINE/L2	622	-	255	47306735	66822
chr10	69472286	69672286	harbor1	chr10	69481935	69482359	LINE/L2	1016	-	212	69482147	9861
chr10	69472286	69672286	harbor1	chr10	69485228	69485957	LINE/L2	732	-	364	69485592	13306
chr10	69472286	69672286	harbor1	chr10	69499558	69499950	LINE/L2	683	-	196	69499754	27468
chr10	69472286	69672286	harbor1	chr10	69565089	69565386	LINE/L2	453	-	148	69565237	92951
chr10	69472286	69672286	harbor1	chr10	69566106	69566250	LINE/L2	523	-	72	69566178	93892
chr10	69472286	69672286	harbor1	chr10	69566556	69566855	LINE/L2	523	-	150	69566706	94420
chr10	69472286	69672286	harbor1	chr10	69500903	69501335	LINE/L2	1194	-	216	69501119	28833
chr11	112678749	112878749	harbor1	chr11	112739270	112739529	LINE/L2	557	-	130	112739400	60651
chr11	112678749	112878749	harbor1	chr11	112753734	112753921	LINE/L2	414	-	94	112753828	75079
chr11	112678749	112878749	harbor1	chr11	112773162	112773829	LINE/L2	669	-	334	112773496	94747
chr11	68642659	68842659	harbor1	chr11	68741635	68741896	LINE/L2	446	-	130	68741765	99106
chr11	64537901	64737901	harbor1	chr11	64576443	64576592	LINE/L2	467	-	74	64576517	38616
chr11	64537901	64737901	harbor1	chr11	64587811	64588691	LINE/L2	1813	-	440	64588251	50350
chr11	64537901	64737901	harbor1	chr11	64596934	64597037	LINE/L2	446	-	52	64596986	59085
chr11	64242408	64442408	harbor1	chr11	64312577	64312867	LINE/L2	507	-	145	64312722	70314
chr11	64242408	64442408	harbor1	chr11	64312885	64313723	LINE/L2	1478	-	419	64313304	70896
chr11	102246099	102446099	harbor1	chr11	102271815	102272047	LINE/L2	500	-	116	102271931	25832
chr11	102246099	102446099	harbor1	chr11	102305447	102305587	LINE/L2	402	-	70	102305517	59418
chr11	102246099	102446099	harbor1	chr11	102318711	102319043	LINE/L2	414	-	166	102318877	72778
chr11	102246099	102446099	harbor1	chr11	102319346	102319724	LINE/L2	414	-	189	102319535	73436
chr11	102246099	102446099	harbor1	chr11	102326079	102326326	LINE/L2	492	-	124	102326203	80104
chr11	102246099	102446099	harbor1	chr11	102329958	102330292	LINE/L2	615	-	167	102330125	84026
chr11	102246099	102446099	harbor1	chr11	102330389	102330606	LINE/L2	580	-	108	102330497	84398
chr11	57399763	57599763	harbor1	chr11	57429208	57429330	LINE/L2	406	-	61	57429269	29506
chr11	57399763	57599763	harbor1	chr11	57444938	57445218	LINE/L2	831	-	140	57445078	45315
chr11	57399763	57599763	harbor1	chr11	57445529	57445553	LINE/L2	831	-	12	57445541	45778
chr11	57399763	57599763	harbor1	chr11	57469173	57469325	LINE/L2	401	-	76	57469249	69486
chr11	57399763	57599763	harbor1	chr11	57471708	57471847	LINE/L2	499	-	70	57471778	72015
chr11	57399763	57599763	harbor1	chr11	57487520	57488381	LINE/L2	1345	-	430	57487950	88187
chr11	89682097	89882097	harbor1	chr11	89712315	89712516	LINE/L2	424	-	100	89712415	30318
chr11	119387210	119587210	harbor1	chr11	119427081	119427355	LINE/L2	510	-	137	119427218	40008
chr11	46034956	46234956	harbor1	chr11	46035433	46036359	LINE/L2	572	-	463	46035896	940
chr11	46034956	46234956	harbor1	chr11	46065725	46065979	LINE/L2	443	-	127	46065852	30896
chr11	46034956	46234956	harbor1	chr11	46067717	46068124	LINE/L2	618	-	204	46067921	32965
chr11	46034956	46234956	harbor1	chr11	46038947	46039143	LINE/L2	490	-	98	46039045	4089
chr11	119643315	119843315	harbor1	chr11	119705251	119705781	LINE/L2	731	-	265	119705516	62201
chr11	119643315	119843315	harbor1	chr11	119710359	119710776	LINE/L2	581	-	208	119710567	67252
chr11	108021540	108221540	harbor1	chr11	108074921	108075186	LINE/L2	962	-	132	108075053	53513
chr11	108021540	108221540	harbor1	chr11	108076742	108077355	LINE/L2	1820	-	306	108077048	55508
chr11	57399760	57599760	harbor1	chr11	57429208	57429330	LINE/L2	406	-	61	57429269	29509
chr11	57399760	57599760	harbor1	chr11	57444938	57445218	LINE/L2	831	-	140	57445078	45318
chr11	57399760	57599760	harbor1	chr11	57445529	57445553	LINE/L2	831	-	12	57445541	45781
chr11	57399760	57599760	harbor1	chr11	57469173	57469325	LINE/L2	401	-	76	57469249	69489
chr11	57399760	57599760	harbor1	chr11	57471708	57471847	LINE/L2	499	-	70	57471778	72018
chr11	57399760	57599760	harbor1	chr11	57487520	57488381	LINE/L2	1345	-	430	57487950	88190
chr11	46185687	46385687	harbor1	chr11	46193326	46193467	LINE/L2	493	-	70	46193396	7709
chr11	46185687	46385687	harbor1	chr11	46199247	46199456	LINE/L2	703	-	104	46199351	13664
chr11	46185687	46385687	harbor1	chr11	46203310	46204336	LINE/L2	1219	-	513	46203823	18136
chr11	46185687	46385687	harbor1	chr11	46204636	46204739	LINE/L2	1219	-	52	46204688	19001
chr11	46185687	46385687	harbor1	chr11	46247860	46248172	LINE/L2	435	-	156	46248016	62329
chr11	46185687	46385687	harbor1	chr11	46202831	46203304	LINE/L2	827	-	236	46203067	17380
chr11	57399762	57599762	harbor1	chr11	57429208	57429330	LINE/L2	406	-	61	57429269	29507
chr11	57399762	57599762	harbor1	chr11	57444938	57445218	LINE/L2	831	-	140	57445078	45316
chr11	57399762	57599762	harbor1	chr11	57445529	57445553	LINE/L2	831	-	12	57445541	45779
chr11	57399762	57599762	harbor1	chr11	57469173	57469325	LINE/L2	401	-	76	57469249	69487
chr11	57399762	57599762	harbor1	chr11	57471708	57471847	LINE/L2	499	-	70	57471778	72016
chr11	57399762	57599762	harbor1	chr11	57487520	57488381	LINE/L2	1345	-	430	57487950	88188
chr11	108004348	108204348	harbor1	chr11	108014678	108014899	LINE/L2	951	-	110	108014788	10440
chr11	108004348	108204348	harbor1	chr11	108015198	108015353	LINE/L2	951	-	78	108015276	10928
chr11	108004348	108204348	harbor1	chr11	108074921	108075186	LINE/L2	962	-	132	108075053	70705
chr11	108004348	108204348	harbor1	chr11	108076742	108077355	LINE/L2	1820	-	306	108077048	72700
chr11	2759442	2959442	harbor1	chr11	2798975	2799242	LINE/L2	408	-	134	2799109	39667
chr11	65968777	66168777	harbor1	chr11	65971707	65971926	LINE/L2	439	-	110	65971817	3040
chr11	65968777	66168777	harbor1	chr11	65997828	65998008	LINE/L2	424	-	90	65997918	29141
chr11	65968777	66168777	harbor1	chr11	66044597	66044709	LINE/L2	404	-	56	66044653	75876
chr11	65968777	66168777	harbor1	chr11	66067180	66067405	LINE/L2	562	-	112	66067292	98515
chr11	80398104	80598104	harbor1	chr11	80416367	80416561	LINE/L2	536	-	97	80416464	18360
chr11	80398104	80598104	harbor1	chr11	80439778	80440243	LINE/L2	548	-	232	80440010	41906
chr11	86559546	86759546	harbor1	chr11	86568806	86568953	LINE/L2	455	-	74	86568880	9334
chr11	86559546	86759546	harbor1	chr11	86585122	86586125	LINE/L2	1577	-	502	86585624	26078
chr11	86559546	86759546	harbor1	chr11	86588061	86588206	LINE/L2	495	-	72	86588133	28587
chr11	86559546	86759546	harbor1	chr11	86593995	86594129	LINE/L2	488	-	67	86594062	34516
chr11	86559546	86759546	harbor1	chr11	86625585	86625722	LINE/L2	432	-	68	86625653	66107
chr11	108021573	108221573	harbor1	chr11	108074921	108075186	LINE/L2	962	-	132	108075053	53480
chr11	108021573	108221573	harbor1	chr11	108076742	108077355	LINE/L2	1820	-	306	108077048	55475
chr11	76580974	76780974	harbor1	chr11	76597104	76597375	LINE/L2	419	-	136	76597240	16266
chr11	65758060	65958060	harbor1	chr11	65783867	65784338	LINE/L2	490	-	236	65784103	26043
chr11	65758060	65958060	harbor1	chr11	65785390	65785475	LINE/L2	476	-	42	65785432	27372
chr11	65758060	65958060	harbor1	chr11	65827844	65828044	LINE/L2	483	-	100	65827944	69884
chr11	70391186	70591186	harbor1	chr11	70445111	70445933	LINE/L2	1417	-	411	70445522	54336
chr11	57374327	57574327	harbor1	chr11	57429208	57429330	LINE/L2	406	-	61	57429269	54942
chr11	57374327	57574327	harbor1	chr11	57444938	57445218	LINE/L2	831	-	140	57445078	70751
chr11	57374327	57574327	harbor1	chr11	57445529	57445553	LINE/L2	831	-	12	57445541	71214
chr11	57374327	57574327	harbor1	chr11	57469173	57469325	LINE/L2	401	-	76	57469249	94922
chr11	57374327	57574327	harbor1	chr11	57471708	57471847	LINE/L2	499	-	70	57471778	97451
chr11	70336771	70536771	harbor1	chr11	70341356	70342292	LINE/L2	953	-	468	70341824	5053
chr11	70336771	70536771	harbor1	chr11	70345453	70345607	LINE/L2	588	-	77	70345530	8759
chr11	10401686	10601686	harbor1	chr11	10449605	10450192	LINE/L2	496	-	294	10449899	48213
chr11	10401686	10601686	harbor1	chr11	10462088	10462219	LINE/L2	561	-	66	10462154	60468
chr11	10401686	10601686	harbor1	chr11	10462683	10463034	LINE/L2	561	-	176	10462859	61173
chr11	10401686	10601686	harbor1	chr11	10484485	10484749	LINE/L2	678	-	132	10484617	82931
chr11	10401686	10601686	harbor1	chr11	10491447	10492098	LINE/L2	1617	-	326	10491773	90087
chr11	10401686	10601686	harbor1	chr11	10492585	10493280	LINE/L2	546	-	348	10492933	91247
chr11	34816228	35016228	harbor1	chr11	34821996	34822732	LINE/L2	591	-	368	34822364	6136
chr11	34816228	35016228	harbor1	chr11	34841357	34841698	LINE/L2	726	-	170	34841527	25299
chr11	34816228	35016228	harbor1	chr11	34909248	34909705	LINE/L2	676	-	228	34909476	93248
chr11	34816228	35016228	harbor1	chr11	34909717	34910236	LINE/L2	1026	-	260	34909977	93749
chr11	118508487	118708487	harbor1	chr11	118547205	118547377	LINE/L2	536	-	86	118547291	38804
chr11	86572150	86772150	harbor1	chr11	86585122	86586125	LINE/L2	1577	-	502	86585624	13474
chr11	86572150	86772150	harbor1	chr11	86588061	86588206	LINE/L2	495	-	72	86588133	15983
chr11	86572150	86772150	harbor1	chr11	86593995	86594129	LINE/L2	488	-	67	86594062	21912
chr11	86572150	86772150	harbor1	chr11	86625585	86625722	LINE/L2	432	-	68	86625653	53503
chr11	86572150	86772150	harbor1	chr11	86665109	86665917	LINE/L2	1117	-	404	86665513	93363
chr11	123313642	123513642	harbor1	chr11	123321129	123321643	LINE/L2	584	-	257	123321386	7744
chr11	123313642	123513642	harbor1	chr11	123322444	123322531	LINE/L2	460	-	44	123322488	8846
chr11	123313642	123513642	harbor1	chr11	123366880	123366921	LINE/L2	742	-	20	123366900	53258
chr11	123313642	123513642	harbor1	chr11	123367219	123367646	LINE/L2	742	-	214	123367433	53791
chr11	123313642	123513642	harbor1	chr11	123391764	123392276	LINE/L2	802	-	256	123392020	78378
chr11	76580440	76780440	harbor1	chr11	76597104	76597375	LINE/L2	419	-	136	76597240	16800
chr11	133733693	133933693	harbor1	chr11	133799668	133800426	LINE/L2	995	-	379	133800047	66354
chr11	133733693	133933693	harbor1	chr11	133820210	133820510	LINE/L2	613	-	150	133820360	86667
chr11	62553001	62753001	harbor1	chr11	62621150	62621731	LINE/L2	1531	-	290	62621440	68439
chr11	108021539	108221539	harbor1	chr11	108074921	108075186	LINE/L2	962	-	132	108075053	53514
chr11	108021539	108221539	harbor1	chr11	108076742	108077355	LINE/L2	1820	-	306	108077048	55509
chr11	64538073	64738073	harbor1	chr11	64576443	64576592	LINE/L2	467	-	74	64576517	38444
chr11	64538073	64738073	harbor1	chr11	64587811	64588691	LINE/L2	1813	-	440	64588251	50178
chr11	64538073	64738073	harbor1	chr11	64596934	64597037	LINE/L2	446	-	52	64596986	58913
chr11	117886632	118086632	harbor1	chr11	117930446	117930744	LINE/L2	873	-	149	117930595	43963
chr11	117886632	118086632	harbor1	chr11	117944162	117944350	LINE/L2	440	-	94	117944256	57624
chr11	69539230	69739230	harbor1	chr11	69616764	69616946	LINE/L2	865	-	91	69616855	77625
chr11	69539230	69739230	harbor1	chr11	69617263	69617644	LINE/L2	865	-	190	69617453	78223
chr11	69539230	69739230	harbor1	chr11	69617963	69618458	LINE/L2	1170	-	248	69618211	78981
chr11	6512326	6712326	harbor1	chr11	6527195	6527510	LINE/L2	937	-	158	6527353	15027
chr11	6512326	6712326	harbor1	chr11	6537362	6537650	LINE/L2	1228	-	144	6537506	25180
chr11	6512326	6712326	harbor1	chr11	6537944	6538148	LINE/L2	1228	-	102	6538046	25720
chr11	6512326	6712326	harbor1	chr11	6541565	6541886	LINE/L2	619	-	160	6541725	29399
chr11	6512326	6712326	harbor1	chr11	6561705	6562571	LINE/L2	837	-	433	6562138	49812
chr11	6512326	6712326	harbor1	chr11	6568985	6569202	LINE/L2	961	-	108	6569093	56767
chr11	6512326	6712326	harbor1	chr11	6572499	6573356	LINE/L2	1164	-	428	6572927	60601
chr11	6512326	6712326	harbor1	chr11	6596215	6596596	LINE/L2	911	-	190	6596405	84079
chr11	6512326	6712326	harbor1	chr11	6604474	6605505	LINE/L2	1118	-	516	6604990	92664
chr11	6512326	6712326	harbor1	chr11	6569493	6569987	LINE/L2	961	-	247	6569740	57414
chr11	57394202	57594202	harbor1	chr11	57429208	57429330	LINE/L2	406	-	61	57429269	35067
chr11	57394202	57594202	harbor1	chr11	57444938	57445218	LINE/L2	831	-	140	57445078	50876
chr11	57394202	57594202	harbor1	chr11	57445529	57445553	LINE/L2	831	-	12	57445541	51339
chr11	57394202	57594202	harbor1	chr11	57469173	57469325	LINE/L2	401	-	76	57469249	75047
chr11	57394202	57594202	harbor1	chr11	57471708	57471847	LINE/L2	499	-	70	57471778	77576
chr11	57394202	57594202	harbor1	chr11	57487520	57488381	LINE/L2	1345	-	430	57487950	93748
chr11	6201318	6401318	harbor1	chr11	6227473	6227949	LINE/L2	676	-	238	6227711	26393
chr11	6201318	6401318	harbor1	chr11	6230744	6231463	LINE/L2	448	-	360	6231104	29786
chr11	6201318	6401318	harbor1	chr11	6261138	6261384	LINE/L2	459	-	123	6261261	59943
chr11	6201318	6401318	harbor1	chr11	6261780	6262686	LINE/L2	1305	-	453	6262233	60915
chr11	6201318	6401318	harbor1	chr11	6262726	6262980	LINE/L2	1305	-	127	6262853	61535
chr11	6201318	6401318	harbor1	chr11	6265979	6266189	LINE/L2	519	-	105	6266084	64766
chr11	6201318	6401318	harbor1	chr11	6281337	6281492	LINE/L2	409	-	78	6281415	80097
chr11	6201318	6401318	harbor1	chr11	6281792	6281804	LINE/L2	409	-	6	6281798	80480
chr11	46138065	46338065	harbor1	chr11	46146577	46147057	LINE/L2	1152	-	240	46146817	8752
chr11	46138065	46338065	harbor1	chr11	46147351	46147629	LINE/L2	1152	-	139	46147490	9425
chr11	46138065	46338065	harbor1	chr11	46160590	46160829	LINE/L2	408	-	120	46160710	22645
chr11	46138065	46338065	harbor1	chr11	46184065	46184670	LINE/L2	1068	-	302	46184367	46302
chr11	46138065	46338065	harbor1	chr11	46193326	46193467	LINE/L2	493	-	70	46193396	55331
chr11	46138065	46338065	harbor1	chr11	46199247	46199456	LINE/L2	703	-	104	46199351	61286
chr11	46138065	46338065	harbor1	chr11	46203310	46204336	LINE/L2	1219	-	513	46203823	65758
chr11	46138065	46338065	harbor1	chr11	46204636	46204739	LINE/L2	1219	-	52	46204688	66623
chr11	46138065	46338065	harbor1	chr11	46202831	46203304	LINE/L2	827	-	236	46203067	65002
chr11	57246770	57446770	harbor1	chr11	57251065	57251298	LINE/L2	505	-	116	57251181	4411
chr11	57246770	57446770	harbor1	chr11	57253099	57253334	LINE/L2	774	-	118	57253217	6447
chr11	57246770	57446770	harbor1	chr11	57253924	57254024	LINE/L2	774	-	50	57253974	7204
chr11	57246770	57446770	harbor1	chr11	57254447	57254597	LINE/L2	774	-	75	57254522	7752
chr11	57246770	57446770	harbor1	chr11	57340544	57341075	LINE/L2	826	-	266	57340810	94040
chr11	57383305	57583305	harbor1	chr11	57429208	57429330	LINE/L2	406	-	61	57429269	45964
chr11	57383305	57583305	harbor1	chr11	57444938	57445218	LINE/L2	831	-	140	57445078	61773
chr11	57383305	57583305	harbor1	chr11	57445529	57445553	LINE/L2	831	-	12	57445541	62236
chr11	57383305	57583305	harbor1	chr11	57469173	57469325	LINE/L2	401	-	76	57469249	85944
chr11	57383305	57583305	harbor1	chr11	57471708	57471847	LINE/L2	499	-	70	57471778	88473
chr11	12139700	12339700	harbor1	chr11	12149088	12149866	LINE/L2	588	-	389	12149477	9777
chr11	12139700	12339700	harbor1	chr11	12174813	12174839	LINE/L2	1139	-	13	12174826	35126
chr11	12139700	12339700	harbor1	chr11	12175134	12175195	LINE/L2	1139	-	30	12175164	35464
chr11	12139700	12339700	harbor1	chr11	12175504	12176001	LINE/L2	1139	-	248	12175752	36052
chr11	12139700	12339700	harbor1	chr11	12191025	12191182	LINE/L2	683	-	78	12191103	51403
chr11	12139700	12339700	harbor1	chr11	12191488	12191500	LINE/L2	683	-	6	12191494	51794
chr11	12139700	12339700	harbor1	chr11	12191787	12191971	LINE/L2	683	-	92	12191879	52179
chr11	12139700	12339700	harbor1	chr11	12195752	12196592	LINE/L2	1947	-	420	12196172	56472
chr11	12139700	12339700	harbor1	chr11	12213973	12214177	LINE/L2	801	-	102	12214075	74375
chr11	12139700	12339700	harbor1	chr11	12231525	12231647	LINE/L2	454	-	61	12231586	91886
chr11	6512331	6712331	harbor1	chr11	6527195	6527510	LINE/L2	937	-	158	6527353	15022
chr11	6512331	6712331	harbor1	chr11	6537362	6537650	LINE/L2	1228	-	144	6537506	25175
chr11	6512331	6712331	harbor1	chr11	6537944	6538148	LINE/L2	1228	-	102	6538046	25715
chr11	6512331	6712331	harbor1	chr11	6541565	6541886	LINE/L2	619	-	160	6541725	29394
chr11	6512331	6712331	harbor1	chr11	6561705	6562571	LINE/L2	837	-	433	6562138	49807
chr11	6512331	6712331	harbor1	chr11	6568985	6569202	LINE/L2	961	-	108	6569093	56762
chr11	6512331	6712331	harbor1	chr11	6572499	6573356	LINE/L2	1164	-	428	6572927	60596
chr11	6512331	6712331	harbor1	chr11	6596215	6596596	LINE/L2	911	-	190	6596405	84074
chr11	6512331	6712331	harbor1	chr11	6604474	6605505	LINE/L2	1118	-	516	6604990	92659
chr11	6512331	6712331	harbor1	chr11	6569493	6569987	LINE/L2	961	-	247	6569740	57409
chr11	107914515	108114515	harbor1	chr11	107918340	107918550	LINE/L2	1233	-	105	107918445	3930
chr11	107914515	108114515	harbor1	chr11	107918849	107919095	LINE/L2	1233	-	123	107918972	4457
chr11	107914515	108114515	harbor1	chr11	107950399	107950486	LINE/L2	427	-	44	107950443	35928
chr11	107914515	108114515	harbor1	chr11	107950789	107950893	LINE/L2	427	-	52	107950841	36326
chr11	107914515	108114515	harbor1	chr11	107956664	107957498	LINE/L2	923	-	417	107957081	42566
chr11	68332127	68532127	harbor1	chr11	68351737	68352301	LINE/L2	505	-	282	68352019	19892
chr11	64537994	64737994	harbor1	chr11	64576443	64576592	LINE/L2	467	-	74	64576517	38523
chr11	64537994	64737994	harbor1	chr11	64587811	64588691	LINE/L2	1813	-	440	64588251	50257
chr11	64537994	64737994	harbor1	chr11	64596934	64597037	LINE/L2	446	-	52	64596986	58992
chr11	76580499	76780499	harbor1	chr11	76597104	76597375	LINE/L2	419	-	136	76597240	16741
chr11	76580347	76780347	harbor1	chr11	76597104	76597375	LINE/L2	419	-	136	76597240	16893
chr11	34936228	35136228	harbor1	chr11	34937413	34937668	LINE/L2	694	-	128	34937541	1313
chr11	34936228	35136228	harbor1	chr11	34976435	34976720	LINE/L2	548	-	142	34976577	40349
chr11	34936228	35136228	harbor1	chr11	34978395	34979382	LINE/L2	1784	-	494	34978889	42661
chr11	76580972	76780972	harbor1	chr11	76597104	76597375	LINE/L2	419	-	136	76597240	16268
chr11	6201420	6401420	harbor1	chr11	6227473	6227949	LINE/L2	676	-	238	6227711	26291
chr11	6201420	6401420	harbor1	chr11	6230744	6231463	LINE/L2	448	-	360	6231104	29684
chr11	6201420	6401420	harbor1	chr11	6261138	6261384	LINE/L2	459	-	123	6261261	59841
chr11	6201420	6401420	harbor1	chr11	6261780	6262686	LINE/L2	1305	-	453	6262233	60813
chr11	6201420	6401420	harbor1	chr11	6262726	6262980	LINE/L2	1305	-	127	6262853	61433
chr11	6201420	6401420	harbor1	chr11	6265979	6266189	LINE/L2	519	-	105	6266084	64664
chr11	6201420	6401420	harbor1	chr11	6281337	6281492	LINE/L2	409	-	78	6281415	79995
chr11	6201420	6401420	harbor1	chr11	6281792	6281804	LINE/L2	409	-	6	6281798	80378
chr11	108021633	108221633	harbor1	chr11	108074921	108075186	LINE/L2	962	-	132	108075053	53420
chr11	108021633	108221633	harbor1	chr11	108076742	108077355	LINE/L2	1820	-	306	108077048	55415
chr11	119643264	119843264	harbor1	chr11	119705251	119705781	LINE/L2	731	-	265	119705516	62252
chr11	119643264	119843264	harbor1	chr11	119710359	119710776	LINE/L2	581	-	208	119710567	67303
chr11	19099393	19299393	harbor1	chr11	19111470	19111744	LINE/L2	417	-	137	19111607	12214
chr11	19099393	19299393	harbor1	chr11	19118919	19119025	LINE/L2	478	-	53	19118972	19579
chr11	19099393	19299393	harbor1	chr11	19180494	19180951	LINE/L2	564	-	228	19180722	81329
chr11	6201346	6401346	harbor1	chr11	6227473	6227949	LINE/L2	676	-	238	6227711	26365
chr11	6201346	6401346	harbor1	chr11	6230744	6231463	LINE/L2	448	-	360	6231104	29758
chr11	6201346	6401346	harbor1	chr11	6261138	6261384	LINE/L2	459	-	123	6261261	59915
chr11	6201346	6401346	harbor1	chr11	6261780	6262686	LINE/L2	1305	-	453	6262233	60887
chr11	6201346	6401346	harbor1	chr11	6262726	6262980	LINE/L2	1305	-	127	6262853	61507
chr11	6201346	6401346	harbor1	chr11	6265979	6266189	LINE/L2	519	-	105	6266084	64738
chr11	6201346	6401346	harbor1	chr11	6281337	6281492	LINE/L2	409	-	78	6281415	80069
chr11	6201346	6401346	harbor1	chr11	6281792	6281804	LINE/L2	409	-	6	6281798	80452
chr11	67369231	67569231	harbor1	chr11	67388439	67388521	LINE/L2	463	-	41	67388480	19249
chr11	67369231	67569231	harbor1	chr11	67389148	67389838	LINE/L2	750	-	345	67389493	20262
chr11	67369231	67569231	harbor1	chr11	67417009	67417115	LINE/L2	431	-	53	67417062	47831
chr11	67369231	67569231	harbor1	chr11	67465318	67465595	LINE/L2	502	-	138	67465456	96225
chr11	66158708	66358708	harbor1	chr11	66195715	66195827	LINE/L2	670	-	56	66195771	37063
chr11	66158708	66358708	harbor1	chr11	66206639	66206854	LINE/L2	606	-	108	66206747	48039
chr11	22725288	22925288	harbor1	chr11	22778275	22778640	LINE/L2	465	-	182	22778457	53169
chr11	22725288	22925288	harbor1	chr11	22795296	22795948	LINE/L2	1299	-	326	22795622	70334
chr11	75668477	75868477	harbor1	chr11	75704262	75704441	LINE/L2	488	-	90	75704352	35875
chr11	75668477	75868477	harbor1	chr11	75704759	75705002	LINE/L2	488	-	122	75704881	36404
chr11	75668477	75868477	harbor1	chr11	75705526	75706025	LINE/L2	1286	-	250	75705776	37299
chr11	119007536	119207536	harbor1	chr11	119079932	119080060	LINE/L2	627	-	64	119079996	72460
chr11	119007536	119207536	harbor1	chr11	119080358	119080368	LINE/L2	627	-	5	119080363	72827
chr11	119007536	119207536	harbor1	chr11	119080669	119080824	LINE/L2	627	-	78	119080747	73211
chr11	69539219	69739219	harbor1	chr11	69616764	69616946	LINE/L2	865	-	91	69616855	77636
chr11	69539219	69739219	harbor1	chr11	69617263	69617644	LINE/L2	865	-	190	69617453	78234
chr11	69539219	69739219	harbor1	chr11	69617963	69618458	LINE/L2	1170	-	248	69618211	78992
chr11	66808278	67008278	harbor1	chr11	66874655	66875018	LINE/L2	486	-	182	66874837	66559
chr11	76581035	76781035	harbor1	chr11	76597104	76597375	LINE/L2	419	-	136	76597240	16205
chr11	305556	505556	harbor1	chr11	383954	384228	LINE/L2	636	-	137	384091	78535
chr11	32073529	32273529	harbor1	chr11	32115311	32115717	LINE/L2	577	-	203	32115514	41985
chr11	32073529	32273529	harbor1	chr11	32135162	32135507	LINE/L2	584	-	172	32135334	61805
chr11	32073529	32273529	harbor1	chr11	32137430	32137758	LINE/L2	529	-	164	32137594	64065
chr11	65513352	65713352	harbor1	chr11	65528810	65528951	LINE/L2	448	-	70	65528880	15528
chr11	65513352	65713352	harbor1	chr11	65534429	65534703	LINE/L2	834	-	137	65534566	21214
chr11	65513352	65713352	harbor1	chr11	65549959	65550127	LINE/L2	697	-	84	65550043	36691
chr11	65513352	65713352	harbor1	chr11	65550446	65550531	LINE/L2	697	-	42	65550488	37136
chr11	65513352	65713352	harbor1	chr11	65560453	65560976	LINE/L2	516	-	262	65560715	47363
chr11	63803202	64003202	harbor1	chr11	63814934	63815312	LINE/L2	1010	-	189	63815123	11921
chr11	63803202	64003202	harbor1	chr11	63815333	63815658	LINE/L2	768	-	162	63815495	12293
chr11	63803202	64003202	harbor1	chr11	63816235	63816451	LINE/L2	463	-	108	63816343	13141
chr11	69539220	69739220	harbor1	chr11	69616764	69616946	LINE/L2	865	-	91	69616855	77635
chr11	69539220	69739220	harbor1	chr11	69617263	69617644	LINE/L2	865	-	190	69617453	78233
chr11	69539220	69739220	harbor1	chr11	69617963	69618458	LINE/L2	1170	-	248	69618211	78991
chr11	68332185	68532185	harbor1	chr11	68351737	68352301	LINE/L2	505	-	282	68352019	19834
chr11	72610267	72810267	harbor1	chr11	72627149	72627636	LINE/L2	654	-	244	72627393	17126
chr11	72610267	72810267	harbor1	chr11	72700539	72700722	LINE/L2	1165	-	92	72700631	90364
chr11	72610267	72810267	harbor1	chr11	72701003	72701317	LINE/L2	1165	-	157	72701160	90893
chr11	72610267	72810267	harbor1	chr11	72707499	72707801	LINE/L2	473	-	151	72707650	97383
chr11	3125267	3325267	harbor1	chr11	3175504	3176054	LINE/L2	755	-	275	3175779	50512
chr11	3125267	3325267	harbor1	chr11	3161893	3162376	LINE/L2	410	-	242	3162135	36868
chr11	47075637	47275637	harbor1	chr11	47078275	47078963	LINE/L2	619	-	344	47078619	2982
chr11	47075637	47275637	harbor1	chr11	47093407	47093548	LINE/L2	592	-	70	47093477	17840
chr11	47075637	47275637	harbor1	chr11	47151056	47151144	LINE/L2	550	-	44	47151100	75463
chr11	47075637	47275637	harbor1	chr11	47151413	47151673	LINE/L2	550	-	130	47151543	75906
chr11	69498462	69698462	harbor1	chr11	69531103	69531387	LINE/L2	573	-	142	69531245	32783
chr11	65969885	66169885	harbor1	chr11	65971707	65971926	LINE/L2	439	-	110	65971817	1932
chr11	65969885	66169885	harbor1	chr11	65997828	65998008	LINE/L2	424	-	90	65997918	28033
chr11	65969885	66169885	harbor1	chr11	66044597	66044709	LINE/L2	404	-	56	66044653	74768
chr11	65969885	66169885	harbor1	chr11	66067180	66067405	LINE/L2	562	-	112	66067292	97407
chr11	69575154	69775154	harbor1	chr11	69616764	69616946	LINE/L2	865	-	91	69616855	41701
chr11	69575154	69775154	harbor1	chr11	69617263	69617644	LINE/L2	865	-	190	69617453	42299
chr11	69575154	69775154	harbor1	chr11	69617963	69618458	LINE/L2	1170	-	248	69618211	43057
chr11	33157309	33357309	harbor1	chr11	33214721	33215226	LINE/L2	1193	-	252	33214973	57664
chr11	33157309	33357309	harbor1	chr11	33218082	33218318	LINE/L2	689	-	118	33218200	60891
chr11	33157309	33357309	harbor1	chr11	33253462	33253772	LINE/L2	570	-	155	33253617	96308
chr11	77964208	78164208	harbor1	chr11	77988362	77988639	LINE/L2	856	-	138	77988500	24292
chr11	77964208	78164208	harbor1	chr11	78019965	78020190	LINE/L2	424	-	112	78020077	55869
chr11	77964208	78164208	harbor1	chr11	78043480	78043729	LINE/L2	573	-	124	78043604	79396
chr11	6512394	6712394	harbor1	chr11	6527195	6527510	LINE/L2	937	-	158	6527353	14959
chr11	6512394	6712394	harbor1	chr11	6537362	6537650	LINE/L2	1228	-	144	6537506	25112
chr11	6512394	6712394	harbor1	chr11	6537944	6538148	LINE/L2	1228	-	102	6538046	25652
chr11	6512394	6712394	harbor1	chr11	6541565	6541886	LINE/L2	619	-	160	6541725	29331
chr11	6512394	6712394	harbor1	chr11	6561705	6562571	LINE/L2	837	-	433	6562138	49744
chr11	6512394	6712394	harbor1	chr11	6568985	6569202	LINE/L2	961	-	108	6569093	56699
chr11	6512394	6712394	harbor1	chr11	6572499	6573356	LINE/L2	1164	-	428	6572927	60533
chr11	6512394	6712394	harbor1	chr11	6596215	6596596	LINE/L2	911	-	190	6596405	84011
chr11	6512394	6712394	harbor1	chr11	6604474	6605505	LINE/L2	1118	-	516	6604990	92596
chr11	6512394	6712394	harbor1	chr11	6569493	6569987	LINE/L2	961	-	247	6569740	57346
chr11	64537959	64737959	harbor1	chr11	64576443	64576592	LINE/L2	467	-	74	64576517	38558
chr11	64537959	64737959	harbor1	chr11	64587811	64588691	LINE/L2	1813	-	440	64588251	50292
chr11	64537959	64737959	harbor1	chr11	64596934	64597037	LINE/L2	446	-	52	64596986	59027
chr11	1289639	1489639	harbor1	chr11	1377447	1377775	LINE/L2	458	-	164	1377611	87972
chr11	6201311	6401311	harbor1	chr11	6227473	6227949	LINE/L2	676	-	238	6227711	26400
chr11	6201311	6401311	harbor1	chr11	6230744	6231463	LINE/L2	448	-	360	6231104	29793
chr11	6201311	6401311	harbor1	chr11	6261138	6261384	LINE/L2	459	-	123	6261261	59950
chr11	6201311	6401311	harbor1	chr11	6261780	6262686	LINE/L2	1305	-	453	6262233	60922
chr11	6201311	6401311	harbor1	chr11	6262726	6262980	LINE/L2	1305	-	127	6262853	61542
chr11	6201311	6401311	harbor1	chr11	6265979	6266189	LINE/L2	519	-	105	6266084	64773
chr11	6201311	6401311	harbor1	chr11	6281337	6281492	LINE/L2	409	-	78	6281415	80104
chr11	6201311	6401311	harbor1	chr11	6281792	6281804	LINE/L2	409	-	6	6281798	80487
chr11	68880548	69080548	harbor1	chr11	68905546	68905960	LINE/L2	426	-	207	68905753	25205
chr11	68880548	69080548	harbor1	chr11	68958524	68958693	LINE/L2	696	-	84	68958608	78060
chr11	68880548	69080548	harbor1	chr11	68959016	68959103	LINE/L2	696	-	44	68959060	78512
chr11	68880548	69080548	harbor1	chr11	68959401	68959565	LINE/L2	696	-	82	68959483	78935
chr11	2705362	2905362	harbor1	chr11	2730106	2730264	LINE/L2	425	-	79	2730185	24823
chr11	2705362	2905362	harbor1	chr11	2798975	2799242	LINE/L2	408	-	134	2799109	93747
chr11	9360652	9560652	harbor1	chr11	9398199	9398560	LINE/L2	509	-	180	9398379	37727
chr11	3984543	4184543	harbor1	chr11	3986567	3986750	LINE/L2	428	-	92	3986659	2116
chr11	3984543	4184543	harbor1	chr11	4056397	4056517	LINE/L2	494	-	60	4056457	71914
chr11	76580334	76780334	harbor1	chr11	76597104	76597375	LINE/L2	419	-	136	76597240	16906
chr11	64538041	64738041	harbor1	chr11	64576443	64576592	LINE/L2	467	-	74	64576517	38476
chr11	64538041	64738041	harbor1	chr11	64587811	64588691	LINE/L2	1813	-	440	64588251	50210
chr11	64538041	64738041	harbor1	chr11	64596934	64597037	LINE/L2	446	-	52	64596986	58945
chr11	69539244	69739244	harbor1	chr11	69616764	69616946	LINE/L2	865	-	91	69616855	77611
chr11	69539244	69739244	harbor1	chr11	69617263	69617644	LINE/L2	865	-	190	69617453	78209
chr11	69539244	69739244	harbor1	chr11	69617963	69618458	LINE/L2	1170	-	248	69618211	78967
chr11	64218129	64418129	harbor1	chr11	64312577	64312867	LINE/L2	507	-	145	64312722	94593
chr11	64218129	64418129	harbor1	chr11	64312885	64313723	LINE/L2	1478	-	419	64313304	95175
chr11	68332140	68532140	harbor1	chr11	68351737	68352301	LINE/L2	505	-	282	68352019	19879
chr11	3116372	3316372	harbor1	chr11	3175504	3176054	LINE/L2	755	-	275	3175779	59407
chr11	3116372	3316372	harbor1	chr11	3161893	3162376	LINE/L2	410	-	242	3162135	45763
chr11	7933373	8133373	harbor1	chr11	8025020	8025452	LINE/L2	1204	-	216	8025236	91863
chr11	76580627	76780627	harbor1	chr11	76597104	76597375	LINE/L2	419	-	136	76597240	16613
chr11	76575076	76775076	harbor1	chr11	76597104	76597375	LINE/L2	419	-	136	76597240	22164
chr11	7520537	7720537	harbor1	chr11	7533396	7533830	LINE/L2	434	-	217	7533613	13076
chr11	7520537	7720537	harbor1	chr11	7595060	7595254	LINE/L2	496	-	97	7595157	74620
chr11	7520537	7720537	harbor1	chr11	7619070	7619427	LINE/L2	569	-	178	7619248	98711
chr11	7520537	7720537	harbor1	chr11	7619477	7619928	LINE/L2	572	-	226	7619703	99166
chr11	32939956	33139956	harbor1	chr11	32974608	32974746	LINE/L2	537	-	69	32974677	34721
chr11	32939956	33139956	harbor1	chr11	33005783	33006259	LINE/L2	933	-	238	33006021	66065
chr11	32939956	33139956	harbor1	chr11	33006530	33007006	LINE/L2	2042	-	238	33006768	66812
chr11	32939956	33139956	harbor1	chr11	33007342	33007525	LINE/L2	2042	-	92	33007434	67478
chr11	76580968	76780968	harbor1	chr11	76597104	76597375	LINE/L2	419	-	136	76597240	16272
chr11	9413280	9613280	harbor1	chr11	9470211	9470978	LINE/L2	1365	-	384	9470595	57315
chr11	9413280	9613280	harbor1	chr11	9501432	9501837	LINE/L2	452	-	202	9501634	88354
chr11	64752705	64952705	harbor1	chr11	64813808	64814127	LINE/L2	492	-	160	64813968	61263
chr11	64752705	64952705	harbor1	chr11	64815597	64815793	LINE/L2	711	-	98	64815695	62990
chr11	64752705	64952705	harbor1	chr11	64817505	64818305	LINE/L2	1363	-	400	64817905	65200
chr11	64001831	64201831	harbor1	chr11	64013143	64013640	LINE/L2	951	-	248	64013391	11560
chr11	3160998	3360998	harbor1	chr11	3175504	3176054	LINE/L2	755	-	275	3175779	14781
chr11	3160998	3360998	harbor1	chr11	3161893	3162376	LINE/L2	410	-	242	3162135	1137
chr11	65286790	65486790	harbor1	chr11	65322516	65322746	LINE/L2	518	-	115	65322631	35841
chr11	65286790	65486790	harbor1	chr11	65346521	65346849	LINE/L2	579	-	164	65346685	59895
chr11	64537966	64737966	harbor1	chr11	64576443	64576592	LINE/L2	467	-	74	64576517	38551
chr11	64537966	64737966	harbor1	chr11	64587811	64588691	LINE/L2	1813	-	440	64588251	50285
chr11	64537966	64737966	harbor1	chr11	64596934	64597037	LINE/L2	446	-	52	64596986	59020
chr11	66158664	66358664	harbor1	chr11	66195715	66195827	LINE/L2	670	-	56	66195771	37107
chr11	66158664	66358664	harbor1	chr11	66206639	66206854	LINE/L2	606	-	108	66206747	48083
chr11	65476337	65676337	harbor1	chr11	65528810	65528951	LINE/L2	448	-	70	65528880	52543
chr11	65476337	65676337	harbor1	chr11	65534429	65534703	LINE/L2	834	-	137	65534566	58229
chr11	65476337	65676337	harbor1	chr11	65549959	65550127	LINE/L2	697	-	84	65550043	73706
chr11	65476337	65676337	harbor1	chr11	65550446	65550531	LINE/L2	697	-	42	65550488	74151
chr11	65476337	65676337	harbor1	chr11	65560453	65560976	LINE/L2	516	-	262	65560715	84378
chr11	67172339	67372339	harbor1	chr11	67246278	67246367	LINE/L2	433	-	44	67246322	73983
chr11	67172339	67372339	harbor1	chr11	67262772	67263512	LINE/L2	796	-	370	67263142	90803
chr11	67172318	67372318	harbor1	chr11	67246278	67246367	LINE/L2	433	-	44	67246322	74004
chr11	67172318	67372318	harbor1	chr11	67262772	67263512	LINE/L2	796	-	370	67263142	90824
chr11	64348428	64548428	harbor1	chr11	64410959	64411230	LINE/L2	596	-	136	64411095	62667
chr11	64348428	64548428	harbor1	chr11	64411294	64411661	LINE/L2	463	-	184	64411478	63050
chr11	64348428	64548428	harbor1	chr11	64411973	64412081	LINE/L2	463	-	54	64412027	63599
chr11	64348428	64548428	harbor1	chr11	64413484	64413609	LINE/L2	452	-	62	64413546	65118
chr11	64348428	64548428	harbor1	chr11	64414911	64415363	LINE/L2	452	-	226	64415137	66709
chr11	69539269	69739269	harbor1	chr11	69616764	69616946	LINE/L2	865	-	91	69616855	77586
chr11	69539269	69739269	harbor1	chr11	69617263	69617644	LINE/L2	865	-	190	69617453	78184
chr11	69539269	69739269	harbor1	chr11	69617963	69618458	LINE/L2	1170	-	248	69618211	78942
chr11	46818647	47018647	harbor1	chr11	46818991	46819531	LINE/L2	618	-	270	46819261	614
chr11	46818647	47018647	harbor1	chr11	46850427	46850684	LINE/L2	805	-	128	46850555	31908
chr11	46818647	47018647	harbor1	chr11	46853320	46853569	LINE/L2	601	-	124	46853444	34797
chr11	9513814	9713814	harbor1	chr11	9606782	9606996	LINE/L2	465	-	107	9606889	93075
chr11	9513814	9713814	harbor1	chr11	9608792	9608987	LINE/L2	1495	-	98	9608890	95076
chr11	9513814	9713814	harbor1	chr11	9609273	9609606	LINE/L2	1495	-	166	9609439	95625
chr11	9513814	9713814	harbor1	chr11	9610303	9610454	LINE/L2	587	-	76	9610379	96565
chr11	19613809	19813809	harbor1	chr11	19617457	19617754	LINE/L2	484	-	148	19617605	3796
chr11	19613809	19813809	harbor1	chr11	19634575	19634924	LINE/L2	440	-	174	19634749	20940
chr11	19613809	19813809	harbor1	chr11	19635172	19635419	LINE/L2	443	-	124	19635296	21487
chr11	19613809	19813809	harbor1	chr11	19656350	19657134	LINE/L2	993	-	392	19656742	42933
chr11	19613809	19813809	harbor1	chr11	19659353	19659689	LINE/L2	443	-	168	19659521	45712
chr11	19613809	19813809	harbor1	chr11	19667232	19667374	LINE/L2	419	-	71	19667303	53494
chr11	19613809	19813809	harbor1	chr11	19692702	19692815	LINE/L2	516	-	56	19692758	78949
chr11	1289622	1489622	harbor1	chr11	1377447	1377775	LINE/L2	458	-	164	1377611	87989
chr11	64538002	64738002	harbor1	chr11	64576443	64576592	LINE/L2	467	-	74	64576517	38515
chr11	64538002	64738002	harbor1	chr11	64587811	64588691	LINE/L2	1813	-	440	64588251	50249
chr11	64538002	64738002	harbor1	chr11	64596934	64597037	LINE/L2	446	-	52	64596986	58984
chr11	67368631	67568631	harbor1	chr11	67388439	67388521	LINE/L2	463	-	41	67388480	19849
chr11	67368631	67568631	harbor1	chr11	67389148	67389838	LINE/L2	750	-	345	67389493	20862
chr11	67368631	67568631	harbor1	chr11	67417009	67417115	LINE/L2	431	-	53	67417062	48431
chr11	67368631	67568631	harbor1	chr11	67465318	67465595	LINE/L2	502	-	138	67465456	96825
chr11	64032759	64232759	harbor1	chr11	64106389	64106544	LINE/L2	407	-	78	64106467	73708
chr11	64032759	64232759	harbor1	chr11	64112148	64112233	LINE/L2	761	-	42	64112190	79431
chr11	64032759	64232759	harbor1	chr11	64112546	64112797	LINE/L2	761	-	126	64112672	79913
chr11	86572183	86772183	harbor1	chr11	86585122	86586125	LINE/L2	1577	-	502	86585624	13441
chr11	86572183	86772183	harbor1	chr11	86588061	86588206	LINE/L2	495	-	72	86588133	15950
chr11	86572183	86772183	harbor1	chr11	86593995	86594129	LINE/L2	488	-	67	86594062	21879
chr11	86572183	86772183	harbor1	chr11	86625585	86625722	LINE/L2	432	-	68	86625653	53470
chr11	86572183	86772183	harbor1	chr11	86665109	86665917	LINE/L2	1117	-	404	86665513	93330
chr11	47085613	47285613	harbor1	chr11	47093407	47093548	LINE/L2	592	-	70	47093477	7864
chr11	47085613	47285613	harbor1	chr11	47151056	47151144	LINE/L2	550	-	44	47151100	65487
chr11	47085613	47285613	harbor1	chr11	47151413	47151673	LINE/L2	550	-	130	47151543	65930
chr11	47085613	47285613	harbor1	chr11	47179638	47179945	LINE/L2	416	-	154	47179792	94179
chr12	49266683	49466683	harbor1	chr12	49301789	49302188	LINE/L2	855	-	200	49301989	35306
chr12	49266683	49466683	harbor1	chr12	49327611	49328214	LINE/L2	1393	-	302	49327913	61230
chr12	49266683	49466683	harbor1	chr12	49328522	49328583	LINE/L2	957	-	30	49328552	61869
chr12	113085240	113285240	harbor1	chr12	113085693	113085987	LINE/L2	1325	-	147	113085840	600
chr12	113085240	113285240	harbor1	chr12	113086285	113086597	LINE/L2	1325	-	156	113086441	1201
chr12	113085240	113285240	harbor1	chr12	113088622	113088708	LINE/L2	1091	-	43	113088665	3425
chr12	113085240	113285240	harbor1	chr12	113089035	113089355	LINE/L2	1091	-	160	113089195	3955
chr12	49267301	49467301	harbor1	chr12	49301789	49302188	LINE/L2	855	-	200	49301989	34688
chr12	49267301	49467301	harbor1	chr12	49327611	49328214	LINE/L2	1393	-	302	49327913	60612
chr12	49267301	49467301	harbor1	chr12	49328522	49328583	LINE/L2	957	-	30	49328552	61251
chr12	49267230	49467230	harbor1	chr12	49301789	49302188	LINE/L2	855	-	200	49301989	34759
chr12	49267230	49467230	harbor1	chr12	49327611	49328214	LINE/L2	1393	-	302	49327913	60683
chr12	49267230	49467230	harbor1	chr12	49328522	49328583	LINE/L2	957	-	30	49328552	61322
chr12	6863305	7063305	harbor1	chr12	6906763	6907082	LINE/L2	901	-	160	6906923	43618
chr12	6863305	7063305	harbor1	chr12	6947182	6947387	LINE/L2	1087	-	102	6947284	83979
chr12	6863305	7063305	harbor1	chr12	6947693	6947964	LINE/L2	1087	-	136	6947829	84524
chr12	49267240	49467240	harbor1	chr12	49301789	49302188	LINE/L2	855	-	200	49301989	34749
chr12	49267240	49467240	harbor1	chr12	49327611	49328214	LINE/L2	1393	-	302	49327913	60673
chr12	49267240	49467240	harbor1	chr12	49328522	49328583	LINE/L2	957	-	30	49328552	61312
chr12	49267271	49467271	harbor1	chr12	49301789	49302188	LINE/L2	855	-	200	49301989	34718
chr12	49267271	49467271	harbor1	chr12	49327611	49328214	LINE/L2	1393	-	302	49327913	60642
chr12	49267271	49467271	harbor1	chr12	49328522	49328583	LINE/L2	957	-	30	49328552	61281
chr12	1	131655	harbor1	chr12	80583	81041	LINE/L2	1034	-	229	80812	80811
chr12	1	131655	harbor1	chr12	83236	83642	LINE/L2	776	-	203	83439	83438
chr12	1	131655	harbor1	chr12	81258	82041	LINE/L2	1772	-	392	81650	81649
chr12	6863247	7063247	harbor1	chr12	6906763	6907082	LINE/L2	901	-	160	6906923	43676
chr12	6863247	7063247	harbor1	chr12	6947182	6947387	LINE/L2	1087	-	102	6947284	84037
chr12	6863247	7063247	harbor1	chr12	6947693	6947964	LINE/L2	1087	-	136	6947829	84582
chr12	110180833	110380833	harbor1	chr12	110240588	110240633	LINE/L2	622	-	22	110240610	59777
chr12	110180833	110380833	harbor1	chr12	110240920	110241226	LINE/L2	622	-	153	110241073	60240
chr12	55898013	56098013	harbor1	chr12	55944528	55944767	LINE/L2	746	-	120	55944648	46635
chr12	55898013	56098013	harbor1	chr12	55945100	55945404	LINE/L2	746	-	152	55945252	47239
chr12	1	127337	harbor1	chr12	80583	81041	LINE/L2	1034	-	229	80812	80811
chr12	1	127337	harbor1	chr12	83236	83642	LINE/L2	776	-	203	83439	83438
chr12	1	127337	harbor1	chr12	81258	82041	LINE/L2	1772	-	392	81650	81649
chr12	123133097	123333097	harbor1	chr12	123212045	123212408	LINE/L2	1116	-	182	123212227	79130
chr12	123133097	123333097	harbor1	chr12	123213712	123214062	LINE/L2	1116	-	175	123213887	80790
chr12	6863232	7063232	harbor1	chr12	6906763	6907082	LINE/L2	901	-	160	6906923	43691
chr12	6863232	7063232	harbor1	chr12	6947182	6947387	LINE/L2	1087	-	102	6947284	84052
chr12	6863232	7063232	harbor1	chr12	6947693	6947964	LINE/L2	1087	-	136	6947829	84597
chr12	131268647	131468647	harbor1	chr12	131296074	131296291	LINE/L2	602	-	108	131296182	27535
chr12	131268647	131468647	harbor1	chr12	131354388	131355139	LINE/L2	590	-	376	131354764	86117
chr12	10112880	10312880	harbor1	chr12	10114670	10114856	LINE/L2	1047	-	93	10114763	1883
chr12	10112880	10312880	harbor1	chr12	10114944	10115146	LINE/L2	1047	-	101	10115045	2165
chr12	10112880	10312880	harbor1	chr12	10115444	10115830	LINE/L2	1047	-	193	10115637	2757
chr12	49267257	49467257	harbor1	chr12	49301789	49302188	LINE/L2	855	-	200	49301989	34732
chr12	49267257	49467257	harbor1	chr12	49327611	49328214	LINE/L2	1393	-	302	49327913	60656
chr12	49267257	49467257	harbor1	chr12	49328522	49328583	LINE/L2	957	-	30	49328552	61295
chr12	2940625	3140625	harbor1	chr12	3007978	3008700	LINE/L2	900	-	361	3008339	67714
chr12	49195916	49395916	harbor1	chr12	49253112	49253519	LINE/L2	980	-	204	49253316	57400
chr12	49267229	49467229	harbor1	chr12	49301789	49302188	LINE/L2	855	-	200	49301989	34760
chr12	49267229	49467229	harbor1	chr12	49327611	49328214	LINE/L2	1393	-	302	49327913	60684
chr12	49267229	49467229	harbor1	chr12	49328522	49328583	LINE/L2	957	-	30	49328552	61323
chr12	49266901	49466901	harbor1	chr12	49301789	49302188	LINE/L2	855	-	200	49301989	35088
chr12	49266901	49466901	harbor1	chr12	49327611	49328214	LINE/L2	1393	-	302	49327913	61012
chr12	49266901	49466901	harbor1	chr12	49328522	49328583	LINE/L2	957	-	30	49328552	61651
chr12	48880879	49080879	harbor1	chr12	48974623	48974989	LINE/L2	664	-	183	48974806	93927
chr12	49267266	49467266	harbor1	chr12	49301789	49302188	LINE/L2	855	-	200	49301989	34723
chr12	49267266	49467266	harbor1	chr12	49327611	49328214	LINE/L2	1393	-	302	49327913	60647
chr12	49267266	49467266	harbor1	chr12	49328522	49328583	LINE/L2	957	-	30	49328552	61286
chr12	68421784	68621784	harbor1	chr12	68423470	68423800	LINE/L2	1127	-	165	68423635	1851
chr12	68421784	68621784	harbor1	chr12	68424112	68424137	LINE/L2	1127	-	12	68424124	2340
chr12	68421784	68621784	harbor1	chr12	68424396	68424721	LINE/L2	1127	-	162	68424558	2774
chr12	6863318	7063318	harbor1	chr12	6906763	6907082	LINE/L2	901	-	160	6906923	43605
chr12	6863318	7063318	harbor1	chr12	6947182	6947387	LINE/L2	1087	-	102	6947284	83966
chr12	6863318	7063318	harbor1	chr12	6947693	6947964	LINE/L2	1087	-	136	6947829	84511
chr12	6863293	7063293	harbor1	chr12	6906763	6907082	LINE/L2	901	-	160	6906923	43630
chr12	6863293	7063293	harbor1	chr12	6947182	6947387	LINE/L2	1087	-	102	6947284	83991
chr12	6863293	7063293	harbor1	chr12	6947693	6947964	LINE/L2	1087	-	136	6947829	84536
chr12	69779300	69979300	harbor1	chr12	69832309	69832944	LINE/L2	1216	-	318	69832627	53327
chr12	69779300	69979300	harbor1	chr12	69832988	69833457	LINE/L2	1243	-	234	69833222	53922
chr12	89254167	89454167	harbor1	chr12	89276637	89276831	LINE/L2	637	-	97	89276734	22567
chr12	89254167	89454167	harbor1	chr12	89294960	89295539	LINE/L2	594	-	290	89295250	41083
chr12	53851036	54051036	harbor1	chr12	53909478	53909757	LINE/L2	986	-	140	53909618	58582
chr12	53851036	54051036	harbor1	chr12	53910075	53910184	LINE/L2	986	-	54	53910129	59093
chr12	53851036	54051036	harbor1	chr12	53911469	53912136	LINE/L2	1175	-	334	53911803	60767
chr12	6863233	7063233	harbor1	chr12	6906763	6907082	LINE/L2	901	-	160	6906923	43690
chr12	6863233	7063233	harbor1	chr12	6947182	6947387	LINE/L2	1087	-	102	6947284	84051
chr12	6863233	7063233	harbor1	chr12	6947693	6947964	LINE/L2	1087	-	136	6947829	84596
chr12	47713189	47913189	harbor1	chr12	47713524	47713998	LINE/L2	1082	-	237	47713761	572
chr12	47713189	47913189	harbor1	chr12	47714319	47714829	LINE/L2	1135	-	255	47714574	1385
chr12	47713189	47913189	harbor1	chr12	47767576	47767962	LINE/L2	869	-	193	47767769	54580
chr12	47713189	47913189	harbor1	chr12	47768277	47768548	LINE/L2	869	-	136	47768413	55224
chr12	49267212	49467212	harbor1	chr12	49301789	49302188	LINE/L2	855	-	200	49301989	34777
chr12	49267212	49467212	harbor1	chr12	49327611	49328214	LINE/L2	1393	-	302	49327913	60701
chr12	49267212	49467212	harbor1	chr12	49328522	49328583	LINE/L2	957	-	30	49328552	61340
chr12	10623688	10823688	harbor1	chr12	10644744	10645374	LINE/L2	663	-	315	10645059	21371
chr12	10623688	10823688	harbor1	chr12	10632261	10633365	LINE/L2	1505	-	552	10632813	9125
chr12	6248395	6448395	harbor1	chr12	6260349	6260661	LINE/L2	1706	-	156	6260505	12110
chr12	6248395	6448395	harbor1	chr12	6260958	6261482	LINE/L2	1706	-	262	6261220	12825
chr12	6248395	6448395	harbor1	chr12	6271576	6271666	LINE/L2	809	-	45	6271621	23226
chr12	6248395	6448395	harbor1	chr12	6271962	6271987	LINE/L2	809	-	12	6271974	23579
chr12	6248395	6448395	harbor1	chr12	6272303	6272549	LINE/L2	809	-	123	6272426	24031
chr12	6248395	6448395	harbor1	chr12	6346842	6347224	LINE/L2	638	-	191	6347033	98638
chr12	96299297	96499297	harbor1	chr12	96326219	96326572	LINE/L2	720	-	176	96326395	27098
chr12	96299297	96499297	harbor1	chr12	96326760	96326980	LINE/L2	720	-	110	96326870	27573
chr12	122759135	122959135	harbor1	chr12	122763752	122764317	LINE/L2	1108	-	282	122764034	4899
chr12	122759135	122959135	harbor1	chr12	122830655	122831069	LINE/L2	645	-	207	122830862	71727
chr12	6863320	7063320	harbor1	chr12	6906763	6907082	LINE/L2	901	-	160	6906923	43603
chr12	6863320	7063320	harbor1	chr12	6947182	6947387	LINE/L2	1087	-	102	6947284	83964
chr12	6863320	7063320	harbor1	chr12	6947693	6947964	LINE/L2	1087	-	136	6947829	84509
chr12	6863258	7063258	harbor1	chr12	6906763	6907082	LINE/L2	901	-	160	6906923	43665
chr12	6863258	7063258	harbor1	chr12	6947182	6947387	LINE/L2	1087	-	102	6947284	84026
chr12	6863258	7063258	harbor1	chr12	6947693	6947964	LINE/L2	1087	-	136	6947829	84571
chr12	110178230	110378230	harbor1	chr12	110240588	110240633	LINE/L2	622	-	22	110240610	62380
chr12	110178230	110378230	harbor1	chr12	110240920	110241226	LINE/L2	622	-	153	110241073	62843
chr12	1	131656	harbor1	chr12	80583	81041	LINE/L2	1034	-	229	80812	80811
chr12	1	131656	harbor1	chr12	83236	83642	LINE/L2	776	-	203	83439	83438
chr12	1	131656	harbor1	chr12	81258	82041	LINE/L2	1772	-	392	81650	81649
chr12	64467190	64667190	harbor1	chr12	64468527	64468828	LINE/L2	756	-	150	64468677	1487
chr12	64467190	64667190	harbor1	chr12	64473491	64473643	LINE/L2	946	-	76	64473567	6377
chr12	64467190	64667190	harbor1	chr12	64473940	64474184	LINE/L2	946	-	122	64474062	6872
chr13	94612331	94812331	harbor1	chr13	94647428	94647887	LINE/L2	572	-	230	94647658	35327
chr13	94612331	94812331	harbor1	chr13	94690496	94690576	LINE/L2	442	-	40	94690536	78205
chr13	94612331	94812331	harbor1	chr13	94691632	94691661	LINE/L2	1222	-	14	94691646	79315
chr13	94612331	94812331	harbor1	chr13	94691962	94692345	LINE/L2	1222	-	192	94692154	79823
chr13	94612331	94812331	harbor1	chr13	94694773	94695021	LINE/L2	845	-	124	94694897	82566
chr13	94612331	94812331	harbor1	chr13	94698590	94698805	LINE/L2	491	-	108	94698698	86367
chr13	94612331	94812331	harbor1	chr13	94699114	94699187	LINE/L2	491	-	36	94699150	86819
chr13	94612331	94812331	harbor1	chr13	94700080	94700234	LINE/L2	602	-	77	94700157	87826
chr13	94612331	94812331	harbor1	chr13	94682491	94683723	LINE/L2	1465	-	616	94683107	70776
chr13	94612331	94812331	harbor1	chr13	94699511	94699573	LINE/L2	602	-	31	94699542	87211
chr13	44477883	44677883	harbor1	chr13	44519488	44520686	LINE/L2	926	-	599	44520087	42204
chr13	44477883	44677883	harbor1	chr13	44521915	44522556	LINE/L2	651	-	320	44522235	44352
chr13	44477883	44677883	harbor1	chr13	44564652	44565409	LINE/L2	862	-	378	44565030	87147
chr13	27728634	27928634	harbor1	chr13	27737565	27737949	LINE/L2	948	-	192	27737757	9123
chr13	27728634	27928634	harbor1	chr13	27789120	27789417	LINE/L2	835	-	148	27789268	60634
chr13	27728634	27928634	harbor1	chr13	27812211	27812530	LINE/L2	603	-	160	27812371	83737
chr13	27728634	27928634	harbor1	chr13	27814617	27814783	LINE/L2	714	-	83	27814700	86066
chr13	27728634	27928634	harbor1	chr13	27815068	27815232	LINE/L2	714	-	82	27815150	86516
chr13	50025212	50225212	harbor1	chr13	50091853	50092390	LINE/L2	595	-	268	50092121	66909
chr13	50025212	50225212	harbor1	chr13	50092700	50093166	LINE/L2	595	-	233	50092933	67721
chr13	48133654	48333654	harbor1	chr13	48141351	48141691	LINE/L2	772	-	170	48141521	7867
chr13	48133654	48333654	harbor1	chr13	48141984	48142162	LINE/L2	772	-	89	48142073	8419
chr13	48133654	48333654	harbor1	chr13	48177284	48177598	LINE/L2	440	-	157	48177441	43787
chr13	94612324	94812324	harbor1	chr13	94647428	94647887	LINE/L2	572	-	230	94647658	35334
chr13	94612324	94812324	harbor1	chr13	94690496	94690576	LINE/L2	442	-	40	94690536	78212
chr13	94612324	94812324	harbor1	chr13	94691632	94691661	LINE/L2	1222	-	14	94691646	79322
chr13	94612324	94812324	harbor1	chr13	94691962	94692345	LINE/L2	1222	-	192	94692154	79830
chr13	94612324	94812324	harbor1	chr13	94694773	94695021	LINE/L2	845	-	124	94694897	82573
chr13	94612324	94812324	harbor1	chr13	94698590	94698805	LINE/L2	491	-	108	94698698	86374
chr13	94612324	94812324	harbor1	chr13	94699114	94699187	LINE/L2	491	-	36	94699150	86826
chr13	94612324	94812324	harbor1	chr13	94700080	94700234	LINE/L2	602	-	77	94700157	87833
chr13	94612324	94812324	harbor1	chr13	94682491	94683723	LINE/L2	1465	-	616	94683107	70783
chr13	94612324	94812324	harbor1	chr13	94699511	94699573	LINE/L2	602	-	31	94699542	87218
chr13	27707987	27907987	harbor1	chr13	27714321	27715116	LINE/L2	1652	-	398	27714719	6732
chr13	27707987	27907987	harbor1	chr13	27715406	27715981	LINE/L2	1652	-	288	27715694	7707
chr13	27707987	27907987	harbor1	chr13	27737565	27737949	LINE/L2	948	-	192	27737757	29770
chr13	27707987	27907987	harbor1	chr13	27789120	27789417	LINE/L2	835	-	148	27789268	81281
chr13	28720365	28920365	harbor1	chr13	28766499	28767125	LINE/L2	697	-	313	28766812	46447
chr13	28720365	28920365	harbor1	chr13	28767570	28767644	LINE/L2	697	-	37	28767607	47242
chr13	27925914	28125914	harbor1	chr13	27944377	27944692	LINE/L2	429	-	158	27944535	18621
chr13	99473104	99673104	harbor1	chr13	99523649	99524732	LINE/L2	4583	-	542	99524191	51087
chr13	99473104	99673104	harbor1	chr13	99524849	99525235	LINE/L2	4583	-	193	99525042	51938
chr13	99473104	99673104	harbor1	chr13	99525534	99525553	LINE/L2	4583	-	10	99525544	52440
chr13	99473104	99673104	harbor1	chr13	99525855	99527249	LINE/L2	4583	-	697	99526552	53448
chr13	99473104	99673104	harbor1	chr13	99527624	99527675	LINE/L2	4583	-	26	99527650	54546
chr13	21574752	21774752	harbor1	chr13	21658221	21658558	LINE/L2	429	-	168	21658389	83637
chr13	21574752	21774752	harbor1	chr13	21658630	21659275	LINE/L2	1004	-	322	21658952	84200
chr13	72959194	73159194	harbor1	chr13	72979500	72979641	LINE/L2	551	-	70	72979570	20376
chr13	72959194	73159194	harbor1	chr13	72979944	72980513	LINE/L2	551	-	284	72980228	21034
chr13	72959194	73159194	harbor1	chr13	72980831	72980963	LINE/L2	551	-	66	72980897	21703
chr13	72959194	73159194	harbor1	chr13	72981279	72981587	LINE/L2	551	-	154	72981433	22239
chr13	72959194	73159194	harbor1	chr13	73008508	73008692	LINE/L2	624	-	92	73008600	49406
chr13	50026224	50226224	harbor1	chr13	50091853	50092390	LINE/L2	595	-	268	50092121	65897
chr13	50026224	50226224	harbor1	chr13	50092700	50093166	LINE/L2	595	-	233	50092933	66709
chr13	75438285	75638285	harbor1	chr13	75494166	75495114	LINE/L2	798	-	474	75494640	56355
chr13	75438285	75638285	harbor1	chr13	75534900	75535567	LINE/L2	995	-	334	75535234	96949
chr14	102975689	103175689	harbor1	chr14	103022203	103022369	LINE/L2	481	-	83	103022286	46597
chr14	67140824	67340824	harbor1	chr14	67184274	67185093	LINE/L2	669	-	410	67184684	43860
chr14	67140824	67340824	harbor1	chr14	67209137	67209458	LINE/L2	735	-	160	67209297	68473
chr14	67140824	67340824	harbor1	chr14	67233643	67234011	LINE/L2	1209	-	184	67233827	93003
chr14	67140824	67340824	harbor1	chr14	67234232	67234543	LINE/L2	713	-	156	67234388	93564
chr14	104092916	104292916	harbor1	chr14	104131780	104132023	LINE/L2	905	-	122	104131902	38986
chr14	104092916	104292916	harbor1	chr14	104132315	104132497	LINE/L2	905	-	91	104132406	39490
chr14	24016236	24216236	harbor1	chr14	24087666	24087794	LINE/L2	522	-	64	24087730	71494
chr14	24016236	24216236	harbor1	chr14	24089629	24090200	LINE/L2	849	-	286	24089915	73679
chr14	88724597	88924597	harbor1	chr14	88725664	88725967	LINE/L2	508	-	152	88725816	1219
chr14	88724597	88924597	harbor1	chr14	88786468	88786544	LINE/L2	668	-	38	88786506	61909
chr14	88724597	88924597	harbor1	chr14	88786893	88787065	LINE/L2	668	-	86	88786979	62382
chr14	88724597	88924597	harbor1	chr14	88812801	88813071	LINE/L2	505	-	135	88812936	88339
chr14	103423043	103623043	harbor1	chr14	103505281	103505739	LINE/L2	1210	-	229	103505510	82467
chr14	103423043	103623043	harbor1	chr14	103506033	103506213	LINE/L2	1210	-	90	103506123	83080
chr14	66383081	66583081	harbor1	chr14	66388451	66389278	LINE/L2	1557	-	414	66388865	5784
chr14	66383081	66583081	harbor1	chr14	66389645	66389999	LINE/L2	609	-	177	66389822	6741
chr14	66383081	66583081	harbor1	chr14	66391279	66391854	LINE/L2	1599	-	288	66391567	8486
chr14	66383081	66583081	harbor1	chr14	66392190	66392363	LINE/L2	1599	-	86	66392276	9195
chr14	66383081	66583081	harbor1	chr14	66409676	66409774	LINE/L2	479	-	49	66409725	26644
chr14	66383081	66583081	harbor1	chr14	66428245	66429025	LINE/L2	716	-	390	66428635	45554
chr14	66383081	66583081	harbor1	chr14	66453286	66453390	LINE/L2	650	-	52	66453338	70257
chr14	66383081	66583081	harbor1	chr14	66453608	66454007	LINE/L2	650	-	200	66453808	70727
chr14	66383081	66583081	harbor1	chr14	66454452	66454974	LINE/L2	1265	-	261	66454713	71632
chr14	67140760	67340760	harbor1	chr14	67184274	67185093	LINE/L2	669	-	410	67184684	43924
chr14	67140760	67340760	harbor1	chr14	67209137	67209458	LINE/L2	735	-	160	67209297	68537
chr14	67140760	67340760	harbor1	chr14	67233643	67234011	LINE/L2	1209	-	184	67233827	93067
chr14	67140760	67340760	harbor1	chr14	67234232	67234543	LINE/L2	713	-	156	67234388	93628
chr14	99583656	99783656	harbor1	chr14	99605510	99606066	LINE/L2	758	-	278	99605788	22132
chr14	67140882	67340882	harbor1	chr14	67184274	67185093	LINE/L2	669	-	410	67184684	43802
chr14	67140882	67340882	harbor1	chr14	67209137	67209458	LINE/L2	735	-	160	67209297	68415
chr14	67140882	67340882	harbor1	chr14	67233643	67234011	LINE/L2	1209	-	184	67233827	92945
chr14	67140882	67340882	harbor1	chr14	67234232	67234543	LINE/L2	713	-	156	67234388	93506
chr14	75327984	75527984	harbor1	chr14	75330425	75331046	LINE/L2	754	-	310	75330735	2751
chr14	75327984	75527984	harbor1	chr14	75331031	75331070	LINE/L2	456	-	20	75331051	3067
chr14	75327984	75527984	harbor1	chr14	75331373	75331671	LINE/L2	456	-	149	75331522	3538
chr14	75327984	75527984	harbor1	chr14	75395643	75396079	LINE/L2	630	-	218	75395861	67877
chr14	104092837	104292837	harbor1	chr14	104131780	104132023	LINE/L2	905	-	122	104131902	39065
chr14	104092837	104292837	harbor1	chr14	104132315	104132497	LINE/L2	905	-	91	104132406	39569
chr14	63247906	63447906	harbor1	chr14	63340296	63340684	LINE/L2	679	-	194	63340490	92584
chr14	57989413	58189413	harbor1	chr14	58067243	58067369	LINE/L2	533	-	63	58067306	77893
chr14	57989413	58189413	harbor1	chr14	58069258	58069817	LINE/L2	564	-	280	58069538	80125
chr14	57989413	58189413	harbor1	chr14	58069883	58070229	LINE/L2	463	-	173	58070056	80643
chr14	67488947	67688947	harbor1	chr14	67492792	67493170	LINE/L2	672	-	189	67492981	4034
chr14	67488947	67688947	harbor1	chr14	67584665	67584952	LINE/L2	575	-	144	67584809	95862
chr14	54388477	54588477	harbor1	chr14	54441573	54442066	LINE/L2	740	-	246	54441819	53342
chr14	54388477	54588477	harbor1	chr14	54486887	54487113	LINE/L2	485	-	113	54487000	98523
chr14	54388477	54588477	harbor1	chr14	54487726	54488140	LINE/L2	485	-	207	54487933	99456
chr14	103462452	103662452	harbor1	chr14	103505281	103505739	LINE/L2	1210	-	229	103505510	43058
chr14	103462452	103662452	harbor1	chr14	103506033	103506213	LINE/L2	1210	-	90	103506123	43671
chr14	103462452	103662452	harbor1	chr14	103531122	103531497	LINE/L2	472	-	188	103531310	68858
chr14	75328384	75528384	harbor1	chr14	75330425	75331046	LINE/L2	754	-	310	75330735	2351
chr14	75328384	75528384	harbor1	chr14	75331031	75331070	LINE/L2	456	-	20	75331051	2667
chr14	75328384	75528384	harbor1	chr14	75331373	75331671	LINE/L2	456	-	149	75331522	3138
chr14	75328384	75528384	harbor1	chr14	75395643	75396079	LINE/L2	630	-	218	75395861	67477
chr14	51349924	51549924	harbor1	chr14	51365561	51365694	LINE/L2	1353	-	66	51365627	15703
chr14	51349924	51549924	harbor1	chr14	51365721	51366445	LINE/L2	1353	-	362	51366083	16159
chr14	51349924	51549924	harbor1	chr14	51381699	51382215	LINE/L2	940	-	258	51381957	32033
chr14	51349924	51549924	harbor1	chr14	51362843	51365165	LINE/L2	4053	-	1161	51364004	14080
chr14	104195767	104395767	harbor1	chr14	104235578	104236254	LINE/L2	840	-	338	104235916	40149
chr14	65117756	65317756	harbor1	chr14	65157604	65157907	LINE/L2	655	-	152	65157756	40000
chr14	103423133	103623133	harbor1	chr14	103505281	103505739	LINE/L2	1210	-	229	103505510	82377
chr14	103423133	103623133	harbor1	chr14	103506033	103506213	LINE/L2	1210	-	90	103506123	82990
chr14	23419129	23619129	harbor1	chr14	23437974	23438074	LINE/L2	500	-	50	23438024	18895
chr14	23419129	23619129	harbor1	chr14	23441008	23441432	LINE/L2	464	-	212	23441220	22091
chr14	23419129	23619129	harbor1	chr14	23508288	23508545	LINE/L2	1109	-	128	23508416	89287
chr14	23419129	23619129	harbor1	chr14	23508858	23509059	LINE/L2	1109	-	100	23508958	89829
chr14	23477321	23677321	harbor1	chr14	23508288	23508545	LINE/L2	1109	-	128	23508416	31095
chr14	23477321	23677321	harbor1	chr14	23508858	23509059	LINE/L2	1109	-	100	23508958	31637
chr14	23477321	23677321	harbor1	chr14	23564889	23565067	LINE/L2	454	-	89	23564978	87657
chr14	75328363	75528363	harbor1	chr14	75330425	75331046	LINE/L2	754	-	310	75330735	2372
chr14	75328363	75528363	harbor1	chr14	75331031	75331070	LINE/L2	456	-	20	75331051	2688
chr14	75328363	75528363	harbor1	chr14	75331373	75331671	LINE/L2	456	-	149	75331522	3159
chr14	75328363	75528363	harbor1	chr14	75395643	75396079	LINE/L2	630	-	218	75395861	67498
chr14	75328401	75528401	harbor1	chr14	75330425	75331046	LINE/L2	754	-	310	75330735	2334
chr14	75328401	75528401	harbor1	chr14	75331031	75331070	LINE/L2	456	-	20	75331051	2650
chr14	75328401	75528401	harbor1	chr14	75331373	75331671	LINE/L2	456	-	149	75331522	3121
chr14	75328401	75528401	harbor1	chr14	75395643	75396079	LINE/L2	630	-	218	75395861	67460
chr14	104092901	104292901	harbor1	chr14	104131780	104132023	LINE/L2	905	-	122	104131902	39001
chr14	104092901	104292901	harbor1	chr14	104132315	104132497	LINE/L2	905	-	91	104132406	39505
chr14	49792466	49992466	harbor1	chr14	49826234	49826645	LINE/L2	556	-	206	49826440	33974
chr14	49792466	49992466	harbor1	chr14	49826648	49827198	LINE/L2	1440	-	275	49826923	34457
chr14	49792466	49992466	harbor1	chr14	49827487	49827516	LINE/L2	1440	-	14	49827501	35035
chr14	49792466	49992466	harbor1	chr14	49827826	49828207	LINE/L2	1440	-	190	49828016	35550
chr14	104092851	104292851	harbor1	chr14	104131780	104132023	LINE/L2	905	-	122	104131902	39051
chr14	104092851	104292851	harbor1	chr14	104132315	104132497	LINE/L2	905	-	91	104132406	39555
chr14	104017094	104217094	harbor1	chr14	104039414	104039652	LINE/L2	482	-	119	104039533	22439
chr14	104017094	104217094	harbor1	chr14	104054659	104054907	LINE/L2	525	-	124	104054783	37689
chr14	24047678	24247678	harbor1	chr14	24087666	24087794	LINE/L2	522	-	64	24087730	40052
chr14	24047678	24247678	harbor1	chr14	24089629	24090200	LINE/L2	849	-	286	24089915	42237
chr14	100118258	100318258	harbor1	chr14	100127004	100127287	LINE/L2	469	-	142	100127146	8888
chr14	103419639	103619639	harbor1	chr14	103505281	103505739	LINE/L2	1210	-	229	103505510	85871
chr14	103419639	103619639	harbor1	chr14	103506033	103506213	LINE/L2	1210	-	90	103506123	86484
chr14	67482246	67682246	harbor1	chr14	67492792	67493170	LINE/L2	672	-	189	67492981	10735
chr14	72958440	73158440	harbor1	chr14	73057473	73057709	LINE/L2	728	-	118	73057591	99151
chr14	75328399	75528399	harbor1	chr14	75330425	75331046	LINE/L2	754	-	310	75330735	2336
chr14	75328399	75528399	harbor1	chr14	75331031	75331070	LINE/L2	456	-	20	75331051	2652
chr14	75328399	75528399	harbor1	chr14	75331373	75331671	LINE/L2	456	-	149	75331522	3123
chr14	75328399	75528399	harbor1	chr14	75395643	75396079	LINE/L2	630	-	218	75395861	67462
chr14	88724593	88924593	harbor1	chr14	88725664	88725967	LINE/L2	508	-	152	88725816	1223
chr14	88724593	88924593	harbor1	chr14	88786468	88786544	LINE/L2	668	-	38	88786506	61913
chr14	88724593	88924593	harbor1	chr14	88786893	88787065	LINE/L2	668	-	86	88786979	62386
chr14	88724593	88924593	harbor1	chr14	88812801	88813071	LINE/L2	505	-	135	88812936	88343
chr14	73545047	73745047	harbor1	chr14	73574565	73574776	LINE/L2	471	-	106	73574671	29624
chr14	67141311	67341311	harbor1	chr14	67184274	67185093	LINE/L2	669	-	410	67184684	43373
chr14	67141311	67341311	harbor1	chr14	67209137	67209458	LINE/L2	735	-	160	67209297	67986
chr14	67141311	67341311	harbor1	chr14	67233643	67234011	LINE/L2	1209	-	184	67233827	92516
chr14	67141311	67341311	harbor1	chr14	67234232	67234543	LINE/L2	713	-	156	67234388	93077
chr14	24047662	24247662	harbor1	chr14	24087666	24087794	LINE/L2	522	-	64	24087730	40068
chr14	24047662	24247662	harbor1	chr14	24089629	24090200	LINE/L2	849	-	286	24089915	42253
chr14	67108235	67308235	harbor1	chr14	67184274	67185093	LINE/L2	669	-	410	67184684	76449
chr14	94469585	94669585	harbor1	chr14	94472568	94472906	LINE/L2	554	-	169	94472737	3152
chr14	94469585	94669585	harbor1	chr14	94491070	94491372	LINE/L2	755	-	151	94491221	21636
chr14	94469585	94669585	harbor1	chr14	94491376	94492391	LINE/L2	2365	-	508	94491884	22299
chr14	94469585	94669585	harbor1	chr14	94492517	94492681	LINE/L2	641	-	82	94492599	23014
chr14	21337357	21537357	harbor1	chr14	21339767	21340165	LINE/L2	634	-	199	21339966	2609
chr14	24047772	24247772	harbor1	chr14	24087666	24087794	LINE/L2	522	-	64	24087730	39958
chr14	24047772	24247772	harbor1	chr14	24089629	24090200	LINE/L2	849	-	286	24089915	42143
chr14	92893583	93093583	harbor1	chr14	92969131	92969440	LINE/L2	529	-	154	92969285	75702
chr14	92893583	93093583	harbor1	chr14	92981625	92982069	LINE/L2	639	-	222	92981847	88264
chr14	104092925	104292925	harbor1	chr14	104131780	104132023	LINE/L2	905	-	122	104131902	38977
chr14	104092925	104292925	harbor1	chr14	104132315	104132497	LINE/L2	905	-	91	104132406	39481
chr14	75328390	75528390	harbor1	chr14	75330425	75331046	LINE/L2	754	-	310	75330735	2345
chr14	75328390	75528390	harbor1	chr14	75331031	75331070	LINE/L2	456	-	20	75331051	2661
chr14	75328390	75528390	harbor1	chr14	75331373	75331671	LINE/L2	456	-	149	75331522	3132
chr14	75328390	75528390	harbor1	chr14	75395643	75396079	LINE/L2	630	-	218	75395861	67471
chr14	23251947	23451947	harbor1	chr14	23314510	23314793	LINE/L2	776	-	142	23314652	62705
chr14	23251947	23451947	harbor1	chr14	23322795	23322962	LINE/L2	540	-	84	23322879	70932
chr14	73999218	74199218	harbor1	chr14	74088881	74089370	LINE/L2	822	-	244	74089125	89907
chr14	73999218	74199218	harbor1	chr14	74089669	74089791	LINE/L2	822	-	61	74089730	90512
chr14	71816792	72016792	harbor1	chr14	71907062	71907788	LINE/L2	463	-	363	71907425	90633
chr14	104017097	104217097	harbor1	chr14	104039414	104039652	LINE/L2	482	-	119	104039533	22436
chr14	104017097	104217097	harbor1	chr14	104054659	104054907	LINE/L2	525	-	124	104054783	37686
chr14	100581636	100781636	harbor1	chr14	100612418	100612566	LINE/L2	676	-	74	100612492	30856
chr14	100581636	100781636	harbor1	chr14	100612876	100612915	LINE/L2	511	-	20	100612896	31260
chr14	100581636	100781636	harbor1	chr14	100671794	100672143	LINE/L2	601	-	174	100671968	90332
chr14	20369071	20569071	harbor1	chr14	20443820	20444400	LINE/L2	1702	-	290	20444110	75039
chr14	20369071	20569071	harbor1	chr14	20444614	20444824	LINE/L2	2427	-	105	20444719	75648
chr14	20369071	20569071	harbor1	chr14	20445101	20445146	LINE/L2	2427	-	22	20445123	76052
chr14	20369071	20569071	harbor1	chr14	20445191	20446310	LINE/L2	2427	-	560	20445751	76680
chr14	75328424	75528424	harbor1	chr14	75330425	75331046	LINE/L2	754	-	310	75330735	2311
chr14	75328424	75528424	harbor1	chr14	75331031	75331070	LINE/L2	456	-	20	75331051	2627
chr14	75328424	75528424	harbor1	chr14	75331373	75331671	LINE/L2	456	-	149	75331522	3098
chr14	75328424	75528424	harbor1	chr14	75395643	75396079	LINE/L2	630	-	218	75395861	67437
chr14	23252088	23452088	harbor1	chr14	23314510	23314793	LINE/L2	776	-	142	23314652	62564
chr14	23252088	23452088	harbor1	chr14	23322795	23322962	LINE/L2	540	-	84	23322879	70791
chr14	21337368	21537368	harbor1	chr14	21339767	21340165	LINE/L2	634	-	199	21339966	2598
chr14	50142883	50342883	harbor1	chr14	50222441	50223253	LINE/L2	2041	-	406	50222847	79964
chr14	50142883	50342883	harbor1	chr14	50223860	50224003	LINE/L2	2041	-	72	50223932	81049
chr14	50142883	50342883	harbor1	chr14	50224366	50224488	LINE/L2	2041	-	61	50224427	81544
chr14	20357270	20557270	harbor1	chr14	20443820	20444400	LINE/L2	1702	-	290	20444110	86840
chr14	20357270	20557270	harbor1	chr14	20444614	20444824	LINE/L2	2427	-	105	20444719	87449
chr14	20357270	20557270	harbor1	chr14	20445101	20445146	LINE/L2	2427	-	22	20445123	87853
chr14	20357270	20557270	harbor1	chr14	20445191	20446310	LINE/L2	2427	-	560	20445751	88481
chr14	100012246	100212246	harbor1	chr14	100068002	100068726	LINE/L2	871	-	362	100068364	56118
chr14	100012246	100212246	harbor1	chr14	100098014	100098466	LINE/L2	607	-	226	100098240	85994
chr14	54692460	54892460	harbor1	chr14	54693739	54694619	LINE/L2	1714	-	440	54694179	1719
chr14	54692460	54892460	harbor1	chr14	54707432	54708790	LINE/L2	2915	-	679	54708111	15651
chr14	54692460	54892460	harbor1	chr14	54783850	54784304	LINE/L2	491	-	227	54784077	91617
chr14	67500383	67700383	harbor1	chr14	67584665	67584952	LINE/L2	575	-	144	67584809	84426
chr14	81336737	81536737	harbor1	chr14	81337321	81337685	LINE/L2	993	-	182	81337503	766
chr14	81336737	81536737	harbor1	chr14	81413981	81414327	LINE/L2	534	-	173	81414154	77417
chr14	104091695	104291695	harbor1	chr14	104131780	104132023	LINE/L2	905	-	122	104131902	40207
chr14	104091695	104291695	harbor1	chr14	104132315	104132497	LINE/L2	905	-	91	104132406	40711
chr14	103445438	103645438	harbor1	chr14	103505281	103505739	LINE/L2	1210	-	229	103505510	60072
chr14	103445438	103645438	harbor1	chr14	103506033	103506213	LINE/L2	1210	-	90	103506123	60685
chr14	103445438	103645438	harbor1	chr14	103531122	103531497	LINE/L2	472	-	188	103531310	85872
chr14	21306992	21506992	harbor1	chr14	21339767	21340165	LINE/L2	634	-	199	21339966	32974
chr14	69474346	69674346	harbor1	chr14	69544790	69545085	LINE/L2	839	-	148	69544938	70592
chr14	69474346	69674346	harbor1	chr14	69546176	69546831	LINE/L2	2299	-	328	69546504	72158
chr14	69474346	69674346	harbor1	chr14	69516949	69517462	LINE/L2	1085	-	256	69517205	42859
chr15	31114834	31314834	harbor1	chr15	31162080	31162315	LINE/L2	619	-	118	31162198	47364
chr15	31114834	31314834	harbor1	chr15	31162557	31163120	LINE/L2	514	-	282	31162839	48005
chr15	89279015	89479015	harbor1	chr15	89300800	89300974	LINE/L2	681	-	87	89300887	21872
chr15	29169894	29369894	harbor1	chr15	29230510	29231024	LINE/L2	900	-	257	29230767	60873
chr15	50319048	50519048	harbor1	chr15	50330816	50331065	LINE/L2	438	-	124	50330940	11892
chr15	50319048	50519048	harbor1	chr15	50357235	50357411	LINE/L2	489	-	88	50357323	38275
chr15	50319048	50519048	harbor1	chr15	50357698	50357948	LINE/L2	489	-	125	50357823	38775
chr15	50319048	50519048	harbor1	chr15	50331440	50331772	LINE/L2	581	-	166	50331606	12558
chr15	32313757	32513757	harbor1	chr15	32327333	32327807	LINE/L2	580	-	237	32327570	13813
chr15	32313757	32513757	harbor1	chr15	32374156	32374620	LINE/L2	442	-	232	32374388	60631
chr15	32313757	32513757	harbor1	chr15	32408886	32409081	LINE/L2	492	-	98	32408984	95227
chr15	67421763	67621763	harbor1	chr15	67430726	67430852	LINE/L2	480	-	63	67430789	9026
chr15	67421763	67621763	harbor1	chr15	67491842	67491983	LINE/L2	479	-	70	67491912	70149
chr15	67421763	67621763	harbor1	chr15	67513860	67513996	LINE/L2	649	-	68	67513928	92165
chr15	74737065	74937065	harbor1	chr15	74824674	74825013	LINE/L2	450	-	170	74824844	87779
chr15	75330451	75530451	harbor1	chr15	75350230	75350553	LINE/L2	537	-	162	75350392	19941
chr15	67421715	67621715	harbor1	chr15	67430726	67430852	LINE/L2	480	-	63	67430789	9074
chr15	67421715	67621715	harbor1	chr15	67491842	67491983	LINE/L2	479	-	70	67491912	70197
chr15	67421715	67621715	harbor1	chr15	67513860	67513996	LINE/L2	649	-	68	67513928	92213
chr15	67421806	67621806	harbor1	chr15	67430726	67430852	LINE/L2	480	-	63	67430789	8983
chr15	67421806	67621806	harbor1	chr15	67491842	67491983	LINE/L2	479	-	70	67491912	70106
chr15	67421806	67621806	harbor1	chr15	67513860	67513996	LINE/L2	649	-	68	67513928	92122
chr15	67421703	67621703	harbor1	chr15	67430726	67430852	LINE/L2	480	-	63	67430789	9086
chr15	67421703	67621703	harbor1	chr15	67491842	67491983	LINE/L2	479	-	70	67491912	70209
chr15	67421703	67621703	harbor1	chr15	67513860	67513996	LINE/L2	649	-	68	67513928	92225
chr15	101861586	102061586	harbor1	chr15	101864618	101864884	LINE/L2	579	-	133	101864751	3165
chr15	101861586	102061586	harbor1	chr15	101935151	101936041	LINE/L2	581	-	445	101935596	74010
chr15	101861586	102061586	harbor1	chr15	101936174	101936480	LINE/L2	536	-	153	101936327	74741
chr15	101861586	102061586	harbor1	chr15	101950336	101950658	LINE/L2	753	-	161	101950497	88911
chr15	101861586	102061586	harbor1	chr15	101952735	101952907	LINE/L2	586	-	86	101952821	91235
chr15	101858909	102058909	harbor1	chr15	101864618	101864884	LINE/L2	579	-	133	101864751	5842
chr15	101858909	102058909	harbor1	chr15	101935151	101936041	LINE/L2	581	-	445	101935596	76687
chr15	101858909	102058909	harbor1	chr15	101936174	101936480	LINE/L2	536	-	153	101936327	77418
chr15	101858909	102058909	harbor1	chr15	101950336	101950658	LINE/L2	753	-	161	101950497	91588
chr15	101858909	102058909	harbor1	chr15	101952735	101952907	LINE/L2	586	-	86	101952821	93912
chr15	67421691	67621691	harbor1	chr15	67430726	67430852	LINE/L2	480	-	63	67430789	9098
chr15	67421691	67621691	harbor1	chr15	67491842	67491983	LINE/L2	479	-	70	67491912	70221
chr15	67421691	67621691	harbor1	chr15	67513860	67513996	LINE/L2	649	-	68	67513928	92237
chr15	75576188	75776188	harbor1	chr15	75641469	75641542	LINE/L2	570	-	36	75641505	65317
chr15	75576188	75776188	harbor1	chr15	75641855	75641890	LINE/L2	570	-	18	75641873	65685
chr15	75576188	75776188	harbor1	chr15	75642193	75642463	LINE/L2	636	-	135	75642328	66140
chr15	75576188	75776188	harbor1	chr15	75643074	75643330	LINE/L2	700	-	128	75643202	67014
chr15	75576188	75776188	harbor1	chr15	75643631	75643656	LINE/L2	700	-	12	75643643	67455
chr15	75576188	75776188	harbor1	chr15	75657549	75657878	LINE/L2	461	-	164	75657713	81525
chr15	79796978	79996978	harbor1	chr15	79806006	79806130	LINE/L2	508	-	62	79806068	9090
chr15	79796978	79996978	harbor1	chr15	79812453	79812963	LINE/L2	657	-	255	79812708	15730
chr15	79796978	79996978	harbor1	chr15	79843694	79844440	LINE/L2	675	-	373	79844067	47089
chr15	79796978	79996978	harbor1	chr15	79888157	79888798	LINE/L2	1115	-	320	79888477	91499
chr15	25338180	25538180	harbor1	chr15	25395174	25395745	LINE/L2	1161	-	286	25395460	57280
chr15	45087531	45287531	harbor1	chr15	45123055	45123163	LINE/L2	437	-	54	45123109	35578
chr15	45087531	45287531	harbor1	chr15	45151284	45151604	LINE/L2	543	-	160	45151444	63913
chr15	45087531	45287531	harbor1	chr15	45155117	45155282	LINE/L2	418	-	82	45155199	67668
chr15	45087531	45287531	harbor1	chr15	45159737	45159872	LINE/L2	524	-	68	45159805	72274
chr15	45087531	45287531	harbor1	chr15	45160152	45160396	LINE/L2	524	-	122	45160274	72743
chr15	69999125	70199125	harbor1	chr15	70043716	70044000	LINE/L2	429	-	142	70043858	44733
chr15	67421799	67621799	harbor1	chr15	67430726	67430852	LINE/L2	480	-	63	67430789	8990
chr15	67421799	67621799	harbor1	chr15	67491842	67491983	LINE/L2	479	-	70	67491912	70113
chr15	67421799	67621799	harbor1	chr15	67513860	67513996	LINE/L2	649	-	68	67513928	92129
chr15	67421689	67621689	harbor1	chr15	67430726	67430852	LINE/L2	480	-	63	67430789	9100
chr15	67421689	67621689	harbor1	chr15	67491842	67491983	LINE/L2	479	-	70	67491912	70223
chr15	67421689	67621689	harbor1	chr15	67513860	67513996	LINE/L2	649	-	68	67513928	92239
chr15	72131568	72331568	harbor1	chr15	72180949	72181326	LINE/L2	528	-	188	72181137	49569
chr15	72131568	72331568	harbor1	chr15	72181493	72181945	LINE/L2	774	-	226	72181719	50151
chr15	99950832	100150832	harbor1	chr15	99962349	99962478	LINE/L2	532	-	64	99962413	11581
chr15	99950832	100150832	harbor1	chr15	99962829	99963063	LINE/L2	532	-	117	99962946	12114
chr15	99950832	100150832	harbor1	chr15	99999119	99999812	LINE/L2	830	-	346	99999465	48633
chr15	31768267	31968267	harbor1	chr15	31775305	31775603	LINE/L2	545	-	149	31775454	7187
chr15	31768267	31968267	harbor1	chr15	31782334	31783176	LINE/L2	759	-	421	31782755	14488
chr15	31768267	31968267	harbor1	chr15	31794552	31794693	LINE/L2	501	-	70	31794622	26355
chr15	45029667	45229667	harbor1	chr15	45123055	45123163	LINE/L2	437	-	54	45123109	93442
chr15	69999141	70199141	harbor1	chr15	70043716	70044000	LINE/L2	429	-	142	70043858	44717
chr15	98547489	98747489	harbor1	chr15	98553482	98553768	LINE/L2	442	-	143	98553625	6136
chr15	98547489	98747489	harbor1	chr15	98557240	98558126	LINE/L2	707	-	443	98557683	10194
chr15	67421848	67621848	harbor1	chr15	67430726	67430852	LINE/L2	480	-	63	67430789	8941
chr15	67421848	67621848	harbor1	chr15	67491842	67491983	LINE/L2	479	-	70	67491912	70064
chr15	67421848	67621848	harbor1	chr15	67513860	67513996	LINE/L2	649	-	68	67513928	92080
chr15	63405315	63605315	harbor1	chr15	63500787	63500968	LINE/L2	429	-	90	63500877	95562
chr15	90133990	90333990	harbor1	chr15	90198314	90198874	LINE/L2	1809	-	280	90198594	64604
chr15	90133990	90333990	harbor1	chr15	90199174	90199544	LINE/L2	1809	-	185	90199359	65369
chr15	90133990	90333990	harbor1	chr15	90199838	90199930	LINE/L2	1809	-	46	90199884	65894
chr15	90133990	90333990	harbor1	chr15	90209140	90209268	LINE/L2	656	-	64	90209204	75214
chr15	90133990	90333990	harbor1	chr15	90209587	90209842	LINE/L2	656	-	128	90209715	75725
chr15	90133990	90333990	harbor1	chr15	90218963	90219419	LINE/L2	1101	-	228	90219191	85201
chr15	45302919	45502919	harbor1	chr15	45307657	45307842	LINE/L2	423	-	92	45307749	4830
chr15	45302919	45502919	harbor1	chr15	45307870	45307900	LINE/L2	423	-	15	45307885	4966
chr15	45302919	45502919	harbor1	chr15	45307963	45308271	LINE/L2	775	-	154	45308117	5198
chr15	45302919	45502919	harbor1	chr15	45348276	45349245	LINE/L2	3351	-	484	45348760	45841
chr15	45302919	45502919	harbor1	chr15	45349556	45350112	LINE/L2	3351	-	278	45349834	46915
chr15	45302919	45502919	harbor1	chr15	45353071	45353455	LINE/L2	518	-	192	45353263	50344
chr15	69713052	69913052	harbor1	chr15	69761541	69761799	LINE/L2	454	-	129	69761670	48618
chr15	25338721	25538721	harbor1	chr15	25395174	25395745	LINE/L2	1161	-	286	25395460	56739
chr15	67421758	67621758	harbor1	chr15	67430726	67430852	LINE/L2	480	-	63	67430789	9031
chr15	67421758	67621758	harbor1	chr15	67491842	67491983	LINE/L2	479	-	70	67491912	70154
chr15	67421758	67621758	harbor1	chr15	67513860	67513996	LINE/L2	649	-	68	67513928	92170
chr15	88185139	88385139	harbor1	chr15	88274173	88274308	LINE/L2	465	-	68	88274241	89102
chr15	41794702	41994702	harbor1	chr15	41794665	41794882	LINE/L2	1059	-	108	41794773	71
chr15	41794702	41994702	harbor1	chr15	41795909	41796034	LINE/L2	987	-	62	41795971	1269
chr15	41794702	41994702	harbor1	chr15	41833234	41833414	LINE/L2	849	-	90	41833324	38622
chr15	41794702	41994702	harbor1	chr15	41833720	41833910	LINE/L2	849	-	95	41833815	39113
chr15	41794702	41994702	harbor1	chr15	41795194	41795594	LINE/L2	1059	-	200	41795394	692
chr15	96225435	96425435	harbor1	chr15	96251154	96251867	LINE/L2	498	-	356	96251510	26075
chr15	20916532	21116532	harbor1	chr15	20927970	20928205	LINE/L2	590	-	118	20928088	11556
chr15	20916532	21116532	harbor1	chr15	20963809	20964109	LINE/L2	955	-	150	20963959	47427
chr15	20916532	21116532	harbor1	chr15	20980237	20980477	LINE/L2	1193	-	120	20980357	63825
chr15	20916532	21116532	harbor1	chr15	20981102	20981294	LINE/L2	1193	-	96	20981198	64666
chr15	31770669	31970669	harbor1	chr15	31775305	31775603	LINE/L2	545	-	149	31775454	4785
chr15	31770669	31970669	harbor1	chr15	31782334	31783176	LINE/L2	759	-	421	31782755	12086
chr15	31770669	31970669	harbor1	chr15	31794552	31794693	LINE/L2	501	-	70	31794622	23953
chr15	67421764	67621764	harbor1	chr15	67430726	67430852	LINE/L2	480	-	63	67430789	9025
chr15	67421764	67621764	harbor1	chr15	67491842	67491983	LINE/L2	479	-	70	67491912	70148
chr15	67421764	67621764	harbor1	chr15	67513860	67513996	LINE/L2	649	-	68	67513928	92164
chr15	101859054	102059054	harbor1	chr15	101864618	101864884	LINE/L2	579	-	133	101864751	5697
chr15	101859054	102059054	harbor1	chr15	101935151	101936041	LINE/L2	581	-	445	101935596	76542
chr15	101859054	102059054	harbor1	chr15	101936174	101936480	LINE/L2	536	-	153	101936327	77273
chr15	101859054	102059054	harbor1	chr15	101950336	101950658	LINE/L2	753	-	161	101950497	91443
chr15	101859054	102059054	harbor1	chr15	101952735	101952907	LINE/L2	586	-	86	101952821	93767
chr15	74944603	75144603	harbor1	chr15	74978515	74978649	LINE/L2	450	-	67	74978582	33979
chr15	74944603	75144603	harbor1	chr15	75014262	75014814	LINE/L2	448	-	276	75014538	69935
chr15	74947211	75147211	harbor1	chr15	74978515	74978649	LINE/L2	450	-	67	74978582	31371
chr15	74947211	75147211	harbor1	chr15	75014262	75014814	LINE/L2	448	-	276	75014538	67327
chr15	20765866	20965866	harbor1	chr15	20841722	20841978	LINE/L2	579	-	128	20841850	75984
chr15	20765866	20965866	harbor1	chr15	20842261	20843015	LINE/L2	2484	-	377	20842638	76772
chr15	20765866	20965866	harbor1	chr15	20843317	20843696	LINE/L2	2484	-	190	20843507	77641
chr15	75354646	75554646	harbor1	chr15	75445993	75446495	LINE/L2	1253	-	251	75446244	91598
chr15	75354646	75554646	harbor1	chr15	75447066	75447395	LINE/L2	1253	-	164	75447230	92584
chr15	52686084	52886084	harbor1	chr15	52695509	52696203	LINE/L2	986	-	347	52695856	9772
chr15	52686084	52886084	harbor1	chr15	52761960	52762050	LINE/L2	425	-	45	52762005	75921
chr15	101854375	102054375	harbor1	chr15	101864618	101864884	LINE/L2	579	-	133	101864751	10376
chr15	101854375	102054375	harbor1	chr15	101935151	101936041	LINE/L2	581	-	445	101935596	81221
chr15	101854375	102054375	harbor1	chr15	101936174	101936480	LINE/L2	536	-	153	101936327	81952
chr15	101854375	102054375	harbor1	chr15	101950336	101950658	LINE/L2	753	-	161	101950497	96122
chr15	101854375	102054375	harbor1	chr15	101952735	101952907	LINE/L2	586	-	86	101952821	98446
chr15	67421788	67621788	harbor1	chr15	67430726	67430852	LINE/L2	480	-	63	67430789	9001
chr15	67421788	67621788	harbor1	chr15	67491842	67491983	LINE/L2	479	-	70	67491912	70124
chr15	67421788	67621788	harbor1	chr15	67513860	67513996	LINE/L2	649	-	68	67513928	92140
chr15	101861607	102061607	harbor1	chr15	101864618	101864884	LINE/L2	579	-	133	101864751	3144
chr15	101861607	102061607	harbor1	chr15	101935151	101936041	LINE/L2	581	-	445	101935596	73989
chr15	101861607	102061607	harbor1	chr15	101936174	101936480	LINE/L2	536	-	153	101936327	74720
chr15	101861607	102061607	harbor1	chr15	101950336	101950658	LINE/L2	753	-	161	101950497	88890
chr15	101861607	102061607	harbor1	chr15	101952735	101952907	LINE/L2	586	-	86	101952821	91214
chr15	27433813	27633813	harbor1	chr15	27435888	27436067	LINE/L2	569	-	90	27435978	2165
chr15	27433813	27633813	harbor1	chr15	27436418	27436846	LINE/L2	569	-	214	27436632	2819
chr15	27433813	27633813	harbor1	chr15	27511597	27512735	LINE/L2	906	-	569	27512166	78353
chr16	1	167634	harbor1	chr16	52803	53424	LINE/L2	603	-	310	53113	53112
chr16	1	167634	harbor1	chr16	65263	65590	LINE/L2	619	-	164	65427	65426
chr16	79309359	79509359	harbor1	chr16	79315105	79315325	LINE/L2	894	-	110	79315215	5856
chr16	67063106	67263106	harbor1	chr16	67143597	67143806	LINE/L2	746	-	104	67143701	80595
chr16	1	167698	harbor1	chr16	52803	53424	LINE/L2	603	-	310	53113	53112
chr16	1	167698	harbor1	chr16	65263	65590	LINE/L2	619	-	164	65427	65426
chr16	46873236	47073236	harbor1	chr16	46883542	46883803	LINE/L2	676	-	130	46883672	10436
chr16	46873236	47073236	harbor1	chr16	46919192	46919923	LINE/L2	905	-	366	46919558	46322
chr16	4312160	4512160	harbor1	chr16	4367379	4367912	LINE/L2	559	-	266	4367645	55485
chr16	2340233	2540233	harbor1	chr16	2359360	2360147	LINE/L2	1087	-	394	2359754	19521
chr16	2340233	2540233	harbor1	chr16	2360656	2361060	LINE/L2	1025	-	202	2360858	20625
chr16	2340233	2540233	harbor1	chr16	2387093	2387430	LINE/L2	551	-	168	2387261	47028
chr16	4077581	4277581	harbor1	chr16	4098556	4098728	LINE/L2	572	-	86	4098642	21061
chr16	66906669	67106669	harbor1	chr16	66997445	66997689	LINE/L2	999	-	122	66997567	90898
chr16	66906669	67106669	harbor1	chr16	66998000	66998307	LINE/L2	999	-	154	66998154	91485
chr16	66906669	67106669	harbor1	chr16	66998881	66999025	LINE/L2	999	-	72	66998953	92284
chr16	66906669	67106669	harbor1	chr16	67003566	67003883	LINE/L2	862	-	158	67003724	97055
chr16	2823031	3023031	harbor1	chr16	2832604	2832963	LINE/L2	591	-	180	2832784	9753
chr16	1	162150	harbor1	chr16	52803	53424	LINE/L2	603	-	310	53113	53112
chr16	1	162150	harbor1	chr16	65263	65590	LINE/L2	619	-	164	65427	65426
chr16	31026123	31226123	harbor1	chr16	31026716	31026873	LINE/L2	599	-	78	31026794	671
chr16	31026123	31226123	harbor1	chr16	31036494	31036949	LINE/L2	1146	-	228	31036722	10599
chr16	31026123	31226123	harbor1	chr16	31053817	31053962	LINE/L2	557	-	72	31053889	27766
chr16	1	162048	harbor1	chr16	52803	53424	LINE/L2	603	-	310	53113	53112
chr16	1	162048	harbor1	chr16	65263	65590	LINE/L2	619	-	164	65427	65426
chr16	30887234	31087234	harbor1	chr16	30910865	30911008	LINE/L2	552	-	72	30910937	23703
chr16	67009887	67209887	harbor1	chr16	67040584	67041120	LINE/L2	1717	-	268	67040852	30965
chr16	67009887	67209887	harbor1	chr16	67041237	67041494	LINE/L2	1717	-	128	67041365	31478
chr16	56526501	56726501	harbor1	chr16	56560313	56560815	LINE/L2	1149	-	251	56560564	34063
chr16	56526501	56726501	harbor1	chr16	56561123	56561313	LINE/L2	697	-	95	56561218	34717
chr16	56526501	56726501	harbor1	chr16	56561330	56561500	LINE/L2	573	-	85	56561415	34914
chr16	56526501	56726501	harbor1	chr16	56586146	56586523	LINE/L2	1175	-	188	56586334	59833
chr16	67084475	67284475	harbor1	chr16	67143597	67143806	LINE/L2	746	-	104	67143701	59226
chr16	46871997	47071997	harbor1	chr16	46883542	46883803	LINE/L2	676	-	130	46883672	11675
chr16	46871997	47071997	harbor1	chr16	46919192	46919923	LINE/L2	905	-	366	46919558	47561
chr16	27963715	28163715	harbor1	chr16	27975793	27975909	LINE/L2	653	-	58	27975851	12136
chr16	27963715	28163715	harbor1	chr16	28002031	28002338	LINE/L2	913	-	154	28002185	38470
chr16	27963715	28163715	harbor1	chr16	28002964	28003236	LINE/L2	913	-	136	28003100	39385
chr16	27963715	28163715	harbor1	chr16	28051482	28052214	LINE/L2	1525	-	366	28051848	88133
chr16	67009935	67209935	harbor1	chr16	67040584	67041120	LINE/L2	1717	-	268	67040852	30917
chr16	67009935	67209935	harbor1	chr16	67041237	67041494	LINE/L2	1717	-	128	67041365	31430
chr16	47360972	47560972	harbor1	chr16	47391898	47392131	LINE/L2	650	-	116	47392014	31042
chr16	47360972	47560972	harbor1	chr16	47392258	47392530	LINE/L2	650	-	136	47392394	31422
chr16	47360972	47560972	harbor1	chr16	47396561	47397357	LINE/L2	628	-	398	47396959	35987
chr16	47360972	47560972	harbor1	chr16	47400491	47401523	LINE/L2	647	-	516	47401007	40035
chr16	47360972	47560972	harbor1	chr16	47406554	47407356	LINE/L2	1900	-	401	47406955	45983
chr16	47360972	47560972	harbor1	chr16	47407647	47407957	LINE/L2	1900	-	155	47407802	46830
chr16	1	167628	harbor1	chr16	52803	53424	LINE/L2	603	-	310	53113	53112
chr16	1	167628	harbor1	chr16	65263	65590	LINE/L2	619	-	164	65427	65426
chr16	66743175	66943175	harbor1	chr16	66803912	66804191	LINE/L2	910	-	140	66804052	60877
chr16	1	167557	harbor1	chr16	52803	53424	LINE/L2	603	-	310	53113	53112
chr16	1	167557	harbor1	chr16	65263	65590	LINE/L2	619	-	164	65427	65426
chr16	67352779	67552779	harbor1	chr16	67368111	67369564	LINE/L2	4888	-	726	67368837	16058
chr16	67352779	67552779	harbor1	chr16	67369926	67370360	LINE/L2	4888	-	217	67370143	17364
chr16	67352779	67552779	harbor1	chr16	67370653	67370914	LINE/L2	4888	-	130	67370783	18004
chr16	57566222	57766222	harbor1	chr16	57579175	57579377	LINE/L2	578	-	101	57579276	13054
chr16	57566222	57766222	harbor1	chr16	57636719	57637115	LINE/L2	600	-	198	57636917	70695
chr16	57566222	57766222	harbor1	chr16	57662108	57662419	LINE/L2	552	-	156	57662264	96042
chr16	57566222	57766222	harbor1	chr16	57662580	57662734	LINE/L2	552	-	77	57662657	96435
chr16	1	167681	harbor1	chr16	52803	53424	LINE/L2	603	-	310	53113	53112
chr16	1	167681	harbor1	chr16	65263	65590	LINE/L2	619	-	164	65427	65426
chr16	4084073	4284073	harbor1	chr16	4098556	4098728	LINE/L2	572	-	86	4098642	14569
chr16	2369786	2569786	harbor1	chr16	2387093	2387430	LINE/L2	551	-	168	2387261	17475
chr16	57884565	58084565	harbor1	chr16	57949004	57949128	LINE/L2	640	-	62	57949066	64501
chr16	57884565	58084565	harbor1	chr16	57972011	57972564	LINE/L2	825	-	276	57972287	87722
chr16	67574619	67774619	harbor1	chr16	67579803	67580165	LINE/L2	598	-	181	67579984	5365
chr16	58571260	58771260	harbor1	chr16	58640071	58640555	LINE/L2	819	-	242	58640313	69053
chr16	47360990	47560990	harbor1	chr16	47391898	47392131	LINE/L2	650	-	116	47392014	31024
chr16	47360990	47560990	harbor1	chr16	47392258	47392530	LINE/L2	650	-	136	47392394	31404
chr16	47360990	47560990	harbor1	chr16	47396561	47397357	LINE/L2	628	-	398	47396959	35969
chr16	47360990	47560990	harbor1	chr16	47400491	47401523	LINE/L2	647	-	516	47401007	40017
chr16	47360990	47560990	harbor1	chr16	47406554	47407356	LINE/L2	1900	-	401	47406955	45965
chr16	47360990	47560990	harbor1	chr16	47407647	47407957	LINE/L2	1900	-	155	47407802	46812
chr16	47361018	47561018	harbor1	chr16	47391898	47392131	LINE/L2	650	-	116	47392014	30996
chr16	47361018	47561018	harbor1	chr16	47392258	47392530	LINE/L2	650	-	136	47392394	31376
chr16	47361018	47561018	harbor1	chr16	47396561	47397357	LINE/L2	628	-	398	47396959	35941
chr16	47361018	47561018	harbor1	chr16	47400491	47401523	LINE/L2	647	-	516	47401007	39989
chr16	47361018	47561018	harbor1	chr16	47406554	47407356	LINE/L2	1900	-	401	47406955	45937
chr16	47361018	47561018	harbor1	chr16	47407647	47407957	LINE/L2	1900	-	155	47407802	46784
chr16	47360574	47560574	harbor1	chr16	47391898	47392131	LINE/L2	650	-	116	47392014	31440
chr16	47360574	47560574	harbor1	chr16	47392258	47392530	LINE/L2	650	-	136	47392394	31820
chr16	47360574	47560574	harbor1	chr16	47396561	47397357	LINE/L2	628	-	398	47396959	36385
chr16	47360574	47560574	harbor1	chr16	47400491	47401523	LINE/L2	647	-	516	47401007	40433
chr16	47360574	47560574	harbor1	chr16	47406554	47407356	LINE/L2	1900	-	401	47406955	46381
chr16	47360574	47560574	harbor1	chr16	47407647	47407957	LINE/L2	1900	-	155	47407802	47228
chr16	30253473	30453473	harbor1	chr16	30263223	30263343	LINE/L2	743	-	60	30263283	9810
chr16	30253473	30453473	harbor1	chr16	30263647	30263848	LINE/L2	743	-	100	30263747	10274
chr16	30253473	30453473	harbor1	chr16	30264153	30264388	LINE/L2	743	-	118	30264271	10798
chr16	30013459	30213459	harbor1	chr16	30016714	30017075	LINE/L2	687	-	180	30016894	3435
chr16	56535629	56735629	harbor1	chr16	56560313	56560815	LINE/L2	1149	-	251	56560564	24935
chr16	56535629	56735629	harbor1	chr16	56561123	56561313	LINE/L2	697	-	95	56561218	25589
chr16	56535629	56735629	harbor1	chr16	56561330	56561500	LINE/L2	573	-	85	56561415	25786
chr16	56535629	56735629	harbor1	chr16	56586146	56586523	LINE/L2	1175	-	188	56586334	50705
chr16	47149798	47349798	harbor1	chr16	47206988	47207085	LINE/L2	1058	-	48	47207036	57238
chr16	47149798	47349798	harbor1	chr16	47207384	47207749	LINE/L2	1058	-	182	47207566	57768
chr16	47149798	47349798	harbor1	chr16	47234721	47234756	LINE/L2	583	-	18	47234739	84941
chr16	47149798	47349798	harbor1	chr16	47235113	47235508	LINE/L2	583	-	198	47235311	85513
chr16	31032745	31232745	harbor1	chr16	31036494	31036949	LINE/L2	1146	-	228	31036722	3977
chr16	31032745	31232745	harbor1	chr16	31053817	31053962	LINE/L2	557	-	72	31053889	21144
chr16	67009915	67209915	harbor1	chr16	67040584	67041120	LINE/L2	1717	-	268	67040852	30937
chr16	67009915	67209915	harbor1	chr16	67041237	67041494	LINE/L2	1717	-	128	67041365	31450
chr16	1	162045	harbor1	chr16	52803	53424	LINE/L2	603	-	310	53113	53112
chr16	1	162045	harbor1	chr16	65263	65590	LINE/L2	619	-	164	65427	65426
chr16	31042643	31242643	harbor1	chr16	31053817	31053962	LINE/L2	557	-	72	31053889	11246
chr16	71269697	71469697	harbor1	chr16	71341724	71342147	LINE/L2	924	-	212	71341936	72239
chr16	57884912	58084912	harbor1	chr16	57949004	57949128	LINE/L2	640	-	62	57949066	64154
chr16	57884912	58084912	harbor1	chr16	57972011	57972564	LINE/L2	825	-	276	57972287	87375
chr16	18689988	18889988	harbor1	chr16	18752464	18752671	LINE/L2	660	-	104	18752568	62580
chr16	18689988	18889988	harbor1	chr16	18752971	18753256	LINE/L2	660	-	142	18753113	63125
chr16	4312159	4512159	harbor1	chr16	4367379	4367912	LINE/L2	559	-	266	4367645	55486
chr16	4084077	4284077	harbor1	chr16	4098556	4098728	LINE/L2	572	-	86	4098642	14565
chr16	28018013	28218013	harbor1	chr16	28051482	28052214	LINE/L2	1525	-	366	28051848	33835
chr16	28018013	28218013	harbor1	chr16	28066372	28066885	LINE/L2	971	-	256	28066628	48615
chr16	28018013	28218013	harbor1	chr16	28067194	28067312	LINE/L2	971	-	59	28067253	49240
chr16	28018013	28218013	harbor1	chr16	28083779	28084123	LINE/L2	549	-	172	28083951	65938
chr16	4084076	4284076	harbor1	chr16	4098556	4098728	LINE/L2	572	-	86	4098642	14566
chr16	30978340	31178340	harbor1	chr16	31006393	31006830	LINE/L2	798	-	218	31006611	28271
chr16	30978340	31178340	harbor1	chr16	31026716	31026873	LINE/L2	599	-	78	31026794	48454
chr16	30978340	31178340	harbor1	chr16	31036494	31036949	LINE/L2	1146	-	228	31036722	58382
chr16	30978340	31178340	harbor1	chr16	31053817	31053962	LINE/L2	557	-	72	31053889	75549
chr16	29349577	29549577	harbor1	chr16	29421511	29421631	LINE/L2	683	-	60	29421571	71994
chr16	29349577	29549577	harbor1	chr16	29421918	29422134	LINE/L2	683	-	108	29422026	72449
chr16	29349577	29549577	harbor1	chr16	29422440	29422671	LINE/L2	683	-	116	29422556	72979
chr16	75147513	75347513	harbor1	chr16	75172939	75173326	LINE/L2	838	-	194	75173133	25620
chr16	75147513	75347513	harbor1	chr16	75173714	75174207	LINE/L2	1273	-	246	75173960	26447
chr16	75147513	75347513	harbor1	chr16	75184808	75185314	LINE/L2	2183	-	253	75185061	37548
chr16	75147513	75347513	harbor1	chr16	75185912	75186317	LINE/L2	2183	-	202	75186114	38601
chr16	57884931	58084931	harbor1	chr16	57949004	57949128	LINE/L2	640	-	62	57949066	64135
chr16	57884931	58084931	harbor1	chr16	57972011	57972564	LINE/L2	825	-	276	57972287	87356
chr16	1	167574	harbor1	chr16	52803	53424	LINE/L2	603	-	310	53113	53112
chr16	1	167574	harbor1	chr16	65263	65590	LINE/L2	619	-	164	65427	65426
chr16	57884956	58084956	harbor1	chr16	57949004	57949128	LINE/L2	640	-	62	57949066	64110
chr16	57884956	58084956	harbor1	chr16	57972011	57972564	LINE/L2	825	-	276	57972287	87331
chr16	67063131	67263131	harbor1	chr16	67143597	67143806	LINE/L2	746	-	104	67143701	80570
chr16	1	167633	harbor1	chr16	52803	53424	LINE/L2	603	-	310	53113	53112
chr16	1	167633	harbor1	chr16	65263	65590	LINE/L2	619	-	164	65427	65426
chr16	57884909	58084909	harbor1	chr16	57949004	57949128	LINE/L2	640	-	62	57949066	64157
chr16	57884909	58084909	harbor1	chr16	57972011	57972564	LINE/L2	825	-	276	57972287	87378
chr17	7461503	7661503	harbor1	chr17	7485221	7485446	LINE/L2	662	-	112	7485333	23830
chr17	7461503	7661503	harbor1	chr17	7485706	7485716	LINE/L2	662	-	5	7485711	24208
chr17	7461503	7661503	harbor1	chr17	7485856	7486311	LINE/L2	662	-	228	7486084	24581
chr17	7461503	7661503	harbor1	chr17	7491695	7491942	LINE/L2	597	-	124	7491819	30316
chr17	7461503	7661503	harbor1	chr17	7493180	7493599	LINE/L2	689	-	210	7493390	31887
chr17	79817297	80017297	harbor1	chr17	79886544	79887071	LINE/L2	949	-	264	79886808	69511
chr17	79817297	80017297	harbor1	chr17	79887088	79887790	LINE/L2	1372	-	351	79887439	70142
chr17	75009313	75209313	harbor1	chr17	75013418	75014170	LINE/L2	922	-	376	75013794	4481
chr17	75009313	75209313	harbor1	chr17	75014823	75015204	LINE/L2	600	-	190	75015013	5700
chr17	75009313	75209313	harbor1	chr17	75015502	75015738	LINE/L2	600	-	118	75015620	6307
chr17	75009313	75209313	harbor1	chr17	75098946	75099421	LINE/L2	659	-	238	75099184	89871
chr17	75009313	75209313	harbor1	chr17	75099739	75099771	LINE/L2	659	-	16	75099755	90442
chr17	63676342	63876342	harbor1	chr17	63775287	63775838	LINE/L2	945	-	276	63775563	99221
chr17	2838072	3038072	harbor1	chr17	2908170	2908727	LINE/L2	753	-	278	2908448	70376
chr17	2838072	3038072	harbor1	chr17	2909001	2909451	LINE/L2	753	-	225	2909226	71154
chr17	58388439	58588439	harbor1	chr17	58432181	58432998	LINE/L2	3905	-	408	58432589	44150
chr17	58388439	58588439	harbor1	chr17	58433297	58433911	LINE/L2	3905	-	307	58433604	45165
chr17	58388439	58588439	harbor1	chr17	58434213	58434295	LINE/L2	3905	-	41	58434254	45815
chr17	58388439	58588439	harbor1	chr17	58434854	58435265	LINE/L2	3905	-	206	58435060	46621
chr17	58388439	58588439	harbor1	chr17	58408810	58409044	LINE/L2	639	-	117	58408927	20488
chr17	2838075	3038075	harbor1	chr17	2908170	2908727	LINE/L2	753	-	278	2908448	70373
chr17	2838075	3038075	harbor1	chr17	2909001	2909451	LINE/L2	753	-	225	2909226	71151
chr17	7461829	7661829	harbor1	chr17	7485221	7485446	LINE/L2	662	-	112	7485333	23504
chr17	7461829	7661829	harbor1	chr17	7485706	7485716	LINE/L2	662	-	5	7485711	23882
chr17	7461829	7661829	harbor1	chr17	7485856	7486311	LINE/L2	662	-	228	7486084	24255
chr17	7461829	7661829	harbor1	chr17	7491695	7491942	LINE/L2	597	-	124	7491819	29990
chr17	7461829	7661829	harbor1	chr17	7493180	7493599	LINE/L2	689	-	210	7493390	31561
chr17	48623726	48823726	harbor1	chr17	48668115	48668464	LINE/L2	904	-	174	48668289	44563
chr17	7461828	7661828	harbor1	chr17	7485221	7485446	LINE/L2	662	-	112	7485333	23505
chr17	7461828	7661828	harbor1	chr17	7485706	7485716	LINE/L2	662	-	5	7485711	23883
chr17	7461828	7661828	harbor1	chr17	7485856	7486311	LINE/L2	662	-	228	7486084	24256
chr17	7461828	7661828	harbor1	chr17	7491695	7491942	LINE/L2	597	-	124	7491819	29991
chr17	7461828	7661828	harbor1	chr17	7493180	7493599	LINE/L2	689	-	210	7493390	31562
chr17	74972414	75172414	harbor1	chr17	75013418	75014170	LINE/L2	922	-	376	75013794	41380
chr17	74972414	75172414	harbor1	chr17	75014823	75015204	LINE/L2	600	-	190	75015013	42599
chr17	74972414	75172414	harbor1	chr17	75015502	75015738	LINE/L2	600	-	118	75015620	43206
chr17	7461853	7661853	harbor1	chr17	7485221	7485446	LINE/L2	662	-	112	7485333	23480
chr17	7461853	7661853	harbor1	chr17	7485706	7485716	LINE/L2	662	-	5	7485711	23858
chr17	7461853	7661853	harbor1	chr17	7485856	7486311	LINE/L2	662	-	228	7486084	24231
chr17	7461853	7661853	harbor1	chr17	7491695	7491942	LINE/L2	597	-	124	7491819	29966
chr17	7461853	7661853	harbor1	chr17	7493180	7493599	LINE/L2	689	-	210	7493390	31537
chr17	7461830	7661830	harbor1	chr17	7485221	7485446	LINE/L2	662	-	112	7485333	23503
chr17	7461830	7661830	harbor1	chr17	7485706	7485716	LINE/L2	662	-	5	7485711	23881
chr17	7461830	7661830	harbor1	chr17	7485856	7486311	LINE/L2	662	-	228	7486084	24254
chr17	7461830	7661830	harbor1	chr17	7491695	7491942	LINE/L2	597	-	124	7491819	29989
chr17	7461830	7661830	harbor1	chr17	7493180	7493599	LINE/L2	689	-	210	7493390	31560
chr17	43299144	43499144	harbor1	chr17	43313548	43313775	LINE/L2	700	-	114	43313662	14518
chr17	43299144	43499144	harbor1	chr17	43370975	43371590	LINE/L2	1314	-	308	43371283	72139
chr17	18132683	18332683	harbor1	chr17	18228034	18228379	LINE/L2	876	-	172	18228206	95523
chr17	7461823	7661823	harbor1	chr17	7485221	7485446	LINE/L2	662	-	112	7485333	23510
chr17	7461823	7661823	harbor1	chr17	7485706	7485716	LINE/L2	662	-	5	7485711	23888
chr17	7461823	7661823	harbor1	chr17	7485856	7486311	LINE/L2	662	-	228	7486084	24261
chr17	7461823	7661823	harbor1	chr17	7491695	7491942	LINE/L2	597	-	124	7491819	29996
chr17	7461823	7661823	harbor1	chr17	7493180	7493599	LINE/L2	689	-	210	7493390	31567
chr17	7461898	7661898	harbor1	chr17	7485221	7485446	LINE/L2	662	-	112	7485333	23435
chr17	7461898	7661898	harbor1	chr17	7485706	7485716	LINE/L2	662	-	5	7485711	23813
chr17	7461898	7661898	harbor1	chr17	7485856	7486311	LINE/L2	662	-	228	7486084	24186
chr17	7461898	7661898	harbor1	chr17	7491695	7491942	LINE/L2	597	-	124	7491819	29921
chr17	7461898	7661898	harbor1	chr17	7493180	7493599	LINE/L2	689	-	210	7493390	31492
chr17	79818751	80018751	harbor1	chr17	79886544	79887071	LINE/L2	949	-	264	79886808	68057
chr17	79818751	80018751	harbor1	chr17	79887088	79887790	LINE/L2	1372	-	351	79887439	68688
chr17	7813042	8013042	harbor1	chr17	7873250	7874601	LINE/L2	656	-	676	7873926	60884
chr17	7461905	7661905	harbor1	chr17	7485221	7485446	LINE/L2	662	-	112	7485333	23428
chr17	7461905	7661905	harbor1	chr17	7485706	7485716	LINE/L2	662	-	5	7485711	23806
chr17	7461905	7661905	harbor1	chr17	7485856	7486311	LINE/L2	662	-	228	7486084	24179
chr17	7461905	7661905	harbor1	chr17	7491695	7491942	LINE/L2	597	-	124	7491819	29914
chr17	7461905	7661905	harbor1	chr17	7493180	7493599	LINE/L2	689	-	210	7493390	31485
chr17	56020599	56220599	harbor1	chr17	56031491	56032865	LINE/L2	2529	-	687	56032178	11579
chr17	56020599	56220599	harbor1	chr17	56041492	56041748	LINE/L2	1193	-	128	56041620	21021
chr17	56020599	56220599	harbor1	chr17	56042062	56042458	LINE/L2	3192	-	198	56042260	21661
chr17	56020599	56220599	harbor1	chr17	56042773	56044236	LINE/L2	3192	-	732	56043505	22906
chr17	7461897	7661897	harbor1	chr17	7485221	7485446	LINE/L2	662	-	112	7485333	23436
chr17	7461897	7661897	harbor1	chr17	7485706	7485716	LINE/L2	662	-	5	7485711	23814
chr17	7461897	7661897	harbor1	chr17	7485856	7486311	LINE/L2	662	-	228	7486084	24187
chr17	7461897	7661897	harbor1	chr17	7491695	7491942	LINE/L2	597	-	124	7491819	29922
chr17	7461897	7661897	harbor1	chr17	7493180	7493599	LINE/L2	689	-	210	7493390	31493
chr17	8056331	8256331	harbor1	chr17	8089943	8090175	LINE/L2	982	-	116	8090059	33728
chr17	8056331	8256331	harbor1	chr17	8090468	8090548	LINE/L2	982	-	40	8090508	34177
chr17	8056331	8256331	harbor1	chr17	8127024	8127589	LINE/L2	596	-	282	8127306	70975
chr17	8056331	8256331	harbor1	chr17	8129490	8129606	LINE/L2	884	-	58	8129548	73217
chr17	8056331	8256331	harbor1	chr17	8129896	8130051	LINE/L2	884	-	78	8129974	73643
chr17	8056331	8256331	harbor1	chr17	8130358	8130510	LINE/L2	884	-	76	8130434	74103
chr17	8056331	8256331	harbor1	chr17	8134038	8134238	LINE/L2	1032	-	100	8134138	77807
chr17	8056331	8256331	harbor1	chr17	8134547	8134733	LINE/L2	1032	-	93	8134640	78309
chr17	8056331	8256331	harbor1	chr17	8135496	8135534	LINE/L2	3368	-	19	8135515	79184
chr17	8056331	8256331	harbor1	chr17	8135824	8135878	LINE/L2	3368	-	27	8135851	79520
chr17	8056331	8256331	harbor1	chr17	8136493	8136602	LINE/L2	3368	-	54	8136547	80216
chr17	8056331	8256331	harbor1	chr17	8136902	8137081	LINE/L2	3368	-	90	8136992	80661
chr17	8056331	8256331	harbor1	chr17	8137382	8138039	LINE/L2	3368	-	328	8137710	81379
chr17	8056331	8256331	harbor1	chr17	8138308	8138688	LINE/L2	3368	-	190	8138498	82167
chr17	7461844	7661844	harbor1	chr17	7485221	7485446	LINE/L2	662	-	112	7485333	23489
chr17	7461844	7661844	harbor1	chr17	7485706	7485716	LINE/L2	662	-	5	7485711	23867
chr17	7461844	7661844	harbor1	chr17	7485856	7486311	LINE/L2	662	-	228	7486084	24240
chr17	7461844	7661844	harbor1	chr17	7491695	7491942	LINE/L2	597	-	124	7491819	29975
chr17	7461844	7661844	harbor1	chr17	7493180	7493599	LINE/L2	689	-	210	7493390	31546
chr17	7461836	7661836	harbor1	chr17	7485221	7485446	LINE/L2	662	-	112	7485333	23497
chr17	7461836	7661836	harbor1	chr17	7485706	7485716	LINE/L2	662	-	5	7485711	23875
chr17	7461836	7661836	harbor1	chr17	7485856	7486311	LINE/L2	662	-	228	7486084	24248
chr17	7461836	7661836	harbor1	chr17	7491695	7491942	LINE/L2	597	-	124	7491819	29983
chr17	7461836	7661836	harbor1	chr17	7493180	7493599	LINE/L2	689	-	210	7493390	31554
chr17	2838074	3038074	harbor1	chr17	2908170	2908727	LINE/L2	753	-	278	2908448	70374
chr17	2838074	3038074	harbor1	chr17	2909001	2909451	LINE/L2	753	-	225	2909226	71152
chr17	76283247	76483247	harbor1	chr17	76347522	76347916	LINE/L2	630	-	197	76347719	64472
chr17	58416995	58616995	harbor1	chr17	58432181	58432998	LINE/L2	3905	-	408	58432589	15594
chr17	58416995	58616995	harbor1	chr17	58433297	58433911	LINE/L2	3905	-	307	58433604	16609
chr17	58416995	58616995	harbor1	chr17	58434213	58434295	LINE/L2	3905	-	41	58434254	17259
chr17	58416995	58616995	harbor1	chr17	58434854	58435265	LINE/L2	3905	-	206	58435060	18065
chr17	44870431	45070431	harbor1	chr17	44888427	44888772	LINE/L2	1195	-	172	44888599	18168
chr17	17393446	17593446	harbor1	chr17	17419802	17420500	LINE/L2	1480	-	349	17420151	26705
chr17	7461870	7661870	harbor1	chr17	7485221	7485446	LINE/L2	662	-	112	7485333	23463
chr17	7461870	7661870	harbor1	chr17	7485706	7485716	LINE/L2	662	-	5	7485711	23841
chr17	7461870	7661870	harbor1	chr17	7485856	7486311	LINE/L2	662	-	228	7486084	24214
chr17	7461870	7661870	harbor1	chr17	7491695	7491942	LINE/L2	597	-	124	7491819	29949
chr17	7461870	7661870	harbor1	chr17	7493180	7493599	LINE/L2	689	-	210	7493390	31520
chr17	30610000	30810000	harbor1	chr17	30648321	30648663	LINE/L2	913	-	171	30648492	38492
chr17	63600181	63800181	harbor1	chr17	63618311	63618931	LINE/L2	1051	-	310	63618621	18440
chr17	63600181	63800181	harbor1	chr17	63619268	63619371	LINE/L2	1051	-	52	63619320	19139
chr17	63600181	63800181	harbor1	chr17	63620044	63620067	LINE/L2	1051	-	12	63620056	19875
chr17	63600181	63800181	harbor1	chr17	63670617	63671171	LINE/L2	741	-	277	63670894	70713
chr17	63600181	63800181	harbor1	chr17	63672331	63672763	LINE/L2	867	-	216	63672547	72366
chr17	7461914	7661914	harbor1	chr17	7485221	7485446	LINE/L2	662	-	112	7485333	23419
chr17	7461914	7661914	harbor1	chr17	7485706	7485716	LINE/L2	662	-	5	7485711	23797
chr17	7461914	7661914	harbor1	chr17	7485856	7486311	LINE/L2	662	-	228	7486084	24170
chr17	7461914	7661914	harbor1	chr17	7491695	7491942	LINE/L2	597	-	124	7491819	29905
chr17	7461914	7661914	harbor1	chr17	7493180	7493599	LINE/L2	689	-	210	7493390	31476
chr17	7461805	7661805	harbor1	chr17	7485221	7485446	LINE/L2	662	-	112	7485333	23528
chr17	7461805	7661805	harbor1	chr17	7485706	7485716	LINE/L2	662	-	5	7485711	23906
chr17	7461805	7661805	harbor1	chr17	7485856	7486311	LINE/L2	662	-	228	7486084	24279
chr17	7461805	7661805	harbor1	chr17	7491695	7491942	LINE/L2	597	-	124	7491819	30014
chr17	7461805	7661805	harbor1	chr17	7493180	7493599	LINE/L2	689	-	210	7493390	31585
chr17	15555287	15755287	harbor1	chr17	15559484	15559846	LINE/L2	952	-	181	15559665	4378
chr17	15555287	15755287	harbor1	chr17	15560929	15561316	LINE/L2	1070	-	194	15561123	5836
chr17	76283501	76483501	harbor1	chr17	76347522	76347916	LINE/L2	630	-	197	76347719	64218
chr17	75009533	75209533	harbor1	chr17	75013418	75014170	LINE/L2	922	-	376	75013794	4261
chr17	75009533	75209533	harbor1	chr17	75014823	75015204	LINE/L2	600	-	190	75015013	5480
chr17	75009533	75209533	harbor1	chr17	75015502	75015738	LINE/L2	600	-	118	75015620	6087
chr17	75009533	75209533	harbor1	chr17	75098946	75099421	LINE/L2	659	-	238	75099184	89651
chr17	75009533	75209533	harbor1	chr17	75099739	75099771	LINE/L2	659	-	16	75099755	90222
chr17	33191683	33391683	harbor1	chr17	33247789	33248475	LINE/L2	3105	-	343	33248132	56449
chr17	33191683	33391683	harbor1	chr17	33248959	33249589	LINE/L2	3105	-	315	33249274	57591
chr17	33191683	33391683	harbor1	chr17	33258196	33258719	LINE/L2	1064	-	262	33258458	66775
chr17	33191705	33391705	harbor1	chr17	33247789	33248475	LINE/L2	3105	-	343	33248132	56427
chr17	33191705	33391705	harbor1	chr17	33248959	33249589	LINE/L2	3105	-	315	33249274	57569
chr17	33191705	33391705	harbor1	chr17	33258196	33258719	LINE/L2	1064	-	262	33258458	66753
chr17	43590747	43790747	harbor1	chr17	43689720	43690019	LINE/L2	609	-	150	43689870	99123
chr17	8023310	8223310	harbor1	chr17	8089943	8090175	LINE/L2	982	-	116	8090059	66749
chr17	8023310	8223310	harbor1	chr17	8090468	8090548	LINE/L2	982	-	40	8090508	67198
chr17	286286	486286	harbor1	chr17	358302	358571	LINE/L2	628	-	134	358436	72150
chr17	38631460	38831460	harbor1	chr17	38691860	38692095	LINE/L2	661	-	118	38691978	60518
chr17	38631460	38831460	harbor1	chr17	38692392	38692418	LINE/L2	661	-	13	38692405	60945
chr17	38631460	38831460	harbor1	chr17	38692765	38692899	LINE/L2	1648	-	67	38692832	61372
chr17	38631460	38831460	harbor1	chr17	38693207	38693587	LINE/L2	1648	-	190	38693397	61937
chr17	41516785	41716785	harbor1	chr17	41537221	41537947	LINE/L2	726	-	363	41537584	20799
chr17	7461864	7661864	harbor1	chr17	7485221	7485446	LINE/L2	662	-	112	7485333	23469
chr17	7461864	7661864	harbor1	chr17	7485706	7485716	LINE/L2	662	-	5	7485711	23847
chr17	7461864	7661864	harbor1	chr17	7485856	7486311	LINE/L2	662	-	228	7486084	24220
chr17	7461864	7661864	harbor1	chr17	7491695	7491942	LINE/L2	597	-	124	7491819	29955
chr17	7461864	7661864	harbor1	chr17	7493180	7493599	LINE/L2	689	-	210	7493390	31526
chr17	2829895	3029895	harbor1	chr17	2908170	2908727	LINE/L2	753	-	278	2908448	78553
chr17	2829895	3029895	harbor1	chr17	2909001	2909451	LINE/L2	753	-	225	2909226	79331
chr17	7461894	7661894	harbor1	chr17	7485221	7485446	LINE/L2	662	-	112	7485333	23439
chr17	7461894	7661894	harbor1	chr17	7485706	7485716	LINE/L2	662	-	5	7485711	23817
chr17	7461894	7661894	harbor1	chr17	7485856	7486311	LINE/L2	662	-	228	7486084	24190
chr17	7461894	7661894	harbor1	chr17	7491695	7491942	LINE/L2	597	-	124	7491819	29925
chr17	7461894	7661894	harbor1	chr17	7493180	7493599	LINE/L2	689	-	210	7493390	31496
chr17	15134573	15334573	harbor1	chr17	15140469	15140984	LINE/L2	1616	-	258	15140727	6154
chr17	15134573	15334573	harbor1	chr17	15141065	15141193	LINE/L2	1616	-	64	15141129	6556
chr17	15134573	15334573	harbor1	chr17	15157601	15157885	LINE/L2	610	-	142	15157743	23170
chr17	15134573	15334573	harbor1	chr17	15158175	15158374	LINE/L2	610	-	100	15158275	23702
chr17	15134573	15334573	harbor1	chr17	15195453	15195706	LINE/L2	927	-	126	15195579	61006
chr17	15134573	15334573	harbor1	chr17	15196004	15196257	LINE/L2	927	-	126	15196130	61557
chr17	42914345	43114345	harbor1	chr17	42960279	42960460	LINE/L2	734	-	90	42960369	46024
chr17	42914345	43114345	harbor1	chr17	42960749	42960975	LINE/L2	734	-	113	42960862	46517
chr17	2837929	3037929	harbor1	chr17	2908170	2908727	LINE/L2	753	-	278	2908448	70519
chr17	2837929	3037929	harbor1	chr17	2909001	2909451	LINE/L2	753	-	225	2909226	71297
chr17	7461804	7661804	harbor1	chr17	7485221	7485446	LINE/L2	662	-	112	7485333	23529
chr17	7461804	7661804	harbor1	chr17	7485706	7485716	LINE/L2	662	-	5	7485711	23907
chr17	7461804	7661804	harbor1	chr17	7485856	7486311	LINE/L2	662	-	228	7486084	24280
chr17	7461804	7661804	harbor1	chr17	7491695	7491942	LINE/L2	597	-	124	7491819	30015
chr17	7461804	7661804	harbor1	chr17	7493180	7493599	LINE/L2	689	-	210	7493390	31586
chr17	74649363	74849363	harbor1	chr17	74692886	74693628	LINE/L2	874	-	371	74693257	43894
chr17	75009499	75209499	harbor1	chr17	75013418	75014170	LINE/L2	922	-	376	75013794	4295
chr17	75009499	75209499	harbor1	chr17	75014823	75015204	LINE/L2	600	-	190	75015013	5514
chr17	75009499	75209499	harbor1	chr17	75015502	75015738	LINE/L2	600	-	118	75015620	6121
chr17	75009499	75209499	harbor1	chr17	75098946	75099421	LINE/L2	659	-	238	75099184	89685
chr17	75009499	75209499	harbor1	chr17	75099739	75099771	LINE/L2	659	-	16	75099755	90256
chr17	40256634	40456634	harbor1	chr17	40265228	40266131	LINE/L2	3463	-	452	40265680	9046
chr17	40256634	40456634	harbor1	chr17	40266258	40267354	LINE/L2	3463	-	548	40266806	10172
chr17	76283274	76483274	harbor1	chr17	76347522	76347916	LINE/L2	630	-	197	76347719	64445
chr17	7397781	7597781	harbor1	chr17	7451972	7452043	LINE/L2	674	-	36	7452008	54227
chr17	7397781	7597781	harbor1	chr17	7452357	7452496	LINE/L2	674	-	70	7452427	54646
chr17	7397781	7597781	harbor1	chr17	7453043	7453106	LINE/L2	725	-	32	7453075	55294
chr17	7397781	7597781	harbor1	chr17	7453418	7453578	LINE/L2	725	-	80	7453498	55717
chr17	7397781	7597781	harbor1	chr17	7485221	7485446	LINE/L2	662	-	112	7485333	87552
chr17	7397781	7597781	harbor1	chr17	7485706	7485716	LINE/L2	662	-	5	7485711	87930
chr17	7397781	7597781	harbor1	chr17	7485856	7486311	LINE/L2	662	-	228	7486084	88303
chr17	7397781	7597781	harbor1	chr17	7491695	7491942	LINE/L2	597	-	124	7491819	94038
chr17	7397781	7597781	harbor1	chr17	7493180	7493599	LINE/L2	689	-	210	7493390	95609
chr17	33191648	33391648	harbor1	chr17	33247789	33248475	LINE/L2	3105	-	343	33248132	56484
chr17	33191648	33391648	harbor1	chr17	33248959	33249589	LINE/L2	3105	-	315	33249274	57626
chr17	33191648	33391648	harbor1	chr17	33258196	33258719	LINE/L2	1064	-	262	33258458	66810
chr17	40257301	40457301	harbor1	chr17	40265228	40266131	LINE/L2	3463	-	452	40265680	8379
chr17	40257301	40457301	harbor1	chr17	40266258	40267354	LINE/L2	3463	-	548	40266806	9505
chr17	45358313	45558313	harbor1	chr17	45388249	45389242	LINE/L2	973	-	496	45388745	30432
chr17	38349446	38549446	harbor1	chr17	38350005	38350529	LINE/L2	595	-	262	38350267	821
chr17	38349446	38549446	harbor1	chr17	38397641	38398046	LINE/L2	736	-	202	38397843	48397
chr17	38349446	38549446	harbor1	chr17	38442402	38442805	LINE/L2	649	-	202	38442604	93158
chr17	30610045	30810045	harbor1	chr17	30648321	30648663	LINE/L2	913	-	171	30648492	38447
chr17	48808683	49008683	harbor1	chr17	48879206	48879622	LINE/L2	755	-	208	48879414	70731
chr17	48808683	49008683	harbor1	chr17	48884216	48884488	LINE/L2	717	-	136	48884352	75669
chr17	48647673	48847673	harbor1	chr17	48668115	48668464	LINE/L2	904	-	174	48668289	20616
chr17	7079598	7279598	harbor1	chr17	7082584	7082837	LINE/L2	1199	-	126	7082710	3112
chr17	7079598	7279598	harbor1	chr17	7083571	7084110	LINE/L2	1199	-	270	7083841	4243
chr17	15161857	15361857	harbor1	chr17	15195453	15195706	LINE/L2	927	-	126	15195579	33722
chr17	15161857	15361857	harbor1	chr17	15196004	15196257	LINE/L2	927	-	126	15196130	34273
chr17	15161857	15361857	harbor1	chr17	15254082	15254675	LINE/L2	698	-	296	15254378	92521
chr17	15161857	15361857	harbor1	chr17	15254962	15255018	LINE/L2	698	-	28	15254990	93133
chr18	26126454	26326454	harbor1	chr18	26137638	26138143	LINE/L2	603	-	252	26137890	11436
chr18	26126454	26326454	harbor1	chr18	26138604	26138985	LINE/L2	515	-	190	26138794	12340
chr18	26126454	26326454	harbor1	chr18	26163027	26163213	LINE/L2	1007	-	93	26163120	36666
chr18	26126454	26326454	harbor1	chr18	26163263	26163501	LINE/L2	1007	-	119	26163382	36928
chr18	26126454	26326454	harbor1	chr18	26163610	26163926	LINE/L2	836	-	158	26163768	37314
chr18	26126454	26326454	harbor1	chr18	26165600	26165706	LINE/L2	423	-	53	26165653	39199
chr18	26126454	26326454	harbor1	chr18	26215440	26215560	LINE/L2	399	-	60	26215500	89046
chr18	26126454	26326454	harbor1	chr18	26220801	26220980	LINE/L2	409	-	90	26220891	94437
chr18	37465330	37665330	harbor1	chr18	37466601	37466919	LINE/L2	620	-	159	37466760	1430
chr18	37465330	37665330	harbor1	chr18	37514407	37514559	LINE/L2	405	-	76	37514483	49153
chr18	26126532	26326532	harbor1	chr18	26137638	26138143	LINE/L2	603	-	252	26137890	11358
chr18	26126532	26326532	harbor1	chr18	26138604	26138985	LINE/L2	515	-	190	26138794	12262
chr18	26126532	26326532	harbor1	chr18	26163027	26163213	LINE/L2	1007	-	93	26163120	36588
chr18	26126532	26326532	harbor1	chr18	26163263	26163501	LINE/L2	1007	-	119	26163382	36850
chr18	26126532	26326532	harbor1	chr18	26163610	26163926	LINE/L2	836	-	158	26163768	37236
chr18	26126532	26326532	harbor1	chr18	26165600	26165706	LINE/L2	423	-	53	26165653	39121
chr18	26126532	26326532	harbor1	chr18	26215440	26215560	LINE/L2	399	-	60	26215500	88968
chr18	26126532	26326532	harbor1	chr18	26220801	26220980	LINE/L2	409	-	90	26220891	94359
chr18	49713903	49913903	harbor1	chr18	49780128	49780523	LINE/L2	544	-	198	49780326	66423
chr18	49713903	49913903	harbor1	chr18	49780521	49780992	LINE/L2	1024	-	236	49780757	66854
chr18	49713903	49913903	harbor1	chr18	49781283	49781598	LINE/L2	1024	-	158	49781441	67538
chr18	26126502	26326502	harbor1	chr18	26137638	26138143	LINE/L2	603	-	252	26137890	11388
chr18	26126502	26326502	harbor1	chr18	26138604	26138985	LINE/L2	515	-	190	26138794	12292
chr18	26126502	26326502	harbor1	chr18	26163027	26163213	LINE/L2	1007	-	93	26163120	36618
chr18	26126502	26326502	harbor1	chr18	26163263	26163501	LINE/L2	1007	-	119	26163382	36880
chr18	26126502	26326502	harbor1	chr18	26163610	26163926	LINE/L2	836	-	158	26163768	37266
chr18	26126502	26326502	harbor1	chr18	26165600	26165706	LINE/L2	423	-	53	26165653	39151
chr18	26126502	26326502	harbor1	chr18	26215440	26215560	LINE/L2	399	-	60	26215500	88998
chr18	26126502	26326502	harbor1	chr18	26220801	26220980	LINE/L2	409	-	90	26220891	94389
chr18	31997343	32197343	harbor1	chr18	32015271	32015526	LINE/L2	1072	-	128	32015399	18056
chr18	31997343	32197343	harbor1	chr18	32015821	32016620	LINE/L2	1072	-	400	32016221	18878
chr18	12158330	12358330	harbor1	chr18	12235925	12236353	LINE/L2	527	-	214	12236139	77809
chr18	26126451	26326451	harbor1	chr18	26137638	26138143	LINE/L2	603	-	252	26137890	11439
chr18	26126451	26326451	harbor1	chr18	26138604	26138985	LINE/L2	515	-	190	26138794	12343
chr18	26126451	26326451	harbor1	chr18	26163027	26163213	LINE/L2	1007	-	93	26163120	36669
chr18	26126451	26326451	harbor1	chr18	26163263	26163501	LINE/L2	1007	-	119	26163382	36931
chr18	26126451	26326451	harbor1	chr18	26163610	26163926	LINE/L2	836	-	158	26163768	37317
chr18	26126451	26326451	harbor1	chr18	26165600	26165706	LINE/L2	423	-	53	26165653	39202
chr18	26126451	26326451	harbor1	chr18	26215440	26215560	LINE/L2	399	-	60	26215500	89049
chr18	26126451	26326451	harbor1	chr18	26220801	26220980	LINE/L2	409	-	90	26220891	94440
chr18	26126452	26326452	harbor1	chr18	26137638	26138143	LINE/L2	603	-	252	26137890	11438
chr18	26126452	26326452	harbor1	chr18	26138604	26138985	LINE/L2	515	-	190	26138794	12342
chr18	26126452	26326452	harbor1	chr18	26163027	26163213	LINE/L2	1007	-	93	26163120	36668
chr18	26126452	26326452	harbor1	chr18	26163263	26163501	LINE/L2	1007	-	119	26163382	36930
chr18	26126452	26326452	harbor1	chr18	26163610	26163926	LINE/L2	836	-	158	26163768	37316
chr18	26126452	26326452	harbor1	chr18	26165600	26165706	LINE/L2	423	-	53	26165653	39201
chr18	26126452	26326452	harbor1	chr18	26215440	26215560	LINE/L2	399	-	60	26215500	89048
chr18	26126452	26326452	harbor1	chr18	26220801	26220980	LINE/L2	409	-	90	26220891	94439
chr18	42426133	42626133	harbor1	chr18	42433646	42434043	LINE/L2	934	-	198	42433844	7711
chr18	42426133	42626133	harbor1	chr18	42452031	42452730	LINE/L2	591	-	350	42452381	26248
chr18	42426133	42626133	harbor1	chr18	42459775	42460267	LINE/L2	478	-	246	42460021	33888
chr18	42426133	42626133	harbor1	chr18	42460430	42460797	LINE/L2	476	-	184	42460614	34481
chr18	42426133	42626133	harbor1	chr18	42484464	42484636	LINE/L2	458	-	86	42484550	58417
chr18	74356692	74556692	harbor1	chr18	74359357	74359702	LINE/L2	513	-	172	74359529	2837
chr18	74356692	74556692	harbor1	chr18	74359703	74359863	LINE/L2	924	-	80	74359783	3091
chr18	74356692	74556692	harbor1	chr18	74360154	74360387	LINE/L2	924	-	116	74360270	3578
chr18	74356692	74556692	harbor1	chr18	74360397	74360510	LINE/L2	449	-	56	74360453	3761
chr18	74356692	74556692	harbor1	chr18	74371103	74372454	LINE/L2	1655	-	676	74371779	15087
chr18	74356714	74556714	harbor1	chr18	74359357	74359702	LINE/L2	513	-	172	74359529	2815
chr18	74356714	74556714	harbor1	chr18	74359703	74359863	LINE/L2	924	-	80	74359783	3069
chr18	74356714	74556714	harbor1	chr18	74360154	74360387	LINE/L2	924	-	116	74360270	3556
chr18	74356714	74556714	harbor1	chr18	74360397	74360510	LINE/L2	449	-	56	74360453	3739
chr18	74356714	74556714	harbor1	chr18	74371103	74372454	LINE/L2	1655	-	676	74371779	15065
chr18	23734554	23934554	harbor1	chr18	23778234	23778384	LINE/L2	529	-	75	23778309	43755
chr18	23734554	23934554	harbor1	chr18	23778900	23779561	LINE/L2	1484	-	330	23779230	44676
chr18	23734554	23934554	harbor1	chr18	23779564	23779818	LINE/L2	668	-	127	23779691	45137
chr18	23734554	23934554	harbor1	chr18	23783310	23783526	LINE/L2	466	-	108	23783418	48864
chr18	74356712	74556712	harbor1	chr18	74359357	74359702	LINE/L2	513	-	172	74359529	2817
chr18	74356712	74556712	harbor1	chr18	74359703	74359863	LINE/L2	924	-	80	74359783	3071
chr18	74356712	74556712	harbor1	chr18	74360154	74360387	LINE/L2	924	-	116	74360270	3558
chr18	74356712	74556712	harbor1	chr18	74360397	74360510	LINE/L2	449	-	56	74360453	3741
chr18	74356712	74556712	harbor1	chr18	74371103	74372454	LINE/L2	1655	-	676	74371779	15067
chr18	25820834	26020834	harbor1	chr18	25823720	25823901	LINE/L2	737	-	90	25823810	2976
chr18	25820834	26020834	harbor1	chr18	25824483	25824638	LINE/L2	737	-	78	25824561	3727
chr18	25820834	26020834	harbor1	chr18	25880520	25880620	LINE/L2	499	-	50	25880570	59736
chr18	25820834	26020834	harbor1	chr18	25880660	25881393	LINE/L2	875	-	366	25881026	60192
chr18	25820834	26020834	harbor1	chr18	25883255	25883483	LINE/L2	820	-	114	25883369	62535
chr18	26126453	26326453	harbor1	chr18	26137638	26138143	LINE/L2	603	-	252	26137890	11437
chr18	26126453	26326453	harbor1	chr18	26138604	26138985	LINE/L2	515	-	190	26138794	12341
chr18	26126453	26326453	harbor1	chr18	26163027	26163213	LINE/L2	1007	-	93	26163120	36667
chr18	26126453	26326453	harbor1	chr18	26163263	26163501	LINE/L2	1007	-	119	26163382	36929
chr18	26126453	26326453	harbor1	chr18	26163610	26163926	LINE/L2	836	-	158	26163768	37315
chr18	26126453	26326453	harbor1	chr18	26165600	26165706	LINE/L2	423	-	53	26165653	39200
chr18	26126453	26326453	harbor1	chr18	26215440	26215560	LINE/L2	399	-	60	26215500	89047
chr18	26126453	26326453	harbor1	chr18	26220801	26220980	LINE/L2	409	-	90	26220891	94438
chr18	37465383	37665383	harbor1	chr18	37466601	37466919	LINE/L2	620	-	159	37466760	1377
chr18	37465383	37665383	harbor1	chr18	37514407	37514559	LINE/L2	405	-	76	37514483	49100
chr18	46333461	46533461	harbor1	chr18	46356185	46356526	LINE/L2	863	-	170	46356355	22894
chr18	46333461	46533461	harbor1	chr18	46357270	46357490	LINE/L2	454	-	110	46357380	23919
chr18	46333461	46533461	harbor1	chr18	46359203	46359580	LINE/L2	440	-	188	46359391	25930
chr18	75105267	75305267	harbor1	chr18	75155009	75155463	LINE/L2	858	-	227	75155236	49969
chr18	57486434	57686434	harbor1	chr18	57525752	57526077	LINE/L2	925	-	162	57525914	39480
chr18	42910981	43110981	harbor1	chr18	42976748	42977169	LINE/L2	658	-	210	42976958	65977
chr18	59165754	59365754	harbor1	chr18	59172332	59172615	LINE/L2	939	-	142	59172474	6720
chr18	11589068	11789068	harbor1	chr18	11640979	11641092	LINE/L2	413	-	56	11641035	51967
chr18	11589068	11789068	harbor1	chr18	11654304	11654606	LINE/L2	617	-	151	11654455	65387
chr18	11589068	11789068	harbor1	chr18	11674187	11674892	LINE/L2	773	-	352	11674539	85471
chr18	46488673	46688673	harbor1	chr18	46499042	46499342	LINE/L2	659	-	150	46499192	10519
chr18	46488673	46688673	harbor1	chr18	46553563	46554289	LINE/L2	1240	-	363	46553926	65253
chr18	46488673	46688673	harbor1	chr18	46580837	46581586	LINE/L2	1473	-	374	46581211	92538
chr18	12159159	12359159	harbor1	chr18	12235925	12236353	LINE/L2	527	-	214	12236139	76980
chr18	25890292	26090292	harbor1	chr18	25961074	25961206	LINE/L2	414	-	66	25961140	70848
chr18	25890292	26090292	harbor1	chr18	25987602	25987721	LINE/L2	460	-	60	25987662	97370
chr18	12207967	12407967	harbor1	chr18	12235925	12236353	LINE/L2	527	-	214	12236139	28172
chr18	74356740	74556740	harbor1	chr18	74359357	74359702	LINE/L2	513	-	172	74359529	2789
chr18	74356740	74556740	harbor1	chr18	74359703	74359863	LINE/L2	924	-	80	74359783	3043
chr18	74356740	74556740	harbor1	chr18	74360154	74360387	LINE/L2	924	-	116	74360270	3530
chr18	74356740	74556740	harbor1	chr18	74360397	74360510	LINE/L2	449	-	56	74360453	3713
chr18	74356740	74556740	harbor1	chr18	74371103	74372454	LINE/L2	1655	-	676	74371779	15039
chr18	48702843	48902843	harbor1	chr18	48791916	48793014	LINE/L2	1198	-	549	48792465	89622
chr18	59165766	59365766	harbor1	chr18	59172332	59172615	LINE/L2	939	-	142	59172474	6708
chr18	59165800	59365800	harbor1	chr18	59172332	59172615	LINE/L2	939	-	142	59172474	6674
chr18	12154584	12354584	harbor1	chr18	12235925	12236353	LINE/L2	527	-	214	12236139	81555
chr19	5518771	5718771	harbor1	chr19	5532241	5532315	LINE/L2	1670	-	37	5532278	13507
chr19	5518771	5718771	harbor1	chr19	5532618	5532793	LINE/L2	1670	-	88	5532706	13935
chr19	5518771	5718771	harbor1	chr19	5533315	5533637	LINE/L2	1670	-	161	5533476	14705
chr19	5518771	5718771	harbor1	chr19	5562444	5562649	LINE/L2	956	-	102	5562546	43775
chr19	5518771	5718771	harbor1	chr19	5562947	5563464	LINE/L2	956	-	258	5563205	44434
chr19	18336407	18536407	harbor1	chr19	18401034	18401261	LINE/L2	734	-	114	18401148	64741
chr19	18336407	18536407	harbor1	chr19	18401589	18401714	LINE/L2	734	-	62	18401651	65244
chr19	18336407	18536407	harbor1	chr19	18410897	18410992	LINE/L2	730	-	48	18410945	74538
chr19	18336407	18536407	harbor1	chr19	18411127	18411210	LINE/L2	730	-	42	18411169	74762
chr19	18336407	18536407	harbor1	chr19	18411509	18411691	LINE/L2	730	-	91	18411600	75193
chr19	49461215	49661215	harbor1	chr19	49529501	49529719	LINE/L2	663	-	109	49529610	68395
chr19	49461215	49661215	harbor1	chr19	49530801	49531040	LINE/L2	808	-	120	49530921	69706
chr19	49461215	49661215	harbor1	chr19	49531404	49531658	LINE/L2	808	-	127	49531531	70316
chr19	49461215	49661215	harbor1	chr19	49544127	49544507	LINE/L2	766	-	190	49544317	83102
chr19	49751331	49951331	harbor1	chr19	49768871	49768968	LINE/L2	818	-	48	49768919	17588
chr19	49751331	49951331	harbor1	chr19	49769278	49769881	LINE/L2	1108	-	302	49769580	18249
chr19	49751331	49951331	harbor1	chr19	49770169	49770245	LINE/L2	1108	-	38	49770207	18876
chr19	49751331	49951331	harbor1	chr19	49773515	49774097	LINE/L2	831	-	291	49773806	22475
chr19	5510367	5710367	harbor1	chr19	5532241	5532315	LINE/L2	1670	-	37	5532278	21911
chr19	5510367	5710367	harbor1	chr19	5532618	5532793	LINE/L2	1670	-	88	5532706	22339
chr19	5510367	5710367	harbor1	chr19	5533315	5533637	LINE/L2	1670	-	161	5533476	23109
chr19	5510367	5710367	harbor1	chr19	5562444	5562649	LINE/L2	956	-	102	5562546	52179
chr19	5510367	5710367	harbor1	chr19	5562947	5563464	LINE/L2	956	-	258	5563205	52838
chr19	5521813	5721813	harbor1	chr19	5532241	5532315	LINE/L2	1670	-	37	5532278	10465
chr19	5521813	5721813	harbor1	chr19	5532618	5532793	LINE/L2	1670	-	88	5532706	10893
chr19	5521813	5721813	harbor1	chr19	5533315	5533637	LINE/L2	1670	-	161	5533476	11663
chr19	5521813	5721813	harbor1	chr19	5562444	5562649	LINE/L2	956	-	102	5562546	40733
chr19	5521813	5721813	harbor1	chr19	5562947	5563464	LINE/L2	956	-	258	5563205	41392
chr19	10618449	10818449	harbor1	chr19	10620577	10620763	LINE/L2	1164	-	93	10620670	2221
chr19	10618449	10818449	harbor1	chr19	10621382	10621424	LINE/L2	1164	-	21	10621403	2954
chr19	10618449	10818449	harbor1	chr19	10622062	10622534	LINE/L2	1164	-	236	10622298	3849
chr19	10618445	10818445	harbor1	chr19	10620577	10620763	LINE/L2	1164	-	93	10620670	2225
chr19	10618445	10818445	harbor1	chr19	10621382	10621424	LINE/L2	1164	-	21	10621403	2958
chr19	10618445	10818445	harbor1	chr19	10622062	10622534	LINE/L2	1164	-	236	10622298	3853
chr19	10618454	10818454	harbor1	chr19	10620577	10620763	LINE/L2	1164	-	93	10620670	2216
chr19	10618454	10818454	harbor1	chr19	10621382	10621424	LINE/L2	1164	-	21	10621403	2949
chr19	10618454	10818454	harbor1	chr19	10622062	10622534	LINE/L2	1164	-	236	10622298	3844
chr19	5521834	5721834	harbor1	chr19	5532241	5532315	LINE/L2	1670	-	37	5532278	10444
chr19	5521834	5721834	harbor1	chr19	5532618	5532793	LINE/L2	1670	-	88	5532706	10872
chr19	5521834	5721834	harbor1	chr19	5533315	5533637	LINE/L2	1670	-	161	5533476	11642
chr19	5521834	5721834	harbor1	chr19	5562444	5562649	LINE/L2	956	-	102	5562546	40712
chr19	5521834	5721834	harbor1	chr19	5562947	5563464	LINE/L2	956	-	258	5563205	41371
chr19	3283783	3483783	harbor1	chr19	3291596	3291868	LINE/L2	742	-	136	3291732	7949
chr19	3283783	3483783	harbor1	chr19	3316083	3316830	LINE/L2	1267	-	374	3316457	32674
chr19	3283783	3483783	harbor1	chr19	3344803	3345105	LINE/L2	801	-	151	3344954	61171
chr19	49751333	49951333	harbor1	chr19	49768871	49768968	LINE/L2	818	-	48	49768919	17586
chr19	49751333	49951333	harbor1	chr19	49769278	49769881	LINE/L2	1108	-	302	49769580	18247
chr19	49751333	49951333	harbor1	chr19	49770169	49770245	LINE/L2	1108	-	38	49770207	18874
chr19	49751333	49951333	harbor1	chr19	49773515	49774097	LINE/L2	831	-	291	49773806	22473
chr19	5522118	5722118	harbor1	chr19	5532241	5532315	LINE/L2	1670	-	37	5532278	10160
chr19	5522118	5722118	harbor1	chr19	5532618	5532793	LINE/L2	1670	-	88	5532706	10588
chr19	5522118	5722118	harbor1	chr19	5533315	5533637	LINE/L2	1670	-	161	5533476	11358
chr19	5522118	5722118	harbor1	chr19	5562444	5562649	LINE/L2	956	-	102	5562546	40428
chr19	5522118	5722118	harbor1	chr19	5562947	5563464	LINE/L2	956	-	258	5563205	41087
chr19	10073322	10273322	harbor1	chr19	10100607	10100840	LINE/L2	743	-	116	10100723	27401
chr19	12912166	13112166	harbor1	chr19	12965023	12965417	LINE/L2	1003	-	197	12965220	53054
chr19	35101286	35301286	harbor1	chr19	35108431	35109179	LINE/L2	1085	-	374	35108805	7519
chr19	35101286	35301286	harbor1	chr19	35149606	35149812	LINE/L2	1239	-	103	35149709	48423
chr19	35101286	35301286	harbor1	chr19	35150417	35151086	LINE/L2	1239	-	334	35150751	49465
chr19	35101286	35301286	harbor1	chr19	35156326	35156953	LINE/L2	1058	-	314	35156640	55354
chr19	35101286	35301286	harbor1	chr19	35164721	35164939	LINE/L2	700	-	109	35164830	63544
chr19	35101286	35301286	harbor1	chr19	35165817	35166045	LINE/L2	897	-	114	35165931	64645
chr19	35101286	35301286	harbor1	chr19	35168166	35168571	LINE/L2	693	-	202	35168368	67082
chr19	5489614	5689614	harbor1	chr19	5497319	5497646	LINE/L2	926	-	164	5497483	7869
chr19	5489614	5689614	harbor1	chr19	5532241	5532315	LINE/L2	1670	-	37	5532278	42664
chr19	5489614	5689614	harbor1	chr19	5532618	5532793	LINE/L2	1670	-	88	5532706	43092
chr19	5489614	5689614	harbor1	chr19	5533315	5533637	LINE/L2	1670	-	161	5533476	43862
chr19	5489614	5689614	harbor1	chr19	5562444	5562649	LINE/L2	956	-	102	5562546	72932
chr19	5489614	5689614	harbor1	chr19	5562947	5563464	LINE/L2	956	-	258	5563205	73591
chr19	5522533	5722533	harbor1	chr19	5532241	5532315	LINE/L2	1670	-	37	5532278	9745
chr19	5522533	5722533	harbor1	chr19	5532618	5532793	LINE/L2	1670	-	88	5532706	10173
chr19	5522533	5722533	harbor1	chr19	5533315	5533637	LINE/L2	1670	-	161	5533476	10943
chr19	5522533	5722533	harbor1	chr19	5562444	5562649	LINE/L2	956	-	102	5562546	40013
chr19	5522533	5722533	harbor1	chr19	5562947	5563464	LINE/L2	956	-	258	5563205	40672
chr19	2710214	2910214	harbor1	chr19	2742648	2742857	LINE/L2	854	-	104	2742752	32538
chr19	2710214	2910214	harbor1	chr19	2742990	2743266	LINE/L2	854	-	138	2743128	32914
chr19	10618489	10818489	harbor1	chr19	10620577	10620763	LINE/L2	1164	-	93	10620670	2181
chr19	10618489	10818489	harbor1	chr19	10621382	10621424	LINE/L2	1164	-	21	10621403	2914
chr19	10618489	10818489	harbor1	chr19	10622062	10622534	LINE/L2	1164	-	236	10622298	3809
chr19	49751330	49951330	harbor1	chr19	49768871	49768968	LINE/L2	818	-	48	49768919	17589
chr19	49751330	49951330	harbor1	chr19	49769278	49769881	LINE/L2	1108	-	302	49769580	18250
chr19	49751330	49951330	harbor1	chr19	49770169	49770245	LINE/L2	1108	-	38	49770207	18877
chr19	49751330	49951330	harbor1	chr19	49773515	49774097	LINE/L2	831	-	291	49773806	22476
chr19	54982219	55182219	harbor1	chr19	55073786	55073914	LINE/L2	1112	-	64	55073850	91631
chr19	54982219	55182219	harbor1	chr19	55074211	55074448	LINE/L2	1112	-	118	55074329	92110
chr19	702847	902847	harbor1	chr19	737491	738101	LINE/L2	715	-	305	737796	34949
chr19	10618492	10818492	harbor1	chr19	10620577	10620763	LINE/L2	1164	-	93	10620670	2178
chr19	10618492	10818492	harbor1	chr19	10621382	10621424	LINE/L2	1164	-	21	10621403	2911
chr19	10618492	10818492	harbor1	chr19	10622062	10622534	LINE/L2	1164	-	236	10622298	3806
chr19	49751332	49951332	harbor1	chr19	49768871	49768968	LINE/L2	818	-	48	49768919	17587
chr19	49751332	49951332	harbor1	chr19	49769278	49769881	LINE/L2	1108	-	302	49769580	18248
chr19	49751332	49951332	harbor1	chr19	49770169	49770245	LINE/L2	1108	-	38	49770207	18875
chr19	49751332	49951332	harbor1	chr19	49773515	49774097	LINE/L2	831	-	291	49773806	22474
chr19	44719569	44919569	harbor1	chr19	44722781	44723070	LINE/L2	731	-	144	44722925	3356
chr19	44719569	44919569	harbor1	chr19	44802680	44802923	LINE/L2	735	-	122	44802802	83233
chr19	44719569	44919569	harbor1	chr19	44807288	44807561	LINE/L2	821	-	136	44807424	87855
chr19	44719569	44919569	harbor1	chr19	44817260	44817540	LINE/L2	801	-	140	44817400	97831
chr19	44719569	44919569	harbor1	chr19	44817844	44817957	LINE/L2	801	-	56	44817900	98331
chr19	35166986	35366986	harbor1	chr19	35168166	35168571	LINE/L2	693	-	202	35168368	1382
chr19	2710232	2910232	harbor1	chr19	2742648	2742857	LINE/L2	854	-	104	2742752	32520
chr19	2710232	2910232	harbor1	chr19	2742990	2743266	LINE/L2	854	-	138	2743128	32896
chr19	5522565	5722565	harbor1	chr19	5532241	5532315	LINE/L2	1670	-	37	5532278	9713
chr19	5522565	5722565	harbor1	chr19	5532618	5532793	LINE/L2	1670	-	88	5532706	10141
chr19	5522565	5722565	harbor1	chr19	5533315	5533637	LINE/L2	1670	-	161	5533476	10911
chr19	5522565	5722565	harbor1	chr19	5562444	5562649	LINE/L2	956	-	102	5562546	39981
chr19	5522565	5722565	harbor1	chr19	5562947	5563464	LINE/L2	956	-	258	5563205	40640
chr19	39407220	39607220	harbor1	chr19	39446252	39446619	LINE/L2	920	-	184	39446436	39216
chr19	39407220	39607220	harbor1	chr19	39465238	39465505	LINE/L2	1040	-	134	39465372	58152
chr19	39407220	39607220	harbor1	chr19	39465726	39465840	LINE/L2	1040	-	57	39465783	58563
chr19	39407220	39607220	harbor1	chr19	39466057	39466359	LINE/L2	1040	-	151	39466208	58988
chr19	39407220	39607220	harbor1	chr19	39471918	39472244	LINE/L2	809	-	163	39472081	64861
chr19	39407220	39607220	harbor1	chr19	39474778	39475105	LINE/L2	830	-	164	39474942	67722
chr19	39407220	39607220	harbor1	chr19	39475407	39475544	LINE/L2	830	-	68	39475475	68255
chr19	41922838	42122838	harbor1	chr19	41999647	41999987	LINE/L2	975	-	170	41999817	76979
chr19	41922838	42122838	harbor1	chr19	42000004	42000617	LINE/L2	1692	-	306	42000310	77472
chr19	49751427	49951427	harbor1	chr19	49768871	49768968	LINE/L2	818	-	48	49768919	17492
chr19	49751427	49951427	harbor1	chr19	49769278	49769881	LINE/L2	1108	-	302	49769580	18153
chr19	49751427	49951427	harbor1	chr19	49770169	49770245	LINE/L2	1108	-	38	49770207	18780
chr19	49751427	49951427	harbor1	chr19	49773515	49774097	LINE/L2	831	-	291	49773806	22379
chr19	10618444	10818444	harbor1	chr19	10620577	10620763	LINE/L2	1164	-	93	10620670	2226
chr19	10618444	10818444	harbor1	chr19	10621382	10621424	LINE/L2	1164	-	21	10621403	2959
chr19	10618444	10818444	harbor1	chr19	10622062	10622534	LINE/L2	1164	-	236	10622298	3854
chr19	664344	864344	harbor1	chr19	737491	738101	LINE/L2	715	-	305	737796	73452
chr19	49750827	49950827	harbor1	chr19	49768871	49768968	LINE/L2	818	-	48	49768919	18092
chr19	49750827	49950827	harbor1	chr19	49769278	49769881	LINE/L2	1108	-	302	49769580	18753
chr19	49750827	49950827	harbor1	chr19	49770169	49770245	LINE/L2	1108	-	38	49770207	19380
chr19	49750827	49950827	harbor1	chr19	49773515	49774097	LINE/L2	831	-	291	49773806	22979
chr19	5522544	5722544	harbor1	chr19	5532241	5532315	LINE/L2	1670	-	37	5532278	9734
chr19	5522544	5722544	harbor1	chr19	5532618	5532793	LINE/L2	1670	-	88	5532706	10162
chr19	5522544	5722544	harbor1	chr19	5533315	5533637	LINE/L2	1670	-	161	5533476	10932
chr19	5522544	5722544	harbor1	chr19	5562444	5562649	LINE/L2	956	-	102	5562546	40002
chr19	5522544	5722544	harbor1	chr19	5562947	5563464	LINE/L2	956	-	258	5563205	40661
chr19	48525128	48725128	harbor1	chr19	48549529	48549881	LINE/L2	781	-	176	48549705	24577
chr19	48525128	48725128	harbor1	chr19	48577731	48577930	LINE/L2	697	-	100	48577831	52703
chr19	48525128	48725128	harbor1	chr19	48588604	48589545	LINE/L2	1415	-	470	48589074	63946
chr19	4570431	4770431	harbor1	chr19	4570619	4570991	LINE/L2	640	-	186	4570805	374
chr19	4570431	4770431	harbor1	chr19	4589880	4590012	LINE/L2	856	-	66	4589946	19515
chr19	4570431	4770431	harbor1	chr19	4590178	4590276	LINE/L2	905	-	49	4590227	19796
chr19	4570431	4770431	harbor1	chr19	4590576	4590741	LINE/L2	905	-	82	4590658	20227
chr19	4570431	4770431	harbor1	chr19	4633083	4633448	LINE/L2	1070	-	182	4633265	62834
chr19	4570431	4770431	harbor1	chr19	4642528	4642991	LINE/L2	829	-	232	4642760	72329
chr19	9986276	10186276	harbor1	chr19	10067912	10068234	LINE/L2	801	-	161	10068073	81797
chr19	9986276	10186276	harbor1	chr19	10068535	10068545	LINE/L2	801	-	5	10068540	82264
chr19	9986276	10186276	harbor1	chr19	10069349	10069573	LINE/L2	777	-	112	10069461	83185
chr19	9986276	10186276	harbor1	chr19	10069859	10070092	LINE/L2	777	-	116	10069975	83699
chr19	5522573	5722573	harbor1	chr19	5532241	5532315	LINE/L2	1670	-	37	5532278	9705
chr19	5522573	5722573	harbor1	chr19	5532618	5532793	LINE/L2	1670	-	88	5532706	10133
chr19	5522573	5722573	harbor1	chr19	5533315	5533637	LINE/L2	1670	-	161	5533476	10903
chr19	5522573	5722573	harbor1	chr19	5562444	5562649	LINE/L2	956	-	102	5562546	39973
chr19	5522573	5722573	harbor1	chr19	5562947	5563464	LINE/L2	956	-	258	5563205	40632
chr19	10618507	10818507	harbor1	chr19	10620577	10620763	LINE/L2	1164	-	93	10620670	2163
chr19	10618507	10818507	harbor1	chr19	10621382	10621424	LINE/L2	1164	-	21	10621403	2896
chr19	10618507	10818507	harbor1	chr19	10622062	10622534	LINE/L2	1164	-	236	10622298	3791
chr19	36005131	36205131	harbor1	chr19	36005582	36005736	LINE/L2	707	-	77	36005659	528
chr19	36005131	36205131	harbor1	chr19	36006035	36006204	LINE/L2	707	-	84	36006119	988
chr19	36005131	36205131	harbor1	chr19	36050897	36051655	LINE/L2	1439	-	379	36051276	46145
chr19	36005131	36205131	harbor1	chr19	36060126	36060642	LINE/L2	662	-	258	36060384	55253
chr19	36005131	36205131	harbor1	chr19	36073607	36073948	LINE/L2	808	-	170	36073777	68646
chr19	36005131	36205131	harbor1	chr19	36082078	36082478	LINE/L2	674	-	200	36082278	77147
chr19	36005131	36205131	harbor1	chr19	36089866	36090192	LINE/L2	688	-	163	36090029	84898
chr19	10525987	10725987	harbor1	chr19	10620577	10620763	LINE/L2	1164	-	93	10620670	94683
chr19	10525987	10725987	harbor1	chr19	10621382	10621424	LINE/L2	1164	-	21	10621403	95416
chr19	10525987	10725987	harbor1	chr19	10622062	10622534	LINE/L2	1164	-	236	10622298	96311
chr19	483635	683635	harbor1	chr19	484538	485104	LINE/L2	784	-	283	484821	1186
chr19	12885297	13085297	harbor1	chr19	12965023	12965417	LINE/L2	1003	-	197	12965220	79923
chr19	44719429	44919429	harbor1	chr19	44722781	44723070	LINE/L2	731	-	144	44722925	3496
chr19	44719429	44919429	harbor1	chr19	44802680	44802923	LINE/L2	735	-	122	44802802	83373
chr19	44719429	44919429	harbor1	chr19	44807288	44807561	LINE/L2	821	-	136	44807424	87995
chr19	44719429	44919429	harbor1	chr19	44817260	44817540	LINE/L2	801	-	140	44817400	97971
chr19	44719429	44919429	harbor1	chr19	44817844	44817957	LINE/L2	801	-	56	44817900	98471
chr19	5521749	5721749	harbor1	chr19	5532241	5532315	LINE/L2	1670	-	37	5532278	10529
chr19	5521749	5721749	harbor1	chr19	5532618	5532793	LINE/L2	1670	-	88	5532706	10957
chr19	5521749	5721749	harbor1	chr19	5533315	5533637	LINE/L2	1670	-	161	5533476	11727
chr19	5521749	5721749	harbor1	chr19	5562444	5562649	LINE/L2	956	-	102	5562546	40797
chr19	5521749	5721749	harbor1	chr19	5562947	5563464	LINE/L2	956	-	258	5563205	41456
chr19	45397358	45597358	harbor1	chr19	45417167	45417622	LINE/L2	1203	-	228	45417395	20037
chr19	45397358	45597358	harbor1	chr19	45424217	45424524	LINE/L2	827	-	154	45424371	27013
chr19	45397358	45597358	harbor1	chr19	45445316	45445885	LINE/L2	1298	-	284	45445600	48242
chr19	45397358	45597358	harbor1	chr19	45446199	45446380	LINE/L2	766	-	90	45446289	48931
chr19	45397358	45597358	harbor1	chr19	45460467	45460833	LINE/L2	1152	-	183	45460650	63292
chr19	45397358	45597358	harbor1	chr19	45476362	45476733	LINE/L2	800	-	186	45476548	79190
chr19	45397358	45597358	harbor1	chr19	45477061	45477508	LINE/L2	718	-	224	45477285	79927
chr19	45397358	45597358	harbor1	chr19	45495371	45495840	LINE/L2	1933	-	234	45495605	98247
chr19	37894961	38094961	harbor1	chr19	37913250	37913414	LINE/L2	965	-	82	37913332	18371
chr19	37894961	38094961	harbor1	chr19	37913696	37913734	LINE/L2	965	-	19	37913715	18754
chr19	37894961	38094961	harbor1	chr19	37914047	37914341	LINE/L2	965	-	147	37914194	19233
chr19	37894961	38094961	harbor1	chr19	37942112	37942555	LINE/L2	695	-	222	37942334	47373
chr19	37894961	38094961	harbor1	chr19	37948613	37949020	LINE/L2	699	-	204	37948817	53856
chr19	14106923	14306923	harbor1	chr19	14145284	14146259	LINE/L2	1519	-	488	14145772	38849
chr19	14106923	14306923	harbor1	chr19	14153165	14153410	LINE/L2	770	-	122	14153287	46364
chr19	14106923	14306923	harbor1	chr19	14197903	14198345	LINE/L2	716	-	221	14198124	91201
chr19	14106923	14306923	harbor1	chr19	14199331	14199425	LINE/L2	705	-	47	14199378	92455
chr19	14106923	14306923	harbor1	chr19	14200033	14200315	LINE/L2	705	-	141	14200174	93251
chr19	5499898	5699898	harbor1	chr19	5532241	5532315	LINE/L2	1670	-	37	5532278	32380
chr19	5499898	5699898	harbor1	chr19	5532618	5532793	LINE/L2	1670	-	88	5532706	32808
chr19	5499898	5699898	harbor1	chr19	5533315	5533637	LINE/L2	1670	-	161	5533476	33578
chr19	5499898	5699898	harbor1	chr19	5562444	5562649	LINE/L2	956	-	102	5562546	62648
chr19	5499898	5699898	harbor1	chr19	5562947	5563464	LINE/L2	956	-	258	5563205	63307
chr19	12938463	13138463	harbor1	chr19	12965023	12965417	LINE/L2	1003	-	197	12965220	26757
chr19	49751463	49951463	harbor1	chr19	49768871	49768968	LINE/L2	818	-	48	49768919	17456
chr19	49751463	49951463	harbor1	chr19	49769278	49769881	LINE/L2	1108	-	302	49769580	18117
chr19	49751463	49951463	harbor1	chr19	49770169	49770245	LINE/L2	1108	-	38	49770207	18744
chr19	49751463	49951463	harbor1	chr19	49773515	49774097	LINE/L2	831	-	291	49773806	22343
chr19	10320198	10520198	harbor1	chr19	10415162	10415495	LINE/L2	1044	-	166	10415328	95130
chr19	10320198	10520198	harbor1	chr19	10415798	10416055	LINE/L2	1044	-	128	10415926	95728
chr19	38117750	38317750	harbor1	chr19	38131098	38131588	LINE/L2	736	-	245	38131343	13593
chr19	38117750	38317750	harbor1	chr19	38163044	38163207	LINE/L2	899	-	82	38163126	45376
chr19	38117750	38317750	harbor1	chr19	38163512	38164171	LINE/L2	1144	-	330	38163842	46092
chr19	38117750	38317750	harbor1	chr19	38172337	38172827	LINE/L2	643	-	245	38172582	54832
chr19	38117750	38317750	harbor1	chr19	38173801	38174195	LINE/L2	731	-	197	38173998	56248
chr19	38117750	38317750	harbor1	chr19	38183002	38183838	LINE/L2	1463	-	418	38183420	65670
chr19	38117750	38317750	harbor1	chr19	38158246	38158991	LINE/L2	891	-	372	38158618	40868
chr19	58377455	58577455	harbor1	chr19	58441187	58441695	LINE/L2	692	-	254	58441441	63986
chr19	10617604	10817604	harbor1	chr19	10620577	10620763	LINE/L2	1164	-	93	10620670	3066
chr19	10617604	10817604	harbor1	chr19	10621382	10621424	LINE/L2	1164	-	21	10621403	3799
chr19	10617604	10817604	harbor1	chr19	10622062	10622534	LINE/L2	1164	-	236	10622298	4694
chr19	5516401	5716401	harbor1	chr19	5532241	5532315	LINE/L2	1670	-	37	5532278	15877
chr19	5516401	5716401	harbor1	chr19	5532618	5532793	LINE/L2	1670	-	88	5532706	16305
chr19	5516401	5716401	harbor1	chr19	5533315	5533637	LINE/L2	1670	-	161	5533476	17075
chr19	5516401	5716401	harbor1	chr19	5562444	5562649	LINE/L2	956	-	102	5562546	46145
chr19	5516401	5716401	harbor1	chr19	5562947	5563464	LINE/L2	956	-	258	5563205	46804
chr19	48639075	48839075	harbor1	chr19	48641372	48641636	LINE/L2	880	-	132	48641504	2429
chr19	48639075	48839075	harbor1	chr19	48641966	48642216	LINE/L2	880	-	125	48642091	3016
chr19	48639075	48839075	harbor1	chr19	48642529	48642921	LINE/L2	745	-	196	48642725	3650
chr19	48639075	48839075	harbor1	chr19	48657973	48658070	LINE/L2	1178	-	48	48658021	18946
chr19	48639075	48839075	harbor1	chr19	48658367	48658609	LINE/L2	1178	-	121	48658488	19413
chr19	48639075	48839075	harbor1	chr19	48658904	48659193	LINE/L2	1178	-	144	48659048	19973
chr19	49750826	49950826	harbor1	chr19	49768871	49768968	LINE/L2	818	-	48	49768919	18093
chr19	49750826	49950826	harbor1	chr19	49769278	49769881	LINE/L2	1108	-	302	49769580	18754
chr19	49750826	49950826	harbor1	chr19	49770169	49770245	LINE/L2	1108	-	38	49770207	19381
chr19	49750826	49950826	harbor1	chr19	49773515	49774097	LINE/L2	831	-	291	49773806	22980
chr19	10618468	10818468	harbor1	chr19	10620577	10620763	LINE/L2	1164	-	93	10620670	2202
chr19	10618468	10818468	harbor1	chr19	10621382	10621424	LINE/L2	1164	-	21	10621403	2935
chr19	10618468	10818468	harbor1	chr19	10622062	10622534	LINE/L2	1164	-	236	10622298	3830
chr19	35167341	35367341	harbor1	chr19	35168166	35168571	LINE/L2	693	-	202	35168368	1027
chr19	6652741	6852741	harbor1	chr19	6716614	6717255	LINE/L2	1048	-	320	6716934	64193
chr19	1813169	2013169	harbor1	chr19	1850169	1850438	LINE/L2	1015	-	134	1850303	37134
chr19	1813169	2013169	harbor1	chr19	1850751	1851356	LINE/L2	1505	-	302	1851053	37884
chr19	49239891	49439891	harbor1	chr19	49327554	49328112	LINE/L2	2692	-	279	49327833	87942
chr19	49239891	49439891	harbor1	chr19	49328467	49328629	LINE/L2	2692	-	81	49328548	88657
chr19	49239891	49439891	harbor1	chr19	49329452	49329501	LINE/L2	2692	-	24	49329476	89585
chr19	49239891	49439891	harbor1	chr19	49330127	49330549	LINE/L2	2692	-	211	49330338	90447
chr19	39990768	40190768	harbor1	chr19	40008902	40009257	LINE/L2	688	-	178	40009080	18312
chr19	5519194	5719194	harbor1	chr19	5532241	5532315	LINE/L2	1670	-	37	5532278	13084
chr19	5519194	5719194	harbor1	chr19	5532618	5532793	LINE/L2	1670	-	88	5532706	13512
chr19	5519194	5719194	harbor1	chr19	5533315	5533637	LINE/L2	1670	-	161	5533476	14282
chr19	5519194	5719194	harbor1	chr19	5562444	5562649	LINE/L2	956	-	102	5562546	43352
chr19	5519194	5719194	harbor1	chr19	5562947	5563464	LINE/L2	956	-	258	5563205	44011
chr19	10618496	10818496	harbor1	chr19	10620577	10620763	LINE/L2	1164	-	93	10620670	2174
chr19	10618496	10818496	harbor1	chr19	10621382	10621424	LINE/L2	1164	-	21	10621403	2907
chr19	10618496	10818496	harbor1	chr19	10622062	10622534	LINE/L2	1164	-	236	10622298	3802
chr19	5522745	5722745	harbor1	chr19	5532241	5532315	LINE/L2	1670	-	37	5532278	9533
chr19	5522745	5722745	harbor1	chr19	5532618	5532793	LINE/L2	1670	-	88	5532706	9961
chr19	5522745	5722745	harbor1	chr19	5533315	5533637	LINE/L2	1670	-	161	5533476	10731
chr19	5522745	5722745	harbor1	chr19	5562444	5562649	LINE/L2	956	-	102	5562546	39801
chr19	5522745	5722745	harbor1	chr19	5562947	5563464	LINE/L2	956	-	258	5563205	40460
chr19	10612630	10812630	harbor1	chr19	10620577	10620763	LINE/L2	1164	-	93	10620670	8040
chr19	10612630	10812630	harbor1	chr19	10621382	10621424	LINE/L2	1164	-	21	10621403	8773
chr19	10612630	10812630	harbor1	chr19	10622062	10622534	LINE/L2	1164	-	236	10622298	9668
chr19	49707032	49907032	harbor1	chr19	49768871	49768968	LINE/L2	818	-	48	49768919	61887
chr19	49707032	49907032	harbor1	chr19	49769278	49769881	LINE/L2	1108	-	302	49769580	62548
chr19	49707032	49907032	harbor1	chr19	49770169	49770245	LINE/L2	1108	-	38	49770207	63175
chr19	49707032	49907032	harbor1	chr19	49773515	49774097	LINE/L2	831	-	291	49773806	66774
chr19	1763835	1963835	harbor1	chr19	1850169	1850438	LINE/L2	1015	-	134	1850303	86468
chr19	1763835	1963835	harbor1	chr19	1850751	1851356	LINE/L2	1505	-	302	1851053	87218
chr19	12922472	13122472	harbor1	chr19	12965023	12965417	LINE/L2	1003	-	197	12965220	42748
chr19	409019	609019	harbor1	chr19	484538	485104	LINE/L2	784	-	283	484821	75802
chr19	54981488	55181488	harbor1	chr19	55073786	55073914	LINE/L2	1112	-	64	55073850	92362
chr19	54981488	55181488	harbor1	chr19	55074211	55074448	LINE/L2	1112	-	118	55074329	92841
chr19	6129382	6329382	harbor1	chr19	6137356	6137587	LINE/L2	733	-	116	6137472	8090
chr19	6129382	6329382	harbor1	chr19	6175278	6175675	LINE/L2	895	-	198	6175476	46094
chr19	6129382	6329382	harbor1	chr19	6202208	6202323	LINE/L2	758	-	58	6202266	72884
chr19	6129382	6329382	harbor1	chr19	6202633	6203336	LINE/L2	1122	-	352	6202985	73603
chr19	5522536	5722536	harbor1	chr19	5532241	5532315	LINE/L2	1670	-	37	5532278	9742
chr19	5522536	5722536	harbor1	chr19	5532618	5532793	LINE/L2	1670	-	88	5532706	10170
chr19	5522536	5722536	harbor1	chr19	5533315	5533637	LINE/L2	1670	-	161	5533476	10940
chr19	5522536	5722536	harbor1	chr19	5562444	5562649	LINE/L2	956	-	102	5562546	40010
chr19	5522536	5722536	harbor1	chr19	5562947	5563464	LINE/L2	956	-	258	5563205	40669
chr19	5504847	5704847	harbor1	chr19	5532241	5532315	LINE/L2	1670	-	37	5532278	27431
chr19	5504847	5704847	harbor1	chr19	5532618	5532793	LINE/L2	1670	-	88	5532706	27859
chr19	5504847	5704847	harbor1	chr19	5533315	5533637	LINE/L2	1670	-	161	5533476	28629
chr19	5504847	5704847	harbor1	chr19	5562444	5562649	LINE/L2	956	-	102	5562546	57699
chr19	5504847	5704847	harbor1	chr19	5562947	5563464	LINE/L2	956	-	258	5563205	58358
chr19	5510368	5710368	harbor1	chr19	5532241	5532315	LINE/L2	1670	-	37	5532278	21910
chr19	5510368	5710368	harbor1	chr19	5532618	5532793	LINE/L2	1670	-	88	5532706	22338
chr19	5510368	5710368	harbor1	chr19	5533315	5533637	LINE/L2	1670	-	161	5533476	23108
chr19	5510368	5710368	harbor1	chr19	5562444	5562649	LINE/L2	956	-	102	5562546	52178
chr19	5510368	5710368	harbor1	chr19	5562947	5563464	LINE/L2	956	-	258	5563205	52837
chr19	44993164	45193164	harbor1	chr19	45033000	45033400	LINE/L2	1084	-	200	45033200	40036
chr19	44993164	45193164	harbor1	chr19	45076820	45077292	LINE/L2	780	-	236	45077056	83892
chr19	44993164	45193164	harbor1	chr19	45087538	45087908	LINE/L2	689	-	185	45087723	94559
chr19	10730261	10930261	harbor1	chr19	10747924	10748387	LINE/L2	822	-	232	10748156	17895
chr19	10730261	10930261	harbor1	chr19	10788255	10788586	LINE/L2	706	-	166	10788421	58160
chr19	10730261	10930261	harbor1	chr19	10820313	10820865	LINE/L2	782	-	276	10820589	90328
chr19	10618530	10818530	harbor1	chr19	10620577	10620763	LINE/L2	1164	-	93	10620670	2140
chr19	10618530	10818530	harbor1	chr19	10621382	10621424	LINE/L2	1164	-	21	10621403	2873
chr19	10618530	10818530	harbor1	chr19	10622062	10622534	LINE/L2	1164	-	236	10622298	3768
chr19	49751494	49951494	harbor1	chr19	49768871	49768968	LINE/L2	818	-	48	49768919	17425
chr19	49751494	49951494	harbor1	chr19	49769278	49769881	LINE/L2	1108	-	302	49769580	18086
chr19	49751494	49951494	harbor1	chr19	49770169	49770245	LINE/L2	1108	-	38	49770207	18713
chr19	49751494	49951494	harbor1	chr19	49773515	49774097	LINE/L2	831	-	291	49773806	22312
chr19	5491922	5691922	harbor1	chr19	5497319	5497646	LINE/L2	926	-	164	5497483	5561
chr19	5491922	5691922	harbor1	chr19	5532241	5532315	LINE/L2	1670	-	37	5532278	40356
chr19	5491922	5691922	harbor1	chr19	5532618	5532793	LINE/L2	1670	-	88	5532706	40784
chr19	5491922	5691922	harbor1	chr19	5533315	5533637	LINE/L2	1670	-	161	5533476	41554
chr19	5491922	5691922	harbor1	chr19	5562444	5562649	LINE/L2	956	-	102	5562546	70624
chr19	5491922	5691922	harbor1	chr19	5562947	5563464	LINE/L2	956	-	258	5563205	71283
chr19	3288086	3488086	harbor1	chr19	3291596	3291868	LINE/L2	742	-	136	3291732	3646
chr19	3288086	3488086	harbor1	chr19	3316083	3316830	LINE/L2	1267	-	374	3316457	28371
chr19	3288086	3488086	harbor1	chr19	3344803	3345105	LINE/L2	801	-	151	3344954	56868
chr19	2685572	2885572	harbor1	chr19	2742648	2742857	LINE/L2	854	-	104	2742752	57180
chr19	2685572	2885572	harbor1	chr19	2742990	2743266	LINE/L2	854	-	138	2743128	57556
chr19	49751467	49951467	harbor1	chr19	49768871	49768968	LINE/L2	818	-	48	49768919	17452
chr19	49751467	49951467	harbor1	chr19	49769278	49769881	LINE/L2	1108	-	302	49769580	18113
chr19	49751467	49951467	harbor1	chr19	49770169	49770245	LINE/L2	1108	-	38	49770207	18740
chr19	49751467	49951467	harbor1	chr19	49773515	49774097	LINE/L2	831	-	291	49773806	22339
chr19	5521916	5721916	harbor1	chr19	5532241	5532315	LINE/L2	1670	-	37	5532278	10362
chr19	5521916	5721916	harbor1	chr19	5532618	5532793	LINE/L2	1670	-	88	5532706	10790
chr19	5521916	5721916	harbor1	chr19	5533315	5533637	LINE/L2	1670	-	161	5533476	11560
chr19	5521916	5721916	harbor1	chr19	5562444	5562649	LINE/L2	956	-	102	5562546	40630
chr19	5521916	5721916	harbor1	chr19	5562947	5563464	LINE/L2	956	-	258	5563205	41289
chr19	1755984	1955984	harbor1	chr19	1850169	1850438	LINE/L2	1015	-	134	1850303	94319
chr19	1755984	1955984	harbor1	chr19	1850751	1851356	LINE/L2	1505	-	302	1851053	95069
chr19	12939121	13139121	harbor1	chr19	12965023	12965417	LINE/L2	1003	-	197	12965220	26099
chr19	49751344	49951344	harbor1	chr19	49768871	49768968	LINE/L2	818	-	48	49768919	17575
chr19	49751344	49951344	harbor1	chr19	49769278	49769881	LINE/L2	1108	-	302	49769580	18236
chr19	49751344	49951344	harbor1	chr19	49770169	49770245	LINE/L2	1108	-	38	49770207	18863
chr19	49751344	49951344	harbor1	chr19	49773515	49774097	LINE/L2	831	-	291	49773806	22462
chr19	5522548	5722548	harbor1	chr19	5532241	5532315	LINE/L2	1670	-	37	5532278	9730
chr19	5522548	5722548	harbor1	chr19	5532618	5532793	LINE/L2	1670	-	88	5532706	10158
chr19	5522548	5722548	harbor1	chr19	5533315	5533637	LINE/L2	1670	-	161	5533476	10928
chr19	5522548	5722548	harbor1	chr19	5562444	5562649	LINE/L2	956	-	102	5562546	39998
chr19	5522548	5722548	harbor1	chr19	5562947	5563464	LINE/L2	956	-	258	5563205	40657
chr19	50329057	50529057	harbor1	chr19	50384708	50385389	LINE/L2	879	-	340	50385048	55991
chr19	45369339	45569339	harbor1	chr19	45417167	45417622	LINE/L2	1203	-	228	45417395	48056
chr19	45369339	45569339	harbor1	chr19	45424217	45424524	LINE/L2	827	-	154	45424371	55032
chr19	45369339	45569339	harbor1	chr19	45445316	45445885	LINE/L2	1298	-	284	45445600	76261
chr19	45369339	45569339	harbor1	chr19	45446199	45446380	LINE/L2	766	-	90	45446289	76950
chr19	45369339	45569339	harbor1	chr19	45460467	45460833	LINE/L2	1152	-	183	45460650	91311
chr19	48342797	48542797	harbor1	chr19	48401178	48401818	LINE/L2	1808	-	320	48401498	58701
chr19	48342797	48542797	harbor1	chr19	48402124	48402435	LINE/L2	1808	-	156	48402280	59483
chr19	48342797	48542797	harbor1	chr19	48402750	48402765	LINE/L2	1808	-	8	48402758	59961
chr19	48342797	48542797	harbor1	chr19	48402806	48402916	LINE/L2	1808	-	55	48402861	60064
chr19	48342797	48542797	harbor1	chr19	48403224	48403293	LINE/L2	1808	-	34	48403258	60461
chr19	48342797	48542797	harbor1	chr19	48403533	48403709	LINE/L2	1808	-	88	48403621	60824
chr19	48342797	48542797	harbor1	chr19	48407607	48407907	LINE/L2	896	-	150	48407757	64960
chr19	48342797	48542797	harbor1	chr19	48408522	48408536	LINE/L2	896	-	7	48408529	65732
chr19	48342797	48542797	harbor1	chr19	48408850	48408938	LINE/L2	896	-	44	48408894	66097
chr19	48342797	48542797	harbor1	chr19	48409625	48409778	LINE/L2	896	-	76	48409701	66904
chr19	48342797	48542797	harbor1	chr19	48423306	48423814	LINE/L2	863	-	254	48423560	80763
chr19	48342797	48542797	harbor1	chr19	48435748	48436046	LINE/L2	1017	-	149	48435897	93100
chr19	16442283	16642283	harbor1	chr19	16463590	16464002	LINE/L2	685	-	206	16463796	21513
chr19	51194759	51394759	harbor1	chr19	51237329	51238805	LINE/L2	1054	-	738	51238067	43308
chr19	41252149	41452149	harbor1	chr19	41252983	41253504	LINE/L2	838	-	260	41253243	1094
chr19	12938763	13138763	harbor1	chr19	12965023	12965417	LINE/L2	1003	-	197	12965220	26457
chr19	46919957	47119957	harbor1	chr19	46953065	46953453	LINE/L2	1276	-	194	46953259	33302
chr19	46919998	47119998	harbor1	chr19	46953065	46953453	LINE/L2	1276	-	194	46953259	33261
chr19	5237563	5437563	harbor1	chr19	5296077	5296262	LINE/L2	874	-	92	5296169	58606
chr19	5237563	5437563	harbor1	chr19	5296525	5297069	LINE/L2	973	-	272	5296797	59234
chr19	5237563	5437563	harbor1	chr19	5323017	5323074	LINE/L2	972	-	28	5323045	85482
chr19	5237563	5437563	harbor1	chr19	5323376	5323924	LINE/L2	1059	-	274	5323650	86087
chr19	48525162	48725162	harbor1	chr19	48549529	48549881	LINE/L2	781	-	176	48549705	24543
chr19	48525162	48725162	harbor1	chr19	48577731	48577930	LINE/L2	697	-	100	48577831	52669
chr19	48525162	48725162	harbor1	chr19	48588604	48589545	LINE/L2	1415	-	470	48589074	63912
chr19	49750828	49950828	harbor1	chr19	49768871	49768968	LINE/L2	818	-	48	49768919	18091
chr19	49750828	49950828	harbor1	chr19	49769278	49769881	LINE/L2	1108	-	302	49769580	18752
chr19	49750828	49950828	harbor1	chr19	49770169	49770245	LINE/L2	1108	-	38	49770207	19379
chr19	49750828	49950828	harbor1	chr19	49773515	49774097	LINE/L2	831	-	291	49773806	22978
chr19	12912451	13112451	harbor1	chr19	12965023	12965417	LINE/L2	1003	-	197	12965220	52769
chr19	12914910	13114910	harbor1	chr19	12965023	12965417	LINE/L2	1003	-	197	12965220	50310
chr19	34913533	35113533	harbor1	chr19	34936168	34936614	LINE/L2	1153	-	223	34936391	22858
chr19	34913533	35113533	harbor1	chr19	34936912	34937003	LINE/L2	1153	-	46	34936958	23425
chr19	34913533	35113533	harbor1	chr19	34937313	34937448	LINE/L2	1153	-	68	34937381	23848
chr19	34913533	35113533	harbor1	chr19	34937749	34937809	LINE/L2	1153	-	30	34937779	24246
chr19	34913533	35113533	harbor1	chr19	34938096	34938244	LINE/L2	1153	-	74	34938170	24637
chr19	34913533	35113533	harbor1	chr19	34998637	34999371	LINE/L2	992	-	367	34999004	85471
chr19	5521997	5721997	harbor1	chr19	5532241	5532315	LINE/L2	1670	-	37	5532278	10281
chr19	5521997	5721997	harbor1	chr19	5532618	5532793	LINE/L2	1670	-	88	5532706	10709
chr19	5521997	5721997	harbor1	chr19	5533315	5533637	LINE/L2	1670	-	161	5533476	11479
chr19	5521997	5721997	harbor1	chr19	5562444	5562649	LINE/L2	956	-	102	5562546	40549
chr19	5521997	5721997	harbor1	chr19	5562947	5563464	LINE/L2	956	-	258	5563205	41208
chr19	44861009	45061009	harbor1	chr19	44866481	44866889	LINE/L2	928	-	204	44866685	5676
chr19	44861009	45061009	harbor1	chr19	44957816	44958369	LINE/L2	1362	-	276	44958092	97083
chr19	5523058	5723058	harbor1	chr19	5532241	5532315	LINE/L2	1670	-	37	5532278	9220
chr19	5523058	5723058	harbor1	chr19	5532618	5532793	LINE/L2	1670	-	88	5532706	9648
chr19	5523058	5723058	harbor1	chr19	5533315	5533637	LINE/L2	1670	-	161	5533476	10418
chr19	5523058	5723058	harbor1	chr19	5562444	5562649	LINE/L2	956	-	102	5562546	39488
chr19	5523058	5723058	harbor1	chr19	5562947	5563464	LINE/L2	956	-	258	5563205	40147
chr19	18336442	18536442	harbor1	chr19	18401034	18401261	LINE/L2	734	-	114	18401148	64706
chr19	18336442	18536442	harbor1	chr19	18401589	18401714	LINE/L2	734	-	62	18401651	65209
chr19	18336442	18536442	harbor1	chr19	18410897	18410992	LINE/L2	730	-	48	18410945	74503
chr19	18336442	18536442	harbor1	chr19	18411127	18411210	LINE/L2	730	-	42	18411169	74727
chr19	18336442	18536442	harbor1	chr19	18411509	18411691	LINE/L2	730	-	91	18411600	75158
chr19	58377396	58577396	harbor1	chr19	58441187	58441695	LINE/L2	692	-	254	58441441	64045
chr19	18536609	18736609	harbor1	chr19	18603097	18603439	LINE/L2	679	-	171	18603268	66659
chr19	58377122	58577122	harbor1	chr19	58441187	58441695	LINE/L2	692	-	254	58441441	64319
chr19	12938709	13138709	harbor1	chr19	12965023	12965417	LINE/L2	1003	-	197	12965220	26511
chr19	10735605	10935605	harbor1	chr19	10747924	10748387	LINE/L2	822	-	232	10748156	12551
chr19	10735605	10935605	harbor1	chr19	10788255	10788586	LINE/L2	706	-	166	10788421	52816
chr19	10735605	10935605	harbor1	chr19	10820313	10820865	LINE/L2	782	-	276	10820589	84984
chr19	44791136	44991136	harbor1	chr19	44802680	44802923	LINE/L2	735	-	122	44802802	11666
chr19	44791136	44991136	harbor1	chr19	44807288	44807561	LINE/L2	821	-	136	44807424	16288
chr19	44791136	44991136	harbor1	chr19	44817260	44817540	LINE/L2	801	-	140	44817400	26264
chr19	44791136	44991136	harbor1	chr19	44817844	44817957	LINE/L2	801	-	56	44817900	26764
chr19	44791136	44991136	harbor1	chr19	44866481	44866889	LINE/L2	928	-	204	44866685	75549
chr19	12690073	12890073	harbor1	chr19	12716190	12716342	LINE/L2	773	-	76	12716266	26193
chr19	12690073	12890073	harbor1	chr19	12716651	12716932	LINE/L2	773	-	140	12716791	26718
chr19	12690073	12890073	harbor1	chr19	12738818	12739170	LINE/L2	1255	-	176	12738994	48921
chr19	12690073	12890073	harbor1	chr19	12739458	12739760	LINE/L2	1255	-	151	12739609	49536
chr19	5486695	5686695	harbor1	chr19	5497319	5497646	LINE/L2	926	-	164	5497483	10788
chr19	5486695	5686695	harbor1	chr19	5532241	5532315	LINE/L2	1670	-	37	5532278	45583
chr19	5486695	5686695	harbor1	chr19	5532618	5532793	LINE/L2	1670	-	88	5532706	46011
chr19	5486695	5686695	harbor1	chr19	5533315	5533637	LINE/L2	1670	-	161	5533476	46781
chr19	5486695	5686695	harbor1	chr19	5562444	5562649	LINE/L2	956	-	102	5562546	75851
chr19	5486695	5686695	harbor1	chr19	5562947	5563464	LINE/L2	956	-	258	5563205	76510
chr19	12875018	13075018	harbor1	chr19	12965023	12965417	LINE/L2	1003	-	197	12965220	90202
chr19	12938716	13138716	harbor1	chr19	12965023	12965417	LINE/L2	1003	-	197	12965220	26504
chr19	18319318	18519318	harbor1	chr19	18401034	18401261	LINE/L2	734	-	114	18401148	81830
chr19	18319318	18519318	harbor1	chr19	18401589	18401714	LINE/L2	734	-	62	18401651	82333
chr19	18319318	18519318	harbor1	chr19	18410897	18410992	LINE/L2	730	-	48	18410945	91627
chr19	18319318	18519318	harbor1	chr19	18411127	18411210	LINE/L2	730	-	42	18411169	91851
chr19	18319318	18519318	harbor1	chr19	18411509	18411691	LINE/L2	730	-	91	18411600	92282
chr19	5521801	5721801	harbor1	chr19	5532241	5532315	LINE/L2	1670	-	37	5532278	10477
chr19	5521801	5721801	harbor1	chr19	5532618	5532793	LINE/L2	1670	-	88	5532706	10905
chr19	5521801	5721801	harbor1	chr19	5533315	5533637	LINE/L2	1670	-	161	5533476	11675
chr19	5521801	5721801	harbor1	chr19	5562444	5562649	LINE/L2	956	-	102	5562546	40745
chr19	5521801	5721801	harbor1	chr19	5562947	5563464	LINE/L2	956	-	258	5563205	41404
chr19	12938727	13138727	harbor1	chr19	12965023	12965417	LINE/L2	1003	-	197	12965220	26493
chr19	49767567	49967567	harbor1	chr19	49768871	49768968	LINE/L2	818	-	48	49768919	1352
chr19	49767567	49967567	harbor1	chr19	49769278	49769881	LINE/L2	1108	-	302	49769580	2013
chr19	49767567	49967567	harbor1	chr19	49770169	49770245	LINE/L2	1108	-	38	49770207	2640
chr19	49767567	49967567	harbor1	chr19	49773515	49774097	LINE/L2	831	-	291	49773806	6239
chr19	49751409	49951409	harbor1	chr19	49768871	49768968	LINE/L2	818	-	48	49768919	17510
chr19	49751409	49951409	harbor1	chr19	49769278	49769881	LINE/L2	1108	-	302	49769580	18171
chr19	49751409	49951409	harbor1	chr19	49770169	49770245	LINE/L2	1108	-	38	49770207	18798
chr19	49751409	49951409	harbor1	chr19	49773515	49774097	LINE/L2	831	-	291	49773806	22397
chr19	17666919	17866919	harbor1	chr19	17764607	17764783	LINE/L2	804	-	88	17764695	97776
chr19	17666919	17866919	harbor1	chr19	17765085	17765379	LINE/L2	804	-	147	17765232	98313
chr19	12938873	13138873	harbor1	chr19	12965023	12965417	LINE/L2	1003	-	197	12965220	26347
chr19	3288104	3488104	harbor1	chr19	3291596	3291868	LINE/L2	742	-	136	3291732	3628
chr19	3288104	3488104	harbor1	chr19	3316083	3316830	LINE/L2	1267	-	374	3316457	28353
chr19	3288104	3488104	harbor1	chr19	3344803	3345105	LINE/L2	801	-	151	3344954	56850
chr19	48525086	48725086	harbor1	chr19	48549529	48549881	LINE/L2	781	-	176	48549705	24619
chr19	48525086	48725086	harbor1	chr19	48577731	48577930	LINE/L2	697	-	100	48577831	52745
chr19	48525086	48725086	harbor1	chr19	48588604	48589545	LINE/L2	1415	-	470	48589074	63988
chr19	12889997	13089997	harbor1	chr19	12965023	12965417	LINE/L2	1003	-	197	12965220	75223
chr20	34725542	34925542	harbor1	chr20	34725681	34726158	LINE/L2	542	-	238	34725919	377
chr20	34725542	34925542	harbor1	chr20	34726173	34726504	LINE/L2	488	-	166	34726339	797
chr20	34725542	34925542	harbor1	chr20	34752375	34752627	LINE/L2	501	-	126	34752501	26959
chr20	34725542	34925542	harbor1	chr20	34774853	34775286	LINE/L2	491	-	216	34775069	49527
chr20	34725654	34925654	harbor1	chr20	34725681	34726158	LINE/L2	542	-	238	34725919	265
chr20	34725654	34925654	harbor1	chr20	34726173	34726504	LINE/L2	488	-	166	34726339	685
chr20	34725654	34925654	harbor1	chr20	34752375	34752627	LINE/L2	501	-	126	34752501	26847
chr20	34725654	34925654	harbor1	chr20	34774853	34775286	LINE/L2	491	-	216	34775069	49415
chr20	34725628	34925628	harbor1	chr20	34725681	34726158	LINE/L2	542	-	238	34725919	291
chr20	34725628	34925628	harbor1	chr20	34726173	34726504	LINE/L2	488	-	166	34726339	711
chr20	34725628	34925628	harbor1	chr20	34752375	34752627	LINE/L2	501	-	126	34752501	26873
chr20	34725628	34925628	harbor1	chr20	34774853	34775286	LINE/L2	491	-	216	34775069	49441
chr20	34725550	34925550	harbor1	chr20	34725681	34726158	LINE/L2	542	-	238	34725919	369
chr20	34725550	34925550	harbor1	chr20	34726173	34726504	LINE/L2	488	-	166	34726339	789
chr20	34725550	34925550	harbor1	chr20	34752375	34752627	LINE/L2	501	-	126	34752501	26951
chr20	34725550	34925550	harbor1	chr20	34774853	34775286	LINE/L2	491	-	216	34775069	49519
chr20	34725652	34925652	harbor1	chr20	34725681	34726158	LINE/L2	542	-	238	34725919	267
chr20	34725652	34925652	harbor1	chr20	34726173	34726504	LINE/L2	488	-	166	34726339	687
chr20	34725652	34925652	harbor1	chr20	34752375	34752627	LINE/L2	501	-	126	34752501	26849
chr20	34725652	34925652	harbor1	chr20	34774853	34775286	LINE/L2	491	-	216	34775069	49417
chr20	34903928	35103928	harbor1	chr20	34904244	34904636	LINE/L2	912	-	196	34904440	512
chr20	34903928	35103928	harbor1	chr20	34906617	34906701	LINE/L2	542	-	42	34906659	2731
chr20	34903928	35103928	harbor1	chr20	34907005	34907122	LINE/L2	542	-	58	34907063	3135
chr20	34903928	35103928	harbor1	chr20	34918869	34919176	LINE/L2	546	-	154	34919023	15095
chr20	34903928	35103928	harbor1	chr20	34924191	34924688	LINE/L2	1006	-	248	34924439	20511
chr20	34903928	35103928	harbor1	chr20	34924990	34925085	LINE/L2	550	-	48	34925038	21110
chr20	34903928	35103928	harbor1	chr20	34965484	34965944	LINE/L2	511	-	230	34965714	61786
chr20	34903928	35103928	harbor1	chr20	34991220	34991632	LINE/L2	587	-	206	34991426	87498
chr20	44866470	45066470	harbor1	chr20	44960570	44960882	LINE/L2	577	-	156	44960726	94256
chr20	34904026	35104026	harbor1	chr20	34904244	34904636	LINE/L2	912	-	196	34904440	414
chr20	34904026	35104026	harbor1	chr20	34906617	34906701	LINE/L2	542	-	42	34906659	2633
chr20	34904026	35104026	harbor1	chr20	34907005	34907122	LINE/L2	542	-	58	34907063	3037
chr20	34904026	35104026	harbor1	chr20	34918869	34919176	LINE/L2	546	-	154	34919023	14997
chr20	34904026	35104026	harbor1	chr20	34924191	34924688	LINE/L2	1006	-	248	34924439	20413
chr20	34904026	35104026	harbor1	chr20	34924990	34925085	LINE/L2	550	-	48	34925038	21012
chr20	34904026	35104026	harbor1	chr20	34965484	34965944	LINE/L2	511	-	230	34965714	61688
chr20	34904026	35104026	harbor1	chr20	34991220	34991632	LINE/L2	587	-	206	34991426	87400
chr20	34609964	34809964	harbor1	chr20	34655701	34655937	LINE/L2	493	-	118	34655819	45855
chr20	34609964	34809964	harbor1	chr20	34679254	34679633	LINE/L2	505	-	190	34679444	69480
chr20	330383	530383	harbor1	chr20	337046	337226	LINE/L2	729	-	90	337136	6753
chr20	330383	530383	harbor1	chr20	352596	352919	LINE/L2	597	-	162	352758	22375
chr20	330383	530383	harbor1	chr20	364346	364478	LINE/L2	1023	-	66	364412	34029
chr20	330383	530383	harbor1	chr20	364783	365072	LINE/L2	1023	-	144	364927	34544
chr20	330383	530383	harbor1	chr20	370701	370903	LINE/L2	630	-	101	370802	40419
chr20	330383	530383	harbor1	chr20	406838	407578	LINE/L2	1192	-	370	407208	76825
chr20	1018818	1218818	harbor1	chr20	1019968	1020456	LINE/L2	997	-	244	1020212	1394
chr20	1018818	1218818	harbor1	chr20	1046917	1047172	LINE/L2	610	-	128	1047045	28227
chr20	1018818	1218818	harbor1	chr20	1047582	1047993	LINE/L2	759	-	206	1047788	28970
chr20	1018818	1218818	harbor1	chr20	1108036	1108170	LINE/L2	694	-	67	1108103	89285
chr20	1018818	1218818	harbor1	chr20	1116641	1116953	LINE/L2	573	-	156	1116797	97979
chr20	1018818	1218818	harbor1	chr20	1116967	1117151	LINE/L2	768	-	92	1117059	98241
chr20	1018818	1218818	harbor1	chr20	1117176	1117328	LINE/L2	534	-	76	1117252	98434
chr20	1018818	1218818	harbor1	chr20	1117644	1117800	LINE/L2	534	-	78	1117722	98904
chr20	2370770	2570770	harbor1	chr20	2385805	2385961	LINE/L2	656	-	78	2385883	15113
chr20	2370770	2570770	harbor1	chr20	2390518	2391149	LINE/L2	1566	-	316	2390834	20064
chr20	2370770	2570770	harbor1	chr20	2408747	2408948	LINE/L2	503	-	100	2408847	38077
chr20	4586429	4786429	harbor1	chr20	4670405	4670692	LINE/L2	588	-	144	4670549	84120
chr20	22734563	22934563	harbor1	chr20	22774701	22775202	LINE/L2	504	-	250	22774951	40388
chr20	49710583	49910583	harbor1	chr20	49714283	49714712	LINE/L2	689	-	214	49714497	3914
chr20	49710583	49910583	harbor1	chr20	49742232	49742465	LINE/L2	531	-	116	49742348	31765
chr20	49710583	49910583	harbor1	chr20	49804444	49804783	LINE/L2	721	-	170	49804614	94031
chr20	34725660	34925660	harbor1	chr20	34725681	34726158	LINE/L2	542	-	238	34725919	259
chr20	34725660	34925660	harbor1	chr20	34726173	34726504	LINE/L2	488	-	166	34726339	679
chr20	34725660	34925660	harbor1	chr20	34752375	34752627	LINE/L2	501	-	126	34752501	26841
chr20	34725660	34925660	harbor1	chr20	34774853	34775286	LINE/L2	491	-	216	34775069	49409
chr20	38574510	38774510	harbor1	chr20	38609445	38609839	LINE/L2	543	-	197	38609642	35132
chr20	38574510	38774510	harbor1	chr20	38623801	38623883	LINE/L2	507	-	41	38623842	49332
chr20	38574510	38774510	harbor1	chr20	38655468	38655717	LINE/L2	573	-	124	38655592	81082
chr20	43583080	43783080	harbor1	chr20	43622945	43623190	LINE/L2	1300	-	122	43623067	39987
chr20	43583080	43783080	harbor1	chr20	43623480	43623712	LINE/L2	1300	-	116	43623596	40516
chr20	43583080	43783080	harbor1	chr20	43624984	43625228	LINE/L2	1270	-	122	43625106	42026
chr20	43583080	43783080	harbor1	chr20	43625517	43625846	LINE/L2	1270	-	164	43625681	42601
chr20	43583080	43783080	harbor1	chr20	43626044	43626221	LINE/L2	576	-	88	43626132	43052
chr20	43583080	43783080	harbor1	chr20	43626749	43626882	LINE/L2	2166	-	66	43626815	43735
chr20	43583080	43783080	harbor1	chr20	43627194	43627710	LINE/L2	2166	-	258	43627452	44372
chr20	43583080	43783080	harbor1	chr20	43628451	43628571	LINE/L2	981	-	60	43628511	45431
chr20	43583080	43783080	harbor1	chr20	43628867	43629128	LINE/L2	981	-	130	43628997	45917
chr20	43583080	43783080	harbor1	chr20	43642748	43642884	LINE/L2	1313	-	68	43642816	59736
chr20	43583080	43783080	harbor1	chr20	43643504	43643789	LINE/L2	1313	-	142	43643646	60566
chr20	32383338	32583338	harbor1	chr20	32476618	32477027	LINE/L2	608	-	204	32476822	93484
chr20	34901268	35101268	harbor1	chr20	34902127	34902695	LINE/L2	816	-	284	34902411	1143
chr20	34901268	35101268	harbor1	chr20	34903033	34903060	LINE/L2	816	-	14	34903047	1779
chr20	34901268	35101268	harbor1	chr20	34903358	34903489	LINE/L2	816	-	66	34903424	2156
chr20	34901268	35101268	harbor1	chr20	34904244	34904636	LINE/L2	912	-	196	34904440	3172
chr20	34901268	35101268	harbor1	chr20	34906617	34906701	LINE/L2	542	-	42	34906659	5391
chr20	34901268	35101268	harbor1	chr20	34907005	34907122	LINE/L2	542	-	58	34907063	5795
chr20	34901268	35101268	harbor1	chr20	34918869	34919176	LINE/L2	546	-	154	34919023	17755
chr20	34901268	35101268	harbor1	chr20	34924191	34924688	LINE/L2	1006	-	248	34924439	23171
chr20	34901268	35101268	harbor1	chr20	34924990	34925085	LINE/L2	550	-	48	34925038	23770
chr20	34901268	35101268	harbor1	chr20	34965484	34965944	LINE/L2	511	-	230	34965714	64446
chr20	34901268	35101268	harbor1	chr20	34991220	34991632	LINE/L2	587	-	206	34991426	90158
chr20	34725622	34925622	harbor1	chr20	34725681	34726158	LINE/L2	542	-	238	34725919	297
chr20	34725622	34925622	harbor1	chr20	34726173	34726504	LINE/L2	488	-	166	34726339	717
chr20	34725622	34925622	harbor1	chr20	34752375	34752627	LINE/L2	501	-	126	34752501	26879
chr20	34725622	34925622	harbor1	chr20	34774853	34775286	LINE/L2	491	-	216	34775069	49447
chr20	48275448	48475448	harbor1	chr20	48287595	48288022	LINE/L2	626	-	214	48287809	12361
chr20	48275448	48475448	harbor1	chr20	48290807	48290943	LINE/L2	504	-	68	48290875	15427
chr20	48275448	48475448	harbor1	chr20	48327863	48328707	LINE/L2	744	-	422	48328285	52837
chr20	32720146	32920146	harbor1	chr20	32752114	32752311	LINE/L2	571	-	98	32752212	32066
chr20	32720146	32920146	harbor1	chr20	32761053	32761150	LINE/L2	555	-	48	32761101	40955
chr20	32720146	32920146	harbor1	chr20	32761201	32761557	LINE/L2	555	-	178	32761379	41233
chr20	21818150	22018150	harbor1	chr20	21849274	21849885	LINE/L2	1302	-	306	21849580	31430
chr20	33594101	33794101	harbor1	chr20	33593926	33594212	LINE/L2	675	-	143	33594069	32
chr20	33594101	33794101	harbor1	chr20	33689669	33689793	LINE/L2	593	-	62	33689731	95630
chr20	40589402	40789402	harbor1	chr20	40595092	40595476	LINE/L2	641	-	192	40595284	5882
chr20	40589402	40789402	harbor1	chr20	40657185	40657606	LINE/L2	702	-	210	40657395	67993
chr20	40589402	40789402	harbor1	chr20	40677694	40678223	LINE/L2	1252	-	264	40677958	88556
chr20	34725651	34925651	harbor1	chr20	34725681	34726158	LINE/L2	542	-	238	34725919	268
chr20	34725651	34925651	harbor1	chr20	34726173	34726504	LINE/L2	488	-	166	34726339	688
chr20	34725651	34925651	harbor1	chr20	34752375	34752627	LINE/L2	501	-	126	34752501	26850
chr20	34725651	34925651	harbor1	chr20	34774853	34775286	LINE/L2	491	-	216	34775069	49418
chr20	50269813	50469813	harbor1	chr20	50273004	50273682	LINE/L2	860	-	339	50273343	3530
chr20	50269813	50469813	harbor1	chr20	50288075	50288230	LINE/L2	503	-	78	50288153	18340
chr20	50269813	50469813	harbor1	chr20	50293885	50294325	LINE/L2	782	-	220	50294105	24292
chr20	50269813	50469813	harbor1	chr20	50303000	50303163	LINE/L2	511	-	82	50303082	33269
chr20	50269813	50469813	harbor1	chr20	50303473	50303582	LINE/L2	511	-	54	50303527	33714
chr20	50269813	50469813	harbor1	chr20	50305983	50306635	LINE/L2	1314	-	326	50306309	36496
chr20	50269813	50469813	harbor1	chr20	50309549	50309980	LINE/L2	888	-	216	50309765	39952
chr20	50269813	50469813	harbor1	chr20	50327820	50328188	LINE/L2	656	-	184	50328004	58191
chr20	50269813	50469813	harbor1	chr20	50328557	50328639	LINE/L2	656	-	41	50328598	58785
chr20	50269813	50469813	harbor1	chr20	50353502	50353984	LINE/L2	699	-	241	50353743	83930
chr20	4071169	4271169	harbor1	chr20	4119127	4119242	LINE/L2	657	-	58	4119185	48016
chr20	4071169	4271169	harbor1	chr20	4119548	4120149	LINE/L2	657	-	300	4119848	48679
chr20	4071169	4271169	harbor1	chr20	4120448	4120602	LINE/L2	657	-	77	4120525	49356
chr20	4071169	4271169	harbor1	chr20	4134228	4134927	LINE/L2	666	-	350	4134578	63409
chr20	59839798	60039798	harbor1	chr20	59861579	59863114	LINE/L2	671	-	768	59862347	22549
chr20	59839798	60039798	harbor1	chr20	59909763	59910132	LINE/L2	531	-	184	59909947	70149
chr20	43408519	43608519	harbor1	chr20	43433899	43434316	LINE/L2	667	-	208	43434107	25588
chr20	32720119	32920119	harbor1	chr20	32752114	32752311	LINE/L2	571	-	98	32752212	32093
chr20	32720119	32920119	harbor1	chr20	32761053	32761150	LINE/L2	555	-	48	32761101	40982
chr20	32720119	32920119	harbor1	chr20	32761201	32761557	LINE/L2	555	-	178	32761379	41260
chr20	38574499	38774499	harbor1	chr20	38609445	38609839	LINE/L2	543	-	197	38609642	35143
chr20	38574499	38774499	harbor1	chr20	38623801	38623883	LINE/L2	507	-	41	38623842	49343
chr20	38574499	38774499	harbor1	chr20	38655468	38655717	LINE/L2	573	-	124	38655592	81093
chr20	62083219	62283219	harbor1	chr20	62132295	62132790	LINE/L2	989	-	248	62132543	49324
chr20	3914093	4114093	harbor1	chr20	4009205	4009757	LINE/L2	669	-	276	4009481	95388
chr20	61271130	61471130	harbor1	chr20	61320283	61320517	LINE/L2	499	-	117	61320400	49270
chr20	61271130	61471130	harbor1	chr20	61320724	61320868	LINE/L2	499	-	72	61320796	49666
chr20	33574220	33774220	harbor1	chr20	33593926	33594212	LINE/L2	675	-	143	33594069	19849
chr20	54108072	54308072	harbor1	chr20	54180645	54180806	LINE/L2	571	-	80	54180725	72653
chr20	54108072	54308072	harbor1	chr20	54199388	54199621	LINE/L2	480	-	116	54199504	91432
chr20	38705777	38905777	harbor1	chr20	38749074	38749803	LINE/L2	1727	-	364	38749438	43661
chr20	1018817	1218817	harbor1	chr20	1019968	1020456	LINE/L2	997	-	244	1020212	1395
chr20	1018817	1218817	harbor1	chr20	1046917	1047172	LINE/L2	610	-	128	1047045	28228
chr20	1018817	1218817	harbor1	chr20	1047582	1047993	LINE/L2	759	-	206	1047788	28971
chr20	1018817	1218817	harbor1	chr20	1108036	1108170	LINE/L2	694	-	67	1108103	89286
chr20	1018817	1218817	harbor1	chr20	1116641	1116953	LINE/L2	573	-	156	1116797	97980
chr20	1018817	1218817	harbor1	chr20	1116967	1117151	LINE/L2	768	-	92	1117059	98242
chr20	1018817	1218817	harbor1	chr20	1117176	1117328	LINE/L2	534	-	76	1117252	98435
chr20	1018817	1218817	harbor1	chr20	1117644	1117800	LINE/L2	534	-	78	1117722	98905
chr20	35599405	35799405	harbor1	chr20	35614241	35614383	LINE/L2	909	-	71	35614312	14907
chr20	35599405	35799405	harbor1	chr20	35614681	35614790	LINE/L2	909	-	54	35614735	15330
chr20	37933379	38133379	harbor1	chr20	37937701	37937913	LINE/L2	511	-	106	37937807	4428
chr20	37933379	38133379	harbor1	chr20	37941094	37941448	LINE/L2	624	-	177	37941271	7892
chr20	37933379	38133379	harbor1	chr20	37993857	37994108	LINE/L2	489	-	126	37993983	60604
chr20	37933379	38133379	harbor1	chr20	37999422	38000000	LINE/L2	550	-	289	37999711	66332
chr20	34992759	35192759	harbor1	chr20	35087901	35088093	LINE/L2	609	-	96	35087997	95238
chr20	59833005	60033005	harbor1	chr20	59861579	59863114	LINE/L2	671	-	768	59862347	29342
chr20	59833005	60033005	harbor1	chr20	59909763	59910132	LINE/L2	531	-	184	59909947	76942
chr20	50269781	50469781	harbor1	chr20	50273004	50273682	LINE/L2	860	-	339	50273343	3562
chr20	50269781	50469781	harbor1	chr20	50288075	50288230	LINE/L2	503	-	78	50288153	18372
chr20	50269781	50469781	harbor1	chr20	50293885	50294325	LINE/L2	782	-	220	50294105	24324
chr20	50269781	50469781	harbor1	chr20	50303000	50303163	LINE/L2	511	-	82	50303082	33301
chr20	50269781	50469781	harbor1	chr20	50303473	50303582	LINE/L2	511	-	54	50303527	33746
chr20	50269781	50469781	harbor1	chr20	50305983	50306635	LINE/L2	1314	-	326	50306309	36528
chr20	50269781	50469781	harbor1	chr20	50309549	50309980	LINE/L2	888	-	216	50309765	39984
chr20	50269781	50469781	harbor1	chr20	50327820	50328188	LINE/L2	656	-	184	50328004	58223
chr20	50269781	50469781	harbor1	chr20	50328557	50328639	LINE/L2	656	-	41	50328598	58817
chr20	50269781	50469781	harbor1	chr20	50353502	50353984	LINE/L2	699	-	241	50353743	83962
chr20	36114483	36314483	harbor1	chr20	36167164	36167424	LINE/L2	485	-	130	36167294	52811
chr20	36114483	36314483	harbor1	chr20	36167754	36167927	LINE/L2	485	-	86	36167840	53357
chr21	39008447	39208447	harbor1	chr21	39026182	39026625	LINE/L2	539	-	222	39026404	17957
chr21	39008447	39208447	harbor1	chr21	39026909	39027001	LINE/L2	539	-	46	39026955	18508
chr21	39008447	39208447	harbor1	chr21	39099658	39099801	LINE/L2	574	-	72	39099730	91283
chr21	39008447	39208447	harbor1	chr21	39100725	39101034	LINE/L2	434	-	154	39100879	92432
chr21	39008447	39208447	harbor1	chr21	39103505	39103658	LINE/L2	613	-	76	39103581	95134
chr21	46154518	46354518	harbor1	chr21	46230845	46230914	LINE/L2	997	-	34	46230879	76361
chr21	46154518	46354518	harbor1	chr21	46231213	46231677	LINE/L2	997	-	232	46231445	76927
chr21	46154518	46354518	harbor1	chr21	46238777	46240407	LINE/L2	1955	-	815	46239592	85074
chr21	14336442	14536442	harbor1	chr21	14336554	14337115	LINE/L2	497	-	280	14336834	392
chr21	39008502	39208502	harbor1	chr21	39026182	39026625	LINE/L2	539	-	222	39026404	17902
chr21	39008502	39208502	harbor1	chr21	39026909	39027001	LINE/L2	539	-	46	39026955	18453
chr21	39008502	39208502	harbor1	chr21	39099658	39099801	LINE/L2	574	-	72	39099730	91228
chr21	39008502	39208502	harbor1	chr21	39100725	39101034	LINE/L2	434	-	154	39100879	92377
chr21	39008502	39208502	harbor1	chr21	39103505	39103658	LINE/L2	613	-	76	39103581	95079
chr21	39008480	39208480	harbor1	chr21	39026182	39026625	LINE/L2	539	-	222	39026404	17924
chr21	39008480	39208480	harbor1	chr21	39026909	39027001	LINE/L2	539	-	46	39026955	18475
chr21	39008480	39208480	harbor1	chr21	39099658	39099801	LINE/L2	574	-	72	39099730	91250
chr21	39008480	39208480	harbor1	chr21	39100725	39101034	LINE/L2	434	-	154	39100879	92399
chr21	39008480	39208480	harbor1	chr21	39103505	39103658	LINE/L2	613	-	76	39103581	95101
chr21	33666298	33866298	harbor1	chr21	33724601	33724798	LINE/L2	616	-	98	33724699	58401
chr21	33666298	33866298	harbor1	chr21	33739402	33740637	LINE/L2	1376	-	618	33740020	73722
chr21	14173498	14373498	harbor1	chr21	14234008	14235060	LINE/L2	2271	-	526	14234534	61036
chr21	14173498	14373498	harbor1	chr21	14235353	14235583	LINE/L2	2271	-	115	14235468	61970
chr21	42467105	42667105	harbor1	chr21	42506513	42506626	LINE/L2	461	-	56	42506569	39464
chr21	15625713	15825713	harbor1	chr21	15683585	15684067	LINE/L2	670	-	241	15683826	58113
chr21	15625713	15825713	harbor1	chr21	15699420	15699498	LINE/L2	2051	-	39	15699459	73746
chr21	15625713	15825713	harbor1	chr21	15699875	15700767	LINE/L2	2051	-	446	15700321	74608
chr21	46186419	46386419	harbor1	chr21	46230845	46230914	LINE/L2	997	-	34	46230879	44460
chr21	46186419	46386419	harbor1	chr21	46231213	46231677	LINE/L2	997	-	232	46231445	45026
chr21	46186419	46386419	harbor1	chr21	46238777	46240407	LINE/L2	1955	-	815	46239592	53173
chr21	46186419	46386419	harbor1	chr21	46254969	46255499	LINE/L2	472	-	265	46255234	68815
chr21	46186419	46386419	harbor1	chr21	46268318	46268689	LINE/L2	606	-	186	46268504	82085
chr21	33379496	33579496	harbor1	chr21	33451286	33451618	LINE/L2	428	-	166	33451452	71956
chr21	33734948	33934948	harbor1	chr21	33739402	33740637	LINE/L2	1376	-	618	33740020	5072
chr21	33734948	33934948	harbor1	chr21	33775284	33775754	LINE/L2	1093	-	235	33775519	40571
chr22	24057065	24257065	harbor1	chr22	24126155	24126502	LINE/L2	463	-	174	24126329	69264
chr22	19075025	19275025	harbor1	chr22	19141542	19141705	LINE/L2	580	-	82	19141624	66599
chr22	19075025	19275025	harbor1	chr22	19142023	19142225	LINE/L2	580	-	101	19142124	67099
chr22	24069874	24269874	harbor1	chr22	24126155	24126502	LINE/L2	463	-	174	24126329	56455
chr22	24069906	24269906	harbor1	chr22	24126155	24126502	LINE/L2	463	-	174	24126329	56423
chr22	46476611	46676611	harbor1	chr22	46568863	46569052	LINE/L2	421	-	94	46568957	92346
chr22	50579676	50779676	harbor1	chr22	50602356	50602721	LINE/L2	492	-	182	50602538	22862
chr22	24070023	24270023	harbor1	chr22	24126155	24126502	LINE/L2	463	-	174	24126329	56306
chr22	42838745	43038745	harbor1	chr22	42922711	42923012	LINE/L2	492	-	150	42922861	84116
chr22	42838745	43038745	harbor1	chr22	42937009	42937364	LINE/L2	525	-	178	42937187	98442
chr22	43896078	44096078	harbor1	chr22	43958377	43958475	LINE/L2	428	-	49	43958426	62348
chr22	43896078	44096078	harbor1	chr22	43980219	43980621	LINE/L2	799	-	201	43980420	84342
chr22	26575728	26775728	harbor1	chr22	26629855	26630255	LINE/L2	653	-	200	26630055	54327
chr22	26575728	26775728	harbor1	chr22	26636202	26636335	LINE/L2	457	-	66	26636268	60540
chr22	43426643	43626643	harbor1	chr22	43443277	43443552	LINE/L2	445	-	138	43443415	16772
chr22	43426643	43626643	harbor1	chr22	43478330	43478657	LINE/L2	440	-	164	43478494	51851
chr22	24065808	24265808	harbor1	chr22	24126155	24126502	LINE/L2	463	-	174	24126329	60521
chr22	39374584	39574584	harbor1	chr22	39377882	39377997	LINE/L2	413	-	58	39377940	3356
chr22	39374584	39574584	harbor1	chr22	39403944	39404266	LINE/L2	1101	-	161	39404105	29521
chr22	39374584	39574584	harbor1	chr22	39470031	39470632	LINE/L2	461	-	300	39470331	95747
chr22	39374584	39574584	harbor1	chr22	39403102	39403638	LINE/L2	1101	-	268	39403370	28786
chr22	24069929	24269929	harbor1	chr22	24126155	24126502	LINE/L2	463	-	174	24126329	56400
chr22	24070054	24270054	harbor1	chr22	24126155	24126502	LINE/L2	463	-	174	24126329	56275
chr22	36675743	36875743	harbor1	chr22	36689227	36689442	LINE/L2	556	-	108	36689335	13592
chr22	36675743	36875743	harbor1	chr22	36692678	36692864	LINE/L2	586	-	93	36692771	17028
chr22	36675743	36875743	harbor1	chr22	36693160	36693238	LINE/L2	586	-	39	36693199	17456
chr22	36675743	36875743	harbor1	chr22	36696525	36696784	LINE/L2	831	-	130	36696655	20912
chr22	36675743	36875743	harbor1	chr22	36707583	36708035	LINE/L2	489	-	226	36707809	32066
chr22	36675743	36875743	harbor1	chr22	36716910	36716999	LINE/L2	466	-	44	36716954	41211
chr22	36675743	36875743	harbor1	chr22	36742660	36742880	LINE/L2	449	-	110	36742770	67027
chr22	36675743	36875743	harbor1	chr22	36775021	36775137	LINE/L2	531	-	58	36775079	99336
chr22	22997061	23197061	harbor1	chr22	23038463	23038846	LINE/L2	741	-	192	23038655	41594
chr22	22997061	23197061	harbor1	chr22	23073741	23073940	LINE/L2	411	-	100	23073841	76780
chr22	22997061	23197061	harbor1	chr22	23073987	23074802	LINE/L2	600	-	408	23074395	77334
chr22	22997061	23197061	harbor1	chr22	23079048	23079756	LINE/L2	961	-	354	23079402	82341
chr22	38768951	38968951	harbor1	chr22	38789609	38789996	LINE/L2	515	-	194	38789803	20852
chr22	38768951	38968951	harbor1	chr22	38796108	38796276	LINE/L2	418	-	84	38796192	27241
chr22	38768951	38968951	harbor1	chr22	38814211	38814290	LINE/L2	2367	-	40	38814251	45300
chr22	38768951	38968951	harbor1	chr22	38814588	38815081	LINE/L2	2367	-	246	38814834	45883
chr22	38768951	38968951	harbor1	chr22	38815274	38815539	LINE/L2	2367	-	132	38815406	46455
chr22	38768951	38968951	harbor1	chr22	38815839	38815870	LINE/L2	2367	-	16	38815855	46904
chr22	38768951	38968951	harbor1	chr22	38816465	38816987	LINE/L2	2367	-	261	38816726	47775
chr22	38768951	38968951	harbor1	chr22	38817298	38817434	LINE/L2	2367	-	68	38817366	48415
chr22	38768951	38968951	harbor1	chr22	38846583	38847213	LINE/L2	1014	-	315	38846898	77947
chr22	38768951	38968951	harbor1	chr22	38847521	38847636	LINE/L2	793	-	58	38847579	78628
chr22	38768951	38968951	harbor1	chr22	38813199	38813925	LINE/L2	2367	-	363	38813562	44611
chr22	44201115	44401115	harbor1	chr22	44275931	44276646	LINE/L2	876	-	358	44276289	75174
chr22	19804136	20004136	harbor1	chr22	19868565	19868856	LINE/L2	435	-	146	19868711	64575
chr22	23366695	23566695	harbor1	chr22	23415775	23415908	LINE/L2	446	-	66	23415841	49146
chr22	23366695	23566695	harbor1	chr22	23416161	23416433	LINE/L2	504	-	136	23416297	49602
chr22	23017696	23217696	harbor1	chr22	23038463	23038846	LINE/L2	741	-	192	23038655	20959
chr22	23017696	23217696	harbor1	chr22	23073741	23073940	LINE/L2	411	-	100	23073841	56145
chr22	23017696	23217696	harbor1	chr22	23073987	23074802	LINE/L2	600	-	408	23074395	56699
chr22	23017696	23217696	harbor1	chr22	23079048	23079756	LINE/L2	961	-	354	23079402	61706
chr22	22295458	22495458	harbor1	chr22	22304914	22305877	LINE/L2	717	-	482	22305396	9938
chr22	24069894	24269894	harbor1	chr22	24126155	24126502	LINE/L2	463	-	174	24126329	56435
chr22	30996891	31196891	harbor1	chr22	31068639	31068993	LINE/L2	713	-	177	31068816	71925
chr22	19075024	19275024	harbor1	chr22	19141542	19141705	LINE/L2	580	-	82	19141624	66600
chr22	19075024	19275024	harbor1	chr22	19142023	19142225	LINE/L2	580	-	101	19142124	67100
chr22	23366710	23566710	harbor1	chr22	23415775	23415908	LINE/L2	446	-	66	23415841	49131
chr22	23366710	23566710	harbor1	chr22	23416161	23416433	LINE/L2	504	-	136	23416297	49587
chr22	42204285	42404285	harbor1	chr22	42228058	42228324	LINE/L2	790	-	133	42228191	23906
chr22	42204285	42404285	harbor1	chr22	42228600	42228810	LINE/L2	481	-	105	42228705	24420
chr22	42204285	42404285	harbor1	chr22	42254159	42254269	LINE/L2	418	-	55	42254214	49929
chr22	42204285	42404285	harbor1	chr22	42259957	42260504	LINE/L2	621	-	274	42260231	55946
chr22	42204285	42404285	harbor1	chr22	42261646	42261721	LINE/L2	866	-	38	42261684	57399
chr22	42204285	42404285	harbor1	chr22	42261998	42262673	LINE/L2	866	-	338	42262336	58051
chr22	42204285	42404285	harbor1	chr22	42277246	42277787	LINE/L2	629	-	270	42277516	73231
chr22	23023459	23223459	harbor1	chr22	23038463	23038846	LINE/L2	741	-	192	23038655	15196
chr22	23023459	23223459	harbor1	chr22	23073741	23073940	LINE/L2	411	-	100	23073841	50382
chr22	23023459	23223459	harbor1	chr22	23073987	23074802	LINE/L2	600	-	408	23074395	50936
chr22	23023459	23223459	harbor1	chr22	23079048	23079756	LINE/L2	961	-	354	23079402	55943
chr22	24069914	24269914	harbor1	chr22	24126155	24126502	LINE/L2	463	-	174	24126329	56415
chr22	45313205	45513205	harbor1	chr22	45323814	45324183	LINE/L2	517	-	184	45323998	10793
chr22	45313205	45513205	harbor1	chr22	45325343	45325813	LINE/L2	802	-	235	45325578	12373
chr22	45313205	45513205	harbor1	chr22	45390190	45390426	LINE/L2	441	-	118	45390308	77103
chr22	45313205	45513205	harbor1	chr22	45390721	45390789	LINE/L2	441	-	34	45390755	77550
chr22	45313205	45513205	harbor1	chr22	45392590	45392704	LINE/L2	478	-	57	45392647	79442
chr22	45313205	45513205	harbor1	chr22	45393000	45393131	LINE/L2	478	-	66	45393066	79861
chr22	45313205	45513205	harbor1	chr22	45395096	45395259	LINE/L2	468	-	82	45395178	81973
chr22	45313205	45513205	harbor1	chr22	45403349	45403446	LINE/L2	435	-	48	45403397	90192
chr22	45313205	45513205	harbor1	chr22	45404915	45405278	LINE/L2	467	-	182	45405097	91892
chr22	24069997	24269997	harbor1	chr22	24126155	24126502	LINE/L2	463	-	174	24126329	56332
chr22	43471950	43671950	harbor1	chr22	43478330	43478657	LINE/L2	440	-	164	43478494	6544
chr22	36918777	37118777	harbor1	chr22	36950831	36952218	LINE/L2	1212	-	694	36951525	32748
chr22	36918807	37118807	harbor1	chr22	36950831	36952218	LINE/L2	1212	-	694	36951525	32718
chr22	24062659	24262659	harbor1	chr22	24126155	24126502	LINE/L2	463	-	174	24126329	63670
chr22	32529769	32729769	harbor1	chr22	32560367	32561101	LINE/L2	1420	-	367	32560734	30965
chr22	32529769	32729769	harbor1	chr22	32566357	32567310	LINE/L2	604	-	476	32566833	37064
chr22	32529769	32729769	harbor1	chr22	32567371	32567486	LINE/L2	464	-	58	32567429	37660
chr22	32529769	32729769	harbor1	chr22	32593421	32594153	LINE/L2	541	-	366	32593787	64018
chr22	32529769	32729769	harbor1	chr22	32617540	32617791	LINE/L2	407	-	126	32617666	87897
chr22	23018534	23218534	harbor1	chr22	23038463	23038846	LINE/L2	741	-	192	23038655	20121
chr22	23018534	23218534	harbor1	chr22	23073741	23073940	LINE/L2	411	-	100	23073841	55307
chr22	23018534	23218534	harbor1	chr22	23073987	23074802	LINE/L2	600	-	408	23074395	55861
chr22	23018534	23218534	harbor1	chr22	23079048	23079756	LINE/L2	961	-	354	23079402	60868
chrX	18253915	18453915	harbor1	chrX	18311212	18311780	LINE/L2	2867	-	284	18311496	57581
chrX	18253915	18453915	harbor1	chrX	18312091	18312266	LINE/L2	2867	-	88	18312179	58264
chrX	18253915	18453915	harbor1	chrX	18312614	18312919	LINE/L2	2867	-	152	18312766	58851
chrX	72043976	72243976	harbor1	chrX	72065884	72066290	LINE/L2	802	-	203	72066087	22111
chrX	72043976	72243976	harbor1	chrX	72096081	72096323	LINE/L2	680	-	121	72096202	52226
chrX	72043976	72243976	harbor1	chrX	72111762	72112322	LINE/L2	1452	-	280	72112042	68066
chrX	129832695	130032695	harbor1	chrX	129903331	129903927	LINE/L2	709	-	298	129903629	70934
chrX	129832695	130032695	harbor1	chrX	129909879	129910401	LINE/L2	842	-	261	129910140	77445
chrX	129832695	130032695	harbor1	chrX	129910687	129910765	LINE/L2	842	-	39	129910726	78031
chrX	18253792	18453792	harbor1	chrX	18311212	18311780	LINE/L2	2867	-	284	18311496	57704
chrX	18253792	18453792	harbor1	chrX	18312091	18312266	LINE/L2	2867	-	88	18312179	58387
chrX	18253792	18453792	harbor1	chrX	18312614	18312919	LINE/L2	2867	-	152	18312766	58974
chrX	109902871	110102871	harbor1	chrX	109931088	109931470	LINE/L2	1471	-	191	109931279	28408
chrX	109902871	110102871	harbor1	chrX	109931924	109932084	LINE/L2	1001	-	80	109932004	29133
chrX	109902871	110102871	harbor1	chrX	109932691	109932843	LINE/L2	1001	-	76	109932767	29896
chrX	109902871	110102871	harbor1	chrX	109939088	109939551	LINE/L2	993	-	232	109939320	36449
chrX	109902871	110102871	harbor1	chrX	109940002	109940151	LINE/L2	993	-	74	109940076	37205
chrX	109902871	110102871	harbor1	chrX	109940184	109940219	LINE/L2	977	-	18	109940202	37331
chrX	109902871	110102871	harbor1	chrX	109940765	109940985	LINE/L2	977	-	110	109940875	38004
chrX	109902871	110102871	harbor1	chrX	109941335	109941718	LINE/L2	977	-	192	109941527	38656
chrX	109902871	110102871	harbor1	chrX	109978101	109978779	LINE/L2	2980	-	339	109978440	75569
chrX	109902871	110102871	harbor1	chrX	109978908	109979108	LINE/L2	2980	-	100	109979008	76137
chrX	109902871	110102871	harbor1	chrX	109979492	109979671	LINE/L2	2980	-	90	109979582	76711
chrX	109902871	110102871	harbor1	chrX	109980921	109981466	LINE/L2	815	-	272	109981193	78322
chrX	37578419	37778419	harbor1	chrX	37663121	37663715	LINE/L2	588	-	297	37663418	84999
chrX	72029896	72229896	harbor1	chrX	72040829	72041166	LINE/L2	787	-	168	72040997	11101
chrX	72029896	72229896	harbor1	chrX	72065884	72066290	LINE/L2	802	-	203	72066087	36191
chrX	72029896	72229896	harbor1	chrX	72096081	72096323	LINE/L2	680	-	121	72096202	66306
chrX	72029896	72229896	harbor1	chrX	72111762	72112322	LINE/L2	1452	-	280	72112042	82146
chrX	49064231	49264231	harbor1	chrX	49119981	49120445	LINE/L2	1077	-	232	49120213	55982
chrX	49064231	49264231	harbor1	chrX	49120459	49120661	LINE/L2	779	-	101	49120560	56329
chrX	49064231	49264231	harbor1	chrX	49120963	49121069	LINE/L2	779	-	53	49121016	56785
chrX	48792105	48992105	harbor1	chrX	48804606	48805288	LINE/L2	1246	-	341	48804947	12842
