H_chr	H_start	H_end	Harbor	TE_chr	TE_start	TE_end	TE	score	TE_strand	TE_half	TE_middle_pos	TE_dis
chr1	63223447	63423447	harbor2	chr1	63253088	63253306	LINE/CR1	593	+	109	63253197	29750
chr1	17341836	17541836	harbor2	chr1	17424521	17424849	LINE/CR1	603	+	164	17424685	82849
chr1	53847484	54047484	harbor2	chr1	53941626	53942004	LINE/CR1	703	+	189	53941815	94331
chr1	26401378	26601378	harbor2	chr1	26459173	26459399	LINE/CR1	465	+	113	26459286	57908
chr1	244605778	244805778	harbor2	chr1	244612255	244612659	LINE/CR1	691	+	202	244612457	6679
chr1	245603502	245803502	harbor2	chr1	245675781	245676104	LINE/CR1	725	+	162	245675943	72441
chr1	53944027	54144027	harbor2	chr1	54010778	54011501	LINE/CR1	551	+	362	54011140	67113
chr1	211034336	211234336	harbor2	chr1	211128936	211129115	LINE/CR1	460	+	90	211129026	94690
chr1	226638243	226838243	harbor2	chr1	226693914	226694427	LINE/CR1	912	+	256	226694170	55927
chr1	226638243	226838243	harbor2	chr1	226695262	226695550	LINE/CR1	482	+	144	226695406	57163
chr1	168036739	168236739	harbor2	chr1	168042370	168042695	LINE/CR1	542	+	162	168042532	5793
chr1	53939662	54139662	harbor2	chr1	53941626	53942004	LINE/CR1	703	+	189	53941815	2153
chr1	53939662	54139662	harbor2	chr1	54010778	54011501	LINE/CR1	551	+	362	54011140	71478
chr1	33270603	33470603	harbor2	chr1	33353065	33353470	LINE/CR1	580	+	202	33353267	82664
chr1	211033758	211233758	harbor2	chr1	211128936	211129115	LINE/CR1	460	+	90	211129026	95268
chr1	204585865	204785865	harbor2	chr1	204607777	204608014	LINE/CR1	684	+	118	204607895	22030
chr1	204585865	204785865	harbor2	chr1	204611036	204611645	LINE/CR1	1315	+	304	204611340	25475
chr1	204585865	204785865	harbor2	chr1	204613926	204614069	LINE/CR1	454	+	72	204613998	28133
chr1	204585865	204785865	harbor2	chr1	204614379	204614637	LINE/CR1	454	+	129	204614508	28643
chr1	205492013	205692013	harbor2	chr1	205562261	205562571	LINE/CR1	632	+	155	205562416	70403
chr1	205492013	205692013	harbor2	chr1	205567119	205567550	LINE/CR1	506	+	216	205567335	75322
chr1	211033756	211233756	harbor2	chr1	211128936	211129115	LINE/CR1	460	+	90	211129026	95270
chr1	53227374	53427374	harbor2	chr1	53263535	53263958	LINE/CR1	894	+	212	53263747	36373
chr1	211034401	211234401	harbor2	chr1	211128936	211129115	LINE/CR1	460	+	90	211129026	94625
chr1	39855819	40055819	harbor2	chr1	39952565	39953025	LINE/CR1	749	+	230	39952795	96976
chr1	204636318	204836318	harbor2	chr1	204732962	204733085	LINE/CR1	460	+	62	204733024	96706
chr1	211033759	211233759	harbor2	chr1	211128936	211129115	LINE/CR1	460	+	90	211129026	95267
chr1	211034198	211234198	harbor2	chr1	211128936	211129115	LINE/CR1	460	+	90	211129026	94828
chr1	20561543	20761543	harbor2	chr1	20646665	20646830	LINE/CR1	511	+	82	20646747	85204
chr1	7558962	7758962	harbor2	chr1	7607727	7608036	LINE/CR1	627	+	154	7607881	48919
chr1	209557754	209757754	harbor2	chr1	209604619	209604998	LINE/CR1	714	+	190	209604809	47055
chr1	53846652	54046652	harbor2	chr1	53941626	53942004	LINE/CR1	703	+	189	53941815	95163
chr1	53858393	54058393	harbor2	chr1	53941626	53942004	LINE/CR1	703	+	189	53941815	83422
chr1	155510028	155710028	harbor2	chr1	155578964	155579025	LINE/CR1	504	+	30	155578994	68966
chr1	155510028	155710028	harbor2	chr1	155579358	155579507	LINE/CR1	504	+	74	155579432	69404
chr1	33670823	33870823	harbor2	chr1	33741107	33741328	LINE/CR1	445	+	110	33741217	70394
chr1	22610841	22810841	harbor2	chr1	22655835	22656020	LINE/CR1	453	+	92	22655927	45086
chr1	211034098	211234098	harbor2	chr1	211128936	211129115	LINE/CR1	460	+	90	211129026	94928
chr1	211034399	211234399	harbor2	chr1	211128936	211129115	LINE/CR1	460	+	90	211129026	94627
chr1	202249918	202449918	harbor2	chr1	202288973	202289421	LINE/CR1	545	+	224	202289197	39279
chr1	202249918	202449918	harbor2	chr1	202342194	202342423	LINE/CR1	486	+	114	202342308	92390
chr1	161077890	161277890	harbor2	chr1	161078622	161078729	LINE/CR1	603	+	54	161078676	786
chr1	161077890	161277890	harbor2	chr1	161079026	161079382	LINE/CR1	603	+	178	161079204	1314
chr1	211033781	211233781	harbor2	chr1	211128936	211129115	LINE/CR1	460	+	90	211129026	95245
chr1	244609722	244809722	harbor2	chr1	244612255	244612659	LINE/CR1	691	+	202	244612457	2735
chr1	205431580	205631580	harbor2	chr1	205468094	205468451	LINE/CR1	624	+	178	205468272	36692
chr1	226638205	226838205	harbor2	chr1	226693914	226694427	LINE/CR1	912	+	256	226694170	55965
chr1	226638205	226838205	harbor2	chr1	226695262	226695550	LINE/CR1	482	+	144	226695406	57201
chr1	113990947	114190947	harbor2	chr1	113999201	113999541	LINE/CR1	879	+	170	113999371	8424
chr1	46294779	46494779	harbor2	chr1	46370093	46370346	LINE/CR1	609	+	126	46370219	75440
chr1	211034391	211234391	harbor2	chr1	211128936	211129115	LINE/CR1	460	+	90	211129026	94635
chr1	245610561	245810561	harbor2	chr1	245675781	245676104	LINE/CR1	725	+	162	245675943	65382
chr1	17337716	17537716	harbor2	chr1	17424521	17424849	LINE/CR1	603	+	164	17424685	86969
chr1	27281347	27481347	harbor2	chr1	27283998	27284349	LINE/CR1	571	+	176	27284174	2827
chr2	43055480	43255480	harbor2	chr2	43072416	43072806	LINE/CR1	690	+	195	43072611	17131
chr2	219116402	219316402	harbor2	chr2	219185269	219185697	LINE/CR1	762	+	214	219185483	69081
chr2	219145524	219345524	harbor2	chr2	219185269	219185697	LINE/CR1	762	+	214	219185483	39959
chr2	26406627	26606627	harbor2	chr2	26432954	26433183	LINE/CR1	452	+	114	26433068	26441
chr2	26406627	26606627	harbor2	chr2	26486490	26486815	LINE/CR1	456	+	162	26486652	80025
chr2	43056095	43256095	harbor2	chr2	43072416	43072806	LINE/CR1	690	+	195	43072611	16516
chr2	26404185	26604185	harbor2	chr2	26432954	26433183	LINE/CR1	452	+	114	26433068	28883
chr2	26404185	26604185	harbor2	chr2	26486490	26486815	LINE/CR1	456	+	162	26486652	82467
chr2	27279123	27479123	harbor2	chr2	27325811	27326042	LINE/CR1	460	+	116	27325927	46804
chr2	219179881	219379881	harbor2	chr2	219185269	219185697	LINE/CR1	762	+	214	219185483	5602
chr2	2617889	2817889	harbor2	chr2	2653856	2654062	LINE/CR1	496	+	103	2653959	36070
chr2	43055466	43255466	harbor2	chr2	43072416	43072806	LINE/CR1	690	+	195	43072611	17145
chr2	169386758	169586758	harbor2	chr2	169439817	169440159	LINE/CR1	534	+	171	169439988	53230
chr2	169386758	169586758	harbor2	chr2	169447879	169448501	LINE/CR1	1473	+	311	169448190	61432
chr2	43055483	43255483	harbor2	chr2	43072416	43072806	LINE/CR1	690	+	195	43072611	17128
chr2	203717178	203917178	harbor2	chr2	203776132	203776762	LINE/CR1	1149	+	315	203776447	59269
chr2	203717178	203917178	harbor2	chr2	203777060	203777219	LINE/CR1	1149	+	80	203777140	59962
chr2	203717178	203917178	harbor2	chr2	203781482	203781674	LINE/CR1	516	+	96	203781578	64400
chr2	203717178	203917178	harbor2	chr2	203781898	203781996	LINE/CR1	516	+	49	203781947	64769
chr2	56085624	56285624	harbor2	chr2	56133491	56133557	LINE/CR1	554	+	33	56133524	47900
chr2	56085624	56285624	harbor2	chr2	56134024	56134416	LINE/CR1	554	+	196	56134220	48596
chr2	27272823	27472823	harbor2	chr2	27325811	27326042	LINE/CR1	460	+	116	27325927	53104
chr2	26403683	26603683	harbor2	chr2	26432954	26433183	LINE/CR1	452	+	114	26433068	29385
chr2	26403683	26603683	harbor2	chr2	26486490	26486815	LINE/CR1	456	+	162	26486652	82969
chr2	160417009	160617009	harbor2	chr2	160470914	160471076	LINE/CR1	454	+	81	160470995	53986
chr2	219116633	219316633	harbor2	chr2	219185269	219185697	LINE/CR1	762	+	214	219185483	68850
chr2	219169703	219369703	harbor2	chr2	219185269	219185697	LINE/CR1	762	+	214	219185483	15780
chr2	74372415	74572415	harbor2	chr2	74390222	74390525	LINE/CR1	479	+	152	74390374	17959
chr2	26416022	26616022	harbor2	chr2	26432954	26433183	LINE/CR1	452	+	114	26433068	17046
chr2	26416022	26616022	harbor2	chr2	26486490	26486815	LINE/CR1	456	+	162	26486652	70630
chr2	219118932	219318932	harbor2	chr2	219185269	219185697	LINE/CR1	762	+	214	219185483	66551
chr2	199357332	199557332	harbor2	chr2	199407448	199407845	LINE/CR1	624	+	198	199407646	50314
chr2	199357332	199557332	harbor2	chr2	199408008	199408460	LINE/CR1	473	+	226	199408234	50902
chr3	51941658	52141658	harbor2	chr3	52000878	52001091	LINE/CR1	419	+	106	52000984	59326
chr3	51941658	52141658	harbor2	chr3	52001394	52001452	LINE/CR1	419	+	29	52001423	59765
chr3	51940304	52140304	harbor2	chr3	52000878	52001091	LINE/CR1	419	+	106	52000984	60680
chr3	51940304	52140304	harbor2	chr3	52001394	52001452	LINE/CR1	419	+	29	52001423	61119
chr3	156989183	157189183	harbor2	chr3	157023309	157023476	LINE/CR1	525	+	84	157023393	34210
chr3	51939426	52139426	harbor2	chr3	52000878	52001091	LINE/CR1	419	+	106	52000984	61558
chr3	51939426	52139426	harbor2	chr3	52001394	52001452	LINE/CR1	419	+	29	52001423	61997
chr3	51948441	52148441	harbor2	chr3	52000878	52001091	LINE/CR1	419	+	106	52000984	52543
chr3	51948441	52148441	harbor2	chr3	52001394	52001452	LINE/CR1	419	+	29	52001423	52982
chr3	187645815	187845815	harbor2	chr3	187661970	187662255	LINE/CR1	451	+	142	187662112	16297
chr3	4926654	5126654	harbor2	chr3	4974744	4974913	LINE/CR1	481	+	84	4974828	48174
chr3	51939700	52139700	harbor2	chr3	52000878	52001091	LINE/CR1	419	+	106	52000984	61284
chr3	51939700	52139700	harbor2	chr3	52001394	52001452	LINE/CR1	419	+	29	52001423	61723
chr3	51939851	52139851	harbor2	chr3	52000878	52001091	LINE/CR1	419	+	106	52000984	61133
chr3	51939851	52139851	harbor2	chr3	52001394	52001452	LINE/CR1	419	+	29	52001423	61572
chr3	51939435	52139435	harbor2	chr3	52000878	52001091	LINE/CR1	419	+	106	52000984	61549
chr3	51939435	52139435	harbor2	chr3	52001394	52001452	LINE/CR1	419	+	29	52001423	61988
chr3	116673098	116873098	harbor2	chr3	116712450	116712668	LINE/CR1	430	+	109	116712559	39461
chr3	51939445	52139445	harbor2	chr3	52000878	52001091	LINE/CR1	419	+	106	52000984	61539
chr3	51939445	52139445	harbor2	chr3	52001394	52001452	LINE/CR1	419	+	29	52001423	61978
chr3	13750265	13950265	harbor2	chr3	13826693	13827312	LINE/CR1	665	+	310	13827003	76738
chr3	161006321	161206321	harbor2	chr3	161098792	161099515	LINE/CR1	609	+	362	161099154	92833
chr3	161006321	161206321	harbor2	chr3	161099913	161100078	LINE/CR1	425	+	82	161099995	93674
chr3	51948342	52148342	harbor2	chr3	52000878	52001091	LINE/CR1	419	+	106	52000984	52642
chr3	51948342	52148342	harbor2	chr3	52001394	52001452	LINE/CR1	419	+	29	52001423	53081
chr3	51940436	52140436	harbor2	chr3	52000878	52001091	LINE/CR1	419	+	106	52000984	60548
chr3	51940436	52140436	harbor2	chr3	52001394	52001452	LINE/CR1	419	+	29	52001423	60987
chr3	157015013	157215013	harbor2	chr3	157023309	157023476	LINE/CR1	525	+	84	157023393	8380
chr3	51995390	52195390	harbor2	chr3	52000878	52001091	LINE/CR1	419	+	106	52000984	5594
chr3	51995390	52195390	harbor2	chr3	52001394	52001452	LINE/CR1	419	+	29	52001423	6033
chr3	51939791	52139791	harbor2	chr3	52000878	52001091	LINE/CR1	419	+	106	52000984	61193
chr3	51939791	52139791	harbor2	chr3	52001394	52001452	LINE/CR1	419	+	29	52001423	61632
chr3	51940440	52140440	harbor2	chr3	52000878	52001091	LINE/CR1	419	+	106	52000984	60544
chr3	51940440	52140440	harbor2	chr3	52001394	52001452	LINE/CR1	419	+	29	52001423	60983
chr4	39082469	39282469	harbor2	chr4	39104277	39104645	LINE/CR1	512	+	184	39104461	21992
chr4	76849477	77049477	harbor2	chr4	76943302	76943530	LINE/CR1	481	+	114	76943416	93939
chr4	76849477	77049477	harbor2	chr4	76944199	76944712	LINE/CR1	812	+	256	76944455	94978
chr5	41804360	42004360	harbor2	chr5	41811604	41813195	LINE/CR1	1532	+	796	41812400	8040
chr5	134425024	134625024	harbor2	chr5	134428211	134428632	LINE/CR1	627	+	210	134428421	3397
chr6	147104110	147304110	harbor2	chr6	147179658	147180021	LINE/CR1	742	+	182	147179840	75730
chr6	37071463	37271463	harbor2	chr6	37089567	37089909	LINE/CR1	537	+	171	37089738	18275
chr6	118834580	119034580	harbor2	chr6	118880089	118880478	LINE/CR1	606	+	194	118880283	45703
chr6	37002837	37202837	harbor2	chr6	37089567	37089909	LINE/CR1	537	+	171	37089738	86901
chr6	139488617	139688617	harbor2	chr6	139551357	139552258	LINE/CR1	1602	+	450	139551807	63190
chr6	139488617	139688617	harbor2	chr6	139552562	139552941	LINE/CR1	1602	+	190	139552752	64135
chr6	139488617	139688617	harbor2	chr6	139568289	139568467	LINE/CR1	494	+	89	139568378	79761
chr6	139488617	139688617	harbor2	chr6	139568628	139569118	LINE/CR1	513	+	245	139568873	80256
chr6	45543677	45743677	harbor2	chr6	45609684	45610152	LINE/CR1	783	+	234	45609918	66241
chr6	45543677	45743677	harbor2	chr6	45611031	45611212	LINE/CR1	455	+	90	45611121	67444
chr6	45541160	45741160	harbor2	chr6	45609684	45610152	LINE/CR1	783	+	234	45609918	68758
chr6	45541160	45741160	harbor2	chr6	45611031	45611212	LINE/CR1	455	+	90	45611121	69961
chr6	45542351	45742351	harbor2	chr6	45609684	45610152	LINE/CR1	783	+	234	45609918	67567
chr6	45542351	45742351	harbor2	chr6	45611031	45611212	LINE/CR1	455	+	90	45611121	68770
chr6	37071432	37271432	harbor2	chr6	37089567	37089909	LINE/CR1	537	+	171	37089738	18306
chr6	37074400	37274400	harbor2	chr6	37089567	37089909	LINE/CR1	537	+	171	37089738	15338
chr6	6447005	6647005	harbor2	chr6	6533214	6533378	LINE/CR1	468	+	82	6533296	86291
chr6	45540928	45740928	harbor2	chr6	45609684	45610152	LINE/CR1	783	+	234	45609918	68990
chr6	45540928	45740928	harbor2	chr6	45611031	45611212	LINE/CR1	455	+	90	45611121	70193
chr6	139292147	139492147	harbor2	chr6	139381137	139381758	LINE/CR1	873	+	310	139381447	89300
chr6	37189816	37389816	harbor2	chr6	37201002	37201137	LINE/CR1	508	+	68	37201070	11254
chr6	37189816	37389816	harbor2	chr6	37201441	37201620	LINE/CR1	508	+	90	37201531	11715
chr6	37189816	37389816	harbor2	chr6	37255901	37256485	LINE/CR1	1176	+	292	37256193	66377
chr6	37073934	37273934	harbor2	chr6	37089567	37089909	LINE/CR1	537	+	171	37089738	15804
chr6	37072538	37272538	harbor2	chr6	37089567	37089909	LINE/CR1	537	+	171	37089738	17200
chr6	127169085	127369085	harbor2	chr6	127210443	127210992	LINE/CR1	850	+	274	127210717	41632
chr6	37253997	37453997	harbor2	chr6	37255901	37256485	LINE/CR1	1176	+	292	37256193	2196
chr6	37253997	37453997	harbor2	chr6	37316067	37316374	LINE/CR1	538	+	154	37316221	62224
chr6	37253997	37453997	harbor2	chr6	37323114	37323246	LINE/CR1	821	+	66	37323180	69183
chr6	37253997	37453997	harbor2	chr6	37323481	37323731	LINE/CR1	821	+	125	37323606	69609
chr6	127168838	127368838	harbor2	chr6	127210443	127210992	LINE/CR1	850	+	274	127210717	41879
chr6	45542549	45742549	harbor2	chr6	45609684	45610152	LINE/CR1	783	+	234	45609918	67369
chr6	45542549	45742549	harbor2	chr6	45611031	45611212	LINE/CR1	455	+	90	45611121	68572
chr6	139336768	139536768	harbor2	chr6	139381137	139381758	LINE/CR1	873	+	310	139381447	44679
chr6	43739619	43939619	harbor2	chr6	43816915	43817336	LINE/CR1	457	+	210	43817125	77506
chr6	43739619	43939619	harbor2	chr6	43822500	43823046	LINE/CR1	486	+	273	43822773	83154
chr6	43739619	43939619	harbor2	chr6	43823180	43823219	LINE/CR1	486	+	20	43823200	83581
chr6	45541342	45741342	harbor2	chr6	45609684	45610152	LINE/CR1	783	+	234	45609918	68576
chr6	45541342	45741342	harbor2	chr6	45611031	45611212	LINE/CR1	455	+	90	45611121	69779
chr6	37002843	37202843	harbor2	chr6	37089567	37089909	LINE/CR1	537	+	171	37089738	86895
chr6	27419515	27619515	harbor2	chr6	27470227	27470640	LINE/CR1	606	+	206	27470433	50918
chr6	27419515	27619515	harbor2	chr6	27471008	27472007	LINE/CR1	1683	+	500	27471508	51993
chr6	139373354	139573354	harbor2	chr6	139381137	139381758	LINE/CR1	873	+	310	139381447	8093
chr6	39129464	39329464	harbor2	chr6	39198195	39198814	LINE/CR1	877	+	310	39198505	69041
chr6	125542072	125742072	harbor2	chr6	125572040	125572468	LINE/CR1	453	+	214	125572254	30182
chr6	125542072	125742072	harbor2	chr6	125579780	125580051	LINE/CR1	651	+	136	125579916	37844
chr6	125542072	125742072	harbor2	chr6	125615341	125615580	LINE/CR1	580	+	120	125615461	73389
chr6	45541330	45741330	harbor2	chr6	45609684	45610152	LINE/CR1	783	+	234	45609918	68588
chr6	45541330	45741330	harbor2	chr6	45611031	45611212	LINE/CR1	455	+	90	45611121	69791
chr6	27415796	27615796	harbor2	chr6	27470227	27470640	LINE/CR1	606	+	206	27470433	54637
chr6	27415796	27615796	harbor2	chr6	27471008	27472007	LINE/CR1	1683	+	500	27471508	55712
chr6	37072323	37272323	harbor2	chr6	37089567	37089909	LINE/CR1	537	+	171	37089738	17415
chr6	127167575	127367575	harbor2	chr6	127210443	127210992	LINE/CR1	850	+	274	127210717	43142
chr6	37002888	37202888	harbor2	chr6	37089567	37089909	LINE/CR1	537	+	171	37089738	86850
chr6	45543573	45743573	harbor2	chr6	45609684	45610152	LINE/CR1	783	+	234	45609918	66345
chr6	45543573	45743573	harbor2	chr6	45611031	45611212	LINE/CR1	455	+	90	45611121	67548
chr6	37071349	37271349	harbor2	chr6	37089567	37089909	LINE/CR1	537	+	171	37089738	18389
chr6	37003451	37203451	harbor2	chr6	37089567	37089909	LINE/CR1	537	+	171	37089738	86287
chr6	37072379	37272379	harbor2	chr6	37089567	37089909	LINE/CR1	537	+	171	37089738	17359
chr6	41839250	42039250	harbor2	chr6	41891548	41891883	LINE/CR1	622	+	168	41891716	52466
chr6	32071139	32271139	harbor2	chr6	32093627	32093807	LINE/CR1	597	+	90	32093717	22578
chr6	32071139	32271139	harbor2	chr6	32094126	32094301	LINE/CR1	597	+	88	32094214	23075
chr6	32071139	32271139	harbor2	chr6	32094571	32094910	LINE/CR1	600	+	170	32094741	23602
chr6	37071596	37271596	harbor2	chr6	37089567	37089909	LINE/CR1	537	+	171	37089738	18142
chr6	41449219	41649219	harbor2	chr6	41521730	41521989	LINE/CR1	461	+	130	41521860	72641
chr6	41449219	41649219	harbor2	chr6	41522303	41522406	LINE/CR1	461	+	52	41522355	73136
chr6	37070833	37270833	harbor2	chr6	37089567	37089909	LINE/CR1	537	+	171	37089738	18905
chr6	41462100	41662100	harbor2	chr6	41521730	41521989	LINE/CR1	461	+	130	41521860	59760
chr6	41462100	41662100	harbor2	chr6	41522303	41522406	LINE/CR1	461	+	52	41522355	60255
chr6	37073886	37273886	harbor2	chr6	37089567	37089909	LINE/CR1	537	+	171	37089738	15852
chr6	107718911	107918911	harbor2	chr6	107791151	107791671	LINE/CR1	573	+	260	107791411	72500
chr6	107718911	107918911	harbor2	chr6	107791989	107792183	LINE/CR1	573	+	97	107792086	73175
chr6	146972244	147172244	harbor2	chr6	147046671	147046879	LINE/CR1	460	+	104	147046775	74531
chr6	146972244	147172244	harbor2	chr6	147047408	147047504	LINE/CR1	1030	+	48	147047456	75212
chr6	146972244	147172244	harbor2	chr6	147047910	147048296	LINE/CR1	1030	+	193	147048103	75859
chr6	146972244	147172244	harbor2	chr6	147048681	147048890	LINE/CR1	1030	+	104	147048785	76541
chr7	135684417	135884417	harbor2	chr7	135689203	135689588	LINE/CR1	464	+	192	135689395	4978
chr7	44696651	44896651	harbor2	chr7	44745498	44745825	LINE/CR1	712	+	164	44745662	49011
chr7	70311624	70511624	harbor2	chr7	70379178	70379217	LINE/CR1	470	+	20	70379198	67574
chr7	70311624	70511624	harbor2	chr7	70379529	70379755	LINE/CR1	470	+	113	70379642	68018
chr7	50617957	50817957	harbor2	chr7	50690850	50691172	LINE/CR1	678	+	161	50691011	73054
chr7	127993775	128193775	harbor2	chr7	128051377	128051519	LINE/CR1	538	+	71	128051448	57673
chr7	107463451	107663451	harbor2	chr7	107559036	107559460	LINE/CR1	700	+	212	107559248	95797
chr7	44697576	44897576	harbor2	chr7	44745498	44745825	LINE/CR1	712	+	164	44745662	48086
chr7	41382564	41582564	harbor2	chr7	41477479	41477956	LINE/CR1	507	+	238	41477717	95153
chr7	156540425	156740425	harbor2	chr7	156563013	156563171	LINE/CR1	477	+	79	156563092	22667
chr7	128305619	128505619	harbor2	chr7	128328293	128328665	LINE/CR1	682	+	186	128328479	22860
chr8	23428848	23628848	harbor2	chr8	23499219	23499845	LINE/CR1	804	+	313	23499532	70684
chr8	23429416	23629416	harbor2	chr8	23499219	23499845	LINE/CR1	804	+	313	23499532	70116
chr8	23428811	23628811	harbor2	chr8	23499219	23499845	LINE/CR1	804	+	313	23499532	70721
chr8	23439328	23639328	harbor2	chr8	23499219	23499845	LINE/CR1	804	+	313	23499532	60204
chr8	23428778	23628778	harbor2	chr8	23499219	23499845	LINE/CR1	804	+	313	23499532	70754
chr8	23428784	23628784	harbor2	chr8	23499219	23499845	LINE/CR1	804	+	313	23499532	70748
chr8	23428892	23628892	harbor2	chr8	23499219	23499845	LINE/CR1	804	+	313	23499532	70640
chr8	23429271	23629271	harbor2	chr8	23499219	23499845	LINE/CR1	804	+	313	23499532	70261
chr8	23430686	23630686	harbor2	chr8	23499219	23499845	LINE/CR1	804	+	313	23499532	68846
chr8	23429353	23629353	harbor2	chr8	23499219	23499845	LINE/CR1	804	+	313	23499532	70179
chr8	23428870	23628870	harbor2	chr8	23499219	23499845	LINE/CR1	804	+	313	23499532	70662
chr8	23429241	23629241	harbor2	chr8	23499219	23499845	LINE/CR1	804	+	313	23499532	70291
chr8	23428834	23628834	harbor2	chr8	23499219	23499845	LINE/CR1	804	+	313	23499532	70698
chr8	23428832	23628832	harbor2	chr8	23499219	23499845	LINE/CR1	804	+	313	23499532	70700
chr8	23428810	23628810	harbor2	chr8	23499219	23499845	LINE/CR1	804	+	313	23499532	70722
chr8	23432814	23632814	harbor2	chr8	23499219	23499845	LINE/CR1	804	+	313	23499532	66718
chr8	23430803	23630803	harbor2	chr8	23499219	23499845	LINE/CR1	804	+	313	23499532	68729
chr8	23428809	23628809	harbor2	chr8	23499219	23499845	LINE/CR1	804	+	313	23499532	70723
chr8	23428725	23628725	harbor2	chr8	23499219	23499845	LINE/CR1	804	+	313	23499532	70807
chr8	23429172	23629172	harbor2	chr8	23499219	23499845	LINE/CR1	804	+	313	23499532	70360
chr8	23428835	23628835	harbor2	chr8	23499219	23499845	LINE/CR1	804	+	313	23499532	70697
chr8	23429068	23629068	harbor2	chr8	23499219	23499845	LINE/CR1	804	+	313	23499532	70464
chr8	23428926	23628926	harbor2	chr8	23499219	23499845	LINE/CR1	804	+	313	23499532	70606
chr8	23428913	23628913	harbor2	chr8	23499219	23499845	LINE/CR1	804	+	313	23499532	70619
chr8	23429294	23629294	harbor2	chr8	23499219	23499845	LINE/CR1	804	+	313	23499532	70238
chr8	25357718	25557718	harbor2	chr8	25421144	25421548	LINE/CR1	505	+	202	25421346	63628
chr8	23429109	23629109	harbor2	chr8	23499219	23499845	LINE/CR1	804	+	313	23499532	70423
chr8	23428807	23628807	harbor2	chr8	23499219	23499845	LINE/CR1	804	+	313	23499532	70725
chr8	23431300	23631300	harbor2	chr8	23499219	23499845	LINE/CR1	804	+	313	23499532	68232
chr8	89802895	90002895	harbor2	chr8	89842368	89842653	LINE/CR1	603	+	142	89842510	39615
chr8	89802895	90002895	harbor2	chr8	89844578	89844728	LINE/CR1	506	+	75	89844653	41758
chr8	23428847	23628847	harbor2	chr8	23499219	23499845	LINE/CR1	804	+	313	23499532	70685
chr8	23429149	23629149	harbor2	chr8	23499219	23499845	LINE/CR1	804	+	313	23499532	70383
chr8	23430721	23630721	harbor2	chr8	23499219	23499845	LINE/CR1	804	+	313	23499532	68811
chr8	23428862	23628862	harbor2	chr8	23499219	23499845	LINE/CR1	804	+	313	23499532	70670
chr8	23429308	23629308	harbor2	chr8	23499219	23499845	LINE/CR1	804	+	313	23499532	70224
chr8	23428822	23628822	harbor2	chr8	23499219	23499845	LINE/CR1	804	+	313	23499532	70710
chr8	23432595	23632595	harbor2	chr8	23499219	23499845	LINE/CR1	804	+	313	23499532	66937
chr8	23428886	23628886	harbor2	chr8	23499219	23499845	LINE/CR1	804	+	313	23499532	70646
chr8	23428849	23628849	harbor2	chr8	23499219	23499845	LINE/CR1	804	+	313	23499532	70683
chr8	23428839	23628839	harbor2	chr8	23499219	23499845	LINE/CR1	804	+	313	23499532	70693
chr8	23447867	23647867	harbor2	chr8	23499219	23499845	LINE/CR1	804	+	313	23499532	51665
chr8	23428736	23628736	harbor2	chr8	23499219	23499845	LINE/CR1	804	+	313	23499532	70796
chr8	23429123	23629123	harbor2	chr8	23499219	23499845	LINE/CR1	804	+	313	23499532	70409
chr8	23428733	23628733	harbor2	chr8	23499219	23499845	LINE/CR1	804	+	313	23499532	70799
chr8	23429202	23629202	harbor2	chr8	23499219	23499845	LINE/CR1	804	+	313	23499532	70330
chr8	125678475	125878475	harbor2	chr8	125760231	125760473	LINE/CR1	430	+	121	125760352	81877
chr8	23430734	23630734	harbor2	chr8	23499219	23499845	LINE/CR1	804	+	313	23499532	68798
chr8	23428636	23628636	harbor2	chr8	23499219	23499845	LINE/CR1	804	+	313	23499532	70896
chr8	23428840	23628840	harbor2	chr8	23499219	23499845	LINE/CR1	804	+	313	23499532	70692
chr8	8793157	8993157	harbor2	chr8	8828067	8828676	LINE/CR1	541	+	304	8828371	35214
chr8	23428828	23628828	harbor2	chr8	23499219	23499845	LINE/CR1	804	+	313	23499532	70704
chr8	23428920	23628920	harbor2	chr8	23499219	23499845	LINE/CR1	804	+	313	23499532	70612
chr8	29983300	30183300	harbor2	chr8	29994944	29995258	LINE/CR1	699	+	157	29995101	11801
chr8	23428899	23628899	harbor2	chr8	23499219	23499845	LINE/CR1	804	+	313	23499532	70633
chr8	8795419	8995419	harbor2	chr8	8828067	8828676	LINE/CR1	541	+	304	8828371	32952
chr8	23456020	23656020	harbor2	chr8	23499219	23499845	LINE/CR1	804	+	313	23499532	43512
chr8	23428854	23628854	harbor2	chr8	23499219	23499845	LINE/CR1	804	+	313	23499532	70678
chr8	23428795	23628795	harbor2	chr8	23499219	23499845	LINE/CR1	804	+	313	23499532	70737
chr8	22818594	23018594	harbor2	chr8	22841276	22841692	LINE/CR1	646	+	208	22841484	22890
chr8	22818594	23018594	harbor2	chr8	22842145	22842309	LINE/CR1	521	+	82	22842227	23633
chr8	138813637	139013637	harbor2	chr8	138908732	138909030	LINE/CR1	560	+	149	138908881	95244
chr8	102598762	102798762	harbor2	chr8	102694644	102694889	LINE/CR1	532	+	122	102694766	96004
chr8	23429259	23629259	harbor2	chr8	23499219	23499845	LINE/CR1	804	+	313	23499532	70273
chr8	23428874	23628874	harbor2	chr8	23499219	23499845	LINE/CR1	804	+	313	23499532	70658
chr9	111797010	111997010	harbor2	chr9	111838970	111839239	LINE/CR1	612	+	134	111839104	42094
chr9	111797010	111997010	harbor2	chr9	111839533	111839549	LINE/CR1	612	+	8	111839541	42531
chr9	22103804	22303804	harbor2	chr9	22123589	22123941	LINE/CR1	716	+	176	22123765	19961
chr9	22103804	22303804	harbor2	chr9	22157324	22157512	LINE/CR1	536	+	94	22157418	53614
chr9	35657125	35857125	harbor2	chr9	35659217	35659848	LINE/CR1	804	+	316	35659533	2408
chr9	35657125	35857125	harbor2	chr9	35660145	35660282	LINE/CR1	804	+	68	35660213	3088
chr9	35657125	35857125	harbor2	chr9	35733546	35733649	LINE/CR1	715	+	52	35733598	76473
chr9	35657125	35857125	harbor2	chr9	35733809	35733987	LINE/CR1	715	+	89	35733898	76773
chr9	35657125	35857125	harbor2	chr9	35734244	35734593	LINE/CR1	715	+	174	35734418	77293
chr9	35657125	35857125	harbor2	chr9	35734890	35735087	LINE/CR1	715	+	98	35734988	77863
chr9	35657155	35857155	harbor2	chr9	35659217	35659848	LINE/CR1	804	+	316	35659533	2378
chr9	35657155	35857155	harbor2	chr9	35660145	35660282	LINE/CR1	804	+	68	35660213	3058
chr9	35657155	35857155	harbor2	chr9	35733546	35733649	LINE/CR1	715	+	52	35733598	76443
chr9	35657155	35857155	harbor2	chr9	35733809	35733987	LINE/CR1	715	+	89	35733898	76743
chr9	35657155	35857155	harbor2	chr9	35734244	35734593	LINE/CR1	715	+	174	35734418	77263
chr9	35657155	35857155	harbor2	chr9	35734890	35735087	LINE/CR1	715	+	98	35734988	77833
chr9	130746613	130946613	harbor2	chr9	130753830	130753924	LINE/CR1	667	+	47	130753877	7264
chr9	130746613	130946613	harbor2	chr9	130754531	130754734	LINE/CR1	667	+	102	130754633	8020
chr9	97885753	98085753	harbor2	chr9	97961432	97962024	LINE/CR1	547	+	296	97961728	75975
chr9	35657152	35857152	harbor2	chr9	35659217	35659848	LINE/CR1	804	+	316	35659533	2381
chr9	35657152	35857152	harbor2	chr9	35660145	35660282	LINE/CR1	804	+	68	35660213	3061
chr9	35657152	35857152	harbor2	chr9	35733546	35733649	LINE/CR1	715	+	52	35733598	76446
chr9	35657152	35857152	harbor2	chr9	35733809	35733987	LINE/CR1	715	+	89	35733898	76746
chr9	35657152	35857152	harbor2	chr9	35734244	35734593	LINE/CR1	715	+	174	35734418	77266
chr9	35657152	35857152	harbor2	chr9	35734890	35735087	LINE/CR1	715	+	98	35734988	77836
chr9	134617293	134817293	harbor2	chr9	134713484	134713751	LINE/CR1	806	+	134	134713618	96325
chr9	35629934	35829934	harbor2	chr9	35659217	35659848	LINE/CR1	804	+	316	35659533	29599
chr9	35629934	35829934	harbor2	chr9	35660145	35660282	LINE/CR1	804	+	68	35660213	30279
chr9	123915711	124115711	harbor2	chr9	123977287	123977328	LINE/CR1	1161	+	20	123977307	61596
chr9	123915711	124115711	harbor2	chr9	123978127	123978865	LINE/CR1	1161	+	369	123978496	62785
chr9	99259961	99459961	harbor2	chr9	99340704	99340783	LINE/CR1	513	+	40	99340744	80783
chr9	99259961	99459961	harbor2	chr9	99341327	99341605	LINE/CR1	513	+	139	99341466	81505
chr10	23340660	23540660	harbor2	chr10	23376956	23377213	LINE/CR1	579	+	128	23377084	36424
chr10	33635957	33835957	harbor2	chr10	33713405	33713730	LINE/CR1	655	+	162	33713567	77610
chr10	33635957	33835957	harbor2	chr10	33714028	33714527	LINE/CR1	655	+	250	33714278	78321
chr10	69630792	69830792	harbor2	chr10	69693472	69693711	LINE/CR1	615	+	120	69693592	62800
chr10	14908036	15108036	harbor2	chr10	14970171	14971103	LINE/CR1	822	+	466	14970637	62601
chr10	50611910	50811910	harbor2	chr10	50651840	50652153	LINE/CR1	563	+	156	50651996	40086
chr10	17267852	17467852	harbor2	chr10	17341058	17341467	LINE/CR1	657	+	204	17341262	73410
chr10	46006333	46206333	harbor2	chr10	46017864	46018081	LINE/CR1	507	+	108	46017972	11639
chr10	72255024	72455024	harbor2	chr10	72305644	72305911	LINE/CR1	474	+	134	72305778	50754
chr10	72255019	72455019	harbor2	chr10	72305644	72305911	LINE/CR1	474	+	134	72305778	50759
chr11	123512081	123712081	harbor2	chr11	123552263	123552275	LINE/CR1	459	+	6	123552269	40188
chr11	123512081	123712081	harbor2	chr11	123552551	123552738	LINE/CR1	459	+	94	123552645	40564
chr11	123512081	123712081	harbor2	chr11	123562929	123563348	LINE/CR1	571	+	210	123563139	51058
chr11	123512081	123712081	harbor2	chr11	123565639	123565761	LINE/CR1	405	+	61	123565700	53619
chr11	73042807	73242807	harbor2	chr11	73048931	73049206	LINE/CR1	722	+	138	73049069	6262
chr11	24165672	24365672	harbor2	chr11	24188783	24189155	LINE/CR1	681	+	186	24188969	23297
chr11	57400290	57600290	harbor2	chr11	57485901	57486122	LINE/CR1	443	+	110	57486011	85721
chr11	119644666	119844666	harbor2	chr11	119654054	119654246	LINE/CR1	472	+	96	119654150	9484
chr11	119644666	119844666	harbor2	chr11	119655617	119655886	LINE/CR1	459	+	134	119655751	11085
chr11	119644666	119844666	harbor2	chr11	119734533	119734805	LINE/CR1	554	+	136	119734669	90003
chr11	57399778	57599778	harbor2	chr11	57485901	57486122	LINE/CR1	443	+	110	57486011	86233
chr11	73152931	73352931	harbor2	chr11	73200101	73200588	LINE/CR1	699	+	244	73200345	47414
chr11	124701200	124901200	harbor2	chr11	124778825	124779223	LINE/CR1	601	+	199	124779024	77824
chr11	73279444	73479444	harbor2	chr11	73285905	73286186	LINE/CR1	487	+	140	73286045	6601
chr11	20061870	20261870	harbor2	chr11	20127887	20128117	LINE/CR1	431	+	115	20128002	66132
chr11	78110765	78310765	harbor2	chr11	78172702	78172844	LINE/CR1	572	+	71	78172773	62008
chr11	78110765	78310765	harbor2	chr11	78202657	78202821	LINE/CR1	537	+	82	78202739	91974
chr11	73152932	73352932	harbor2	chr11	73200101	73200588	LINE/CR1	699	+	244	73200345	47413
chr11	27266585	27466585	harbor2	chr11	27292658	27292877	LINE/CR1	455	+	110	27292768	26183
chr11	46346052	46546052	harbor2	chr11	46440607	46441231	LINE/CR1	1373	+	312	46440919	94867
chr11	46346052	46546052	harbor2	chr11	46441525	46441964	LINE/CR1	1373	+	220	46441745	95693
chr11	73042796	73242796	harbor2	chr11	73048931	73049206	LINE/CR1	722	+	138	73049069	6273
chr11	3116281	3316281	harbor2	chr11	3190072	3190283	LINE/CR1	415	+	106	3190178	73897
chr11	3994569	4194569	harbor2	chr11	4067908	4068213	LINE/CR1	450	+	152	4068060	73491
chr11	133621545	133821545	harbor2	chr11	133639558	133639832	LINE/CR1	508	+	137	133639695	18150
chr11	66161658	66361658	harbor2	chr11	66256822	66257263	LINE/CR1	786	+	220	66257042	95384
chr11	119644502	119844502	harbor2	chr11	119654054	119654246	LINE/CR1	472	+	96	119654150	9648
chr11	119644502	119844502	harbor2	chr11	119655617	119655886	LINE/CR1	459	+	134	119655751	11249
chr11	119644502	119844502	harbor2	chr11	119734533	119734805	LINE/CR1	554	+	136	119734669	90167
chr11	117887566	118087566	harbor2	chr11	117928514	117928880	LINE/CR1	462	+	183	117928697	41131
chr11	57400308	57600308	harbor2	chr11	57485901	57486122	LINE/CR1	443	+	110	57486011	85703
chr11	120127774	120327774	harbor2	chr11	120145134	120145328	LINE/CR1	494	+	97	120145231	17457
chr11	57399755	57599755	harbor2	chr11	57485901	57486122	LINE/CR1	443	+	110	57486011	86256
chr11	118813698	119013698	harbor2	chr11	118851809	118852163	LINE/CR1	770	+	177	118851986	38288
chr11	118813698	119013698	harbor2	chr11	118880528	118880714	LINE/CR1	420	+	93	118880621	66923
chr11	118813698	119013698	harbor2	chr11	118881086	118881611	LINE/CR1	854	+	262	118881348	67650
chr11	66182603	66382603	harbor2	chr11	66256822	66257263	LINE/CR1	786	+	220	66257042	74439
chr11	117457689	117657689	harbor2	chr11	117540860	117541028	LINE/CR1	440	+	84	117540944	83255
chr11	119646005	119846005	harbor2	chr11	119654054	119654246	LINE/CR1	472	+	96	119654150	8145
chr11	119646005	119846005	harbor2	chr11	119655617	119655886	LINE/CR1	459	+	134	119655751	9746
chr11	119646005	119846005	harbor2	chr11	119734533	119734805	LINE/CR1	554	+	136	119734669	88664
chr11	66182673	66382673	harbor2	chr11	66256822	66257263	LINE/CR1	786	+	220	66257042	74369
chr11	124700459	124900459	harbor2	chr11	124778825	124779223	LINE/CR1	601	+	199	124779024	78565
chr12	2592290	2792290	harbor2	chr12	2689221	2689706	LINE/CR1	893	+	242	2689463	97173
chr12	49484425	49684425	harbor2	chr12	49552627	49552987	LINE/CR1	607	+	180	49552807	68382
chr12	2591481	2791481	harbor2	chr12	2689221	2689706	LINE/CR1	893	+	242	2689463	97982
chr12	49490552	49690552	harbor2	chr12	49552627	49552987	LINE/CR1	607	+	180	49552807	62255
chr12	67170399	67370399	harbor2	chr12	67250376	67251395	LINE/CR1	1141	+	510	67250886	80487
chr12	49460462	49660462	harbor2	chr12	49552627	49552987	LINE/CR1	607	+	180	49552807	92345
chr12	52767744	52967744	harbor2	chr12	52827730	52829177	LINE/CR1	1581	+	724	52828454	60710
chr12	49466948	49666948	harbor2	chr12	49552627	49552987	LINE/CR1	607	+	180	49552807	85859
chr12	110181171	110381171	harbor2	chr12	110276543	110276874	LINE/CR1	609	+	166	110276709	95538
chr12	110181171	110381171	harbor2	chr12	110277102	110277205	LINE/CR1	609	+	52	110277154	95983
chr12	110181171	110381171	harbor2	chr12	110277505	110277708	LINE/CR1	609	+	102	110277607	96436
chr12	92828979	93028979	harbor2	chr12	92850057	92850248	LINE/CR1	720	+	96	92850153	21174
chr12	92366739	92566739	harbor2	chr12	92405505	92405674	LINE/CR1	588	+	84	92405589	38850
chr12	92366739	92566739	harbor2	chr12	92407084	92407176	LINE/CR1	588	+	46	92407130	40391
chr12	92366739	92566739	harbor2	chr12	92407484	92407628	LINE/CR1	588	+	72	92407556	40817
chr13	30104569	30304569	harbor2	chr13	30117516	30117709	LINE/CR1	423	+	96	30117612	13043
chr13	30104569	30304569	harbor2	chr13	30118084	30118409	LINE/CR1	423	+	162	30118246	13677
chr13	30104569	30304569	harbor2	chr13	30119250	30119353	LINE/CR1	423	+	52	30119302	14733
chr13	30104569	30304569	harbor2	chr13	30121454	30121691	LINE/CR1	427	+	118	30121572	17003
chr13	109557876	109757876	harbor2	chr13	109608092	109608320	LINE/CR1	458	+	114	109608206	50330
chr13	100574883	100774883	harbor2	chr13	100596757	100597157	LINE/CR1	556	+	200	100596957	22074
chr13	71672155	71872155	harbor2	chr13	71711243	71711446	LINE/CR1	421	+	102	71711345	39190
chr13	71672155	71872155	harbor2	chr13	71744015	71744162	LINE/CR1	420	+	74	71744089	71934
chr13	100574737	100774737	harbor2	chr13	100596757	100597157	LINE/CR1	556	+	200	100596957	22220
chr13	36899380	37099380	harbor2	chr13	36982141	36982419	LINE/CR1	517	+	139	36982280	82900
chr13	21574582	21774582	harbor2	chr13	21623696	21623835	LINE/CR1	464	+	70	21623766	49184
chr13	21574582	21774582	harbor2	chr13	21648646	21648772	LINE/CR1	420	+	63	21648709	74127
chr13	36899390	37099390	harbor2	chr13	36982141	36982419	LINE/CR1	517	+	139	36982280	82890
chr14	67142039	67342039	harbor2	chr14	67239894	67240205	LINE/CR1	637	+	156	67240050	98011
chr14	67142840	67342840	harbor2	chr14	67239894	67240205	LINE/CR1	637	+	156	67240050	97210
chr14	75886299	76086299	harbor2	chr14	75964381	75964790	LINE/CR1	456	+	204	75964585	78286
chr14	67141953	67341953	harbor2	chr14	67239894	67240205	LINE/CR1	637	+	156	67240050	98097
chr14	67141295	67341295	harbor2	chr14	67239894	67240205	LINE/CR1	637	+	156	67240050	98755
chr14	67141983	67341983	harbor2	chr14	67239894	67240205	LINE/CR1	637	+	156	67240050	98067
chr14	67141303	67341303	harbor2	chr14	67239894	67240205	LINE/CR1	637	+	156	67240050	98747
chr14	67141247	67341247	harbor2	chr14	67239894	67240205	LINE/CR1	637	+	156	67240050	98803
chr14	75914984	76114984	harbor2	chr14	75964381	75964790	LINE/CR1	456	+	204	75964585	49601
chr14	102092831	102292831	harbor2	chr14	102106418	102106537	LINE/CR1	548	+	60	102106478	13647
chr14	102092831	102292831	harbor2	chr14	102106840	102107100	LINE/CR1	548	+	130	102106970	14139
chr14	102039472	102239472	harbor2	chr14	102106418	102106537	LINE/CR1	548	+	60	102106478	67006
chr14	102039472	102239472	harbor2	chr14	102106840	102107100	LINE/CR1	548	+	130	102106970	67498
chr14	75915240	76115240	harbor2	chr14	75964381	75964790	LINE/CR1	456	+	204	75964585	49345
chr14	99462315	99662315	harbor2	chr14	99482904	99483266	LINE/CR1	924	+	181	99483085	20770
chr14	99462315	99662315	harbor2	chr14	99483558	99484022	LINE/CR1	924	+	232	99483790	21475
chr14	72458724	72658724	harbor2	chr14	72476499	72476704	LINE/CR1	455	+	102	72476601	17877
chr14	72458724	72658724	harbor2	chr14	72548080	72548327	LINE/CR1	1033	+	124	72548204	89480
chr14	72458724	72658724	harbor2	chr14	72548373	72548963	LINE/CR1	1033	+	295	72548668	89944
chr15	74947206	75147206	harbor2	chr15	75037066	75037464	LINE/CR1	501	+	199	75037265	90059
chr15	74947206	75147206	harbor2	chr15	75037738	75038628	LINE/CR1	588	+	445	75038183	90977
chr15	67441395	67641395	harbor2	chr15	67534546	67534794	LINE/CR1	473	+	124	67534670	93275
chr15	32618800	32818800	harbor2	chr15	32685209	32685687	LINE/CR1	456	+	239	32685448	66648
chr15	67441016	67641016	harbor2	chr15	67534546	67534794	LINE/CR1	473	+	124	67534670	93654
chr15	74947209	75147209	harbor2	chr15	75037066	75037464	LINE/CR1	501	+	199	75037265	90056
chr15	74947209	75147209	harbor2	chr15	75037738	75038628	LINE/CR1	588	+	445	75038183	90974
chr15	96462468	96662468	harbor2	chr15	96500747	96501216	LINE/CR1	1371	+	234	96500981	38513
chr15	96462468	96662468	harbor2	chr15	96502772	96503189	LINE/CR1	596	+	208	96502980	40512
chr15	96462468	96662468	harbor2	chr15	96503755	96504062	LINE/CR1	498	+	154	96503909	41441
chr15	68720982	68920982	harbor2	chr15	68799553	68800058	LINE/CR1	787	+	252	68799805	78823
chr15	20980576	21180576	harbor2	chr15	20988946	20989226	LINE/CR1	437	+	140	20989086	8510
chr15	37063889	37263889	harbor2	chr15	37146412	37146830	LINE/CR1	725	+	209	37146621	82732
chr15	48389932	48589932	harbor2	chr15	48418037	48418325	LINE/CR1	716	+	144	48418181	28249
chr15	79823750	80023750	harbor2	chr15	79913566	79914678	LINE/CR1	892	+	556	79914122	90372
chr15	56979942	57179942	harbor2	chr15	57025757	57026081	LINE/CR1	637	+	162	57025919	45977
chr15	56979942	57179942	harbor2	chr15	57026287	57026467	LINE/CR1	637	+	90	57026377	46435
chr15	71630657	71830657	harbor2	chr15	71709410	71709744	LINE/CR1	452	+	167	71709577	78920
chr15	71630657	71830657	harbor2	chr15	71709920	71710103	LINE/CR1	452	+	92	71710012	79355
chr15	77545719	77745719	harbor2	chr15	77626592	77626906	LINE/CR1	506	+	157	77626749	81030
chr16	4153746	4353746	harbor2	chr16	4246030	4246266	LINE/CR1	555	+	118	4246148	92402
chr16	82831292	83031292	harbor2	chr16	82918075	82918411	LINE/CR1	732	+	168	82918243	86951
chr17	3792936	3992936	harbor2	chr17	3835035	3835772	LINE/CR1	758	+	368	3835403	42467
chr17	8926421	9126421	harbor2	chr17	8949383	8949598	LINE/CR1	651	+	108	8949491	23070
chr17	8926421	9126421	harbor2	chr17	8949908	8950279	LINE/CR1	651	+	186	8950094	23673
chr17	47195622	47395622	harbor2	chr17	47231266	47231625	LINE/CR1	604	+	180	47231446	35824
chr17	47195622	47395622	harbor2	chr17	47231673	47231928	LINE/CR1	610	+	128	47231801	36179
chr18	76341268	76541268	harbor2	chr18	76387582	76387764	LINE/CR1	584	+	91	76387673	46405
chr18	76341268	76541268	harbor2	chr18	76388499	76388727	LINE/CR1	525	+	114	76388613	47345
chr18	76338499	76538499	harbor2	chr18	76387582	76387764	LINE/CR1	584	+	91	76387673	49174
chr18	76338499	76538499	harbor2	chr18	76388499	76388727	LINE/CR1	525	+	114	76388613	50114
chr19	1	173710	harbor2	chr19	61580	62016	LINE/CR1	846	+	218	61798	61797
chr20	21818051	22018051	harbor2	chr20	21864683	21864936	LINE/CR1	855	+	126	21864809	46758
chr20	34904860	35104860	harbor2	chr20	34925859	34925998	LINE/CR1	475	+	70	34925929	21069
chr20	35442077	35642077	harbor2	chr20	35470250	35470467	LINE/CR1	671	+	108	35470358	28281
chr20	35442077	35642077	harbor2	chr20	35470767	35470959	LINE/CR1	671	+	96	35470863	28786
chr20	34904861	35104861	harbor2	chr20	34925859	34925998	LINE/CR1	475	+	70	34925929	21068
chr20	35362392	35562392	harbor2	chr20	35387526	35387681	LINE/CR1	462	+	78	35387604	25212
chr20	34905163	35105163	harbor2	chr20	34925859	34925998	LINE/CR1	475	+	70	34925929	20766
chr20	35138054	35338054	harbor2	chr20	35190610	35190775	LINE/CR1	484	+	82	35190692	52638
chr20	35138054	35338054	harbor2	chr20	35227353	35227625	LINE/CR1	875	+	136	35227489	89435
chr20	34904857	35104857	harbor2	chr20	34925859	34925998	LINE/CR1	475	+	70	34925929	21072
chr21	15065117	15265117	harbor2	chr21	15093583	15093775	LINE/CR1	464	+	96	15093679	28562
chr21	29199645	29399645	harbor2	chr21	29227725	29228093	LINE/CR1	488	+	184	29227909	28264
chr21	29199645	29399645	harbor2	chr21	29229824	29229944	LINE/CR1	493	+	60	29229884	30239
chr21	29199645	29399645	harbor2	chr21	29228674	29229505	LINE/CR1	493	+	416	29229090	29445
chr21	29201564	29401564	harbor2	chr21	29227725	29228093	LINE/CR1	488	+	184	29227909	26345
chr21	29201564	29401564	harbor2	chr21	29229824	29229944	LINE/CR1	493	+	60	29229884	28320
chr21	29201564	29401564	harbor2	chr21	29228674	29229505	LINE/CR1	493	+	416	29229090	27526
chr21	29201041	29401041	harbor2	chr21	29227725	29228093	LINE/CR1	488	+	184	29227909	26868
chr21	29201041	29401041	harbor2	chr21	29229824	29229944	LINE/CR1	493	+	60	29229884	28843
chr21	29201041	29401041	harbor2	chr21	29228674	29229505	LINE/CR1	493	+	416	29229090	28049
chr21	37266105	37466105	harbor2	chr21	37356809	37357110	LINE/CR1	480	+	150	37356959	90854
chr21	29200213	29400213	harbor2	chr21	29227725	29228093	LINE/CR1	488	+	184	29227909	27696
chr21	29200213	29400213	harbor2	chr21	29229824	29229944	LINE/CR1	493	+	60	29229884	29671
chr21	29200213	29400213	harbor2	chr21	29228674	29229505	LINE/CR1	493	+	416	29229090	28877
chr22	44208842	44408842	harbor2	chr22	44223766	44223894	LINE/CR1	453	+	64	44223830	14988
chr22	37418973	37618973	harbor2	chr22	37471329	37471477	LINE/CR1	423	+	74	37471403	52430
chr22	46291932	46491932	harbor2	chr22	46344036	46344687	LINE/CR1	605	+	326	46344362	52430
chr22	24395407	24595407	harbor2	chr22	24447622	24447808	LINE/CR1	428	+	93	24447715	52308
chr22	24395407	24595407	harbor2	chr22	24448432	24448619	LINE/CR1	428	+	94	24448526	53119
chr22	17640145	17840145	harbor2	chr22	17699477	17699873	LINE/CR1	508	+	198	17699675	59530
chr22	17640145	17840145	harbor2	chr22	17700320	17700560	LINE/CR1	415	+	120	17700440	60295
chr22	29461784	29661784	harbor2	chr22	29539604	29539949	LINE/CR1	953	+	172	29539776	77992
chr22	39366725	39566725	harbor2	chr22	39447355	39447423	LINE/CR1	392	+	34	39447389	80664
chr22	39366725	39566725	harbor2	chr22	39447732	39447829	LINE/CR1	392	+	48	39447780	81055
chr22	39369739	39569739	harbor2	chr22	39447355	39447423	LINE/CR1	392	+	34	39447389	77650
chr22	39369739	39569739	harbor2	chr22	39447732	39447829	LINE/CR1	392	+	48	39447780	78041
chr22	46291944	46491944	harbor2	chr22	46344036	46344687	LINE/CR1	605	+	326	46344362	52418
chr22	37418827	37618827	harbor2	chr22	37471329	37471477	LINE/CR1	423	+	74	37471403	52576
chr22	39414512	39614512	harbor2	chr22	39447355	39447423	LINE/CR1	392	+	34	39447389	32877
chr22	39414512	39614512	harbor2	chr22	39447732	39447829	LINE/CR1	392	+	48	39447780	33268
chr22	42780609	42980609	harbor2	chr22	42811832	42811895	LINE/CR1	487	+	32	42811864	31255
chr22	42780609	42980609	harbor2	chr22	42812248	42812783	LINE/CR1	487	+	268	42812516	31907
chrX	24366734	24566734	harbor2	chrX	24393503	24394228	LINE/CR1	626	+	362	24393865	27131
chrX	72046619	72246619	harbor2	chrX	72133005	72133370	LINE/CR1	957	+	182	72133187	86568
chrX	71011961	71211961	harbor2	chrX	71030756	71031143	LINE/CR1	876	+	194	71030950	18989
