H_chr	H_start	H_end	Harbor	TE_chr	TE_start	TE_end	TE	score	TE_strand	TE_half	TE_middle_pos	TE_dis
chr1	26400749	26600749	harbor1	chr1	26459173	26459399	LINE/CR1	465	+	113	26459286	58537
chr1	6046640	6246640	harbor1	chr1	6075109	6075678	LINE/CR1	761	+	284	6075393	28753
chr1	211033794	211233794	harbor1	chr1	211128936	211129115	LINE/CR1	460	+	90	211129026	95232
chr1	226479130	226679130	harbor1	chr1	226512931	226513192	LINE/CR1	460	+	130	226513061	33931
chr1	226479130	226679130	harbor1	chr1	226526522	226526763	LINE/CR1	574	+	120	226526642	47512
chr1	211033705	211233705	harbor1	chr1	211128936	211129115	LINE/CR1	460	+	90	211129026	95321
chr1	211033814	211233814	harbor1	chr1	211128936	211129115	LINE/CR1	460	+	90	211129026	95212
chr1	1	128757	harbor1	chr1	19972	20405	LINE/CR1	994	+	216	20188	20187
chr1	39855348	40055348	harbor1	chr1	39952565	39953025	LINE/CR1	749	+	230	39952795	97447
chr1	29137918	29337918	harbor1	chr1	29235964	29236208	LINE/CR1	470	+	122	29236086	98168
chr1	211033766	211233766	harbor1	chr1	211128936	211129115	LINE/CR1	460	+	90	211129026	95260
chr1	26400777	26600777	harbor1	chr1	26459173	26459399	LINE/CR1	465	+	113	26459286	58509
chr1	244605801	244805801	harbor1	chr1	244612255	244612659	LINE/CR1	691	+	202	244612457	6656
chr1	39855400	40055400	harbor1	chr1	39952565	39953025	LINE/CR1	749	+	230	39952795	97395
chr1	226638244	226838244	harbor1	chr1	226693914	226694427	LINE/CR1	912	+	256	226694170	55926
chr1	226638244	226838244	harbor1	chr1	226695262	226695550	LINE/CR1	482	+	144	226695406	57162
chr1	226637969	226837969	harbor1	chr1	226693914	226694427	LINE/CR1	912	+	256	226694170	56201
chr1	226637969	226837969	harbor1	chr1	226695262	226695550	LINE/CR1	482	+	144	226695406	57437
chr1	244589301	244789301	harbor1	chr1	244612255	244612659	LINE/CR1	691	+	202	244612457	23156
chr1	226638245	226838245	harbor1	chr1	226693914	226694427	LINE/CR1	912	+	256	226694170	55925
chr1	226638245	226838245	harbor1	chr1	226695262	226695550	LINE/CR1	482	+	144	226695406	57161
chr1	53846279	54046279	harbor1	chr1	53941626	53942004	LINE/CR1	703	+	189	53941815	95536
chr1	53846338	54046338	harbor1	chr1	53941626	53942004	LINE/CR1	703	+	189	53941815	95477
chr1	204585380	204785380	harbor1	chr1	204607777	204608014	LINE/CR1	684	+	118	204607895	22515
chr1	204585380	204785380	harbor1	chr1	204611036	204611645	LINE/CR1	1315	+	304	204611340	25960
chr1	204585380	204785380	harbor1	chr1	204613926	204614069	LINE/CR1	454	+	72	204613998	28618
chr1	204585380	204785380	harbor1	chr1	204614379	204614637	LINE/CR1	454	+	129	204614508	29128
chr1	211033792	211233792	harbor1	chr1	211128936	211129115	LINE/CR1	460	+	90	211129026	95234
chr1	116272513	116472513	harbor1	chr1	116340991	116341535	LINE/CR1	823	+	272	116341263	68750
chr1	244605835	244805835	harbor1	chr1	244612255	244612659	LINE/CR1	691	+	202	244612457	6622
chr1	244605400	244805400	harbor1	chr1	244612255	244612659	LINE/CR1	691	+	202	244612457	7057
chr1	30662344	30862344	harbor1	chr1	30696068	30696298	LINE/CR1	456	+	115	30696183	33839
chr1	24895887	25095887	harbor1	chr1	24939989	24940170	LINE/CR1	468	+	90	24940079	44192
chr1	244605782	244805782	harbor1	chr1	244612255	244612659	LINE/CR1	691	+	202	244612457	6675
chr1	203028332	203228332	harbor1	chr1	203030084	203030273	LINE/CR1	487	+	94	203030178	1846
chr1	203028332	203228332	harbor1	chr1	203057046	203057271	LINE/CR1	479	+	112	203057158	28826
chr1	203028332	203228332	harbor1	chr1	203066506	203066619	LINE/CR1	460	+	56	203066562	38230
chr1	53187531	53387531	harbor1	chr1	53263535	53263958	LINE/CR1	894	+	212	53263747	76216
chr1	89721428	89921428	harbor1	chr1	89753934	89754086	LINE/CR1	460	+	76	89754010	32582
chr1	53846292	54046292	harbor1	chr1	53941626	53942004	LINE/CR1	703	+	189	53941815	95523
chr1	7604696	7804696	harbor1	chr1	7607727	7608036	LINE/CR1	627	+	154	7607881	3185
chr1	53846310	54046310	harbor1	chr1	53941626	53942004	LINE/CR1	703	+	189	53941815	95505
chr1	245603515	245803515	harbor1	chr1	245675781	245676104	LINE/CR1	725	+	162	245675943	72428
chr1	26400758	26600758	harbor1	chr1	26459173	26459399	LINE/CR1	465	+	113	26459286	58528
chr1	111713067	111913067	harbor1	chr1	111788953	111789429	LINE/CR1	848	+	238	111789191	76124
chr1	111713067	111913067	harbor1	chr1	111791718	111791984	LINE/CR1	848	+	133	111791851	78784
chr1	244605833	244805833	harbor1	chr1	244612255	244612659	LINE/CR1	691	+	202	244612457	6624
chr1	234508642	234708642	harbor1	chr1	234543600	234543966	LINE/CR1	759	+	183	234543783	35141
chr1	211033696	211233696	harbor1	chr1	211128936	211129115	LINE/CR1	460	+	90	211129026	95330
chr1	24895890	25095890	harbor1	chr1	24939989	24940170	LINE/CR1	468	+	90	24940079	44189
chr1	54786918	54986918	harbor1	chr1	54875469	54875872	LINE/CR1	892	+	202	54875671	88753
chr1	46503416	46703416	harbor1	chr1	46597803	46598167	LINE/CR1	713	+	182	46597985	94569
chr2	74453401	74653401	harbor1	chr2	74547430	74548654	LINE/CR1	1159	+	612	74548042	94641
chr2	74453409	74653409	harbor1	chr2	74547430	74548654	LINE/CR1	1159	+	612	74548042	94633
chr2	175979735	176179735	harbor1	chr2	176052676	176052858	LINE/CR1	537	+	91	176052767	73032
chr2	26403762	26603762	harbor1	chr2	26432954	26433183	LINE/CR1	452	+	114	26433068	29306
chr2	26403762	26603762	harbor1	chr2	26486490	26486815	LINE/CR1	456	+	162	26486652	82890
chr2	26403771	26603771	harbor1	chr2	26432954	26433183	LINE/CR1	452	+	114	26433068	29297
chr2	26403771	26603771	harbor1	chr2	26486490	26486815	LINE/CR1	456	+	162	26486652	82881
chr2	26403748	26603748	harbor1	chr2	26432954	26433183	LINE/CR1	452	+	114	26433068	29320
chr2	26403748	26603748	harbor1	chr2	26486490	26486815	LINE/CR1	456	+	162	26486652	82904
chr2	56085032	56285032	harbor1	chr2	56133491	56133557	LINE/CR1	554	+	33	56133524	48492
chr2	56085032	56285032	harbor1	chr2	56134024	56134416	LINE/CR1	554	+	196	56134220	49188
chr2	111023146	111223146	harbor1	chr2	111084330	111084591	LINE/CR1	481	+	130	111084460	61314
chr2	111023146	111223146	harbor1	chr2	111089751	111090163	LINE/CR1	696	+	206	111089957	66811
chr2	43054951	43254951	harbor1	chr2	43072416	43072806	LINE/CR1	690	+	195	43072611	17660
chr2	175979808	176179808	harbor1	chr2	176052676	176052858	LINE/CR1	537	+	91	176052767	72959
chr2	43055485	43255485	harbor1	chr2	43072416	43072806	LINE/CR1	690	+	195	43072611	17126
chr2	24693648	24893648	harbor1	chr2	24735607	24735939	LINE/CR1	466	+	166	24735773	42125
chr2	24693648	24893648	harbor1	chr2	24736250	24736536	LINE/CR1	466	+	143	24736393	42745
chr2	160393135	160593135	harbor1	chr2	160470914	160471076	LINE/CR1	454	+	81	160470995	77860
chr2	26403834	26603834	harbor1	chr2	26432954	26433183	LINE/CR1	452	+	114	26433068	29234
chr2	26403834	26603834	harbor1	chr2	26486490	26486815	LINE/CR1	456	+	162	26486652	82818
chr2	217726903	217926903	harbor1	chr2	217819244	217819523	LINE/CR1	690	+	140	217819384	92481
chr3	51939476	52139476	harbor1	chr3	52000878	52001091	LINE/CR1	419	+	106	52000984	61508
chr3	51939476	52139476	harbor1	chr3	52001394	52001452	LINE/CR1	419	+	29	52001423	61947
chr3	42586603	42786603	harbor1	chr3	42639798	42640085	LINE/CR1	421	+	144	42639942	53339
chr3	156989205	157189205	harbor1	chr3	157023309	157023476	LINE/CR1	525	+	84	157023393	34188
chr3	51939463	52139463	harbor1	chr3	52000878	52001091	LINE/CR1	419	+	106	52000984	61521
chr3	51939463	52139463	harbor1	chr3	52001394	52001452	LINE/CR1	419	+	29	52001423	61960
chr3	51939471	52139471	harbor1	chr3	52000878	52001091	LINE/CR1	419	+	106	52000984	61513
chr3	51939471	52139471	harbor1	chr3	52001394	52001452	LINE/CR1	419	+	29	52001423	61952
chr3	51939481	52139481	harbor1	chr3	52000878	52001091	LINE/CR1	419	+	106	52000984	61503
chr3	51939481	52139481	harbor1	chr3	52001394	52001452	LINE/CR1	419	+	29	52001423	61942
chr3	161005424	161205424	harbor1	chr3	161098792	161099515	LINE/CR1	609	+	362	161099154	93730
chr3	161005424	161205424	harbor1	chr3	161099913	161100078	LINE/CR1	425	+	82	161099995	94571
chr3	124721335	124921335	harbor1	chr3	124795043	124795208	LINE/CR1	465	+	82	124795125	73790
chr3	124721335	124921335	harbor1	chr3	124796039	124796182	LINE/CR1	470	+	72	124796111	74776
chr3	51939504	52139504	harbor1	chr3	52000878	52001091	LINE/CR1	419	+	106	52000984	61480
chr3	51939504	52139504	harbor1	chr3	52001394	52001452	LINE/CR1	419	+	29	52001423	61919
chr3	51939539	52139539	harbor1	chr3	52000878	52001091	LINE/CR1	419	+	106	52000984	61445
chr3	51939539	52139539	harbor1	chr3	52001394	52001452	LINE/CR1	419	+	29	52001423	61884
chr3	51939497	52139497	harbor1	chr3	52000878	52001091	LINE/CR1	419	+	106	52000984	61487
chr3	51939497	52139497	harbor1	chr3	52001394	52001452	LINE/CR1	419	+	29	52001423	61926
chr3	51939505	52139505	harbor1	chr3	52000878	52001091	LINE/CR1	419	+	106	52000984	61479
chr3	51939505	52139505	harbor1	chr3	52001394	52001452	LINE/CR1	419	+	29	52001423	61918
chr3	179842465	180042465	harbor1	chr3	179857268	179857562	LINE/CR1	798	+	147	179857415	14950
chr3	122414401	122614401	harbor1	chr3	122461767	122462586	LINE/CR1	1122	+	410	122462177	47776
chr3	51938306	52138306	harbor1	chr3	52000878	52001091	LINE/CR1	419	+	106	52000984	62678
chr3	51938306	52138306	harbor1	chr3	52001394	52001452	LINE/CR1	419	+	29	52001423	63117
chr3	182580289	182780289	harbor1	chr3	182638330	182638805	LINE/CR1	702	+	238	182638568	58279
chr3	51939455	52139455	harbor1	chr3	52000878	52001091	LINE/CR1	419	+	106	52000984	61529
chr3	51939455	52139455	harbor1	chr3	52001394	52001452	LINE/CR1	419	+	29	52001423	61968
chr3	51932225	52132225	harbor1	chr3	52000878	52001091	LINE/CR1	419	+	106	52000984	68759
chr3	51932225	52132225	harbor1	chr3	52001394	52001452	LINE/CR1	419	+	29	52001423	69198
chr3	156989217	157189217	harbor1	chr3	157023309	157023476	LINE/CR1	525	+	84	157023393	34176
chr3	51939521	52139521	harbor1	chr3	52000878	52001091	LINE/CR1	419	+	106	52000984	61463
chr3	51939521	52139521	harbor1	chr3	52001394	52001452	LINE/CR1	419	+	29	52001423	61902
chr3	51281519	51481519	harbor1	chr3	51315666	51315923	LINE/CR1	648	+	128	51315794	34275
chr3	51917252	52117252	harbor1	chr3	52000878	52001091	LINE/CR1	419	+	106	52000984	83732
chr3	51917252	52117252	harbor1	chr3	52001394	52001452	LINE/CR1	419	+	29	52001423	84171
chr4	39598067	39798067	harbor1	chr4	39666229	39666696	LINE/CR1	1018	+	234	39666463	68396
chr5	10150551	10350551	harbor1	chr5	10214436	10214525	LINE/CR1	575	+	44	10214480	63929
chr5	10150551	10350551	harbor1	chr5	10214826	10215586	LINE/CR1	575	+	380	10215206	64655
chr5	150532654	150732654	harbor1	chr5	150607106	150607387	LINE/CR1	679	+	140	150607246	74592
chr5	141778257	141978257	harbor1	chr5	141779504	141779694	LINE/CR1	480	+	95	141779599	1342
chr5	10184404	10384404	harbor1	chr5	10214436	10214525	LINE/CR1	575	+	44	10214480	30076
chr5	10184404	10384404	harbor1	chr5	10214826	10215586	LINE/CR1	575	+	380	10215206	30802
chr5	169913062	170113062	harbor1	chr5	169959432	169959685	LINE/CR1	445	+	126	169959558	46496
chr5	9879703	10079703	harbor1	chr5	9927224	9927428	LINE/CR1	711	+	102	9927326	47623
chr5	71628508	71828508	harbor1	chr5	71667004	71667234	LINE/CR1	559	+	115	71667119	38611
chr5	4034239	4234239	harbor1	chr5	4124076	4124448	LINE/CR1	735	+	186	4124262	90023
chr5	74950541	75150541	harbor1	chr5	74958224	74958528	LINE/CR1	428	+	152	74958376	7835
chr5	170538258	170738258	harbor1	chr5	170580534	170581025	LINE/CR1	615	+	246	170580780	42522
chr5	126677744	126877744	harbor1	chr5	126721832	126722045	LINE/CR1	613	+	106	126721938	44194
chr5	126677744	126877744	harbor1	chr5	126722356	126722558	LINE/CR1	739	+	101	126722457	44713
chr5	10150998	10350998	harbor1	chr5	10214436	10214525	LINE/CR1	575	+	44	10214480	63482
chr5	10150998	10350998	harbor1	chr5	10214826	10215586	LINE/CR1	575	+	380	10215206	64208
chr5	71628507	71828507	harbor1	chr5	71667004	71667234	LINE/CR1	559	+	115	71667119	38612
chr6	37070857	37270857	harbor1	chr6	37089567	37089909	LINE/CR1	537	+	171	37089738	18881
chr6	127167311	127367311	harbor1	chr6	127210443	127210992	LINE/CR1	850	+	274	127210717	43406
chr6	37002869	37202869	harbor1	chr6	37089567	37089909	LINE/CR1	537	+	171	37089738	86869
chr6	37070851	37270851	harbor1	chr6	37089567	37089909	LINE/CR1	537	+	171	37089738	18887
chr6	37070872	37270872	harbor1	chr6	37089567	37089909	LINE/CR1	537	+	171	37089738	18866
chr6	37070827	37270827	harbor1	chr6	37089567	37089909	LINE/CR1	537	+	171	37089738	18911
chr6	36992832	37192832	harbor1	chr6	37089567	37089909	LINE/CR1	537	+	171	37089738	96906
chr6	45541025	45741025	harbor1	chr6	45609684	45610152	LINE/CR1	783	+	234	45609918	68893
chr6	41820289	42020289	harbor1	chr6	41891548	41891883	LINE/CR1	622	+	168	41891716	71427
chr6	107722375	107922375	harbor1	chr6	107791151	107791671	LINE/CR1	573	+	260	107791411	69036
chr6	107722375	107922375	harbor1	chr6	107791989	107792183	LINE/CR1	573	+	97	107792086	69711
chr6	77363005	77563005	harbor1	chr6	77422671	77423059	LINE/CR1	704	+	194	77422865	59860
chr6	77363005	77563005	harbor1	chr6	77423369	77423595	LINE/CR1	704	+	113	77423482	60477
chr6	37002597	37202597	harbor1	chr6	37089567	37089909	LINE/CR1	537	+	171	37089738	87141
chr6	37070831	37270831	harbor1	chr6	37089567	37089909	LINE/CR1	537	+	171	37089738	18907
chr6	37070836	37270836	harbor1	chr6	37089567	37089909	LINE/CR1	537	+	171	37089738	18902
chr6	27415355	27615355	harbor1	chr6	27470227	27470640	LINE/CR1	606	+	206	27470433	55078
chr6	27415355	27615355	harbor1	chr6	27471008	27472007	LINE/CR1	1683	+	500	27471508	56153
chr6	37070816	37270816	harbor1	chr6	37089567	37089909	LINE/CR1	537	+	171	37089738	18922
chr6	37070849	37270849	harbor1	chr6	37089567	37089909	LINE/CR1	537	+	171	37089738	18889
chr6	147104160	147304160	harbor1	chr6	147179658	147180021	LINE/CR1	742	+	182	147179840	75680
chr6	37070846	37270846	harbor1	chr6	37089567	37089909	LINE/CR1	537	+	171	37089738	18892
chr6	37070848	37270848	harbor1	chr6	37089567	37089909	LINE/CR1	537	+	171	37089738	18890
chr6	37070843	37270843	harbor1	chr6	37089567	37089909	LINE/CR1	537	+	171	37089738	18895
chr6	147104106	147304106	harbor1	chr6	147179658	147180021	LINE/CR1	742	+	182	147179840	75734
chr6	31996362	32196362	harbor1	chr6	32093627	32093807	LINE/CR1	597	+	90	32093717	97355
chr6	31996362	32196362	harbor1	chr6	32094126	32094301	LINE/CR1	597	+	88	32094214	97852
chr6	31996362	32196362	harbor1	chr6	32094571	32094910	LINE/CR1	600	+	170	32094741	98379
chr6	127167329	127367329	harbor1	chr6	127210443	127210992	LINE/CR1	850	+	274	127210717	43388
chr6	127167314	127367314	harbor1	chr6	127210443	127210992	LINE/CR1	850	+	274	127210717	43403
chr6	147104102	147304102	harbor1	chr6	147179658	147180021	LINE/CR1	742	+	182	147179840	75738
chr6	45540941	45740941	harbor1	chr6	45609684	45610152	LINE/CR1	783	+	234	45609918	68977
chr6	45540990	45740990	harbor1	chr6	45609684	45610152	LINE/CR1	783	+	234	45609918	68928
chr6	37070864	37270864	harbor1	chr6	37089567	37089909	LINE/CR1	537	+	171	37089738	18874
chr6	45540939	45740939	harbor1	chr6	45609684	45610152	LINE/CR1	783	+	234	45609918	68979
chr6	43815149	44015149	harbor1	chr6	43822500	43823046	LINE/CR1	486	+	273	43822773	7624
chr6	43815149	44015149	harbor1	chr6	43823180	43823219	LINE/CR1	486	+	20	43823200	8051
chr6	144187246	144387246	harbor1	chr6	144247001	144247440	LINE/CR1	494	+	220	144247221	59975
chr6	127167324	127367324	harbor1	chr6	127210443	127210992	LINE/CR1	850	+	274	127210717	43393
chr6	127167395	127367395	harbor1	chr6	127210443	127210992	LINE/CR1	850	+	274	127210717	43322
chr6	24811164	25011164	harbor1	chr6	24868419	24868718	LINE/CR1	469	+	150	24868569	57405
chr6	127167313	127367313	harbor1	chr6	127210443	127210992	LINE/CR1	850	+	274	127210717	43404
chr6	45540950	45740950	harbor1	chr6	45609684	45610152	LINE/CR1	783	+	234	45609918	68968
chr6	27415346	27615346	harbor1	chr6	27470227	27470640	LINE/CR1	606	+	206	27470433	55087
chr6	27415346	27615346	harbor1	chr6	27471008	27472007	LINE/CR1	1683	+	500	27471508	56162
chr6	27415357	27615357	harbor1	chr6	27470227	27470640	LINE/CR1	606	+	206	27470433	55076
chr6	27415357	27615357	harbor1	chr6	27471008	27472007	LINE/CR1	1683	+	500	27471508	56151
chr6	31996234	32196234	harbor1	chr6	32093627	32093807	LINE/CR1	597	+	90	32093717	97483
chr6	31996234	32196234	harbor1	chr6	32094126	32094301	LINE/CR1	597	+	88	32094214	97980
chr6	31996234	32196234	harbor1	chr6	32094571	32094910	LINE/CR1	600	+	170	32094741	98507
chr6	27415340	27615340	harbor1	chr6	27470227	27470640	LINE/CR1	606	+	206	27470433	55093
chr6	27415340	27615340	harbor1	chr6	27471008	27472007	LINE/CR1	1683	+	500	27471508	56168
chr6	32050380	32250380	harbor1	chr6	32093627	32093807	LINE/CR1	597	+	90	32093717	43337
chr6	32050380	32250380	harbor1	chr6	32094126	32094301	LINE/CR1	597	+	88	32094214	43834
chr6	32050380	32250380	harbor1	chr6	32094571	32094910	LINE/CR1	600	+	170	32094741	44361
chr7	50615299	50815299	harbor1	chr7	50690850	50691172	LINE/CR1	678	+	161	50691011	75712
chr7	128305676	128505676	harbor1	chr7	128328293	128328665	LINE/CR1	682	+	186	128328479	22803
chr7	123649229	123849229	harbor1	chr7	123651743	123651989	LINE/CR1	437	+	123	123651866	2637
chr7	123649386	123849386	harbor1	chr7	123651743	123651989	LINE/CR1	437	+	123	123651866	2480
chr7	123649293	123849293	harbor1	chr7	123651743	123651989	LINE/CR1	437	+	123	123651866	2573
chr7	44661435	44861435	harbor1	chr7	44690120	44690370	LINE/CR1	522	+	125	44690245	28810
chr7	44661435	44861435	harbor1	chr7	44745498	44745825	LINE/CR1	712	+	164	44745662	84227
chr7	123610933	123810933	harbor1	chr7	123651743	123651989	LINE/CR1	437	+	123	123651866	40933
chr7	123649263	123849263	harbor1	chr7	123651743	123651989	LINE/CR1	437	+	123	123651866	2603
chr7	123649244	123849244	harbor1	chr7	123651743	123651989	LINE/CR1	437	+	123	123651866	2622
chr7	123649264	123849264	harbor1	chr7	123651743	123651989	LINE/CR1	437	+	123	123651866	2602
chr7	141411856	141611856	harbor1	chr7	141498790	141499356	LINE/CR1	542	+	283	141499073	87217
chr7	141411856	141611856	harbor1	chr7	141499658	141499971	LINE/CR1	542	+	156	141499814	87958
chr7	25697532	25897532	harbor1	chr7	25730842	25731208	LINE/CR1	657	+	183	25731025	33493
chr7	123649335	123849335	harbor1	chr7	123651743	123651989	LINE/CR1	437	+	123	123651866	2531
chr7	123649230	123849230	harbor1	chr7	123651743	123651989	LINE/CR1	437	+	123	123651866	2636
chr7	141411783	141611783	harbor1	chr7	141498790	141499356	LINE/CR1	542	+	283	141499073	87290
chr7	141411783	141611783	harbor1	chr7	141499658	141499971	LINE/CR1	542	+	156	141499814	88031
chr7	30579971	30779971	harbor1	chr7	30616493	30616696	LINE/CR1	674	+	102	30616595	36624
chr7	127133798	127333798	harbor1	chr7	127154866	127155178	LINE/CR1	721	+	156	127155022	21224
chr7	140378858	140578858	harbor1	chr7	140404758	140405067	LINE/CR1	581	+	154	140404912	26054
chr7	123648388	123848388	harbor1	chr7	123651743	123651989	LINE/CR1	437	+	123	123651866	3478
chr7	123649270	123849270	harbor1	chr7	123651743	123651989	LINE/CR1	437	+	123	123651866	2596
chr7	123649311	123849311	harbor1	chr7	123651743	123651989	LINE/CR1	437	+	123	123651866	2555
chr8	23428482	23628482	harbor1	chr8	23499219	23499845	LINE/CR1	804	+	313	23499532	71050
chr8	23428976	23628976	harbor1	chr8	23499219	23499845	LINE/CR1	804	+	313	23499532	70556
chr8	23428919	23628919	harbor1	chr8	23499219	23499845	LINE/CR1	804	+	313	23499532	70613
chr8	23428922	23628922	harbor1	chr8	23499219	23499845	LINE/CR1	804	+	313	23499532	70610
chr8	23428500	23628500	harbor1	chr8	23499219	23499845	LINE/CR1	804	+	313	23499532	71032
chr8	23409692	23609692	harbor1	chr8	23499219	23499845	LINE/CR1	804	+	313	23499532	89840
chr8	23428873	23628873	harbor1	chr8	23499219	23499845	LINE/CR1	804	+	313	23499532	70659
chr8	23407606	23607606	harbor1	chr8	23499219	23499845	LINE/CR1	804	+	313	23499532	91926
chr8	23428431	23628431	harbor1	chr8	23499219	23499845	LINE/CR1	804	+	313	23499532	71101
chr8	23428857	23628857	harbor1	chr8	23499219	23499845	LINE/CR1	804	+	313	23499532	70675
chr8	23412840	23612840	harbor1	chr8	23499219	23499845	LINE/CR1	804	+	313	23499532	86692
chr8	23428958	23628958	harbor1	chr8	23499219	23499845	LINE/CR1	804	+	313	23499532	70574
chr8	23409094	23609094	harbor1	chr8	23499219	23499845	LINE/CR1	804	+	313	23499532	90438
chr8	96274034	96474034	harbor1	chr8	96347326	96347553	LINE/CR1	816	+	114	96347440	73406
chr8	23428835	23628835	harbor1	chr8	23499219	23499845	LINE/CR1	804	+	313	23499532	70697
chr8	23428925	23628925	harbor1	chr8	23499219	23499845	LINE/CR1	804	+	313	23499532	70607
chr8	23428499	23628499	harbor1	chr8	23499219	23499845	LINE/CR1	804	+	313	23499532	71033
chr8	23428888	23628888	harbor1	chr8	23499219	23499845	LINE/CR1	804	+	313	23499532	70644
chr8	22757824	22957824	harbor1	chr8	22841276	22841692	LINE/CR1	646	+	208	22841484	83660
chr8	22757824	22957824	harbor1	chr8	22842145	22842309	LINE/CR1	521	+	82	22842227	84403
chr8	23423555	23623555	harbor1	chr8	23499219	23499845	LINE/CR1	804	+	313	23499532	75977
chr8	23428893	23628893	harbor1	chr8	23499219	23499845	LINE/CR1	804	+	313	23499532	70639
chr8	23419596	23619596	harbor1	chr8	23499219	23499845	LINE/CR1	804	+	313	23499532	79936
chr8	10625860	10825860	harbor1	chr8	10653163	10653269	LINE/CR1	422	+	53	10653216	27356
chr8	23428533	23628533	harbor1	chr8	23499219	23499845	LINE/CR1	804	+	313	23499532	70999
chr8	23428940	23628940	harbor1	chr8	23499219	23499845	LINE/CR1	804	+	313	23499532	70592
chr8	124796482	124996482	harbor1	chr8	124833153	124833454	LINE/CR1	577	+	150	124833303	36821
chr8	23428850	23628850	harbor1	chr8	23499219	23499845	LINE/CR1	804	+	313	23499532	70682
chr8	23428530	23628530	harbor1	chr8	23499219	23499845	LINE/CR1	804	+	313	23499532	71002
chr8	23429026	23629026	harbor1	chr8	23499219	23499845	LINE/CR1	804	+	313	23499532	70506
chr8	98847692	99047692	harbor1	chr8	98859210	98859368	LINE/CR1	439	+	79	98859289	11597
chr8	23428510	23628510	harbor1	chr8	23499219	23499845	LINE/CR1	804	+	313	23499532	71022
chr8	23428435	23628435	harbor1	chr8	23499219	23499845	LINE/CR1	804	+	313	23499532	71097
chr8	23429035	23629035	harbor1	chr8	23499219	23499845	LINE/CR1	804	+	313	23499532	70497
chr8	29891739	30091739	harbor1	chr8	29906469	29906724	LINE/CR1	504	+	128	29906597	14858
chr8	29891739	30091739	harbor1	chr8	29959742	29960216	LINE/CR1	921	+	237	29959979	68240
chr8	29983337	30183337	harbor1	chr8	29994944	29995258	LINE/CR1	699	+	157	29995101	11764
chr8	35278099	35478099	harbor1	chr8	35305122	35305316	LINE/CR1	613	+	97	35305219	27120
chr8	35278099	35478099	harbor1	chr8	35313965	35314645	LINE/CR1	825	+	340	35314305	36206
chr8	29983014	30183014	harbor1	chr8	29994944	29995258	LINE/CR1	699	+	157	29995101	12087
chr8	23428962	23628962	harbor1	chr8	23499219	23499845	LINE/CR1	804	+	313	23499532	70570
chr8	29983347	30183347	harbor1	chr8	29994944	29995258	LINE/CR1	699	+	157	29995101	11754
chr8	23428892	23628892	harbor1	chr8	23499219	23499845	LINE/CR1	804	+	313	23499532	70640
chr8	58719745	58919745	harbor1	chr8	58768576	58768932	LINE/CR1	839	+	178	58768754	49009
chr8	58719745	58919745	harbor1	chr8	58769727	58770391	LINE/CR1	521	+	332	58770059	50314
chr9	35657186	35857186	harbor1	chr9	35659217	35659848	LINE/CR1	804	+	316	35659533	2347
chr9	35657186	35857186	harbor1	chr9	35660145	35660282	LINE/CR1	804	+	68	35660213	3027
chr9	35657186	35857186	harbor1	chr9	35733546	35733649	LINE/CR1	715	+	52	35733598	76412
chr9	35657186	35857186	harbor1	chr9	35733809	35733987	LINE/CR1	715	+	89	35733898	76712
chr9	35657186	35857186	harbor1	chr9	35734244	35734593	LINE/CR1	715	+	174	35734418	77232
chr9	35657186	35857186	harbor1	chr9	35734890	35735087	LINE/CR1	715	+	98	35734988	77802
chr9	111796999	111996999	harbor1	chr9	111838970	111839239	LINE/CR1	612	+	134	111839104	42105
chr9	111796999	111996999	harbor1	chr9	111839533	111839549	LINE/CR1	612	+	8	111839541	42542
chr9	3230875	3430875	harbor1	chr9	3322917	3323230	LINE/CR1	489	+	156	3323073	92198
chr9	1	114163	harbor1	chr9	20085	20518	LINE/CR1	884	+	216	20301	20300
chr9	35598598	35798598	harbor1	chr9	35622162	35622512	LINE/CR1	602	+	175	35622337	23739
chr9	35598598	35798598	harbor1	chr9	35623139	35623257	LINE/CR1	602	+	59	35623198	24600
chr9	35598598	35798598	harbor1	chr9	35659217	35659848	LINE/CR1	804	+	316	35659533	60935
chr9	35598598	35798598	harbor1	chr9	35660145	35660282	LINE/CR1	804	+	68	35660213	61615
chr9	35656433	35856433	harbor1	chr9	35659217	35659848	LINE/CR1	804	+	316	35659533	3100
chr9	35656433	35856433	harbor1	chr9	35660145	35660282	LINE/CR1	804	+	68	35660213	3780
chr9	35656433	35856433	harbor1	chr9	35733546	35733649	LINE/CR1	715	+	52	35733598	77165
chr9	35656433	35856433	harbor1	chr9	35733809	35733987	LINE/CR1	715	+	89	35733898	77465
chr9	35656433	35856433	harbor1	chr9	35734244	35734593	LINE/CR1	715	+	174	35734418	77985
chr9	35656433	35856433	harbor1	chr9	35734890	35735087	LINE/CR1	715	+	98	35734988	78555
chr9	35580921	35780921	harbor1	chr9	35622162	35622512	LINE/CR1	602	+	175	35622337	41416
chr9	35580921	35780921	harbor1	chr9	35623139	35623257	LINE/CR1	602	+	59	35623198	42277
chr9	35580921	35780921	harbor1	chr9	35659217	35659848	LINE/CR1	804	+	316	35659533	78612
chr9	35580921	35780921	harbor1	chr9	35660145	35660282	LINE/CR1	804	+	68	35660213	79292
chr9	97885114	98085114	harbor1	chr9	97961432	97962024	LINE/CR1	547	+	296	97961728	76614
chr9	94048912	94248912	harbor1	chr9	94059887	94060295	LINE/CR1	724	+	204	94060091	11179
chr9	94048912	94248912	harbor1	chr9	94081769	94081995	LINE/CR1	587	+	113	94081882	32970
chr9	94048912	94248912	harbor1	chr9	94082132	94082296	LINE/CR1	587	+	82	94082214	33302
chr9	35691958	35891958	harbor1	chr9	35733546	35733649	LINE/CR1	715	+	52	35733598	41640
chr9	35691958	35891958	harbor1	chr9	35733809	35733987	LINE/CR1	715	+	89	35733898	41940
chr9	35691958	35891958	harbor1	chr9	35734244	35734593	LINE/CR1	715	+	174	35734418	42460
chr9	35691958	35891958	harbor1	chr9	35734890	35735087	LINE/CR1	715	+	98	35734988	43030
chr9	35691958	35891958	harbor1	chr9	35762195	35762484	LINE/CR1	571	+	144	35762339	70381
chr9	35656293	35856293	harbor1	chr9	35659217	35659848	LINE/CR1	804	+	316	35659533	3240
chr9	35656293	35856293	harbor1	chr9	35660145	35660282	LINE/CR1	804	+	68	35660213	3920
chr9	35656293	35856293	harbor1	chr9	35733546	35733649	LINE/CR1	715	+	52	35733598	77305
chr9	35656293	35856293	harbor1	chr9	35733809	35733987	LINE/CR1	715	+	89	35733898	77605
chr9	35656293	35856293	harbor1	chr9	35734244	35734593	LINE/CR1	715	+	174	35734418	78125
chr9	35656293	35856293	harbor1	chr9	35734890	35735087	LINE/CR1	715	+	98	35734988	78695
chr9	3426384	3626384	harbor1	chr9	3444618	3444991	LINE/CR1	759	+	186	3444804	18420
chr9	35692023	35892023	harbor1	chr9	35733546	35733649	LINE/CR1	715	+	52	35733598	41575
chr9	35692023	35892023	harbor1	chr9	35733809	35733987	LINE/CR1	715	+	89	35733898	41875
chr9	35692023	35892023	harbor1	chr9	35734244	35734593	LINE/CR1	715	+	174	35734418	42395
chr9	35692023	35892023	harbor1	chr9	35734890	35735087	LINE/CR1	715	+	98	35734988	42965
chr9	35692023	35892023	harbor1	chr9	35762195	35762484	LINE/CR1	571	+	144	35762339	70316
chr9	35692027	35892027	harbor1	chr9	35733546	35733649	LINE/CR1	715	+	52	35733598	41571
chr9	35692027	35892027	harbor1	chr9	35733809	35733987	LINE/CR1	715	+	89	35733898	41871
chr9	35692027	35892027	harbor1	chr9	35734244	35734593	LINE/CR1	715	+	174	35734418	42391
chr9	35692027	35892027	harbor1	chr9	35734890	35735087	LINE/CR1	715	+	98	35734988	42961
chr9	35692027	35892027	harbor1	chr9	35762195	35762484	LINE/CR1	571	+	144	35762339	70312
chr9	35654956	35854956	harbor1	chr9	35659217	35659848	LINE/CR1	804	+	316	35659533	4577
chr9	35654956	35854956	harbor1	chr9	35660145	35660282	LINE/CR1	804	+	68	35660213	5257
chr9	35654956	35854956	harbor1	chr9	35733546	35733649	LINE/CR1	715	+	52	35733598	78642
chr9	35654956	35854956	harbor1	chr9	35733809	35733987	LINE/CR1	715	+	89	35733898	78942
chr9	35654956	35854956	harbor1	chr9	35734244	35734593	LINE/CR1	715	+	174	35734418	79462
chr9	35654956	35854956	harbor1	chr9	35734890	35735087	LINE/CR1	715	+	98	35734988	80032
chr9	124761747	124961747	harbor1	chr9	124849498	124849529	LINE/CR1	991	+	16	124849514	87767
chr9	124761747	124961747	harbor1	chr9	124849837	124850311	LINE/CR1	991	+	237	124850074	88327
chr9	97885166	98085166	harbor1	chr9	97961432	97962024	LINE/CR1	547	+	296	97961728	76562
chr9	104717537	104917537	harbor1	chr9	104797301	104797627	LINE/CR1	506	+	163	104797464	79927
chr9	2521362	2721362	harbor1	chr9	2532881	2532951	LINE/CR1	808	+	35	2532916	11554
chr9	2521362	2721362	harbor1	chr9	2533246	2533657	LINE/CR1	808	+	206	2533452	12090
chr9	1	129273	harbor1	chr9	20085	20518	LINE/CR1	884	+	216	20301	20300
chr9	35654325	35854325	harbor1	chr9	35659217	35659848	LINE/CR1	804	+	316	35659533	5208
chr9	35654325	35854325	harbor1	chr9	35660145	35660282	LINE/CR1	804	+	68	35660213	5888
chr9	35654325	35854325	harbor1	chr9	35733546	35733649	LINE/CR1	715	+	52	35733598	79273
chr9	35654325	35854325	harbor1	chr9	35733809	35733987	LINE/CR1	715	+	89	35733898	79573
chr9	35654325	35854325	harbor1	chr9	35734244	35734593	LINE/CR1	715	+	174	35734418	80093
chr9	35654325	35854325	harbor1	chr9	35734890	35735087	LINE/CR1	715	+	98	35734988	80663
chr9	97885101	98085101	harbor1	chr9	97961432	97962024	LINE/CR1	547	+	296	97961728	76627
chr10	62704867	62904867	harbor1	chr10	62778064	62779258	LINE/CR1	1046	+	597	62778661	73794
chr10	72254310	72454310	harbor1	chr10	72305644	72305911	LINE/CR1	474	+	134	72305778	51468
chr10	95979828	96179828	harbor1	chr10	96063736	96064162	LINE/CR1	656	+	213	96063949	84121
chr10	46006427	46206427	harbor1	chr10	46017864	46018081	LINE/CR1	507	+	108	46017972	11545
chr10	62704945	62904945	harbor1	chr10	62778064	62779258	LINE/CR1	1046	+	597	62778661	73716
chr10	46006339	46206339	harbor1	chr10	46017864	46018081	LINE/CR1	507	+	108	46017972	11633
chr10	62704875	62904875	harbor1	chr10	62778064	62779258	LINE/CR1	1046	+	597	62778661	73786
chr11	57399763	57599763	harbor1	chr11	57485901	57486122	LINE/CR1	443	+	110	57486011	86248
chr11	46034956	46234956	harbor1	chr11	46090368	46090495	LINE/CR1	581	+	64	46090432	55476
chr11	119643315	119843315	harbor1	chr11	119654054	119654246	LINE/CR1	472	+	96	119654150	10835
chr11	119643315	119843315	harbor1	chr11	119655617	119655886	LINE/CR1	459	+	134	119655751	12436
chr11	119643315	119843315	harbor1	chr11	119734533	119734805	LINE/CR1	554	+	136	119734669	91354
chr11	57399760	57599760	harbor1	chr11	57485901	57486122	LINE/CR1	443	+	110	57486011	86251
chr11	57399762	57599762	harbor1	chr11	57485901	57486122	LINE/CR1	443	+	110	57486011	86249
chr11	117886632	118086632	harbor1	chr11	117928514	117928880	LINE/CR1	462	+	183	117928697	42065
chr11	57394202	57594202	harbor1	chr11	57485901	57486122	LINE/CR1	443	+	110	57486011	91809
chr11	119643264	119843264	harbor1	chr11	119654054	119654246	LINE/CR1	472	+	96	119654150	10886
chr11	119643264	119843264	harbor1	chr11	119655617	119655886	LINE/CR1	459	+	134	119655751	12487
chr11	119643264	119843264	harbor1	chr11	119734533	119734805	LINE/CR1	554	+	136	119734669	91405
chr11	19099393	19299393	harbor1	chr11	19107423	19107610	LINE/CR1	411	+	94	19107517	8124
chr11	19099393	19299393	harbor1	chr11	19107914	19108091	LINE/CR1	411	+	88	19108002	8609
chr11	19099393	19299393	harbor1	chr11	19150283	19150458	LINE/CR1	420	+	88	19150371	50978
chr11	19099393	19299393	harbor1	chr11	19161691	19162130	LINE/CR1	786	+	220	19161911	62518
chr11	66158708	66358708	harbor1	chr11	66256822	66257263	LINE/CR1	786	+	220	66257042	98334
chr11	73042808	73242808	harbor1	chr11	73048931	73049206	LINE/CR1	722	+	138	73049069	6261
chr11	72610267	72810267	harbor1	chr11	72609758	72610409	LINE/CR1	816	+	326	72610084	183
chr11	3125267	3325267	harbor1	chr11	3190072	3190283	LINE/CR1	415	+	106	3190178	64911
chr11	47075637	47275637	harbor1	chr11	47079167	47079495	LINE/CR1	1114	+	164	47079331	3694
chr11	47075637	47275637	harbor1	chr11	47085313	47085607	LINE/CR1	900	+	147	47085460	9823
chr11	47075637	47275637	harbor1	chr11	47085890	47086106	LINE/CR1	900	+	108	47085998	10361
chr11	47075637	47275637	harbor1	chr11	47086413	47086481	LINE/CR1	900	+	34	47086447	10810
chr11	47075637	47275637	harbor1	chr11	47093860	47094197	LINE/CR1	1057	+	168	47094028	18391
chr11	3984543	4184543	harbor1	chr11	4067908	4068213	LINE/CR1	450	+	152	4068060	83517
chr11	3116372	3316372	harbor1	chr11	3190072	3190283	LINE/CR1	415	+	106	3190178	73806
chr11	7520537	7720537	harbor1	chr11	7614717	7615053	LINE/CR1	1341	+	168	7614885	94348
chr11	7520537	7720537	harbor1	chr11	7615357	7616126	LINE/CR1	1341	+	384	7615741	95204
chr11	32939956	33139956	harbor1	chr11	32955037	32955244	LINE/CR1	528	+	104	32955141	15185
chr11	3160998	3360998	harbor1	chr11	3190072	3190283	LINE/CR1	415	+	106	3190178	29180
chr11	66158664	66358664	harbor1	chr11	66256822	66257263	LINE/CR1	786	+	220	66257042	98378
chr11	47085613	47285613	harbor1	chr11	47085890	47086106	LINE/CR1	900	+	108	47085998	385
chr11	47085613	47285613	harbor1	chr11	47086413	47086481	LINE/CR1	900	+	34	47086447	834
chr11	47085613	47285613	harbor1	chr11	47093860	47094197	LINE/CR1	1057	+	168	47094028	8415
chr12	1	131655	harbor1	chr12	20007	20440	LINE/CR1	891	+	216	20223	20222
chr12	1	131655	harbor1	chr12	53593	53867	LINE/CR1	628	+	137	53730	53729
chr12	110180833	110380833	harbor1	chr12	110276543	110276874	LINE/CR1	609	+	166	110276709	95876
chr12	110180833	110380833	harbor1	chr12	110277102	110277205	LINE/CR1	609	+	52	110277154	96321
chr12	110180833	110380833	harbor1	chr12	110277505	110277708	LINE/CR1	609	+	102	110277607	96774
chr12	1	127337	harbor1	chr12	20007	20440	LINE/CR1	891	+	216	20223	20222
chr12	1	127337	harbor1	chr12	53593	53867	LINE/CR1	628	+	137	53730	53729
chr12	49467542	49667542	harbor1	chr12	49552627	49552987	LINE/CR1	607	+	180	49552807	85265
chr12	92828990	93028990	harbor1	chr12	92850057	92850248	LINE/CR1	720	+	96	92850153	21163
chr12	89254167	89454167	harbor1	chr12	89339476	89340147	LINE/CR1	898	+	336	89339812	85645
chr12	110178230	110378230	harbor1	chr12	110276543	110276874	LINE/CR1	609	+	166	110276709	98479
chr12	110178230	110378230	harbor1	chr12	110277102	110277205	LINE/CR1	609	+	52	110277154	98924
chr12	110178230	110378230	harbor1	chr12	110277505	110277708	LINE/CR1	609	+	102	110277607	99377
chr12	1	131656	harbor1	chr12	20007	20440	LINE/CR1	891	+	216	20223	20222
chr12	1	131656	harbor1	chr12	53593	53867	LINE/CR1	628	+	137	53730	53729
chr13	36899468	37099468	harbor1	chr13	36982141	36982419	LINE/CR1	517	+	139	36982280	82812
chr13	36893557	37093557	harbor1	chr13	36982141	36982419	LINE/CR1	517	+	139	36982280	88723
chr13	100574884	100774884	harbor1	chr13	100596757	100597157	LINE/CR1	556	+	200	100596957	22073
chr13	50025212	50225212	harbor1	chr13	50059992	50060311	LINE/CR1	533	+	160	50060152	34940
chr13	100574881	100774881	harbor1	chr13	100596757	100597157	LINE/CR1	556	+	200	100596957	22076
chr13	100574914	100774914	harbor1	chr13	100596757	100597157	LINE/CR1	556	+	200	100596957	22043
chr13	21574752	21774752	harbor1	chr13	21623696	21623835	LINE/CR1	464	+	70	21623766	49014
chr13	100574912	100774912	harbor1	chr13	100596757	100597157	LINE/CR1	556	+	200	100596957	22045
chr13	19984869	20184869	harbor1	chr13	20027625	20027958	LINE/CR1	541	+	166	20027791	42922
chr13	50026224	50226224	harbor1	chr13	50059992	50060311	LINE/CR1	533	+	160	50060152	33928
chr13	36899488	37099488	harbor1	chr13	36982141	36982419	LINE/CR1	517	+	139	36982280	82792
chr14	67140824	67340824	harbor1	chr14	67239894	67240205	LINE/CR1	637	+	156	67240050	99226
chr14	66383081	66583081	harbor1	chr14	66473192	66473471	LINE/CR1	622	+	140	66473332	90251
chr14	67140760	67340760	harbor1	chr14	67239894	67240205	LINE/CR1	637	+	156	67240050	99290
chr14	67140882	67340882	harbor1	chr14	67239894	67240205	LINE/CR1	637	+	156	67240050	99168
chr14	54388477	54588477	harbor1	chr14	54425685	54426084	LINE/CR1	536	+	200	54425885	37408
chr14	71625517	71825517	harbor1	chr14	71699540	71699906	LINE/CR1	641	+	183	71699723	74206
chr14	67141311	67341311	harbor1	chr14	67239894	67240205	LINE/CR1	637	+	156	67240050	98739
chr14	50142883	50342883	harbor1	chr14	50193490	50193752	LINE/CR1	526	+	131	50193621	50738
chr14	50142883	50342883	harbor1	chr14	50194045	50194089	LINE/CR1	526	+	22	50194067	51184
chr14	50142883	50342883	harbor1	chr14	50194893	50195363	LINE/CR1	895	+	235	50195128	52245
chr14	99416276	99616276	harbor1	chr14	99440431	99440990	LINE/CR1	479	+	280	99440711	24435
chr14	99416276	99616276	harbor1	chr14	99482904	99483266	LINE/CR1	924	+	181	99483085	66809
chr14	99416276	99616276	harbor1	chr14	99483558	99484022	LINE/CR1	924	+	232	99483790	67514
chr14	100012246	100212246	harbor1	chr14	100087840	100088254	LINE/CR1	906	+	207	100088047	75801
chr14	69474346	69674346	harbor1	chr14	69518643	69518822	LINE/CR1	459	+	90	69518733	44387
chr15	90133990	90333990	harbor1	chr15	90152531	90153049	LINE/CR1	777	+	259	90152790	18800
chr15	90133990	90333990	harbor1	chr15	90197746	90197899	LINE/CR1	495	+	76	90197822	63832
chr15	69713052	69913052	harbor1	chr15	69714167	69714583	LINE/CR1	545	+	208	69714375	1323
chr15	96225435	96425435	harbor1	chr15	96287851	96288251	LINE/CR1	1239	+	200	96288051	62616
chr15	20916532	21116532	harbor1	chr15	20988946	20989226	LINE/CR1	437	+	140	20989086	72554
chr15	74944603	75144603	harbor1	chr15	75037066	75037464	LINE/CR1	501	+	199	75037265	92662
chr15	74944603	75144603	harbor1	chr15	75037738	75038628	LINE/CR1	588	+	445	75038183	93580
chr15	74947211	75147211	harbor1	chr15	75037066	75037464	LINE/CR1	501	+	199	75037265	90054
chr15	74947211	75147211	harbor1	chr15	75037738	75038628	LINE/CR1	588	+	445	75038183	90972
chr16	79309359	79509359	harbor1	chr16	79325629	79325898	LINE/CR1	568	+	134	79325763	16404
chr17	15555287	15755287	harbor1	chr17	15587871	15588073	LINE/CR1	639	+	101	15587972	32685
chr17	15555287	15755287	harbor1	chr17	15624728	15624975	LINE/CR1	703	+	124	15624852	69565
chr17	15555287	15755287	harbor1	chr17	15625214	15625479	LINE/CR1	1192	+	132	15625346	70059
chr17	15555287	15755287	harbor1	chr17	15625768	15625992	LINE/CR1	1192	+	112	15625880	70593
chr17	15555287	15755287	harbor1	chr17	15626285	15626403	LINE/CR1	1192	+	59	15626344	71057
chr17	43590747	43790747	harbor1	chr17	43603443	43603655	LINE/CR1	703	+	106	43603549	12802
chr17	43590747	43790747	harbor1	chr17	43603960	43604153	LINE/CR1	703	+	96	43604056	13309
chr18	79688392	79888392	harbor1	chr18	79785266	79785462	LINE/CR1	414	+	98	79785364	96972
chr18	75105267	75305267	harbor1	chr18	75155715	75156004	LINE/CR1	800	+	144	75155859	50592
chr18	42910981	43110981	harbor1	chr18	43000089	43000539	LINE/CR1	744	+	225	43000314	89333
chr18	42910981	43110981	harbor1	chr18	43000886	43001021	LINE/CR1	744	+	68	43000954	89973
chr18	42910981	43110981	harbor1	chr18	43001095	43001565	LINE/CR1	744	+	235	43001330	90349
chr18	11589068	11789068	harbor1	chr18	11659707	11659940	LINE/CR1	443	+	116	11659823	70755
chr18	48702843	48902843	harbor1	chr18	48713450	48713827	LINE/CR1	692	+	188	48713638	10795
chr19	1	171208	harbor1	chr19	61580	62016	LINE/CR1	846	+	218	61798	61797
chr19	1	160441	harbor1	chr19	61580	62016	LINE/CR1	846	+	218	61798	61797
chr19	1	171197	harbor1	chr19	61580	62016	LINE/CR1	846	+	218	61798	61797
chr20	34903928	35103928	harbor1	chr20	34925859	34925998	LINE/CR1	475	+	70	34925929	22001
chr20	34904026	35104026	harbor1	chr20	34925859	34925998	LINE/CR1	475	+	70	34925929	21903
chr20	43583080	43783080	harbor1	chr20	43596209	43596342	LINE/CR1	471	+	66	43596275	13195
chr20	34901268	35101268	harbor1	chr20	34925859	34925998	LINE/CR1	475	+	70	34925929	24661
chr20	21818150	22018150	harbor1	chr20	21864683	21864936	LINE/CR1	855	+	126	21864809	46659
chr20	5027110	5227110	harbor1	chr20	5061561	5061866	LINE/CR1	514	+	152	5061713	34603
chr21	29198953	29398953	harbor1	chr21	29227725	29228093	LINE/CR1	488	+	184	29227909	28956
chr21	29198953	29398953	harbor1	chr21	29229824	29229944	LINE/CR1	493	+	60	29229884	30931
chr21	29198953	29398953	harbor1	chr21	29228674	29229505	LINE/CR1	493	+	416	29229090	30137
chr21	29199129	29399129	harbor1	chr21	29227725	29228093	LINE/CR1	488	+	184	29227909	28780
chr21	29199129	29399129	harbor1	chr21	29229824	29229944	LINE/CR1	493	+	60	29229884	30755
chr21	29199129	29399129	harbor1	chr21	29228674	29229505	LINE/CR1	493	+	416	29229090	29961
chr21	29198948	29398948	harbor1	chr21	29227725	29228093	LINE/CR1	488	+	184	29227909	28961
chr21	29198948	29398948	harbor1	chr21	29229824	29229944	LINE/CR1	493	+	60	29229884	30936
chr21	29198948	29398948	harbor1	chr21	29228674	29229505	LINE/CR1	493	+	416	29229090	30142
chr21	29199041	29399041	harbor1	chr21	29227725	29228093	LINE/CR1	488	+	184	29227909	28868
chr21	29199041	29399041	harbor1	chr21	29229824	29229944	LINE/CR1	493	+	60	29229884	30843
chr21	29199041	29399041	harbor1	chr21	29228674	29229505	LINE/CR1	493	+	416	29229090	30049
chr21	29199063	29399063	harbor1	chr21	29227725	29228093	LINE/CR1	488	+	184	29227909	28846
chr21	29199063	29399063	harbor1	chr21	29229824	29229944	LINE/CR1	493	+	60	29229884	30821
chr21	29199063	29399063	harbor1	chr21	29228674	29229505	LINE/CR1	493	+	416	29229090	30027
chr21	29198984	29398984	harbor1	chr21	29227725	29228093	LINE/CR1	488	+	184	29227909	28925
chr21	29198984	29398984	harbor1	chr21	29229824	29229944	LINE/CR1	493	+	60	29229884	30900
chr21	29198984	29398984	harbor1	chr21	29228674	29229505	LINE/CR1	493	+	416	29229090	30106
chr22	42772450	42972450	harbor1	chr22	42811832	42811895	LINE/CR1	487	+	32	42811864	39414
chr22	42772450	42972450	harbor1	chr22	42812248	42812783	LINE/CR1	487	+	268	42812516	40066
chr22	26575728	26775728	harbor1	chr22	26654257	26654573	LINE/CR1	782	+	158	26654415	78687
chr22	32075946	32275946	harbor1	chr22	32089530	32089818	LINE/CR1	407	+	144	32089674	13728
chr22	44201115	44401115	harbor1	chr22	44223766	44223894	LINE/CR1	453	+	64	44223830	22715
chr22	42801583	43001583	harbor1	chr22	42811832	42811895	LINE/CR1	487	+	32	42811864	10281
chr22	42801583	43001583	harbor1	chr22	42812248	42812783	LINE/CR1	487	+	268	42812516	10933
chr22	46292061	46492061	harbor1	chr22	46344036	46344687	LINE/CR1	605	+	326	46344362	52301
chr22	45313205	45513205	harbor1	chr22	45370430	45370875	LINE/CR1	550	+	222	45370652	57447
chr22	42784441	42984441	harbor1	chr22	42811832	42811895	LINE/CR1	487	+	32	42811864	27423
chr22	42784441	42984441	harbor1	chr22	42812248	42812783	LINE/CR1	487	+	268	42812516	28075
chrX	72043976	72243976	harbor1	chrX	72133005	72133370	LINE/CR1	957	+	182	72133187	89211
