H_chr	H_start	H_end	Harbor	TE_chr	TE_start	TE_end	TE	score	TE_strand	TE_half	TE_middle_pos	TE_dis
chr1	33553586	33753586	harbor2	chr1	33560445	33560874	LINE/L2	1302	+	214	33560659	7073
chr1	33553586	33753586	harbor2	chr1	33571066	33571282	LINE/L2	494	+	108	33571174	17588
chr1	33553586	33753586	harbor2	chr1	33621021	33621308	LINE/L2	471	+	144	33621165	67579
chr1	33553586	33753586	harbor2	chr1	33638529	33639025	LINE/L2	846	+	248	33638777	85191
chr1	33553586	33753586	harbor2	chr1	33641024	33641333	LINE/L2	619	+	154	33641178	87592
chr1	33553586	33753586	harbor2	chr1	33641793	33641913	LINE/L2	501	+	60	33641853	88267
chr1	16544783	16744783	harbor2	chr1	16614267	16614887	LINE/L2	886	+	310	16614577	69794
chr1	63223447	63423447	harbor2	chr1	63260108	63260429	LINE/L2	464	+	160	63260268	36821
chr1	63223447	63423447	harbor2	chr1	63293264	63293331	LINE/L2	736	+	34	63293298	69851
chr1	63223447	63423447	harbor2	chr1	63293634	63293849	LINE/L2	736	+	108	63293742	70295
chr1	8230832	8430832	harbor2	chr1	8316838	8316991	LINE/L2	488	+	76	8316914	86082
chr1	8230832	8430832	harbor2	chr1	8317284	8317471	LINE/L2	488	+	94	8317378	86546
chr1	21991636	22191636	harbor2	chr1	22000520	22000816	LINE/L2	730	+	148	22000668	9032
chr1	21991636	22191636	harbor2	chr1	22001135	22001237	LINE/L2	730	+	51	22001186	9550
chr1	21991636	22191636	harbor2	chr1	22056055	22056181	LINE/L2	493	+	63	22056118	64482
chr1	51231071	51431071	harbor2	chr1	51240006	51240634	LINE/L2	874	+	314	51240320	9249
chr1	51231071	51431071	harbor2	chr1	51297626	51298239	LINE/L2	462	+	306	51297932	66861
chr1	51231071	51431071	harbor2	chr1	51315658	51315867	LINE/L2	447	+	104	51315762	84691
chr1	51231071	51431071	harbor2	chr1	51322382	51322569	LINE/L2	727	+	94	51322476	91405
chr1	16544721	16744721	harbor2	chr1	16614267	16614887	LINE/L2	886	+	310	16614577	69856
chr1	16545193	16745193	harbor2	chr1	16614267	16614887	LINE/L2	886	+	310	16614577	69384
chr1	16544779	16744779	harbor2	chr1	16614267	16614887	LINE/L2	886	+	310	16614577	69798
chr1	44562804	44762804	harbor2	chr1	44568128	44568332	LINE/L2	587	+	102	44568230	5426
chr1	44562804	44762804	harbor2	chr1	44570562	44570791	LINE/L2	748	+	114	44570676	7872
chr1	44562804	44762804	harbor2	chr1	44571095	44571591	LINE/L2	955	+	248	44571343	8539
chr1	44562804	44762804	harbor2	chr1	44571591	44572085	LINE/L2	875	+	247	44571838	9034
chr1	44562804	44762804	harbor2	chr1	44606501	44607482	LINE/L2	1459	+	490	44606991	44187
chr1	44562804	44762804	harbor2	chr1	44607789	44607925	LINE/L2	1459	+	68	44607857	45053
chr1	44562804	44762804	harbor2	chr1	44608224	44608391	LINE/L2	502	+	84	44608308	45504
chr1	16597141	16797141	harbor2	chr1	16614267	16614887	LINE/L2	886	+	310	16614577	17436
chr1	89907751	90107751	harbor2	chr1	89911709	89912108	LINE/L2	621	+	200	89911909	4158
chr1	89907751	90107751	harbor2	chr1	89925987	89926251	LINE/L2	508	+	132	89926119	18368
chr1	89907751	90107751	harbor2	chr1	89926320	89926431	LINE/L2	508	+	56	89926376	18625
chr1	193014143	193214143	harbor2	chr1	193042524	193042835	LINE/L2	509	+	156	193042680	28537
chr1	193014143	193214143	harbor2	chr1	193044163	193044334	LINE/L2	438	+	86	193044249	30106
chr1	193014143	193214143	harbor2	chr1	193066154	193066700	LINE/L2	494	+	273	193066427	52284
chr1	16544785	16744785	harbor2	chr1	16614267	16614887	LINE/L2	886	+	310	16614577	69792
chr1	230009530	230209530	harbor2	chr1	230013526	230013743	LINE/L2	601	+	108	230013634	4104
chr1	230009530	230209530	harbor2	chr1	230052306	230052836	LINE/L2	584	+	265	230052571	43041
chr1	16603811	16803811	harbor2	chr1	16614267	16614887	LINE/L2	886	+	310	16614577	10766
chr1	16545192	16745192	harbor2	chr1	16614267	16614887	LINE/L2	886	+	310	16614577	69385
chr1	16544750	16744750	harbor2	chr1	16614267	16614887	LINE/L2	886	+	310	16614577	69827
chr1	77659514	77859514	harbor2	chr1	77683874	77684215	LINE/L2	692	+	170	77684044	24530
chr1	77659514	77859514	harbor2	chr1	77703074	77703345	LINE/L2	762	+	136	77703210	43696
chr1	77659514	77859514	harbor2	chr1	77703646	77703760	LINE/L2	762	+	57	77703703	44189
chr1	77659514	77859514	harbor2	chr1	77732263	77732784	LINE/L2	736	+	260	77732523	73009
chr1	16544770	16744770	harbor2	chr1	16614267	16614887	LINE/L2	886	+	310	16614577	69807
chr1	6689234	6889234	harbor2	chr1	6725914	6726595	LINE/L2	1079	+	340	6726254	37020
chr1	6689234	6889234	harbor2	chr1	6726893	6727074	LINE/L2	1079	+	90	6726983	37749
chr1	6689234	6889234	harbor2	chr1	6727397	6727492	LINE/L2	1079	+	48	6727445	38211
chr1	6689234	6889234	harbor2	chr1	6773478	6773493	LINE/L2	756	+	8	6773486	84252
chr1	6689234	6889234	harbor2	chr1	6773656	6773718	LINE/L2	756	+	31	6773687	84453
chr1	6689234	6889234	harbor2	chr1	6774018	6774246	LINE/L2	756	+	114	6774132	84898
chr1	6689234	6889234	harbor2	chr1	6775065	6775103	LINE/L2	1183	+	19	6775084	85850
chr1	6689234	6889234	harbor2	chr1	6775408	6775809	LINE/L2	1183	+	200	6775608	86374
chr1	6689234	6889234	harbor2	chr1	6776761	6777153	LINE/L2	930	+	196	6776957	87723
chr1	6689234	6889234	harbor2	chr1	6777463	6777685	LINE/L2	930	+	111	6777574	88340
chr1	17341836	17541836	harbor2	chr1	17349800	17350240	LINE/L2	650	+	220	17350020	8184
chr1	17341836	17541836	harbor2	chr1	17377474	17378357	LINE/L2	746	+	442	17377916	36080
chr1	16544787	16744787	harbor2	chr1	16614267	16614887	LINE/L2	886	+	310	16614577	69790
chr1	16545135	16745135	harbor2	chr1	16614267	16614887	LINE/L2	886	+	310	16614577	69442
chr1	3679565	3879565	harbor2	chr1	3745160	3745599	LINE/L2	630	+	220	3745380	65815
chr1	16545197	16745197	harbor2	chr1	16614267	16614887	LINE/L2	886	+	310	16614577	69380
chr1	53847484	54047484	harbor2	chr1	53850395	53850521	LINE/L2	546	+	63	53850458	2974
chr1	53847484	54047484	harbor2	chr1	53875532	53876062	LINE/L2	1096	+	265	53875797	28313
chr1	53847484	54047484	harbor2	chr1	53892981	53893316	LINE/L2	509	+	168	53893149	45665
chr1	53847484	54047484	harbor2	chr1	53894799	53895134	LINE/L2	519	+	168	53894967	47483
chr1	53847484	54047484	harbor2	chr1	53901977	53902482	LINE/L2	568	+	252	53902229	54745
chr1	26401378	26601378	harbor2	chr1	26404775	26404950	LINE/L2	578	+	88	26404863	3485
chr1	26401378	26601378	harbor2	chr1	26406419	26406539	LINE/L2	438	+	60	26406479	5101
chr1	26401378	26601378	harbor2	chr1	26484833	26485443	LINE/L2	878	+	305	26485138	83760
chr1	26401378	26601378	harbor2	chr1	26498981	26499145	LINE/L2	578	+	82	26499063	97685
chr1	16544771	16744771	harbor2	chr1	16614267	16614887	LINE/L2	886	+	310	16614577	69806
chr1	244605778	244805778	harbor2	chr1	244610624	244610744	LINE/L2	735	+	60	244610684	4906
chr1	244605778	244805778	harbor2	chr1	244611060	244611246	LINE/L2	735	+	93	244611153	5375
chr1	244605778	244805778	harbor2	chr1	244636948	244639404	LINE/L2	830	+	1228	244638176	32398
chr1	244605778	244805778	harbor2	chr1	244650248	244650843	LINE/L2	523	+	298	244650546	44768
chr1	244605778	244805778	harbor2	chr1	244651136	244651370	LINE/L2	448	+	117	244651253	45475
chr1	244605778	244805778	harbor2	chr1	244651809	244652213	LINE/L2	560	+	202	244652011	46233
chr1	244605778	244805778	harbor2	chr1	244665908	244666449	LINE/L2	1258	+	270	244666178	60400
chr1	6685470	6885470	harbor2	chr1	6725914	6726595	LINE/L2	1079	+	340	6726254	40784
chr1	6685470	6885470	harbor2	chr1	6726893	6727074	LINE/L2	1079	+	90	6726983	41513
chr1	6685470	6885470	harbor2	chr1	6727397	6727492	LINE/L2	1079	+	48	6727445	41975
chr1	6685470	6885470	harbor2	chr1	6773478	6773493	LINE/L2	756	+	8	6773486	88016
chr1	6685470	6885470	harbor2	chr1	6773656	6773718	LINE/L2	756	+	31	6773687	88217
chr1	6685470	6885470	harbor2	chr1	6774018	6774246	LINE/L2	756	+	114	6774132	88662
chr1	6685470	6885470	harbor2	chr1	6775065	6775103	LINE/L2	1183	+	19	6775084	89614
chr1	6685470	6885470	harbor2	chr1	6775408	6775809	LINE/L2	1183	+	200	6775608	90138
chr1	6685470	6885470	harbor2	chr1	6776761	6777153	LINE/L2	930	+	196	6776957	91487
chr1	6685470	6885470	harbor2	chr1	6777463	6777685	LINE/L2	930	+	111	6777574	92104
chr1	240671354	240871354	harbor2	chr1	240694254	240694453	LINE/L2	454	+	100	240694354	23000
chr1	240671354	240871354	harbor2	chr1	240706537	240706839	LINE/L2	547	+	151	240706688	35334
chr1	156560138	156760138	harbor2	chr1	156651065	156651309	LINE/L2	489	+	122	156651187	91049
chr1	6135664	6335664	harbor2	chr1	6142668	6142988	LINE/L2	572	+	160	6142828	7164
chr1	6135664	6335664	harbor2	chr1	6216419	6216560	LINE/L2	1078	+	70	6216489	80825
chr1	6135664	6335664	harbor2	chr1	6217165	6217720	LINE/L2	1078	+	278	6217443	81779
chr1	16625198	16825198	harbor2	chr1	16716119	16716227	LINE/L2	510	+	54	16716173	90975
chr1	156560141	156760141	harbor2	chr1	156651065	156651309	LINE/L2	489	+	122	156651187	91046
chr1	6685464	6885464	harbor2	chr1	6725914	6726595	LINE/L2	1079	+	340	6726254	40790
chr1	6685464	6885464	harbor2	chr1	6726893	6727074	LINE/L2	1079	+	90	6726983	41519
chr1	6685464	6885464	harbor2	chr1	6727397	6727492	LINE/L2	1079	+	48	6727445	41981
chr1	6685464	6885464	harbor2	chr1	6773478	6773493	LINE/L2	756	+	8	6773486	88022
chr1	6685464	6885464	harbor2	chr1	6773656	6773718	LINE/L2	756	+	31	6773687	88223
chr1	6685464	6885464	harbor2	chr1	6774018	6774246	LINE/L2	756	+	114	6774132	88668
chr1	6685464	6885464	harbor2	chr1	6775065	6775103	LINE/L2	1183	+	19	6775084	89620
chr1	6685464	6885464	harbor2	chr1	6775408	6775809	LINE/L2	1183	+	200	6775608	90144
chr1	6685464	6885464	harbor2	chr1	6776761	6777153	LINE/L2	930	+	196	6776957	91493
chr1	6685464	6885464	harbor2	chr1	6777463	6777685	LINE/L2	930	+	111	6777574	92110
chr1	53374991	53574991	harbor2	chr1	53454243	53454483	LINE/L2	442	+	120	53454363	79372
chr1	16545159	16745159	harbor2	chr1	16614267	16614887	LINE/L2	886	+	310	16614577	69418
chr1	225783160	225983160	harbor2	chr1	225820588	225820964	LINE/L2	468	+	188	225820776	37616
chr1	23859371	24059371	harbor2	chr1	23879744	23880185	LINE/L2	1029	+	220	23879964	20593
chr1	23859371	24059371	harbor2	chr1	23880474	23880562	LINE/L2	696	+	44	23880518	21147
chr1	23859371	24059371	harbor2	chr1	23926293	23926350	LINE/L2	712	+	28	23926321	66950
chr1	23859371	24059371	harbor2	chr1	23926660	23926854	LINE/L2	712	+	97	23926757	67386
chr1	53944027	54144027	harbor2	chr1	54028363	54028894	LINE/L2	446	+	266	54028629	84602
chr1	211034336	211234336	harbor2	chr1	211040745	211041338	LINE/L2	871	+	296	211041041	6705
chr1	211034336	211234336	harbor2	chr1	211041363	211041752	LINE/L2	560	+	194	211041557	7221
chr1	211034336	211234336	harbor2	chr1	211100954	211101300	LINE/L2	449	+	173	211101127	66791
chr1	211034336	211234336	harbor2	chr1	211042055	211042449	LINE/L2	560	+	197	211042252	7916
chr1	201845418	202045418	harbor2	chr1	201914563	201915555	LINE/L2	844	+	496	201915059	69641
chr1	201845418	202045418	harbor2	chr1	201934335	201935076	LINE/L2	1577	+	370	201934705	89287
chr1	201845418	202045418	harbor2	chr1	201935360	201935541	LINE/L2	1150	+	90	201935450	90032
chr1	201845418	202045418	harbor2	chr1	201936123	201936654	LINE/L2	1150	+	266	201936389	90971
chr1	201845418	202045418	harbor2	chr1	201936952	201937165	LINE/L2	848	+	106	201937058	91640
chr1	201845418	202045418	harbor2	chr1	201937477	201937488	LINE/L2	848	+	6	201937483	92065
chr1	201845418	202045418	harbor2	chr1	201937783	201937895	LINE/L2	848	+	56	201937839	92421
chr1	226638243	226838243	harbor2	chr1	226666723	226667280	LINE/L2	563	+	278	226667001	28758
chr1	6685487	6885487	harbor2	chr1	6725914	6726595	LINE/L2	1079	+	340	6726254	40767
chr1	6685487	6885487	harbor2	chr1	6726893	6727074	LINE/L2	1079	+	90	6726983	41496
chr1	6685487	6885487	harbor2	chr1	6727397	6727492	LINE/L2	1079	+	48	6727445	41958
chr1	6685487	6885487	harbor2	chr1	6773478	6773493	LINE/L2	756	+	8	6773486	87999
chr1	6685487	6885487	harbor2	chr1	6773656	6773718	LINE/L2	756	+	31	6773687	88200
chr1	6685487	6885487	harbor2	chr1	6774018	6774246	LINE/L2	756	+	114	6774132	88645
chr1	6685487	6885487	harbor2	chr1	6775065	6775103	LINE/L2	1183	+	19	6775084	89597
chr1	6685487	6885487	harbor2	chr1	6775408	6775809	LINE/L2	1183	+	200	6775608	90121
chr1	6685487	6885487	harbor2	chr1	6776761	6777153	LINE/L2	930	+	196	6776957	91470
chr1	6685487	6885487	harbor2	chr1	6777463	6777685	LINE/L2	930	+	111	6777574	92087
chr1	16544788	16744788	harbor2	chr1	16614267	16614887	LINE/L2	886	+	310	16614577	69789
chr1	46124232	46324232	harbor2	chr1	46154663	46155039	LINE/L2	522	+	188	46154851	30619
chr1	46124232	46324232	harbor2	chr1	46155349	46155420	LINE/L2	522	+	36	46155385	31153
chr1	46124232	46324232	harbor2	chr1	46195172	46195665	LINE/L2	1475	+	246	46195418	71186
chr1	46124232	46324232	harbor2	chr1	46200202	46200503	LINE/L2	483	+	150	46200352	76120
chr1	54391077	54591077	harbor2	chr1	54414029	54414245	LINE/L2	561	+	108	54414137	23060
chr1	54391077	54591077	harbor2	chr1	54416953	54417075	LINE/L2	566	+	61	54417014	25937
chr1	54391077	54591077	harbor2	chr1	54456880	54457188	LINE/L2	540	+	154	54457034	65957
chr1	54391077	54591077	harbor2	chr1	54459432	54459648	LINE/L2	477	+	108	54459540	68463
chr1	6685468	6885468	harbor2	chr1	6725914	6726595	LINE/L2	1079	+	340	6726254	40786
chr1	6685468	6885468	harbor2	chr1	6726893	6727074	LINE/L2	1079	+	90	6726983	41515
chr1	6685468	6885468	harbor2	chr1	6727397	6727492	LINE/L2	1079	+	48	6727445	41977
chr1	6685468	6885468	harbor2	chr1	6773478	6773493	LINE/L2	756	+	8	6773486	88018
chr1	6685468	6885468	harbor2	chr1	6773656	6773718	LINE/L2	756	+	31	6773687	88219
chr1	6685468	6885468	harbor2	chr1	6774018	6774246	LINE/L2	756	+	114	6774132	88664
chr1	6685468	6885468	harbor2	chr1	6775065	6775103	LINE/L2	1183	+	19	6775084	89616
chr1	6685468	6885468	harbor2	chr1	6775408	6775809	LINE/L2	1183	+	200	6775608	90140
chr1	6685468	6885468	harbor2	chr1	6776761	6777153	LINE/L2	930	+	196	6776957	91489
chr1	6685468	6885468	harbor2	chr1	6777463	6777685	LINE/L2	930	+	111	6777574	92106
chr1	6871137	7071137	harbor2	chr1	6895241	6895991	LINE/L2	612	+	375	6895616	24479
chr1	6871137	7071137	harbor2	chr1	6928615	6928973	LINE/L2	475	+	179	6928794	57657
chr1	6871137	7071137	harbor2	chr1	6943448	6943537	LINE/L2	472	+	44	6943492	72355
chr1	6871137	7071137	harbor2	chr1	6945019	6945162	LINE/L2	451	+	72	6945091	73954
chr1	6871137	7071137	harbor2	chr1	6960509	6960772	LINE/L2	590	+	132	6960641	89504
chr1	65260750	65460750	harbor2	chr1	65263871	65264136	LINE/L2	528	+	132	65264003	3253
chr1	65260750	65460750	harbor2	chr1	65264372	65264509	LINE/L2	440	+	68	65264440	3690
chr1	65260750	65460750	harbor2	chr1	65316257	65316598	LINE/L2	488	+	170	65316427	55677
chr1	160440370	160640370	harbor2	chr1	160474560	160475147	LINE/L2	716	+	294	160474854	34484
chr1	160440370	160640370	harbor2	chr1	160492636	160493635	LINE/L2	2370	+	500	160493136	52766
chr1	160440370	160640370	harbor2	chr1	160500255	160500771	LINE/L2	1337	+	258	160500513	60143
chr1	160440370	160640370	harbor2	chr1	160520815	160521063	LINE/L2	506	+	124	160520939	80569
chr1	160440370	160640370	harbor2	chr1	160521598	160522051	LINE/L2	726	+	226	160521824	81454
chr1	168036739	168236739	harbor2	chr1	168071696	168072021	LINE/L2	525	+	162	168071858	35119
chr1	168036739	168236739	harbor2	chr1	168072326	168072641	LINE/L2	470	+	158	168072484	35745
chr1	168036739	168236739	harbor2	chr1	168122038	168122991	LINE/L2	1897	+	476	168122514	85775
chr1	16544790	16744790	harbor2	chr1	16614267	16614887	LINE/L2	886	+	310	16614577	69787
chr1	16545176	16745176	harbor2	chr1	16614267	16614887	LINE/L2	886	+	310	16614577	69401
chr1	16545073	16745073	harbor2	chr1	16614267	16614887	LINE/L2	886	+	310	16614577	69504
chr1	53939662	54139662	harbor2	chr1	54028363	54028894	LINE/L2	446	+	266	54028629	88967
chr1	226011849	226211849	harbor2	chr1	226060609	226060722	LINE/L2	492	+	56	226060665	48816
chr1	226011849	226211849	harbor2	chr1	226104599	226105289	LINE/L2	1651	+	345	226104944	93095
chr1	226011849	226211849	harbor2	chr1	226107501	226108147	LINE/L2	1694	+	323	226107824	95975
chr1	226011849	226211849	harbor2	chr1	226109093	226109510	LINE/L2	1124	+	208	226109301	97452
chr1	16617135	16817135	harbor2	chr1	16716119	16716227	LINE/L2	510	+	54	16716173	99038
chr1	205330793	205530793	harbor2	chr1	205376235	205376646	LINE/L2	724	+	206	205376441	45648
chr1	2989858	3189858	harbor2	chr1	3058349	3058791	LINE/L2	976	+	221	3058570	68712
chr1	16545165	16745165	harbor2	chr1	16614267	16614887	LINE/L2	886	+	310	16614577	69412
chr1	16546378	16746378	harbor2	chr1	16614267	16614887	LINE/L2	886	+	310	16614577	68199
chr1	16544815	16744815	harbor2	chr1	16614267	16614887	LINE/L2	886	+	310	16614577	69762
chr1	33270603	33470603	harbor2	chr1	33271201	33271454	LINE/L2	599	+	126	33271327	724
chr1	33270603	33470603	harbor2	chr1	33281947	33282336	LINE/L2	744	+	194	33282141	11538
chr1	33270603	33470603	harbor2	chr1	33293879	33294147	LINE/L2	649	+	134	33294013	23410
chr1	211033758	211233758	harbor2	chr1	211040745	211041338	LINE/L2	871	+	296	211041041	7283
chr1	211033758	211233758	harbor2	chr1	211041363	211041752	LINE/L2	560	+	194	211041557	7799
chr1	211033758	211233758	harbor2	chr1	211100954	211101300	LINE/L2	449	+	173	211101127	67369
chr1	211033758	211233758	harbor2	chr1	211042055	211042449	LINE/L2	560	+	197	211042252	8494
chr1	3696450	3896450	harbor2	chr1	3745160	3745599	LINE/L2	630	+	220	3745380	48930
chr1	16546331	16746331	harbor2	chr1	16614267	16614887	LINE/L2	886	+	310	16614577	68246
chr1	154985521	155185521	harbor2	chr1	155024641	155024866	LINE/L2	645	+	112	155024753	39232
chr1	154985521	155185521	harbor2	chr1	155025175	155025301	LINE/L2	645	+	63	155025238	39717
chr1	154985521	155185521	harbor2	chr1	155038608	155038856	LINE/L2	493	+	124	155038732	53211
chr1	19188141	19388141	harbor2	chr1	19190454	19191187	LINE/L2	1256	+	366	19190820	2679
chr1	19188141	19388141	harbor2	chr1	19191492	19191697	LINE/L2	837	+	102	19191594	3453
chr1	19188141	19388141	harbor2	chr1	19220255	19220670	LINE/L2	1214	+	208	19220463	32322
chr1	19188141	19388141	harbor2	chr1	19223931	19225232	LINE/L2	2577	+	650	19224581	36440
chr1	19188141	19388141	harbor2	chr1	19230592	19230704	LINE/L2	438	+	56	19230648	42507
chr1	10693996	10893996	harbor2	chr1	10753854	10754414	LINE/L2	913	+	280	10754134	60138
chr1	10693996	10893996	harbor2	chr1	10757269	10757505	LINE/L2	715	+	118	10757387	63391
chr1	10693996	10893996	harbor2	chr1	10757812	10758290	LINE/L2	715	+	239	10758051	64055
chr1	10693996	10893996	harbor2	chr1	10763533	10763781	LINE/L2	490	+	124	10763657	69661
chr1	89425677	89625677	harbor2	chr1	89434252	89434658	LINE/L2	553	+	203	89434455	8778
chr1	89425677	89625677	harbor2	chr1	89434681	89435429	LINE/L2	1130	+	374	89435055	9378
chr1	16544753	16744753	harbor2	chr1	16614267	16614887	LINE/L2	886	+	310	16614577	69824
chr1	16544725	16744725	harbor2	chr1	16614267	16614887	LINE/L2	886	+	310	16614577	69852
chr1	145858041	146058041	harbor2	chr1	145913870	145914093	LINE/L2	1190	+	112	145913982	55941
chr1	145858041	146058041	harbor2	chr1	145914403	145914897	LINE/L2	1354	+	247	145914650	56609
chr1	145858041	146058041	harbor2	chr1	145915204	145915297	LINE/L2	1354	+	46	145915250	57209
chr1	145858041	146058041	harbor2	chr1	145915513	145915614	LINE/L2	689	+	50	145915563	57522
chr1	145858041	146058041	harbor2	chr1	145915933	145916530	LINE/L2	689	+	298	145916231	58190
chr1	145858041	146058041	harbor2	chr1	145930012	145930160	LINE/L2	456	+	74	145930086	72045
chr1	16660930	16860930	harbor2	chr1	16716119	16716227	LINE/L2	510	+	54	16716173	55243
chr1	202857893	203057893	harbor2	chr1	202882697	202882867	LINE/L2	554	+	85	202882782	24889
chr1	53371603	53571603	harbor2	chr1	53454243	53454483	LINE/L2	442	+	120	53454363	82760
chr1	204585865	204785865	harbor2	chr1	204587744	204588136	LINE/L2	464	+	196	204587940	2075
chr1	204585865	204785865	harbor2	chr1	204612867	204613475	LINE/L2	931	+	304	204613171	27306
chr1	204585865	204785865	harbor2	chr1	204644511	204644787	LINE/L2	470	+	138	204644649	58784
chr1	204585865	204785865	harbor2	chr1	204678454	204679007	LINE/L2	903	+	276	204678730	92865
chr1	204585865	204785865	harbor2	chr1	204681583	204681693	LINE/L2	484	+	55	204681638	95773
chr1	16544708	16744708	harbor2	chr1	16614267	16614887	LINE/L2	886	+	310	16614577	69869
chr1	205492013	205692013	harbor2	chr1	205502081	205502327	LINE/L2	530	+	123	205502204	10191
chr1	205492013	205692013	harbor2	chr1	205517442	205518390	LINE/L2	1302	+	474	205517916	25903
chr1	17636788	17836788	harbor2	chr1	17663901	17664158	LINE/L2	483	+	128	17664029	27241
chr1	17636788	17836788	harbor2	chr1	17685191	17685726	LINE/L2	675	+	268	17685459	48671
chr1	17636788	17836788	harbor2	chr1	17692326	17692995	LINE/L2	785	+	334	17692660	55872
chr1	17636788	17836788	harbor2	chr1	17735350	17735755	LINE/L2	724	+	202	17735552	98764
chr1	154985525	155185525	harbor2	chr1	155024641	155024866	LINE/L2	645	+	112	155024753	39228
chr1	154985525	155185525	harbor2	chr1	155025175	155025301	LINE/L2	645	+	63	155025238	39713
chr1	154985525	155185525	harbor2	chr1	155038608	155038856	LINE/L2	493	+	124	155038732	53207
chr1	216443727	216643727	harbor2	chr1	216527935	216528050	LINE/L2	543	+	58	216527993	84266
chr1	216443727	216643727	harbor2	chr1	216539442	216539729	LINE/L2	539	+	144	216539586	95859
chr1	16625110	16825110	harbor2	chr1	16716119	16716227	LINE/L2	510	+	54	16716173	91063
chr1	211033756	211233756	harbor2	chr1	211040745	211041338	LINE/L2	871	+	296	211041041	7285
chr1	211033756	211233756	harbor2	chr1	211041363	211041752	LINE/L2	560	+	194	211041557	7801
chr1	211033756	211233756	harbor2	chr1	211100954	211101300	LINE/L2	449	+	173	211101127	67371
chr1	211033756	211233756	harbor2	chr1	211042055	211042449	LINE/L2	560	+	197	211042252	8496
chr1	16661815	16861815	harbor2	chr1	16716119	16716227	LINE/L2	510	+	54	16716173	54358
chr1	16544789	16744789	harbor2	chr1	16614267	16614887	LINE/L2	886	+	310	16614577	69788
chr1	53371621	53571621	harbor2	chr1	53454243	53454483	LINE/L2	442	+	120	53454363	82742
chr1	16544734	16744734	harbor2	chr1	16614267	16614887	LINE/L2	886	+	310	16614577	69843
chr1	18514441	18714441	harbor2	chr1	18530945	18531711	LINE/L2	636	+	383	18531328	16887
chr1	18514441	18714441	harbor2	chr1	18544270	18544414	LINE/L2	630	+	72	18544342	29901
chr1	18514441	18714441	harbor2	chr1	18546994	18547214	LINE/L2	506	+	110	18547104	32663
chr1	18514441	18714441	harbor2	chr1	18555919	18556371	LINE/L2	671	+	226	18556145	41704
chr1	18514441	18714441	harbor2	chr1	18573499	18573879	LINE/L2	628	+	190	18573689	59248
chr1	53227374	53427374	harbor2	chr1	53236234	53236787	LINE/L2	543	+	276	53236510	9136
chr1	53227374	53427374	harbor2	chr1	53236806	53236949	LINE/L2	949	+	72	53236878	9504
chr1	53227374	53427374	harbor2	chr1	53237249	53237392	LINE/L2	949	+	72	53237321	9947
chr1	53227374	53427374	harbor2	chr1	53237694	53238196	LINE/L2	1095	+	251	53237945	10571
chr1	53227374	53427374	harbor2	chr1	53249640	53249867	LINE/L2	518	+	114	53249754	22380
chr1	53227374	53427374	harbor2	chr1	53250965	53251275	LINE/L2	523	+	155	53251120	23746
chr1	53227374	53427374	harbor2	chr1	53254266	53254681	LINE/L2	708	+	208	53254474	27100
chr1	53227374	53427374	harbor2	chr1	53268604	53269303	LINE/L2	2254	+	350	53268954	41580
chr1	53227374	53427374	harbor2	chr1	53269611	53269922	LINE/L2	1651	+	156	53269767	42393
chr1	16545038	16745038	harbor2	chr1	16614267	16614887	LINE/L2	886	+	310	16614577	69539
chr1	36756807	36956807	harbor2	chr1	36761460	36761643	LINE/L2	559	+	92	36761552	4745
chr1	36756807	36956807	harbor2	chr1	36761936	36761948	LINE/L2	470	+	6	36761942	5135
chr1	36756807	36956807	harbor2	chr1	36769935	36770401	LINE/L2	1563	+	233	36770168	13361
chr1	36756807	36956807	harbor2	chr1	36831558	36831624	LINE/L2	451	+	33	36831591	74784
chr1	36756807	36956807	harbor2	chr1	36831838	36832305	LINE/L2	451	+	234	36832072	75265
chr1	94138719	94338719	harbor2	chr1	94233309	94233699	LINE/L2	602	+	195	94233504	94785
chr1	145758969	145958969	harbor2	chr1	145759050	145760138	LINE/L2	1975	+	544	145759594	625
chr1	145758969	145958969	harbor2	chr1	145793462	145793838	LINE/L2	659	+	188	145793650	34681
chr1	145758969	145958969	harbor2	chr1	145794144	145794481	LINE/L2	659	+	168	145794312	35343
chr1	145758969	145958969	harbor2	chr1	145829158	145829776	LINE/L2	706	+	309	145829467	70498
chr1	211034401	211234401	harbor2	chr1	211040745	211041338	LINE/L2	871	+	296	211041041	6640
chr1	211034401	211234401	harbor2	chr1	211041363	211041752	LINE/L2	560	+	194	211041557	7156
chr1	211034401	211234401	harbor2	chr1	211100954	211101300	LINE/L2	449	+	173	211101127	66726
chr1	211034401	211234401	harbor2	chr1	211042055	211042449	LINE/L2	560	+	197	211042252	7851
chr1	39855819	40055819	harbor2	chr1	39904338	39904468	LINE/L2	473	+	65	39904403	48584
chr1	39855819	40055819	harbor2	chr1	39934320	39934532	LINE/L2	441	+	106	39934426	78607
chr1	157038937	157238937	harbor2	chr1	157095991	157096433	LINE/L2	618	+	221	157096212	57275
chr1	43458974	43658974	harbor2	chr1	43546694	43547214	LINE/L2	722	+	260	43546954	87980
chr1	16544754	16744754	harbor2	chr1	16614267	16614887	LINE/L2	886	+	310	16614577	69823
chr1	53371668	53571668	harbor2	chr1	53454243	53454483	LINE/L2	442	+	120	53454363	82695
chr1	154985519	155185519	harbor2	chr1	155024641	155024866	LINE/L2	645	+	112	155024753	39234
chr1	154985519	155185519	harbor2	chr1	155025175	155025301	LINE/L2	645	+	63	155025238	39719
chr1	154985519	155185519	harbor2	chr1	155038608	155038856	LINE/L2	493	+	124	155038732	53213
chr1	6351783	6551783	harbor2	chr1	6397755	6398157	LINE/L2	1621	+	201	6397956	46173
chr1	6351783	6551783	harbor2	chr1	6398448	6398464	LINE/L2	1621	+	8	6398456	46673
chr1	6351783	6551783	harbor2	chr1	6398770	6399550	LINE/L2	1621	+	390	6399160	47377
chr1	727513	927513	harbor2	chr1	751018	751625	LINE/L2	1446	+	304	751322	23809
chr1	204636318	204836318	harbor2	chr1	204644511	204644787	LINE/L2	470	+	138	204644649	8331
chr1	204636318	204836318	harbor2	chr1	204678454	204679007	LINE/L2	903	+	276	204678730	42412
chr1	204636318	204836318	harbor2	chr1	204681583	204681693	LINE/L2	484	+	55	204681638	45320
chr1	204636318	204836318	harbor2	chr1	204699574	204699824	LINE/L2	642	+	125	204699699	63381
chr1	47352962	47552962	harbor2	chr1	47371245	47372016	LINE/L2	667	+	386	47371631	18669
chr1	47352962	47552962	harbor2	chr1	47384100	47384304	LINE/L2	465	+	102	47384202	31240
chr1	47352962	47552962	harbor2	chr1	47401007	47401575	LINE/L2	1296	+	284	47401291	48329
chr1	15277447	15477447	harbor2	chr1	15367801	15367955	LINE/L2	490	+	77	15367878	90431
chr1	15277447	15477447	harbor2	chr1	15368274	15368393	LINE/L2	490	+	60	15368334	90887
chr1	15277447	15477447	harbor2	chr1	15372793	15373048	LINE/L2	695	+	128	15372921	95474
chr1	116384166	116584166	harbor2	chr1	116432402	116432910	LINE/L2	1204	+	254	116432656	48490
chr1	116384166	116584166	harbor2	chr1	116448441	116448688	LINE/L2	512	+	124	116448565	64399
chr1	116384166	116584166	harbor2	chr1	116470055	116470379	LINE/L2	505	+	162	116470217	86051
chr1	160901756	161101756	harbor2	chr1	160929646	160930220	LINE/L2	1127	+	287	160929933	28177
chr1	160901756	161101756	harbor2	chr1	160930346	160930531	LINE/L2	1127	+	92	160930438	28682
chr1	153261923	153461923	harbor2	chr1	153303422	153303619	LINE/L2	763	+	98	153303520	41597
chr1	153261923	153461923	harbor2	chr1	153341196	153341368	LINE/L2	595	+	86	153341282	79359
chr1	211033759	211233759	harbor2	chr1	211040745	211041338	LINE/L2	871	+	296	211041041	7282
chr1	211033759	211233759	harbor2	chr1	211041363	211041752	LINE/L2	560	+	194	211041557	7798
chr1	211033759	211233759	harbor2	chr1	211100954	211101300	LINE/L2	449	+	173	211101127	67368
chr1	211033759	211233759	harbor2	chr1	211042055	211042449	LINE/L2	560	+	197	211042252	8493
chr1	16625199	16825199	harbor2	chr1	16716119	16716227	LINE/L2	510	+	54	16716173	90974
chr1	211034198	211234198	harbor2	chr1	211040745	211041338	LINE/L2	871	+	296	211041041	6843
chr1	211034198	211234198	harbor2	chr1	211041363	211041752	LINE/L2	560	+	194	211041557	7359
chr1	211034198	211234198	harbor2	chr1	211100954	211101300	LINE/L2	449	+	173	211101127	66929
chr1	211034198	211234198	harbor2	chr1	211042055	211042449	LINE/L2	560	+	197	211042252	8054
chr1	6086924	6286924	harbor2	chr1	6116035	6116266	LINE/L2	496	+	116	6116151	29227
chr1	6086924	6286924	harbor2	chr1	6142668	6142988	LINE/L2	572	+	160	6142828	55904
chr1	3057053	3257053	harbor2	chr1	3058349	3058791	LINE/L2	976	+	221	3058570	1517
chr1	6685458	6885458	harbor2	chr1	6725914	6726595	LINE/L2	1079	+	340	6726254	40796
chr1	6685458	6885458	harbor2	chr1	6726893	6727074	LINE/L2	1079	+	90	6726983	41525
chr1	6685458	6885458	harbor2	chr1	6727397	6727492	LINE/L2	1079	+	48	6727445	41987
chr1	6685458	6885458	harbor2	chr1	6773478	6773493	LINE/L2	756	+	8	6773486	88028
chr1	6685458	6885458	harbor2	chr1	6773656	6773718	LINE/L2	756	+	31	6773687	88229
chr1	6685458	6885458	harbor2	chr1	6774018	6774246	LINE/L2	756	+	114	6774132	88674
chr1	6685458	6885458	harbor2	chr1	6775065	6775103	LINE/L2	1183	+	19	6775084	89626
chr1	6685458	6885458	harbor2	chr1	6775408	6775809	LINE/L2	1183	+	200	6775608	90150
chr1	6685458	6885458	harbor2	chr1	6776761	6777153	LINE/L2	930	+	196	6776957	91499
chr1	6685458	6885458	harbor2	chr1	6777463	6777685	LINE/L2	930	+	111	6777574	92116
chr1	31972874	32172874	harbor2	chr1	32000005	32000379	LINE/L2	890	+	187	32000192	27318
chr1	31972874	32172874	harbor2	chr1	32002752	32002912	LINE/L2	531	+	80	32002832	29958
chr1	31972874	32172874	harbor2	chr1	32016699	32016918	LINE/L2	495	+	110	32016809	43935
chr1	31972874	32172874	harbor2	chr1	32070152	32070262	LINE/L2	1448	+	55	32070207	97333
chr1	31972874	32172874	harbor2	chr1	32070565	32070907	LINE/L2	1448	+	171	32070736	97862
chr1	31972874	32172874	harbor2	chr1	32071841	32072107	LINE/L2	1448	+	133	32071974	99100
chr1	16545147	16745147	harbor2	chr1	16614267	16614887	LINE/L2	886	+	310	16614577	69430
chr1	20561543	20761543	harbor2	chr1	20565391	20565779	LINE/L2	716	+	194	20565585	4042
chr1	20561543	20761543	harbor2	chr1	20576693	20577004	LINE/L2	1386	+	156	20576849	15306
chr1	20561543	20761543	harbor2	chr1	20577310	20577428	LINE/L2	1386	+	59	20577369	15826
chr1	20561543	20761543	harbor2	chr1	20584440	20584678	LINE/L2	467	+	119	20584559	23016
chr1	20561543	20761543	harbor2	chr1	20609997	20610200	LINE/L2	630	+	102	20610099	48556
chr1	211947399	212147399	harbor2	chr1	211949004	211950201	LINE/L2	448	+	598	211949602	2203
chr1	211947399	212147399	harbor2	chr1	212000638	212001064	LINE/L2	564	+	213	212000851	53452
chr1	211947399	212147399	harbor2	chr1	212001590	212002783	LINE/L2	2633	+	596	212002186	54787
chr1	211947399	212147399	harbor2	chr1	212010510	212010540	LINE/L2	658	+	15	212010525	63126
chr1	211947399	212147399	harbor2	chr1	212010919	212011283	LINE/L2	658	+	182	212011101	63702
chr1	211947399	212147399	harbor2	chr1	212031979	212032479	LINE/L2	2152	+	250	212032229	84830
chr1	211947399	212147399	harbor2	chr1	212032778	212033104	LINE/L2	2152	+	163	212032941	85542
chr1	211947399	212147399	harbor2	chr1	212008322	212008985	LINE/L2	1257	+	332	212008654	61255
chr1	201550981	201750981	harbor2	chr1	201641073	201641458	LINE/L2	1373	+	192	201641265	90284
chr1	152207691	152407691	harbor2	chr1	152228690	152228935	LINE/L2	851	+	122	152228812	21121
chr1	152207691	152407691	harbor2	chr1	152243349	152243588	LINE/L2	1028	+	120	152243469	35778
chr1	152207691	152407691	harbor2	chr1	152243886	152244571	LINE/L2	1028	+	342	152244228	36537
chr1	209557754	209757754	harbor2	chr1	209593530	209594377	LINE/L2	779	+	424	209593954	36200
chr1	209557754	209757754	harbor2	chr1	209619129	209619431	LINE/L2	988	+	151	209619280	61526
chr1	209557754	209757754	harbor2	chr1	209640591	209640799	LINE/L2	831	+	104	209640695	82941
chr1	209557754	209757754	harbor2	chr1	209641115	209641173	LINE/L2	831	+	29	209641144	83390
chr1	209557754	209757754	harbor2	chr1	209654677	209655445	LINE/L2	1051	+	384	209655061	97307
chr1	53846652	54046652	harbor2	chr1	53850395	53850521	LINE/L2	546	+	63	53850458	3806
chr1	53846652	54046652	harbor2	chr1	53875532	53876062	LINE/L2	1096	+	265	53875797	29145
chr1	53846652	54046652	harbor2	chr1	53892981	53893316	LINE/L2	509	+	168	53893149	46497
chr1	53846652	54046652	harbor2	chr1	53894799	53895134	LINE/L2	519	+	168	53894967	48315
chr1	53846652	54046652	harbor2	chr1	53901977	53902482	LINE/L2	568	+	252	53902229	55577
chr1	153558724	153758724	harbor2	chr1	153594299	153594444	LINE/L2	570	+	72	153594371	35647
chr1	153558724	153758724	harbor2	chr1	153594712	153595049	LINE/L2	570	+	168	153594880	36156
chr1	153558724	153758724	harbor2	chr1	153596113	153596772	LINE/L2	557	+	330	153596443	37719
chr1	153558724	153758724	harbor2	chr1	153597104	153597136	LINE/L2	557	+	16	153597120	38396
chr1	25763699	25963699	harbor2	chr1	25772715	25773195	LINE/L2	859	+	240	25772955	9256
chr1	25763699	25963699	harbor2	chr1	25794483	25794655	LINE/L2	780	+	86	25794569	30870
chr1	25763699	25963699	harbor2	chr1	25794953	25795273	LINE/L2	780	+	160	25795113	31414
chr1	25763699	25963699	harbor2	chr1	25796271	25796730	LINE/L2	542	+	230	25796501	32802
chr1	25763699	25963699	harbor2	chr1	25821806	25821992	LINE/L2	461	+	93	25821899	58200
chr1	44408152	44608152	harbor2	chr1	44456641	44457001	LINE/L2	501	+	180	44456821	48669
chr1	44408152	44608152	harbor2	chr1	44464853	44465093	LINE/L2	438	+	120	44464973	56821
chr1	44408152	44608152	harbor2	chr1	44500002	44500615	LINE/L2	715	+	306	44500308	92156
chr1	44408152	44608152	harbor2	chr1	44498866	44499154	LINE/L2	719	+	144	44499010	90858
chr1	110575275	110775275	harbor2	chr1	110576247	110576652	LINE/L2	802	+	202	110576449	1174
chr1	110575275	110775275	harbor2	chr1	110576765	110576951	LINE/L2	1144	+	93	110576858	1583
chr1	110575275	110775275	harbor2	chr1	110576992	110577391	LINE/L2	1144	+	200	110577192	1917
chr1	110575275	110775275	harbor2	chr1	110585772	110586520	LINE/L2	1420	+	374	110586146	10871
chr1	110575275	110775275	harbor2	chr1	110612411	110612803	LINE/L2	446	+	196	110612607	37332
chr1	110575275	110775275	harbor2	chr1	110618632	110619204	LINE/L2	836	+	286	110618918	43643
chr1	110682470	110882470	harbor2	chr1	110712900	110713123	LINE/L2	506	+	112	110713012	30542
chr1	110682470	110882470	harbor2	chr1	110775928	110776427	LINE/L2	832	+	250	110776178	93708
chr1	44170897	44370897	harbor2	chr1	44211961	44212146	LINE/L2	454	+	92	44212053	41156
chr1	44170897	44370897	harbor2	chr1	44232947	44233320	LINE/L2	569	+	186	44233133	62236
chr1	44170897	44370897	harbor2	chr1	44233584	44234202	LINE/L2	562	+	309	44233893	62996
chr1	44170897	44370897	harbor2	chr1	44246138	44246395	LINE/L2	455	+	128	44246266	75369
chr1	44170897	44370897	harbor2	chr1	44266566	44266698	LINE/L2	508	+	66	44266632	95735
chr1	53858393	54058393	harbor2	chr1	53875532	53876062	LINE/L2	1096	+	265	53875797	17404
chr1	53858393	54058393	harbor2	chr1	53892981	53893316	LINE/L2	509	+	168	53893149	34756
chr1	53858393	54058393	harbor2	chr1	53894799	53895134	LINE/L2	519	+	168	53894967	36574
chr1	53858393	54058393	harbor2	chr1	53901977	53902482	LINE/L2	568	+	252	53902229	43836
chr1	16544782	16744782	harbor2	chr1	16614267	16614887	LINE/L2	886	+	310	16614577	69795
chr1	727387	927387	harbor2	chr1	751018	751625	LINE/L2	1446	+	304	751322	23935
chr1	155510028	155710028	harbor2	chr1	155526106	155526227	LINE/L2	476	+	60	155526166	16138
chr1	155510028	155710028	harbor2	chr1	155526428	155526924	LINE/L2	1002	+	248	155526676	16648
chr1	155510028	155710028	harbor2	chr1	155527229	155527378	LINE/L2	1002	+	74	155527303	17275
chr1	155510028	155710028	harbor2	chr1	155527983	155528440	LINE/L2	1211	+	228	155528211	18183
chr1	155510028	155710028	harbor2	chr1	155529611	155529865	LINE/L2	916	+	127	155529738	19710
chr1	155510028	155710028	harbor2	chr1	155529996	155530391	LINE/L2	1185	+	198	155530194	20166
chr1	155510028	155710028	harbor2	chr1	155536433	155536563	LINE/L2	465	+	65	155536498	26470
chr1	155510028	155710028	harbor2	chr1	155548708	155548904	LINE/L2	745	+	98	155548806	38778
chr1	155510028	155710028	harbor2	chr1	155549776	155550027	LINE/L2	901	+	126	155549902	39874
chr1	155510028	155710028	harbor2	chr1	155550318	155550838	LINE/L2	901	+	260	155550578	40550
chr1	155510028	155710028	harbor2	chr1	155552098	155552182	LINE/L2	478	+	42	155552140	42112
chr1	16545055	16745055	harbor2	chr1	16614267	16614887	LINE/L2	886	+	310	16614577	69522
chr1	16544767	16744767	harbor2	chr1	16614267	16614887	LINE/L2	886	+	310	16614577	69810
chr1	3525669	3725669	harbor2	chr1	3582326	3582719	LINE/L2	584	+	196	3582522	56853
chr1	31972868	32172868	harbor2	chr1	32000005	32000379	LINE/L2	890	+	187	32000192	27324
chr1	31972868	32172868	harbor2	chr1	32002752	32002912	LINE/L2	531	+	80	32002832	29964
chr1	31972868	32172868	harbor2	chr1	32016699	32016918	LINE/L2	495	+	110	32016809	43941
chr1	31972868	32172868	harbor2	chr1	32070152	32070262	LINE/L2	1448	+	55	32070207	97339
chr1	31972868	32172868	harbor2	chr1	32070565	32070907	LINE/L2	1448	+	171	32070736	97868
chr1	31972868	32172868	harbor2	chr1	32071841	32072107	LINE/L2	1448	+	133	32071974	99106
chr1	33670823	33870823	harbor2	chr1	33695910	33696108	LINE/L2	491	+	99	33696009	25186
chr1	33670823	33870823	harbor2	chr1	33713668	33714055	LINE/L2	675	+	194	33713862	43039
chr1	33670823	33870823	harbor2	chr1	33746589	33746776	LINE/L2	459	+	94	33746683	75860
chr1	33670823	33870823	harbor2	chr1	33757557	33758262	LINE/L2	575	+	352	33757909	87086
chr1	16544952	16744952	harbor2	chr1	16614267	16614887	LINE/L2	886	+	310	16614577	69625
chr1	16546359	16746359	harbor2	chr1	16614267	16614887	LINE/L2	886	+	310	16614577	68218
chr1	19615803	19815803	harbor2	chr1	19634365	19634654	LINE/L2	1039	+	144	19634509	18706
chr1	19615803	19815803	harbor2	chr1	19640132	19640291	LINE/L2	471	+	80	19640212	24409
chr1	19615803	19815803	harbor2	chr1	19655669	19656191	LINE/L2	557	+	261	19655930	40127
chr1	19615803	19815803	harbor2	chr1	19663994	19664172	LINE/L2	517	+	89	19664083	48280
chr1	19615803	19815803	harbor2	chr1	19666591	19667374	LINE/L2	913	+	392	19666983	51180
chr1	19615803	19815803	harbor2	chr1	19669550	19669760	LINE/L2	451	+	105	19669655	53852
chr1	19615803	19815803	harbor2	chr1	19670051	19670454	LINE/L2	1097	+	202	19670253	54450
chr1	19615803	19815803	harbor2	chr1	19670764	19670848	LINE/L2	1097	+	42	19670806	55003
chr1	19615803	19815803	harbor2	chr1	19702940	19703143	LINE/L2	540	+	102	19703042	87239
chr1	38817717	39017717	harbor2	chr1	38829331	38829445	LINE/L2	500	+	57	38829388	11671
chr1	38817717	39017717	harbor2	chr1	38852869	38853146	LINE/L2	527	+	138	38853007	35290
chr1	38817717	39017717	harbor2	chr1	38871338	38871427	LINE/L2	671	+	44	38871382	53665
chr1	38817717	39017717	harbor2	chr1	38871712	38871907	LINE/L2	671	+	98	38871810	54093
chr1	22610841	22810841	harbor2	chr1	22616269	22616403	LINE/L2	518	+	67	22616336	5495
chr1	22610841	22810841	harbor2	chr1	22658189	22658697	LINE/L2	713	+	254	22658443	47602
chr1	22610841	22810841	harbor2	chr1	22686837	22687267	LINE/L2	684	+	215	22687052	76211
chr1	22610841	22810841	harbor2	chr1	22707337	22707765	LINE/L2	798	+	214	22707551	96710
chr1	6689187	6889187	harbor2	chr1	6725914	6726595	LINE/L2	1079	+	340	6726254	37067
chr1	6689187	6889187	harbor2	chr1	6726893	6727074	LINE/L2	1079	+	90	6726983	37796
chr1	6689187	6889187	harbor2	chr1	6727397	6727492	LINE/L2	1079	+	48	6727445	38258
chr1	6689187	6889187	harbor2	chr1	6773478	6773493	LINE/L2	756	+	8	6773486	84299
chr1	6689187	6889187	harbor2	chr1	6773656	6773718	LINE/L2	756	+	31	6773687	84500
chr1	6689187	6889187	harbor2	chr1	6774018	6774246	LINE/L2	756	+	114	6774132	84945
chr1	6689187	6889187	harbor2	chr1	6775065	6775103	LINE/L2	1183	+	19	6775084	85897
chr1	6689187	6889187	harbor2	chr1	6775408	6775809	LINE/L2	1183	+	200	6775608	86421
chr1	6689187	6889187	harbor2	chr1	6776761	6777153	LINE/L2	930	+	196	6776957	87770
chr1	6689187	6889187	harbor2	chr1	6777463	6777685	LINE/L2	930	+	111	6777574	88387
chr1	211034098	211234098	harbor2	chr1	211040745	211041338	LINE/L2	871	+	296	211041041	6943
chr1	211034098	211234098	harbor2	chr1	211041363	211041752	LINE/L2	560	+	194	211041557	7459
chr1	211034098	211234098	harbor2	chr1	211100954	211101300	LINE/L2	449	+	173	211101127	67029
chr1	211034098	211234098	harbor2	chr1	211042055	211042449	LINE/L2	560	+	197	211042252	8154
chr1	22502707	22702707	harbor2	chr1	22514241	22514884	LINE/L2	1086	+	322	22514563	11856
chr1	22502707	22702707	harbor2	chr1	22544215	22544349	LINE/L2	471	+	67	22544282	41575
chr1	22502707	22702707	harbor2	chr1	22544647	22544789	LINE/L2	471	+	71	22544718	42011
chr1	22502707	22702707	harbor2	chr1	22590318	22590856	LINE/L2	458	+	269	22590587	87880
chr1	26600726	26800726	harbor2	chr1	26608996	26609310	LINE/L2	624	+	157	26609153	8427
chr1	26600726	26800726	harbor2	chr1	26610307	26610634	LINE/L2	1062	+	164	26610471	9745
chr1	207652046	207852046	harbor2	chr1	207729343	207729634	LINE/L2	642	+	146	207729489	77443
chr1	207903426	208103426	harbor2	chr1	207987928	207988059	LINE/L2	532	+	66	207987994	84568
chr1	207903426	208103426	harbor2	chr1	207998439	207999210	LINE/L2	1383	+	386	207998825	95399
chr1	207903426	208103426	harbor2	chr1	207999511	207999613	LINE/L2	1383	+	51	207999562	96136
chr1	211034399	211234399	harbor2	chr1	211040745	211041338	LINE/L2	871	+	296	211041041	6642
chr1	211034399	211234399	harbor2	chr1	211041363	211041752	LINE/L2	560	+	194	211041557	7158
chr1	211034399	211234399	harbor2	chr1	211100954	211101300	LINE/L2	449	+	173	211101127	66728
chr1	211034399	211234399	harbor2	chr1	211042055	211042449	LINE/L2	560	+	197	211042252	7853
chr1	41949951	42149951	harbor2	chr1	41974428	41974486	LINE/L2	545	+	29	41974457	24506
chr1	41949951	42149951	harbor2	chr1	41974523	41974865	LINE/L2	545	+	171	41974694	24743
chr1	41949951	42149951	harbor2	chr1	42027155	42027632	LINE/L2	1521	+	238	42027393	77442
chr1	41949951	42149951	harbor2	chr1	42027984	42028328	LINE/L2	1366	+	172	42028156	78205
chr1	214586377	214786377	harbor2	chr1	214630981	214631299	LINE/L2	869	+	159	214631140	44763
chr1	214586377	214786377	harbor2	chr1	214678996	214679276	LINE/L2	505	+	140	214679136	92759
chr1	14862929	15062929	harbor2	chr1	14886859	14887001	LINE/L2	464	+	71	14886930	24001
chr1	40217340	40417340	harbor2	chr1	40220311	40220681	LINE/L2	444	+	185	40220496	3156
chr1	40217340	40417340	harbor2	chr1	40255159	40255794	LINE/L2	1344	+	318	40255477	38137
chr1	32102226	32302226	harbor2	chr1	32157476	32157894	LINE/L2	532	+	209	32157685	55459
chr1	202249918	202449918	harbor2	chr1	202249209	202250372	LINE/L2	1524	+	582	202249791	127
chr1	202249918	202449918	harbor2	chr1	202287365	202288466	LINE/L2	2831	+	550	202287915	37997
chr1	161077890	161277890	harbor2	chr1	161081647	161081896	LINE/L2	523	+	124	161081771	3881
chr1	161077890	161277890	harbor2	chr1	161113953	161114373	LINE/L2	457	+	210	161114163	36273
chr1	161077890	161277890	harbor2	chr1	161126642	161127100	LINE/L2	676	+	229	161126871	48981
chr1	211033781	211233781	harbor2	chr1	211040745	211041338	LINE/L2	871	+	296	211041041	7260
chr1	211033781	211233781	harbor2	chr1	211041363	211041752	LINE/L2	560	+	194	211041557	7776
chr1	211033781	211233781	harbor2	chr1	211100954	211101300	LINE/L2	449	+	173	211101127	67346
chr1	211033781	211233781	harbor2	chr1	211042055	211042449	LINE/L2	560	+	197	211042252	8471
chr1	16544805	16744805	harbor2	chr1	16614267	16614887	LINE/L2	886	+	310	16614577	69772
chr1	244609722	244809722	harbor2	chr1	244610624	244610744	LINE/L2	735	+	60	244610684	962
chr1	244609722	244809722	harbor2	chr1	244611060	244611246	LINE/L2	735	+	93	244611153	1431
chr1	244609722	244809722	harbor2	chr1	244636948	244639404	LINE/L2	830	+	1228	244638176	28454
chr1	244609722	244809722	harbor2	chr1	244650248	244650843	LINE/L2	523	+	298	244650546	40824
chr1	244609722	244809722	harbor2	chr1	244651136	244651370	LINE/L2	448	+	117	244651253	41531
chr1	244609722	244809722	harbor2	chr1	244651809	244652213	LINE/L2	560	+	202	244652011	42289
chr1	244609722	244809722	harbor2	chr1	244665908	244666449	LINE/L2	1258	+	270	244666178	56456
chr1	225365084	225565084	harbor2	chr1	225390406	225390536	LINE/L2	516	+	65	225390471	25387
chr1	225365084	225565084	harbor2	chr1	225451001	225451466	LINE/L2	1023	+	232	225451233	86149
chr1	205431580	205631580	harbor2	chr1	205461602	205461901	LINE/L2	1488	+	150	205461752	30172
chr1	205431580	205631580	harbor2	chr1	205462213	205462569	LINE/L2	1488	+	178	205462391	30811
chr1	205431580	205631580	harbor2	chr1	205463632	205464438	LINE/L2	1554	+	403	205464035	32455
chr1	205431580	205631580	harbor2	chr1	205473455	205473740	LINE/L2	578	+	142	205473597	42017
chr1	205431580	205631580	harbor2	chr1	205473865	205474142	LINE/L2	623	+	138	205474003	42423
chr1	205431580	205631580	harbor2	chr1	205474520	205474754	LINE/L2	623	+	117	205474637	43057
chr1	205431580	205631580	harbor2	chr1	205502081	205502327	LINE/L2	530	+	123	205502204	70624
chr1	205431580	205631580	harbor2	chr1	205517442	205518390	LINE/L2	1302	+	474	205517916	86336
chr1	16546385	16746385	harbor2	chr1	16614267	16614887	LINE/L2	886	+	310	16614577	68192
chr1	145920756	146120756	harbor2	chr1	145930012	145930160	LINE/L2	456	+	74	145930086	9330
chr1	145920756	146120756	harbor2	chr1	145967605	145967867	LINE/L2	667	+	131	145967736	46980
chr1	33905807	34105807	harbor2	chr1	33909262	33909607	LINE/L2	631	+	172	33909434	3627
chr1	33905807	34105807	harbor2	chr1	33925638	33926216	LINE/L2	725	+	289	33925927	20120
chr1	33905807	34105807	harbor2	chr1	33928912	33929432	LINE/L2	1312	+	260	33929172	23365
chr1	33905807	34105807	harbor2	chr1	33929695	33930163	LINE/L2	1312	+	234	33929929	24122
chr1	33905807	34105807	harbor2	chr1	33941908	33942082	LINE/L2	599	+	87	33941995	36188
chr1	33905807	34105807	harbor2	chr1	33952352	33952675	LINE/L2	599	+	162	33952514	46707
chr1	33905807	34105807	harbor2	chr1	33952715	33952833	LINE/L2	599	+	59	33952774	46967
chr1	33905807	34105807	harbor2	chr1	33956561	33957307	LINE/L2	1097	+	373	33956934	51127
chr1	33905807	34105807	harbor2	chr1	33959384	33959495	LINE/L2	529	+	56	33959440	53633
chr1	33905807	34105807	harbor2	chr1	33959605	33959982	LINE/L2	529	+	188	33959793	53986
chr1	33905807	34105807	harbor2	chr1	33962538	33963018	LINE/L2	1148	+	240	33962778	56971
chr1	33905807	34105807	harbor2	chr1	33988428	33988722	LINE/L2	582	+	147	33988575	82768
chr1	226786659	226986659	harbor2	chr1	226800923	226801225	LINE/L2	449	+	151	226801074	14415
chr1	226786659	226986659	harbor2	chr1	226812372	226812571	LINE/L2	571	+	100	226812472	25813
chr1	226786659	226986659	harbor2	chr1	226823546	226823872	LINE/L2	835	+	163	226823709	37050
chr1	226786659	226986659	harbor2	chr1	226824342	226824726	LINE/L2	456	+	192	226824534	37875
chr1	226638205	226838205	harbor2	chr1	226666723	226667280	LINE/L2	563	+	278	226667001	28796
chr1	161528751	161728751	harbor2	chr1	161602226	161603000	LINE/L2	1500	+	387	161602613	73862
chr1	16618103	16818103	harbor2	chr1	16716119	16716227	LINE/L2	510	+	54	16716173	98070
chr1	113990947	114190947	harbor2	chr1	114005396	114005823	LINE/L2	877	+	214	114005610	14663
chr1	113990947	114190947	harbor2	chr1	114041451	114041555	LINE/L2	461	+	52	114041503	50556
chr1	113990947	114190947	harbor2	chr1	114044038	114044229	LINE/L2	495	+	96	114044134	53187
chr1	211034391	211234391	harbor2	chr1	211040745	211041338	LINE/L2	871	+	296	211041041	6650
chr1	211034391	211234391	harbor2	chr1	211041363	211041752	LINE/L2	560	+	194	211041557	7166
chr1	211034391	211234391	harbor2	chr1	211100954	211101300	LINE/L2	449	+	173	211101127	66736
chr1	211034391	211234391	harbor2	chr1	211042055	211042449	LINE/L2	560	+	197	211042252	7861
chr1	207707062	207907062	harbor2	chr1	207729343	207729634	LINE/L2	642	+	146	207729489	22427
chr1	230941728	231141728	harbor2	chr1	230974182	230974350	LINE/L2	444	+	84	230974266	32538
chr1	230941728	231141728	harbor2	chr1	230974680	230974806	LINE/L2	444	+	63	230974743	33015
chr1	230941728	231141728	harbor2	chr1	230980112	230980322	LINE/L2	547	+	105	230980217	38489
chr1	230941728	231141728	harbor2	chr1	230991287	230991631	LINE/L2	1904	+	172	230991459	49731
chr1	230941728	231141728	harbor2	chr1	230991928	230992643	LINE/L2	1904	+	358	230992286	50558
chr1	230941728	231141728	harbor2	chr1	230980688	230982192	LINE/L2	3647	+	752	230981440	39712
chr1	201549927	201749927	harbor2	chr1	201641073	201641458	LINE/L2	1373	+	192	201641265	91338
chr1	31973222	32173222	harbor2	chr1	32000005	32000379	LINE/L2	890	+	187	32000192	26970
chr1	31973222	32173222	harbor2	chr1	32002752	32002912	LINE/L2	531	+	80	32002832	29610
chr1	31973222	32173222	harbor2	chr1	32016699	32016918	LINE/L2	495	+	110	32016809	43587
chr1	31973222	32173222	harbor2	chr1	32070152	32070262	LINE/L2	1448	+	55	32070207	96985
chr1	31973222	32173222	harbor2	chr1	32070565	32070907	LINE/L2	1448	+	171	32070736	97514
chr1	31973222	32173222	harbor2	chr1	32071841	32072107	LINE/L2	1448	+	133	32071974	98752
chr1	10913141	11113141	harbor2	chr1	10914880	10915017	LINE/L2	460	+	68	10914948	1807
chr1	10913141	11113141	harbor2	chr1	10966647	10966866	LINE/L2	1149	+	110	10966757	53616
chr1	10913141	11113141	harbor2	chr1	10967174	10967689	LINE/L2	1747	+	258	10967432	54291
chr1	10913141	11113141	harbor2	chr1	10971279	10971429	LINE/L2	491	+	75	10971354	58213
chr1	10913141	11113141	harbor2	chr1	10971441	10971743	LINE/L2	703	+	151	10971592	58451
chr1	156192114	156392114	harbor2	chr1	156202964	156203522	LINE/L2	549	+	279	156203243	11129
chr1	156192114	156392114	harbor2	chr1	156205402	156205904	LINE/L2	1452	+	251	156205653	13539
chr1	156192114	156392114	harbor2	chr1	156257979	156258095	LINE/L2	449	+	58	156258037	65923
chr1	156192114	156392114	harbor2	chr1	156283686	156284022	LINE/L2	467	+	168	156283854	91740
chr1	156192114	156392114	harbor2	chr1	156221234	156222122	LINE/L2	610	+	444	156221678	29564
chr1	156192114	156392114	harbor2	chr1	156253795	156254379	LINE/L2	736	+	292	156254087	61973
chr1	17337716	17537716	harbor2	chr1	17349800	17350240	LINE/L2	650	+	220	17350020	12304
chr1	17337716	17537716	harbor2	chr1	17377474	17378357	LINE/L2	746	+	442	17377916	40200
chr1	201882904	202082904	harbor2	chr1	201914563	201915555	LINE/L2	844	+	496	201915059	32155
chr1	201882904	202082904	harbor2	chr1	201934335	201935076	LINE/L2	1577	+	370	201934705	51801
chr1	201882904	202082904	harbor2	chr1	201935360	201935541	LINE/L2	1150	+	90	201935450	52546
chr1	201882904	202082904	harbor2	chr1	201936123	201936654	LINE/L2	1150	+	266	201936389	53485
chr1	201882904	202082904	harbor2	chr1	201936952	201937165	LINE/L2	848	+	106	201937058	54154
chr1	201882904	202082904	harbor2	chr1	201937477	201937488	LINE/L2	848	+	6	201937483	54579
chr1	201882904	202082904	harbor2	chr1	201937783	201937895	LINE/L2	848	+	56	201937839	54935
chr1	16544742	16744742	harbor2	chr1	16614267	16614887	LINE/L2	886	+	310	16614577	69835
chr1	7926217	8126217	harbor2	chr1	7950512	7950804	LINE/L2	872	+	146	7950658	24441
chr1	7926217	8126217	harbor2	chr1	8016946	8017073	LINE/L2	485	+	64	8017010	90793
chr1	27281347	27481347	harbor2	chr1	27288018	27288350	LINE/L2	438	+	166	27288184	6837
chr1	27281347	27481347	harbor2	chr1	27290043	27290084	LINE/L2	438	+	20	27290063	8716
chr1	27281347	27481347	harbor2	chr1	27290384	27290547	LINE/L2	438	+	82	27290466	9119
chr1	206973128	207173128	harbor2	chr1	207013320	207013766	LINE/L2	454	+	223	207013543	40415
chr1	206973128	207173128	harbor2	chr1	207036395	207036865	LINE/L2	504	+	235	207036630	63502
chr1	230940319	231140319	harbor2	chr1	230974182	230974350	LINE/L2	444	+	84	230974266	33947
chr1	230940319	231140319	harbor2	chr1	230974680	230974806	LINE/L2	444	+	63	230974743	34424
chr1	230940319	231140319	harbor2	chr1	230980112	230980322	LINE/L2	547	+	105	230980217	39898
chr1	230940319	231140319	harbor2	chr1	230991287	230991631	LINE/L2	1904	+	172	230991459	51140
chr1	230940319	231140319	harbor2	chr1	230991928	230992643	LINE/L2	1904	+	358	230992286	51967
chr1	230940319	231140319	harbor2	chr1	230980688	230982192	LINE/L2	3647	+	752	230981440	41121
chr1	117032433	117232433	harbor2	chr1	117100624	117100943	LINE/L2	622	+	160	117100784	68351
chr1	117032433	117232433	harbor2	chr1	117126150	117126412	LINE/L2	686	+	131	117126281	93848
chr1	117032433	117232433	harbor2	chr1	117126723	117126808	LINE/L2	686	+	42	117126765	94332
chr1	117032433	117232433	harbor2	chr1	117128265	117128626	LINE/L2	491	+	180	117128445	96012
chr1	19187949	19387949	harbor2	chr1	19190454	19191187	LINE/L2	1256	+	366	19190820	2871
chr1	19187949	19387949	harbor2	chr1	19191492	19191697	LINE/L2	837	+	102	19191594	3645
chr1	19187949	19387949	harbor2	chr1	19220255	19220670	LINE/L2	1214	+	208	19220463	32514
chr1	19187949	19387949	harbor2	chr1	19223931	19225232	LINE/L2	2577	+	650	19224581	36632
chr1	19187949	19387949	harbor2	chr1	19230592	19230704	LINE/L2	438	+	56	19230648	42699
chr1	230539629	230739629	harbor2	chr1	230636611	230636766	LINE/L2	561	+	78	230636689	97060
chr2	46198427	46398427	harbor2	chr2	46202995	46203576	LINE/L2	1204	+	290	46203285	4858
chr2	46198427	46398427	harbor2	chr2	46203881	46204109	LINE/L2	1204	+	114	46203995	5568
chr2	46198427	46398427	harbor2	chr2	46223775	46223909	LINE/L2	461	+	67	46223842	25415
chr2	46198427	46398427	harbor2	chr2	46254757	46254887	LINE/L2	1652	+	65	46254822	56395
chr2	46198427	46398427	harbor2	chr2	46255198	46255525	LINE/L2	1652	+	164	46255362	56935
chr2	46198427	46398427	harbor2	chr2	46255560	46256080	LINE/L2	1652	+	260	46255820	57393
chr2	46198427	46398427	harbor2	chr2	46256335	46256785	LINE/L2	641	+	225	46256560	58133
chr2	46198427	46398427	harbor2	chr2	46289106	46289461	LINE/L2	532	+	178	46289284	90857
chr2	219078277	219278277	harbor2	chr2	219090815	219091027	LINE/L2	458	+	106	219090921	12644
chr2	219078277	219278277	harbor2	chr2	219105454	219105571	LINE/L2	516	+	58	219105512	27235
chr2	219078277	219278277	harbor2	chr2	219165567	219165851	LINE/L2	760	+	142	219165709	87432
chr2	219078277	219278277	harbor2	chr2	219166149	219166189	LINE/L2	760	+	20	219166169	87892
chr2	219078277	219278277	harbor2	chr2	219166834	219167056	LINE/L2	760	+	111	219166945	88668
chr2	219078262	219278262	harbor2	chr2	219090815	219091027	LINE/L2	458	+	106	219090921	12659
chr2	219078262	219278262	harbor2	chr2	219105454	219105571	LINE/L2	516	+	58	219105512	27250
chr2	219078262	219278262	harbor2	chr2	219165567	219165851	LINE/L2	760	+	142	219165709	87447
chr2	219078262	219278262	harbor2	chr2	219166149	219166189	LINE/L2	760	+	20	219166169	87907
chr2	219078262	219278262	harbor2	chr2	219166834	219167056	LINE/L2	760	+	111	219166945	88683
chr2	219078276	219278276	harbor2	chr2	219090815	219091027	LINE/L2	458	+	106	219090921	12645
chr2	219078276	219278276	harbor2	chr2	219105454	219105571	LINE/L2	516	+	58	219105512	27236
chr2	219078276	219278276	harbor2	chr2	219165567	219165851	LINE/L2	760	+	142	219165709	87433
chr2	219078276	219278276	harbor2	chr2	219166149	219166189	LINE/L2	760	+	20	219166169	87893
chr2	219078276	219278276	harbor2	chr2	219166834	219167056	LINE/L2	760	+	111	219166945	88669
chr2	43055480	43255480	harbor2	chr2	43066789	43066870	LINE/L2	459	+	40	43066829	11349
chr2	43055480	43255480	harbor2	chr2	43067176	43067373	LINE/L2	459	+	98	43067274	11794
chr2	43055480	43255480	harbor2	chr2	43104260	43104391	LINE/L2	472	+	66	43104326	48846
chr2	43055480	43255480	harbor2	chr2	43114632	43115513	LINE/L2	875	+	440	43115072	59592
chr2	43055480	43255480	harbor2	chr2	43137290	43137984	LINE/L2	1226	+	347	43137637	82157
chr2	43055480	43255480	harbor2	chr2	43153351	43153480	LINE/L2	463	+	64	43153415	97935
chr2	219078261	219278261	harbor2	chr2	219090815	219091027	LINE/L2	458	+	106	219090921	12660
chr2	219078261	219278261	harbor2	chr2	219105454	219105571	LINE/L2	516	+	58	219105512	27251
chr2	219078261	219278261	harbor2	chr2	219165567	219165851	LINE/L2	760	+	142	219165709	87448
chr2	219078261	219278261	harbor2	chr2	219166149	219166189	LINE/L2	760	+	20	219166169	87908
chr2	219078261	219278261	harbor2	chr2	219166834	219167056	LINE/L2	760	+	111	219166945	88684
chr2	53472337	53672337	harbor2	chr2	53476375	53476476	LINE/L2	443	+	50	53476425	4088
chr2	53472337	53672337	harbor2	chr2	53495482	53496713	LINE/L2	797	+	616	53496098	23761
chr2	53472337	53672337	harbor2	chr2	53497073	53497552	LINE/L2	576	+	240	53497313	24976
chr2	53472337	53672337	harbor2	chr2	53513477	53513810	LINE/L2	453	+	166	53513643	41306
chr2	53472337	53672337	harbor2	chr2	53514120	53514394	LINE/L2	453	+	137	53514257	41920
chr2	53472337	53672337	harbor2	chr2	53539007	53539359	LINE/L2	851	+	176	53539183	66846
chr2	53472337	53672337	harbor2	chr2	53547219	53547602	LINE/L2	1177	+	192	53547411	75074
chr2	218223269	218423269	harbor2	chr2	218298941	218299103	LINE/L2	1225	+	81	218299022	75753
chr2	218223269	218423269	harbor2	chr2	218300057	218300423	LINE/L2	1225	+	183	218300240	76971
chr2	219116402	219316402	harbor2	chr2	219165567	219165851	LINE/L2	760	+	142	219165709	49307
chr2	219116402	219316402	harbor2	chr2	219166149	219166189	LINE/L2	760	+	20	219166169	49767
chr2	219116402	219316402	harbor2	chr2	219166834	219167056	LINE/L2	760	+	111	219166945	50543
chr2	219078283	219278283	harbor2	chr2	219090815	219091027	LINE/L2	458	+	106	219090921	12638
chr2	219078283	219278283	harbor2	chr2	219105454	219105571	LINE/L2	516	+	58	219105512	27229
chr2	219078283	219278283	harbor2	chr2	219165567	219165851	LINE/L2	760	+	142	219165709	87426
chr2	219078283	219278283	harbor2	chr2	219166149	219166189	LINE/L2	760	+	20	219166169	87886
chr2	219078283	219278283	harbor2	chr2	219166834	219167056	LINE/L2	760	+	111	219166945	88662
chr2	219078282	219278282	harbor2	chr2	219090815	219091027	LINE/L2	458	+	106	219090921	12639
chr2	219078282	219278282	harbor2	chr2	219105454	219105571	LINE/L2	516	+	58	219105512	27230
chr2	219078282	219278282	harbor2	chr2	219165567	219165851	LINE/L2	760	+	142	219165709	87427
chr2	219078282	219278282	harbor2	chr2	219166149	219166189	LINE/L2	760	+	20	219166169	87887
chr2	219078282	219278282	harbor2	chr2	219166834	219167056	LINE/L2	760	+	111	219166945	88663
chr2	219145524	219345524	harbor2	chr2	219165567	219165851	LINE/L2	760	+	142	219165709	20185
chr2	219145524	219345524	harbor2	chr2	219166149	219166189	LINE/L2	760	+	20	219166169	20645
chr2	219145524	219345524	harbor2	chr2	219166834	219167056	LINE/L2	760	+	111	219166945	21421
chr2	219079117	219279117	harbor2	chr2	219090815	219091027	LINE/L2	458	+	106	219090921	11804
chr2	219079117	219279117	harbor2	chr2	219105454	219105571	LINE/L2	516	+	58	219105512	26395
chr2	219079117	219279117	harbor2	chr2	219165567	219165851	LINE/L2	760	+	142	219165709	86592
chr2	219079117	219279117	harbor2	chr2	219166149	219166189	LINE/L2	760	+	20	219166169	87052
chr2	219079117	219279117	harbor2	chr2	219166834	219167056	LINE/L2	760	+	111	219166945	87828
chr2	26406627	26606627	harbor2	chr2	26438922	26439505	LINE/L2	536	+	292	26439214	32587
chr2	26406627	26606627	harbor2	chr2	26470155	26470379	LINE/L2	467	+	112	26470267	63640
chr2	219078255	219278255	harbor2	chr2	219090815	219091027	LINE/L2	458	+	106	219090921	12666
chr2	219078255	219278255	harbor2	chr2	219105454	219105571	LINE/L2	516	+	58	219105512	27257
chr2	219078255	219278255	harbor2	chr2	219165567	219165851	LINE/L2	760	+	142	219165709	87454
chr2	219078255	219278255	harbor2	chr2	219166149	219166189	LINE/L2	760	+	20	219166169	87914
chr2	219078255	219278255	harbor2	chr2	219166834	219167056	LINE/L2	760	+	111	219166945	88690
chr2	219081059	219281059	harbor2	chr2	219090815	219091027	LINE/L2	458	+	106	219090921	9862
chr2	219081059	219281059	harbor2	chr2	219105454	219105571	LINE/L2	516	+	58	219105512	24453
chr2	219081059	219281059	harbor2	chr2	219165567	219165851	LINE/L2	760	+	142	219165709	84650
chr2	219081059	219281059	harbor2	chr2	219166149	219166189	LINE/L2	760	+	20	219166169	85110
chr2	219081059	219281059	harbor2	chr2	219166834	219167056	LINE/L2	760	+	111	219166945	85886
chr2	219078275	219278275	harbor2	chr2	219090815	219091027	LINE/L2	458	+	106	219090921	12646
chr2	219078275	219278275	harbor2	chr2	219105454	219105571	LINE/L2	516	+	58	219105512	27237
chr2	219078275	219278275	harbor2	chr2	219165567	219165851	LINE/L2	760	+	142	219165709	87434
chr2	219078275	219278275	harbor2	chr2	219166149	219166189	LINE/L2	760	+	20	219166169	87894
chr2	219078275	219278275	harbor2	chr2	219166834	219167056	LINE/L2	760	+	111	219166945	88670
chr2	171822444	172022444	harbor2	chr2	171864572	171864985	LINE/L2	551	+	206	171864778	42334
chr2	171822444	172022444	harbor2	chr2	171869964	171870152	LINE/L2	773	+	94	171870058	47614
chr2	195072898	195272898	harbor2	chr2	195147240	195147480	LINE/L2	969	+	120	195147360	74462
chr2	43056095	43256095	harbor2	chr2	43066789	43066870	LINE/L2	459	+	40	43066829	10734
chr2	43056095	43256095	harbor2	chr2	43067176	43067373	LINE/L2	459	+	98	43067274	11179
chr2	43056095	43256095	harbor2	chr2	43104260	43104391	LINE/L2	472	+	66	43104326	48231
chr2	43056095	43256095	harbor2	chr2	43114632	43115513	LINE/L2	875	+	440	43115072	58977
chr2	43056095	43256095	harbor2	chr2	43137290	43137984	LINE/L2	1226	+	347	43137637	81542
chr2	43056095	43256095	harbor2	chr2	43153351	43153480	LINE/L2	463	+	64	43153415	97320
chr2	26404185	26604185	harbor2	chr2	26438922	26439505	LINE/L2	536	+	292	26439214	35029
chr2	26404185	26604185	harbor2	chr2	26470155	26470379	LINE/L2	467	+	112	26470267	66082
chr2	219078258	219278258	harbor2	chr2	219090815	219091027	LINE/L2	458	+	106	219090921	12663
chr2	219078258	219278258	harbor2	chr2	219105454	219105571	LINE/L2	516	+	58	219105512	27254
chr2	219078258	219278258	harbor2	chr2	219165567	219165851	LINE/L2	760	+	142	219165709	87451
chr2	219078258	219278258	harbor2	chr2	219166149	219166189	LINE/L2	760	+	20	219166169	87911
chr2	219078258	219278258	harbor2	chr2	219166834	219167056	LINE/L2	760	+	111	219166945	88687
chr2	219078269	219278269	harbor2	chr2	219090815	219091027	LINE/L2	458	+	106	219090921	12652
chr2	219078269	219278269	harbor2	chr2	219105454	219105571	LINE/L2	516	+	58	219105512	27243
chr2	219078269	219278269	harbor2	chr2	219165567	219165851	LINE/L2	760	+	142	219165709	87440
chr2	219078269	219278269	harbor2	chr2	219166149	219166189	LINE/L2	760	+	20	219166169	87900
chr2	219078269	219278269	harbor2	chr2	219166834	219167056	LINE/L2	760	+	111	219166945	88676
chr2	219078253	219278253	harbor2	chr2	219090815	219091027	LINE/L2	458	+	106	219090921	12668
chr2	219078253	219278253	harbor2	chr2	219105454	219105571	LINE/L2	516	+	58	219105512	27259
chr2	219078253	219278253	harbor2	chr2	219165567	219165851	LINE/L2	760	+	142	219165709	87456
chr2	219078253	219278253	harbor2	chr2	219166149	219166189	LINE/L2	760	+	20	219166169	87916
chr2	219078253	219278253	harbor2	chr2	219166834	219167056	LINE/L2	760	+	111	219166945	88692
chr2	3480298	3680298	harbor2	chr2	3520483	3521318	LINE/L2	1497	+	418	3520901	40603
chr2	3480298	3680298	harbor2	chr2	3521606	3522142	LINE/L2	1497	+	268	3521874	41576
chr2	241049610	241249610	harbor2	chr2	241133119	241133346	LINE/L2	451	+	114	241133233	83623
chr2	85502763	85702763	harbor2	chr2	85504654	85504887	LINE/L2	447	+	116	85504770	2007
chr2	27279123	27479123	harbor2	chr2	27334298	27334645	LINE/L2	726	+	174	27334472	55349
chr2	27279123	27479123	harbor2	chr2	27334944	27335025	LINE/L2	726	+	40	27334984	55861
chr2	113484990	113684990	harbor2	chr2	113519454	113519830	LINE/L2	1007	+	188	113519642	34652
chr2	219078252	219278252	harbor2	chr2	219090815	219091027	LINE/L2	458	+	106	219090921	12669
chr2	219078252	219278252	harbor2	chr2	219105454	219105571	LINE/L2	516	+	58	219105512	27260
chr2	219078252	219278252	harbor2	chr2	219165567	219165851	LINE/L2	760	+	142	219165709	87457
chr2	219078252	219278252	harbor2	chr2	219166149	219166189	LINE/L2	760	+	20	219166169	87917
chr2	219078252	219278252	harbor2	chr2	219166834	219167056	LINE/L2	760	+	111	219166945	88693
chr2	71056951	71256951	harbor2	chr2	71131976	71132550	LINE/L2	536	+	287	71132263	75312
chr2	71056951	71256951	harbor2	chr2	71151919	71152623	LINE/L2	1353	+	352	71152271	95320
chr2	219179881	219379881	harbor2	chr2	219260436	219260691	LINE/L2	761	+	128	219260564	80683
chr2	219179881	219379881	harbor2	chr2	219261000	219261042	LINE/L2	761	+	21	219261021	81140
chr2	219179881	219379881	harbor2	chr2	219261630	219262029	LINE/L2	525	+	200	219261830	81949
chr2	219179881	219379881	harbor2	chr2	219262309	219262322	LINE/L2	471	+	6	219262315	82434
chr2	219179881	219379881	harbor2	chr2	219262351	219262510	LINE/L2	471	+	80	219262431	82550
chr2	242029286	242229286	harbor2	chr2	242092986	242093373	LINE/L2	529	+	194	242093180	63894
chr2	74426974	74626974	harbor2	chr2	74438177	74438994	LINE/L2	862	+	408	74438585	11611
chr2	74426974	74626974	harbor2	chr2	74508917	74509033	LINE/L2	605	+	58	74508975	82001
chr2	74426974	74626974	harbor2	chr2	74509220	74509332	LINE/L2	605	+	56	74509276	82302
chr2	217854217	218054217	harbor2	chr2	217867619	217868121	LINE/L2	1501	+	251	217867870	13653
chr2	217854217	218054217	harbor2	chr2	217889467	217889798	LINE/L2	511	+	166	217889633	35416
chr2	217854217	218054217	harbor2	chr2	217890157	217890446	LINE/L2	623	+	144	217890301	36084
chr2	217854217	218054217	harbor2	chr2	217891597	217892097	LINE/L2	556	+	250	217891847	37630
chr2	217854217	218054217	harbor2	chr2	217892402	217892423	LINE/L2	556	+	10	217892412	38195
chr2	217854217	218054217	harbor2	chr2	217924035	217924550	LINE/L2	802	+	258	217924293	70076
chr2	217854217	218054217	harbor2	chr2	217929665	217930122	LINE/L2	462	+	228	217929893	75676
chr2	113484950	113684950	harbor2	chr2	113519454	113519830	LINE/L2	1007	+	188	113519642	34692
chr2	72787348	72987348	harbor2	chr2	72817665	72817984	LINE/L2	963	+	160	72817825	30477
chr2	72787348	72987348	harbor2	chr2	72818595	72819129	LINE/L2	963	+	267	72818862	31514
chr2	72787348	72987348	harbor2	chr2	72842886	72843088	LINE/L2	621	+	101	72842987	55639
chr2	72787348	72987348	harbor2	chr2	72855600	72856220	LINE/L2	473	+	310	72855910	68562
chr2	72787348	72987348	harbor2	chr2	72880419	72880678	LINE/L2	793	+	130	72880549	93201
chr2	72787348	72987348	harbor2	chr2	72880889	72881088	LINE/L2	1965	+	100	72880989	93641
chr2	72787348	72987348	harbor2	chr2	72881385	72882122	LINE/L2	1965	+	368	72881753	94405
chr2	72787348	72987348	harbor2	chr2	72883123	72883335	LINE/L2	1321	+	106	72883229	95881
chr2	43459411	43659411	harbor2	chr2	43465667	43466124	LINE/L2	480	+	228	43465895	6484
chr2	43459411	43659411	harbor2	chr2	43466326	43466640	LINE/L2	576	+	157	43466483	7072
chr2	43459411	43659411	harbor2	chr2	43515868	43516504	LINE/L2	2321	+	318	43516186	56775
chr2	43055466	43255466	harbor2	chr2	43066789	43066870	LINE/L2	459	+	40	43066829	11363
chr2	43055466	43255466	harbor2	chr2	43067176	43067373	LINE/L2	459	+	98	43067274	11808
chr2	43055466	43255466	harbor2	chr2	43104260	43104391	LINE/L2	472	+	66	43104326	48860
chr2	43055466	43255466	harbor2	chr2	43114632	43115513	LINE/L2	875	+	440	43115072	59606
chr2	43055466	43255466	harbor2	chr2	43137290	43137984	LINE/L2	1226	+	347	43137637	82171
chr2	43055466	43255466	harbor2	chr2	43153351	43153480	LINE/L2	463	+	64	43153415	97949
chr2	42069370	42269370	harbor2	chr2	42097528	42097943	LINE/L2	551	+	208	42097736	28366
chr2	42069370	42269370	harbor2	chr2	42109259	42109369	LINE/L2	8657	+	55	42109314	39944
chr2	42069370	42269370	harbor2	chr2	42109634	42110134	LINE/L2	8657	+	250	42109884	40514
chr2	42069370	42269370	harbor2	chr2	42128322	42128656	LINE/L2	534	+	167	42128489	59119
chr2	42069370	42269370	harbor2	chr2	42106477	42108952	LINE/L2	8657	+	1238	42107715	38345
chr2	242055177	242255177	harbor2	chr2	242092986	242093373	LINE/L2	529	+	194	242093180	38003
chr2	219078268	219278268	harbor2	chr2	219090815	219091027	LINE/L2	458	+	106	219090921	12653
chr2	219078268	219278268	harbor2	chr2	219105454	219105571	LINE/L2	516	+	58	219105512	27244
chr2	219078268	219278268	harbor2	chr2	219165567	219165851	LINE/L2	760	+	142	219165709	87441
chr2	219078268	219278268	harbor2	chr2	219166149	219166189	LINE/L2	760	+	20	219166169	87901
chr2	219078268	219278268	harbor2	chr2	219166834	219167056	LINE/L2	760	+	111	219166945	88677
chr2	86515479	86715479	harbor2	chr2	86523121	86523575	LINE/L2	475	+	227	86523348	7869
chr2	46271422	46471422	harbor2	chr2	46289106	46289461	LINE/L2	532	+	178	46289284	17862
chr2	46271422	46471422	harbor2	chr2	46313211	46313438	LINE/L2	749	+	114	46313325	41903
chr2	46271422	46471422	harbor2	chr2	46313751	46313915	LINE/L2	749	+	82	46313833	42411
chr2	46271422	46471422	harbor2	chr2	46331144	46331344	LINE/L2	499	+	100	46331244	59822
chr2	190914208	191114208	harbor2	chr2	190967703	190967824	LINE/L2	473	+	60	190967763	53555
chr2	190914208	191114208	harbor2	chr2	190997043	190997480	LINE/L2	657	+	218	190997261	83053
chr2	190914208	191114208	harbor2	chr2	191006923	191007229	LINE/L2	464	+	153	191007076	92868
chr2	190914208	191114208	harbor2	chr2	191010218	191010490	LINE/L2	767	+	136	191010354	96146
chr2	237919027	238119027	harbor2	chr2	237933825	237934652	LINE/L2	1335	+	414	237934239	15212
chr2	237919027	238119027	harbor2	chr2	237934940	237934956	LINE/L2	553	+	8	237934948	15921
chr2	237919027	238119027	harbor2	chr2	238010566	238011579	LINE/L2	894	+	506	238011072	92045
chr2	113779869	113979869	harbor2	chr2	113782933	113783468	LINE/L2	866	+	268	113783201	3332
chr2	113779869	113979869	harbor2	chr2	113784384	113784491	LINE/L2	505	+	54	113784438	4569
chr2	113779869	113979869	harbor2	chr2	113784806	113784833	LINE/L2	505	+	14	113784820	4951
chr2	113779869	113979869	harbor2	chr2	113817360	113817387	LINE/L2	1091	+	14	113817374	37505
chr2	113779869	113979869	harbor2	chr2	113817728	113818345	LINE/L2	1091	+	308	113818036	38167
chr2	113779869	113979869	harbor2	chr2	113818898	113819000	LINE/L2	459	+	51	113818949	39080
chr2	113779869	113979869	harbor2	chr2	113860361	113860472	LINE/L2	446	+	56	113860417	80548
chr2	43055483	43255483	harbor2	chr2	43066789	43066870	LINE/L2	459	+	40	43066829	11346
chr2	43055483	43255483	harbor2	chr2	43067176	43067373	LINE/L2	459	+	98	43067274	11791
chr2	43055483	43255483	harbor2	chr2	43104260	43104391	LINE/L2	472	+	66	43104326	48843
chr2	43055483	43255483	harbor2	chr2	43114632	43115513	LINE/L2	875	+	440	43115072	59589
chr2	43055483	43255483	harbor2	chr2	43137290	43137984	LINE/L2	1226	+	347	43137637	82154
chr2	43055483	43255483	harbor2	chr2	43153351	43153480	LINE/L2	463	+	64	43153415	97932
chr2	219078246	219278246	harbor2	chr2	219090815	219091027	LINE/L2	458	+	106	219090921	12675
chr2	219078246	219278246	harbor2	chr2	219105454	219105571	LINE/L2	516	+	58	219105512	27266
chr2	219078246	219278246	harbor2	chr2	219165567	219165851	LINE/L2	760	+	142	219165709	87463
chr2	219078246	219278246	harbor2	chr2	219166149	219166189	LINE/L2	760	+	20	219166169	87923
chr2	219078246	219278246	harbor2	chr2	219166834	219167056	LINE/L2	760	+	111	219166945	88699
chr2	42261218	42461218	harbor2	chr2	42289296	42289731	LINE/L2	484	+	218	42289514	28296
chr2	42261218	42461218	harbor2	chr2	42356152	42356493	LINE/L2	1303	+	170	42356322	95104
chr2	127929061	128129061	harbor2	chr2	127951340	127952099	LINE/L2	1423	+	380	127951720	22659
chr2	127929061	128129061	harbor2	chr2	127952871	127954018	LINE/L2	2405	+	574	127953445	24384
chr2	127929061	128129061	harbor2	chr2	127973036	127973234	LINE/L2	1953	+	99	127973135	44074
chr2	127929061	128129061	harbor2	chr2	127973539	127973792	LINE/L2	1953	+	126	127973665	44604
chr2	127929061	128129061	harbor2	chr2	127974073	127974380	LINE/L2	1953	+	154	127974227	45166
chr2	127929061	128129061	harbor2	chr2	128008984	128009189	LINE/L2	715	+	102	128009086	80025
chr2	127929061	128129061	harbor2	chr2	128009478	128010202	LINE/L2	1040	+	362	128009840	80779
chr2	70771714	70971714	harbor2	chr2	70802195	70802323	LINE/L2	673	+	64	70802259	30545
chr2	111955657	112155657	harbor2	chr2	111957358	111957733	LINE/L2	948	+	188	111957546	1889
chr2	113497566	113697566	harbor2	chr2	113519454	113519830	LINE/L2	1007	+	188	113519642	22076
chr2	63489005	63689005	harbor2	chr2	63526529	63526896	LINE/L2	615	+	184	63526713	37708
chr2	63489005	63689005	harbor2	chr2	63550333	63550657	LINE/L2	587	+	162	63550495	61490
chr2	63489005	63689005	harbor2	chr2	63567467	63567884	LINE/L2	689	+	208	63567675	78670
chr2	63489005	63689005	harbor2	chr2	63537108	63537936	LINE/L2	614	+	414	63537522	48517
chr2	42069378	42269378	harbor2	chr2	42097528	42097943	LINE/L2	551	+	208	42097736	28358
chr2	42069378	42269378	harbor2	chr2	42109259	42109369	LINE/L2	8657	+	55	42109314	39936
chr2	42069378	42269378	harbor2	chr2	42109634	42110134	LINE/L2	8657	+	250	42109884	40506
chr2	42069378	42269378	harbor2	chr2	42128322	42128656	LINE/L2	534	+	167	42128489	59111
chr2	42069378	42269378	harbor2	chr2	42106477	42108952	LINE/L2	8657	+	1238	42107715	38337
chr2	74415881	74615881	harbor2	chr2	74438177	74438994	LINE/L2	862	+	408	74438585	22704
chr2	74415881	74615881	harbor2	chr2	74508917	74509033	LINE/L2	605	+	58	74508975	93094
chr2	74415881	74615881	harbor2	chr2	74509220	74509332	LINE/L2	605	+	56	74509276	93395
chr2	120748875	120948875	harbor2	chr2	120796169	120796539	LINE/L2	594	+	185	120796354	47479
chr2	203717178	203917178	harbor2	chr2	203738577	203738913	LINE/L2	1103	+	168	203738745	21567
chr2	203717178	203917178	harbor2	chr2	203809440	203809675	LINE/L2	777	+	118	203809558	92380
chr2	219343736	219543736	harbor2	chr2	219351248	219351692	LINE/L2	531	+	222	219351470	7734
chr2	219343736	219543736	harbor2	chr2	219360358	219360778	LINE/L2	702	+	210	219360568	16832
chr2	219343736	219543736	harbor2	chr2	219392812	219393056	LINE/L2	1777	+	122	219392934	49198
chr2	219343736	219543736	harbor2	chr2	219393579	219394007	LINE/L2	1777	+	214	219393793	50057
chr2	219343736	219543736	harbor2	chr2	219394576	219394870	LINE/L2	1431	+	147	219394723	50987
chr2	219343736	219543736	harbor2	chr2	219395603	219395711	LINE/L2	1431	+	54	219395657	51921
chr2	219343736	219543736	harbor2	chr2	219400203	219400438	LINE/L2	574	+	118	219400321	56585
chr2	219343736	219543736	harbor2	chr2	219430367	219430494	LINE/L2	483	+	64	219430431	86695
chr2	219343736	219543736	harbor2	chr2	219431153	219431548	LINE/L2	994	+	198	219431351	87615
chr2	219343736	219543736	harbor2	chr2	219431919	219432065	LINE/L2	994	+	73	219431992	88256
chr2	74427953	74627953	harbor2	chr2	74438177	74438994	LINE/L2	862	+	408	74438585	10632
chr2	74427953	74627953	harbor2	chr2	74508917	74509033	LINE/L2	605	+	58	74508975	81022
chr2	74427953	74627953	harbor2	chr2	74509220	74509332	LINE/L2	605	+	56	74509276	81323
chr2	56085624	56285624	harbor2	chr2	56103290	56104220	LINE/L2	961	+	465	56103755	18131
chr2	56085624	56285624	harbor2	chr2	56111900	56112287	LINE/L2	973	+	194	56112094	26470
chr2	56148544	56348544	harbor2	chr2	56190712	56191400	LINE/L2	583	+	344	56191056	42512
chr2	56148544	56348544	harbor2	chr2	56231771	56232378	LINE/L2	1101	+	304	56232075	83531
chr2	56148544	56348544	harbor2	chr2	56232728	56232862	LINE/L2	1101	+	67	56232795	84251
chr2	6845395	7045395	harbor2	chr2	6934971	6935410	LINE/L2	580	+	220	6935191	89796
chr2	70771713	70971713	harbor2	chr2	70802195	70802323	LINE/L2	673	+	64	70802259	30546
chr2	27272823	27472823	harbor2	chr2	27334298	27334645	LINE/L2	726	+	174	27334472	61649
chr2	27272823	27472823	harbor2	chr2	27334944	27335025	LINE/L2	726	+	40	27334984	62161
chr2	26403683	26603683	harbor2	chr2	26438922	26439505	LINE/L2	536	+	292	26439214	35531
chr2	26403683	26603683	harbor2	chr2	26470155	26470379	LINE/L2	467	+	112	26470267	66584
chr2	74272719	74472719	harbor2	chr2	74279357	74280067	LINE/L2	753	+	355	74279712	6993
chr2	74272719	74472719	harbor2	chr2	74280181	74280509	LINE/L2	607	+	164	74280345	7626
chr2	74272719	74472719	harbor2	chr2	74334320	74334680	LINE/L2	960	+	180	74334500	61781
chr2	74272719	74472719	harbor2	chr2	74358503	74358706	LINE/L2	470	+	102	74358605	85886
chr2	74272719	74472719	harbor2	chr2	74368370	74368706	LINE/L2	526	+	168	74368538	95819
chr2	74415899	74615899	harbor2	chr2	74438177	74438994	LINE/L2	862	+	408	74438585	22686
chr2	74415899	74615899	harbor2	chr2	74508917	74509033	LINE/L2	605	+	58	74508975	93076
chr2	74415899	74615899	harbor2	chr2	74509220	74509332	LINE/L2	605	+	56	74509276	93377
chr2	46225653	46425653	harbor2	chr2	46254757	46254887	LINE/L2	1652	+	65	46254822	29169
chr2	46225653	46425653	harbor2	chr2	46255198	46255525	LINE/L2	1652	+	164	46255362	29709
chr2	46225653	46425653	harbor2	chr2	46255560	46256080	LINE/L2	1652	+	260	46255820	30167
chr2	46225653	46425653	harbor2	chr2	46256335	46256785	LINE/L2	641	+	225	46256560	30907
chr2	46225653	46425653	harbor2	chr2	46289106	46289461	LINE/L2	532	+	178	46289284	63631
chr2	46225653	46425653	harbor2	chr2	46313211	46313438	LINE/L2	749	+	114	46313325	87672
chr2	46225653	46425653	harbor2	chr2	46313751	46313915	LINE/L2	749	+	82	46313833	88180
chr2	219497764	219697764	harbor2	chr2	219558838	219559018	LINE/L2	893	+	90	219558928	61164
chr2	219081092	219281092	harbor2	chr2	219090815	219091027	LINE/L2	458	+	106	219090921	9829
chr2	219081092	219281092	harbor2	chr2	219105454	219105571	LINE/L2	516	+	58	219105512	24420
chr2	219081092	219281092	harbor2	chr2	219165567	219165851	LINE/L2	760	+	142	219165709	84617
chr2	219081092	219281092	harbor2	chr2	219166149	219166189	LINE/L2	760	+	20	219166169	85077
chr2	219081092	219281092	harbor2	chr2	219166834	219167056	LINE/L2	760	+	111	219166945	85853
chr2	160417009	160617009	harbor2	chr2	160431491	160432075	LINE/L2	879	+	292	160431783	14774
chr2	219116633	219316633	harbor2	chr2	219165567	219165851	LINE/L2	760	+	142	219165709	49076
chr2	219116633	219316633	harbor2	chr2	219166149	219166189	LINE/L2	760	+	20	219166169	49536
chr2	219116633	219316633	harbor2	chr2	219166834	219167056	LINE/L2	760	+	111	219166945	50312
chr2	28765454	28965454	harbor2	chr2	28831678	28832843	LINE/L2	4132	+	582	28832260	66806
chr2	28765454	28965454	harbor2	chr2	28833126	28833529	LINE/L2	2727	+	202	28833328	67874
chr2	28765454	28965454	harbor2	chr2	28834883	28835058	LINE/L2	769	+	88	28834971	69517
chr2	28765454	28965454	harbor2	chr2	28835531	28835621	LINE/L2	769	+	45	28835576	70122
chr2	219078263	219278263	harbor2	chr2	219090815	219091027	LINE/L2	458	+	106	219090921	12658
chr2	219078263	219278263	harbor2	chr2	219105454	219105571	LINE/L2	516	+	58	219105512	27249
chr2	219078263	219278263	harbor2	chr2	219165567	219165851	LINE/L2	760	+	142	219165709	87446
chr2	219078263	219278263	harbor2	chr2	219166149	219166189	LINE/L2	760	+	20	219166169	87906
chr2	219078263	219278263	harbor2	chr2	219166834	219167056	LINE/L2	760	+	111	219166945	88682
chr2	53795907	53995907	harbor2	chr2	53845096	53845246	LINE/L2	496	+	75	53845171	49264
chr2	53795907	53995907	harbor2	chr2	53845543	53845789	LINE/L2	496	+	123	53845666	49759
chr2	53795907	53995907	harbor2	chr2	53883678	53884010	LINE/L2	718	+	166	53883844	87937
chr2	219169703	219369703	harbor2	chr2	219260436	219260691	LINE/L2	761	+	128	219260564	90861
chr2	219169703	219369703	harbor2	chr2	219261000	219261042	LINE/L2	761	+	21	219261021	91318
chr2	219169703	219369703	harbor2	chr2	219261630	219262029	LINE/L2	525	+	200	219261830	92127
chr2	219169703	219369703	harbor2	chr2	219262309	219262322	LINE/L2	471	+	6	219262315	92612
chr2	219169703	219369703	harbor2	chr2	219262351	219262510	LINE/L2	471	+	80	219262431	92728
chr2	74372415	74572415	harbor2	chr2	74386601	74387901	LINE/L2	641	+	650	74387251	14836
chr2	74372415	74572415	harbor2	chr2	74438177	74438994	LINE/L2	862	+	408	74438585	66170
chr2	240348203	240548203	harbor2	chr2	240379056	240379486	LINE/L2	619	+	215	240379271	31068
chr2	61805670	62005670	harbor2	chr2	61809181	61809516	LINE/L2	991	+	168	61809349	3679
chr2	61805670	62005670	harbor2	chr2	61810981	61811199	LINE/L2	885	+	109	61811090	5420
chr2	61805670	62005670	harbor2	chr2	61811806	61812309	LINE/L2	885	+	252	61812058	6388
chr2	61805670	62005670	harbor2	chr2	61847193	61847489	LINE/L2	1534	+	148	61847341	41671
chr2	61805670	62005670	harbor2	chr2	61847797	61847897	LINE/L2	1534	+	50	61847847	42177
chr2	111955694	112155694	harbor2	chr2	111957358	111957733	LINE/L2	948	+	188	111957546	1852
chr2	26416022	26616022	harbor2	chr2	26438922	26439505	LINE/L2	536	+	292	26439214	23192
chr2	26416022	26616022	harbor2	chr2	26470155	26470379	LINE/L2	467	+	112	26470267	54245
chr2	219078270	219278270	harbor2	chr2	219090815	219091027	LINE/L2	458	+	106	219090921	12651
chr2	219078270	219278270	harbor2	chr2	219105454	219105571	LINE/L2	516	+	58	219105512	27242
chr2	219078270	219278270	harbor2	chr2	219165567	219165851	LINE/L2	760	+	142	219165709	87439
chr2	219078270	219278270	harbor2	chr2	219166149	219166189	LINE/L2	760	+	20	219166169	87899
chr2	219078270	219278270	harbor2	chr2	219166834	219167056	LINE/L2	760	+	111	219166945	88675
chr2	70771742	70971742	harbor2	chr2	70802195	70802323	LINE/L2	673	+	64	70802259	30517
chr2	217616860	217816860	harbor2	chr2	217690218	217690743	LINE/L2	729	+	262	217690480	73620
chr2	44379608	44579608	harbor2	chr2	44403890	44404175	LINE/L2	655	+	142	44404032	24424
chr2	44379608	44579608	harbor2	chr2	44439256	44439525	LINE/L2	565	+	134	44439390	59782
chr2	44379608	44579608	harbor2	chr2	44442518	44442912	LINE/L2	738	+	197	44442715	63107
chr2	178350868	178550868	harbor2	chr2	178377654	178377829	LINE/L2	830	+	88	178377742	26874
chr2	178350868	178550868	harbor2	chr2	178378129	178378347	LINE/L2	830	+	109	178378238	27370
chr2	178350868	178550868	harbor2	chr2	178440578	178441300	LINE/L2	848	+	361	178440939	90071
chr2	178350868	178550868	harbor2	chr2	178444583	178444956	LINE/L2	478	+	186	178444769	93901
chr2	111956912	112156912	harbor2	chr2	111957358	111957733	LINE/L2	948	+	188	111957546	634
chr2	48215708	48415708	harbor2	chr2	48269534	48269637	LINE/L2	444	+	52	48269586	53878
chr2	219501939	219701939	harbor2	chr2	219558838	219559018	LINE/L2	893	+	90	219558928	56989
chr2	217119672	217319672	harbor2	chr2	217154128	217154732	LINE/L2	454	+	302	217154430	34758
chr2	217119672	217319672	harbor2	chr2	217191005	217191811	LINE/L2	580	+	403	217191408	71736
chr2	113484926	113684926	harbor2	chr2	113519454	113519830	LINE/L2	1007	+	188	113519642	34716
chr2	218180022	218380022	harbor2	chr2	218182981	218183292	LINE/L2	743	+	156	218183137	3115
chr2	218180022	218380022	harbor2	chr2	218185217	218185264	LINE/L2	579	+	24	218185241	5219
chr2	218180022	218380022	harbor2	chr2	218185725	218186195	LINE/L2	579	+	235	218185960	5938
chr2	219078284	219278284	harbor2	chr2	219090815	219091027	LINE/L2	458	+	106	219090921	12637
chr2	219078284	219278284	harbor2	chr2	219105454	219105571	LINE/L2	516	+	58	219105512	27228
chr2	219078284	219278284	harbor2	chr2	219165567	219165851	LINE/L2	760	+	142	219165709	87425
chr2	219078284	219278284	harbor2	chr2	219166149	219166189	LINE/L2	760	+	20	219166169	87885
chr2	219078284	219278284	harbor2	chr2	219166834	219167056	LINE/L2	760	+	111	219166945	88661
chr2	219387359	219587359	harbor2	chr2	219392812	219393056	LINE/L2	1777	+	122	219392934	5575
chr2	219387359	219587359	harbor2	chr2	219393579	219394007	LINE/L2	1777	+	214	219393793	6434
chr2	219387359	219587359	harbor2	chr2	219394576	219394870	LINE/L2	1431	+	147	219394723	7364
chr2	219387359	219587359	harbor2	chr2	219395603	219395711	LINE/L2	1431	+	54	219395657	8298
chr2	219387359	219587359	harbor2	chr2	219400203	219400438	LINE/L2	574	+	118	219400321	12962
chr2	219387359	219587359	harbor2	chr2	219430367	219430494	LINE/L2	483	+	64	219430431	43072
chr2	219387359	219587359	harbor2	chr2	219431153	219431548	LINE/L2	994	+	198	219431351	43992
chr2	219387359	219587359	harbor2	chr2	219431919	219432065	LINE/L2	994	+	73	219431992	44633
chr2	42069367	42269367	harbor2	chr2	42097528	42097943	LINE/L2	551	+	208	42097736	28369
chr2	42069367	42269367	harbor2	chr2	42109259	42109369	LINE/L2	8657	+	55	42109314	39947
chr2	42069367	42269367	harbor2	chr2	42109634	42110134	LINE/L2	8657	+	250	42109884	40517
chr2	42069367	42269367	harbor2	chr2	42128322	42128656	LINE/L2	534	+	167	42128489	59122
chr2	42069367	42269367	harbor2	chr2	42106477	42108952	LINE/L2	8657	+	1238	42107715	38348
chr2	42069757	42269757	harbor2	chr2	42097528	42097943	LINE/L2	551	+	208	42097736	27979
chr2	42069757	42269757	harbor2	chr2	42109259	42109369	LINE/L2	8657	+	55	42109314	39557
chr2	42069757	42269757	harbor2	chr2	42109634	42110134	LINE/L2	8657	+	250	42109884	40127
chr2	42069757	42269757	harbor2	chr2	42128322	42128656	LINE/L2	534	+	167	42128489	58732
chr2	42069757	42269757	harbor2	chr2	42106477	42108952	LINE/L2	8657	+	1238	42107715	37958
chr2	219118932	219318932	harbor2	chr2	219165567	219165851	LINE/L2	760	+	142	219165709	46777
chr2	219118932	219318932	harbor2	chr2	219166149	219166189	LINE/L2	760	+	20	219166169	47237
chr2	219118932	219318932	harbor2	chr2	219166834	219167056	LINE/L2	760	+	111	219166945	48013
chr2	144379701	144579701	harbor2	chr2	144380704	144381206	LINE/L2	680	+	251	144380955	1254
chr2	113484846	113684846	harbor2	chr2	113519454	113519830	LINE/L2	1007	+	188	113519642	34796
chr2	199357332	199557332	harbor2	chr2	199423176	199423351	LINE/L2	671	+	88	199423264	65932
chr2	218241926	218441926	harbor2	chr2	218298941	218299103	LINE/L2	1225	+	81	218299022	57096
chr2	218241926	218441926	harbor2	chr2	218328282	218328578	LINE/L2	941	+	148	218328430	86504
chr2	218241926	218441926	harbor2	chr2	218300057	218300423	LINE/L2	1225	+	183	218300240	58314
chr2	96108919	96308919	harbor2	chr2	96121356	96121944	LINE/L2	479	+	294	96121650	12731
chr2	219467910	219667910	harbor2	chr2	219558838	219559018	LINE/L2	893	+	90	219558928	91018
chr2	111957164	112157164	harbor2	chr2	111957358	111957733	LINE/L2	948	+	188	111957546	382
chr3	107992947	108192947	harbor2	chr3	107993890	107994421	LINE/L2	1548	+	266	107994156	1209
chr3	107992947	108192947	harbor2	chr3	108072999	108073178	LINE/L2	758	+	90	108073089	80142
chr3	107992947	108192947	harbor2	chr3	108083758	108085205	LINE/L2	612	+	724	108084482	91535
chr3	107992058	108192058	harbor2	chr3	107993890	107994421	LINE/L2	1548	+	266	107994156	2098
chr3	107992058	108192058	harbor2	chr3	108072999	108073178	LINE/L2	758	+	90	108073089	81031
chr3	107992058	108192058	harbor2	chr3	108083758	108085205	LINE/L2	612	+	724	108084482	92424
chr3	50288151	50488151	harbor2	chr3	50295936	50296221	LINE/L2	437	+	142	50296078	7927
chr3	50288151	50488151	harbor2	chr3	50338627	50339311	LINE/L2	905	+	342	50338969	50818
chr3	107999874	108199874	harbor2	chr3	108072999	108073178	LINE/L2	758	+	90	108073089	73215
chr3	107999874	108199874	harbor2	chr3	108083758	108085205	LINE/L2	612	+	724	108084482	84608
chr3	107999874	108199874	harbor2	chr3	108093968	108094192	LINE/L2	475	+	112	108094080	94206
chr3	107999874	108199874	harbor2	chr3	108094870	108095060	LINE/L2	410	+	95	108094965	95091
chr3	46806484	47006484	harbor2	chr3	46831238	46831439	LINE/L2	414	+	100	46831338	24854
chr3	46806484	47006484	harbor2	chr3	46843920	46844085	LINE/L2	511	+	82	46844002	37518
chr3	46806484	47006484	harbor2	chr3	46844142	46844285	LINE/L2	511	+	72	46844214	37730
chr3	46806484	47006484	harbor2	chr3	46854479	46854651	LINE/L2	558	+	86	46854565	48081
chr3	46806484	47006484	harbor2	chr3	46856317	46856538	LINE/L2	472	+	110	46856427	49943
chr3	54754036	54954036	harbor2	chr3	54810893	54811465	LINE/L2	579	+	286	54811179	57143
chr3	54754036	54954036	harbor2	chr3	54811801	54811853	LINE/L2	579	+	26	54811827	57791
chr3	178973707	179173707	harbor2	chr3	179034268	179035753	LINE/L2	1432	+	742	179035010	61303
chr3	32471408	32671408	harbor2	chr3	32531059	32531373	LINE/L2	698	+	157	32531216	59808
chr3	32471408	32671408	harbor2	chr3	32552106	32552340	LINE/L2	448	+	117	32552223	80815
chr3	32471408	32671408	harbor2	chr3	32552462	32552668	LINE/L2	448	+	103	32552565	81157
chr3	32471408	32671408	harbor2	chr3	32555960	32556361	LINE/L2	526	+	200	32556160	84752
chr3	51941658	52141658	harbor2	chr3	52026119	52026551	LINE/L2	445	+	216	52026335	84677
chr3	51940304	52140304	harbor2	chr3	52026119	52026551	LINE/L2	445	+	216	52026335	86031
chr3	132356932	132556932	harbor2	chr3	132399937	132400309	LINE/L2	827	+	186	132400123	43191
chr3	50288175	50488175	harbor2	chr3	50295936	50296221	LINE/L2	437	+	142	50296078	7903
chr3	50288175	50488175	harbor2	chr3	50338627	50339311	LINE/L2	905	+	342	50338969	50794
chr3	107993020	108193020	harbor2	chr3	107993890	107994421	LINE/L2	1548	+	266	107994156	1136
chr3	107993020	108193020	harbor2	chr3	108072999	108073178	LINE/L2	758	+	90	108073089	80069
chr3	107993020	108193020	harbor2	chr3	108083758	108085205	LINE/L2	612	+	724	108084482	91462
chr3	127490780	127690780	harbor2	chr3	127551598	127551921	LINE/L2	757	+	162	127551760	60980
chr3	127490780	127690780	harbor2	chr3	127560671	127561107	LINE/L2	555	+	218	127560889	70109
chr3	127490780	127690780	harbor2	chr3	127574549	127574676	LINE/L2	464	+	64	127574613	83833
chr3	51939426	52139426	harbor2	chr3	52026119	52026551	LINE/L2	445	+	216	52026335	86909
chr3	140273579	140473579	harbor2	chr3	140291257	140292272	LINE/L2	632	+	508	140291765	18186
chr3	143035218	143235218	harbor2	chr3	143115229	143115587	LINE/L2	733	+	179	143115408	80190
chr3	108053599	108253599	harbor2	chr3	108072999	108073178	LINE/L2	758	+	90	108073089	19490
chr3	108053599	108253599	harbor2	chr3	108083758	108085205	LINE/L2	612	+	724	108084482	30883
chr3	108053599	108253599	harbor2	chr3	108093968	108094192	LINE/L2	475	+	112	108094080	40481
chr3	108053599	108253599	harbor2	chr3	108094870	108095060	LINE/L2	410	+	95	108094965	41366
chr3	108053599	108253599	harbor2	chr3	108140750	108141082	LINE/L2	749	+	166	108140916	87317
chr3	108053599	108253599	harbor2	chr3	108142241	108142861	LINE/L2	733	+	310	108142551	88952
chr3	50288522	50488522	harbor2	chr3	50295936	50296221	LINE/L2	437	+	142	50296078	7556
chr3	50288522	50488522	harbor2	chr3	50338627	50339311	LINE/L2	905	+	342	50338969	50447
chr3	50288101	50488101	harbor2	chr3	50295936	50296221	LINE/L2	437	+	142	50296078	7977
chr3	50288101	50488101	harbor2	chr3	50338627	50339311	LINE/L2	905	+	342	50338969	50868
chr3	197860224	198060224	harbor2	chr3	197947300	197947646	LINE/L2	747	+	173	197947473	87249
chr3	197860224	198060224	harbor2	chr3	197948759	197949018	LINE/L2	611	+	130	197948889	88665
chr3	197860224	198060224	harbor2	chr3	197949086	197949274	LINE/L2	547	+	94	197949180	88956
chr3	197860224	198060224	harbor2	chr3	197953520	197953867	LINE/L2	488	+	174	197953694	93470
chr3	107992017	108192017	harbor2	chr3	107993890	107994421	LINE/L2	1548	+	266	107994156	2139
chr3	107992017	108192017	harbor2	chr3	108072999	108073178	LINE/L2	758	+	90	108073089	81072
chr3	107992017	108192017	harbor2	chr3	108083758	108085205	LINE/L2	612	+	724	108084482	92465
chr3	50416036	50616036	harbor2	chr3	50417714	50417925	LINE/L2	437	+	106	50417820	1784
chr3	50416036	50616036	harbor2	chr3	50430520	50430637	LINE/L2	440	+	58	50430578	14542
chr3	50416036	50616036	harbor2	chr3	50483974	50484750	LINE/L2	625	+	388	50484362	68326
chr3	126375275	126575275	harbor2	chr3	126379061	126379199	LINE/L2	474	+	69	126379130	3855
chr3	126375275	126575275	harbor2	chr3	126379386	126379685	LINE/L2	599	+	150	126379536	4261
chr3	126375275	126575275	harbor2	chr3	126379987	126380440	LINE/L2	599	+	226	126380213	4938
chr3	126375275	126575275	harbor2	chr3	126398963	126399240	LINE/L2	485	+	138	126399101	23826
chr3	184134394	184334394	harbor2	chr3	184153671	184153932	LINE/L2	662	+	130	184153801	19407
chr3	184134394	184334394	harbor2	chr3	184154243	184154441	LINE/L2	662	+	99	184154342	19948
chr3	51948441	52148441	harbor2	chr3	52026119	52026551	LINE/L2	445	+	216	52026335	77894
chr3	108122047	108322047	harbor2	chr3	108140750	108141082	LINE/L2	749	+	166	108140916	18869
chr3	108122047	108322047	harbor2	chr3	108142241	108142861	LINE/L2	733	+	310	108142551	20504
chr3	108122047	108322047	harbor2	chr3	108154898	108155339	LINE/L2	472	+	220	108155118	33071
chr3	184130424	184330424	harbor2	chr3	184153671	184153932	LINE/L2	662	+	130	184153801	23377
chr3	184130424	184330424	harbor2	chr3	184154243	184154441	LINE/L2	662	+	99	184154342	23918
chr3	49829894	50029894	harbor2	chr3	49917596	49917764	LINE/L2	1061	+	84	49917680	87786
chr3	49829894	50029894	harbor2	chr3	49918363	49918415	LINE/L2	1061	+	26	49918389	88495
chr3	49829894	50029894	harbor2	chr3	49918712	49918890	LINE/L2	1061	+	89	49918801	88907
chr3	49829894	50029894	harbor2	chr3	49920055	49920557	LINE/L2	1162	+	251	49920306	90412
chr3	49829894	50029894	harbor2	chr3	49920850	49920875	LINE/L2	1162	+	12	49920862	90968
chr3	49829894	50029894	harbor2	chr3	49923754	49923800	LINE/L2	486	+	23	49923777	93883
chr3	49829894	50029894	harbor2	chr3	49924106	49924196	LINE/L2	486	+	45	49924151	94257
chr3	49829894	50029894	harbor2	chr3	49925835	49926432	LINE/L2	1367	+	298	49926133	96239
chr3	52085449	52285449	harbor2	chr3	52171275	52171702	LINE/L2	1069	+	214	52171489	86040
chr3	52085449	52285449	harbor2	chr3	52174927	52175305	LINE/L2	706	+	189	52175116	89667
chr3	184086443	184286443	harbor2	chr3	184105077	184105194	LINE/L2	405	+	58	184105135	18692
chr3	184086443	184286443	harbor2	chr3	184153671	184153932	LINE/L2	662	+	130	184153801	67358
chr3	184086443	184286443	harbor2	chr3	184154243	184154441	LINE/L2	662	+	99	184154342	67899
chr3	153062933	153262933	harbor2	chr3	153098129	153098305	LINE/L2	914	+	88	153098217	35284
chr3	153062933	153262933	harbor2	chr3	153098605	153099183	LINE/L2	914	+	289	153098894	35961
chr3	153062933	153262933	harbor2	chr3	153107739	153107892	LINE/L2	442	+	76	153107815	44882
chr3	187645815	187845815	harbor2	chr3	187651419	187652262	LINE/L2	558	+	422	187651841	6026
chr3	108053564	108253564	harbor2	chr3	108072999	108073178	LINE/L2	758	+	90	108073089	19525
chr3	108053564	108253564	harbor2	chr3	108083758	108085205	LINE/L2	612	+	724	108084482	30918
chr3	108053564	108253564	harbor2	chr3	108093968	108094192	LINE/L2	475	+	112	108094080	40516
chr3	108053564	108253564	harbor2	chr3	108094870	108095060	LINE/L2	410	+	95	108094965	41401
chr3	108053564	108253564	harbor2	chr3	108140750	108141082	LINE/L2	749	+	166	108140916	87352
chr3	108053564	108253564	harbor2	chr3	108142241	108142861	LINE/L2	733	+	310	108142551	88987
chr3	107996441	108196441	harbor2	chr3	108072999	108073178	LINE/L2	758	+	90	108073089	76648
chr3	107996441	108196441	harbor2	chr3	108083758	108085205	LINE/L2	612	+	724	108084482	88041
chr3	107996441	108196441	harbor2	chr3	108093968	108094192	LINE/L2	475	+	112	108094080	97639
chr3	107996441	108196441	harbor2	chr3	108094870	108095060	LINE/L2	410	+	95	108094965	98524
chr3	107993193	108193193	harbor2	chr3	107993890	107994421	LINE/L2	1548	+	266	107994156	963
chr3	107993193	108193193	harbor2	chr3	108072999	108073178	LINE/L2	758	+	90	108073089	79896
chr3	107993193	108193193	harbor2	chr3	108083758	108085205	LINE/L2	612	+	724	108084482	91289
chr3	107996552	108196552	harbor2	chr3	108072999	108073178	LINE/L2	758	+	90	108073089	76537
chr3	107996552	108196552	harbor2	chr3	108083758	108085205	LINE/L2	612	+	724	108084482	87930
chr3	107996552	108196552	harbor2	chr3	108093968	108094192	LINE/L2	475	+	112	108094080	97528
chr3	107996552	108196552	harbor2	chr3	108094870	108095060	LINE/L2	410	+	95	108094965	98413
chr3	50291763	50491763	harbor2	chr3	50295936	50296221	LINE/L2	437	+	142	50296078	4315
chr3	50291763	50491763	harbor2	chr3	50338627	50339311	LINE/L2	905	+	342	50338969	47206
chr3	4926654	5126654	harbor2	chr3	4935326	4935890	LINE/L2	1111	+	282	4935608	8954
chr3	4926654	5126654	harbor2	chr3	4937078	4937721	LINE/L2	916	+	322	4937400	10746
chr3	4926654	5126654	harbor2	chr3	4953812	4954122	LINE/L2	616	+	155	4953967	27313
chr3	4926654	5126654	harbor2	chr3	5002169	5002296	LINE/L2	690	+	64	5002233	75579
chr3	4926654	5126654	harbor2	chr3	5005010	5005266	LINE/L2	418	+	128	5005138	78484
chr3	108018365	108218365	harbor2	chr3	108072999	108073178	LINE/L2	758	+	90	108073089	54724
chr3	108018365	108218365	harbor2	chr3	108083758	108085205	LINE/L2	612	+	724	108084482	66117
chr3	108018365	108218365	harbor2	chr3	108093968	108094192	LINE/L2	475	+	112	108094080	75715
chr3	108018365	108218365	harbor2	chr3	108094870	108095060	LINE/L2	410	+	95	108094965	76600
chr3	107992129	108192129	harbor2	chr3	107993890	107994421	LINE/L2	1548	+	266	107994156	2027
chr3	107992129	108192129	harbor2	chr3	108072999	108073178	LINE/L2	758	+	90	108073089	80960
chr3	107992129	108192129	harbor2	chr3	108083758	108085205	LINE/L2	612	+	724	108084482	92353
chr3	107993138	108193138	harbor2	chr3	107993890	107994421	LINE/L2	1548	+	266	107994156	1018
chr3	107993138	108193138	harbor2	chr3	108072999	108073178	LINE/L2	758	+	90	108073089	79951
chr3	107993138	108193138	harbor2	chr3	108083758	108085205	LINE/L2	612	+	724	108084482	91344
chr3	129022332	129222332	harbor2	chr3	129103444	129103569	LINE/L2	517	+	62	129103506	81174
chr3	129022332	129222332	harbor2	chr3	129103865	129104094	LINE/L2	517	+	114	129103979	81647
chr3	196218304	196418304	harbor2	chr3	196264024	196264210	LINE/L2	483	+	93	196264117	45813
chr3	196218304	196418304	harbor2	chr3	196293164	196293318	LINE/L2	529	+	77	196293241	74937
chr3	53155971	53355971	harbor2	chr3	53179009	53179324	LINE/L2	486	+	158	53179167	23196
chr3	53155971	53355971	harbor2	chr3	53247713	53248026	LINE/L2	552	+	156	53247869	91898
chr3	128329156	128529156	harbor2	chr3	128390809	128391180	LINE/L2	413	+	186	128390995	61839
chr3	128329156	128529156	harbor2	chr3	128416995	128417677	LINE/L2	613	+	341	128417336	88180
chr3	51939700	52139700	harbor2	chr3	52026119	52026551	LINE/L2	445	+	216	52026335	86635
chr3	123552608	123752608	harbor2	chr3	123589646	123589690	LINE/L2	468	+	22	123589668	37060
chr3	123552608	123752608	harbor2	chr3	123590018	123590290	LINE/L2	468	+	136	123590154	37546
chr3	50517037	50717037	harbor2	chr3	50529805	50529953	LINE/L2	411	+	74	50529879	12842
chr3	50517037	50717037	harbor2	chr3	50603772	50604345	LINE/L2	567	+	286	50604058	87021
chr3	51939851	52139851	harbor2	chr3	52026119	52026551	LINE/L2	445	+	216	52026335	86484
chr3	51939435	52139435	harbor2	chr3	52026119	52026551	LINE/L2	445	+	216	52026335	86900
chr3	107992955	108192955	harbor2	chr3	107993890	107994421	LINE/L2	1548	+	266	107994156	1201
chr3	107992955	108192955	harbor2	chr3	108072999	108073178	LINE/L2	758	+	90	108073089	80134
chr3	107992955	108192955	harbor2	chr3	108083758	108085205	LINE/L2	612	+	724	108084482	91527
chr3	108004632	108204632	harbor2	chr3	108072999	108073178	LINE/L2	758	+	90	108073089	68457
chr3	108004632	108204632	harbor2	chr3	108083758	108085205	LINE/L2	612	+	724	108084482	79850
chr3	108004632	108204632	harbor2	chr3	108093968	108094192	LINE/L2	475	+	112	108094080	89448
chr3	108004632	108204632	harbor2	chr3	108094870	108095060	LINE/L2	410	+	95	108094965	90333
chr3	107992065	108192065	harbor2	chr3	107993890	107994421	LINE/L2	1548	+	266	107994156	2091
chr3	107992065	108192065	harbor2	chr3	108072999	108073178	LINE/L2	758	+	90	108073089	81024
chr3	107992065	108192065	harbor2	chr3	108083758	108085205	LINE/L2	612	+	724	108084482	92417
chr3	123560147	123760147	harbor2	chr3	123589646	123589690	LINE/L2	468	+	22	123589668	29521
chr3	123560147	123760147	harbor2	chr3	123590018	123590290	LINE/L2	468	+	136	123590154	30007
chr3	123560147	123760147	harbor2	chr3	123655042	123655647	LINE/L2	446	+	302	123655344	95197
chr3	123560147	123760147	harbor2	chr3	123656392	123656791	LINE/L2	594	+	200	123656592	96445
chr3	197860219	198060219	harbor2	chr3	197947300	197947646	LINE/L2	747	+	173	197947473	87254
chr3	197860219	198060219	harbor2	chr3	197948759	197949018	LINE/L2	611	+	130	197948889	88670
chr3	197860219	198060219	harbor2	chr3	197949086	197949274	LINE/L2	547	+	94	197949180	88961
chr3	197860219	198060219	harbor2	chr3	197953520	197953867	LINE/L2	488	+	174	197953694	93475
chr3	189960849	190160849	harbor2	chr3	190012306	190012510	LINE/L2	500	+	102	190012408	51559
chr3	107992067	108192067	harbor2	chr3	107993890	107994421	LINE/L2	1548	+	266	107994156	2089
chr3	107992067	108192067	harbor2	chr3	108072999	108073178	LINE/L2	758	+	90	108073089	81022
chr3	107992067	108192067	harbor2	chr3	108083758	108085205	LINE/L2	612	+	724	108084482	92415
chr3	142864715	143064715	harbor2	chr3	142870989	142871412	LINE/L2	1579	+	212	142871201	6486
chr3	142864715	143064715	harbor2	chr3	142885627	142885962	LINE/L2	873	+	168	142885795	21080
chr3	142864715	143064715	harbor2	chr3	142916112	142916806	LINE/L2	418	+	347	142916459	51744
chr3	142864715	143064715	harbor2	chr3	142925840	142926117	LINE/L2	600	+	138	142925978	61263
chr3	142864715	143064715	harbor2	chr3	142933821	142934039	LINE/L2	600	+	109	142933930	69215
chr3	128484655	128684655	harbor2	chr3	128498084	128498199	LINE/L2	421	+	58	128498142	13487
chr3	128484655	128684655	harbor2	chr3	128503435	128503589	LINE/L2	545	+	77	128503512	18857
chr3	128484655	128684655	harbor2	chr3	128503888	128504114	LINE/L2	545	+	113	128504001	19346
chr3	49829886	50029886	harbor2	chr3	49917596	49917764	LINE/L2	1061	+	84	49917680	87794
chr3	49829886	50029886	harbor2	chr3	49918363	49918415	LINE/L2	1061	+	26	49918389	88503
chr3	49829886	50029886	harbor2	chr3	49918712	49918890	LINE/L2	1061	+	89	49918801	88915
chr3	49829886	50029886	harbor2	chr3	49920055	49920557	LINE/L2	1162	+	251	49920306	90420
chr3	49829886	50029886	harbor2	chr3	49920850	49920875	LINE/L2	1162	+	12	49920862	90976
chr3	49829886	50029886	harbor2	chr3	49923754	49923800	LINE/L2	486	+	23	49923777	93891
chr3	49829886	50029886	harbor2	chr3	49924106	49924196	LINE/L2	486	+	45	49924151	94265
chr3	49829886	50029886	harbor2	chr3	49925835	49926432	LINE/L2	1367	+	298	49926133	96247
chr3	107993135	108193135	harbor2	chr3	107993890	107994421	LINE/L2	1548	+	266	107994156	1021
chr3	107993135	108193135	harbor2	chr3	108072999	108073178	LINE/L2	758	+	90	108073089	79954
chr3	107993135	108193135	harbor2	chr3	108083758	108085205	LINE/L2	612	+	724	108084482	91347
chr3	53411237	53611237	harbor2	chr3	53434420	53434686	LINE/L2	645	+	133	53434553	23316
chr3	53411237	53611237	harbor2	chr3	53447142	53447319	LINE/L2	584	+	88	53447230	35993
chr3	116673098	116873098	harbor2	chr3	116675504	116675736	LINE/L2	563	+	116	116675620	2522
chr3	116673098	116873098	harbor2	chr3	116675779	116676269	LINE/L2	563	+	245	116676024	2926
chr3	116673098	116873098	harbor2	chr3	116676319	116676463	LINE/L2	563	+	72	116676391	3293
chr3	116673098	116873098	harbor2	chr3	116694197	116694496	LINE/L2	438	+	150	116694347	21249
chr3	116673098	116873098	harbor2	chr3	116733214	116733508	LINE/L2	818	+	147	116733361	60263
chr3	116673098	116873098	harbor2	chr3	116733511	116733785	LINE/L2	420	+	137	116733648	60550
chr3	116673098	116873098	harbor2	chr3	116718801	116720004	LINE/L2	1104	+	602	116719403	46305
chr3	51939445	52139445	harbor2	chr3	52026119	52026551	LINE/L2	445	+	216	52026335	86890
chr3	127490762	127690762	harbor2	chr3	127551598	127551921	LINE/L2	757	+	162	127551760	60998
chr3	127490762	127690762	harbor2	chr3	127560671	127561107	LINE/L2	555	+	218	127560889	70127
chr3	127490762	127690762	harbor2	chr3	127574549	127574676	LINE/L2	464	+	64	127574613	83851
chr3	12963496	13163496	harbor2	chr3	12965843	12965965	LINE/L2	578	+	61	12965904	2408
chr3	12963496	13163496	harbor2	chr3	12973196	12973411	LINE/L2	418	+	108	12973304	9808
chr3	12963496	13163496	harbor2	chr3	12983637	12983861	LINE/L2	450	+	112	12983749	20253
chr3	12963496	13163496	harbor2	chr3	12989125	12989304	LINE/L2	668	+	90	12989215	25719
chr3	12963496	13163496	harbor2	chr3	13013568	13013818	LINE/L2	599	+	125	13013693	50197
chr3	12963496	13163496	harbor2	chr3	13017143	13017396	LINE/L2	530	+	126	13017269	53773
chr3	12963496	13163496	harbor2	chr3	13045086	13045434	LINE/L2	419	+	174	13045260	81764
chr3	128381321	128581321	harbor2	chr3	128390809	128391180	LINE/L2	413	+	186	128390995	9674
chr3	128381321	128581321	harbor2	chr3	128416995	128417677	LINE/L2	613	+	341	128417336	36015
chr3	128381321	128581321	harbor2	chr3	128448035	128448193	LINE/L2	453	+	79	128448114	66793
chr3	128381321	128581321	harbor2	chr3	128448499	128448828	LINE/L2	453	+	164	128448663	67342
chr3	128381321	128581321	harbor2	chr3	128451658	128452422	LINE/L2	1030	+	382	128452040	70719
chr3	128381321	128581321	harbor2	chr3	128460490	128460707	LINE/L2	808	+	108	128460598	79277
chr3	128381321	128581321	harbor2	chr3	128461014	128461261	LINE/L2	808	+	124	128461138	79817
chr3	128381321	128581321	harbor2	chr3	128477122	128477240	LINE/L2	451	+	59	128477181	95860
chr3	128381321	128581321	harbor2	chr3	128449773	128450882	LINE/L2	1403	+	554	128450327	69006
chr3	13750265	13950265	harbor2	chr3	13782531	13783025	LINE/L2	876	+	247	13782778	32513
chr3	13750265	13950265	harbor2	chr3	13834506	13834966	LINE/L2	1245	+	230	13834736	84471
chr3	13750265	13950265	harbor2	chr3	13840068	13840460	LINE/L2	1060	+	196	13840264	89999
chr3	196218330	196418330	harbor2	chr3	196264024	196264210	LINE/L2	483	+	93	196264117	45787
chr3	196218330	196418330	harbor2	chr3	196293164	196293318	LINE/L2	529	+	77	196293241	74911
chr3	64313402	64513402	harbor2	chr3	64397383	64397568	LINE/L2	534	+	92	64397475	84073
chr3	64313402	64513402	harbor2	chr3	64406752	64407290	LINE/L2	745	+	269	64407021	93619
chr3	161006321	161206321	harbor2	chr3	161051063	161051341	LINE/L2	549	+	139	161051202	44881
chr3	197860204	198060204	harbor2	chr3	197947300	197947646	LINE/L2	747	+	173	197947473	87269
chr3	197860204	198060204	harbor2	chr3	197948759	197949018	LINE/L2	611	+	130	197948889	88685
chr3	197860204	198060204	harbor2	chr3	197949086	197949274	LINE/L2	547	+	94	197949180	88976
chr3	197860204	198060204	harbor2	chr3	197953520	197953867	LINE/L2	488	+	174	197953694	93490
chr3	123399935	123599935	harbor2	chr3	123454040	123454233	LINE/L2	476	+	96	123454136	54201
chr3	107992061	108192061	harbor2	chr3	107993890	107994421	LINE/L2	1548	+	266	107994156	2095
chr3	107992061	108192061	harbor2	chr3	108072999	108073178	LINE/L2	758	+	90	108073089	81028
chr3	107992061	108192061	harbor2	chr3	108083758	108085205	LINE/L2	612	+	724	108084482	92421
chr3	36670495	36870495	harbor2	chr3	36731340	36731451	LINE/L2	494	+	56	36731396	60901
chr3	36670495	36870495	harbor2	chr3	36731483	36731584	LINE/L2	494	+	50	36731533	61038
chr3	36670495	36870495	harbor2	chr3	36731615	36731818	LINE/L2	410	+	102	36731717	61222
chr3	49829885	50029885	harbor2	chr3	49917596	49917764	LINE/L2	1061	+	84	49917680	87795
chr3	49829885	50029885	harbor2	chr3	49918363	49918415	LINE/L2	1061	+	26	49918389	88504
chr3	49829885	50029885	harbor2	chr3	49918712	49918890	LINE/L2	1061	+	89	49918801	88916
chr3	49829885	50029885	harbor2	chr3	49920055	49920557	LINE/L2	1162	+	251	49920306	90421
chr3	49829885	50029885	harbor2	chr3	49920850	49920875	LINE/L2	1162	+	12	49920862	90977
chr3	49829885	50029885	harbor2	chr3	49923754	49923800	LINE/L2	486	+	23	49923777	93892
chr3	49829885	50029885	harbor2	chr3	49924106	49924196	LINE/L2	486	+	45	49924151	94266
chr3	49829885	50029885	harbor2	chr3	49925835	49926432	LINE/L2	1367	+	298	49926133	96248
chr3	51860342	52060342	harbor2	chr3	51864334	51864819	LINE/L2	803	+	242	51864576	4234
chr3	51860342	52060342	harbor2	chr3	51929859	51930160	LINE/L2	500	+	150	51930009	69667
chr3	108026049	108226049	harbor2	chr3	108072999	108073178	LINE/L2	758	+	90	108073089	47040
chr3	108026049	108226049	harbor2	chr3	108083758	108085205	LINE/L2	612	+	724	108084482	58433
chr3	108026049	108226049	harbor2	chr3	108093968	108094192	LINE/L2	475	+	112	108094080	68031
chr3	108026049	108226049	harbor2	chr3	108094870	108095060	LINE/L2	410	+	95	108094965	68916
chr3	107992090	108192090	harbor2	chr3	107993890	107994421	LINE/L2	1548	+	266	107994156	2066
chr3	107992090	108192090	harbor2	chr3	108072999	108073178	LINE/L2	758	+	90	108073089	80999
chr3	107992090	108192090	harbor2	chr3	108083758	108085205	LINE/L2	612	+	724	108084482	92392
chr3	49829900	50029900	harbor2	chr3	49917596	49917764	LINE/L2	1061	+	84	49917680	87780
chr3	49829900	50029900	harbor2	chr3	49918363	49918415	LINE/L2	1061	+	26	49918389	88489
chr3	49829900	50029900	harbor2	chr3	49918712	49918890	LINE/L2	1061	+	89	49918801	88901
chr3	49829900	50029900	harbor2	chr3	49920055	49920557	LINE/L2	1162	+	251	49920306	90406
chr3	49829900	50029900	harbor2	chr3	49920850	49920875	LINE/L2	1162	+	12	49920862	90962
chr3	49829900	50029900	harbor2	chr3	49923754	49923800	LINE/L2	486	+	23	49923777	93877
chr3	49829900	50029900	harbor2	chr3	49924106	49924196	LINE/L2	486	+	45	49924151	94251
chr3	49829900	50029900	harbor2	chr3	49925835	49926432	LINE/L2	1367	+	298	49926133	96233
chr3	108053563	108253563	harbor2	chr3	108072999	108073178	LINE/L2	758	+	90	108073089	19526
chr3	108053563	108253563	harbor2	chr3	108083758	108085205	LINE/L2	612	+	724	108084482	30919
chr3	108053563	108253563	harbor2	chr3	108093968	108094192	LINE/L2	475	+	112	108094080	40517
chr3	108053563	108253563	harbor2	chr3	108094870	108095060	LINE/L2	410	+	95	108094965	41402
chr3	108053563	108253563	harbor2	chr3	108140750	108141082	LINE/L2	749	+	166	108140916	87353
chr3	108053563	108253563	harbor2	chr3	108142241	108142861	LINE/L2	733	+	310	108142551	88988
chr3	123544944	123744944	harbor2	chr3	123589646	123589690	LINE/L2	468	+	22	123589668	44724
chr3	123544944	123744944	harbor2	chr3	123590018	123590290	LINE/L2	468	+	136	123590154	45210
chr3	108053682	108253682	harbor2	chr3	108072999	108073178	LINE/L2	758	+	90	108073089	19407
chr3	108053682	108253682	harbor2	chr3	108083758	108085205	LINE/L2	612	+	724	108084482	30800
chr3	108053682	108253682	harbor2	chr3	108093968	108094192	LINE/L2	475	+	112	108094080	40398
chr3	108053682	108253682	harbor2	chr3	108094870	108095060	LINE/L2	410	+	95	108094965	41283
chr3	108053682	108253682	harbor2	chr3	108140750	108141082	LINE/L2	749	+	166	108140916	87234
chr3	108053682	108253682	harbor2	chr3	108142241	108142861	LINE/L2	733	+	310	108142551	88869
chr3	136086110	136286110	harbor2	chr3	136173232	136174215	LINE/L2	656	+	492	136173724	87614
chr3	107993195	108193195	harbor2	chr3	107993890	107994421	LINE/L2	1548	+	266	107994156	961
chr3	107993195	108193195	harbor2	chr3	108072999	108073178	LINE/L2	758	+	90	108073089	79894
chr3	107993195	108193195	harbor2	chr3	108083758	108085205	LINE/L2	612	+	724	108084482	91287
chr3	49781431	49981431	harbor2	chr3	49801071	49801439	LINE/L2	700	+	184	49801255	19824
chr3	49781431	49981431	harbor2	chr3	49801728	49802125	LINE/L2	424	+	198	49801926	20495
chr3	138339763	138539763	harbor2	chr3	138363361	138363645	LINE/L2	525	+	142	138363503	23740
chr3	138339763	138539763	harbor2	chr3	138376147	138376525	LINE/L2	1043	+	189	138376336	36573
chr3	138339763	138539763	harbor2	chr3	138394521	138395027	LINE/L2	1300	+	253	138394774	55011
chr3	138339763	138539763	harbor2	chr3	138406683	138407012	LINE/L2	1140	+	164	138406847	67084
chr3	138339763	138539763	harbor2	chr3	138407340	138407464	LINE/L2	1140	+	62	138407402	67639
chr3	138339763	138539763	harbor2	chr3	138408131	138408259	LINE/L2	534	+	64	138408195	68432
chr3	138339763	138539763	harbor2	chr3	138431261	138431501	LINE/L2	612	+	120	138431381	91618
chr3	138339763	138539763	harbor2	chr3	138431937	138431959	LINE/L2	612	+	11	138431948	92185
chr3	138339763	138539763	harbor2	chr3	138362871	138363029	LINE/L2	525	+	79	138362950	23187
chr3	138339763	138539763	harbor2	chr3	138395337	138395850	LINE/L2	1300	+	256	138395593	55830
chr3	51948342	52148342	harbor2	chr3	52026119	52026551	LINE/L2	445	+	216	52026335	77993
chr3	108000209	108200209	harbor2	chr3	108072999	108073178	LINE/L2	758	+	90	108073089	72880
chr3	108000209	108200209	harbor2	chr3	108083758	108085205	LINE/L2	612	+	724	108084482	84273
chr3	108000209	108200209	harbor2	chr3	108093968	108094192	LINE/L2	475	+	112	108094080	93871
chr3	108000209	108200209	harbor2	chr3	108094870	108095060	LINE/L2	410	+	95	108094965	94756
chr3	51940436	52140436	harbor2	chr3	52026119	52026551	LINE/L2	445	+	216	52026335	85899
chr3	142529008	142729008	harbor2	chr3	142579648	142579801	LINE/L2	594	+	76	142579724	50716
chr3	142529008	142729008	harbor2	chr3	142580120	142580264	LINE/L2	678	+	72	142580192	51184
chr3	142529008	142729008	harbor2	chr3	142597932	142598144	LINE/L2	451	+	106	142598038	69030
chr3	125112713	125312713	harbor2	chr3	125157548	125157952	LINE/L2	451	+	202	125157750	45037
chr3	125112713	125312713	harbor2	chr3	125187710	125188003	LINE/L2	662	+	146	125187856	75143
chr3	125112713	125312713	harbor2	chr3	125188414	125188508	LINE/L2	662	+	47	125188461	75748
chr3	108468945	108668945	harbor2	chr3	108482623	108482905	LINE/L2	634	+	141	108482764	13819
chr3	108468945	108668945	harbor2	chr3	108490481	108490886	LINE/L2	1222	+	202	108490683	21738
chr3	108468945	108668945	harbor2	chr3	108491188	108491356	LINE/L2	1222	+	84	108491272	22327
chr3	108468945	108668945	harbor2	chr3	108518223	108518944	LINE/L2	455	+	360	108518583	49638
chr3	52126019	52326019	harbor2	chr3	52171275	52171702	LINE/L2	1069	+	214	52171489	45470
chr3	52126019	52326019	harbor2	chr3	52174927	52175305	LINE/L2	706	+	189	52175116	49097
chr3	52126019	52326019	harbor2	chr3	52186613	52186938	LINE/L2	601	+	162	52186775	60756
chr3	52126019	52326019	harbor2	chr3	52216871	52217002	LINE/L2	452	+	66	52216937	90918
chr3	131281884	131481884	harbor2	chr3	131348986	131349395	LINE/L2	490	+	204	131349190	67306
chr3	184086432	184286432	harbor2	chr3	184105077	184105194	LINE/L2	405	+	58	184105135	18703
chr3	184086432	184286432	harbor2	chr3	184153671	184153932	LINE/L2	662	+	130	184153801	67369
chr3	184086432	184286432	harbor2	chr3	184154243	184154441	LINE/L2	662	+	99	184154342	67910
chr3	51995390	52195390	harbor2	chr3	52026119	52026551	LINE/L2	445	+	216	52026335	30945
chr3	50289500	50489500	harbor2	chr3	50295936	50296221	LINE/L2	437	+	142	50296078	6578
chr3	50289500	50489500	harbor2	chr3	50338627	50339311	LINE/L2	905	+	342	50338969	49469
chr3	183916164	184116164	harbor2	chr3	183969937	183970439	LINE/L2	1037	+	251	183970188	54024
chr3	183916164	184116164	harbor2	chr3	183970737	183970941	LINE/L2	1037	+	102	183970839	54675
chr3	51939791	52139791	harbor2	chr3	52026119	52026551	LINE/L2	445	+	216	52026335	86544
chr3	50308663	50508663	harbor2	chr3	50338627	50339311	LINE/L2	905	+	342	50338969	30306
chr3	50308663	50508663	harbor2	chr3	50403669	50404011	LINE/L2	443	+	171	50403840	95177
chr3	129875421	130075421	harbor2	chr3	129877172	129877624	LINE/L2	3247	+	226	129877398	1977
chr3	129875421	130075421	harbor2	chr3	129877935	129877947	LINE/L2	3247	+	6	129877941	2520
chr3	129875421	130075421	harbor2	chr3	129878264	129878725	LINE/L2	3247	+	230	129878494	3073
chr3	129875421	130075421	harbor2	chr3	129878905	129879156	LINE/L2	769	+	126	129879031	3610
chr3	129875421	130075421	harbor2	chr3	129891598	129891779	LINE/L2	521	+	90	129891688	16267
chr3	129875421	130075421	harbor2	chr3	129911305	129911643	LINE/L2	744	+	169	129911474	36053
chr3	129875421	130075421	harbor2	chr3	129934952	129935169	LINE/L2	592	+	108	129935060	59639
chr3	129875421	130075421	harbor2	chr3	129937685	129938273	LINE/L2	1102	+	294	129937979	62558
chr3	129875421	130075421	harbor2	chr3	129971096	129971157	LINE/L2	427	+	30	129971126	95705
chr3	129875421	130075421	harbor2	chr3	129971668	129971730	LINE/L2	427	+	31	129971699	96278
chr3	50290968	50490968	harbor2	chr3	50295936	50296221	LINE/L2	437	+	142	50296078	5110
chr3	50290968	50490968	harbor2	chr3	50338627	50339311	LINE/L2	905	+	342	50338969	48001
chr3	51940440	52140440	harbor2	chr3	52026119	52026551	LINE/L2	445	+	216	52026335	85895
chr3	127490198	127690198	harbor2	chr3	127551598	127551921	LINE/L2	757	+	162	127551760	61562
chr3	127490198	127690198	harbor2	chr3	127560671	127561107	LINE/L2	555	+	218	127560889	70691
chr3	127490198	127690198	harbor2	chr3	127574549	127574676	LINE/L2	464	+	64	127574613	84415
chr3	123518827	123718827	harbor2	chr3	123589646	123589690	LINE/L2	468	+	22	123589668	70841
chr3	123518827	123718827	harbor2	chr3	123590018	123590290	LINE/L2	468	+	136	123590154	71327
chr3	196218333	196418333	harbor2	chr3	196264024	196264210	LINE/L2	483	+	93	196264117	45784
chr3	196218333	196418333	harbor2	chr3	196293164	196293318	LINE/L2	529	+	77	196293241	74908
chr3	50288119	50488119	harbor2	chr3	50295936	50296221	LINE/L2	437	+	142	50296078	7959
chr3	50288119	50488119	harbor2	chr3	50338627	50339311	LINE/L2	905	+	342	50338969	50850
chr3	108053525	108253525	harbor2	chr3	108072999	108073178	LINE/L2	758	+	90	108073089	19564
chr3	108053525	108253525	harbor2	chr3	108083758	108085205	LINE/L2	612	+	724	108084482	30957
chr3	108053525	108253525	harbor2	chr3	108093968	108094192	LINE/L2	475	+	112	108094080	40555
chr3	108053525	108253525	harbor2	chr3	108094870	108095060	LINE/L2	410	+	95	108094965	41440
chr3	108053525	108253525	harbor2	chr3	108140750	108141082	LINE/L2	749	+	166	108140916	87391
chr3	108053525	108253525	harbor2	chr3	108142241	108142861	LINE/L2	733	+	310	108142551	89026
chr3	127581132	127781132	harbor2	chr3	127596454	127596834	LINE/L2	497	+	190	127596644	15512
chr3	127581132	127781132	harbor2	chr3	127597130	127597518	LINE/L2	497	+	194	127597324	16192
chr3	127581132	127781132	harbor2	chr3	127674717	127675257	LINE/L2	726	+	270	127674987	93855
chr3	127581132	127781132	harbor2	chr3	127675577	127675727	LINE/L2	726	+	75	127675652	94520
chr3	182297276	182497276	harbor2	chr3	182323423	182324050	LINE/L2	788	+	314	182323737	26461
chr4	832453	1032453	harbor2	chr4	919393	919861	LINE/L2	603	+	234	919627	87174
chr4	39082469	39282469	harbor2	chr4	39099454	39099736	LINE/L2	469	+	141	39099595	17126
chr4	39082469	39282469	harbor2	chr4	39102405	39103077	LINE/L2	920	+	336	39102741	20272
chr4	39082469	39282469	harbor2	chr4	39106008	39106522	LINE/L2	1019	+	257	39106265	23796
chr4	98161348	98361348	harbor2	chr4	98182813	98183181	LINE/L2	1187	+	184	98182997	21649
chr4	98161348	98361348	harbor2	chr4	98183962	98184569	LINE/L2	961	+	304	98184266	22918
chr4	98161348	98361348	harbor2	chr4	98249404	98250085	LINE/L2	841	+	340	98249744	88396
chr4	98161348	98361348	harbor2	chr4	98250086	98250470	LINE/L2	628	+	192	98250278	88930
chr4	98161348	98361348	harbor2	chr4	98250999	98251475	LINE/L2	881	+	238	98251237	89889
chr4	98161348	98361348	harbor2	chr4	98255021	98255712	LINE/L2	488	+	346	98255367	94019
chr4	103098506	103298506	harbor2	chr4	103107653	103108405	LINE/L2	629	+	376	103108029	9523
chr4	103098506	103298506	harbor2	chr4	103109534	103110085	LINE/L2	567	+	276	103109810	11304
chr4	103098506	103298506	harbor2	chr4	103118807	103119347	LINE/L2	801	+	270	103119077	20571
chr4	103098506	103298506	harbor2	chr4	103134818	103135753	LINE/L2	666	+	468	103135286	36780
chr4	103098506	103298506	harbor2	chr4	103137664	103138150	LINE/L2	1208	+	243	103137907	39401
chr4	564056	764056	harbor2	chr4	600766	601300	LINE/L2	873	+	267	601033	36977
chr4	564056	764056	harbor2	chr4	601321	601615	LINE/L2	674	+	147	601468	37412
chr4	3569998	3769998	harbor2	chr4	3626601	3626956	LINE/L2	575	+	178	3626779	56781
chr4	38573365	38773365	harbor2	chr4	38584787	38584853	LINE/L2	873	+	33	38584820	11455
chr4	38573365	38773365	harbor2	chr4	38585149	38585897	LINE/L2	873	+	374	38585523	12158
chr4	38573365	38773365	harbor2	chr4	38586732	38586846	LINE/L2	538	+	57	38586789	13424
chr4	38573365	38773365	harbor2	chr4	38604403	38605178	LINE/L2	1685	+	388	38604791	31426
chr4	38573365	38773365	harbor2	chr4	38646808	38646921	LINE/L2	534	+	56	38646864	73499
chr4	176095954	176295954	harbor2	chr4	176143217	176143382	LINE/L2	479	+	82	176143299	47345
chr4	176095954	176295954	harbor2	chr4	176143697	176144474	LINE/L2	498	+	388	176144085	48131
chr4	55295797	55495797	harbor2	chr4	55354484	55354945	LINE/L2	1016	+	230	55354714	58917
chr4	55295797	55495797	harbor2	chr4	55356807	55357336	LINE/L2	844	+	264	55357071	61274
chr4	55295797	55495797	harbor2	chr4	55374037	55374410	LINE/L2	1562	+	186	55374223	78426
chr4	55295797	55495797	harbor2	chr4	55374708	55374895	LINE/L2	1562	+	94	55374802	79005
chr4	55295797	55495797	harbor2	chr4	55375446	55375619	LINE/L2	3083	+	86	55375532	79735
chr4	55295797	55495797	harbor2	chr4	55376215	55376228	LINE/L2	3083	+	6	55376221	80424
chr4	55295797	55495797	harbor2	chr4	55376536	55377787	LINE/L2	3083	+	626	55377162	81365
chr4	55295797	55495797	harbor2	chr4	55378687	55378795	LINE/L2	666	+	54	55378741	82944
chr4	55295797	55495797	harbor2	chr4	55379379	55379530	LINE/L2	479	+	76	55379455	83658
chr4	89737944	89937944	harbor2	chr4	89793140	89793319	LINE/L2	575	+	90	89793230	55286
chr4	911518	1111518	harbor2	chr4	919393	919861	LINE/L2	603	+	234	919627	8109
chr4	120823311	121023311	harbor2	chr4	120825461	120825647	LINE/L2	678	+	93	120825554	2243
chr4	120823311	121023311	harbor2	chr4	120886830	120886938	LINE/L2	997	+	54	120886884	63573
chr4	120823311	121023311	harbor2	chr4	120887243	120887644	LINE/L2	997	+	200	120887443	64132
chr4	120823311	121023311	harbor2	chr4	120916609	120917613	LINE/L2	2205	+	502	120917111	93800
chr4	120823311	121023311	harbor2	chr4	120919057	120919365	LINE/L2	706	+	154	120919211	95900
chr4	2363014	2563014	harbor2	chr4	2419781	2420451	LINE/L2	1616	+	335	2420116	57102
chr4	8058806	8258806	harbor2	chr4	8101906	8102555	LINE/L2	1130	+	324	8102230	43424
chr4	8058806	8258806	harbor2	chr4	8143468	8143738	LINE/L2	532	+	135	8143603	84797
chr4	120822652	121022652	harbor2	chr4	120825461	120825647	LINE/L2	678	+	93	120825554	2902
chr4	120822652	121022652	harbor2	chr4	120886830	120886938	LINE/L2	997	+	54	120886884	64232
chr4	120822652	121022652	harbor2	chr4	120887243	120887644	LINE/L2	997	+	200	120887443	64791
chr4	120822652	121022652	harbor2	chr4	120916609	120917613	LINE/L2	2205	+	502	120917111	94459
chr4	120822652	121022652	harbor2	chr4	120919057	120919365	LINE/L2	706	+	154	120919211	96559
chr4	122858241	123058241	harbor2	chr4	122859206	122859319	LINE/L2	467	+	56	122859262	1021
chr4	122858241	123058241	harbor2	chr4	122861708	122862187	LINE/L2	624	+	240	122861948	3707
chr4	122858241	123058241	harbor2	chr4	122888029	122888962	LINE/L2	2299	+	466	122888495	30254
chr4	122858241	123058241	harbor2	chr4	122902495	122902684	LINE/L2	490	+	94	122902589	44348
chr4	122858241	123058241	harbor2	chr4	122911890	122912275	LINE/L2	518	+	192	122912082	53841
chr4	122858241	123058241	harbor2	chr4	122924159	122924760	LINE/L2	1585	+	300	122924459	66218
chr4	122858241	123058241	harbor2	chr4	122924997	122925900	LINE/L2	1585	+	452	122925449	67208
chr4	12478041	12678041	harbor2	chr4	12489978	12490464	LINE/L2	587	+	243	12490221	12180
chr4	12478041	12678041	harbor2	chr4	12545790	12546000	LINE/L2	501	+	105	12545895	67854
chr4	911393	1111393	harbor2	chr4	919393	919861	LINE/L2	603	+	234	919627	8234
chr4	103098509	103298509	harbor2	chr4	103107653	103108405	LINE/L2	629	+	376	103108029	9520
chr4	103098509	103298509	harbor2	chr4	103109534	103110085	LINE/L2	567	+	276	103109810	11301
chr4	103098509	103298509	harbor2	chr4	103118807	103119347	LINE/L2	801	+	270	103119077	20568
chr4	103098509	103298509	harbor2	chr4	103134818	103135753	LINE/L2	666	+	468	103135286	36777
chr4	103098509	103298509	harbor2	chr4	103137664	103138150	LINE/L2	1208	+	243	103137907	39398
chr4	103098505	103298505	harbor2	chr4	103107653	103108405	LINE/L2	629	+	376	103108029	9524
chr4	103098505	103298505	harbor2	chr4	103109534	103110085	LINE/L2	567	+	276	103109810	11305
chr4	103098505	103298505	harbor2	chr4	103118807	103119347	LINE/L2	801	+	270	103119077	20572
chr4	103098505	103298505	harbor2	chr4	103134818	103135753	LINE/L2	666	+	468	103135286	36781
chr4	103098505	103298505	harbor2	chr4	103137664	103138150	LINE/L2	1208	+	243	103137907	39402
chr4	145413737	145613737	harbor2	chr4	145475795	145476258	LINE/L2	1659	+	232	145476027	62290
chr4	145413737	145613737	harbor2	chr4	145476579	145477148	LINE/L2	1659	+	284	145476863	63126
chr4	145413737	145613737	harbor2	chr4	145477472	145477584	LINE/L2	582	+	56	145477528	63791
chr4	145413737	145613737	harbor2	chr4	145498924	145499176	LINE/L2	646	+	126	145499050	85313
chr4	145413737	145613737	harbor2	chr4	145499807	145499907	LINE/L2	646	+	50	145499857	86120
chr4	145413737	145613737	harbor2	chr4	145500059	145500573	LINE/L2	1274	+	257	145500316	86579
chr4	6251701	6451701	harbor2	chr4	6293379	6293688	LINE/L2	494	+	154	6293533	41832
chr4	6251701	6451701	harbor2	chr4	6340506	6340918	LINE/L2	665	+	206	6340712	89011
chr4	2364000	2564000	harbor2	chr4	2419781	2420451	LINE/L2	1616	+	335	2420116	56116
chr4	2151563	2351563	harbor2	chr4	2163799	2164219	LINE/L2	495	+	210	2164009	12446
chr4	2151563	2351563	harbor2	chr4	2164833	2164867	LINE/L2	495	+	17	2164850	13287
chr4	2151563	2351563	harbor2	chr4	2166098	2166260	LINE/L2	495	+	81	2166179	14616
chr4	2363979	2563979	harbor2	chr4	2419781	2420451	LINE/L2	1616	+	335	2420116	56137
chr4	103098514	103298514	harbor2	chr4	103107653	103108405	LINE/L2	629	+	376	103108029	9515
chr4	103098514	103298514	harbor2	chr4	103109534	103110085	LINE/L2	567	+	276	103109810	11296
chr4	103098514	103298514	harbor2	chr4	103118807	103119347	LINE/L2	801	+	270	103119077	20563
chr4	103098514	103298514	harbor2	chr4	103134818	103135753	LINE/L2	666	+	468	103135286	36772
chr4	103098514	103298514	harbor2	chr4	103137664	103138150	LINE/L2	1208	+	243	103137907	39393
chr4	17477327	17677327	harbor2	chr4	17481020	17481319	LINE/L2	920	+	150	17481170	3843
chr4	17477327	17677327	harbor2	chr4	17481958	17482507	LINE/L2	1260	+	274	17482232	4905
chr4	17477327	17677327	harbor2	chr4	17482755	17482991	LINE/L2	1047	+	118	17482873	5546
chr4	17477327	17677327	harbor2	chr4	17483387	17483660	LINE/L2	1047	+	136	17483523	6196
chr4	17477327	17677327	harbor2	chr4	17554741	17555602	LINE/L2	636	+	430	17555171	77844
chr4	7569422	7769422	harbor2	chr4	7617849	7618837	LINE/L2	565	+	494	7618343	48921
chr4	144468740	144668740	harbor2	chr4	144496501	144496732	LINE/L2	473	+	116	144496617	27877
chr4	144468740	144668740	harbor2	chr4	144490138	144490499	LINE/L2	722	+	180	144490318	21578
chr4	1215637	1415637	harbor2	chr4	1298677	1298884	LINE/L2	729	+	104	1298781	83144
chr4	1215637	1415637	harbor2	chr4	1299178	1299903	LINE/L2	729	+	362	1299540	83903
chr4	120879554	121079554	harbor2	chr4	120886830	120886938	LINE/L2	997	+	54	120886884	7330
chr4	120879554	121079554	harbor2	chr4	120887243	120887644	LINE/L2	997	+	200	120887443	7889
chr4	120879554	121079554	harbor2	chr4	120916609	120917613	LINE/L2	2205	+	502	120917111	37557
chr4	120879554	121079554	harbor2	chr4	120919057	120919365	LINE/L2	706	+	154	120919211	39657
chr4	120879554	121079554	harbor2	chr4	120977138	120977415	LINE/L2	632	+	138	120977276	97722
chr4	7839706	8039706	harbor2	chr4	7843909	7844127	LINE/L2	515	+	109	7844018	4312
chr4	7839706	8039706	harbor2	chr4	7844480	7844672	LINE/L2	515	+	96	7844576	4870
chr4	7839706	8039706	harbor2	chr4	7897861	7898129	LINE/L2	710	+	134	7897995	58289
chr4	7839706	8039706	harbor2	chr4	7898426	7898455	LINE/L2	710	+	14	7898440	58734
chr4	871018	1071018	harbor2	chr4	919393	919861	LINE/L2	603	+	234	919627	48609
chr4	911525	1111525	harbor2	chr4	919393	919861	LINE/L2	603	+	234	919627	8102
chr4	911521	1111521	harbor2	chr4	919393	919861	LINE/L2	603	+	234	919627	8106
chr4	86792393	86992393	harbor2	chr4	86804548	86804833	LINE/L2	547	+	142	86804690	12297
chr4	103098758	103298758	harbor2	chr4	103107653	103108405	LINE/L2	629	+	376	103108029	9271
chr4	103098758	103298758	harbor2	chr4	103109534	103110085	LINE/L2	567	+	276	103109810	11052
chr4	103098758	103298758	harbor2	chr4	103118807	103119347	LINE/L2	801	+	270	103119077	20319
chr4	103098758	103298758	harbor2	chr4	103134818	103135753	LINE/L2	666	+	468	103135286	36528
chr4	103098758	103298758	harbor2	chr4	103137664	103138150	LINE/L2	1208	+	243	103137907	39149
chr4	551216	751216	harbor2	chr4	600766	601300	LINE/L2	873	+	267	601033	49817
chr4	551216	751216	harbor2	chr4	601321	601615	LINE/L2	674	+	147	601468	50252
chr4	86993241	87193241	harbor2	chr4	87058586	87059651	LINE/L2	680	+	532	87059118	65877
chr4	867539	1067539	harbor2	chr4	919393	919861	LINE/L2	603	+	234	919627	52088
chr4	911387	1111387	harbor2	chr4	919393	919861	LINE/L2	603	+	234	919627	8240
chr4	103098495	103298495	harbor2	chr4	103107653	103108405	LINE/L2	629	+	376	103108029	9534
chr4	103098495	103298495	harbor2	chr4	103109534	103110085	LINE/L2	567	+	276	103109810	11315
chr4	103098495	103298495	harbor2	chr4	103118807	103119347	LINE/L2	801	+	270	103119077	20582
chr4	103098495	103298495	harbor2	chr4	103134818	103135753	LINE/L2	666	+	468	103135286	36791
chr4	103098495	103298495	harbor2	chr4	103137664	103138150	LINE/L2	1208	+	243	103137907	39412
chr4	1482489	1682489	harbor2	chr4	1486343	1486950	LINE/L2	2622	+	304	1486647	4158
chr4	1482489	1682489	harbor2	chr4	1487249	1487932	LINE/L2	2622	+	342	1487591	5102
chr4	1482489	1682489	harbor2	chr4	1498769	1499002	LINE/L2	609	+	116	1498885	16396
chr4	867048	1067048	harbor2	chr4	919393	919861	LINE/L2	603	+	234	919627	52579
chr4	76849477	77049477	harbor2	chr4	76852033	76852229	LINE/L2	575	+	98	76852131	2654
chr4	76849477	77049477	harbor2	chr4	76863176	76863433	LINE/L2	739	+	128	76863304	13827
chr4	2363019	2563019	harbor2	chr4	2419781	2420451	LINE/L2	1616	+	335	2420116	57097
chr4	55296360	55496360	harbor2	chr4	55354484	55354945	LINE/L2	1016	+	230	55354714	58354
chr4	55296360	55496360	harbor2	chr4	55356807	55357336	LINE/L2	844	+	264	55357071	60711
chr4	55296360	55496360	harbor2	chr4	55374037	55374410	LINE/L2	1562	+	186	55374223	77863
chr4	55296360	55496360	harbor2	chr4	55374708	55374895	LINE/L2	1562	+	94	55374802	78442
chr4	55296360	55496360	harbor2	chr4	55375446	55375619	LINE/L2	3083	+	86	55375532	79172
chr4	55296360	55496360	harbor2	chr4	55376215	55376228	LINE/L2	3083	+	6	55376221	79861
chr4	55296360	55496360	harbor2	chr4	55376536	55377787	LINE/L2	3083	+	626	55377162	80802
chr4	55296360	55496360	harbor2	chr4	55378687	55378795	LINE/L2	666	+	54	55378741	82381
chr4	55296360	55496360	harbor2	chr4	55379379	55379530	LINE/L2	479	+	76	55379455	83095
chr5	115444451	115644451	harbor2	chr5	115459360	115459741	LINE/L2	445	+	190	115459550	15099
chr5	115444451	115644451	harbor2	chr5	115496332	115496534	LINE/L2	692	+	101	115496433	51982
chr5	115444451	115644451	harbor2	chr5	115502740	115503055	LINE/L2	670	+	158	115502898	58447
chr5	115444451	115644451	harbor2	chr5	115506191	115506941	LINE/L2	704	+	375	115506566	62115
chr5	87001616	87201616	harbor2	chr5	87097595	87097721	LINE/L2	505	+	63	87097658	96042
chr5	73351442	73551442	harbor2	chr5	73356214	73356326	LINE/L2	427	+	56	73356270	4828
chr5	73351442	73551442	harbor2	chr5	73357592	73358504	LINE/L2	1489	+	456	73358048	6606
chr5	73351442	73551442	harbor2	chr5	73359346	73359867	LINE/L2	953	+	260	73359606	8164
chr5	73351442	73551442	harbor2	chr5	73361774	73361834	LINE/L2	2100	+	30	73361804	10362
chr5	73351442	73551442	harbor2	chr5	73362138	73362758	LINE/L2	2100	+	310	73362448	11006
chr5	135435988	135635988	harbor2	chr5	135473612	135473810	LINE/L2	503	+	99	135473711	37723
chr5	135435988	135635988	harbor2	chr5	135510152	135510591	LINE/L2	811	+	220	135510372	74384
chr5	135435988	135635988	harbor2	chr5	135530086	135530422	LINE/L2	1170	+	168	135530254	94266
chr5	135435988	135635988	harbor2	chr5	135530775	135531226	LINE/L2	1170	+	226	135531001	95013
chr5	10341874	10541874	harbor2	chr5	10439622	10440233	LINE/L2	531	+	306	10439928	98054
chr5	150970772	151170772	harbor2	chr5	150975467	150975693	LINE/L2	623	+	113	150975580	4808
chr5	150970772	151170772	harbor2	chr5	151011621	151012083	LINE/L2	513	+	231	151011852	41080
chr5	150970772	151170772	harbor2	chr5	151031501	151032083	LINE/L2	593	+	291	151031792	61020
chr5	73351456	73551456	harbor2	chr5	73356214	73356326	LINE/L2	427	+	56	73356270	4814
chr5	73351456	73551456	harbor2	chr5	73357592	73358504	LINE/L2	1489	+	456	73358048	6592
chr5	73351456	73551456	harbor2	chr5	73359346	73359867	LINE/L2	953	+	260	73359606	8150
chr5	73351456	73551456	harbor2	chr5	73361774	73361834	LINE/L2	2100	+	30	73361804	10348
chr5	73351456	73551456	harbor2	chr5	73362138	73362758	LINE/L2	2100	+	310	73362448	10992
chr5	10341865	10541865	harbor2	chr5	10439622	10440233	LINE/L2	531	+	306	10439928	98063
chr5	41804360	42004360	harbor2	chr5	41826688	41827179	LINE/L2	663	+	246	41826934	22574
chr5	41804360	42004360	harbor2	chr5	41831230	41831602	LINE/L2	1091	+	186	41831416	27056
chr5	41804360	42004360	harbor2	chr5	41856956	41857404	LINE/L2	1038	+	224	41857180	52820
chr5	41804360	42004360	harbor2	chr5	41844207	41845525	LINE/L2	1609	+	659	41844866	40506
chr5	112319140	112519140	harbor2	chr5	112335594	112335947	LINE/L2	534	+	176	112335770	16630
chr5	112319140	112519140	harbor2	chr5	112338352	112338718	LINE/L2	442	+	183	112338535	19395
chr5	112319140	112519140	harbor2	chr5	112338907	112339022	LINE/L2	442	+	58	112338965	19825
chr5	112319140	112519140	harbor2	chr5	112340899	112341252	LINE/L2	875	+	176	112341075	21935
chr5	112319140	112519140	harbor2	chr5	112365022	112365121	LINE/L2	415	+	50	112365072	45932
chr5	112319140	112519140	harbor2	chr5	112399143	112399519	LINE/L2	488	+	188	112399331	80191
chr5	10341837	10541837	harbor2	chr5	10439622	10440233	LINE/L2	531	+	306	10439928	98091
chr5	134425024	134625024	harbor2	chr5	134489721	134491770	LINE/L2	5667	+	1024	134490745	65721
chr5	134425024	134625024	harbor2	chr5	134520439	134520745	LINE/L2	800	+	153	134520592	95568
chr5	134425024	134625024	harbor2	chr5	134521027	134521427	LINE/L2	1234	+	200	134521227	96203
chr5	158975488	159175488	harbor2	chr5	158982467	158982584	LINE/L2	461	+	58	158982525	7037
chr5	158975488	159175488	harbor2	chr5	158998281	158998549	LINE/L2	487	+	134	158998415	22927
chr5	158975488	159175488	harbor2	chr5	159028603	159028710	LINE/L2	458	+	54	159028657	53169
chr5	158975488	159175488	harbor2	chr5	159063556	159063660	LINE/L2	523	+	52	159063608	88120
chr5	6533324	6733324	harbor2	chr5	6546449	6546816	LINE/L2	504	+	184	6546633	13309
chr5	52700040	52900040	harbor2	chr5	52710079	52710354	LINE/L2	553	+	138	52710217	10177
chr5	52700040	52900040	harbor2	chr5	52729027	52729171	LINE/L2	435	+	72	52729099	29059
chr5	52700040	52900040	harbor2	chr5	52760719	52760929	LINE/L2	673	+	105	52760824	60784
chr5	52700040	52900040	harbor2	chr5	52761703	52761952	LINE/L2	1067	+	124	52761827	61787
chr5	52700040	52900040	harbor2	chr5	52762335	52762635	LINE/L2	1067	+	150	52762485	62445
chr5	52700040	52900040	harbor2	chr5	52772502	52772792	LINE/L2	428	+	145	52772647	72607
chr5	135980728	136180728	harbor2	chr5	136027390	136027770	LINE/L2	435	+	190	136027580	46852
chr5	10348809	10548809	harbor2	chr5	10439622	10440233	LINE/L2	531	+	306	10439928	91119
chr5	76930492	77130492	harbor2	chr5	77019820	77019979	LINE/L2	455	+	80	77019900	89408
chr5	73351450	73551450	harbor2	chr5	73356214	73356326	LINE/L2	427	+	56	73356270	4820
chr5	73351450	73551450	harbor2	chr5	73357592	73358504	LINE/L2	1489	+	456	73358048	6598
chr5	73351450	73551450	harbor2	chr5	73359346	73359867	LINE/L2	953	+	260	73359606	8156
chr5	73351450	73551450	harbor2	chr5	73361774	73361834	LINE/L2	2100	+	30	73361804	10354
chr5	73351450	73551450	harbor2	chr5	73362138	73362758	LINE/L2	2100	+	310	73362448	10998
chr5	154684770	154884770	harbor2	chr5	154685984	154686164	LINE/L2	519	+	90	154686074	1304
chr5	154684770	154884770	harbor2	chr5	154711747	154712161	LINE/L2	946	+	207	154711954	27184
chr5	154684770	154884770	harbor2	chr5	154763422	154763497	LINE/L2	661	+	38	154763460	78690
chr5	154684770	154884770	harbor2	chr5	154763656	154763719	LINE/L2	661	+	32	154763688	78918
chr5	154684770	154884770	harbor2	chr5	154764935	154765409	LINE/L2	661	+	237	154765172	80402
chr5	154684770	154884770	harbor2	chr5	154765693	154765827	LINE/L2	544	+	67	154765760	80990
chr5	14760188	14960188	harbor2	chr5	14774664	14774871	LINE/L2	631	+	104	14774768	14580
chr5	14760188	14960188	harbor2	chr5	14813863	14814313	LINE/L2	423	+	225	14814088	53900
chr5	42530223	42730223	harbor2	chr5	42619245	42619615	LINE/L2	473	+	185	42619430	89207
chr5	178021742	178221742	harbor2	chr5	178088837	178088981	LINE/L2	494	+	72	178088909	67167
chr5	178021742	178221742	harbor2	chr5	178089267	178089561	LINE/L2	494	+	147	178089414	67672
chr5	132222297	132422297	harbor2	chr5	132229059	132230360	LINE/L2	976	+	650	132229709	7412
chr5	132222297	132422297	harbor2	chr5	132260251	132260623	LINE/L2	549	+	186	132260437	38140
chr5	73354563	73554563	harbor2	chr5	73356214	73356326	LINE/L2	427	+	56	73356270	1707
chr5	73354563	73554563	harbor2	chr5	73357592	73358504	LINE/L2	1489	+	456	73358048	3485
chr5	73354563	73554563	harbor2	chr5	73359346	73359867	LINE/L2	953	+	260	73359606	5043
chr5	73354563	73554563	harbor2	chr5	73361774	73361834	LINE/L2	2100	+	30	73361804	7241
chr5	73354563	73554563	harbor2	chr5	73362138	73362758	LINE/L2	2100	+	310	73362448	7885
chr5	78418676	78618676	harbor2	chr5	78493448	78493585	LINE/L2	573	+	68	78493516	74840
chr5	78418676	78618676	harbor2	chr5	78496789	78497205	LINE/L2	1118	+	208	78496997	78321
chr5	78418676	78618676	harbor2	chr5	78497196	78497602	LINE/L2	1143	+	203	78497399	78723
chr5	52700035	52900035	harbor2	chr5	52710079	52710354	LINE/L2	553	+	138	52710217	10182
chr5	52700035	52900035	harbor2	chr5	52729027	52729171	LINE/L2	435	+	72	52729099	29064
chr5	52700035	52900035	harbor2	chr5	52760719	52760929	LINE/L2	673	+	105	52760824	60789
chr5	52700035	52900035	harbor2	chr5	52761703	52761952	LINE/L2	1067	+	124	52761827	61792
chr5	52700035	52900035	harbor2	chr5	52762335	52762635	LINE/L2	1067	+	150	52762485	62450
chr5	52700035	52900035	harbor2	chr5	52772502	52772792	LINE/L2	428	+	145	52772647	72612
chr5	79137556	79337556	harbor2	chr5	79138946	79139363	LINE/L2	1200	+	208	79139154	1598
chr5	79137556	79337556	harbor2	chr5	79139862	79140134	LINE/L2	798	+	136	79139998	2442
chr5	79137556	79337556	harbor2	chr5	79140971	79141231	LINE/L2	529	+	130	79141101	3545
chr5	79137556	79337556	harbor2	chr5	79141520	79141712	LINE/L2	529	+	96	79141616	4060
chr5	79137556	79337556	harbor2	chr5	79170693	79171038	LINE/L2	429	+	172	79170865	33309
chr5	10341873	10541873	harbor2	chr5	10439622	10440233	LINE/L2	531	+	306	10439928	98055
chr5	10341897	10541897	harbor2	chr5	10439622	10440233	LINE/L2	531	+	306	10439928	98031
chr5	10341909	10541909	harbor2	chr5	10439622	10440233	LINE/L2	531	+	306	10439928	98019
chr5	73351449	73551449	harbor2	chr5	73356214	73356326	LINE/L2	427	+	56	73356270	4821
chr5	73351449	73551449	harbor2	chr5	73357592	73358504	LINE/L2	1489	+	456	73358048	6599
chr5	73351449	73551449	harbor2	chr5	73359346	73359867	LINE/L2	953	+	260	73359606	8157
chr5	73351449	73551449	harbor2	chr5	73361774	73361834	LINE/L2	2100	+	30	73361804	10355
chr5	73351449	73551449	harbor2	chr5	73362138	73362758	LINE/L2	2100	+	310	73362448	10999
chr5	52705069	52905069	harbor2	chr5	52710079	52710354	LINE/L2	553	+	138	52710217	5148
chr5	52705069	52905069	harbor2	chr5	52729027	52729171	LINE/L2	435	+	72	52729099	24030
chr5	52705069	52905069	harbor2	chr5	52760719	52760929	LINE/L2	673	+	105	52760824	55755
chr5	52705069	52905069	harbor2	chr5	52761703	52761952	LINE/L2	1067	+	124	52761827	56758
chr5	52705069	52905069	harbor2	chr5	52762335	52762635	LINE/L2	1067	+	150	52762485	57416
chr5	52705069	52905069	harbor2	chr5	52772502	52772792	LINE/L2	428	+	145	52772647	67578
chr5	10341893	10541893	harbor2	chr5	10439622	10440233	LINE/L2	531	+	306	10439928	98035
chr5	10527792	10727792	harbor2	chr5	10617214	10618157	LINE/L2	911	+	472	10617686	89894
chr5	73351437	73551437	harbor2	chr5	73356214	73356326	LINE/L2	427	+	56	73356270	4833
chr5	73351437	73551437	harbor2	chr5	73357592	73358504	LINE/L2	1489	+	456	73358048	6611
chr5	73351437	73551437	harbor2	chr5	73359346	73359867	LINE/L2	953	+	260	73359606	8169
chr5	73351437	73551437	harbor2	chr5	73361774	73361834	LINE/L2	2100	+	30	73361804	10367
chr5	73351437	73551437	harbor2	chr5	73362138	73362758	LINE/L2	2100	+	310	73362448	11011
chr5	10401998	10601998	harbor2	chr5	10439622	10440233	LINE/L2	531	+	306	10439928	37930
chr5	10401998	10601998	harbor2	chr5	10459126	10459918	LINE/L2	469	+	396	10459522	57524
chr5	37741093	37941093	harbor2	chr5	37806465	37806765	LINE/L2	904	+	150	37806615	65522
chr5	37741093	37941093	harbor2	chr5	37812305	37812503	LINE/L2	599	+	99	37812404	71311
chr5	37741093	37941093	harbor2	chr5	37817748	37818090	LINE/L2	991	+	171	37817919	76826
chr5	37741093	37941093	harbor2	chr5	37818796	37819125	LINE/L2	540	+	164	37818960	77867
chr5	37741093	37941093	harbor2	chr5	37831277	37831397	LINE/L2	473	+	60	37831337	90244
chr5	147722928	147922928	harbor2	chr5	147808761	147810080	LINE/L2	1627	+	660	147809421	86493
chr5	178133234	178333234	harbor2	chr5	178151623	178152294	LINE/L2	929	+	336	178151959	18725
chr5	73354693	73554693	harbor2	chr5	73356214	73356326	LINE/L2	427	+	56	73356270	1577
chr5	73354693	73554693	harbor2	chr5	73357592	73358504	LINE/L2	1489	+	456	73358048	3355
chr5	73354693	73554693	harbor2	chr5	73359346	73359867	LINE/L2	953	+	260	73359606	4913
chr5	73354693	73554693	harbor2	chr5	73361774	73361834	LINE/L2	2100	+	30	73361804	7111
chr5	73354693	73554693	harbor2	chr5	73362138	73362758	LINE/L2	2100	+	310	73362448	7755
chr5	79345178	79545178	harbor2	chr5	79367575	79367992	LINE/L2	464	+	208	79367783	22605
chr5	79345178	79545178	harbor2	chr5	79368289	79368844	LINE/L2	464	+	278	79368567	23389
chr5	91180678	91380678	harbor2	chr5	91212367	91212641	LINE/L2	467	+	137	91212504	31826
chr5	91180678	91380678	harbor2	chr5	91259456	91260224	LINE/L2	1412	+	384	91259840	79162
chr5	143113893	143313893	harbor2	chr5	143121969	143122496	LINE/L2	896	+	264	143122233	8340
chr5	143113893	143313893	harbor2	chr5	143122925	143123043	LINE/L2	784	+	59	143122984	9091
chr5	143113893	143313893	harbor2	chr5	143189813	143189932	LINE/L2	466	+	60	143189873	75980
chr5	132010466	132210466	harbor2	chr5	132024617	132025189	LINE/L2	1159	+	286	132024903	14437
chr5	132010466	132210466	harbor2	chr5	132025493	132026288	LINE/L2	675	+	398	132025891	15425
chr5	132010466	132210466	harbor2	chr5	132027834	132028140	LINE/L2	824	+	153	132027987	17521
chr5	132010466	132210466	harbor2	chr5	132099796	132100499	LINE/L2	1228	+	352	132100148	89682
chr5	10341849	10541849	harbor2	chr5	10439622	10440233	LINE/L2	531	+	306	10439928	98079
chr5	73351468	73551468	harbor2	chr5	73356214	73356326	LINE/L2	427	+	56	73356270	4802
chr5	73351468	73551468	harbor2	chr5	73357592	73358504	LINE/L2	1489	+	456	73358048	6580
chr5	73351468	73551468	harbor2	chr5	73359346	73359867	LINE/L2	953	+	260	73359606	8138
chr5	73351468	73551468	harbor2	chr5	73361774	73361834	LINE/L2	2100	+	30	73361804	10336
chr5	73351468	73551468	harbor2	chr5	73362138	73362758	LINE/L2	2100	+	310	73362448	10980
chr5	134446054	134646054	harbor2	chr5	134489721	134491770	LINE/L2	5667	+	1024	134490745	44691
chr5	134446054	134646054	harbor2	chr5	134520439	134520745	LINE/L2	800	+	153	134520592	74538
chr5	134446054	134646054	harbor2	chr5	134521027	134521427	LINE/L2	1234	+	200	134521227	75173
chr5	134446054	134646054	harbor2	chr5	134536300	134536417	LINE/L2	429	+	58	134536358	90304
chr5	135443984	135643984	harbor2	chr5	135473612	135473810	LINE/L2	503	+	99	135473711	29727
chr5	135443984	135643984	harbor2	chr5	135510152	135510591	LINE/L2	811	+	220	135510372	66388
chr5	135443984	135643984	harbor2	chr5	135530086	135530422	LINE/L2	1170	+	168	135530254	86270
chr5	135443984	135643984	harbor2	chr5	135530775	135531226	LINE/L2	1170	+	226	135531001	87017
chr5	132394503	132594503	harbor2	chr5	132407794	132407952	LINE/L2	411	+	79	132407873	13370
chr5	132394503	132594503	harbor2	chr5	132417308	132417445	LINE/L2	534	+	68	132417376	22873
chr5	132394503	132594503	harbor2	chr5	132417894	132418084	LINE/L2	534	+	95	132417989	23486
chr5	132394503	132594503	harbor2	chr5	132419170	132419359	LINE/L2	643	+	94	132419264	24761
chr5	132394503	132594503	harbor2	chr5	132447530	132447821	LINE/L2	2396	+	146	132447676	53173
chr5	132394503	132594503	harbor2	chr5	132464910	132465203	LINE/L2	490	+	146	132465056	70553
chr5	132394503	132594503	harbor2	chr5	132448134	132449329	LINE/L2	2396	+	598	132448732	54229
chr5	10341903	10541903	harbor2	chr5	10439622	10440233	LINE/L2	531	+	306	10439928	98025
chr5	10341907	10541907	harbor2	chr5	10439622	10440233	LINE/L2	531	+	306	10439928	98021
chr5	10341896	10541896	harbor2	chr5	10439622	10440233	LINE/L2	531	+	306	10439928	98032
chr5	73354567	73554567	harbor2	chr5	73356214	73356326	LINE/L2	427	+	56	73356270	1703
chr5	73354567	73554567	harbor2	chr5	73357592	73358504	LINE/L2	1489	+	456	73358048	3481
chr5	73354567	73554567	harbor2	chr5	73359346	73359867	LINE/L2	953	+	260	73359606	5039
chr5	73354567	73554567	harbor2	chr5	73361774	73361834	LINE/L2	2100	+	30	73361804	7237
chr5	73354567	73554567	harbor2	chr5	73362138	73362758	LINE/L2	2100	+	310	73362448	7881
chr5	134461279	134661279	harbor2	chr5	134489721	134491770	LINE/L2	5667	+	1024	134490745	29466
chr5	134461279	134661279	harbor2	chr5	134520439	134520745	LINE/L2	800	+	153	134520592	59313
chr5	134461279	134661279	harbor2	chr5	134521027	134521427	LINE/L2	1234	+	200	134521227	59948
chr5	134461279	134661279	harbor2	chr5	134536300	134536417	LINE/L2	429	+	58	134536358	75079
chr5	53009476	53209476	harbor2	chr5	53023308	53023633	LINE/L2	414	+	162	53023470	13994
chr5	53009476	53209476	harbor2	chr5	53028576	53028989	LINE/L2	817	+	206	53028782	19306
chr5	53009476	53209476	harbor2	chr5	53029289	53029806	LINE/L2	982	+	258	53029547	20071
chr5	53009476	53209476	harbor2	chr5	53035871	53036044	LINE/L2	1361	+	86	53035957	26481
chr5	53009476	53209476	harbor2	chr5	53036080	53036820	LINE/L2	1479	+	370	53036450	26974
chr5	53009476	53209476	harbor2	chr5	53072190	53072305	LINE/L2	603	+	58	53072248	62772
chr5	168386830	168586830	harbor2	chr5	168421330	168421615	LINE/L2	550	+	142	168421472	34642
chr5	168386830	168586830	harbor2	chr5	168434862	168435420	LINE/L2	1331	+	279	168435141	48311
chr5	168386830	168586830	harbor2	chr5	168435712	168435840	LINE/L2	1331	+	64	168435776	48946
chr5	168386830	168586830	harbor2	chr5	168436143	168436208	LINE/L2	1331	+	32	168436175	49345
chr5	168386830	168586830	harbor2	chr5	168436485	168437310	LINE/L2	1754	+	412	168436897	50067
chr5	168386830	168586830	harbor2	chr5	168437485	168437650	LINE/L2	1290	+	82	168437567	50737
chr5	168386830	168586830	harbor2	chr5	168485905	168486154	LINE/L2	465	+	124	168486029	99199
chr5	177412942	177612942	harbor2	chr5	177425080	177425454	LINE/L2	657	+	187	177425267	12325
chr5	177412942	177612942	harbor2	chr5	177484315	177485260	LINE/L2	1065	+	472	177484787	71845
chr5	177412942	177612942	harbor2	chr5	177498343	177499011	LINE/L2	1757	+	334	177498677	85735
chr5	177412942	177612942	harbor2	chr5	177499632	177500000	LINE/L2	1757	+	184	177499816	86874
chr5	177412942	177612942	harbor2	chr5	177500001	177500202	LINE/L2	743	+	100	177500101	87159
chr5	177412942	177612942	harbor2	chr5	177500513	177500736	LINE/L2	743	+	112	177500625	87683
chr5	7883420	8083420	harbor2	chr5	7894504	7894895	LINE/L2	715	+	196	7894700	11280
chr5	10387001	10587001	harbor2	chr5	10439622	10440233	LINE/L2	531	+	306	10439928	52927
chr5	10387001	10587001	harbor2	chr5	10459126	10459918	LINE/L2	469	+	396	10459522	72521
chr5	52700409	52900409	harbor2	chr5	52710079	52710354	LINE/L2	553	+	138	52710217	9808
chr5	52700409	52900409	harbor2	chr5	52729027	52729171	LINE/L2	435	+	72	52729099	28690
chr5	52700409	52900409	harbor2	chr5	52760719	52760929	LINE/L2	673	+	105	52760824	60415
chr5	52700409	52900409	harbor2	chr5	52761703	52761952	LINE/L2	1067	+	124	52761827	61418
chr5	52700409	52900409	harbor2	chr5	52762335	52762635	LINE/L2	1067	+	150	52762485	62076
chr5	52700409	52900409	harbor2	chr5	52772502	52772792	LINE/L2	428	+	145	52772647	72238
chr5	78833634	79033634	harbor2	chr5	78884957	78885184	LINE/L2	618	+	114	78885071	51437
chr5	78833634	79033634	harbor2	chr5	78920651	78921266	LINE/L2	1175	+	308	78920959	87325
chr5	137654191	137854191	harbor2	chr5	137726985	137727383	LINE/L2	667	+	199	137727184	72993
chr5	137654191	137854191	harbor2	chr5	137727538	137727829	LINE/L2	494	+	146	137727684	73493
chr5	137654191	137854191	harbor2	chr5	137728244	137728359	LINE/L2	494	+	58	137728302	74111
chr5	137654191	137854191	harbor2	chr5	137746277	137746747	LINE/L2	1052	+	235	137746512	92321
chr5	132774151	132974151	harbor2	chr5	132791326	132791445	LINE/L2	1044	+	60	132791386	17235
chr5	132774151	132974151	harbor2	chr5	132791744	132791926	LINE/L2	1044	+	91	132791835	17684
chr5	132774151	132974151	harbor2	chr5	132812343	132812702	LINE/L2	668	+	180	132812523	38372
chr5	132774151	132974151	harbor2	chr5	132792058	132792667	LINE/L2	454	+	304	132792362	18211
chr5	10762842	10962842	harbor2	chr5	10762573	10763073	LINE/L2	754	+	250	10762823	19
chr5	10762842	10962842	harbor2	chr5	10765218	10765363	LINE/L2	641	+	72	10765290	2448
chr5	10762842	10962842	harbor2	chr5	10765687	10765959	LINE/L2	641	+	136	10765823	2981
chr5	133166465	133366465	harbor2	chr5	133214381	133215597	LINE/L2	2467	+	608	133214989	48524
chr5	133166465	133366465	harbor2	chr5	133216077	133216301	LINE/L2	2467	+	112	133216189	49724
chr5	133166465	133366465	harbor2	chr5	133216651	133216858	LINE/L2	2467	+	104	133216755	50290
chr5	133166465	133366465	harbor2	chr5	133230591	133231084	LINE/L2	1208	+	246	133230837	64372
chr5	133166465	133366465	harbor2	chr5	133231098	133231273	LINE/L2	474	+	88	133231186	64721
chr5	133166465	133366465	harbor2	chr5	133256995	133257108	LINE/L2	473	+	56	133257051	90586
chr5	133166465	133366465	harbor2	chr5	133217853	133218986	LINE/L2	1632	+	566	133218419	51954
chr5	37740773	37940773	harbor2	chr5	37806465	37806765	LINE/L2	904	+	150	37806615	65842
chr5	37740773	37940773	harbor2	chr5	37812305	37812503	LINE/L2	599	+	99	37812404	71631
chr5	37740773	37940773	harbor2	chr5	37817748	37818090	LINE/L2	991	+	171	37817919	77146
chr5	37740773	37940773	harbor2	chr5	37818796	37819125	LINE/L2	540	+	164	37818960	78187
chr5	37740773	37940773	harbor2	chr5	37831277	37831397	LINE/L2	473	+	60	37831337	90564
chr5	73351413	73551413	harbor2	chr5	73356214	73356326	LINE/L2	427	+	56	73356270	4857
chr5	73351413	73551413	harbor2	chr5	73357592	73358504	LINE/L2	1489	+	456	73358048	6635
chr5	73351413	73551413	harbor2	chr5	73359346	73359867	LINE/L2	953	+	260	73359606	8193
chr5	73351413	73551413	harbor2	chr5	73361774	73361834	LINE/L2	2100	+	30	73361804	10391
chr5	73351413	73551413	harbor2	chr5	73362138	73362758	LINE/L2	2100	+	310	73362448	11035
chr5	10342482	10542482	harbor2	chr5	10439622	10440233	LINE/L2	531	+	306	10439928	97446
chr5	50869990	51069990	harbor2	chr5	50874296	50875107	LINE/L2	810	+	406	50874702	4712
chr5	6533029	6733029	harbor2	chr5	6546449	6546816	LINE/L2	504	+	184	6546633	13604
chr5	139797098	139997098	harbor2	chr5	139800151	139800429	LINE/L2	881	+	139	139800290	3192
chr5	139797098	139997098	harbor2	chr5	139800577	139800922	LINE/L2	1185	+	172	139800749	3651
chr5	139797098	139997098	harbor2	chr5	139801222	139801373	LINE/L2	1185	+	76	139801298	4200
chr5	139797098	139997098	harbor2	chr5	139801543	139801910	LINE/L2	905	+	184	139801727	4629
chr5	139797098	139997098	harbor2	chr5	139854124	139854374	LINE/L2	497	+	125	139854249	57151
chr5	139797098	139997098	harbor2	chr5	139856956	139857364	LINE/L2	556	+	204	139857160	60062
chr5	139797098	139997098	harbor2	chr5	139857686	139858560	LINE/L2	1170	+	437	139858123	61025
chr5	139797098	139997098	harbor2	chr5	139874292	139874872	LINE/L2	1104	+	290	139874582	77484
chr5	139797098	139997098	harbor2	chr5	139874889	139875010	LINE/L2	689	+	60	139874949	77851
chr5	139797098	139997098	harbor2	chr5	139875311	139875463	LINE/L2	689	+	76	139875387	78289
chr5	53460613	53660613	harbor2	chr5	53471551	53471747	LINE/L2	533	+	98	53471649	11036
chr5	53460613	53660613	harbor2	chr5	53471805	53472116	LINE/L2	462	+	156	53471961	11348
chr6	7720332	7920332	harbor2	chr6	7720410	7720725	LINE/L2	871	+	158	7720568	236
chr6	147104110	147304110	harbor2	chr6	147151103	147151671	LINE/L2	831	+	284	147151387	47277
chr6	147104110	147304110	harbor2	chr6	147152362	147152654	LINE/L2	495	+	146	147152508	48398
chr6	147104110	147304110	harbor2	chr6	147199581	147199796	LINE/L2	624	+	108	147199689	95579
chr6	152902804	153102804	harbor2	chr6	152934571	152935077	LINE/L2	766	+	253	152934824	32020
chr6	7626958	7826958	harbor2	chr6	7711513	7712772	LINE/L2	1523	+	630	7712143	85185
chr6	7626958	7826958	harbor2	chr6	7719728	7719973	LINE/L2	715	+	122	7719850	92892
chr6	7626958	7826958	harbor2	chr6	7720410	7720725	LINE/L2	871	+	158	7720568	93610
chr6	30621444	30821444	harbor2	chr6	30657415	30658065	LINE/L2	1138	+	325	30657740	36296
chr6	37071463	37271463	harbor2	chr6	37112143	37112366	LINE/L2	1138	+	112	37112255	40792
chr6	37071463	37271463	harbor2	chr6	37113070	37113137	LINE/L2	1138	+	34	37113104	41641
chr6	37071463	37271463	harbor2	chr6	37114966	37115248	LINE/L2	857	+	141	37115107	43644
chr6	32870211	33070211	harbor2	chr6	32957844	32958244	LINE/L2	602	+	200	32958044	87833
chr6	118834580	119034580	harbor2	chr6	118899004	118899507	LINE/L2	1363	+	252	118899256	64676
chr6	37002837	37202837	harbor2	chr6	37032003	37032604	LINE/L2	625	+	300	37032303	29466
chr6	37002837	37202837	harbor2	chr6	37032895	37033014	LINE/L2	625	+	60	37032955	30118
chr6	37002837	37202837	harbor2	chr6	37054491	37055084	LINE/L2	894	+	296	37054787	51950
chr6	10445756	10645756	harbor2	chr6	10464286	10465193	LINE/L2	2352	+	454	10464740	18984
chr6	7626956	7826956	harbor2	chr6	7711513	7712772	LINE/L2	1523	+	630	7712143	85187
chr6	7626956	7826956	harbor2	chr6	7719728	7719973	LINE/L2	715	+	122	7719850	92894
chr6	7626956	7826956	harbor2	chr6	7720410	7720725	LINE/L2	871	+	158	7720568	93612
chr6	139488617	139688617	harbor2	chr6	139506727	139507067	LINE/L2	590	+	170	139506897	18280
chr6	139275464	139475464	harbor2	chr6	139322513	139322688	LINE/L2	716	+	88	139322601	47137
chr6	139275464	139475464	harbor2	chr6	139325976	139326109	LINE/L2	524	+	66	139326042	50578
chr6	139275464	139475464	harbor2	chr6	139327216	139327638	LINE/L2	866	+	211	139327427	51963
chr6	63473867	63673867	harbor2	chr6	63563032	63563704	LINE/L2	447	+	336	63563368	89501
chr6	139275450	139475450	harbor2	chr6	139322513	139322688	LINE/L2	716	+	88	139322601	47151
chr6	139275450	139475450	harbor2	chr6	139325976	139326109	LINE/L2	524	+	66	139326042	50592
chr6	139275450	139475450	harbor2	chr6	139327216	139327638	LINE/L2	866	+	211	139327427	51977
chr6	7629037	7829037	harbor2	chr6	7711513	7712772	LINE/L2	1523	+	630	7712143	83106
chr6	7629037	7829037	harbor2	chr6	7719728	7719973	LINE/L2	715	+	122	7719850	90813
chr6	7629037	7829037	harbor2	chr6	7720410	7720725	LINE/L2	871	+	158	7720568	91531
chr6	41095053	41295053	harbor2	chr6	41094950	41095322	LINE/L2	661	+	186	41095136	83
chr6	41095053	41295053	harbor2	chr6	41157521	41157897	LINE/L2	897	+	188	41157709	62656
chr6	139275453	139475453	harbor2	chr6	139322513	139322688	LINE/L2	716	+	88	139322601	47148
chr6	139275453	139475453	harbor2	chr6	139325976	139326109	LINE/L2	524	+	66	139326042	50589
chr6	139275453	139475453	harbor2	chr6	139327216	139327638	LINE/L2	866	+	211	139327427	51974
chr6	37071432	37271432	harbor2	chr6	37112143	37112366	LINE/L2	1138	+	112	37112255	40823
chr6	37071432	37271432	harbor2	chr6	37113070	37113137	LINE/L2	1138	+	34	37113104	41672
chr6	37071432	37271432	harbor2	chr6	37114966	37115248	LINE/L2	857	+	141	37115107	43675
chr6	139275439	139475439	harbor2	chr6	139322513	139322688	LINE/L2	716	+	88	139322601	47162
chr6	139275439	139475439	harbor2	chr6	139325976	139326109	LINE/L2	524	+	66	139326042	50603
chr6	139275439	139475439	harbor2	chr6	139327216	139327638	LINE/L2	866	+	211	139327427	51988
chr6	35469329	35669329	harbor2	chr6	35483975	35484254	LINE/L2	508	+	140	35484115	14786
chr6	35469329	35669329	harbor2	chr6	35501206	35501225	LINE/L2	714	+	10	35501216	31887
chr6	35469329	35669329	harbor2	chr6	35501837	35502153	LINE/L2	1189	+	158	35501995	32666
chr6	35469329	35669329	harbor2	chr6	35502799	35502925	LINE/L2	1189	+	63	35502862	33533
chr6	35469329	35669329	harbor2	chr6	35503238	35503336	LINE/L2	1189	+	49	35503287	33958
chr6	35469329	35669329	harbor2	chr6	35534492	35534970	LINE/L2	1050	+	239	35534731	65402
chr6	35469329	35669329	harbor2	chr6	35535261	35535422	LINE/L2	1050	+	80	35535341	66012
chr6	13879117	14079117	harbor2	chr6	13886644	13886775	LINE/L2	520	+	66	13886710	7593
chr6	13879117	14079117	harbor2	chr6	13887046	13887262	LINE/L2	520	+	108	13887154	8037
chr6	13879117	14079117	harbor2	chr6	13888700	13889051	LINE/L2	474	+	176	13888876	9759
chr6	13879117	14079117	harbor2	chr6	13917924	13918198	LINE/L2	488	+	137	13918061	38944
chr6	167863275	168063275	harbor2	chr6	167878636	167879137	LINE/L2	514	+	250	167878886	15611
chr6	167863275	168063275	harbor2	chr6	167903612	167904209	LINE/L2	1136	+	298	167903910	40635
chr6	167863275	168063275	harbor2	chr6	167904510	167904731	LINE/L2	1136	+	110	167904620	41345
chr6	167863275	168063275	harbor2	chr6	167956387	167956931	LINE/L2	604	+	272	167956659	93384
chr6	7626983	7826983	harbor2	chr6	7711513	7712772	LINE/L2	1523	+	630	7712143	85160
chr6	7626983	7826983	harbor2	chr6	7719728	7719973	LINE/L2	715	+	122	7719850	92867
chr6	7626983	7826983	harbor2	chr6	7720410	7720725	LINE/L2	871	+	158	7720568	93585
chr6	37074400	37274400	harbor2	chr6	37112143	37112366	LINE/L2	1138	+	112	37112255	37855
chr6	37074400	37274400	harbor2	chr6	37113070	37113137	LINE/L2	1138	+	34	37113104	38704
chr6	37074400	37274400	harbor2	chr6	37114966	37115248	LINE/L2	857	+	141	37115107	40707
chr6	161064077	161264077	harbor2	chr6	161082645	161083409	LINE/L2	1386	+	382	161083027	18950
chr6	6447005	6647005	harbor2	chr6	6487754	6488047	LINE/L2	639	+	146	6487900	40895
chr6	6447005	6647005	harbor2	chr6	6539014	6539609	LINE/L2	956	+	298	6539312	92307
chr6	138473227	138673227	harbor2	chr6	138483574	138483796	LINE/L2	630	+	111	138483685	10458
chr6	138473227	138673227	harbor2	chr6	138508626	138508791	LINE/L2	472	+	82	138508708	35481
chr6	63703058	63903058	harbor2	chr6	63722881	63723084	LINE/L2	521	+	102	63722983	19925
chr6	63703058	63903058	harbor2	chr6	63729766	63730478	LINE/L2	1165	+	356	63730122	27064
chr6	7628030	7828030	harbor2	chr6	7711513	7712772	LINE/L2	1523	+	630	7712143	84113
chr6	7628030	7828030	harbor2	chr6	7719728	7719973	LINE/L2	715	+	122	7719850	91820
chr6	7628030	7828030	harbor2	chr6	7720410	7720725	LINE/L2	871	+	158	7720568	92538
chr6	139292147	139492147	harbor2	chr6	139322513	139322688	LINE/L2	716	+	88	139322601	30454
chr6	139292147	139492147	harbor2	chr6	139325976	139326109	LINE/L2	524	+	66	139326042	33895
chr6	139292147	139492147	harbor2	chr6	139327216	139327638	LINE/L2	866	+	211	139327427	35280
chr6	139292147	139492147	harbor2	chr6	139378145	139378467	LINE/L2	577	+	161	139378306	86159
chr6	139275441	139475441	harbor2	chr6	139322513	139322688	LINE/L2	716	+	88	139322601	47160
chr6	139275441	139475441	harbor2	chr6	139325976	139326109	LINE/L2	524	+	66	139326042	50601
chr6	139275441	139475441	harbor2	chr6	139327216	139327638	LINE/L2	866	+	211	139327427	51986
chr6	166057634	166257634	harbor2	chr6	166090132	166090189	LINE/L2	453	+	28	166090160	32526
chr6	166057634	166257634	harbor2	chr6	166090494	166090614	LINE/L2	453	+	60	166090554	32920
chr6	166057634	166257634	harbor2	chr6	166090984	166092016	LINE/L2	453	+	516	166091500	33866
chr6	43872696	44072696	harbor2	chr6	43878189	43878571	LINE/L2	531	+	191	43878380	5684
chr6	43872696	44072696	harbor2	chr6	43882603	43882852	LINE/L2	476	+	124	43882727	10031
chr6	43872696	44072696	harbor2	chr6	43883605	43883780	LINE/L2	474	+	88	43883693	10997
chr6	43872696	44072696	harbor2	chr6	43883822	43883947	LINE/L2	474	+	62	43883884	11188
chr6	43872696	44072696	harbor2	chr6	43902918	43903040	LINE/L2	528	+	61	43902979	30283
chr6	43872696	44072696	harbor2	chr6	43952724	43953213	LINE/L2	1771	+	244	43952968	80272
chr6	37189816	37389816	harbor2	chr6	37202167	37202194	LINE/L2	873	+	14	37202181	12365
chr6	37189816	37389816	harbor2	chr6	37202492	37202977	LINE/L2	873	+	242	37202734	12918
chr6	37189816	37389816	harbor2	chr6	37206702	37206964	LINE/L2	463	+	131	37206833	17017
chr6	37189816	37389816	harbor2	chr6	37232770	37233322	LINE/L2	463	+	276	37233046	43230
chr6	37189816	37389816	harbor2	chr6	37233676	37233726	LINE/L2	463	+	25	37233701	43885
chr6	37189816	37389816	harbor2	chr6	37271880	37271996	LINE/L2	529	+	58	37271938	82122
chr6	139275444	139475444	harbor2	chr6	139322513	139322688	LINE/L2	716	+	88	139322601	47157
chr6	139275444	139475444	harbor2	chr6	139325976	139326109	LINE/L2	524	+	66	139326042	50598
chr6	139275444	139475444	harbor2	chr6	139327216	139327638	LINE/L2	866	+	211	139327427	51983
chr6	167863262	168063262	harbor2	chr6	167878636	167879137	LINE/L2	514	+	250	167878886	15624
chr6	167863262	168063262	harbor2	chr6	167903612	167904209	LINE/L2	1136	+	298	167903910	40648
chr6	167863262	168063262	harbor2	chr6	167904510	167904731	LINE/L2	1136	+	110	167904620	41358
chr6	167863262	168063262	harbor2	chr6	167956387	167956931	LINE/L2	604	+	272	167956659	93397
chr6	37073934	37273934	harbor2	chr6	37112143	37112366	LINE/L2	1138	+	112	37112255	38321
chr6	37073934	37273934	harbor2	chr6	37113070	37113137	LINE/L2	1138	+	34	37113104	39170
chr6	37073934	37273934	harbor2	chr6	37114966	37115248	LINE/L2	857	+	141	37115107	41173
chr6	37072538	37272538	harbor2	chr6	37112143	37112366	LINE/L2	1138	+	112	37112255	39717
chr6	37072538	37272538	harbor2	chr6	37113070	37113137	LINE/L2	1138	+	34	37113104	40566
chr6	37072538	37272538	harbor2	chr6	37114966	37115248	LINE/L2	857	+	141	37115107	42569
chr6	165561181	165761181	harbor2	chr6	165579447	165580192	LINE/L2	1118	+	372	165579819	18638
chr6	165561181	165761181	harbor2	chr6	165596134	165596448	LINE/L2	1214	+	157	165596291	35110
chr6	165561181	165761181	harbor2	chr6	165596745	165597257	LINE/L2	1214	+	256	165597001	35820
chr6	165561181	165761181	harbor2	chr6	165655190	165655800	LINE/L2	784	+	305	165655495	94314
chr6	33522490	33722490	harbor2	chr6	33537262	33537381	LINE/L2	493	+	60	33537322	14832
chr6	33522490	33722490	harbor2	chr6	33596552	33596700	LINE/L2	727	+	74	33596626	74136
chr6	33522490	33722490	harbor2	chr6	33597014	33597204	LINE/L2	727	+	95	33597109	74619
chr6	33522490	33722490	harbor2	chr6	33597502	33597689	LINE/L2	801	+	94	33597596	75106
chr6	33522490	33722490	harbor2	chr6	33597809	33597845	LINE/L2	801	+	18	33597827	75337
chr6	152219275	152419275	harbor2	chr6	152276860	152276878	LINE/L2	577	+	9	152276869	57594
chr6	152219275	152419275	harbor2	chr6	152277190	152277252	LINE/L2	577	+	31	152277221	57946
chr6	152219275	152419275	harbor2	chr6	152277588	152277912	LINE/L2	577	+	162	152277750	58475
chr6	152219275	152419275	harbor2	chr6	152284971	152285831	LINE/L2	1139	+	430	152285401	66126
chr6	152219275	152419275	harbor2	chr6	152296952	152297576	LINE/L2	470	+	312	152297264	77989
chr6	52583140	52783140	harbor2	chr6	52620154	52620662	LINE/L2	819	+	254	52620408	37268
chr6	52583140	52783140	harbor2	chr6	52672433	52673141	LINE/L2	523	+	354	52672787	89647
chr6	139275438	139475438	harbor2	chr6	139322513	139322688	LINE/L2	716	+	88	139322601	47163
chr6	139275438	139475438	harbor2	chr6	139325976	139326109	LINE/L2	524	+	66	139326042	50604
chr6	139275438	139475438	harbor2	chr6	139327216	139327638	LINE/L2	866	+	211	139327427	51989
chr6	37253997	37453997	harbor2	chr6	37271880	37271996	LINE/L2	529	+	58	37271938	17941
chr6	30621530	30821530	harbor2	chr6	30657415	30658065	LINE/L2	1138	+	325	30657740	36210
chr6	139336768	139536768	harbor2	chr6	139378145	139378467	LINE/L2	577	+	161	139378306	41538
chr6	139336768	139536768	harbor2	chr6	139397811	139398071	LINE/L2	560	+	130	139397941	61173
chr6	139336768	139536768	harbor2	chr6	139398660	139399072	LINE/L2	560	+	206	139398866	62098
chr6	43739619	43939619	harbor2	chr6	43749687	43750064	LINE/L2	892	+	188	43749875	10256
chr6	43739619	43939619	harbor2	chr6	43750374	43750410	LINE/L2	892	+	18	43750392	10773
chr6	43739619	43939619	harbor2	chr6	43750706	43750871	LINE/L2	892	+	82	43750788	11169
chr6	43739619	43939619	harbor2	chr6	43788254	43788781	LINE/L2	1074	+	264	43788518	48899
chr6	43739619	43939619	harbor2	chr6	43789492	43789615	LINE/L2	653	+	62	43789554	49935
chr6	43739619	43939619	harbor2	chr6	43800269	43800826	LINE/L2	1461	+	278	43800547	60928
chr6	43739619	43939619	harbor2	chr6	43802275	43803057	LINE/L2	617	+	391	43802666	63047
chr6	52477059	52677059	harbor2	chr6	52546848	52546962	LINE/L2	467	+	57	52546905	69846
chr6	43416854	43616854	harbor2	chr6	43457886	43458060	LINE/L2	587	+	87	43457973	41119
chr6	43416854	43616854	harbor2	chr6	43460404	43460563	LINE/L2	4584	+	80	43460484	43630
chr6	43416854	43616854	harbor2	chr6	43461133	43461149	LINE/L2	4584	+	8	43461141	44287
chr6	43416854	43616854	harbor2	chr6	43461466	43461657	LINE/L2	4584	+	96	43461562	44708
chr6	43416854	43616854	harbor2	chr6	43461959	43462962	LINE/L2	4584	+	502	43462461	45607
chr6	43416854	43616854	harbor2	chr6	43463112	43463437	LINE/L2	4584	+	162	43463274	46420
chr6	43416854	43616854	harbor2	chr6	43463716	43463767	LINE/L2	4584	+	26	43463742	46888
chr6	43416854	43616854	harbor2	chr6	43464087	43464197	LINE/L2	710	+	55	43464142	47288
chr6	43416854	43616854	harbor2	chr6	43464507	43464728	LINE/L2	710	+	110	43464617	47763
chr6	43416854	43616854	harbor2	chr6	43482451	43482761	LINE/L2	593	+	155	43482606	65752
chr6	37002843	37202843	harbor2	chr6	37032003	37032604	LINE/L2	625	+	300	37032303	29460
chr6	37002843	37202843	harbor2	chr6	37032895	37033014	LINE/L2	625	+	60	37032955	30112
chr6	37002843	37202843	harbor2	chr6	37054491	37055084	LINE/L2	894	+	296	37054787	51944
chr6	30370013	30570013	harbor2	chr6	30440018	30440437	LINE/L2	503	+	210	30440228	70215
chr6	108995339	109195339	harbor2	chr6	108995862	108996188	LINE/L2	466	+	163	108996025	686
chr6	108995339	109195339	harbor2	chr6	109014912	109015049	LINE/L2	471	+	68	109014980	19641
chr6	108995339	109195339	harbor2	chr6	109044612	109044742	LINE/L2	568	+	65	109044677	49338
chr6	108995339	109195339	harbor2	chr6	109045036	109045893	LINE/L2	600	+	428	109045464	50125
chr6	108995339	109195339	harbor2	chr6	109073228	109073348	LINE/L2	497	+	60	109073288	77949
chr6	108995339	109195339	harbor2	chr6	109089667	109090059	LINE/L2	727	+	196	109089863	94524
chr6	108995339	109195339	harbor2	chr6	109091463	109091811	LINE/L2	491	+	174	109091637	96298
chr6	27419515	27619515	harbor2	chr6	27419624	27419956	LINE/L2	1026	+	166	27419790	275
chr6	27419515	27619515	harbor2	chr6	27448099	27448765	LINE/L2	1431	+	333	27448432	28917
chr6	27419515	27619515	harbor2	chr6	27443141	27444852	LINE/L2	4158	+	856	27443997	24482
chr6	4985270	5185270	harbor2	chr6	5006336	5006718	LINE/L2	670	+	191	5006527	21257
chr6	4985270	5185270	harbor2	chr6	5069780	5069954	LINE/L2	734	+	87	5069867	84597
chr6	139373354	139573354	harbor2	chr6	139378145	139378467	LINE/L2	577	+	161	139378306	4952
chr6	139373354	139573354	harbor2	chr6	139397811	139398071	LINE/L2	560	+	130	139397941	24587
chr6	139373354	139573354	harbor2	chr6	139398660	139399072	LINE/L2	560	+	206	139398866	25512
chr6	139373354	139573354	harbor2	chr6	139446980	139447483	LINE/L2	603	+	252	139447232	73878
chr6	139373354	139573354	harbor2	chr6	139460458	139460670	LINE/L2	456	+	106	139460564	87210
chr6	30946660	31146660	harbor2	chr6	31018636	31019440	LINE/L2	1389	+	402	31019038	72378
chr6	30946660	31146660	harbor2	chr6	31024709	31024866	LINE/L2	590	+	78	31024787	78127
chr6	30946660	31146660	harbor2	chr6	31025148	31025403	LINE/L2	590	+	128	31025276	78616
chr6	52185079	52385079	harbor2	chr6	52203320	52203701	LINE/L2	1390	+	190	52203510	18431
chr6	52185079	52385079	harbor2	chr6	52207802	52207965	LINE/L2	521	+	82	52207884	22805
chr6	3749942	3949942	harbor2	chr6	3757327	3757455	LINE/L2	510	+	64	3757391	7449
chr6	3749942	3949942	harbor2	chr6	3757611	3757849	LINE/L2	510	+	119	3757730	7788
chr6	3749942	3949942	harbor2	chr6	3805718	3805834	LINE/L2	464	+	58	3805776	55834
chr6	39129464	39329464	harbor2	chr6	39202050	39202177	LINE/L2	619	+	64	39202114	72650
chr6	151352799	151552799	harbor2	chr6	151448190	151448462	LINE/L2	942	+	136	151448326	95527
chr6	151352799	151552799	harbor2	chr6	151448466	151448808	LINE/L2	870	+	171	151448637	95838
chr6	151352799	151552799	harbor2	chr6	151449386	151449623	LINE/L2	870	+	118	151449504	96705
chr6	139275442	139475442	harbor2	chr6	139322513	139322688	LINE/L2	716	+	88	139322601	47159
chr6	139275442	139475442	harbor2	chr6	139325976	139326109	LINE/L2	524	+	66	139326042	50600
chr6	139275442	139475442	harbor2	chr6	139327216	139327638	LINE/L2	866	+	211	139327427	51985
chr6	146813947	147013947	harbor2	chr6	146901229	146901614	LINE/L2	1051	+	192	146901421	87474
chr6	146813947	147013947	harbor2	chr6	146901686	146901705	LINE/L2	1051	+	10	146901696	87749
chr6	106533593	106733593	harbor2	chr6	106554739	106554863	LINE/L2	503	+	62	106554801	21208
chr6	106533593	106733593	harbor2	chr6	106591083	106591323	LINE/L2	526	+	120	106591203	57610
chr6	27415796	27615796	harbor2	chr6	27419624	27419956	LINE/L2	1026	+	166	27419790	3994
chr6	27415796	27615796	harbor2	chr6	27448099	27448765	LINE/L2	1431	+	333	27448432	32636
chr6	27415796	27615796	harbor2	chr6	27443141	27444852	LINE/L2	4158	+	856	27443997	28201
chr6	41092984	41292984	harbor2	chr6	41094950	41095322	LINE/L2	661	+	186	41095136	2152
chr6	41092984	41292984	harbor2	chr6	41157521	41157897	LINE/L2	897	+	188	41157709	64725
chr6	37072323	37272323	harbor2	chr6	37112143	37112366	LINE/L2	1138	+	112	37112255	39932
chr6	37072323	37272323	harbor2	chr6	37113070	37113137	LINE/L2	1138	+	34	37113104	40781
chr6	37072323	37272323	harbor2	chr6	37114966	37115248	LINE/L2	857	+	141	37115107	42784
chr6	139276317	139476317	harbor2	chr6	139322513	139322688	LINE/L2	716	+	88	139322601	46284
chr6	139276317	139476317	harbor2	chr6	139325976	139326109	LINE/L2	524	+	66	139326042	49725
chr6	139276317	139476317	harbor2	chr6	139327216	139327638	LINE/L2	866	+	211	139327427	51110
chr6	124977679	125177679	harbor2	chr6	124989792	124990786	LINE/L2	2944	+	497	124990289	12610
chr6	124977679	125177679	harbor2	chr6	124991057	124991655	LINE/L2	2944	+	299	124991356	13677
chr6	124977679	125177679	harbor2	chr6	125065874	125066837	LINE/L2	1747	+	482	125066356	88677
chr6	124977679	125177679	harbor2	chr6	125068311	125068574	LINE/L2	468	+	132	125068443	90764
chr6	37002888	37202888	harbor2	chr6	37032003	37032604	LINE/L2	625	+	300	37032303	29415
chr6	37002888	37202888	harbor2	chr6	37032895	37033014	LINE/L2	625	+	60	37032955	30067
chr6	37002888	37202888	harbor2	chr6	37054491	37055084	LINE/L2	894	+	296	37054787	51899
chr6	37071349	37271349	harbor2	chr6	37112143	37112366	LINE/L2	1138	+	112	37112255	40906
chr6	37071349	37271349	harbor2	chr6	37113070	37113137	LINE/L2	1138	+	34	37113104	41755
chr6	37071349	37271349	harbor2	chr6	37114966	37115248	LINE/L2	857	+	141	37115107	43758
chr6	139419971	139619971	harbor2	chr6	139446980	139447483	LINE/L2	603	+	252	139447232	27261
chr6	139419971	139619971	harbor2	chr6	139506727	139507067	LINE/L2	590	+	170	139506897	86926
chr6	139419971	139619971	harbor2	chr6	139460458	139460670	LINE/L2	456	+	106	139460564	40593
chr6	37003451	37203451	harbor2	chr6	37032003	37032604	LINE/L2	625	+	300	37032303	28852
chr6	37003451	37203451	harbor2	chr6	37032895	37033014	LINE/L2	625	+	60	37032955	29504
chr6	37003451	37203451	harbor2	chr6	37054491	37055084	LINE/L2	894	+	296	37054787	51336
chr6	139275455	139475455	harbor2	chr6	139322513	139322688	LINE/L2	716	+	88	139322601	47146
chr6	139275455	139475455	harbor2	chr6	139325976	139326109	LINE/L2	524	+	66	139326042	50587
chr6	139275455	139475455	harbor2	chr6	139327216	139327638	LINE/L2	866	+	211	139327427	51972
chr6	11912017	12112017	harbor2	chr6	11959280	11959712	LINE/L2	492	+	216	11959496	47479
chr6	11912017	12112017	harbor2	chr6	11961030	11961407	LINE/L2	840	+	188	11961218	49201
chr6	11912017	12112017	harbor2	chr6	11960162	11960482	LINE/L2	840	+	160	11960322	48305
chr6	37072379	37272379	harbor2	chr6	37112143	37112366	LINE/L2	1138	+	112	37112255	39876
chr6	37072379	37272379	harbor2	chr6	37113070	37113137	LINE/L2	1138	+	34	37113104	40725
chr6	37072379	37272379	harbor2	chr6	37114966	37115248	LINE/L2	857	+	141	37115107	42728
chr6	56126551	56326551	harbor2	chr6	56147227	56147465	LINE/L2	573	+	119	56147346	20795
chr6	56126551	56326551	harbor2	chr6	56149522	56150064	LINE/L2	1385	+	271	56149793	23242
chr6	56126551	56326551	harbor2	chr6	56153191	56154005	LINE/L2	1816	+	407	56153598	27047
chr6	56126551	56326551	harbor2	chr6	56154377	56154774	LINE/L2	1816	+	198	56154575	28024
chr6	41839250	42039250	harbor2	chr6	41858494	41859008	LINE/L2	1811	+	257	41858751	19501
chr6	41839250	42039250	harbor2	chr6	41859005	41859623	LINE/L2	763	+	309	41859314	20064
chr6	41839250	42039250	harbor2	chr6	41922873	41923128	LINE/L2	780	+	128	41923001	83751
chr6	41839250	42039250	harbor2	chr6	41923735	41924060	LINE/L2	780	+	162	41923897	84647
chr6	41839250	42039250	harbor2	chr6	41924371	41924430	LINE/L2	640	+	30	41924401	85151
chr6	41839250	42039250	harbor2	chr6	41924473	41924601	LINE/L2	640	+	64	41924537	85287
chr6	32071139	32271139	harbor2	chr6	32074492	32074686	LINE/L2	1613	+	97	32074589	3450
chr6	32071139	32271139	harbor2	chr6	32074980	32075739	LINE/L2	1613	+	380	32075360	4221
chr6	32071139	32271139	harbor2	chr6	32104214	32104633	LINE/L2	680	+	210	32104424	33285
chr6	32071139	32271139	harbor2	chr6	32104937	32105563	LINE/L2	680	+	313	32105250	34111
chr6	37071596	37271596	harbor2	chr6	37112143	37112366	LINE/L2	1138	+	112	37112255	40659
chr6	37071596	37271596	harbor2	chr6	37113070	37113137	LINE/L2	1138	+	34	37113104	41508
chr6	37071596	37271596	harbor2	chr6	37114966	37115248	LINE/L2	857	+	141	37115107	43511
chr6	167863251	168063251	harbor2	chr6	167878636	167879137	LINE/L2	514	+	250	167878886	15635
chr6	167863251	168063251	harbor2	chr6	167903612	167904209	LINE/L2	1136	+	298	167903910	40659
chr6	167863251	168063251	harbor2	chr6	167904510	167904731	LINE/L2	1136	+	110	167904620	41369
chr6	167863251	168063251	harbor2	chr6	167956387	167956931	LINE/L2	604	+	272	167956659	93408
chr6	41449219	41649219	harbor2	chr6	41478392	41478625	LINE/L2	1169	+	116	41478508	29289
chr6	41449219	41649219	harbor2	chr6	41482701	41482841	LINE/L2	1169	+	70	41482771	33552
chr6	41449219	41649219	harbor2	chr6	41513608	41513945	LINE/L2	934	+	168	41513776	64557
chr6	41449219	41649219	harbor2	chr6	41514241	41514721	LINE/L2	934	+	240	41514481	65262
chr6	37070833	37270833	harbor2	chr6	37112143	37112366	LINE/L2	1138	+	112	37112255	41422
chr6	37070833	37270833	harbor2	chr6	37113070	37113137	LINE/L2	1138	+	34	37113104	42271
chr6	37070833	37270833	harbor2	chr6	37114966	37115248	LINE/L2	857	+	141	37115107	44274
chr6	52190864	52390864	harbor2	chr6	52203320	52203701	LINE/L2	1390	+	190	52203510	12646
chr6	52190864	52390864	harbor2	chr6	52207802	52207965	LINE/L2	521	+	82	52207884	17020
chr6	23317064	23517064	harbor2	chr6	23333721	23334380	LINE/L2	1296	+	330	23334051	16987
chr6	23317064	23517064	harbor2	chr6	23366618	23367745	LINE/L2	2047	+	564	23367182	50118
chr6	23317064	23517064	harbor2	chr6	23370140	23370391	LINE/L2	462	+	126	23370266	53202
chr6	139275447	139475447	harbor2	chr6	139322513	139322688	LINE/L2	716	+	88	139322601	47154
chr6	139275447	139475447	harbor2	chr6	139325976	139326109	LINE/L2	524	+	66	139326042	50595
chr6	139275447	139475447	harbor2	chr6	139327216	139327638	LINE/L2	866	+	211	139327427	51980
chr6	41462100	41662100	harbor2	chr6	41478392	41478625	LINE/L2	1169	+	116	41478508	16408
chr6	41462100	41662100	harbor2	chr6	41482701	41482841	LINE/L2	1169	+	70	41482771	20671
chr6	41462100	41662100	harbor2	chr6	41513608	41513945	LINE/L2	934	+	168	41513776	51676
chr6	41462100	41662100	harbor2	chr6	41514241	41514721	LINE/L2	934	+	240	41514481	52381
chr6	37073886	37273886	harbor2	chr6	37112143	37112366	LINE/L2	1138	+	112	37112255	38369
chr6	37073886	37273886	harbor2	chr6	37113070	37113137	LINE/L2	1138	+	34	37113104	39218
chr6	37073886	37273886	harbor2	chr6	37114966	37115248	LINE/L2	857	+	141	37115107	41221
chr6	167863272	168063272	harbor2	chr6	167878636	167879137	LINE/L2	514	+	250	167878886	15614
chr6	167863272	168063272	harbor2	chr6	167903612	167904209	LINE/L2	1136	+	298	167903910	40638
chr6	167863272	168063272	harbor2	chr6	167904510	167904731	LINE/L2	1136	+	110	167904620	41348
chr6	167863272	168063272	harbor2	chr6	167956387	167956931	LINE/L2	604	+	272	167956659	93387
chr6	30621455	30821455	harbor2	chr6	30657415	30658065	LINE/L2	1138	+	325	30657740	36285
chr6	64723204	64923204	harbor2	chr6	64784451	64784610	LINE/L2	603	+	80	64784531	61327
chr6	127447015	127647015	harbor2	chr6	127488049	127488524	LINE/L2	1120	+	238	127488287	41272
chr6	127447015	127647015	harbor2	chr6	127534935	127535823	LINE/L2	933	+	444	127535379	88364
chr6	56333514	56533514	harbor2	chr6	56410233	56411321	LINE/L2	2579	+	544	56410777	77263
chr6	56333514	56533514	harbor2	chr6	56411625	56411807	LINE/L2	2579	+	91	56411716	78202
chr6	56333514	56533514	harbor2	chr6	56412102	56412551	LINE/L2	2579	+	224	56412326	78812
chr6	7634787	7834787	harbor2	chr6	7711513	7712772	LINE/L2	1523	+	630	7712143	77356
chr6	7634787	7834787	harbor2	chr6	7719728	7719973	LINE/L2	715	+	122	7719850	85063
chr6	7634787	7834787	harbor2	chr6	7720410	7720725	LINE/L2	871	+	158	7720568	85781
chr6	7628065	7828065	harbor2	chr6	7711513	7712772	LINE/L2	1523	+	630	7712143	84078
chr6	7628065	7828065	harbor2	chr6	7719728	7719973	LINE/L2	715	+	122	7719850	91785
chr6	7628065	7828065	harbor2	chr6	7720410	7720725	LINE/L2	871	+	158	7720568	92503
chr6	149646190	149846190	harbor2	chr6	149691455	149692189	LINE/L2	465	+	367	149691822	45632
chr6	149646190	149846190	harbor2	chr6	149728652	149728969	LINE/L2	557	+	158	149728810	82620
chr6	146972244	147172244	harbor2	chr6	147028765	147028954	LINE/L2	524	+	94	147028859	56615
chr6	146972244	147172244	harbor2	chr6	147043293	147043552	LINE/L2	497	+	130	147043423	71179
chr6	146972244	147172244	harbor2	chr6	147045656	147045891	LINE/L2	502	+	118	147045774	73530
chr6	146972244	147172244	harbor2	chr6	147048890	147049732	LINE/L2	1883	+	421	147049311	77067
chr6	158127245	158327245	harbor2	chr6	158157471	158157585	LINE/L2	498	+	57	158157528	30283
chr6	158127245	158327245	harbor2	chr6	158165462	158165889	LINE/L2	792	+	214	158165676	38431
chr6	158127245	158327245	harbor2	chr6	158188828	158189705	LINE/L2	1946	+	438	158189266	62021
chr6	158127245	158327245	harbor2	chr6	158190003	158190070	LINE/L2	1149	+	34	158190037	62792
chr6	158127245	158327245	harbor2	chr6	158190198	158190580	LINE/L2	1149	+	191	158190389	63144
chr7	44442212	44642212	harbor2	chr7	44471888	44472172	LINE/L2	588	+	142	44472030	29818
chr7	100516880	100716880	harbor2	chr7	100534982	100535231	LINE/L2	692	+	124	100535106	18226
chr7	100516880	100716880	harbor2	chr7	100536054	100536082	LINE/L2	692	+	14	100536068	19188
chr7	100516880	100716880	harbor2	chr7	100538279	100538465	LINE/L2	632	+	93	100538372	21492
chr7	28134889	28334889	harbor2	chr7	28143848	28143995	LINE/L2	483	+	74	28143922	9033
chr7	28134889	28334889	harbor2	chr7	28160294	28160486	LINE/L2	654	+	96	28160390	25501
chr7	28134889	28334889	harbor2	chr7	28165586	28165966	LINE/L2	943	+	190	28165776	30887
chr7	28134889	28334889	harbor2	chr7	28176354	28176724	LINE/L2	935	+	185	28176539	41650
chr7	28134889	28334889	harbor2	chr7	28214852	28214943	LINE/L2	469	+	46	28214898	80009
chr7	28134889	28334889	harbor2	chr7	28215239	28215417	LINE/L2	469	+	89	28215328	80439
chr7	28134889	28334889	harbor2	chr7	28221852	28222737	LINE/L2	2495	+	442	28222294	87405
chr7	152335429	152535429	harbor2	chr7	152373241	152373379	LINE/L2	454	+	69	152373310	37881
chr7	152335429	152535429	harbor2	chr7	152384200	152384536	LINE/L2	529	+	168	152384368	48939
chr7	152335429	152535429	harbor2	chr7	152394029	152394816	LINE/L2	1312	+	394	152394423	58994
chr7	26995485	27195485	harbor2	chr7	27057204	27057396	LINE/L2	582	+	96	27057300	61815
chr7	26995485	27195485	harbor2	chr7	27057694	27057928	LINE/L2	582	+	117	27057811	62326
chr7	86417400	86617400	harbor2	chr7	86476352	86476777	LINE/L2	934	+	212	86476564	59164
chr7	86417400	86617400	harbor2	chr7	86476792	86477379	LINE/L2	956	+	294	86477086	59686
chr7	86417400	86617400	harbor2	chr7	86489053	86489545	LINE/L2	463	+	246	86489299	71899
chr7	86417400	86617400	harbor2	chr7	86492223	86492697	LINE/L2	1054	+	237	86492460	75060
chr7	25270423	25470423	harbor2	chr7	25361319	25361447	LINE/L2	481	+	64	25361383	90960
chr7	28080572	28280572	harbor2	chr7	28103046	28103293	LINE/L2	455	+	124	28103170	22598
chr7	28080572	28280572	harbor2	chr7	28103468	28104450	LINE/L2	2052	+	491	28103959	23387
chr7	28080572	28280572	harbor2	chr7	28123072	28123555	LINE/L2	809	+	242	28123314	42742
chr7	28080572	28280572	harbor2	chr7	28133686	28134140	LINE/L2	753	+	227	28133913	53341
chr7	28080572	28280572	harbor2	chr7	28143848	28143995	LINE/L2	483	+	74	28143922	63350
chr7	28080572	28280572	harbor2	chr7	28160294	28160486	LINE/L2	654	+	96	28160390	79818
chr7	28080572	28280572	harbor2	chr7	28165586	28165966	LINE/L2	943	+	190	28165776	85204
chr7	28080572	28280572	harbor2	chr7	28176354	28176724	LINE/L2	935	+	185	28176539	95967
chr7	148599806	148799806	harbor2	chr7	148642707	148643182	LINE/L2	558	+	238	148642945	43139
chr7	148599806	148799806	harbor2	chr7	148643736	148644152	LINE/L2	483	+	208	148643944	44138
chr7	148599806	148799806	harbor2	chr7	148645093	148645622	LINE/L2	478	+	264	148645357	45551
chr7	123649533	123849533	harbor2	chr7	123650745	123650992	LINE/L2	469	+	124	123650869	1336
chr7	123649533	123849533	harbor2	chr7	123652037	123652315	LINE/L2	905	+	139	123652176	2643
chr7	123649533	123849533	harbor2	chr7	123670650	123670752	LINE/L2	525	+	51	123670701	21168
chr7	123649533	123849533	harbor2	chr7	123671065	123671417	LINE/L2	525	+	176	123671241	21708
chr7	123649533	123849533	harbor2	chr7	123684869	123685731	LINE/L2	729	+	431	123685300	35767
chr7	123649533	123849533	harbor2	chr7	123686885	123687768	LINE/L2	1372	+	442	123687327	37794
chr7	32628830	32828830	harbor2	chr7	32650878	32651091	LINE/L2	455	+	106	32650984	22154
chr7	32628830	32828830	harbor2	chr7	32721225	32721351	LINE/L2	510	+	63	32721288	92458
chr7	32628830	32828830	harbor2	chr7	32724374	32725232	LINE/L2	804	+	429	32724803	95973
chr7	28082123	28282123	harbor2	chr7	28103046	28103293	LINE/L2	455	+	124	28103170	21047
chr7	28082123	28282123	harbor2	chr7	28103468	28104450	LINE/L2	2052	+	491	28103959	21836
chr7	28082123	28282123	harbor2	chr7	28123072	28123555	LINE/L2	809	+	242	28123314	41191
chr7	28082123	28282123	harbor2	chr7	28133686	28134140	LINE/L2	753	+	227	28133913	51790
chr7	28082123	28282123	harbor2	chr7	28143848	28143995	LINE/L2	483	+	74	28143922	61799
chr7	28082123	28282123	harbor2	chr7	28160294	28160486	LINE/L2	654	+	96	28160390	78267
chr7	28082123	28282123	harbor2	chr7	28165586	28165966	LINE/L2	943	+	190	28165776	83653
chr7	28082123	28282123	harbor2	chr7	28176354	28176724	LINE/L2	935	+	185	28176539	94416
chr7	77596422	77796422	harbor2	chr7	77684038	77684593	LINE/L2	701	+	278	77684316	87894
chr7	27005184	27205184	harbor2	chr7	27057204	27057396	LINE/L2	582	+	96	27057300	52116
chr7	27005184	27205184	harbor2	chr7	27057694	27057928	LINE/L2	582	+	117	27057811	52627
chr7	97828524	98028524	harbor2	chr7	97883393	97883673	LINE/L2	508	+	140	97883533	55009
chr7	100028636	100228636	harbor2	chr7	100116005	100116234	LINE/L2	984	+	114	100116119	87483
chr7	100028636	100228636	harbor2	chr7	100116669	100116908	LINE/L2	984	+	120	100116789	88153
chr7	2609918	2809918	harbor2	chr7	2692739	2693046	LINE/L2	535	+	154	2692893	82975
chr7	32328390	32528390	harbor2	chr7	32328277	32328931	LINE/L2	1013	+	327	32328604	214
chr7	32328390	32528390	harbor2	chr7	32344389	32344892	LINE/L2	1293	+	252	32344641	16251
chr7	32328390	32528390	harbor2	chr7	32359426	32359581	LINE/L2	558	+	78	32359504	31114
chr7	32328390	32528390	harbor2	chr7	32379937	32380227	LINE/L2	796	+	145	32380082	51692
chr7	32328390	32528390	harbor2	chr7	32380814	32381938	LINE/L2	1315	+	562	32381376	52986
chr7	135684417	135884417	harbor2	chr7	135696201	135696338	LINE/L2	545	+	68	135696269	11852
chr7	135684417	135884417	harbor2	chr7	135696653	135697057	LINE/L2	545	+	202	135696855	12438
chr7	135684417	135884417	harbor2	chr7	135743517	135743829	LINE/L2	488	+	156	135743673	59256
chr7	123650448	123850448	harbor2	chr7	123650745	123650992	LINE/L2	469	+	124	123650869	421
chr7	123650448	123850448	harbor2	chr7	123652037	123652315	LINE/L2	905	+	139	123652176	1728
chr7	123650448	123850448	harbor2	chr7	123670650	123670752	LINE/L2	525	+	51	123670701	20253
chr7	123650448	123850448	harbor2	chr7	123671065	123671417	LINE/L2	525	+	176	123671241	20793
chr7	123650448	123850448	harbor2	chr7	123684869	123685731	LINE/L2	729	+	431	123685300	34852
chr7	123650448	123850448	harbor2	chr7	123686885	123687768	LINE/L2	1372	+	442	123687327	36879
chr7	100393733	100593733	harbor2	chr7	100410076	100411082	LINE/L2	816	+	503	100410579	16846
chr7	100393733	100593733	harbor2	chr7	100411985	100412571	LINE/L2	1582	+	293	100412278	18545
chr7	100393733	100593733	harbor2	chr7	100412881	100412898	LINE/L2	1582	+	8	100412889	19156
chr7	100393733	100593733	harbor2	chr7	100413052	100413543	LINE/L2	1582	+	246	100413298	19565
chr7	123649492	123849492	harbor2	chr7	123650745	123650992	LINE/L2	469	+	124	123650869	1377
chr7	123649492	123849492	harbor2	chr7	123652037	123652315	LINE/L2	905	+	139	123652176	2684
chr7	123649492	123849492	harbor2	chr7	123670650	123670752	LINE/L2	525	+	51	123670701	21209
chr7	123649492	123849492	harbor2	chr7	123671065	123671417	LINE/L2	525	+	176	123671241	21749
chr7	123649492	123849492	harbor2	chr7	123684869	123685731	LINE/L2	729	+	431	123685300	35808
chr7	123649492	123849492	harbor2	chr7	123686885	123687768	LINE/L2	1372	+	442	123687327	37835
chr7	123650423	123850423	harbor2	chr7	123650745	123650992	LINE/L2	469	+	124	123650869	446
chr7	123650423	123850423	harbor2	chr7	123652037	123652315	LINE/L2	905	+	139	123652176	1753
chr7	123650423	123850423	harbor2	chr7	123670650	123670752	LINE/L2	525	+	51	123670701	20278
chr7	123650423	123850423	harbor2	chr7	123671065	123671417	LINE/L2	525	+	176	123671241	20818
chr7	123650423	123850423	harbor2	chr7	123684869	123685731	LINE/L2	729	+	431	123685300	34877
chr7	123650423	123850423	harbor2	chr7	123686885	123687768	LINE/L2	1372	+	442	123687327	36904
chr7	100329872	100529872	harbor2	chr7	100410076	100411082	LINE/L2	816	+	503	100410579	80707
chr7	100329872	100529872	harbor2	chr7	100411985	100412571	LINE/L2	1582	+	293	100412278	82406
chr7	100329872	100529872	harbor2	chr7	100412881	100412898	LINE/L2	1582	+	8	100412889	83017
chr7	100329872	100529872	harbor2	chr7	100413052	100413543	LINE/L2	1582	+	246	100413298	83426
chr7	44440642	44640642	harbor2	chr7	44471888	44472172	LINE/L2	588	+	142	44472030	31388
chr7	26112552	26312552	harbor2	chr7	26134328	26134841	LINE/L2	873	+	256	26134584	22032
chr7	28725300	28925300	harbor2	chr7	28733375	28733807	LINE/L2	455	+	216	28733591	8291
chr7	128769421	128969421	harbor2	chr7	128860946	128861315	LINE/L2	711	+	184	128861130	91709
chr7	28081559	28281559	harbor2	chr7	28103046	28103293	LINE/L2	455	+	124	28103170	21611
chr7	28081559	28281559	harbor2	chr7	28103468	28104450	LINE/L2	2052	+	491	28103959	22400
chr7	28081559	28281559	harbor2	chr7	28123072	28123555	LINE/L2	809	+	242	28123314	41755
chr7	28081559	28281559	harbor2	chr7	28133686	28134140	LINE/L2	753	+	227	28133913	52354
chr7	28081559	28281559	harbor2	chr7	28143848	28143995	LINE/L2	483	+	74	28143922	62363
chr7	28081559	28281559	harbor2	chr7	28160294	28160486	LINE/L2	654	+	96	28160390	78831
chr7	28081559	28281559	harbor2	chr7	28165586	28165966	LINE/L2	943	+	190	28165776	84217
chr7	28081559	28281559	harbor2	chr7	28176354	28176724	LINE/L2	935	+	185	28176539	94980
chr7	149153981	149353981	harbor2	chr7	149199112	149199650	LINE/L2	986	+	269	149199381	45400
chr7	149153981	149353981	harbor2	chr7	149200447	149200583	LINE/L2	2355	+	68	149200515	46534
chr7	149153981	149353981	harbor2	chr7	149200896	149201470	LINE/L2	2355	+	287	149201183	47202
chr7	149153981	149353981	harbor2	chr7	149201769	149202147	LINE/L2	2355	+	189	149201958	47977
chr7	149153981	149353981	harbor2	chr7	149202751	149202904	LINE/L2	748	+	76	149202827	48846
chr7	27008623	27208623	harbor2	chr7	27057204	27057396	LINE/L2	582	+	96	27057300	48677
chr7	27008623	27208623	harbor2	chr7	27057694	27057928	LINE/L2	582	+	117	27057811	49188
chr7	44696651	44896651	harbor2	chr7	44744682	44744801	LINE/L2	495	+	60	44744742	48091
chr7	100500037	100700037	harbor2	chr7	100534982	100535231	LINE/L2	692	+	124	100535106	35069
chr7	100500037	100700037	harbor2	chr7	100536054	100536082	LINE/L2	692	+	14	100536068	36031
chr7	100500037	100700037	harbor2	chr7	100538279	100538465	LINE/L2	632	+	93	100538372	38335
chr7	90497085	90697085	harbor2	chr7	90539900	90540295	LINE/L2	719	+	198	90540098	43013
chr7	90497085	90697085	harbor2	chr7	90540873	90541103	LINE/L2	719	+	115	90540988	43903
chr7	90497085	90697085	harbor2	chr7	90580233	90580608	LINE/L2	584	+	188	90580421	83336
chr7	90497085	90697085	harbor2	chr7	90580919	90580979	LINE/L2	584	+	30	90580949	83864
chr7	90497085	90697085	harbor2	chr7	90581267	90581404	LINE/L2	584	+	68	90581335	84250
chr7	90497085	90697085	harbor2	chr7	90581740	90581998	LINE/L2	632	+	129	90581869	84784
chr7	90497085	90697085	harbor2	chr7	90582533	90582613	LINE/L2	632	+	40	90582573	85488
chr7	90497085	90697085	harbor2	chr7	90582916	90583464	LINE/L2	632	+	274	90583190	86105
chr7	90497085	90697085	harbor2	chr7	90586686	90587118	LINE/L2	778	+	216	90586902	89817
chr7	90497085	90697085	harbor2	chr7	90537864	90538402	LINE/L2	506	+	269	90538133	41048
chr7	139383658	139583658	harbor2	chr7	139397220	139397517	LINE/L2	452	+	148	139397368	13710
chr7	139383658	139583658	harbor2	chr7	139414641	139414895	LINE/L2	762	+	127	139414768	31110
chr7	139383658	139583658	harbor2	chr7	139415211	139415398	LINE/L2	762	+	94	139415305	31647
chr7	73523245	73723245	harbor2	chr7	73561973	73562250	LINE/L2	889	+	138	73562111	38866
chr7	73523245	73723245	harbor2	chr7	73562559	73562677	LINE/L2	889	+	59	73562618	39373
chr7	73523245	73723245	harbor2	chr7	73563146	73563176	LINE/L2	889	+	15	73563161	39916
chr7	25269994	25469994	harbor2	chr7	25361319	25361447	LINE/L2	481	+	64	25361383	91389
chr7	150420511	150620511	harbor2	chr7	150467532	150468274	LINE/L2	643	+	371	150467903	47392
chr7	28089121	28289121	harbor2	chr7	28103046	28103293	LINE/L2	455	+	124	28103170	14049
chr7	28089121	28289121	harbor2	chr7	28103468	28104450	LINE/L2	2052	+	491	28103959	14838
chr7	28089121	28289121	harbor2	chr7	28123072	28123555	LINE/L2	809	+	242	28123314	34193
chr7	28089121	28289121	harbor2	chr7	28133686	28134140	LINE/L2	753	+	227	28133913	44792
chr7	28089121	28289121	harbor2	chr7	28143848	28143995	LINE/L2	483	+	74	28143922	54801
chr7	28089121	28289121	harbor2	chr7	28160294	28160486	LINE/L2	654	+	96	28160390	71269
chr7	28089121	28289121	harbor2	chr7	28165586	28165966	LINE/L2	943	+	190	28165776	76655
chr7	28089121	28289121	harbor2	chr7	28176354	28176724	LINE/L2	935	+	185	28176539	87418
chr7	100501445	100701445	harbor2	chr7	100534982	100535231	LINE/L2	692	+	124	100535106	33661
chr7	100501445	100701445	harbor2	chr7	100536054	100536082	LINE/L2	692	+	14	100536068	34623
chr7	100501445	100701445	harbor2	chr7	100538279	100538465	LINE/L2	632	+	93	100538372	36927
chr7	44441524	44641524	harbor2	chr7	44471888	44472172	LINE/L2	588	+	142	44472030	30506
chr7	25270014	25470014	harbor2	chr7	25361319	25361447	LINE/L2	481	+	64	25361383	91369
chr7	85037092	85237092	harbor2	chr7	85051294	85051729	LINE/L2	617	+	218	85051512	14420
chr7	85037092	85237092	harbor2	chr7	85111034	85112087	LINE/L2	2051	+	526	85111560	74468
chr7	28080611	28280611	harbor2	chr7	28103046	28103293	LINE/L2	455	+	124	28103170	22559
chr7	28080611	28280611	harbor2	chr7	28103468	28104450	LINE/L2	2052	+	491	28103959	23348
chr7	28080611	28280611	harbor2	chr7	28123072	28123555	LINE/L2	809	+	242	28123314	42703
chr7	28080611	28280611	harbor2	chr7	28133686	28134140	LINE/L2	753	+	227	28133913	53302
chr7	28080611	28280611	harbor2	chr7	28143848	28143995	LINE/L2	483	+	74	28143922	63311
chr7	28080611	28280611	harbor2	chr7	28160294	28160486	LINE/L2	654	+	96	28160390	79779
chr7	28080611	28280611	harbor2	chr7	28165586	28165966	LINE/L2	943	+	190	28165776	85165
chr7	28080611	28280611	harbor2	chr7	28176354	28176724	LINE/L2	935	+	185	28176539	95928
chr7	127993775	128193775	harbor2	chr7	127997883	127998128	LINE/L2	611	+	122	127998005	4230
chr7	127993775	128193775	harbor2	chr7	128038848	128039177	LINE/L2	758	+	164	128039012	45237
chr7	27027581	27227581	harbor2	chr7	27057204	27057396	LINE/L2	582	+	96	27057300	29719
chr7	27027581	27227581	harbor2	chr7	27057694	27057928	LINE/L2	582	+	117	27057811	30230
chr7	123649199	123849199	harbor2	chr7	123650745	123650992	LINE/L2	469	+	124	123650869	1670
chr7	123649199	123849199	harbor2	chr7	123652037	123652315	LINE/L2	905	+	139	123652176	2977
chr7	123649199	123849199	harbor2	chr7	123670650	123670752	LINE/L2	525	+	51	123670701	21502
chr7	123649199	123849199	harbor2	chr7	123671065	123671417	LINE/L2	525	+	176	123671241	22042
chr7	123649199	123849199	harbor2	chr7	123684869	123685731	LINE/L2	729	+	431	123685300	36101
chr7	123649199	123849199	harbor2	chr7	123686885	123687768	LINE/L2	1372	+	442	123687327	38128
chr7	107463451	107663451	harbor2	chr7	107514664	107514793	LINE/L2	465	+	64	107514728	51277
chr7	107463451	107663451	harbor2	chr7	107549199	107549398	LINE/L2	1212	+	100	107549299	85848
chr7	107463451	107663451	harbor2	chr7	107549702	107550648	LINE/L2	1212	+	473	107550175	86724
chr7	155288885	155488885	harbor2	chr7	155289268	155289534	LINE/L2	544	+	133	155289401	516
chr7	31973371	32173371	harbor2	chr7	31976536	31976897	LINE/L2	805	+	180	31976716	3345
chr7	31973371	32173371	harbor2	chr7	31977079	31977090	LINE/L2	805	+	6	31977085	3714
chr7	31973371	32173371	harbor2	chr7	31977446	31977801	LINE/L2	805	+	178	31977624	4253
chr7	31973371	32173371	harbor2	chr7	32007593	32007871	LINE/L2	665	+	139	32007732	34361
chr7	31973371	32173371	harbor2	chr7	32037488	32037781	LINE/L2	458	+	146	32037634	64263
chr7	31973371	32173371	harbor2	chr7	32062352	32062836	LINE/L2	609	+	242	32062594	89223
chr7	44697576	44897576	harbor2	chr7	44744682	44744801	LINE/L2	495	+	60	44744742	47166
chr7	44441056	44641056	harbor2	chr7	44471888	44472172	LINE/L2	588	+	142	44472030	30974
chr7	90496247	90696247	harbor2	chr7	90539900	90540295	LINE/L2	719	+	198	90540098	43851
chr7	90496247	90696247	harbor2	chr7	90540873	90541103	LINE/L2	719	+	115	90540988	44741
chr7	90496247	90696247	harbor2	chr7	90580233	90580608	LINE/L2	584	+	188	90580421	84174
chr7	90496247	90696247	harbor2	chr7	90580919	90580979	LINE/L2	584	+	30	90580949	84702
chr7	90496247	90696247	harbor2	chr7	90581267	90581404	LINE/L2	584	+	68	90581335	85088
chr7	90496247	90696247	harbor2	chr7	90581740	90581998	LINE/L2	632	+	129	90581869	85622
chr7	90496247	90696247	harbor2	chr7	90582533	90582613	LINE/L2	632	+	40	90582573	86326
chr7	90496247	90696247	harbor2	chr7	90582916	90583464	LINE/L2	632	+	274	90583190	86943
chr7	90496247	90696247	harbor2	chr7	90586686	90587118	LINE/L2	778	+	216	90586902	90655
chr7	90496247	90696247	harbor2	chr7	90537864	90538402	LINE/L2	506	+	269	90538133	41886
chr7	90145189	90345189	harbor2	chr7	90168494	90168910	LINE/L2	516	+	208	90168702	23513
chr7	90145189	90345189	harbor2	chr7	90170954	90171342	LINE/L2	2505	+	194	90171148	25959
chr7	90145189	90345189	harbor2	chr7	90171423	90172445	LINE/L2	2505	+	511	90171934	26745
chr7	90145189	90345189	harbor2	chr7	90196940	90197443	LINE/L2	4156	+	252	90197192	52003
chr7	90145189	90345189	harbor2	chr7	90197588	90197645	LINE/L2	4156	+	28	90197616	52427
chr7	90145189	90345189	harbor2	chr7	90197755	90198909	LINE/L2	4156	+	577	90198332	53143
chr7	90145189	90345189	harbor2	chr7	90228457	90228800	LINE/L2	972	+	172	90228629	83440
chr7	41382564	41582564	harbor2	chr7	41387591	41387820	LINE/L2	476	+	114	41387705	5141
chr7	41382564	41582564	harbor2	chr7	41388313	41388935	LINE/L2	682	+	311	41388624	6060
chr7	41382564	41582564	harbor2	chr7	41429724	41430202	LINE/L2	1194	+	239	41429963	47399
chr7	41382564	41582564	harbor2	chr7	41430682	41431005	LINE/L2	989	+	162	41430844	48280
chr7	41382564	41582564	harbor2	chr7	41442988	41443364	LINE/L2	619	+	188	41443176	60612
chr7	41382564	41582564	harbor2	chr7	41401885	41402524	LINE/L2	1116	+	320	41402205	19641
chr7	156540425	156740425	harbor2	chr7	156576559	156577005	LINE/L2	457	+	223	156576782	36357
chr7	37907099	38107099	harbor2	chr7	37928376	37928802	LINE/L2	836	+	213	37928589	21490
chr7	37907099	38107099	harbor2	chr7	37951251	37951598	LINE/L2	455	+	174	37951425	44326
chr7	37907099	38107099	harbor2	chr7	37928811	37929354	LINE/L2	587	+	272	37929083	21984
chr7	21327951	21527951	harbor2	chr7	21405285	21405656	LINE/L2	460	+	186	21405471	77520
chr7	21327951	21527951	harbor2	chr7	21409774	21410247	LINE/L2	891	+	236	21410010	82059
chr7	107099067	107299067	harbor2	chr7	107151365	107151519	LINE/L2	1247	+	77	107151442	52375
chr7	107099067	107299067	harbor2	chr7	107151908	107152133	LINE/L2	1247	+	112	107152020	52953
chr7	28110460	28310460	harbor2	chr7	28123072	28123555	LINE/L2	809	+	242	28123314	12854
chr7	28110460	28310460	harbor2	chr7	28133686	28134140	LINE/L2	753	+	227	28133913	23453
chr7	28110460	28310460	harbor2	chr7	28143848	28143995	LINE/L2	483	+	74	28143922	33462
chr7	28110460	28310460	harbor2	chr7	28160294	28160486	LINE/L2	654	+	96	28160390	49930
chr7	28110460	28310460	harbor2	chr7	28165586	28165966	LINE/L2	943	+	190	28165776	55316
chr7	28110460	28310460	harbor2	chr7	28176354	28176724	LINE/L2	935	+	185	28176539	66079
chr7	50317972	50517972	harbor2	chr7	50408940	50409056	LINE/L2	546	+	58	50408998	91026
chr7	157236951	157436951	harbor2	chr7	157273180	157273444	LINE/L2	758	+	132	157273312	36361
chr7	92428769	92628769	harbor2	chr7	92496950	92497306	LINE/L2	955	+	178	92497128	68359
chr7	92428769	92628769	harbor2	chr7	92503898	92504189	LINE/L2	496	+	146	92504044	75275
chr7	100575746	100775746	harbor2	chr7	100634700	100634916	LINE/L2	571	+	108	100634808	59062
chr7	100575746	100775746	harbor2	chr7	100635892	100636107	LINE/L2	571	+	108	100636000	60254
chr7	100575746	100775746	harbor2	chr7	100667491	100668017	LINE/L2	922	+	263	100667754	92008
chr7	100575746	100775746	harbor2	chr7	100669534	100669643	LINE/L2	922	+	54	100669588	93842
chr7	123649212	123849212	harbor2	chr7	123650745	123650992	LINE/L2	469	+	124	123650869	1657
chr7	123649212	123849212	harbor2	chr7	123652037	123652315	LINE/L2	905	+	139	123652176	2964
chr7	123649212	123849212	harbor2	chr7	123670650	123670752	LINE/L2	525	+	51	123670701	21489
chr7	123649212	123849212	harbor2	chr7	123671065	123671417	LINE/L2	525	+	176	123671241	22029
chr7	123649212	123849212	harbor2	chr7	123684869	123685731	LINE/L2	729	+	431	123685300	36088
chr7	123649212	123849212	harbor2	chr7	123686885	123687768	LINE/L2	1372	+	442	123687327	38115
chr7	26995482	27195482	harbor2	chr7	27057204	27057396	LINE/L2	582	+	96	27057300	61818
chr7	26995482	27195482	harbor2	chr7	27057694	27057928	LINE/L2	582	+	117	27057811	62329
chr7	147804168	148004168	harbor2	chr7	147836303	147836771	LINE/L2	665	+	234	147836537	32369
chr7	28082522	28282522	harbor2	chr7	28103046	28103293	LINE/L2	455	+	124	28103170	20648
chr7	28082522	28282522	harbor2	chr7	28103468	28104450	LINE/L2	2052	+	491	28103959	21437
chr7	28082522	28282522	harbor2	chr7	28123072	28123555	LINE/L2	809	+	242	28123314	40792
chr7	28082522	28282522	harbor2	chr7	28133686	28134140	LINE/L2	753	+	227	28133913	51391
chr7	28082522	28282522	harbor2	chr7	28143848	28143995	LINE/L2	483	+	74	28143922	61400
chr7	28082522	28282522	harbor2	chr7	28160294	28160486	LINE/L2	654	+	96	28160390	77868
chr7	28082522	28282522	harbor2	chr7	28165586	28165966	LINE/L2	943	+	190	28165776	83254
chr7	28082522	28282522	harbor2	chr7	28176354	28176724	LINE/L2	935	+	185	28176539	94017
chr7	50340926	50540926	harbor2	chr7	50408940	50409056	LINE/L2	546	+	58	50408998	68072
chr7	44466421	44666421	harbor2	chr7	44471888	44472172	LINE/L2	588	+	142	44472030	5609
chr7	127292472	127492472	harbor2	chr7	127357978	127358599	LINE/L2	515	+	310	127358288	65816
chr7	127292472	127492472	harbor2	chr7	127379921	127380325	LINE/L2	508	+	202	127380123	87651
chr7	127292472	127492472	harbor2	chr7	127389953	127390101	LINE/L2	473	+	74	127390027	97555
chr7	128305619	128505619	harbor2	chr7	128342284	128342447	LINE/L2	1167	+	82	128342366	36747
chr7	128305619	128505619	harbor2	chr7	128342697	128343183	LINE/L2	1267	+	243	128342940	37321
chr7	128305619	128505619	harbor2	chr7	128353035	128353164	LINE/L2	513	+	64	128353099	47480
chr7	152811886	153011886	harbor2	chr7	152835667	152835933	LINE/L2	614	+	133	152835800	23914
chr8	23428848	23628848	harbor2	chr8	23450577	23451009	LINE/L2	666	+	216	23450793	21945
chr8	23428848	23628848	harbor2	chr8	23451320	23451926	LINE/L2	1011	+	303	23451623	22775
chr8	23428848	23628848	harbor2	chr8	23476044	23476467	LINE/L2	451	+	212	23476256	47408
chr8	23428848	23628848	harbor2	chr8	23445416	23445849	LINE/L2	449	+	216	23445632	16784
chr8	23429416	23629416	harbor2	chr8	23450577	23451009	LINE/L2	666	+	216	23450793	21377
chr8	23429416	23629416	harbor2	chr8	23451320	23451926	LINE/L2	1011	+	303	23451623	22207
chr8	23429416	23629416	harbor2	chr8	23476044	23476467	LINE/L2	451	+	212	23476256	46840
chr8	23429416	23629416	harbor2	chr8	23445416	23445849	LINE/L2	449	+	216	23445632	16216
chr8	124273072	124473072	harbor2	chr8	124318805	124319135	LINE/L2	843	+	165	124318970	45898
chr8	124273072	124473072	harbor2	chr8	124319148	124319334	LINE/L2	518	+	93	124319241	46169
chr8	124273072	124473072	harbor2	chr8	124356466	124356704	LINE/L2	668	+	119	124356585	83513
chr8	124273072	124473072	harbor2	chr8	124357008	124357312	LINE/L2	668	+	152	124357160	84088
chr8	23428811	23628811	harbor2	chr8	23450577	23451009	LINE/L2	666	+	216	23450793	21982
chr8	23428811	23628811	harbor2	chr8	23451320	23451926	LINE/L2	1011	+	303	23451623	22812
chr8	23428811	23628811	harbor2	chr8	23476044	23476467	LINE/L2	451	+	212	23476256	47445
chr8	23428811	23628811	harbor2	chr8	23445416	23445849	LINE/L2	449	+	216	23445632	16821
chr8	23439328	23639328	harbor2	chr8	23450577	23451009	LINE/L2	666	+	216	23450793	11465
chr8	23439328	23639328	harbor2	chr8	23451320	23451926	LINE/L2	1011	+	303	23451623	12295
chr8	23439328	23639328	harbor2	chr8	23476044	23476467	LINE/L2	451	+	212	23476256	36928
chr8	23439328	23639328	harbor2	chr8	23536820	23536913	LINE/L2	657	+	46	23536866	97538
chr8	23439328	23639328	harbor2	chr8	23537215	23537486	LINE/L2	657	+	136	23537351	98023
chr8	23439328	23639328	harbor2	chr8	23445416	23445849	LINE/L2	449	+	216	23445632	6304
chr8	23428778	23628778	harbor2	chr8	23450577	23451009	LINE/L2	666	+	216	23450793	22015
chr8	23428778	23628778	harbor2	chr8	23451320	23451926	LINE/L2	1011	+	303	23451623	22845
chr8	23428778	23628778	harbor2	chr8	23476044	23476467	LINE/L2	451	+	212	23476256	47478
chr8	23428778	23628778	harbor2	chr8	23445416	23445849	LINE/L2	449	+	216	23445632	16854
chr8	138710558	138910558	harbor2	chr8	138738959	138739685	LINE/L2	1033	+	363	138739322	28764
chr8	138710558	138910558	harbor2	chr8	138747391	138747794	LINE/L2	436	+	202	138747593	37035
chr8	138710558	138910558	harbor2	chr8	138776707	138776831	LINE/L2	557	+	62	138776769	66211
chr8	23428784	23628784	harbor2	chr8	23450577	23451009	LINE/L2	666	+	216	23450793	22009
chr8	23428784	23628784	harbor2	chr8	23451320	23451926	LINE/L2	1011	+	303	23451623	22839
chr8	23428784	23628784	harbor2	chr8	23476044	23476467	LINE/L2	451	+	212	23476256	47472
chr8	23428784	23628784	harbor2	chr8	23445416	23445849	LINE/L2	449	+	216	23445632	16848
chr8	23428892	23628892	harbor2	chr8	23450577	23451009	LINE/L2	666	+	216	23450793	21901
chr8	23428892	23628892	harbor2	chr8	23451320	23451926	LINE/L2	1011	+	303	23451623	22731
chr8	23428892	23628892	harbor2	chr8	23476044	23476467	LINE/L2	451	+	212	23476256	47364
chr8	23428892	23628892	harbor2	chr8	23445416	23445849	LINE/L2	449	+	216	23445632	16740
chr8	23429271	23629271	harbor2	chr8	23450577	23451009	LINE/L2	666	+	216	23450793	21522
chr8	23429271	23629271	harbor2	chr8	23451320	23451926	LINE/L2	1011	+	303	23451623	22352
chr8	23429271	23629271	harbor2	chr8	23476044	23476467	LINE/L2	451	+	212	23476256	46985
chr8	23429271	23629271	harbor2	chr8	23445416	23445849	LINE/L2	449	+	216	23445632	16361
chr8	23430686	23630686	harbor2	chr8	23450577	23451009	LINE/L2	666	+	216	23450793	20107
chr8	23430686	23630686	harbor2	chr8	23451320	23451926	LINE/L2	1011	+	303	23451623	20937
chr8	23430686	23630686	harbor2	chr8	23476044	23476467	LINE/L2	451	+	212	23476256	45570
chr8	23430686	23630686	harbor2	chr8	23445416	23445849	LINE/L2	449	+	216	23445632	14946
chr8	17985030	18185030	harbor2	chr8	18002953	18003253	LINE/L2	518	+	150	18003103	18073
chr8	17985030	18185030	harbor2	chr8	18034454	18035304	LINE/L2	1422	+	425	18034879	49849
chr8	17985030	18185030	harbor2	chr8	18076045	18076387	LINE/L2	503	+	171	18076216	91186
chr8	17985030	18185030	harbor2	chr8	18079962	18080064	LINE/L2	429	+	51	18080013	94983
chr8	23429353	23629353	harbor2	chr8	23450577	23451009	LINE/L2	666	+	216	23450793	21440
chr8	23429353	23629353	harbor2	chr8	23451320	23451926	LINE/L2	1011	+	303	23451623	22270
chr8	23429353	23629353	harbor2	chr8	23476044	23476467	LINE/L2	451	+	212	23476256	46903
chr8	23429353	23629353	harbor2	chr8	23445416	23445849	LINE/L2	449	+	216	23445632	16279
chr8	23428870	23628870	harbor2	chr8	23450577	23451009	LINE/L2	666	+	216	23450793	21923
chr8	23428870	23628870	harbor2	chr8	23451320	23451926	LINE/L2	1011	+	303	23451623	22753
chr8	23428870	23628870	harbor2	chr8	23476044	23476467	LINE/L2	451	+	212	23476256	47386
chr8	23428870	23628870	harbor2	chr8	23445416	23445849	LINE/L2	449	+	216	23445632	16762
chr8	23429241	23629241	harbor2	chr8	23450577	23451009	LINE/L2	666	+	216	23450793	21552
chr8	23429241	23629241	harbor2	chr8	23451320	23451926	LINE/L2	1011	+	303	23451623	22382
chr8	23429241	23629241	harbor2	chr8	23476044	23476467	LINE/L2	451	+	212	23476256	47015
chr8	23429241	23629241	harbor2	chr8	23445416	23445849	LINE/L2	449	+	216	23445632	16391
chr8	10823758	11023758	harbor2	chr8	10907881	10907980	LINE/L2	424	+	50	10907931	84173
chr8	10823758	11023758	harbor2	chr8	10908522	10908685	LINE/L2	628	+	82	10908604	84846
chr8	10823758	11023758	harbor2	chr8	10909378	10909514	LINE/L2	628	+	68	10909446	85688
chr8	10823758	11023758	harbor2	chr8	10914855	10915294	LINE/L2	668	+	220	10915075	91317
chr8	10823758	11023758	harbor2	chr8	10918797	10919496	LINE/L2	551	+	350	10919147	95389
chr8	23428834	23628834	harbor2	chr8	23450577	23451009	LINE/L2	666	+	216	23450793	21959
chr8	23428834	23628834	harbor2	chr8	23451320	23451926	LINE/L2	1011	+	303	23451623	22789
chr8	23428834	23628834	harbor2	chr8	23476044	23476467	LINE/L2	451	+	212	23476256	47422
chr8	23428834	23628834	harbor2	chr8	23445416	23445849	LINE/L2	449	+	216	23445632	16798
chr8	29150120	29350120	harbor2	chr8	29156849	29157276	LINE/L2	1050	+	214	29157063	6943
chr8	29150120	29350120	harbor2	chr8	29157850	29158198	LINE/L2	1050	+	174	29158024	7904
chr8	23428832	23628832	harbor2	chr8	23450577	23451009	LINE/L2	666	+	216	23450793	21961
chr8	23428832	23628832	harbor2	chr8	23451320	23451926	LINE/L2	1011	+	303	23451623	22791
chr8	23428832	23628832	harbor2	chr8	23476044	23476467	LINE/L2	451	+	212	23476256	47424
chr8	23428832	23628832	harbor2	chr8	23445416	23445849	LINE/L2	449	+	216	23445632	16800
chr8	23428810	23628810	harbor2	chr8	23450577	23451009	LINE/L2	666	+	216	23450793	21983
chr8	23428810	23628810	harbor2	chr8	23451320	23451926	LINE/L2	1011	+	303	23451623	22813
chr8	23428810	23628810	harbor2	chr8	23476044	23476467	LINE/L2	451	+	212	23476256	47446
chr8	23428810	23628810	harbor2	chr8	23445416	23445849	LINE/L2	449	+	216	23445632	16822
chr8	23432814	23632814	harbor2	chr8	23450577	23451009	LINE/L2	666	+	216	23450793	17979
chr8	23432814	23632814	harbor2	chr8	23451320	23451926	LINE/L2	1011	+	303	23451623	18809
chr8	23432814	23632814	harbor2	chr8	23476044	23476467	LINE/L2	451	+	212	23476256	43442
chr8	23432814	23632814	harbor2	chr8	23445416	23445849	LINE/L2	449	+	216	23445632	12818
chr8	23430803	23630803	harbor2	chr8	23450577	23451009	LINE/L2	666	+	216	23450793	19990
chr8	23430803	23630803	harbor2	chr8	23451320	23451926	LINE/L2	1011	+	303	23451623	20820
chr8	23430803	23630803	harbor2	chr8	23476044	23476467	LINE/L2	451	+	212	23476256	45453
chr8	23430803	23630803	harbor2	chr8	23445416	23445849	LINE/L2	449	+	216	23445632	14829
chr8	11492953	11692953	harbor2	chr8	11518532	11518885	LINE/L2	454	+	176	11518708	25755
chr8	23428809	23628809	harbor2	chr8	23450577	23451009	LINE/L2	666	+	216	23450793	21984
chr8	23428809	23628809	harbor2	chr8	23451320	23451926	LINE/L2	1011	+	303	23451623	22814
chr8	23428809	23628809	harbor2	chr8	23476044	23476467	LINE/L2	451	+	212	23476256	47447
chr8	23428809	23628809	harbor2	chr8	23445416	23445849	LINE/L2	449	+	216	23445632	16823
chr8	23428725	23628725	harbor2	chr8	23450577	23451009	LINE/L2	666	+	216	23450793	22068
chr8	23428725	23628725	harbor2	chr8	23451320	23451926	LINE/L2	1011	+	303	23451623	22898
chr8	23428725	23628725	harbor2	chr8	23476044	23476467	LINE/L2	451	+	212	23476256	47531
chr8	23428725	23628725	harbor2	chr8	23445416	23445849	LINE/L2	449	+	216	23445632	16907
chr8	23429172	23629172	harbor2	chr8	23450577	23451009	LINE/L2	666	+	216	23450793	21621
chr8	23429172	23629172	harbor2	chr8	23451320	23451926	LINE/L2	1011	+	303	23451623	22451
chr8	23429172	23629172	harbor2	chr8	23476044	23476467	LINE/L2	451	+	212	23476256	47084
chr8	23429172	23629172	harbor2	chr8	23445416	23445849	LINE/L2	449	+	216	23445632	16460
chr8	144393623	144593623	harbor2	chr8	144406189	144406717	LINE/L2	783	+	264	144406453	12830
chr8	23428835	23628835	harbor2	chr8	23450577	23451009	LINE/L2	666	+	216	23450793	21958
chr8	23428835	23628835	harbor2	chr8	23451320	23451926	LINE/L2	1011	+	303	23451623	22788
chr8	23428835	23628835	harbor2	chr8	23476044	23476467	LINE/L2	451	+	212	23476256	47421
chr8	23428835	23628835	harbor2	chr8	23445416	23445849	LINE/L2	449	+	216	23445632	16797
chr8	23429068	23629068	harbor2	chr8	23450577	23451009	LINE/L2	666	+	216	23450793	21725
chr8	23429068	23629068	harbor2	chr8	23451320	23451926	LINE/L2	1011	+	303	23451623	22555
chr8	23429068	23629068	harbor2	chr8	23476044	23476467	LINE/L2	451	+	212	23476256	47188
chr8	23429068	23629068	harbor2	chr8	23445416	23445849	LINE/L2	449	+	216	23445632	16564
chr8	23428926	23628926	harbor2	chr8	23450577	23451009	LINE/L2	666	+	216	23450793	21867
chr8	23428926	23628926	harbor2	chr8	23451320	23451926	LINE/L2	1011	+	303	23451623	22697
chr8	23428926	23628926	harbor2	chr8	23476044	23476467	LINE/L2	451	+	212	23476256	47330
chr8	23428926	23628926	harbor2	chr8	23445416	23445849	LINE/L2	449	+	216	23445632	16706
chr8	23428913	23628913	harbor2	chr8	23450577	23451009	LINE/L2	666	+	216	23450793	21880
chr8	23428913	23628913	harbor2	chr8	23451320	23451926	LINE/L2	1011	+	303	23451623	22710
chr8	23428913	23628913	harbor2	chr8	23476044	23476467	LINE/L2	451	+	212	23476256	47343
chr8	23428913	23628913	harbor2	chr8	23445416	23445849	LINE/L2	449	+	216	23445632	16719
chr8	90979035	91179035	harbor2	chr8	91005129	91005640	LINE/L2	588	+	256	91005385	26350
chr8	90979035	91179035	harbor2	chr8	91023685	91023802	LINE/L2	415	+	58	91023743	44708
chr8	90979035	91179035	harbor2	chr8	91033151	91033780	LINE/L2	848	+	314	91033465	54430
chr8	90979035	91179035	harbor2	chr8	91033944	91034207	LINE/L2	848	+	132	91034076	55041
chr8	90979035	91179035	harbor2	chr8	91035378	91035662	LINE/L2	441	+	142	91035520	56485
chr8	90979035	91179035	harbor2	chr8	91036242	91036736	LINE/L2	733	+	247	91036489	57454
chr8	90979035	91179035	harbor2	chr8	91037226	91037666	LINE/L2	472	+	220	91037446	58411
chr8	90979035	91179035	harbor2	chr8	91061118	91061477	LINE/L2	447	+	180	91061298	82263
chr8	90979035	91179035	harbor2	chr8	91013111	91013254	LINE/L2	449	+	72	91013183	34148
chr8	23429294	23629294	harbor2	chr8	23450577	23451009	LINE/L2	666	+	216	23450793	21499
chr8	23429294	23629294	harbor2	chr8	23451320	23451926	LINE/L2	1011	+	303	23451623	22329
chr8	23429294	23629294	harbor2	chr8	23476044	23476467	LINE/L2	451	+	212	23476256	46962
chr8	23429294	23629294	harbor2	chr8	23445416	23445849	LINE/L2	449	+	216	23445632	16338
chr8	25357718	25557718	harbor2	chr8	25375011	25375395	LINE/L2	483	+	192	25375203	17485
chr8	25357718	25557718	harbor2	chr8	25393511	25393907	LINE/L2	551	+	198	25393709	35991
chr8	30073247	30273247	harbor2	chr8	30079925	30080371	LINE/L2	1003	+	223	30080148	6901
chr8	30073247	30273247	harbor2	chr8	30080363	30080670	LINE/L2	686	+	154	30080517	7270
chr8	30073247	30273247	harbor2	chr8	30098945	30099256	LINE/L2	793	+	156	30099101	25854
chr8	23429109	23629109	harbor2	chr8	23450577	23451009	LINE/L2	666	+	216	23450793	21684
chr8	23429109	23629109	harbor2	chr8	23451320	23451926	LINE/L2	1011	+	303	23451623	22514
chr8	23429109	23629109	harbor2	chr8	23476044	23476467	LINE/L2	451	+	212	23476256	47147
chr8	23429109	23629109	harbor2	chr8	23445416	23445849	LINE/L2	449	+	216	23445632	16523
chr8	102557354	102757354	harbor2	chr8	102592325	102592589	LINE/L2	432	+	132	102592457	35103
chr8	23428807	23628807	harbor2	chr8	23450577	23451009	LINE/L2	666	+	216	23450793	21986
chr8	23428807	23628807	harbor2	chr8	23451320	23451926	LINE/L2	1011	+	303	23451623	22816
chr8	23428807	23628807	harbor2	chr8	23476044	23476467	LINE/L2	451	+	212	23476256	47449
chr8	23428807	23628807	harbor2	chr8	23445416	23445849	LINE/L2	449	+	216	23445632	16825
chr8	23431300	23631300	harbor2	chr8	23450577	23451009	LINE/L2	666	+	216	23450793	19493
chr8	23431300	23631300	harbor2	chr8	23451320	23451926	LINE/L2	1011	+	303	23451623	20323
chr8	23431300	23631300	harbor2	chr8	23476044	23476467	LINE/L2	451	+	212	23476256	44956
chr8	23431300	23631300	harbor2	chr8	23445416	23445849	LINE/L2	449	+	216	23445632	14332
chr8	89802895	90002895	harbor2	chr8	89812494	89813198	LINE/L2	632	+	352	89812846	9951
chr8	89802895	90002895	harbor2	chr8	89829074	89829471	LINE/L2	464	+	198	89829272	26377
chr8	23428847	23628847	harbor2	chr8	23450577	23451009	LINE/L2	666	+	216	23450793	21946
chr8	23428847	23628847	harbor2	chr8	23451320	23451926	LINE/L2	1011	+	303	23451623	22776
chr8	23428847	23628847	harbor2	chr8	23476044	23476467	LINE/L2	451	+	212	23476256	47409
chr8	23428847	23628847	harbor2	chr8	23445416	23445849	LINE/L2	449	+	216	23445632	16785
chr8	23429149	23629149	harbor2	chr8	23450577	23451009	LINE/L2	666	+	216	23450793	21644
chr8	23429149	23629149	harbor2	chr8	23451320	23451926	LINE/L2	1011	+	303	23451623	22474
chr8	23429149	23629149	harbor2	chr8	23476044	23476467	LINE/L2	451	+	212	23476256	47107
chr8	23429149	23629149	harbor2	chr8	23445416	23445849	LINE/L2	449	+	216	23445632	16483
chr8	23430721	23630721	harbor2	chr8	23450577	23451009	LINE/L2	666	+	216	23450793	20072
chr8	23430721	23630721	harbor2	chr8	23451320	23451926	LINE/L2	1011	+	303	23451623	20902
chr8	23430721	23630721	harbor2	chr8	23476044	23476467	LINE/L2	451	+	212	23476256	45535
chr8	23430721	23630721	harbor2	chr8	23445416	23445849	LINE/L2	449	+	216	23445632	14911
chr8	23428862	23628862	harbor2	chr8	23450577	23451009	LINE/L2	666	+	216	23450793	21931
chr8	23428862	23628862	harbor2	chr8	23451320	23451926	LINE/L2	1011	+	303	23451623	22761
chr8	23428862	23628862	harbor2	chr8	23476044	23476467	LINE/L2	451	+	212	23476256	47394
chr8	23428862	23628862	harbor2	chr8	23445416	23445849	LINE/L2	449	+	216	23445632	16770
chr8	23429308	23629308	harbor2	chr8	23450577	23451009	LINE/L2	666	+	216	23450793	21485
chr8	23429308	23629308	harbor2	chr8	23451320	23451926	LINE/L2	1011	+	303	23451623	22315
chr8	23429308	23629308	harbor2	chr8	23476044	23476467	LINE/L2	451	+	212	23476256	46948
chr8	23429308	23629308	harbor2	chr8	23445416	23445849	LINE/L2	449	+	216	23445632	16324
chr8	90973852	91173852	harbor2	chr8	91005129	91005640	LINE/L2	588	+	256	91005385	31533
chr8	90973852	91173852	harbor2	chr8	91023685	91023802	LINE/L2	415	+	58	91023743	49891
chr8	90973852	91173852	harbor2	chr8	91033151	91033780	LINE/L2	848	+	314	91033465	59613
chr8	90973852	91173852	harbor2	chr8	91033944	91034207	LINE/L2	848	+	132	91034076	60224
chr8	90973852	91173852	harbor2	chr8	91035378	91035662	LINE/L2	441	+	142	91035520	61668
chr8	90973852	91173852	harbor2	chr8	91036242	91036736	LINE/L2	733	+	247	91036489	62637
chr8	90973852	91173852	harbor2	chr8	91037226	91037666	LINE/L2	472	+	220	91037446	63594
chr8	90973852	91173852	harbor2	chr8	91061118	91061477	LINE/L2	447	+	180	91061298	87446
chr8	90973852	91173852	harbor2	chr8	91013111	91013254	LINE/L2	449	+	72	91013183	39331
chr8	23428822	23628822	harbor2	chr8	23450577	23451009	LINE/L2	666	+	216	23450793	21971
chr8	23428822	23628822	harbor2	chr8	23451320	23451926	LINE/L2	1011	+	303	23451623	22801
chr8	23428822	23628822	harbor2	chr8	23476044	23476467	LINE/L2	451	+	212	23476256	47434
chr8	23428822	23628822	harbor2	chr8	23445416	23445849	LINE/L2	449	+	216	23445632	16810
chr8	23432595	23632595	harbor2	chr8	23450577	23451009	LINE/L2	666	+	216	23450793	18198
chr8	23432595	23632595	harbor2	chr8	23451320	23451926	LINE/L2	1011	+	303	23451623	19028
chr8	23432595	23632595	harbor2	chr8	23476044	23476467	LINE/L2	451	+	212	23476256	43661
chr8	23432595	23632595	harbor2	chr8	23445416	23445849	LINE/L2	449	+	216	23445632	13037
chr8	23428886	23628886	harbor2	chr8	23450577	23451009	LINE/L2	666	+	216	23450793	21907
chr8	23428886	23628886	harbor2	chr8	23451320	23451926	LINE/L2	1011	+	303	23451623	22737
chr8	23428886	23628886	harbor2	chr8	23476044	23476467	LINE/L2	451	+	212	23476256	47370
chr8	23428886	23628886	harbor2	chr8	23445416	23445849	LINE/L2	449	+	216	23445632	16746
chr8	23428849	23628849	harbor2	chr8	23450577	23451009	LINE/L2	666	+	216	23450793	21944
chr8	23428849	23628849	harbor2	chr8	23451320	23451926	LINE/L2	1011	+	303	23451623	22774
chr8	23428849	23628849	harbor2	chr8	23476044	23476467	LINE/L2	451	+	212	23476256	47407
chr8	23428849	23628849	harbor2	chr8	23445416	23445849	LINE/L2	449	+	216	23445632	16783
chr8	23428839	23628839	harbor2	chr8	23450577	23451009	LINE/L2	666	+	216	23450793	21954
chr8	23428839	23628839	harbor2	chr8	23451320	23451926	LINE/L2	1011	+	303	23451623	22784
chr8	23428839	23628839	harbor2	chr8	23476044	23476467	LINE/L2	451	+	212	23476256	47417
chr8	23428839	23628839	harbor2	chr8	23445416	23445849	LINE/L2	449	+	216	23445632	16793
chr8	23447867	23647867	harbor2	chr8	23450577	23451009	LINE/L2	666	+	216	23450793	2926
chr8	23447867	23647867	harbor2	chr8	23451320	23451926	LINE/L2	1011	+	303	23451623	3756
chr8	23447867	23647867	harbor2	chr8	23476044	23476467	LINE/L2	451	+	212	23476256	28389
chr8	23447867	23647867	harbor2	chr8	23536820	23536913	LINE/L2	657	+	46	23536866	88999
chr8	23447867	23647867	harbor2	chr8	23537215	23537486	LINE/L2	657	+	136	23537351	89484
chr8	42040647	42240647	harbor2	chr8	42096259	42096687	LINE/L2	695	+	214	42096473	55826
chr8	42040647	42240647	harbor2	chr8	42120679	42121295	LINE/L2	973	+	308	42120987	80340
chr8	42040647	42240647	harbor2	chr8	42121569	42121646	LINE/L2	973	+	38	42121607	80960
chr8	42040647	42240647	harbor2	chr8	42124050	42124293	LINE/L2	757	+	122	42124172	83525
chr8	12337432	12537432	harbor2	chr8	12434590	12435064	LINE/L2	879	+	237	12434827	97395
chr8	30013870	30213870	harbor2	chr8	30014187	30014410	LINE/L2	438	+	112	30014299	429
chr8	30013870	30213870	harbor2	chr8	30031971	30032649	LINE/L2	483	+	339	30032310	18440
chr8	30013870	30213870	harbor2	chr8	30079925	30080371	LINE/L2	1003	+	223	30080148	66278
chr8	30013870	30213870	harbor2	chr8	30080363	30080670	LINE/L2	686	+	154	30080517	66647
chr8	30013870	30213870	harbor2	chr8	30098945	30099256	LINE/L2	793	+	156	30099101	85231
chr8	141311590	141511590	harbor2	chr8	141344275	141344619	LINE/L2	531	+	172	141344447	32857
chr8	23428736	23628736	harbor2	chr8	23450577	23451009	LINE/L2	666	+	216	23450793	22057
chr8	23428736	23628736	harbor2	chr8	23451320	23451926	LINE/L2	1011	+	303	23451623	22887
chr8	23428736	23628736	harbor2	chr8	23476044	23476467	LINE/L2	451	+	212	23476256	47520
chr8	23428736	23628736	harbor2	chr8	23445416	23445849	LINE/L2	449	+	216	23445632	16896
chr8	23429123	23629123	harbor2	chr8	23450577	23451009	LINE/L2	666	+	216	23450793	21670
chr8	23429123	23629123	harbor2	chr8	23451320	23451926	LINE/L2	1011	+	303	23451623	22500
chr8	23429123	23629123	harbor2	chr8	23476044	23476467	LINE/L2	451	+	212	23476256	47133
chr8	23429123	23629123	harbor2	chr8	23445416	23445849	LINE/L2	449	+	216	23445632	16509
chr8	96040962	96240962	harbor2	chr8	96061235	96061740	LINE/L2	1321	+	252	96061487	20525
chr8	96040962	96240962	harbor2	chr8	96063506	96063967	LINE/L2	698	+	230	96063736	22774
chr8	96040962	96240962	harbor2	chr8	96097942	96098045	LINE/L2	423	+	52	96097994	57032
chr8	96040962	96240962	harbor2	chr8	96115234	96116254	LINE/L2	2045	+	510	96115744	74782
chr8	96040962	96240962	harbor2	chr8	96123530	96123656	LINE/L2	500	+	63	96123593	82631
chr8	141003841	141203841	harbor2	chr8	141057453	141057858	LINE/L2	585	+	202	141057655	53814
chr8	32680396	32880396	harbor2	chr8	32680617	32680869	LINE/L2	479	+	126	32680743	347
chr8	23428733	23628733	harbor2	chr8	23450577	23451009	LINE/L2	666	+	216	23450793	22060
chr8	23428733	23628733	harbor2	chr8	23451320	23451926	LINE/L2	1011	+	303	23451623	22890
chr8	23428733	23628733	harbor2	chr8	23476044	23476467	LINE/L2	451	+	212	23476256	47523
chr8	23428733	23628733	harbor2	chr8	23445416	23445849	LINE/L2	449	+	216	23445632	16899
chr8	23429202	23629202	harbor2	chr8	23450577	23451009	LINE/L2	666	+	216	23450793	21591
chr8	23429202	23629202	harbor2	chr8	23451320	23451926	LINE/L2	1011	+	303	23451623	22421
chr8	23429202	23629202	harbor2	chr8	23476044	23476467	LINE/L2	451	+	212	23476256	47054
chr8	23429202	23629202	harbor2	chr8	23445416	23445849	LINE/L2	449	+	216	23445632	16430
chr8	125678475	125878475	harbor2	chr8	125684267	125684360	LINE/L2	516	+	46	125684313	5838
chr8	125678475	125878475	harbor2	chr8	125684624	125684811	LINE/L2	516	+	94	125684718	6243
chr8	125678475	125878475	harbor2	chr8	125699075	125699181	LINE/L2	435	+	53	125699128	20653
chr8	125678475	125878475	harbor2	chr8	125699512	125699769	LINE/L2	435	+	128	125699640	21165
chr8	23430734	23630734	harbor2	chr8	23450577	23451009	LINE/L2	666	+	216	23450793	20059
chr8	23430734	23630734	harbor2	chr8	23451320	23451926	LINE/L2	1011	+	303	23451623	20889
chr8	23430734	23630734	harbor2	chr8	23476044	23476467	LINE/L2	451	+	212	23476256	45522
chr8	23430734	23630734	harbor2	chr8	23445416	23445849	LINE/L2	449	+	216	23445632	14898
chr8	8292230	8492230	harbor2	chr8	8335701	8335925	LINE/L2	562	+	112	8335813	43583
chr8	23428636	23628636	harbor2	chr8	23450577	23451009	LINE/L2	666	+	216	23450793	22157
chr8	23428636	23628636	harbor2	chr8	23451320	23451926	LINE/L2	1011	+	303	23451623	22987
chr8	23428636	23628636	harbor2	chr8	23476044	23476467	LINE/L2	451	+	212	23476256	47620
chr8	23428636	23628636	harbor2	chr8	23445416	23445849	LINE/L2	449	+	216	23445632	16996
chr8	23428840	23628840	harbor2	chr8	23450577	23451009	LINE/L2	666	+	216	23450793	21953
chr8	23428840	23628840	harbor2	chr8	23451320	23451926	LINE/L2	1011	+	303	23451623	22783
chr8	23428840	23628840	harbor2	chr8	23476044	23476467	LINE/L2	451	+	212	23476256	47416
chr8	23428840	23628840	harbor2	chr8	23445416	23445849	LINE/L2	449	+	216	23445632	16792
chr8	8793157	8993157	harbor2	chr8	8845769	8845966	LINE/L2	552	+	98	8845867	52710
chr8	8793157	8993157	harbor2	chr8	8846379	8846850	LINE/L2	608	+	236	8846615	53458
chr8	25085369	25285369	harbor2	chr8	25125326	25125935	LINE/L2	1576	+	304	25125630	40261
chr8	25085369	25285369	harbor2	chr8	25131806	25132290	LINE/L2	1243	+	242	25132048	46679
chr8	25085369	25285369	harbor2	chr8	25182182	25182882	LINE/L2	588	+	350	25182532	97163
chr8	23428828	23628828	harbor2	chr8	23450577	23451009	LINE/L2	666	+	216	23450793	21965
chr8	23428828	23628828	harbor2	chr8	23451320	23451926	LINE/L2	1011	+	303	23451623	22795
chr8	23428828	23628828	harbor2	chr8	23476044	23476467	LINE/L2	451	+	212	23476256	47428
chr8	23428828	23628828	harbor2	chr8	23445416	23445849	LINE/L2	449	+	216	23445632	16804
chr8	23428920	23628920	harbor2	chr8	23450577	23451009	LINE/L2	666	+	216	23450793	21873
chr8	23428920	23628920	harbor2	chr8	23451320	23451926	LINE/L2	1011	+	303	23451623	22703
chr8	23428920	23628920	harbor2	chr8	23476044	23476467	LINE/L2	451	+	212	23476256	47336
chr8	23428920	23628920	harbor2	chr8	23445416	23445849	LINE/L2	449	+	216	23445632	16712
chr8	141309378	141509378	harbor2	chr8	141344275	141344619	LINE/L2	531	+	172	141344447	35069
chr8	29983300	30183300	harbor2	chr8	29993708	29994369	LINE/L2	606	+	330	29994038	10738
chr8	29983300	30183300	harbor2	chr8	30014187	30014410	LINE/L2	438	+	112	30014299	30999
chr8	29983300	30183300	harbor2	chr8	30031971	30032649	LINE/L2	483	+	339	30032310	49010
chr8	29983300	30183300	harbor2	chr8	30079925	30080371	LINE/L2	1003	+	223	30080148	96848
chr8	29983300	30183300	harbor2	chr8	30080363	30080670	LINE/L2	686	+	154	30080517	97217
chr8	23428899	23628899	harbor2	chr8	23450577	23451009	LINE/L2	666	+	216	23450793	21894
chr8	23428899	23628899	harbor2	chr8	23451320	23451926	LINE/L2	1011	+	303	23451623	22724
chr8	23428899	23628899	harbor2	chr8	23476044	23476467	LINE/L2	451	+	212	23476256	47357
chr8	23428899	23628899	harbor2	chr8	23445416	23445849	LINE/L2	449	+	216	23445632	16733
chr8	144280379	144480379	harbor2	chr8	144348529	144348782	LINE/L2	569	+	126	144348655	68276
chr8	8795419	8995419	harbor2	chr8	8845769	8845966	LINE/L2	552	+	98	8845867	50448
chr8	8795419	8995419	harbor2	chr8	8846379	8846850	LINE/L2	608	+	236	8846615	51196
chr8	143960530	144160530	harbor2	chr8	143987417	143987610	LINE/L2	497	+	96	143987513	26983
chr8	143960530	144160530	harbor2	chr8	143987906	143988123	LINE/L2	497	+	108	143988014	27484
chr8	143960530	144160530	harbor2	chr8	144005497	144005958	LINE/L2	537	+	230	144005727	45197
chr8	143960530	144160530	harbor2	chr8	144009113	144009990	LINE/L2	1053	+	438	144009551	49021
chr8	144362830	144562830	harbor2	chr8	144406189	144406717	LINE/L2	783	+	264	144406453	43623
chr8	144365516	144565516	harbor2	chr8	144406189	144406717	LINE/L2	783	+	264	144406453	40937
chr8	142626665	142826665	harbor2	chr8	142671871	142672336	LINE/L2	468	+	232	142672103	45438
chr8	141314854	141514854	harbor2	chr8	141344275	141344619	LINE/L2	531	+	172	141344447	29593
chr8	26477941	26677941	harbor2	chr8	26480928	26481351	LINE/L2	420	+	212	26481140	3199
chr8	26477941	26677941	harbor2	chr8	26481443	26481869	LINE/L2	630	+	213	26481656	3715
chr8	26477941	26677941	harbor2	chr8	26561173	26561520	LINE/L2	555	+	174	26561347	83406
chr8	26477941	26677941	harbor2	chr8	26563581	26563831	LINE/L2	504	+	125	26563706	85765
chr8	23456020	23656020	harbor2	chr8	23476044	23476467	LINE/L2	451	+	212	23476256	20236
chr8	23456020	23656020	harbor2	chr8	23536820	23536913	LINE/L2	657	+	46	23536866	80846
chr8	23456020	23656020	harbor2	chr8	23537215	23537486	LINE/L2	657	+	136	23537351	81331
chr8	144376802	144576802	harbor2	chr8	144406189	144406717	LINE/L2	783	+	264	144406453	29651
chr8	115390199	115590199	harbor2	chr8	115395862	115395966	LINE/L2	427	+	52	115395914	5715
chr8	115390199	115590199	harbor2	chr8	115403415	115403967	LINE/L2	2147	+	276	115403691	13492
chr8	115390199	115590199	harbor2	chr8	115404108	115404169	LINE/L2	2147	+	30	115404138	13939
chr8	115390199	115590199	harbor2	chr8	115404604	115405786	LINE/L2	2147	+	591	115405195	14996
chr8	115390199	115590199	harbor2	chr8	115461428	115461588	LINE/L2	453	+	80	115461508	71309
chr8	23428854	23628854	harbor2	chr8	23450577	23451009	LINE/L2	666	+	216	23450793	21939
chr8	23428854	23628854	harbor2	chr8	23451320	23451926	LINE/L2	1011	+	303	23451623	22769
chr8	23428854	23628854	harbor2	chr8	23476044	23476467	LINE/L2	451	+	212	23476256	47402
chr8	23428854	23628854	harbor2	chr8	23445416	23445849	LINE/L2	449	+	216	23445632	16778
chr8	23428795	23628795	harbor2	chr8	23450577	23451009	LINE/L2	666	+	216	23450793	21998
chr8	23428795	23628795	harbor2	chr8	23451320	23451926	LINE/L2	1011	+	303	23451623	22828
chr8	23428795	23628795	harbor2	chr8	23476044	23476467	LINE/L2	451	+	212	23476256	47461
chr8	23428795	23628795	harbor2	chr8	23445416	23445849	LINE/L2	449	+	216	23445632	16837
chr8	143982665	144182665	harbor2	chr8	143987417	143987610	LINE/L2	497	+	96	143987513	4848
chr8	143982665	144182665	harbor2	chr8	143987906	143988123	LINE/L2	497	+	108	143988014	5349
chr8	143982665	144182665	harbor2	chr8	144005497	144005958	LINE/L2	537	+	230	144005727	23062
chr8	143982665	144182665	harbor2	chr8	144009113	144009990	LINE/L2	1053	+	438	144009551	26886
chr8	42040637	42240637	harbor2	chr8	42096259	42096687	LINE/L2	695	+	214	42096473	55836
chr8	42040637	42240637	harbor2	chr8	42120679	42121295	LINE/L2	973	+	308	42120987	80350
chr8	42040637	42240637	harbor2	chr8	42121569	42121646	LINE/L2	973	+	38	42121607	80970
chr8	42040637	42240637	harbor2	chr8	42124050	42124293	LINE/L2	757	+	122	42124172	83535
chr8	141300777	141500777	harbor2	chr8	141344275	141344619	LINE/L2	531	+	172	141344447	43670
chr8	10960481	11160481	harbor2	chr8	10963162	10963543	LINE/L2	560	+	190	10963352	2871
chr8	10960481	11160481	harbor2	chr8	10987367	10987949	LINE/L2	1143	+	291	10987658	27177
chr8	10960481	11160481	harbor2	chr8	10988047	10988336	LINE/L2	793	+	144	10988191	27710
chr8	10960481	11160481	harbor2	chr8	11050705	11051795	LINE/L2	1131	+	545	11051250	90769
chr8	10960481	11160481	harbor2	chr8	11052057	11052529	LINE/L2	834	+	236	11052293	91812
chr8	10960481	11160481	harbor2	chr8	11057215	11057432	LINE/L2	813	+	108	11057323	96842
chr8	22818594	23018594	harbor2	chr8	22828325	22830113	LINE/L2	2263	+	894	22829219	10625
chr8	22818594	23018594	harbor2	chr8	22830448	22831452	LINE/L2	2263	+	502	22830950	12356
chr8	22818594	23018594	harbor2	chr8	22868528	22869463	LINE/L2	1923	+	468	22868996	50402
chr8	22818594	23018594	harbor2	chr8	22881417	22881580	LINE/L2	421	+	82	22881499	62905
chr8	22818594	23018594	harbor2	chr8	22897616	22897788	LINE/L2	464	+	86	22897702	79108
chr8	22818594	23018594	harbor2	chr8	22898478	22898510	LINE/L2	464	+	16	22898494	79900
chr8	41849522	42049522	harbor2	chr8	41898734	41899185	LINE/L2	717	+	226	41898960	49438
chr8	41849522	42049522	harbor2	chr8	41907467	41908489	LINE/L2	1329	+	511	41907978	58456
chr8	41849522	42049522	harbor2	chr8	41915826	41916079	LINE/L2	540	+	126	41915952	66430
chr8	23429259	23629259	harbor2	chr8	23450577	23451009	LINE/L2	666	+	216	23450793	21534
chr8	23429259	23629259	harbor2	chr8	23451320	23451926	LINE/L2	1011	+	303	23451623	22364
chr8	23429259	23629259	harbor2	chr8	23476044	23476467	LINE/L2	451	+	212	23476256	46997
chr8	23429259	23629259	harbor2	chr8	23445416	23445849	LINE/L2	449	+	216	23445632	16373
chr8	144365278	144565278	harbor2	chr8	144406189	144406717	LINE/L2	783	+	264	144406453	41175
chr8	30059382	30259382	harbor2	chr8	30079925	30080371	LINE/L2	1003	+	223	30080148	20766
chr8	30059382	30259382	harbor2	chr8	30080363	30080670	LINE/L2	686	+	154	30080517	21135
chr8	30059382	30259382	harbor2	chr8	30098945	30099256	LINE/L2	793	+	156	30099101	39719
chr8	30068591	30268591	harbor2	chr8	30079925	30080371	LINE/L2	1003	+	223	30080148	11557
chr8	30068591	30268591	harbor2	chr8	30080363	30080670	LINE/L2	686	+	154	30080517	11926
chr8	30068591	30268591	harbor2	chr8	30098945	30099256	LINE/L2	793	+	156	30099101	30510
chr8	89884671	90084671	harbor2	chr8	89916596	89918288	LINE/L2	975	+	846	89917442	32771
chr8	89884671	90084671	harbor2	chr8	89918514	89919170	LINE/L2	806	+	328	89918842	34171
chr8	89884671	90084671	harbor2	chr8	89963675	89963947	LINE/L2	618	+	136	89963811	79140
chr8	89884671	90084671	harbor2	chr8	89963943	89964275	LINE/L2	606	+	166	89964109	79438
chr8	89884671	90084671	harbor2	chr8	89968755	89968894	LINE/L2	441	+	70	89968825	84154
chr8	104533858	104733858	harbor2	chr8	104550439	104550628	LINE/L2	442	+	94	104550533	16675
chr8	104533858	104733858	harbor2	chr8	104583038	104583659	LINE/L2	786	+	310	104583348	49490
chr8	104533858	104733858	harbor2	chr8	104596132	104596236	LINE/L2	441	+	52	104596184	62326
chr8	104533858	104733858	harbor2	chr8	104603101	104603297	LINE/L2	460	+	98	104603199	69341
chr8	104533858	104733858	harbor2	chr8	104622780	104622937	LINE/L2	447	+	78	104622858	89000
chr8	104533858	104733858	harbor2	chr8	104628545	104628936	LINE/L2	442	+	196	104628741	94883
chr8	23428874	23628874	harbor2	chr8	23450577	23451009	LINE/L2	666	+	216	23450793	21919
chr8	23428874	23628874	harbor2	chr8	23451320	23451926	LINE/L2	1011	+	303	23451623	22749
chr8	23428874	23628874	harbor2	chr8	23476044	23476467	LINE/L2	451	+	212	23476256	47382
chr8	23428874	23628874	harbor2	chr8	23445416	23445849	LINE/L2	449	+	216	23445632	16758
chr8	73779046	73979046	harbor2	chr8	73818173	73818591	LINE/L2	1582	+	209	73818382	39336
chr8	73779046	73979046	harbor2	chr8	73818992	73819407	LINE/L2	1582	+	208	73819200	40154
chr8	73779046	73979046	harbor2	chr8	73875702	73875767	LINE/L2	573	+	32	73875734	96688
chr8	73779046	73979046	harbor2	chr8	73876074	73876246	LINE/L2	573	+	86	73876160	97114
chr8	23744917	23944917	harbor2	chr8	23766485	23766725	LINE/L2	459	+	120	23766605	21688
chr8	23744917	23944917	harbor2	chr8	23773542	23773773	LINE/L2	444	+	116	23773658	28741
chr8	23744917	23944917	harbor2	chr8	23774072	23774951	LINE/L2	444	+	440	23774512	29595
chr8	23744917	23944917	harbor2	chr8	23801968	23802556	LINE/L2	1548	+	294	23802262	57345
chr8	138716197	138916197	harbor2	chr8	138738959	138739685	LINE/L2	1033	+	363	138739322	23125
chr8	138716197	138916197	harbor2	chr8	138747391	138747794	LINE/L2	436	+	202	138747593	31396
chr8	138716197	138916197	harbor2	chr8	138776707	138776831	LINE/L2	557	+	62	138776769	60572
chr9	4884805	5084805	harbor2	chr9	4893575	4894236	LINE/L2	792	+	330	4893905	9100
chr9	4884805	5084805	harbor2	chr9	4970825	4971372	LINE/L2	1453	+	274	4971099	86294
chr9	4884805	5084805	harbor2	chr9	4972549	4973642	LINE/L2	2828	+	546	4973095	88290
chr9	4884805	5084805	harbor2	chr9	4983832	4984345	LINE/L2	1319	+	256	4984088	99283
chr9	4886038	5086038	harbor2	chr9	4893575	4894236	LINE/L2	792	+	330	4893905	7867
chr9	4886038	5086038	harbor2	chr9	4970825	4971372	LINE/L2	1453	+	274	4971099	85061
chr9	4886038	5086038	harbor2	chr9	4972549	4973642	LINE/L2	2828	+	546	4973095	87057
chr9	4886038	5086038	harbor2	chr9	4983832	4984345	LINE/L2	1319	+	256	4984088	98050
chr9	4884737	5084737	harbor2	chr9	4893575	4894236	LINE/L2	792	+	330	4893905	9168
chr9	4884737	5084737	harbor2	chr9	4970825	4971372	LINE/L2	1453	+	274	4971099	86362
chr9	4884737	5084737	harbor2	chr9	4972549	4973642	LINE/L2	2828	+	546	4973095	88358
chr9	4884737	5084737	harbor2	chr9	4983832	4984345	LINE/L2	1319	+	256	4984088	99351
chr9	4884821	5084821	harbor2	chr9	4893575	4894236	LINE/L2	792	+	330	4893905	9084
chr9	4884821	5084821	harbor2	chr9	4970825	4971372	LINE/L2	1453	+	274	4971099	86278
chr9	4884821	5084821	harbor2	chr9	4972549	4973642	LINE/L2	2828	+	546	4973095	88274
chr9	4884821	5084821	harbor2	chr9	4983832	4984345	LINE/L2	1319	+	256	4984088	99267
chr9	4886039	5086039	harbor2	chr9	4893575	4894236	LINE/L2	792	+	330	4893905	7866
chr9	4886039	5086039	harbor2	chr9	4970825	4971372	LINE/L2	1453	+	274	4971099	85060
chr9	4886039	5086039	harbor2	chr9	4972549	4973642	LINE/L2	2828	+	546	4973095	87056
chr9	4886039	5086039	harbor2	chr9	4983832	4984345	LINE/L2	1319	+	256	4984088	98049
chr9	4884782	5084782	harbor2	chr9	4893575	4894236	LINE/L2	792	+	330	4893905	9123
chr9	4884782	5084782	harbor2	chr9	4970825	4971372	LINE/L2	1453	+	274	4971099	86317
chr9	4884782	5084782	harbor2	chr9	4972549	4973642	LINE/L2	2828	+	546	4973095	88313
chr9	4884782	5084782	harbor2	chr9	4983832	4984345	LINE/L2	1319	+	256	4984088	99306
chr9	4966574	5166574	harbor2	chr9	4970825	4971372	LINE/L2	1453	+	274	4971099	4525
chr9	4966574	5166574	harbor2	chr9	4972549	4973642	LINE/L2	2828	+	546	4973095	6521
chr9	4966574	5166574	harbor2	chr9	4983832	4984345	LINE/L2	1319	+	256	4984088	17514
chr9	4966574	5166574	harbor2	chr9	4991742	4991933	LINE/L2	538	+	96	4991838	25264
chr9	4886275	5086275	harbor2	chr9	4893575	4894236	LINE/L2	792	+	330	4893905	7630
chr9	4886275	5086275	harbor2	chr9	4970825	4971372	LINE/L2	1453	+	274	4971099	84824
chr9	4886275	5086275	harbor2	chr9	4972549	4973642	LINE/L2	2828	+	546	4973095	86820
chr9	4886275	5086275	harbor2	chr9	4983832	4984345	LINE/L2	1319	+	256	4984088	97813
chr9	4692826	4892826	harbor2	chr9	4770436	4770761	LINE/L2	622	+	162	4770598	77772
chr9	4692826	4892826	harbor2	chr9	4770807	4771005	LINE/L2	510	+	99	4770906	78080
chr9	4692782	4892782	harbor2	chr9	4770436	4770761	LINE/L2	622	+	162	4770598	77816
chr9	4692782	4892782	harbor2	chr9	4770807	4771005	LINE/L2	510	+	99	4770906	78124
chr9	4884843	5084843	harbor2	chr9	4893575	4894236	LINE/L2	792	+	330	4893905	9062
chr9	4884843	5084843	harbor2	chr9	4970825	4971372	LINE/L2	1453	+	274	4971099	86256
chr9	4884843	5084843	harbor2	chr9	4972549	4973642	LINE/L2	2828	+	546	4973095	88252
chr9	4884843	5084843	harbor2	chr9	4983832	4984345	LINE/L2	1319	+	256	4984088	99245
chr9	4884788	5084788	harbor2	chr9	4893575	4894236	LINE/L2	792	+	330	4893905	9117
chr9	4884788	5084788	harbor2	chr9	4970825	4971372	LINE/L2	1453	+	274	4971099	86311
chr9	4884788	5084788	harbor2	chr9	4972549	4973642	LINE/L2	2828	+	546	4973095	88307
chr9	4884788	5084788	harbor2	chr9	4983832	4984345	LINE/L2	1319	+	256	4984088	99300
chr9	4692810	4892810	harbor2	chr9	4770436	4770761	LINE/L2	622	+	162	4770598	77788
chr9	4692810	4892810	harbor2	chr9	4770807	4771005	LINE/L2	510	+	99	4770906	78096
chr9	4886030	5086030	harbor2	chr9	4893575	4894236	LINE/L2	792	+	330	4893905	7875
chr9	4886030	5086030	harbor2	chr9	4970825	4971372	LINE/L2	1453	+	274	4971099	85069
chr9	4886030	5086030	harbor2	chr9	4972549	4973642	LINE/L2	2828	+	546	4973095	87065
chr9	4886030	5086030	harbor2	chr9	4983832	4984345	LINE/L2	1319	+	256	4984088	98058
chr9	4884822	5084822	harbor2	chr9	4893575	4894236	LINE/L2	792	+	330	4893905	9083
chr9	4884822	5084822	harbor2	chr9	4970825	4971372	LINE/L2	1453	+	274	4971099	86277
chr9	4884822	5084822	harbor2	chr9	4972549	4973642	LINE/L2	2828	+	546	4973095	88273
chr9	4884822	5084822	harbor2	chr9	4983832	4984345	LINE/L2	1319	+	256	4984088	99266
chr9	112389442	112589442	harbor2	chr9	112436369	112436493	LINE/L2	587	+	62	112436431	46989
chr9	112389442	112589442	harbor2	chr9	112455354	112455910	LINE/L2	878	+	278	112455632	66190
chr9	112389442	112589442	harbor2	chr9	112456066	112456647	LINE/L2	878	+	290	112456356	66914
chr9	4694791	4894791	harbor2	chr9	4770436	4770761	LINE/L2	622	+	162	4770598	75807
chr9	4694791	4894791	harbor2	chr9	4770807	4771005	LINE/L2	510	+	99	4770906	76115
chr9	79476304	79676304	harbor2	chr9	79567237	79567459	LINE/L2	587	+	111	79567348	91044
chr9	79476304	79676304	harbor2	chr9	79568147	79568213	LINE/L2	587	+	33	79568180	91876
chr9	4884859	5084859	harbor2	chr9	4893575	4894236	LINE/L2	792	+	330	4893905	9046
chr9	4884859	5084859	harbor2	chr9	4970825	4971372	LINE/L2	1453	+	274	4971099	86240
chr9	4884859	5084859	harbor2	chr9	4972549	4973642	LINE/L2	2828	+	546	4973095	88236
chr9	4884859	5084859	harbor2	chr9	4983832	4984345	LINE/L2	1319	+	256	4984088	99229
chr9	4884785	5084785	harbor2	chr9	4893575	4894236	LINE/L2	792	+	330	4893905	9120
chr9	4884785	5084785	harbor2	chr9	4970825	4971372	LINE/L2	1453	+	274	4971099	86314
chr9	4884785	5084785	harbor2	chr9	4972549	4973642	LINE/L2	2828	+	546	4973095	88310
chr9	4884785	5084785	harbor2	chr9	4983832	4984345	LINE/L2	1319	+	256	4984088	99303
chr9	112387666	112587666	harbor2	chr9	112436369	112436493	LINE/L2	587	+	62	112436431	48765
chr9	112387666	112587666	harbor2	chr9	112455354	112455910	LINE/L2	878	+	278	112455632	67966
chr9	112387666	112587666	harbor2	chr9	112456066	112456647	LINE/L2	878	+	290	112456356	68690
chr9	4884771	5084771	harbor2	chr9	4893575	4894236	LINE/L2	792	+	330	4893905	9134
chr9	4884771	5084771	harbor2	chr9	4970825	4971372	LINE/L2	1453	+	274	4971099	86328
chr9	4884771	5084771	harbor2	chr9	4972549	4973642	LINE/L2	2828	+	546	4973095	88324
chr9	4884771	5084771	harbor2	chr9	4983832	4984345	LINE/L2	1319	+	256	4984088	99317
chr9	4885574	5085574	harbor2	chr9	4893575	4894236	LINE/L2	792	+	330	4893905	8331
chr9	4885574	5085574	harbor2	chr9	4970825	4971372	LINE/L2	1453	+	274	4971099	85525
chr9	4885574	5085574	harbor2	chr9	4972549	4973642	LINE/L2	2828	+	546	4973095	87521
chr9	4885574	5085574	harbor2	chr9	4983832	4984345	LINE/L2	1319	+	256	4984088	98514
chr9	4909381	5109381	harbor2	chr9	4970825	4971372	LINE/L2	1453	+	274	4971099	61718
chr9	4909381	5109381	harbor2	chr9	4972549	4973642	LINE/L2	2828	+	546	4973095	63714
chr9	4909381	5109381	harbor2	chr9	4983832	4984345	LINE/L2	1319	+	256	4984088	74707
chr9	4909381	5109381	harbor2	chr9	4991742	4991933	LINE/L2	538	+	96	4991838	82457
chr9	4884790	5084790	harbor2	chr9	4893575	4894236	LINE/L2	792	+	330	4893905	9115
chr9	4884790	5084790	harbor2	chr9	4970825	4971372	LINE/L2	1453	+	274	4971099	86309
chr9	4884790	5084790	harbor2	chr9	4972549	4973642	LINE/L2	2828	+	546	4973095	88305
chr9	4884790	5084790	harbor2	chr9	4983832	4984345	LINE/L2	1319	+	256	4984088	99298
chr9	4692766	4892766	harbor2	chr9	4770436	4770761	LINE/L2	622	+	162	4770598	77832
chr9	4692766	4892766	harbor2	chr9	4770807	4771005	LINE/L2	510	+	99	4770906	78140
chr9	4886294	5086294	harbor2	chr9	4893575	4894236	LINE/L2	792	+	330	4893905	7611
chr9	4886294	5086294	harbor2	chr9	4970825	4971372	LINE/L2	1453	+	274	4971099	84805
chr9	4886294	5086294	harbor2	chr9	4972549	4973642	LINE/L2	2828	+	546	4973095	86801
chr9	4886294	5086294	harbor2	chr9	4983832	4984345	LINE/L2	1319	+	256	4984088	97794
chr9	4692809	4892809	harbor2	chr9	4770436	4770761	LINE/L2	622	+	162	4770598	77789
chr9	4692809	4892809	harbor2	chr9	4770807	4771005	LINE/L2	510	+	99	4770906	78097
chr9	4885943	5085943	harbor2	chr9	4893575	4894236	LINE/L2	792	+	330	4893905	7962
chr9	4885943	5085943	harbor2	chr9	4970825	4971372	LINE/L2	1453	+	274	4971099	85156
chr9	4885943	5085943	harbor2	chr9	4972549	4973642	LINE/L2	2828	+	546	4973095	87152
chr9	4885943	5085943	harbor2	chr9	4983832	4984345	LINE/L2	1319	+	256	4984088	98145
chr9	4884804	5084804	harbor2	chr9	4893575	4894236	LINE/L2	792	+	330	4893905	9101
chr9	4884804	5084804	harbor2	chr9	4970825	4971372	LINE/L2	1453	+	274	4971099	86295
chr9	4884804	5084804	harbor2	chr9	4972549	4973642	LINE/L2	2828	+	546	4973095	88291
chr9	4884804	5084804	harbor2	chr9	4983832	4984345	LINE/L2	1319	+	256	4984088	99284
chr9	4730682	4930682	harbor2	chr9	4770436	4770761	LINE/L2	622	+	162	4770598	39916
chr9	4730682	4930682	harbor2	chr9	4770807	4771005	LINE/L2	510	+	99	4770906	40224
chr9	4884786	5084786	harbor2	chr9	4893575	4894236	LINE/L2	792	+	330	4893905	9119
chr9	4884786	5084786	harbor2	chr9	4970825	4971372	LINE/L2	1453	+	274	4971099	86313
chr9	4884786	5084786	harbor2	chr9	4972549	4973642	LINE/L2	2828	+	546	4973095	88309
chr9	4884786	5084786	harbor2	chr9	4983832	4984345	LINE/L2	1319	+	256	4984088	99302
chr9	4884800	5084800	harbor2	chr9	4893575	4894236	LINE/L2	792	+	330	4893905	9105
chr9	4884800	5084800	harbor2	chr9	4970825	4971372	LINE/L2	1453	+	274	4971099	86299
chr9	4884800	5084800	harbor2	chr9	4972549	4973642	LINE/L2	2828	+	546	4973095	88295
chr9	4884800	5084800	harbor2	chr9	4983832	4984345	LINE/L2	1319	+	256	4984088	99288
chr9	4884853	5084853	harbor2	chr9	4893575	4894236	LINE/L2	792	+	330	4893905	9052
chr9	4884853	5084853	harbor2	chr9	4970825	4971372	LINE/L2	1453	+	274	4971099	86246
chr9	4884853	5084853	harbor2	chr9	4972549	4973642	LINE/L2	2828	+	546	4973095	88242
chr9	4884853	5084853	harbor2	chr9	4983832	4984345	LINE/L2	1319	+	256	4984088	99235
chr9	5907138	6107138	harbor2	chr9	5927123	5928950	LINE/L2	4739	+	914	5928037	20899
chr9	5907138	6107138	harbor2	chr9	5991328	5991440	LINE/L2	762	+	56	5991384	84246
chr9	5907138	6107138	harbor2	chr9	5991746	5992294	LINE/L2	1030	+	274	5992020	84882
chr9	4885772	5085772	harbor2	chr9	4893575	4894236	LINE/L2	792	+	330	4893905	8133
chr9	4885772	5085772	harbor2	chr9	4970825	4971372	LINE/L2	1453	+	274	4971099	85327
chr9	4885772	5085772	harbor2	chr9	4972549	4973642	LINE/L2	2828	+	546	4973095	87323
chr9	4885772	5085772	harbor2	chr9	4983832	4984345	LINE/L2	1319	+	256	4984088	98316
chr9	4692868	4892868	harbor2	chr9	4770436	4770761	LINE/L2	622	+	162	4770598	77730
chr9	4692868	4892868	harbor2	chr9	4770807	4771005	LINE/L2	510	+	99	4770906	78038
chr9	4880270	5080270	harbor2	chr9	4893575	4894236	LINE/L2	792	+	330	4893905	13635
chr9	4880270	5080270	harbor2	chr9	4970825	4971372	LINE/L2	1453	+	274	4971099	90829
chr9	4880270	5080270	harbor2	chr9	4972549	4973642	LINE/L2	2828	+	546	4973095	92825
chr9	111797010	111997010	harbor2	chr9	111854998	111855354	LINE/L2	706	+	178	111855176	58166
chr9	111797010	111997010	harbor2	chr9	111872893	111873021	LINE/L2	480	+	64	111872957	75947
chr9	111797010	111997010	harbor2	chr9	111873369	111873477	LINE/L2	480	+	54	111873423	76413
chr9	111797010	111997010	harbor2	chr9	111874634	111875000	LINE/L2	1171	+	183	111874817	77807
chr9	111797010	111997010	harbor2	chr9	111876404	111876784	LINE/L2	1338	+	190	111876594	79584
chr9	111797010	111997010	harbor2	chr9	111877088	111877277	LINE/L2	1338	+	94	111877182	80172
chr9	4693721	4893721	harbor2	chr9	4770436	4770761	LINE/L2	622	+	162	4770598	76877
chr9	4693721	4893721	harbor2	chr9	4770807	4771005	LINE/L2	510	+	99	4770906	77185
chr9	4884777	5084777	harbor2	chr9	4893575	4894236	LINE/L2	792	+	330	4893905	9128
chr9	4884777	5084777	harbor2	chr9	4970825	4971372	LINE/L2	1453	+	274	4971099	86322
chr9	4884777	5084777	harbor2	chr9	4972549	4973642	LINE/L2	2828	+	546	4973095	88318
chr9	4884777	5084777	harbor2	chr9	4983832	4984345	LINE/L2	1319	+	256	4984088	99311
chr9	133682117	133882117	harbor2	chr9	133693060	133693271	LINE/L2	598	+	106	133693166	11049
chr9	133682117	133882117	harbor2	chr9	133717741	133718061	LINE/L2	673	+	160	133717901	35784
chr9	133682117	133882117	harbor2	chr9	133718372	133718519	LINE/L2	673	+	74	133718446	36329
chr9	4884851	5084851	harbor2	chr9	4893575	4894236	LINE/L2	792	+	330	4893905	9054
chr9	4884851	5084851	harbor2	chr9	4970825	4971372	LINE/L2	1453	+	274	4971099	86248
chr9	4884851	5084851	harbor2	chr9	4972549	4973642	LINE/L2	2828	+	546	4973095	88244
chr9	4884851	5084851	harbor2	chr9	4983832	4984345	LINE/L2	1319	+	256	4984088	99237
chr9	22103804	22303804	harbor2	chr9	22152739	22153261	LINE/L2	716	+	261	22153000	49196
chr9	4974186	5174186	harbor2	chr9	4983832	4984345	LINE/L2	1319	+	256	4984088	9902
chr9	4974186	5174186	harbor2	chr9	4991742	4991933	LINE/L2	538	+	96	4991838	17652
chr9	4729013	4929013	harbor2	chr9	4770436	4770761	LINE/L2	622	+	162	4770598	41585
chr9	4729013	4929013	harbor2	chr9	4770807	4771005	LINE/L2	510	+	99	4770906	41893
chr9	4884799	5084799	harbor2	chr9	4893575	4894236	LINE/L2	792	+	330	4893905	9106
chr9	4884799	5084799	harbor2	chr9	4970825	4971372	LINE/L2	1453	+	274	4971099	86300
chr9	4884799	5084799	harbor2	chr9	4972549	4973642	LINE/L2	2828	+	546	4973095	88296
chr9	4884799	5084799	harbor2	chr9	4983832	4984345	LINE/L2	1319	+	256	4984088	99289
chr9	4884830	5084830	harbor2	chr9	4893575	4894236	LINE/L2	792	+	330	4893905	9075
chr9	4884830	5084830	harbor2	chr9	4970825	4971372	LINE/L2	1453	+	274	4971099	86269
chr9	4884830	5084830	harbor2	chr9	4972549	4973642	LINE/L2	2828	+	546	4973095	88265
chr9	4884830	5084830	harbor2	chr9	4983832	4984345	LINE/L2	1319	+	256	4984088	99258
chr9	112387642	112587642	harbor2	chr9	112436369	112436493	LINE/L2	587	+	62	112436431	48789
chr9	112387642	112587642	harbor2	chr9	112455354	112455910	LINE/L2	878	+	278	112455632	67990
chr9	112387642	112587642	harbor2	chr9	112456066	112456647	LINE/L2	878	+	290	112456356	68714
chr9	4884809	5084809	harbor2	chr9	4893575	4894236	LINE/L2	792	+	330	4893905	9096
chr9	4884809	5084809	harbor2	chr9	4970825	4971372	LINE/L2	1453	+	274	4971099	86290
chr9	4884809	5084809	harbor2	chr9	4972549	4973642	LINE/L2	2828	+	546	4973095	88286
chr9	4884809	5084809	harbor2	chr9	4983832	4984345	LINE/L2	1319	+	256	4984088	99279
chr9	4692828	4892828	harbor2	chr9	4770436	4770761	LINE/L2	622	+	162	4770598	77770
chr9	4692828	4892828	harbor2	chr9	4770807	4771005	LINE/L2	510	+	99	4770906	78078
chr9	134036094	134236094	harbor2	chr9	134055136	134055405	LINE/L2	485	+	134	134055270	19176
chr9	4886033	5086033	harbor2	chr9	4893575	4894236	LINE/L2	792	+	330	4893905	7872
chr9	4886033	5086033	harbor2	chr9	4970825	4971372	LINE/L2	1453	+	274	4971099	85066
chr9	4886033	5086033	harbor2	chr9	4972549	4973642	LINE/L2	2828	+	546	4973095	87062
chr9	4886033	5086033	harbor2	chr9	4983832	4984345	LINE/L2	1319	+	256	4984088	98055
chr9	35657125	35857125	harbor2	chr9	35691841	35692353	LINE/L2	580	+	256	35692097	34972
chr9	35657125	35857125	harbor2	chr9	35724343	35724517	LINE/L2	545	+	87	35724430	67305
chr9	4692895	4892895	harbor2	chr9	4770436	4770761	LINE/L2	622	+	162	4770598	77703
chr9	4692895	4892895	harbor2	chr9	4770807	4771005	LINE/L2	510	+	99	4770906	78011
chr9	4884854	5084854	harbor2	chr9	4893575	4894236	LINE/L2	792	+	330	4893905	9051
chr9	4884854	5084854	harbor2	chr9	4970825	4971372	LINE/L2	1453	+	274	4971099	86245
chr9	4884854	5084854	harbor2	chr9	4972549	4973642	LINE/L2	2828	+	546	4973095	88241
chr9	4884854	5084854	harbor2	chr9	4983832	4984345	LINE/L2	1319	+	256	4984088	99234
chr9	126781343	126981343	harbor2	chr9	126786562	126787057	LINE/L2	575	+	248	126786810	5467
chr9	4693416	4893416	harbor2	chr9	4770436	4770761	LINE/L2	622	+	162	4770598	77182
chr9	4693416	4893416	harbor2	chr9	4770807	4771005	LINE/L2	510	+	99	4770906	77490
chr9	4886098	5086098	harbor2	chr9	4893575	4894236	LINE/L2	792	+	330	4893905	7807
chr9	4886098	5086098	harbor2	chr9	4970825	4971372	LINE/L2	1453	+	274	4971099	85001
chr9	4886098	5086098	harbor2	chr9	4972549	4973642	LINE/L2	2828	+	546	4973095	86997
chr9	4886098	5086098	harbor2	chr9	4983832	4984345	LINE/L2	1319	+	256	4984088	97990
chr9	4885756	5085756	harbor2	chr9	4893575	4894236	LINE/L2	792	+	330	4893905	8149
chr9	4885756	5085756	harbor2	chr9	4970825	4971372	LINE/L2	1453	+	274	4971099	85343
chr9	4885756	5085756	harbor2	chr9	4972549	4973642	LINE/L2	2828	+	546	4973095	87339
chr9	4885756	5085756	harbor2	chr9	4983832	4984345	LINE/L2	1319	+	256	4984088	98332
chr9	4693543	4893543	harbor2	chr9	4770436	4770761	LINE/L2	622	+	162	4770598	77055
chr9	4693543	4893543	harbor2	chr9	4770807	4771005	LINE/L2	510	+	99	4770906	77363
chr9	4823950	5023950	harbor2	chr9	4893575	4894236	LINE/L2	792	+	330	4893905	69955
chr9	4969354	5169354	harbor2	chr9	4970825	4971372	LINE/L2	1453	+	274	4971099	1745
chr9	4969354	5169354	harbor2	chr9	4972549	4973642	LINE/L2	2828	+	546	4973095	3741
chr9	4969354	5169354	harbor2	chr9	4983832	4984345	LINE/L2	1319	+	256	4984088	14734
chr9	4969354	5169354	harbor2	chr9	4991742	4991933	LINE/L2	538	+	96	4991838	22484
chr9	112387652	112587652	harbor2	chr9	112436369	112436493	LINE/L2	587	+	62	112436431	48779
chr9	112387652	112587652	harbor2	chr9	112455354	112455910	LINE/L2	878	+	278	112455632	67980
chr9	112387652	112587652	harbor2	chr9	112456066	112456647	LINE/L2	878	+	290	112456356	68704
chr9	134036118	134236118	harbor2	chr9	134055136	134055405	LINE/L2	485	+	134	134055270	19152
chr9	4884826	5084826	harbor2	chr9	4893575	4894236	LINE/L2	792	+	330	4893905	9079
chr9	4884826	5084826	harbor2	chr9	4970825	4971372	LINE/L2	1453	+	274	4971099	86273
chr9	4884826	5084826	harbor2	chr9	4972549	4973642	LINE/L2	2828	+	546	4973095	88269
chr9	4884826	5084826	harbor2	chr9	4983832	4984345	LINE/L2	1319	+	256	4984088	99262
chr9	4751660	4951660	harbor2	chr9	4770436	4770761	LINE/L2	622	+	162	4770598	18938
chr9	4751660	4951660	harbor2	chr9	4770807	4771005	LINE/L2	510	+	99	4770906	19246
chr9	135599679	135799679	harbor2	chr9	135638524	135638714	LINE/L2	576	+	95	135638619	38940
chr9	4694621	4894621	harbor2	chr9	4770436	4770761	LINE/L2	622	+	162	4770598	75977
chr9	4694621	4894621	harbor2	chr9	4770807	4771005	LINE/L2	510	+	99	4770906	76285
chr9	4886446	5086446	harbor2	chr9	4893575	4894236	LINE/L2	792	+	330	4893905	7459
chr9	4886446	5086446	harbor2	chr9	4970825	4971372	LINE/L2	1453	+	274	4971099	84653
chr9	4886446	5086446	harbor2	chr9	4972549	4973642	LINE/L2	2828	+	546	4973095	86649
chr9	4886446	5086446	harbor2	chr9	4983832	4984345	LINE/L2	1319	+	256	4984088	97642
chr9	4692744	4892744	harbor2	chr9	4770436	4770761	LINE/L2	622	+	162	4770598	77854
chr9	4692744	4892744	harbor2	chr9	4770807	4771005	LINE/L2	510	+	99	4770906	78162
chr9	4693371	4893371	harbor2	chr9	4770436	4770761	LINE/L2	622	+	162	4770598	77227
chr9	4693371	4893371	harbor2	chr9	4770807	4771005	LINE/L2	510	+	99	4770906	77535
chr9	133064003	133264003	harbor2	chr9	133109713	133109884	LINE/L2	481	+	86	133109799	45796
chr9	4693463	4893463	harbor2	chr9	4770436	4770761	LINE/L2	622	+	162	4770598	77135
chr9	4693463	4893463	harbor2	chr9	4770807	4771005	LINE/L2	510	+	99	4770906	77443
chr9	4728727	4928727	harbor2	chr9	4770436	4770761	LINE/L2	622	+	162	4770598	41871
chr9	4728727	4928727	harbor2	chr9	4770807	4771005	LINE/L2	510	+	99	4770906	42179
chr9	131575326	131775326	harbor2	chr9	131636021	131636300	LINE/L2	503	+	140	131636161	60835
chr9	131575326	131775326	harbor2	chr9	131662129	131662371	LINE/L2	569	+	121	131662250	86924
chr9	131575326	131775326	harbor2	chr9	131665182	131665606	LINE/L2	1356	+	212	131665394	90068
chr9	4884787	5084787	harbor2	chr9	4893575	4894236	LINE/L2	792	+	330	4893905	9118
chr9	4884787	5084787	harbor2	chr9	4970825	4971372	LINE/L2	1453	+	274	4971099	86312
chr9	4884787	5084787	harbor2	chr9	4972549	4973642	LINE/L2	2828	+	546	4973095	88308
chr9	4884787	5084787	harbor2	chr9	4983832	4984345	LINE/L2	1319	+	256	4984088	99301
chr9	4885119	5085119	harbor2	chr9	4893575	4894236	LINE/L2	792	+	330	4893905	8786
chr9	4885119	5085119	harbor2	chr9	4970825	4971372	LINE/L2	1453	+	274	4971099	85980
chr9	4885119	5085119	harbor2	chr9	4972549	4973642	LINE/L2	2828	+	546	4973095	87976
chr9	4885119	5085119	harbor2	chr9	4983832	4984345	LINE/L2	1319	+	256	4984088	98969
chr9	35657155	35857155	harbor2	chr9	35691841	35692353	LINE/L2	580	+	256	35692097	34942
chr9	35657155	35857155	harbor2	chr9	35724343	35724517	LINE/L2	545	+	87	35724430	67275
chr9	4692900	4892900	harbor2	chr9	4770436	4770761	LINE/L2	622	+	162	4770598	77698
chr9	4692900	4892900	harbor2	chr9	4770807	4771005	LINE/L2	510	+	99	4770906	78006
chr9	112422739	112622739	harbor2	chr9	112436369	112436493	LINE/L2	587	+	62	112436431	13692
chr9	112422739	112622739	harbor2	chr9	112455354	112455910	LINE/L2	878	+	278	112455632	32893
chr9	112422739	112622739	harbor2	chr9	112456066	112456647	LINE/L2	878	+	290	112456356	33617
chr9	112422739	112622739	harbor2	chr9	112493238	112493516	LINE/L2	585	+	139	112493377	70638
chr9	6451603	6651603	harbor2	chr9	6466731	6467006	LINE/L2	712	+	138	6466869	15266
chr9	6451603	6651603	harbor2	chr9	6467481	6467567	LINE/L2	712	+	43	6467524	15921
chr9	6451603	6651603	harbor2	chr9	6478917	6480437	LINE/L2	1752	+	760	6479677	28074
chr9	79473605	79673605	harbor2	chr9	79567237	79567459	LINE/L2	587	+	111	79567348	93743
chr9	79473605	79673605	harbor2	chr9	79568147	79568213	LINE/L2	587	+	33	79568180	94575
chr9	4692825	4892825	harbor2	chr9	4770436	4770761	LINE/L2	622	+	162	4770598	77773
chr9	4692825	4892825	harbor2	chr9	4770807	4771005	LINE/L2	510	+	99	4770906	78081
chr9	4692909	4892909	harbor2	chr9	4770436	4770761	LINE/L2	622	+	162	4770598	77689
chr9	4692909	4892909	harbor2	chr9	4770807	4771005	LINE/L2	510	+	99	4770906	77997
chr9	4693624	4893624	harbor2	chr9	4770436	4770761	LINE/L2	622	+	162	4770598	76974
chr9	4693624	4893624	harbor2	chr9	4770807	4771005	LINE/L2	510	+	99	4770906	77282
chr9	4884754	5084754	harbor2	chr9	4893575	4894236	LINE/L2	792	+	330	4893905	9151
chr9	4884754	5084754	harbor2	chr9	4970825	4971372	LINE/L2	1453	+	274	4971099	86345
chr9	4884754	5084754	harbor2	chr9	4972549	4973642	LINE/L2	2828	+	546	4973095	88341
chr9	4884754	5084754	harbor2	chr9	4983832	4984345	LINE/L2	1319	+	256	4984088	99334
chr9	4884882	5084882	harbor2	chr9	4893575	4894236	LINE/L2	792	+	330	4893905	9023
chr9	4884882	5084882	harbor2	chr9	4970825	4971372	LINE/L2	1453	+	274	4971099	86217
chr9	4884882	5084882	harbor2	chr9	4972549	4973642	LINE/L2	2828	+	546	4973095	88213
chr9	4884882	5084882	harbor2	chr9	4983832	4984345	LINE/L2	1319	+	256	4984088	99206
chr9	4692802	4892802	harbor2	chr9	4770436	4770761	LINE/L2	622	+	162	4770598	77796
chr9	4692802	4892802	harbor2	chr9	4770807	4771005	LINE/L2	510	+	99	4770906	78104
chr9	4884779	5084779	harbor2	chr9	4893575	4894236	LINE/L2	792	+	330	4893905	9126
chr9	4884779	5084779	harbor2	chr9	4970825	4971372	LINE/L2	1453	+	274	4971099	86320
chr9	4884779	5084779	harbor2	chr9	4972549	4973642	LINE/L2	2828	+	546	4973095	88316
chr9	4884779	5084779	harbor2	chr9	4983832	4984345	LINE/L2	1319	+	256	4984088	99309
chr9	135599667	135799667	harbor2	chr9	135638524	135638714	LINE/L2	576	+	95	135638619	38952
chr9	112387662	112587662	harbor2	chr9	112436369	112436493	LINE/L2	587	+	62	112436431	48769
chr9	112387662	112587662	harbor2	chr9	112455354	112455910	LINE/L2	878	+	278	112455632	67970
chr9	112387662	112587662	harbor2	chr9	112456066	112456647	LINE/L2	878	+	290	112456356	68694
chr9	93445740	93645740	harbor2	chr9	93500090	93500259	LINE/L2	535	+	84	93500174	54434
chr9	4693135	4893135	harbor2	chr9	4770436	4770761	LINE/L2	622	+	162	4770598	77463
chr9	4693135	4893135	harbor2	chr9	4770807	4771005	LINE/L2	510	+	99	4770906	77771
chr9	4692731	4892731	harbor2	chr9	4770436	4770761	LINE/L2	622	+	162	4770598	77867
chr9	4692731	4892731	harbor2	chr9	4770807	4771005	LINE/L2	510	+	99	4770906	78175
chr9	109158501	109358501	harbor2	chr9	109175709	109176030	LINE/L2	611	+	160	109175869	17368
chr9	109158501	109358501	harbor2	chr9	109179465	109180258	LINE/L2	1172	+	396	109179861	21360
chr9	4734149	4934149	harbor2	chr9	4770436	4770761	LINE/L2	622	+	162	4770598	36449
chr9	4734149	4934149	harbor2	chr9	4770807	4771005	LINE/L2	510	+	99	4770906	36757
chr9	4884735	5084735	harbor2	chr9	4893575	4894236	LINE/L2	792	+	330	4893905	9170
chr9	4884735	5084735	harbor2	chr9	4970825	4971372	LINE/L2	1453	+	274	4971099	86364
chr9	4884735	5084735	harbor2	chr9	4972549	4973642	LINE/L2	2828	+	546	4973095	88360
chr9	4884735	5084735	harbor2	chr9	4983832	4984345	LINE/L2	1319	+	256	4984088	99353
chr9	133071539	133271539	harbor2	chr9	133109713	133109884	LINE/L2	481	+	86	133109799	38260
chr9	4693367	4893367	harbor2	chr9	4770436	4770761	LINE/L2	622	+	162	4770598	77231
chr9	4693367	4893367	harbor2	chr9	4770807	4771005	LINE/L2	510	+	99	4770906	77539
chr9	122142319	122342319	harbor2	chr9	122165624	122165855	LINE/L2	521	+	116	122165740	23421
chr9	122142319	122342319	harbor2	chr9	122172261	122172765	LINE/L2	503	+	252	122172513	30194
chr9	122142319	122342319	harbor2	chr9	122180741	122180948	LINE/L2	496	+	104	122180845	38526
chr9	122142319	122342319	harbor2	chr9	122210407	122210570	LINE/L2	749	+	82	122210489	68170
chr9	122142319	122342319	harbor2	chr9	122210863	122211043	LINE/L2	749	+	90	122210953	68634
chr9	122142319	122342319	harbor2	chr9	122218320	122218876	LINE/L2	708	+	278	122218598	76279
chr9	4885199	5085199	harbor2	chr9	4893575	4894236	LINE/L2	792	+	330	4893905	8706
chr9	4885199	5085199	harbor2	chr9	4970825	4971372	LINE/L2	1453	+	274	4971099	85900
chr9	4885199	5085199	harbor2	chr9	4972549	4973642	LINE/L2	2828	+	546	4973095	87896
chr9	4885199	5085199	harbor2	chr9	4983832	4984345	LINE/L2	1319	+	256	4984088	98889
chr9	130746613	130946613	harbor2	chr9	130815355	130815739	LINE/L2	1207	+	192	130815547	68934
chr9	130746613	130946613	harbor2	chr9	130816043	130816328	LINE/L2	1207	+	142	130816185	69572
chr9	91323874	91523874	harbor2	chr9	91326957	91327208	LINE/L2	651	+	126	91327083	3209
chr9	91323874	91523874	harbor2	chr9	91328128	91328297	LINE/L2	478	+	84	91328212	4338
chr9	4900510	5100510	harbor2	chr9	4970825	4971372	LINE/L2	1453	+	274	4971099	70589
chr9	4900510	5100510	harbor2	chr9	4972549	4973642	LINE/L2	2828	+	546	4973095	72585
chr9	4900510	5100510	harbor2	chr9	4983832	4984345	LINE/L2	1319	+	256	4984088	83578
chr9	4900510	5100510	harbor2	chr9	4991742	4991933	LINE/L2	538	+	96	4991838	91328
chr9	4694263	4894263	harbor2	chr9	4770436	4770761	LINE/L2	622	+	162	4770598	76335
chr9	4694263	4894263	harbor2	chr9	4770807	4771005	LINE/L2	510	+	99	4770906	76643
chr9	4692878	4892878	harbor2	chr9	4770436	4770761	LINE/L2	622	+	162	4770598	77720
chr9	4692878	4892878	harbor2	chr9	4770807	4771005	LINE/L2	510	+	99	4770906	78028
chr9	4886398	5086398	harbor2	chr9	4893575	4894236	LINE/L2	792	+	330	4893905	7507
chr9	4886398	5086398	harbor2	chr9	4970825	4971372	LINE/L2	1453	+	274	4971099	84701
chr9	4886398	5086398	harbor2	chr9	4972549	4973642	LINE/L2	2828	+	546	4973095	86697
chr9	4886398	5086398	harbor2	chr9	4983832	4984345	LINE/L2	1319	+	256	4984088	97690
chr9	131637199	131837199	harbor2	chr9	131662129	131662371	LINE/L2	569	+	121	131662250	25051
chr9	131637199	131837199	harbor2	chr9	131665182	131665606	LINE/L2	1356	+	212	131665394	28195
chr9	131637199	131837199	harbor2	chr9	131695018	131695182	LINE/L2	719	+	82	131695100	57901
chr9	131637199	131837199	harbor2	chr9	131698995	131699239	LINE/L2	2432	+	122	131699117	61918
chr9	131637199	131837199	harbor2	chr9	131699544	131700181	LINE/L2	2432	+	318	131699862	62663
chr9	131637199	131837199	harbor2	chr9	131700244	131700580	LINE/L2	613	+	168	131700412	63213
chr9	131637199	131837199	harbor2	chr9	131694537	131694797	LINE/L2	719	+	130	131694667	57468
chr9	124315514	124515514	harbor2	chr9	124401239	124401510	LINE/L2	502	+	136	124401375	85861
chr9	124315514	124515514	harbor2	chr9	124405039	124405210	LINE/L2	631	+	86	124405125	89611
chr9	91845860	92045860	harbor2	chr9	91893979	91894298	LINE/L2	804	+	160	91894139	48279
chr9	134036111	134236111	harbor2	chr9	134055136	134055405	LINE/L2	485	+	134	134055270	19159
chr9	133063982	133263982	harbor2	chr9	133109713	133109884	LINE/L2	481	+	86	133109799	45817
chr9	5394375	5594375	harbor2	chr9	5421025	5421591	LINE/L2	1451	+	283	5421308	26933
chr9	5394375	5594375	harbor2	chr9	5446301	5446916	LINE/L2	530	+	308	5446609	52234
chr9	5394375	5594375	harbor2	chr9	5459893	5460146	LINE/L2	674	+	126	5460019	65644
chr9	99191390	99391390	harbor2	chr9	99273334	99273591	LINE/L2	506	+	128	99273462	82072
chr9	6451602	6651602	harbor2	chr9	6466731	6467006	LINE/L2	712	+	138	6466869	15267
chr9	6451602	6651602	harbor2	chr9	6467481	6467567	LINE/L2	712	+	43	6467524	15922
chr9	6451602	6651602	harbor2	chr9	6478917	6480437	LINE/L2	1752	+	760	6479677	28075
chr9	4885182	5085182	harbor2	chr9	4893575	4894236	LINE/L2	792	+	330	4893905	8723
chr9	4885182	5085182	harbor2	chr9	4970825	4971372	LINE/L2	1453	+	274	4971099	85917
chr9	4885182	5085182	harbor2	chr9	4972549	4973642	LINE/L2	2828	+	546	4973095	87913
chr9	4885182	5085182	harbor2	chr9	4983832	4984345	LINE/L2	1319	+	256	4984088	98906
chr9	4889318	5089318	harbor2	chr9	4893575	4894236	LINE/L2	792	+	330	4893905	4587
chr9	4889318	5089318	harbor2	chr9	4970825	4971372	LINE/L2	1453	+	274	4971099	81781
chr9	4889318	5089318	harbor2	chr9	4972549	4973642	LINE/L2	2828	+	546	4973095	83777
chr9	4889318	5089318	harbor2	chr9	4983832	4984345	LINE/L2	1319	+	256	4984088	94770
chr9	4884847	5084847	harbor2	chr9	4893575	4894236	LINE/L2	792	+	330	4893905	9058
chr9	4884847	5084847	harbor2	chr9	4970825	4971372	LINE/L2	1453	+	274	4971099	86252
chr9	4884847	5084847	harbor2	chr9	4972549	4973642	LINE/L2	2828	+	546	4973095	88248
chr9	4884847	5084847	harbor2	chr9	4983832	4984345	LINE/L2	1319	+	256	4984088	99241
chr9	19342296	19542296	harbor2	chr9	19439550	19439685	LINE/L2	850	+	68	19439618	97322
chr9	19342296	19542296	harbor2	chr9	19439975	19440326	LINE/L2	850	+	176	19440151	97855
chr9	19342296	19542296	harbor2	chr9	19440690	19440999	LINE/L2	850	+	154	19440844	98548
chr9	4885867	5085867	harbor2	chr9	4893575	4894236	LINE/L2	792	+	330	4893905	8038
chr9	4885867	5085867	harbor2	chr9	4970825	4971372	LINE/L2	1453	+	274	4971099	85232
chr9	4885867	5085867	harbor2	chr9	4972549	4973642	LINE/L2	2828	+	546	4973095	87228
chr9	4885867	5085867	harbor2	chr9	4983832	4984345	LINE/L2	1319	+	256	4984088	98221
chr9	4692808	4892808	harbor2	chr9	4770436	4770761	LINE/L2	622	+	162	4770598	77790
chr9	4692808	4892808	harbor2	chr9	4770807	4771005	LINE/L2	510	+	99	4770906	78098
chr9	135467518	135667518	harbor2	chr9	135539698	135540217	LINE/L2	781	+	260	135539958	72440
chr9	4886482	5086482	harbor2	chr9	4893575	4894236	LINE/L2	792	+	330	4893905	7423
chr9	4886482	5086482	harbor2	chr9	4970825	4971372	LINE/L2	1453	+	274	4971099	84617
chr9	4886482	5086482	harbor2	chr9	4972549	4973642	LINE/L2	2828	+	546	4973095	86613
chr9	4886482	5086482	harbor2	chr9	4983832	4984345	LINE/L2	1319	+	256	4984088	97606
chr9	4884812	5084812	harbor2	chr9	4893575	4894236	LINE/L2	792	+	330	4893905	9093
chr9	4884812	5084812	harbor2	chr9	4970825	4971372	LINE/L2	1453	+	274	4971099	86287
chr9	4884812	5084812	harbor2	chr9	4972549	4973642	LINE/L2	2828	+	546	4973095	88283
chr9	4884812	5084812	harbor2	chr9	4983832	4984345	LINE/L2	1319	+	256	4984088	99276
chr9	4692907	4892907	harbor2	chr9	4770436	4770761	LINE/L2	622	+	162	4770598	77691
chr9	4692907	4892907	harbor2	chr9	4770807	4771005	LINE/L2	510	+	99	4770906	77999
chr9	4694161	4894161	harbor2	chr9	4770436	4770761	LINE/L2	622	+	162	4770598	76437
chr9	4694161	4894161	harbor2	chr9	4770807	4771005	LINE/L2	510	+	99	4770906	76745
chr9	68607235	68807235	harbor2	chr9	68635885	68636328	LINE/L2	468	+	222	68636107	28872
chr9	68607235	68807235	harbor2	chr9	68645613	68646587	LINE/L2	1377	+	487	68646100	38865
chr9	68607235	68807235	harbor2	chr9	68647055	68647187	LINE/L2	1377	+	66	68647121	39886
chr9	68607235	68807235	harbor2	chr9	68647500	68647889	LINE/L2	1377	+	194	68647694	40459
chr9	4884845	5084845	harbor2	chr9	4893575	4894236	LINE/L2	792	+	330	4893905	9060
chr9	4884845	5084845	harbor2	chr9	4970825	4971372	LINE/L2	1453	+	274	4971099	86254
chr9	4884845	5084845	harbor2	chr9	4972549	4973642	LINE/L2	2828	+	546	4973095	88250
chr9	4884845	5084845	harbor2	chr9	4983832	4984345	LINE/L2	1319	+	256	4984088	99243
chr9	4885145	5085145	harbor2	chr9	4893575	4894236	LINE/L2	792	+	330	4893905	8760
chr9	4885145	5085145	harbor2	chr9	4970825	4971372	LINE/L2	1453	+	274	4971099	85954
chr9	4885145	5085145	harbor2	chr9	4972549	4973642	LINE/L2	2828	+	546	4973095	87950
chr9	4885145	5085145	harbor2	chr9	4983832	4984345	LINE/L2	1319	+	256	4984088	98943
chr9	4886035	5086035	harbor2	chr9	4893575	4894236	LINE/L2	792	+	330	4893905	7870
chr9	4886035	5086035	harbor2	chr9	4970825	4971372	LINE/L2	1453	+	274	4971099	85064
chr9	4886035	5086035	harbor2	chr9	4972549	4973642	LINE/L2	2828	+	546	4973095	87060
chr9	4886035	5086035	harbor2	chr9	4983832	4984345	LINE/L2	1319	+	256	4984088	98053
chr9	4887289	5087289	harbor2	chr9	4893575	4894236	LINE/L2	792	+	330	4893905	6616
chr9	4887289	5087289	harbor2	chr9	4970825	4971372	LINE/L2	1453	+	274	4971099	83810
chr9	4887289	5087289	harbor2	chr9	4972549	4973642	LINE/L2	2828	+	546	4973095	85806
chr9	4887289	5087289	harbor2	chr9	4983832	4984345	LINE/L2	1319	+	256	4984088	96799
chr9	4886440	5086440	harbor2	chr9	4893575	4894236	LINE/L2	792	+	330	4893905	7465
chr9	4886440	5086440	harbor2	chr9	4970825	4971372	LINE/L2	1453	+	274	4971099	84659
chr9	4886440	5086440	harbor2	chr9	4972549	4973642	LINE/L2	2828	+	546	4973095	86655
chr9	4886440	5086440	harbor2	chr9	4983832	4984345	LINE/L2	1319	+	256	4984088	97648
chr9	134036117	134236117	harbor2	chr9	134055136	134055405	LINE/L2	485	+	134	134055270	19153
chr9	4693547	4893547	harbor2	chr9	4770436	4770761	LINE/L2	622	+	162	4770598	77051
chr9	4693547	4893547	harbor2	chr9	4770807	4771005	LINE/L2	510	+	99	4770906	77359
chr9	131576456	131776456	harbor2	chr9	131636021	131636300	LINE/L2	503	+	140	131636161	59705
chr9	131576456	131776456	harbor2	chr9	131662129	131662371	LINE/L2	569	+	121	131662250	85794
chr9	131576456	131776456	harbor2	chr9	131665182	131665606	LINE/L2	1356	+	212	131665394	88938
chr9	4886206	5086206	harbor2	chr9	4893575	4894236	LINE/L2	792	+	330	4893905	7699
chr9	4886206	5086206	harbor2	chr9	4970825	4971372	LINE/L2	1453	+	274	4971099	84893
chr9	4886206	5086206	harbor2	chr9	4972549	4973642	LINE/L2	2828	+	546	4973095	86889
chr9	4886206	5086206	harbor2	chr9	4983832	4984345	LINE/L2	1319	+	256	4984088	97882
chr9	4885197	5085197	harbor2	chr9	4893575	4894236	LINE/L2	792	+	330	4893905	8708
chr9	4885197	5085197	harbor2	chr9	4970825	4971372	LINE/L2	1453	+	274	4971099	85902
chr9	4885197	5085197	harbor2	chr9	4972549	4973642	LINE/L2	2828	+	546	4973095	87898
chr9	4885197	5085197	harbor2	chr9	4983832	4984345	LINE/L2	1319	+	256	4984088	98891
chr9	87628195	87828195	harbor2	chr9	87664673	87665321	LINE/L2	1753	+	324	87664997	36802
chr9	4692770	4892770	harbor2	chr9	4770436	4770761	LINE/L2	622	+	162	4770598	77828
chr9	4692770	4892770	harbor2	chr9	4770807	4771005	LINE/L2	510	+	99	4770906	78136
chr9	97885753	98085753	harbor2	chr9	97907677	97907997	LINE/L2	1132	+	160	97907837	22084
chr9	97885753	98085753	harbor2	chr9	97908604	97908870	LINE/L2	1132	+	133	97908737	22984
chr9	97885753	98085753	harbor2	chr9	97917382	97917504	LINE/L2	468	+	61	97917443	31690
chr9	34027426	34227426	harbor2	chr9	34106755	34107115	LINE/L2	1170	+	180	34106935	79509
chr9	4692800	4892800	harbor2	chr9	4770436	4770761	LINE/L2	622	+	162	4770598	77798
chr9	4692800	4892800	harbor2	chr9	4770807	4771005	LINE/L2	510	+	99	4770906	78106
chr9	68619252	68819252	harbor2	chr9	68635885	68636328	LINE/L2	468	+	222	68636107	16855
chr9	68619252	68819252	harbor2	chr9	68645613	68646587	LINE/L2	1377	+	487	68646100	26848
chr9	68619252	68819252	harbor2	chr9	68647055	68647187	LINE/L2	1377	+	66	68647121	27869
chr9	68619252	68819252	harbor2	chr9	68647500	68647889	LINE/L2	1377	+	194	68647694	28442
chr9	68619252	68819252	harbor2	chr9	68714105	68714541	LINE/L2	931	+	218	68714323	95071
chr9	4884895	5084895	harbor2	chr9	4893575	4894236	LINE/L2	792	+	330	4893905	9010
chr9	4884895	5084895	harbor2	chr9	4970825	4971372	LINE/L2	1453	+	274	4971099	86204
chr9	4884895	5084895	harbor2	chr9	4972549	4973642	LINE/L2	2828	+	546	4973095	88200
chr9	4884895	5084895	harbor2	chr9	4983832	4984345	LINE/L2	1319	+	256	4984088	99193
chr9	85705754	85905754	harbor2	chr9	85716401	85717193	LINE/L2	1590	+	396	85716797	11043
chr9	85705754	85905754	harbor2	chr9	85724685	85724867	LINE/L2	569	+	91	85724776	19022
chr9	85705754	85905754	harbor2	chr9	85747995	85748765	LINE/L2	847	+	385	85748380	42626
chr9	85705754	85905754	harbor2	chr9	85801971	85802616	LINE/L2	1955	+	322	85802293	96539
chr9	85705754	85905754	harbor2	chr9	85803033	85803137	LINE/L2	1955	+	52	85803085	97331
chr9	130120234	130320234	harbor2	chr9	130168035	130168464	LINE/L2	1010	+	214	130168249	48015
chr9	130120234	130320234	harbor2	chr9	130188187	130188418	LINE/L2	580	+	116	130188303	68069
chr9	130120234	130320234	harbor2	chr9	130189016	130189203	LINE/L2	580	+	94	130189110	68876
chr9	130120234	130320234	harbor2	chr9	130207032	130207724	LINE/L2	499	+	346	130207378	87144
chr9	4884866	5084866	harbor2	chr9	4893575	4894236	LINE/L2	792	+	330	4893905	9039
chr9	4884866	5084866	harbor2	chr9	4970825	4971372	LINE/L2	1453	+	274	4971099	86233
chr9	4884866	5084866	harbor2	chr9	4972549	4973642	LINE/L2	2828	+	546	4973095	88229
chr9	4884866	5084866	harbor2	chr9	4983832	4984345	LINE/L2	1319	+	256	4984088	99222
chr9	4692867	4892867	harbor2	chr9	4770436	4770761	LINE/L2	622	+	162	4770598	77731
chr9	4692867	4892867	harbor2	chr9	4770807	4771005	LINE/L2	510	+	99	4770906	78039
chr9	112726256	112926256	harbor2	chr9	112769548	112770184	LINE/L2	1471	+	318	112769866	43610
chr9	112726256	112926256	harbor2	chr9	112770471	112770637	LINE/L2	1471	+	83	112770554	44298
chr9	35657152	35857152	harbor2	chr9	35691841	35692353	LINE/L2	580	+	256	35692097	34945
chr9	35657152	35857152	harbor2	chr9	35724343	35724517	LINE/L2	545	+	87	35724430	67278
chr9	4692804	4892804	harbor2	chr9	4770436	4770761	LINE/L2	622	+	162	4770598	77794
chr9	4692804	4892804	harbor2	chr9	4770807	4771005	LINE/L2	510	+	99	4770906	78102
chr9	135601618	135801618	harbor2	chr9	135638524	135638714	LINE/L2	576	+	95	135638619	37001
chr9	4734367	4934367	harbor2	chr9	4770436	4770761	LINE/L2	622	+	162	4770598	36231
chr9	4734367	4934367	harbor2	chr9	4770807	4771005	LINE/L2	510	+	99	4770906	36539
chr9	4884763	5084763	harbor2	chr9	4893575	4894236	LINE/L2	792	+	330	4893905	9142
chr9	4884763	5084763	harbor2	chr9	4970825	4971372	LINE/L2	1453	+	274	4971099	86336
chr9	4884763	5084763	harbor2	chr9	4972549	4973642	LINE/L2	2828	+	546	4973095	88332
chr9	4884763	5084763	harbor2	chr9	4983832	4984345	LINE/L2	1319	+	256	4984088	99325
chr9	4692864	4892864	harbor2	chr9	4770436	4770761	LINE/L2	622	+	162	4770598	77734
chr9	4692864	4892864	harbor2	chr9	4770807	4771005	LINE/L2	510	+	99	4770906	78042
chr9	105154708	105354708	harbor2	chr9	105251013	105251928	LINE/L2	1012	+	458	105251471	96763
chr9	105154708	105354708	harbor2	chr9	105252256	105252368	LINE/L2	558	+	56	105252312	97604
chr9	112749826	112949826	harbor2	chr9	112769548	112770184	LINE/L2	1471	+	318	112769866	20040
chr9	112749826	112949826	harbor2	chr9	112770471	112770637	LINE/L2	1471	+	83	112770554	20728
chr9	112749826	112949826	harbor2	chr9	112826983	112827189	LINE/L2	475	+	103	112827086	77260
chr9	112749826	112949826	harbor2	chr9	112847776	112848001	LINE/L2	569	+	112	112847888	98062
chr9	4884860	5084860	harbor2	chr9	4893575	4894236	LINE/L2	792	+	330	4893905	9045
chr9	4884860	5084860	harbor2	chr9	4970825	4971372	LINE/L2	1453	+	274	4971099	86239
chr9	4884860	5084860	harbor2	chr9	4972549	4973642	LINE/L2	2828	+	546	4973095	88235
chr9	4884860	5084860	harbor2	chr9	4983832	4984345	LINE/L2	1319	+	256	4984088	99228
chr9	34027547	34227547	harbor2	chr9	34106755	34107115	LINE/L2	1170	+	180	34106935	79388
chr9	4885129	5085129	harbor2	chr9	4893575	4894236	LINE/L2	792	+	330	4893905	8776
chr9	4885129	5085129	harbor2	chr9	4970825	4971372	LINE/L2	1453	+	274	4971099	85970
chr9	4885129	5085129	harbor2	chr9	4972549	4973642	LINE/L2	2828	+	546	4973095	87966
chr9	4885129	5085129	harbor2	chr9	4983832	4984345	LINE/L2	1319	+	256	4984088	98959
chr9	4692777	4892777	harbor2	chr9	4770436	4770761	LINE/L2	622	+	162	4770598	77821
chr9	4692777	4892777	harbor2	chr9	4770807	4771005	LINE/L2	510	+	99	4770906	78129
chr9	4743685	4943685	harbor2	chr9	4770436	4770761	LINE/L2	622	+	162	4770598	26913
chr9	4743685	4943685	harbor2	chr9	4770807	4771005	LINE/L2	510	+	99	4770906	27221
chr9	35629934	35829934	harbor2	chr9	35691841	35692353	LINE/L2	580	+	256	35692097	62163
chr9	35629934	35829934	harbor2	chr9	35724343	35724517	LINE/L2	545	+	87	35724430	94496
chr9	4885175	5085175	harbor2	chr9	4893575	4894236	LINE/L2	792	+	330	4893905	8730
chr9	4885175	5085175	harbor2	chr9	4970825	4971372	LINE/L2	1453	+	274	4971099	85924
chr9	4885175	5085175	harbor2	chr9	4972549	4973642	LINE/L2	2828	+	546	4973095	87920
chr9	4885175	5085175	harbor2	chr9	4983832	4984345	LINE/L2	1319	+	256	4984088	98913
chr9	133678753	133878753	harbor2	chr9	133693060	133693271	LINE/L2	598	+	106	133693166	14413
chr9	133678753	133878753	harbor2	chr9	133717741	133718061	LINE/L2	673	+	160	133717901	39148
chr9	133678753	133878753	harbor2	chr9	133718372	133718519	LINE/L2	673	+	74	133718446	39693
chr9	4886443	5086443	harbor2	chr9	4893575	4894236	LINE/L2	792	+	330	4893905	7462
chr9	4886443	5086443	harbor2	chr9	4970825	4971372	LINE/L2	1453	+	274	4971099	84656
chr9	4886443	5086443	harbor2	chr9	4972549	4973642	LINE/L2	2828	+	546	4973095	86652
chr9	4886443	5086443	harbor2	chr9	4983832	4984345	LINE/L2	1319	+	256	4984088	97645
chr9	4889439	5089439	harbor2	chr9	4893575	4894236	LINE/L2	792	+	330	4893905	4466
chr9	4889439	5089439	harbor2	chr9	4970825	4971372	LINE/L2	1453	+	274	4971099	81660
chr9	4889439	5089439	harbor2	chr9	4972549	4973642	LINE/L2	2828	+	546	4973095	83656
chr9	4889439	5089439	harbor2	chr9	4983832	4984345	LINE/L2	1319	+	256	4984088	94649
chr9	4889480	5089480	harbor2	chr9	4893575	4894236	LINE/L2	792	+	330	4893905	4425
chr9	4889480	5089480	harbor2	chr9	4970825	4971372	LINE/L2	1453	+	274	4971099	81619
chr9	4889480	5089480	harbor2	chr9	4972549	4973642	LINE/L2	2828	+	546	4973095	83615
chr9	4889480	5089480	harbor2	chr9	4983832	4984345	LINE/L2	1319	+	256	4984088	94608
chr9	4886329	5086329	harbor2	chr9	4893575	4894236	LINE/L2	792	+	330	4893905	7576
chr9	4886329	5086329	harbor2	chr9	4970825	4971372	LINE/L2	1453	+	274	4971099	84770
chr9	4886329	5086329	harbor2	chr9	4972549	4973642	LINE/L2	2828	+	546	4973095	86766
chr9	4886329	5086329	harbor2	chr9	4983832	4984345	LINE/L2	1319	+	256	4984088	97759
chr9	4725632	4925632	harbor2	chr9	4770436	4770761	LINE/L2	622	+	162	4770598	44966
chr9	4725632	4925632	harbor2	chr9	4770807	4771005	LINE/L2	510	+	99	4770906	45274
chr9	4693424	4893424	harbor2	chr9	4770436	4770761	LINE/L2	622	+	162	4770598	77174
chr9	4693424	4893424	harbor2	chr9	4770807	4771005	LINE/L2	510	+	99	4770906	77482
chr9	133962159	134162159	harbor2	chr9	134055136	134055405	LINE/L2	485	+	134	134055270	93111
chr9	123915711	124115711	harbor2	chr9	123924749	123925187	LINE/L2	621	+	219	123924968	9257
chr9	123915711	124115711	harbor2	chr9	123986603	123986854	LINE/L2	590	+	126	123986729	71018
chr9	123915711	124115711	harbor2	chr9	123987277	123987731	LINE/L2	784	+	227	123987504	71793
chr9	123915711	124115711	harbor2	chr9	123998085	123998527	LINE/L2	563	+	221	123998306	82595
chr9	6727745	6927745	harbor2	chr9	6787539	6788226	LINE/L2	610	+	344	6787883	60138
chr9	4694515	4894515	harbor2	chr9	4770436	4770761	LINE/L2	622	+	162	4770598	76083
chr9	4694515	4894515	harbor2	chr9	4770807	4771005	LINE/L2	510	+	99	4770906	76391
chr9	4884829	5084829	harbor2	chr9	4893575	4894236	LINE/L2	792	+	330	4893905	9076
chr9	4884829	5084829	harbor2	chr9	4970825	4971372	LINE/L2	1453	+	274	4971099	86270
chr9	4884829	5084829	harbor2	chr9	4972549	4973642	LINE/L2	2828	+	546	4973095	88266
chr9	4884829	5084829	harbor2	chr9	4983832	4984345	LINE/L2	1319	+	256	4984088	99259
chr9	114075574	114275574	harbor2	chr9	114088161	114088352	LINE/L2	485	+	96	114088257	12683
chr9	114075574	114275574	harbor2	chr9	114116641	114116884	LINE/L2	629	+	122	114116763	41189
chr9	114075574	114275574	harbor2	chr9	114117208	114117341	LINE/L2	629	+	66	114117274	41700
chr9	36902991	37102991	harbor2	chr9	36940755	36940872	LINE/L2	511	+	58	36940813	37822
chr9	36902991	37102991	harbor2	chr9	36964877	36965371	LINE/L2	696	+	247	36965124	62133
chr9	36902991	37102991	harbor2	chr9	36980858	36981419	LINE/L2	1726	+	280	36981138	78147
chr9	4693490	4893490	harbor2	chr9	4770436	4770761	LINE/L2	622	+	162	4770598	77108
chr9	4693490	4893490	harbor2	chr9	4770807	4771005	LINE/L2	510	+	99	4770906	77416
chr9	4692797	4892797	harbor2	chr9	4770436	4770761	LINE/L2	622	+	162	4770598	77801
chr9	4692797	4892797	harbor2	chr9	4770807	4771005	LINE/L2	510	+	99	4770906	78109
chr9	135602393	135802393	harbor2	chr9	135638524	135638714	LINE/L2	576	+	95	135638619	36226
chr9	134036096	134236096	harbor2	chr9	134055136	134055405	LINE/L2	485	+	134	134055270	19174
chr9	4824090	5024090	harbor2	chr9	4893575	4894236	LINE/L2	792	+	330	4893905	69815
chr9	133248112	133448112	harbor2	chr9	133337879	133338138	LINE/L2	630	+	130	133338009	89897
chr9	111563686	111763686	harbor2	chr9	111610868	111611248	LINE/L2	640	+	190	111611058	47372
chr9	111563686	111763686	harbor2	chr9	111612891	111613201	LINE/L2	637	+	155	111613046	49360
chr9	111563686	111763686	harbor2	chr9	111630306	111630459	LINE/L2	632	+	76	111630382	66696
chr9	4884856	5084856	harbor2	chr9	4893575	4894236	LINE/L2	792	+	330	4893905	9049
chr9	4884856	5084856	harbor2	chr9	4970825	4971372	LINE/L2	1453	+	274	4971099	86243
chr9	4884856	5084856	harbor2	chr9	4972549	4973642	LINE/L2	2828	+	546	4973095	88239
chr9	4884856	5084856	harbor2	chr9	4983832	4984345	LINE/L2	1319	+	256	4984088	99232
chr9	4692893	4892893	harbor2	chr9	4770436	4770761	LINE/L2	622	+	162	4770598	77705
chr9	4692893	4892893	harbor2	chr9	4770807	4771005	LINE/L2	510	+	99	4770906	78013
chr9	4885087	5085087	harbor2	chr9	4893575	4894236	LINE/L2	792	+	330	4893905	8818
chr9	4885087	5085087	harbor2	chr9	4970825	4971372	LINE/L2	1453	+	274	4971099	86012
chr9	4885087	5085087	harbor2	chr9	4972549	4973642	LINE/L2	2828	+	546	4973095	88008
chr9	4885087	5085087	harbor2	chr9	4983832	4984345	LINE/L2	1319	+	256	4984088	99001
chr9	4694556	4894556	harbor2	chr9	4770436	4770761	LINE/L2	622	+	162	4770598	76042
chr9	4694556	4894556	harbor2	chr9	4770807	4771005	LINE/L2	510	+	99	4770906	76350
chr9	4886608	5086608	harbor2	chr9	4893575	4894236	LINE/L2	792	+	330	4893905	7297
chr9	4886608	5086608	harbor2	chr9	4970825	4971372	LINE/L2	1453	+	274	4971099	84491
chr9	4886608	5086608	harbor2	chr9	4972549	4973642	LINE/L2	2828	+	546	4973095	86487
chr9	4886608	5086608	harbor2	chr9	4983832	4984345	LINE/L2	1319	+	256	4984088	97480
chr9	4885766	5085766	harbor2	chr9	4893575	4894236	LINE/L2	792	+	330	4893905	8139
chr9	4885766	5085766	harbor2	chr9	4970825	4971372	LINE/L2	1453	+	274	4971099	85333
chr9	4885766	5085766	harbor2	chr9	4972549	4973642	LINE/L2	2828	+	546	4973095	87329
chr9	4885766	5085766	harbor2	chr9	4983832	4984345	LINE/L2	1319	+	256	4984088	98322
chr9	4692786	4892786	harbor2	chr9	4770436	4770761	LINE/L2	622	+	162	4770598	77812
chr9	4692786	4892786	harbor2	chr9	4770807	4771005	LINE/L2	510	+	99	4770906	78120
chr9	134036081	134236081	harbor2	chr9	134055136	134055405	LINE/L2	485	+	134	134055270	19189
chr9	4884865	5084865	harbor2	chr9	4893575	4894236	LINE/L2	792	+	330	4893905	9040
chr9	4884865	5084865	harbor2	chr9	4970825	4971372	LINE/L2	1453	+	274	4971099	86234
chr9	4884865	5084865	harbor2	chr9	4972549	4973642	LINE/L2	2828	+	546	4973095	88230
chr9	4884865	5084865	harbor2	chr9	4983832	4984345	LINE/L2	1319	+	256	4984088	99223
chr9	135594610	135794610	harbor2	chr9	135638524	135638714	LINE/L2	576	+	95	135638619	44009
chr9	99259961	99459961	harbor2	chr9	99273334	99273591	LINE/L2	506	+	128	99273462	13501
chr9	99259961	99459961	harbor2	chr9	99316128	99316557	LINE/L2	492	+	214	99316342	56381
chr9	99259961	99459961	harbor2	chr9	99345654	99345980	LINE/L2	582	+	163	99345817	85856
chr10	132234146	132434146	harbor2	chr10	132272417	132273145	LINE/L2	1130	+	364	132272781	38635
chr10	132235038	132435038	harbor2	chr10	132272417	132273145	LINE/L2	1130	+	364	132272781	37743
chr10	48742186	48942186	harbor2	chr10	48754295	48754785	LINE/L2	730	+	245	48754540	12354
chr10	48742186	48942186	harbor2	chr10	48810916	48811346	LINE/L2	529	+	215	48811131	68945
chr10	103893614	104093614	harbor2	chr10	103984324	103984418	LINE/L2	652	+	47	103984371	90757
chr10	103893614	104093614	harbor2	chr10	103984714	103984910	LINE/L2	652	+	98	103984812	91198
chr10	103893614	104093614	harbor2	chr10	103922937	103924087	LINE/L2	860	+	575	103923512	29898
chr10	122407392	122607392	harbor2	chr10	122419084	122419339	LINE/L2	534	+	128	122419212	11820
chr10	75729207	75929207	harbor2	chr10	75734847	75735160	LINE/L2	630	+	156	75735003	5796
chr10	14779254	14979254	harbor2	chr10	14876570	14876715	LINE/L2	548	+	72	14876642	97388
chr10	97778537	97978537	harbor2	chr10	97826755	97826767	LINE/L2	1030	+	6	97826761	48224
chr10	97778537	97978537	harbor2	chr10	97826805	97827196	LINE/L2	1030	+	196	97827001	48464
chr10	97778537	97978537	harbor2	chr10	97827493	97827737	LINE/L2	1023	+	122	97827615	49078
chr10	97778537	97978537	harbor2	chr10	97844355	97844755	LINE/L2	527	+	200	97844555	66018
chr10	97778537	97978537	harbor2	chr10	97844756	97845119	LINE/L2	2224	+	182	97844938	66401
chr10	97778537	97978537	harbor2	chr10	97845423	97845837	LINE/L2	2224	+	207	97845630	67093
chr10	97778537	97978537	harbor2	chr10	97846147	97846574	LINE/L2	2224	+	214	97846361	67824
chr10	97778537	97978537	harbor2	chr10	97874761	97875076	LINE/L2	727	+	158	97874919	96382
chr10	14778679	14978679	harbor2	chr10	14876570	14876715	LINE/L2	548	+	72	14876642	97963
chr10	97398820	97598820	harbor2	chr10	97476536	97476670	LINE/L2	548	+	67	97476603	77783
chr10	22337523	22537523	harbor2	chr10	22356696	22357380	LINE/L2	484	+	342	22357038	19515
chr10	14778676	14978676	harbor2	chr10	14876570	14876715	LINE/L2	548	+	72	14876642	97966
chr10	132207766	132407766	harbor2	chr10	132272417	132273145	LINE/L2	1130	+	364	132272781	65015
chr10	97415128	97615128	harbor2	chr10	97476536	97476670	LINE/L2	548	+	67	97476603	61475
chr10	97415128	97615128	harbor2	chr10	97503823	97504435	LINE/L2	1723	+	306	97504129	89001
chr10	122404740	122604740	harbor2	chr10	122419084	122419339	LINE/L2	534	+	128	122419212	14472
chr10	23340660	23540660	harbor2	chr10	23341089	23341889	LINE/L2	1585	+	400	23341489	829
chr10	23340660	23540660	harbor2	chr10	23342192	23342406	LINE/L2	741	+	107	23342299	1639
chr10	122405982	122605982	harbor2	chr10	122419084	122419339	LINE/L2	534	+	128	122419212	13230
chr10	129121176	129321176	harbor2	chr10	129195450	129195834	LINE/L2	736	+	192	129195642	74466
chr10	101132788	101332788	harbor2	chr10	101224069	101224193	LINE/L2	473	+	62	101224131	91343
chr10	97398798	97598798	harbor2	chr10	97476536	97476670	LINE/L2	548	+	67	97476603	77805
chr10	75111508	75311508	harbor2	chr10	75204471	75204667	LINE/L2	733	+	98	75204569	93061
chr10	75111508	75311508	harbor2	chr10	75204945	75205290	LINE/L2	733	+	172	75205117	93609
chr10	72361013	72561013	harbor2	chr10	72362758	72362897	LINE/L2	500	+	70	72362828	1815
chr10	72361013	72561013	harbor2	chr10	72416938	72417078	LINE/L2	506	+	70	72417008	55995
chr10	72361013	72561013	harbor2	chr10	72421694	72422019	LINE/L2	817	+	162	72421856	60843
chr10	72361013	72561013	harbor2	chr10	72422428	72422712	LINE/L2	817	+	142	72422570	61557
chr10	72361013	72561013	harbor2	chr10	72459611	72460193	LINE/L2	544	+	291	72459902	98889
chr10	6420714	6620714	harbor2	chr10	6494663	6495233	LINE/L2	519	+	285	6494948	74234
chr10	14778686	14978686	harbor2	chr10	14876570	14876715	LINE/L2	548	+	72	14876642	97956
chr10	132233372	132433372	harbor2	chr10	132272417	132273145	LINE/L2	1130	+	364	132272781	39409
chr10	131882110	132082110	harbor2	chr10	131898561	131899878	LINE/L2	1209	+	658	131899219	17109
chr10	22337530	22537530	harbor2	chr10	22356696	22357380	LINE/L2	484	+	342	22357038	19508
chr10	122908712	123108712	harbor2	chr10	122916162	122916765	LINE/L2	749	+	302	122916464	7752
chr10	122908712	123108712	harbor2	chr10	122950563	122950801	LINE/L2	680	+	119	122950682	41970
chr10	122908712	123108712	harbor2	chr10	122985050	122985542	LINE/L2	543	+	246	122985296	76584
chr10	128440032	128640032	harbor2	chr10	128497059	128497269	LINE/L2	681	+	105	128497164	57132
chr10	97436621	97636621	harbor2	chr10	97476536	97476670	LINE/L2	548	+	67	97476603	39982
chr10	97436621	97636621	harbor2	chr10	97503823	97504435	LINE/L2	1723	+	306	97504129	67508
chr10	100679685	100879685	harbor2	chr10	100700459	100701114	LINE/L2	515	+	328	100700787	21102
chr10	100679685	100879685	harbor2	chr10	100714650	100714794	LINE/L2	702	+	72	100714722	35037
chr10	100679685	100879685	harbor2	chr10	100722172	100722297	LINE/L2	462	+	62	100722234	42549
chr10	97398789	97598789	harbor2	chr10	97476536	97476670	LINE/L2	548	+	67	97476603	77814
chr10	132207729	132407729	harbor2	chr10	132272417	132273145	LINE/L2	1130	+	364	132272781	65052
chr10	75120756	75320756	harbor2	chr10	75204471	75204667	LINE/L2	733	+	98	75204569	83813
chr10	75120756	75320756	harbor2	chr10	75204945	75205290	LINE/L2	733	+	172	75205117	84361
chr10	132233889	132433889	harbor2	chr10	132272417	132273145	LINE/L2	1130	+	364	132272781	38892
chr10	43151417	43351417	harbor2	chr10	43157439	43157669	LINE/L2	519	+	115	43157554	6137
chr10	43151417	43351417	harbor2	chr10	43182136	43182534	LINE/L2	826	+	199	43182335	30918
chr10	97398825	97598825	harbor2	chr10	97476536	97476670	LINE/L2	548	+	67	97476603	77778
chr10	14854787	15054787	harbor2	chr10	14876570	14876715	LINE/L2	548	+	72	14876642	21855
chr10	114721684	114921684	harbor2	chr10	114744815	114745214	LINE/L2	503	+	200	114745015	23331
chr10	114721684	114921684	harbor2	chr10	114749604	114750158	LINE/L2	1283	+	277	114749881	28197
chr10	114721684	114921684	harbor2	chr10	114756700	114756997	LINE/L2	570	+	148	114756848	35164
chr10	114721684	114921684	harbor2	chr10	114757403	114758198	LINE/L2	1633	+	398	114757801	36117
chr10	114721684	114921684	harbor2	chr10	114761799	114761983	LINE/L2	537	+	92	114761891	40207
chr10	114721684	114921684	harbor2	chr10	114762029	114762042	LINE/L2	537	+	6	114762035	40351
chr10	114721684	114921684	harbor2	chr10	114762333	114762469	LINE/L2	537	+	68	114762401	40717
chr10	114721684	114921684	harbor2	chr10	114792522	114792814	LINE/L2	733	+	146	114792668	70984
chr10	114721684	114921684	harbor2	chr10	114794225	114794442	LINE/L2	722	+	108	114794333	72649
chr10	114721684	114921684	harbor2	chr10	114796703	114797411	LINE/L2	738	+	354	114797057	75373
chr10	114721684	114921684	harbor2	chr10	114799185	114799779	LINE/L2	1873	+	297	114799482	77798
chr10	114721684	114921684	harbor2	chr10	114800076	114800171	LINE/L2	1873	+	48	114800124	78440
chr10	114721684	114921684	harbor2	chr10	114814428	114814815	LINE/L2	715	+	194	114814622	92938
chr10	73817058	74017058	harbor2	chr10	73821870	73822172	LINE/L2	939	+	151	73822021	4963
chr10	73817058	74017058	harbor2	chr10	73822466	73822859	LINE/L2	939	+	196	73822662	5604
chr10	73817058	74017058	harbor2	chr10	73846351	73846617	LINE/L2	551	+	133	73846484	29426
chr10	73817058	74017058	harbor2	chr10	73881427	73881749	LINE/L2	477	+	161	73881588	64530
chr10	73817058	74017058	harbor2	chr10	73893135	73893270	LINE/L2	547	+	68	73893203	76145
chr10	97402257	97602257	harbor2	chr10	97476536	97476670	LINE/L2	548	+	67	97476603	74346
chr10	69630792	69830792	harbor2	chr10	69693077	69693430	LINE/L2	510	+	176	69693253	62461
chr10	14782782	14982782	harbor2	chr10	14876570	14876715	LINE/L2	548	+	72	14876642	93860
chr10	46182801	46382801	harbor2	chr10	46193143	46193775	LINE/L2	966	+	316	46193459	10658
chr10	46182801	46382801	harbor2	chr10	46193780	46194149	LINE/L2	1119	+	184	46193964	11163
chr10	46182801	46382801	harbor2	chr10	46194519	46194603	LINE/L2	1119	+	42	46194561	11760
chr10	46182801	46382801	harbor2	chr10	46194985	46195309	LINE/L2	1119	+	162	46195147	12346
chr10	71364878	71564878	harbor2	chr10	71395394	71395706	LINE/L2	626	+	156	71395550	30672
chr10	71364878	71564878	harbor2	chr10	71450586	71451806	LINE/L2	2041	+	610	71451196	86318
chr10	71364878	71564878	harbor2	chr10	71433476	71434410	LINE/L2	1524	+	467	71433943	69065
chr10	100085958	100285958	harbor2	chr10	100089046	100089271	LINE/L2	561	+	112	100089158	3200
chr10	100085958	100285958	harbor2	chr10	100090505	100090805	LINE/L2	658	+	150	100090655	4697
chr10	100085958	100285958	harbor2	chr10	100091334	100091759	LINE/L2	1021	+	212	100091546	5588
chr10	100085958	100285958	harbor2	chr10	100101237	100101537	LINE/L2	463	+	150	100101387	15429
chr10	7134719	7334719	harbor2	chr10	7190794	7190804	LINE/L2	458	+	5	7190799	56080
chr10	7134719	7334719	harbor2	chr10	7191165	7191318	LINE/L2	458	+	76	7191241	56522
chr10	7134719	7334719	harbor2	chr10	7191463	7191810	LINE/L2	576	+	174	7191637	56918
chr10	97399300	97599300	harbor2	chr10	97476536	97476670	LINE/L2	548	+	67	97476603	77303
chr10	48300059	48500059	harbor2	chr10	48304365	48305276	LINE/L2	605	+	456	48304821	4762
chr10	48300059	48500059	harbor2	chr10	48392573	48393327	LINE/L2	550	+	377	48392950	92891
chr10	97398808	97598808	harbor2	chr10	97476536	97476670	LINE/L2	548	+	67	97476603	77795
chr10	78867019	79067019	harbor2	chr10	78939251	78939785	LINE/L2	633	+	267	78939518	72499
chr10	48455826	48655826	harbor2	chr10	48471460	48471926	LINE/L2	1139	+	233	48471693	15867
chr10	48455826	48655826	harbor2	chr10	48472567	48472766	LINE/L2	1139	+	100	48472667	16841
chr10	48455826	48655826	harbor2	chr10	48474898	48476226	LINE/L2	2098	+	664	48475562	19736
chr10	48455826	48655826	harbor2	chr10	48478724	48479176	LINE/L2	703	+	226	48478950	23124
chr10	48455826	48655826	harbor2	chr10	48490821	48491510	LINE/L2	921	+	344	48491165	35339
chr10	132207745	132407745	harbor2	chr10	132272417	132273145	LINE/L2	1130	+	364	132272781	65036
chr10	132252813	132452813	harbor2	chr10	132272417	132273145	LINE/L2	1130	+	364	132272781	19968
chr10	10822731	11022731	harbor2	chr10	10856632	10856864	LINE/L2	463	+	116	10856748	34017
chr10	10822731	11022731	harbor2	chr10	10888569	10888993	LINE/L2	485	+	212	10888781	66050
chr10	75111469	75311469	harbor2	chr10	75204471	75204667	LINE/L2	733	+	98	75204569	93100
chr10	75111469	75311469	harbor2	chr10	75204945	75205290	LINE/L2	733	+	172	75205117	93648
chr10	89151733	89351733	harbor2	chr10	89176052	89177529	LINE/L2	4714	+	738	89176790	25057
chr10	89151733	89351733	harbor2	chr10	89177868	89178938	LINE/L2	1839	+	535	89178403	26670
chr10	22337540	22537540	harbor2	chr10	22356696	22357380	LINE/L2	484	+	342	22357038	19498
chr10	132233777	132433777	harbor2	chr10	132272417	132273145	LINE/L2	1130	+	364	132272781	39004
chr10	14778685	14978685	harbor2	chr10	14876570	14876715	LINE/L2	548	+	72	14876642	97957
chr10	14778673	14978673	harbor2	chr10	14876570	14876715	LINE/L2	548	+	72	14876642	97969
chr10	46006333	46206333	harbor2	chr10	46028034	46028434	LINE/L2	767	+	200	46028234	21901
chr10	132233702	132433702	harbor2	chr10	132272417	132273145	LINE/L2	1130	+	364	132272781	39079
chr10	72255024	72455024	harbor2	chr10	72287210	72287520	LINE/L2	459	+	155	72287365	32341
chr10	129341078	129541078	harbor2	chr10	129363428	129363986	LINE/L2	570	+	279	129363707	22629
chr10	97402365	97602365	harbor2	chr10	97476536	97476670	LINE/L2	548	+	67	97476603	74238
chr10	14778687	14978687	harbor2	chr10	14876570	14876715	LINE/L2	548	+	72	14876642	97955
chr10	30719277	30919277	harbor2	chr10	30742086	30743011	LINE/L2	696	+	462	30742548	23271
chr10	30719277	30919277	harbor2	chr10	30791951	30792468	LINE/L2	1005	+	258	30792209	72932
chr10	132209133	132409133	harbor2	chr10	132272417	132273145	LINE/L2	1130	+	364	132272781	63648
chr10	72255019	72455019	harbor2	chr10	72287210	72287520	LINE/L2	459	+	155	72287365	32346
chr10	132208982	132408982	harbor2	chr10	132272417	132273145	LINE/L2	1130	+	364	132272781	63799
chr10	43456881	43656881	harbor2	chr10	43471050	43471123	LINE/L2	1158	+	36	43471086	14205
chr10	43456881	43656881	harbor2	chr10	43472089	43472797	LINE/L2	1158	+	354	43472443	15562
chr10	14778684	14978684	harbor2	chr10	14876570	14876715	LINE/L2	548	+	72	14876642	97958
chr11	5127098	5327098	harbor2	chr11	5202356	5203110	LINE/L2	559	+	377	5202733	75635
chr11	6471157	6671157	harbor2	chr11	6475526	6475679	LINE/L2	999	+	76	6475602	4445
chr11	6471157	6671157	harbor2	chr11	6475989	6476249	LINE/L2	999	+	130	6476119	4962
chr11	6471157	6671157	harbor2	chr11	6485253	6487280	LINE/L2	1699	+	1014	6486267	15110
chr11	6471157	6671157	harbor2	chr11	6489492	6489595	LINE/L2	423	+	52	6489544	18387
chr11	6471157	6671157	harbor2	chr11	6491123	6491295	LINE/L2	1094	+	86	6491209	20052
chr11	6471157	6671157	harbor2	chr11	6491567	6491720	LINE/L2	1094	+	76	6491643	20486
chr11	6471157	6671157	harbor2	chr11	6506638	6506923	LINE/L2	761	+	142	6506780	35623
chr11	6471157	6671157	harbor2	chr11	6549060	6549415	LINE/L2	415	+	178	6549238	78081
chr11	6471157	6671157	harbor2	chr11	6549529	6549829	LINE/L2	496	+	150	6549679	78522
chr11	5127138	5327138	harbor2	chr11	5202356	5203110	LINE/L2	559	+	377	5202733	75595
chr11	5127141	5327141	harbor2	chr11	5202356	5203110	LINE/L2	559	+	377	5202733	75592
chr11	5127548	5327548	harbor2	chr11	5202356	5203110	LINE/L2	559	+	377	5202733	75185
chr11	76587360	76787360	harbor2	chr11	76606181	76606813	LINE/L2	520	+	316	76606497	19137
chr11	76587360	76787360	harbor2	chr11	76606901	76606977	LINE/L2	520	+	38	76606939	19579
chr11	76587360	76787360	harbor2	chr11	76607264	76607305	LINE/L2	520	+	20	76607284	19924
chr11	76587360	76787360	harbor2	chr11	76607537	76607925	LINE/L2	1182	+	194	76607731	20371
chr11	76587360	76787360	harbor2	chr11	76609595	76609634	LINE/L2	1182	+	20	76609615	22255
chr11	76587360	76787360	harbor2	chr11	76659240	76659354	LINE/L2	438	+	57	76659297	71937
chr11	76587360	76787360	harbor2	chr11	76668183	76668643	LINE/L2	466	+	230	76668413	81053
chr11	76587360	76787360	harbor2	chr11	76611526	76611662	LINE/L2	690	+	68	76611594	24234
chr11	5127182	5327182	harbor2	chr11	5202356	5203110	LINE/L2	559	+	377	5202733	75551
chr11	123512081	123712081	harbor2	chr11	123514798	123514989	LINE/L2	631	+	96	123514894	2813
chr11	5127157	5327157	harbor2	chr11	5202356	5203110	LINE/L2	559	+	377	5202733	75576
chr11	5128062	5328062	harbor2	chr11	5202356	5203110	LINE/L2	559	+	377	5202733	74671
chr11	63803936	64003936	harbor2	chr11	63824244	63824375	LINE/L2	420	+	66	63824310	20374
chr11	63803936	64003936	harbor2	chr11	63824779	63825647	LINE/L2	931	+	434	63825213	21277
chr11	63803936	64003936	harbor2	chr11	63829835	63829946	LINE/L2	474	+	56	63829891	25955
chr11	63803936	64003936	harbor2	chr11	63835063	63835475	LINE/L2	1198	+	206	63835269	31333
chr11	63803936	64003936	harbor2	chr11	63835598	63835800	LINE/L2	813	+	101	63835699	31763
chr11	63803936	64003936	harbor2	chr11	63836121	63836219	LINE/L2	813	+	49	63836170	32234
chr11	65969869	66169869	harbor2	chr11	66063264	66063381	LINE/L2	508	+	58	66063322	93453
chr11	73042807	73242807	harbor2	chr11	73057602	73057751	LINE/L2	447	+	74	73057676	14869
chr11	73042807	73242807	harbor2	chr11	73091662	73091758	LINE/L2	565	+	48	73091710	48903
chr11	73042807	73242807	harbor2	chr11	73092049	73092135	LINE/L2	565	+	43	73092092	49285
chr11	73042807	73242807	harbor2	chr11	73092440	73092604	LINE/L2	565	+	82	73092522	49715
chr11	5127137	5327137	harbor2	chr11	5202356	5203110	LINE/L2	559	+	377	5202733	75596
chr11	5135292	5335292	harbor2	chr11	5202356	5203110	LINE/L2	559	+	377	5202733	67441
chr11	24165672	24365672	harbor2	chr11	24196418	24197144	LINE/L2	570	+	363	24196781	31109
chr11	5127495	5327495	harbor2	chr11	5202356	5203110	LINE/L2	559	+	377	5202733	75238
chr11	5191443	5391443	harbor2	chr11	5202356	5203110	LINE/L2	559	+	377	5202733	11290
chr11	57400290	57600290	harbor2	chr11	57406131	57406238	LINE/L2	476	+	54	57406185	5895
chr11	57400290	57600290	harbor2	chr11	57410216	57410447	LINE/L2	529	+	116	57410332	10042
chr11	57400290	57600290	harbor2	chr11	57413713	57414193	LINE/L2	758	+	240	57413953	13663
chr11	57400290	57600290	harbor2	chr11	57479847	57480256	LINE/L2	447	+	204	57480051	79761
chr11	5128051	5328051	harbor2	chr11	5202356	5203110	LINE/L2	559	+	377	5202733	74682
chr11	5134388	5334388	harbor2	chr11	5202356	5203110	LINE/L2	559	+	377	5202733	68345
chr11	5128327	5328327	harbor2	chr11	5202356	5203110	LINE/L2	559	+	377	5202733	74406
chr11	76580960	76780960	harbor2	chr11	76606181	76606813	LINE/L2	520	+	316	76606497	25537
chr11	76580960	76780960	harbor2	chr11	76606901	76606977	LINE/L2	520	+	38	76606939	25979
chr11	76580960	76780960	harbor2	chr11	76607264	76607305	LINE/L2	520	+	20	76607284	26324
chr11	76580960	76780960	harbor2	chr11	76607537	76607925	LINE/L2	1182	+	194	76607731	26771
chr11	76580960	76780960	harbor2	chr11	76609595	76609634	LINE/L2	1182	+	20	76609615	28655
chr11	76580960	76780960	harbor2	chr11	76659240	76659354	LINE/L2	438	+	57	76659297	78337
chr11	76580960	76780960	harbor2	chr11	76668183	76668643	LINE/L2	466	+	230	76668413	87453
chr11	76580960	76780960	harbor2	chr11	76611526	76611662	LINE/L2	690	+	68	76611594	30634
chr11	5127140	5327140	harbor2	chr11	5202356	5203110	LINE/L2	559	+	377	5202733	75593
chr11	5134538	5334538	harbor2	chr11	5202356	5203110	LINE/L2	559	+	377	5202733	68195
chr11	5134084	5334084	harbor2	chr11	5202356	5203110	LINE/L2	559	+	377	5202733	68649
chr11	5134540	5334540	harbor2	chr11	5202356	5203110	LINE/L2	559	+	377	5202733	68193
chr11	5127159	5327159	harbor2	chr11	5202356	5203110	LINE/L2	559	+	377	5202733	75574
chr11	32346594	32546594	harbor2	chr11	32360105	32360272	LINE/L2	688	+	84	32360189	13595
chr11	32346594	32546594	harbor2	chr11	32378326	32378590	LINE/L2	472	+	132	32378458	31864
chr11	32346594	32546594	harbor2	chr11	32378996	32379077	LINE/L2	472	+	40	32379036	32442
chr11	32346594	32546594	harbor2	chr11	32409770	32409917	LINE/L2	695	+	74	32409844	63250
chr11	32346594	32546594	harbor2	chr11	32410231	32410476	LINE/L2	695	+	122	32410353	63759
chr11	5134020	5334020	harbor2	chr11	5202356	5203110	LINE/L2	559	+	377	5202733	68713
chr11	108021913	108221913	harbor2	chr11	108024852	108024995	LINE/L2	417	+	72	108024924	3011
chr11	108021913	108221913	harbor2	chr11	108026059	108026708	LINE/L2	4577	+	324	108026383	4470
chr11	108021913	108221913	harbor2	chr11	108027008	108027122	LINE/L2	4577	+	57	108027065	5152
chr11	108021913	108221913	harbor2	chr11	108027706	108028556	LINE/L2	4577	+	425	108028131	6218
chr11	108021913	108221913	harbor2	chr11	108028846	108029123	LINE/L2	4577	+	138	108028984	7071
chr11	108021913	108221913	harbor2	chr11	108069578	108069748	LINE/L2	468	+	85	108069663	47750
chr11	108021913	108221913	harbor2	chr11	108110870	108111191	LINE/L2	471	+	160	108111030	89117
chr11	108021913	108221913	harbor2	chr11	108111369	108111508	LINE/L2	471	+	70	108111439	89526
chr11	108021913	108221913	harbor2	chr11	108111807	108111904	LINE/L2	411	+	48	108111855	89942
chr11	108021913	108221913	harbor2	chr11	108112022	108112350	LINE/L2	411	+	164	108112186	90273
chr11	5133982	5333982	harbor2	chr11	5202356	5203110	LINE/L2	559	+	377	5202733	68751
chr11	5128415	5328415	harbor2	chr11	5202356	5203110	LINE/L2	559	+	377	5202733	74318
chr11	6373185	6573185	harbor2	chr11	6398167	6398418	LINE/L2	780	+	126	6398293	25108
chr11	6373185	6573185	harbor2	chr11	6398944	6399786	LINE/L2	1309	+	421	6399365	26180
chr11	6373185	6573185	harbor2	chr11	6406348	6406682	LINE/L2	417	+	167	6406515	33330
chr11	6373185	6573185	harbor2	chr11	6412455	6412754	LINE/L2	918	+	150	6412605	39420
chr11	6373185	6573185	harbor2	chr11	6415749	6416717	LINE/L2	1195	+	484	6416233	43048
chr11	6373185	6573185	harbor2	chr11	6417047	6417551	LINE/L2	667	+	252	6417299	44114
chr11	6373185	6573185	harbor2	chr11	6428220	6428962	LINE/L2	644	+	371	6428591	55406
chr11	6373185	6573185	harbor2	chr11	6432464	6433185	LINE/L2	2448	+	360	6432824	59639
chr11	6373185	6573185	harbor2	chr11	6433477	6434195	LINE/L2	2448	+	359	6433836	60651
chr11	6373185	6573185	harbor2	chr11	6441819	6442060	LINE/L2	424	+	120	6441939	68754
chr11	6373185	6573185	harbor2	chr11	6446036	6446562	LINE/L2	798	+	263	6446299	73114
chr11	6373185	6573185	harbor2	chr11	6449545	6450451	LINE/L2	630	+	453	6449998	76813
chr11	6373185	6573185	harbor2	chr11	6452818	6453182	LINE/L2	460	+	182	6453000	79815
chr11	6373185	6573185	harbor2	chr11	6461230	6461684	LINE/L2	516	+	227	6461457	88272
chr11	6373185	6573185	harbor2	chr11	6461745	6462296	LINE/L2	897	+	276	6462021	88836
chr11	6373185	6573185	harbor2	chr11	6464126	6464590	LINE/L2	850	+	232	6464358	91173
chr11	6373185	6573185	harbor2	chr11	6464696	6464710	LINE/L2	850	+	7	6464703	91518
chr11	6373185	6573185	harbor2	chr11	6465012	6465119	LINE/L2	850	+	54	6465066	91881
chr11	6373185	6573185	harbor2	chr11	6466291	6467010	LINE/L2	818	+	360	6466651	93466
chr11	5134352	5334352	harbor2	chr11	5202356	5203110	LINE/L2	559	+	377	5202733	68381
chr11	5134552	5334552	harbor2	chr11	5202356	5203110	LINE/L2	559	+	377	5202733	68181
chr11	5201291	5401291	harbor2	chr11	5202356	5203110	LINE/L2	559	+	377	5202733	1442
chr11	5127124	5327124	harbor2	chr11	5202356	5203110	LINE/L2	559	+	377	5202733	75609
chr11	108021542	108221542	harbor2	chr11	108024852	108024995	LINE/L2	417	+	72	108024924	3382
chr11	108021542	108221542	harbor2	chr11	108026059	108026708	LINE/L2	4577	+	324	108026383	4841
chr11	108021542	108221542	harbor2	chr11	108027008	108027122	LINE/L2	4577	+	57	108027065	5523
chr11	108021542	108221542	harbor2	chr11	108027706	108028556	LINE/L2	4577	+	425	108028131	6589
chr11	108021542	108221542	harbor2	chr11	108028846	108029123	LINE/L2	4577	+	138	108028984	7442
chr11	108021542	108221542	harbor2	chr11	108069578	108069748	LINE/L2	468	+	85	108069663	48121
chr11	108021542	108221542	harbor2	chr11	108110870	108111191	LINE/L2	471	+	160	108111030	89488
chr11	108021542	108221542	harbor2	chr11	108111369	108111508	LINE/L2	471	+	70	108111439	89897
chr11	108021542	108221542	harbor2	chr11	108111807	108111904	LINE/L2	411	+	48	108111855	90313
chr11	108021542	108221542	harbor2	chr11	108112022	108112350	LINE/L2	411	+	164	108112186	90644
chr11	5176047	5376047	harbor2	chr11	5202356	5203110	LINE/L2	559	+	377	5202733	26686
chr11	1471975	1671975	harbor2	chr11	1500434	1501260	LINE/L2	422	+	413	1500847	28872
chr11	5137986	5337986	harbor2	chr11	5202356	5203110	LINE/L2	559	+	377	5202733	64747
chr11	5141739	5341739	harbor2	chr11	5202356	5203110	LINE/L2	559	+	377	5202733	60994
chr11	5175971	5375971	harbor2	chr11	5202356	5203110	LINE/L2	559	+	377	5202733	26762
chr11	2371480	2571480	harbor2	chr11	2375302	2375633	LINE/L2	411	+	166	2375468	3988
chr11	5127119	5327119	harbor2	chr11	5202356	5203110	LINE/L2	559	+	377	5202733	75614
chr11	5128030	5328030	harbor2	chr11	5202356	5203110	LINE/L2	559	+	377	5202733	74703
chr11	119644666	119844666	harbor2	chr11	119669427	119669962	LINE/L2	907	+	268	119669695	25029
chr11	119644666	119844666	harbor2	chr11	119670260	119670428	LINE/L2	907	+	84	119670344	25678
chr11	119644666	119844666	harbor2	chr11	119679777	119680072	LINE/L2	675	+	148	119679925	35259
chr11	119644666	119844666	harbor2	chr11	119702813	119703135	LINE/L2	460	+	161	119702974	58308
chr11	119644666	119844666	harbor2	chr11	119733144	119733328	LINE/L2	507	+	92	119733236	88570
chr11	5127097	5327097	harbor2	chr11	5202356	5203110	LINE/L2	559	+	377	5202733	75636
chr11	5127546	5327546	harbor2	chr11	5202356	5203110	LINE/L2	559	+	377	5202733	75187
chr11	5127094	5327094	harbor2	chr11	5202356	5203110	LINE/L2	559	+	377	5202733	75639
chr11	5140721	5340721	harbor2	chr11	5202356	5203110	LINE/L2	559	+	377	5202733	62012
chr11	76580967	76780967	harbor2	chr11	76606181	76606813	LINE/L2	520	+	316	76606497	25530
chr11	76580967	76780967	harbor2	chr11	76606901	76606977	LINE/L2	520	+	38	76606939	25972
chr11	76580967	76780967	harbor2	chr11	76607264	76607305	LINE/L2	520	+	20	76607284	26317
chr11	76580967	76780967	harbor2	chr11	76607537	76607925	LINE/L2	1182	+	194	76607731	26764
chr11	76580967	76780967	harbor2	chr11	76609595	76609634	LINE/L2	1182	+	20	76609615	28648
chr11	76580967	76780967	harbor2	chr11	76659240	76659354	LINE/L2	438	+	57	76659297	78330
chr11	76580967	76780967	harbor2	chr11	76668183	76668643	LINE/L2	466	+	230	76668413	87446
chr11	76580967	76780967	harbor2	chr11	76611526	76611662	LINE/L2	690	+	68	76611594	30627
chr11	57399778	57599778	harbor2	chr11	57406131	57406238	LINE/L2	476	+	54	57406185	6407
chr11	57399778	57599778	harbor2	chr11	57410216	57410447	LINE/L2	529	+	116	57410332	10554
chr11	57399778	57599778	harbor2	chr11	57413713	57414193	LINE/L2	758	+	240	57413953	14175
chr11	57399778	57599778	harbor2	chr11	57479847	57480256	LINE/L2	447	+	204	57480051	80273
chr11	19833606	20033606	harbor2	chr11	19863727	19863910	LINE/L2	489	+	92	19863819	30213
chr11	19833606	20033606	harbor2	chr11	19915433	19915866	LINE/L2	491	+	216	19915649	82043
chr11	19833606	20033606	harbor2	chr11	19930514	19930687	LINE/L2	619	+	86	19930600	96994
chr11	20632633	20832633	harbor2	chr11	20675656	20675762	LINE/L2	595	+	53	20675709	43076
chr11	20632633	20832633	harbor2	chr11	20676047	20676385	LINE/L2	595	+	169	20676216	43583
chr11	128776611	128976611	harbor2	chr11	128797465	128797711	LINE/L2	617	+	123	128797588	20977
chr11	128776611	128976611	harbor2	chr11	128806756	128807062	LINE/L2	593	+	153	128806909	30298
chr11	128776611	128976611	harbor2	chr11	128828788	128828963	LINE/L2	529	+	88	128828876	52265
chr11	128776611	128976611	harbor2	chr11	128829263	128829277	LINE/L2	529	+	7	128829270	52659
chr11	128776611	128976611	harbor2	chr11	128829409	128829576	LINE/L2	529	+	84	128829493	52882
chr11	128776611	128976611	harbor2	chr11	128856655	128857485	LINE/L2	628	+	415	128857070	80459
chr11	5127985	5327985	harbor2	chr11	5202356	5203110	LINE/L2	559	+	377	5202733	74748
chr11	115396578	115596578	harbor2	chr11	115431268	115431901	LINE/L2	499	+	316	115431584	35006
chr11	115396578	115596578	harbor2	chr11	115440264	115440449	LINE/L2	413	+	92	115440356	43778
chr11	115396578	115596578	harbor2	chr11	115481986	115482428	LINE/L2	807	+	221	115482207	85629
chr11	115396578	115596578	harbor2	chr11	115485798	115486195	LINE/L2	449	+	198	115485996	89418
chr11	5134553	5334553	harbor2	chr11	5202356	5203110	LINE/L2	559	+	377	5202733	68180
chr11	44479732	44679732	harbor2	chr11	44488921	44489245	LINE/L2	712	+	162	44489083	9351
chr11	44479732	44679732	harbor2	chr11	44500547	44500802	LINE/L2	485	+	128	44500675	20943
chr11	44479732	44679732	harbor2	chr11	44508011	44508523	LINE/L2	638	+	256	44508267	28535
chr11	44479732	44679732	harbor2	chr11	44508834	44509187	LINE/L2	638	+	176	44509010	29278
chr11	44479732	44679732	harbor2	chr11	44522678	44522971	LINE/L2	610	+	146	44522824	43092
chr11	5127528	5327528	harbor2	chr11	5202356	5203110	LINE/L2	559	+	377	5202733	75205
chr11	5127122	5327122	harbor2	chr11	5202356	5203110	LINE/L2	559	+	377	5202733	75611
chr11	5181711	5381711	harbor2	chr11	5202356	5203110	LINE/L2	559	+	377	5202733	21022
chr11	108021539	108221539	harbor2	chr11	108024852	108024995	LINE/L2	417	+	72	108024924	3385
chr11	108021539	108221539	harbor2	chr11	108026059	108026708	LINE/L2	4577	+	324	108026383	4844
chr11	108021539	108221539	harbor2	chr11	108027008	108027122	LINE/L2	4577	+	57	108027065	5526
chr11	108021539	108221539	harbor2	chr11	108027706	108028556	LINE/L2	4577	+	425	108028131	6592
chr11	108021539	108221539	harbor2	chr11	108028846	108029123	LINE/L2	4577	+	138	108028984	7445
chr11	108021539	108221539	harbor2	chr11	108069578	108069748	LINE/L2	468	+	85	108069663	48124
chr11	108021539	108221539	harbor2	chr11	108110870	108111191	LINE/L2	471	+	160	108111030	89491
chr11	108021539	108221539	harbor2	chr11	108111369	108111508	LINE/L2	471	+	70	108111439	89900
chr11	108021539	108221539	harbor2	chr11	108111807	108111904	LINE/L2	411	+	48	108111855	90316
chr11	108021539	108221539	harbor2	chr11	108112022	108112350	LINE/L2	411	+	164	108112186	90647
chr11	111441454	111641454	harbor2	chr11	111471836	111472347	LINE/L2	1443	+	256	111472092	30638
chr11	111441454	111641454	harbor2	chr11	111472565	111472855	LINE/L2	736	+	145	111472710	31256
chr11	111441454	111641454	harbor2	chr11	111518734	111519020	LINE/L2	408	+	143	111518877	77423
chr11	111441454	111641454	harbor2	chr11	111523587	111524084	LINE/L2	620	+	248	111523835	82381
chr11	111441454	111641454	harbor2	chr11	111531950	111532280	LINE/L2	408	+	165	111532115	90661
chr11	73152931	73352931	harbor2	chr11	73205178	73205404	LINE/L2	458	+	113	73205291	52360
chr11	73152931	73352931	harbor2	chr11	73205930	73206057	LINE/L2	449	+	64	73205994	53063
chr11	73152931	73352931	harbor2	chr11	73219750	73220065	LINE/L2	588	+	158	73219908	66977
chr11	73152931	73352931	harbor2	chr11	73222567	73222908	LINE/L2	491	+	170	73222737	69806
chr11	73152931	73352931	harbor2	chr11	73244091	73244192	LINE/L2	421	+	50	73244141	91210
chr11	64914593	65114593	harbor2	chr11	64927077	64927381	LINE/L2	425	+	152	64927229	12636
chr11	64914593	65114593	harbor2	chr11	64950514	64950572	LINE/L2	431	+	29	64950543	35950
chr11	64914593	65114593	harbor2	chr11	64950882	64951234	LINE/L2	431	+	176	64951058	36465
chr11	64914593	65114593	harbor2	chr11	64980657	64980996	LINE/L2	993	+	170	64980827	66234
chr11	64914593	65114593	harbor2	chr11	64982551	64982801	LINE/L2	796	+	125	64982676	68083
chr11	64914593	65114593	harbor2	chr11	64983434	64983473	LINE/L2	796	+	20	64983454	68861
chr11	64914593	65114593	harbor2	chr11	64983904	64984089	LINE/L2	796	+	92	64983996	69403
chr11	64914593	65114593	harbor2	chr11	64991612	64991843	LINE/L2	761	+	116	64991728	77135
chr11	5134462	5334462	harbor2	chr11	5202356	5203110	LINE/L2	559	+	377	5202733	68271
chr11	124701200	124901200	harbor2	chr11	124769599	124769689	LINE/L2	407	+	45	124769644	68444
chr11	124701200	124901200	harbor2	chr11	124788930	124789090	LINE/L2	534	+	80	124789010	87810
chr11	5135406	5335406	harbor2	chr11	5202356	5203110	LINE/L2	559	+	377	5202733	67327
chr11	5134536	5334536	harbor2	chr11	5202356	5203110	LINE/L2	559	+	377	5202733	68197
chr11	69543435	69743435	harbor2	chr11	69629227	69629547	LINE/L2	581	+	160	69629387	85952
chr11	76580928	76780928	harbor2	chr11	76606181	76606813	LINE/L2	520	+	316	76606497	25569
chr11	76580928	76780928	harbor2	chr11	76606901	76606977	LINE/L2	520	+	38	76606939	26011
chr11	76580928	76780928	harbor2	chr11	76607264	76607305	LINE/L2	520	+	20	76607284	26356
chr11	76580928	76780928	harbor2	chr11	76607537	76607925	LINE/L2	1182	+	194	76607731	26803
chr11	76580928	76780928	harbor2	chr11	76609595	76609634	LINE/L2	1182	+	20	76609615	28687
chr11	76580928	76780928	harbor2	chr11	76659240	76659354	LINE/L2	438	+	57	76659297	78369
chr11	76580928	76780928	harbor2	chr11	76668183	76668643	LINE/L2	466	+	230	76668413	87485
chr11	76580928	76780928	harbor2	chr11	76611526	76611662	LINE/L2	690	+	68	76611594	30666
chr11	5141120	5341120	harbor2	chr11	5202356	5203110	LINE/L2	559	+	377	5202733	61613
chr11	5127125	5327125	harbor2	chr11	5202356	5203110	LINE/L2	559	+	377	5202733	75608
chr11	5191352	5391352	harbor2	chr11	5202356	5203110	LINE/L2	559	+	377	5202733	11381
chr11	67383369	67583369	harbor2	chr11	67385610	67385847	LINE/L2	707	+	118	67385728	2359
chr11	67383369	67583369	harbor2	chr11	67432312	67432468	LINE/L2	544	+	78	67432390	49021
chr11	67383369	67583369	harbor2	chr11	67445495	67445672	LINE/L2	838	+	88	67445583	62214
chr11	67383369	67583369	harbor2	chr11	67445961	67446148	LINE/L2	838	+	94	67446055	62686
chr11	67383369	67583369	harbor2	chr11	67436475	67436928	LINE/L2	401	+	226	67436701	53332
chr11	5145521	5345521	harbor2	chr11	5202356	5203110	LINE/L2	559	+	377	5202733	57212
chr11	68651712	68851712	harbor2	chr11	68721242	68721633	LINE/L2	643	+	196	68721438	69726
chr11	68651712	68851712	harbor2	chr11	68740732	68741210	LINE/L2	1710	+	239	68740971	89259
chr11	68651712	68851712	harbor2	chr11	68741202	68741616	LINE/L2	861	+	207	68741409	89697
chr11	5134532	5334532	harbor2	chr11	5202356	5203110	LINE/L2	559	+	377	5202733	68201
chr11	72131325	72331325	harbor2	chr11	72137922	72138055	LINE/L2	534	+	66	72137988	6663
chr11	72131325	72331325	harbor2	chr11	72141676	72142001	LINE/L2	441	+	162	72141838	10513
chr11	72131325	72331325	harbor2	chr11	72175033	72175167	LINE/L2	519	+	67	72175100	43775
chr11	72131325	72331325	harbor2	chr11	72180670	72180805	LINE/L2	404	+	68	72180738	49413
chr11	72131325	72331325	harbor2	chr11	72220272	72220579	LINE/L2	1016	+	154	72220426	89101
chr11	5127149	5327149	harbor2	chr11	5202356	5203110	LINE/L2	559	+	377	5202733	75584
chr11	105168684	105368684	harbor2	chr11	105248641	105248746	LINE/L2	438	+	52	105248693	80009
chr11	105168684	105368684	harbor2	chr11	105248903	105249342	LINE/L2	702	+	220	105249123	80439
chr11	5128043	5328043	harbor2	chr11	5202356	5203110	LINE/L2	559	+	377	5202733	74690
chr11	5129645	5329645	harbor2	chr11	5202356	5203110	LINE/L2	559	+	377	5202733	73088
chr11	5175946	5375946	harbor2	chr11	5202356	5203110	LINE/L2	559	+	377	5202733	26787
chr11	73279444	73479444	harbor2	chr11	73351566	73351621	LINE/L2	523	+	28	73351594	72150
chr11	73279444	73479444	harbor2	chr11	73351883	73351914	LINE/L2	523	+	16	73351899	72455
chr11	73279444	73479444	harbor2	chr11	73352358	73352517	LINE/L2	523	+	80	73352438	72994
chr11	73279444	73479444	harbor2	chr11	73371400	73371506	LINE/L2	462	+	53	73371453	92009
chr11	5134537	5334537	harbor2	chr11	5202356	5203110	LINE/L2	559	+	377	5202733	68196
chr11	108021866	108221866	harbor2	chr11	108024852	108024995	LINE/L2	417	+	72	108024924	3058
chr11	108021866	108221866	harbor2	chr11	108026059	108026708	LINE/L2	4577	+	324	108026383	4517
chr11	108021866	108221866	harbor2	chr11	108027008	108027122	LINE/L2	4577	+	57	108027065	5199
chr11	108021866	108221866	harbor2	chr11	108027706	108028556	LINE/L2	4577	+	425	108028131	6265
chr11	108021866	108221866	harbor2	chr11	108028846	108029123	LINE/L2	4577	+	138	108028984	7118
chr11	108021866	108221866	harbor2	chr11	108069578	108069748	LINE/L2	468	+	85	108069663	47797
chr11	108021866	108221866	harbor2	chr11	108110870	108111191	LINE/L2	471	+	160	108111030	89164
chr11	108021866	108221866	harbor2	chr11	108111369	108111508	LINE/L2	471	+	70	108111439	89573
chr11	108021866	108221866	harbor2	chr11	108111807	108111904	LINE/L2	411	+	48	108111855	89989
chr11	108021866	108221866	harbor2	chr11	108112022	108112350	LINE/L2	411	+	164	108112186	90320
chr11	5145526	5345526	harbor2	chr11	5202356	5203110	LINE/L2	559	+	377	5202733	57207
chr11	108021556	108221556	harbor2	chr11	108024852	108024995	LINE/L2	417	+	72	108024924	3368
chr11	108021556	108221556	harbor2	chr11	108026059	108026708	LINE/L2	4577	+	324	108026383	4827
chr11	108021556	108221556	harbor2	chr11	108027008	108027122	LINE/L2	4577	+	57	108027065	5509
chr11	108021556	108221556	harbor2	chr11	108027706	108028556	LINE/L2	4577	+	425	108028131	6575
chr11	108021556	108221556	harbor2	chr11	108028846	108029123	LINE/L2	4577	+	138	108028984	7428
chr11	108021556	108221556	harbor2	chr11	108069578	108069748	LINE/L2	468	+	85	108069663	48107
chr11	108021556	108221556	harbor2	chr11	108110870	108111191	LINE/L2	471	+	160	108111030	89474
chr11	108021556	108221556	harbor2	chr11	108111369	108111508	LINE/L2	471	+	70	108111439	89883
chr11	108021556	108221556	harbor2	chr11	108111807	108111904	LINE/L2	411	+	48	108111855	90299
chr11	108021556	108221556	harbor2	chr11	108112022	108112350	LINE/L2	411	+	164	108112186	90630
chr11	5134924	5334924	harbor2	chr11	5202356	5203110	LINE/L2	559	+	377	5202733	67809
chr11	5127139	5327139	harbor2	chr11	5202356	5203110	LINE/L2	559	+	377	5202733	75594
chr11	20061870	20261870	harbor2	chr11	20066175	20066281	LINE/L2	409	+	53	20066228	4358
chr11	20061870	20261870	harbor2	chr11	20086274	20086636	LINE/L2	834	+	181	20086455	24585
chr11	20061870	20261870	harbor2	chr11	20104844	20105154	LINE/L2	472	+	155	20104999	43129
chr11	20061870	20261870	harbor2	chr11	20140842	20141225	LINE/L2	603	+	192	20141034	79164
chr11	20061870	20261870	harbor2	chr11	20141682	20141953	LINE/L2	472	+	136	20141818	79948
chr11	5503303	5703303	harbor2	chr11	5512841	5513491	LINE/L2	950	+	325	5513166	9863
chr11	64807264	65007264	harbor2	chr11	64815108	64815233	LINE/L2	609	+	62	64815170	7906
chr11	64807264	65007264	harbor2	chr11	64899818	64899861	LINE/L2	495	+	22	64899840	92576
chr11	64807264	65007264	harbor2	chr11	64900166	64900446	LINE/L2	495	+	140	64900306	93042
chr11	6583608	6783608	harbor2	chr11	6637507	6637909	LINE/L2	472	+	201	6637708	54100
chr11	6583608	6783608	harbor2	chr11	6643308	6644193	LINE/L2	586	+	442	6643750	60142
chr11	6583608	6783608	harbor2	chr11	6652756	6653515	LINE/L2	767	+	380	6653136	69528
chr11	6583608	6783608	harbor2	chr11	6672768	6673815	LINE/L2	502	+	524	6673292	89684
chr11	46517295	46717295	harbor2	chr11	46533703	46534211	LINE/L2	885	+	254	46533957	16662
chr11	46517295	46717295	harbor2	chr11	46534514	46534569	LINE/L2	885	+	28	46534542	17247
chr11	46517295	46717295	harbor2	chr11	46580614	46580804	LINE/L2	557	+	95	46580709	63414
chr11	46517295	46717295	harbor2	chr11	46581094	46581190	LINE/L2	557	+	48	46581142	63847
chr11	46517295	46717295	harbor2	chr11	46581822	46581833	LINE/L2	557	+	6	46581828	64533
chr11	46517295	46717295	harbor2	chr11	46582131	46582505	LINE/L2	557	+	187	46582318	65023
chr11	5127134	5327134	harbor2	chr11	5202356	5203110	LINE/L2	559	+	377	5202733	75599
chr11	5134274	5334274	harbor2	chr11	5202356	5203110	LINE/L2	559	+	377	5202733	68459
chr11	6512776	6712776	harbor2	chr11	6549060	6549415	LINE/L2	415	+	178	6549238	36462
chr11	6512776	6712776	harbor2	chr11	6549529	6549829	LINE/L2	496	+	150	6549679	36903
chr11	5134545	5334545	harbor2	chr11	5202356	5203110	LINE/L2	559	+	377	5202733	68188
chr11	5130232	5330232	harbor2	chr11	5202356	5203110	LINE/L2	559	+	377	5202733	72501
chr11	5127145	5327145	harbor2	chr11	5202356	5203110	LINE/L2	559	+	377	5202733	75588
chr11	63816020	64016020	harbor2	chr11	63824244	63824375	LINE/L2	420	+	66	63824310	8290
chr11	63816020	64016020	harbor2	chr11	63824779	63825647	LINE/L2	931	+	434	63825213	9193
chr11	63816020	64016020	harbor2	chr11	63829835	63829946	LINE/L2	474	+	56	63829891	13871
chr11	63816020	64016020	harbor2	chr11	63835063	63835475	LINE/L2	1198	+	206	63835269	19249
chr11	63816020	64016020	harbor2	chr11	63835598	63835800	LINE/L2	813	+	101	63835699	19679
chr11	63816020	64016020	harbor2	chr11	63836121	63836219	LINE/L2	813	+	49	63836170	20150
chr11	5134509	5334509	harbor2	chr11	5202356	5203110	LINE/L2	559	+	377	5202733	68224
chr11	5127131	5327131	harbor2	chr11	5202356	5203110	LINE/L2	559	+	377	5202733	75602
chr11	1471923	1671923	harbor2	chr11	1500434	1501260	LINE/L2	422	+	413	1500847	28924
chr11	108021552	108221552	harbor2	chr11	108024852	108024995	LINE/L2	417	+	72	108024924	3372
chr11	108021552	108221552	harbor2	chr11	108026059	108026708	LINE/L2	4577	+	324	108026383	4831
chr11	108021552	108221552	harbor2	chr11	108027008	108027122	LINE/L2	4577	+	57	108027065	5513
chr11	108021552	108221552	harbor2	chr11	108027706	108028556	LINE/L2	4577	+	425	108028131	6579
chr11	108021552	108221552	harbor2	chr11	108028846	108029123	LINE/L2	4577	+	138	108028984	7432
chr11	108021552	108221552	harbor2	chr11	108069578	108069748	LINE/L2	468	+	85	108069663	48111
chr11	108021552	108221552	harbor2	chr11	108110870	108111191	LINE/L2	471	+	160	108111030	89478
chr11	108021552	108221552	harbor2	chr11	108111369	108111508	LINE/L2	471	+	70	108111439	89887
chr11	108021552	108221552	harbor2	chr11	108111807	108111904	LINE/L2	411	+	48	108111855	90303
chr11	108021552	108221552	harbor2	chr11	108112022	108112350	LINE/L2	411	+	164	108112186	90634
chr11	5135402	5335402	harbor2	chr11	5202356	5203110	LINE/L2	559	+	377	5202733	67331
chr11	64540474	64740474	harbor2	chr11	64585332	64585566	LINE/L2	1745	+	117	64585449	44975
chr11	64540474	64740474	harbor2	chr11	64585871	64587018	LINE/L2	1745	+	574	64586445	45971
chr11	5127113	5327113	harbor2	chr11	5202356	5203110	LINE/L2	559	+	377	5202733	75620
chr11	5127198	5327198	harbor2	chr11	5202356	5203110	LINE/L2	559	+	377	5202733	75535
chr11	76580957	76780957	harbor2	chr11	76606181	76606813	LINE/L2	520	+	316	76606497	25540
chr11	76580957	76780957	harbor2	chr11	76606901	76606977	LINE/L2	520	+	38	76606939	25982
chr11	76580957	76780957	harbor2	chr11	76607264	76607305	LINE/L2	520	+	20	76607284	26327
chr11	76580957	76780957	harbor2	chr11	76607537	76607925	LINE/L2	1182	+	194	76607731	26774
chr11	76580957	76780957	harbor2	chr11	76609595	76609634	LINE/L2	1182	+	20	76609615	28658
chr11	76580957	76780957	harbor2	chr11	76659240	76659354	LINE/L2	438	+	57	76659297	78340
chr11	76580957	76780957	harbor2	chr11	76668183	76668643	LINE/L2	466	+	230	76668413	87456
chr11	76580957	76780957	harbor2	chr11	76611526	76611662	LINE/L2	690	+	68	76611594	30637
chr11	5199897	5399897	harbor2	chr11	5202356	5203110	LINE/L2	559	+	377	5202733	2836
chr11	5134148	5334148	harbor2	chr11	5202356	5203110	LINE/L2	559	+	377	5202733	68585
chr11	2056450	2256450	harbor2	chr11	2071256	2072255	LINE/L2	1070	+	500	2071756	15306
chr11	5129657	5329657	harbor2	chr11	5202356	5203110	LINE/L2	559	+	377	5202733	73076
chr11	129795685	129995685	harbor2	chr11	129865290	129865501	LINE/L2	473	+	106	129865396	69711
chr11	129795685	129995685	harbor2	chr11	129870739	129870995	LINE/L2	584	+	128	129870867	75182
chr11	129795685	129995685	harbor2	chr11	129871486	129872301	LINE/L2	1008	+	408	129871894	76209
chr11	129795685	129995685	harbor2	chr11	129879456	129879905	LINE/L2	436	+	224	129879680	83995
chr11	129795685	129995685	harbor2	chr11	129880215	129880398	LINE/L2	436	+	92	129880307	84622
chr11	64545468	64745468	harbor2	chr11	64585332	64585566	LINE/L2	1745	+	117	64585449	39981
chr11	64545468	64745468	harbor2	chr11	64585871	64587018	LINE/L2	1745	+	574	64586445	40977
chr11	5127118	5327118	harbor2	chr11	5202356	5203110	LINE/L2	559	+	377	5202733	75615
chr11	5130451	5330451	harbor2	chr11	5202356	5203110	LINE/L2	559	+	377	5202733	72282
chr11	43955448	44155448	harbor2	chr11	43971769	43972114	LINE/L2	403	+	172	43971941	16493
chr11	43955448	44155448	harbor2	chr11	43973999	43974112	LINE/L2	512	+	56	43974055	18607
chr11	43955448	44155448	harbor2	chr11	43985722	43985772	LINE/L2	857	+	25	43985747	30299
chr11	43955448	44155448	harbor2	chr11	43985969	43986688	LINE/L2	857	+	360	43986329	30881
chr11	43955448	44155448	harbor2	chr11	44028963	44029438	LINE/L2	945	+	238	44029201	73753
chr11	43955448	44155448	harbor2	chr11	44034984	44035355	LINE/L2	1083	+	186	44035170	79722
chr11	78110765	78310765	harbor2	chr11	78132284	78132833	LINE/L2	498	+	274	78132558	21793
chr11	78110765	78310765	harbor2	chr11	78133135	78133325	LINE/L2	498	+	95	78133230	22465
chr11	78110765	78310765	harbor2	chr11	78138793	78139208	LINE/L2	438	+	208	78139001	28236
chr11	78110765	78310765	harbor2	chr11	78143941	78144337	LINE/L2	632	+	198	78144139	33374
chr11	78110765	78310765	harbor2	chr11	78200918	78201316	LINE/L2	403	+	199	78201117	90352
chr11	84774083	84974083	harbor2	chr11	84820258	84820926	LINE/L2	423	+	334	84820592	46509
chr11	84774083	84974083	harbor2	chr11	84823341	84823581	LINE/L2	1132	+	120	84823461	49378
chr11	84774083	84974083	harbor2	chr11	84823629	84823838	LINE/L2	1132	+	104	84823733	49650
chr11	84774083	84974083	harbor2	chr11	84845565	84845682	LINE/L2	1488	+	58	84845623	71540
chr11	84774083	84974083	harbor2	chr11	84845970	84846610	LINE/L2	1488	+	320	84846290	72207
chr11	84774083	84974083	harbor2	chr11	84849321	84849913	LINE/L2	490	+	296	84849617	75534
chr11	84774083	84974083	harbor2	chr11	84859873	84860136	LINE/L2	433	+	132	84860005	85922
chr11	64349298	64549298	harbor2	chr11	64382616	64383112	LINE/L2	765	+	248	64382864	33566
chr11	64349298	64549298	harbor2	chr11	64383413	64383566	LINE/L2	765	+	76	64383489	34191
chr11	64349298	64549298	harbor2	chr11	64423473	64423630	LINE/L2	1074	+	78	64423551	74253
chr11	64349298	64549298	harbor2	chr11	64423927	64424153	LINE/L2	1074	+	113	64424040	74742
chr11	108021537	108221537	harbor2	chr11	108024852	108024995	LINE/L2	417	+	72	108024924	3387
chr11	108021537	108221537	harbor2	chr11	108026059	108026708	LINE/L2	4577	+	324	108026383	4846
chr11	108021537	108221537	harbor2	chr11	108027008	108027122	LINE/L2	4577	+	57	108027065	5528
chr11	108021537	108221537	harbor2	chr11	108027706	108028556	LINE/L2	4577	+	425	108028131	6594
chr11	108021537	108221537	harbor2	chr11	108028846	108029123	LINE/L2	4577	+	138	108028984	7447
chr11	108021537	108221537	harbor2	chr11	108069578	108069748	LINE/L2	468	+	85	108069663	48126
chr11	108021537	108221537	harbor2	chr11	108110870	108111191	LINE/L2	471	+	160	108111030	89493
chr11	108021537	108221537	harbor2	chr11	108111369	108111508	LINE/L2	471	+	70	108111439	89902
chr11	108021537	108221537	harbor2	chr11	108111807	108111904	LINE/L2	411	+	48	108111855	90318
chr11	108021537	108221537	harbor2	chr11	108112022	108112350	LINE/L2	411	+	164	108112186	90649
chr11	5191359	5391359	harbor2	chr11	5202356	5203110	LINE/L2	559	+	377	5202733	11374
chr11	5130062	5330062	harbor2	chr11	5202356	5203110	LINE/L2	559	+	377	5202733	72671
chr11	5191377	5391377	harbor2	chr11	5202356	5203110	LINE/L2	559	+	377	5202733	11356
chr11	5132412	5332412	harbor2	chr11	5202356	5203110	LINE/L2	559	+	377	5202733	70321
chr11	5129603	5329603	harbor2	chr11	5202356	5203110	LINE/L2	559	+	377	5202733	73130
chr11	73152932	73352932	harbor2	chr11	73205178	73205404	LINE/L2	458	+	113	73205291	52359
chr11	73152932	73352932	harbor2	chr11	73205930	73206057	LINE/L2	449	+	64	73205994	53062
chr11	73152932	73352932	harbor2	chr11	73219750	73220065	LINE/L2	588	+	158	73219908	66976
chr11	73152932	73352932	harbor2	chr11	73222567	73222908	LINE/L2	491	+	170	73222737	69805
chr11	73152932	73352932	harbor2	chr11	73244091	73244192	LINE/L2	421	+	50	73244141	91209
chr11	5134257	5334257	harbor2	chr11	5202356	5203110	LINE/L2	559	+	377	5202733	68476
chr11	27326376	27526376	harbor2	chr11	27333641	27333922	LINE/L2	646	+	140	27333781	7405
chr11	27326376	27526376	harbor2	chr11	27334095	27334976	LINE/L2	1552	+	440	27334535	8159
chr11	27326376	27526376	harbor2	chr11	27335287	27336477	LINE/L2	1552	+	595	27335882	9506
chr11	74202004	74402004	harbor2	chr11	74255009	74255417	LINE/L2	422	+	204	74255213	53209
chr11	43448895	43648895	harbor2	chr11	43448514	43449619	LINE/L2	892	+	552	43449066	171
chr11	43448895	43648895	harbor2	chr11	43492493	43492727	LINE/L2	499	+	117	43492610	43715
chr11	43448895	43648895	harbor2	chr11	43501280	43501536	LINE/L2	675	+	128	43501408	52513
chr11	43448895	43648895	harbor2	chr11	43501852	43502394	LINE/L2	1354	+	271	43502123	53228
chr11	43448895	43648895	harbor2	chr11	43511954	43512268	LINE/L2	493	+	157	43512111	63216
chr11	43448895	43648895	harbor2	chr11	43530337	43531129	LINE/L2	572	+	396	43530733	81838
chr11	43448895	43648895	harbor2	chr11	43532729	43533093	LINE/L2	510	+	182	43532911	84016
chr11	61487515	61687515	harbor2	chr11	61503885	61504229	LINE/L2	590	+	172	61504057	16542
chr11	61487515	61687515	harbor2	chr11	61504757	61504947	LINE/L2	426	+	95	61504852	17337
chr11	61487515	61687515	harbor2	chr11	61525084	61525772	LINE/L2	1127	+	344	61525428	37913
chr11	61487515	61687515	harbor2	chr11	61526394	61526655	LINE/L2	439	+	130	61526524	39009
chr11	61487515	61687515	harbor2	chr11	61561594	61561692	LINE/L2	426	+	49	61561643	74128
chr11	61487515	61687515	harbor2	chr11	61561731	61561881	LINE/L2	401	+	75	61561806	74291
chr11	133733618	133933618	harbor2	chr11	133827013	133827414	LINE/L2	866	+	200	133827213	93595
chr11	27266585	27466585	harbor2	chr11	27289873	27290120	LINE/L2	494	+	124	27289997	23412
chr11	27266585	27466585	harbor2	chr11	27306514	27306954	LINE/L2	534	+	220	27306734	40149
chr11	27266585	27466585	harbor2	chr11	27333641	27333922	LINE/L2	646	+	140	27333781	67196
chr11	27266585	27466585	harbor2	chr11	27334095	27334976	LINE/L2	1552	+	440	27334535	67950
chr11	27266585	27466585	harbor2	chr11	27335287	27336477	LINE/L2	1552	+	595	27335882	69297
chr11	46346052	46546052	harbor2	chr11	46377676	46378117	LINE/L2	772	+	220	46377896	31844
chr11	46346052	46546052	harbor2	chr11	46405105	46405414	LINE/L2	620	+	154	46405259	59207
chr11	69540352	69740352	harbor2	chr11	69629227	69629547	LINE/L2	581	+	160	69629387	89035
chr11	108021538	108221538	harbor2	chr11	108024852	108024995	LINE/L2	417	+	72	108024924	3386
chr11	108021538	108221538	harbor2	chr11	108026059	108026708	LINE/L2	4577	+	324	108026383	4845
chr11	108021538	108221538	harbor2	chr11	108027008	108027122	LINE/L2	4577	+	57	108027065	5527
chr11	108021538	108221538	harbor2	chr11	108027706	108028556	LINE/L2	4577	+	425	108028131	6593
chr11	108021538	108221538	harbor2	chr11	108028846	108029123	LINE/L2	4577	+	138	108028984	7446
chr11	108021538	108221538	harbor2	chr11	108069578	108069748	LINE/L2	468	+	85	108069663	48125
chr11	108021538	108221538	harbor2	chr11	108110870	108111191	LINE/L2	471	+	160	108111030	89492
chr11	108021538	108221538	harbor2	chr11	108111369	108111508	LINE/L2	471	+	70	108111439	89901
chr11	108021538	108221538	harbor2	chr11	108111807	108111904	LINE/L2	411	+	48	108111855	90317
chr11	108021538	108221538	harbor2	chr11	108112022	108112350	LINE/L2	411	+	164	108112186	90648
chr11	9360730	9560730	harbor2	chr11	9387333	9387531	LINE/L2	462	+	99	9387432	26702
chr11	73042796	73242796	harbor2	chr11	73057602	73057751	LINE/L2	447	+	74	73057676	14880
chr11	73042796	73242796	harbor2	chr11	73091662	73091758	LINE/L2	565	+	48	73091710	48914
chr11	73042796	73242796	harbor2	chr11	73092049	73092135	LINE/L2	565	+	43	73092092	49296
chr11	73042796	73242796	harbor2	chr11	73092440	73092604	LINE/L2	565	+	82	73092522	49726
chr11	5140120	5340120	harbor2	chr11	5202356	5203110	LINE/L2	559	+	377	5202733	62613
chr11	5199336	5399336	harbor2	chr11	5202356	5203110	LINE/L2	559	+	377	5202733	3397
chr11	32377105	32577105	harbor2	chr11	32378326	32378590	LINE/L2	472	+	132	32378458	1353
chr11	32377105	32577105	harbor2	chr11	32378996	32379077	LINE/L2	472	+	40	32379036	1931
chr11	32377105	32577105	harbor2	chr11	32409770	32409917	LINE/L2	695	+	74	32409844	32739
chr11	32377105	32577105	harbor2	chr11	32410231	32410476	LINE/L2	695	+	122	32410353	33248
chr11	5135401	5335401	harbor2	chr11	5202356	5203110	LINE/L2	559	+	377	5202733	67332
chr11	10799794	10999794	harbor2	chr11	10815523	10816733	LINE/L2	1888	+	605	10816128	16334
chr11	10799794	10999794	harbor2	chr11	10846321	10846708	LINE/L2	618	+	194	10846515	46721
chr11	47115696	47315696	harbor2	chr11	47207786	47207972	LINE/L2	502	+	93	47207879	92183
chr11	5130296	5330296	harbor2	chr11	5202356	5203110	LINE/L2	559	+	377	5202733	72437
chr11	69543489	69743489	harbor2	chr11	69629227	69629547	LINE/L2	581	+	160	69629387	85898
chr11	5127143	5327143	harbor2	chr11	5202356	5203110	LINE/L2	559	+	377	5202733	75590
chr11	2288029	2488029	harbor2	chr11	2375302	2375633	LINE/L2	411	+	166	2375468	87439
chr11	5127183	5327183	harbor2	chr11	5202356	5203110	LINE/L2	559	+	377	5202733	75550
chr11	5127212	5327212	harbor2	chr11	5202356	5203110	LINE/L2	559	+	377	5202733	75521
chr11	5134525	5334525	harbor2	chr11	5202356	5203110	LINE/L2	559	+	377	5202733	68208
chr11	65110704	65310704	harbor2	chr11	65118707	65118970	LINE/L2	463	+	132	65118839	8135
chr11	65110704	65310704	harbor2	chr11	65137342	65137550	LINE/L2	493	+	104	65137446	26742
chr11	65110704	65310704	harbor2	chr11	65188969	65189029	LINE/L2	906	+	30	65188999	78295
chr11	65110704	65310704	harbor2	chr11	65189321	65190427	LINE/L2	906	+	553	65189874	79170
chr11	5130571	5330571	harbor2	chr11	5202356	5203110	LINE/L2	559	+	377	5202733	72162
chr11	5130397	5330397	harbor2	chr11	5202356	5203110	LINE/L2	559	+	377	5202733	72336
chr11	69540160	69740160	harbor2	chr11	69629227	69629547	LINE/L2	581	+	160	69629387	89227
chr11	108021971	108221971	harbor2	chr11	108024852	108024995	LINE/L2	417	+	72	108024924	2953
chr11	108021971	108221971	harbor2	chr11	108026059	108026708	LINE/L2	4577	+	324	108026383	4412
chr11	108021971	108221971	harbor2	chr11	108027008	108027122	LINE/L2	4577	+	57	108027065	5094
chr11	108021971	108221971	harbor2	chr11	108027706	108028556	LINE/L2	4577	+	425	108028131	6160
chr11	108021971	108221971	harbor2	chr11	108028846	108029123	LINE/L2	4577	+	138	108028984	7013
chr11	108021971	108221971	harbor2	chr11	108069578	108069748	LINE/L2	468	+	85	108069663	47692
chr11	108021971	108221971	harbor2	chr11	108110870	108111191	LINE/L2	471	+	160	108111030	89059
chr11	108021971	108221971	harbor2	chr11	108111369	108111508	LINE/L2	471	+	70	108111439	89468
chr11	108021971	108221971	harbor2	chr11	108111807	108111904	LINE/L2	411	+	48	108111855	89884
chr11	108021971	108221971	harbor2	chr11	108112022	108112350	LINE/L2	411	+	164	108112186	90215
chr11	126632918	126832918	harbor2	chr11	126640836	126641324	LINE/L2	1688	+	244	126641080	8162
chr11	126632918	126832918	harbor2	chr11	126647574	126647942	LINE/L2	1695	+	184	126647758	14840
chr11	126632918	126832918	harbor2	chr11	126669647	126670223	LINE/L2	1769	+	288	126669935	37017
chr11	126632918	126832918	harbor2	chr11	126718872	126720285	LINE/L2	2100	+	706	126719578	86660
chr11	126632918	126832918	harbor2	chr11	126722133	126722460	LINE/L2	492	+	164	126722297	89379
chr11	126632918	126832918	harbor2	chr11	126722698	126722842	LINE/L2	503	+	72	126722770	89852
chr11	126632918	126832918	harbor2	chr11	126648307	126648709	LINE/L2	1695	+	201	126648508	15590
chr11	63743240	63943240	harbor2	chr11	63824244	63824375	LINE/L2	420	+	66	63824310	81070
chr11	63743240	63943240	harbor2	chr11	63824779	63825647	LINE/L2	931	+	434	63825213	81973
chr11	63743240	63943240	harbor2	chr11	63829835	63829946	LINE/L2	474	+	56	63829891	86651
chr11	63743240	63943240	harbor2	chr11	63835063	63835475	LINE/L2	1198	+	206	63835269	92029
chr11	63743240	63943240	harbor2	chr11	63835598	63835800	LINE/L2	813	+	101	63835699	92459
chr11	63743240	63943240	harbor2	chr11	63836121	63836219	LINE/L2	813	+	49	63836170	92930
chr11	64541790	64741790	harbor2	chr11	64585332	64585566	LINE/L2	1745	+	117	64585449	43659
chr11	64541790	64741790	harbor2	chr11	64585871	64587018	LINE/L2	1745	+	574	64586445	44655
chr11	5140756	5340756	harbor2	chr11	5202356	5203110	LINE/L2	559	+	377	5202733	61977
chr11	5128321	5328321	harbor2	chr11	5202356	5203110	LINE/L2	559	+	377	5202733	74412
chr11	5127556	5327556	harbor2	chr11	5202356	5203110	LINE/L2	559	+	377	5202733	75177
chr11	936654	1136654	harbor2	chr11	957740	957975	LINE/L2	421	+	118	957858	21204
chr11	9520097	9720097	harbor2	chr11	9611149	9611403	LINE/L2	577	+	127	9611276	91179
chr11	9520097	9720097	harbor2	chr11	9618063	9618570	LINE/L2	1995	+	254	9618317	98220
chr11	9520097	9720097	harbor2	chr11	9618879	9619090	LINE/L2	1995	+	106	9618985	98888
chr11	5143135	5343135	harbor2	chr11	5202356	5203110	LINE/L2	559	+	377	5202733	59598
chr11	5134529	5334529	harbor2	chr11	5202356	5203110	LINE/L2	559	+	377	5202733	68204
chr11	5141844	5341844	harbor2	chr11	5202356	5203110	LINE/L2	559	+	377	5202733	60889
chr11	58480005	58680005	harbor2	chr11	58542980	58543286	LINE/L2	572	+	153	58543133	63128
chr11	5134380	5334380	harbor2	chr11	5202356	5203110	LINE/L2	559	+	377	5202733	68353
chr11	5130263	5330263	harbor2	chr11	5202356	5203110	LINE/L2	559	+	377	5202733	72470
chr11	76580984	76780984	harbor2	chr11	76606181	76606813	LINE/L2	520	+	316	76606497	25513
chr11	76580984	76780984	harbor2	chr11	76606901	76606977	LINE/L2	520	+	38	76606939	25955
chr11	76580984	76780984	harbor2	chr11	76607264	76607305	LINE/L2	520	+	20	76607284	26300
chr11	76580984	76780984	harbor2	chr11	76607537	76607925	LINE/L2	1182	+	194	76607731	26747
chr11	76580984	76780984	harbor2	chr11	76609595	76609634	LINE/L2	1182	+	20	76609615	28631
chr11	76580984	76780984	harbor2	chr11	76659240	76659354	LINE/L2	438	+	57	76659297	78313
chr11	76580984	76780984	harbor2	chr11	76668183	76668643	LINE/L2	466	+	230	76668413	87429
chr11	76580984	76780984	harbor2	chr11	76611526	76611662	LINE/L2	690	+	68	76611594	30610
chr11	76580958	76780958	harbor2	chr11	76606181	76606813	LINE/L2	520	+	316	76606497	25539
chr11	76580958	76780958	harbor2	chr11	76606901	76606977	LINE/L2	520	+	38	76606939	25981
chr11	76580958	76780958	harbor2	chr11	76607264	76607305	LINE/L2	520	+	20	76607284	26326
chr11	76580958	76780958	harbor2	chr11	76607537	76607925	LINE/L2	1182	+	194	76607731	26773
chr11	76580958	76780958	harbor2	chr11	76609595	76609634	LINE/L2	1182	+	20	76609615	28657
chr11	76580958	76780958	harbor2	chr11	76659240	76659354	LINE/L2	438	+	57	76659297	78339
chr11	76580958	76780958	harbor2	chr11	76668183	76668643	LINE/L2	466	+	230	76668413	87455
chr11	76580958	76780958	harbor2	chr11	76611526	76611662	LINE/L2	690	+	68	76611594	30636
chr11	11446354	11646354	harbor2	chr11	11446597	11446862	LINE/L2	1017	+	132	11446729	375
chr11	11446354	11646354	harbor2	chr11	11447046	11447508	LINE/L2	1924	+	231	11447277	923
chr11	11446354	11646354	harbor2	chr11	11447873	11447915	LINE/L2	1924	+	21	11447894	1540
chr11	11446354	11646354	harbor2	chr11	11453235	11453542	LINE/L2	659	+	154	11453389	7035
chr11	11446354	11646354	harbor2	chr11	11453906	11454058	LINE/L2	659	+	76	11453982	7628
chr11	11446354	11646354	harbor2	chr11	11496725	11497327	LINE/L2	853	+	301	11497026	50672
chr11	11446354	11646354	harbor2	chr11	11497372	11497536	LINE/L2	853	+	82	11497454	51100
chr11	108021777	108221777	harbor2	chr11	108024852	108024995	LINE/L2	417	+	72	108024924	3147
chr11	108021777	108221777	harbor2	chr11	108026059	108026708	LINE/L2	4577	+	324	108026383	4606
chr11	108021777	108221777	harbor2	chr11	108027008	108027122	LINE/L2	4577	+	57	108027065	5288
chr11	108021777	108221777	harbor2	chr11	108027706	108028556	LINE/L2	4577	+	425	108028131	6354
chr11	108021777	108221777	harbor2	chr11	108028846	108029123	LINE/L2	4577	+	138	108028984	7207
chr11	108021777	108221777	harbor2	chr11	108069578	108069748	LINE/L2	468	+	85	108069663	47886
chr11	108021777	108221777	harbor2	chr11	108110870	108111191	LINE/L2	471	+	160	108111030	89253
chr11	108021777	108221777	harbor2	chr11	108111369	108111508	LINE/L2	471	+	70	108111439	89662
chr11	108021777	108221777	harbor2	chr11	108111807	108111904	LINE/L2	411	+	48	108111855	90078
chr11	108021777	108221777	harbor2	chr11	108112022	108112350	LINE/L2	411	+	164	108112186	90409
chr11	3737914	3937914	harbor2	chr11	3770764	3770855	LINE/L2	635	+	46	3770810	32896
chr11	3737914	3937914	harbor2	chr11	3771163	3771421	LINE/L2	635	+	129	3771292	33378
chr11	3737914	3937914	harbor2	chr11	3771434	3771745	LINE/L2	655	+	156	3771590	33676
chr11	3994569	4194569	harbor2	chr11	4017761	4018034	LINE/L2	1552	+	136	4017897	23328
chr11	3994569	4194569	harbor2	chr11	4018665	4018916	LINE/L2	1552	+	126	4018791	24222
chr11	3994569	4194569	harbor2	chr11	4041151	4041385	LINE/L2	499	+	117	4041268	46699
chr11	3994569	4194569	harbor2	chr11	4042217	4042556	LINE/L2	1134	+	170	4042387	47818
chr11	5127207	5327207	harbor2	chr11	5202356	5203110	LINE/L2	559	+	377	5202733	75526
chr11	133621545	133821545	harbor2	chr11	133622373	133623077	LINE/L2	418	+	352	133622725	1180
chr11	133621545	133821545	harbor2	chr11	133657272	133657440	LINE/L2	501	+	84	133657356	35811
chr11	133621545	133821545	harbor2	chr11	133674755	133675217	LINE/L2	905	+	231	133674986	53441
chr11	133621545	133821545	harbor2	chr11	133699140	133699576	LINE/L2	721	+	218	133699358	77813
chr11	133621545	133821545	harbor2	chr11	133708495	133711394	LINE/L2	4231	+	1450	133709945	88400
chr11	5130262	5330262	harbor2	chr11	5202356	5203110	LINE/L2	559	+	377	5202733	72471
chr11	66161658	66361658	harbor2	chr11	66165116	66165709	LINE/L2	1242	+	296	66165412	3754
chr11	66161658	66361658	harbor2	chr11	66165838	66166094	LINE/L2	494	+	128	66165966	4308
chr11	66161658	66361658	harbor2	chr11	66176765	66177013	LINE/L2	499	+	124	66176889	15231
chr11	66161658	66361658	harbor2	chr11	66186354	66186678	LINE/L2	613	+	162	66186516	24858
chr11	66161658	66361658	harbor2	chr11	66246405	66247803	LINE/L2	1183	+	699	66247104	85446
chr11	66161658	66361658	harbor2	chr11	66250070	66250358	LINE/L2	484	+	144	66250214	88556
chr11	5127995	5327995	harbor2	chr11	5202356	5203110	LINE/L2	559	+	377	5202733	74738
chr11	72123532	72323532	harbor2	chr11	72128618	72129481	LINE/L2	1204	+	432	72129050	5518
chr11	72123532	72323532	harbor2	chr11	72137922	72138055	LINE/L2	534	+	66	72137988	14456
chr11	72123532	72323532	harbor2	chr11	72141676	72142001	LINE/L2	441	+	162	72141838	18306
chr11	72123532	72323532	harbor2	chr11	72175033	72175167	LINE/L2	519	+	67	72175100	51568
chr11	72123532	72323532	harbor2	chr11	72180670	72180805	LINE/L2	404	+	68	72180738	57206
chr11	72123532	72323532	harbor2	chr11	72220272	72220579	LINE/L2	1016	+	154	72220426	96894
chr11	2056661	2256661	harbor2	chr11	2071256	2072255	LINE/L2	1070	+	500	2071756	15095
chr11	5189904	5389904	harbor2	chr11	5202356	5203110	LINE/L2	559	+	377	5202733	12829
chr11	47465563	47665563	harbor2	chr11	47474250	47474570	LINE/L2	984	+	160	47474410	8847
chr11	47465563	47665563	harbor2	chr11	47554477	47554663	LINE/L2	953	+	93	47554570	89007
chr11	47465563	47665563	harbor2	chr11	47554964	47555146	LINE/L2	953	+	91	47555055	89492
chr11	64539119	64739119	harbor2	chr11	64585332	64585566	LINE/L2	1745	+	117	64585449	46330
chr11	64539119	64739119	harbor2	chr11	64585871	64587018	LINE/L2	1745	+	574	64586445	47326
chr11	119644502	119844502	harbor2	chr11	119669427	119669962	LINE/L2	907	+	268	119669695	25193
chr11	119644502	119844502	harbor2	chr11	119670260	119670428	LINE/L2	907	+	84	119670344	25842
chr11	119644502	119844502	harbor2	chr11	119679777	119680072	LINE/L2	675	+	148	119679925	35423
chr11	119644502	119844502	harbor2	chr11	119702813	119703135	LINE/L2	460	+	161	119702974	58472
chr11	119644502	119844502	harbor2	chr11	119733144	119733328	LINE/L2	507	+	92	119733236	88734
chr11	61589431	61789431	harbor2	chr11	61589713	61589961	LINE/L2	467	+	124	61589837	406
chr11	61589431	61789431	harbor2	chr11	61598464	61598811	LINE/L2	798	+	174	61598638	9207
chr11	5142126	5342126	harbor2	chr11	5202356	5203110	LINE/L2	559	+	377	5202733	60607
chr11	5127199	5327199	harbor2	chr11	5202356	5203110	LINE/L2	559	+	377	5202733	75534
chr11	77083641	77283641	harbor2	chr11	77141549	77142018	LINE/L2	612	+	234	77141783	58142
chr11	77083641	77283641	harbor2	chr11	77147105	77147502	LINE/L2	465	+	198	77147303	63662
chr11	77083641	77283641	harbor2	chr11	77176706	77176905	LINE/L2	422	+	100	77176806	93165
chr11	2054914	2254914	harbor2	chr11	2071256	2072255	LINE/L2	1070	+	500	2071756	16842
chr11	67369200	67569200	harbor2	chr11	67385610	67385847	LINE/L2	707	+	118	67385728	16528
chr11	67369200	67569200	harbor2	chr11	67432312	67432468	LINE/L2	544	+	78	67432390	63190
chr11	67369200	67569200	harbor2	chr11	67445495	67445672	LINE/L2	838	+	88	67445583	76383
chr11	67369200	67569200	harbor2	chr11	67445961	67446148	LINE/L2	838	+	94	67446055	76855
chr11	67369200	67569200	harbor2	chr11	67436475	67436928	LINE/L2	401	+	226	67436701	67501
chr11	6206956	6406956	harbor2	chr11	6221494	6221947	LINE/L2	711	+	226	6221720	14764
chr11	6206956	6406956	harbor2	chr11	6224752	6225619	LINE/L2	913	+	434	6225186	18230
chr11	6206956	6406956	harbor2	chr11	6231814	6231997	LINE/L2	446	+	92	6231906	24950
chr11	6206956	6406956	harbor2	chr11	6237803	6238335	LINE/L2	761	+	266	6238069	31113
chr11	6206956	6406956	harbor2	chr11	6255931	6256155	LINE/L2	498	+	112	6256043	49087
chr11	6206956	6406956	harbor2	chr11	6268502	6268724	LINE/L2	556	+	111	6268613	61657
chr11	117887566	118087566	harbor2	chr11	117888598	117888927	LINE/L2	472	+	164	117888762	1196
chr11	117887566	118087566	harbor2	chr11	117912622	117912880	LINE/L2	480	+	129	117912751	25185
chr11	117887566	118087566	harbor2	chr11	117971021	117971375	LINE/L2	475	+	177	117971198	83632
chr11	117887566	118087566	harbor2	chr11	117972223	117972422	LINE/L2	920	+	100	117972323	84757
chr11	117887566	118087566	harbor2	chr11	117972559	117972833	LINE/L2	920	+	137	117972696	85130
chr11	117887566	118087566	harbor2	chr11	117981702	117982075	LINE/L2	853	+	186	117981888	94322
chr11	67892044	68092044	harbor2	chr11	67892070	67892747	LINE/L2	805	+	338	67892408	364
chr11	67892044	68092044	harbor2	chr11	67893845	67893994	LINE/L2	442	+	74	67893919	1875
chr11	67892044	68092044	harbor2	chr11	67902926	67903186	LINE/L2	413	+	130	67903056	11012
chr11	64643001	64843001	harbor2	chr11	64700732	64701454	LINE/L2	455	+	361	64701093	58092
chr11	57400308	57600308	harbor2	chr11	57406131	57406238	LINE/L2	476	+	54	57406185	5877
chr11	57400308	57600308	harbor2	chr11	57410216	57410447	LINE/L2	529	+	116	57410332	10024
chr11	57400308	57600308	harbor2	chr11	57413713	57414193	LINE/L2	758	+	240	57413953	13645
chr11	57400308	57600308	harbor2	chr11	57479847	57480256	LINE/L2	447	+	204	57480051	79743
chr11	76580941	76780941	harbor2	chr11	76606181	76606813	LINE/L2	520	+	316	76606497	25556
chr11	76580941	76780941	harbor2	chr11	76606901	76606977	LINE/L2	520	+	38	76606939	25998
chr11	76580941	76780941	harbor2	chr11	76607264	76607305	LINE/L2	520	+	20	76607284	26343
chr11	76580941	76780941	harbor2	chr11	76607537	76607925	LINE/L2	1182	+	194	76607731	26790
chr11	76580941	76780941	harbor2	chr11	76609595	76609634	LINE/L2	1182	+	20	76609615	28674
chr11	76580941	76780941	harbor2	chr11	76659240	76659354	LINE/L2	438	+	57	76659297	78356
chr11	76580941	76780941	harbor2	chr11	76668183	76668643	LINE/L2	466	+	230	76668413	87472
chr11	76580941	76780941	harbor2	chr11	76611526	76611662	LINE/L2	690	+	68	76611594	30653
chr11	76587997	76787997	harbor2	chr11	76606181	76606813	LINE/L2	520	+	316	76606497	18500
chr11	76587997	76787997	harbor2	chr11	76606901	76606977	LINE/L2	520	+	38	76606939	18942
chr11	76587997	76787997	harbor2	chr11	76607264	76607305	LINE/L2	520	+	20	76607284	19287
chr11	76587997	76787997	harbor2	chr11	76607537	76607925	LINE/L2	1182	+	194	76607731	19734
chr11	76587997	76787997	harbor2	chr11	76609595	76609634	LINE/L2	1182	+	20	76609615	21618
chr11	76587997	76787997	harbor2	chr11	76659240	76659354	LINE/L2	438	+	57	76659297	71300
chr11	76587997	76787997	harbor2	chr11	76668183	76668643	LINE/L2	466	+	230	76668413	80416
chr11	76587997	76787997	harbor2	chr11	76611526	76611662	LINE/L2	690	+	68	76611594	23597
chr11	111441731	111641731	harbor2	chr11	111471836	111472347	LINE/L2	1443	+	256	111472092	30361
chr11	111441731	111641731	harbor2	chr11	111472565	111472855	LINE/L2	736	+	145	111472710	30979
chr11	111441731	111641731	harbor2	chr11	111518734	111519020	LINE/L2	408	+	143	111518877	77146
chr11	111441731	111641731	harbor2	chr11	111523587	111524084	LINE/L2	620	+	248	111523835	82104
chr11	111441731	111641731	harbor2	chr11	111531950	111532280	LINE/L2	408	+	165	111532115	90384
chr11	120127774	120327774	harbor2	chr11	120205046	120205820	LINE/L2	410	+	387	120205433	77659
chr11	6519524	6719524	harbor2	chr11	6549060	6549415	LINE/L2	415	+	178	6549238	29714
chr11	6519524	6719524	harbor2	chr11	6549529	6549829	LINE/L2	496	+	150	6549679	30155
chr11	5130579	5330579	harbor2	chr11	5202356	5203110	LINE/L2	559	+	377	5202733	72154
chr11	33600881	33800881	harbor2	chr11	33617456	33617775	LINE/L2	802	+	160	33617616	16735
chr11	33600881	33800881	harbor2	chr11	33631286	33631420	LINE/L2	606	+	67	33631353	30472
chr11	33600881	33800881	harbor2	chr11	33631635	33631912	LINE/L2	606	+	138	33631773	30892
chr11	33600881	33800881	harbor2	chr11	33637142	33637527	LINE/L2	489	+	192	33637334	36453
chr11	33600881	33800881	harbor2	chr11	33637930	33638068	LINE/L2	489	+	69	33637999	37118
chr11	33600881	33800881	harbor2	chr11	33695605	33695746	LINE/L2	522	+	70	33695675	94794
chr11	33600881	33800881	harbor2	chr11	33696229	33696289	LINE/L2	522	+	30	33696259	95378
chr11	33600881	33800881	harbor2	chr11	33696790	33697100	LINE/L2	989	+	155	33696945	96064
chr11	33600881	33800881	harbor2	chr11	33697255	33697879	LINE/L2	989	+	312	33697567	96686
chr11	64142038	64342038	harbor2	chr11	64163971	64164235	LINE/L2	481	+	132	64164103	22065
chr11	64142038	64342038	harbor2	chr11	64183778	64184167	LINE/L2	737	+	194	64183972	41934
chr11	64142038	64342038	harbor2	chr11	64212193	64212891	LINE/L2	413	+	349	64212542	70504
chr11	5180299	5380299	harbor2	chr11	5202356	5203110	LINE/L2	559	+	377	5202733	22434
chr11	2056668	2256668	harbor2	chr11	2071256	2072255	LINE/L2	1070	+	500	2071756	15088
chr11	67369215	67569215	harbor2	chr11	67385610	67385847	LINE/L2	707	+	118	67385728	16513
chr11	67369215	67569215	harbor2	chr11	67432312	67432468	LINE/L2	544	+	78	67432390	63175
chr11	67369215	67569215	harbor2	chr11	67445495	67445672	LINE/L2	838	+	88	67445583	76368
chr11	67369215	67569215	harbor2	chr11	67445961	67446148	LINE/L2	838	+	94	67446055	76840
chr11	67369215	67569215	harbor2	chr11	67436475	67436928	LINE/L2	401	+	226	67436701	67486
chr11	63953820	64153820	harbor2	chr11	63971834	63972029	LINE/L2	410	+	98	63971932	18112
chr11	63953820	64153820	harbor2	chr11	64013702	64014138	LINE/L2	750	+	218	64013920	60100
chr11	63953820	64153820	harbor2	chr11	64026580	64027122	LINE/L2	699	+	271	64026851	73031
chr11	67408273	67608273	harbor2	chr11	67432312	67432468	LINE/L2	544	+	78	67432390	24117
chr11	67408273	67608273	harbor2	chr11	67445495	67445672	LINE/L2	838	+	88	67445583	37310
chr11	67408273	67608273	harbor2	chr11	67445961	67446148	LINE/L2	838	+	94	67446055	37782
chr11	67408273	67608273	harbor2	chr11	67484496	67485152	LINE/L2	1205	+	328	67484824	76551
chr11	67408273	67608273	harbor2	chr11	67486427	67486756	LINE/L2	741	+	164	67486591	78318
chr11	67408273	67608273	harbor2	chr11	67489615	67489897	LINE/L2	472	+	141	67489756	81483
chr11	67408273	67608273	harbor2	chr11	67436475	67436928	LINE/L2	401	+	226	67436701	28428
chr11	74188388	74388388	harbor2	chr11	74255009	74255417	LINE/L2	422	+	204	74255213	66825
chr11	5128063	5328063	harbor2	chr11	5202356	5203110	LINE/L2	559	+	377	5202733	74670
chr11	5133681	5333681	harbor2	chr11	5202356	5203110	LINE/L2	559	+	377	5202733	69052
chr11	57399755	57599755	harbor2	chr11	57406131	57406238	LINE/L2	476	+	54	57406185	6430
chr11	57399755	57599755	harbor2	chr11	57410216	57410447	LINE/L2	529	+	116	57410332	10577
chr11	57399755	57599755	harbor2	chr11	57413713	57414193	LINE/L2	758	+	240	57413953	14198
chr11	57399755	57599755	harbor2	chr11	57479847	57480256	LINE/L2	447	+	204	57480051	80296
chr11	5127169	5327169	harbor2	chr11	5202356	5203110	LINE/L2	559	+	377	5202733	75564
chr11	6519523	6719523	harbor2	chr11	6549060	6549415	LINE/L2	415	+	178	6549238	29715
chr11	6519523	6719523	harbor2	chr11	6549529	6549829	LINE/L2	496	+	150	6549679	30156
chr11	76580976	76780976	harbor2	chr11	76606181	76606813	LINE/L2	520	+	316	76606497	25521
chr11	76580976	76780976	harbor2	chr11	76606901	76606977	LINE/L2	520	+	38	76606939	25963
chr11	76580976	76780976	harbor2	chr11	76607264	76607305	LINE/L2	520	+	20	76607284	26308
chr11	76580976	76780976	harbor2	chr11	76607537	76607925	LINE/L2	1182	+	194	76607731	26755
chr11	76580976	76780976	harbor2	chr11	76609595	76609634	LINE/L2	1182	+	20	76609615	28639
chr11	76580976	76780976	harbor2	chr11	76659240	76659354	LINE/L2	438	+	57	76659297	78321
chr11	76580976	76780976	harbor2	chr11	76668183	76668643	LINE/L2	466	+	230	76668413	87437
chr11	76580976	76780976	harbor2	chr11	76611526	76611662	LINE/L2	690	+	68	76611594	30618
chr11	61396732	61596732	harbor2	chr11	61456414	61457227	LINE/L2	937	+	406	61456820	60088
chr11	61396732	61596732	harbor2	chr11	61459967	61460093	LINE/L2	416	+	63	61460030	63298
chr11	118813698	119013698	harbor2	chr11	118863416	118863507	LINE/L2	1937	+	46	118863462	49764
chr11	118813698	119013698	harbor2	chr11	118863817	118863984	LINE/L2	1937	+	84	118863901	50203
chr11	118813698	119013698	harbor2	chr11	118864280	118864960	LINE/L2	1937	+	340	118864620	50922
chr11	118813698	119013698	harbor2	chr11	118865258	118865374	LINE/L2	1013	+	58	118865316	51618
chr11	118813698	119013698	harbor2	chr11	118865680	118865875	LINE/L2	1013	+	98	118865778	52080
chr11	64996252	65196252	harbor2	chr11	65017878	65018169	LINE/L2	551	+	146	65018024	21772
chr11	64996252	65196252	harbor2	chr11	65062220	65062649	LINE/L2	1350	+	214	65062434	66182
chr11	64996252	65196252	harbor2	chr11	65062783	65063008	LINE/L2	1350	+	112	65062895	66643
chr11	64996252	65196252	harbor2	chr11	65084879	65085007	LINE/L2	620	+	64	65084943	88691
chr11	66182603	66382603	harbor2	chr11	66186354	66186678	LINE/L2	613	+	162	66186516	3913
chr11	66182603	66382603	harbor2	chr11	66246405	66247803	LINE/L2	1183	+	699	66247104	64501
chr11	66182603	66382603	harbor2	chr11	66250070	66250358	LINE/L2	484	+	144	66250214	67611
chr11	133740735	133940735	harbor2	chr11	133827013	133827414	LINE/L2	866	+	200	133827213	86478
chr11	5191433	5391433	harbor2	chr11	5202356	5203110	LINE/L2	559	+	377	5202733	11300
chr11	5134480	5334480	harbor2	chr11	5202356	5203110	LINE/L2	559	+	377	5202733	68253
chr11	117457689	117657689	harbor2	chr11	117465220	117465742	LINE/L2	894	+	261	117465481	7792
chr11	117457689	117657689	harbor2	chr11	117474199	117474745	LINE/L2	708	+	273	117474472	16783
chr11	117457689	117657689	harbor2	chr11	117475055	117475471	LINE/L2	708	+	208	117475263	17574
chr11	117457689	117657689	harbor2	chr11	117500006	117500418	LINE/L2	485	+	206	117500212	42523
chr11	117457689	117657689	harbor2	chr11	117500667	117500686	LINE/L2	485	+	10	117500677	42988
chr11	117457689	117657689	harbor2	chr11	117510494	117510764	LINE/L2	677	+	135	117510629	52940
chr11	117457689	117657689	harbor2	chr11	117522167	117522372	LINE/L2	403	+	102	117522269	64580
chr11	117457689	117657689	harbor2	chr11	117538912	117539067	LINE/L2	543	+	78	117538990	81301
chr11	117457689	117657689	harbor2	chr11	117541116	117541436	LINE/L2	470	+	160	117541276	83587
chr11	69540884	69740884	harbor2	chr11	69629227	69629547	LINE/L2	581	+	160	69629387	88503
chr11	119646005	119846005	harbor2	chr11	119669427	119669962	LINE/L2	907	+	268	119669695	23690
chr11	119646005	119846005	harbor2	chr11	119670260	119670428	LINE/L2	907	+	84	119670344	24339
chr11	119646005	119846005	harbor2	chr11	119679777	119680072	LINE/L2	675	+	148	119679925	33920
chr11	119646005	119846005	harbor2	chr11	119702813	119703135	LINE/L2	460	+	161	119702974	56969
chr11	119646005	119846005	harbor2	chr11	119733144	119733328	LINE/L2	507	+	92	119733236	87231
chr11	66182673	66382673	harbor2	chr11	66186354	66186678	LINE/L2	613	+	162	66186516	3843
chr11	66182673	66382673	harbor2	chr11	66246405	66247803	LINE/L2	1183	+	699	66247104	64431
chr11	66182673	66382673	harbor2	chr11	66250070	66250358	LINE/L2	484	+	144	66250214	67541
chr11	62571717	62771717	harbor2	chr11	62588046	62588192	LINE/L2	400	+	73	62588119	16402
chr11	62571717	62771717	harbor2	chr11	62627969	62628205	LINE/L2	443	+	118	62628087	56370
chr11	6201662	6401662	harbor2	chr11	6221494	6221947	LINE/L2	711	+	226	6221720	20058
chr11	6201662	6401662	harbor2	chr11	6224752	6225619	LINE/L2	913	+	434	6225186	23524
chr11	6201662	6401662	harbor2	chr11	6231814	6231997	LINE/L2	446	+	92	6231906	30244
chr11	6201662	6401662	harbor2	chr11	6237803	6238335	LINE/L2	761	+	266	6238069	36407
chr11	6201662	6401662	harbor2	chr11	6255931	6256155	LINE/L2	498	+	112	6256043	54381
chr11	6201662	6401662	harbor2	chr11	6268502	6268724	LINE/L2	556	+	111	6268613	66951
chr11	76599762	76799762	harbor2	chr11	76606181	76606813	LINE/L2	520	+	316	76606497	6735
chr11	76599762	76799762	harbor2	chr11	76606901	76606977	LINE/L2	520	+	38	76606939	7177
chr11	76599762	76799762	harbor2	chr11	76607264	76607305	LINE/L2	520	+	20	76607284	7522
chr11	76599762	76799762	harbor2	chr11	76607537	76607925	LINE/L2	1182	+	194	76607731	7969
chr11	76599762	76799762	harbor2	chr11	76609595	76609634	LINE/L2	1182	+	20	76609615	9853
chr11	76599762	76799762	harbor2	chr11	76659240	76659354	LINE/L2	438	+	57	76659297	59535
chr11	76599762	76799762	harbor2	chr11	76668183	76668643	LINE/L2	466	+	230	76668413	68651
chr11	76599762	76799762	harbor2	chr11	76611526	76611662	LINE/L2	690	+	68	76611594	11832
chr11	62588670	62788670	harbor2	chr11	62627969	62628205	LINE/L2	443	+	118	62628087	39417
chr11	124700459	124900459	harbor2	chr11	124769599	124769689	LINE/L2	407	+	45	124769644	69185
chr11	124700459	124900459	harbor2	chr11	124788930	124789090	LINE/L2	534	+	80	124789010	88551
chr11	76580924	76780924	harbor2	chr11	76606181	76606813	LINE/L2	520	+	316	76606497	25573
chr11	76580924	76780924	harbor2	chr11	76606901	76606977	LINE/L2	520	+	38	76606939	26015
chr11	76580924	76780924	harbor2	chr11	76607264	76607305	LINE/L2	520	+	20	76607284	26360
chr11	76580924	76780924	harbor2	chr11	76607537	76607925	LINE/L2	1182	+	194	76607731	26807
chr11	76580924	76780924	harbor2	chr11	76609595	76609634	LINE/L2	1182	+	20	76609615	28691
chr11	76580924	76780924	harbor2	chr11	76659240	76659354	LINE/L2	438	+	57	76659297	78373
chr11	76580924	76780924	harbor2	chr11	76668183	76668643	LINE/L2	466	+	230	76668413	87489
chr11	76580924	76780924	harbor2	chr11	76611526	76611662	LINE/L2	690	+	68	76611594	30670
chr11	57579843	57779843	harbor2	chr11	57607203	57607602	LINE/L2	1029	+	200	57607403	27560
chr11	57579843	57779843	harbor2	chr11	57643808	57644151	LINE/L2	589	+	172	57643980	64137
chr12	62967049	63167049	harbor2	chr12	62973076	62973384	LINE/L2	628	+	154	62973230	6181
chr12	62967049	63167049	harbor2	chr12	63037241	63037661	LINE/L2	943	+	210	63037451	70402
chr12	62967049	63167049	harbor2	chr12	63043369	63044706	LINE/L2	1550	+	668	63044037	76988
chr12	57104810	57304810	harbor2	chr12	57144462	57144763	LINE/L2	714	+	150	57144612	39802
chr12	57104810	57304810	harbor2	chr12	57160172	57160751	LINE/L2	926	+	290	57160462	55652
chr12	57104810	57304810	harbor2	chr12	57172473	57172862	LINE/L2	1209	+	194	57172667	67857
chr12	109780548	109980548	harbor2	chr12	109804898	109805257	LINE/L2	708	+	180	109805078	24530
chr12	109780548	109980548	harbor2	chr12	109821329	109821538	LINE/L2	655	+	104	109821433	40885
chr12	109780548	109980548	harbor2	chr12	109821832	109821968	LINE/L2	655	+	68	109821900	41352
chr12	118276406	118476406	harbor2	chr12	118303189	118303452	LINE/L2	845	+	132	118303321	26915
chr12	133030495	133230495	harbor2	chr12	133116693	133117206	LINE/L2	622	+	256	133116949	86454
chr12	49484425	49684425	harbor2	chr12	49519258	49519814	LINE/L2	596	+	278	49519536	35111
chr12	49484425	49684425	harbor2	chr12	49571345	49571847	LINE/L2	666	+	251	49571596	87171
chr12	49484425	49684425	harbor2	chr12	49579325	49579876	LINE/L2	1237	+	276	49579601	95176
chr12	49484425	49684425	harbor2	chr12	49580182	49580286	LINE/L2	1237	+	52	49580234	95809
chr12	49490552	49690552	harbor2	chr12	49519258	49519814	LINE/L2	596	+	278	49519536	28984
chr12	49490552	49690552	harbor2	chr12	49571345	49571847	LINE/L2	666	+	251	49571596	81044
chr12	49490552	49690552	harbor2	chr12	49579325	49579876	LINE/L2	1237	+	276	49579601	89049
chr12	49490552	49690552	harbor2	chr12	49580182	49580286	LINE/L2	1237	+	52	49580234	89682
chr12	67170399	67370399	harbor2	chr12	67198939	67199852	LINE/L2	1044	+	456	67199395	28996
chr12	51140362	51340362	harbor2	chr12	51142456	51143461	LINE/L2	1535	+	502	51142958	2596
chr12	51140362	51340362	harbor2	chr12	51235005	51235216	LINE/L2	654	+	106	51235111	94749
chr12	51140362	51340362	harbor2	chr12	51235527	51235556	LINE/L2	654	+	14	51235541	95179
chr12	51140362	51340362	harbor2	chr12	51235837	51236000	LINE/L2	654	+	82	51235919	95557
chr12	51140362	51340362	harbor2	chr12	51236300	51236737	LINE/L2	1160	+	218	51236518	96156
chr12	131246816	131446816	harbor2	chr12	131258694	131258872	LINE/L2	575	+	89	131258783	11967
chr12	49460462	49660462	harbor2	chr12	49519258	49519814	LINE/L2	596	+	278	49519536	59074
chr12	52767744	52967744	harbor2	chr12	52845306	52845674	LINE/L2	1150	+	184	52845490	77746
chr12	52767744	52967744	harbor2	chr12	52845967	52846075	LINE/L2	1150	+	54	52846021	78277
chr12	52767744	52967744	harbor2	chr12	52853197	52853597	LINE/L2	1224	+	200	52853397	85653
chr12	49466948	49666948	harbor2	chr12	49519258	49519814	LINE/L2	596	+	278	49519536	52588
chr12	69139511	69339511	harbor2	chr12	69160480	69161725	LINE/L2	2366	+	622	69161102	21591
chr12	116779945	116979945	harbor2	chr12	116788379	116788713	LINE/L2	662	+	167	116788546	8601
chr12	116779945	116979945	harbor2	chr12	116793527	116793926	LINE/L2	1080	+	200	116793727	13782
chr12	116779945	116979945	harbor2	chr12	116813274	116813723	LINE/L2	711	+	224	116813498	33553
chr12	116779945	116979945	harbor2	chr12	116848353	116848807	LINE/L2	1057	+	227	116848580	68635
chr12	116779945	116979945	harbor2	chr12	116849119	116849279	LINE/L2	768	+	80	116849199	69254
chr12	116779945	116979945	harbor2	chr12	116875354	116875490	LINE/L2	577	+	68	116875422	95477
chr12	21402003	21602003	harbor2	chr12	21425237	21425568	LINE/L2	865	+	166	21425403	23400
chr12	21402003	21602003	harbor2	chr12	21426012	21426696	LINE/L2	747	+	342	21426354	24351
chr12	21402003	21602003	harbor2	chr12	21488011	21488759	LINE/L2	1225	+	374	21488385	86382
chr12	110181171	110381171	harbor2	chr12	110188541	110188642	LINE/L2	2892	+	50	110188591	7420
chr12	110181171	110381171	harbor2	chr12	110188943	110189336	LINE/L2	2892	+	196	110189139	7968
chr12	110181171	110381171	harbor2	chr12	110189649	110190597	LINE/L2	2892	+	474	110190123	8952
chr12	110181171	110381171	harbor2	chr12	110202928	110202983	LINE/L2	714	+	28	110202956	21785
chr12	110181171	110381171	harbor2	chr12	110203294	110203672	LINE/L2	714	+	189	110203483	22312
chr12	110181171	110381171	harbor2	chr12	110204253	110204947	LINE/L2	879	+	347	110204600	23429
chr12	57144828	57344828	harbor2	chr12	57160172	57160751	LINE/L2	926	+	290	57160462	15634
chr12	57144828	57344828	harbor2	chr12	57172473	57172862	LINE/L2	1209	+	194	57172667	27839
chr12	30881310	31081310	harbor2	chr12	30897513	30898059	LINE/L2	1179	+	273	30897786	16476
chr12	30881310	31081310	harbor2	chr12	30977921	30978351	LINE/L2	631	+	215	30978136	96826
chr12	92828979	93028979	harbor2	chr12	92875448	92876069	LINE/L2	1351	+	310	92875758	46779
chr12	92828979	93028979	harbor2	chr12	92876363	92876439	LINE/L2	1231	+	38	92876401	47422
chr12	49382161	49582161	harbor2	chr12	49396997	49397410	LINE/L2	795	+	206	49397203	15042
chr12	49382161	49582161	harbor2	chr12	49406915	49407726	LINE/L2	2223	+	406	49407321	25160
chr12	102856603	103056603	harbor2	chr12	102870909	102871416	LINE/L2	638	+	254	102871163	14560
chr12	56884786	57084786	harbor2	chr12	56898256	56898565	LINE/L2	668	+	154	56898410	13624
chr12	56884786	57084786	harbor2	chr12	56920569	56920796	LINE/L2	581	+	114	56920683	35897
chr12	56884786	57084786	harbor2	chr12	56920818	56921023	LINE/L2	579	+	102	56920920	36134
chr12	52270576	52470576	harbor2	chr12	52338524	52339362	LINE/L2	1229	+	419	52338943	68367
chr12	57102487	57302487	harbor2	chr12	57144462	57144763	LINE/L2	714	+	150	57144612	42125
chr12	57102487	57302487	harbor2	chr12	57160172	57160751	LINE/L2	926	+	290	57160462	57975
chr12	57102487	57302487	harbor2	chr12	57172473	57172862	LINE/L2	1209	+	194	57172667	70180
chr12	130739286	130939286	harbor2	chr12	130778816	130778942	LINE/L2	920	+	63	130778879	39593
chr12	130739286	130939286	harbor2	chr12	130779230	130779887	LINE/L2	1138	+	328	130779558	40272
chr12	130739286	130939286	harbor2	chr12	130782609	130783220	LINE/L2	1079	+	306	130782915	43629
chr12	121197141	121397141	harbor2	chr12	121250435	121250816	LINE/L2	1128	+	190	121250625	53484
chr12	50497735	50697735	harbor2	chr12	50531755	50531915	LINE/L2	577	+	80	50531835	34100
chr12	50497735	50697735	harbor2	chr12	50583980	50584557	LINE/L2	1161	+	288	50584268	86533
chr12	50497735	50697735	harbor2	chr12	50584864	50585164	LINE/L2	1161	+	150	50585014	87279
chr12	92366739	92566739	harbor2	chr12	92385150	92385854	LINE/L2	649	+	352	92385502	18763
chr12	92366739	92566739	harbor2	chr12	92455248	92455405	LINE/L2	728	+	78	92455326	88587
chr12	92366739	92566739	harbor2	chr12	92456145	92456247	LINE/L2	728	+	51	92456196	89457
chr12	107508160	107708160	harbor2	chr12	107521551	107521918	LINE/L2	775	+	184	107521735	13575
chr12	107508160	107708160	harbor2	chr12	107522287	107522355	LINE/L2	775	+	34	107522321	14161
chr12	107508160	107708160	harbor2	chr12	107526946	107527278	LINE/L2	1200	+	166	107527112	18952
chr12	107508160	107708160	harbor2	chr12	107527572	107527672	LINE/L2	1200	+	50	107527622	19462
chr12	32006641	32206641	harbor2	chr12	32101071	32101568	LINE/L2	1002	+	248	32101319	94678
chr12	32006641	32206641	harbor2	chr12	32101869	32102191	LINE/L2	1002	+	161	32102030	95389
chr12	109618832	109818832	harbor2	chr12	109642578	109643252	LINE/L2	1252	+	337	109642915	24083
chr12	109618832	109818832	harbor2	chr12	109646738	109647165	LINE/L2	593	+	214	109646952	28120
chr12	109618832	109818832	harbor2	chr12	109663269	109663765	LINE/L2	646	+	248	109663517	44685
chr12	109618832	109818832	harbor2	chr12	109709799	109710105	LINE/L2	691	+	153	109709952	91120
chr12	122735461	122935461	harbor2	chr12	122766972	122767356	LINE/L2	922	+	192	122767164	31703
chr12	94973026	95173026	harbor2	chr12	94982958	94983218	LINE/L2	642	+	130	94983088	10062
chr12	94973026	95173026	harbor2	chr12	94988445	94988534	LINE/L2	823	+	44	94988489	15463
chr12	94973026	95173026	harbor2	chr12	94988911	94989349	LINE/L2	931	+	219	94989130	16104
chr12	120614111	120814111	harbor2	chr12	120622539	120622667	LINE/L2	1745	+	64	120622603	8492
chr12	120614111	120814111	harbor2	chr12	120622962	120623439	LINE/L2	1745	+	238	120623200	9089
chr12	120614111	120814111	harbor2	chr12	120637110	120637241	LINE/L2	572	+	66	120637176	23065
chr12	120614111	120814111	harbor2	chr12	120637564	120637804	LINE/L2	1095	+	120	120637684	23573
chr12	120614111	120814111	harbor2	chr12	120637930	120638162	LINE/L2	1095	+	116	120638046	23935
chr13	113726181	113926181	harbor2	chr13	113797865	113798012	LINE/L2	425	+	74	113797939	71758
chr13	113726041	113926041	harbor2	chr13	113797865	113798012	LINE/L2	425	+	74	113797939	71898
chr13	113726150	113926150	harbor2	chr13	113797865	113798012	LINE/L2	425	+	74	113797939	71789
chr13	39962056	40162056	harbor2	chr13	39968198	39968445	LINE/L2	507	+	124	39968322	6266
chr13	39962056	40162056	harbor2	chr13	39968779	39969050	LINE/L2	427	+	136	39968915	6859
chr13	39962056	40162056	harbor2	chr13	39971794	39972556	LINE/L2	808	+	381	39972175	10119
chr13	39962056	40162056	harbor2	chr13	39972848	39972957	LINE/L2	424	+	54	39972902	10846
chr13	39962056	40162056	harbor2	chr13	40051067	40051188	LINE/L2	474	+	60	40051127	89071
chr13	48136920	48336920	harbor2	chr13	48174175	48174576	LINE/L2	690	+	200	48174375	37455
chr13	48136920	48336920	harbor2	chr13	48175166	48175359	LINE/L2	690	+	96	48175262	38342
chr13	48136920	48336920	harbor2	chr13	48178482	48178945	LINE/L2	676	+	232	48178714	41794
chr13	20315477	20515477	harbor2	chr13	20352390	20352774	LINE/L2	540	+	192	20352582	37105
chr13	20315477	20515477	harbor2	chr13	20354001	20354415	LINE/L2	813	+	207	20354208	38731
chr13	20315477	20515477	harbor2	chr13	20354643	20355012	LINE/L2	613	+	184	20354827	39350
chr13	20315477	20515477	harbor2	chr13	20399257	20399557	LINE/L2	441	+	150	20399407	83930
chr13	20315477	20515477	harbor2	chr13	20399791	20400680	LINE/L2	1216	+	444	20400235	84758
chr13	72960669	73160669	harbor2	chr13	73020578	73021006	LINE/L2	648	+	214	73020792	60123
chr13	75382379	75582379	harbor2	chr13	75390920	75391032	LINE/L2	2309	+	56	75390976	8597
chr13	75382379	75582379	harbor2	chr13	75391075	75391195	LINE/L2	2309	+	60	75391135	8756
chr13	75382379	75582379	harbor2	chr13	75391226	75391762	LINE/L2	2309	+	268	75391494	9115
chr13	75382379	75582379	harbor2	chr13	75391738	75392155	LINE/L2	551	+	208	75391946	9567
chr13	30104569	30304569	harbor2	chr13	30128204	30128506	LINE/L2	589	+	151	30128355	23786
chr13	30104569	30304569	harbor2	chr13	30139991	30140031	LINE/L2	462	+	20	30140011	35442
chr13	30104569	30304569	harbor2	chr13	30140157	30140704	LINE/L2	462	+	274	30140431	35862
chr13	30104569	30304569	harbor2	chr13	30141016	30141073	LINE/L2	462	+	28	30141044	36475
chr13	30104569	30304569	harbor2	chr13	30166745	30167509	LINE/L2	1848	+	382	30167127	62558
chr13	30104569	30304569	harbor2	chr13	30167865	30168014	LINE/L2	1432	+	74	30167939	63370
chr13	30104569	30304569	harbor2	chr13	30168329	30168422	LINE/L2	1432	+	46	30168375	63806
chr13	30104569	30304569	harbor2	chr13	30178465	30178852	LINE/L2	478	+	194	30178659	74090
chr13	113726142	113926142	harbor2	chr13	113797865	113798012	LINE/L2	425	+	74	113797939	71797
chr13	72960985	73160985	harbor2	chr13	73020578	73021006	LINE/L2	648	+	214	73020792	59807
chr13	113727916	113927916	harbor2	chr13	113797865	113798012	LINE/L2	425	+	74	113797939	70023
chr13	51353413	51553413	harbor2	chr13	51372362	51372649	LINE/L2	452	+	144	51372506	19093
chr13	51353413	51553413	harbor2	chr13	51391857	51392391	LINE/L2	672	+	267	51392124	38711
chr13	51353413	51553413	harbor2	chr13	51392395	51392896	LINE/L2	631	+	250	51392645	39232
chr13	51353413	51553413	harbor2	chr13	51405936	51406788	LINE/L2	560	+	426	51406362	52949
chr13	51353413	51553413	harbor2	chr13	51407020	51407194	LINE/L2	560	+	87	51407107	53694
chr13	113726060	113926060	harbor2	chr13	113797865	113798012	LINE/L2	425	+	74	113797939	71879
chr13	20317804	20517804	harbor2	chr13	20352390	20352774	LINE/L2	540	+	192	20352582	34778
chr13	20317804	20517804	harbor2	chr13	20354001	20354415	LINE/L2	813	+	207	20354208	36404
chr13	20317804	20517804	harbor2	chr13	20354643	20355012	LINE/L2	613	+	184	20354827	37023
chr13	20317804	20517804	harbor2	chr13	20399257	20399557	LINE/L2	441	+	150	20399407	81603
chr13	20317804	20517804	harbor2	chr13	20399791	20400680	LINE/L2	1216	+	444	20400235	82431
chr13	113726141	113926141	harbor2	chr13	113797865	113798012	LINE/L2	425	+	74	113797939	71798
chr13	71672155	71872155	harbor2	chr13	71683650	71684519	LINE/L2	570	+	434	71684084	11929
chr13	71672155	71872155	harbor2	chr13	71696978	71697248	LINE/L2	614	+	135	71697113	24958
chr13	20327632	20527632	harbor2	chr13	20352390	20352774	LINE/L2	540	+	192	20352582	24950
chr13	20327632	20527632	harbor2	chr13	20354001	20354415	LINE/L2	813	+	207	20354208	26576
chr13	20327632	20527632	harbor2	chr13	20354643	20355012	LINE/L2	613	+	184	20354827	27195
chr13	20327632	20527632	harbor2	chr13	20399257	20399557	LINE/L2	441	+	150	20399407	71775
chr13	20327632	20527632	harbor2	chr13	20399791	20400680	LINE/L2	1216	+	444	20400235	72603
chr13	19858665	20058665	harbor2	chr13	19946070	19946366	LINE/L2	527	+	148	19946218	87553
chr13	19858665	20058665	harbor2	chr13	19946435	19946736	LINE/L2	498	+	150	19946585	87920
chr13	20344110	20544110	harbor2	chr13	20352390	20352774	LINE/L2	540	+	192	20352582	8472
chr13	20344110	20544110	harbor2	chr13	20354001	20354415	LINE/L2	813	+	207	20354208	10098
chr13	20344110	20544110	harbor2	chr13	20354643	20355012	LINE/L2	613	+	184	20354827	10717
chr13	20344110	20544110	harbor2	chr13	20399257	20399557	LINE/L2	441	+	150	20399407	55297
chr13	20344110	20544110	harbor2	chr13	20399791	20400680	LINE/L2	1216	+	444	20400235	56125
chr13	113736151	113936151	harbor2	chr13	113797865	113798012	LINE/L2	425	+	74	113797939	61788
chr13	24918114	25118114	harbor2	chr13	24992827	24993798	LINE/L2	2955	+	486	24993313	75199
chr13	36899380	37099380	harbor2	chr13	36899814	36900275	LINE/L2	946	+	230	36900044	664
chr13	36899380	37099380	harbor2	chr13	36900578	36900667	LINE/L2	914	+	44	36900622	1242
chr13	36899380	37099380	harbor2	chr13	36902801	36902941	LINE/L2	568	+	70	36902871	3491
chr13	36899380	37099380	harbor2	chr13	36904614	36904848	LINE/L2	422	+	117	36904731	5351
chr13	36899380	37099380	harbor2	chr13	36925150	36925279	LINE/L2	565	+	64	36925214	25834
chr13	36899380	37099380	harbor2	chr13	36928458	36928792	LINE/L2	425	+	167	36928625	29245
chr13	36899380	37099380	harbor2	chr13	36987930	36988292	LINE/L2	491	+	181	36988111	88731
chr13	113727396	113927396	harbor2	chr13	113797865	113798012	LINE/L2	425	+	74	113797939	70543
chr13	20317117	20517117	harbor2	chr13	20352390	20352774	LINE/L2	540	+	192	20352582	35465
chr13	20317117	20517117	harbor2	chr13	20354001	20354415	LINE/L2	813	+	207	20354208	37091
chr13	20317117	20517117	harbor2	chr13	20354643	20355012	LINE/L2	613	+	184	20354827	37710
chr13	20317117	20517117	harbor2	chr13	20399257	20399557	LINE/L2	441	+	150	20399407	82290
chr13	20317117	20517117	harbor2	chr13	20399791	20400680	LINE/L2	1216	+	444	20400235	83118
chr13	113727945	113927945	harbor2	chr13	113797865	113798012	LINE/L2	425	+	74	113797939	69994
chr13	20342080	20542080	harbor2	chr13	20352390	20352774	LINE/L2	540	+	192	20352582	10502
chr13	20342080	20542080	harbor2	chr13	20354001	20354415	LINE/L2	813	+	207	20354208	12128
chr13	20342080	20542080	harbor2	chr13	20354643	20355012	LINE/L2	613	+	184	20354827	12747
chr13	20342080	20542080	harbor2	chr13	20399257	20399557	LINE/L2	441	+	150	20399407	57327
chr13	20342080	20542080	harbor2	chr13	20399791	20400680	LINE/L2	1216	+	444	20400235	58155
chr13	95201696	95401696	harbor2	chr13	95254412	95254708	LINE/L2	542	+	148	95254560	52864
chr13	95201696	95401696	harbor2	chr13	95291970	95292076	LINE/L2	499	+	53	95292023	90327
chr13	21574582	21774582	harbor2	chr13	21612116	21612239	LINE/L2	495	+	62	21612178	37596
chr13	21574582	21774582	harbor2	chr13	21657370	21657584	LINE/L2	445	+	107	21657477	82895
chr13	36899390	37099390	harbor2	chr13	36899814	36900275	LINE/L2	946	+	230	36900044	654
chr13	36899390	37099390	harbor2	chr13	36900578	36900667	LINE/L2	914	+	44	36900622	1232
chr13	36899390	37099390	harbor2	chr13	36902801	36902941	LINE/L2	568	+	70	36902871	3481
chr13	36899390	37099390	harbor2	chr13	36904614	36904848	LINE/L2	422	+	117	36904731	5341
chr13	36899390	37099390	harbor2	chr13	36925150	36925279	LINE/L2	565	+	64	36925214	25824
chr13	36899390	37099390	harbor2	chr13	36928458	36928792	LINE/L2	425	+	167	36928625	29235
chr13	36899390	37099390	harbor2	chr13	36987930	36988292	LINE/L2	491	+	181	36988111	88721
chr14	52595606	52795606	harbor2	chr14	52609838	52610351	LINE/L2	751	+	256	52610094	14488
chr14	52595606	52795606	harbor2	chr14	52610683	52610720	LINE/L2	751	+	18	52610701	15095
chr14	67142039	67342039	harbor2	chr14	67154058	67154564	LINE/L2	661	+	253	67154311	12272
chr14	67142039	67342039	harbor2	chr14	67159065	67159247	LINE/L2	635	+	91	67159156	17117
chr14	67142039	67342039	harbor2	chr14	67183221	67183339	LINE/L2	429	+	59	67183280	41241
chr14	67142039	67342039	harbor2	chr14	67187294	67188025	LINE/L2	729	+	366	67187660	45621
chr14	67142039	67342039	harbor2	chr14	67197785	67198067	LINE/L2	474	+	141	67197926	55887
chr14	90283137	90483137	harbor2	chr14	90322349	90322458	LINE/L2	456	+	54	90322403	39266
chr14	95435240	95635240	harbor2	chr14	95442798	95443014	LINE/L2	525	+	108	95442906	7666
chr14	95435240	95635240	harbor2	chr14	95526159	95526454	LINE/L2	459	+	148	95526307	91067
chr14	67142840	67342840	harbor2	chr14	67154058	67154564	LINE/L2	661	+	253	67154311	11471
chr14	67142840	67342840	harbor2	chr14	67159065	67159247	LINE/L2	635	+	91	67159156	16316
chr14	67142840	67342840	harbor2	chr14	67183221	67183339	LINE/L2	429	+	59	67183280	40440
chr14	67142840	67342840	harbor2	chr14	67187294	67188025	LINE/L2	729	+	366	67187660	44820
chr14	67142840	67342840	harbor2	chr14	67197785	67198067	LINE/L2	474	+	141	67197926	55086
chr14	75886299	76086299	harbor2	chr14	75969672	75970079	LINE/L2	702	+	204	75969876	83577
chr14	75886299	76086299	harbor2	chr14	75970619	75970922	LINE/L2	498	+	152	75970771	84472
chr14	67141953	67341953	harbor2	chr14	67154058	67154564	LINE/L2	661	+	253	67154311	12358
chr14	67141953	67341953	harbor2	chr14	67159065	67159247	LINE/L2	635	+	91	67159156	17203
chr14	67141953	67341953	harbor2	chr14	67183221	67183339	LINE/L2	429	+	59	67183280	41327
chr14	67141953	67341953	harbor2	chr14	67187294	67188025	LINE/L2	729	+	366	67187660	45707
chr14	67141953	67341953	harbor2	chr14	67197785	67198067	LINE/L2	474	+	141	67197926	55973
chr14	100281320	100481320	harbor2	chr14	100320711	100320890	LINE/L2	478	+	90	100320801	39481
chr14	100281320	100481320	harbor2	chr14	100321184	100321237	LINE/L2	478	+	26	100321210	39890
chr14	100281320	100481320	harbor2	chr14	100349185	100349438	LINE/L2	431	+	126	100349311	67991
chr14	67141295	67341295	harbor2	chr14	67154058	67154564	LINE/L2	661	+	253	67154311	13016
chr14	67141295	67341295	harbor2	chr14	67159065	67159247	LINE/L2	635	+	91	67159156	17861
chr14	67141295	67341295	harbor2	chr14	67183221	67183339	LINE/L2	429	+	59	67183280	41985
chr14	67141295	67341295	harbor2	chr14	67187294	67188025	LINE/L2	729	+	366	67187660	46365
chr14	67141295	67341295	harbor2	chr14	67197785	67198067	LINE/L2	474	+	141	67197926	56631
chr14	75328348	75528348	harbor2	chr14	75352644	75352881	LINE/L2	618	+	118	75352762	24414
chr14	100229945	100429945	harbor2	chr14	100255818	100255990	LINE/L2	566	+	86	100255904	25959
chr14	100229945	100429945	harbor2	chr14	100256155	100256451	LINE/L2	566	+	148	100256303	26358
chr14	100229945	100429945	harbor2	chr14	100257222	100257354	LINE/L2	529	+	66	100257288	27343
chr14	100229945	100429945	harbor2	chr14	100320711	100320890	LINE/L2	478	+	90	100320801	90856
chr14	100229945	100429945	harbor2	chr14	100321184	100321237	LINE/L2	478	+	26	100321210	91265
chr14	67141983	67341983	harbor2	chr14	67154058	67154564	LINE/L2	661	+	253	67154311	12328
chr14	67141983	67341983	harbor2	chr14	67159065	67159247	LINE/L2	635	+	91	67159156	17173
chr14	67141983	67341983	harbor2	chr14	67183221	67183339	LINE/L2	429	+	59	67183280	41297
chr14	67141983	67341983	harbor2	chr14	67187294	67188025	LINE/L2	729	+	366	67187660	45677
chr14	67141983	67341983	harbor2	chr14	67197785	67198067	LINE/L2	474	+	141	67197926	55943
chr14	20990974	21190974	harbor2	chr14	21040470	21040966	LINE/L2	1183	+	248	21040718	49744
chr14	20990974	21190974	harbor2	chr14	21041295	21041382	LINE/L2	1183	+	44	21041339	50365
chr14	20990974	21190974	harbor2	chr14	21060411	21060788	LINE/L2	576	+	188	21060599	69625
chr14	90283171	90483171	harbor2	chr14	90322349	90322458	LINE/L2	456	+	54	90322403	39232
chr14	75331153	75531153	harbor2	chr14	75352644	75352881	LINE/L2	618	+	118	75352762	21609
chr14	75330515	75530515	harbor2	chr14	75352644	75352881	LINE/L2	618	+	118	75352762	22247
chr14	95435743	95635743	harbor2	chr14	95442798	95443014	LINE/L2	525	+	108	95442906	7163
chr14	95435743	95635743	harbor2	chr14	95526159	95526454	LINE/L2	459	+	148	95526307	90564
chr14	90283174	90483174	harbor2	chr14	90322349	90322458	LINE/L2	456	+	54	90322403	39229
chr14	75336525	75536525	harbor2	chr14	75352644	75352881	LINE/L2	618	+	118	75352762	16237
chr14	67141303	67341303	harbor2	chr14	67154058	67154564	LINE/L2	661	+	253	67154311	13008
chr14	67141303	67341303	harbor2	chr14	67159065	67159247	LINE/L2	635	+	91	67159156	17853
chr14	67141303	67341303	harbor2	chr14	67183221	67183339	LINE/L2	429	+	59	67183280	41977
chr14	67141303	67341303	harbor2	chr14	67187294	67188025	LINE/L2	729	+	366	67187660	46357
chr14	67141303	67341303	harbor2	chr14	67197785	67198067	LINE/L2	474	+	141	67197926	56623
chr14	67141247	67341247	harbor2	chr14	67154058	67154564	LINE/L2	661	+	253	67154311	13064
chr14	67141247	67341247	harbor2	chr14	67159065	67159247	LINE/L2	635	+	91	67159156	17909
chr14	67141247	67341247	harbor2	chr14	67183221	67183339	LINE/L2	429	+	59	67183280	42033
chr14	67141247	67341247	harbor2	chr14	67187294	67188025	LINE/L2	729	+	366	67187660	46413
chr14	67141247	67341247	harbor2	chr14	67197785	67198067	LINE/L2	474	+	141	67197926	56679
chr14	75914984	76114984	harbor2	chr14	75969672	75970079	LINE/L2	702	+	204	75969876	54892
chr14	75914984	76114984	harbor2	chr14	75970619	75970922	LINE/L2	498	+	152	75970771	55787
chr14	75914984	76114984	harbor2	chr14	75989539	75989803	LINE/L2	517	+	132	75989671	74687
chr14	75914984	76114984	harbor2	chr14	75997784	75997952	LINE/L2	451	+	84	75997868	82884
chr14	75914984	76114984	harbor2	chr14	75997978	75998042	LINE/L2	451	+	32	75998010	83026
chr14	81176400	81376400	harbor2	chr14	81182319	81183220	LINE/L2	1620	+	450	81182769	6369
chr14	100231153	100431153	harbor2	chr14	100255818	100255990	LINE/L2	566	+	86	100255904	24751
chr14	100231153	100431153	harbor2	chr14	100256155	100256451	LINE/L2	566	+	148	100256303	25150
chr14	100231153	100431153	harbor2	chr14	100257222	100257354	LINE/L2	529	+	66	100257288	26135
chr14	100231153	100431153	harbor2	chr14	100320711	100320890	LINE/L2	478	+	90	100320801	89648
chr14	100231153	100431153	harbor2	chr14	100321184	100321237	LINE/L2	478	+	26	100321210	90057
chr14	100276551	100476551	harbor2	chr14	100320711	100320890	LINE/L2	478	+	90	100320801	44250
chr14	100276551	100476551	harbor2	chr14	100321184	100321237	LINE/L2	478	+	26	100321210	44659
chr14	100276551	100476551	harbor2	chr14	100349185	100349438	LINE/L2	431	+	126	100349311	72760
chr14	102092831	102292831	harbor2	chr14	102131281	102131492	LINE/L2	675	+	106	102131387	38556
chr14	102092831	102292831	harbor2	chr14	102131507	102131945	LINE/L2	1329	+	219	102131726	38895
chr14	102092831	102292831	harbor2	chr14	102153706	102153905	LINE/L2	776	+	100	102153806	60975
chr14	102092831	102292831	harbor2	chr14	102154177	102154202	LINE/L2	776	+	12	102154189	61358
chr14	102092831	102292831	harbor2	chr14	102154556	102154738	LINE/L2	776	+	91	102154647	61816
chr14	102092831	102292831	harbor2	chr14	102158119	102158303	LINE/L2	1228	+	92	102158211	65380
chr14	102092831	102292831	harbor2	chr14	102158596	102158854	LINE/L2	1228	+	129	102158725	65894
chr14	102092831	102292831	harbor2	chr14	102164181	102164463	LINE/L2	465	+	141	102164322	71491
chr14	102092831	102292831	harbor2	chr14	102166783	102167203	LINE/L2	756	+	210	102166993	74162
chr14	102092831	102292831	harbor2	chr14	102167520	102167902	LINE/L2	756	+	191	102167711	74880
chr14	102092831	102292831	harbor2	chr14	102168686	102169518	LINE/L2	1267	+	416	102169102	76271
chr14	88927417	89127417	harbor2	chr14	88943262	88943510	LINE/L2	831	+	124	88943386	15969
chr14	88927417	89127417	harbor2	chr14	88943865	88943936	LINE/L2	831	+	36	88943901	16484
chr14	88927417	89127417	harbor2	chr14	88957307	88957741	LINE/L2	790	+	217	88957524	30107
chr14	88927417	89127417	harbor2	chr14	88975213	88975686	LINE/L2	813	+	236	88975449	48032
chr14	88927417	89127417	harbor2	chr14	88996616	88997339	LINE/L2	568	+	362	88996978	69561
chr14	95456322	95656322	harbor2	chr14	95526159	95526454	LINE/L2	459	+	148	95526307	69985
chr14	100230253	100430253	harbor2	chr14	100255818	100255990	LINE/L2	566	+	86	100255904	25651
chr14	100230253	100430253	harbor2	chr14	100256155	100256451	LINE/L2	566	+	148	100256303	26050
chr14	100230253	100430253	harbor2	chr14	100257222	100257354	LINE/L2	529	+	66	100257288	27035
chr14	100230253	100430253	harbor2	chr14	100320711	100320890	LINE/L2	478	+	90	100320801	90548
chr14	100230253	100430253	harbor2	chr14	100321184	100321237	LINE/L2	478	+	26	100321210	90957
chr14	76886650	77086650	harbor2	chr14	76942861	76943613	LINE/L2	865	+	376	76943237	56587
chr14	76886650	77086650	harbor2	chr14	76952033	76952247	LINE/L2	931	+	107	76952140	65490
chr14	76886650	77086650	harbor2	chr14	76952548	76952621	LINE/L2	931	+	36	76952584	65934
chr14	102039472	102239472	harbor2	chr14	102131281	102131492	LINE/L2	675	+	106	102131387	91915
chr14	102039472	102239472	harbor2	chr14	102131507	102131945	LINE/L2	1329	+	219	102131726	92254
chr14	100186150	100386150	harbor2	chr14	100255818	100255990	LINE/L2	566	+	86	100255904	69754
chr14	100186150	100386150	harbor2	chr14	100256155	100256451	LINE/L2	566	+	148	100256303	70153
chr14	100186150	100386150	harbor2	chr14	100257222	100257354	LINE/L2	529	+	66	100257288	71138
chr14	103624423	103824423	harbor2	chr14	103626692	103626770	LINE/L2	477	+	39	103626731	2308
chr14	103624423	103824423	harbor2	chr14	103627066	103627362	LINE/L2	477	+	148	103627214	2791
chr14	103624423	103824423	harbor2	chr14	103633771	103633857	LINE/L2	561	+	43	103633814	9391
chr14	103624423	103824423	harbor2	chr14	103634169	103634323	LINE/L2	561	+	77	103634246	9823
chr14	100185464	100385464	harbor2	chr14	100255818	100255990	LINE/L2	566	+	86	100255904	70440
chr14	100185464	100385464	harbor2	chr14	100256155	100256451	LINE/L2	566	+	148	100256303	70839
chr14	100185464	100385464	harbor2	chr14	100257222	100257354	LINE/L2	529	+	66	100257288	71824
chr14	74823265	75023265	harbor2	chr14	74859148	74859437	LINE/L2	668	+	144	74859292	36027
chr14	74823265	75023265	harbor2	chr14	74867258	74867509	LINE/L2	457	+	126	74867384	44119
chr14	23464322	23664322	harbor2	chr14	23496456	23496597	LINE/L2	448	+	70	23496526	32204
chr14	23464322	23664322	harbor2	chr14	23535448	23535600	LINE/L2	507	+	76	23535524	71202
chr14	23464322	23664322	harbor2	chr14	23535892	23536230	LINE/L2	507	+	169	23536061	71739
chr14	24047673	24247673	harbor2	chr14	24070240	24070570	LINE/L2	541	+	165	24070405	22732
chr14	74842794	75042794	harbor2	chr14	74859148	74859437	LINE/L2	668	+	144	74859292	16498
chr14	74842794	75042794	harbor2	chr14	74867258	74867509	LINE/L2	457	+	126	74867384	24590
chr14	74842794	75042794	harbor2	chr14	74924057	74924519	LINE/L2	643	+	231	74924288	81494
chr14	74842794	75042794	harbor2	chr14	74926085	74926267	LINE/L2	976	+	91	74926176	83382
chr14	74842794	75042794	harbor2	chr14	74926573	74926738	LINE/L2	976	+	82	74926655	83861
chr14	74842794	75042794	harbor2	chr14	74927040	74927191	LINE/L2	976	+	76	74927116	84322
chr14	74842794	75042794	harbor2	chr14	74936442	74936848	LINE/L2	490	+	203	74936645	93851
chr14	74842794	75042794	harbor2	chr14	74937318	74937480	LINE/L2	738	+	81	74937399	94605
chr14	74842794	75042794	harbor2	chr14	74937776	74938139	LINE/L2	738	+	182	74937958	95164
chr14	103422967	103622967	harbor2	chr14	103456122	103456464	LINE/L2	473	+	171	103456293	33326
chr14	103422967	103622967	harbor2	chr14	103456573	103456763	LINE/L2	820	+	95	103456668	33701
chr14	24048856	24248856	harbor2	chr14	24070240	24070570	LINE/L2	541	+	165	24070405	21549
chr14	75328337	75528337	harbor2	chr14	75352644	75352881	LINE/L2	618	+	118	75352762	24425
chr14	76939921	77139921	harbor2	chr14	76942861	76943613	LINE/L2	865	+	376	76943237	3316
chr14	76939921	77139921	harbor2	chr14	76952033	76952247	LINE/L2	931	+	107	76952140	12219
chr14	76939921	77139921	harbor2	chr14	76952548	76952621	LINE/L2	931	+	36	76952584	12663
chr14	100232438	100432438	harbor2	chr14	100255818	100255990	LINE/L2	566	+	86	100255904	23466
chr14	100232438	100432438	harbor2	chr14	100256155	100256451	LINE/L2	566	+	148	100256303	23865
chr14	100232438	100432438	harbor2	chr14	100257222	100257354	LINE/L2	529	+	66	100257288	24850
chr14	100232438	100432438	harbor2	chr14	100320711	100320890	LINE/L2	478	+	90	100320801	88363
chr14	100232438	100432438	harbor2	chr14	100321184	100321237	LINE/L2	478	+	26	100321210	88772
chr14	76942497	77142497	harbor2	chr14	76942861	76943613	LINE/L2	865	+	376	76943237	740
chr14	76942497	77142497	harbor2	chr14	76952033	76952247	LINE/L2	931	+	107	76952140	9643
chr14	76942497	77142497	harbor2	chr14	76952548	76952621	LINE/L2	931	+	36	76952584	10087
chr14	76928705	77128705	harbor2	chr14	76942861	76943613	LINE/L2	865	+	376	76943237	14532
chr14	76928705	77128705	harbor2	chr14	76952033	76952247	LINE/L2	931	+	107	76952140	23435
chr14	76928705	77128705	harbor2	chr14	76952548	76952621	LINE/L2	931	+	36	76952584	23879
chr14	23332799	23532799	harbor2	chr14	23353703	23354593	LINE/L2	1261	+	445	23354148	21349
chr14	23332799	23532799	harbor2	chr14	23368839	23369410	LINE/L2	1256	+	286	23369125	36326
chr14	23087290	23287290	harbor2	chr14	23110972	23111551	LINE/L2	819	+	290	23111262	23972
chr14	23087290	23287290	harbor2	chr14	23111856	23112081	LINE/L2	721	+	112	23111968	24678
chr14	23087290	23287290	harbor2	chr14	23112177	23112529	LINE/L2	610	+	176	23112353	25063
chr14	23087290	23287290	harbor2	chr14	23157232	23158001	LINE/L2	546	+	384	23157616	70326
chr14	100323696	100523696	harbor2	chr14	100349185	100349438	LINE/L2	431	+	126	100349311	25615
chr14	75915240	76115240	harbor2	chr14	75969672	75970079	LINE/L2	702	+	204	75969876	54636
chr14	75915240	76115240	harbor2	chr14	75970619	75970922	LINE/L2	498	+	152	75970771	55531
chr14	75915240	76115240	harbor2	chr14	75989539	75989803	LINE/L2	517	+	132	75989671	74431
chr14	75915240	76115240	harbor2	chr14	75997784	75997952	LINE/L2	451	+	84	75997868	82628
chr14	75915240	76115240	harbor2	chr14	75997978	75998042	LINE/L2	451	+	32	75998010	82770
chr14	103444240	103644240	harbor2	chr14	103456122	103456464	LINE/L2	473	+	171	103456293	12053
chr14	103444240	103644240	harbor2	chr14	103456573	103456763	LINE/L2	820	+	95	103456668	12428
chr14	100185466	100385466	harbor2	chr14	100255818	100255990	LINE/L2	566	+	86	100255904	70438
chr14	100185466	100385466	harbor2	chr14	100256155	100256451	LINE/L2	566	+	148	100256303	70837
chr14	100185466	100385466	harbor2	chr14	100257222	100257354	LINE/L2	529	+	66	100257288	71822
chr14	99658830	99858830	harbor2	chr14	99685331	99685624	LINE/L2	601	+	146	99685477	26647
chr14	99658830	99858830	harbor2	chr14	99688245	99689230	LINE/L2	1006	+	492	99688737	29907
chr14	99658830	99858830	harbor2	chr14	99689565	99690175	LINE/L2	1260	+	305	99689870	31040
chr14	99658830	99858830	harbor2	chr14	99690305	99690438	LINE/L2	756	+	66	99690371	31541
chr14	99658830	99858830	harbor2	chr14	99718213	99718518	LINE/L2	463	+	152	99718365	59535
chr14	99658830	99858830	harbor2	chr14	99726857	99727306	LINE/L2	812	+	224	99727081	68251
chr14	76932189	77132189	harbor2	chr14	76942861	76943613	LINE/L2	865	+	376	76943237	11048
chr14	76932189	77132189	harbor2	chr14	76952033	76952247	LINE/L2	931	+	107	76952140	19951
chr14	76932189	77132189	harbor2	chr14	76952548	76952621	LINE/L2	931	+	36	76952584	20395
chr14	75329786	75529786	harbor2	chr14	75352644	75352881	LINE/L2	618	+	118	75352762	22976
chr14	21007545	21207545	harbor2	chr14	21040470	21040966	LINE/L2	1183	+	248	21040718	33173
chr14	21007545	21207545	harbor2	chr14	21041295	21041382	LINE/L2	1183	+	44	21041339	33794
chr14	21007545	21207545	harbor2	chr14	21060411	21060788	LINE/L2	576	+	188	21060599	53054
chr14	102111829	102311829	harbor2	chr14	102131281	102131492	LINE/L2	675	+	106	102131387	19558
chr14	102111829	102311829	harbor2	chr14	102131507	102131945	LINE/L2	1329	+	219	102131726	19897
chr14	102111829	102311829	harbor2	chr14	102153706	102153905	LINE/L2	776	+	100	102153806	41977
chr14	102111829	102311829	harbor2	chr14	102154177	102154202	LINE/L2	776	+	12	102154189	42360
chr14	102111829	102311829	harbor2	chr14	102154556	102154738	LINE/L2	776	+	91	102154647	42818
chr14	102111829	102311829	harbor2	chr14	102158119	102158303	LINE/L2	1228	+	92	102158211	46382
chr14	102111829	102311829	harbor2	chr14	102158596	102158854	LINE/L2	1228	+	129	102158725	46896
chr14	102111829	102311829	harbor2	chr14	102164181	102164463	LINE/L2	465	+	141	102164322	52493
chr14	102111829	102311829	harbor2	chr14	102166783	102167203	LINE/L2	756	+	210	102166993	55164
chr14	102111829	102311829	harbor2	chr14	102167520	102167902	LINE/L2	756	+	191	102167711	55882
chr14	102111829	102311829	harbor2	chr14	102168686	102169518	LINE/L2	1267	+	416	102169102	57273
chr14	102111829	102311829	harbor2	chr14	102204184	102204579	LINE/L2	753	+	198	102204382	92553
chr14	95436168	95636168	harbor2	chr14	95442798	95443014	LINE/L2	525	+	108	95442906	6738
chr14	95436168	95636168	harbor2	chr14	95526159	95526454	LINE/L2	459	+	148	95526307	90139
chr14	54686838	54886838	harbor2	chr14	54721118	54721274	LINE/L2	640	+	78	54721196	34358
chr14	54686838	54886838	harbor2	chr14	54745448	54745661	LINE/L2	493	+	106	54745554	58716
chr14	54686838	54886838	harbor2	chr14	54759184	54759480	LINE/L2	549	+	148	54759332	72494
chr14	24048951	24248951	harbor2	chr14	24070240	24070570	LINE/L2	541	+	165	24070405	21454
chr14	103423404	103623404	harbor2	chr14	103456122	103456464	LINE/L2	473	+	171	103456293	32889
chr14	103423404	103623404	harbor2	chr14	103456573	103456763	LINE/L2	820	+	95	103456668	33264
chr14	72458724	72658724	harbor2	chr14	72529798	72529990	LINE/L2	453	+	96	72529894	71170
chr14	24047661	24247661	harbor2	chr14	24070240	24070570	LINE/L2	541	+	165	24070405	22744
chr14	100231162	100431162	harbor2	chr14	100255818	100255990	LINE/L2	566	+	86	100255904	24742
chr14	100231162	100431162	harbor2	chr14	100256155	100256451	LINE/L2	566	+	148	100256303	25141
chr14	100231162	100431162	harbor2	chr14	100257222	100257354	LINE/L2	529	+	66	100257288	26126
chr14	100231162	100431162	harbor2	chr14	100320711	100320890	LINE/L2	478	+	90	100320801	89639
chr14	100231162	100431162	harbor2	chr14	100321184	100321237	LINE/L2	478	+	26	100321210	90048
chr14	105388149	105588149	harbor2	chr14	105401131	105401231	LINE/L2	469	+	50	105401181	13032
chr14	23986853	24186853	harbor2	chr14	24070240	24070570	LINE/L2	541	+	165	24070405	83552
chr14	103427586	103627586	harbor2	chr14	103456122	103456464	LINE/L2	473	+	171	103456293	28707
chr14	103427586	103627586	harbor2	chr14	103456573	103456763	LINE/L2	820	+	95	103456668	29082
chr14	73684556	73884556	harbor2	chr14	73777484	73778033	LINE/L2	543	+	274	73777758	93202
chr14	24048169	24248169	harbor2	chr14	24070240	24070570	LINE/L2	541	+	165	24070405	22236
chr14	100581532	100781532	harbor2	chr14	100636677	100637198	LINE/L2	1270	+	260	100636937	55405
chr14	100581532	100781532	harbor2	chr14	100644784	100645384	LINE/L2	634	+	300	100645084	63552
chr14	75330552	75530552	harbor2	chr14	75352644	75352881	LINE/L2	618	+	118	75352762	22210
chr14	103428564	103628564	harbor2	chr14	103456122	103456464	LINE/L2	473	+	171	103456293	27729
chr14	103428564	103628564	harbor2	chr14	103456573	103456763	LINE/L2	820	+	95	103456668	28104
chr14	100185458	100385458	harbor2	chr14	100255818	100255990	LINE/L2	566	+	86	100255904	70446
chr14	100185458	100385458	harbor2	chr14	100256155	100256451	LINE/L2	566	+	148	100256303	70845
chr14	100185458	100385458	harbor2	chr14	100257222	100257354	LINE/L2	529	+	66	100257288	71830
chr14	76928673	77128673	harbor2	chr14	76942861	76943613	LINE/L2	865	+	376	76943237	14564
chr14	76928673	77128673	harbor2	chr14	76952033	76952247	LINE/L2	931	+	107	76952140	23467
chr14	76928673	77128673	harbor2	chr14	76952548	76952621	LINE/L2	931	+	36	76952584	23911
chr14	90288480	90488480	harbor2	chr14	90322349	90322458	LINE/L2	456	+	54	90322403	33923
chr14	101443002	101643002	harbor2	chr14	101536843	101536932	LINE/L2	442	+	44	101536887	93885
chr15	29170198	29370198	harbor2	chr15	29229374	29230341	LINE/L2	987	+	484	29229858	59660
chr15	67422011	67622011	harbor2	chr15	67424105	67424602	LINE/L2	718	+	248	67424353	2342
chr15	67422011	67622011	harbor2	chr15	67432779	67432863	LINE/L2	511	+	42	67432821	10810
chr15	67422011	67622011	harbor2	chr15	67458182	67458602	LINE/L2	1376	+	210	67458392	36381
chr15	67422011	67622011	harbor2	chr15	67508887	67509165	LINE/L2	701	+	139	67509026	87015
chr15	74947206	75147206	harbor2	chr15	74972819	74973285	LINE/L2	1471	+	233	74973052	25846
chr15	35446251	35646251	harbor2	chr15	35451515	35451728	LINE/L2	760	+	106	35451621	5370
chr15	35446251	35646251	harbor2	chr15	35452035	35452222	LINE/L2	760	+	94	35452129	5878
chr15	35446251	35646251	harbor2	chr15	35461985	35462861	LINE/L2	1707	+	438	35462423	16172
chr15	35446251	35646251	harbor2	chr15	35528944	35529139	LINE/L2	602	+	98	35529042	82791
chr15	35446251	35646251	harbor2	chr15	35529501	35529745	LINE/L2	602	+	122	35529623	83372
chr15	35446251	35646251	harbor2	chr15	35537646	35537975	LINE/L2	873	+	164	35537810	91559
chr15	35446808	35646808	harbor2	chr15	35451515	35451728	LINE/L2	760	+	106	35451621	4813
chr15	35446808	35646808	harbor2	chr15	35452035	35452222	LINE/L2	760	+	94	35452129	5321
chr15	35446808	35646808	harbor2	chr15	35461985	35462861	LINE/L2	1707	+	438	35462423	15615
chr15	35446808	35646808	harbor2	chr15	35528944	35529139	LINE/L2	602	+	98	35529042	82234
chr15	35446808	35646808	harbor2	chr15	35529501	35529745	LINE/L2	602	+	122	35529623	82815
chr15	35446808	35646808	harbor2	chr15	35537646	35537975	LINE/L2	873	+	164	35537810	91002
chr15	67421689	67621689	harbor2	chr15	67424105	67424602	LINE/L2	718	+	248	67424353	2664
chr15	67421689	67621689	harbor2	chr15	67432779	67432863	LINE/L2	511	+	42	67432821	11132
chr15	67421689	67621689	harbor2	chr15	67458182	67458602	LINE/L2	1376	+	210	67458392	36703
chr15	67421689	67621689	harbor2	chr15	67508887	67509165	LINE/L2	701	+	139	67509026	87337
chr15	35496867	35696867	harbor2	chr15	35528944	35529139	LINE/L2	602	+	98	35529042	32175
chr15	35496867	35696867	harbor2	chr15	35529501	35529745	LINE/L2	602	+	122	35529623	32756
chr15	35496867	35696867	harbor2	chr15	35537646	35537975	LINE/L2	873	+	164	35537810	40943
chr15	101861517	102061517	harbor2	chr15	101865006	101865592	LINE/L2	492	+	293	101865299	3782
chr15	101861517	102061517	harbor2	chr15	101903941	101904290	LINE/L2	609	+	174	101904115	42598
chr15	101861517	102061517	harbor2	chr15	101931771	101931923	LINE/L2	441	+	76	101931847	70330
chr15	35457632	35657632	harbor2	chr15	35461985	35462861	LINE/L2	1707	+	438	35462423	4791
chr15	35457632	35657632	harbor2	chr15	35528944	35529139	LINE/L2	602	+	98	35529042	71410
chr15	35457632	35657632	harbor2	chr15	35529501	35529745	LINE/L2	602	+	122	35529623	71991
chr15	35457632	35657632	harbor2	chr15	35537646	35537975	LINE/L2	873	+	164	35537810	80178
chr15	45030353	45230353	harbor2	chr15	45098193	45098434	LINE/L2	590	+	120	45098313	67960
chr15	45030353	45230353	harbor2	chr15	45125228	45125556	LINE/L2	430	+	164	45125392	95039
chr15	45030353	45230353	harbor2	chr15	45126209	45126712	LINE/L2	988	+	252	45126461	96108
chr15	35449060	35649060	harbor2	chr15	35451515	35451728	LINE/L2	760	+	106	35451621	2561
chr15	35449060	35649060	harbor2	chr15	35452035	35452222	LINE/L2	760	+	94	35452129	3069
chr15	35449060	35649060	harbor2	chr15	35461985	35462861	LINE/L2	1707	+	438	35462423	13363
chr15	35449060	35649060	harbor2	chr15	35528944	35529139	LINE/L2	602	+	98	35529042	79982
chr15	35449060	35649060	harbor2	chr15	35529501	35529745	LINE/L2	602	+	122	35529623	80563
chr15	35449060	35649060	harbor2	chr15	35537646	35537975	LINE/L2	873	+	164	35537810	88750
chr15	36839296	37039296	harbor2	chr15	36869519	36870436	LINE/L2	1027	+	458	36869977	30681
chr15	36839296	37039296	harbor2	chr15	36871590	36871946	LINE/L2	452	+	178	36871768	32472
chr15	36839296	37039296	harbor2	chr15	36909099	36909398	LINE/L2	574	+	150	36909249	69953
chr15	67441395	67641395	harbor2	chr15	67458182	67458602	LINE/L2	1376	+	210	67458392	16997
chr15	67441395	67641395	harbor2	chr15	67508887	67509165	LINE/L2	701	+	139	67509026	67631
chr15	35449368	35649368	harbor2	chr15	35451515	35451728	LINE/L2	760	+	106	35451621	2253
chr15	35449368	35649368	harbor2	chr15	35452035	35452222	LINE/L2	760	+	94	35452129	2761
chr15	35449368	35649368	harbor2	chr15	35461985	35462861	LINE/L2	1707	+	438	35462423	13055
chr15	35449368	35649368	harbor2	chr15	35528944	35529139	LINE/L2	602	+	98	35529042	79674
chr15	35449368	35649368	harbor2	chr15	35529501	35529745	LINE/L2	602	+	122	35529623	80255
chr15	35449368	35649368	harbor2	chr15	35537646	35537975	LINE/L2	873	+	164	35537810	88442
chr15	25339046	25539046	harbor2	chr15	25423786	25424614	LINE/L2	1593	+	414	25424200	85154
chr15	35446684	35646684	harbor2	chr15	35451515	35451728	LINE/L2	760	+	106	35451621	4937
chr15	35446684	35646684	harbor2	chr15	35452035	35452222	LINE/L2	760	+	94	35452129	5445
chr15	35446684	35646684	harbor2	chr15	35461985	35462861	LINE/L2	1707	+	438	35462423	15739
chr15	35446684	35646684	harbor2	chr15	35528944	35529139	LINE/L2	602	+	98	35529042	82358
chr15	35446684	35646684	harbor2	chr15	35529501	35529745	LINE/L2	602	+	122	35529623	82939
chr15	35446684	35646684	harbor2	chr15	35537646	35537975	LINE/L2	873	+	164	35537810	91126
chr15	101861533	102061533	harbor2	chr15	101865006	101865592	LINE/L2	492	+	293	101865299	3766
chr15	101861533	102061533	harbor2	chr15	101903941	101904290	LINE/L2	609	+	174	101904115	42582
chr15	101861533	102061533	harbor2	chr15	101931771	101931923	LINE/L2	441	+	76	101931847	70314
chr15	45378429	45578429	harbor2	chr15	45396914	45397076	LINE/L2	501	+	81	45396995	18566
chr15	45378429	45578429	harbor2	chr15	45398037	45398257	LINE/L2	502	+	110	45398147	19718
chr15	67422183	67622183	harbor2	chr15	67424105	67424602	LINE/L2	718	+	248	67424353	2170
chr15	67422183	67622183	harbor2	chr15	67432779	67432863	LINE/L2	511	+	42	67432821	10638
chr15	67422183	67622183	harbor2	chr15	67458182	67458602	LINE/L2	1376	+	210	67458392	36209
chr15	67422183	67622183	harbor2	chr15	67508887	67509165	LINE/L2	701	+	139	67509026	86843
chr15	36495947	36695947	harbor2	chr15	36511014	36511622	LINE/L2	714	+	304	36511318	15371
chr15	36495947	36695947	harbor2	chr15	36570692	36570808	LINE/L2	454	+	58	36570750	74803
chr15	25339082	25539082	harbor2	chr15	25423786	25424614	LINE/L2	1593	+	414	25424200	85118
chr15	35467871	35667871	harbor2	chr15	35528944	35529139	LINE/L2	602	+	98	35529042	61171
chr15	35467871	35667871	harbor2	chr15	35529501	35529745	LINE/L2	602	+	122	35529623	61752
chr15	35467871	35667871	harbor2	chr15	35537646	35537975	LINE/L2	873	+	164	35537810	69939
chr15	32618800	32818800	harbor2	chr15	32634198	32634283	LINE/L2	2056	+	42	32634240	15440
chr15	32618800	32818800	harbor2	chr15	32634517	32635544	LINE/L2	2056	+	514	32635031	16231
chr15	32618800	32818800	harbor2	chr15	32644005	32644148	LINE/L2	718	+	72	32644077	25277
chr15	32618800	32818800	harbor2	chr15	32647491	32648618	LINE/L2	1045	+	564	32648055	29255
chr15	32618800	32818800	harbor2	chr15	32648693	32648771	LINE/L2	599	+	39	32648732	29932
chr15	32618800	32818800	harbor2	chr15	32649056	32649230	LINE/L2	599	+	87	32649143	30343
chr15	67422192	67622192	harbor2	chr15	67424105	67424602	LINE/L2	718	+	248	67424353	2161
chr15	67422192	67622192	harbor2	chr15	67432779	67432863	LINE/L2	511	+	42	67432821	10629
chr15	67422192	67622192	harbor2	chr15	67458182	67458602	LINE/L2	1376	+	210	67458392	36200
chr15	67422192	67622192	harbor2	chr15	67508887	67509165	LINE/L2	701	+	139	67509026	86834
chr15	35446583	35646583	harbor2	chr15	35451515	35451728	LINE/L2	760	+	106	35451621	5038
chr15	35446583	35646583	harbor2	chr15	35452035	35452222	LINE/L2	760	+	94	35452129	5546
chr15	35446583	35646583	harbor2	chr15	35461985	35462861	LINE/L2	1707	+	438	35462423	15840
chr15	35446583	35646583	harbor2	chr15	35528944	35529139	LINE/L2	602	+	98	35529042	82459
chr15	35446583	35646583	harbor2	chr15	35529501	35529745	LINE/L2	602	+	122	35529623	83040
chr15	35446583	35646583	harbor2	chr15	35537646	35537975	LINE/L2	873	+	164	35537810	91227
chr15	35446683	35646683	harbor2	chr15	35451515	35451728	LINE/L2	760	+	106	35451621	4938
chr15	35446683	35646683	harbor2	chr15	35452035	35452222	LINE/L2	760	+	94	35452129	5446
chr15	35446683	35646683	harbor2	chr15	35461985	35462861	LINE/L2	1707	+	438	35462423	15740
chr15	35446683	35646683	harbor2	chr15	35528944	35529139	LINE/L2	602	+	98	35529042	82359
chr15	35446683	35646683	harbor2	chr15	35529501	35529745	LINE/L2	602	+	122	35529623	82940
chr15	35446683	35646683	harbor2	chr15	35537646	35537975	LINE/L2	873	+	164	35537810	91127
chr15	36491544	36691544	harbor2	chr15	36511014	36511622	LINE/L2	714	+	304	36511318	19774
chr15	36491544	36691544	harbor2	chr15	36570692	36570808	LINE/L2	454	+	58	36570750	79206
chr15	79333661	79533661	harbor2	chr15	79349657	79350126	LINE/L2	824	+	234	79349891	16230
chr15	79333661	79533661	harbor2	chr15	79356307	79356408	LINE/L2	509	+	50	79356357	22696
chr15	79333661	79533661	harbor2	chr15	79400057	79400517	LINE/L2	661	+	230	79400287	66626
chr15	67422567	67622567	harbor2	chr15	67424105	67424602	LINE/L2	718	+	248	67424353	1786
chr15	67422567	67622567	harbor2	chr15	67432779	67432863	LINE/L2	511	+	42	67432821	10254
chr15	67422567	67622567	harbor2	chr15	67458182	67458602	LINE/L2	1376	+	210	67458392	35825
chr15	67422567	67622567	harbor2	chr15	67508887	67509165	LINE/L2	701	+	139	67509026	86459
chr15	36685156	36885156	harbor2	chr15	36713760	36714013	LINE/L2	474	+	126	36713886	28730
chr15	36685156	36885156	harbor2	chr15	36737910	36738422	LINE/L2	1517	+	256	36738166	53010
chr15	36685156	36885156	harbor2	chr15	36738426	36738912	LINE/L2	894	+	243	36738669	53513
chr15	67441016	67641016	harbor2	chr15	67458182	67458602	LINE/L2	1376	+	210	67458392	17376
chr15	67441016	67641016	harbor2	chr15	67508887	67509165	LINE/L2	701	+	139	67509026	68010
chr15	101862196	102062196	harbor2	chr15	101865006	101865592	LINE/L2	492	+	293	101865299	3103
chr15	101862196	102062196	harbor2	chr15	101903941	101904290	LINE/L2	609	+	174	101904115	41919
chr15	101862196	102062196	harbor2	chr15	101931771	101931923	LINE/L2	441	+	76	101931847	69651
chr15	34109976	34309976	harbor2	chr15	34142445	34142590	LINE/L2	421	+	72	34142517	32541
chr15	36787076	36987076	harbor2	chr15	36813538	36813704	LINE/L2	423	+	83	36813621	26545
chr15	36787076	36987076	harbor2	chr15	36869519	36870436	LINE/L2	1027	+	458	36869977	82901
chr15	36787076	36987076	harbor2	chr15	36871590	36871946	LINE/L2	452	+	178	36871768	84692
chr15	29945312	30145312	harbor2	chr15	29976396	29976784	LINE/L2	647	+	194	29976590	31278
chr15	29945312	30145312	harbor2	chr15	29977084	29977228	LINE/L2	647	+	72	29977156	31844
chr15	35537214	35737214	harbor2	chr15	35537646	35537975	LINE/L2	873	+	164	35537810	596
chr15	101624468	101824468	harbor2	chr15	101684442	101684774	LINE/L2	646	+	166	101684608	60140
chr15	101624468	101824468	harbor2	chr15	101709348	101709789	LINE/L2	576	+	220	101709568	85100
chr15	101876518	102076518	harbor2	chr15	101903941	101904290	LINE/L2	609	+	174	101904115	27597
chr15	101876518	102076518	harbor2	chr15	101931771	101931923	LINE/L2	441	+	76	101931847	55329
chr15	101875496	102075496	harbor2	chr15	101903941	101904290	LINE/L2	609	+	174	101904115	28619
chr15	101875496	102075496	harbor2	chr15	101931771	101931923	LINE/L2	441	+	76	101931847	56351
chr15	41872068	42072068	harbor2	chr15	41880611	41881026	LINE/L2	483	+	208	41880819	8751
chr15	41872068	42072068	harbor2	chr15	41883741	41883791	LINE/L2	1806	+	25	41883766	11698
chr15	41872068	42072068	harbor2	chr15	41884420	41885022	LINE/L2	1806	+	301	41884721	12653
chr15	41872068	42072068	harbor2	chr15	41885324	41885513	LINE/L2	1332	+	94	41885418	13350
chr15	41872068	42072068	harbor2	chr15	41934935	41935387	LINE/L2	528	+	226	41935161	63093
chr15	41872068	42072068	harbor2	chr15	41966953	41967196	LINE/L2	453	+	122	41967075	95007
chr15	74743181	74943181	harbor2	chr15	74777921	74778238	LINE/L2	702	+	158	74778079	34898
chr15	74743181	74943181	harbor2	chr15	74778541	74778821	LINE/L2	702	+	140	74778681	35500
chr15	67424695	67624695	harbor2	chr15	67432779	67432863	LINE/L2	511	+	42	67432821	8126
chr15	67424695	67624695	harbor2	chr15	67458182	67458602	LINE/L2	1376	+	210	67458392	33697
chr15	67424695	67624695	harbor2	chr15	67508887	67509165	LINE/L2	701	+	139	67509026	84331
chr15	74947209	75147209	harbor2	chr15	74972819	74973285	LINE/L2	1471	+	233	74973052	25843
chr15	25339076	25539076	harbor2	chr15	25423786	25424614	LINE/L2	1593	+	414	25424200	85124
chr15	35569538	35769538	harbor2	chr15	35664480	35665177	LINE/L2	419	+	348	35664828	95290
chr15	35446697	35646697	harbor2	chr15	35451515	35451728	LINE/L2	760	+	106	35451621	4924
chr15	35446697	35646697	harbor2	chr15	35452035	35452222	LINE/L2	760	+	94	35452129	5432
chr15	35446697	35646697	harbor2	chr15	35461985	35462861	LINE/L2	1707	+	438	35462423	15726
chr15	35446697	35646697	harbor2	chr15	35528944	35529139	LINE/L2	602	+	98	35529042	82345
chr15	35446697	35646697	harbor2	chr15	35529501	35529745	LINE/L2	602	+	122	35529623	82926
chr15	35446697	35646697	harbor2	chr15	35537646	35537975	LINE/L2	873	+	164	35537810	91113
chr15	96462468	96662468	harbor2	chr15	96471567	96471743	LINE/L2	470	+	88	96471655	9187
chr15	96462468	96662468	harbor2	chr15	96471979	96472135	LINE/L2	533	+	78	96472057	9589
chr15	96462468	96662468	harbor2	chr15	96560386	96560900	LINE/L2	643	+	257	96560643	98175
chr15	35446610	35646610	harbor2	chr15	35451515	35451728	LINE/L2	760	+	106	35451621	5011
chr15	35446610	35646610	harbor2	chr15	35452035	35452222	LINE/L2	760	+	94	35452129	5519
chr15	35446610	35646610	harbor2	chr15	35461985	35462861	LINE/L2	1707	+	438	35462423	15813
chr15	35446610	35646610	harbor2	chr15	35528944	35529139	LINE/L2	602	+	98	35529042	82432
chr15	35446610	35646610	harbor2	chr15	35529501	35529745	LINE/L2	602	+	122	35529623	83013
chr15	35446610	35646610	harbor2	chr15	35537646	35537975	LINE/L2	873	+	164	35537810	91200
chr15	35446521	35646521	harbor2	chr15	35451515	35451728	LINE/L2	760	+	106	35451621	5100
chr15	35446521	35646521	harbor2	chr15	35452035	35452222	LINE/L2	760	+	94	35452129	5608
chr15	35446521	35646521	harbor2	chr15	35461985	35462861	LINE/L2	1707	+	438	35462423	15902
chr15	35446521	35646521	harbor2	chr15	35528944	35529139	LINE/L2	602	+	98	35529042	82521
chr15	35446521	35646521	harbor2	chr15	35529501	35529745	LINE/L2	602	+	122	35529623	83102
chr15	35446521	35646521	harbor2	chr15	35537646	35537975	LINE/L2	873	+	164	35537810	91289
chr15	38233430	38433430	harbor2	chr15	38296636	38296764	LINE/L2	455	+	64	38296700	63270
chr15	35446201	35646201	harbor2	chr15	35451515	35451728	LINE/L2	760	+	106	35451621	5420
chr15	35446201	35646201	harbor2	chr15	35452035	35452222	LINE/L2	760	+	94	35452129	5928
chr15	35446201	35646201	harbor2	chr15	35461985	35462861	LINE/L2	1707	+	438	35462423	16222
chr15	35446201	35646201	harbor2	chr15	35528944	35529139	LINE/L2	602	+	98	35529042	82841
chr15	35446201	35646201	harbor2	chr15	35529501	35529745	LINE/L2	602	+	122	35529623	83422
chr15	35446201	35646201	harbor2	chr15	35537646	35537975	LINE/L2	873	+	164	35537810	91609
chr15	50808701	51008701	harbor2	chr15	50858802	50859128	LINE/L2	810	+	163	50858965	50264
chr15	50808701	51008701	harbor2	chr15	50859438	50859506	LINE/L2	810	+	34	50859472	50771
chr15	50808701	51008701	harbor2	chr15	50860543	50861301	LINE/L2	1414	+	379	50860922	52221
chr15	50808701	51008701	harbor2	chr15	50862052	50862283	LINE/L2	803	+	116	50862168	53467
chr15	101861525	102061525	harbor2	chr15	101865006	101865592	LINE/L2	492	+	293	101865299	3774
chr15	101861525	102061525	harbor2	chr15	101903941	101904290	LINE/L2	609	+	174	101904115	42590
chr15	101861525	102061525	harbor2	chr15	101931771	101931923	LINE/L2	441	+	76	101931847	70322
chr15	67422133	67622133	harbor2	chr15	67424105	67424602	LINE/L2	718	+	248	67424353	2220
chr15	67422133	67622133	harbor2	chr15	67432779	67432863	LINE/L2	511	+	42	67432821	10688
chr15	67422133	67622133	harbor2	chr15	67458182	67458602	LINE/L2	1376	+	210	67458392	36259
chr15	67422133	67622133	harbor2	chr15	67508887	67509165	LINE/L2	701	+	139	67509026	86893
chr15	29334927	29534927	harbor2	chr15	29430196	29430493	LINE/L2	431	+	148	29430344	95417
chr15	69999345	70199345	harbor2	chr15	69999149	69999667	LINE/L2	1081	+	259	69999408	63
chr15	69999345	70199345	harbor2	chr15	70000023	70000277	LINE/L2	802	+	127	70000150	805
chr15	69999345	70199345	harbor2	chr15	70035028	70035363	LINE/L2	511	+	168	70035196	35851
chr15	69999345	70199345	harbor2	chr15	70044517	70044856	LINE/L2	564	+	170	70044687	45342
chr15	74743183	74943183	harbor2	chr15	74777921	74778238	LINE/L2	702	+	158	74778079	34896
chr15	74743183	74943183	harbor2	chr15	74778541	74778821	LINE/L2	702	+	140	74778681	35498
chr15	35446653	35646653	harbor2	chr15	35451515	35451728	LINE/L2	760	+	106	35451621	4968
chr15	35446653	35646653	harbor2	chr15	35452035	35452222	LINE/L2	760	+	94	35452129	5476
chr15	35446653	35646653	harbor2	chr15	35461985	35462861	LINE/L2	1707	+	438	35462423	15770
chr15	35446653	35646653	harbor2	chr15	35528944	35529139	LINE/L2	602	+	98	35529042	82389
chr15	35446653	35646653	harbor2	chr15	35529501	35529745	LINE/L2	602	+	122	35529623	82970
chr15	35446653	35646653	harbor2	chr15	35537646	35537975	LINE/L2	873	+	164	35537810	91157
chr15	68720982	68920982	harbor2	chr15	68736233	68736367	LINE/L2	496	+	67	68736300	15318
chr15	68720982	68920982	harbor2	chr15	68736668	68736883	LINE/L2	496	+	108	68736776	15794
chr15	68720982	68920982	harbor2	chr15	68739566	68739943	LINE/L2	692	+	188	68739754	18772
chr15	68720982	68920982	harbor2	chr15	68771488	68772564	LINE/L2	1372	+	538	68772026	51044
chr15	68720982	68920982	harbor2	chr15	68805743	68805987	LINE/L2	523	+	122	68805865	84883
chr15	72428517	72628517	harbor2	chr15	72452871	72452986	LINE/L2	419	+	58	72452929	24412
chr15	72428517	72628517	harbor2	chr15	72462466	72462623	LINE/L2	457	+	78	72462544	34027
chr15	72428517	72628517	harbor2	chr15	72462923	72463107	LINE/L2	457	+	92	72463015	34498
chr15	72428517	72628517	harbor2	chr15	72463423	72463499	LINE/L2	457	+	38	72463461	34944
chr15	72428517	72628517	harbor2	chr15	72471146	72471729	LINE/L2	1311	+	292	72471438	42921
chr15	101862010	102062010	harbor2	chr15	101865006	101865592	LINE/L2	492	+	293	101865299	3289
chr15	101862010	102062010	harbor2	chr15	101903941	101904290	LINE/L2	609	+	174	101904115	42105
chr15	101862010	102062010	harbor2	chr15	101931771	101931923	LINE/L2	441	+	76	101931847	69837
chr15	25339116	25539116	harbor2	chr15	25423786	25424614	LINE/L2	1593	+	414	25424200	85084
chr15	29332913	29532913	harbor2	chr15	29430196	29430493	LINE/L2	431	+	148	29430344	97431
chr15	20980576	21180576	harbor2	chr15	20981315	20981872	LINE/L2	497	+	278	20981593	1017
chr15	41417768	41617768	harbor2	chr15	41425596	41425710	LINE/L2	424	+	57	41425653	7885
chr15	41417768	41617768	harbor2	chr15	41429466	41429964	LINE/L2	455	+	249	41429715	11947
chr15	41417768	41617768	harbor2	chr15	41458208	41458324	LINE/L2	528	+	58	41458266	40498
chr15	39197828	39397828	harbor2	chr15	39209701	39209825	LINE/L2	447	+	62	39209763	11935
chr15	39197828	39397828	harbor2	chr15	39260138	39260332	LINE/L2	475	+	97	39260235	62407
chr15	29169893	29369893	harbor2	chr15	29229374	29230341	LINE/L2	987	+	484	29229858	59965
chr15	35569564	35769564	harbor2	chr15	35664480	35665177	LINE/L2	419	+	348	35664828	95264
chr15	63405661	63605661	harbor2	chr15	63433329	63433569	LINE/L2	585	+	120	63433449	27788
chr15	63405661	63605661	harbor2	chr15	63434429	63434645	LINE/L2	518	+	108	63434537	28876
chr15	63405661	63605661	harbor2	chr15	63435330	63435556	LINE/L2	518	+	113	63435443	29782
chr15	63405661	63605661	harbor2	chr15	63497649	63498105	LINE/L2	785	+	228	63497877	92216
chr15	21245089	21445089	harbor2	chr15	21259151	21259724	LINE/L2	1135	+	286	21259437	14348
chr15	21245089	21445089	harbor2	chr15	21286686	21287017	LINE/L2	613	+	166	21286852	41763
chr15	21245089	21445089	harbor2	chr15	21326210	21326376	LINE/L2	488	+	83	21326293	81204
chr15	48389932	48589932	harbor2	chr15	48436690	48436832	LINE/L2	484	+	71	48436761	46829
chr15	64052241	64252241	harbor2	chr15	64134062	64134334	LINE/L2	550	+	136	64134198	81957
chr15	67428161	67628161	harbor2	chr15	67432779	67432863	LINE/L2	511	+	42	67432821	4660
chr15	67428161	67628161	harbor2	chr15	67458182	67458602	LINE/L2	1376	+	210	67458392	30231
chr15	67428161	67628161	harbor2	chr15	67508887	67509165	LINE/L2	701	+	139	67509026	80865
chr15	34238104	34438104	harbor2	chr15	34244211	34245012	LINE/L2	838	+	400	34244611	6507
chr15	34238104	34438104	harbor2	chr15	34258380	34258730	LINE/L2	840	+	175	34258555	20451
chr15	35446791	35646791	harbor2	chr15	35451515	35451728	LINE/L2	760	+	106	35451621	4830
chr15	35446791	35646791	harbor2	chr15	35452035	35452222	LINE/L2	760	+	94	35452129	5338
chr15	35446791	35646791	harbor2	chr15	35461985	35462861	LINE/L2	1707	+	438	35462423	15632
chr15	35446791	35646791	harbor2	chr15	35528944	35529139	LINE/L2	602	+	98	35529042	82251
chr15	35446791	35646791	harbor2	chr15	35529501	35529745	LINE/L2	602	+	122	35529623	82832
chr15	35446791	35646791	harbor2	chr15	35537646	35537975	LINE/L2	873	+	164	35537810	91019
chr15	69999529	70199529	harbor2	chr15	69999149	69999667	LINE/L2	1081	+	259	69999408	121
chr15	69999529	70199529	harbor2	chr15	70000023	70000277	LINE/L2	802	+	127	70000150	621
chr15	69999529	70199529	harbor2	chr15	70035028	70035363	LINE/L2	511	+	168	70035196	35667
chr15	69999529	70199529	harbor2	chr15	70044517	70044856	LINE/L2	564	+	170	70044687	45158
chr15	35616949	35816949	harbor2	chr15	35664480	35665177	LINE/L2	419	+	348	35664828	47879
chr15	35616949	35816949	harbor2	chr15	35687275	35687425	LINE/L2	534	+	75	35687350	70401
chr15	36837616	37037616	harbor2	chr15	36869519	36870436	LINE/L2	1027	+	458	36869977	32361
chr15	36837616	37037616	harbor2	chr15	36871590	36871946	LINE/L2	452	+	178	36871768	34152
chr15	36837616	37037616	harbor2	chr15	36909099	36909398	LINE/L2	574	+	150	36909249	71633
chr15	100177694	100377694	harbor2	chr15	100227960	100228470	LINE/L2	566	+	255	100228215	50521
chr15	100177694	100377694	harbor2	chr15	100238194	100238482	LINE/L2	737	+	144	100238338	60644
chr15	45302521	45502521	harbor2	chr15	45396914	45397076	LINE/L2	501	+	81	45396995	94474
chr15	45302521	45502521	harbor2	chr15	45398037	45398257	LINE/L2	502	+	110	45398147	95626
chr15	74806668	75006668	harbor2	chr15	74874322	74874519	LINE/L2	504	+	98	74874420	67752
chr15	74806668	75006668	harbor2	chr15	74875197	74875729	LINE/L2	715	+	266	74875463	68795
chr15	74806668	75006668	harbor2	chr15	74889338	74889909	LINE/L2	951	+	286	74889624	82956
chr15	29169897	29369897	harbor2	chr15	29229374	29230341	LINE/L2	987	+	484	29229858	59961
chr15	71630657	71830657	harbor2	chr15	71714275	71714369	LINE/L2	529	+	47	71714322	83665
chr15	35526392	35726392	harbor2	chr15	35528944	35529139	LINE/L2	602	+	98	35529042	2650
chr15	35526392	35726392	harbor2	chr15	35529501	35529745	LINE/L2	602	+	122	35529623	3231
chr15	35526392	35726392	harbor2	chr15	35537646	35537975	LINE/L2	873	+	164	35537810	11418
chr15	73800179	74000179	harbor2	chr15	73815722	73815977	LINE/L2	461	+	128	73815850	15671
chr15	73800179	74000179	harbor2	chr15	73857416	73857863	LINE/L2	466	+	224	73857640	57461
chr15	21245080	21445080	harbor2	chr15	21259151	21259724	LINE/L2	1135	+	286	21259437	14357
chr15	21245080	21445080	harbor2	chr15	21286686	21287017	LINE/L2	613	+	166	21286852	41772
chr15	21245080	21445080	harbor2	chr15	21326210	21326376	LINE/L2	488	+	83	21326293	81213
chr15	101859001	102059001	harbor2	chr15	101865006	101865592	LINE/L2	492	+	293	101865299	6298
chr15	101859001	102059001	harbor2	chr15	101903941	101904290	LINE/L2	609	+	174	101904115	45114
chr15	101859001	102059001	harbor2	chr15	101931771	101931923	LINE/L2	441	+	76	101931847	72846
chr15	101624486	101824486	harbor2	chr15	101684442	101684774	LINE/L2	646	+	166	101684608	60122
chr15	101624486	101824486	harbor2	chr15	101709348	101709789	LINE/L2	576	+	220	101709568	85082
chr15	45487658	45687658	harbor2	chr15	45517304	45517345	LINE/L2	537	+	20	45517324	29666
chr15	45487658	45687658	harbor2	chr15	45517585	45517666	LINE/L2	537	+	40	45517625	29967
chr15	45487658	45687658	harbor2	chr15	45517978	45518457	LINE/L2	537	+	240	45518218	30560
chr15	73826340	74026340	harbor2	chr15	73857416	73857863	LINE/L2	466	+	224	73857640	31300
chr15	77545719	77745719	harbor2	chr15	77579811	77580203	LINE/L2	953	+	196	77580007	34288
chr15	49055735	49255735	harbor2	chr15	49058552	49058931	LINE/L2	1229	+	190	49058742	3007
chr15	49055735	49255735	harbor2	chr15	49059126	49059375	LINE/L2	1229	+	124	49059250	3515
chr15	49055735	49255735	harbor2	chr15	49077554	49077685	LINE/L2	425	+	66	49077620	21885
chr15	49055735	49255735	harbor2	chr15	49078350	49078674	LINE/L2	497	+	162	49078512	22777
chr15	49055735	49255735	harbor2	chr15	49083153	49083331	LINE/L2	469	+	89	49083242	27507
chr15	49055735	49255735	harbor2	chr15	49120624	49121015	LINE/L2	525	+	196	49120820	65085
chr15	35455037	35655037	harbor2	chr15	35461985	35462861	LINE/L2	1707	+	438	35462423	7386
chr15	35455037	35655037	harbor2	chr15	35528944	35529139	LINE/L2	602	+	98	35529042	74005
chr15	35455037	35655037	harbor2	chr15	35529501	35529745	LINE/L2	602	+	122	35529623	74586
chr15	35455037	35655037	harbor2	chr15	35537646	35537975	LINE/L2	873	+	164	35537810	82773
chr16	67059907	67259907	harbor2	chr16	67059658	67059920	LINE/L2	647	+	131	67059789	118
chr16	58760120	58960120	harbor2	chr16	58834119	58834486	LINE/L2	941	+	184	58834303	74183
chr16	58760120	58960120	harbor2	chr16	58834798	58835067	LINE/L2	941	+	134	58834932	74812
chr16	66712056	66912056	harbor2	chr16	66756385	66756507	LINE/L2	681	+	61	66756446	44390
chr16	67010338	67210338	harbor2	chr16	67059658	67059920	LINE/L2	647	+	131	67059789	49451
chr16	67009867	67209867	harbor2	chr16	67059658	67059920	LINE/L2	647	+	131	67059789	49922
chr16	53038047	53238047	harbor2	chr16	53082721	53083083	LINE/L2	578	+	181	53082902	44855
chr16	4017125	4217125	harbor2	chr16	4053973	4054213	LINE/L2	594	+	120	4054093	36968
chr16	12196224	12396224	harbor2	chr16	12205371	12205919	LINE/L2	1062	+	274	12205645	9421
chr16	12196224	12396224	harbor2	chr16	12228439	12228751	LINE/L2	616	+	156	12228595	32371
chr16	12196224	12396224	harbor2	chr16	12228898	12229326	LINE/L2	715	+	214	12229112	32888
chr16	12196224	12396224	harbor2	chr16	12247968	12248393	LINE/L2	630	+	212	12248180	51956
chr16	12196224	12396224	harbor2	chr16	12248715	12248969	LINE/L2	630	+	127	12248842	52618
chr16	12196224	12396224	harbor2	chr16	12256811	12256935	LINE/L2	992	+	62	12256873	60649
chr16	12196224	12396224	harbor2	chr16	12257497	12257526	LINE/L2	992	+	14	12257511	61287
chr16	12196224	12396224	harbor2	chr16	12257827	12258490	LINE/L2	992	+	332	12258159	61935
chr16	12196224	12396224	harbor2	chr16	12267801	12268358	LINE/L2	925	+	278	12268079	71855
chr16	71341038	71541038	harbor2	chr16	71349938	71350028	LINE/L2	905	+	45	71349983	8945
chr16	71341038	71541038	harbor2	chr16	71350710	71351108	LINE/L2	905	+	199	71350909	9871
chr16	4153746	4353746	harbor2	chr16	4225593	4226235	LINE/L2	793	+	321	4225914	72168
chr16	57703638	57903638	harbor2	chr16	57762741	57763248	LINE/L2	574	+	254	57762995	59357
chr16	30330225	30530225	harbor2	chr16	30360745	30361004	LINE/L2	3641	+	130	30360875	30650
chr16	30330225	30530225	harbor2	chr16	30361308	30361434	LINE/L2	3641	+	63	30361371	31146
chr16	30330225	30530225	harbor2	chr16	30362285	30362756	LINE/L2	3641	+	236	30362521	32296
chr16	30330225	30530225	harbor2	chr16	30363060	30363415	LINE/L2	3641	+	178	30363238	33013
chr16	30330225	30530225	harbor2	chr16	30363627	30363812	LINE/L2	688	+	92	30363719	33494
chr16	30330225	30530225	harbor2	chr16	30416218	30416803	LINE/L2	1649	+	292	30416510	86285
chr16	30330225	30530225	harbor2	chr16	30416936	30417232	LINE/L2	1649	+	148	30417084	86859
chr16	67110694	67310694	harbor2	chr16	67182683	67183020	LINE/L2	741	+	168	67182851	72157
chr16	67110694	67310694	harbor2	chr16	67183210	67183556	LINE/L2	572	+	173	67183383	72689
chr16	31115740	31315740	harbor2	chr16	31118416	31118797	LINE/L2	561	+	190	31118606	2866
chr16	31115740	31315740	harbor2	chr16	31147578	31147751	LINE/L2	651	+	86	31147664	31924
chr16	31042566	31242566	harbor2	chr16	31069313	31069537	LINE/L2	629	+	112	31069425	26859
chr16	31042566	31242566	harbor2	chr16	31118416	31118797	LINE/L2	561	+	190	31118606	76040
chr16	57884872	58084872	harbor2	chr16	57927461	57927639	LINE/L2	575	+	89	57927550	42678
chr16	57884872	58084872	harbor2	chr16	57948457	57948729	LINE/L2	697	+	136	57948593	63721
chr16	85109928	85309928	harbor2	chr16	85134287	85134610	LINE/L2	614	+	162	85134449	24521
chr16	57885293	58085293	harbor2	chr16	57927461	57927639	LINE/L2	575	+	89	57927550	42257
chr16	57885293	58085293	harbor2	chr16	57948457	57948729	LINE/L2	697	+	136	57948593	63300
chr16	56836588	57036588	harbor2	chr16	56859147	56859310	LINE/L2	571	+	82	56859229	22641
chr16	56836588	57036588	harbor2	chr16	56859612	56860171	LINE/L2	936	+	280	56859892	23304
chr16	56836588	57036588	harbor2	chr16	56900845	56901347	LINE/L2	936	+	251	56901096	64508
chr16	56836588	57036588	harbor2	chr16	56901640	56901663	LINE/L2	936	+	12	56901652	65064
chr16	56836588	57036588	harbor2	chr16	56901686	56902136	LINE/L2	654	+	225	56901911	65323
chr16	57884864	58084864	harbor2	chr16	57927461	57927639	LINE/L2	575	+	89	57927550	42686
chr16	57884864	58084864	harbor2	chr16	57948457	57948729	LINE/L2	697	+	136	57948593	63729
chr16	30330344	30530344	harbor2	chr16	30360745	30361004	LINE/L2	3641	+	130	30360875	30531
chr16	30330344	30530344	harbor2	chr16	30361308	30361434	LINE/L2	3641	+	63	30361371	31027
chr16	30330344	30530344	harbor2	chr16	30362285	30362756	LINE/L2	3641	+	236	30362521	32177
chr16	30330344	30530344	harbor2	chr16	30363060	30363415	LINE/L2	3641	+	178	30363238	32894
chr16	30330344	30530344	harbor2	chr16	30363627	30363812	LINE/L2	688	+	92	30363719	33375
chr16	30330344	30530344	harbor2	chr16	30416218	30416803	LINE/L2	1649	+	292	30416510	86166
chr16	30330344	30530344	harbor2	chr16	30416936	30417232	LINE/L2	1649	+	148	30417084	86740
chr16	57885269	58085269	harbor2	chr16	57927461	57927639	LINE/L2	575	+	89	57927550	42281
chr16	57885269	58085269	harbor2	chr16	57948457	57948729	LINE/L2	697	+	136	57948593	63324
chr16	14268480	14468480	harbor2	chr16	14323092	14323406	LINE/L2	638	+	157	14323249	54769
chr16	14268480	14468480	harbor2	chr16	14342865	14343439	LINE/L2	686	+	287	14343152	74672
chr16	66222805	66422805	harbor2	chr16	66257037	66257321	LINE/L2	587	+	142	66257179	34374
chr16	67980152	68180152	harbor2	chr16	68035074	68035357	LINE/L2	872	+	142	68035216	55064
chr16	67980152	68180152	harbor2	chr16	68036745	68037259	LINE/L2	974	+	257	68037002	56850
chr16	67090427	67290427	harbor2	chr16	67182683	67183020	LINE/L2	741	+	168	67182851	92424
chr16	67090427	67290427	harbor2	chr16	67183210	67183556	LINE/L2	572	+	173	67183383	92956
chr16	2123651	2323651	harbor2	chr16	2191680	2192015	LINE/L2	746	+	168	2191848	68197
chr16	2123651	2323651	harbor2	chr16	2192326	2192882	LINE/L2	746	+	278	2192604	68953
chr16	67010349	67210349	harbor2	chr16	67059658	67059920	LINE/L2	647	+	131	67059789	49440
chr16	12056811	12256811	harbor2	chr16	12061038	12061354	LINE/L2	577	+	158	12061196	4385
chr16	12056811	12256811	harbor2	chr16	12155871	12156176	LINE/L2	709	+	152	12156023	99212
chr16	56508531	56708531	harbor2	chr16	56517108	56517715	LINE/L2	855	+	304	56517412	8881
chr16	31042549	31242549	harbor2	chr16	31069313	31069537	LINE/L2	629	+	112	31069425	26876
chr16	31042549	31242549	harbor2	chr16	31118416	31118797	LINE/L2	561	+	190	31118606	76057
chr16	57891927	58091927	harbor2	chr16	57927461	57927639	LINE/L2	575	+	89	57927550	35623
chr16	57891927	58091927	harbor2	chr16	57948457	57948729	LINE/L2	697	+	136	57948593	56666
chr16	57884877	58084877	harbor2	chr16	57927461	57927639	LINE/L2	575	+	89	57927550	42673
chr16	57884877	58084877	harbor2	chr16	57948457	57948729	LINE/L2	697	+	136	57948593	63716
chr16	31042564	31242564	harbor2	chr16	31069313	31069537	LINE/L2	629	+	112	31069425	26861
chr16	31042564	31242564	harbor2	chr16	31118416	31118797	LINE/L2	561	+	190	31118606	76042
chr16	71270097	71470097	harbor2	chr16	71288092	71288544	LINE/L2	1461	+	226	71288318	18221
chr16	71270097	71470097	harbor2	chr16	71296526	71296812	LINE/L2	614	+	143	71296669	26572
chr16	71270097	71470097	harbor2	chr16	71313410	71314078	LINE/L2	582	+	334	71313744	43647
chr16	71270097	71470097	harbor2	chr16	71321626	71322312	LINE/L2	1656	+	343	71321969	51872
chr16	71270097	71470097	harbor2	chr16	71324106	71324432	LINE/L2	553	+	163	71324269	54172
chr16	71270097	71470097	harbor2	chr16	71349938	71350028	LINE/L2	905	+	45	71349983	79886
chr16	71270097	71470097	harbor2	chr16	71350710	71351108	LINE/L2	905	+	199	71350909	80812
chr16	4998410	5198410	harbor2	chr16	5032724	5033125	LINE/L2	661	+	200	5032924	34514
chr16	4998410	5198410	harbor2	chr16	5095984	5096462	LINE/L2	929	+	239	5096223	97813
chr16	67010382	67210382	harbor2	chr16	67059658	67059920	LINE/L2	647	+	131	67059789	49407
chr16	56837249	57037249	harbor2	chr16	56859147	56859310	LINE/L2	571	+	82	56859229	21980
chr16	56837249	57037249	harbor2	chr16	56859612	56860171	LINE/L2	936	+	280	56859892	22643
chr16	56837249	57037249	harbor2	chr16	56900845	56901347	LINE/L2	936	+	251	56901096	63847
chr16	56837249	57037249	harbor2	chr16	56901640	56901663	LINE/L2	936	+	12	56901652	64403
chr16	56837249	57037249	harbor2	chr16	56901686	56902136	LINE/L2	654	+	225	56901911	64662
chr16	56831966	57031966	harbor2	chr16	56859147	56859310	LINE/L2	571	+	82	56859229	27263
chr16	56831966	57031966	harbor2	chr16	56859612	56860171	LINE/L2	936	+	280	56859892	27926
chr16	56831966	57031966	harbor2	chr16	56900845	56901347	LINE/L2	936	+	251	56901096	69130
chr16	56831966	57031966	harbor2	chr16	56901640	56901663	LINE/L2	936	+	12	56901652	69686
chr16	56831966	57031966	harbor2	chr16	56901686	56902136	LINE/L2	654	+	225	56901911	69945
chr16	67299632	67499632	harbor2	chr16	67312463	67312914	LINE/L2	1415	+	226	67312689	13057
chr16	2502166	2702166	harbor2	chr16	2554697	2554991	LINE/L2	910	+	147	2554844	52678
chr16	67010350	67210350	harbor2	chr16	67059658	67059920	LINE/L2	647	+	131	67059789	49439
chr16	67092199	67292199	harbor2	chr16	67182683	67183020	LINE/L2	741	+	168	67182851	90652
chr16	67092199	67292199	harbor2	chr16	67183210	67183556	LINE/L2	572	+	173	67183383	91184
chr16	30330346	30530346	harbor2	chr16	30360745	30361004	LINE/L2	3641	+	130	30360875	30529
chr16	30330346	30530346	harbor2	chr16	30361308	30361434	LINE/L2	3641	+	63	30361371	31025
chr16	30330346	30530346	harbor2	chr16	30362285	30362756	LINE/L2	3641	+	236	30362521	32175
chr16	30330346	30530346	harbor2	chr16	30363060	30363415	LINE/L2	3641	+	178	30363238	32892
chr16	30330346	30530346	harbor2	chr16	30363627	30363812	LINE/L2	688	+	92	30363719	33373
chr16	30330346	30530346	harbor2	chr16	30416218	30416803	LINE/L2	1649	+	292	30416510	86164
chr16	30330346	30530346	harbor2	chr16	30416936	30417232	LINE/L2	1649	+	148	30417084	86738
chr16	49757847	49957847	harbor2	chr16	49768502	49769086	LINE/L2	770	+	292	49768794	10947
chr16	49757847	49957847	harbor2	chr16	49769385	49769738	LINE/L2	770	+	176	49769561	11714
chr16	57892529	58092529	harbor2	chr16	57927461	57927639	LINE/L2	575	+	89	57927550	35021
chr16	57892529	58092529	harbor2	chr16	57948457	57948729	LINE/L2	697	+	136	57948593	56064
chr16	86769708	86969708	harbor2	chr16	86867116	86867746	LINE/L2	652	+	315	86867431	97723
chr16	67033235	67233235	harbor2	chr16	67059658	67059920	LINE/L2	647	+	131	67059789	26554
chr16	75364243	75564243	harbor2	chr16	75460384	75460811	LINE/L2	790	+	214	75460598	96355
chr16	49564186	49764186	harbor2	chr16	49579888	49580518	LINE/L2	568	+	315	49580203	16017
chr17	7477694	7677694	harbor2	chr17	7488900	7489164	LINE/L2	842	+	132	7489032	11338
chr17	7477694	7677694	harbor2	chr17	7487412	7488007	LINE/L2	916	+	298	7487710	10016
chr17	7477462	7677462	harbor2	chr17	7488900	7489164	LINE/L2	842	+	132	7489032	11570
chr17	7477462	7677462	harbor2	chr17	7487412	7488007	LINE/L2	916	+	298	7487710	10248
chr17	7475157	7675157	harbor2	chr17	7488900	7489164	LINE/L2	842	+	132	7489032	13875
chr17	7475157	7675157	harbor2	chr17	7487412	7488007	LINE/L2	916	+	298	7487710	12553
chr17	79533790	79733790	harbor2	chr17	79552345	79552621	LINE/L2	673	+	138	79552483	18693
chr17	36848807	37048807	harbor2	chr17	36866133	36866499	LINE/L2	953	+	183	36866316	17509
chr17	36848807	37048807	harbor2	chr17	36873463	36873948	LINE/L2	625	+	242	36873705	24898
chr17	7462624	7662624	harbor2	chr17	7488900	7489164	LINE/L2	842	+	132	7489032	26408
chr17	7462624	7662624	harbor2	chr17	7487412	7488007	LINE/L2	916	+	298	7487710	25086
chr17	44254078	44454078	harbor2	chr17	44275052	44275379	LINE/L2	659	+	164	44275216	21138
chr17	44254078	44454078	harbor2	chr17	44317695	44317852	LINE/L2	679	+	78	44317773	63695
chr17	33328761	33528761	harbor2	chr17	33366323	33366747	LINE/L2	828	+	212	33366535	37774
chr17	33328761	33528761	harbor2	chr17	33386138	33386877	LINE/L2	761	+	370	33386508	57747
chr17	33328761	33528761	harbor2	chr17	33398099	33398318	LINE/L2	730	+	110	33398209	69448
chr17	18021809	18221809	harbor2	chr17	18110720	18111060	LINE/L2	716	+	170	18110890	89081
chr17	18021809	18221809	harbor2	chr17	18111365	18111521	LINE/L2	716	+	78	18111443	89634
chr17	18021809	18221809	harbor2	chr17	18114561	18115336	LINE/L2	1323	+	388	18114949	93140
chr17	18021809	18221809	harbor2	chr17	18115630	18115809	LINE/L2	1323	+	90	18115720	93911
chr17	3792936	3992936	harbor2	chr17	3825191	3825441	LINE/L2	865	+	125	3825316	32380
chr17	3792936	3992936	harbor2	chr17	3851649	3852322	LINE/L2	624	+	336	3851985	59049
chr17	3792936	3992936	harbor2	chr17	3852629	3853152	LINE/L2	624	+	262	3852891	59955
chr17	7473235	7673235	harbor2	chr17	7488900	7489164	LINE/L2	842	+	132	7489032	15797
chr17	7473235	7673235	harbor2	chr17	7487412	7488007	LINE/L2	916	+	298	7487710	14475
chr17	7463026	7663026	harbor2	chr17	7488900	7489164	LINE/L2	842	+	132	7489032	26006
chr17	7463026	7663026	harbor2	chr17	7487412	7488007	LINE/L2	916	+	298	7487710	24684
chr17	64956034	65156034	harbor2	chr17	65037343	65037649	LINE/L2	596	+	153	65037496	81462
chr17	64956034	65156034	harbor2	chr17	65037788	65038031	LINE/L2	596	+	122	65037910	81876
chr17	64956034	65156034	harbor2	chr17	65039026	65039856	LINE/L2	958	+	415	65039441	83407
chr17	64956034	65156034	harbor2	chr17	64962432	64962668	LINE/L2	701	+	118	64962550	6516
chr17	44256569	44456569	harbor2	chr17	44275052	44275379	LINE/L2	659	+	164	44275216	18647
chr17	44256569	44456569	harbor2	chr17	44317695	44317852	LINE/L2	679	+	78	44317773	61204
chr17	77101168	77301168	harbor2	chr17	77192210	77192456	LINE/L2	851	+	123	77192333	91165
chr17	7488100	7688100	harbor2	chr17	7488900	7489164	LINE/L2	842	+	132	7489032	932
chr17	7477191	7677191	harbor2	chr17	7488900	7489164	LINE/L2	842	+	132	7489032	11841
chr17	7477191	7677191	harbor2	chr17	7487412	7488007	LINE/L2	916	+	298	7487710	10519
chr17	50068224	50268224	harbor2	chr17	50114558	50114766	LINE/L2	693	+	104	50114662	46438
chr17	50068224	50268224	harbor2	chr17	50119779	50120020	LINE/L2	807	+	120	50119899	51675
chr17	50068224	50268224	harbor2	chr17	50120412	50121089	LINE/L2	1571	+	338	50120750	52526
chr17	50068224	50268224	harbor2	chr17	50122425	50122677	LINE/L2	745	+	126	50122551	54327
chr17	7461749	7661749	harbor2	chr17	7488900	7489164	LINE/L2	842	+	132	7489032	27283
chr17	7461749	7661749	harbor2	chr17	7487412	7488007	LINE/L2	916	+	298	7487710	25961
chr17	15162691	15362691	harbor2	chr17	15250242	15251473	LINE/L2	998	+	616	15250858	88167
chr17	7461773	7661773	harbor2	chr17	7488900	7489164	LINE/L2	842	+	132	7489032	27259
chr17	7461773	7661773	harbor2	chr17	7487412	7488007	LINE/L2	916	+	298	7487710	25937
chr17	79354447	79554447	harbor2	chr17	79423047	79423511	LINE/L2	696	+	232	79423279	68832
chr17	33193427	33393427	harbor2	chr17	33200303	33201305	LINE/L2	1786	+	501	33200804	7377
chr17	33193427	33393427	harbor2	chr17	33208374	33208665	LINE/L2	653	+	146	33208520	15093
chr17	33193427	33393427	harbor2	chr17	33208699	33208824	LINE/L2	653	+	62	33208761	15334
chr17	33193427	33393427	harbor2	chr17	33238384	33238780	LINE/L2	1374	+	198	33238582	45155
chr17	33193427	33393427	harbor2	chr17	33239302	33239598	LINE/L2	1374	+	148	33239450	46023
chr17	33193427	33393427	harbor2	chr17	33265855	33266373	LINE/L2	630	+	259	33266114	72687
chr17	33193427	33393427	harbor2	chr17	33271110	33272428	LINE/L2	2093	+	659	33271769	78342
chr17	33193427	33393427	harbor2	chr17	33286504	33286923	LINE/L2	715	+	210	33286714	93287
chr17	38630351	38830351	harbor2	chr17	38634900	38635073	LINE/L2	1092	+	86	38634986	4635
chr17	38630351	38830351	harbor2	chr17	38635387	38635424	LINE/L2	1092	+	18	38635405	5054
chr17	38630351	38830351	harbor2	chr17	38635733	38636140	LINE/L2	1092	+	204	38635937	5586
chr17	38630351	38830351	harbor2	chr17	38636514	38636533	LINE/L2	1092	+	10	38636524	6173
chr17	38630351	38830351	harbor2	chr17	38636832	38637039	LINE/L2	1092	+	104	38636936	6585
chr17	38630351	38830351	harbor2	chr17	38675794	38676026	LINE/L2	659	+	116	38675910	45559
chr17	38630351	38830351	harbor2	chr17	38685498	38686224	LINE/L2	882	+	363	38685861	55510
chr17	64956160	65156160	harbor2	chr17	65037343	65037649	LINE/L2	596	+	153	65037496	81336
chr17	64956160	65156160	harbor2	chr17	65037788	65038031	LINE/L2	596	+	122	65037910	81750
chr17	64956160	65156160	harbor2	chr17	65039026	65039856	LINE/L2	958	+	415	65039441	83281
chr17	64956160	65156160	harbor2	chr17	64962432	64962668	LINE/L2	701	+	118	64962550	6390
chr17	7463028	7663028	harbor2	chr17	7488900	7489164	LINE/L2	842	+	132	7489032	26004
chr17	7463028	7663028	harbor2	chr17	7487412	7488007	LINE/L2	916	+	298	7487710	24682
chr17	77156768	77356768	harbor2	chr17	77192210	77192456	LINE/L2	851	+	123	77192333	35565
chr17	33193168	33393168	harbor2	chr17	33200303	33201305	LINE/L2	1786	+	501	33200804	7636
chr17	33193168	33393168	harbor2	chr17	33208374	33208665	LINE/L2	653	+	146	33208520	15352
chr17	33193168	33393168	harbor2	chr17	33208699	33208824	LINE/L2	653	+	62	33208761	15593
chr17	33193168	33393168	harbor2	chr17	33238384	33238780	LINE/L2	1374	+	198	33238582	45414
chr17	33193168	33393168	harbor2	chr17	33239302	33239598	LINE/L2	1374	+	148	33239450	46282
chr17	33193168	33393168	harbor2	chr17	33265855	33266373	LINE/L2	630	+	259	33266114	72946
chr17	33193168	33393168	harbor2	chr17	33271110	33272428	LINE/L2	2093	+	659	33271769	78601
chr17	33193168	33393168	harbor2	chr17	33286504	33286923	LINE/L2	715	+	210	33286714	93546
chr17	28320288	28520288	harbor2	chr17	28337058	28337400	LINE/L2	601	+	171	28337229	16941
chr17	28320288	28520288	harbor2	chr17	28337686	28337993	LINE/L2	642	+	154	28337840	17552
chr17	28320288	28520288	harbor2	chr17	28408210	28408743	LINE/L2	1325	+	266	28408476	88188
chr17	7474761	7674761	harbor2	chr17	7488900	7489164	LINE/L2	842	+	132	7489032	14271
chr17	7474761	7674761	harbor2	chr17	7487412	7488007	LINE/L2	916	+	298	7487710	12949
chr17	9859773	10059773	harbor2	chr17	9908981	9909242	LINE/L2	829	+	130	9909111	49338
chr17	9859773	10059773	harbor2	chr17	9909529	9909920	LINE/L2	840	+	196	9909725	49952
chr17	76146968	76346968	harbor2	chr17	76157895	76158247	LINE/L2	661	+	176	76158071	11103
chr17	7488084	7688084	harbor2	chr17	7488900	7489164	LINE/L2	842	+	132	7489032	948
chr17	2838078	3038078	harbor2	chr17	2860906	2861412	LINE/L2	901	+	253	2861159	23081
chr17	2838078	3038078	harbor2	chr17	2877200	2877459	LINE/L2	747	+	130	2877330	39252
chr17	2838639	3038639	harbor2	chr17	2860906	2861412	LINE/L2	901	+	253	2861159	22520
chr17	2838639	3038639	harbor2	chr17	2877200	2877459	LINE/L2	747	+	130	2877330	38691
chr17	7758049	7958049	harbor2	chr17	7821617	7821978	LINE/L2	736	+	180	7821797	63748
chr17	7758049	7958049	harbor2	chr17	7822318	7822788	LINE/L2	986	+	235	7822553	64504
chr17	7461827	7661827	harbor2	chr17	7488900	7489164	LINE/L2	842	+	132	7489032	27205
chr17	7461827	7661827	harbor2	chr17	7487412	7488007	LINE/L2	916	+	298	7487710	25883
chr17	32776669	32976669	harbor2	chr17	32785492	32785841	LINE/L2	770	+	174	32785666	8997
chr17	32776669	32976669	harbor2	chr17	32853417	32853709	LINE/L2	649	+	146	32853563	76894
chr17	32776669	32976669	harbor2	chr17	32833038	32834141	LINE/L2	1881	+	552	32833590	56921
chr17	31389658	31589658	harbor2	chr17	31450265	31450321	LINE/L2	725	+	28	31450293	60635
chr17	31389658	31589658	harbor2	chr17	31450602	31451176	LINE/L2	725	+	287	31450889	61231
chr17	31389658	31589658	harbor2	chr17	31451482	31451894	LINE/L2	923	+	206	31451688	62030
chr17	31389658	31589658	harbor2	chr17	31452140	31452289	LINE/L2	923	+	74	31452214	62556
chr17	40257161	40457161	harbor2	chr17	40340056	40340595	LINE/L2	1003	+	270	40340326	83165
chr17	28851871	29051871	harbor2	chr17	28878239	28878765	LINE/L2	918	+	263	28878502	26631
chr17	28851871	29051871	harbor2	chr17	28899537	28899711	LINE/L2	1311	+	87	28899624	47753
chr17	28851871	29051871	harbor2	chr17	28900329	28900669	LINE/L2	1311	+	170	28900499	48628
chr17	40547830	40747830	harbor2	chr17	40613666	40613791	LINE/L2	615	+	62	40613728	65898
chr17	38634397	38834397	harbor2	chr17	38634900	38635073	LINE/L2	1092	+	86	38634986	589
chr17	38634397	38834397	harbor2	chr17	38635387	38635424	LINE/L2	1092	+	18	38635405	1008
chr17	38634397	38834397	harbor2	chr17	38635733	38636140	LINE/L2	1092	+	204	38635937	1540
chr17	38634397	38834397	harbor2	chr17	38636514	38636533	LINE/L2	1092	+	10	38636524	2127
chr17	38634397	38834397	harbor2	chr17	38636832	38637039	LINE/L2	1092	+	104	38636936	2539
chr17	38634397	38834397	harbor2	chr17	38675794	38676026	LINE/L2	659	+	116	38675910	41513
chr17	38634397	38834397	harbor2	chr17	38685498	38686224	LINE/L2	882	+	363	38685861	51464
chr17	81134238	81334238	harbor2	chr17	81184267	81184615	LINE/L2	626	+	174	81184441	50203
chr17	60049882	60249882	harbor2	chr17	60068463	60069019	LINE/L2	637	+	278	60068741	18859
chr17	76062133	76262133	harbor2	chr17	76157895	76158247	LINE/L2	661	+	176	76158071	95938
chr17	39843014	40043014	harbor2	chr17	39844351	39844630	LINE/L2	1306	+	140	39844491	1477
chr17	39843014	40043014	harbor2	chr17	39844883	39845041	LINE/L2	1306	+	79	39844962	1948
chr17	39843014	40043014	harbor2	chr17	39852163	39852688	LINE/L2	1670	+	262	39852425	9411
chr17	39843014	40043014	harbor2	chr17	39852984	39853048	LINE/L2	1670	+	32	39853016	10002
chr17	1548913	1748913	harbor2	chr17	1635936	1636352	LINE/L2	633	+	208	1636144	87231
chr17	17872744	18072744	harbor2	chr17	17905708	17906114	LINE/L2	1524	+	203	17905911	33167
chr17	17872744	18072744	harbor2	chr17	17906429	17906679	LINE/L2	1524	+	125	17906554	33810
chr17	2204008	2404008	harbor2	chr17	2281429	2282140	LINE/L2	607	+	356	2281785	77777
chr17	42477293	42677293	harbor2	chr17	42550670	42551173	LINE/L2	1102	+	252	42550922	73629
chr17	42477293	42677293	harbor2	chr17	42556914	42557404	LINE/L2	1078	+	245	42557159	79866
chr17	7464666	7664666	harbor2	chr17	7488900	7489164	LINE/L2	842	+	132	7489032	24366
chr17	7464666	7664666	harbor2	chr17	7487412	7488007	LINE/L2	916	+	298	7487710	23044
chr17	79837474	80037474	harbor2	chr17	79851176	79851679	LINE/L2	1047	+	252	79851428	13954
chr17	81139059	81339059	harbor2	chr17	81184267	81184615	LINE/L2	626	+	174	81184441	45382
chr17	81093365	81293365	harbor2	chr17	81184267	81184615	LINE/L2	626	+	174	81184441	91076
chr17	7472460	7672460	harbor2	chr17	7488900	7489164	LINE/L2	842	+	132	7489032	16572
chr17	7472460	7672460	harbor2	chr17	7487412	7488007	LINE/L2	916	+	298	7487710	15250
chr17	81134122	81334122	harbor2	chr17	81184267	81184615	LINE/L2	626	+	174	81184441	50319
chr17	7461796	7661796	harbor2	chr17	7488900	7489164	LINE/L2	842	+	132	7489032	27236
chr17	7461796	7661796	harbor2	chr17	7487412	7488007	LINE/L2	916	+	298	7487710	25914
chr17	7472419	7672419	harbor2	chr17	7488900	7489164	LINE/L2	842	+	132	7489032	16613
chr17	7472419	7672419	harbor2	chr17	7487412	7488007	LINE/L2	916	+	298	7487710	15291
chr17	44677505	44877505	harbor2	chr17	44686659	44686863	LINE/L2	648	+	102	44686761	9256
chr17	62850959	63050959	harbor2	chr17	62914987	62915372	LINE/L2	943	+	192	62915179	64220
chr17	62850959	63050959	harbor2	chr17	62930570	62930724	LINE/L2	708	+	77	62930647	79688
chr17	62850959	63050959	harbor2	chr17	62931024	62931261	LINE/L2	708	+	118	62931142	80183
chr17	62850959	63050959	harbor2	chr17	62945158	62945575	LINE/L2	869	+	208	62945366	94407
chr17	62850959	63050959	harbor2	chr17	62914219	62914783	LINE/L2	943	+	282	62914501	63542
chr17	2236511	2436511	harbor2	chr17	2281429	2282140	LINE/L2	607	+	356	2281785	45274
chr17	2236511	2436511	harbor2	chr17	2318983	2319338	LINE/L2	975	+	178	2319161	82650
chr17	2236511	2436511	harbor2	chr17	2319583	2319818	LINE/L2	1126	+	118	2319701	83190
chr17	2236511	2436511	harbor2	chr17	2320118	2320251	LINE/L2	1126	+	66	2320184	83673
chr17	2236511	2436511	harbor2	chr17	2320862	2321245	LINE/L2	1126	+	192	2321054	84543
chr17	62166308	62366308	harbor2	chr17	62191232	62191309	LINE/L2	844	+	38	62191270	24962
chr17	62166308	62366308	harbor2	chr17	62191639	62191746	LINE/L2	1239	+	54	62191693	25385
chr17	62166308	62366308	harbor2	chr17	62192061	62192537	LINE/L2	1239	+	238	62192299	25991
chr17	81179270	81379270	harbor2	chr17	81184267	81184615	LINE/L2	626	+	174	81184441	5171
chr17	57768134	57968134	harbor2	chr17	57784117	57785693	LINE/L2	2299	+	788	57784905	16771
chr17	7472691	7672691	harbor2	chr17	7488900	7489164	LINE/L2	842	+	132	7489032	16341
chr17	7472691	7672691	harbor2	chr17	7487412	7488007	LINE/L2	916	+	298	7487710	15019
chr17	35649355	35849355	harbor2	chr17	35696723	35696953	LINE/L2	720	+	115	35696838	47483
chr17	8926421	9126421	harbor2	chr17	8960276	8960554	LINE/L2	630	+	139	8960415	33994
chr17	8926421	9126421	harbor2	chr17	8995168	8995572	LINE/L2	834	+	202	8995370	68949
chr17	7465556	7665556	harbor2	chr17	7488900	7489164	LINE/L2	842	+	132	7489032	23476
chr17	7465556	7665556	harbor2	chr17	7487412	7488007	LINE/L2	916	+	298	7487710	22154
chr17	47195622	47395622	harbor2	chr17	47263875	47263912	LINE/L2	686	+	18	47263893	68271
chr17	47195622	47395622	harbor2	chr17	47264329	47265074	LINE/L2	1119	+	372	47264701	69079
chr17	44456186	44656186	harbor2	chr17	44493944	44494309	LINE/L2	1149	+	182	44494126	37940
chr17	44456186	44656186	harbor2	chr17	44494610	44494666	LINE/L2	1149	+	28	44494638	38452
chr17	27233081	27433081	harbor2	chr17	27269261	27269792	LINE/L2	885	+	266	27269527	36446
chr17	81103482	81303482	harbor2	chr17	81184267	81184615	LINE/L2	626	+	174	81184441	80959
chr18	26129359	26329359	harbor2	chr18	26173051	26173548	LINE/L2	941	+	248	26173299	43940
chr18	26129359	26329359	harbor2	chr18	26173856	26173947	LINE/L2	941	+	46	26173902	44543
chr18	26129359	26329359	harbor2	chr18	26203825	26204281	LINE/L2	1081	+	228	26204053	74694
chr18	26129359	26329359	harbor2	chr18	26221634	26221796	LINE/L2	731	+	81	26221715	92356
chr18	26129359	26329359	harbor2	chr18	26221958	26222171	LINE/L2	694	+	106	26222064	92705
chr18	26126451	26326451	harbor2	chr18	26173051	26173548	LINE/L2	941	+	248	26173299	46848
chr18	26126451	26326451	harbor2	chr18	26173856	26173947	LINE/L2	941	+	46	26173902	47451
chr18	26126451	26326451	harbor2	chr18	26203825	26204281	LINE/L2	1081	+	228	26204053	77602
chr18	26126451	26326451	harbor2	chr18	26221634	26221796	LINE/L2	731	+	81	26221715	95264
chr18	26126451	26326451	harbor2	chr18	26221958	26222171	LINE/L2	694	+	106	26222064	95613
chr18	26128509	26328509	harbor2	chr18	26173051	26173548	LINE/L2	941	+	248	26173299	44790
chr18	26128509	26328509	harbor2	chr18	26173856	26173947	LINE/L2	941	+	46	26173902	45393
chr18	26128509	26328509	harbor2	chr18	26203825	26204281	LINE/L2	1081	+	228	26204053	75544
chr18	26128509	26328509	harbor2	chr18	26221634	26221796	LINE/L2	731	+	81	26221715	93206
chr18	26128509	26328509	harbor2	chr18	26221958	26222171	LINE/L2	694	+	106	26222064	93555
chr18	26126452	26326452	harbor2	chr18	26173051	26173548	LINE/L2	941	+	248	26173299	46847
chr18	26126452	26326452	harbor2	chr18	26173856	26173947	LINE/L2	941	+	46	26173902	47450
chr18	26126452	26326452	harbor2	chr18	26203825	26204281	LINE/L2	1081	+	228	26204053	77601
chr18	26126452	26326452	harbor2	chr18	26221634	26221796	LINE/L2	731	+	81	26221715	95263
chr18	26126452	26326452	harbor2	chr18	26221958	26222171	LINE/L2	694	+	106	26222064	95612
chr18	26128609	26328609	harbor2	chr18	26173051	26173548	LINE/L2	941	+	248	26173299	44690
chr18	26128609	26328609	harbor2	chr18	26173856	26173947	LINE/L2	941	+	46	26173902	45293
chr18	26128609	26328609	harbor2	chr18	26203825	26204281	LINE/L2	1081	+	228	26204053	75444
chr18	26128609	26328609	harbor2	chr18	26221634	26221796	LINE/L2	731	+	81	26221715	93106
chr18	26128609	26328609	harbor2	chr18	26221958	26222171	LINE/L2	694	+	106	26222064	93455
chr18	26126723	26326723	harbor2	chr18	26173051	26173548	LINE/L2	941	+	248	26173299	46576
chr18	26126723	26326723	harbor2	chr18	26173856	26173947	LINE/L2	941	+	46	26173902	47179
chr18	26126723	26326723	harbor2	chr18	26203825	26204281	LINE/L2	1081	+	228	26204053	77330
chr18	26126723	26326723	harbor2	chr18	26221634	26221796	LINE/L2	731	+	81	26221715	94992
chr18	26126723	26326723	harbor2	chr18	26221958	26222171	LINE/L2	694	+	106	26222064	95341
chr18	26192379	26392379	harbor2	chr18	26203825	26204281	LINE/L2	1081	+	228	26204053	11674
chr18	26192379	26392379	harbor2	chr18	26221634	26221796	LINE/L2	731	+	81	26221715	29336
chr18	26192379	26392379	harbor2	chr18	26221958	26222171	LINE/L2	694	+	106	26222064	29685
chr18	37466535	37666535	harbor2	chr18	37487916	37488423	LINE/L2	816	+	254	37488170	21635
chr18	37466535	37666535	harbor2	chr18	37541108	37542071	LINE/L2	1323	+	482	37541590	75055
chr18	26127358	26327358	harbor2	chr18	26173051	26173548	LINE/L2	941	+	248	26173299	45941
chr18	26127358	26327358	harbor2	chr18	26173856	26173947	LINE/L2	941	+	46	26173902	46544
chr18	26127358	26327358	harbor2	chr18	26203825	26204281	LINE/L2	1081	+	228	26204053	76695
chr18	26127358	26327358	harbor2	chr18	26221634	26221796	LINE/L2	731	+	81	26221715	94357
chr18	26127358	26327358	harbor2	chr18	26221958	26222171	LINE/L2	694	+	106	26222064	94706
chr18	12848395	13048395	harbor2	chr18	12880647	12880954	LINE/L2	615	+	154	12880801	32406
chr18	57458489	57658489	harbor2	chr18	57555621	57555835	LINE/L2	607	+	107	57555728	97239
chr18	63267857	63467857	harbor2	chr18	63277151	63277346	LINE/L2	551	+	98	63277249	9392
chr18	74439385	74639385	harbor2	chr18	74472732	74474152	LINE/L2	2909	+	710	74473442	34057
chr18	26155998	26355998	harbor2	chr18	26173051	26173548	LINE/L2	941	+	248	26173299	17301
chr18	26155998	26355998	harbor2	chr18	26173856	26173947	LINE/L2	941	+	46	26173902	17904
chr18	26155998	26355998	harbor2	chr18	26203825	26204281	LINE/L2	1081	+	228	26204053	48055
chr18	26155998	26355998	harbor2	chr18	26221634	26221796	LINE/L2	731	+	81	26221715	65717
chr18	26155998	26355998	harbor2	chr18	26221958	26222171	LINE/L2	694	+	106	26222064	66066
chr18	65651749	65851749	harbor2	chr18	65659952	65660635	LINE/L2	571	+	342	65660294	8545
chr18	24500243	24700243	harbor2	chr18	24568848	24569146	LINE/L2	725	+	149	24568997	68754
chr18	24500243	24700243	harbor2	chr18	24599513	24599649	LINE/L2	504	+	68	24599581	99338
chr18	26127435	26327435	harbor2	chr18	26173051	26173548	LINE/L2	941	+	248	26173299	45864
chr18	26127435	26327435	harbor2	chr18	26173856	26173947	LINE/L2	941	+	46	26173902	46467
chr18	26127435	26327435	harbor2	chr18	26203825	26204281	LINE/L2	1081	+	228	26204053	76618
chr18	26127435	26327435	harbor2	chr18	26221634	26221796	LINE/L2	731	+	81	26221715	94280
chr18	26127435	26327435	harbor2	chr18	26221958	26222171	LINE/L2	694	+	106	26222064	94629
chr18	62778589	62978589	harbor2	chr18	62856232	62856442	LINE/L2	839	+	105	62856337	77748
chr18	62778589	62978589	harbor2	chr18	62856733	62857106	LINE/L2	839	+	186	62856919	78330
chr18	62778589	62978589	harbor2	chr18	62857638	62857900	LINE/L2	551	+	131	62857769	79180
chr19	49751330	49951330	harbor2	chr19	49790923	49791170	LINE/L2	706	+	124	49791047	39717
chr19	10189600	10389600	harbor2	chr19	10268399	10268757	LINE/L2	691	+	179	10268578	78978
chr19	10189600	10389600	harbor2	chr19	10269056	10269174	LINE/L2	691	+	59	10269115	79515
chr19	10695944	10895944	harbor2	chr19	10737215	10737486	LINE/L2	792	+	136	10737351	41407
chr19	10695944	10895944	harbor2	chr19	10737785	10737902	LINE/L2	792	+	58	10737843	41899
chr19	49752226	49952226	harbor2	chr19	49790923	49791170	LINE/L2	706	+	124	49791047	38821
chr19	5522877	5722877	harbor2	chr19	5523006	5523478	LINE/L2	817	+	236	5523242	365
chr19	5522877	5722877	harbor2	chr19	5564940	5565517	LINE/L2	1081	+	288	5565228	42351
chr19	2800670	3000670	harbor2	chr19	2869196	2869361	LINE/L2	669	+	82	2869278	68608
chr19	2800670	3000670	harbor2	chr19	2869667	2870055	LINE/L2	669	+	194	2869861	69191
chr19	5522866	5722866	harbor2	chr19	5523006	5523478	LINE/L2	817	+	236	5523242	376
chr19	5522866	5722866	harbor2	chr19	5564940	5565517	LINE/L2	1081	+	288	5565228	42362
chr19	5522868	5722868	harbor2	chr19	5523006	5523478	LINE/L2	817	+	236	5523242	374
chr19	5522868	5722868	harbor2	chr19	5564940	5565517	LINE/L2	1081	+	288	5565228	42360
chr19	5522876	5722876	harbor2	chr19	5523006	5523478	LINE/L2	817	+	236	5523242	366
chr19	5522876	5722876	harbor2	chr19	5564940	5565517	LINE/L2	1081	+	288	5565228	42352
chr19	49752043	49952043	harbor2	chr19	49790923	49791170	LINE/L2	706	+	124	49791047	39004
chr19	35168139	35368139	harbor2	chr19	35168620	35168780	LINE/L2	798	+	80	35168700	561
chr19	35168139	35368139	harbor2	chr19	35169080	35169316	LINE/L2	798	+	118	35169198	1059
chr19	35168139	35368139	harbor2	chr19	35225897	35226181	LINE/L2	804	+	142	35226039	57900
chr19	35168139	35368139	harbor2	chr19	35226492	35226617	LINE/L2	804	+	62	35226554	58415
chr19	48530447	48730447	harbor2	chr19	48541891	48542099	LINE/L2	653	+	104	48541995	11548
chr19	5522870	5722870	harbor2	chr19	5523006	5523478	LINE/L2	817	+	236	5523242	372
chr19	5522870	5722870	harbor2	chr19	5564940	5565517	LINE/L2	1081	+	288	5565228	42358
chr19	10235172	10435172	harbor2	chr19	10268399	10268757	LINE/L2	691	+	179	10268578	33406
chr19	10235172	10435172	harbor2	chr19	10269056	10269174	LINE/L2	691	+	59	10269115	33943
chr19	49758607	49958607	harbor2	chr19	49790923	49791170	LINE/L2	706	+	124	49791047	32440
chr19	36428735	36628735	harbor2	chr19	36470024	36470628	LINE/L2	1144	+	302	36470326	41591
chr19	36428735	36628735	harbor2	chr19	36471233	36471743	LINE/L2	1144	+	255	36471488	42753
chr19	36428735	36628735	harbor2	chr19	36472040	36472135	LINE/L2	733	+	48	36472088	43353
chr19	36428735	36628735	harbor2	chr19	36522937	36523412	LINE/L2	1062	+	238	36523175	94440
chr19	5522873	5722873	harbor2	chr19	5523006	5523478	LINE/L2	817	+	236	5523242	369
chr19	5522873	5722873	harbor2	chr19	5564940	5565517	LINE/L2	1081	+	288	5565228	42355
chr19	49753274	49953274	harbor2	chr19	49790923	49791170	LINE/L2	706	+	124	49791047	37773
chr19	45369318	45569318	harbor2	chr19	45373632	45373916	LINE/L2	978	+	142	45373774	4456
chr19	45369318	45569318	harbor2	chr19	45374211	45374419	LINE/L2	978	+	104	45374315	4997
chr19	45369318	45569318	harbor2	chr19	45421998	45422489	LINE/L2	1060	+	246	45422244	52926
chr19	45369318	45569318	harbor2	chr19	45422786	45422847	LINE/L2	912	+	30	45422816	53498
chr19	49752476	49952476	harbor2	chr19	49790923	49791170	LINE/L2	706	+	124	49791047	38571
chr19	5522872	5722872	harbor2	chr19	5523006	5523478	LINE/L2	817	+	236	5523242	370
chr19	5522872	5722872	harbor2	chr19	5564940	5565517	LINE/L2	1081	+	288	5565228	42356
chr19	5522856	5722856	harbor2	chr19	5523006	5523478	LINE/L2	817	+	236	5523242	386
chr19	5522856	5722856	harbor2	chr19	5564940	5565517	LINE/L2	1081	+	288	5565228	42372
chr19	5522869	5722869	harbor2	chr19	5523006	5523478	LINE/L2	817	+	236	5523242	373
chr19	5522869	5722869	harbor2	chr19	5564940	5565517	LINE/L2	1081	+	288	5565228	42359
chr19	49752191	49952191	harbor2	chr19	49790923	49791170	LINE/L2	706	+	124	49791047	38856
chr19	55187173	55387173	harbor2	chr19	55277138	55277361	LINE/L2	837	+	112	55277250	90077
chr19	55187173	55387173	harbor2	chr19	55282446	55282695	LINE/L2	699	+	124	55282570	95397
chr19	34577590	34777590	harbor2	chr19	34591034	34592008	LINE/L2	900	+	487	34591521	13931
chr19	49290589	49490589	harbor2	chr19	49291988	49292089	LINE/L2	979	+	50	49292038	1449
chr19	49290589	49490589	harbor2	chr19	49292388	49293086	LINE/L2	1162	+	349	49292737	2148
chr19	12939635	13139635	harbor2	chr19	12970135	12970427	LINE/L2	808	+	146	12970281	30646
chr19	10236130	10436130	harbor2	chr19	10268399	10268757	LINE/L2	691	+	179	10268578	32448
chr19	10236130	10436130	harbor2	chr19	10269056	10269174	LINE/L2	691	+	59	10269115	32985
chr19	50588275	50788275	harbor2	chr19	50669943	50670787	LINE/L2	2386	+	422	50670365	82090
chr19	50588275	50788275	harbor2	chr19	50671092	50671168	LINE/L2	1263	+	38	50671130	82855
chr19	50588275	50788275	harbor2	chr19	50671483	50671701	LINE/L2	1263	+	109	50671592	83317
chr19	42117803	42317803	harbor2	chr19	42140487	42140837	LINE/L2	647	+	175	42140662	22859
chr19	42117803	42317803	harbor2	chr19	42146926	42147611	LINE/L2	1024	+	342	42147268	29465
chr19	42117803	42317803	harbor2	chr19	42199895	42200400	LINE/L2	935	+	252	42200147	82344
chr19	49752678	49952678	harbor2	chr19	49790923	49791170	LINE/L2	706	+	124	49791047	38369
chr19	51470868	51670868	harbor2	chr19	51484675	51484907	LINE/L2	630	+	116	51484791	13923
chr19	51470868	51670868	harbor2	chr19	51492982	51494103	LINE/L2	1939	+	560	51493542	22674
chr19	51470868	51670868	harbor2	chr19	51541179	51542172	LINE/L2	809	+	496	51541675	70807
chr19	12672571	12872571	harbor2	chr19	12686014	12686524	LINE/L2	873	+	255	12686269	13698
chr19	12672571	12872571	harbor2	chr19	12759737	12760009	LINE/L2	1331	+	136	12759873	87302
chr19	12672571	12872571	harbor2	chr19	12760579	12760885	LINE/L2	1331	+	153	12760732	88161
chr19	12672571	12872571	harbor2	chr19	12761834	12762029	LINE/L2	1331	+	98	12761932	89361
chr19	12938720	13138720	harbor2	chr19	12970135	12970427	LINE/L2	808	+	146	12970281	31561
chr19	48529547	48729547	harbor2	chr19	48541891	48542099	LINE/L2	653	+	104	48541995	12448
chr19	49752531	49952531	harbor2	chr19	49790923	49791170	LINE/L2	706	+	124	49791047	38516
chr19	45895387	46095387	harbor2	chr19	45898647	45898944	LINE/L2	958	+	148	45898795	3408
chr19	45895387	46095387	harbor2	chr19	45899257	45899374	LINE/L2	958	+	58	45899315	3928
chr19	45895387	46095387	harbor2	chr19	45900121	45900639	LINE/L2	658	+	259	45900380	4993
chr19	45895387	46095387	harbor2	chr19	45947045	45947275	LINE/L2	926	+	115	45947160	51773
chr19	45895387	46095387	harbor2	chr19	45958774	45959122	LINE/L2	686	+	174	45958948	63561
chr19	45895387	46095387	harbor2	chr19	45981600	45981924	LINE/L2	655	+	162	45981762	86375
chr19	45895387	46095387	harbor2	chr19	45982216	45982269	LINE/L2	655	+	26	45982242	86855
chr19	45895387	46095387	harbor2	chr19	45987365	45987675	LINE/L2	1597	+	155	45987520	92133
chr19	45895387	46095387	harbor2	chr19	45988000	45988243	LINE/L2	1597	+	122	45988122	92735
chr19	45895387	46095387	harbor2	chr19	45988717	45988786	LINE/L2	1597	+	34	45988751	93364
chr19	45895387	46095387	harbor2	chr19	45989099	45989215	LINE/L2	1597	+	58	45989157	93770
chr19	45895387	46095387	harbor2	chr19	45990202	45990353	LINE/L2	1597	+	76	45990278	94891
chr19	45895387	46095387	harbor2	chr19	45991377	45991429	LINE/L2	892	+	26	45991403	96016
chr19	45895387	46095387	harbor2	chr19	45991731	45992002	LINE/L2	892	+	136	45991867	96480
chr19	45895387	46095387	harbor2	chr19	45992316	45992333	LINE/L2	889	+	8	45992324	96937
chr19	45895387	46095387	harbor2	chr19	45992639	45992783	LINE/L2	889	+	72	45992711	97324
chr19	45895387	46095387	harbor2	chr19	45993096	45993242	LINE/L2	889	+	73	45993169	97782
chr19	45895387	46095387	harbor2	chr19	45989430	45989946	LINE/L2	1597	+	258	45989688	94301
chr19	5522842	5722842	harbor2	chr19	5523006	5523478	LINE/L2	817	+	236	5523242	400
chr19	5522842	5722842	harbor2	chr19	5564940	5565517	LINE/L2	1081	+	288	5565228	42386
chr19	55246752	55446752	harbor2	chr19	55277138	55277361	LINE/L2	837	+	112	55277250	30498
chr19	55246752	55446752	harbor2	chr19	55282446	55282695	LINE/L2	699	+	124	55282570	35818
chr19	49755720	49955720	harbor2	chr19	49790923	49791170	LINE/L2	706	+	124	49791047	35327
chr19	12938715	13138715	harbor2	chr19	12970135	12970427	LINE/L2	808	+	146	12970281	31566
chr19	10196062	10396062	harbor2	chr19	10268399	10268757	LINE/L2	691	+	179	10268578	72516
chr19	10196062	10396062	harbor2	chr19	10269056	10269174	LINE/L2	691	+	59	10269115	73053
chr19	5525874	5725874	harbor2	chr19	5564940	5565517	LINE/L2	1081	+	288	5565228	39354
chr19	10659895	10859895	harbor2	chr19	10737215	10737486	LINE/L2	792	+	136	10737351	77456
chr19	10659895	10859895	harbor2	chr19	10737785	10737902	LINE/L2	792	+	58	10737843	77948
chr19	17167457	17367457	harbor2	chr19	17260629	17261289	LINE/L2	1500	+	330	17260959	93502
chr19	31411850	31611850	harbor2	chr19	31450021	31450626	LINE/L2	946	+	302	31450323	38473
chr19	49759899	49959899	harbor2	chr19	49790923	49791170	LINE/L2	706	+	124	49791047	31148
chr19	12939660	13139660	harbor2	chr19	12970135	12970427	LINE/L2	808	+	146	12970281	30621
chr19	44902158	45102158	harbor2	chr19	44922535	44922579	LINE/L2	654	+	22	44922557	20399
chr19	44902158	45102158	harbor2	chr19	44922882	44923181	LINE/L2	654	+	150	44923032	20874
chr19	44902158	45102158	harbor2	chr19	44934336	44934374	LINE/L2	636	+	19	44934355	32197
chr19	44902158	45102158	harbor2	chr19	44934681	44934977	LINE/L2	636	+	148	44934829	32671
chr19	44902158	45102158	harbor2	chr19	44957217	44957465	LINE/L2	656	+	124	44957341	55183
chr19	44902158	45102158	harbor2	chr19	44996143	44996392	LINE/L2	708	+	124	44996267	94109
chr19	44902158	45102158	harbor2	chr19	44998120	44998551	LINE/L2	1172	+	216	44998336	96178
chr19	49757500	49957500	harbor2	chr19	49790923	49791170	LINE/L2	706	+	124	49791047	33547
chr19	1553142	1753142	harbor2	chr19	1618053	1618774	LINE/L2	981	+	360	1618413	65271
chr19	10736679	10936679	harbor2	chr19	10737215	10737486	LINE/L2	792	+	136	10737351	672
chr19	10736679	10936679	harbor2	chr19	10737785	10737902	LINE/L2	792	+	58	10737843	1164
chr19	49751329	49951329	harbor2	chr19	49790923	49791170	LINE/L2	706	+	124	49791047	39718
chr19	10724040	10924040	harbor2	chr19	10737215	10737486	LINE/L2	792	+	136	10737351	13311
chr19	10724040	10924040	harbor2	chr19	10737785	10737902	LINE/L2	792	+	58	10737843	13803
chr19	10236105	10436105	harbor2	chr19	10268399	10268757	LINE/L2	691	+	179	10268578	32473
chr19	10236105	10436105	harbor2	chr19	10269056	10269174	LINE/L2	691	+	59	10269115	33010
chr19	44008458	44208458	harbor2	chr19	44009226	44009585	LINE/L2	728	+	180	44009406	948
chr19	44008458	44208458	harbor2	chr19	44027524	44027891	LINE/L2	864	+	184	44027708	19250
chr19	44008458	44208458	harbor2	chr19	44101274	44101621	LINE/L2	665	+	174	44101448	92990
chr19	49751356	49951356	harbor2	chr19	49790923	49791170	LINE/L2	706	+	124	49791047	39691
chr19	41881856	42081856	harbor2	chr19	41955615	41955918	LINE/L2	769	+	152	41955767	73911
chr19	41881856	42081856	harbor2	chr19	41956507	41956694	LINE/L2	769	+	94	41956601	74745
chr19	10736092	10936092	harbor2	chr19	10737215	10737486	LINE/L2	792	+	136	10737351	1259
chr19	10736092	10936092	harbor2	chr19	10737785	10737902	LINE/L2	792	+	58	10737843	1751
chr19	38799487	38999487	harbor2	chr19	38809972	38810161	LINE/L2	1248	+	94	38810066	10579
chr19	38799487	38999487	harbor2	chr19	38810777	38810899	LINE/L2	1248	+	61	38810838	11351
chr19	38799487	38999487	harbor2	chr19	38811201	38811335	LINE/L2	1248	+	67	38811268	11781
chr19	38799487	38999487	harbor2	chr19	38819292	38819595	LINE/L2	740	+	152	38819444	19957
chr19	49752522	49952522	harbor2	chr19	49790923	49791170	LINE/L2	706	+	124	49791047	38525
chr19	50172311	50372311	harbor2	chr19	50174258	50174660	LINE/L2	761	+	201	50174459	2148
chr19	50172311	50372311	harbor2	chr19	50207812	50208130	LINE/L2	814	+	159	50207971	35660
chr19	49292104	49492104	harbor2	chr19	49292388	49293086	LINE/L2	1162	+	349	49292737	633
chr19	5522865	5722865	harbor2	chr19	5523006	5523478	LINE/L2	817	+	236	5523242	377
chr19	5522865	5722865	harbor2	chr19	5564940	5565517	LINE/L2	1081	+	288	5565228	42363
chr19	5523143	5723143	harbor2	chr19	5523006	5523478	LINE/L2	817	+	236	5523242	99
chr19	5523143	5723143	harbor2	chr19	5564940	5565517	LINE/L2	1081	+	288	5565228	42085
chr19	5522817	5722817	harbor2	chr19	5523006	5523478	LINE/L2	817	+	236	5523242	425
chr19	5522817	5722817	harbor2	chr19	5564940	5565517	LINE/L2	1081	+	288	5565228	42411
chr19	39408221	39608221	harbor2	chr19	39410929	39411768	LINE/L2	1429	+	420	39411349	3128
chr19	35543573	35743573	harbor2	chr19	35565359	35565751	LINE/L2	654	+	196	35565555	21982
chr19	5522852	5722852	harbor2	chr19	5523006	5523478	LINE/L2	817	+	236	5523242	390
chr19	5522852	5722852	harbor2	chr19	5564940	5565517	LINE/L2	1081	+	288	5565228	42376
chr19	45717307	45917307	harbor2	chr19	45787662	45787785	LINE/L2	860	+	62	45787724	70417
chr19	45717307	45917307	harbor2	chr19	45788099	45788272	LINE/L2	860	+	86	45788185	70878
chr19	45717307	45917307	harbor2	chr19	45788454	45788646	LINE/L2	997	+	96	45788550	71243
chr19	45717307	45917307	harbor2	chr19	45788949	45789269	LINE/L2	997	+	160	45789109	71802
chr19	45717307	45917307	harbor2	chr19	45813117	45813350	LINE/L2	883	+	116	45813233	95926
chr19	45717307	45917307	harbor2	chr19	45813643	45813770	LINE/L2	883	+	64	45813707	96400
chr19	10717506	10917506	harbor2	chr19	10737215	10737486	LINE/L2	792	+	136	10737351	19845
chr19	10717506	10917506	harbor2	chr19	10737785	10737902	LINE/L2	792	+	58	10737843	20337
chr19	10019525	10219525	harbor2	chr19	10098897	10099304	LINE/L2	765	+	204	10099101	79576
chr19	10019525	10219525	harbor2	chr19	10099602	10099760	LINE/L2	765	+	79	10099681	80156
chr19	1553418	1753418	harbor2	chr19	1618053	1618774	LINE/L2	981	+	360	1618413	64995
chr19	49769383	49969383	harbor2	chr19	49790923	49791170	LINE/L2	706	+	124	49791047	21664
chr19	5522878	5722878	harbor2	chr19	5523006	5523478	LINE/L2	817	+	236	5523242	364
chr19	5522878	5722878	harbor2	chr19	5564940	5565517	LINE/L2	1081	+	288	5565228	42350
chr19	5523688	5723688	harbor2	chr19	5564940	5565517	LINE/L2	1081	+	288	5565228	41540
chr19	49752111	49952111	harbor2	chr19	49790923	49791170	LINE/L2	706	+	124	49791047	38936
chr19	49776645	49976645	harbor2	chr19	49790923	49791170	LINE/L2	706	+	124	49791047	14402
chr19	3323755	3523755	harbor2	chr19	3324536	3324991	LINE/L2	1027	+	228	3324764	1009
chr19	3323755	3523755	harbor2	chr19	3325044	3325176	LINE/L2	808	+	66	3325110	1355
chr19	3323755	3523755	harbor2	chr19	3345242	3345718	LINE/L2	1097	+	238	3345480	21725
chr19	3323755	3523755	harbor2	chr19	3373360	3373869	LINE/L2	957	+	254	3373614	49859
chr19	5523194	5723194	harbor2	chr19	5523006	5523478	LINE/L2	817	+	236	5523242	48
chr19	5523194	5723194	harbor2	chr19	5564940	5565517	LINE/L2	1081	+	288	5565228	42034
chr19	42234251	42434251	harbor2	chr19	42262023	42262188	LINE/L2	1087	+	82	42262105	27854
chr19	42234251	42434251	harbor2	chr19	42262578	42262870	LINE/L2	1087	+	146	42262724	28473
chr19	10235180	10435180	harbor2	chr19	10268399	10268757	LINE/L2	691	+	179	10268578	33398
chr19	10235180	10435180	harbor2	chr19	10269056	10269174	LINE/L2	691	+	59	10269115	33935
chr19	10735497	10935497	harbor2	chr19	10737215	10737486	LINE/L2	792	+	136	10737351	1854
chr19	10735497	10935497	harbor2	chr19	10737785	10737902	LINE/L2	792	+	58	10737843	2346
chr19	53779492	53979492	harbor2	chr19	53847603	53847954	LINE/L2	704	+	176	53847779	68287
chr19	53779492	53979492	harbor2	chr19	53848577	53848667	LINE/L2	704	+	45	53848622	69130
chr19	5523154	5723154	harbor2	chr19	5523006	5523478	LINE/L2	817	+	236	5523242	88
chr19	5523154	5723154	harbor2	chr19	5564940	5565517	LINE/L2	1081	+	288	5565228	42074
chr19	48529835	48729835	harbor2	chr19	48541891	48542099	LINE/L2	653	+	104	48541995	12160
chr19	5522826	5722826	harbor2	chr19	5523006	5523478	LINE/L2	817	+	236	5523242	416
chr19	5522826	5722826	harbor2	chr19	5564940	5565517	LINE/L2	1081	+	288	5565228	42402
chr19	39746502	39946502	harbor2	chr19	39749996	39750683	LINE/L2	1707	+	344	39750340	3838
chr19	39746502	39946502	harbor2	chr19	39754929	39755246	LINE/L2	945	+	158	39755087	8585
chr19	39746502	39946502	harbor2	chr19	39755479	39756060	LINE/L2	1446	+	290	39755769	9267
chr19	39746502	39946502	harbor2	chr19	39819081	39820032	LINE/L2	1256	+	476	39819557	73055
chr19	39746502	39946502	harbor2	chr19	39842863	39843254	LINE/L2	914	+	196	39843059	96557
chr19	39746502	39946502	harbor2	chr19	39844484	39844869	LINE/L2	1018	+	192	39844676	98174
chr19	4082590	4282590	harbor2	chr19	4151550	4151932	LINE/L2	796	+	191	4151741	69151
chr19	4082590	4282590	harbor2	chr19	4181041	4181494	LINE/L2	751	+	226	4181267	98677
chr19	49752037	49952037	harbor2	chr19	49790923	49791170	LINE/L2	706	+	124	49791047	39010
chr19	35168137	35368137	harbor2	chr19	35168620	35168780	LINE/L2	798	+	80	35168700	563
chr19	35168137	35368137	harbor2	chr19	35169080	35169316	LINE/L2	798	+	118	35169198	1061
chr19	35168137	35368137	harbor2	chr19	35225897	35226181	LINE/L2	804	+	142	35226039	57902
chr19	35168137	35368137	harbor2	chr19	35226492	35226617	LINE/L2	804	+	62	35226554	58417
chr19	49752434	49952434	harbor2	chr19	49790923	49791170	LINE/L2	706	+	124	49791047	38613
chr19	10235300	10435300	harbor2	chr19	10268399	10268757	LINE/L2	691	+	179	10268578	33278
chr19	10235300	10435300	harbor2	chr19	10269056	10269174	LINE/L2	691	+	59	10269115	33815
chr19	48529639	48729639	harbor2	chr19	48541891	48542099	LINE/L2	653	+	104	48541995	12356
chr19	49751281	49951281	harbor2	chr19	49790923	49791170	LINE/L2	706	+	124	49791047	39766
chr19	36015441	36215441	harbor2	chr19	36028608	36028996	LINE/L2	963	+	194	36028802	13361
chr19	36015441	36215441	harbor2	chr19	36029026	36029039	LINE/L2	963	+	6	36029032	13591
chr19	36015441	36215441	harbor2	chr19	36029585	36029791	LINE/L2	963	+	103	36029688	14247
chr19	36015441	36215441	harbor2	chr19	36030514	36030982	LINE/L2	727	+	234	36030748	15307
chr19	36015441	36215441	harbor2	chr19	36031317	36031516	LINE/L2	727	+	100	36031417	15976
chr19	36015441	36215441	harbor2	chr19	36033924	36034328	LINE/L2	676	+	202	36034126	18685
chr19	36015441	36215441	harbor2	chr19	36034630	36034790	LINE/L2	676	+	80	36034710	19269
chr19	10257907	10457907	harbor2	chr19	10268399	10268757	LINE/L2	691	+	179	10268578	10671
chr19	10257907	10457907	harbor2	chr19	10269056	10269174	LINE/L2	691	+	59	10269115	11208
chr19	45378520	45578520	harbor2	chr19	45421998	45422489	LINE/L2	1060	+	246	45422244	43724
chr19	45378520	45578520	harbor2	chr19	45422786	45422847	LINE/L2	912	+	30	45422816	44296
chr19	51827594	52027594	harbor2	chr19	51830219	51830520	LINE/L2	1542	+	150	51830369	2775
chr19	51827594	52027594	harbor2	chr19	51830574	51831105	LINE/L2	1542	+	266	51830840	3246
chr19	51827594	52027594	harbor2	chr19	51831417	51832054	LINE/L2	1542	+	318	51831735	4141
chr19	12938736	13138736	harbor2	chr19	12970135	12970427	LINE/L2	808	+	146	12970281	31545
chr19	10735904	10935904	harbor2	chr19	10737215	10737486	LINE/L2	792	+	136	10737351	1447
chr19	10735904	10935904	harbor2	chr19	10737785	10737902	LINE/L2	792	+	58	10737843	1939
chr19	10236165	10436165	harbor2	chr19	10268399	10268757	LINE/L2	691	+	179	10268578	32413
chr19	10236165	10436165	harbor2	chr19	10269056	10269174	LINE/L2	691	+	59	10269115	32950
chr19	10235181	10435181	harbor2	chr19	10268399	10268757	LINE/L2	691	+	179	10268578	33397
chr19	10235181	10435181	harbor2	chr19	10269056	10269174	LINE/L2	691	+	59	10269115	33934
chr19	44976314	45176314	harbor2	chr19	44996143	44996392	LINE/L2	708	+	124	44996267	19953
chr19	44976314	45176314	harbor2	chr19	44998120	44998551	LINE/L2	1172	+	216	44998336	22022
chr19	44976314	45176314	harbor2	chr19	45041562	45041987	LINE/L2	755	+	212	45041774	65460
chr19	44976314	45176314	harbor2	chr19	45046429	45046674	LINE/L2	837	+	122	45046551	70237
chr19	492364	692364	harbor2	chr19	499011	499381	LINE/L2	823	+	185	499196	6832
chr19	5522874	5722874	harbor2	chr19	5523006	5523478	LINE/L2	817	+	236	5523242	368
chr19	5522874	5722874	harbor2	chr19	5564940	5565517	LINE/L2	1081	+	288	5565228	42354
chr19	49769630	49969630	harbor2	chr19	49790923	49791170	LINE/L2	706	+	124	49791047	21417
chr19	39309648	39509648	harbor2	chr19	39337479	39337608	LINE/L2	969	+	64	39337543	27895
chr19	39309648	39509648	harbor2	chr19	39338309	39338552	LINE/L2	969	+	122	39338431	28783
chr19	39309648	39509648	harbor2	chr19	39339786	39340027	LINE/L2	812	+	120	39339906	30258
chr19	39309648	39509648	harbor2	chr19	39340340	39340424	LINE/L2	812	+	42	39340382	30734
chr19	39309648	39509648	harbor2	chr19	39340713	39340793	LINE/L2	812	+	40	39340753	31105
chr19	39309648	39509648	harbor2	chr19	39337924	39338011	LINE/L2	969	+	44	39337968	28320
chr19	43363366	43563366	harbor2	chr19	43375422	43376004	LINE/L2	822	+	291	43375713	12347
chr19	43363366	43563366	harbor2	chr19	43429214	43429504	LINE/L2	1199	+	145	43429359	65993
chr19	43363366	43563366	harbor2	chr19	43429671	43429752	LINE/L2	1199	+	40	43429711	66345
chr19	47128861	47328861	harbor2	chr19	47142558	47143028	LINE/L2	1155	+	235	47142793	13932
chr19	3288000	3488000	harbor2	chr19	3307664	3307738	LINE/L2	808	+	37	3307701	19701
chr19	3288000	3488000	harbor2	chr19	3308040	3308403	LINE/L2	808	+	182	3308222	20222
chr19	3288000	3488000	harbor2	chr19	3324536	3324991	LINE/L2	1027	+	228	3324764	36764
chr19	3288000	3488000	harbor2	chr19	3325044	3325176	LINE/L2	808	+	66	3325110	37110
chr19	3288000	3488000	harbor2	chr19	3345242	3345718	LINE/L2	1097	+	238	3345480	57480
chr19	3288000	3488000	harbor2	chr19	3373360	3373869	LINE/L2	957	+	254	3373614	85614
chr19	209125	409125	harbor2	chr19	216088	216695	LINE/L2	1240	+	304	216392	7267
chr19	5524144	5724144	harbor2	chr19	5564940	5565517	LINE/L2	1081	+	288	5565228	41084
chr19	12951095	13151095	harbor2	chr19	12970135	12970427	LINE/L2	808	+	146	12970281	19186
chr19	10235970	10435970	harbor2	chr19	10268399	10268757	LINE/L2	691	+	179	10268578	32608
chr19	10235970	10435970	harbor2	chr19	10269056	10269174	LINE/L2	691	+	59	10269115	33145
chr19	45208744	45408744	harbor2	chr19	45241579	45241979	LINE/L2	889	+	200	45241779	33035
chr19	10041331	10241331	harbor2	chr19	10098897	10099304	LINE/L2	765	+	204	10099101	57770
chr19	10041331	10241331	harbor2	chr19	10099602	10099760	LINE/L2	765	+	79	10099681	58350
chr19	55516374	55716374	harbor2	chr19	55568503	55569034	LINE/L2	1133	+	266	55568769	52395
chr19	55516374	55716374	harbor2	chr19	55586020	55586459	LINE/L2	765	+	220	55586240	69866
chr19	55516374	55716374	harbor2	chr19	55586775	55586970	LINE/L2	765	+	98	55586873	70499
chr19	10265059	10465059	harbor2	chr19	10268399	10268757	LINE/L2	691	+	179	10268578	3519
chr19	10265059	10465059	harbor2	chr19	10269056	10269174	LINE/L2	691	+	59	10269115	4056
chr19	51511611	51711611	harbor2	chr19	51541179	51542172	LINE/L2	809	+	496	51541675	30064
chr19	51511611	51711611	harbor2	chr19	51595032	51595932	LINE/L2	1008	+	450	51595482	83871
chr19	48526239	48726239	harbor2	chr19	48541891	48542099	LINE/L2	653	+	104	48541995	15756
chr19	18583553	18783553	harbor2	chr19	18608688	18609322	LINE/L2	752	+	317	18609005	25452
chr19	10235869	10435869	harbor2	chr19	10268399	10268757	LINE/L2	691	+	179	10268578	32709
chr19	10235869	10435869	harbor2	chr19	10269056	10269174	LINE/L2	691	+	59	10269115	33246
chr19	5522863	5722863	harbor2	chr19	5523006	5523478	LINE/L2	817	+	236	5523242	379
chr19	5522863	5722863	harbor2	chr19	5564940	5565517	LINE/L2	1081	+	288	5565228	42365
chr19	48070658	48270658	harbor2	chr19	48093222	48093716	LINE/L2	1212	+	247	48093469	22811
chr19	48070658	48270658	harbor2	chr19	48094088	48094447	LINE/L2	1212	+	180	48094268	23610
chr19	30129779	30329779	harbor2	chr19	30135338	30135845	LINE/L2	971	+	254	30135592	5813
chr19	12938726	13138726	harbor2	chr19	12970135	12970427	LINE/L2	808	+	146	12970281	31555
chr19	1	173710	harbor2	chr19	81917	82239	LINE/L2	732	+	161	82078	82077
chr19	33316356	33516356	harbor2	chr19	33328740	33328829	LINE/L2	804	+	44	33328784	12428
chr19	33316356	33516356	harbor2	chr19	33329141	33329979	LINE/L2	804	+	419	33329560	13204
chr19	30131712	30331712	harbor2	chr19	30135338	30135845	LINE/L2	971	+	254	30135592	3880
chr19	12938728	13138728	harbor2	chr19	12970135	12970427	LINE/L2	808	+	146	12970281	31553
chr19	209526	409526	harbor2	chr19	216088	216695	LINE/L2	1240	+	304	216392	6866
chr19	45692525	45892525	harbor2	chr19	45696036	45696309	LINE/L2	780	+	136	45696172	3647
chr19	45692525	45892525	harbor2	chr19	45787662	45787785	LINE/L2	860	+	62	45787724	95199
chr19	45692525	45892525	harbor2	chr19	45788099	45788272	LINE/L2	860	+	86	45788185	95660
chr19	45692525	45892525	harbor2	chr19	45788454	45788646	LINE/L2	997	+	96	45788550	96025
chr19	45692525	45892525	harbor2	chr19	45788949	45789269	LINE/L2	997	+	160	45789109	96584
chr19	49752919	49952919	harbor2	chr19	49790923	49791170	LINE/L2	706	+	124	49791047	38128
chr19	10659653	10859653	harbor2	chr19	10737215	10737486	LINE/L2	792	+	136	10737351	77698
chr19	10659653	10859653	harbor2	chr19	10737785	10737902	LINE/L2	792	+	58	10737843	78190
chr19	10233269	10433269	harbor2	chr19	10268399	10268757	LINE/L2	691	+	179	10268578	35309
chr19	10233269	10433269	harbor2	chr19	10269056	10269174	LINE/L2	691	+	59	10269115	35846
chr19	49777297	49977297	harbor2	chr19	49790923	49791170	LINE/L2	706	+	124	49791047	13750
chr19	10235910	10435910	harbor2	chr19	10268399	10268757	LINE/L2	691	+	179	10268578	32668
chr19	10235910	10435910	harbor2	chr19	10269056	10269174	LINE/L2	691	+	59	10269115	33205
chr19	2785512	2985512	harbor2	chr19	2869196	2869361	LINE/L2	669	+	82	2869278	83766
chr19	2785512	2985512	harbor2	chr19	2869667	2870055	LINE/L2	669	+	194	2869861	84349
chr19	43619638	43819638	harbor2	chr19	43632065	43632802	LINE/L2	1680	+	368	43632433	12795
chr19	43619638	43819638	harbor2	chr19	43633374	43633598	LINE/L2	914	+	112	43633486	13848
chr19	43619638	43819638	harbor2	chr19	43657242	43657810	LINE/L2	1505	+	284	43657526	37888
chr19	43619638	43819638	harbor2	chr19	43713281	43713605	LINE/L2	1023	+	162	43713443	93805
chr19	4082526	4282526	harbor2	chr19	4151550	4151932	LINE/L2	796	+	191	4151741	69215
chr19	4082526	4282526	harbor2	chr19	4181041	4181494	LINE/L2	751	+	226	4181267	98741
chr19	49752849	49952849	harbor2	chr19	49790923	49791170	LINE/L2	706	+	124	49791047	38198
chr19	48529978	48729978	harbor2	chr19	48541891	48542099	LINE/L2	653	+	104	48541995	12017
chr19	11477538	11677538	harbor2	chr19	11490697	11491136	LINE/L2	1032	+	220	11490917	13379
chr19	11477538	11677538	harbor2	chr19	11491506	11491592	LINE/L2	746	+	43	11491549	14011
chr19	11477538	11677538	harbor2	chr19	11491877	11492050	LINE/L2	746	+	86	11491963	14425
chr19	11477538	11677538	harbor2	chr19	11492343	11492356	LINE/L2	746	+	6	11492349	14811
chr19	11477538	11677538	harbor2	chr19	11492644	11492797	LINE/L2	746	+	76	11492720	15182
chr19	11477538	11677538	harbor2	chr19	11496444	11496585	LINE/L2	703	+	70	11496514	18976
chr19	11477538	11677538	harbor2	chr19	11496859	11497347	LINE/L2	1039	+	244	11497103	19565
chr19	11477538	11677538	harbor2	chr19	11503066	11503508	LINE/L2	961	+	221	11503287	25749
chr19	11477538	11677538	harbor2	chr19	11526325	11526719	LINE/L2	705	+	197	11526522	48984
chr19	11477538	11677538	harbor2	chr19	11527020	11527044	LINE/L2	705	+	12	11527032	49494
chr19	11477538	11677538	harbor2	chr19	11527338	11527398	LINE/L2	705	+	30	11527368	49830
chr19	11477538	11677538	harbor2	chr19	11528026	11528258	LINE/L2	712	+	116	11528142	50604
chr19	11477538	11677538	harbor2	chr19	11528494	11528683	LINE/L2	712	+	94	11528588	51050
chr19	11477538	11677538	harbor2	chr19	11556915	11557313	LINE/L2	967	+	199	11557114	79576
chr19	11477538	11677538	harbor2	chr19	11557873	11558254	LINE/L2	967	+	190	11558063	80525
chr19	45385922	45585922	harbor2	chr19	45421998	45422489	LINE/L2	1060	+	246	45422244	36322
chr19	45385922	45585922	harbor2	chr19	45422786	45422847	LINE/L2	912	+	30	45422816	36894
chr19	45385922	45585922	harbor2	chr19	45479576	45479948	LINE/L2	950	+	186	45479762	93840
chr19	45385922	45585922	harbor2	chr19	45480574	45480814	LINE/L2	950	+	120	45480694	94772
chr19	49769438	49969438	harbor2	chr19	49790923	49791170	LINE/L2	706	+	124	49791047	21609
chr19	5534518	5734518	harbor2	chr19	5564940	5565517	LINE/L2	1081	+	288	5565228	30710
chr19	10735524	10935524	harbor2	chr19	10737215	10737486	LINE/L2	792	+	136	10737351	1827
chr19	10735524	10935524	harbor2	chr19	10737785	10737902	LINE/L2	792	+	58	10737843	2319
chr19	45692441	45892441	harbor2	chr19	45696036	45696309	LINE/L2	780	+	136	45696172	3731
chr19	45692441	45892441	harbor2	chr19	45787662	45787785	LINE/L2	860	+	62	45787724	95283
chr19	45692441	45892441	harbor2	chr19	45788099	45788272	LINE/L2	860	+	86	45788185	95744
chr19	45692441	45892441	harbor2	chr19	45788454	45788646	LINE/L2	997	+	96	45788550	96109
chr19	45692441	45892441	harbor2	chr19	45788949	45789269	LINE/L2	997	+	160	45789109	96668
chr19	45399374	45599374	harbor2	chr19	45421998	45422489	LINE/L2	1060	+	246	45422244	22870
chr19	45399374	45599374	harbor2	chr19	45422786	45422847	LINE/L2	912	+	30	45422816	23442
chr19	45399374	45599374	harbor2	chr19	45479576	45479948	LINE/L2	950	+	186	45479762	80388
chr19	45399374	45599374	harbor2	chr19	45480574	45480814	LINE/L2	950	+	120	45480694	81320
chr19	10735498	10935498	harbor2	chr19	10737215	10737486	LINE/L2	792	+	136	10737351	1853
chr19	10735498	10935498	harbor2	chr19	10737785	10737902	LINE/L2	792	+	58	10737843	2345
chr19	10736203	10936203	harbor2	chr19	10737215	10737486	LINE/L2	792	+	136	10737351	1148
chr19	10736203	10936203	harbor2	chr19	10737785	10737902	LINE/L2	792	+	58	10737843	1640
chr19	5522849	5722849	harbor2	chr19	5523006	5523478	LINE/L2	817	+	236	5523242	393
chr19	5522849	5722849	harbor2	chr19	5564940	5565517	LINE/L2	1081	+	288	5565228	42379
chr19	10189388	10389388	harbor2	chr19	10268399	10268757	LINE/L2	691	+	179	10268578	79190
chr19	10189388	10389388	harbor2	chr19	10269056	10269174	LINE/L2	691	+	59	10269115	79727
chr19	49752530	49952530	harbor2	chr19	49790923	49791170	LINE/L2	706	+	124	49791047	38517
chr19	48525085	48725085	harbor2	chr19	48541891	48542099	LINE/L2	653	+	104	48541995	16910
chr20	2847793	3047793	harbor2	chr20	2870442	2870634	LINE/L2	491	+	96	2870538	22745
chr20	2847793	3047793	harbor2	chr20	2941519	2942089	LINE/L2	618	+	285	2941804	94011
chr20	2740607	2940607	harbor2	chr20	2806134	2806570	LINE/L2	452	+	218	2806352	65745
chr20	31622896	31822896	harbor2	chr20	31667938	31668308	LINE/L2	692	+	185	31668123	45227
chr20	31622896	31822896	harbor2	chr20	31682857	31683486	LINE/L2	1363	+	314	31683171	60275
chr20	31622896	31822896	harbor2	chr20	31683800	31683901	LINE/L2	699	+	50	31683850	60954
chr20	31622896	31822896	harbor2	chr20	31695001	31695450	LINE/L2	1370	+	224	31695225	72329
chr20	31622896	31822896	harbor2	chr20	31695746	31695949	LINE/L2	1370	+	102	31695848	72952
chr20	31622896	31822896	harbor2	chr20	31696080	31696232	LINE/L2	1370	+	76	31696156	73260
chr20	31622896	31822896	harbor2	chr20	31700029	31700243	LINE/L2	583	+	107	31700136	77240
chr20	31622896	31822896	harbor2	chr20	31715288	31715572	LINE/L2	489	+	142	31715430	92534
chr20	31622896	31822896	harbor2	chr20	31716267	31716527	LINE/L2	910	+	130	31716397	93501
chr20	10574519	10774519	harbor2	chr20	10615175	10615646	LINE/L2	1682	+	236	10615411	40892
chr20	10574519	10774519	harbor2	chr20	10616024	10616386	LINE/L2	1682	+	181	10616205	41686
chr20	10574519	10774519	harbor2	chr20	10616435	10616894	LINE/L2	1682	+	230	10616665	42146
chr20	34725531	34925531	harbor2	chr20	34770567	34770632	LINE/L2	460	+	32	34770599	45068
chr20	34725531	34925531	harbor2	chr20	34770930	34770978	LINE/L2	460	+	24	34770954	45423
chr20	34725531	34925531	harbor2	chr20	34771597	34771854	LINE/L2	526	+	128	34771725	46194
chr20	34725531	34925531	harbor2	chr20	34822223	34822728	LINE/L2	525	+	252	34822475	96944
chr20	34904860	35104860	harbor2	chr20	34908254	34908539	LINE/L2	700	+	142	34908396	3536
chr20	34904860	35104860	harbor2	chr20	34929784	34929985	LINE/L2	666	+	100	34929884	25024
chr20	34904860	35104860	harbor2	chr20	34932418	34932702	LINE/L2	563	+	142	34932560	27700
chr20	34904860	35104860	harbor2	chr20	34933146	34933295	LINE/L2	528	+	74	34933220	28360
chr20	34904860	35104860	harbor2	chr20	34958341	34958470	LINE/L2	670	+	64	34958405	53545
chr20	34904860	35104860	harbor2	chr20	34958764	34958950	LINE/L2	670	+	93	34958857	53997
chr20	34904860	35104860	harbor2	chr20	34972007	34972596	LINE/L2	551	+	294	34972301	67441
chr20	34904860	35104860	harbor2	chr20	34930281	34931007	LINE/L2	666	+	363	34930644	25784
chr20	35442077	35642077	harbor2	chr20	35467793	35467943	LINE/L2	503	+	75	35467868	25791
chr20	35442077	35642077	harbor2	chr20	35468241	35468345	LINE/L2	503	+	52	35468293	26216
chr20	35442077	35642077	harbor2	chr20	35478599	35478837	LINE/L2	478	+	119	35478718	36641
chr20	35442077	35642077	harbor2	chr20	35530563	35530751	LINE/L2	520	+	94	35530657	88580
chr20	35442077	35642077	harbor2	chr20	35531061	35531161	LINE/L2	520	+	50	35531111	89034
chr20	35442077	35642077	harbor2	chr20	35531765	35531837	LINE/L2	520	+	36	35531801	89724
chr20	59095432	59295432	harbor2	chr20	59126493	59127777	LINE/L2	1060	+	642	59127135	31703
chr20	59095432	59295432	harbor2	chr20	59177391	59177517	LINE/L2	463	+	63	59177454	82022
chr20	50095117	50295117	harbor2	chr20	50102695	50103230	LINE/L2	779	+	268	50102963	7846
chr20	50095117	50295117	harbor2	chr20	50110582	50111144	LINE/L2	619	+	281	50110863	15746
chr20	50095117	50295117	harbor2	chr20	50123148	50123262	LINE/L2	950	+	57	50123205	28088
chr20	50095117	50295117	harbor2	chr20	50123566	50123917	LINE/L2	950	+	176	50123742	28625
chr20	50095117	50295117	harbor2	chr20	50125467	50125544	LINE/L2	495	+	38	50125505	30388
chr20	50095117	50295117	harbor2	chr20	50125890	50125900	LINE/L2	495	+	5	50125895	30778
chr20	50095117	50295117	harbor2	chr20	50126025	50126224	LINE/L2	495	+	100	50126125	31008
chr20	50095117	50295117	harbor2	chr20	50126958	50127340	LINE/L2	1155	+	191	50127149	32032
chr20	50095117	50295117	harbor2	chr20	50127645	50127719	LINE/L2	1155	+	37	50127682	32565
chr20	50095117	50295117	harbor2	chr20	50127735	50127841	LINE/L2	451	+	53	50127788	32671
chr20	50095117	50295117	harbor2	chr20	50132377	50132765	LINE/L2	812	+	194	50132571	37454
chr20	50095117	50295117	harbor2	chr20	50139327	50139677	LINE/L2	1374	+	175	50139502	44385
chr20	50095117	50295117	harbor2	chr20	50139926	50140692	LINE/L2	1374	+	383	50140309	45192
chr20	50095117	50295117	harbor2	chr20	50150288	50150687	LINE/L2	1070	+	200	50150488	55371
chr20	50095117	50295117	harbor2	chr20	50150996	50151072	LINE/L2	1070	+	38	50151034	55917
chr20	50095117	50295117	harbor2	chr20	50185594	50185778	LINE/L2	601	+	92	50185686	90569
chr20	50095117	50295117	harbor2	chr20	50186032	50186249	LINE/L2	628	+	108	50186140	91023
chr20	4624774	4824774	harbor2	chr20	4635041	4635833	LINE/L2	571	+	396	4635437	10663
chr20	4624774	4824774	harbor2	chr20	4682218	4682696	LINE/L2	939	+	239	4682457	57683
chr20	4624774	4824774	harbor2	chr20	4682994	4683131	LINE/L2	939	+	68	4683062	58288
chr20	4624774	4824774	harbor2	chr20	4692902	4693332	LINE/L2	906	+	215	4693117	68343
chr20	4624774	4824774	harbor2	chr20	4693457	4693673	LINE/L2	490	+	108	4693565	68791
chr20	1023102	1223102	harbor2	chr20	1024096	1024283	LINE/L2	599	+	94	1024190	1088
chr20	1023102	1223102	harbor2	chr20	1036188	1036459	LINE/L2	533	+	136	1036324	13222
chr20	1023102	1223102	harbor2	chr20	1037849	1037965	LINE/L2	460	+	58	1037907	14805
chr20	1023102	1223102	harbor2	chr20	1040795	1041354	LINE/L2	923	+	280	1041075	17973
chr20	1023102	1223102	harbor2	chr20	1049737	1049885	LINE/L2	769	+	74	1049811	26709
chr20	1023102	1223102	harbor2	chr20	1050189	1050405	LINE/L2	769	+	108	1050297	27195
chr20	1023102	1223102	harbor2	chr20	1051242	1051434	LINE/L2	877	+	96	1051338	28236
chr20	1023102	1223102	harbor2	chr20	1063044	1063066	LINE/L2	1526	+	11	1063055	39953
chr20	1023102	1223102	harbor2	chr20	1063240	1064263	LINE/L2	1526	+	512	1063752	40650
chr20	1023102	1223102	harbor2	chr20	1067349	1068099	LINE/L2	1387	+	375	1067724	44622
chr20	1023102	1223102	harbor2	chr20	1068485	1068578	LINE/L2	1387	+	46	1068531	45429
chr20	1023102	1223102	harbor2	chr20	1079009	1079359	LINE/L2	718	+	175	1079184	56082
chr20	1023102	1223102	harbor2	chr20	1105211	1105512	LINE/L2	775	+	150	1105361	82259
chr20	9474281	9674281	harbor2	chr20	9494232	9494751	LINE/L2	994	+	260	9494492	20211
chr20	9474281	9674281	harbor2	chr20	9541444	9541699	LINE/L2	613	+	128	9541572	67291
chr20	9474281	9674281	harbor2	chr20	9542068	9542299	LINE/L2	613	+	116	9542184	67903
chr20	9474281	9674281	harbor2	chr20	9554846	9555210	LINE/L2	647	+	182	9555028	80747
chr20	34725551	34925551	harbor2	chr20	34770567	34770632	LINE/L2	460	+	32	34770599	45048
chr20	34725551	34925551	harbor2	chr20	34770930	34770978	LINE/L2	460	+	24	34770954	45403
chr20	34725551	34925551	harbor2	chr20	34771597	34771854	LINE/L2	526	+	128	34771725	46174
chr20	34725551	34925551	harbor2	chr20	34822223	34822728	LINE/L2	525	+	252	34822475	96924
chr20	50272702	50472702	harbor2	chr20	50276785	50277598	LINE/L2	823	+	406	50277191	4489
chr20	50272702	50472702	harbor2	chr20	50278143	50278653	LINE/L2	603	+	255	50278398	5696
chr20	50272702	50472702	harbor2	chr20	50278696	50278802	LINE/L2	486	+	53	50278749	6047
chr20	50272702	50472702	harbor2	chr20	50279964	50280217	LINE/L2	503	+	126	50280090	7388
chr20	50272702	50472702	harbor2	chr20	50282642	50283500	LINE/L2	1178	+	429	50283071	10369
chr20	50272702	50472702	harbor2	chr20	50284302	50284645	LINE/L2	551	+	172	50284474	11772
chr20	50272702	50472702	harbor2	chr20	50298493	50298639	LINE/L2	555	+	73	50298566	25864
chr20	50272702	50472702	harbor2	chr20	50312091	50312450	LINE/L2	978	+	180	50312271	39569
chr20	50272702	50472702	harbor2	chr20	50316307	50316546	LINE/L2	629	+	120	50316427	43725
chr20	50272702	50472702	harbor2	chr20	50316869	50317094	LINE/L2	629	+	112	50316981	44279
chr20	50272702	50472702	harbor2	chr20	50320634	50321121	LINE/L2	940	+	244	50320878	48176
chr20	50272702	50472702	harbor2	chr20	50329630	50330025	LINE/L2	619	+	198	50329828	57126
chr20	50272702	50472702	harbor2	chr20	50339775	50339916	LINE/L2	911	+	70	50339845	67143
chr20	50272702	50472702	harbor2	chr20	50340226	50340661	LINE/L2	911	+	218	50340444	67742
chr20	50272702	50472702	harbor2	chr20	50345003	50345186	LINE/L2	480	+	92	50345095	72393
chr20	50272702	50472702	harbor2	chr20	50363178	50363322	LINE/L2	487	+	72	50363250	90548
chr20	50272702	50472702	harbor2	chr20	50368222	50368523	LINE/L2	459	+	150	50368372	95670
chr20	34904861	35104861	harbor2	chr20	34908254	34908539	LINE/L2	700	+	142	34908396	3535
chr20	34904861	35104861	harbor2	chr20	34929784	34929985	LINE/L2	666	+	100	34929884	25023
chr20	34904861	35104861	harbor2	chr20	34932418	34932702	LINE/L2	563	+	142	34932560	27699
chr20	34904861	35104861	harbor2	chr20	34933146	34933295	LINE/L2	528	+	74	34933220	28359
chr20	34904861	35104861	harbor2	chr20	34958341	34958470	LINE/L2	670	+	64	34958405	53544
chr20	34904861	35104861	harbor2	chr20	34958764	34958950	LINE/L2	670	+	93	34958857	53996
chr20	34904861	35104861	harbor2	chr20	34972007	34972596	LINE/L2	551	+	294	34972301	67440
chr20	34904861	35104861	harbor2	chr20	34930281	34931007	LINE/L2	666	+	363	34930644	25783
chr20	40600650	40800650	harbor2	chr20	40695087	40695456	LINE/L2	506	+	184	40695271	94621
chr20	34776144	34976144	harbor2	chr20	34822223	34822728	LINE/L2	525	+	252	34822475	46331
chr20	34776144	34976144	harbor2	chr20	34827876	34828021	LINE/L2	461	+	72	34827948	51804
chr20	34776144	34976144	harbor2	chr20	34828628	34828664	LINE/L2	461	+	18	34828646	52502
chr20	34776144	34976144	harbor2	chr20	34828959	34829377	LINE/L2	792	+	209	34829168	53024
chr20	34776144	34976144	harbor2	chr20	34843568	34843879	LINE/L2	491	+	156	34843724	67580
chr20	34776144	34976144	harbor2	chr20	34844186	34844267	LINE/L2	491	+	40	34844226	68082
chr20	34776144	34976144	harbor2	chr20	34846247	34846296	LINE/L2	1262	+	24	34846271	70127
chr20	34776144	34976144	harbor2	chr20	34846610	34847224	LINE/L2	1321	+	307	34846917	70773
chr20	34776144	34976144	harbor2	chr20	34848958	34849161	LINE/L2	516	+	102	34849060	72916
chr20	34776144	34976144	harbor2	chr20	34849463	34849693	LINE/L2	516	+	115	34849578	73434
chr20	38347847	38547847	harbor2	chr20	38417409	38417564	LINE/L2	502	+	78	38417487	69640
chr20	34905163	35105163	harbor2	chr20	34908254	34908539	LINE/L2	700	+	142	34908396	3233
chr20	34905163	35105163	harbor2	chr20	34929784	34929985	LINE/L2	666	+	100	34929884	24721
chr20	34905163	35105163	harbor2	chr20	34932418	34932702	LINE/L2	563	+	142	34932560	27397
chr20	34905163	35105163	harbor2	chr20	34933146	34933295	LINE/L2	528	+	74	34933220	28057
chr20	34905163	35105163	harbor2	chr20	34958341	34958470	LINE/L2	670	+	64	34958405	53242
chr20	34905163	35105163	harbor2	chr20	34958764	34958950	LINE/L2	670	+	93	34958857	53694
chr20	34905163	35105163	harbor2	chr20	34972007	34972596	LINE/L2	551	+	294	34972301	67138
chr20	34905163	35105163	harbor2	chr20	34930281	34931007	LINE/L2	666	+	363	34930644	25481
chr20	1020784	1220784	harbor2	chr20	1024096	1024283	LINE/L2	599	+	94	1024190	3406
chr20	1020784	1220784	harbor2	chr20	1036188	1036459	LINE/L2	533	+	136	1036324	15540
chr20	1020784	1220784	harbor2	chr20	1037849	1037965	LINE/L2	460	+	58	1037907	17123
chr20	1020784	1220784	harbor2	chr20	1040795	1041354	LINE/L2	923	+	280	1041075	20291
chr20	1020784	1220784	harbor2	chr20	1049737	1049885	LINE/L2	769	+	74	1049811	29027
chr20	1020784	1220784	harbor2	chr20	1050189	1050405	LINE/L2	769	+	108	1050297	29513
chr20	1020784	1220784	harbor2	chr20	1051242	1051434	LINE/L2	877	+	96	1051338	30554
chr20	1020784	1220784	harbor2	chr20	1063044	1063066	LINE/L2	1526	+	11	1063055	42271
chr20	1020784	1220784	harbor2	chr20	1063240	1064263	LINE/L2	1526	+	512	1063752	42968
chr20	1020784	1220784	harbor2	chr20	1067349	1068099	LINE/L2	1387	+	375	1067724	46940
chr20	1020784	1220784	harbor2	chr20	1068485	1068578	LINE/L2	1387	+	46	1068531	47747
chr20	1020784	1220784	harbor2	chr20	1079009	1079359	LINE/L2	718	+	175	1079184	58400
chr20	1020784	1220784	harbor2	chr20	1105211	1105512	LINE/L2	775	+	150	1105361	84577
chr20	9474416	9674416	harbor2	chr20	9494232	9494751	LINE/L2	994	+	260	9494492	20076
chr20	9474416	9674416	harbor2	chr20	9541444	9541699	LINE/L2	613	+	128	9541572	67156
chr20	9474416	9674416	harbor2	chr20	9542068	9542299	LINE/L2	613	+	116	9542184	67768
chr20	9474416	9674416	harbor2	chr20	9554846	9555210	LINE/L2	647	+	182	9555028	80612
chr20	3370919	3570919	harbor2	chr20	3403184	3403805	LINE/L2	1618	+	310	3403494	32575
chr20	35138054	35338054	harbor2	chr20	35217142	35217702	LINE/L2	475	+	280	35217422	79368
chr20	35138054	35338054	harbor2	chr20	35217703	35217927	LINE/L2	552	+	112	35217815	79761
chr20	35138054	35338054	harbor2	chr20	35218494	35218703	LINE/L2	929	+	104	35218598	80544
chr20	35138054	35338054	harbor2	chr20	35219032	35219458	LINE/L2	1105	+	213	35219245	81191
chr20	35138054	35338054	harbor2	chr20	35219787	35219912	LINE/L2	1105	+	62	35219849	81795
chr20	35138054	35338054	harbor2	chr20	35234004	35234400	LINE/L2	474	+	198	35234202	96148
chr20	3222273	3422273	harbor2	chr20	3277383	3277684	LINE/L2	459	+	150	3277533	55260
chr20	3222273	3422273	harbor2	chr20	3282355	3283011	LINE/L2	1530	+	328	3282683	60410
chr20	3222273	3422273	harbor2	chr20	3288912	3289056	LINE/L2	507	+	72	3288984	66711
chr20	3222273	3422273	harbor2	chr20	3289472	3289507	LINE/L2	727	+	18	3289490	67217
chr20	3222273	3422273	harbor2	chr20	3289812	3290008	LINE/L2	727	+	98	3289910	67637
chr20	3015690	3215690	harbor2	chr20	3031416	3032485	LINE/L2	2148	+	534	3031950	16260
chr20	3015690	3215690	harbor2	chr20	3032781	3033613	LINE/L2	2148	+	416	3033197	17507
chr20	3015690	3215690	harbor2	chr20	3065594	3065666	LINE/L2	805	+	36	3065630	49940
chr20	3015690	3215690	harbor2	chr20	3065970	3066185	LINE/L2	805	+	108	3066078	50388
chr20	3015690	3215690	harbor2	chr20	3066657	3066844	LINE/L2	1070	+	94	3066751	51061
chr20	3015690	3215690	harbor2	chr20	3067142	3067376	LINE/L2	1070	+	117	3067259	51569
chr20	3015690	3215690	harbor2	chr20	3088901	3089003	LINE/L2	1539	+	51	3088952	73262
chr20	3015690	3215690	harbor2	chr20	3089316	3089384	LINE/L2	1539	+	34	3089350	73660
chr20	3015690	3215690	harbor2	chr20	3089688	3090151	LINE/L2	1539	+	232	3089920	74230
chr20	11791589	11991589	harbor2	chr20	11792356	11792719	LINE/L2	452	+	182	11792538	949
chr20	11791589	11991589	harbor2	chr20	11860096	11860463	LINE/L2	654	+	184	11860280	68691
chr20	11791589	11991589	harbor2	chr20	11864392	11864868	LINE/L2	701	+	238	11864630	73041
chr20	11791589	11991589	harbor2	chr20	11865169	11865203	LINE/L2	701	+	17	11865186	73597
chr20	11791589	11991589	harbor2	chr20	11872676	11872892	LINE/L2	641	+	108	11872784	81195
chr20	11791589	11991589	harbor2	chr20	11861851	11862737	LINE/L2	533	+	443	11862294	70705
chr20	34904857	35104857	harbor2	chr20	34908254	34908539	LINE/L2	700	+	142	34908396	3539
chr20	34904857	35104857	harbor2	chr20	34929784	34929985	LINE/L2	666	+	100	34929884	25027
chr20	34904857	35104857	harbor2	chr20	34932418	34932702	LINE/L2	563	+	142	34932560	27703
chr20	34904857	35104857	harbor2	chr20	34933146	34933295	LINE/L2	528	+	74	34933220	28363
chr20	34904857	35104857	harbor2	chr20	34958341	34958470	LINE/L2	670	+	64	34958405	53548
chr20	34904857	35104857	harbor2	chr20	34958764	34958950	LINE/L2	670	+	93	34958857	54000
chr20	34904857	35104857	harbor2	chr20	34972007	34972596	LINE/L2	551	+	294	34972301	67444
chr20	34904857	35104857	harbor2	chr20	34930281	34931007	LINE/L2	666	+	363	34930644	25787
chr20	4587587	4787587	harbor2	chr20	4607880	4608186	LINE/L2	895	+	153	4608033	20446
chr20	4587587	4787587	harbor2	chr20	4635041	4635833	LINE/L2	571	+	396	4635437	47850
chr20	4587587	4787587	harbor2	chr20	4682218	4682696	LINE/L2	939	+	239	4682457	94870
chr20	4587587	4787587	harbor2	chr20	4682994	4683131	LINE/L2	939	+	68	4683062	95475
chr20	57208729	57408729	harbor2	chr20	57275515	57275840	LINE/L2	873	+	162	57275677	66948
chr20	57208729	57408729	harbor2	chr20	57302960	57303306	LINE/L2	632	+	173	57303133	94404
chr20	57208729	57408729	harbor2	chr20	57303996	57304102	LINE/L2	632	+	53	57304049	95320
chr21	29261633	29461633	harbor2	chr21	29360408	29360562	LINE/L2	674	+	77	29360485	98852
chr21	29261633	29461633	harbor2	chr21	29360872	29361133	LINE/L2	674	+	130	29361002	99369
chr21	41040652	41240652	harbor2	chr21	41059698	41060390	LINE/L2	1705	+	346	41060044	19392
chr21	41040652	41240652	harbor2	chr21	41060742	41061106	LINE/L2	1705	+	182	41060924	20272
chr21	41040652	41240652	harbor2	chr21	41061622	41062243	LINE/L2	1705	+	310	41061932	21280
chr21	41040652	41240652	harbor2	chr21	41135456	41135718	LINE/L2	506	+	131	41135587	94935
chr21	41040652	41240652	harbor2	chr21	41137784	41138085	LINE/L2	441	+	150	41137934	97282
chr21	14673851	14873851	harbor2	chr21	14685012	14685480	LINE/L2	469	+	234	14685246	11395
chr21	14673851	14873851	harbor2	chr21	14751128	14751633	LINE/L2	511	+	252	14751380	77529
chr21	42596399	42796399	harbor2	chr21	42642170	42642406	LINE/L2	557	+	118	42642288	45889
chr21	42596399	42796399	harbor2	chr21	42651015	42651720	LINE/L2	514	+	352	42651367	54968
chr21	39009375	39209375	harbor2	chr21	39031473	39032043	LINE/L2	775	+	285	39031758	22383
chr21	39009375	39209375	harbor2	chr21	39035566	39035939	LINE/L2	830	+	186	39035752	26377
chr21	39009691	39209691	harbor2	chr21	39031473	39032043	LINE/L2	775	+	285	39031758	22067
chr21	39009691	39209691	harbor2	chr21	39035566	39035939	LINE/L2	830	+	186	39035752	26061
chr21	39009608	39209608	harbor2	chr21	39031473	39032043	LINE/L2	775	+	285	39031758	22150
chr21	39009608	39209608	harbor2	chr21	39035566	39035939	LINE/L2	830	+	186	39035752	26144
chr22	39579346	39779346	harbor2	chr22	39629180	39629518	LINE/L2	458	+	169	39629349	50003
chr22	39579346	39779346	harbor2	chr22	39629845	39630482	LINE/L2	976	+	318	39630163	50817
chr22	44208842	44408842	harbor2	chr22	44225212	44226449	LINE/L2	2156	+	618	44225830	16988
chr22	44208842	44408842	harbor2	chr22	44247835	44248235	LINE/L2	547	+	200	44248035	39193
chr22	44208842	44408842	harbor2	chr22	44248595	44248729	LINE/L2	447	+	67	44248662	39820
chr22	44208842	44408842	harbor2	chr22	44251053	44251261	LINE/L2	878	+	104	44251157	42315
chr22	44208842	44408842	harbor2	chr22	44254813	44255190	LINE/L2	2013	+	188	44255001	46159
chr22	44208842	44408842	harbor2	chr22	44255239	44255829	LINE/L2	2013	+	295	44255534	46692
chr22	44208842	44408842	harbor2	chr22	44256513	44256783	LINE/L2	505	+	135	44256648	47806
chr22	44208842	44408842	harbor2	chr22	44272383	44272501	LINE/L2	485	+	59	44272442	63600
chr22	44208842	44408842	harbor2	chr22	44288688	44288973	LINE/L2	503	+	142	44288830	79988
chr22	24070325	24270325	harbor2	chr22	24077124	24077385	LINE/L2	757	+	130	24077254	6929
chr22	24070396	24270396	harbor2	chr22	24077124	24077385	LINE/L2	757	+	130	24077254	6858
chr22	45971904	46171904	harbor2	chr22	45983885	45984663	LINE/L2	835	+	389	45984274	12370
chr22	45971904	46171904	harbor2	chr22	46018709	46019041	LINE/L2	485	+	166	46018875	46971
chr22	45971904	46171904	harbor2	chr22	46029733	46029881	LINE/L2	390	+	74	46029807	57903
chr22	42989455	43189455	harbor2	chr22	42997113	42997268	LINE/L2	498	+	78	42997191	7736
chr22	42989455	43189455	harbor2	chr22	43043295	43044153	LINE/L2	660	+	429	43043724	54269
chr22	42989455	43189455	harbor2	chr22	43044160	43044330	LINE/L2	411	+	85	43044245	54790
chr22	42989455	43189455	harbor2	chr22	43061662	43062128	LINE/L2	509	+	233	43061895	72440
chr22	42989455	43189455	harbor2	chr22	43077185	43077563	LINE/L2	465	+	189	43077374	87919
chr22	42989455	43189455	harbor2	chr22	43086685	43087192	LINE/L2	511	+	254	43086939	97484
chr22	24069899	24269899	harbor2	chr22	24077124	24077385	LINE/L2	757	+	130	24077254	7355
chr22	42989451	43189451	harbor2	chr22	42997113	42997268	LINE/L2	498	+	78	42997191	7740
chr22	42989451	43189451	harbor2	chr22	43043295	43044153	LINE/L2	660	+	429	43043724	54273
chr22	42989451	43189451	harbor2	chr22	43044160	43044330	LINE/L2	411	+	85	43044245	54794
chr22	42989451	43189451	harbor2	chr22	43061662	43062128	LINE/L2	509	+	233	43061895	72444
chr22	42989451	43189451	harbor2	chr22	43077185	43077563	LINE/L2	465	+	189	43077374	87923
chr22	42989451	43189451	harbor2	chr22	43086685	43087192	LINE/L2	511	+	254	43086939	97488
chr22	37418973	37618973	harbor2	chr22	37430871	37431136	LINE/L2	408	+	132	37431003	12030
chr22	37418973	37618973	harbor2	chr22	37441319	37441567	LINE/L2	538	+	124	37441443	22470
chr22	37418973	37618973	harbor2	chr22	37441887	37441970	LINE/L2	538	+	42	37441929	22956
chr22	37418973	37618973	harbor2	chr22	37442151	37442416	LINE/L2	442	+	132	37442283	23310
chr22	37418973	37618973	harbor2	chr22	37442411	37442539	LINE/L2	497	+	64	37442475	23502
chr22	37418973	37618973	harbor2	chr22	37470758	37471100	LINE/L2	520	+	171	37470929	51956
chr22	37418973	37618973	harbor2	chr22	37482481	37482782	LINE/L2	527	+	150	37482631	63658
chr22	37418973	37618973	harbor2	chr22	37482884	37483403	LINE/L2	631	+	260	37483144	64171
chr22	37418973	37618973	harbor2	chr22	37487160	37487706	LINE/L2	1208	+	273	37487433	68460
chr22	37418973	37618973	harbor2	chr22	37492963	37493511	LINE/L2	514	+	274	37493237	74264
chr22	37418973	37618973	harbor2	chr22	37497249	37497581	LINE/L2	395	+	166	37497415	78442
chr22	23814127	24014127	harbor2	chr22	23858746	23858971	LINE/L2	741	+	112	23858858	44731
chr22	36465130	36665130	harbor2	chr22	36474915	36475096	LINE/L2	876	+	90	36475005	9875
chr22	36465130	36665130	harbor2	chr22	36475392	36475463	LINE/L2	876	+	36	36475428	10298
chr22	36465130	36665130	harbor2	chr22	36475680	36475805	LINE/L2	876	+	62	36475742	10612
chr22	36465130	36665130	harbor2	chr22	36534901	36535147	LINE/L2	409	+	123	36535024	69894
chr22	36465130	36665130	harbor2	chr22	36553540	36553684	LINE/L2	425	+	72	36553612	88482
chr22	36465130	36665130	harbor2	chr22	36553993	36554137	LINE/L2	425	+	72	36554065	88935
chr22	24069912	24269912	harbor2	chr22	24077124	24077385	LINE/L2	757	+	130	24077254	7342
chr22	36407158	36607158	harbor2	chr22	36408157	36408344	LINE/L2	691	+	94	36408251	1093
chr22	36407158	36607158	harbor2	chr22	36408655	36408842	LINE/L2	691	+	94	36408749	1591
chr22	36407158	36607158	harbor2	chr22	36460725	36460849	LINE/L2	476	+	62	36460787	53629
chr22	36407158	36607158	harbor2	chr22	36461150	36461401	LINE/L2	476	+	126	36461276	54118
chr22	36407158	36607158	harbor2	chr22	36474915	36475096	LINE/L2	876	+	90	36475005	67847
chr22	36407158	36607158	harbor2	chr22	36475392	36475463	LINE/L2	876	+	36	36475428	68270
chr22	36407158	36607158	harbor2	chr22	36475680	36475805	LINE/L2	876	+	62	36475742	68584
chr22	36919396	37119396	harbor2	chr22	36924129	36925945	LINE/L2	1236	+	908	36925037	5641
chr22	36919396	37119396	harbor2	chr22	36988083	36988481	LINE/L2	588	+	199	36988282	68886
chr22	36919396	37119396	harbor2	chr22	36997313	36997823	LINE/L2	958	+	255	36997568	78172
chr22	36919396	37119396	harbor2	chr22	37009453	37009988	LINE/L2	1008	+	268	37009721	90325
chr22	24171508	24371508	harbor2	chr22	24235918	24236481	LINE/L2	1346	+	282	24236200	64692
chr22	24171508	24371508	harbor2	chr22	24236779	24236798	LINE/L2	1346	+	10	24236789	65281
chr22	45869624	46069624	harbor2	chr22	45913698	45914010	LINE/L2	485	+	156	45913854	44230
chr22	36355398	36555398	harbor2	chr22	36371864	36372065	LINE/L2	436	+	100	36371964	16566
chr22	36355398	36555398	harbor2	chr22	36391537	36391783	LINE/L2	478	+	123	36391660	36262
chr22	36355398	36555398	harbor2	chr22	36408157	36408344	LINE/L2	691	+	94	36408251	52853
chr22	36355398	36555398	harbor2	chr22	36408655	36408842	LINE/L2	691	+	94	36408749	53351
chr22	36407144	36607144	harbor2	chr22	36408157	36408344	LINE/L2	691	+	94	36408251	1107
chr22	36407144	36607144	harbor2	chr22	36408655	36408842	LINE/L2	691	+	94	36408749	1605
chr22	36407144	36607144	harbor2	chr22	36460725	36460849	LINE/L2	476	+	62	36460787	53643
chr22	36407144	36607144	harbor2	chr22	36461150	36461401	LINE/L2	476	+	126	36461276	54132
chr22	36407144	36607144	harbor2	chr22	36474915	36475096	LINE/L2	876	+	90	36475005	67861
chr22	36407144	36607144	harbor2	chr22	36475392	36475463	LINE/L2	876	+	36	36475428	68284
chr22	36407144	36607144	harbor2	chr22	36475680	36475805	LINE/L2	876	+	62	36475742	68598
chr22	24069890	24269890	harbor2	chr22	24077124	24077385	LINE/L2	757	+	130	24077254	7364
chr22	46291932	46491932	harbor2	chr22	46298671	46299782	LINE/L2	916	+	556	46299227	7295
chr22	46291932	46491932	harbor2	chr22	46300396	46300546	LINE/L2	916	+	75	46300471	8539
chr22	24069873	24269873	harbor2	chr22	24077124	24077385	LINE/L2	757	+	130	24077254	7381
chr22	42989445	43189445	harbor2	chr22	42997113	42997268	LINE/L2	498	+	78	42997191	7746
chr22	42989445	43189445	harbor2	chr22	43043295	43044153	LINE/L2	660	+	429	43043724	54279
chr22	42989445	43189445	harbor2	chr22	43044160	43044330	LINE/L2	411	+	85	43044245	54800
chr22	42989445	43189445	harbor2	chr22	43061662	43062128	LINE/L2	509	+	233	43061895	72450
chr22	42989445	43189445	harbor2	chr22	43077185	43077563	LINE/L2	465	+	189	43077374	87929
chr22	42989445	43189445	harbor2	chr22	43086685	43087192	LINE/L2	511	+	254	43086939	97494
chr22	24070472	24270472	harbor2	chr22	24077124	24077385	LINE/L2	757	+	130	24077254	6782
chr22	39579321	39779321	harbor2	chr22	39629180	39629518	LINE/L2	458	+	169	39629349	50028
chr22	39579321	39779321	harbor2	chr22	39629845	39630482	LINE/L2	976	+	318	39630163	50842
chr22	24072073	24272073	harbor2	chr22	24077124	24077385	LINE/L2	757	+	130	24077254	5181
chr22	24528324	24728324	harbor2	chr22	24626639	24627174	LINE/L2	404	+	268	24626907	98583
chr22	39579203	39779203	harbor2	chr22	39629180	39629518	LINE/L2	458	+	169	39629349	50146
chr22	39579203	39779203	harbor2	chr22	39629845	39630482	LINE/L2	976	+	318	39630163	50960
chr22	28342388	28542388	harbor2	chr22	28382912	28384221	LINE/L2	1800	+	654	28383566	41178
chr22	28342388	28542388	harbor2	chr22	28384388	28384601	LINE/L2	580	+	106	28384494	42106
chr22	28342388	28542388	harbor2	chr22	28428373	28428583	LINE/L2	411	+	105	28428478	86090
chr22	24395407	24595407	harbor2	chr22	24404032	24404719	LINE/L2	421	+	344	24404376	8969
chr22	24395407	24595407	harbor2	chr22	24449690	24450229	LINE/L2	392	+	270	24449960	54553
chr22	24395407	24595407	harbor2	chr22	24461612	24461725	LINE/L2	606	+	56	24461668	66261
chr22	24395407	24595407	harbor2	chr22	24478756	24479342	LINE/L2	489	+	293	24479049	83642
chr22	24069893	24269893	harbor2	chr22	24077124	24077385	LINE/L2	757	+	130	24077254	7361
chr22	32100450	32300450	harbor2	chr22	32157206	32157420	LINE/L2	420	+	107	32157313	56863
chr22	32100450	32300450	harbor2	chr22	32181267	32181791	LINE/L2	523	+	262	32181529	81079
chr22	37240349	37440349	harbor2	chr22	37265878	37266214	LINE/L2	415	+	168	37266046	25697
chr22	37240349	37440349	harbor2	chr22	37293147	37293523	LINE/L2	453	+	188	37293335	52986
chr22	37240349	37440349	harbor2	chr22	37327516	37327835	LINE/L2	438	+	160	37327676	87327
chr22	37240349	37440349	harbor2	chr22	37328140	37328219	LINE/L2	438	+	40	37328180	87831
chr22	37240349	37440349	harbor2	chr22	37338229	37338699	LINE/L2	419	+	235	37338464	98115
chr22	24069880	24269880	harbor2	chr22	24077124	24077385	LINE/L2	757	+	130	24077254	7374
chr22	29461784	29661784	harbor2	chr22	29559093	29559258	LINE/L2	1195	+	82	29559175	97391
chr22	29461784	29661784	harbor2	chr22	29559554	29560241	LINE/L2	1195	+	344	29559898	98114
chr22	29461784	29661784	harbor2	chr22	29560544	29560652	LINE/L2	574	+	54	29560598	98814
chr22	23024082	23224082	harbor2	chr22	23090180	23090953	LINE/L2	557	+	386	23090566	66484
chr22	39579207	39779207	harbor2	chr22	39629180	39629518	LINE/L2	458	+	169	39629349	50142
chr22	39579207	39779207	harbor2	chr22	39629845	39630482	LINE/L2	976	+	318	39630163	50956
chr22	24070321	24270321	harbor2	chr22	24077124	24077385	LINE/L2	757	+	130	24077254	6933
chr22	39366725	39566725	harbor2	chr22	39366651	39367257	LINE/L2	906	+	303	39366954	229
chr22	39366725	39566725	harbor2	chr22	39394615	39394770	LINE/L2	431	+	78	39394693	27968
chr22	39366725	39566725	harbor2	chr22	39394777	39395022	LINE/L2	720	+	122	39394899	28174
chr22	39366725	39566725	harbor2	chr22	39395819	39395987	LINE/L2	450	+	84	39395903	29178
chr22	39366725	39566725	harbor2	chr22	39396290	39396889	LINE/L2	487	+	300	39396590	29865
chr22	39366725	39566725	harbor2	chr22	39400648	39400754	LINE/L2	444	+	53	39400701	33976
chr22	39366725	39566725	harbor2	chr22	39401062	39401169	LINE/L2	444	+	54	39401116	34391
chr22	39366725	39566725	harbor2	chr22	39409511	39409957	LINE/L2	943	+	223	39409734	43009
chr22	24069790	24269790	harbor2	chr22	24077124	24077385	LINE/L2	757	+	130	24077254	7464
chr22	18822922	19022922	harbor2	chr22	18835482	18835617	LINE/L2	390	+	68	18835550	12628
chr22	18822922	19022922	harbor2	chr22	18841419	18841584	LINE/L2	402	+	82	18841501	18579
chr22	24928712	25128712	harbor2	chr22	24936599	24936795	LINE/L2	504	+	98	24936697	7985
chr22	24928712	25128712	harbor2	chr22	24973695	24973856	LINE/L2	527	+	80	24973775	45063
chr22	24928712	25128712	harbor2	chr22	24992435	24992528	LINE/L2	440	+	46	24992481	63769
chr22	24928712	25128712	harbor2	chr22	25021370	25021620	LINE/L2	496	+	125	25021495	92783
chr22	39369739	39569739	harbor2	chr22	39394615	39394770	LINE/L2	431	+	78	39394693	24954
chr22	39369739	39569739	harbor2	chr22	39394777	39395022	LINE/L2	720	+	122	39394899	25160
chr22	39369739	39569739	harbor2	chr22	39395819	39395987	LINE/L2	450	+	84	39395903	26164
chr22	39369739	39569739	harbor2	chr22	39396290	39396889	LINE/L2	487	+	300	39396590	26851
chr22	39369739	39569739	harbor2	chr22	39400648	39400754	LINE/L2	444	+	53	39400701	30962
chr22	39369739	39569739	harbor2	chr22	39401062	39401169	LINE/L2	444	+	54	39401116	31377
chr22	39369739	39569739	harbor2	chr22	39409511	39409957	LINE/L2	943	+	223	39409734	39995
chr22	24069829	24269829	harbor2	chr22	24077124	24077385	LINE/L2	757	+	130	24077254	7425
chr22	42521734	42721734	harbor2	chr22	42537538	42537657	LINE/L2	465	+	60	42537598	15864
chr22	42521734	42721734	harbor2	chr22	42539547	42539666	LINE/L2	465	+	60	42539607	17873
chr22	24153384	24353384	harbor2	chr22	24235918	24236481	LINE/L2	1346	+	282	24236200	82816
chr22	24153384	24353384	harbor2	chr22	24236779	24236798	LINE/L2	1346	+	10	24236789	83405
chr22	24070287	24270287	harbor2	chr22	24077124	24077385	LINE/L2	757	+	130	24077254	6967
chr22	46291944	46491944	harbor2	chr22	46298671	46299782	LINE/L2	916	+	556	46299227	7283
chr22	46291944	46491944	harbor2	chr22	46300396	46300546	LINE/L2	916	+	75	46300471	8527
chr22	41811210	42011210	harbor2	chr22	41836538	41836668	LINE/L2	476	+	65	41836603	25393
chr22	39945490	40145490	harbor2	chr22	39948527	39949106	LINE/L2	815	+	290	39948817	3327
chr22	39945490	40145490	harbor2	chr22	39953137	39953575	LINE/L2	452	+	219	39953356	7866
chr22	39945490	40145490	harbor2	chr22	39957245	39957663	LINE/L2	589	+	209	39957454	11964
chr22	39945490	40145490	harbor2	chr22	39957968	39958558	LINE/L2	1084	+	295	39958263	12773
chr22	39945490	40145490	harbor2	chr22	39968797	39969204	LINE/L2	458	+	204	39969001	23511
chr22	39945490	40145490	harbor2	chr22	39974693	39975113	LINE/L2	496	+	210	39974903	29413
chr22	39945490	40145490	harbor2	chr22	39975648	39975766	LINE/L2	432	+	59	39975707	30217
chr22	39945490	40145490	harbor2	chr22	40042422	40042699	LINE/L2	527	+	138	40042560	97070
chr22	39945490	40145490	harbor2	chr22	39976662	39977106	LINE/L2	533	+	222	39976884	31394
chr22	24161119	24361119	harbor2	chr22	24235918	24236481	LINE/L2	1346	+	282	24236200	75081
chr22	24161119	24361119	harbor2	chr22	24236779	24236798	LINE/L2	1346	+	10	24236789	75670
chr22	37418827	37618827	harbor2	chr22	37430871	37431136	LINE/L2	408	+	132	37431003	12176
chr22	37418827	37618827	harbor2	chr22	37441319	37441567	LINE/L2	538	+	124	37441443	22616
chr22	37418827	37618827	harbor2	chr22	37441887	37441970	LINE/L2	538	+	42	37441929	23102
chr22	37418827	37618827	harbor2	chr22	37442151	37442416	LINE/L2	442	+	132	37442283	23456
chr22	37418827	37618827	harbor2	chr22	37442411	37442539	LINE/L2	497	+	64	37442475	23648
chr22	37418827	37618827	harbor2	chr22	37470758	37471100	LINE/L2	520	+	171	37470929	52102
chr22	37418827	37618827	harbor2	chr22	37482481	37482782	LINE/L2	527	+	150	37482631	63804
chr22	37418827	37618827	harbor2	chr22	37482884	37483403	LINE/L2	631	+	260	37483144	64317
chr22	37418827	37618827	harbor2	chr22	37487160	37487706	LINE/L2	1208	+	273	37487433	68606
chr22	37418827	37618827	harbor2	chr22	37492963	37493511	LINE/L2	514	+	274	37493237	74410
chr22	37418827	37618827	harbor2	chr22	37497249	37497581	LINE/L2	395	+	166	37497415	78588
chr22	38679511	38879511	harbor2	chr22	38715055	38715688	LINE/L2	484	+	316	38715371	35860
chr22	39414512	39614512	harbor2	chr22	39480780	39481558	LINE/L2	720	+	389	39481169	66657
chr22	39414512	39614512	harbor2	chr22	39500997	39501307	LINE/L2	452	+	155	39501152	86640
chr22	24948900	25148900	harbor2	chr22	24973695	24973856	LINE/L2	527	+	80	24973775	24875
chr22	24948900	25148900	harbor2	chr22	24992435	24992528	LINE/L2	440	+	46	24992481	43581
chr22	24948900	25148900	harbor2	chr22	25021370	25021620	LINE/L2	496	+	125	25021495	72595
chr22	42780609	42980609	harbor2	chr22	42860237	42860350	LINE/L2	623	+	56	42860293	79684
chr22	42780609	42980609	harbor2	chr22	42860655	42860734	LINE/L2	623	+	40	42860695	80086
chr22	23082527	23282527	harbor2	chr22	23090180	23090953	LINE/L2	557	+	386	23090566	8039
chr22	23082527	23282527	harbor2	chr22	23150638	23151001	LINE/L2	450	+	182	23150820	68293
chr22	24070996	24270996	harbor2	chr22	24077124	24077385	LINE/L2	757	+	130	24077254	6258
chrX	48955730	49155730	harbor2	chrX	48960015	48960793	LINE/L2	1098	+	389	48960404	4674
chrX	48955730	49155730	harbor2	chrX	48963803	48964100	LINE/L2	1709	+	148	48963951	8221
chrX	48955730	49155730	harbor2	chrX	48965030	48965053	LINE/L2	1709	+	12	48965042	9312
chrX	48955730	49155730	harbor2	chrX	48965351	48965588	LINE/L2	1709	+	118	48965469	9739
chrX	48955730	49155730	harbor2	chrX	49031763	49032215	LINE/L2	1088	+	226	49031989	76259
chrX	72046619	72246619	harbor2	chrX	72061472	72062111	LINE/L2	725	+	320	72061792	15173
chrX	72046619	72246619	harbor2	chrX	72083941	72084164	LINE/L2	564	+	112	72084053	37434
chrX	72046619	72246619	harbor2	chrX	72108845	72109219	LINE/L2	564	+	187	72109032	62413
chrX	72209033	72409033	harbor2	chrX	72209049	72209805	LINE/L2	1241	+	378	72209427	394
chrX	72209033	72409033	harbor2	chrX	72215664	72215955	LINE/L2	567	+	146	72215810	6777
chrX	72209033	72409033	harbor2	chrX	72238272	72238555	LINE/L2	694	+	142	72238414	29381
chrX	72209033	72409033	harbor2	chrX	72246004	72246997	LINE/L2	1704	+	496	72246500	37467
chrX	72209033	72409033	harbor2	chrX	72252927	72253343	LINE/L2	1400	+	208	72253135	44102
chrX	72209033	72409033	harbor2	chrX	72253992	72254557	LINE/L2	1400	+	282	72254274	45241
chrX	72209033	72409033	harbor2	chrX	72260399	72261016	LINE/L2	786	+	308	72260707	51674
chrX	72209033	72409033	harbor2	chrX	72261322	72261397	LINE/L2	786	+	38	72261360	52327
chrX	72209033	72409033	harbor2	chrX	72297556	72297805	LINE/L2	551	+	124	72297680	88647
chrX	48955657	49155657	harbor2	chrX	48960015	48960793	LINE/L2	1098	+	389	48960404	4747
chrX	48955657	49155657	harbor2	chrX	48963803	48964100	LINE/L2	1709	+	148	48963951	8294
chrX	48955657	49155657	harbor2	chrX	48965030	48965053	LINE/L2	1709	+	12	48965042	9385
chrX	48955657	49155657	harbor2	chrX	48965351	48965588	LINE/L2	1709	+	118	48965469	9812
chrX	48955657	49155657	harbor2	chrX	49031763	49032215	LINE/L2	1088	+	226	49031989	76332
chrX	18255217	18455217	harbor2	chrX	18310829	18311116	LINE/L2	543	+	144	18310973	55756
chrX	18255217	18455217	harbor2	chrX	18314207	18314592	LINE/L2	538	+	192	18314399	59182
chrX	18255217	18455217	harbor2	chrX	18330767	18330975	LINE/L2	614	+	104	18330871	75654
chrX	130073203	130273203	harbor2	chrX	130142921	130143556	LINE/L2	1157	+	318	130143239	70036
chrX	130073203	130273203	harbor2	chrX	130144175	130144787	LINE/L2	747	+	306	130144481	71278
chrX	72209054	72409054	harbor2	chrX	72209049	72209805	LINE/L2	1241	+	378	72209427	373
chrX	72209054	72409054	harbor2	chrX	72215664	72215955	LINE/L2	567	+	146	72215810	6756
chrX	72209054	72409054	harbor2	chrX	72238272	72238555	LINE/L2	694	+	142	72238414	29360
chrX	72209054	72409054	harbor2	chrX	72246004	72246997	LINE/L2	1704	+	496	72246500	37446
chrX	72209054	72409054	harbor2	chrX	72252927	72253343	LINE/L2	1400	+	208	72253135	44081
chrX	72209054	72409054	harbor2	chrX	72253992	72254557	LINE/L2	1400	+	282	72254274	45220
chrX	72209054	72409054	harbor2	chrX	72260399	72261016	LINE/L2	786	+	308	72260707	51653
chrX	72209054	72409054	harbor2	chrX	72261322	72261397	LINE/L2	786	+	38	72261360	52306
chrX	72209054	72409054	harbor2	chrX	72297556	72297805	LINE/L2	551	+	124	72297680	88626
chrX	18254719	18454719	harbor2	chrX	18310829	18311116	LINE/L2	543	+	144	18310973	56254
chrX	18254719	18454719	harbor2	chrX	18314207	18314592	LINE/L2	538	+	192	18314399	59680
chrX	18254719	18454719	harbor2	chrX	18330767	18330975	LINE/L2	614	+	104	18330871	76152
chrX	71011961	71211961	harbor2	chrX	71079005	71079306	LINE/L2	1133	+	150	71079155	67194
chrX	71011961	71211961	harbor2	chrX	71079629	71079703	LINE/L2	1133	+	37	71079666	67705
chrX	40072549	40272549	harbor2	chrX	40112838	40113178	LINE/L2	626	+	170	40113008	40459
