H_chr	H_start	H_end	Harbor	TE_chr	TE_start	TE_end	TE	score	TE_strand	TE_half	TE_middle_pos	TE_dis
chr1	16544779	16744779	harbor2	chr1	16614267	16614887	LINE/L2	886	+	310	16614577	69798
chr1	6454573	6654573	harbor2	chr1	6463328	6463444	LINE/L2	583	+	58	6463386	8813
chr1	6454573	6654573	harbor2	chr1	6477784	6477874	LINE/L2	500	+	45	6477829	23256
chr1	6454573	6654573	harbor2	chr1	6478469	6478602	LINE/L2	500	+	66	6478535	23962
chr1	6454573	6654573	harbor2	chr1	6480950	6481249	LINE/L2	873	+	150	6481100	26527
chr1	6454573	6654573	harbor2	chr1	6481884	6482169	LINE/L2	873	+	142	6482026	27453
chr1	6454573	6654573	harbor2	chr1	6487490	6487914	LINE/L2	494	+	212	6487702	33129
chr1	6454573	6654573	harbor2	chr1	6546409	6547472	LINE/L2	1808	+	532	6546941	92368
chr1	26431527	26631527	harbor2	chr1	26484833	26485443	LINE/L2	878	+	305	26485138	53611
chr1	26431527	26631527	harbor2	chr1	26498981	26499145	LINE/L2	578	+	82	26499063	67536
chr1	26431527	26631527	harbor2	chr1	26518732	26518824	LINE/L2	465	+	46	26518778	87251
chr1	16544783	16744783	harbor2	chr1	16614267	16614887	LINE/L2	886	+	310	16614577	69794
chr1	16544748	16744748	harbor2	chr1	16614267	16614887	LINE/L2	886	+	310	16614577	69829
chr1	150264161	150464161	harbor2	chr1	150314042	150314348	LINE/L2	595	+	153	150314195	50034
chr1	150264161	150464161	harbor2	chr1	150322176	150322335	LINE/L2	586	+	80	150322256	58095
chr1	178442681	178642681	harbor2	chr1	178506082	178506309	LINE/L2	459	+	114	178506196	63515
chr1	178442681	178642681	harbor2	chr1	178530452	178531061	LINE/L2	1117	+	304	178530756	88075
chr1	178442681	178642681	harbor2	chr1	178541195	178541714	LINE/L2	628	+	260	178541455	98774
chr1	16591604	16791604	harbor2	chr1	16614267	16614887	LINE/L2	886	+	310	16614577	22973
chr1	211034356	211234356	harbor2	chr1	211040745	211041338	LINE/L2	871	+	296	211041041	6685
chr1	211034356	211234356	harbor2	chr1	211041363	211041752	LINE/L2	560	+	194	211041557	7201
chr1	211034356	211234356	harbor2	chr1	211100954	211101300	LINE/L2	449	+	173	211101127	66771
chr1	211034356	211234356	harbor2	chr1	211042055	211042449	LINE/L2	560	+	197	211042252	7896
chr1	6348816	6548816	harbor2	chr1	6397755	6398157	LINE/L2	1621	+	201	6397956	49140
chr1	6348816	6548816	harbor2	chr1	6398448	6398464	LINE/L2	1621	+	8	6398456	49640
chr1	6348816	6548816	harbor2	chr1	6398770	6399550	LINE/L2	1621	+	390	6399160	50344
chr1	33322912	33522912	harbor2	chr1	33403911	33404214	LINE/L2	647	+	152	33404063	81151
chr1	109235951	109435951	harbor2	chr1	109302512	109302779	LINE/L2	668	+	134	109302646	66695
chr1	109235951	109435951	harbor2	chr1	109303175	109303665	LINE/L2	1665	+	245	109303420	67469
chr1	109235951	109435951	harbor2	chr1	109303676	109304291	LINE/L2	1861	+	308	109303984	68033
chr1	727505	927505	harbor2	chr1	751018	751625	LINE/L2	1446	+	304	751322	23817
chr1	87366701	87566701	harbor2	chr1	87408968	87409243	LINE/L2	521	+	138	87409106	42405
chr1	87366701	87566701	harbor2	chr1	87464523	87464845	LINE/L2	487	+	161	87464684	97983
chr1	156685211	156885211	harbor2	chr1	156696717	156697455	LINE/L2	453	+	369	156697086	11875
chr1	156685211	156885211	harbor2	chr1	156729859	156730371	LINE/L2	1166	+	256	156730115	44904
chr1	156685211	156885211	harbor2	chr1	156769140	156769511	LINE/L2	793	+	186	156769326	84115
chr1	16544774	16744774	harbor2	chr1	16614267	16614887	LINE/L2	886	+	310	16614577	69803
chr1	230542426	230742426	harbor2	chr1	230636611	230636766	LINE/L2	561	+	78	230636689	94263
chr1	16544791	16744791	harbor2	chr1	16614267	16614887	LINE/L2	886	+	310	16614577	69786
chr1	66204207	66404207	harbor2	chr1	66211270	66211518	LINE/L2	808	+	124	66211394	7187
chr1	66204207	66404207	harbor2	chr1	66212285	66212719	LINE/L2	757	+	217	66212502	8295
chr1	66204207	66404207	harbor2	chr1	66224723	66225384	LINE/L2	2720	+	330	66225053	20846
chr1	66204207	66404207	harbor2	chr1	66227751	66227948	LINE/L2	453	+	98	66227849	23642
chr1	66204207	66404207	harbor2	chr1	66227949	66228227	LINE/L2	707	+	139	66228088	23881
chr1	66204207	66404207	harbor2	chr1	66259373	66259768	LINE/L2	688	+	198	66259571	55364
chr1	66204207	66404207	harbor2	chr1	66223382	66224437	LINE/L2	2720	+	528	66223910	19703
chr1	36811933	37011933	harbor2	chr1	36831558	36831624	LINE/L2	451	+	33	36831591	19658
chr1	36811933	37011933	harbor2	chr1	36831838	36832305	LINE/L2	451	+	234	36832072	20139
chr1	36811933	37011933	harbor2	chr1	36881258	36882222	LINE/L2	1941	+	482	36881740	69807
chr1	36811933	37011933	harbor2	chr1	36888569	36888697	LINE/L2	455	+	64	36888633	76700
chr1	16544740	16744740	harbor2	chr1	16614267	16614887	LINE/L2	886	+	310	16614577	69837
chr1	16546455	16746455	harbor2	chr1	16614267	16614887	LINE/L2	886	+	310	16614577	68122
chr1	211034242	211234242	harbor2	chr1	211040745	211041338	LINE/L2	871	+	296	211041041	6799
chr1	211034242	211234242	harbor2	chr1	211041363	211041752	LINE/L2	560	+	194	211041557	7315
chr1	211034242	211234242	harbor2	chr1	211100954	211101300	LINE/L2	449	+	173	211101127	66885
chr1	211034242	211234242	harbor2	chr1	211042055	211042449	LINE/L2	560	+	197	211042252	8010
chr1	16545171	16745171	harbor2	chr1	16614267	16614887	LINE/L2	886	+	310	16614577	69406
chr1	6685415	6885415	harbor2	chr1	6725914	6726595	LINE/L2	1079	+	340	6726254	40839
chr1	6685415	6885415	harbor2	chr1	6726893	6727074	LINE/L2	1079	+	90	6726983	41568
chr1	6685415	6885415	harbor2	chr1	6727397	6727492	LINE/L2	1079	+	48	6727445	42030
chr1	6685415	6885415	harbor2	chr1	6773478	6773493	LINE/L2	756	+	8	6773486	88071
chr1	6685415	6885415	harbor2	chr1	6773656	6773718	LINE/L2	756	+	31	6773687	88272
chr1	6685415	6885415	harbor2	chr1	6774018	6774246	LINE/L2	756	+	114	6774132	88717
chr1	6685415	6885415	harbor2	chr1	6775065	6775103	LINE/L2	1183	+	19	6775084	89669
chr1	6685415	6885415	harbor2	chr1	6775408	6775809	LINE/L2	1183	+	200	6775608	90193
chr1	6685415	6885415	harbor2	chr1	6776761	6777153	LINE/L2	930	+	196	6776957	91542
chr1	6685415	6885415	harbor2	chr1	6777463	6777685	LINE/L2	930	+	111	6777574	92159
chr1	19346312	19546312	harbor2	chr1	19383625	19383964	LINE/L2	840	+	170	19383795	37483
chr1	19346312	19546312	harbor2	chr1	19388210	19388388	LINE/L2	577	+	89	19388299	41987
chr1	19346312	19546312	harbor2	chr1	19412947	19413069	LINE/L2	460	+	61	19413008	66696
chr1	16544784	16744784	harbor2	chr1	16614267	16614887	LINE/L2	886	+	310	16614577	69793
chr1	17289259	17489259	harbor2	chr1	17305242	17306330	LINE/L2	2116	+	544	17305786	16527
chr1	17289259	17489259	harbor2	chr1	17349800	17350240	LINE/L2	650	+	220	17350020	60761
chr1	17289259	17489259	harbor2	chr1	17377474	17378357	LINE/L2	746	+	442	17377916	88657
chr1	4635887	4835887	harbor2	chr1	4679146	4679395	LINE/L2	579	+	124	4679270	43383
chr1	16544808	16744808	harbor2	chr1	16614267	16614887	LINE/L2	886	+	310	16614577	69769
chr1	16544785	16744785	harbor2	chr1	16614267	16614887	LINE/L2	886	+	310	16614577	69792
chr1	16759801	16959801	harbor2	chr1	16762014	16762846	LINE/L2	724	+	416	16762430	2629
chr1	16759801	16959801	harbor2	chr1	16771552	16772084	LINE/L2	723	+	266	16771818	12017
chr1	21743220	21943220	harbor2	chr1	21749219	21749595	LINE/L2	1486	+	188	21749407	6187
chr1	21743220	21943220	harbor2	chr1	21749902	21750590	LINE/L2	1486	+	344	21750246	7026
chr1	21743220	21943220	harbor2	chr1	21786721	21787212	LINE/L2	504	+	246	21786967	43747
chr1	21743220	21943220	harbor2	chr1	21788694	21788810	LINE/L2	504	+	58	21788752	45532
chr1	21743220	21943220	harbor2	chr1	21794769	21794988	LINE/L2	547	+	110	21794879	51659
chr1	21743220	21943220	harbor2	chr1	21796005	21796087	LINE/L2	547	+	41	21796046	52826
chr1	21743220	21943220	harbor2	chr1	21803810	21804188	LINE/L2	947	+	189	21803999	60779
chr1	21743220	21943220	harbor2	chr1	21816759	21817277	LINE/L2	960	+	259	21817018	73798
chr1	21743220	21943220	harbor2	chr1	21820564	21820772	LINE/L2	546	+	104	21820668	77448
chr1	16555139	16755139	harbor2	chr1	16614267	16614887	LINE/L2	886	+	310	16614577	59438
chr1	16544786	16744786	harbor2	chr1	16614267	16614887	LINE/L2	886	+	310	16614577	69791
chr1	205330776	205530776	harbor2	chr1	205376235	205376646	LINE/L2	724	+	206	205376441	45665
chr1	16545169	16745169	harbor2	chr1	16614267	16614887	LINE/L2	886	+	310	16614577	69408
chr1	5033151	5233151	harbor2	chr1	5121201	5121292	LINE/L2	527	+	46	5121247	88096
chr1	5033151	5233151	harbor2	chr1	5121355	5121833	LINE/L2	907	+	239	5121594	88443
chr1	16544749	16744749	harbor2	chr1	16614267	16614887	LINE/L2	886	+	310	16614577	69828
chr1	99985	299985	harbor2	chr1	116373	117031	LINE/L2	1190	+	329	116702	16717
chr1	99985	299985	harbor2	chr1	123709	123821	LINE/L2	546	+	56	123765	23780
chr1	99985	299985	harbor2	chr1	150712	151315	LINE/L2	1222	+	302	151014	51029
chr1	39855815	40055815	harbor2	chr1	39904338	39904468	LINE/L2	473	+	65	39904403	48588
chr1	39855815	40055815	harbor2	chr1	39934320	39934532	LINE/L2	441	+	106	39934426	78611
chr1	16544788	16744788	harbor2	chr1	16614267	16614887	LINE/L2	886	+	310	16614577	69789
chr1	205814048	206014048	harbor2	chr1	205836955	205837238	LINE/L2	518	+	142	205837097	23049
chr1	205814048	206014048	harbor2	chr1	205838543	205839236	LINE/L2	483	+	346	205838889	24841
chr1	2998349	3198349	harbor2	chr1	3058349	3058791	LINE/L2	976	+	221	3058570	60221
chr1	232882890	233082890	harbor2	chr1	232909896	232910414	LINE/L2	758	+	259	232910155	27265
chr1	232882890	233082890	harbor2	chr1	232936852	232937048	LINE/L2	624	+	98	232936950	54060
chr1	232882890	233082890	harbor2	chr1	232945919	232946554	LINE/L2	1189	+	318	232946237	63347
chr1	232882890	233082890	harbor2	chr1	232958191	232958450	LINE/L2	481	+	130	232958321	75431
chr1	232882890	233082890	harbor2	chr1	232880510	232883318	LINE/L2	2509	+	1404	232881914	976
chr1	236847274	237047274	harbor2	chr1	236870263	236870431	LINE/L2	1787	+	84	236870347	23073
chr1	236847274	237047274	harbor2	chr1	236870590	236871148	LINE/L2	1787	+	279	236870869	23595
chr1	236847274	237047274	harbor2	chr1	236928113	236928397	LINE/L2	541	+	142	236928255	80981
chr1	119547913	119747913	harbor2	chr1	119555496	119555895	LINE/L2	543	+	200	119555696	7783
chr1	119547913	119747913	harbor2	chr1	119588578	119589228	LINE/L2	601	+	325	119588903	40990
chr1	119547913	119747913	harbor2	chr1	119594998	119595476	LINE/L2	620	+	239	119595237	47324
chr1	16545161	16745161	harbor2	chr1	16614267	16614887	LINE/L2	886	+	310	16614577	69416
chr1	28814482	29014482	harbor2	chr1	28845874	28846247	LINE/L2	826	+	186	28846060	31578
chr1	28814482	29014482	harbor2	chr1	28883328	28883565	LINE/L2	462	+	118	28883446	68964
chr1	28814482	29014482	harbor2	chr1	28893413	28893548	LINE/L2	601	+	68	28893481	78999
chr1	28814482	29014482	harbor2	chr1	28894173	28894308	LINE/L2	530	+	68	28894241	79759
chr1	28814482	29014482	harbor2	chr1	28900779	28900925	LINE/L2	1531	+	73	28900852	86370
chr1	28814482	29014482	harbor2	chr1	28901834	28902076	LINE/L2	1531	+	121	28901955	87473
chr1	87228628	87428628	harbor2	chr1	87231242	87231354	LINE/L2	2809	+	56	87231298	2670
chr1	87228628	87428628	harbor2	chr1	87231662	87232319	LINE/L2	2809	+	328	87231990	3362
chr1	87228628	87428628	harbor2	chr1	87232811	87232868	LINE/L2	2809	+	28	87232839	4211
chr1	87228628	87428628	harbor2	chr1	87232876	87233407	LINE/L2	1514	+	266	87233142	4514
chr1	87228628	87428628	harbor2	chr1	87297901	87298176	LINE/L2	538	+	138	87298039	69411
chr1	87228628	87428628	harbor2	chr1	87315129	87315804	LINE/L2	1286	+	338	87315467	86839
chr1	87228628	87428628	harbor2	chr1	87318190	87318883	LINE/L2	974	+	346	87318536	89908
chr1	216278473	216478473	harbor2	chr1	216290677	216291504	LINE/L2	698	+	414	216291091	12618
chr1	16545197	16745197	harbor2	chr1	16614267	16614887	LINE/L2	886	+	310	16614577	69380
chr1	11498857	11698857	harbor2	chr1	11526131	11526442	LINE/L2	485	+	156	11526287	27430
chr1	11498857	11698857	harbor2	chr1	11527663	11528089	LINE/L2	652	+	213	11527876	29019
chr1	11498857	11698857	harbor2	chr1	11577560	11577930	LINE/L2	852	+	185	11577745	78888
chr1	11498857	11698857	harbor2	chr1	11594839	11595186	LINE/L2	774	+	174	11595013	96156
chr1	11498857	11698857	harbor2	chr1	11596355	11596679	LINE/L2	457	+	162	11596517	97660
chr1	16544745	16744745	harbor2	chr1	16614267	16614887	LINE/L2	886	+	310	16614577	69832
chr1	154985528	155185528	harbor2	chr1	155024641	155024866	LINE/L2	645	+	112	155024753	39225
chr1	154985528	155185528	harbor2	chr1	155025175	155025301	LINE/L2	645	+	63	155025238	39710
chr1	154985528	155185528	harbor2	chr1	155038608	155038856	LINE/L2	493	+	124	155038732	53204
chr1	92860991	93060991	harbor2	chr1	92861664	92861793	LINE/L2	1068	+	64	92861728	737
chr1	92860991	93060991	harbor2	chr1	92862031	92862939	LINE/L2	1068	+	454	92862485	1494
chr1	92860991	93060991	harbor2	chr1	92868404	92868683	LINE/L2	707	+	140	92868544	7553
chr1	92860991	93060991	harbor2	chr1	92868979	92869072	LINE/L2	707	+	46	92869025	8034
chr1	92860991	93060991	harbor2	chr1	92919314	92919670	LINE/L2	449	+	178	92919492	58501
chr1	92860991	93060991	harbor2	chr1	92930664	92931076	LINE/L2	466	+	206	92930870	69879
chr1	196346882	196546882	harbor2	chr1	196366022	196366164	LINE/L2	1042	+	71	196366093	19211
chr1	196346882	196546882	harbor2	chr1	196366458	196366874	LINE/L2	1042	+	208	196366666	19784
chr1	196346882	196546882	harbor2	chr1	196408102	196408521	LINE/L2	574	+	210	196408312	61430
chr1	16545147	16745147	harbor2	chr1	16614267	16614887	LINE/L2	886	+	310	16614577	69430
chr1	244608951	244808951	harbor2	chr1	244610624	244610744	LINE/L2	735	+	60	244610684	1733
chr1	244608951	244808951	harbor2	chr1	244611060	244611246	LINE/L2	735	+	93	244611153	2202
chr1	244608951	244808951	harbor2	chr1	244636948	244639404	LINE/L2	830	+	1228	244638176	29225
chr1	244608951	244808951	harbor2	chr1	244650248	244650843	LINE/L2	523	+	298	244650546	41595
chr1	244608951	244808951	harbor2	chr1	244651136	244651370	LINE/L2	448	+	117	244651253	42302
chr1	244608951	244808951	harbor2	chr1	244651809	244652213	LINE/L2	560	+	202	244652011	43060
chr1	244608951	244808951	harbor2	chr1	244665908	244666449	LINE/L2	1258	+	270	244666178	57227
chr1	6686164	6886164	harbor2	chr1	6725914	6726595	LINE/L2	1079	+	340	6726254	40090
chr1	6686164	6886164	harbor2	chr1	6726893	6727074	LINE/L2	1079	+	90	6726983	40819
chr1	6686164	6886164	harbor2	chr1	6727397	6727492	LINE/L2	1079	+	48	6727445	41281
chr1	6686164	6886164	harbor2	chr1	6773478	6773493	LINE/L2	756	+	8	6773486	87322
chr1	6686164	6886164	harbor2	chr1	6773656	6773718	LINE/L2	756	+	31	6773687	87523
chr1	6686164	6886164	harbor2	chr1	6774018	6774246	LINE/L2	756	+	114	6774132	87968
chr1	6686164	6886164	harbor2	chr1	6775065	6775103	LINE/L2	1183	+	19	6775084	88920
chr1	6686164	6886164	harbor2	chr1	6775408	6775809	LINE/L2	1183	+	200	6775608	89444
chr1	6686164	6886164	harbor2	chr1	6776761	6777153	LINE/L2	930	+	196	6776957	90793
chr1	6686164	6886164	harbor2	chr1	6777463	6777685	LINE/L2	930	+	111	6777574	91410
chr1	16544769	16744769	harbor2	chr1	16614267	16614887	LINE/L2	886	+	310	16614577	69808
chr1	16650676	16850676	harbor2	chr1	16716119	16716227	LINE/L2	510	+	54	16716173	65497
chr1	16544800	16744800	harbor2	chr1	16614267	16614887	LINE/L2	886	+	310	16614577	69777
chr1	39855881	40055881	harbor2	chr1	39904338	39904468	LINE/L2	473	+	65	39904403	48522
chr1	39855881	40055881	harbor2	chr1	39934320	39934532	LINE/L2	441	+	106	39934426	78545
chr1	226974774	227174774	harbor2	chr1	227004162	227004640	LINE/L2	825	+	239	227004401	29627
chr1	226974774	227174774	harbor2	chr1	227061659	227062025	LINE/L2	615	+	183	227061842	87068
chr1	226974774	227174774	harbor2	chr1	227069047	227069173	LINE/L2	545	+	63	227069110	94336
chr1	16625221	16825221	harbor2	chr1	16716119	16716227	LINE/L2	510	+	54	16716173	90952
chr1	18175437	18375437	harbor2	chr1	18179935	18180324	LINE/L2	535	+	194	18180129	4692
chr1	18175437	18375437	harbor2	chr1	18224301	18224663	LINE/L2	1023	+	181	18224482	49045
chr1	18175437	18375437	harbor2	chr1	18239399	18239759	LINE/L2	510	+	180	18239579	64142
chr1	18175437	18375437	harbor2	chr1	18255653	18256379	LINE/L2	621	+	363	18256016	80579
chr1	18175437	18375437	harbor2	chr1	18267992	18268115	LINE/L2	610	+	62	18268054	92617
chr1	67493952	67693952	harbor2	chr1	67545740	67545948	LINE/L2	855	+	104	67545844	51892
chr1	67493952	67693952	harbor2	chr1	67546268	67546586	LINE/L2	855	+	159	67546427	52475
chr1	67493952	67693952	harbor2	chr1	67551700	67552017	LINE/L2	560	+	158	67551858	57906
chr1	67493952	67693952	harbor2	chr1	67579662	67579913	LINE/L2	553	+	126	67579788	85836
chr1	67493952	67693952	harbor2	chr1	67585828	67586478	LINE/L2	589	+	325	67586153	92201
chr1	67493952	67693952	harbor2	chr1	67586774	67587349	LINE/L2	532	+	288	67587062	93110
chr1	10732803	10932803	harbor2	chr1	10753854	10754414	LINE/L2	913	+	280	10754134	21331
chr1	10732803	10932803	harbor2	chr1	10757269	10757505	LINE/L2	715	+	118	10757387	24584
chr1	10732803	10932803	harbor2	chr1	10757812	10758290	LINE/L2	715	+	239	10758051	25248
chr1	10732803	10932803	harbor2	chr1	10763533	10763781	LINE/L2	490	+	124	10763657	30854
chr1	10732803	10932803	harbor2	chr1	10799724	10800195	LINE/L2	662	+	236	10799960	67157
chr1	16544895	16744895	harbor2	chr1	16614267	16614887	LINE/L2	886	+	310	16614577	69682
chr1	205330799	205530799	harbor2	chr1	205376235	205376646	LINE/L2	724	+	206	205376441	45642
chr1	16544813	16744813	harbor2	chr1	16614267	16614887	LINE/L2	886	+	310	16614577	69764
chr1	16626867	16826867	harbor2	chr1	16716119	16716227	LINE/L2	510	+	54	16716173	89306
chr1	74605285	74805285	harbor2	chr1	74610158	74611987	LINE/L2	3846	+	914	74611072	5787
chr1	74605285	74805285	harbor2	chr1	74625390	74625698	LINE/L2	834	+	154	74625544	20259
chr1	74605285	74805285	harbor2	chr1	74692796	74692935	LINE/L2	455	+	70	74692866	87581
chr1	74605285	74805285	harbor2	chr1	74693361	74693722	LINE/L2	1022	+	180	74693541	88256
chr1	11740909	11940909	harbor2	chr1	11765444	11765658	LINE/L2	455	+	107	11765551	24642
chr1	11740909	11940909	harbor2	chr1	11791919	11792238	LINE/L2	502	+	160	11792079	51170
chr1	7229851	7429851	harbor2	chr1	7323326	7323481	LINE/L2	521	+	78	7323404	93553
chr1	7229851	7429851	harbor2	chr1	7323708	7323837	LINE/L2	447	+	64	7323772	93921
chr1	154985521	155185521	harbor2	chr1	155024641	155024866	LINE/L2	645	+	112	155024753	39232
chr1	154985521	155185521	harbor2	chr1	155025175	155025301	LINE/L2	645	+	63	155025238	39717
chr1	154985521	155185521	harbor2	chr1	155038608	155038856	LINE/L2	493	+	124	155038732	53211
chr1	16545132	16745132	harbor2	chr1	16614267	16614887	LINE/L2	886	+	310	16614577	69445
chr1	43467195	43667195	harbor2	chr1	43546694	43547214	LINE/L2	722	+	260	43546954	79759
chr1	31479906	31679906	harbor2	chr1	31502560	31502712	LINE/L2	562	+	76	31502636	22730
chr1	31479906	31679906	harbor2	chr1	31541650	31541907	LINE/L2	518	+	128	31541778	61872
chr1	31479906	31679906	harbor2	chr1	31572677	31572807	LINE/L2	850	+	65	31572742	92836
chr1	31479906	31679906	harbor2	chr1	31571818	31572387	LINE/L2	850	+	284	31572102	92196
chr1	727526	927526	harbor2	chr1	751018	751625	LINE/L2	1446	+	304	751322	23796
chr1	226638246	226838246	harbor2	chr1	226666723	226667280	LINE/L2	563	+	278	226667001	28755
chr1	110864043	111064043	harbor2	chr1	110901799	110902321	LINE/L2	922	+	261	110902060	38017
chr1	110864043	111064043	harbor2	chr1	110954830	110955486	LINE/L2	830	+	328	110955158	91115
chr1	191972112	192172112	harbor2	chr1	192030841	192031533	LINE/L2	1027	+	346	192031187	59075
chr1	191972112	192172112	harbor2	chr1	192032959	192033399	LINE/L2	753	+	220	192033179	61067
chr1	191972112	192172112	harbor2	chr1	192067621	192068607	LINE/L2	1413	+	493	192068114	96002
chr1	61555229	61755229	harbor2	chr1	61570740	61570904	LINE/L2	462	+	82	61570822	15593
chr1	61555229	61755229	harbor2	chr1	61571207	61571483	LINE/L2	462	+	138	61571345	16116
chr1	61555229	61755229	harbor2	chr1	61605654	61606098	LINE/L2	463	+	222	61605876	50647
chr1	61555229	61755229	harbor2	chr1	61616551	61616928	LINE/L2	471	+	188	61616739	61510
chr1	156560141	156760141	harbor2	chr1	156651065	156651309	LINE/L2	489	+	122	156651187	91046
chr1	170517376	170717376	harbor2	chr1	170566627	170566738	LINE/L2	508	+	56	170566683	49307
chr1	38904921	39104921	harbor2	chr1	38932934	38933493	LINE/L2	832	+	280	38933214	28293
chr1	38904921	39104921	harbor2	chr1	38938763	38938944	LINE/L2	462	+	90	38938853	33932
chr1	38904921	39104921	harbor2	chr1	38985464	38985797	LINE/L2	482	+	166	38985630	80709
chr1	38904921	39104921	harbor2	chr1	38986189	38986774	LINE/L2	636	+	292	38986481	81560
chr1	211730531	211930531	harbor2	chr1	211732608	211733132	LINE/L2	1306	+	262	211732870	2339
chr1	211730531	211930531	harbor2	chr1	211733474	211733758	LINE/L2	1306	+	142	211733616	3085
chr1	211730531	211930531	harbor2	chr1	211734881	211735016	LINE/L2	542	+	68	211734949	4418
chr1	211730531	211930531	harbor2	chr1	211799808	211800031	LINE/L2	845	+	112	211799920	69389
chr1	211730531	211930531	harbor2	chr1	211800321	211800411	LINE/L2	845	+	45	211800366	69835
chr1	211730531	211930531	harbor2	chr1	211814666	211815768	LINE/L2	1571	+	551	211815217	84686
chr1	211730531	211930531	harbor2	chr1	211816080	211816411	LINE/L2	1571	+	166	211816246	85715
chr1	244605752	244805752	harbor2	chr1	244610624	244610744	LINE/L2	735	+	60	244610684	4932
chr1	244605752	244805752	harbor2	chr1	244611060	244611246	LINE/L2	735	+	93	244611153	5401
chr1	244605752	244805752	harbor2	chr1	244636948	244639404	LINE/L2	830	+	1228	244638176	32424
chr1	244605752	244805752	harbor2	chr1	244650248	244650843	LINE/L2	523	+	298	244650546	44794
chr1	244605752	244805752	harbor2	chr1	244651136	244651370	LINE/L2	448	+	117	244651253	45501
chr1	244605752	244805752	harbor2	chr1	244651809	244652213	LINE/L2	560	+	202	244652011	46259
chr1	244605752	244805752	harbor2	chr1	244665908	244666449	LINE/L2	1258	+	270	244666178	60426
chr1	16598500	16798500	harbor2	chr1	16614267	16614887	LINE/L2	886	+	310	16614577	16077
chr1	76547403	76747403	harbor2	chr1	76566289	76566878	LINE/L2	768	+	294	76566583	19180
chr1	16655181	16855181	harbor2	chr1	16716119	16716227	LINE/L2	510	+	54	16716173	60992
chr1	16544742	16744742	harbor2	chr1	16614267	16614887	LINE/L2	886	+	310	16614577	69835
chr1	16544837	16744837	harbor2	chr1	16614267	16614887	LINE/L2	886	+	310	16614577	69740
chr1	226639019	226839019	harbor2	chr1	226666723	226667280	LINE/L2	563	+	278	226667001	27982
chr1	53847584	54047584	harbor2	chr1	53850395	53850521	LINE/L2	546	+	63	53850458	2874
chr1	53847584	54047584	harbor2	chr1	53875532	53876062	LINE/L2	1096	+	265	53875797	28213
chr1	53847584	54047584	harbor2	chr1	53892981	53893316	LINE/L2	509	+	168	53893149	45565
chr1	53847584	54047584	harbor2	chr1	53894799	53895134	LINE/L2	519	+	168	53894967	47383
chr1	53847584	54047584	harbor2	chr1	53901977	53902482	LINE/L2	568	+	252	53902229	54645
chr1	53856437	54056437	harbor2	chr1	53875532	53876062	LINE/L2	1096	+	265	53875797	19360
chr1	53856437	54056437	harbor2	chr1	53892981	53893316	LINE/L2	509	+	168	53893149	36712
chr1	53856437	54056437	harbor2	chr1	53894799	53895134	LINE/L2	519	+	168	53894967	38530
chr1	53856437	54056437	harbor2	chr1	53901977	53902482	LINE/L2	568	+	252	53902229	45792
chr1	162655449	162855449	harbor2	chr1	162673907	162674304	LINE/L2	908	+	198	162674105	18656
chr1	162655449	162855449	harbor2	chr1	162740381	162740779	LINE/L2	941	+	199	162740580	85131
chr1	16544790	16744790	harbor2	chr1	16614267	16614887	LINE/L2	886	+	310	16614577	69787
chr1	154870386	155070386	harbor2	chr1	154874275	154874708	LINE/L2	653	+	216	154874491	4105
chr1	154870386	155070386	harbor2	chr1	154877986	154878109	LINE/L2	521	+	62	154878048	7662
chr1	154870386	155070386	harbor2	chr1	154887466	154887558	LINE/L2	563	+	46	154887512	17126
chr1	154870386	155070386	harbor2	chr1	154887861	154888313	LINE/L2	563	+	226	154888087	17701
chr1	154870386	155070386	harbor2	chr1	154899258	154899575	LINE/L2	792	+	158	154899416	29030
chr1	154870386	155070386	harbor2	chr1	154899889	154900416	LINE/L2	849	+	264	154900153	29767
chr1	154870386	155070386	harbor2	chr1	154927477	154928096	LINE/L2	1311	+	310	154927787	57401
chr1	154870386	155070386	harbor2	chr1	154938654	154938883	LINE/L2	498	+	114	154938768	68382
chr1	154870386	155070386	harbor2	chr1	154939021	154939278	LINE/L2	498	+	128	154939149	68763
chr1	154870386	155070386	harbor2	chr1	154926877	154927168	LINE/L2	1311	+	146	154927023	56637
chr1	204830869	205030869	harbor2	chr1	204882259	204882720	LINE/L2	805	+	230	204882489	51620
chr1	182932329	183132329	harbor2	chr1	183007043	183007228	LINE/L2	493	+	92	183007135	74806
chr1	182932329	183132329	harbor2	chr1	183029267	183029559	LINE/L2	488	+	146	183029413	97084
chr1	16546417	16746417	harbor2	chr1	16614267	16614887	LINE/L2	886	+	310	16614577	68160
chr1	21392241	21592241	harbor2	chr1	21444830	21444970	LINE/L2	495	+	70	21444900	52659
chr1	211034229	211234229	harbor2	chr1	211040745	211041338	LINE/L2	871	+	296	211041041	6812
chr1	211034229	211234229	harbor2	chr1	211041363	211041752	LINE/L2	560	+	194	211041557	7328
chr1	211034229	211234229	harbor2	chr1	211100954	211101300	LINE/L2	449	+	173	211101127	66898
chr1	211034229	211234229	harbor2	chr1	211042055	211042449	LINE/L2	560	+	197	211042252	8023
chr1	59715217	59915217	harbor2	chr1	59720834	59721193	LINE/L2	823	+	180	59721014	5797
chr1	59715217	59915217	harbor2	chr1	59730409	59730534	LINE/L2	509	+	62	59730471	15254
chr1	59715217	59915217	harbor2	chr1	59742120	59743454	LINE/L2	1069	+	667	59742787	27570
chr1	244735652	244935652	harbor2	chr1	244779902	244781181	LINE/L2	3940	+	640	244780542	44890
chr1	244735652	244935652	harbor2	chr1	244781454	244781479	LINE/L2	3940	+	12	244781466	45814
chr1	244735652	244935652	harbor2	chr1	244781522	244781538	LINE/L2	3940	+	8	244781530	45878
chr1	244735652	244935652	harbor2	chr1	244781611	244781777	LINE/L2	3940	+	83	244781694	46042
chr1	244735652	244935652	harbor2	chr1	244782077	244782715	LINE/L2	3940	+	319	244782396	46744
chr1	244735652	244935652	harbor2	chr1	244782727	244782819	LINE/L2	495	+	46	244782773	47121
chr1	244735652	244935652	harbor2	chr1	244783115	244783219	LINE/L2	495	+	52	244783167	47515
chr1	244763056	244963056	harbor2	chr1	244779902	244781181	LINE/L2	3940	+	640	244780542	17486
chr1	244763056	244963056	harbor2	chr1	244781454	244781479	LINE/L2	3940	+	12	244781466	18410
chr1	244763056	244963056	harbor2	chr1	244781522	244781538	LINE/L2	3940	+	8	244781530	18474
chr1	244763056	244963056	harbor2	chr1	244781611	244781777	LINE/L2	3940	+	83	244781694	18638
chr1	244763056	244963056	harbor2	chr1	244782077	244782715	LINE/L2	3940	+	319	244782396	19340
chr1	244763056	244963056	harbor2	chr1	244782727	244782819	LINE/L2	495	+	46	244782773	19717
chr1	244763056	244963056	harbor2	chr1	244783115	244783219	LINE/L2	495	+	52	244783167	20111
chr1	16544707	16744707	harbor2	chr1	16614267	16614887	LINE/L2	886	+	310	16614577	69870
chr1	25574287	25774287	harbor2	chr1	25611701	25612463	LINE/L2	560	+	381	25612082	37795
chr1	25574287	25774287	harbor2	chr1	25615426	25615597	LINE/L2	570	+	86	25615512	41225
chr1	25574287	25774287	harbor2	chr1	25668200	25668461	LINE/L2	699	+	130	25668330	94043
chr1	116272865	116472865	harbor2	chr1	116307005	116307883	LINE/L2	456	+	439	116307444	34579
chr1	116272865	116472865	harbor2	chr1	116307899	116308228	LINE/L2	452	+	164	116308063	35198
chr1	116272865	116472865	harbor2	chr1	116367347	116367924	LINE/L2	673	+	288	116367635	94770
chr1	244631205	244831205	harbor2	chr1	244636948	244639404	LINE/L2	830	+	1228	244638176	6971
chr1	244631205	244831205	harbor2	chr1	244650248	244650843	LINE/L2	523	+	298	244650546	19341
chr1	244631205	244831205	harbor2	chr1	244651136	244651370	LINE/L2	448	+	117	244651253	20048
chr1	244631205	244831205	harbor2	chr1	244651809	244652213	LINE/L2	560	+	202	244652011	20806
chr1	244631205	244831205	harbor2	chr1	244665908	244666449	LINE/L2	1258	+	270	244666178	34973
chr1	244631205	244831205	harbor2	chr1	244712484	244713073	LINE/L2	1072	+	294	244712778	81573
chr1	244631205	244831205	harbor2	chr1	244711408	244712179	LINE/L2	1072	+	386	244711794	80589
chr1	23067990	23267990	harbor2	chr1	23106676	23107430	LINE/L2	1384	+	377	23107053	39063
chr1	23067990	23267990	harbor2	chr1	23119587	23119755	LINE/L2	441	+	84	23119671	51681
chr1	23067990	23267990	harbor2	chr1	23130778	23130935	LINE/L2	855	+	78	23130856	62866
chr1	23067990	23267990	harbor2	chr1	23131248	23131585	LINE/L2	855	+	168	23131416	63426
chr1	244605764	244805764	harbor2	chr1	244610624	244610744	LINE/L2	735	+	60	244610684	4920
chr1	244605764	244805764	harbor2	chr1	244611060	244611246	LINE/L2	735	+	93	244611153	5389
chr1	244605764	244805764	harbor2	chr1	244636948	244639404	LINE/L2	830	+	1228	244638176	32412
chr1	244605764	244805764	harbor2	chr1	244650248	244650843	LINE/L2	523	+	298	244650546	44782
chr1	244605764	244805764	harbor2	chr1	244651136	244651370	LINE/L2	448	+	117	244651253	45489
chr1	244605764	244805764	harbor2	chr1	244651809	244652213	LINE/L2	560	+	202	244652011	46247
chr1	244605764	244805764	harbor2	chr1	244665908	244666449	LINE/L2	1258	+	270	244666178	60414
chr1	6685436	6885436	harbor2	chr1	6725914	6726595	LINE/L2	1079	+	340	6726254	40818
chr1	6685436	6885436	harbor2	chr1	6726893	6727074	LINE/L2	1079	+	90	6726983	41547
chr1	6685436	6885436	harbor2	chr1	6727397	6727492	LINE/L2	1079	+	48	6727445	42009
chr1	6685436	6885436	harbor2	chr1	6773478	6773493	LINE/L2	756	+	8	6773486	88050
chr1	6685436	6885436	harbor2	chr1	6773656	6773718	LINE/L2	756	+	31	6773687	88251
chr1	6685436	6885436	harbor2	chr1	6774018	6774246	LINE/L2	756	+	114	6774132	88696
chr1	6685436	6885436	harbor2	chr1	6775065	6775103	LINE/L2	1183	+	19	6775084	89648
chr1	6685436	6885436	harbor2	chr1	6775408	6775809	LINE/L2	1183	+	200	6775608	90172
chr1	6685436	6885436	harbor2	chr1	6776761	6777153	LINE/L2	930	+	196	6776957	91521
chr1	6685436	6885436	harbor2	chr1	6777463	6777685	LINE/L2	930	+	111	6777574	92138
chr1	17020269	17220269	harbor2	chr1	17076883	17077424	LINE/L2	1001	+	270	17077153	56884
chr1	17020269	17220269	harbor2	chr1	17091374	17091892	LINE/L2	779	+	259	17091633	71364
chr1	17020269	17220269	harbor2	chr1	17094114	17094704	LINE/L2	771	+	295	17094409	74140
chr1	148210264	148410264	harbor2	chr1	148291570	148291703	LINE/L2	515	+	66	148291636	81372
chr1	156623387	156823387	harbor2	chr1	156651065	156651309	LINE/L2	489	+	122	156651187	27800
chr1	156623387	156823387	harbor2	chr1	156666463	156667035	LINE/L2	754	+	286	156666749	43362
chr1	156623387	156823387	harbor2	chr1	156696717	156697455	LINE/L2	453	+	369	156697086	73699
chr1	16603124	16803124	harbor2	chr1	16614267	16614887	LINE/L2	886	+	310	16614577	11453
chr1	31479894	31679894	harbor2	chr1	31502560	31502712	LINE/L2	562	+	76	31502636	22742
chr1	31479894	31679894	harbor2	chr1	31541650	31541907	LINE/L2	518	+	128	31541778	61884
chr1	31479894	31679894	harbor2	chr1	31572677	31572807	LINE/L2	850	+	65	31572742	92848
chr1	31479894	31679894	harbor2	chr1	31571818	31572387	LINE/L2	850	+	284	31572102	92208
chr1	156560151	156760151	harbor2	chr1	156651065	156651309	LINE/L2	489	+	122	156651187	91036
chr1	167621518	167821518	harbor2	chr1	167634115	167634354	LINE/L2	447	+	120	167634235	12717
chr1	167621518	167821518	harbor2	chr1	167671931	167672308	LINE/L2	557	+	188	167672119	50601
chr1	167621518	167821518	harbor2	chr1	167678136	167679110	LINE/L2	1113	+	487	167678623	57105
chr1	167621518	167821518	harbor2	chr1	167699704	167700123	LINE/L2	702	+	210	167699914	78396
chr1	167621518	167821518	harbor2	chr1	167673722	167674154	LINE/L2	797	+	216	167673938	52420
chr1	86768547	86968547	harbor2	chr1	86848596	86848895	LINE/L2	469	+	150	86848746	80199
chr1	86768547	86968547	harbor2	chr1	86858081	86858484	LINE/L2	533	+	202	86858283	89736
chr1	16545142	16745142	harbor2	chr1	16614267	16614887	LINE/L2	886	+	310	16614577	69435
chr1	28827120	29027120	harbor2	chr1	28845874	28846247	LINE/L2	826	+	186	28846060	18940
chr1	28827120	29027120	harbor2	chr1	28883328	28883565	LINE/L2	462	+	118	28883446	56326
chr1	28827120	29027120	harbor2	chr1	28893413	28893548	LINE/L2	601	+	68	28893481	66361
chr1	28827120	29027120	harbor2	chr1	28894173	28894308	LINE/L2	530	+	68	28894241	67121
chr1	28827120	29027120	harbor2	chr1	28900779	28900925	LINE/L2	1531	+	73	28900852	73732
chr1	28827120	29027120	harbor2	chr1	28901834	28902076	LINE/L2	1531	+	121	28901955	74835
chr1	110113147	110313147	harbor2	chr1	110148854	110149016	LINE/L2	514	+	81	110148935	35788
chr1	110113147	110313147	harbor2	chr1	110157192	110157292	LINE/L2	788	+	50	110157242	44095
chr1	110113147	110313147	harbor2	chr1	110157603	110158207	LINE/L2	1110	+	302	110157905	44758
chr1	110113147	110313147	harbor2	chr1	110163645	110164191	LINE/L2	802	+	273	110163918	50771
chr1	110113147	110313147	harbor2	chr1	110188340	110190106	LINE/L2	661	+	883	110189223	76076
chr1	16546458	16746458	harbor2	chr1	16614267	16614887	LINE/L2	886	+	310	16614577	68119
chr1	180065529	180265529	harbor2	chr1	180104899	180105507	LINE/L2	1786	+	304	180105203	39674
chr1	180065529	180265529	harbor2	chr1	180153647	180153882	LINE/L2	634	+	118	180153765	88236
chr1	23271185	23471185	harbor2	chr1	23319119	23320193	LINE/L2	1095	+	537	23319656	48471
chr1	23271185	23471185	harbor2	chr1	23354337	23354728	LINE/L2	677	+	196	23354533	83348
chr1	23271185	23471185	harbor2	chr1	23355340	23355366	LINE/L2	677	+	13	23355353	84168
chr1	89618068	89818068	harbor2	chr1	89667139	89667494	LINE/L2	981	+	178	89667317	49249
chr1	727539	927539	harbor2	chr1	751018	751625	LINE/L2	1446	+	304	751322	23783
chr1	214181152	214381152	harbor2	chr1	214184545	214184931	LINE/L2	708	+	193	214184738	3586
chr1	214181152	214381152	harbor2	chr1	214204155	214204271	LINE/L2	658	+	58	214204213	23061
chr1	214181152	214381152	harbor2	chr1	214215322	214215964	LINE/L2	585	+	321	214215643	34491
chr1	214181152	214381152	harbor2	chr1	214231248	214231699	LINE/L2	590	+	226	214231474	50322
chr1	214181152	214381152	harbor2	chr1	214259463	214260211	LINE/L2	1654	+	374	214259837	78685
chr1	32232884	32432884	harbor2	chr1	32296002	32296202	LINE/L2	572	+	100	32296102	63218
chr1	51230916	51430916	harbor2	chr1	51240006	51240634	LINE/L2	874	+	314	51240320	9404
chr1	51230916	51430916	harbor2	chr1	51297626	51298239	LINE/L2	462	+	306	51297932	67016
chr1	51230916	51430916	harbor2	chr1	51315658	51315867	LINE/L2	447	+	104	51315762	84846
chr1	51230916	51430916	harbor2	chr1	51322382	51322569	LINE/L2	727	+	94	51322476	91560
chr1	244609671	244809671	harbor2	chr1	244610624	244610744	LINE/L2	735	+	60	244610684	1013
chr1	244609671	244809671	harbor2	chr1	244611060	244611246	LINE/L2	735	+	93	244611153	1482
chr1	244609671	244809671	harbor2	chr1	244636948	244639404	LINE/L2	830	+	1228	244638176	28505
chr1	244609671	244809671	harbor2	chr1	244650248	244650843	LINE/L2	523	+	298	244650546	40875
chr1	244609671	244809671	harbor2	chr1	244651136	244651370	LINE/L2	448	+	117	244651253	41582
chr1	244609671	244809671	harbor2	chr1	244651809	244652213	LINE/L2	560	+	202	244652011	42340
chr1	244609671	244809671	harbor2	chr1	244665908	244666449	LINE/L2	1258	+	270	244666178	56507
chr1	20052576	20252576	harbor2	chr1	20071666	20071826	LINE/L2	1603	+	80	20071746	19170
chr1	20052576	20252576	harbor2	chr1	20072123	20072401	LINE/L2	1603	+	139	20072262	19686
chr1	20052576	20252576	harbor2	chr1	20078482	20078652	LINE/L2	457	+	85	20078567	25991
chr1	16660926	16860926	harbor2	chr1	16716119	16716227	LINE/L2	510	+	54	16716173	55247
chr1	223604865	223804865	harbor2	chr1	223614443	223614799	LINE/L2	482	+	178	223614621	9756
chr1	223604865	223804865	harbor2	chr1	223668012	223668551	LINE/L2	625	+	270	223668282	63417
chr1	223604865	223804865	harbor2	chr1	223677511	223677539	LINE/L2	597	+	14	223677525	72660
chr1	223604865	223804865	harbor2	chr1	223677852	223678091	LINE/L2	597	+	120	223677972	73107
chr1	16626815	16826815	harbor2	chr1	16716119	16716227	LINE/L2	510	+	54	16716173	89358
chr1	22502698	22702698	harbor2	chr1	22514241	22514884	LINE/L2	1086	+	322	22514563	11865
chr1	22502698	22702698	harbor2	chr1	22544215	22544349	LINE/L2	471	+	67	22544282	41584
chr1	22502698	22702698	harbor2	chr1	22544647	22544789	LINE/L2	471	+	71	22544718	42020
chr1	22502698	22702698	harbor2	chr1	22590318	22590856	LINE/L2	458	+	269	22590587	87889
chr1	16586020	16786020	harbor2	chr1	16614267	16614887	LINE/L2	886	+	310	16614577	28557
chr1	244605740	244805740	harbor2	chr1	244610624	244610744	LINE/L2	735	+	60	244610684	4944
chr1	244605740	244805740	harbor2	chr1	244611060	244611246	LINE/L2	735	+	93	244611153	5413
chr1	244605740	244805740	harbor2	chr1	244636948	244639404	LINE/L2	830	+	1228	244638176	32436
chr1	244605740	244805740	harbor2	chr1	244650248	244650843	LINE/L2	523	+	298	244650546	44806
chr1	244605740	244805740	harbor2	chr1	244651136	244651370	LINE/L2	448	+	117	244651253	45513
chr1	244605740	244805740	harbor2	chr1	244651809	244652213	LINE/L2	560	+	202	244652011	46271
chr1	244605740	244805740	harbor2	chr1	244665908	244666449	LINE/L2	1258	+	270	244666178	60438
chr1	230028630	230228630	harbor2	chr1	230052306	230052836	LINE/L2	584	+	265	230052571	23941
chr1	19544301	19744301	harbor2	chr1	19551165	19551347	LINE/L2	554	+	91	19551256	6955
chr1	19544301	19744301	harbor2	chr1	19552353	19552895	LINE/L2	1324	+	271	19552624	8323
chr1	19544301	19744301	harbor2	chr1	19578947	19579371	LINE/L2	454	+	212	19579159	34858
chr1	19544301	19744301	harbor2	chr1	19580486	19581124	LINE/L2	1951	+	319	19580805	36504
chr1	19544301	19744301	harbor2	chr1	19602036	19602220	LINE/L2	523	+	92	19602128	57827
chr1	19544301	19744301	harbor2	chr1	19634365	19634654	LINE/L2	1039	+	144	19634509	90208
chr1	19544301	19744301	harbor2	chr1	19640132	19640291	LINE/L2	471	+	80	19640212	95911
chr1	28815540	29015540	harbor2	chr1	28845874	28846247	LINE/L2	826	+	186	28846060	30520
chr1	28815540	29015540	harbor2	chr1	28883328	28883565	LINE/L2	462	+	118	28883446	67906
chr1	28815540	29015540	harbor2	chr1	28893413	28893548	LINE/L2	601	+	68	28893481	77941
chr1	28815540	29015540	harbor2	chr1	28894173	28894308	LINE/L2	530	+	68	28894241	78701
chr1	28815540	29015540	harbor2	chr1	28900779	28900925	LINE/L2	1531	+	73	28900852	85312
chr1	28815540	29015540	harbor2	chr1	28901834	28902076	LINE/L2	1531	+	121	28901955	86415
chr1	47318309	47518309	harbor2	chr1	47332168	47332806	LINE/L2	663	+	319	47332487	14178
chr1	47318309	47518309	harbor2	chr1	47371245	47372016	LINE/L2	667	+	386	47371631	53322
chr1	47318309	47518309	harbor2	chr1	47384100	47384304	LINE/L2	465	+	102	47384202	65893
chr1	47318309	47518309	harbor2	chr1	47401007	47401575	LINE/L2	1296	+	284	47401291	82982
chr1	241289600	241489600	harbor2	chr1	241297078	241297236	LINE/L2	565	+	79	241297157	7557
chr1	241289600	241489600	harbor2	chr1	241358526	241358670	LINE/L2	449	+	72	241358598	68998
chr1	241289600	241489600	harbor2	chr1	241359068	241359476	LINE/L2	1028	+	204	241359272	69672
chr1	241289600	241489600	harbor2	chr1	241362143	241362877	LINE/L2	1354	+	367	241362510	72910
chr1	241289600	241489600	harbor2	chr1	241369986	241370491	LINE/L2	751	+	252	241370238	80638
chr1	241289600	241489600	harbor2	chr1	241370820	241370991	LINE/L2	507	+	86	241370906	81306
chr1	44703624	44903624	harbor2	chr1	44717451	44717715	LINE/L2	489	+	132	44717583	13959
chr1	44703624	44903624	harbor2	chr1	44727754	44728202	LINE/L2	1179	+	224	44727978	24354
chr1	44703624	44903624	harbor2	chr1	44728515	44728750	LINE/L2	1179	+	118	44728633	25009
chr1	44703624	44903624	harbor2	chr1	44729061	44729330	LINE/L2	1179	+	134	44729195	25571
chr1	44703624	44903624	harbor2	chr1	44736482	44737337	LINE/L2	2161	+	428	44736910	33286
chr1	44703624	44903624	harbor2	chr1	44737646	44737809	LINE/L2	2161	+	82	44737728	34104
chr1	44703624	44903624	harbor2	chr1	44770774	44770972	LINE/L2	436	+	99	44770873	67249
chr1	44703624	44903624	harbor2	chr1	44774894	44775336	LINE/L2	715	+	221	44775115	71491
chr1	44703624	44903624	harbor2	chr1	44793544	44793919	LINE/L2	476	+	188	44793732	90108
chr1	16626840	16826840	harbor2	chr1	16716119	16716227	LINE/L2	510	+	54	16716173	89333
chr1	11741330	11941330	harbor2	chr1	11765444	11765658	LINE/L2	455	+	107	11765551	24221
chr1	11741330	11941330	harbor2	chr1	11791919	11792238	LINE/L2	502	+	160	11792079	50749
chr1	203029240	203229240	harbor2	chr1	203040878	203040992	LINE/L2	511	+	57	203040935	11695
chr1	203029240	203229240	harbor2	chr1	203092363	203092701	LINE/L2	441	+	169	203092532	63292
chr1	212332813	212532813	harbor2	chr1	212356234	212356470	LINE/L2	710	+	118	212356352	23539
chr1	212332813	212532813	harbor2	chr1	212420500	212421013	LINE/L2	2014	+	256	212420756	87943
chr1	212332813	212532813	harbor2	chr1	212431633	212431922	LINE/L2	988	+	144	212431777	98964
chr1	212332813	212532813	harbor2	chr1	212432220	212432447	LINE/L2	988	+	114	212432334	99521
chr1	32108058	32308058	harbor2	chr1	32157476	32157894	LINE/L2	532	+	209	32157685	49627
chr1	16544730	16744730	harbor2	chr1	16614267	16614887	LINE/L2	886	+	310	16614577	69847
chr1	53584910	53784910	harbor2	chr1	53598856	53599007	LINE/L2	447	+	76	53598932	14022
chr1	53584910	53784910	harbor2	chr1	53642659	53642942	LINE/L2	506	+	142	53642801	57891
chr1	53584910	53784910	harbor2	chr1	53644908	53645063	LINE/L2	457	+	78	53644986	60076
chr1	53584910	53784910	harbor2	chr1	53645070	53645505	LINE/L2	1183	+	218	53645288	60378
chr1	230743397	230943397	harbor2	chr1	230777424	230778775	LINE/L2	2990	+	676	230778100	34703
chr1	230743397	230943397	harbor2	chr1	230832448	230832588	LINE/L2	490	+	70	230832518	89121
chr1	89721814	89921814	harbor2	chr1	89740563	89740843	LINE/L2	944	+	140	89740703	18889
chr1	89721814	89921814	harbor2	chr1	89764074	89764529	LINE/L2	1007	+	228	89764302	42488
chr1	89721814	89921814	harbor2	chr1	89764830	89764966	LINE/L2	559	+	68	89764898	43084
chr1	89721814	89921814	harbor2	chr1	89772857	89773071	LINE/L2	446	+	107	89772964	51150
chr1	116393750	116593750	harbor2	chr1	116432402	116432910	LINE/L2	1204	+	254	116432656	38906
chr1	116393750	116593750	harbor2	chr1	116448441	116448688	LINE/L2	512	+	124	116448565	54815
chr1	116393750	116593750	harbor2	chr1	116470055	116470379	LINE/L2	505	+	162	116470217	76467
chr1	116393750	116593750	harbor2	chr1	116487699	116488376	LINE/L2	448	+	338	116488037	94287
chr1	220688388	220888388	harbor2	chr1	220762429	220762552	LINE/L2	522	+	62	220762491	74103
chr1	235647632	235847632	harbor2	chr1	235659711	235659893	LINE/L2	507	+	91	235659802	12170
chr1	235647632	235847632	harbor2	chr1	235660182	235660450	LINE/L2	555	+	134	235660316	12684
chr1	79970074	80170074	harbor2	chr1	79976552	79976741	LINE/L2	515	+	94	79976646	6572
chr1	79970074	80170074	harbor2	chr1	80032888	80033181	LINE/L2	733	+	146	80033034	62960
chr1	79970074	80170074	harbor2	chr1	80040369	80041451	LINE/L2	1847	+	541	80040910	70836
chr1	79970074	80170074	harbor2	chr1	80042106	80043005	LINE/L2	1004	+	450	80042556	72482
chr1	6601951	6801951	harbor2	chr1	6659247	6659477	LINE/L2	1030	+	115	6659362	57411
chr1	6601951	6801951	harbor2	chr1	6660090	6660161	LINE/L2	1030	+	36	6660126	58175
chr1	6601951	6801951	harbor2	chr1	6660456	6660628	LINE/L2	1030	+	86	6660542	58591
chr1	23880282	24080282	harbor2	chr1	23880474	23880562	LINE/L2	696	+	44	23880518	236
chr1	23880282	24080282	harbor2	chr1	23926293	23926350	LINE/L2	712	+	28	23926321	46039
chr1	23880282	24080282	harbor2	chr1	23926660	23926854	LINE/L2	712	+	97	23926757	46475
chr1	237493862	237693862	harbor2	chr1	237516420	237517396	LINE/L2	1114	+	488	237516908	23046
chr1	237493862	237693862	harbor2	chr1	237541382	237541576	LINE/L2	543	+	97	237541479	47617
chr1	237493862	237693862	harbor2	chr1	237542026	237542058	LINE/L2	543	+	16	237542042	48180
chr1	237493862	237693862	harbor2	chr1	237542354	237542411	LINE/L2	543	+	28	237542382	48520
chr1	237493862	237693862	harbor2	chr1	237584410	237584562	LINE/L2	579	+	76	237584486	90624
chr1	207932133	208132133	harbor2	chr1	207987928	207988059	LINE/L2	532	+	66	207987994	55861
chr1	207932133	208132133	harbor2	chr1	207998439	207999210	LINE/L2	1383	+	386	207998825	66692
chr1	207932133	208132133	harbor2	chr1	207999511	207999613	LINE/L2	1383	+	51	207999562	67429
chr1	207932133	208132133	harbor2	chr1	208008208	208009184	LINE/L2	824	+	488	208008696	76563
chr1	101801228	102001228	harbor2	chr1	101851661	101851836	LINE/L2	686	+	88	101851749	50521
chr1	101801228	102001228	harbor2	chr1	101852010	101853627	LINE/L2	2679	+	808	101852818	51590
chr1	101801228	102001228	harbor2	chr1	101900061	101900282	LINE/L2	526	+	110	101900171	98943
chr1	19567950	19767950	harbor2	chr1	19578947	19579371	LINE/L2	454	+	212	19579159	11209
chr1	19567950	19767950	harbor2	chr1	19580486	19581124	LINE/L2	1951	+	319	19580805	12855
chr1	19567950	19767950	harbor2	chr1	19602036	19602220	LINE/L2	523	+	92	19602128	34178
chr1	19567950	19767950	harbor2	chr1	19634365	19634654	LINE/L2	1039	+	144	19634509	66559
chr1	19567950	19767950	harbor2	chr1	19640132	19640291	LINE/L2	471	+	80	19640212	72262
chr1	19567950	19767950	harbor2	chr1	19655669	19656191	LINE/L2	557	+	261	19655930	87980
chr1	19567950	19767950	harbor2	chr1	19663994	19664172	LINE/L2	517	+	89	19664083	96133
chr1	19567950	19767950	harbor2	chr1	19666591	19667374	LINE/L2	913	+	392	19666983	99033
chr1	211005470	211205470	harbor2	chr1	211040745	211041338	LINE/L2	871	+	296	211041041	35571
chr1	211005470	211205470	harbor2	chr1	211041363	211041752	LINE/L2	560	+	194	211041557	36087
chr1	211005470	211205470	harbor2	chr1	211100954	211101300	LINE/L2	449	+	173	211101127	95657
chr1	211005470	211205470	harbor2	chr1	211042055	211042449	LINE/L2	560	+	197	211042252	36782
chr1	54663786	54863786	harbor2	chr1	54665320	54665556	LINE/L2	886	+	118	54665438	1652
chr1	54663786	54863786	harbor2	chr1	54665949	54666084	LINE/L2	518	+	68	54666017	2231
chr1	54663786	54863786	harbor2	chr1	54674413	54674612	LINE/L2	599	+	100	54674513	10727
chr1	54663786	54863786	harbor2	chr1	54683442	54684078	LINE/L2	749	+	318	54683760	19974
chr1	54663786	54863786	harbor2	chr1	54715147	54715633	LINE/L2	580	+	243	54715390	51604
chr1	54663786	54863786	harbor2	chr1	54747573	54747971	LINE/L2	587	+	199	54747772	83986
chr1	54663786	54863786	harbor2	chr1	54760210	54760784	LINE/L2	863	+	287	54760497	96711
chr1	54663786	54863786	harbor2	chr1	54761078	54761375	LINE/L2	863	+	148	54761226	97440
chr1	26595855	26795855	harbor2	chr1	26608996	26609310	LINE/L2	624	+	157	26609153	13298
chr1	26595855	26795855	harbor2	chr1	26610307	26610634	LINE/L2	1062	+	164	26610471	14616
chr1	16545145	16745145	harbor2	chr1	16614267	16614887	LINE/L2	886	+	310	16614577	69432
chr1	246213932	246413932	harbor2	chr1	246293804	246294195	LINE/L2	619	+	196	246294000	80068
chr1	6685468	6885468	harbor2	chr1	6725914	6726595	LINE/L2	1079	+	340	6726254	40786
chr1	6685468	6885468	harbor2	chr1	6726893	6727074	LINE/L2	1079	+	90	6726983	41515
chr1	6685468	6885468	harbor2	chr1	6727397	6727492	LINE/L2	1079	+	48	6727445	41977
chr1	6685468	6885468	harbor2	chr1	6773478	6773493	LINE/L2	756	+	8	6773486	88018
chr1	6685468	6885468	harbor2	chr1	6773656	6773718	LINE/L2	756	+	31	6773687	88219
chr1	6685468	6885468	harbor2	chr1	6774018	6774246	LINE/L2	756	+	114	6774132	88664
chr1	6685468	6885468	harbor2	chr1	6775065	6775103	LINE/L2	1183	+	19	6775084	89616
chr1	6685468	6885468	harbor2	chr1	6775408	6775809	LINE/L2	1183	+	200	6775608	90140
chr1	6685468	6885468	harbor2	chr1	6776761	6777153	LINE/L2	930	+	196	6776957	91489
chr1	6685468	6885468	harbor2	chr1	6777463	6777685	LINE/L2	930	+	111	6777574	92106
chr1	26442085	26642085	harbor2	chr1	26484833	26485443	LINE/L2	878	+	305	26485138	43053
chr1	26442085	26642085	harbor2	chr1	26498981	26499145	LINE/L2	578	+	82	26499063	56978
chr1	26442085	26642085	harbor2	chr1	26518732	26518824	LINE/L2	465	+	46	26518778	76693
chr1	16544776	16744776	harbor2	chr1	16614267	16614887	LINE/L2	886	+	310	16614577	69801
chr1	165495090	165695090	harbor2	chr1	165531671	165531952	LINE/L2	742	+	140	165531811	36721
chr1	165495090	165695090	harbor2	chr1	165569510	165569756	LINE/L2	616	+	123	165569633	74543
chr1	230940404	231140404	harbor2	chr1	230974182	230974350	LINE/L2	444	+	84	230974266	33862
chr1	230940404	231140404	harbor2	chr1	230974680	230974806	LINE/L2	444	+	63	230974743	34339
chr1	230940404	231140404	harbor2	chr1	230980112	230980322	LINE/L2	547	+	105	230980217	39813
chr1	230940404	231140404	harbor2	chr1	230991287	230991631	LINE/L2	1904	+	172	230991459	51055
chr1	230940404	231140404	harbor2	chr1	230991928	230992643	LINE/L2	1904	+	358	230992286	51882
chr1	230940404	231140404	harbor2	chr1	230980688	230982192	LINE/L2	3647	+	752	230981440	41036
chr1	42648943	42848943	harbor2	chr1	42666802	42667305	LINE/L2	805	+	252	42667054	18111
chr1	42648943	42848943	harbor2	chr1	42717993	42718765	LINE/L2	897	+	386	42718379	69436
chr1	156113311	156313311	harbor2	chr1	156143926	156144359	LINE/L2	2627	+	216	156144142	30831
chr1	156113311	156313311	harbor2	chr1	156144667	156145153	LINE/L2	2627	+	243	156144910	31599
chr1	156113311	156313311	harbor2	chr1	156145637	156145894	LINE/L2	559	+	128	156145765	32454
chr1	156113311	156313311	harbor2	chr1	156202964	156203522	LINE/L2	549	+	279	156203243	89932
chr1	156113311	156313311	harbor2	chr1	156205402	156205904	LINE/L2	1452	+	251	156205653	92342
chr1	169022360	169222360	harbor2	chr1	169054123	169054500	LINE/L2	451	+	188	169054311	31951
chr1	16544734	16744734	harbor2	chr1	16614267	16614887	LINE/L2	886	+	310	16614577	69843
chr1	17063875	17263875	harbor2	chr1	17076883	17077424	LINE/L2	1001	+	270	17077153	13278
chr1	17063875	17263875	harbor2	chr1	17091374	17091892	LINE/L2	779	+	259	17091633	27758
chr1	17063875	17263875	harbor2	chr1	17094114	17094704	LINE/L2	771	+	295	17094409	30534
chr1	17063875	17263875	harbor2	chr1	17145064	17145945	LINE/L2	948	+	440	17145504	81629
chr1	31973331	32173331	harbor2	chr1	32000005	32000379	LINE/L2	890	+	187	32000192	26861
chr1	31973331	32173331	harbor2	chr1	32002752	32002912	LINE/L2	531	+	80	32002832	29501
chr1	31973331	32173331	harbor2	chr1	32016699	32016918	LINE/L2	495	+	110	32016809	43478
chr1	31973331	32173331	harbor2	chr1	32070152	32070262	LINE/L2	1448	+	55	32070207	96876
chr1	31973331	32173331	harbor2	chr1	32070565	32070907	LINE/L2	1448	+	171	32070736	97405
chr1	31973331	32173331	harbor2	chr1	32071841	32072107	LINE/L2	1448	+	133	32071974	98643
chr1	22374602	22574602	harbor2	chr1	22396115	22396924	LINE/L2	1588	+	404	22396519	21917
chr1	22374602	22574602	harbor2	chr1	22418985	22419123	LINE/L2	437	+	69	22419054	44452
chr1	22374602	22574602	harbor2	chr1	22458114	22458290	LINE/L2	452	+	88	22458202	83600
chr1	16545003	16745003	harbor2	chr1	16614267	16614887	LINE/L2	886	+	310	16614577	69574
chr1	199637514	199837514	harbor2	chr1	199667784	199668134	LINE/L2	553	+	175	199667959	30445
chr1	114616806	114816806	harbor2	chr1	114644164	114644430	LINE/L2	651	+	133	114644297	27491
chr1	114616806	114816806	harbor2	chr1	114665822	114666426	LINE/L2	771	+	302	114666124	49318
chr1	248598635	248798635	harbor2	chr1	248623890	248624740	LINE/L2	875	+	425	248624315	25680
chr1	248598635	248798635	harbor2	chr1	248625028	248625412	LINE/L2	875	+	192	248625220	26585
chr1	248598635	248798635	harbor2	chr1	248629474	248630085	LINE/L2	511	+	306	248629780	31145
chr1	248598635	248798635	harbor2	chr1	248696644	248696854	LINE/L2	651	+	105	248696749	98114
chr1	6686533	6886533	harbor2	chr1	6725914	6726595	LINE/L2	1079	+	340	6726254	39721
chr1	6686533	6886533	harbor2	chr1	6726893	6727074	LINE/L2	1079	+	90	6726983	40450
chr1	6686533	6886533	harbor2	chr1	6727397	6727492	LINE/L2	1079	+	48	6727445	40912
chr1	6686533	6886533	harbor2	chr1	6773478	6773493	LINE/L2	756	+	8	6773486	86953
chr1	6686533	6886533	harbor2	chr1	6773656	6773718	LINE/L2	756	+	31	6773687	87154
chr1	6686533	6886533	harbor2	chr1	6774018	6774246	LINE/L2	756	+	114	6774132	87599
chr1	6686533	6886533	harbor2	chr1	6775065	6775103	LINE/L2	1183	+	19	6775084	88551
chr1	6686533	6886533	harbor2	chr1	6775408	6775809	LINE/L2	1183	+	200	6775608	89075
chr1	6686533	6886533	harbor2	chr1	6776761	6777153	LINE/L2	930	+	196	6776957	90424
chr1	6686533	6886533	harbor2	chr1	6777463	6777685	LINE/L2	930	+	111	6777574	91041
chr1	244608247	244808247	harbor2	chr1	244610624	244610744	LINE/L2	735	+	60	244610684	2437
chr1	244608247	244808247	harbor2	chr1	244611060	244611246	LINE/L2	735	+	93	244611153	2906
chr1	244608247	244808247	harbor2	chr1	244636948	244639404	LINE/L2	830	+	1228	244638176	29929
chr1	244608247	244808247	harbor2	chr1	244650248	244650843	LINE/L2	523	+	298	244650546	42299
chr1	244608247	244808247	harbor2	chr1	244651136	244651370	LINE/L2	448	+	117	244651253	43006
chr1	244608247	244808247	harbor2	chr1	244651809	244652213	LINE/L2	560	+	202	244652011	43764
chr1	244608247	244808247	harbor2	chr1	244665908	244666449	LINE/L2	1258	+	270	244666178	57931
chr1	40924280	41124280	harbor2	chr1	40928283	40928772	LINE/L2	793	+	244	40928527	4247
chr1	211034263	211234263	harbor2	chr1	211040745	211041338	LINE/L2	871	+	296	211041041	6778
chr1	211034263	211234263	harbor2	chr1	211041363	211041752	LINE/L2	560	+	194	211041557	7294
chr1	211034263	211234263	harbor2	chr1	211100954	211101300	LINE/L2	449	+	173	211101127	66864
chr1	211034263	211234263	harbor2	chr1	211042055	211042449	LINE/L2	560	+	197	211042252	7989
chr1	234510831	234710831	harbor2	chr1	234518584	234518720	LINE/L2	449	+	68	234518652	7821
chr1	211034198	211234198	harbor2	chr1	211040745	211041338	LINE/L2	871	+	296	211041041	6843
chr1	211034198	211234198	harbor2	chr1	211041363	211041752	LINE/L2	560	+	194	211041557	7359
chr1	211034198	211234198	harbor2	chr1	211100954	211101300	LINE/L2	449	+	173	211101127	66929
chr1	211034198	211234198	harbor2	chr1	211042055	211042449	LINE/L2	560	+	197	211042252	8054
chr1	37143776	37343776	harbor2	chr1	37152132	37152598	LINE/L2	790	+	233	37152365	8589
chr1	37143776	37343776	harbor2	chr1	37153768	37154326	LINE/L2	878	+	279	37154047	10271
chr1	37143776	37343776	harbor2	chr1	37179519	37180063	LINE/L2	937	+	272	37179791	36015
chr1	37143776	37343776	harbor2	chr1	37180077	37180499	LINE/L2	937	+	211	37180288	36512
chr1	37143776	37343776	harbor2	chr1	37234005	37234418	LINE/L2	761	+	206	37234211	90435
chr1	16946370	17146370	harbor2	chr1	16977358	16977779	LINE/L2	758	+	210	16977568	31198
chr1	42319822	42519822	harbor2	chr1	42384840	42385187	LINE/L2	443	+	174	42385014	65192
chr1	42319822	42519822	harbor2	chr1	42405043	42405394	LINE/L2	508	+	176	42405219	85397
chr1	17216061	17416061	harbor2	chr1	17305242	17306330	LINE/L2	2116	+	544	17305786	89725
chr1	155844472	156044472	harbor2	chr1	155878334	155878583	LINE/L2	468	+	124	155878458	33986
chr1	155844472	156044472	harbor2	chr1	155878900	155879121	LINE/L2	468	+	110	155879010	34538
chr1	6367837	6567837	harbor2	chr1	6397755	6398157	LINE/L2	1621	+	201	6397956	30119
chr1	6367837	6567837	harbor2	chr1	6398448	6398464	LINE/L2	1621	+	8	6398456	30619
chr1	6367837	6567837	harbor2	chr1	6398770	6399550	LINE/L2	1621	+	390	6399160	31323
chr1	6367837	6567837	harbor2	chr1	6463328	6463444	LINE/L2	583	+	58	6463386	95549
chr1	223143141	223343141	harbor2	chr1	223145022	223145561	LINE/L2	685	+	270	223145292	2151
chr1	223143141	223343141	harbor2	chr1	223153591	223154213	LINE/L2	651	+	311	223153902	10761
chr1	54787204	54987204	harbor2	chr1	54860144	54860703	LINE/L2	2191	+	280	54860424	73220
chr1	54787204	54987204	harbor2	chr1	54861012	54861204	LINE/L2	2191	+	96	54861108	73904
chr1	54787204	54987204	harbor2	chr1	54861380	54862335	LINE/L2	2191	+	478	54861858	74654
chr1	54787204	54987204	harbor2	chr1	54862504	54862794	LINE/L2	931	+	145	54862649	75445
chr1	54787204	54987204	harbor2	chr1	54863101	54863510	LINE/L2	931	+	204	54863305	76101
chr1	46503997	46703997	harbor2	chr1	46528762	46529728	LINE/L2	792	+	483	46529245	25248
chr1	54388402	54588402	harbor2	chr1	54414029	54414245	LINE/L2	561	+	108	54414137	25735
chr1	54388402	54588402	harbor2	chr1	54416953	54417075	LINE/L2	566	+	61	54417014	28612
chr1	54388402	54588402	harbor2	chr1	54456880	54457188	LINE/L2	540	+	154	54457034	68632
chr1	54388402	54588402	harbor2	chr1	54459432	54459648	LINE/L2	477	+	108	54459540	71138
chr1	235227639	235427639	harbor2	chr1	235320373	235321124	LINE/L2	1068	+	376	235320749	93110
chr1	235227639	235427639	harbor2	chr1	235322337	235322778	LINE/L2	551	+	220	235322557	94918
chr2	219078283	219278283	harbor2	chr2	219090815	219091027	LINE/L2	458	+	106	219090921	12638
chr2	219078283	219278283	harbor2	chr2	219105454	219105571	LINE/L2	516	+	58	219105512	27229
chr2	219078283	219278283	harbor2	chr2	219165567	219165851	LINE/L2	760	+	142	219165709	87426
chr2	219078283	219278283	harbor2	chr2	219166149	219166189	LINE/L2	760	+	20	219166169	87886
chr2	219078283	219278283	harbor2	chr2	219166834	219167056	LINE/L2	760	+	111	219166945	88662
chr2	74415897	74615897	harbor2	chr2	74438177	74438994	LINE/L2	862	+	408	74438585	22688
chr2	74415897	74615897	harbor2	chr2	74508917	74509033	LINE/L2	605	+	58	74508975	93078
chr2	74415897	74615897	harbor2	chr2	74509220	74509332	LINE/L2	605	+	56	74509276	93379
chr2	197400198	197600198	harbor2	chr2	197451776	197452048	LINE/L2	1002	+	136	197451912	51714
chr2	197400198	197600198	harbor2	chr2	197452372	197452647	LINE/L2	1002	+	138	197452510	52312
chr2	74455111	74655111	harbor2	chr2	74508917	74509033	LINE/L2	605	+	58	74508975	53864
chr2	74455111	74655111	harbor2	chr2	74509220	74509332	LINE/L2	605	+	56	74509276	54165
chr2	74455111	74655111	harbor2	chr2	74545455	74546692	LINE/L2	2108	+	618	74546073	90962
chr2	219078260	219278260	harbor2	chr2	219090815	219091027	LINE/L2	458	+	106	219090921	12661
chr2	219078260	219278260	harbor2	chr2	219105454	219105571	LINE/L2	516	+	58	219105512	27252
chr2	219078260	219278260	harbor2	chr2	219165567	219165851	LINE/L2	760	+	142	219165709	87449
chr2	219078260	219278260	harbor2	chr2	219166149	219166189	LINE/L2	760	+	20	219166169	87909
chr2	219078260	219278260	harbor2	chr2	219166834	219167056	LINE/L2	760	+	111	219166945	88685
chr2	218223278	218423278	harbor2	chr2	218298941	218299103	LINE/L2	1225	+	81	218299022	75744
chr2	218223278	218423278	harbor2	chr2	218300057	218300423	LINE/L2	1225	+	183	218300240	76962
chr2	219078276	219278276	harbor2	chr2	219090815	219091027	LINE/L2	458	+	106	219090921	12645
chr2	219078276	219278276	harbor2	chr2	219105454	219105571	LINE/L2	516	+	58	219105512	27236
chr2	219078276	219278276	harbor2	chr2	219165567	219165851	LINE/L2	760	+	142	219165709	87433
chr2	219078276	219278276	harbor2	chr2	219166149	219166189	LINE/L2	760	+	20	219166169	87893
chr2	219078276	219278276	harbor2	chr2	219166834	219167056	LINE/L2	760	+	111	219166945	88669
chr2	54998188	55198188	harbor2	chr2	55022248	55022896	LINE/L2	871	+	324	55022572	24384
chr2	54998188	55198188	harbor2	chr2	55022931	55023932	LINE/L2	871	+	500	55023431	25243
chr2	54998188	55198188	harbor2	chr2	55023947	55024262	LINE/L2	482	+	158	55024105	25917
chr2	54998188	55198188	harbor2	chr2	55046297	55046730	LINE/L2	515	+	216	55046513	48325
chr2	54998188	55198188	harbor2	chr2	55090924	55091453	LINE/L2	659	+	264	55091188	93000
chr2	63488841	63688841	harbor2	chr2	63526529	63526896	LINE/L2	615	+	184	63526713	37872
chr2	63488841	63688841	harbor2	chr2	63550333	63550657	LINE/L2	587	+	162	63550495	61654
chr2	63488841	63688841	harbor2	chr2	63567467	63567884	LINE/L2	689	+	208	63567675	78834
chr2	63488841	63688841	harbor2	chr2	63537108	63537936	LINE/L2	614	+	414	63537522	48681
chr2	190775521	190975521	harbor2	chr2	190809726	190810028	LINE/L2	719	+	151	190809877	34356
chr2	190775521	190975521	harbor2	chr2	190835719	190836025	LINE/L2	725	+	153	190835872	60351
chr2	219078277	219278277	harbor2	chr2	219090815	219091027	LINE/L2	458	+	106	219090921	12644
chr2	219078277	219278277	harbor2	chr2	219105454	219105571	LINE/L2	516	+	58	219105512	27235
chr2	219078277	219278277	harbor2	chr2	219165567	219165851	LINE/L2	760	+	142	219165709	87432
chr2	219078277	219278277	harbor2	chr2	219166149	219166189	LINE/L2	760	+	20	219166169	87892
chr2	219078277	219278277	harbor2	chr2	219166834	219167056	LINE/L2	760	+	111	219166945	88668
chr2	74456371	74656371	harbor2	chr2	74508917	74509033	LINE/L2	605	+	58	74508975	52604
chr2	74456371	74656371	harbor2	chr2	74509220	74509332	LINE/L2	605	+	56	74509276	52905
chr2	74456371	74656371	harbor2	chr2	74545455	74546692	LINE/L2	2108	+	618	74546073	89702
chr2	219078278	219278278	harbor2	chr2	219090815	219091027	LINE/L2	458	+	106	219090921	12643
chr2	219078278	219278278	harbor2	chr2	219105454	219105571	LINE/L2	516	+	58	219105512	27234
chr2	219078278	219278278	harbor2	chr2	219165567	219165851	LINE/L2	760	+	142	219165709	87431
chr2	219078278	219278278	harbor2	chr2	219166149	219166189	LINE/L2	760	+	20	219166169	87891
chr2	219078278	219278278	harbor2	chr2	219166834	219167056	LINE/L2	760	+	111	219166945	88667
chr2	175980096	176180096	harbor2	chr2	176055415	176055677	LINE/L2	757	+	131	176055546	75450
chr2	42096770	42296770	harbor2	chr2	42097528	42097943	LINE/L2	551	+	208	42097736	966
chr2	42096770	42296770	harbor2	chr2	42109259	42109369	LINE/L2	8657	+	55	42109314	12544
chr2	42096770	42296770	harbor2	chr2	42109634	42110134	LINE/L2	8657	+	250	42109884	13114
chr2	42096770	42296770	harbor2	chr2	42128322	42128656	LINE/L2	534	+	167	42128489	31719
chr2	42096770	42296770	harbor2	chr2	42106477	42108952	LINE/L2	8657	+	1238	42107715	10945
chr2	42069367	42269367	harbor2	chr2	42097528	42097943	LINE/L2	551	+	208	42097736	28369
chr2	42069367	42269367	harbor2	chr2	42109259	42109369	LINE/L2	8657	+	55	42109314	39947
chr2	42069367	42269367	harbor2	chr2	42109634	42110134	LINE/L2	8657	+	250	42109884	40517
chr2	42069367	42269367	harbor2	chr2	42128322	42128656	LINE/L2	534	+	167	42128489	59122
chr2	42069367	42269367	harbor2	chr2	42106477	42108952	LINE/L2	8657	+	1238	42107715	38348
chr2	45090794	45290794	harbor2	chr2	45093035	45093121	LINE/L2	458	+	43	45093078	2284
chr2	45090794	45290794	harbor2	chr2	45127745	45128616	LINE/L2	2256	+	436	45128181	37387
chr2	45090794	45290794	harbor2	chr2	45128780	45129476	LINE/L2	2256	+	348	45129128	38334
chr2	45090794	45290794	harbor2	chr2	45129477	45129865	LINE/L2	441	+	194	45129671	38877
chr2	45090794	45290794	harbor2	chr2	45129871	45130394	LINE/L2	1481	+	262	45130133	39339
chr2	45090794	45290794	harbor2	chr2	45105135	45105409	LINE/L2	538	+	137	45105272	14478
chr2	219384377	219584377	harbor2	chr2	219392812	219393056	LINE/L2	1777	+	122	219392934	8557
chr2	219384377	219584377	harbor2	chr2	219393579	219394007	LINE/L2	1777	+	214	219393793	9416
chr2	219384377	219584377	harbor2	chr2	219394576	219394870	LINE/L2	1431	+	147	219394723	10346
chr2	219384377	219584377	harbor2	chr2	219395603	219395711	LINE/L2	1431	+	54	219395657	11280
chr2	219384377	219584377	harbor2	chr2	219400203	219400438	LINE/L2	574	+	118	219400321	15944
chr2	219384377	219584377	harbor2	chr2	219430367	219430494	LINE/L2	483	+	64	219430431	46054
chr2	219384377	219584377	harbor2	chr2	219431153	219431548	LINE/L2	994	+	198	219431351	46974
chr2	219384377	219584377	harbor2	chr2	219431919	219432065	LINE/L2	994	+	73	219431992	47615
chr2	113500004	113700004	harbor2	chr2	113519454	113519830	LINE/L2	1007	+	188	113519642	19638
chr2	85502797	85702797	harbor2	chr2	85504654	85504887	LINE/L2	447	+	116	85504770	1973
chr2	31963580	32163580	harbor2	chr2	31998313	31998518	LINE/L2	2972	+	102	31998415	34835
chr2	31963580	32163580	harbor2	chr2	31998821	31999380	LINE/L2	2972	+	280	31999101	35521
chr2	31963580	32163580	harbor2	chr2	31999675	31999880	LINE/L2	2972	+	102	31999777	36197
chr2	237868943	238068943	harbor2	chr2	237933825	237934652	LINE/L2	1335	+	414	237934239	65296
chr2	237868943	238068943	harbor2	chr2	237934940	237934956	LINE/L2	553	+	8	237934948	66005
chr2	53764282	53964282	harbor2	chr2	53784881	53785358	LINE/L2	649	+	238	53785119	20837
chr2	53764282	53964282	harbor2	chr2	53845096	53845246	LINE/L2	496	+	75	53845171	80889
chr2	53764282	53964282	harbor2	chr2	53845543	53845789	LINE/L2	496	+	123	53845666	81384
chr2	169112469	169312469	harbor2	chr2	169141201	169141502	LINE/L2	997	+	150	169141351	28882
chr2	169112469	169312469	harbor2	chr2	169194156	169194448	LINE/L2	572	+	146	169194302	81833
chr2	113484798	113684798	harbor2	chr2	113519454	113519830	LINE/L2	1007	+	188	113519642	34844
chr2	227428022	227628022	harbor2	chr2	227463867	227464124	LINE/L2	911	+	128	227463995	35973
chr2	227428022	227628022	harbor2	chr2	227514798	227514922	LINE/L2	1069	+	62	227514860	86838
chr2	227428022	227628022	harbor2	chr2	227515221	227515851	LINE/L2	1069	+	315	227515536	87514
chr2	46198785	46398785	harbor2	chr2	46202995	46203576	LINE/L2	1204	+	290	46203285	4500
chr2	46198785	46398785	harbor2	chr2	46203881	46204109	LINE/L2	1204	+	114	46203995	5210
chr2	46198785	46398785	harbor2	chr2	46223775	46223909	LINE/L2	461	+	67	46223842	25057
chr2	46198785	46398785	harbor2	chr2	46254757	46254887	LINE/L2	1652	+	65	46254822	56037
chr2	46198785	46398785	harbor2	chr2	46255198	46255525	LINE/L2	1652	+	164	46255362	56577
chr2	46198785	46398785	harbor2	chr2	46255560	46256080	LINE/L2	1652	+	260	46255820	57035
chr2	46198785	46398785	harbor2	chr2	46256335	46256785	LINE/L2	641	+	225	46256560	57775
chr2	46198785	46398785	harbor2	chr2	46289106	46289461	LINE/L2	532	+	178	46289284	90499
chr2	113484611	113684611	harbor2	chr2	113519454	113519830	LINE/L2	1007	+	188	113519642	35031
chr2	111956551	112156551	harbor2	chr2	111957358	111957733	LINE/L2	948	+	188	111957546	995
chr2	46207640	46407640	harbor2	chr2	46223775	46223909	LINE/L2	461	+	67	46223842	16202
chr2	46207640	46407640	harbor2	chr2	46254757	46254887	LINE/L2	1652	+	65	46254822	47182
chr2	46207640	46407640	harbor2	chr2	46255198	46255525	LINE/L2	1652	+	164	46255362	47722
chr2	46207640	46407640	harbor2	chr2	46255560	46256080	LINE/L2	1652	+	260	46255820	48180
chr2	46207640	46407640	harbor2	chr2	46256335	46256785	LINE/L2	641	+	225	46256560	48920
chr2	46207640	46407640	harbor2	chr2	46289106	46289461	LINE/L2	532	+	178	46289284	81644
chr2	27242106	27442106	harbor2	chr2	27265599	27265868	LINE/L2	540	+	134	27265733	23627
chr2	27242106	27442106	harbor2	chr2	27266291	27266496	LINE/L2	804	+	102	27266393	24287
chr2	27242106	27442106	harbor2	chr2	27267207	27267652	LINE/L2	1540	+	222	27267429	25323
chr2	27242106	27442106	harbor2	chr2	27267965	27268351	LINE/L2	1540	+	193	27268158	26052
chr2	27242106	27442106	harbor2	chr2	27334298	27334645	LINE/L2	726	+	174	27334472	92366
chr2	27242106	27442106	harbor2	chr2	27334944	27335025	LINE/L2	726	+	40	27334984	92878
chr2	46200025	46400025	harbor2	chr2	46202995	46203576	LINE/L2	1204	+	290	46203285	3260
chr2	46200025	46400025	harbor2	chr2	46203881	46204109	LINE/L2	1204	+	114	46203995	3970
chr2	46200025	46400025	harbor2	chr2	46223775	46223909	LINE/L2	461	+	67	46223842	23817
chr2	46200025	46400025	harbor2	chr2	46254757	46254887	LINE/L2	1652	+	65	46254822	54797
chr2	46200025	46400025	harbor2	chr2	46255198	46255525	LINE/L2	1652	+	164	46255362	55337
chr2	46200025	46400025	harbor2	chr2	46255560	46256080	LINE/L2	1652	+	260	46255820	55795
chr2	46200025	46400025	harbor2	chr2	46256335	46256785	LINE/L2	641	+	225	46256560	56535
chr2	46200025	46400025	harbor2	chr2	46289106	46289461	LINE/L2	532	+	178	46289284	89259
chr2	26406153	26606153	harbor2	chr2	26438922	26439505	LINE/L2	536	+	292	26439214	33061
chr2	26406153	26606153	harbor2	chr2	26470155	26470379	LINE/L2	467	+	112	26470267	64114
chr2	113484472	113684472	harbor2	chr2	113519454	113519830	LINE/L2	1007	+	188	113519642	35170
chr2	26613172	26813172	harbor2	chr2	26653317	26653630	LINE/L2	539	+	156	26653473	40301
chr2	142651021	142851021	harbor2	chr2	142687319	142687513	LINE/L2	563	+	97	142687416	36395
chr2	47707524	47907524	harbor2	chr2	47723196	47723530	LINE/L2	735	+	167	47723363	15839
chr2	47707524	47907524	harbor2	chr2	47724015	47724369	LINE/L2	735	+	177	47724192	16668
chr2	144117662	144317662	harbor2	chr2	144165528	144166039	LINE/L2	698	+	256	144165784	48122
chr2	70771713	70971713	harbor2	chr2	70802195	70802323	LINE/L2	673	+	64	70802259	30546
chr2	61077257	61277257	harbor2	chr2	61126024	61126520	LINE/L2	950	+	248	61126272	49015
chr2	61077257	61277257	harbor2	chr2	61126793	61126856	LINE/L2	950	+	32	61126825	49568
chr2	61077257	61277257	harbor2	chr2	61126945	61127198	LINE/L2	470	+	126	61127071	49814
chr2	30047316	30247316	harbor2	chr2	30131438	30132323	LINE/L2	556	+	442	30131880	84564
chr2	74415905	74615905	harbor2	chr2	74438177	74438994	LINE/L2	862	+	408	74438585	22680
chr2	74415905	74615905	harbor2	chr2	74508917	74509033	LINE/L2	605	+	58	74508975	93070
chr2	74415905	74615905	harbor2	chr2	74509220	74509332	LINE/L2	605	+	56	74509276	93371
chr2	67112244	67312244	harbor2	chr2	67129760	67130170	LINE/L2	632	+	205	67129965	17721
chr2	219078261	219278261	harbor2	chr2	219090815	219091027	LINE/L2	458	+	106	219090921	12660
chr2	219078261	219278261	harbor2	chr2	219105454	219105571	LINE/L2	516	+	58	219105512	27251
chr2	219078261	219278261	harbor2	chr2	219165567	219165851	LINE/L2	760	+	142	219165709	87448
chr2	219078261	219278261	harbor2	chr2	219166149	219166189	LINE/L2	760	+	20	219166169	87908
chr2	219078261	219278261	harbor2	chr2	219166834	219167056	LINE/L2	760	+	111	219166945	88684
chr2	74415843	74615843	harbor2	chr2	74438177	74438994	LINE/L2	862	+	408	74438585	22742
chr2	74415843	74615843	harbor2	chr2	74508917	74509033	LINE/L2	605	+	58	74508975	93132
chr2	74415843	74615843	harbor2	chr2	74509220	74509332	LINE/L2	605	+	56	74509276	93433
chr2	85502768	85702768	harbor2	chr2	85504654	85504887	LINE/L2	447	+	116	85504770	2002
chr2	229671325	229871325	harbor2	chr2	229671272	229671654	LINE/L2	659	+	191	229671463	138
chr2	219078251	219278251	harbor2	chr2	219090815	219091027	LINE/L2	458	+	106	219090921	12670
chr2	219078251	219278251	harbor2	chr2	219105454	219105571	LINE/L2	516	+	58	219105512	27261
chr2	219078251	219278251	harbor2	chr2	219165567	219165851	LINE/L2	760	+	142	219165709	87458
chr2	219078251	219278251	harbor2	chr2	219166149	219166189	LINE/L2	760	+	20	219166169	87918
chr2	219078251	219278251	harbor2	chr2	219166834	219167056	LINE/L2	760	+	111	219166945	88694
chr2	113183327	113383327	harbor2	chr2	113222502	113223504	LINE/L2	1142	+	501	113223003	39676
chr2	113183327	113383327	harbor2	chr2	113223534	113223885	LINE/L2	677	+	176	113223710	40383
chr2	113183327	113383327	harbor2	chr2	113242844	113243367	LINE/L2	540	+	262	113243106	59779
chr2	113183327	113383327	harbor2	chr2	113253485	113253742	LINE/L2	439	+	128	113253613	70286
chr2	219466926	219666926	harbor2	chr2	219558838	219559018	LINE/L2	893	+	90	219558928	92002
chr2	218223273	218423273	harbor2	chr2	218298941	218299103	LINE/L2	1225	+	81	218299022	75749
chr2	218223273	218423273	harbor2	chr2	218300057	218300423	LINE/L2	1225	+	183	218300240	76967
chr2	50571799	50771799	harbor2	chr2	50586064	50586538	LINE/L2	1272	+	237	50586301	14502
chr2	50571799	50771799	harbor2	chr2	50645403	50645640	LINE/L2	615	+	118	50645521	73722
chr2	50571799	50771799	harbor2	chr2	50656019	50656276	LINE/L2	682	+	128	50656147	84348
chr2	50571799	50771799	harbor2	chr2	50657065	50657560	LINE/L2	643	+	248	50657313	85514
chr2	26405176	26605176	harbor2	chr2	26438922	26439505	LINE/L2	536	+	292	26439214	34038
chr2	26405176	26605176	harbor2	chr2	26470155	26470379	LINE/L2	467	+	112	26470267	65091
chr2	74415937	74615937	harbor2	chr2	74438177	74438994	LINE/L2	862	+	408	74438585	22648
chr2	74415937	74615937	harbor2	chr2	74508917	74509033	LINE/L2	605	+	58	74508975	93038
chr2	74415937	74615937	harbor2	chr2	74509220	74509332	LINE/L2	605	+	56	74509276	93339
chr2	151310679	151510679	harbor2	chr2	151388700	151389143	LINE/L2	1018	+	222	151388922	78243
chr2	237592294	237792294	harbor2	chr2	237597392	237598155	LINE/L2	557	+	382	237597774	5480
chr2	237592294	237792294	harbor2	chr2	237600805	237601063	LINE/L2	531	+	129	237600934	8640
chr2	237592294	237792294	harbor2	chr2	237634038	237634204	LINE/L2	630	+	83	237634121	41827
chr2	219078282	219278282	harbor2	chr2	219090815	219091027	LINE/L2	458	+	106	219090921	12639
chr2	219078282	219278282	harbor2	chr2	219105454	219105571	LINE/L2	516	+	58	219105512	27230
chr2	219078282	219278282	harbor2	chr2	219165567	219165851	LINE/L2	760	+	142	219165709	87427
chr2	219078282	219278282	harbor2	chr2	219166149	219166189	LINE/L2	760	+	20	219166169	87887
chr2	219078282	219278282	harbor2	chr2	219166834	219167056	LINE/L2	760	+	111	219166945	88663
chr2	231834767	232034767	harbor2	chr2	231882474	231882722	LINE/L2	474	+	124	231882598	47831
chr2	56095019	56295019	harbor2	chr2	56103290	56104220	LINE/L2	961	+	465	56103755	8736
chr2	56095019	56295019	harbor2	chr2	56111900	56112287	LINE/L2	973	+	194	56112094	17075
chr2	56095019	56295019	harbor2	chr2	56190712	56191400	LINE/L2	583	+	344	56191056	96037
chr2	46199989	46399989	harbor2	chr2	46202995	46203576	LINE/L2	1204	+	290	46203285	3296
chr2	46199989	46399989	harbor2	chr2	46203881	46204109	LINE/L2	1204	+	114	46203995	4006
chr2	46199989	46399989	harbor2	chr2	46223775	46223909	LINE/L2	461	+	67	46223842	23853
chr2	46199989	46399989	harbor2	chr2	46254757	46254887	LINE/L2	1652	+	65	46254822	54833
chr2	46199989	46399989	harbor2	chr2	46255198	46255525	LINE/L2	1652	+	164	46255362	55373
chr2	46199989	46399989	harbor2	chr2	46255560	46256080	LINE/L2	1652	+	260	46255820	55831
chr2	46199989	46399989	harbor2	chr2	46256335	46256785	LINE/L2	641	+	225	46256560	56571
chr2	46199989	46399989	harbor2	chr2	46289106	46289461	LINE/L2	532	+	178	46289284	89295
chr2	46199056	46399056	harbor2	chr2	46202995	46203576	LINE/L2	1204	+	290	46203285	4229
chr2	46199056	46399056	harbor2	chr2	46203881	46204109	LINE/L2	1204	+	114	46203995	4939
chr2	46199056	46399056	harbor2	chr2	46223775	46223909	LINE/L2	461	+	67	46223842	24786
chr2	46199056	46399056	harbor2	chr2	46254757	46254887	LINE/L2	1652	+	65	46254822	55766
chr2	46199056	46399056	harbor2	chr2	46255198	46255525	LINE/L2	1652	+	164	46255362	56306
chr2	46199056	46399056	harbor2	chr2	46255560	46256080	LINE/L2	1652	+	260	46255820	56764
chr2	46199056	46399056	harbor2	chr2	46256335	46256785	LINE/L2	641	+	225	46256560	57504
chr2	46199056	46399056	harbor2	chr2	46289106	46289461	LINE/L2	532	+	178	46289284	90228
chr2	113484021	113684021	harbor2	chr2	113519454	113519830	LINE/L2	1007	+	188	113519642	35621
chr2	46199733	46399733	harbor2	chr2	46202995	46203576	LINE/L2	1204	+	290	46203285	3552
chr2	46199733	46399733	harbor2	chr2	46203881	46204109	LINE/L2	1204	+	114	46203995	4262
chr2	46199733	46399733	harbor2	chr2	46223775	46223909	LINE/L2	461	+	67	46223842	24109
chr2	46199733	46399733	harbor2	chr2	46254757	46254887	LINE/L2	1652	+	65	46254822	55089
chr2	46199733	46399733	harbor2	chr2	46255198	46255525	LINE/L2	1652	+	164	46255362	55629
chr2	46199733	46399733	harbor2	chr2	46255560	46256080	LINE/L2	1652	+	260	46255820	56087
chr2	46199733	46399733	harbor2	chr2	46256335	46256785	LINE/L2	641	+	225	46256560	56827
chr2	46199733	46399733	harbor2	chr2	46289106	46289461	LINE/L2	532	+	178	46289284	89551
chr2	43055466	43255466	harbor2	chr2	43066789	43066870	LINE/L2	459	+	40	43066829	11363
chr2	43055466	43255466	harbor2	chr2	43067176	43067373	LINE/L2	459	+	98	43067274	11808
chr2	43055466	43255466	harbor2	chr2	43104260	43104391	LINE/L2	472	+	66	43104326	48860
chr2	43055466	43255466	harbor2	chr2	43114632	43115513	LINE/L2	875	+	440	43115072	59606
chr2	43055466	43255466	harbor2	chr2	43137290	43137984	LINE/L2	1226	+	347	43137637	82171
chr2	43055466	43255466	harbor2	chr2	43153351	43153480	LINE/L2	463	+	64	43153415	97949
chr2	74415915	74615915	harbor2	chr2	74438177	74438994	LINE/L2	862	+	408	74438585	22670
chr2	74415915	74615915	harbor2	chr2	74508917	74509033	LINE/L2	605	+	58	74508975	93060
chr2	74415915	74615915	harbor2	chr2	74509220	74509332	LINE/L2	605	+	56	74509276	93361
chr2	143543446	143743446	harbor2	chr2	143614025	143614441	LINE/L2	535	+	208	143614233	70787
chr2	143543446	143743446	harbor2	chr2	143634035	143634243	LINE/L2	545	+	104	143634139	90693
chr2	156337938	156537938	harbor2	chr2	156360820	156361188	LINE/L2	2606	+	184	156361004	23066
chr2	156337938	156537938	harbor2	chr2	156361322	156362428	LINE/L2	2606	+	553	156361875	23937
chr2	156337938	156537938	harbor2	chr2	156362515	156362838	LINE/L2	454	+	162	156362677	24739
chr2	156337938	156537938	harbor2	chr2	156391173	156391629	LINE/L2	764	+	228	156391401	53463
chr2	156337938	156537938	harbor2	chr2	156391757	156391922	LINE/L2	764	+	82	156391839	53901
chr2	170412424	170612424	harbor2	chr2	170415228	170415594	LINE/L2	1258	+	183	170415411	2987
chr2	170412424	170612424	harbor2	chr2	170416156	170416240	LINE/L2	465	+	42	170416198	3774
chr2	170412424	170612424	harbor2	chr2	170416544	170416818	LINE/L2	664	+	137	170416681	4257
chr2	170412424	170612424	harbor2	chr2	170417104	170417419	LINE/L2	664	+	158	170417262	4838
chr2	170412424	170612424	harbor2	chr2	170472138	170472667	LINE/L2	598	+	264	170472402	59978
chr2	170412424	170612424	harbor2	chr2	170472998	170473084	LINE/L2	598	+	43	170473041	60617
chr2	170412424	170612424	harbor2	chr2	170477087	170477531	LINE/L2	557	+	222	170477309	64885
chr2	1511396	1711396	harbor2	chr2	1599132	1599282	LINE/L2	442	+	75	1599207	87811
chr2	1511396	1711396	harbor2	chr2	1599673	1600204	LINE/L2	528	+	266	1599939	88543
chr2	111378907	111578907	harbor2	chr2	111394112	111394493	LINE/L2	477	+	190	111394302	15395
chr2	66333348	66533348	harbor2	chr2	66378577	66378970	LINE/L2	458	+	196	66378773	45425
chr2	113484022	113684022	harbor2	chr2	113519454	113519830	LINE/L2	1007	+	188	113519642	35620
chr2	72866749	73066749	harbor2	chr2	72880419	72880678	LINE/L2	793	+	130	72880549	13800
chr2	72866749	73066749	harbor2	chr2	72880889	72881088	LINE/L2	1965	+	100	72880989	14240
chr2	72866749	73066749	harbor2	chr2	72881385	72882122	LINE/L2	1965	+	368	72881753	15004
chr2	72866749	73066749	harbor2	chr2	72883123	72883335	LINE/L2	1321	+	106	72883229	16480
chr2	72866749	73066749	harbor2	chr2	72960097	72960513	LINE/L2	597	+	208	72960305	93556
chr2	113484017	113684017	harbor2	chr2	113519454	113519830	LINE/L2	1007	+	188	113519642	35625
chr2	112819372	113019372	harbor2	chr2	112822219	112822871	LINE/L2	1926	+	326	112822545	3173
chr2	112819372	113019372	harbor2	chr2	112823174	112823606	LINE/L2	1926	+	216	112823390	4018
chr2	112819372	113019372	harbor2	chr2	112823915	112824338	LINE/L2	1926	+	212	112824127	4755
chr2	112819372	113019372	harbor2	chr2	112869010	112869304	LINE/L2	505	+	147	112869157	49785
chr2	113484623	113684623	harbor2	chr2	113519454	113519830	LINE/L2	1007	+	188	113519642	35019
chr2	219393237	219593237	harbor2	chr2	219393579	219394007	LINE/L2	1777	+	214	219393793	556
chr2	219393237	219593237	harbor2	chr2	219394576	219394870	LINE/L2	1431	+	147	219394723	1486
chr2	219393237	219593237	harbor2	chr2	219395603	219395711	LINE/L2	1431	+	54	219395657	2420
chr2	219393237	219593237	harbor2	chr2	219400203	219400438	LINE/L2	574	+	118	219400321	7084
chr2	219393237	219593237	harbor2	chr2	219430367	219430494	LINE/L2	483	+	64	219430431	37194
chr2	219393237	219593237	harbor2	chr2	219431153	219431548	LINE/L2	994	+	198	219431351	38114
chr2	219393237	219593237	harbor2	chr2	219431919	219432065	LINE/L2	994	+	73	219431992	38755
chr2	64300586	64500586	harbor2	chr2	64356731	64357454	LINE/L2	524	+	362	64357093	56507
chr2	64300586	64500586	harbor2	chr2	64358505	64358619	LINE/L2	475	+	57	64358562	57976
chr2	67402885	67602885	harbor2	chr2	67405857	67406412	LINE/L2	491	+	278	67406135	3250
chr2	67402885	67602885	harbor2	chr2	67440632	67441164	LINE/L2	825	+	266	67440898	38013
chr2	67402885	67602885	harbor2	chr2	67452144	67452478	LINE/L2	948	+	167	67452311	49426
chr2	67402885	67602885	harbor2	chr2	67453558	67454002	LINE/L2	836	+	222	67453780	50895
chr2	219078268	219278268	harbor2	chr2	219090815	219091027	LINE/L2	458	+	106	219090921	12653
chr2	219078268	219278268	harbor2	chr2	219105454	219105571	LINE/L2	516	+	58	219105512	27244
chr2	219078268	219278268	harbor2	chr2	219165567	219165851	LINE/L2	760	+	142	219165709	87441
chr2	219078268	219278268	harbor2	chr2	219166149	219166189	LINE/L2	760	+	20	219166169	87901
chr2	219078268	219278268	harbor2	chr2	219166834	219167056	LINE/L2	760	+	111	219166945	88677
chr2	43055499	43255499	harbor2	chr2	43066789	43066870	LINE/L2	459	+	40	43066829	11330
chr2	43055499	43255499	harbor2	chr2	43067176	43067373	LINE/L2	459	+	98	43067274	11775
chr2	43055499	43255499	harbor2	chr2	43104260	43104391	LINE/L2	472	+	66	43104326	48827
chr2	43055499	43255499	harbor2	chr2	43114632	43115513	LINE/L2	875	+	440	43115072	59573
chr2	43055499	43255499	harbor2	chr2	43137290	43137984	LINE/L2	1226	+	347	43137637	82138
chr2	43055499	43255499	harbor2	chr2	43153351	43153480	LINE/L2	463	+	64	43153415	97916
chr2	204961872	205161872	harbor2	chr2	204968475	204968730	LINE/L2	489	+	128	204968603	6731
chr2	204961872	205161872	harbor2	chr2	204987480	204987636	LINE/L2	526	+	78	204987558	25686
chr2	204961872	205161872	harbor2	chr2	205002494	205002796	LINE/L2	548	+	151	205002645	40773
chr2	204961872	205161872	harbor2	chr2	205003495	205003794	LINE/L2	996	+	150	205003645	41773
chr2	204961872	205161872	harbor2	chr2	205016053	205016395	LINE/L2	440	+	171	205016224	54352
chr2	175980104	176180104	harbor2	chr2	176055415	176055677	LINE/L2	757	+	131	176055546	75442
chr2	91620961	91820961	harbor2	chr2	91632401	91632760	LINE/L2	823	+	180	91632581	11620
chr2	91620961	91820961	harbor2	chr2	91633392	91634137	LINE/L2	823	+	372	91633764	12803
chr2	91620961	91820961	harbor2	chr2	91642259	91642672	LINE/L2	620	+	206	91642465	21504
chr2	91620961	91820961	harbor2	chr2	91681789	91682248	LINE/L2	753	+	230	91682019	61058
chr2	91620961	91820961	harbor2	chr2	91694405	91694891	LINE/L2	882	+	243	91694648	73687
chr2	91620961	91820961	harbor2	chr2	91695193	91695384	LINE/L2	882	+	96	91695289	74328
chr2	91620961	91820961	harbor2	chr2	91716245	91717036	LINE/L2	918	+	396	91716641	95680
chr2	74429020	74629020	harbor2	chr2	74438177	74438994	LINE/L2	862	+	408	74438585	9565
chr2	74429020	74629020	harbor2	chr2	74508917	74509033	LINE/L2	605	+	58	74508975	79955
chr2	74429020	74629020	harbor2	chr2	74509220	74509332	LINE/L2	605	+	56	74509276	80256
chr2	11245320	11445320	harbor2	chr2	11250521	11251344	LINE/L2	1330	+	412	11250933	5613
chr2	11245320	11445320	harbor2	chr2	11253182	11253725	LINE/L2	703	+	272	11253454	8134
chr2	11245320	11445320	harbor2	chr2	11303352	11304802	LINE/L2	3140	+	725	11304077	58757
chr2	11245320	11445320	harbor2	chr2	11306203	11306576	LINE/L2	688	+	186	11306389	61069
chr2	219078222	219278222	harbor2	chr2	219090815	219091027	LINE/L2	458	+	106	219090921	12699
chr2	219078222	219278222	harbor2	chr2	219105454	219105571	LINE/L2	516	+	58	219105512	27290
chr2	219078222	219278222	harbor2	chr2	219165567	219165851	LINE/L2	760	+	142	219165709	87487
chr2	219078222	219278222	harbor2	chr2	219166149	219166189	LINE/L2	760	+	20	219166169	87947
chr2	219078222	219278222	harbor2	chr2	219166834	219167056	LINE/L2	760	+	111	219166945	88723
chr2	119126672	119326672	harbor2	chr2	119142104	119142487	LINE/L2	475	+	192	119142296	15624
chr2	119126672	119326672	harbor2	chr2	119162349	119162669	LINE/L2	490	+	160	119162509	35837
chr2	222208340	222408340	harbor2	chr2	222264842	222265206	LINE/L2	738	+	182	222265024	56684
chr2	237960583	238160583	harbor2	chr2	238010566	238011579	LINE/L2	894	+	506	238011072	50489
chr2	71358556	71558556	harbor2	chr2	71451445	71452000	LINE/L2	566	+	278	71451723	93167
chr2	71358556	71558556	harbor2	chr2	71434052	71434595	LINE/L2	592	+	272	71434324	75768
chr2	74415890	74615890	harbor2	chr2	74438177	74438994	LINE/L2	862	+	408	74438585	22695
chr2	74415890	74615890	harbor2	chr2	74508917	74509033	LINE/L2	605	+	58	74508975	93085
chr2	74415890	74615890	harbor2	chr2	74509220	74509332	LINE/L2	605	+	56	74509276	93386
chr2	74416717	74616717	harbor2	chr2	74438177	74438994	LINE/L2	862	+	408	74438585	21868
chr2	74416717	74616717	harbor2	chr2	74508917	74509033	LINE/L2	605	+	58	74508975	92258
chr2	74416717	74616717	harbor2	chr2	74509220	74509332	LINE/L2	605	+	56	74509276	92559
chr2	232216088	232416088	harbor2	chr2	232230729	232231263	LINE/L2	631	+	267	232230996	14908
chr2	232216088	232416088	harbor2	chr2	232255814	232256163	LINE/L2	765	+	174	232255988	39900
chr2	232216088	232416088	harbor2	chr2	232294918	232296264	LINE/L2	761	+	673	232295591	79503
chr2	232216088	232416088	harbor2	chr2	232298963	232299834	LINE/L2	718	+	436	232299399	83311
chr2	232216088	232416088	harbor2	chr2	232306917	232307264	LINE/L2	459	+	174	232307091	91003
chr2	219078279	219278279	harbor2	chr2	219090815	219091027	LINE/L2	458	+	106	219090921	12642
chr2	219078279	219278279	harbor2	chr2	219105454	219105571	LINE/L2	516	+	58	219105512	27233
chr2	219078279	219278279	harbor2	chr2	219165567	219165851	LINE/L2	760	+	142	219165709	87430
chr2	219078279	219278279	harbor2	chr2	219166149	219166189	LINE/L2	760	+	20	219166169	87890
chr2	219078279	219278279	harbor2	chr2	219166834	219167056	LINE/L2	760	+	111	219166945	88666
chr2	42070444	42270444	harbor2	chr2	42097528	42097943	LINE/L2	551	+	208	42097736	27292
chr2	42070444	42270444	harbor2	chr2	42109259	42109369	LINE/L2	8657	+	55	42109314	38870
chr2	42070444	42270444	harbor2	chr2	42109634	42110134	LINE/L2	8657	+	250	42109884	39440
chr2	42070444	42270444	harbor2	chr2	42128322	42128656	LINE/L2	534	+	167	42128489	58045
chr2	42070444	42270444	harbor2	chr2	42106477	42108952	LINE/L2	8657	+	1238	42107715	37271
chr2	164732161	164932161	harbor2	chr2	164746051	164746311	LINE/L2	585	+	130	164746181	14020
chr2	164732161	164932161	harbor2	chr2	164749805	164750767	LINE/L2	1881	+	481	164750286	18125
chr2	164732161	164932161	harbor2	chr2	164750926	164751389	LINE/L2	1881	+	232	164751158	18997
chr2	164732161	164932161	harbor2	chr2	164775854	164776740	LINE/L2	558	+	443	164776297	44136
chr2	43292443	43492443	harbor2	chr2	43342415	43342850	LINE/L2	444	+	218	43342633	50190
chr2	43292443	43492443	harbor2	chr2	43390491	43390849	LINE/L2	561	+	179	43390670	98227
chr2	27206957	27406957	harbor2	chr2	27265599	27265868	LINE/L2	540	+	134	27265733	58776
chr2	27206957	27406957	harbor2	chr2	27266291	27266496	LINE/L2	804	+	102	27266393	59436
chr2	27206957	27406957	harbor2	chr2	27267207	27267652	LINE/L2	1540	+	222	27267429	60472
chr2	27206957	27406957	harbor2	chr2	27267965	27268351	LINE/L2	1540	+	193	27268158	61201
chr2	28822331	29022331	harbor2	chr2	28831678	28832843	LINE/L2	4132	+	582	28832260	9929
chr2	28822331	29022331	harbor2	chr2	28833126	28833529	LINE/L2	2727	+	202	28833328	10997
chr2	28822331	29022331	harbor2	chr2	28834883	28835058	LINE/L2	769	+	88	28834971	12640
chr2	28822331	29022331	harbor2	chr2	28835531	28835621	LINE/L2	769	+	45	28835576	13245
chr2	28822331	29022331	harbor2	chr2	28868265	28868606	LINE/L2	449	+	170	28868435	46104
chr2	28822331	29022331	harbor2	chr2	28889891	28890029	LINE/L2	1702	+	69	28889960	67629
chr2	28822331	29022331	harbor2	chr2	28890316	28890816	LINE/L2	1702	+	250	28890566	68235
chr2	28822331	29022331	harbor2	chr2	28891117	28891636	LINE/L2	1702	+	260	28891377	69046
chr2	28822331	29022331	harbor2	chr2	28891764	28892270	LINE/L2	1702	+	253	28892017	69686
chr2	43058164	43258164	harbor2	chr2	43066789	43066870	LINE/L2	459	+	40	43066829	8665
chr2	43058164	43258164	harbor2	chr2	43067176	43067373	LINE/L2	459	+	98	43067274	9110
chr2	43058164	43258164	harbor2	chr2	43104260	43104391	LINE/L2	472	+	66	43104326	46162
chr2	43058164	43258164	harbor2	chr2	43114632	43115513	LINE/L2	875	+	440	43115072	56908
chr2	43058164	43258164	harbor2	chr2	43137290	43137984	LINE/L2	1226	+	347	43137637	79473
chr2	43058164	43258164	harbor2	chr2	43153351	43153480	LINE/L2	463	+	64	43153415	95251
chr2	46304629	46504629	harbor2	chr2	46313211	46313438	LINE/L2	749	+	114	46313325	8696
chr2	46304629	46504629	harbor2	chr2	46313751	46313915	LINE/L2	749	+	82	46313833	9204
chr2	46304629	46504629	harbor2	chr2	46331144	46331344	LINE/L2	499	+	100	46331244	26615
chr2	219602864	219802864	harbor2	chr2	219659525	219659916	LINE/L2	1266	+	196	219659721	56857
chr2	219602864	219802864	harbor2	chr2	219660756	219661123	LINE/L2	1121	+	184	219660940	58076
chr2	43124424	43324424	harbor2	chr2	43137290	43137984	LINE/L2	1226	+	347	43137637	13213
chr2	43124424	43324424	harbor2	chr2	43153351	43153480	LINE/L2	463	+	64	43153415	28991
chr2	113484016	113684016	harbor2	chr2	113519454	113519830	LINE/L2	1007	+	188	113519642	35626
chr2	36674986	36874986	harbor2	chr2	36721632	36722032	LINE/L2	592	+	200	36721832	46846
chr2	234412508	234612508	harbor2	chr2	234436906	234437099	LINE/L2	470	+	96	234437002	24494
chr2	163608738	163808738	harbor2	chr2	163667469	163667930	LINE/L2	623	+	230	163667699	58961
chr2	112055853	112255853	harbor2	chr2	112063386	112063860	LINE/L2	493	+	237	112063623	7770
chr2	112055853	112255853	harbor2	chr2	112067623	112067887	LINE/L2	690	+	132	112067755	11902
chr2	112055853	112255853	harbor2	chr2	112085109	112085635	LINE/L2	613	+	263	112085372	29519
chr2	112055853	112255853	harbor2	chr2	112086483	112088084	LINE/L2	2087	+	800	112087283	31430
chr2	217378357	217578357	harbor2	chr2	217409302	217409629	LINE/L2	444	+	164	217409466	31109
chr2	217378357	217578357	harbor2	chr2	217413573	217413837	LINE/L2	503	+	132	217413705	35348
chr2	112780949	112980949	harbor2	chr2	112822219	112822871	LINE/L2	1926	+	326	112822545	41596
chr2	112780949	112980949	harbor2	chr2	112823174	112823606	LINE/L2	1926	+	216	112823390	42441
chr2	112780949	112980949	harbor2	chr2	112823915	112824338	LINE/L2	1926	+	212	112824127	43178
chr2	112780949	112980949	harbor2	chr2	112869010	112869304	LINE/L2	505	+	147	112869157	88208
chr2	124410890	124610890	harbor2	chr2	124420361	124420501	LINE/L2	1200	+	70	124420431	9541
chr2	124410890	124610890	harbor2	chr2	124420903	124421687	LINE/L2	1200	+	392	124421295	10405
chr2	219078274	219278274	harbor2	chr2	219090815	219091027	LINE/L2	458	+	106	219090921	12647
chr2	219078274	219278274	harbor2	chr2	219105454	219105571	LINE/L2	516	+	58	219105512	27238
chr2	219078274	219278274	harbor2	chr2	219165567	219165851	LINE/L2	760	+	142	219165709	87435
chr2	219078274	219278274	harbor2	chr2	219166149	219166189	LINE/L2	760	+	20	219166169	87895
chr2	219078274	219278274	harbor2	chr2	219166834	219167056	LINE/L2	760	+	111	219166945	88671
chr2	113790804	113990804	harbor2	chr2	113817360	113817387	LINE/L2	1091	+	14	113817374	26570
chr2	113790804	113990804	harbor2	chr2	113817728	113818345	LINE/L2	1091	+	308	113818036	27232
chr2	113790804	113990804	harbor2	chr2	113818898	113819000	LINE/L2	459	+	51	113818949	28145
chr2	113790804	113990804	harbor2	chr2	113860361	113860472	LINE/L2	446	+	56	113860417	69613
chr2	113790804	113990804	harbor2	chr2	113888268	113888732	LINE/L2	528	+	232	113888500	97696
chr2	219124492	219324492	harbor2	chr2	219165567	219165851	LINE/L2	760	+	142	219165709	41217
chr2	219124492	219324492	harbor2	chr2	219166149	219166189	LINE/L2	760	+	20	219166169	41677
chr2	219124492	219324492	harbor2	chr2	219166834	219167056	LINE/L2	760	+	111	219166945	42453
chr3	127490209	127690209	harbor2	chr3	127551598	127551921	LINE/L2	757	+	162	127551760	61551
chr3	127490209	127690209	harbor2	chr3	127560671	127561107	LINE/L2	555	+	218	127560889	70680
chr3	127490209	127690209	harbor2	chr3	127574549	127574676	LINE/L2	464	+	64	127574613	84404
chr3	51939400	52139400	harbor2	chr3	52026119	52026551	LINE/L2	445	+	216	52026335	86935
chr3	138516159	138716159	harbor2	chr3	138516145	138516252	LINE/L2	428	+	54	138516199	40
chr3	108082734	108282734	harbor2	chr3	108083758	108085205	LINE/L2	612	+	724	108084482	1748
chr3	108082734	108282734	harbor2	chr3	108093968	108094192	LINE/L2	475	+	112	108094080	11346
chr3	108082734	108282734	harbor2	chr3	108094870	108095060	LINE/L2	410	+	95	108094965	12231
chr3	108082734	108282734	harbor2	chr3	108140750	108141082	LINE/L2	749	+	166	108140916	58182
chr3	108082734	108282734	harbor2	chr3	108142241	108142861	LINE/L2	733	+	310	108142551	59817
chr3	108082734	108282734	harbor2	chr3	108154898	108155339	LINE/L2	472	+	220	108155118	72384
chr3	107992164	108192164	harbor2	chr3	107993890	107994421	LINE/L2	1548	+	266	107994156	1992
chr3	107992164	108192164	harbor2	chr3	108072999	108073178	LINE/L2	758	+	90	108073089	80925
chr3	107992164	108192164	harbor2	chr3	108083758	108085205	LINE/L2	612	+	724	108084482	92318
chr3	107996460	108196460	harbor2	chr3	108072999	108073178	LINE/L2	758	+	90	108073089	76629
chr3	107996460	108196460	harbor2	chr3	108083758	108085205	LINE/L2	612	+	724	108084482	88022
chr3	107996460	108196460	harbor2	chr3	108093968	108094192	LINE/L2	475	+	112	108094080	97620
chr3	107996460	108196460	harbor2	chr3	108094870	108095060	LINE/L2	410	+	95	108094965	98505
chr3	107996608	108196608	harbor2	chr3	108072999	108073178	LINE/L2	758	+	90	108073089	76481
chr3	107996608	108196608	harbor2	chr3	108083758	108085205	LINE/L2	612	+	724	108084482	87874
chr3	107996608	108196608	harbor2	chr3	108093968	108094192	LINE/L2	475	+	112	108094080	97472
chr3	107996608	108196608	harbor2	chr3	108094870	108095060	LINE/L2	410	+	95	108094965	98357
chr3	9817985	10017985	harbor2	chr3	9842408	9842759	LINE/L2	636	+	176	9842584	24599
chr3	9817985	10017985	harbor2	chr3	9888551	9888675	LINE/L2	586	+	62	9888613	70628
chr3	9817985	10017985	harbor2	chr3	9888955	9889452	LINE/L2	888	+	248	9889203	71218
chr3	108422389	108622389	harbor2	chr3	108482623	108482905	LINE/L2	634	+	141	108482764	60375
chr3	108422389	108622389	harbor2	chr3	108490481	108490886	LINE/L2	1222	+	202	108490683	68294
chr3	108422389	108622389	harbor2	chr3	108491188	108491356	LINE/L2	1222	+	84	108491272	68883
chr3	108422389	108622389	harbor2	chr3	108518223	108518944	LINE/L2	455	+	360	108518583	96194
chr3	114887895	115087895	harbor2	chr3	114906034	114906184	LINE/L2	540	+	75	114906109	18214
chr3	114887895	115087895	harbor2	chr3	114969064	114969233	LINE/L2	447	+	84	114969148	81253
chr3	114887895	115087895	harbor2	chr3	114975793	114975963	LINE/L2	608	+	85	114975878	87983
chr3	114887895	115087895	harbor2	chr3	114984870	114985261	LINE/L2	589	+	196	114985066	97171
chr3	114887895	115087895	harbor2	chr3	114933628	114933935	LINE/L2	409	+	154	114933782	45887
chr3	107992161	108192161	harbor2	chr3	107993890	107994421	LINE/L2	1548	+	266	107994156	1995
chr3	107992161	108192161	harbor2	chr3	108072999	108073178	LINE/L2	758	+	90	108073089	80928
chr3	107992161	108192161	harbor2	chr3	108083758	108085205	LINE/L2	612	+	724	108084482	92321
chr3	51939849	52139849	harbor2	chr3	52026119	52026551	LINE/L2	445	+	216	52026335	86486
chr3	107992095	108192095	harbor2	chr3	107993890	107994421	LINE/L2	1548	+	266	107994156	2061
chr3	107992095	108192095	harbor2	chr3	108072999	108073178	LINE/L2	758	+	90	108073089	80994
chr3	107992095	108192095	harbor2	chr3	108083758	108085205	LINE/L2	612	+	724	108084482	92387
chr3	157169493	157369493	harbor2	chr3	157183028	157184099	LINE/L2	2167	+	536	157183564	14071
chr3	157169493	157369493	harbor2	chr3	157185312	157185641	LINE/L2	687	+	164	157185476	15983
chr3	157169493	157369493	harbor2	chr3	157227205	157227377	LINE/L2	2933	+	86	157227291	57798
chr3	157169493	157369493	harbor2	chr3	157227802	157228917	LINE/L2	2933	+	558	157228360	58867
chr3	157169493	157369493	harbor2	chr3	157249803	157250520	LINE/L2	550	+	358	157250161	80668
chr3	157169493	157369493	harbor2	chr3	157257900	157258297	LINE/L2	406	+	198	157258098	88605
chr3	157169493	157369493	harbor2	chr3	157258410	157258881	LINE/L2	753	+	236	157258646	89153
chr3	157169493	157369493	harbor2	chr3	157266264	157266640	LINE/L2	674	+	188	157266452	96959
chr3	113036307	113236307	harbor2	chr3	113043502	113043957	LINE/L2	506	+	228	113043730	7423
chr3	113036307	113236307	harbor2	chr3	113059674	113059802	LINE/L2	500	+	64	113059738	23431
chr3	107993194	108193194	harbor2	chr3	107993890	107994421	LINE/L2	1548	+	266	107994156	962
chr3	107993194	108193194	harbor2	chr3	108072999	108073178	LINE/L2	758	+	90	108073089	79895
chr3	107993194	108193194	harbor2	chr3	108083758	108085205	LINE/L2	612	+	724	108084482	91288
chr3	107992828	108192828	harbor2	chr3	107993890	107994421	LINE/L2	1548	+	266	107994156	1328
chr3	107992828	108192828	harbor2	chr3	108072999	108073178	LINE/L2	758	+	90	108073089	80261
chr3	107992828	108192828	harbor2	chr3	108083758	108085205	LINE/L2	612	+	724	108084482	91654
chr3	157395984	157595984	harbor2	chr3	157405502	157405895	LINE/L2	568	+	196	157405698	9714
chr3	157395984	157595984	harbor2	chr3	157415663	157416148	LINE/L2	499	+	242	157415905	19921
chr3	157395984	157595984	harbor2	chr3	157488167	157488910	LINE/L2	2765	+	372	157488539	92555
chr3	157395984	157595984	harbor2	chr3	157488955	157489383	LINE/L2	2765	+	214	157489169	93185
chr3	157395984	157595984	harbor2	chr3	157489380	157489807	LINE/L2	1364	+	214	157489594	93610
chr3	108029993	108229993	harbor2	chr3	108072999	108073178	LINE/L2	758	+	90	108073089	43096
chr3	108029993	108229993	harbor2	chr3	108083758	108085205	LINE/L2	612	+	724	108084482	54489
chr3	108029993	108229993	harbor2	chr3	108093968	108094192	LINE/L2	475	+	112	108094080	64087
chr3	108029993	108229993	harbor2	chr3	108094870	108095060	LINE/L2	410	+	95	108094965	64972
chr3	115844385	116044385	harbor2	chr3	115901332	115901689	LINE/L2	405	+	178	115901510	57125
chr3	115844385	116044385	harbor2	chr3	115926728	115927040	LINE/L2	533	+	156	115926884	82499
chr3	115844385	116044385	harbor2	chr3	115927571	115928124	LINE/L2	1216	+	276	115927847	83462
chr3	160405676	160605676	harbor2	chr3	160473934	160474415	LINE/L2	729	+	240	160474174	68498
chr3	50447939	50647939	harbor2	chr3	50483974	50484750	LINE/L2	625	+	388	50484362	36423
chr3	50447939	50647939	harbor2	chr3	50529805	50529953	LINE/L2	411	+	74	50529879	81940
chr3	125447590	125647590	harbor2	chr3	125482063	125482713	LINE/L2	591	+	325	125482388	34798
chr3	125447590	125647590	harbor2	chr3	125492610	125492792	LINE/L2	474	+	91	125492701	45111
chr3	125447590	125647590	harbor2	chr3	125541150	125541347	LINE/L2	459	+	98	125541248	93658
chr3	52428272	52628272	harbor2	chr3	52448557	52448888	LINE/L2	466	+	166	52448723	20451
chr3	51948411	52148411	harbor2	chr3	52026119	52026551	LINE/L2	445	+	216	52026335	77924
chr3	49829882	50029882	harbor2	chr3	49917596	49917764	LINE/L2	1061	+	84	49917680	87798
chr3	49829882	50029882	harbor2	chr3	49918363	49918415	LINE/L2	1061	+	26	49918389	88507
chr3	49829882	50029882	harbor2	chr3	49918712	49918890	LINE/L2	1061	+	89	49918801	88919
chr3	49829882	50029882	harbor2	chr3	49920055	49920557	LINE/L2	1162	+	251	49920306	90424
chr3	49829882	50029882	harbor2	chr3	49920850	49920875	LINE/L2	1162	+	12	49920862	90980
chr3	49829882	50029882	harbor2	chr3	49923754	49923800	LINE/L2	486	+	23	49923777	93895
chr3	49829882	50029882	harbor2	chr3	49924106	49924196	LINE/L2	486	+	45	49924151	94269
chr3	49829882	50029882	harbor2	chr3	49925835	49926432	LINE/L2	1367	+	298	49926133	96251
chr3	107992147	108192147	harbor2	chr3	107993890	107994421	LINE/L2	1548	+	266	107994156	2009
chr3	107992147	108192147	harbor2	chr3	108072999	108073178	LINE/L2	758	+	90	108073089	80942
chr3	107992147	108192147	harbor2	chr3	108083758	108085205	LINE/L2	612	+	724	108084482	92335
chr3	51941567	52141567	harbor2	chr3	52026119	52026551	LINE/L2	445	+	216	52026335	84768
chr3	188076829	188276829	harbor2	chr3	188118784	188119143	LINE/L2	517	+	180	188118964	42135
chr3	188076829	188276829	harbor2	chr3	188140464	188140956	LINE/L2	419	+	246	188140710	63881
chr3	188076829	188276829	harbor2	chr3	188159468	188159615	LINE/L2	522	+	74	188159542	82713
chr3	146094434	146294434	harbor2	chr3	146129829	146130563	LINE/L2	515	+	367	146130196	35762
chr3	146094434	146294434	harbor2	chr3	146143389	146143619	LINE/L2	588	+	115	146143504	49070
chr3	146094434	146294434	harbor2	chr3	146143789	146144234	LINE/L2	503	+	222	146144011	49577
chr3	51953569	52153569	harbor2	chr3	52026119	52026551	LINE/L2	445	+	216	52026335	72766
chr3	52285329	52485329	harbor2	chr3	52376490	52377979	LINE/L2	1402	+	744	52377234	91905
chr3	107996454	108196454	harbor2	chr3	108072999	108073178	LINE/L2	758	+	90	108073089	76635
chr3	107996454	108196454	harbor2	chr3	108083758	108085205	LINE/L2	612	+	724	108084482	88028
chr3	107996454	108196454	harbor2	chr3	108093968	108094192	LINE/L2	475	+	112	108094080	97626
chr3	107996454	108196454	harbor2	chr3	108094870	108095060	LINE/L2	410	+	95	108094965	98511
chr3	138397969	138597969	harbor2	chr3	138406683	138407012	LINE/L2	1140	+	164	138406847	8878
chr3	138397969	138597969	harbor2	chr3	138407340	138407464	LINE/L2	1140	+	62	138407402	9433
chr3	138397969	138597969	harbor2	chr3	138408131	138408259	LINE/L2	534	+	64	138408195	10226
chr3	138397969	138597969	harbor2	chr3	138431261	138431501	LINE/L2	612	+	120	138431381	33412
chr3	138397969	138597969	harbor2	chr3	138431937	138431959	LINE/L2	612	+	11	138431948	33979
chr3	138397969	138597969	harbor2	chr3	138442470	138442779	LINE/L2	463	+	154	138442624	44655
chr3	196509496	196709496	harbor2	chr3	196513880	196514659	LINE/L2	681	+	390	196514270	4774
chr3	124532884	124732884	harbor2	chr3	124544669	124544817	LINE/L2	583	+	74	124544743	11859
chr3	124532884	124732884	harbor2	chr3	124575363	124575482	LINE/L2	949	+	60	124575423	42539
chr3	124532884	124732884	harbor2	chr3	124575973	124576366	LINE/L2	949	+	196	124576169	43285
chr3	124532884	124732884	harbor2	chr3	124580654	124580777	LINE/L2	503	+	62	124580716	47832
chr3	124532884	124732884	harbor2	chr3	124611643	124612020	LINE/L2	701	+	188	124611831	78947
chr3	124532884	124732884	harbor2	chr3	124612637	124612849	LINE/L2	701	+	106	124612743	79859
chr3	124532884	124732884	harbor2	chr3	124631190	124632228	LINE/L2	1967	+	519	124631709	98825
chr3	107992858	108192858	harbor2	chr3	107993890	107994421	LINE/L2	1548	+	266	107994156	1298
chr3	107992858	108192858	harbor2	chr3	108072999	108073178	LINE/L2	758	+	90	108073089	80231
chr3	107992858	108192858	harbor2	chr3	108083758	108085205	LINE/L2	612	+	724	108084482	91624
chr3	47682285	47882285	harbor2	chr3	47714858	47715948	LINE/L2	1704	+	545	47715403	33118
chr3	107999835	108199835	harbor2	chr3	108072999	108073178	LINE/L2	758	+	90	108073089	73254
chr3	107999835	108199835	harbor2	chr3	108083758	108085205	LINE/L2	612	+	724	108084482	84647
chr3	107999835	108199835	harbor2	chr3	108093968	108094192	LINE/L2	475	+	112	108094080	94245
chr3	107999835	108199835	harbor2	chr3	108094870	108095060	LINE/L2	410	+	95	108094965	95130
chr3	125918450	126118450	harbor2	chr3	126011957	126012443	LINE/L2	518	+	243	126012200	93750
chr3	51947743	52147743	harbor2	chr3	52026119	52026551	LINE/L2	445	+	216	52026335	78592
chr3	196187651	196387651	harbor2	chr3	196264024	196264210	LINE/L2	483	+	93	196264117	76466
chr3	108004843	108204843	harbor2	chr3	108072999	108073178	LINE/L2	758	+	90	108073089	68246
chr3	108004843	108204843	harbor2	chr3	108083758	108085205	LINE/L2	612	+	724	108084482	79639
chr3	108004843	108204843	harbor2	chr3	108093968	108094192	LINE/L2	475	+	112	108094080	89237
chr3	108004843	108204843	harbor2	chr3	108094870	108095060	LINE/L2	410	+	95	108094965	90122
chr3	187836138	188036138	harbor2	chr3	187849805	187850304	LINE/L2	735	+	250	187850055	13917
chr3	187836138	188036138	harbor2	chr3	187904309	187905878	LINE/L2	602	+	784	187905093	68955
chr3	108001583	108201583	harbor2	chr3	108072999	108073178	LINE/L2	758	+	90	108073089	71506
chr3	108001583	108201583	harbor2	chr3	108083758	108085205	LINE/L2	612	+	724	108084482	82899
chr3	108001583	108201583	harbor2	chr3	108093968	108094192	LINE/L2	475	+	112	108094080	92497
chr3	108001583	108201583	harbor2	chr3	108094870	108095060	LINE/L2	410	+	95	108094965	93382
chr3	50221364	50421364	harbor2	chr3	50295936	50296221	LINE/L2	437	+	142	50296078	74714
chr3	49829895	50029895	harbor2	chr3	49917596	49917764	LINE/L2	1061	+	84	49917680	87785
chr3	49829895	50029895	harbor2	chr3	49918363	49918415	LINE/L2	1061	+	26	49918389	88494
chr3	49829895	50029895	harbor2	chr3	49918712	49918890	LINE/L2	1061	+	89	49918801	88906
chr3	49829895	50029895	harbor2	chr3	49920055	49920557	LINE/L2	1162	+	251	49920306	90411
chr3	49829895	50029895	harbor2	chr3	49920850	49920875	LINE/L2	1162	+	12	49920862	90967
chr3	49829895	50029895	harbor2	chr3	49923754	49923800	LINE/L2	486	+	23	49923777	93882
chr3	49829895	50029895	harbor2	chr3	49924106	49924196	LINE/L2	486	+	45	49924151	94256
chr3	49829895	50029895	harbor2	chr3	49925835	49926432	LINE/L2	1367	+	298	49926133	96238
chr3	184086379	184286379	harbor2	chr3	184105077	184105194	LINE/L2	405	+	58	184105135	18756
chr3	184086379	184286379	harbor2	chr3	184153671	184153932	LINE/L2	662	+	130	184153801	67422
chr3	184086379	184286379	harbor2	chr3	184154243	184154441	LINE/L2	662	+	99	184154342	67963
chr3	123360102	123560102	harbor2	chr3	123377112	123377630	LINE/L2	426	+	259	123377371	17269
chr3	123360102	123560102	harbor2	chr3	123381787	123382154	LINE/L2	1178	+	184	123381971	21869
chr3	123360102	123560102	harbor2	chr3	123454040	123454233	LINE/L2	476	+	96	123454136	94034
chr3	197553469	197753469	harbor2	chr3	197647952	197647984	LINE/L2	608	+	16	197647968	94499
chr3	197553469	197753469	harbor2	chr3	197648300	197648507	LINE/L2	608	+	104	197648404	94935
chr3	186683597	186883597	harbor2	chr3	186755930	186756195	LINE/L2	1001	+	132	186756062	72465
chr3	186683597	186883597	harbor2	chr3	186756501	186756743	LINE/L2	1001	+	121	186756622	73025
chr3	52096181	52296181	harbor2	chr3	52171275	52171702	LINE/L2	1069	+	214	52171489	75308
chr3	52096181	52296181	harbor2	chr3	52174927	52175305	LINE/L2	706	+	189	52175116	78935
chr3	52096181	52296181	harbor2	chr3	52186613	52186938	LINE/L2	601	+	162	52186775	90594
chr3	184086435	184286435	harbor2	chr3	184105077	184105194	LINE/L2	405	+	58	184105135	18700
chr3	184086435	184286435	harbor2	chr3	184153671	184153932	LINE/L2	662	+	130	184153801	67366
chr3	184086435	184286435	harbor2	chr3	184154243	184154441	LINE/L2	662	+	99	184154342	67907
chr3	39007400	39207400	harbor2	chr3	39055888	39056001	LINE/L2	411	+	56	39055944	48544
chr3	39007400	39207400	harbor2	chr3	39105695	39106233	LINE/L2	1065	+	269	39105964	98564
chr3	128635373	128835373	harbor2	chr3	128712173	128712390	LINE/L2	903	+	108	128712281	76908
chr3	128635373	128835373	harbor2	chr3	128718234	128718543	LINE/L2	664	+	154	128718388	83015
chr3	51940162	52140162	harbor2	chr3	52026119	52026551	LINE/L2	445	+	216	52026335	86173
chr3	51940754	52140754	harbor2	chr3	52026119	52026551	LINE/L2	445	+	216	52026335	85581
chr3	185965616	186165616	harbor2	chr3	185980713	185980874	LINE/L2	416	+	80	185980793	15177
chr3	185965616	186165616	harbor2	chr3	185993310	185993826	LINE/L2	448	+	258	185993568	27952
chr3	185965616	186165616	harbor2	chr3	186042168	186043454	LINE/L2	3101	+	643	186042811	77195
chr3	50288148	50488148	harbor2	chr3	50295936	50296221	LINE/L2	437	+	142	50296078	7930
chr3	50288148	50488148	harbor2	chr3	50338627	50339311	LINE/L2	905	+	342	50338969	50821
chr3	23847281	24047281	harbor2	chr3	23894484	23895039	LINE/L2	2149	+	278	23894762	47481
chr3	23847281	24047281	harbor2	chr3	23895312	23895854	LINE/L2	2149	+	271	23895583	48302
chr3	23847281	24047281	harbor2	chr3	23896157	23896221	LINE/L2	2149	+	32	23896189	48908
chr3	23847281	24047281	harbor2	chr3	23897475	23897946	LINE/L2	848	+	236	23897711	50430
chr3	23847281	24047281	harbor2	chr3	23915502	23916073	LINE/L2	730	+	286	23915788	68507
chr3	23847281	24047281	harbor2	chr3	23931248	23931658	LINE/L2	855	+	205	23931453	84172
chr3	128380700	128580700	harbor2	chr3	128390809	128391180	LINE/L2	413	+	186	128390995	10295
chr3	128380700	128580700	harbor2	chr3	128416995	128417677	LINE/L2	613	+	341	128417336	36636
chr3	128380700	128580700	harbor2	chr3	128448035	128448193	LINE/L2	453	+	79	128448114	67414
chr3	128380700	128580700	harbor2	chr3	128448499	128448828	LINE/L2	453	+	164	128448663	67963
chr3	128380700	128580700	harbor2	chr3	128451658	128452422	LINE/L2	1030	+	382	128452040	71340
chr3	128380700	128580700	harbor2	chr3	128460490	128460707	LINE/L2	808	+	108	128460598	79898
chr3	128380700	128580700	harbor2	chr3	128461014	128461261	LINE/L2	808	+	124	128461138	80438
chr3	128380700	128580700	harbor2	chr3	128477122	128477240	LINE/L2	451	+	59	128477181	96481
chr3	128380700	128580700	harbor2	chr3	128449773	128450882	LINE/L2	1403	+	554	128450327	69627
chr3	123351261	123551261	harbor2	chr3	123377112	123377630	LINE/L2	426	+	259	123377371	26110
chr3	123351261	123551261	harbor2	chr3	123381787	123382154	LINE/L2	1178	+	184	123381971	30710
chr3	47064857	47264857	harbor2	chr3	47136251	47136447	LINE/L2	551	+	98	47136349	71492
chr3	47064857	47264857	harbor2	chr3	47137087	47137184	LINE/L2	551	+	48	47137135	72278
chr3	47064857	47264857	harbor2	chr3	47137491	47137678	LINE/L2	551	+	94	47137585	72728
chr3	47064857	47264857	harbor2	chr3	47159128	47159695	LINE/L2	1455	+	284	47159412	94555
chr3	47064857	47264857	harbor2	chr3	47159989	47160301	LINE/L2	1455	+	156	47160145	95288
chr3	47064857	47264857	harbor2	chr3	47160610	47160724	LINE/L2	540	+	57	47160667	95810
chr3	51939851	52139851	harbor2	chr3	52026119	52026551	LINE/L2	445	+	216	52026335	86484
chr3	138336888	138536888	harbor2	chr3	138363361	138363645	LINE/L2	525	+	142	138363503	26615
chr3	138336888	138536888	harbor2	chr3	138376147	138376525	LINE/L2	1043	+	189	138376336	39448
chr3	138336888	138536888	harbor2	chr3	138394521	138395027	LINE/L2	1300	+	253	138394774	57886
chr3	138336888	138536888	harbor2	chr3	138406683	138407012	LINE/L2	1140	+	164	138406847	69959
chr3	138336888	138536888	harbor2	chr3	138407340	138407464	LINE/L2	1140	+	62	138407402	70514
chr3	138336888	138536888	harbor2	chr3	138408131	138408259	LINE/L2	534	+	64	138408195	71307
chr3	138336888	138536888	harbor2	chr3	138431261	138431501	LINE/L2	612	+	120	138431381	94493
chr3	138336888	138536888	harbor2	chr3	138431937	138431959	LINE/L2	612	+	11	138431948	95060
chr3	138336888	138536888	harbor2	chr3	138362871	138363029	LINE/L2	525	+	79	138362950	26062
chr3	138336888	138536888	harbor2	chr3	138395337	138395850	LINE/L2	1300	+	256	138395593	58705
chr3	127581228	127781228	harbor2	chr3	127596454	127596834	LINE/L2	497	+	190	127596644	15416
chr3	127581228	127781228	harbor2	chr3	127597130	127597518	LINE/L2	497	+	194	127597324	16096
chr3	127581228	127781228	harbor2	chr3	127674717	127675257	LINE/L2	726	+	270	127674987	93759
chr3	127581228	127781228	harbor2	chr3	127675577	127675727	LINE/L2	726	+	75	127675652	94424
chr3	113686514	113886514	harbor2	chr3	113690643	113690905	LINE/L2	467	+	131	113690774	4260
chr3	113686514	113886514	harbor2	chr3	113691207	113691445	LINE/L2	467	+	119	113691326	4812
chr3	113686514	113886514	harbor2	chr3	113728663	113728906	LINE/L2	614	+	122	113728785	42271
chr3	113686514	113886514	harbor2	chr3	113773746	113774007	LINE/L2	463	+	130	113773876	87362
chr3	113686514	113886514	harbor2	chr3	113688550	113688672	LINE/L2	537	+	61	113688611	2097
chr3	179843714	180043714	harbor2	chr3	179877938	179878188	LINE/L2	463	+	125	179878063	34349
chr3	179843714	180043714	harbor2	chr3	179878320	179878978	LINE/L2	693	+	329	179878649	34935
chr3	179843714	180043714	harbor2	chr3	179925986	179926793	LINE/L2	734	+	404	179926390	82676
chr3	179843714	180043714	harbor2	chr3	179930904	179931041	LINE/L2	414	+	68	179930972	87258
chr3	192260032	192460032	harbor2	chr3	192339452	192339839	LINE/L2	410	+	194	192339646	79614
chr3	107992957	108192957	harbor2	chr3	107993890	107994421	LINE/L2	1548	+	266	107994156	1199
chr3	107992957	108192957	harbor2	chr3	108072999	108073178	LINE/L2	758	+	90	108073089	80132
chr3	107992957	108192957	harbor2	chr3	108083758	108085205	LINE/L2	612	+	724	108084482	91525
chr3	52945858	53145858	harbor2	chr3	53019316	53019940	LINE/L2	1545	+	312	53019628	73770
chr3	52945858	53145858	harbor2	chr3	53018477	53019022	LINE/L2	1545	+	272	53018749	72891
chr3	127620114	127820114	harbor2	chr3	127674717	127675257	LINE/L2	726	+	270	127674987	54873
chr3	127620114	127820114	harbor2	chr3	127675577	127675727	LINE/L2	726	+	75	127675652	55538
chr3	127620114	127820114	harbor2	chr3	127692536	127693437	LINE/L2	891	+	450	127692986	72872
chr3	128329278	128529278	harbor2	chr3	128390809	128391180	LINE/L2	413	+	186	128390995	61717
chr3	128329278	128529278	harbor2	chr3	128416995	128417677	LINE/L2	613	+	341	128417336	88058
chr3	50259719	50459719	harbor2	chr3	50295936	50296221	LINE/L2	437	+	142	50296078	36359
chr3	50259719	50459719	harbor2	chr3	50338627	50339311	LINE/L2	905	+	342	50338969	79250
chr3	128329452	128529452	harbor2	chr3	128390809	128391180	LINE/L2	413	+	186	128390995	61543
chr3	128329452	128529452	harbor2	chr3	128416995	128417677	LINE/L2	613	+	341	128417336	87884
chr3	123781375	123981375	harbor2	chr3	123823091	123824081	LINE/L2	1701	+	495	123823586	42211
chr3	123781375	123981375	harbor2	chr3	123824389	123824471	LINE/L2	774	+	41	123824430	43055
chr3	51939470	52139470	harbor2	chr3	52026119	52026551	LINE/L2	445	+	216	52026335	86865
chr3	54754036	54954036	harbor2	chr3	54810893	54811465	LINE/L2	579	+	286	54811179	57143
chr3	54754036	54954036	harbor2	chr3	54811801	54811853	LINE/L2	579	+	26	54811827	57791
chr3	49137838	49337838	harbor2	chr3	49178849	49179853	LINE/L2	1985	+	502	49179351	41513
chr3	49137838	49337838	harbor2	chr3	49198210	49198520	LINE/L2	761	+	155	49198365	60527
chr3	150314573	150514573	harbor2	chr3	150402192	150402367	LINE/L2	476	+	88	150402280	87707
chr3	150314573	150514573	harbor2	chr3	150402425	150402689	LINE/L2	475	+	132	150402557	87984
chr3	150314573	150514573	harbor2	chr3	150402969	150402998	LINE/L2	475	+	14	150402983	88410
chr3	138088132	138288132	harbor2	chr3	138166663	138167062	LINE/L2	505	+	200	138166863	78731
chr3	138088132	138288132	harbor2	chr3	138181370	138181650	LINE/L2	694	+	140	138181510	93378
chr3	138088132	138288132	harbor2	chr3	138181691	138181710	LINE/L2	694	+	10	138181701	93569
chr3	50303662	50503662	harbor2	chr3	50338627	50339311	LINE/L2	905	+	342	50338969	35307
chr3	114324151	114524151	harbor2	chr3	114386945	114387048	LINE/L2	530	+	52	114386997	62846
chr3	114324151	114524151	harbor2	chr3	114390820	114391357	LINE/L2	491	+	268	114391088	66937
chr3	50288167	50488167	harbor2	chr3	50295936	50296221	LINE/L2	437	+	142	50296078	7911
chr3	50288167	50488167	harbor2	chr3	50338627	50339311	LINE/L2	905	+	342	50338969	50802
chr3	49195670	49395670	harbor2	chr3	49198210	49198520	LINE/L2	761	+	155	49198365	2695
chr3	49195670	49395670	harbor2	chr3	49253575	49253822	LINE/L2	410	+	124	49253699	58029
chr3	49195670	49395670	harbor2	chr3	49254133	49254213	LINE/L2	410	+	40	49254173	58503
chr3	51841955	52041955	harbor2	chr3	51864334	51864819	LINE/L2	803	+	242	51864576	22621
chr3	51841955	52041955	harbor2	chr3	51929859	51930160	LINE/L2	500	+	150	51930009	88054
chr3	196218335	196418335	harbor2	chr3	196264024	196264210	LINE/L2	483	+	93	196264117	45782
chr3	196218335	196418335	harbor2	chr3	196293164	196293318	LINE/L2	529	+	77	196293241	74906
chr3	119612088	119812088	harbor2	chr3	119650224	119651063	LINE/L2	2743	+	420	119650644	38556
chr3	119612088	119812088	harbor2	chr3	119651073	119651574	LINE/L2	1754	+	250	119651323	39235
chr3	119612088	119812088	harbor2	chr3	119705366	119705832	LINE/L2	1105	+	233	119705599	93511
chr3	197860204	198060204	harbor2	chr3	197947300	197947646	LINE/L2	747	+	173	197947473	87269
chr3	197860204	198060204	harbor2	chr3	197948759	197949018	LINE/L2	611	+	130	197948889	88685
chr3	197860204	198060204	harbor2	chr3	197949086	197949274	LINE/L2	547	+	94	197949180	88976
chr3	197860204	198060204	harbor2	chr3	197953520	197953867	LINE/L2	488	+	174	197953694	93490
chr3	53014978	53214978	harbor2	chr3	53019316	53019940	LINE/L2	1545	+	312	53019628	4650
chr3	53014978	53214978	harbor2	chr3	53095974	53096291	LINE/L2	747	+	158	53096132	81154
chr3	53014978	53214978	harbor2	chr3	53018477	53019022	LINE/L2	1545	+	272	53018749	3771
chr3	197860166	198060166	harbor2	chr3	197947300	197947646	LINE/L2	747	+	173	197947473	87307
chr3	197860166	198060166	harbor2	chr3	197948759	197949018	LINE/L2	611	+	130	197948889	88723
chr3	197860166	198060166	harbor2	chr3	197949086	197949274	LINE/L2	547	+	94	197949180	89014
chr3	197860166	198060166	harbor2	chr3	197953520	197953867	LINE/L2	488	+	174	197953694	93528
chr3	51939404	52139404	harbor2	chr3	52026119	52026551	LINE/L2	445	+	216	52026335	86931
chr3	50517057	50717057	harbor2	chr3	50529805	50529953	LINE/L2	411	+	74	50529879	12822
chr3	50517057	50717057	harbor2	chr3	50603772	50604345	LINE/L2	567	+	286	50604058	87001
chr3	63339864	63539864	harbor2	chr3	63360002	63361037	LINE/L2	1546	+	518	63360520	20656
chr3	63339864	63539864	harbor2	chr3	63375743	63376950	LINE/L2	1196	+	604	63376347	36483
chr3	53396060	53596060	harbor2	chr3	53434420	53434686	LINE/L2	645	+	133	53434553	38493
chr3	53396060	53596060	harbor2	chr3	53447142	53447319	LINE/L2	584	+	88	53447230	51170
chr3	182582472	182782472	harbor2	chr3	182607106	182607328	LINE/L2	428	+	111	182607217	24745
chr3	182582472	182782472	harbor2	chr3	182621549	182621653	LINE/L2	467	+	52	182621601	39129
chr3	182582472	182782472	harbor2	chr3	182644656	182644887	LINE/L2	546	+	116	182644772	62300
chr3	182582472	182782472	harbor2	chr3	182646916	182647143	LINE/L2	678	+	114	182647030	64558
chr3	182582472	182782472	harbor2	chr3	182650452	182650648	LINE/L2	488	+	98	182650550	68078
chr3	182582472	182782472	harbor2	chr3	182664938	182665114	LINE/L2	439	+	88	182665026	82554
chr3	182582472	182782472	harbor2	chr3	182675656	182676031	LINE/L2	1313	+	188	182675844	93372
chr3	182582472	182782472	harbor2	chr3	182676169	182677036	LINE/L2	1651	+	434	182676603	94131
chr3	182582472	182782472	harbor2	chr3	182679094	182679731	LINE/L2	544	+	318	182679412	96940
chr3	108032373	108232373	harbor2	chr3	108072999	108073178	LINE/L2	758	+	90	108073089	40716
chr3	108032373	108232373	harbor2	chr3	108083758	108085205	LINE/L2	612	+	724	108084482	52109
chr3	108032373	108232373	harbor2	chr3	108093968	108094192	LINE/L2	475	+	112	108094080	61707
chr3	108032373	108232373	harbor2	chr3	108094870	108095060	LINE/L2	410	+	95	108094965	62592
chr3	186106731	186306731	harbor2	chr3	186171141	186171292	LINE/L2	431	+	76	186171217	64486
chr3	197860186	198060186	harbor2	chr3	197947300	197947646	LINE/L2	747	+	173	197947473	87287
chr3	197860186	198060186	harbor2	chr3	197948759	197949018	LINE/L2	611	+	130	197948889	88703
chr3	197860186	198060186	harbor2	chr3	197949086	197949274	LINE/L2	547	+	94	197949180	88994
chr3	197860186	198060186	harbor2	chr3	197953520	197953867	LINE/L2	488	+	174	197953694	93508
chr3	51953084	52153084	harbor2	chr3	52026119	52026551	LINE/L2	445	+	216	52026335	73251
chr3	50442364	50642364	harbor2	chr3	50483974	50484750	LINE/L2	625	+	388	50484362	41998
chr3	50442364	50642364	harbor2	chr3	50529805	50529953	LINE/L2	411	+	74	50529879	87515
chr3	51939402	52139402	harbor2	chr3	52026119	52026551	LINE/L2	445	+	216	52026335	86933
chr3	123544853	123744853	harbor2	chr3	123589646	123589690	LINE/L2	468	+	22	123589668	44815
chr3	123544853	123744853	harbor2	chr3	123590018	123590290	LINE/L2	468	+	136	123590154	45301
chr3	46800653	47000653	harbor2	chr3	46831238	46831439	LINE/L2	414	+	100	46831338	30685
chr3	46800653	47000653	harbor2	chr3	46843920	46844085	LINE/L2	511	+	82	46844002	43349
chr3	46800653	47000653	harbor2	chr3	46844142	46844285	LINE/L2	511	+	72	46844214	43561
chr3	46800653	47000653	harbor2	chr3	46854479	46854651	LINE/L2	558	+	86	46854565	53912
chr3	46800653	47000653	harbor2	chr3	46856317	46856538	LINE/L2	472	+	110	46856427	55774
chr3	48929494	49129494	harbor2	chr3	48995101	48995576	LINE/L2	587	+	238	48995339	65845
chr3	157569498	157769498	harbor2	chr3	157635494	157635649	LINE/L2	415	+	78	157635572	66074
chr3	172010482	172210482	harbor2	chr3	172010432	172010514	LINE/L2	430	+	41	172010473	9
chr3	172010482	172210482	harbor2	chr3	172012877	172012998	LINE/L2	538	+	60	172012937	2455
chr3	172010482	172210482	harbor2	chr3	172060624	172060754	LINE/L2	412	+	65	172060689	50207
chr3	172010482	172210482	harbor2	chr3	172084798	172085039	LINE/L2	566	+	120	172084918	74436
chr3	122886039	123086039	harbor2	chr3	122924366	122925021	LINE/L2	585	+	328	122924694	38655
chr3	122886039	123086039	harbor2	chr3	122943721	122944144	LINE/L2	708	+	212	122943933	57894
chr3	122886039	123086039	harbor2	chr3	122971227	122971325	LINE/L2	426	+	49	122971276	85237
chr3	51939397	52139397	harbor2	chr3	52026119	52026551	LINE/L2	445	+	216	52026335	86938
chr3	196096820	196296820	harbor2	chr3	196138969	196139223	LINE/L2	464	+	127	196139096	42276
chr3	107993078	108193078	harbor2	chr3	107993890	107994421	LINE/L2	1548	+	266	107994156	1078
chr3	107993078	108193078	harbor2	chr3	108072999	108073178	LINE/L2	758	+	90	108073089	80011
chr3	107993078	108193078	harbor2	chr3	108083758	108085205	LINE/L2	612	+	724	108084482	91404
chr3	128333916	128533916	harbor2	chr3	128390809	128391180	LINE/L2	413	+	186	128390995	57079
chr3	128333916	128533916	harbor2	chr3	128416995	128417677	LINE/L2	613	+	341	128417336	83420
chr3	126257004	126457004	harbor2	chr3	126344973	126345413	LINE/L2	769	+	220	126345193	88189
chr3	128329153	128529153	harbor2	chr3	128390809	128391180	LINE/L2	413	+	186	128390995	61842
chr3	128329153	128529153	harbor2	chr3	128416995	128417677	LINE/L2	613	+	341	128417336	88183
chr3	51599424	51799424	harbor2	chr3	51659714	51659856	LINE/L2	502	+	71	51659785	60361
chr3	51599424	51799424	harbor2	chr3	51670532	51670640	LINE/L2	409	+	54	51670586	71162
chr3	138337091	138537091	harbor2	chr3	138363361	138363645	LINE/L2	525	+	142	138363503	26412
chr3	138337091	138537091	harbor2	chr3	138376147	138376525	LINE/L2	1043	+	189	138376336	39245
chr3	138337091	138537091	harbor2	chr3	138394521	138395027	LINE/L2	1300	+	253	138394774	57683
chr3	138337091	138537091	harbor2	chr3	138406683	138407012	LINE/L2	1140	+	164	138406847	69756
chr3	138337091	138537091	harbor2	chr3	138407340	138407464	LINE/L2	1140	+	62	138407402	70311
chr3	138337091	138537091	harbor2	chr3	138408131	138408259	LINE/L2	534	+	64	138408195	71104
chr3	138337091	138537091	harbor2	chr3	138431261	138431501	LINE/L2	612	+	120	138431381	94290
chr3	138337091	138537091	harbor2	chr3	138431937	138431959	LINE/L2	612	+	11	138431948	94857
chr3	138337091	138537091	harbor2	chr3	138362871	138363029	LINE/L2	525	+	79	138362950	25859
chr3	138337091	138537091	harbor2	chr3	138395337	138395850	LINE/L2	1300	+	256	138395593	58502
chr3	51940440	52140440	harbor2	chr3	52026119	52026551	LINE/L2	445	+	216	52026335	85895
chr3	48617316	48817316	harbor2	chr3	48665863	48665977	LINE/L2	570	+	57	48665920	48604
chr3	48617316	48817316	harbor2	chr3	48666293	48666448	LINE/L2	570	+	78	48666371	49055
chr3	48617316	48817316	harbor2	chr3	48675031	48675474	LINE/L2	553	+	222	48675253	57937
chr3	48617316	48817316	harbor2	chr3	48676018	48676477	LINE/L2	582	+	230	48676248	58932
chr3	48617316	48817316	harbor2	chr3	48676793	48676803	LINE/L2	582	+	5	48676798	59482
chr3	48617316	48817316	harbor2	chr3	48677077	48677106	LINE/L2	582	+	14	48677091	59775
chr3	48617316	48817316	harbor2	chr3	48677410	48678243	LINE/L2	582	+	416	48677826	60510
chr3	48617316	48817316	harbor2	chr3	48702287	48702449	LINE/L2	668	+	81	48702368	85052
chr3	48617316	48817316	harbor2	chr3	48702612	48702874	LINE/L2	792	+	131	48702743	85427
chr3	53001396	53201396	harbor2	chr3	53019316	53019940	LINE/L2	1545	+	312	53019628	18232
chr3	53001396	53201396	harbor2	chr3	53095974	53096291	LINE/L2	747	+	158	53096132	94736
chr3	53001396	53201396	harbor2	chr3	53018477	53019022	LINE/L2	1545	+	272	53018749	17353
chr3	127675921	127875921	harbor2	chr3	127692536	127693437	LINE/L2	891	+	450	127692986	17065
chr3	127675921	127875921	harbor2	chr3	127758031	127758450	LINE/L2	804	+	210	127758241	82320
chr3	127675921	127875921	harbor2	chr3	127767477	127767582	LINE/L2	446	+	52	127767529	91608
chr3	127675921	127875921	harbor2	chr3	127769673	127769784	LINE/L2	403	+	56	127769729	93808
chr3	189960849	190160849	harbor2	chr3	190012306	190012510	LINE/L2	500	+	102	190012408	51559
chr4	2825781	3025781	harbor2	chr4	2862476	2862907	LINE/L2	669	+	216	2862692	36911
chr4	872677	1072677	harbor2	chr4	919393	919861	LINE/L2	603	+	234	919627	46950
chr4	6810897	7010897	harbor2	chr4	6832174	6832350	LINE/L2	559	+	88	6832262	21365
chr4	6810897	7010897	harbor2	chr4	6832649	6832750	LINE/L2	559	+	50	6832699	21802
chr4	2363035	2563035	harbor2	chr4	2419781	2420451	LINE/L2	1616	+	335	2420116	57081
chr4	911390	1111390	harbor2	chr4	919393	919861	LINE/L2	603	+	234	919627	8237
chr4	41541096	41741096	harbor2	chr4	41609190	41609431	LINE/L2	558	+	120	41609310	68214
chr4	25762832	25962832	harbor2	chr4	25780051	25780706	LINE/L2	1223	+	328	25780379	17547
chr4	25762832	25962832	harbor2	chr4	25781145	25781342	LINE/L2	603	+	98	25781243	18411
chr4	25762832	25962832	harbor2	chr4	25825972	25826219	LINE/L2	573	+	124	25826096	63264
chr4	911356	1111356	harbor2	chr4	919393	919861	LINE/L2	603	+	234	919627	8271
chr4	872756	1072756	harbor2	chr4	919393	919861	LINE/L2	603	+	234	919627	46871
chr4	911393	1111393	harbor2	chr4	919393	919861	LINE/L2	603	+	234	919627	8234
chr4	145081541	145281541	harbor2	chr4	145088086	145089172	LINE/L2	1673	+	543	145088629	7088
chr4	730253	930253	harbor2	chr4	782342	782655	LINE/L2	634	+	156	782498	52245
chr4	1421350	1621350	harbor2	chr4	1486343	1486950	LINE/L2	2622	+	304	1486647	65297
chr4	1421350	1621350	harbor2	chr4	1487249	1487932	LINE/L2	2622	+	342	1487591	66241
chr4	1421350	1621350	harbor2	chr4	1498769	1499002	LINE/L2	609	+	116	1498885	77535
chr4	89737944	89937944	harbor2	chr4	89793140	89793319	LINE/L2	575	+	90	89793230	55286
chr4	139551799	139751799	harbor2	chr4	139597385	139597833	LINE/L2	1477	+	224	139597609	45810
chr4	139551799	139751799	harbor2	chr4	139599057	139599364	LINE/L2	1278	+	154	139599211	47412
chr4	139551799	139751799	harbor2	chr4	139599661	139600183	LINE/L2	1823	+	261	139599922	48123
chr4	139551799	139751799	harbor2	chr4	139631755	139632268	LINE/L2	1017	+	256	139632011	80212
chr4	128444275	128644275	harbor2	chr4	128479373	128479766	LINE/L2	1254	+	196	128479569	35294
chr4	128444275	128644275	harbor2	chr4	128479880	128480474	LINE/L2	1151	+	297	128480177	35902
chr4	128444275	128644275	harbor2	chr4	128522126	128522923	LINE/L2	705	+	398	128522524	78249
chr4	128444275	128644275	harbor2	chr4	128523229	128523428	LINE/L2	705	+	100	128523329	79054
chr4	128444275	128644275	harbor2	chr4	128542227	128542385	LINE/L2	807	+	79	128542306	98031
chr4	128444275	128644275	harbor2	chr4	128542741	128543327	LINE/L2	807	+	293	128543034	98759
chr4	2831610	3031610	harbor2	chr4	2862476	2862907	LINE/L2	669	+	216	2862692	31082
chr4	1468178	1668178	harbor2	chr4	1486343	1486950	LINE/L2	2622	+	304	1486647	18469
chr4	1468178	1668178	harbor2	chr4	1487249	1487932	LINE/L2	2622	+	342	1487591	19413
chr4	1468178	1668178	harbor2	chr4	1498769	1499002	LINE/L2	609	+	116	1498885	30707
chr4	145198204	145398204	harbor2	chr4	145213678	145213905	LINE/L2	660	+	114	145213792	15588
chr4	145198204	145398204	harbor2	chr4	145214488	145214508	LINE/L2	660	+	10	145214498	16294
chr4	145198204	145398204	harbor2	chr4	145234958	145235069	LINE/L2	1770	+	56	145235014	36810
chr4	145198204	145398204	harbor2	chr4	145235367	145235821	LINE/L2	1770	+	227	145235594	37390
chr4	145198204	145398204	harbor2	chr4	145288389	145288992	LINE/L2	484	+	302	145288691	90487
chr4	145198204	145398204	harbor2	chr4	145289290	145289412	LINE/L2	484	+	61	145289351	91147
chr4	145198204	145398204	harbor2	chr4	145294561	145295365	LINE/L2	1347	+	402	145294963	96759
chr4	16642723	16842723	harbor2	chr4	16657354	16657736	LINE/L2	774	+	191	16657545	14822
chr4	16642723	16842723	harbor2	chr4	16723586	16724086	LINE/L2	667	+	250	16723836	81113
chr4	120195584	120395584	harbor2	chr4	120207867	120208337	LINE/L2	1325	+	235	120208102	12518
chr4	120195584	120395584	harbor2	chr4	120228462	120228921	LINE/L2	581	+	230	120228692	33108
chr4	5701053	5901053	harbor2	chr4	5702148	5702462	LINE/L2	560	+	157	5702305	1252
chr4	5701053	5901053	harbor2	chr4	5717591	5718014	LINE/L2	989	+	212	5717803	16750
chr4	5701053	5901053	harbor2	chr4	5772714	5773144	LINE/L2	644	+	215	5772929	71876
chr4	5701053	5901053	harbor2	chr4	5787800	5788133	LINE/L2	705	+	166	5787966	86913
chr4	5701053	5901053	harbor2	chr4	5788412	5788813	LINE/L2	1049	+	200	5788612	87559
chr4	5701053	5901053	harbor2	chr4	5789164	5789467	LINE/L2	519	+	152	5789316	88263
chr4	5701053	5901053	harbor2	chr4	5701437	5702154	LINE/L2	1314	+	358	5701795	742
chr4	151521646	151721646	harbor2	chr4	151584675	151585065	LINE/L2	750	+	195	151584870	63224
chr4	911391	1111391	harbor2	chr4	919393	919861	LINE/L2	603	+	234	919627	8236
chr4	128712057	128912057	harbor2	chr4	128769205	128769476	LINE/L2	571	+	136	128769341	57284
chr4	76114019	76314019	harbor2	chr4	76163669	76163938	LINE/L2	643	+	134	76163803	49784
chr4	3054676	3254676	harbor2	chr4	3105489	3105782	LINE/L2	505	+	146	3105635	50959
chr4	120823308	121023308	harbor2	chr4	120825461	120825647	LINE/L2	678	+	93	120825554	2246
chr4	120823308	121023308	harbor2	chr4	120886830	120886938	LINE/L2	997	+	54	120886884	63576
chr4	120823308	121023308	harbor2	chr4	120887243	120887644	LINE/L2	997	+	200	120887443	64135
chr4	120823308	121023308	harbor2	chr4	120916609	120917613	LINE/L2	2205	+	502	120917111	93803
chr4	120823308	121023308	harbor2	chr4	120919057	120919365	LINE/L2	706	+	154	120919211	95903
chr4	2364000	2564000	harbor2	chr4	2419781	2420451	LINE/L2	1616	+	335	2420116	56116
chr4	2834779	3034779	harbor2	chr4	2862476	2862907	LINE/L2	669	+	216	2862692	27913
chr4	152837648	153037648	harbor2	chr4	152857653	152858000	LINE/L2	639	+	174	152857827	20179
chr4	152837648	153037648	harbor2	chr4	152886109	152886828	LINE/L2	540	+	360	152886469	48821
chr4	152837648	153037648	harbor2	chr4	152906173	152907229	LINE/L2	2123	+	528	152906701	69053
chr4	120832418	121032418	harbor2	chr4	120886830	120886938	LINE/L2	997	+	54	120886884	54466
chr4	120832418	121032418	harbor2	chr4	120887243	120887644	LINE/L2	997	+	200	120887443	55025
chr4	120832418	121032418	harbor2	chr4	120916609	120917613	LINE/L2	2205	+	502	120917111	84693
chr4	120832418	121032418	harbor2	chr4	120919057	120919365	LINE/L2	706	+	154	120919211	86793
chr4	151572476	151772476	harbor2	chr4	151584675	151585065	LINE/L2	750	+	195	151584870	12394
chr4	163375906	163575906	harbor2	chr4	163416481	163416735	LINE/L2	758	+	127	163416608	40702
chr4	163375906	163575906	harbor2	chr4	163441717	163441963	LINE/L2	529	+	123	163441840	65934
chr4	138772104	138972104	harbor2	chr4	138809178	138809296	LINE/L2	983	+	59	138809237	37133
chr4	138772104	138972104	harbor2	chr4	138809347	138809548	LINE/L2	983	+	100	138809447	37343
chr4	1421525	1621525	harbor2	chr4	1486343	1486950	LINE/L2	2622	+	304	1486647	65122
chr4	1421525	1621525	harbor2	chr4	1487249	1487932	LINE/L2	2622	+	342	1487591	66066
chr4	1421525	1621525	harbor2	chr4	1498769	1499002	LINE/L2	609	+	116	1498885	77360
chr4	139195860	139395860	harbor2	chr4	139265379	139265899	LINE/L2	1076	+	260	139265639	69779
chr4	120823157	121023157	harbor2	chr4	120825461	120825647	LINE/L2	678	+	93	120825554	2397
chr4	120823157	121023157	harbor2	chr4	120886830	120886938	LINE/L2	997	+	54	120886884	63727
chr4	120823157	121023157	harbor2	chr4	120887243	120887644	LINE/L2	997	+	200	120887443	64286
chr4	120823157	121023157	harbor2	chr4	120916609	120917613	LINE/L2	2205	+	502	120917111	93954
chr4	120823157	121023157	harbor2	chr4	120919057	120919365	LINE/L2	706	+	154	120919211	96054
chr4	55753709	55953709	harbor2	chr4	55787656	55787902	LINE/L2	473	+	123	55787779	34070
chr4	55753709	55953709	harbor2	chr4	55818347	55818488	LINE/L2	564	+	70	55818417	64708
chr5	73899952	74099952	harbor2	chr5	73919851	73920029	LINE/L2	437	+	89	73919940	19988
chr5	10341862	10541862	harbor2	chr5	10439622	10440233	LINE/L2	531	+	306	10439928	98066
chr5	10532476	10732476	harbor2	chr5	10617214	10618157	LINE/L2	911	+	472	10617686	85210
chr5	10341874	10541874	harbor2	chr5	10439622	10440233	LINE/L2	531	+	306	10439928	98054
chr5	150964836	151164836	harbor2	chr5	150975467	150975693	LINE/L2	623	+	113	150975580	10744
chr5	150964836	151164836	harbor2	chr5	151011621	151012083	LINE/L2	513	+	231	151011852	47016
chr5	150964836	151164836	harbor2	chr5	151031501	151032083	LINE/L2	593	+	291	151031792	66956
chr5	52700037	52900037	harbor2	chr5	52710079	52710354	LINE/L2	553	+	138	52710217	10180
chr5	52700037	52900037	harbor2	chr5	52729027	52729171	LINE/L2	435	+	72	52729099	29062
chr5	52700037	52900037	harbor2	chr5	52760719	52760929	LINE/L2	673	+	105	52760824	60787
chr5	52700037	52900037	harbor2	chr5	52761703	52761952	LINE/L2	1067	+	124	52761827	61790
chr5	52700037	52900037	harbor2	chr5	52762335	52762635	LINE/L2	1067	+	150	52762485	62448
chr5	52700037	52900037	harbor2	chr5	52772502	52772792	LINE/L2	428	+	145	52772647	72610
chr5	10341877	10541877	harbor2	chr5	10439622	10440233	LINE/L2	531	+	306	10439928	98051
chr5	10341899	10541899	harbor2	chr5	10439622	10440233	LINE/L2	531	+	306	10439928	98029
chr5	55892081	56092081	harbor2	chr5	55912157	55912513	LINE/L2	470	+	178	55912335	20254
chr5	62303875	62503875	harbor2	chr5	62318630	62319143	LINE/L2	466	+	256	62318886	15011
chr5	62303875	62503875	harbor2	chr5	62326346	62326710	LINE/L2	1100	+	182	62326528	22653
chr5	62303875	62503875	harbor2	chr5	62327010	62327260	LINE/L2	918	+	125	62327135	23260
chr5	62303875	62503875	harbor2	chr5	62327474	62327624	LINE/L2	918	+	75	62327549	23674
chr5	145979706	146179706	harbor2	chr5	146009211	146009672	LINE/L2	438	+	230	146009441	29735
chr5	34828752	35028752	harbor2	chr5	34835756	34836077	LINE/L2	851	+	160	34835916	7164
chr5	34828752	35028752	harbor2	chr5	34836606	34836747	LINE/L2	466	+	70	34836676	7924
chr5	34828752	35028752	harbor2	chr5	34882349	34882480	LINE/L2	591	+	66	34882415	53663
chr5	10341867	10541867	harbor2	chr5	10439622	10440233	LINE/L2	531	+	306	10439928	98061
chr5	10341831	10541831	harbor2	chr5	10439622	10440233	LINE/L2	531	+	306	10439928	98097
chr5	176526714	176726714	harbor2	chr5	176601685	176602506	LINE/L2	1395	+	410	176602095	75381
chr5	176526714	176726714	harbor2	chr5	176625739	176626076	LINE/L2	765	+	168	176625907	99193
chr5	175342628	175542628	harbor2	chr5	175358247	175358733	LINE/L2	797	+	243	175358490	15862
chr5	132310885	132510885	harbor2	chr5	132350835	132351317	LINE/L2	1269	+	241	132351076	40191
chr5	132310885	132510885	harbor2	chr5	132351898	132352299	LINE/L2	1681	+	200	132352098	41213
chr5	132310885	132510885	harbor2	chr5	132352463	132353100	LINE/L2	1681	+	318	132352781	41896
chr5	132310885	132510885	harbor2	chr5	132354040	132354508	LINE/L2	1186	+	234	132354274	43389
chr5	132310885	132510885	harbor2	chr5	132361474	132361654	LINE/L2	786	+	90	132361564	50679
chr5	132310885	132510885	harbor2	chr5	132362826	132363130	LINE/L2	1308	+	152	132362978	52093
chr5	132310885	132510885	harbor2	chr5	132363401	132363973	LINE/L2	1308	+	286	132363687	52802
chr5	37742412	37942412	harbor2	chr5	37806465	37806765	LINE/L2	904	+	150	37806615	64203
chr5	37742412	37942412	harbor2	chr5	37812305	37812503	LINE/L2	599	+	99	37812404	69992
chr5	37742412	37942412	harbor2	chr5	37817748	37818090	LINE/L2	991	+	171	37817919	75507
chr5	37742412	37942412	harbor2	chr5	37818796	37819125	LINE/L2	540	+	164	37818960	76548
chr5	37742412	37942412	harbor2	chr5	37831277	37831397	LINE/L2	473	+	60	37831337	88925
chr5	33908472	34108472	harbor2	chr5	33922112	33922561	LINE/L2	639	+	224	33922336	13864
chr5	33908472	34108472	harbor2	chr5	33923056	33923133	LINE/L2	639	+	38	33923094	14622
chr5	33908472	34108472	harbor2	chr5	33931009	33931164	LINE/L2	689	+	78	33931087	22615
chr5	33908472	34108472	harbor2	chr5	33931629	33932563	LINE/L2	689	+	467	33932096	23624
chr5	33908472	34108472	harbor2	chr5	33986251	33986497	LINE/L2	452	+	123	33986374	77902
chr5	73351463	73551463	harbor2	chr5	73356214	73356326	LINE/L2	427	+	56	73356270	4807
chr5	73351463	73551463	harbor2	chr5	73357592	73358504	LINE/L2	1489	+	456	73358048	6585
chr5	73351463	73551463	harbor2	chr5	73359346	73359867	LINE/L2	953	+	260	73359606	8143
chr5	73351463	73551463	harbor2	chr5	73361774	73361834	LINE/L2	2100	+	30	73361804	10341
chr5	73351463	73551463	harbor2	chr5	73362138	73362758	LINE/L2	2100	+	310	73362448	10985
chr5	10341895	10541895	harbor2	chr5	10439622	10440233	LINE/L2	531	+	306	10439928	98033
chr5	140450230	140650230	harbor2	chr5	140511164	140511681	LINE/L2	469	+	258	140511422	61192
chr5	176526715	176726715	harbor2	chr5	176601685	176602506	LINE/L2	1395	+	410	176602095	75380
chr5	176526715	176726715	harbor2	chr5	176625739	176626076	LINE/L2	765	+	168	176625907	99192
chr5	79274075	79474075	harbor2	chr5	79329173	79329898	LINE/L2	685	+	362	79329535	55460
chr5	79274075	79474075	harbor2	chr5	79367575	79367992	LINE/L2	464	+	208	79367783	93708
chr5	79274075	79474075	harbor2	chr5	79368289	79368844	LINE/L2	464	+	278	79368567	94492
chr5	135435248	135635248	harbor2	chr5	135473612	135473810	LINE/L2	503	+	99	135473711	38463
chr5	135435248	135635248	harbor2	chr5	135510152	135510591	LINE/L2	811	+	220	135510372	75124
chr5	135435248	135635248	harbor2	chr5	135530086	135530422	LINE/L2	1170	+	168	135530254	95006
chr5	135435248	135635248	harbor2	chr5	135530775	135531226	LINE/L2	1170	+	226	135531001	95753
chr5	135833577	136033577	harbor2	chr5	135848488	135848766	LINE/L2	792	+	139	135848627	15050
chr5	135833577	136033577	harbor2	chr5	135872242	135872478	LINE/L2	661	+	118	135872360	38783
chr5	135833577	136033577	harbor2	chr5	135910292	135910576	LINE/L2	541	+	142	135910434	76857
chr5	135833577	136033577	harbor2	chr5	135912343	135912944	LINE/L2	478	+	300	135912643	79066
chr5	10454733	10654733	harbor2	chr5	10459126	10459918	LINE/L2	469	+	396	10459522	4789
chr5	177211986	177411986	harbor2	chr5	177306848	177306946	LINE/L2	463	+	49	177306897	94911
chr5	73351456	73551456	harbor2	chr5	73356214	73356326	LINE/L2	427	+	56	73356270	4814
chr5	73351456	73551456	harbor2	chr5	73357592	73358504	LINE/L2	1489	+	456	73358048	6592
chr5	73351456	73551456	harbor2	chr5	73359346	73359867	LINE/L2	953	+	260	73359606	8150
chr5	73351456	73551456	harbor2	chr5	73361774	73361834	LINE/L2	2100	+	30	73361804	10348
chr5	73351456	73551456	harbor2	chr5	73362138	73362758	LINE/L2	2100	+	310	73362448	10992
chr5	52848700	53048700	harbor2	chr5	52858077	52858358	LINE/L2	575	+	140	52858217	9517
chr5	73351468	73551468	harbor2	chr5	73356214	73356326	LINE/L2	427	+	56	73356270	4802
chr5	73351468	73551468	harbor2	chr5	73357592	73358504	LINE/L2	1489	+	456	73358048	6580
chr5	73351468	73551468	harbor2	chr5	73359346	73359867	LINE/L2	953	+	260	73359606	8138
chr5	73351468	73551468	harbor2	chr5	73361774	73361834	LINE/L2	2100	+	30	73361804	10336
chr5	73351468	73551468	harbor2	chr5	73362138	73362758	LINE/L2	2100	+	310	73362448	10980
chr5	177922457	178122457	harbor2	chr5	177925453	177925604	LINE/L2	1162	+	76	177925529	3072
chr5	177922457	178122457	harbor2	chr5	177925952	177926292	LINE/L2	1162	+	170	177926122	3665
chr5	73351472	73551472	harbor2	chr5	73356214	73356326	LINE/L2	427	+	56	73356270	4798
chr5	73351472	73551472	harbor2	chr5	73357592	73358504	LINE/L2	1489	+	456	73358048	6576
chr5	73351472	73551472	harbor2	chr5	73359346	73359867	LINE/L2	953	+	260	73359606	8134
chr5	73351472	73551472	harbor2	chr5	73361774	73361834	LINE/L2	2100	+	30	73361804	10332
chr5	73351472	73551472	harbor2	chr5	73362138	73362758	LINE/L2	2100	+	310	73362448	10976
chr5	10341907	10541907	harbor2	chr5	10439622	10440233	LINE/L2	531	+	306	10439928	98021
chr5	90417637	90617637	harbor2	chr5	90476708	90477050	LINE/L2	693	+	171	90476879	59242
chr5	90417637	90617637	harbor2	chr5	90486434	90486932	LINE/L2	814	+	249	90486683	69046
chr5	181061884	181261884	harbor2	chr5	181085416	181085727	LINE/L2	677	+	156	181085572	23688
chr5	181061884	181261884	harbor2	chr5	181126047	181126413	LINE/L2	1145	+	183	181126230	64346
chr5	181061884	181261884	harbor2	chr5	181127903	181128192	LINE/L2	475	+	144	181128047	66163
chr5	181061884	181261884	harbor2	chr5	181128222	181128936	LINE/L2	519	+	357	181128579	66695
chr5	141136632	141336632	harbor2	chr5	141219492	141220472	LINE/L2	490	+	490	141219982	83350
chr5	141136632	141336632	harbor2	chr5	141232541	141233577	LINE/L2	489	+	518	141233059	96427
chr5	38973892	39173892	harbor2	chr5	39055091	39055630	LINE/L2	436	+	270	39055361	81469
chr5	52700057	52900057	harbor2	chr5	52710079	52710354	LINE/L2	553	+	138	52710217	10160
chr5	52700057	52900057	harbor2	chr5	52729027	52729171	LINE/L2	435	+	72	52729099	29042
chr5	52700057	52900057	harbor2	chr5	52760719	52760929	LINE/L2	673	+	105	52760824	60767
chr5	52700057	52900057	harbor2	chr5	52761703	52761952	LINE/L2	1067	+	124	52761827	61770
chr5	52700057	52900057	harbor2	chr5	52762335	52762635	LINE/L2	1067	+	150	52762485	62428
chr5	52700057	52900057	harbor2	chr5	52772502	52772792	LINE/L2	428	+	145	52772647	72590
chr5	139862032	140062032	harbor2	chr5	139874292	139874872	LINE/L2	1104	+	290	139874582	12550
chr5	139862032	140062032	harbor2	chr5	139874889	139875010	LINE/L2	689	+	60	139874949	12917
chr5	139862032	140062032	harbor2	chr5	139875311	139875463	LINE/L2	689	+	76	139875387	13355
chr5	37452845	37652845	harbor2	chr5	37453827	37454061	LINE/L2	461	+	117	37453944	1099
chr5	37452845	37652845	harbor2	chr5	37498207	37498760	LINE/L2	1562	+	276	37498483	45638
chr5	10341892	10541892	harbor2	chr5	10439622	10440233	LINE/L2	531	+	306	10439928	98036
chr5	132104549	132304549	harbor2	chr5	132163290	132163523	LINE/L2	621	+	116	132163406	58857
chr5	132104549	132304549	harbor2	chr5	132168692	132169028	LINE/L2	573	+	168	132168860	64311
chr5	150968283	151168283	harbor2	chr5	150975467	150975693	LINE/L2	623	+	113	150975580	7297
chr5	150968283	151168283	harbor2	chr5	151011621	151012083	LINE/L2	513	+	231	151011852	43569
chr5	150968283	151168283	harbor2	chr5	151031501	151032083	LINE/L2	593	+	291	151031792	63509
chr5	12213087	12413087	harbor2	chr5	12256769	12257052	LINE/L2	697	+	142	12256911	43824
chr5	12213087	12413087	harbor2	chr5	12288381	12289194	LINE/L2	817	+	406	12288787	75700
chr5	135980732	136180732	harbor2	chr5	136027390	136027770	LINE/L2	435	+	190	136027580	46848
chr5	73353308	73553308	harbor2	chr5	73356214	73356326	LINE/L2	427	+	56	73356270	2962
chr5	73353308	73553308	harbor2	chr5	73357592	73358504	LINE/L2	1489	+	456	73358048	4740
chr5	73353308	73553308	harbor2	chr5	73359346	73359867	LINE/L2	953	+	260	73359606	6298
chr5	73353308	73553308	harbor2	chr5	73361774	73361834	LINE/L2	2100	+	30	73361804	8496
chr5	73353308	73553308	harbor2	chr5	73362138	73362758	LINE/L2	2100	+	310	73362448	9140
chr5	32300332	32500332	harbor2	chr5	32311620	32312100	LINE/L2	1009	+	240	32311860	11528
chr5	52700041	52900041	harbor2	chr5	52710079	52710354	LINE/L2	553	+	138	52710217	10176
chr5	52700041	52900041	harbor2	chr5	52729027	52729171	LINE/L2	435	+	72	52729099	29058
chr5	52700041	52900041	harbor2	chr5	52760719	52760929	LINE/L2	673	+	105	52760824	60783
chr5	52700041	52900041	harbor2	chr5	52761703	52761952	LINE/L2	1067	+	124	52761827	61786
chr5	52700041	52900041	harbor2	chr5	52762335	52762635	LINE/L2	1067	+	150	52762485	62444
chr5	52700041	52900041	harbor2	chr5	52772502	52772792	LINE/L2	428	+	145	52772647	72606
chr5	93480280	93680280	harbor2	chr5	93515472	93515663	LINE/L2	424	+	96	93515568	35288
chr5	73354658	73554658	harbor2	chr5	73356214	73356326	LINE/L2	427	+	56	73356270	1612
chr5	73354658	73554658	harbor2	chr5	73357592	73358504	LINE/L2	1489	+	456	73358048	3390
chr5	73354658	73554658	harbor2	chr5	73359346	73359867	LINE/L2	953	+	260	73359606	4948
chr5	73354658	73554658	harbor2	chr5	73361774	73361834	LINE/L2	2100	+	30	73361804	7146
chr5	73354658	73554658	harbor2	chr5	73362138	73362758	LINE/L2	2100	+	310	73362448	7790
chr5	149752251	149952251	harbor2	chr5	149825397	149825769	LINE/L2	472	+	186	149825583	73332
chr5	153994567	154194567	harbor2	chr5	154004240	154005013	LINE/L2	509	+	386	154004626	10059
chr5	153994567	154194567	harbor2	chr5	154062073	154062864	LINE/L2	1699	+	396	154062469	67902
chr5	153994567	154194567	harbor2	chr5	154063194	154063567	LINE/L2	1699	+	186	154063380	68813
chr5	153994567	154194567	harbor2	chr5	154071128	154072066	LINE/L2	2547	+	469	154071597	77030
chr5	78345454	78545454	harbor2	chr5	78405227	78405763	LINE/L2	1002	+	268	78405495	60041
chr5	10341858	10541858	harbor2	chr5	10439622	10440233	LINE/L2	531	+	306	10439928	98070
chr5	73351454	73551454	harbor2	chr5	73356214	73356326	LINE/L2	427	+	56	73356270	4816
chr5	73351454	73551454	harbor2	chr5	73357592	73358504	LINE/L2	1489	+	456	73358048	6594
chr5	73351454	73551454	harbor2	chr5	73359346	73359867	LINE/L2	953	+	260	73359606	8152
chr5	73351454	73551454	harbor2	chr5	73361774	73361834	LINE/L2	2100	+	30	73361804	10350
chr5	73351454	73551454	harbor2	chr5	73362138	73362758	LINE/L2	2100	+	310	73362448	10994
chr5	181070052	181270052	harbor2	chr5	181085416	181085727	LINE/L2	677	+	156	181085572	15520
chr5	181070052	181270052	harbor2	chr5	181126047	181126413	LINE/L2	1145	+	183	181126230	56178
chr5	181070052	181270052	harbor2	chr5	181127903	181128192	LINE/L2	475	+	144	181128047	57995
chr5	181070052	181270052	harbor2	chr5	181128222	181128936	LINE/L2	519	+	357	181128579	58527
chr5	93480288	93680288	harbor2	chr5	93515472	93515663	LINE/L2	424	+	96	93515568	35280
chr5	62303878	62503878	harbor2	chr5	62318630	62319143	LINE/L2	466	+	256	62318886	15008
chr5	62303878	62503878	harbor2	chr5	62326346	62326710	LINE/L2	1100	+	182	62326528	22650
chr5	62303878	62503878	harbor2	chr5	62327010	62327260	LINE/L2	918	+	125	62327135	23257
chr5	62303878	62503878	harbor2	chr5	62327474	62327624	LINE/L2	918	+	75	62327549	23671
chr5	164861844	165061844	harbor2	chr5	164951520	164951932	LINE/L2	1325	+	206	164951726	89882
chr5	6526022	6726022	harbor2	chr5	6546449	6546816	LINE/L2	504	+	184	6546633	20611
chr5	150967168	151167168	harbor2	chr5	150975467	150975693	LINE/L2	623	+	113	150975580	8412
chr5	150967168	151167168	harbor2	chr5	151011621	151012083	LINE/L2	513	+	231	151011852	44684
chr5	150967168	151167168	harbor2	chr5	151031501	151032083	LINE/L2	593	+	291	151031792	64624
chr5	10341908	10541908	harbor2	chr5	10439622	10440233	LINE/L2	531	+	306	10439928	98020
chr5	170686109	170886109	harbor2	chr5	170702149	170702244	LINE/L2	543	+	48	170702197	16088
chr5	170686109	170886109	harbor2	chr5	170775308	170775593	LINE/L2	538	+	142	170775450	89341
chr5	170686109	170886109	harbor2	chr5	170777587	170777755	LINE/L2	494	+	84	170777671	91562
chr5	2004592	2204592	harbor2	chr5	2044726	2044954	LINE/L2	621	+	114	2044840	40248
chr5	132110718	132310718	harbor2	chr5	132163290	132163523	LINE/L2	621	+	116	132163406	52688
chr5	132110718	132310718	harbor2	chr5	132168692	132169028	LINE/L2	573	+	168	132168860	58142
chr5	151640401	151840401	harbor2	chr5	151661902	151662129	LINE/L2	494	+	114	151662016	21615
chr5	151640401	151840401	harbor2	chr5	151688574	151688693	LINE/L2	695	+	60	151688634	48233
chr5	151640401	151840401	harbor2	chr5	151688990	151689294	LINE/L2	695	+	152	151689142	48741
chr5	73351410	73551410	harbor2	chr5	73356214	73356326	LINE/L2	427	+	56	73356270	4860
chr5	73351410	73551410	harbor2	chr5	73357592	73358504	LINE/L2	1489	+	456	73358048	6638
chr5	73351410	73551410	harbor2	chr5	73359346	73359867	LINE/L2	953	+	260	73359606	8196
chr5	73351410	73551410	harbor2	chr5	73361774	73361834	LINE/L2	2100	+	30	73361804	10394
chr5	73351410	73551410	harbor2	chr5	73362138	73362758	LINE/L2	2100	+	310	73362448	11038
chr5	143870685	144070685	harbor2	chr5	143881349	143881687	LINE/L2	556	+	169	143881518	10833
chr5	143870685	144070685	harbor2	chr5	143949063	143950110	LINE/L2	1773	+	524	143949587	78902
chr5	135980728	136180728	harbor2	chr5	136027390	136027770	LINE/L2	435	+	190	136027580	46852
chr5	135359105	135559105	harbor2	chr5	135365297	135365631	LINE/L2	510	+	167	135365464	6359
chr5	135359105	135559105	harbor2	chr5	135385675	135385972	LINE/L2	485	+	148	135385823	26718
chr5	126748604	126948604	harbor2	chr5	126769941	126770196	LINE/L2	474	+	128	126770069	21465
chr5	10342114	10542114	harbor2	chr5	10439622	10440233	LINE/L2	531	+	306	10439928	97814
chr5	10341878	10541878	harbor2	chr5	10439622	10440233	LINE/L2	531	+	306	10439928	98050
chr5	93492549	93692549	harbor2	chr5	93515472	93515663	LINE/L2	424	+	96	93515568	23019
chr5	10341890	10541890	harbor2	chr5	10439622	10440233	LINE/L2	531	+	306	10439928	98038
chr5	79955999	80155999	harbor2	chr5	79964609	79964924	LINE/L2	659	+	158	79964767	8768
chr5	79955999	80155999	harbor2	chr5	79965638	79965970	LINE/L2	469	+	166	79965804	9805
chr5	79955999	80155999	harbor2	chr5	79969423	79970144	LINE/L2	1331	+	360	79969783	13784
chr5	79955999	80155999	harbor2	chr5	79988809	79988894	LINE/L2	535	+	42	79988851	32852
chr5	78451235	78651235	harbor2	chr5	78493448	78493585	LINE/L2	573	+	68	78493516	42281
chr5	78451235	78651235	harbor2	chr5	78496789	78497205	LINE/L2	1118	+	208	78496997	45762
chr5	78451235	78651235	harbor2	chr5	78497196	78497602	LINE/L2	1143	+	203	78497399	46164
chr5	32176705	32376705	harbor2	chr5	32261284	32261762	LINE/L2	969	+	239	32261523	84818
chr5	19259135	19459135	harbor2	chr5	19280132	19280440	LINE/L2	501	+	154	19280286	21151
chr5	19259135	19459135	harbor2	chr5	19311184	19311937	LINE/L2	883	+	376	19311560	52425
chr5	19259135	19459135	harbor2	chr5	19318717	19318929	LINE/L2	436	+	106	19318823	59688
chr5	19259135	19459135	harbor2	chr5	19319122	19320114	LINE/L2	436	+	496	19319618	60483
chr5	10341853	10541853	harbor2	chr5	10439622	10440233	LINE/L2	531	+	306	10439928	98075
chr5	138855190	139055190	harbor2	chr5	138859346	138859597	LINE/L2	689	+	126	138859472	4282
chr5	138855190	139055190	harbor2	chr5	138926899	138927703	LINE/L2	846	+	402	138927301	72111
chr5	107321099	107521099	harbor2	chr5	107366853	107366977	LINE/L2	532	+	62	107366915	45816
chr5	107321099	107521099	harbor2	chr5	107400391	107400674	LINE/L2	473	+	142	107400533	79434
chr5	107321099	107521099	harbor2	chr5	107405667	107405784	LINE/L2	574	+	58	107405725	84626
chr5	107321099	107521099	harbor2	chr5	107406342	107406807	LINE/L2	813	+	232	107406574	85475
chr5	138834064	139034064	harbor2	chr5	138859346	138859597	LINE/L2	689	+	126	138859472	25408
chr5	138834064	139034064	harbor2	chr5	138926899	138927703	LINE/L2	846	+	402	138927301	93237
chr6	139488408	139688408	harbor2	chr6	139506727	139507067	LINE/L2	590	+	170	139506897	18489
chr6	105490329	105690329	harbor2	chr6	105515150	105515701	LINE/L2	1182	+	276	105515426	25097
chr6	105490329	105690329	harbor2	chr6	105515975	105516281	LINE/L2	1182	+	153	105516128	25799
chr6	105490329	105690329	harbor2	chr6	105516577	105516977	LINE/L2	778	+	200	105516777	26448
chr6	105490329	105690329	harbor2	chr6	105517950	105518864	LINE/L2	1550	+	457	105518407	28078
chr6	105490329	105690329	harbor2	chr6	105519418	105519576	LINE/L2	982	+	79	105519497	29168
chr6	105490329	105690329	harbor2	chr6	105576394	105577376	LINE/L2	1380	+	491	105576885	86556
chr6	139785813	139985813	harbor2	chr6	139854441	139854662	LINE/L2	848	+	110	139854551	68738
chr6	37083540	37283540	harbor2	chr6	37112143	37112366	LINE/L2	1138	+	112	37112255	28715
chr6	37083540	37283540	harbor2	chr6	37113070	37113137	LINE/L2	1138	+	34	37113104	29564
chr6	37083540	37283540	harbor2	chr6	37114966	37115248	LINE/L2	857	+	141	37115107	31567
chr6	139275435	139475435	harbor2	chr6	139322513	139322688	LINE/L2	716	+	88	139322601	47166
chr6	139275435	139475435	harbor2	chr6	139325976	139326109	LINE/L2	524	+	66	139326042	50607
chr6	139275435	139475435	harbor2	chr6	139327216	139327638	LINE/L2	866	+	211	139327427	51992
chr6	111987608	112187608	harbor2	chr6	112022367	112022737	LINE/L2	2906	+	185	112022552	34944
chr6	111987608	112187608	harbor2	chr6	112023512	112023676	LINE/L2	2906	+	82	112023594	35986
chr6	111987608	112187608	harbor2	chr6	112024156	112025051	LINE/L2	2906	+	448	112024604	36996
chr6	37072439	37272439	harbor2	chr6	37112143	37112366	LINE/L2	1138	+	112	37112255	39816
chr6	37072439	37272439	harbor2	chr6	37113070	37113137	LINE/L2	1138	+	34	37113104	40665
chr6	37072439	37272439	harbor2	chr6	37114966	37115248	LINE/L2	857	+	141	37115107	42668
chr6	37072372	37272372	harbor2	chr6	37112143	37112366	LINE/L2	1138	+	112	37112255	39883
chr6	37072372	37272372	harbor2	chr6	37113070	37113137	LINE/L2	1138	+	34	37113104	40732
chr6	37072372	37272372	harbor2	chr6	37114966	37115248	LINE/L2	857	+	141	37115107	42735
chr6	37071947	37271947	harbor2	chr6	37112143	37112366	LINE/L2	1138	+	112	37112255	40308
chr6	37071947	37271947	harbor2	chr6	37113070	37113137	LINE/L2	1138	+	34	37113104	41157
chr6	37071947	37271947	harbor2	chr6	37114966	37115248	LINE/L2	857	+	141	37115107	43160
chr6	139275444	139475444	harbor2	chr6	139322513	139322688	LINE/L2	716	+	88	139322601	47157
chr6	139275444	139475444	harbor2	chr6	139325976	139326109	LINE/L2	524	+	66	139326042	50598
chr6	139275444	139475444	harbor2	chr6	139327216	139327638	LINE/L2	866	+	211	139327427	51983
chr6	124863601	125063601	harbor2	chr6	124922239	124922472	LINE/L2	579	+	116	124922355	58754
chr6	124863601	125063601	harbor2	chr6	124922979	124923416	LINE/L2	677	+	218	124923197	59596
chr6	11912036	12112036	harbor2	chr6	11959280	11959712	LINE/L2	492	+	216	11959496	47460
chr6	11912036	12112036	harbor2	chr6	11961030	11961407	LINE/L2	840	+	188	11961218	49182
chr6	11912036	12112036	harbor2	chr6	11960162	11960482	LINE/L2	840	+	160	11960322	48286
chr6	37072709	37272709	harbor2	chr6	37112143	37112366	LINE/L2	1138	+	112	37112255	39546
chr6	37072709	37272709	harbor2	chr6	37113070	37113137	LINE/L2	1138	+	34	37113104	40395
chr6	37072709	37272709	harbor2	chr6	37114966	37115248	LINE/L2	857	+	141	37115107	42398
chr6	7639383	7839383	harbor2	chr6	7711513	7712772	LINE/L2	1523	+	630	7712143	72760
chr6	7639383	7839383	harbor2	chr6	7719728	7719973	LINE/L2	715	+	122	7719850	80467
chr6	7639383	7839383	harbor2	chr6	7720410	7720725	LINE/L2	871	+	158	7720568	81185
chr6	105895039	106095039	harbor2	chr6	105896722	105897932	LINE/L2	1013	+	605	105897327	2288
chr6	105895039	106095039	harbor2	chr6	105937948	105938410	LINE/L2	987	+	231	105938179	43140
chr6	105895039	106095039	harbor2	chr6	105950498	105950812	LINE/L2	996	+	157	105950655	55616
chr6	105895039	106095039	harbor2	chr6	105989760	105990228	LINE/L2	888	+	234	105989994	94955
chr6	37002854	37202854	harbor2	chr6	37032003	37032604	LINE/L2	625	+	300	37032303	29449
chr6	37002854	37202854	harbor2	chr6	37032895	37033014	LINE/L2	625	+	60	37032955	30101
chr6	37002854	37202854	harbor2	chr6	37054491	37055084	LINE/L2	894	+	296	37054787	51933
chr6	107974811	108174811	harbor2	chr6	107976765	107977002	LINE/L2	468	+	118	107976883	2072
chr6	107974811	108174811	harbor2	chr6	108066910	108067550	LINE/L2	1894	+	320	108067230	92419
chr6	107974811	108174811	harbor2	chr6	108067860	108069298	LINE/L2	1894	+	719	108068579	93768
chr6	139275454	139475454	harbor2	chr6	139322513	139322688	LINE/L2	716	+	88	139322601	47147
chr6	139275454	139475454	harbor2	chr6	139325976	139326109	LINE/L2	524	+	66	139326042	50588
chr6	139275454	139475454	harbor2	chr6	139327216	139327638	LINE/L2	866	+	211	139327427	51973
chr6	35370706	35570706	harbor2	chr6	35451111	35451556	LINE/L2	516	+	222	35451333	80627
chr6	110291208	110491208	harbor2	chr6	110355498	110355881	LINE/L2	545	+	192	110355690	64482
chr6	110291208	110491208	harbor2	chr6	110362863	110363007	LINE/L2	683	+	72	110362935	71727
chr6	110291208	110491208	harbor2	chr6	110371502	110372403	LINE/L2	1834	+	450	110371952	80744
chr6	31970839	32170839	harbor2	chr6	32065261	32065450	LINE/L2	841	+	94	32065355	94516
chr6	41821135	42021135	harbor2	chr6	41858494	41859008	LINE/L2	1811	+	257	41858751	37616
chr6	41821135	42021135	harbor2	chr6	41859005	41859623	LINE/L2	763	+	309	41859314	38179
chr6	107974809	108174809	harbor2	chr6	107976765	107977002	LINE/L2	468	+	118	107976883	2074
chr6	107974809	108174809	harbor2	chr6	108066910	108067550	LINE/L2	1894	+	320	108067230	92421
chr6	107974809	108174809	harbor2	chr6	108067860	108069298	LINE/L2	1894	+	719	108068579	93770
chr6	139275412	139475412	harbor2	chr6	139322513	139322688	LINE/L2	716	+	88	139322601	47189
chr6	139275412	139475412	harbor2	chr6	139325976	139326109	LINE/L2	524	+	66	139326042	50630
chr6	139275412	139475412	harbor2	chr6	139327216	139327638	LINE/L2	866	+	211	139327427	52015
chr6	36494234	36694234	harbor2	chr6	36560446	36560756	LINE/L2	560	+	155	36560601	66367
chr6	37002837	37202837	harbor2	chr6	37032003	37032604	LINE/L2	625	+	300	37032303	29466
chr6	37002837	37202837	harbor2	chr6	37032895	37033014	LINE/L2	625	+	60	37032955	30118
chr6	37002837	37202837	harbor2	chr6	37054491	37055084	LINE/L2	894	+	296	37054787	51950
chr6	139275376	139475376	harbor2	chr6	139322513	139322688	LINE/L2	716	+	88	139322601	47225
chr6	139275376	139475376	harbor2	chr6	139325976	139326109	LINE/L2	524	+	66	139326042	50666
chr6	139275376	139475376	harbor2	chr6	139327216	139327638	LINE/L2	866	+	211	139327427	52051
chr6	30786661	30986661	harbor2	chr6	30811952	30812141	LINE/L2	612	+	94	30812046	25385
chr6	37073817	37273817	harbor2	chr6	37112143	37112366	LINE/L2	1138	+	112	37112255	38438
chr6	37073817	37273817	harbor2	chr6	37113070	37113137	LINE/L2	1138	+	34	37113104	39287
chr6	37073817	37273817	harbor2	chr6	37114966	37115248	LINE/L2	857	+	141	37115107	41290
chr6	100364956	100564956	harbor2	chr6	100432585	100433548	LINE/L2	1808	+	482	100433067	68111
chr6	100364956	100564956	harbor2	chr6	100452178	100452391	LINE/L2	610	+	106	100452284	87328
chr6	37071756	37271756	harbor2	chr6	37112143	37112366	LINE/L2	1138	+	112	37112255	40499
chr6	37071756	37271756	harbor2	chr6	37113070	37113137	LINE/L2	1138	+	34	37113104	41348
chr6	37071756	37271756	harbor2	chr6	37114966	37115248	LINE/L2	857	+	141	37115107	43351
chr6	167863268	168063268	harbor2	chr6	167878636	167879137	LINE/L2	514	+	250	167878886	15618
chr6	167863268	168063268	harbor2	chr6	167903612	167904209	LINE/L2	1136	+	298	167903910	40642
chr6	167863268	168063268	harbor2	chr6	167904510	167904731	LINE/L2	1136	+	110	167904620	41352
chr6	167863268	168063268	harbor2	chr6	167956387	167956931	LINE/L2	604	+	272	167956659	93391
chr6	10422491	10622491	harbor2	chr6	10464286	10465193	LINE/L2	2352	+	454	10464740	42249
chr6	139346565	139546565	harbor2	chr6	139378145	139378467	LINE/L2	577	+	161	139378306	31741
chr6	139346565	139546565	harbor2	chr6	139397811	139398071	LINE/L2	560	+	130	139397941	51376
chr6	139346565	139546565	harbor2	chr6	139398660	139399072	LINE/L2	560	+	206	139398866	52301
chr6	44147550	44347550	harbor2	chr6	44173373	44173570	LINE/L2	865	+	98	44173471	25921
chr6	44147550	44347550	harbor2	chr6	44173884	44174114	LINE/L2	865	+	115	44173999	26449
chr6	78955777	79155777	harbor2	chr6	79038032	79038145	LINE/L2	474	+	56	79038088	82311
chr6	78955777	79155777	harbor2	chr6	79038493	79039202	LINE/L2	474	+	354	79038847	83070
chr6	78955777	79155777	harbor2	chr6	79046010	79046538	LINE/L2	1075	+	264	79046274	90497
chr6	129414352	129614352	harbor2	chr6	129427431	129427702	LINE/L2	553	+	136	129427567	13215
chr6	167863257	168063257	harbor2	chr6	167878636	167879137	LINE/L2	514	+	250	167878886	15629
chr6	167863257	168063257	harbor2	chr6	167903612	167904209	LINE/L2	1136	+	298	167903910	40653
chr6	167863257	168063257	harbor2	chr6	167904510	167904731	LINE/L2	1136	+	110	167904620	41363
chr6	167863257	168063257	harbor2	chr6	167956387	167956931	LINE/L2	604	+	272	167956659	93402
chr6	130929311	131129311	harbor2	chr6	130960863	130960975	LINE/L2	507	+	56	130960919	31608
chr6	130929311	131129311	harbor2	chr6	131006767	131007119	LINE/L2	554	+	176	131006943	77632
chr6	139275442	139475442	harbor2	chr6	139322513	139322688	LINE/L2	716	+	88	139322601	47159
chr6	139275442	139475442	harbor2	chr6	139325976	139326109	LINE/L2	524	+	66	139326042	50600
chr6	139275442	139475442	harbor2	chr6	139327216	139327638	LINE/L2	866	+	211	139327427	51985
chr6	37071984	37271984	harbor2	chr6	37112143	37112366	LINE/L2	1138	+	112	37112255	40271
chr6	37071984	37271984	harbor2	chr6	37113070	37113137	LINE/L2	1138	+	34	37113104	41120
chr6	37071984	37271984	harbor2	chr6	37114966	37115248	LINE/L2	857	+	141	37115107	43123
chr6	81653509	81853509	harbor2	chr6	81685924	81686391	LINE/L2	1153	+	234	81686158	32649
chr6	81653509	81853509	harbor2	chr6	81720885	81721448	LINE/L2	1530	+	282	81721167	67658
chr6	81653509	81853509	harbor2	chr6	81721560	81721735	LINE/L2	474	+	88	81721648	68139
chr6	81653509	81853509	harbor2	chr6	81727825	81728402	LINE/L2	1204	+	288	81728113	74604
chr6	147108187	147308187	harbor2	chr6	147151103	147151671	LINE/L2	831	+	284	147151387	43200
chr6	147108187	147308187	harbor2	chr6	147152362	147152654	LINE/L2	495	+	146	147152508	44321
chr6	147108187	147308187	harbor2	chr6	147199581	147199796	LINE/L2	624	+	108	147199689	91502
chr6	37071718	37271718	harbor2	chr6	37112143	37112366	LINE/L2	1138	+	112	37112255	40537
chr6	37071718	37271718	harbor2	chr6	37113070	37113137	LINE/L2	1138	+	34	37113104	41386
chr6	37071718	37271718	harbor2	chr6	37114966	37115248	LINE/L2	857	+	141	37115107	43389
chr6	37074003	37274003	harbor2	chr6	37112143	37112366	LINE/L2	1138	+	112	37112255	38252
chr6	37074003	37274003	harbor2	chr6	37113070	37113137	LINE/L2	1138	+	34	37113104	39101
chr6	37074003	37274003	harbor2	chr6	37114966	37115248	LINE/L2	857	+	141	37115107	41104
chr6	36343651	36543651	harbor2	chr6	36380564	36380809	LINE/L2	623	+	122	36380686	37035
chr6	36343651	36543651	harbor2	chr6	36392800	36392976	LINE/L2	1374	+	88	36392888	49237
chr6	36343651	36543651	harbor2	chr6	36393266	36393462	LINE/L2	1374	+	98	36393364	49713
chr6	36343651	36543651	harbor2	chr6	36393740	36394005	LINE/L2	1374	+	132	36393872	50221
chr6	36343651	36543651	harbor2	chr6	36398708	36399042	LINE/L2	883	+	167	36398875	55224
chr6	36343651	36543651	harbor2	chr6	36422310	36422646	LINE/L2	595	+	168	36422478	78827
chr6	109952856	110152856	harbor2	chr6	109957169	109957514	LINE/L2	1094	+	172	109957341	4485
chr6	109952856	110152856	harbor2	chr6	109958390	109958587	LINE/L2	520	+	98	109958488	5632
chr6	109952856	110152856	harbor2	chr6	109970989	109971713	LINE/L2	672	+	362	109971351	18495
chr6	109952856	110152856	harbor2	chr6	110012048	110012475	LINE/L2	467	+	214	110012262	59406
chr6	109952856	110152856	harbor2	chr6	109985540	109985916	LINE/L2	1184	+	188	109985728	32872
chr6	37075696	37275696	harbor2	chr6	37112143	37112366	LINE/L2	1138	+	112	37112255	36559
chr6	37075696	37275696	harbor2	chr6	37113070	37113137	LINE/L2	1138	+	34	37113104	37408
chr6	37075696	37275696	harbor2	chr6	37114966	37115248	LINE/L2	857	+	141	37115107	39411
chr6	88863719	89063719	harbor2	chr6	88928344	88928545	LINE/L2	463	+	100	88928444	64725
chr6	88863719	89063719	harbor2	chr6	88942793	88943461	LINE/L2	2855	+	334	88943127	79408
chr6	88863719	89063719	harbor2	chr6	88943740	88944137	LINE/L2	509	+	198	88943938	80219
chr6	52185236	52385236	harbor2	chr6	52203320	52203701	LINE/L2	1390	+	190	52203510	18274
chr6	52185236	52385236	harbor2	chr6	52207802	52207965	LINE/L2	521	+	82	52207884	22648
chr6	170609333	170809333	harbor2	chr6	170628537	170629230	LINE/L2	492	+	346	170628883	19550
chr6	170609333	170809333	harbor2	chr6	170671085	170671434	LINE/L2	572	+	174	170671259	61926
chr6	170609333	170809333	harbor2	chr6	170692783	170692984	LINE/L2	510	+	100	170692883	83550
chr6	37071985	37271985	harbor2	chr6	37112143	37112366	LINE/L2	1138	+	112	37112255	40270
chr6	37071985	37271985	harbor2	chr6	37113070	37113137	LINE/L2	1138	+	34	37113104	41119
chr6	37071985	37271985	harbor2	chr6	37114966	37115248	LINE/L2	857	+	141	37115107	43122
chr6	147106075	147306075	harbor2	chr6	147151103	147151671	LINE/L2	831	+	284	147151387	45312
chr6	147106075	147306075	harbor2	chr6	147152362	147152654	LINE/L2	495	+	146	147152508	46433
chr6	147106075	147306075	harbor2	chr6	147199581	147199796	LINE/L2	624	+	108	147199689	93614
chr6	149350899	149550899	harbor2	chr6	149363706	149364373	LINE/L2	1112	+	334	149364040	13141
chr6	149350899	149550899	harbor2	chr6	149381876	149382223	LINE/L2	847	+	174	149382050	31151
chr6	106179953	106379953	harbor2	chr6	106254009	106254478	LINE/L2	656	+	234	106254243	74290
chr6	106179953	106379953	harbor2	chr6	106270695	106271253	LINE/L2	683	+	279	106270974	91021
chr6	106179953	106379953	harbor2	chr6	106271878	106272141	LINE/L2	866	+	132	106272010	92057
chr6	106179953	106379953	harbor2	chr6	106272136	106272532	LINE/L2	508	+	198	106272334	92381
chr6	41841717	42041717	harbor2	chr6	41858494	41859008	LINE/L2	1811	+	257	41858751	17034
chr6	41841717	42041717	harbor2	chr6	41859005	41859623	LINE/L2	763	+	309	41859314	17597
chr6	41841717	42041717	harbor2	chr6	41922873	41923128	LINE/L2	780	+	128	41923001	81284
chr6	41841717	42041717	harbor2	chr6	41923735	41924060	LINE/L2	780	+	162	41923897	82180
chr6	41841717	42041717	harbor2	chr6	41924371	41924430	LINE/L2	640	+	30	41924401	82684
chr6	41841717	42041717	harbor2	chr6	41924473	41924601	LINE/L2	640	+	64	41924537	82820
chr6	105468439	105668439	harbor2	chr6	105515150	105515701	LINE/L2	1182	+	276	105515426	46987
chr6	105468439	105668439	harbor2	chr6	105515975	105516281	LINE/L2	1182	+	153	105516128	47689
chr6	105468439	105668439	harbor2	chr6	105516577	105516977	LINE/L2	778	+	200	105516777	48338
chr6	105468439	105668439	harbor2	chr6	105517950	105518864	LINE/L2	1550	+	457	105518407	49968
chr6	105468439	105668439	harbor2	chr6	105519418	105519576	LINE/L2	982	+	79	105519497	51058
chr6	52477046	52677046	harbor2	chr6	52546848	52546962	LINE/L2	467	+	57	52546905	69859
chr6	139275446	139475446	harbor2	chr6	139322513	139322688	LINE/L2	716	+	88	139322601	47155
chr6	139275446	139475446	harbor2	chr6	139325976	139326109	LINE/L2	524	+	66	139326042	50596
chr6	139275446	139475446	harbor2	chr6	139327216	139327638	LINE/L2	866	+	211	139327427	51981
chr6	30369767	30569767	harbor2	chr6	30440018	30440437	LINE/L2	503	+	210	30440228	70461
chr6	52352994	52552994	harbor2	chr6	52400551	52400911	LINE/L2	606	+	180	52400731	47737
chr6	52352994	52552994	harbor2	chr6	52427025	52427716	LINE/L2	532	+	346	52427371	74377
chr6	52352994	52552994	harbor2	chr6	52435038	52435397	LINE/L2	912	+	180	52435218	82224
chr6	139275443	139475443	harbor2	chr6	139322513	139322688	LINE/L2	716	+	88	139322601	47158
chr6	139275443	139475443	harbor2	chr6	139325976	139326109	LINE/L2	524	+	66	139326042	50599
chr6	139275443	139475443	harbor2	chr6	139327216	139327638	LINE/L2	866	+	211	139327427	51984
chr6	33522645	33722645	harbor2	chr6	33537262	33537381	LINE/L2	493	+	60	33537322	14677
chr6	33522645	33722645	harbor2	chr6	33596552	33596700	LINE/L2	727	+	74	33596626	73981
chr6	33522645	33722645	harbor2	chr6	33597014	33597204	LINE/L2	727	+	95	33597109	74464
chr6	33522645	33722645	harbor2	chr6	33597502	33597689	LINE/L2	801	+	94	33597596	74951
chr6	33522645	33722645	harbor2	chr6	33597809	33597845	LINE/L2	801	+	18	33597827	75182
chr6	139275379	139475379	harbor2	chr6	139322513	139322688	LINE/L2	716	+	88	139322601	47222
chr6	139275379	139475379	harbor2	chr6	139325976	139326109	LINE/L2	524	+	66	139326042	50663
chr6	139275379	139475379	harbor2	chr6	139327216	139327638	LINE/L2	866	+	211	139327427	52048
chr6	139275438	139475438	harbor2	chr6	139322513	139322688	LINE/L2	716	+	88	139322601	47163
chr6	139275438	139475438	harbor2	chr6	139325976	139326109	LINE/L2	524	+	66	139326042	50604
chr6	139275438	139475438	harbor2	chr6	139327216	139327638	LINE/L2	866	+	211	139327427	51989
chr6	149352008	149552008	harbor2	chr6	149363706	149364373	LINE/L2	1112	+	334	149364040	12032
chr6	149352008	149552008	harbor2	chr6	149381876	149382223	LINE/L2	847	+	174	149382050	30042
chr6	165561195	165761195	harbor2	chr6	165579447	165580192	LINE/L2	1118	+	372	165579819	18624
chr6	165561195	165761195	harbor2	chr6	165596134	165596448	LINE/L2	1214	+	157	165596291	35096
chr6	165561195	165761195	harbor2	chr6	165596745	165597257	LINE/L2	1214	+	256	165597001	35806
chr6	165561195	165761195	harbor2	chr6	165655190	165655800	LINE/L2	784	+	305	165655495	94300
chr6	150800551	151000551	harbor2	chr6	150862540	150863191	LINE/L2	484	+	326	150862866	62315
chr6	150800551	151000551	harbor2	chr6	150863488	150863655	LINE/L2	484	+	84	150863572	63021
chr6	41174459	41374459	harbor2	chr6	41196999	41197821	LINE/L2	551	+	411	41197410	22951
chr6	139493790	139693790	harbor2	chr6	139506727	139507067	LINE/L2	590	+	170	139506897	13107
chr6	139434279	139634279	harbor2	chr6	139446980	139447483	LINE/L2	603	+	252	139447232	12953
chr6	139434279	139634279	harbor2	chr6	139506727	139507067	LINE/L2	590	+	170	139506897	72618
chr6	46592267	46792267	harbor2	chr6	46599587	46599969	LINE/L2	715	+	191	46599778	7511
chr6	46592267	46792267	harbor2	chr6	46601170	46601475	LINE/L2	464	+	152	46601322	9055
chr6	46592267	46792267	harbor2	chr6	46616533	46616724	LINE/L2	513	+	96	46616629	24362
chr6	46592267	46792267	harbor2	chr6	46642645	46643114	LINE/L2	827	+	234	46642879	50612
chr6	46592267	46792267	harbor2	chr6	46666057	46666401	LINE/L2	610	+	172	46666229	73962
chr6	46592267	46792267	harbor2	chr6	46667022	46667903	LINE/L2	865	+	440	46667462	75195
chr6	46592267	46792267	harbor2	chr6	46669619	46669954	LINE/L2	571	+	168	46669787	77520
chr6	37071323	37271323	harbor2	chr6	37112143	37112366	LINE/L2	1138	+	112	37112255	40932
chr6	37071323	37271323	harbor2	chr6	37113070	37113137	LINE/L2	1138	+	34	37113104	41781
chr6	37071323	37271323	harbor2	chr6	37114966	37115248	LINE/L2	857	+	141	37115107	43784
chr6	43393418	43593418	harbor2	chr6	43457886	43458060	LINE/L2	587	+	87	43457973	64555
chr6	43393418	43593418	harbor2	chr6	43460404	43460563	LINE/L2	4584	+	80	43460484	67066
chr6	43393418	43593418	harbor2	chr6	43461133	43461149	LINE/L2	4584	+	8	43461141	67723
chr6	43393418	43593418	harbor2	chr6	43461466	43461657	LINE/L2	4584	+	96	43461562	68144
chr6	43393418	43593418	harbor2	chr6	43461959	43462962	LINE/L2	4584	+	502	43462461	69043
chr6	43393418	43593418	harbor2	chr6	43463112	43463437	LINE/L2	4584	+	162	43463274	69856
chr6	43393418	43593418	harbor2	chr6	43463716	43463767	LINE/L2	4584	+	26	43463742	70324
chr6	43393418	43593418	harbor2	chr6	43464087	43464197	LINE/L2	710	+	55	43464142	70724
chr6	43393418	43593418	harbor2	chr6	43464507	43464728	LINE/L2	710	+	110	43464617	71199
chr6	43393418	43593418	harbor2	chr6	43482451	43482761	LINE/L2	593	+	155	43482606	89188
chr6	146816562	147016562	harbor2	chr6	146901229	146901614	LINE/L2	1051	+	192	146901421	84859
chr6	146816562	147016562	harbor2	chr6	146901686	146901705	LINE/L2	1051	+	10	146901696	85134
chr6	166512532	166712532	harbor2	chr6	166543413	166543778	LINE/L2	715	+	182	166543595	31063
chr6	44034328	44234328	harbor2	chr6	44047227	44047540	LINE/L2	645	+	156	44047383	13055
chr6	44034328	44234328	harbor2	chr6	44111196	44111823	LINE/L2	473	+	314	44111510	77182
chr6	167863281	168063281	harbor2	chr6	167878636	167879137	LINE/L2	514	+	250	167878886	15605
chr6	167863281	168063281	harbor2	chr6	167903612	167904209	LINE/L2	1136	+	298	167903910	40629
chr6	167863281	168063281	harbor2	chr6	167904510	167904731	LINE/L2	1136	+	110	167904620	41339
chr6	167863281	168063281	harbor2	chr6	167956387	167956931	LINE/L2	604	+	272	167956659	93378
chr6	7907023	8107023	harbor2	chr6	7912199	7913363	LINE/L2	1028	+	582	7912781	5758
chr6	7907023	8107023	harbor2	chr6	7914034	7914599	LINE/L2	842	+	282	7914316	7293
chr6	7907023	8107023	harbor2	chr6	7914737	7915502	LINE/L2	486	+	382	7915119	8096
chr6	7907023	8107023	harbor2	chr6	7968965	7969256	LINE/L2	556	+	146	7969111	62088
chr6	148245637	148445637	harbor2	chr6	148324263	148324519	LINE/L2	476	+	128	148324391	78754
chr6	127216519	127416519	harbor2	chr6	127282230	127282519	LINE/L2	513	+	144	127282374	65855
chr6	7875319	8075319	harbor2	chr6	7912199	7913363	LINE/L2	1028	+	582	7912781	37462
chr6	7875319	8075319	harbor2	chr6	7914034	7914599	LINE/L2	842	+	282	7914316	38997
chr6	7875319	8075319	harbor2	chr6	7914737	7915502	LINE/L2	486	+	382	7915119	39800
chr6	7875319	8075319	harbor2	chr6	7968965	7969256	LINE/L2	556	+	146	7969111	93792
chr6	325158	525158	harbor2	chr6	389982	390103	LINE/L2	494	+	60	390042	64884
chr6	56921793	57121793	harbor2	chr6	56994864	56995429	LINE/L2	1365	+	282	56995146	73353
chr6	56921793	57121793	harbor2	chr6	56995849	56996165	LINE/L2	2808	+	158	56996007	74214
chr6	56921793	57121793	harbor2	chr6	56996477	56997415	LINE/L2	2808	+	469	56996946	75153
chr6	32315601	32515601	harbor2	chr6	32319071	32319892	LINE/L2	1368	+	410	32319481	3880
chr6	151352799	151552799	harbor2	chr6	151448190	151448462	LINE/L2	942	+	136	151448326	95527
chr6	151352799	151552799	harbor2	chr6	151448466	151448808	LINE/L2	870	+	171	151448637	95838
chr6	151352799	151552799	harbor2	chr6	151449386	151449623	LINE/L2	870	+	118	151449504	96705
chr6	149351576	149551576	harbor2	chr6	149363706	149364373	LINE/L2	1112	+	334	149364040	12464
chr6	149351576	149551576	harbor2	chr6	149381876	149382223	LINE/L2	847	+	174	149382050	30474
chr6	105895040	106095040	harbor2	chr6	105896722	105897932	LINE/L2	1013	+	605	105897327	2287
chr6	105895040	106095040	harbor2	chr6	105937948	105938410	LINE/L2	987	+	231	105938179	43139
chr6	105895040	106095040	harbor2	chr6	105950498	105950812	LINE/L2	996	+	157	105950655	55615
chr6	105895040	106095040	harbor2	chr6	105989760	105990228	LINE/L2	888	+	234	105989994	94954
chr6	75250277	75450277	harbor2	chr6	75274683	75274741	LINE/L2	2098	+	29	75274712	24435
chr6	75250277	75450277	harbor2	chr6	75275028	75275754	LINE/L2	2098	+	363	75275391	25114
chr6	75250277	75450277	harbor2	chr6	75276634	75277104	LINE/L2	1096	+	235	75276869	26592
chr6	75250277	75450277	harbor2	chr6	75290024	75290360	LINE/L2	612	+	168	75290192	39915
chr6	75250277	75450277	harbor2	chr6	75309331	75310275	LINE/L2	545	+	472	75309803	59526
chr6	75250277	75450277	harbor2	chr6	75327092	75327453	LINE/L2	1373	+	180	75327272	76995
chr6	44238730	44438730	harbor2	chr6	44261072	44261362	LINE/L2	780	+	145	44261217	22487
chr6	44238730	44438730	harbor2	chr6	44283546	44283888	LINE/L2	470	+	171	44283717	44987
chr6	44238730	44438730	harbor2	chr6	44284077	44285271	LINE/L2	894	+	597	44284674	45944
chr6	44238730	44438730	harbor2	chr6	44299066	44299259	LINE/L2	609	+	96	44299162	60432
chr6	44238730	44438730	harbor2	chr6	44299565	44299719	LINE/L2	609	+	77	44299642	60912
chr6	44238730	44438730	harbor2	chr6	44307901	44308245	LINE/L2	778	+	172	44308073	69343
chr6	44238730	44438730	harbor2	chr6	44309755	44310102	LINE/L2	670	+	174	44309929	71199
chr6	27416505	27616505	harbor2	chr6	27419624	27419956	LINE/L2	1026	+	166	27419790	3285
chr6	27416505	27616505	harbor2	chr6	27448099	27448765	LINE/L2	1431	+	333	27448432	31927
chr6	27416505	27616505	harbor2	chr6	27443141	27444852	LINE/L2	4158	+	856	27443997	27492
chr6	35356242	35556242	harbor2	chr6	35451111	35451556	LINE/L2	516	+	222	35451333	95091
chr6	71233331	71433331	harbor2	chr6	71245088	71245339	LINE/L2	566	+	126	71245214	11883
chr6	13613032	13813032	harbor2	chr6	13649710	13649931	LINE/L2	691	+	110	13649820	36788
chr6	13613032	13813032	harbor2	chr6	13651292	13651389	LINE/L2	773	+	48	13651340	38308
chr6	13613032	13813032	harbor2	chr6	13651700	13652339	LINE/L2	796	+	320	13652020	38988
chr6	52571777	52771777	harbor2	chr6	52620154	52620662	LINE/L2	819	+	254	52620408	48631
chr6	167863263	168063263	harbor2	chr6	167878636	167879137	LINE/L2	514	+	250	167878886	15623
chr6	167863263	168063263	harbor2	chr6	167903612	167904209	LINE/L2	1136	+	298	167903910	40647
chr6	167863263	168063263	harbor2	chr6	167904510	167904731	LINE/L2	1136	+	110	167904620	41357
chr6	167863263	168063263	harbor2	chr6	167956387	167956931	LINE/L2	604	+	272	167956659	93396
chr6	128006768	128206768	harbor2	chr6	128012951	128013979	LINE/L2	1159	+	514	128013465	6697
chr6	128006768	128206768	harbor2	chr6	128044190	128044989	LINE/L2	683	+	400	128044590	37822
chr6	128006768	128206768	harbor2	chr6	128048383	128048634	LINE/L2	661	+	126	128048509	41741
chr6	128006768	128206768	harbor2	chr6	128048859	128049000	LINE/L2	574	+	70	128048929	42161
chr6	128006768	128206768	harbor2	chr6	128102658	128102888	LINE/L2	890	+	115	128102773	96005
chr6	128006768	128206768	harbor2	chr6	128103633	128104227	LINE/L2	890	+	297	128103930	97162
chr6	128006768	128206768	harbor2	chr6	128104522	128104547	LINE/L2	758	+	12	128104534	97766
chr6	139275401	139475401	harbor2	chr6	139322513	139322688	LINE/L2	716	+	88	139322601	47200
chr6	139275401	139475401	harbor2	chr6	139325976	139326109	LINE/L2	524	+	66	139326042	50641
chr6	139275401	139475401	harbor2	chr6	139327216	139327638	LINE/L2	866	+	211	139327427	52026
chr6	111733310	111933310	harbor2	chr6	111740491	111740862	LINE/L2	903	+	186	111740677	7367
chr6	111733310	111933310	harbor2	chr6	111741124	111741359	LINE/L2	903	+	118	111741242	7932
chr6	139275439	139475439	harbor2	chr6	139322513	139322688	LINE/L2	716	+	88	139322601	47162
chr6	139275439	139475439	harbor2	chr6	139325976	139326109	LINE/L2	524	+	66	139326042	50603
chr6	139275439	139475439	harbor2	chr6	139327216	139327638	LINE/L2	866	+	211	139327427	51988
chr6	41092580	41292580	harbor2	chr6	41094950	41095322	LINE/L2	661	+	186	41095136	2556
chr6	41092580	41292580	harbor2	chr6	41157521	41157897	LINE/L2	897	+	188	41157709	65129
chr6	32875092	33075092	harbor2	chr6	32957844	32958244	LINE/L2	602	+	200	32958044	82952
chr6	37072384	37272384	harbor2	chr6	37112143	37112366	LINE/L2	1138	+	112	37112255	39871
chr6	37072384	37272384	harbor2	chr6	37113070	37113137	LINE/L2	1138	+	34	37113104	40720
chr6	37072384	37272384	harbor2	chr6	37114966	37115248	LINE/L2	857	+	141	37115107	42723
chr6	159071496	159271496	harbor2	chr6	159089627	159089837	LINE/L2	813	+	105	159089732	18236
chr6	159071496	159271496	harbor2	chr6	159090704	159091476	LINE/L2	1195	+	386	159091090	19594
chr6	167933183	168133183	harbor2	chr6	167956387	167956931	LINE/L2	604	+	272	167956659	23476
chr6	146813024	147013024	harbor2	chr6	146901229	146901614	LINE/L2	1051	+	192	146901421	88397
chr6	146813024	147013024	harbor2	chr6	146901686	146901705	LINE/L2	1051	+	10	146901696	88672
chr6	145745469	145945469	harbor2	chr6	145761979	145762344	LINE/L2	904	+	182	145762161	16692
chr6	27416592	27616592	harbor2	chr6	27419624	27419956	LINE/L2	1026	+	166	27419790	3198
chr6	27416592	27616592	harbor2	chr6	27448099	27448765	LINE/L2	1431	+	333	27448432	31840
chr6	27416592	27616592	harbor2	chr6	27443141	27444852	LINE/L2	4158	+	856	27443997	27405
chr6	37072379	37272379	harbor2	chr6	37112143	37112366	LINE/L2	1138	+	112	37112255	39876
chr6	37072379	37272379	harbor2	chr6	37113070	37113137	LINE/L2	1138	+	34	37113104	40725
chr6	37072379	37272379	harbor2	chr6	37114966	37115248	LINE/L2	857	+	141	37115107	42728
chr6	63536599	63736599	harbor2	chr6	63627821	63628371	LINE/L2	1084	+	275	63628096	91497
chr6	32053002	32253002	harbor2	chr6	32065261	32065450	LINE/L2	841	+	94	32065355	12353
chr6	32053002	32253002	harbor2	chr6	32074492	32074686	LINE/L2	1613	+	97	32074589	21587
chr6	32053002	32253002	harbor2	chr6	32074980	32075739	LINE/L2	1613	+	380	32075360	22358
chr6	32053002	32253002	harbor2	chr6	32104214	32104633	LINE/L2	680	+	210	32104424	51422
chr6	32053002	32253002	harbor2	chr6	32104937	32105563	LINE/L2	680	+	313	32105250	52248
chr6	52185444	52385444	harbor2	chr6	52203320	52203701	LINE/L2	1390	+	190	52203510	18066
chr6	52185444	52385444	harbor2	chr6	52207802	52207965	LINE/L2	521	+	82	52207884	22440
chr7	154767306	154967306	harbor2	chr7	154843897	154844020	LINE/L2	409	+	62	154843959	76653
chr7	130568331	130768331	harbor2	chr7	130660087	130661203	LINE/L2	2579	+	558	130660645	92314
chr7	130568331	130768331	harbor2	chr7	130665888	130665999	LINE/L2	543	+	56	130665944	97613
chr7	151453621	151653621	harbor2	chr7	151468186	151468817	LINE/L2	859	+	316	151468502	14881
chr7	151453621	151653621	harbor2	chr7	151472543	151472763	LINE/L2	486	+	110	151472653	19032
chr7	28540595	28740595	harbor2	chr7	28632690	28632967	LINE/L2	478	+	138	28632828	92233
chr7	1252797	1452797	harbor2	chr7	1256110	1256544	LINE/L2	431	+	217	1256327	3530
chr7	39733301	39933301	harbor2	chr7	39750372	39750461	LINE/L2	567	+	44	39750416	17115
chr7	39733301	39933301	harbor2	chr7	39750789	39751044	LINE/L2	567	+	128	39750917	17616
chr7	54986554	55186554	harbor2	chr7	54996006	54996961	LINE/L2	1166	+	478	54996484	9930
chr7	54986554	55186554	harbor2	chr7	55002059	55002862	LINE/L2	1502	+	402	55002461	15907
chr7	54986554	55186554	harbor2	chr7	55003156	55003321	LINE/L2	1502	+	82	55003238	16684
chr7	80538527	80738527	harbor2	chr7	80538561	80538979	LINE/L2	444	+	209	80538770	243
chr7	128310411	128510411	harbor2	chr7	128342284	128342447	LINE/L2	1167	+	82	128342366	31955
chr7	128310411	128510411	harbor2	chr7	128342697	128343183	LINE/L2	1267	+	243	128342940	32529
chr7	128310411	128510411	harbor2	chr7	128353035	128353164	LINE/L2	513	+	64	128353099	42688
chr7	128310411	128510411	harbor2	chr7	128373538	128373746	LINE/L2	445	+	104	128373642	63231
chr7	128310411	128510411	harbor2	chr7	128374253	128374405	LINE/L2	445	+	76	128374329	63918
chr7	28082332	28282332	harbor2	chr7	28103046	28103293	LINE/L2	455	+	124	28103170	20838
chr7	28082332	28282332	harbor2	chr7	28103468	28104450	LINE/L2	2052	+	491	28103959	21627
chr7	28082332	28282332	harbor2	chr7	28123072	28123555	LINE/L2	809	+	242	28123314	40982
chr7	28082332	28282332	harbor2	chr7	28133686	28134140	LINE/L2	753	+	227	28133913	51581
chr7	28082332	28282332	harbor2	chr7	28143848	28143995	LINE/L2	483	+	74	28143922	61590
chr7	28082332	28282332	harbor2	chr7	28160294	28160486	LINE/L2	654	+	96	28160390	78058
chr7	28082332	28282332	harbor2	chr7	28165586	28165966	LINE/L2	943	+	190	28165776	83444
chr7	28082332	28282332	harbor2	chr7	28176354	28176724	LINE/L2	935	+	185	28176539	94207
chr7	55951704	56151704	harbor2	chr7	55970690	55971039	LINE/L2	444	+	174	55970864	19160
chr7	932200	1132200	harbor2	chr7	947386	947970	LINE/L2	419	+	292	947678	15478
chr7	149614656	149814656	harbor2	chr7	149632139	149632965	LINE/L2	2300	+	413	149632552	17896
chr7	110297759	110497759	harbor2	chr7	110310454	110310719	LINE/L2	513	+	132	110310586	12827
chr7	110297759	110497759	harbor2	chr7	110310990	110311876	LINE/L2	2167	+	443	110311433	13674
chr7	110297759	110497759	harbor2	chr7	110312288	110312538	LINE/L2	1368	+	125	110312413	14654
chr7	110297759	110497759	harbor2	chr7	110314193	110314620	LINE/L2	1056	+	214	110314407	16648
chr7	110297759	110497759	harbor2	chr7	110315087	110315365	LINE/L2	623	+	139	110315226	17467
chr7	110297759	110497759	harbor2	chr7	110369922	110370561	LINE/L2	410	+	320	110370242	72483
chr7	110297759	110497759	harbor2	chr7	110313337	110313711	LINE/L2	1056	+	187	110313524	15765
chr7	140915057	141115057	harbor2	chr7	140949476	140949642	LINE/L2	792	+	83	140949559	34502
chr7	140915057	141115057	harbor2	chr7	140949950	140950184	LINE/L2	792	+	117	140950067	35010
chr7	140915057	141115057	harbor2	chr7	140950318	140950469	LINE/L2	792	+	76	140950394	35337
chr7	140915057	141115057	harbor2	chr7	140968462	140968536	LINE/L2	879	+	37	140968499	53442
chr7	140915057	141115057	harbor2	chr7	141005233	141005362	LINE/L2	539	+	64	141005297	90240
chr7	140915057	141115057	harbor2	chr7	141005649	141005914	LINE/L2	539	+	132	141005781	90724
chr7	140915057	141115057	harbor2	chr7	141007456	141007924	LINE/L2	584	+	234	141007690	92633
chr7	140915057	141115057	harbor2	chr7	140967797	140968201	LINE/L2	879	+	202	140967999	52942
chr7	28082337	28282337	harbor2	chr7	28103046	28103293	LINE/L2	455	+	124	28103170	20833
chr7	28082337	28282337	harbor2	chr7	28103468	28104450	LINE/L2	2052	+	491	28103959	21622
chr7	28082337	28282337	harbor2	chr7	28123072	28123555	LINE/L2	809	+	242	28123314	40977
chr7	28082337	28282337	harbor2	chr7	28133686	28134140	LINE/L2	753	+	227	28133913	51576
chr7	28082337	28282337	harbor2	chr7	28143848	28143995	LINE/L2	483	+	74	28143922	61585
chr7	28082337	28282337	harbor2	chr7	28160294	28160486	LINE/L2	654	+	96	28160390	78053
chr7	28082337	28282337	harbor2	chr7	28165586	28165966	LINE/L2	943	+	190	28165776	83439
chr7	28082337	28282337	harbor2	chr7	28176354	28176724	LINE/L2	935	+	185	28176539	94202
chr7	62197525	62397525	harbor2	chr7	62285004	62285329	LINE/L2	432	+	162	62285166	87641
chr7	156586157	156786157	harbor2	chr7	156611375	156611495	LINE/L2	429	+	60	156611435	25278
chr7	135108478	135308478	harbor2	chr7	135110787	135112339	LINE/L2	479	+	776	135111563	3085
chr7	135108478	135308478	harbor2	chr7	135114496	135115337	LINE/L2	1651	+	420	135114916	6438
chr7	135108478	135308478	harbor2	chr7	135150233	135150479	LINE/L2	425	+	123	135150356	41878
chr7	64938036	65138036	harbor2	chr7	65013762	65014241	LINE/L2	783	+	240	65014002	75966
chr7	88072268	88272268	harbor2	chr7	88113173	88113662	LINE/L2	1616	+	244	88113417	41149
chr7	88072268	88272268	harbor2	chr7	88113741	88113869	LINE/L2	568	+	64	88113805	41537
chr7	88072268	88272268	harbor2	chr7	88147869	88148012	LINE/L2	447	+	72	88147941	75673
chr7	28180867	28380867	harbor2	chr7	28214852	28214943	LINE/L2	469	+	46	28214898	34031
chr7	28180867	28380867	harbor2	chr7	28215239	28215417	LINE/L2	469	+	89	28215328	34461
chr7	28180867	28380867	harbor2	chr7	28221852	28222737	LINE/L2	2495	+	442	28222294	41427
chr7	28180867	28380867	harbor2	chr7	28240656	28240810	LINE/L2	484	+	77	28240733	59866
chr7	28180867	28380867	harbor2	chr7	28261164	28261354	LINE/L2	505	+	95	28261259	80392
chr7	123650345	123850345	harbor2	chr7	123650745	123650992	LINE/L2	469	+	124	123650869	524
chr7	123650345	123850345	harbor2	chr7	123652037	123652315	LINE/L2	905	+	139	123652176	1831
chr7	123650345	123850345	harbor2	chr7	123670650	123670752	LINE/L2	525	+	51	123670701	20356
chr7	123650345	123850345	harbor2	chr7	123671065	123671417	LINE/L2	525	+	176	123671241	20896
chr7	123650345	123850345	harbor2	chr7	123671483	123671738	LINE/L2	410	+	128	123671611	21266
chr7	123650345	123850345	harbor2	chr7	123684869	123685731	LINE/L2	729	+	431	123685300	34955
chr7	123650345	123850345	harbor2	chr7	123686885	123687768	LINE/L2	1372	+	442	123687327	36982
chr7	123650345	123850345	harbor2	chr7	123719358	123719430	LINE/L2	419	+	36	123719394	69049
chr7	123650345	123850345	harbor2	chr7	123719882	123720069	LINE/L2	419	+	94	123719976	69631
chr7	155252074	155452074	harbor2	chr7	155289268	155289534	LINE/L2	544	+	133	155289401	37327
chr7	151127410	151327410	harbor2	chr7	151151495	151151831	LINE/L2	901	+	168	151151663	24253
chr7	151127410	151327410	harbor2	chr7	151151848	151152186	LINE/L2	706	+	169	151152017	24607
chr7	28082467	28282467	harbor2	chr7	28103046	28103293	LINE/L2	455	+	124	28103170	20703
chr7	28082467	28282467	harbor2	chr7	28103468	28104450	LINE/L2	2052	+	491	28103959	21492
chr7	28082467	28282467	harbor2	chr7	28123072	28123555	LINE/L2	809	+	242	28123314	40847
chr7	28082467	28282467	harbor2	chr7	28133686	28134140	LINE/L2	753	+	227	28133913	51446
chr7	28082467	28282467	harbor2	chr7	28143848	28143995	LINE/L2	483	+	74	28143922	61455
chr7	28082467	28282467	harbor2	chr7	28160294	28160486	LINE/L2	654	+	96	28160390	77923
chr7	28082467	28282467	harbor2	chr7	28165586	28165966	LINE/L2	943	+	190	28165776	83309
chr7	28082467	28282467	harbor2	chr7	28176354	28176724	LINE/L2	935	+	185	28176539	94072
chr7	151127409	151327409	harbor2	chr7	151151495	151151831	LINE/L2	901	+	168	151151663	24254
chr7	151127409	151327409	harbor2	chr7	151151848	151152186	LINE/L2	706	+	169	151152017	24608
chr7	156338633	156538633	harbor2	chr7	156413350	156413699	LINE/L2	483	+	174	156413524	74891
chr7	28082211	28282211	harbor2	chr7	28103046	28103293	LINE/L2	455	+	124	28103170	20959
chr7	28082211	28282211	harbor2	chr7	28103468	28104450	LINE/L2	2052	+	491	28103959	21748
chr7	28082211	28282211	harbor2	chr7	28123072	28123555	LINE/L2	809	+	242	28123314	41103
chr7	28082211	28282211	harbor2	chr7	28133686	28134140	LINE/L2	753	+	227	28133913	51702
chr7	28082211	28282211	harbor2	chr7	28143848	28143995	LINE/L2	483	+	74	28143922	61711
chr7	28082211	28282211	harbor2	chr7	28160294	28160486	LINE/L2	654	+	96	28160390	78179
chr7	28082211	28282211	harbor2	chr7	28165586	28165966	LINE/L2	943	+	190	28165776	83565
chr7	28082211	28282211	harbor2	chr7	28176354	28176724	LINE/L2	935	+	185	28176539	94328
chr7	28082118	28282118	harbor2	chr7	28103046	28103293	LINE/L2	455	+	124	28103170	21052
chr7	28082118	28282118	harbor2	chr7	28103468	28104450	LINE/L2	2052	+	491	28103959	21841
chr7	28082118	28282118	harbor2	chr7	28123072	28123555	LINE/L2	809	+	242	28123314	41196
chr7	28082118	28282118	harbor2	chr7	28133686	28134140	LINE/L2	753	+	227	28133913	51795
chr7	28082118	28282118	harbor2	chr7	28143848	28143995	LINE/L2	483	+	74	28143922	61804
chr7	28082118	28282118	harbor2	chr7	28160294	28160486	LINE/L2	654	+	96	28160390	78272
chr7	28082118	28282118	harbor2	chr7	28165586	28165966	LINE/L2	943	+	190	28165776	83658
chr7	28082118	28282118	harbor2	chr7	28176354	28176724	LINE/L2	935	+	185	28176539	94421
chr7	113020567	113220567	harbor2	chr7	113029895	113030168	LINE/L2	422	+	136	113030031	9464
chr7	113020567	113220567	harbor2	chr7	113030512	113030580	LINE/L2	422	+	34	113030546	9979
chr7	113020567	113220567	harbor2	chr7	113040948	113041314	LINE/L2	563	+	183	113041131	20564
chr7	113020567	113220567	harbor2	chr7	113077408	113077759	LINE/L2	453	+	176	113077584	57017
chr7	113020567	113220567	harbor2	chr7	113100898	113101399	LINE/L2	785	+	250	113101148	80581
chr7	157885917	158085917	harbor2	chr7	157909421	157909895	LINE/L2	477	+	237	157909658	23741
chr7	123649503	123849503	harbor2	chr7	123650745	123650992	LINE/L2	469	+	124	123650869	1366
chr7	123649503	123849503	harbor2	chr7	123652037	123652315	LINE/L2	905	+	139	123652176	2673
chr7	123649503	123849503	harbor2	chr7	123670650	123670752	LINE/L2	525	+	51	123670701	21198
chr7	123649503	123849503	harbor2	chr7	123671065	123671417	LINE/L2	525	+	176	123671241	21738
chr7	123649503	123849503	harbor2	chr7	123671483	123671738	LINE/L2	410	+	128	123671611	22108
chr7	123649503	123849503	harbor2	chr7	123684869	123685731	LINE/L2	729	+	431	123685300	35797
chr7	123649503	123849503	harbor2	chr7	123686885	123687768	LINE/L2	1372	+	442	123687327	37824
chr7	123649503	123849503	harbor2	chr7	123719358	123719430	LINE/L2	419	+	36	123719394	69891
chr7	123649503	123849503	harbor2	chr7	123719882	123720069	LINE/L2	419	+	94	123719976	70473
chr7	44696599	44896599	harbor2	chr7	44744682	44744801	LINE/L2	495	+	60	44744742	48143
chr7	123649133	123849133	harbor2	chr7	123650745	123650992	LINE/L2	469	+	124	123650869	1736
chr7	123649133	123849133	harbor2	chr7	123652037	123652315	LINE/L2	905	+	139	123652176	3043
chr7	123649133	123849133	harbor2	chr7	123670650	123670752	LINE/L2	525	+	51	123670701	21568
chr7	123649133	123849133	harbor2	chr7	123671065	123671417	LINE/L2	525	+	176	123671241	22108
chr7	123649133	123849133	harbor2	chr7	123671483	123671738	LINE/L2	410	+	128	123671611	22478
chr7	123649133	123849133	harbor2	chr7	123684869	123685731	LINE/L2	729	+	431	123685300	36167
chr7	123649133	123849133	harbor2	chr7	123686885	123687768	LINE/L2	1372	+	442	123687327	38194
chr7	123649133	123849133	harbor2	chr7	123719358	123719430	LINE/L2	419	+	36	123719394	70261
chr7	123649133	123849133	harbor2	chr7	123719882	123720069	LINE/L2	419	+	94	123719976	70843
chr7	154596511	154796511	harbor2	chr7	154683498	154683864	LINE/L2	430	+	183	154683681	87170
chr7	155249504	155449504	harbor2	chr7	155289268	155289534	LINE/L2	544	+	133	155289401	39897
chr7	28082247	28282247	harbor2	chr7	28103046	28103293	LINE/L2	455	+	124	28103170	20923
chr7	28082247	28282247	harbor2	chr7	28103468	28104450	LINE/L2	2052	+	491	28103959	21712
chr7	28082247	28282247	harbor2	chr7	28123072	28123555	LINE/L2	809	+	242	28123314	41067
chr7	28082247	28282247	harbor2	chr7	28133686	28134140	LINE/L2	753	+	227	28133913	51666
chr7	28082247	28282247	harbor2	chr7	28143848	28143995	LINE/L2	483	+	74	28143922	61675
chr7	28082247	28282247	harbor2	chr7	28160294	28160486	LINE/L2	654	+	96	28160390	78143
chr7	28082247	28282247	harbor2	chr7	28165586	28165966	LINE/L2	943	+	190	28165776	83529
chr7	28082247	28282247	harbor2	chr7	28176354	28176724	LINE/L2	935	+	185	28176539	94292
chr7	103039312	103239312	harbor2	chr7	103072591	103072998	LINE/L2	413	+	204	103072795	33483
chr7	80035782	80235782	harbor2	chr7	80091399	80092086	LINE/L2	1315	+	344	80091743	55961
chr7	80035782	80235782	harbor2	chr7	80119278	80119976	LINE/L2	915	+	349	80119627	83845
chr7	80035782	80235782	harbor2	chr7	80120026	80120757	LINE/L2	915	+	366	80120392	84610
chr7	80035782	80235782	harbor2	chr7	80129437	80129647	LINE/L2	417	+	105	80129542	93760
chr7	100702691	100902691	harbor2	chr7	100717350	100717522	LINE/L2	661	+	86	100717436	14745
chr7	100702691	100902691	harbor2	chr7	100717838	100718003	LINE/L2	661	+	82	100717920	15229
chr7	127545530	127745530	harbor2	chr7	127563714	127564008	LINE/L2	2137	+	147	127563861	18331
chr7	127545530	127745530	harbor2	chr7	127564465	127565146	LINE/L2	2137	+	340	127564805	19275
chr7	127545530	127745530	harbor2	chr7	127565444	127565591	LINE/L2	2137	+	74	127565518	19988
chr7	128101706	128301706	harbor2	chr7	128137440	128137731	LINE/L2	498	+	146	128137586	35880
chr7	128101706	128301706	harbor2	chr7	128152774	128153042	LINE/L2	425	+	134	128152908	51202
chr7	128101706	128301706	harbor2	chr7	128158030	128158722	LINE/L2	877	+	346	128158376	56670
chr7	123652099	123852099	harbor2	chr7	123652037	123652315	LINE/L2	905	+	139	123652176	77
chr7	123652099	123852099	harbor2	chr7	123670650	123670752	LINE/L2	525	+	51	123670701	18602
chr7	123652099	123852099	harbor2	chr7	123671065	123671417	LINE/L2	525	+	176	123671241	19142
chr7	123652099	123852099	harbor2	chr7	123671483	123671738	LINE/L2	410	+	128	123671611	19512
chr7	123652099	123852099	harbor2	chr7	123684869	123685731	LINE/L2	729	+	431	123685300	33201
chr7	123652099	123852099	harbor2	chr7	123686885	123687768	LINE/L2	1372	+	442	123687327	35228
chr7	123652099	123852099	harbor2	chr7	123719358	123719430	LINE/L2	419	+	36	123719394	67295
chr7	123652099	123852099	harbor2	chr7	123719882	123720069	LINE/L2	419	+	94	123719976	67877
chr7	151659928	151859928	harbor2	chr7	151662221	151662627	LINE/L2	518	+	203	151662424	2496
chr7	151659928	151859928	harbor2	chr7	151710459	151710865	LINE/L2	527	+	203	151710662	50734
chr7	123649299	123849299	harbor2	chr7	123650745	123650992	LINE/L2	469	+	124	123650869	1570
chr7	123649299	123849299	harbor2	chr7	123652037	123652315	LINE/L2	905	+	139	123652176	2877
chr7	123649299	123849299	harbor2	chr7	123670650	123670752	LINE/L2	525	+	51	123670701	21402
chr7	123649299	123849299	harbor2	chr7	123671065	123671417	LINE/L2	525	+	176	123671241	21942
chr7	123649299	123849299	harbor2	chr7	123671483	123671738	LINE/L2	410	+	128	123671611	22312
chr7	123649299	123849299	harbor2	chr7	123684869	123685731	LINE/L2	729	+	431	123685300	36001
chr7	123649299	123849299	harbor2	chr7	123686885	123687768	LINE/L2	1372	+	442	123687327	38028
chr7	123649299	123849299	harbor2	chr7	123719358	123719430	LINE/L2	419	+	36	123719394	70095
chr7	123649299	123849299	harbor2	chr7	123719882	123720069	LINE/L2	419	+	94	123719976	70677
chr7	102333445	102533445	harbor2	chr7	102383702	102383993	LINE/L2	450	+	146	102383848	50403
chr7	28180872	28380872	harbor2	chr7	28214852	28214943	LINE/L2	469	+	46	28214898	34026
chr7	28180872	28380872	harbor2	chr7	28215239	28215417	LINE/L2	469	+	89	28215328	34456
chr7	28180872	28380872	harbor2	chr7	28221852	28222737	LINE/L2	2495	+	442	28222294	41422
chr7	28180872	28380872	harbor2	chr7	28240656	28240810	LINE/L2	484	+	77	28240733	59861
chr7	28180872	28380872	harbor2	chr7	28261164	28261354	LINE/L2	505	+	95	28261259	80387
chr7	103344727	103544727	harbor2	chr7	103409031	103409292	LINE/L2	413	+	130	103409161	64434
chr7	103344727	103544727	harbor2	chr7	103417032	103417089	LINE/L2	947	+	28	103417060	72333
chr7	103344727	103544727	harbor2	chr7	103417396	103417753	LINE/L2	947	+	178	103417574	72847
chr7	103344727	103544727	harbor2	chr7	103418040	103418186	LINE/L2	947	+	73	103418113	73386
chr7	103344727	103544727	harbor2	chr7	103418755	103418888	LINE/L2	434	+	66	103418821	74094
chr7	103344727	103544727	harbor2	chr7	103419250	103419542	LINE/L2	434	+	146	103419396	74669
chr7	103344727	103544727	harbor2	chr7	103439442	103439531	LINE/L2	1092	+	44	103439486	94759
chr7	103344727	103544727	harbor2	chr7	103439835	103440153	LINE/L2	1092	+	159	103439994	95267
chr7	155581114	155781114	harbor2	chr7	155646569	155646910	LINE/L2	433	+	170	155646739	65625
chr7	155581114	155781114	harbor2	chr7	155656823	155657050	LINE/L2	588	+	114	155656937	75823
chr7	25329225	25529225	harbor2	chr7	25361319	25361447	LINE/L2	481	+	64	25361383	32158
chr7	25329225	25529225	harbor2	chr7	25384115	25384245	LINE/L2	416	+	65	25384180	54955
chr7	25329225	25529225	harbor2	chr7	25407087	25407637	LINE/L2	611	+	275	25407362	78137
chr7	25329225	25529225	harbor2	chr7	25416313	25416628	LINE/L2	440	+	158	25416471	87246
chr7	25329225	25529225	harbor2	chr7	25419612	25419779	LINE/L2	763	+	84	25419696	90471
chr7	25329225	25529225	harbor2	chr7	25420078	25420332	LINE/L2	763	+	127	25420205	90980
chr7	33803527	34003527	harbor2	chr7	33810986	33811162	LINE/L2	453	+	88	33811074	7547
chr7	33803527	34003527	harbor2	chr7	33841591	33841843	LINE/L2	489	+	126	33841717	38190
chr7	33803527	34003527	harbor2	chr7	33850618	33850726	LINE/L2	461	+	54	33850672	47145
chr7	33803527	34003527	harbor2	chr7	33889050	33889739	LINE/L2	919	+	344	33889394	85867
chr7	122786808	122986808	harbor2	chr7	122866749	122867260	LINE/L2	511	+	256	122867005	80197
chr7	122786808	122986808	harbor2	chr7	122871666	122872095	LINE/L2	863	+	214	122871880	85072
chr7	1199588	1399588	harbor2	chr7	1256110	1256544	LINE/L2	431	+	217	1256327	56739
chr7	108470639	108670639	harbor2	chr7	108500002	108500182	LINE/L2	473	+	90	108500092	29453
chr7	100774966	100974966	harbor2	chr7	100808806	100809101	LINE/L2	699	+	148	100808954	33988
chr7	100774966	100974966	harbor2	chr7	100809406	100809533	LINE/L2	699	+	64	100809470	34504
chr7	100774966	100974966	harbor2	chr7	100811368	100811583	LINE/L2	425	+	108	100811476	36510
chr7	120410021	120610021	harbor2	chr7	120414791	120415306	LINE/L2	546	+	258	120415049	5028
chr7	120410021	120610021	harbor2	chr7	120415472	120416187	LINE/L2	801	+	358	120415830	5809
chr7	120410021	120610021	harbor2	chr7	120458735	120459670	LINE/L2	1362	+	468	120459203	49182
chr7	120410021	120610021	harbor2	chr7	120485769	120485928	LINE/L2	462	+	80	120485849	75828
chr7	82696059	82896059	harbor2	chr7	82783977	82784442	LINE/L2	871	+	232	82784209	88150
chr7	124001724	124201724	harbor2	chr7	124029756	124029880	LINE/L2	504	+	62	124029818	28094
chr7	124001724	124201724	harbor2	chr7	124100930	124101090	LINE/L2	462	+	80	124101010	99286
chr7	123649513	123849513	harbor2	chr7	123650745	123650992	LINE/L2	469	+	124	123650869	1356
chr7	123649513	123849513	harbor2	chr7	123652037	123652315	LINE/L2	905	+	139	123652176	2663
chr7	123649513	123849513	harbor2	chr7	123670650	123670752	LINE/L2	525	+	51	123670701	21188
chr7	123649513	123849513	harbor2	chr7	123671065	123671417	LINE/L2	525	+	176	123671241	21728
chr7	123649513	123849513	harbor2	chr7	123671483	123671738	LINE/L2	410	+	128	123671611	22098
chr7	123649513	123849513	harbor2	chr7	123684869	123685731	LINE/L2	729	+	431	123685300	35787
chr7	123649513	123849513	harbor2	chr7	123686885	123687768	LINE/L2	1372	+	442	123687327	37814
chr7	123649513	123849513	harbor2	chr7	123719358	123719430	LINE/L2	419	+	36	123719394	69881
chr7	123649513	123849513	harbor2	chr7	123719882	123720069	LINE/L2	419	+	94	123719976	70463
chr7	90145186	90345186	harbor2	chr7	90168494	90168910	LINE/L2	516	+	208	90168702	23516
chr7	90145186	90345186	harbor2	chr7	90170954	90171342	LINE/L2	2505	+	194	90171148	25962
chr7	90145186	90345186	harbor2	chr7	90171423	90172445	LINE/L2	2505	+	511	90171934	26748
chr7	90145186	90345186	harbor2	chr7	90196940	90197443	LINE/L2	4156	+	252	90197192	52006
chr7	90145186	90345186	harbor2	chr7	90197588	90197645	LINE/L2	4156	+	28	90197616	52430
chr7	90145186	90345186	harbor2	chr7	90197755	90198909	LINE/L2	4156	+	577	90198332	53146
chr7	90145186	90345186	harbor2	chr7	90199125	90199308	LINE/L2	445	+	92	90199217	54031
chr7	90145186	90345186	harbor2	chr7	90228457	90228800	LINE/L2	972	+	172	90228629	83443
chr7	28081622	28281622	harbor2	chr7	28103046	28103293	LINE/L2	455	+	124	28103170	21548
chr7	28081622	28281622	harbor2	chr7	28103468	28104450	LINE/L2	2052	+	491	28103959	22337
chr7	28081622	28281622	harbor2	chr7	28123072	28123555	LINE/L2	809	+	242	28123314	41692
chr7	28081622	28281622	harbor2	chr7	28133686	28134140	LINE/L2	753	+	227	28133913	52291
chr7	28081622	28281622	harbor2	chr7	28143848	28143995	LINE/L2	483	+	74	28143922	62300
chr7	28081622	28281622	harbor2	chr7	28160294	28160486	LINE/L2	654	+	96	28160390	78768
chr7	28081622	28281622	harbor2	chr7	28165586	28165966	LINE/L2	943	+	190	28165776	84154
chr7	28081622	28281622	harbor2	chr7	28176354	28176724	LINE/L2	935	+	185	28176539	94917
chr7	123649217	123849217	harbor2	chr7	123650745	123650992	LINE/L2	469	+	124	123650869	1652
chr7	123649217	123849217	harbor2	chr7	123652037	123652315	LINE/L2	905	+	139	123652176	2959
chr7	123649217	123849217	harbor2	chr7	123670650	123670752	LINE/L2	525	+	51	123670701	21484
chr7	123649217	123849217	harbor2	chr7	123671065	123671417	LINE/L2	525	+	176	123671241	22024
chr7	123649217	123849217	harbor2	chr7	123671483	123671738	LINE/L2	410	+	128	123671611	22394
chr7	123649217	123849217	harbor2	chr7	123684869	123685731	LINE/L2	729	+	431	123685300	36083
chr7	123649217	123849217	harbor2	chr7	123686885	123687768	LINE/L2	1372	+	442	123687327	38110
chr7	123649217	123849217	harbor2	chr7	123719358	123719430	LINE/L2	419	+	36	123719394	70177
chr7	123649217	123849217	harbor2	chr7	123719882	123720069	LINE/L2	419	+	94	123719976	70759
chr7	155197380	155397380	harbor2	chr7	155289268	155289534	LINE/L2	544	+	133	155289401	92021
chr7	17290481	17490481	harbor2	chr7	17295889	17296189	LINE/L2	506	+	150	17296039	5558
chr7	17290481	17490481	harbor2	chr7	17307867	17308195	LINE/L2	957	+	164	17308031	17550
chr7	17290481	17490481	harbor2	chr7	17381741	17382070	LINE/L2	443	+	164	17381905	91424
chr7	32629540	32829540	harbor2	chr7	32650878	32651091	LINE/L2	455	+	106	32650984	21444
chr7	32629540	32829540	harbor2	chr7	32721225	32721351	LINE/L2	510	+	63	32721288	91748
chr7	32629540	32829540	harbor2	chr7	32724374	32725232	LINE/L2	804	+	429	32724803	95263
chr7	28134889	28334889	harbor2	chr7	28143848	28143995	LINE/L2	483	+	74	28143922	9033
chr7	28134889	28334889	harbor2	chr7	28160294	28160486	LINE/L2	654	+	96	28160390	25501
chr7	28134889	28334889	harbor2	chr7	28165586	28165966	LINE/L2	943	+	190	28165776	30887
chr7	28134889	28334889	harbor2	chr7	28176354	28176724	LINE/L2	935	+	185	28176539	41650
chr7	28134889	28334889	harbor2	chr7	28214852	28214943	LINE/L2	469	+	46	28214898	80009
chr7	28134889	28334889	harbor2	chr7	28215239	28215417	LINE/L2	469	+	89	28215328	80439
chr7	28134889	28334889	harbor2	chr7	28221852	28222737	LINE/L2	2495	+	442	28222294	87405
chr7	141412330	141612330	harbor2	chr7	141419936	141420347	LINE/L2	953	+	206	141420142	7812
chr7	141412330	141612330	harbor2	chr7	141442256	141442731	LINE/L2	611	+	238	141442494	30164
chr7	141412330	141612330	harbor2	chr7	141491865	141492540	LINE/L2	550	+	338	141492203	79873
chr7	30979520	31179520	harbor2	chr7	30990279	30990669	LINE/L2	511	+	195	30990474	10954
chr7	30979520	31179520	harbor2	chr7	30991322	30991422	LINE/L2	511	+	50	30991372	11852
chr7	30979520	31179520	harbor2	chr7	30996878	30997344	LINE/L2	597	+	233	30997111	17591
chr7	30979520	31179520	harbor2	chr7	31038271	31038963	LINE/L2	510	+	346	31038617	59097
chr7	30979520	31179520	harbor2	chr7	31071555	31071956	LINE/L2	449	+	200	31071755	92235
chr7	30979520	31179520	harbor2	chr7	31072002	31072098	LINE/L2	449	+	48	31072050	92530
chr7	30582772	30782772	harbor2	chr7	30644679	30644857	LINE/L2	520	+	89	30644768	61996
chr7	30582772	30782772	harbor2	chr7	30645274	30645728	LINE/L2	1015	+	227	30645501	62729
chr7	252668	452668	harbor2	chr7	330930	331477	LINE/L2	857	+	274	331204	78536
chr7	157237066	157437066	harbor2	chr7	157273180	157273444	LINE/L2	758	+	132	157273312	36246
chr7	44014529	44214529	harbor2	chr7	44035385	44035488	LINE/L2	545	+	52	44035437	20908
chr7	44014529	44214529	harbor2	chr7	44035777	44035930	LINE/L2	545	+	76	44035853	21324
chr7	44014529	44214529	harbor2	chr7	44046757	44047083	LINE/L2	432	+	163	44046920	32391
chr7	28110637	28310637	harbor2	chr7	28123072	28123555	LINE/L2	809	+	242	28123314	12677
chr7	28110637	28310637	harbor2	chr7	28133686	28134140	LINE/L2	753	+	227	28133913	23276
chr7	28110637	28310637	harbor2	chr7	28143848	28143995	LINE/L2	483	+	74	28143922	33285
chr7	28110637	28310637	harbor2	chr7	28160294	28160486	LINE/L2	654	+	96	28160390	49753
chr7	28110637	28310637	harbor2	chr7	28165586	28165966	LINE/L2	943	+	190	28165776	55139
chr7	28110637	28310637	harbor2	chr7	28176354	28176724	LINE/L2	935	+	185	28176539	65902
chr7	630308	830308	harbor2	chr7	659142	659368	LINE/L2	565	+	113	659255	28947
chr7	630308	830308	harbor2	chr7	688419	688936	LINE/L2	700	+	258	688677	58369
chr7	630308	830308	harbor2	chr7	724164	724235	LINE/L2	405	+	36	724200	93892
chr7	630308	830308	harbor2	chr7	724611	724881	LINE/L2	405	+	135	724746	94438
chr7	630308	830308	harbor2	chr7	654994	655738	LINE/L2	1385	+	372	655366	25058
chr7	44696579	44896579	harbor2	chr7	44744682	44744801	LINE/L2	495	+	60	44744742	48163
chr7	122791479	122991479	harbor2	chr7	122866749	122867260	LINE/L2	511	+	256	122867005	75526
chr7	122791479	122991479	harbor2	chr7	122871666	122872095	LINE/L2	863	+	214	122871880	80401
chr7	90112558	90312558	harbor2	chr7	90168494	90168910	LINE/L2	516	+	208	90168702	56144
chr7	90112558	90312558	harbor2	chr7	90170954	90171342	LINE/L2	2505	+	194	90171148	58590
chr7	90112558	90312558	harbor2	chr7	90171423	90172445	LINE/L2	2505	+	511	90171934	59376
chr7	90112558	90312558	harbor2	chr7	90196940	90197443	LINE/L2	4156	+	252	90197192	84634
chr7	90112558	90312558	harbor2	chr7	90197588	90197645	LINE/L2	4156	+	28	90197616	85058
chr7	90112558	90312558	harbor2	chr7	90197755	90198909	LINE/L2	4156	+	577	90198332	85774
chr7	90112558	90312558	harbor2	chr7	90199125	90199308	LINE/L2	445	+	92	90199217	86659
chr7	123649203	123849203	harbor2	chr7	123650745	123650992	LINE/L2	469	+	124	123650869	1666
chr7	123649203	123849203	harbor2	chr7	123652037	123652315	LINE/L2	905	+	139	123652176	2973
chr7	123649203	123849203	harbor2	chr7	123670650	123670752	LINE/L2	525	+	51	123670701	21498
chr7	123649203	123849203	harbor2	chr7	123671065	123671417	LINE/L2	525	+	176	123671241	22038
chr7	123649203	123849203	harbor2	chr7	123671483	123671738	LINE/L2	410	+	128	123671611	22408
chr7	123649203	123849203	harbor2	chr7	123684869	123685731	LINE/L2	729	+	431	123685300	36097
chr7	123649203	123849203	harbor2	chr7	123686885	123687768	LINE/L2	1372	+	442	123687327	38124
chr7	123649203	123849203	harbor2	chr7	123719358	123719430	LINE/L2	419	+	36	123719394	70191
chr7	123649203	123849203	harbor2	chr7	123719882	123720069	LINE/L2	419	+	94	123719976	70773
chr7	100753285	100953285	harbor2	chr7	100808806	100809101	LINE/L2	699	+	148	100808954	55669
chr7	100753285	100953285	harbor2	chr7	100809406	100809533	LINE/L2	699	+	64	100809470	56185
chr7	100753285	100953285	harbor2	chr7	100811368	100811583	LINE/L2	425	+	108	100811476	58191
chr7	123649200	123849200	harbor2	chr7	123650745	123650992	LINE/L2	469	+	124	123650869	1669
chr7	123649200	123849200	harbor2	chr7	123652037	123652315	LINE/L2	905	+	139	123652176	2976
chr7	123649200	123849200	harbor2	chr7	123670650	123670752	LINE/L2	525	+	51	123670701	21501
chr7	123649200	123849200	harbor2	chr7	123671065	123671417	LINE/L2	525	+	176	123671241	22041
chr7	123649200	123849200	harbor2	chr7	123671483	123671738	LINE/L2	410	+	128	123671611	22411
chr7	123649200	123849200	harbor2	chr7	123684869	123685731	LINE/L2	729	+	431	123685300	36100
chr7	123649200	123849200	harbor2	chr7	123686885	123687768	LINE/L2	1372	+	442	123687327	38127
chr7	123649200	123849200	harbor2	chr7	123719358	123719430	LINE/L2	419	+	36	123719394	70194
chr7	123649200	123849200	harbor2	chr7	123719882	123720069	LINE/L2	419	+	94	123719976	70776
chr7	2685113	2885113	harbor2	chr7	2692739	2693046	LINE/L2	535	+	154	2692893	7780
chr7	126687671	126887671	harbor2	chr7	126728831	126729046	LINE/L2	437	+	108	126728939	41268
chr7	126687671	126887671	harbor2	chr7	126752723	126753038	LINE/L2	450	+	158	126752881	65210
chr8	23428835	23628835	harbor2	chr8	23450577	23451009	LINE/L2	666	+	216	23450793	21958
chr8	23428835	23628835	harbor2	chr8	23451320	23451926	LINE/L2	1011	+	303	23451623	22788
chr8	23428835	23628835	harbor2	chr8	23476044	23476467	LINE/L2	451	+	212	23476256	47421
chr8	23428835	23628835	harbor2	chr8	23445416	23445849	LINE/L2	449	+	216	23445632	16797
chr8	23428830	23628830	harbor2	chr8	23450577	23451009	LINE/L2	666	+	216	23450793	21963
chr8	23428830	23628830	harbor2	chr8	23451320	23451926	LINE/L2	1011	+	303	23451623	22793
chr8	23428830	23628830	harbor2	chr8	23476044	23476467	LINE/L2	451	+	212	23476256	47426
chr8	23428830	23628830	harbor2	chr8	23445416	23445849	LINE/L2	449	+	216	23445632	16802
chr8	23428848	23628848	harbor2	chr8	23450577	23451009	LINE/L2	666	+	216	23450793	21945
chr8	23428848	23628848	harbor2	chr8	23451320	23451926	LINE/L2	1011	+	303	23451623	22775
chr8	23428848	23628848	harbor2	chr8	23476044	23476467	LINE/L2	451	+	212	23476256	47408
chr8	23428848	23628848	harbor2	chr8	23445416	23445849	LINE/L2	449	+	216	23445632	16784
chr8	23428832	23628832	harbor2	chr8	23450577	23451009	LINE/L2	666	+	216	23450793	21961
chr8	23428832	23628832	harbor2	chr8	23451320	23451926	LINE/L2	1011	+	303	23451623	22791
chr8	23428832	23628832	harbor2	chr8	23476044	23476467	LINE/L2	451	+	212	23476256	47424
chr8	23428832	23628832	harbor2	chr8	23445416	23445849	LINE/L2	449	+	216	23445632	16800
chr8	29983316	30183316	harbor2	chr8	29993708	29994369	LINE/L2	606	+	330	29994038	10722
chr8	29983316	30183316	harbor2	chr8	30014187	30014410	LINE/L2	438	+	112	30014299	30983
chr8	29983316	30183316	harbor2	chr8	30031971	30032649	LINE/L2	483	+	339	30032310	48994
chr8	29983316	30183316	harbor2	chr8	30079925	30080371	LINE/L2	1003	+	223	30080148	96832
chr8	29983316	30183316	harbor2	chr8	30080363	30080670	LINE/L2	686	+	154	30080517	97201
chr8	23430921	23630921	harbor2	chr8	23450577	23451009	LINE/L2	666	+	216	23450793	19872
chr8	23430921	23630921	harbor2	chr8	23451320	23451926	LINE/L2	1011	+	303	23451623	20702
chr8	23430921	23630921	harbor2	chr8	23476044	23476467	LINE/L2	451	+	212	23476256	45335
chr8	23430921	23630921	harbor2	chr8	23445416	23445849	LINE/L2	449	+	216	23445632	14711
chr8	85146187	85346187	harbor2	chr8	85197816	85199170	LINE/L2	3123	+	677	85198493	52306
chr8	85146187	85346187	harbor2	chr8	85199139	85199523	LINE/L2	809	+	192	85199331	53144
chr8	23430734	23630734	harbor2	chr8	23450577	23451009	LINE/L2	666	+	216	23450793	20059
chr8	23430734	23630734	harbor2	chr8	23451320	23451926	LINE/L2	1011	+	303	23451623	20889
chr8	23430734	23630734	harbor2	chr8	23476044	23476467	LINE/L2	451	+	212	23476256	45522
chr8	23430734	23630734	harbor2	chr8	23445416	23445849	LINE/L2	449	+	216	23445632	14898
chr8	100622149	100822149	harbor2	chr8	100637509	100637686	LINE/L2	993	+	88	100637597	15448
chr8	100622149	100822149	harbor2	chr8	100637996	100638023	LINE/L2	993	+	14	100638010	15861
chr8	100622149	100822149	harbor2	chr8	100638170	100638260	LINE/L2	993	+	45	100638215	16066
chr8	100622149	100822149	harbor2	chr8	100672512	100673111	LINE/L2	833	+	300	100672812	50663
chr8	104366653	104566653	harbor2	chr8	104370847	104371375	LINE/L2	981	+	264	104371111	4458
chr8	104366653	104566653	harbor2	chr8	104384850	104385110	LINE/L2	756	+	130	104384980	18327
chr8	104366653	104566653	harbor2	chr8	104394438	104394711	LINE/L2	595	+	136	104394574	27921
chr8	104366653	104566653	harbor2	chr8	104448830	104449050	LINE/L2	589	+	110	104448940	82287
chr8	23429310	23629310	harbor2	chr8	23450577	23451009	LINE/L2	666	+	216	23450793	21483
chr8	23429310	23629310	harbor2	chr8	23451320	23451926	LINE/L2	1011	+	303	23451623	22313
chr8	23429310	23629310	harbor2	chr8	23476044	23476467	LINE/L2	451	+	212	23476256	46946
chr8	23429310	23629310	harbor2	chr8	23445416	23445849	LINE/L2	449	+	216	23445632	16322
chr8	23428822	23628822	harbor2	chr8	23450577	23451009	LINE/L2	666	+	216	23450793	21971
chr8	23428822	23628822	harbor2	chr8	23451320	23451926	LINE/L2	1011	+	303	23451623	22801
chr8	23428822	23628822	harbor2	chr8	23476044	23476467	LINE/L2	451	+	212	23476256	47434
chr8	23428822	23628822	harbor2	chr8	23445416	23445849	LINE/L2	449	+	216	23445632	16810
chr8	90970532	91170532	harbor2	chr8	91005129	91005640	LINE/L2	588	+	256	91005385	34853
chr8	90970532	91170532	harbor2	chr8	91033151	91033780	LINE/L2	848	+	314	91033465	62933
chr8	90970532	91170532	harbor2	chr8	91033944	91034207	LINE/L2	848	+	132	91034076	63544
chr8	90970532	91170532	harbor2	chr8	91035378	91035662	LINE/L2	441	+	142	91035520	64988
chr8	90970532	91170532	harbor2	chr8	91036242	91036736	LINE/L2	733	+	247	91036489	65957
chr8	90970532	91170532	harbor2	chr8	91037226	91037666	LINE/L2	472	+	220	91037446	66914
chr8	90970532	91170532	harbor2	chr8	91061118	91061477	LINE/L2	447	+	180	91061298	90766
chr8	90970532	91170532	harbor2	chr8	91013111	91013254	LINE/L2	449	+	72	91013183	42651
chr8	23428834	23628834	harbor2	chr8	23450577	23451009	LINE/L2	666	+	216	23450793	21959
chr8	23428834	23628834	harbor2	chr8	23451320	23451926	LINE/L2	1011	+	303	23451623	22789
chr8	23428834	23628834	harbor2	chr8	23476044	23476467	LINE/L2	451	+	212	23476256	47422
chr8	23428834	23628834	harbor2	chr8	23445416	23445849	LINE/L2	449	+	216	23445632	16798
chr8	42041484	42241484	harbor2	chr8	42096259	42096687	LINE/L2	695	+	214	42096473	54989
chr8	42041484	42241484	harbor2	chr8	42120679	42121295	LINE/L2	973	+	308	42120987	79503
chr8	42041484	42241484	harbor2	chr8	42121569	42121646	LINE/L2	973	+	38	42121607	80123
chr8	42041484	42241484	harbor2	chr8	42124050	42124293	LINE/L2	757	+	122	42124172	82688
chr8	23430616	23630616	harbor2	chr8	23450577	23451009	LINE/L2	666	+	216	23450793	20177
chr8	23430616	23630616	harbor2	chr8	23451320	23451926	LINE/L2	1011	+	303	23451623	21007
chr8	23430616	23630616	harbor2	chr8	23476044	23476467	LINE/L2	451	+	212	23476256	45640
chr8	23430616	23630616	harbor2	chr8	23445416	23445849	LINE/L2	449	+	216	23445632	15016
chr8	23428887	23628887	harbor2	chr8	23450577	23451009	LINE/L2	666	+	216	23450793	21906
chr8	23428887	23628887	harbor2	chr8	23451320	23451926	LINE/L2	1011	+	303	23451623	22736
chr8	23428887	23628887	harbor2	chr8	23476044	23476467	LINE/L2	451	+	212	23476256	47369
chr8	23428887	23628887	harbor2	chr8	23445416	23445849	LINE/L2	449	+	216	23445632	16745
chr8	23428847	23628847	harbor2	chr8	23450577	23451009	LINE/L2	666	+	216	23450793	21946
chr8	23428847	23628847	harbor2	chr8	23451320	23451926	LINE/L2	1011	+	303	23451623	22776
chr8	23428847	23628847	harbor2	chr8	23476044	23476467	LINE/L2	451	+	212	23476256	47409
chr8	23428847	23628847	harbor2	chr8	23445416	23445849	LINE/L2	449	+	216	23445632	16785
chr8	129916351	130116351	harbor2	chr8	129951759	129951968	LINE/L2	758	+	104	129951863	35512
chr8	129916351	130116351	harbor2	chr8	129991175	129991288	LINE/L2	447	+	56	129991231	74880
chr8	23429171	23629171	harbor2	chr8	23450577	23451009	LINE/L2	666	+	216	23450793	21622
chr8	23429171	23629171	harbor2	chr8	23451320	23451926	LINE/L2	1011	+	303	23451623	22452
chr8	23429171	23629171	harbor2	chr8	23476044	23476467	LINE/L2	451	+	212	23476256	47085
chr8	23429171	23629171	harbor2	chr8	23445416	23445849	LINE/L2	449	+	216	23445632	16461
chr8	23428810	23628810	harbor2	chr8	23450577	23451009	LINE/L2	666	+	216	23450793	21983
chr8	23428810	23628810	harbor2	chr8	23451320	23451926	LINE/L2	1011	+	303	23451623	22813
chr8	23428810	23628810	harbor2	chr8	23476044	23476467	LINE/L2	451	+	212	23476256	47446
chr8	23428810	23628810	harbor2	chr8	23445416	23445849	LINE/L2	449	+	216	23445632	16822
chr8	23428878	23628878	harbor2	chr8	23450577	23451009	LINE/L2	666	+	216	23450793	21915
chr8	23428878	23628878	harbor2	chr8	23451320	23451926	LINE/L2	1011	+	303	23451623	22745
chr8	23428878	23628878	harbor2	chr8	23476044	23476467	LINE/L2	451	+	212	23476256	47378
chr8	23428878	23628878	harbor2	chr8	23445416	23445849	LINE/L2	449	+	216	23445632	16754
chr8	144678130	144878130	harbor2	chr8	144758217	144758249	LINE/L2	520	+	16	144758233	80103
chr8	144678130	144878130	harbor2	chr8	144758550	144758892	LINE/L2	520	+	171	144758721	80591
chr8	96337693	96537693	harbor2	chr8	96362377	96362574	LINE/L2	538	+	98	96362475	24782
chr8	96337693	96537693	harbor2	chr8	96393051	96393403	LINE/L2	852	+	176	96393227	55534
chr8	38191547	38391547	harbor2	chr8	38285781	38285992	LINE/L2	680	+	106	38285887	94340
chr8	38191547	38391547	harbor2	chr8	38286610	38287125	LINE/L2	716	+	258	38286868	95321
chr8	57813008	58013008	harbor2	chr8	57849051	57849327	LINE/L2	638	+	138	57849189	36181
chr8	57813008	58013008	harbor2	chr8	57896688	57897183	LINE/L2	890	+	248	57896936	83928
chr8	23430801	23630801	harbor2	chr8	23450577	23451009	LINE/L2	666	+	216	23450793	19992
chr8	23430801	23630801	harbor2	chr8	23451320	23451926	LINE/L2	1011	+	303	23451623	20822
chr8	23430801	23630801	harbor2	chr8	23476044	23476467	LINE/L2	451	+	212	23476256	45455
chr8	23430801	23630801	harbor2	chr8	23445416	23445849	LINE/L2	449	+	216	23445632	14831
chr8	23428837	23628837	harbor2	chr8	23450577	23451009	LINE/L2	666	+	216	23450793	21956
chr8	23428837	23628837	harbor2	chr8	23451320	23451926	LINE/L2	1011	+	303	23451623	22786
chr8	23428837	23628837	harbor2	chr8	23476044	23476467	LINE/L2	451	+	212	23476256	47419
chr8	23428837	23628837	harbor2	chr8	23445416	23445849	LINE/L2	449	+	216	23445632	16795
chr8	23428831	23628831	harbor2	chr8	23450577	23451009	LINE/L2	666	+	216	23450793	21962
chr8	23428831	23628831	harbor2	chr8	23451320	23451926	LINE/L2	1011	+	303	23451623	22792
chr8	23428831	23628831	harbor2	chr8	23476044	23476467	LINE/L2	451	+	212	23476256	47425
chr8	23428831	23628831	harbor2	chr8	23445416	23445849	LINE/L2	449	+	216	23445632	16801
chr8	23430721	23630721	harbor2	chr8	23450577	23451009	LINE/L2	666	+	216	23450793	20072
chr8	23430721	23630721	harbor2	chr8	23451320	23451926	LINE/L2	1011	+	303	23451623	20902
chr8	23430721	23630721	harbor2	chr8	23476044	23476467	LINE/L2	451	+	212	23476256	45535
chr8	23430721	23630721	harbor2	chr8	23445416	23445849	LINE/L2	449	+	216	23445632	14911
chr8	23428811	23628811	harbor2	chr8	23450577	23451009	LINE/L2	666	+	216	23450793	21982
chr8	23428811	23628811	harbor2	chr8	23451320	23451926	LINE/L2	1011	+	303	23451623	22812
chr8	23428811	23628811	harbor2	chr8	23476044	23476467	LINE/L2	451	+	212	23476256	47445
chr8	23428811	23628811	harbor2	chr8	23445416	23445849	LINE/L2	449	+	216	23445632	16821
chr8	108431293	108631293	harbor2	chr8	108445933	108446216	LINE/L2	600	+	142	108446075	14782
chr8	42040637	42240637	harbor2	chr8	42096259	42096687	LINE/L2	695	+	214	42096473	55836
chr8	42040637	42240637	harbor2	chr8	42120679	42121295	LINE/L2	973	+	308	42120987	80350
chr8	42040637	42240637	harbor2	chr8	42121569	42121646	LINE/L2	973	+	38	42121607	80970
chr8	42040637	42240637	harbor2	chr8	42124050	42124293	LINE/L2	757	+	122	42124172	83535
chr8	66086821	66286821	harbor2	chr8	66104791	66105029	LINE/L2	802	+	119	66104910	18089
chr8	23428838	23628838	harbor2	chr8	23450577	23451009	LINE/L2	666	+	216	23450793	21955
chr8	23428838	23628838	harbor2	chr8	23451320	23451926	LINE/L2	1011	+	303	23451623	22785
chr8	23428838	23628838	harbor2	chr8	23476044	23476467	LINE/L2	451	+	212	23476256	47418
chr8	23428838	23628838	harbor2	chr8	23445416	23445849	LINE/L2	449	+	216	23445632	16794
chr8	23429250	23629250	harbor2	chr8	23450577	23451009	LINE/L2	666	+	216	23450793	21543
chr8	23429250	23629250	harbor2	chr8	23451320	23451926	LINE/L2	1011	+	303	23451623	22373
chr8	23429250	23629250	harbor2	chr8	23476044	23476467	LINE/L2	451	+	212	23476256	47006
chr8	23429250	23629250	harbor2	chr8	23445416	23445849	LINE/L2	449	+	216	23445632	16382
chr8	23428888	23628888	harbor2	chr8	23450577	23451009	LINE/L2	666	+	216	23450793	21905
chr8	23428888	23628888	harbor2	chr8	23451320	23451926	LINE/L2	1011	+	303	23451623	22735
chr8	23428888	23628888	harbor2	chr8	23476044	23476467	LINE/L2	451	+	212	23476256	47368
chr8	23428888	23628888	harbor2	chr8	23445416	23445849	LINE/L2	449	+	216	23445632	16744
chr8	60554292	60754292	harbor2	chr8	60563548	60564546	LINE/L2	2563	+	499	60564047	9755
chr8	60554292	60754292	harbor2	chr8	60564554	60564652	LINE/L2	437	+	49	60564603	10311
chr8	23428787	23628787	harbor2	chr8	23450577	23451009	LINE/L2	666	+	216	23450793	22006
chr8	23428787	23628787	harbor2	chr8	23451320	23451926	LINE/L2	1011	+	303	23451623	22836
chr8	23428787	23628787	harbor2	chr8	23476044	23476467	LINE/L2	451	+	212	23476256	47469
chr8	23428787	23628787	harbor2	chr8	23445416	23445849	LINE/L2	449	+	216	23445632	16845
chr8	23428812	23628812	harbor2	chr8	23450577	23451009	LINE/L2	666	+	216	23450793	21981
chr8	23428812	23628812	harbor2	chr8	23451320	23451926	LINE/L2	1011	+	303	23451623	22811
chr8	23428812	23628812	harbor2	chr8	23476044	23476467	LINE/L2	451	+	212	23476256	47444
chr8	23428812	23628812	harbor2	chr8	23445416	23445849	LINE/L2	449	+	216	23445632	16820
chr8	23428873	23628873	harbor2	chr8	23450577	23451009	LINE/L2	666	+	216	23450793	21920
chr8	23428873	23628873	harbor2	chr8	23451320	23451926	LINE/L2	1011	+	303	23451623	22750
chr8	23428873	23628873	harbor2	chr8	23476044	23476467	LINE/L2	451	+	212	23476256	47383
chr8	23428873	23628873	harbor2	chr8	23445416	23445849	LINE/L2	449	+	216	23445632	16759
chr8	29996669	30196669	harbor2	chr8	30014187	30014410	LINE/L2	438	+	112	30014299	17630
chr8	29996669	30196669	harbor2	chr8	30031971	30032649	LINE/L2	483	+	339	30032310	35641
chr8	29996669	30196669	harbor2	chr8	30079925	30080371	LINE/L2	1003	+	223	30080148	83479
chr8	29996669	30196669	harbor2	chr8	30080363	30080670	LINE/L2	686	+	154	30080517	83848
chr8	97521189	97721189	harbor2	chr8	97549768	97549931	LINE/L2	472	+	82	97549850	28661
chr8	23430877	23630877	harbor2	chr8	23450577	23451009	LINE/L2	666	+	216	23450793	19916
chr8	23430877	23630877	harbor2	chr8	23451320	23451926	LINE/L2	1011	+	303	23451623	20746
chr8	23430877	23630877	harbor2	chr8	23476044	23476467	LINE/L2	451	+	212	23476256	45379
chr8	23430877	23630877	harbor2	chr8	23445416	23445849	LINE/L2	449	+	216	23445632	14755
chr8	124796970	124996970	harbor2	chr8	124836015	124836393	LINE/L2	1176	+	189	124836204	39234
chr8	124796970	124996970	harbor2	chr8	124837218	124837689	LINE/L2	1176	+	236	124837454	40484
chr8	124796970	124996970	harbor2	chr8	124838514	124838696	LINE/L2	511	+	91	124838605	41635
chr8	124796970	124996970	harbor2	chr8	124858865	124859004	LINE/L2	562	+	70	124858935	61965
chr8	124796970	124996970	harbor2	chr8	124859654	124859820	LINE/L2	438	+	83	124859737	62767
chr8	124796970	124996970	harbor2	chr8	124869595	124869883	LINE/L2	480	+	144	124869739	72769
chr8	124796970	124996970	harbor2	chr8	124869898	124870324	LINE/L2	1490	+	213	124870111	73141
chr8	23440530	23640530	harbor2	chr8	23450577	23451009	LINE/L2	666	+	216	23450793	10263
chr8	23440530	23640530	harbor2	chr8	23451320	23451926	LINE/L2	1011	+	303	23451623	11093
chr8	23440530	23640530	harbor2	chr8	23476044	23476467	LINE/L2	451	+	212	23476256	35726
chr8	23440530	23640530	harbor2	chr8	23536820	23536913	LINE/L2	657	+	46	23536866	96336
chr8	23440530	23640530	harbor2	chr8	23537215	23537486	LINE/L2	657	+	136	23537351	96821
chr8	23440530	23640530	harbor2	chr8	23445416	23445849	LINE/L2	449	+	216	23445632	5102
chr8	42040654	42240654	harbor2	chr8	42096259	42096687	LINE/L2	695	+	214	42096473	55819
chr8	42040654	42240654	harbor2	chr8	42120679	42121295	LINE/L2	973	+	308	42120987	80333
chr8	42040654	42240654	harbor2	chr8	42121569	42121646	LINE/L2	973	+	38	42121607	80953
chr8	42040654	42240654	harbor2	chr8	42124050	42124293	LINE/L2	757	+	122	42124172	83518
chr8	23429402	23629402	harbor2	chr8	23450577	23451009	LINE/L2	666	+	216	23450793	21391
chr8	23429402	23629402	harbor2	chr8	23451320	23451926	LINE/L2	1011	+	303	23451623	22221
chr8	23429402	23629402	harbor2	chr8	23476044	23476467	LINE/L2	451	+	212	23476256	46854
chr8	23429402	23629402	harbor2	chr8	23445416	23445849	LINE/L2	449	+	216	23445632	16230
chr8	99034843	99234843	harbor2	chr8	99127152	99127604	LINE/L2	1003	+	226	99127378	92535
chr8	129914983	130114983	harbor2	chr8	129951759	129951968	LINE/L2	758	+	104	129951863	36880
chr8	129914983	130114983	harbor2	chr8	129991175	129991288	LINE/L2	447	+	56	129991231	76248
chr8	141284097	141484097	harbor2	chr8	141344275	141344619	LINE/L2	531	+	172	141344447	60350
chr8	143958765	144158765	harbor2	chr8	143987417	143987610	LINE/L2	497	+	96	143987513	28748
chr8	143958765	144158765	harbor2	chr8	143987906	143988123	LINE/L2	497	+	108	143988014	29249
chr8	143958765	144158765	harbor2	chr8	144005497	144005958	LINE/L2	537	+	230	144005727	46962
chr8	143958765	144158765	harbor2	chr8	144009113	144009990	LINE/L2	1053	+	438	144009551	50786
chr8	23428886	23628886	harbor2	chr8	23450577	23451009	LINE/L2	666	+	216	23450793	21907
chr8	23428886	23628886	harbor2	chr8	23451320	23451926	LINE/L2	1011	+	303	23451623	22737
chr8	23428886	23628886	harbor2	chr8	23476044	23476467	LINE/L2	451	+	212	23476256	47370
chr8	23428886	23628886	harbor2	chr8	23445416	23445849	LINE/L2	449	+	216	23445632	16746
chr8	61402299	61602299	harbor2	chr8	61431526	61431790	LINE/L2	540	+	132	61431658	29359
chr8	61402299	61602299	harbor2	chr8	61436113	61436780	LINE/L2	1710	+	334	61436447	34148
chr8	53884537	54084537	harbor2	chr8	53900893	53901062	LINE/L2	613	+	84	53900977	16440
chr8	53884537	54084537	harbor2	chr8	53901368	53901572	LINE/L2	613	+	102	53901470	16933
chr8	124982576	125182576	harbor2	chr8	125066586	125067025	LINE/L2	441	+	220	125066806	84230
chr8	90971180	91171180	harbor2	chr8	91005129	91005640	LINE/L2	588	+	256	91005385	34205
chr8	90971180	91171180	harbor2	chr8	91033151	91033780	LINE/L2	848	+	314	91033465	62285
chr8	90971180	91171180	harbor2	chr8	91033944	91034207	LINE/L2	848	+	132	91034076	62896
chr8	90971180	91171180	harbor2	chr8	91035378	91035662	LINE/L2	441	+	142	91035520	64340
chr8	90971180	91171180	harbor2	chr8	91036242	91036736	LINE/L2	733	+	247	91036489	65309
chr8	90971180	91171180	harbor2	chr8	91037226	91037666	LINE/L2	472	+	220	91037446	66266
chr8	90971180	91171180	harbor2	chr8	91061118	91061477	LINE/L2	447	+	180	91061298	90118
chr8	90971180	91171180	harbor2	chr8	91013111	91013254	LINE/L2	449	+	72	91013183	42003
chr8	85146249	85346249	harbor2	chr8	85197816	85199170	LINE/L2	3123	+	677	85198493	52244
chr8	85146249	85346249	harbor2	chr8	85199139	85199523	LINE/L2	809	+	192	85199331	53082
chr8	85145757	85345757	harbor2	chr8	85197816	85199170	LINE/L2	3123	+	677	85198493	52736
chr8	85145757	85345757	harbor2	chr8	85199139	85199523	LINE/L2	809	+	192	85199331	53574
chr8	54199923	54399923	harbor2	chr8	54272067	54272250	LINE/L2	435	+	92	54272159	72236
chr8	54199923	54399923	harbor2	chr8	54272564	54272886	LINE/L2	435	+	161	54272725	72802
chr8	141299552	141499552	harbor2	chr8	141344275	141344619	LINE/L2	531	+	172	141344447	44895
chr8	23429413	23629413	harbor2	chr8	23450577	23451009	LINE/L2	666	+	216	23450793	21380
chr8	23429413	23629413	harbor2	chr8	23451320	23451926	LINE/L2	1011	+	303	23451623	22210
chr8	23429413	23629413	harbor2	chr8	23476044	23476467	LINE/L2	451	+	212	23476256	46843
chr8	23429413	23629413	harbor2	chr8	23445416	23445849	LINE/L2	449	+	216	23445632	16219
chr8	23428927	23628927	harbor2	chr8	23450577	23451009	LINE/L2	666	+	216	23450793	21866
chr8	23428927	23628927	harbor2	chr8	23451320	23451926	LINE/L2	1011	+	303	23451623	22696
chr8	23428927	23628927	harbor2	chr8	23476044	23476467	LINE/L2	451	+	212	23476256	47329
chr8	23428927	23628927	harbor2	chr8	23445416	23445849	LINE/L2	449	+	216	23445632	16705
chr8	18018662	18218662	harbor2	chr8	18034454	18035304	LINE/L2	1422	+	425	18034879	16217
chr8	18018662	18218662	harbor2	chr8	18076045	18076387	LINE/L2	503	+	171	18076216	57554
chr8	18018662	18218662	harbor2	chr8	18093977	18094204	LINE/L2	883	+	114	18094091	75429
chr8	18018662	18218662	harbor2	chr8	18094206	18094431	LINE/L2	723	+	112	18094318	75656
chr8	18018662	18218662	harbor2	chr8	18095460	18095987	LINE/L2	2021	+	264	18095724	77062
chr8	18018662	18218662	harbor2	chr8	18096289	18096804	LINE/L2	2021	+	258	18096547	77885
chr8	18018662	18218662	harbor2	chr8	18098214	18098914	LINE/L2	681	+	350	18098564	79902
chr8	18018662	18218662	harbor2	chr8	18099253	18100645	LINE/L2	946	+	696	18099949	81287
chr8	129916407	130116407	harbor2	chr8	129951759	129951968	LINE/L2	758	+	104	129951863	35456
chr8	129916407	130116407	harbor2	chr8	129991175	129991288	LINE/L2	447	+	56	129991231	74824
chr8	100622158	100822158	harbor2	chr8	100637509	100637686	LINE/L2	993	+	88	100637597	15439
chr8	100622158	100822158	harbor2	chr8	100637996	100638023	LINE/L2	993	+	14	100638010	15852
chr8	100622158	100822158	harbor2	chr8	100638170	100638260	LINE/L2	993	+	45	100638215	16057
chr8	100622158	100822158	harbor2	chr8	100672512	100673111	LINE/L2	833	+	300	100672812	50654
chr8	134491303	134691303	harbor2	chr8	134505068	134505304	LINE/L2	496	+	118	134505186	13883
chr8	134491303	134691303	harbor2	chr8	134508508	134508803	LINE/L2	677	+	148	134508656	17353
chr8	134491303	134691303	harbor2	chr8	134569950	134570356	LINE/L2	489	+	203	134570153	78850
chr8	29983254	30183254	harbor2	chr8	29993708	29994369	LINE/L2	606	+	330	29994038	10784
chr8	29983254	30183254	harbor2	chr8	30014187	30014410	LINE/L2	438	+	112	30014299	31045
chr8	29983254	30183254	harbor2	chr8	30031971	30032649	LINE/L2	483	+	339	30032310	49056
chr8	29983254	30183254	harbor2	chr8	30079925	30080371	LINE/L2	1003	+	223	30080148	96894
chr8	29983254	30183254	harbor2	chr8	30080363	30080670	LINE/L2	686	+	154	30080517	97263
chr8	23428893	23628893	harbor2	chr8	23450577	23451009	LINE/L2	666	+	216	23450793	21900
chr8	23428893	23628893	harbor2	chr8	23451320	23451926	LINE/L2	1011	+	303	23451623	22730
chr8	23428893	23628893	harbor2	chr8	23476044	23476467	LINE/L2	451	+	212	23476256	47363
chr8	23428893	23628893	harbor2	chr8	23445416	23445849	LINE/L2	449	+	216	23445632	16739
chr8	81789753	81989753	harbor2	chr8	81836322	81837282	LINE/L2	2023	+	480	81836802	47049
chr8	117836203	118036203	harbor2	chr8	117848824	117849417	LINE/L2	757	+	296	117849120	12917
chr8	117836203	118036203	harbor2	chr8	117932948	117933236	LINE/L2	649	+	144	117933092	96889
chr8	117836203	118036203	harbor2	chr8	117933526	117933730	LINE/L2	649	+	102	117933628	97425
chr8	142635847	142835847	harbor2	chr8	142671871	142672336	LINE/L2	468	+	232	142672103	36256
chr8	23428926	23628926	harbor2	chr8	23450577	23451009	LINE/L2	666	+	216	23450793	21867
chr8	23428926	23628926	harbor2	chr8	23451320	23451926	LINE/L2	1011	+	303	23451623	22697
chr8	23428926	23628926	harbor2	chr8	23476044	23476467	LINE/L2	451	+	212	23476256	47330
chr8	23428926	23628926	harbor2	chr8	23445416	23445849	LINE/L2	449	+	216	23445632	16706
chr8	144399569	144599569	harbor2	chr8	144406189	144406717	LINE/L2	783	+	264	144406453	6884
chr8	29983321	30183321	harbor2	chr8	29993708	29994369	LINE/L2	606	+	330	29994038	10717
chr8	29983321	30183321	harbor2	chr8	30014187	30014410	LINE/L2	438	+	112	30014299	30978
chr8	29983321	30183321	harbor2	chr8	30031971	30032649	LINE/L2	483	+	339	30032310	48989
chr8	29983321	30183321	harbor2	chr8	30079925	30080371	LINE/L2	1003	+	223	30080148	96827
chr8	29983321	30183321	harbor2	chr8	30080363	30080670	LINE/L2	686	+	154	30080517	97196
chr8	143978595	144178595	harbor2	chr8	143987417	143987610	LINE/L2	497	+	96	143987513	8918
chr8	143978595	144178595	harbor2	chr8	143987906	143988123	LINE/L2	497	+	108	143988014	9419
chr8	143978595	144178595	harbor2	chr8	144005497	144005958	LINE/L2	537	+	230	144005727	27132
chr8	143978595	144178595	harbor2	chr8	144009113	144009990	LINE/L2	1053	+	438	144009551	30956
chr8	144801613	145001613	harbor2	chr8	144817173	144817545	LINE/L2	582	+	186	144817359	15746
chr8	144801613	145001613	harbor2	chr8	144817841	144818064	LINE/L2	582	+	112	144817953	16340
chr8	91971379	92171379	harbor2	chr8	92047079	92047641	LINE/L2	1084	+	281	92047360	75981
chr8	91971379	92171379	harbor2	chr8	92050746	92051269	LINE/L2	726	+	262	92051008	79629
chr8	42041611	42241611	harbor2	chr8	42096259	42096687	LINE/L2	695	+	214	42096473	54862
chr8	42041611	42241611	harbor2	chr8	42120679	42121295	LINE/L2	973	+	308	42120987	79376
chr8	42041611	42241611	harbor2	chr8	42121569	42121646	LINE/L2	973	+	38	42121607	79996
chr8	42041611	42241611	harbor2	chr8	42124050	42124293	LINE/L2	757	+	122	42124172	82561
chr8	38215555	38415555	harbor2	chr8	38285781	38285992	LINE/L2	680	+	106	38285887	70332
chr8	38215555	38415555	harbor2	chr8	38286610	38287125	LINE/L2	716	+	258	38286868	71313
chr8	23431204	23631204	harbor2	chr8	23450577	23451009	LINE/L2	666	+	216	23450793	19589
chr8	23431204	23631204	harbor2	chr8	23451320	23451926	LINE/L2	1011	+	303	23451623	20419
chr8	23431204	23631204	harbor2	chr8	23476044	23476467	LINE/L2	451	+	212	23476256	45052
chr8	23431204	23631204	harbor2	chr8	23445416	23445849	LINE/L2	449	+	216	23445632	14428
chr8	23428900	23628900	harbor2	chr8	23450577	23451009	LINE/L2	666	+	216	23450793	21893
chr8	23428900	23628900	harbor2	chr8	23451320	23451926	LINE/L2	1011	+	303	23451623	22723
chr8	23428900	23628900	harbor2	chr8	23476044	23476467	LINE/L2	451	+	212	23476256	47356
chr8	23428900	23628900	harbor2	chr8	23445416	23445849	LINE/L2	449	+	216	23445632	16732
chr8	100622167	100822167	harbor2	chr8	100637509	100637686	LINE/L2	993	+	88	100637597	15430
chr8	100622167	100822167	harbor2	chr8	100637996	100638023	LINE/L2	993	+	14	100638010	15843
chr8	100622167	100822167	harbor2	chr8	100638170	100638260	LINE/L2	993	+	45	100638215	16048
chr8	100622167	100822167	harbor2	chr8	100672512	100673111	LINE/L2	833	+	300	100672812	50645
chr8	30321094	30521094	harbor2	chr8	30395704	30396197	LINE/L2	702	+	246	30395950	74856
chr8	94973524	95173524	harbor2	chr8	95049624	95049933	LINE/L2	710	+	154	95049778	76254
chr8	23429267	23629267	harbor2	chr8	23450577	23451009	LINE/L2	666	+	216	23450793	21526
chr8	23429267	23629267	harbor2	chr8	23451320	23451926	LINE/L2	1011	+	303	23451623	22356
chr8	23429267	23629267	harbor2	chr8	23476044	23476467	LINE/L2	451	+	212	23476256	46989
chr8	23429267	23629267	harbor2	chr8	23445416	23445849	LINE/L2	449	+	216	23445632	16365
chr8	66406890	66606890	harbor2	chr8	66482906	66482975	LINE/L2	824	+	34	66482940	76050
chr8	66406890	66606890	harbor2	chr8	66483406	66483758	LINE/L2	824	+	176	66483582	76692
chr8	66406890	66606890	harbor2	chr8	66483865	66484053	LINE/L2	741	+	94	66483959	77069
chr8	66406890	66606890	harbor2	chr8	66484387	66484568	LINE/L2	741	+	90	66484477	77587
chr8	23428736	23628736	harbor2	chr8	23450577	23451009	LINE/L2	666	+	216	23450793	22057
chr8	23428736	23628736	harbor2	chr8	23451320	23451926	LINE/L2	1011	+	303	23451623	22887
chr8	23428736	23628736	harbor2	chr8	23476044	23476467	LINE/L2	451	+	212	23476256	47520
chr8	23428736	23628736	harbor2	chr8	23445416	23445849	LINE/L2	449	+	216	23445632	16896
chr8	143825669	144025669	harbor2	chr8	143842976	143843454	LINE/L2	682	+	239	143843215	17546
chr8	144691904	144891904	harbor2	chr8	144758217	144758249	LINE/L2	520	+	16	144758233	66329
chr8	144691904	144891904	harbor2	chr8	144758550	144758892	LINE/L2	520	+	171	144758721	66817
chr9	4692868	4892868	harbor2	chr9	4770436	4770761	LINE/L2	622	+	162	4770598	77730
chr9	4692868	4892868	harbor2	chr9	4770807	4771005	LINE/L2	510	+	99	4770906	78038
chr9	4770890	4970890	harbor2	chr9	4770807	4771005	LINE/L2	510	+	99	4770906	16
chr9	4692825	4892825	harbor2	chr9	4770436	4770761	LINE/L2	622	+	162	4770598	77773
chr9	4692825	4892825	harbor2	chr9	4770807	4771005	LINE/L2	510	+	99	4770906	78081
chr9	4884805	5084805	harbor2	chr9	4893575	4894236	LINE/L2	792	+	330	4893905	9100
chr9	4884805	5084805	harbor2	chr9	4970825	4971372	LINE/L2	1453	+	274	4971099	86294
chr9	4884805	5084805	harbor2	chr9	4972549	4973642	LINE/L2	2828	+	546	4973095	88290
chr9	4884805	5084805	harbor2	chr9	4983832	4984345	LINE/L2	1319	+	256	4984088	99283
chr9	4692782	4892782	harbor2	chr9	4770436	4770761	LINE/L2	622	+	162	4770598	77816
chr9	4692782	4892782	harbor2	chr9	4770807	4771005	LINE/L2	510	+	99	4770906	78124
chr9	4884804	5084804	harbor2	chr9	4893575	4894236	LINE/L2	792	+	330	4893905	9101
chr9	4884804	5084804	harbor2	chr9	4970825	4971372	LINE/L2	1453	+	274	4971099	86295
chr9	4884804	5084804	harbor2	chr9	4972549	4973642	LINE/L2	2828	+	546	4973095	88291
chr9	4884804	5084804	harbor2	chr9	4983832	4984345	LINE/L2	1319	+	256	4984088	99284
chr9	4698243	4898243	harbor2	chr9	4770436	4770761	LINE/L2	622	+	162	4770598	72355
chr9	4698243	4898243	harbor2	chr9	4770807	4771005	LINE/L2	510	+	99	4770906	72663
chr9	4692809	4892809	harbor2	chr9	4770436	4770761	LINE/L2	622	+	162	4770598	77789
chr9	4692809	4892809	harbor2	chr9	4770807	4771005	LINE/L2	510	+	99	4770906	78097
chr9	4692811	4892811	harbor2	chr9	4770436	4770761	LINE/L2	622	+	162	4770598	77787
chr9	4692811	4892811	harbor2	chr9	4770807	4771005	LINE/L2	510	+	99	4770906	78095
chr9	4884747	5084747	harbor2	chr9	4893575	4894236	LINE/L2	792	+	330	4893905	9158
chr9	4884747	5084747	harbor2	chr9	4970825	4971372	LINE/L2	1453	+	274	4971099	86352
chr9	4884747	5084747	harbor2	chr9	4972549	4973642	LINE/L2	2828	+	546	4973095	88348
chr9	4884747	5084747	harbor2	chr9	4983832	4984345	LINE/L2	1319	+	256	4984088	99341
chr9	4884773	5084773	harbor2	chr9	4893575	4894236	LINE/L2	792	+	330	4893905	9132
chr9	4884773	5084773	harbor2	chr9	4970825	4971372	LINE/L2	1453	+	274	4971099	86326
chr9	4884773	5084773	harbor2	chr9	4972549	4973642	LINE/L2	2828	+	546	4973095	88322
chr9	4884773	5084773	harbor2	chr9	4983832	4984345	LINE/L2	1319	+	256	4984088	99315
chr9	4884793	5084793	harbor2	chr9	4893575	4894236	LINE/L2	792	+	330	4893905	9112
chr9	4884793	5084793	harbor2	chr9	4970825	4971372	LINE/L2	1453	+	274	4971099	86306
chr9	4884793	5084793	harbor2	chr9	4972549	4973642	LINE/L2	2828	+	546	4973095	88302
chr9	4884793	5084793	harbor2	chr9	4983832	4984345	LINE/L2	1319	+	256	4984088	99295
chr9	100253009	100453009	harbor2	chr9	100341370	100342421	LINE/L2	1080	+	526	100341896	88887
chr9	4884841	5084841	harbor2	chr9	4893575	4894236	LINE/L2	792	+	330	4893905	9064
chr9	4884841	5084841	harbor2	chr9	4970825	4971372	LINE/L2	1453	+	274	4971099	86258
chr9	4884841	5084841	harbor2	chr9	4972549	4973642	LINE/L2	2828	+	546	4973095	88254
chr9	4884841	5084841	harbor2	chr9	4983832	4984345	LINE/L2	1319	+	256	4984088	99247
chr9	4884813	5084813	harbor2	chr9	4893575	4894236	LINE/L2	792	+	330	4893905	9092
chr9	4884813	5084813	harbor2	chr9	4970825	4971372	LINE/L2	1453	+	274	4971099	86286
chr9	4884813	5084813	harbor2	chr9	4972549	4973642	LINE/L2	2828	+	546	4973095	88282
chr9	4884813	5084813	harbor2	chr9	4983832	4984345	LINE/L2	1319	+	256	4984088	99275
chr9	4884788	5084788	harbor2	chr9	4893575	4894236	LINE/L2	792	+	330	4893905	9117
chr9	4884788	5084788	harbor2	chr9	4970825	4971372	LINE/L2	1453	+	274	4971099	86311
chr9	4884788	5084788	harbor2	chr9	4972549	4973642	LINE/L2	2828	+	546	4973095	88307
chr9	4884788	5084788	harbor2	chr9	4983832	4984345	LINE/L2	1319	+	256	4984088	99300
chr9	4884790	5084790	harbor2	chr9	4893575	4894236	LINE/L2	792	+	330	4893905	9115
chr9	4884790	5084790	harbor2	chr9	4970825	4971372	LINE/L2	1453	+	274	4971099	86309
chr9	4884790	5084790	harbor2	chr9	4972549	4973642	LINE/L2	2828	+	546	4973095	88305
chr9	4884790	5084790	harbor2	chr9	4983832	4984345	LINE/L2	1319	+	256	4984088	99298
chr9	4692881	4892881	harbor2	chr9	4770436	4770761	LINE/L2	622	+	162	4770598	77717
chr9	4692881	4892881	harbor2	chr9	4770807	4771005	LINE/L2	510	+	99	4770906	78025
chr9	4884785	5084785	harbor2	chr9	4893575	4894236	LINE/L2	792	+	330	4893905	9120
chr9	4884785	5084785	harbor2	chr9	4970825	4971372	LINE/L2	1453	+	274	4971099	86314
chr9	4884785	5084785	harbor2	chr9	4972549	4973642	LINE/L2	2828	+	546	4973095	88310
chr9	4884785	5084785	harbor2	chr9	4983832	4984345	LINE/L2	1319	+	256	4984088	99303
chr9	134036108	134236108	harbor2	chr9	134055136	134055405	LINE/L2	485	+	134	134055270	19162
chr9	4885814	5085814	harbor2	chr9	4893575	4894236	LINE/L2	792	+	330	4893905	8091
chr9	4885814	5085814	harbor2	chr9	4970825	4971372	LINE/L2	1453	+	274	4971099	85285
chr9	4885814	5085814	harbor2	chr9	4972549	4973642	LINE/L2	2828	+	546	4973095	87281
chr9	4885814	5085814	harbor2	chr9	4983832	4984345	LINE/L2	1319	+	256	4984088	98274
chr9	134036094	134236094	harbor2	chr9	134055136	134055405	LINE/L2	485	+	134	134055270	19176
chr9	68662242	68862242	harbor2	chr9	68719966	68720132	LINE/L2	507	+	83	68720049	57807
chr9	68662242	68862242	harbor2	chr9	68714105	68714541	LINE/L2	931	+	218	68714323	52081
chr9	4692776	4892776	harbor2	chr9	4770436	4770761	LINE/L2	622	+	162	4770598	77822
chr9	4692776	4892776	harbor2	chr9	4770807	4771005	LINE/L2	510	+	99	4770906	78130
chr9	4886412	5086412	harbor2	chr9	4893575	4894236	LINE/L2	792	+	330	4893905	7493
chr9	4886412	5086412	harbor2	chr9	4970825	4971372	LINE/L2	1453	+	274	4971099	84687
chr9	4886412	5086412	harbor2	chr9	4972549	4973642	LINE/L2	2828	+	546	4973095	86683
chr9	4886412	5086412	harbor2	chr9	4983832	4984345	LINE/L2	1319	+	256	4984088	97676
chr9	4884783	5084783	harbor2	chr9	4893575	4894236	LINE/L2	792	+	330	4893905	9122
chr9	4884783	5084783	harbor2	chr9	4970825	4971372	LINE/L2	1453	+	274	4971099	86316
chr9	4884783	5084783	harbor2	chr9	4972549	4973642	LINE/L2	2828	+	546	4973095	88312
chr9	4884783	5084783	harbor2	chr9	4983832	4984345	LINE/L2	1319	+	256	4984088	99305
chr9	4884822	5084822	harbor2	chr9	4893575	4894236	LINE/L2	792	+	330	4893905	9083
chr9	4884822	5084822	harbor2	chr9	4970825	4971372	LINE/L2	1453	+	274	4971099	86277
chr9	4884822	5084822	harbor2	chr9	4972549	4973642	LINE/L2	2828	+	546	4973095	88273
chr9	4884822	5084822	harbor2	chr9	4983832	4984345	LINE/L2	1319	+	256	4984088	99266
chr9	5892798	6092798	harbor2	chr9	5927123	5928950	LINE/L2	4739	+	914	5928037	35239
chr9	5892798	6092798	harbor2	chr9	5991328	5991440	LINE/L2	762	+	56	5991384	98586
chr9	5892798	6092798	harbor2	chr9	5991746	5992294	LINE/L2	1030	+	274	5992020	99222
chr9	4692771	4892771	harbor2	chr9	4770436	4770761	LINE/L2	622	+	162	4770598	77827
chr9	4692771	4892771	harbor2	chr9	4770807	4771005	LINE/L2	510	+	99	4770906	78135
chr9	4886118	5086118	harbor2	chr9	4893575	4894236	LINE/L2	792	+	330	4893905	7787
chr9	4886118	5086118	harbor2	chr9	4970825	4971372	LINE/L2	1453	+	274	4971099	84981
chr9	4886118	5086118	harbor2	chr9	4972549	4973642	LINE/L2	2828	+	546	4973095	86977
chr9	4886118	5086118	harbor2	chr9	4983832	4984345	LINE/L2	1319	+	256	4984088	97970
chr9	4693367	4893367	harbor2	chr9	4770436	4770761	LINE/L2	622	+	162	4770598	77231
chr9	4693367	4893367	harbor2	chr9	4770807	4771005	LINE/L2	510	+	99	4770906	77539
chr9	91845860	92045860	harbor2	chr9	91893979	91894298	LINE/L2	804	+	160	91894139	48279
chr9	68605578	68805578	harbor2	chr9	68645613	68646587	LINE/L2	1377	+	487	68646100	40522
chr9	68605578	68805578	harbor2	chr9	68647055	68647187	LINE/L2	1377	+	66	68647121	41543
chr9	68605578	68805578	harbor2	chr9	68647500	68647889	LINE/L2	1377	+	194	68647694	42116
chr9	4884810	5084810	harbor2	chr9	4893575	4894236	LINE/L2	792	+	330	4893905	9095
chr9	4884810	5084810	harbor2	chr9	4970825	4971372	LINE/L2	1453	+	274	4971099	86289
chr9	4884810	5084810	harbor2	chr9	4972549	4973642	LINE/L2	2828	+	546	4973095	88285
chr9	4884810	5084810	harbor2	chr9	4983832	4984345	LINE/L2	1319	+	256	4984088	99278
chr9	4884787	5084787	harbor2	chr9	4893575	4894236	LINE/L2	792	+	330	4893905	9118
chr9	4884787	5084787	harbor2	chr9	4970825	4971372	LINE/L2	1453	+	274	4971099	86312
chr9	4884787	5084787	harbor2	chr9	4972549	4973642	LINE/L2	2828	+	546	4973095	88308
chr9	4884787	5084787	harbor2	chr9	4983832	4984345	LINE/L2	1319	+	256	4984088	99301
chr9	35836326	36036326	harbor2	chr9	35838316	35839014	LINE/L2	1224	+	349	35838665	2339
chr9	4884811	5084811	harbor2	chr9	4893575	4894236	LINE/L2	792	+	330	4893905	9094
chr9	4884811	5084811	harbor2	chr9	4970825	4971372	LINE/L2	1453	+	274	4971099	86288
chr9	4884811	5084811	harbor2	chr9	4972549	4973642	LINE/L2	2828	+	546	4973095	88284
chr9	4884811	5084811	harbor2	chr9	4983832	4984345	LINE/L2	1319	+	256	4984088	99277
chr9	4884812	5084812	harbor2	chr9	4893575	4894236	LINE/L2	792	+	330	4893905	9093
chr9	4884812	5084812	harbor2	chr9	4970825	4971372	LINE/L2	1453	+	274	4971099	86287
chr9	4884812	5084812	harbor2	chr9	4972549	4973642	LINE/L2	2828	+	546	4973095	88283
chr9	4884812	5084812	harbor2	chr9	4983832	4984345	LINE/L2	1319	+	256	4984088	99276
chr9	4884741	5084741	harbor2	chr9	4893575	4894236	LINE/L2	792	+	330	4893905	9164
chr9	4884741	5084741	harbor2	chr9	4970825	4971372	LINE/L2	1453	+	274	4971099	86358
chr9	4884741	5084741	harbor2	chr9	4972549	4973642	LINE/L2	2828	+	546	4973095	88354
chr9	4884741	5084741	harbor2	chr9	4983832	4984345	LINE/L2	1319	+	256	4984088	99347
chr9	115857318	116057318	harbor2	chr9	115915077	115915463	LINE/L2	1026	+	193	115915270	57952
chr9	115857318	116057318	harbor2	chr9	115924779	115926165	LINE/L2	2828	+	693	115925472	68154
chr9	4884717	5084717	harbor2	chr9	4893575	4894236	LINE/L2	792	+	330	4893905	9188
chr9	4884717	5084717	harbor2	chr9	4970825	4971372	LINE/L2	1453	+	274	4971099	86382
chr9	4884717	5084717	harbor2	chr9	4972549	4973642	LINE/L2	2828	+	546	4973095	88378
chr9	4884717	5084717	harbor2	chr9	4983832	4984345	LINE/L2	1319	+	256	4984088	99371
chr9	4886228	5086228	harbor2	chr9	4893575	4894236	LINE/L2	792	+	330	4893905	7677
chr9	4886228	5086228	harbor2	chr9	4970825	4971372	LINE/L2	1453	+	274	4971099	84871
chr9	4886228	5086228	harbor2	chr9	4972549	4973642	LINE/L2	2828	+	546	4973095	86867
chr9	4886228	5086228	harbor2	chr9	4983832	4984345	LINE/L2	1319	+	256	4984088	97860
chr9	4884728	5084728	harbor2	chr9	4893575	4894236	LINE/L2	792	+	330	4893905	9177
chr9	4884728	5084728	harbor2	chr9	4970825	4971372	LINE/L2	1453	+	274	4971099	86371
chr9	4884728	5084728	harbor2	chr9	4972549	4973642	LINE/L2	2828	+	546	4973095	88367
chr9	4884728	5084728	harbor2	chr9	4983832	4984345	LINE/L2	1319	+	256	4984088	99360
chr9	37233585	37433585	harbor2	chr9	37288508	37289138	LINE/L2	3033	+	315	37288823	55238
chr9	37233585	37433585	harbor2	chr9	37289449	37290242	LINE/L2	3033	+	396	37289845	56260
chr9	4692837	4892837	harbor2	chr9	4770436	4770761	LINE/L2	622	+	162	4770598	77761
chr9	4692837	4892837	harbor2	chr9	4770807	4771005	LINE/L2	510	+	99	4770906	78069
chr9	4885225	5085225	harbor2	chr9	4893575	4894236	LINE/L2	792	+	330	4893905	8680
chr9	4885225	5085225	harbor2	chr9	4970825	4971372	LINE/L2	1453	+	274	4971099	85874
chr9	4885225	5085225	harbor2	chr9	4972549	4973642	LINE/L2	2828	+	546	4973095	87870
chr9	4885225	5085225	harbor2	chr9	4983832	4984345	LINE/L2	1319	+	256	4984088	98863
chr9	4698150	4898150	harbor2	chr9	4770436	4770761	LINE/L2	622	+	162	4770598	72448
chr9	4698150	4898150	harbor2	chr9	4770807	4771005	LINE/L2	510	+	99	4770906	72756
chr9	4692907	4892907	harbor2	chr9	4770436	4770761	LINE/L2	622	+	162	4770598	77691
chr9	4692907	4892907	harbor2	chr9	4770807	4771005	LINE/L2	510	+	99	4770906	77999
chr9	4692711	4892711	harbor2	chr9	4770436	4770761	LINE/L2	622	+	162	4770598	77887
chr9	4692711	4892711	harbor2	chr9	4770807	4771005	LINE/L2	510	+	99	4770906	78195
chr9	4884786	5084786	harbor2	chr9	4893575	4894236	LINE/L2	792	+	330	4893905	9119
chr9	4884786	5084786	harbor2	chr9	4970825	4971372	LINE/L2	1453	+	274	4971099	86313
chr9	4884786	5084786	harbor2	chr9	4972549	4973642	LINE/L2	2828	+	546	4973095	88309
chr9	4884786	5084786	harbor2	chr9	4983832	4984345	LINE/L2	1319	+	256	4984088	99302
chr9	4884857	5084857	harbor2	chr9	4893575	4894236	LINE/L2	792	+	330	4893905	9048
chr9	4884857	5084857	harbor2	chr9	4970825	4971372	LINE/L2	1453	+	274	4971099	86242
chr9	4884857	5084857	harbor2	chr9	4972549	4973642	LINE/L2	2828	+	546	4973095	88238
chr9	4884857	5084857	harbor2	chr9	4983832	4984345	LINE/L2	1319	+	256	4984088	99231
chr9	1	129256	harbor2	chr9	37841	37973	LINE/L2	546	+	66	37907	37906
chr9	1	129256	harbor2	chr9	40090	40413	LINE/L2	725	+	162	40252	40251
chr9	1	129256	harbor2	chr9	40682	40698	LINE/L2	725	+	8	40690	40689
chr9	1	129256	harbor2	chr9	44454	44846	LINE/L2	553	+	196	44650	44649
chr9	1	129256	harbor2	chr9	45156	45327	LINE/L2	553	+	86	45242	45241
chr9	1	129256	harbor2	chr9	45369	45665	LINE/L2	797	+	148	45517	45516
chr9	1	129256	harbor2	chr9	47069	47120	LINE/L2	797	+	26	47095	47094
chr9	1	129256	harbor2	chr9	54666	55263	LINE/L2	1017	+	298	54964	54963
chr9	4692877	4892877	harbor2	chr9	4770436	4770761	LINE/L2	622	+	162	4770598	77721
chr9	4692877	4892877	harbor2	chr9	4770807	4771005	LINE/L2	510	+	99	4770906	78029
chr9	113087955	113287955	harbor2	chr9	113172912	113173212	LINE/L2	553	+	150	113173062	85107
chr9	35657140	35857140	harbor2	chr9	35691841	35692353	LINE/L2	580	+	256	35692097	34957
chr9	35657140	35857140	harbor2	chr9	35724343	35724517	LINE/L2	545	+	87	35724430	67290
chr9	4884757	5084757	harbor2	chr9	4893575	4894236	LINE/L2	792	+	330	4893905	9148
chr9	4884757	5084757	harbor2	chr9	4970825	4971372	LINE/L2	1453	+	274	4971099	86342
chr9	4884757	5084757	harbor2	chr9	4972549	4973642	LINE/L2	2828	+	546	4973095	88338
chr9	4884757	5084757	harbor2	chr9	4983832	4984345	LINE/L2	1319	+	256	4984088	99331
chr9	4693388	4893388	harbor2	chr9	4770436	4770761	LINE/L2	622	+	162	4770598	77210
chr9	4693388	4893388	harbor2	chr9	4770807	4771005	LINE/L2	510	+	99	4770906	77518
chr9	4692814	4892814	harbor2	chr9	4770436	4770761	LINE/L2	622	+	162	4770598	77784
chr9	4692814	4892814	harbor2	chr9	4770807	4771005	LINE/L2	510	+	99	4770906	78092
chr9	4886219	5086219	harbor2	chr9	4893575	4894236	LINE/L2	792	+	330	4893905	7686
chr9	4886219	5086219	harbor2	chr9	4970825	4971372	LINE/L2	1453	+	274	4971099	84880
chr9	4886219	5086219	harbor2	chr9	4972549	4973642	LINE/L2	2828	+	546	4973095	86876
chr9	4886219	5086219	harbor2	chr9	4983832	4984345	LINE/L2	1319	+	256	4984088	97869
chr9	4692878	4892878	harbor2	chr9	4770436	4770761	LINE/L2	622	+	162	4770598	77720
chr9	4692878	4892878	harbor2	chr9	4770807	4771005	LINE/L2	510	+	99	4770906	78028
chr9	4884862	5084862	harbor2	chr9	4893575	4894236	LINE/L2	792	+	330	4893905	9043
chr9	4884862	5084862	harbor2	chr9	4970825	4971372	LINE/L2	1453	+	274	4971099	86237
chr9	4884862	5084862	harbor2	chr9	4972549	4973642	LINE/L2	2828	+	546	4973095	88233
chr9	4884862	5084862	harbor2	chr9	4983832	4984345	LINE/L2	1319	+	256	4984088	99226
chr9	4768126	4968126	harbor2	chr9	4770436	4770761	LINE/L2	622	+	162	4770598	2472
chr9	4768126	4968126	harbor2	chr9	4770807	4771005	LINE/L2	510	+	99	4770906	2780
chr9	4692777	4892777	harbor2	chr9	4770436	4770761	LINE/L2	622	+	162	4770598	77821
chr9	4692777	4892777	harbor2	chr9	4770807	4771005	LINE/L2	510	+	99	4770906	78129
chr9	4885989	5085989	harbor2	chr9	4893575	4894236	LINE/L2	792	+	330	4893905	7916
chr9	4885989	5085989	harbor2	chr9	4970825	4971372	LINE/L2	1453	+	274	4971099	85110
chr9	4885989	5085989	harbor2	chr9	4972549	4973642	LINE/L2	2828	+	546	4973095	87106
chr9	4885989	5085989	harbor2	chr9	4983832	4984345	LINE/L2	1319	+	256	4984088	98099
chr9	124254555	124454555	harbor2	chr9	124255656	124255777	LINE/L2	533	+	60	124255716	1161
chr9	124254555	124454555	harbor2	chr9	124256079	124256251	LINE/L2	533	+	86	124256165	1610
chr9	4990107	5190107	harbor2	chr9	4991742	4991933	LINE/L2	538	+	96	4991838	1731
chr9	4692867	4892867	harbor2	chr9	4770436	4770761	LINE/L2	622	+	162	4770598	77731
chr9	4692867	4892867	harbor2	chr9	4770807	4771005	LINE/L2	510	+	99	4770906	78039
chr9	4692785	4892785	harbor2	chr9	4770436	4770761	LINE/L2	622	+	162	4770598	77813
chr9	4692785	4892785	harbor2	chr9	4770807	4771005	LINE/L2	510	+	99	4770906	78121
chr9	132707943	132907943	harbor2	chr9	132772229	132772277	LINE/L2	1747	+	24	132772253	64310
chr9	132707943	132907943	harbor2	chr9	132772636	132773608	LINE/L2	1747	+	486	132773122	65179
chr9	35657135	35857135	harbor2	chr9	35691841	35692353	LINE/L2	580	+	256	35692097	34962
chr9	35657135	35857135	harbor2	chr9	35724343	35724517	LINE/L2	545	+	87	35724430	67295
chr9	6956424	7156424	harbor2	chr9	6988714	6989080	LINE/L2	769	+	183	6988897	32473
chr9	35657145	35857145	harbor2	chr9	35691841	35692353	LINE/L2	580	+	256	35692097	34952
chr9	35657145	35857145	harbor2	chr9	35724343	35724517	LINE/L2	545	+	87	35724430	67285
chr9	4884744	5084744	harbor2	chr9	4893575	4894236	LINE/L2	792	+	330	4893905	9161
chr9	4884744	5084744	harbor2	chr9	4970825	4971372	LINE/L2	1453	+	274	4971099	86355
chr9	4884744	5084744	harbor2	chr9	4972549	4973642	LINE/L2	2828	+	546	4973095	88351
chr9	4884744	5084744	harbor2	chr9	4983832	4984345	LINE/L2	1319	+	256	4984088	99344
chr9	89263404	89463404	harbor2	chr9	89263532	89263664	LINE/L2	497	+	66	89263598	194
chr9	134036117	134236117	harbor2	chr9	134055136	134055405	LINE/L2	485	+	134	134055270	19153
chr9	97885753	98085753	harbor2	chr9	97907677	97907997	LINE/L2	1132	+	160	97907837	22084
chr9	97885753	98085753	harbor2	chr9	97908604	97908870	LINE/L2	1132	+	133	97908737	22984
chr9	133637396	133837396	harbor2	chr9	133693060	133693271	LINE/L2	598	+	106	133693166	55770
chr9	133637396	133837396	harbor2	chr9	133717741	133718061	LINE/L2	673	+	160	133717901	80505
chr9	133637396	133837396	harbor2	chr9	133718372	133718519	LINE/L2	673	+	74	133718446	81050
chr9	4698109	4898109	harbor2	chr9	4770436	4770761	LINE/L2	622	+	162	4770598	72489
chr9	4698109	4898109	harbor2	chr9	4770807	4771005	LINE/L2	510	+	99	4770906	72797
chr9	4885834	5085834	harbor2	chr9	4893575	4894236	LINE/L2	792	+	330	4893905	8071
chr9	4885834	5085834	harbor2	chr9	4970825	4971372	LINE/L2	1453	+	274	4971099	85265
chr9	4885834	5085834	harbor2	chr9	4972549	4973642	LINE/L2	2828	+	546	4973095	87261
chr9	4885834	5085834	harbor2	chr9	4983832	4984345	LINE/L2	1319	+	256	4984088	98254
chr9	4698056	4898056	harbor2	chr9	4770436	4770761	LINE/L2	622	+	162	4770598	72542
chr9	4698056	4898056	harbor2	chr9	4770807	4771005	LINE/L2	510	+	99	4770906	72850
chr9	68655476	68855476	harbor2	chr9	68719966	68720132	LINE/L2	507	+	83	68720049	64573
chr9	68655476	68855476	harbor2	chr9	68714105	68714541	LINE/L2	931	+	218	68714323	58847
chr9	4884821	5084821	harbor2	chr9	4893575	4894236	LINE/L2	792	+	330	4893905	9084
chr9	4884821	5084821	harbor2	chr9	4970825	4971372	LINE/L2	1453	+	274	4971099	86278
chr9	4884821	5084821	harbor2	chr9	4972549	4973642	LINE/L2	2828	+	546	4973095	88274
chr9	4884821	5084821	harbor2	chr9	4983832	4984345	LINE/L2	1319	+	256	4984088	99267
chr9	4693327	4893327	harbor2	chr9	4770436	4770761	LINE/L2	622	+	162	4770598	77271
chr9	4693327	4893327	harbor2	chr9	4770807	4771005	LINE/L2	510	+	99	4770906	77579
chr9	4991439	5191439	harbor2	chr9	4991742	4991933	LINE/L2	538	+	96	4991838	399
chr9	112387609	112587609	harbor2	chr9	112436369	112436493	LINE/L2	587	+	62	112436431	48822
chr9	112387609	112587609	harbor2	chr9	112455354	112455910	LINE/L2	878	+	278	112455632	68023
chr9	112387609	112587609	harbor2	chr9	112456066	112456647	LINE/L2	878	+	290	112456356	68747
chr9	4884854	5084854	harbor2	chr9	4893575	4894236	LINE/L2	792	+	330	4893905	9051
chr9	4884854	5084854	harbor2	chr9	4970825	4971372	LINE/L2	1453	+	274	4971099	86245
chr9	4884854	5084854	harbor2	chr9	4972549	4973642	LINE/L2	2828	+	546	4973095	88241
chr9	4884854	5084854	harbor2	chr9	4983832	4984345	LINE/L2	1319	+	256	4984088	99234
chr9	4884876	5084876	harbor2	chr9	4893575	4894236	LINE/L2	792	+	330	4893905	9029
chr9	4884876	5084876	harbor2	chr9	4970825	4971372	LINE/L2	1453	+	274	4971099	86223
chr9	4884876	5084876	harbor2	chr9	4972549	4973642	LINE/L2	2828	+	546	4973095	88219
chr9	4884876	5084876	harbor2	chr9	4983832	4984345	LINE/L2	1319	+	256	4984088	99212
chr9	35698455	35898455	harbor2	chr9	35724343	35724517	LINE/L2	545	+	87	35724430	25975
chr9	4884809	5084809	harbor2	chr9	4893575	4894236	LINE/L2	792	+	330	4893905	9096
chr9	4884809	5084809	harbor2	chr9	4970825	4971372	LINE/L2	1453	+	274	4971099	86290
chr9	4884809	5084809	harbor2	chr9	4972549	4973642	LINE/L2	2828	+	546	4973095	88286
chr9	4884809	5084809	harbor2	chr9	4983832	4984345	LINE/L2	1319	+	256	4984088	99279
chr9	125647137	125847137	harbor2	chr9	125659381	125659782	LINE/L2	1019	+	200	125659581	12444
chr9	125647137	125847137	harbor2	chr9	125660467	125660885	LINE/L2	914	+	209	125660676	13539
chr9	125647137	125847137	harbor2	chr9	125663102	125663646	LINE/L2	1527	+	272	125663374	16237
chr9	125647137	125847137	harbor2	chr9	125731456	125731786	LINE/L2	577	+	165	125731621	84484
chr9	125647137	125847137	harbor2	chr9	125732090	125732394	LINE/L2	577	+	152	125732242	85105
chr9	4886126	5086126	harbor2	chr9	4893575	4894236	LINE/L2	792	+	330	4893905	7779
chr9	4886126	5086126	harbor2	chr9	4970825	4971372	LINE/L2	1453	+	274	4971099	84973
chr9	4886126	5086126	harbor2	chr9	4972549	4973642	LINE/L2	2828	+	546	4973095	86969
chr9	4886126	5086126	harbor2	chr9	4983832	4984345	LINE/L2	1319	+	256	4984088	97962
chr9	128319396	128519396	harbor2	chr9	128349832	128350146	LINE/L2	573	+	157	128349989	30593
chr9	128319396	128519396	harbor2	chr9	128365797	128366008	LINE/L2	497	+	106	128365903	46507
chr9	128319396	128519396	harbor2	chr9	128366657	128366749	LINE/L2	497	+	46	128366703	47307
chr9	128319396	128519396	harbor2	chr9	128413902	128414165	LINE/L2	923	+	132	128414034	94638
chr9	128319396	128519396	harbor2	chr9	128414477	128414698	LINE/L2	923	+	110	128414587	95191
chr9	88952836	89152836	harbor2	chr9	88960608	88960882	LINE/L2	523	+	137	88960745	7909
chr9	89263414	89463414	harbor2	chr9	89263532	89263664	LINE/L2	497	+	66	89263598	184
chr9	35657122	35857122	harbor2	chr9	35691841	35692353	LINE/L2	580	+	256	35692097	34975
chr9	35657122	35857122	harbor2	chr9	35724343	35724517	LINE/L2	545	+	87	35724430	67308
chr9	4692732	4892732	harbor2	chr9	4770436	4770761	LINE/L2	622	+	162	4770598	77866
chr9	4692732	4892732	harbor2	chr9	4770807	4771005	LINE/L2	510	+	99	4770906	78174
chr9	4885722	5085722	harbor2	chr9	4893575	4894236	LINE/L2	792	+	330	4893905	8183
chr9	4885722	5085722	harbor2	chr9	4970825	4971372	LINE/L2	1453	+	274	4971099	85377
chr9	4885722	5085722	harbor2	chr9	4972549	4973642	LINE/L2	2828	+	546	4973095	87373
chr9	4885722	5085722	harbor2	chr9	4983832	4984345	LINE/L2	1319	+	256	4984088	98366
chr9	4729056	4929056	harbor2	chr9	4770436	4770761	LINE/L2	622	+	162	4770598	41542
chr9	4729056	4929056	harbor2	chr9	4770807	4771005	LINE/L2	510	+	99	4770906	41850
chr9	4692766	4892766	harbor2	chr9	4770436	4770761	LINE/L2	622	+	162	4770598	77832
chr9	4692766	4892766	harbor2	chr9	4770807	4771005	LINE/L2	510	+	99	4770906	78140
chr9	4885228	5085228	harbor2	chr9	4893575	4894236	LINE/L2	792	+	330	4893905	8677
chr9	4885228	5085228	harbor2	chr9	4970825	4971372	LINE/L2	1453	+	274	4971099	85871
chr9	4885228	5085228	harbor2	chr9	4972549	4973642	LINE/L2	2828	+	546	4973095	87867
chr9	4885228	5085228	harbor2	chr9	4983832	4984345	LINE/L2	1319	+	256	4984088	98860
chr9	4889537	5089537	harbor2	chr9	4893575	4894236	LINE/L2	792	+	330	4893905	4368
chr9	4889537	5089537	harbor2	chr9	4970825	4971372	LINE/L2	1453	+	274	4971099	81562
chr9	4889537	5089537	harbor2	chr9	4972549	4973642	LINE/L2	2828	+	546	4973095	83558
chr9	4889537	5089537	harbor2	chr9	4983832	4984345	LINE/L2	1319	+	256	4984088	94551
chr9	134036890	134236890	harbor2	chr9	134055136	134055405	LINE/L2	485	+	134	134055270	18380
chr9	4885594	5085594	harbor2	chr9	4893575	4894236	LINE/L2	792	+	330	4893905	8311
chr9	4885594	5085594	harbor2	chr9	4970825	4971372	LINE/L2	1453	+	274	4971099	85505
chr9	4885594	5085594	harbor2	chr9	4972549	4973642	LINE/L2	2828	+	546	4973095	87501
chr9	4885594	5085594	harbor2	chr9	4983832	4984345	LINE/L2	1319	+	256	4984088	98494
chr9	4692826	4892826	harbor2	chr9	4770436	4770761	LINE/L2	622	+	162	4770598	77772
chr9	4692826	4892826	harbor2	chr9	4770807	4771005	LINE/L2	510	+	99	4770906	78080
chr9	35726185	35926185	harbor2	chr9	35817618	35818285	LINE/L2	573	+	334	35817952	91767
chr9	35726185	35926185	harbor2	chr9	35822067	35822400	LINE/L2	664	+	166	35822233	96048
chr9	35726185	35926185	harbor2	chr9	35822707	35823034	LINE/L2	664	+	164	35822871	96686
chr9	35726185	35926185	harbor2	chr9	35823068	35823414	LINE/L2	578	+	173	35823241	97056
chr9	19131608	19331608	harbor2	chr9	19165601	19165776	LINE/L2	937	+	88	19165689	34081
chr9	19131608	19331608	harbor2	chr9	19166071	19166148	LINE/L2	937	+	38	19166109	34501
chr9	35657132	35857132	harbor2	chr9	35691841	35692353	LINE/L2	580	+	256	35692097	34965
chr9	35657132	35857132	harbor2	chr9	35724343	35724517	LINE/L2	545	+	87	35724430	67298
chr9	4884814	5084814	harbor2	chr9	4893575	4894236	LINE/L2	792	+	330	4893905	9091
chr9	4884814	5084814	harbor2	chr9	4970825	4971372	LINE/L2	1453	+	274	4971099	86285
chr9	4884814	5084814	harbor2	chr9	4972549	4973642	LINE/L2	2828	+	546	4973095	88281
chr9	4884814	5084814	harbor2	chr9	4983832	4984345	LINE/L2	1319	+	256	4984088	99274
chr9	79474112	79674112	harbor2	chr9	79567237	79567459	LINE/L2	587	+	111	79567348	93236
chr9	79474112	79674112	harbor2	chr9	79568147	79568213	LINE/L2	587	+	33	79568180	94068
chr9	4692728	4892728	harbor2	chr9	4770436	4770761	LINE/L2	622	+	162	4770598	77870
chr9	4692728	4892728	harbor2	chr9	4770807	4771005	LINE/L2	510	+	99	4770906	78178
chr9	134036110	134236110	harbor2	chr9	134055136	134055405	LINE/L2	485	+	134	134055270	19160
chr9	130377039	130577039	harbor2	chr9	130399857	130400201	LINE/L2	491	+	172	130400029	22990
chr9	84422130	84622130	harbor2	chr9	84464132	84464596	LINE/L2	754	+	232	84464364	42234
chr9	4692827	4892827	harbor2	chr9	4770436	4770761	LINE/L2	622	+	162	4770598	77771
chr9	4692827	4892827	harbor2	chr9	4770807	4771005	LINE/L2	510	+	99	4770906	78079
chr9	97885525	98085525	harbor2	chr9	97907677	97907997	LINE/L2	1132	+	160	97907837	22312
chr9	97885525	98085525	harbor2	chr9	97908604	97908870	LINE/L2	1132	+	133	97908737	23212
chr9	111562999	111762999	harbor2	chr9	111610868	111611248	LINE/L2	640	+	190	111611058	48059
chr9	111562999	111762999	harbor2	chr9	111612891	111613201	LINE/L2	637	+	155	111613046	50047
chr9	111562999	111762999	harbor2	chr9	111630306	111630459	LINE/L2	632	+	76	111630382	67383
chr9	4692863	4892863	harbor2	chr9	4770436	4770761	LINE/L2	622	+	162	4770598	77735
chr9	4692863	4892863	harbor2	chr9	4770807	4771005	LINE/L2	510	+	99	4770906	78043
chr9	93086535	93286535	harbor2	chr9	93089784	93090012	LINE/L2	509	+	114	93089898	3363
chr9	93086535	93286535	harbor2	chr9	93091115	93091407	LINE/L2	509	+	146	93091261	4726
chr9	4890034	5090034	harbor2	chr9	4893575	4894236	LINE/L2	792	+	330	4893905	3871
chr9	4890034	5090034	harbor2	chr9	4970825	4971372	LINE/L2	1453	+	274	4971099	81065
chr9	4890034	5090034	harbor2	chr9	4972549	4973642	LINE/L2	2828	+	546	4973095	83061
chr9	4890034	5090034	harbor2	chr9	4983832	4984345	LINE/L2	1319	+	256	4984088	94054
chr9	4693547	4893547	harbor2	chr9	4770436	4770761	LINE/L2	622	+	162	4770598	77051
chr9	4693547	4893547	harbor2	chr9	4770807	4771005	LINE/L2	510	+	99	4770906	77359
chr9	112387187	112587187	harbor2	chr9	112436369	112436493	LINE/L2	587	+	62	112436431	49244
chr9	112387187	112587187	harbor2	chr9	112455354	112455910	LINE/L2	878	+	278	112455632	68445
chr9	112387187	112587187	harbor2	chr9	112456066	112456647	LINE/L2	878	+	290	112456356	69169
chr9	4693361	4893361	harbor2	chr9	4770436	4770761	LINE/L2	622	+	162	4770598	77237
chr9	4693361	4893361	harbor2	chr9	4770807	4771005	LINE/L2	510	+	99	4770906	77545
chr9	112420689	112620689	harbor2	chr9	112436369	112436493	LINE/L2	587	+	62	112436431	15742
chr9	112420689	112620689	harbor2	chr9	112455354	112455910	LINE/L2	878	+	278	112455632	34943
chr9	112420689	112620689	harbor2	chr9	112456066	112456647	LINE/L2	878	+	290	112456356	35667
chr9	112420689	112620689	harbor2	chr9	112493238	112493516	LINE/L2	585	+	139	112493377	72688
chr9	4692842	4892842	harbor2	chr9	4770436	4770761	LINE/L2	622	+	162	4770598	77756
chr9	4692842	4892842	harbor2	chr9	4770807	4771005	LINE/L2	510	+	99	4770906	78064
chr9	112389364	112589364	harbor2	chr9	112436369	112436493	LINE/L2	587	+	62	112436431	47067
chr9	112389364	112589364	harbor2	chr9	112455354	112455910	LINE/L2	878	+	278	112455632	66268
chr9	112389364	112589364	harbor2	chr9	112456066	112456647	LINE/L2	878	+	290	112456356	66992
chr9	4884868	5084868	harbor2	chr9	4893575	4894236	LINE/L2	792	+	330	4893905	9037
chr9	4884868	5084868	harbor2	chr9	4970825	4971372	LINE/L2	1453	+	274	4971099	86231
chr9	4884868	5084868	harbor2	chr9	4972549	4973642	LINE/L2	2828	+	546	4973095	88227
chr9	4884868	5084868	harbor2	chr9	4983832	4984345	LINE/L2	1319	+	256	4984088	99220
chr9	22257300	22457300	harbor2	chr9	22309431	22309912	LINE/L2	1111	+	240	22309671	52371
chr9	22257300	22457300	harbor2	chr9	22338082	22338689	LINE/L2	568	+	304	22338386	81086
chr9	4692856	4892856	harbor2	chr9	4770436	4770761	LINE/L2	622	+	162	4770598	77742
chr9	4692856	4892856	harbor2	chr9	4770807	4771005	LINE/L2	510	+	99	4770906	78050
chr9	4692823	4892823	harbor2	chr9	4770436	4770761	LINE/L2	622	+	162	4770598	77775
chr9	4692823	4892823	harbor2	chr9	4770807	4771005	LINE/L2	510	+	99	4770906	78083
chr9	4884895	5084895	harbor2	chr9	4893575	4894236	LINE/L2	792	+	330	4893905	9010
chr9	4884895	5084895	harbor2	chr9	4970825	4971372	LINE/L2	1453	+	274	4971099	86204
chr9	4884895	5084895	harbor2	chr9	4972549	4973642	LINE/L2	2828	+	546	4973095	88200
chr9	4884895	5084895	harbor2	chr9	4983832	4984345	LINE/L2	1319	+	256	4984088	99193
chr9	35657149	35857149	harbor2	chr9	35691841	35692353	LINE/L2	580	+	256	35692097	34948
chr9	35657149	35857149	harbor2	chr9	35724343	35724517	LINE/L2	545	+	87	35724430	67281
chr9	65482190	65682190	harbor2	chr9	65524751	65524872	LINE/L2	542	+	60	65524811	42621
chr9	65482190	65682190	harbor2	chr9	65560470	65560735	LINE/L2	562	+	132	65560602	78412
chr9	65482190	65682190	harbor2	chr9	65576945	65577121	LINE/L2	1373	+	88	65577033	94843
chr9	65482190	65682190	harbor2	chr9	65577414	65577955	LINE/L2	1373	+	270	65577684	95494
chr9	68898713	69098713	harbor2	chr9	68929285	68929656	LINE/L2	909	+	186	68929471	30758
chr9	68898713	69098713	harbor2	chr9	68929970	68930755	LINE/L2	909	+	392	68930362	31649
chr9	68898713	69098713	harbor2	chr9	68992539	68992557	LINE/L2	511	+	9	68992548	93835
chr9	68898713	69098713	harbor2	chr9	68993175	68993463	LINE/L2	675	+	144	68993319	94606
chr9	4885406	5085406	harbor2	chr9	4893575	4894236	LINE/L2	792	+	330	4893905	8499
chr9	4885406	5085406	harbor2	chr9	4970825	4971372	LINE/L2	1453	+	274	4971099	85693
chr9	4885406	5085406	harbor2	chr9	4972549	4973642	LINE/L2	2828	+	546	4973095	87689
chr9	4885406	5085406	harbor2	chr9	4983832	4984345	LINE/L2	1319	+	256	4984088	98682
chr9	113809675	114009675	harbor2	chr9	113844983	113845286	LINE/L2	732	+	152	113845135	35460
chr9	97885737	98085737	harbor2	chr9	97907677	97907997	LINE/L2	1132	+	160	97907837	22100
chr9	97885737	98085737	harbor2	chr9	97908604	97908870	LINE/L2	1132	+	133	97908737	23000
chr9	4693426	4893426	harbor2	chr9	4770436	4770761	LINE/L2	622	+	162	4770598	77172
chr9	4693426	4893426	harbor2	chr9	4770807	4771005	LINE/L2	510	+	99	4770906	77480
chr9	4692886	4892886	harbor2	chr9	4770436	4770761	LINE/L2	622	+	162	4770598	77712
chr9	4692886	4892886	harbor2	chr9	4770807	4771005	LINE/L2	510	+	99	4770906	78020
chr9	83804284	84004284	harbor2	chr9	83826996	83827221	LINE/L2	548	+	112	83827108	22824
chr9	4885226	5085226	harbor2	chr9	4893575	4894236	LINE/L2	792	+	330	4893905	8679
chr9	4885226	5085226	harbor2	chr9	4970825	4971372	LINE/L2	1453	+	274	4971099	85873
chr9	4885226	5085226	harbor2	chr9	4972549	4973642	LINE/L2	2828	+	546	4973095	87869
chr9	4885226	5085226	harbor2	chr9	4983832	4984345	LINE/L2	1319	+	256	4984088	98862
chr9	4693750	4893750	harbor2	chr9	4770436	4770761	LINE/L2	622	+	162	4770598	76848
chr9	4693750	4893750	harbor2	chr9	4770807	4771005	LINE/L2	510	+	99	4770906	77156
chr9	4694585	4894585	harbor2	chr9	4770436	4770761	LINE/L2	622	+	162	4770598	76013
chr9	4694585	4894585	harbor2	chr9	4770807	4771005	LINE/L2	510	+	99	4770906	76321
chr10	70461474	70661474	harbor2	chr10	70461075	70461523	LINE/L2	861	+	224	70461299	175
chr10	70461474	70661474	harbor2	chr10	70473189	70473385	LINE/L2	499	+	98	70473287	11813
chr10	70461474	70661474	harbor2	chr10	70473503	70473641	LINE/L2	551	+	69	70473572	12098
chr10	70461474	70661474	harbor2	chr10	70493598	70494396	LINE/L2	1117	+	399	70493997	32523
chr10	78867019	79067019	harbor2	chr10	78939251	78939785	LINE/L2	633	+	267	78939518	72499
chr10	127453941	127653941	harbor2	chr10	127479171	127479481	LINE/L2	442	+	155	127479326	25385
chr10	75435110	75635110	harbor2	chr10	75481523	75482015	LINE/L2	564	+	246	75481769	46659
chr10	14854190	15054190	harbor2	chr10	14873469	14873630	LINE/L2	430	+	80	14873549	19359
chr10	14854190	15054190	harbor2	chr10	14876570	14876715	LINE/L2	548	+	72	14876642	22452
chr10	14778679	14978679	harbor2	chr10	14873469	14873630	LINE/L2	430	+	80	14873549	94870
chr10	14778679	14978679	harbor2	chr10	14876570	14876715	LINE/L2	548	+	72	14876642	97963
chr10	69780869	69980869	harbor2	chr10	69819835	69820242	LINE/L2	833	+	204	69820039	39170
chr10	69780869	69980869	harbor2	chr10	69812004	69812249	LINE/L2	509	+	122	69812126	31257
chr10	122468309	122668309	harbor2	chr10	122536461	122536595	LINE/L2	433	+	67	122536528	68219
chr10	122468309	122668309	harbor2	chr10	122540475	122540924	LINE/L2	457	+	224	122540699	72390
chr10	122468309	122668309	harbor2	chr10	122555435	122555694	LINE/L2	454	+	130	122555565	87256
chr10	92191166	92391166	harbor2	chr10	92201859	92201993	LINE/L2	521	+	67	92201926	10760
chr10	92191166	92391166	harbor2	chr10	92284362	92284868	LINE/L2	594	+	253	92284615	93449
chr10	123058794	123258794	harbor2	chr10	123065805	123066012	LINE/L2	470	+	104	123065909	7115
chr10	123058794	123258794	harbor2	chr10	123129307	123129647	LINE/L2	592	+	170	123129477	70683
chr10	97402344	97602344	harbor2	chr10	97444276	97444611	LINE/L2	435	+	168	97444444	42100
chr10	97402344	97602344	harbor2	chr10	97476536	97476670	LINE/L2	548	+	67	97476603	74259
chr10	23091420	23291420	harbor2	chr10	23104526	23104947	LINE/L2	519	+	210	23104736	13316
chr10	116171415	116371415	harbor2	chr10	116247065	116247923	LINE/L2	646	+	429	116247494	76079
chr10	116171415	116371415	harbor2	chr10	116257838	116258244	LINE/L2	481	+	203	116258041	86626
chr10	75114221	75314221	harbor2	chr10	75204471	75204667	LINE/L2	733	+	98	75204569	90348
chr10	75114221	75314221	harbor2	chr10	75204945	75205290	LINE/L2	733	+	172	75205117	90896
chr10	132235041	132435041	harbor2	chr10	132272417	132273145	LINE/L2	1130	+	364	132272781	37740
chr10	14778642	14978642	harbor2	chr10	14873469	14873630	LINE/L2	430	+	80	14873549	94907
chr10	14778642	14978642	harbor2	chr10	14876570	14876715	LINE/L2	548	+	72	14876642	98000
chr10	102145388	102345388	harbor2	chr10	102243147	102243391	LINE/L2	457	+	122	102243269	97881
chr10	14778676	14978676	harbor2	chr10	14873469	14873630	LINE/L2	430	+	80	14873549	94873
chr10	14778676	14978676	harbor2	chr10	14876570	14876715	LINE/L2	548	+	72	14876642	97966
chr10	102210250	102410250	harbor2	chr10	102243147	102243391	LINE/L2	457	+	122	102243269	33019
chr10	3073048	3273048	harbor2	chr10	3076367	3076744	LINE/L2	465	+	188	3076555	3507
chr10	10133183	10333183	harbor2	chr10	10140822	10141503	LINE/L2	1554	+	340	10141162	7979
chr10	10133183	10333183	harbor2	chr10	10207547	10207981	LINE/L2	510	+	217	10207764	74581
chr10	117192768	117392768	harbor2	chr10	117223908	117224051	LINE/L2	426	+	72	117223980	31212
chr10	62705914	62905914	harbor2	chr10	62718231	62719477	LINE/L2	3679	+	623	62718854	12940
chr10	62705914	62905914	harbor2	chr10	62719777	62719822	LINE/L2	1867	+	22	62719799	13885
chr10	62705914	62905914	harbor2	chr10	62720127	62720746	LINE/L2	1867	+	310	62720437	14523
chr10	62705914	62905914	harbor2	chr10	62720984	62721264	LINE/L2	717	+	140	62721124	15210
chr10	62705914	62905914	harbor2	chr10	62721387	62721532	LINE/L2	492	+	72	62721459	15545
chr10	62705914	62905914	harbor2	chr10	62729887	62730190	LINE/L2	433	+	152	62730039	24125
chr10	62705914	62905914	harbor2	chr10	62781155	62781520	LINE/L2	562	+	182	62781337	75423
chr10	62705914	62905914	harbor2	chr10	62800894	62801264	LINE/L2	451	+	185	62801079	95165
chr10	132252799	132452799	harbor2	chr10	132272417	132273145	LINE/L2	1130	+	364	132272781	19982
chr10	130910490	131110490	harbor2	chr10	130954634	130955106	LINE/L2	457	+	236	130954870	44380
chr10	132247691	132447691	harbor2	chr10	132272417	132273145	LINE/L2	1130	+	364	132272781	25090
chr10	96988807	97188807	harbor2	chr10	97028424	97028689	LINE/L2	482	+	132	97028556	39749
chr10	96988807	97188807	harbor2	chr10	97066200	97066276	LINE/L2	452	+	38	97066238	77431
chr10	89246928	89446928	harbor2	chr10	89293399	89293494	LINE/L2	724	+	48	89293447	46519
chr10	89246928	89446928	harbor2	chr10	89293928	89294066	LINE/L2	724	+	69	89293997	47069
chr10	106074072	106274072	harbor2	chr10	106156733	106156856	LINE/L2	424	+	62	106156795	82723
chr10	95990339	96190339	harbor2	chr10	95995400	95996014	LINE/L2	442	+	307	95995707	5368
chr10	95990339	96190339	harbor2	chr10	96041218	96041407	LINE/L2	699	+	94	96041312	50973
chr10	95990339	96190339	harbor2	chr10	96041714	96041851	LINE/L2	699	+	68	96041782	51443
chr10	96976278	97176278	harbor2	chr10	97028424	97028689	LINE/L2	482	+	132	97028556	52278
chr10	96976278	97176278	harbor2	chr10	97066200	97066276	LINE/L2	452	+	38	97066238	89960
chr10	113237565	113437565	harbor2	chr10	113277335	113277764	LINE/L2	646	+	214	113277549	39984
chr10	97418040	97618040	harbor2	chr10	97444276	97444611	LINE/L2	435	+	168	97444444	26404
chr10	97418040	97618040	harbor2	chr10	97476536	97476670	LINE/L2	548	+	67	97476603	58563
chr10	97418040	97618040	harbor2	chr10	97503823	97504435	LINE/L2	1723	+	306	97504129	86089
chr10	97399405	97599405	harbor2	chr10	97444276	97444611	LINE/L2	435	+	168	97444444	45039
chr10	97399405	97599405	harbor2	chr10	97476536	97476670	LINE/L2	548	+	67	97476603	77198
chr10	132233360	132433360	harbor2	chr10	132272417	132273145	LINE/L2	1130	+	364	132272781	39421
chr10	72255017	72455017	harbor2	chr10	72287210	72287520	LINE/L2	459	+	155	72287365	32348
chr10	92352968	92552968	harbor2	chr10	92373521	92373832	LINE/L2	670	+	156	92373677	20709
chr10	92352968	92552968	harbor2	chr10	92373883	92374001	LINE/L2	670	+	59	92373942	20974
chr10	92352968	92552968	harbor2	chr10	92404969	92405336	LINE/L2	709	+	184	92405153	52185
chr10	97398820	97598820	harbor2	chr10	97444276	97444611	LINE/L2	435	+	168	97444444	45624
chr10	97398820	97598820	harbor2	chr10	97476536	97476670	LINE/L2	548	+	67	97476603	77783
chr10	46182886	46382886	harbor2	chr10	46193143	46193775	LINE/L2	966	+	316	46193459	10573
chr10	46182886	46382886	harbor2	chr10	46193780	46194149	LINE/L2	1119	+	184	46193964	11078
chr10	46182886	46382886	harbor2	chr10	46194519	46194603	LINE/L2	1119	+	42	46194561	11675
chr10	46182886	46382886	harbor2	chr10	46194985	46195309	LINE/L2	1119	+	162	46195147	12261
chr10	43505466	43705466	harbor2	chr10	43568631	43568768	LINE/L2	559	+	68	43568699	63233
chr10	43505466	43705466	harbor2	chr10	43569001	43569489	LINE/L2	559	+	244	43569245	63779
chr10	43505466	43705466	harbor2	chr10	43576042	43576431	LINE/L2	1650	+	194	43576236	70770
chr10	43505466	43705466	harbor2	chr10	43576694	43577149	LINE/L2	1650	+	228	43576922	71456
chr10	101036917	101236917	harbor2	chr10	101129677	101129863	LINE/L2	783	+	93	101129770	92853
chr10	75308135	75508135	harbor2	chr10	75374362	75374783	LINE/L2	815	+	210	75374572	66437
chr10	75308135	75508135	harbor2	chr10	75386641	75387060	LINE/L2	457	+	210	75386851	78716
chr10	86842653	87042653	harbor2	chr10	86870723	86871456	LINE/L2	476	+	366	86871089	28436
chr10	22337523	22537523	harbor2	chr10	22356696	22357380	LINE/L2	484	+	342	22357038	19515
chr10	132233977	132433977	harbor2	chr10	132272417	132273145	LINE/L2	1130	+	364	132272781	38804
chr10	71242673	71442673	harbor2	chr10	71334446	71334627	LINE/L2	430	+	90	71334536	91863
chr10	5312490	5512490	harbor2	chr10	5380649	5381121	LINE/L2	859	+	236	5380885	68395
chr10	5312490	5512490	harbor2	chr10	5381669	5382194	LINE/L2	1607	+	262	5381931	69441
chr10	5312490	5512490	harbor2	chr10	5382313	5382660	LINE/L2	1607	+	174	5382487	69997
chr10	5312490	5512490	harbor2	chr10	5383176	5383512	LINE/L2	1607	+	168	5383344	70854
chr10	75111455	75311455	harbor2	chr10	75204471	75204667	LINE/L2	733	+	98	75204569	93114
chr10	75111455	75311455	harbor2	chr10	75204945	75205290	LINE/L2	733	+	172	75205117	93662
chr10	78867018	79067018	harbor2	chr10	78939251	78939785	LINE/L2	633	+	267	78939518	72500
chr10	77307204	77507204	harbor2	chr10	77359837	77359917	LINE/L2	461	+	40	77359877	52673
chr10	77307204	77507204	harbor2	chr10	77405118	77405426	LINE/L2	865	+	154	77405272	98068
chr10	75111531	75311531	harbor2	chr10	75204471	75204667	LINE/L2	733	+	98	75204569	93038
chr10	75111531	75311531	harbor2	chr10	75204945	75205290	LINE/L2	733	+	172	75205117	93586
chr10	62713157	62913157	harbor2	chr10	62718231	62719477	LINE/L2	3679	+	623	62718854	5697
chr10	62713157	62913157	harbor2	chr10	62719777	62719822	LINE/L2	1867	+	22	62719799	6642
chr10	62713157	62913157	harbor2	chr10	62720127	62720746	LINE/L2	1867	+	310	62720437	7280
chr10	62713157	62913157	harbor2	chr10	62720984	62721264	LINE/L2	717	+	140	62721124	7967
chr10	62713157	62913157	harbor2	chr10	62721387	62721532	LINE/L2	492	+	72	62721459	8302
chr10	62713157	62913157	harbor2	chr10	62729887	62730190	LINE/L2	433	+	152	62730039	16882
chr10	62713157	62913157	harbor2	chr10	62781155	62781520	LINE/L2	562	+	182	62781337	68180
chr10	62713157	62913157	harbor2	chr10	62800894	62801264	LINE/L2	451	+	185	62801079	87922
chr10	29348352	29548352	harbor2	chr10	29391879	29392165	LINE/L2	431	+	143	29392022	43670
chr10	14782829	14982829	harbor2	chr10	14873469	14873630	LINE/L2	430	+	80	14873549	90720
chr10	14782829	14982829	harbor2	chr10	14876570	14876715	LINE/L2	548	+	72	14876642	93813
chr10	35932	235932	harbor2	chr10	122860	123344	LINE/L2	1127	+	242	123102	87170
chr10	102252331	102452331	harbor2	chr10	102321197	102321351	LINE/L2	456	+	77	102321274	68943
chr10	132251469	132451469	harbor2	chr10	132272417	132273145	LINE/L2	1130	+	364	132272781	21312
chr10	97399404	97599404	harbor2	chr10	97444276	97444611	LINE/L2	435	+	168	97444444	45040
chr10	97399404	97599404	harbor2	chr10	97476536	97476670	LINE/L2	548	+	67	97476603	77199
chr10	79279921	79479921	harbor2	chr10	79329563	79329662	LINE/L2	502	+	50	79329613	49692
chr10	110775618	110975618	harbor2	chr10	110816523	110816763	LINE/L2	766	+	120	110816643	41025
chr10	51860313	52060313	harbor2	chr10	51897640	51898506	LINE/L2	1391	+	433	51898073	37760
chr10	89205746	89405746	harbor2	chr10	89293399	89293494	LINE/L2	724	+	48	89293447	87701
chr10	89205746	89405746	harbor2	chr10	89293928	89294066	LINE/L2	724	+	69	89293997	88251
chr10	46182816	46382816	harbor2	chr10	46193143	46193775	LINE/L2	966	+	316	46193459	10643
chr10	46182816	46382816	harbor2	chr10	46193780	46194149	LINE/L2	1119	+	184	46193964	11148
chr10	46182816	46382816	harbor2	chr10	46194519	46194603	LINE/L2	1119	+	42	46194561	11745
chr10	46182816	46382816	harbor2	chr10	46194985	46195309	LINE/L2	1119	+	162	46195147	12331
chr10	14778690	14978690	harbor2	chr10	14873469	14873630	LINE/L2	430	+	80	14873549	94859
chr10	14778690	14978690	harbor2	chr10	14876570	14876715	LINE/L2	548	+	72	14876642	97952
chr10	48094820	48294820	harbor2	chr10	48138743	48139224	LINE/L2	713	+	240	48138983	44163
chr10	48094820	48294820	harbor2	chr10	48165346	48166019	LINE/L2	1003	+	336	48165682	70862
chr10	48094820	48294820	harbor2	chr10	48166240	48166722	LINE/L2	601	+	241	48166481	71661
chr10	48094820	48294820	harbor2	chr10	48189573	48189685	LINE/L2	441	+	56	48189629	94809
chr10	67774631	67974631	harbor2	chr10	67783769	67784181	LINE/L2	884	+	206	67783975	9344
chr10	69473042	69673042	harbor2	chr10	69502846	69503022	LINE/L2	693	+	88	69502934	29892
chr10	69473042	69673042	harbor2	chr10	69514780	69515293	LINE/L2	1273	+	256	69515036	41994
chr11	133733675	133933675	harbor2	chr11	133827013	133827414	LINE/L2	866	+	200	133827213	93538
chr11	5191705	5391705	harbor2	chr11	5202356	5203110	LINE/L2	559	+	377	5202733	11028
chr11	5134523	5334523	harbor2	chr11	5202356	5203110	LINE/L2	559	+	377	5202733	68210
chr11	5127958	5327958	harbor2	chr11	5202356	5203110	LINE/L2	559	+	377	5202733	74775
chr11	5169679	5369679	harbor2	chr11	5202356	5203110	LINE/L2	559	+	377	5202733	33054
chr11	5127422	5327422	harbor2	chr11	5202356	5203110	LINE/L2	559	+	377	5202733	75311
chr11	5134276	5334276	harbor2	chr11	5202356	5203110	LINE/L2	559	+	377	5202733	68457
chr11	5188729	5388729	harbor2	chr11	5202356	5203110	LINE/L2	559	+	377	5202733	14004
chr11	68651701	68851701	harbor2	chr11	68721242	68721633	LINE/L2	643	+	196	68721438	69737
chr11	68651701	68851701	harbor2	chr11	68740732	68741210	LINE/L2	1710	+	239	68740971	89270
chr11	68651701	68851701	harbor2	chr11	68741202	68741616	LINE/L2	861	+	207	68741409	89708
chr11	64539025	64739025	harbor2	chr11	64585332	64585566	LINE/L2	1745	+	117	64585449	46424
chr11	64539025	64739025	harbor2	chr11	64585871	64587018	LINE/L2	1745	+	574	64586445	47420
chr11	5181733	5381733	harbor2	chr11	5202356	5203110	LINE/L2	559	+	377	5202733	21000
chr11	72123248	72323248	harbor2	chr11	72128618	72129481	LINE/L2	1204	+	432	72129050	5802
chr11	72123248	72323248	harbor2	chr11	72137922	72138055	LINE/L2	534	+	66	72137988	14740
chr11	72123248	72323248	harbor2	chr11	72141676	72142001	LINE/L2	441	+	162	72141838	18590
chr11	72123248	72323248	harbor2	chr11	72175033	72175167	LINE/L2	519	+	67	72175100	51852
chr11	72123248	72323248	harbor2	chr11	72180670	72180805	LINE/L2	404	+	68	72180738	57490
chr11	72123248	72323248	harbor2	chr11	72220272	72220579	LINE/L2	1016	+	154	72220426	97178
chr11	64242719	64442719	harbor2	chr11	64279092	64279444	LINE/L2	405	+	176	64279268	36549
chr11	64242719	64442719	harbor2	chr11	64281280	64281434	LINE/L2	628	+	77	64281357	38638
chr11	64242719	64442719	harbor2	chr11	64281439	64281730	LINE/L2	560	+	146	64281585	38866
chr11	64242719	64442719	harbor2	chr11	64282019	64282228	LINE/L2	560	+	104	64282123	39404
chr11	108021538	108221538	harbor2	chr11	108024852	108024995	LINE/L2	417	+	72	108024924	3386
chr11	108021538	108221538	harbor2	chr11	108026059	108026708	LINE/L2	4577	+	324	108026383	4845
chr11	108021538	108221538	harbor2	chr11	108027008	108027122	LINE/L2	4577	+	57	108027065	5527
chr11	108021538	108221538	harbor2	chr11	108027706	108028556	LINE/L2	4577	+	425	108028131	6593
chr11	108021538	108221538	harbor2	chr11	108028846	108029123	LINE/L2	4577	+	138	108028984	7446
chr11	108021538	108221538	harbor2	chr11	108069578	108069748	LINE/L2	468	+	85	108069663	48125
chr11	108021538	108221538	harbor2	chr11	108110870	108111191	LINE/L2	471	+	160	108111030	89492
chr11	108021538	108221538	harbor2	chr11	108111369	108111508	LINE/L2	471	+	70	108111439	89901
chr11	108021538	108221538	harbor2	chr11	108111807	108111904	LINE/L2	411	+	48	108111855	90317
chr11	108021538	108221538	harbor2	chr11	108112022	108112350	LINE/L2	411	+	164	108112186	90648
chr11	2054925	2254925	harbor2	chr11	2071256	2072255	LINE/L2	1070	+	500	2071756	16831
chr11	5127208	5327208	harbor2	chr11	5202356	5203110	LINE/L2	559	+	377	5202733	75525
chr11	5128910	5328910	harbor2	chr11	5202356	5203110	LINE/L2	559	+	377	5202733	73823
chr11	57401529	57601529	harbor2	chr11	57406131	57406238	LINE/L2	476	+	54	57406185	4656
chr11	57401529	57601529	harbor2	chr11	57410216	57410447	LINE/L2	529	+	116	57410332	8803
chr11	57401529	57601529	harbor2	chr11	57413713	57414193	LINE/L2	758	+	240	57413953	12424
chr11	57401529	57601529	harbor2	chr11	57479847	57480256	LINE/L2	447	+	204	57480051	78522
chr11	57401529	57601529	harbor2	chr11	57500317	57500521	LINE/L2	475	+	102	57500419	98890
chr11	120028317	120228317	harbor2	chr11	120080325	120080910	LINE/L2	1076	+	292	120080617	52300
chr11	120028317	120228317	harbor2	chr11	120090164	120090321	LINE/L2	526	+	78	120090242	61925
chr11	120028317	120228317	harbor2	chr11	120118480	120119046	LINE/L2	497	+	283	120118763	90446
chr11	120028317	120228317	harbor2	chr11	120126565	120126911	LINE/L2	478	+	173	120126738	98421
chr11	108021539	108221539	harbor2	chr11	108024852	108024995	LINE/L2	417	+	72	108024924	3385
chr11	108021539	108221539	harbor2	chr11	108026059	108026708	LINE/L2	4577	+	324	108026383	4844
chr11	108021539	108221539	harbor2	chr11	108027008	108027122	LINE/L2	4577	+	57	108027065	5526
chr11	108021539	108221539	harbor2	chr11	108027706	108028556	LINE/L2	4577	+	425	108028131	6592
chr11	108021539	108221539	harbor2	chr11	108028846	108029123	LINE/L2	4577	+	138	108028984	7445
chr11	108021539	108221539	harbor2	chr11	108069578	108069748	LINE/L2	468	+	85	108069663	48124
chr11	108021539	108221539	harbor2	chr11	108110870	108111191	LINE/L2	471	+	160	108111030	89491
chr11	108021539	108221539	harbor2	chr11	108111369	108111508	LINE/L2	471	+	70	108111439	89900
chr11	108021539	108221539	harbor2	chr11	108111807	108111904	LINE/L2	411	+	48	108111855	90316
chr11	108021539	108221539	harbor2	chr11	108112022	108112350	LINE/L2	411	+	164	108112186	90647
chr11	119392012	119592012	harbor2	chr11	119409056	119409272	LINE/L2	529	+	108	119409164	17152
chr11	119392012	119592012	harbor2	chr11	119409404	119409704	LINE/L2	529	+	150	119409554	17542
chr11	119392012	119592012	harbor2	chr11	119410249	119410797	LINE/L2	1053	+	274	119410523	18511
chr11	119392012	119592012	harbor2	chr11	119412315	119412761	LINE/L2	583	+	223	119412538	20526
chr11	119392012	119592012	harbor2	chr11	119412893	119413109	LINE/L2	583	+	108	119413001	20989
chr11	119392012	119592012	harbor2	chr11	119433504	119433741	LINE/L2	465	+	118	119433622	41610
chr11	119392012	119592012	harbor2	chr11	119478928	119479173	LINE/L2	688	+	122	119479050	87038
chr11	119392012	119592012	harbor2	chr11	119479939	119481468	LINE/L2	2683	+	764	119480703	88691
chr11	119392012	119592012	harbor2	chr11	119485494	119485765	LINE/L2	526	+	136	119485630	93618
chr11	5133667	5333667	harbor2	chr11	5202356	5203110	LINE/L2	559	+	377	5202733	69066
chr11	6381515	6581515	harbor2	chr11	6398167	6398418	LINE/L2	780	+	126	6398293	16778
chr11	6381515	6581515	harbor2	chr11	6398944	6399786	LINE/L2	1309	+	421	6399365	17850
chr11	6381515	6581515	harbor2	chr11	6406348	6406682	LINE/L2	417	+	167	6406515	25000
chr11	6381515	6581515	harbor2	chr11	6412455	6412754	LINE/L2	918	+	150	6412605	31090
chr11	6381515	6581515	harbor2	chr11	6415749	6416717	LINE/L2	1195	+	484	6416233	34718
chr11	6381515	6581515	harbor2	chr11	6417047	6417551	LINE/L2	667	+	252	6417299	35784
chr11	6381515	6581515	harbor2	chr11	6428220	6428962	LINE/L2	644	+	371	6428591	47076
chr11	6381515	6581515	harbor2	chr11	6432464	6433185	LINE/L2	2448	+	360	6432824	51309
chr11	6381515	6581515	harbor2	chr11	6433477	6434195	LINE/L2	2448	+	359	6433836	52321
chr11	6381515	6581515	harbor2	chr11	6441819	6442060	LINE/L2	424	+	120	6441939	60424
chr11	6381515	6581515	harbor2	chr11	6446036	6446562	LINE/L2	798	+	263	6446299	64784
chr11	6381515	6581515	harbor2	chr11	6449545	6450451	LINE/L2	630	+	453	6449998	68483
chr11	6381515	6581515	harbor2	chr11	6452818	6453182	LINE/L2	460	+	182	6453000	71485
chr11	6381515	6581515	harbor2	chr11	6461230	6461684	LINE/L2	516	+	227	6461457	79942
chr11	6381515	6581515	harbor2	chr11	6461745	6462296	LINE/L2	897	+	276	6462021	80506
chr11	6381515	6581515	harbor2	chr11	6464126	6464590	LINE/L2	850	+	232	6464358	82843
chr11	6381515	6581515	harbor2	chr11	6464696	6464710	LINE/L2	850	+	7	6464703	83188
chr11	6381515	6581515	harbor2	chr11	6465012	6465119	LINE/L2	850	+	54	6465066	83551
chr11	6381515	6581515	harbor2	chr11	6466291	6467010	LINE/L2	818	+	360	6466651	85136
chr11	6381515	6581515	harbor2	chr11	6475526	6475679	LINE/L2	999	+	76	6475602	94087
chr11	6381515	6581515	harbor2	chr11	6475989	6476249	LINE/L2	999	+	130	6476119	94604
chr11	2059643	2259643	harbor2	chr11	2071256	2072255	LINE/L2	1070	+	500	2071756	12113
chr11	5127183	5327183	harbor2	chr11	5202356	5203110	LINE/L2	559	+	377	5202733	75550
chr11	5135332	5335332	harbor2	chr11	5202356	5203110	LINE/L2	559	+	377	5202733	67401
chr11	5134532	5334532	harbor2	chr11	5202356	5203110	LINE/L2	559	+	377	5202733	68201
chr11	113775363	113975363	harbor2	chr11	113836582	113837330	LINE/L2	739	+	374	113836956	61593
chr11	113775363	113975363	harbor2	chr11	113838290	113838855	LINE/L2	691	+	282	113838572	63209
chr11	113775363	113975363	harbor2	chr11	113850979	113851514	LINE/L2	1114	+	268	113851247	75884
chr11	113775363	113975363	harbor2	chr11	113851802	113852012	LINE/L2	444	+	105	113851907	76544
chr11	46138377	46338377	harbor2	chr11	46170394	46170550	LINE/L2	875	+	78	46170472	32095
chr11	46138377	46338377	harbor2	chr11	46170848	46171051	LINE/L2	875	+	102	46170950	32573
chr11	119842499	120042499	harbor2	chr11	119861347	119861693	LINE/L2	771	+	173	119861520	19021
chr11	119842499	120042499	harbor2	chr11	119869619	119870535	LINE/L2	1005	+	458	119870077	27578
chr11	119842499	120042499	harbor2	chr11	119872394	119872805	LINE/L2	423	+	206	119872600	30101
chr11	119842499	120042499	harbor2	chr11	119884175	119884712	LINE/L2	1050	+	268	119884443	41944
chr11	119842499	120042499	harbor2	chr11	119884729	119884897	LINE/L2	501	+	84	119884813	42314
chr11	119842499	120042499	harbor2	chr11	119885173	119885237	LINE/L2	501	+	32	119885205	42706
chr11	119842499	120042499	harbor2	chr11	119885361	119885550	LINE/L2	658	+	94	119885455	42956
chr11	119842499	120042499	harbor2	chr11	119901964	119902306	LINE/L2	472	+	171	119902135	59636
chr11	119842499	120042499	harbor2	chr11	119921797	119923502	LINE/L2	4301	+	852	119922649	80150
chr11	119842499	120042499	harbor2	chr11	119934198	119934808	LINE/L2	553	+	305	119934503	92004
chr11	5127072	5327072	harbor2	chr11	5202356	5203110	LINE/L2	559	+	377	5202733	75661
chr11	108021885	108221885	harbor2	chr11	108024852	108024995	LINE/L2	417	+	72	108024924	3039
chr11	108021885	108221885	harbor2	chr11	108026059	108026708	LINE/L2	4577	+	324	108026383	4498
chr11	108021885	108221885	harbor2	chr11	108027008	108027122	LINE/L2	4577	+	57	108027065	5180
chr11	108021885	108221885	harbor2	chr11	108027706	108028556	LINE/L2	4577	+	425	108028131	6246
chr11	108021885	108221885	harbor2	chr11	108028846	108029123	LINE/L2	4577	+	138	108028984	7099
chr11	108021885	108221885	harbor2	chr11	108069578	108069748	LINE/L2	468	+	85	108069663	47778
chr11	108021885	108221885	harbor2	chr11	108110870	108111191	LINE/L2	471	+	160	108111030	89145
chr11	108021885	108221885	harbor2	chr11	108111369	108111508	LINE/L2	471	+	70	108111439	89554
chr11	108021885	108221885	harbor2	chr11	108111807	108111904	LINE/L2	411	+	48	108111855	89970
chr11	108021885	108221885	harbor2	chr11	108112022	108112350	LINE/L2	411	+	164	108112186	90301
chr11	5127114	5327114	harbor2	chr11	5202356	5203110	LINE/L2	559	+	377	5202733	75619
chr11	57401008	57601008	harbor2	chr11	57406131	57406238	LINE/L2	476	+	54	57406185	5177
chr11	57401008	57601008	harbor2	chr11	57410216	57410447	LINE/L2	529	+	116	57410332	9324
chr11	57401008	57601008	harbor2	chr11	57413713	57414193	LINE/L2	758	+	240	57413953	12945
chr11	57401008	57601008	harbor2	chr11	57479847	57480256	LINE/L2	447	+	204	57480051	79043
chr11	57401008	57601008	harbor2	chr11	57500317	57500521	LINE/L2	475	+	102	57500419	99411
chr11	5129662	5329662	harbor2	chr11	5202356	5203110	LINE/L2	559	+	377	5202733	73071
chr11	5191376	5391376	harbor2	chr11	5202356	5203110	LINE/L2	559	+	377	5202733	11357
chr11	5134537	5334537	harbor2	chr11	5202356	5203110	LINE/L2	559	+	377	5202733	68196
chr11	5127991	5327991	harbor2	chr11	5202356	5203110	LINE/L2	559	+	377	5202733	74742
chr11	6290207	6490207	harbor2	chr11	6372117	6372369	LINE/L2	1133	+	126	6372243	82036
chr11	6290207	6490207	harbor2	chr11	6372661	6372922	LINE/L2	1133	+	130	6372791	82584
chr11	5140669	5340669	harbor2	chr11	5202356	5203110	LINE/L2	559	+	377	5202733	62064
chr11	5127134	5327134	harbor2	chr11	5202356	5203110	LINE/L2	559	+	377	5202733	75599
chr11	5140326	5340326	harbor2	chr11	5202356	5203110	LINE/L2	559	+	377	5202733	62407
chr11	57414568	57614568	harbor2	chr11	57479847	57480256	LINE/L2	447	+	204	57480051	65483
chr11	57414568	57614568	harbor2	chr11	57500317	57500521	LINE/L2	475	+	102	57500419	85851
chr11	108021571	108221571	harbor2	chr11	108024852	108024995	LINE/L2	417	+	72	108024924	3353
chr11	108021571	108221571	harbor2	chr11	108026059	108026708	LINE/L2	4577	+	324	108026383	4812
chr11	108021571	108221571	harbor2	chr11	108027008	108027122	LINE/L2	4577	+	57	108027065	5494
chr11	108021571	108221571	harbor2	chr11	108027706	108028556	LINE/L2	4577	+	425	108028131	6560
chr11	108021571	108221571	harbor2	chr11	108028846	108029123	LINE/L2	4577	+	138	108028984	7413
chr11	108021571	108221571	harbor2	chr11	108069578	108069748	LINE/L2	468	+	85	108069663	48092
chr11	108021571	108221571	harbor2	chr11	108110870	108111191	LINE/L2	471	+	160	108111030	89459
chr11	108021571	108221571	harbor2	chr11	108111369	108111508	LINE/L2	471	+	70	108111439	89868
chr11	108021571	108221571	harbor2	chr11	108111807	108111904	LINE/L2	411	+	48	108111855	90284
chr11	108021571	108221571	harbor2	chr11	108112022	108112350	LINE/L2	411	+	164	108112186	90615
chr11	5127140	5327140	harbor2	chr11	5202356	5203110	LINE/L2	559	+	377	5202733	75593
chr11	34108576	34308576	harbor2	chr11	34114522	34114870	LINE/L2	1084	+	174	34114696	6120
chr11	34108576	34308576	harbor2	chr11	34115180	34115285	LINE/L2	1084	+	52	34115232	6656
chr11	34108576	34308576	harbor2	chr11	34115307	34115588	LINE/L2	593	+	140	34115447	6871
chr11	65969856	66169856	harbor2	chr11	66063264	66063381	LINE/L2	508	+	58	66063322	93466
chr11	108021540	108221540	harbor2	chr11	108024852	108024995	LINE/L2	417	+	72	108024924	3384
chr11	108021540	108221540	harbor2	chr11	108026059	108026708	LINE/L2	4577	+	324	108026383	4843
chr11	108021540	108221540	harbor2	chr11	108027008	108027122	LINE/L2	4577	+	57	108027065	5525
chr11	108021540	108221540	harbor2	chr11	108027706	108028556	LINE/L2	4577	+	425	108028131	6591
chr11	108021540	108221540	harbor2	chr11	108028846	108029123	LINE/L2	4577	+	138	108028984	7444
chr11	108021540	108221540	harbor2	chr11	108069578	108069748	LINE/L2	468	+	85	108069663	48123
chr11	108021540	108221540	harbor2	chr11	108110870	108111191	LINE/L2	471	+	160	108111030	89490
chr11	108021540	108221540	harbor2	chr11	108111369	108111508	LINE/L2	471	+	70	108111439	89899
chr11	108021540	108221540	harbor2	chr11	108111807	108111904	LINE/L2	411	+	48	108111855	90315
chr11	108021540	108221540	harbor2	chr11	108112022	108112350	LINE/L2	411	+	164	108112186	90646
chr11	5140241	5340241	harbor2	chr11	5202356	5203110	LINE/L2	559	+	377	5202733	62492
chr11	5127590	5327590	harbor2	chr11	5202356	5203110	LINE/L2	559	+	377	5202733	75143
chr11	5127122	5327122	harbor2	chr11	5202356	5203110	LINE/L2	559	+	377	5202733	75611
chr11	5128021	5328021	harbor2	chr11	5202356	5203110	LINE/L2	559	+	377	5202733	74712
chr11	5200121	5400121	harbor2	chr11	5202356	5203110	LINE/L2	559	+	377	5202733	2612
chr11	5780143	5980143	harbor2	chr11	5846188	5846649	LINE/L2	737	+	230	5846418	66275
chr11	86572054	86772054	harbor2	chr11	86581609	86582254	LINE/L2	471	+	322	86581931	9877
chr11	86572054	86772054	harbor2	chr11	86589213	86589335	LINE/L2	467	+	61	86589274	17220
chr11	86572054	86772054	harbor2	chr11	86644158	86644698	LINE/L2	834	+	270	86644428	72374
chr11	86572054	86772054	harbor2	chr11	86657737	86657910	LINE/L2	407	+	86	86657823	85769
chr11	5127137	5327137	harbor2	chr11	5202356	5203110	LINE/L2	559	+	377	5202733	75596
chr11	43476525	43676525	harbor2	chr11	43492493	43492727	LINE/L2	499	+	117	43492610	16085
chr11	43476525	43676525	harbor2	chr11	43501280	43501536	LINE/L2	675	+	128	43501408	24883
chr11	43476525	43676525	harbor2	chr11	43501852	43502394	LINE/L2	1354	+	271	43502123	25598
chr11	43476525	43676525	harbor2	chr11	43511954	43512268	LINE/L2	493	+	157	43512111	35586
chr11	43476525	43676525	harbor2	chr11	43530337	43531129	LINE/L2	572	+	396	43530733	54208
chr11	43476525	43676525	harbor2	chr11	43532729	43533093	LINE/L2	510	+	182	43532911	56386
chr11	43476525	43676525	harbor2	chr11	43551013	43551752	LINE/L2	1459	+	370	43551383	74858
chr11	108021566	108221566	harbor2	chr11	108024852	108024995	LINE/L2	417	+	72	108024924	3358
chr11	108021566	108221566	harbor2	chr11	108026059	108026708	LINE/L2	4577	+	324	108026383	4817
chr11	108021566	108221566	harbor2	chr11	108027008	108027122	LINE/L2	4577	+	57	108027065	5499
chr11	108021566	108221566	harbor2	chr11	108027706	108028556	LINE/L2	4577	+	425	108028131	6565
chr11	108021566	108221566	harbor2	chr11	108028846	108029123	LINE/L2	4577	+	138	108028984	7418
chr11	108021566	108221566	harbor2	chr11	108069578	108069748	LINE/L2	468	+	85	108069663	48097
chr11	108021566	108221566	harbor2	chr11	108110870	108111191	LINE/L2	471	+	160	108111030	89464
chr11	108021566	108221566	harbor2	chr11	108111369	108111508	LINE/L2	471	+	70	108111439	89873
chr11	108021566	108221566	harbor2	chr11	108111807	108111904	LINE/L2	411	+	48	108111855	90289
chr11	108021566	108221566	harbor2	chr11	108112022	108112350	LINE/L2	411	+	164	108112186	90620
chr11	5127198	5327198	harbor2	chr11	5202356	5203110	LINE/L2	559	+	377	5202733	75535
chr11	5191220	5391220	harbor2	chr11	5202356	5203110	LINE/L2	559	+	377	5202733	11513
chr11	5127169	5327169	harbor2	chr11	5202356	5203110	LINE/L2	559	+	377	5202733	75564
chr11	108021911	108221911	harbor2	chr11	108024852	108024995	LINE/L2	417	+	72	108024924	3013
chr11	108021911	108221911	harbor2	chr11	108026059	108026708	LINE/L2	4577	+	324	108026383	4472
chr11	108021911	108221911	harbor2	chr11	108027008	108027122	LINE/L2	4577	+	57	108027065	5154
chr11	108021911	108221911	harbor2	chr11	108027706	108028556	LINE/L2	4577	+	425	108028131	6220
chr11	108021911	108221911	harbor2	chr11	108028846	108029123	LINE/L2	4577	+	138	108028984	7073
chr11	108021911	108221911	harbor2	chr11	108069578	108069748	LINE/L2	468	+	85	108069663	47752
chr11	108021911	108221911	harbor2	chr11	108110870	108111191	LINE/L2	471	+	160	108111030	89119
chr11	108021911	108221911	harbor2	chr11	108111369	108111508	LINE/L2	471	+	70	108111439	89528
chr11	108021911	108221911	harbor2	chr11	108111807	108111904	LINE/L2	411	+	48	108111855	89944
chr11	108021911	108221911	harbor2	chr11	108112022	108112350	LINE/L2	411	+	164	108112186	90275
chr11	76597013	76797013	harbor2	chr11	76606181	76606813	LINE/L2	520	+	316	76606497	9484
chr11	76597013	76797013	harbor2	chr11	76606901	76606977	LINE/L2	520	+	38	76606939	9926
chr11	76597013	76797013	harbor2	chr11	76607264	76607305	LINE/L2	520	+	20	76607284	10271
chr11	76597013	76797013	harbor2	chr11	76607537	76607925	LINE/L2	1182	+	194	76607731	10718
chr11	76597013	76797013	harbor2	chr11	76609595	76609634	LINE/L2	1182	+	20	76609615	12602
chr11	76597013	76797013	harbor2	chr11	76659240	76659354	LINE/L2	438	+	57	76659297	62284
chr11	76597013	76797013	harbor2	chr11	76668183	76668643	LINE/L2	466	+	230	76668413	71400
chr11	76597013	76797013	harbor2	chr11	76611526	76611662	LINE/L2	690	+	68	76611594	14581
chr11	5130296	5330296	harbor2	chr11	5202356	5203110	LINE/L2	559	+	377	5202733	72437
chr11	65758415	65958415	harbor2	chr11	65818765	65818953	LINE/L2	531	+	94	65818859	60444
chr11	65758415	65958415	harbor2	chr11	65820542	65820918	LINE/L2	1030	+	188	65820730	62315
chr11	5127119	5327119	harbor2	chr11	5202356	5203110	LINE/L2	559	+	377	5202733	75614
chr11	5374833	5574833	harbor2	chr11	5387472	5387945	LINE/L2	707	+	236	5387708	12875
chr11	5374833	5574833	harbor2	chr11	5470495	5471014	LINE/L2	561	+	260	5470755	95922
chr11	5127221	5327221	harbor2	chr11	5202356	5203110	LINE/L2	559	+	377	5202733	75512
chr11	5191472	5391472	harbor2	chr11	5202356	5203110	LINE/L2	559	+	377	5202733	11261
chr11	2055346	2255346	harbor2	chr11	2071256	2072255	LINE/L2	1070	+	500	2071756	16410
chr11	57399755	57599755	harbor2	chr11	57406131	57406238	LINE/L2	476	+	54	57406185	6430
chr11	57399755	57599755	harbor2	chr11	57410216	57410447	LINE/L2	529	+	116	57410332	10577
chr11	57399755	57599755	harbor2	chr11	57413713	57414193	LINE/L2	758	+	240	57413953	14198
chr11	57399755	57599755	harbor2	chr11	57479847	57480256	LINE/L2	447	+	204	57480051	80296
chr11	5128073	5328073	harbor2	chr11	5202356	5203110	LINE/L2	559	+	377	5202733	74660
chr11	10402307	10602307	harbor2	chr11	10412371	10412740	LINE/L2	792	+	184	10412555	10248
chr11	10402307	10602307	harbor2	chr11	10412999	10413251	LINE/L2	792	+	126	10413125	10818
chr11	10402307	10602307	harbor2	chr11	10413612	10413835	LINE/L2	647	+	112	10413724	11417
chr11	5127064	5327064	harbor2	chr11	5202356	5203110	LINE/L2	559	+	377	5202733	75669
chr11	34816682	35016682	harbor2	chr11	34816514	34816721	LINE/L2	655	+	104	34816618	64
chr11	34816682	35016682	harbor2	chr11	34817142	34817642	LINE/L2	653	+	250	34817392	710
chr11	34816682	35016682	harbor2	chr11	34853632	34853939	LINE/L2	885	+	154	34853786	37104
chr11	34816682	35016682	harbor2	chr11	34864684	34864826	LINE/L2	464	+	71	34864755	48073
chr11	34816682	35016682	harbor2	chr11	34912885	34913282	LINE/L2	639	+	198	34913083	96401
chr11	34816682	35016682	harbor2	chr11	34913906	34914359	LINE/L2	639	+	226	34914132	97450
chr11	5127952	5327952	harbor2	chr11	5202356	5203110	LINE/L2	559	+	377	5202733	74781
chr11	5134168	5334168	harbor2	chr11	5202356	5203110	LINE/L2	559	+	377	5202733	68565
chr11	2054426	2254426	harbor2	chr11	2071256	2072255	LINE/L2	1070	+	500	2071756	17330
chr11	5127561	5327561	harbor2	chr11	5202356	5203110	LINE/L2	559	+	377	5202733	75172
chr11	5132031	5332031	harbor2	chr11	5202356	5203110	LINE/L2	559	+	377	5202733	70702
chr11	5126997	5326997	harbor2	chr11	5202356	5203110	LINE/L2	559	+	377	5202733	75736
chr11	118509641	118709641	harbor2	chr11	118510381	118510723	LINE/L2	650	+	171	118510552	911
chr11	118509641	118709641	harbor2	chr11	118516551	118516722	LINE/L2	427	+	86	118516637	6996
chr11	118509641	118709641	harbor2	chr11	118563654	118563919	LINE/L2	591	+	132	118563786	54145
chr11	118509641	118709641	harbor2	chr11	118564216	118564428	LINE/L2	591	+	106	118564322	54681
chr11	118509641	118709641	harbor2	chr11	118564564	118564583	LINE/L2	591	+	10	118564574	54933
chr11	88444581	88644581	harbor2	chr11	88468388	88468555	LINE/L2	429	+	84	88468472	23891
chr11	88444581	88644581	harbor2	chr11	88532871	88533663	LINE/L2	1211	+	396	88533267	88686
chr11	5140184	5340184	harbor2	chr11	5202356	5203110	LINE/L2	559	+	377	5202733	62549
chr11	123512081	123712081	harbor2	chr11	123514798	123514989	LINE/L2	631	+	96	123514894	2813
chr11	76580946	76780946	harbor2	chr11	76606181	76606813	LINE/L2	520	+	316	76606497	25551
chr11	76580946	76780946	harbor2	chr11	76606901	76606977	LINE/L2	520	+	38	76606939	25993
chr11	76580946	76780946	harbor2	chr11	76607264	76607305	LINE/L2	520	+	20	76607284	26338
chr11	76580946	76780946	harbor2	chr11	76607537	76607925	LINE/L2	1182	+	194	76607731	26785
chr11	76580946	76780946	harbor2	chr11	76609595	76609634	LINE/L2	1182	+	20	76609615	28669
chr11	76580946	76780946	harbor2	chr11	76659240	76659354	LINE/L2	438	+	57	76659297	78351
chr11	76580946	76780946	harbor2	chr11	76668183	76668643	LINE/L2	466	+	230	76668413	87467
chr11	76580946	76780946	harbor2	chr11	76611526	76611662	LINE/L2	690	+	68	76611594	30648
chr11	108021537	108221537	harbor2	chr11	108024852	108024995	LINE/L2	417	+	72	108024924	3387
chr11	108021537	108221537	harbor2	chr11	108026059	108026708	LINE/L2	4577	+	324	108026383	4846
chr11	108021537	108221537	harbor2	chr11	108027008	108027122	LINE/L2	4577	+	57	108027065	5528
chr11	108021537	108221537	harbor2	chr11	108027706	108028556	LINE/L2	4577	+	425	108028131	6594
chr11	108021537	108221537	harbor2	chr11	108028846	108029123	LINE/L2	4577	+	138	108028984	7447
chr11	108021537	108221537	harbor2	chr11	108069578	108069748	LINE/L2	468	+	85	108069663	48126
chr11	108021537	108221537	harbor2	chr11	108110870	108111191	LINE/L2	471	+	160	108111030	89493
chr11	108021537	108221537	harbor2	chr11	108111369	108111508	LINE/L2	471	+	70	108111439	89902
chr11	108021537	108221537	harbor2	chr11	108111807	108111904	LINE/L2	411	+	48	108111855	90318
chr11	108021537	108221537	harbor2	chr11	108112022	108112350	LINE/L2	411	+	164	108112186	90649
chr11	133742979	133942979	harbor2	chr11	133827013	133827414	LINE/L2	866	+	200	133827213	84234
chr11	5127155	5327155	harbor2	chr11	5202356	5203110	LINE/L2	559	+	377	5202733	75578
chr11	5127211	5327211	harbor2	chr11	5202356	5203110	LINE/L2	559	+	377	5202733	75522
chr11	5134551	5334551	harbor2	chr11	5202356	5203110	LINE/L2	559	+	377	5202733	68182
chr11	5127112	5327112	harbor2	chr11	5202356	5203110	LINE/L2	559	+	377	5202733	75621
chr11	5132933	5332933	harbor2	chr11	5202356	5203110	LINE/L2	559	+	377	5202733	69800
chr11	5137985	5337985	harbor2	chr11	5202356	5203110	LINE/L2	559	+	377	5202733	64748
chr11	5134538	5334538	harbor2	chr11	5202356	5203110	LINE/L2	559	+	377	5202733	68195
chr11	5179921	5379921	harbor2	chr11	5202356	5203110	LINE/L2	559	+	377	5202733	22812
chr11	5196062	5396062	harbor2	chr11	5202356	5203110	LINE/L2	559	+	377	5202733	6671
chr11	5133805	5333805	harbor2	chr11	5202356	5203110	LINE/L2	559	+	377	5202733	68928
chr11	108022093	108222093	harbor2	chr11	108024852	108024995	LINE/L2	417	+	72	108024924	2831
chr11	108022093	108222093	harbor2	chr11	108026059	108026708	LINE/L2	4577	+	324	108026383	4290
chr11	108022093	108222093	harbor2	chr11	108027008	108027122	LINE/L2	4577	+	57	108027065	4972
chr11	108022093	108222093	harbor2	chr11	108027706	108028556	LINE/L2	4577	+	425	108028131	6038
chr11	108022093	108222093	harbor2	chr11	108028846	108029123	LINE/L2	4577	+	138	108028984	6891
chr11	108022093	108222093	harbor2	chr11	108069578	108069748	LINE/L2	468	+	85	108069663	47570
chr11	108022093	108222093	harbor2	chr11	108110870	108111191	LINE/L2	471	+	160	108111030	88937
chr11	108022093	108222093	harbor2	chr11	108111369	108111508	LINE/L2	471	+	70	108111439	89346
chr11	108022093	108222093	harbor2	chr11	108111807	108111904	LINE/L2	411	+	48	108111855	89762
chr11	108022093	108222093	harbor2	chr11	108112022	108112350	LINE/L2	411	+	164	108112186	90093
chr11	5127124	5327124	harbor2	chr11	5202356	5203110	LINE/L2	559	+	377	5202733	75609
chr11	86705704	86905704	harbor2	chr11	86728610	86728977	LINE/L2	475	+	184	86728794	23090
chr11	86705704	86905704	harbor2	chr11	86779478	86779882	LINE/L2	657	+	202	86779680	73976
chr11	86705704	86905704	harbor2	chr11	86779895	86780025	LINE/L2	516	+	65	86779960	74256
chr11	5130452	5330452	harbor2	chr11	5202356	5203110	LINE/L2	559	+	377	5202733	72281
chr11	117887292	118087292	harbor2	chr11	117888598	117888927	LINE/L2	472	+	164	117888762	1470
chr11	117887292	118087292	harbor2	chr11	117912622	117912880	LINE/L2	480	+	129	117912751	25459
chr11	117887292	118087292	harbor2	chr11	117971021	117971375	LINE/L2	475	+	177	117971198	83906
chr11	117887292	118087292	harbor2	chr11	117972223	117972422	LINE/L2	920	+	100	117972323	85031
chr11	117887292	118087292	harbor2	chr11	117972559	117972833	LINE/L2	920	+	137	117972696	85404
chr11	117887292	118087292	harbor2	chr11	117981702	117982075	LINE/L2	853	+	186	117981888	94596
chr11	5127171	5327171	harbor2	chr11	5202356	5203110	LINE/L2	559	+	377	5202733	75562
chr11	69540237	69740237	harbor2	chr11	69629227	69629547	LINE/L2	581	+	160	69629387	89150
chr11	5133958	5333958	harbor2	chr11	5202356	5203110	LINE/L2	559	+	377	5202733	68775
chr11	5134924	5334924	harbor2	chr11	5202356	5203110	LINE/L2	559	+	377	5202733	67809
chr11	124775046	124975046	harbor2	chr11	124788930	124789090	LINE/L2	534	+	80	124789010	13964
chr11	124775046	124975046	harbor2	chr11	124804977	124805346	LINE/L2	438	+	184	124805161	30115
chr11	124775046	124975046	harbor2	chr11	124812770	124813117	LINE/L2	802	+	174	124812944	37898
chr11	124775046	124975046	harbor2	chr11	124822453	124822824	LINE/L2	867	+	186	124822639	47593
chr11	124775046	124975046	harbor2	chr11	124826387	124826765	LINE/L2	1220	+	189	124826576	51530
chr11	124775046	124975046	harbor2	chr11	124827070	124827349	LINE/L2	1220	+	140	124827210	52164
chr11	124775046	124975046	harbor2	chr11	124853631	124854511	LINE/L2	6029	+	440	124854071	79025
chr11	124775046	124975046	harbor2	chr11	124854796	124855430	LINE/L2	6029	+	317	124855113	80067
chr11	124775046	124975046	harbor2	chr11	124855791	124856936	LINE/L2	6029	+	572	124856363	81317
chr11	124775046	124975046	harbor2	chr11	124813122	124813775	LINE/L2	1721	+	326	124813448	38402
chr11	6512688	6712688	harbor2	chr11	6549060	6549415	LINE/L2	415	+	178	6549238	36550
chr11	6512688	6712688	harbor2	chr11	6549529	6549829	LINE/L2	496	+	150	6549679	36991
chr11	6206570	6406570	harbor2	chr11	6221494	6221947	LINE/L2	711	+	226	6221720	15150
chr11	6206570	6406570	harbor2	chr11	6224752	6225619	LINE/L2	913	+	434	6225186	18616
chr11	6206570	6406570	harbor2	chr11	6231814	6231997	LINE/L2	446	+	92	6231906	25336
chr11	6206570	6406570	harbor2	chr11	6237803	6238335	LINE/L2	761	+	266	6238069	31499
chr11	6206570	6406570	harbor2	chr11	6255931	6256155	LINE/L2	498	+	112	6256043	49473
chr11	6206570	6406570	harbor2	chr11	6268502	6268724	LINE/L2	556	+	111	6268613	62043
chr11	46138378	46338378	harbor2	chr11	46170394	46170550	LINE/L2	875	+	78	46170472	32094
chr11	46138378	46338378	harbor2	chr11	46170848	46171051	LINE/L2	875	+	102	46170950	32572
chr11	57399767	57599767	harbor2	chr11	57406131	57406238	LINE/L2	476	+	54	57406185	6418
chr11	57399767	57599767	harbor2	chr11	57410216	57410447	LINE/L2	529	+	116	57410332	10565
chr11	57399767	57599767	harbor2	chr11	57413713	57414193	LINE/L2	758	+	240	57413953	14186
chr11	57399767	57599767	harbor2	chr11	57479847	57480256	LINE/L2	447	+	204	57480051	80284
chr11	57384547	57584547	harbor2	chr11	57392331	57392471	LINE/L2	441	+	70	57392401	7854
chr11	57384547	57584547	harbor2	chr11	57396659	57396915	LINE/L2	460	+	128	57396787	12240
chr11	57384547	57584547	harbor2	chr11	57397494	57398066	LINE/L2	1385	+	286	57397780	13233
chr11	57384547	57584547	harbor2	chr11	57398102	57398464	LINE/L2	1385	+	181	57398283	13736
chr11	57384547	57584547	harbor2	chr11	57398720	57399123	LINE/L2	572	+	202	57398922	14375
chr11	57384547	57584547	harbor2	chr11	57406131	57406238	LINE/L2	476	+	54	57406185	21638
chr11	57384547	57584547	harbor2	chr11	57410216	57410447	LINE/L2	529	+	116	57410332	25785
chr11	57384547	57584547	harbor2	chr11	57413713	57414193	LINE/L2	758	+	240	57413953	29406
chr11	57384547	57584547	harbor2	chr11	57479847	57480256	LINE/L2	447	+	204	57480051	95504
chr11	6519523	6719523	harbor2	chr11	6549060	6549415	LINE/L2	415	+	178	6549238	29715
chr11	6519523	6719523	harbor2	chr11	6549529	6549829	LINE/L2	496	+	150	6549679	30156
chr11	5134209	5334209	harbor2	chr11	5202356	5203110	LINE/L2	559	+	377	5202733	68524
chr11	108022644	108222644	harbor2	chr11	108024852	108024995	LINE/L2	417	+	72	108024924	2280
chr11	108022644	108222644	harbor2	chr11	108026059	108026708	LINE/L2	4577	+	324	108026383	3739
chr11	108022644	108222644	harbor2	chr11	108027008	108027122	LINE/L2	4577	+	57	108027065	4421
chr11	108022644	108222644	harbor2	chr11	108027706	108028556	LINE/L2	4577	+	425	108028131	5487
chr11	108022644	108222644	harbor2	chr11	108028846	108029123	LINE/L2	4577	+	138	108028984	6340
chr11	108022644	108222644	harbor2	chr11	108069578	108069748	LINE/L2	468	+	85	108069663	47019
chr11	108022644	108222644	harbor2	chr11	108110870	108111191	LINE/L2	471	+	160	108111030	88386
chr11	108022644	108222644	harbor2	chr11	108111369	108111508	LINE/L2	471	+	70	108111439	88795
chr11	108022644	108222644	harbor2	chr11	108111807	108111904	LINE/L2	411	+	48	108111855	89211
chr11	108022644	108222644	harbor2	chr11	108112022	108112350	LINE/L2	411	+	164	108112186	89542
chr11	879475	1079475	harbor2	chr11	957740	957975	LINE/L2	421	+	118	957858	78383
chr11	64538595	64738595	harbor2	chr11	64585332	64585566	LINE/L2	1745	+	117	64585449	46854
chr11	64538595	64738595	harbor2	chr11	64585871	64587018	LINE/L2	1745	+	574	64586445	47850
chr11	76580961	76780961	harbor2	chr11	76606181	76606813	LINE/L2	520	+	316	76606497	25536
chr11	76580961	76780961	harbor2	chr11	76606901	76606977	LINE/L2	520	+	38	76606939	25978
chr11	76580961	76780961	harbor2	chr11	76607264	76607305	LINE/L2	520	+	20	76607284	26323
chr11	76580961	76780961	harbor2	chr11	76607537	76607925	LINE/L2	1182	+	194	76607731	26770
chr11	76580961	76780961	harbor2	chr11	76609595	76609634	LINE/L2	1182	+	20	76609615	28654
chr11	76580961	76780961	harbor2	chr11	76659240	76659354	LINE/L2	438	+	57	76659297	78336
chr11	76580961	76780961	harbor2	chr11	76668183	76668643	LINE/L2	466	+	230	76668413	87452
chr11	76580961	76780961	harbor2	chr11	76611526	76611662	LINE/L2	690	+	68	76611594	30633
chr11	76580925	76780925	harbor2	chr11	76606181	76606813	LINE/L2	520	+	316	76606497	25572
chr11	76580925	76780925	harbor2	chr11	76606901	76606977	LINE/L2	520	+	38	76606939	26014
chr11	76580925	76780925	harbor2	chr11	76607264	76607305	LINE/L2	520	+	20	76607284	26359
chr11	76580925	76780925	harbor2	chr11	76607537	76607925	LINE/L2	1182	+	194	76607731	26806
chr11	76580925	76780925	harbor2	chr11	76609595	76609634	LINE/L2	1182	+	20	76609615	28690
chr11	76580925	76780925	harbor2	chr11	76659240	76659354	LINE/L2	438	+	57	76659297	78372
chr11	76580925	76780925	harbor2	chr11	76668183	76668643	LINE/L2	466	+	230	76668413	87488
chr11	76580925	76780925	harbor2	chr11	76611526	76611662	LINE/L2	690	+	68	76611594	30669
chr11	76580957	76780957	harbor2	chr11	76606181	76606813	LINE/L2	520	+	316	76606497	25540
chr11	76580957	76780957	harbor2	chr11	76606901	76606977	LINE/L2	520	+	38	76606939	25982
chr11	76580957	76780957	harbor2	chr11	76607264	76607305	LINE/L2	520	+	20	76607284	26327
chr11	76580957	76780957	harbor2	chr11	76607537	76607925	LINE/L2	1182	+	194	76607731	26774
chr11	76580957	76780957	harbor2	chr11	76609595	76609634	LINE/L2	1182	+	20	76609615	28658
chr11	76580957	76780957	harbor2	chr11	76659240	76659354	LINE/L2	438	+	57	76659297	78340
chr11	76580957	76780957	harbor2	chr11	76668183	76668643	LINE/L2	466	+	230	76668413	87456
chr11	76580957	76780957	harbor2	chr11	76611526	76611662	LINE/L2	690	+	68	76611594	30637
chr11	5128067	5328067	harbor2	chr11	5202356	5203110	LINE/L2	559	+	377	5202733	74666
chr11	113925194	114125194	harbor2	chr11	113983696	113983921	LINE/L2	472	+	112	113983808	58614
chr11	113925194	114125194	harbor2	chr11	113984124	113984333	LINE/L2	415	+	104	113984228	59034
chr11	113925194	114125194	harbor2	chr11	113984465	113984569	LINE/L2	415	+	52	113984517	59323
chr11	113925194	114125194	harbor2	chr11	114002675	114002880	LINE/L2	440	+	102	114002777	77583
chr11	113925194	114125194	harbor2	chr11	114004447	114004804	LINE/L2	652	+	178	114004625	79431
chr11	113925194	114125194	harbor2	chr11	114005116	114005233	LINE/L2	652	+	58	114005174	79980
chr11	113925194	114125194	harbor2	chr11	114008210	114008771	LINE/L2	1036	+	280	114008490	83296
chr11	113925194	114125194	harbor2	chr11	114010938	114011591	LINE/L2	942	+	326	114011264	86070
chr11	113925194	114125194	harbor2	chr11	114017324	114017431	LINE/L2	470	+	54	114017378	92184
chr11	113925194	114125194	harbor2	chr11	114017737	114017978	LINE/L2	470	+	120	114017857	92663
chr11	75668641	75868641	harbor2	chr11	75698162	75698720	LINE/L2	791	+	279	75698441	29800
chr11	75668641	75868641	harbor2	chr11	75732519	75732825	LINE/L2	421	+	153	75732672	64031
chr11	75668641	75868641	harbor2	chr11	75743631	75743719	LINE/L2	632	+	44	75743675	75034
chr11	75668641	75868641	harbor2	chr11	75758304	75758419	LINE/L2	422	+	58	75758362	89721
chr11	75668641	75868641	harbor2	chr11	75765768	75766096	LINE/L2	517	+	164	75765932	97291
chr11	75668641	75868641	harbor2	chr11	75742903	75743331	LINE/L2	632	+	214	75743117	74476
chr11	6202662	6402662	harbor2	chr11	6221494	6221947	LINE/L2	711	+	226	6221720	19058
chr11	6202662	6402662	harbor2	chr11	6224752	6225619	LINE/L2	913	+	434	6225186	22524
chr11	6202662	6402662	harbor2	chr11	6231814	6231997	LINE/L2	446	+	92	6231906	29244
chr11	6202662	6402662	harbor2	chr11	6237803	6238335	LINE/L2	761	+	266	6238069	35407
chr11	6202662	6402662	harbor2	chr11	6255931	6256155	LINE/L2	498	+	112	6256043	53381
chr11	6202662	6402662	harbor2	chr11	6268502	6268724	LINE/L2	556	+	111	6268613	65951
chr11	108022180	108222180	harbor2	chr11	108024852	108024995	LINE/L2	417	+	72	108024924	2744
chr11	108022180	108222180	harbor2	chr11	108026059	108026708	LINE/L2	4577	+	324	108026383	4203
chr11	108022180	108222180	harbor2	chr11	108027008	108027122	LINE/L2	4577	+	57	108027065	4885
chr11	108022180	108222180	harbor2	chr11	108027706	108028556	LINE/L2	4577	+	425	108028131	5951
chr11	108022180	108222180	harbor2	chr11	108028846	108029123	LINE/L2	4577	+	138	108028984	6804
chr11	108022180	108222180	harbor2	chr11	108069578	108069748	LINE/L2	468	+	85	108069663	47483
chr11	108022180	108222180	harbor2	chr11	108110870	108111191	LINE/L2	471	+	160	108111030	88850
chr11	108022180	108222180	harbor2	chr11	108111369	108111508	LINE/L2	471	+	70	108111439	89259
chr11	108022180	108222180	harbor2	chr11	108111807	108111904	LINE/L2	411	+	48	108111855	89675
chr11	108022180	108222180	harbor2	chr11	108112022	108112350	LINE/L2	411	+	164	108112186	90006
chr11	120017923	120217923	harbor2	chr11	120021928	120022151	LINE/L2	526	+	112	120022040	4117
chr11	120017923	120217923	harbor2	chr11	120080325	120080910	LINE/L2	1076	+	292	120080617	62694
chr11	120017923	120217923	harbor2	chr11	120090164	120090321	LINE/L2	526	+	78	120090242	72319
chr11	5128829	5328829	harbor2	chr11	5202356	5203110	LINE/L2	559	+	377	5202733	73904
chr11	111440799	111640799	harbor2	chr11	111471836	111472347	LINE/L2	1443	+	256	111472092	31293
chr11	111440799	111640799	harbor2	chr11	111472565	111472855	LINE/L2	736	+	145	111472710	31911
chr11	111440799	111640799	harbor2	chr11	111518734	111519020	LINE/L2	408	+	143	111518877	78078
chr11	111440799	111640799	harbor2	chr11	111523587	111524084	LINE/L2	620	+	248	111523835	83036
chr11	111440799	111640799	harbor2	chr11	111531950	111532280	LINE/L2	408	+	165	111532115	91316
chr11	5135349	5335349	harbor2	chr11	5202356	5203110	LINE/L2	559	+	377	5202733	67384
chr11	93068304	93268304	harbor2	chr11	93077653	93077988	LINE/L2	702	+	168	93077821	9517
chr11	6215101	6415101	harbor2	chr11	6221494	6221947	LINE/L2	711	+	226	6221720	6619
chr11	6215101	6415101	harbor2	chr11	6224752	6225619	LINE/L2	913	+	434	6225186	10085
chr11	6215101	6415101	harbor2	chr11	6231814	6231997	LINE/L2	446	+	92	6231906	16805
chr11	6215101	6415101	harbor2	chr11	6237803	6238335	LINE/L2	761	+	266	6238069	22968
chr11	6215101	6415101	harbor2	chr11	6255931	6256155	LINE/L2	498	+	112	6256043	40942
chr11	6215101	6415101	harbor2	chr11	6268502	6268724	LINE/L2	556	+	111	6268613	53512
chr11	5140732	5340732	harbor2	chr11	5202356	5203110	LINE/L2	559	+	377	5202733	62001
chr11	5127158	5327158	harbor2	chr11	5202356	5203110	LINE/L2	559	+	377	5202733	75575
chr11	71257652	71457652	harbor2	chr11	71329079	71329266	LINE/L2	433	+	94	71329173	71521
chr11	71257652	71457652	harbor2	chr11	71329738	71330331	LINE/L2	712	+	296	71330034	72382
chr11	71257652	71457652	harbor2	chr11	71340722	71340971	LINE/L2	836	+	124	71340846	83194
chr11	71257652	71457652	harbor2	chr11	71341279	71341596	LINE/L2	836	+	158	71341437	83785
chr11	67398600	67598600	harbor2	chr11	67432312	67432468	LINE/L2	544	+	78	67432390	33790
chr11	67398600	67598600	harbor2	chr11	67445495	67445672	LINE/L2	838	+	88	67445583	46983
chr11	67398600	67598600	harbor2	chr11	67445961	67446148	LINE/L2	838	+	94	67446055	47455
chr11	67398600	67598600	harbor2	chr11	67484496	67485152	LINE/L2	1205	+	328	67484824	86224
chr11	67398600	67598600	harbor2	chr11	67486427	67486756	LINE/L2	741	+	164	67486591	87991
chr11	67398600	67598600	harbor2	chr11	67489615	67489897	LINE/L2	472	+	141	67489756	91156
chr11	84730966	84930966	harbor2	chr11	84749889	84749992	LINE/L2	484	+	52	84749941	18975
chr11	84730966	84930966	harbor2	chr11	84820258	84820926	LINE/L2	423	+	334	84820592	89626
chr11	84730966	84930966	harbor2	chr11	84823341	84823581	LINE/L2	1132	+	120	84823461	92495
chr11	84730966	84930966	harbor2	chr11	84823629	84823838	LINE/L2	1132	+	104	84823733	92767
chr11	86038927	86238927	harbor2	chr11	86071192	86071680	LINE/L2	538	+	244	86071436	32509
chr11	86038927	86238927	harbor2	chr11	86113720	86114463	LINE/L2	1285	+	372	86114092	75165
chr11	71765031	71965031	harbor2	chr11	71786073	71786325	LINE/L2	417	+	126	71786199	21168
chr11	5134455	5334455	harbor2	chr11	5202356	5203110	LINE/L2	559	+	377	5202733	68278
chr11	75668758	75868758	harbor2	chr11	75698162	75698720	LINE/L2	791	+	279	75698441	29683
chr11	75668758	75868758	harbor2	chr11	75732519	75732825	LINE/L2	421	+	153	75732672	63914
chr11	75668758	75868758	harbor2	chr11	75743631	75743719	LINE/L2	632	+	44	75743675	74917
chr11	75668758	75868758	harbor2	chr11	75758304	75758419	LINE/L2	422	+	58	75758362	89604
chr11	75668758	75868758	harbor2	chr11	75765768	75766096	LINE/L2	517	+	164	75765932	97174
chr11	75668758	75868758	harbor2	chr11	75742903	75743331	LINE/L2	632	+	214	75743117	74359
chr11	5127199	5327199	harbor2	chr11	5202356	5203110	LINE/L2	559	+	377	5202733	75534
chr11	73052995	73252995	harbor2	chr11	73057602	73057751	LINE/L2	447	+	74	73057676	4681
chr11	73052995	73252995	harbor2	chr11	73091662	73091758	LINE/L2	565	+	48	73091710	38715
chr11	73052995	73252995	harbor2	chr11	73092049	73092135	LINE/L2	565	+	43	73092092	39097
chr11	73052995	73252995	harbor2	chr11	73092440	73092604	LINE/L2	565	+	82	73092522	39527
chr11	5127156	5327156	harbor2	chr11	5202356	5203110	LINE/L2	559	+	377	5202733	75577
chr11	69541435	69741435	harbor2	chr11	69629227	69629547	LINE/L2	581	+	160	69629387	87952
chr11	66809010	67009010	harbor2	chr11	66855178	66855326	LINE/L2	452	+	74	66855252	46242
chr11	76603574	76803574	harbor2	chr11	76606181	76606813	LINE/L2	520	+	316	76606497	2923
chr11	76603574	76803574	harbor2	chr11	76606901	76606977	LINE/L2	520	+	38	76606939	3365
chr11	76603574	76803574	harbor2	chr11	76607264	76607305	LINE/L2	520	+	20	76607284	3710
chr11	76603574	76803574	harbor2	chr11	76607537	76607925	LINE/L2	1182	+	194	76607731	4157
chr11	76603574	76803574	harbor2	chr11	76609595	76609634	LINE/L2	1182	+	20	76609615	6041
chr11	76603574	76803574	harbor2	chr11	76659240	76659354	LINE/L2	438	+	57	76659297	55723
chr11	76603574	76803574	harbor2	chr11	76668183	76668643	LINE/L2	466	+	230	76668413	64839
chr11	76603574	76803574	harbor2	chr11	76702315	76702720	LINE/L2	439	+	202	76702517	98943
chr11	76603574	76803574	harbor2	chr11	76611526	76611662	LINE/L2	690	+	68	76611594	8020
chr11	5127093	5327093	harbor2	chr11	5202356	5203110	LINE/L2	559	+	377	5202733	75640
chr11	33157293	33357293	harbor2	chr11	33165719	33165861	LINE/L2	546	+	71	33165790	8497
chr11	33157293	33357293	harbor2	chr11	33176662	33176752	LINE/L2	593	+	45	33176707	19414
chr11	33157293	33357293	harbor2	chr11	33177097	33177238	LINE/L2	593	+	70	33177167	19874
chr11	33157293	33357293	harbor2	chr11	33178149	33178290	LINE/L2	1520	+	70	33178219	20926
chr11	33157293	33357293	harbor2	chr11	33245127	33245469	LINE/L2	674	+	171	33245298	88005
chr11	33157293	33357293	harbor2	chr11	33245778	33245946	LINE/L2	674	+	84	33245862	88569
chr11	33157293	33357293	harbor2	chr11	33177418	33177751	LINE/L2	1520	+	166	33177584	20291
chr11	5134058	5334058	harbor2	chr11	5202356	5203110	LINE/L2	559	+	377	5202733	68675
chr11	63804348	64004348	harbor2	chr11	63824244	63824375	LINE/L2	420	+	66	63824310	19962
chr11	63804348	64004348	harbor2	chr11	63824779	63825647	LINE/L2	931	+	434	63825213	20865
chr11	63804348	64004348	harbor2	chr11	63829835	63829946	LINE/L2	474	+	56	63829891	25543
chr11	63804348	64004348	harbor2	chr11	63835063	63835475	LINE/L2	1198	+	206	63835269	30921
chr11	63804348	64004348	harbor2	chr11	63835598	63835800	LINE/L2	813	+	101	63835699	31351
chr11	63804348	64004348	harbor2	chr11	63836121	63836219	LINE/L2	813	+	49	63836170	31822
chr11	69540515	69740515	harbor2	chr11	69629227	69629547	LINE/L2	581	+	160	69629387	88872
chr11	1826879	2026879	harbor2	chr11	1846518	1846926	LINE/L2	508	+	204	1846722	19843
chr11	1826879	2026879	harbor2	chr11	1861214	1861441	LINE/L2	429	+	114	1861328	34449
chr11	5127178	5327178	harbor2	chr11	5202356	5203110	LINE/L2	559	+	377	5202733	75555
chr11	72618653	72818653	harbor2	chr11	72623041	72623927	LINE/L2	1164	+	443	72623484	4831
chr11	72618653	72818653	harbor2	chr11	72671040	72671326	LINE/L2	576	+	143	72671183	52530
chr11	72618653	72818653	harbor2	chr11	72686611	72687300	LINE/L2	429	+	344	72686955	68302
chr11	72618653	72818653	harbor2	chr11	72706065	72706261	LINE/L2	442	+	98	72706163	87510
chr11	5200536	5400536	harbor2	chr11	5202356	5203110	LINE/L2	559	+	377	5202733	2197
chr11	1449439	1649439	harbor2	chr11	1500434	1501260	LINE/L2	422	+	413	1500847	51408
chr11	47367046	47567046	harbor2	chr11	47369285	47369502	LINE/L2	682	+	108	47369393	2347
chr11	47367046	47567046	harbor2	chr11	47371701	47372102	LINE/L2	498	+	200	47371901	4855
chr11	47367046	47567046	harbor2	chr11	47372386	47372523	LINE/L2	498	+	68	47372454	5408
chr11	47367046	47567046	harbor2	chr11	47391495	47391775	LINE/L2	479	+	140	47391635	24589
chr11	47367046	47567046	harbor2	chr11	47413943	47414364	LINE/L2	597	+	210	47414153	47107
chr11	47367046	47567046	harbor2	chr11	47433220	47433568	LINE/L2	859	+	174	47433394	66348
chr11	47367046	47567046	harbor2	chr11	47442996	47443103	LINE/L2	485	+	54	47443050	76004
chr11	47367046	47567046	harbor2	chr11	47443323	47443649	LINE/L2	623	+	163	47443486	76440
chr11	47367046	47567046	harbor2	chr11	47446979	47447432	LINE/L2	927	+	226	47447205	80159
chr11	47086400	47286400	harbor2	chr11	47092874	47093009	LINE/L2	437	+	68	47092942	6542
chr11	47086400	47286400	harbor2	chr11	47109935	47110313	LINE/L2	632	+	189	47110124	23724
chr11	47086400	47286400	harbor2	chr11	47111917	47112310	LINE/L2	1529	+	196	47112113	25713
chr11	47086400	47286400	harbor2	chr11	47112622	47112785	LINE/L2	1529	+	82	47112704	26304
chr11	5134999	5334999	harbor2	chr11	5202356	5203110	LINE/L2	559	+	377	5202733	67734
chr11	69543489	69743489	harbor2	chr11	69629227	69629547	LINE/L2	581	+	160	69629387	85898
chr11	5127964	5327964	harbor2	chr11	5202356	5203110	LINE/L2	559	+	377	5202733	74769
chr11	65972907	66172907	harbor2	chr11	66063264	66063381	LINE/L2	508	+	58	66063322	90415
chr11	69575463	69775463	harbor2	chr11	69629227	69629547	LINE/L2	581	+	160	69629387	53924
chr11	31724775	31924775	harbor2	chr11	31753170	31753407	LINE/L2	607	+	118	31753288	28513
chr11	31724775	31924775	harbor2	chr11	31754071	31754587	LINE/L2	758	+	258	31754329	29554
chr11	31724775	31924775	harbor2	chr11	31756131	31756678	LINE/L2	433	+	274	31756405	31630
chr11	31724775	31924775	harbor2	chr11	31771411	31771697	LINE/L2	660	+	143	31771554	46779
chr11	31724775	31924775	harbor2	chr11	31771994	31772112	LINE/L2	660	+	59	31772053	47278
chr11	31724775	31924775	harbor2	chr11	31772420	31772593	LINE/L2	660	+	86	31772506	47731
chr11	76581002	76781002	harbor2	chr11	76606181	76606813	LINE/L2	520	+	316	76606497	25495
chr11	76581002	76781002	harbor2	chr11	76606901	76606977	LINE/L2	520	+	38	76606939	25937
chr11	76581002	76781002	harbor2	chr11	76607264	76607305	LINE/L2	520	+	20	76607284	26282
chr11	76581002	76781002	harbor2	chr11	76607537	76607925	LINE/L2	1182	+	194	76607731	26729
chr11	76581002	76781002	harbor2	chr11	76609595	76609634	LINE/L2	1182	+	20	76609615	28613
chr11	76581002	76781002	harbor2	chr11	76659240	76659354	LINE/L2	438	+	57	76659297	78295
chr11	76581002	76781002	harbor2	chr11	76668183	76668643	LINE/L2	466	+	230	76668413	87411
chr11	76581002	76781002	harbor2	chr11	76611526	76611662	LINE/L2	690	+	68	76611594	30592
chr11	6512668	6712668	harbor2	chr11	6549060	6549415	LINE/L2	415	+	178	6549238	36570
chr11	6512668	6712668	harbor2	chr11	6549529	6549829	LINE/L2	496	+	150	6549679	37011
chr11	64538784	64738784	harbor2	chr11	64585332	64585566	LINE/L2	1745	+	117	64585449	46665
chr11	64538784	64738784	harbor2	chr11	64585871	64587018	LINE/L2	1745	+	574	64586445	47661
chr11	5134513	5334513	harbor2	chr11	5202356	5203110	LINE/L2	559	+	377	5202733	68220
chr11	6204994	6404994	harbor2	chr11	6221494	6221947	LINE/L2	711	+	226	6221720	16726
chr11	6204994	6404994	harbor2	chr11	6224752	6225619	LINE/L2	913	+	434	6225186	20192
chr11	6204994	6404994	harbor2	chr11	6231814	6231997	LINE/L2	446	+	92	6231906	26912
chr11	6204994	6404994	harbor2	chr11	6237803	6238335	LINE/L2	761	+	266	6238069	33075
chr11	6204994	6404994	harbor2	chr11	6255931	6256155	LINE/L2	498	+	112	6256043	51049
chr11	6204994	6404994	harbor2	chr11	6268502	6268724	LINE/L2	556	+	111	6268613	63619
chr11	113775362	113975362	harbor2	chr11	113836582	113837330	LINE/L2	739	+	374	113836956	61594
chr11	113775362	113975362	harbor2	chr11	113838290	113838855	LINE/L2	691	+	282	113838572	63210
chr11	113775362	113975362	harbor2	chr11	113850979	113851514	LINE/L2	1114	+	268	113851247	75885
chr11	113775362	113975362	harbor2	chr11	113851802	113852012	LINE/L2	444	+	105	113851907	76545
chr11	104477395	104677395	harbor2	chr11	104566736	104566959	LINE/L2	553	+	112	104566848	89453
chr11	6201292	6401292	harbor2	chr11	6221494	6221947	LINE/L2	711	+	226	6221720	20428
chr11	6201292	6401292	harbor2	chr11	6224752	6225619	LINE/L2	913	+	434	6225186	23894
chr11	6201292	6401292	harbor2	chr11	6231814	6231997	LINE/L2	446	+	92	6231906	30614
chr11	6201292	6401292	harbor2	chr11	6237803	6238335	LINE/L2	761	+	266	6238069	36777
chr11	6201292	6401292	harbor2	chr11	6255931	6256155	LINE/L2	498	+	112	6256043	54751
chr11	6201292	6401292	harbor2	chr11	6268502	6268724	LINE/L2	556	+	111	6268613	67321
chr11	5134524	5334524	harbor2	chr11	5202356	5203110	LINE/L2	559	+	377	5202733	68209
chr11	5127128	5327128	harbor2	chr11	5202356	5203110	LINE/L2	559	+	377	5202733	75605
chr11	9361014	9561014	harbor2	chr11	9387333	9387531	LINE/L2	462	+	99	9387432	26418
chr11	3994559	4194559	harbor2	chr11	4017761	4018034	LINE/L2	1552	+	136	4017897	23338
chr11	3994559	4194559	harbor2	chr11	4018665	4018916	LINE/L2	1552	+	126	4018791	24232
chr11	3994559	4194559	harbor2	chr11	4041151	4041385	LINE/L2	499	+	117	4041268	46709
chr11	3994559	4194559	harbor2	chr11	4042217	4042556	LINE/L2	1134	+	170	4042387	47828
chr11	5140128	5340128	harbor2	chr11	5202356	5203110	LINE/L2	559	+	377	5202733	62605
chr11	76580962	76780962	harbor2	chr11	76606181	76606813	LINE/L2	520	+	316	76606497	25535
chr11	76580962	76780962	harbor2	chr11	76606901	76606977	LINE/L2	520	+	38	76606939	25977
chr11	76580962	76780962	harbor2	chr11	76607264	76607305	LINE/L2	520	+	20	76607284	26322
chr11	76580962	76780962	harbor2	chr11	76607537	76607925	LINE/L2	1182	+	194	76607731	26769
chr11	76580962	76780962	harbor2	chr11	76609595	76609634	LINE/L2	1182	+	20	76609615	28653
chr11	76580962	76780962	harbor2	chr11	76659240	76659354	LINE/L2	438	+	57	76659297	78335
chr11	76580962	76780962	harbor2	chr11	76668183	76668643	LINE/L2	466	+	230	76668413	87451
chr11	76580962	76780962	harbor2	chr11	76611526	76611662	LINE/L2	690	+	68	76611594	30632
chr11	104242642	104442642	harbor2	chr11	104303942	104304250	LINE/L2	405	+	154	104304096	61454
chr11	5185577	5385577	harbor2	chr11	5202356	5203110	LINE/L2	559	+	377	5202733	17156
chr11	69540279	69740279	harbor2	chr11	69629227	69629547	LINE/L2	581	+	160	69629387	89108
chr11	64242731	64442731	harbor2	chr11	64279092	64279444	LINE/L2	405	+	176	64279268	36537
chr11	64242731	64442731	harbor2	chr11	64281280	64281434	LINE/L2	628	+	77	64281357	38626
chr11	64242731	64442731	harbor2	chr11	64281439	64281730	LINE/L2	560	+	146	64281585	38854
chr11	64242731	64442731	harbor2	chr11	64282019	64282228	LINE/L2	560	+	104	64282123	39392
chr11	64215285	64415285	harbor2	chr11	64279092	64279444	LINE/L2	405	+	176	64279268	63983
chr11	64215285	64415285	harbor2	chr11	64281280	64281434	LINE/L2	628	+	77	64281357	66072
chr11	64215285	64415285	harbor2	chr11	64281439	64281730	LINE/L2	560	+	146	64281585	66300
chr11	64215285	64415285	harbor2	chr11	64282019	64282228	LINE/L2	560	+	104	64282123	66838
chr11	134971985	135171985	harbor2	chr11	135051938	135052421	LINE/L2	836	+	242	135052180	80195
chr11	134971985	135171985	harbor2	chr11	135069997	135070476	LINE/L2	678	+	240	135070237	98252
chr11	76580938	76780938	harbor2	chr11	76606181	76606813	LINE/L2	520	+	316	76606497	25559
chr11	76580938	76780938	harbor2	chr11	76606901	76606977	LINE/L2	520	+	38	76606939	26001
chr11	76580938	76780938	harbor2	chr11	76607264	76607305	LINE/L2	520	+	20	76607284	26346
chr11	76580938	76780938	harbor2	chr11	76607537	76607925	LINE/L2	1182	+	194	76607731	26793
chr11	76580938	76780938	harbor2	chr11	76609595	76609634	LINE/L2	1182	+	20	76609615	28677
chr11	76580938	76780938	harbor2	chr11	76659240	76659354	LINE/L2	438	+	57	76659297	78359
chr11	76580938	76780938	harbor2	chr11	76668183	76668643	LINE/L2	466	+	230	76668413	87475
chr11	76580938	76780938	harbor2	chr11	76611526	76611662	LINE/L2	690	+	68	76611594	30656
chr11	5130257	5330257	harbor2	chr11	5202356	5203110	LINE/L2	559	+	377	5202733	72476
chr11	9514229	9714229	harbor2	chr11	9611149	9611403	LINE/L2	577	+	127	9611276	97047
chr11	33594688	33794688	harbor2	chr11	33617456	33617775	LINE/L2	802	+	160	33617616	22928
chr11	33594688	33794688	harbor2	chr11	33631286	33631420	LINE/L2	606	+	67	33631353	36665
chr11	33594688	33794688	harbor2	chr11	33631635	33631912	LINE/L2	606	+	138	33631773	37085
chr11	33594688	33794688	harbor2	chr11	33637142	33637527	LINE/L2	489	+	192	33637334	42646
chr11	33594688	33794688	harbor2	chr11	33637930	33638068	LINE/L2	489	+	69	33637999	43311
chr11	5128029	5328029	harbor2	chr11	5202356	5203110	LINE/L2	559	+	377	5202733	74704
chr11	5134085	5334085	harbor2	chr11	5202356	5203110	LINE/L2	559	+	377	5202733	68648
chr11	76597028	76797028	harbor2	chr11	76606181	76606813	LINE/L2	520	+	316	76606497	9469
chr11	76597028	76797028	harbor2	chr11	76606901	76606977	LINE/L2	520	+	38	76606939	9911
chr11	76597028	76797028	harbor2	chr11	76607264	76607305	LINE/L2	520	+	20	76607284	10256
chr11	76597028	76797028	harbor2	chr11	76607537	76607925	LINE/L2	1182	+	194	76607731	10703
chr11	76597028	76797028	harbor2	chr11	76609595	76609634	LINE/L2	1182	+	20	76609615	12587
chr11	76597028	76797028	harbor2	chr11	76659240	76659354	LINE/L2	438	+	57	76659297	62269
chr11	76597028	76797028	harbor2	chr11	76668183	76668643	LINE/L2	466	+	230	76668413	71385
chr11	76597028	76797028	harbor2	chr11	76611526	76611662	LINE/L2	690	+	68	76611594	14566
chr11	9514244	9714244	harbor2	chr11	9611149	9611403	LINE/L2	577	+	127	9611276	97032
chr11	64753229	64953229	harbor2	chr11	64794033	64794348	LINE/L2	621	+	158	64794191	40962
chr11	64753229	64953229	harbor2	chr11	64794658	64794839	LINE/L2	621	+	90	64794748	41519
chr11	64753229	64953229	harbor2	chr11	64815108	64815233	LINE/L2	609	+	62	64815170	61941
chr11	64002246	64202246	harbor2	chr11	64013702	64014138	LINE/L2	750	+	218	64013920	11674
chr11	64002246	64202246	harbor2	chr11	64026580	64027122	LINE/L2	699	+	271	64026851	24605
chr11	64002246	64202246	harbor2	chr11	64099183	64099429	LINE/L2	430	+	123	64099306	97060
chr11	31726461	31926461	harbor2	chr11	31753170	31753407	LINE/L2	607	+	118	31753288	26827
chr11	31726461	31926461	harbor2	chr11	31754071	31754587	LINE/L2	758	+	258	31754329	27868
chr11	31726461	31926461	harbor2	chr11	31756131	31756678	LINE/L2	433	+	274	31756405	29944
chr11	31726461	31926461	harbor2	chr11	31771411	31771697	LINE/L2	660	+	143	31771554	45093
chr11	31726461	31926461	harbor2	chr11	31771994	31772112	LINE/L2	660	+	59	31772053	45592
chr11	31726461	31926461	harbor2	chr11	31772420	31772593	LINE/L2	660	+	86	31772506	46045
chr11	45901774	46101774	harbor2	chr11	45942883	45943121	LINE/L2	964	+	119	45943002	41228
chr11	45901774	46101774	harbor2	chr11	45943481	45943607	LINE/L2	964	+	63	45943544	41770
chr11	45901774	46101774	harbor2	chr11	45944451	45944766	LINE/L2	1053	+	158	45944609	42835
chr11	45901774	46101774	harbor2	chr11	45945063	45945241	LINE/L2	1053	+	89	45945152	43378
chr11	45901774	46101774	harbor2	chr11	45965956	45966460	LINE/L2	517	+	252	45966208	64434
chr11	45901774	46101774	harbor2	chr11	45968160	45968646	LINE/L2	703	+	243	45968403	66629
chr11	45901774	46101774	harbor2	chr11	45976077	45976458	LINE/L2	413	+	190	45976267	74493
chr11	5133710	5333710	harbor2	chr11	5202356	5203110	LINE/L2	559	+	377	5202733	69023
chr11	2056654	2256654	harbor2	chr11	2071256	2072255	LINE/L2	1070	+	500	2071756	15102
chr11	65289218	65489218	harbor2	chr11	65382621	65383056	LINE/L2	513	+	218	65382839	93621
chr11	64546462	64746462	harbor2	chr11	64585332	64585566	LINE/L2	1745	+	117	64585449	38987
chr11	64546462	64746462	harbor2	chr11	64585871	64587018	LINE/L2	1745	+	574	64586445	39983
chr11	66159128	66359128	harbor2	chr11	66165116	66165709	LINE/L2	1242	+	296	66165412	6284
chr11	66159128	66359128	harbor2	chr11	66165838	66166094	LINE/L2	494	+	128	66165966	6838
chr11	66159128	66359128	harbor2	chr11	66176765	66177013	LINE/L2	499	+	124	66176889	17761
chr11	66159128	66359128	harbor2	chr11	66186354	66186678	LINE/L2	613	+	162	66186516	27388
chr11	66159128	66359128	harbor2	chr11	66246405	66247803	LINE/L2	1183	+	699	66247104	87976
chr11	66159128	66359128	harbor2	chr11	66250070	66250358	LINE/L2	484	+	144	66250214	91086
chr11	64348940	64548940	harbor2	chr11	64382616	64383112	LINE/L2	765	+	248	64382864	33924
chr11	64348940	64548940	harbor2	chr11	64383413	64383566	LINE/L2	765	+	76	64383489	34549
chr11	64348940	64548940	harbor2	chr11	64423473	64423630	LINE/L2	1074	+	78	64423551	74611
chr11	64348940	64548940	harbor2	chr11	64423927	64424153	LINE/L2	1074	+	113	64424040	75100
chr11	86702251	86902251	harbor2	chr11	86728610	86728977	LINE/L2	475	+	184	86728794	26543
chr11	86702251	86902251	harbor2	chr11	86779478	86779882	LINE/L2	657	+	202	86779680	77429
chr11	86702251	86902251	harbor2	chr11	86779895	86780025	LINE/L2	516	+	65	86779960	77709
chr11	69539137	69739137	harbor2	chr11	69629227	69629547	LINE/L2	581	+	160	69629387	90250
chr11	69540570	69740570	harbor2	chr11	69629227	69629547	LINE/L2	581	+	160	69629387	88817
chr11	47465560	47665560	harbor2	chr11	47474250	47474570	LINE/L2	984	+	160	47474410	8850
chr11	47465560	47665560	harbor2	chr11	47554477	47554663	LINE/L2	953	+	93	47554570	89010
chr11	47465560	47665560	harbor2	chr11	47554964	47555146	LINE/L2	953	+	91	47555055	89495
chr11	5129604	5329604	harbor2	chr11	5202356	5203110	LINE/L2	559	+	377	5202733	73129
chr11	46820071	47020071	harbor2	chr11	46840297	46840423	LINE/L2	438	+	63	46840360	20289
chr11	9514143	9714143	harbor2	chr11	9611149	9611403	LINE/L2	577	+	127	9611276	97133
chr11	19614222	19814222	harbor2	chr11	19617771	19618204	LINE/L2	729	+	216	19617987	3765
chr11	19614222	19814222	harbor2	chr11	19641266	19642051	LINE/L2	884	+	392	19641658	27436
chr11	19614222	19814222	harbor2	chr11	19675146	19675605	LINE/L2	729	+	230	19675376	61154
chr11	19614222	19814222	harbor2	chr11	19679583	19679889	LINE/L2	550	+	153	19679736	65514
chr11	5138019	5338019	harbor2	chr11	5202356	5203110	LINE/L2	559	+	377	5202733	64714
chr11	2300595	2500595	harbor2	chr11	2375302	2375633	LINE/L2	411	+	166	2375468	74873
chr11	5128903	5328903	harbor2	chr11	5202356	5203110	LINE/L2	559	+	377	5202733	73830
chr11	64538410	64738410	harbor2	chr11	64585332	64585566	LINE/L2	1745	+	117	64585449	47039
chr11	64538410	64738410	harbor2	chr11	64585871	64587018	LINE/L2	1745	+	574	64586445	48035
chr11	67369206	67569206	harbor2	chr11	67385610	67385847	LINE/L2	707	+	118	67385728	16522
chr11	67369206	67569206	harbor2	chr11	67432312	67432468	LINE/L2	544	+	78	67432390	63184
chr11	67369206	67569206	harbor2	chr11	67445495	67445672	LINE/L2	838	+	88	67445583	76377
chr11	67369206	67569206	harbor2	chr11	67445961	67446148	LINE/L2	838	+	94	67446055	76849
chr11	64033566	64233566	harbor2	chr11	64099183	64099429	LINE/L2	430	+	123	64099306	65740
chr11	86937893	87137893	harbor2	chr11	87036793	87036990	LINE/L2	558	+	98	87036891	98998
chr11	47086439	47286439	harbor2	chr11	47092874	47093009	LINE/L2	437	+	68	47092942	6503
chr11	47086439	47286439	harbor2	chr11	47109935	47110313	LINE/L2	632	+	189	47110124	23685
chr11	47086439	47286439	harbor2	chr11	47111917	47112310	LINE/L2	1529	+	196	47112113	25674
chr11	47086439	47286439	harbor2	chr11	47112622	47112785	LINE/L2	1529	+	82	47112704	26265
chr12	49267179	49467179	harbor2	chr12	49286881	49286909	LINE/L2	540	+	14	49286895	19716
chr12	49267179	49467179	harbor2	chr12	49287217	49287436	LINE/L2	540	+	110	49287327	20148
chr12	113085721	113285721	harbor2	chr12	113105193	113105307	LINE/L2	666	+	57	113105250	19529
chr12	113085721	113285721	harbor2	chr12	113106366	113106853	LINE/L2	795	+	244	113106610	20889
chr12	113085721	113285721	harbor2	chr12	113112342	113112671	LINE/L2	608	+	164	113112506	26785
chr12	113085721	113285721	harbor2	chr12	113112978	113113103	LINE/L2	608	+	62	113113040	27319
chr12	113085721	113285721	harbor2	chr12	113143284	113143492	LINE/L2	547	+	104	113143388	57667
chr12	113085721	113285721	harbor2	chr12	113150400	113151193	LINE/L2	844	+	396	113150796	65075
chr12	49268868	49468868	harbor2	chr12	49286881	49286909	LINE/L2	540	+	14	49286895	18027
chr12	49268868	49468868	harbor2	chr12	49287217	49287436	LINE/L2	540	+	110	49287327	18459
chr12	49267798	49467798	harbor2	chr12	49286881	49286909	LINE/L2	540	+	14	49286895	19097
chr12	49267798	49467798	harbor2	chr12	49287217	49287436	LINE/L2	540	+	110	49287327	19529
chr12	1	134253	harbor2	chr12	40109	40241	LINE/L2	545	+	66	40175	40174
chr12	1	134253	harbor2	chr12	44482	44793	LINE/L2	666	+	156	44638	44637
chr12	1	134253	harbor2	chr12	45060	45076	LINE/L2	666	+	8	45068	45067
chr12	1	134253	harbor2	chr12	49179	49555	LINE/L2	616	+	188	49367	49366
chr12	1	134253	harbor2	chr12	49876	50385	LINE/L2	696	+	254	50130	50129
chr12	110181171	110381171	harbor2	chr12	110188541	110188642	LINE/L2	2892	+	50	110188591	7420
chr12	110181171	110381171	harbor2	chr12	110188943	110189336	LINE/L2	2892	+	196	110189139	7968
chr12	110181171	110381171	harbor2	chr12	110189649	110190597	LINE/L2	2892	+	474	110190123	8952
chr12	110181171	110381171	harbor2	chr12	110202928	110202983	LINE/L2	714	+	28	110202956	21785
chr12	110181171	110381171	harbor2	chr12	110203294	110203672	LINE/L2	714	+	189	110203483	22312
chr12	110181171	110381171	harbor2	chr12	110204253	110204947	LINE/L2	879	+	347	110204600	23429
chr12	49501263	49701263	harbor2	chr12	49519258	49519814	LINE/L2	596	+	278	49519536	18273
chr12	49501263	49701263	harbor2	chr12	49571345	49571847	LINE/L2	666	+	251	49571596	70333
chr12	49501263	49701263	harbor2	chr12	49579325	49579876	LINE/L2	1237	+	276	49579601	78338
chr12	49501263	49701263	harbor2	chr12	49580182	49580286	LINE/L2	1237	+	52	49580234	78971
chr12	1	131535	harbor2	chr12	40109	40241	LINE/L2	545	+	66	40175	40174
chr12	1	131535	harbor2	chr12	44482	44793	LINE/L2	666	+	156	44638	44637
chr12	1	131535	harbor2	chr12	45060	45076	LINE/L2	666	+	8	45068	45067
chr12	1	131535	harbor2	chr12	49179	49555	LINE/L2	616	+	188	49367	49366
chr12	1	131535	harbor2	chr12	49876	50385	LINE/L2	696	+	254	50130	50129
chr12	123153661	123353661	harbor2	chr12	123174212	123174375	LINE/L2	883	+	82	123174294	20633
chr12	123153661	123353661	harbor2	chr12	123175453	123175672	LINE/L2	883	+	110	123175563	21902
chr12	123153661	123353661	harbor2	chr12	123174671	123175152	LINE/L2	883	+	240	123174911	21250
chr12	49481241	49681241	harbor2	chr12	49519258	49519814	LINE/L2	596	+	278	49519536	38295
chr12	49481241	49681241	harbor2	chr12	49571345	49571847	LINE/L2	666	+	251	49571596	90355
chr12	49481241	49681241	harbor2	chr12	49579325	49579876	LINE/L2	1237	+	276	49579601	98360
chr12	49481241	49681241	harbor2	chr12	49580182	49580286	LINE/L2	1237	+	52	49580234	98993
chr12	49499153	49699153	harbor2	chr12	49519258	49519814	LINE/L2	596	+	278	49519536	20383
chr12	49499153	49699153	harbor2	chr12	49571345	49571847	LINE/L2	666	+	251	49571596	72443
chr12	49499153	49699153	harbor2	chr12	49579325	49579876	LINE/L2	1237	+	276	49579601	80448
chr12	49499153	49699153	harbor2	chr12	49580182	49580286	LINE/L2	1237	+	52	49580234	81081
chr12	51585388	51785388	harbor2	chr12	51635208	51635482	LINE/L2	556	+	137	51635345	49957
chr12	51585388	51785388	harbor2	chr12	51652036	51652961	LINE/L2	922	+	462	51652498	67110
chr12	51585388	51785388	harbor2	chr12	51671976	51672801	LINE/L2	600	+	412	51672388	87000
chr12	51585388	51785388	harbor2	chr12	51683508	51683852	LINE/L2	1014	+	172	51683680	98292
chr12	49267227	49467227	harbor2	chr12	49286881	49286909	LINE/L2	540	+	14	49286895	19668
chr12	49267227	49467227	harbor2	chr12	49287217	49287436	LINE/L2	540	+	110	49287327	20100
chr12	49267168	49467168	harbor2	chr12	49286881	49286909	LINE/L2	540	+	14	49286895	19727
chr12	49267168	49467168	harbor2	chr12	49287217	49287436	LINE/L2	540	+	110	49287327	20159
chr12	49485747	49685747	harbor2	chr12	49519258	49519814	LINE/L2	596	+	278	49519536	33789
chr12	49485747	49685747	harbor2	chr12	49571345	49571847	LINE/L2	666	+	251	49571596	85849
chr12	49485747	49685747	harbor2	chr12	49579325	49579876	LINE/L2	1237	+	276	49579601	93854
chr12	49485747	49685747	harbor2	chr12	49580182	49580286	LINE/L2	1237	+	52	49580234	94487
chr12	50183574	50383574	harbor2	chr12	50228279	50228884	LINE/L2	1484	+	302	50228581	45007
chr12	50183574	50383574	harbor2	chr12	50229710	50230023	LINE/L2	718	+	156	50229866	46292
chr12	50183574	50383574	harbor2	chr12	50230336	50230456	LINE/L2	718	+	60	50230396	46822
chr12	68511241	68711241	harbor2	chr12	68549402	68550952	LINE/L2	3630	+	775	68550177	38936
chr12	130739294	130939294	harbor2	chr12	130778816	130778942	LINE/L2	920	+	63	130778879	39585
chr12	130739294	130939294	harbor2	chr12	130779230	130779887	LINE/L2	1138	+	328	130779558	40264
chr12	130739294	130939294	harbor2	chr12	130782609	130783220	LINE/L2	1079	+	306	130782915	43621
chr12	130064326	130264326	harbor2	chr12	130153893	130154622	LINE/L2	914	+	364	130154257	89931
chr12	7055606	7255606	harbor2	chr12	7075822	7076551	LINE/L2	1731	+	364	7076186	20580
chr12	7055606	7255606	harbor2	chr12	7077095	7077407	LINE/L2	785	+	156	7077251	21645
chr12	69787806	69987806	harbor2	chr12	69820228	69820560	LINE/L2	1074	+	166	69820394	32588
chr12	54117976	54317976	harbor2	chr12	54170930	54170987	LINE/L2	2683	+	28	54170958	52982
chr12	54117976	54317976	harbor2	chr12	54171300	54171409	LINE/L2	2683	+	54	54171354	53378
chr12	54117976	54317976	harbor2	chr12	54171709	54172377	LINE/L2	2683	+	334	54172043	54067
chr12	52212987	52412987	harbor2	chr12	52243484	52243942	LINE/L2	724	+	229	52243713	30726
chr12	89254755	89454755	harbor2	chr12	89325715	89326252	LINE/L2	1125	+	268	89325983	71228
chr12	6981048	7181048	harbor2	chr12	7075822	7076551	LINE/L2	1731	+	364	7076186	95138
chr12	6981048	7181048	harbor2	chr12	7077095	7077407	LINE/L2	785	+	156	7077251	96203
chr12	6981048	7181048	harbor2	chr12	6995777	6996586	LINE/L2	906	+	404	6996181	15133
chr12	54817529	55017529	harbor2	chr12	54827534	54827921	LINE/L2	917	+	194	54827728	10199
chr12	54817529	55017529	harbor2	chr12	54853488	54853862	LINE/L2	760	+	187	54853675	36146
chr12	96299869	96499869	harbor2	chr12	96354374	96354599	LINE/L2	857	+	112	96354486	54617
chr12	96299869	96499869	harbor2	chr12	96354896	96355398	LINE/L2	1078	+	251	96355147	55278
chr12	96299869	96499869	harbor2	chr12	96355705	96355855	LINE/L2	1078	+	75	96355780	55911
chr12	123358547	123558547	harbor2	chr12	123417336	123417586	LINE/L2	951	+	125	123417461	58914
chr12	123358547	123558547	harbor2	chr12	123417885	123417945	LINE/L2	951	+	30	123417915	59368
chr12	123358547	123558547	harbor2	chr12	123418236	123418611	LINE/L2	951	+	188	123418424	59877
chr12	122765092	122965092	harbor2	chr12	122766972	122767356	LINE/L2	922	+	192	122767164	2072
chr12	66144148	66344148	harbor2	chr12	66156235	66156808	LINE/L2	1473	+	286	66156521	12373
chr12	66144148	66344148	harbor2	chr12	66194273	66194546	LINE/L2	2278	+	136	66194409	50261
chr12	66144148	66344148	harbor2	chr12	66194847	66195654	LINE/L2	2278	+	404	66195251	51103
chr12	66144148	66344148	harbor2	chr12	66195957	66196267	LINE/L2	902	+	155	66196112	51964
chr12	25007052	25207052	harbor2	chr12	25098013	25099713	LINE/L2	4516	+	850	25098863	91811
chr12	65456928	65656928	harbor2	chr12	65461825	65462130	LINE/L2	884	+	152	65461977	5049
chr12	65456928	65656928	harbor2	chr12	65515721	65515940	LINE/L2	548	+	110	65515831	58903
chr12	65456928	65656928	harbor2	chr12	65516161	65516773	LINE/L2	644	+	306	65516467	59539
chr12	65456928	65656928	harbor2	chr12	65520482	65521196	LINE/L2	930	+	357	65520839	63911
chr12	65456928	65656928	harbor2	chr12	65544603	65545225	LINE/L2	717	+	311	65544914	87986
chr13	94616682	94816682	harbor2	chr13	94630475	94630785	LINE/L2	420	+	155	94630630	13948
chr13	94616682	94816682	harbor2	chr13	94631442	94631655	LINE/L2	442	+	106	94631548	14866
chr13	94616682	94816682	harbor2	chr13	94645922	94646176	LINE/L2	647	+	127	94646049	29367
chr13	37193965	37393965	harbor2	chr13	37201097	37201323	LINE/L2	616	+	113	37201210	7245
chr13	37193965	37393965	harbor2	chr13	37201840	37202018	LINE/L2	616	+	89	37201929	7964
chr13	36899401	37099401	harbor2	chr13	36899814	36900275	LINE/L2	946	+	230	36900044	643
chr13	36899401	37099401	harbor2	chr13	36900578	36900667	LINE/L2	914	+	44	36900622	1221
chr13	36899401	37099401	harbor2	chr13	36902801	36902941	LINE/L2	568	+	70	36902871	3470
chr13	36899401	37099401	harbor2	chr13	36904614	36904848	LINE/L2	422	+	117	36904731	5330
chr13	36899401	37099401	harbor2	chr13	36925150	36925279	LINE/L2	565	+	64	36925214	25813
chr13	36899401	37099401	harbor2	chr13	36928458	36928792	LINE/L2	425	+	167	36928625	29224
chr13	36899401	37099401	harbor2	chr13	36987930	36988292	LINE/L2	491	+	181	36988111	88710
chr13	109467216	109667216	harbor2	chr13	109512148	109512513	LINE/L2	616	+	182	109512330	45114
chr13	109467216	109667216	harbor2	chr13	109512815	109512912	LINE/L2	616	+	48	109512863	45647
chr13	109467216	109667216	harbor2	chr13	109537967	109538016	LINE/L2	521	+	24	109537991	70775
chr13	109467216	109667216	harbor2	chr13	109538326	109538711	LINE/L2	521	+	192	109538518	71302
chr13	44478442	44678442	harbor2	chr13	44508498	44508853	LINE/L2	775	+	178	44508676	30234
chr13	44478442	44678442	harbor2	chr13	44511974	44512157	LINE/L2	479	+	92	44512066	33624
chr13	44478442	44678442	harbor2	chr13	44512469	44512657	LINE/L2	479	+	94	44512563	34121
chr13	44478442	44678442	harbor2	chr13	44512948	44513279	LINE/L2	479	+	166	44513114	34672
chr13	20320596	20520596	harbor2	chr13	20352390	20352774	LINE/L2	540	+	192	20352582	31986
chr13	20320596	20520596	harbor2	chr13	20354001	20354415	LINE/L2	813	+	207	20354208	33612
chr13	20320596	20520596	harbor2	chr13	20354643	20355012	LINE/L2	613	+	184	20354827	34231
chr13	20320596	20520596	harbor2	chr13	20399257	20399557	LINE/L2	441	+	150	20399407	78811
chr13	20320596	20520596	harbor2	chr13	20399791	20400680	LINE/L2	1216	+	444	20400235	79639
chr13	27730189	27930189	harbor2	chr13	27815892	27816381	LINE/L2	547	+	244	27816136	85947
chr13	27730189	27930189	harbor2	chr13	27827796	27828227	LINE/L2	496	+	216	27828012	97823
chr13	113726141	113926141	harbor2	chr13	113757530	113757691	LINE/L2	414	+	80	113757610	31469
chr13	113726141	113926141	harbor2	chr13	113797865	113798012	LINE/L2	425	+	74	113797939	71798
chr13	20315103	20515103	harbor2	chr13	20352390	20352774	LINE/L2	540	+	192	20352582	37479
chr13	20315103	20515103	harbor2	chr13	20354001	20354415	LINE/L2	813	+	207	20354208	39105
chr13	20315103	20515103	harbor2	chr13	20354643	20355012	LINE/L2	613	+	184	20354827	39724
chr13	20315103	20515103	harbor2	chr13	20399257	20399557	LINE/L2	441	+	150	20399407	84304
chr13	20315103	20515103	harbor2	chr13	20399791	20400680	LINE/L2	1216	+	444	20400235	85132
chr13	113726140	113926140	harbor2	chr13	113757530	113757691	LINE/L2	414	+	80	113757610	31470
chr13	113726140	113926140	harbor2	chr13	113797865	113798012	LINE/L2	425	+	74	113797939	71799
chr13	113726144	113926144	harbor2	chr13	113757530	113757691	LINE/L2	414	+	80	113757610	31466
chr13	113726144	113926144	harbor2	chr13	113797865	113798012	LINE/L2	425	+	74	113797939	71795
chr13	50025816	50225816	harbor2	chr13	50026119	50026272	LINE/L2	447	+	76	50026195	379
chr13	50025816	50225816	harbor2	chr13	50026570	50026809	LINE/L2	447	+	120	50026690	874
chr13	50025816	50225816	harbor2	chr13	50042998	50043483	LINE/L2	1293	+	242	50043240	17424
chr13	50025816	50225816	harbor2	chr13	50055570	50055907	LINE/L2	639	+	168	50055738	29922
chr13	50025816	50225816	harbor2	chr13	50067185	50067276	LINE/L2	510	+	46	50067231	41415
chr13	50025816	50225816	harbor2	chr13	50105224	50105302	LINE/L2	487	+	39	50105263	79447
chr13	50025816	50225816	harbor2	chr13	50114248	50114796	LINE/L2	907	+	274	50114522	88706
chr13	50025816	50225816	harbor2	chr13	50114848	50115163	LINE/L2	695	+	158	50115006	89190
chr13	50025816	50225816	harbor2	chr13	50115715	50116244	LINE/L2	721	+	264	50115979	90163
chr13	20329118	20529118	harbor2	chr13	20352390	20352774	LINE/L2	540	+	192	20352582	23464
chr13	20329118	20529118	harbor2	chr13	20354001	20354415	LINE/L2	813	+	207	20354208	25090
chr13	20329118	20529118	harbor2	chr13	20354643	20355012	LINE/L2	613	+	184	20354827	25709
chr13	20329118	20529118	harbor2	chr13	20399257	20399557	LINE/L2	441	+	150	20399407	70289
chr13	20329118	20529118	harbor2	chr13	20399791	20400680	LINE/L2	1216	+	444	20400235	71117
chr13	60297202	60497202	harbor2	chr13	60297019	60297690	LINE/L2	1613	+	336	60297355	153
chr13	60297202	60497202	harbor2	chr13	60311991	60312191	LINE/L2	573	+	100	60312091	14889
chr13	110254735	110454735	harbor2	chr13	110294781	110294910	LINE/L2	462	+	64	110294845	40110
chr13	100785242	100985242	harbor2	chr13	100878880	100879950	LINE/L2	2220	+	535	100879415	94173
chr13	100785242	100985242	harbor2	chr13	100880244	100880419	LINE/L2	2220	+	88	100880332	95090
chr13	100848871	101048871	harbor2	chr13	100878880	100879950	LINE/L2	2220	+	535	100879415	30544
chr13	100848871	101048871	harbor2	chr13	100880244	100880419	LINE/L2	2220	+	88	100880332	31461
chr13	100848871	101048871	harbor2	chr13	100909162	100909401	LINE/L2	410	+	120	100909282	60411
chr13	113736144	113936144	harbor2	chr13	113757530	113757691	LINE/L2	414	+	80	113757610	21466
chr13	113736144	113936144	harbor2	chr13	113797865	113798012	LINE/L2	425	+	74	113797939	61795
chr13	113727215	113927215	harbor2	chr13	113757530	113757691	LINE/L2	414	+	80	113757610	30395
chr13	113727215	113927215	harbor2	chr13	113797865	113798012	LINE/L2	425	+	74	113797939	70724
chr13	95000339	95200339	harbor2	chr13	95047824	95048020	LINE/L2	549	+	98	95047922	47583
chr13	27730181	27930181	harbor2	chr13	27815892	27816381	LINE/L2	547	+	244	27816136	85955
chr13	27730181	27930181	harbor2	chr13	27827796	27828227	LINE/L2	496	+	216	27828012	97831
chr13	113727457	113927457	harbor2	chr13	113757530	113757691	LINE/L2	414	+	80	113757610	30153
chr13	113727457	113927457	harbor2	chr13	113797865	113798012	LINE/L2	425	+	74	113797939	70482
chr13	113726159	113926159	harbor2	chr13	113757530	113757691	LINE/L2	414	+	80	113757610	31451
chr13	113726159	113926159	harbor2	chr13	113797865	113798012	LINE/L2	425	+	74	113797939	71780
chr13	110254770	110454770	harbor2	chr13	110294781	110294910	LINE/L2	462	+	64	110294845	40075
chr13	113726150	113926150	harbor2	chr13	113757530	113757691	LINE/L2	414	+	80	113757610	31460
chr13	113726150	113926150	harbor2	chr13	113797865	113798012	LINE/L2	425	+	74	113797939	71789
chr13	99535043	99735043	harbor2	chr13	99542833	99543432	LINE/L2	1207	+	300	99543133	8090
chr13	99535043	99735043	harbor2	chr13	99617861	99618172	LINE/L2	572	+	156	99618017	82974
chr13	23074893	23274893	harbor2	chr13	23115473	23116403	LINE/L2	1780	+	465	23115938	41045
chr13	23074893	23274893	harbor2	chr13	23116815	23117277	LINE/L2	720	+	231	23117046	42153
chr13	23074893	23274893	harbor2	chr13	23168226	23168486	LINE/L2	416	+	130	23168356	93463
chr13	22389127	22589127	harbor2	chr13	22410529	22411074	LINE/L2	764	+	272	22410801	21674
chr13	22389127	22589127	harbor2	chr13	22396636	22397121	LINE/L2	587	+	242	22396878	7751
chr13	113737492	113937492	harbor2	chr13	113757530	113757691	LINE/L2	414	+	80	113757610	20118
chr13	113737492	113937492	harbor2	chr13	113797865	113798012	LINE/L2	425	+	74	113797939	60447
chr13	51842701	52042701	harbor2	chr13	51911734	51912269	LINE/L2	736	+	268	51912002	69301
chr13	100665338	100865338	harbor2	chr13	100675717	100676412	LINE/L2	547	+	348	100676065	10727
chr13	100665338	100865338	harbor2	chr13	100679264	100679534	LINE/L2	525	+	135	100679399	14061
chr13	113739633	113939633	harbor2	chr13	113757530	113757691	LINE/L2	414	+	80	113757610	17977
chr13	113739633	113939633	harbor2	chr13	113797865	113798012	LINE/L2	425	+	74	113797939	58306
chr13	72960932	73160932	harbor2	chr13	73020578	73021006	LINE/L2	648	+	214	73020792	59860
chr13	110290586	110490586	harbor2	chr13	110294781	110294910	LINE/L2	462	+	64	110294845	4259
chr13	113734431	113934431	harbor2	chr13	113757530	113757691	LINE/L2	414	+	80	113757610	23179
chr13	113734431	113934431	harbor2	chr13	113797865	113798012	LINE/L2	425	+	74	113797939	63508
chr13	113750098	113950098	harbor2	chr13	113757530	113757691	LINE/L2	414	+	80	113757610	7512
chr13	113750098	113950098	harbor2	chr13	113797865	113798012	LINE/L2	425	+	74	113797939	47841
chr13	36899416	37099416	harbor2	chr13	36899814	36900275	LINE/L2	946	+	230	36900044	628
chr13	36899416	37099416	harbor2	chr13	36900578	36900667	LINE/L2	914	+	44	36900622	1206
chr13	36899416	37099416	harbor2	chr13	36902801	36902941	LINE/L2	568	+	70	36902871	3455
chr13	36899416	37099416	harbor2	chr13	36904614	36904848	LINE/L2	422	+	117	36904731	5315
chr13	36899416	37099416	harbor2	chr13	36925150	36925279	LINE/L2	565	+	64	36925214	25798
chr13	36899416	37099416	harbor2	chr13	36928458	36928792	LINE/L2	425	+	167	36928625	29209
chr13	36899416	37099416	harbor2	chr13	36987930	36988292	LINE/L2	491	+	181	36988111	88695
chr13	50026936	50226936	harbor2	chr13	50042998	50043483	LINE/L2	1293	+	242	50043240	16304
chr13	50026936	50226936	harbor2	chr13	50055570	50055907	LINE/L2	639	+	168	50055738	28802
chr13	50026936	50226936	harbor2	chr13	50067185	50067276	LINE/L2	510	+	46	50067231	40295
chr13	50026936	50226936	harbor2	chr13	50105224	50105302	LINE/L2	487	+	39	50105263	78327
chr13	50026936	50226936	harbor2	chr13	50114248	50114796	LINE/L2	907	+	274	50114522	87586
chr13	50026936	50226936	harbor2	chr13	50114848	50115163	LINE/L2	695	+	158	50115006	88070
chr13	50026936	50226936	harbor2	chr13	50115715	50116244	LINE/L2	721	+	264	50115979	89043
chr13	75441536	75641536	harbor2	chr13	75513921	75514065	LINE/L2	517	+	72	75513993	72457
chr13	51351715	51551715	harbor2	chr13	51372362	51372649	LINE/L2	452	+	144	51372506	20791
chr13	51351715	51551715	harbor2	chr13	51391857	51392391	LINE/L2	672	+	267	51392124	40409
chr13	51351715	51551715	harbor2	chr13	51392395	51392896	LINE/L2	631	+	250	51392645	40930
chr13	51351715	51551715	harbor2	chr13	51405936	51406788	LINE/L2	560	+	426	51406362	54647
chr13	51351715	51551715	harbor2	chr13	51407020	51407194	LINE/L2	560	+	87	51407107	55392
chr13	20329143	20529143	harbor2	chr13	20352390	20352774	LINE/L2	540	+	192	20352582	23439
chr13	20329143	20529143	harbor2	chr13	20354001	20354415	LINE/L2	813	+	207	20354208	25065
chr13	20329143	20529143	harbor2	chr13	20354643	20355012	LINE/L2	613	+	184	20354827	25684
chr13	20329143	20529143	harbor2	chr13	20399257	20399557	LINE/L2	441	+	150	20399407	70264
chr13	20329143	20529143	harbor2	chr13	20399791	20400680	LINE/L2	1216	+	444	20400235	71092
chr14	67141303	67341303	harbor2	chr14	67154058	67154564	LINE/L2	661	+	253	67154311	13008
chr14	67141303	67341303	harbor2	chr14	67159065	67159247	LINE/L2	635	+	91	67159156	17853
chr14	67141303	67341303	harbor2	chr14	67187294	67188025	LINE/L2	729	+	366	67187660	46357
chr14	67141303	67341303	harbor2	chr14	67197785	67198067	LINE/L2	474	+	141	67197926	56623
chr14	24047658	24247658	harbor2	chr14	24070240	24070570	LINE/L2	541	+	165	24070405	22747
chr14	90283171	90483171	harbor2	chr14	90322349	90322458	LINE/L2	456	+	54	90322403	39232
chr14	103423570	103623570	harbor2	chr14	103456122	103456464	LINE/L2	473	+	171	103456293	32723
chr14	103423570	103623570	harbor2	chr14	103456573	103456763	LINE/L2	820	+	95	103456668	33098
chr14	67141327	67341327	harbor2	chr14	67154058	67154564	LINE/L2	661	+	253	67154311	12984
chr14	67141327	67341327	harbor2	chr14	67159065	67159247	LINE/L2	635	+	91	67159156	17829
chr14	67141327	67341327	harbor2	chr14	67187294	67188025	LINE/L2	729	+	366	67187660	46333
chr14	67141327	67341327	harbor2	chr14	67197785	67198067	LINE/L2	474	+	141	67197926	56599
chr14	67141322	67341322	harbor2	chr14	67154058	67154564	LINE/L2	661	+	253	67154311	12989
chr14	67141322	67341322	harbor2	chr14	67159065	67159247	LINE/L2	635	+	91	67159156	17834
chr14	67141322	67341322	harbor2	chr14	67187294	67188025	LINE/L2	729	+	366	67187660	46338
chr14	67141322	67341322	harbor2	chr14	67197785	67198067	LINE/L2	474	+	141	67197926	56604
chr14	100185464	100385464	harbor2	chr14	100255818	100255990	LINE/L2	566	+	86	100255904	70440
chr14	100185464	100385464	harbor2	chr14	100256155	100256451	LINE/L2	566	+	148	100256303	70839
chr14	100185464	100385464	harbor2	chr14	100257222	100257354	LINE/L2	529	+	66	100257288	71824
chr14	75328321	75528321	harbor2	chr14	75352644	75352881	LINE/L2	618	+	118	75352762	24441
chr14	100198905	100398905	harbor2	chr14	100255818	100255990	LINE/L2	566	+	86	100255904	56999
chr14	100198905	100398905	harbor2	chr14	100256155	100256451	LINE/L2	566	+	148	100256303	57398
chr14	100198905	100398905	harbor2	chr14	100257222	100257354	LINE/L2	529	+	66	100257288	58383
chr14	24047654	24247654	harbor2	chr14	24070240	24070570	LINE/L2	541	+	165	24070405	22751
chr14	90283153	90483153	harbor2	chr14	90322349	90322458	LINE/L2	456	+	54	90322403	39250
chr14	90283474	90483474	harbor2	chr14	90322349	90322458	LINE/L2	456	+	54	90322403	38929
chr14	54389016	54589016	harbor2	chr14	54399283	54399565	LINE/L2	572	+	141	54399424	10408
chr14	73660273	73860273	harbor2	chr14	73666734	73667135	LINE/L2	1131	+	200	73666934	6661
chr14	73660273	73860273	harbor2	chr14	73667431	73667505	LINE/L2	513	+	37	73667468	7195
chr14	73660273	73860273	harbor2	chr14	73667798	73667891	LINE/L2	513	+	46	73667844	7571
chr14	73660273	73860273	harbor2	chr14	73668013	73668371	LINE/L2	755	+	179	73668192	7919
chr14	73660273	73860273	harbor2	chr14	73674131	73674364	LINE/L2	513	+	116	73674247	13974
chr14	103629589	103829589	harbor2	chr14	103633771	103633857	LINE/L2	561	+	43	103633814	4225
chr14	103629589	103829589	harbor2	chr14	103634169	103634323	LINE/L2	561	+	77	103634246	4657
chr14	75330460	75530460	harbor2	chr14	75352644	75352881	LINE/L2	618	+	118	75352762	22302
chr14	51889569	52089569	harbor2	chr14	51957114	51957434	LINE/L2	939	+	160	51957274	67705
chr14	51889569	52089569	harbor2	chr14	51958863	51959679	LINE/L2	2485	+	408	51959271	69702
chr14	51889569	52089569	harbor2	chr14	51983016	51983607	LINE/L2	468	+	296	51983312	93743
chr14	51889569	52089569	harbor2	chr14	51986328	51986688	LINE/L2	1095	+	180	51986508	96939
chr14	103424599	103624599	harbor2	chr14	103456122	103456464	LINE/L2	473	+	171	103456293	31694
chr14	103424599	103624599	harbor2	chr14	103456573	103456763	LINE/L2	820	+	95	103456668	32069
chr14	93232282	93432282	harbor2	chr14	93267732	93268461	LINE/L2	566	+	364	93268096	35814
chr14	93232282	93432282	harbor2	chr14	93307570	93307871	LINE/L2	534	+	150	93307720	75438
chr14	93232282	93432282	harbor2	chr14	93316556	93316710	LINE/L2	627	+	77	93316633	84351
chr14	90960739	91160739	harbor2	chr14	91042591	91043420	LINE/L2	749	+	414	91043005	82266
chr14	90960739	91160739	harbor2	chr14	91045225	91045257	LINE/L2	506	+	16	91045241	84502
chr14	90960739	91160739	harbor2	chr14	91045564	91046289	LINE/L2	506	+	362	91045926	85187
chr14	23489204	23689204	harbor2	chr14	23535448	23535600	LINE/L2	507	+	76	23535524	46320
chr14	23489204	23689204	harbor2	chr14	23535892	23536230	LINE/L2	507	+	169	23536061	46857
chr14	100229888	100429888	harbor2	chr14	100255818	100255990	LINE/L2	566	+	86	100255904	26016
chr14	100229888	100429888	harbor2	chr14	100256155	100256451	LINE/L2	566	+	148	100256303	26415
chr14	100229888	100429888	harbor2	chr14	100257222	100257354	LINE/L2	529	+	66	100257288	27400
chr14	100229888	100429888	harbor2	chr14	100320711	100320890	LINE/L2	478	+	90	100320801	90913
chr14	100229888	100429888	harbor2	chr14	100321184	100321237	LINE/L2	478	+	26	100321210	91322
chr14	71625940	71825940	harbor2	chr14	71666992	71667497	LINE/L2	473	+	252	71667244	41304
chr14	75329481	75529481	harbor2	chr14	75352644	75352881	LINE/L2	618	+	118	75352762	23281
chr14	105388089	105588089	harbor2	chr14	105401131	105401231	LINE/L2	469	+	50	105401181	13092
chr14	75329814	75529814	harbor2	chr14	75352644	75352881	LINE/L2	618	+	118	75352762	22948
chr14	49792946	49992946	harbor2	chr14	49805705	49805992	LINE/L2	466	+	144	49805849	12903
chr14	73685543	73885543	harbor2	chr14	73777484	73778033	LINE/L2	543	+	274	73777758	92215
chr14	100248586	100448586	harbor2	chr14	100255818	100255990	LINE/L2	566	+	86	100255904	7318
chr14	100248586	100448586	harbor2	chr14	100256155	100256451	LINE/L2	566	+	148	100256303	7717
chr14	100248586	100448586	harbor2	chr14	100257222	100257354	LINE/L2	529	+	66	100257288	8702
chr14	100248586	100448586	harbor2	chr14	100320711	100320890	LINE/L2	478	+	90	100320801	72215
chr14	100248586	100448586	harbor2	chr14	100321184	100321237	LINE/L2	478	+	26	100321210	72624
chr14	24061095	24261095	harbor2	chr14	24070240	24070570	LINE/L2	541	+	165	24070405	9310
chr14	100241667	100441667	harbor2	chr14	100255818	100255990	LINE/L2	566	+	86	100255904	14237
chr14	100241667	100441667	harbor2	chr14	100256155	100256451	LINE/L2	566	+	148	100256303	14636
chr14	100241667	100441667	harbor2	chr14	100257222	100257354	LINE/L2	529	+	66	100257288	15621
chr14	100241667	100441667	harbor2	chr14	100320711	100320890	LINE/L2	478	+	90	100320801	79134
chr14	100241667	100441667	harbor2	chr14	100321184	100321237	LINE/L2	478	+	26	100321210	79543
chr14	100229896	100429896	harbor2	chr14	100255818	100255990	LINE/L2	566	+	86	100255904	26008
chr14	100229896	100429896	harbor2	chr14	100256155	100256451	LINE/L2	566	+	148	100256303	26407
chr14	100229896	100429896	harbor2	chr14	100257222	100257354	LINE/L2	529	+	66	100257288	27392
chr14	100229896	100429896	harbor2	chr14	100320711	100320890	LINE/L2	478	+	90	100320801	90905
chr14	100229896	100429896	harbor2	chr14	100321184	100321237	LINE/L2	478	+	26	100321210	91314
chr14	73672278	73872278	harbor2	chr14	73674131	73674364	LINE/L2	513	+	116	73674247	1969
chr14	103422944	103622944	harbor2	chr14	103456122	103456464	LINE/L2	473	+	171	103456293	33349
chr14	103422944	103622944	harbor2	chr14	103456573	103456763	LINE/L2	820	+	95	103456668	33724
chr14	90283167	90483167	harbor2	chr14	90322349	90322458	LINE/L2	456	+	54	90322403	39236
chr14	73659699	73859699	harbor2	chr14	73666734	73667135	LINE/L2	1131	+	200	73666934	7235
chr14	73659699	73859699	harbor2	chr14	73667431	73667505	LINE/L2	513	+	37	73667468	7769
chr14	73659699	73859699	harbor2	chr14	73667798	73667891	LINE/L2	513	+	46	73667844	8145
chr14	73659699	73859699	harbor2	chr14	73668013	73668371	LINE/L2	755	+	179	73668192	8493
chr14	73659699	73859699	harbor2	chr14	73674131	73674364	LINE/L2	513	+	116	73674247	14548
chr14	67141987	67341987	harbor2	chr14	67154058	67154564	LINE/L2	661	+	253	67154311	12324
chr14	67141987	67341987	harbor2	chr14	67159065	67159247	LINE/L2	635	+	91	67159156	17169
chr14	67141987	67341987	harbor2	chr14	67187294	67188025	LINE/L2	729	+	366	67187660	45673
chr14	67141987	67341987	harbor2	chr14	67197785	67198067	LINE/L2	474	+	141	67197926	55939
chr14	24061282	24261282	harbor2	chr14	24070240	24070570	LINE/L2	541	+	165	24070405	9123
chr14	67141325	67341325	harbor2	chr14	67154058	67154564	LINE/L2	661	+	253	67154311	12986
chr14	67141325	67341325	harbor2	chr14	67159065	67159247	LINE/L2	635	+	91	67159156	17831
chr14	67141325	67341325	harbor2	chr14	67187294	67188025	LINE/L2	729	+	366	67187660	46335
chr14	67141325	67341325	harbor2	chr14	67197785	67198067	LINE/L2	474	+	141	67197926	56601
chr14	100185450	100385450	harbor2	chr14	100255818	100255990	LINE/L2	566	+	86	100255904	70454
chr14	100185450	100385450	harbor2	chr14	100256155	100256451	LINE/L2	566	+	148	100256303	70853
chr14	100185450	100385450	harbor2	chr14	100257222	100257354	LINE/L2	529	+	66	100257288	71838
chr14	105388165	105588165	harbor2	chr14	105401131	105401231	LINE/L2	469	+	50	105401181	13016
chr14	105398468	105598468	harbor2	chr14	105401131	105401231	LINE/L2	469	+	50	105401181	2713
chr14	24092881	24292881	harbor2	chr14	24169198	24169831	LINE/L2	1386	+	316	24169514	76633
chr14	100276552	100476552	harbor2	chr14	100320711	100320890	LINE/L2	478	+	90	100320801	44249
chr14	100276552	100476552	harbor2	chr14	100321184	100321237	LINE/L2	478	+	26	100321210	44658
chr14	90283475	90483475	harbor2	chr14	90322349	90322458	LINE/L2	456	+	54	90322403	38928
chr14	100277909	100477909	harbor2	chr14	100320711	100320890	LINE/L2	478	+	90	100320801	42892
chr14	100277909	100477909	harbor2	chr14	100321184	100321237	LINE/L2	478	+	26	100321210	43301
chr14	75330552	75530552	harbor2	chr14	75352644	75352881	LINE/L2	618	+	118	75352762	22210
chr14	24061205	24261205	harbor2	chr14	24070240	24070570	LINE/L2	541	+	165	24070405	9200
chr14	100230408	100430408	harbor2	chr14	100255818	100255990	LINE/L2	566	+	86	100255904	25496
chr14	100230408	100430408	harbor2	chr14	100256155	100256451	LINE/L2	566	+	148	100256303	25895
chr14	100230408	100430408	harbor2	chr14	100257222	100257354	LINE/L2	529	+	66	100257288	26880
chr14	100230408	100430408	harbor2	chr14	100320711	100320890	LINE/L2	478	+	90	100320801	90393
chr14	100230408	100430408	harbor2	chr14	100321184	100321237	LINE/L2	478	+	26	100321210	90802
chr14	64998457	65198457	harbor2	chr14	65091497	65091955	LINE/L2	1263	+	229	65091726	93269
chr14	75328337	75528337	harbor2	chr14	75352644	75352881	LINE/L2	618	+	118	75352762	24425
chr14	73358260	73558260	harbor2	chr14	73358280	73358594	LINE/L2	525	+	157	73358437	177
chr14	73358260	73558260	harbor2	chr14	73359851	73360155	LINE/L2	462	+	152	73360003	1743
chr14	100582274	100782274	harbor2	chr14	100636677	100637198	LINE/L2	1270	+	260	100636937	54663
chr14	100582274	100782274	harbor2	chr14	100644784	100645384	LINE/L2	634	+	300	100645084	62810
chr14	20369338	20569338	harbor2	chr14	20409013	20409595	LINE/L2	1018	+	291	20409304	39966
chr14	20369338	20569338	harbor2	chr14	20411204	20411614	LINE/L2	456	+	205	20411409	42071
chr14	20369338	20569338	harbor2	chr14	20448378	20448597	LINE/L2	572	+	110	20448488	79150
chr14	75329541	75529541	harbor2	chr14	75352644	75352881	LINE/L2	618	+	118	75352762	23221
chr14	95542807	95742807	harbor2	chr14	95593571	95594764	LINE/L2	1569	+	596	95594167	51360
chr14	95542807	95742807	harbor2	chr14	95595124	95595605	LINE/L2	1569	+	240	95595364	52557
chr14	95542807	95742807	harbor2	chr14	95612355	95612676	LINE/L2	882	+	160	95612515	69708
chr14	95542807	95742807	harbor2	chr14	95634906	95635623	LINE/L2	1569	+	358	95635264	92457
chr14	99637683	99837683	harbor2	chr14	99685331	99685624	LINE/L2	601	+	146	99685477	47794
chr14	99637683	99837683	harbor2	chr14	99688245	99689230	LINE/L2	1006	+	492	99688737	51054
chr14	99637683	99837683	harbor2	chr14	99689565	99690175	LINE/L2	1260	+	305	99689870	52187
chr14	99637683	99837683	harbor2	chr14	99690305	99690438	LINE/L2	756	+	66	99690371	52688
chr14	99637683	99837683	harbor2	chr14	99718213	99718518	LINE/L2	463	+	152	99718365	80682
chr14	99637683	99837683	harbor2	chr14	99726857	99727306	LINE/L2	812	+	224	99727081	89398
chr14	24047661	24247661	harbor2	chr14	24070240	24070570	LINE/L2	541	+	165	24070405	22744
chr14	96745593	96945593	harbor2	chr14	96821599	96822282	LINE/L2	1561	+	342	96821941	76348
chr14	96745593	96945593	harbor2	chr14	96822773	96823356	LINE/L2	1398	+	292	96823065	77472
chr14	96745593	96945593	harbor2	chr14	96835170	96836023	LINE/L2	692	+	426	96835596	90003
chr14	96745593	96945593	harbor2	chr14	96836214	96836518	LINE/L2	869	+	152	96836366	90773
chr14	96745593	96945593	harbor2	chr14	96836829	96837167	LINE/L2	869	+	169	96836998	91405
chr14	100276551	100476551	harbor2	chr14	100320711	100320890	LINE/L2	478	+	90	100320801	44250
chr14	100276551	100476551	harbor2	chr14	100321184	100321237	LINE/L2	478	+	26	100321210	44659
chr14	54728143	54928143	harbor2	chr14	54745448	54745661	LINE/L2	493	+	106	54745554	17411
chr14	54728143	54928143	harbor2	chr14	54759184	54759480	LINE/L2	549	+	148	54759332	31189
chr14	54728143	54928143	harbor2	chr14	54819652	54820485	LINE/L2	1577	+	416	54820068	91925
chr14	54728143	54928143	harbor2	chr14	54826822	54827355	LINE/L2	578	+	266	54827088	98945
chr14	78725637	78925637	harbor2	chr14	78786105	78786221	LINE/L2	468	+	58	78786163	60526
chr14	104256665	104456665	harbor2	chr14	104344726	104345020	LINE/L2	624	+	147	104344873	88208
chr14	105394225	105594225	harbor2	chr14	105401131	105401231	LINE/L2	469	+	50	105401181	6956
chr14	58232111	58432111	harbor2	chr14	58242525	58242570	LINE/L2	504	+	22	58242547	10436
chr14	58232111	58432111	harbor2	chr14	58242948	58243165	LINE/L2	504	+	108	58243056	10945
chr14	58232111	58432111	harbor2	chr14	58246143	58246391	LINE/L2	893	+	124	58246267	14156
chr14	58232111	58432111	harbor2	chr14	58246697	58247189	LINE/L2	893	+	246	58246943	14832
chr14	58232111	58432111	harbor2	chr14	58303483	58303638	LINE/L2	487	+	78	58303561	71450
chr14	103451499	103651499	harbor2	chr14	103456122	103456464	LINE/L2	473	+	171	103456293	4794
chr14	103451499	103651499	harbor2	chr14	103456573	103456763	LINE/L2	820	+	95	103456668	5169
chr14	69474570	69674570	harbor2	chr14	69495251	69495493	LINE/L2	512	+	121	69495372	20802
chr14	69474570	69674570	harbor2	chr14	69495655	69496051	LINE/L2	1249	+	198	69495853	21283
chr14	69474570	69674570	harbor2	chr14	69524827	69525280	LINE/L2	518	+	226	69525053	50483
chr15	29170226	29370226	harbor2	chr15	29229374	29230341	LINE/L2	987	+	484	29229858	59632
chr15	50324378	50524378	harbor2	chr15	50343294	50343545	LINE/L2	462	+	126	50343420	19042
chr15	50324378	50524378	harbor2	chr15	50404263	50404518	LINE/L2	738	+	128	50404391	80013
chr15	50324378	50524378	harbor2	chr15	50404805	50405151	LINE/L2	738	+	173	50404978	80600
chr15	50324378	50524378	harbor2	chr15	50417008	50417283	LINE/L2	718	+	138	50417146	92768
chr15	50324378	50524378	harbor2	chr15	50419820	50420018	LINE/L2	528	+	99	50419919	95541
chr15	33938898	34138898	harbor2	chr15	33962328	33962591	LINE/L2	593	+	132	33962460	23562
chr15	33938898	34138898	harbor2	chr15	33997445	33998343	LINE/L2	3337	+	449	33997894	58996
chr15	33938898	34138898	harbor2	chr15	33998468	33999025	LINE/L2	3337	+	278	33998746	59848
chr15	33938898	34138898	harbor2	chr15	33999506	34000000	LINE/L2	1252	+	247	33999753	60855
chr15	33938898	34138898	harbor2	chr15	34000004	34000371	LINE/L2	1089	+	184	34000188	61290
chr15	67422555	67622555	harbor2	chr15	67424105	67424602	LINE/L2	718	+	248	67424353	1798
chr15	67422555	67622555	harbor2	chr15	67432779	67432863	LINE/L2	511	+	42	67432821	10266
chr15	67422555	67622555	harbor2	chr15	67458182	67458602	LINE/L2	1376	+	210	67458392	35837
chr15	67422555	67622555	harbor2	chr15	67508887	67509165	LINE/L2	701	+	139	67509026	86471
chr15	67308458	67508458	harbor2	chr15	67338994	67339169	LINE/L2	470	+	88	67339082	30624
chr15	35454869	35654869	harbor2	chr15	35461985	35462861	LINE/L2	1707	+	438	35462423	7554
chr15	35454869	35654869	harbor2	chr15	35528944	35529139	LINE/L2	602	+	98	35529042	74173
chr15	35454869	35654869	harbor2	chr15	35529501	35529745	LINE/L2	602	+	122	35529623	74754
chr15	35454869	35654869	harbor2	chr15	35537646	35537975	LINE/L2	873	+	164	35537810	82941
chr15	74743181	74943181	harbor2	chr15	74777921	74778238	LINE/L2	702	+	158	74778079	34898
chr15	74743181	74943181	harbor2	chr15	74778541	74778821	LINE/L2	702	+	140	74778681	35500
chr15	74497169	74697169	harbor2	chr15	74537110	74537236	LINE/L2	1907	+	63	74537173	40004
chr15	74497169	74697169	harbor2	chr15	74537545	74538285	LINE/L2	1907	+	370	74537915	40746
chr15	67454788	67654788	harbor2	chr15	67458182	67458602	LINE/L2	1376	+	210	67458392	3604
chr15	67454788	67654788	harbor2	chr15	67508887	67509165	LINE/L2	701	+	139	67509026	54238
chr15	67423672	67623672	harbor2	chr15	67424105	67424602	LINE/L2	718	+	248	67424353	681
chr15	67423672	67623672	harbor2	chr15	67432779	67432863	LINE/L2	511	+	42	67432821	9149
chr15	67423672	67623672	harbor2	chr15	67458182	67458602	LINE/L2	1376	+	210	67458392	34720
chr15	67423672	67623672	harbor2	chr15	67508887	67509165	LINE/L2	701	+	139	67509026	85354
chr15	35466021	35666021	harbor2	chr15	35528944	35529139	LINE/L2	602	+	98	35529042	63021
chr15	35466021	35666021	harbor2	chr15	35529501	35529745	LINE/L2	602	+	122	35529623	63602
chr15	35466021	35666021	harbor2	chr15	35537646	35537975	LINE/L2	873	+	164	35537810	71789
chr15	67422132	67622132	harbor2	chr15	67424105	67424602	LINE/L2	718	+	248	67424353	2221
chr15	67422132	67622132	harbor2	chr15	67432779	67432863	LINE/L2	511	+	42	67432821	10689
chr15	67422132	67622132	harbor2	chr15	67458182	67458602	LINE/L2	1376	+	210	67458392	36260
chr15	67422132	67622132	harbor2	chr15	67508887	67509165	LINE/L2	701	+	139	67509026	86894
chr15	35449558	35649558	harbor2	chr15	35451515	35451728	LINE/L2	760	+	106	35451621	2063
chr15	35449558	35649558	harbor2	chr15	35452035	35452222	LINE/L2	760	+	94	35452129	2571
chr15	35449558	35649558	harbor2	chr15	35461985	35462861	LINE/L2	1707	+	438	35462423	12865
chr15	35449558	35649558	harbor2	chr15	35528944	35529139	LINE/L2	602	+	98	35529042	79484
chr15	35449558	35649558	harbor2	chr15	35529501	35529745	LINE/L2	602	+	122	35529623	80065
chr15	35449558	35649558	harbor2	chr15	35537646	35537975	LINE/L2	873	+	164	35537810	88252
chr15	35992850	36192850	harbor2	chr15	35995588	35995944	LINE/L2	664	+	178	35995766	2916
chr15	101862140	102062140	harbor2	chr15	101865006	101865592	LINE/L2	492	+	293	101865299	3159
chr15	101862140	102062140	harbor2	chr15	101903941	101904290	LINE/L2	609	+	174	101904115	41975
chr15	101862140	102062140	harbor2	chr15	101931771	101931923	LINE/L2	441	+	76	101931847	69707
chr15	74513026	74713026	harbor2	chr15	74537110	74537236	LINE/L2	1907	+	63	74537173	24147
chr15	74513026	74713026	harbor2	chr15	74537545	74538285	LINE/L2	1907	+	370	74537915	24889
chr15	35459705	35659705	harbor2	chr15	35461985	35462861	LINE/L2	1707	+	438	35462423	2718
chr15	35459705	35659705	harbor2	chr15	35528944	35529139	LINE/L2	602	+	98	35529042	69337
chr15	35459705	35659705	harbor2	chr15	35529501	35529745	LINE/L2	602	+	122	35529623	69918
chr15	35459705	35659705	harbor2	chr15	35537646	35537975	LINE/L2	873	+	164	35537810	78105
chr15	101861388	102061388	harbor2	chr15	101865006	101865592	LINE/L2	492	+	293	101865299	3911
chr15	101861388	102061388	harbor2	chr15	101903941	101904290	LINE/L2	609	+	174	101904115	42727
chr15	101861388	102061388	harbor2	chr15	101931771	101931923	LINE/L2	441	+	76	101931847	70459
chr15	39901338	40101338	harbor2	chr15	39938107	39938247	LINE/L2	436	+	70	39938177	36839
chr15	39901338	40101338	harbor2	chr15	39957395	39957732	LINE/L2	588	+	168	39957563	56225
chr15	35449106	35649106	harbor2	chr15	35451515	35451728	LINE/L2	760	+	106	35451621	2515
chr15	35449106	35649106	harbor2	chr15	35452035	35452222	LINE/L2	760	+	94	35452129	3023
chr15	35449106	35649106	harbor2	chr15	35461985	35462861	LINE/L2	1707	+	438	35462423	13317
chr15	35449106	35649106	harbor2	chr15	35528944	35529139	LINE/L2	602	+	98	35529042	79936
chr15	35449106	35649106	harbor2	chr15	35529501	35529745	LINE/L2	602	+	122	35529623	80517
chr15	35449106	35649106	harbor2	chr15	35537646	35537975	LINE/L2	873	+	164	35537810	88704
chr15	49055735	49255735	harbor2	chr15	49058552	49058931	LINE/L2	1229	+	190	49058742	3007
chr15	49055735	49255735	harbor2	chr15	49059126	49059375	LINE/L2	1229	+	124	49059250	3515
chr15	49055735	49255735	harbor2	chr15	49077554	49077685	LINE/L2	425	+	66	49077620	21885
chr15	49055735	49255735	harbor2	chr15	49078350	49078674	LINE/L2	497	+	162	49078512	22777
chr15	49055735	49255735	harbor2	chr15	49083153	49083331	LINE/L2	469	+	89	49083242	27507
chr15	49055735	49255735	harbor2	chr15	49120427	49120612	LINE/L2	414	+	92	49120519	64784
chr15	49055735	49255735	harbor2	chr15	49120624	49121015	LINE/L2	525	+	196	49120820	65085
chr15	67464714	67664714	harbor2	chr15	67508887	67509165	LINE/L2	701	+	139	67509026	44312
chr15	67464714	67664714	harbor2	chr15	67558299	67558823	LINE/L2	1859	+	262	67558561	93847
chr15	67464714	67664714	harbor2	chr15	67558813	67558948	LINE/L2	516	+	68	67558881	94167
chr15	35651734	35851734	harbor2	chr15	35664480	35665177	LINE/L2	419	+	348	35664828	13094
chr15	35651734	35851734	harbor2	chr15	35687275	35687425	LINE/L2	534	+	75	35687350	35616
chr15	35651734	35851734	harbor2	chr15	35746875	35747228	LINE/L2	723	+	176	35747051	95317
chr15	79797266	79997266	harbor2	chr15	79819628	79820023	LINE/L2	1239	+	198	79819826	22560
chr15	79797266	79997266	harbor2	chr15	79820763	79821225	LINE/L2	1239	+	231	79820994	23728
chr15	79797266	79997266	harbor2	chr15	79821238	79821552	LINE/L2	620	+	157	79821395	24129
chr15	75248486	75448486	harbor2	chr15	75337739	75337845	LINE/L2	416	+	53	75337792	89306
chr15	75248486	75448486	harbor2	chr15	75346838	75347068	LINE/L2	428	+	115	75346953	98467
chr15	36577146	36777146	harbor2	chr15	36652054	36652339	LINE/L2	483	+	142	36652196	75050
chr15	25339082	25539082	harbor2	chr15	25423786	25424614	LINE/L2	1593	+	414	25424200	85118
chr15	35446794	35646794	harbor2	chr15	35451515	35451728	LINE/L2	760	+	106	35451621	4827
chr15	35446794	35646794	harbor2	chr15	35452035	35452222	LINE/L2	760	+	94	35452129	5335
chr15	35446794	35646794	harbor2	chr15	35461985	35462861	LINE/L2	1707	+	438	35462423	15629
chr15	35446794	35646794	harbor2	chr15	35528944	35529139	LINE/L2	602	+	98	35529042	82248
chr15	35446794	35646794	harbor2	chr15	35529501	35529745	LINE/L2	602	+	122	35529623	82829
chr15	35446794	35646794	harbor2	chr15	35537646	35537975	LINE/L2	873	+	164	35537810	91016
chr15	45101918	45301918	harbor2	chr15	45125228	45125556	LINE/L2	430	+	164	45125392	23474
chr15	45101918	45301918	harbor2	chr15	45126209	45126712	LINE/L2	988	+	252	45126461	24543
chr15	45101918	45301918	harbor2	chr15	45131642	45131769	LINE/L2	446	+	64	45131706	29788
chr15	45101918	45301918	harbor2	chr15	45180540	45180825	LINE/L2	421	+	142	45180682	78764
chr15	35446632	35646632	harbor2	chr15	35451515	35451728	LINE/L2	760	+	106	35451621	4989
chr15	35446632	35646632	harbor2	chr15	35452035	35452222	LINE/L2	760	+	94	35452129	5497
chr15	35446632	35646632	harbor2	chr15	35461985	35462861	LINE/L2	1707	+	438	35462423	15791
chr15	35446632	35646632	harbor2	chr15	35528944	35529139	LINE/L2	602	+	98	35529042	82410
chr15	35446632	35646632	harbor2	chr15	35529501	35529745	LINE/L2	602	+	122	35529623	82991
chr15	35446632	35646632	harbor2	chr15	35537646	35537975	LINE/L2	873	+	164	35537810	91178
chr15	53985076	54185076	harbor2	chr15	54039544	54039780	LINE/L2	529	+	118	54039662	54586
chr15	53985076	54185076	harbor2	chr15	54039782	54040166	LINE/L2	560	+	192	54039974	54898
chr15	53985076	54185076	harbor2	chr15	54040782	54041145	LINE/L2	811	+	182	54040964	55888
chr15	69999345	70199345	harbor2	chr15	69999149	69999667	LINE/L2	1081	+	259	69999408	63
chr15	69999345	70199345	harbor2	chr15	70000023	70000277	LINE/L2	802	+	127	70000150	805
chr15	69999345	70199345	harbor2	chr15	70035028	70035363	LINE/L2	511	+	168	70035196	35851
chr15	69999345	70199345	harbor2	chr15	70044517	70044856	LINE/L2	564	+	170	70044687	45342
chr15	61873675	62073675	harbor2	chr15	61924167	61924526	LINE/L2	449	+	180	61924347	50672
chr15	68054059	68254059	harbor2	chr15	68108461	68109491	LINE/L2	2175	+	515	68108976	54917
chr15	68054059	68254059	harbor2	chr15	68111876	68112295	LINE/L2	1256	+	210	68112086	58027
chr15	68054059	68254059	harbor2	chr15	68108168	68108430	LINE/L2	457	+	131	68108299	54240
chr15	36396102	36596102	harbor2	chr15	36450505	36450999	LINE/L2	442	+	247	36450752	54650
chr15	67422609	67622609	harbor2	chr15	67424105	67424602	LINE/L2	718	+	248	67424353	1744
chr15	67422609	67622609	harbor2	chr15	67432779	67432863	LINE/L2	511	+	42	67432821	10212
chr15	67422609	67622609	harbor2	chr15	67458182	67458602	LINE/L2	1376	+	210	67458392	35783
chr15	67422609	67622609	harbor2	chr15	67508887	67509165	LINE/L2	701	+	139	67509026	86417
chr15	72132178	72332178	harbor2	chr15	72145053	72145406	LINE/L2	516	+	176	72145229	13051
chr15	72132178	72332178	harbor2	chr15	72145724	72145755	LINE/L2	516	+	16	72145740	13562
chr15	72132178	72332178	harbor2	chr15	72146051	72146326	LINE/L2	516	+	138	72146189	14011
chr15	72132178	72332178	harbor2	chr15	72146468	72147020	LINE/L2	516	+	276	72146744	14566
chr15	72132178	72332178	harbor2	chr15	72149530	72149593	LINE/L2	2300	+	32	72149562	17384
chr15	72132178	72332178	harbor2	chr15	72149906	72150126	LINE/L2	2300	+	110	72150016	17838
chr15	72132178	72332178	harbor2	chr15	72150469	72150480	LINE/L2	2300	+	6	72150475	18297
chr15	72132178	72332178	harbor2	chr15	72150780	72151485	LINE/L2	2300	+	352	72151132	18954
chr15	72132178	72332178	harbor2	chr15	72151758	72151918	LINE/L2	1146	+	80	72151838	19660
chr15	72132178	72332178	harbor2	chr15	72152264	72152438	LINE/L2	1146	+	87	72152351	20173
chr15	72132178	72332178	harbor2	chr15	72158986	72159384	LINE/L2	615	+	199	72159185	27007
chr15	72132178	72332178	harbor2	chr15	72175435	72175840	LINE/L2	636	+	202	72175637	43459
chr15	101861522	102061522	harbor2	chr15	101865006	101865592	LINE/L2	492	+	293	101865299	3777
chr15	101861522	102061522	harbor2	chr15	101903941	101904290	LINE/L2	609	+	174	101904115	42593
chr15	101861522	102061522	harbor2	chr15	101931771	101931923	LINE/L2	441	+	76	101931847	70325
chr15	31770757	31970757	harbor2	chr15	31771280	31771614	LINE/L2	747	+	167	31771447	690
chr15	31770757	31970757	harbor2	chr15	31791693	31792557	LINE/L2	711	+	432	31792125	21368
chr15	40121372	40321372	harbor2	chr15	40141372	40141385	LINE/L2	1673	+	6	40141378	20006
chr15	40121372	40321372	harbor2	chr15	40141723	40142208	LINE/L2	1673	+	242	40141965	20593
chr15	40121372	40321372	harbor2	chr15	40155666	40156079	LINE/L2	439	+	206	40155872	34500
chr15	40121372	40321372	harbor2	chr15	40175828	40175940	LINE/L2	415	+	56	40175884	54512
chr15	40121372	40321372	harbor2	chr15	40198938	40199388	LINE/L2	647	+	225	40199163	77791
chr15	35446761	35646761	harbor2	chr15	35451515	35451728	LINE/L2	760	+	106	35451621	4860
chr15	35446761	35646761	harbor2	chr15	35452035	35452222	LINE/L2	760	+	94	35452129	5368
chr15	35446761	35646761	harbor2	chr15	35461985	35462861	LINE/L2	1707	+	438	35462423	15662
chr15	35446761	35646761	harbor2	chr15	35528944	35529139	LINE/L2	602	+	98	35529042	82281
chr15	35446761	35646761	harbor2	chr15	35529501	35529745	LINE/L2	602	+	122	35529623	82862
chr15	35446761	35646761	harbor2	chr15	35537646	35537975	LINE/L2	873	+	164	35537810	91049
chr15	45116131	45316131	harbor2	chr15	45125228	45125556	LINE/L2	430	+	164	45125392	9261
chr15	45116131	45316131	harbor2	chr15	45126209	45126712	LINE/L2	988	+	252	45126461	10330
chr15	45116131	45316131	harbor2	chr15	45131642	45131769	LINE/L2	446	+	64	45131706	15575
chr15	45116131	45316131	harbor2	chr15	45180540	45180825	LINE/L2	421	+	142	45180682	64551
chr15	35573001	35773001	harbor2	chr15	35664480	35665177	LINE/L2	419	+	348	35664828	91827
chr15	35446582	35646582	harbor2	chr15	35451515	35451728	LINE/L2	760	+	106	35451621	5039
chr15	35446582	35646582	harbor2	chr15	35452035	35452222	LINE/L2	760	+	94	35452129	5547
chr15	35446582	35646582	harbor2	chr15	35461985	35462861	LINE/L2	1707	+	438	35462423	15841
chr15	35446582	35646582	harbor2	chr15	35528944	35529139	LINE/L2	602	+	98	35529042	82460
chr15	35446582	35646582	harbor2	chr15	35529501	35529745	LINE/L2	602	+	122	35529623	83041
chr15	35446582	35646582	harbor2	chr15	35537646	35537975	LINE/L2	873	+	164	35537810	91228
chr15	35455009	35655009	harbor2	chr15	35461985	35462861	LINE/L2	1707	+	438	35462423	7414
chr15	35455009	35655009	harbor2	chr15	35528944	35529139	LINE/L2	602	+	98	35529042	74033
chr15	35455009	35655009	harbor2	chr15	35529501	35529745	LINE/L2	602	+	122	35529623	74614
chr15	35455009	35655009	harbor2	chr15	35537646	35537975	LINE/L2	873	+	164	35537810	82801
chr15	35619577	35819577	harbor2	chr15	35664480	35665177	LINE/L2	419	+	348	35664828	45251
chr15	35619577	35819577	harbor2	chr15	35687275	35687425	LINE/L2	534	+	75	35687350	67773
chr15	69999529	70199529	harbor2	chr15	69999149	69999667	LINE/L2	1081	+	259	69999408	121
chr15	69999529	70199529	harbor2	chr15	70000023	70000277	LINE/L2	802	+	127	70000150	621
chr15	69999529	70199529	harbor2	chr15	70035028	70035363	LINE/L2	511	+	168	70035196	35667
chr15	69999529	70199529	harbor2	chr15	70044517	70044856	LINE/L2	564	+	170	70044687	45158
chr15	98551300	98751300	harbor2	chr15	98574080	98574243	LINE/L2	613	+	82	98574162	22862
chr15	35569668	35769668	harbor2	chr15	35664480	35665177	LINE/L2	419	+	348	35664828	95160
chr15	67725182	67925182	harbor2	chr15	67807604	67807823	LINE/L2	447	+	110	67807714	82532
chr15	67725182	67925182	harbor2	chr15	67808410	67808775	LINE/L2	832	+	182	67808592	83410
chr15	67725182	67925182	harbor2	chr15	67815587	67815804	LINE/L2	509	+	108	67815695	90513
chr15	67725182	67925182	harbor2	chr15	67813271	67813708	LINE/L2	579	+	218	67813489	88307
chr15	63409518	63609518	harbor2	chr15	63433329	63433569	LINE/L2	585	+	120	63433449	23931
chr15	63409518	63609518	harbor2	chr15	63434429	63434645	LINE/L2	518	+	108	63434537	25019
chr15	63409518	63609518	harbor2	chr15	63435330	63435556	LINE/L2	518	+	113	63435443	25925
chr15	63409518	63609518	harbor2	chr15	63497649	63498105	LINE/L2	785	+	228	63497877	88359
chr15	100502491	100702491	harbor2	chr15	100533196	100533383	LINE/L2	518	+	94	100533290	30799
chr15	100502491	100702491	harbor2	chr15	100600872	100601187	LINE/L2	812	+	158	100601030	98539
chr15	100502491	100702491	harbor2	chr15	100601553	100601735	LINE/L2	812	+	91	100601644	99153
chr15	45303426	45503426	harbor2	chr15	45396914	45397076	LINE/L2	501	+	81	45396995	93569
chr15	45303426	45503426	harbor2	chr15	45398037	45398257	LINE/L2	502	+	110	45398147	94721
chr15	35446763	35646763	harbor2	chr15	35451515	35451728	LINE/L2	760	+	106	35451621	4858
chr15	35446763	35646763	harbor2	chr15	35452035	35452222	LINE/L2	760	+	94	35452129	5366
chr15	35446763	35646763	harbor2	chr15	35461985	35462861	LINE/L2	1707	+	438	35462423	15660
chr15	35446763	35646763	harbor2	chr15	35528944	35529139	LINE/L2	602	+	98	35529042	82279
chr15	35446763	35646763	harbor2	chr15	35529501	35529745	LINE/L2	602	+	122	35529623	82860
chr15	35446763	35646763	harbor2	chr15	35537646	35537975	LINE/L2	873	+	164	35537810	91047
chr15	98322213	98522213	harbor2	chr15	98355761	98356023	LINE/L2	605	+	131	98355892	33679
chr15	98322213	98522213	harbor2	chr15	98356192	98356505	LINE/L2	802	+	156	98356348	34135
chr15	35449388	35649388	harbor2	chr15	35451515	35451728	LINE/L2	760	+	106	35451621	2233
chr15	35449388	35649388	harbor2	chr15	35452035	35452222	LINE/L2	760	+	94	35452129	2741
chr15	35449388	35649388	harbor2	chr15	35461985	35462861	LINE/L2	1707	+	438	35462423	13035
chr15	35449388	35649388	harbor2	chr15	35528944	35529139	LINE/L2	602	+	98	35529042	79654
chr15	35449388	35649388	harbor2	chr15	35529501	35529745	LINE/L2	602	+	122	35529623	80235
chr15	35449388	35649388	harbor2	chr15	35537646	35537975	LINE/L2	873	+	164	35537810	88422
chr15	67422133	67622133	harbor2	chr15	67424105	67424602	LINE/L2	718	+	248	67424353	2220
chr15	67422133	67622133	harbor2	chr15	67432779	67432863	LINE/L2	511	+	42	67432821	10688
chr15	67422133	67622133	harbor2	chr15	67458182	67458602	LINE/L2	1376	+	210	67458392	36259
chr15	67422133	67622133	harbor2	chr15	67508887	67509165	LINE/L2	701	+	139	67509026	86893
chr15	101861640	102061640	harbor2	chr15	101865006	101865592	LINE/L2	492	+	293	101865299	3659
chr15	101861640	102061640	harbor2	chr15	101903941	101904290	LINE/L2	609	+	174	101904115	42475
chr15	101861640	102061640	harbor2	chr15	101931771	101931923	LINE/L2	441	+	76	101931847	70207
chr15	76060050	76260050	harbor2	chr15	76063396	76063723	LINE/L2	634	+	164	76063560	3510
chr15	76060050	76260050	harbor2	chr15	76143218	76143516	LINE/L2	763	+	149	76143367	83317
chr15	76060050	76260050	harbor2	chr15	76143656	76143958	LINE/L2	763	+	151	76143807	83757
chr15	76060050	76260050	harbor2	chr15	76152649	76152907	LINE/L2	542	+	129	76152778	92728
chr15	35598875	35798875	harbor2	chr15	35664480	35665177	LINE/L2	419	+	348	35664828	65953
chr15	35598875	35798875	harbor2	chr15	35687275	35687425	LINE/L2	534	+	75	35687350	88475
chr15	26348871	26548871	harbor2	chr15	26370502	26370996	LINE/L2	3049	+	247	26370749	21878
chr15	26348871	26548871	harbor2	chr15	26371300	26372098	LINE/L2	3049	+	399	26371699	22828
chr15	51149547	51349547	harbor2	chr15	51188031	51188742	LINE/L2	1652	+	356	51188387	38840
chr15	51149547	51349547	harbor2	chr15	51200191	51200549	LINE/L2	588	+	179	51200370	50823
chr15	51149547	51349547	harbor2	chr15	51220117	51220499	LINE/L2	1083	+	191	51220308	70761
chr15	51149547	51349547	harbor2	chr15	51231449	51231951	LINE/L2	1280	+	251	51231700	82153
chr15	51149547	51349547	harbor2	chr15	51233348	51233512	LINE/L2	1279	+	82	51233430	83883
chr15	51149547	51349547	harbor2	chr15	51232483	51233235	LINE/L2	1679	+	376	51232859	83312
chr15	95821070	96021070	harbor2	chr15	95904816	95905223	LINE/L2	449	+	204	95905020	83950
chr15	74497233	74697233	harbor2	chr15	74537110	74537236	LINE/L2	1907	+	63	74537173	39940
chr15	74497233	74697233	harbor2	chr15	74537545	74538285	LINE/L2	1907	+	370	74537915	40682
chr15	35572649	35772649	harbor2	chr15	35664480	35665177	LINE/L2	419	+	348	35664828	92179
chr15	67422444	67622444	harbor2	chr15	67424105	67424602	LINE/L2	718	+	248	67424353	1909
chr15	67422444	67622444	harbor2	chr15	67432779	67432863	LINE/L2	511	+	42	67432821	10377
chr15	67422444	67622444	harbor2	chr15	67458182	67458602	LINE/L2	1376	+	210	67458392	35948
chr15	67422444	67622444	harbor2	chr15	67508887	67509165	LINE/L2	701	+	139	67509026	86582
chr15	35448871	35648871	harbor2	chr15	35451515	35451728	LINE/L2	760	+	106	35451621	2750
chr15	35448871	35648871	harbor2	chr15	35452035	35452222	LINE/L2	760	+	94	35452129	3258
chr15	35448871	35648871	harbor2	chr15	35461985	35462861	LINE/L2	1707	+	438	35462423	13552
chr15	35448871	35648871	harbor2	chr15	35528944	35529139	LINE/L2	602	+	98	35529042	80171
chr15	35448871	35648871	harbor2	chr15	35529501	35529745	LINE/L2	602	+	122	35529623	80752
chr15	35448871	35648871	harbor2	chr15	35537646	35537975	LINE/L2	873	+	164	35537810	88939
chr15	101861538	102061538	harbor2	chr15	101865006	101865592	LINE/L2	492	+	293	101865299	3761
chr15	101861538	102061538	harbor2	chr15	101903941	101904290	LINE/L2	609	+	174	101904115	42577
chr15	101861538	102061538	harbor2	chr15	101931771	101931923	LINE/L2	441	+	76	101931847	70309
chr15	74947191	75147191	harbor2	chr15	74972819	74973285	LINE/L2	1471	+	233	74973052	25861
chr15	74962964	75162964	harbor2	chr15	74972819	74973285	LINE/L2	1471	+	233	74973052	10088
chr15	35446634	35646634	harbor2	chr15	35451515	35451728	LINE/L2	760	+	106	35451621	4987
chr15	35446634	35646634	harbor2	chr15	35452035	35452222	LINE/L2	760	+	94	35452129	5495
chr15	35446634	35646634	harbor2	chr15	35461985	35462861	LINE/L2	1707	+	438	35462423	15789
chr15	35446634	35646634	harbor2	chr15	35528944	35529139	LINE/L2	602	+	98	35529042	82408
chr15	35446634	35646634	harbor2	chr15	35529501	35529745	LINE/L2	602	+	122	35529623	82989
chr15	35446634	35646634	harbor2	chr15	35537646	35537975	LINE/L2	873	+	164	35537810	91176
chr15	35446200	35646200	harbor2	chr15	35451515	35451728	LINE/L2	760	+	106	35451621	5421
chr15	35446200	35646200	harbor2	chr15	35452035	35452222	LINE/L2	760	+	94	35452129	5929
chr15	35446200	35646200	harbor2	chr15	35461985	35462861	LINE/L2	1707	+	438	35462423	16223
chr15	35446200	35646200	harbor2	chr15	35528944	35529139	LINE/L2	602	+	98	35529042	82842
chr15	35446200	35646200	harbor2	chr15	35529501	35529745	LINE/L2	602	+	122	35529623	83423
chr15	35446200	35646200	harbor2	chr15	35537646	35537975	LINE/L2	873	+	164	35537810	91610
chr15	80115684	80315684	harbor2	chr15	80154950	80155319	LINE/L2	544	+	184	80155134	39450
chr15	52686651	52886651	harbor2	chr15	52696208	52696473	LINE/L2	422	+	132	52696340	9689
chr15	52686651	52886651	harbor2	chr15	52696956	52697234	LINE/L2	422	+	139	52697095	10444
chr15	52686651	52886651	harbor2	chr15	52710428	52710905	LINE/L2	794	+	238	52710666	24015
chr15	101861562	102061562	harbor2	chr15	101865006	101865592	LINE/L2	492	+	293	101865299	3737
chr15	101861562	102061562	harbor2	chr15	101903941	101904290	LINE/L2	609	+	174	101904115	42553
chr15	101861562	102061562	harbor2	chr15	101931771	101931923	LINE/L2	441	+	76	101931847	70285
chr15	67427405	67627405	harbor2	chr15	67432779	67432863	LINE/L2	511	+	42	67432821	5416
chr15	67427405	67627405	harbor2	chr15	67458182	67458602	LINE/L2	1376	+	210	67458392	30987
chr15	67427405	67627405	harbor2	chr15	67508887	67509165	LINE/L2	701	+	139	67509026	81621
chr15	101862064	102062064	harbor2	chr15	101865006	101865592	LINE/L2	492	+	293	101865299	3235
chr15	101862064	102062064	harbor2	chr15	101903941	101904290	LINE/L2	609	+	174	101904115	42051
chr15	101862064	102062064	harbor2	chr15	101931771	101931923	LINE/L2	441	+	76	101931847	69783
chr15	57726549	57926549	harbor2	chr15	57726493	57727286	LINE/L2	1923	+	396	57726889	340
chr15	57726549	57926549	harbor2	chr15	57727481	57727766	LINE/L2	581	+	142	57727623	1074
chr15	57726549	57926549	harbor2	chr15	57817670	57818181	LINE/L2	639	+	256	57817926	91377
chr15	29169897	29369897	harbor2	chr15	29229374	29230341	LINE/L2	987	+	484	29229858	59961
chr15	35446625	35646625	harbor2	chr15	35451515	35451728	LINE/L2	760	+	106	35451621	4996
chr15	35446625	35646625	harbor2	chr15	35452035	35452222	LINE/L2	760	+	94	35452129	5504
chr15	35446625	35646625	harbor2	chr15	35461985	35462861	LINE/L2	1707	+	438	35462423	15798
chr15	35446625	35646625	harbor2	chr15	35528944	35529139	LINE/L2	602	+	98	35529042	82417
chr15	35446625	35646625	harbor2	chr15	35529501	35529745	LINE/L2	602	+	122	35529623	82998
chr15	35446625	35646625	harbor2	chr15	35537646	35537975	LINE/L2	873	+	164	35537810	91185
chr15	34426686	34626686	harbor2	chr15	34443987	34444389	LINE/L2	668	+	201	34444188	17502
chr15	34426686	34626686	harbor2	chr15	34466668	34466786	LINE/L2	439	+	59	34466727	40041
chr15	35622148	35822148	harbor2	chr15	35664480	35665177	LINE/L2	419	+	348	35664828	42680
chr15	35622148	35822148	harbor2	chr15	35687275	35687425	LINE/L2	534	+	75	35687350	65202
chr16	66222808	66422808	harbor2	chr16	66257037	66257321	LINE/L2	587	+	142	66257179	34371
chr16	77583873	77783873	harbor2	chr16	77650764	77651169	LINE/L2	584	+	202	77650966	67093
chr16	67009818	67209818	harbor2	chr16	67059658	67059920	LINE/L2	647	+	131	67059789	49971
chr16	70330916	70530916	harbor2	chr16	70338868	70339109	LINE/L2	623	+	120	70338988	8072
chr16	70330916	70530916	harbor2	chr16	70339427	70339765	LINE/L2	623	+	169	70339596	8680
chr16	70330916	70530916	harbor2	chr16	70339923	70340438	LINE/L2	623	+	258	70340181	9265
chr16	31042548	31242548	harbor2	chr16	31069313	31069537	LINE/L2	629	+	112	31069425	26877
chr16	31042548	31242548	harbor2	chr16	31118416	31118797	LINE/L2	561	+	190	31118606	76058
chr16	31042549	31242549	harbor2	chr16	31069313	31069537	LINE/L2	629	+	112	31069425	26876
chr16	31042549	31242549	harbor2	chr16	31118416	31118797	LINE/L2	561	+	190	31118606	76057
chr16	67131818	67331818	harbor2	chr16	67181935	67181968	LINE/L2	529	+	16	67181951	50133
chr16	67131818	67331818	harbor2	chr16	67182272	67182511	LINE/L2	529	+	120	67182392	50574
chr16	67131818	67331818	harbor2	chr16	67182683	67183020	LINE/L2	741	+	168	67182851	51033
chr16	67131818	67331818	harbor2	chr16	67183210	67183556	LINE/L2	572	+	173	67183383	51565
chr16	67131818	67331818	harbor2	chr16	67220503	67220808	LINE/L2	562	+	152	67220655	88837
chr16	67131818	67331818	harbor2	chr16	67222838	67223219	LINE/L2	531	+	190	67223028	91210
chr16	67131818	67331818	harbor2	chr16	67223516	67223708	LINE/L2	531	+	96	67223612	91794
chr16	46873069	47073069	harbor2	chr16	46880651	46880966	LINE/L2	631	+	158	46880809	7740
chr16	27963957	28163957	harbor2	chr16	27965605	27966236	LINE/L2	1591	+	316	27965921	1964
chr16	27963957	28163957	harbor2	chr16	28008486	28008712	LINE/L2	650	+	113	28008599	44642
chr16	27963957	28163957	harbor2	chr16	28009149	28009587	LINE/L2	634	+	219	28009368	45411
chr16	27963957	28163957	harbor2	chr16	28039887	28040591	LINE/L2	709	+	352	28040239	76282
chr16	27963957	28163957	harbor2	chr16	28049751	28050087	LINE/L2	707	+	168	28049919	85962
chr16	27963957	28163957	harbor2	chr16	28032486	28033266	LINE/L2	1425	+	390	28032876	68919
chr16	67009814	67209814	harbor2	chr16	67059658	67059920	LINE/L2	647	+	131	67059789	49975
chr16	67090046	67290046	harbor2	chr16	67181935	67181968	LINE/L2	529	+	16	67181951	91905
chr16	67090046	67290046	harbor2	chr16	67182272	67182511	LINE/L2	529	+	120	67182392	92346
chr16	67090046	67290046	harbor2	chr16	67182683	67183020	LINE/L2	741	+	168	67182851	92805
chr16	67090046	67290046	harbor2	chr16	67183210	67183556	LINE/L2	572	+	173	67183383	93337
chr16	55108159	55308159	harbor2	chr16	55128322	55128483	LINE/L2	594	+	80	55128402	20243
chr16	67009856	67209856	harbor2	chr16	67059658	67059920	LINE/L2	647	+	131	67059789	49933
chr16	70642511	70842511	harbor2	chr16	70701089	70701988	LINE/L2	738	+	450	70701539	59028
chr16	70642511	70842511	harbor2	chr16	70715165	70715474	LINE/L2	605	+	154	70715319	72808
chr16	67295885	67495885	harbor2	chr16	67312463	67312914	LINE/L2	1415	+	226	67312689	16804
chr16	67009865	67209865	harbor2	chr16	67059658	67059920	LINE/L2	647	+	131	67059789	49924
chr16	67009874	67209874	harbor2	chr16	67059658	67059920	LINE/L2	647	+	131	67059789	49915
chr16	4188787	4388787	harbor2	chr16	4225593	4226235	LINE/L2	793	+	321	4225914	37127
chr16	4188787	4388787	harbor2	chr16	4283473	4283913	LINE/L2	672	+	220	4283693	94906
chr16	66222798	66422798	harbor2	chr16	66257037	66257321	LINE/L2	587	+	142	66257179	34381
chr16	57884887	58084887	harbor2	chr16	57892561	57893049	LINE/L2	543	+	244	57892805	7918
chr16	57884887	58084887	harbor2	chr16	57927461	57927639	LINE/L2	575	+	89	57927550	42663
chr16	57884887	58084887	harbor2	chr16	57948457	57948729	LINE/L2	697	+	136	57948593	63706
chr16	58762872	58962872	harbor2	chr16	58834119	58834486	LINE/L2	941	+	184	58834303	71431
chr16	58762872	58962872	harbor2	chr16	58834798	58835067	LINE/L2	941	+	134	58834932	72060
chr16	47561803	47761803	harbor2	chr16	47592141	47592794	LINE/L2	587	+	326	47592467	30664
chr16	47561803	47761803	harbor2	chr16	47624965	47625765	LINE/L2	697	+	400	47625365	63562
chr16	47561803	47761803	harbor2	chr16	47657797	47658452	LINE/L2	1465	+	328	47658125	96322
chr16	47497102	47697102	harbor2	chr16	47592141	47592794	LINE/L2	587	+	326	47592467	95365
chr16	2168770	2368770	harbor2	chr16	2191680	2192015	LINE/L2	746	+	168	2191848	23078
chr16	2168770	2368770	harbor2	chr16	2192326	2192882	LINE/L2	746	+	278	2192604	23834
chr16	70885369	71085369	harbor2	chr16	70906179	70907208	LINE/L2	905	+	514	70906693	21324
chr16	30013690	30213690	harbor2	chr16	30087677	30087925	LINE/L2	1117	+	124	30087801	74111
chr16	30013690	30213690	harbor2	chr16	30088238	30088432	LINE/L2	1117	+	97	30088335	74645
chr16	49563665	49763665	harbor2	chr16	49579888	49580518	LINE/L2	568	+	315	49580203	16538
chr16	31042592	31242592	harbor2	chr16	31069313	31069537	LINE/L2	629	+	112	31069425	26833
chr16	31042592	31242592	harbor2	chr16	31118416	31118797	LINE/L2	561	+	190	31118606	76014
chr16	67012863	67212863	harbor2	chr16	67059658	67059920	LINE/L2	647	+	131	67059789	46926
chr16	30599106	30799106	harbor2	chr16	30677410	30677631	LINE/L2	663	+	110	30677520	78414
chr16	4747400	4947400	harbor2	chr16	4824859	4825510	LINE/L2	695	+	326	4825185	77785
chr16	71270097	71470097	harbor2	chr16	71288092	71288544	LINE/L2	1461	+	226	71288318	18221
chr16	71270097	71470097	harbor2	chr16	71296526	71296812	LINE/L2	614	+	143	71296669	26572
chr16	71270097	71470097	harbor2	chr16	71313410	71314078	LINE/L2	582	+	334	71313744	43647
chr16	71270097	71470097	harbor2	chr16	71321626	71322312	LINE/L2	1656	+	343	71321969	51872
chr16	71270097	71470097	harbor2	chr16	71324106	71324432	LINE/L2	553	+	163	71324269	54172
chr16	71270097	71470097	harbor2	chr16	71349938	71350028	LINE/L2	905	+	45	71349983	79886
chr16	71270097	71470097	harbor2	chr16	71350710	71351108	LINE/L2	905	+	199	71350909	80812
chr16	2137561	2337561	harbor2	chr16	2191680	2192015	LINE/L2	746	+	168	2191848	54287
chr16	2137561	2337561	harbor2	chr16	2192326	2192882	LINE/L2	746	+	278	2192604	55043
chr16	57893704	58093704	harbor2	chr16	57927461	57927639	LINE/L2	575	+	89	57927550	33846
chr16	57893704	58093704	harbor2	chr16	57948457	57948729	LINE/L2	697	+	136	57948593	54889
chr16	67009860	67209860	harbor2	chr16	67059658	67059920	LINE/L2	647	+	131	67059789	49929
chr16	30330034	30530034	harbor2	chr16	30360745	30361004	LINE/L2	3641	+	130	30360875	30841
chr16	30330034	30530034	harbor2	chr16	30361308	30361434	LINE/L2	3641	+	63	30361371	31337
chr16	30330034	30530034	harbor2	chr16	30362285	30362756	LINE/L2	3641	+	236	30362521	32487
chr16	30330034	30530034	harbor2	chr16	30363060	30363415	LINE/L2	3641	+	178	30363238	33204
chr16	30330034	30530034	harbor2	chr16	30363627	30363812	LINE/L2	688	+	92	30363719	33685
chr16	30330034	30530034	harbor2	chr16	30416218	30416803	LINE/L2	1649	+	292	30416510	86476
chr16	30330034	30530034	harbor2	chr16	30416936	30417232	LINE/L2	1649	+	148	30417084	87050
chr16	30599603	30799603	harbor2	chr16	30677410	30677631	LINE/L2	663	+	110	30677520	77917
chr16	4998398	5198398	harbor2	chr16	5032724	5033125	LINE/L2	661	+	200	5032924	34526
chr16	4998398	5198398	harbor2	chr16	5095984	5096462	LINE/L2	929	+	239	5096223	97825
chr16	31042572	31242572	harbor2	chr16	31069313	31069537	LINE/L2	629	+	112	31069425	26853
chr16	31042572	31242572	harbor2	chr16	31118416	31118797	LINE/L2	561	+	190	31118606	76034
chr16	75241699	75441699	harbor2	chr16	75273746	75273904	LINE/L2	628	+	79	75273825	32126
chr16	75241699	75441699	harbor2	chr16	75274209	75274323	LINE/L2	628	+	57	75274266	32567
chr16	75241699	75441699	harbor2	chr16	75325034	75325247	LINE/L2	631	+	106	75325140	83441
chr16	75241699	75441699	harbor2	chr16	75325237	75325713	LINE/L2	1295	+	238	75325475	83776
chr16	75241699	75441699	harbor2	chr16	75337345	75337489	LINE/L2	531	+	72	75337417	95718
chr16	75241699	75441699	harbor2	chr16	75337864	75338114	LINE/L2	531	+	125	75337989	96290
chr16	57927471	58127471	harbor2	chr16	57927461	57927639	LINE/L2	575	+	89	57927550	79
chr16	57927471	58127471	harbor2	chr16	57948457	57948729	LINE/L2	697	+	136	57948593	21122
chr16	29721341	29921341	harbor2	chr16	29818336	29818568	LINE/L2	596	+	116	29818452	97111
chr16	29721341	29921341	harbor2	chr16	29819267	29819430	LINE/L2	596	+	82	29819349	98008
chr16	29721341	29921341	harbor2	chr16	29818868	29818980	LINE/L2	596	+	56	29818924	97583
chr16	75397510	75597510	harbor2	chr16	75460384	75460811	LINE/L2	790	+	214	75460598	63088
chr16	75397510	75597510	harbor2	chr16	75470112	75470462	LINE/L2	1205	+	175	75470287	72777
chr16	75397510	75597510	harbor2	chr16	75471084	75471197	LINE/L2	1205	+	56	75471140	73630
chr16	85589096	85789096	harbor2	chr16	85683199	85683820	LINE/L2	834	+	310	85683509	94413
chr16	49244544	49444544	harbor2	chr16	49262325	49263147	LINE/L2	650	+	411	49262736	18192
chr16	49244544	49444544	harbor2	chr16	49302621	49303256	LINE/L2	832	+	318	49302939	58395
chr16	57891552	58091552	harbor2	chr16	57892561	57893049	LINE/L2	543	+	244	57892805	1253
chr16	57891552	58091552	harbor2	chr16	57927461	57927639	LINE/L2	575	+	89	57927550	35998
chr16	57891552	58091552	harbor2	chr16	57948457	57948729	LINE/L2	697	+	136	57948593	57041
chr16	4163779	4363779	harbor2	chr16	4225593	4226235	LINE/L2	793	+	321	4225914	62135
chr16	82568055	82768055	harbor2	chr16	82635073	82635234	LINE/L2	569	+	80	82635153	67098
chr16	57890831	58090831	harbor2	chr16	57892561	57893049	LINE/L2	543	+	244	57892805	1974
chr16	57890831	58090831	harbor2	chr16	57927461	57927639	LINE/L2	575	+	89	57927550	36719
chr16	57890831	58090831	harbor2	chr16	57948457	57948729	LINE/L2	697	+	136	57948593	57762
chr16	70636004	70836004	harbor2	chr16	70701089	70701988	LINE/L2	738	+	450	70701539	65535
chr16	70636004	70836004	harbor2	chr16	70715165	70715474	LINE/L2	605	+	154	70715319	79315
chr17	7461788	7661788	harbor2	chr17	7488900	7489164	LINE/L2	842	+	132	7489032	27244
chr17	7461788	7661788	harbor2	chr17	7487412	7488007	LINE/L2	916	+	298	7487710	25922
chr17	28783714	28983714	harbor2	chr17	28823597	28823875	LINE/L2	1193	+	139	28823736	40022
chr17	28783714	28983714	harbor2	chr17	28824477	28824782	LINE/L2	1193	+	152	28824629	40915
chr17	28783714	28983714	harbor2	chr17	28825061	28825150	LINE/L2	1193	+	44	28825105	41391
chr17	28783714	28983714	harbor2	chr17	28825456	28825768	LINE/L2	1193	+	156	28825612	41898
chr17	28783714	28983714	harbor2	chr17	28878239	28878765	LINE/L2	918	+	263	28878502	94788
chr17	79819279	80019279	harbor2	chr17	79851176	79851679	LINE/L2	1047	+	252	79851428	32149
chr17	55168160	55368160	harbor2	chr17	55221959	55222197	LINE/L2	813	+	119	55222078	53918
chr17	55168160	55368160	harbor2	chr17	55229491	55229743	LINE/L2	2000	+	126	55229617	61457
chr17	55168160	55368160	harbor2	chr17	55229964	55230670	LINE/L2	2000	+	353	55230317	62157
chr17	64956158	65156158	harbor2	chr17	65039026	65039856	LINE/L2	958	+	415	65039441	83283
chr17	64956158	65156158	harbor2	chr17	64962432	64962668	LINE/L2	701	+	118	64962550	6392
chr17	50101075	50301075	harbor2	chr17	50114558	50114766	LINE/L2	693	+	104	50114662	13587
chr17	50101075	50301075	harbor2	chr17	50119779	50120020	LINE/L2	807	+	120	50119899	18824
chr17	50101075	50301075	harbor2	chr17	50120412	50121089	LINE/L2	1571	+	338	50120750	19675
chr17	50101075	50301075	harbor2	chr17	50122425	50122677	LINE/L2	745	+	126	50122551	21476
chr17	38927260	39127260	harbor2	chr17	39001813	39002365	LINE/L2	804	+	276	39002089	74829
chr17	37653578	37853578	harbor2	chr17	37681722	37682321	LINE/L2	1294	+	300	37682022	28444
chr17	37653578	37853578	harbor2	chr17	37682641	37682688	LINE/L2	1294	+	24	37682665	29087
chr17	37653578	37853578	harbor2	chr17	37682990	37683195	LINE/L2	1294	+	102	37683092	29514
chr17	7480912	7680912	harbor2	chr17	7488900	7489164	LINE/L2	842	+	132	7489032	8120
chr17	7480912	7680912	harbor2	chr17	7487412	7488007	LINE/L2	916	+	298	7487710	6798
chr17	7479425	7679425	harbor2	chr17	7488900	7489164	LINE/L2	842	+	132	7489032	9607
chr17	7479425	7679425	harbor2	chr17	7487412	7488007	LINE/L2	916	+	298	7487710	8285
chr17	81242715	81442715	harbor2	chr17	81307886	81308229	LINE/L2	702	+	172	81308058	65343
chr17	7462630	7662630	harbor2	chr17	7488900	7489164	LINE/L2	842	+	132	7489032	26402
chr17	7462630	7662630	harbor2	chr17	7487412	7488007	LINE/L2	916	+	298	7487710	25080
chr17	7743384	7943384	harbor2	chr17	7821617	7821978	LINE/L2	736	+	180	7821797	78413
chr17	7743384	7943384	harbor2	chr17	7822318	7822788	LINE/L2	986	+	235	7822553	79169
chr17	7474337	7674337	harbor2	chr17	7488900	7489164	LINE/L2	842	+	132	7489032	14695
chr17	7474337	7674337	harbor2	chr17	7487412	7488007	LINE/L2	916	+	298	7487710	13373
chr17	65970416	66170416	harbor2	chr17	66033368	66033874	LINE/L2	1103	+	253	66033621	63205
chr17	18145927	18345927	harbor2	chr17	18175840	18176153	LINE/L2	977	+	156	18175996	30069
chr17	18145927	18345927	harbor2	chr17	18176890	18177008	LINE/L2	977	+	59	18176949	31022
chr17	39764391	39964391	harbor2	chr17	39787543	39788222	LINE/L2	1709	+	340	39787883	23492
chr17	39764391	39964391	harbor2	chr17	39844351	39844630	LINE/L2	1306	+	140	39844491	80100
chr17	39764391	39964391	harbor2	chr17	39844883	39845041	LINE/L2	1306	+	79	39844962	80571
chr17	39764391	39964391	harbor2	chr17	39852163	39852688	LINE/L2	1670	+	262	39852425	88034
chr17	39764391	39964391	harbor2	chr17	39852984	39853048	LINE/L2	1670	+	32	39853016	88625
chr17	7465559	7665559	harbor2	chr17	7488900	7489164	LINE/L2	842	+	132	7489032	23473
chr17	7465559	7665559	harbor2	chr17	7487412	7488007	LINE/L2	916	+	298	7487710	22151
chr17	7474332	7674332	harbor2	chr17	7488900	7489164	LINE/L2	842	+	132	7489032	14700
chr17	7474332	7674332	harbor2	chr17	7487412	7488007	LINE/L2	916	+	298	7487710	13378
chr17	79819290	80019290	harbor2	chr17	79851176	79851679	LINE/L2	1047	+	252	79851428	32138
chr17	7815789	8015789	harbor2	chr17	7821617	7821978	LINE/L2	736	+	180	7821797	6008
chr17	7815789	8015789	harbor2	chr17	7822318	7822788	LINE/L2	986	+	235	7822553	6764
chr17	45808505	46008505	harbor2	chr17	45811639	45811978	LINE/L2	886	+	170	45811809	3304
chr17	81092155	81292155	harbor2	chr17	81184267	81184615	LINE/L2	626	+	174	81184441	92286
chr17	7464940	7664940	harbor2	chr17	7488900	7489164	LINE/L2	842	+	132	7489032	24092
chr17	7464940	7664940	harbor2	chr17	7487412	7488007	LINE/L2	916	+	298	7487710	22770
chr17	2840141	3040141	harbor2	chr17	2860906	2861412	LINE/L2	901	+	253	2861159	21018
chr17	2840141	3040141	harbor2	chr17	2877200	2877459	LINE/L2	747	+	130	2877330	37189
chr17	73833382	74033382	harbor2	chr17	73899784	73900381	LINE/L2	634	+	298	73900082	66700
chr17	7465830	7665830	harbor2	chr17	7488900	7489164	LINE/L2	842	+	132	7489032	23202
chr17	7465830	7665830	harbor2	chr17	7487412	7488007	LINE/L2	916	+	298	7487710	21880
chr17	7757884	7957884	harbor2	chr17	7821617	7821978	LINE/L2	736	+	180	7821797	63913
chr17	7757884	7957884	harbor2	chr17	7822318	7822788	LINE/L2	986	+	235	7822553	64669
chr17	8056618	8256618	harbor2	chr17	8105089	8105633	LINE/L2	1107	+	272	8105361	48743
chr17	7481389	7681389	harbor2	chr17	7488900	7489164	LINE/L2	842	+	132	7489032	7643
chr17	7481389	7681389	harbor2	chr17	7487412	7488007	LINE/L2	916	+	298	7487710	6321
chr17	67625399	67825399	harbor2	chr17	67712195	67712704	LINE/L2	826	+	254	67712449	87050
chr17	7474612	7674612	harbor2	chr17	7488900	7489164	LINE/L2	842	+	132	7489032	14420
chr17	7474612	7674612	harbor2	chr17	7487412	7488007	LINE/L2	916	+	298	7487710	13098
chr17	79826880	80026880	harbor2	chr17	79851176	79851679	LINE/L2	1047	+	252	79851428	24548
chr17	58418133	58618133	harbor2	chr17	58509890	58510478	LINE/L2	1847	+	294	58510184	92051
chr17	58418133	58618133	harbor2	chr17	58510890	58511121	LINE/L2	806	+	116	58511006	92873
chr17	44890414	45090414	harbor2	chr17	44898543	44898900	LINE/L2	673	+	178	44898721	8307
chr17	39092889	39292889	harbor2	chr17	39106952	39107365	LINE/L2	672	+	206	39107158	14269
chr17	39092889	39292889	harbor2	chr17	39159597	39159769	LINE/L2	899	+	86	39159683	66794
chr17	7482394	7682394	harbor2	chr17	7488900	7489164	LINE/L2	842	+	132	7489032	6638
chr17	7482394	7682394	harbor2	chr17	7487412	7488007	LINE/L2	916	+	298	7487710	5316
chr17	30611433	30811433	harbor2	chr17	30651952	30652177	LINE/L2	1061	+	112	30652064	40631
chr17	30611433	30811433	harbor2	chr17	30652460	30652660	LINE/L2	1061	+	100	30652560	41127
chr17	30611433	30811433	harbor2	chr17	30652955	30652975	LINE/L2	1061	+	10	30652965	41532
chr17	1548673	1748673	harbor2	chr17	1635936	1636352	LINE/L2	633	+	208	1636144	87471
chr17	40000485	40200485	harbor2	chr17	40041050	40041861	LINE/L2	1488	+	406	40041456	40971
chr17	40000485	40200485	harbor2	chr17	40093514	40093863	LINE/L2	751	+	174	40093688	93203
chr17	7947124	8147124	harbor2	chr17	8037465	8037750	LINE/L2	669	+	142	8037607	90483
chr17	8090393	8290393	harbor2	chr17	8105089	8105633	LINE/L2	1107	+	272	8105361	14968
chr17	30610131	30810131	harbor2	chr17	30651952	30652177	LINE/L2	1061	+	112	30652064	41933
chr17	30610131	30810131	harbor2	chr17	30652460	30652660	LINE/L2	1061	+	100	30652560	42429
chr17	30610131	30810131	harbor2	chr17	30652955	30652975	LINE/L2	1061	+	10	30652965	42834
chr17	34602208	34802208	harbor2	chr17	34676145	34676633	LINE/L2	1133	+	244	34676389	74181
chr17	75293828	75493828	harbor2	chr17	75355128	75355418	LINE/L2	784	+	145	75355273	61445
chr17	44369535	44569535	harbor2	chr17	44370210	44370224	LINE/L2	1200	+	7	44370217	682
chr17	44369535	44569535	harbor2	chr17	44370873	44370889	LINE/L2	1200	+	8	44370881	1346
chr17	44369535	44569535	harbor2	chr17	44382677	44383420	LINE/L2	706	+	372	44383049	13514
chr17	78477331	78677331	harbor2	chr17	78558837	78560236	LINE/L2	1903	+	700	78559537	82206
chr17	8052446	8252446	harbor2	chr17	8105089	8105633	LINE/L2	1107	+	272	8105361	52915
chr17	58298595	58498595	harbor2	chr17	58320844	58321297	LINE/L2	1249	+	226	58321070	22475
chr17	58298595	58498595	harbor2	chr17	58321598	58322257	LINE/L2	1249	+	330	58321928	23333
chr17	58298595	58498595	harbor2	chr17	58361177	58361932	LINE/L2	2357	+	378	58361555	62960
chr17	58298595	58498595	harbor2	chr17	58362130	58362373	LINE/L2	945	+	122	58362252	63657
chr17	58298595	58498595	harbor2	chr17	58374342	58374382	LINE/L2	950	+	20	58374362	75767
chr17	58298595	58498595	harbor2	chr17	58374691	58375425	LINE/L2	950	+	367	58375058	76463
chr17	36837453	37037453	harbor2	chr17	36844321	36844634	LINE/L2	735	+	156	36844477	7024
chr17	36837453	37037453	harbor2	chr17	36866133	36866499	LINE/L2	953	+	183	36866316	28863
chr17	36837453	37037453	harbor2	chr17	36873463	36873948	LINE/L2	625	+	242	36873705	36252
chr17	38632240	38832240	harbor2	chr17	38634900	38635073	LINE/L2	1092	+	86	38634986	2746
chr17	38632240	38832240	harbor2	chr17	38635387	38635424	LINE/L2	1092	+	18	38635405	3165
chr17	38632240	38832240	harbor2	chr17	38635733	38636140	LINE/L2	1092	+	204	38635937	3697
chr17	38632240	38832240	harbor2	chr17	38636514	38636533	LINE/L2	1092	+	10	38636524	4284
chr17	38632240	38832240	harbor2	chr17	38636832	38637039	LINE/L2	1092	+	104	38636936	4696
chr17	38632240	38832240	harbor2	chr17	38675794	38676026	LINE/L2	659	+	116	38675910	43670
chr17	38632240	38832240	harbor2	chr17	38685498	38686224	LINE/L2	882	+	363	38685861	53621
chr17	7462638	7662638	harbor2	chr17	7488900	7489164	LINE/L2	842	+	132	7489032	26394
chr17	7462638	7662638	harbor2	chr17	7487412	7488007	LINE/L2	916	+	298	7487710	25072
chr17	7465774	7665774	harbor2	chr17	7488900	7489164	LINE/L2	842	+	132	7489032	23258
chr17	7465774	7665774	harbor2	chr17	7487412	7488007	LINE/L2	916	+	298	7487710	21936
chr17	1369551	1569551	harbor2	chr17	1461361	1461788	LINE/L2	1173	+	214	1461575	92024
chr17	79831273	80031273	harbor2	chr17	79851176	79851679	LINE/L2	1047	+	252	79851428	20155
chr17	2833263	3033263	harbor2	chr17	2860906	2861412	LINE/L2	901	+	253	2861159	27896
chr17	2833263	3033263	harbor2	chr17	2877200	2877459	LINE/L2	747	+	130	2877330	44067
chr17	28635530	28835530	harbor2	chr17	28663985	28664225	LINE/L2	2008	+	120	28664105	28575
chr17	28635530	28835530	harbor2	chr17	28664509	28665122	LINE/L2	2008	+	306	28664815	29285
chr17	15687778	15887778	harbor2	chr17	15712287	15712940	LINE/L2	635	+	326	15712613	24835
chr17	42915500	43115500	harbor2	chr17	42926390	42926547	LINE/L2	686	+	78	42926468	10968
chr17	42915500	43115500	harbor2	chr17	42934163	42934368	LINE/L2	715	+	102	42934265	18765
chr17	42915500	43115500	harbor2	chr17	42934681	42934977	LINE/L2	715	+	148	42934829	19329
chr17	42915500	43115500	harbor2	chr17	42925871	42926099	LINE/L2	686	+	114	42925985	10485
chr17	45709559	45909559	harbor2	chr17	45727853	45728307	LINE/L2	710	+	227	45728080	18521
chr17	7472461	7672461	harbor2	chr17	7488900	7489164	LINE/L2	842	+	132	7489032	16571
chr17	7472461	7672461	harbor2	chr17	7487412	7488007	LINE/L2	916	+	298	7487710	15249
chr17	32168235	32368235	harbor2	chr17	32181743	32182221	LINE/L2	917	+	239	32181982	13747
chr17	32168235	32368235	harbor2	chr17	32182505	32182597	LINE/L2	917	+	46	32182551	14316
chr17	32168235	32368235	harbor2	chr17	32245194	32245538	LINE/L2	764	+	172	32245366	77131
chr17	32168235	32368235	harbor2	chr17	32248841	32249735	LINE/L2	2461	+	447	32249288	81053
chr17	57769118	57969118	harbor2	chr17	57784117	57785693	LINE/L2	2299	+	788	57784905	15787
chr17	44216030	44416030	harbor2	chr17	44275052	44275379	LINE/L2	659	+	164	44275216	59186
chr17	40257159	40457159	harbor2	chr17	40340056	40340595	LINE/L2	1003	+	270	40340326	83167
chr17	7479862	7679862	harbor2	chr17	7488900	7489164	LINE/L2	842	+	132	7489032	9170
chr17	7479862	7679862	harbor2	chr17	7487412	7488007	LINE/L2	916	+	298	7487710	7848
chr17	55321022	55521022	harbor2	chr17	55385075	55385516	LINE/L2	1172	+	220	55385295	64273
chr17	55321022	55521022	harbor2	chr17	55417821	55418370	LINE/L2	620	+	274	55418095	97073
chr17	44262877	44462877	harbor2	chr17	44275052	44275379	LINE/L2	659	+	164	44275216	12339
chr17	44262877	44462877	harbor2	chr17	44317695	44317852	LINE/L2	679	+	78	44317773	54896
chr17	79831926	80031926	harbor2	chr17	79851176	79851679	LINE/L2	1047	+	252	79851428	19502
chr17	40317891	40517891	harbor2	chr17	40340056	40340595	LINE/L2	1003	+	270	40340326	22435
chr17	40317891	40517891	harbor2	chr17	40369178	40369300	LINE/L2	699	+	61	40369239	51348
chr17	40317891	40517891	harbor2	chr17	40369631	40369799	LINE/L2	699	+	84	40369715	51824
chr17	64704973	64904973	harbor2	chr17	64705557	64705939	LINE/L2	2177	+	191	64705748	775
chr17	64704973	64904973	harbor2	chr17	64706242	64706961	LINE/L2	2177	+	360	64706602	1629
chr17	64704973	64904973	harbor2	chr17	64801090	64801494	LINE/L2	2443	+	202	64801292	96319
chr17	64704973	64904973	harbor2	chr17	64801793	64803029	LINE/L2	2443	+	618	64802411	97438
chr17	28788005	28988005	harbor2	chr17	28823597	28823875	LINE/L2	1193	+	139	28823736	35731
chr17	28788005	28988005	harbor2	chr17	28824477	28824782	LINE/L2	1193	+	152	28824629	36624
chr17	28788005	28988005	harbor2	chr17	28825061	28825150	LINE/L2	1193	+	44	28825105	37100
chr17	28788005	28988005	harbor2	chr17	28825456	28825768	LINE/L2	1193	+	156	28825612	37607
chr17	28788005	28988005	harbor2	chr17	28878239	28878765	LINE/L2	918	+	263	28878502	90497
chr17	15162566	15362566	harbor2	chr17	15250242	15251473	LINE/L2	998	+	616	15250858	88292
chr17	2267478	2467478	harbor2	chr17	2318983	2319338	LINE/L2	975	+	178	2319161	51683
chr17	2267478	2467478	harbor2	chr17	2319583	2319818	LINE/L2	1126	+	118	2319701	52223
chr17	2267478	2467478	harbor2	chr17	2320118	2320251	LINE/L2	1126	+	66	2320184	52706
chr17	2267478	2467478	harbor2	chr17	2320862	2321245	LINE/L2	1126	+	192	2321054	53576
chr17	9859791	10059791	harbor2	chr17	9908981	9909242	LINE/L2	829	+	130	9909111	49320
chr17	9859791	10059791	harbor2	chr17	9909529	9909920	LINE/L2	840	+	196	9909725	49934
chr18	26207400	26407400	harbor2	chr18	26221634	26221796	LINE/L2	731	+	81	26221715	14315
chr18	26207400	26407400	harbor2	chr18	26221958	26222171	LINE/L2	694	+	106	26222064	14664
chr18	37466538	37666538	harbor2	chr18	37487916	37488423	LINE/L2	816	+	254	37488170	21632
chr18	37466538	37666538	harbor2	chr18	37541108	37542071	LINE/L2	1323	+	482	37541590	75052
chr18	26128429	26328429	harbor2	chr18	26173051	26173548	LINE/L2	941	+	248	26173299	44870
chr18	26128429	26328429	harbor2	chr18	26173856	26173947	LINE/L2	941	+	46	26173902	45473
chr18	26128429	26328429	harbor2	chr18	26203825	26204281	LINE/L2	1081	+	228	26204053	75624
chr18	26128429	26328429	harbor2	chr18	26221634	26221796	LINE/L2	731	+	81	26221715	93286
chr18	26128429	26328429	harbor2	chr18	26221958	26222171	LINE/L2	694	+	106	26222064	93635
chr18	50173629	50373629	harbor2	chr18	50205486	50205694	LINE/L2	494	+	104	50205590	31961
chr18	50173629	50373629	harbor2	chr18	50206156	50206325	LINE/L2	467	+	84	50206240	32611
chr18	50173629	50373629	harbor2	chr18	50210049	50210332	LINE/L2	470	+	142	50210191	36562
chr18	50173629	50373629	harbor2	chr18	50225457	50225599	LINE/L2	1095	+	71	50225528	51899
chr18	50173629	50373629	harbor2	chr18	50226075	50226115	LINE/L2	1095	+	20	50226095	52466
chr18	50173629	50373629	harbor2	chr18	50226414	50226984	LINE/L2	1095	+	285	50226699	53070
chr18	26127503	26327503	harbor2	chr18	26173051	26173548	LINE/L2	941	+	248	26173299	45796
chr18	26127503	26327503	harbor2	chr18	26173856	26173947	LINE/L2	941	+	46	26173902	46399
chr18	26127503	26327503	harbor2	chr18	26203825	26204281	LINE/L2	1081	+	228	26204053	76550
chr18	26127503	26327503	harbor2	chr18	26221634	26221796	LINE/L2	731	+	81	26221715	94212
chr18	26127503	26327503	harbor2	chr18	26221958	26222171	LINE/L2	694	+	106	26222064	94561
chr18	31999202	32199202	harbor2	chr18	32051036	32051297	LINE/L2	484	+	130	32051166	51964
chr18	31999202	32199202	harbor2	chr18	32061475	32061809	LINE/L2	437	+	167	32061642	62440
chr18	31999202	32199202	harbor2	chr18	32076623	32077123	LINE/L2	562	+	250	32076873	77671
chr18	48646833	48846833	harbor2	chr18	48706090	48706301	LINE/L2	464	+	106	48706196	59363
chr18	48646833	48846833	harbor2	chr18	48737969	48738853	LINE/L2	1556	+	442	48738411	91578
chr18	26128488	26328488	harbor2	chr18	26173051	26173548	LINE/L2	941	+	248	26173299	44811
chr18	26128488	26328488	harbor2	chr18	26173856	26173947	LINE/L2	941	+	46	26173902	45414
chr18	26128488	26328488	harbor2	chr18	26203825	26204281	LINE/L2	1081	+	228	26204053	75565
chr18	26128488	26328488	harbor2	chr18	26221634	26221796	LINE/L2	731	+	81	26221715	93227
chr18	26128488	26328488	harbor2	chr18	26221958	26222171	LINE/L2	694	+	106	26222064	93576
chr18	42427605	42627605	harbor2	chr18	42456167	42456521	LINE/L2	452	+	177	42456344	28739
chr18	42427605	42627605	harbor2	chr18	42522017	42522358	LINE/L2	479	+	170	42522187	94582
chr18	76054282	76254282	harbor2	chr18	76064894	76065580	LINE/L2	515	+	343	76065237	10955
chr18	74357679	74557679	harbor2	chr18	74426449	74426617	LINE/L2	539	+	84	74426533	68854
chr18	26126452	26326452	harbor2	chr18	26173051	26173548	LINE/L2	941	+	248	26173299	46847
chr18	26126452	26326452	harbor2	chr18	26173856	26173947	LINE/L2	941	+	46	26173902	47450
chr18	26126452	26326452	harbor2	chr18	26203825	26204281	LINE/L2	1081	+	228	26204053	77601
chr18	26126452	26326452	harbor2	chr18	26221634	26221796	LINE/L2	731	+	81	26221715	95263
chr18	26126452	26326452	harbor2	chr18	26221958	26222171	LINE/L2	694	+	106	26222064	95612
chr18	26126438	26326438	harbor2	chr18	26173051	26173548	LINE/L2	941	+	248	26173299	46861
chr18	26126438	26326438	harbor2	chr18	26173856	26173947	LINE/L2	941	+	46	26173902	47464
chr18	26126438	26326438	harbor2	chr18	26203825	26204281	LINE/L2	1081	+	228	26204053	77615
chr18	26126438	26326438	harbor2	chr18	26221634	26221796	LINE/L2	731	+	81	26221715	95277
chr18	26126438	26326438	harbor2	chr18	26221958	26222171	LINE/L2	694	+	106	26222064	95626
chr18	54891836	55091836	harbor2	chr18	54897148	54897416	LINE/L2	544	+	134	54897282	5446
chr18	54891836	55091836	harbor2	chr18	54913927	54914165	LINE/L2	653	+	119	54914046	22210
chr18	54891836	55091836	harbor2	chr18	54939988	54940329	LINE/L2	960	+	170	54940158	48322
chr18	54891836	55091836	harbor2	chr18	54972710	54974175	LINE/L2	3349	+	732	54973442	81606
chr18	54891836	55091836	harbor2	chr18	54984781	54985794	LINE/L2	1273	+	506	54985287	93451
chr18	37468263	37668263	harbor2	chr18	37487916	37488423	LINE/L2	816	+	254	37488170	19907
chr18	37468263	37668263	harbor2	chr18	37541108	37542071	LINE/L2	1323	+	482	37541590	73327
chr18	26127296	26327296	harbor2	chr18	26173051	26173548	LINE/L2	941	+	248	26173299	46003
chr18	26127296	26327296	harbor2	chr18	26173856	26173947	LINE/L2	941	+	46	26173902	46606
chr18	26127296	26327296	harbor2	chr18	26203825	26204281	LINE/L2	1081	+	228	26204053	76757
chr18	26127296	26327296	harbor2	chr18	26221634	26221796	LINE/L2	731	+	81	26221715	94419
chr18	26127296	26327296	harbor2	chr18	26221958	26222171	LINE/L2	694	+	106	26222064	94768
chr18	57499758	57699758	harbor2	chr18	57555621	57555835	LINE/L2	607	+	107	57555728	55970
chr18	57521968	57721968	harbor2	chr18	57555621	57555835	LINE/L2	607	+	107	57555728	33760
chr18	59170166	59370166	harbor2	chr18	59207968	59208110	LINE/L2	446	+	71	59208039	37873
chr18	11589562	11789562	harbor2	chr18	11657257	11658512	LINE/L2	636	+	628	11657885	68323
chr18	26127357	26327357	harbor2	chr18	26173051	26173548	LINE/L2	941	+	248	26173299	45942
chr18	26127357	26327357	harbor2	chr18	26173856	26173947	LINE/L2	941	+	46	26173902	46545
chr18	26127357	26327357	harbor2	chr18	26203825	26204281	LINE/L2	1081	+	228	26204053	76696
chr18	26127357	26327357	harbor2	chr18	26221634	26221796	LINE/L2	731	+	81	26221715	94358
chr18	26127357	26327357	harbor2	chr18	26221958	26222171	LINE/L2	694	+	106	26222064	94707
chr18	46638380	46838380	harbor2	chr18	46702353	46702811	LINE/L2	528	+	229	46702582	64202
chr18	12557366	12757366	harbor2	chr18	12605803	12606325	LINE/L2	897	+	261	12606064	48698
chr18	12557366	12757366	harbor2	chr18	12609642	12611195	LINE/L2	3940	+	776	12610418	53052
chr18	12557366	12757366	harbor2	chr18	12612011	12612519	LINE/L2	1222	+	254	12612265	54899
chr18	12557366	12757366	harbor2	chr18	12612673	12613160	LINE/L2	1222	+	244	12612917	55551
chr18	26126393	26326393	harbor2	chr18	26173051	26173548	LINE/L2	941	+	248	26173299	46906
chr18	26126393	26326393	harbor2	chr18	26173856	26173947	LINE/L2	941	+	46	26173902	47509
chr18	26126393	26326393	harbor2	chr18	26203825	26204281	LINE/L2	1081	+	228	26204053	77660
chr18	26126393	26326393	harbor2	chr18	26221634	26221796	LINE/L2	731	+	81	26221715	95322
chr18	26126393	26326393	harbor2	chr18	26221958	26222171	LINE/L2	694	+	106	26222064	95671
chr18	65652922	65852922	harbor2	chr18	65659952	65660635	LINE/L2	571	+	342	65660294	7372
chr18	75236592	75436592	harbor2	chr18	75309300	75309631	LINE/L2	947	+	166	75309466	72874
chr18	75236592	75436592	harbor2	chr18	75310286	75310624	LINE/L2	464	+	169	75310455	73863
chr18	50093420	50293420	harbor2	chr18	50109887	50110321	LINE/L2	862	+	217	50110104	16684
chr18	59166135	59366135	harbor2	chr18	59207968	59208110	LINE/L2	446	+	71	59208039	41904
chr18	77230159	77430159	harbor2	chr18	77246487	77247300	LINE/L2	832	+	406	77246893	16734
chr18	77230159	77430159	harbor2	chr18	77247703	77247851	LINE/L2	621	+	74	77247777	17618
chr18	65651681	65851681	harbor2	chr18	65659952	65660635	LINE/L2	571	+	342	65660294	8613
chr19	5522847	5722847	harbor2	chr19	5523006	5523478	LINE/L2	817	+	236	5523242	395
chr19	5522847	5722847	harbor2	chr19	5564940	5565517	LINE/L2	1081	+	288	5565228	42381
chr19	49751346	49951346	harbor2	chr19	49790923	49791170	LINE/L2	706	+	124	49791047	39701
chr19	49756502	49956502	harbor2	chr19	49790923	49791170	LINE/L2	706	+	124	49791047	34545
chr19	5522872	5722872	harbor2	chr19	5523006	5523478	LINE/L2	817	+	236	5523242	370
chr19	5522872	5722872	harbor2	chr19	5564940	5565517	LINE/L2	1081	+	288	5565228	42356
chr19	5522866	5722866	harbor2	chr19	5523006	5523478	LINE/L2	817	+	236	5523242	376
chr19	5522866	5722866	harbor2	chr19	5564940	5565517	LINE/L2	1081	+	288	5565228	42362
chr19	10698135	10898135	harbor2	chr19	10737215	10737486	LINE/L2	792	+	136	10737351	39216
chr19	10698135	10898135	harbor2	chr19	10737785	10737902	LINE/L2	792	+	58	10737843	39708
chr19	10710756	10910756	harbor2	chr19	10737215	10737486	LINE/L2	792	+	136	10737351	26595
chr19	10710756	10910756	harbor2	chr19	10737785	10737902	LINE/L2	792	+	58	10737843	27087
chr19	10729459	10929459	harbor2	chr19	10737215	10737486	LINE/L2	792	+	136	10737351	7892
chr19	10729459	10929459	harbor2	chr19	10737785	10737902	LINE/L2	792	+	58	10737843	8384
chr19	3287977	3487977	harbor2	chr19	3307664	3307738	LINE/L2	808	+	37	3307701	19724
chr19	3287977	3487977	harbor2	chr19	3308040	3308403	LINE/L2	808	+	182	3308222	20245
chr19	3287977	3487977	harbor2	chr19	3324536	3324991	LINE/L2	1027	+	228	3324764	36787
chr19	3287977	3487977	harbor2	chr19	3325044	3325176	LINE/L2	808	+	66	3325110	37133
chr19	3287977	3487977	harbor2	chr19	3345242	3345718	LINE/L2	1097	+	238	3345480	57503
chr19	3287977	3487977	harbor2	chr19	3373360	3373869	LINE/L2	957	+	254	3373614	85637
chr19	49752345	49952345	harbor2	chr19	49790923	49791170	LINE/L2	706	+	124	49791047	38702
chr19	12938721	13138721	harbor2	chr19	12970135	12970427	LINE/L2	808	+	146	12970281	31560
chr19	35168136	35368136	harbor2	chr19	35168620	35168780	LINE/L2	798	+	80	35168700	564
chr19	35168136	35368136	harbor2	chr19	35169080	35169316	LINE/L2	798	+	118	35169198	1062
chr19	35168136	35368136	harbor2	chr19	35225897	35226181	LINE/L2	804	+	142	35226039	57903
chr19	35168136	35368136	harbor2	chr19	35226492	35226617	LINE/L2	804	+	62	35226554	58418
chr19	5522865	5722865	harbor2	chr19	5523006	5523478	LINE/L2	817	+	236	5523242	377
chr19	5522865	5722865	harbor2	chr19	5564940	5565517	LINE/L2	1081	+	288	5565228	42363
chr19	5522867	5722867	harbor2	chr19	5523006	5523478	LINE/L2	817	+	236	5523242	375
chr19	5522867	5722867	harbor2	chr19	5564940	5565517	LINE/L2	1081	+	288	5565228	42361
chr19	40642251	40842251	harbor2	chr19	40694707	40695030	LINE/L2	795	+	162	40694869	52618
chr19	1551773	1751773	harbor2	chr19	1618053	1618774	LINE/L2	981	+	360	1618413	66640
chr19	49752364	49952364	harbor2	chr19	49790923	49791170	LINE/L2	706	+	124	49791047	38683
chr19	55239703	55439703	harbor2	chr19	55277138	55277361	LINE/L2	837	+	112	55277250	37547
chr19	55239703	55439703	harbor2	chr19	55282446	55282695	LINE/L2	699	+	124	55282570	42867
chr19	50528711	50728711	harbor2	chr19	50553061	50553806	LINE/L2	1123	+	372	50553433	24722
chr19	50528711	50728711	harbor2	chr19	50577720	50578300	LINE/L2	1891	+	290	50578010	49299
chr19	50528711	50728711	harbor2	chr19	50578613	50579018	LINE/L2	1891	+	202	50578815	50104
chr19	50528711	50728711	harbor2	chr19	50579332	50579416	LINE/L2	1891	+	42	50579374	50663
chr19	50528711	50728711	harbor2	chr19	50580042	50580480	LINE/L2	1891	+	219	50580261	51550
chr19	45306438	45506438	harbor2	chr19	45373632	45373916	LINE/L2	978	+	142	45373774	67336
chr19	45306438	45506438	harbor2	chr19	45374211	45374419	LINE/L2	978	+	104	45374315	67877
chr19	43994297	44194297	harbor2	chr19	44009226	44009585	LINE/L2	728	+	180	44009406	15109
chr19	43994297	44194297	harbor2	chr19	44027524	44027891	LINE/L2	864	+	184	44027708	33411
chr19	43994297	44194297	harbor2	chr19	44060891	44061249	LINE/L2	627	+	179	44061070	66773
chr19	43994297	44194297	harbor2	chr19	44061759	44062103	LINE/L2	627	+	172	44061931	67634
chr19	5522862	5722862	harbor2	chr19	5523006	5523478	LINE/L2	817	+	236	5523242	380
chr19	5522862	5722862	harbor2	chr19	5564940	5565517	LINE/L2	1081	+	288	5565228	42366
chr19	32307102	32507102	harbor2	chr19	32307169	32307343	LINE/L2	617	+	87	32307256	154
chr19	39408377	39608377	harbor2	chr19	39410929	39411768	LINE/L2	1429	+	420	39411349	2972
chr19	41923608	42123608	harbor2	chr19	41955615	41955918	LINE/L2	769	+	152	41955767	32159
chr19	41923608	42123608	harbor2	chr19	41956507	41956694	LINE/L2	769	+	94	41956601	32993
chr19	13765177	13965177	harbor2	chr19	13775804	13775953	LINE/L2	917	+	74	13775878	10701
chr19	13765177	13965177	harbor2	chr19	13776278	13776884	LINE/L2	917	+	303	13776581	11404
chr19	10659892	10859892	harbor2	chr19	10737215	10737486	LINE/L2	792	+	136	10737351	77459
chr19	10659892	10859892	harbor2	chr19	10737785	10737902	LINE/L2	792	+	58	10737843	77951
chr19	49751333	49951333	harbor2	chr19	49790923	49791170	LINE/L2	706	+	124	49791047	39714
chr19	48525426	48725426	harbor2	chr19	48541891	48542099	LINE/L2	653	+	104	48541995	16569
chr19	39766858	39966858	harbor2	chr19	39819081	39820032	LINE/L2	1256	+	476	39819557	52699
chr19	39766858	39966858	harbor2	chr19	39842863	39843254	LINE/L2	914	+	196	39843059	76201
chr19	39766858	39966858	harbor2	chr19	39844484	39844869	LINE/L2	1018	+	192	39844676	77818
chr19	39766858	39966858	harbor2	chr19	39848738	39849713	LINE/L2	2192	+	488	39849226	82368
chr19	49752229	49952229	harbor2	chr19	49790923	49791170	LINE/L2	706	+	124	49791047	38818
chr19	10692589	10892589	harbor2	chr19	10737215	10737486	LINE/L2	792	+	136	10737351	44762
chr19	10692589	10892589	harbor2	chr19	10737785	10737902	LINE/L2	792	+	58	10737843	45254
chr19	54349613	54549613	harbor2	chr19	54379004	54379408	LINE/L2	967	+	202	54379206	29593
chr19	54349613	54549613	harbor2	chr19	54380916	54381484	LINE/L2	1703	+	284	54381200	31587
chr19	54349613	54549613	harbor2	chr19	54385041	54385801	LINE/L2	839	+	380	54385421	35808
chr19	54349613	54549613	harbor2	chr19	54434064	54434457	LINE/L2	694	+	196	54434260	84647
chr19	10710564	10910564	harbor2	chr19	10737215	10737486	LINE/L2	792	+	136	10737351	26787
chr19	10710564	10910564	harbor2	chr19	10737785	10737902	LINE/L2	792	+	58	10737843	27279
chr19	12938746	13138746	harbor2	chr19	12970135	12970427	LINE/L2	808	+	146	12970281	31535
chr19	44747639	44947639	harbor2	chr19	44794405	44794457	LINE/L2	679	+	26	44794431	46792
chr19	44747639	44947639	harbor2	chr19	44794763	44794924	LINE/L2	679	+	80	44794843	47204
chr19	44747639	44947639	harbor2	chr19	44795651	44795879	LINE/L2	679	+	114	44795765	48126
chr19	49751249	49951249	harbor2	chr19	49790923	49791170	LINE/L2	706	+	124	49791047	39798
chr19	190996	390996	harbor2	chr19	216088	216695	LINE/L2	1240	+	304	216392	25396
chr19	54992203	55192203	harbor2	chr19	55069537	55070155	LINE/L2	694	+	309	55069846	77643
chr19	54992203	55192203	harbor2	chr19	55089366	55089994	LINE/L2	688	+	314	55089680	97477
chr19	10715408	10915408	harbor2	chr19	10737215	10737486	LINE/L2	792	+	136	10737351	21943
chr19	10715408	10915408	harbor2	chr19	10737785	10737902	LINE/L2	792	+	58	10737843	22435
chr19	18201250	18401250	harbor2	chr19	18230547	18230925	LINE/L2	770	+	189	18230736	29486
chr19	18201250	18401250	harbor2	chr19	18235475	18235940	LINE/L2	804	+	232	18235707	34457
chr19	18201250	18401250	harbor2	chr19	18236515	18236779	LINE/L2	804	+	132	18236647	35397
chr19	5522876	5722876	harbor2	chr19	5523006	5523478	LINE/L2	817	+	236	5523242	366
chr19	5522876	5722876	harbor2	chr19	5564940	5565517	LINE/L2	1081	+	288	5565228	42352
chr19	10235994	10435994	harbor2	chr19	10268399	10268757	LINE/L2	691	+	179	10268578	32584
chr19	10235994	10435994	harbor2	chr19	10269056	10269174	LINE/L2	691	+	59	10269115	33121
chr19	12938708	13138708	harbor2	chr19	12970135	12970427	LINE/L2	808	+	146	12970281	31573
chr19	49752869	49952869	harbor2	chr19	49790923	49791170	LINE/L2	706	+	124	49791047	38178
chr19	10258104	10458104	harbor2	chr19	10268399	10268757	LINE/L2	691	+	179	10268578	10474
chr19	10258104	10458104	harbor2	chr19	10269056	10269174	LINE/L2	691	+	59	10269115	11011
chr19	5522857	5722857	harbor2	chr19	5523006	5523478	LINE/L2	817	+	236	5523242	385
chr19	5522857	5722857	harbor2	chr19	5564940	5565517	LINE/L2	1081	+	288	5565228	42371
chr19	38124222	38324222	harbor2	chr19	38197397	38198336	LINE/L2	1025	+	470	38197867	73645
chr19	45370037	45570037	harbor2	chr19	45373632	45373916	LINE/L2	978	+	142	45373774	3737
chr19	45370037	45570037	harbor2	chr19	45374211	45374419	LINE/L2	978	+	104	45374315	4278
chr19	45370037	45570037	harbor2	chr19	45421998	45422489	LINE/L2	1060	+	246	45422244	52207
chr19	45370037	45570037	harbor2	chr19	45422786	45422847	LINE/L2	912	+	30	45422816	52779
chr19	45370037	45570037	harbor2	chr19	45452276	45452495	LINE/L2	622	+	110	45452386	82349
chr19	39880486	40080486	harbor2	chr19	39916263	39916601	LINE/L2	817	+	169	39916432	35946
chr19	39880486	40080486	harbor2	chr19	39918962	39918986	LINE/L2	723	+	12	39918974	38488
chr19	39880486	40080486	harbor2	chr19	39919264	39919484	LINE/L2	723	+	110	39919374	38888
chr19	10698134	10898134	harbor2	chr19	10737215	10737486	LINE/L2	792	+	136	10737351	39217
chr19	10698134	10898134	harbor2	chr19	10737785	10737902	LINE/L2	792	+	58	10737843	39709
chr19	55205663	55405663	harbor2	chr19	55277138	55277361	LINE/L2	837	+	112	55277250	71587
chr19	55205663	55405663	harbor2	chr19	55282446	55282695	LINE/L2	699	+	124	55282570	76907
chr19	32286588	32486588	harbor2	chr19	32307169	32307343	LINE/L2	617	+	87	32307256	20668
chr19	5522874	5722874	harbor2	chr19	5523006	5523478	LINE/L2	817	+	236	5523242	368
chr19	5522874	5722874	harbor2	chr19	5564940	5565517	LINE/L2	1081	+	288	5565228	42354
chr19	30444888	30644888	harbor2	chr19	30536838	30537180	LINE/L2	959	+	171	30537009	92121
chr19	49751329	49951329	harbor2	chr19	49790923	49791170	LINE/L2	706	+	124	49791047	39718
chr19	45692535	45892535	harbor2	chr19	45696036	45696309	LINE/L2	780	+	136	45696172	3637
chr19	45692535	45892535	harbor2	chr19	45787662	45787785	LINE/L2	860	+	62	45787724	95189
chr19	45692535	45892535	harbor2	chr19	45788099	45788272	LINE/L2	860	+	86	45788185	95650
chr19	45692535	45892535	harbor2	chr19	45788454	45788646	LINE/L2	997	+	96	45788550	96015
chr19	45692535	45892535	harbor2	chr19	45788949	45789269	LINE/L2	997	+	160	45789109	96574
chr19	11095869	11295869	harbor2	chr19	11167832	11168002	LINE/L2	663	+	85	11167917	72048
chr19	11095869	11295869	harbor2	chr19	11168577	11168720	LINE/L2	663	+	72	11168649	72780
chr19	33324387	33524387	harbor2	chr19	33328740	33328829	LINE/L2	804	+	44	33328784	4397
chr19	33324387	33524387	harbor2	chr19	33329141	33329979	LINE/L2	804	+	419	33329560	5173
chr19	33324387	33524387	harbor2	chr19	33345271	33345407	LINE/L2	627	+	68	33345339	20952
chr19	33324387	33524387	harbor2	chr19	33346478	33346644	LINE/L2	627	+	83	33346561	22174
chr19	1569007	1769007	harbor2	chr19	1618053	1618774	LINE/L2	981	+	360	1618413	49406
chr19	35168150	35368150	harbor2	chr19	35168620	35168780	LINE/L2	798	+	80	35168700	550
chr19	35168150	35368150	harbor2	chr19	35169080	35169316	LINE/L2	798	+	118	35169198	1048
chr19	35168150	35368150	harbor2	chr19	35225897	35226181	LINE/L2	804	+	142	35226039	57889
chr19	35168150	35368150	harbor2	chr19	35226492	35226617	LINE/L2	804	+	62	35226554	58404
chr19	10732897	10932897	harbor2	chr19	10737215	10737486	LINE/L2	792	+	136	10737351	4454
chr19	10732897	10932897	harbor2	chr19	10737785	10737902	LINE/L2	792	+	58	10737843	4946
chr19	1	173810	harbor2	chr19	81917	82239	LINE/L2	732	+	161	82078	82077
chr19	9870651	10070651	harbor2	chr19	9887480	9887774	LINE/L2	810	+	147	9887627	16976
chr19	9870651	10070651	harbor2	chr19	9887988	9888240	LINE/L2	810	+	126	9888114	17463
chr19	9870651	10070651	harbor2	chr19	9888545	9888771	LINE/L2	710	+	113	9888658	18007
chr19	9870651	10070651	harbor2	chr19	9898720	9899017	LINE/L2	775	+	148	9898868	28217
chr19	9870651	10070651	harbor2	chr19	9899290	9899543	LINE/L2	775	+	126	9899416	28765
chr19	9870651	10070651	harbor2	chr19	9932937	9933234	LINE/L2	930	+	148	9933085	62434
chr19	9870651	10070651	harbor2	chr19	9933537	9933550	LINE/L2	930	+	6	9933543	62892
chr19	9870651	10070651	harbor2	chr19	9933856	9934065	LINE/L2	930	+	104	9933960	63309
chr19	45692508	45892508	harbor2	chr19	45696036	45696309	LINE/L2	780	+	136	45696172	3664
chr19	45692508	45892508	harbor2	chr19	45787662	45787785	LINE/L2	860	+	62	45787724	95216
chr19	45692508	45892508	harbor2	chr19	45788099	45788272	LINE/L2	860	+	86	45788185	95677
chr19	45692508	45892508	harbor2	chr19	45788454	45788646	LINE/L2	997	+	96	45788550	96042
chr19	45692508	45892508	harbor2	chr19	45788949	45789269	LINE/L2	997	+	160	45789109	96601
chr19	10236197	10436197	harbor2	chr19	10268399	10268757	LINE/L2	691	+	179	10268578	32381
chr19	10236197	10436197	harbor2	chr19	10269056	10269174	LINE/L2	691	+	59	10269115	32918
chr19	1	171076	harbor2	chr19	81917	82239	LINE/L2	732	+	161	82078	82077
chr19	208948	408948	harbor2	chr19	216088	216695	LINE/L2	1240	+	304	216392	7444
chr19	10721274	10921274	harbor2	chr19	10737215	10737486	LINE/L2	792	+	136	10737351	16077
chr19	10721274	10921274	harbor2	chr19	10737785	10737902	LINE/L2	792	+	58	10737843	16569
chr19	10736368	10936368	harbor2	chr19	10737215	10737486	LINE/L2	792	+	136	10737351	983
chr19	10736368	10936368	harbor2	chr19	10737785	10737902	LINE/L2	792	+	58	10737843	1475
chr19	1552371	1752371	harbor2	chr19	1618053	1618774	LINE/L2	981	+	360	1618413	66042
chr19	49751324	49951324	harbor2	chr19	49790923	49791170	LINE/L2	706	+	124	49791047	39723
chr19	12938684	13138684	harbor2	chr19	12970135	12970427	LINE/L2	808	+	146	12970281	31597
chr19	4228526	4428526	harbor2	chr19	4233349	4233922	LINE/L2	1311	+	286	4233635	5109
chr19	4228526	4428526	harbor2	chr19	4234233	4234423	LINE/L2	1311	+	95	4234328	5802
chr19	441432	641432	harbor2	chr19	499011	499381	LINE/L2	823	+	185	499196	57764
chr19	55385170	55585170	harbor2	chr19	55441051	55441652	LINE/L2	873	+	300	55441351	56181
chr19	55385170	55585170	harbor2	chr19	55462351	55462659	LINE/L2	722	+	154	55462505	77335
chr19	55385170	55585170	harbor2	chr19	55462933	55463173	LINE/L2	722	+	120	55463053	77883
chr19	49713961	49913961	harbor2	chr19	49790923	49791170	LINE/L2	706	+	124	49791047	77086
chr19	5522852	5722852	harbor2	chr19	5523006	5523478	LINE/L2	817	+	236	5523242	390
chr19	5522852	5722852	harbor2	chr19	5564940	5565517	LINE/L2	1081	+	288	5565228	42376
chr19	5522870	5722870	harbor2	chr19	5523006	5523478	LINE/L2	817	+	236	5523242	372
chr19	5522870	5722870	harbor2	chr19	5564940	5565517	LINE/L2	1081	+	288	5565228	42358
chr19	1553141	1753141	harbor2	chr19	1618053	1618774	LINE/L2	981	+	360	1618413	65272
chr19	45026245	45226245	harbor2	chr19	45041562	45041987	LINE/L2	755	+	212	45041774	15529
chr19	45026245	45226245	harbor2	chr19	45046429	45046674	LINE/L2	837	+	122	45046551	20306
chr19	45026245	45226245	harbor2	chr19	45081534	45081615	LINE/L2	891	+	40	45081574	55329
chr19	45026245	45226245	harbor2	chr19	45081923	45082589	LINE/L2	891	+	333	45082256	56011
chr19	10735518	10935518	harbor2	chr19	10737215	10737486	LINE/L2	792	+	136	10737351	1833
chr19	10735518	10935518	harbor2	chr19	10737785	10737902	LINE/L2	792	+	58	10737843	2325
chr19	51744047	51944047	harbor2	chr19	51783696	51784666	LINE/L2	1307	+	485	51784181	40134
chr19	51744047	51944047	harbor2	chr19	51830219	51830520	LINE/L2	1542	+	150	51830369	86322
chr19	51744047	51944047	harbor2	chr19	51830574	51831105	LINE/L2	1542	+	266	51830840	86793
chr19	51744047	51944047	harbor2	chr19	51831417	51832054	LINE/L2	1542	+	318	51831735	87688
chr19	10194517	10394517	harbor2	chr19	10268399	10268757	LINE/L2	691	+	179	10268578	74061
chr19	10194517	10394517	harbor2	chr19	10269056	10269174	LINE/L2	691	+	59	10269115	74598
chr19	5522807	5722807	harbor2	chr19	5523006	5523478	LINE/L2	817	+	236	5523242	435
chr19	5522807	5722807	harbor2	chr19	5564940	5565517	LINE/L2	1081	+	288	5565228	42421
chr19	3335362	3535362	harbor2	chr19	3345242	3345718	LINE/L2	1097	+	238	3345480	10118
chr19	3335362	3535362	harbor2	chr19	3373360	3373869	LINE/L2	957	+	254	3373614	38252
chr19	3335362	3535362	harbor2	chr19	3426452	3426923	LINE/L2	1193	+	236	3426688	91326
chr19	3335362	3535362	harbor2	chr19	3427226	3427455	LINE/L2	1193	+	114	3427340	91978
chr19	2788095	2988095	harbor2	chr19	2869196	2869361	LINE/L2	669	+	82	2869278	81183
chr19	2788095	2988095	harbor2	chr19	2869667	2870055	LINE/L2	669	+	194	2869861	81766
chr19	51389492	51589492	harbor2	chr19	51484675	51484907	LINE/L2	630	+	116	51484791	95299
chr19	1519661	1719661	harbor2	chr19	1618053	1618774	LINE/L2	981	+	360	1618413	98752
chr19	481891	681891	harbor2	chr19	499011	499381	LINE/L2	823	+	185	499196	17305
chr19	10236132	10436132	harbor2	chr19	10268399	10268757	LINE/L2	691	+	179	10268578	32446
chr19	10236132	10436132	harbor2	chr19	10269056	10269174	LINE/L2	691	+	59	10269115	32983
chr19	49769598	49969598	harbor2	chr19	49790923	49791170	LINE/L2	706	+	124	49791047	21449
chr19	36115251	36315251	harbor2	chr19	36116921	36117341	LINE/L2	685	+	210	36117131	1880
chr19	36115251	36315251	harbor2	chr19	36117652	36117677	LINE/L2	685	+	12	36117664	2413
chr19	4435290	4635290	harbor2	chr19	4505721	4506421	LINE/L2	770	+	350	4506071	70781
chr19	4435290	4635290	harbor2	chr19	4518837	4519021	LINE/L2	641	+	92	4518929	83639
chr19	8208408	8408408	harbor2	chr19	8215926	8216097	LINE/L2	658	+	86	8216012	7604
chr19	8208408	8408408	harbor2	chr19	8216401	8216494	LINE/L2	658	+	46	8216447	8039
chr19	8208408	8408408	harbor2	chr19	8216620	8216759	LINE/L2	658	+	70	8216690	8282
chr19	8208408	8408408	harbor2	chr19	8247183	8247426	LINE/L2	846	+	122	8247305	38897
chr19	8208408	8408408	harbor2	chr19	8247720	8247730	LINE/L2	846	+	5	8247725	39317
chr19	8208408	8408408	harbor2	chr19	8248034	8248312	LINE/L2	846	+	139	8248173	39765
chr19	49769364	49969364	harbor2	chr19	49790923	49791170	LINE/L2	706	+	124	49791047	21683
chr19	50332354	50532354	harbor2	chr19	50380836	50381167	LINE/L2	840	+	166	50381002	48648
chr19	43994355	44194355	harbor2	chr19	44009226	44009585	LINE/L2	728	+	180	44009406	15051
chr19	43994355	44194355	harbor2	chr19	44027524	44027891	LINE/L2	864	+	184	44027708	33353
chr19	43994355	44194355	harbor2	chr19	44060891	44061249	LINE/L2	627	+	179	44061070	66715
chr19	43994355	44194355	harbor2	chr19	44061759	44062103	LINE/L2	627	+	172	44061931	67576
chr19	45369892	45569892	harbor2	chr19	45373632	45373916	LINE/L2	978	+	142	45373774	3882
chr19	45369892	45569892	harbor2	chr19	45374211	45374419	LINE/L2	978	+	104	45374315	4423
chr19	45369892	45569892	harbor2	chr19	45421998	45422489	LINE/L2	1060	+	246	45422244	52352
chr19	45369892	45569892	harbor2	chr19	45422786	45422847	LINE/L2	912	+	30	45422816	52924
chr19	45369892	45569892	harbor2	chr19	45452276	45452495	LINE/L2	622	+	110	45452386	82494
chr19	16797005	16997005	harbor2	chr19	16825339	16825687	LINE/L2	767	+	174	16825513	28508
chr19	48344616	48544616	harbor2	chr19	48351326	48351849	LINE/L2	785	+	262	48351588	6972
chr19	48344616	48544616	harbor2	chr19	48358425	48358886	LINE/L2	1878	+	230	48358655	14039
chr19	48344616	48544616	harbor2	chr19	48359201	48359503	LINE/L2	1878	+	151	48359352	14736
chr19	48344616	48544616	harbor2	chr19	48359807	48360029	LINE/L2	1457	+	111	48359918	15302
chr19	10238978	10438978	harbor2	chr19	10268399	10268757	LINE/L2	691	+	179	10268578	29600
chr19	10238978	10438978	harbor2	chr19	10269056	10269174	LINE/L2	691	+	59	10269115	30137
chr19	1600339	1800339	harbor2	chr19	1618053	1618774	LINE/L2	981	+	360	1618413	18074
chr19	10235556	10435556	harbor2	chr19	10268399	10268757	LINE/L2	691	+	179	10268578	33022
chr19	10235556	10435556	harbor2	chr19	10269056	10269174	LINE/L2	691	+	59	10269115	33559
chr19	40678108	40878108	harbor2	chr19	40694707	40695030	LINE/L2	795	+	162	40694869	16761
chr19	12652175	12852175	harbor2	chr19	12686014	12686524	LINE/L2	873	+	255	12686269	34094
chr19	41253456	41453456	harbor2	chr19	41314566	41314718	LINE/L2	1094	+	76	41314642	61186
chr19	41253456	41453456	harbor2	chr19	41316108	41316321	LINE/L2	1094	+	106	41316214	62758
chr19	41253456	41453456	harbor2	chr19	41332935	41333192	LINE/L2	644	+	128	41333063	79607
chr19	41253456	41453456	harbor2	chr19	41343924	41343978	LINE/L2	1131	+	27	41343951	90495
chr19	41253456	41453456	harbor2	chr19	41344285	41344581	LINE/L2	1131	+	148	41344433	90977
chr19	12951866	13151866	harbor2	chr19	12970135	12970427	LINE/L2	808	+	146	12970281	18415
chr19	10186989	10386989	harbor2	chr19	10268399	10268757	LINE/L2	691	+	179	10268578	81589
chr19	10186989	10386989	harbor2	chr19	10269056	10269174	LINE/L2	691	+	59	10269115	82126
chr19	10250745	10450745	harbor2	chr19	10268399	10268757	LINE/L2	691	+	179	10268578	17833
chr19	10250745	10450745	harbor2	chr19	10269056	10269174	LINE/L2	691	+	59	10269115	18370
chr19	48528405	48728405	harbor2	chr19	48541891	48542099	LINE/L2	653	+	104	48541995	13590
chr19	10235137	10435137	harbor2	chr19	10268399	10268757	LINE/L2	691	+	179	10268578	33441
chr19	10235137	10435137	harbor2	chr19	10269056	10269174	LINE/L2	691	+	59	10269115	33978
chr19	12638021	12838021	harbor2	chr19	12686014	12686524	LINE/L2	873	+	255	12686269	48248
chr19	10252765	10452765	harbor2	chr19	10268399	10268757	LINE/L2	691	+	179	10268578	15813
chr19	10252765	10452765	harbor2	chr19	10269056	10269174	LINE/L2	691	+	59	10269115	16350
chr19	49776801	49976801	harbor2	chr19	49790923	49791170	LINE/L2	706	+	124	49791047	14246
chr19	406782	606782	harbor2	chr19	499011	499381	LINE/L2	823	+	185	499196	92414
chr19	10669764	10869764	harbor2	chr19	10737215	10737486	LINE/L2	792	+	136	10737351	67587
chr19	10669764	10869764	harbor2	chr19	10737785	10737902	LINE/L2	792	+	58	10737843	68079
chr19	35168139	35368139	harbor2	chr19	35168620	35168780	LINE/L2	798	+	80	35168700	561
chr19	35168139	35368139	harbor2	chr19	35169080	35169316	LINE/L2	798	+	118	35169198	1059
chr19	35168139	35368139	harbor2	chr19	35225897	35226181	LINE/L2	804	+	142	35226039	57900
chr19	35168139	35368139	harbor2	chr19	35226492	35226617	LINE/L2	804	+	62	35226554	58415
chr19	45369164	45569164	harbor2	chr19	45373632	45373916	LINE/L2	978	+	142	45373774	4610
chr19	45369164	45569164	harbor2	chr19	45374211	45374419	LINE/L2	978	+	104	45374315	5151
chr19	45369164	45569164	harbor2	chr19	45421998	45422489	LINE/L2	1060	+	246	45422244	53080
chr19	45369164	45569164	harbor2	chr19	45422786	45422847	LINE/L2	912	+	30	45422816	53652
chr19	45369164	45569164	harbor2	chr19	45452276	45452495	LINE/L2	622	+	110	45452386	83222
chr19	42234251	42434251	harbor2	chr19	42262023	42262188	LINE/L2	1087	+	82	42262105	27854
chr19	42234251	42434251	harbor2	chr19	42262578	42262870	LINE/L2	1087	+	146	42262724	28473
chr19	10235891	10435891	harbor2	chr19	10268399	10268757	LINE/L2	691	+	179	10268578	32687
chr19	10235891	10435891	harbor2	chr19	10269056	10269174	LINE/L2	691	+	59	10269115	33224
chr19	12939593	13139593	harbor2	chr19	12970135	12970427	LINE/L2	808	+	146	12970281	30688
chr19	12943435	13143435	harbor2	chr19	12970135	12970427	LINE/L2	808	+	146	12970281	26846
chr19	10735931	10935931	harbor2	chr19	10737215	10737486	LINE/L2	792	+	136	10737351	1420
chr19	10735931	10935931	harbor2	chr19	10737785	10737902	LINE/L2	792	+	58	10737843	1912
chr19	12691435	12891435	harbor2	chr19	12759737	12760009	LINE/L2	1331	+	136	12759873	68438
chr19	12691435	12891435	harbor2	chr19	12760579	12760885	LINE/L2	1331	+	153	12760732	69297
chr19	12691435	12891435	harbor2	chr19	12761834	12762029	LINE/L2	1331	+	98	12761932	70497
chr19	12691435	12891435	harbor2	chr19	12773557	12774082	LINE/L2	935	+	262	12773819	82384
chr19	18533614	18733614	harbor2	chr19	18608688	18609322	LINE/L2	752	+	317	18609005	75391
chr19	12938743	13138743	harbor2	chr19	12970135	12970427	LINE/L2	808	+	146	12970281	31538
chr19	1591631	1791631	harbor2	chr19	1618053	1618774	LINE/L2	981	+	360	1618413	26782
chr19	10235938	10435938	harbor2	chr19	10268399	10268757	LINE/L2	691	+	179	10268578	32640
chr19	10235938	10435938	harbor2	chr19	10269056	10269174	LINE/L2	691	+	59	10269115	33177
chr19	49751275	49951275	harbor2	chr19	49790923	49791170	LINE/L2	706	+	124	49791047	39772
chr19	1	173700	harbor2	chr19	81917	82239	LINE/L2	732	+	161	82078	82077
chr19	5522825	5722825	harbor2	chr19	5523006	5523478	LINE/L2	817	+	236	5523242	417
chr19	5522825	5722825	harbor2	chr19	5564940	5565517	LINE/L2	1081	+	288	5565228	42403
chr19	12939660	13139660	harbor2	chr19	12970135	12970427	LINE/L2	808	+	146	12970281	30621
chr19	49770106	49970106	harbor2	chr19	49790923	49791170	LINE/L2	706	+	124	49791047	20941
chr19	49790605	49990605	harbor2	chr19	49790923	49791170	LINE/L2	706	+	124	49791047	442
chr19	12938714	13138714	harbor2	chr19	12970135	12970427	LINE/L2	808	+	146	12970281	31567
chr19	14334318	14534318	harbor2	chr19	14415681	14415789	LINE/L2	802	+	54	14415735	81417
chr19	14334318	14534318	harbor2	chr19	14416087	14416408	LINE/L2	802	+	160	14416247	81929
chr19	12940796	13140796	harbor2	chr19	12970135	12970427	LINE/L2	808	+	146	12970281	29485
chr19	10250734	10450734	harbor2	chr19	10268399	10268757	LINE/L2	691	+	179	10268578	17844
chr19	10250734	10450734	harbor2	chr19	10269056	10269174	LINE/L2	691	+	59	10269115	18381
chr19	3463922	3663922	harbor2	chr19	3497978	3498223	LINE/L2	1325	+	122	3498100	34178
chr19	3463922	3663922	harbor2	chr19	3499185	3499480	LINE/L2	1325	+	148	3499333	35411
chr19	3463922	3663922	harbor2	chr19	3545002	3545606	LINE/L2	617	+	302	3545304	81382
chr19	48529308	48729308	harbor2	chr19	48541891	48542099	LINE/L2	653	+	104	48541995	12687
chr19	12938750	13138750	harbor2	chr19	12970135	12970427	LINE/L2	808	+	146	12970281	31531
chr20	35354845	35554845	harbor2	chr20	35361248	35361514	LINE/L2	515	+	133	35361381	6536
chr20	35355061	35555061	harbor2	chr20	35361248	35361514	LINE/L2	515	+	133	35361381	6320
chr20	34858106	35058106	harbor2	chr20	34908254	34908539	LINE/L2	700	+	142	34908396	50290
chr20	34858106	35058106	harbor2	chr20	34929784	34929985	LINE/L2	666	+	100	34929884	71778
chr20	34858106	35058106	harbor2	chr20	34932418	34932702	LINE/L2	563	+	142	34932560	74454
chr20	34858106	35058106	harbor2	chr20	34933146	34933295	LINE/L2	528	+	74	34933220	75114
chr20	34858106	35058106	harbor2	chr20	34930281	34931007	LINE/L2	666	+	363	34930644	72538
chr20	34842991	35042991	harbor2	chr20	34843568	34843879	LINE/L2	491	+	156	34843724	733
chr20	34842991	35042991	harbor2	chr20	34844186	34844267	LINE/L2	491	+	40	34844226	1235
chr20	34842991	35042991	harbor2	chr20	34846247	34846296	LINE/L2	1262	+	24	34846271	3280
chr20	34842991	35042991	harbor2	chr20	34846610	34847224	LINE/L2	1321	+	307	34846917	3926
chr20	34842991	35042991	harbor2	chr20	34848958	34849161	LINE/L2	516	+	102	34849060	6069
chr20	34842991	35042991	harbor2	chr20	34849463	34849693	LINE/L2	516	+	115	34849578	6587
chr20	34842991	35042991	harbor2	chr20	34908254	34908539	LINE/L2	700	+	142	34908396	65405
chr20	34842991	35042991	harbor2	chr20	34929784	34929985	LINE/L2	666	+	100	34929884	86893
chr20	34842991	35042991	harbor2	chr20	34932418	34932702	LINE/L2	563	+	142	34932560	89569
chr20	34842991	35042991	harbor2	chr20	34933146	34933295	LINE/L2	528	+	74	34933220	90229
chr20	34842991	35042991	harbor2	chr20	34930281	34931007	LINE/L2	666	+	363	34930644	87653
chr20	5095940	5295940	harbor2	chr20	5099460	5099746	LINE/L2	845	+	143	5099603	3663
chr20	35354894	35554894	harbor2	chr20	35361248	35361514	LINE/L2	515	+	133	35361381	6487
chr20	34904861	35104861	harbor2	chr20	34908254	34908539	LINE/L2	700	+	142	34908396	3535
chr20	34904861	35104861	harbor2	chr20	34929784	34929985	LINE/L2	666	+	100	34929884	25023
chr20	34904861	35104861	harbor2	chr20	34932418	34932702	LINE/L2	563	+	142	34932560	27699
chr20	34904861	35104861	harbor2	chr20	34933146	34933295	LINE/L2	528	+	74	34933220	28359
chr20	34904861	35104861	harbor2	chr20	34958341	34958470	LINE/L2	670	+	64	34958405	53544
chr20	34904861	35104861	harbor2	chr20	34958764	34958950	LINE/L2	670	+	93	34958857	53996
chr20	34904861	35104861	harbor2	chr20	34972007	34972596	LINE/L2	551	+	294	34972301	67440
chr20	34904861	35104861	harbor2	chr20	34930281	34931007	LINE/L2	666	+	363	34930644	25783
chr20	44866890	45066890	harbor2	chr20	44939900	44940274	LINE/L2	469	+	187	44940087	73197
chr20	44866890	45066890	harbor2	chr20	44940578	44940992	LINE/L2	469	+	207	44940785	73895
chr20	34904857	35104857	harbor2	chr20	34908254	34908539	LINE/L2	700	+	142	34908396	3539
chr20	34904857	35104857	harbor2	chr20	34929784	34929985	LINE/L2	666	+	100	34929884	25027
chr20	34904857	35104857	harbor2	chr20	34932418	34932702	LINE/L2	563	+	142	34932560	27703
chr20	34904857	35104857	harbor2	chr20	34933146	34933295	LINE/L2	528	+	74	34933220	28363
chr20	34904857	35104857	harbor2	chr20	34958341	34958470	LINE/L2	670	+	64	34958405	53548
chr20	34904857	35104857	harbor2	chr20	34958764	34958950	LINE/L2	670	+	93	34958857	54000
chr20	34904857	35104857	harbor2	chr20	34972007	34972596	LINE/L2	551	+	294	34972301	67444
chr20	34904857	35104857	harbor2	chr20	34930281	34931007	LINE/L2	666	+	363	34930644	25787
chr20	34610261	34810261	harbor2	chr20	34638033	34638526	LINE/L2	741	+	246	34638279	28018
chr20	34610261	34810261	harbor2	chr20	34689600	34689737	LINE/L2	462	+	68	34689668	79407
chr20	34796179	34996179	harbor2	chr20	34822223	34822728	LINE/L2	525	+	252	34822475	26296
chr20	34796179	34996179	harbor2	chr20	34827876	34828021	LINE/L2	461	+	72	34827948	31769
chr20	34796179	34996179	harbor2	chr20	34828628	34828664	LINE/L2	461	+	18	34828646	32467
chr20	34796179	34996179	harbor2	chr20	34828959	34829377	LINE/L2	792	+	209	34829168	32989
chr20	34796179	34996179	harbor2	chr20	34843568	34843879	LINE/L2	491	+	156	34843724	47545
chr20	34796179	34996179	harbor2	chr20	34844186	34844267	LINE/L2	491	+	40	34844226	48047
chr20	34796179	34996179	harbor2	chr20	34846247	34846296	LINE/L2	1262	+	24	34846271	50092
chr20	34796179	34996179	harbor2	chr20	34846610	34847224	LINE/L2	1321	+	307	34846917	50738
chr20	34796179	34996179	harbor2	chr20	34848958	34849161	LINE/L2	516	+	102	34849060	52881
chr20	34796179	34996179	harbor2	chr20	34849463	34849693	LINE/L2	516	+	115	34849578	53399
chr20	1021218	1221218	harbor2	chr20	1024096	1024283	LINE/L2	599	+	94	1024190	2972
chr20	1021218	1221218	harbor2	chr20	1036188	1036459	LINE/L2	533	+	136	1036324	15106
chr20	1021218	1221218	harbor2	chr20	1040795	1041354	LINE/L2	923	+	280	1041075	19857
chr20	1021218	1221218	harbor2	chr20	1049737	1049885	LINE/L2	769	+	74	1049811	28593
chr20	1021218	1221218	harbor2	chr20	1050189	1050405	LINE/L2	769	+	108	1050297	29079
chr20	1021218	1221218	harbor2	chr20	1051242	1051434	LINE/L2	877	+	96	1051338	30120
chr20	1021218	1221218	harbor2	chr20	1063044	1063066	LINE/L2	1526	+	11	1063055	41837
chr20	1021218	1221218	harbor2	chr20	1063240	1064263	LINE/L2	1526	+	512	1063752	42534
chr20	1021218	1221218	harbor2	chr20	1067349	1068099	LINE/L2	1387	+	375	1067724	46506
chr20	1021218	1221218	harbor2	chr20	1068485	1068578	LINE/L2	1387	+	46	1068531	47313
chr20	1021218	1221218	harbor2	chr20	1079009	1079359	LINE/L2	718	+	175	1079184	57966
chr20	1021218	1221218	harbor2	chr20	1105211	1105512	LINE/L2	775	+	150	1105361	84143
chr20	4627380	4827380	harbor2	chr20	4635041	4635833	LINE/L2	571	+	396	4635437	8057
chr20	4627380	4827380	harbor2	chr20	4682218	4682696	LINE/L2	939	+	239	4682457	55077
chr20	4627380	4827380	harbor2	chr20	4682994	4683131	LINE/L2	939	+	68	4683062	55682
chr20	4627380	4827380	harbor2	chr20	4692902	4693332	LINE/L2	906	+	215	4693117	65737
chr20	4627380	4827380	harbor2	chr20	4693457	4693673	LINE/L2	490	+	108	4693565	66185
chr20	33390084	33590084	harbor2	chr20	33399239	33399572	LINE/L2	507	+	166	33399405	9321
chr20	33390084	33590084	harbor2	chr20	33402251	33402745	LINE/L2	829	+	247	33402498	12414
chr20	33390084	33590084	harbor2	chr20	33404209	33404552	LINE/L2	807	+	172	33404381	14297
chr20	33390084	33590084	harbor2	chr20	33410488	33410909	LINE/L2	1261	+	210	33410698	20614
chr20	33390084	33590084	harbor2	chr20	33411281	33412091	LINE/L2	644	+	405	33411686	21602
chr20	33390084	33590084	harbor2	chr20	33422872	33423111	LINE/L2	497	+	120	33422992	32908
chr20	33390084	33590084	harbor2	chr20	33477981	33478394	LINE/L2	991	+	206	33478187	88103
chr20	33390084	33590084	harbor2	chr20	33478972	33479236	LINE/L2	991	+	132	33479104	89020
chr20	33390084	33590084	harbor2	chr20	33479540	33479745	LINE/L2	480	+	102	33479642	89558
chr20	50269774	50469774	harbor2	chr20	50269594	50270000	LINE/L2	663	+	203	50269797	23
chr20	50269774	50469774	harbor2	chr20	50276785	50277598	LINE/L2	823	+	406	50277191	7417
chr20	50269774	50469774	harbor2	chr20	50278143	50278653	LINE/L2	603	+	255	50278398	8624
chr20	50269774	50469774	harbor2	chr20	50278696	50278802	LINE/L2	486	+	53	50278749	8975
chr20	50269774	50469774	harbor2	chr20	50279964	50280217	LINE/L2	503	+	126	50280090	10316
chr20	50269774	50469774	harbor2	chr20	50282642	50283500	LINE/L2	1178	+	429	50283071	13297
chr20	50269774	50469774	harbor2	chr20	50284302	50284645	LINE/L2	551	+	172	50284474	14700
chr20	50269774	50469774	harbor2	chr20	50298493	50298639	LINE/L2	555	+	73	50298566	28792
chr20	50269774	50469774	harbor2	chr20	50312091	50312450	LINE/L2	978	+	180	50312271	42497
chr20	50269774	50469774	harbor2	chr20	50316307	50316546	LINE/L2	629	+	120	50316427	46653
chr20	50269774	50469774	harbor2	chr20	50316869	50317094	LINE/L2	629	+	112	50316981	47207
chr20	50269774	50469774	harbor2	chr20	50320634	50321121	LINE/L2	940	+	244	50320878	51104
chr20	50269774	50469774	harbor2	chr20	50329630	50330025	LINE/L2	619	+	198	50329828	60054
chr20	50269774	50469774	harbor2	chr20	50339775	50339916	LINE/L2	911	+	70	50339845	70071
chr20	50269774	50469774	harbor2	chr20	50340226	50340661	LINE/L2	911	+	218	50340444	70670
chr20	50269774	50469774	harbor2	chr20	50345003	50345186	LINE/L2	480	+	92	50345095	75321
chr20	50269774	50469774	harbor2	chr20	50363178	50363322	LINE/L2	487	+	72	50363250	93476
chr20	34885098	35085098	harbor2	chr20	34908254	34908539	LINE/L2	700	+	142	34908396	23298
chr20	34885098	35085098	harbor2	chr20	34929784	34929985	LINE/L2	666	+	100	34929884	44786
chr20	34885098	35085098	harbor2	chr20	34932418	34932702	LINE/L2	563	+	142	34932560	47462
chr20	34885098	35085098	harbor2	chr20	34933146	34933295	LINE/L2	528	+	74	34933220	48122
chr20	34885098	35085098	harbor2	chr20	34958341	34958470	LINE/L2	670	+	64	34958405	73307
chr20	34885098	35085098	harbor2	chr20	34958764	34958950	LINE/L2	670	+	93	34958857	73759
chr20	34885098	35085098	harbor2	chr20	34972007	34972596	LINE/L2	551	+	294	34972301	87203
chr20	34885098	35085098	harbor2	chr20	34930281	34931007	LINE/L2	666	+	363	34930644	45546
chr20	38575361	38775361	harbor2	chr20	38624519	38624978	LINE/L2	1322	+	230	38624749	49388
chr20	38575361	38775361	harbor2	chr20	38640645	38641061	LINE/L2	515	+	208	38640853	65492
chr20	38575361	38775361	harbor2	chr20	38653454	38654113	LINE/L2	1064	+	330	38653784	78423
chr20	43635884	43835884	harbor2	chr20	43689408	43689825	LINE/L2	502	+	208	43689616	53732
chr20	32421929	32621929	harbor2	chr20	32496187	32496537	LINE/L2	748	+	175	32496362	74433
chr20	34750149	34950149	harbor2	chr20	34771597	34771854	LINE/L2	526	+	128	34771725	21576
chr20	34750149	34950149	harbor2	chr20	34822223	34822728	LINE/L2	525	+	252	34822475	72326
chr20	34750149	34950149	harbor2	chr20	34827876	34828021	LINE/L2	461	+	72	34827948	77799
chr20	34750149	34950149	harbor2	chr20	34828628	34828664	LINE/L2	461	+	18	34828646	78497
chr20	34750149	34950149	harbor2	chr20	34828959	34829377	LINE/L2	792	+	209	34829168	79019
chr20	34750149	34950149	harbor2	chr20	34843568	34843879	LINE/L2	491	+	156	34843724	93575
chr20	34750149	34950149	harbor2	chr20	34844186	34844267	LINE/L2	491	+	40	34844226	94077
chr20	34750149	34950149	harbor2	chr20	34846247	34846296	LINE/L2	1262	+	24	34846271	96122
chr20	34750149	34950149	harbor2	chr20	34846610	34847224	LINE/L2	1321	+	307	34846917	96768
chr20	34750149	34950149	harbor2	chr20	34848958	34849161	LINE/L2	516	+	102	34849060	98911
chr20	34750149	34950149	harbor2	chr20	34849463	34849693	LINE/L2	516	+	115	34849578	99429
chr20	4811509	5011509	harbor2	chr20	4866951	4867553	LINE/L2	674	+	301	4867252	55743
chr20	48277508	48477508	harbor2	chr20	48308992	48309827	LINE/L2	1145	+	418	48309410	31902
chr20	48277508	48477508	harbor2	chr20	48359856	48360168	LINE/L2	560	+	156	48360012	82504
chr20	48277508	48477508	harbor2	chr20	48360200	48360283	LINE/L2	560	+	42	48360242	82734
chr20	32747014	32947014	harbor2	chr20	32823943	32824267	LINE/L2	533	+	162	32824105	77091
chr20	5908030	6108030	harbor2	chr20	5944951	5945660	LINE/L2	1033	+	354	5945305	37275
chr20	5908030	6108030	harbor2	chr20	5979135	5980410	LINE/L2	3034	+	638	5979773	71743
chr20	3074449	3274449	harbor2	chr20	3088901	3089003	LINE/L2	1539	+	51	3088952	14503
chr20	3074449	3274449	harbor2	chr20	3089316	3089384	LINE/L2	1539	+	34	3089350	14901
chr20	3074449	3274449	harbor2	chr20	3089688	3090151	LINE/L2	1539	+	232	3089920	15471
chr20	50413348	50613348	harbor2	chr20	50432563	50433063	LINE/L2	944	+	250	50432813	19465
chr20	50413348	50613348	harbor2	chr20	50448802	50449106	LINE/L2	684	+	152	50448954	35606
chr20	50413348	50613348	harbor2	chr20	50449391	50449481	LINE/L2	684	+	45	50449436	36088
chr20	50413348	50613348	harbor2	chr20	50453630	50454107	LINE/L2	709	+	238	50453868	40520
chr20	50413348	50613348	harbor2	chr20	50466632	50466762	LINE/L2	786	+	65	50466697	53349
chr20	50413348	50613348	harbor2	chr20	50466788	50466864	LINE/L2	786	+	38	50466826	53478
chr20	34725476	34925476	harbor2	chr20	34771597	34771854	LINE/L2	526	+	128	34771725	46249
chr20	34725476	34925476	harbor2	chr20	34822223	34822728	LINE/L2	525	+	252	34822475	96999
chr20	34776571	34976571	harbor2	chr20	34822223	34822728	LINE/L2	525	+	252	34822475	45904
chr20	34776571	34976571	harbor2	chr20	34827876	34828021	LINE/L2	461	+	72	34827948	51377
chr20	34776571	34976571	harbor2	chr20	34828628	34828664	LINE/L2	461	+	18	34828646	52075
chr20	34776571	34976571	harbor2	chr20	34828959	34829377	LINE/L2	792	+	209	34829168	52597
chr20	34776571	34976571	harbor2	chr20	34843568	34843879	LINE/L2	491	+	156	34843724	67153
chr20	34776571	34976571	harbor2	chr20	34844186	34844267	LINE/L2	491	+	40	34844226	67655
chr20	34776571	34976571	harbor2	chr20	34846247	34846296	LINE/L2	1262	+	24	34846271	69700
chr20	34776571	34976571	harbor2	chr20	34846610	34847224	LINE/L2	1321	+	307	34846917	70346
chr20	34776571	34976571	harbor2	chr20	34848958	34849161	LINE/L2	516	+	102	34849060	72489
chr20	34776571	34976571	harbor2	chr20	34849463	34849693	LINE/L2	516	+	115	34849578	73007
chr20	2772894	2972894	harbor2	chr20	2870442	2870634	LINE/L2	491	+	96	2870538	97644
chr20	50272882	50472882	harbor2	chr20	50276785	50277598	LINE/L2	823	+	406	50277191	4309
chr20	50272882	50472882	harbor2	chr20	50278143	50278653	LINE/L2	603	+	255	50278398	5516
chr20	50272882	50472882	harbor2	chr20	50278696	50278802	LINE/L2	486	+	53	50278749	5867
chr20	50272882	50472882	harbor2	chr20	50279964	50280217	LINE/L2	503	+	126	50280090	7208
chr20	50272882	50472882	harbor2	chr20	50282642	50283500	LINE/L2	1178	+	429	50283071	10189
chr20	50272882	50472882	harbor2	chr20	50284302	50284645	LINE/L2	551	+	172	50284474	11592
chr20	50272882	50472882	harbor2	chr20	50298493	50298639	LINE/L2	555	+	73	50298566	25684
chr20	50272882	50472882	harbor2	chr20	50312091	50312450	LINE/L2	978	+	180	50312271	39389
chr20	50272882	50472882	harbor2	chr20	50316307	50316546	LINE/L2	629	+	120	50316427	43545
chr20	50272882	50472882	harbor2	chr20	50316869	50317094	LINE/L2	629	+	112	50316981	44099
chr20	50272882	50472882	harbor2	chr20	50320634	50321121	LINE/L2	940	+	244	50320878	47996
chr20	50272882	50472882	harbor2	chr20	50329630	50330025	LINE/L2	619	+	198	50329828	56946
chr20	50272882	50472882	harbor2	chr20	50339775	50339916	LINE/L2	911	+	70	50339845	66963
chr20	50272882	50472882	harbor2	chr20	50340226	50340661	LINE/L2	911	+	218	50340444	67562
chr20	50272882	50472882	harbor2	chr20	50345003	50345186	LINE/L2	480	+	92	50345095	72213
chr20	50272882	50472882	harbor2	chr20	50363178	50363322	LINE/L2	487	+	72	50363250	90368
chr20	4071981	4271981	harbor2	chr20	4074768	4075048	LINE/L2	513	+	140	4074908	2927
chr20	4071981	4271981	harbor2	chr20	4085003	4085122	LINE/L2	534	+	60	4085063	13082
chr20	4071981	4271981	harbor2	chr20	4150062	4150824	LINE/L2	1217	+	381	4150443	78462
chr20	4071981	4271981	harbor2	chr20	4151132	4151910	LINE/L2	1217	+	389	4151521	79540
chr20	59110854	59310854	harbor2	chr20	59126493	59127777	LINE/L2	1060	+	642	59127135	16281
chr20	59110854	59310854	harbor2	chr20	59177391	59177517	LINE/L2	463	+	63	59177454	66600
chr20	32739798	32939798	harbor2	chr20	32823943	32824267	LINE/L2	533	+	162	32824105	84307
chr20	5092121	5292121	harbor2	chr20	5099460	5099746	LINE/L2	845	+	143	5099603	7482
chr20	59679835	59879835	harbor2	chr20	59702244	59702712	LINE/L2	620	+	234	59702478	22643
chr20	3915348	4115348	harbor2	chr20	3957838	3958652	LINE/L2	499	+	407	3958245	42897
chr20	3915348	4115348	harbor2	chr20	3958942	3959424	LINE/L2	499	+	241	3959183	43835
chr20	33576839	33776839	harbor2	chr20	33596509	33596918	LINE/L2	722	+	204	33596713	19874
chr20	2820954	3020954	harbor2	chr20	2870442	2870634	LINE/L2	491	+	96	2870538	49584
chr20	1021009	1221009	harbor2	chr20	1024096	1024283	LINE/L2	599	+	94	1024190	3181
chr20	1021009	1221009	harbor2	chr20	1036188	1036459	LINE/L2	533	+	136	1036324	15315
chr20	1021009	1221009	harbor2	chr20	1040795	1041354	LINE/L2	923	+	280	1041075	20066
chr20	1021009	1221009	harbor2	chr20	1049737	1049885	LINE/L2	769	+	74	1049811	28802
chr20	1021009	1221009	harbor2	chr20	1050189	1050405	LINE/L2	769	+	108	1050297	29288
chr20	1021009	1221009	harbor2	chr20	1051242	1051434	LINE/L2	877	+	96	1051338	30329
chr20	1021009	1221009	harbor2	chr20	1063044	1063066	LINE/L2	1526	+	11	1063055	42046
chr20	1021009	1221009	harbor2	chr20	1063240	1064263	LINE/L2	1526	+	512	1063752	42743
chr20	1021009	1221009	harbor2	chr20	1067349	1068099	LINE/L2	1387	+	375	1067724	46715
chr20	1021009	1221009	harbor2	chr20	1068485	1068578	LINE/L2	1387	+	46	1068531	47522
chr20	1021009	1221009	harbor2	chr20	1079009	1079359	LINE/L2	718	+	175	1079184	58175
chr20	1021009	1221009	harbor2	chr20	1105211	1105512	LINE/L2	775	+	150	1105361	84352
chr20	37933811	38133811	harbor2	chr20	37935425	37935828	LINE/L2	540	+	202	37935627	1816
chr20	37933811	38133811	harbor2	chr20	37971884	37972273	LINE/L2	651	+	194	37972078	38267
chr20	37933811	38133811	harbor2	chr20	38006495	38006877	LINE/L2	562	+	191	38006686	72875
chr20	37933811	38133811	harbor2	chr20	38009325	38009500	LINE/L2	586	+	88	38009413	75602
chr20	37933811	38133811	harbor2	chr20	38009803	38010132	LINE/L2	586	+	164	38009967	76156
chr20	37933811	38133811	harbor2	chr20	38022194	38022511	LINE/L2	794	+	158	38022352	88541
chr20	37933811	38133811	harbor2	chr20	38030755	38031712	LINE/L2	2213	+	478	38031233	97422
chr20	34993730	35193730	harbor2	chr20	35019785	35020476	LINE/L2	1760	+	346	35020131	26401
chr20	50272735	50472735	harbor2	chr20	50276785	50277598	LINE/L2	823	+	406	50277191	4456
chr20	50272735	50472735	harbor2	chr20	50278143	50278653	LINE/L2	603	+	255	50278398	5663
chr20	50272735	50472735	harbor2	chr20	50278696	50278802	LINE/L2	486	+	53	50278749	6014
chr20	50272735	50472735	harbor2	chr20	50279964	50280217	LINE/L2	503	+	126	50280090	7355
chr20	50272735	50472735	harbor2	chr20	50282642	50283500	LINE/L2	1178	+	429	50283071	10336
chr20	50272735	50472735	harbor2	chr20	50284302	50284645	LINE/L2	551	+	172	50284474	11739
chr20	50272735	50472735	harbor2	chr20	50298493	50298639	LINE/L2	555	+	73	50298566	25831
chr20	50272735	50472735	harbor2	chr20	50312091	50312450	LINE/L2	978	+	180	50312271	39536
chr20	50272735	50472735	harbor2	chr20	50316307	50316546	LINE/L2	629	+	120	50316427	43692
chr20	50272735	50472735	harbor2	chr20	50316869	50317094	LINE/L2	629	+	112	50316981	44246
chr20	50272735	50472735	harbor2	chr20	50320634	50321121	LINE/L2	940	+	244	50320878	48143
chr20	50272735	50472735	harbor2	chr20	50329630	50330025	LINE/L2	619	+	198	50329828	57093
chr20	50272735	50472735	harbor2	chr20	50339775	50339916	LINE/L2	911	+	70	50339845	67110
chr20	50272735	50472735	harbor2	chr20	50340226	50340661	LINE/L2	911	+	218	50340444	67709
chr20	50272735	50472735	harbor2	chr20	50345003	50345186	LINE/L2	480	+	92	50345095	72360
chr20	50272735	50472735	harbor2	chr20	50363178	50363322	LINE/L2	487	+	72	50363250	90515
chr21	14338484	14538484	harbor2	chr21	14356764	14357080	LINE/L2	653	+	158	14356922	18438
chr21	14338484	14538484	harbor2	chr21	14357139	14357438	LINE/L2	576	+	150	14357289	18805
chr21	14338484	14538484	harbor2	chr21	14361387	14361915	LINE/L2	743	+	264	14361651	23167
chr21	14338484	14538484	harbor2	chr21	14376640	14376957	LINE/L2	676	+	158	14376798	38314
chr21	33073262	33273262	harbor2	chr21	33104981	33106141	LINE/L2	730	+	580	33105561	32299
chr21	14484895	14684895	harbor2	chr21	14517863	14517917	LINE/L2	632	+	27	14517890	32995
chr21	14484895	14684895	harbor2	chr21	14518035	14518421	LINE/L2	632	+	193	14518228	33333
chr21	14484895	14684895	harbor2	chr21	14536896	14537534	LINE/L2	839	+	319	14537215	52320
chr21	29486560	29686560	harbor2	chr21	29491548	29492240	LINE/L2	955	+	346	29491894	5334
chr21	29486560	29686560	harbor2	chr21	29535883	29536196	LINE/L2	460	+	156	29536039	49479
chr21	29486560	29686560	harbor2	chr21	29536557	29536645	LINE/L2	460	+	44	29536601	50041
chr21	14344309	14544309	harbor2	chr21	14356764	14357080	LINE/L2	653	+	158	14356922	12613
chr21	14344309	14544309	harbor2	chr21	14357139	14357438	LINE/L2	576	+	150	14357289	12980
chr21	14344309	14544309	harbor2	chr21	14361387	14361915	LINE/L2	743	+	264	14361651	17342
chr21	14344309	14544309	harbor2	chr21	14376640	14376957	LINE/L2	676	+	158	14376798	32489
chr21	14338970	14538970	harbor2	chr21	14356764	14357080	LINE/L2	653	+	158	14356922	17952
chr21	14338970	14538970	harbor2	chr21	14357139	14357438	LINE/L2	576	+	150	14357289	18319
chr21	14338970	14538970	harbor2	chr21	14361387	14361915	LINE/L2	743	+	264	14361651	22681
chr21	14338970	14538970	harbor2	chr21	14376640	14376957	LINE/L2	676	+	158	14376798	37828
chr21	14337764	14537764	harbor2	chr21	14356764	14357080	LINE/L2	653	+	158	14356922	19158
chr21	14337764	14537764	harbor2	chr21	14357139	14357438	LINE/L2	576	+	150	14357289	19525
chr21	14337764	14537764	harbor2	chr21	14361387	14361915	LINE/L2	743	+	264	14361651	23887
chr21	14337764	14537764	harbor2	chr21	14376640	14376957	LINE/L2	676	+	158	14376798	39034
chr21	15634172	15834172	harbor2	chr21	15682342	15682943	LINE/L2	442	+	300	15682642	48470
chr21	39010819	39210819	harbor2	chr21	39031473	39032043	LINE/L2	775	+	285	39031758	20939
chr21	39010819	39210819	harbor2	chr21	39035566	39035939	LINE/L2	830	+	186	39035752	24933
chr21	14339047	14539047	harbor2	chr21	14356764	14357080	LINE/L2	653	+	158	14356922	17875
chr21	14339047	14539047	harbor2	chr21	14357139	14357438	LINE/L2	576	+	150	14357289	18242
chr21	14339047	14539047	harbor2	chr21	14361387	14361915	LINE/L2	743	+	264	14361651	22604
chr21	14339047	14539047	harbor2	chr21	14376640	14376957	LINE/L2	676	+	158	14376798	37751
chr21	42154556	42354556	harbor2	chr21	42171011	42171188	LINE/L2	485	+	88	42171099	16543
chr21	39009540	39209540	harbor2	chr21	39031473	39032043	LINE/L2	775	+	285	39031758	22218
chr21	39009540	39209540	harbor2	chr21	39035566	39035939	LINE/L2	830	+	186	39035752	26212
chr21	14337790	14537790	harbor2	chr21	14356764	14357080	LINE/L2	653	+	158	14356922	19132
chr21	14337790	14537790	harbor2	chr21	14357139	14357438	LINE/L2	576	+	150	14357289	19499
chr21	14337790	14537790	harbor2	chr21	14361387	14361915	LINE/L2	743	+	264	14361651	23861
chr21	14337790	14537790	harbor2	chr21	14376640	14376957	LINE/L2	676	+	158	14376798	39008
chr21	42468253	42668253	harbor2	chr21	42504786	42505507	LINE/L2	956	+	360	42505146	36893
chr21	42468253	42668253	harbor2	chr21	42547906	42548759	LINE/L2	621	+	426	42548332	80079
chr21	14338290	14538290	harbor2	chr21	14356764	14357080	LINE/L2	653	+	158	14356922	18632
chr21	14338290	14538290	harbor2	chr21	14357139	14357438	LINE/L2	576	+	150	14357289	18999
chr21	14338290	14538290	harbor2	chr21	14361387	14361915	LINE/L2	743	+	264	14361651	23361
chr21	14338290	14538290	harbor2	chr21	14376640	14376957	LINE/L2	676	+	158	14376798	38508
chr21	15630231	15830231	harbor2	chr21	15682342	15682943	LINE/L2	442	+	300	15682642	52411
chr21	33379900	33579900	harbor2	chr21	33390065	33390248	LINE/L2	456	+	92	33390157	10257
chr21	43244199	43444199	harbor2	chr21	43322967	43323066	LINE/L2	448	+	50	43323017	78818
chr22	24069873	24269873	harbor2	chr22	24077124	24077385	LINE/L2	757	+	130	24077254	7381
chr22	19075418	19275418	harbor2	chr22	19143445	19143573	LINE/L2	412	+	64	19143509	68091
chr22	19075418	19275418	harbor2	chr22	19143880	19144053	LINE/L2	412	+	86	19143966	68548
chr22	42989451	43189451	harbor2	chr22	42997113	42997268	LINE/L2	498	+	78	42997191	7740
chr22	42989451	43189451	harbor2	chr22	43043295	43044153	LINE/L2	660	+	429	43043724	54273
chr22	42989451	43189451	harbor2	chr22	43044160	43044330	LINE/L2	411	+	85	43044245	54794
chr22	42989451	43189451	harbor2	chr22	43061662	43062128	LINE/L2	509	+	233	43061895	72444
chr22	42989451	43189451	harbor2	chr22	43077185	43077563	LINE/L2	465	+	189	43077374	87923
chr22	42989451	43189451	harbor2	chr22	43086685	43087192	LINE/L2	511	+	254	43086939	97488
chr22	24070350	24270350	harbor2	chr22	24077124	24077385	LINE/L2	757	+	130	24077254	6904
chr22	24071226	24271226	harbor2	chr22	24077124	24077385	LINE/L2	757	+	130	24077254	6028
chr22	38298885	38498885	harbor2	chr22	38321066	38321317	LINE/L2	420	+	126	38321192	22307
chr22	38298885	38498885	harbor2	chr22	38322887	38323122	LINE/L2	450	+	118	38323005	24120
chr22	38298885	38498885	harbor2	chr22	38326537	38326957	LINE/L2	460	+	210	38326747	27862
chr22	24070364	24270364	harbor2	chr22	24077124	24077385	LINE/L2	757	+	130	24077254	6890
chr22	42989456	43189456	harbor2	chr22	42997113	42997268	LINE/L2	498	+	78	42997191	7735
chr22	42989456	43189456	harbor2	chr22	43043295	43044153	LINE/L2	660	+	429	43043724	54268
chr22	42989456	43189456	harbor2	chr22	43044160	43044330	LINE/L2	411	+	85	43044245	54789
chr22	42989456	43189456	harbor2	chr22	43061662	43062128	LINE/L2	509	+	233	43061895	72439
chr22	42989456	43189456	harbor2	chr22	43077185	43077563	LINE/L2	465	+	189	43077374	87918
chr22	42989456	43189456	harbor2	chr22	43086685	43087192	LINE/L2	511	+	254	43086939	97483
chr22	42989457	43189457	harbor2	chr22	42997113	42997268	LINE/L2	498	+	78	42997191	7734
chr22	42989457	43189457	harbor2	chr22	43043295	43044153	LINE/L2	660	+	429	43043724	54267
chr22	42989457	43189457	harbor2	chr22	43044160	43044330	LINE/L2	411	+	85	43044245	54788
chr22	42989457	43189457	harbor2	chr22	43061662	43062128	LINE/L2	509	+	233	43061895	72438
chr22	42989457	43189457	harbor2	chr22	43077185	43077563	LINE/L2	465	+	189	43077374	87917
chr22	42989457	43189457	harbor2	chr22	43086685	43087192	LINE/L2	511	+	254	43086939	97482
chr22	43477459	43677459	harbor2	chr22	43538075	43538377	LINE/L2	883	+	151	43538226	60767
chr22	43477459	43677459	harbor2	chr22	43538686	43538799	LINE/L2	883	+	56	43538742	61283
chr22	24069841	24269841	harbor2	chr22	24077124	24077385	LINE/L2	757	+	130	24077254	7413
chr22	42989737	43189737	harbor2	chr22	42997113	42997268	LINE/L2	498	+	78	42997191	7454
chr22	42989737	43189737	harbor2	chr22	43043295	43044153	LINE/L2	660	+	429	43043724	53987
chr22	42989737	43189737	harbor2	chr22	43044160	43044330	LINE/L2	411	+	85	43044245	54508
chr22	42989737	43189737	harbor2	chr22	43061662	43062128	LINE/L2	509	+	233	43061895	72158
chr22	42989737	43189737	harbor2	chr22	43077185	43077563	LINE/L2	465	+	189	43077374	87637
chr22	42989737	43189737	harbor2	chr22	43086685	43087192	LINE/L2	511	+	254	43086939	97202
chr22	39375789	39575789	harbor2	chr22	39394615	39394770	LINE/L2	431	+	78	39394693	18904
chr22	39375789	39575789	harbor2	chr22	39394777	39395022	LINE/L2	720	+	122	39394899	19110
chr22	39375789	39575789	harbor2	chr22	39395819	39395987	LINE/L2	450	+	84	39395903	20114
chr22	39375789	39575789	harbor2	chr22	39396290	39396889	LINE/L2	487	+	300	39396590	20801
chr22	39375789	39575789	harbor2	chr22	39400648	39400754	LINE/L2	444	+	53	39400701	24912
chr22	39375789	39575789	harbor2	chr22	39401062	39401169	LINE/L2	444	+	54	39401116	25327
chr22	39375789	39575789	harbor2	chr22	39409511	39409957	LINE/L2	943	+	223	39409734	33945
chr22	32078363	32278363	harbor2	chr22	32088652	32088863	LINE/L2	463	+	106	32088758	10395
chr22	32078363	32278363	harbor2	chr22	32157206	32157420	LINE/L2	420	+	107	32157313	78950
chr22	24070302	24270302	harbor2	chr22	24077124	24077385	LINE/L2	757	+	130	24077254	6952
chr22	24070441	24270441	harbor2	chr22	24077124	24077385	LINE/L2	757	+	130	24077254	6813
chr22	44398337	44598337	harbor2	chr22	44422705	44423252	LINE/L2	526	+	274	44422979	24642
chr22	23023478	23223478	harbor2	chr22	23090180	23090953	LINE/L2	557	+	386	23090566	67088
chr22	42989453	43189453	harbor2	chr22	42997113	42997268	LINE/L2	498	+	78	42997191	7738
chr22	42989453	43189453	harbor2	chr22	43043295	43044153	LINE/L2	660	+	429	43043724	54271
chr22	42989453	43189453	harbor2	chr22	43044160	43044330	LINE/L2	411	+	85	43044245	54792
chr22	42989453	43189453	harbor2	chr22	43061662	43062128	LINE/L2	509	+	233	43061895	72442
chr22	42989453	43189453	harbor2	chr22	43077185	43077563	LINE/L2	465	+	189	43077374	87921
chr22	42989453	43189453	harbor2	chr22	43086685	43087192	LINE/L2	511	+	254	43086939	97486
chr22	43079252	43279252	harbor2	chr22	43086685	43087192	LINE/L2	511	+	254	43086939	7687
chr22	23371069	23571069	harbor2	chr22	23418186	23418446	LINE/L2	420	+	130	23418316	47247
chr22	23023459	23223459	harbor2	chr22	23090180	23090953	LINE/L2	557	+	386	23090566	67107
chr22	50432213	50632213	harbor2	chr22	50508925	50509770	LINE/L2	1175	+	422	50509347	77134
chr22	50432213	50632213	harbor2	chr22	50510729	50510850	LINE/L2	439	+	60	50510789	78576
chr22	50432213	50632213	harbor2	chr22	50512086	50512238	LINE/L2	439	+	76	50512162	79949
chr22	30847666	31047666	harbor2	chr22	30909223	30909410	LINE/L2	456	+	94	30909317	61651
chr22	30847666	31047666	harbor2	chr22	30921192	30921330	LINE/L2	538	+	69	30921261	73595
chr22	26171128	26371128	harbor2	chr22	26197063	26197310	LINE/L2	443	+	124	26197187	26059
chr22	26171128	26371128	harbor2	chr22	26225845	26226333	LINE/L2	990	+	244	26226089	54961
chr22	42989431	43189431	harbor2	chr22	42997113	42997268	LINE/L2	498	+	78	42997191	7760
chr22	42989431	43189431	harbor2	chr22	43043295	43044153	LINE/L2	660	+	429	43043724	54293
chr22	42989431	43189431	harbor2	chr22	43044160	43044330	LINE/L2	411	+	85	43044245	54814
chr22	42989431	43189431	harbor2	chr22	43061662	43062128	LINE/L2	509	+	233	43061895	72464
chr22	42989431	43189431	harbor2	chr22	43077185	43077563	LINE/L2	465	+	189	43077374	87943
chr22	42989431	43189431	harbor2	chr22	43086685	43087192	LINE/L2	511	+	254	43086939	97508
chr22	24069770	24269770	harbor2	chr22	24077124	24077385	LINE/L2	757	+	130	24077254	7484
chr22	46293224	46493224	harbor2	chr22	46298671	46299782	LINE/L2	916	+	556	46299227	6003
chr22	46293224	46493224	harbor2	chr22	46300396	46300546	LINE/L2	916	+	75	46300471	7247
chr22	30998853	31198853	harbor2	chr22	31036547	31036705	LINE/L2	420	+	79	31036626	37773
chr22	30998853	31198853	harbor2	chr22	31036912	31037003	LINE/L2	420	+	46	31036958	38105
chr22	42989458	43189458	harbor2	chr22	42997113	42997268	LINE/L2	498	+	78	42997191	7733
chr22	42989458	43189458	harbor2	chr22	43043295	43044153	LINE/L2	660	+	429	43043724	54266
chr22	42989458	43189458	harbor2	chr22	43044160	43044330	LINE/L2	411	+	85	43044245	54787
chr22	42989458	43189458	harbor2	chr22	43061662	43062128	LINE/L2	509	+	233	43061895	72437
chr22	42989458	43189458	harbor2	chr22	43077185	43077563	LINE/L2	465	+	189	43077374	87916
chr22	42989458	43189458	harbor2	chr22	43086685	43087192	LINE/L2	511	+	254	43086939	97481
chr22	23668508	23868508	harbor2	chr22	23735807	23736133	LINE/L2	468	+	163	23735970	67462
chr22	49199648	49399648	harbor2	chr22	49228985	49229746	LINE/L2	1204	+	380	49229365	29717
chr22	23024071	23224071	harbor2	chr22	23090180	23090953	LINE/L2	557	+	386	23090566	66495
chr22	24071264	24271264	harbor2	chr22	24077124	24077385	LINE/L2	757	+	130	24077254	5990
chr22	46151173	46351173	harbor2	chr22	46164555	46164700	LINE/L2	540	+	72	46164627	13454
chr22	46151173	46351173	harbor2	chr22	46187292	46187769	LINE/L2	423	+	238	46187530	36357
chr22	46151173	46351173	harbor2	chr22	46196433	46196627	LINE/L2	591	+	97	46196530	45357
chr22	24070539	24270539	harbor2	chr22	24077124	24077385	LINE/L2	757	+	130	24077254	6715
chr22	43480672	43680672	harbor2	chr22	43538075	43538377	LINE/L2	883	+	151	43538226	57554
chr22	43480672	43680672	harbor2	chr22	43538686	43538799	LINE/L2	883	+	56	43538742	58070
chr22	36919222	37119222	harbor2	chr22	36924129	36925945	LINE/L2	1236	+	908	36925037	5815
chr22	36919222	37119222	harbor2	chr22	36988083	36988481	LINE/L2	588	+	199	36988282	69060
chr22	36919222	37119222	harbor2	chr22	36997313	36997823	LINE/L2	958	+	255	36997568	78346
chr22	36919222	37119222	harbor2	chr22	37009453	37009988	LINE/L2	1008	+	268	37009721	90499
chr22	36919213	37119213	harbor2	chr22	36924129	36925945	LINE/L2	1236	+	908	36925037	5824
chr22	36919213	37119213	harbor2	chr22	36988083	36988481	LINE/L2	588	+	199	36988282	69069
chr22	36919213	37119213	harbor2	chr22	36997313	36997823	LINE/L2	958	+	255	36997568	78355
chr22	36919213	37119213	harbor2	chr22	37009453	37009988	LINE/L2	1008	+	268	37009721	90508
chr22	24069881	24269881	harbor2	chr22	24077124	24077385	LINE/L2	757	+	130	24077254	7373
chr22	42989450	43189450	harbor2	chr22	42997113	42997268	LINE/L2	498	+	78	42997191	7741
chr22	42989450	43189450	harbor2	chr22	43043295	43044153	LINE/L2	660	+	429	43043724	54274
chr22	42989450	43189450	harbor2	chr22	43044160	43044330	LINE/L2	411	+	85	43044245	54795
chr22	42989450	43189450	harbor2	chr22	43061662	43062128	LINE/L2	509	+	233	43061895	72445
chr22	42989450	43189450	harbor2	chr22	43077185	43077563	LINE/L2	465	+	189	43077374	87924
chr22	42989450	43189450	harbor2	chr22	43086685	43087192	LINE/L2	511	+	254	43086939	97489
chr22	24018494	24218494	harbor2	chr22	24058661	24059019	LINE/L2	494	+	179	24058840	40346
chr22	24018494	24218494	harbor2	chr22	24077124	24077385	LINE/L2	757	+	130	24077254	58760
chr22	50432066	50632066	harbor2	chr22	50508925	50509770	LINE/L2	1175	+	422	50509347	77281
chr22	50432066	50632066	harbor2	chr22	50510729	50510850	LINE/L2	439	+	60	50510789	78723
chr22	50432066	50632066	harbor2	chr22	50512086	50512238	LINE/L2	439	+	76	50512162	80096
chrX	18254718	18454718	harbor2	chrX	18330767	18330975	LINE/L2	614	+	104	18330871	76153
chrX	130073359	130273359	harbor2	chrX	130142921	130143556	LINE/L2	1157	+	318	130143239	69880
chrX	130073359	130273359	harbor2	chrX	130144175	130144787	LINE/L2	747	+	306	130144481	71122
chrX	48409015	48609015	harbor2	chrX	48457963	48458077	LINE/L2	574	+	57	48458020	49005
chrX	72046644	72246644	harbor2	chrX	72061472	72062111	LINE/L2	725	+	320	72061792	15148
chrX	72046644	72246644	harbor2	chrX	72083941	72084164	LINE/L2	564	+	112	72084053	37409
chrX	72046644	72246644	harbor2	chrX	72108845	72109219	LINE/L2	564	+	187	72109032	62388
chrX	129834975	130034975	harbor2	chrX	129861383	129861822	LINE/L2	1231	+	220	129861603	26628
chrX	129834975	130034975	harbor2	chrX	129899323	129899368	LINE/L2	1194	+	22	129899345	64370
chrX	129834975	130034975	harbor2	chrX	129899669	129900204	LINE/L2	1194	+	268	129899937	64962
chrX	49762718	49962718	harbor2	chrX	49783310	49783579	LINE/L2	1349	+	134	49783444	20726
chrX	49762718	49962718	harbor2	chrX	49784099	49784220	LINE/L2	1349	+	60	49784159	21441
chrX	40053637	40253637	harbor2	chrX	40112838	40113178	LINE/L2	626	+	170	40113008	59371
chrX	109965478	110165478	harbor2	chrX	109982360	109982640	LINE/L2	586	+	140	109982500	17022
chrX	37580064	37780064	harbor2	chrX	37605512	37605944	LINE/L2	1385	+	216	37605728	25664
chrX	37580064	37780064	harbor2	chrX	37606492	37606605	LINE/L2	1385	+	56	37606548	26484
chrX	37580064	37780064	harbor2	chrX	37613079	37613365	LINE/L2	859	+	143	37613222	33158
chrX	37580064	37780064	harbor2	chrX	37671410	37671771	LINE/L2	933	+	180	37671590	91526
chrX	72053113	72253113	harbor2	chrX	72061472	72062111	LINE/L2	725	+	320	72061792	8679
chrX	72053113	72253113	harbor2	chrX	72083941	72084164	LINE/L2	564	+	112	72084053	30940
chrX	72053113	72253113	harbor2	chrX	72108845	72109219	LINE/L2	564	+	187	72109032	55919
chrX	49066465	49266465	harbor2	chrX	49110446	49110926	LINE/L2	1193	+	240	49110686	44221
chrX	49066465	49266465	harbor2	chrX	49121829	49122200	LINE/L2	1332	+	186	49122015	55550
chrX	20396267	20596267	harbor2	chrX	20398885	20399440	LINE/L2	755	+	278	20399163	2896
chrX	20396267	20596267	harbor2	chrX	20448305	20448726	LINE/L2	1282	+	210	20448515	52248
chrX	20396267	20596267	harbor2	chrX	20449074	20449321	LINE/L2	831	+	124	20449198	52931
chrX	20396267	20596267	harbor2	chrX	20450948	20451293	LINE/L2	1464	+	172	20451120	54853
chrX	20396267	20596267	harbor2	chrX	20451589	20451975	LINE/L2	1464	+	193	20451782	55515
