H_chr	H_start	H_end	Harbor	TE_chr	TE_start	TE_end	TE	score	TE_strand	TE_half	TE_middle_pos	TE_dis
chr1	16545136	16745136	harbor1	chr1	16608757	16608897	LINE/L2	474	-	70	16608827	63691
chr1	16543138	16743138	harbor1	chr1	16608757	16608897	LINE/L2	474	-	70	16608827	65689
chr1	63219176	63419176	harbor1	chr1	63299813	63299933	LINE/L2	596	-	60	63299873	80697
chr1	150461410	150661410	harbor1	chr1	150532641	150533176	LINE/L2	714	-	268	150532909	71499
chr1	21742123	21942123	harbor1	chr1	21811591	21811978	LINE/L2	678	-	194	21811785	69662
chr1	51230788	51430788	harbor1	chr1	51235304	51235811	LINE/L2	653	-	254	51235558	4770
chr1	51230788	51430788	harbor1	chr1	51290156	51290475	LINE/L2	647	-	160	51290316	59528
chr1	51230788	51430788	harbor1	chr1	51306772	51307282	LINE/L2	700	-	255	51307027	76239
chr1	16542741	16742741	harbor1	chr1	16608757	16608897	LINE/L2	474	-	70	16608827	66086
chr1	109183460	109383460	harbor1	chr1	109185618	109185875	LINE/L2	491	-	128	109185746	2286
chr1	109183460	109383460	harbor1	chr1	109185881	109186271	LINE/L2	1129	-	195	109186076	2616
chr1	109183460	109383460	harbor1	chr1	109244375	109244578	LINE/L2	441	-	102	109244477	61017
chr1	16544784	16744784	harbor1	chr1	16608757	16608897	LINE/L2	474	-	70	16608827	64043
chr1	15942113	16142113	harbor1	chr1	15956761	15956898	LINE/L2	520	-	68	15956829	14716
chr1	15942113	16142113	harbor1	chr1	15957207	15957950	LINE/L2	890	-	372	15957579	15466
chr1	15942113	16142113	harbor1	chr1	15968324	15968619	LINE/L2	484	-	148	15968472	26359
chr1	15942113	16142113	harbor1	chr1	15999012	15999505	LINE/L2	757	-	246	15999258	57145
chr1	15942113	16142113	harbor1	chr1	16006528	16006843	LINE/L2	510	-	158	16006686	64573
chr1	15942113	16142113	harbor1	chr1	16008013	16008302	LINE/L2	554	-	144	16008157	66044
chr1	15942113	16142113	harbor1	chr1	16008334	16008509	LINE/L2	500	-	88	16008422	66309
chr1	16596895	16796895	harbor1	chr1	16608757	16608897	LINE/L2	474	-	70	16608827	11932
chr1	960023	1160023	harbor1	chr1	968520	968877	LINE/L2	598	-	178	968698	8675
chr1	89721500	89921500	harbor1	chr1	89782833	89783011	LINE/L2	643	-	89	89782922	61422
chr1	89721500	89921500	harbor1	chr1	89783603	89783886	LINE/L2	895	-	142	89783745	62245
chr1	89721500	89921500	harbor1	chr1	89814233	89814507	LINE/L2	774	-	137	89814370	92870
chr1	89721500	89921500	harbor1	chr1	89814518	89815378	LINE/L2	2086	-	430	89814948	93448
chr1	89721500	89921500	harbor1	chr1	89784184	89784366	LINE/L2	895	-	91	89784275	62775
chr1	16544947	16744947	harbor1	chr1	16608757	16608897	LINE/L2	474	-	70	16608827	63880
chr1	16526616	16726616	harbor1	chr1	16608757	16608897	LINE/L2	474	-	70	16608827	82211
chr1	16544872	16744872	harbor1	chr1	16608757	16608897	LINE/L2	474	-	70	16608827	63955
chr1	16544810	16744810	harbor1	chr1	16608757	16608897	LINE/L2	474	-	70	16608827	64017
chr1	16544790	16744790	harbor1	chr1	16608757	16608897	LINE/L2	474	-	70	16608827	64037
chr1	227441496	227641496	harbor1	chr1	227454367	227454984	LINE/L2	615	-	308	227454675	13179
chr1	227441496	227641496	harbor1	chr1	227459277	227459303	LINE/L2	497	-	13	227459290	17794
chr1	227441496	227641496	harbor1	chr1	227459614	227459828	LINE/L2	497	-	107	227459721	18225
chr1	227441496	227641496	harbor1	chr1	227460123	227460443	LINE/L2	1228	-	160	227460283	18787
chr1	227441496	227641496	harbor1	chr1	227460744	227460765	LINE/L2	1228	-	10	227460754	19258
chr1	227441496	227641496	harbor1	chr1	227461053	227461521	LINE/L2	1228	-	234	227461287	19791
chr1	227441496	227641496	harbor1	chr1	227472960	227473580	LINE/L2	629	-	310	227473270	31774
chr1	16526581	16726581	harbor1	chr1	16608757	16608897	LINE/L2	474	-	70	16608827	82246
chr1	145348336	145548336	harbor1	chr1	145420734	145420874	LINE/L2	458	-	70	145420804	72468
chr1	77131620	77331620	harbor1	chr1	77217096	77217704	LINE/L2	493	-	304	77217400	85780
chr1	77131620	77331620	harbor1	chr1	77223892	77224161	LINE/L2	530	-	134	77224026	92406
chr1	77131620	77331620	harbor1	chr1	77227276	77228089	LINE/L2	764	-	406	77227682	96062
chr1	11666518	11866518	harbor1	chr1	11703097	11703621	LINE/L2	635	-	262	11703359	36841
chr1	11666518	11866518	harbor1	chr1	11716815	11717002	LINE/L2	572	-	94	11716909	50391
chr1	11666518	11866518	harbor1	chr1	11717298	11717310	LINE/L2	572	-	6	11717304	50786
chr1	11666518	11866518	harbor1	chr1	11746810	11747312	LINE/L2	444	-	251	11747061	80543
chr1	11666518	11866518	harbor1	chr1	11752701	11752975	LINE/L2	585	-	137	11752838	86320
chr1	11666518	11866518	harbor1	chr1	11753564	11753865	LINE/L2	585	-	150	11753714	87196
chr1	11666518	11866518	harbor1	chr1	11762734	11763122	LINE/L2	552	-	194	11762928	96410
chr1	11666518	11866518	harbor1	chr1	11763636	11764108	LINE/L2	838	-	236	11763872	97354
chr1	7671335	7871335	harbor1	chr1	7674840	7675502	LINE/L2	612	-	331	7675171	3836
chr1	7671335	7871335	harbor1	chr1	7686118	7687349	LINE/L2	1266	-	616	7686734	15399
chr1	7671335	7871335	harbor1	chr1	7690931	7691530	LINE/L2	532	-	300	7691231	19896
chr1	6685469	6885469	harbor1	chr1	6688874	6689065	LINE/L2	431	-	96	6688970	3501
chr1	6685469	6885469	harbor1	chr1	6707661	6708464	LINE/L2	1192	-	402	6708063	22594
chr1	8715651	8915651	harbor1	chr1	8719974	8720018	LINE/L2	464	-	22	8719996	4345
chr1	8715651	8915651	harbor1	chr1	8720284	8720461	LINE/L2	464	-	88	8720372	4721
chr1	8715651	8915651	harbor1	chr1	8749271	8749869	LINE/L2	511	-	299	8749570	33919
chr1	8715651	8915651	harbor1	chr1	8750173	8750226	LINE/L2	448	-	26	8750199	34548
chr1	16544755	16744755	harbor1	chr1	16608757	16608897	LINE/L2	474	-	70	16608827	64072
chr1	16544809	16744809	harbor1	chr1	16608757	16608897	LINE/L2	474	-	70	16608827	64018
chr1	53846279	54046279	harbor1	chr1	53887380	53887648	LINE/L2	1149	-	134	53887514	41235
chr1	53846279	54046279	harbor1	chr1	53915145	53915326	LINE/L2	597	-	90	53915235	68956
chr1	53846279	54046279	harbor1	chr1	53915575	53915782	LINE/L2	529	-	104	53915679	69400
chr1	53846279	54046279	harbor1	chr1	53886797	53887072	LINE/L2	1149	-	138	53886935	40656
chr1	26400749	26600749	harbor1	chr1	26462757	26463276	LINE/L2	626	-	260	26463017	62268
chr1	26400749	26600749	harbor1	chr1	26489127	26489223	LINE/L2	482	-	48	26489175	88426
chr1	26400749	26600749	harbor1	chr1	26492164	26492345	LINE/L2	606	-	90	26492254	91505
chr1	26400749	26600749	harbor1	chr1	26492645	26492820	LINE/L2	537	-	88	26492733	91984
chr1	16538570	16738570	harbor1	chr1	16608757	16608897	LINE/L2	474	-	70	16608827	70257
chr1	16543109	16743109	harbor1	chr1	16608757	16608897	LINE/L2	474	-	70	16608827	65718
chr1	244605525	244805525	harbor1	chr1	244662596	244662845	LINE/L2	436	-	124	244662720	57195
chr1	16596777	16796777	harbor1	chr1	16608757	16608897	LINE/L2	474	-	70	16608827	12050
chr1	5561024	5761024	harbor1	chr1	5619966	5620203	LINE/L2	720	-	118	5620084	59060
chr1	5561024	5761024	harbor1	chr1	5639599	5639667	LINE/L2	463	-	34	5639633	78609
chr1	5561024	5761024	harbor1	chr1	5639958	5639980	LINE/L2	463	-	11	5639969	78945
chr1	154963125	155163125	harbor1	chr1	154995931	154996118	LINE/L2	558	-	94	154996025	32900
chr1	154963125	155163125	harbor1	chr1	154996112	154996409	LINE/L2	855	-	148	154996260	33135
chr1	154963125	155163125	harbor1	chr1	155038093	155038557	LINE/L2	1248	-	232	155038325	75200
chr1	227441495	227641495	harbor1	chr1	227454367	227454984	LINE/L2	615	-	308	227454675	13180
chr1	227441495	227641495	harbor1	chr1	227459277	227459303	LINE/L2	497	-	13	227459290	17795
chr1	227441495	227641495	harbor1	chr1	227459614	227459828	LINE/L2	497	-	107	227459721	18226
chr1	227441495	227641495	harbor1	chr1	227460123	227460443	LINE/L2	1228	-	160	227460283	18788
chr1	227441495	227641495	harbor1	chr1	227460744	227460765	LINE/L2	1228	-	10	227460754	19259
chr1	227441495	227641495	harbor1	chr1	227461053	227461521	LINE/L2	1228	-	234	227461287	19792
chr1	227441495	227641495	harbor1	chr1	227472960	227473580	LINE/L2	629	-	310	227473270	31775
chr1	11520750	11720750	harbor1	chr1	11551349	11551744	LINE/L2	1014	-	198	11551547	30797
chr1	11520750	11720750	harbor1	chr1	11552044	11552192	LINE/L2	1014	-	74	11552118	31368
chr1	11520750	11720750	harbor1	chr1	11590404	11590513	LINE/L2	460	-	54	11590458	69708
chr1	11520750	11720750	harbor1	chr1	11602093	11602348	LINE/L2	453	-	128	11602221	81471
chr1	156559413	156759413	harbor1	chr1	156575431	156575943	LINE/L2	453	-	256	156575687	16274
chr1	156559413	156759413	harbor1	chr1	156596834	156597499	LINE/L2	492	-	332	156597166	37753
chr1	156559413	156759413	harbor1	chr1	156603727	156603962	LINE/L2	490	-	118	156603845	44432
chr1	6620127	6820127	harbor1	chr1	6641899	6642557	LINE/L2	1174	-	329	6642228	22101
chr1	6620127	6820127	harbor1	chr1	6642691	6643277	LINE/L2	1174	-	293	6642984	22857
chr1	6620127	6820127	harbor1	chr1	6643575	6643601	LINE/L2	1174	-	13	6643588	23461
chr1	6620127	6820127	harbor1	chr1	6688874	6689065	LINE/L2	431	-	96	6688970	68843
chr1	6620127	6820127	harbor1	chr1	6707661	6708464	LINE/L2	1192	-	402	6708063	87936
chr1	241509049	241709049	harbor1	chr1	241533622	241534412	LINE/L2	880	-	395	241534017	24968
chr1	241509049	241709049	harbor1	chr1	241546423	241546865	LINE/L2	615	-	221	241546644	37595
chr1	241509049	241709049	harbor1	chr1	241600778	241601422	LINE/L2	531	-	322	241601100	92051
chr1	241509049	241709049	harbor1	chr1	241606020	241606261	LINE/L2	512	-	120	241606140	97091
chr1	53370442	53570442	harbor1	chr1	53375221	53375980	LINE/L2	706	-	380	53375601	5159
chr1	53370442	53570442	harbor1	chr1	53406749	53407146	LINE/L2	522	-	198	53406947	36505
chr1	53370442	53570442	harbor1	chr1	53440355	53440503	LINE/L2	501	-	74	53440429	69987
chr1	53370442	53570442	harbor1	chr1	53440718	53440903	LINE/L2	501	-	92	53440810	70368
chr1	16544792	16744792	harbor1	chr1	16608757	16608897	LINE/L2	474	-	70	16608827	64035
chr1	225780616	225980616	harbor1	chr1	225811865	225812118	LINE/L2	627	-	126	225811991	31375
chr1	225780616	225980616	harbor1	chr1	225818247	225818555	LINE/L2	567	-	154	225818401	37785
chr1	225780616	225980616	harbor1	chr1	225818702	225818819	LINE/L2	558	-	58	225818760	38144
chr1	225780616	225980616	harbor1	chr1	225819414	225819734	LINE/L2	558	-	160	225819574	38958
chr1	225780616	225980616	harbor1	chr1	225834838	225835148	LINE/L2	684	-	155	225834993	54377
chr1	225780616	225980616	harbor1	chr1	225853901	225854325	LINE/L2	803	-	212	225854113	73497
chr1	225780616	225980616	harbor1	chr1	225854346	225855031	LINE/L2	1382	-	342	225854688	74072
chr1	16544920	16744920	harbor1	chr1	16608757	16608897	LINE/L2	474	-	70	16608827	63907
chr1	53846229	54046229	harbor1	chr1	53887380	53887648	LINE/L2	1149	-	134	53887514	41285
chr1	53846229	54046229	harbor1	chr1	53915145	53915326	LINE/L2	597	-	90	53915235	69006
chr1	53846229	54046229	harbor1	chr1	53915575	53915782	LINE/L2	529	-	104	53915679	69450
chr1	53846229	54046229	harbor1	chr1	53886797	53887072	LINE/L2	1149	-	138	53886935	40706
chr1	211033805	211233805	harbor1	chr1	211050888	211050987	LINE/L2	676	-	50	211050938	17133
chr1	211033805	211233805	harbor1	chr1	211051297	211051777	LINE/L2	676	-	240	211051537	17732
chr1	211033805	211233805	harbor1	chr1	211084831	211085322	LINE/L2	978	-	246	211085077	51272
chr1	211033805	211233805	harbor1	chr1	211103756	211104312	LINE/L2	545	-	278	211104034	70229
chr1	201844506	202044506	harbor1	chr1	201920920	201921207	LINE/L2	489	-	144	201921064	76558
chr1	201844506	202044506	harbor1	chr1	201921515	201921642	LINE/L2	489	-	64	201921579	77073
chr1	201844506	202044506	harbor1	chr1	201929718	201931252	LINE/L2	825	-	767	201930485	85979
chr1	201844506	202044506	harbor1	chr1	201931565	201931755	LINE/L2	784	-	95	201931660	87154
chr1	201844506	202044506	harbor1	chr1	201931914	201932145	LINE/L2	784	-	116	201932030	87524
chr1	201844506	202044506	harbor1	chr1	201935073	201935229	LINE/L2	505	-	78	201935151	90645
chr1	201844506	202044506	harbor1	chr1	201942183	201942461	LINE/L2	492	-	139	201942322	97816
chr1	154845979	155045979	harbor1	chr1	154888429	154889132	LINE/L2	762	-	352	154888781	42802
chr1	154845979	155045979	harbor1	chr1	154926702	154926864	LINE/L2	648	-	81	154926783	80804
chr1	154845979	155045979	harbor1	chr1	154928108	154928489	LINE/L2	1201	-	190	154928298	82319
chr1	154845979	155045979	harbor1	chr1	154928821	154928966	LINE/L2	1201	-	72	154928893	82914
chr1	46122770	46322770	harbor1	chr1	46137198	46137459	LINE/L2	507	-	130	46137328	14558
chr1	155463419	155663419	harbor1	chr1	155493890	155495226	LINE/L2	1065	-	668	155494558	31139
chr1	155463419	155663419	harbor1	chr1	155536139	155536420	LINE/L2	679	-	140	155536279	72860
chr1	54316227	54516227	harbor1	chr1	54341498	54341975	LINE/L2	519	-	238	54341736	25509
chr1	54316227	54516227	harbor1	chr1	54409770	54409885	LINE/L2	436	-	58	54409828	93601
chr1	54316227	54516227	harbor1	chr1	54415452	54415684	LINE/L2	466	-	116	54415568	99341
chr1	10540158	10740158	harbor1	chr1	10583526	10584059	LINE/L2	702	-	266	10583792	43634
chr1	19766908	19966908	harbor1	chr1	19769940	19770316	LINE/L2	540	-	188	19770128	3220
chr1	19766908	19966908	harbor1	chr1	19785925	19785976	LINE/L2	457	-	26	19785951	19043
chr1	19766908	19966908	harbor1	chr1	19786290	19786642	LINE/L2	457	-	176	19786466	19558
chr1	19766908	19966908	harbor1	chr1	19804105	19804287	LINE/L2	541	-	91	19804196	37288
chr1	19766908	19966908	harbor1	chr1	19826928	19827132	LINE/L2	660	-	102	19827030	60122
chr1	16538366	16738366	harbor1	chr1	16608757	16608897	LINE/L2	474	-	70	16608827	70461
chr1	6685490	6885490	harbor1	chr1	6688874	6689065	LINE/L2	431	-	96	6688970	3480
chr1	6685490	6885490	harbor1	chr1	6707661	6708464	LINE/L2	1192	-	402	6708063	22573
chr1	65154911	65354911	harbor1	chr1	65211667	65212181	LINE/L2	940	-	257	65211924	57013
chr1	16544780	16744780	harbor1	chr1	16608757	16608897	LINE/L2	474	-	70	16608827	64047
chr1	167559746	167759746	harbor1	chr1	167636902	167637322	LINE/L2	947	-	210	167637112	77366
chr1	167559746	167759746	harbor1	chr1	167648880	167649253	LINE/L2	563	-	186	167649066	89320
chr1	167559746	167759746	harbor1	chr1	167653553	167653912	LINE/L2	644	-	180	167653733	93987
chr1	7122266	7322266	harbor1	chr1	7125316	7125744	LINE/L2	548	-	214	7125530	3264
chr1	7122266	7322266	harbor1	chr1	7127594	7127782	LINE/L2	549	-	94	7127688	5422
chr1	7122266	7322266	harbor1	chr1	7128362	7128606	LINE/L2	549	-	122	7128484	6218
chr1	7122266	7322266	harbor1	chr1	7155891	7155973	LINE/L2	624	-	41	7155932	33666
chr1	7122266	7322266	harbor1	chr1	7156298	7156503	LINE/L2	624	-	102	7156400	34134
chr1	7122266	7322266	harbor1	chr1	7161374	7161404	LINE/L2	623	-	15	7161389	39123
chr1	7122266	7322266	harbor1	chr1	7161767	7162291	LINE/L2	652	-	262	7162029	39763
chr1	7122266	7322266	harbor1	chr1	7163063	7163693	LINE/L2	869	-	315	7163378	41112
chr1	16544851	16744851	harbor1	chr1	16608757	16608897	LINE/L2	474	-	70	16608827	63976
chr1	16544789	16744789	harbor1	chr1	16608757	16608897	LINE/L2	474	-	70	16608827	64038
chr1	16544721	16744721	harbor1	chr1	16608757	16608897	LINE/L2	474	-	70	16608827	64106
chr1	16544890	16744890	harbor1	chr1	16608757	16608897	LINE/L2	474	-	70	16608827	63937
chr1	15628957	15828957	harbor1	chr1	15690748	15691056	LINE/L2	508	-	154	15690902	61945
chr1	15628957	15828957	harbor1	chr1	15696651	15696783	LINE/L2	499	-	66	15696717	67760
chr1	226010111	226210111	harbor1	chr1	226058560	226059064	LINE/L2	452	-	252	226058812	48701
chr1	226010111	226210111	harbor1	chr1	226076862	226076999	LINE/L2	1278	-	68	226076930	66819
chr1	226010111	226210111	harbor1	chr1	226078284	226079226	LINE/L2	3487	-	471	226078755	68644
chr1	226010111	226210111	harbor1	chr1	226079536	226079858	LINE/L2	3487	-	161	226079697	69586
chr1	16545018	16745018	harbor1	chr1	16608757	16608897	LINE/L2	474	-	70	16608827	63809
chr1	205210078	205410078	harbor1	chr1	205246095	205246499	LINE/L2	1216	-	202	205246297	36219
chr1	205210078	205410078	harbor1	chr1	205278386	205278509	LINE/L2	471	-	62	205278448	68370
chr1	16544940	16744940	harbor1	chr1	16608757	16608897	LINE/L2	474	-	70	16608827	63887
chr1	16520804	16720804	harbor1	chr1	16608757	16608897	LINE/L2	474	-	70	16608827	88023
chr1	33270108	33470108	harbor1	chr1	33270478	33270620	LINE/L2	517	-	71	33270549	441
chr1	33270108	33470108	harbor1	chr1	33277402	33277847	LINE/L2	615	-	222	33277624	7516
chr1	33270108	33470108	harbor1	chr1	33282362	33282491	LINE/L2	645	-	64	33282426	12318
chr1	33270108	33470108	harbor1	chr1	33289698	33290084	LINE/L2	589	-	193	33289891	19783
chr1	33270108	33470108	harbor1	chr1	33315799	33316427	LINE/L2	527	-	314	33316113	46005
chr1	33270108	33470108	harbor1	chr1	33359517	33359909	LINE/L2	662	-	196	33359713	89605
chr1	211032764	211232764	harbor1	chr1	211050888	211050987	LINE/L2	676	-	50	211050938	18174
chr1	211032764	211232764	harbor1	chr1	211051297	211051777	LINE/L2	676	-	240	211051537	18773
chr1	211032764	211232764	harbor1	chr1	211084831	211085322	LINE/L2	978	-	246	211085077	52313
chr1	211032764	211232764	harbor1	chr1	211103756	211104312	LINE/L2	545	-	278	211104034	71270
chr1	227441477	227641477	harbor1	chr1	227454367	227454984	LINE/L2	615	-	308	227454675	13198
chr1	227441477	227641477	harbor1	chr1	227459277	227459303	LINE/L2	497	-	13	227459290	17813
chr1	227441477	227641477	harbor1	chr1	227459614	227459828	LINE/L2	497	-	107	227459721	18244
chr1	227441477	227641477	harbor1	chr1	227460123	227460443	LINE/L2	1228	-	160	227460283	18806
chr1	227441477	227641477	harbor1	chr1	227460744	227460765	LINE/L2	1228	-	10	227460754	19277
chr1	227441477	227641477	harbor1	chr1	227461053	227461521	LINE/L2	1228	-	234	227461287	19810
chr1	227441477	227641477	harbor1	chr1	227472960	227473580	LINE/L2	629	-	310	227473270	31793
chr1	16544926	16744926	harbor1	chr1	16608757	16608897	LINE/L2	474	-	70	16608827	63901
chr1	154971671	155171671	harbor1	chr1	154995931	154996118	LINE/L2	558	-	94	154996025	24354
chr1	154971671	155171671	harbor1	chr1	154996112	154996409	LINE/L2	855	-	148	154996260	24589
chr1	154971671	155171671	harbor1	chr1	155038093	155038557	LINE/L2	1248	-	232	155038325	66654
chr1	154971671	155171671	harbor1	chr1	155065081	155065204	LINE/L2	536	-	62	155065143	93472
chr1	16117451	16317451	harbor1	chr1	16190046	16190214	LINE/L2	470	-	84	16190130	72679
chr1	16117451	16317451	harbor1	chr1	16210614	16210797	LINE/L2	443	-	92	16210706	93255
chr1	10693451	10893451	harbor1	chr1	10737961	10738296	LINE/L2	485	-	168	10738129	44678
chr1	153558888	153758888	harbor1	chr1	153578200	153578782	LINE/L2	721	-	291	153578491	19603
chr1	153558888	153758888	harbor1	chr1	153593966	153594209	LINE/L2	537	-	122	153594088	35200
chr1	153558888	153758888	harbor1	chr1	153623250	153623375	LINE/L2	2426	-	62	153623312	64424
chr1	153558888	153758888	harbor1	chr1	153623624	153624656	LINE/L2	2426	-	516	153624140	65252
chr1	153558888	153758888	harbor1	chr1	153625240	153625297	LINE/L2	2426	-	28	153625268	66380
chr1	16545003	16745003	harbor1	chr1	16608757	16608897	LINE/L2	474	-	70	16608827	63824
chr1	16542821	16742821	harbor1	chr1	16608757	16608897	LINE/L2	474	-	70	16608827	66006
chr1	202827305	203027305	harbor1	chr1	202827459	202827878	LINE/L2	620	-	210	202827669	364
chr1	202827305	203027305	harbor1	chr1	202913436	202913802	LINE/L2	580	-	183	202913619	86314
chr1	202827305	203027305	harbor1	chr1	202913997	202914337	LINE/L2	580	-	170	202914167	86862
chr1	53370469	53570469	harbor1	chr1	53375221	53375980	LINE/L2	706	-	380	53375601	5132
chr1	53370469	53570469	harbor1	chr1	53406749	53407146	LINE/L2	522	-	198	53406947	36478
chr1	53370469	53570469	harbor1	chr1	53440355	53440503	LINE/L2	501	-	74	53440429	69960
chr1	53370469	53570469	harbor1	chr1	53440718	53440903	LINE/L2	501	-	92	53440810	70341
chr1	204585523	204785523	harbor1	chr1	204592902	204593026	LINE/L2	507	-	62	204592964	7441
chr1	204585523	204785523	harbor1	chr1	204650699	204650878	LINE/L2	472	-	90	204650789	65266
chr1	204585523	204785523	harbor1	chr1	204667511	204667907	LINE/L2	575	-	198	204667709	82186
chr1	204585523	204785523	harbor1	chr1	204669366	204669942	LINE/L2	665	-	288	204669654	84131
chr1	204585523	204785523	harbor1	chr1	204670076	204671395	LINE/L2	1811	-	660	204670736	85213
chr1	204585523	204785523	harbor1	chr1	204671439	204671647	LINE/L2	1811	-	104	204671543	86020
chr1	204585523	204785523	harbor1	chr1	204602870	204603524	LINE/L2	1089	-	327	204603197	17674
chr1	7134292	7334292	harbor1	chr1	7155891	7155973	LINE/L2	624	-	41	7155932	21640
chr1	7134292	7334292	harbor1	chr1	7156298	7156503	LINE/L2	624	-	102	7156400	22108
chr1	7134292	7334292	harbor1	chr1	7161374	7161404	LINE/L2	623	-	15	7161389	27097
chr1	7134292	7334292	harbor1	chr1	7161767	7162291	LINE/L2	652	-	262	7162029	27737
chr1	7134292	7334292	harbor1	chr1	7163063	7163693	LINE/L2	869	-	315	7163378	29086
chr1	205330822	205530822	harbor1	chr1	205428402	205428657	LINE/L2	584	-	128	205428530	97708
chr1	154961974	155161974	harbor1	chr1	154995931	154996118	LINE/L2	558	-	94	154996025	34051
chr1	154961974	155161974	harbor1	chr1	154996112	154996409	LINE/L2	855	-	148	154996260	34286
chr1	154961974	155161974	harbor1	chr1	155038093	155038557	LINE/L2	1248	-	232	155038325	76351
chr1	53370441	53570441	harbor1	chr1	53375221	53375980	LINE/L2	706	-	380	53375601	5160
chr1	53370441	53570441	harbor1	chr1	53406749	53407146	LINE/L2	522	-	198	53406947	36506
chr1	53370441	53570441	harbor1	chr1	53440355	53440503	LINE/L2	501	-	74	53440429	69988
chr1	53370441	53570441	harbor1	chr1	53440718	53440903	LINE/L2	501	-	92	53440810	70369
chr1	16544898	16744898	harbor1	chr1	16608757	16608897	LINE/L2	474	-	70	16608827	63929
chr1	117480253	117680253	harbor1	chr1	117536249	117536382	LINE/L2	2162	-	66	117536315	56062
chr1	117480253	117680253	harbor1	chr1	117536665	117537341	LINE/L2	2162	-	338	117537003	56750
chr1	117480253	117680253	harbor1	chr1	117537533	117537997	LINE/L2	1093	-	232	117537765	57512
chr1	117480253	117680253	harbor1	chr1	117542649	117543317	LINE/L2	823	-	334	117542983	62730
chr1	117480253	117680253	harbor1	chr1	117543325	117543484	LINE/L2	502	-	80	117543405	63152
chr1	148850447	149050447	harbor1	chr1	148877378	148878142	LINE/L2	675	-	382	148877760	27313
chr1	148850447	149050447	harbor1	chr1	148878552	148878903	LINE/L2	551	-	176	148878728	28281
chr1	148850447	149050447	harbor1	chr1	148885019	148886195	LINE/L2	1656	-	588	148885607	35160
chr1	148850447	149050447	harbor1	chr1	148913270	148914099	LINE/L2	2368	-	414	148913684	63237
chr1	148850447	149050447	harbor1	chr1	148914758	148915113	LINE/L2	1032	-	178	148914936	64489
chr1	148850447	149050447	harbor1	chr1	148932518	148932725	LINE/L2	503	-	104	148932622	82175
chr1	148850447	149050447	harbor1	chr1	148933131	148933438	LINE/L2	503	-	154	148933285	82838
chr1	148850447	149050447	harbor1	chr1	148945393	148945617	LINE/L2	584	-	112	148945505	95058
chr1	6601080	6801080	harbor1	chr1	6641899	6642557	LINE/L2	1174	-	329	6642228	41148
chr1	6601080	6801080	harbor1	chr1	6642691	6643277	LINE/L2	1174	-	293	6642984	41904
chr1	6601080	6801080	harbor1	chr1	6643575	6643601	LINE/L2	1174	-	13	6643588	42508
chr1	6601080	6801080	harbor1	chr1	6688874	6689065	LINE/L2	431	-	96	6688970	87890
chr1	16545023	16745023	harbor1	chr1	16608757	16608897	LINE/L2	474	-	70	16608827	63804
chr1	15330459	15530459	harbor1	chr1	15330694	15331232	LINE/L2	435	-	269	15330963	504
chr1	15330459	15530459	harbor1	chr1	15360175	15360392	LINE/L2	552	-	108	15360283	29824
chr1	15330459	15530459	harbor1	chr1	15371926	15372258	LINE/L2	562	-	166	15372092	41633
chr1	16267485	16467485	harbor1	chr1	16270803	16271220	LINE/L2	894	-	208	16271011	3526
chr1	53370472	53570472	harbor1	chr1	53375221	53375980	LINE/L2	706	-	380	53375601	5129
chr1	53370472	53570472	harbor1	chr1	53406749	53407146	LINE/L2	522	-	198	53406947	36475
chr1	53370472	53570472	harbor1	chr1	53440355	53440503	LINE/L2	501	-	74	53440429	69957
chr1	53370472	53570472	harbor1	chr1	53440718	53440903	LINE/L2	501	-	92	53440810	70338
chr1	16600695	16800695	harbor1	chr1	16608757	16608897	LINE/L2	474	-	70	16608827	8132
chr1	53189636	53389636	harbor1	chr1	53194415	53194815	LINE/L2	539	-	200	53194615	4979
chr1	53189636	53389636	harbor1	chr1	53195019	53195074	LINE/L2	539	-	28	53195047	5411
chr1	53189636	53389636	harbor1	chr1	53232282	53232822	LINE/L2	662	-	270	53232552	42916
chr1	53189636	53389636	harbor1	chr1	53233122	53233195	LINE/L2	472	-	36	53233158	43522
chr1	53189636	53389636	harbor1	chr1	53240960	53241495	LINE/L2	506	-	268	53241228	51592
chr1	53189636	53389636	harbor1	chr1	53241955	53242183	LINE/L2	583	-	114	53242069	52433
chr1	53189636	53389636	harbor1	chr1	53249858	53250089	LINE/L2	525	-	116	53249974	60338
chr1	16544545	16744545	harbor1	chr1	16608757	16608897	LINE/L2	474	-	70	16608827	64282
chr1	36753751	36953751	harbor1	chr1	36763889	36764430	LINE/L2	1039	-	270	36764159	10408
chr1	36753751	36953751	harbor1	chr1	36802919	36803386	LINE/L2	1035	-	234	36803153	49402
chr1	36753751	36953751	harbor1	chr1	36804628	36804874	LINE/L2	622	-	123	36804751	51000
chr1	36753751	36953751	harbor1	chr1	36765384	36765710	LINE/L2	544	-	163	36765547	11796
chr1	94137807	94337807	harbor1	chr1	94190732	94191298	LINE/L2	474	-	283	94191015	53208
chr1	16543056	16743056	harbor1	chr1	16608757	16608897	LINE/L2	474	-	70	16608827	65771
chr1	211033758	211233758	harbor1	chr1	211050888	211050987	LINE/L2	676	-	50	211050938	17180
chr1	211033758	211233758	harbor1	chr1	211051297	211051777	LINE/L2	676	-	240	211051537	17779
chr1	211033758	211233758	harbor1	chr1	211084831	211085322	LINE/L2	978	-	246	211085077	51319
chr1	211033758	211233758	harbor1	chr1	211103756	211104312	LINE/L2	545	-	278	211104034	70276
chr1	185216973	185416973	harbor1	chr1	185228667	185229305	LINE/L2	1467	-	319	185228986	12013
chr1	185216973	185416973	harbor1	chr1	185260383	185260663	LINE/L2	462	-	140	185260523	43550
chr1	7267274	7467274	harbor1	chr1	7296416	7297028	LINE/L2	1287	-	306	7296722	29448
chr1	7267274	7467274	harbor1	chr1	7303573	7303898	LINE/L2	625	-	162	7303735	36461
chr1	7267274	7467274	harbor1	chr1	7325085	7325493	LINE/L2	738	-	204	7325289	58015
chr1	7267274	7467274	harbor1	chr1	7325467	7325828	LINE/L2	713	-	180	7325647	58373
chr1	7267274	7467274	harbor1	chr1	7326826	7327134	LINE/L2	966	-	154	7326980	59706
chr1	7267274	7467274	harbor1	chr1	7327433	7327704	LINE/L2	966	-	136	7327569	60295
chr1	7267274	7467274	harbor1	chr1	7338502	7338717	LINE/L2	481	-	108	7338610	71336
chr1	157038008	157238008	harbor1	chr1	157082327	157082990	LINE/L2	1047	-	332	157082659	44651
chr1	157038008	157238008	harbor1	chr1	157119101	157119399	LINE/L2	578	-	149	157119250	81242
chr1	16517974	16717974	harbor1	chr1	16608757	16608897	LINE/L2	474	-	70	16608827	90853
chr1	43447553	43647553	harbor1	chr1	43494933	43495429	LINE/L2	1060	-	248	43495181	47628
chr1	43447553	43647553	harbor1	chr1	43500311	43500435	LINE/L2	628	-	62	43500373	52820
chr1	43447553	43647553	harbor1	chr1	43521441	43521734	LINE/L2	682	-	146	43521587	74034
chr1	43447553	43647553	harbor1	chr1	43522548	43523633	LINE/L2	1267	-	542	43523090	75537
chr1	43447553	43647553	harbor1	chr1	43524528	43525317	LINE/L2	454	-	394	43524922	77369
chr1	43447553	43647553	harbor1	chr1	43527941	43528112	LINE/L2	530	-	86	43528027	80474
chr1	43447553	43647553	harbor1	chr1	43537443	43537857	LINE/L2	651	-	207	43537650	90097
chr1	53370438	53570438	harbor1	chr1	53375221	53375980	LINE/L2	706	-	380	53375601	5163
chr1	53370438	53570438	harbor1	chr1	53406749	53407146	LINE/L2	522	-	198	53406947	36509
chr1	53370438	53570438	harbor1	chr1	53440355	53440503	LINE/L2	501	-	74	53440429	69991
chr1	53370438	53570438	harbor1	chr1	53440718	53440903	LINE/L2	501	-	92	53440810	70372
chr1	154985135	155185135	harbor1	chr1	154995931	154996118	LINE/L2	558	-	94	154996025	10890
chr1	154985135	155185135	harbor1	chr1	154996112	154996409	LINE/L2	855	-	148	154996260	11125
chr1	154985135	155185135	harbor1	chr1	155038093	155038557	LINE/L2	1248	-	232	155038325	53190
chr1	154985135	155185135	harbor1	chr1	155065081	155065204	LINE/L2	536	-	62	155065143	80008
chr1	154985135	155185135	harbor1	chr1	155072951	155073237	LINE/L2	484	-	143	155073094	87959
chr1	92384641	92584641	harbor1	chr1	92408815	92409309	LINE/L2	852	-	247	92409062	24421
chr1	92384641	92584641	harbor1	chr1	92421633	92421770	LINE/L2	472	-	68	92421701	37060
chr1	92384641	92584641	harbor1	chr1	92422076	92422242	LINE/L2	472	-	83	92422159	37518
chr1	6350574	6550574	harbor1	chr1	6431814	6431922	LINE/L2	506	-	54	6431868	81294
chr1	204633771	204833771	harbor1	chr1	204650699	204650878	LINE/L2	472	-	90	204650789	17018
chr1	204633771	204833771	harbor1	chr1	204667511	204667907	LINE/L2	575	-	198	204667709	33938
chr1	204633771	204833771	harbor1	chr1	204669366	204669942	LINE/L2	665	-	288	204669654	35883
chr1	204633771	204833771	harbor1	chr1	204670076	204671395	LINE/L2	1811	-	660	204670736	36965
chr1	204633771	204833771	harbor1	chr1	204671439	204671647	LINE/L2	1811	-	104	204671543	37772
chr1	204633771	204833771	harbor1	chr1	204716653	204717124	LINE/L2	1177	-	236	204716889	83118
chr1	47317003	47517003	harbor1	chr1	47318224	47318253	LINE/L2	1016	-	14	47318238	1235
chr1	47317003	47517003	harbor1	chr1	47318548	47318590	LINE/L2	1016	-	21	47318569	1566
chr1	47317003	47517003	harbor1	chr1	47318901	47319150	LINE/L2	1016	-	124	47319025	2022
chr1	15262474	15462474	harbor1	chr1	15303047	15303203	LINE/L2	503	-	78	15303125	40651
chr1	15262474	15462474	harbor1	chr1	15309310	15309560	LINE/L2	652	-	125	15309435	46961
chr1	15262474	15462474	harbor1	chr1	15309792	15310075	LINE/L2	652	-	142	15309934	47460
chr1	15262474	15462474	harbor1	chr1	15330694	15331232	LINE/L2	435	-	269	15330963	68489
chr1	15262474	15462474	harbor1	chr1	15360175	15360392	LINE/L2	552	-	108	15360283	97809
chr1	116052112	116252112	harbor1	chr1	116102312	116102843	LINE/L2	674	-	266	116102578	50466
chr1	116052112	116252112	harbor1	chr1	116103801	116104081	LINE/L2	498	-	140	116103941	51829
chr1	116052112	116252112	harbor1	chr1	116108132	116108532	LINE/L2	683	-	200	116108332	56220
chr1	116052112	116252112	harbor1	chr1	116131794	116132668	LINE/L2	1093	-	437	116132231	80119
chr1	92386045	92586045	harbor1	chr1	92408815	92409309	LINE/L2	852	-	247	92409062	23017
chr1	92386045	92586045	harbor1	chr1	92421633	92421770	LINE/L2	472	-	68	92421701	35656
chr1	92386045	92586045	harbor1	chr1	92422076	92422242	LINE/L2	472	-	83	92422159	36114
chr1	153245885	153445885	harbor1	chr1	153286718	153287508	LINE/L2	1839	-	395	153287113	41228
chr1	153245885	153445885	harbor1	chr1	153289036	153289386	LINE/L2	513	-	175	153289211	43326
chr1	11520749	11720749	harbor1	chr1	11551349	11551744	LINE/L2	1014	-	198	11551547	30798
chr1	11520749	11720749	harbor1	chr1	11552044	11552192	LINE/L2	1014	-	74	11552118	31369
chr1	11520749	11720749	harbor1	chr1	11590404	11590513	LINE/L2	460	-	54	11590458	69709
chr1	11520749	11720749	harbor1	chr1	11602093	11602348	LINE/L2	453	-	128	11602221	81472
chr1	211033691	211233691	harbor1	chr1	211050888	211050987	LINE/L2	676	-	50	211050938	17247
chr1	211033691	211233691	harbor1	chr1	211051297	211051777	LINE/L2	676	-	240	211051537	17846
chr1	211033691	211233691	harbor1	chr1	211084831	211085322	LINE/L2	978	-	246	211085077	51386
chr1	211033691	211233691	harbor1	chr1	211103756	211104312	LINE/L2	545	-	278	211104034	70343
chr1	6567487	6767487	harbor1	chr1	6584890	6585567	LINE/L2	713	-	338	6585228	17741
chr1	6567487	6767487	harbor1	chr1	6641899	6642557	LINE/L2	1174	-	329	6642228	74741
chr1	6567487	6767487	harbor1	chr1	6642691	6643277	LINE/L2	1174	-	293	6642984	75497
chr1	6567487	6767487	harbor1	chr1	6643575	6643601	LINE/L2	1174	-	13	6643588	76101
chr1	29351447	29551447	harbor1	chr1	29352211	29352377	LINE/L2	550	-	83	29352294	847
chr1	29351447	29551447	harbor1	chr1	29415739	29416046	LINE/L2	864	-	154	29415893	64446
chr1	29351447	29551447	harbor1	chr1	29432505	29432737	LINE/L2	546	-	116	29432621	81174
chr1	16544832	16744832	harbor1	chr1	16608757	16608897	LINE/L2	474	-	70	16608827	63995
chr1	20561106	20761106	harbor1	chr1	20569304	20569539	LINE/L2	552	-	118	20569422	8316
chr1	20561106	20761106	harbor1	chr1	20570132	20570291	LINE/L2	691	-	80	20570212	9106
chr1	20561106	20761106	harbor1	chr1	20572238	20572876	LINE/L2	450	-	319	20572557	11451
chr1	20561106	20761106	harbor1	chr1	20573401	20573912	LINE/L2	1165	-	256	20573657	12551
chr1	20561106	20761106	harbor1	chr1	20575031	20575179	LINE/L2	527	-	74	20575105	13999
chr1	20561106	20761106	harbor1	chr1	20591457	20591559	LINE/L2	484	-	51	20591508	30402
chr1	20561106	20761106	harbor1	chr1	20598866	20599334	LINE/L2	1078	-	234	20599100	37994
chr1	20561106	20761106	harbor1	chr1	20614077	20614343	LINE/L2	591	-	133	20614210	53104
chr1	20561106	20761106	harbor1	chr1	20614565	20614863	LINE/L2	591	-	149	20614714	53608
chr1	20561106	20761106	harbor1	chr1	20657046	20657626	LINE/L2	809	-	290	20657336	96230
chr1	211730554	211930554	harbor1	chr1	211768783	211769444	LINE/L2	1522	-	330	211769113	38559
chr1	211730554	211930554	harbor1	chr1	211769991	211770045	LINE/L2	1522	-	27	211770018	39464
chr1	211730554	211930554	harbor1	chr1	211783754	211784290	LINE/L2	1127	-	268	211784022	53468
chr1	201549223	201749223	harbor1	chr1	201580364	201580491	LINE/L2	447	-	64	201580428	31205
chr1	201549223	201749223	harbor1	chr1	201580790	201581082	LINE/L2	447	-	146	201580936	31713
chr1	201549223	201749223	harbor1	chr1	201596648	201596790	LINE/L2	470	-	71	201596719	47496
chr1	201549223	201749223	harbor1	chr1	201597126	201597280	LINE/L2	470	-	77	201597203	47980
chr1	7552592	7752592	harbor1	chr1	7585217	7585682	LINE/L2	524	-	232	7585449	32857
chr1	7552592	7752592	harbor1	chr1	7594247	7595093	LINE/L2	920	-	423	7594670	42078
chr1	152203804	152403804	harbor1	chr1	152221856	152222390	LINE/L2	533	-	267	152222123	18319
chr1	152203804	152403804	harbor1	chr1	152243015	152243352	LINE/L2	827	-	168	152243183	39379
chr1	209543647	209743647	harbor1	chr1	209600978	209601542	LINE/L2	583	-	282	209601260	57613
chr1	209543647	209743647	harbor1	chr1	209620173	209620518	LINE/L2	553	-	172	209620345	76698
chr1	209543647	209743647	harbor1	chr1	209621804	209622378	LINE/L2	530	-	287	209622091	78444
chr1	209543647	209743647	harbor1	chr1	209639228	209639347	LINE/L2	548	-	60	209639288	95641
chr1	53846295	54046295	harbor1	chr1	53887380	53887648	LINE/L2	1149	-	134	53887514	41219
chr1	53846295	54046295	harbor1	chr1	53915145	53915326	LINE/L2	597	-	90	53915235	68940
chr1	53846295	54046295	harbor1	chr1	53915575	53915782	LINE/L2	529	-	104	53915679	69384
chr1	53846295	54046295	harbor1	chr1	53886797	53887072	LINE/L2	1149	-	138	53886935	40640
chr1	12393958	12593958	harbor1	chr1	12397531	12398157	LINE/L2	638	-	313	12397844	3886
chr1	25516603	25716603	harbor1	chr1	25528852	25529094	LINE/L2	480	-	121	25528973	12370
chr1	25516603	25716603	harbor1	chr1	25532905	25533123	LINE/L2	570	-	109	25533014	16411
chr1	25516603	25716603	harbor1	chr1	25541430	25541695	LINE/L2	466	-	132	25541562	24959
chr1	25516603	25716603	harbor1	chr1	25573828	25574249	LINE/L2	549	-	210	25574038	57435
chr1	25516603	25716603	harbor1	chr1	25592875	25593026	LINE/L2	440	-	76	25592951	76348
chr1	25516603	25716603	harbor1	chr1	25593323	25593467	LINE/L2	440	-	72	25593395	76792
chr1	25516603	25716603	harbor1	chr1	25599768	25599957	LINE/L2	457	-	94	25599862	83259
chr1	44307706	44507706	harbor1	chr1	44314732	44314850	LINE/L2	433	-	59	44314791	7085
chr1	44307706	44507706	harbor1	chr1	44317523	44317905	LINE/L2	549	-	191	44317714	10008
chr1	44307706	44507706	harbor1	chr1	44363529	44364053	LINE/L2	1030	-	262	44363791	56085
chr1	44307706	44507706	harbor1	chr1	44374427	44374447	LINE/L2	1131	-	10	44374437	66731
chr1	44307706	44507706	harbor1	chr1	44374874	44375335	LINE/L2	1131	-	230	44375104	67398
chr1	44307706	44507706	harbor1	chr1	44375637	44375662	LINE/L2	588	-	12	44375649	67943
chr1	44307706	44507706	harbor1	chr1	44389008	44389547	LINE/L2	652	-	270	44389278	81572
chr1	44307706	44507706	harbor1	chr1	44389556	44390275	LINE/L2	606	-	360	44389916	82210
chr1	44307706	44507706	harbor1	chr1	44396012	44396115	LINE/L2	745	-	52	44396064	88358
chr1	44307706	44507706	harbor1	chr1	44396409	44397417	LINE/L2	745	-	504	44396913	89207
chr1	44307706	44507706	harbor1	chr1	44399378	44399471	LINE/L2	478	-	46	44399424	91718
chr1	110573752	110773752	harbor1	chr1	110583134	110583407	LINE/L2	723	-	136	110583270	9518
chr1	110573752	110773752	harbor1	chr1	110631620	110632811	LINE/L2	740	-	596	110632216	58464
chr1	110573752	110773752	harbor1	chr1	110648058	110648655	LINE/L2	644	-	298	110648356	74604
chr1	110573752	110773752	harbor1	chr1	110664624	110665500	LINE/L2	2203	-	438	110665062	91310
chr1	110573752	110773752	harbor1	chr1	110666424	110666823	LINE/L2	654	-	200	110666624	92872
chr1	110021160	110221160	harbor1	chr1	110075660	110076119	LINE/L2	474	-	230	110075890	54730
chr1	41562092	41762092	harbor1	chr1	41568038	41568747	LINE/L2	1223	-	354	41568392	6300
chr1	41562092	41762092	harbor1	chr1	41570029	41570239	LINE/L2	510	-	105	41570134	8042
chr1	41562092	41762092	harbor1	chr1	41571925	41572306	LINE/L2	435	-	190	41572115	10023
chr1	41562092	41762092	harbor1	chr1	41636029	41636287	LINE/L2	1059	-	129	41636158	74066
chr1	53846285	54046285	harbor1	chr1	53887380	53887648	LINE/L2	1149	-	134	53887514	41229
chr1	53846285	54046285	harbor1	chr1	53915145	53915326	LINE/L2	597	-	90	53915235	68950
chr1	53846285	54046285	harbor1	chr1	53915575	53915782	LINE/L2	529	-	104	53915679	69394
chr1	53846285	54046285	harbor1	chr1	53886797	53887072	LINE/L2	1149	-	138	53886935	40650
chr1	16531613	16731613	harbor1	chr1	16608757	16608897	LINE/L2	474	-	70	16608827	77214
chr1	678890	878890	harbor1	chr1	697012	697705	LINE/L2	524	-	346	697358	18468
chr1	155155129	155355129	harbor1	chr1	155159781	155159921	LINE/L2	486	-	70	155159851	4722
chr1	155155129	155355129	harbor1	chr1	155160055	155160401	LINE/L2	973	-	173	155160228	5099
chr1	155155129	155355129	harbor1	chr1	155176545	155176633	LINE/L2	485	-	44	155176589	21460
chr1	155155129	155355129	harbor1	chr1	155226394	155226649	LINE/L2	785	-	128	155226522	71393
chr1	155155129	155355129	harbor1	chr1	155228580	155229129	LINE/L2	668	-	274	155228854	73725
chr1	155155129	155355129	harbor1	chr1	155229422	155229629	LINE/L2	668	-	104	155229526	74397
chr1	155155129	155355129	harbor1	chr1	155230545	155230957	LINE/L2	668	-	206	155230751	75622
chr1	155155129	155355129	harbor1	chr1	155246571	155246837	LINE/L2	454	-	133	155246704	91575
chr1	155155129	155355129	harbor1	chr1	155247146	155247231	LINE/L2	454	-	42	155247188	92059
chr1	16542818	16742818	harbor1	chr1	16608757	16608897	LINE/L2	474	-	70	16608827	66009
chr1	16543037	16743037	harbor1	chr1	16608757	16608897	LINE/L2	474	-	70	16608827	65790
chr1	53312624	53512624	harbor1	chr1	53345861	53346105	LINE/L2	685	-	122	53345983	33359
chr1	53312624	53512624	harbor1	chr1	53375221	53375980	LINE/L2	706	-	380	53375601	62977
chr1	53312624	53512624	harbor1	chr1	53406749	53407146	LINE/L2	522	-	198	53406947	94323
chr1	53312624	53512624	harbor1	chr1	53329507	53329950	LINE/L2	705	-	222	53329729	17105
chr1	85965115	86165115	harbor1	chr1	85965213	85965483	LINE/L2	748	-	135	85965348	233
chr1	85965115	86165115	harbor1	chr1	85984976	85985670	LINE/L2	511	-	347	85985323	20208
chr1	85965115	86165115	harbor1	chr1	86051167	86051462	LINE/L2	449	-	148	86051315	86200
chr1	85965115	86165115	harbor1	chr1	85965665	85967642	LINE/L2	4012	-	988	85966653	1538
chr1	31913327	32113327	harbor1	chr1	31926645	31927167	LINE/L2	874	-	261	31926906	13579
chr1	31913327	32113327	harbor1	chr1	31927540	31927755	LINE/L2	874	-	108	31927648	14321
chr1	31913327	32113327	harbor1	chr1	31971403	31971869	LINE/L2	1486	-	233	31971636	58309
chr1	31913327	32113327	harbor1	chr1	31972456	31972940	LINE/L2	1486	-	242	31972698	59371
chr1	16344104	16544104	harbor1	chr1	16379996	16380195	LINE/L2	971	-	100	16380096	35992
chr1	16344104	16544104	harbor1	chr1	16381572	16381649	LINE/L2	971	-	38	16381610	37506
chr1	16344104	16544104	harbor1	chr1	16381948	16382175	LINE/L2	971	-	114	16382062	37958
chr1	16344104	16544104	harbor1	chr1	16418905	16419309	LINE/L2	836	-	202	16419107	75003
chr1	16344104	16544104	harbor1	chr1	16419355	16419657	LINE/L2	993	-	151	16419506	75402
chr1	16344104	16544104	harbor1	chr1	16419952	16420374	LINE/L2	993	-	211	16420163	76059
chr1	16544840	16744840	harbor1	chr1	16608757	16608897	LINE/L2	474	-	70	16608827	63987
chr1	19565193	19765193	harbor1	chr1	19565562	19565812	LINE/L2	1027	-	125	19565687	494
chr1	19565193	19765193	harbor1	chr1	19566070	19566356	LINE/L2	1027	-	143	19566213	1020
chr1	19565193	19765193	harbor1	chr1	19566647	19566660	LINE/L2	860	-	6	19566653	1460
chr1	19565193	19765193	harbor1	chr1	19566802	19567116	LINE/L2	860	-	157	19566959	1766
chr1	19565193	19765193	harbor1	chr1	19585612	19585840	LINE/L2	678	-	114	19585726	20533
chr1	19565193	19765193	harbor1	chr1	19592956	19593041	LINE/L2	438	-	42	19592998	27805
chr1	19565193	19765193	harbor1	chr1	19627353	19627761	LINE/L2	441	-	204	19627557	62364
chr1	6685532	6885532	harbor1	chr1	6688874	6689065	LINE/L2	431	-	96	6688970	3438
chr1	6685532	6885532	harbor1	chr1	6707661	6708464	LINE/L2	1192	-	402	6708063	22531
chr1	22610011	22810011	harbor1	chr1	22681877	22682055	LINE/L2	469	-	89	22681966	71955
chr1	6685524	6885524	harbor1	chr1	6688874	6689065	LINE/L2	431	-	96	6688970	3446
chr1	6685524	6885524	harbor1	chr1	6707661	6708464	LINE/L2	1192	-	402	6708063	22539
chr1	211033713	211233713	harbor1	chr1	211050888	211050987	LINE/L2	676	-	50	211050938	17225
chr1	211033713	211233713	harbor1	chr1	211051297	211051777	LINE/L2	676	-	240	211051537	17824
chr1	211033713	211233713	harbor1	chr1	211084831	211085322	LINE/L2	978	-	246	211085077	51364
chr1	211033713	211233713	harbor1	chr1	211103756	211104312	LINE/L2	545	-	278	211104034	70321
chr1	22450678	22650678	harbor1	chr1	22453341	22453508	LINE/L2	441	-	84	22453425	2747
chr1	22450678	22650678	harbor1	chr1	22488181	22489442	LINE/L2	2504	-	630	22488811	38133
chr1	22450678	22650678	harbor1	chr1	22514856	22515355	LINE/L2	1319	-	250	22515106	64428
chr1	22450678	22650678	harbor1	chr1	22515815	22516264	LINE/L2	1319	-	224	22516039	65361
chr1	22450678	22650678	harbor1	chr1	22516315	22516511	LINE/L2	1319	-	98	22516413	65735
chr1	22450678	22650678	harbor1	chr1	22540277	22540871	LINE/L2	1279	-	297	22540574	89896
chr1	22450678	22650678	harbor1	chr1	22541003	22541223	LINE/L2	463	-	110	22541113	90435
chr1	5847916	6047916	harbor1	chr1	5853064	5853422	LINE/L2	472	-	179	5853243	5327
chr1	26595914	26795914	harbor1	chr1	26599727	26600102	LINE/L2	641	-	188	26599915	4001
chr1	26595914	26795914	harbor1	chr1	26605474	26605711	LINE/L2	1206	-	118	26605592	9678
chr1	26595914	26795914	harbor1	chr1	26606011	26606298	LINE/L2	1690	-	144	26606155	10241
chr1	26595914	26795914	harbor1	chr1	26606611	26606720	LINE/L2	1690	-	54	26606665	10751
chr1	26595914	26795914	harbor1	chr1	26606985	26607292	LINE/L2	1690	-	154	26607139	11225
chr1	26595914	26795914	harbor1	chr1	26661160	26661696	LINE/L2	1333	-	268	26661428	65514
chr1	26595914	26795914	harbor1	chr1	26661999	26662038	LINE/L2	1333	-	20	26662019	66105
chr1	26595914	26795914	harbor1	chr1	26664826	26665189	LINE/L2	1101	-	182	26665008	69094
chr1	206378216	206578216	harbor1	chr1	206431582	206432217	LINE/L2	819	-	318	206431900	53684
chr1	206378216	206578216	harbor1	chr1	206440158	206440488	LINE/L2	493	-	165	206440323	62107
chr1	206378216	206578216	harbor1	chr1	206440874	206441325	LINE/L2	687	-	226	206441100	62884
chr1	206378216	206578216	harbor1	chr1	206466188	206466420	LINE/L2	876	-	116	206466304	88088
chr1	206378216	206578216	harbor1	chr1	206466734	206467377	LINE/L2	876	-	322	206467056	88840
chr1	207902897	208102897	harbor1	chr1	207950512	207950819	LINE/L2	587	-	154	207950666	47769
chr1	211033788	211233788	harbor1	chr1	211050888	211050987	LINE/L2	676	-	50	211050938	17150
chr1	211033788	211233788	harbor1	chr1	211051297	211051777	LINE/L2	676	-	240	211051537	17749
chr1	211033788	211233788	harbor1	chr1	211084831	211085322	LINE/L2	978	-	246	211085077	51289
chr1	211033788	211233788	harbor1	chr1	211103756	211104312	LINE/L2	545	-	278	211104034	70246
chr1	16544915	16744915	harbor1	chr1	16608757	16608897	LINE/L2	474	-	70	16608827	63912
chr1	14850144	15050144	harbor1	chr1	14873188	14874198	LINE/L2	2074	-	505	14873693	23549
chr1	14850144	15050144	harbor1	chr1	14881517	14881634	LINE/L2	485	-	58	14881575	31431
chr1	14850144	15050144	harbor1	chr1	14895884	14896028	LINE/L2	440	-	72	14895956	45812
chr1	14850144	15050144	harbor1	chr1	14900953	14901693	LINE/L2	1173	-	370	14901323	51179
chr1	14850144	15050144	harbor1	chr1	14927265	14927572	LINE/L2	753	-	154	14927419	77275
chr1	167355252	167555252	harbor1	chr1	167382051	167382650	LINE/L2	597	-	300	167382351	27099
chr1	202249009	202449009	harbor1	chr1	202277620	202278363	LINE/L2	541	-	372	202277992	28983
chr1	202249009	202449009	harbor1	chr1	202294161	202294325	LINE/L2	476	-	82	202294243	45234
chr1	202249009	202449009	harbor1	chr1	202294821	202295031	LINE/L2	648	-	105	202294926	45917
chr1	202249009	202449009	harbor1	chr1	202329472	202330099	LINE/L2	885	-	314	202329786	80777
chr1	161066263	161266263	harbor1	chr1	161092375	161092502	LINE/L2	461	-	64	161092439	26176
chr1	161066263	161266263	harbor1	chr1	161133306	161133568	LINE/L2	465	-	131	161133437	67174
chr1	161066263	161266263	harbor1	chr1	161135929	161136176	LINE/L2	432	-	124	161136053	69790
chr1	161066263	161266263	harbor1	chr1	161154988	161156042	LINE/L2	1034	-	527	161155515	89252
chr1	210684182	210884182	harbor1	chr1	210780435	210780728	LINE/L2	543	-	146	210780581	96399
chr1	244605824	244805824	harbor1	chr1	244662596	244662845	LINE/L2	436	-	124	244662720	56896
chr1	201325164	201525164	harbor1	chr1	201337588	201337738	LINE/L2	543	-	75	201337663	12499
chr1	201325164	201525164	harbor1	chr1	201338543	201338790	LINE/L2	679	-	124	201338667	13503
chr1	201325164	201525164	harbor1	chr1	201349610	201349891	LINE/L2	484	-	140	201349750	24586
chr1	201325164	201525164	harbor1	chr1	201392243	201393105	LINE/L2	1169	-	431	201392674	67510
chr1	201325164	201525164	harbor1	chr1	201401779	201402126	LINE/L2	435	-	174	201401953	76789
chr1	201325164	201525164	harbor1	chr1	201342609	201343881	LINE/L2	3860	-	636	201343245	18081
chr1	205330828	205530828	harbor1	chr1	205428402	205428657	LINE/L2	584	-	128	205428530	97702
chr1	16544904	16744904	harbor1	chr1	16608757	16608897	LINE/L2	474	-	70	16608827	63923
chr1	145919577	146119577	harbor1	chr1	145946599	145946825	LINE/L2	493	-	113	145946712	27135
chr1	145919577	146119577	harbor1	chr1	145949173	145949661	LINE/L2	593	-	244	145949417	29840
chr1	52827225	53027225	harbor1	chr1	52907321	52907612	LINE/L2	675	-	146	52907467	80242
chr1	52827225	53027225	harbor1	chr1	52913985	52914299	LINE/L2	690	-	157	52914142	86917
chr1	16544923	16744923	harbor1	chr1	16608757	16608897	LINE/L2	474	-	70	16608827	63904
chr1	6685486	6885486	harbor1	chr1	6688874	6689065	LINE/L2	431	-	96	6688970	3484
chr1	6685486	6885486	harbor1	chr1	6707661	6708464	LINE/L2	1192	-	402	6708063	22577
chr1	202013163	202213163	harbor1	chr1	202053550	202053638	LINE/L2	472	-	44	202053594	40431
chr1	202013163	202213163	harbor1	chr1	202054948	202055407	LINE/L2	1139	-	230	202055178	42015
chr1	202013163	202213163	harbor1	chr1	202055713	202055724	LINE/L2	1139	-	6	202055719	42556
chr1	202013163	202213163	harbor1	chr1	202056017	202056282	LINE/L2	1139	-	132	202056149	42986
chr1	202013163	202213163	harbor1	chr1	202073254	202073410	LINE/L2	636	-	78	202073332	60169
chr1	202013163	202213163	harbor1	chr1	202076594	202076991	LINE/L2	688	-	198	202076792	63629
chr1	202013163	202213163	harbor1	chr1	202104029	202104316	LINE/L2	458	-	144	202104173	91010
chr1	16544980	16744980	harbor1	chr1	16608757	16608897	LINE/L2	474	-	70	16608827	63847
chr1	16544958	16744958	harbor1	chr1	16608757	16608897	LINE/L2	474	-	70	16608827	63869
chr1	22502734	22702734	harbor1	chr1	22514856	22515355	LINE/L2	1319	-	250	22515106	12372
chr1	22502734	22702734	harbor1	chr1	22515815	22516264	LINE/L2	1319	-	224	22516039	13305
chr1	22502734	22702734	harbor1	chr1	22516315	22516511	LINE/L2	1319	-	98	22516413	13679
chr1	22502734	22702734	harbor1	chr1	22540277	22540871	LINE/L2	1279	-	297	22540574	37840
chr1	22502734	22702734	harbor1	chr1	22541003	22541223	LINE/L2	463	-	110	22541113	38379
chr1	22502734	22702734	harbor1	chr1	22556687	22557101	LINE/L2	484	-	207	22556894	54160
chr1	46294443	46494443	harbor1	chr1	46369341	46369455	LINE/L2	451	-	57	46369398	74955
chr1	929831	1129831	harbor1	chr1	968520	968877	LINE/L2	598	-	178	968698	38867
chr1	6351852	6551852	harbor1	chr1	6431814	6431922	LINE/L2	506	-	54	6431868	80016
chr1	230940507	231140507	harbor1	chr1	230970234	230970685	LINE/L2	800	-	226	230970460	29953
chr1	201549188	201749188	harbor1	chr1	201580364	201580491	LINE/L2	447	-	64	201580428	31240
chr1	201549188	201749188	harbor1	chr1	201580790	201581082	LINE/L2	447	-	146	201580936	31748
chr1	201549188	201749188	harbor1	chr1	201596648	201596790	LINE/L2	470	-	71	201596719	47531
chr1	201549188	201749188	harbor1	chr1	201597126	201597280	LINE/L2	470	-	77	201597203	48015
chr1	31972901	32172901	harbor1	chr1	31972456	31972940	LINE/L2	1486	-	242	31972698	203
chr1	31972901	32172901	harbor1	chr1	32056815	32057156	LINE/L2	617	-	170	32056985	84084
chr1	156191597	156391597	harbor1	chr1	156234457	156234502	LINE/L2	466	-	22	156234479	42882
chr1	156191597	156391597	harbor1	chr1	156234809	156234891	LINE/L2	466	-	41	156234850	43253
chr1	156191597	156391597	harbor1	chr1	156264383	156264743	LINE/L2	661	-	180	156264563	72966
chr1	53312611	53512611	harbor1	chr1	53345861	53346105	LINE/L2	685	-	122	53345983	33372
chr1	53312611	53512611	harbor1	chr1	53375221	53375980	LINE/L2	706	-	380	53375601	62990
chr1	53312611	53512611	harbor1	chr1	53406749	53407146	LINE/L2	522	-	198	53406947	94336
chr1	53312611	53512611	harbor1	chr1	53329507	53329950	LINE/L2	705	-	222	53329729	17118
chr1	15734386	15934386	harbor1	chr1	15744745	15744967	LINE/L2	442	-	111	15744856	10470
chr1	7925872	8125872	harbor1	chr1	7986368	7986800	LINE/L2	577	-	216	7986584	60712
chr1	27266079	27466079	harbor1	chr1	27269446	27269601	LINE/L2	546	-	78	27269524	3445
chr1	27266079	27466079	harbor1	chr1	27270221	27270417	LINE/L2	546	-	98	27270319	4240
chr1	27266079	27466079	harbor1	chr1	27299210	27299754	LINE/L2	478	-	272	27299482	33403
chr1	27266079	27466079	harbor1	chr1	27302147	27302452	LINE/L2	560	-	152	27302299	36220
chr1	27266079	27466079	harbor1	chr1	27302761	27302869	LINE/L2	560	-	54	27302815	36736
chr1	27266079	27466079	harbor1	chr1	27318148	27318560	LINE/L2	525	-	206	27318354	52275
chr1	27266079	27466079	harbor1	chr1	27319688	27320166	LINE/L2	707	-	239	27319927	53848
chr1	27266079	27466079	harbor1	chr1	27323816	27324024	LINE/L2	436	-	104	27323920	57841
chr1	27266079	27466079	harbor1	chr1	27327942	27328475	LINE/L2	799	-	266	27328208	62129
chr1	206972503	207172503	harbor1	chr1	207012747	207013004	LINE/L2	530	-	128	207012875	40372
chr1	206972503	207172503	harbor1	chr1	207013211	207013247	LINE/L2	530	-	18	207013229	40726
chr1	25516631	25716631	harbor1	chr1	25528852	25529094	LINE/L2	480	-	121	25528973	12342
chr1	25516631	25716631	harbor1	chr1	25532905	25533123	LINE/L2	570	-	109	25533014	16383
chr1	25516631	25716631	harbor1	chr1	25541430	25541695	LINE/L2	466	-	132	25541562	24931
chr1	25516631	25716631	harbor1	chr1	25573828	25574249	LINE/L2	549	-	210	25574038	57407
chr1	25516631	25716631	harbor1	chr1	25592875	25593026	LINE/L2	440	-	76	25592951	76320
chr1	25516631	25716631	harbor1	chr1	25593323	25593467	LINE/L2	440	-	72	25593395	76764
chr1	25516631	25716631	harbor1	chr1	25599768	25599957	LINE/L2	457	-	94	25599862	83231
chr1	65574334	65774334	harbor1	chr1	65594063	65594358	LINE/L2	546	-	148	65594211	19877
chr1	65574334	65774334	harbor1	chr1	65594381	65594926	LINE/L2	1171	-	272	65594653	20319
chr1	65574334	65774334	harbor1	chr1	65620395	65620659	LINE/L2	529	-	132	65620527	46193
chr1	65574334	65774334	harbor1	chr1	65620885	65621005	LINE/L2	444	-	60	65620945	46611
chr1	16544749	16744749	harbor1	chr1	16608757	16608897	LINE/L2	474	-	70	16608827	64078
chr1	230539098	230739098	harbor1	chr1	230629043	230629118	LINE/L2	486	-	38	230629081	89983
chr1	230539098	230739098	harbor1	chr1	230629651	230629886	LINE/L2	486	-	118	230629769	90671
chr1	230539098	230739098	harbor1	chr1	230631360	230631504	LINE/L2	576	-	72	230631432	92334
chr1	230539098	230739098	harbor1	chr1	230631832	230632357	LINE/L2	2788	-	262	230632094	92996
chr1	230539098	230739098	harbor1	chr1	230632578	230633027	LINE/L2	2788	-	224	230632802	93704
chr1	230539098	230739098	harbor1	chr1	230633860	230634190	LINE/L2	568	-	165	230634025	94927
chr2	45902328	46102328	harbor1	chr2	45985724	45986317	LINE/L2	643	-	296	45986020	83692
chr2	196936108	197136108	harbor1	chr2	197025583	197025924	LINE/L2	521	-	170	197025753	89645
chr2	196936108	197136108	harbor1	chr2	197026153	197027078	LINE/L2	2158	-	462	197026615	90507
chr2	196936108	197136108	harbor1	chr2	197027372	197027455	LINE/L2	2158	-	42	197027414	91306
chr2	196936108	197136108	harbor1	chr2	197032802	197033288	LINE/L2	930	-	243	197033045	96937
chr2	231297344	231497344	harbor1	chr2	231333142	231333394	LINE/L2	485	-	126	231333268	35924
chr2	219075964	219275964	harbor1	chr2	219083068	219083253	LINE/L2	772	-	92	219083160	7196
chr2	219075964	219275964	harbor1	chr2	219096377	219096984	LINE/L2	2719	-	304	219096681	20717
chr2	219075964	219275964	harbor1	chr2	219097268	219097456	LINE/L2	2719	-	94	219097362	21398
chr2	219075964	219275964	harbor1	chr2	219097585	219097852	LINE/L2	2719	-	134	219097719	21755
chr2	219075964	219275964	harbor1	chr2	219097854	219098351	LINE/L2	457	-	248	219098102	22138
chr2	219075964	219275964	harbor1	chr2	219098386	219098668	LINE/L2	2683	-	141	219098527	22563
chr2	219075964	219275964	harbor1	chr2	219098793	219099198	LINE/L2	2683	-	202	219098995	23031
chr2	219075964	219275964	harbor1	chr2	219099417	219099962	LINE/L2	2683	-	272	219099689	23725
chr2	219075964	219275964	harbor1	chr2	219110075	219110254	LINE/L2	1606	-	90	219110165	34201
chr2	219075964	219275964	harbor1	chr2	219110535	219110840	LINE/L2	1606	-	152	219110687	34723
chr2	219075964	219275964	harbor1	chr2	219126577	219127180	LINE/L2	807	-	302	219126879	50915
chr2	219075964	219275964	harbor1	chr2	219138516	219138847	LINE/L2	935	-	166	219138682	62718
chr2	219075964	219275964	harbor1	chr2	219140040	219140828	LINE/L2	2314	-	394	219140434	64470
chr2	219075964	219275964	harbor1	chr2	219140840	219141097	LINE/L2	811	-	128	219140968	65004
chr2	219075964	219275964	harbor1	chr2	219141391	219141893	LINE/L2	811	-	251	219141642	65678
chr2	219075964	219275964	harbor1	chr2	219144260	219144725	LINE/L2	631	-	232	219144492	68528
chr2	219059508	219259508	harbor1	chr2	219066733	219066918	LINE/L2	950	-	92	219066825	7317
chr2	219059508	219259508	harbor1	chr2	219067872	219068211	LINE/L2	950	-	170	219068042	8534
chr2	219059508	219259508	harbor1	chr2	219083068	219083253	LINE/L2	772	-	92	219083160	23652
chr2	219059508	219259508	harbor1	chr2	219096377	219096984	LINE/L2	2719	-	304	219096681	37173
chr2	219059508	219259508	harbor1	chr2	219097268	219097456	LINE/L2	2719	-	94	219097362	37854
chr2	219059508	219259508	harbor1	chr2	219097585	219097852	LINE/L2	2719	-	134	219097719	38211
chr2	219059508	219259508	harbor1	chr2	219097854	219098351	LINE/L2	457	-	248	219098102	38594
chr2	219059508	219259508	harbor1	chr2	219098386	219098668	LINE/L2	2683	-	141	219098527	39019
chr2	219059508	219259508	harbor1	chr2	219098793	219099198	LINE/L2	2683	-	202	219098995	39487
chr2	219059508	219259508	harbor1	chr2	219099417	219099962	LINE/L2	2683	-	272	219099689	40181
chr2	219059508	219259508	harbor1	chr2	219110075	219110254	LINE/L2	1606	-	90	219110165	50657
chr2	219059508	219259508	harbor1	chr2	219110535	219110840	LINE/L2	1606	-	152	219110687	51179
chr2	219059508	219259508	harbor1	chr2	219126577	219127180	LINE/L2	807	-	302	219126879	67371
chr2	219059508	219259508	harbor1	chr2	219138516	219138847	LINE/L2	935	-	166	219138682	79174
chr2	219059508	219259508	harbor1	chr2	219140040	219140828	LINE/L2	2314	-	394	219140434	80926
chr2	219059508	219259508	harbor1	chr2	219140840	219141097	LINE/L2	811	-	128	219140968	81460
chr2	219059508	219259508	harbor1	chr2	219141391	219141893	LINE/L2	811	-	251	219141642	82134
chr2	219059508	219259508	harbor1	chr2	219144260	219144725	LINE/L2	631	-	232	219144492	84984
chr2	219077783	219277783	harbor1	chr2	219083068	219083253	LINE/L2	772	-	92	219083160	5377
chr2	219077783	219277783	harbor1	chr2	219096377	219096984	LINE/L2	2719	-	304	219096681	18898
chr2	219077783	219277783	harbor1	chr2	219097268	219097456	LINE/L2	2719	-	94	219097362	19579
chr2	219077783	219277783	harbor1	chr2	219097585	219097852	LINE/L2	2719	-	134	219097719	19936
chr2	219077783	219277783	harbor1	chr2	219097854	219098351	LINE/L2	457	-	248	219098102	20319
chr2	219077783	219277783	harbor1	chr2	219098386	219098668	LINE/L2	2683	-	141	219098527	20744
chr2	219077783	219277783	harbor1	chr2	219098793	219099198	LINE/L2	2683	-	202	219098995	21212
chr2	219077783	219277783	harbor1	chr2	219099417	219099962	LINE/L2	2683	-	272	219099689	21906
chr2	219077783	219277783	harbor1	chr2	219110075	219110254	LINE/L2	1606	-	90	219110165	32382
chr2	219077783	219277783	harbor1	chr2	219110535	219110840	LINE/L2	1606	-	152	219110687	32904
chr2	219077783	219277783	harbor1	chr2	219126577	219127180	LINE/L2	807	-	302	219126879	49096
chr2	219077783	219277783	harbor1	chr2	219138516	219138847	LINE/L2	935	-	166	219138682	60899
chr2	219077783	219277783	harbor1	chr2	219140040	219140828	LINE/L2	2314	-	394	219140434	62651
chr2	219077783	219277783	harbor1	chr2	219140840	219141097	LINE/L2	811	-	128	219140968	63185
chr2	219077783	219277783	harbor1	chr2	219141391	219141893	LINE/L2	811	-	251	219141642	63859
chr2	219077783	219277783	harbor1	chr2	219144260	219144725	LINE/L2	631	-	232	219144492	66709
chr2	26950260	27150260	harbor1	chr2	26966653	26966822	LINE/L2	475	-	84	26966737	16477
chr2	43053914	43253914	harbor1	chr2	43131894	43132186	LINE/L2	702	-	146	43132040	78126
chr2	43053914	43253914	harbor1	chr2	43134807	43134894	LINE/L2	788	-	44	43134851	80937
chr2	43053914	43253914	harbor1	chr2	43135205	43135263	LINE/L2	788	-	29	43135234	81320
chr2	43053914	43253914	harbor1	chr2	43135551	43135836	LINE/L2	788	-	142	43135693	81779
chr2	202592159	202792159	harbor1	chr2	202595905	202596600	LINE/L2	655	-	348	202596253	4094
chr2	70453138	70653138	harbor1	chr2	70496727	70497246	LINE/L2	1065	-	260	70496987	43849
chr2	219077871	219277871	harbor1	chr2	219083068	219083253	LINE/L2	772	-	92	219083160	5289
chr2	219077871	219277871	harbor1	chr2	219096377	219096984	LINE/L2	2719	-	304	219096681	18810
chr2	219077871	219277871	harbor1	chr2	219097268	219097456	LINE/L2	2719	-	94	219097362	19491
chr2	219077871	219277871	harbor1	chr2	219097585	219097852	LINE/L2	2719	-	134	219097719	19848
chr2	219077871	219277871	harbor1	chr2	219097854	219098351	LINE/L2	457	-	248	219098102	20231
chr2	219077871	219277871	harbor1	chr2	219098386	219098668	LINE/L2	2683	-	141	219098527	20656
chr2	219077871	219277871	harbor1	chr2	219098793	219099198	LINE/L2	2683	-	202	219098995	21124
chr2	219077871	219277871	harbor1	chr2	219099417	219099962	LINE/L2	2683	-	272	219099689	21818
chr2	219077871	219277871	harbor1	chr2	219110075	219110254	LINE/L2	1606	-	90	219110165	32294
chr2	219077871	219277871	harbor1	chr2	219110535	219110840	LINE/L2	1606	-	152	219110687	32816
chr2	219077871	219277871	harbor1	chr2	219126577	219127180	LINE/L2	807	-	302	219126879	49008
chr2	219077871	219277871	harbor1	chr2	219138516	219138847	LINE/L2	935	-	166	219138682	60811
chr2	219077871	219277871	harbor1	chr2	219140040	219140828	LINE/L2	2314	-	394	219140434	62563
chr2	219077871	219277871	harbor1	chr2	219140840	219141097	LINE/L2	811	-	128	219140968	63097
chr2	219077871	219277871	harbor1	chr2	219141391	219141893	LINE/L2	811	-	251	219141642	63771
chr2	219077871	219277871	harbor1	chr2	219144260	219144725	LINE/L2	631	-	232	219144492	66621
chr2	218166674	218366674	harbor1	chr2	218192085	218192370	LINE/L2	515	-	142	218192227	25553
chr2	219078284	219278284	harbor1	chr2	219083068	219083253	LINE/L2	772	-	92	219083160	4876
chr2	219078284	219278284	harbor1	chr2	219096377	219096984	LINE/L2	2719	-	304	219096681	18397
chr2	219078284	219278284	harbor1	chr2	219097268	219097456	LINE/L2	2719	-	94	219097362	19078
chr2	219078284	219278284	harbor1	chr2	219097585	219097852	LINE/L2	2719	-	134	219097719	19435
chr2	219078284	219278284	harbor1	chr2	219097854	219098351	LINE/L2	457	-	248	219098102	19818
chr2	219078284	219278284	harbor1	chr2	219098386	219098668	LINE/L2	2683	-	141	219098527	20243
chr2	219078284	219278284	harbor1	chr2	219098793	219099198	LINE/L2	2683	-	202	219098995	20711
chr2	219078284	219278284	harbor1	chr2	219099417	219099962	LINE/L2	2683	-	272	219099689	21405
chr2	219078284	219278284	harbor1	chr2	219110075	219110254	LINE/L2	1606	-	90	219110165	31881
chr2	219078284	219278284	harbor1	chr2	219110535	219110840	LINE/L2	1606	-	152	219110687	32403
chr2	219078284	219278284	harbor1	chr2	219126577	219127180	LINE/L2	807	-	302	219126879	48595
chr2	219078284	219278284	harbor1	chr2	219138516	219138847	LINE/L2	935	-	166	219138682	60398
chr2	219078284	219278284	harbor1	chr2	219140040	219140828	LINE/L2	2314	-	394	219140434	62150
chr2	219078284	219278284	harbor1	chr2	219140840	219141097	LINE/L2	811	-	128	219140968	62684
chr2	219078284	219278284	harbor1	chr2	219141391	219141893	LINE/L2	811	-	251	219141642	63358
chr2	219078284	219278284	harbor1	chr2	219144260	219144725	LINE/L2	631	-	232	219144492	66208
chr2	219060209	219260209	harbor1	chr2	219066733	219066918	LINE/L2	950	-	92	219066825	6616
chr2	219060209	219260209	harbor1	chr2	219067872	219068211	LINE/L2	950	-	170	219068042	7833
chr2	219060209	219260209	harbor1	chr2	219083068	219083253	LINE/L2	772	-	92	219083160	22951
chr2	219060209	219260209	harbor1	chr2	219096377	219096984	LINE/L2	2719	-	304	219096681	36472
chr2	219060209	219260209	harbor1	chr2	219097268	219097456	LINE/L2	2719	-	94	219097362	37153
chr2	219060209	219260209	harbor1	chr2	219097585	219097852	LINE/L2	2719	-	134	219097719	37510
chr2	219060209	219260209	harbor1	chr2	219097854	219098351	LINE/L2	457	-	248	219098102	37893
chr2	219060209	219260209	harbor1	chr2	219098386	219098668	LINE/L2	2683	-	141	219098527	38318
chr2	219060209	219260209	harbor1	chr2	219098793	219099198	LINE/L2	2683	-	202	219098995	38786
chr2	219060209	219260209	harbor1	chr2	219099417	219099962	LINE/L2	2683	-	272	219099689	39480
chr2	219060209	219260209	harbor1	chr2	219110075	219110254	LINE/L2	1606	-	90	219110165	49956
chr2	219060209	219260209	harbor1	chr2	219110535	219110840	LINE/L2	1606	-	152	219110687	50478
chr2	219060209	219260209	harbor1	chr2	219126577	219127180	LINE/L2	807	-	302	219126879	66670
chr2	219060209	219260209	harbor1	chr2	219138516	219138847	LINE/L2	935	-	166	219138682	78473
chr2	219060209	219260209	harbor1	chr2	219140040	219140828	LINE/L2	2314	-	394	219140434	80225
chr2	219060209	219260209	harbor1	chr2	219140840	219141097	LINE/L2	811	-	128	219140968	80759
chr2	219060209	219260209	harbor1	chr2	219141391	219141893	LINE/L2	811	-	251	219141642	81433
chr2	219060209	219260209	harbor1	chr2	219144260	219144725	LINE/L2	631	-	232	219144492	84283
chr2	26950206	27150206	harbor1	chr2	26966653	26966822	LINE/L2	475	-	84	26966737	16531
chr2	219070304	219270304	harbor1	chr2	219083068	219083253	LINE/L2	772	-	92	219083160	12856
chr2	219070304	219270304	harbor1	chr2	219096377	219096984	LINE/L2	2719	-	304	219096681	26377
chr2	219070304	219270304	harbor1	chr2	219097268	219097456	LINE/L2	2719	-	94	219097362	27058
chr2	219070304	219270304	harbor1	chr2	219097585	219097852	LINE/L2	2719	-	134	219097719	27415
chr2	219070304	219270304	harbor1	chr2	219097854	219098351	LINE/L2	457	-	248	219098102	27798
chr2	219070304	219270304	harbor1	chr2	219098386	219098668	LINE/L2	2683	-	141	219098527	28223
chr2	219070304	219270304	harbor1	chr2	219098793	219099198	LINE/L2	2683	-	202	219098995	28691
chr2	219070304	219270304	harbor1	chr2	219099417	219099962	LINE/L2	2683	-	272	219099689	29385
chr2	219070304	219270304	harbor1	chr2	219110075	219110254	LINE/L2	1606	-	90	219110165	39861
chr2	219070304	219270304	harbor1	chr2	219110535	219110840	LINE/L2	1606	-	152	219110687	40383
chr2	219070304	219270304	harbor1	chr2	219126577	219127180	LINE/L2	807	-	302	219126879	56575
chr2	219070304	219270304	harbor1	chr2	219138516	219138847	LINE/L2	935	-	166	219138682	68378
chr2	219070304	219270304	harbor1	chr2	219140040	219140828	LINE/L2	2314	-	394	219140434	70130
chr2	219070304	219270304	harbor1	chr2	219140840	219141097	LINE/L2	811	-	128	219140968	70664
chr2	219070304	219270304	harbor1	chr2	219141391	219141893	LINE/L2	811	-	251	219141642	71338
chr2	219070304	219270304	harbor1	chr2	219144260	219144725	LINE/L2	631	-	232	219144492	74188
chr2	72038963	72238963	harbor1	chr2	72099038	72099324	LINE/L2	879	-	143	72099181	60218
chr2	72038963	72238963	harbor1	chr2	72106914	72107271	LINE/L2	447	-	178	72107092	68129
chr2	219078190	219278190	harbor1	chr2	219083068	219083253	LINE/L2	772	-	92	219083160	4970
chr2	219078190	219278190	harbor1	chr2	219096377	219096984	LINE/L2	2719	-	304	219096681	18491
chr2	219078190	219278190	harbor1	chr2	219097268	219097456	LINE/L2	2719	-	94	219097362	19172
chr2	219078190	219278190	harbor1	chr2	219097585	219097852	LINE/L2	2719	-	134	219097719	19529
chr2	219078190	219278190	harbor1	chr2	219097854	219098351	LINE/L2	457	-	248	219098102	19912
chr2	219078190	219278190	harbor1	chr2	219098386	219098668	LINE/L2	2683	-	141	219098527	20337
chr2	219078190	219278190	harbor1	chr2	219098793	219099198	LINE/L2	2683	-	202	219098995	20805
chr2	219078190	219278190	harbor1	chr2	219099417	219099962	LINE/L2	2683	-	272	219099689	21499
chr2	219078190	219278190	harbor1	chr2	219110075	219110254	LINE/L2	1606	-	90	219110165	31975
chr2	219078190	219278190	harbor1	chr2	219110535	219110840	LINE/L2	1606	-	152	219110687	32497
chr2	219078190	219278190	harbor1	chr2	219126577	219127180	LINE/L2	807	-	302	219126879	48689
chr2	219078190	219278190	harbor1	chr2	219138516	219138847	LINE/L2	935	-	166	219138682	60492
chr2	219078190	219278190	harbor1	chr2	219140040	219140828	LINE/L2	2314	-	394	219140434	62244
chr2	219078190	219278190	harbor1	chr2	219140840	219141097	LINE/L2	811	-	128	219140968	62778
chr2	219078190	219278190	harbor1	chr2	219141391	219141893	LINE/L2	811	-	251	219141642	63452
chr2	219078190	219278190	harbor1	chr2	219144260	219144725	LINE/L2	631	-	232	219144492	66302
chr2	219078189	219278189	harbor1	chr2	219083068	219083253	LINE/L2	772	-	92	219083160	4971
chr2	219078189	219278189	harbor1	chr2	219096377	219096984	LINE/L2	2719	-	304	219096681	18492
chr2	219078189	219278189	harbor1	chr2	219097268	219097456	LINE/L2	2719	-	94	219097362	19173
chr2	219078189	219278189	harbor1	chr2	219097585	219097852	LINE/L2	2719	-	134	219097719	19530
chr2	219078189	219278189	harbor1	chr2	219097854	219098351	LINE/L2	457	-	248	219098102	19913
chr2	219078189	219278189	harbor1	chr2	219098386	219098668	LINE/L2	2683	-	141	219098527	20338
chr2	219078189	219278189	harbor1	chr2	219098793	219099198	LINE/L2	2683	-	202	219098995	20806
chr2	219078189	219278189	harbor1	chr2	219099417	219099962	LINE/L2	2683	-	272	219099689	21500
chr2	219078189	219278189	harbor1	chr2	219110075	219110254	LINE/L2	1606	-	90	219110165	31976
chr2	219078189	219278189	harbor1	chr2	219110535	219110840	LINE/L2	1606	-	152	219110687	32498
chr2	219078189	219278189	harbor1	chr2	219126577	219127180	LINE/L2	807	-	302	219126879	48690
chr2	219078189	219278189	harbor1	chr2	219138516	219138847	LINE/L2	935	-	166	219138682	60493
chr2	219078189	219278189	harbor1	chr2	219140040	219140828	LINE/L2	2314	-	394	219140434	62245
chr2	219078189	219278189	harbor1	chr2	219140840	219141097	LINE/L2	811	-	128	219140968	62779
chr2	219078189	219278189	harbor1	chr2	219141391	219141893	LINE/L2	811	-	251	219141642	63453
chr2	219078189	219278189	harbor1	chr2	219144260	219144725	LINE/L2	631	-	232	219144492	66303
chr2	26403793	26603793	harbor1	chr2	26429917	26430141	LINE/L2	678	-	112	26430029	26236
chr2	219077856	219277856	harbor1	chr2	219083068	219083253	LINE/L2	772	-	92	219083160	5304
chr2	219077856	219277856	harbor1	chr2	219096377	219096984	LINE/L2	2719	-	304	219096681	18825
chr2	219077856	219277856	harbor1	chr2	219097268	219097456	LINE/L2	2719	-	94	219097362	19506
chr2	219077856	219277856	harbor1	chr2	219097585	219097852	LINE/L2	2719	-	134	219097719	19863
chr2	219077856	219277856	harbor1	chr2	219097854	219098351	LINE/L2	457	-	248	219098102	20246
chr2	219077856	219277856	harbor1	chr2	219098386	219098668	LINE/L2	2683	-	141	219098527	20671
chr2	219077856	219277856	harbor1	chr2	219098793	219099198	LINE/L2	2683	-	202	219098995	21139
chr2	219077856	219277856	harbor1	chr2	219099417	219099962	LINE/L2	2683	-	272	219099689	21833
chr2	219077856	219277856	harbor1	chr2	219110075	219110254	LINE/L2	1606	-	90	219110165	32309
chr2	219077856	219277856	harbor1	chr2	219110535	219110840	LINE/L2	1606	-	152	219110687	32831
chr2	219077856	219277856	harbor1	chr2	219126577	219127180	LINE/L2	807	-	302	219126879	49023
chr2	219077856	219277856	harbor1	chr2	219138516	219138847	LINE/L2	935	-	166	219138682	60826
chr2	219077856	219277856	harbor1	chr2	219140040	219140828	LINE/L2	2314	-	394	219140434	62578
chr2	219077856	219277856	harbor1	chr2	219140840	219141097	LINE/L2	811	-	128	219140968	63112
chr2	219077856	219277856	harbor1	chr2	219141391	219141893	LINE/L2	811	-	251	219141642	63786
chr2	219077856	219277856	harbor1	chr2	219144260	219144725	LINE/L2	631	-	232	219144492	66636
chr2	219078292	219278292	harbor1	chr2	219083068	219083253	LINE/L2	772	-	92	219083160	4868
chr2	219078292	219278292	harbor1	chr2	219096377	219096984	LINE/L2	2719	-	304	219096681	18389
chr2	219078292	219278292	harbor1	chr2	219097268	219097456	LINE/L2	2719	-	94	219097362	19070
chr2	219078292	219278292	harbor1	chr2	219097585	219097852	LINE/L2	2719	-	134	219097719	19427
chr2	219078292	219278292	harbor1	chr2	219097854	219098351	LINE/L2	457	-	248	219098102	19810
chr2	219078292	219278292	harbor1	chr2	219098386	219098668	LINE/L2	2683	-	141	219098527	20235
chr2	219078292	219278292	harbor1	chr2	219098793	219099198	LINE/L2	2683	-	202	219098995	20703
chr2	219078292	219278292	harbor1	chr2	219099417	219099962	LINE/L2	2683	-	272	219099689	21397
chr2	219078292	219278292	harbor1	chr2	219110075	219110254	LINE/L2	1606	-	90	219110165	31873
chr2	219078292	219278292	harbor1	chr2	219110535	219110840	LINE/L2	1606	-	152	219110687	32395
chr2	219078292	219278292	harbor1	chr2	219126577	219127180	LINE/L2	807	-	302	219126879	48587
chr2	219078292	219278292	harbor1	chr2	219138516	219138847	LINE/L2	935	-	166	219138682	60390
chr2	219078292	219278292	harbor1	chr2	219140040	219140828	LINE/L2	2314	-	394	219140434	62142
chr2	219078292	219278292	harbor1	chr2	219140840	219141097	LINE/L2	811	-	128	219140968	62676
chr2	219078292	219278292	harbor1	chr2	219141391	219141893	LINE/L2	811	-	251	219141642	63350
chr2	219078292	219278292	harbor1	chr2	219144260	219144725	LINE/L2	631	-	232	219144492	66200
chr2	219068679	219268679	harbor1	chr2	219083068	219083253	LINE/L2	772	-	92	219083160	14481
chr2	219068679	219268679	harbor1	chr2	219096377	219096984	LINE/L2	2719	-	304	219096681	28002
chr2	219068679	219268679	harbor1	chr2	219097268	219097456	LINE/L2	2719	-	94	219097362	28683
chr2	219068679	219268679	harbor1	chr2	219097585	219097852	LINE/L2	2719	-	134	219097719	29040
chr2	219068679	219268679	harbor1	chr2	219097854	219098351	LINE/L2	457	-	248	219098102	29423
chr2	219068679	219268679	harbor1	chr2	219098386	219098668	LINE/L2	2683	-	141	219098527	29848
chr2	219068679	219268679	harbor1	chr2	219098793	219099198	LINE/L2	2683	-	202	219098995	30316
chr2	219068679	219268679	harbor1	chr2	219099417	219099962	LINE/L2	2683	-	272	219099689	31010
chr2	219068679	219268679	harbor1	chr2	219110075	219110254	LINE/L2	1606	-	90	219110165	41486
chr2	219068679	219268679	harbor1	chr2	219110535	219110840	LINE/L2	1606	-	152	219110687	42008
chr2	219068679	219268679	harbor1	chr2	219126577	219127180	LINE/L2	807	-	302	219126879	58200
chr2	219068679	219268679	harbor1	chr2	219138516	219138847	LINE/L2	935	-	166	219138682	70003
chr2	219068679	219268679	harbor1	chr2	219140040	219140828	LINE/L2	2314	-	394	219140434	71755
chr2	219068679	219268679	harbor1	chr2	219140840	219141097	LINE/L2	811	-	128	219140968	72289
chr2	219068679	219268679	harbor1	chr2	219141391	219141893	LINE/L2	811	-	251	219141642	72963
chr2	219068679	219268679	harbor1	chr2	219144260	219144725	LINE/L2	631	-	232	219144492	75813
chr2	171334240	171534240	harbor1	chr2	171401915	171402260	LINE/L2	613	-	172	171402087	67847
chr2	171334240	171534240	harbor1	chr2	171428560	171428950	LINE/L2	457	-	195	171428755	94515
chr2	69543779	69743779	harbor1	chr2	69606617	69606783	LINE/L2	1268	-	83	69606700	62921
chr2	69543779	69743779	harbor1	chr2	69607070	69607419	LINE/L2	1268	-	174	69607244	63465
chr2	69543779	69743779	harbor1	chr2	69619468	69620266	LINE/L2	1368	-	399	69619867	76088
chr2	69543779	69743779	harbor1	chr2	69626898	69627005	LINE/L2	626	-	54	69626952	83173
chr2	69543779	69743779	harbor1	chr2	69627312	69627695	LINE/L2	626	-	192	69627504	83725
chr2	43055566	43255566	harbor1	chr2	43131894	43132186	LINE/L2	702	-	146	43132040	76474
chr2	43055566	43255566	harbor1	chr2	43134807	43134894	LINE/L2	788	-	44	43134851	79285
chr2	43055566	43255566	harbor1	chr2	43135205	43135263	LINE/L2	788	-	29	43135234	79668
chr2	43055566	43255566	harbor1	chr2	43135551	43135836	LINE/L2	788	-	142	43135693	80127
chr2	26950242	27150242	harbor1	chr2	26966653	26966822	LINE/L2	475	-	84	26966737	16495
chr2	26403734	26603734	harbor1	chr2	26429917	26430141	LINE/L2	678	-	112	26430029	26295
chr2	219077798	219277798	harbor1	chr2	219083068	219083253	LINE/L2	772	-	92	219083160	5362
chr2	219077798	219277798	harbor1	chr2	219096377	219096984	LINE/L2	2719	-	304	219096681	18883
chr2	219077798	219277798	harbor1	chr2	219097268	219097456	LINE/L2	2719	-	94	219097362	19564
chr2	219077798	219277798	harbor1	chr2	219097585	219097852	LINE/L2	2719	-	134	219097719	19921
chr2	219077798	219277798	harbor1	chr2	219097854	219098351	LINE/L2	457	-	248	219098102	20304
chr2	219077798	219277798	harbor1	chr2	219098386	219098668	LINE/L2	2683	-	141	219098527	20729
chr2	219077798	219277798	harbor1	chr2	219098793	219099198	LINE/L2	2683	-	202	219098995	21197
chr2	219077798	219277798	harbor1	chr2	219099417	219099962	LINE/L2	2683	-	272	219099689	21891
chr2	219077798	219277798	harbor1	chr2	219110075	219110254	LINE/L2	1606	-	90	219110165	32367
chr2	219077798	219277798	harbor1	chr2	219110535	219110840	LINE/L2	1606	-	152	219110687	32889
chr2	219077798	219277798	harbor1	chr2	219126577	219127180	LINE/L2	807	-	302	219126879	49081
chr2	219077798	219277798	harbor1	chr2	219138516	219138847	LINE/L2	935	-	166	219138682	60884
chr2	219077798	219277798	harbor1	chr2	219140040	219140828	LINE/L2	2314	-	394	219140434	62636
chr2	219077798	219277798	harbor1	chr2	219140840	219141097	LINE/L2	811	-	128	219140968	63170
chr2	219077798	219277798	harbor1	chr2	219141391	219141893	LINE/L2	811	-	251	219141642	63844
chr2	219077798	219277798	harbor1	chr2	219144260	219144725	LINE/L2	631	-	232	219144492	66694
chr2	219077795	219277795	harbor1	chr2	219083068	219083253	LINE/L2	772	-	92	219083160	5365
chr2	219077795	219277795	harbor1	chr2	219096377	219096984	LINE/L2	2719	-	304	219096681	18886
chr2	219077795	219277795	harbor1	chr2	219097268	219097456	LINE/L2	2719	-	94	219097362	19567
chr2	219077795	219277795	harbor1	chr2	219097585	219097852	LINE/L2	2719	-	134	219097719	19924
chr2	219077795	219277795	harbor1	chr2	219097854	219098351	LINE/L2	457	-	248	219098102	20307
chr2	219077795	219277795	harbor1	chr2	219098386	219098668	LINE/L2	2683	-	141	219098527	20732
chr2	219077795	219277795	harbor1	chr2	219098793	219099198	LINE/L2	2683	-	202	219098995	21200
chr2	219077795	219277795	harbor1	chr2	219099417	219099962	LINE/L2	2683	-	272	219099689	21894
chr2	219077795	219277795	harbor1	chr2	219110075	219110254	LINE/L2	1606	-	90	219110165	32370
chr2	219077795	219277795	harbor1	chr2	219110535	219110840	LINE/L2	1606	-	152	219110687	32892
chr2	219077795	219277795	harbor1	chr2	219126577	219127180	LINE/L2	807	-	302	219126879	49084
chr2	219077795	219277795	harbor1	chr2	219138516	219138847	LINE/L2	935	-	166	219138682	60887
chr2	219077795	219277795	harbor1	chr2	219140040	219140828	LINE/L2	2314	-	394	219140434	62639
chr2	219077795	219277795	harbor1	chr2	219140840	219141097	LINE/L2	811	-	128	219140968	63173
chr2	219077795	219277795	harbor1	chr2	219141391	219141893	LINE/L2	811	-	251	219141642	63847
chr2	219077795	219277795	harbor1	chr2	219144260	219144725	LINE/L2	631	-	232	219144492	66697
chr2	219075968	219275968	harbor1	chr2	219083068	219083253	LINE/L2	772	-	92	219083160	7192
chr2	219075968	219275968	harbor1	chr2	219096377	219096984	LINE/L2	2719	-	304	219096681	20713
chr2	219075968	219275968	harbor1	chr2	219097268	219097456	LINE/L2	2719	-	94	219097362	21394
chr2	219075968	219275968	harbor1	chr2	219097585	219097852	LINE/L2	2719	-	134	219097719	21751
chr2	219075968	219275968	harbor1	chr2	219097854	219098351	LINE/L2	457	-	248	219098102	22134
chr2	219075968	219275968	harbor1	chr2	219098386	219098668	LINE/L2	2683	-	141	219098527	22559
chr2	219075968	219275968	harbor1	chr2	219098793	219099198	LINE/L2	2683	-	202	219098995	23027
chr2	219075968	219275968	harbor1	chr2	219099417	219099962	LINE/L2	2683	-	272	219099689	23721
chr2	219075968	219275968	harbor1	chr2	219110075	219110254	LINE/L2	1606	-	90	219110165	34197
chr2	219075968	219275968	harbor1	chr2	219110535	219110840	LINE/L2	1606	-	152	219110687	34719
chr2	219075968	219275968	harbor1	chr2	219126577	219127180	LINE/L2	807	-	302	219126879	50911
chr2	219075968	219275968	harbor1	chr2	219138516	219138847	LINE/L2	935	-	166	219138682	62714
chr2	219075968	219275968	harbor1	chr2	219140040	219140828	LINE/L2	2314	-	394	219140434	64466
chr2	219075968	219275968	harbor1	chr2	219140840	219141097	LINE/L2	811	-	128	219140968	65000
chr2	219075968	219275968	harbor1	chr2	219141391	219141893	LINE/L2	811	-	251	219141642	65674
chr2	219075968	219275968	harbor1	chr2	219144260	219144725	LINE/L2	631	-	232	219144492	68524
chr2	3475856	3675856	harbor1	chr2	3535534	3535961	LINE/L2	646	-	214	3535748	59892
chr2	241037595	241237595	harbor1	chr2	241082927	241083495	LINE/L2	577	-	284	241083211	45616
chr2	219077844	219277844	harbor1	chr2	219083068	219083253	LINE/L2	772	-	92	219083160	5316
chr2	219077844	219277844	harbor1	chr2	219096377	219096984	LINE/L2	2719	-	304	219096681	18837
chr2	219077844	219277844	harbor1	chr2	219097268	219097456	LINE/L2	2719	-	94	219097362	19518
chr2	219077844	219277844	harbor1	chr2	219097585	219097852	LINE/L2	2719	-	134	219097719	19875
chr2	219077844	219277844	harbor1	chr2	219097854	219098351	LINE/L2	457	-	248	219098102	20258
chr2	219077844	219277844	harbor1	chr2	219098386	219098668	LINE/L2	2683	-	141	219098527	20683
chr2	219077844	219277844	harbor1	chr2	219098793	219099198	LINE/L2	2683	-	202	219098995	21151
chr2	219077844	219277844	harbor1	chr2	219099417	219099962	LINE/L2	2683	-	272	219099689	21845
chr2	219077844	219277844	harbor1	chr2	219110075	219110254	LINE/L2	1606	-	90	219110165	32321
chr2	219077844	219277844	harbor1	chr2	219110535	219110840	LINE/L2	1606	-	152	219110687	32843
chr2	219077844	219277844	harbor1	chr2	219126577	219127180	LINE/L2	807	-	302	219126879	49035
chr2	219077844	219277844	harbor1	chr2	219138516	219138847	LINE/L2	935	-	166	219138682	60838
chr2	219077844	219277844	harbor1	chr2	219140040	219140828	LINE/L2	2314	-	394	219140434	62590
chr2	219077844	219277844	harbor1	chr2	219140840	219141097	LINE/L2	811	-	128	219140968	63124
chr2	219077844	219277844	harbor1	chr2	219141391	219141893	LINE/L2	811	-	251	219141642	63798
chr2	219077844	219277844	harbor1	chr2	219144260	219144725	LINE/L2	631	-	232	219144492	66648
chr2	85502408	85702408	harbor1	chr2	85507794	85507945	LINE/L2	1141	-	76	85507870	5462
chr2	85502408	85702408	harbor1	chr2	85509844	85510114	LINE/L2	1141	-	135	85509979	7571
chr2	113484117	113684117	harbor1	chr2	113560447	113561039	LINE/L2	1085	-	296	113560743	76626
chr2	113484117	113684117	harbor1	chr2	113567023	113567074	LINE/L2	906	-	26	113567049	82932
chr2	113484117	113684117	harbor1	chr2	113568479	113568810	LINE/L2	906	-	166	113568645	84528
chr2	113484117	113684117	harbor1	chr2	113568847	113568988	LINE/L2	616	-	70	113568917	84800
chr2	113484117	113684117	harbor1	chr2	113569295	113569672	LINE/L2	616	-	188	113569483	85366
chr2	113484117	113684117	harbor1	chr2	113572532	113572548	LINE/L2	780	-	8	113572540	88423
chr2	113484117	113684117	harbor1	chr2	113572829	113573146	LINE/L2	780	-	158	113572987	88870
chr2	113484117	113684117	harbor1	chr2	113575263	113575395	LINE/L2	588	-	66	113575329	91212
chr2	219077870	219277870	harbor1	chr2	219083068	219083253	LINE/L2	772	-	92	219083160	5290
chr2	219077870	219277870	harbor1	chr2	219096377	219096984	LINE/L2	2719	-	304	219096681	18811
chr2	219077870	219277870	harbor1	chr2	219097268	219097456	LINE/L2	2719	-	94	219097362	19492
chr2	219077870	219277870	harbor1	chr2	219097585	219097852	LINE/L2	2719	-	134	219097719	19849
chr2	219077870	219277870	harbor1	chr2	219097854	219098351	LINE/L2	457	-	248	219098102	20232
chr2	219077870	219277870	harbor1	chr2	219098386	219098668	LINE/L2	2683	-	141	219098527	20657
chr2	219077870	219277870	harbor1	chr2	219098793	219099198	LINE/L2	2683	-	202	219098995	21125
chr2	219077870	219277870	harbor1	chr2	219099417	219099962	LINE/L2	2683	-	272	219099689	21819
chr2	219077870	219277870	harbor1	chr2	219110075	219110254	LINE/L2	1606	-	90	219110165	32295
chr2	219077870	219277870	harbor1	chr2	219110535	219110840	LINE/L2	1606	-	152	219110687	32817
chr2	219077870	219277870	harbor1	chr2	219126577	219127180	LINE/L2	807	-	302	219126879	49009
chr2	219077870	219277870	harbor1	chr2	219138516	219138847	LINE/L2	935	-	166	219138682	60812
chr2	219077870	219277870	harbor1	chr2	219140040	219140828	LINE/L2	2314	-	394	219140434	62564
chr2	219077870	219277870	harbor1	chr2	219140840	219141097	LINE/L2	811	-	128	219140968	63098
chr2	219077870	219277870	harbor1	chr2	219141391	219141893	LINE/L2	811	-	251	219141642	63772
chr2	219077870	219277870	harbor1	chr2	219144260	219144725	LINE/L2	631	-	232	219144492	66622
chr2	219077895	219277895	harbor1	chr2	219083068	219083253	LINE/L2	772	-	92	219083160	5265
chr2	219077895	219277895	harbor1	chr2	219096377	219096984	LINE/L2	2719	-	304	219096681	18786
chr2	219077895	219277895	harbor1	chr2	219097268	219097456	LINE/L2	2719	-	94	219097362	19467
chr2	219077895	219277895	harbor1	chr2	219097585	219097852	LINE/L2	2719	-	134	219097719	19824
chr2	219077895	219277895	harbor1	chr2	219097854	219098351	LINE/L2	457	-	248	219098102	20207
chr2	219077895	219277895	harbor1	chr2	219098386	219098668	LINE/L2	2683	-	141	219098527	20632
chr2	219077895	219277895	harbor1	chr2	219098793	219099198	LINE/L2	2683	-	202	219098995	21100
chr2	219077895	219277895	harbor1	chr2	219099417	219099962	LINE/L2	2683	-	272	219099689	21794
chr2	219077895	219277895	harbor1	chr2	219110075	219110254	LINE/L2	1606	-	90	219110165	32270
chr2	219077895	219277895	harbor1	chr2	219110535	219110840	LINE/L2	1606	-	152	219110687	32792
chr2	219077895	219277895	harbor1	chr2	219126577	219127180	LINE/L2	807	-	302	219126879	48984
chr2	219077895	219277895	harbor1	chr2	219138516	219138847	LINE/L2	935	-	166	219138682	60787
chr2	219077895	219277895	harbor1	chr2	219140040	219140828	LINE/L2	2314	-	394	219140434	62539
chr2	219077895	219277895	harbor1	chr2	219140840	219141097	LINE/L2	811	-	128	219140968	63073
chr2	219077895	219277895	harbor1	chr2	219141391	219141893	LINE/L2	811	-	251	219141642	63747
chr2	219077895	219277895	harbor1	chr2	219144260	219144725	LINE/L2	631	-	232	219144492	66597
chr2	219077979	219277979	harbor1	chr2	219083068	219083253	LINE/L2	772	-	92	219083160	5181
chr2	219077979	219277979	harbor1	chr2	219096377	219096984	LINE/L2	2719	-	304	219096681	18702
chr2	219077979	219277979	harbor1	chr2	219097268	219097456	LINE/L2	2719	-	94	219097362	19383
chr2	219077979	219277979	harbor1	chr2	219097585	219097852	LINE/L2	2719	-	134	219097719	19740
chr2	219077979	219277979	harbor1	chr2	219097854	219098351	LINE/L2	457	-	248	219098102	20123
chr2	219077979	219277979	harbor1	chr2	219098386	219098668	LINE/L2	2683	-	141	219098527	20548
chr2	219077979	219277979	harbor1	chr2	219098793	219099198	LINE/L2	2683	-	202	219098995	21016
chr2	219077979	219277979	harbor1	chr2	219099417	219099962	LINE/L2	2683	-	272	219099689	21710
chr2	219077979	219277979	harbor1	chr2	219110075	219110254	LINE/L2	1606	-	90	219110165	32186
chr2	219077979	219277979	harbor1	chr2	219110535	219110840	LINE/L2	1606	-	152	219110687	32708
chr2	219077979	219277979	harbor1	chr2	219126577	219127180	LINE/L2	807	-	302	219126879	48900
chr2	219077979	219277979	harbor1	chr2	219138516	219138847	LINE/L2	935	-	166	219138682	60703
chr2	219077979	219277979	harbor1	chr2	219140040	219140828	LINE/L2	2314	-	394	219140434	62455
chr2	219077979	219277979	harbor1	chr2	219140840	219141097	LINE/L2	811	-	128	219140968	62989
chr2	219077979	219277979	harbor1	chr2	219141391	219141893	LINE/L2	811	-	251	219141642	63663
chr2	219077979	219277979	harbor1	chr2	219144260	219144725	LINE/L2	631	-	232	219144492	66513
chr2	70771787	70971787	harbor1	chr2	70813264	70813482	LINE/L2	460	-	109	70813373	41586
chr2	70771787	70971787	harbor1	chr2	70813975	70814385	LINE/L2	460	-	205	70814180	42393
chr2	219078278	219278278	harbor1	chr2	219083068	219083253	LINE/L2	772	-	92	219083160	4882
chr2	219078278	219278278	harbor1	chr2	219096377	219096984	LINE/L2	2719	-	304	219096681	18403
chr2	219078278	219278278	harbor1	chr2	219097268	219097456	LINE/L2	2719	-	94	219097362	19084
chr2	219078278	219278278	harbor1	chr2	219097585	219097852	LINE/L2	2719	-	134	219097719	19441
chr2	219078278	219278278	harbor1	chr2	219097854	219098351	LINE/L2	457	-	248	219098102	19824
chr2	219078278	219278278	harbor1	chr2	219098386	219098668	LINE/L2	2683	-	141	219098527	20249
chr2	219078278	219278278	harbor1	chr2	219098793	219099198	LINE/L2	2683	-	202	219098995	20717
chr2	219078278	219278278	harbor1	chr2	219099417	219099962	LINE/L2	2683	-	272	219099689	21411
chr2	219078278	219278278	harbor1	chr2	219110075	219110254	LINE/L2	1606	-	90	219110165	31887
chr2	219078278	219278278	harbor1	chr2	219110535	219110840	LINE/L2	1606	-	152	219110687	32409
chr2	219078278	219278278	harbor1	chr2	219126577	219127180	LINE/L2	807	-	302	219126879	48601
chr2	219078278	219278278	harbor1	chr2	219138516	219138847	LINE/L2	935	-	166	219138682	60404
chr2	219078278	219278278	harbor1	chr2	219140040	219140828	LINE/L2	2314	-	394	219140434	62156
chr2	219078278	219278278	harbor1	chr2	219140840	219141097	LINE/L2	811	-	128	219140968	62690
chr2	219078278	219278278	harbor1	chr2	219141391	219141893	LINE/L2	811	-	251	219141642	63364
chr2	219078278	219278278	harbor1	chr2	219144260	219144725	LINE/L2	631	-	232	219144492	66214
chr2	113484023	113684023	harbor1	chr2	113560447	113561039	LINE/L2	1085	-	296	113560743	76720
chr2	113484023	113684023	harbor1	chr2	113567023	113567074	LINE/L2	906	-	26	113567049	83026
chr2	113484023	113684023	harbor1	chr2	113568479	113568810	LINE/L2	906	-	166	113568645	84622
chr2	113484023	113684023	harbor1	chr2	113568847	113568988	LINE/L2	616	-	70	113568917	84894
chr2	113484023	113684023	harbor1	chr2	113569295	113569672	LINE/L2	616	-	188	113569483	85460
chr2	113484023	113684023	harbor1	chr2	113572532	113572548	LINE/L2	780	-	8	113572540	88517
chr2	113484023	113684023	harbor1	chr2	113572829	113573146	LINE/L2	780	-	158	113572987	88964
chr2	113484023	113684023	harbor1	chr2	113575263	113575395	LINE/L2	588	-	66	113575329	91306
chr2	74415966	74615966	harbor1	chr2	74456289	74456689	LINE/L2	516	-	200	74456489	40523
chr2	74415966	74615966	harbor1	chr2	74456678	74456977	LINE/L2	767	-	150	74456828	40862
chr2	74415966	74615966	harbor1	chr2	74486389	74486610	LINE/L2	1105	-	110	74486499	70533
chr2	74415966	74615966	harbor1	chr2	74486909	74487141	LINE/L2	1105	-	116	74487025	71059
chr2	217853705	218053705	harbor1	chr2	217917290	217917547	LINE/L2	1114	-	128	217917418	63713
chr2	217853705	218053705	harbor1	chr2	217917851	217918187	LINE/L2	1114	-	168	217918019	64314
chr2	217853705	218053705	harbor1	chr2	217931028	217931203	LINE/L2	476	-	88	217931116	77411
chr2	113484043	113684043	harbor1	chr2	113560447	113561039	LINE/L2	1085	-	296	113560743	76700
chr2	113484043	113684043	harbor1	chr2	113567023	113567074	LINE/L2	906	-	26	113567049	83006
chr2	113484043	113684043	harbor1	chr2	113568479	113568810	LINE/L2	906	-	166	113568645	84602
chr2	113484043	113684043	harbor1	chr2	113568847	113568988	LINE/L2	616	-	70	113568917	84874
chr2	113484043	113684043	harbor1	chr2	113569295	113569672	LINE/L2	616	-	188	113569483	85440
chr2	113484043	113684043	harbor1	chr2	113572532	113572548	LINE/L2	780	-	8	113572540	88497
chr2	113484043	113684043	harbor1	chr2	113572829	113573146	LINE/L2	780	-	158	113572987	88944
chr2	113484043	113684043	harbor1	chr2	113575263	113575395	LINE/L2	588	-	66	113575329	91286
chr2	72783861	72983861	harbor1	chr2	72817487	72817665	LINE/L2	618	-	89	72817576	33715
chr2	72783861	72983861	harbor1	chr2	72845061	72845166	LINE/L2	529	-	52	72845113	61252
chr2	72783861	72983861	harbor1	chr2	72845210	72845253	LINE/L2	529	-	22	72845232	61371
chr2	72783861	72983861	harbor1	chr2	72846600	72846898	LINE/L2	529	-	149	72846749	62888
chr2	72783861	72983861	harbor1	chr2	72846877	72847131	LINE/L2	482	-	127	72847004	63143
chr2	72783861	72983861	harbor1	chr2	72847594	72847658	LINE/L2	482	-	32	72847626	63765
chr2	72783861	72983861	harbor1	chr2	72848348	72849362	LINE/L2	2218	-	507	72848855	64994
chr2	158867991	159067991	harbor1	chr2	158907345	158907623	LINE/L2	490	-	139	158907484	39493
chr2	43055564	43255564	harbor1	chr2	43131894	43132186	LINE/L2	702	-	146	43132040	76476
chr2	43055564	43255564	harbor1	chr2	43134807	43134894	LINE/L2	788	-	44	43134851	79287
chr2	43055564	43255564	harbor1	chr2	43135205	43135263	LINE/L2	788	-	29	43135234	79670
chr2	43055564	43255564	harbor1	chr2	43135551	43135836	LINE/L2	788	-	142	43135693	80129
chr2	2616616	2816616	harbor1	chr2	2654910	2655137	LINE/L2	615	-	114	2655024	38408
chr2	2616616	2816616	harbor1	chr2	2670948	2671280	LINE/L2	470	-	166	2671114	54498
chr2	2616616	2816616	harbor1	chr2	2671617	2672182	LINE/L2	470	-	282	2671899	55283
chr2	2616616	2816616	harbor1	chr2	2681842	2682702	LINE/L2	1121	-	430	2682272	65656
chr2	43054703	43254703	harbor1	chr2	43131894	43132186	LINE/L2	702	-	146	43132040	77337
chr2	43054703	43254703	harbor1	chr2	43134807	43134894	LINE/L2	788	-	44	43134851	80148
chr2	43054703	43254703	harbor1	chr2	43135205	43135263	LINE/L2	788	-	29	43135234	80531
chr2	43054703	43254703	harbor1	chr2	43135551	43135836	LINE/L2	788	-	142	43135693	80990
chr2	85227775	85427775	harbor1	chr2	85238519	85238774	LINE/L2	575	-	128	85238647	10872
chr2	85227775	85427775	harbor1	chr2	85244018	85244534	LINE/L2	1149	-	258	85244276	16501
chr2	69543869	69743869	harbor1	chr2	69606617	69606783	LINE/L2	1268	-	83	69606700	62831
chr2	69543869	69743869	harbor1	chr2	69607070	69607419	LINE/L2	1268	-	174	69607244	63375
chr2	69543869	69743869	harbor1	chr2	69619468	69620266	LINE/L2	1368	-	399	69619867	75998
chr2	69543869	69743869	harbor1	chr2	69626898	69627005	LINE/L2	626	-	54	69626952	83083
chr2	69543869	69743869	harbor1	chr2	69627312	69627695	LINE/L2	626	-	192	69627504	83635
chr2	34909049	35109049	harbor1	chr2	34990388	34990538	LINE/L2	499	-	75	34990463	81414
chr2	34909049	35109049	harbor1	chr2	34990826	34991721	LINE/L2	1679	-	448	34991274	82225
chr2	219068714	219268714	harbor1	chr2	219083068	219083253	LINE/L2	772	-	92	219083160	14446
chr2	219068714	219268714	harbor1	chr2	219096377	219096984	LINE/L2	2719	-	304	219096681	27967
chr2	219068714	219268714	harbor1	chr2	219097268	219097456	LINE/L2	2719	-	94	219097362	28648
chr2	219068714	219268714	harbor1	chr2	219097585	219097852	LINE/L2	2719	-	134	219097719	29005
chr2	219068714	219268714	harbor1	chr2	219097854	219098351	LINE/L2	457	-	248	219098102	29388
chr2	219068714	219268714	harbor1	chr2	219098386	219098668	LINE/L2	2683	-	141	219098527	29813
chr2	219068714	219268714	harbor1	chr2	219098793	219099198	LINE/L2	2683	-	202	219098995	30281
chr2	219068714	219268714	harbor1	chr2	219099417	219099962	LINE/L2	2683	-	272	219099689	30975
chr2	219068714	219268714	harbor1	chr2	219110075	219110254	LINE/L2	1606	-	90	219110165	41451
chr2	219068714	219268714	harbor1	chr2	219110535	219110840	LINE/L2	1606	-	152	219110687	41973
chr2	219068714	219268714	harbor1	chr2	219126577	219127180	LINE/L2	807	-	302	219126879	58165
chr2	219068714	219268714	harbor1	chr2	219138516	219138847	LINE/L2	935	-	166	219138682	69968
chr2	219068714	219268714	harbor1	chr2	219140040	219140828	LINE/L2	2314	-	394	219140434	71720
chr2	219068714	219268714	harbor1	chr2	219140840	219141097	LINE/L2	811	-	128	219140968	72254
chr2	219068714	219268714	harbor1	chr2	219141391	219141893	LINE/L2	811	-	251	219141642	72928
chr2	219068714	219268714	harbor1	chr2	219144260	219144725	LINE/L2	631	-	232	219144492	75778
chr2	86463906	86663906	harbor1	chr2	86525792	86526046	LINE/L2	589	-	127	86525919	62013
chr2	46198450	46398450	harbor1	chr2	46276468	46276804	LINE/L2	566	-	168	46276636	78186
chr2	46198450	46398450	harbor1	chr2	46284110	46284550	LINE/L2	575	-	220	46284330	85880
chr2	190910082	191110082	harbor1	chr2	190943188	190943568	LINE/L2	710	-	190	190943378	33296
chr2	190910082	191110082	harbor1	chr2	190949785	190950511	LINE/L2	574	-	363	190950148	40066
chr2	190910082	191110082	harbor1	chr2	190950756	190950971	LINE/L2	520	-	108	190950864	40782
chr2	237867377	238067377	harbor1	chr2	237901439	237901562	LINE/L2	473	-	62	237901501	34124
chr2	219077841	219277841	harbor1	chr2	219083068	219083253	LINE/L2	772	-	92	219083160	5319
chr2	219077841	219277841	harbor1	chr2	219096377	219096984	LINE/L2	2719	-	304	219096681	18840
chr2	219077841	219277841	harbor1	chr2	219097268	219097456	LINE/L2	2719	-	94	219097362	19521
chr2	219077841	219277841	harbor1	chr2	219097585	219097852	LINE/L2	2719	-	134	219097719	19878
chr2	219077841	219277841	harbor1	chr2	219097854	219098351	LINE/L2	457	-	248	219098102	20261
chr2	219077841	219277841	harbor1	chr2	219098386	219098668	LINE/L2	2683	-	141	219098527	20686
chr2	219077841	219277841	harbor1	chr2	219098793	219099198	LINE/L2	2683	-	202	219098995	21154
chr2	219077841	219277841	harbor1	chr2	219099417	219099962	LINE/L2	2683	-	272	219099689	21848
chr2	219077841	219277841	harbor1	chr2	219110075	219110254	LINE/L2	1606	-	90	219110165	32324
chr2	219077841	219277841	harbor1	chr2	219110535	219110840	LINE/L2	1606	-	152	219110687	32846
chr2	219077841	219277841	harbor1	chr2	219126577	219127180	LINE/L2	807	-	302	219126879	49038
chr2	219077841	219277841	harbor1	chr2	219138516	219138847	LINE/L2	935	-	166	219138682	60841
chr2	219077841	219277841	harbor1	chr2	219140040	219140828	LINE/L2	2314	-	394	219140434	62593
chr2	219077841	219277841	harbor1	chr2	219140840	219141097	LINE/L2	811	-	128	219140968	63127
chr2	219077841	219277841	harbor1	chr2	219141391	219141893	LINE/L2	811	-	251	219141642	63801
chr2	219077841	219277841	harbor1	chr2	219144260	219144725	LINE/L2	631	-	232	219144492	66651
chr2	26950263	27150263	harbor1	chr2	26966653	26966822	LINE/L2	475	-	84	26966737	16474
chr2	202592156	202792156	harbor1	chr2	202595905	202596600	LINE/L2	655	-	348	202596253	4097
chr2	168550531	168750531	harbor1	chr2	168575954	168576124	LINE/L2	448	-	85	168576039	25508
chr2	168550531	168750531	harbor1	chr2	168576808	168577855	LINE/L2	2433	-	524	168577332	26801
chr2	42069545	42269545	harbor1	chr2	42087332	42087448	LINE/L2	472	-	58	42087390	17845
chr2	42069545	42269545	harbor1	chr2	42092767	42093204	LINE/L2	579	-	218	42092985	23440
chr2	42069545	42269545	harbor1	chr2	42093396	42093466	LINE/L2	540	-	35	42093431	23886
chr2	42069545	42269545	harbor1	chr2	42093765	42093971	LINE/L2	540	-	103	42093868	24323
chr2	42069545	42269545	harbor1	chr2	42163001	42163101	LINE/L2	652	-	50	42163051	93506
chr2	127928490	128128490	harbor1	chr2	127978482	127978674	LINE/L2	469	-	96	127978578	50088
chr2	127928490	128128490	harbor1	chr2	127982120	127983072	LINE/L2	1254	-	476	127982596	54106
chr2	127928490	128128490	harbor1	chr2	127983427	127983678	LINE/L2	525	-	126	127983553	55063
chr2	219077944	219277944	harbor1	chr2	219083068	219083253	LINE/L2	772	-	92	219083160	5216
chr2	219077944	219277944	harbor1	chr2	219096377	219096984	LINE/L2	2719	-	304	219096681	18737
chr2	219077944	219277944	harbor1	chr2	219097268	219097456	LINE/L2	2719	-	94	219097362	19418
chr2	219077944	219277944	harbor1	chr2	219097585	219097852	LINE/L2	2719	-	134	219097719	19775
chr2	219077944	219277944	harbor1	chr2	219097854	219098351	LINE/L2	457	-	248	219098102	20158
chr2	219077944	219277944	harbor1	chr2	219098386	219098668	LINE/L2	2683	-	141	219098527	20583
chr2	219077944	219277944	harbor1	chr2	219098793	219099198	LINE/L2	2683	-	202	219098995	21051
chr2	219077944	219277944	harbor1	chr2	219099417	219099962	LINE/L2	2683	-	272	219099689	21745
chr2	219077944	219277944	harbor1	chr2	219110075	219110254	LINE/L2	1606	-	90	219110165	32221
chr2	219077944	219277944	harbor1	chr2	219110535	219110840	LINE/L2	1606	-	152	219110687	32743
chr2	219077944	219277944	harbor1	chr2	219126577	219127180	LINE/L2	807	-	302	219126879	48935
chr2	219077944	219277944	harbor1	chr2	219138516	219138847	LINE/L2	935	-	166	219138682	60738
chr2	219077944	219277944	harbor1	chr2	219140040	219140828	LINE/L2	2314	-	394	219140434	62490
chr2	219077944	219277944	harbor1	chr2	219140840	219141097	LINE/L2	811	-	128	219140968	63024
chr2	219077944	219277944	harbor1	chr2	219141391	219141893	LINE/L2	811	-	251	219141642	63698
chr2	219077944	219277944	harbor1	chr2	219144260	219144725	LINE/L2	631	-	232	219144492	66548
chr2	190914213	191114213	harbor1	chr2	190943188	190943568	LINE/L2	710	-	190	190943378	29165
chr2	190914213	191114213	harbor1	chr2	190949785	190950511	LINE/L2	574	-	363	190950148	35935
chr2	190914213	191114213	harbor1	chr2	190950756	190950971	LINE/L2	520	-	108	190950864	36651
chr2	113484094	113684094	harbor1	chr2	113560447	113561039	LINE/L2	1085	-	296	113560743	76649
chr2	113484094	113684094	harbor1	chr2	113567023	113567074	LINE/L2	906	-	26	113567049	82955
chr2	113484094	113684094	harbor1	chr2	113568479	113568810	LINE/L2	906	-	166	113568645	84551
chr2	113484094	113684094	harbor1	chr2	113568847	113568988	LINE/L2	616	-	70	113568917	84823
chr2	113484094	113684094	harbor1	chr2	113569295	113569672	LINE/L2	616	-	188	113569483	85389
chr2	113484094	113684094	harbor1	chr2	113572532	113572548	LINE/L2	780	-	8	113572540	88446
chr2	113484094	113684094	harbor1	chr2	113572829	113573146	LINE/L2	780	-	158	113572987	88893
chr2	113484094	113684094	harbor1	chr2	113575263	113575395	LINE/L2	588	-	66	113575329	91235
chr2	85227776	85427776	harbor1	chr2	85238519	85238774	LINE/L2	575	-	128	85238647	10871
chr2	85227776	85427776	harbor1	chr2	85244018	85244534	LINE/L2	1149	-	258	85244276	16500
chr2	86976350	87176350	harbor1	chr2	87027676	87027967	LINE/L2	516	-	146	87027822	51472
chr2	86976350	87176350	harbor1	chr2	87028410	87028456	LINE/L2	516	-	23	87028433	52083
chr2	86976350	87176350	harbor1	chr2	87028623	87028938	LINE/L2	794	-	158	87028781	52431
chr2	86976350	87176350	harbor1	chr2	87029153	87029521	LINE/L2	794	-	184	87029337	52987
chr2	86976350	87176350	harbor1	chr2	87057591	87058173	LINE/L2	2073	-	291	87057882	81532
chr2	86976350	87176350	harbor1	chr2	87058466	87058685	LINE/L2	2073	-	110	87058576	82226
chr2	86976350	87176350	harbor1	chr2	87058930	87059134	LINE/L2	2073	-	102	87059032	82682
chr2	86976350	87176350	harbor1	chr2	87059160	87059527	LINE/L2	2073	-	184	87059344	82994
chr2	63488511	63688511	harbor1	chr2	63587164	63587403	LINE/L2	484	-	120	63587284	98773
chr2	26950257	27150257	harbor1	chr2	26966653	26966822	LINE/L2	475	-	84	26966737	16480
chr2	37132026	37332026	harbor1	chr2	37155973	37156263	LINE/L2	639	-	145	37156118	24092
chr2	74413594	74613594	harbor1	chr2	74456289	74456689	LINE/L2	516	-	200	74456489	42895
chr2	74413594	74613594	harbor1	chr2	74456678	74456977	LINE/L2	767	-	150	74456828	43234
chr2	74413594	74613594	harbor1	chr2	74486389	74486610	LINE/L2	1105	-	110	74486499	72905
chr2	74413594	74613594	harbor1	chr2	74486909	74487141	LINE/L2	1105	-	116	74487025	73431
chr2	120748279	120948279	harbor1	chr2	120811871	120812068	LINE/L2	527	-	98	120811969	63690
chr2	56085054	56285054	harbor1	chr2	56166773	56167551	LINE/L2	2079	-	389	56167162	82108
chr2	56085054	56285054	harbor1	chr2	56147586	56148039	LINE/L2	558	-	226	56147812	62758
chr2	219343396	219543396	harbor1	chr2	219397510	219397714	LINE/L2	646	-	102	219397612	54216
chr2	74415971	74615971	harbor1	chr2	74456289	74456689	LINE/L2	516	-	200	74456489	40518
chr2	74415971	74615971	harbor1	chr2	74456678	74456977	LINE/L2	767	-	150	74456828	40857
chr2	74415971	74615971	harbor1	chr2	74486389	74486610	LINE/L2	1105	-	110	74486499	70528
chr2	74415971	74615971	harbor1	chr2	74486909	74487141	LINE/L2	1105	-	116	74487025	71054
chr2	26950296	27150296	harbor1	chr2	26966653	26966822	LINE/L2	475	-	84	26966737	16441
chr2	218165589	218365589	harbor1	chr2	218192085	218192370	LINE/L2	515	-	142	218192227	26638
chr2	240592012	240792012	harbor1	chr2	240611536	240612013	LINE/L2	752	-	238	240611774	19762
chr2	218378783	218578783	harbor1	chr2	218390160	218390449	LINE/L2	693	-	144	218390304	11521
chr2	218378783	218578783	harbor1	chr2	218420886	218421251	LINE/L2	465	-	182	218421068	42285
chr2	218378783	218578783	harbor1	chr2	218470954	218471234	LINE/L2	507	-	140	218471094	92311
chr2	56085032	56285032	harbor1	chr2	56166773	56167551	LINE/L2	2079	-	389	56167162	82130
chr2	56085032	56285032	harbor1	chr2	56147586	56148039	LINE/L2	558	-	226	56147812	62780
chr2	56085009	56285009	harbor1	chr2	56166773	56167551	LINE/L2	2079	-	389	56167162	82153
chr2	56085009	56285009	harbor1	chr2	56147586	56148039	LINE/L2	558	-	226	56147812	62803
chr2	70771209	70971209	harbor1	chr2	70813264	70813482	LINE/L2	460	-	109	70813373	42164
chr2	70771209	70971209	harbor1	chr2	70813975	70814385	LINE/L2	460	-	205	70814180	42971
chr2	85502856	85702856	harbor1	chr2	85507794	85507945	LINE/L2	1141	-	76	85507870	5014
chr2	85502856	85702856	harbor1	chr2	85509844	85510114	LINE/L2	1141	-	135	85509979	7123
chr2	162739522	162939522	harbor1	chr2	162749336	162749657	LINE/L2	725	-	160	162749496	9974
chr2	162739522	162939522	harbor1	chr2	162782162	162782672	LINE/L2	1416	-	255	162782417	42895
chr2	26950239	27150239	harbor1	chr2	26966653	26966822	LINE/L2	475	-	84	26966737	16498
chr2	26144160	26344160	harbor1	chr2	26240227	26240359	LINE/L2	575	-	66	26240293	96133
chr2	26154867	26354867	harbor1	chr2	26240227	26240359	LINE/L2	575	-	66	26240293	85426
chr2	74270990	74470990	harbor1	chr2	74359434	74359851	LINE/L2	463	-	208	74359642	88652
chr2	207668717	207868717	harbor1	chr2	207743980	207744352	LINE/L2	559	-	186	207744166	75449
chr2	74415648	74615648	harbor1	chr2	74456289	74456689	LINE/L2	516	-	200	74456489	40841
chr2	74415648	74615648	harbor1	chr2	74456678	74456977	LINE/L2	767	-	150	74456828	41180
chr2	74415648	74615648	harbor1	chr2	74486389	74486610	LINE/L2	1105	-	110	74486499	70851
chr2	74415648	74615648	harbor1	chr2	74486909	74487141	LINE/L2	1105	-	116	74487025	71377
chr2	46198509	46398509	harbor1	chr2	46276468	46276804	LINE/L2	566	-	168	46276636	78127
chr2	46198509	46398509	harbor1	chr2	46284110	46284550	LINE/L2	575	-	220	46284330	85821
chr2	219458026	219658026	harbor1	chr2	219502643	219502844	LINE/L2	556	-	100	219502743	44717
chr2	219458026	219658026	harbor1	chr2	219533363	219533750	LINE/L2	495	-	194	219533557	75531
chr2	219458026	219658026	harbor1	chr2	219548239	219548891	LINE/L2	836	-	326	219548565	90539
chr2	219077888	219277888	harbor1	chr2	219083068	219083253	LINE/L2	772	-	92	219083160	5272
chr2	219077888	219277888	harbor1	chr2	219096377	219096984	LINE/L2	2719	-	304	219096681	18793
chr2	219077888	219277888	harbor1	chr2	219097268	219097456	LINE/L2	2719	-	94	219097362	19474
chr2	219077888	219277888	harbor1	chr2	219097585	219097852	LINE/L2	2719	-	134	219097719	19831
chr2	219077888	219277888	harbor1	chr2	219097854	219098351	LINE/L2	457	-	248	219098102	20214
chr2	219077888	219277888	harbor1	chr2	219098386	219098668	LINE/L2	2683	-	141	219098527	20639
chr2	219077888	219277888	harbor1	chr2	219098793	219099198	LINE/L2	2683	-	202	219098995	21107
chr2	219077888	219277888	harbor1	chr2	219099417	219099962	LINE/L2	2683	-	272	219099689	21801
chr2	219077888	219277888	harbor1	chr2	219110075	219110254	LINE/L2	1606	-	90	219110165	32277
chr2	219077888	219277888	harbor1	chr2	219110535	219110840	LINE/L2	1606	-	152	219110687	32799
chr2	219077888	219277888	harbor1	chr2	219126577	219127180	LINE/L2	807	-	302	219126879	48991
chr2	219077888	219277888	harbor1	chr2	219138516	219138847	LINE/L2	935	-	166	219138682	60794
chr2	219077888	219277888	harbor1	chr2	219140040	219140828	LINE/L2	2314	-	394	219140434	62546
chr2	219077888	219277888	harbor1	chr2	219140840	219141097	LINE/L2	811	-	128	219140968	63080
chr2	219077888	219277888	harbor1	chr2	219141391	219141893	LINE/L2	811	-	251	219141642	63754
chr2	219077888	219277888	harbor1	chr2	219144260	219144725	LINE/L2	631	-	232	219144492	66604
chr2	219078289	219278289	harbor1	chr2	219083068	219083253	LINE/L2	772	-	92	219083160	4871
chr2	219078289	219278289	harbor1	chr2	219096377	219096984	LINE/L2	2719	-	304	219096681	18392
chr2	219078289	219278289	harbor1	chr2	219097268	219097456	LINE/L2	2719	-	94	219097362	19073
chr2	219078289	219278289	harbor1	chr2	219097585	219097852	LINE/L2	2719	-	134	219097719	19430
chr2	219078289	219278289	harbor1	chr2	219097854	219098351	LINE/L2	457	-	248	219098102	19813
chr2	219078289	219278289	harbor1	chr2	219098386	219098668	LINE/L2	2683	-	141	219098527	20238
chr2	219078289	219278289	harbor1	chr2	219098793	219099198	LINE/L2	2683	-	202	219098995	20706
chr2	219078289	219278289	harbor1	chr2	219099417	219099962	LINE/L2	2683	-	272	219099689	21400
chr2	219078289	219278289	harbor1	chr2	219110075	219110254	LINE/L2	1606	-	90	219110165	31876
chr2	219078289	219278289	harbor1	chr2	219110535	219110840	LINE/L2	1606	-	152	219110687	32398
chr2	219078289	219278289	harbor1	chr2	219126577	219127180	LINE/L2	807	-	302	219126879	48590
chr2	219078289	219278289	harbor1	chr2	219138516	219138847	LINE/L2	935	-	166	219138682	60393
chr2	219078289	219278289	harbor1	chr2	219140040	219140828	LINE/L2	2314	-	394	219140434	62145
chr2	219078289	219278289	harbor1	chr2	219140840	219141097	LINE/L2	811	-	128	219140968	62679
chr2	219078289	219278289	harbor1	chr2	219141391	219141893	LINE/L2	811	-	251	219141642	63353
chr2	219078289	219278289	harbor1	chr2	219144260	219144725	LINE/L2	631	-	232	219144492	66203
chr2	219077799	219277799	harbor1	chr2	219083068	219083253	LINE/L2	772	-	92	219083160	5361
chr2	219077799	219277799	harbor1	chr2	219096377	219096984	LINE/L2	2719	-	304	219096681	18882
chr2	219077799	219277799	harbor1	chr2	219097268	219097456	LINE/L2	2719	-	94	219097362	19563
chr2	219077799	219277799	harbor1	chr2	219097585	219097852	LINE/L2	2719	-	134	219097719	19920
chr2	219077799	219277799	harbor1	chr2	219097854	219098351	LINE/L2	457	-	248	219098102	20303
chr2	219077799	219277799	harbor1	chr2	219098386	219098668	LINE/L2	2683	-	141	219098527	20728
chr2	219077799	219277799	harbor1	chr2	219098793	219099198	LINE/L2	2683	-	202	219098995	21196
chr2	219077799	219277799	harbor1	chr2	219099417	219099962	LINE/L2	2683	-	272	219099689	21890
chr2	219077799	219277799	harbor1	chr2	219110075	219110254	LINE/L2	1606	-	90	219110165	32366
chr2	219077799	219277799	harbor1	chr2	219110535	219110840	LINE/L2	1606	-	152	219110687	32888
chr2	219077799	219277799	harbor1	chr2	219126577	219127180	LINE/L2	807	-	302	219126879	49080
chr2	219077799	219277799	harbor1	chr2	219138516	219138847	LINE/L2	935	-	166	219138682	60883
chr2	219077799	219277799	harbor1	chr2	219140040	219140828	LINE/L2	2314	-	394	219140434	62635
chr2	219077799	219277799	harbor1	chr2	219140840	219141097	LINE/L2	811	-	128	219140968	63169
chr2	219077799	219277799	harbor1	chr2	219141391	219141893	LINE/L2	811	-	251	219141642	63843
chr2	219077799	219277799	harbor1	chr2	219144260	219144725	LINE/L2	631	-	232	219144492	66693
chr2	53760159	53960159	harbor1	chr2	53762005	53762342	LINE/L2	584	-	168	53762173	2014
chr2	53760159	53960159	harbor1	chr2	53828888	53829646	LINE/L2	1864	-	379	53829267	69108
chr2	70771799	70971799	harbor1	chr2	70813264	70813482	LINE/L2	460	-	109	70813373	41574
chr2	70771799	70971799	harbor1	chr2	70813975	70814385	LINE/L2	460	-	205	70814180	42381
chr2	219130337	219330337	harbor1	chr2	219138516	219138847	LINE/L2	935	-	166	219138682	8345
chr2	219130337	219330337	harbor1	chr2	219140040	219140828	LINE/L2	2314	-	394	219140434	10097
chr2	219130337	219330337	harbor1	chr2	219140840	219141097	LINE/L2	811	-	128	219140968	10631
chr2	219130337	219330337	harbor1	chr2	219141391	219141893	LINE/L2	811	-	251	219141642	11305
chr2	219130337	219330337	harbor1	chr2	219144260	219144725	LINE/L2	631	-	232	219144492	14155
chr2	219130337	219330337	harbor1	chr2	219221528	219221989	LINE/L2	1142	-	230	219221758	91421
chr2	72787395	72987395	harbor1	chr2	72817487	72817665	LINE/L2	618	-	89	72817576	30181
chr2	72787395	72987395	harbor1	chr2	72845061	72845166	LINE/L2	529	-	52	72845113	57718
chr2	72787395	72987395	harbor1	chr2	72845210	72845253	LINE/L2	529	-	22	72845232	57837
chr2	72787395	72987395	harbor1	chr2	72846600	72846898	LINE/L2	529	-	149	72846749	59354
chr2	72787395	72987395	harbor1	chr2	72846877	72847131	LINE/L2	482	-	127	72847004	59609
chr2	72787395	72987395	harbor1	chr2	72847594	72847658	LINE/L2	482	-	32	72847626	60231
chr2	72787395	72987395	harbor1	chr2	72848348	72849362	LINE/L2	2218	-	507	72848855	61460
chr2	219068715	219268715	harbor1	chr2	219083068	219083253	LINE/L2	772	-	92	219083160	14445
chr2	219068715	219268715	harbor1	chr2	219096377	219096984	LINE/L2	2719	-	304	219096681	27966
chr2	219068715	219268715	harbor1	chr2	219097268	219097456	LINE/L2	2719	-	94	219097362	28647
chr2	219068715	219268715	harbor1	chr2	219097585	219097852	LINE/L2	2719	-	134	219097719	29004
chr2	219068715	219268715	harbor1	chr2	219097854	219098351	LINE/L2	457	-	248	219098102	29387
chr2	219068715	219268715	harbor1	chr2	219098386	219098668	LINE/L2	2683	-	141	219098527	29812
chr2	219068715	219268715	harbor1	chr2	219098793	219099198	LINE/L2	2683	-	202	219098995	30280
chr2	219068715	219268715	harbor1	chr2	219099417	219099962	LINE/L2	2683	-	272	219099689	30974
chr2	219068715	219268715	harbor1	chr2	219110075	219110254	LINE/L2	1606	-	90	219110165	41450
chr2	219068715	219268715	harbor1	chr2	219110535	219110840	LINE/L2	1606	-	152	219110687	41972
chr2	219068715	219268715	harbor1	chr2	219126577	219127180	LINE/L2	807	-	302	219126879	58164
chr2	219068715	219268715	harbor1	chr2	219138516	219138847	LINE/L2	935	-	166	219138682	69967
chr2	219068715	219268715	harbor1	chr2	219140040	219140828	LINE/L2	2314	-	394	219140434	71719
chr2	219068715	219268715	harbor1	chr2	219140840	219141097	LINE/L2	811	-	128	219140968	72253
chr2	219068715	219268715	harbor1	chr2	219141391	219141893	LINE/L2	811	-	251	219141642	72927
chr2	219068715	219268715	harbor1	chr2	219144260	219144725	LINE/L2	631	-	232	219144492	75777
chr2	111924427	112124427	harbor1	chr2	111998401	111998724	LINE/L2	536	-	162	111998563	74136
chr2	26403814	26603814	harbor1	chr2	26429917	26430141	LINE/L2	678	-	112	26430029	26215
chr2	219075962	219275962	harbor1	chr2	219083068	219083253	LINE/L2	772	-	92	219083160	7198
chr2	219075962	219275962	harbor1	chr2	219096377	219096984	LINE/L2	2719	-	304	219096681	20719
chr2	219075962	219275962	harbor1	chr2	219097268	219097456	LINE/L2	2719	-	94	219097362	21400
chr2	219075962	219275962	harbor1	chr2	219097585	219097852	LINE/L2	2719	-	134	219097719	21757
chr2	219075962	219275962	harbor1	chr2	219097854	219098351	LINE/L2	457	-	248	219098102	22140
chr2	219075962	219275962	harbor1	chr2	219098386	219098668	LINE/L2	2683	-	141	219098527	22565
chr2	219075962	219275962	harbor1	chr2	219098793	219099198	LINE/L2	2683	-	202	219098995	23033
chr2	219075962	219275962	harbor1	chr2	219099417	219099962	LINE/L2	2683	-	272	219099689	23727
chr2	219075962	219275962	harbor1	chr2	219110075	219110254	LINE/L2	1606	-	90	219110165	34203
chr2	219075962	219275962	harbor1	chr2	219110535	219110840	LINE/L2	1606	-	152	219110687	34725
chr2	219075962	219275962	harbor1	chr2	219126577	219127180	LINE/L2	807	-	302	219126879	50917
chr2	219075962	219275962	harbor1	chr2	219138516	219138847	LINE/L2	935	-	166	219138682	62720
chr2	219075962	219275962	harbor1	chr2	219140040	219140828	LINE/L2	2314	-	394	219140434	64472
chr2	219075962	219275962	harbor1	chr2	219140840	219141097	LINE/L2	811	-	128	219140968	65006
chr2	219075962	219275962	harbor1	chr2	219141391	219141893	LINE/L2	811	-	251	219141642	65680
chr2	219075962	219275962	harbor1	chr2	219144260	219144725	LINE/L2	631	-	232	219144492	68530
chr2	120665083	120865083	harbor1	chr2	120699596	120699837	LINE/L2	452	-	120	120699716	34633
chr2	120665083	120865083	harbor1	chr2	120700307	120700321	LINE/L2	452	-	7	120700314	35231
chr2	120665083	120865083	harbor1	chr2	120723392	120723574	LINE/L2	466	-	91	120723483	58400
chr2	70557451	70757451	harbor1	chr2	70578845	70579171	LINE/L2	823	-	163	70579008	21557
chr2	70557451	70757451	harbor1	chr2	70605885	70606335	LINE/L2	515	-	225	70606110	48659
chr2	70557451	70757451	harbor1	chr2	70619306	70619869	LINE/L2	1272	-	282	70619588	62137
chr2	70557451	70757451	harbor1	chr2	70620507	70620543	LINE/L2	1272	-	18	70620525	63074
chr2	70557451	70757451	harbor1	chr2	70629755	70630515	LINE/L2	1938	-	380	70630135	72684
chr2	217613937	217813937	harbor1	chr2	217642032	217642599	LINE/L2	1077	-	284	217642316	28379
chr2	26939064	27139064	harbor1	chr2	26966653	26966822	LINE/L2	475	-	84	26966737	27673
chr2	43987388	44187388	harbor1	chr2	43997531	43997731	LINE/L2	604	-	100	43997631	10243
chr2	43987388	44187388	harbor1	chr2	43998021	43998406	LINE/L2	604	-	192	43998213	10825
chr2	43987388	44187388	harbor1	chr2	43998856	43999612	LINE/L2	2283	-	378	43999234	11846
chr2	43987388	44187388	harbor1	chr2	44038883	44039126	LINE/L2	541	-	122	44039005	51617
chr2	43987388	44187388	harbor1	chr2	44039426	44039496	LINE/L2	541	-	35	44039461	52073
chr2	43987388	44187388	harbor1	chr2	44039794	44040179	LINE/L2	458	-	192	44039986	52598
chr2	43987388	44187388	harbor1	chr2	44057701	44058122	LINE/L2	608	-	210	44057911	70523
chr2	127928563	128128563	harbor1	chr2	127978482	127978674	LINE/L2	469	-	96	127978578	50015
chr2	127928563	128128563	harbor1	chr2	127982120	127983072	LINE/L2	1254	-	476	127982596	54033
chr2	127928563	128128563	harbor1	chr2	127983427	127983678	LINE/L2	525	-	126	127983553	54990
chr2	26950213	27150213	harbor1	chr2	26966653	26966822	LINE/L2	475	-	84	26966737	16524
chr2	26950376	27150376	harbor1	chr2	26966653	26966822	LINE/L2	475	-	84	26966737	16361
chr2	111955758	112155758	harbor1	chr2	111998401	111998724	LINE/L2	536	-	162	111998563	42805
chr2	43055480	43255480	harbor1	chr2	43131894	43132186	LINE/L2	702	-	146	43132040	76560
chr2	43055480	43255480	harbor1	chr2	43134807	43134894	LINE/L2	788	-	44	43134851	79371
chr2	43055480	43255480	harbor1	chr2	43135205	43135263	LINE/L2	788	-	29	43135234	79754
chr2	43055480	43255480	harbor1	chr2	43135551	43135836	LINE/L2	788	-	142	43135693	80213
chr2	32257033	32457033	harbor1	chr2	32274256	32274906	LINE/L2	707	-	325	32274581	17548
chr2	32257033	32457033	harbor1	chr2	32284713	32285408	LINE/L2	506	-	348	32285061	28028
chr2	26950221	27150221	harbor1	chr2	26966653	26966822	LINE/L2	475	-	84	26966737	16516
chr2	60966467	61166467	harbor1	chr2	60967696	60967807	LINE/L2	598	-	56	60967752	1285
chr2	60966467	61166467	harbor1	chr2	61033434	61033977	LINE/L2	1183	-	272	61033706	67239
chr2	219458042	219658042	harbor1	chr2	219502643	219502844	LINE/L2	556	-	100	219502743	44701
chr2	219458042	219658042	harbor1	chr2	219533363	219533750	LINE/L2	495	-	194	219533557	75515
chr2	219458042	219658042	harbor1	chr2	219548239	219548891	LINE/L2	836	-	326	219548565	90523
chr2	113484139	113684139	harbor1	chr2	113560447	113561039	LINE/L2	1085	-	296	113560743	76604
chr2	113484139	113684139	harbor1	chr2	113567023	113567074	LINE/L2	906	-	26	113567049	82910
chr2	113484139	113684139	harbor1	chr2	113568479	113568810	LINE/L2	906	-	166	113568645	84506
chr2	113484139	113684139	harbor1	chr2	113568847	113568988	LINE/L2	616	-	70	113568917	84778
chr2	113484139	113684139	harbor1	chr2	113569295	113569672	LINE/L2	616	-	188	113569483	85344
chr2	113484139	113684139	harbor1	chr2	113572532	113572548	LINE/L2	780	-	8	113572540	88401
chr2	113484139	113684139	harbor1	chr2	113572829	113573146	LINE/L2	780	-	158	113572987	88848
chr2	113484139	113684139	harbor1	chr2	113575263	113575395	LINE/L2	588	-	66	113575329	91190
chr2	218179133	218379133	harbor1	chr2	218192085	218192370	LINE/L2	515	-	142	218192227	13094
chr2	113484029	113684029	harbor1	chr2	113560447	113561039	LINE/L2	1085	-	296	113560743	76714
chr2	113484029	113684029	harbor1	chr2	113567023	113567074	LINE/L2	906	-	26	113567049	83020
chr2	113484029	113684029	harbor1	chr2	113568479	113568810	LINE/L2	906	-	166	113568645	84616
chr2	113484029	113684029	harbor1	chr2	113568847	113568988	LINE/L2	616	-	70	113568917	84888
chr2	113484029	113684029	harbor1	chr2	113569295	113569672	LINE/L2	616	-	188	113569483	85454
chr2	113484029	113684029	harbor1	chr2	113572532	113572548	LINE/L2	780	-	8	113572540	88511
chr2	113484029	113684029	harbor1	chr2	113572829	113573146	LINE/L2	780	-	158	113572987	88958
chr2	113484029	113684029	harbor1	chr2	113575263	113575395	LINE/L2	588	-	66	113575329	91300
chr2	219076192	219276192	harbor1	chr2	219083068	219083253	LINE/L2	772	-	92	219083160	6968
chr2	219076192	219276192	harbor1	chr2	219096377	219096984	LINE/L2	2719	-	304	219096681	20489
chr2	219076192	219276192	harbor1	chr2	219097268	219097456	LINE/L2	2719	-	94	219097362	21170
chr2	219076192	219276192	harbor1	chr2	219097585	219097852	LINE/L2	2719	-	134	219097719	21527
chr2	219076192	219276192	harbor1	chr2	219097854	219098351	LINE/L2	457	-	248	219098102	21910
chr2	219076192	219276192	harbor1	chr2	219098386	219098668	LINE/L2	2683	-	141	219098527	22335
chr2	219076192	219276192	harbor1	chr2	219098793	219099198	LINE/L2	2683	-	202	219098995	22803
chr2	219076192	219276192	harbor1	chr2	219099417	219099962	LINE/L2	2683	-	272	219099689	23497
chr2	219076192	219276192	harbor1	chr2	219110075	219110254	LINE/L2	1606	-	90	219110165	33973
chr2	219076192	219276192	harbor1	chr2	219110535	219110840	LINE/L2	1606	-	152	219110687	34495
chr2	219076192	219276192	harbor1	chr2	219126577	219127180	LINE/L2	807	-	302	219126879	50687
chr2	219076192	219276192	harbor1	chr2	219138516	219138847	LINE/L2	935	-	166	219138682	62490
chr2	219076192	219276192	harbor1	chr2	219140040	219140828	LINE/L2	2314	-	394	219140434	64242
chr2	219076192	219276192	harbor1	chr2	219140840	219141097	LINE/L2	811	-	128	219140968	64776
chr2	219076192	219276192	harbor1	chr2	219141391	219141893	LINE/L2	811	-	251	219141642	65450
chr2	219076192	219276192	harbor1	chr2	219144260	219144725	LINE/L2	631	-	232	219144492	68300
chr2	219384924	219584924	harbor1	chr2	219397510	219397714	LINE/L2	646	-	102	219397612	12688
chr2	42000972	42200972	harbor1	chr2	42022776	42023015	LINE/L2	1021	-	120	42022896	21924
chr2	42000972	42200972	harbor1	chr2	42023385	42023530	LINE/L2	1021	-	72	42023457	22485
chr2	42000972	42200972	harbor1	chr2	42033176	42033333	LINE/L2	496	-	78	42033254	32282
chr2	42000972	42200972	harbor1	chr2	42034586	42034942	LINE/L2	496	-	178	42034764	33792
chr2	42000972	42200972	harbor1	chr2	42037189	42037579	LINE/L2	796	-	195	42037384	36412
chr2	42000972	42200972	harbor1	chr2	42087332	42087448	LINE/L2	472	-	58	42087390	86418
chr2	42000972	42200972	harbor1	chr2	42092767	42093204	LINE/L2	579	-	218	42092985	92013
chr2	42000972	42200972	harbor1	chr2	42093396	42093466	LINE/L2	540	-	35	42093431	92459
chr2	42000972	42200972	harbor1	chr2	42093765	42093971	LINE/L2	540	-	103	42093868	92896
chr2	26246137	26446137	harbor1	chr2	26295915	26296018	LINE/L2	450	-	52	26295967	49830
chr2	26246137	26446137	harbor1	chr2	26335963	26336253	LINE/L2	492	-	145	26336108	89971
chr2	42069414	42269414	harbor1	chr2	42087332	42087448	LINE/L2	472	-	58	42087390	17976
chr2	42069414	42269414	harbor1	chr2	42092767	42093204	LINE/L2	579	-	218	42092985	23571
chr2	42069414	42269414	harbor1	chr2	42093396	42093466	LINE/L2	540	-	35	42093431	24017
chr2	42069414	42269414	harbor1	chr2	42093765	42093971	LINE/L2	540	-	103	42093868	24454
chr2	42069414	42269414	harbor1	chr2	42163001	42163101	LINE/L2	652	-	50	42163051	93637
chr2	111023174	111223174	harbor1	chr2	111056899	111057150	LINE/L2	614	-	126	111057025	33851
chr2	219078192	219278192	harbor1	chr2	219083068	219083253	LINE/L2	772	-	92	219083160	4968
chr2	219078192	219278192	harbor1	chr2	219096377	219096984	LINE/L2	2719	-	304	219096681	18489
chr2	219078192	219278192	harbor1	chr2	219097268	219097456	LINE/L2	2719	-	94	219097362	19170
chr2	219078192	219278192	harbor1	chr2	219097585	219097852	LINE/L2	2719	-	134	219097719	19527
chr2	219078192	219278192	harbor1	chr2	219097854	219098351	LINE/L2	457	-	248	219098102	19910
chr2	219078192	219278192	harbor1	chr2	219098386	219098668	LINE/L2	2683	-	141	219098527	20335
chr2	219078192	219278192	harbor1	chr2	219098793	219099198	LINE/L2	2683	-	202	219098995	20803
chr2	219078192	219278192	harbor1	chr2	219099417	219099962	LINE/L2	2683	-	272	219099689	21497
chr2	219078192	219278192	harbor1	chr2	219110075	219110254	LINE/L2	1606	-	90	219110165	31973
chr2	219078192	219278192	harbor1	chr2	219110535	219110840	LINE/L2	1606	-	152	219110687	32495
chr2	219078192	219278192	harbor1	chr2	219126577	219127180	LINE/L2	807	-	302	219126879	48687
chr2	219078192	219278192	harbor1	chr2	219138516	219138847	LINE/L2	935	-	166	219138682	60490
chr2	219078192	219278192	harbor1	chr2	219140040	219140828	LINE/L2	2314	-	394	219140434	62242
chr2	219078192	219278192	harbor1	chr2	219140840	219141097	LINE/L2	811	-	128	219140968	62776
chr2	219078192	219278192	harbor1	chr2	219141391	219141893	LINE/L2	811	-	251	219141642	63450
chr2	219078192	219278192	harbor1	chr2	219144260	219144725	LINE/L2	631	-	232	219144492	66300
chr2	134566253	134766253	harbor1	chr2	134601638	134602005	LINE/L2	849	-	184	134601822	35569
chr2	134566253	134766253	harbor1	chr2	134660061	134660485	LINE/L2	478	-	212	134660273	94020
chr2	158868018	159068018	harbor1	chr2	158907345	158907623	LINE/L2	490	-	139	158907484	39466
chr2	113484027	113684027	harbor1	chr2	113560447	113561039	LINE/L2	1085	-	296	113560743	76716
chr2	113484027	113684027	harbor1	chr2	113567023	113567074	LINE/L2	906	-	26	113567049	83022
chr2	113484027	113684027	harbor1	chr2	113568479	113568810	LINE/L2	906	-	166	113568645	84618
chr2	113484027	113684027	harbor1	chr2	113568847	113568988	LINE/L2	616	-	70	113568917	84890
chr2	113484027	113684027	harbor1	chr2	113569295	113569672	LINE/L2	616	-	188	113569483	85456
chr2	113484027	113684027	harbor1	chr2	113572532	113572548	LINE/L2	780	-	8	113572540	88513
chr2	113484027	113684027	harbor1	chr2	113572829	113573146	LINE/L2	780	-	158	113572987	88960
chr2	113484027	113684027	harbor1	chr2	113575263	113575395	LINE/L2	588	-	66	113575329	91302
chr2	72971175	73171175	harbor1	chr2	72982482	72982909	LINE/L2	480	-	214	72982696	11521
chr2	72971175	73171175	harbor1	chr2	73033202	73033790	LINE/L2	1790	-	294	73033496	62321
chr2	72971175	73171175	harbor1	chr2	73034007	73034139	LINE/L2	1114	-	66	73034073	62898
chr2	72971175	73171175	harbor1	chr2	73068622	73069516	LINE/L2	677	-	447	73069069	97894
chr2	26950215	27150215	harbor1	chr2	26966653	26966822	LINE/L2	475	-	84	26966737	16522
chr2	218223831	218423831	harbor1	chr2	218295235	218295681	LINE/L2	656	-	223	218295458	71627
chr2	218223831	218423831	harbor1	chr2	218301849	218302067	LINE/L2	626	-	109	218301958	78127
chr2	218223831	218423831	harbor1	chr2	218302367	218302673	LINE/L2	626	-	153	218302520	78689
chr2	218223831	218423831	harbor1	chr2	218318622	218318886	LINE/L2	636	-	132	218318754	94923
chr2	96108492	96308492	harbor1	chr2	96152139	96152814	LINE/L2	551	-	338	96152477	43985
chr2	96108492	96308492	harbor1	chr2	96161802	96162031	LINE/L2	710	-	114	96161916	53424
chr2	111955737	112155737	harbor1	chr2	111998401	111998724	LINE/L2	536	-	162	111998563	42826
chr2	72043426	72243426	harbor1	chr2	72099038	72099324	LINE/L2	879	-	143	72099181	55755
chr2	72043426	72243426	harbor1	chr2	72106914	72107271	LINE/L2	447	-	178	72107092	63666
chr3	107991301	108191301	harbor1	chr3	108073561	108073826	LINE/L2	545	-	132	108073693	82392
chr3	107991372	108191372	harbor1	chr3	108073561	108073826	LINE/L2	545	-	132	108073693	82321
chr3	107991276	108191276	harbor1	chr3	108073561	108073826	LINE/L2	545	-	132	108073693	82417
chr3	53988061	54188061	harbor1	chr3	54004969	54005113	LINE/L2	421	-	72	54005041	16980
chr3	178972064	179172064	harbor1	chr3	179037812	179038145	LINE/L2	550	-	166	179037978	65914
chr3	178972064	179172064	harbor1	chr3	179038134	179038298	LINE/L2	431	-	82	179038216	66152
chr3	178972064	179172064	harbor1	chr3	179045841	179046264	LINE/L2	650	-	212	179046053	73989
chr3	32470680	32670680	harbor1	chr3	32493444	32494090	LINE/L2	405	-	323	32493767	23087
chr3	51939471	52139471	harbor1	chr3	51952331	51952537	LINE/L2	913	-	103	51952434	12963
chr3	51939471	52139471	harbor1	chr3	51953147	51953545	LINE/L2	1238	-	199	51953346	13875
chr3	51939471	52139471	harbor1	chr3	51953994	51954396	LINE/L2	1238	-	201	51954195	14724
chr3	51939471	52139471	harbor1	chr3	51996824	51997118	LINE/L2	410	-	147	51996971	57500
chr3	51939531	52139531	harbor1	chr3	51952331	51952537	LINE/L2	913	-	103	51952434	12903
chr3	51939531	52139531	harbor1	chr3	51953147	51953545	LINE/L2	1238	-	199	51953346	13815
chr3	51939531	52139531	harbor1	chr3	51953994	51954396	LINE/L2	1238	-	201	51954195	14664
chr3	51939531	52139531	harbor1	chr3	51996824	51997118	LINE/L2	410	-	147	51996971	57440
chr3	11190614	11390614	harbor1	chr3	11204164	11204613	LINE/L2	922	-	224	11204388	13774
chr3	11190614	11390614	harbor1	chr3	11210943	11211308	LINE/L2	642	-	182	11211125	20511
chr3	11190614	11390614	harbor1	chr3	11226991	11227132	LINE/L2	447	-	70	11227061	36447
chr3	11190614	11390614	harbor1	chr3	11228534	11228634	LINE/L2	468	-	50	11228584	37970
chr3	11190614	11390614	harbor1	chr3	11228932	11229076	LINE/L2	468	-	72	11229004	38390
chr3	11190614	11390614	harbor1	chr3	11274207	11274592	LINE/L2	631	-	192	11274399	83785
chr3	11190614	11390614	harbor1	chr3	11274883	11275161	LINE/L2	490	-	139	11275022	84408
chr3	11190614	11390614	harbor1	chr3	11278665	11278992	LINE/L2	401	-	164	11278829	88215
chr3	107991344	108191344	harbor1	chr3	108073561	108073826	LINE/L2	545	-	132	108073693	82349
chr3	4697391	4897391	harbor1	chr3	4752816	4753120	LINE/L2	612	-	152	4752968	55577
chr3	4697391	4897391	harbor1	chr3	4764378	4764691	LINE/L2	555	-	156	4764534	67143
chr3	4697391	4897391	harbor1	chr3	4784000	4784563	LINE/L2	444	-	282	4784282	86891
chr3	107991369	108191369	harbor1	chr3	108073561	108073826	LINE/L2	545	-	132	108073693	82324
chr3	127490205	127690205	harbor1	chr3	127526393	127526877	LINE/L2	806	-	242	127526635	36430
chr3	127490205	127690205	harbor1	chr3	127543382	127543911	LINE/L2	801	-	264	127543646	53441
chr3	127490205	127690205	harbor1	chr3	127544969	127545342	LINE/L2	411	-	186	127545155	54950
chr3	127490205	127690205	harbor1	chr3	127557051	127557336	LINE/L2	406	-	142	127557193	66988
chr3	127490205	127690205	harbor1	chr3	127559901	127560109	LINE/L2	544	-	104	127560005	69800
chr3	127490205	127690205	harbor1	chr3	127585172	127585692	LINE/L2	582	-	260	127585432	95227
chr3	51884539	52084539	harbor1	chr3	51952331	51952537	LINE/L2	913	-	103	51952434	67895
chr3	51884539	52084539	harbor1	chr3	51953147	51953545	LINE/L2	1238	-	199	51953346	68807
chr3	51884539	52084539	harbor1	chr3	51953994	51954396	LINE/L2	1238	-	201	51954195	69656
chr3	49577958	49777958	harbor1	chr3	49619880	49620190	LINE/L2	615	-	155	49620035	42077
chr3	49577958	49777958	harbor1	chr3	49620455	49620706	LINE/L2	2090	-	126	49620581	42623
chr3	49577958	49777958	harbor1	chr3	49620956	49621714	LINE/L2	2090	-	379	49621335	43377
chr3	49577958	49777958	harbor1	chr3	49621887	49622364	LINE/L2	776	-	238	49622125	44167
chr3	49577958	49777958	harbor1	chr3	49666353	49666842	LINE/L2	752	-	244	49666597	88639
chr3	140272103	140472103	harbor1	chr3	140364795	140365135	LINE/L2	553	-	170	140364965	92862
chr3	50169327	50369327	harbor1	chr3	50223429	50223677	LINE/L2	570	-	124	50223553	54226
chr3	50169327	50369327	harbor1	chr3	50224007	50224357	LINE/L2	1408	-	175	50224182	54855
chr3	50169327	50369327	harbor1	chr3	50224655	50225105	LINE/L2	1408	-	225	50224880	55553
chr3	50169327	50369327	harbor1	chr3	50232622	50232776	LINE/L2	393	-	77	50232699	63372
chr3	49583906	49783906	harbor1	chr3	49619880	49620190	LINE/L2	615	-	155	49620035	36129
chr3	49583906	49783906	harbor1	chr3	49620455	49620706	LINE/L2	2090	-	126	49620581	36675
chr3	49583906	49783906	harbor1	chr3	49620956	49621714	LINE/L2	2090	-	379	49621335	37429
chr3	49583906	49783906	harbor1	chr3	49621887	49622364	LINE/L2	776	-	238	49622125	38219
chr3	49583906	49783906	harbor1	chr3	49666353	49666842	LINE/L2	752	-	244	49666597	82691
chr3	143020785	143220785	harbor1	chr3	143065216	143065758	LINE/L2	653	-	271	143065487	44702
chr3	107991302	108191302	harbor1	chr3	108073561	108073826	LINE/L2	545	-	132	108073693	82391
chr3	50275877	50475877	harbor1	chr3	50277981	50278216	LINE/L2	606	-	118	50278099	2222
chr3	197859562	198059562	harbor1	chr3	197871522	197872075	LINE/L2	856	-	276	197871798	12236
chr3	107991335	108191335	harbor1	chr3	108073561	108073826	LINE/L2	545	-	132	108073693	82358
chr3	43898752	44098752	harbor1	chr3	43922297	43922654	LINE/L2	477	-	178	43922475	23723
chr3	126256980	126456980	harbor1	chr3	126327220	126327552	LINE/L2	608	-	166	126327386	70406
chr3	49589474	49789474	harbor1	chr3	49619880	49620190	LINE/L2	615	-	155	49620035	30561
chr3	49589474	49789474	harbor1	chr3	49620455	49620706	LINE/L2	2090	-	126	49620581	31107
chr3	49589474	49789474	harbor1	chr3	49620956	49621714	LINE/L2	2090	-	379	49621335	31861
chr3	49589474	49789474	harbor1	chr3	49621887	49622364	LINE/L2	776	-	238	49622125	32651
chr3	49589474	49789474	harbor1	chr3	49666353	49666842	LINE/L2	752	-	244	49666597	77123
chr3	184086431	184286431	harbor1	chr3	184131871	184131984	LINE/L2	587	-	56	184131927	45496
chr3	184086431	184286431	harbor1	chr3	184165515	184165734	LINE/L2	540	-	110	184165625	79194
chr3	51939509	52139509	harbor1	chr3	51952331	51952537	LINE/L2	913	-	103	51952434	12925
chr3	51939509	52139509	harbor1	chr3	51953147	51953545	LINE/L2	1238	-	199	51953346	13837
chr3	51939509	52139509	harbor1	chr3	51953994	51954396	LINE/L2	1238	-	201	51954195	14686
chr3	51939509	52139509	harbor1	chr3	51996824	51997118	LINE/L2	410	-	147	51996971	57462
chr3	107991385	108191385	harbor1	chr3	108073561	108073826	LINE/L2	545	-	132	108073693	82308
chr3	184086603	184286603	harbor1	chr3	184131871	184131984	LINE/L2	587	-	56	184131927	45324
chr3	184086603	184286603	harbor1	chr3	184165515	184165734	LINE/L2	540	-	110	184165625	79022
chr3	51939455	52139455	harbor1	chr3	51952331	51952537	LINE/L2	913	-	103	51952434	12979
chr3	51939455	52139455	harbor1	chr3	51953147	51953545	LINE/L2	1238	-	199	51953346	13891
chr3	51939455	52139455	harbor1	chr3	51953994	51954396	LINE/L2	1238	-	201	51954195	14740
chr3	51939455	52139455	harbor1	chr3	51996824	51997118	LINE/L2	410	-	147	51996971	57516
chr3	127572813	127772813	harbor1	chr3	127585172	127585692	LINE/L2	582	-	260	127585432	12619
chr3	127572813	127772813	harbor1	chr3	127623334	127623703	LINE/L2	536	-	184	127623518	50705
chr3	127572813	127772813	harbor1	chr3	127624002	127624170	LINE/L2	536	-	84	127624086	51273
chr3	127572813	127772813	harbor1	chr3	127633612	127634100	LINE/L2	439	-	244	127633856	61043
chr3	107991358	108191358	harbor1	chr3	108073561	108073826	LINE/L2	545	-	132	108073693	82335
chr3	156989221	157189221	harbor1	chr3	157021995	157022064	LINE/L2	633	-	34	157022029	32808
chr3	156989221	157189221	harbor1	chr3	157022243	157022739	LINE/L2	633	-	248	157022491	33270
chr3	156989221	157189221	harbor1	chr3	157037727	157038336	LINE/L2	1083	-	304	157038031	48810
chr3	156989221	157189221	harbor1	chr3	157038430	157038691	LINE/L2	646	-	130	157038560	49339
chr3	156989221	157189221	harbor1	chr3	157084055	157084644	LINE/L2	401	-	294	157084349	95128
chr3	156989221	157189221	harbor1	chr3	157007832	157007964	LINE/L2	455	-	66	157007898	18677
chr3	107991326	108191326	harbor1	chr3	108073561	108073826	LINE/L2	545	-	132	108073693	82367
chr3	126257099	126457099	harbor1	chr3	126327220	126327552	LINE/L2	608	-	166	126327386	70287
chr3	107991288	108191288	harbor1	chr3	108073561	108073826	LINE/L2	545	-	132	108073693	82405
chr3	107991382	108191382	harbor1	chr3	108073561	108073826	LINE/L2	545	-	132	108073693	82311
chr3	107991314	108191314	harbor1	chr3	108073561	108073826	LINE/L2	545	-	132	108073693	82379
chr3	107991379	108191379	harbor1	chr3	108073561	108073826	LINE/L2	545	-	132	108073693	82314
chr3	23710865	23910865	harbor1	chr3	23732806	23733217	LINE/L2	393	-	206	23733012	22147
chr3	23710865	23910865	harbor1	chr3	23782774	23783204	LINE/L2	422	-	215	23782989	72124
chr3	23710865	23910865	harbor1	chr3	23785641	23785806	LINE/L2	470	-	82	23785723	74858
chr3	4658451	4858451	harbor1	chr3	4673914	4674159	LINE/L2	554	-	122	4674036	15585
chr3	4658451	4858451	harbor1	chr3	4677187	4677578	LINE/L2	823	-	196	4677383	18932
chr3	4658451	4858451	harbor1	chr3	4677582	4677888	LINE/L2	466	-	153	4677735	19284
chr3	4658451	4858451	harbor1	chr3	4752816	4753120	LINE/L2	612	-	152	4752968	94517
chr3	107991341	108191341	harbor1	chr3	108073561	108073826	LINE/L2	545	-	132	108073693	82352
chr3	107991400	108191400	harbor1	chr3	108073561	108073826	LINE/L2	545	-	132	108073693	82293
chr3	4725656	4925656	harbor1	chr3	4752816	4753120	LINE/L2	612	-	152	4752968	27312
chr3	4725656	4925656	harbor1	chr3	4764378	4764691	LINE/L2	555	-	156	4764534	38878
chr3	4725656	4925656	harbor1	chr3	4799995	4800338	LINE/L2	414	-	172	4800167	74511
chr3	4725656	4925656	harbor1	chr3	4784000	4784563	LINE/L2	444	-	282	4784282	58626
chr3	129021178	129221178	harbor1	chr3	129025009	129025715	LINE/L2	926	-	353	129025362	4184
chr3	129021178	129221178	harbor1	chr3	129033619	129034078	LINE/L2	752	-	230	129033849	12671
chr3	129021178	129221178	harbor1	chr3	129057079	129057601	LINE/L2	1091	-	261	129057340	36162
chr3	129021178	129221178	harbor1	chr3	129057671	129057827	LINE/L2	598	-	78	129057749	36571
chr3	129021178	129221178	harbor1	chr3	129058142	129058275	LINE/L2	598	-	66	129058208	37030
chr3	129021178	129221178	harbor1	chr3	129101335	129101839	LINE/L2	595	-	252	129101587	80409
chr3	129021178	129221178	harbor1	chr3	129117911	129118229	LINE/L2	549	-	159	129118070	96892
chr3	107991325	108191325	harbor1	chr3	108073561	108073826	LINE/L2	545	-	132	108073693	82368
chr3	47534446	47734446	harbor1	chr3	47545088	47545283	LINE/L2	639	-	98	47545186	10740
chr3	184216377	184416377	harbor1	chr3	184282506	184282631	LINE/L2	521	-	62	184282568	66191
chr3	184216377	184416377	harbor1	chr3	184285887	184286520	LINE/L2	409	-	316	184286203	69826
chr3	52830611	53030611	harbor1	chr3	52862371	52862468	LINE/L2	384	-	48	52862419	31808
chr3	128328776	128528776	harbor1	chr3	128348016	128348249	LINE/L2	392	-	116	128348132	19356
chr3	128328776	128528776	harbor1	chr3	128402839	128403220	LINE/L2	889	-	190	128403029	74253
chr3	128328776	128528776	harbor1	chr3	128335148	128336032	LINE/L2	886	-	442	128335590	6814
chr3	123544722	123744722	harbor1	chr3	123586508	123586842	LINE/L2	899	-	167	123586675	41953
chr3	123544722	123744722	harbor1	chr3	123587244	123587282	LINE/L2	899	-	19	123587263	42541
chr3	50488218	50688218	harbor1	chr3	50508686	50509002	LINE/L2	404	-	158	50508844	20626
chr3	51939482	52139482	harbor1	chr3	51952331	51952537	LINE/L2	913	-	103	51952434	12952
chr3	51939482	52139482	harbor1	chr3	51953147	51953545	LINE/L2	1238	-	199	51953346	13864
chr3	51939482	52139482	harbor1	chr3	51953994	51954396	LINE/L2	1238	-	201	51954195	14713
chr3	51939482	52139482	harbor1	chr3	51996824	51997118	LINE/L2	410	-	147	51996971	57489
chr3	107991338	108191338	harbor1	chr3	108073561	108073826	LINE/L2	545	-	132	108073693	82355
chr3	107990780	108190780	harbor1	chr3	108073561	108073826	LINE/L2	545	-	132	108073693	82913
chr3	107991316	108191316	harbor1	chr3	108073561	108073826	LINE/L2	545	-	132	108073693	82377
chr3	123544636	123744636	harbor1	chr3	123586508	123586842	LINE/L2	899	-	167	123586675	42039
chr3	123544636	123744636	harbor1	chr3	123587244	123587282	LINE/L2	899	-	19	123587263	42627
chr3	156575295	156775295	harbor1	chr3	156584494	156584712	LINE/L2	555	-	109	156584603	9308
chr3	156575295	156775295	harbor1	chr3	156586608	156586883	LINE/L2	662	-	138	156586746	11451
chr3	156575295	156775295	harbor1	chr3	156594869	156594988	LINE/L2	499	-	60	156594929	19634
chr3	156575295	156775295	harbor1	chr3	156613991	156614596	LINE/L2	1307	-	302	156614293	38998
chr3	156575295	156775295	harbor1	chr3	156617097	156617406	LINE/L2	714	-	154	156617251	41956
chr3	156575295	156775295	harbor1	chr3	156617571	156618008	LINE/L2	1413	-	218	156617789	42494
chr3	156575295	156775295	harbor1	chr3	156654224	156655267	LINE/L2	570	-	522	156654746	79451
chr3	107991343	108191343	harbor1	chr3	108073561	108073826	LINE/L2	545	-	132	108073693	82350
chr3	156989282	157189282	harbor1	chr3	157021995	157022064	LINE/L2	633	-	34	157022029	32747
chr3	156989282	157189282	harbor1	chr3	157022243	157022739	LINE/L2	633	-	248	157022491	33209
chr3	156989282	157189282	harbor1	chr3	157037727	157038336	LINE/L2	1083	-	304	157038031	48749
chr3	156989282	157189282	harbor1	chr3	157038430	157038691	LINE/L2	646	-	130	157038560	49278
chr3	156989282	157189282	harbor1	chr3	157084055	157084644	LINE/L2	401	-	294	157084349	95067
chr3	156989282	157189282	harbor1	chr3	157007832	157007964	LINE/L2	455	-	66	157007898	18616
chr3	107991392	108191392	harbor1	chr3	108073561	108073826	LINE/L2	545	-	132	108073693	82301
chr3	128328718	128528718	harbor1	chr3	128348016	128348249	LINE/L2	392	-	116	128348132	19414
chr3	128328718	128528718	harbor1	chr3	128402839	128403220	LINE/L2	889	-	190	128403029	74311
chr3	128328718	128528718	harbor1	chr3	128335148	128336032	LINE/L2	886	-	442	128335590	6872
chr3	193971532	194171532	harbor1	chr3	194052662	194052856	LINE/L2	1416	-	97	194052759	81227
chr3	193971532	194171532	harbor1	chr3	194053145	194053608	LINE/L2	1416	-	232	194053377	81845
chr3	193971532	194171532	harbor1	chr3	194053896	194053987	LINE/L2	397	-	46	194053942	82410
chr3	49355052	49555052	harbor1	chr3	49397822	49398078	LINE/L2	763	-	128	49397950	42898
chr3	49355052	49555052	harbor1	chr3	49398362	49398536	LINE/L2	763	-	87	49398449	43397
chr3	107991320	108191320	harbor1	chr3	108073561	108073826	LINE/L2	545	-	132	108073693	82373
chr3	50093141	50293141	harbor1	chr3	50148412	50148825	LINE/L2	875	-	206	50148618	55477
chr3	107991374	108191374	harbor1	chr3	108073561	108073826	LINE/L2	545	-	132	108073693	82319
chr3	51938202	52138202	harbor1	chr3	51952331	51952537	LINE/L2	913	-	103	51952434	14232
chr3	51938202	52138202	harbor1	chr3	51953147	51953545	LINE/L2	1238	-	199	51953346	15144
chr3	51938202	52138202	harbor1	chr3	51953994	51954396	LINE/L2	1238	-	201	51954195	15993
chr3	51938202	52138202	harbor1	chr3	51996824	51997118	LINE/L2	410	-	147	51996971	58769
chr3	127490203	127690203	harbor1	chr3	127526393	127526877	LINE/L2	806	-	242	127526635	36432
chr3	127490203	127690203	harbor1	chr3	127543382	127543911	LINE/L2	801	-	264	127543646	53443
chr3	127490203	127690203	harbor1	chr3	127544969	127545342	LINE/L2	411	-	186	127545155	54952
chr3	127490203	127690203	harbor1	chr3	127557051	127557336	LINE/L2	406	-	142	127557193	66990
chr3	127490203	127690203	harbor1	chr3	127559901	127560109	LINE/L2	544	-	104	127560005	69802
chr3	127490203	127690203	harbor1	chr3	127585172	127585692	LINE/L2	582	-	260	127585432	95229
chr3	12958856	13158856	harbor1	chr3	12978765	12979065	LINE/L2	386	-	150	12978915	20059
chr3	12958856	13158856	harbor1	chr3	13027436	13027606	LINE/L2	394	-	85	13027521	68665
chr3	12958856	13158856	harbor1	chr3	13031574	13031870	LINE/L2	587	-	148	13031722	72866
chr3	128328598	128528598	harbor1	chr3	128348016	128348249	LINE/L2	392	-	116	128348132	19534
chr3	128328598	128528598	harbor1	chr3	128402839	128403220	LINE/L2	889	-	190	128403029	74431
chr3	128328598	128528598	harbor1	chr3	128335148	128336032	LINE/L2	886	-	442	128335590	6992
chr3	11468975	11668975	harbor1	chr3	11474146	11474321	LINE/L2	491	-	88	11474234	5259
chr3	11468975	11668975	harbor1	chr3	11474628	11475101	LINE/L2	491	-	236	11474864	5889
chr3	196083882	196283882	harbor1	chr3	196131093	196131373	LINE/L2	1085	-	140	196131233	47351
chr3	196083882	196283882	harbor1	chr3	196131663	196131933	LINE/L2	1085	-	135	196131798	47916
chr3	64289146	64489146	harbor1	chr3	64314085	64314301	LINE/L2	439	-	108	64314193	25047
chr3	64289146	64489146	harbor1	chr3	64318369	64318461	LINE/L2	460	-	46	64318415	29269
chr3	64289146	64489146	harbor1	chr3	64319413	64319923	LINE/L2	1176	-	255	64319668	30522
chr3	64289146	64489146	harbor1	chr3	64331397	64331525	LINE/L2	423	-	64	64331461	42315
chr3	64289146	64489146	harbor1	chr3	64345942	64346630	LINE/L2	1074	-	344	64346286	57140
chr3	64289146	64489146	harbor1	chr3	64347902	64348461	LINE/L2	693	-	280	64348182	59036
chr3	64289146	64489146	harbor1	chr3	64348770	64349013	LINE/L2	663	-	122	64348892	59746
chr3	64289146	64489146	harbor1	chr3	64369848	64370224	LINE/L2	655	-	188	64370036	80890
chr3	64289146	64489146	harbor1	chr3	64374234	64375067	LINE/L2	695	-	416	64374650	85504
chr3	161005344	161205344	harbor1	chr3	161007050	161007539	LINE/L2	1361	-	244	161007294	1950
chr3	161005344	161205344	harbor1	chr3	161007760	161007938	LINE/L2	861	-	89	161007849	2505
chr3	161005344	161205344	harbor1	chr3	161008594	161009086	LINE/L2	1596	-	246	161008840	3496
chr3	161005344	161205344	harbor1	chr3	161059546	161059637	LINE/L2	671	-	46	161059592	54248
chr3	161005344	161205344	harbor1	chr3	161060051	161060409	LINE/L2	671	-	179	161060230	54886
chr3	161005344	161205344	harbor1	chr3	161060436	161060651	LINE/L2	512	-	108	161060544	55200
chr3	161005344	161205344	harbor1	chr3	161066274	161066545	LINE/L2	560	-	136	161066410	61066
chr3	197859739	198059739	harbor1	chr3	197871522	197872075	LINE/L2	856	-	276	197871798	12059
chr3	107991401	108191401	harbor1	chr3	108073561	108073826	LINE/L2	545	-	132	108073693	82292
chr3	107991291	108191291	harbor1	chr3	108073561	108073826	LINE/L2	545	-	132	108073693	82402
chr3	48890283	49090283	harbor1	chr3	48899105	48899581	LINE/L2	1151	-	238	48899343	9060
chr3	48890283	49090283	harbor1	chr3	48900287	48900502	LINE/L2	793	-	108	48900395	10112
chr3	48890283	49090283	harbor1	chr3	48900825	48900848	LINE/L2	793	-	12	48900837	10554
chr3	48890283	49090283	harbor1	chr3	48910284	48910467	LINE/L2	1211	-	92	48910376	20093
chr3	48890283	49090283	harbor1	chr3	48910773	48911089	LINE/L2	1211	-	158	48910931	20648
chr3	134227277	134427277	harbor1	chr3	134239657	134240029	LINE/L2	384	-	186	134239843	12566
chr3	134227277	134427277	harbor1	chr3	134293163	134293677	LINE/L2	1118	-	257	134293420	66143
chr3	134227277	134427277	harbor1	chr3	134293979	134294018	LINE/L2	1118	-	20	134293999	66722
chr3	134227277	134427277	harbor1	chr3	134294205	134294348	LINE/L2	1118	-	72	134294277	67000
chr3	134227277	134427277	harbor1	chr3	134313974	134314288	LINE/L2	663	-	157	134314131	86854
chr3	134227277	134427277	harbor1	chr3	134316119	134316191	LINE/L2	406	-	36	134316155	88878
chr3	51859972	52059972	harbor1	chr3	51952331	51952537	LINE/L2	913	-	103	51952434	92462
chr3	51859972	52059972	harbor1	chr3	51953147	51953545	LINE/L2	1238	-	199	51953346	93374
chr3	51859972	52059972	harbor1	chr3	51953994	51954396	LINE/L2	1238	-	201	51954195	94223
chr3	107991415	108191415	harbor1	chr3	108073561	108073826	LINE/L2	545	-	132	108073693	82278
chr3	49730589	49930589	harbor1	chr3	49745025	49745355	LINE/L2	539	-	165	49745190	14601
chr3	23710941	23910941	harbor1	chr3	23732806	23733217	LINE/L2	393	-	206	23733012	22071
chr3	23710941	23910941	harbor1	chr3	23782774	23783204	LINE/L2	422	-	215	23782989	72048
chr3	23710941	23910941	harbor1	chr3	23785641	23785806	LINE/L2	470	-	82	23785723	74782
chr3	49585408	49785408	harbor1	chr3	49619880	49620190	LINE/L2	615	-	155	49620035	34627
chr3	49585408	49785408	harbor1	chr3	49620455	49620706	LINE/L2	2090	-	126	49620581	35173
chr3	49585408	49785408	harbor1	chr3	49620956	49621714	LINE/L2	2090	-	379	49621335	35927
chr3	49585408	49785408	harbor1	chr3	49621887	49622364	LINE/L2	776	-	238	49622125	36717
chr3	49585408	49785408	harbor1	chr3	49666353	49666842	LINE/L2	752	-	244	49666597	81189
chr3	107991331	108191331	harbor1	chr3	108073561	108073826	LINE/L2	545	-	132	108073693	82362
chr3	123544621	123744621	harbor1	chr3	123586508	123586842	LINE/L2	899	-	167	123586675	42054
chr3	123544621	123744621	harbor1	chr3	123587244	123587282	LINE/L2	899	-	19	123587263	42642
chr3	107991277	108191277	harbor1	chr3	108073561	108073826	LINE/L2	545	-	132	108073693	82416
chr3	126902408	127102408	harbor1	chr3	126908530	126908646	LINE/L2	522	-	58	126908588	6180
chr3	126902408	127102408	harbor1	chr3	126918346	126918787	LINE/L2	661	-	220	126918566	16158
chr3	107991456	108191456	harbor1	chr3	108073561	108073826	LINE/L2	545	-	132	108073693	82237
chr3	49033159	49233159	harbor1	chr3	49051964	49052388	LINE/L2	615	-	212	49052176	19017
chr3	49033159	49233159	harbor1	chr3	49053048	49053206	LINE/L2	585	-	79	49053127	19968
chr3	49033159	49233159	harbor1	chr3	49053509	49053791	LINE/L2	585	-	141	49053650	20491
chr3	138334644	138534644	harbor1	chr3	138358579	138358788	LINE/L2	525	-	104	138358683	24039
chr3	138334644	138534644	harbor1	chr3	138383692	138385156	LINE/L2	2953	-	732	138384424	49780
chr3	138334644	138534644	harbor1	chr3	138385446	138385504	LINE/L2	2953	-	29	138385475	50831
chr3	138334644	138534644	harbor1	chr3	138385815	138386052	LINE/L2	2953	-	118	138385933	51289
chr3	138334644	138534644	harbor1	chr3	138386998	138387320	LINE/L2	466	-	161	138387159	52515
chr3	138334644	138534644	harbor1	chr3	138406278	138406364	LINE/L2	481	-	43	138406321	71677
chr3	138334644	138534644	harbor1	chr3	138432633	138432735	LINE/L2	417	-	51	138432684	98040
chr3	49599795	49799795	harbor1	chr3	49619880	49620190	LINE/L2	615	-	155	49620035	20240
chr3	49599795	49799795	harbor1	chr3	49620455	49620706	LINE/L2	2090	-	126	49620581	20786
chr3	49599795	49799795	harbor1	chr3	49620956	49621714	LINE/L2	2090	-	379	49621335	21540
chr3	49599795	49799795	harbor1	chr3	49621887	49622364	LINE/L2	776	-	238	49622125	22330
chr3	49599795	49799795	harbor1	chr3	49666353	49666842	LINE/L2	752	-	244	49666597	66802
chr3	48890178	49090178	harbor1	chr3	48899105	48899581	LINE/L2	1151	-	238	48899343	9165
chr3	48890178	49090178	harbor1	chr3	48900287	48900502	LINE/L2	793	-	108	48900395	10217
chr3	48890178	49090178	harbor1	chr3	48900825	48900848	LINE/L2	793	-	12	48900837	10659
chr3	48890178	49090178	harbor1	chr3	48910284	48910467	LINE/L2	1211	-	92	48910376	20198
chr3	48890178	49090178	harbor1	chr3	48910773	48911089	LINE/L2	1211	-	158	48910931	20753
chr3	51939510	52139510	harbor1	chr3	51952331	51952537	LINE/L2	913	-	103	51952434	12924
chr3	51939510	52139510	harbor1	chr3	51953147	51953545	LINE/L2	1238	-	199	51953346	13836
chr3	51939510	52139510	harbor1	chr3	51953994	51954396	LINE/L2	1238	-	201	51954195	14685
chr3	51939510	52139510	harbor1	chr3	51996824	51997118	LINE/L2	410	-	147	51996971	57461
chr3	129021082	129221082	harbor1	chr3	129025009	129025715	LINE/L2	926	-	353	129025362	4280
chr3	129021082	129221082	harbor1	chr3	129033619	129034078	LINE/L2	752	-	230	129033849	12767
chr3	129021082	129221082	harbor1	chr3	129057079	129057601	LINE/L2	1091	-	261	129057340	36258
chr3	129021082	129221082	harbor1	chr3	129057671	129057827	LINE/L2	598	-	78	129057749	36667
chr3	129021082	129221082	harbor1	chr3	129058142	129058275	LINE/L2	598	-	66	129058208	37126
chr3	129021082	129221082	harbor1	chr3	129101335	129101839	LINE/L2	595	-	252	129101587	80505
chr3	129021082	129221082	harbor1	chr3	129117911	129118229	LINE/L2	549	-	159	129118070	96988
chr3	107991375	108191375	harbor1	chr3	108073561	108073826	LINE/L2	545	-	132	108073693	82318
chr3	126888030	127088030	harbor1	chr3	126891028	126891823	LINE/L2	432	-	398	126891426	3396
chr3	126888030	127088030	harbor1	chr3	126908530	126908646	LINE/L2	522	-	58	126908588	20558
chr3	126888030	127088030	harbor1	chr3	126918346	126918787	LINE/L2	661	-	220	126918566	30536
chr3	124955501	125155501	harbor1	chr3	125048500	125049017	LINE/L2	781	-	258	125048758	93257
chr3	23710436	23910436	harbor1	chr3	23732806	23733217	LINE/L2	393	-	206	23733012	22576
chr3	23710436	23910436	harbor1	chr3	23782774	23783204	LINE/L2	422	-	215	23782989	72553
chr3	23710436	23910436	harbor1	chr3	23785641	23785806	LINE/L2	470	-	82	23785723	75287
chr3	107991447	108191447	harbor1	chr3	108073561	108073826	LINE/L2	545	-	132	108073693	82246
chr3	52123183	52323183	harbor1	chr3	52182820	52182950	LINE/L2	507	-	65	52182885	59702
chr3	156989213	157189213	harbor1	chr3	157021995	157022064	LINE/L2	633	-	34	157022029	32816
chr3	156989213	157189213	harbor1	chr3	157022243	157022739	LINE/L2	633	-	248	157022491	33278
chr3	156989213	157189213	harbor1	chr3	157037727	157038336	LINE/L2	1083	-	304	157038031	48818
chr3	156989213	157189213	harbor1	chr3	157038430	157038691	LINE/L2	646	-	130	157038560	49347
chr3	156989213	157189213	harbor1	chr3	157084055	157084644	LINE/L2	401	-	294	157084349	95136
chr3	156989213	157189213	harbor1	chr3	157007832	157007964	LINE/L2	455	-	66	157007898	18685
chr3	130904200	131104200	harbor1	chr3	130990303	130991081	LINE/L2	1486	-	389	130990692	86492
chr3	130904200	131104200	harbor1	chr3	130991556	130991984	LINE/L2	933	-	214	130991770	87570
chr3	130904200	131104200	harbor1	chr3	130991990	130992411	LINE/L2	426	-	210	130992200	88000
chr3	184085733	184285733	harbor1	chr3	184131871	184131984	LINE/L2	587	-	56	184131927	46194
chr3	184085733	184285733	harbor1	chr3	184165515	184165734	LINE/L2	540	-	110	184165625	79892
chr3	51939481	52139481	harbor1	chr3	51952331	51952537	LINE/L2	913	-	103	51952434	12953
chr3	51939481	52139481	harbor1	chr3	51953147	51953545	LINE/L2	1238	-	199	51953346	13865
chr3	51939481	52139481	harbor1	chr3	51953994	51954396	LINE/L2	1238	-	201	51954195	14714
chr3	51939481	52139481	harbor1	chr3	51996824	51997118	LINE/L2	410	-	147	51996971	57490
chr3	107991309	108191309	harbor1	chr3	108073561	108073826	LINE/L2	545	-	132	108073693	82384
chr3	183788274	183988274	harbor1	chr3	183794013	183794240	LINE/L2	574	-	114	183794127	5853
chr3	51939504	52139504	harbor1	chr3	51952331	51952537	LINE/L2	913	-	103	51952434	12930
chr3	51939504	52139504	harbor1	chr3	51953147	51953545	LINE/L2	1238	-	199	51953346	13842
chr3	51939504	52139504	harbor1	chr3	51953994	51954396	LINE/L2	1238	-	201	51954195	14691
chr3	51939504	52139504	harbor1	chr3	51996824	51997118	LINE/L2	410	-	147	51996971	57467
chr3	51939448	52139448	harbor1	chr3	51952331	51952537	LINE/L2	913	-	103	51952434	12986
chr3	51939448	52139448	harbor1	chr3	51953147	51953545	LINE/L2	1238	-	199	51953346	13898
chr3	51939448	52139448	harbor1	chr3	51953994	51954396	LINE/L2	1238	-	201	51954195	14747
chr3	51939448	52139448	harbor1	chr3	51996824	51997118	LINE/L2	410	-	147	51996971	57523
chr3	49602395	49802395	harbor1	chr3	49619880	49620190	LINE/L2	615	-	155	49620035	17640
chr3	49602395	49802395	harbor1	chr3	49620455	49620706	LINE/L2	2090	-	126	49620581	18186
chr3	49602395	49802395	harbor1	chr3	49620956	49621714	LINE/L2	2090	-	379	49621335	18940
chr3	49602395	49802395	harbor1	chr3	49621887	49622364	LINE/L2	776	-	238	49622125	19730
chr3	49602395	49802395	harbor1	chr3	49666353	49666842	LINE/L2	752	-	244	49666597	64202
chr3	129875059	130075059	harbor1	chr3	129944214	129945139	LINE/L2	1864	-	462	129944676	69617
chr3	129875059	130075059	harbor1	chr3	129947958	129948232	LINE/L2	553	-	137	129948095	73036
chr3	129875059	130075059	harbor1	chr3	129967065	129967256	LINE/L2	489	-	96	129967161	92102
chr3	129021083	129221083	harbor1	chr3	129025009	129025715	LINE/L2	926	-	353	129025362	4279
chr3	129021083	129221083	harbor1	chr3	129033619	129034078	LINE/L2	752	-	230	129033849	12766
chr3	129021083	129221083	harbor1	chr3	129057079	129057601	LINE/L2	1091	-	261	129057340	36257
chr3	129021083	129221083	harbor1	chr3	129057671	129057827	LINE/L2	598	-	78	129057749	36666
chr3	129021083	129221083	harbor1	chr3	129058142	129058275	LINE/L2	598	-	66	129058208	37125
chr3	129021083	129221083	harbor1	chr3	129101335	129101839	LINE/L2	595	-	252	129101587	80504
chr3	129021083	129221083	harbor1	chr3	129117911	129118229	LINE/L2	549	-	159	129118070	96987
chr3	51939511	52139511	harbor1	chr3	51952331	51952537	LINE/L2	913	-	103	51952434	12923
chr3	51939511	52139511	harbor1	chr3	51953147	51953545	LINE/L2	1238	-	199	51953346	13835
chr3	51939511	52139511	harbor1	chr3	51953994	51954396	LINE/L2	1238	-	201	51954195	14684
chr3	51939511	52139511	harbor1	chr3	51996824	51997118	LINE/L2	410	-	147	51996971	57460
chr3	127489843	127689843	harbor1	chr3	127526393	127526877	LINE/L2	806	-	242	127526635	36792
chr3	127489843	127689843	harbor1	chr3	127543382	127543911	LINE/L2	801	-	264	127543646	53803
chr3	127489843	127689843	harbor1	chr3	127544969	127545342	LINE/L2	411	-	186	127545155	55312
chr3	127489843	127689843	harbor1	chr3	127557051	127557336	LINE/L2	406	-	142	127557193	67350
chr3	127489843	127689843	harbor1	chr3	127559901	127560109	LINE/L2	544	-	104	127560005	70162
chr3	127489843	127689843	harbor1	chr3	127585172	127585692	LINE/L2	582	-	260	127585432	95589
chr3	195920322	196120322	harbor1	chr3	195976039	195976143	LINE/L2	389	-	52	195976091	55769
chr3	50169328	50369328	harbor1	chr3	50223429	50223677	LINE/L2	570	-	124	50223553	54225
chr3	50169328	50369328	harbor1	chr3	50224007	50224357	LINE/L2	1408	-	175	50224182	54854
chr3	50169328	50369328	harbor1	chr3	50224655	50225105	LINE/L2	1408	-	225	50224880	55552
chr3	50169328	50369328	harbor1	chr3	50232622	50232776	LINE/L2	393	-	77	50232699	63371
chr3	195796157	195996157	harbor1	chr3	195833110	195833557	LINE/L2	439	-	224	195833334	37177
chr3	195796157	195996157	harbor1	chr3	195852600	195852716	LINE/L2	608	-	58	195852658	56501
chr3	127560407	127760407	harbor1	chr3	127585172	127585692	LINE/L2	582	-	260	127585432	25025
chr3	127560407	127760407	harbor1	chr3	127623334	127623703	LINE/L2	536	-	184	127623518	63111
chr3	127560407	127760407	harbor1	chr3	127624002	127624170	LINE/L2	536	-	84	127624086	63679
chr3	127560407	127760407	harbor1	chr3	127633612	127634100	LINE/L2	439	-	244	127633856	73449
chr3	178972096	179172096	harbor1	chr3	179037812	179038145	LINE/L2	550	-	166	179037978	65882
chr3	178972096	179172096	harbor1	chr3	179038134	179038298	LINE/L2	431	-	82	179038216	66120
chr3	178972096	179172096	harbor1	chr3	179045841	179046264	LINE/L2	650	-	212	179046053	73957
chr4	38767776	38967776	harbor1	chr4	38777112	38777510	LINE/L2	478	-	199	38777311	9535
chr4	38767776	38967776	harbor1	chr4	38799828	38800381	LINE/L2	1314	-	276	38800104	32328
chr4	102218940	102418940	harbor1	chr4	102219856	102220663	LINE/L2	1210	-	404	102220260	1320
chr4	102218940	102418940	harbor1	chr4	102221733	102222874	LINE/L2	2734	-	570	102222303	3363
chr4	38573151	38773151	harbor1	chr4	38659280	38659508	LINE/L2	535	-	114	38659394	86243
chr4	38573151	38773151	harbor1	chr4	38660208	38660299	LINE/L2	535	-	46	38660254	87103
chr4	158571219	158771219	harbor1	chr4	158631405	158631686	LINE/L2	499	-	140	158631545	60326
chr4	176095649	176295649	harbor1	chr4	176114515	176115038	LINE/L2	574	-	262	176114777	19128
chr4	176095649	176295649	harbor1	chr4	176157964	176158724	LINE/L2	672	-	380	176158344	62695
chr4	55288238	55488238	harbor1	chr4	55291602	55291785	LINE/L2	483	-	92	55291694	3456
chr4	55288238	55488238	harbor1	chr4	55323828	55324866	LINE/L2	1926	-	519	55324347	36109
chr4	55288238	55488238	harbor1	chr4	55343756	55343902	LINE/L2	745	-	73	55343829	55591
chr4	910896	1110896	harbor1	chr4	934124	935059	LINE/L2	801	-	468	934592	23696
chr4	120822742	121022742	harbor1	chr4	120826675	120826860	LINE/L2	603	-	92	120826767	4025
chr4	120822742	121022742	harbor1	chr4	120854566	120855026	LINE/L2	827	-	230	120854796	32054
chr4	2361876	2561876	harbor1	chr4	2434118	2434429	LINE/L2	480	-	156	2434274	72398
chr4	120821303	121021303	harbor1	chr4	120826675	120826860	LINE/L2	603	-	92	120826767	5464
chr4	120821303	121021303	harbor1	chr4	120854566	120855026	LINE/L2	827	-	230	120854796	33493
chr4	120822671	121022671	harbor1	chr4	120826675	120826860	LINE/L2	603	-	92	120826767	4096
chr4	120822671	121022671	harbor1	chr4	120854566	120855026	LINE/L2	827	-	230	120854796	32125
chr4	11269110	11469110	harbor1	chr4	11274481	11274803	LINE/L2	559	-	161	11274642	5532
chr4	910971	1110971	harbor1	chr4	934124	935059	LINE/L2	801	-	468	934592	23621
chr4	102919713	103119713	harbor1	chr4	102975877	102976187	LINE/L2	494	-	155	102976032	56319
chr4	88671609	88871609	harbor1	chr4	88761809	88762231	LINE/L2	808	-	211	88762020	90411
chr4	98160943	98360943	harbor1	chr4	98206327	98206365	LINE/L2	1065	-	19	98206346	45403
chr4	98160943	98360943	harbor1	chr4	98206489	98206531	LINE/L2	1065	-	21	98206510	45567
chr4	98160943	98360943	harbor1	chr4	98206739	98207171	LINE/L2	1065	-	216	98206955	46012
chr4	98160943	98360943	harbor1	chr4	98217799	98218081	LINE/L2	595	-	141	98217940	56997
chr4	98160943	98360943	harbor1	chr4	98243403	98243855	LINE/L2	1180	-	226	98243629	82686
chr4	98160943	98360943	harbor1	chr4	98244257	98244557	LINE/L2	1180	-	150	98244407	83464
chr4	98160943	98360943	harbor1	chr4	98244851	98245171	LINE/L2	1180	-	160	98245011	84068
chr4	98160943	98360943	harbor1	chr4	98258153	98258539	LINE/L2	828	-	193	98258346	97403
chr4	187835400	188035400	harbor1	chr4	187855737	187856003	LINE/L2	993	-	133	187855870	20470
chr4	187835400	188035400	harbor1	chr4	187856454	187856742	LINE/L2	993	-	144	187856598	21198
chr4	187835400	188035400	harbor1	chr4	187862924	187863679	LINE/L2	1676	-	378	187863302	27902
chr4	187835400	188035400	harbor1	chr4	187900358	187900713	LINE/L2	626	-	178	187900536	65136
chr4	187835400	188035400	harbor1	chr4	187901250	187901627	LINE/L2	739	-	188	187901438	66038
chr4	187835400	188035400	harbor1	chr4	187901633	187901898	LINE/L2	502	-	132	187901765	66365
chr4	187835400	188035400	harbor1	chr4	187902490	187902561	LINE/L2	502	-	36	187902526	67126
chr4	187835400	188035400	harbor1	chr4	187918544	187918646	LINE/L2	617	-	51	187918595	83195
chr4	187835400	188035400	harbor1	chr4	187918984	187919218	LINE/L2	617	-	117	187919101	83701
chr4	187835400	188035400	harbor1	chr4	187930744	187931016	LINE/L2	538	-	136	187930880	95480
chr4	866474	1066474	harbor1	chr4	934124	935059	LINE/L2	801	-	468	934592	68118
chr4	2363070	2563070	harbor1	chr4	2434118	2434429	LINE/L2	480	-	156	2434274	71204
chr4	2151076	2351076	harbor1	chr4	2197121	2197573	LINE/L2	1204	-	226	2197347	46271
chr4	2363106	2563106	harbor1	chr4	2434118	2434429	LINE/L2	480	-	156	2434274	71168
chr4	15581887	15781887	harbor1	chr4	15645881	15646036	LINE/L2	586	-	78	15645959	64072
chr4	866602	1066602	harbor1	chr4	934124	935059	LINE/L2	801	-	468	934592	67990
chr4	69927953	70127953	harbor1	chr4	69953091	69953289	LINE/L2	1502	-	99	69953190	25237
chr4	69927953	70127953	harbor1	chr4	69953724	69954631	LINE/L2	1502	-	454	69954178	26225
chr4	69927953	70127953	harbor1	chr4	69991284	69991691	LINE/L2	568	-	204	69991488	63535
chr4	69927953	70127953	harbor1	chr4	70002827	70003358	LINE/L2	781	-	266	70003093	75140
chr4	69927953	70127953	harbor1	chr4	70023404	70023938	LINE/L2	901	-	267	70023671	95718
chr4	120822652	121022652	harbor1	chr4	120826675	120826860	LINE/L2	603	-	92	120826767	4115
chr4	120822652	121022652	harbor1	chr4	120854566	120855026	LINE/L2	827	-	230	120854796	32144
chr4	2656061	2856061	harbor1	chr4	2686337	2686606	LINE/L2	532	-	134	2686471	30410
chr4	866554	1066554	harbor1	chr4	934124	935059	LINE/L2	801	-	468	934592	68038
chr4	6810085	7010085	harbor1	chr4	6868269	6868595	LINE/L2	548	-	163	6868432	58347
chr4	910985	1110985	harbor1	chr4	934124	935059	LINE/L2	801	-	468	934592	23607
chr4	910965	1110965	harbor1	chr4	934124	935059	LINE/L2	801	-	468	934592	23627
chr4	86404939	86604939	harbor1	chr4	86430404	86431044	LINE/L2	591	-	320	86430724	25785
chr4	103098519	103298519	harbor1	chr4	103146280	103147058	LINE/L2	505	-	389	103146669	48150
chr4	103098519	103298519	harbor1	chr4	103186547	103187109	LINE/L2	632	-	281	103186828	88309
chr4	866530	1066530	harbor1	chr4	934124	935059	LINE/L2	801	-	468	934592	68062
chr4	910306	1110306	harbor1	chr4	934124	935059	LINE/L2	801	-	468	934592	24286
chr4	98145495	98345495	harbor1	chr4	98206327	98206365	LINE/L2	1065	-	19	98206346	60851
chr4	98145495	98345495	harbor1	chr4	98206489	98206531	LINE/L2	1065	-	21	98206510	61015
chr4	98145495	98345495	harbor1	chr4	98206739	98207171	LINE/L2	1065	-	216	98206955	61460
chr4	98145495	98345495	harbor1	chr4	98217799	98218081	LINE/L2	595	-	141	98217940	72445
chr4	98145495	98345495	harbor1	chr4	98243403	98243855	LINE/L2	1180	-	226	98243629	98134
chr4	98145495	98345495	harbor1	chr4	98244257	98244557	LINE/L2	1180	-	150	98244407	98912
chr4	98145495	98345495	harbor1	chr4	98244851	98245171	LINE/L2	1180	-	160	98245011	99516
chr4	872772	1072772	harbor1	chr4	934124	935059	LINE/L2	801	-	468	934592	61820
chr4	67487456	67687456	harbor1	chr4	67577298	67577542	LINE/L2	484	-	122	67577420	89964
chr4	67487456	67687456	harbor1	chr4	67584242	67584927	LINE/L2	1329	-	342	67584584	97128
chr4	866571	1066571	harbor1	chr4	934124	935059	LINE/L2	801	-	468	934592	68021
chr4	866652	1066652	harbor1	chr4	934124	935059	LINE/L2	801	-	468	934592	67940
chr4	76846562	77046562	harbor1	chr4	76905425	76905841	LINE/L2	704	-	208	76905633	59071
chr4	76846562	77046562	harbor1	chr4	76905910	76906323	LINE/L2	1390	-	206	76906116	59554
chr4	76846562	77046562	harbor1	chr4	76906732	76907006	LINE/L2	1390	-	137	76906869	60307
chr4	55295888	55495888	harbor1	chr4	55323828	55324866	LINE/L2	1926	-	519	55324347	28459
chr4	55295888	55495888	harbor1	chr4	55343756	55343902	LINE/L2	745	-	73	55343829	47941
chr4	55295888	55495888	harbor1	chr4	55389401	55389738	LINE/L2	1213	-	168	55389569	93681
chr4	55295888	55495888	harbor1	chr4	55390050	55390530	LINE/L2	1213	-	240	55390290	94402
chr5	113414289	113614289	harbor1	chr5	113462771	113464215	LINE/L2	1478	-	722	113463493	49204
chr5	113414289	113614289	harbor1	chr5	113478207	113478674	LINE/L2	1274	-	234	113478441	64152
chr5	113414289	113614289	harbor1	chr5	113484395	113484692	LINE/L2	529	-	148	113484543	70254
chr5	75136982	75336982	harbor1	chr5	75152635	75152842	LINE/L2	701	-	104	75152739	15757
chr5	75136982	75336982	harbor1	chr5	75153401	75153666	LINE/L2	588	-	132	75153533	16551
chr5	159190926	159390926	harbor1	chr5	159198999	159199218	LINE/L2	534	-	110	159199109	8183
chr5	159190926	159390926	harbor1	chr5	159225913	159226058	LINE/L2	432	-	72	159225985	35059
chr5	159190926	159390926	harbor1	chr5	159232182	159232548	LINE/L2	634	-	183	159232365	41439
chr5	159190926	159390926	harbor1	chr5	159289495	159290027	LINE/L2	571	-	266	159289761	98835
chr5	159190926	159390926	harbor1	chr5	159290154	159290242	LINE/L2	571	-	44	159290198	99272
chr5	10337580	10537580	harbor1	chr5	10357723	10357966	LINE/L2	1042	-	122	10357845	20265
chr5	10337580	10537580	harbor1	chr5	10358045	10358386	LINE/L2	1042	-	170	10358215	20635
chr5	10337580	10537580	harbor1	chr5	10409275	10409867	LINE/L2	1318	-	296	10409571	71991
chr5	10337580	10537580	harbor1	chr5	10409876	10410077	LINE/L2	645	-	100	10409976	72396
chr5	10337580	10537580	harbor1	chr5	10430106	10430286	LINE/L2	470	-	90	10430196	92616
chr5	150964868	151164868	harbor1	chr5	151011329	151011561	LINE/L2	551	-	116	151011445	46577
chr5	171125854	171325854	harbor1	chr5	171143623	171143926	LINE/L2	474	-	152	171143775	17921
chr5	171125854	171325854	harbor1	chr5	171168051	171168443	LINE/L2	520	-	196	171168247	42393
chr5	171125854	171325854	harbor1	chr5	171195970	171196254	LINE/L2	824	-	142	171196112	70258
chr5	171125854	171325854	harbor1	chr5	171209511	171209802	LINE/L2	425	-	146	171209657	83803
chr5	10337987	10537987	harbor1	chr5	10357723	10357966	LINE/L2	1042	-	122	10357845	19858
chr5	10337987	10537987	harbor1	chr5	10358045	10358386	LINE/L2	1042	-	170	10358215	20228
chr5	10337987	10537987	harbor1	chr5	10409275	10409867	LINE/L2	1318	-	296	10409571	71584
chr5	10337987	10537987	harbor1	chr5	10409876	10410077	LINE/L2	645	-	100	10409976	71989
chr5	10337987	10537987	harbor1	chr5	10430106	10430286	LINE/L2	470	-	90	10430196	92209
chr5	10341875	10541875	harbor1	chr5	10357723	10357966	LINE/L2	1042	-	122	10357845	15970
chr5	10341875	10541875	harbor1	chr5	10358045	10358386	LINE/L2	1042	-	170	10358215	16340
chr5	10341875	10541875	harbor1	chr5	10409275	10409867	LINE/L2	1318	-	296	10409571	67696
chr5	10341875	10541875	harbor1	chr5	10409876	10410077	LINE/L2	645	-	100	10409976	68101
chr5	10341875	10541875	harbor1	chr5	10430106	10430286	LINE/L2	470	-	90	10430196	88321
chr5	134406378	134606378	harbor1	chr5	134441461	134442002	LINE/L2	450	-	270	134441731	35353
chr5	134406378	134606378	harbor1	chr5	134449847	134449964	LINE/L2	494	-	58	134449905	43527
chr5	134406378	134606378	harbor1	chr5	134450274	134450665	LINE/L2	494	-	196	134450470	44092
chr5	134406378	134606378	harbor1	chr5	134457849	134458198	LINE/L2	724	-	174	134458023	51645
chr5	157644323	157844323	harbor1	chr5	157670224	157670358	LINE/L2	519	-	67	157670291	25968
chr5	157644323	157844323	harbor1	chr5	157682029	157682139	LINE/L2	462	-	55	157682084	37761
chr5	157644323	157844323	harbor1	chr5	157682400	157682418	LINE/L2	462	-	9	157682409	38086
chr5	157644323	157844323	harbor1	chr5	157703927	157704047	LINE/L2	442	-	60	157703987	59664
chr5	6533035	6733035	harbor1	chr5	6540631	6541314	LINE/L2	998	-	342	6540973	7938
chr5	52688052	52888052	harbor1	chr5	52707646	52707778	LINE/L2	487	-	66	52707712	19660
chr5	135919218	136119218	harbor1	chr5	135939744	135939861	LINE/L2	468	-	58	135939802	20584
chr5	135919218	136119218	harbor1	chr5	135990218	135990520	LINE/L2	467	-	151	135990369	71151
chr5	135919218	136119218	harbor1	chr5	135990591	135990754	LINE/L2	467	-	82	135990673	71455
chr5	135919218	136119218	harbor1	chr5	136007891	136008408	LINE/L2	733	-	258	136008149	88931
chr5	135919218	136119218	harbor1	chr5	136017477	136017797	LINE/L2	478	-	160	136017637	98419
chr5	168407631	168607631	harbor1	chr5	168424347	168424845	LINE/L2	494	-	249	168424596	16965
chr5	10341914	10541914	harbor1	chr5	10357723	10357966	LINE/L2	1042	-	122	10357845	15931
chr5	10341914	10541914	harbor1	chr5	10358045	10358386	LINE/L2	1042	-	170	10358215	16301
chr5	10341914	10541914	harbor1	chr5	10409275	10409867	LINE/L2	1318	-	296	10409571	67657
chr5	10341914	10541914	harbor1	chr5	10409876	10410077	LINE/L2	645	-	100	10409976	68062
chr5	10341914	10541914	harbor1	chr5	10430106	10430286	LINE/L2	470	-	90	10430196	88282
chr5	133502807	133702807	harbor1	chr5	133580389	133580659	LINE/L2	547	-	135	133580524	77717
chr5	133905039	134105039	harbor1	chr5	133928165	133928314	LINE/L2	574	-	74	133928239	23200
chr5	154657232	154857232	harbor1	chr5	154666566	154666667	LINE/L2	470	-	50	154666616	9384
chr5	154657232	154857232	harbor1	chr5	154666964	154667035	LINE/L2	470	-	36	154667000	9768
chr5	154657232	154857232	harbor1	chr5	154669022	154669218	LINE/L2	436	-	98	154669120	11888
chr5	154657232	154857232	harbor1	chr5	154703940	154704108	LINE/L2	569	-	84	154704024	46792
chr5	154657232	154857232	harbor1	chr5	154704184	154704251	LINE/L2	436	-	34	154704218	46986
chr5	154657232	154857232	harbor1	chr5	154741324	154741751	LINE/L2	555	-	214	154741538	84306
chr5	10341987	10541987	harbor1	chr5	10357723	10357966	LINE/L2	1042	-	122	10357845	15858
chr5	10341987	10541987	harbor1	chr5	10358045	10358386	LINE/L2	1042	-	170	10358215	16228
chr5	10341987	10541987	harbor1	chr5	10409275	10409867	LINE/L2	1318	-	296	10409571	67584
chr5	10341987	10541987	harbor1	chr5	10409876	10410077	LINE/L2	645	-	100	10409976	67989
chr5	10341987	10541987	harbor1	chr5	10430106	10430286	LINE/L2	470	-	90	10430196	88209
chr5	42324781	42524781	harbor1	chr5	42399068	42399739	LINE/L2	1912	-	336	42399404	74623
chr5	42324781	42524781	harbor1	chr5	42420214	42421078	LINE/L2	1896	-	432	42420646	95865
chr5	42324781	42524781	harbor1	chr5	42421088	42421437	LINE/L2	456	-	174	42421262	96481
chr5	82647609	82847609	harbor1	chr5	82703202	82703421	LINE/L2	1445	-	110	82703312	55703
chr5	82647609	82847609	harbor1	chr5	82703736	82703970	LINE/L2	1445	-	117	82703853	56244
chr5	132193610	132393610	harbor1	chr5	132205032	132205408	LINE/L2	470	-	188	132205220	11610
chr5	132193610	132393610	harbor1	chr5	132212424	132212759	LINE/L2	526	-	168	132212592	18982
chr5	132193610	132393610	harbor1	chr5	132213042	132213401	LINE/L2	438	-	180	132213222	19612
chr5	132193610	132393610	harbor1	chr5	132276844	132277229	LINE/L2	809	-	192	132277036	83426
chr5	132193610	132393610	harbor1	chr5	132277958	132278109	LINE/L2	869	-	76	132278034	84424
chr5	52688976	52888976	harbor1	chr5	52707646	52707778	LINE/L2	487	-	66	52707712	18736
chr5	79136023	79336023	harbor1	chr5	79154725	79155163	LINE/L2	449	-	219	79154944	18921
chr5	10205523	10405523	harbor1	chr5	10293723	10294292	LINE/L2	2051	-	284	10294007	88484
chr5	10205523	10405523	harbor1	chr5	10294577	10295021	LINE/L2	2051	-	222	10294799	89276
chr5	10205523	10405523	harbor1	chr5	10296534	10296902	LINE/L2	1885	-	184	10296718	91195
chr5	10205523	10405523	harbor1	chr5	10297214	10297287	LINE/L2	1885	-	36	10297250	91727
chr5	10205523	10405523	harbor1	chr5	10297595	10297988	LINE/L2	1885	-	196	10297791	92268
chr5	73021050	73221050	harbor1	chr5	73075035	73075817	LINE/L2	1507	-	391	73075426	54376
chr5	73021050	73221050	harbor1	chr5	73076215	73076883	LINE/L2	1535	-	334	73076549	55499
chr5	73021050	73221050	harbor1	chr5	73076886	73077078	LINE/L2	433	-	96	73076982	55932
chr5	52700111	52900111	harbor1	chr5	52707646	52707778	LINE/L2	487	-	66	52707712	7601
chr5	6533087	6733087	harbor1	chr5	6540631	6541314	LINE/L2	998	-	342	6540973	7886
chr5	10333600	10533600	harbor1	chr5	10357723	10357966	LINE/L2	1042	-	122	10357845	24245
chr5	10333600	10533600	harbor1	chr5	10358045	10358386	LINE/L2	1042	-	170	10358215	24615
chr5	10333600	10533600	harbor1	chr5	10409275	10409867	LINE/L2	1318	-	296	10409571	75971
chr5	10333600	10533600	harbor1	chr5	10409876	10410077	LINE/L2	645	-	100	10409976	76376
chr5	10333600	10533600	harbor1	chr5	10430106	10430286	LINE/L2	470	-	90	10430196	96596
chr5	10341898	10541898	harbor1	chr5	10357723	10357966	LINE/L2	1042	-	122	10357845	15947
chr5	10341898	10541898	harbor1	chr5	10358045	10358386	LINE/L2	1042	-	170	10358215	16317
chr5	10341898	10541898	harbor1	chr5	10409275	10409867	LINE/L2	1318	-	296	10409571	67673
chr5	10341898	10541898	harbor1	chr5	10409876	10410077	LINE/L2	645	-	100	10409976	68078
chr5	10341898	10541898	harbor1	chr5	10430106	10430286	LINE/L2	470	-	90	10430196	88298
chr5	10341940	10541940	harbor1	chr5	10357723	10357966	LINE/L2	1042	-	122	10357845	15905
chr5	10341940	10541940	harbor1	chr5	10358045	10358386	LINE/L2	1042	-	170	10358215	16275
chr5	10341940	10541940	harbor1	chr5	10409275	10409867	LINE/L2	1318	-	296	10409571	67631
chr5	10341940	10541940	harbor1	chr5	10409876	10410077	LINE/L2	645	-	100	10409976	68036
chr5	10341940	10541940	harbor1	chr5	10430106	10430286	LINE/L2	470	-	90	10430196	88256
chr5	37740447	37940447	harbor1	chr5	37799395	37799725	LINE/L2	762	-	165	37799560	59113
chr5	134922089	135122089	harbor1	chr5	134922478	134922662	LINE/L2	501	-	92	134922570	481
chr5	134922089	135122089	harbor1	chr5	134928813	134929204	LINE/L2	528	-	196	134929009	6920
chr5	134922089	135122089	harbor1	chr5	134929382	134929556	LINE/L2	468	-	87	134929469	7380
chr5	128994660	129194660	harbor1	chr5	128995341	128995735	LINE/L2	418	-	197	128995538	878
chr5	128994660	129194660	harbor1	chr5	128995841	128996111	LINE/L2	676	-	135	128995976	1316
chr5	128994660	129194660	harbor1	chr5	129002575	129002712	LINE/L2	477	-	68	129002643	7983
chr5	128994660	129194660	harbor1	chr5	129082045	129083073	LINE/L2	976	-	514	129082559	87899
chr5	128994660	129194660	harbor1	chr5	129083376	129083901	LINE/L2	448	-	262	129083638	88978
chr5	128994660	129194660	harbor1	chr5	129087601	129087972	LINE/L2	533	-	186	129087787	93127
chr5	128994660	129194660	harbor1	chr5	129091761	129092522	LINE/L2	1346	-	380	129092141	97481
chr5	72733843	72933843	harbor1	chr5	72743619	72744220	LINE/L2	521	-	300	72743919	10076
chr5	72733843	72933843	harbor1	chr5	72826975	72827715	LINE/L2	1020	-	370	72827345	93502
chr5	73307094	73507094	harbor1	chr5	73319100	73319364	LINE/L2	499	-	132	73319232	12138
chr5	178132777	178332777	harbor1	chr5	178134014	178134339	LINE/L2	453	-	162	178134176	1399
chr5	178132777	178332777	harbor1	chr5	178180377	178180531	LINE/L2	544	-	77	178180454	47677
chr5	178132777	178332777	harbor1	chr5	178199694	178199850	LINE/L2	439	-	78	178199772	66995
chr5	178132777	178332777	harbor1	chr5	178227435	178228437	LINE/L2	1346	-	501	178227936	95159
chr5	9289591	9489591	harbor1	chr5	9354579	9355047	LINE/L2	448	-	234	9354813	65222
chr5	9114312	9314312	harbor1	chr5	9213251	9213577	LINE/L2	567	-	163	9213414	99102
chr5	79136006	79336006	harbor1	chr5	79154725	79155163	LINE/L2	449	-	219	79154944	18938
chr5	75136482	75336482	harbor1	chr5	75152635	75152842	LINE/L2	701	-	104	75152739	16257
chr5	75136482	75336482	harbor1	chr5	75153401	75153666	LINE/L2	588	-	132	75153533	17051
chr5	89882308	90082308	harbor1	chr5	89887621	89888071	LINE/L2	829	-	225	89887846	5538
chr5	89882308	90082308	harbor1	chr5	89888776	89889063	LINE/L2	649	-	144	89888920	6612
chr5	89882308	90082308	harbor1	chr5	89889093	89890751	LINE/L2	1879	-	829	89889922	7614
chr5	89882308	90082308	harbor1	chr5	89899437	89899782	LINE/L2	494	-	172	89899609	17301
chr5	89882308	90082308	harbor1	chr5	89947428	89947810	LINE/L2	869	-	191	89947619	65311
chr5	89882308	90082308	harbor1	chr5	89951967	89952121	LINE/L2	766	-	77	89952044	69736
chr5	89882308	90082308	harbor1	chr5	89952778	89953099	LINE/L2	766	-	160	89952938	70630
chr5	89882308	90082308	harbor1	chr5	89969889	89970281	LINE/L2	586	-	196	89970085	87777
chr5	141778294	141978294	harbor1	chr5	141782086	141782284	LINE/L2	744	-	99	141782185	3891
chr5	141778294	141978294	harbor1	chr5	141791482	141792296	LINE/L2	1555	-	407	141791889	13595
chr5	141778294	141978294	harbor1	chr5	141871243	141871362	LINE/L2	495	-	60	141871303	93009
chr5	10339138	10539138	harbor1	chr5	10357723	10357966	LINE/L2	1042	-	122	10357845	18707
chr5	10339138	10539138	harbor1	chr5	10358045	10358386	LINE/L2	1042	-	170	10358215	19077
chr5	10339138	10539138	harbor1	chr5	10409275	10409867	LINE/L2	1318	-	296	10409571	70433
chr5	10339138	10539138	harbor1	chr5	10409876	10410077	LINE/L2	645	-	100	10409976	70838
chr5	10339138	10539138	harbor1	chr5	10430106	10430286	LINE/L2	470	-	90	10430196	91058
chr5	133511368	133711368	harbor1	chr5	133580389	133580659	LINE/L2	547	-	135	133580524	69156
chr5	41825178	42025178	harbor1	chr5	41920415	41920671	LINE/L2	657	-	128	41920543	95365
chr5	10338301	10538301	harbor1	chr5	10357723	10357966	LINE/L2	1042	-	122	10357845	19544
chr5	10338301	10538301	harbor1	chr5	10358045	10358386	LINE/L2	1042	-	170	10358215	19914
chr5	10338301	10538301	harbor1	chr5	10409275	10409867	LINE/L2	1318	-	296	10409571	71270
chr5	10338301	10538301	harbor1	chr5	10409876	10410077	LINE/L2	645	-	100	10409976	71675
chr5	10338301	10538301	harbor1	chr5	10430106	10430286	LINE/L2	470	-	90	10430196	91895
chr5	10339062	10539062	harbor1	chr5	10357723	10357966	LINE/L2	1042	-	122	10357845	18783
chr5	10339062	10539062	harbor1	chr5	10358045	10358386	LINE/L2	1042	-	170	10358215	19153
chr5	10339062	10539062	harbor1	chr5	10409275	10409867	LINE/L2	1318	-	296	10409571	70509
chr5	10339062	10539062	harbor1	chr5	10409876	10410077	LINE/L2	645	-	100	10409976	70914
chr5	10339062	10539062	harbor1	chr5	10430106	10430286	LINE/L2	470	-	90	10430196	91134
chr5	10338313	10538313	harbor1	chr5	10357723	10357966	LINE/L2	1042	-	122	10357845	19532
chr5	10338313	10538313	harbor1	chr5	10358045	10358386	LINE/L2	1042	-	170	10358215	19902
chr5	10338313	10538313	harbor1	chr5	10409275	10409867	LINE/L2	1318	-	296	10409571	71258
chr5	10338313	10538313	harbor1	chr5	10409876	10410077	LINE/L2	645	-	100	10409976	71663
chr5	10338313	10538313	harbor1	chr5	10430106	10430286	LINE/L2	470	-	90	10430196	91883
chr5	133482188	133682188	harbor1	chr5	133580389	133580659	LINE/L2	547	-	135	133580524	98336
chr5	9114417	9314417	harbor1	chr5	9213251	9213577	LINE/L2	567	-	163	9213414	98997
chr5	135008381	135208381	harbor1	chr5	135045417	135045732	LINE/L2	490	-	158	135045575	37194
chr5	135008381	135208381	harbor1	chr5	135102772	135103267	LINE/L2	540	-	248	135103020	94639
chr5	134460977	134660977	harbor1	chr5	134531079	134531441	LINE/L2	686	-	181	134531260	70283
chr5	134460977	134660977	harbor1	chr5	134531576	134531589	LINE/L2	686	-	6	134531582	70605
chr5	134460977	134660977	harbor1	chr5	134532181	134532343	LINE/L2	686	-	81	134532262	71285
chr5	134460977	134660977	harbor1	chr5	134538104	134538512	LINE/L2	462	-	204	134538308	77331
chr5	134460977	134660977	harbor1	chr5	134546341	134546485	LINE/L2	438	-	72	134546413	85436
chr5	134460977	134660977	harbor1	chr5	134547763	134548047	LINE/L2	473	-	142	134547905	86928
chr5	135008344	135208344	harbor1	chr5	135045417	135045732	LINE/L2	490	-	158	135045575	37231
chr5	135008344	135208344	harbor1	chr5	135102772	135103267	LINE/L2	540	-	248	135103020	94676
chr5	52700146	52900146	harbor1	chr5	52707646	52707778	LINE/L2	487	-	66	52707712	7566
chr5	168386457	168586457	harbor1	chr5	168424347	168424845	LINE/L2	494	-	249	168424596	38139
chr5	177411621	177611621	harbor1	chr5	177437914	177438086	LINE/L2	765	-	86	177438000	26379
chr5	177411621	177611621	harbor1	chr5	177438383	177438649	LINE/L2	765	-	133	177438516	26895
chr5	177411621	177611621	harbor1	chr5	177502044	177502574	LINE/L2	627	-	265	177502309	90688
chr5	10341929	10541929	harbor1	chr5	10357723	10357966	LINE/L2	1042	-	122	10357845	15916
chr5	10341929	10541929	harbor1	chr5	10358045	10358386	LINE/L2	1042	-	170	10358215	16286
chr5	10341929	10541929	harbor1	chr5	10409275	10409867	LINE/L2	1318	-	296	10409571	67642
chr5	10341929	10541929	harbor1	chr5	10409876	10410077	LINE/L2	645	-	100	10409976	68047
chr5	10341929	10541929	harbor1	chr5	10430106	10430286	LINE/L2	470	-	90	10430196	88267
chr5	52700057	52900057	harbor1	chr5	52707646	52707778	LINE/L2	487	-	66	52707712	7655
chr5	137653914	137853914	harbor1	chr5	137698677	137698854	LINE/L2	440	-	88	137698765	44851
chr5	137653914	137853914	harbor1	chr5	137699099	137699590	LINE/L2	440	-	246	137699345	45431
chr5	137653914	137853914	harbor1	chr5	137702007	137702757	LINE/L2	805	-	375	137702382	48468
chr5	137653914	137853914	harbor1	chr5	137706785	137707114	LINE/L2	494	-	164	137706949	53035
chr5	137653914	137853914	harbor1	chr5	137708518	137708848	LINE/L2	649	-	165	137708683	54769
chr5	137653914	137853914	harbor1	chr5	137713009	137713121	LINE/L2	426	-	56	137713065	59151
chr5	137653914	137853914	harbor1	chr5	137720906	137721484	LINE/L2	762	-	289	137721195	67281
chr5	4784467	4984467	harbor1	chr5	4800683	4801003	LINE/L2	430	-	160	4800843	16376
chr5	132773569	132973569	harbor1	chr5	132787061	132787185	LINE/L2	413	-	62	132787123	13554
chr5	133166160	133366160	harbor1	chr5	133259070	133259507	LINE/L2	547	-	218	133259288	93128
chr5	133166160	133366160	harbor1	chr5	133259599	133259906	LINE/L2	509	-	154	133259753	93593
chr5	133166160	133366160	harbor1	chr5	133262973	133263375	LINE/L2	634	-	201	133263174	97014
chr5	133166160	133366160	harbor1	chr5	133263656	133263988	LINE/L2	516	-	166	133263822	97662
chr5	133206059	133406059	harbor1	chr5	133259070	133259507	LINE/L2	547	-	218	133259288	53229
chr5	133206059	133406059	harbor1	chr5	133259599	133259906	LINE/L2	509	-	154	133259753	53694
chr5	133206059	133406059	harbor1	chr5	133262973	133263375	LINE/L2	634	-	201	133263174	57115
chr5	133206059	133406059	harbor1	chr5	133263656	133263988	LINE/L2	516	-	166	133263822	57763
chr5	135008272	135208272	harbor1	chr5	135045417	135045732	LINE/L2	490	-	158	135045575	37303
chr5	135008272	135208272	harbor1	chr5	135102772	135103267	LINE/L2	540	-	248	135103020	94748
chr5	37740476	37940476	harbor1	chr5	37799395	37799725	LINE/L2	762	-	165	37799560	59084
chr5	9114300	9314300	harbor1	chr5	9213251	9213577	LINE/L2	567	-	163	9213414	99114
chr5	91002545	91202545	harbor1	chr5	91031778	91032434	LINE/L2	1272	-	328	91032106	29561
chr5	91002545	91202545	harbor1	chr5	91038130	91038632	LINE/L2	683	-	251	91038381	35836
chr5	91002545	91202545	harbor1	chr5	91093484	91093671	LINE/L2	463	-	94	91093578	91033
chr5	52700042	52900042	harbor1	chr5	52707646	52707778	LINE/L2	487	-	66	52707712	7670
chr6	7626958	7826958	harbor1	chr6	7673825	7674099	LINE/L2	796	-	137	7673962	47004
chr6	147103351	147303351	harbor1	chr6	147163614	147164078	LINE/L2	639	-	232	147163846	60495
chr6	147103351	147303351	harbor1	chr6	147192610	147192832	LINE/L2	724	-	111	147192721	89370
chr6	147103351	147303351	harbor1	chr6	147193173	147193664	LINE/L2	1111	-	246	147193419	90068
chr6	151352847	151552847	harbor1	chr6	151384248	151384768	LINE/L2	558	-	260	151384508	31661
chr6	7626630	7826630	harbor1	chr6	7673825	7674099	LINE/L2	796	-	137	7673962	47332
chr6	30588846	30788846	harbor1	chr6	30630970	30631201	LINE/L2	945	-	116	30631086	42240
chr6	30588846	30788846	harbor1	chr6	30631799	30632026	LINE/L2	2317	-	114	30631913	43067
chr6	30588846	30788846	harbor1	chr6	30632586	30632656	LINE/L2	2317	-	35	30632621	43775
chr6	30588846	30788846	harbor1	chr6	30632957	30633415	LINE/L2	2317	-	229	30633186	44340
chr6	30588846	30788846	harbor1	chr6	30635239	30635316	LINE/L2	1763	-	38	30635277	46431
chr6	30588846	30788846	harbor1	chr6	30635614	30636108	LINE/L2	1763	-	247	30635861	47015
chr6	124862322	125062322	harbor1	chr6	124939908	124940423	LINE/L2	769	-	258	124940166	77844
chr6	124862322	125062322	harbor1	chr6	124948702	124949024	LINE/L2	801	-	161	124948863	86541
chr6	32869543	33069543	harbor1	chr6	32940454	32940651	LINE/L2	467	-	98	32940552	71009
chr6	32869543	33069543	harbor1	chr6	32954244	32954701	LINE/L2	514	-	228	32954472	84929
chr6	28999817	29199817	harbor1	chr6	29093250	29093551	LINE/L2	905	-	150	29093400	93583
chr6	37002540	37202540	harbor1	chr6	37056913	37057453	LINE/L2	1792	-	270	37057183	54643
chr6	7626969	7826969	harbor1	chr6	7673825	7674099	LINE/L2	796	-	137	7673962	46993
chr6	7332945	7532945	harbor1	chr6	7390376	7391068	LINE/L2	740	-	346	7390722	57777
chr6	7332945	7532945	harbor1	chr6	7391188	7391466	LINE/L2	446	-	139	7391327	58382
chr6	7332945	7532945	harbor1	chr6	7418049	7418811	LINE/L2	1103	-	381	7418430	85485
chr6	89849514	90049514	harbor1	chr6	89936067	89936321	LINE/L2	491	-	127	89936194	86680
chr6	89849514	90049514	harbor1	chr6	89936442	89936529	LINE/L2	491	-	44	89936486	86972
chr6	45540929	45740929	harbor1	chr6	45571169	45571439	LINE/L2	530	-	135	45571304	30375
chr6	45540929	45740929	harbor1	chr6	45623351	45623670	LINE/L2	693	-	160	45623511	82582
chr6	45540929	45740929	harbor1	chr6	45636188	45636393	LINE/L2	703	-	102	45636290	95361
chr6	41537009	41737009	harbor1	chr6	41537454	41537483	LINE/L2	535	-	14	41537468	459
chr6	41537009	41737009	harbor1	chr6	41635109	41635536	LINE/L2	705	-	214	41635323	98314
chr6	43072122	43272122	harbor1	chr6	43135294	43135758	LINE/L2	1662	-	232	43135526	63404
chr6	43072122	43272122	harbor1	chr6	43137122	43137682	LINE/L2	1662	-	280	43137402	65280
chr6	149350987	149550987	harbor1	chr6	149367040	149367859	LINE/L2	994	-	410	149367450	16463
chr6	7626955	7826955	harbor1	chr6	7673825	7674099	LINE/L2	796	-	137	7673962	47007
chr6	45540939	45740939	harbor1	chr6	45571169	45571439	LINE/L2	530	-	135	45571304	30365
chr6	45540939	45740939	harbor1	chr6	45623351	45623670	LINE/L2	693	-	160	45623511	82572
chr6	45540939	45740939	harbor1	chr6	45636188	45636393	LINE/L2	703	-	102	45636290	95351
chr6	63473404	63673404	harbor1	chr6	63479865	63479996	LINE/L2	610	-	66	63479931	6527
chr6	41091927	41291927	harbor1	chr6	41102880	41103560	LINE/L2	975	-	340	41103220	11293
chr6	41091927	41291927	harbor1	chr6	41103881	41104928	LINE/L2	1408	-	524	41104405	12478
chr6	41091927	41291927	harbor1	chr6	41135696	41136940	LINE/L2	3328	-	622	41136318	44391
chr6	45540991	45740991	harbor1	chr6	45571169	45571439	LINE/L2	530	-	135	45571304	30313
chr6	45540991	45740991	harbor1	chr6	45623351	45623670	LINE/L2	693	-	160	45623511	82520
chr6	45540991	45740991	harbor1	chr6	45636188	45636393	LINE/L2	703	-	102	45636290	95299
chr6	35352657	35552657	harbor1	chr6	35358795	35359222	LINE/L2	1097	-	214	35359009	6352
chr6	35352657	35552657	harbor1	chr6	35397624	35398376	LINE/L2	1384	-	376	35398000	45343
chr6	35352657	35552657	harbor1	chr6	35398511	35398792	LINE/L2	544	-	140	35398651	45994
chr6	2665180	2865180	harbor1	chr6	2752460	2752733	LINE/L2	777	-	136	2752596	87416
chr6	7623404	7823404	harbor1	chr6	7673825	7674099	LINE/L2	796	-	137	7673962	50558
chr6	161052402	161252402	harbor1	chr6	161068062	161068434	LINE/L2	479	-	186	161068248	15846
chr6	6446445	6646445	harbor1	chr6	6447968	6448419	LINE/L2	907	-	226	6448194	1749
chr6	6446445	6646445	harbor1	chr6	6503577	6503666	LINE/L2	464	-	44	6503621	57176
chr6	45533773	45733773	harbor1	chr6	45571169	45571439	LINE/L2	530	-	135	45571304	37531
chr6	45533773	45733773	harbor1	chr6	45623351	45623670	LINE/L2	693	-	160	45623511	89738
chr6	127167321	127367321	harbor1	chr6	127216023	127216401	LINE/L2	1135	-	189	127216212	48891
chr6	127167321	127367321	harbor1	chr6	127219438	127219968	LINE/L2	1152	-	265	127219703	52382
chr6	127167321	127367321	harbor1	chr6	127250807	127251184	LINE/L2	471	-	188	127250995	83674
chr6	127167321	127367321	harbor1	chr6	127264711	127265489	LINE/L2	953	-	389	127265100	97779
chr6	63473429	63673429	harbor1	chr6	63479865	63479996	LINE/L2	610	-	66	63479931	6502
chr6	7626967	7826967	harbor1	chr6	7673825	7674099	LINE/L2	796	-	137	7673962	46995
chr6	166056777	166256777	harbor1	chr6	166093126	166093555	LINE/L2	780	-	214	166093340	36563
chr6	43872397	44072397	harbor1	chr6	43873237	43873931	LINE/L2	1575	-	347	43873584	1187
chr6	43872397	44072397	harbor1	chr6	43930328	43930479	LINE/L2	1148	-	76	43930404	58007
chr6	43872397	44072397	harbor1	chr6	43930772	43931035	LINE/L2	1148	-	132	43930904	58507
chr6	167862891	168062891	harbor1	chr6	167930778	167931458	LINE/L2	489	-	340	167931118	68227
chr6	165559080	165759080	harbor1	chr6	165624647	165625519	LINE/L2	842	-	436	165625083	66003
chr6	165559080	165759080	harbor1	chr6	165625872	165626077	LINE/L2	842	-	102	165625974	66894
chr6	33522113	33722113	harbor1	chr6	33592235	33592656	LINE/L2	737	-	210	33592445	70332
chr6	127167375	127367375	harbor1	chr6	127216023	127216401	LINE/L2	1135	-	189	127216212	48837
chr6	127167375	127367375	harbor1	chr6	127219438	127219968	LINE/L2	1152	-	265	127219703	52328
chr6	127167375	127367375	harbor1	chr6	127250807	127251184	LINE/L2	471	-	188	127250995	83620
chr6	127167375	127367375	harbor1	chr6	127264711	127265489	LINE/L2	953	-	389	127265100	97725
chr6	127167314	127367314	harbor1	chr6	127216023	127216401	LINE/L2	1135	-	189	127216212	48898
chr6	127167314	127367314	harbor1	chr6	127219438	127219968	LINE/L2	1152	-	265	127219703	52389
chr6	127167314	127367314	harbor1	chr6	127250807	127251184	LINE/L2	471	-	188	127250995	83681
chr6	127167314	127367314	harbor1	chr6	127264711	127265489	LINE/L2	953	-	389	127265100	97786
chr6	52184772	52384772	harbor1	chr6	52214206	52214489	LINE/L2	1437	-	142	52214348	29576
chr6	52184772	52384772	harbor1	chr6	52214532	52214970	LINE/L2	1437	-	219	52214751	29979
chr6	52184772	52384772	harbor1	chr6	52215341	52216307	LINE/L2	807	-	483	52215824	31052
chr6	127167318	127367318	harbor1	chr6	127216023	127216401	LINE/L2	1135	-	189	127216212	48894
chr6	127167318	127367318	harbor1	chr6	127219438	127219968	LINE/L2	1152	-	265	127219703	52385
chr6	127167318	127367318	harbor1	chr6	127250807	127251184	LINE/L2	471	-	188	127250995	83677
chr6	127167318	127367318	harbor1	chr6	127264711	127265489	LINE/L2	953	-	389	127265100	97782
chr6	45540956	45740956	harbor1	chr6	45571169	45571439	LINE/L2	530	-	135	45571304	30348
chr6	45540956	45740956	harbor1	chr6	45623351	45623670	LINE/L2	693	-	160	45623511	82555
chr6	45540956	45740956	harbor1	chr6	45636188	45636393	LINE/L2	703	-	102	45636290	95334
chr6	45541064	45741064	harbor1	chr6	45571169	45571439	LINE/L2	530	-	135	45571304	30240
chr6	45541064	45741064	harbor1	chr6	45623351	45623670	LINE/L2	693	-	160	45623511	82447
chr6	45541064	45741064	harbor1	chr6	45636188	45636393	LINE/L2	703	-	102	45636290	95226
chr6	43738762	43938762	harbor1	chr6	43813248	43813422	LINE/L2	455	-	87	43813335	74573
chr6	43738762	43938762	harbor1	chr6	43813477	43813849	LINE/L2	602	-	186	43813663	74901
chr6	43738762	43938762	harbor1	chr6	43821830	43822021	LINE/L2	970	-	96	43821926	83164
chr6	43738762	43938762	harbor1	chr6	43822329	43822447	LINE/L2	970	-	59	43822388	83626
chr6	42952369	43152369	harbor1	chr6	43000847	43001123	LINE/L2	483	-	138	43000985	48616
chr6	42952369	43152369	harbor1	chr6	43023813	43023858	LINE/L2	461	-	22	43023835	71466
chr6	42952369	43152369	harbor1	chr6	43024152	43024653	LINE/L2	680	-	250	43024402	72033
chr6	52476001	52676001	harbor1	chr6	52475723	52476085	LINE/L2	852	-	181	52475904	97
chr6	52476001	52676001	harbor1	chr6	52479968	52479986	LINE/L2	1354	-	9	52479977	3976
chr6	52476001	52676001	harbor1	chr6	52480401	52481504	LINE/L2	3093	-	552	52480953	4952
chr6	52476001	52676001	harbor1	chr6	52481811	52481963	LINE/L2	3093	-	76	52481887	5886
chr6	52476001	52676001	harbor1	chr6	52483798	52484219	LINE/L2	1638	-	210	52484008	8007
chr6	52476001	52676001	harbor1	chr6	52484720	52484883	LINE/L2	1638	-	82	52484802	8801
chr6	52476001	52676001	harbor1	chr6	52485109	52485210	LINE/L2	513	-	50	52485159	9158
chr6	52476001	52676001	harbor1	chr6	52513349	52513944	LINE/L2	674	-	298	52513647	37646
chr6	52476001	52676001	harbor1	chr6	52514109	52514228	LINE/L2	674	-	60	52514169	38168
chr6	127167369	127367369	harbor1	chr6	127216023	127216401	LINE/L2	1135	-	189	127216212	48843
chr6	127167369	127367369	harbor1	chr6	127219438	127219968	LINE/L2	1152	-	265	127219703	52334
chr6	127167369	127367369	harbor1	chr6	127250807	127251184	LINE/L2	471	-	188	127250995	83626
chr6	127167369	127367369	harbor1	chr6	127264711	127265489	LINE/L2	953	-	389	127265100	97731
chr6	45540952	45740952	harbor1	chr6	45571169	45571439	LINE/L2	530	-	135	45571304	30352
chr6	45540952	45740952	harbor1	chr6	45623351	45623670	LINE/L2	693	-	160	45623511	82559
chr6	45540952	45740952	harbor1	chr6	45636188	45636393	LINE/L2	703	-	102	45636290	95338
chr6	37183201	37383201	harbor1	chr6	37209755	37210245	LINE/L2	1264	-	245	37210000	26799
chr6	37183201	37383201	harbor1	chr6	37254675	37254790	LINE/L2	565	-	58	37254733	71532
chr6	37183201	37383201	harbor1	chr6	37255199	37255399	LINE/L2	797	-	100	37255299	72098
chr6	37183201	37383201	harbor1	chr6	37255699	37255830	LINE/L2	797	-	66	37255765	72564
chr6	37183201	37383201	harbor1	chr6	37207620	37208528	LINE/L2	1760	-	454	37208074	24873
chr6	37002552	37202552	harbor1	chr6	37056913	37057453	LINE/L2	1792	-	270	37057183	54631
chr6	4751953	4951953	harbor1	chr6	4793440	4794658	LINE/L2	2442	-	609	4794049	42096
chr6	52184695	52384695	harbor1	chr6	52214206	52214489	LINE/L2	1437	-	142	52214348	29653
chr6	52184695	52384695	harbor1	chr6	52214532	52214970	LINE/L2	1437	-	219	52214751	30056
chr6	52184695	52384695	harbor1	chr6	52215341	52216307	LINE/L2	807	-	483	52215824	31129
chr6	167862848	168062848	harbor1	chr6	167930778	167931458	LINE/L2	489	-	340	167931118	68270
chr6	31907277	32107277	harbor1	chr6	31942582	31942881	LINE/L2	906	-	150	31942732	35455
chr6	31907277	32107277	harbor1	chr6	32003425	32003864	LINE/L2	583	-	220	32003645	96368
chr6	124862409	125062409	harbor1	chr6	124939908	124940423	LINE/L2	769	-	258	124940166	77757
chr6	124862409	125062409	harbor1	chr6	124948702	124949024	LINE/L2	801	-	161	124948863	86454
chr6	135363713	135563713	harbor1	chr6	135385189	135385546	LINE/L2	1163	-	178	135385367	21654
chr6	135363713	135563713	harbor1	chr6	135435760	135436604	LINE/L2	455	-	422	135436182	72469
chr6	135363713	135563713	harbor1	chr6	135436902	135436958	LINE/L2	455	-	28	135436930	73217
chr6	146813086	147013086	harbor1	chr6	146814336	146814570	LINE/L2	491	-	117	146814453	1367
chr6	106529506	106729506	harbor1	chr6	106532924	106534018	LINE/L2	1895	-	547	106533471	3965
chr6	106529506	106729506	harbor1	chr6	106614326	106614849	LINE/L2	507	-	262	106614588	85082
chr6	106529506	106729506	harbor1	chr6	106625300	106625645	LINE/L2	1289	-	172	106625472	95966
chr6	106529506	106729506	harbor1	chr6	106625956	106626198	LINE/L2	1289	-	121	106626077	96571
chr6	130963222	131163222	harbor1	chr6	130978658	130979066	LINE/L2	616	-	204	130978862	15640
chr6	133853442	134053442	harbor1	chr6	133869053	133869071	LINE/L2	686	-	9	133869062	15620
chr6	133853442	134053442	harbor1	chr6	133869414	133869786	LINE/L2	686	-	186	133869600	16158
chr6	133853442	134053442	harbor1	chr6	133882443	133882641	LINE/L2	446	-	99	133882542	29100
chr6	133853442	134053442	harbor1	chr6	133883469	133883919	LINE/L2	529	-	225	133883694	30252
chr6	41091934	41291934	harbor1	chr6	41102880	41103560	LINE/L2	975	-	340	41103220	11286
chr6	41091934	41291934	harbor1	chr6	41103881	41104928	LINE/L2	1408	-	524	41104405	12471
chr6	41091934	41291934	harbor1	chr6	41135696	41136940	LINE/L2	3328	-	622	41136318	44384
chr6	127167312	127367312	harbor1	chr6	127216023	127216401	LINE/L2	1135	-	189	127216212	48900
chr6	127167312	127367312	harbor1	chr6	127219438	127219968	LINE/L2	1152	-	265	127219703	52391
chr6	127167312	127367312	harbor1	chr6	127250807	127251184	LINE/L2	471	-	188	127250995	83683
chr6	127167312	127367312	harbor1	chr6	127264711	127265489	LINE/L2	953	-	389	127265100	97788
chr6	124862399	125062399	harbor1	chr6	124939908	124940423	LINE/L2	769	-	258	124940166	77767
chr6	124862399	125062399	harbor1	chr6	124948702	124949024	LINE/L2	801	-	161	124948863	86464
chr6	35589290	35789290	harbor1	chr6	35655227	35655359	LINE/L2	653	-	66	35655293	66003
chr6	35589290	35789290	harbor1	chr6	35667220	35667331	LINE/L2	484	-	56	35667276	77986
chr6	37002937	37202937	harbor1	chr6	37056913	37057453	LINE/L2	1792	-	270	37057183	54246
chr6	11714941	11914941	harbor1	chr6	11748428	11749747	LINE/L2	987	-	660	11749088	34147
chr6	11714941	11914941	harbor1	chr6	11785509	11785705	LINE/L2	453	-	98	11785607	70666
chr6	45540949	45740949	harbor1	chr6	45571169	45571439	LINE/L2	530	-	135	45571304	30355
chr6	45540949	45740949	harbor1	chr6	45623351	45623670	LINE/L2	693	-	160	45623511	82562
chr6	45540949	45740949	harbor1	chr6	45636188	45636393	LINE/L2	703	-	102	45636290	95341
chr6	33104683	33304683	harbor1	chr6	33141519	33142411	LINE/L2	614	-	446	33141965	37282
chr6	41832810	42032810	harbor1	chr6	41924687	41925178	LINE/L2	953	-	246	41924933	92123
chr6	18268218	18468218	harbor1	chr6	18268379	18268999	LINE/L2	1854	-	310	18268689	471
chr6	31996199	32196199	harbor1	chr6	32003425	32003864	LINE/L2	583	-	220	32003645	7446
chr6	31996199	32196199	harbor1	chr6	32036162	32036601	LINE/L2	583	-	220	32036382	40183
chr6	42647151	42847151	harbor1	chr6	42688778	42689153	LINE/L2	726	-	188	42688966	41815
chr6	42647151	42847151	harbor1	chr6	42709440	42709602	LINE/L2	533	-	81	42709521	62370
chr6	167862904	168062904	harbor1	chr6	167930778	167931458	LINE/L2	489	-	340	167931118	68214
chr6	41448352	41648352	harbor1	chr6	41458728	41458865	LINE/L2	557	-	68	41458796	10444
chr6	41448352	41648352	harbor1	chr6	41459226	41459401	LINE/L2	645	-	88	41459314	10962
chr6	41448352	41648352	harbor1	chr6	41491337	41491973	LINE/L2	1463	-	318	41491655	43303
chr6	41448352	41648352	harbor1	chr6	41520482	41520801	LINE/L2	789	-	160	41520642	72290
chr6	41448352	41648352	harbor1	chr6	41536409	41537000	LINE/L2	535	-	296	41536705	88353
chr6	41448352	41648352	harbor1	chr6	41537454	41537483	LINE/L2	535	-	14	41537468	89116
chr6	36969380	37169380	harbor1	chr6	36996078	36996428	LINE/L2	1318	-	175	36996253	26873
chr6	36969380	37169380	harbor1	chr6	36996699	36996840	LINE/L2	1318	-	70	36996769	27389
chr6	36969380	37169380	harbor1	chr6	37056913	37057453	LINE/L2	1792	-	270	37057183	87803
chr6	52184723	52384723	harbor1	chr6	52214206	52214489	LINE/L2	1437	-	142	52214348	29625
chr6	52184723	52384723	harbor1	chr6	52214532	52214970	LINE/L2	1437	-	219	52214751	30028
chr6	52184723	52384723	harbor1	chr6	52215341	52216307	LINE/L2	807	-	483	52215824	31101
chr6	7626959	7826959	harbor1	chr6	7673825	7674099	LINE/L2	796	-	137	7673962	47003
chr6	3682582	3882582	harbor1	chr6	3704570	3705232	LINE/L2	725	-	331	3704901	22319
chr6	3682582	3882582	harbor1	chr6	3705313	3705714	LINE/L2	458	-	200	3705513	22931
chr6	41460705	41660705	harbor1	chr6	41491337	41491973	LINE/L2	1463	-	318	41491655	30950
chr6	41460705	41660705	harbor1	chr6	41520482	41520801	LINE/L2	789	-	160	41520642	59937
chr6	41460705	41660705	harbor1	chr6	41536409	41537000	LINE/L2	535	-	296	41536705	76000
chr6	41460705	41660705	harbor1	chr6	41537454	41537483	LINE/L2	535	-	14	41537468	76763
chr6	167860271	168060271	harbor1	chr6	167930778	167931458	LINE/L2	489	-	340	167931118	70847
chr6	30620053	30820053	harbor1	chr6	30630970	30631201	LINE/L2	945	-	116	30631086	11033
chr6	30620053	30820053	harbor1	chr6	30631799	30632026	LINE/L2	2317	-	114	30631913	11860
chr6	30620053	30820053	harbor1	chr6	30632586	30632656	LINE/L2	2317	-	35	30632621	12568
chr6	30620053	30820053	harbor1	chr6	30632957	30633415	LINE/L2	2317	-	229	30633186	13133
chr6	30620053	30820053	harbor1	chr6	30635239	30635316	LINE/L2	1763	-	38	30635277	15224
chr6	30620053	30820053	harbor1	chr6	30635614	30636108	LINE/L2	1763	-	247	30635861	15808
chr6	34138127	34338127	harbor1	chr6	34139870	34140432	LINE/L2	1363	-	281	34140151	2024
chr6	34138127	34338127	harbor1	chr6	34200362	34200564	LINE/L2	602	-	101	34200463	62336
chr6	34138127	34338127	harbor1	chr6	34201465	34201594	LINE/L2	580	-	64	34201529	63402
chr6	34138127	34338127	harbor1	chr6	34201904	34202020	LINE/L2	580	-	58	34201962	63835
chr6	34138127	34338127	harbor1	chr6	34203293	34203502	LINE/L2	580	-	104	34203397	65270
chr6	34138127	34338127	harbor1	chr6	34230148	34230407	LINE/L2	1216	-	130	34230278	92151
chr6	34138127	34338127	harbor1	chr6	34230667	34230970	LINE/L2	1216	-	152	34230819	92692
chr6	6446460	6646460	harbor1	chr6	6447968	6448419	LINE/L2	907	-	226	6448194	1734
chr6	6446460	6646460	harbor1	chr6	6503577	6503666	LINE/L2	464	-	44	6503621	57161
chr6	127167326	127367326	harbor1	chr6	127216023	127216401	LINE/L2	1135	-	189	127216212	48886
chr6	127167326	127367326	harbor1	chr6	127219438	127219968	LINE/L2	1152	-	265	127219703	52377
chr6	127167326	127367326	harbor1	chr6	127250807	127251184	LINE/L2	471	-	188	127250995	83669
chr6	127167326	127367326	harbor1	chr6	127264711	127265489	LINE/L2	953	-	389	127265100	97774
chr6	107718661	107918661	harbor1	chr6	107746112	107746335	LINE/L2	647	-	112	107746224	27563
chr6	107718661	107918661	harbor1	chr6	107751011	107751572	LINE/L2	2469	-	280	107751291	32630
chr6	107718661	107918661	harbor1	chr6	107751933	107752702	LINE/L2	2469	-	384	107752317	33656
chr6	107718661	107918661	harbor1	chr6	107752754	107752897	LINE/L2	464	-	72	107752826	34165
chr6	107718661	107918661	harbor1	chr6	107753677	107754128	LINE/L2	1142	-	226	107753903	35242
chr6	107718661	107918661	harbor1	chr6	107758084	107758186	LINE/L2	497	-	51	107758135	39474
chr6	107718661	107918661	harbor1	chr6	107758200	107758437	LINE/L2	607	-	118	107758318	39657
chr6	107718661	107918661	harbor1	chr6	107758883	107758990	LINE/L2	607	-	54	107758937	40276
chr6	107718661	107918661	harbor1	chr6	107759368	107759535	LINE/L2	607	-	84	107759452	40791
chr6	107718661	107918661	harbor1	chr6	107802076	107802566	LINE/L2	1345	-	245	107802321	83660
chr6	52184760	52384760	harbor1	chr6	52214206	52214489	LINE/L2	1437	-	142	52214348	29588
chr6	52184760	52384760	harbor1	chr6	52214532	52214970	LINE/L2	1437	-	219	52214751	29991
chr6	52184760	52384760	harbor1	chr6	52215341	52216307	LINE/L2	807	-	483	52215824	31064
chr6	7626659	7826659	harbor1	chr6	7673825	7674099	LINE/L2	796	-	137	7673962	47303
chr6	7626996	7826996	harbor1	chr6	7673825	7674099	LINE/L2	796	-	137	7673962	46966
chr6	149351042	149551042	harbor1	chr6	149367040	149367859	LINE/L2	994	-	410	149367450	16408
chr6	146813048	147013048	harbor1	chr6	146814336	146814570	LINE/L2	491	-	117	146814453	1405
chr6	157938132	158138132	harbor1	chr6	157975238	157975482	LINE/L2	765	-	122	157975360	37228
chr6	157938132	158138132	harbor1	chr6	157976500	157976692	LINE/L2	765	-	96	157976596	38464
chr7	44439898	44639898	harbor1	chr7	44501873	44502184	LINE/L2	550	-	156	44502029	62131
chr7	72825086	73025086	harbor1	chr7	72896794	72896938	LINE/L2	1008	-	72	72896866	71780
chr7	72825086	73025086	harbor1	chr7	72897171	72897738	LINE/L2	1843	-	284	72897455	72369
chr7	72825086	73025086	harbor1	chr7	72898036	72898278	LINE/L2	1843	-	121	72898157	73071
chr7	72825086	73025086	harbor1	chr7	72898393	72898515	LINE/L2	1843	-	61	72898454	73368
chr7	72825086	73025086	harbor1	chr7	72898818	72898881	LINE/L2	1843	-	32	72898850	73764
chr7	72825086	73025086	harbor1	chr7	72912224	72912494	LINE/L2	507	-	135	72912359	87273
chr7	72825086	73025086	harbor1	chr7	72912785	72912873	LINE/L2	507	-	44	72912829	87743
chr7	50203887	50403887	harbor1	chr7	50297052	50297563	LINE/L2	872	-	256	50297308	93421
chr7	28080184	28280184	harbor1	chr7	28126221	28126632	LINE/L2	672	-	206	28126427	46243
chr7	28080184	28280184	harbor1	chr7	28158958	28159205	LINE/L2	520	-	124	28159082	78898
chr7	28080184	28280184	harbor1	chr7	28114640	28115002	LINE/L2	529	-	181	28114821	34637
chr7	148600313	148800313	harbor1	chr7	148662427	148662886	LINE/L2	741	-	230	148662657	62344
chr7	26995062	27195062	harbor1	chr7	27080774	27081089	LINE/L2	531	-	158	27080932	85870
chr7	50615319	50815319	harbor1	chr7	50647908	50648462	LINE/L2	656	-	277	50648185	32866
chr7	50615319	50815319	harbor1	chr7	50649119	50650841	LINE/L2	663	-	861	50649980	34661
chr7	25270019	25470019	harbor1	chr7	25320220	25320706	LINE/L2	1401	-	243	25320463	50444
chr7	25270019	25470019	harbor1	chr7	25347442	25347837	LINE/L2	597	-	198	25347640	77621
chr7	28080267	28280267	harbor1	chr7	28126221	28126632	LINE/L2	672	-	206	28126427	46160
chr7	28080267	28280267	harbor1	chr7	28158958	28159205	LINE/L2	520	-	124	28159082	78815
chr7	28080267	28280267	harbor1	chr7	28114640	28115002	LINE/L2	529	-	181	28114821	34554
chr7	148598238	148798238	harbor1	chr7	148662427	148662886	LINE/L2	741	-	230	148662657	64419
chr7	123649232	123849232	harbor1	chr7	123659606	123659828	LINE/L2	464	-	111	123659717	10485
chr7	123649232	123849232	harbor1	chr7	123667053	123667169	LINE/L2	491	-	58	123667111	17879
chr7	123649232	123849232	harbor1	chr7	123668970	123669599	LINE/L2	486	-	314	123669284	20052
chr7	123649232	123849232	harbor1	chr7	123704824	123705535	LINE/L2	1574	-	356	123705180	55948
chr7	28080180	28280180	harbor1	chr7	28126221	28126632	LINE/L2	672	-	206	28126427	46247
chr7	28080180	28280180	harbor1	chr7	28158958	28159205	LINE/L2	520	-	124	28159082	78902
chr7	28080180	28280180	harbor1	chr7	28114640	28115002	LINE/L2	529	-	181	28114821	34641
chr7	73470903	73670903	harbor1	chr7	73568965	73569396	LINE/L2	790	-	216	73569181	98278
chr7	44506780	44706780	harbor1	chr7	44586826	44586920	LINE/L2	538	-	47	44586873	80093
chr7	44506780	44706780	harbor1	chr7	44587216	44587332	LINE/L2	538	-	58	44587274	80494
chr7	26995617	27195617	harbor1	chr7	27080774	27081089	LINE/L2	531	-	158	27080932	85315
chr7	50203852	50403852	harbor1	chr7	50297052	50297563	LINE/L2	872	-	256	50297308	93456
chr7	100027600	100227600	harbor1	chr7	100052459	100052772	LINE/L2	1193	-	156	100052615	25015
chr7	2562527	2762527	harbor1	chr7	2586994	2587459	LINE/L2	649	-	232	2587226	24699
chr7	50203883	50403883	harbor1	chr7	50297052	50297563	LINE/L2	872	-	256	50297308	93425
chr7	32307595	32507595	harbor1	chr7	32325759	32326351	LINE/L2	1889	-	296	32326055	18460
chr7	32307595	32507595	harbor1	chr7	32331516	32331789	LINE/L2	472	-	136	32331652	24057
chr7	32307595	32507595	harbor1	chr7	32385084	32385323	LINE/L2	633	-	120	32385204	77609
chr7	32307595	32507595	harbor1	chr7	32395125	32395535	LINE/L2	531	-	205	32395330	87735
chr7	123649230	123849230	harbor1	chr7	123659606	123659828	LINE/L2	464	-	111	123659717	10487
chr7	123649230	123849230	harbor1	chr7	123667053	123667169	LINE/L2	491	-	58	123667111	17881
chr7	123649230	123849230	harbor1	chr7	123668970	123669599	LINE/L2	486	-	314	123669284	20054
chr7	123649230	123849230	harbor1	chr7	123704824	123705535	LINE/L2	1574	-	356	123705180	55950
chr7	123649229	123849229	harbor1	chr7	123659606	123659828	LINE/L2	464	-	111	123659717	10488
chr7	123649229	123849229	harbor1	chr7	123667053	123667169	LINE/L2	491	-	58	123667111	17882
chr7	123649229	123849229	harbor1	chr7	123668970	123669599	LINE/L2	486	-	314	123669284	20055
chr7	123649229	123849229	harbor1	chr7	123704824	123705535	LINE/L2	1574	-	356	123705180	55951
chr7	123649200	123849200	harbor1	chr7	123659606	123659828	LINE/L2	464	-	111	123659717	10517
chr7	123649200	123849200	harbor1	chr7	123667053	123667169	LINE/L2	491	-	58	123667111	17911
chr7	123649200	123849200	harbor1	chr7	123668970	123669599	LINE/L2	486	-	314	123669284	20084
chr7	123649200	123849200	harbor1	chr7	123704824	123705535	LINE/L2	1574	-	356	123705180	55980
chr7	44506860	44706860	harbor1	chr7	44586826	44586920	LINE/L2	538	-	47	44586873	80013
chr7	44506860	44706860	harbor1	chr7	44587216	44587332	LINE/L2	538	-	58	44587274	80414
chr7	158138716	158338716	harbor1	chr7	158151743	158151891	LINE/L2	935	-	74	158151817	13101
chr7	158138716	158338716	harbor1	chr7	158152192	158152478	LINE/L2	935	-	143	158152335	13619
chr7	100328345	100528345	harbor1	chr7	100384782	100385047	LINE/L2	743	-	132	100384914	56569
chr7	44439822	44639822	harbor1	chr7	44501873	44502184	LINE/L2	550	-	156	44502029	62207
chr7	28080203	28280203	harbor1	chr7	28126221	28126632	LINE/L2	672	-	206	28126427	46224
chr7	28080203	28280203	harbor1	chr7	28158958	28159205	LINE/L2	520	-	124	28159082	78879
chr7	28080203	28280203	harbor1	chr7	28114640	28115002	LINE/L2	529	-	181	28114821	34618
chr7	14798299	14998299	harbor1	chr7	14821236	14822573	LINE/L2	1215	-	668	14821904	23605
chr7	14798299	14998299	harbor1	chr7	14847894	14848558	LINE/L2	1014	-	332	14848226	49927
chr7	14798299	14998299	harbor1	chr7	14850021	14850792	LINE/L2	582	-	386	14850407	52108
chr7	28080247	28280247	harbor1	chr7	28126221	28126632	LINE/L2	672	-	206	28126427	46180
chr7	28080247	28280247	harbor1	chr7	28158958	28159205	LINE/L2	520	-	124	28159082	78835
chr7	28080247	28280247	harbor1	chr7	28114640	28115002	LINE/L2	529	-	181	28114821	34574
chr7	26995486	27195486	harbor1	chr7	27080774	27081089	LINE/L2	531	-	158	27080932	85446
chr7	44654661	44854661	harbor1	chr7	44727387	44727684	LINE/L2	596	-	148	44727535	72874
chr7	100475318	100675318	harbor1	chr7	100542834	100543027	LINE/L2	545	-	96	100542930	67612
chr7	90496291	90696291	harbor1	chr7	90512151	90512592	LINE/L2	472	-	220	90512371	16080
chr7	90496291	90696291	harbor1	chr7	90574820	90575102	LINE/L2	738	-	141	90574961	78670
chr7	90496291	90696291	harbor1	chr7	90575680	90576202	LINE/L2	1296	-	261	90575941	79650
chr7	90496291	90696291	harbor1	chr7	90577624	90577911	LINE/L2	604	-	144	90577768	81477
chr7	73518943	73718943	harbor1	chr7	73568965	73569396	LINE/L2	790	-	216	73569181	50238
chr7	25244355	25444355	harbor1	chr7	25247268	25247479	LINE/L2	533	-	106	25247374	3019
chr7	25244355	25444355	harbor1	chr7	25320220	25320706	LINE/L2	1401	-	243	25320463	76108
chr7	25244355	25444355	harbor1	chr7	25263875	25264656	LINE/L2	470	-	390	25264265	19910
chr7	150296831	150496831	harbor1	chr7	150346272	150347005	LINE/L2	636	-	366	150346638	49807
chr7	150296831	150496831	harbor1	chr7	150358604	150358815	LINE/L2	477	-	106	150358710	61879
chr7	28080222	28280222	harbor1	chr7	28126221	28126632	LINE/L2	672	-	206	28126427	46205
chr7	28080222	28280222	harbor1	chr7	28158958	28159205	LINE/L2	520	-	124	28159082	78860
chr7	28080222	28280222	harbor1	chr7	28114640	28115002	LINE/L2	529	-	181	28114821	34599
chr7	155708592	155908592	harbor1	chr7	155712352	155714438	LINE/L2	2045	-	1043	155713395	4803
chr7	100027650	100227650	harbor1	chr7	100052459	100052772	LINE/L2	1193	-	156	100052615	24965
chr7	44439887	44639887	harbor1	chr7	44501873	44502184	LINE/L2	550	-	156	44502029	62142
chr7	25269481	25469481	harbor1	chr7	25320220	25320706	LINE/L2	1401	-	243	25320463	50982
chr7	25269481	25469481	harbor1	chr7	25347442	25347837	LINE/L2	597	-	198	25347640	78159
chr7	50615284	50815284	harbor1	chr7	50647908	50648462	LINE/L2	656	-	277	50648185	32901
chr7	50615284	50815284	harbor1	chr7	50649119	50650841	LINE/L2	663	-	861	50649980	34696
chr7	44506775	44706775	harbor1	chr7	44586826	44586920	LINE/L2	538	-	47	44586873	80098
chr7	44506775	44706775	harbor1	chr7	44587216	44587332	LINE/L2	538	-	58	44587274	80499
chr7	28080189	28280189	harbor1	chr7	28126221	28126632	LINE/L2	672	-	206	28126427	46238
chr7	28080189	28280189	harbor1	chr7	28158958	28159205	LINE/L2	520	-	124	28159082	78893
chr7	28080189	28280189	harbor1	chr7	28114640	28115002	LINE/L2	529	-	181	28114821	34632
chr7	128753811	128953811	harbor1	chr7	128796207	128796739	LINE/L2	2494	-	266	128796473	42662
chr7	128753811	128953811	harbor1	chr7	128797041	128797820	LINE/L2	2494	-	390	128797431	43620
chr7	127154041	127354041	harbor1	chr7	127165006	127165141	LINE/L2	695	-	68	127165074	11033
chr7	127154041	127354041	harbor1	chr7	127165194	127165306	LINE/L2	695	-	56	127165250	11209
chr7	127154041	127354041	harbor1	chr7	127173037	127173627	LINE/L2	1295	-	295	127173332	19291
chr7	127154041	127354041	harbor1	chr7	127236810	127236955	LINE/L2	513	-	72	127236882	82841
chr7	26995599	27195599	harbor1	chr7	27080774	27081089	LINE/L2	531	-	158	27080932	85333
chr7	104889111	105089111	harbor1	chr7	104909594	104909913	LINE/L2	730	-	160	104909754	20643
chr7	104889111	105089111	harbor1	chr7	104914723	104914913	LINE/L2	958	-	95	104914818	25707
chr7	104889111	105089111	harbor1	chr7	104915206	104915549	LINE/L2	958	-	172	104915378	26267
chr7	104889111	105089111	harbor1	chr7	104915848	104916090	LINE/L2	958	-	121	104915969	26858
chr7	123576545	123776545	harbor1	chr7	123659606	123659828	LINE/L2	464	-	111	123659717	83172
chr7	123576545	123776545	harbor1	chr7	123667053	123667169	LINE/L2	491	-	58	123667111	90566
chr7	123576545	123776545	harbor1	chr7	123668970	123669599	LINE/L2	486	-	314	123669284	92739
chr7	155282486	155482486	harbor1	chr7	155321460	155321539	LINE/L2	834	-	40	155321500	39014
chr7	155282486	155482486	harbor1	chr7	155321827	155322046	LINE/L2	834	-	110	155321937	39451
chr7	31971286	32171286	harbor1	chr7	32019205	32020051	LINE/L2	933	-	423	32019628	48342
chr7	31971286	32171286	harbor1	chr7	32067253	32067459	LINE/L2	662	-	103	32067356	96070
chr7	44696529	44896529	harbor1	chr7	44727387	44727684	LINE/L2	596	-	148	44727535	31006
chr7	44439928	44639928	harbor1	chr7	44501873	44502184	LINE/L2	550	-	156	44502029	62101
chr7	20551436	20751436	harbor1	chr7	20650281	20650479	LINE/L2	1030	-	99	20650380	98944
chr7	90142065	90342065	harbor1	chr7	90145767	90146100	LINE/L2	630	-	166	90145933	3868
chr7	90142065	90342065	harbor1	chr7	90213922	90214387	LINE/L2	902	-	232	90214154	72089
chr7	90142065	90342065	harbor1	chr7	90214474	90215200	LINE/L2	863	-	363	90214837	72772
chr7	41380663	41580663	harbor1	chr7	41407172	41407557	LINE/L2	554	-	192	41407364	26701
chr7	41380663	41580663	harbor1	chr7	41422247	41422615	LINE/L2	899	-	184	41422431	41768
chr7	41380663	41580663	harbor1	chr7	41461662	41461997	LINE/L2	500	-	168	41461830	81167
chr7	155304444	155504444	harbor1	chr7	155321460	155321539	LINE/L2	834	-	40	155321500	17056
chr7	155304444	155504444	harbor1	chr7	155321827	155322046	LINE/L2	834	-	110	155321937	17493
chr7	21261819	21461819	harbor1	chr7	21284520	21284862	LINE/L2	630	-	171	21284691	22872
chr7	21261819	21461819	harbor1	chr7	21287448	21287620	LINE/L2	486	-	86	21287534	25715
chr7	21261819	21461819	harbor1	chr7	21296694	21296897	LINE/L2	509	-	102	21296796	34977
chr7	21261819	21461819	harbor1	chr7	21297191	21297216	LINE/L2	509	-	12	21297203	35384
chr7	90496236	90696236	harbor1	chr7	90512151	90512592	LINE/L2	472	-	220	90512371	16135
chr7	90496236	90696236	harbor1	chr7	90574820	90575102	LINE/L2	738	-	141	90574961	78725
chr7	90496236	90696236	harbor1	chr7	90575680	90576202	LINE/L2	1296	-	261	90575941	79705
chr7	90496236	90696236	harbor1	chr7	90577624	90577911	LINE/L2	604	-	144	90577768	81532
chr7	50204685	50404685	harbor1	chr7	50297052	50297563	LINE/L2	872	-	256	50297308	92623
chr7	150858477	151058477	harbor1	chr7	150909598	150909708	LINE/L2	638	-	55	150909653	51176
chr7	150858477	151058477	harbor1	chr7	150910670	150910928	LINE/L2	638	-	129	150910799	52322
chr7	157236661	157436661	harbor1	chr7	157238240	157239065	LINE/L2	1283	-	412	157238652	1991
chr7	157236661	157436661	harbor1	chr7	157240423	157241144	LINE/L2	1085	-	360	157240783	4122
chr7	90496254	90696254	harbor1	chr7	90512151	90512592	LINE/L2	472	-	220	90512371	16117
chr7	90496254	90696254	harbor1	chr7	90574820	90575102	LINE/L2	738	-	141	90574961	78707
chr7	90496254	90696254	harbor1	chr7	90575680	90576202	LINE/L2	1296	-	261	90575941	79687
chr7	90496254	90696254	harbor1	chr7	90577624	90577911	LINE/L2	604	-	144	90577768	81514
chr7	123639349	123839349	harbor1	chr7	123659606	123659828	LINE/L2	464	-	111	123659717	20368
chr7	123639349	123839349	harbor1	chr7	123667053	123667169	LINE/L2	491	-	58	123667111	27762
chr7	123639349	123839349	harbor1	chr7	123668970	123669599	LINE/L2	486	-	314	123669284	29935
chr7	123639349	123839349	harbor1	chr7	123704824	123705535	LINE/L2	1574	-	356	123705180	65831
chr7	26994913	27194913	harbor1	chr7	27080774	27081089	LINE/L2	531	-	158	27080932	86019
chr7	50203893	50403893	harbor1	chr7	50297052	50297563	LINE/L2	872	-	256	50297308	93415
chr7	28080187	28280187	harbor1	chr7	28126221	28126632	LINE/L2	672	-	206	28126427	46240
chr7	28080187	28280187	harbor1	chr7	28158958	28159205	LINE/L2	520	-	124	28159082	78895
chr7	28080187	28280187	harbor1	chr7	28114640	28115002	LINE/L2	529	-	181	28114821	34634
chr7	50203935	50403935	harbor1	chr7	50297052	50297563	LINE/L2	872	-	256	50297308	93373
chr7	44439932	44639932	harbor1	chr7	44501873	44502184	LINE/L2	550	-	156	44502029	62097
chr7	127283483	127483483	harbor1	chr7	127345159	127345848	LINE/L2	726	-	344	127345503	62020
chr7	127283483	127483483	harbor1	chr7	127345850	127346677	LINE/L2	1144	-	414	127346264	62781
chr7	127283483	127483483	harbor1	chr7	127347126	127347256	LINE/L2	1144	-	65	127347191	63708
chr7	25465106	25665106	harbor1	chr7	25523812	25524179	LINE/L2	723	-	184	25523996	58890
chr7	25465106	25665106	harbor1	chr7	25535258	25535874	LINE/L2	2137	-	308	25535566	70460
chr7	93685527	93885527	harbor1	chr7	93777184	93777646	LINE/L2	589	-	231	93777415	91888
chr7	152754707	152954707	harbor1	chr7	152759225	152759543	LINE/L2	593	-	159	152759384	4677
chr8	23408871	23608871	harbor1	chr8	23424260	23424494	LINE/L2	735	-	117	23424377	15506
chr8	23408871	23608871	harbor1	chr8	23424499	23424724	LINE/L2	462	-	112	23424611	15740
chr8	38169250	38369250	harbor1	chr8	38248423	38248555	LINE/L2	421	-	66	38248489	79239
chr8	23409382	23609382	harbor1	chr8	23424260	23424494	LINE/L2	735	-	117	23424377	14995
chr8	23409382	23609382	harbor1	chr8	23424499	23424724	LINE/L2	462	-	112	23424611	15229
chr8	23428927	23628927	harbor1	chr8	23515922	23516027	LINE/L2	453	-	52	23515974	87047
chr8	23428510	23628510	harbor1	chr8	23515922	23516027	LINE/L2	453	-	52	23515974	87464
chr8	23428925	23628925	harbor1	chr8	23515922	23516027	LINE/L2	453	-	52	23515974	87049
chr8	23428297	23628297	harbor1	chr8	23515922	23516027	LINE/L2	453	-	52	23515974	87677
chr8	23408903	23608903	harbor1	chr8	23424260	23424494	LINE/L2	735	-	117	23424377	15474
chr8	23408903	23608903	harbor1	chr8	23424499	23424724	LINE/L2	462	-	112	23424611	15708
chr8	23379720	23579720	harbor1	chr8	23424260	23424494	LINE/L2	735	-	117	23424377	44657
chr8	23379720	23579720	harbor1	chr8	23424499	23424724	LINE/L2	462	-	112	23424611	44891
chr8	23428962	23628962	harbor1	chr8	23515922	23516027	LINE/L2	453	-	52	23515974	87012
chr8	23428983	23628983	harbor1	chr8	23515922	23516027	LINE/L2	453	-	52	23515974	86991
chr8	17983945	18183945	harbor1	chr8	18000063	18000635	LINE/L2	647	-	286	18000349	16404
chr8	17983945	18183945	harbor1	chr8	18000904	18001081	LINE/L2	647	-	88	18000992	17047
chr8	23428928	23628928	harbor1	chr8	23515922	23516027	LINE/L2	453	-	52	23515974	87046
chr8	23371923	23571923	harbor1	chr8	23424260	23424494	LINE/L2	735	-	117	23424377	52454
chr8	23371923	23571923	harbor1	chr8	23424499	23424724	LINE/L2	462	-	112	23424611	52688
chr8	10820948	11020948	harbor1	chr8	10833177	10833527	LINE/L2	702	-	175	10833352	12404
chr8	10820948	11020948	harbor1	chr8	10833772	10834422	LINE/L2	1339	-	325	10834097	13149
chr8	23428391	23628391	harbor1	chr8	23515922	23516027	LINE/L2	453	-	52	23515974	87583
chr8	23428850	23628850	harbor1	chr8	23515922	23516027	LINE/L2	453	-	52	23515974	87124
chr8	23371938	23571938	harbor1	chr8	23424260	23424494	LINE/L2	735	-	117	23424377	52439
chr8	23371938	23571938	harbor1	chr8	23424499	23424724	LINE/L2	462	-	112	23424611	52673
chr8	23428493	23628493	harbor1	chr8	23515922	23516027	LINE/L2	453	-	52	23515974	87481
chr8	23428942	23628942	harbor1	chr8	23515922	23516027	LINE/L2	453	-	52	23515974	87032
chr8	23428811	23628811	harbor1	chr8	23515922	23516027	LINE/L2	453	-	52	23515974	87163
chr8	22449326	22649326	harbor1	chr8	22488569	22489233	LINE/L2	1052	-	332	22488901	39575
chr8	23409313	23609313	harbor1	chr8	23424260	23424494	LINE/L2	735	-	117	23424377	15064
chr8	23409313	23609313	harbor1	chr8	23424499	23424724	LINE/L2	462	-	112	23424611	15298
chr8	9314880	9514880	harbor1	chr8	9333437	9333944	LINE/L2	831	-	254	9333691	18811
chr8	9314880	9514880	harbor1	chr8	9334327	9334377	LINE/L2	451	-	25	9334352	19472
chr8	38169200	38369200	harbor1	chr8	38248423	38248555	LINE/L2	421	-	66	38248489	79289
chr8	23398381	23598381	harbor1	chr8	23424260	23424494	LINE/L2	735	-	117	23424377	25996
chr8	23398381	23598381	harbor1	chr8	23424499	23424724	LINE/L2	462	-	112	23424611	26230
chr8	23382036	23582036	harbor1	chr8	23424260	23424494	LINE/L2	735	-	117	23424377	42341
chr8	23382036	23582036	harbor1	chr8	23424499	23424724	LINE/L2	462	-	112	23424611	42575
chr8	23409011	23609011	harbor1	chr8	23424260	23424494	LINE/L2	735	-	117	23424377	15366
chr8	23409011	23609011	harbor1	chr8	23424499	23424724	LINE/L2	462	-	112	23424611	15600
chr8	23428813	23628813	harbor1	chr8	23515922	23516027	LINE/L2	453	-	52	23515974	87161
chr8	21958007	22158007	harbor1	chr8	21997193	21997958	LINE/L2	670	-	382	21997575	39568
chr8	21958007	22158007	harbor1	chr8	21999827	21999964	LINE/L2	418	-	68	21999895	41888
chr8	23380145	23580145	harbor1	chr8	23424260	23424494	LINE/L2	735	-	117	23424377	44232
chr8	23380145	23580145	harbor1	chr8	23424499	23424724	LINE/L2	462	-	112	23424611	44466
chr8	38168882	38368882	harbor1	chr8	38248423	38248555	LINE/L2	421	-	66	38248489	79607
chr8	23407361	23607361	harbor1	chr8	23424260	23424494	LINE/L2	735	-	117	23424377	17016
chr8	23407361	23607361	harbor1	chr8	23424499	23424724	LINE/L2	462	-	112	23424611	17250
chr8	109366219	109566219	harbor1	chr8	109420036	109420226	LINE/L2	438	-	95	109420131	53912
chr8	23428529	23628529	harbor1	chr8	23515922	23516027	LINE/L2	453	-	52	23515974	87445
chr8	23428549	23628549	harbor1	chr8	23515922	23516027	LINE/L2	453	-	52	23515974	87425
chr8	23428888	23628888	harbor1	chr8	23515922	23516027	LINE/L2	453	-	52	23515974	87086
chr8	23428866	23628866	harbor1	chr8	23515922	23516027	LINE/L2	453	-	52	23515974	87108
chr8	23393384	23593384	harbor1	chr8	23424260	23424494	LINE/L2	735	-	117	23424377	30993
chr8	23393384	23593384	harbor1	chr8	23424499	23424724	LINE/L2	462	-	112	23424611	31227
chr8	23408040	23608040	harbor1	chr8	23424260	23424494	LINE/L2	735	-	117	23424377	16337
chr8	23408040	23608040	harbor1	chr8	23424499	23424724	LINE/L2	462	-	112	23424611	16571
chr8	23428871	23628871	harbor1	chr8	23515922	23516027	LINE/L2	453	-	52	23515974	87103
chr8	23428530	23628530	harbor1	chr8	23515922	23516027	LINE/L2	453	-	52	23515974	87444
chr8	38168620	38368620	harbor1	chr8	38248423	38248555	LINE/L2	421	-	66	38248489	79869
chr8	29983333	30183333	harbor1	chr8	30050218	30050483	LINE/L2	687	-	132	30050350	67017
chr8	23428833	23628833	harbor1	chr8	23515922	23516027	LINE/L2	453	-	52	23515974	87141
chr8	102556520	102756520	harbor1	chr8	102646155	102646382	LINE/L2	602	-	114	102646269	89749
chr8	23382024	23582024	harbor1	chr8	23424260	23424494	LINE/L2	735	-	117	23424377	42353
chr8	23382024	23582024	harbor1	chr8	23424499	23424724	LINE/L2	462	-	112	23424611	42587
chr8	23382929	23582929	harbor1	chr8	23424260	23424494	LINE/L2	735	-	117	23424377	41448
chr8	23382929	23582929	harbor1	chr8	23424499	23424724	LINE/L2	462	-	112	23424611	41682
chr8	23428812	23628812	harbor1	chr8	23515922	23516027	LINE/L2	453	-	52	23515974	87162
chr8	23335731	23535731	harbor1	chr8	23424260	23424494	LINE/L2	735	-	117	23424377	88646
chr8	23335731	23535731	harbor1	chr8	23424499	23424724	LINE/L2	462	-	112	23424611	88880
chr8	23428407	23628407	harbor1	chr8	23515922	23516027	LINE/L2	453	-	52	23515974	87567
chr8	89802506	90002506	harbor1	chr8	89886305	89886640	LINE/L2	765	-	168	89886473	83967
chr8	89802506	90002506	harbor1	chr8	89889650	89889777	LINE/L2	443	-	64	89889714	87208
chr8	23428497	23628497	harbor1	chr8	23515922	23516027	LINE/L2	453	-	52	23515974	87477
chr8	23419568	23619568	harbor1	chr8	23424260	23424494	LINE/L2	735	-	117	23424377	4809
chr8	23419568	23619568	harbor1	chr8	23424499	23424724	LINE/L2	462	-	112	23424611	5043
chr8	23419568	23619568	harbor1	chr8	23515922	23516027	LINE/L2	453	-	52	23515974	96406
chr8	27225680	27425680	harbor1	chr8	27297490	27298162	LINE/L2	653	-	336	27297826	72146
chr8	23428434	23628434	harbor1	chr8	23515922	23516027	LINE/L2	453	-	52	23515974	87540
chr8	23428557	23628557	harbor1	chr8	23515922	23516027	LINE/L2	453	-	52	23515974	87417
chr8	23428919	23628919	harbor1	chr8	23515922	23516027	LINE/L2	453	-	52	23515974	87055
chr8	90970524	91170524	harbor1	chr8	90972975	90973371	LINE/L2	728	-	198	90973173	2649
chr8	90970524	91170524	harbor1	chr8	91051499	91052126	LINE/L2	596	-	314	91051813	81289
chr8	90970524	91170524	harbor1	chr8	91064854	91065053	LINE/L2	489	-	100	91064954	94430
chr8	21958005	22158005	harbor1	chr8	21997193	21997958	LINE/L2	670	-	382	21997575	39570
chr8	21958005	22158005	harbor1	chr8	21999827	21999964	LINE/L2	418	-	68	21999895	41890
chr8	38169251	38369251	harbor1	chr8	38248423	38248555	LINE/L2	421	-	66	38248489	79238
chr8	23358013	23558013	harbor1	chr8	23424260	23424494	LINE/L2	735	-	117	23424377	66364
chr8	23358013	23558013	harbor1	chr8	23424499	23424724	LINE/L2	462	-	112	23424611	66598
chr8	23428835	23628835	harbor1	chr8	23515922	23516027	LINE/L2	453	-	52	23515974	87139
chr8	23428480	23628480	harbor1	chr8	23515922	23516027	LINE/L2	453	-	52	23515974	87494
chr8	2481328	2681328	harbor1	chr8	2522619	2522849	LINE/L2	420	-	115	2522734	41406
chr8	23428515	23628515	harbor1	chr8	23515922	23516027	LINE/L2	453	-	52	23515974	87459
chr8	23393484	23593484	harbor1	chr8	23424260	23424494	LINE/L2	735	-	117	23424377	30893
chr8	23393484	23593484	harbor1	chr8	23424499	23424724	LINE/L2	462	-	112	23424611	31127
chr8	23380424	23580424	harbor1	chr8	23424260	23424494	LINE/L2	735	-	117	23424377	43953
chr8	23380424	23580424	harbor1	chr8	23424499	23424724	LINE/L2	462	-	112	23424611	44187
chr8	23428487	23628487	harbor1	chr8	23515922	23516027	LINE/L2	453	-	52	23515974	87487
chr8	23393608	23593608	harbor1	chr8	23424260	23424494	LINE/L2	735	-	117	23424377	30769
chr8	23393608	23593608	harbor1	chr8	23424499	23424724	LINE/L2	462	-	112	23424611	31003
chr8	23428433	23628433	harbor1	chr8	23515922	23516027	LINE/L2	453	-	52	23515974	87541
chr8	41797946	41997946	harbor1	chr8	41877488	41877976	LINE/L2	742	-	244	41877732	79786
chr8	12095160	12295160	harbor1	chr8	12156698	12156935	LINE/L2	527	-	118	12156816	61656
chr8	29983365	30183365	harbor1	chr8	30050218	30050483	LINE/L2	687	-	132	30050350	66985
chr8	23398492	23598492	harbor1	chr8	23424260	23424494	LINE/L2	735	-	117	23424377	25885
chr8	23398492	23598492	harbor1	chr8	23424499	23424724	LINE/L2	462	-	112	23424611	26119
chr8	23428524	23628524	harbor1	chr8	23515922	23516027	LINE/L2	453	-	52	23515974	87450
chr8	23384163	23584163	harbor1	chr8	23424260	23424494	LINE/L2	735	-	117	23424377	40214
chr8	23384163	23584163	harbor1	chr8	23424499	23424724	LINE/L2	462	-	112	23424611	40448
chr8	23428822	23628822	harbor1	chr8	23515922	23516027	LINE/L2	453	-	52	23515974	87152
chr8	9051756	9251756	harbor1	chr8	9057547	9058294	LINE/L2	685	-	374	9057921	6165
chr8	23428849	23628849	harbor1	chr8	23515922	23516027	LINE/L2	453	-	52	23515974	87125
chr8	23373952	23573952	harbor1	chr8	23424260	23424494	LINE/L2	735	-	117	23424377	50425
chr8	23373952	23573952	harbor1	chr8	23424499	23424724	LINE/L2	462	-	112	23424611	50659
chr8	94973525	95173525	harbor1	chr8	95013565	95013774	LINE/L2	946	-	104	95013669	40144
chr8	94973525	95173525	harbor1	chr8	95014217	95014541	LINE/L2	946	-	162	95014379	40854
chr8	94973525	95173525	harbor1	chr8	95015613	95015967	LINE/L2	542	-	177	95015790	42265
chr8	94973525	95173525	harbor1	chr8	95033456	95034029	LINE/L2	1200	-	286	95033742	60217
chr8	140984887	141184887	harbor1	chr8	141031777	141032401	LINE/L2	724	-	312	141032089	47202
chr8	38167799	38367799	harbor1	chr8	38248423	38248555	LINE/L2	421	-	66	38248489	80690
chr8	143716206	143916206	harbor1	chr8	143716948	143717418	LINE/L2	644	-	235	143717183	977
chr8	23428936	23628936	harbor1	chr8	23515922	23516027	LINE/L2	453	-	52	23515974	87038
chr8	23409024	23609024	harbor1	chr8	23424260	23424494	LINE/L2	735	-	117	23424377	15353
chr8	23409024	23609024	harbor1	chr8	23424499	23424724	LINE/L2	462	-	112	23424611	15587
chr8	23428958	23628958	harbor1	chr8	23515922	23516027	LINE/L2	453	-	52	23515974	87016
chr8	38168860	38368860	harbor1	chr8	38248423	38248555	LINE/L2	421	-	66	38248489	79629
chr8	23382017	23582017	harbor1	chr8	23424260	23424494	LINE/L2	735	-	117	23424377	42360
chr8	23382017	23582017	harbor1	chr8	23424499	23424724	LINE/L2	462	-	112	23424611	42594
chr8	23428526	23628526	harbor1	chr8	23515922	23516027	LINE/L2	453	-	52	23515974	87448
chr8	27519509	27719509	harbor1	chr8	27561110	27561501	LINE/L2	426	-	196	27561306	41797
chr8	25084956	25284956	harbor1	chr8	25120929	25121077	LINE/L2	413	-	74	25121003	36047
chr8	25084956	25284956	harbor1	chr8	25134213	25134832	LINE/L2	578	-	310	25134523	49567
chr8	23372498	23572498	harbor1	chr8	23424260	23424494	LINE/L2	735	-	117	23424377	51879
chr8	23372498	23572498	harbor1	chr8	23424499	23424724	LINE/L2	462	-	112	23424611	52113
chr8	21328820	21528820	harbor1	chr8	21386505	21387265	LINE/L2	1344	-	380	21386885	58065
chr8	21328820	21528820	harbor1	chr8	21416595	21416782	LINE/L2	493	-	94	21416689	87869
chr8	22051990	22251990	harbor1	chr8	22074037	22074262	LINE/L2	558	-	112	22074149	22159
chr8	22051990	22251990	harbor1	chr8	22074574	22074785	LINE/L2	558	-	106	22074680	22690
chr8	23382188	23582188	harbor1	chr8	23424260	23424494	LINE/L2	735	-	117	23424377	42189
chr8	23382188	23582188	harbor1	chr8	23424499	23424724	LINE/L2	462	-	112	23424611	42423
chr8	20295312	20495312	harbor1	chr8	20316880	20317120	LINE/L2	448	-	120	20317000	21688
chr8	20295312	20495312	harbor1	chr8	20345132	20345537	LINE/L2	869	-	202	20345334	50022
chr8	20295312	20495312	harbor1	chr8	20345840	20345936	LINE/L2	869	-	48	20345888	50576
chr8	38162265	38362265	harbor1	chr8	38248423	38248555	LINE/L2	421	-	66	38248489	86224
chr8	23381183	23581183	harbor1	chr8	23424260	23424494	LINE/L2	735	-	117	23424377	43194
chr8	23381183	23581183	harbor1	chr8	23424499	23424724	LINE/L2	462	-	112	23424611	43428
chr8	23428879	23628879	harbor1	chr8	23515922	23516027	LINE/L2	453	-	52	23515974	87095
chr8	38169230	38369230	harbor1	chr8	38248423	38248555	LINE/L2	421	-	66	38248489	79259
chr8	143716099	143916099	harbor1	chr8	143716948	143717418	LINE/L2	644	-	235	143717183	1084
chr8	38073888	38273888	harbor1	chr8	38078247	38078352	LINE/L2	625	-	52	38078299	4411
chr8	38073888	38273888	harbor1	chr8	38158644	38158846	LINE/L2	688	-	101	38158745	84857
chr8	26283759	26483759	harbor1	chr8	26287652	26287920	LINE/L2	1004	-	134	26287786	4027
chr8	26283759	26483759	harbor1	chr8	26288205	26288482	LINE/L2	1004	-	138	26288343	4584
chr8	89802482	90002482	harbor1	chr8	89886305	89886640	LINE/L2	765	-	168	89886473	83991
chr8	89802482	90002482	harbor1	chr8	89889650	89889777	LINE/L2	443	-	64	89889714	87232
chr8	38169172	38369172	harbor1	chr8	38248423	38248555	LINE/L2	421	-	66	38248489	79317
chr8	23429068	23629068	harbor1	chr8	23515922	23516027	LINE/L2	453	-	52	23515974	86906
chr8	38169199	38369199	harbor1	chr8	38248423	38248555	LINE/L2	421	-	66	38248489	79290
chr8	58558195	58758195	harbor1	chr8	58620170	58620389	LINE/L2	476	-	110	58620280	62085
chr8	23424122	23624122	harbor1	chr8	23424260	23424494	LINE/L2	735	-	117	23424377	255
chr8	23424122	23624122	harbor1	chr8	23424499	23424724	LINE/L2	462	-	112	23424611	489
chr8	23424122	23624122	harbor1	chr8	23515922	23516027	LINE/L2	453	-	52	23515974	91852
chr8	23381900	23581900	harbor1	chr8	23424260	23424494	LINE/L2	735	-	117	23424377	42477
chr8	23381900	23581900	harbor1	chr8	23424499	23424724	LINE/L2	462	-	112	23424611	42711
chr8	22624498	22824498	harbor1	chr8	22665338	22665685	LINE/L2	462	-	174	22665512	41014
chr8	22624498	22824498	harbor1	chr8	22669733	22670095	LINE/L2	642	-	181	22669914	45416
chr8	11745829	11945829	harbor1	chr8	11798730	11798849	LINE/L2	411	-	60	11798790	52961
chr8	11745829	11945829	harbor1	chr8	11804026	11804231	LINE/L2	651	-	102	11804128	58299
chr8	41761146	41961146	harbor1	chr8	41778803	41779102	LINE/L2	422	-	150	41778953	17807
chr8	41761146	41961146	harbor1	chr8	41792883	41792995	LINE/L2	531	-	56	41792939	31793
chr8	10959439	11159439	harbor1	chr8	11011477	11011801	LINE/L2	894	-	162	11011639	52200
chr8	38167906	38367906	harbor1	chr8	38248423	38248555	LINE/L2	421	-	66	38248489	80583
chr8	38167394	38367394	harbor1	chr8	38248423	38248555	LINE/L2	421	-	66	38248489	81095
chr8	22656494	22856494	harbor1	chr8	22665338	22665685	LINE/L2	462	-	174	22665512	9018
chr8	22656494	22856494	harbor1	chr8	22669733	22670095	LINE/L2	642	-	181	22669914	13420
chr8	102556596	102756596	harbor1	chr8	102646155	102646382	LINE/L2	602	-	114	102646269	89673
chr8	23428939	23628939	harbor1	chr8	23515922	23516027	LINE/L2	453	-	52	23515974	87035
chr8	23412882	23612882	harbor1	chr8	23424260	23424494	LINE/L2	735	-	117	23424377	11495
chr8	23412882	23612882	harbor1	chr8	23424499	23424724	LINE/L2	462	-	112	23424611	11729
chr8	29983323	30183323	harbor1	chr8	30050218	30050483	LINE/L2	687	-	132	30050350	67027
chr8	29983355	30183355	harbor1	chr8	30050218	30050483	LINE/L2	687	-	132	30050350	66995
chr8	89884330	90084330	harbor1	chr8	89886305	89886640	LINE/L2	765	-	168	89886473	2143
chr8	89884330	90084330	harbor1	chr8	89889650	89889777	LINE/L2	443	-	64	89889714	5384
chr8	104489421	104689421	harbor1	chr8	104581549	104581787	LINE/L2	439	-	119	104581668	92247
chr8	23373996	23573996	harbor1	chr8	23424260	23424494	LINE/L2	735	-	117	23424377	50381
chr8	23373996	23573996	harbor1	chr8	23424499	23424724	LINE/L2	462	-	112	23424611	50615
chr9	134318708	134518708	harbor1	chr9	134374894	134375272	LINE/L2	531	-	189	134375083	56375
chr9	4483026	4683026	harbor1	chr9	4495298	4495646	LINE/L2	869	-	174	4495472	12446
chr9	4483026	4683026	harbor1	chr9	4508830	4509274	LINE/L2	495	-	222	4509052	26026
chr9	4483026	4683026	harbor1	chr9	4554283	4554847	LINE/L2	647	-	282	4554565	71539
chr9	4692784	4892784	harbor1	chr9	4748998	4749561	LINE/L2	1588	-	282	4749280	56496
chr9	4669274	4869274	harbor1	chr9	4675599	4676069	LINE/L2	832	-	235	4675834	6560
chr9	4669274	4869274	harbor1	chr9	4677301	4677910	LINE/L2	1205	-	304	4677605	8331
chr9	4669274	4869274	harbor1	chr9	4748998	4749561	LINE/L2	1588	-	282	4749280	80006
chr9	4692259	4892259	harbor1	chr9	4748998	4749561	LINE/L2	1588	-	282	4749280	57021
chr9	4641119	4841119	harbor1	chr9	4675599	4676069	LINE/L2	832	-	235	4675834	34715
chr9	4641119	4841119	harbor1	chr9	4677301	4677910	LINE/L2	1205	-	304	4677605	36486
chr9	4580286	4780286	harbor1	chr9	4675599	4676069	LINE/L2	832	-	235	4675834	95548
chr9	4580286	4780286	harbor1	chr9	4677301	4677910	LINE/L2	1205	-	304	4677605	97319
chr9	112387325	112587325	harbor1	chr9	112429529	112429809	LINE/L2	896	-	140	112429669	42344
chr9	112387325	112587325	harbor1	chr9	112430106	112430122	LINE/L2	2683	-	8	112430114	42789
chr9	112387325	112587325	harbor1	chr9	112430160	112430770	LINE/L2	2683	-	305	112430465	43140
chr9	112387325	112587325	harbor1	chr9	112431084	112431490	LINE/L2	2683	-	203	112431287	43962
chr9	112387325	112587325	harbor1	chr9	112432222	112432275	LINE/L2	2683	-	26	112432248	44923
chr9	4692922	4892922	harbor1	chr9	4748998	4749561	LINE/L2	1588	-	282	4749280	56358
chr9	79473193	79673193	harbor1	chr9	79523333	79523560	LINE/L2	568	-	114	79523447	50254
chr9	4694655	4894655	harbor1	chr9	4748998	4749561	LINE/L2	1588	-	282	4749280	54625
chr9	4726841	4926841	harbor1	chr9	4748998	4749561	LINE/L2	1588	-	282	4749280	22439
chr9	112387187	112587187	harbor1	chr9	112429529	112429809	LINE/L2	896	-	140	112429669	42482
chr9	112387187	112587187	harbor1	chr9	112430106	112430122	LINE/L2	2683	-	8	112430114	42927
chr9	112387187	112587187	harbor1	chr9	112430160	112430770	LINE/L2	2683	-	305	112430465	43278
chr9	112387187	112587187	harbor1	chr9	112431084	112431490	LINE/L2	2683	-	203	112431287	44100
chr9	112387187	112587187	harbor1	chr9	112432222	112432275	LINE/L2	2683	-	26	112432248	45061
chr9	4681965	4881965	harbor1	chr9	4748998	4749561	LINE/L2	1588	-	282	4749280	67315
chr9	4692767	4892767	harbor1	chr9	4748998	4749561	LINE/L2	1588	-	282	4749280	56513
chr9	4697988	4897988	harbor1	chr9	4748998	4749561	LINE/L2	1588	-	282	4749280	51292
chr9	4642306	4842306	harbor1	chr9	4675599	4676069	LINE/L2	832	-	235	4675834	33528
chr9	4642306	4842306	harbor1	chr9	4677301	4677910	LINE/L2	1205	-	304	4677605	35299
chr9	4692228	4892228	harbor1	chr9	4748998	4749561	LINE/L2	1588	-	282	4749280	57052
chr9	4663605	4863605	harbor1	chr9	4675599	4676069	LINE/L2	832	-	235	4675834	12229
chr9	4663605	4863605	harbor1	chr9	4677301	4677910	LINE/L2	1205	-	304	4677605	14000
chr9	4663605	4863605	harbor1	chr9	4748998	4749561	LINE/L2	1588	-	282	4749280	85675
chr9	4692785	4892785	harbor1	chr9	4748998	4749561	LINE/L2	1588	-	282	4749280	56495
chr9	3260153	3460153	harbor1	chr9	3298474	3298586	LINE/L2	710	-	56	3298530	38377
chr9	3260153	3460153	harbor1	chr9	3339584	3339738	LINE/L2	569	-	77	3339661	79508
chr9	4692247	4892247	harbor1	chr9	4748998	4749561	LINE/L2	1588	-	282	4749280	57033
chr9	4692230	4892230	harbor1	chr9	4748998	4749561	LINE/L2	1588	-	282	4749280	57050
chr9	4650540	4850540	harbor1	chr9	4675599	4676069	LINE/L2	832	-	235	4675834	25294
chr9	4650540	4850540	harbor1	chr9	4677301	4677910	LINE/L2	1205	-	304	4677605	27065
chr9	4650540	4850540	harbor1	chr9	4748998	4749561	LINE/L2	1588	-	282	4749280	98740
chr9	4692833	4892833	harbor1	chr9	4748998	4749561	LINE/L2	1588	-	282	4749280	56447
chr9	4663129	4863129	harbor1	chr9	4675599	4676069	LINE/L2	832	-	235	4675834	12705
chr9	4663129	4863129	harbor1	chr9	4677301	4677910	LINE/L2	1205	-	304	4677605	14476
chr9	4663129	4863129	harbor1	chr9	4748998	4749561	LINE/L2	1588	-	282	4749280	86151
chr9	4692827	4892827	harbor1	chr9	4748998	4749561	LINE/L2	1588	-	282	4749280	56453
chr9	111384785	111584785	harbor1	chr9	111388484	111389156	LINE/L2	1044	-	336	111388820	4035
chr9	111384785	111584785	harbor1	chr9	111456894	111457796	LINE/L2	756	-	451	111457345	72560
chr9	4692787	4892787	harbor1	chr9	4748998	4749561	LINE/L2	1588	-	282	4749280	56493
chr9	112387209	112587209	harbor1	chr9	112429529	112429809	LINE/L2	896	-	140	112429669	42460
chr9	112387209	112587209	harbor1	chr9	112430106	112430122	LINE/L2	2683	-	8	112430114	42905
chr9	112387209	112587209	harbor1	chr9	112430160	112430770	LINE/L2	2683	-	305	112430465	43256
chr9	112387209	112587209	harbor1	chr9	112431084	112431490	LINE/L2	2683	-	203	112431287	44078
chr9	112387209	112587209	harbor1	chr9	112432222	112432275	LINE/L2	2683	-	26	112432248	45039
chr9	4692828	4892828	harbor1	chr9	4748998	4749561	LINE/L2	1588	-	282	4749280	56452
chr9	4692847	4892847	harbor1	chr9	4748998	4749561	LINE/L2	1588	-	282	4749280	56433
chr9	4740507	4940507	harbor1	chr9	4748998	4749561	LINE/L2	1588	-	282	4749280	8773
chr9	112387193	112587193	harbor1	chr9	112429529	112429809	LINE/L2	896	-	140	112429669	42476
chr9	112387193	112587193	harbor1	chr9	112430106	112430122	LINE/L2	2683	-	8	112430114	42921
chr9	112387193	112587193	harbor1	chr9	112430160	112430770	LINE/L2	2683	-	305	112430465	43272
chr9	112387193	112587193	harbor1	chr9	112431084	112431490	LINE/L2	2683	-	203	112431287	44094
chr9	112387193	112587193	harbor1	chr9	112432222	112432275	LINE/L2	2683	-	26	112432248	45055
chr9	3122465	3322465	harbor1	chr9	3196086	3196405	LINE/L2	806	-	160	3196246	73781
chr9	134035598	134235598	harbor1	chr9	134073635	134073786	LINE/L2	504	-	76	134073711	38113
chr9	35656192	35856192	harbor1	chr9	35666972	35666991	LINE/L2	858	-	10	35666982	10790
chr9	35656192	35856192	harbor1	chr9	35667326	35667788	LINE/L2	779	-	231	35667557	11365
chr9	35656192	35856192	harbor1	chr9	35668154	35668704	LINE/L2	1026	-	275	35668429	12237
chr9	35656192	35856192	harbor1	chr9	35700844	35701303	LINE/L2	822	-	230	35701074	44882
chr9	35656192	35856192	harbor1	chr9	35701571	35702008	LINE/L2	822	-	218	35701789	45597
chr9	4738230	4938230	harbor1	chr9	4748998	4749561	LINE/L2	1588	-	282	4749280	11050
chr9	4692837	4892837	harbor1	chr9	4748998	4749561	LINE/L2	1588	-	282	4749280	56443
chr9	112387231	112587231	harbor1	chr9	112429529	112429809	LINE/L2	896	-	140	112429669	42438
chr9	112387231	112587231	harbor1	chr9	112430106	112430122	LINE/L2	2683	-	8	112430114	42883
chr9	112387231	112587231	harbor1	chr9	112430160	112430770	LINE/L2	2683	-	305	112430465	43234
chr9	112387231	112587231	harbor1	chr9	112431084	112431490	LINE/L2	2683	-	203	112431287	44056
chr9	112387231	112587231	harbor1	chr9	112432222	112432275	LINE/L2	2683	-	26	112432248	45017
chr9	4669616	4869616	harbor1	chr9	4675599	4676069	LINE/L2	832	-	235	4675834	6218
chr9	4669616	4869616	harbor1	chr9	4677301	4677910	LINE/L2	1205	-	304	4677605	7989
chr9	4669616	4869616	harbor1	chr9	4748998	4749561	LINE/L2	1588	-	282	4749280	79664
chr9	35692027	35892027	harbor1	chr9	35700844	35701303	LINE/L2	822	-	230	35701074	9047
chr9	35692027	35892027	harbor1	chr9	35701571	35702008	LINE/L2	822	-	218	35701789	9762
chr9	35692027	35892027	harbor1	chr9	35769386	35770492	LINE/L2	1001	-	553	35769939	77912
chr9	35692027	35892027	harbor1	chr9	35770540	35770682	LINE/L2	1001	-	71	35770611	78584
chr9	4692923	4892923	harbor1	chr9	4748998	4749561	LINE/L2	1588	-	282	4749280	56357
chr9	4692123	4892123	harbor1	chr9	4748998	4749561	LINE/L2	1588	-	282	4749280	57157
chr9	4692181	4892181	harbor1	chr9	4748998	4749561	LINE/L2	1588	-	282	4749280	57099
chr9	4692953	4892953	harbor1	chr9	4748998	4749561	LINE/L2	1588	-	282	4749280	56327
chr9	4737755	4937755	harbor1	chr9	4748998	4749561	LINE/L2	1588	-	282	4749280	11525
chr9	112387246	112587246	harbor1	chr9	112429529	112429809	LINE/L2	896	-	140	112429669	42423
chr9	112387246	112587246	harbor1	chr9	112430106	112430122	LINE/L2	2683	-	8	112430114	42868
chr9	112387246	112587246	harbor1	chr9	112430160	112430770	LINE/L2	2683	-	305	112430465	43219
chr9	112387246	112587246	harbor1	chr9	112431084	112431490	LINE/L2	2683	-	203	112431287	44041
chr9	112387246	112587246	harbor1	chr9	112432222	112432275	LINE/L2	2683	-	26	112432248	45002
chr9	4692921	4892921	harbor1	chr9	4748998	4749561	LINE/L2	1588	-	282	4749280	56359
chr9	112387188	112587188	harbor1	chr9	112429529	112429809	LINE/L2	896	-	140	112429669	42481
chr9	112387188	112587188	harbor1	chr9	112430106	112430122	LINE/L2	2683	-	8	112430114	42926
chr9	112387188	112587188	harbor1	chr9	112430160	112430770	LINE/L2	2683	-	305	112430465	43277
chr9	112387188	112587188	harbor1	chr9	112431084	112431490	LINE/L2	2683	-	203	112431287	44099
chr9	112387188	112587188	harbor1	chr9	112432222	112432275	LINE/L2	2683	-	26	112432248	45060
chr9	35656592	35856592	harbor1	chr9	35666972	35666991	LINE/L2	858	-	10	35666982	10390
chr9	35656592	35856592	harbor1	chr9	35667326	35667788	LINE/L2	779	-	231	35667557	10965
chr9	35656592	35856592	harbor1	chr9	35668154	35668704	LINE/L2	1026	-	275	35668429	11837
chr9	35656592	35856592	harbor1	chr9	35700844	35701303	LINE/L2	822	-	230	35701074	44482
chr9	35656592	35856592	harbor1	chr9	35701571	35702008	LINE/L2	822	-	218	35701789	45197
chr9	4692437	4892437	harbor1	chr9	4748998	4749561	LINE/L2	1588	-	282	4749280	56843
chr9	112387261	112587261	harbor1	chr9	112429529	112429809	LINE/L2	896	-	140	112429669	42408
chr9	112387261	112587261	harbor1	chr9	112430106	112430122	LINE/L2	2683	-	8	112430114	42853
chr9	112387261	112587261	harbor1	chr9	112430160	112430770	LINE/L2	2683	-	305	112430465	43204
chr9	112387261	112587261	harbor1	chr9	112431084	112431490	LINE/L2	2683	-	203	112431287	44026
chr9	112387261	112587261	harbor1	chr9	112432222	112432275	LINE/L2	2683	-	26	112432248	44987
chr9	79473185	79673185	harbor1	chr9	79523333	79523560	LINE/L2	568	-	114	79523447	50262
chr9	4669276	4869276	harbor1	chr9	4675599	4676069	LINE/L2	832	-	235	4675834	6558
chr9	4669276	4869276	harbor1	chr9	4677301	4677910	LINE/L2	1205	-	304	4677605	8329
chr9	4669276	4869276	harbor1	chr9	4748998	4749561	LINE/L2	1588	-	282	4749280	80004
chr9	4663207	4863207	harbor1	chr9	4675599	4676069	LINE/L2	832	-	235	4675834	12627
chr9	4663207	4863207	harbor1	chr9	4677301	4677910	LINE/L2	1205	-	304	4677605	14398
chr9	4663207	4863207	harbor1	chr9	4748998	4749561	LINE/L2	1588	-	282	4749280	86073
chr9	4692939	4892939	harbor1	chr9	4748998	4749561	LINE/L2	1588	-	282	4749280	56341
chr9	4694199	4894199	harbor1	chr9	4748998	4749561	LINE/L2	1588	-	282	4749280	55081
chr9	112387224	112587224	harbor1	chr9	112429529	112429809	LINE/L2	896	-	140	112429669	42445
chr9	112387224	112587224	harbor1	chr9	112430106	112430122	LINE/L2	2683	-	8	112430114	42890
chr9	112387224	112587224	harbor1	chr9	112430160	112430770	LINE/L2	2683	-	305	112430465	43241
chr9	112387224	112587224	harbor1	chr9	112431084	112431490	LINE/L2	2683	-	203	112431287	44063
chr9	112387224	112587224	harbor1	chr9	112432222	112432275	LINE/L2	2683	-	26	112432248	45024
chr9	2024097	2224097	harbor1	chr9	2067296	2067404	LINE/L2	554	-	54	2067350	43253
chr9	4692195	4892195	harbor1	chr9	4748998	4749561	LINE/L2	1588	-	282	4749280	57085
chr9	4673229	4873229	harbor1	chr9	4675599	4676069	LINE/L2	832	-	235	4675834	2605
chr9	4673229	4873229	harbor1	chr9	4677301	4677910	LINE/L2	1205	-	304	4677605	4376
chr9	4673229	4873229	harbor1	chr9	4748998	4749561	LINE/L2	1588	-	282	4749280	76051
chr9	4692970	4892970	harbor1	chr9	4748998	4749561	LINE/L2	1588	-	282	4749280	56310
chr9	3146618	3346618	harbor1	chr9	3196086	3196405	LINE/L2	806	-	160	3196246	49628
chr9	1998082	2198082	harbor1	chr9	2011230	2011462	LINE/L2	498	-	116	2011346	13264
chr9	1998082	2198082	harbor1	chr9	2067296	2067404	LINE/L2	554	-	54	2067350	69268
chr9	4692737	4892737	harbor1	chr9	4748998	4749561	LINE/L2	1588	-	282	4749280	56543
chr9	97401848	97601848	harbor1	chr9	97411417	97411726	LINE/L2	711	-	154	97411571	9723
chr9	97401848	97601848	harbor1	chr9	97416808	97417534	LINE/L2	1279	-	363	97417171	15323
chr9	97401848	97601848	harbor1	chr9	97445300	97445732	LINE/L2	1028	-	216	97445516	43668
chr9	97401848	97601848	harbor1	chr9	97467702	97468405	LINE/L2	1620	-	352	97468054	66206
chr9	4692768	4892768	harbor1	chr9	4748998	4749561	LINE/L2	1588	-	282	4749280	56512
chr9	4693017	4893017	harbor1	chr9	4748998	4749561	LINE/L2	1588	-	282	4749280	56263
chr9	130119664	130319664	harbor1	chr9	130186132	130186378	LINE/L2	490	-	123	130186255	66591
chr9	130119664	130319664	harbor1	chr9	130204910	130205307	LINE/L2	545	-	198	130205108	85444
chr9	4692946	4892946	harbor1	chr9	4748998	4749561	LINE/L2	1588	-	282	4749280	56334
chr9	4579427	4779427	harbor1	chr9	4675599	4676069	LINE/L2	832	-	235	4675834	96407
chr9	4579427	4779427	harbor1	chr9	4677301	4677910	LINE/L2	1205	-	304	4677605	98178
chr9	4659562	4859562	harbor1	chr9	4675599	4676069	LINE/L2	832	-	235	4675834	16272
chr9	4659562	4859562	harbor1	chr9	4677301	4677910	LINE/L2	1205	-	304	4677605	18043
chr9	4659562	4859562	harbor1	chr9	4748998	4749561	LINE/L2	1588	-	282	4749280	89718
chr9	129542143	129742143	harbor1	chr9	129569735	129569949	LINE/L2	520	-	107	129569842	27699
chr9	129542143	129742143	harbor1	chr9	129577041	129577518	LINE/L2	583	-	238	129577279	35136
chr9	129542143	129742143	harbor1	chr9	129579269	129579821	LINE/L2	611	-	276	129579545	37402
chr9	133007233	133207233	harbor1	chr9	133027445	133027762	LINE/L2	662	-	158	133027603	20370
chr9	4692889	4892889	harbor1	chr9	4748998	4749561	LINE/L2	1588	-	282	4749280	56391
chr9	64278589	64478589	harbor1	chr9	64365194	64365717	LINE/L2	1007	-	262	64365456	86867
chr9	130532874	130732874	harbor1	chr9	130540619	130541121	LINE/L2	606	-	251	130540870	7996
chr9	130532874	130732874	harbor1	chr9	130577258	130577463	LINE/L2	516	-	102	130577360	44486
chr9	4669937	4869937	harbor1	chr9	4675599	4676069	LINE/L2	832	-	235	4675834	5897
chr9	4669937	4869937	harbor1	chr9	4677301	4677910	LINE/L2	1205	-	304	4677605	7668
chr9	4669937	4869937	harbor1	chr9	4748998	4749561	LINE/L2	1588	-	282	4749280	79343
chr9	4694651	4894651	harbor1	chr9	4748998	4749561	LINE/L2	1588	-	282	4749280	54629
chr9	4694865	4894865	harbor1	chr9	4748998	4749561	LINE/L2	1588	-	282	4749280	54415
chr9	196617	396617	harbor1	chr9	210677	210973	LINE/L2	1058	-	148	210825	14208
chr9	196617	396617	harbor1	chr9	225561	226045	LINE/L2	1268	-	242	225803	29186
chr9	196617	396617	harbor1	chr9	226397	226857	LINE/L2	1268	-	230	226627	30010
chr9	196617	396617	harbor1	chr9	240674	240840	LINE/L2	555	-	83	240757	44140
chr9	196617	396617	harbor1	chr9	278380	279717	LINE/L2	2400	-	668	279048	82431
chr9	4692795	4892795	harbor1	chr9	4748998	4749561	LINE/L2	1588	-	282	4749280	56485
chr9	68605549	68805549	harbor1	chr9	68623434	68623986	LINE/L2	1091	-	276	68623710	18161
chr9	68605549	68805549	harbor1	chr9	68684251	68684667	LINE/L2	755	-	208	68684459	78910
chr9	4692232	4892232	harbor1	chr9	4748998	4749561	LINE/L2	1588	-	282	4749280	57048
chr9	108346093	108546093	harbor1	chr9	108442776	108443163	LINE/L2	613	-	194	108442970	96877
chr9	134035554	134235554	harbor1	chr9	134073635	134073786	LINE/L2	504	-	76	134073711	38157
chr9	4648821	4848821	harbor1	chr9	4675599	4676069	LINE/L2	832	-	235	4675834	27013
chr9	4648821	4848821	harbor1	chr9	4677301	4677910	LINE/L2	1205	-	304	4677605	28784
chr9	135905941	136105941	harbor1	chr9	135908717	135909121	LINE/L2	533	-	202	135908919	2978
chr9	4669262	4869262	harbor1	chr9	4675599	4676069	LINE/L2	832	-	235	4675834	6572
chr9	4669262	4869262	harbor1	chr9	4677301	4677910	LINE/L2	1205	-	304	4677605	8343
chr9	4669262	4869262	harbor1	chr9	4748998	4749561	LINE/L2	1588	-	282	4749280	80018
chr9	97885101	98085101	harbor1	chr9	97940960	97941732	LINE/L2	1211	-	386	97941346	56245
chr9	4692222	4892222	harbor1	chr9	4748998	4749561	LINE/L2	1588	-	282	4749280	57058
chr9	68605579	68805579	harbor1	chr9	68623434	68623986	LINE/L2	1091	-	276	68623710	18131
chr9	68605579	68805579	harbor1	chr9	68684251	68684667	LINE/L2	755	-	208	68684459	78880
chr9	4579422	4779422	harbor1	chr9	4675599	4676069	LINE/L2	832	-	235	4675834	96412
chr9	4579422	4779422	harbor1	chr9	4677301	4677910	LINE/L2	1205	-	304	4677605	98183
chr9	85705422	85905422	harbor1	chr9	85709496	85709830	LINE/L2	479	-	167	85709663	4241
chr9	85705422	85905422	harbor1	chr9	85795892	85796146	LINE/L2	664	-	127	85796019	90597
chr9	130119656	130319656	harbor1	chr9	130186132	130186378	LINE/L2	490	-	123	130186255	66599
chr9	130119656	130319656	harbor1	chr9	130204910	130205307	LINE/L2	545	-	198	130205108	85452
chr9	4663738	4863738	harbor1	chr9	4675599	4676069	LINE/L2	832	-	235	4675834	12096
chr9	4663738	4863738	harbor1	chr9	4677301	4677910	LINE/L2	1205	-	304	4677605	13867
chr9	4663738	4863738	harbor1	chr9	4748998	4749561	LINE/L2	1588	-	282	4749280	85542
chr9	35655086	35855086	harbor1	chr9	35666972	35666991	LINE/L2	858	-	10	35666982	11896
chr9	35655086	35855086	harbor1	chr9	35667326	35667788	LINE/L2	779	-	231	35667557	12471
chr9	35655086	35855086	harbor1	chr9	35668154	35668704	LINE/L2	1026	-	275	35668429	13343
chr9	35655086	35855086	harbor1	chr9	35700844	35701303	LINE/L2	822	-	230	35701074	45988
chr9	35655086	35855086	harbor1	chr9	35701571	35702008	LINE/L2	822	-	218	35701789	46703
chr9	4663518	4863518	harbor1	chr9	4675599	4676069	LINE/L2	832	-	235	4675834	12316
chr9	4663518	4863518	harbor1	chr9	4677301	4677910	LINE/L2	1205	-	304	4677605	14087
chr9	4663518	4863518	harbor1	chr9	4748998	4749561	LINE/L2	1588	-	282	4749280	85762
chr9	130042390	130242390	harbor1	chr9	130061097	130061514	LINE/L2	751	-	208	130061305	18915
chr9	4692806	4892806	harbor1	chr9	4748998	4749561	LINE/L2	1588	-	282	4749280	56474
chr9	4744087	4944087	harbor1	chr9	4748998	4749561	LINE/L2	1588	-	282	4749280	5193
chr9	128980915	129180915	harbor1	chr9	128996907	128997411	LINE/L2	740	-	252	128997159	16244
chr9	4692558	4892558	harbor1	chr9	4748998	4749561	LINE/L2	1588	-	282	4749280	56722
chr9	112387255	112587255	harbor1	chr9	112429529	112429809	LINE/L2	896	-	140	112429669	42414
chr9	112387255	112587255	harbor1	chr9	112430106	112430122	LINE/L2	2683	-	8	112430114	42859
chr9	112387255	112587255	harbor1	chr9	112430160	112430770	LINE/L2	2683	-	305	112430465	43210
chr9	112387255	112587255	harbor1	chr9	112431084	112431490	LINE/L2	2683	-	203	112431287	44032
chr9	112387255	112587255	harbor1	chr9	112432222	112432275	LINE/L2	2683	-	26	112432248	44993
chr9	4730514	4930514	harbor1	chr9	4748998	4749561	LINE/L2	1588	-	282	4749280	18766
chr9	4692205	4892205	harbor1	chr9	4748998	4749561	LINE/L2	1588	-	282	4749280	57075
chr9	4692312	4892312	harbor1	chr9	4748998	4749561	LINE/L2	1588	-	282	4749280	56968
chr9	4694469	4894469	harbor1	chr9	4748998	4749561	LINE/L2	1588	-	282	4749280	54811
chr9	35625694	35825694	harbor1	chr9	35666972	35666991	LINE/L2	858	-	10	35666982	41288
chr9	35625694	35825694	harbor1	chr9	35667326	35667788	LINE/L2	779	-	231	35667557	41863
chr9	35625694	35825694	harbor1	chr9	35668154	35668704	LINE/L2	1026	-	275	35668429	42735
chr9	35625694	35825694	harbor1	chr9	35700844	35701303	LINE/L2	822	-	230	35701074	75380
chr9	35625694	35825694	harbor1	chr9	35701571	35702008	LINE/L2	822	-	218	35701789	76095
chr9	37551225	37751225	harbor1	chr9	37561652	37561896	LINE/L2	758	-	122	37561774	10549
chr9	37551225	37751225	harbor1	chr9	37648315	37648904	LINE/L2	509	-	294	37648609	97384
chr9	4692887	4892887	harbor1	chr9	4748998	4749561	LINE/L2	1588	-	282	4749280	56393
chr9	135829624	136029624	harbor1	chr9	135908717	135909121	LINE/L2	533	-	202	135908919	79295
chr9	4692851	4892851	harbor1	chr9	4748998	4749561	LINE/L2	1588	-	282	4749280	56429
chr9	4692854	4892854	harbor1	chr9	4748998	4749561	LINE/L2	1588	-	282	4749280	56426
chr9	136928407	137128407	harbor1	chr9	136990384	136990533	LINE/L2	553	-	74	136990458	62051
chr9	123912168	124112168	harbor1	chr9	123951103	123951490	LINE/L2	738	-	194	123951297	39129
chr9	123912168	124112168	harbor1	chr9	123971419	123971833	LINE/L2	706	-	207	123971626	59458
chr9	6658127	6858127	harbor1	chr9	6700015	6700264	LINE/L2	945	-	124	6700139	42012
chr9	6658127	6858127	harbor1	chr9	6700586	6700798	LINE/L2	945	-	106	6700692	42565
chr9	6658127	6858127	harbor1	chr9	6701282	6701775	LINE/L2	2323	-	246	6701528	43401
chr9	6658127	6858127	harbor1	chr9	6702087	6702354	LINE/L2	2323	-	134	6702221	44094
chr9	4692645	4892645	harbor1	chr9	4748998	4749561	LINE/L2	1588	-	282	4749280	56635
chr9	4732434	4932434	harbor1	chr9	4748998	4749561	LINE/L2	1588	-	282	4749280	16846
chr9	113949333	114149333	harbor1	chr9	113973977	113974501	LINE/L2	1377	-	262	113974239	24906
chr9	113949333	114149333	harbor1	chr9	113979854	113980460	LINE/L2	954	-	303	113980157	30824
chr9	113949333	114149333	harbor1	chr9	113980573	113980930	LINE/L2	954	-	178	113980751	31418
chr9	4663234	4863234	harbor1	chr9	4675599	4676069	LINE/L2	832	-	235	4675834	12600
chr9	4663234	4863234	harbor1	chr9	4677301	4677910	LINE/L2	1205	-	304	4677605	14371
chr9	4663234	4863234	harbor1	chr9	4748998	4749561	LINE/L2	1588	-	282	4749280	86046
chr9	134035491	134235491	harbor1	chr9	134073635	134073786	LINE/L2	504	-	76	134073711	38220
chr9	4692834	4892834	harbor1	chr9	4748998	4749561	LINE/L2	1588	-	282	4749280	56446
chr9	4579693	4779693	harbor1	chr9	4675599	4676069	LINE/L2	832	-	235	4675834	96141
chr9	4579693	4779693	harbor1	chr9	4677301	4677910	LINE/L2	1205	-	304	4677605	97912
chr9	126299347	126499347	harbor1	chr9	126311916	126312417	LINE/L2	577	-	250	126312166	12819
chr9	126299347	126499347	harbor1	chr9	126314789	126315097	LINE/L2	1123	-	154	126314943	15596
chr9	126299347	126499347	harbor1	chr9	126344141	126344308	LINE/L2	527	-	84	126344225	44878
chr9	133242549	133442549	harbor1	chr9	133339706	133339984	LINE/L2	570	-	139	133339845	97296
chr9	111561637	111761637	harbor1	chr9	111566673	111566890	LINE/L2	666	-	108	111566781	5144
chr9	111561637	111761637	harbor1	chr9	111567500	111567793	LINE/L2	571	-	146	111567646	6009
chr9	111561637	111761637	harbor1	chr9	111568840	111569495	LINE/L2	2640	-	328	111569168	7531
chr9	111561637	111761637	harbor1	chr9	111569761	111570075	LINE/L2	2640	-	157	111569918	8281
chr9	109066800	109266800	harbor1	chr9	109079275	109079501	LINE/L2	807	-	113	109079388	12588
chr9	4692441	4892441	harbor1	chr9	4748998	4749561	LINE/L2	1588	-	282	4749280	56839
chr9	404061	604061	harbor1	chr9	490720	490958	LINE/L2	1027	-	119	490839	86778
chr9	404061	604061	harbor1	chr9	491257	491270	LINE/L2	1027	-	6	491263	87202
chr9	404061	604061	harbor1	chr9	491567	491704	LINE/L2	1027	-	68	491635	87574
chr9	404061	604061	harbor1	chr9	492074	492166	LINE/L2	1027	-	46	492120	88059
chr9	4692933	4892933	harbor1	chr9	4748998	4749561	LINE/L2	1588	-	282	4749280	56347
chr9	134045916	134245916	harbor1	chr9	134073635	134073786	LINE/L2	504	-	76	134073711	27795
chr9	4692425	4892425	harbor1	chr9	4748998	4749561	LINE/L2	1588	-	282	4749280	56855
chr9	134029647	134229647	harbor1	chr9	134073635	134073786	LINE/L2	504	-	76	134073711	44064
chr9	4698187	4898187	harbor1	chr9	4748998	4749561	LINE/L2	1588	-	282	4749280	51093
chr9	4729109	4929109	harbor1	chr9	4748998	4749561	LINE/L2	1588	-	282	4749280	20171
chr9	108349474	108549474	harbor1	chr9	108442776	108443163	LINE/L2	613	-	194	108442970	93496
chr9	4694447	4894447	harbor1	chr9	4748998	4749561	LINE/L2	1588	-	282	4749280	54833
chr10	48449566	48649566	harbor1	chr10	48502752	48502942	LINE/L2	504	-	95	48502847	53281
chr10	102033038	102233038	harbor1	chr10	102045209	102045590	LINE/L2	781	-	190	102045399	12361
chr10	14778680	14978680	harbor1	chr10	14799774	14800522	LINE/L2	1286	-	374	14800148	21468
chr10	14778680	14978680	harbor1	chr10	14831934	14832839	LINE/L2	1894	-	452	14832386	53706
chr10	14778680	14978680	harbor1	chr10	14833159	14833192	LINE/L2	2090	-	16	14833175	54495
chr10	14778680	14978680	harbor1	chr10	14833603	14833934	LINE/L2	951	-	166	14833769	55089
chr10	14778680	14978680	harbor1	chr10	14876840	14877141	LINE/L2	670	-	150	14876990	98310
chr10	14778680	14978680	harbor1	chr10	14860251	14861251	LINE/L2	1163	-	500	14860751	82071
chr10	122404718	122604718	harbor1	chr10	122438285	122438693	LINE/L2	3080	-	204	122438489	33771
chr10	122404718	122604718	harbor1	chr10	122437209	122437976	LINE/L2	3080	-	384	122437593	32875
chr10	14778677	14978677	harbor1	chr10	14799774	14800522	LINE/L2	1286	-	374	14800148	21471
chr10	14778677	14978677	harbor1	chr10	14831934	14832839	LINE/L2	1894	-	452	14832386	53709
chr10	14778677	14978677	harbor1	chr10	14833159	14833192	LINE/L2	2090	-	16	14833175	54498
chr10	14778677	14978677	harbor1	chr10	14833603	14833934	LINE/L2	951	-	166	14833769	55092
chr10	14778677	14978677	harbor1	chr10	14876840	14877141	LINE/L2	670	-	150	14876990	98313
chr10	14778677	14978677	harbor1	chr10	14860251	14861251	LINE/L2	1163	-	500	14860751	82074
chr10	103547893	103747893	harbor1	chr10	103562022	103562104	LINE/L2	581	-	41	103562063	14170
chr10	103547893	103747893	harbor1	chr10	103562411	103562473	LINE/L2	581	-	31	103562442	14549
chr10	103547893	103747893	harbor1	chr10	103562666	103562918	LINE/L2	581	-	126	103562792	14899
chr10	103547893	103747893	harbor1	chr10	103609562	103609682	LINE/L2	476	-	60	103609622	61729
chr10	14778676	14978676	harbor1	chr10	14799774	14800522	LINE/L2	1286	-	374	14800148	21472
chr10	14778676	14978676	harbor1	chr10	14831934	14832839	LINE/L2	1894	-	452	14832386	53710
chr10	14778676	14978676	harbor1	chr10	14833159	14833192	LINE/L2	2090	-	16	14833175	54499
chr10	14778676	14978676	harbor1	chr10	14833603	14833934	LINE/L2	951	-	166	14833769	55093
chr10	14778676	14978676	harbor1	chr10	14876840	14877141	LINE/L2	670	-	150	14876990	98314
chr10	14778676	14978676	harbor1	chr10	14860251	14861251	LINE/L2	1163	-	500	14860751	82075
chr10	97721885	97921885	harbor1	chr10	97738046	97738223	LINE/L2	527	-	88	97738134	16249
chr10	97721885	97921885	harbor1	chr10	97744436	97744670	LINE/L2	491	-	117	97744553	22668
chr10	97721885	97921885	harbor1	chr10	97802376	97802526	LINE/L2	516	-	75	97802451	80566
chr10	14771563	14971563	harbor1	chr10	14799774	14800522	LINE/L2	1286	-	374	14800148	28585
chr10	14771563	14971563	harbor1	chr10	14831934	14832839	LINE/L2	1894	-	452	14832386	60823
chr10	14771563	14971563	harbor1	chr10	14833159	14833192	LINE/L2	2090	-	16	14833175	61612
chr10	14771563	14971563	harbor1	chr10	14833603	14833934	LINE/L2	951	-	166	14833769	62206
chr10	14771563	14971563	harbor1	chr10	14860251	14861251	LINE/L2	1163	-	500	14860751	89188
chr10	97398841	97598841	harbor1	chr10	97412809	97413206	LINE/L2	533	-	198	97413007	14166
chr10	95979828	96179828	harbor1	chr10	95990138	95990539	LINE/L2	817	-	200	95990338	10510
chr10	95979828	96179828	harbor1	chr10	96022654	96023080	LINE/L2	479	-	213	96022867	43039
chr10	95979828	96179828	harbor1	chr10	96033830	96034118	LINE/L2	540	-	144	96033974	54146
chr10	22336855	22536855	harbor1	chr10	22353622	22354250	LINE/L2	483	-	314	22353936	17081
chr10	22336855	22536855	harbor1	chr10	22410213	22410692	LINE/L2	636	-	240	22410453	73598
chr10	14755514	14955514	harbor1	chr10	14799774	14800522	LINE/L2	1286	-	374	14800148	44634
chr10	14755514	14955514	harbor1	chr10	14831934	14832839	LINE/L2	1894	-	452	14832386	76872
chr10	14755514	14955514	harbor1	chr10	14833159	14833192	LINE/L2	2090	-	16	14833175	77661
chr10	14755514	14955514	harbor1	chr10	14833603	14833934	LINE/L2	951	-	166	14833769	78255
chr10	97398923	97598923	harbor1	chr10	97412809	97413206	LINE/L2	533	-	198	97413007	14084
chr10	97672098	97872098	harbor1	chr10	97738046	97738223	LINE/L2	527	-	88	97738134	66036
chr10	97672098	97872098	harbor1	chr10	97744436	97744670	LINE/L2	491	-	117	97744553	72455
chr10	100885458	101085458	harbor1	chr10	100932594	100932692	LINE/L2	656	-	49	100932643	47185
chr10	100885458	101085458	harbor1	chr10	100932722	100932891	LINE/L2	656	-	84	100932806	47348
chr10	100885458	101085458	harbor1	chr10	100945699	100946015	LINE/L2	854	-	158	100945857	60399
chr10	100885458	101085458	harbor1	chr10	100982281	100982510	LINE/L2	690	-	114	100982395	96937
chr10	100885458	101085458	harbor1	chr10	100982815	100983143	LINE/L2	690	-	164	100982979	97521
chr10	97398845	97598845	harbor1	chr10	97412809	97413206	LINE/L2	533	-	198	97413007	14162
chr10	122401188	122601188	harbor1	chr10	122438285	122438693	LINE/L2	3080	-	204	122438489	37301
chr10	122401188	122601188	harbor1	chr10	122437209	122437976	LINE/L2	3080	-	384	122437593	36405
chr10	97672148	97872148	harbor1	chr10	97738046	97738223	LINE/L2	527	-	88	97738134	65986
chr10	97672148	97872148	harbor1	chr10	97744436	97744670	LINE/L2	491	-	117	97744553	72405
chr10	23339297	23539297	harbor1	chr10	23367792	23368001	LINE/L2	471	-	104	23367896	28599
chr10	122404812	122604812	harbor1	chr10	122438285	122438693	LINE/L2	3080	-	204	122438489	33677
chr10	122404812	122604812	harbor1	chr10	122437209	122437976	LINE/L2	3080	-	384	122437593	32781
chr10	15216571	15416571	harbor1	chr10	15268143	15268757	LINE/L2	492	-	307	15268450	51879
chr10	15216571	15416571	harbor1	chr10	15285163	15285524	LINE/L2	635	-	180	15285343	68772
chr10	130648147	130848147	harbor1	chr10	130680011	130680658	LINE/L2	653	-	324	130680335	32188
chr10	130648147	130848147	harbor1	chr10	130735151	130736126	LINE/L2	1928	-	488	130735639	87492
chr10	130648147	130848147	harbor1	chr10	130739059	130740222	LINE/L2	683	-	582	130739641	91494
chr10	102033035	102233035	harbor1	chr10	102045209	102045590	LINE/L2	781	-	190	102045399	12364
chr10	92431311	92631311	harbor1	chr10	92480265	92480695	LINE/L2	1377	-	215	92480480	49169
chr10	92431311	92631311	harbor1	chr10	92505446	92506143	LINE/L2	927	-	348	92505794	74483
chr10	92431311	92631311	harbor1	chr10	92513767	92513973	LINE/L2	608	-	103	92513870	82559
chr10	75111011	75311011	harbor1	chr10	75154358	75154888	LINE/L2	1716	-	265	75154623	43612
chr10	75111011	75311011	harbor1	chr10	75155188	75155406	LINE/L2	1716	-	109	75155297	44286
chr10	75111011	75311011	harbor1	chr10	75157289	75157877	LINE/L2	1333	-	294	75157583	46572
chr10	75111011	75311011	harbor1	chr10	75158181	75158219	LINE/L2	1333	-	19	75158200	47189
chr10	75111011	75311011	harbor1	chr10	75185720	75185849	LINE/L2	537	-	64	75185784	74773
chr10	75111011	75311011	harbor1	chr10	75186688	75186939	LINE/L2	557	-	126	75186814	75803
chr10	75111011	75311011	harbor1	chr10	75187239	75187373	LINE/L2	557	-	67	75187306	76295
chr10	72255083	72455083	harbor1	chr10	72318266	72318604	LINE/L2	512	-	169	72318435	63352
chr10	101965759	102165759	harbor1	chr10	101995910	101996031	LINE/L2	634	-	60	101995970	30211
chr10	101965759	102165759	harbor1	chr10	102045209	102045590	LINE/L2	781	-	190	102045399	79640
chr10	4608518	4808518	harbor1	chr10	4685342	4685770	LINE/L2	809	-	214	4685556	77038
chr10	14701889	14901889	harbor1	chr10	14799774	14800522	LINE/L2	1286	-	374	14800148	98259
chr10	112347249	112547249	harbor1	chr10	112388558	112388945	LINE/L2	558	-	194	112388752	41503
chr10	112347249	112547249	harbor1	chr10	112435917	112436178	LINE/L2	556	-	130	112436047	88798
chr10	22337048	22537048	harbor1	chr10	22353622	22354250	LINE/L2	483	-	314	22353936	16888
chr10	22337048	22537048	harbor1	chr10	22410213	22410692	LINE/L2	636	-	240	22410453	73405
chr10	122856480	123056480	harbor1	chr10	122882398	122882639	LINE/L2	548	-	120	122882518	26038
chr10	122856480	123056480	harbor1	chr10	122939127	122939344	LINE/L2	499	-	108	122939235	82755
chr10	122856480	123056480	harbor1	chr10	122946579	122947166	LINE/L2	591	-	294	122946873	90393
chr10	69472321	69672321	harbor1	chr10	69481935	69482359	LINE/L2	1016	-	212	69482147	9826
chr10	69472321	69672321	harbor1	chr10	69485228	69485957	LINE/L2	732	-	364	69485592	13271
chr10	69472321	69672321	harbor1	chr10	69499558	69499950	LINE/L2	683	-	196	69499754	27433
chr10	69472321	69672321	harbor1	chr10	69566106	69566250	LINE/L2	523	-	72	69566178	93857
chr10	69472321	69672321	harbor1	chr10	69566556	69566855	LINE/L2	523	-	150	69566706	94385
chr10	69472321	69672321	harbor1	chr10	69500903	69501335	LINE/L2	1194	-	216	69501119	28798
chr10	97398878	97598878	harbor1	chr10	97412809	97413206	LINE/L2	533	-	198	97413007	14129
chr10	100678605	100878605	harbor1	chr10	100697473	100698053	LINE/L2	648	-	290	100697763	19158
chr10	97398451	97598451	harbor1	chr10	97412809	97413206	LINE/L2	533	-	198	97413007	14556
chr10	23099346	23299346	harbor1	chr10	23140187	23140922	LINE/L2	972	-	368	23140555	41209
chr10	14778721	14978721	harbor1	chr10	14799774	14800522	LINE/L2	1286	-	374	14800148	21427
chr10	14778721	14978721	harbor1	chr10	14831934	14832839	LINE/L2	1894	-	452	14832386	53665
chr10	14778721	14978721	harbor1	chr10	14833159	14833192	LINE/L2	2090	-	16	14833175	54454
chr10	14778721	14978721	harbor1	chr10	14833603	14833934	LINE/L2	951	-	166	14833769	55048
chr10	14778721	14978721	harbor1	chr10	14876840	14877141	LINE/L2	670	-	150	14876990	98269
chr10	14778721	14978721	harbor1	chr10	14860251	14861251	LINE/L2	1163	-	500	14860751	82030
chr10	75111017	75311017	harbor1	chr10	75154358	75154888	LINE/L2	1716	-	265	75154623	43606
chr10	75111017	75311017	harbor1	chr10	75155188	75155406	LINE/L2	1716	-	109	75155297	44280
chr10	75111017	75311017	harbor1	chr10	75157289	75157877	LINE/L2	1333	-	294	75157583	46566
chr10	75111017	75311017	harbor1	chr10	75158181	75158219	LINE/L2	1333	-	19	75158200	47183
chr10	75111017	75311017	harbor1	chr10	75185720	75185849	LINE/L2	537	-	64	75185784	74767
chr10	75111017	75311017	harbor1	chr10	75186688	75186939	LINE/L2	557	-	126	75186814	75797
chr10	75111017	75311017	harbor1	chr10	75187239	75187373	LINE/L2	557	-	67	75187306	76289
chr10	43005639	43205639	harbor1	chr10	43102739	43103465	LINE/L2	505	-	363	43103102	97463
chr10	97398476	97598476	harbor1	chr10	97412809	97413206	LINE/L2	533	-	198	97413007	14531
chr10	23339295	23539295	harbor1	chr10	23367792	23368001	LINE/L2	471	-	104	23367896	28601
chr10	100906939	101106939	harbor1	chr10	100932594	100932692	LINE/L2	656	-	49	100932643	25704
chr10	100906939	101106939	harbor1	chr10	100932722	100932891	LINE/L2	656	-	84	100932806	25867
chr10	100906939	101106939	harbor1	chr10	100945699	100946015	LINE/L2	854	-	158	100945857	38918
chr10	100906939	101106939	harbor1	chr10	100982281	100982510	LINE/L2	690	-	114	100982395	75456
chr10	100906939	101106939	harbor1	chr10	100982815	100983143	LINE/L2	690	-	164	100982979	76040
chr10	100906939	101106939	harbor1	chr10	100993676	100994070	LINE/L2	854	-	197	100993873	86934
chr10	14778699	14978699	harbor1	chr10	14799774	14800522	LINE/L2	1286	-	374	14800148	21449
chr10	14778699	14978699	harbor1	chr10	14831934	14832839	LINE/L2	1894	-	452	14832386	53687
chr10	14778699	14978699	harbor1	chr10	14833159	14833192	LINE/L2	2090	-	16	14833175	54476
chr10	14778699	14978699	harbor1	chr10	14833603	14833934	LINE/L2	951	-	166	14833769	55070
chr10	14778699	14978699	harbor1	chr10	14876840	14877141	LINE/L2	670	-	150	14876990	98291
chr10	14778699	14978699	harbor1	chr10	14860251	14861251	LINE/L2	1163	-	500	14860751	82052
chr10	43004161	43204161	harbor1	chr10	43102739	43103465	LINE/L2	505	-	363	43103102	98941
chr10	114073688	114273688	harbor1	chr10	114132942	114134494	LINE/L2	1122	-	776	114133718	60030
chr10	114073688	114273688	harbor1	chr10	114140009	114140316	LINE/L2	833	-	154	114140163	66475
chr10	114073688	114273688	harbor1	chr10	114140310	114140550	LINE/L2	790	-	120	114140430	66742
chr10	114073688	114273688	harbor1	chr10	114158855	114159155	LINE/L2	716	-	150	114159005	85317
chr10	101896567	102096567	harbor1	chr10	101903291	101903604	LINE/L2	539	-	156	101903447	6880
chr10	101896567	102096567	harbor1	chr10	101905284	101905709	LINE/L2	615	-	212	101905496	8929
chr10	101896567	102096567	harbor1	chr10	101995910	101996031	LINE/L2	634	-	60	101995970	99403
chr10	73811076	74011076	harbor1	chr10	73864035	73864062	LINE/L2	1065	-	14	73864049	52973
chr10	73811076	74011076	harbor1	chr10	73864311	73864626	LINE/L2	1065	-	158	73864469	53393
chr10	100614422	100814422	harbor1	chr10	100697473	100698053	LINE/L2	648	-	290	100697763	83341
chr10	97398967	97598967	harbor1	chr10	97412809	97413206	LINE/L2	533	-	198	97413007	14040
chr10	69458778	69658778	harbor1	chr10	69459247	69459721	LINE/L2	681	-	237	69459484	706
chr10	69458778	69658778	harbor1	chr10	69481935	69482359	LINE/L2	1016	-	212	69482147	23369
chr10	69458778	69658778	harbor1	chr10	69485228	69485957	LINE/L2	732	-	364	69485592	26814
chr10	69458778	69658778	harbor1	chr10	69499558	69499950	LINE/L2	683	-	196	69499754	40976
chr10	69458778	69658778	harbor1	chr10	69500903	69501335	LINE/L2	1194	-	216	69501119	42341
chr10	71360848	71560848	harbor1	chr10	71455500	71455696	LINE/L2	793	-	98	71455598	94750
chr10	68160980	68360980	harbor1	chr10	68186658	68186967	LINE/L2	487	-	154	68186812	25832
chr10	68160980	68360980	harbor1	chr10	68187518	68188099	LINE/L2	879	-	290	68187808	26828
chr10	68160980	68360980	harbor1	chr10	68188410	68188421	LINE/L2	879	-	6	68188416	27436
chr10	100085650	100285650	harbor1	chr10	100128230	100128457	LINE/L2	499	-	114	100128344	42694
chr10	100085650	100285650	harbor1	chr10	100128756	100129099	LINE/L2	499	-	172	100128928	43278
chr10	100085650	100285650	harbor1	chr10	100170484	100170832	LINE/L2	632	-	174	100170658	85008
chr10	47239786	47439786	harbor1	chr10	47306480	47306990	LINE/L2	622	-	255	47306735	66949
chr10	13709693	13909693	harbor1	chr10	13720463	13720781	LINE/L2	622	-	159	13720622	10929
chr10	97398862	97598862	harbor1	chr10	97412809	97413206	LINE/L2	533	-	198	97413007	14145
chr10	48299632	48499632	harbor1	chr10	48317862	48318032	LINE/L2	505	-	85	48317947	18315
chr10	48299632	48499632	harbor1	chr10	48318855	48319078	LINE/L2	479	-	112	48318967	19335
chr10	48299632	48499632	harbor1	chr10	48341568	48342115	LINE/L2	796	-	274	48341842	42210
chr10	48299632	48499632	harbor1	chr10	48342405	48343077	LINE/L2	762	-	336	48342741	43109
chr10	48299632	48499632	harbor1	chr10	48343541	48343607	LINE/L2	762	-	33	48343574	43942
chr10	48299632	48499632	harbor1	chr10	48369134	48370022	LINE/L2	1154	-	444	48369578	69946
chr10	48299632	48499632	harbor1	chr10	48389652	48389905	LINE/L2	582	-	126	48389778	90146
chr10	48449569	48649569	harbor1	chr10	48502752	48502942	LINE/L2	504	-	95	48502847	53278
chr10	14778012	14978012	harbor1	chr10	14799774	14800522	LINE/L2	1286	-	374	14800148	22136
chr10	14778012	14978012	harbor1	chr10	14831934	14832839	LINE/L2	1894	-	452	14832386	54374
chr10	14778012	14978012	harbor1	chr10	14833159	14833192	LINE/L2	2090	-	16	14833175	55163
chr10	14778012	14978012	harbor1	chr10	14833603	14833934	LINE/L2	951	-	166	14833769	55757
chr10	14778012	14978012	harbor1	chr10	14876840	14877141	LINE/L2	670	-	150	14876990	98978
chr10	14778012	14978012	harbor1	chr10	14860251	14861251	LINE/L2	1163	-	500	14860751	82739
chr10	75111058	75311058	harbor1	chr10	75154358	75154888	LINE/L2	1716	-	265	75154623	43565
chr10	75111058	75311058	harbor1	chr10	75155188	75155406	LINE/L2	1716	-	109	75155297	44239
chr10	75111058	75311058	harbor1	chr10	75157289	75157877	LINE/L2	1333	-	294	75157583	46525
chr10	75111058	75311058	harbor1	chr10	75158181	75158219	LINE/L2	1333	-	19	75158200	47142
chr10	75111058	75311058	harbor1	chr10	75185720	75185849	LINE/L2	537	-	64	75185784	74726
chr10	75111058	75311058	harbor1	chr10	75186688	75186939	LINE/L2	557	-	126	75186814	75756
chr10	75111058	75311058	harbor1	chr10	75187239	75187373	LINE/L2	557	-	67	75187306	76248
chr10	47239777	47439777	harbor1	chr10	47306480	47306990	LINE/L2	622	-	255	47306735	66958
chr10	89132447	89332447	harbor1	chr10	89155820	89157079	LINE/L2	3042	-	630	89156450	24003
chr10	89132447	89332447	harbor1	chr10	89230159	89230284	LINE/L2	472	-	62	89230221	97774
chr10	47239796	47439796	harbor1	chr10	47306480	47306990	LINE/L2	622	-	255	47306735	66939
chr10	22289372	22489372	harbor1	chr10	22353622	22354250	LINE/L2	483	-	314	22353936	64564
chr10	14752857	14952857	harbor1	chr10	14799774	14800522	LINE/L2	1286	-	374	14800148	47291
chr10	14752857	14952857	harbor1	chr10	14831934	14832839	LINE/L2	1894	-	452	14832386	79529
chr10	14752857	14952857	harbor1	chr10	14833159	14833192	LINE/L2	2090	-	16	14833175	80318
chr10	14752857	14952857	harbor1	chr10	14833603	14833934	LINE/L2	951	-	166	14833769	80912
chr10	31828950	32028950	harbor1	chr10	31837859	31838388	LINE/L2	799	-	264	31838123	9173
chr10	14778778	14978778	harbor1	chr10	14799774	14800522	LINE/L2	1286	-	374	14800148	21370
chr10	14778778	14978778	harbor1	chr10	14831934	14832839	LINE/L2	1894	-	452	14832386	53608
chr10	14778778	14978778	harbor1	chr10	14833159	14833192	LINE/L2	2090	-	16	14833175	54397
chr10	14778778	14978778	harbor1	chr10	14833603	14833934	LINE/L2	951	-	166	14833769	54991
chr10	14778778	14978778	harbor1	chr10	14876840	14877141	LINE/L2	670	-	150	14876990	98212
chr10	14778778	14978778	harbor1	chr10	14860251	14861251	LINE/L2	1163	-	500	14860751	81973
chr10	7149143	7349143	harbor1	chr10	7235131	7235284	LINE/L2	508	-	76	7235207	86064
chr10	7149143	7349143	harbor1	chr10	7237615	7238332	LINE/L2	490	-	358	7237973	88830
chr10	72255102	72455102	harbor1	chr10	72318266	72318604	LINE/L2	512	-	169	72318435	63333
chr10	72254369	72454369	harbor1	chr10	72318266	72318604	LINE/L2	512	-	169	72318435	64066
chr10	100906982	101106982	harbor1	chr10	100932594	100932692	LINE/L2	656	-	49	100932643	25661
chr10	100906982	101106982	harbor1	chr10	100932722	100932891	LINE/L2	656	-	84	100932806	25824
chr10	100906982	101106982	harbor1	chr10	100945699	100946015	LINE/L2	854	-	158	100945857	38875
chr10	100906982	101106982	harbor1	chr10	100982281	100982510	LINE/L2	690	-	114	100982395	75413
chr10	100906982	101106982	harbor1	chr10	100982815	100983143	LINE/L2	690	-	164	100982979	75997
chr10	100906982	101106982	harbor1	chr10	100993676	100994070	LINE/L2	854	-	197	100993873	86891
chr10	97398963	97598963	harbor1	chr10	97412809	97413206	LINE/L2	533	-	198	97413007	14044
chr10	14763732	14963732	harbor1	chr10	14799774	14800522	LINE/L2	1286	-	374	14800148	36416
chr10	14763732	14963732	harbor1	chr10	14831934	14832839	LINE/L2	1894	-	452	14832386	68654
chr10	14763732	14963732	harbor1	chr10	14833159	14833192	LINE/L2	2090	-	16	14833175	69443
chr10	14763732	14963732	harbor1	chr10	14833603	14833934	LINE/L2	951	-	166	14833769	70037
chr10	14763732	14963732	harbor1	chr10	14860251	14861251	LINE/L2	1163	-	500	14860751	97019
chr10	14778075	14978075	harbor1	chr10	14799774	14800522	LINE/L2	1286	-	374	14800148	22073
chr10	14778075	14978075	harbor1	chr10	14831934	14832839	LINE/L2	1894	-	452	14832386	54311
chr10	14778075	14978075	harbor1	chr10	14833159	14833192	LINE/L2	2090	-	16	14833175	55100
chr10	14778075	14978075	harbor1	chr10	14833603	14833934	LINE/L2	951	-	166	14833769	55694
chr10	14778075	14978075	harbor1	chr10	14876840	14877141	LINE/L2	670	-	150	14876990	98915
chr10	14778075	14978075	harbor1	chr10	14860251	14861251	LINE/L2	1163	-	500	14860751	82676
chr10	72254600	72454600	harbor1	chr10	72318266	72318604	LINE/L2	512	-	169	72318435	63835
chr10	43456421	43656421	harbor1	chr10	43476854	43477092	LINE/L2	469	-	119	43476973	20552
chr10	43456421	43656421	harbor1	chr10	43497398	43497658	LINE/L2	569	-	130	43497528	41107
chr10	14778068	14978068	harbor1	chr10	14799774	14800522	LINE/L2	1286	-	374	14800148	22080
chr10	14778068	14978068	harbor1	chr10	14831934	14832839	LINE/L2	1894	-	452	14832386	54318
chr10	14778068	14978068	harbor1	chr10	14833159	14833192	LINE/L2	2090	-	16	14833175	55107
chr10	14778068	14978068	harbor1	chr10	14833603	14833934	LINE/L2	951	-	166	14833769	55701
chr10	14778068	14978068	harbor1	chr10	14876840	14877141	LINE/L2	670	-	150	14876990	98922
chr10	14778068	14978068	harbor1	chr10	14860251	14861251	LINE/L2	1163	-	500	14860751	82683
chr11	3928050	4128050	harbor1	chr11	3930906	3931266	LINE/L2	544	-	180	3931086	3036
chr11	3928050	4128050	harbor1	chr11	3949125	3949404	LINE/L2	677	-	140	3949265	21215
chr11	3928050	4128050	harbor1	chr11	3954351	3954707	LINE/L2	521	-	178	3954529	26479
chr11	3928050	4128050	harbor1	chr11	3956899	3957090	LINE/L2	757	-	96	3956995	28945
chr11	3928050	4128050	harbor1	chr11	3974985	3975107	LINE/L2	510	-	61	3975046	46996
chr11	3928050	4128050	harbor1	chr11	3986567	3986750	LINE/L2	428	-	92	3986659	58609
chr11	76580979	76780979	harbor1	chr11	76597104	76597375	LINE/L2	419	-	136	76597240	16261
chr11	123412399	123612399	harbor1	chr11	123450386	123450528	LINE/L2	469	-	71	123450457	38058
chr11	123412399	123612399	harbor1	chr11	123464717	123465248	LINE/L2	429	-	266	123464983	52584
chr11	123412399	123612399	harbor1	chr11	123469121	123469512	LINE/L2	660	-	196	123469317	56918
chr11	123412399	123612399	harbor1	chr11	123487238	123487531	LINE/L2	468	-	146	123487384	74985
chr11	123412399	123612399	harbor1	chr11	123490387	123490790	LINE/L2	636	-	202	123490589	78190
chr11	63803267	64003267	harbor1	chr11	63814934	63815312	LINE/L2	1010	-	189	63815123	11856
chr11	63803267	64003267	harbor1	chr11	63815333	63815658	LINE/L2	768	-	162	63815495	12228
chr11	63803267	64003267	harbor1	chr11	63816235	63816451	LINE/L2	463	-	108	63816343	13076
chr11	64110890	64310890	harbor1	chr11	64112148	64112233	LINE/L2	761	-	42	64112190	1300
chr11	64110890	64310890	harbor1	chr11	64112546	64112797	LINE/L2	761	-	126	64112672	1782
chr11	64110890	64310890	harbor1	chr11	64133883	64134121	LINE/L2	431	-	119	64134002	23112
chr11	64110890	64310890	harbor1	chr11	64180853	64181225	LINE/L2	1111	-	186	64181039	70149
chr11	57399820	57599820	harbor1	chr11	57429208	57429330	LINE/L2	406	-	61	57429269	29449
chr11	57399820	57599820	harbor1	chr11	57444938	57445218	LINE/L2	831	-	140	57445078	45258
chr11	57399820	57599820	harbor1	chr11	57445529	57445553	LINE/L2	831	-	12	57445541	45721
chr11	57399820	57599820	harbor1	chr11	57469173	57469325	LINE/L2	401	-	76	57469249	69429
chr11	57399820	57599820	harbor1	chr11	57471708	57471847	LINE/L2	499	-	70	57471778	71958
chr11	57399820	57599820	harbor1	chr11	57487520	57488381	LINE/L2	1345	-	430	57487950	88130
chr11	76329060	76529060	harbor1	chr11	76343486	76343843	LINE/L2	454	-	178	76343664	14604
chr11	76329060	76529060	harbor1	chr11	76390410	76390553	LINE/L2	440	-	72	76390482	61422
chr11	76329060	76529060	harbor1	chr11	76390849	76390878	LINE/L2	440	-	14	76390863	61803
chr11	76329060	76529060	harbor1	chr11	76409164	76409326	LINE/L2	504	-	81	76409245	80185
chr11	76329060	76529060	harbor1	chr11	76412107	76412468	LINE/L2	596	-	180	76412287	83227
chr11	76329060	76529060	harbor1	chr11	76425215	76425430	LINE/L2	511	-	108	76425323	96263
chr11	108021573	108221573	harbor1	chr11	108074921	108075186	LINE/L2	962	-	132	108075053	53480
chr11	108021573	108221573	harbor1	chr11	108076742	108077355	LINE/L2	1820	-	306	108077048	55475
chr11	108021539	108221539	harbor1	chr11	108074921	108075186	LINE/L2	962	-	132	108075053	53514
chr11	108021539	108221539	harbor1	chr11	108076742	108077355	LINE/L2	1820	-	306	108077048	55509
chr11	62595076	62795076	harbor1	chr11	62621150	62621731	LINE/L2	1531	-	290	62621440	26364
chr11	1661043	1861043	harbor1	chr11	1738653	1738778	LINE/L2	520	-	62	1738715	77672
chr11	1661043	1861043	harbor1	chr11	1739084	1739120	LINE/L2	520	-	18	1739102	78059
chr11	1661043	1861043	harbor1	chr11	1739399	1739895	LINE/L2	802	-	248	1739647	78604
chr11	1661043	1861043	harbor1	chr11	1739941	1740019	LINE/L2	1546	-	39	1739980	78937
chr11	1661043	1861043	harbor1	chr11	1740328	1740740	LINE/L2	1546	-	206	1740534	79491
chr11	1661043	1861043	harbor1	chr11	1741163	1741325	LINE/L2	1546	-	81	1741244	80201
chr11	119643196	119843196	harbor1	chr11	119705251	119705781	LINE/L2	731	-	265	119705516	62320
chr11	119643196	119843196	harbor1	chr11	119710359	119710776	LINE/L2	581	-	208	119710567	67371
chr11	76580390	76780390	harbor1	chr11	76597104	76597375	LINE/L2	419	-	136	76597240	16850
chr11	76580446	76780446	harbor1	chr11	76597104	76597375	LINE/L2	419	-	136	76597240	16794
chr11	27274218	27474218	harbor1	chr11	27349714	27349845	LINE/L2	418	-	66	27349780	75562
chr11	19768628	19968628	harbor1	chr11	19783877	19784106	LINE/L2	400	-	114	19783991	15363
chr11	19768628	19968628	harbor1	chr11	19840828	19840946	LINE/L2	524	-	59	19840887	72259
chr11	19768628	19968628	harbor1	chr11	19863488	19863601	LINE/L2	429	-	56	19863544	94916
chr11	19768628	19968628	harbor1	chr11	19775472	19776006	LINE/L2	850	-	267	19775739	7111
chr11	126556684	126756684	harbor1	chr11	126568081	126568373	LINE/L2	480	-	146	126568227	11543
chr11	126556684	126756684	harbor1	chr11	126586958	126587413	LINE/L2	885	-	228	126587186	30502
chr11	126556684	126756684	harbor1	chr11	126618907	126619519	LINE/L2	1027	-	306	126619213	62529
chr11	4538274	4738274	harbor1	chr11	4635428	4636189	LINE/L2	470	-	380	4635808	97534
chr11	107049890	107249890	harbor1	chr11	107062475	107062853	LINE/L2	838	-	189	107062664	12774
chr11	107049890	107249890	harbor1	chr11	107132864	107133460	LINE/L2	424	-	298	107133162	83272
chr11	111440849	111640849	harbor1	chr11	111517533	111517784	LINE/L2	704	-	126	111517659	76810
chr11	111440849	111640849	harbor1	chr11	111525718	111525813	LINE/L2	823	-	48	111525766	84917
chr11	111440849	111640849	harbor1	chr11	111525890	111526196	LINE/L2	823	-	153	111526043	85194
chr11	111440849	111640849	harbor1	chr11	111526222	111526763	LINE/L2	940	-	270	111526492	85643
chr11	64913893	65113893	harbor1	chr11	64941243	64941373	LINE/L2	442	-	65	64941308	27415
chr11	64913893	65113893	harbor1	chr11	64941677	64941904	LINE/L2	442	-	114	64941791	27898
chr11	64913893	65113893	harbor1	chr11	64967714	64968278	LINE/L2	1428	-	282	64967996	54103
chr11	64913893	65113893	harbor1	chr11	64968852	64969384	LINE/L2	1428	-	266	64969118	55225
chr11	64913893	65113893	harbor1	chr11	64969387	64969657	LINE/L2	461	-	135	64969522	55629
chr11	64913893	65113893	harbor1	chr11	64995389	64995536	LINE/L2	522	-	74	64995463	81570
chr11	64913893	65113893	harbor1	chr11	65005077	65005371	LINE/L2	758	-	147	65005224	91331
chr11	64913893	65113893	harbor1	chr11	65005500	65005650	LINE/L2	496	-	75	65005575	91682
chr11	64913893	65113893	harbor1	chr11	65006225	65006241	LINE/L2	496	-	8	65006233	92340
chr11	64913893	65113893	harbor1	chr11	65006537	65006625	LINE/L2	496	-	44	65006581	92688
chr11	86572156	86772156	harbor1	chr11	86585122	86586125	LINE/L2	1577	-	502	86585624	13468
chr11	86572156	86772156	harbor1	chr11	86588061	86588206	LINE/L2	495	-	72	86588133	15977
chr11	86572156	86772156	harbor1	chr11	86593995	86594129	LINE/L2	488	-	67	86594062	21906
chr11	86572156	86772156	harbor1	chr11	86625585	86625722	LINE/L2	432	-	68	86625653	53497
chr11	86572156	86772156	harbor1	chr11	86665109	86665917	LINE/L2	1117	-	404	86665513	93357
chr11	124700607	124900607	harbor1	chr11	124726572	124726648	LINE/L2	428	-	38	124726610	26003
chr11	69539284	69739284	harbor1	chr11	69616764	69616946	LINE/L2	865	-	91	69616855	77571
chr11	69539284	69739284	harbor1	chr11	69617263	69617644	LINE/L2	865	-	190	69617453	78169
chr11	69539284	69739284	harbor1	chr11	69617963	69618458	LINE/L2	1170	-	248	69618211	78927
chr11	76580636	76780636	harbor1	chr11	76597104	76597375	LINE/L2	419	-	136	76597240	16604
chr11	67369223	67569223	harbor1	chr11	67388439	67388521	LINE/L2	463	-	41	67388480	19257
chr11	67369223	67569223	harbor1	chr11	67389148	67389838	LINE/L2	750	-	345	67389493	20270
chr11	67369223	67569223	harbor1	chr11	67417009	67417115	LINE/L2	431	-	53	67417062	47839
chr11	67369223	67569223	harbor1	chr11	67465318	67465595	LINE/L2	502	-	138	67465456	96233
chr11	68444618	68644618	harbor1	chr11	68470048	68471000	LINE/L2	2183	-	476	68470524	25906
chr11	68444618	68644618	harbor1	chr11	68471311	68472198	LINE/L2	2183	-	444	68471755	27137
chr11	68444618	68644618	harbor1	chr11	68502630	68502916	LINE/L2	412	-	143	68502773	58155
chr11	68444618	68644618	harbor1	chr11	68503466	68503741	LINE/L2	509	-	138	68503604	58986
chr11	68444618	68644618	harbor1	chr11	68539776	68540189	LINE/L2	1166	-	206	68539982	95364
chr11	68444618	68644618	harbor1	chr11	68541245	68542361	LINE/L2	1166	-	558	68541803	97185
chr11	86572150	86772150	harbor1	chr11	86585122	86586125	LINE/L2	1577	-	502	86585624	13474
chr11	86572150	86772150	harbor1	chr11	86588061	86588206	LINE/L2	495	-	72	86588133	15983
chr11	86572150	86772150	harbor1	chr11	86593995	86594129	LINE/L2	488	-	67	86594062	21912
chr11	86572150	86772150	harbor1	chr11	86625585	86625722	LINE/L2	432	-	68	86625653	53503
chr11	86572150	86772150	harbor1	chr11	86665109	86665917	LINE/L2	1117	-	404	86665513	93363
chr11	73276655	73476655	harbor1	chr11	73284751	73285067	LINE/L2	1088	-	158	73284909	8254
chr11	73276655	73476655	harbor1	chr11	73297945	73298234	LINE/L2	548	-	144	73298089	21434
chr11	73276655	73476655	harbor1	chr11	73316272	73316954	LINE/L2	1178	-	341	73316613	39958
chr11	73276655	73476655	harbor1	chr11	73341039	73341295	LINE/L2	633	-	128	73341167	64512
chr11	73276655	73476655	harbor1	chr11	73341612	73341774	LINE/L2	633	-	81	73341693	65038
chr11	73276655	73476655	harbor1	chr11	73347319	73347524	LINE/L2	466	-	102	73347421	70766
chr11	73276655	73476655	harbor1	chr11	73348837	73349041	LINE/L2	516	-	102	73348939	72284
chr11	6140855	6340855	harbor1	chr11	6149955	6150103	LINE/L2	549	-	74	6150029	9174
chr11	6140855	6340855	harbor1	chr11	6227473	6227949	LINE/L2	676	-	238	6227711	86856
chr11	6140855	6340855	harbor1	chr11	6230744	6231463	LINE/L2	448	-	360	6231104	90249
chr11	20060703	20260703	harbor1	chr11	20085301	20085546	LINE/L2	492	-	122	20085423	24720
chr11	20060703	20260703	harbor1	chr11	20086681	20087215	LINE/L2	862	-	267	20086948	26245
chr11	64806660	65006660	harbor1	chr11	64813808	64814127	LINE/L2	492	-	160	64813968	7308
chr11	64806660	65006660	harbor1	chr11	64815597	64815793	LINE/L2	711	-	98	64815695	9035
chr11	64806660	65006660	harbor1	chr11	64817505	64818305	LINE/L2	1363	-	400	64817905	11245
chr11	64806660	65006660	harbor1	chr11	64890728	64890973	LINE/L2	401	-	122	64890850	84190
chr11	6512331	6712331	harbor1	chr11	6527195	6527510	LINE/L2	937	-	158	6527353	15022
chr11	6512331	6712331	harbor1	chr11	6537362	6537650	LINE/L2	1228	-	144	6537506	25175
chr11	6512331	6712331	harbor1	chr11	6537944	6538148	LINE/L2	1228	-	102	6538046	25715
chr11	6512331	6712331	harbor1	chr11	6541565	6541886	LINE/L2	619	-	160	6541725	29394
chr11	6512331	6712331	harbor1	chr11	6561705	6562571	LINE/L2	837	-	433	6562138	49807
chr11	6512331	6712331	harbor1	chr11	6568985	6569202	LINE/L2	961	-	108	6569093	56762
chr11	6512331	6712331	harbor1	chr11	6572499	6573356	LINE/L2	1164	-	428	6572927	60596
chr11	6512331	6712331	harbor1	chr11	6596215	6596596	LINE/L2	911	-	190	6596405	84074
chr11	6512331	6712331	harbor1	chr11	6604474	6605505	LINE/L2	1118	-	516	6604990	92659
chr11	6512331	6712331	harbor1	chr11	6569493	6569987	LINE/L2	961	-	247	6569740	57409
chr11	46430260	46630260	harbor1	chr11	46470819	46471057	LINE/L2	602	-	119	46470938	40678
chr11	46430260	46630260	harbor1	chr11	46432063	46432470	LINE/L2	467	-	204	46432267	2007
chr11	63713415	63913415	harbor1	chr11	63745377	63745544	LINE/L2	512	-	84	63745461	32046
chr11	86275379	86475379	harbor1	chr11	86292207	86292326	LINE/L2	506	-	60	86292267	16888
chr11	86275379	86475379	harbor1	chr11	86338318	86338696	LINE/L2	1092	-	189	86338507	63128
chr11	64537978	64737978	harbor1	chr11	64576443	64576592	LINE/L2	467	-	74	64576517	38539
chr11	64537978	64737978	harbor1	chr11	64587811	64588691	LINE/L2	1813	-	440	64588251	50273
chr11	64537978	64737978	harbor1	chr11	64596934	64597037	LINE/L2	446	-	52	64596986	59008
chr11	76580403	76780403	harbor1	chr11	76597104	76597375	LINE/L2	419	-	136	76597240	16837
chr11	67117644	67317644	harbor1	chr11	67136789	67137135	LINE/L2	518	-	173	67136962	19318
chr11	67117644	67317644	harbor1	chr11	67137169	67137783	LINE/L2	673	-	307	67137476	19832
chr11	129769693	129969693	harbor1	chr11	129825290	129825601	LINE/L2	547	-	156	129825446	55753
chr11	129769693	129969693	harbor1	chr11	129846523	129847076	LINE/L2	911	-	276	129846799	77106
chr11	76580432	76780432	harbor1	chr11	76597104	76597375	LINE/L2	419	-	136	76597240	16808
chr11	64538016	64738016	harbor1	chr11	64576443	64576592	LINE/L2	467	-	74	64576517	38501
chr11	64538016	64738016	harbor1	chr11	64587811	64588691	LINE/L2	1813	-	440	64588251	50235
chr11	64538016	64738016	harbor1	chr11	64596934	64597037	LINE/L2	446	-	52	64596986	58970
chr11	119001792	119201792	harbor1	chr11	119079932	119080060	LINE/L2	627	-	64	119079996	78204
chr11	119001792	119201792	harbor1	chr11	119080358	119080368	LINE/L2	627	-	5	119080363	78571
chr11	119001792	119201792	harbor1	chr11	119080669	119080824	LINE/L2	627	-	78	119080747	78955
chr11	76580985	76780985	harbor1	chr11	76597104	76597375	LINE/L2	419	-	136	76597240	16255
chr11	64348932	64548932	harbor1	chr11	64410959	64411230	LINE/L2	596	-	136	64411095	62163
chr11	64348932	64548932	harbor1	chr11	64411294	64411661	LINE/L2	463	-	184	64411478	62546
chr11	64348932	64548932	harbor1	chr11	64411973	64412081	LINE/L2	463	-	54	64412027	63095
chr11	64348932	64548932	harbor1	chr11	64413484	64413609	LINE/L2	452	-	62	64413546	64614
chr11	64348932	64548932	harbor1	chr11	64414911	64415363	LINE/L2	452	-	226	64415137	66205
chr11	107909152	108109152	harbor1	chr11	107918340	107918550	LINE/L2	1233	-	105	107918445	9293
chr11	107909152	108109152	harbor1	chr11	107918849	107919095	LINE/L2	1233	-	123	107918972	9820
chr11	107909152	108109152	harbor1	chr11	107950399	107950486	LINE/L2	427	-	44	107950443	41291
chr11	107909152	108109152	harbor1	chr11	107950789	107950893	LINE/L2	427	-	52	107950841	41689
chr11	107909152	108109152	harbor1	chr11	107956664	107957498	LINE/L2	923	-	417	107957081	47929
chr11	74201768	74401768	harbor1	chr11	74208351	74208481	LINE/L2	437	-	65	74208416	6648
chr11	74201768	74401768	harbor1	chr11	74233894	74235105	LINE/L2	2830	-	606	74234500	32732
chr11	74201768	74401768	harbor1	chr11	74277968	74278274	LINE/L2	423	-	153	74278121	76353
chr11	74201768	74401768	harbor1	chr11	74298477	74298873	LINE/L2	499	-	198	74298675	96907
chr11	43448357	43648357	harbor1	chr11	43480193	43480301	LINE/L2	444	-	54	43480247	31890
chr11	43448357	43648357	harbor1	chr11	43507108	43507544	LINE/L2	567	-	218	43507326	58969
chr11	43448357	43648357	harbor1	chr11	43508087	43508347	LINE/L2	463	-	130	43508217	59860
chr11	43448357	43648357	harbor1	chr11	43511577	43511937	LINE/L2	489	-	180	43511757	63400
chr11	61485519	61685519	harbor1	chr11	61501030	61501197	LINE/L2	480	-	84	61501114	15595
chr11	61485519	61685519	harbor1	chr11	61502253	61502363	LINE/L2	480	-	55	61502308	16789
chr11	133199713	133399713	harbor1	chr11	133259824	133260558	LINE/L2	804	-	367	133260191	60478
chr11	68332235	68532235	harbor1	chr11	68351737	68352301	LINE/L2	505	-	282	68352019	19784
chr11	69539187	69739187	harbor1	chr11	69616764	69616946	LINE/L2	865	-	91	69616855	77668
chr11	69539187	69739187	harbor1	chr11	69617263	69617644	LINE/L2	865	-	190	69617453	78266
chr11	69539187	69739187	harbor1	chr11	69617963	69618458	LINE/L2	1170	-	248	69618211	79024
chr11	106965389	107165389	harbor1	chr11	106982574	106982846	LINE/L2	634	-	136	106982710	17321
chr11	106965389	107165389	harbor1	chr11	107004513	107004953	LINE/L2	514	-	220	107004733	39344
chr11	106965389	107165389	harbor1	chr11	107029033	107029529	LINE/L2	490	-	248	107029281	63892
chr11	106965389	107165389	harbor1	chr11	107029885	107030202	LINE/L2	599	-	158	107030043	64654
chr11	106965389	107165389	harbor1	chr11	107030702	107031031	LINE/L2	599	-	164	107030866	65477
chr11	106965389	107165389	harbor1	chr11	107062475	107062853	LINE/L2	838	-	189	107062664	97275
chr11	45786319	45986319	harbor1	chr11	45791815	45791958	LINE/L2	399	-	72	45791887	5568
chr11	45786319	45986319	harbor1	chr11	45817719	45817975	LINE/L2	527	-	128	45817847	31528
chr11	45786319	45986319	harbor1	chr11	45818112	45818427	LINE/L2	1287	-	158	45818270	31951
chr11	45786319	45986319	harbor1	chr11	45818731	45819010	LINE/L2	1287	-	140	45818871	32552
chr11	45786319	45986319	harbor1	chr11	45820333	45820746	LINE/L2	1016	-	206	45820539	34220
chr11	45786319	45986319	harbor1	chr11	45845505	45845615	LINE/L2	414	-	55	45845560	59241
chr11	45786319	45986319	harbor1	chr11	45845919	45846264	LINE/L2	466	-	172	45846091	59772
chr11	45786319	45986319	harbor1	chr11	45849360	45849527	LINE/L2	407	-	84	45849444	63125
chr11	45786319	45986319	harbor1	chr11	45865881	45866585	LINE/L2	1132	-	352	45866233	79914
chr11	45786319	45986319	harbor1	chr11	45871008	45871572	LINE/L2	671	-	282	45871290	84971
chr11	45786319	45986319	harbor1	chr11	45874533	45874663	LINE/L2	583	-	65	45874598	88279
chr11	45786319	45986319	harbor1	chr11	45874954	45875012	LINE/L2	583	-	29	45874983	88664
chr11	10653639	10853639	harbor1	chr11	10705678	10705878	LINE/L2	460	-	100	10705778	52139
chr11	10653639	10853639	harbor1	chr11	10712647	10712779	LINE/L2	418	-	66	10712713	59074
chr11	47086439	47286439	harbor1	chr11	47093407	47093548	LINE/L2	592	-	70	47093477	7038
chr11	47086439	47286439	harbor1	chr11	47151056	47151144	LINE/L2	550	-	44	47151100	64661
chr11	47086439	47286439	harbor1	chr11	47151413	47151673	LINE/L2	550	-	130	47151543	65104
chr11	47086439	47286439	harbor1	chr11	47179638	47179945	LINE/L2	416	-	154	47179792	93353
chr11	69539232	69739232	harbor1	chr11	69616764	69616946	LINE/L2	865	-	91	69616855	77623
chr11	69539232	69739232	harbor1	chr11	69617263	69617644	LINE/L2	865	-	190	69617453	78221
chr11	69539232	69739232	harbor1	chr11	69617963	69618458	LINE/L2	1170	-	248	69618211	78979
chr11	3708495	3908495	harbor1	chr11	3728045	3728453	LINE/L2	3419	-	204	3728249	19754
chr11	3708495	3908495	harbor1	chr11	3728767	3729422	LINE/L2	3419	-	328	3729095	20600
chr11	65109998	65309998	harbor1	chr11	65136380	65136930	LINE/L2	983	-	275	65136655	26657
chr11	65109998	65309998	harbor1	chr11	65137240	65137345	LINE/L2	877	-	52	65137292	27294
chr11	65109998	65309998	harbor1	chr11	65144142	65144268	LINE/L2	540	-	63	65144205	34207
chr11	65109998	65309998	harbor1	chr11	65151389	65151602	LINE/L2	442	-	106	65151495	41497
chr11	69539231	69739231	harbor1	chr11	69616764	69616946	LINE/L2	865	-	91	69616855	77624
chr11	69539231	69739231	harbor1	chr11	69617263	69617644	LINE/L2	865	-	190	69617453	78222
chr11	69539231	69739231	harbor1	chr11	69617963	69618458	LINE/L2	1170	-	248	69618211	78980
chr11	19964004	20164004	harbor1	chr11	19981992	19982144	LINE/L2	417	-	76	19982068	18064
chr11	19964004	20164004	harbor1	chr11	19993874	19994050	LINE/L2	478	-	88	19993962	29958
chr11	19964004	20164004	harbor1	chr11	20018661	20019536	LINE/L2	749	-	438	20019099	55095
chr11	19964004	20164004	harbor1	chr11	20034735	20035281	LINE/L2	571	-	273	20035008	71004
chr11	76580343	76780343	harbor1	chr11	76597104	76597375	LINE/L2	419	-	136	76597240	16897
chr11	108021604	108221604	harbor1	chr11	108074921	108075186	LINE/L2	962	-	132	108075053	53449
chr11	108021604	108221604	harbor1	chr11	108076742	108077355	LINE/L2	1820	-	306	108077048	55444
chr11	126625737	126825737	harbor1	chr11	126675682	126676330	LINE/L2	610	-	324	126676006	50269
chr11	63739535	63939535	harbor1	chr11	63745377	63745544	LINE/L2	512	-	84	63745461	5926
chr11	63739535	63939535	harbor1	chr11	63814934	63815312	LINE/L2	1010	-	189	63815123	75588
chr11	63739535	63939535	harbor1	chr11	63815333	63815658	LINE/L2	768	-	162	63815495	75960
chr11	63739535	63939535	harbor1	chr11	63816235	63816451	LINE/L2	463	-	108	63816343	76808
chr11	64537961	64737961	harbor1	chr11	64576443	64576592	LINE/L2	467	-	74	64576517	38556
chr11	64537961	64737961	harbor1	chr11	64587811	64588691	LINE/L2	1813	-	440	64588251	50290
chr11	64537961	64737961	harbor1	chr11	64596934	64597037	LINE/L2	446	-	52	64596986	59025
chr11	67166495	67366495	harbor1	chr11	67246278	67246367	LINE/L2	433	-	44	67246322	79827
chr11	67166495	67366495	harbor1	chr11	67262772	67263512	LINE/L2	796	-	370	67263142	96647
chr11	65948237	66148237	harbor1	chr11	65962526	65963442	LINE/L2	958	-	458	65962984	14747
chr11	65948237	66148237	harbor1	chr11	65971707	65971926	LINE/L2	439	-	110	65971817	23580
chr11	65948237	66148237	harbor1	chr11	65997828	65998008	LINE/L2	424	-	90	65997918	49681
chr11	65948237	66148237	harbor1	chr11	66044597	66044709	LINE/L2	404	-	56	66044653	96416
chr11	360421	560421	harbor1	chr11	383954	384228	LINE/L2	636	-	137	384091	23670
chr11	65476370	65676370	harbor1	chr11	65528810	65528951	LINE/L2	448	-	70	65528880	52510
chr11	65476370	65676370	harbor1	chr11	65534429	65534703	LINE/L2	834	-	137	65534566	58196
chr11	65476370	65676370	harbor1	chr11	65549959	65550127	LINE/L2	697	-	84	65550043	73673
chr11	65476370	65676370	harbor1	chr11	65550446	65550531	LINE/L2	697	-	42	65550488	74118
chr11	65476370	65676370	harbor1	chr11	65560453	65560976	LINE/L2	516	-	262	65560715	84345
chr11	9514217	9714217	harbor1	chr11	9606782	9606996	LINE/L2	465	-	107	9606889	92672
chr11	9514217	9714217	harbor1	chr11	9608792	9608987	LINE/L2	1495	-	98	9608890	94673
chr11	9514217	9714217	harbor1	chr11	9609273	9609606	LINE/L2	1495	-	166	9609439	95222
chr11	9514217	9714217	harbor1	chr11	9610303	9610454	LINE/L2	587	-	76	9610379	96162
chr11	57399763	57599763	harbor1	chr11	57429208	57429330	LINE/L2	406	-	61	57429269	29506
chr11	57399763	57599763	harbor1	chr11	57444938	57445218	LINE/L2	831	-	140	57445078	45315
chr11	57399763	57599763	harbor1	chr11	57445529	57445553	LINE/L2	831	-	12	57445541	45778
chr11	57399763	57599763	harbor1	chr11	57469173	57469325	LINE/L2	401	-	76	57469249	69486
chr11	57399763	57599763	harbor1	chr11	57471708	57471847	LINE/L2	499	-	70	57471778	72015
chr11	57399763	57599763	harbor1	chr11	57487520	57488381	LINE/L2	1345	-	430	57487950	88187
chr11	76580230	76780230	harbor1	chr11	76597104	76597375	LINE/L2	419	-	136	76597240	17010
chr11	108021628	108221628	harbor1	chr11	108074921	108075186	LINE/L2	962	-	132	108075053	53425
chr11	108021628	108221628	harbor1	chr11	108076742	108077355	LINE/L2	1820	-	306	108077048	55420
chr11	11317231	11517231	harbor1	chr11	11338269	11339067	LINE/L2	904	-	399	11338668	21437
chr11	11317231	11517231	harbor1	chr11	11355171	11355290	LINE/L2	440	-	60	11355231	38000
chr11	11317231	11517231	harbor1	chr11	11373046	11373622	LINE/L2	798	-	288	11373334	56103
chr11	11317231	11517231	harbor1	chr11	11393937	11394416	LINE/L2	473	-	240	11394177	76946
chr11	11317231	11517231	harbor1	chr11	11401717	11402170	LINE/L2	723	-	226	11401943	84712
chr11	108021537	108221537	harbor1	chr11	108074921	108075186	LINE/L2	962	-	132	108075053	53516
chr11	108021537	108221537	harbor1	chr11	108076742	108077355	LINE/L2	1820	-	306	108077048	55511
chr11	3724852	3924852	harbor1	chr11	3728045	3728453	LINE/L2	3419	-	204	3728249	3397
chr11	3724852	3924852	harbor1	chr11	3728767	3729422	LINE/L2	3419	-	328	3729095	4243
chr11	68332149	68532149	harbor1	chr11	68351737	68352301	LINE/L2	505	-	282	68352019	19870
chr11	3991985	4191985	harbor1	chr11	4056397	4056517	LINE/L2	494	-	60	4056457	64472
chr11	3991985	4191985	harbor1	chr11	4087162	4087492	LINE/L2	507	-	165	4087327	95342
chr11	111440845	111640845	harbor1	chr11	111517533	111517784	LINE/L2	704	-	126	111517659	76814
chr11	111440845	111640845	harbor1	chr11	111525718	111525813	LINE/L2	823	-	48	111525766	84921
chr11	111440845	111640845	harbor1	chr11	111525890	111526196	LINE/L2	823	-	153	111526043	85198
chr11	111440845	111640845	harbor1	chr11	111526222	111526763	LINE/L2	940	-	270	111526492	85647
chr11	66158730	66358730	harbor1	chr11	66195715	66195827	LINE/L2	670	-	56	66195771	37041
chr11	66158730	66358730	harbor1	chr11	66206639	66206854	LINE/L2	606	-	108	66206747	48017
chr11	3928045	4128045	harbor1	chr11	3930906	3931266	LINE/L2	544	-	180	3931086	3041
chr11	3928045	4128045	harbor1	chr11	3949125	3949404	LINE/L2	677	-	140	3949265	21220
chr11	3928045	4128045	harbor1	chr11	3954351	3954707	LINE/L2	521	-	178	3954529	26484
chr11	3928045	4128045	harbor1	chr11	3956899	3957090	LINE/L2	757	-	96	3956995	28950
chr11	3928045	4128045	harbor1	chr11	3974985	3975107	LINE/L2	510	-	61	3975046	47001
chr11	3928045	4128045	harbor1	chr11	3986567	3986750	LINE/L2	428	-	92	3986659	58614
chr11	68332104	68532104	harbor1	chr11	68351737	68352301	LINE/L2	505	-	282	68352019	19915
chr11	64537990	64737990	harbor1	chr11	64576443	64576592	LINE/L2	467	-	74	64576517	38527
chr11	64537990	64737990	harbor1	chr11	64587811	64588691	LINE/L2	1813	-	440	64588251	50261
chr11	64537990	64737990	harbor1	chr11	64596934	64597037	LINE/L2	446	-	52	64596986	58996
chr11	77082674	77282674	harbor1	chr11	77111597	77111987	LINE/L2	531	-	195	77111792	29118
chr11	77082674	77282674	harbor1	chr11	77129512	77129953	LINE/L2	722	-	220	77129732	47058
chr11	77082674	77282674	harbor1	chr11	77152806	77153249	LINE/L2	560	-	222	77153028	70354
chr11	77082674	77282674	harbor1	chr11	77160675	77160845	LINE/L2	501	-	85	77160760	78086
chr11	77082674	77282674	harbor1	chr11	77169657	77169793	LINE/L2	1194	-	68	77169725	87051
chr11	77082674	77282674	harbor1	chr11	77170096	77170571	LINE/L2	1194	-	238	77170334	87660
chr11	77082674	77282674	harbor1	chr11	77170717	77170967	LINE/L2	716	-	125	77170842	88168
chr11	123512082	123712082	harbor1	chr11	123514006	123514298	LINE/L2	516	-	146	123514152	2070
chr11	123512082	123712082	harbor1	chr11	123566808	123567260	LINE/L2	669	-	226	123567034	54952
chr11	123512082	123712082	harbor1	chr11	123603567	123604472	LINE/L2	1967	-	452	123604019	91937
chr11	67367888	67567888	harbor1	chr11	67388439	67388521	LINE/L2	463	-	41	67388480	20592
chr11	67367888	67567888	harbor1	chr11	67389148	67389838	LINE/L2	750	-	345	67389493	21605
chr11	67367888	67567888	harbor1	chr11	67417009	67417115	LINE/L2	431	-	53	67417062	49174
chr11	67367888	67567888	harbor1	chr11	67465318	67465595	LINE/L2	502	-	138	67465456	97568
chr11	6201425	6401425	harbor1	chr11	6227473	6227949	LINE/L2	676	-	238	6227711	26286
chr11	6201425	6401425	harbor1	chr11	6230744	6231463	LINE/L2	448	-	360	6231104	29679
chr11	6201425	6401425	harbor1	chr11	6261138	6261384	LINE/L2	459	-	123	6261261	59836
chr11	6201425	6401425	harbor1	chr11	6261780	6262686	LINE/L2	1305	-	453	6262233	60808
chr11	6201425	6401425	harbor1	chr11	6262726	6262980	LINE/L2	1305	-	127	6262853	61428
chr11	6201425	6401425	harbor1	chr11	6265979	6266189	LINE/L2	519	-	105	6266084	64659
chr11	6201425	6401425	harbor1	chr11	6281337	6281492	LINE/L2	409	-	78	6281415	79990
chr11	6201425	6401425	harbor1	chr11	6281792	6281804	LINE/L2	409	-	6	6281798	80373
chr11	106091678	106291678	harbor1	chr11	106126107	106126463	LINE/L2	656	-	178	106126285	34607
chr11	117886589	118086589	harbor1	chr11	117930446	117930744	LINE/L2	873	-	149	117930595	44006
chr11	117886589	118086589	harbor1	chr11	117944162	117944350	LINE/L2	440	-	94	117944256	57667
chr11	67891296	68091296	harbor1	chr11	67956205	67956645	LINE/L2	440	-	220	67956425	65129
chr11	67891296	68091296	harbor1	chr11	67960241	67960402	LINE/L2	404	-	80	67960321	69025
chr11	67891296	68091296	harbor1	chr11	67960638	67960809	LINE/L2	478	-	86	67960724	69428
chr11	67891296	68091296	harbor1	chr11	67961106	67961796	LINE/L2	478	-	345	67961451	70155
chr11	64627077	64827077	harbor1	chr11	64689483	64689845	LINE/L2	478	-	181	64689664	62587
chr11	76517780	76717780	harbor1	chr11	76548885	76549263	LINE/L2	766	-	189	76549074	31294
chr11	76517780	76717780	harbor1	chr11	76552162	76552274	LINE/L2	519	-	56	76552218	34438
chr11	76517780	76717780	harbor1	chr11	76554626	76555038	LINE/L2	423	-	206	76554832	37052
chr11	76517780	76717780	harbor1	chr11	76556070	76556506	LINE/L2	1148	-	218	76556288	38508
chr11	76517780	76717780	harbor1	chr11	76558679	76559394	LINE/L2	1607	-	358	76559037	41257
chr11	76517780	76717780	harbor1	chr11	76597104	76597375	LINE/L2	419	-	136	76597240	79460
chr11	70722515	70922515	harbor1	chr11	70733052	70733326	LINE/L2	443	-	137	70733189	10674
chr11	76581027	76781027	harbor1	chr11	76597104	76597375	LINE/L2	419	-	136	76597240	16213
chr11	111440865	111640865	harbor1	chr11	111517533	111517784	LINE/L2	704	-	126	111517659	76794
chr11	111440865	111640865	harbor1	chr11	111525718	111525813	LINE/L2	823	-	48	111525766	84901
chr11	111440865	111640865	harbor1	chr11	111525890	111526196	LINE/L2	823	-	153	111526043	85178
chr11	111440865	111640865	harbor1	chr11	111526222	111526763	LINE/L2	940	-	270	111526492	85627
chr11	120126957	120326957	harbor1	chr11	120140993	120141204	LINE/L2	402	-	106	120141099	14142
chr11	120126957	120326957	harbor1	chr11	120189015	120189332	LINE/L2	419	-	158	120189173	62216
chr11	7991379	8191379	harbor1	chr11	8020843	8020949	LINE/L2	399	-	53	8020896	29517
chr11	7991379	8191379	harbor1	chr11	8025020	8025452	LINE/L2	1204	-	216	8025236	33857
chr11	7991379	8191379	harbor1	chr11	8067564	8067686	LINE/L2	613	-	61	8067625	76246
chr11	64141102	64341102	harbor1	chr11	64180853	64181225	LINE/L2	1111	-	186	64181039	39937
chr11	67368638	67568638	harbor1	chr11	67388439	67388521	LINE/L2	463	-	41	67388480	19842
chr11	67368638	67568638	harbor1	chr11	67389148	67389838	LINE/L2	750	-	345	67389493	20855
chr11	67368638	67568638	harbor1	chr11	67417009	67417115	LINE/L2	431	-	53	67417062	48424
chr11	67368638	67568638	harbor1	chr11	67465318	67465595	LINE/L2	502	-	138	67465456	96818
chr11	63953306	64153306	harbor1	chr11	63991736	63991935	LINE/L2	1085	-	100	63991836	38530
chr11	63953306	64153306	harbor1	chr11	63992229	63992433	LINE/L2	1085	-	102	63992331	39025
chr11	63953306	64153306	harbor1	chr11	63994634	63995036	LINE/L2	721	-	201	63994835	41529
chr11	63953306	64153306	harbor1	chr11	63995627	63995742	LINE/L2	721	-	58	63995685	42379
chr11	63953306	64153306	harbor1	chr11	64013143	64013640	LINE/L2	951	-	248	64013391	60085
chr11	64627021	64827021	harbor1	chr11	64689483	64689845	LINE/L2	478	-	181	64689664	62643
chr11	67369241	67569241	harbor1	chr11	67388439	67388521	LINE/L2	463	-	41	67388480	19239
chr11	67369241	67569241	harbor1	chr11	67389148	67389838	LINE/L2	750	-	345	67389493	20252
chr11	67369241	67569241	harbor1	chr11	67417009	67417115	LINE/L2	431	-	53	67417062	47821
chr11	67369241	67569241	harbor1	chr11	67465318	67465595	LINE/L2	502	-	138	67465456	96215
chr11	47086441	47286441	harbor1	chr11	47093407	47093548	LINE/L2	592	-	70	47093477	7036
chr11	47086441	47286441	harbor1	chr11	47151056	47151144	LINE/L2	550	-	44	47151100	64659
chr11	47086441	47286441	harbor1	chr11	47151413	47151673	LINE/L2	550	-	130	47151543	65102
chr11	47086441	47286441	harbor1	chr11	47179638	47179945	LINE/L2	416	-	154	47179792	93351
chr11	57374327	57574327	harbor1	chr11	57429208	57429330	LINE/L2	406	-	61	57429269	54942
chr11	57374327	57574327	harbor1	chr11	57444938	57445218	LINE/L2	831	-	140	57445078	70751
chr11	57374327	57574327	harbor1	chr11	57445529	57445553	LINE/L2	831	-	12	57445541	71214
chr11	57374327	57574327	harbor1	chr11	57469173	57469325	LINE/L2	401	-	76	57469249	94922
chr11	57374327	57574327	harbor1	chr11	57471708	57471847	LINE/L2	499	-	70	57471778	97451
chr11	65476352	65676352	harbor1	chr11	65528810	65528951	LINE/L2	448	-	70	65528880	52528
chr11	65476352	65676352	harbor1	chr11	65534429	65534703	LINE/L2	834	-	137	65534566	58214
chr11	65476352	65676352	harbor1	chr11	65549959	65550127	LINE/L2	697	-	84	65550043	73691
chr11	65476352	65676352	harbor1	chr11	65550446	65550531	LINE/L2	697	-	42	65550488	74136
chr11	65476352	65676352	harbor1	chr11	65560453	65560976	LINE/L2	516	-	262	65560715	84363
chr11	76566217	76766217	harbor1	chr11	76597104	76597375	LINE/L2	419	-	136	76597240	31023
chr11	64612771	64812771	harbor1	chr11	64689483	64689845	LINE/L2	478	-	181	64689664	76893
chr11	64914628	65114628	harbor1	chr11	64941243	64941373	LINE/L2	442	-	65	64941308	26680
chr11	64914628	65114628	harbor1	chr11	64941677	64941904	LINE/L2	442	-	114	64941791	27163
chr11	64914628	65114628	harbor1	chr11	64967714	64968278	LINE/L2	1428	-	282	64967996	53368
chr11	64914628	65114628	harbor1	chr11	64968852	64969384	LINE/L2	1428	-	266	64969118	54490
chr11	64914628	65114628	harbor1	chr11	64969387	64969657	LINE/L2	461	-	135	64969522	54894
chr11	64914628	65114628	harbor1	chr11	64995389	64995536	LINE/L2	522	-	74	64995463	80835
chr11	64914628	65114628	harbor1	chr11	65005077	65005371	LINE/L2	758	-	147	65005224	90596
chr11	64914628	65114628	harbor1	chr11	65005500	65005650	LINE/L2	496	-	75	65005575	90947
chr11	64914628	65114628	harbor1	chr11	65006225	65006241	LINE/L2	496	-	8	65006233	91605
chr11	64914628	65114628	harbor1	chr11	65006537	65006625	LINE/L2	496	-	44	65006581	91953
chr11	66122791	66322791	harbor1	chr11	66195715	66195827	LINE/L2	670	-	56	66195771	72980
chr11	66122791	66322791	harbor1	chr11	66206639	66206854	LINE/L2	606	-	108	66206747	83956
chr11	133733693	133933693	harbor1	chr11	133799668	133800426	LINE/L2	995	-	379	133800047	66354
chr11	133733693	133933693	harbor1	chr11	133820210	133820510	LINE/L2	613	-	150	133820360	86667
chr11	69539285	69739285	harbor1	chr11	69616764	69616946	LINE/L2	865	-	91	69616855	77570
chr11	69539285	69739285	harbor1	chr11	69617263	69617644	LINE/L2	865	-	190	69617453	78168
chr11	69539285	69739285	harbor1	chr11	69617963	69618458	LINE/L2	1170	-	248	69618211	78926
chr11	119643261	119843261	harbor1	chr11	119705251	119705781	LINE/L2	731	-	265	119705516	62255
chr11	119643261	119843261	harbor1	chr11	119710359	119710776	LINE/L2	581	-	208	119710567	67306
chr11	66158626	66358626	harbor1	chr11	66195715	66195827	LINE/L2	670	-	56	66195771	37145
chr11	66158626	66358626	harbor1	chr11	66206639	66206854	LINE/L2	606	-	108	66206747	48121
chr11	62552866	62752866	harbor1	chr11	62621150	62621731	LINE/L2	1531	-	290	62621440	68574
chr11	66158676	66358676	harbor1	chr11	66195715	66195827	LINE/L2	670	-	56	66195771	37095
chr11	66158676	66358676	harbor1	chr11	66206639	66206854	LINE/L2	606	-	108	66206747	48071
chr11	6201391	6401391	harbor1	chr11	6227473	6227949	LINE/L2	676	-	238	6227711	26320
chr11	6201391	6401391	harbor1	chr11	6230744	6231463	LINE/L2	448	-	360	6231104	29713
chr11	6201391	6401391	harbor1	chr11	6261138	6261384	LINE/L2	459	-	123	6261261	59870
chr11	6201391	6401391	harbor1	chr11	6261780	6262686	LINE/L2	1305	-	453	6262233	60842
chr11	6201391	6401391	harbor1	chr11	6262726	6262980	LINE/L2	1305	-	127	6262853	61462
chr11	6201391	6401391	harbor1	chr11	6265979	6266189	LINE/L2	519	-	105	6266084	64693
chr11	6201391	6401391	harbor1	chr11	6281337	6281492	LINE/L2	409	-	78	6281415	80024
chr11	6201391	6401391	harbor1	chr11	6281792	6281804	LINE/L2	409	-	6	6281798	80407
chr11	76581063	76781063	harbor1	chr11	76597104	76597375	LINE/L2	419	-	136	76597240	16177
chr11	62588026	62788026	harbor1	chr11	62621150	62621731	LINE/L2	1531	-	290	62621440	33414
chr11	124700054	124900054	harbor1	chr11	124726572	124726648	LINE/L2	428	-	38	124726610	26556
chr11	76517810	76717810	harbor1	chr11	76548885	76549263	LINE/L2	766	-	189	76549074	31264
chr11	76517810	76717810	harbor1	chr11	76552162	76552274	LINE/L2	519	-	56	76552218	34408
chr11	76517810	76717810	harbor1	chr11	76554626	76555038	LINE/L2	423	-	206	76554832	37022
chr11	76517810	76717810	harbor1	chr11	76556070	76556506	LINE/L2	1148	-	218	76556288	38478
chr11	76517810	76717810	harbor1	chr11	76558679	76559394	LINE/L2	1607	-	358	76559037	41227
chr11	76517810	76717810	harbor1	chr11	76597104	76597375	LINE/L2	419	-	136	76597240	79430
chr11	57399809	57599809	harbor1	chr11	57429208	57429330	LINE/L2	406	-	61	57429269	29460
chr11	57399809	57599809	harbor1	chr11	57444938	57445218	LINE/L2	831	-	140	57445078	45269
chr11	57399809	57599809	harbor1	chr11	57445529	57445553	LINE/L2	831	-	12	57445541	45732
chr11	57399809	57599809	harbor1	chr11	57469173	57469325	LINE/L2	401	-	76	57469249	69440
chr11	57399809	57599809	harbor1	chr11	57471708	57471847	LINE/L2	499	-	70	57471778	71969
chr11	57399809	57599809	harbor1	chr11	57487520	57488381	LINE/L2	1345	-	430	57487950	88141
chr12	62962733	63162733	harbor1	chr12	62969481	62970065	LINE/L2	1343	-	292	62969773	7040
chr12	62962733	63162733	harbor1	chr12	62970366	62970515	LINE/L2	984	-	74	62970440	7707
chr12	62962733	63162733	harbor1	chr12	62978489	62979180	LINE/L2	861	-	346	62978835	16102
chr12	62962733	63162733	harbor1	chr12	62979563	62980009	LINE/L2	861	-	223	62979786	17053
chr12	62962733	63162733	harbor1	chr12	62980341	62980946	LINE/L2	861	-	302	62980643	17910
chr12	62962733	63162733	harbor1	chr12	62998225	62999998	LINE/L2	4013	-	886	62999111	36378
chr12	57101664	57301664	harbor1	chr12	57157133	57157329	LINE/L2	1017	-	98	57157231	55567
chr12	57101664	57301664	harbor1	chr12	57157640	57158104	LINE/L2	1017	-	232	57157872	56208
chr12	57101664	57301664	harbor1	chr12	57164803	57165142	LINE/L2	857	-	170	57164973	63309
chr12	57101664	57301664	harbor1	chr12	57196363	57196831	LINE/L2	1021	-	234	57196597	94933
chr12	49267287	49467287	harbor1	chr12	49301789	49302188	LINE/L2	855	-	200	49301989	34702
chr12	49267287	49467287	harbor1	chr12	49327611	49328214	LINE/L2	1393	-	302	49327913	60626
chr12	49267287	49467287	harbor1	chr12	49328522	49328583	LINE/L2	957	-	30	49328552	61265
chr12	49223475	49423475	harbor1	chr12	49253112	49253519	LINE/L2	980	-	204	49253316	29841
chr12	49223475	49423475	harbor1	chr12	49301789	49302188	LINE/L2	855	-	200	49301989	78514
chr12	109780252	109980252	harbor1	chr12	109820053	109820272	LINE/L2	634	-	110	109820163	39911
chr12	49267209	49467209	harbor1	chr12	49301789	49302188	LINE/L2	855	-	200	49301989	34780
chr12	49267209	49467209	harbor1	chr12	49327611	49328214	LINE/L2	1393	-	302	49327913	60704
chr12	49267209	49467209	harbor1	chr12	49328522	49328583	LINE/L2	957	-	30	49328552	61343
chr12	6862749	7062749	harbor1	chr12	6906763	6907082	LINE/L2	901	-	160	6906923	44174
chr12	6862749	7062749	harbor1	chr12	6947182	6947387	LINE/L2	1087	-	102	6947284	84535
chr12	6862749	7062749	harbor1	chr12	6947693	6947964	LINE/L2	1087	-	136	6947829	85080
chr12	6863249	7063249	harbor1	chr12	6906763	6907082	LINE/L2	901	-	160	6906923	43674
chr12	6863249	7063249	harbor1	chr12	6947182	6947387	LINE/L2	1087	-	102	6947284	84035
chr12	6863249	7063249	harbor1	chr12	6947693	6947964	LINE/L2	1087	-	136	6947829	84580
chr12	53896506	54096506	harbor1	chr12	53909478	53909757	LINE/L2	986	-	140	53909618	13112
chr12	53896506	54096506	harbor1	chr12	53910075	53910184	LINE/L2	986	-	54	53910129	13623
chr12	53896506	54096506	harbor1	chr12	53911469	53912136	LINE/L2	1175	-	334	53911803	15297
chr12	6863215	7063215	harbor1	chr12	6906763	6907082	LINE/L2	901	-	160	6906923	43708
chr12	6863215	7063215	harbor1	chr12	6947182	6947387	LINE/L2	1087	-	102	6947284	84069
chr12	6863215	7063215	harbor1	chr12	6947693	6947964	LINE/L2	1087	-	136	6947829	84614
chr12	6862682	7062682	harbor1	chr12	6906763	6907082	LINE/L2	901	-	160	6906923	44241
chr12	6862682	7062682	harbor1	chr12	6947182	6947387	LINE/L2	1087	-	102	6947284	84602
chr12	6862682	7062682	harbor1	chr12	6947693	6947964	LINE/L2	1087	-	136	6947829	85147
chr12	53854212	54054212	harbor1	chr12	53909478	53909757	LINE/L2	986	-	140	53909618	55406
chr12	53854212	54054212	harbor1	chr12	53910075	53910184	LINE/L2	986	-	54	53910129	55917
chr12	53854212	54054212	harbor1	chr12	53911469	53912136	LINE/L2	1175	-	334	53911803	57591
chr12	2591115	2791115	harbor1	chr12	2637994	2639029	LINE/L2	1008	-	518	2638512	47397
chr12	2591115	2791115	harbor1	chr12	2689722	2689969	LINE/L2	784	-	124	2689846	98731
chr12	49267208	49467208	harbor1	chr12	49301789	49302188	LINE/L2	855	-	200	49301989	34781
chr12	49267208	49467208	harbor1	chr12	49327611	49328214	LINE/L2	1393	-	302	49327913	60705
chr12	49267208	49467208	harbor1	chr12	49328522	49328583	LINE/L2	957	-	30	49328552	61344
chr12	2591166	2791166	harbor1	chr12	2637994	2639029	LINE/L2	1008	-	518	2638512	47346
chr12	2591166	2791166	harbor1	chr12	2689722	2689969	LINE/L2	784	-	124	2689846	98680
chr12	49267266	49467266	harbor1	chr12	49301789	49302188	LINE/L2	855	-	200	49301989	34723
chr12	49267266	49467266	harbor1	chr12	49327611	49328214	LINE/L2	1393	-	302	49327913	60647
chr12	49267266	49467266	harbor1	chr12	49328522	49328583	LINE/L2	957	-	30	49328552	61286
chr12	6842193	7042193	harbor1	chr12	6906763	6907082	LINE/L2	901	-	160	6906923	64730
chr12	52906640	53106640	harbor1	chr12	52959065	52959309	LINE/L2	1012	-	122	52959187	52547
chr12	52906640	53106640	harbor1	chr12	52960143	52960166	LINE/L2	1012	-	12	52960155	53515
chr12	52906640	53106640	harbor1	chr12	52960473	52960568	LINE/L2	1012	-	48	52960521	53881
chr12	49267207	49467207	harbor1	chr12	49301789	49302188	LINE/L2	855	-	200	49301989	34782
chr12	49267207	49467207	harbor1	chr12	49327611	49328214	LINE/L2	1393	-	302	49327913	60706
chr12	49267207	49467207	harbor1	chr12	49328522	49328583	LINE/L2	957	-	30	49328552	61345
chr12	49267255	49467255	harbor1	chr12	49301789	49302188	LINE/L2	855	-	200	49301989	34734
chr12	49267255	49467255	harbor1	chr12	49327611	49328214	LINE/L2	1393	-	302	49327913	60658
chr12	49267255	49467255	harbor1	chr12	49328522	49328583	LINE/L2	957	-	30	49328552	61297
chr12	49267241	49467241	harbor1	chr12	49301789	49302188	LINE/L2	855	-	200	49301989	34748
chr12	49267241	49467241	harbor1	chr12	49327611	49328214	LINE/L2	1393	-	302	49327913	60672
chr12	49267241	49467241	harbor1	chr12	49328522	49328583	LINE/L2	957	-	30	49328552	61311
chr12	49267331	49467331	harbor1	chr12	49301789	49302188	LINE/L2	855	-	200	49301989	34658
chr12	49267331	49467331	harbor1	chr12	49327611	49328214	LINE/L2	1393	-	302	49327913	60582
chr12	49267331	49467331	harbor1	chr12	49328522	49328583	LINE/L2	957	-	30	49328552	61221
chr12	49267175	49467175	harbor1	chr12	49301789	49302188	LINE/L2	855	-	200	49301989	34814
chr12	49267175	49467175	harbor1	chr12	49327611	49328214	LINE/L2	1393	-	302	49327913	60738
chr12	49267175	49467175	harbor1	chr12	49328522	49328583	LINE/L2	957	-	30	49328552	61377
chr12	49235659	49435659	harbor1	chr12	49253112	49253519	LINE/L2	980	-	204	49253316	17657
chr12	49235659	49435659	harbor1	chr12	49301789	49302188	LINE/L2	855	-	200	49301989	66330
chr12	49235659	49435659	harbor1	chr12	49327611	49328214	LINE/L2	1393	-	302	49327913	92254
chr12	49235659	49435659	harbor1	chr12	49328522	49328583	LINE/L2	957	-	30	49328552	92893
chr12	49267228	49467228	harbor1	chr12	49301789	49302188	LINE/L2	855	-	200	49301989	34761
chr12	49267228	49467228	harbor1	chr12	49327611	49328214	LINE/L2	1393	-	302	49327913	60685
chr12	49267228	49467228	harbor1	chr12	49328522	49328583	LINE/L2	957	-	30	49328552	61324
chr12	52632306	52832306	harbor1	chr12	52700183	52700588	LINE/L2	1241	-	202	52700385	68079
chr12	52632306	52832306	harbor1	chr12	52700751	52700921	LINE/L2	673	-	85	52700836	68530
chr12	6862269	7062269	harbor1	chr12	6906763	6907082	LINE/L2	901	-	160	6906923	44654
chr12	6862269	7062269	harbor1	chr12	6947182	6947387	LINE/L2	1087	-	102	6947284	85015
chr12	6862269	7062269	harbor1	chr12	6947693	6947964	LINE/L2	1087	-	136	6947829	85560
chr12	49267231	49467231	harbor1	chr12	49301789	49302188	LINE/L2	855	-	200	49301989	34758
chr12	49267231	49467231	harbor1	chr12	49327611	49328214	LINE/L2	1393	-	302	49327913	60682
chr12	49267231	49467231	harbor1	chr12	49328522	49328583	LINE/L2	957	-	30	49328552	61321
chr12	49267216	49467216	harbor1	chr12	49301789	49302188	LINE/L2	855	-	200	49301989	34773
chr12	49267216	49467216	harbor1	chr12	49327611	49328214	LINE/L2	1393	-	302	49327913	60697
chr12	49267216	49467216	harbor1	chr12	49328522	49328583	LINE/L2	957	-	30	49328552	61336
chr12	64356142	64556142	harbor1	chr12	64380402	64380947	LINE/L2	621	-	272	64380674	24532
chr12	116778966	116978966	harbor1	chr12	116814200	116814605	LINE/L2	1038	-	202	116814402	35436
chr12	21362986	21562986	harbor1	chr12	21407145	21407518	LINE/L2	776	-	186	21407331	44345
chr12	21362986	21562986	harbor1	chr12	21407837	21408012	LINE/L2	776	-	88	21407925	44939
chr12	110180537	110380537	harbor1	chr12	110240588	110240633	LINE/L2	622	-	22	110240610	60073
chr12	110180537	110380537	harbor1	chr12	110240920	110241226	LINE/L2	622	-	153	110241073	60536
chr12	49248183	49448183	harbor1	chr12	49253112	49253519	LINE/L2	980	-	204	49253316	5133
chr12	49248183	49448183	harbor1	chr12	49301789	49302188	LINE/L2	855	-	200	49301989	53806
chr12	49248183	49448183	harbor1	chr12	49327611	49328214	LINE/L2	1393	-	302	49327913	79730
chr12	49248183	49448183	harbor1	chr12	49328522	49328583	LINE/L2	957	-	30	49328552	80369
chr12	57101715	57301715	harbor1	chr12	57157133	57157329	LINE/L2	1017	-	98	57157231	55516
chr12	57101715	57301715	harbor1	chr12	57157640	57158104	LINE/L2	1017	-	232	57157872	56157
chr12	57101715	57301715	harbor1	chr12	57164803	57165142	LINE/L2	857	-	170	57164973	63258
chr12	57101715	57301715	harbor1	chr12	57196363	57196831	LINE/L2	1021	-	234	57196597	94882
chr12	64356143	64556143	harbor1	chr12	64380402	64380947	LINE/L2	621	-	272	64380674	24531
chr12	49267229	49467229	harbor1	chr12	49301789	49302188	LINE/L2	855	-	200	49301989	34760
chr12	49267229	49467229	harbor1	chr12	49327611	49328214	LINE/L2	1393	-	302	49327913	60684
chr12	49267229	49467229	harbor1	chr12	49328522	49328583	LINE/L2	957	-	30	49328552	61323
chr12	102336329	102536329	harbor1	chr12	102352092	102353053	LINE/L2	1407	-	480	102352572	16243
chr12	49267285	49467285	harbor1	chr12	49301789	49302188	LINE/L2	855	-	200	49301989	34704
chr12	49267285	49467285	harbor1	chr12	49327611	49328214	LINE/L2	1393	-	302	49327913	60628
chr12	49267285	49467285	harbor1	chr12	49328522	49328583	LINE/L2	957	-	30	49328552	61267
chr12	56840310	57040310	harbor1	chr12	56932688	56932883	LINE/L2	792	-	98	56932786	92476
chr12	49267269	49467269	harbor1	chr12	49301789	49302188	LINE/L2	855	-	200	49301989	34720
chr12	49267269	49467269	harbor1	chr12	49327611	49328214	LINE/L2	1393	-	302	49327913	60644
chr12	49267269	49467269	harbor1	chr12	49328522	49328583	LINE/L2	957	-	30	49328552	61283
chr12	57101591	57301591	harbor1	chr12	57157133	57157329	LINE/L2	1017	-	98	57157231	55640
chr12	57101591	57301591	harbor1	chr12	57157640	57158104	LINE/L2	1017	-	232	57157872	56281
chr12	57101591	57301591	harbor1	chr12	57164803	57165142	LINE/L2	857	-	170	57164973	63382
chr12	57101591	57301591	harbor1	chr12	57196363	57196831	LINE/L2	1021	-	234	57196597	95006
chr12	120657977	120857977	harbor1	chr12	120670838	120671127	LINE/L2	788	-	144	120670982	13005
chr12	120657977	120857977	harbor1	chr12	120671389	120671550	LINE/L2	788	-	80	120671469	13492
chr12	120657977	120857977	harbor1	chr12	120751336	120751893	LINE/L2	639	-	278	120751614	93637
chr12	49267302	49467302	harbor1	chr12	49301789	49302188	LINE/L2	855	-	200	49301989	34687
chr12	49267302	49467302	harbor1	chr12	49327611	49328214	LINE/L2	1393	-	302	49327913	60611
chr12	49267302	49467302	harbor1	chr12	49328522	49328583	LINE/L2	957	-	30	49328552	61250
chr12	6359134	6559134	harbor1	chr12	6388925	6389360	LINE/L2	1329	-	218	6389143	30009
chr12	6863304	7063304	harbor1	chr12	6906763	6907082	LINE/L2	901	-	160	6906923	43619
chr12	6863304	7063304	harbor1	chr12	6947182	6947387	LINE/L2	1087	-	102	6947284	83980
chr12	6863304	7063304	harbor1	chr12	6947693	6947964	LINE/L2	1087	-	136	6947829	84525
chr12	92010595	92210595	harbor1	chr12	92080774	92081081	LINE/L2	851	-	154	92080928	70333
chr12	49266654	49466654	harbor1	chr12	49301789	49302188	LINE/L2	855	-	200	49301989	35335
chr12	49266654	49466654	harbor1	chr12	49327611	49328214	LINE/L2	1393	-	302	49327913	61259
chr12	49266654	49466654	harbor1	chr12	49328522	49328583	LINE/L2	957	-	30	49328552	61898
chr12	49266812	49466812	harbor1	chr12	49301789	49302188	LINE/L2	855	-	200	49301989	35177
chr12	49266812	49466812	harbor1	chr12	49327611	49328214	LINE/L2	1393	-	302	49327913	61101
chr12	49266812	49466812	harbor1	chr12	49328522	49328583	LINE/L2	957	-	30	49328552	61740
chr12	106993251	107193251	harbor1	chr12	107037077	107037274	LINE/L2	849	-	98	107037175	43924
chr12	106993251	107193251	harbor1	chr12	107037549	107037697	LINE/L2	849	-	74	107037623	44372
chr12	106993251	107193251	harbor1	chr12	107038009	107038202	LINE/L2	849	-	96	107038105	44854
chr12	106993251	107193251	harbor1	chr12	107052356	107053043	LINE/L2	861	-	344	107052700	59449
chr12	106993251	107193251	harbor1	chr12	107075670	107076193	LINE/L2	1000	-	262	107075932	82681
chr12	106993251	107193251	harbor1	chr12	107079772	107081152	LINE/L2	730	-	690	107080462	87211
chr12	21402089	21602089	harbor1	chr12	21407145	21407518	LINE/L2	776	-	186	21407331	5242
chr12	21402089	21602089	harbor1	chr12	21407837	21408012	LINE/L2	776	-	88	21407925	5836
chr12	21402089	21602089	harbor1	chr12	21480112	21480506	LINE/L2	768	-	197	21480309	78220
chr12	6862158	7062158	harbor1	chr12	6906763	6907082	LINE/L2	901	-	160	6906923	44765
chr12	6862158	7062158	harbor1	chr12	6947182	6947387	LINE/L2	1087	-	102	6947284	85126
chr12	6862158	7062158	harbor1	chr12	6947693	6947964	LINE/L2	1087	-	136	6947829	85671
chr12	6863268	7063268	harbor1	chr12	6906763	6907082	LINE/L2	901	-	160	6906923	43655
chr12	6863268	7063268	harbor1	chr12	6947182	6947387	LINE/L2	1087	-	102	6947284	84016
chr12	6863268	7063268	harbor1	chr12	6947693	6947964	LINE/L2	1087	-	136	6947829	84561
chr12	49267225	49467225	harbor1	chr12	49301789	49302188	LINE/L2	855	-	200	49301989	34764
chr12	49267225	49467225	harbor1	chr12	49327611	49328214	LINE/L2	1393	-	302	49327913	60688
chr12	49267225	49467225	harbor1	chr12	49328522	49328583	LINE/L2	957	-	30	49328552	61327
chr12	6862769	7062769	harbor1	chr12	6906763	6907082	LINE/L2	901	-	160	6906923	44154
chr12	6862769	7062769	harbor1	chr12	6947182	6947387	LINE/L2	1087	-	102	6947284	84515
chr12	6862769	7062769	harbor1	chr12	6947693	6947964	LINE/L2	1087	-	136	6947829	85060
chr13	48135005	48335005	harbor1	chr13	48141351	48141691	LINE/L2	772	-	170	48141521	6516
chr13	48135005	48335005	harbor1	chr13	48141984	48142162	LINE/L2	772	-	89	48142073	7068
chr13	72959646	73159646	harbor1	chr13	72979500	72979641	LINE/L2	551	-	70	72979570	19924
chr13	72959646	73159646	harbor1	chr13	72979944	72980513	LINE/L2	551	-	284	72980228	20582
chr13	72959646	73159646	harbor1	chr13	72980831	72980963	LINE/L2	551	-	66	72980897	21251
chr13	72959646	73159646	harbor1	chr13	72981279	72981587	LINE/L2	551	-	154	72981433	21787
chr13	72959646	73159646	harbor1	chr13	73008508	73008692	LINE/L2	624	-	92	73008600	48954
chr13	75381986	75581986	harbor1	chr13	75412899	75413111	LINE/L2	461	-	106	75413005	31019
chr13	72959141	73159141	harbor1	chr13	72979500	72979641	LINE/L2	551	-	70	72979570	20429
chr13	72959141	73159141	harbor1	chr13	72979944	72980513	LINE/L2	551	-	284	72980228	21087
chr13	72959141	73159141	harbor1	chr13	72980831	72980963	LINE/L2	551	-	66	72980897	21756
chr13	72959141	73159141	harbor1	chr13	72981279	72981587	LINE/L2	551	-	154	72981433	22292
chr13	72959141	73159141	harbor1	chr13	73008508	73008692	LINE/L2	624	-	92	73008600	49459
chr13	100413825	100613825	harbor1	chr13	100442586	100443162	LINE/L2	609	-	288	100442874	29049
chr13	100413825	100613825	harbor1	chr13	100496656	100496924	LINE/L2	504	-	134	100496790	82965
chr13	19764706	19964706	harbor1	chr13	19828521	19828863	LINE/L2	738	-	171	19828692	63986
chr13	109947746	110147746	harbor1	chr13	109969786	109970368	LINE/L2	631	-	291	109970077	22331
chr14	52595151	52795151	harbor1	chr14	52640059	52640468	LINE/L2	725	-	204	52640263	45112
chr14	67141304	67341304	harbor1	chr14	67184274	67185093	LINE/L2	669	-	410	67184684	43380
chr14	67141304	67341304	harbor1	chr14	67209137	67209458	LINE/L2	735	-	160	67209297	67993
chr14	67141304	67341304	harbor1	chr14	67233643	67234011	LINE/L2	1209	-	184	67233827	92523
chr14	67141304	67341304	harbor1	chr14	67234232	67234543	LINE/L2	713	-	156	67234388	93084
chr14	67141322	67341322	harbor1	chr14	67184274	67185093	LINE/L2	669	-	410	67184684	43362
chr14	67141322	67341322	harbor1	chr14	67209137	67209458	LINE/L2	735	-	160	67209297	67975
chr14	67141322	67341322	harbor1	chr14	67233643	67234011	LINE/L2	1209	-	184	67233827	92505
chr14	67141322	67341322	harbor1	chr14	67234232	67234543	LINE/L2	713	-	156	67234388	93066
chr14	75885958	76085958	harbor1	chr14	75901803	75902048	LINE/L2	542	-	122	75901925	15967
chr14	75885958	76085958	harbor1	chr14	75946593	75947180	LINE/L2	808	-	294	75946887	60929
chr14	75885958	76085958	harbor1	chr14	75983475	75983657	LINE/L2	830	-	91	75983566	97608
chr14	75885958	76085958	harbor1	chr14	75983953	75984061	LINE/L2	830	-	54	75984007	98049
chr14	104092901	104292901	harbor1	chr14	104131780	104132023	LINE/L2	905	-	122	104131902	39001
chr14	104092901	104292901	harbor1	chr14	104132315	104132497	LINE/L2	905	-	91	104132406	39505
chr14	67140883	67340883	harbor1	chr14	67184274	67185093	LINE/L2	669	-	410	67184684	43801
chr14	67140883	67340883	harbor1	chr14	67209137	67209458	LINE/L2	735	-	160	67209297	68414
chr14	67140883	67340883	harbor1	chr14	67233643	67234011	LINE/L2	1209	-	184	67233827	92944
chr14	67140883	67340883	harbor1	chr14	67234232	67234543	LINE/L2	713	-	156	67234388	93505
chr14	75327880	75527880	harbor1	chr14	75329278	75329619	LINE/L2	436	-	170	75329448	1568
chr14	75327880	75527880	harbor1	chr14	75330425	75331046	LINE/L2	754	-	310	75330735	2855
chr14	75327880	75527880	harbor1	chr14	75331031	75331070	LINE/L2	456	-	20	75331051	3171
chr14	75327880	75527880	harbor1	chr14	75331373	75331671	LINE/L2	456	-	149	75331522	3642
chr14	75327880	75527880	harbor1	chr14	75395643	75396079	LINE/L2	630	-	218	75395861	67981
chr14	67141305	67341305	harbor1	chr14	67184274	67185093	LINE/L2	669	-	410	67184684	43379
chr14	67141305	67341305	harbor1	chr14	67209137	67209458	LINE/L2	735	-	160	67209297	67992
chr14	67141305	67341305	harbor1	chr14	67233643	67234011	LINE/L2	1209	-	184	67233827	92522
chr14	67141305	67341305	harbor1	chr14	67234232	67234543	LINE/L2	713	-	156	67234388	93083
chr14	90164299	90364299	harbor1	chr14	90194394	90194588	LINE/L2	435	-	97	90194491	30192
chr14	90164299	90364299	harbor1	chr14	90257174	90257580	LINE/L2	749	-	203	90257377	93078
chr14	75328395	75528395	harbor1	chr14	75329278	75329619	LINE/L2	436	-	170	75329448	1053
chr14	75328395	75528395	harbor1	chr14	75330425	75331046	LINE/L2	754	-	310	75330735	2340
chr14	75328395	75528395	harbor1	chr14	75331031	75331070	LINE/L2	456	-	20	75331051	2656
chr14	75328395	75528395	harbor1	chr14	75331373	75331671	LINE/L2	456	-	149	75331522	3127
chr14	75328395	75528395	harbor1	chr14	75395643	75396079	LINE/L2	630	-	218	75395861	67466
chr14	75328436	75528436	harbor1	chr14	75329278	75329619	LINE/L2	436	-	170	75329448	1012
chr14	75328436	75528436	harbor1	chr14	75330425	75331046	LINE/L2	754	-	310	75330735	2299
chr14	75328436	75528436	harbor1	chr14	75331031	75331070	LINE/L2	456	-	20	75331051	2615
chr14	75328436	75528436	harbor1	chr14	75331373	75331671	LINE/L2	456	-	149	75331522	3086
chr14	75328436	75528436	harbor1	chr14	75395643	75396079	LINE/L2	630	-	218	75395861	67425
chr14	104092915	104292915	harbor1	chr14	104131780	104132023	LINE/L2	905	-	122	104131902	38987
chr14	104092915	104292915	harbor1	chr14	104132315	104132497	LINE/L2	905	-	91	104132406	39491
chr14	104092837	104292837	harbor1	chr14	104131780	104132023	LINE/L2	905	-	122	104131902	39065
chr14	104092837	104292837	harbor1	chr14	104132315	104132497	LINE/L2	905	-	91	104132406	39569
chr14	104092866	104292866	harbor1	chr14	104131780	104132023	LINE/L2	905	-	122	104131902	39036
chr14	104092866	104292866	harbor1	chr14	104132315	104132497	LINE/L2	905	-	91	104132406	39540
chr14	75328363	75528363	harbor1	chr14	75329278	75329619	LINE/L2	436	-	170	75329448	1085
chr14	75328363	75528363	harbor1	chr14	75330425	75331046	LINE/L2	754	-	310	75330735	2372
chr14	75328363	75528363	harbor1	chr14	75331031	75331070	LINE/L2	456	-	20	75331051	2688
chr14	75328363	75528363	harbor1	chr14	75331373	75331671	LINE/L2	456	-	149	75331522	3159
chr14	75328363	75528363	harbor1	chr14	75395643	75396079	LINE/L2	630	-	218	75395861	67498
chr14	67140875	67340875	harbor1	chr14	67184274	67185093	LINE/L2	669	-	410	67184684	43809
chr14	67140875	67340875	harbor1	chr14	67209137	67209458	LINE/L2	735	-	160	67209297	68422
chr14	67140875	67340875	harbor1	chr14	67233643	67234011	LINE/L2	1209	-	184	67233827	92952
chr14	67140875	67340875	harbor1	chr14	67234232	67234543	LINE/L2	713	-	156	67234388	93513
chr14	66148048	66348048	harbor1	chr14	66159358	66159714	LINE/L2	658	-	178	66159536	11488
chr14	66148048	66348048	harbor1	chr14	66160484	66161068	LINE/L2	851	-	292	66160776	12728
chr14	104092842	104292842	harbor1	chr14	104131780	104132023	LINE/L2	905	-	122	104131902	39060
chr14	104092842	104292842	harbor1	chr14	104132315	104132497	LINE/L2	905	-	91	104132406	39564
chr14	81174155	81374155	harbor1	chr14	81235780	81235928	LINE/L2	1261	-	74	81235854	61699
chr14	81174155	81374155	harbor1	chr14	81237578	81237763	LINE/L2	1261	-	92	81237670	63515
chr14	81174155	81374155	harbor1	chr14	81238208	81238651	LINE/L2	1261	-	222	81238430	64275
chr14	21337415	21537415	harbor1	chr14	21339767	21340165	LINE/L2	634	-	199	21339966	2551
chr14	88923334	89123334	harbor1	chr14	88956422	88956622	LINE/L2	435	-	100	88956522	33188
chr14	88923334	89123334	harbor1	chr14	88960104	88960390	LINE/L2	546	-	143	88960247	36913
chr14	88923334	89123334	harbor1	chr14	88982185	88983267	LINE/L2	556	-	541	88982726	59392
chr14	88923334	89123334	harbor1	chr14	89004988	89005069	LINE/L2	1255	-	40	89005028	81694
chr14	88923334	89123334	harbor1	chr14	89005430	89005773	LINE/L2	1255	-	172	89005602	82268
chr14	23252014	23452014	harbor1	chr14	23314510	23314793	LINE/L2	776	-	142	23314652	62638
chr14	23252014	23452014	harbor1	chr14	23322795	23322962	LINE/L2	540	-	84	23322879	70865
chr14	103611773	103811773	harbor1	chr14	103634381	103634692	LINE/L2	461	-	156	103634537	22764
chr14	74822554	75022554	harbor1	chr14	74829649	74830318	LINE/L2	831	-	334	74829983	7429
chr14	74822554	75022554	harbor1	chr14	74865228	74865477	LINE/L2	487	-	124	74865352	42798
chr14	74822554	75022554	harbor1	chr14	74866849	74867112	LINE/L2	929	-	132	74866981	44427
chr14	74822554	75022554	harbor1	chr14	74879611	74879936	LINE/L2	441	-	162	74879773	57219
chr14	74822554	75022554	harbor1	chr14	74883818	74884230	LINE/L2	530	-	206	74884024	61470
chr14	23452131	23652131	harbor1	chr14	23508288	23508545	LINE/L2	1109	-	128	23508416	56285
chr14	23452131	23652131	harbor1	chr14	23508858	23509059	LINE/L2	1109	-	100	23508958	56827
chr14	24047207	24247207	harbor1	chr14	24087666	24087794	LINE/L2	522	-	64	24087730	40523
chr14	24047207	24247207	harbor1	chr14	24089629	24090200	LINE/L2	849	-	286	24089915	42708
chr14	67500240	67700240	harbor1	chr14	67584665	67584952	LINE/L2	575	-	144	67584809	84569
chr14	76928821	77128821	harbor1	chr14	76962286	76962610	LINE/L2	621	-	162	76962448	33627
chr14	76928821	77128821	harbor1	chr14	76993966	76994059	LINE/L2	633	-	46	76994012	65191
chr14	76928821	77128821	harbor1	chr14	76994361	76994460	LINE/L2	633	-	50	76994411	65590
chr14	76928821	77128821	harbor1	chr14	76955627	76955901	LINE/L2	721	-	137	76955764	26943
chr14	104092843	104292843	harbor1	chr14	104131780	104132023	LINE/L2	905	-	122	104131902	39059
chr14	104092843	104292843	harbor1	chr14	104132315	104132497	LINE/L2	905	-	91	104132406	39563
chr14	94074221	94274221	harbor1	chr14	94097550	94098124	LINE/L2	981	-	287	94097837	23616
chr14	94074221	94274221	harbor1	chr14	94098996	94099472	LINE/L2	548	-	238	94099234	25013
chr14	94074221	94274221	harbor1	chr14	94100044	94100249	LINE/L2	464	-	102	94100146	25925
chr14	94074221	94274221	harbor1	chr14	94163684	94163791	LINE/L2	429	-	54	94163738	89517
chr14	94074221	94274221	harbor1	chr14	94166418	94166627	LINE/L2	1532	-	104	94166522	92301
chr14	94074221	94274221	harbor1	chr14	94166985	94167243	LINE/L2	1532	-	129	94167114	92893
chr14	94074221	94274221	harbor1	chr14	94167501	94167647	LINE/L2	456	-	73	94167574	93353
chr14	104092878	104292878	harbor1	chr14	104131780	104132023	LINE/L2	905	-	122	104131902	39024
chr14	104092878	104292878	harbor1	chr14	104132315	104132497	LINE/L2	905	-	91	104132406	39528
chr14	74300576	74500576	harbor1	chr14	74315560	74315714	LINE/L2	1130	-	77	74315637	15061
chr14	74300576	74500576	harbor1	chr14	74316140	74316235	LINE/L2	1130	-	48	74316188	15612
chr14	74300576	74500576	harbor1	chr14	74316540	74316631	LINE/L2	1130	-	46	74316586	16010
chr14	74300576	74500576	harbor1	chr14	74316934	74317249	LINE/L2	1130	-	158	74317092	16516
chr14	74300576	74500576	harbor1	chr14	74394637	74395022	LINE/L2	822	-	192	74394829	94253
chr14	74300576	74500576	harbor1	chr14	74396982	74397352	LINE/L2	522	-	185	74397167	96591
chr14	24047697	24247697	harbor1	chr14	24087666	24087794	LINE/L2	522	-	64	24087730	40033
chr14	24047697	24247697	harbor1	chr14	24089629	24090200	LINE/L2	849	-	286	24089915	42218
chr14	75327097	75527097	harbor1	chr14	75329278	75329619	LINE/L2	436	-	170	75329448	2351
chr14	75327097	75527097	harbor1	chr14	75330425	75331046	LINE/L2	754	-	310	75330735	3638
chr14	75327097	75527097	harbor1	chr14	75331031	75331070	LINE/L2	456	-	20	75331051	3954
chr14	75327097	75527097	harbor1	chr14	75331373	75331671	LINE/L2	456	-	149	75331522	4425
chr14	75327097	75527097	harbor1	chr14	75395643	75396079	LINE/L2	630	-	218	75395861	68764
chr14	76928851	77128851	harbor1	chr14	76962286	76962610	LINE/L2	621	-	162	76962448	33597
chr14	76928851	77128851	harbor1	chr14	76993966	76994059	LINE/L2	633	-	46	76994012	65161
chr14	76928851	77128851	harbor1	chr14	76994361	76994460	LINE/L2	633	-	50	76994411	65560
chr14	76928851	77128851	harbor1	chr14	76955627	76955901	LINE/L2	721	-	137	76955764	26913
chr14	21308274	21508274	harbor1	chr14	21339767	21340165	LINE/L2	634	-	199	21339966	31692
chr14	76928811	77128811	harbor1	chr14	76962286	76962610	LINE/L2	621	-	162	76962448	33637
chr14	76928811	77128811	harbor1	chr14	76993966	76994059	LINE/L2	633	-	46	76994012	65201
chr14	76928811	77128811	harbor1	chr14	76994361	76994460	LINE/L2	633	-	50	76994411	65600
chr14	76928811	77128811	harbor1	chr14	76955627	76955901	LINE/L2	721	-	137	76955764	26953
chr14	76928796	77128796	harbor1	chr14	76962286	76962610	LINE/L2	621	-	162	76962448	33652
chr14	76928796	77128796	harbor1	chr14	76993966	76994059	LINE/L2	633	-	46	76994012	65216
chr14	76928796	77128796	harbor1	chr14	76994361	76994460	LINE/L2	633	-	50	76994411	65615
chr14	76928796	77128796	harbor1	chr14	76955627	76955901	LINE/L2	721	-	137	76955764	26968
chr14	51140268	51340268	harbor1	chr14	51141443	51141700	LINE/L2	534	-	128	51141571	1303
chr14	51140268	51340268	harbor1	chr14	51227268	51227414	LINE/L2	959	-	73	51227341	87073
chr14	51140268	51340268	harbor1	chr14	51227624	51228030	LINE/L2	959	-	203	51227827	87559
chr14	51140268	51340268	harbor1	chr14	51230600	51231262	LINE/L2	522	-	331	51230931	90663
chr14	51140268	51340268	harbor1	chr14	51237917	51238184	LINE/L2	754	-	134	51238051	97783
chr14	51140268	51340268	harbor1	chr14	51238644	51239172	LINE/L2	754	-	264	51238908	98640
chr14	76928421	77128421	harbor1	chr14	76962286	76962610	LINE/L2	621	-	162	76962448	34027
chr14	76928421	77128421	harbor1	chr14	76993966	76994059	LINE/L2	633	-	46	76994012	65591
chr14	76928421	77128421	harbor1	chr14	76994361	76994460	LINE/L2	633	-	50	76994411	65990
chr14	76928421	77128421	harbor1	chr14	76955627	76955901	LINE/L2	721	-	137	76955764	27343
chr14	23249324	23449324	harbor1	chr14	23314510	23314793	LINE/L2	776	-	142	23314652	65328
chr14	23249324	23449324	harbor1	chr14	23322795	23322962	LINE/L2	540	-	84	23322879	73555
chr14	104092922	104292922	harbor1	chr14	104131780	104132023	LINE/L2	905	-	122	104131902	38980
chr14	104092922	104292922	harbor1	chr14	104132315	104132497	LINE/L2	905	-	91	104132406	39484
chr14	104091588	104291588	harbor1	chr14	104131780	104132023	LINE/L2	905	-	122	104131902	40314
chr14	104091588	104291588	harbor1	chr14	104132315	104132497	LINE/L2	905	-	91	104132406	40818
chr14	103421746	103621746	harbor1	chr14	103505281	103505739	LINE/L2	1210	-	229	103505510	83764
chr14	103421746	103621746	harbor1	chr14	103506033	103506213	LINE/L2	1210	-	90	103506123	84377
chr14	100032741	100232741	harbor1	chr14	100068002	100068726	LINE/L2	871	-	362	100068364	35623
chr14	100032741	100232741	harbor1	chr14	100098014	100098466	LINE/L2	607	-	226	100098240	65499
chr14	100032741	100232741	harbor1	chr14	100112891	100113186	LINE/L2	603	-	148	100113039	80298
chr14	100032741	100232741	harbor1	chr14	100127004	100127287	LINE/L2	469	-	142	100127146	94405
chr14	76928813	77128813	harbor1	chr14	76962286	76962610	LINE/L2	621	-	162	76962448	33635
chr14	76928813	77128813	harbor1	chr14	76993966	76994059	LINE/L2	633	-	46	76994012	65199
chr14	76928813	77128813	harbor1	chr14	76994361	76994460	LINE/L2	633	-	50	76994411	65598
chr14	76928813	77128813	harbor1	chr14	76955627	76955901	LINE/L2	721	-	137	76955764	26951
chr14	76928830	77128830	harbor1	chr14	76962286	76962610	LINE/L2	621	-	162	76962448	33618
chr14	76928830	77128830	harbor1	chr14	76993966	76994059	LINE/L2	633	-	46	76994012	65182
chr14	76928830	77128830	harbor1	chr14	76994361	76994460	LINE/L2	633	-	50	76994411	65581
chr14	76928830	77128830	harbor1	chr14	76955627	76955901	LINE/L2	721	-	137	76955764	26934
chr14	102040503	102240503	harbor1	chr14	102105236	102105630	LINE/L2	431	-	197	102105433	64930
chr14	67141315	67341315	harbor1	chr14	67184274	67185093	LINE/L2	669	-	410	67184684	43369
chr14	67141315	67341315	harbor1	chr14	67209137	67209458	LINE/L2	735	-	160	67209297	67982
chr14	67141315	67341315	harbor1	chr14	67233643	67234011	LINE/L2	1209	-	184	67233827	92512
chr14	67141315	67341315	harbor1	chr14	67234232	67234543	LINE/L2	713	-	156	67234388	93073
chr14	54681742	54881742	harbor1	chr14	54693739	54694619	LINE/L2	1714	-	440	54694179	12437
chr14	54681742	54881742	harbor1	chr14	54707432	54708790	LINE/L2	2915	-	679	54708111	26369
chr14	54681742	54881742	harbor1	chr14	54741713	54742401	LINE/L2	442	-	344	54742057	60315
chr14	24047761	24247761	harbor1	chr14	24087666	24087794	LINE/L2	522	-	64	24087730	39969
chr14	24047761	24247761	harbor1	chr14	24089629	24090200	LINE/L2	849	-	286	24089915	42154
chr14	103423069	103623069	harbor1	chr14	103505281	103505739	LINE/L2	1210	-	229	103505510	82441
chr14	103423069	103623069	harbor1	chr14	103506033	103506213	LINE/L2	1210	-	90	103506123	83054
chr14	69876011	70076011	harbor1	chr14	69900354	69900464	LINE/L2	430	-	55	69900409	24398
chr14	69876011	70076011	harbor1	chr14	69905098	69905924	LINE/L2	816	-	413	69905511	29500
chr14	69876011	70076011	harbor1	chr14	69920552	69920894	LINE/L2	739	-	171	69920723	44712
chr14	69876011	70076011	harbor1	chr14	69944050	69944388	LINE/L2	505	-	169	69944219	68208
chr14	69876011	70076011	harbor1	chr14	69974083	69974711	LINE/L2	476	-	314	69974397	98386
chr14	22776770	22976770	harbor1	chr14	22802972	22803137	LINE/L2	675	-	82	22803054	26284
chr14	22776770	22976770	harbor1	chr14	22803438	22803727	LINE/L2	675	-	144	22803582	26812
chr14	22776770	22976770	harbor1	chr14	22856015	22856570	LINE/L2	1548	-	278	22856293	79523
chr14	21306992	21506992	harbor1	chr14	21339767	21340165	LINE/L2	634	-	199	21339966	32974
chr14	103423052	103623052	harbor1	chr14	103505281	103505739	LINE/L2	1210	-	229	103505510	82458
chr14	103423052	103623052	harbor1	chr14	103506033	103506213	LINE/L2	1210	-	90	103506123	83071
chr14	102396870	102596870	harbor1	chr14	102417986	102418228	LINE/L2	450	-	121	102418107	21237
chr14	24047716	24247716	harbor1	chr14	24087666	24087794	LINE/L2	522	-	64	24087730	40014
chr14	24047716	24247716	harbor1	chr14	24089629	24090200	LINE/L2	849	-	286	24089915	42199
chr14	104000741	104200741	harbor1	chr14	104039414	104039652	LINE/L2	482	-	119	104039533	38792
chr14	104000741	104200741	harbor1	chr14	104054659	104054907	LINE/L2	525	-	124	104054783	54042
chr14	21335960	21535960	harbor1	chr14	21339767	21340165	LINE/L2	634	-	199	21339966	4006
chr14	104092851	104292851	harbor1	chr14	104131780	104132023	LINE/L2	905	-	122	104131902	39051
chr14	104092851	104292851	harbor1	chr14	104132315	104132497	LINE/L2	905	-	91	104132406	39555
chr14	91474368	91674368	harbor1	chr14	91485040	91485465	LINE/L2	606	-	212	91485252	10884
chr14	75328380	75528380	harbor1	chr14	75329278	75329619	LINE/L2	436	-	170	75329448	1068
chr14	75328380	75528380	harbor1	chr14	75330425	75331046	LINE/L2	754	-	310	75330735	2355
chr14	75328380	75528380	harbor1	chr14	75331031	75331070	LINE/L2	456	-	20	75331051	2671
chr14	75328380	75528380	harbor1	chr14	75331373	75331671	LINE/L2	456	-	149	75331522	3142
chr14	75328380	75528380	harbor1	chr14	75395643	75396079	LINE/L2	630	-	218	75395861	67481
chr14	93926565	94126565	harbor1	chr14	93965208	93965324	LINE/L2	572	-	58	93965266	38701
chr14	93926565	94126565	harbor1	chr14	93991524	93991916	LINE/L2	577	-	196	93991720	65155
chr14	93926565	94126565	harbor1	chr14	94020704	94020916	LINE/L2	474	-	106	94020810	94245
chr14	103423043	103623043	harbor1	chr14	103505281	103505739	LINE/L2	1210	-	229	103505510	82467
chr14	103423043	103623043	harbor1	chr14	103506033	103506213	LINE/L2	1210	-	90	103506123	83080
chr14	67499989	67699989	harbor1	chr14	67584665	67584952	LINE/L2	575	-	144	67584809	84820
chr14	104015415	104215415	harbor1	chr14	104039414	104039652	LINE/L2	482	-	119	104039533	24118
chr14	104015415	104215415	harbor1	chr14	104054659	104054907	LINE/L2	525	-	124	104054783	39368
chr14	76925476	77125476	harbor1	chr14	76962286	76962610	LINE/L2	621	-	162	76962448	36972
chr14	76925476	77125476	harbor1	chr14	76993966	76994059	LINE/L2	633	-	46	76994012	68536
chr14	76925476	77125476	harbor1	chr14	76994361	76994460	LINE/L2	633	-	50	76994411	68935
chr14	76925476	77125476	harbor1	chr14	76955627	76955901	LINE/L2	721	-	137	76955764	30288
chr14	101439534	101639534	harbor1	chr14	101483154	101483383	LINE/L2	447	-	114	101483268	43734
chr14	101439534	101639534	harbor1	chr14	101489634	101489869	LINE/L2	500	-	118	101489752	50218
chr14	101439534	101639534	harbor1	chr14	101490287	101490929	LINE/L2	689	-	321	101490608	51074
chr14	101439534	101639534	harbor1	chr14	101503936	101504637	LINE/L2	631	-	350	101504286	64752
chr15	29169912	29369912	harbor1	chr15	29230510	29231024	LINE/L2	900	-	257	29230767	60855
chr15	67421734	67621734	harbor1	chr15	67430726	67430852	LINE/L2	480	-	63	67430789	9055
chr15	67421734	67621734	harbor1	chr15	67491842	67491983	LINE/L2	479	-	70	67491912	70178
chr15	67421734	67621734	harbor1	chr15	67513860	67513996	LINE/L2	649	-	68	67513928	92194
chr15	67104316	67304316	harbor1	chr15	67118987	67119501	LINE/L2	584	-	257	67119244	14928
chr15	67104316	67304316	harbor1	chr15	67185146	67185510	LINE/L2	467	-	182	67185328	81012
chr15	101843670	102043670	harbor1	chr15	101864618	101864884	LINE/L2	579	-	133	101864751	21081
chr15	101843670	102043670	harbor1	chr15	101935151	101936041	LINE/L2	581	-	445	101935596	91926
chr15	101843670	102043670	harbor1	chr15	101936174	101936480	LINE/L2	536	-	153	101936327	92657
chr15	45029576	45229576	harbor1	chr15	45123055	45123163	LINE/L2	437	-	54	45123109	93533
chr15	67421817	67621817	harbor1	chr15	67430726	67430852	LINE/L2	480	-	63	67430789	8972
chr15	67421817	67621817	harbor1	chr15	67491842	67491983	LINE/L2	479	-	70	67491912	70095
chr15	67421817	67621817	harbor1	chr15	67513860	67513996	LINE/L2	649	-	68	67513928	92111
chr15	101728928	101928928	harbor1	chr15	101792202	101792339	LINE/L2	852	-	68	101792270	63342
chr15	101728928	101928928	harbor1	chr15	101792647	101793274	LINE/L2	852	-	314	101792961	64033
chr15	31770716	31970716	harbor1	chr15	31775305	31775603	LINE/L2	545	-	149	31775454	4738
chr15	31770716	31970716	harbor1	chr15	31782334	31783176	LINE/L2	759	-	421	31782755	12039
chr15	31770716	31970716	harbor1	chr15	31794552	31794693	LINE/L2	501	-	70	31794622	23906
chr15	67421798	67621798	harbor1	chr15	67430726	67430852	LINE/L2	480	-	63	67430789	8991
chr15	67421798	67621798	harbor1	chr15	67491842	67491983	LINE/L2	479	-	70	67491912	70114
chr15	67421798	67621798	harbor1	chr15	67513860	67513996	LINE/L2	649	-	68	67513928	92130
chr15	32599301	32799301	harbor1	chr15	32622837	32623263	LINE/L2	882	-	213	32623050	23749
chr15	32599301	32799301	harbor1	chr15	32645379	32645660	LINE/L2	444	-	140	32645519	46218
chr15	32599301	32799301	harbor1	chr15	32651708	32652567	LINE/L2	507	-	430	32652138	52837
chr15	67421805	67621805	harbor1	chr15	67430726	67430852	LINE/L2	480	-	63	67430789	8984
chr15	67421805	67621805	harbor1	chr15	67491842	67491983	LINE/L2	479	-	70	67491912	70107
chr15	67421805	67621805	harbor1	chr15	67513860	67513996	LINE/L2	649	-	68	67513928	92123
chr15	66786957	66986957	harbor1	chr15	66843247	66843620	LINE/L2	794	-	186	66843433	56476
chr15	66786957	66986957	harbor1	chr15	66845121	66845559	LINE/L2	724	-	219	66845340	58383
chr15	25339171	25539171	harbor1	chr15	25394830	25395144	LINE/L2	411	-	157	25394987	55816
chr15	25339171	25539171	harbor1	chr15	25395174	25395745	LINE/L2	1161	-	286	25395460	56289
chr15	67421688	67621688	harbor1	chr15	67430726	67430852	LINE/L2	480	-	63	67430789	9101
chr15	67421688	67621688	harbor1	chr15	67491842	67491983	LINE/L2	479	-	70	67491912	70224
chr15	67421688	67621688	harbor1	chr15	67513860	67513996	LINE/L2	649	-	68	67513928	92240
chr15	100817738	101017738	harbor1	chr15	100869822	100870110	LINE/L2	491	-	144	100869966	52228
chr15	100817738	101017738	harbor1	chr15	100911517	100911639	LINE/L2	485	-	61	100911578	93840
chr15	67421773	67621773	harbor1	chr15	67430726	67430852	LINE/L2	480	-	63	67430789	9016
chr15	67421773	67621773	harbor1	chr15	67491842	67491983	LINE/L2	479	-	70	67491912	70139
chr15	67421773	67621773	harbor1	chr15	67513860	67513996	LINE/L2	649	-	68	67513928	92155
chr15	101861558	102061558	harbor1	chr15	101864618	101864884	LINE/L2	579	-	133	101864751	3193
chr15	101861558	102061558	harbor1	chr15	101935151	101936041	LINE/L2	581	-	445	101935596	74038
chr15	101861558	102061558	harbor1	chr15	101936174	101936480	LINE/L2	536	-	153	101936327	74769
chr15	101861558	102061558	harbor1	chr15	101950336	101950658	LINE/L2	753	-	161	101950497	88939
chr15	101861558	102061558	harbor1	chr15	101952735	101952907	LINE/L2	586	-	86	101952821	91263
chr15	34109577	34309577	harbor1	chr15	34147519	34147827	LINE/L2	718	-	154	34147673	38096
chr15	34109577	34309577	harbor1	chr15	34205742	34205859	LINE/L2	460	-	58	34205800	96223
chr15	29944821	30144821	harbor1	chr15	29966601	29966834	LINE/L2	711	-	116	29966717	21896
chr15	101861545	102061545	harbor1	chr15	101864618	101864884	LINE/L2	579	-	133	101864751	3206
chr15	101861545	102061545	harbor1	chr15	101935151	101936041	LINE/L2	581	-	445	101935596	74051
chr15	101861545	102061545	harbor1	chr15	101936174	101936480	LINE/L2	536	-	153	101936327	74782
chr15	101861545	102061545	harbor1	chr15	101950336	101950658	LINE/L2	753	-	161	101950497	88952
chr15	101861545	102061545	harbor1	chr15	101952735	101952907	LINE/L2	586	-	86	101952821	91276
chr15	101861594	102061594	harbor1	chr15	101864618	101864884	LINE/L2	579	-	133	101864751	3157
chr15	101861594	102061594	harbor1	chr15	101935151	101936041	LINE/L2	581	-	445	101935596	74002
chr15	101861594	102061594	harbor1	chr15	101936174	101936480	LINE/L2	536	-	153	101936327	74733
chr15	101861594	102061594	harbor1	chr15	101950336	101950658	LINE/L2	753	-	161	101950497	88903
chr15	101861594	102061594	harbor1	chr15	101952735	101952907	LINE/L2	586	-	86	101952821	91227
chr15	41799530	41999530	harbor1	chr15	41833234	41833414	LINE/L2	849	-	90	41833324	33794
chr15	41799530	41999530	harbor1	chr15	41833720	41833910	LINE/L2	849	-	95	41833815	34285
chr15	74734286	74934286	harbor1	chr15	74824674	74825013	LINE/L2	450	-	170	74824844	90558
chr15	67421706	67621706	harbor1	chr15	67430726	67430852	LINE/L2	480	-	63	67430789	9083
chr15	67421706	67621706	harbor1	chr15	67491842	67491983	LINE/L2	479	-	70	67491912	70206
chr15	67421706	67621706	harbor1	chr15	67513860	67513996	LINE/L2	649	-	68	67513928	92222
chr15	74946674	75146674	harbor1	chr15	74978515	74978649	LINE/L2	450	-	67	74978582	31908
chr15	74946674	75146674	harbor1	chr15	75014262	75014814	LINE/L2	448	-	276	75014538	67864
chr15	25338738	25538738	harbor1	chr15	25394830	25395144	LINE/L2	411	-	157	25394987	56249
chr15	25338738	25538738	harbor1	chr15	25395174	25395745	LINE/L2	1161	-	286	25395460	56722
chr15	96226959	96426959	harbor1	chr15	96251154	96251867	LINE/L2	498	-	356	96251510	24551
chr15	96226959	96426959	harbor1	chr15	96272581	96273096	LINE/L2	416	-	258	96272839	45880
chr15	38153030	38353030	harbor1	chr15	38166593	38166896	LINE/L2	491	-	152	38166745	13715
chr15	38153030	38353030	harbor1	chr15	38187460	38188089	LINE/L2	680	-	314	38187774	34744
chr15	38153030	38353030	harbor1	chr15	38211051	38211499	LINE/L2	529	-	224	38211275	58245
chr15	101854275	102054275	harbor1	chr15	101864618	101864884	LINE/L2	579	-	133	101864751	10476
chr15	101854275	102054275	harbor1	chr15	101935151	101936041	LINE/L2	581	-	445	101935596	81321
chr15	101854275	102054275	harbor1	chr15	101936174	101936480	LINE/L2	536	-	153	101936327	82052
chr15	101854275	102054275	harbor1	chr15	101950336	101950658	LINE/L2	753	-	161	101950497	96222
chr15	101854275	102054275	harbor1	chr15	101952735	101952907	LINE/L2	586	-	86	101952821	98546
chr15	67421776	67621776	harbor1	chr15	67430726	67430852	LINE/L2	480	-	63	67430789	9013
chr15	67421776	67621776	harbor1	chr15	67491842	67491983	LINE/L2	479	-	70	67491912	70136
chr15	67421776	67621776	harbor1	chr15	67513860	67513996	LINE/L2	649	-	68	67513928	92152
chr15	69999084	70199084	harbor1	chr15	70043716	70044000	LINE/L2	429	-	142	70043858	44774
chr15	74742325	74942325	harbor1	chr15	74824674	74825013	LINE/L2	450	-	170	74824844	82519
chr15	74742196	74942196	harbor1	chr15	74824674	74825013	LINE/L2	450	-	170	74824844	82648
chr15	67009819	67209819	harbor1	chr15	67011864	67011966	LINE/L2	428	-	51	67011915	2096
chr15	67009819	67209819	harbor1	chr15	67022420	67022990	LINE/L2	1775	-	285	67022705	12886
chr15	67009819	67209819	harbor1	chr15	67031054	67031327	LINE/L2	493	-	136	67031190	21371
chr15	67009819	67209819	harbor1	chr15	67053458	67053975	LINE/L2	757	-	258	67053716	43897
chr15	67009819	67209819	harbor1	chr15	67054638	67055205	LINE/L2	757	-	284	67054922	45103
chr15	45029523	45229523	harbor1	chr15	45123055	45123163	LINE/L2	437	-	54	45123109	93586
chr15	101861669	102061669	harbor1	chr15	101864618	101864884	LINE/L2	579	-	133	101864751	3082
chr15	101861669	102061669	harbor1	chr15	101935151	101936041	LINE/L2	581	-	445	101935596	73927
chr15	101861669	102061669	harbor1	chr15	101936174	101936480	LINE/L2	536	-	153	101936327	74658
chr15	101861669	102061669	harbor1	chr15	101950336	101950658	LINE/L2	753	-	161	101950497	88828
chr15	101861669	102061669	harbor1	chr15	101952735	101952907	LINE/L2	586	-	86	101952821	91152
chr15	25337980	25537980	harbor1	chr15	25394830	25395144	LINE/L2	411	-	157	25394987	57007
chr15	25337980	25537980	harbor1	chr15	25395174	25395745	LINE/L2	1161	-	286	25395460	57480
chr15	31770811	31970811	harbor1	chr15	31775305	31775603	LINE/L2	545	-	149	31775454	4643
chr15	31770811	31970811	harbor1	chr15	31782334	31783176	LINE/L2	759	-	421	31782755	11944
chr15	31770811	31970811	harbor1	chr15	31794552	31794693	LINE/L2	501	-	70	31794622	23811
chr15	41406104	41606104	harbor1	chr15	41407050	41407161	LINE/L2	443	-	56	41407106	1002
chr15	41406104	41606104	harbor1	chr15	41407402	41407550	LINE/L2	443	-	74	41407476	1372
chr15	41406104	41606104	harbor1	chr15	41425701	41425991	LINE/L2	519	-	145	41425846	19742
chr15	63405330	63605330	harbor1	chr15	63500787	63500968	LINE/L2	429	-	90	63500877	95547
chr15	20676003	20876003	harbor1	chr15	20676052	20676123	LINE/L2	913	-	36	20676088	85
chr15	20676003	20876003	harbor1	chr15	20676186	20676558	LINE/L2	913	-	186	20676372	369
chr15	20676003	20876003	harbor1	chr15	20676655	20677380	LINE/L2	800	-	362	20677017	1014
chr15	67421829	67621829	harbor1	chr15	67430726	67430852	LINE/L2	480	-	63	67430789	8960
chr15	67421829	67621829	harbor1	chr15	67491842	67491983	LINE/L2	479	-	70	67491912	70083
chr15	67421829	67621829	harbor1	chr15	67513860	67513996	LINE/L2	649	-	68	67513928	92099
chr15	34237807	34437807	harbor1	chr15	34248672	34249027	LINE/L2	436	-	178	34248850	11043
chr15	34237807	34437807	harbor1	chr15	34265239	34265548	LINE/L2	490	-	154	34265393	27586
chr15	34237807	34437807	harbor1	chr15	34265745	34265919	LINE/L2	490	-	87	34265832	28025
chr15	34237807	34437807	harbor1	chr15	34282913	34283061	LINE/L2	643	-	74	34282987	45180
chr15	34237807	34437807	harbor1	chr15	34283371	34283756	LINE/L2	643	-	192	34283563	45756
chr15	34237807	34437807	harbor1	chr15	34284048	34284231	LINE/L2	612	-	92	34284140	46333
chr15	34237807	34437807	harbor1	chr15	34284601	34285464	LINE/L2	1170	-	432	34285033	47226
chr15	34237807	34437807	harbor1	chr15	34299370	34300017	LINE/L2	651	-	324	34299694	61887
chr15	34237807	34437807	harbor1	chr15	34305476	34305664	LINE/L2	536	-	94	34305570	67763
chr15	34237807	34437807	harbor1	chr15	34325755	34325853	LINE/L2	417	-	49	34325804	87997
chr15	68960308	69160308	harbor1	chr15	69013156	69013306	LINE/L2	448	-	75	69013231	52923
chr15	68960308	69160308	harbor1	chr15	69037457	69038186	LINE/L2	495	-	364	69037821	77513
chr15	68960308	69160308	harbor1	chr15	69039005	69039418	LINE/L2	503	-	206	69039211	78903
chr15	68960308	69160308	harbor1	chr15	69044235	69044473	LINE/L2	863	-	119	69044354	84046
chr15	69999137	70199137	harbor1	chr15	70043716	70044000	LINE/L2	429	-	142	70043858	44721
chr15	100113871	100313871	harbor1	chr15	100148752	100149033	LINE/L2	581	-	140	100148892	35021
chr15	100113871	100313871	harbor1	chr15	100164398	100164470	LINE/L2	470	-	36	100164434	50563
chr15	79822730	80022730	harbor1	chr15	79843694	79844440	LINE/L2	675	-	373	79844067	21337
chr15	79822730	80022730	harbor1	chr15	79902118	79902896	LINE/L2	1114	-	389	79902507	79777
chr15	79822730	80022730	harbor1	chr15	79888157	79888798	LINE/L2	1115	-	320	79888477	65747
chr15	45073178	45273178	harbor1	chr15	45123055	45123163	LINE/L2	437	-	54	45123109	49931
chr15	45073178	45273178	harbor1	chr15	45151284	45151604	LINE/L2	543	-	160	45151444	78266
chr15	45073178	45273178	harbor1	chr15	45155117	45155282	LINE/L2	418	-	82	45155199	82021
chr15	45073178	45273178	harbor1	chr15	45159737	45159872	LINE/L2	524	-	68	45159805	86627
chr15	45073178	45273178	harbor1	chr15	45160152	45160396	LINE/L2	524	-	122	45160274	87096
chr15	74702668	74902668	harbor1	chr15	74702513	74702956	LINE/L2	669	-	222	74702735	67
chr15	74702668	74902668	harbor1	chr15	74727050	74727383	LINE/L2	796	-	166	74727216	24548
chr15	74702668	74902668	harbor1	chr15	74727700	74727737	LINE/L2	796	-	18	74727718	25050
chr15	29169385	29369385	harbor1	chr15	29230510	29231024	LINE/L2	900	-	257	29230767	61382
chr15	71630113	71830113	harbor1	chr15	71679066	71679295	LINE/L2	462	-	114	71679180	49067
chr15	71630113	71830113	harbor1	chr15	71679512	71679622	LINE/L2	462	-	55	71679567	49454
chr15	71630113	71830113	harbor1	chr15	71683344	71683622	LINE/L2	560	-	139	71683483	53370
chr15	71630113	71830113	harbor1	chr15	71724108	71724287	LINE/L2	488	-	90	71724198	94085
chr15	71630113	71830113	harbor1	chr15	71724585	71724925	LINE/L2	488	-	170	71724755	94642
chr15	71630113	71830113	harbor1	chr15	71725149	71725808	LINE/L2	1221	-	330	71725479	95366
chr15	32618868	32818868	harbor1	chr15	32622837	32623263	LINE/L2	882	-	213	32623050	4182
chr15	32618868	32818868	harbor1	chr15	32645379	32645660	LINE/L2	444	-	140	32645519	26651
chr15	32618868	32818868	harbor1	chr15	32651708	32652567	LINE/L2	507	-	430	32652138	33270
chr15	73799625	73999625	harbor1	chr15	73820706	73821063	LINE/L2	427	-	178	73820884	21259
chr15	20675994	20875994	harbor1	chr15	20676052	20676123	LINE/L2	913	-	36	20676088	94
chr15	20675994	20875994	harbor1	chr15	20676186	20676558	LINE/L2	913	-	186	20676372	378
chr15	20675994	20875994	harbor1	chr15	20676655	20677380	LINE/L2	800	-	362	20677017	1023
chr15	101623861	101823861	harbor1	chr15	101713253	101713791	LINE/L2	756	-	269	101713522	89661
chr15	73768197	73968197	harbor1	chr15	73820706	73821063	LINE/L2	427	-	178	73820884	52687
chr15	73895408	74095408	harbor1	chr15	73917883	73918212	LINE/L2	1038	-	164	73918047	22639
chr15	73895408	74095408	harbor1	chr15	73918256	73918446	LINE/L2	659	-	95	73918351	22943
chr15	73895408	74095408	harbor1	chr15	73934619	73935477	LINE/L2	1412	-	429	73935048	39640
chr15	77542617	77742617	harbor1	chr15	77565953	77566357	LINE/L2	433	-	202	77566155	23538
chr15	77542617	77742617	harbor1	chr15	77566395	77566737	LINE/L2	445	-	171	77566566	23949
chr15	77542617	77742617	harbor1	chr15	77585704	77586304	LINE/L2	873	-	300	77586004	43387
chr16	2329317	2529317	harbor1	chr16	2359360	2360147	LINE/L2	1087	-	394	2359754	30437
chr16	2329317	2529317	harbor1	chr16	2360656	2361060	LINE/L2	1025	-	202	2360858	31541
chr16	67009864	67209864	harbor1	chr16	67040584	67041120	LINE/L2	1717	-	268	67040852	30988
chr16	67009864	67209864	harbor1	chr16	67041237	67041494	LINE/L2	1717	-	128	67041365	31501
chr16	4016559	4216559	harbor1	chr16	4098556	4098728	LINE/L2	572	-	86	4098642	82083
chr16	67009917	67209917	harbor1	chr16	67040584	67041120	LINE/L2	1717	-	268	67040852	30935
chr16	67009917	67209917	harbor1	chr16	67041237	67041494	LINE/L2	1717	-	128	67041365	31448
chr16	53030875	53230875	harbor1	chr16	53093468	53093591	LINE/L2	630	-	62	53093530	62655
chr16	53030875	53230875	harbor1	chr16	53107748	53108040	LINE/L2	970	-	146	53107894	77019
chr16	4084076	4284076	harbor1	chr16	4098556	4098728	LINE/L2	572	-	86	4098642	14566
chr16	4016535	4216535	harbor1	chr16	4098556	4098728	LINE/L2	572	-	86	4098642	82107
chr16	1	167641	harbor1	chr16	52803	53424	LINE/L2	603	-	310	53113	53112
chr16	1	167641	harbor1	chr16	65263	65590	LINE/L2	619	-	164	65427	65426
chr16	56533856	56733856	harbor1	chr16	56560313	56560815	LINE/L2	1149	-	251	56560564	26708
chr16	56533856	56733856	harbor1	chr16	56561123	56561313	LINE/L2	697	-	95	56561218	27362
chr16	56533856	56733856	harbor1	chr16	56561330	56561500	LINE/L2	573	-	85	56561415	27559
chr16	56533856	56733856	harbor1	chr16	56586146	56586523	LINE/L2	1175	-	188	56586334	52478
chr16	71269665	71469665	harbor1	chr16	71341724	71342147	LINE/L2	924	-	212	71341936	72271
chr16	4084117	4284117	harbor1	chr16	4098556	4098728	LINE/L2	572	-	86	4098642	14525
chr16	29953412	30153412	harbor1	chr16	29979734	29980192	LINE/L2	726	-	229	29979963	26551
chr16	29953412	30153412	harbor1	chr16	30016714	30017075	LINE/L2	687	-	180	30016894	63482
chr16	67098316	67298316	harbor1	chr16	67143597	67143806	LINE/L2	746	-	104	67143701	45385
chr16	1	167633	harbor1	chr16	52803	53424	LINE/L2	603	-	310	53113	53112
chr16	1	167633	harbor1	chr16	65263	65590	LINE/L2	619	-	164	65427	65426
chr16	67098313	67298313	harbor1	chr16	67143597	67143806	LINE/L2	746	-	104	67143701	45388
chr16	1	167676	harbor1	chr16	52803	53424	LINE/L2	603	-	310	53113	53112
chr16	1	167676	harbor1	chr16	65263	65590	LINE/L2	619	-	164	65427	65426
chr16	68145542	68345542	harbor1	chr16	68154597	68155020	LINE/L2	868	-	212	68154809	9267
chr16	31115390	31315390	harbor1	chr16	31211818	31212282	LINE/L2	1111	-	232	31212050	96660
chr16	30978860	31178860	harbor1	chr16	31006393	31006830	LINE/L2	798	-	218	31006611	27751
chr16	30978860	31178860	harbor1	chr16	31026716	31026873	LINE/L2	599	-	78	31026794	47934
chr16	30978860	31178860	harbor1	chr16	31036494	31036949	LINE/L2	1146	-	228	31036722	57862
chr16	57636722	57836722	harbor1	chr16	57636719	57637115	LINE/L2	600	-	198	57636917	195
chr16	57884915	58084915	harbor1	chr16	57949004	57949128	LINE/L2	640	-	62	57949066	64151
chr16	57884915	58084915	harbor1	chr16	57972011	57972564	LINE/L2	825	-	276	57972287	87372
chr16	71269741	71469741	harbor1	chr16	71341724	71342147	LINE/L2	924	-	212	71341936	72195
chr16	66905482	67105482	harbor1	chr16	66997445	66997689	LINE/L2	999	-	122	66997567	92085
chr16	66905482	67105482	harbor1	chr16	66998000	66998307	LINE/L2	999	-	154	66998154	92672
chr16	66905482	67105482	harbor1	chr16	66998881	66999025	LINE/L2	999	-	72	66998953	93471
chr16	66905482	67105482	harbor1	chr16	67003566	67003883	LINE/L2	862	-	158	67003724	98242
chr16	57884963	58084963	harbor1	chr16	57949004	57949128	LINE/L2	640	-	62	57949066	64103
chr16	57884963	58084963	harbor1	chr16	57972011	57972564	LINE/L2	825	-	276	57972287	87324
chr16	56832289	57032289	harbor1	chr16	56912595	56913060	LINE/L2	693	-	232	56912827	80538
chr16	57418274	57618274	harbor1	chr16	57500967	57501154	LINE/L2	865	-	94	57501061	82787
chr16	57418274	57618274	harbor1	chr16	57501451	57501791	LINE/L2	865	-	170	57501621	83347
chr16	57418274	57618274	harbor1	chr16	57502089	57502257	LINE/L2	599	-	84	57502173	83899
chr16	57884933	58084933	harbor1	chr16	57949004	57949128	LINE/L2	640	-	62	57949066	64133
chr16	57884933	58084933	harbor1	chr16	57972011	57972564	LINE/L2	825	-	276	57972287	87354
chr16	47349128	47549128	harbor1	chr16	47358773	47359142	LINE/L2	920	-	184	47358957	9829
chr16	47349128	47549128	harbor1	chr16	47391898	47392131	LINE/L2	650	-	116	47392014	42886
chr16	47349128	47549128	harbor1	chr16	47392258	47392530	LINE/L2	650	-	136	47392394	43266
chr16	47349128	47549128	harbor1	chr16	47396561	47397357	LINE/L2	628	-	398	47396959	47831
chr16	47349128	47549128	harbor1	chr16	47400491	47401523	LINE/L2	647	-	516	47401007	51879
chr16	47349128	47549128	harbor1	chr16	47406554	47407356	LINE/L2	1900	-	401	47406955	57827
chr16	47349128	47549128	harbor1	chr16	47407647	47407957	LINE/L2	1900	-	155	47407802	58674
chr16	1	167624	harbor1	chr16	52803	53424	LINE/L2	603	-	310	53113	53112
chr16	1	167624	harbor1	chr16	65263	65590	LINE/L2	619	-	164	65427	65426
chr16	67979040	68179040	harbor1	chr16	68032280	68032687	LINE/L2	882	-	204	68032484	53444
chr16	67979040	68179040	harbor1	chr16	68032929	68033391	LINE/L2	882	-	231	68033160	54120
chr16	67063130	67263130	harbor1	chr16	67143597	67143806	LINE/L2	746	-	104	67143701	80571
chr16	4016523	4216523	harbor1	chr16	4098556	4098728	LINE/L2	572	-	86	4098642	82119
chr16	2330012	2530012	harbor1	chr16	2359360	2360147	LINE/L2	1087	-	394	2359754	29742
chr16	2330012	2530012	harbor1	chr16	2360656	2361060	LINE/L2	1025	-	202	2360858	30846
chr16	67009907	67209907	harbor1	chr16	67040584	67041120	LINE/L2	1717	-	268	67040852	30945
chr16	67009907	67209907	harbor1	chr16	67041237	67041494	LINE/L2	1717	-	128	67041365	31458
chr16	56464967	56664967	harbor1	chr16	56470847	56471069	LINE/L2	798	-	111	56470958	5991
chr16	56464967	56664967	harbor1	chr16	56471385	56471461	LINE/L2	798	-	38	56471423	6456
chr16	56464967	56664967	harbor1	chr16	56520469	56520807	LINE/L2	783	-	169	56520638	55671
chr16	56464967	56664967	harbor1	chr16	56560313	56560815	LINE/L2	1149	-	251	56560564	95597
chr16	56464967	56664967	harbor1	chr16	56561123	56561313	LINE/L2	697	-	95	56561218	96251
chr16	56464967	56664967	harbor1	chr16	56561330	56561500	LINE/L2	573	-	85	56561415	96448
chr16	4081966	4281966	harbor1	chr16	4098556	4098728	LINE/L2	572	-	86	4098642	16676
chr16	31017885	31217885	harbor1	chr16	31026716	31026873	LINE/L2	599	-	78	31026794	8909
chr16	31017885	31217885	harbor1	chr16	31036494	31036949	LINE/L2	1146	-	228	31036722	18837
chr16	57884908	58084908	harbor1	chr16	57949004	57949128	LINE/L2	640	-	62	57949066	64158
chr16	57884908	58084908	harbor1	chr16	57972011	57972564	LINE/L2	825	-	276	57972287	87379
chr16	1	167578	harbor1	chr16	52803	53424	LINE/L2	603	-	310	53113	53112
chr16	1	167578	harbor1	chr16	65263	65590	LINE/L2	619	-	164	65427	65426
chr16	4084087	4284087	harbor1	chr16	4098556	4098728	LINE/L2	572	-	86	4098642	14555
chr16	56535691	56735691	harbor1	chr16	56560313	56560815	LINE/L2	1149	-	251	56560564	24873
chr16	56535691	56735691	harbor1	chr16	56561123	56561313	LINE/L2	697	-	95	56561218	25527
chr16	56535691	56735691	harbor1	chr16	56561330	56561500	LINE/L2	573	-	85	56561415	25724
chr16	56535691	56735691	harbor1	chr16	56586146	56586523	LINE/L2	1175	-	188	56586334	50643
chr16	57884560	58084560	harbor1	chr16	57949004	57949128	LINE/L2	640	-	62	57949066	64506
chr16	57884560	58084560	harbor1	chr16	57972011	57972564	LINE/L2	825	-	276	57972287	87727
chr16	71269697	71469697	harbor1	chr16	71341724	71342147	LINE/L2	924	-	212	71341936	72239
chr16	67009944	67209944	harbor1	chr16	67040584	67041120	LINE/L2	1717	-	268	67040852	30908
chr16	67009944	67209944	harbor1	chr16	67041237	67041494	LINE/L2	1717	-	128	67041365	31421
chr16	56832283	57032283	harbor1	chr16	56912595	56913060	LINE/L2	693	-	232	56912827	80544
chr16	56508557	56708557	harbor1	chr16	56520469	56520807	LINE/L2	783	-	169	56520638	12081
chr16	56508557	56708557	harbor1	chr16	56560313	56560815	LINE/L2	1149	-	251	56560564	52007
chr16	56508557	56708557	harbor1	chr16	56561123	56561313	LINE/L2	697	-	95	56561218	52661
chr16	56508557	56708557	harbor1	chr16	56561330	56561500	LINE/L2	573	-	85	56561415	52858
chr16	56508557	56708557	harbor1	chr16	56586146	56586523	LINE/L2	1175	-	188	56586334	77777
chr16	66971200	67171200	harbor1	chr16	66997445	66997689	LINE/L2	999	-	122	66997567	26367
chr16	66971200	67171200	harbor1	chr16	66998000	66998307	LINE/L2	999	-	154	66998154	26954
chr16	66971200	67171200	harbor1	chr16	66998881	66999025	LINE/L2	999	-	72	66998953	27753
chr16	66971200	67171200	harbor1	chr16	67003566	67003883	LINE/L2	862	-	158	67003724	32524
chr16	66971200	67171200	harbor1	chr16	67040584	67041120	LINE/L2	1717	-	268	67040852	69652
chr16	66971200	67171200	harbor1	chr16	67041237	67041494	LINE/L2	1717	-	128	67041365	70165
chr16	67009894	67209894	harbor1	chr16	67040584	67041120	LINE/L2	1717	-	268	67040852	30958
chr16	67009894	67209894	harbor1	chr16	67041237	67041494	LINE/L2	1717	-	128	67041365	31471
chr16	57884572	58084572	harbor1	chr16	57949004	57949128	LINE/L2	640	-	62	57949066	64494
chr16	57884572	58084572	harbor1	chr16	57972011	57972564	LINE/L2	825	-	276	57972287	87715
chr16	67009938	67209938	harbor1	chr16	67040584	67041120	LINE/L2	1717	-	268	67040852	30914
chr16	67009938	67209938	harbor1	chr16	67041237	67041494	LINE/L2	1717	-	128	67041365	31427
chr16	1	167688	harbor1	chr16	52803	53424	LINE/L2	603	-	310	53113	53112
chr16	1	167688	harbor1	chr16	65263	65590	LINE/L2	619	-	164	65427	65426
chr16	1	167634	harbor1	chr16	52803	53424	LINE/L2	603	-	310	53113	53112
chr16	1	167634	harbor1	chr16	65263	65590	LINE/L2	619	-	164	65427	65426
chr16	1	167545	harbor1	chr16	52803	53424	LINE/L2	603	-	310	53113	53112
chr16	1	167545	harbor1	chr16	65263	65590	LINE/L2	619	-	164	65427	65426
chr16	47360500	47560500	harbor1	chr16	47391898	47392131	LINE/L2	650	-	116	47392014	31514
chr16	47360500	47560500	harbor1	chr16	47392258	47392530	LINE/L2	650	-	136	47392394	31894
chr16	47360500	47560500	harbor1	chr16	47396561	47397357	LINE/L2	628	-	398	47396959	36459
chr16	47360500	47560500	harbor1	chr16	47400491	47401523	LINE/L2	647	-	516	47401007	40507
chr16	47360500	47560500	harbor1	chr16	47406554	47407356	LINE/L2	1900	-	401	47406955	46455
chr16	47360500	47560500	harbor1	chr16	47407647	47407957	LINE/L2	1900	-	155	47407802	47302
chr16	4084167	4284167	harbor1	chr16	4098556	4098728	LINE/L2	572	-	86	4098642	14475
chr16	86768401	86968401	harbor1	chr16	86812192	86813117	LINE/L2	1028	-	462	86812654	44253
chr16	86768401	86968401	harbor1	chr16	86822382	86822757	LINE/L2	651	-	188	86822570	54169
chr16	67009935	67209935	harbor1	chr16	67040584	67041120	LINE/L2	1717	-	268	67040852	30917
chr16	67009935	67209935	harbor1	chr16	67041237	67041494	LINE/L2	1717	-	128	67041365	31430
chr16	1	167697	harbor1	chr16	52803	53424	LINE/L2	603	-	310	53113	53112
chr16	1	167697	harbor1	chr16	65263	65590	LINE/L2	619	-	164	65427	65426
chr16	49563770	49763770	harbor1	chr16	49662479	49662835	LINE/L2	675	-	178	49662657	98887
chr17	7461852	7661852	harbor1	chr17	7485221	7485446	LINE/L2	662	-	112	7485333	23481
chr17	7461852	7661852	harbor1	chr17	7485706	7485716	LINE/L2	662	-	5	7485711	23859
chr17	7461852	7661852	harbor1	chr17	7485856	7486311	LINE/L2	662	-	228	7486084	24232
chr17	7461852	7661852	harbor1	chr17	7491695	7491942	LINE/L2	597	-	124	7491819	29967
chr17	7461852	7661852	harbor1	chr17	7493180	7493599	LINE/L2	689	-	210	7493390	31538
chr17	7461889	7661889	harbor1	chr17	7485221	7485446	LINE/L2	662	-	112	7485333	23444
chr17	7461889	7661889	harbor1	chr17	7485706	7485716	LINE/L2	662	-	5	7485711	23822
chr17	7461889	7661889	harbor1	chr17	7485856	7486311	LINE/L2	662	-	228	7486084	24195
chr17	7461889	7661889	harbor1	chr17	7491695	7491942	LINE/L2	597	-	124	7491819	29930
chr17	7461889	7661889	harbor1	chr17	7493180	7493599	LINE/L2	689	-	210	7493390	31501
chr17	7461834	7661834	harbor1	chr17	7485221	7485446	LINE/L2	662	-	112	7485333	23499
chr17	7461834	7661834	harbor1	chr17	7485706	7485716	LINE/L2	662	-	5	7485711	23877
chr17	7461834	7661834	harbor1	chr17	7485856	7486311	LINE/L2	662	-	228	7486084	24250
chr17	7461834	7661834	harbor1	chr17	7491695	7491942	LINE/L2	597	-	124	7491819	29985
chr17	7461834	7661834	harbor1	chr17	7493180	7493599	LINE/L2	689	-	210	7493390	31556
chr17	7461828	7661828	harbor1	chr17	7485221	7485446	LINE/L2	662	-	112	7485333	23505
chr17	7461828	7661828	harbor1	chr17	7485706	7485716	LINE/L2	662	-	5	7485711	23883
chr17	7461828	7661828	harbor1	chr17	7485856	7486311	LINE/L2	662	-	228	7486084	24256
chr17	7461828	7661828	harbor1	chr17	7491695	7491942	LINE/L2	597	-	124	7491819	29991
chr17	7461828	7661828	harbor1	chr17	7493180	7493599	LINE/L2	689	-	210	7493390	31562
chr17	57532094	57732094	harbor1	chr17	57546837	57547736	LINE/L2	1007	-	450	57547287	15193
chr17	57532094	57732094	harbor1	chr17	57621433	57621573	LINE/L2	650	-	70	57621503	89409
chr17	75009940	75209940	harbor1	chr17	75013418	75014170	LINE/L2	922	-	376	75013794	3854
chr17	75009940	75209940	harbor1	chr17	75014823	75015204	LINE/L2	600	-	190	75015013	5073
chr17	75009940	75209940	harbor1	chr17	75015502	75015738	LINE/L2	600	-	118	75015620	5680
chr17	75009940	75209940	harbor1	chr17	75098946	75099421	LINE/L2	659	-	238	75099184	89244
chr17	75009940	75209940	harbor1	chr17	75099739	75099771	LINE/L2	659	-	16	75099755	89815
chr17	7461908	7661908	harbor1	chr17	7485221	7485446	LINE/L2	662	-	112	7485333	23425
chr17	7461908	7661908	harbor1	chr17	7485706	7485716	LINE/L2	662	-	5	7485711	23803
chr17	7461908	7661908	harbor1	chr17	7485856	7486311	LINE/L2	662	-	228	7486084	24176
chr17	7461908	7661908	harbor1	chr17	7491695	7491942	LINE/L2	597	-	124	7491819	29911
chr17	7461908	7661908	harbor1	chr17	7493180	7493599	LINE/L2	689	-	210	7493390	31482
chr17	7461804	7661804	harbor1	chr17	7485221	7485446	LINE/L2	662	-	112	7485333	23529
chr17	7461804	7661804	harbor1	chr17	7485706	7485716	LINE/L2	662	-	5	7485711	23907
chr17	7461804	7661804	harbor1	chr17	7485856	7486311	LINE/L2	662	-	228	7486084	24280
chr17	7461804	7661804	harbor1	chr17	7491695	7491942	LINE/L2	597	-	124	7491819	30015
chr17	7461804	7661804	harbor1	chr17	7493180	7493599	LINE/L2	689	-	210	7493390	31586
chr17	63523257	63723257	harbor1	chr17	63618311	63618931	LINE/L2	1051	-	310	63618621	95364
chr17	63523257	63723257	harbor1	chr17	63619268	63619371	LINE/L2	1051	-	52	63619320	96063
chr17	63523257	63723257	harbor1	chr17	63620044	63620067	LINE/L2	1051	-	12	63620056	96799
chr17	7461808	7661808	harbor1	chr17	7485221	7485446	LINE/L2	662	-	112	7485333	23525
chr17	7461808	7661808	harbor1	chr17	7485706	7485716	LINE/L2	662	-	5	7485711	23903
chr17	7461808	7661808	harbor1	chr17	7485856	7486311	LINE/L2	662	-	228	7486084	24276
chr17	7461808	7661808	harbor1	chr17	7491695	7491942	LINE/L2	597	-	124	7491819	30011
chr17	7461808	7661808	harbor1	chr17	7493180	7493599	LINE/L2	689	-	210	7493390	31582
chr17	44148012	44348012	harbor1	chr17	44203344	44204076	LINE/L2	848	-	366	44203710	55698
chr17	33191705	33391705	harbor1	chr17	33247789	33248475	LINE/L2	3105	-	343	33248132	56427
chr17	33191705	33391705	harbor1	chr17	33248959	33249589	LINE/L2	3105	-	315	33249274	57569
chr17	33191705	33391705	harbor1	chr17	33258196	33258719	LINE/L2	1064	-	262	33258458	66753
chr17	7822240	8022240	harbor1	chr17	7873250	7874601	LINE/L2	656	-	676	7873926	51686
chr17	18020696	18220696	harbor1	chr17	18074987	18075595	LINE/L2	915	-	304	18075291	54595
chr17	18020696	18220696	harbor1	chr17	18075909	18075930	LINE/L2	915	-	10	18075919	55223
chr17	18020696	18220696	harbor1	chr17	18089121	18089138	LINE/L2	1215	-	8	18089129	68433
chr17	18020696	18220696	harbor1	chr17	18089440	18090104	LINE/L2	1215	-	332	18089772	69076
chr17	18020696	18220696	harbor1	chr17	18094186	18094688	LINE/L2	786	-	251	18094437	73741
chr17	7461890	7661890	harbor1	chr17	7485221	7485446	LINE/L2	662	-	112	7485333	23443
chr17	7461890	7661890	harbor1	chr17	7485706	7485716	LINE/L2	662	-	5	7485711	23821
chr17	7461890	7661890	harbor1	chr17	7485856	7486311	LINE/L2	662	-	228	7486084	24194
chr17	7461890	7661890	harbor1	chr17	7491695	7491942	LINE/L2	597	-	124	7491819	29929
chr17	7461890	7661890	harbor1	chr17	7493180	7493599	LINE/L2	689	-	210	7493390	31500
chr17	3624112	3824112	harbor1	chr17	3722526	3723277	LINE/L2	1063	-	376	3722902	98790
chr17	7461823	7661823	harbor1	chr17	7485221	7485446	LINE/L2	662	-	112	7485333	23510
chr17	7461823	7661823	harbor1	chr17	7485706	7485716	LINE/L2	662	-	5	7485711	23888
chr17	7461823	7661823	harbor1	chr17	7485856	7486311	LINE/L2	662	-	228	7486084	24261
chr17	7461823	7661823	harbor1	chr17	7491695	7491942	LINE/L2	597	-	124	7491819	29996
chr17	7461823	7661823	harbor1	chr17	7493180	7493599	LINE/L2	689	-	210	7493390	31567
chr17	8056291	8256291	harbor1	chr17	8089943	8090175	LINE/L2	982	-	116	8090059	33768
chr17	8056291	8256291	harbor1	chr17	8090468	8090548	LINE/L2	982	-	40	8090508	34217
chr17	8056291	8256291	harbor1	chr17	8127024	8127589	LINE/L2	596	-	282	8127306	71015
chr17	8056291	8256291	harbor1	chr17	8129490	8129606	LINE/L2	884	-	58	8129548	73257
chr17	8056291	8256291	harbor1	chr17	8129896	8130051	LINE/L2	884	-	78	8129974	73683
chr17	8056291	8256291	harbor1	chr17	8130358	8130510	LINE/L2	884	-	76	8130434	74143
chr17	8056291	8256291	harbor1	chr17	8134038	8134238	LINE/L2	1032	-	100	8134138	77847
chr17	8056291	8256291	harbor1	chr17	8134547	8134733	LINE/L2	1032	-	93	8134640	78349
chr17	8056291	8256291	harbor1	chr17	8135496	8135534	LINE/L2	3368	-	19	8135515	79224
chr17	8056291	8256291	harbor1	chr17	8135824	8135878	LINE/L2	3368	-	27	8135851	79560
chr17	8056291	8256291	harbor1	chr17	8136493	8136602	LINE/L2	3368	-	54	8136547	80256
chr17	8056291	8256291	harbor1	chr17	8136902	8137081	LINE/L2	3368	-	90	8136992	80701
chr17	8056291	8256291	harbor1	chr17	8137382	8138039	LINE/L2	3368	-	328	8137710	81419
chr17	8056291	8256291	harbor1	chr17	8138308	8138688	LINE/L2	3368	-	190	8138498	82207
chr17	7461829	7661829	harbor1	chr17	7485221	7485446	LINE/L2	662	-	112	7485333	23504
chr17	7461829	7661829	harbor1	chr17	7485706	7485716	LINE/L2	662	-	5	7485711	23882
chr17	7461829	7661829	harbor1	chr17	7485856	7486311	LINE/L2	662	-	228	7486084	24255
chr17	7461829	7661829	harbor1	chr17	7491695	7491942	LINE/L2	597	-	124	7491819	29990
chr17	7461829	7661829	harbor1	chr17	7493180	7493599	LINE/L2	689	-	210	7493390	31561
chr17	7686387	7886387	harbor1	chr17	7690255	7690629	LINE/L2	847	-	187	7690442	4055
chr17	7686387	7886387	harbor1	chr17	7691260	7691389	LINE/L2	847	-	64	7691324	4937
chr17	7686387	7886387	harbor1	chr17	7712976	7713181	LINE/L2	711	-	102	7713078	26691
chr17	7686387	7886387	harbor1	chr17	7713505	7713688	LINE/L2	711	-	92	7713597	27210
chr17	7461836	7661836	harbor1	chr17	7485221	7485446	LINE/L2	662	-	112	7485333	23497
chr17	7461836	7661836	harbor1	chr17	7485706	7485716	LINE/L2	662	-	5	7485711	23875
chr17	7461836	7661836	harbor1	chr17	7485856	7486311	LINE/L2	662	-	228	7486084	24248
chr17	7461836	7661836	harbor1	chr17	7491695	7491942	LINE/L2	597	-	124	7491819	29983
chr17	7461836	7661836	harbor1	chr17	7493180	7493599	LINE/L2	689	-	210	7493390	31554
chr17	7461872	7661872	harbor1	chr17	7485221	7485446	LINE/L2	662	-	112	7485333	23461
chr17	7461872	7661872	harbor1	chr17	7485706	7485716	LINE/L2	662	-	5	7485711	23839
chr17	7461872	7661872	harbor1	chr17	7485856	7486311	LINE/L2	662	-	228	7486084	24212
chr17	7461872	7661872	harbor1	chr17	7491695	7491942	LINE/L2	597	-	124	7491819	29947
chr17	7461872	7661872	harbor1	chr17	7493180	7493599	LINE/L2	689	-	210	7493390	31518
chr17	49396359	49596359	harbor1	chr17	49455988	49456515	LINE/L2	714	-	264	49456252	59893
chr17	49396359	49596359	harbor1	chr17	49457461	49458096	LINE/L2	652	-	318	49457779	61420
chr17	49396359	49596359	harbor1	chr17	49467980	49468460	LINE/L2	739	-	240	49468220	71861
chr17	49396359	49596359	harbor1	chr17	49468758	49469263	LINE/L2	739	-	252	49469010	72651
chr17	7461869	7661869	harbor1	chr17	7485221	7485446	LINE/L2	662	-	112	7485333	23464
chr17	7461869	7661869	harbor1	chr17	7485706	7485716	LINE/L2	662	-	5	7485711	23842
chr17	7461869	7661869	harbor1	chr17	7485856	7486311	LINE/L2	662	-	228	7486084	24215
chr17	7461869	7661869	harbor1	chr17	7491695	7491942	LINE/L2	597	-	124	7491819	29950
chr17	7461869	7661869	harbor1	chr17	7493180	7493599	LINE/L2	689	-	210	7493390	31521
chr17	7255876	7455876	harbor1	chr17	7271487	7271813	LINE/L2	1010	-	163	7271650	15774
chr17	7255876	7455876	harbor1	chr17	7272416	7272688	LINE/L2	1010	-	136	7272552	16676
chr17	7255876	7455876	harbor1	chr17	7344722	7345216	LINE/L2	965	-	247	7344969	89093
chr17	15158736	15358736	harbor1	chr17	15195453	15195706	LINE/L2	927	-	126	15195579	36843
chr17	15158736	15358736	harbor1	chr17	15196004	15196257	LINE/L2	927	-	126	15196130	37394
chr17	15158736	15358736	harbor1	chr17	15254082	15254675	LINE/L2	698	-	296	15254378	95642
chr17	15158736	15358736	harbor1	chr17	15254962	15255018	LINE/L2	698	-	28	15254990	96254
chr17	7335900	7535900	harbor1	chr17	7344722	7345216	LINE/L2	965	-	247	7344969	9069
chr17	77288251	77488251	harbor1	chr17	77297640	77298069	LINE/L2	886	-	214	77297854	9603
chr17	77288251	77488251	harbor1	chr17	77328675	77329159	LINE/L2	635	-	242	77328917	40666
chr17	33191625	33391625	harbor1	chr17	33247789	33248475	LINE/L2	3105	-	343	33248132	56507
chr17	33191625	33391625	harbor1	chr17	33248959	33249589	LINE/L2	3105	-	315	33249274	57649
chr17	33191625	33391625	harbor1	chr17	33258196	33258719	LINE/L2	1064	-	262	33258458	66833
chr17	38628428	38828428	harbor1	chr17	38691860	38692095	LINE/L2	661	-	118	38691978	63550
chr17	38628428	38828428	harbor1	chr17	38692392	38692418	LINE/L2	661	-	13	38692405	63977
chr17	38628428	38828428	harbor1	chr17	38692765	38692899	LINE/L2	1648	-	67	38692832	64404
chr17	38628428	38828428	harbor1	chr17	38693207	38693587	LINE/L2	1648	-	190	38693397	64969
chr17	75083193	75283193	harbor1	chr17	75098946	75099421	LINE/L2	659	-	238	75099184	15991
chr17	75083193	75283193	harbor1	chr17	75099739	75099771	LINE/L2	659	-	16	75099755	16562
chr17	49765460	49965460	harbor1	chr17	49778679	49779224	LINE/L2	1062	-	272	49778951	13491
chr17	49765460	49965460	harbor1	chr17	49800622	49801095	LINE/L2	840	-	236	49800858	35398
chr17	49765460	49965460	harbor1	chr17	49835584	49836095	LINE/L2	640	-	256	49835840	70380
chr17	49765460	49965460	harbor1	chr17	49807073	49808008	LINE/L2	891	-	468	49807541	42081
chr17	28855314	29055314	harbor1	chr17	28914872	28915251	LINE/L2	860	-	190	28915062	59748
chr17	74965179	75165179	harbor1	chr17	75013418	75014170	LINE/L2	922	-	376	75013794	48615
chr17	74965179	75165179	harbor1	chr17	75014823	75015204	LINE/L2	600	-	190	75015013	49834
chr17	74965179	75165179	harbor1	chr17	75015502	75015738	LINE/L2	600	-	118	75015620	50441
chr17	7336816	7536816	harbor1	chr17	7344722	7345216	LINE/L2	965	-	247	7344969	8153
chr17	33191684	33391684	harbor1	chr17	33247789	33248475	LINE/L2	3105	-	343	33248132	56448
chr17	33191684	33391684	harbor1	chr17	33248959	33249589	LINE/L2	3105	-	315	33249274	57590
chr17	33191684	33391684	harbor1	chr17	33258196	33258719	LINE/L2	1064	-	262	33258458	66774
chr17	76298820	76498820	harbor1	chr17	76347522	76347916	LINE/L2	630	-	197	76347719	48899
chr17	7461891	7661891	harbor1	chr17	7485221	7485446	LINE/L2	662	-	112	7485333	23442
chr17	7461891	7661891	harbor1	chr17	7485706	7485716	LINE/L2	662	-	5	7485711	23820
chr17	7461891	7661891	harbor1	chr17	7485856	7486311	LINE/L2	662	-	228	7486084	24193
chr17	7461891	7661891	harbor1	chr17	7491695	7491942	LINE/L2	597	-	124	7491819	29928
chr17	7461891	7661891	harbor1	chr17	7493180	7493599	LINE/L2	689	-	210	7493390	31499
chr17	39495693	39695693	harbor1	chr17	39584030	39584242	LINE/L2	1092	-	106	39584136	88443
chr17	39495693	39695693	harbor1	chr17	39584568	39584905	LINE/L2	1092	-	168	39584736	89043
chr17	39495693	39695693	harbor1	chr17	39589222	39589282	LINE/L2	612	-	30	39589252	93559
chr17	39495693	39695693	harbor1	chr17	39589593	39589907	LINE/L2	612	-	157	39589750	94057
chr17	74979148	75179148	harbor1	chr17	75013418	75014170	LINE/L2	922	-	376	75013794	34646
chr17	74979148	75179148	harbor1	chr17	75014823	75015204	LINE/L2	600	-	190	75015013	35865
chr17	74979148	75179148	harbor1	chr17	75015502	75015738	LINE/L2	600	-	118	75015620	36472
chr17	76140643	76340643	harbor1	chr17	76211884	76212081	LINE/L2	675	-	98	76211982	71339
chr17	7461873	7661873	harbor1	chr17	7485221	7485446	LINE/L2	662	-	112	7485333	23460
chr17	7461873	7661873	harbor1	chr17	7485706	7485716	LINE/L2	662	-	5	7485711	23838
chr17	7461873	7661873	harbor1	chr17	7485856	7486311	LINE/L2	662	-	228	7486084	24211
chr17	7461873	7661873	harbor1	chr17	7491695	7491942	LINE/L2	597	-	124	7491819	29946
chr17	7461873	7661873	harbor1	chr17	7493180	7493599	LINE/L2	689	-	210	7493390	31517
chr17	2830224	3030224	harbor1	chr17	2908170	2908727	LINE/L2	753	-	278	2908448	78224
chr17	2830224	3030224	harbor1	chr17	2909001	2909451	LINE/L2	753	-	225	2909226	79002
chr17	2838086	3038086	harbor1	chr17	2908170	2908727	LINE/L2	753	-	278	2908448	70362
chr17	2838086	3038086	harbor1	chr17	2909001	2909451	LINE/L2	753	-	225	2909226	71140
chr17	7461927	7661927	harbor1	chr17	7485221	7485446	LINE/L2	662	-	112	7485333	23406
chr17	7461927	7661927	harbor1	chr17	7485706	7485716	LINE/L2	662	-	5	7485711	23784
chr17	7461927	7661927	harbor1	chr17	7485856	7486311	LINE/L2	662	-	228	7486084	24157
chr17	7461927	7661927	harbor1	chr17	7491695	7491942	LINE/L2	597	-	124	7491819	29892
chr17	7461927	7661927	harbor1	chr17	7493180	7493599	LINE/L2	689	-	210	7493390	31463
chr17	7459238	7659238	harbor1	chr17	7485221	7485446	LINE/L2	662	-	112	7485333	26095
chr17	7459238	7659238	harbor1	chr17	7485706	7485716	LINE/L2	662	-	5	7485711	26473
chr17	7459238	7659238	harbor1	chr17	7485856	7486311	LINE/L2	662	-	228	7486084	26846
chr17	7459238	7659238	harbor1	chr17	7491695	7491942	LINE/L2	597	-	124	7491819	32581
chr17	7459238	7659238	harbor1	chr17	7493180	7493599	LINE/L2	689	-	210	7493390	34152
chr17	31388321	31588321	harbor1	chr17	31400389	31400667	LINE/L2	648	-	139	31400528	12207
chr17	40256592	40456592	harbor1	chr17	40265228	40266131	LINE/L2	3463	-	452	40265680	9088
chr17	40256592	40456592	harbor1	chr17	40266258	40267354	LINE/L2	3463	-	548	40266806	10214
chr17	7461831	7661831	harbor1	chr17	7485221	7485446	LINE/L2	662	-	112	7485333	23502
chr17	7461831	7661831	harbor1	chr17	7485706	7485716	LINE/L2	662	-	5	7485711	23880
chr17	7461831	7661831	harbor1	chr17	7485856	7486311	LINE/L2	662	-	228	7486084	24253
chr17	7461831	7661831	harbor1	chr17	7491695	7491942	LINE/L2	597	-	124	7491819	29988
chr17	7461831	7661831	harbor1	chr17	7493180	7493599	LINE/L2	689	-	210	7493390	31559
chr17	29522824	29722824	harbor1	chr17	29599249	29599564	LINE/L2	708	-	158	29599407	76583
chr17	38619970	38819970	harbor1	chr17	38691860	38692095	LINE/L2	661	-	118	38691978	72008
chr17	38619970	38819970	harbor1	chr17	38692392	38692418	LINE/L2	661	-	13	38692405	72435
chr17	38619970	38819970	harbor1	chr17	38692765	38692899	LINE/L2	1648	-	67	38692832	72862
chr17	38619970	38819970	harbor1	chr17	38693207	38693587	LINE/L2	1648	-	190	38693397	73427
chr17	2829884	3029884	harbor1	chr17	2908170	2908727	LINE/L2	753	-	278	2908448	78564
chr17	2829884	3029884	harbor1	chr17	2909001	2909451	LINE/L2	753	-	225	2909226	79342
chr17	60048761	60248761	harbor1	chr17	60077024	60077413	LINE/L2	597	-	194	60077218	28457
chr17	7339761	7539761	harbor1	chr17	7344722	7345216	LINE/L2	965	-	247	7344969	5208
chr17	2201393	2401393	harbor1	chr17	2222058	2222743	LINE/L2	1266	-	342	2222400	21007
chr17	2201393	2401393	harbor1	chr17	2278929	2279750	LINE/L2	751	-	410	2279339	77946
chr17	7461858	7661858	harbor1	chr17	7485221	7485446	LINE/L2	662	-	112	7485333	23475
chr17	7461858	7661858	harbor1	chr17	7485706	7485716	LINE/L2	662	-	5	7485711	23853
chr17	7461858	7661858	harbor1	chr17	7485856	7486311	LINE/L2	662	-	228	7486084	24226
chr17	7461858	7661858	harbor1	chr17	7491695	7491942	LINE/L2	597	-	124	7491819	29961
chr17	7461858	7661858	harbor1	chr17	7493180	7493599	LINE/L2	689	-	210	7493390	31532
chr17	76140876	76340876	harbor1	chr17	76211884	76212081	LINE/L2	675	-	98	76211982	71106
chr17	61280861	61480861	harbor1	chr17	61339781	61339981	LINE/L2	599	-	100	61339881	59020
chr17	61280861	61480861	harbor1	chr17	61340251	61341372	LINE/L2	2809	-	560	61340811	59950
chr17	61280861	61480861	harbor1	chr17	61347972	61348608	LINE/L2	858	-	318	61348290	67429
chr17	47912428	48112428	harbor1	chr17	47979070	47979653	LINE/L2	1574	-	292	47979362	66934
chr17	7461859	7661859	harbor1	chr17	7485221	7485446	LINE/L2	662	-	112	7485333	23474
chr17	7461859	7661859	harbor1	chr17	7485706	7485716	LINE/L2	662	-	5	7485711	23852
chr17	7461859	7661859	harbor1	chr17	7485856	7486311	LINE/L2	662	-	228	7486084	24225
chr17	7461859	7661859	harbor1	chr17	7491695	7491942	LINE/L2	597	-	124	7491819	29960
chr17	7461859	7661859	harbor1	chr17	7493180	7493599	LINE/L2	689	-	210	7493390	31531
chr17	48647753	48847753	harbor1	chr17	48668115	48668464	LINE/L2	904	-	174	48668289	20536
chr17	7458773	7658773	harbor1	chr17	7485221	7485446	LINE/L2	662	-	112	7485333	26560
chr17	7458773	7658773	harbor1	chr17	7485706	7485716	LINE/L2	662	-	5	7485711	26938
chr17	7458773	7658773	harbor1	chr17	7485856	7486311	LINE/L2	662	-	228	7486084	27311
chr17	7458773	7658773	harbor1	chr17	7491695	7491942	LINE/L2	597	-	124	7491819	33046
chr17	7458773	7658773	harbor1	chr17	7493180	7493599	LINE/L2	689	-	210	7493390	34617
chr17	63346008	63546008	harbor1	chr17	63352792	63353072	LINE/L2	784	-	140	63352932	6924
chr17	63346008	63546008	harbor1	chr17	63353055	63353785	LINE/L2	1084	-	365	63353420	7412
chr17	7461864	7661864	harbor1	chr17	7485221	7485446	LINE/L2	662	-	112	7485333	23469
chr17	7461864	7661864	harbor1	chr17	7485706	7485716	LINE/L2	662	-	5	7485711	23847
chr17	7461864	7661864	harbor1	chr17	7485856	7486311	LINE/L2	662	-	228	7486084	24220
chr17	7461864	7661864	harbor1	chr17	7491695	7491942	LINE/L2	597	-	124	7491819	29955
chr17	7461864	7661864	harbor1	chr17	7493180	7493599	LINE/L2	689	-	210	7493390	31526
chr17	63600297	63800297	harbor1	chr17	63618311	63618931	LINE/L2	1051	-	310	63618621	18324
chr17	63600297	63800297	harbor1	chr17	63619268	63619371	LINE/L2	1051	-	52	63619320	19023
chr17	63600297	63800297	harbor1	chr17	63620044	63620067	LINE/L2	1051	-	12	63620056	19759
chr17	63600297	63800297	harbor1	chr17	63670617	63671171	LINE/L2	741	-	277	63670894	70597
chr17	63600297	63800297	harbor1	chr17	63672331	63672763	LINE/L2	867	-	216	63672547	72250
chr17	44658737	44858737	harbor1	chr17	44707372	44708155	LINE/L2	1458	-	392	44707764	49027
chr17	62527967	62727967	harbor1	chr17	62610307	62610841	LINE/L2	721	-	267	62610574	82607
chr17	59909729	60109729	harbor1	chr17	59945752	59946401	LINE/L2	742	-	324	59946076	36347
chr17	27460460	27660460	harbor1	chr17	27471178	27471612	LINE/L2	830	-	217	27471395	10935
chr17	594307	794307	harbor1	chr17	663745	664083	LINE/L2	619	-	169	663914	69607
chr17	594307	794307	harbor1	chr17	664378	664952	LINE/L2	768	-	287	664665	70358
chr17	594307	794307	harbor1	chr17	666090	666381	LINE/L2	604	-	146	666236	71929
chr17	594307	794307	harbor1	chr17	605783	606272	LINE/L2	950	-	244	606027	11720
chr17	7461848	7661848	harbor1	chr17	7485221	7485446	LINE/L2	662	-	112	7485333	23485
chr17	7461848	7661848	harbor1	chr17	7485706	7485716	LINE/L2	662	-	5	7485711	23863
chr17	7461848	7661848	harbor1	chr17	7485856	7486311	LINE/L2	662	-	228	7486084	24236
chr17	7461848	7661848	harbor1	chr17	7491695	7491942	LINE/L2	597	-	124	7491819	29971
chr17	7461848	7661848	harbor1	chr17	7493180	7493599	LINE/L2	689	-	210	7493390	31542
chr17	48647749	48847749	harbor1	chr17	48668115	48668464	LINE/L2	904	-	174	48668289	20540
chr17	35648041	35848041	harbor1	chr17	35701982	35702723	LINE/L2	1488	-	370	35702352	54311
chr17	8283703	8483703	harbor1	chr17	8320087	8320653	LINE/L2	1437	-	283	8320370	36667
chr17	8283703	8483703	harbor1	chr17	8323174	8323343	LINE/L2	623	-	84	8323258	39555
chr17	8283709	8483709	harbor1	chr17	8320087	8320653	LINE/L2	1437	-	283	8320370	36661
chr17	8283709	8483709	harbor1	chr17	8323174	8323343	LINE/L2	623	-	84	8323258	39549
chr18	26126451	26326451	harbor1	chr18	26137638	26138143	LINE/L2	603	-	252	26137890	11439
chr18	26126451	26326451	harbor1	chr18	26138604	26138985	LINE/L2	515	-	190	26138794	12343
chr18	26126451	26326451	harbor1	chr18	26163027	26163213	LINE/L2	1007	-	93	26163120	36669
chr18	26126451	26326451	harbor1	chr18	26163263	26163501	LINE/L2	1007	-	119	26163382	36931
chr18	26126451	26326451	harbor1	chr18	26163610	26163926	LINE/L2	836	-	158	26163768	37317
chr18	25990886	26190886	harbor1	chr18	26000642	26001081	LINE/L2	944	-	220	26000862	9976
chr18	25990886	26190886	harbor1	chr18	26021528	26022051	LINE/L2	559	-	262	26021790	30904
chr18	25990886	26190886	harbor1	chr18	26028952	26029655	LINE/L2	1432	-	352	26029304	38418
chr18	75105235	75305235	harbor1	chr18	75155009	75155463	LINE/L2	858	-	227	75155236	50001
chr18	26126452	26326452	harbor1	chr18	26137638	26138143	LINE/L2	603	-	252	26137890	11438
chr18	26126452	26326452	harbor1	chr18	26138604	26138985	LINE/L2	515	-	190	26138794	12342
chr18	26126452	26326452	harbor1	chr18	26163027	26163213	LINE/L2	1007	-	93	26163120	36668
chr18	26126452	26326452	harbor1	chr18	26163263	26163501	LINE/L2	1007	-	119	26163382	36930
chr18	26126452	26326452	harbor1	chr18	26163610	26163926	LINE/L2	836	-	158	26163768	37316
chr18	26126169	26326169	harbor1	chr18	26137638	26138143	LINE/L2	603	-	252	26137890	11721
chr18	26126169	26326169	harbor1	chr18	26138604	26138985	LINE/L2	515	-	190	26138794	12625
chr18	26126169	26326169	harbor1	chr18	26163027	26163213	LINE/L2	1007	-	93	26163120	36951
chr18	26126169	26326169	harbor1	chr18	26163263	26163501	LINE/L2	1007	-	119	26163382	37213
chr18	26126169	26326169	harbor1	chr18	26163610	26163926	LINE/L2	836	-	158	26163768	37599
chr18	26126503	26326503	harbor1	chr18	26137638	26138143	LINE/L2	603	-	252	26137890	11387
chr18	26126503	26326503	harbor1	chr18	26138604	26138985	LINE/L2	515	-	190	26138794	12291
chr18	26126503	26326503	harbor1	chr18	26163027	26163213	LINE/L2	1007	-	93	26163120	36617
chr18	26126503	26326503	harbor1	chr18	26163263	26163501	LINE/L2	1007	-	119	26163382	36879
chr18	26126503	26326503	harbor1	chr18	26163610	26163926	LINE/L2	836	-	158	26163768	37265
chr18	26126493	26326493	harbor1	chr18	26137638	26138143	LINE/L2	603	-	252	26137890	11397
chr18	26126493	26326493	harbor1	chr18	26138604	26138985	LINE/L2	515	-	190	26138794	12301
chr18	26126493	26326493	harbor1	chr18	26163027	26163213	LINE/L2	1007	-	93	26163120	36627
chr18	26126493	26326493	harbor1	chr18	26163263	26163501	LINE/L2	1007	-	119	26163382	36889
chr18	26126493	26326493	harbor1	chr18	26163610	26163926	LINE/L2	836	-	158	26163768	37275
chr18	26126535	26326535	harbor1	chr18	26137638	26138143	LINE/L2	603	-	252	26137890	11355
chr18	26126535	26326535	harbor1	chr18	26138604	26138985	LINE/L2	515	-	190	26138794	12259
chr18	26126535	26326535	harbor1	chr18	26163027	26163213	LINE/L2	1007	-	93	26163120	36585
chr18	26126535	26326535	harbor1	chr18	26163263	26163501	LINE/L2	1007	-	119	26163382	36847
chr18	26126535	26326535	harbor1	chr18	26163610	26163926	LINE/L2	836	-	158	26163768	37233
chr18	37465339	37665339	harbor1	chr18	37466601	37466919	LINE/L2	620	-	159	37466760	1421
chr18	57346563	57546563	harbor1	chr18	57397884	57398027	LINE/L2	685	-	72	57397956	51393
chr18	57346563	57546563	harbor1	chr18	57414563	57414933	LINE/L2	775	-	185	57414748	68185
chr18	37465426	37665426	harbor1	chr18	37466601	37466919	LINE/L2	620	-	159	37466760	1334
chr18	12207922	12407922	harbor1	chr18	12235925	12236353	LINE/L2	527	-	214	12236139	28217
chr18	74356659	74556659	harbor1	chr18	74359357	74359702	LINE/L2	513	-	172	74359529	2870
chr18	74356659	74556659	harbor1	chr18	74359703	74359863	LINE/L2	924	-	80	74359783	3124
chr18	74356659	74556659	harbor1	chr18	74360154	74360387	LINE/L2	924	-	116	74360270	3611
chr18	74356659	74556659	harbor1	chr18	74371103	74372454	LINE/L2	1655	-	676	74371779	15120
chr18	79342292	79542292	harbor1	chr18	79409717	79410050	LINE/L2	544	-	166	79409883	67591
chr18	26126455	26326455	harbor1	chr18	26137638	26138143	LINE/L2	603	-	252	26137890	11435
chr18	26126455	26326455	harbor1	chr18	26138604	26138985	LINE/L2	515	-	190	26138794	12339
chr18	26126455	26326455	harbor1	chr18	26163027	26163213	LINE/L2	1007	-	93	26163120	36665
chr18	26126455	26326455	harbor1	chr18	26163263	26163501	LINE/L2	1007	-	119	26163382	36927
chr18	26126455	26326455	harbor1	chr18	26163610	26163926	LINE/L2	836	-	158	26163768	37313
chr18	26126495	26326495	harbor1	chr18	26137638	26138143	LINE/L2	603	-	252	26137890	11395
chr18	26126495	26326495	harbor1	chr18	26138604	26138985	LINE/L2	515	-	190	26138794	12299
chr18	26126495	26326495	harbor1	chr18	26163027	26163213	LINE/L2	1007	-	93	26163120	36625
chr18	26126495	26326495	harbor1	chr18	26163263	26163501	LINE/L2	1007	-	119	26163382	36887
chr18	26126495	26326495	harbor1	chr18	26163610	26163926	LINE/L2	836	-	158	26163768	37273
chr18	12159290	12359290	harbor1	chr18	12235925	12236353	LINE/L2	527	-	214	12236139	76849
chr18	21921090	22121090	harbor1	chr18	22018516	22019045	LINE/L2	772	-	264	22018780	97690
chr18	21921090	22121090	harbor1	chr18	22019186	22019264	LINE/L2	772	-	39	22019225	98135
chr18	26126454	26326454	harbor1	chr18	26137638	26138143	LINE/L2	603	-	252	26137890	11436
chr18	26126454	26326454	harbor1	chr18	26138604	26138985	LINE/L2	515	-	190	26138794	12340
chr18	26126454	26326454	harbor1	chr18	26163027	26163213	LINE/L2	1007	-	93	26163120	36666
chr18	26126454	26326454	harbor1	chr18	26163263	26163501	LINE/L2	1007	-	119	26163382	36928
chr18	26126454	26326454	harbor1	chr18	26163610	26163926	LINE/L2	836	-	158	26163768	37314
chr18	26126376	26326376	harbor1	chr18	26137638	26138143	LINE/L2	603	-	252	26137890	11514
chr18	26126376	26326376	harbor1	chr18	26138604	26138985	LINE/L2	515	-	190	26138794	12418
chr18	26126376	26326376	harbor1	chr18	26163027	26163213	LINE/L2	1007	-	93	26163120	36744
chr18	26126376	26326376	harbor1	chr18	26163263	26163501	LINE/L2	1007	-	119	26163382	37006
chr18	26126376	26326376	harbor1	chr18	26163610	26163926	LINE/L2	836	-	158	26163768	37392
chr18	59165767	59365767	harbor1	chr18	59172332	59172615	LINE/L2	939	-	142	59172474	6707
chr18	12159156	12359156	harbor1	chr18	12235925	12236353	LINE/L2	527	-	214	12236139	76983
chr18	62536129	62736129	harbor1	chr18	62601505	62602395	LINE/L2	2348	-	445	62601950	65821
chr18	62536129	62736129	harbor1	chr18	62603893	62604264	LINE/L2	2348	-	186	62604079	67950
chr18	62536129	62736129	harbor1	chr18	62602702	62603597	LINE/L2	2348	-	448	62603150	67021
chr19	17678545	17878545	harbor1	chr19	17764607	17764783	LINE/L2	804	-	88	17764695	86150
chr19	17678545	17878545	harbor1	chr19	17765085	17765379	LINE/L2	804	-	147	17765232	86687
chr19	17678545	17878545	harbor1	chr19	17777125	17777254	LINE/L2	688	-	64	17777189	98644
chr19	17678545	17878545	harbor1	chr19	17777563	17777762	LINE/L2	688	-	100	17777663	99118
chr19	17678545	17878545	harbor1	chr19	17778053	17778097	LINE/L2	688	-	22	17778075	99530
chr19	10618495	10818495	harbor1	chr19	10620577	10620763	LINE/L2	1164	-	93	10620670	2175
chr19	10618495	10818495	harbor1	chr19	10621382	10621424	LINE/L2	1164	-	21	10621403	2908
chr19	10618495	10818495	harbor1	chr19	10622062	10622534	LINE/L2	1164	-	236	10622298	3803
chr19	10618467	10818467	harbor1	chr19	10620577	10620763	LINE/L2	1164	-	93	10620670	2203
chr19	10618467	10818467	harbor1	chr19	10621382	10621424	LINE/L2	1164	-	21	10621403	2936
chr19	10618467	10818467	harbor1	chr19	10622062	10622534	LINE/L2	1164	-	236	10622298	3831
chr19	49751331	49951331	harbor1	chr19	49768871	49768968	LINE/L2	818	-	48	49768919	17588
chr19	49751331	49951331	harbor1	chr19	49769278	49769881	LINE/L2	1108	-	302	49769580	18249
chr19	49751331	49951331	harbor1	chr19	49770169	49770245	LINE/L2	1108	-	38	49770207	18876
chr19	49751331	49951331	harbor1	chr19	49773515	49774097	LINE/L2	831	-	291	49773806	22475
chr19	5521747	5721747	harbor1	chr19	5532241	5532315	LINE/L2	1670	-	37	5532278	10531
chr19	5521747	5721747	harbor1	chr19	5532618	5532793	LINE/L2	1670	-	88	5532706	10959
chr19	5521747	5721747	harbor1	chr19	5533315	5533637	LINE/L2	1670	-	161	5533476	11729
chr19	5521747	5721747	harbor1	chr19	5562444	5562649	LINE/L2	956	-	102	5562546	40799
chr19	5521747	5721747	harbor1	chr19	5562947	5563464	LINE/L2	956	-	258	5563205	41458
chr19	9986281	10186281	harbor1	chr19	10067912	10068234	LINE/L2	801	-	161	10068073	81792
chr19	9986281	10186281	harbor1	chr19	10068535	10068545	LINE/L2	801	-	5	10068540	82259
chr19	9986281	10186281	harbor1	chr19	10069349	10069573	LINE/L2	777	-	112	10069461	83180
chr19	9986281	10186281	harbor1	chr19	10069859	10070092	LINE/L2	777	-	116	10069975	83694
chr19	10618446	10818446	harbor1	chr19	10620577	10620763	LINE/L2	1164	-	93	10620670	2224
chr19	10618446	10818446	harbor1	chr19	10621382	10621424	LINE/L2	1164	-	21	10621403	2957
chr19	10618446	10818446	harbor1	chr19	10622062	10622534	LINE/L2	1164	-	236	10622298	3852
chr19	2663306	2863306	harbor1	chr19	2742648	2742857	LINE/L2	854	-	104	2742752	79446
chr19	2663306	2863306	harbor1	chr19	2742990	2743266	LINE/L2	854	-	138	2743128	79822
chr19	5521868	5721868	harbor1	chr19	5532241	5532315	LINE/L2	1670	-	37	5532278	10410
chr19	5521868	5721868	harbor1	chr19	5532618	5532793	LINE/L2	1670	-	88	5532706	10838
chr19	5521868	5721868	harbor1	chr19	5533315	5533637	LINE/L2	1670	-	161	5533476	11608
chr19	5521868	5721868	harbor1	chr19	5562444	5562649	LINE/L2	956	-	102	5562546	40678
chr19	5521868	5721868	harbor1	chr19	5562947	5563464	LINE/L2	956	-	258	5563205	41337
chr19	5521752	5721752	harbor1	chr19	5532241	5532315	LINE/L2	1670	-	37	5532278	10526
chr19	5521752	5721752	harbor1	chr19	5532618	5532793	LINE/L2	1670	-	88	5532706	10954
chr19	5521752	5721752	harbor1	chr19	5533315	5533637	LINE/L2	1670	-	161	5533476	11724
chr19	5521752	5721752	harbor1	chr19	5562444	5562649	LINE/L2	956	-	102	5562546	40794
chr19	5521752	5721752	harbor1	chr19	5562947	5563464	LINE/L2	956	-	258	5563205	41453
chr19	5523072	5723072	harbor1	chr19	5532241	5532315	LINE/L2	1670	-	37	5532278	9206
chr19	5523072	5723072	harbor1	chr19	5532618	5532793	LINE/L2	1670	-	88	5532706	9634
chr19	5523072	5723072	harbor1	chr19	5533315	5533637	LINE/L2	1670	-	161	5533476	10404
chr19	5523072	5723072	harbor1	chr19	5562444	5562649	LINE/L2	956	-	102	5562546	39474
chr19	5523072	5723072	harbor1	chr19	5562947	5563464	LINE/L2	956	-	258	5563205	40133
chr19	5522548	5722548	harbor1	chr19	5532241	5532315	LINE/L2	1670	-	37	5532278	9730
chr19	5522548	5722548	harbor1	chr19	5532618	5532793	LINE/L2	1670	-	88	5532706	10158
chr19	5522548	5722548	harbor1	chr19	5533315	5533637	LINE/L2	1670	-	161	5533476	10928
chr19	5522548	5722548	harbor1	chr19	5562444	5562649	LINE/L2	956	-	102	5562546	39998
chr19	5522548	5722548	harbor1	chr19	5562947	5563464	LINE/L2	956	-	258	5563205	40657
chr19	5522869	5722869	harbor1	chr19	5532241	5532315	LINE/L2	1670	-	37	5532278	9409
chr19	5522869	5722869	harbor1	chr19	5532618	5532793	LINE/L2	1670	-	88	5532706	9837
chr19	5522869	5722869	harbor1	chr19	5533315	5533637	LINE/L2	1670	-	161	5533476	10607
chr19	5522869	5722869	harbor1	chr19	5562444	5562649	LINE/L2	956	-	102	5562546	39677
chr19	5522869	5722869	harbor1	chr19	5562947	5563464	LINE/L2	956	-	258	5563205	40336
chr19	5521916	5721916	harbor1	chr19	5532241	5532315	LINE/L2	1670	-	37	5532278	10362
chr19	5521916	5721916	harbor1	chr19	5532618	5532793	LINE/L2	1670	-	88	5532706	10790
chr19	5521916	5721916	harbor1	chr19	5533315	5533637	LINE/L2	1670	-	161	5533476	11560
chr19	5521916	5721916	harbor1	chr19	5562444	5562649	LINE/L2	956	-	102	5562546	40630
chr19	5521916	5721916	harbor1	chr19	5562947	5563464	LINE/L2	956	-	258	5563205	41289
chr19	5522558	5722558	harbor1	chr19	5532241	5532315	LINE/L2	1670	-	37	5532278	9720
chr19	5522558	5722558	harbor1	chr19	5532618	5532793	LINE/L2	1670	-	88	5532706	10148
chr19	5522558	5722558	harbor1	chr19	5533315	5533637	LINE/L2	1670	-	161	5533476	10918
chr19	5522558	5722558	harbor1	chr19	5562444	5562649	LINE/L2	956	-	102	5562546	39988
chr19	5522558	5722558	harbor1	chr19	5562947	5563464	LINE/L2	956	-	258	5563205	40647
chr19	5523054	5723054	harbor1	chr19	5532241	5532315	LINE/L2	1670	-	37	5532278	9224
chr19	5523054	5723054	harbor1	chr19	5532618	5532793	LINE/L2	1670	-	88	5532706	9652
chr19	5523054	5723054	harbor1	chr19	5533315	5533637	LINE/L2	1670	-	161	5533476	10422
chr19	5523054	5723054	harbor1	chr19	5562444	5562649	LINE/L2	956	-	102	5562546	39492
chr19	5523054	5723054	harbor1	chr19	5562947	5563464	LINE/L2	956	-	258	5563205	40151
chr19	49751338	49951338	harbor1	chr19	49768871	49768968	LINE/L2	818	-	48	49768919	17581
chr19	49751338	49951338	harbor1	chr19	49769278	49769881	LINE/L2	1108	-	302	49769580	18242
chr19	49751338	49951338	harbor1	chr19	49770169	49770245	LINE/L2	1108	-	38	49770207	18869
chr19	49751338	49951338	harbor1	chr19	49773515	49774097	LINE/L2	831	-	291	49773806	22468
chr19	34913533	35113533	harbor1	chr19	34936168	34936614	LINE/L2	1153	-	223	34936391	22858
chr19	34913533	35113533	harbor1	chr19	34936912	34937003	LINE/L2	1153	-	46	34936958	23425
chr19	34913533	35113533	harbor1	chr19	34937313	34937448	LINE/L2	1153	-	68	34937381	23848
chr19	34913533	35113533	harbor1	chr19	34937749	34937809	LINE/L2	1153	-	30	34937779	24246
chr19	34913533	35113533	harbor1	chr19	34938096	34938244	LINE/L2	1153	-	74	34938170	24637
chr19	34913533	35113533	harbor1	chr19	34998637	34999371	LINE/L2	992	-	367	34999004	85471
chr19	393525	593525	harbor1	chr19	484538	485104	LINE/L2	784	-	283	484821	91296
chr19	48525108	48725108	harbor1	chr19	48549529	48549881	LINE/L2	781	-	176	48549705	24597
chr19	48525108	48725108	harbor1	chr19	48577731	48577930	LINE/L2	697	-	100	48577831	52723
chr19	48525108	48725108	harbor1	chr19	48588604	48589545	LINE/L2	1415	-	470	48589074	63966
chr19	5521188	5721188	harbor1	chr19	5532241	5532315	LINE/L2	1670	-	37	5532278	11090
chr19	5521188	5721188	harbor1	chr19	5532618	5532793	LINE/L2	1670	-	88	5532706	11518
chr19	5521188	5721188	harbor1	chr19	5533315	5533637	LINE/L2	1670	-	161	5533476	12288
chr19	5521188	5721188	harbor1	chr19	5562444	5562649	LINE/L2	956	-	102	5562546	41358
chr19	5521188	5721188	harbor1	chr19	5562947	5563464	LINE/L2	956	-	258	5563205	42017
chr19	46920081	47120081	harbor1	chr19	46953065	46953453	LINE/L2	1276	-	194	46953259	33178
chr19	58378212	58578212	harbor1	chr19	58441187	58441695	LINE/L2	692	-	254	58441441	63229
chr19	3444890	3644890	harbor1	chr19	3470357	3470501	LINE/L2	649	-	72	3470429	25539
chr19	3444890	3644890	harbor1	chr19	3470778	3471147	LINE/L2	796	-	184	3470962	26072
chr19	3444890	3644890	harbor1	chr19	3484045	3484133	LINE/L2	1193	-	44	3484089	39199
chr19	3444890	3644890	harbor1	chr19	3484445	3484529	LINE/L2	1193	-	42	3484487	39597
chr19	3444890	3644890	harbor1	chr19	3484821	3485236	LINE/L2	1193	-	208	3485029	40139
chr19	45368712	45568712	harbor1	chr19	45417167	45417622	LINE/L2	1203	-	228	45417395	48683
chr19	45368712	45568712	harbor1	chr19	45424217	45424524	LINE/L2	827	-	154	45424371	55659
chr19	45368712	45568712	harbor1	chr19	45445316	45445885	LINE/L2	1298	-	284	45445600	76888
chr19	45368712	45568712	harbor1	chr19	45446199	45446380	LINE/L2	766	-	90	45446289	77577
chr19	45368712	45568712	harbor1	chr19	45460467	45460833	LINE/L2	1152	-	183	45460650	91938
chr19	5518790	5718790	harbor1	chr19	5532241	5532315	LINE/L2	1670	-	37	5532278	13488
chr19	5518790	5718790	harbor1	chr19	5532618	5532793	LINE/L2	1670	-	88	5532706	13916
chr19	5518790	5718790	harbor1	chr19	5533315	5533637	LINE/L2	1670	-	161	5533476	14686
chr19	5518790	5718790	harbor1	chr19	5562444	5562649	LINE/L2	956	-	102	5562546	43756
chr19	5518790	5718790	harbor1	chr19	5562947	5563464	LINE/L2	956	-	258	5563205	44415
chr19	4570336	4770336	harbor1	chr19	4589880	4590012	LINE/L2	856	-	66	4589946	19610
chr19	4570336	4770336	harbor1	chr19	4590178	4590276	LINE/L2	905	-	49	4590227	19891
chr19	4570336	4770336	harbor1	chr19	4590576	4590741	LINE/L2	905	-	82	4590658	20322
chr19	4570336	4770336	harbor1	chr19	4633083	4633448	LINE/L2	1070	-	182	4633265	62929
chr19	4570336	4770336	harbor1	chr19	4642528	4642991	LINE/L2	829	-	232	4642760	72424
chr19	49746065	49946065	harbor1	chr19	49768871	49768968	LINE/L2	818	-	48	49768919	22854
chr19	49746065	49946065	harbor1	chr19	49769278	49769881	LINE/L2	1108	-	302	49769580	23515
chr19	49746065	49946065	harbor1	chr19	49770169	49770245	LINE/L2	1108	-	38	49770207	24142
chr19	49746065	49946065	harbor1	chr19	49773515	49774097	LINE/L2	831	-	291	49773806	27741
chr19	49751511	49951511	harbor1	chr19	49768871	49768968	LINE/L2	818	-	48	49768919	17408
chr19	49751511	49951511	harbor1	chr19	49769278	49769881	LINE/L2	1108	-	302	49769580	18069
chr19	49751511	49951511	harbor1	chr19	49770169	49770245	LINE/L2	1108	-	38	49770207	18696
chr19	49751511	49951511	harbor1	chr19	49773515	49774097	LINE/L2	831	-	291	49773806	22295
chr19	18335200	18535200	harbor1	chr19	18401034	18401261	LINE/L2	734	-	114	18401148	65948
chr19	18335200	18535200	harbor1	chr19	18401589	18401714	LINE/L2	734	-	62	18401651	66451
chr19	18335200	18535200	harbor1	chr19	18410897	18410992	LINE/L2	730	-	48	18410945	75745
chr19	18335200	18535200	harbor1	chr19	18411127	18411210	LINE/L2	730	-	42	18411169	75969
chr19	18335200	18535200	harbor1	chr19	18411509	18411691	LINE/L2	730	-	91	18411600	76400
chr19	5482378	5682378	harbor1	chr19	5497319	5497646	LINE/L2	926	-	164	5497483	15105
chr19	5482378	5682378	harbor1	chr19	5532241	5532315	LINE/L2	1670	-	37	5532278	49900
chr19	5482378	5682378	harbor1	chr19	5532618	5532793	LINE/L2	1670	-	88	5532706	50328
chr19	5482378	5682378	harbor1	chr19	5533315	5533637	LINE/L2	1670	-	161	5533476	51098
chr19	5482378	5682378	harbor1	chr19	5562444	5562649	LINE/L2	956	-	102	5562546	80168
chr19	5482378	5682378	harbor1	chr19	5562947	5563464	LINE/L2	956	-	258	5563205	80827
chr19	5522544	5722544	harbor1	chr19	5532241	5532315	LINE/L2	1670	-	37	5532278	9734
chr19	5522544	5722544	harbor1	chr19	5532618	5532793	LINE/L2	1670	-	88	5532706	10162
chr19	5522544	5722544	harbor1	chr19	5533315	5533637	LINE/L2	1670	-	161	5533476	10932
chr19	5522544	5722544	harbor1	chr19	5562444	5562649	LINE/L2	956	-	102	5562546	40002
chr19	5522544	5722544	harbor1	chr19	5562947	5563464	LINE/L2	956	-	258	5563205	40661
chr19	5521887	5721887	harbor1	chr19	5532241	5532315	LINE/L2	1670	-	37	5532278	10391
chr19	5521887	5721887	harbor1	chr19	5532618	5532793	LINE/L2	1670	-	88	5532706	10819
chr19	5521887	5721887	harbor1	chr19	5533315	5533637	LINE/L2	1670	-	161	5533476	11589
chr19	5521887	5721887	harbor1	chr19	5562444	5562649	LINE/L2	956	-	102	5562546	40659
chr19	5521887	5721887	harbor1	chr19	5562947	5563464	LINE/L2	956	-	258	5563205	41318
chr19	5521182	5721182	harbor1	chr19	5532241	5532315	LINE/L2	1670	-	37	5532278	11096
chr19	5521182	5721182	harbor1	chr19	5532618	5532793	LINE/L2	1670	-	88	5532706	11524
chr19	5521182	5721182	harbor1	chr19	5533315	5533637	LINE/L2	1670	-	161	5533476	12294
chr19	5521182	5721182	harbor1	chr19	5562444	5562649	LINE/L2	956	-	102	5562546	41364
chr19	5521182	5721182	harbor1	chr19	5562947	5563464	LINE/L2	956	-	258	5563205	42023
chr19	49751471	49951471	harbor1	chr19	49768871	49768968	LINE/L2	818	-	48	49768919	17448
chr19	49751471	49951471	harbor1	chr19	49769278	49769881	LINE/L2	1108	-	302	49769580	18109
chr19	49751471	49951471	harbor1	chr19	49770169	49770245	LINE/L2	1108	-	38	49770207	18736
chr19	49751471	49951471	harbor1	chr19	49773515	49774097	LINE/L2	831	-	291	49773806	22335
chr19	3434558	3634558	harbor1	chr19	3470357	3470501	LINE/L2	649	-	72	3470429	35871
chr19	3434558	3634558	harbor1	chr19	3470778	3471147	LINE/L2	796	-	184	3470962	36404
chr19	3434558	3634558	harbor1	chr19	3484045	3484133	LINE/L2	1193	-	44	3484089	49531
chr19	3434558	3634558	harbor1	chr19	3484445	3484529	LINE/L2	1193	-	42	3484487	49929
chr19	3434558	3634558	harbor1	chr19	3484821	3485236	LINE/L2	1193	-	208	3485029	50471
chr19	49288352	49488352	harbor1	chr19	49327554	49328112	LINE/L2	2692	-	279	49327833	39481
chr19	49288352	49488352	harbor1	chr19	49328467	49328629	LINE/L2	2692	-	81	49328548	40196
chr19	49288352	49488352	harbor1	chr19	49329452	49329501	LINE/L2	2692	-	24	49329476	41124
chr19	49288352	49488352	harbor1	chr19	49330127	49330549	LINE/L2	2692	-	211	49330338	41986
chr19	49288352	49488352	harbor1	chr19	49381324	49381886	LINE/L2	720	-	281	49381605	93253
chr19	12938923	13138923	harbor1	chr19	12965023	12965417	LINE/L2	1003	-	197	12965220	26297
chr19	5522872	5722872	harbor1	chr19	5532241	5532315	LINE/L2	1670	-	37	5532278	9406
chr19	5522872	5722872	harbor1	chr19	5532618	5532793	LINE/L2	1670	-	88	5532706	9834
chr19	5522872	5722872	harbor1	chr19	5533315	5533637	LINE/L2	1670	-	161	5533476	10604
chr19	5522872	5722872	harbor1	chr19	5562444	5562649	LINE/L2	956	-	102	5562546	39674
chr19	5522872	5722872	harbor1	chr19	5562947	5563464	LINE/L2	956	-	258	5563205	40333
chr19	10617933	10817933	harbor1	chr19	10620577	10620763	LINE/L2	1164	-	93	10620670	2737
chr19	10617933	10817933	harbor1	chr19	10621382	10621424	LINE/L2	1164	-	21	10621403	3470
chr19	10617933	10817933	harbor1	chr19	10622062	10622534	LINE/L2	1164	-	236	10622298	4365
chr19	10618461	10818461	harbor1	chr19	10620577	10620763	LINE/L2	1164	-	93	10620670	2209
chr19	10618461	10818461	harbor1	chr19	10621382	10621424	LINE/L2	1164	-	21	10621403	2942
chr19	10618461	10818461	harbor1	chr19	10622062	10622534	LINE/L2	1164	-	236	10622298	3837
chr19	5523021	5723021	harbor1	chr19	5532241	5532315	LINE/L2	1670	-	37	5532278	9257
chr19	5523021	5723021	harbor1	chr19	5532618	5532793	LINE/L2	1670	-	88	5532706	9685
chr19	5523021	5723021	harbor1	chr19	5533315	5533637	LINE/L2	1670	-	161	5533476	10455
chr19	5523021	5723021	harbor1	chr19	5562444	5562649	LINE/L2	956	-	102	5562546	39525
chr19	5523021	5723021	harbor1	chr19	5562947	5563464	LINE/L2	956	-	258	5563205	40184
chr19	49751494	49951494	harbor1	chr19	49768871	49768968	LINE/L2	818	-	48	49768919	17425
chr19	49751494	49951494	harbor1	chr19	49769278	49769881	LINE/L2	1108	-	302	49769580	18086
chr19	49751494	49951494	harbor1	chr19	49770169	49770245	LINE/L2	1108	-	38	49770207	18713
chr19	49751494	49951494	harbor1	chr19	49773515	49774097	LINE/L2	831	-	291	49773806	22312
chr19	10618491	10818491	harbor1	chr19	10620577	10620763	LINE/L2	1164	-	93	10620670	2179
chr19	10618491	10818491	harbor1	chr19	10621382	10621424	LINE/L2	1164	-	21	10621403	2912
chr19	10618491	10818491	harbor1	chr19	10622062	10622534	LINE/L2	1164	-	236	10622298	3807
chr19	10617851	10817851	harbor1	chr19	10620577	10620763	LINE/L2	1164	-	93	10620670	2819
chr19	10617851	10817851	harbor1	chr19	10621382	10621424	LINE/L2	1164	-	21	10621403	3552
chr19	10617851	10817851	harbor1	chr19	10622062	10622534	LINE/L2	1164	-	236	10622298	4447
chr19	10579276	10779276	harbor1	chr19	10620577	10620763	LINE/L2	1164	-	93	10620670	41394
chr19	10579276	10779276	harbor1	chr19	10621382	10621424	LINE/L2	1164	-	21	10621403	42127
chr19	10579276	10779276	harbor1	chr19	10622062	10622534	LINE/L2	1164	-	236	10622298	43022
chr19	12938351	13138351	harbor1	chr19	12965023	12965417	LINE/L2	1003	-	197	12965220	26869
chr19	5522534	5722534	harbor1	chr19	5532241	5532315	LINE/L2	1670	-	37	5532278	9744
chr19	5522534	5722534	harbor1	chr19	5532618	5532793	LINE/L2	1670	-	88	5532706	10172
chr19	5522534	5722534	harbor1	chr19	5533315	5533637	LINE/L2	1670	-	161	5533476	10942
chr19	5522534	5722534	harbor1	chr19	5562444	5562649	LINE/L2	956	-	102	5562546	40012
chr19	5522534	5722534	harbor1	chr19	5562947	5563464	LINE/L2	956	-	258	5563205	40671
chr19	48525076	48725076	harbor1	chr19	48549529	48549881	LINE/L2	781	-	176	48549705	24629
chr19	48525076	48725076	harbor1	chr19	48577731	48577930	LINE/L2	697	-	100	48577831	52755
chr19	48525076	48725076	harbor1	chr19	48588604	48589545	LINE/L2	1415	-	470	48589074	63998
chr19	49751348	49951348	harbor1	chr19	49768871	49768968	LINE/L2	818	-	48	49768919	17571
chr19	49751348	49951348	harbor1	chr19	49769278	49769881	LINE/L2	1108	-	302	49769580	18232
chr19	49751348	49951348	harbor1	chr19	49770169	49770245	LINE/L2	1108	-	38	49770207	18859
chr19	49751348	49951348	harbor1	chr19	49773515	49774097	LINE/L2	831	-	291	49773806	22458
chr19	16427350	16627350	harbor1	chr19	16463590	16464002	LINE/L2	685	-	206	16463796	36446
chr19	3456907	3656907	harbor1	chr19	3470357	3470501	LINE/L2	649	-	72	3470429	13522
chr19	3456907	3656907	harbor1	chr19	3470778	3471147	LINE/L2	796	-	184	3470962	14055
chr19	3456907	3656907	harbor1	chr19	3484045	3484133	LINE/L2	1193	-	44	3484089	27182
chr19	3456907	3656907	harbor1	chr19	3484445	3484529	LINE/L2	1193	-	42	3484487	27580
chr19	3456907	3656907	harbor1	chr19	3484821	3485236	LINE/L2	1193	-	208	3485029	28122
chr19	10601630	10801630	harbor1	chr19	10620577	10620763	LINE/L2	1164	-	93	10620670	19040
chr19	10601630	10801630	harbor1	chr19	10621382	10621424	LINE/L2	1164	-	21	10621403	19773
chr19	10601630	10801630	harbor1	chr19	10622062	10622534	LINE/L2	1164	-	236	10622298	20668
chr19	1812679	2012679	harbor1	chr19	1850169	1850438	LINE/L2	1015	-	134	1850303	37624
chr19	1812679	2012679	harbor1	chr19	1850751	1851356	LINE/L2	1505	-	302	1851053	38374
chr19	5521937	5721937	harbor1	chr19	5532241	5532315	LINE/L2	1670	-	37	5532278	10341
chr19	5521937	5721937	harbor1	chr19	5532618	5532793	LINE/L2	1670	-	88	5532706	10769
chr19	5521937	5721937	harbor1	chr19	5533315	5533637	LINE/L2	1670	-	161	5533476	11539
chr19	5521937	5721937	harbor1	chr19	5562444	5562649	LINE/L2	956	-	102	5562546	40609
chr19	5521937	5721937	harbor1	chr19	5562947	5563464	LINE/L2	956	-	258	5563205	41268
chr19	10618493	10818493	harbor1	chr19	10620577	10620763	LINE/L2	1164	-	93	10620670	2177
chr19	10618493	10818493	harbor1	chr19	10621382	10621424	LINE/L2	1164	-	21	10621403	2910
chr19	10618493	10818493	harbor1	chr19	10622062	10622534	LINE/L2	1164	-	236	10622298	3805
chr19	49751354	49951354	harbor1	chr19	49768871	49768968	LINE/L2	818	-	48	49768919	17565
chr19	49751354	49951354	harbor1	chr19	49769278	49769881	LINE/L2	1108	-	302	49769580	18226
chr19	49751354	49951354	harbor1	chr19	49770169	49770245	LINE/L2	1108	-	38	49770207	18853
chr19	49751354	49951354	harbor1	chr19	49773515	49774097	LINE/L2	831	-	291	49773806	22452
chr19	5516398	5716398	harbor1	chr19	5532241	5532315	LINE/L2	1670	-	37	5532278	15880
chr19	5516398	5716398	harbor1	chr19	5532618	5532793	LINE/L2	1670	-	88	5532706	16308
chr19	5516398	5716398	harbor1	chr19	5533315	5533637	LINE/L2	1670	-	161	5533476	17078
chr19	5516398	5716398	harbor1	chr19	5562444	5562649	LINE/L2	956	-	102	5562546	46148
chr19	5516398	5716398	harbor1	chr19	5562947	5563464	LINE/L2	956	-	258	5563205	46807
chr19	12915662	13115662	harbor1	chr19	12965023	12965417	LINE/L2	1003	-	197	12965220	49558
chr19	57140991	57340991	harbor1	chr19	57165822	57166323	LINE/L2	720	-	250	57166072	25081
chr19	57140991	57340991	harbor1	chr19	57166608	57167005	LINE/L2	720	-	198	57166806	25815
chr19	5521960	5721960	harbor1	chr19	5532241	5532315	LINE/L2	1670	-	37	5532278	10318
chr19	5521960	5721960	harbor1	chr19	5532618	5532793	LINE/L2	1670	-	88	5532706	10746
chr19	5521960	5721960	harbor1	chr19	5533315	5533637	LINE/L2	1670	-	161	5533476	11516
chr19	5521960	5721960	harbor1	chr19	5562444	5562649	LINE/L2	956	-	102	5562546	40586
chr19	5521960	5721960	harbor1	chr19	5562947	5563464	LINE/L2	956	-	258	5563205	41245
chr19	5523053	5723053	harbor1	chr19	5532241	5532315	LINE/L2	1670	-	37	5532278	9225
chr19	5523053	5723053	harbor1	chr19	5532618	5532793	LINE/L2	1670	-	88	5532706	9653
chr19	5523053	5723053	harbor1	chr19	5533315	5533637	LINE/L2	1670	-	161	5533476	10423
chr19	5523053	5723053	harbor1	chr19	5562444	5562649	LINE/L2	956	-	102	5562546	39493
chr19	5523053	5723053	harbor1	chr19	5562947	5563464	LINE/L2	956	-	258	5563205	40152
chr19	5521766	5721766	harbor1	chr19	5532241	5532315	LINE/L2	1670	-	37	5532278	10512
chr19	5521766	5721766	harbor1	chr19	5532618	5532793	LINE/L2	1670	-	88	5532706	10940
chr19	5521766	5721766	harbor1	chr19	5533315	5533637	LINE/L2	1670	-	161	5533476	11710
chr19	5521766	5721766	harbor1	chr19	5562444	5562649	LINE/L2	956	-	102	5562546	40780
chr19	5521766	5721766	harbor1	chr19	5562947	5563464	LINE/L2	956	-	258	5563205	41439
chr19	2663252	2863252	harbor1	chr19	2742648	2742857	LINE/L2	854	-	104	2742752	79500
chr19	2663252	2863252	harbor1	chr19	2742990	2743266	LINE/L2	854	-	138	2743128	79876
chr19	5522885	5722885	harbor1	chr19	5532241	5532315	LINE/L2	1670	-	37	5532278	9393
chr19	5522885	5722885	harbor1	chr19	5532618	5532793	LINE/L2	1670	-	88	5532706	9821
chr19	5522885	5722885	harbor1	chr19	5533315	5533637	LINE/L2	1670	-	161	5533476	10591
chr19	5522885	5722885	harbor1	chr19	5562444	5562649	LINE/L2	956	-	102	5562546	39661
chr19	5522885	5722885	harbor1	chr19	5562947	5563464	LINE/L2	956	-	258	5563205	40320
chr19	49751516	49951516	harbor1	chr19	49768871	49768968	LINE/L2	818	-	48	49768919	17403
chr19	49751516	49951516	harbor1	chr19	49769278	49769881	LINE/L2	1108	-	302	49769580	18064
chr19	49751516	49951516	harbor1	chr19	49770169	49770245	LINE/L2	1108	-	38	49770207	18691
chr19	49751516	49951516	harbor1	chr19	49773515	49774097	LINE/L2	831	-	291	49773806	22290
chr19	8313330	8513330	harbor1	chr19	8396325	8397353	LINE/L2	1310	-	514	8396839	83509
chr19	12938721	13138721	harbor1	chr19	12965023	12965417	LINE/L2	1003	-	197	12965220	26499
chr19	44901381	45101381	harbor1	chr19	44957816	44958369	LINE/L2	1362	-	276	44958092	56711
chr19	57140995	57340995	harbor1	chr19	57165822	57166323	LINE/L2	720	-	250	57166072	25077
chr19	57140995	57340995	harbor1	chr19	57166608	57167005	LINE/L2	720	-	198	57166806	25811
chr19	12938377	13138377	harbor1	chr19	12965023	12965417	LINE/L2	1003	-	197	12965220	26843
chr19	10618492	10818492	harbor1	chr19	10620577	10620763	LINE/L2	1164	-	93	10620670	2178
chr19	10618492	10818492	harbor1	chr19	10621382	10621424	LINE/L2	1164	-	21	10621403	2911
chr19	10618492	10818492	harbor1	chr19	10622062	10622534	LINE/L2	1164	-	236	10622298	3806
chr19	5522875	5722875	harbor1	chr19	5532241	5532315	LINE/L2	1670	-	37	5532278	9403
chr19	5522875	5722875	harbor1	chr19	5532618	5532793	LINE/L2	1670	-	88	5532706	9831
chr19	5522875	5722875	harbor1	chr19	5533315	5533637	LINE/L2	1670	-	161	5533476	10601
chr19	5522875	5722875	harbor1	chr19	5562444	5562649	LINE/L2	956	-	102	5562546	39671
chr19	5522875	5722875	harbor1	chr19	5562947	5563464	LINE/L2	956	-	258	5563205	40330
chr19	57091928	57291928	harbor1	chr19	57165822	57166323	LINE/L2	720	-	250	57166072	74144
chr19	57091928	57291928	harbor1	chr19	57166608	57167005	LINE/L2	720	-	198	57166806	74878
chr19	35443648	35643648	harbor1	chr19	35444916	35445296	LINE/L2	866	-	190	35445106	1458
chr19	35443648	35643648	harbor1	chr19	35445604	35446238	LINE/L2	866	-	317	35445921	2273
chr19	35443648	35643648	harbor1	chr19	35459904	35460340	LINE/L2	853	-	218	35460122	16474
chr19	35443648	35643648	harbor1	chr19	35517396	35517718	LINE/L2	700	-	161	35517557	73909
chr19	12934465	13134465	harbor1	chr19	12965023	12965417	LINE/L2	1003	-	197	12965220	30755
chr19	5486689	5686689	harbor1	chr19	5497319	5497646	LINE/L2	926	-	164	5497483	10794
chr19	5486689	5686689	harbor1	chr19	5532241	5532315	LINE/L2	1670	-	37	5532278	45589
chr19	5486689	5686689	harbor1	chr19	5532618	5532793	LINE/L2	1670	-	88	5532706	46017
chr19	5486689	5686689	harbor1	chr19	5533315	5533637	LINE/L2	1670	-	161	5533476	46787
chr19	5486689	5686689	harbor1	chr19	5562444	5562649	LINE/L2	956	-	102	5562546	75857
chr19	5486689	5686689	harbor1	chr19	5562947	5563464	LINE/L2	956	-	258	5563205	76516
chr19	49751358	49951358	harbor1	chr19	49768871	49768968	LINE/L2	818	-	48	49768919	17561
chr19	49751358	49951358	harbor1	chr19	49769278	49769881	LINE/L2	1108	-	302	49769580	18222
chr19	49751358	49951358	harbor1	chr19	49770169	49770245	LINE/L2	1108	-	38	49770207	18849
chr19	49751358	49951358	harbor1	chr19	49773515	49774097	LINE/L2	831	-	291	49773806	22448
chr19	10735518	10935518	harbor1	chr19	10747924	10748387	LINE/L2	822	-	232	10748156	12638
chr19	10735518	10935518	harbor1	chr19	10788255	10788586	LINE/L2	706	-	166	10788421	52903
chr19	10735518	10935518	harbor1	chr19	10820313	10820865	LINE/L2	782	-	276	10820589	85071
chr19	5522557	5722557	harbor1	chr19	5532241	5532315	LINE/L2	1670	-	37	5532278	9721
chr19	5522557	5722557	harbor1	chr19	5532618	5532793	LINE/L2	1670	-	88	5532706	10149
chr19	5522557	5722557	harbor1	chr19	5533315	5533637	LINE/L2	1670	-	161	5533476	10919
chr19	5522557	5722557	harbor1	chr19	5562444	5562649	LINE/L2	956	-	102	5562546	39989
chr19	5522557	5722557	harbor1	chr19	5562947	5563464	LINE/L2	956	-	258	5563205	40648
chr19	12898772	13098772	harbor1	chr19	12965023	12965417	LINE/L2	1003	-	197	12965220	66448
chr19	3400978	3600978	harbor1	chr19	3400872	3401416	LINE/L2	1581	-	272	3401144	166
chr19	3400978	3600978	harbor1	chr19	3402443	3402930	LINE/L2	1364	-	244	3402687	1709
chr19	3400978	3600978	harbor1	chr19	3406828	3407096	LINE/L2	851	-	134	3406962	5984
chr19	3400978	3600978	harbor1	chr19	3410345	3410697	LINE/L2	999	-	176	3410521	9543
chr19	3400978	3600978	harbor1	chr19	3470357	3470501	LINE/L2	649	-	72	3470429	69451
chr19	3400978	3600978	harbor1	chr19	3470778	3471147	LINE/L2	796	-	184	3470962	69984
chr19	3400978	3600978	harbor1	chr19	3484045	3484133	LINE/L2	1193	-	44	3484089	83111
chr19	3400978	3600978	harbor1	chr19	3484445	3484529	LINE/L2	1193	-	42	3484487	83509
chr19	3400978	3600978	harbor1	chr19	3484821	3485236	LINE/L2	1193	-	208	3485029	84051
chr19	1763168	1963168	harbor1	chr19	1850169	1850438	LINE/L2	1015	-	134	1850303	87135
chr19	1763168	1963168	harbor1	chr19	1850751	1851356	LINE/L2	1505	-	302	1851053	87885
chr19	5522878	5722878	harbor1	chr19	5532241	5532315	LINE/L2	1670	-	37	5532278	9400
chr19	5522878	5722878	harbor1	chr19	5532618	5532793	LINE/L2	1670	-	88	5532706	9828
chr19	5522878	5722878	harbor1	chr19	5533315	5533637	LINE/L2	1670	-	161	5533476	10598
chr19	5522878	5722878	harbor1	chr19	5562444	5562649	LINE/L2	956	-	102	5562546	39668
chr19	5522878	5722878	harbor1	chr19	5562947	5563464	LINE/L2	956	-	258	5563205	40327
chr19	9986298	10186298	harbor1	chr19	10067912	10068234	LINE/L2	801	-	161	10068073	81775
chr19	9986298	10186298	harbor1	chr19	10068535	10068545	LINE/L2	801	-	5	10068540	82242
chr19	9986298	10186298	harbor1	chr19	10069349	10069573	LINE/L2	777	-	112	10069461	83163
chr19	9986298	10186298	harbor1	chr19	10069859	10070092	LINE/L2	777	-	116	10069975	83677
chr19	49751409	49951409	harbor1	chr19	49768871	49768968	LINE/L2	818	-	48	49768919	17510
chr19	49751409	49951409	harbor1	chr19	49769278	49769881	LINE/L2	1108	-	302	49769580	18171
chr19	49751409	49951409	harbor1	chr19	49770169	49770245	LINE/L2	1108	-	38	49770207	18798
chr19	49751409	49951409	harbor1	chr19	49773515	49774097	LINE/L2	831	-	291	49773806	22397
chr19	44518410	44718410	harbor1	chr19	44530244	44530272	LINE/L2	1139	-	14	44530258	11848
chr19	44518410	44718410	harbor1	chr19	44530578	44530896	LINE/L2	1139	-	159	44530737	12327
chr19	44518410	44718410	harbor1	chr19	44541591	44541747	LINE/L2	728	-	78	44541669	23259
chr19	44518410	44718410	harbor1	chr19	44542073	44542246	LINE/L2	728	-	86	44542159	23749
chr19	44518410	44718410	harbor1	chr19	44596576	44597090	LINE/L2	738	-	257	44596833	78423
chr19	44518410	44718410	harbor1	chr19	44612608	44612981	LINE/L2	717	-	186	44612794	94384
chr19	49288353	49488353	harbor1	chr19	49327554	49328112	LINE/L2	2692	-	279	49327833	39480
chr19	49288353	49488353	harbor1	chr19	49328467	49328629	LINE/L2	2692	-	81	49328548	40195
chr19	49288353	49488353	harbor1	chr19	49329452	49329501	LINE/L2	2692	-	24	49329476	41123
chr19	49288353	49488353	harbor1	chr19	49330127	49330549	LINE/L2	2692	-	211	49330338	41985
chr19	49288353	49488353	harbor1	chr19	49381324	49381886	LINE/L2	720	-	281	49381605	93252
chr19	1757423	1957423	harbor1	chr19	1850169	1850438	LINE/L2	1015	-	134	1850303	92880
chr19	1757423	1957423	harbor1	chr19	1850751	1851356	LINE/L2	1505	-	302	1851053	93630
chr19	10043853	10243853	harbor1	chr19	10067912	10068234	LINE/L2	801	-	161	10068073	24220
chr19	10043853	10243853	harbor1	chr19	10068535	10068545	LINE/L2	801	-	5	10068540	24687
chr19	10043853	10243853	harbor1	chr19	10069349	10069573	LINE/L2	777	-	112	10069461	25608
chr19	10043853	10243853	harbor1	chr19	10069859	10070092	LINE/L2	777	-	116	10069975	26122
chr19	10043853	10243853	harbor1	chr19	10100607	10100840	LINE/L2	743	-	116	10100723	56870
chr19	5521969	5721969	harbor1	chr19	5532241	5532315	LINE/L2	1670	-	37	5532278	10309
chr19	5521969	5721969	harbor1	chr19	5532618	5532793	LINE/L2	1670	-	88	5532706	10737
chr19	5521969	5721969	harbor1	chr19	5533315	5533637	LINE/L2	1670	-	161	5533476	11507
chr19	5521969	5721969	harbor1	chr19	5562444	5562649	LINE/L2	956	-	102	5562546	40577
chr19	5521969	5721969	harbor1	chr19	5562947	5563464	LINE/L2	956	-	258	5563205	41236
chr19	39407242	39607242	harbor1	chr19	39446252	39446619	LINE/L2	920	-	184	39446436	39194
chr19	39407242	39607242	harbor1	chr19	39465238	39465505	LINE/L2	1040	-	134	39465372	58130
chr19	39407242	39607242	harbor1	chr19	39465726	39465840	LINE/L2	1040	-	57	39465783	58541
chr19	39407242	39607242	harbor1	chr19	39466057	39466359	LINE/L2	1040	-	151	39466208	58966
chr19	39407242	39607242	harbor1	chr19	39471918	39472244	LINE/L2	809	-	163	39472081	64839
chr19	39407242	39607242	harbor1	chr19	39474778	39475105	LINE/L2	830	-	164	39474942	67700
chr19	39407242	39607242	harbor1	chr19	39475407	39475544	LINE/L2	830	-	68	39475475	68233
chr19	55575001	55775001	harbor1	chr19	55607880	55608312	LINE/L2	1003	-	216	55608096	33095
chr19	35529181	35729181	harbor1	chr19	35555927	35556375	LINE/L2	1340	-	224	35556151	26970
chr19	35529181	35729181	harbor1	chr19	35606859	35607078	LINE/L2	663	-	110	35606969	77788
chr19	5522547	5722547	harbor1	chr19	5532241	5532315	LINE/L2	1670	-	37	5532278	9731
chr19	5522547	5722547	harbor1	chr19	5532618	5532793	LINE/L2	1670	-	88	5532706	10159
chr19	5522547	5722547	harbor1	chr19	5533315	5533637	LINE/L2	1670	-	161	5533476	10929
chr19	5522547	5722547	harbor1	chr19	5562444	5562649	LINE/L2	956	-	102	5562546	39999
chr19	5522547	5722547	harbor1	chr19	5562947	5563464	LINE/L2	956	-	258	5563205	40658
chr19	57140996	57340996	harbor1	chr19	57165822	57166323	LINE/L2	720	-	250	57166072	25076
chr19	57140996	57340996	harbor1	chr19	57166608	57167005	LINE/L2	720	-	198	57166806	25810
chr19	4570478	4770478	harbor1	chr19	4589880	4590012	LINE/L2	856	-	66	4589946	19468
chr19	4570478	4770478	harbor1	chr19	4590178	4590276	LINE/L2	905	-	49	4590227	19749
chr19	4570478	4770478	harbor1	chr19	4590576	4590741	LINE/L2	905	-	82	4590658	20180
chr19	4570478	4770478	harbor1	chr19	4633083	4633448	LINE/L2	1070	-	182	4633265	62787
chr19	4570478	4770478	harbor1	chr19	4642528	4642991	LINE/L2	829	-	232	4642760	72282
chr19	15091758	15291758	harbor1	chr19	15150328	15150834	LINE/L2	643	-	253	15150581	58823
chr19	15091758	15291758	harbor1	chr19	15175063	15175250	LINE/L2	1042	-	94	15175157	83399
chr19	15091758	15291758	harbor1	chr19	15175554	15175590	LINE/L2	1042	-	18	15175572	83814
chr19	15091758	15291758	harbor1	chr19	15175628	15175918	LINE/L2	1042	-	145	15175773	84015
chr19	9986300	10186300	harbor1	chr19	10067912	10068234	LINE/L2	801	-	161	10068073	81773
chr19	9986300	10186300	harbor1	chr19	10068535	10068545	LINE/L2	801	-	5	10068540	82240
chr19	9986300	10186300	harbor1	chr19	10069349	10069573	LINE/L2	777	-	112	10069461	83161
chr19	9986300	10186300	harbor1	chr19	10069859	10070092	LINE/L2	777	-	116	10069975	83675
chr19	49751330	49951330	harbor1	chr19	49768871	49768968	LINE/L2	818	-	48	49768919	17589
chr19	49751330	49951330	harbor1	chr19	49769278	49769881	LINE/L2	1108	-	302	49769580	18250
chr19	49751330	49951330	harbor1	chr19	49770169	49770245	LINE/L2	1108	-	38	49770207	18877
chr19	49751330	49951330	harbor1	chr19	49773515	49774097	LINE/L2	831	-	291	49773806	22476
chr19	10618545	10818545	harbor1	chr19	10620577	10620763	LINE/L2	1164	-	93	10620670	2125
chr19	10618545	10818545	harbor1	chr19	10621382	10621424	LINE/L2	1164	-	21	10621403	2858
chr19	10618545	10818545	harbor1	chr19	10622062	10622534	LINE/L2	1164	-	236	10622298	3753
chr19	5518829	5718829	harbor1	chr19	5532241	5532315	LINE/L2	1670	-	37	5532278	13449
chr19	5518829	5718829	harbor1	chr19	5532618	5532793	LINE/L2	1670	-	88	5532706	13877
chr19	5518829	5718829	harbor1	chr19	5533315	5533637	LINE/L2	1670	-	161	5533476	14647
chr19	5518829	5718829	harbor1	chr19	5562444	5562649	LINE/L2	956	-	102	5562546	43717
chr19	5518829	5718829	harbor1	chr19	5562947	5563464	LINE/L2	956	-	258	5563205	44376
chr19	49751380	49951380	harbor1	chr19	49768871	49768968	LINE/L2	818	-	48	49768919	17539
chr19	49751380	49951380	harbor1	chr19	49769278	49769881	LINE/L2	1108	-	302	49769580	18200
chr19	49751380	49951380	harbor1	chr19	49770169	49770245	LINE/L2	1108	-	38	49770207	18827
chr19	49751380	49951380	harbor1	chr19	49773515	49774097	LINE/L2	831	-	291	49773806	22426
chr19	18323630	18523630	harbor1	chr19	18401034	18401261	LINE/L2	734	-	114	18401148	77518
chr19	18323630	18523630	harbor1	chr19	18401589	18401714	LINE/L2	734	-	62	18401651	78021
chr19	18323630	18523630	harbor1	chr19	18410897	18410992	LINE/L2	730	-	48	18410945	87315
chr19	18323630	18523630	harbor1	chr19	18411127	18411210	LINE/L2	730	-	42	18411169	87539
chr19	18323630	18523630	harbor1	chr19	18411509	18411691	LINE/L2	730	-	91	18411600	87970
chr19	5522542	5722542	harbor1	chr19	5532241	5532315	LINE/L2	1670	-	37	5532278	9736
chr19	5522542	5722542	harbor1	chr19	5532618	5532793	LINE/L2	1670	-	88	5532706	10164
chr19	5522542	5722542	harbor1	chr19	5533315	5533637	LINE/L2	1670	-	161	5533476	10934
chr19	5522542	5722542	harbor1	chr19	5562444	5562649	LINE/L2	956	-	102	5562546	40004
chr19	5522542	5722542	harbor1	chr19	5562947	5563464	LINE/L2	956	-	258	5563205	40663
chr19	3287910	3487910	harbor1	chr19	3291596	3291868	LINE/L2	742	-	136	3291732	3822
chr19	3287910	3487910	harbor1	chr19	3316083	3316830	LINE/L2	1267	-	374	3316457	28547
chr19	3287910	3487910	harbor1	chr19	3344803	3345105	LINE/L2	801	-	151	3344954	57044
chr19	57140775	57340775	harbor1	chr19	57165822	57166323	LINE/L2	720	-	250	57166072	25297
chr19	57140775	57340775	harbor1	chr19	57166608	57167005	LINE/L2	720	-	198	57166806	26031
chr19	5523058	5723058	harbor1	chr19	5532241	5532315	LINE/L2	1670	-	37	5532278	9220
chr19	5523058	5723058	harbor1	chr19	5532618	5532793	LINE/L2	1670	-	88	5532706	9648
chr19	5523058	5723058	harbor1	chr19	5533315	5533637	LINE/L2	1670	-	161	5533476	10418
chr19	5523058	5723058	harbor1	chr19	5562444	5562649	LINE/L2	956	-	102	5562546	39488
chr19	5523058	5723058	harbor1	chr19	5562947	5563464	LINE/L2	956	-	258	5563205	40147
chr19	10618552	10818552	harbor1	chr19	10620577	10620763	LINE/L2	1164	-	93	10620670	2118
chr19	10618552	10818552	harbor1	chr19	10621382	10621424	LINE/L2	1164	-	21	10621403	2851
chr19	10618552	10818552	harbor1	chr19	10622062	10622534	LINE/L2	1164	-	236	10622298	3746
chr19	10618444	10818444	harbor1	chr19	10620577	10620763	LINE/L2	1164	-	93	10620670	2226
chr19	10618444	10818444	harbor1	chr19	10621382	10621424	LINE/L2	1164	-	21	10621403	2959
chr19	10618444	10818444	harbor1	chr19	10622062	10622534	LINE/L2	1164	-	236	10622298	3854
chr19	10710158	10910158	harbor1	chr19	10747924	10748387	LINE/L2	822	-	232	10748156	37998
chr19	10710158	10910158	harbor1	chr19	10788255	10788586	LINE/L2	706	-	166	10788421	78263
chr19	33076653	33276653	harbor1	chr19	33081373	33081885	LINE/L2	1000	-	256	33081629	4976
chr19	33076653	33276653	harbor1	chr19	33082008	33082274	LINE/L2	1000	-	133	33082141	5488
chr19	33076653	33276653	harbor1	chr19	33172519	33172808	LINE/L2	936	-	144	33172663	96010
chr19	33076653	33276653	harbor1	chr19	33173122	33173217	LINE/L2	936	-	48	33173170	96517
chr19	5522867	5722867	harbor1	chr19	5532241	5532315	LINE/L2	1670	-	37	5532278	9411
chr19	5522867	5722867	harbor1	chr19	5532618	5532793	LINE/L2	1670	-	88	5532706	9839
chr19	5522867	5722867	harbor1	chr19	5533315	5533637	LINE/L2	1670	-	161	5533476	10609
chr19	5522867	5722867	harbor1	chr19	5562444	5562649	LINE/L2	956	-	102	5562546	39679
chr19	5522867	5722867	harbor1	chr19	5562947	5563464	LINE/L2	956	-	258	5563205	40338
chr19	48525185	48725185	harbor1	chr19	48549529	48549881	LINE/L2	781	-	176	48549705	24520
chr19	48525185	48725185	harbor1	chr19	48577731	48577930	LINE/L2	697	-	100	48577831	52646
chr19	48525185	48725185	harbor1	chr19	48588604	48589545	LINE/L2	1415	-	470	48589074	63889
chr19	5489582	5689582	harbor1	chr19	5497319	5497646	LINE/L2	926	-	164	5497483	7901
chr19	5489582	5689582	harbor1	chr19	5532241	5532315	LINE/L2	1670	-	37	5532278	42696
chr19	5489582	5689582	harbor1	chr19	5532618	5532793	LINE/L2	1670	-	88	5532706	43124
chr19	5489582	5689582	harbor1	chr19	5533315	5533637	LINE/L2	1670	-	161	5533476	43894
chr19	5489582	5689582	harbor1	chr19	5562444	5562649	LINE/L2	956	-	102	5562546	72964
chr19	5489582	5689582	harbor1	chr19	5562947	5563464	LINE/L2	956	-	258	5563205	73623
chr19	5522587	5722587	harbor1	chr19	5532241	5532315	LINE/L2	1670	-	37	5532278	9691
chr19	5522587	5722587	harbor1	chr19	5532618	5532793	LINE/L2	1670	-	88	5532706	10119
chr19	5522587	5722587	harbor1	chr19	5533315	5533637	LINE/L2	1670	-	161	5533476	10889
chr19	5522587	5722587	harbor1	chr19	5562444	5562649	LINE/L2	956	-	102	5562546	39959
chr19	5522587	5722587	harbor1	chr19	5562947	5563464	LINE/L2	956	-	258	5563205	40618
chr19	10617879	10817879	harbor1	chr19	10620577	10620763	LINE/L2	1164	-	93	10620670	2791
chr19	10617879	10817879	harbor1	chr19	10621382	10621424	LINE/L2	1164	-	21	10621403	3524
chr19	10617879	10817879	harbor1	chr19	10622062	10622534	LINE/L2	1164	-	236	10622298	4419
chr19	5518947	5718947	harbor1	chr19	5532241	5532315	LINE/L2	1670	-	37	5532278	13331
chr19	5518947	5718947	harbor1	chr19	5532618	5532793	LINE/L2	1670	-	88	5532706	13759
chr19	5518947	5718947	harbor1	chr19	5533315	5533637	LINE/L2	1670	-	161	5533476	14529
chr19	5518947	5718947	harbor1	chr19	5562444	5562649	LINE/L2	956	-	102	5562546	43599
chr19	5518947	5718947	harbor1	chr19	5562947	5563464	LINE/L2	956	-	258	5563205	44258
chr19	4073246	4273246	harbor1	chr19	4139190	4139212	LINE/L2	716	-	11	4139201	65955
chr19	4073246	4273246	harbor1	chr19	4139518	4140150	LINE/L2	1021	-	316	4139834	66588
chr19	32964890	33164890	harbor1	chr19	32997791	32998075	LINE/L2	755	-	142	32997933	33043
chr19	32964890	33164890	harbor1	chr19	32997250	32997489	LINE/L2	755	-	120	32997370	32480
chr19	49751467	49951467	harbor1	chr19	49768871	49768968	LINE/L2	818	-	48	49768919	17452
chr19	49751467	49951467	harbor1	chr19	49769278	49769881	LINE/L2	1108	-	302	49769580	18113
chr19	49751467	49951467	harbor1	chr19	49770169	49770245	LINE/L2	1108	-	38	49770207	18740
chr19	49751467	49951467	harbor1	chr19	49773515	49774097	LINE/L2	831	-	291	49773806	22339
chr19	35165609	35365609	harbor1	chr19	35165817	35166045	LINE/L2	897	-	114	35165931	322
chr19	35165609	35365609	harbor1	chr19	35168166	35168571	LINE/L2	693	-	202	35168368	2759
chr19	49751332	49951332	harbor1	chr19	49768871	49768968	LINE/L2	818	-	48	49768919	17587
chr19	49751332	49951332	harbor1	chr19	49769278	49769881	LINE/L2	1108	-	302	49769580	18248
chr19	49751332	49951332	harbor1	chr19	49770169	49770245	LINE/L2	1108	-	38	49770207	18875
chr19	49751332	49951332	harbor1	chr19	49773515	49774097	LINE/L2	831	-	291	49773806	22474
chr19	3352627	3552627	harbor1	chr19	3400098	3400193	LINE/L2	1581	-	48	3400146	47519
chr19	3352627	3552627	harbor1	chr19	3400490	3400564	LINE/L2	1581	-	37	3400527	47900
chr19	3352627	3552627	harbor1	chr19	3400872	3401416	LINE/L2	1581	-	272	3401144	48517
chr19	3352627	3552627	harbor1	chr19	3402443	3402930	LINE/L2	1364	-	244	3402687	50060
chr19	3352627	3552627	harbor1	chr19	3406828	3407096	LINE/L2	851	-	134	3406962	54335
chr19	3352627	3552627	harbor1	chr19	3410345	3410697	LINE/L2	999	-	176	3410521	57894
chr19	697422	897422	harbor1	chr19	737491	738101	LINE/L2	715	-	305	737796	40374
chr19	5522894	5722894	harbor1	chr19	5532241	5532315	LINE/L2	1670	-	37	5532278	9384
chr19	5522894	5722894	harbor1	chr19	5532618	5532793	LINE/L2	1670	-	88	5532706	9812
chr19	5522894	5722894	harbor1	chr19	5533315	5533637	LINE/L2	1670	-	161	5533476	10582
chr19	5522894	5722894	harbor1	chr19	5562444	5562649	LINE/L2	956	-	102	5562546	39652
chr19	5522894	5722894	harbor1	chr19	5562947	5563464	LINE/L2	956	-	258	5563205	40311
chr19	10618447	10818447	harbor1	chr19	10620577	10620763	LINE/L2	1164	-	93	10620670	2223
chr19	10618447	10818447	harbor1	chr19	10621382	10621424	LINE/L2	1164	-	21	10621403	2956
chr19	10618447	10818447	harbor1	chr19	10622062	10622534	LINE/L2	1164	-	236	10622298	3851
chr19	48525114	48725114	harbor1	chr19	48549529	48549881	LINE/L2	781	-	176	48549705	24591
chr19	48525114	48725114	harbor1	chr19	48577731	48577930	LINE/L2	697	-	100	48577831	52717
chr19	48525114	48725114	harbor1	chr19	48588604	48589545	LINE/L2	1415	-	470	48589074	63960
chr19	10618466	10818466	harbor1	chr19	10620577	10620763	LINE/L2	1164	-	93	10620670	2204
chr19	10618466	10818466	harbor1	chr19	10621382	10621424	LINE/L2	1164	-	21	10621403	2937
chr19	10618466	10818466	harbor1	chr19	10622062	10622534	LINE/L2	1164	-	236	10622298	3832
chr19	6729031	6929031	harbor1	chr19	6771847	6772454	LINE/L2	981	-	304	6772151	43120
chr19	6729031	6929031	harbor1	chr19	6777263	6777678	LINE/L2	1014	-	208	6777471	48440
chr19	6729031	6929031	harbor1	chr19	6766591	6767160	LINE/L2	649	-	284	6766875	37844
chr19	39302722	39502722	harbor1	chr19	39348173	39348903	LINE/L2	1072	-	365	39348538	45816
chr19	39302722	39502722	harbor1	chr19	39374875	39375495	LINE/L2	878	-	310	39375185	72463
chr19	5599502	5799502	harbor1	chr19	5683455	5683609	LINE/L2	800	-	77	5683532	84030
chr19	5599502	5799502	harbor1	chr19	5683923	5683965	LINE/L2	800	-	21	5683944	84442
chr19	5599502	5799502	harbor1	chr19	5684315	5684729	LINE/L2	800	-	207	5684522	85020
chr19	49730221	49930221	harbor1	chr19	49768871	49768968	LINE/L2	818	-	48	49768919	38698
chr19	49730221	49930221	harbor1	chr19	49769278	49769881	LINE/L2	1108	-	302	49769580	39359
chr19	49730221	49930221	harbor1	chr19	49770169	49770245	LINE/L2	1108	-	38	49770207	39986
chr19	49730221	49930221	harbor1	chr19	49773515	49774097	LINE/L2	831	-	291	49773806	43585
chr19	5521174	5721174	harbor1	chr19	5532241	5532315	LINE/L2	1670	-	37	5532278	11104
chr19	5521174	5721174	harbor1	chr19	5532618	5532793	LINE/L2	1670	-	88	5532706	11532
chr19	5521174	5721174	harbor1	chr19	5533315	5533637	LINE/L2	1670	-	161	5533476	12302
chr19	5521174	5721174	harbor1	chr19	5562444	5562649	LINE/L2	956	-	102	5562546	41372
chr19	5521174	5721174	harbor1	chr19	5562947	5563464	LINE/L2	956	-	258	5563205	42031
chr19	49767555	49967555	harbor1	chr19	49768871	49768968	LINE/L2	818	-	48	49768919	1364
chr19	49767555	49967555	harbor1	chr19	49769278	49769881	LINE/L2	1108	-	302	49769580	2025
chr19	49767555	49967555	harbor1	chr19	49770169	49770245	LINE/L2	1108	-	38	49770207	2652
chr19	49767555	49967555	harbor1	chr19	49773515	49774097	LINE/L2	831	-	291	49773806	6251
chr19	39302740	39502740	harbor1	chr19	39348173	39348903	LINE/L2	1072	-	365	39348538	45798
chr19	39302740	39502740	harbor1	chr19	39374875	39375495	LINE/L2	878	-	310	39375185	72445
chr19	47128433	47328433	harbor1	chr19	47132936	47133218	LINE/L2	804	-	141	47133077	4644
chr19	47128433	47328433	harbor1	chr19	47133526	47133850	LINE/L2	804	-	162	47133688	5255
chr19	47128433	47328433	harbor1	chr19	47134161	47134262	LINE/L2	804	-	50	47134211	5778
chr19	13953723	14153723	harbor1	chr19	14050151	14050219	LINE/L2	899	-	34	14050185	96462
chr19	13953723	14153723	harbor1	chr19	14050536	14050718	LINE/L2	899	-	91	14050627	96904
chr19	10618454	10818454	harbor1	chr19	10620577	10620763	LINE/L2	1164	-	93	10620670	2216
chr19	10618454	10818454	harbor1	chr19	10621382	10621424	LINE/L2	1164	-	21	10621403	2949
chr19	10618454	10818454	harbor1	chr19	10622062	10622534	LINE/L2	1164	-	236	10622298	3844
chr19	3283777	3483777	harbor1	chr19	3291596	3291868	LINE/L2	742	-	136	3291732	7955
chr19	3283777	3483777	harbor1	chr19	3316083	3316830	LINE/L2	1267	-	374	3316457	32680
chr19	3283777	3483777	harbor1	chr19	3344803	3345105	LINE/L2	801	-	151	3344954	61177
chr19	5522978	5722978	harbor1	chr19	5532241	5532315	LINE/L2	1670	-	37	5532278	9300
chr19	5522978	5722978	harbor1	chr19	5532618	5532793	LINE/L2	1670	-	88	5532706	9728
chr19	5522978	5722978	harbor1	chr19	5533315	5533637	LINE/L2	1670	-	161	5533476	10498
chr19	5522978	5722978	harbor1	chr19	5562444	5562649	LINE/L2	956	-	102	5562546	39568
chr19	5522978	5722978	harbor1	chr19	5562947	5563464	LINE/L2	956	-	258	5563205	40227
chr19	12938745	13138745	harbor1	chr19	12965023	12965417	LINE/L2	1003	-	197	12965220	26475
chr19	8313345	8513345	harbor1	chr19	8396325	8397353	LINE/L2	1310	-	514	8396839	83494
chr19	45134770	45334770	harbor1	chr19	45142491	45142740	LINE/L2	751	-	124	45142615	7845
chr19	45134770	45334770	harbor1	chr19	45218371	45218780	LINE/L2	715	-	204	45218575	83805
chr19	45134770	45334770	harbor1	chr19	45223266	45223340	LINE/L2	967	-	37	45223303	88533
chr19	45134770	45334770	harbor1	chr19	45223642	45223709	LINE/L2	967	-	34	45223676	88906
chr19	45134770	45334770	harbor1	chr19	45224006	45224320	LINE/L2	967	-	157	45224163	89393
chr19	9986313	10186313	harbor1	chr19	10067912	10068234	LINE/L2	801	-	161	10068073	81760
chr19	9986313	10186313	harbor1	chr19	10068535	10068545	LINE/L2	801	-	5	10068540	82227
chr19	9986313	10186313	harbor1	chr19	10069349	10069573	LINE/L2	777	-	112	10069461	83148
chr19	9986313	10186313	harbor1	chr19	10069859	10070092	LINE/L2	777	-	116	10069975	83662
chr19	50332480	50532480	harbor1	chr19	50384708	50385389	LINE/L2	879	-	340	50385048	52568
chr19	48525150	48725150	harbor1	chr19	48549529	48549881	LINE/L2	781	-	176	48549705	24555
chr19	48525150	48725150	harbor1	chr19	48577731	48577930	LINE/L2	697	-	100	48577831	52681
chr19	48525150	48725150	harbor1	chr19	48588604	48589545	LINE/L2	1415	-	470	48589074	63924
chr19	18562743	18762743	harbor1	chr19	18603097	18603439	LINE/L2	679	-	171	18603268	40525
chr19	5486235	5686235	harbor1	chr19	5497319	5497646	LINE/L2	926	-	164	5497483	11248
chr19	5486235	5686235	harbor1	chr19	5532241	5532315	LINE/L2	1670	-	37	5532278	46043
chr19	5486235	5686235	harbor1	chr19	5532618	5532793	LINE/L2	1670	-	88	5532706	46471
chr19	5486235	5686235	harbor1	chr19	5533315	5533637	LINE/L2	1670	-	161	5533476	47241
chr19	5486235	5686235	harbor1	chr19	5562444	5562649	LINE/L2	956	-	102	5562546	76311
chr19	5486235	5686235	harbor1	chr19	5562947	5563464	LINE/L2	956	-	258	5563205	76970
chr19	12912105	13112105	harbor1	chr19	12965023	12965417	LINE/L2	1003	-	197	12965220	53115
chr19	57091913	57291913	harbor1	chr19	57165822	57166323	LINE/L2	720	-	250	57166072	74159
chr19	57091913	57291913	harbor1	chr19	57166608	57167005	LINE/L2	720	-	198	57166806	74893
chr19	5522956	5722956	harbor1	chr19	5532241	5532315	LINE/L2	1670	-	37	5532278	9322
chr19	5522956	5722956	harbor1	chr19	5532618	5532793	LINE/L2	1670	-	88	5532706	9750
chr19	5522956	5722956	harbor1	chr19	5533315	5533637	LINE/L2	1670	-	161	5533476	10520
chr19	5522956	5722956	harbor1	chr19	5562444	5562649	LINE/L2	956	-	102	5562546	39590
chr19	5522956	5722956	harbor1	chr19	5562947	5563464	LINE/L2	956	-	258	5563205	40249
chr19	697388	897388	harbor1	chr19	737491	738101	LINE/L2	715	-	305	737796	40408
chr19	48865312	49065312	harbor1	chr19	48956481	48956646	LINE/L2	1026	-	82	48956563	91251
chr19	48865312	49065312	harbor1	chr19	48956964	48957254	LINE/L2	1026	-	145	48957109	91797
chr19	48865312	49065312	harbor1	chr19	48957575	48957677	LINE/L2	863	-	51	48957626	92314
chr19	10618479	10818479	harbor1	chr19	10620577	10620763	LINE/L2	1164	-	93	10620670	2191
chr19	10618479	10818479	harbor1	chr19	10621382	10621424	LINE/L2	1164	-	21	10621403	2924
chr19	10618479	10818479	harbor1	chr19	10622062	10622534	LINE/L2	1164	-	236	10622298	3819
chr19	12924582	13124582	harbor1	chr19	12965023	12965417	LINE/L2	1003	-	197	12965220	40638
chr19	5522879	5722879	harbor1	chr19	5532241	5532315	LINE/L2	1670	-	37	5532278	9399
chr19	5522879	5722879	harbor1	chr19	5532618	5532793	LINE/L2	1670	-	88	5532706	9827
chr19	5522879	5722879	harbor1	chr19	5533315	5533637	LINE/L2	1670	-	161	5533476	10597
chr19	5522879	5722879	harbor1	chr19	5562444	5562649	LINE/L2	956	-	102	5562546	39667
chr19	5522879	5722879	harbor1	chr19	5562947	5563464	LINE/L2	956	-	258	5563205	40326
chr19	14879556	15079556	harbor1	chr19	14904428	14904869	LINE/L2	801	-	220	14904648	25092
chr19	14879556	15079556	harbor1	chr19	14957242	14957321	LINE/L2	694	-	40	14957282	77726
chr19	14879556	15079556	harbor1	chr19	14957681	14958007	LINE/L2	694	-	163	14957844	78288
chr19	49751346	49951346	harbor1	chr19	49768871	49768968	LINE/L2	818	-	48	49768919	17573
chr19	49751346	49951346	harbor1	chr19	49769278	49769881	LINE/L2	1108	-	302	49769580	18234
chr19	49751346	49951346	harbor1	chr19	49770169	49770245	LINE/L2	1108	-	38	49770207	18861
chr19	49751346	49951346	harbor1	chr19	49773515	49774097	LINE/L2	831	-	291	49773806	22460
chr19	5522932	5722932	harbor1	chr19	5532241	5532315	LINE/L2	1670	-	37	5532278	9346
chr19	5522932	5722932	harbor1	chr19	5532618	5532793	LINE/L2	1670	-	88	5532706	9774
chr19	5522932	5722932	harbor1	chr19	5533315	5533637	LINE/L2	1670	-	161	5533476	10544
chr19	5522932	5722932	harbor1	chr19	5562444	5562649	LINE/L2	956	-	102	5562546	39614
chr19	5522932	5722932	harbor1	chr19	5562947	5563464	LINE/L2	956	-	258	5563205	40273
chr19	5521748	5721748	harbor1	chr19	5532241	5532315	LINE/L2	1670	-	37	5532278	10530
chr19	5521748	5721748	harbor1	chr19	5532618	5532793	LINE/L2	1670	-	88	5532706	10958
chr19	5521748	5721748	harbor1	chr19	5533315	5533637	LINE/L2	1670	-	161	5533476	11728
chr19	5521748	5721748	harbor1	chr19	5562444	5562649	LINE/L2	956	-	102	5562546	40798
chr19	5521748	5721748	harbor1	chr19	5562947	5563464	LINE/L2	956	-	258	5563205	41457
chr19	49767635	49967635	harbor1	chr19	49768871	49768968	LINE/L2	818	-	48	49768919	1284
chr19	49767635	49967635	harbor1	chr19	49769278	49769881	LINE/L2	1108	-	302	49769580	1945
chr19	49767635	49967635	harbor1	chr19	49770169	49770245	LINE/L2	1108	-	38	49770207	2572
chr19	49767635	49967635	harbor1	chr19	49773515	49774097	LINE/L2	831	-	291	49773806	6171
chr19	40409980	40609980	harbor1	chr19	40415742	40416157	LINE/L2	983	-	208	40415950	5970
chr19	40409980	40609980	harbor1	chr19	40424526	40425238	LINE/L2	728	-	356	40424882	14902
chr19	40409980	40609980	harbor1	chr19	40477342	40477844	LINE/L2	670	-	251	40477593	67613
chr19	40409980	40609980	harbor1	chr19	40492053	40492719	LINE/L2	759	-	333	40492386	82406
chr19	45613600	45813600	harbor1	chr19	45681957	45682370	LINE/L2	722	-	206	45682163	68563
chr19	43618908	43818908	harbor1	chr19	43654322	43654476	LINE/L2	710	-	77	43654399	35491
chr19	43618908	43818908	harbor1	chr19	43654732	43654906	LINE/L2	710	-	87	43654819	35911
chr19	43618908	43818908	harbor1	chr19	43672110	43672553	LINE/L2	1015	-	222	43672332	53424
chr19	43618908	43818908	harbor1	chr19	43701271	43701659	LINE/L2	766	-	194	43701465	82557
chr19	49493098	49693098	harbor1	chr19	49529501	49529719	LINE/L2	663	-	109	49529610	36512
chr19	49493098	49693098	harbor1	chr19	49530801	49531040	LINE/L2	808	-	120	49530921	37823
chr19	49493098	49693098	harbor1	chr19	49531404	49531658	LINE/L2	808	-	127	49531531	38433
chr19	49493098	49693098	harbor1	chr19	49544127	49544507	LINE/L2	766	-	190	49544317	51219
chr19	5522069	5722069	harbor1	chr19	5532241	5532315	LINE/L2	1670	-	37	5532278	10209
chr19	5522069	5722069	harbor1	chr19	5532618	5532793	LINE/L2	1670	-	88	5532706	10637
chr19	5522069	5722069	harbor1	chr19	5533315	5533637	LINE/L2	1670	-	161	5533476	11407
chr19	5522069	5722069	harbor1	chr19	5562444	5562649	LINE/L2	956	-	102	5562546	40477
chr19	5522069	5722069	harbor1	chr19	5562947	5563464	LINE/L2	956	-	258	5563205	41136
chr19	49751423	49951423	harbor1	chr19	49768871	49768968	LINE/L2	818	-	48	49768919	17496
chr19	49751423	49951423	harbor1	chr19	49769278	49769881	LINE/L2	1108	-	302	49769580	18157
chr19	49751423	49951423	harbor1	chr19	49770169	49770245	LINE/L2	1108	-	38	49770207	18784
chr19	49751423	49951423	harbor1	chr19	49773515	49774097	LINE/L2	831	-	291	49773806	22383
chr19	48525214	48725214	harbor1	chr19	48549529	48549881	LINE/L2	781	-	176	48549705	24491
chr19	48525214	48725214	harbor1	chr19	48577731	48577930	LINE/L2	697	-	100	48577831	52617
chr19	48525214	48725214	harbor1	chr19	48588604	48589545	LINE/L2	1415	-	470	48589074	63860
chr19	45369302	45569302	harbor1	chr19	45417167	45417622	LINE/L2	1203	-	228	45417395	48093
chr19	45369302	45569302	harbor1	chr19	45424217	45424524	LINE/L2	827	-	154	45424371	55069
chr19	45369302	45569302	harbor1	chr19	45445316	45445885	LINE/L2	1298	-	284	45445600	76298
chr19	45369302	45569302	harbor1	chr19	45446199	45446380	LINE/L2	766	-	90	45446289	76987
chr19	45369302	45569302	harbor1	chr19	45460467	45460833	LINE/L2	1152	-	183	45460650	91348
chr19	48865303	49065303	harbor1	chr19	48956481	48956646	LINE/L2	1026	-	82	48956563	91260
chr19	48865303	49065303	harbor1	chr19	48956964	48957254	LINE/L2	1026	-	145	48957109	91806
chr19	48865303	49065303	harbor1	chr19	48957575	48957677	LINE/L2	863	-	51	48957626	92323
chr19	10732989	10932989	harbor1	chr19	10747924	10748387	LINE/L2	822	-	232	10748156	15167
chr19	10732989	10932989	harbor1	chr19	10788255	10788586	LINE/L2	706	-	166	10788421	55432
chr19	10732989	10932989	harbor1	chr19	10820313	10820865	LINE/L2	782	-	276	10820589	87600
chr19	45659510	45859510	harbor1	chr19	45681957	45682370	LINE/L2	722	-	206	45682163	22653
chr19	10618504	10818504	harbor1	chr19	10620577	10620763	LINE/L2	1164	-	93	10620670	2166
chr19	10618504	10818504	harbor1	chr19	10621382	10621424	LINE/L2	1164	-	21	10621403	2899
chr19	10618504	10818504	harbor1	chr19	10622062	10622534	LINE/L2	1164	-	236	10622298	3794
chr19	10723971	10923971	harbor1	chr19	10747924	10748387	LINE/L2	822	-	232	10748156	24185
chr19	10723971	10923971	harbor1	chr19	10788255	10788586	LINE/L2	706	-	166	10788421	64450
chr19	10723971	10923971	harbor1	chr19	10820313	10820865	LINE/L2	782	-	276	10820589	96618
chr19	10617932	10817932	harbor1	chr19	10620577	10620763	LINE/L2	1164	-	93	10620670	2738
chr19	10617932	10817932	harbor1	chr19	10621382	10621424	LINE/L2	1164	-	21	10621403	3471
chr19	10617932	10817932	harbor1	chr19	10622062	10622534	LINE/L2	1164	-	236	10622298	4366
chr19	417890	617890	harbor1	chr19	484538	485104	LINE/L2	784	-	283	484821	66931
chr19	5521798	5721798	harbor1	chr19	5532241	5532315	LINE/L2	1670	-	37	5532278	10480
chr19	5521798	5721798	harbor1	chr19	5532618	5532793	LINE/L2	1670	-	88	5532706	10908
chr19	5521798	5721798	harbor1	chr19	5533315	5533637	LINE/L2	1670	-	161	5533476	11678
chr19	5521798	5721798	harbor1	chr19	5562444	5562649	LINE/L2	956	-	102	5562546	40748
chr19	5521798	5721798	harbor1	chr19	5562947	5563464	LINE/L2	956	-	258	5563205	41407
chr19	5677377	5877377	harbor1	chr19	5683455	5683609	LINE/L2	800	-	77	5683532	6155
chr19	5677377	5877377	harbor1	chr19	5683923	5683965	LINE/L2	800	-	21	5683944	6567
chr19	5677377	5877377	harbor1	chr19	5684315	5684729	LINE/L2	800	-	207	5684522	7145
chr19	10618445	10818445	harbor1	chr19	10620577	10620763	LINE/L2	1164	-	93	10620670	2225
chr19	10618445	10818445	harbor1	chr19	10621382	10621424	LINE/L2	1164	-	21	10621403	2958
chr19	10618445	10818445	harbor1	chr19	10622062	10622534	LINE/L2	1164	-	236	10622298	3853
chr19	5521791	5721791	harbor1	chr19	5532241	5532315	LINE/L2	1670	-	37	5532278	10487
chr19	5521791	5721791	harbor1	chr19	5532618	5532793	LINE/L2	1670	-	88	5532706	10915
chr19	5521791	5721791	harbor1	chr19	5533315	5533637	LINE/L2	1670	-	161	5533476	11685
chr19	5521791	5721791	harbor1	chr19	5562444	5562649	LINE/L2	956	-	102	5562546	40755
chr19	5521791	5721791	harbor1	chr19	5562947	5563464	LINE/L2	956	-	258	5563205	41414
chr19	5493948	5693948	harbor1	chr19	5497319	5497646	LINE/L2	926	-	164	5497483	3535
chr19	5493948	5693948	harbor1	chr19	5532241	5532315	LINE/L2	1670	-	37	5532278	38330
chr19	5493948	5693948	harbor1	chr19	5532618	5532793	LINE/L2	1670	-	88	5532706	38758
chr19	5493948	5693948	harbor1	chr19	5533315	5533637	LINE/L2	1670	-	161	5533476	39528
chr19	5493948	5693948	harbor1	chr19	5562444	5562649	LINE/L2	956	-	102	5562546	68598
chr19	5493948	5693948	harbor1	chr19	5562947	5563464	LINE/L2	956	-	258	5563205	69257
chr19	13407605	13607605	harbor1	chr19	13430610	13431512	LINE/L2	1824	-	451	13431061	23456
chr19	13407605	13607605	harbor1	chr19	13478819	13478897	LINE/L2	939	-	39	13478858	71253
chr19	13407605	13607605	harbor1	chr19	13479204	13479496	LINE/L2	939	-	146	13479350	71745
chr19	10617962	10817962	harbor1	chr19	10620577	10620763	LINE/L2	1164	-	93	10620670	2708
chr19	10617962	10817962	harbor1	chr19	10621382	10621424	LINE/L2	1164	-	21	10621403	3441
chr19	10617962	10817962	harbor1	chr19	10622062	10622534	LINE/L2	1164	-	236	10622298	4336
chr19	48524511	48724511	harbor1	chr19	48549529	48549881	LINE/L2	781	-	176	48549705	25194
chr19	48524511	48724511	harbor1	chr19	48577731	48577930	LINE/L2	697	-	100	48577831	53320
chr19	48524511	48724511	harbor1	chr19	48588604	48589545	LINE/L2	1415	-	470	48589074	64563
chr20	20267099	20467099	harbor1	chr20	20278844	20278940	LINE/L2	469	-	48	20278892	11793
chr20	4586466	4786466	harbor1	chr20	4670405	4670692	LINE/L2	588	-	144	4670549	84083
chr20	62118483	62318483	harbor1	chr20	62132295	62132790	LINE/L2	989	-	248	62132543	14060
chr20	31622218	31822218	harbor1	chr20	31680664	31681366	LINE/L2	1463	-	351	31681015	58797
chr20	31622218	31822218	harbor1	chr20	31681638	31681711	LINE/L2	1237	-	36	31681674	59456
chr20	31622218	31822218	harbor1	chr20	31701851	31702351	LINE/L2	1086	-	250	31702101	79883
chr20	31622218	31822218	harbor1	chr20	31702963	31703037	LINE/L2	654	-	37	31703000	80782
chr20	31622218	31822218	harbor1	chr20	31710110	31710251	LINE/L2	565	-	70	31710180	87962
chr20	10574027	10774027	harbor1	chr20	10661404	10662098	LINE/L2	686	-	347	10661751	87724
chr20	34691570	34891570	harbor1	chr20	34725681	34726158	LINE/L2	542	-	238	34725919	34349
chr20	34691570	34891570	harbor1	chr20	34726173	34726504	LINE/L2	488	-	166	34726339	34769
chr20	34691570	34891570	harbor1	chr20	34752375	34752627	LINE/L2	501	-	126	34752501	60931
chr20	34691570	34891570	harbor1	chr20	34774853	34775286	LINE/L2	491	-	216	34775069	83499
chr20	34903595	35103595	harbor1	chr20	34904244	34904636	LINE/L2	912	-	196	34904440	845
chr20	34903595	35103595	harbor1	chr20	34906617	34906701	LINE/L2	542	-	42	34906659	3064
chr20	34903595	35103595	harbor1	chr20	34907005	34907122	LINE/L2	542	-	58	34907063	3468
chr20	34903595	35103595	harbor1	chr20	34918869	34919176	LINE/L2	546	-	154	34919023	15428
chr20	34903595	35103595	harbor1	chr20	34924191	34924688	LINE/L2	1006	-	248	34924439	20844
chr20	34903595	35103595	harbor1	chr20	34924990	34925085	LINE/L2	550	-	48	34925038	21443
chr20	34903595	35103595	harbor1	chr20	34965484	34965944	LINE/L2	511	-	230	34965714	62119
chr20	34903595	35103595	harbor1	chr20	34991220	34991632	LINE/L2	587	-	206	34991426	87831
chr20	34725628	34925628	harbor1	chr20	34725681	34726158	LINE/L2	542	-	238	34725919	291
chr20	34725628	34925628	harbor1	chr20	34726173	34726504	LINE/L2	488	-	166	34726339	711
chr20	34725628	34925628	harbor1	chr20	34752375	34752627	LINE/L2	501	-	126	34752501	26873
chr20	34725628	34925628	harbor1	chr20	34774853	34775286	LINE/L2	491	-	216	34775069	49441
chr20	50091428	50291428	harbor1	chr20	50097896	50098642	LINE/L2	1208	-	373	50098269	6841
chr20	50091428	50291428	harbor1	chr20	50107717	50108339	LINE/L2	523	-	311	50108028	16600
chr20	50091428	50291428	harbor1	chr20	50113816	50114114	LINE/L2	615	-	149	50113965	22537
chr20	50091428	50291428	harbor1	chr20	50142233	50142451	LINE/L2	929	-	109	50142342	50914
chr20	50091428	50291428	harbor1	chr20	50142751	50143369	LINE/L2	1207	-	309	50143060	51632
chr20	50091428	50291428	harbor1	chr20	50188526	50188834	LINE/L2	612	-	154	50188680	97252
chr20	1018874	1218874	harbor1	chr20	1019968	1020456	LINE/L2	997	-	244	1020212	1338
chr20	1018874	1218874	harbor1	chr20	1046917	1047172	LINE/L2	610	-	128	1047045	28171
chr20	1018874	1218874	harbor1	chr20	1047582	1047993	LINE/L2	759	-	206	1047788	28914
chr20	1018874	1218874	harbor1	chr20	1108036	1108170	LINE/L2	694	-	67	1108103	89229
chr20	1018874	1218874	harbor1	chr20	1116641	1116953	LINE/L2	573	-	156	1116797	97923
chr20	1018874	1218874	harbor1	chr20	1116967	1117151	LINE/L2	768	-	92	1117059	98185
chr20	1018874	1218874	harbor1	chr20	1117176	1117328	LINE/L2	534	-	76	1117252	98378
chr20	1018874	1218874	harbor1	chr20	1117644	1117800	LINE/L2	534	-	78	1117722	98848
chr20	34774774	34974774	harbor1	chr20	34774853	34775286	LINE/L2	491	-	216	34775069	295
chr20	34774774	34974774	harbor1	chr20	34864008	34864440	LINE/L2	679	-	216	34864224	89450
chr20	34774774	34974774	harbor1	chr20	34864741	34864824	LINE/L2	618	-	42	34864783	90009
chr20	34774774	34974774	harbor1	chr20	34865490	34865568	LINE/L2	618	-	39	34865529	90755
chr20	34774774	34974774	harbor1	chr20	34865122	34865173	LINE/L2	618	-	26	34865148	90374
chr20	24506534	24706534	harbor1	chr20	24578037	24578164	LINE/L2	742	-	64	24578101	71567
chr20	24506534	24706534	harbor1	chr20	24578470	24578758	LINE/L2	742	-	144	24578614	72080
chr20	24506534	24706534	harbor1	chr20	24591407	24591639	LINE/L2	475	-	116	24591523	84989
chr20	4586441	4786441	harbor1	chr20	4670405	4670692	LINE/L2	588	-	144	4670549	84108
chr20	1018826	1218826	harbor1	chr20	1019968	1020456	LINE/L2	997	-	244	1020212	1386
chr20	1018826	1218826	harbor1	chr20	1046917	1047172	LINE/L2	610	-	128	1047045	28219
chr20	1018826	1218826	harbor1	chr20	1047582	1047993	LINE/L2	759	-	206	1047788	28962
chr20	1018826	1218826	harbor1	chr20	1108036	1108170	LINE/L2	694	-	67	1108103	89277
chr20	1018826	1218826	harbor1	chr20	1116641	1116953	LINE/L2	573	-	156	1116797	97971
chr20	1018826	1218826	harbor1	chr20	1116967	1117151	LINE/L2	768	-	92	1117059	98233
chr20	1018826	1218826	harbor1	chr20	1117176	1117328	LINE/L2	534	-	76	1117252	98426
chr20	1018826	1218826	harbor1	chr20	1117644	1117800	LINE/L2	534	-	78	1117722	98896
chr20	9473828	9673828	harbor1	chr20	9495853	9496316	LINE/L2	1107	-	232	9496085	22257
chr20	9473828	9673828	harbor1	chr20	9498091	9498149	LINE/L2	557	-	29	9498120	24292
chr20	9473828	9673828	harbor1	chr20	9498467	9498668	LINE/L2	557	-	100	9498567	24739
chr20	9473828	9673828	harbor1	chr20	9499052	9499075	LINE/L2	557	-	12	9499064	25236
chr20	9473828	9673828	harbor1	chr20	9499082	9500000	LINE/L2	1776	-	459	9499541	25713
chr20	9473828	9673828	harbor1	chr20	9501158	9501385	LINE/L2	486	-	114	9501272	27444
chr20	9473828	9673828	harbor1	chr20	9569330	9569641	LINE/L2	856	-	156	9569486	95658
chr20	9473828	9673828	harbor1	chr20	9567613	9568474	LINE/L2	1220	-	430	9568043	94215
chr20	34724799	34924799	harbor1	chr20	34725681	34726158	LINE/L2	542	-	238	34725919	1120
chr20	34724799	34924799	harbor1	chr20	34726173	34726504	LINE/L2	488	-	166	34726339	1540
chr20	34724799	34924799	harbor1	chr20	34752375	34752627	LINE/L2	501	-	126	34752501	27702
chr20	34724799	34924799	harbor1	chr20	34774853	34775286	LINE/L2	491	-	216	34775069	50270
chr20	50269776	50469776	harbor1	chr20	50271461	50271812	LINE/L2	455	-	176	50271637	1861
chr20	50269776	50469776	harbor1	chr20	50273004	50273682	LINE/L2	860	-	339	50273343	3567
chr20	50269776	50469776	harbor1	chr20	50288075	50288230	LINE/L2	503	-	78	50288153	18377
chr20	50269776	50469776	harbor1	chr20	50293885	50294325	LINE/L2	782	-	220	50294105	24329
chr20	50269776	50469776	harbor1	chr20	50303000	50303163	LINE/L2	511	-	82	50303082	33306
chr20	50269776	50469776	harbor1	chr20	50303473	50303582	LINE/L2	511	-	54	50303527	33751
chr20	50269776	50469776	harbor1	chr20	50305983	50306635	LINE/L2	1314	-	326	50306309	36533
chr20	50269776	50469776	harbor1	chr20	50309549	50309980	LINE/L2	888	-	216	50309765	39989
chr20	50269776	50469776	harbor1	chr20	50327820	50328188	LINE/L2	656	-	184	50328004	58228
chr20	50269776	50469776	harbor1	chr20	50328557	50328639	LINE/L2	656	-	41	50328598	58822
chr20	50269776	50469776	harbor1	chr20	50353502	50353984	LINE/L2	699	-	241	50353743	83967
chr20	34904865	35104865	harbor1	chr20	34906617	34906701	LINE/L2	542	-	42	34906659	1794
chr20	34904865	35104865	harbor1	chr20	34907005	34907122	LINE/L2	542	-	58	34907063	2198
chr20	34904865	35104865	harbor1	chr20	34918869	34919176	LINE/L2	546	-	154	34919023	14158
chr20	34904865	35104865	harbor1	chr20	34924191	34924688	LINE/L2	1006	-	248	34924439	19574
chr20	34904865	35104865	harbor1	chr20	34924990	34925085	LINE/L2	550	-	48	34925038	20173
chr20	34904865	35104865	harbor1	chr20	34965484	34965944	LINE/L2	511	-	230	34965714	60849
chr20	34904865	35104865	harbor1	chr20	34991220	34991632	LINE/L2	587	-	206	34991426	86561
chr20	34881332	35081332	harbor1	chr20	34888494	34889004	LINE/L2	1505	-	255	34888749	7417
chr20	34881332	35081332	harbor1	chr20	34889551	34889845	LINE/L2	1505	-	147	34889698	8366
chr20	34881332	35081332	harbor1	chr20	34902127	34902695	LINE/L2	816	-	284	34902411	21079
chr20	34881332	35081332	harbor1	chr20	34903033	34903060	LINE/L2	816	-	14	34903047	21715
chr20	34881332	35081332	harbor1	chr20	34903358	34903489	LINE/L2	816	-	66	34903424	22092
chr20	34881332	35081332	harbor1	chr20	34904244	34904636	LINE/L2	912	-	196	34904440	23108
chr20	34881332	35081332	harbor1	chr20	34906617	34906701	LINE/L2	542	-	42	34906659	25327
chr20	34881332	35081332	harbor1	chr20	34907005	34907122	LINE/L2	542	-	58	34907063	25731
chr20	34881332	35081332	harbor1	chr20	34918869	34919176	LINE/L2	546	-	154	34919023	37691
chr20	34881332	35081332	harbor1	chr20	34924191	34924688	LINE/L2	1006	-	248	34924439	43107
chr20	34881332	35081332	harbor1	chr20	34924990	34925085	LINE/L2	550	-	48	34925038	43706
chr20	34881332	35081332	harbor1	chr20	34965484	34965944	LINE/L2	511	-	230	34965714	84382
chr20	40589446	40789446	harbor1	chr20	40595092	40595476	LINE/L2	641	-	192	40595284	5838
chr20	40589446	40789446	harbor1	chr20	40657185	40657606	LINE/L2	702	-	210	40657395	67949
chr20	40589446	40789446	harbor1	chr20	40677694	40678223	LINE/L2	1252	-	264	40677958	88512
chr20	34725642	34925642	harbor1	chr20	34725681	34726158	LINE/L2	542	-	238	34725919	277
chr20	34725642	34925642	harbor1	chr20	34726173	34726504	LINE/L2	488	-	166	34726339	697
chr20	34725642	34925642	harbor1	chr20	34752375	34752627	LINE/L2	501	-	126	34752501	26859
chr20	34725642	34925642	harbor1	chr20	34774853	34775286	LINE/L2	491	-	216	34775069	49427
chr20	34725595	34925595	harbor1	chr20	34725681	34726158	LINE/L2	542	-	238	34725919	324
chr20	34725595	34925595	harbor1	chr20	34726173	34726504	LINE/L2	488	-	166	34726339	744
chr20	34725595	34925595	harbor1	chr20	34752375	34752627	LINE/L2	501	-	126	34752501	26906
chr20	34725595	34925595	harbor1	chr20	34774853	34775286	LINE/L2	491	-	216	34775069	49474
chr20	34725630	34925630	harbor1	chr20	34725681	34726158	LINE/L2	542	-	238	34725919	289
chr20	34725630	34925630	harbor1	chr20	34726173	34726504	LINE/L2	488	-	166	34726339	709
chr20	34725630	34925630	harbor1	chr20	34752375	34752627	LINE/L2	501	-	126	34752501	26871
chr20	34725630	34925630	harbor1	chr20	34774853	34775286	LINE/L2	491	-	216	34775069	49439
chr20	34904910	35104910	harbor1	chr20	34906617	34906701	LINE/L2	542	-	42	34906659	1749
chr20	34904910	35104910	harbor1	chr20	34907005	34907122	LINE/L2	542	-	58	34907063	2153
chr20	34904910	35104910	harbor1	chr20	34918869	34919176	LINE/L2	546	-	154	34919023	14113
chr20	34904910	35104910	harbor1	chr20	34924191	34924688	LINE/L2	1006	-	248	34924439	19529
chr20	34904910	35104910	harbor1	chr20	34924990	34925085	LINE/L2	550	-	48	34925038	20128
chr20	34904910	35104910	harbor1	chr20	34965484	34965944	LINE/L2	511	-	230	34965714	60804
chr20	34904910	35104910	harbor1	chr20	34991220	34991632	LINE/L2	587	-	206	34991426	86516
chr20	1018844	1218844	harbor1	chr20	1019968	1020456	LINE/L2	997	-	244	1020212	1368
chr20	1018844	1218844	harbor1	chr20	1046917	1047172	LINE/L2	610	-	128	1047045	28201
chr20	1018844	1218844	harbor1	chr20	1047582	1047993	LINE/L2	759	-	206	1047788	28944
chr20	1018844	1218844	harbor1	chr20	1108036	1108170	LINE/L2	694	-	67	1108103	89259
chr20	1018844	1218844	harbor1	chr20	1116641	1116953	LINE/L2	573	-	156	1116797	97953
chr20	1018844	1218844	harbor1	chr20	1116967	1117151	LINE/L2	768	-	92	1117059	98215
chr20	1018844	1218844	harbor1	chr20	1117176	1117328	LINE/L2	534	-	76	1117252	98408
chr20	1018844	1218844	harbor1	chr20	1117644	1117800	LINE/L2	534	-	78	1117722	98878
chr20	9473814	9673814	harbor1	chr20	9495853	9496316	LINE/L2	1107	-	232	9496085	22271
chr20	9473814	9673814	harbor1	chr20	9498091	9498149	LINE/L2	557	-	29	9498120	24306
chr20	9473814	9673814	harbor1	chr20	9498467	9498668	LINE/L2	557	-	100	9498567	24753
chr20	9473814	9673814	harbor1	chr20	9499052	9499075	LINE/L2	557	-	12	9499064	25250
chr20	9473814	9673814	harbor1	chr20	9499082	9500000	LINE/L2	1776	-	459	9499541	25727
chr20	9473814	9673814	harbor1	chr20	9501158	9501385	LINE/L2	486	-	114	9501272	27458
chr20	9473814	9673814	harbor1	chr20	9569330	9569641	LINE/L2	856	-	156	9569486	95672
chr20	9473814	9673814	harbor1	chr20	9567613	9568474	LINE/L2	1220	-	430	9568043	94229
chr20	34725651	34925651	harbor1	chr20	34725681	34726158	LINE/L2	542	-	238	34725919	268
chr20	34725651	34925651	harbor1	chr20	34726173	34726504	LINE/L2	488	-	166	34726339	688
chr20	34725651	34925651	harbor1	chr20	34752375	34752627	LINE/L2	501	-	126	34752501	26850
chr20	34725651	34925651	harbor1	chr20	34774853	34775286	LINE/L2	491	-	216	34775069	49418
chr20	62040581	62240581	harbor1	chr20	62132295	62132790	LINE/L2	989	-	248	62132543	91962
chr20	21818076	22018076	harbor1	chr20	21849274	21849885	LINE/L2	1302	-	306	21849580	31504
chr20	11791069	11991069	harbor1	chr20	11844558	11845132	LINE/L2	833	-	287	11844845	53776
chr20	11791069	11991069	harbor1	chr20	11865207	11865513	LINE/L2	997	-	153	11865360	74291
chr20	34903951	35103951	harbor1	chr20	34904244	34904636	LINE/L2	912	-	196	34904440	489
chr20	34903951	35103951	harbor1	chr20	34906617	34906701	LINE/L2	542	-	42	34906659	2708
chr20	34903951	35103951	harbor1	chr20	34907005	34907122	LINE/L2	542	-	58	34907063	3112
chr20	34903951	35103951	harbor1	chr20	34918869	34919176	LINE/L2	546	-	154	34919023	15072
chr20	34903951	35103951	harbor1	chr20	34924191	34924688	LINE/L2	1006	-	248	34924439	20488
chr20	34903951	35103951	harbor1	chr20	34924990	34925085	LINE/L2	550	-	48	34925038	21087
chr20	34903951	35103951	harbor1	chr20	34965484	34965944	LINE/L2	511	-	230	34965714	61763
chr20	34903951	35103951	harbor1	chr20	34991220	34991632	LINE/L2	587	-	206	34991426	87475
chr20	21614820	21814820	harbor1	chr20	21629890	21630378	LINE/L2	593	-	244	21630134	15314
chr20	21614820	21814820	harbor1	chr20	21662494	21663985	LINE/L2	2668	-	746	21663240	48420
chr20	21614820	21814820	harbor1	chr20	21664267	21664358	LINE/L2	2668	-	46	21664313	49493
chr20	34725603	34925603	harbor1	chr20	34725681	34726158	LINE/L2	542	-	238	34725919	316
chr20	34725603	34925603	harbor1	chr20	34726173	34726504	LINE/L2	488	-	166	34726339	736
chr20	34725603	34925603	harbor1	chr20	34752375	34752627	LINE/L2	501	-	126	34752501	26898
chr20	34725603	34925603	harbor1	chr20	34774853	34775286	LINE/L2	491	-	216	34775069	49466
chr20	4586511	4786511	harbor1	chr20	4670405	4670692	LINE/L2	588	-	144	4670549	84038
chr20	50269786	50469786	harbor1	chr20	50271461	50271812	LINE/L2	455	-	176	50271637	1851
chr20	50269786	50469786	harbor1	chr20	50273004	50273682	LINE/L2	860	-	339	50273343	3557
chr20	50269786	50469786	harbor1	chr20	50288075	50288230	LINE/L2	503	-	78	50288153	18367
chr20	50269786	50469786	harbor1	chr20	50293885	50294325	LINE/L2	782	-	220	50294105	24319
chr20	50269786	50469786	harbor1	chr20	50303000	50303163	LINE/L2	511	-	82	50303082	33296
chr20	50269786	50469786	harbor1	chr20	50303473	50303582	LINE/L2	511	-	54	50303527	33741
chr20	50269786	50469786	harbor1	chr20	50305983	50306635	LINE/L2	1314	-	326	50306309	36523
chr20	50269786	50469786	harbor1	chr20	50309549	50309980	LINE/L2	888	-	216	50309765	39979
chr20	50269786	50469786	harbor1	chr20	50327820	50328188	LINE/L2	656	-	184	50328004	58218
chr20	50269786	50469786	harbor1	chr20	50328557	50328639	LINE/L2	656	-	41	50328598	58812
chr20	50269786	50469786	harbor1	chr20	50353502	50353984	LINE/L2	699	-	241	50353743	83957
chr21	43620271	43820271	harbor1	chr21	43662758	43662862	LINE/L2	456	-	52	43662810	42539
chr21	41040224	41240224	harbor1	chr21	41111185	41112062	LINE/L2	765	-	438	41111623	71399
chr21	41209974	41409974	harbor1	chr21	41223758	41224115	LINE/L2	785	-	178	41223936	13962
chr21	41209974	41409974	harbor1	chr21	41254922	41255520	LINE/L2	534	-	299	41255221	45247
chr21	41209974	41409974	harbor1	chr21	41295415	41295655	LINE/L2	434	-	120	41295535	85561
chr21	39008427	39208427	harbor1	chr21	39026182	39026625	LINE/L2	539	-	222	39026404	17977
chr21	39008427	39208427	harbor1	chr21	39026909	39027001	LINE/L2	539	-	46	39026955	18528
chr21	39008427	39208427	harbor1	chr21	39099658	39099801	LINE/L2	574	-	72	39099730	91303
chr21	39008427	39208427	harbor1	chr21	39100725	39101034	LINE/L2	434	-	154	39100879	92452
chr21	39008427	39208427	harbor1	chr21	39103505	39103658	LINE/L2	613	-	76	39103581	95154
chr21	39008529	39208529	harbor1	chr21	39026182	39026625	LINE/L2	539	-	222	39026404	17875
chr21	39008529	39208529	harbor1	chr21	39026909	39027001	LINE/L2	539	-	46	39026955	18426
chr21	39008529	39208529	harbor1	chr21	39099658	39099801	LINE/L2	574	-	72	39099730	91201
chr21	39008529	39208529	harbor1	chr21	39100725	39101034	LINE/L2	434	-	154	39100879	92350
chr21	39008529	39208529	harbor1	chr21	39103505	39103658	LINE/L2	613	-	76	39103581	95052
chr21	41615341	41815341	harbor1	chr21	41637931	41638313	LINE/L2	792	-	191	41638122	22781
chr21	39008418	39208418	harbor1	chr21	39026182	39026625	LINE/L2	539	-	222	39026404	17986
chr21	39008418	39208418	harbor1	chr21	39026909	39027001	LINE/L2	539	-	46	39026955	18537
chr21	39008418	39208418	harbor1	chr21	39099658	39099801	LINE/L2	574	-	72	39099730	91312
chr21	39008418	39208418	harbor1	chr21	39100725	39101034	LINE/L2	434	-	154	39100879	92461
chr21	39008418	39208418	harbor1	chr21	39103505	39103658	LINE/L2	613	-	76	39103581	95163
chr22	39578289	39778289	harbor1	chr22	39580481	39580618	LINE/L2	396	-	68	39580549	2260
chr22	39578289	39778289	harbor1	chr22	39605499	39605945	LINE/L2	659	-	223	39605722	27433
chr22	39578289	39778289	harbor1	chr22	39633199	39633341	LINE/L2	491	-	71	39633270	54981
chr22	39578289	39778289	harbor1	chr22	39633510	39633729	LINE/L2	420	-	110	39633620	55331
chr22	39578289	39778289	harbor1	chr22	39643833	39644151	LINE/L2	793	-	159	39643992	65703
chr22	39578289	39778289	harbor1	chr22	39667547	39667623	LINE/L2	387	-	38	39667585	89296
chr22	44201157	44401157	harbor1	chr22	44275931	44276646	LINE/L2	876	-	358	44276289	75132
chr22	24069970	24269970	harbor1	chr22	24126155	24126502	LINE/L2	463	-	174	24126329	56359
chr22	24070005	24270005	harbor1	chr22	24126155	24126502	LINE/L2	463	-	174	24126329	56324
chr22	45966963	46166963	harbor1	chr22	46020766	46020883	LINE/L2	471	-	58	46020824	53861
chr22	24068261	24268261	harbor1	chr22	24126155	24126502	LINE/L2	463	-	174	24126329	58068
chr22	37416208	37616208	harbor1	chr22	37428610	37428805	LINE/L2	580	-	98	37428708	12500
chr22	37416208	37616208	harbor1	chr22	37474974	37475197	LINE/L2	586	-	112	37475086	58878
chr22	37416208	37616208	harbor1	chr22	37475514	37475583	LINE/L2	586	-	34	37475548	59340
chr22	37416208	37616208	harbor1	chr22	37504824	37505145	LINE/L2	561	-	160	37504984	88776
chr22	36407036	36607036	harbor1	chr22	36496425	36496892	LINE/L2	833	-	234	36496659	89623
chr22	24068219	24268219	harbor1	chr22	24126155	24126502	LINE/L2	463	-	174	24126329	58110
chr22	36918544	37118544	harbor1	chr22	36950831	36952218	LINE/L2	1212	-	694	36951525	32981
chr22	24069881	24269881	harbor1	chr22	24126155	24126502	LINE/L2	463	-	174	24126329	56448
chr22	45868002	46068002	harbor1	chr22	45924429	45924603	LINE/L2	389	-	87	45924516	56514
chr22	36406317	36606317	harbor1	chr22	36496425	36496892	LINE/L2	833	-	234	36496659	90342
chr22	23889707	24089707	harbor1	chr22	23946565	23946693	LINE/L2	447	-	64	23946629	56922
chr22	23889707	24089707	harbor1	chr22	23952621	23953352	LINE/L2	810	-	366	23952987	63280
chr22	46291620	46491620	harbor1	chr22	46318357	46318760	LINE/L2	396	-	202	46318559	26939
chr22	46291620	46491620	harbor1	chr22	46350891	46351220	LINE/L2	393	-	164	46351055	59435
chr22	24069546	24269546	harbor1	chr22	24126155	24126502	LINE/L2	463	-	174	24126329	56783
chr22	24070056	24270056	harbor1	chr22	24126155	24126502	LINE/L2	463	-	174	24126329	56273
chr22	39578199	39778199	harbor1	chr22	39580481	39580618	LINE/L2	396	-	68	39580549	2350
chr22	39578199	39778199	harbor1	chr22	39605499	39605945	LINE/L2	659	-	223	39605722	27523
chr22	39578199	39778199	harbor1	chr22	39633199	39633341	LINE/L2	491	-	71	39633270	55071
chr22	39578199	39778199	harbor1	chr22	39633510	39633729	LINE/L2	420	-	110	39633620	55421
chr22	39578199	39778199	harbor1	chr22	39643833	39644151	LINE/L2	793	-	159	39643992	65793
chr22	39578199	39778199	harbor1	chr22	39667547	39667623	LINE/L2	387	-	38	39667585	89386
chr22	24070003	24270003	harbor1	chr22	24126155	24126502	LINE/L2	463	-	174	24126329	56326
chr22	22547227	22747227	harbor1	chr22	22574539	22575103	LINE/L2	430	-	282	22574821	27594
chr22	39578244	39778244	harbor1	chr22	39580481	39580618	LINE/L2	396	-	68	39580549	2305
chr22	39578244	39778244	harbor1	chr22	39605499	39605945	LINE/L2	659	-	223	39605722	27478
chr22	39578244	39778244	harbor1	chr22	39633199	39633341	LINE/L2	491	-	71	39633270	55026
chr22	39578244	39778244	harbor1	chr22	39633510	39633729	LINE/L2	420	-	110	39633620	55376
chr22	39578244	39778244	harbor1	chr22	39643833	39644151	LINE/L2	793	-	159	39643992	65748
chr22	39578244	39778244	harbor1	chr22	39667547	39667623	LINE/L2	387	-	38	39667585	89341
chr22	24394912	24594912	harbor1	chr22	24467519	24467729	LINE/L2	534	-	105	24467624	72712
chr22	24394912	24594912	harbor1	chr22	24470443	24470642	LINE/L2	766	-	100	24470543	75631
chr22	24394912	24594912	harbor1	chr22	24470917	24470994	LINE/L2	766	-	38	24470955	76043
chr22	37218535	37418535	harbor1	chr22	37220968	37221223	LINE/L2	633	-	128	37221096	2561
chr22	37218535	37418535	harbor1	chr22	37260824	37260955	LINE/L2	454	-	66	37260890	42355
chr22	37218535	37418535	harbor1	chr22	37261028	37261466	LINE/L2	766	-	219	37261247	42712
chr22	37218535	37418535	harbor1	chr22	37282713	37283065	LINE/L2	721	-	176	37282889	64354
chr22	37218535	37418535	harbor1	chr22	37292233	37292572	LINE/L2	562	-	170	37292403	73868
chr22	37218535	37418535	harbor1	chr22	37297865	37298087	LINE/L2	1147	-	111	37297976	79441
chr22	37218535	37418535	harbor1	chr22	37298403	37298591	LINE/L2	1147	-	94	37298497	79962
chr22	37218535	37418535	harbor1	chr22	37301303	37301462	LINE/L2	428	-	80	37301383	82848
chr22	37218535	37418535	harbor1	chr22	37303920	37304333	LINE/L2	469	-	206	37304126	85591
chr22	37218535	37418535	harbor1	chr22	37316414	37316626	LINE/L2	434	-	106	37316520	97985
chr22	24070059	24270059	harbor1	chr22	24126155	24126502	LINE/L2	463	-	174	24126329	56270
chr22	17452700	17652700	harbor1	chr22	17452476	17452868	LINE/L2	744	-	196	17452672	28
chr22	17452700	17652700	harbor1	chr22	17463115	17464067	LINE/L2	1450	-	476	17463591	10891
chr22	44788190	44988190	harbor1	chr22	44823154	44823509	LINE/L2	390	-	178	44823332	35142
chr22	44788190	44988190	harbor1	chr22	44825025	44825120	LINE/L2	401	-	48	44825073	36883
chr22	44788190	44988190	harbor1	chr22	44879806	44880102	LINE/L2	630	-	148	44879954	91764
chr22	23023578	23223578	harbor1	chr22	23038463	23038846	LINE/L2	741	-	192	23038655	15077
chr22	23023578	23223578	harbor1	chr22	23073741	23073940	LINE/L2	411	-	100	23073841	50263
chr22	23023578	23223578	harbor1	chr22	23073987	23074802	LINE/L2	600	-	408	23074395	50817
chr22	23023578	23223578	harbor1	chr22	23079048	23079756	LINE/L2	961	-	354	23079402	55824
chr22	39578286	39778286	harbor1	chr22	39580481	39580618	LINE/L2	396	-	68	39580549	2263
chr22	39578286	39778286	harbor1	chr22	39605499	39605945	LINE/L2	659	-	223	39605722	27436
chr22	39578286	39778286	harbor1	chr22	39633199	39633341	LINE/L2	491	-	71	39633270	54984
chr22	39578286	39778286	harbor1	chr22	39633510	39633729	LINE/L2	420	-	110	39633620	55334
chr22	39578286	39778286	harbor1	chr22	39643833	39644151	LINE/L2	793	-	159	39643992	65706
chr22	39578286	39778286	harbor1	chr22	39667547	39667623	LINE/L2	387	-	38	39667585	89299
chr22	24069901	24269901	harbor1	chr22	24126155	24126502	LINE/L2	463	-	174	24126329	56428
chr22	39360313	39560313	harbor1	chr22	39377882	39377997	LINE/L2	413	-	58	39377940	17627
chr22	39360313	39560313	harbor1	chr22	39403944	39404266	LINE/L2	1101	-	161	39404105	43792
chr22	39360313	39560313	harbor1	chr22	39403102	39403638	LINE/L2	1101	-	268	39403370	43057
chr22	24852758	25052758	harbor1	chr22	24862599	24862717	LINE/L2	552	-	59	24862658	9900
chr22	24852758	25052758	harbor1	chr22	24936979	24937648	LINE/L2	1070	-	334	24937313	84555
chr22	24852758	25052758	harbor1	chr22	24944110	24944571	LINE/L2	1631	-	230	24944340	91582
chr22	24852758	25052758	harbor1	chr22	24945203	24945550	LINE/L2	1073	-	174	24945377	92619
chr22	24852758	25052758	harbor1	chr22	24949531	24949866	LINE/L2	527	-	168	24949699	96941
chr22	24852758	25052758	harbor1	chr22	24950884	24951020	LINE/L2	569	-	68	24950952	98194
chr22	39366873	39566873	harbor1	chr22	39377882	39377997	LINE/L2	413	-	58	39377940	11067
chr22	39366873	39566873	harbor1	chr22	39403944	39404266	LINE/L2	1101	-	161	39404105	37232
chr22	39366873	39566873	harbor1	chr22	39403102	39403638	LINE/L2	1101	-	268	39403370	36497
chr22	24069471	24269471	harbor1	chr22	24126155	24126502	LINE/L2	463	-	174	24126329	56858
chr22	23421603	23621603	harbor1	chr22	23496301	23496421	LINE/L2	399	-	60	23496361	74758
chr22	23421603	23621603	harbor1	chr22	23510510	23510818	LINE/L2	430	-	154	23510664	89061
chr22	42519774	42719774	harbor1	chr22	42520024	42520323	LINE/L2	1003	-	150	42520174	400
chr22	42519774	42719774	harbor1	chr22	42520633	42520716	LINE/L2	1003	-	42	42520675	901
chr22	42519774	42719774	harbor1	chr22	42549260	42549697	LINE/L2	528	-	218	42549478	29704
chr22	42519774	42719774	harbor1	chr22	42582239	42582451	LINE/L2	651	-	106	42582345	62571
chr22	24070004	24270004	harbor1	chr22	24126155	24126502	LINE/L2	463	-	174	24126329	56325
chr22	24069955	24269955	harbor1	chr22	24126155	24126502	LINE/L2	463	-	174	24126329	56374
chr22	46266866	46466866	harbor1	chr22	46282043	46282223	LINE/L2	389	-	90	46282133	15267
chr22	46266866	46466866	harbor1	chr22	46318357	46318760	LINE/L2	396	-	202	46318559	51693
chr22	46266866	46466866	harbor1	chr22	46350891	46351220	LINE/L2	393	-	164	46351055	84189
chr22	41809802	42009802	harbor1	chr22	41819492	41819944	LINE/L2	794	-	226	41819718	9916
chr22	41809802	42009802	harbor1	chr22	41820448	41821319	LINE/L2	3066	-	436	41820884	11082
chr22	41809802	42009802	harbor1	chr22	41821628	41822046	LINE/L2	3066	-	209	41821837	12035
chr22	41809802	42009802	harbor1	chr22	41824003	41824483	LINE/L2	493	-	240	41824243	14441
chr22	41809802	42009802	harbor1	chr22	41824785	41825025	LINE/L2	493	-	120	41824905	15103
chr22	39945026	40145026	harbor1	chr22	40026988	40027279	LINE/L2	415	-	146	40027134	82108
chr22	39945026	40145026	harbor1	chr22	40038050	40038334	LINE/L2	530	-	142	40038192	93166
chr22	37416206	37616206	harbor1	chr22	37428610	37428805	LINE/L2	580	-	98	37428708	12502
chr22	37416206	37616206	harbor1	chr22	37474974	37475197	LINE/L2	586	-	112	37475086	58880
chr22	37416206	37616206	harbor1	chr22	37475514	37475583	LINE/L2	586	-	34	37475548	59342
chr22	37416206	37616206	harbor1	chr22	37504824	37505145	LINE/L2	561	-	160	37504984	88778
chr22	38674448	38874448	harbor1	chr22	38675940	38676019	LINE/L2	393	-	40	38675980	1532
chr22	38674448	38874448	harbor1	chr22	38676327	38676392	LINE/L2	393	-	32	38676359	1911
chr22	38674448	38874448	harbor1	chr22	38712196	38712522	LINE/L2	397	-	163	38712359	37911
chr22	38674448	38874448	harbor1	chr22	38713820	38714193	LINE/L2	392	-	186	38714006	39558
chr22	38674448	38874448	harbor1	chr22	38714500	38714665	LINE/L2	392	-	82	38714582	40134
chr22	38674448	38874448	harbor1	chr22	38725193	38725602	LINE/L2	413	-	204	38725397	50949
chr22	38674424	38874424	harbor1	chr22	38675940	38676019	LINE/L2	393	-	40	38675980	1556
chr22	38674424	38874424	harbor1	chr22	38676327	38676392	LINE/L2	393	-	32	38676359	1935
chr22	38674424	38874424	harbor1	chr22	38712196	38712522	LINE/L2	397	-	163	38712359	37935
chr22	38674424	38874424	harbor1	chr22	38713820	38714193	LINE/L2	392	-	186	38714006	39582
chr22	38674424	38874424	harbor1	chr22	38714500	38714665	LINE/L2	392	-	82	38714582	40158
chr22	38674424	38874424	harbor1	chr22	38725193	38725602	LINE/L2	413	-	204	38725397	50973
chr22	24852840	25052840	harbor1	chr22	24862599	24862717	LINE/L2	552	-	59	24862658	9818
chr22	24852840	25052840	harbor1	chr22	24936979	24937648	LINE/L2	1070	-	334	24937313	84473
chr22	24852840	25052840	harbor1	chr22	24944110	24944571	LINE/L2	1631	-	230	24944340	91500
chr22	24852840	25052840	harbor1	chr22	24945203	24945550	LINE/L2	1073	-	174	24945377	92537
chr22	24852840	25052840	harbor1	chr22	24949531	24949866	LINE/L2	527	-	168	24949699	96859
chr22	24852840	25052840	harbor1	chr22	24950884	24951020	LINE/L2	569	-	68	24950952	98112
chr22	37416203	37616203	harbor1	chr22	37428610	37428805	LINE/L2	580	-	98	37428708	12505
chr22	37416203	37616203	harbor1	chr22	37474974	37475197	LINE/L2	586	-	112	37475086	58883
chr22	37416203	37616203	harbor1	chr22	37475514	37475583	LINE/L2	586	-	34	37475548	59345
chr22	37416203	37616203	harbor1	chr22	37504824	37505145	LINE/L2	561	-	160	37504984	88781
chr22	23023556	23223556	harbor1	chr22	23038463	23038846	LINE/L2	741	-	192	23038655	15099
chr22	23023556	23223556	harbor1	chr22	23073741	23073940	LINE/L2	411	-	100	23073841	50285
chr22	23023556	23223556	harbor1	chr22	23073987	23074802	LINE/L2	600	-	408	23074395	50839
chr22	23023556	23223556	harbor1	chr22	23079048	23079756	LINE/L2	961	-	354	23079402	55846
chrX	135350040	135550040	harbor1	chrX	135350567	135351514	LINE/L2	782	-	474	135351041	1001
chrX	24365240	24565240	harbor1	chrX	24372768	24373047	LINE/L2	1012	-	140	24372908	7668
chrX	24365240	24565240	harbor1	chrX	24446583	24447833	LINE/L2	1144	-	625	24447208	81968
chrX	153409879	153609879	harbor1	chrX	153412377	153412861	LINE/L2	596	-	242	153412619	2740
chrX	72043785	72243785	harbor1	chrX	72065884	72066290	LINE/L2	802	-	203	72066087	22302
chrX	72043785	72243785	harbor1	chrX	72096081	72096323	LINE/L2	680	-	121	72096202	52417
chrX	72043785	72243785	harbor1	chrX	72111762	72112322	LINE/L2	1452	-	280	72112042	68257
chrX	72206994	72406994	harbor1	chrX	72234606	72235057	LINE/L2	2463	-	226	72234832	27838
chrX	72206994	72406994	harbor1	chrX	72235875	72236131	LINE/L2	2463	-	128	72236003	29009
chrX	72206994	72406994	harbor1	chrX	72244061	72244494	LINE/L2	1061	-	216	72244277	37283
chrX	72206994	72406994	harbor1	chrX	72256083	72256235	LINE/L2	1424	-	76	72256159	49165
chrX	72206994	72406994	harbor1	chrX	72256658	72257039	LINE/L2	1611	-	190	72256848	49854
chrX	72206994	72406994	harbor1	chrX	72257349	72257661	LINE/L2	1611	-	156	72257505	50511
chrX	72206994	72406994	harbor1	chrX	72263035	72263307	LINE/L2	606	-	136	72263171	56177
chrX	72206994	72406994	harbor1	chrX	72267859	72268235	LINE/L2	1129	-	188	72268047	61053
chrX	72206994	72406994	harbor1	chrX	72280288	72280821	LINE/L2	689	-	266	72280554	73560
chrX	18254781	18454781	harbor1	chrX	18311212	18311780	LINE/L2	2867	-	284	18311496	56715
chrX	18254781	18454781	harbor1	chrX	18312091	18312266	LINE/L2	2867	-	88	18312179	57398
chrX	18254781	18454781	harbor1	chrX	18312614	18312919	LINE/L2	2867	-	152	18312766	57985
chrX	152928214	153128214	harbor1	chrX	152946866	152947098	LINE/L2	538	-	116	152946982	18768
chrX	152928214	153128214	harbor1	chrX	152947412	152947722	LINE/L2	538	-	155	152947567	19353
chrX	152928214	153128214	harbor1	chrX	152977820	152978049	LINE/L2	682	-	114	152977934	49720
chrX	152928214	153128214	harbor1	chrX	152980186	152980851	LINE/L2	1536	-	332	152980518	52304
chrX	150672938	150872938	harbor1	chrX	150695014	150695869	LINE/L2	1911	-	428	150695442	22504
chrX	72206945	72406945	harbor1	chrX	72234606	72235057	LINE/L2	2463	-	226	72234832	27887
chrX	72206945	72406945	harbor1	chrX	72235875	72236131	LINE/L2	2463	-	128	72236003	29058
chrX	72206945	72406945	harbor1	chrX	72244061	72244494	LINE/L2	1061	-	216	72244277	37332
chrX	72206945	72406945	harbor1	chrX	72256083	72256235	LINE/L2	1424	-	76	72256159	49214
chrX	72206945	72406945	harbor1	chrX	72256658	72257039	LINE/L2	1611	-	190	72256848	49903
chrX	72206945	72406945	harbor1	chrX	72257349	72257661	LINE/L2	1611	-	156	72257505	50560
chrX	72206945	72406945	harbor1	chrX	72263035	72263307	LINE/L2	606	-	136	72263171	56226
chrX	72206945	72406945	harbor1	chrX	72267859	72268235	LINE/L2	1129	-	188	72268047	61102
chrX	72206945	72406945	harbor1	chrX	72280288	72280821	LINE/L2	689	-	266	72280554	73609
chrX	18254315	18454315	harbor1	chrX	18311212	18311780	LINE/L2	2867	-	284	18311496	57181
chrX	18254315	18454315	harbor1	chrX	18312091	18312266	LINE/L2	2867	-	88	18312179	57864
chrX	18254315	18454315	harbor1	chrX	18312614	18312919	LINE/L2	2867	-	152	18312766	58451
chrX	71006345	71206345	harbor1	chrX	71027831	71028531	LINE/L2	1048	-	350	71028181	21836
chrX	153409904	153609904	harbor1	chrX	153412377	153412861	LINE/L2	596	-	242	153412619	2715
