H_chr	H_start	H_end	Harbor	TE_chr	TE_start	TE_end	TE	score	TE_strand	TE_half	TE_middle_pos	TE_dis
chr1	16544779	16744779	harbor2	chr1	16602708	16603074	LTR/ERVL	772	-	183	16602891	58112
chr1	16544779	16744779	harbor2	chr1	16603092	16603314	LTR/ERVL	607	-	111	16603203	58424
chr1	16544779	16744779	harbor2	chr1	16603356	16603618	LTR/ERVL	466	-	131	16603487	58708
chr1	16544783	16744783	harbor2	chr1	16602708	16603074	LTR/ERVL	772	-	183	16602891	58108
chr1	16544783	16744783	harbor2	chr1	16603092	16603314	LTR/ERVL	607	-	111	16603203	58420
chr1	16544783	16744783	harbor2	chr1	16603356	16603618	LTR/ERVL	466	-	131	16603487	58704
chr1	16544748	16744748	harbor2	chr1	16602708	16603074	LTR/ERVL	772	-	183	16602891	58143
chr1	16544748	16744748	harbor2	chr1	16603092	16603314	LTR/ERVL	607	-	111	16603203	58455
chr1	16544748	16744748	harbor2	chr1	16603356	16603618	LTR/ERVL	466	-	131	16603487	58739
chr1	227643530	227843530	harbor2	chr1	227736375	227736501	LTR/ERVL	527	-	63	227736438	92908
chr1	227643530	227843530	harbor2	chr1	227736834	227737154	LTR/ERVL	1448	-	160	227736994	93464
chr1	16591604	16791604	harbor2	chr1	16602708	16603074	LTR/ERVL	772	-	183	16602891	11287
chr1	16591604	16791604	harbor2	chr1	16603092	16603314	LTR/ERVL	607	-	111	16603203	11599
chr1	16591604	16791604	harbor2	chr1	16603356	16603618	LTR/ERVL	466	-	131	16603487	11883
chr1	16591604	16791604	harbor2	chr1	16666129	16666278	LTR/ERVL	488	-	74	16666203	74599
chr1	211034356	211234356	harbor2	chr1	211116202	211116303	LTR/ERVL	506	-	50	211116252	81896
chr1	211034356	211234356	harbor2	chr1	211124679	211124777	LTR/ERVL	680	-	49	211124728	90372
chr1	211034356	211234356	harbor2	chr1	211124989	211125042	LTR/ERVL	680	-	26	211125015	90659
chr1	211034356	211234356	harbor2	chr1	211125085	211125342	LTR/ERVL	563	-	128	211125213	90857
chr1	6348816	6548816	harbor2	chr1	6384637	6384836	LTR/ERVL	770	-	100	6384737	35921
chr1	727505	927505	harbor2	chr1	730502	730654	LTR/ERVL	677	-	76	730578	3073
chr1	727505	927505	harbor2	chr1	733910	734062	LTR/ERVL	678	-	76	733986	6481
chr1	727505	927505	harbor2	chr1	737317	737469	LTR/ERVL	667	-	76	737393	9888
chr1	727505	927505	harbor2	chr1	791822	791993	LTR/ERVL	577	-	86	791908	64403
chr1	727505	927505	harbor2	chr1	794994	795251	LTR/ERVL	646	-	128	795122	67617
chr1	87366701	87566701	harbor2	chr1	87382741	87383333	LTR/ERVL	1521	-	296	87383037	16336
chr1	87366701	87566701	harbor2	chr1	87412217	87412648	LTR/ERVL	1604	-	216	87412433	45732
chr1	230193142	230393142	harbor2	chr1	230239255	230239645	LTR/ERVL	1316	-	195	230239450	46308
chr1	230193142	230393142	harbor2	chr1	230271315	230272176	LTR/ERVL	2865	-	430	230271745	78603
chr1	16544774	16744774	harbor2	chr1	16602708	16603074	LTR/ERVL	772	-	183	16602891	58117
chr1	16544774	16744774	harbor2	chr1	16603092	16603314	LTR/ERVL	607	-	111	16603203	58429
chr1	16544774	16744774	harbor2	chr1	16603356	16603618	LTR/ERVL	466	-	131	16603487	58713
chr1	230542426	230742426	harbor2	chr1	230581304	230582035	LTR/ERVL	2354	-	366	230581670	39244
chr1	230542426	230742426	harbor2	chr1	230582388	230582670	LTR/ERVL	797	-	141	230582529	40103
chr1	230542426	230742426	harbor2	chr1	230582796	230582954	LTR/ERVL	641	-	79	230582875	40449
chr1	230542426	230742426	harbor2	chr1	230582950	230583493	LTR/ERVL	2231	-	272	230583222	40796
chr1	230542426	230742426	harbor2	chr1	230592615	230593062	LTR/ERVL	2277	-	224	230592839	50413
chr1	230542426	230742426	harbor2	chr1	230593190	230593602	LTR/ERVL	1461	-	206	230593396	50970
chr1	230542426	230742426	harbor2	chr1	230597932	230598818	LTR/ERVL	3691	-	443	230598375	55949
chr1	223987701	224187701	harbor2	chr1	224016727	224016902	LTR/ERVL	499	-	88	224016815	29114
chr1	223987701	224187701	harbor2	chr1	224019900	224020159	LTR/ERVL	617	-	130	224020030	32329
chr1	223987701	224187701	harbor2	chr1	224081792	224082529	LTR/ERVL	1586	-	368	224082160	94459
chr1	16544791	16744791	harbor2	chr1	16602708	16603074	LTR/ERVL	772	-	183	16602891	58100
chr1	16544791	16744791	harbor2	chr1	16603092	16603314	LTR/ERVL	607	-	111	16603203	58412
chr1	16544791	16744791	harbor2	chr1	16603356	16603618	LTR/ERVL	466	-	131	16603487	58696
chr1	66204207	66404207	harbor2	chr1	66279647	66280017	LTR/ERVL	1683	-	185	66279832	75625
chr1	16544740	16744740	harbor2	chr1	16602708	16603074	LTR/ERVL	772	-	183	16602891	58151
chr1	16544740	16744740	harbor2	chr1	16603092	16603314	LTR/ERVL	607	-	111	16603203	58463
chr1	16544740	16744740	harbor2	chr1	16603356	16603618	LTR/ERVL	466	-	131	16603487	58747
chr1	16546455	16746455	harbor2	chr1	16602708	16603074	LTR/ERVL	772	-	183	16602891	56436
chr1	16546455	16746455	harbor2	chr1	16603092	16603314	LTR/ERVL	607	-	111	16603203	56748
chr1	16546455	16746455	harbor2	chr1	16603356	16603618	LTR/ERVL	466	-	131	16603487	57032
chr1	211034242	211234242	harbor2	chr1	211116202	211116303	LTR/ERVL	506	-	50	211116252	82010
chr1	211034242	211234242	harbor2	chr1	211124679	211124777	LTR/ERVL	680	-	49	211124728	90486
chr1	211034242	211234242	harbor2	chr1	211124989	211125042	LTR/ERVL	680	-	26	211125015	90773
chr1	211034242	211234242	harbor2	chr1	211125085	211125342	LTR/ERVL	563	-	128	211125213	90971
chr1	16545171	16745171	harbor2	chr1	16602708	16603074	LTR/ERVL	772	-	183	16602891	57720
chr1	16545171	16745171	harbor2	chr1	16603092	16603314	LTR/ERVL	607	-	111	16603203	58032
chr1	16545171	16745171	harbor2	chr1	16603356	16603618	LTR/ERVL	466	-	131	16603487	58316
chr1	6685415	6885415	harbor2	chr1	6742745	6743159	LTR/ERVL	3148	-	207	6742952	57537
chr1	119201847	119401847	harbor2	chr1	119276585	119276997	LTR/ERVL	1387	-	206	119276791	74944
chr1	19346312	19546312	harbor2	chr1	19370265	19370782	LTR/ERVL	1860	-	258	19370523	24211
chr1	16544784	16744784	harbor2	chr1	16602708	16603074	LTR/ERVL	772	-	183	16602891	58107
chr1	16544784	16744784	harbor2	chr1	16603092	16603314	LTR/ERVL	607	-	111	16603203	58419
chr1	16544784	16744784	harbor2	chr1	16603356	16603618	LTR/ERVL	466	-	131	16603487	58703
chr1	17289259	17489259	harbor2	chr1	17330328	17330888	LTR/ERVL	2100	-	280	17330608	41349
chr1	17289259	17489259	harbor2	chr1	17359531	17360007	LTR/ERVL	4196	-	238	17359769	70510
chr1	17289259	17489259	harbor2	chr1	17360311	17360529	LTR/ERVL	4196	-	109	17360420	71161
chr1	17289259	17489259	harbor2	chr1	17367513	17367913	LTR/ERVL	1014	-	200	17367713	78454
chr1	4635887	4835887	harbor2	chr1	4643613	4643716	LTR/ERVL	459	-	52	4643665	7778
chr1	4635887	4835887	harbor2	chr1	4675139	4675751	LTR/ERVL	1885	-	306	4675445	39558
chr1	4635887	4835887	harbor2	chr1	4679776	4679808	LTR/ERVL	2800	-	16	4679792	43905
chr1	4635887	4835887	harbor2	chr1	4679853	4680328	LTR/ERVL	2800	-	238	4680091	44204
chr1	16544808	16744808	harbor2	chr1	16602708	16603074	LTR/ERVL	772	-	183	16602891	58083
chr1	16544808	16744808	harbor2	chr1	16603092	16603314	LTR/ERVL	607	-	111	16603203	58395
chr1	16544808	16744808	harbor2	chr1	16603356	16603618	LTR/ERVL	466	-	131	16603487	58679
chr1	16544785	16744785	harbor2	chr1	16602708	16603074	LTR/ERVL	772	-	183	16602891	58106
chr1	16544785	16744785	harbor2	chr1	16603092	16603314	LTR/ERVL	607	-	111	16603203	58418
chr1	16544785	16744785	harbor2	chr1	16603356	16603618	LTR/ERVL	466	-	131	16603487	58702
chr1	21743220	21943220	harbor2	chr1	21764731	21765018	LTR/ERVL	1160	-	144	21764875	21655
chr1	16555139	16755139	harbor2	chr1	16602708	16603074	LTR/ERVL	772	-	183	16602891	47752
chr1	16555139	16755139	harbor2	chr1	16603092	16603314	LTR/ERVL	607	-	111	16603203	48064
chr1	16555139	16755139	harbor2	chr1	16603356	16603618	LTR/ERVL	466	-	131	16603487	48348
chr1	16544786	16744786	harbor2	chr1	16602708	16603074	LTR/ERVL	772	-	183	16602891	58105
chr1	16544786	16744786	harbor2	chr1	16603092	16603314	LTR/ERVL	607	-	111	16603203	58417
chr1	16544786	16744786	harbor2	chr1	16603356	16603618	LTR/ERVL	466	-	131	16603487	58701
chr1	205330776	205530776	harbor2	chr1	205368432	205368665	LTR/ERVL	935	-	116	205368548	37772
chr1	205330776	205530776	harbor2	chr1	205368986	205368996	LTR/ERVL	935	-	5	205368991	38215
chr1	205330776	205530776	harbor2	chr1	205369287	205369496	LTR/ERVL	935	-	104	205369391	38615
chr1	205330776	205530776	harbor2	chr1	205377529	205378362	LTR/ERVL	4236	-	416	205377945	47169
chr1	16545169	16745169	harbor2	chr1	16602708	16603074	LTR/ERVL	772	-	183	16602891	57722
chr1	16545169	16745169	harbor2	chr1	16603092	16603314	LTR/ERVL	607	-	111	16603203	58034
chr1	16545169	16745169	harbor2	chr1	16603356	16603618	LTR/ERVL	466	-	131	16603487	58318
chr1	5033151	5233151	harbor2	chr1	5034485	5034838	LTR/ERVL	938	-	176	5034661	1510
chr1	5033151	5233151	harbor2	chr1	5034844	5035162	LTR/ERVL	1303	-	159	5035003	1852
chr1	5033151	5233151	harbor2	chr1	5082320	5082433	LTR/ERVL	587	-	56	5082376	49225
chr1	5033151	5233151	harbor2	chr1	5091862	5092626	LTR/ERVL	2508	-	382	5092244	59093
chr1	5033151	5233151	harbor2	chr1	5104518	5104674	LTR/ERVL	588	-	78	5104596	71445
chr1	5033151	5233151	harbor2	chr1	5104970	5105198	LTR/ERVL	588	-	114	5105084	71933
chr1	16544749	16744749	harbor2	chr1	16602708	16603074	LTR/ERVL	772	-	183	16602891	58142
chr1	16544749	16744749	harbor2	chr1	16603092	16603314	LTR/ERVL	607	-	111	16603203	58454
chr1	16544749	16744749	harbor2	chr1	16603356	16603618	LTR/ERVL	466	-	131	16603487	58738
chr1	99985	299985	harbor2	chr1	104338	104506	LTR/ERVL	444	-	84	104422	4437
chr1	99985	299985	harbor2	chr1	144178	144234	LTR/ERVL	471	-	28	144206	44221
chr1	99985	299985	harbor2	chr1	144577	144605	LTR/ERVL	471	-	14	144591	44606
chr1	99985	299985	harbor2	chr1	144900	144986	LTR/ERVL	471	-	43	144943	44958
chr1	39855815	40055815	harbor2	chr1	39942639	39943141	LTR/ERVL	2532	-	251	39942890	87075
chr1	39855815	40055815	harbor2	chr1	39943149	39943308	LTR/ERVL	875	-	80	39943229	87414
chr1	39855815	40055815	harbor2	chr1	39943421	39943524	LTR/ERVL	3727	-	52	39943473	87658
chr1	39855815	40055815	harbor2	chr1	39943655	39944045	LTR/ERVL	3738	-	195	39943850	88035
chr1	39855815	40055815	harbor2	chr1	39944348	39944861	LTR/ERVL	3738	-	256	39944604	88789
chr1	39855815	40055815	harbor2	chr1	39945808	39946427	LTR/ERVL	3621	-	310	39946118	90303
chr1	39855815	40055815	harbor2	chr1	39947087	39947922	LTR/ERVL	11687	-	418	39947505	91690
chr1	39855815	40055815	harbor2	chr1	39948226	39948237	LTR/ERVL	11687	-	6	39948232	92417
chr1	39855815	40055815	harbor2	chr1	39948508	39948810	LTR/ERVL	11687	-	151	39948659	92844
chr1	39855815	40055815	harbor2	chr1	39949122	39949172	LTR/ERVL	11687	-	25	39949147	93332
chr1	39855815	40055815	harbor2	chr1	39949475	39950696	LTR/ERVL	11687	-	610	39950085	94270
chr1	39855815	40055815	harbor2	chr1	39950697	39951238	LTR/ERVL	2612	-	270	39950967	95152
chr1	2138415	2338415	harbor2	chr1	2156579	2156875	LTR/ERVL	723	-	148	2156727	18312
chr1	2138415	2338415	harbor2	chr1	2156876	2157339	LTR/ERVL	1758	-	232	2157108	18693
chr1	2138415	2338415	harbor2	chr1	2157340	2157396	LTR/ERVL	519	-	28	2157368	18953
chr1	2138415	2338415	harbor2	chr1	2164257	2164645	LTR/ERVL	1261	-	194	2164451	26036
chr1	16544788	16744788	harbor2	chr1	16602708	16603074	LTR/ERVL	772	-	183	16602891	58103
chr1	16544788	16744788	harbor2	chr1	16603092	16603314	LTR/ERVL	607	-	111	16603203	58415
chr1	16544788	16744788	harbor2	chr1	16603356	16603618	LTR/ERVL	466	-	131	16603487	58699
chr1	205814048	206014048	harbor2	chr1	205818019	205818449	LTR/ERVL	2044	-	215	205818234	4186
chr1	2998349	3198349	harbor2	chr1	3002845	3003699	LTR/ERVL	546	-	427	3003272	4923
chr1	236847274	237047274	harbor2	chr1	236875793	236876202	LTR/ERVL	1649	-	204	236875997	28723
chr1	236847274	237047274	harbor2	chr1	236884389	236884978	LTR/ERVL	2861	-	294	236884683	37409
chr1	236847274	237047274	harbor2	chr1	236927704	236928112	LTR/ERVL	1454	-	204	236927908	80634
chr1	236847274	237047274	harbor2	chr1	236942463	236942809	LTR/ERVL	2426	-	173	236942636	95362
chr1	119547913	119747913	harbor2	chr1	119633323	119633356	LTR/ERVL	1481	-	16	119633339	85426
chr1	119547913	119747913	harbor2	chr1	119633394	119633735	LTR/ERVL	1481	-	170	119633564	85651
chr1	16545161	16745161	harbor2	chr1	16602708	16603074	LTR/ERVL	772	-	183	16602891	57730
chr1	16545161	16745161	harbor2	chr1	16603092	16603314	LTR/ERVL	607	-	111	16603203	58042
chr1	16545161	16745161	harbor2	chr1	16603356	16603618	LTR/ERVL	466	-	131	16603487	58326
chr1	28814482	29014482	harbor2	chr1	28833343	28833696	LTR/ERVL	1636	-	176	28833519	19037
chr1	87228628	87428628	harbor2	chr1	87232320	87232810	LTR/ERVL	3060	-	245	87232565	3937
chr1	87228628	87428628	harbor2	chr1	87266284	87266710	LTR/ERVL	1513	-	213	87266497	37869
chr1	16545197	16745197	harbor2	chr1	16602708	16603074	LTR/ERVL	772	-	183	16602891	57694
chr1	16545197	16745197	harbor2	chr1	16603092	16603314	LTR/ERVL	607	-	111	16603203	58006
chr1	16545197	16745197	harbor2	chr1	16603356	16603618	LTR/ERVL	466	-	131	16603487	58290
chr1	11498857	11698857	harbor2	chr1	11503233	11503767	LTR/ERVL	2515	-	267	11503500	4643
chr1	11498857	11698857	harbor2	chr1	11573223	11573652	LTR/ERVL	2387	-	214	11573437	74580
chr1	11498857	11698857	harbor2	chr1	11575773	11576215	LTR/ERVL	3793	-	221	11575994	77137
chr1	16544745	16744745	harbor2	chr1	16602708	16603074	LTR/ERVL	772	-	183	16602891	58146
chr1	16544745	16744745	harbor2	chr1	16603092	16603314	LTR/ERVL	607	-	111	16603203	58458
chr1	16544745	16744745	harbor2	chr1	16603356	16603618	LTR/ERVL	466	-	131	16603487	58742
chr1	92860991	93060991	harbor2	chr1	92945524	92946229	LTR/ERVL	1763	-	352	92945876	84885
chr1	196346882	196546882	harbor2	chr1	196443288	196443887	LTR/ERVL	584	-	300	196443588	96706
chr1	176328745	176528745	harbor2	chr1	176378468	176379051	LTR/ERVL	1134	-	292	176378760	50015
chr1	16545147	16745147	harbor2	chr1	16602708	16603074	LTR/ERVL	772	-	183	16602891	57744
chr1	16545147	16745147	harbor2	chr1	16603092	16603314	LTR/ERVL	607	-	111	16603203	58056
chr1	16545147	16745147	harbor2	chr1	16603356	16603618	LTR/ERVL	466	-	131	16603487	58340
chr1	244608951	244808951	harbor2	chr1	244614282	244614799	LTR/ERVL	802	-	258	244614540	5589
chr1	244608951	244808951	harbor2	chr1	244623017	244623058	LTR/ERVL	619	-	20	244623037	14086
chr1	244608951	244808951	harbor2	chr1	244623370	244623642	LTR/ERVL	619	-	136	244623506	14555
chr1	244608951	244808951	harbor2	chr1	244628305	244628845	LTR/ERVL	1090	-	270	244628575	19624
chr1	244608951	244808951	harbor2	chr1	244629940	244630158	LTR/ERVL	1649	-	109	244630049	21098
chr1	244608951	244808951	harbor2	chr1	244630622	244630702	LTR/ERVL	468	-	40	244630662	21711
chr1	244608951	244808951	harbor2	chr1	244630703	244630889	LTR/ERVL	538	-	93	244630796	21845
chr1	244608951	244808951	harbor2	chr1	244628922	244629511	LTR/ERVL	1649	-	294	244629216	20265
chr1	6686164	6886164	harbor2	chr1	6742745	6743159	LTR/ERVL	3148	-	207	6742952	56788
chr1	16544769	16744769	harbor2	chr1	16602708	16603074	LTR/ERVL	772	-	183	16602891	58122
chr1	16544769	16744769	harbor2	chr1	16603092	16603314	LTR/ERVL	607	-	111	16603203	58434
chr1	16544769	16744769	harbor2	chr1	16603356	16603618	LTR/ERVL	466	-	131	16603487	58718
chr1	16650676	16850676	harbor2	chr1	16666129	16666278	LTR/ERVL	488	-	74	16666203	15527
chr1	16544800	16744800	harbor2	chr1	16602708	16603074	LTR/ERVL	772	-	183	16602891	58091
chr1	16544800	16744800	harbor2	chr1	16603092	16603314	LTR/ERVL	607	-	111	16603203	58403
chr1	16544800	16744800	harbor2	chr1	16603356	16603618	LTR/ERVL	466	-	131	16603487	58687
chr1	39855881	40055881	harbor2	chr1	39942639	39943141	LTR/ERVL	2532	-	251	39942890	87009
chr1	39855881	40055881	harbor2	chr1	39943149	39943308	LTR/ERVL	875	-	80	39943229	87348
chr1	39855881	40055881	harbor2	chr1	39943421	39943524	LTR/ERVL	3727	-	52	39943473	87592
chr1	39855881	40055881	harbor2	chr1	39943655	39944045	LTR/ERVL	3738	-	195	39943850	87969
chr1	39855881	40055881	harbor2	chr1	39944348	39944861	LTR/ERVL	3738	-	256	39944604	88723
chr1	39855881	40055881	harbor2	chr1	39945808	39946427	LTR/ERVL	3621	-	310	39946118	90237
chr1	39855881	40055881	harbor2	chr1	39947087	39947922	LTR/ERVL	11687	-	418	39947505	91624
chr1	39855881	40055881	harbor2	chr1	39948226	39948237	LTR/ERVL	11687	-	6	39948232	92351
chr1	39855881	40055881	harbor2	chr1	39948508	39948810	LTR/ERVL	11687	-	151	39948659	92778
chr1	39855881	40055881	harbor2	chr1	39949122	39949172	LTR/ERVL	11687	-	25	39949147	93266
chr1	39855881	40055881	harbor2	chr1	39949475	39950696	LTR/ERVL	11687	-	610	39950085	94204
chr1	39855881	40055881	harbor2	chr1	39950697	39951238	LTR/ERVL	2612	-	270	39950967	95086
chr1	16625221	16825221	harbor2	chr1	16666129	16666278	LTR/ERVL	488	-	74	16666203	40982
chr1	18175437	18375437	harbor2	chr1	18193356	18193790	LTR/ERVL	3085	-	217	18193573	18136
chr1	18175437	18375437	harbor2	chr1	18261782	18261984	LTR/ERVL	572	-	101	18261883	86446
chr1	67493952	67693952	harbor2	chr1	67558387	67558731	LTR/ERVL	1059	-	172	67558559	64607
chr1	16544895	16744895	harbor2	chr1	16602708	16603074	LTR/ERVL	772	-	183	16602891	57996
chr1	16544895	16744895	harbor2	chr1	16603092	16603314	LTR/ERVL	607	-	111	16603203	58308
chr1	16544895	16744895	harbor2	chr1	16603356	16603618	LTR/ERVL	466	-	131	16603487	58592
chr1	205330799	205530799	harbor2	chr1	205368432	205368665	LTR/ERVL	935	-	116	205368548	37749
chr1	205330799	205530799	harbor2	chr1	205368986	205368996	LTR/ERVL	935	-	5	205368991	38192
chr1	205330799	205530799	harbor2	chr1	205369287	205369496	LTR/ERVL	935	-	104	205369391	38592
chr1	205330799	205530799	harbor2	chr1	205377529	205378362	LTR/ERVL	4236	-	416	205377945	47146
chr1	16544813	16744813	harbor2	chr1	16602708	16603074	LTR/ERVL	772	-	183	16602891	58078
chr1	16544813	16744813	harbor2	chr1	16603092	16603314	LTR/ERVL	607	-	111	16603203	58390
chr1	16544813	16744813	harbor2	chr1	16603356	16603618	LTR/ERVL	466	-	131	16603487	58674
chr1	16626867	16826867	harbor2	chr1	16666129	16666278	LTR/ERVL	488	-	74	16666203	39336
chr1	74605285	74805285	harbor2	chr1	74658310	74658464	LTR/ERVL	524	-	77	74658387	53102
chr1	11740909	11940909	harbor2	chr1	11812130	11812630	LTR/ERVL	2664	-	250	11812380	71471
chr1	7229851	7429851	harbor2	chr1	7245757	7245933	LTR/ERVL	670	-	88	7245845	15994
chr1	7229851	7429851	harbor2	chr1	7320314	7320649	LTR/ERVL	2551	-	168	7320482	90631
chr1	7229851	7429851	harbor2	chr1	7320675	7321218	LTR/ERVL	2551	-	272	7320947	91096
chr1	7229851	7429851	harbor2	chr1	7321252	7321715	LTR/ERVL	1547	-	232	7321484	91633
chr1	7229851	7429851	harbor2	chr1	7321844	7322250	LTR/ERVL	1091	-	203	7322047	92196
chr1	16545132	16745132	harbor2	chr1	16602708	16603074	LTR/ERVL	772	-	183	16602891	57759
chr1	16545132	16745132	harbor2	chr1	16603092	16603314	LTR/ERVL	607	-	111	16603203	58071
chr1	16545132	16745132	harbor2	chr1	16603356	16603618	LTR/ERVL	466	-	131	16603487	58355
chr1	43467195	43667195	harbor2	chr1	43467473	43467897	LTR/ERVL	1885	-	212	43467685	490
chr1	43467195	43667195	harbor2	chr1	43469533	43469790	LTR/ERVL	1885	-	128	43469661	2466
chr1	43467195	43667195	harbor2	chr1	43469877	43471318	LTR/ERVL	3011	-	720	43470597	3402
chr1	43467195	43667195	harbor2	chr1	43472757	43473033	LTR/ERVL	798	-	138	43472895	5700
chr1	43467195	43667195	harbor2	chr1	43507201	43507673	LTR/ERVL	932	-	236	43507437	40242
chr1	31479906	31679906	harbor2	chr1	31506570	31507022	LTR/ERVL	1014	-	226	31506796	26890
chr1	31479906	31679906	harbor2	chr1	31524940	31525377	LTR/ERVL	2554	-	218	31525158	45252
chr1	727526	927526	harbor2	chr1	730502	730654	LTR/ERVL	677	-	76	730578	3052
chr1	727526	927526	harbor2	chr1	733910	734062	LTR/ERVL	678	-	76	733986	6460
chr1	727526	927526	harbor2	chr1	737317	737469	LTR/ERVL	667	-	76	737393	9867
chr1	727526	927526	harbor2	chr1	791822	791993	LTR/ERVL	577	-	86	791908	64382
chr1	727526	927526	harbor2	chr1	794994	795251	LTR/ERVL	646	-	128	795122	67596
chr1	226638246	226838246	harbor2	chr1	226699785	226700188	LTR/ERVL	3194	-	202	226699987	61741
chr1	226638246	226838246	harbor2	chr1	226700496	226700551	LTR/ERVL	3194	-	28	226700524	62278
chr1	110864043	111064043	harbor2	chr1	110927199	110927818	LTR/ERVL	2038	-	310	110927509	63466
chr1	191972112	192172112	harbor2	chr1	192040775	192040998	LTR/ERVL	705	-	112	192040887	68775
chr1	191972112	192172112	harbor2	chr1	192049317	192049869	LTR/ERVL	683	-	276	192049593	77481
chr1	191972112	192172112	harbor2	chr1	192065592	192065824	LTR/ERVL	672	-	116	192065708	93596
chr1	156560141	156760141	harbor2	chr1	156632230	156632591	LTR/ERVL	1148	-	180	156632410	72269
chr1	156560141	156760141	harbor2	chr1	156633288	156634017	LTR/ERVL	4253	-	364	156633652	73511
chr1	156560141	156760141	harbor2	chr1	156634330	156635215	LTR/ERVL	4253	-	442	156634772	74631
chr1	156560141	156760141	harbor2	chr1	156635222	156635387	LTR/ERVL	883	-	82	156635304	75163
chr1	156560141	156760141	harbor2	chr1	156635683	156635871	LTR/ERVL	883	-	94	156635777	75636
chr1	170517376	170717376	harbor2	chr1	170526053	170526661	LTR/ERVL	3130	-	304	170526357	8981
chr1	170517376	170717376	harbor2	chr1	170528070	170528659	LTR/ERVL	3049	-	294	170528364	10988
chr1	170517376	170717376	harbor2	chr1	170579238	170579712	LTR/ERVL	783	-	237	170579475	62099
chr1	38904921	39104921	harbor2	chr1	38944801	38945216	LTR/ERVL	652	-	208	38945009	40088
chr1	38904921	39104921	harbor2	chr1	38960441	38960565	LTR/ERVL	449	-	62	38960503	55582
chr1	244605752	244805752	harbor2	chr1	244614282	244614799	LTR/ERVL	802	-	258	244614540	8788
chr1	244605752	244805752	harbor2	chr1	244623017	244623058	LTR/ERVL	619	-	20	244623037	17285
chr1	244605752	244805752	harbor2	chr1	244623370	244623642	LTR/ERVL	619	-	136	244623506	17754
chr1	244605752	244805752	harbor2	chr1	244628305	244628845	LTR/ERVL	1090	-	270	244628575	22823
chr1	244605752	244805752	harbor2	chr1	244629940	244630158	LTR/ERVL	1649	-	109	244630049	24297
chr1	244605752	244805752	harbor2	chr1	244630622	244630702	LTR/ERVL	468	-	40	244630662	24910
chr1	244605752	244805752	harbor2	chr1	244630703	244630889	LTR/ERVL	538	-	93	244630796	25044
chr1	244605752	244805752	harbor2	chr1	244628922	244629511	LTR/ERVL	1649	-	294	244629216	23464
chr1	16598500	16798500	harbor2	chr1	16602708	16603074	LTR/ERVL	772	-	183	16602891	4391
chr1	16598500	16798500	harbor2	chr1	16603092	16603314	LTR/ERVL	607	-	111	16603203	4703
chr1	16598500	16798500	harbor2	chr1	16603356	16603618	LTR/ERVL	466	-	131	16603487	4987
chr1	16598500	16798500	harbor2	chr1	16666129	16666278	LTR/ERVL	488	-	74	16666203	67703
chr1	76547403	76747403	harbor2	chr1	76606800	76607694	LTR/ERVL	3980	-	447	76607247	59844
chr1	16655181	16855181	harbor2	chr1	16666129	16666278	LTR/ERVL	488	-	74	16666203	11022
chr1	16544742	16744742	harbor2	chr1	16602708	16603074	LTR/ERVL	772	-	183	16602891	58149
chr1	16544742	16744742	harbor2	chr1	16603092	16603314	LTR/ERVL	607	-	111	16603203	58461
chr1	16544742	16744742	harbor2	chr1	16603356	16603618	LTR/ERVL	466	-	131	16603487	58745
chr1	16544837	16744837	harbor2	chr1	16602708	16603074	LTR/ERVL	772	-	183	16602891	58054
chr1	16544837	16744837	harbor2	chr1	16603092	16603314	LTR/ERVL	607	-	111	16603203	58366
chr1	16544837	16744837	harbor2	chr1	16603356	16603618	LTR/ERVL	466	-	131	16603487	58650
chr1	2138423	2338423	harbor2	chr1	2156579	2156875	LTR/ERVL	723	-	148	2156727	18304
chr1	2138423	2338423	harbor2	chr1	2156876	2157339	LTR/ERVL	1758	-	232	2157108	18685
chr1	2138423	2338423	harbor2	chr1	2157340	2157396	LTR/ERVL	519	-	28	2157368	18945
chr1	2138423	2338423	harbor2	chr1	2164257	2164645	LTR/ERVL	1261	-	194	2164451	26028
chr1	226639019	226839019	harbor2	chr1	226699785	226700188	LTR/ERVL	3194	-	202	226699987	60968
chr1	226639019	226839019	harbor2	chr1	226700496	226700551	LTR/ERVL	3194	-	28	226700524	61505
chr1	155092951	155292951	harbor2	chr1	155096231	155096311	LTR/ERVL	766	-	40	155096271	3320
chr1	155092951	155292951	harbor2	chr1	155096599	155096701	LTR/ERVL	766	-	51	155096650	3699
chr1	155092951	155292951	harbor2	chr1	155097001	155097073	LTR/ERVL	766	-	36	155097037	4086
chr1	155092951	155292951	harbor2	chr1	155097819	155098009	LTR/ERVL	1080	-	95	155097914	4963
chr1	155092951	155292951	harbor2	chr1	155160993	155161237	LTR/ERVL	991	-	122	155161115	68164
chr1	53847584	54047584	harbor2	chr1	53848894	53849509	LTR/ERVL	2470	-	308	53849202	1618
chr1	162655449	162855449	harbor2	chr1	162670416	162670603	LTR/ERVL	724	-	94	162670510	15061
chr1	16544790	16744790	harbor2	chr1	16602708	16603074	LTR/ERVL	772	-	183	16602891	58101
chr1	16544790	16744790	harbor2	chr1	16603092	16603314	LTR/ERVL	607	-	111	16603203	58413
chr1	16544790	16744790	harbor2	chr1	16603356	16603618	LTR/ERVL	466	-	131	16603487	58697
chr1	204830869	205030869	harbor2	chr1	204891130	204891269	LTR/ERVL	464	-	70	204891200	60331
chr1	204830869	205030869	harbor2	chr1	204891360	204891639	LTR/ERVL	588	-	140	204891500	60631
chr1	182932329	183132329	harbor2	chr1	182995614	182995873	LTR/ERVL	865	-	130	182995744	63415
chr1	182932329	183132329	harbor2	chr1	182997297	182997703	LTR/ERVL	1427	-	203	182997500	65171
chr1	182932329	183132329	harbor2	chr1	182998289	182999240	LTR/ERVL	1427	-	476	182998765	66436
chr1	182932329	183132329	harbor2	chr1	182999453	182999980	LTR/ERVL	1280	-	264	182999717	67388
chr1	16546417	16746417	harbor2	chr1	16602708	16603074	LTR/ERVL	772	-	183	16602891	56474
chr1	16546417	16746417	harbor2	chr1	16603092	16603314	LTR/ERVL	607	-	111	16603203	56786
chr1	16546417	16746417	harbor2	chr1	16603356	16603618	LTR/ERVL	466	-	131	16603487	57070
chr1	21392241	21592241	harbor2	chr1	21486460	21486615	LTR/ERVL	491	-	78	21486538	94297
chr1	211034229	211234229	harbor2	chr1	211116202	211116303	LTR/ERVL	506	-	50	211116252	82023
chr1	211034229	211234229	harbor2	chr1	211124679	211124777	LTR/ERVL	680	-	49	211124728	90499
chr1	211034229	211234229	harbor2	chr1	211124989	211125042	LTR/ERVL	680	-	26	211125015	90786
chr1	211034229	211234229	harbor2	chr1	211125085	211125342	LTR/ERVL	563	-	128	211125213	90984
chr1	59715217	59915217	harbor2	chr1	59777369	59777805	LTR/ERVL	1376	-	218	59777587	62370
chr1	244735652	244935652	harbor2	chr1	244747176	244747462	LTR/ERVL	778	-	143	244747319	11667
chr1	244735652	244935652	harbor2	chr1	244748682	244748897	LTR/ERVL	634	-	108	244748790	13138
chr1	244735652	244935652	harbor2	chr1	244756999	244757217	LTR/ERVL	1367	-	109	244757108	21456
chr1	244735652	244935652	harbor2	chr1	244773123	244773235	LTR/ERVL	1818	-	56	244773179	37527
chr1	244735652	244935652	harbor2	chr1	244773548	244773875	LTR/ERVL	1818	-	164	244773712	38060
chr1	244735652	244935652	harbor2	chr1	244779084	244779567	LTR/ERVL	822	-	242	244779326	43674
chr1	244763056	244963056	harbor2	chr1	244773123	244773235	LTR/ERVL	1818	-	56	244773179	10123
chr1	244763056	244963056	harbor2	chr1	244773548	244773875	LTR/ERVL	1818	-	164	244773712	10656
chr1	244763056	244963056	harbor2	chr1	244779084	244779567	LTR/ERVL	822	-	242	244779326	16270
chr1	16544707	16744707	harbor2	chr1	16602708	16603074	LTR/ERVL	772	-	183	16602891	58184
chr1	16544707	16744707	harbor2	chr1	16603092	16603314	LTR/ERVL	607	-	111	16603203	58496
chr1	16544707	16744707	harbor2	chr1	16603356	16603618	LTR/ERVL	466	-	131	16603487	58780
chr1	25574287	25774287	harbor2	chr1	25671874	25672454	LTR/ERVL	3101	-	290	25672164	97877
chr1	244605764	244805764	harbor2	chr1	244614282	244614799	LTR/ERVL	802	-	258	244614540	8776
chr1	244605764	244805764	harbor2	chr1	244623017	244623058	LTR/ERVL	619	-	20	244623037	17273
chr1	244605764	244805764	harbor2	chr1	244623370	244623642	LTR/ERVL	619	-	136	244623506	17742
chr1	244605764	244805764	harbor2	chr1	244628305	244628845	LTR/ERVL	1090	-	270	244628575	22811
chr1	244605764	244805764	harbor2	chr1	244629940	244630158	LTR/ERVL	1649	-	109	244630049	24285
chr1	244605764	244805764	harbor2	chr1	244630622	244630702	LTR/ERVL	468	-	40	244630662	24898
chr1	244605764	244805764	harbor2	chr1	244630703	244630889	LTR/ERVL	538	-	93	244630796	25032
chr1	244605764	244805764	harbor2	chr1	244628922	244629511	LTR/ERVL	1649	-	294	244629216	23452
chr1	6685436	6885436	harbor2	chr1	6742745	6743159	LTR/ERVL	3148	-	207	6742952	57516
chr1	148210264	148410264	harbor2	chr1	148220646	148221018	LTR/ERVL	1975	-	186	148220832	10568
chr1	148210264	148410264	harbor2	chr1	148240026	148240385	LTR/ERVL	1765	-	180	148240206	29942
chr1	148210264	148410264	harbor2	chr1	148290955	148291449	LTR/ERVL	2600	-	247	148291202	80938
chr1	148210264	148410264	harbor2	chr1	148301698	148302205	LTR/ERVL	2330	-	254	148301952	91688
chr1	156623387	156823387	harbor2	chr1	156632230	156632591	LTR/ERVL	1148	-	180	156632410	9023
chr1	156623387	156823387	harbor2	chr1	156633288	156634017	LTR/ERVL	4253	-	364	156633652	10265
chr1	156623387	156823387	harbor2	chr1	156634330	156635215	LTR/ERVL	4253	-	442	156634772	11385
chr1	156623387	156823387	harbor2	chr1	156635222	156635387	LTR/ERVL	883	-	82	156635304	11917
chr1	156623387	156823387	harbor2	chr1	156635683	156635871	LTR/ERVL	883	-	94	156635777	12390
chr1	16603124	16803124	harbor2	chr1	16603092	16603314	LTR/ERVL	607	-	111	16603203	79
chr1	16603124	16803124	harbor2	chr1	16603356	16603618	LTR/ERVL	466	-	131	16603487	363
chr1	16603124	16803124	harbor2	chr1	16666129	16666278	LTR/ERVL	488	-	74	16666203	63079
chr1	31479894	31679894	harbor2	chr1	31506570	31507022	LTR/ERVL	1014	-	226	31506796	26902
chr1	31479894	31679894	harbor2	chr1	31524940	31525377	LTR/ERVL	2554	-	218	31525158	45264
chr1	156560151	156760151	harbor2	chr1	156632230	156632591	LTR/ERVL	1148	-	180	156632410	72259
chr1	156560151	156760151	harbor2	chr1	156633288	156634017	LTR/ERVL	4253	-	364	156633652	73501
chr1	156560151	156760151	harbor2	chr1	156634330	156635215	LTR/ERVL	4253	-	442	156634772	74621
chr1	156560151	156760151	harbor2	chr1	156635222	156635387	LTR/ERVL	883	-	82	156635304	75153
chr1	156560151	156760151	harbor2	chr1	156635683	156635871	LTR/ERVL	883	-	94	156635777	75626
chr1	2138420	2338420	harbor2	chr1	2156579	2156875	LTR/ERVL	723	-	148	2156727	18307
chr1	2138420	2338420	harbor2	chr1	2156876	2157339	LTR/ERVL	1758	-	232	2157108	18688
chr1	2138420	2338420	harbor2	chr1	2157340	2157396	LTR/ERVL	519	-	28	2157368	18948
chr1	2138420	2338420	harbor2	chr1	2164257	2164645	LTR/ERVL	1261	-	194	2164451	26031
chr1	167621518	167821518	harbor2	chr1	167654178	167654576	LTR/ERVL	2438	-	199	167654377	32859
chr1	86768547	86968547	harbor2	chr1	86769514	86769547	LTR/ERVL	2812	-	16	86769530	983
chr1	86768547	86968547	harbor2	chr1	86795752	86796203	LTR/ERVL	1453	-	226	86795978	27431
chr1	86768547	86968547	harbor2	chr1	86825157	86825541	LTR/ERVL	1052	-	192	86825349	56802
chr1	86768547	86968547	harbor2	chr1	86838036	86838379	LTR/ERVL	591	-	172	86838208	69661
chr1	86768547	86968547	harbor2	chr1	86853021	86853470	LTR/ERVL	2079	-	224	86853245	84698
chr1	86768547	86968547	harbor2	chr1	86769654	86770127	LTR/ERVL	2812	-	236	86769890	1343
chr1	16545142	16745142	harbor2	chr1	16602708	16603074	LTR/ERVL	772	-	183	16602891	57749
chr1	16545142	16745142	harbor2	chr1	16603092	16603314	LTR/ERVL	607	-	111	16603203	58061
chr1	16545142	16745142	harbor2	chr1	16603356	16603618	LTR/ERVL	466	-	131	16603487	58345
chr1	28827120	29027120	harbor2	chr1	28833343	28833696	LTR/ERVL	1636	-	176	28833519	6399
chr1	16546458	16746458	harbor2	chr1	16602708	16603074	LTR/ERVL	772	-	183	16602891	56433
chr1	16546458	16746458	harbor2	chr1	16603092	16603314	LTR/ERVL	607	-	111	16603203	56745
chr1	16546458	16746458	harbor2	chr1	16603356	16603618	LTR/ERVL	466	-	131	16603487	57029
chr1	180065529	180265529	harbor2	chr1	180101459	180101997	LTR/ERVL	2828	-	269	180101728	36199
chr1	180065529	180265529	harbor2	chr1	180102003	180102134	LTR/ERVL	734	-	66	180102069	36540
chr1	180065529	180265529	harbor2	chr1	180102436	180102488	LTR/ERVL	734	-	26	180102462	36933
chr1	180065529	180265529	harbor2	chr1	180117103	180117539	LTR/ERVL	1175	-	218	180117321	51792
chr1	180065529	180265529	harbor2	chr1	180134670	180135123	LTR/ERVL	2225	-	226	180134896	69367
chr1	89618068	89818068	harbor2	chr1	89617618	89618342	LTR/ERVL	1534	-	362	89617980	88
chr1	89618068	89818068	harbor2	chr1	89623874	89624364	LTR/ERVL	1615	-	245	89624119	6051
chr1	89618068	89818068	harbor2	chr1	89626273	89626960	LTR/ERVL	2646	-	344	89626617	8549
chr1	89618068	89818068	harbor2	chr1	89627009	89627304	LTR/ERVL	2646	-	148	89627157	9089
chr1	727539	927539	harbor2	chr1	730502	730654	LTR/ERVL	677	-	76	730578	3039
chr1	727539	927539	harbor2	chr1	733910	734062	LTR/ERVL	678	-	76	733986	6447
chr1	727539	927539	harbor2	chr1	737317	737469	LTR/ERVL	667	-	76	737393	9854
chr1	727539	927539	harbor2	chr1	791822	791993	LTR/ERVL	577	-	86	791908	64369
chr1	727539	927539	harbor2	chr1	794994	795251	LTR/ERVL	646	-	128	795122	67583
chr1	2139714	2339714	harbor2	chr1	2156579	2156875	LTR/ERVL	723	-	148	2156727	17013
chr1	2139714	2339714	harbor2	chr1	2156876	2157339	LTR/ERVL	1758	-	232	2157108	17394
chr1	2139714	2339714	harbor2	chr1	2157340	2157396	LTR/ERVL	519	-	28	2157368	17654
chr1	2139714	2339714	harbor2	chr1	2164257	2164645	LTR/ERVL	1261	-	194	2164451	24737
chr1	7672052	7872052	harbor2	chr1	7693430	7694107	LTR/ERVL	3360	-	338	7693768	21716
chr1	214181152	214381152	harbor2	chr1	214188603	214188993	LTR/ERVL	1208	-	195	214188798	7646
chr1	214181152	214381152	harbor2	chr1	214207037	214207343	LTR/ERVL	1172	-	153	214207190	26038
chr1	214181152	214381152	harbor2	chr1	214246137	214246589	LTR/ERVL	3062	-	226	214246363	65211
chr1	51230916	51430916	harbor2	chr1	51267333	51267698	LTR/ERVL	1905	-	182	51267515	36599
chr1	244609671	244809671	harbor2	chr1	244614282	244614799	LTR/ERVL	802	-	258	244614540	4869
chr1	244609671	244809671	harbor2	chr1	244623017	244623058	LTR/ERVL	619	-	20	244623037	13366
chr1	244609671	244809671	harbor2	chr1	244623370	244623642	LTR/ERVL	619	-	136	244623506	13835
chr1	244609671	244809671	harbor2	chr1	244628305	244628845	LTR/ERVL	1090	-	270	244628575	18904
chr1	244609671	244809671	harbor2	chr1	244629940	244630158	LTR/ERVL	1649	-	109	244630049	20378
chr1	244609671	244809671	harbor2	chr1	244630622	244630702	LTR/ERVL	468	-	40	244630662	20991
chr1	244609671	244809671	harbor2	chr1	244630703	244630889	LTR/ERVL	538	-	93	244630796	21125
chr1	244609671	244809671	harbor2	chr1	244628922	244629511	LTR/ERVL	1649	-	294	244629216	19545
chr1	20052576	20252576	harbor2	chr1	20081357	20081692	LTR/ERVL	1138	-	168	20081525	28949
chr1	20052576	20252576	harbor2	chr1	20082677	20082822	LTR/ERVL	541	-	72	20082749	30173
chr1	20052576	20252576	harbor2	chr1	20112609	20113064	LTR/ERVL	1124	-	228	20112837	60261
chr1	16660926	16860926	harbor2	chr1	16666129	16666278	LTR/ERVL	488	-	74	16666203	5277
chr1	223604865	223804865	harbor2	chr1	223644887	223645431	LTR/ERVL	2307	-	272	223645159	40294
chr1	223604865	223804865	harbor2	chr1	223695965	223696217	LTR/ERVL	737	-	126	223696091	91226
chr1	16626815	16826815	harbor2	chr1	16666129	16666278	LTR/ERVL	488	-	74	16666203	39388
chr1	3845544	4045544	harbor2	chr1	3908504	3908664	LTR/ERVL	673	-	80	3908584	63040
chr1	3845544	4045544	harbor2	chr1	3908879	3909380	LTR/ERVL	1365	-	250	3909129	63585
chr1	3845544	4045544	harbor2	chr1	3927523	3927978	LTR/ERVL	2458	-	228	3927751	82207
chr1	2139645	2339645	harbor2	chr1	2156579	2156875	LTR/ERVL	723	-	148	2156727	17082
chr1	2139645	2339645	harbor2	chr1	2156876	2157339	LTR/ERVL	1758	-	232	2157108	17463
chr1	2139645	2339645	harbor2	chr1	2157340	2157396	LTR/ERVL	519	-	28	2157368	17723
chr1	2139645	2339645	harbor2	chr1	2164257	2164645	LTR/ERVL	1261	-	194	2164451	24806
chr1	16586020	16786020	harbor2	chr1	16602708	16603074	LTR/ERVL	772	-	183	16602891	16871
chr1	16586020	16786020	harbor2	chr1	16603092	16603314	LTR/ERVL	607	-	111	16603203	17183
chr1	16586020	16786020	harbor2	chr1	16603356	16603618	LTR/ERVL	466	-	131	16603487	17467
chr1	16586020	16786020	harbor2	chr1	16666129	16666278	LTR/ERVL	488	-	74	16666203	80183
chr1	228074079	228274079	harbor2	chr1	228121858	228122536	LTR/ERVL	2752	-	339	228122197	48118
chr1	228074079	228274079	harbor2	chr1	228124979	228125369	LTR/ERVL	1181	-	195	228125174	51095
chr1	228074079	228274079	harbor2	chr1	228133955	228134303	LTR/ERVL	2267	-	174	228134129	60050
chr1	228074079	228274079	harbor2	chr1	228135024	228135569	LTR/ERVL	1854	-	272	228135296	61217
chr1	228074079	228274079	harbor2	chr1	228160758	228160956	LTR/ERVL	1111	-	99	228160857	86778
chr1	244605740	244805740	harbor2	chr1	244614282	244614799	LTR/ERVL	802	-	258	244614540	8800
chr1	244605740	244805740	harbor2	chr1	244623017	244623058	LTR/ERVL	619	-	20	244623037	17297
chr1	244605740	244805740	harbor2	chr1	244623370	244623642	LTR/ERVL	619	-	136	244623506	17766
chr1	244605740	244805740	harbor2	chr1	244628305	244628845	LTR/ERVL	1090	-	270	244628575	22835
chr1	244605740	244805740	harbor2	chr1	244629940	244630158	LTR/ERVL	1649	-	109	244630049	24309
chr1	244605740	244805740	harbor2	chr1	244630622	244630702	LTR/ERVL	468	-	40	244630662	24922
chr1	244605740	244805740	harbor2	chr1	244630703	244630889	LTR/ERVL	538	-	93	244630796	25056
chr1	244605740	244805740	harbor2	chr1	244628922	244629511	LTR/ERVL	1649	-	294	244629216	23476
chr1	230028630	230228630	harbor2	chr1	230098415	230098841	LTR/ERVL	2543	-	213	230098628	69998
chr1	19544301	19744301	harbor2	chr1	19571430	19571653	LTR/ERVL	739	-	112	19571542	27241
chr1	19544301	19744301	harbor2	chr1	19572015	19572203	LTR/ERVL	706	-	94	19572109	27808
chr1	19544301	19744301	harbor2	chr1	19572523	19572549	LTR/ERVL	437	-	13	19572536	28235
chr1	19544301	19744301	harbor2	chr1	19572896	19573076	LTR/ERVL	437	-	90	19572986	28685
chr1	19544301	19744301	harbor2	chr1	19586660	19586780	LTR/ERVL	502	-	60	19586720	42419
chr1	28815540	29015540	harbor2	chr1	28833343	28833696	LTR/ERVL	1636	-	176	28833519	17979
chr1	47318309	47518309	harbor2	chr1	47342407	47342527	LTR/ERVL	846	-	60	47342467	24158
chr1	241289600	241489600	harbor2	chr1	241316024	241316184	LTR/ERVL	539	-	80	241316104	26504
chr1	241289600	241489600	harbor2	chr1	241316183	241316569	LTR/ERVL	1759	-	193	241316376	26776
chr1	241289600	241489600	harbor2	chr1	241386302	241386665	LTR/ERVL	620	-	182	241386484	96884
chr1	16626840	16826840	harbor2	chr1	16666129	16666278	LTR/ERVL	488	-	74	16666203	39363
chr1	11741330	11941330	harbor2	chr1	11812130	11812630	LTR/ERVL	2664	-	250	11812380	71050
chr1	16544730	16744730	harbor2	chr1	16602708	16603074	LTR/ERVL	772	-	183	16602891	58161
chr1	16544730	16744730	harbor2	chr1	16603092	16603314	LTR/ERVL	607	-	111	16603203	58473
chr1	16544730	16744730	harbor2	chr1	16603356	16603618	LTR/ERVL	466	-	131	16603487	58757
chr1	230743397	230943397	harbor2	chr1	230769538	230769616	LTR/ERVL	1969	-	39	230769577	26180
chr1	230743397	230943397	harbor2	chr1	230770101	230770530	LTR/ERVL	1969	-	214	230770315	26918
chr1	230743397	230943397	harbor2	chr1	230815735	230816017	LTR/ERVL	999	-	141	230815876	72479
chr1	89721814	89921814	harbor2	chr1	89741126	89742062	LTR/ERVL	3352	-	468	89741594	19780
chr1	89721814	89921814	harbor2	chr1	89781553	89781960	LTR/ERVL	1689	-	204	89781757	59943
chr1	89721814	89921814	harbor2	chr1	89782005	89782259	LTR/ERVL	862	-	127	89782132	60318
chr1	89721814	89921814	harbor2	chr1	89784367	89784570	LTR/ERVL	1154	-	102	89784469	62655
chr1	89721814	89921814	harbor2	chr1	89785039	89785225	LTR/ERVL	1154	-	93	89785132	63318
chr1	89721814	89921814	harbor2	chr1	89812211	89812772	LTR/ERVL	2991	-	280	89812491	90677
chr1	220688388	220888388	harbor2	chr1	220703962	220704159	LTR/ERVL	877	-	98	220704060	15672
chr1	220688388	220888388	harbor2	chr1	220705050	220705247	LTR/ERVL	562	-	98	220705148	16760
chr1	220688388	220888388	harbor2	chr1	220714476	220715408	LTR/ERVL	4186	-	466	220714942	26554
chr1	220688388	220888388	harbor2	chr1	220755310	220755847	LTR/ERVL	2370	-	268	220755578	67190
chr1	79970074	80170074	harbor2	chr1	79974088	79974412	LTR/ERVL	877	-	162	79974250	4176
chr1	100904301	101104301	harbor2	chr1	100942430	100942536	LTR/ERVL	4438	-	53	100942483	38182
chr1	100904301	101104301	harbor2	chr1	100943065	100943732	LTR/ERVL	4438	-	334	100943399	39098
chr1	100904301	101104301	harbor2	chr1	100950786	100951243	LTR/ERVL	1449	-	228	100951014	46713
chr1	23880282	24080282	harbor2	chr1	23933103	23933189	LTR/ERVL	2665	-	43	23933146	52864
chr1	23880282	24080282	harbor2	chr1	23933651	23934171	LTR/ERVL	2665	-	260	23933911	53629
chr1	23880282	24080282	harbor2	chr1	23934178	23934332	LTR/ERVL	683	-	77	23934255	53973
chr1	237493862	237693862	harbor2	chr1	237494073	237494621	LTR/ERVL	2208	-	274	237494347	485
chr1	237493862	237693862	harbor2	chr1	237524779	237524904	LTR/ERVL	568	-	62	237524841	30979
chr1	237493862	237693862	harbor2	chr1	237527300	237527429	LTR/ERVL	717	-	64	237527364	33502
chr1	207932133	208132133	harbor2	chr1	207983032	207983214	LTR/ERVL	572	-	91	207983123	50990
chr1	7653025	7853025	harbor2	chr1	7693430	7694107	LTR/ERVL	3360	-	338	7693768	40743
chr1	19567950	19767950	harbor2	chr1	19571430	19571653	LTR/ERVL	739	-	112	19571542	3592
chr1	19567950	19767950	harbor2	chr1	19572015	19572203	LTR/ERVL	706	-	94	19572109	4159
chr1	19567950	19767950	harbor2	chr1	19572523	19572549	LTR/ERVL	437	-	13	19572536	4586
chr1	19567950	19767950	harbor2	chr1	19572896	19573076	LTR/ERVL	437	-	90	19572986	5036
chr1	19567950	19767950	harbor2	chr1	19586660	19586780	LTR/ERVL	502	-	60	19586720	18770
chr1	54663786	54863786	harbor2	chr1	54703756	54704011	LTR/ERVL	624	-	128	54703884	40098
chr1	70202324	70402324	harbor2	chr1	70234069	70234341	LTR/ERVL	721	-	136	70234205	31881
chr1	70202324	70402324	harbor2	chr1	70256552	70257003	LTR/ERVL	1730	-	226	70256778	54454
chr1	26595855	26795855	harbor2	chr1	26598793	26599011	LTR/ERVL	463	-	109	26598902	3047
chr1	16545145	16745145	harbor2	chr1	16602708	16603074	LTR/ERVL	772	-	183	16602891	57746
chr1	16545145	16745145	harbor2	chr1	16603092	16603314	LTR/ERVL	607	-	111	16603203	58058
chr1	16545145	16745145	harbor2	chr1	16603356	16603618	LTR/ERVL	466	-	131	16603487	58342
chr1	246213932	246413932	harbor2	chr1	246255889	246255927	LTR/ERVL	2925	-	19	246255908	41976
chr1	246213932	246413932	harbor2	chr1	246256037	246256416	LTR/ERVL	2925	-	190	246256227	42295
chr1	6685468	6885468	harbor2	chr1	6742745	6743159	LTR/ERVL	3148	-	207	6742952	57484
chr1	16544776	16744776	harbor2	chr1	16602708	16603074	LTR/ERVL	772	-	183	16602891	58115
chr1	16544776	16744776	harbor2	chr1	16603092	16603314	LTR/ERVL	607	-	111	16603203	58427
chr1	16544776	16744776	harbor2	chr1	16603356	16603618	LTR/ERVL	466	-	131	16603487	58711
chr1	165495090	165695090	harbor2	chr1	165530093	165530403	LTR/ERVL	887	-	155	165530248	35158
chr1	156113311	156313311	harbor2	chr1	156190137	156190415	LTR/ERVL	1644	-	139	156190276	76965
chr1	156113311	156313311	harbor2	chr1	156190721	156190789	LTR/ERVL	1644	-	34	156190755	77444
chr1	169022360	169222360	harbor2	chr1	169068453	169069264	LTR/ERVL	3858	-	406	169068859	46499
chr1	16544734	16744734	harbor2	chr1	16602708	16603074	LTR/ERVL	772	-	183	16602891	58157
chr1	16544734	16744734	harbor2	chr1	16603092	16603314	LTR/ERVL	607	-	111	16603203	58469
chr1	16544734	16744734	harbor2	chr1	16603356	16603618	LTR/ERVL	466	-	131	16603487	58753
chr1	2138388	2338388	harbor2	chr1	2156579	2156875	LTR/ERVL	723	-	148	2156727	18339
chr1	2138388	2338388	harbor2	chr1	2156876	2157339	LTR/ERVL	1758	-	232	2157108	18720
chr1	2138388	2338388	harbor2	chr1	2157340	2157396	LTR/ERVL	519	-	28	2157368	18980
chr1	2138388	2338388	harbor2	chr1	2164257	2164645	LTR/ERVL	1261	-	194	2164451	26063
chr1	17063875	17263875	harbor2	chr1	17123602	17124010	LTR/ERVL	2349	-	204	17123806	59931
chr1	31973331	32173331	harbor2	chr1	31977642	31977876	LTR/ERVL	735	-	117	31977759	4428
chr1	31973331	32173331	harbor2	chr1	31994149	31994424	LTR/ERVL	801	-	138	31994287	20956
chr1	31973331	32173331	harbor2	chr1	31994776	31995333	LTR/ERVL	1885	-	278	31995054	21723
chr1	22374602	22574602	harbor2	chr1	22471693	22472185	LTR/ERVL	2787	-	246	22471939	97337
chr1	22374602	22574602	harbor2	chr1	22472486	22472520	LTR/ERVL	2787	-	17	22472503	97901
chr1	16545003	16745003	harbor2	chr1	16602708	16603074	LTR/ERVL	772	-	183	16602891	57888
chr1	16545003	16745003	harbor2	chr1	16603092	16603314	LTR/ERVL	607	-	111	16603203	58200
chr1	16545003	16745003	harbor2	chr1	16603356	16603618	LTR/ERVL	466	-	131	16603487	58484
chr1	199637514	199837514	harbor2	chr1	199667030	199667395	LTR/ERVL	2160	-	182	199667212	29698
chr1	199637514	199837514	harbor2	chr1	199669075	199669506	LTR/ERVL	2234	-	216	199669291	31777
chr1	199637514	199837514	harbor2	chr1	199706366	199706787	LTR/ERVL	721	-	210	199706576	69062
chr1	199637514	199837514	harbor2	chr1	199717287	199717443	LTR/ERVL	857	-	78	199717365	79851
chr1	6686533	6886533	harbor2	chr1	6742745	6743159	LTR/ERVL	3148	-	207	6742952	56419
chr1	244608247	244808247	harbor2	chr1	244614282	244614799	LTR/ERVL	802	-	258	244614540	6293
chr1	244608247	244808247	harbor2	chr1	244623017	244623058	LTR/ERVL	619	-	20	244623037	14790
chr1	244608247	244808247	harbor2	chr1	244623370	244623642	LTR/ERVL	619	-	136	244623506	15259
chr1	244608247	244808247	harbor2	chr1	244628305	244628845	LTR/ERVL	1090	-	270	244628575	20328
chr1	244608247	244808247	harbor2	chr1	244629940	244630158	LTR/ERVL	1649	-	109	244630049	21802
chr1	244608247	244808247	harbor2	chr1	244630622	244630702	LTR/ERVL	468	-	40	244630662	22415
chr1	244608247	244808247	harbor2	chr1	244630703	244630889	LTR/ERVL	538	-	93	244630796	22549
chr1	244608247	244808247	harbor2	chr1	244628922	244629511	LTR/ERVL	1649	-	294	244629216	20969
chr1	40924280	41124280	harbor2	chr1	40954688	40955242	LTR/ERVL	1043	-	277	40954965	30685
chr1	40924280	41124280	harbor2	chr1	40975220	40975365	LTR/ERVL	444	-	72	40975292	51012
chr1	211034263	211234263	harbor2	chr1	211116202	211116303	LTR/ERVL	506	-	50	211116252	81989
chr1	211034263	211234263	harbor2	chr1	211124679	211124777	LTR/ERVL	680	-	49	211124728	90465
chr1	211034263	211234263	harbor2	chr1	211124989	211125042	LTR/ERVL	680	-	26	211125015	90752
chr1	211034263	211234263	harbor2	chr1	211125085	211125342	LTR/ERVL	563	-	128	211125213	90950
chr1	155155167	155355167	harbor2	chr1	155160993	155161237	LTR/ERVL	991	-	122	155161115	5948
chr1	234510831	234710831	harbor2	chr1	234556317	234556496	LTR/ERVL	2086	-	90	234556407	45576
chr1	234510831	234710831	harbor2	chr1	234556844	234557131	LTR/ERVL	2086	-	144	234556988	46157
chr1	234510831	234710831	harbor2	chr1	234557441	234557706	LTR/ERVL	2086	-	132	234557573	46742
chr1	211034198	211234198	harbor2	chr1	211116202	211116303	LTR/ERVL	506	-	50	211116252	82054
chr1	211034198	211234198	harbor2	chr1	211124679	211124777	LTR/ERVL	680	-	49	211124728	90530
chr1	211034198	211234198	harbor2	chr1	211124989	211125042	LTR/ERVL	680	-	26	211125015	90817
chr1	211034198	211234198	harbor2	chr1	211125085	211125342	LTR/ERVL	563	-	128	211125213	91015
chr1	2139088	2339088	harbor2	chr1	2156579	2156875	LTR/ERVL	723	-	148	2156727	17639
chr1	2139088	2339088	harbor2	chr1	2156876	2157339	LTR/ERVL	1758	-	232	2157108	18020
chr1	2139088	2339088	harbor2	chr1	2157340	2157396	LTR/ERVL	519	-	28	2157368	18280
chr1	2139088	2339088	harbor2	chr1	2164257	2164645	LTR/ERVL	1261	-	194	2164451	25363
chr1	42319822	42519822	harbor2	chr1	42373943	42374236	LTR/ERVL	3945	-	146	42374089	54267
chr1	42319822	42519822	harbor2	chr1	42374523	42374758	LTR/ERVL	3945	-	118	42374641	54819
chr1	42319822	42519822	harbor2	chr1	42375064	42375495	LTR/ERVL	3945	-	216	42375280	55458
chr1	17216061	17416061	harbor2	chr1	17217123	17217493	LTR/ERVL	1826	-	185	17217308	1247
chr1	17216061	17416061	harbor2	chr1	17285492	17285643	LTR/ERVL	2141	-	76	17285568	69507
chr1	17216061	17416061	harbor2	chr1	17285944	17286222	LTR/ERVL	2141	-	139	17286083	70022
chr1	6367837	6567837	harbor2	chr1	6384637	6384836	LTR/ERVL	770	-	100	6384737	16900
chr1	223143141	223343141	harbor2	chr1	223152773	223153308	LTR/ERVL	2979	-	268	223153041	9900
chr1	223143141	223343141	harbor2	chr1	223230944	223231363	LTR/ERVL	1020	-	210	223231154	88013
chr1	226308052	226508052	harbor2	chr1	226324894	226324935	LTR/ERVL	2496	-	20	226324914	16862
chr1	226308052	226508052	harbor2	chr1	226324978	226325530	LTR/ERVL	2846	-	276	226325254	17202
chr1	226308052	226508052	harbor2	chr1	226357508	226357984	LTR/ERVL	1367	-	238	226357746	49694
chr1	226308052	226508052	harbor2	chr1	226358180	226358354	LTR/ERVL	553	-	87	226358267	50215
chr1	2138394	2338394	harbor2	chr1	2156579	2156875	LTR/ERVL	723	-	148	2156727	18333
chr1	2138394	2338394	harbor2	chr1	2156876	2157339	LTR/ERVL	1758	-	232	2157108	18714
chr1	2138394	2338394	harbor2	chr1	2157340	2157396	LTR/ERVL	519	-	28	2157368	18974
chr1	2138394	2338394	harbor2	chr1	2164257	2164645	LTR/ERVL	1261	-	194	2164451	26057
chr1	54388402	54588402	harbor2	chr1	54430835	54431102	LTR/ERVL	819	-	134	54430969	42567
chr1	235227639	235427639	harbor2	chr1	235277760	235278268	LTR/ERVL	742	-	254	235278014	50375
chr2	26950611	27150611	harbor2	chr2	27041966	27042193	LTR/ERVL	623	-	114	27042080	91469
chr2	197400198	197600198	harbor2	chr2	197438099	197438719	LTR/ERVL	1390	-	310	197438409	38211
chr2	197400198	197600198	harbor2	chr2	197440244	197440389	LTR/ERVL	481	-	72	197440316	40118
chr2	197400198	197600198	harbor2	chr2	197441377	197441725	LTR/ERVL	1089	-	174	197441551	41353
chr2	197400198	197600198	harbor2	chr2	197477956	197478276	LTR/ERVL	1311	-	160	197478116	77918
chr2	26950767	27150767	harbor2	chr2	27041966	27042193	LTR/ERVL	623	-	114	27042080	91313
chr2	86976766	87176766	harbor2	chr2	86993486	86993518	LTR/ERVL	2707	-	16	86993502	16736
chr2	86976766	87176766	harbor2	chr2	86993558	86993921	LTR/ERVL	2707	-	182	86993740	16974
chr2	86976766	87176766	harbor2	chr2	87056872	87057036	LTR/ERVL	997	-	82	87056954	80188
chr2	54998188	55198188	harbor2	chr2	55085347	55085683	LTR/ERVL	1673	-	168	55085515	87327
chr2	63488841	63688841	harbor2	chr2	63566613	63567450	LTR/ERVL	3235	-	418	63567031	78190
chr2	63488841	63688841	harbor2	chr2	63576030	63576870	LTR/ERVL	4279	-	420	63576450	87609
chr2	1057942	1257942	harbor2	chr2	1091479	1091699	LTR/ERVL	516	-	110	1091589	33647
chr2	1057942	1257942	harbor2	chr2	1141349	1141855	LTR/ERVL	650	-	253	1141602	83660
chr2	1057942	1257942	harbor2	chr2	1141996	1142287	LTR/ERVL	741	-	146	1142142	84200
chr2	1057942	1257942	harbor2	chr2	1143157	1143413	LTR/ERVL	711	-	128	1143285	85343
chr2	1057942	1257942	harbor2	chr2	1152640	1152841	LTR/ERVL	1009	-	100	1152740	94798
chr2	1057942	1257942	harbor2	chr2	1153139	1153218	LTR/ERVL	1009	-	40	1153179	95237
chr2	26950232	27150232	harbor2	chr2	27041966	27042193	LTR/ERVL	623	-	114	27042080	91848
chr2	190775521	190975521	harbor2	chr2	190817894	190818455	LTR/ERVL	2979	-	280	190818174	42653
chr2	86976313	87176313	harbor2	chr2	86993486	86993518	LTR/ERVL	2707	-	16	86993502	17189
chr2	86976313	87176313	harbor2	chr2	86993558	86993921	LTR/ERVL	2707	-	182	86993740	17427
chr2	86976313	87176313	harbor2	chr2	87056872	87057036	LTR/ERVL	997	-	82	87056954	80641
chr2	241407713	241607713	harbor2	chr2	241482057	241482373	LTR/ERVL	486	-	158	241482215	74502
chr2	233445857	233645857	harbor2	chr2	233543925	233544712	LTR/ERVL	2156	-	394	233544319	98462
chr2	42069367	42269367	harbor2	chr2	42074087	42074565	LTR/ERVL	1384	-	239	42074326	4959
chr2	26982800	27182800	harbor2	chr2	27041966	27042193	LTR/ERVL	623	-	114	27042080	59280
chr2	45090794	45290794	harbor2	chr2	45108213	45108530	LTR/ERVL	698	-	158	45108371	17577
chr2	45090794	45290794	harbor2	chr2	45123788	45124158	LTR/ERVL	1584	-	185	45123973	33179
chr2	84762238	84962238	harbor2	chr2	84763768	84764202	LTR/ERVL	2317	-	217	84763985	1747
chr2	84762238	84962238	harbor2	chr2	84815163	84815358	LTR/ERVL	489	-	98	84815261	53023
chr2	84762238	84962238	harbor2	chr2	84815388	84815678	LTR/ERVL	501	-	145	84815533	53295
chr2	219384377	219584377	harbor2	chr2	219394871	219394960	LTR/ERVL	2811	-	44	219394915	10538
chr2	219384377	219584377	harbor2	chr2	219395248	219395602	LTR/ERVL	2811	-	177	219395425	11048
chr2	113500004	113700004	harbor2	chr2	113557927	113558086	LTR/ERVL	886	-	80	113558007	58003
chr2	113500004	113700004	harbor2	chr2	113557269	113557505	LTR/ERVL	1477	-	118	113557387	57383
chr2	85502797	85702797	harbor2	chr2	85533827	85533865	LTR/ERVL	887	-	19	85533846	31049
chr2	85502797	85702797	harbor2	chr2	85534157	85534426	LTR/ERVL	887	-	134	85534291	31494
chr2	85502797	85702797	harbor2	chr2	85534415	85534691	LTR/ERVL	1628	-	138	85534553	31756
chr2	207668684	207868684	harbor2	chr2	207696751	207697282	LTR/ERVL	2558	-	266	207697017	28333
chr2	207668684	207868684	harbor2	chr2	207701635	207701797	LTR/ERVL	769	-	81	207701716	33032
chr2	207668684	207868684	harbor2	chr2	207702111	207702500	LTR/ERVL	1008	-	194	207702305	33621
chr2	207668684	207868684	harbor2	chr2	207702806	207702879	LTR/ERVL	1008	-	36	207702842	34158
chr2	237868943	238068943	harbor2	chr2	237880660	237880923	LTR/ERVL	1158	-	132	237880792	11849
chr2	237868943	238068943	harbor2	chr2	237915557	237915889	LTR/ERVL	446	-	166	237915723	46780
chr2	237868943	238068943	harbor2	chr2	237940742	237941145	LTR/ERVL	946	-	202	237940944	72001
chr2	53764282	53964282	harbor2	chr2	53819271	53820066	LTR/ERVL	2313	-	398	53819669	55387
chr2	169112469	169312469	harbor2	chr2	169114660	169114972	LTR/ERVL	665	-	156	169114816	2347
chr2	113484798	113684798	harbor2	chr2	113557927	113558086	LTR/ERVL	886	-	80	113558007	73209
chr2	113484798	113684798	harbor2	chr2	113557269	113557505	LTR/ERVL	1477	-	118	113557387	72589
chr2	47736123	47936123	harbor2	chr2	47762784	47763229	LTR/ERVL	3153	-	222	47763006	26883
chr2	113484611	113684611	harbor2	chr2	113557927	113558086	LTR/ERVL	886	-	80	113558007	73396
chr2	113484611	113684611	harbor2	chr2	113557269	113557505	LTR/ERVL	1477	-	118	113557387	72776
chr2	111956551	112156551	harbor2	chr2	111975771	111976277	LTR/ERVL	2376	-	253	111976024	19473
chr2	111956551	112156551	harbor2	chr2	111976283	111976522	LTR/ERVL	1543	-	120	111976403	19852
chr2	111956551	112156551	harbor2	chr2	111976572	111976599	LTR/ERVL	1543	-	14	111976586	20035
chr2	111956551	112156551	harbor2	chr2	111983930	111984411	LTR/ERVL	2120	-	240	111984170	27619
chr2	207669155	207869155	harbor2	chr2	207696751	207697282	LTR/ERVL	2558	-	266	207697017	27862
chr2	207669155	207869155	harbor2	chr2	207701635	207701797	LTR/ERVL	769	-	81	207701716	32561
chr2	207669155	207869155	harbor2	chr2	207702111	207702500	LTR/ERVL	1008	-	194	207702305	33150
chr2	207669155	207869155	harbor2	chr2	207702806	207702879	LTR/ERVL	1008	-	36	207702842	33687
chr2	113484472	113684472	harbor2	chr2	113557927	113558086	LTR/ERVL	886	-	80	113558007	73535
chr2	113484472	113684472	harbor2	chr2	113557269	113557505	LTR/ERVL	1477	-	118	113557387	72915
chr2	86976783	87176783	harbor2	chr2	86993486	86993518	LTR/ERVL	2707	-	16	86993502	16719
chr2	86976783	87176783	harbor2	chr2	86993558	86993921	LTR/ERVL	2707	-	182	86993740	16957
chr2	86976783	87176783	harbor2	chr2	87056872	87057036	LTR/ERVL	997	-	82	87056954	80171
chr2	26613172	26813172	harbor2	chr2	26670183	26670369	LTR/ERVL	543	-	93	26670276	57104
chr2	26613172	26813172	harbor2	chr2	26702687	26702833	LTR/ERVL	1494	-	73	26702760	89588
chr2	26613172	26813172	harbor2	chr2	26703129	26703402	LTR/ERVL	1494	-	136	26703265	90093
chr2	142651021	142851021	harbor2	chr2	142651563	142652151	LTR/ERVL	3102	-	294	142651857	836
chr2	142651021	142851021	harbor2	chr2	142673085	142673414	LTR/ERVL	1437	-	164	142673249	22228
chr2	142651021	142851021	harbor2	chr2	142741041	142741573	LTR/ERVL	2278	-	266	142741307	90286
chr2	47707524	47907524	harbor2	chr2	47712049	47712096	LTR/ERVL	537	-	24	47712073	4549
chr2	47707524	47907524	harbor2	chr2	47712383	47712811	LTR/ERVL	905	-	214	47712597	5073
chr2	47707524	47907524	harbor2	chr2	47713431	47713609	LTR/ERVL	905	-	89	47713520	5996
chr2	47707524	47907524	harbor2	chr2	47762784	47763229	LTR/ERVL	3153	-	222	47763006	55482
chr2	144117662	144317662	harbor2	chr2	144121062	144121536	LTR/ERVL	2410	-	237	144121299	3637
chr2	144117662	144317662	harbor2	chr2	144170241	144170759	LTR/ERVL	2193	-	259	144170500	52838
chr2	10822431	11022431	harbor2	chr2	10840703	10840805	LTR/ERVL	918	-	51	10840754	18323
chr2	10822431	11022431	harbor2	chr2	10841202	10841819	LTR/ERVL	918	-	308	10841510	19079
chr2	10822431	11022431	harbor2	chr2	10889459	10889843	LTR/ERVL	493	-	192	10889651	67220
chr2	70771713	70971713	harbor2	chr2	70796596	70796840	LTR/ERVL	450	-	122	70796718	25005
chr2	70771713	70971713	harbor2	chr2	70829198	70829694	LTR/ERVL	2414	-	248	70829446	57733
chr2	61077257	61277257	harbor2	chr2	61150611	61150840	LTR/ERVL	446	-	114	61150725	73468
chr2	61077257	61277257	harbor2	chr2	61150840	61151035	LTR/ERVL	588	-	98	61150938	73681
chr2	61077257	61277257	harbor2	chr2	61151333	61151367	LTR/ERVL	588	-	17	61151350	74093
chr2	159611903	159811903	harbor2	chr2	159647133	159647603	LTR/ERVL	1790	-	235	159647368	35465
chr2	159611903	159811903	harbor2	chr2	159681947	159682191	LTR/ERVL	684	-	122	159682069	70166
chr2	159611903	159811903	harbor2	chr2	159682477	159682616	LTR/ERVL	684	-	70	159682547	70644
chr2	10277847	10477847	harbor2	chr2	10289910	10290099	LTR/ERVL	503	-	94	10290004	12157
chr2	67112244	67312244	harbor2	chr2	67177688	67177883	LTR/ERVL	830	-	98	67177786	65542
chr2	85502768	85702768	harbor2	chr2	85533827	85533865	LTR/ERVL	887	-	19	85533846	31078
chr2	85502768	85702768	harbor2	chr2	85534157	85534426	LTR/ERVL	887	-	134	85534291	31523
chr2	85502768	85702768	harbor2	chr2	85534415	85534691	LTR/ERVL	1628	-	138	85534553	31785
chr2	229671325	229871325	harbor2	chr2	229710900	229710983	LTR/ERVL	1762	-	42	229710942	39617
chr2	229671325	229871325	harbor2	chr2	229711022	229711325	LTR/ERVL	1762	-	152	229711174	39849
chr2	229671325	229871325	harbor2	chr2	229755120	229755487	LTR/ERVL	888	-	184	229755304	83979
chr2	113183327	113383327	harbor2	chr2	113256110	113256452	LTR/ERVL	855	-	171	113256281	72954
chr2	219466926	219666926	harbor2	chr2	219534273	219534698	LTR/ERVL	1265	-	212	219534485	67559
chr2	26405176	26605176	harbor2	chr2	26404200	26405320	LTR/ERVL	2981	-	560	26404760	416
chr2	151310679	151510679	harbor2	chr2	151336970	151337361	LTR/ERVL	733	-	196	151337166	26487
chr2	151310679	151510679	harbor2	chr2	151382891	151383162	LTR/ERVL	581	-	136	151383027	72348
chr2	151310679	151510679	harbor2	chr2	151389659	151389739	LTR/ERVL	2259	-	40	151389699	79020
chr2	151310679	151510679	harbor2	chr2	151390031	151390521	LTR/ERVL	2259	-	245	151390276	79597
chr2	151310679	151510679	harbor2	chr2	151390828	151390946	LTR/ERVL	2259	-	59	151390887	80208
chr2	151310679	151510679	harbor2	chr2	151392426	151392991	LTR/ERVL	2767	-	282	151392708	82029
chr2	237592294	237792294	harbor2	chr2	237650958	237651105	LTR/ERVL	456	-	74	237651032	58738
chr2	85511640	85711640	harbor2	chr2	85533827	85533865	LTR/ERVL	887	-	19	85533846	22206
chr2	85511640	85711640	harbor2	chr2	85534157	85534426	LTR/ERVL	887	-	134	85534291	22651
chr2	85511640	85711640	harbor2	chr2	85534415	85534691	LTR/ERVL	1628	-	138	85534553	22913
chr2	56095019	56295019	harbor2	chr2	56151656	56152067	LTR/ERVL	1521	-	206	56151862	56843
chr2	113484021	113684021	harbor2	chr2	113557927	113558086	LTR/ERVL	886	-	80	113558007	73986
chr2	113484021	113684021	harbor2	chr2	113557269	113557505	LTR/ERVL	1477	-	118	113557387	73366
chr2	161468960	161668960	harbor2	chr2	161486903	161487446	LTR/ERVL	3202	-	272	161487175	18215
chr2	161468960	161668960	harbor2	chr2	161487747	161488305	LTR/ERVL	3202	-	279	161488026	19066
chr2	161468960	161668960	harbor2	chr2	161488614	161489229	LTR/ERVL	1159	-	308	161488922	19962
chr2	161468960	161668960	harbor2	chr2	161489430	161489610	LTR/ERVL	559	-	90	161489520	20560
chr2	26950501	27150501	harbor2	chr2	27041966	27042193	LTR/ERVL	623	-	114	27042080	91579
chr2	43055466	43255466	harbor2	chr2	43055731	43056140	LTR/ERVL	1051	-	204	43055935	469
chr2	43055466	43255466	harbor2	chr2	43118340	43118406	LTR/ERVL	1466	-	33	43118373	62907
chr2	43055466	43255466	harbor2	chr2	43118826	43118842	LTR/ERVL	1466	-	8	43118834	63368
chr2	43055466	43255466	harbor2	chr2	43118872	43119239	LTR/ERVL	1581	-	184	43119056	63590
chr2	240157589	240357589	harbor2	chr2	240195347	240195753	LTR/ERVL	891	-	203	240195550	37961
chr2	240157589	240357589	harbor2	chr2	240242385	240242777	LTR/ERVL	2602	-	196	240242581	84992
chr2	156337938	156537938	harbor2	chr2	156397220	156397773	LTR/ERVL	2340	-	276	156397496	59558
chr2	156337938	156537938	harbor2	chr2	156426914	156427282	LTR/ERVL	995	-	184	156427098	89160
chr2	170412424	170612424	harbor2	chr2	170489722	170489835	LTR/ERVL	692	-	56	170489778	77354
chr2	1511396	1711396	harbor2	chr2	1514006	1514405	LTR/ERVL	894	-	200	1514206	2810
chr2	1511396	1711396	harbor2	chr2	1571998	1572189	LTR/ERVL	508	-	96	1572094	60698
chr2	111378907	111578907	harbor2	chr2	111433554	111434291	LTR/ERVL	3913	-	368	111433922	55015
chr2	111378907	111578907	harbor2	chr2	111467709	111467983	LTR/ERVL	1743	-	137	111467846	88939
chr2	111378907	111578907	harbor2	chr2	111468294	111468485	LTR/ERVL	1743	-	96	111468390	89483
chr2	113484022	113684022	harbor2	chr2	113557927	113558086	LTR/ERVL	886	-	80	113558007	73985
chr2	113484022	113684022	harbor2	chr2	113557269	113557505	LTR/ERVL	1477	-	118	113557387	73365
chr2	72866749	73066749	harbor2	chr2	72874821	72875363	LTR/ERVL	2138	-	271	72875092	8343
chr2	72866749	73066749	harbor2	chr2	72938275	72938667	LTR/ERVL	898	-	196	72938471	71722
chr2	113484017	113684017	harbor2	chr2	113557927	113558086	LTR/ERVL	886	-	80	113558007	73990
chr2	113484017	113684017	harbor2	chr2	113557269	113557505	LTR/ERVL	1477	-	118	113557387	73370
chr2	112819372	113019372	harbor2	chr2	112863968	112864465	LTR/ERVL	2175	-	248	112864216	44844
chr2	113527151	113727151	harbor2	chr2	113557927	113558086	LTR/ERVL	886	-	80	113558007	30856
chr2	113527151	113727151	harbor2	chr2	113609283	113609633	LTR/ERVL	2018	-	175	113609458	82307
chr2	113527151	113727151	harbor2	chr2	113609996	113610129	LTR/ERVL	2018	-	66	113610062	82911
chr2	113527151	113727151	harbor2	chr2	113557269	113557505	LTR/ERVL	1477	-	118	113557387	30236
chr2	113484623	113684623	harbor2	chr2	113557927	113558086	LTR/ERVL	886	-	80	113558007	73384
chr2	113484623	113684623	harbor2	chr2	113557269	113557505	LTR/ERVL	1477	-	118	113557387	72764
chr2	70838422	71038422	harbor2	chr2	70923375	70923819	LTR/ERVL	1524	-	222	70923597	85175
chr2	70838422	71038422	harbor2	chr2	70924184	70924349	LTR/ERVL	547	-	82	70924266	85844
chr2	219393237	219593237	harbor2	chr2	219394871	219394960	LTR/ERVL	2811	-	44	219394915	1678
chr2	219393237	219593237	harbor2	chr2	219395248	219395602	LTR/ERVL	2811	-	177	219395425	2188
chr2	64300586	64500586	harbor2	chr2	64319480	64319625	LTR/ERVL	1117	-	72	64319552	18966
chr2	64300586	64500586	harbor2	chr2	64319924	64320214	LTR/ERVL	1117	-	145	64320069	19483
chr2	64300586	64500586	harbor2	chr2	64374411	64374871	LTR/ERVL	1371	-	230	64374641	74055
chr2	64300586	64500586	harbor2	chr2	64380054	64380468	LTR/ERVL	1273	-	207	64380261	79675
chr2	130084190	130284190	harbor2	chr2	130148531	130148654	LTR/ERVL	604	-	62	130148593	64403
chr2	130084190	130284190	harbor2	chr2	130148655	130148729	LTR/ERVL	475	-	37	130148692	64502
chr2	67402885	67602885	harbor2	chr2	67450760	67451541	LTR/ERVL	3661	-	390	67451150	48265
chr2	43055499	43255499	harbor2	chr2	43055731	43056140	LTR/ERVL	1051	-	204	43055935	436
chr2	43055499	43255499	harbor2	chr2	43118340	43118406	LTR/ERVL	1466	-	33	43118373	62874
chr2	43055499	43255499	harbor2	chr2	43118826	43118842	LTR/ERVL	1466	-	8	43118834	63335
chr2	43055499	43255499	harbor2	chr2	43118872	43119239	LTR/ERVL	1581	-	184	43119056	63557
chr2	204961872	205161872	harbor2	chr2	204977397	204977527	LTR/ERVL	720	-	65	204977462	15590
chr2	204961872	205161872	harbor2	chr2	204977838	204978190	LTR/ERVL	720	-	176	204978014	16142
chr2	96386357	96586357	harbor2	chr2	96391246	96391713	LTR/ERVL	2733	-	234	96391480	5123
chr2	96386357	96586357	harbor2	chr2	96391795	96391959	LTR/ERVL	1033	-	82	96391877	5520
chr2	96386357	96586357	harbor2	chr2	96395920	96396483	LTR/ERVL	922	-	282	96396202	9845
chr2	96386357	96586357	harbor2	chr2	96483843	96484270	LTR/ERVL	964	-	214	96484057	97700
chr2	91620961	91820961	harbor2	chr2	91648623	91649151	LTR/ERVL	1922	-	264	91648887	27926
chr2	26982482	27182482	harbor2	chr2	27041966	27042193	LTR/ERVL	623	-	114	27042080	59598
chr2	239595748	239795748	harbor2	chr2	239597902	239598389	LTR/ERVL	1291	-	244	239598146	2398
chr2	239595748	239795748	harbor2	chr2	239640058	239640326	LTR/ERVL	718	-	134	239640192	44444
chr2	239595748	239795748	harbor2	chr2	239665109	239665230	LTR/ERVL	506	-	60	239665169	69421
chr2	119126672	119326672	harbor2	chr2	119171951	119172016	LTR/ERVL	1350	-	32	119171983	45311
chr2	119126672	119326672	harbor2	chr2	119172335	119172555	LTR/ERVL	1350	-	110	119172445	45773
chr2	119126672	119326672	harbor2	chr2	119172912	119172941	LTR/ERVL	1350	-	14	119172926	46254
chr2	119126672	119326672	harbor2	chr2	119173327	119173425	LTR/ERVL	1350	-	49	119173376	46704
chr2	119126672	119326672	harbor2	chr2	119186387	119186913	LTR/ERVL	3759	-	263	119186650	59978
chr2	119126672	119326672	harbor2	chr2	119187197	119187588	LTR/ERVL	3759	-	196	119187393	60721
chr2	119126672	119326672	harbor2	chr2	119188712	119188778	LTR/ERVL	801	-	33	119188745	62073
chr2	119126672	119326672	harbor2	chr2	119199256	119199622	LTR/ERVL	1032	-	183	119199439	72767
chr2	119126672	119326672	harbor2	chr2	119201203	119201356	LTR/ERVL	514	-	76	119201279	74607
chr2	119126672	119326672	harbor2	chr2	119201370	119201589	LTR/ERVL	447	-	110	119201480	74808
chr2	237960583	238160583	harbor2	chr2	237977892	237978264	LTR/ERVL	653	-	186	237978078	17495
chr2	71358556	71558556	harbor2	chr2	71359133	71359644	LTR/ERVL	2397	-	256	71359389	833
chr2	71358556	71558556	harbor2	chr2	71448586	71448854	LTR/ERVL	575	-	134	71448720	90164
chr2	208143888	208343888	harbor2	chr2	208147257	208147988	LTR/ERVL	2611	-	366	208147623	3735
chr2	208143888	208343888	harbor2	chr2	208147989	208148246	LTR/ERVL	735	-	128	208148117	4229
chr2	232216088	232416088	harbor2	chr2	232217314	232218249	LTR/ERVL	3876	-	468	232217782	1694
chr2	232216088	232416088	harbor2	chr2	232309296	232309507	LTR/ERVL	985	-	106	232309402	93314
chr2	232216088	232416088	harbor2	chr2	232309712	232309881	LTR/ERVL	441	-	84	232309796	93708
chr2	42070444	42270444	harbor2	chr2	42074087	42074565	LTR/ERVL	1384	-	239	42074326	3882
chr2	202771723	202971723	harbor2	chr2	202774531	202774862	LTR/ERVL	1248	-	166	202774697	2974
chr2	202771723	202971723	harbor2	chr2	202844594	202844767	LTR/ERVL	659	-	86	202844680	72957
chr2	202771723	202971723	harbor2	chr2	202846399	202846557	LTR/ERVL	825	-	79	202846478	74755
chr2	202771723	202971723	harbor2	chr2	202846546	202846696	LTR/ERVL	553	-	75	202846621	74898
chr2	28822331	29022331	harbor2	chr2	28902371	28902850	LTR/ERVL	662	-	240	28902611	80280
chr2	43058164	43258164	harbor2	chr2	43118340	43118406	LTR/ERVL	1466	-	33	43118373	60209
chr2	43058164	43258164	harbor2	chr2	43118826	43118842	LTR/ERVL	1466	-	8	43118834	60670
chr2	43058164	43258164	harbor2	chr2	43118872	43119239	LTR/ERVL	1581	-	184	43119056	60892
chr2	46304629	46504629	harbor2	chr2	46400727	46401540	LTR/ERVL	4494	-	406	46401133	96504
chr2	192560007	192760007	harbor2	chr2	192576273	192576779	LTR/ERVL	1957	-	253	192576526	16519
chr2	44068663	44268663	harbor2	chr2	44068664	44068818	LTR/ERVL	490	-	77	44068741	78
chr2	44068663	44268663	harbor2	chr2	44068846	44069170	LTR/ERVL	1325	-	162	44069008	345
chr2	219602864	219802864	harbor2	chr2	219642890	219643329	LTR/ERVL	2413	-	220	219643110	40246
chr2	219602864	219802864	harbor2	chr2	219681702	219682344	LTR/ERVL	2295	-	321	219682023	79159
chr2	64956793	65156793	harbor2	chr2	64957534	64957732	LTR/ERVL	471	-	99	64957633	840
chr2	64956793	65156793	harbor2	chr2	64957774	64957954	LTR/ERVL	603	-	90	64957864	1071
chr2	64956793	65156793	harbor2	chr2	64961914	64961983	LTR/ERVL	1191	-	34	64961948	5155
chr2	64956793	65156793	harbor2	chr2	64962830	64963024	LTR/ERVL	1081	-	97	64962927	6134
chr2	64956793	65156793	harbor2	chr2	64963027	64963560	LTR/ERVL	3913	-	266	64963293	6500
chr2	64956793	65156793	harbor2	chr2	64977649	64977865	LTR/ERVL	921	-	108	64977757	20964
chr2	64956793	65156793	harbor2	chr2	64962293	64962624	LTR/ERVL	1191	-	166	64962459	5666
chr2	113484016	113684016	harbor2	chr2	113557927	113558086	LTR/ERVL	886	-	80	113558007	73991
chr2	113484016	113684016	harbor2	chr2	113557269	113557505	LTR/ERVL	1477	-	118	113557387	73371
chr2	234412508	234612508	harbor2	chr2	234419707	234419977	LTR/ERVL	1964	-	135	234419842	7334
chr2	234412508	234612508	harbor2	chr2	234420284	234420478	LTR/ERVL	1964	-	97	234420381	7873
chr2	234412508	234612508	harbor2	chr2	234505618	234506033	LTR/ERVL	3062	-	208	234505826	93318
chr2	96403077	96603077	harbor2	chr2	96483843	96484270	LTR/ERVL	964	-	214	96484057	80980
chr2	130102755	130302755	harbor2	chr2	130148531	130148654	LTR/ERVL	604	-	62	130148593	45838
chr2	130102755	130302755	harbor2	chr2	130148655	130148729	LTR/ERVL	475	-	37	130148692	45937
chr2	130102755	130302755	harbor2	chr2	130189001	130189492	LTR/ERVL	1946	-	246	130189247	86492
chr2	217378357	217578357	harbor2	chr2	217379925	217380554	LTR/ERVL	1633	-	314	217380239	1882
chr2	217378357	217578357	harbor2	chr2	217442563	217442966	LTR/ERVL	1641	-	202	217442765	64408
chr2	217378357	217578357	harbor2	chr2	217444248	217444683	LTR/ERVL	1353	-	218	217444466	66109
chr2	112780949	112980949	harbor2	chr2	112816722	112817566	LTR/ERVL	4481	-	422	112817144	36195
chr2	112780949	112980949	harbor2	chr2	112863968	112864465	LTR/ERVL	2175	-	248	112864216	83267
chr2	124410890	124610890	harbor2	chr2	124468129	124468678	LTR/ERVL	1491	-	274	124468403	57513
chr2	124410890	124610890	harbor2	chr2	124485713	124485923	LTR/ERVL	507	-	105	124485818	74928
chr2	124410890	124610890	harbor2	chr2	124499784	124500000	LTR/ERVL	512	-	108	124499892	89002
chr2	124410890	124610890	harbor2	chr2	124500060	124500254	LTR/ERVL	826	-	97	124500157	89267
chr2	113790804	113990804	harbor2	chr2	113807330	113807453	LTR/ERVL	3159	-	62	113807392	16588
chr2	113790804	113990804	harbor2	chr2	113807755	113807958	LTR/ERVL	3159	-	102	113807857	17053
chr2	113790804	113990804	harbor2	chr2	113808909	113809015	LTR/ERVL	3159	-	53	113808962	18158
chr2	113790804	113990804	harbor2	chr2	113809741	113810181	LTR/ERVL	3159	-	220	113809961	19157
chr2	113790804	113990804	harbor2	chr2	113873750	113873918	LTR/ERVL	606	-	84	113873834	83030
chr2	113790804	113990804	harbor2	chr2	113874035	113874181	LTR/ERVL	462	-	73	113874108	83304
chr2	26950765	27150765	harbor2	chr2	27041966	27042193	LTR/ERVL	623	-	114	27042080	91315
chr2	26980097	27180097	harbor2	chr2	27041966	27042193	LTR/ERVL	623	-	114	27042080	61983
chr3	127490209	127690209	harbor2	chr3	127539778	127539970	LTR/ERVL	488	-	96	127539874	49665
chr3	51939400	52139400	harbor2	chr3	51953546	51953993	LTR/ERVL	1789	-	224	51953770	14370
chr3	108082734	108282734	harbor2	chr3	108095240	108095767	LTR/ERVL	2978	-	264	108095504	12770
chr3	108082734	108282734	harbor2	chr3	108097959	108098418	LTR/ERVL	1457	-	230	108098189	15455
chr3	108082734	108282734	harbor2	chr3	108113943	108114188	LTR/ERVL	605	-	122	108114065	31331
chr3	108082734	108282734	harbor2	chr3	108128404	108128502	LTR/ERVL	827	-	49	108128453	45719
chr3	108082734	108282734	harbor2	chr3	108128871	108129224	LTR/ERVL	1135	-	176	108129047	46313
chr3	108082734	108282734	harbor2	chr3	108141101	108141146	LTR/ERVL	2500	-	22	108141123	58389
chr3	108082734	108282734	harbor2	chr3	108141786	108142237	LTR/ERVL	2500	-	226	108142012	59278
chr3	108082734	108282734	harbor2	chr3	108146457	108146901	LTR/ERVL	522	-	222	108146679	63945
chr3	108082734	108282734	harbor2	chr3	108147789	108148266	LTR/ERVL	2938	-	238	108148027	65293
chr3	107992164	108192164	harbor2	chr3	107996217	107996750	LTR/ERVL	2977	-	266	107996483	4319
chr3	107992164	108192164	harbor2	chr3	108001414	108001504	LTR/ERVL	454	-	45	108001459	9295
chr3	107996460	108196460	harbor2	chr3	107996217	107996750	LTR/ERVL	2977	-	266	107996483	23
chr3	107996460	108196460	harbor2	chr3	108001414	108001504	LTR/ERVL	454	-	45	108001459	4999
chr3	107996460	108196460	harbor2	chr3	108095240	108095767	LTR/ERVL	2978	-	264	108095504	99044
chr3	107996608	108196608	harbor2	chr3	107996217	107996750	LTR/ERVL	2977	-	266	107996483	125
chr3	107996608	108196608	harbor2	chr3	108001414	108001504	LTR/ERVL	454	-	45	108001459	4851
chr3	107996608	108196608	harbor2	chr3	108095240	108095767	LTR/ERVL	2978	-	264	108095504	98896
chr3	108422389	108622389	harbor2	chr3	108459780	108460146	LTR/ERVL	680	-	183	108459963	37574
chr3	114887895	115087895	harbor2	chr3	114933279	114933554	LTR/ERVL	715	-	138	114933417	45522
chr3	114887895	115087895	harbor2	chr3	114936818	114937031	LTR/ERVL	754	-	106	114936924	49029
chr3	114887895	115087895	harbor2	chr3	114938912	114939151	LTR/ERVL	1159	-	120	114939032	51137
chr3	107992161	108192161	harbor2	chr3	107996217	107996750	LTR/ERVL	2977	-	266	107996483	4322
chr3	107992161	108192161	harbor2	chr3	108001414	108001504	LTR/ERVL	454	-	45	108001459	9298
chr3	51939849	52139849	harbor2	chr3	51953546	51953993	LTR/ERVL	1789	-	224	51953770	13921
chr3	107992095	108192095	harbor2	chr3	107996217	107996750	LTR/ERVL	2977	-	266	107996483	4388
chr3	107992095	108192095	harbor2	chr3	108001414	108001504	LTR/ERVL	454	-	45	108001459	9364
chr3	157169493	157369493	harbor2	chr3	157248942	157249351	LTR/ERVL	1346	-	204	157249146	79653
chr3	113036307	113236307	harbor2	chr3	113043001	113043441	LTR/ERVL	665	-	220	113043221	6914
chr3	107993194	108193194	harbor2	chr3	107996217	107996750	LTR/ERVL	2977	-	266	107996483	3289
chr3	107993194	108193194	harbor2	chr3	108001414	108001504	LTR/ERVL	454	-	45	108001459	8265
chr3	107992828	108192828	harbor2	chr3	107996217	107996750	LTR/ERVL	2977	-	266	107996483	3655
chr3	107992828	108192828	harbor2	chr3	108001414	108001504	LTR/ERVL	454	-	45	108001459	8631
chr3	157395984	157595984	harbor2	chr3	157397732	157398353	LTR/ERVL	5164	-	310	157398042	2058
chr3	157395984	157595984	harbor2	chr3	157398650	157398909	LTR/ERVL	5164	-	130	157398780	2796
chr3	157395984	157595984	harbor2	chr3	157398913	157398992	LTR/ERVL	440	-	40	157398953	2969
chr3	108029993	108229993	harbor2	chr3	108095240	108095767	LTR/ERVL	2978	-	264	108095504	65511
chr3	108029993	108229993	harbor2	chr3	108097959	108098418	LTR/ERVL	1457	-	230	108098189	68196
chr3	108029993	108229993	harbor2	chr3	108113943	108114188	LTR/ERVL	605	-	122	108114065	84072
chr3	108029993	108229993	harbor2	chr3	108128404	108128502	LTR/ERVL	827	-	49	108128453	98460
chr3	108029993	108229993	harbor2	chr3	108128871	108129224	LTR/ERVL	1135	-	176	108129047	99054
chr3	115844385	116044385	harbor2	chr3	115852752	115853032	LTR/ERVL	614	-	140	115852892	8507
chr3	115844385	116044385	harbor2	chr3	115886044	115886294	LTR/ERVL	979	-	125	115886169	41784
chr3	160405676	160605676	harbor2	chr3	160428114	160428302	LTR/ERVL	413	-	94	160428208	22532
chr3	160405676	160605676	harbor2	chr3	160491309	160491463	LTR/ERVL	832	-	77	160491386	85710
chr3	50033140	50233140	harbor2	chr3	50069005	50069198	LTR/ERVL	430	-	96	50069101	35961
chr3	51948411	52148411	harbor2	chr3	51953546	51953993	LTR/ERVL	1789	-	224	51953770	5359
chr3	108221011	108421011	harbor2	chr3	108228850	108229148	LTR/ERVL	723	-	149	108228999	7988
chr3	108221011	108421011	harbor2	chr3	108233323	108233421	LTR/ERVL	417	-	49	108233372	12361
chr3	108221011	108421011	harbor2	chr3	108233524	108234429	LTR/ERVL	3512	-	452	108233976	12965
chr3	108221011	108421011	harbor2	chr3	108234498	108235718	LTR/ERVL	3641	-	610	108235108	14097
chr3	108221011	108421011	harbor2	chr3	108272689	108272937	LTR/ERVL	903	-	124	108272813	51802
chr3	108221011	108421011	harbor2	chr3	108276289	108276442	LTR/ERVL	758	-	76	108276365	55354
chr3	108221011	108421011	harbor2	chr3	108276747	108276913	LTR/ERVL	758	-	83	108276830	55819
chr3	108221011	108421011	harbor2	chr3	108277164	108277299	LTR/ERVL	524	-	68	108277232	56221
chr3	108221011	108421011	harbor2	chr3	108279652	108280520	LTR/ERVL	1586	-	434	108280086	59075
chr3	108221011	108421011	harbor2	chr3	108280528	108280984	LTR/ERVL	1664	-	228	108280756	59745
chr3	108221011	108421011	harbor2	chr3	108292572	108292779	LTR/ERVL	535	-	104	108292676	71665
chr3	108221011	108421011	harbor2	chr3	108305162	108305662	LTR/ERVL	1503	-	250	108305412	84401
chr3	108221011	108421011	harbor2	chr3	108313275	108313476	LTR/ERVL	470	-	100	108313375	92364
chr3	108221011	108421011	harbor2	chr3	108319526	108319670	LTR/ERVL	453	-	72	108319598	98587
chr3	107992147	108192147	harbor2	chr3	107996217	107996750	LTR/ERVL	2977	-	266	107996483	4336
chr3	107992147	108192147	harbor2	chr3	108001414	108001504	LTR/ERVL	454	-	45	108001459	9312
chr3	51941567	52141567	harbor2	chr3	51953546	51953993	LTR/ERVL	1789	-	224	51953770	12203
chr3	188076829	188276829	harbor2	chr3	188090842	188091389	LTR/ERVL	948	-	274	188091116	14287
chr3	146094434	146294434	harbor2	chr3	146164092	146164264	LTR/ERVL	500	-	86	146164178	69744
chr3	51953569	52153569	harbor2	chr3	51953546	51953993	LTR/ERVL	1789	-	224	51953770	201
chr3	114250815	114450815	harbor2	chr3	114301873	114302342	LTR/ERVL	788	-	234	114302107	51292
chr3	114250815	114450815	harbor2	chr3	114304446	114304630	LTR/ERVL	408	-	92	114304538	53723
chr3	114250815	114450815	harbor2	chr3	114304765	114304988	LTR/ERVL	418	-	112	114304877	54062
chr3	114250815	114450815	harbor2	chr3	114305362	114305728	LTR/ERVL	889	-	183	114305545	54730
chr3	114250815	114450815	harbor2	chr3	114305901	114306418	LTR/ERVL	2318	-	258	114306159	55344
chr3	52285329	52485329	harbor2	chr3	52341286	52341527	LTR/ERVL	935	-	120	52341406	56077
chr3	52285329	52485329	harbor2	chr3	52380773	52381090	LTR/ERVL	1609	-	158	52380931	95602
chr3	52285329	52485329	harbor2	chr3	52381413	52381596	LTR/ERVL	1609	-	92	52381505	96176
chr3	161134786	161334786	harbor2	chr3	161185208	161185362	LTR/ERVL	715	-	77	161185285	50499
chr3	161134786	161334786	harbor2	chr3	161185366	161185518	LTR/ERVL	614	-	76	161185442	50656
chr3	161134786	161334786	harbor2	chr3	161185517	161185661	LTR/ERVL	669	-	72	161185589	50803
chr3	161134786	161334786	harbor2	chr3	161187057	161187152	LTR/ERVL	557	-	48	161187105	52319
chr3	161134786	161334786	harbor2	chr3	161206850	161207412	LTR/ERVL	1039	-	281	161207131	72345
chr3	107996454	108196454	harbor2	chr3	107996217	107996750	LTR/ERVL	2977	-	266	107996483	29
chr3	107996454	108196454	harbor2	chr3	108001414	108001504	LTR/ERVL	454	-	45	108001459	5005
chr3	107996454	108196454	harbor2	chr3	108095240	108095767	LTR/ERVL	2978	-	264	108095504	99050
chr3	196509496	196709496	harbor2	chr3	196607674	196607857	LTR/ERVL	468	-	92	196607766	98270
chr3	124532884	124732884	harbor2	chr3	124610252	124610720	LTR/ERVL	2194	-	234	124610486	77602
chr3	124532884	124732884	harbor2	chr3	124623329	124623399	LTR/ERVL	3049	-	35	124623364	90480
chr3	124532884	124732884	harbor2	chr3	124623429	124623800	LTR/ERVL	3049	-	186	124623615	90731
chr3	107992858	108192858	harbor2	chr3	107996217	107996750	LTR/ERVL	2977	-	266	107996483	3625
chr3	107992858	108192858	harbor2	chr3	108001414	108001504	LTR/ERVL	454	-	45	108001459	8601
chr3	43899808	44099808	harbor2	chr3	43905490	43905631	LTR/ERVL	584	-	70	43905560	5752
chr3	43899808	44099808	harbor2	chr3	43906740	43907223	LTR/ERVL	1508	-	242	43906982	7174
chr3	43899808	44099808	harbor2	chr3	43908136	43908437	LTR/ERVL	598	-	150	43908286	8478
chr3	43899808	44099808	harbor2	chr3	43924653	43925454	LTR/ERVL	3446	-	400	43925053	25245
chr3	43899808	44099808	harbor2	chr3	43928028	43928382	LTR/ERVL	681	-	177	43928205	28397
chr3	43899808	44099808	harbor2	chr3	43955637	43955909	LTR/ERVL	727	-	136	43955773	55965
chr3	43899808	44099808	harbor2	chr3	43956826	43957217	LTR/ERVL	953	-	196	43957022	57214
chr3	43899808	44099808	harbor2	chr3	43962047	43962424	LTR/ERVL	1206	-	188	43962235	62427
chr3	47682285	47882285	harbor2	chr3	47722730	47723249	LTR/ERVL	1781	-	260	47722990	40705
chr3	107999835	108199835	harbor2	chr3	108001414	108001504	LTR/ERVL	454	-	45	108001459	1624
chr3	107999835	108199835	harbor2	chr3	108095240	108095767	LTR/ERVL	2978	-	264	108095504	95669
chr3	107999835	108199835	harbor2	chr3	108097959	108098418	LTR/ERVL	1457	-	230	108098189	98354
chr3	126604196	126804196	harbor2	chr3	126642883	126643311	LTR/ERVL	885	-	214	126643097	38901
chr3	125918450	126118450	harbor2	chr3	125962202	125962554	LTR/ERVL	870	-	176	125962378	43928
chr3	125918450	126118450	harbor2	chr3	125985572	125985939	LTR/ERVL	1139	-	184	125985756	67306
chr3	51947743	52147743	harbor2	chr3	51953546	51953993	LTR/ERVL	1789	-	224	51953770	6027
chr3	108004843	108204843	harbor2	chr3	108095240	108095767	LTR/ERVL	2978	-	264	108095504	90661
chr3	108004843	108204843	harbor2	chr3	108097959	108098418	LTR/ERVL	1457	-	230	108098189	93346
chr3	108001583	108201583	harbor2	chr3	108095240	108095767	LTR/ERVL	2978	-	264	108095504	93921
chr3	108001583	108201583	harbor2	chr3	108097959	108098418	LTR/ERVL	1457	-	230	108098189	96606
chr3	43899990	44099990	harbor2	chr3	43905490	43905631	LTR/ERVL	584	-	70	43905560	5570
chr3	43899990	44099990	harbor2	chr3	43906740	43907223	LTR/ERVL	1508	-	242	43906982	6992
chr3	43899990	44099990	harbor2	chr3	43908136	43908437	LTR/ERVL	598	-	150	43908286	8296
chr3	43899990	44099990	harbor2	chr3	43924653	43925454	LTR/ERVL	3446	-	400	43925053	25063
chr3	43899990	44099990	harbor2	chr3	43928028	43928382	LTR/ERVL	681	-	177	43928205	28215
chr3	43899990	44099990	harbor2	chr3	43955637	43955909	LTR/ERVL	727	-	136	43955773	55783
chr3	43899990	44099990	harbor2	chr3	43956826	43957217	LTR/ERVL	953	-	196	43957022	57032
chr3	43899990	44099990	harbor2	chr3	43962047	43962424	LTR/ERVL	1206	-	188	43962235	62245
chr3	123360102	123560102	harbor2	chr3	123436969	123437462	LTR/ERVL	1652	-	246	123437215	77113
chr3	197553469	197753469	harbor2	chr3	197591652	197592530	LTR/ERVL	1606	-	439	197592091	38622
chr3	186683597	186883597	harbor2	chr3	186698065	186698102	LTR/ERVL	2897	-	18	186698083	14486
chr3	186683597	186883597	harbor2	chr3	186698136	186698513	LTR/ERVL	2897	-	188	186698324	14727
chr3	186683597	186883597	harbor2	chr3	186759557	186760022	LTR/ERVL	3833	-	232	186759789	76192
chr3	186683597	186883597	harbor2	chr3	186760330	186760735	LTR/ERVL	3833	-	202	186760532	76935
chr3	52096181	52296181	harbor2	chr3	52176864	52177224	LTR/ERVL	539	-	180	52177044	80863
chr3	52096181	52296181	harbor2	chr3	52189149	52189496	LTR/ERVL	1667	-	174	52189323	93142
chr3	52096181	52296181	harbor2	chr3	52189772	52189837	LTR/ERVL	1667	-	32	52189804	93623
chr3	196967075	197167075	harbor2	chr3	196970717	196971576	LTR/ERVL	4121	-	430	196971147	4072
chr3	23714640	23914640	harbor2	chr3	23735815	23736290	LTR/ERVL	635	-	238	23736053	21413
chr3	39007400	39207400	harbor2	chr3	39013351	39013595	LTR/ERVL	798	-	122	39013473	6073
chr3	39007400	39207400	harbor2	chr3	39013937	39014262	LTR/ERVL	731	-	162	39014099	6699
chr3	39007400	39207400	harbor2	chr3	39014284	39015029	LTR/ERVL	2735	-	372	39014656	7256
chr3	39007400	39207400	harbor2	chr3	39015389	39015565	LTR/ERVL	2735	-	88	39015477	8077
chr3	39007400	39207400	harbor2	chr3	39016047	39016352	LTR/ERVL	1015	-	152	39016199	8799
chr3	39007400	39207400	harbor2	chr3	39039138	39039302	LTR/ERVL	502	-	82	39039220	31820
chr3	39007400	39207400	harbor2	chr3	39049134	39049581	LTR/ERVL	1164	-	224	39049358	41958
chr3	39007400	39207400	harbor2	chr3	39049618	39050019	LTR/ERVL	656	-	200	39049818	42418
chr3	128635373	128835373	harbor2	chr3	128692836	128693225	LTR/ERVL	4297	-	194	128693030	57657
chr3	128635373	128835373	harbor2	chr3	128693517	128694044	LTR/ERVL	4297	-	264	128693781	58408
chr3	128635373	128835373	harbor2	chr3	128702673	128702822	LTR/ERVL	660	-	74	128702747	67374
chr3	128635373	128835373	harbor2	chr3	128703128	128703154	LTR/ERVL	660	-	13	128703141	67768
chr3	128635373	128835373	harbor2	chr3	128703170	128703423	LTR/ERVL	679	-	126	128703296	67923
chr3	128635373	128835373	harbor2	chr3	128713725	128713883	LTR/ERVL	450	-	79	128713804	78431
chr3	51940162	52140162	harbor2	chr3	51953546	51953993	LTR/ERVL	1789	-	224	51953770	13608
chr3	51940754	52140754	harbor2	chr3	51953546	51953993	LTR/ERVL	1789	-	224	51953770	13016
chr3	185965616	186165616	harbor2	chr3	185967078	185967226	LTR/ERVL	416	-	74	185967152	1536
chr3	185965616	186165616	harbor2	chr3	186037644	186037875	LTR/ERVL	2238	-	116	186037760	72144
chr3	185965616	186165616	harbor2	chr3	186037876	186038437	LTR/ERVL	2946	-	280	186038156	72540
chr3	185965616	186165616	harbor2	chr3	186038438	186038834	LTR/ERVL	2238	-	198	186038636	73020
chr3	126430170	126630170	harbor2	chr3	126448600	126448888	LTR/ERVL	551	-	144	126448744	18574
chr3	128380700	128580700	harbor2	chr3	128439162	128439649	LTR/ERVL	1036	-	244	128439406	58706
chr3	128380700	128580700	harbor2	chr3	128439690	128440167	LTR/ERVL	1697	-	238	128439928	59228
chr3	128380700	128580700	harbor2	chr3	128441637	128442054	LTR/ERVL	405	-	208	128441845	61145
chr3	128380700	128580700	harbor2	chr3	128442321	128442699	LTR/ERVL	702	-	189	128442510	61810
chr3	123351261	123551261	harbor2	chr3	123436969	123437462	LTR/ERVL	1652	-	246	123437215	85954
chr3	52275211	52475211	harbor2	chr3	52341286	52341527	LTR/ERVL	935	-	120	52341406	66195
chr3	51939851	52139851	harbor2	chr3	51953546	51953993	LTR/ERVL	1789	-	224	51953770	13919
chr3	127581228	127781228	harbor2	chr3	127612971	127613359	LTR/ERVL	666	-	194	127613165	31937
chr3	127581228	127781228	harbor2	chr3	127642311	127642520	LTR/ERVL	447	-	104	127642415	61187
chr3	124776752	124976752	harbor2	chr3	124813241	124814166	LTR/ERVL	4570	-	462	124813703	36951
chr3	113686514	113886514	harbor2	chr3	113771993	113772264	LTR/ERVL	689	-	136	113772129	85615
chr3	107992957	108192957	harbor2	chr3	107996217	107996750	LTR/ERVL	2977	-	266	107996483	3526
chr3	107992957	108192957	harbor2	chr3	108001414	108001504	LTR/ERVL	454	-	45	108001459	8502
chr3	127620114	127820114	harbor2	chr3	127642311	127642520	LTR/ERVL	447	-	104	127642415	22301
chr3	123781375	123981375	harbor2	chr3	123872285	123873003	LTR/ERVL	3295	-	359	123872644	91269
chr3	123781375	123981375	harbor2	chr3	123873025	123873139	LTR/ERVL	504	-	57	123873082	91707
chr3	51939470	52139470	harbor2	chr3	51953546	51953993	LTR/ERVL	1789	-	224	51953770	14300
chr3	112250274	112450274	harbor2	chr3	112286979	112287635	LTR/ERVL	1323	-	328	112287307	37033
chr3	112250274	112450274	harbor2	chr3	112324591	112324704	LTR/ERVL	432	-	56	112324647	74373
chr3	128745391	128945391	harbor2	chr3	128825110	128825670	LTR/ERVL	2127	-	280	128825390	79999
chr3	128745391	128945391	harbor2	chr3	128835476	128835769	LTR/ERVL	1725	-	146	128835622	90231
chr3	128745391	128945391	harbor2	chr3	128825688	128828475	LTR/ERVL	21208	-	1394	128827082	81691
chr3	54754036	54954036	harbor2	chr3	54781617	54782290	LTR/ERVL	872	-	336	54781953	27917
chr3	54754036	54954036	harbor2	chr3	54834687	54835103	LTR/ERVL	2162	-	208	54834895	80859
chr3	49137838	49337838	harbor2	chr3	49217921	49218376	LTR/ERVL	3786	-	228	49218149	80311
chr3	49137838	49337838	harbor2	chr3	49218679	49218850	LTR/ERVL	3786	-	86	49218765	80927
chr3	150314573	150514573	harbor2	chr3	150340172	150340607	LTR/ERVL	1595	-	218	150340390	25817
chr3	150314573	150514573	harbor2	chr3	150340928	150340978	LTR/ERVL	1595	-	25	150340953	26380
chr3	150314573	150514573	harbor2	chr3	150399031	150399487	LTR/ERVL	508	-	228	150399259	84686
chr3	122418615	122618615	harbor2	chr3	122470967	122471209	LTR/ERVL	772	-	121	122471088	52473
chr3	122418615	122618615	harbor2	chr3	122515890	122516180	LTR/ERVL	1289	-	145	122516035	97420
chr3	138088132	138288132	harbor2	chr3	138137127	138137369	LTR/ERVL	1189	-	121	138137248	49116
chr3	138088132	138288132	harbor2	chr3	138137665	138137873	LTR/ERVL	1189	-	104	138137769	49637
chr3	138088132	138288132	harbor2	chr3	138137913	138138925	LTR/ERVL	4706	-	506	138138419	50287
chr3	138088132	138288132	harbor2	chr3	138139495	138139740	LTR/ERVL	4706	-	122	138139617	51485
chr3	114324151	114524151	harbor2	chr3	114386580	114386752	LTR/ERVL	562	-	86	114386666	62515
chr3	49195670	49395670	harbor2	chr3	49217921	49218376	LTR/ERVL	3786	-	228	49218149	22479
chr3	49195670	49395670	harbor2	chr3	49218679	49218850	LTR/ERVL	3786	-	86	49218765	23095
chr3	51841955	52041955	harbor2	chr3	51880777	51881408	LTR/ERVL	1196	-	316	51881093	39138
chr3	51841955	52041955	harbor2	chr3	51884665	51885160	LTR/ERVL	2624	-	248	51884913	42958
chr3	51841955	52041955	harbor2	chr3	51887710	51887964	LTR/ERVL	861	-	127	51887837	45882
chr3	119612088	119812088	harbor2	chr3	119625976	119626219	LTR/ERVL	605	-	122	119626098	14010
chr3	119612088	119812088	harbor2	chr3	119630107	119630534	LTR/ERVL	648	-	214	119630321	18233
chr3	119612088	119812088	harbor2	chr3	119681697	119681729	LTR/ERVL	1304	-	16	119681713	69625
chr3	119612088	119812088	harbor2	chr3	119682092	119682422	LTR/ERVL	1304	-	165	119682257	70169
chr3	119612088	119812088	harbor2	chr3	119682716	119682759	LTR/ERVL	1304	-	22	119682738	70650
chr3	197860204	198060204	harbor2	chr3	197906522	197907751	LTR/ERVL	2469	-	614	197907136	46932
chr3	197860204	198060204	harbor2	chr3	197908922	197909169	LTR/ERVL	605	-	124	197909046	48842
chr3	197860204	198060204	harbor2	chr3	197957319	197957447	LTR/ERVL	451	-	64	197957383	97179
chr3	47725663	47925663	harbor2	chr3	47797260	47797374	LTR/ERVL	515	-	57	47797317	71654
chr3	197860166	198060166	harbor2	chr3	197906522	197907751	LTR/ERVL	2469	-	614	197907136	46970
chr3	197860166	198060166	harbor2	chr3	197908922	197909169	LTR/ERVL	605	-	124	197909046	48880
chr3	197860166	198060166	harbor2	chr3	197957319	197957447	LTR/ERVL	451	-	64	197957383	97217
chr3	51939404	52139404	harbor2	chr3	51953546	51953993	LTR/ERVL	1789	-	224	51953770	14366
chr3	50517057	50717057	harbor2	chr3	50594867	50594901	LTR/ERVL	1804	-	17	50594884	77827
chr3	50517057	50717057	harbor2	chr3	50595194	50595691	LTR/ERVL	1804	-	248	50595442	78385
chr3	30593678	30793678	harbor2	chr3	30597571	30597945	LTR/ERVL	694	-	187	30597758	4080
chr3	30593678	30793678	harbor2	chr3	30597971	30598229	LTR/ERVL	486	-	129	30598100	4422
chr3	30593678	30793678	harbor2	chr3	30637116	30637608	LTR/ERVL	986	-	246	30637362	43684
chr3	30593678	30793678	harbor2	chr3	30681797	30682111	LTR/ERVL	989	-	157	30681954	88276
chr3	30593678	30793678	harbor2	chr3	30685413	30685862	LTR/ERVL	1287	-	224	30685637	91959
chr3	63339864	63539864	harbor2	chr3	63344598	63344638	LTR/ERVL	436	-	20	63344618	4754
chr3	63339864	63539864	harbor2	chr3	63345420	63345740	LTR/ERVL	436	-	160	63345580	5716
chr3	63339864	63539864	harbor2	chr3	63383316	63383434	LTR/ERVL	433	-	59	63383375	43511
chr3	63339864	63539864	harbor2	chr3	63383663	63383743	LTR/ERVL	433	-	40	63383703	43839
chr3	63339864	63539864	harbor2	chr3	63387857	63388311	LTR/ERVL	1160	-	227	63388084	48220
chr3	63339864	63539864	harbor2	chr3	63408367	63408890	LTR/ERVL	2978	-	262	63408629	68765
chr3	63339864	63539864	harbor2	chr3	63437697	63437984	LTR/ERVL	834	-	144	63437841	97977
chr3	53396060	53596060	harbor2	chr3	53417669	53417952	LTR/ERVL	683	-	142	53417811	21751
chr3	53396060	53596060	harbor2	chr3	53417982	53418148	LTR/ERVL	858	-	83	53418065	22005
chr3	53396060	53596060	harbor2	chr3	53418219	53418670	LTR/ERVL	1027	-	226	53418445	22385
chr3	53396060	53596060	harbor2	chr3	53418659	53419173	LTR/ERVL	4645	-	257	53418916	22856
chr3	53396060	53596060	harbor2	chr3	53419441	53420884	LTR/ERVL	4645	-	722	53420163	24103
chr3	53396060	53596060	harbor2	chr3	53421371	53422874	LTR/ERVL	3666	-	752	53422123	26063
chr3	53396060	53596060	harbor2	chr3	53422896	53423278	LTR/ERVL	1677	-	191	53423087	27027
chr3	53396060	53596060	harbor2	chr3	53424460	53424807	LTR/ERVL	1185	-	174	53424634	28574
chr3	53396060	53596060	harbor2	chr3	53424828	53425170	LTR/ERVL	1482	-	171	53424999	28939
chr3	53396060	53596060	harbor2	chr3	53425180	53425234	LTR/ERVL	4190	-	27	53425207	29147
chr3	53396060	53596060	harbor2	chr3	53425534	53426596	LTR/ERVL	4190	-	531	53426065	30005
chr3	53396060	53596060	harbor2	chr3	53426620	53427510	LTR/ERVL	2336	-	445	53427065	31005
chr3	53396060	53596060	harbor2	chr3	53427537	53427830	LTR/ERVL	2336	-	146	53427683	31623
chr3	53396060	53596060	harbor2	chr3	53427831	53428060	LTR/ERVL	1147	-	114	53427945	31885
chr3	53396060	53596060	harbor2	chr3	53452647	53454022	LTR/ERVL	6501	-	688	53453335	57275
chr3	53396060	53596060	harbor2	chr3	53454333	53455296	LTR/ERVL	6501	-	482	53454815	58755
chr3	108032373	108232373	harbor2	chr3	108095240	108095767	LTR/ERVL	2978	-	264	108095504	63131
chr3	108032373	108232373	harbor2	chr3	108097959	108098418	LTR/ERVL	1457	-	230	108098189	65816
chr3	108032373	108232373	harbor2	chr3	108113943	108114188	LTR/ERVL	605	-	122	108114065	81692
chr3	108032373	108232373	harbor2	chr3	108128404	108128502	LTR/ERVL	827	-	49	108128453	96080
chr3	108032373	108232373	harbor2	chr3	108128871	108129224	LTR/ERVL	1135	-	176	108129047	96674
chr3	197860186	198060186	harbor2	chr3	197906522	197907751	LTR/ERVL	2469	-	614	197907136	46950
chr3	197860186	198060186	harbor2	chr3	197908922	197909169	LTR/ERVL	605	-	124	197909046	48860
chr3	197860186	198060186	harbor2	chr3	197957319	197957447	LTR/ERVL	451	-	64	197957383	97197
chr3	51953084	52153084	harbor2	chr3	51953546	51953993	LTR/ERVL	1789	-	224	51953770	686
chr3	51939402	52139402	harbor2	chr3	51953546	51953993	LTR/ERVL	1789	-	224	51953770	14368
chr3	157035633	157235633	harbor2	chr3	157097174	157097738	LTR/ERVL	2413	-	282	157097456	61823
chr3	123544853	123744853	harbor2	chr3	123597564	123597922	LTR/ERVL	857	-	179	123597743	52890
chr3	46800653	47000653	harbor2	chr3	46805998	46806342	LTR/ERVL	498	-	172	46806170	5517
chr3	46800653	47000653	harbor2	chr3	46813334	46815678	LTR/ERVL	20064	-	1172	46814506	13853
chr3	46800653	47000653	harbor2	chr3	46815981	46816108	LTR/ERVL	20064	-	64	46816045	15392
chr3	46800653	47000653	harbor2	chr3	46816109	46816554	LTR/ERVL	3363	-	222	46816331	15678
chr3	46800653	47000653	harbor2	chr3	46834473	46835025	LTR/ERVL	1957	-	276	46834749	34096
chr3	46800653	47000653	harbor2	chr3	46836002	46836082	LTR/ERVL	1957	-	40	46836042	35389
chr3	46800653	47000653	harbor2	chr3	46836619	46837458	LTR/ERVL	1957	-	420	46837039	36386
chr3	157569498	157769498	harbor2	chr3	157609142	157609466	LTR/ERVL	916	-	162	157609304	39806
chr3	172010482	172210482	harbor2	chr3	172021955	172022120	LTR/ERVL	737	-	82	172022037	11555
chr3	172010482	172210482	harbor2	chr3	172083115	172083564	LTR/ERVL	1232	-	224	172083339	72857
chr3	122886039	123086039	harbor2	chr3	122977600	122977714	LTR/ERVL	621	-	57	122977657	91618
chr3	182693462	182893462	harbor2	chr3	182705002	182705505	LTR/ERVL	1485	-	252	182705254	11792
chr3	182693462	182893462	harbor2	chr3	182765220	182765618	LTR/ERVL	1157	-	199	182765419	71957
chr3	182693462	182893462	harbor2	chr3	182778775	182779072	LTR/ERVL	1609	-	148	182778923	85461
chr3	51939397	52139397	harbor2	chr3	51953546	51953993	LTR/ERVL	1789	-	224	51953770	14373
chr3	12828058	13028058	harbor2	chr3	12891370	12891936	LTR/ERVL	2327	-	283	12891653	63595
chr3	107993078	108193078	harbor2	chr3	107996217	107996750	LTR/ERVL	2977	-	266	107996483	3405
chr3	107993078	108193078	harbor2	chr3	108001414	108001504	LTR/ERVL	454	-	45	108001459	8381
chr3	126257004	126457004	harbor2	chr3	126257994	126258341	LTR/ERVL	2207	-	174	126258168	1164
chr3	126257004	126457004	harbor2	chr3	126308113	126308447	LTR/ERVL	517	-	167	126308280	51276
chr3	51940440	52140440	harbor2	chr3	51953546	51953993	LTR/ERVL	1789	-	224	51953770	13330
chr4	6810897	7010897	harbor2	chr4	6877438	6877888	LTR/ERVL	3536	-	225	6877663	66766
chr4	6810897	7010897	harbor2	chr4	6877889	6878093	LTR/ERVL	3897	-	102	6877991	67094
chr4	6810897	7010897	harbor2	chr4	6878432	6878769	LTR/ERVL	3897	-	168	6878600	67703
chr4	2363035	2563035	harbor2	chr4	2400517	2400947	LTR/ERVL	3082	-	215	2400732	37697
chr4	41541096	41741096	harbor2	chr4	41588548	41588771	LTR/ERVL	503	-	112	41588660	47564
chr4	25762832	25962832	harbor2	chr4	25766464	25766927	LTR/ERVL	1568	-	232	25766696	3864
chr4	89737944	89937944	harbor2	chr4	89742074	89742517	LTR/ERVL	1589	-	222	89742296	4352
chr4	159002941	159202941	harbor2	chr4	159018007	159018428	LTR/ERVL	1308	-	210	159018217	15276
chr4	159002941	159202941	harbor2	chr4	159075014	159075218	LTR/ERVL	786	-	102	159075116	72175
chr4	159026392	159226392	harbor2	chr4	159075014	159075218	LTR/ERVL	786	-	102	159075116	48724
chr4	139551799	139751799	harbor2	chr4	139578528	139578830	LTR/ERVL	928	-	151	139578679	26880
chr4	139551799	139751799	harbor2	chr4	139588907	139589138	LTR/ERVL	1617	-	116	139589023	37224
chr4	139551799	139751799	harbor2	chr4	139589486	139589740	LTR/ERVL	1617	-	127	139589613	37814
chr4	139551799	139751799	harbor2	chr4	139632269	139632365	LTR/ERVL	545	-	48	139632317	80518
chr4	139551799	139751799	harbor2	chr4	139639046	139639457	LTR/ERVL	1131	-	206	139639252	87453
chr4	139551799	139751799	harbor2	chr4	139639594	139640198	LTR/ERVL	1902	-	302	139639896	88097
chr4	139551799	139751799	harbor2	chr4	139640209	139640406	LTR/ERVL	721	-	98	139640307	88508
chr4	139551799	139751799	harbor2	chr4	139640422	139640559	LTR/ERVL	475	-	68	139640490	88691
chr4	139551799	139751799	harbor2	chr4	139641255	139641648	LTR/ERVL	2558	-	196	139641451	89652
chr4	139551799	139751799	harbor2	chr4	139641961	139642214	LTR/ERVL	2558	-	126	139642087	90288
chr4	139551799	139751799	harbor2	chr4	139642611	139642728	LTR/ERVL	554	-	58	139642669	90870
chr4	1771258	1971258	harbor2	chr4	1852047	1852606	LTR/ERVL	1031	-	280	1852327	81069
chr4	3264984	3464984	harbor2	chr4	3329895	3330458	LTR/ERVL	2320	-	282	3330177	65193
chr4	3264984	3464984	harbor2	chr4	3352892	3354204	LTR/ERVL	2499	-	656	3353548	88564
chr4	128444275	128644275	harbor2	chr4	128497028	128497572	LTR/ERVL	1928	-	272	128497300	53025
chr4	145198204	145398204	harbor2	chr4	145206069	145206234	LTR/ERVL	505	-	82	145206151	7947
chr4	145198204	145398204	harbor2	chr4	145206255	145206406	LTR/ERVL	624	-	76	145206331	8127
chr4	145198204	145398204	harbor2	chr4	145207150	145208271	LTR/ERVL	2343	-	560	145207710	9506
chr4	145198204	145398204	harbor2	chr4	145208387	145208760	LTR/ERVL	2637	-	186	145208573	10369
chr4	145198204	145398204	harbor2	chr4	145209072	145209851	LTR/ERVL	2637	-	390	145209462	11258
chr4	145198204	145398204	harbor2	chr4	145210158	145210318	LTR/ERVL	2637	-	80	145210238	12034
chr4	145198204	145398204	harbor2	chr4	145263405	145264333	LTR/ERVL	4767	-	464	145263869	65665
chr4	159002962	159202962	harbor2	chr4	159018007	159018428	LTR/ERVL	1308	-	210	159018217	15255
chr4	159002962	159202962	harbor2	chr4	159075014	159075218	LTR/ERVL	786	-	102	159075116	72154
chr4	16642723	16842723	harbor2	chr4	16688909	16689322	LTR/ERVL	908	-	206	16689115	46392
chr4	120195584	120395584	harbor2	chr4	120257315	120257937	LTR/ERVL	1717	-	311	120257626	62042
chr4	5701053	5901053	harbor2	chr4	5744446	5744692	LTR/ERVL	777	-	123	5744569	43516
chr4	5701053	5901053	harbor2	chr4	5769919	5770448	LTR/ERVL	1581	-	264	5770183	69130
chr4	5701053	5901053	harbor2	chr4	5780737	5781116	LTR/ERVL	1799	-	190	5780927	79874
chr4	151521646	151721646	harbor2	chr4	151550755	151551152	LTR/ERVL	1179	-	198	151550953	29307
chr4	151521646	151721646	harbor2	chr4	151599361	151599781	LTR/ERVL	1419	-	210	151599571	77925
chr4	151521646	151721646	harbor2	chr4	151616208	151616391	LTR/ERVL	631	-	92	151616300	94654
chr4	151521646	151721646	harbor2	chr4	151617111	151617238	LTR/ERVL	468	-	64	151617175	95529
chr4	151521646	151721646	harbor2	chr4	151601088	151601340	LTR/ERVL	609	-	126	151601214	79568
chr4	70739670	70939670	harbor2	chr4	70748519	70748935	LTR/ERVL	1444	-	208	70748727	9057
chr4	128712057	128912057	harbor2	chr4	128734676	128734836	LTR/ERVL	3000	-	80	128734756	22699
chr4	128712057	128912057	harbor2	chr4	128735152	128735538	LTR/ERVL	3000	-	193	128735345	23288
chr4	128712057	128912057	harbor2	chr4	128735550	128735777	LTR/ERVL	1265	-	114	128735664	23607
chr4	76114019	76314019	harbor2	chr4	76158249	76158523	LTR/ERVL	503	-	137	76158386	44367
chr4	76114019	76314019	harbor2	chr4	76183123	76183934	LTR/ERVL	4212	-	406	76183529	69510
chr4	3054676	3254676	harbor2	chr4	3146042	3146576	LTR/ERVL	1230	-	267	3146309	91633
chr4	120823308	121023308	harbor2	chr4	120899572	120900452	LTR/ERVL	3785	-	440	120900012	76704
chr4	2364000	2564000	harbor2	chr4	2400517	2400947	LTR/ERVL	3082	-	215	2400732	36732
chr4	8768364	8968364	harbor2	chr4	8792856	8793225	LTR/ERVL	1013	-	184	8793040	24676
chr4	152837648	153037648	harbor2	chr4	152864338	152864832	LTR/ERVL	2411	-	247	152864585	26937
chr4	120832418	121032418	harbor2	chr4	120899572	120900452	LTR/ERVL	3785	-	440	120900012	67594
chr4	151572476	151772476	harbor2	chr4	151599361	151599781	LTR/ERVL	1419	-	210	151599571	27095
chr4	151572476	151772476	harbor2	chr4	151616208	151616391	LTR/ERVL	631	-	92	151616300	43824
chr4	151572476	151772476	harbor2	chr4	151617111	151617238	LTR/ERVL	468	-	64	151617175	44699
chr4	151572476	151772476	harbor2	chr4	151601088	151601340	LTR/ERVL	609	-	126	151601214	28738
chr4	163375906	163575906	harbor2	chr4	163387017	163387342	LTR/ERVL	1446	-	162	163387179	11273
chr4	70803213	71003213	harbor2	chr4	70868693	70869358	LTR/ERVL	4668	-	332	70869025	65812
chr4	70803213	71003213	harbor2	chr4	70869525	70869757	LTR/ERVL	4668	-	116	70869641	66428
chr4	70803213	71003213	harbor2	chr4	70870071	70870267	LTR/ERVL	4668	-	98	70870169	66956
chr4	70803213	71003213	harbor2	chr4	70870311	70870577	LTR/ERVL	1816	-	133	70870444	67231
chr4	70803213	71003213	harbor2	chr4	70870877	70871040	LTR/ERVL	1816	-	82	70870959	67746
chr4	139195860	139395860	harbor2	chr4	139207782	139208129	LTR/ERVL	2262	-	174	139207956	12096
chr4	139195860	139395860	harbor2	chr4	139208155	139208386	LTR/ERVL	2262	-	116	139208271	12411
chr4	139195860	139395860	harbor2	chr4	139222098	139222507	LTR/ERVL	661	-	204	139222302	26442
chr4	139195860	139395860	harbor2	chr4	139224147	139224711	LTR/ERVL	1861	-	282	139224429	28569
chr4	139195860	139395860	harbor2	chr4	139265033	139265376	LTR/ERVL	677	-	172	139265205	69345
chr4	120823157	121023157	harbor2	chr4	120899572	120900452	LTR/ERVL	3785	-	440	120900012	76855
chr4	55753709	55953709	harbor2	chr4	55768322	55768749	LTR/ERVL	830	-	214	55768536	14827
chr4	55753709	55953709	harbor2	chr4	55791611	55792015	LTR/ERVL	1129	-	202	55791813	38104
chr4	55753709	55953709	harbor2	chr4	55806622	55807185	LTR/ERVL	2430	-	282	55806904	53195
chr4	1358624	1558624	harbor2	chr4	1373189	1373540	LTR/ERVL	2288	-	176	1373365	14741
chr5	10341862	10541862	harbor2	chr5	10364267	10364413	LTR/ERVL	497	-	73	10364340	22478
chr5	10341862	10541862	harbor2	chr5	10364440	10364615	LTR/ERVL	471	-	88	10364528	22666
chr5	26453659	26653659	harbor2	chr5	26456383	26456516	LTR/ERVL	447	-	66	26456449	2790
chr5	26453659	26653659	harbor2	chr5	26456658	26456880	LTR/ERVL	516	-	111	26456769	3110
chr5	26453659	26653659	harbor2	chr5	26458948	26459132	LTR/ERVL	641	-	92	26459040	5381
chr5	26453659	26653659	harbor2	chr5	26461692	26462268	LTR/ERVL	1929	-	288	26461980	8321
chr5	26453659	26653659	harbor2	chr5	26475743	26476036	LTR/ERVL	1342	-	146	26475889	22230
chr5	26453659	26653659	harbor2	chr5	26482111	26482256	LTR/ERVL	565	-	72	26482183	28524
chr5	26453659	26653659	harbor2	chr5	26518085	26518600	LTR/ERVL	1290	-	258	26518343	64684
chr5	26453659	26653659	harbor2	chr5	26521277	26521710	LTR/ERVL	1200	-	216	26521493	67834
chr5	26453659	26653659	harbor2	chr5	26537394	26537658	LTR/ERVL	624	-	132	26537526	83867
chr5	26453659	26653659	harbor2	chr5	26538048	26538135	LTR/ERVL	624	-	44	26538092	84433
chr5	9115075	9315075	harbor2	chr5	9183053	9183613	LTR/ERVL	943	-	280	9183333	68258
chr5	10532476	10732476	harbor2	chr5	10613962	10613990	LTR/ERVL	1607	-	14	10613976	81500
chr5	10532476	10732476	harbor2	chr5	10614027	10614404	LTR/ERVL	1607	-	188	10614215	81739
chr5	10341874	10541874	harbor2	chr5	10364267	10364413	LTR/ERVL	497	-	73	10364340	22466
chr5	10341874	10541874	harbor2	chr5	10364440	10364615	LTR/ERVL	471	-	88	10364528	22654
chr5	52700037	52900037	harbor2	chr5	52706689	52707158	LTR/ERVL	2747	-	234	52706923	6886
chr5	52700037	52900037	harbor2	chr5	52745285	52745728	LTR/ERVL	3226	-	222	52745507	45470
chr5	52700037	52900037	harbor2	chr5	52764531	52764961	LTR/ERVL	1945	-	215	52764746	64709
chr5	52700037	52900037	harbor2	chr5	52766522	52767079	LTR/ERVL	1986	-	278	52766800	66763
chr5	52700037	52900037	harbor2	chr5	52791156	52791575	LTR/ERVL	712	-	210	52791366	91329
chr5	10341877	10541877	harbor2	chr5	10364267	10364413	LTR/ERVL	497	-	73	10364340	22463
chr5	10341877	10541877	harbor2	chr5	10364440	10364615	LTR/ERVL	471	-	88	10364528	22651
chr5	10341899	10541899	harbor2	chr5	10364267	10364413	LTR/ERVL	497	-	73	10364340	22441
chr5	10341899	10541899	harbor2	chr5	10364440	10364615	LTR/ERVL	471	-	88	10364528	22629
chr5	55892081	56092081	harbor2	chr5	55928049	55928487	LTR/ERVL	884	-	219	55928268	36187
chr5	55892081	56092081	harbor2	chr5	55961230	55961475	LTR/ERVL	954	-	122	55961352	69271
chr5	55892081	56092081	harbor2	chr5	55961774	55961992	LTR/ERVL	954	-	109	55961883	69802
chr5	55892081	56092081	harbor2	chr5	55978046	55978445	LTR/ERVL	1511	-	200	55978246	86165
chr5	55892081	56092081	harbor2	chr5	55978733	55978797	LTR/ERVL	1511	-	32	55978765	86684
chr5	145979706	146179706	harbor2	chr5	145987927	145988465	LTR/ERVL	2438	-	269	145988196	8490
chr5	145979706	146179706	harbor2	chr5	146034069	146034564	LTR/ERVL	657	-	248	146034317	54611
chr5	34828752	35028752	harbor2	chr5	34875274	34875705	LTR/ERVL	3130	-	216	34875490	46738
chr5	34828752	35028752	harbor2	chr5	34903784	34903964	LTR/ERVL	1962	-	90	34903874	75122
chr5	34828752	35028752	harbor2	chr5	34904269	34904313	LTR/ERVL	1962	-	22	34904291	75539
chr5	34828752	35028752	harbor2	chr5	34904609	34905229	LTR/ERVL	1962	-	310	34904919	76167
chr5	10341867	10541867	harbor2	chr5	10364267	10364413	LTR/ERVL	497	-	73	10364340	22473
chr5	10341867	10541867	harbor2	chr5	10364440	10364615	LTR/ERVL	471	-	88	10364528	22661
chr5	10341831	10541831	harbor2	chr5	10364267	10364413	LTR/ERVL	497	-	73	10364340	22509
chr5	10341831	10541831	harbor2	chr5	10364440	10364615	LTR/ERVL	471	-	88	10364528	22697
chr5	176526714	176726714	harbor2	chr5	176559891	176560109	LTR/ERVL	894	-	109	176560000	33286
chr5	176526714	176726714	harbor2	chr5	176612779	176613238	LTR/ERVL	1260	-	230	176613009	86295
chr5	175342628	175542628	harbor2	chr5	175344141	175344752	LTR/ERVL	2240	-	306	175344447	1819
chr5	175342628	175542628	harbor2	chr5	175405201	175405617	LTR/ERVL	2181	-	208	175405409	62781
chr5	175342628	175542628	harbor2	chr5	175390638	175391059	LTR/ERVL	2044	-	210	175390848	48220
chr5	123600410	123800410	harbor2	chr5	123640787	123641051	LTR/ERVL	1669	-	132	123640919	40509
chr5	123600410	123800410	harbor2	chr5	123641435	123641722	LTR/ERVL	1669	-	144	123641579	41169
chr5	123600410	123800410	harbor2	chr5	123684479	123684822	LTR/ERVL	1477	-	172	123684651	84241
chr5	123600410	123800410	harbor2	chr5	123687498	123687610	LTR/ERVL	633	-	56	123687554	87144
chr5	123600410	123800410	harbor2	chr5	123694903	123695391	LTR/ERVL	2092	-	244	123695147	94737
chr5	132310885	132510885	harbor2	chr5	132342438	132343162	LTR/ERVL	2456	-	362	132342800	31915
chr5	132310885	132510885	harbor2	chr5	132344357	132345164	LTR/ERVL	1890	-	404	132344761	33876
chr5	132310885	132510885	harbor2	chr5	132360156	132360473	LTR/ERVL	1650	-	158	132360314	49429
chr5	132310885	132510885	harbor2	chr5	132360892	132361068	LTR/ERVL	900	-	88	132360980	50095
chr5	132310885	132510885	harbor2	chr5	132364736	132364912	LTR/ERVL	2632	-	88	132364824	53939
chr5	132310885	132510885	harbor2	chr5	132365220	132365506	LTR/ERVL	2632	-	143	132365363	54478
chr5	132310885	132510885	harbor2	chr5	132395811	132396159	LTR/ERVL	1210	-	174	132395985	85100
chr5	132310885	132510885	harbor2	chr5	132396226	132396307	LTR/ERVL	428	-	40	132396266	85381
chr5	132310885	132510885	harbor2	chr5	132407468	132407752	LTR/ERVL	1580	-	142	132407610	96725
chr5	73397400	73597400	harbor2	chr5	73411748	73412234	LTR/ERVL	1858	-	243	73411991	14591
chr5	73397400	73597400	harbor2	chr5	73468121	73468166	LTR/ERVL	1003	-	22	73468143	70743
chr5	73397400	73597400	harbor2	chr5	73468211	73468488	LTR/ERVL	1003	-	138	73468349	70949
chr5	73397400	73597400	harbor2	chr5	73470167	73470503	LTR/ERVL	1796	-	168	73470335	72935
chr5	73397400	73597400	harbor2	chr5	73480666	73481544	LTR/ERVL	7358	-	439	73481105	83705
chr5	73397400	73597400	harbor2	chr5	73484606	73484633	LTR/ERVL	4982	-	14	73484620	87220
chr5	73397400	73597400	harbor2	chr5	73485157	73486025	LTR/ERVL	4982	-	434	73485591	88191
chr5	73397400	73597400	harbor2	chr5	73491082	73491517	LTR/ERVL	1902	-	218	73491300	93900
chr5	73397400	73597400	harbor2	chr5	73481793	73484133	LTR/ERVL	16028	-	1170	73482963	85563
chr5	33908472	34108472	harbor2	chr5	33922562	33923055	LTR/ERVL	1363	-	246	33922808	14336
chr5	33908472	34108472	harbor2	chr5	33923339	33923586	LTR/ERVL	784	-	124	33923463	14991
chr5	33908472	34108472	harbor2	chr5	33923627	33925183	LTR/ERVL	5937	-	778	33924405	15933
chr5	73351463	73551463	harbor2	chr5	73358508	73358774	LTR/ERVL	1094	-	133	73358641	7178
chr5	73351463	73551463	harbor2	chr5	73359108	73359305	LTR/ERVL	1094	-	98	73359206	7743
chr5	73351463	73551463	harbor2	chr5	73411748	73412234	LTR/ERVL	1858	-	243	73411991	60528
chr5	10341895	10541895	harbor2	chr5	10364267	10364413	LTR/ERVL	497	-	73	10364340	22445
chr5	10341895	10541895	harbor2	chr5	10364440	10364615	LTR/ERVL	471	-	88	10364528	22633
chr5	176526715	176726715	harbor2	chr5	176559891	176560109	LTR/ERVL	894	-	109	176560000	33285
chr5	176526715	176726715	harbor2	chr5	176612779	176613238	LTR/ERVL	1260	-	230	176613009	86294
chr5	79274075	79474075	harbor2	chr5	79286779	79287052	LTR/ERVL	1033	-	136	79286915	12840
chr5	135435248	135635248	harbor2	chr5	135502653	135503023	LTR/ERVL	729	-	185	135502838	67590
chr5	135435248	135635248	harbor2	chr5	135510905	135511338	LTR/ERVL	1846	-	216	135511121	75873
chr5	135435248	135635248	harbor2	chr5	135520152	135520926	LTR/ERVL	4512	-	387	135520539	85291
chr5	10454733	10654733	harbor2	chr5	10461429	10462296	LTR/ERVL	3455	-	434	10461863	7130
chr5	10454733	10654733	harbor2	chr5	10471496	10471955	LTR/ERVL	856	-	230	10471726	16993
chr5	10454733	10654733	harbor2	chr5	10481040	10481185	LTR/ERVL	863	-	72	10481112	26379
chr5	10454733	10654733	harbor2	chr5	10481189	10481640	LTR/ERVL	1429	-	226	10481415	26682
chr5	10454733	10654733	harbor2	chr5	10481641	10481943	LTR/ERVL	1140	-	151	10481792	27059
chr5	10454733	10654733	harbor2	chr5	10503793	10504385	LTR/ERVL	2355	-	296	10504089	49356
chr5	73351456	73551456	harbor2	chr5	73358508	73358774	LTR/ERVL	1094	-	133	73358641	7185
chr5	73351456	73551456	harbor2	chr5	73359108	73359305	LTR/ERVL	1094	-	98	73359206	7750
chr5	73351456	73551456	harbor2	chr5	73411748	73412234	LTR/ERVL	1858	-	243	73411991	60535
chr5	52848700	53048700	harbor2	chr5	52877879	52878277	LTR/ERVL	758	-	199	52878078	29378
chr5	52848700	53048700	harbor2	chr5	52884722	52885568	LTR/ERVL	3156	-	423	52885145	36445
chr5	52848700	53048700	harbor2	chr5	52923756	52924119	LTR/ERVL	617	-	182	52923938	75238
chr5	73351468	73551468	harbor2	chr5	73358508	73358774	LTR/ERVL	1094	-	133	73358641	7173
chr5	73351468	73551468	harbor2	chr5	73359108	73359305	LTR/ERVL	1094	-	98	73359206	7738
chr5	73351468	73551468	harbor2	chr5	73411748	73412234	LTR/ERVL	1858	-	243	73411991	60523
chr5	373064	573064	harbor2	chr5	380751	381303	LTR/ERVL	2588	-	276	381027	7963
chr5	16450508	16650508	harbor2	chr5	16525710	16526137	LTR/ERVL	1652	-	214	16525924	75416
chr5	177922457	178122457	harbor2	chr5	177931460	177931831	LTR/ERVL	604	-	186	177931646	9189
chr5	177922457	178122457	harbor2	chr5	177932031	177932845	LTR/ERVL	2116	-	407	177932438	9981
chr5	177922457	178122457	harbor2	chr5	177932856	177933903	LTR/ERVL	3755	-	524	177933380	10923
chr5	177922457	178122457	harbor2	chr5	177934192	177934611	LTR/ERVL	3755	-	210	177934402	11945
chr5	177922457	178122457	harbor2	chr5	177934630	177934961	LTR/ERVL	784	-	166	177934796	12339
chr5	177922457	178122457	harbor2	chr5	177935499	177936208	LTR/ERVL	2521	-	354	177935853	13396
chr5	177922457	178122457	harbor2	chr5	177936568	177936750	LTR/ERVL	2521	-	91	177936659	14202
chr5	177922457	178122457	harbor2	chr5	177966348	177966671	LTR/ERVL	747	-	162	177966510	44053
chr5	177922457	178122457	harbor2	chr5	178011695	178012234	LTR/ERVL	2647	-	270	178011965	89508
chr5	73351472	73551472	harbor2	chr5	73358508	73358774	LTR/ERVL	1094	-	133	73358641	7169
chr5	73351472	73551472	harbor2	chr5	73359108	73359305	LTR/ERVL	1094	-	98	73359206	7734
chr5	73351472	73551472	harbor2	chr5	73411748	73412234	LTR/ERVL	1858	-	243	73411991	60519
chr5	10341907	10541907	harbor2	chr5	10364267	10364413	LTR/ERVL	497	-	73	10364340	22433
chr5	10341907	10541907	harbor2	chr5	10364440	10364615	LTR/ERVL	471	-	88	10364528	22621
chr5	90417637	90617637	harbor2	chr5	90420986	90421437	LTR/ERVL	1913	-	226	90421212	3575
chr5	90417637	90617637	harbor2	chr5	90435943	90436388	LTR/ERVL	706	-	222	90436165	18528
chr5	90417637	90617637	harbor2	chr5	90451103	90451482	LTR/ERVL	1264	-	190	90451293	33656
chr5	90417637	90617637	harbor2	chr5	90454219	90454293	LTR/ERVL	434	-	37	90454256	36619
chr5	75136971	75336971	harbor2	chr5	75214892	75215403	LTR/ERVL	2108	-	256	75215148	78177
chr5	181061884	181261884	harbor2	chr5	181109258	181109298	LTR/ERVL	967	-	20	181109278	47394
chr5	181061884	181261884	harbor2	chr5	181109624	181110021	LTR/ERVL	967	-	198	181109822	47938
chr5	181061884	181261884	harbor2	chr5	181153701	181153913	LTR/ERVL	559	-	106	181153807	91923
chr5	181061884	181261884	harbor2	chr5	181154035	181154307	LTR/ERVL	837	-	136	181154171	92287
chr5	181061884	181261884	harbor2	chr5	181154606	181154667	LTR/ERVL	837	-	30	181154636	92752
chr5	141136632	141336632	harbor2	chr5	141166890	141167054	LTR/ERVL	524	-	82	141166972	30340
chr5	52700057	52900057	harbor2	chr5	52706689	52707158	LTR/ERVL	2747	-	234	52706923	6866
chr5	52700057	52900057	harbor2	chr5	52745285	52745728	LTR/ERVL	3226	-	222	52745507	45450
chr5	52700057	52900057	harbor2	chr5	52764531	52764961	LTR/ERVL	1945	-	215	52764746	64689
chr5	52700057	52900057	harbor2	chr5	52766522	52767079	LTR/ERVL	1986	-	278	52766800	66743
chr5	52700057	52900057	harbor2	chr5	52791156	52791575	LTR/ERVL	712	-	210	52791366	91309
chr5	10661141	10861141	harbor2	chr5	10661935	10662306	LTR/ERVL	1105	-	186	10662121	980
chr5	10661141	10861141	harbor2	chr5	10666868	10667493	LTR/ERVL	1769	-	312	10667180	6039
chr5	10661141	10861141	harbor2	chr5	10720183	10720334	LTR/ERVL	1173	-	76	10720259	59118
chr5	10661141	10861141	harbor2	chr5	10726670	10727197	LTR/ERVL	824	-	264	10726934	65793
chr5	135111374	135311374	harbor2	chr5	135206706	135206862	LTR/ERVL	527	-	78	135206784	95410
chr5	73397918	73597918	harbor2	chr5	73411748	73412234	LTR/ERVL	1858	-	243	73411991	14073
chr5	73397918	73597918	harbor2	chr5	73468121	73468166	LTR/ERVL	1003	-	22	73468143	70225
chr5	73397918	73597918	harbor2	chr5	73468211	73468488	LTR/ERVL	1003	-	138	73468349	70431
chr5	73397918	73597918	harbor2	chr5	73470167	73470503	LTR/ERVL	1796	-	168	73470335	72417
chr5	73397918	73597918	harbor2	chr5	73480666	73481544	LTR/ERVL	7358	-	439	73481105	83187
chr5	73397918	73597918	harbor2	chr5	73484606	73484633	LTR/ERVL	4982	-	14	73484620	86702
chr5	73397918	73597918	harbor2	chr5	73485157	73486025	LTR/ERVL	4982	-	434	73485591	87673
chr5	73397918	73597918	harbor2	chr5	73491082	73491517	LTR/ERVL	1902	-	218	73491300	93382
chr5	73397918	73597918	harbor2	chr5	73481793	73484133	LTR/ERVL	16028	-	1170	73482963	85045
chr5	37452845	37652845	harbor2	chr5	37464402	37465023	LTR/ERVL	2123	-	310	37464712	11867
chr5	37452845	37652845	harbor2	chr5	37477486	37477788	LTR/ERVL	707	-	151	37477637	24792
chr5	37452845	37652845	harbor2	chr5	37478100	37478302	LTR/ERVL	641	-	101	37478201	25356
chr5	37452845	37652845	harbor2	chr5	37478470	37478894	LTR/ERVL	1248	-	212	37478682	25837
chr5	37452845	37652845	harbor2	chr5	37513523	37513955	LTR/ERVL	3323	-	216	37513739	60894
chr5	10341892	10541892	harbor2	chr5	10364267	10364413	LTR/ERVL	497	-	73	10364340	22448
chr5	10341892	10541892	harbor2	chr5	10364440	10364615	LTR/ERVL	471	-	88	10364528	22636
chr5	9114713	9314713	harbor2	chr5	9183053	9183613	LTR/ERVL	943	-	280	9183333	68620
chr5	12213087	12413087	harbor2	chr5	12217003	12217340	LTR/ERVL	1343	-	168	12217171	4084
chr5	12213087	12413087	harbor2	chr5	12217645	12217766	LTR/ERVL	1343	-	60	12217705	4618
chr5	12213087	12413087	harbor2	chr5	12238265	12238482	LTR/ERVL	1078	-	108	12238373	25286
chr5	12213087	12413087	harbor2	chr5	12244942	12245177	LTR/ERVL	763	-	118	12245060	31973
chr5	12213087	12413087	harbor2	chr5	12245176	12245819	LTR/ERVL	1394	-	322	12245498	32411
chr5	12213087	12413087	harbor2	chr5	12250144	12250777	LTR/ERVL	1655	-	316	12250460	37373
chr5	12213087	12413087	harbor2	chr5	12255885	12256273	LTR/ERVL	712	-	194	12256079	42992
chr5	12213087	12413087	harbor2	chr5	12256634	12256697	LTR/ERVL	712	-	32	12256666	43579
chr5	12213087	12413087	harbor2	chr5	12266049	12266402	LTR/ERVL	670	-	176	12266225	53138
chr5	12213087	12413087	harbor2	chr5	12266620	12266860	LTR/ERVL	670	-	120	12266740	53653
chr5	12213087	12413087	harbor2	chr5	12283707	12283912	LTR/ERVL	466	-	102	12283809	70722
chr5	135980732	136180732	harbor2	chr5	135981816	135981958	LTR/ERVL	624	-	71	135981887	1155
chr5	135980732	136180732	harbor2	chr5	136004520	136004922	LTR/ERVL	1436	-	201	136004721	23989
chr5	135980732	136180732	harbor2	chr5	136056846	136057262	LTR/ERVL	733	-	208	136057054	76322
chr5	73353308	73553308	harbor2	chr5	73358508	73358774	LTR/ERVL	1094	-	133	73358641	5333
chr5	73353308	73553308	harbor2	chr5	73359108	73359305	LTR/ERVL	1094	-	98	73359206	5898
chr5	73353308	73553308	harbor2	chr5	73411748	73412234	LTR/ERVL	1858	-	243	73411991	58683
chr5	32300332	32500332	harbor2	chr5	32317663	32317697	LTR/ERVL	3180	-	17	32317680	17348
chr5	32300332	32500332	harbor2	chr5	32317749	32318181	LTR/ERVL	3180	-	216	32317965	17633
chr5	9115133	9315133	harbor2	chr5	9183053	9183613	LTR/ERVL	943	-	280	9183333	68200
chr5	52700041	52900041	harbor2	chr5	52706689	52707158	LTR/ERVL	2747	-	234	52706923	6882
chr5	52700041	52900041	harbor2	chr5	52745285	52745728	LTR/ERVL	3226	-	222	52745507	45466
chr5	52700041	52900041	harbor2	chr5	52764531	52764961	LTR/ERVL	1945	-	215	52764746	64705
chr5	52700041	52900041	harbor2	chr5	52766522	52767079	LTR/ERVL	1986	-	278	52766800	66759
chr5	52700041	52900041	harbor2	chr5	52791156	52791575	LTR/ERVL	712	-	210	52791366	91325
chr5	10184413	10384413	harbor2	chr5	10201180	10201793	LTR/ERVL	1066	-	306	10201486	17073
chr5	9114912	9314912	harbor2	chr5	9183053	9183613	LTR/ERVL	943	-	280	9183333	68421
chr5	171288566	171488566	harbor2	chr5	171351053	171351254	LTR/ERVL	606	-	100	171351153	62587
chr5	171288566	171488566	harbor2	chr5	171351556	171351910	LTR/ERVL	606	-	177	171351733	63167
chr5	171288566	171488566	harbor2	chr5	171352957	171353237	LTR/ERVL	891	-	140	171353097	64531
chr5	171288566	171488566	harbor2	chr5	171353421	171353649	LTR/ERVL	1948	-	114	171353535	64969
chr5	171288566	171488566	harbor2	chr5	171353953	171354062	LTR/ERVL	1948	-	54	171354007	65441
chr5	171288566	171488566	harbor2	chr5	171354125	171354247	LTR/ERVL	655	-	61	171354186	65620
chr5	171288566	171488566	harbor2	chr5	171354248	171354412	LTR/ERVL	938	-	82	171354330	65764
chr5	171288566	171488566	harbor2	chr5	171354413	171355015	LTR/ERVL	4919	-	301	171354714	66148
chr5	171288566	171488566	harbor2	chr5	171355316	171355749	LTR/ERVL	4919	-	216	171355532	66966
chr5	73354658	73554658	harbor2	chr5	73358508	73358774	LTR/ERVL	1094	-	133	73358641	3983
chr5	73354658	73554658	harbor2	chr5	73359108	73359305	LTR/ERVL	1094	-	98	73359206	4548
chr5	73354658	73554658	harbor2	chr5	73411748	73412234	LTR/ERVL	1858	-	243	73411991	57333
chr5	9114251	9314251	harbor2	chr5	9183053	9183613	LTR/ERVL	943	-	280	9183333	69082
chr5	130296604	130496604	harbor2	chr5	130337853	130338318	LTR/ERVL	1242	-	232	130338085	41481
chr5	130296604	130496604	harbor2	chr5	130372966	130373588	LTR/ERVL	2941	-	311	130373277	76673
chr5	9114268	9314268	harbor2	chr5	9183053	9183613	LTR/ERVL	943	-	280	9183333	69065
chr5	153994567	154194567	harbor2	chr5	154058798	154059277	LTR/ERVL	1642	-	240	154059038	64471
chr5	10341858	10541858	harbor2	chr5	10364267	10364413	LTR/ERVL	497	-	73	10364340	22482
chr5	10341858	10541858	harbor2	chr5	10364440	10364615	LTR/ERVL	471	-	88	10364528	22670
chr5	75136972	75336972	harbor2	chr5	75214892	75215403	LTR/ERVL	2108	-	256	75215148	78176
chr5	171287658	171487658	harbor2	chr5	171351053	171351254	LTR/ERVL	606	-	100	171351153	63495
chr5	171287658	171487658	harbor2	chr5	171351556	171351910	LTR/ERVL	606	-	177	171351733	64075
chr5	171287658	171487658	harbor2	chr5	171352957	171353237	LTR/ERVL	891	-	140	171353097	65439
chr5	171287658	171487658	harbor2	chr5	171353421	171353649	LTR/ERVL	1948	-	114	171353535	65877
chr5	171287658	171487658	harbor2	chr5	171353953	171354062	LTR/ERVL	1948	-	54	171354007	66349
chr5	171287658	171487658	harbor2	chr5	171354125	171354247	LTR/ERVL	655	-	61	171354186	66528
chr5	171287658	171487658	harbor2	chr5	171354248	171354412	LTR/ERVL	938	-	82	171354330	66672
chr5	171287658	171487658	harbor2	chr5	171354413	171355015	LTR/ERVL	4919	-	301	171354714	67056
chr5	171287658	171487658	harbor2	chr5	171355316	171355749	LTR/ERVL	4919	-	216	171355532	67874
chr5	73351454	73551454	harbor2	chr5	73358508	73358774	LTR/ERVL	1094	-	133	73358641	7187
chr5	73351454	73551454	harbor2	chr5	73359108	73359305	LTR/ERVL	1094	-	98	73359206	7752
chr5	73351454	73551454	harbor2	chr5	73411748	73412234	LTR/ERVL	1858	-	243	73411991	60537
chr5	171288550	171488550	harbor2	chr5	171351053	171351254	LTR/ERVL	606	-	100	171351153	62603
chr5	171288550	171488550	harbor2	chr5	171351556	171351910	LTR/ERVL	606	-	177	171351733	63183
chr5	171288550	171488550	harbor2	chr5	171352957	171353237	LTR/ERVL	891	-	140	171353097	64547
chr5	171288550	171488550	harbor2	chr5	171353421	171353649	LTR/ERVL	1948	-	114	171353535	64985
chr5	171288550	171488550	harbor2	chr5	171353953	171354062	LTR/ERVL	1948	-	54	171354007	65457
chr5	171288550	171488550	harbor2	chr5	171354125	171354247	LTR/ERVL	655	-	61	171354186	65636
chr5	171288550	171488550	harbor2	chr5	171354248	171354412	LTR/ERVL	938	-	82	171354330	65780
chr5	171288550	171488550	harbor2	chr5	171354413	171355015	LTR/ERVL	4919	-	301	171354714	66164
chr5	171288550	171488550	harbor2	chr5	171355316	171355749	LTR/ERVL	4919	-	216	171355532	66982
chr5	181070052	181270052	harbor2	chr5	181109258	181109298	LTR/ERVL	967	-	20	181109278	39226
chr5	181070052	181270052	harbor2	chr5	181109624	181110021	LTR/ERVL	967	-	198	181109822	39770
chr5	181070052	181270052	harbor2	chr5	181153701	181153913	LTR/ERVL	559	-	106	181153807	83755
chr5	181070052	181270052	harbor2	chr5	181154035	181154307	LTR/ERVL	837	-	136	181154171	84119
chr5	181070052	181270052	harbor2	chr5	181154606	181154667	LTR/ERVL	837	-	30	181154636	84584
chr5	164861844	165061844	harbor2	chr5	164944629	164945029	LTR/ERVL	1293	-	200	164944829	82985
chr5	164861844	165061844	harbor2	chr5	164950862	164951281	LTR/ERVL	1059	-	210	164951072	89228
chr5	6526022	6726022	harbor2	chr5	6534032	6534147	LTR/ERVL	485	-	58	6534090	8068
chr5	6526022	6726022	harbor2	chr5	6536685	6537046	LTR/ERVL	420	-	180	6536865	10843
chr5	6526022	6726022	harbor2	chr5	6576953	6577322	LTR/ERVL	1787	-	184	6577137	51115
chr5	10661088	10861088	harbor2	chr5	10661935	10662306	LTR/ERVL	1105	-	186	10662121	1033
chr5	10661088	10861088	harbor2	chr5	10666868	10667493	LTR/ERVL	1769	-	312	10667180	6092
chr5	10661088	10861088	harbor2	chr5	10720183	10720334	LTR/ERVL	1173	-	76	10720259	59171
chr5	10661088	10861088	harbor2	chr5	10726670	10727197	LTR/ERVL	824	-	264	10726934	65846
chr5	10341908	10541908	harbor2	chr5	10364267	10364413	LTR/ERVL	497	-	73	10364340	22432
chr5	10341908	10541908	harbor2	chr5	10364440	10364615	LTR/ERVL	471	-	88	10364528	22620
chr5	99806980	100006980	harbor2	chr5	99810640	99811087	LTR/ERVL	538	-	224	99810864	3884
chr5	99806980	100006980	harbor2	chr5	99813862	99814015	LTR/ERVL	460	-	76	99813938	6958
chr5	99806980	100006980	harbor2	chr5	99825625	99825886	LTR/ERVL	541	-	130	99825755	18775
chr5	99806980	100006980	harbor2	chr5	99842677	99843108	LTR/ERVL	836	-	216	99842893	35913
chr5	99806980	100006980	harbor2	chr5	99844426	99844867	LTR/ERVL	942	-	220	99844646	37666
chr5	99806980	100006980	harbor2	chr5	99870252	99870682	LTR/ERVL	664	-	215	99870467	63487
chr5	99806980	100006980	harbor2	chr5	99899489	99899734	LTR/ERVL	657	-	122	99899611	92631
chr5	99806980	100006980	harbor2	chr5	99899770	99900173	LTR/ERVL	1042	-	202	99899972	92992
chr5	99806980	100006980	harbor2	chr5	99900253	99901357	LTR/ERVL	2700	-	552	99900805	93825
chr5	99806980	100006980	harbor2	chr5	99903102	99903345	LTR/ERVL	1240	-	122	99903224	96244
chr5	99806980	100006980	harbor2	chr5	99843355	99844118	LTR/ERVL	1277	-	382	99843737	36757
chr5	151640401	151840401	harbor2	chr5	151732686	151733130	LTR/ERVL	1701	-	222	151732908	92507
chr5	151640401	151840401	harbor2	chr5	151733431	151733565	LTR/ERVL	1701	-	67	151733498	93097
chr5	73351410	73551410	harbor2	chr5	73358508	73358774	LTR/ERVL	1094	-	133	73358641	7231
chr5	73351410	73551410	harbor2	chr5	73359108	73359305	LTR/ERVL	1094	-	98	73359206	7796
chr5	73351410	73551410	harbor2	chr5	73411748	73412234	LTR/ERVL	1858	-	243	73411991	60581
chr5	143870685	144070685	harbor2	chr5	143873111	143873561	LTR/ERVL	2039	-	225	143873336	2651
chr5	143870685	144070685	harbor2	chr5	143956073	143956401	LTR/ERVL	1014	-	164	143956237	85552
chr5	135980728	136180728	harbor2	chr5	135981816	135981958	LTR/ERVL	624	-	71	135981887	1159
chr5	135980728	136180728	harbor2	chr5	136004520	136004922	LTR/ERVL	1436	-	201	136004721	23993
chr5	135980728	136180728	harbor2	chr5	136056846	136057262	LTR/ERVL	733	-	208	136057054	76326
chr5	135359105	135559105	harbor2	chr5	135420059	135420516	LTR/ERVL	1489	-	228	135420287	61182
chr5	10342114	10542114	harbor2	chr5	10364267	10364413	LTR/ERVL	497	-	73	10364340	22226
chr5	10342114	10542114	harbor2	chr5	10364440	10364615	LTR/ERVL	471	-	88	10364528	22414
chr5	10341878	10541878	harbor2	chr5	10364267	10364413	LTR/ERVL	497	-	73	10364340	22462
chr5	10341878	10541878	harbor2	chr5	10364440	10364615	LTR/ERVL	471	-	88	10364528	22650
chr5	10341890	10541890	harbor2	chr5	10364267	10364413	LTR/ERVL	497	-	73	10364340	22450
chr5	10341890	10541890	harbor2	chr5	10364440	10364615	LTR/ERVL	471	-	88	10364528	22638
chr5	9114687	9314687	harbor2	chr5	9183053	9183613	LTR/ERVL	943	-	280	9183333	68646
chr5	79955999	80155999	harbor2	chr5	80010587	80010901	LTR/ERVL	1207	-	157	80010744	54745
chr5	79955999	80155999	harbor2	chr5	80030999	80031415	LTR/ERVL	1911	-	208	80031207	75208
chr5	79955999	80155999	harbor2	chr5	80032393	80032927	LTR/ERVL	1975	-	267	80032660	76661
chr5	79955999	80155999	harbor2	chr5	80033316	80033483	LTR/ERVL	662	-	84	80033400	77401
chr5	78451235	78651235	harbor2	chr5	78465705	78466061	LTR/ERVL	1156	-	178	78465883	14648
chr5	32176705	32376705	harbor2	chr5	32221716	32221871	LTR/ERVL	478	-	78	32221794	45089
chr5	32176705	32376705	harbor2	chr5	32222879	32223134	LTR/ERVL	874	-	128	32223007	46302
chr5	32176705	32376705	harbor2	chr5	32250419	32250760	LTR/ERVL	493	-	170	32250589	73884
chr5	19259135	19459135	harbor2	chr5	19263128	19263590	LTR/ERVL	1429	-	231	19263359	4224
chr5	19259135	19459135	harbor2	chr5	19268809	19269214	LTR/ERVL	1975	-	202	19269011	9876
chr5	19259135	19459135	harbor2	chr5	19278721	19278769	LTR/ERVL	1853	-	24	19278745	19610
chr5	19259135	19459135	harbor2	chr5	19278815	19279046	LTR/ERVL	1853	-	116	19278931	19796
chr5	19259135	19459135	harbor2	chr5	19279620	19279899	LTR/ERVL	1853	-	140	19279760	20625
chr5	19259135	19459135	harbor2	chr5	19282478	19282520	LTR/ERVL	1267	-	21	19282499	23364
chr5	19259135	19459135	harbor2	chr5	19282590	19282963	LTR/ERVL	1267	-	186	19282776	23641
chr5	19259135	19459135	harbor2	chr5	19291013	19291480	LTR/ERVL	1156	-	234	19291247	32112
chr5	19259135	19459135	harbor2	chr5	19308092	19308456	LTR/ERVL	838	-	182	19308274	49139
chr5	19259135	19459135	harbor2	chr5	19314786	19315292	LTR/ERVL	2551	-	253	19315039	55904
chr5	19259135	19459135	harbor2	chr5	19357360	19357567	LTR/ERVL	814	-	104	19357464	98329
chr5	19259135	19459135	harbor2	chr5	19357962	19358153	LTR/ERVL	814	-	96	19358058	98923
chr5	10341853	10541853	harbor2	chr5	10364267	10364413	LTR/ERVL	497	-	73	10364340	22487
chr5	10341853	10541853	harbor2	chr5	10364440	10364615	LTR/ERVL	471	-	88	10364528	22675
chr5	138855190	139055190	harbor2	chr5	138876853	138877148	LTR/ERVL	715	-	148	138877001	21811
chr5	138855190	139055190	harbor2	chr5	138890252	138890905	LTR/ERVL	1293	-	326	138890578	35388
chr5	107321099	107521099	harbor2	chr5	107326414	107326724	LTR/ERVL	672	-	155	107326569	5470
chr5	138834064	139034064	harbor2	chr5	138853638	138853757	LTR/ERVL	477	-	60	138853698	19634
chr5	138834064	139034064	harbor2	chr5	138876853	138877148	LTR/ERVL	715	-	148	138877001	42937
chr5	138834064	139034064	harbor2	chr5	138890252	138890905	LTR/ERVL	1293	-	326	138890578	56514
chr6	37083540	37283540	harbor2	chr6	37115502	37115720	LTR/ERVL	568	-	109	37115611	32071
chr6	37083540	37283540	harbor2	chr6	37123111	37123523	LTR/ERVL	578	-	206	37123317	39777
chr6	139275435	139475435	harbor2	chr6	139355909	139356317	LTR/ERVL	2304	-	204	139356113	80678
chr6	139275435	139475435	harbor2	chr6	139357779	139358179	LTR/ERVL	1623	-	200	139357979	82544
chr6	127168513	127368513	harbor2	chr6	127252574	127253082	LTR/ERVL	2904	-	254	127252828	84315
chr6	111987608	112187608	harbor2	chr6	111991310	111991743	LTR/ERVL	2035	-	216	111991526	3918
chr6	111987608	112187608	harbor2	chr6	112003131	112003469	LTR/ERVL	2139	-	169	112003300	15692
chr6	111987608	112187608	harbor2	chr6	112005510	112006806	LTR/ERVL	3748	-	648	112006158	18550
chr6	111987608	112187608	harbor2	chr6	112006806	112006924	LTR/ERVL	600	-	59	112006865	19257
chr6	37072439	37272439	harbor2	chr6	37115502	37115720	LTR/ERVL	568	-	109	37115611	43172
chr6	37072439	37272439	harbor2	chr6	37123111	37123523	LTR/ERVL	578	-	206	37123317	50878
chr6	37072372	37272372	harbor2	chr6	37115502	37115720	LTR/ERVL	568	-	109	37115611	43239
chr6	37072372	37272372	harbor2	chr6	37123111	37123523	LTR/ERVL	578	-	206	37123317	50945
chr6	166899020	167099020	harbor2	chr6	166910799	166911159	LTR/ERVL	1185	-	180	166910979	11959
chr6	166899020	167099020	harbor2	chr6	166986045	166986571	LTR/ERVL	3460	-	263	166986308	87288
chr6	166899020	167099020	harbor2	chr6	166986577	166986788	LTR/ERVL	1352	-	106	166986683	87663
chr6	166899020	167099020	harbor2	chr6	166992673	166992940	LTR/ERVL	593	-	134	166992807	93787
chr6	37071947	37271947	harbor2	chr6	37115502	37115720	LTR/ERVL	568	-	109	37115611	43664
chr6	37071947	37271947	harbor2	chr6	37123111	37123523	LTR/ERVL	578	-	206	37123317	51370
chr6	139275444	139475444	harbor2	chr6	139355909	139356317	LTR/ERVL	2304	-	204	139356113	80669
chr6	139275444	139475444	harbor2	chr6	139357779	139358179	LTR/ERVL	1623	-	200	139357979	82535
chr6	124863601	125063601	harbor2	chr6	124950258	124950454	LTR/ERVL	511	-	98	124950356	86755
chr6	124863601	125063601	harbor2	chr6	124952087	124952619	LTR/ERVL	2734	-	266	124952353	88752
chr6	11912036	12112036	harbor2	chr6	11916916	11917044	LTR/ERVL	541	-	64	11916980	4944
chr6	11912036	12112036	harbor2	chr6	11917995	11918205	LTR/ERVL	528	-	105	11918100	6064
chr6	11912036	12112036	harbor2	chr6	11961880	11962195	LTR/ERVL	1768	-	158	11962038	50002
chr6	11912036	12112036	harbor2	chr6	11962490	11962585	LTR/ERVL	1768	-	48	11962538	50502
chr6	11912036	12112036	harbor2	chr6	11967175	11967342	LTR/ERVL	1239	-	84	11967259	55223
chr6	11912036	12112036	harbor2	chr6	11971032	11971221	LTR/ERVL	964	-	94	11971126	59090
chr6	37072709	37272709	harbor2	chr6	37115502	37115720	LTR/ERVL	568	-	109	37115611	42902
chr6	37072709	37272709	harbor2	chr6	37123111	37123523	LTR/ERVL	578	-	206	37123317	50608
chr6	7639383	7839383	harbor2	chr6	7641033	7641449	LTR/ERVL	1757	-	208	7641241	1858
chr6	7639383	7839383	harbor2	chr6	7657086	7657402	LTR/ERVL	1030	-	158	7657244	17861
chr6	7639383	7839383	harbor2	chr6	7657457	7658716	LTR/ERVL	3310	-	630	7658087	18704
chr6	7639383	7839383	harbor2	chr6	7658711	7658889	LTR/ERVL	821	-	89	7658800	19417
chr6	7639383	7839383	harbor2	chr6	7659324	7659339	LTR/ERVL	821	-	8	7659332	19949
chr6	7639383	7839383	harbor2	chr6	7659641	7659730	LTR/ERVL	821	-	44	7659685	20302
chr6	7639383	7839383	harbor2	chr6	7659802	7661464	LTR/ERVL	3446	-	831	7660633	21250
chr6	7639383	7839383	harbor2	chr6	7667339	7667528	LTR/ERVL	506	-	94	7667433	28050
chr6	105895039	106095039	harbor2	chr6	105939483	105939587	LTR/ERVL	476	-	52	105939535	44496
chr6	105895039	106095039	harbor2	chr6	105950056	105950215	LTR/ERVL	579	-	80	105950136	55097
chr6	105895039	106095039	harbor2	chr6	105950316	105950496	LTR/ERVL	581	-	90	105950406	55367
chr6	37002854	37202854	harbor2	chr6	37006715	37007122	LTR/ERVL	1270	-	204	37006919	4065
chr6	107974811	108174811	harbor2	chr6	107992027	107992455	LTR/ERVL	1279	-	214	107992241	17430
chr6	139275454	139475454	harbor2	chr6	139355909	139356317	LTR/ERVL	2304	-	204	139356113	80659
chr6	139275454	139475454	harbor2	chr6	139357779	139358179	LTR/ERVL	1623	-	200	139357979	82525
chr6	35370706	35570706	harbor2	chr6	35415745	35415778	LTR/ERVL	1973	-	16	35415761	45055
chr6	35370706	35570706	harbor2	chr6	35415804	35416099	LTR/ERVL	1973	-	148	35415952	45246
chr6	35370706	35570706	harbor2	chr6	35416405	35416482	LTR/ERVL	1973	-	38	35416443	45737
chr6	35370706	35570706	harbor2	chr6	35428663	35428847	LTR/ERVL	508	-	92	35428755	58049
chr6	45551785	45751785	harbor2	chr6	45628430	45628661	LTR/ERVL	837	-	116	45628546	76761
chr6	45551785	45751785	harbor2	chr6	45628707	45628912	LTR/ERVL	488	-	102	45628809	77024
chr6	45551785	45751785	harbor2	chr6	45629508	45629789	LTR/ERVL	1621	-	140	45629648	77863
chr6	45551785	45751785	harbor2	chr6	45630125	45630491	LTR/ERVL	1621	-	183	45630308	78523
chr6	110291208	110491208	harbor2	chr6	110326552	110326725	LTR/ERVL	611	-	86	110326638	35430
chr6	41821135	42021135	harbor2	chr6	41914030	41914441	LTR/ERVL	697	-	206	41914236	93101
chr6	107974809	108174809	harbor2	chr6	107992027	107992455	LTR/ERVL	1279	-	214	107992241	17432
chr6	139275412	139475412	harbor2	chr6	139355909	139356317	LTR/ERVL	2304	-	204	139356113	80701
chr6	139275412	139475412	harbor2	chr6	139357779	139358179	LTR/ERVL	1623	-	200	139357979	82567
chr6	36494234	36694234	harbor2	chr6	36552859	36553220	LTR/ERVL	2655	-	180	36553039	58805
chr6	36494234	36694234	harbor2	chr6	36553503	36553625	LTR/ERVL	2655	-	61	36553564	59330
chr6	36494234	36694234	harbor2	chr6	36571872	36572061	LTR/ERVL	819	-	94	36571966	77732
chr6	77363827	77563827	harbor2	chr6	77383887	77384465	LTR/ERVL	2092	-	289	77384176	20349
chr6	77363827	77563827	harbor2	chr6	77441271	77441425	LTR/ERVL	527	-	77	77441348	77521
chr6	77363827	77563827	harbor2	chr6	77442810	77443364	LTR/ERVL	2738	-	277	77443087	79260
chr6	37002837	37202837	harbor2	chr6	37006715	37007122	LTR/ERVL	1270	-	204	37006919	4082
chr6	139275376	139475376	harbor2	chr6	139355909	139356317	LTR/ERVL	2304	-	204	139356113	80737
chr6	139275376	139475376	harbor2	chr6	139357779	139358179	LTR/ERVL	1623	-	200	139357979	82603
chr6	30786661	30986661	harbor2	chr6	30799074	30799502	LTR/ERVL	2842	-	214	30799288	12627
chr6	30786661	30986661	harbor2	chr6	30804609	30805534	LTR/ERVL	4267	-	462	30805071	18410
chr6	30786661	30986661	harbor2	chr6	30841188	30841534	LTR/ERVL	904	-	173	30841361	54700
chr6	30786661	30986661	harbor2	chr6	30847788	30848423	LTR/ERVL	1409	-	318	30848106	61445
chr6	37073817	37273817	harbor2	chr6	37115502	37115720	LTR/ERVL	568	-	109	37115611	41794
chr6	37073817	37273817	harbor2	chr6	37123111	37123523	LTR/ERVL	578	-	206	37123317	49500
chr6	37071756	37271756	harbor2	chr6	37115502	37115720	LTR/ERVL	568	-	109	37115611	43855
chr6	37071756	37271756	harbor2	chr6	37123111	37123523	LTR/ERVL	578	-	206	37123317	51561
chr6	10422491	10622491	harbor2	chr6	10470652	10471818	LTR/ERVL	2447	-	583	10471235	48744
chr6	139346565	139546565	harbor2	chr6	139355909	139356317	LTR/ERVL	2304	-	204	139356113	9548
chr6	139346565	139546565	harbor2	chr6	139357779	139358179	LTR/ERVL	1623	-	200	139357979	11414
chr6	139346565	139546565	harbor2	chr6	139411201	139411674	LTR/ERVL	3226	-	236	139411437	64872
chr6	139275442	139475442	harbor2	chr6	139355909	139356317	LTR/ERVL	2304	-	204	139356113	80671
chr6	139275442	139475442	harbor2	chr6	139357779	139358179	LTR/ERVL	1623	-	200	139357979	82537
chr6	37071984	37271984	harbor2	chr6	37115502	37115720	LTR/ERVL	568	-	109	37115611	43627
chr6	37071984	37271984	harbor2	chr6	37123111	37123523	LTR/ERVL	578	-	206	37123317	51333
chr6	81653509	81853509	harbor2	chr6	81735521	81735679	LTR/ERVL	493	-	79	81735600	82091
chr6	147108187	147308187	harbor2	chr6	147147451	147147959	LTR/ERVL	1906	-	254	147147705	39518
chr6	37071718	37271718	harbor2	chr6	37115502	37115720	LTR/ERVL	568	-	109	37115611	43893
chr6	37071718	37271718	harbor2	chr6	37123111	37123523	LTR/ERVL	578	-	206	37123317	51599
chr6	37074003	37274003	harbor2	chr6	37115502	37115720	LTR/ERVL	568	-	109	37115611	41608
chr6	37074003	37274003	harbor2	chr6	37123111	37123523	LTR/ERVL	578	-	206	37123317	49314
chr6	36343651	36543651	harbor2	chr6	36348786	36349462	LTR/ERVL	931	-	338	36349124	5473
chr6	36343651	36543651	harbor2	chr6	36357293	36357473	LTR/ERVL	507	-	90	36357383	13732
chr6	36343651	36543651	harbor2	chr6	36394428	36394625	LTR/ERVL	480	-	98	36394526	50875
chr6	109952856	110152856	harbor2	chr6	109983723	109984192	LTR/ERVL	2099	-	234	109983957	31101
chr6	109952856	110152856	harbor2	chr6	110017886	110018336	LTR/ERVL	2498	-	225	110018111	65255
chr6	109952856	110152856	harbor2	chr6	110020954	110021234	LTR/ERVL	875	-	140	110021094	68238
chr6	109952856	110152856	harbor2	chr6	110031405	110031640	LTR/ERVL	1097	-	118	110031523	78667
chr6	37075696	37275696	harbor2	chr6	37115502	37115720	LTR/ERVL	568	-	109	37115611	39915
chr6	37075696	37275696	harbor2	chr6	37123111	37123523	LTR/ERVL	578	-	206	37123317	47621
chr6	52185236	52385236	harbor2	chr6	52185129	52185339	LTR/ERVL	622	-	105	52185234	2
chr6	52185236	52385236	harbor2	chr6	52245089	52245913	LTR/ERVL	2287	-	412	52245501	60265
chr6	52185236	52385236	harbor2	chr6	52245999	52246104	LTR/ERVL	467	-	52	52246051	60815
chr6	169863936	170063936	harbor2	chr6	169865173	169865576	LTR/ERVL	1140	-	202	169865375	1439
chr6	169863936	170063936	harbor2	chr6	169884447	169884920	LTR/ERVL	3129	-	236	169884683	20747
chr6	169863936	170063936	harbor2	chr6	169895324	169895706	LTR/ERVL	1633	-	191	169895515	31579
chr6	29088020	29288020	harbor2	chr6	29096875	29097743	LTR/ERVL	4566	-	434	29097309	9289
chr6	29088020	29288020	harbor2	chr6	29118456	29118877	LTR/ERVL	2461	-	210	29118666	30646
chr6	29088020	29288020	harbor2	chr6	29168893	29169756	LTR/ERVL	4544	-	432	29169325	81305
chr6	37071985	37271985	harbor2	chr6	37115502	37115720	LTR/ERVL	568	-	109	37115611	43626
chr6	37071985	37271985	harbor2	chr6	37123111	37123523	LTR/ERVL	578	-	206	37123317	51332
chr6	42879393	43079393	harbor2	chr6	42934165	42934331	LTR/ERVL	1111	-	83	42934248	54855
chr6	147106075	147306075	harbor2	chr6	147147451	147147959	LTR/ERVL	1906	-	254	147147705	41630
chr6	149350899	149550899	harbor2	chr6	149425423	149428295	LTR/ERVL	6417	-	1436	149426859	75960
chr6	149350899	149550899	harbor2	chr6	149428445	149429091	LTR/ERVL	1631	-	323	149428768	77869
chr6	149350899	149550899	harbor2	chr6	149440047	149440223	LTR/ERVL	500	-	88	149440135	89236
chr6	8009439	8209439	harbor2	chr6	8089300	8089738	LTR/ERVL	3564	-	219	8089519	80080
chr6	41841717	42041717	harbor2	chr6	41914030	41914441	LTR/ERVL	697	-	206	41914236	72519
chr6	139275446	139475446	harbor2	chr6	139355909	139356317	LTR/ERVL	2304	-	204	139356113	80667
chr6	139275446	139475446	harbor2	chr6	139357779	139358179	LTR/ERVL	1623	-	200	139357979	82533
chr6	30369767	30569767	harbor2	chr6	30379919	30380543	LTR/ERVL	1298	-	312	30380231	10464
chr6	30369767	30569767	harbor2	chr6	30391242	30391796	LTR/ERVL	1631	-	277	30391519	21752
chr6	30369767	30569767	harbor2	chr6	30429329	30430018	LTR/ERVL	2573	-	344	30429673	59906
chr6	30369767	30569767	harbor2	chr6	30446621	30446802	LTR/ERVL	780	-	90	30446711	76944
chr6	127174273	127374273	harbor2	chr6	127252574	127253082	LTR/ERVL	2904	-	254	127252828	78555
chr6	139275443	139475443	harbor2	chr6	139355909	139356317	LTR/ERVL	2304	-	204	139356113	80670
chr6	139275443	139475443	harbor2	chr6	139357779	139358179	LTR/ERVL	1623	-	200	139357979	82536
chr6	127169913	127369913	harbor2	chr6	127252574	127253082	LTR/ERVL	2904	-	254	127252828	82915
chr6	33522645	33722645	harbor2	chr6	33567750	33568187	LTR/ERVL	867	-	218	33567968	45323
chr6	147254587	147454587	harbor2	chr6	147256075	147256415	LTR/ERVL	710	-	170	147256245	1658
chr6	147254587	147454587	harbor2	chr6	147278629	147279178	LTR/ERVL	2791	-	274	147278903	24316
chr6	147254587	147454587	harbor2	chr6	147283398	147283835	LTR/ERVL	1646	-	218	147283616	29029
chr6	147254587	147454587	harbor2	chr6	147310481	147310529	LTR/ERVL	1985	-	24	147310505	55918
chr6	147254587	147454587	harbor2	chr6	147310567	147310970	LTR/ERVL	1985	-	202	147310769	56182
chr6	139275379	139475379	harbor2	chr6	139355909	139356317	LTR/ERVL	2304	-	204	139356113	80734
chr6	139275379	139475379	harbor2	chr6	139357779	139358179	LTR/ERVL	1623	-	200	139357979	82600
chr6	155200738	155400738	harbor2	chr6	155265783	155266187	LTR/ERVL	3279	-	202	155265985	65247
chr6	139275438	139475438	harbor2	chr6	139355909	139356317	LTR/ERVL	2304	-	204	139356113	80675
chr6	139275438	139475438	harbor2	chr6	139357779	139358179	LTR/ERVL	1623	-	200	139357979	82541
chr6	149352008	149552008	harbor2	chr6	149425423	149428295	LTR/ERVL	6417	-	1436	149426859	74851
chr6	149352008	149552008	harbor2	chr6	149428445	149429091	LTR/ERVL	1631	-	323	149428768	76760
chr6	149352008	149552008	harbor2	chr6	149440047	149440223	LTR/ERVL	500	-	88	149440135	88127
chr6	79848077	80048077	harbor2	chr6	79903569	79903778	LTR/ERVL	1148	-	104	79903673	55596
chr6	79848077	80048077	harbor2	chr6	79905409	79905769	LTR/ERVL	1461	-	180	79905589	57512
chr6	79848077	80048077	harbor2	chr6	79906509	79906980	LTR/ERVL	1008	-	236	79906745	58668
chr6	79848077	80048077	harbor2	chr6	79906984	79907449	LTR/ERVL	769	-	232	79907216	59139
chr6	79848077	80048077	harbor2	chr6	79907458	79908138	LTR/ERVL	5504	-	340	79907798	59721
chr6	79848077	80048077	harbor2	chr6	79908464	79910296	LTR/ERVL	5504	-	916	79909380	61303
chr6	79848077	80048077	harbor2	chr6	79910336	79911124	LTR/ERVL	1590	-	394	79910730	62653
chr6	79848077	80048077	harbor2	chr6	79904104	79904979	LTR/ERVL	1461	-	438	79904542	56465
chr6	150800551	151000551	harbor2	chr6	150848403	150848882	LTR/ERVL	1861	-	240	150848643	48092
chr6	41174459	41374459	harbor2	chr6	41186917	41187028	LTR/ERVL	642	-	56	41186973	12514
chr6	41174459	41374459	harbor2	chr6	41187716	41187970	LTR/ERVL	642	-	127	41187843	13384
chr6	41174459	41374459	harbor2	chr6	41273563	41274036	LTR/ERVL	1098	-	236	41273799	99340
chr6	45542589	45742589	harbor2	chr6	45628430	45628661	LTR/ERVL	837	-	116	45628546	85957
chr6	45542589	45742589	harbor2	chr6	45628707	45628912	LTR/ERVL	488	-	102	45628809	86220
chr6	45542589	45742589	harbor2	chr6	45629508	45629789	LTR/ERVL	1621	-	140	45629648	87059
chr6	45542589	45742589	harbor2	chr6	45630125	45630491	LTR/ERVL	1621	-	183	45630308	87719
chr6	46592267	46792267	harbor2	chr6	46650035	46650111	LTR/ERVL	1622	-	38	46650073	57806
chr6	46592267	46792267	harbor2	chr6	46650156	46650484	LTR/ERVL	1622	-	164	46650320	58053
chr6	46592267	46792267	harbor2	chr6	46675002	46675487	LTR/ERVL	612	-	242	46675244	82977
chr6	37071323	37271323	harbor2	chr6	37115502	37115720	LTR/ERVL	568	-	109	37115611	44288
chr6	37071323	37271323	harbor2	chr6	37123111	37123523	LTR/ERVL	578	-	206	37123317	51994
chr6	43393418	43593418	harbor2	chr6	43405283	43405514	LTR/ERVL	1597	-	116	43405399	11981
chr6	43393418	43593418	harbor2	chr6	43405550	43405739	LTR/ERVL	1597	-	94	43405644	12226
chr6	146816562	147016562	harbor2	chr6	146830965	146831393	LTR/ERVL	2479	-	214	146831179	14617
chr6	146816562	147016562	harbor2	chr6	146850513	146850978	LTR/ERVL	843	-	232	146850745	34183
chr6	34776933	34976933	harbor2	chr6	34817414	34817850	LTR/ERVL	1774	-	218	34817632	40699
chr6	34776933	34976933	harbor2	chr6	34839556	34840167	LTR/ERVL	2501	-	306	34839862	62929
chr6	45542590	45742590	harbor2	chr6	45628430	45628661	LTR/ERVL	837	-	116	45628546	85956
chr6	45542590	45742590	harbor2	chr6	45628707	45628912	LTR/ERVL	488	-	102	45628809	86219
chr6	45542590	45742590	harbor2	chr6	45629508	45629789	LTR/ERVL	1621	-	140	45629648	87058
chr6	45542590	45742590	harbor2	chr6	45630125	45630491	LTR/ERVL	1621	-	183	45630308	87718
chr6	166512532	166712532	harbor2	chr6	166558159	166558528	LTR/ERVL	1382	-	184	166558343	45811
chr6	44034328	44234328	harbor2	chr6	44089964	44090305	LTR/ERVL	1453	-	170	44090134	55806
chr6	44034328	44234328	harbor2	chr6	44103946	44104041	LTR/ERVL	485	-	48	44103994	69666
chr6	44034328	44234328	harbor2	chr6	44104150	44104253	LTR/ERVL	542	-	52	44104202	69874
chr6	7907023	8107023	harbor2	chr6	7932480	7933016	LTR/ERVL	2415	-	268	7932748	25725
chr6	148245637	148445637	harbor2	chr6	148305678	148305889	LTR/ERVL	899	-	106	148305784	60147
chr6	148245637	148445637	harbor2	chr6	148306065	148306364	LTR/ERVL	899	-	150	148306215	60578
chr6	127216519	127416519	harbor2	chr6	127252574	127253082	LTR/ERVL	2904	-	254	127252828	36309
chr6	127216519	127416519	harbor2	chr6	127277452	127277872	LTR/ERVL	3099	-	210	127277662	61143
chr6	52300000	52500000	harbor2	chr6	52322920	52323417	LTR/ERVL	1818	-	248	52323168	23168
chr6	52300000	52500000	harbor2	chr6	52323719	52323804	LTR/ERVL	1818	-	42	52323761	23761
chr6	52300000	52500000	harbor2	chr6	52324511	52324727	LTR/ERVL	1818	-	108	52324619	24619
chr6	52300000	52500000	harbor2	chr6	52324728	52325087	LTR/ERVL	1276	-	180	52324908	24908
chr6	52300000	52500000	harbor2	chr6	52326383	52326686	LTR/ERVL	626	-	152	52326535	26535
chr6	7875319	8075319	harbor2	chr6	7874881	7875396	LTR/ERVL	2729	-	258	7875139	180
chr6	7875319	8075319	harbor2	chr6	7875678	7875739	LTR/ERVL	2729	-	30	7875708	389
chr6	7875319	8075319	harbor2	chr6	7932480	7933016	LTR/ERVL	2415	-	268	7932748	57429
chr6	169863958	170063958	harbor2	chr6	169865173	169865576	LTR/ERVL	1140	-	202	169865375	1417
chr6	169863958	170063958	harbor2	chr6	169884447	169884920	LTR/ERVL	3129	-	236	169884683	20725
chr6	169863958	170063958	harbor2	chr6	169895324	169895706	LTR/ERVL	1633	-	191	169895515	31557
chr6	166856299	167056299	harbor2	chr6	166910799	166911159	LTR/ERVL	1185	-	180	166910979	54680
chr6	149548477	149748477	harbor2	chr6	149560841	149561022	LTR/ERVL	843	-	90	149560931	12454
chr6	149548477	149748477	harbor2	chr6	149587178	149587996	LTR/ERVL	3602	-	409	149587587	39110
chr6	56921793	57121793	harbor2	chr6	56923502	56923841	LTR/ERVL	1585	-	170	56923672	1879
chr6	56921793	57121793	harbor2	chr6	56924133	56924222	LTR/ERVL	1585	-	44	56924177	2384
chr6	56921793	57121793	harbor2	chr6	56927745	56928448	LTR/ERVL	1196	-	352	56928097	6304
chr6	56921793	57121793	harbor2	chr6	56967174	56967387	LTR/ERVL	695	-	106	56967280	45487
chr6	56921793	57121793	harbor2	chr6	56967408	56967606	LTR/ERVL	543	-	99	56967507	45714
chr6	56921793	57121793	harbor2	chr6	57013119	57013763	LTR/ERVL	1428	-	322	57013441	91648
chr6	149351576	149551576	harbor2	chr6	149425423	149428295	LTR/ERVL	6417	-	1436	149426859	75283
chr6	149351576	149551576	harbor2	chr6	149428445	149429091	LTR/ERVL	1631	-	323	149428768	77192
chr6	149351576	149551576	harbor2	chr6	149440047	149440223	LTR/ERVL	500	-	88	149440135	88559
chr6	105895040	106095040	harbor2	chr6	105939483	105939587	LTR/ERVL	476	-	52	105939535	44495
chr6	105895040	106095040	harbor2	chr6	105950056	105950215	LTR/ERVL	579	-	80	105950136	55096
chr6	105895040	106095040	harbor2	chr6	105950316	105950496	LTR/ERVL	581	-	90	105950406	55366
chr6	158504789	158704789	harbor2	chr6	158574791	158575202	LTR/ERVL	1847	-	206	158574997	70208
chr6	127167589	127367589	harbor2	chr6	127252574	127253082	LTR/ERVL	2904	-	254	127252828	85239
chr6	45541581	45741581	harbor2	chr6	45628430	45628661	LTR/ERVL	837	-	116	45628546	86965
chr6	45541581	45741581	harbor2	chr6	45628707	45628912	LTR/ERVL	488	-	102	45628809	87228
chr6	45541581	45741581	harbor2	chr6	45629508	45629789	LTR/ERVL	1621	-	140	45629648	88067
chr6	45541581	45741581	harbor2	chr6	45630125	45630491	LTR/ERVL	1621	-	183	45630308	88727
chr6	99249452	99449452	harbor2	chr6	99257813	99258235	LTR/ERVL	1428	-	211	99258024	8572
chr6	44238730	44438730	harbor2	chr6	44337259	44337591	LTR/ERVL	937	-	166	44337425	98695
chr6	27416505	27616505	harbor2	chr6	27431819	27432230	LTR/ERVL	1596	-	206	27432025	15520
chr6	27416505	27616505	harbor2	chr6	27512206	27512506	LTR/ERVL	1005	-	150	27512356	95851
chr6	27416505	27616505	harbor2	chr6	27513063	27513513	LTR/ERVL	736	-	225	27513288	96783
chr6	34144727	34344727	harbor2	chr6	34204903	34204926	LTR/ERVL	639	-	12	34204915	60188
chr6	34144727	34344727	harbor2	chr6	34205214	34205451	LTR/ERVL	639	-	118	34205332	60605
chr6	34144727	34344727	harbor2	chr6	34230971	34231337	LTR/ERVL	889	-	183	34231154	86427
chr6	34144727	34344727	harbor2	chr6	34231948	34232014	LTR/ERVL	889	-	33	34231981	87254
chr6	35356242	35556242	harbor2	chr6	35415745	35415778	LTR/ERVL	1973	-	16	35415761	59519
chr6	35356242	35556242	harbor2	chr6	35415804	35416099	LTR/ERVL	1973	-	148	35415952	59710
chr6	35356242	35556242	harbor2	chr6	35416405	35416482	LTR/ERVL	1973	-	38	35416443	60201
chr6	35356242	35556242	harbor2	chr6	35428663	35428847	LTR/ERVL	508	-	92	35428755	72513
chr6	71233331	71433331	harbor2	chr6	71262812	71263001	LTR/ERVL	659	-	94	71262906	29575
chr6	71233331	71433331	harbor2	chr6	71330601	71330994	LTR/ERVL	1126	-	196	71330797	97466
chr6	13613032	13813032	harbor2	chr6	13612975	13613205	LTR/ERVL	1348	-	115	13613090	58
chr6	13613032	13813032	harbor2	chr6	13613241	13613294	LTR/ERVL	571	-	26	13613267	235
chr6	163314629	163514629	harbor2	chr6	163344942	163345223	LTR/ERVL	686	-	140	163345082	30453
chr6	128006768	128206768	harbor2	chr6	128029872	128030291	LTR/ERVL	1512	-	210	128030082	23314
chr6	139275401	139475401	harbor2	chr6	139355909	139356317	LTR/ERVL	2304	-	204	139356113	80712
chr6	139275401	139475401	harbor2	chr6	139357779	139358179	LTR/ERVL	1623	-	200	139357979	82578
chr6	111733310	111933310	harbor2	chr6	111737108	111737880	LTR/ERVL	3870	-	386	111737494	4184
chr6	111733310	111933310	harbor2	chr6	111754048	111754758	LTR/ERVL	2049	-	355	111754403	21093
chr6	111733310	111933310	harbor2	chr6	111808276	111808646	LTR/ERVL	790	-	185	111808461	75151
chr6	139275439	139475439	harbor2	chr6	139355909	139356317	LTR/ERVL	2304	-	204	139356113	80674
chr6	139275439	139475439	harbor2	chr6	139357779	139358179	LTR/ERVL	1623	-	200	139357979	82540
chr6	41092580	41292580	harbor2	chr6	41112854	41112888	LTR/ERVL	3011	-	17	41112871	20291
chr6	41092580	41292580	harbor2	chr6	41112973	41113360	LTR/ERVL	3011	-	194	41113167	20587
chr6	41092580	41292580	harbor2	chr6	41186917	41187028	LTR/ERVL	642	-	56	41186973	94393
chr6	41092580	41292580	harbor2	chr6	41187716	41187970	LTR/ERVL	642	-	127	41187843	95263
chr6	37072384	37272384	harbor2	chr6	37115502	37115720	LTR/ERVL	568	-	109	37115611	43227
chr6	37072384	37272384	harbor2	chr6	37123111	37123523	LTR/ERVL	578	-	206	37123317	50933
chr6	159071496	159271496	harbor2	chr6	159143392	159143879	LTR/ERVL	1339	-	244	159143636	72140
chr6	34138879	34338879	harbor2	chr6	34204903	34204926	LTR/ERVL	639	-	12	34204915	66036
chr6	34138879	34338879	harbor2	chr6	34205214	34205451	LTR/ERVL	639	-	118	34205332	66453
chr6	34138879	34338879	harbor2	chr6	34230971	34231337	LTR/ERVL	889	-	183	34231154	92275
chr6	34138879	34338879	harbor2	chr6	34231948	34232014	LTR/ERVL	889	-	33	34231981	93102
chr6	158436899	158636899	harbor2	chr6	158447854	158448270	LTR/ERVL	708	-	208	158448062	11163
chr6	63473882	63673882	harbor2	chr6	63486345	63486674	LTR/ERVL	697	-	164	63486509	12627
chr6	63473882	63673882	harbor2	chr6	63487270	63487335	LTR/ERVL	570	-	32	63487302	13420
chr6	63473882	63673882	harbor2	chr6	63490751	63491135	LTR/ERVL	2068	-	192	63490943	17061
chr6	63473882	63673882	harbor2	chr6	63507080	63507599	LTR/ERVL	719	-	260	63507340	33458
chr6	63473882	63673882	harbor2	chr6	63566099	63566559	LTR/ERVL	2207	-	230	63566329	92447
chr6	167933183	168133183	harbor2	chr6	167995488	167995935	LTR/ERVL	1184	-	224	167995712	62529
chr6	167933183	168133183	harbor2	chr6	168005507	168005946	LTR/ERVL	3173	-	220	168005727	72544
chr6	146813024	147013024	harbor2	chr6	146830965	146831393	LTR/ERVL	2479	-	214	146831179	18155
chr6	146813024	147013024	harbor2	chr6	146850513	146850978	LTR/ERVL	843	-	232	146850745	37721
chr6	145745469	145945469	harbor2	chr6	145786023	145786037	LTR/ERVL	2711	-	7	145786030	40561
chr6	145745469	145945469	harbor2	chr6	145786076	145786451	LTR/ERVL	2711	-	188	145786264	40795
chr6	145745469	145945469	harbor2	chr6	145786452	145787348	LTR/ERVL	7072	-	448	145786900	41431
chr6	145745469	145945469	harbor2	chr6	145816977	145817416	LTR/ERVL	3326	-	220	145817197	71728
chr6	145745469	145945469	harbor2	chr6	145768028	145768499	LTR/ERVL	2277	-	236	145768264	22795
chr6	27416592	27616592	harbor2	chr6	27431819	27432230	LTR/ERVL	1596	-	206	27432025	15433
chr6	27416592	27616592	harbor2	chr6	27512206	27512506	LTR/ERVL	1005	-	150	27512356	95764
chr6	27416592	27616592	harbor2	chr6	27513063	27513513	LTR/ERVL	736	-	225	27513288	96696
chr6	32753450	32953450	harbor2	chr6	32770102	32770435	LTR/ERVL	1508	-	166	32770268	16818
chr6	32753450	32953450	harbor2	chr6	32792598	32793369	LTR/ERVL	4072	-	386	32792984	39534
chr6	37072379	37272379	harbor2	chr6	37115502	37115720	LTR/ERVL	568	-	109	37115611	43232
chr6	37072379	37272379	harbor2	chr6	37123111	37123523	LTR/ERVL	578	-	206	37123317	50938
chr6	63536599	63736599	harbor2	chr6	63566099	63566559	LTR/ERVL	2207	-	230	63566329	29730
chr6	63536599	63736599	harbor2	chr6	63588116	63588439	LTR/ERVL	460	-	162	63588278	51679
chr6	63536599	63736599	harbor2	chr6	63598416	63598975	LTR/ERVL	1714	-	280	63598696	62097
chr6	63536599	63736599	harbor2	chr6	63620710	63620849	LTR/ERVL	4321	-	70	63620780	84181
chr6	63536599	63736599	harbor2	chr6	63621012	63621736	LTR/ERVL	4321	-	362	63621374	84775
chr6	159410489	159610489	harbor2	chr6	159489545	159490109	LTR/ERVL	1919	-	282	159489827	79338
chr6	159410489	159610489	harbor2	chr6	159508910	159509379	LTR/ERVL	2711	-	234	159509144	98655
chr6	169864558	170064558	harbor2	chr6	169865173	169865576	LTR/ERVL	1140	-	202	169865375	817
chr6	169864558	170064558	harbor2	chr6	169884447	169884920	LTR/ERVL	3129	-	236	169884683	20125
chr6	169864558	170064558	harbor2	chr6	169895324	169895706	LTR/ERVL	1633	-	191	169895515	30957
chr6	52185444	52385444	harbor2	chr6	52245089	52245913	LTR/ERVL	2287	-	412	52245501	60057
chr6	52185444	52385444	harbor2	chr6	52245999	52246104	LTR/ERVL	467	-	52	52246051	60607
chr7	130568331	130768331	harbor2	chr7	130622056	130622248	LTR/ERVL	619	-	96	130622152	53821
chr7	28540595	28740595	harbor2	chr7	28547415	28547698	LTR/ERVL	1832	-	142	28547557	6962
chr7	1312998	1512998	harbor2	chr7	1329131	1329447	LTR/ERVL	534	-	158	1329289	16291
chr7	1312998	1512998	harbor2	chr7	1408785	1409292	LTR/ERVL	1017	-	254	1409039	96041
chr7	1252797	1452797	harbor2	chr7	1329131	1329447	LTR/ERVL	534	-	158	1329289	76492
chr7	39733301	39933301	harbor2	chr7	39771753	39772053	LTR/ERVL	3589	-	150	39771903	38602
chr7	39733301	39933301	harbor2	chr7	39772355	39772656	LTR/ERVL	3589	-	150	39772505	39204
chr7	39733301	39933301	harbor2	chr7	39772947	39773205	LTR/ERVL	3589	-	129	39773076	39775
chr7	39733301	39933301	harbor2	chr7	39783476	39783777	LTR/ERVL	3645	-	150	39783626	50325
chr7	39733301	39933301	harbor2	chr7	39784090	39784159	LTR/ERVL	3645	-	34	39784124	50823
chr7	39733301	39933301	harbor2	chr7	39784467	39784970	LTR/ERVL	3645	-	252	39784719	51418
chr7	39733301	39933301	harbor2	chr7	39822682	39823069	LTR/ERVL	1683	-	194	39822876	89575
chr7	80538527	80738527	harbor2	chr7	80566516	80566616	LTR/ERVL	528	-	50	80566566	28039
chr7	80538527	80738527	harbor2	chr7	80566619	80566869	LTR/ERVL	925	-	125	80566744	28217
chr7	80538527	80738527	harbor2	chr7	80566938	80567650	LTR/ERVL	925	-	356	80567294	28767
chr7	80538527	80738527	harbor2	chr7	80620088	80620852	LTR/ERVL	2789	-	382	80620470	81943
chr7	128310411	128510411	harbor2	chr7	128373747	128374252	LTR/ERVL	3206	-	252	128373999	63588
chr7	1312731	1512731	harbor2	chr7	1329131	1329447	LTR/ERVL	534	-	158	1329289	16558
chr7	1312731	1512731	harbor2	chr7	1408785	1409292	LTR/ERVL	1017	-	254	1409039	96308
chr7	55951704	56151704	harbor2	chr7	56004468	56004567	LTR/ERVL	2093	-	50	56004518	52814
chr7	55951704	56151704	harbor2	chr7	56004873	56005114	LTR/ERVL	2093	-	120	56004993	53289
chr7	55951704	56151704	harbor2	chr7	56005410	56005497	LTR/ERVL	2093	-	44	56005454	53750
chr7	55951704	56151704	harbor2	chr7	56045513	56045604	LTR/ERVL	1276	-	46	56045559	93855
chr7	55951704	56151704	harbor2	chr7	56045916	56046111	LTR/ERVL	1276	-	98	56046014	94310
chr7	55951704	56151704	harbor2	chr7	56046845	56047054	LTR/ERVL	856	-	104	56046949	95245
chr7	149614656	149814656	harbor2	chr7	149640474	149640720	LTR/ERVL	512	-	123	149640597	25941
chr7	149614656	149814656	harbor2	chr7	149641026	149641418	LTR/ERVL	512	-	196	149641222	26566
chr7	149614656	149814656	harbor2	chr7	149642969	149643160	LTR/ERVL	476	-	96	149643065	28409
chr7	149614656	149814656	harbor2	chr7	149643281	149643479	LTR/ERVL	411	-	99	149643380	28724
chr7	149614656	149814656	harbor2	chr7	149644171	149644517	LTR/ERVL	802	-	173	149644344	29688
chr7	149614656	149814656	harbor2	chr7	149677246	149678048	LTR/ERVL	1030	-	401	149677647	62991
chr7	149614656	149814656	harbor2	chr7	149680971	149681634	LTR/ERVL	3454	-	332	149681303	66647
chr7	110297759	110497759	harbor2	chr7	110339731	110340189	LTR/ERVL	1804	-	229	110339960	42201
chr7	44969996	45169996	harbor2	chr7	44984008	44984385	LTR/ERVL	951	-	188	44984196	14200
chr7	44969996	45169996	harbor2	chr7	45051290	45051383	LTR/ERVL	682	-	46	45051336	81340
chr7	44969996	45169996	harbor2	chr7	45051990	45052332	LTR/ERVL	682	-	171	45052161	82165
chr7	44969996	45169996	harbor2	chr7	45052523	45054121	LTR/ERVL	1788	-	799	45053322	83326
chr7	44969996	45169996	harbor2	chr7	45054289	45054421	LTR/ERVL	438	-	66	45054355	84359
chr7	62197525	62397525	harbor2	chr7	62255443	62255827	LTR/ERVL	1536	-	192	62255635	58110
chr7	62197525	62397525	harbor2	chr7	62256212	62256626	LTR/ERVL	1390	-	207	62256419	58894
chr7	156586157	156786157	harbor2	chr7	156611631	156612296	LTR/ERVL	3002	-	332	156611963	25806
chr7	156586157	156786157	harbor2	chr7	156612304	156612428	LTR/ERVL	810	-	62	156612366	26209
chr7	64938036	65138036	harbor2	chr7	65001742	65002088	LTR/ERVL	943	-	173	65001915	63879
chr7	88072268	88272268	harbor2	chr7	88073475	88073961	LTR/ERVL	1939	-	243	88073718	1450
chr7	88072268	88272268	harbor2	chr7	88099185	88099572	LTR/ERVL	1669	-	194	88099379	27111
chr7	28180867	28380867	harbor2	chr7	28232612	28232800	LTR/ERVL	699	-	94	28232706	51839
chr7	28180867	28380867	harbor2	chr7	28233191	28233316	LTR/ERVL	425	-	62	28233253	52386
chr7	47228593	47428593	harbor2	chr7	47248701	47249159	LTR/ERVL	2489	-	229	47248930	20337
chr7	28372783	28572783	harbor2	chr7	28381834	28382509	LTR/ERVL	3956	-	338	28382172	9389
chr7	28372783	28572783	harbor2	chr7	28443051	28443543	LTR/ERVL	2012	-	246	28443297	70514
chr7	28372783	28572783	harbor2	chr7	28452469	28452685	LTR/ERVL	573	-	108	28452577	79794
chr7	28372783	28572783	harbor2	chr7	28452701	28452870	LTR/ERVL	440	-	84	28452785	80002
chr7	155252074	155452074	harbor2	chr7	155322392	155322836	LTR/ERVL	548	-	222	155322614	70540
chr7	1377250	1577250	harbor2	chr7	1408785	1409292	LTR/ERVL	1017	-	254	1409039	31789
chr7	157885917	158085917	harbor2	chr7	157946719	157946968	LTR/ERVL	623	-	124	157946843	60926
chr7	44696599	44896599	harbor2	chr7	44778795	44779325	LTR/ERVL	2777	-	265	44779060	82461
chr7	44696599	44896599	harbor2	chr7	44783740	44783910	LTR/ERVL	631	-	85	44783825	87226
chr7	154596511	154796511	harbor2	chr7	154688484	154688902	LTR/ERVL	2644	-	209	154688693	92182
chr7	155249504	155449504	harbor2	chr7	155322392	155322836	LTR/ERVL	548	-	222	155322614	73110
chr7	103039312	103239312	harbor2	chr7	103065482	103066081	LTR/ERVL	998	-	300	103065782	26470
chr7	47228840	47428840	harbor2	chr7	47248701	47249159	LTR/ERVL	2489	-	229	47248930	20090
chr7	133433043	133633043	harbor2	chr7	133494147	133494324	LTR/ERVL	832	-	88	133494235	61192
chr7	80035782	80235782	harbor2	chr7	80068144	80068374	LTR/ERVL	1522	-	115	80068259	32477
chr7	80035782	80235782	harbor2	chr7	80092556	80092734	LTR/ERVL	499	-	89	80092645	56863
chr7	117804099	118004099	harbor2	chr7	117891252	117891706	LTR/ERVL	2401	-	227	117891479	87380
chr7	47237791	47437791	harbor2	chr7	47248701	47249159	LTR/ERVL	2489	-	229	47248930	11139
chr7	127247874	127447874	harbor2	chr7	127256661	127257120	LTR/ERVL	1634	-	230	127256891	9017
chr7	127247874	127447874	harbor2	chr7	127318701	127319134	LTR/ERVL	3050	-	216	127318917	71043
chr7	127247874	127447874	harbor2	chr7	127346678	127347125	LTR/ERVL	1613	-	224	127346902	99028
chr7	35945695	36145695	harbor2	chr7	36034202	36034638	LTR/ERVL	617	-	218	36034420	88725
chr7	35945695	36145695	harbor2	chr7	36040255	36040822	LTR/ERVL	2462	-	284	36040539	94844
chr7	127545530	127745530	harbor2	chr7	127561378	127561957	LTR/ERVL	2021	-	290	127561668	16138
chr7	127545530	127745530	harbor2	chr7	127564009	127564464	LTR/ERVL	1185	-	228	127564237	18707
chr7	127545530	127745530	harbor2	chr7	127632470	127632950	LTR/ERVL	3122	-	240	127632710	87180
chr7	128101706	128301706	harbor2	chr7	128107184	128107543	LTR/ERVL	684	-	180	128107364	5658
chr7	128101706	128301706	harbor2	chr7	128108197	128108364	LTR/ERVL	464	-	84	128108281	6575
chr7	128101706	128301706	harbor2	chr7	128117679	128118091	LTR/ERVL	1383	-	206	128117885	16179
chr7	128101706	128301706	harbor2	chr7	128158999	128159154	LTR/ERVL	445	-	78	128159077	57371
chr7	128101706	128301706	harbor2	chr7	128172098	128172607	LTR/ERVL	2257	-	254	128172352	70646
chr7	128101706	128301706	harbor2	chr7	128190112	128190473	LTR/ERVL	663	-	180	128190292	88586
chr7	47228278	47428278	harbor2	chr7	47248701	47249159	LTR/ERVL	2489	-	229	47248930	20652
chr7	151659928	151859928	harbor2	chr7	151723084	151723897	LTR/ERVL	3284	-	406	151723490	63562
chr7	151659928	151859928	harbor2	chr7	151724311	151724342	LTR/ERVL	3284	-	16	151724327	64399
chr7	151659928	151859928	harbor2	chr7	151755048	151755280	LTR/ERVL	576	-	116	151755164	95236
chr7	102333445	102533445	harbor2	chr7	102386901	102387342	LTR/ERVL	579	-	220	102387121	53676
chr7	144955897	145155897	harbor2	chr7	144971945	144972458	LTR/ERVL	2347	-	256	144972201	16304
chr7	144955897	145155897	harbor2	chr7	145023511	145023687	LTR/ERVL	599	-	88	145023599	67702
chr7	144955897	145155897	harbor2	chr7	145052788	145053284	LTR/ERVL	1122	-	248	145053036	97139
chr7	144955897	145155897	harbor2	chr7	145053546	145053918	LTR/ERVL	475	-	186	145053732	97835
chr7	144955897	145155897	harbor2	chr7	145055107	145055531	LTR/ERVL	697	-	212	145055319	99422
chr7	28180872	28380872	harbor2	chr7	28232612	28232800	LTR/ERVL	699	-	94	28232706	51834
chr7	28180872	28380872	harbor2	chr7	28233191	28233316	LTR/ERVL	425	-	62	28233253	52381
chr7	103344727	103544727	harbor2	chr7	103351169	103351694	LTR/ERVL	3057	-	262	103351431	6704
chr7	155581114	155781114	harbor2	chr7	155666074	155666515	LTR/ERVL	1934	-	220	155666294	85180
chr7	25329225	25529225	harbor2	chr7	25422017	25422470	LTR/ERVL	1177	-	226	25422243	93018
chr7	33803527	34003527	harbor2	chr7	33859717	33860133	LTR/ERVL	960	-	208	33859925	56398
chr7	33803527	34003527	harbor2	chr7	33861721	33862234	LTR/ERVL	2708	-	256	33861977	58450
chr7	6062335	6262335	harbor2	chr7	6068066	6068138	LTR/ERVL	882	-	36	6068102	5767
chr7	6062335	6262335	harbor2	chr7	6068458	6068490	LTR/ERVL	882	-	16	6068474	6139
chr7	6062335	6262335	harbor2	chr7	6068792	6069028	LTR/ERVL	882	-	118	6068910	6575
chr7	6062335	6262335	harbor2	chr7	6070143	6070215	LTR/ERVL	441	-	36	6070179	7844
chr7	6062335	6262335	harbor2	chr7	6070524	6070565	LTR/ERVL	4940	-	20	6070544	8209
chr7	6062335	6262335	harbor2	chr7	6070880	6071626	LTR/ERVL	4940	-	373	6071253	8918
chr7	6062335	6262335	harbor2	chr7	6072694	6072790	LTR/ERVL	4940	-	48	6072742	10407
chr7	6062335	6262335	harbor2	chr7	6073101	6073177	LTR/ERVL	4940	-	38	6073139	10804
chr7	6062335	6262335	harbor2	chr7	6089337	6089475	LTR/ERVL	510	-	69	6089406	27071
chr7	6062335	6262335	harbor2	chr7	6094581	6094808	LTR/ERVL	954	-	114	6094695	32360
chr7	6062335	6262335	harbor2	chr7	6095088	6095387	LTR/ERVL	954	-	150	6095238	32903
chr7	6062335	6262335	harbor2	chr7	6095683	6095776	LTR/ERVL	954	-	46	6095729	33394
chr7	6062335	6262335	harbor2	chr7	6096061	6096155	LTR/ERVL	954	-	47	6096108	33773
chr7	6062335	6262335	harbor2	chr7	6101144	6101278	LTR/ERVL	440	-	67	6101211	38876
chr7	6062335	6262335	harbor2	chr7	6130806	6131206	LTR/ERVL	1339	-	200	6131006	68671
chr7	122786808	122986808	harbor2	chr7	122841898	122842209	LTR/ERVL	598	-	156	122842054	55246
chr7	122786808	122986808	harbor2	chr7	122851162	122851473	LTR/ERVL	924	-	156	122851318	64510
chr7	52055428	52255428	harbor2	chr7	52074672	52074914	LTR/ERVL	447	-	121	52074793	19365
chr7	52055428	52255428	harbor2	chr7	52078777	52079268	LTR/ERVL	618	-	246	52079023	23595
chr7	47228307	47428307	harbor2	chr7	47248701	47249159	LTR/ERVL	2489	-	229	47248930	20623
chr7	1313057	1513057	harbor2	chr7	1329131	1329447	LTR/ERVL	534	-	158	1329289	16232
chr7	1313057	1513057	harbor2	chr7	1408785	1409292	LTR/ERVL	1017	-	254	1409039	95982
chr7	75462	275462	harbor2	chr7	153889	154303	LTR/ERVL	681	-	207	154096	78634
chr7	108470639	108670639	harbor2	chr7	108537961	108538095	LTR/ERVL	1023	-	67	108538028	67389
chr7	82696059	82896059	harbor2	chr7	82708647	82708925	LTR/ERVL	667	-	139	82708786	12727
chr7	124001724	124201724	harbor2	chr7	124065692	124065842	LTR/ERVL	545	-	75	124065767	64043
chr7	124001724	124201724	harbor2	chr7	124065916	124066409	LTR/ERVL	1030	-	246	124066162	64438
chr7	90145186	90345186	harbor2	chr7	90223141	90223659	LTR/ERVL	1858	-	259	90223400	78214
chr7	47228323	47428323	harbor2	chr7	47248701	47249159	LTR/ERVL	2489	-	229	47248930	20607
chr7	17290481	17490481	harbor2	chr7	17357987	17358378	LTR/ERVL	1592	-	196	17358183	67702
chr7	32629540	32829540	harbor2	chr7	32692564	32692771	LTR/ERVL	871	-	104	32692668	63128
chr7	32629540	32829540	harbor2	chr7	32693147	32693327	LTR/ERVL	871	-	90	32693237	63697
chr7	28134889	28334889	harbor2	chr7	28232612	28232800	LTR/ERVL	699	-	94	28232706	97817
chr7	28134889	28334889	harbor2	chr7	28233191	28233316	LTR/ERVL	425	-	62	28233253	98364
chr7	6060392	6260392	harbor2	chr7	6068066	6068138	LTR/ERVL	882	-	36	6068102	7710
chr7	6060392	6260392	harbor2	chr7	6068458	6068490	LTR/ERVL	882	-	16	6068474	8082
chr7	6060392	6260392	harbor2	chr7	6068792	6069028	LTR/ERVL	882	-	118	6068910	8518
chr7	6060392	6260392	harbor2	chr7	6070143	6070215	LTR/ERVL	441	-	36	6070179	9787
chr7	6060392	6260392	harbor2	chr7	6070524	6070565	LTR/ERVL	4940	-	20	6070544	10152
chr7	6060392	6260392	harbor2	chr7	6070880	6071626	LTR/ERVL	4940	-	373	6071253	10861
chr7	6060392	6260392	harbor2	chr7	6072694	6072790	LTR/ERVL	4940	-	48	6072742	12350
chr7	6060392	6260392	harbor2	chr7	6073101	6073177	LTR/ERVL	4940	-	38	6073139	12747
chr7	6060392	6260392	harbor2	chr7	6089337	6089475	LTR/ERVL	510	-	69	6089406	29014
chr7	6060392	6260392	harbor2	chr7	6094581	6094808	LTR/ERVL	954	-	114	6094695	34303
chr7	6060392	6260392	harbor2	chr7	6095088	6095387	LTR/ERVL	954	-	150	6095238	34846
chr7	6060392	6260392	harbor2	chr7	6095683	6095776	LTR/ERVL	954	-	46	6095729	35337
chr7	6060392	6260392	harbor2	chr7	6096061	6096155	LTR/ERVL	954	-	47	6096108	35716
chr7	6060392	6260392	harbor2	chr7	6101144	6101278	LTR/ERVL	440	-	67	6101211	40819
chr7	6060392	6260392	harbor2	chr7	6130806	6131206	LTR/ERVL	1339	-	200	6131006	70614
chr7	141412330	141612330	harbor2	chr7	141482602	141483246	LTR/ERVL	2881	-	322	141482924	70594
chr7	252668	452668	harbor2	chr7	337634	337786	LTR/ERVL	484	-	76	337710	85042
chr7	157237066	157437066	harbor2	chr7	157287667	157287702	LTR/ERVL	1493	-	18	157287685	50619
chr7	157237066	157437066	harbor2	chr7	157288736	157289148	LTR/ERVL	1493	-	206	157288942	51876
chr7	1375015	1575015	harbor2	chr7	1408785	1409292	LTR/ERVL	1017	-	254	1409039	34024
chr7	140418858	140618858	harbor2	chr7	140420032	140420138	LTR/ERVL	968	-	53	140420085	1227
chr7	140418858	140618858	harbor2	chr7	140420449	140420668	LTR/ERVL	968	-	110	140420559	1701
chr7	44696579	44896579	harbor2	chr7	44778795	44779325	LTR/ERVL	2777	-	265	44779060	82481
chr7	44696579	44896579	harbor2	chr7	44783740	44783910	LTR/ERVL	631	-	85	44783825	87246
chr7	122791479	122991479	harbor2	chr7	122841898	122842209	LTR/ERVL	598	-	156	122842054	50575
chr7	122791479	122991479	harbor2	chr7	122851162	122851473	LTR/ERVL	924	-	156	122851318	59839
chr7	1374783	1574783	harbor2	chr7	1408785	1409292	LTR/ERVL	1017	-	254	1409039	34256
chr7	1400012	1600012	harbor2	chr7	1408785	1409292	LTR/ERVL	1017	-	254	1409039	9027
chr7	47246812	47446812	harbor2	chr7	47248701	47249159	LTR/ERVL	2489	-	229	47248930	2118
chr7	126687671	126887671	harbor2	chr7	126706203	126706686	LTR/ERVL	2032	-	242	126706445	18774
chr8	142532499	142732499	harbor2	chr8	142606889	142607038	LTR/ERVL	445	-	74	142606963	74464
chr8	142532499	142732499	harbor2	chr8	142607706	142607930	LTR/ERVL	603	-	112	142607818	75319
chr8	142532499	142732499	harbor2	chr8	142631629	142631864	LTR/ERVL	630	-	118	142631747	99248
chr8	38171447	38371447	harbor2	chr8	38183977	38184184	LTR/ERVL	598	-	104	38184081	12634
chr8	38171447	38371447	harbor2	chr8	38184505	38184578	LTR/ERVL	598	-	36	38184541	13094
chr8	38171447	38371447	harbor2	chr8	38184609	38184807	LTR/ERVL	504	-	99	38184708	13261
chr8	38171447	38371447	harbor2	chr8	38224258	38224457	LTR/ERVL	2802	-	100	38224358	52911
chr8	38171447	38371447	harbor2	chr8	38224458	38224775	LTR/ERVL	1942	-	158	38224616	53169
chr8	38171447	38371447	harbor2	chr8	38225713	38227140	LTR/ERVL	8671	-	714	38226427	54980
chr8	38171447	38371447	harbor2	chr8	38227141	38227277	LTR/ERVL	794	-	68	38227209	55762
chr8	38171447	38371447	harbor2	chr8	38223631	38223951	LTR/ERVL	2802	-	160	38223791	52344
chr8	23428835	23628835	harbor2	chr8	23525765	23526229	LTR/ERVL	929	-	232	23525997	97162
chr8	38170645	38370645	harbor2	chr8	38183977	38184184	LTR/ERVL	598	-	104	38184081	13436
chr8	38170645	38370645	harbor2	chr8	38184505	38184578	LTR/ERVL	598	-	36	38184541	13896
chr8	38170645	38370645	harbor2	chr8	38184609	38184807	LTR/ERVL	504	-	99	38184708	14063
chr8	38170645	38370645	harbor2	chr8	38224258	38224457	LTR/ERVL	2802	-	100	38224358	53713
chr8	38170645	38370645	harbor2	chr8	38224458	38224775	LTR/ERVL	1942	-	158	38224616	53971
chr8	38170645	38370645	harbor2	chr8	38225713	38227140	LTR/ERVL	8671	-	714	38226427	55782
chr8	38170645	38370645	harbor2	chr8	38227141	38227277	LTR/ERVL	794	-	68	38227209	56564
chr8	38170645	38370645	harbor2	chr8	38223631	38223951	LTR/ERVL	2802	-	160	38223791	53146
chr8	23428830	23628830	harbor2	chr8	23525765	23526229	LTR/ERVL	929	-	232	23525997	97167
chr8	23428848	23628848	harbor2	chr8	23525765	23526229	LTR/ERVL	929	-	232	23525997	97149
chr8	23428832	23628832	harbor2	chr8	23525765	23526229	LTR/ERVL	929	-	232	23525997	97165
chr8	29983316	30183316	harbor2	chr8	30053914	30054441	LTR/ERVL	2276	-	264	30054178	70862
chr8	29983316	30183316	harbor2	chr8	30055359	30055741	LTR/ERVL	901	-	191	30055550	72234
chr8	29983316	30183316	harbor2	chr8	30056355	30056856	LTR/ERVL	1774	-	250	30056605	73289
chr8	29983316	30183316	harbor2	chr8	30057374	30058176	LTR/ERVL	4431	-	401	30057775	74459
chr8	29983316	30183316	harbor2	chr8	30059381	30059945	LTR/ERVL	3505	-	282	30059663	76347
chr8	29983316	30183316	harbor2	chr8	30060256	30060391	LTR/ERVL	3505	-	68	30060324	77008
chr8	29983316	30183316	harbor2	chr8	30060540	30061491	LTR/ERVL	3798	-	476	30061016	77700
chr8	23430921	23630921	harbor2	chr8	23525765	23526229	LTR/ERVL	929	-	232	23525997	95076
chr8	85146187	85346187	harbor2	chr8	85233428	85233851	LTR/ERVL	1628	-	212	85233640	87453
chr8	85146187	85346187	harbor2	chr8	85233848	85234304	LTR/ERVL	1684	-	228	85234076	87889
chr8	23430734	23630734	harbor2	chr8	23525765	23526229	LTR/ERVL	929	-	232	23525997	95263
chr8	600247	800247	harbor2	chr8	660712	661064	LTR/ERVL	530	-	176	660888	60641
chr8	100622149	100822149	harbor2	chr8	100644442	100644657	LTR/ERVL	461	-	108	100644550	22401
chr8	100622149	100822149	harbor2	chr8	100644963	100645083	LTR/ERVL	461	-	60	100645023	22874
chr8	23429310	23629310	harbor2	chr8	23525765	23526229	LTR/ERVL	929	-	232	23525997	96687
chr8	38169609	38369609	harbor2	chr8	38183977	38184184	LTR/ERVL	598	-	104	38184081	14472
chr8	38169609	38369609	harbor2	chr8	38184505	38184578	LTR/ERVL	598	-	36	38184541	14932
chr8	38169609	38369609	harbor2	chr8	38184609	38184807	LTR/ERVL	504	-	99	38184708	15099
chr8	38169609	38369609	harbor2	chr8	38224258	38224457	LTR/ERVL	2802	-	100	38224358	54749
chr8	38169609	38369609	harbor2	chr8	38224458	38224775	LTR/ERVL	1942	-	158	38224616	55007
chr8	38169609	38369609	harbor2	chr8	38225713	38227140	LTR/ERVL	8671	-	714	38226427	56818
chr8	38169609	38369609	harbor2	chr8	38227141	38227277	LTR/ERVL	794	-	68	38227209	57600
chr8	38169609	38369609	harbor2	chr8	38223631	38223951	LTR/ERVL	2802	-	160	38223791	54182
chr8	23428822	23628822	harbor2	chr8	23525765	23526229	LTR/ERVL	929	-	232	23525997	97175
chr8	90970532	91170532	harbor2	chr8	91003909	91003948	LTR/ERVL	2784	-	20	91003929	33397
chr8	90970532	91170532	harbor2	chr8	91004023	91004505	LTR/ERVL	2784	-	241	91004264	33732
chr8	38169193	38369193	harbor2	chr8	38183977	38184184	LTR/ERVL	598	-	104	38184081	14888
chr8	38169193	38369193	harbor2	chr8	38184505	38184578	LTR/ERVL	598	-	36	38184541	15348
chr8	38169193	38369193	harbor2	chr8	38184609	38184807	LTR/ERVL	504	-	99	38184708	15515
chr8	38169193	38369193	harbor2	chr8	38224258	38224457	LTR/ERVL	2802	-	100	38224358	55165
chr8	38169193	38369193	harbor2	chr8	38224458	38224775	LTR/ERVL	1942	-	158	38224616	55423
chr8	38169193	38369193	harbor2	chr8	38225713	38227140	LTR/ERVL	8671	-	714	38226427	57234
chr8	38169193	38369193	harbor2	chr8	38227141	38227277	LTR/ERVL	794	-	68	38227209	58016
chr8	38169193	38369193	harbor2	chr8	38223631	38223951	LTR/ERVL	2802	-	160	38223791	54598
chr8	143729578	143929578	harbor2	chr8	143744356	143745215	LTR/ERVL	1192	-	430	143744786	15208
chr8	143729578	143929578	harbor2	chr8	143755107	143755358	LTR/ERVL	1421	-	126	143755233	25655
chr8	143729578	143929578	harbor2	chr8	143755664	143755954	LTR/ERVL	1421	-	145	143755809	26231
chr8	143729578	143929578	harbor2	chr8	143756322	143756696	LTR/ERVL	1977	-	187	143756509	26931
chr8	143729578	143929578	harbor2	chr8	143756989	143757333	LTR/ERVL	1977	-	172	143757161	27583
chr8	143729578	143929578	harbor2	chr8	143757637	143757659	LTR/ERVL	1977	-	11	143757648	28070
chr8	143729578	143929578	harbor2	chr8	143757808	143758138	LTR/ERVL	1977	-	165	143757973	28395
chr8	143729578	143929578	harbor2	chr8	143759512	143760187	LTR/ERVL	1657	-	338	143759850	30272
chr8	143729578	143929578	harbor2	chr8	143762628	143762818	LTR/ERVL	612	-	95	143762723	33145
chr8	23428834	23628834	harbor2	chr8	23525765	23526229	LTR/ERVL	929	-	232	23525997	97163
chr8	42041484	42241484	harbor2	chr8	42066407	42067283	LTR/ERVL	2092	-	438	42066845	25361
chr8	42041484	42241484	harbor2	chr8	42067593	42067775	LTR/ERVL	2092	-	91	42067684	26200
chr8	42041484	42241484	harbor2	chr8	42068078	42068326	LTR/ERVL	2092	-	124	42068202	26718
chr8	42041484	42241484	harbor2	chr8	42101116	42101278	LTR/ERVL	733	-	81	42101197	59713
chr8	42041484	42241484	harbor2	chr8	42102990	42103147	LTR/ERVL	784	-	78	42103068	61584
chr8	42041484	42241484	harbor2	chr8	42119456	42119643	LTR/ERVL	677	-	94	42119550	78066
chr8	42041484	42241484	harbor2	chr8	42123668	42124049	LTR/ERVL	816	-	190	42123858	82374
chr8	38171509	38371509	harbor2	chr8	38183977	38184184	LTR/ERVL	598	-	104	38184081	12572
chr8	38171509	38371509	harbor2	chr8	38184505	38184578	LTR/ERVL	598	-	36	38184541	13032
chr8	38171509	38371509	harbor2	chr8	38184609	38184807	LTR/ERVL	504	-	99	38184708	13199
chr8	38171509	38371509	harbor2	chr8	38224258	38224457	LTR/ERVL	2802	-	100	38224358	52849
chr8	38171509	38371509	harbor2	chr8	38224458	38224775	LTR/ERVL	1942	-	158	38224616	53107
chr8	38171509	38371509	harbor2	chr8	38225713	38227140	LTR/ERVL	8671	-	714	38226427	54918
chr8	38171509	38371509	harbor2	chr8	38227141	38227277	LTR/ERVL	794	-	68	38227209	55700
chr8	38171509	38371509	harbor2	chr8	38223631	38223951	LTR/ERVL	2802	-	160	38223791	52282
chr8	23430616	23630616	harbor2	chr8	23525765	23526229	LTR/ERVL	929	-	232	23525997	95381
chr8	23428887	23628887	harbor2	chr8	23525765	23526229	LTR/ERVL	929	-	232	23525997	97110
chr8	23428847	23628847	harbor2	chr8	23525765	23526229	LTR/ERVL	929	-	232	23525997	97150
chr8	23429171	23629171	harbor2	chr8	23525765	23526229	LTR/ERVL	929	-	232	23525997	96826
chr8	23428810	23628810	harbor2	chr8	23525765	23526229	LTR/ERVL	929	-	232	23525997	97187
chr8	23428878	23628878	harbor2	chr8	23525765	23526229	LTR/ERVL	929	-	232	23525997	97119
chr8	144678130	144878130	harbor2	chr8	144757381	144757513	LTR/ERVL	1283	-	66	144757447	79317
chr8	144678130	144878130	harbor2	chr8	144757820	144758215	LTR/ERVL	1283	-	198	144758018	79888
chr8	96337693	96537693	harbor2	chr8	96361570	96362352	LTR/ERVL	2592	-	391	96361961	24268
chr8	96337693	96537693	harbor2	chr8	96366224	96366320	LTR/ERVL	705	-	48	96366272	28579
chr8	96337693	96537693	harbor2	chr8	96366806	96366897	LTR/ERVL	705	-	46	96366852	29159
chr8	96337693	96537693	harbor2	chr8	96422090	96422546	LTR/ERVL	2014	-	228	96422318	84625
chr8	38191547	38391547	harbor2	chr8	38224258	38224457	LTR/ERVL	2802	-	100	38224358	32811
chr8	38191547	38391547	harbor2	chr8	38224458	38224775	LTR/ERVL	1942	-	158	38224616	33069
chr8	38191547	38391547	harbor2	chr8	38225713	38227140	LTR/ERVL	8671	-	714	38226427	34880
chr8	38191547	38391547	harbor2	chr8	38227141	38227277	LTR/ERVL	794	-	68	38227209	35662
chr8	38191547	38391547	harbor2	chr8	38223631	38223951	LTR/ERVL	2802	-	160	38223791	32244
chr8	57813008	58013008	harbor2	chr8	57836198	57836739	LTR/ERVL	2549	-	270	57836468	23460
chr8	57813008	58013008	harbor2	chr8	57912009	57912290	LTR/ERVL	651	-	140	57912149	99141
chr8	142525412	142725412	harbor2	chr8	142606889	142607038	LTR/ERVL	445	-	74	142606963	81551
chr8	142525412	142725412	harbor2	chr8	142607706	142607930	LTR/ERVL	603	-	112	142607818	82406
chr8	23430801	23630801	harbor2	chr8	23525765	23526229	LTR/ERVL	929	-	232	23525997	95196
chr8	23428837	23628837	harbor2	chr8	23525765	23526229	LTR/ERVL	929	-	232	23525997	97160
chr8	23428831	23628831	harbor2	chr8	23525765	23526229	LTR/ERVL	929	-	232	23525997	97166
chr8	38169189	38369189	harbor2	chr8	38183977	38184184	LTR/ERVL	598	-	104	38184081	14892
chr8	38169189	38369189	harbor2	chr8	38184505	38184578	LTR/ERVL	598	-	36	38184541	15352
chr8	38169189	38369189	harbor2	chr8	38184609	38184807	LTR/ERVL	504	-	99	38184708	15519
chr8	38169189	38369189	harbor2	chr8	38224258	38224457	LTR/ERVL	2802	-	100	38224358	55169
chr8	38169189	38369189	harbor2	chr8	38224458	38224775	LTR/ERVL	1942	-	158	38224616	55427
chr8	38169189	38369189	harbor2	chr8	38225713	38227140	LTR/ERVL	8671	-	714	38226427	57238
chr8	38169189	38369189	harbor2	chr8	38227141	38227277	LTR/ERVL	794	-	68	38227209	58020
chr8	38169189	38369189	harbor2	chr8	38223631	38223951	LTR/ERVL	2802	-	160	38223791	54602
chr8	38178632	38378632	harbor2	chr8	38183977	38184184	LTR/ERVL	598	-	104	38184081	5449
chr8	38178632	38378632	harbor2	chr8	38184505	38184578	LTR/ERVL	598	-	36	38184541	5909
chr8	38178632	38378632	harbor2	chr8	38184609	38184807	LTR/ERVL	504	-	99	38184708	6076
chr8	38178632	38378632	harbor2	chr8	38224258	38224457	LTR/ERVL	2802	-	100	38224358	45726
chr8	38178632	38378632	harbor2	chr8	38224458	38224775	LTR/ERVL	1942	-	158	38224616	45984
chr8	38178632	38378632	harbor2	chr8	38225713	38227140	LTR/ERVL	8671	-	714	38226427	47795
chr8	38178632	38378632	harbor2	chr8	38227141	38227277	LTR/ERVL	794	-	68	38227209	48577
chr8	38178632	38378632	harbor2	chr8	38223631	38223951	LTR/ERVL	2802	-	160	38223791	45159
chr8	23430721	23630721	harbor2	chr8	23525765	23526229	LTR/ERVL	929	-	232	23525997	95276
chr8	23123866	23323866	harbor2	chr8	23151850	23152669	LTR/ERVL	2365	-	410	23152260	28394
chr8	23123866	23323866	harbor2	chr8	23190684	23191219	LTR/ERVL	2138	-	268	23190952	67086
chr8	23428811	23628811	harbor2	chr8	23525765	23526229	LTR/ERVL	929	-	232	23525997	97186
chr8	142524861	142724861	harbor2	chr8	142606889	142607038	LTR/ERVL	445	-	74	142606963	82102
chr8	142524861	142724861	harbor2	chr8	142607706	142607930	LTR/ERVL	603	-	112	142607818	82957
chr8	38171668	38371668	harbor2	chr8	38183977	38184184	LTR/ERVL	598	-	104	38184081	12413
chr8	38171668	38371668	harbor2	chr8	38184505	38184578	LTR/ERVL	598	-	36	38184541	12873
chr8	38171668	38371668	harbor2	chr8	38184609	38184807	LTR/ERVL	504	-	99	38184708	13040
chr8	38171668	38371668	harbor2	chr8	38224258	38224457	LTR/ERVL	2802	-	100	38224358	52690
chr8	38171668	38371668	harbor2	chr8	38224458	38224775	LTR/ERVL	1942	-	158	38224616	52948
chr8	38171668	38371668	harbor2	chr8	38225713	38227140	LTR/ERVL	8671	-	714	38226427	54759
chr8	38171668	38371668	harbor2	chr8	38227141	38227277	LTR/ERVL	794	-	68	38227209	55541
chr8	38171668	38371668	harbor2	chr8	38223631	38223951	LTR/ERVL	2802	-	160	38223791	52123
chr8	42040637	42240637	harbor2	chr8	42066407	42067283	LTR/ERVL	2092	-	438	42066845	26208
chr8	42040637	42240637	harbor2	chr8	42067593	42067775	LTR/ERVL	2092	-	91	42067684	27047
chr8	42040637	42240637	harbor2	chr8	42068078	42068326	LTR/ERVL	2092	-	124	42068202	27565
chr8	42040637	42240637	harbor2	chr8	42101116	42101278	LTR/ERVL	733	-	81	42101197	60560
chr8	42040637	42240637	harbor2	chr8	42102990	42103147	LTR/ERVL	784	-	78	42103068	62431
chr8	42040637	42240637	harbor2	chr8	42119456	42119643	LTR/ERVL	677	-	94	42119550	78913
chr8	42040637	42240637	harbor2	chr8	42123668	42124049	LTR/ERVL	816	-	190	42123858	83221
chr8	23428838	23628838	harbor2	chr8	23525765	23526229	LTR/ERVL	929	-	232	23525997	97159
chr8	23429250	23629250	harbor2	chr8	23525765	23526229	LTR/ERVL	929	-	232	23525997	96747
chr8	23428888	23628888	harbor2	chr8	23525765	23526229	LTR/ERVL	929	-	232	23525997	97109
chr8	600334	800334	harbor2	chr8	660712	661064	LTR/ERVL	530	-	176	660888	60554
chr8	60554292	60754292	harbor2	chr8	60633063	60633287	LTR/ERVL	437	-	112	60633175	78883
chr8	38169171	38369171	harbor2	chr8	38183977	38184184	LTR/ERVL	598	-	104	38184081	14910
chr8	38169171	38369171	harbor2	chr8	38184505	38184578	LTR/ERVL	598	-	36	38184541	15370
chr8	38169171	38369171	harbor2	chr8	38184609	38184807	LTR/ERVL	504	-	99	38184708	15537
chr8	38169171	38369171	harbor2	chr8	38224258	38224457	LTR/ERVL	2802	-	100	38224358	55187
chr8	38169171	38369171	harbor2	chr8	38224458	38224775	LTR/ERVL	1942	-	158	38224616	55445
chr8	38169171	38369171	harbor2	chr8	38225713	38227140	LTR/ERVL	8671	-	714	38226427	57256
chr8	38169171	38369171	harbor2	chr8	38227141	38227277	LTR/ERVL	794	-	68	38227209	58038
chr8	38169171	38369171	harbor2	chr8	38223631	38223951	LTR/ERVL	2802	-	160	38223791	54620
chr8	142524868	142724868	harbor2	chr8	142606889	142607038	LTR/ERVL	445	-	74	142606963	82095
chr8	142524868	142724868	harbor2	chr8	142607706	142607930	LTR/ERVL	603	-	112	142607818	82950
chr8	23428787	23628787	harbor2	chr8	23525765	23526229	LTR/ERVL	929	-	232	23525997	97210
chr8	23428812	23628812	harbor2	chr8	23525765	23526229	LTR/ERVL	929	-	232	23525997	97185
chr8	10626848	10826848	harbor2	chr8	10668093	10668343	LTR/ERVL	812	-	125	10668218	41370
chr8	10626848	10826848	harbor2	chr8	10668399	10668564	LTR/ERVL	805	-	82	10668481	41633
chr8	10626848	10826848	harbor2	chr8	10711920	10712308	LTR/ERVL	2823	-	194	10712114	85266
chr8	10626848	10826848	harbor2	chr8	10633078	10633419	LTR/ERVL	624	-	170	10633248	6400
chr8	23428873	23628873	harbor2	chr8	23525765	23526229	LTR/ERVL	929	-	232	23525997	97124
chr8	29996669	30196669	harbor2	chr8	30053914	30054441	LTR/ERVL	2276	-	264	30054178	57509
chr8	29996669	30196669	harbor2	chr8	30055359	30055741	LTR/ERVL	901	-	191	30055550	58881
chr8	29996669	30196669	harbor2	chr8	30056355	30056856	LTR/ERVL	1774	-	250	30056605	59936
chr8	29996669	30196669	harbor2	chr8	30057374	30058176	LTR/ERVL	4431	-	401	30057775	61106
chr8	29996669	30196669	harbor2	chr8	30059381	30059945	LTR/ERVL	3505	-	282	30059663	62994
chr8	29996669	30196669	harbor2	chr8	30060256	30060391	LTR/ERVL	3505	-	68	30060324	63655
chr8	29996669	30196669	harbor2	chr8	30060540	30061491	LTR/ERVL	3798	-	476	30061016	64347
chr8	29996669	30196669	harbor2	chr8	30084138	30084252	LTR/ERVL	1119	-	57	30084195	87526
chr8	29996669	30196669	harbor2	chr8	30084539	30084633	LTR/ERVL	1119	-	47	30084586	87917
chr8	29996669	30196669	harbor2	chr8	30086512	30086702	LTR/ERVL	492	-	95	30086607	89938
chr8	29996669	30196669	harbor2	chr8	30086703	30086914	LTR/ERVL	1087	-	106	30086809	90140
chr8	97521189	97721189	harbor2	chr8	97572489	97572877	LTR/ERVL	969	-	194	97572683	51494
chr8	97521189	97721189	harbor2	chr8	97574350	97574749	LTR/ERVL	1081	-	200	97574550	53361
chr8	97521189	97721189	harbor2	chr8	97575103	97575234	LTR/ERVL	1081	-	66	97575169	53980
chr8	97521189	97721189	harbor2	chr8	97580588	97580835	LTR/ERVL	970	-	124	97580712	59523
chr8	97521189	97721189	harbor2	chr8	97596208	97596599	LTR/ERVL	1250	-	196	97596404	75215
chr8	97521189	97721189	harbor2	chr8	97597105	97597177	LTR/ERVL	563	-	36	97597141	75952
chr8	23430877	23630877	harbor2	chr8	23525765	23526229	LTR/ERVL	929	-	232	23525997	95120
chr8	124796970	124996970	harbor2	chr8	124798043	124798427	LTR/ERVL	1142	-	192	124798235	1265
chr8	124796970	124996970	harbor2	chr8	124805318	124805553	LTR/ERVL	795	-	118	124805436	8466
chr8	124796970	124996970	harbor2	chr8	124857217	124857672	LTR/ERVL	664	-	228	124857445	60475
chr8	124796970	124996970	harbor2	chr8	124884054	124884318	LTR/ERVL	1032	-	132	124884186	87216
chr8	124796970	124996970	harbor2	chr8	124885458	124885697	LTR/ERVL	718	-	120	124885578	88608
chr8	124796970	124996970	harbor2	chr8	124885696	124886037	LTR/ERVL	4002	-	170	124885866	88896
chr8	124796970	124996970	harbor2	chr8	124886335	124887214	LTR/ERVL	4002	-	440	124886775	89805
chr8	124796970	124996970	harbor2	chr8	124887510	124887556	LTR/ERVL	4002	-	23	124887533	90563
chr8	124796970	124996970	harbor2	chr8	124887665	124889001	LTR/ERVL	4002	-	668	124888333	91363
chr8	124796970	124996970	harbor2	chr8	124889036	124889425	LTR/ERVL	1143	-	194	124889230	92260
chr8	23440530	23640530	harbor2	chr8	23525765	23526229	LTR/ERVL	929	-	232	23525997	85467
chr8	42040654	42240654	harbor2	chr8	42066407	42067283	LTR/ERVL	2092	-	438	42066845	26191
chr8	42040654	42240654	harbor2	chr8	42067593	42067775	LTR/ERVL	2092	-	91	42067684	27030
chr8	42040654	42240654	harbor2	chr8	42068078	42068326	LTR/ERVL	2092	-	124	42068202	27548
chr8	42040654	42240654	harbor2	chr8	42101116	42101278	LTR/ERVL	733	-	81	42101197	60543
chr8	42040654	42240654	harbor2	chr8	42102990	42103147	LTR/ERVL	784	-	78	42103068	62414
chr8	42040654	42240654	harbor2	chr8	42119456	42119643	LTR/ERVL	677	-	94	42119550	78896
chr8	42040654	42240654	harbor2	chr8	42123668	42124049	LTR/ERVL	816	-	190	42123858	83204
chr8	23429402	23629402	harbor2	chr8	23525765	23526229	LTR/ERVL	929	-	232	23525997	96595
chr8	99034843	99234843	harbor2	chr8	99125013	99125558	LTR/ERVL	2129	-	272	99125285	90442
chr8	142531182	142731182	harbor2	chr8	142606889	142607038	LTR/ERVL	445	-	74	142606963	75781
chr8	142531182	142731182	harbor2	chr8	142607706	142607930	LTR/ERVL	603	-	112	142607818	76636
chr8	142674582	142874582	harbor2	chr8	142693657	142693961	LTR/ERVL	1192	-	152	142693809	19227
chr8	142525400	142725400	harbor2	chr8	142606889	142607038	LTR/ERVL	445	-	74	142606963	81563
chr8	142525400	142725400	harbor2	chr8	142607706	142607930	LTR/ERVL	603	-	112	142607818	82418
chr8	81621343	81821343	harbor2	chr8	81629938	81630162	LTR/ERVL	777	-	112	81630050	8707
chr8	81621343	81821343	harbor2	chr8	81630184	81630371	LTR/ERVL	710	-	94	81630278	8935
chr8	81621343	81821343	harbor2	chr8	81684050	81684108	LTR/ERVL	821	-	29	81684079	62736
chr8	143958765	144158765	harbor2	chr8	144010430	144010593	LTR/ERVL	868	-	82	144010512	51747
chr8	143958765	144158765	harbor2	chr8	144010912	144011161	LTR/ERVL	868	-	124	144011036	52271
chr8	142524867	142724867	harbor2	chr8	142606889	142607038	LTR/ERVL	445	-	74	142606963	82096
chr8	142524867	142724867	harbor2	chr8	142607706	142607930	LTR/ERVL	603	-	112	142607818	82951
chr8	23428886	23628886	harbor2	chr8	23525765	23526229	LTR/ERVL	929	-	232	23525997	97111
chr8	61402299	61602299	harbor2	chr8	61413328	61413484	LTR/ERVL	932	-	78	61413406	11107
chr8	61402299	61602299	harbor2	chr8	61413540	61413869	LTR/ERVL	1826	-	164	61413704	11405
chr8	61402299	61602299	harbor2	chr8	61444548	61445088	LTR/ERVL	2265	-	270	61444818	42519
chr8	61402299	61602299	harbor2	chr8	61497113	61497517	LTR/ERVL	1453	-	202	61497315	95016
chr8	61402299	61602299	harbor2	chr8	61498192	61498424	LTR/ERVL	800	-	116	61498308	96009
chr8	90971180	91171180	harbor2	chr8	91003909	91003948	LTR/ERVL	2784	-	20	91003929	32749
chr8	90971180	91171180	harbor2	chr8	91004023	91004505	LTR/ERVL	2784	-	241	91004264	33084
chr8	85146249	85346249	harbor2	chr8	85233428	85233851	LTR/ERVL	1628	-	212	85233640	87391
chr8	85146249	85346249	harbor2	chr8	85233848	85234304	LTR/ERVL	1684	-	228	85234076	87827
chr8	85145757	85345757	harbor2	chr8	85233428	85233851	LTR/ERVL	1628	-	212	85233640	87883
chr8	85145757	85345757	harbor2	chr8	85233848	85234304	LTR/ERVL	1684	-	228	85234076	88319
chr8	600587	800587	harbor2	chr8	660712	661064	LTR/ERVL	530	-	176	660888	60301
chr8	142524847	142724847	harbor2	chr8	142606889	142607038	LTR/ERVL	445	-	74	142606963	82116
chr8	142524847	142724847	harbor2	chr8	142607706	142607930	LTR/ERVL	603	-	112	142607818	82971
chr8	54199923	54399923	harbor2	chr8	54241817	54241974	LTR/ERVL	646	-	78	54241895	41972
chr8	54199923	54399923	harbor2	chr8	54242461	54242605	LTR/ERVL	646	-	72	54242533	42610
chr8	54199923	54399923	harbor2	chr8	54294355	54294569	LTR/ERVL	766	-	107	54294462	94539
chr8	78098264	78298264	harbor2	chr8	78135575	78135792	LTR/ERVL	593	-	108	78135683	37419
chr8	78098264	78298264	harbor2	chr8	78135803	78135928	LTR/ERVL	613	-	62	78135865	37601
chr8	78098264	78298264	harbor2	chr8	78136018	78136252	LTR/ERVL	767	-	117	78136135	37871
chr8	78098264	78298264	harbor2	chr8	78136595	78137015	LTR/ERVL	1150	-	210	78136805	38541
chr8	78098264	78298264	harbor2	chr8	78137012	78138004	LTR/ERVL	1248	-	496	78137508	39244
chr8	78098264	78298264	harbor2	chr8	78138016	78138453	LTR/ERVL	992	-	218	78138234	39970
chr8	78098264	78298264	harbor2	chr8	78142435	78142519	LTR/ERVL	717	-	42	78142477	44213
chr8	78098264	78298264	harbor2	chr8	78142847	78142998	LTR/ERVL	717	-	76	78142923	44659
chr8	78098264	78298264	harbor2	chr8	78187451	78187892	LTR/ERVL	3113	-	220	78187671	89407
chr8	78098264	78298264	harbor2	chr8	78135208	78135518	LTR/ERVL	876	-	155	78135363	37099
chr8	78098264	78298264	harbor2	chr8	78183721	78187450	LTR/ERVL	28213	-	1864	78185585	87321
chr8	38169198	38369198	harbor2	chr8	38183977	38184184	LTR/ERVL	598	-	104	38184081	14883
chr8	38169198	38369198	harbor2	chr8	38184505	38184578	LTR/ERVL	598	-	36	38184541	15343
chr8	38169198	38369198	harbor2	chr8	38184609	38184807	LTR/ERVL	504	-	99	38184708	15510
chr8	38169198	38369198	harbor2	chr8	38224258	38224457	LTR/ERVL	2802	-	100	38224358	55160
chr8	38169198	38369198	harbor2	chr8	38224458	38224775	LTR/ERVL	1942	-	158	38224616	55418
chr8	38169198	38369198	harbor2	chr8	38225713	38227140	LTR/ERVL	8671	-	714	38226427	57229
chr8	38169198	38369198	harbor2	chr8	38227141	38227277	LTR/ERVL	794	-	68	38227209	58011
chr8	38169198	38369198	harbor2	chr8	38223631	38223951	LTR/ERVL	2802	-	160	38223791	54593
chr8	23429413	23629413	harbor2	chr8	23525765	23526229	LTR/ERVL	929	-	232	23525997	96584
chr8	23428927	23628927	harbor2	chr8	23525765	23526229	LTR/ERVL	929	-	232	23525997	97070
chr8	18018662	18218662	harbor2	chr8	18030710	18031200	LTR/ERVL	1100	-	245	18030955	12293
chr8	18018662	18218662	harbor2	chr8	18054291	18054624	LTR/ERVL	849	-	166	18054457	35795
chr8	18018662	18218662	harbor2	chr8	18106643	18106723	LTR/ERVL	629	-	40	18106683	88021
chr8	18018662	18218662	harbor2	chr8	18106787	18109297	LTR/ERVL	19906	-	1255	18108042	89380
chr8	38172311	38372311	harbor2	chr8	38183977	38184184	LTR/ERVL	598	-	104	38184081	11770
chr8	38172311	38372311	harbor2	chr8	38184505	38184578	LTR/ERVL	598	-	36	38184541	12230
chr8	38172311	38372311	harbor2	chr8	38184609	38184807	LTR/ERVL	504	-	99	38184708	12397
chr8	38172311	38372311	harbor2	chr8	38224258	38224457	LTR/ERVL	2802	-	100	38224358	52047
chr8	38172311	38372311	harbor2	chr8	38224458	38224775	LTR/ERVL	1942	-	158	38224616	52305
chr8	38172311	38372311	harbor2	chr8	38225713	38227140	LTR/ERVL	8671	-	714	38226427	54116
chr8	38172311	38372311	harbor2	chr8	38227141	38227277	LTR/ERVL	794	-	68	38227209	54898
chr8	38172311	38372311	harbor2	chr8	38223631	38223951	LTR/ERVL	2802	-	160	38223791	51480
chr8	38169192	38369192	harbor2	chr8	38183977	38184184	LTR/ERVL	598	-	104	38184081	14889
chr8	38169192	38369192	harbor2	chr8	38184505	38184578	LTR/ERVL	598	-	36	38184541	15349
chr8	38169192	38369192	harbor2	chr8	38184609	38184807	LTR/ERVL	504	-	99	38184708	15516
chr8	38169192	38369192	harbor2	chr8	38224258	38224457	LTR/ERVL	2802	-	100	38224358	55166
chr8	38169192	38369192	harbor2	chr8	38224458	38224775	LTR/ERVL	1942	-	158	38224616	55424
chr8	38169192	38369192	harbor2	chr8	38225713	38227140	LTR/ERVL	8671	-	714	38226427	57235
chr8	38169192	38369192	harbor2	chr8	38227141	38227277	LTR/ERVL	794	-	68	38227209	58017
chr8	38169192	38369192	harbor2	chr8	38223631	38223951	LTR/ERVL	2802	-	160	38223791	54599
chr8	100622158	100822158	harbor2	chr8	100644442	100644657	LTR/ERVL	461	-	108	100644550	22392
chr8	100622158	100822158	harbor2	chr8	100644963	100645083	LTR/ERVL	461	-	60	100645023	22865
chr8	134491303	134691303	harbor2	chr8	134554963	134555517	LTR/ERVL	2911	-	277	134555240	63937
chr8	29983254	30183254	harbor2	chr8	30053914	30054441	LTR/ERVL	2276	-	264	30054178	70924
chr8	29983254	30183254	harbor2	chr8	30055359	30055741	LTR/ERVL	901	-	191	30055550	72296
chr8	29983254	30183254	harbor2	chr8	30056355	30056856	LTR/ERVL	1774	-	250	30056605	73351
chr8	29983254	30183254	harbor2	chr8	30057374	30058176	LTR/ERVL	4431	-	401	30057775	74521
chr8	29983254	30183254	harbor2	chr8	30059381	30059945	LTR/ERVL	3505	-	282	30059663	76409
chr8	29983254	30183254	harbor2	chr8	30060256	30060391	LTR/ERVL	3505	-	68	30060324	77070
chr8	29983254	30183254	harbor2	chr8	30060540	30061491	LTR/ERVL	3798	-	476	30061016	77762
chr8	23428893	23628893	harbor2	chr8	23525765	23526229	LTR/ERVL	929	-	232	23525997	97104
chr8	81789753	81989753	harbor2	chr8	81880472	81880744	LTR/ERVL	811	-	136	81880608	90855
chr8	81789753	81989753	harbor2	chr8	81881056	81881217	LTR/ERVL	811	-	80	81881136	91383
chr8	81789753	81989753	harbor2	chr8	81881675	81881905	LTR/ERVL	632	-	115	81881790	92037
chr8	142635847	142835847	harbor2	chr8	142693657	142693961	LTR/ERVL	1192	-	152	142693809	57962
chr8	23428926	23628926	harbor2	chr8	23525765	23526229	LTR/ERVL	929	-	232	23525997	97071
chr8	142525343	142725343	harbor2	chr8	142606889	142607038	LTR/ERVL	445	-	74	142606963	81620
chr8	142525343	142725343	harbor2	chr8	142607706	142607930	LTR/ERVL	603	-	112	142607818	82475
chr8	38169188	38369188	harbor2	chr8	38183977	38184184	LTR/ERVL	598	-	104	38184081	14893
chr8	38169188	38369188	harbor2	chr8	38184505	38184578	LTR/ERVL	598	-	36	38184541	15353
chr8	38169188	38369188	harbor2	chr8	38184609	38184807	LTR/ERVL	504	-	99	38184708	15520
chr8	38169188	38369188	harbor2	chr8	38224258	38224457	LTR/ERVL	2802	-	100	38224358	55170
chr8	38169188	38369188	harbor2	chr8	38224458	38224775	LTR/ERVL	1942	-	158	38224616	55428
chr8	38169188	38369188	harbor2	chr8	38225713	38227140	LTR/ERVL	8671	-	714	38226427	57239
chr8	38169188	38369188	harbor2	chr8	38227141	38227277	LTR/ERVL	794	-	68	38227209	58021
chr8	38169188	38369188	harbor2	chr8	38223631	38223951	LTR/ERVL	2802	-	160	38223791	54603
chr8	29983321	30183321	harbor2	chr8	30053914	30054441	LTR/ERVL	2276	-	264	30054178	70857
chr8	29983321	30183321	harbor2	chr8	30055359	30055741	LTR/ERVL	901	-	191	30055550	72229
chr8	29983321	30183321	harbor2	chr8	30056355	30056856	LTR/ERVL	1774	-	250	30056605	73284
chr8	29983321	30183321	harbor2	chr8	30057374	30058176	LTR/ERVL	4431	-	401	30057775	74454
chr8	29983321	30183321	harbor2	chr8	30059381	30059945	LTR/ERVL	3505	-	282	30059663	76342
chr8	29983321	30183321	harbor2	chr8	30060256	30060391	LTR/ERVL	3505	-	68	30060324	77003
chr8	29983321	30183321	harbor2	chr8	30060540	30061491	LTR/ERVL	3798	-	476	30061016	77695
chr8	102557133	102757133	harbor2	chr8	102569109	102569600	LTR/ERVL	909	-	246	102569355	12222
chr8	102557133	102757133	harbor2	chr8	102576844	102577258	LTR/ERVL	1058	-	207	102577051	19918
chr8	102557133	102757133	harbor2	chr8	102632156	102632551	LTR/ERVL	554	-	198	102632354	75221
chr8	143978595	144178595	harbor2	chr8	144010430	144010593	LTR/ERVL	868	-	82	144010512	31917
chr8	143978595	144178595	harbor2	chr8	144010912	144011161	LTR/ERVL	868	-	124	144011036	32441
chr8	143978595	144178595	harbor2	chr8	144069786	144070251	LTR/ERVL	2316	-	232	144070018	91423
chr8	142528666	142728666	harbor2	chr8	142606889	142607038	LTR/ERVL	445	-	74	142606963	78297
chr8	142528666	142728666	harbor2	chr8	142607706	142607930	LTR/ERVL	603	-	112	142607818	79152
chr8	144801613	145001613	harbor2	chr8	144825512	144825980	LTR/ERVL	1738	-	234	144825746	24133
chr8	143150227	143350227	harbor2	chr8	143161840	143162179	LTR/ERVL	851	-	170	143162010	11783
chr8	144048018	144248018	harbor2	chr8	144069786	144070251	LTR/ERVL	2316	-	232	144070018	22000
chr8	144048018	144248018	harbor2	chr8	144117382	144117537	LTR/ERVL	811	-	78	144117460	69442
chr8	144048018	144248018	harbor2	chr8	144117941	144118122	LTR/ERVL	708	-	90	144118031	70013
chr8	144048018	144248018	harbor2	chr8	144130664	144130739	LTR/ERVL	1867	-	38	144130702	82684
chr8	144048018	144248018	harbor2	chr8	144131025	144131359	LTR/ERVL	1867	-	167	144131192	83174
chr8	42041611	42241611	harbor2	chr8	42066407	42067283	LTR/ERVL	2092	-	438	42066845	25234
chr8	42041611	42241611	harbor2	chr8	42067593	42067775	LTR/ERVL	2092	-	91	42067684	26073
chr8	42041611	42241611	harbor2	chr8	42068078	42068326	LTR/ERVL	2092	-	124	42068202	26591
chr8	42041611	42241611	harbor2	chr8	42101116	42101278	LTR/ERVL	733	-	81	42101197	59586
chr8	42041611	42241611	harbor2	chr8	42102990	42103147	LTR/ERVL	784	-	78	42103068	61457
chr8	42041611	42241611	harbor2	chr8	42119456	42119643	LTR/ERVL	677	-	94	42119550	77939
chr8	42041611	42241611	harbor2	chr8	42123668	42124049	LTR/ERVL	816	-	190	42123858	82247
chr8	96961343	97161343	harbor2	chr8	96994258	96994670	LTR/ERVL	1596	-	206	96994464	33121
chr8	38215555	38415555	harbor2	chr8	38224258	38224457	LTR/ERVL	2802	-	100	38224358	8803
chr8	38215555	38415555	harbor2	chr8	38224458	38224775	LTR/ERVL	1942	-	158	38224616	9061
chr8	38215555	38415555	harbor2	chr8	38225713	38227140	LTR/ERVL	8671	-	714	38226427	10872
chr8	38215555	38415555	harbor2	chr8	38227141	38227277	LTR/ERVL	794	-	68	38227209	11654
chr8	38215555	38415555	harbor2	chr8	38223631	38223951	LTR/ERVL	2802	-	160	38223791	8236
chr8	23431204	23631204	harbor2	chr8	23525765	23526229	LTR/ERVL	929	-	232	23525997	94793
chr8	23428900	23628900	harbor2	chr8	23525765	23526229	LTR/ERVL	929	-	232	23525997	97097
chr8	100622167	100822167	harbor2	chr8	100644442	100644657	LTR/ERVL	461	-	108	100644550	22383
chr8	100622167	100822167	harbor2	chr8	100644963	100645083	LTR/ERVL	461	-	60	100645023	22856
chr8	94973524	95173524	harbor2	chr8	95017347	95017539	LTR/ERVL	548	-	96	95017443	43919
chr8	94973524	95173524	harbor2	chr8	95010787	95011140	LTR/ERVL	967	-	176	95010963	37439
chr8	23429267	23629267	harbor2	chr8	23525765	23526229	LTR/ERVL	929	-	232	23525997	96730
chr8	66406890	66606890	harbor2	chr8	66418163	66418570	LTR/ERVL	1054	-	204	66418367	11477
chr8	66406890	66606890	harbor2	chr8	66424784	66425012	LTR/ERVL	495	-	114	66424898	18008
chr8	23428736	23628736	harbor2	chr8	23525765	23526229	LTR/ERVL	929	-	232	23525997	97261
chr8	143825669	144025669	harbor2	chr8	143908696	143909115	LTR/ERVL	2037	-	210	143908906	83237
chr8	144691904	144891904	harbor2	chr8	144757381	144757513	LTR/ERVL	1283	-	66	144757447	65543
chr8	144691904	144891904	harbor2	chr8	144757820	144758215	LTR/ERVL	1283	-	198	144758018	66114
chr9	136670195	136870195	harbor2	chr9	136721038	136721550	LTR/ERVL	1668	-	256	136721294	51099
chr9	4770890	4970890	harbor2	chr9	4861091	4861489	LTR/ERVL	1203	-	199	4861290	90400
chr9	4884805	5084805	harbor2	chr9	4885489	4885609	LTR/ERVL	557	-	60	4885549	744
chr9	4884805	5084805	harbor2	chr9	4921881	4922374	LTR/ERVL	2778	-	246	4922127	37322
chr9	4884804	5084804	harbor2	chr9	4885489	4885609	LTR/ERVL	557	-	60	4885549	745
chr9	4884804	5084804	harbor2	chr9	4921881	4922374	LTR/ERVL	2778	-	246	4922127	37323
chr9	16305865	16505865	harbor2	chr9	16339237	16339541	LTR/ERVL	553	-	152	16339389	33524
chr9	4884747	5084747	harbor2	chr9	4885489	4885609	LTR/ERVL	557	-	60	4885549	802
chr9	4884747	5084747	harbor2	chr9	4921881	4922374	LTR/ERVL	2778	-	246	4922127	37380
chr9	4884773	5084773	harbor2	chr9	4885489	4885609	LTR/ERVL	557	-	60	4885549	776
chr9	4884773	5084773	harbor2	chr9	4921881	4922374	LTR/ERVL	2778	-	246	4922127	37354
chr9	4884793	5084793	harbor2	chr9	4885489	4885609	LTR/ERVL	557	-	60	4885549	756
chr9	4884793	5084793	harbor2	chr9	4921881	4922374	LTR/ERVL	2778	-	246	4922127	37334
chr9	100253009	100453009	harbor2	chr9	100285471	100285946	LTR/ERVL	2076	-	238	100285709	32700
chr9	4884841	5084841	harbor2	chr9	4885489	4885609	LTR/ERVL	557	-	60	4885549	708
chr9	4884841	5084841	harbor2	chr9	4921881	4922374	LTR/ERVL	2778	-	246	4922127	37286
chr9	4884813	5084813	harbor2	chr9	4885489	4885609	LTR/ERVL	557	-	60	4885549	736
chr9	4884813	5084813	harbor2	chr9	4921881	4922374	LTR/ERVL	2778	-	246	4922127	37314
chr9	4884788	5084788	harbor2	chr9	4885489	4885609	LTR/ERVL	557	-	60	4885549	761
chr9	4884788	5084788	harbor2	chr9	4921881	4922374	LTR/ERVL	2778	-	246	4922127	37339
chr9	4884790	5084790	harbor2	chr9	4885489	4885609	LTR/ERVL	557	-	60	4885549	759
chr9	4884790	5084790	harbor2	chr9	4921881	4922374	LTR/ERVL	2778	-	246	4922127	37337
chr9	34146713	34346713	harbor2	chr9	34158413	34158616	LTR/ERVL	1559	-	102	34158515	11802
chr9	34146713	34346713	harbor2	chr9	34159002	34159261	LTR/ERVL	1559	-	130	34159132	12419
chr9	34146713	34346713	harbor2	chr9	34159339	34159524	LTR/ERVL	1805	-	92	34159431	12718
chr9	34146713	34346713	harbor2	chr9	34159821	34159909	LTR/ERVL	1805	-	44	34159865	13152
chr9	34146713	34346713	harbor2	chr9	34160211	34160336	LTR/ERVL	1805	-	62	34160273	13560
chr9	34146713	34346713	harbor2	chr9	34160696	34161001	LTR/ERVL	1805	-	152	34160848	14135
chr9	34146713	34346713	harbor2	chr9	34161312	34161501	LTR/ERVL	1805	-	94	34161406	14693
chr9	34146713	34346713	harbor2	chr9	34162097	34162422	LTR/ERVL	3320	-	162	34162259	15546
chr9	34146713	34346713	harbor2	chr9	34162694	34162987	LTR/ERVL	3320	-	146	34162840	16127
chr9	34146713	34346713	harbor2	chr9	34163315	34163957	LTR/ERVL	3320	-	321	34163636	16923
chr9	34146713	34346713	harbor2	chr9	34164257	34164413	LTR/ERVL	3320	-	78	34164335	17622
chr9	34146713	34346713	harbor2	chr9	34165656	34165972	LTR/ERVL	3320	-	158	34165814	19101
chr9	34146713	34346713	harbor2	chr9	34167152	34167246	LTR/ERVL	883	-	47	34167199	20486
chr9	34146713	34346713	harbor2	chr9	34167539	34167748	LTR/ERVL	883	-	104	34167643	20930
chr9	34146713	34346713	harbor2	chr9	34167783	34168025	LTR/ERVL	721	-	121	34167904	21191
chr9	34146713	34346713	harbor2	chr9	34168037	34168326	LTR/ERVL	965	-	144	34168181	21468
chr9	34146713	34346713	harbor2	chr9	34193846	34194101	LTR/ERVL	1487	-	128	34193974	47261
chr9	34146713	34346713	harbor2	chr9	34201587	34202127	LTR/ERVL	2694	-	270	34201857	55144
chr9	34146713	34346713	harbor2	chr9	34202134	34202173	LTR/ERVL	1080	-	20	34202154	55441
chr9	34146713	34346713	harbor2	chr9	34202432	34202624	LTR/ERVL	1080	-	96	34202528	55815
chr9	34146713	34346713	harbor2	chr9	34202679	34202714	LTR/ERVL	1080	-	18	34202697	55984
chr9	34146713	34346713	harbor2	chr9	34193336	34193852	LTR/ERVL	2152	-	258	34193594	46881
chr9	4884785	5084785	harbor2	chr9	4885489	4885609	LTR/ERVL	557	-	60	4885549	764
chr9	4884785	5084785	harbor2	chr9	4921881	4922374	LTR/ERVL	2778	-	246	4922127	37342
chr9	4885814	5085814	harbor2	chr9	4921881	4922374	LTR/ERVL	2778	-	246	4922127	36313
chr9	68662242	68862242	harbor2	chr9	68689076	68689482	LTR/ERVL	1336	-	203	68689279	27037
chr9	4886412	5086412	harbor2	chr9	4921881	4922374	LTR/ERVL	2778	-	246	4922127	35715
chr9	4884783	5084783	harbor2	chr9	4885489	4885609	LTR/ERVL	557	-	60	4885549	766
chr9	4884783	5084783	harbor2	chr9	4921881	4922374	LTR/ERVL	2778	-	246	4922127	37344
chr9	32688006	32888006	harbor2	chr9	32722421	32722860	LTR/ERVL	1256	-	220	32722641	34635
chr9	32688006	32888006	harbor2	chr9	32754546	32755031	LTR/ERVL	1295	-	242	32754788	66782
chr9	32688006	32888006	harbor2	chr9	32764885	32765330	LTR/ERVL	1146	-	222	32765107	77101
chr9	32688006	32888006	harbor2	chr9	32776062	32776178	LTR/ERVL	698	-	58	32776120	88114
chr9	32688006	32888006	harbor2	chr9	32776614	32776992	LTR/ERVL	698	-	189	32776803	88797
chr9	4884822	5084822	harbor2	chr9	4885489	4885609	LTR/ERVL	557	-	60	4885549	727
chr9	4884822	5084822	harbor2	chr9	4921881	4922374	LTR/ERVL	2778	-	246	4922127	37305
chr9	5892798	6092798	harbor2	chr9	5894275	5894902	LTR/ERVL	829	-	314	5894589	1791
chr9	4886118	5086118	harbor2	chr9	4921881	4922374	LTR/ERVL	2778	-	246	4922127	36009
chr9	91845860	92045860	harbor2	chr9	91860425	91860909	LTR/ERVL	2154	-	242	91860667	14807
chr9	68605578	68805578	harbor2	chr9	68689076	68689482	LTR/ERVL	1336	-	203	68689279	83701
chr9	4884810	5084810	harbor2	chr9	4885489	4885609	LTR/ERVL	557	-	60	4885549	739
chr9	4884810	5084810	harbor2	chr9	4921881	4922374	LTR/ERVL	2778	-	246	4922127	37317
chr9	4884787	5084787	harbor2	chr9	4885489	4885609	LTR/ERVL	557	-	60	4885549	762
chr9	4884787	5084787	harbor2	chr9	4921881	4922374	LTR/ERVL	2778	-	246	4922127	37340
chr9	35836326	36036326	harbor2	chr9	35857659	35858092	LTR/ERVL	1014	-	216	35857875	21549
chr9	35836326	36036326	harbor2	chr9	35858391	35858441	LTR/ERVL	1014	-	25	35858416	22090
chr9	4884811	5084811	harbor2	chr9	4885489	4885609	LTR/ERVL	557	-	60	4885549	738
chr9	4884811	5084811	harbor2	chr9	4921881	4922374	LTR/ERVL	2778	-	246	4922127	37316
chr9	4884812	5084812	harbor2	chr9	4885489	4885609	LTR/ERVL	557	-	60	4885549	737
chr9	4884812	5084812	harbor2	chr9	4921881	4922374	LTR/ERVL	2778	-	246	4922127	37315
chr9	4884741	5084741	harbor2	chr9	4885489	4885609	LTR/ERVL	557	-	60	4885549	808
chr9	4884741	5084741	harbor2	chr9	4921881	4922374	LTR/ERVL	2778	-	246	4922127	37386
chr9	136403289	136603289	harbor2	chr9	136492890	136493324	LTR/ERVL	860	-	217	136493107	89818
chr9	115857318	116057318	harbor2	chr9	115879333	115879794	LTR/ERVL	736	-	230	115879563	22245
chr9	126307232	126507232	harbor2	chr9	126348902	126349426	LTR/ERVL	1702	-	262	126349164	41932
chr9	4884717	5084717	harbor2	chr9	4885489	4885609	LTR/ERVL	557	-	60	4885549	832
chr9	4884717	5084717	harbor2	chr9	4921881	4922374	LTR/ERVL	2778	-	246	4922127	37410
chr9	4886228	5086228	harbor2	chr9	4921881	4922374	LTR/ERVL	2778	-	246	4922127	35899
chr9	4884728	5084728	harbor2	chr9	4885489	4885609	LTR/ERVL	557	-	60	4885549	821
chr9	4884728	5084728	harbor2	chr9	4921881	4922374	LTR/ERVL	2778	-	246	4922127	37399
chr9	83717793	83917793	harbor2	chr9	83717716	83717958	LTR/ERVL	1172	-	121	83717837	44
chr9	83717793	83917793	harbor2	chr9	83719550	83719669	LTR/ERVL	7578	-	60	83719610	1817
chr9	83717793	83917793	harbor2	chr9	83720007	83720408	LTR/ERVL	7578	-	200	83720207	2414
chr9	83717793	83917793	harbor2	chr9	83722322	83723872	LTR/ERVL	4897	-	775	83723097	5304
chr9	83717793	83917793	harbor2	chr9	83723888	83723946	LTR/ERVL	1414	-	29	83723917	6124
chr9	83717793	83917793	harbor2	chr9	83724251	83724536	LTR/ERVL	1414	-	142	83724393	6600
chr9	83717793	83917793	harbor2	chr9	83720723	83722319	LTR/ERVL	7578	-	798	83721521	3728
chr9	4885225	5085225	harbor2	chr9	4885489	4885609	LTR/ERVL	557	-	60	4885549	324
chr9	4885225	5085225	harbor2	chr9	4921881	4922374	LTR/ERVL	2778	-	246	4922127	36902
chr9	4884786	5084786	harbor2	chr9	4885489	4885609	LTR/ERVL	557	-	60	4885549	763
chr9	4884786	5084786	harbor2	chr9	4921881	4922374	LTR/ERVL	2778	-	246	4922127	37341
chr9	4884857	5084857	harbor2	chr9	4885489	4885609	LTR/ERVL	557	-	60	4885549	692
chr9	4884857	5084857	harbor2	chr9	4921881	4922374	LTR/ERVL	2778	-	246	4922127	37270
chr9	113087955	113287955	harbor2	chr9	113159549	113159892	LTR/ERVL	3265	-	172	113159721	71766
chr9	113087955	113287955	harbor2	chr9	113160212	113160366	LTR/ERVL	3265	-	77	113160289	72334
chr9	113087955	113287955	harbor2	chr9	113160605	113160901	LTR/ERVL	3265	-	148	113160753	72798
chr9	4884757	5084757	harbor2	chr9	4885489	4885609	LTR/ERVL	557	-	60	4885549	792
chr9	4884757	5084757	harbor2	chr9	4921881	4922374	LTR/ERVL	2778	-	246	4922127	37370
chr9	137327951	137527951	harbor2	chr9	137341344	137341531	LTR/ERVL	647	-	94	137341438	13487
chr9	137327951	137527951	harbor2	chr9	137342394	137342749	LTR/ERVL	1256	-	178	137342572	14621
chr9	137327951	137527951	harbor2	chr9	137343230	137343575	LTR/ERVL	1663	-	172	137343402	15451
chr9	137327951	137527951	harbor2	chr9	137344191	137344331	LTR/ERVL	1663	-	70	137344261	16310
chr9	137327951	137527951	harbor2	chr9	137357664	137357699	LTR/ERVL	2877	-	18	137357682	29731
chr9	137327951	137527951	harbor2	chr9	137357757	137358147	LTR/ERVL	2877	-	195	137357952	30001
chr9	4886219	5086219	harbor2	chr9	4921881	4922374	LTR/ERVL	2778	-	246	4922127	35908
chr9	4884862	5084862	harbor2	chr9	4885489	4885609	LTR/ERVL	557	-	60	4885549	687
chr9	4884862	5084862	harbor2	chr9	4921881	4922374	LTR/ERVL	2778	-	246	4922127	37265
chr9	4768126	4968126	harbor2	chr9	4861091	4861489	LTR/ERVL	1203	-	199	4861290	93164
chr9	134238720	134438720	harbor2	chr9	134290389	134290849	LTR/ERVL	1644	-	230	134290619	51899
chr9	134238720	134438720	harbor2	chr9	134295070	134295224	LTR/ERVL	561	-	77	134295147	56427
chr9	4885989	5085989	harbor2	chr9	4921881	4922374	LTR/ERVL	2778	-	246	4922127	36138
chr9	4990107	5190107	harbor2	chr9	4999504	4999680	LTR/ERVL	1213	-	88	4999592	9485
chr9	4990107	5190107	harbor2	chr9	5000794	5001012	LTR/ERVL	847	-	109	5000903	10796
chr9	113066015	113266015	harbor2	chr9	113159549	113159892	LTR/ERVL	3265	-	172	113159721	93706
chr9	113066015	113266015	harbor2	chr9	113160212	113160366	LTR/ERVL	3265	-	77	113160289	94274
chr9	113066015	113266015	harbor2	chr9	113160605	113160901	LTR/ERVL	3265	-	148	113160753	94738
chr9	6956424	7156424	harbor2	chr9	6965441	6965933	LTR/ERVL	1347	-	246	6965687	9263
chr9	4884744	5084744	harbor2	chr9	4885489	4885609	LTR/ERVL	557	-	60	4885549	805
chr9	4884744	5084744	harbor2	chr9	4921881	4922374	LTR/ERVL	2778	-	246	4922127	37383
chr9	89263404	89463404	harbor2	chr9	89354219	89354765	LTR/ERVL	2634	-	273	89354492	91088
chr9	5032863	5232863	harbor2	chr9	5122565	5122688	LTR/ERVL	760	-	62	5122627	89764
chr9	5032863	5232863	harbor2	chr9	5122686	5122908	LTR/ERVL	1218	-	111	5122797	89934
chr9	136448633	136648633	harbor2	chr9	136492890	136493324	LTR/ERVL	860	-	217	136493107	44474
chr9	133637396	133837396	harbor2	chr9	133638454	133638668	LTR/ERVL	878	-	107	133638561	1165
chr9	133637396	133837396	harbor2	chr9	133640726	133641066	LTR/ERVL	1157	-	170	133640896	3500
chr9	136450518	136650518	harbor2	chr9	136492890	136493324	LTR/ERVL	860	-	217	136493107	42589
chr9	83717736	83917736	harbor2	chr9	83717716	83717958	LTR/ERVL	1172	-	121	83717837	101
chr9	83717736	83917736	harbor2	chr9	83719550	83719669	LTR/ERVL	7578	-	60	83719610	1874
chr9	83717736	83917736	harbor2	chr9	83720007	83720408	LTR/ERVL	7578	-	200	83720207	2471
chr9	83717736	83917736	harbor2	chr9	83722322	83723872	LTR/ERVL	4897	-	775	83723097	5361
chr9	83717736	83917736	harbor2	chr9	83723888	83723946	LTR/ERVL	1414	-	29	83723917	6181
chr9	83717736	83917736	harbor2	chr9	83724251	83724536	LTR/ERVL	1414	-	142	83724393	6657
chr9	83717736	83917736	harbor2	chr9	83720723	83722319	LTR/ERVL	7578	-	798	83721521	3785
chr9	4885834	5085834	harbor2	chr9	4921881	4922374	LTR/ERVL	2778	-	246	4922127	36293
chr9	94066300	94266300	harbor2	chr9	94077229	94077984	LTR/ERVL	4084	-	378	94077607	11307
chr9	94066300	94266300	harbor2	chr9	94150298	94150762	LTR/ERVL	2394	-	232	94150530	84230
chr9	94066300	94266300	harbor2	chr9	94160031	94160526	LTR/ERVL	2479	-	248	94160279	93979
chr9	68655476	68855476	harbor2	chr9	68689076	68689482	LTR/ERVL	1336	-	203	68689279	33803
chr9	4884821	5084821	harbor2	chr9	4885489	4885609	LTR/ERVL	557	-	60	4885549	728
chr9	4884821	5084821	harbor2	chr9	4921881	4922374	LTR/ERVL	2778	-	246	4922127	37306
chr9	4991439	5191439	harbor2	chr9	4999504	4999680	LTR/ERVL	1213	-	88	4999592	8153
chr9	4991439	5191439	harbor2	chr9	5000794	5001012	LTR/ERVL	847	-	109	5000903	9464
chr9	112387609	112587609	harbor2	chr9	112472566	112472814	LTR/ERVL	880	-	124	112472690	85081
chr9	4884854	5084854	harbor2	chr9	4885489	4885609	LTR/ERVL	557	-	60	4885549	695
chr9	4884854	5084854	harbor2	chr9	4921881	4922374	LTR/ERVL	2778	-	246	4922127	37273
chr9	4884876	5084876	harbor2	chr9	4885489	4885609	LTR/ERVL	557	-	60	4885549	673
chr9	4884876	5084876	harbor2	chr9	4921881	4922374	LTR/ERVL	2778	-	246	4922127	37251
chr9	35698455	35898455	harbor2	chr9	35775185	35775554	LTR/ERVL	1088	-	184	35775369	76914
chr9	4884809	5084809	harbor2	chr9	4885489	4885609	LTR/ERVL	557	-	60	4885549	740
chr9	4884809	5084809	harbor2	chr9	4921881	4922374	LTR/ERVL	2778	-	246	4922127	37318
chr9	125647137	125847137	harbor2	chr9	125739140	125739789	LTR/ERVL	1710	-	324	125739464	92327
chr9	4886126	5086126	harbor2	chr9	4921881	4922374	LTR/ERVL	2778	-	246	4922127	36001
chr9	88952836	89152836	harbor2	chr9	88955166	88955407	LTR/ERVL	677	-	120	88955286	2450
chr9	88952836	89152836	harbor2	chr9	88987285	88987695	LTR/ERVL	1322	-	205	88987490	34654
chr9	89263414	89463414	harbor2	chr9	89354219	89354765	LTR/ERVL	2634	-	273	89354492	91078
chr9	4885722	5085722	harbor2	chr9	4921881	4922374	LTR/ERVL	2778	-	246	4922127	36405
chr9	4885228	5085228	harbor2	chr9	4885489	4885609	LTR/ERVL	557	-	60	4885549	321
chr9	4885228	5085228	harbor2	chr9	4921881	4922374	LTR/ERVL	2778	-	246	4922127	36899
chr9	4889537	5089537	harbor2	chr9	4921881	4922374	LTR/ERVL	2778	-	246	4922127	32590
chr9	4885594	5085594	harbor2	chr9	4885489	4885609	LTR/ERVL	557	-	60	4885549	45
chr9	4885594	5085594	harbor2	chr9	4921881	4922374	LTR/ERVL	2778	-	246	4922127	36533
chr9	6313278	6513278	harbor2	chr9	6359681	6359945	LTR/ERVL	703	-	132	6359813	46535
chr9	6313278	6513278	harbor2	chr9	6360268	6360358	LTR/ERVL	703	-	45	6360313	47035
chr9	6313278	6513278	harbor2	chr9	6360840	6362691	LTR/ERVL	1340	-	926	6361766	48488
chr9	6313278	6513278	harbor2	chr9	6363057	6363168	LTR/ERVL	633	-	56	6363113	49835
chr9	6313278	6513278	harbor2	chr9	6364359	6364625	LTR/ERVL	633	-	133	6364492	51214
chr9	35726185	35926185	harbor2	chr9	35775185	35775554	LTR/ERVL	1088	-	184	35775369	49184
chr9	19131608	19331608	harbor2	chr9	19151345	19151727	LTR/ERVL	1636	-	191	19151536	19928
chr9	115443159	115643159	harbor2	chr9	115479905	115480408	LTR/ERVL	1999	-	252	115480157	36998
chr9	4884814	5084814	harbor2	chr9	4885489	4885609	LTR/ERVL	557	-	60	4885549	735
chr9	4884814	5084814	harbor2	chr9	4921881	4922374	LTR/ERVL	2778	-	246	4922127	37313
chr9	79474112	79674112	harbor2	chr9	79521168	79521749	LTR/ERVL	2353	-	290	79521458	47346
chr9	79474112	79674112	harbor2	chr9	79567460	79568146	LTR/ERVL	2636	-	343	79567803	93691
chr9	137675239	137875239	harbor2	chr9	137680806	137681227	LTR/ERVL	1606	-	210	137681016	5777
chr9	84422130	84622130	harbor2	chr9	84422679	84422726	LTR/ERVL	1623	-	24	84422703	573
chr9	84422130	84622130	harbor2	chr9	84423021	84423296	LTR/ERVL	1623	-	138	84423159	1029
chr9	84422130	84622130	harbor2	chr9	84511771	84512464	LTR/ERVL	4104	-	346	84512117	89987
chr9	111562999	111762999	harbor2	chr9	111615152	111615677	LTR/ERVL	2519	-	262	111615414	52415
chr9	111562999	111762999	harbor2	chr9	111627699	111627867	LTR/ERVL	560	-	84	111627783	64784
chr9	4890034	5090034	harbor2	chr9	4921881	4922374	LTR/ERVL	2778	-	246	4922127	32093
chr9	93576375	93776375	harbor2	chr9	93617609	93618028	LTR/ERVL	3028	-	210	93617819	41444
chr9	109520305	109720305	harbor2	chr9	109586424	109586746	LTR/ERVL	1228	-	161	109586585	66280
chr9	112387187	112587187	harbor2	chr9	112472566	112472814	LTR/ERVL	880	-	124	112472690	85503
chr9	112420689	112620689	harbor2	chr9	112472566	112472814	LTR/ERVL	880	-	124	112472690	52001
chr9	135646439	135846439	harbor2	chr9	135652489	135652754	LTR/ERVL	3102	-	132	135652621	6182
chr9	135646439	135846439	harbor2	chr9	135653054	135653245	LTR/ERVL	3102	-	96	135653150	6711
chr9	112389364	112589364	harbor2	chr9	112472566	112472814	LTR/ERVL	880	-	124	112472690	83326
chr9	4884868	5084868	harbor2	chr9	4885489	4885609	LTR/ERVL	557	-	60	4885549	681
chr9	4884868	5084868	harbor2	chr9	4921881	4922374	LTR/ERVL	2778	-	246	4922127	37259
chr9	34156759	34356759	harbor2	chr9	34158413	34158616	LTR/ERVL	1559	-	102	34158515	1756
chr9	34156759	34356759	harbor2	chr9	34159002	34159261	LTR/ERVL	1559	-	130	34159132	2373
chr9	34156759	34356759	harbor2	chr9	34159339	34159524	LTR/ERVL	1805	-	92	34159431	2672
chr9	34156759	34356759	harbor2	chr9	34159821	34159909	LTR/ERVL	1805	-	44	34159865	3106
chr9	34156759	34356759	harbor2	chr9	34160211	34160336	LTR/ERVL	1805	-	62	34160273	3514
chr9	34156759	34356759	harbor2	chr9	34160696	34161001	LTR/ERVL	1805	-	152	34160848	4089
chr9	34156759	34356759	harbor2	chr9	34161312	34161501	LTR/ERVL	1805	-	94	34161406	4647
chr9	34156759	34356759	harbor2	chr9	34162097	34162422	LTR/ERVL	3320	-	162	34162259	5500
chr9	34156759	34356759	harbor2	chr9	34162694	34162987	LTR/ERVL	3320	-	146	34162840	6081
chr9	34156759	34356759	harbor2	chr9	34163315	34163957	LTR/ERVL	3320	-	321	34163636	6877
chr9	34156759	34356759	harbor2	chr9	34164257	34164413	LTR/ERVL	3320	-	78	34164335	7576
chr9	34156759	34356759	harbor2	chr9	34165656	34165972	LTR/ERVL	3320	-	158	34165814	9055
chr9	34156759	34356759	harbor2	chr9	34167152	34167246	LTR/ERVL	883	-	47	34167199	10440
chr9	34156759	34356759	harbor2	chr9	34167539	34167748	LTR/ERVL	883	-	104	34167643	10884
chr9	34156759	34356759	harbor2	chr9	34167783	34168025	LTR/ERVL	721	-	121	34167904	11145
chr9	34156759	34356759	harbor2	chr9	34168037	34168326	LTR/ERVL	965	-	144	34168181	11422
chr9	34156759	34356759	harbor2	chr9	34193846	34194101	LTR/ERVL	1487	-	128	34193974	37215
chr9	34156759	34356759	harbor2	chr9	34201587	34202127	LTR/ERVL	2694	-	270	34201857	45098
chr9	34156759	34356759	harbor2	chr9	34202134	34202173	LTR/ERVL	1080	-	20	34202154	45395
chr9	34156759	34356759	harbor2	chr9	34202432	34202624	LTR/ERVL	1080	-	96	34202528	45769
chr9	34156759	34356759	harbor2	chr9	34202679	34202714	LTR/ERVL	1080	-	18	34202697	45938
chr9	34156759	34356759	harbor2	chr9	34193336	34193852	LTR/ERVL	2152	-	258	34193594	36835
chr9	22257300	22457300	harbor2	chr9	22284603	22284938	LTR/ERVL	990	-	168	22284771	27471
chr9	22257300	22457300	harbor2	chr9	22290303	22290332	LTR/ERVL	1839	-	14	22290317	33017
chr9	22257300	22457300	harbor2	chr9	22290459	22290851	LTR/ERVL	1839	-	196	22290655	33355
chr9	22257300	22457300	harbor2	chr9	22291557	22291898	LTR/ERVL	1217	-	170	22291727	34427
chr9	4884895	5084895	harbor2	chr9	4885489	4885609	LTR/ERVL	557	-	60	4885549	654
chr9	4884895	5084895	harbor2	chr9	4921881	4922374	LTR/ERVL	2778	-	246	4922127	37232
chr9	137338276	137538276	harbor2	chr9	137341344	137341531	LTR/ERVL	647	-	94	137341438	3162
chr9	137338276	137538276	harbor2	chr9	137342394	137342749	LTR/ERVL	1256	-	178	137342572	4296
chr9	137338276	137538276	harbor2	chr9	137343230	137343575	LTR/ERVL	1663	-	172	137343402	5126
chr9	137338276	137538276	harbor2	chr9	137344191	137344331	LTR/ERVL	1663	-	70	137344261	5985
chr9	137338276	137538276	harbor2	chr9	137357664	137357699	LTR/ERVL	2877	-	18	137357682	19406
chr9	137338276	137538276	harbor2	chr9	137357757	137358147	LTR/ERVL	2877	-	195	137357952	19676
chr9	65482190	65682190	harbor2	chr9	65482987	65483323	LTR/ERVL	721	-	168	65483155	965
chr9	65482190	65682190	harbor2	chr9	65510834	65511100	LTR/ERVL	1540	-	133	65510967	28777
chr9	68898713	69098713	harbor2	chr9	68942824	68943001	LTR/ERVL	606	-	88	68942912	44199
chr9	4885406	5085406	harbor2	chr9	4885489	4885609	LTR/ERVL	557	-	60	4885549	143
chr9	4885406	5085406	harbor2	chr9	4921881	4922374	LTR/ERVL	2778	-	246	4922127	36721
chr9	113809675	114009675	harbor2	chr9	113847763	113848062	LTR/ERVL	885	-	150	113847913	38238
chr9	4885226	5085226	harbor2	chr9	4885489	4885609	LTR/ERVL	557	-	60	4885549	323
chr9	4885226	5085226	harbor2	chr9	4921881	4922374	LTR/ERVL	2778	-	246	4922127	36901
chr10	132611286	132811286	harbor2	chr10	132672827	132675060	LTR/ERVL	16522	-	1116	132673943	62657
chr10	14854190	15054190	harbor2	chr10	14923766	14924281	LTR/ERVL	1567	-	258	14924024	69834
chr10	37994305	38194305	harbor2	chr10	38030494	38030686	LTR/ERVL	478	-	96	38030590	36285
chr10	37994305	38194305	harbor2	chr10	38086674	38087400	LTR/ERVL	3300	-	363	38087037	92732
chr10	37994305	38194305	harbor2	chr10	38087441	38087572	LTR/ERVL	3300	-	66	38087507	93202
chr10	37994305	38194305	harbor2	chr10	38087896	38088419	LTR/ERVL	2046	-	262	38088158	93853
chr10	14778679	14978679	harbor2	chr10	14786823	14787291	LTR/ERVL	1400	-	234	14787057	8378
chr10	14778679	14978679	harbor2	chr10	14791491	14791831	LTR/ERVL	1151	-	170	14791661	12982
chr10	14778679	14978679	harbor2	chr10	14792126	14792253	LTR/ERVL	1151	-	64	14792190	13511
chr10	69780869	69980869	harbor2	chr10	69818451	69818953	LTR/ERVL	2839	-	251	69818702	37833
chr10	69780869	69980869	harbor2	chr10	69819329	69819739	LTR/ERVL	1275	-	205	69819534	38665
chr10	69780869	69980869	harbor2	chr10	69850656	69851025	LTR/ERVL	1106	-	184	69850840	69971
chr10	133125047	133325047	harbor2	chr10	133142759	133143128	LTR/ERVL	1159	-	184	133142943	17896
chr10	92191166	92391166	harbor2	chr10	92268853	92269274	LTR/ERVL	1057	-	210	92269063	77897
chr10	100913040	101113040	harbor2	chr10	100942047	100942492	LTR/ERVL	1718	-	222	100942269	29229
chr10	100913040	101113040	harbor2	chr10	100942956	100943284	LTR/ERVL	899	-	164	100943120	30080
chr10	100913040	101113040	harbor2	chr10	100951374	100951722	LTR/ERVL	1502	-	174	100951548	38508
chr10	100913040	101113040	harbor2	chr10	100977744	100978185	LTR/ERVL	2715	-	220	100977964	64924
chr10	75114221	75314221	harbor2	chr10	75136593	75136725	LTR/ERVL	435	-	66	75136659	22438
chr10	75114221	75314221	harbor2	chr10	75137910	75138266	LTR/ERVL	926	-	178	75138088	23867
chr10	75114221	75314221	harbor2	chr10	75197109	75197375	LTR/ERVL	932	-	133	75197242	83021
chr10	132235041	132435041	harbor2	chr10	132238276	132238757	LTR/ERVL	1274	-	240	132238516	3475
chr10	132235041	132435041	harbor2	chr10	132323226	132323369	LTR/ERVL	459	-	72	132323298	88257
chr10	14778642	14978642	harbor2	chr10	14786823	14787291	LTR/ERVL	1400	-	234	14787057	8415
chr10	14778642	14978642	harbor2	chr10	14791491	14791831	LTR/ERVL	1151	-	170	14791661	13019
chr10	14778642	14978642	harbor2	chr10	14792126	14792253	LTR/ERVL	1151	-	64	14792190	13548
chr10	45280422	45480422	harbor2	chr10	45292687	45293128	LTR/ERVL	635	-	220	45292907	12485
chr10	14778676	14978676	harbor2	chr10	14786823	14787291	LTR/ERVL	1400	-	234	14787057	8381
chr10	14778676	14978676	harbor2	chr10	14791491	14791831	LTR/ERVL	1151	-	170	14791661	12985
chr10	14778676	14978676	harbor2	chr10	14792126	14792253	LTR/ERVL	1151	-	64	14792190	13514
chr10	17824143	18024143	harbor2	chr10	17915058	17915395	LTR/ERVL	1480	-	168	17915226	91083
chr10	79215765	79415765	harbor2	chr10	79224767	79225056	LTR/ERVL	917	-	144	79224911	9146
chr10	10133183	10333183	harbor2	chr10	10141843	10142366	LTR/ERVL	1319	-	262	10142105	8922
chr10	117192768	117392768	harbor2	chr10	117195716	117196105	LTR/ERVL	849	-	194	117195910	3142
chr10	117192768	117392768	harbor2	chr10	117229303	117229504	LTR/ERVL	817	-	100	117229403	36635
chr10	62705914	62905914	harbor2	chr10	62723265	62723745	LTR/ERVL	1383	-	240	62723505	17591
chr10	62705914	62905914	harbor2	chr10	62736243	62736706	LTR/ERVL	1258	-	232	62736475	30561
chr10	62705914	62905914	harbor2	chr10	62738222	62738527	LTR/ERVL	857	-	152	62738374	32460
chr10	62705914	62905914	harbor2	chr10	62745073	62745466	LTR/ERVL	1110	-	196	62745269	39355
chr10	132252799	132452799	harbor2	chr10	132323226	132323369	LTR/ERVL	459	-	72	132323298	70499
chr10	130910490	131110490	harbor2	chr10	130937768	130938352	LTR/ERVL	672	-	292	130938060	27570
chr10	130910490	131110490	harbor2	chr10	130938916	130939450	LTR/ERVL	1992	-	267	130939183	28693
chr10	130910490	131110490	harbor2	chr10	130962840	130963185	LTR/ERVL	533	-	172	130963012	52522
chr10	130910490	131110490	harbor2	chr10	131008709	131009218	LTR/ERVL	2320	-	254	131008963	98473
chr10	2968256	3168256	harbor2	chr10	3018962	3019131	LTR/ERVL	764	-	84	3019046	50790
chr10	2968256	3168256	harbor2	chr10	3028712	3029066	LTR/ERVL	972	-	177	3028889	60633
chr10	2968256	3168256	harbor2	chr10	3037119	3037625	LTR/ERVL	2180	-	253	3037372	69116
chr10	132247691	132447691	harbor2	chr10	132323226	132323369	LTR/ERVL	459	-	72	132323298	75607
chr10	89246928	89446928	harbor2	chr10	89255805	89256230	LTR/ERVL	511	-	212	89256017	9089
chr10	89246928	89446928	harbor2	chr10	89267157	89267439	LTR/ERVL	619	-	141	89267298	20370
chr10	89246928	89446928	harbor2	chr10	89267743	89267941	LTR/ERVL	619	-	99	89267842	20914
chr10	89246928	89446928	harbor2	chr10	89338159	89338606	LTR/ERVL	2666	-	224	89338383	91455
chr10	100912453	101112453	harbor2	chr10	100942047	100942492	LTR/ERVL	1718	-	222	100942269	29816
chr10	100912453	101112453	harbor2	chr10	100942956	100943284	LTR/ERVL	899	-	164	100943120	30667
chr10	100912453	101112453	harbor2	chr10	100951374	100951722	LTR/ERVL	1502	-	174	100951548	39095
chr10	100912453	101112453	harbor2	chr10	100977744	100978185	LTR/ERVL	2715	-	220	100977964	65511
chr10	133058669	133258669	harbor2	chr10	133142759	133143128	LTR/ERVL	1159	-	184	133142943	84274
chr10	95990339	96190339	harbor2	chr10	95998507	95998833	LTR/ERVL	2239	-	163	95998670	8331
chr10	95990339	96190339	harbor2	chr10	95999111	95999196	LTR/ERVL	2239	-	42	95999153	8814
chr10	95990339	96190339	harbor2	chr10	96039801	96040215	LTR/ERVL	2077	-	207	96040008	49669
chr10	95990339	96190339	harbor2	chr10	96074527	96074843	LTR/ERVL	538	-	158	96074685	84346
chr10	113237565	113437565	harbor2	chr10	113284519	113284947	LTR/ERVL	1022	-	214	113284733	47168
chr10	113237565	113437565	harbor2	chr10	113309047	113309430	LTR/ERVL	1151	-	192	113309239	71674
chr10	113237565	113437565	harbor2	chr10	113316445	113316912	LTR/ERVL	1050	-	234	113316679	79114
chr10	113237565	113437565	harbor2	chr10	113323948	113324355	LTR/ERVL	1461	-	204	113324152	86587
chr10	132233360	132433360	harbor2	chr10	132238276	132238757	LTR/ERVL	1274	-	240	132238516	5156
chr10	132233360	132433360	harbor2	chr10	132323226	132323369	LTR/ERVL	459	-	72	132323298	89938
chr10	13341913	13541913	harbor2	chr10	13404245	13404404	LTR/ERVL	526	-	80	13404325	62412
chr10	13341913	13541913	harbor2	chr10	13352929	13353150	LTR/ERVL	550	-	110	13353039	11126
chr10	92352968	92552968	harbor2	chr10	92368041	92368270	LTR/ERVL	516	-	114	92368155	15187
chr10	92352968	92552968	harbor2	chr10	92380529	92380684	LTR/ERVL	3922	-	78	92380607	27639
chr10	92352968	92552968	harbor2	chr10	92382072	92382277	LTR/ERVL	3922	-	102	92382174	29206
chr10	92352968	92552968	harbor2	chr10	92382587	92383002	LTR/ERVL	3922	-	208	92382795	29827
chr10	92352968	92552968	harbor2	chr10	92408658	92408811	LTR/ERVL	618	-	76	92408734	55766
chr10	92352968	92552968	harbor2	chr10	92410802	92411252	LTR/ERVL	3361	-	225	92411027	58059
chr10	92352968	92552968	harbor2	chr10	92411564	92411764	LTR/ERVL	3361	-	100	92411664	58696
chr10	92352968	92552968	harbor2	chr10	92412069	92412623	LTR/ERVL	5144	-	277	92412346	59378
chr10	92352968	92552968	harbor2	chr10	92412921	92412958	LTR/ERVL	5144	-	18	92412939	59971
chr10	92352968	92552968	harbor2	chr10	92413618	92414539	LTR/ERVL	5144	-	460	92414078	61110
chr10	92352968	92552968	harbor2	chr10	92415256	92415472	LTR/ERVL	824	-	108	92415364	62396
chr10	92352968	92552968	harbor2	chr10	92415776	92415906	LTR/ERVL	824	-	65	92415841	62873
chr10	92352968	92552968	harbor2	chr10	92416149	92416160	LTR/ERVL	524	-	6	92416155	63187
chr10	92352968	92552968	harbor2	chr10	92416205	92416814	LTR/ERVL	1827	-	304	92416509	63541
chr10	133131601	133331601	harbor2	chr10	133142759	133143128	LTR/ERVL	1159	-	184	133142943	11342
chr10	43505466	43705466	harbor2	chr10	43509421	43509879	LTR/ERVL	3089	-	229	43509650	4184
chr10	43505466	43705466	harbor2	chr10	43509880	43510544	LTR/ERVL	44675	-	332	43510212	4746
chr10	43505466	43705466	harbor2	chr10	43510846	43514128	LTR/ERVL	44675	-	1641	43512487	7021
chr10	43505466	43705466	harbor2	chr10	43514435	43515779	LTR/ERVL	44675	-	672	43515107	9641
chr10	43505466	43705466	harbor2	chr10	43516080	43516426	LTR/ERVL	44675	-	173	43516253	10787
chr10	43505466	43705466	harbor2	chr10	43516427	43516879	LTR/ERVL	3027	-	226	43516653	11187
chr10	101036917	101236917	harbor2	chr10	101054661	101055130	LTR/ERVL	1382	-	234	101054895	17978
chr10	101036917	101236917	harbor2	chr10	101084677	101085039	LTR/ERVL	621	-	181	101084858	47941
chr10	132020269	132220269	harbor2	chr10	132057056	132057367	LTR/ERVL	489	-	156	132057212	36943
chr10	75308135	75508135	harbor2	chr10	75310989	75311440	LTR/ERVL	3566	-	226	75311215	3080
chr10	75308135	75508135	harbor2	chr10	75342315	75342497	LTR/ERVL	569	-	91	75342406	34271
chr10	86842653	87042653	harbor2	chr10	86845127	86845535	LTR/ERVL	887	-	204	86845331	2678
chr10	86842653	87042653	harbor2	chr10	86846189	86846526	LTR/ERVL	748	-	168	86846357	3704
chr10	86842653	87042653	harbor2	chr10	86856688	86857409	LTR/ERVL	1118	-	360	86857048	14395
chr10	86842653	87042653	harbor2	chr10	86865837	86866223	LTR/ERVL	534	-	193	86866030	23377
chr10	86842653	87042653	harbor2	chr10	86922467	86922991	LTR/ERVL	1958	-	262	86922729	80076
chr10	46916741	47116741	harbor2	chr10	46920272	46920549	LTR/ERVL	1548	-	138	46920410	3669
chr10	46916741	47116741	harbor2	chr10	46926626	46927139	LTR/ERVL	1429	-	256	46926882	10141
chr10	46916741	47116741	harbor2	chr10	46952098	46952251	LTR/ERVL	672	-	76	46952174	35433
chr10	46916741	47116741	harbor2	chr10	46952252	46952394	LTR/ERVL	486	-	71	46952323	35582
chr10	46916741	47116741	harbor2	chr10	46952463	46952980	LTR/ERVL	1950	-	258	46952721	35980
chr10	46916741	47116741	harbor2	chr10	46986001	46986353	LTR/ERVL	2004	-	176	46986177	69436
chr10	132233977	132433977	harbor2	chr10	132238276	132238757	LTR/ERVL	1274	-	240	132238516	4539
chr10	132233977	132433977	harbor2	chr10	132323226	132323369	LTR/ERVL	459	-	72	132323298	89321
chr10	5312490	5512490	harbor2	chr10	5314364	5314718	LTR/ERVL	616	-	177	5314541	2051
chr10	5312490	5512490	harbor2	chr10	5357788	5357921	LTR/ERVL	519	-	66	5357854	45364
chr10	47240671	47440671	harbor2	chr10	47246801	47247181	LTR/ERVL	831	-	190	47246991	6320
chr10	47240671	47440671	harbor2	chr10	47288922	47289352	LTR/ERVL	1071	-	215	47289137	48466
chr10	47240671	47440671	harbor2	chr10	47289407	47289635	LTR/ERVL	588	-	114	47289521	48850
chr10	47240671	47440671	harbor2	chr10	47289772	47291524	LTR/ERVL	3736	-	876	47290648	49977
chr10	47240671	47440671	harbor2	chr10	47292217	47294169	LTR/ERVL	3214	-	976	47293193	52522
chr10	47240671	47440671	harbor2	chr10	47294660	47294754	LTR/ERVL	2500	-	47	47294707	54036
chr10	47240671	47440671	harbor2	chr10	47294793	47295124	LTR/ERVL	577	-	166	47294959	54288
chr10	47240671	47440671	harbor2	chr10	47295325	47295677	LTR/ERVL	425	-	176	47295501	54830
chr10	75111455	75311455	harbor2	chr10	75136593	75136725	LTR/ERVL	435	-	66	75136659	25204
chr10	75111455	75311455	harbor2	chr10	75137910	75138266	LTR/ERVL	926	-	178	75138088	26633
chr10	75111455	75311455	harbor2	chr10	75197109	75197375	LTR/ERVL	932	-	133	75197242	85787
chr10	75111531	75311531	harbor2	chr10	75136593	75136725	LTR/ERVL	435	-	66	75136659	25128
chr10	75111531	75311531	harbor2	chr10	75137910	75138266	LTR/ERVL	926	-	178	75138088	26557
chr10	75111531	75311531	harbor2	chr10	75197109	75197375	LTR/ERVL	932	-	133	75197242	85711
chr10	62713157	62913157	harbor2	chr10	62723265	62723745	LTR/ERVL	1383	-	240	62723505	10348
chr10	62713157	62913157	harbor2	chr10	62736243	62736706	LTR/ERVL	1258	-	232	62736475	23318
chr10	62713157	62913157	harbor2	chr10	62738222	62738527	LTR/ERVL	857	-	152	62738374	25217
chr10	62713157	62913157	harbor2	chr10	62745073	62745466	LTR/ERVL	1110	-	196	62745269	32112
chr10	132988004	133188004	harbor2	chr10	133001951	133002053	LTR/ERVL	1186	-	51	133002002	13998
chr10	132988004	133188004	harbor2	chr10	133002348	133002620	LTR/ERVL	1186	-	136	133002484	14480
chr10	132988004	133188004	harbor2	chr10	133003478	133003548	LTR/ERVL	1186	-	35	133003513	15509
chr10	29348352	29548352	harbor2	chr10	29356756	29357062	LTR/ERVL	875	-	153	29356909	8557
chr10	29348352	29548352	harbor2	chr10	29399175	29399841	LTR/ERVL	1508	-	333	29399508	51156
chr10	29348352	29548352	harbor2	chr10	29428247	29428762	LTR/ERVL	1879	-	258	29428505	80153
chr10	29348352	29548352	harbor2	chr10	29444438	29444873	LTR/ERVL	3537	-	218	29444656	96304
chr10	97675345	97875345	harbor2	chr10	97695438	97695601	LTR/ERVL	657	-	82	97695520	20175
chr10	97675345	97875345	harbor2	chr10	97703483	97703950	LTR/ERVL	2190	-	234	97703717	28372
chr10	97675345	97875345	harbor2	chr10	97708493	97708744	LTR/ERVL	664	-	126	97708619	33274
chr10	97675345	97875345	harbor2	chr10	97709045	97709234	LTR/ERVL	713	-	94	97709139	33794
chr10	14782829	14982829	harbor2	chr10	14786823	14787291	LTR/ERVL	1400	-	234	14787057	4228
chr10	14782829	14982829	harbor2	chr10	14791491	14791831	LTR/ERVL	1151	-	170	14791661	8832
chr10	14782829	14982829	harbor2	chr10	14792126	14792253	LTR/ERVL	1151	-	64	14792190	9361
chr10	35932	235932	harbor2	chr10	98309	98463	LTR/ERVL	10152	-	77	98386	62454
chr10	35932	235932	harbor2	chr10	98768	99951	LTR/ERVL	10152	-	592	99360	63428
chr10	35932	235932	harbor2	chr10	99952	100387	LTR/ERVL	2922	-	218	100170	64238
chr10	132251469	132451469	harbor2	chr10	132323226	132323369	LTR/ERVL	459	-	72	132323298	71829
chr10	79279921	79479921	harbor2	chr10	79360895	79361321	LTR/ERVL	2330	-	213	79361108	81187
chr10	79279921	79479921	harbor2	chr10	79369920	79370487	LTR/ERVL	674	-	284	79370204	90283
chr10	79279921	79479921	harbor2	chr10	79370696	79370833	LTR/ERVL	431	-	68	79370764	90843
chr10	110775618	110975618	harbor2	chr10	110863894	110864380	LTR/ERVL	2741	-	243	110864137	88519
chr10	51860313	52060313	harbor2	chr10	51927582	51927718	LTR/ERVL	532	-	68	51927650	67337
chr10	89205746	89405746	harbor2	chr10	89255805	89256230	LTR/ERVL	511	-	212	89256017	50271
chr10	89205746	89405746	harbor2	chr10	89267157	89267439	LTR/ERVL	619	-	141	89267298	61552
chr10	89205746	89405746	harbor2	chr10	89267743	89267941	LTR/ERVL	619	-	99	89267842	62096
chr10	14778690	14978690	harbor2	chr10	14786823	14787291	LTR/ERVL	1400	-	234	14787057	8367
chr10	14778690	14978690	harbor2	chr10	14791491	14791831	LTR/ERVL	1151	-	170	14791661	12971
chr10	14778690	14978690	harbor2	chr10	14792126	14792253	LTR/ERVL	1151	-	64	14792190	13500
chr10	48094820	48294820	harbor2	chr10	48179827	48180273	LTR/ERVL	446	-	223	48180050	85230
chr10	67774631	67974631	harbor2	chr10	67788929	67789335	LTR/ERVL	1918	-	203	67789132	14501
chr10	67774631	67974631	harbor2	chr10	67789697	67790115	LTR/ERVL	2535	-	209	67789906	15275
chr10	67774631	67974631	harbor2	chr10	67799901	67799948	LTR/ERVL	1002	-	24	67799925	25294
chr10	67774631	67974631	harbor2	chr10	67800248	67800558	LTR/ERVL	1002	-	155	67800403	25772
chr10	47240692	47440692	harbor2	chr10	47246801	47247181	LTR/ERVL	831	-	190	47246991	6299
chr10	47240692	47440692	harbor2	chr10	47288922	47289352	LTR/ERVL	1071	-	215	47289137	48445
chr10	47240692	47440692	harbor2	chr10	47289407	47289635	LTR/ERVL	588	-	114	47289521	48829
chr10	47240692	47440692	harbor2	chr10	47289772	47291524	LTR/ERVL	3736	-	876	47290648	49956
chr10	47240692	47440692	harbor2	chr10	47292217	47294169	LTR/ERVL	3214	-	976	47293193	52501
chr10	47240692	47440692	harbor2	chr10	47294660	47294754	LTR/ERVL	2500	-	47	47294707	54015
chr10	47240692	47440692	harbor2	chr10	47294793	47295124	LTR/ERVL	577	-	166	47294959	54267
chr10	47240692	47440692	harbor2	chr10	47295325	47295677	LTR/ERVL	425	-	176	47295501	54809
chr10	69473042	69673042	harbor2	chr10	69500140	69500347	LTR/ERVL	715	-	104	69500244	27202
chr10	69473042	69673042	harbor2	chr10	69500421	69500847	LTR/ERVL	1588	-	213	69500634	27592
chr11	133733675	133933675	harbor2	chr11	133771961	133772104	LTR/ERVL	2733	-	72	133772033	38358
chr11	133733675	133933675	harbor2	chr11	133772405	133772782	LTR/ERVL	2733	-	188	133772593	38918
chr11	68651701	68851701	harbor2	chr11	68664836	68665091	LTR/ERVL	549	-	128	68664964	13263
chr11	64539025	64739025	harbor2	chr11	64548170	64548471	LTR/ERVL	759	-	150	64548320	9295
chr11	64539025	64739025	harbor2	chr11	64571661	64572162	LTR/ERVL	1613	-	250	64571911	32886
chr11	64539025	64739025	harbor2	chr11	64599167	64599573	LTR/ERVL	826	-	203	64599370	60345
chr11	108021538	108221538	harbor2	chr11	108032921	108033600	LTR/ERVL	2707	-	340	108033261	11723
chr11	108021538	108221538	harbor2	chr11	108034036	108034536	LTR/ERVL	2692	-	250	108034286	12748
chr11	108021538	108221538	harbor2	chr11	108034539	108035454	LTR/ERVL	10848	-	458	108034997	13459
chr11	108021538	108221538	harbor2	chr11	108036779	108037366	LTR/ERVL	10848	-	294	108037073	15535
chr11	108021538	108221538	harbor2	chr11	108037391	108037923	LTR/ERVL	2639	-	266	108037657	16119
chr11	108021538	108221538	harbor2	chr11	108035768	108036479	LTR/ERVL	10848	-	356	108036124	14586
chr11	2054925	2254925	harbor2	chr11	2072427	2072711	LTR/ERVL	439	-	142	2072569	17644
chr11	2054925	2254925	harbor2	chr11	2072924	2073468	LTR/ERVL	1304	-	272	2073196	18271
chr11	2054925	2254925	harbor2	chr11	2073854	2074191	LTR/ERVL	518	-	168	2074022	19097
chr11	2054925	2254925	harbor2	chr11	2075623	2075953	LTR/ERVL	970	-	165	2075788	20863
chr11	2054925	2254925	harbor2	chr11	2075983	2076294	LTR/ERVL	966	-	156	2076139	21214
chr11	2054925	2254925	harbor2	chr11	2076635	2076913	LTR/ERVL	966	-	139	2076774	21849
chr11	57401529	57601529	harbor2	chr11	57434795	57435351	LTR/ERVL	1606	-	278	57435073	33544
chr11	120028317	120228317	harbor2	chr11	120064369	120064939	LTR/ERVL	1688	-	285	120064654	36337
chr11	108021539	108221539	harbor2	chr11	108032921	108033600	LTR/ERVL	2707	-	340	108033261	11722
chr11	108021539	108221539	harbor2	chr11	108034036	108034536	LTR/ERVL	2692	-	250	108034286	12747
chr11	108021539	108221539	harbor2	chr11	108034539	108035454	LTR/ERVL	10848	-	458	108034997	13458
chr11	108021539	108221539	harbor2	chr11	108036779	108037366	LTR/ERVL	10848	-	294	108037073	15534
chr11	108021539	108221539	harbor2	chr11	108037391	108037923	LTR/ERVL	2639	-	266	108037657	16118
chr11	108021539	108221539	harbor2	chr11	108035768	108036479	LTR/ERVL	10848	-	356	108036124	14585
chr11	119392012	119592012	harbor2	chr11	119426161	119426630	LTR/ERVL	2419	-	234	119426395	34383
chr11	119392012	119592012	harbor2	chr11	119431839	119432339	LTR/ERVL	2031	-	250	119432089	40077
chr11	119392012	119592012	harbor2	chr11	119490096	119490175	LTR/ERVL	453	-	40	119490136	98124
chr11	119392012	119592012	harbor2	chr11	119490688	119490884	LTR/ERVL	483	-	98	119490786	98774
chr11	119392012	119592012	harbor2	chr11	119490888	119491106	LTR/ERVL	581	-	109	119490997	98985
chr11	2059643	2259643	harbor2	chr11	2072427	2072711	LTR/ERVL	439	-	142	2072569	12926
chr11	2059643	2259643	harbor2	chr11	2072924	2073468	LTR/ERVL	1304	-	272	2073196	13553
chr11	2059643	2259643	harbor2	chr11	2073854	2074191	LTR/ERVL	518	-	168	2074022	14379
chr11	2059643	2259643	harbor2	chr11	2075623	2075953	LTR/ERVL	970	-	165	2075788	16145
chr11	2059643	2259643	harbor2	chr11	2075983	2076294	LTR/ERVL	966	-	156	2076139	16496
chr11	2059643	2259643	harbor2	chr11	2076635	2076913	LTR/ERVL	966	-	139	2076774	17131
chr11	113775363	113975363	harbor2	chr11	113849951	113850064	LTR/ERVL	632	-	56	113850007	74644
chr11	113775363	113975363	harbor2	chr11	113864330	113864852	LTR/ERVL	2321	-	261	113864591	89228
chr11	119842499	120042499	harbor2	chr11	119902668	119902726	LTR/ERVL	2442	-	29	119902697	60198
chr11	119842499	120042499	harbor2	chr11	119903081	119903562	LTR/ERVL	2442	-	240	119903321	60822
chr11	119842499	120042499	harbor2	chr11	119925709	119926202	LTR/ERVL	1005	-	246	119925955	83456
chr11	119842499	120042499	harbor2	chr11	119926707	119926876	LTR/ERVL	6422	-	84	119926791	84292
chr11	119842499	120042499	harbor2	chr11	119927147	119930865	LTR/ERVL	6422	-	1859	119929006	86507
chr11	119842499	120042499	harbor2	chr11	119931289	119931457	LTR/ERVL	6422	-	84	119931373	88874
chr11	108021885	108221885	harbor2	chr11	108032921	108033600	LTR/ERVL	2707	-	340	108033261	11376
chr11	108021885	108221885	harbor2	chr11	108034036	108034536	LTR/ERVL	2692	-	250	108034286	12401
chr11	108021885	108221885	harbor2	chr11	108034539	108035454	LTR/ERVL	10848	-	458	108034997	13112
chr11	108021885	108221885	harbor2	chr11	108036779	108037366	LTR/ERVL	10848	-	294	108037073	15188
chr11	108021885	108221885	harbor2	chr11	108037391	108037923	LTR/ERVL	2639	-	266	108037657	15772
chr11	108021885	108221885	harbor2	chr11	108035768	108036479	LTR/ERVL	10848	-	356	108036124	14239
chr11	57401008	57601008	harbor2	chr11	57434795	57435351	LTR/ERVL	1606	-	278	57435073	34065
chr11	6290207	6490207	harbor2	chr11	6343216	6343280	LTR/ERVL	491	-	32	6343248	53041
chr11	6290207	6490207	harbor2	chr11	6343577	6343708	LTR/ERVL	491	-	66	6343643	53436
chr11	6290207	6490207	harbor2	chr11	6347316	6347664	LTR/ERVL	410	-	174	6347490	57283
chr11	6290207	6490207	harbor2	chr11	6350513	6350908	LTR/ERVL	820	-	198	6350711	60504
chr11	65472319	65672319	harbor2	chr11	65561183	65561450	LTR/ERVL	488	-	134	65561317	88998
chr11	65472319	65672319	harbor2	chr11	65566857	65567213	LTR/ERVL	1547	-	178	65567035	94716
chr11	57414568	57614568	harbor2	chr11	57434795	57435351	LTR/ERVL	1606	-	278	57435073	20505
chr11	108021571	108221571	harbor2	chr11	108032921	108033600	LTR/ERVL	2707	-	340	108033261	11690
chr11	108021571	108221571	harbor2	chr11	108034036	108034536	LTR/ERVL	2692	-	250	108034286	12715
chr11	108021571	108221571	harbor2	chr11	108034539	108035454	LTR/ERVL	10848	-	458	108034997	13426
chr11	108021571	108221571	harbor2	chr11	108036779	108037366	LTR/ERVL	10848	-	294	108037073	15502
chr11	108021571	108221571	harbor2	chr11	108037391	108037923	LTR/ERVL	2639	-	266	108037657	16086
chr11	108021571	108221571	harbor2	chr11	108035768	108036479	LTR/ERVL	10848	-	356	108036124	14553
chr11	65969856	66169856	harbor2	chr11	66031354	66031707	LTR/ERVL	843	-	176	66031530	61674
chr11	108021540	108221540	harbor2	chr11	108032921	108033600	LTR/ERVL	2707	-	340	108033261	11721
chr11	108021540	108221540	harbor2	chr11	108034036	108034536	LTR/ERVL	2692	-	250	108034286	12746
chr11	108021540	108221540	harbor2	chr11	108034539	108035454	LTR/ERVL	10848	-	458	108034997	13457
chr11	108021540	108221540	harbor2	chr11	108036779	108037366	LTR/ERVL	10848	-	294	108037073	15533
chr11	108021540	108221540	harbor2	chr11	108037391	108037923	LTR/ERVL	2639	-	266	108037657	16117
chr11	108021540	108221540	harbor2	chr11	108035768	108036479	LTR/ERVL	10848	-	356	108036124	14584
chr11	5780143	5980143	harbor2	chr11	5848952	5849275	LTR/ERVL	1058	-	162	5849114	68971
chr11	43476525	43676525	harbor2	chr11	43479635	43480162	LTR/ERVL	592	-	264	43479899	3374
chr11	43476525	43676525	harbor2	chr11	43503589	43503834	LTR/ERVL	2251	-	122	43503711	27186
chr11	43476525	43676525	harbor2	chr11	43504145	43504436	LTR/ERVL	2251	-	146	43504291	27766
chr11	43476525	43676525	harbor2	chr11	43533269	43533697	LTR/ERVL	1538	-	214	43533483	56958
chr11	43476525	43676525	harbor2	chr11	43553078	43553354	LTR/ERVL	960	-	138	43553216	76691
chr11	108021566	108221566	harbor2	chr11	108032921	108033600	LTR/ERVL	2707	-	340	108033261	11695
chr11	108021566	108221566	harbor2	chr11	108034036	108034536	LTR/ERVL	2692	-	250	108034286	12720
chr11	108021566	108221566	harbor2	chr11	108034539	108035454	LTR/ERVL	10848	-	458	108034997	13431
chr11	108021566	108221566	harbor2	chr11	108036779	108037366	LTR/ERVL	10848	-	294	108037073	15507
chr11	108021566	108221566	harbor2	chr11	108037391	108037923	LTR/ERVL	2639	-	266	108037657	16091
chr11	108021566	108221566	harbor2	chr11	108035768	108036479	LTR/ERVL	10848	-	356	108036124	14558
chr11	108021911	108221911	harbor2	chr11	108032921	108033600	LTR/ERVL	2707	-	340	108033261	11350
chr11	108021911	108221911	harbor2	chr11	108034036	108034536	LTR/ERVL	2692	-	250	108034286	12375
chr11	108021911	108221911	harbor2	chr11	108034539	108035454	LTR/ERVL	10848	-	458	108034997	13086
chr11	108021911	108221911	harbor2	chr11	108036779	108037366	LTR/ERVL	10848	-	294	108037073	15162
chr11	108021911	108221911	harbor2	chr11	108037391	108037923	LTR/ERVL	2639	-	266	108037657	15746
chr11	108021911	108221911	harbor2	chr11	108035768	108036479	LTR/ERVL	10848	-	356	108036124	14213
chr11	76597013	76797013	harbor2	chr11	76600126	76600524	LTR/ERVL	844	-	199	76600325	3312
chr11	76597013	76797013	harbor2	chr11	76601701	76602079	LTR/ERVL	1343	-	189	76601890	4877
chr11	76597013	76797013	harbor2	chr11	76639479	76639917	LTR/ERVL	1140	-	219	76639698	42685
chr11	2055346	2255346	harbor2	chr11	2072427	2072711	LTR/ERVL	439	-	142	2072569	17223
chr11	2055346	2255346	harbor2	chr11	2072924	2073468	LTR/ERVL	1304	-	272	2073196	17850
chr11	2055346	2255346	harbor2	chr11	2073854	2074191	LTR/ERVL	518	-	168	2074022	18676
chr11	2055346	2255346	harbor2	chr11	2075623	2075953	LTR/ERVL	970	-	165	2075788	20442
chr11	2055346	2255346	harbor2	chr11	2075983	2076294	LTR/ERVL	966	-	156	2076139	20793
chr11	2055346	2255346	harbor2	chr11	2076635	2076913	LTR/ERVL	966	-	139	2076774	21428
chr11	57399755	57599755	harbor2	chr11	57434795	57435351	LTR/ERVL	1606	-	278	57435073	35318
chr11	5243759	5443759	harbor2	chr11	5341110	5341266	LTR/ERVL	417	-	78	5341188	97429
chr11	10402307	10602307	harbor2	chr11	10428801	10429242	LTR/ERVL	1586	-	220	10429021	26714
chr11	10402307	10602307	harbor2	chr11	10462220	10462682	LTR/ERVL	1721	-	231	10462451	60144
chr11	10402307	10602307	harbor2	chr11	10481512	10482045	LTR/ERVL	3148	-	266	10481778	79471
chr11	34816682	35016682	harbor2	chr11	34817643	34817870	LTR/ERVL	2425	-	114	34817757	1075
chr11	34816682	35016682	harbor2	chr11	34820180	34820505	LTR/ERVL	2425	-	162	34820342	3660
chr11	34816682	35016682	harbor2	chr11	34838832	34839272	LTR/ERVL	1148	-	220	34839052	22370
chr11	34816682	35016682	harbor2	chr11	34865534	34865937	LTR/ERVL	1538	-	202	34865736	49054
chr11	34816682	35016682	harbor2	chr11	34866333	34866387	LTR/ERVL	641	-	27	34866360	49678
chr11	34816682	35016682	harbor2	chr11	34866388	34866837	LTR/ERVL	2355	-	224	34866612	49930
chr11	34816682	35016682	harbor2	chr11	34866838	34867555	LTR/ERVL	6923	-	358	34867196	50514
chr11	34816682	35016682	harbor2	chr11	34867715	34868659	LTR/ERVL	6923	-	472	34868187	51505
chr11	34816682	35016682	harbor2	chr11	34868937	34870375	LTR/ERVL	6923	-	719	34869656	52974
chr11	34816682	35016682	harbor2	chr11	34870380	34870478	LTR/ERVL	1314	-	49	34870429	53747
chr11	34816682	35016682	harbor2	chr11	34870592	34870913	LTR/ERVL	1314	-	160	34870752	54070
chr11	2054426	2254426	harbor2	chr11	2072427	2072711	LTR/ERVL	439	-	142	2072569	18143
chr11	2054426	2254426	harbor2	chr11	2072924	2073468	LTR/ERVL	1304	-	272	2073196	18770
chr11	2054426	2254426	harbor2	chr11	2073854	2074191	LTR/ERVL	518	-	168	2074022	19596
chr11	2054426	2254426	harbor2	chr11	2075623	2075953	LTR/ERVL	970	-	165	2075788	21362
chr11	2054426	2254426	harbor2	chr11	2075983	2076294	LTR/ERVL	966	-	156	2076139	21713
chr11	2054426	2254426	harbor2	chr11	2076635	2076913	LTR/ERVL	966	-	139	2076774	22348
chr11	5270087	5470087	harbor2	chr11	5348653	5348858	LTR/ERVL	1305	-	102	5348755	78668
chr11	5270087	5470087	harbor2	chr11	5341110	5341266	LTR/ERVL	417	-	78	5341188	71101
chr11	118509641	118709641	harbor2	chr11	118587559	118588480	LTR/ERVL	3743	-	460	118588019	78378
chr11	123512081	123712081	harbor2	chr11	123550986	123551364	LTR/ERVL	1524	-	189	123551175	39094
chr11	123512081	123712081	harbor2	chr11	123554331	123554406	LTR/ERVL	864	-	38	123554369	42288
chr11	123512081	123712081	harbor2	chr11	123554730	123555035	LTR/ERVL	864	-	152	123554882	42801
chr11	123512081	123712081	harbor2	chr11	123555035	123555213	LTR/ERVL	883	-	89	123555124	43043
chr11	123512081	123712081	harbor2	chr11	123600757	123601252	LTR/ERVL	1355	-	248	123601005	88924
chr11	76580946	76780946	harbor2	chr11	76600126	76600524	LTR/ERVL	844	-	199	76600325	19379
chr11	76580946	76780946	harbor2	chr11	76601701	76602079	LTR/ERVL	1343	-	189	76601890	20944
chr11	76580946	76780946	harbor2	chr11	76639479	76639917	LTR/ERVL	1140	-	219	76639698	58752
chr11	108021537	108221537	harbor2	chr11	108032921	108033600	LTR/ERVL	2707	-	340	108033261	11724
chr11	108021537	108221537	harbor2	chr11	108034036	108034536	LTR/ERVL	2692	-	250	108034286	12749
chr11	108021537	108221537	harbor2	chr11	108034539	108035454	LTR/ERVL	10848	-	458	108034997	13460
chr11	108021537	108221537	harbor2	chr11	108036779	108037366	LTR/ERVL	10848	-	294	108037073	15536
chr11	108021537	108221537	harbor2	chr11	108037391	108037923	LTR/ERVL	2639	-	266	108037657	16120
chr11	108021537	108221537	harbor2	chr11	108035768	108036479	LTR/ERVL	10848	-	356	108036124	14587
chr11	133742979	133942979	harbor2	chr11	133771961	133772104	LTR/ERVL	2733	-	72	133772033	29054
chr11	133742979	133942979	harbor2	chr11	133772405	133772782	LTR/ERVL	2733	-	188	133772593	29614
chr11	108022093	108222093	harbor2	chr11	108032921	108033600	LTR/ERVL	2707	-	340	108033261	11168
chr11	108022093	108222093	harbor2	chr11	108034036	108034536	LTR/ERVL	2692	-	250	108034286	12193
chr11	108022093	108222093	harbor2	chr11	108034539	108035454	LTR/ERVL	10848	-	458	108034997	12904
chr11	108022093	108222093	harbor2	chr11	108036779	108037366	LTR/ERVL	10848	-	294	108037073	14980
chr11	108022093	108222093	harbor2	chr11	108037391	108037923	LTR/ERVL	2639	-	266	108037657	15564
chr11	108022093	108222093	harbor2	chr11	108035768	108036479	LTR/ERVL	10848	-	356	108036124	14031
chr11	86705704	86905704	harbor2	chr11	86748957	86749033	LTR/ERVL	969	-	38	86748995	43291
chr11	86705704	86905704	harbor2	chr11	86749330	86749739	LTR/ERVL	969	-	204	86749534	43830
chr11	5254966	5454966	harbor2	chr11	5348653	5348858	LTR/ERVL	1305	-	102	5348755	93789
chr11	5254966	5454966	harbor2	chr11	5341110	5341266	LTR/ERVL	417	-	78	5341188	86222
chr11	117887292	118087292	harbor2	chr11	117957480	117958025	LTR/ERVL	2002	-	272	117957752	70460
chr11	69540237	69740237	harbor2	chr11	69546464	69546568	LTR/ERVL	430	-	52	69546516	6279
chr11	69540237	69740237	harbor2	chr11	69572539	69572872	LTR/ERVL	425	-	166	69572705	32468
chr11	69540237	69740237	harbor2	chr11	69581448	69581834	LTR/ERVL	1742	-	193	69581641	41404
chr11	69540237	69740237	harbor2	chr11	69606279	69606769	LTR/ERVL	727	-	245	69606524	66287
chr11	69540237	69740237	harbor2	chr11	69609135	69609874	LTR/ERVL	1630	-	370	69609505	69268
chr11	69540237	69740237	harbor2	chr11	69610208	69610466	LTR/ERVL	463	-	129	69610337	70100
chr11	124775046	124975046	harbor2	chr11	124785342	124785739	LTR/ERVL	1228	-	198	124785540	10494
chr11	124775046	124975046	harbor2	chr11	124824461	124824984	LTR/ERVL	2545	-	262	124824723	49677
chr11	124775046	124975046	harbor2	chr11	124824985	124826386	LTR/ERVL	10796	-	700	124825685	50639
chr11	124775046	124975046	harbor2	chr11	124832604	124833290	LTR/ERVL	3448	-	343	124832947	57901
chr11	6512688	6712688	harbor2	chr11	6592816	6592971	LTR/ERVL	625	-	78	6592894	80206
chr11	6206570	6406570	harbor2	chr11	6257499	6257940	LTR/ERVL	2044	-	220	6257719	51149
chr11	71032716	71232716	harbor2	chr11	71090734	71091094	LTR/ERVL	1892	-	180	71090914	58198
chr11	57399767	57599767	harbor2	chr11	57434795	57435351	LTR/ERVL	1606	-	278	57435073	35306
chr11	57384547	57584547	harbor2	chr11	57386735	57387106	LTR/ERVL	504	-	186	57386921	2374
chr11	57384547	57584547	harbor2	chr11	57434795	57435351	LTR/ERVL	1606	-	278	57435073	50526
chr11	6519523	6719523	harbor2	chr11	6592816	6592971	LTR/ERVL	625	-	78	6592894	73371
chr11	108022644	108222644	harbor2	chr11	108032921	108033600	LTR/ERVL	2707	-	340	108033261	10617
chr11	108022644	108222644	harbor2	chr11	108034036	108034536	LTR/ERVL	2692	-	250	108034286	11642
chr11	108022644	108222644	harbor2	chr11	108034539	108035454	LTR/ERVL	10848	-	458	108034997	12353
chr11	108022644	108222644	harbor2	chr11	108036779	108037366	LTR/ERVL	10848	-	294	108037073	14429
chr11	108022644	108222644	harbor2	chr11	108037391	108037923	LTR/ERVL	2639	-	266	108037657	15013
chr11	108022644	108222644	harbor2	chr11	108035768	108036479	LTR/ERVL	10848	-	356	108036124	13480
chr11	68349400	68549400	harbor2	chr11	68444090	68444232	LTR/ERVL	787	-	71	68444161	94761
chr11	68349400	68549400	harbor2	chr11	68444516	68444692	LTR/ERVL	787	-	88	68444604	95204
chr11	879475	1079475	harbor2	chr11	956836	957661	LTR/ERVL	2511	-	412	957248	77773
chr11	64538595	64738595	harbor2	chr11	64548170	64548471	LTR/ERVL	759	-	150	64548320	9725
chr11	64538595	64738595	harbor2	chr11	64571661	64572162	LTR/ERVL	1613	-	250	64571911	33316
chr11	64538595	64738595	harbor2	chr11	64599167	64599573	LTR/ERVL	826	-	203	64599370	60775
chr11	76580961	76780961	harbor2	chr11	76600126	76600524	LTR/ERVL	844	-	199	76600325	19364
chr11	76580961	76780961	harbor2	chr11	76601701	76602079	LTR/ERVL	1343	-	189	76601890	20929
chr11	76580961	76780961	harbor2	chr11	76639479	76639917	LTR/ERVL	1140	-	219	76639698	58737
chr11	76580925	76780925	harbor2	chr11	76600126	76600524	LTR/ERVL	844	-	199	76600325	19400
chr11	76580925	76780925	harbor2	chr11	76601701	76602079	LTR/ERVL	1343	-	189	76601890	20965
chr11	76580925	76780925	harbor2	chr11	76639479	76639917	LTR/ERVL	1140	-	219	76639698	58773
chr11	76580957	76780957	harbor2	chr11	76600126	76600524	LTR/ERVL	844	-	199	76600325	19368
chr11	76580957	76780957	harbor2	chr11	76601701	76602079	LTR/ERVL	1343	-	189	76601890	20933
chr11	76580957	76780957	harbor2	chr11	76639479	76639917	LTR/ERVL	1140	-	219	76639698	58741
chr11	113925194	114125194	harbor2	chr11	113954212	113954775	LTR/ERVL	2402	-	282	113954494	29300
chr11	5280970	5480970	harbor2	chr11	5348653	5348858	LTR/ERVL	1305	-	102	5348755	67785
chr11	5280970	5480970	harbor2	chr11	5341110	5341266	LTR/ERVL	417	-	78	5341188	60218
chr11	75668641	75868641	harbor2	chr11	75732264	75732467	LTR/ERVL	547	-	102	75732366	63725
chr11	6202662	6402662	harbor2	chr11	6257499	6257940	LTR/ERVL	2044	-	220	6257719	55057
chr11	108022180	108222180	harbor2	chr11	108032921	108033600	LTR/ERVL	2707	-	340	108033261	11081
chr11	108022180	108222180	harbor2	chr11	108034036	108034536	LTR/ERVL	2692	-	250	108034286	12106
chr11	108022180	108222180	harbor2	chr11	108034539	108035454	LTR/ERVL	10848	-	458	108034997	12817
chr11	108022180	108222180	harbor2	chr11	108036779	108037366	LTR/ERVL	10848	-	294	108037073	14893
chr11	108022180	108222180	harbor2	chr11	108037391	108037923	LTR/ERVL	2639	-	266	108037657	15477
chr11	108022180	108222180	harbor2	chr11	108035768	108036479	LTR/ERVL	10848	-	356	108036124	13944
chr11	120017923	120217923	harbor2	chr11	120025328	120025715	LTR/ERVL	779	-	194	120025522	7599
chr11	120017923	120217923	harbor2	chr11	120027155	120027251	LTR/ERVL	779	-	48	120027203	9280
chr11	120017923	120217923	harbor2	chr11	120064369	120064939	LTR/ERVL	1688	-	285	120064654	46731
chr11	93068304	93268304	harbor2	chr11	93080084	93080695	LTR/ERVL	3167	-	306	93080390	12086
chr11	93068304	93268304	harbor2	chr11	93114038	93114814	LTR/ERVL	2846	-	388	93114426	46122
chr11	6215101	6415101	harbor2	chr11	6257499	6257940	LTR/ERVL	2044	-	220	6257719	42618
chr11	71257652	71457652	harbor2	chr11	71303673	71304137	LTR/ERVL	1284	-	232	71303905	46253
chr11	71257652	71457652	harbor2	chr11	71333240	71333367	LTR/ERVL	404	-	64	71333304	75652
chr11	71257652	71457652	harbor2	chr11	71333431	71333597	LTR/ERVL	567	-	83	71333514	75862
chr11	71257652	71457652	harbor2	chr11	71355465	71355506	LTR/ERVL	2911	-	20	71355485	97833
chr11	71257652	71457652	harbor2	chr11	71355536	71355929	LTR/ERVL	2911	-	196	71355732	98080
chr11	84730966	84930966	harbor2	chr11	84802324	84802365	LTR/ERVL	511	-	20	84802344	71378
chr11	84730966	84930966	harbor2	chr11	84802398	84802734	LTR/ERVL	511	-	168	84802566	71600
chr11	71765031	71965031	harbor2	chr11	71768931	71769190	LTR/ERVL	1038	-	130	71769061	4030
chr11	75668758	75868758	harbor2	chr11	75732264	75732467	LTR/ERVL	547	-	102	75732366	63608
chr11	73052995	73252995	harbor2	chr11	73101858	73102045	LTR/ERVL	830	-	94	73101952	48957
chr11	73052995	73252995	harbor2	chr11	73115554	73115982	LTR/ERVL	2151	-	214	73115768	62773
chr11	119008595	119208595	harbor2	chr11	119009426	119009710	LTR/ERVL	1299	-	142	119009568	973
chr11	69541435	69741435	harbor2	chr11	69546464	69546568	LTR/ERVL	430	-	52	69546516	5081
chr11	69541435	69741435	harbor2	chr11	69572539	69572872	LTR/ERVL	425	-	166	69572705	31270
chr11	69541435	69741435	harbor2	chr11	69581448	69581834	LTR/ERVL	1742	-	193	69581641	40206
chr11	69541435	69741435	harbor2	chr11	69606279	69606769	LTR/ERVL	727	-	245	69606524	65089
chr11	69541435	69741435	harbor2	chr11	69609135	69609874	LTR/ERVL	1630	-	370	69609505	68070
chr11	69541435	69741435	harbor2	chr11	69610208	69610466	LTR/ERVL	463	-	129	69610337	68902
chr11	76603574	76803574	harbor2	chr11	76639479	76639917	LTR/ERVL	1140	-	219	76639698	36124
chr11	33157293	33357293	harbor2	chr11	33177752	33178148	LTR/ERVL	1774	-	198	33177950	20657
chr11	33157293	33357293	harbor2	chr11	33182191	33182804	LTR/ERVL	2816	-	306	33182497	25204
chr11	65514089	65714089	harbor2	chr11	65561183	65561450	LTR/ERVL	488	-	134	65561317	47228
chr11	65514089	65714089	harbor2	chr11	65566857	65567213	LTR/ERVL	1547	-	178	65567035	52946
chr11	63804348	64004348	harbor2	chr11	63811247	63811284	LTR/ERVL	1919	-	18	63811265	6917
chr11	63804348	64004348	harbor2	chr11	63811588	63812080	LTR/ERVL	1919	-	246	63811834	7486
chr11	63804348	64004348	harbor2	chr11	63830564	63830866	LTR/ERVL	2693	-	151	63830715	26367
chr11	63804348	64004348	harbor2	chr11	63831162	63831672	LTR/ERVL	2693	-	255	63831417	27069
chr11	69540515	69740515	harbor2	chr11	69546464	69546568	LTR/ERVL	430	-	52	69546516	6001
chr11	69540515	69740515	harbor2	chr11	69572539	69572872	LTR/ERVL	425	-	166	69572705	32190
chr11	69540515	69740515	harbor2	chr11	69581448	69581834	LTR/ERVL	1742	-	193	69581641	41126
chr11	69540515	69740515	harbor2	chr11	69606279	69606769	LTR/ERVL	727	-	245	69606524	66009
chr11	69540515	69740515	harbor2	chr11	69609135	69609874	LTR/ERVL	1630	-	370	69609505	68990
chr11	69540515	69740515	harbor2	chr11	69610208	69610466	LTR/ERVL	463	-	129	69610337	69822
chr11	688408	888408	harbor2	chr11	737620	738343	LTR/ERVL	2649	-	362	737982	49574
chr11	688408	888408	harbor2	chr11	738722	738843	LTR/ERVL	437	-	60	738782	50374
chr11	1449439	1649439	harbor2	chr11	1539569	1540013	LTR/ERVL	681	-	222	1539791	90352
chr11	3127659	3327659	harbor2	chr11	3223874	3224369	LTR/ERVL	1676	-	248	3224122	96463
chr11	69543489	69743489	harbor2	chr11	69546464	69546568	LTR/ERVL	430	-	52	69546516	3027
chr11	69543489	69743489	harbor2	chr11	69572539	69572872	LTR/ERVL	425	-	166	69572705	29216
chr11	69543489	69743489	harbor2	chr11	69581448	69581834	LTR/ERVL	1742	-	193	69581641	38152
chr11	69543489	69743489	harbor2	chr11	69606279	69606769	LTR/ERVL	727	-	245	69606524	63035
chr11	69543489	69743489	harbor2	chr11	69609135	69609874	LTR/ERVL	1630	-	370	69609505	66016
chr11	69543489	69743489	harbor2	chr11	69610208	69610466	LTR/ERVL	463	-	129	69610337	66848
chr11	65972907	66172907	harbor2	chr11	66031354	66031707	LTR/ERVL	843	-	176	66031530	58623
chr11	69575463	69775463	harbor2	chr11	69581448	69581834	LTR/ERVL	1742	-	193	69581641	6178
chr11	69575463	69775463	harbor2	chr11	69606279	69606769	LTR/ERVL	727	-	245	69606524	31061
chr11	69575463	69775463	harbor2	chr11	69609135	69609874	LTR/ERVL	1630	-	370	69609505	34042
chr11	69575463	69775463	harbor2	chr11	69610208	69610466	LTR/ERVL	463	-	129	69610337	34874
chr11	31724775	31924775	harbor2	chr11	31773266	31773791	LTR/ERVL	857	-	262	31773528	48753
chr11	76581002	76781002	harbor2	chr11	76600126	76600524	LTR/ERVL	844	-	199	76600325	19323
chr11	76581002	76781002	harbor2	chr11	76601701	76602079	LTR/ERVL	1343	-	189	76601890	20888
chr11	76581002	76781002	harbor2	chr11	76639479	76639917	LTR/ERVL	1140	-	219	76639698	58696
chr11	6512668	6712668	harbor2	chr11	6592816	6592971	LTR/ERVL	625	-	78	6592894	80226
chr11	64538784	64738784	harbor2	chr11	64548170	64548471	LTR/ERVL	759	-	150	64548320	9536
chr11	64538784	64738784	harbor2	chr11	64571661	64572162	LTR/ERVL	1613	-	250	64571911	33127
chr11	64538784	64738784	harbor2	chr11	64599167	64599573	LTR/ERVL	826	-	203	64599370	60586
chr11	6204994	6404994	harbor2	chr11	6257499	6257940	LTR/ERVL	2044	-	220	6257719	52725
chr11	113775362	113975362	harbor2	chr11	113849951	113850064	LTR/ERVL	632	-	56	113850007	74645
chr11	113775362	113975362	harbor2	chr11	113864330	113864852	LTR/ERVL	2321	-	261	113864591	89229
chr11	6201292	6401292	harbor2	chr11	6257499	6257940	LTR/ERVL	2044	-	220	6257719	56427
chr11	3994559	4194559	harbor2	chr11	4026486	4027182	LTR/ERVL	1573	-	348	4026834	32275
chr11	76580962	76780962	harbor2	chr11	76600126	76600524	LTR/ERVL	844	-	199	76600325	19363
chr11	76580962	76780962	harbor2	chr11	76601701	76602079	LTR/ERVL	1343	-	189	76601890	20928
chr11	76580962	76780962	harbor2	chr11	76639479	76639917	LTR/ERVL	1140	-	219	76639698	58736
chr11	69540279	69740279	harbor2	chr11	69546464	69546568	LTR/ERVL	430	-	52	69546516	6237
chr11	69540279	69740279	harbor2	chr11	69572539	69572872	LTR/ERVL	425	-	166	69572705	32426
chr11	69540279	69740279	harbor2	chr11	69581448	69581834	LTR/ERVL	1742	-	193	69581641	41362
chr11	69540279	69740279	harbor2	chr11	69606279	69606769	LTR/ERVL	727	-	245	69606524	66245
chr11	69540279	69740279	harbor2	chr11	69609135	69609874	LTR/ERVL	1630	-	370	69609505	69226
chr11	69540279	69740279	harbor2	chr11	69610208	69610466	LTR/ERVL	463	-	129	69610337	70058
chr11	3131136	3331136	harbor2	chr11	3223874	3224369	LTR/ERVL	1676	-	248	3224122	92986
chr11	134971985	135171985	harbor2	chr11	135021794	135022296	LTR/ERVL	1873	-	251	135022045	50060
chr11	134971985	135171985	harbor2	chr11	135022877	135023467	LTR/ERVL	3206	-	295	135023172	51187
chr11	134971985	135171985	harbor2	chr11	135023468	135023785	LTR/ERVL	1184	-	158	135023626	51641
chr11	76580938	76780938	harbor2	chr11	76600126	76600524	LTR/ERVL	844	-	199	76600325	19387
chr11	76580938	76780938	harbor2	chr11	76601701	76602079	LTR/ERVL	1343	-	189	76601890	20952
chr11	76580938	76780938	harbor2	chr11	76639479	76639917	LTR/ERVL	1140	-	219	76639698	58760
chr11	33594688	33794688	harbor2	chr11	33622216	33622482	LTR/ERVL	778	-	133	33622349	27661
chr11	33594688	33794688	harbor2	chr11	33622530	33622707	LTR/ERVL	573	-	88	33622618	27930
chr11	33594688	33794688	harbor2	chr11	33624056	33624343	LTR/ERVL	990	-	144	33624200	29512
chr11	33594688	33794688	harbor2	chr11	33644889	33645068	LTR/ERVL	547	-	90	33644979	50291
chr11	33594688	33794688	harbor2	chr11	33645186	33645630	LTR/ERVL	814	-	222	33645408	50720
chr11	76597028	76797028	harbor2	chr11	76600126	76600524	LTR/ERVL	844	-	199	76600325	3297
chr11	76597028	76797028	harbor2	chr11	76601701	76602079	LTR/ERVL	1343	-	189	76601890	4862
chr11	76597028	76797028	harbor2	chr11	76639479	76639917	LTR/ERVL	1140	-	219	76639698	42670
chr11	31726461	31926461	harbor2	chr11	31773266	31773791	LTR/ERVL	857	-	262	31773528	47067
chr11	3206827	3406827	harbor2	chr11	3223874	3224369	LTR/ERVL	1676	-	248	3224122	17295
chr11	2056654	2256654	harbor2	chr11	2072427	2072711	LTR/ERVL	439	-	142	2072569	15915
chr11	2056654	2256654	harbor2	chr11	2072924	2073468	LTR/ERVL	1304	-	272	2073196	16542
chr11	2056654	2256654	harbor2	chr11	2073854	2074191	LTR/ERVL	518	-	168	2074022	17368
chr11	2056654	2256654	harbor2	chr11	2075623	2075953	LTR/ERVL	970	-	165	2075788	19134
chr11	2056654	2256654	harbor2	chr11	2075983	2076294	LTR/ERVL	966	-	156	2076139	19485
chr11	2056654	2256654	harbor2	chr11	2076635	2076913	LTR/ERVL	966	-	139	2076774	20120
chr11	65289218	65489218	harbor2	chr11	65329893	65330160	LTR/ERVL	741	-	134	65330027	40809
chr11	64546462	64746462	harbor2	chr11	64548170	64548471	LTR/ERVL	759	-	150	64548320	1858
chr11	64546462	64746462	harbor2	chr11	64571661	64572162	LTR/ERVL	1613	-	250	64571911	25449
chr11	64546462	64746462	harbor2	chr11	64599167	64599573	LTR/ERVL	826	-	203	64599370	52908
chr11	65481636	65681636	harbor2	chr11	65561183	65561450	LTR/ERVL	488	-	134	65561317	79681
chr11	65481636	65681636	harbor2	chr11	65566857	65567213	LTR/ERVL	1547	-	178	65567035	85399
chr11	64348940	64548940	harbor2	chr11	64400005	64400421	LTR/ERVL	1383	-	208	64400213	51273
chr11	64348940	64548940	harbor2	chr11	64442028	64442290	LTR/ERVL	613	-	131	64442159	93219
chr11	86702251	86902251	harbor2	chr11	86748957	86749033	LTR/ERVL	969	-	38	86748995	46744
chr11	86702251	86902251	harbor2	chr11	86749330	86749739	LTR/ERVL	969	-	204	86749534	47283
chr11	69539137	69739137	harbor2	chr11	69546464	69546568	LTR/ERVL	430	-	52	69546516	7379
chr11	69539137	69739137	harbor2	chr11	69572539	69572872	LTR/ERVL	425	-	166	69572705	33568
chr11	69539137	69739137	harbor2	chr11	69581448	69581834	LTR/ERVL	1742	-	193	69581641	42504
chr11	69539137	69739137	harbor2	chr11	69606279	69606769	LTR/ERVL	727	-	245	69606524	67387
chr11	69539137	69739137	harbor2	chr11	69609135	69609874	LTR/ERVL	1630	-	370	69609505	70368
chr11	69539137	69739137	harbor2	chr11	69610208	69610466	LTR/ERVL	463	-	129	69610337	71200
chr11	69540570	69740570	harbor2	chr11	69546464	69546568	LTR/ERVL	430	-	52	69546516	5946
chr11	69540570	69740570	harbor2	chr11	69572539	69572872	LTR/ERVL	425	-	166	69572705	32135
chr11	69540570	69740570	harbor2	chr11	69581448	69581834	LTR/ERVL	1742	-	193	69581641	41071
chr11	69540570	69740570	harbor2	chr11	69606279	69606769	LTR/ERVL	727	-	245	69606524	65954
chr11	69540570	69740570	harbor2	chr11	69609135	69609874	LTR/ERVL	1630	-	370	69609505	68935
chr11	69540570	69740570	harbor2	chr11	69610208	69610466	LTR/ERVL	463	-	129	69610337	69767
chr11	19614222	19814222	harbor2	chr11	19694082	19694500	LTR/ERVL	992	-	209	19694291	80069
chr11	682049	882049	harbor2	chr11	737620	738343	LTR/ERVL	2649	-	362	737982	55933
chr11	682049	882049	harbor2	chr11	738722	738843	LTR/ERVL	437	-	60	738782	56733
chr11	2300595	2500595	harbor2	chr11	2321461	2321709	LTR/ERVL	505	-	124	2321585	20990
chr11	2300595	2500595	harbor2	chr11	2330964	2331243	LTR/ERVL	993	-	140	2331104	30509
chr11	2300595	2500595	harbor2	chr11	2331665	2331715	LTR/ERVL	993	-	25	2331690	31095
chr11	2300595	2500595	harbor2	chr11	2342574	2342725	LTR/ERVL	706	-	76	2342650	42055
chr11	2300595	2500595	harbor2	chr11	2347459	2347973	LTR/ERVL	2453	-	257	2347716	47121
chr11	64538410	64738410	harbor2	chr11	64548170	64548471	LTR/ERVL	759	-	150	64548320	9910
chr11	64538410	64738410	harbor2	chr11	64571661	64572162	LTR/ERVL	1613	-	250	64571911	33501
chr11	64538410	64738410	harbor2	chr11	64599167	64599573	LTR/ERVL	826	-	203	64599370	60960
chr11	5280964	5480964	harbor2	chr11	5348653	5348858	LTR/ERVL	1305	-	102	5348755	67791
chr11	5280964	5480964	harbor2	chr11	5341110	5341266	LTR/ERVL	417	-	78	5341188	60224
chr11	86937893	87137893	harbor2	chr11	86977891	86977980	LTR/ERVL	723	-	44	86977935	40042
chr11	86937893	87137893	harbor2	chr11	86978210	86978308	LTR/ERVL	723	-	49	86978259	40366
chr11	86937893	87137893	harbor2	chr11	86978308	86978455	LTR/ERVL	558	-	74	86978382	40489
chr11	86937893	87137893	harbor2	chr11	86978518	86978662	LTR/ERVL	528	-	72	86978590	40697
chr12	49267179	49467179	harbor2	chr12	49314789	49315343	LTR/ERVL	2307	-	277	49315066	47887
chr12	132661852	132861852	harbor2	chr12	132760288	132761044	LTR/ERVL	3171	-	378	132760666	98814
chr12	49268868	49468868	harbor2	chr12	49314789	49315343	LTR/ERVL	2307	-	277	49315066	46198
chr12	56388130	56588130	harbor2	chr12	56405182	56405339	LTR/ERVL	1043	-	78	56405260	17130
chr12	6864625	7064625	harbor2	chr12	6907721	6908244	LTR/ERVL	2490	-	262	6907983	43358
chr12	6864625	7064625	harbor2	chr12	6908845	6909022	LTR/ERVL	808	-	88	6908933	44308
chr12	49267798	49467798	harbor2	chr12	49314789	49315343	LTR/ERVL	2307	-	277	49315066	47268
chr12	49289912	49489912	harbor2	chr12	49314789	49315343	LTR/ERVL	2307	-	277	49315066	25154
chr12	6864291	7064291	harbor2	chr12	6907721	6908244	LTR/ERVL	2490	-	262	6907983	43692
chr12	6864291	7064291	harbor2	chr12	6908845	6909022	LTR/ERVL	808	-	88	6908933	44642
chr12	110181171	110381171	harbor2	chr12	110181780	110182194	LTR/ERVL	1746	-	207	110181987	816
chr12	110181171	110381171	harbor2	chr12	110183779	110184068	LTR/ERVL	1368	-	144	110183923	2752
chr12	110181171	110381171	harbor2	chr12	110184370	110184510	LTR/ERVL	1368	-	70	110184440	3269
chr12	110181171	110381171	harbor2	chr12	110184511	110184980	LTR/ERVL	2273	-	234	110184745	3574
chr12	110181171	110381171	harbor2	chr12	110184981	110185127	LTR/ERVL	1368	-	73	110185054	3883
chr12	110181171	110381171	harbor2	chr12	110258778	110259067	LTR/ERVL	1649	-	144	110258922	77751
chr12	110181171	110381171	harbor2	chr12	110259367	110259495	LTR/ERVL	1649	-	64	110259431	78260
chr12	110181171	110381171	harbor2	chr12	110182195	110183783	LTR/ERVL	3370	-	794	110182989	1818
chr12	123153661	123353661	harbor2	chr12	123251885	123252056	LTR/ERVL	1072	-	86	123251971	98310
chr12	6863578	7063578	harbor2	chr12	6907721	6908244	LTR/ERVL	2490	-	262	6907983	44405
chr12	6863578	7063578	harbor2	chr12	6908845	6909022	LTR/ERVL	808	-	88	6908933	45355
chr12	10113589	10313589	harbor2	chr12	10205448	10205892	LTR/ERVL	1250	-	222	10205670	92081
chr12	51585388	51785388	harbor2	chr12	51625966	51626297	LTR/ERVL	1562	-	166	51626132	40744
chr12	49267227	49467227	harbor2	chr12	49314789	49315343	LTR/ERVL	2307	-	277	49315066	47839
chr12	49267168	49467168	harbor2	chr12	49314789	49315343	LTR/ERVL	2307	-	277	49315066	47898
chr12	6864653	7064653	harbor2	chr12	6907721	6908244	LTR/ERVL	2490	-	262	6907983	43330
chr12	6864653	7064653	harbor2	chr12	6908845	6909022	LTR/ERVL	808	-	88	6908933	44280
chr12	130739294	130939294	harbor2	chr12	130759792	130760118	LTR/ERVL	731	-	163	130759955	20661
chr12	130739294	130939294	harbor2	chr12	130774210	130774229	LTR/ERVL	646	-	10	130774220	34926
chr12	130739294	130939294	harbor2	chr12	130774538	130774785	LTR/ERVL	646	-	124	130774662	35368
chr12	130739294	130939294	harbor2	chr12	130806215	130806675	LTR/ERVL	812	-	230	130806445	67151
chr12	130064326	130264326	harbor2	chr12	130138967	130139235	LTR/ERVL	876	-	134	130139101	74775
chr12	130064326	130264326	harbor2	chr12	130150955	130151307	LTR/ERVL	1223	-	176	130151131	86805
chr12	54117976	54317976	harbor2	chr12	54179566	54180394	LTR/ERVL	1517	-	414	54179980	62004
chr12	54117976	54317976	harbor2	chr12	54189564	54190062	LTR/ERVL	2485	-	249	54189813	71837
chr12	52212987	52412987	harbor2	chr12	52220206	52221065	LTR/ERVL	3283	-	430	52220636	7649
chr12	52212987	52412987	harbor2	chr12	52264744	52264899	LTR/ERVL	1285	-	78	52264822	51835
chr12	52212987	52412987	harbor2	chr12	52310245	52310400	LTR/ERVL	679	-	78	52310323	97336
chr12	89254755	89454755	harbor2	chr12	89276883	89277169	LTR/ERVL	1082	-	143	89277026	22271
chr12	89254755	89454755	harbor2	chr12	89288714	89288790	LTR/ERVL	2020	-	38	89288752	33997
chr12	89254755	89454755	harbor2	chr12	89288829	89289246	LTR/ERVL	2020	-	208	89289037	34282
chr12	89254755	89454755	harbor2	chr12	89291782	89292165	LTR/ERVL	757	-	192	89291974	37219
chr12	53852095	54052095	harbor2	chr12	53913608	53913715	LTR/ERVL	543	-	54	53913662	61567
chr12	53852095	54052095	harbor2	chr12	53914224	53914569	LTR/ERVL	1147	-	172	53914396	62301
chr12	6864139	7064139	harbor2	chr12	6907721	6908244	LTR/ERVL	2490	-	262	6907983	43844
chr12	6864139	7064139	harbor2	chr12	6908845	6909022	LTR/ERVL	808	-	88	6908933	44794
chr12	114565308	114765308	harbor2	chr12	114591903	114592090	LTR/ERVL	784	-	94	114591997	26689
chr12	114565308	114765308	harbor2	chr12	114592599	114592738	LTR/ERVL	784	-	70	114592669	27361
chr12	121712062	121912062	harbor2	chr12	121723403	121723673	LTR/ERVL	711	-	135	121723538	11476
chr12	121712062	121912062	harbor2	chr12	121755595	121756006	LTR/ERVL	1046	-	206	121755801	43739
chr12	96299869	96499869	harbor2	chr12	96360845	96361512	LTR/ERVL	1899	-	334	96361179	61310
chr12	123358547	123558547	harbor2	chr12	123378811	123379053	LTR/ERVL	807	-	121	123378932	20385
chr12	123358547	123558547	harbor2	chr12	123379354	123379699	LTR/ERVL	807	-	172	123379526	20979
chr12	123358547	123558547	harbor2	chr12	123441851	123441989	LTR/ERVL	613	-	69	123441920	83373
chr12	66144148	66344148	harbor2	chr12	66164195	66164603	LTR/ERVL	2207	-	204	66164399	20251
chr12	66144148	66344148	harbor2	chr12	66230270	66230655	LTR/ERVL	813	-	192	66230462	86314
chr12	6870712	7070712	harbor2	chr12	6907721	6908244	LTR/ERVL	2490	-	262	6907983	37271
chr12	6870712	7070712	harbor2	chr12	6908845	6909022	LTR/ERVL	808	-	88	6908933	38221
chr12	25007052	25207052	harbor2	chr12	25009581	25010067	LTR/ERVL	2263	-	243	25009824	2772
chr12	25007052	25207052	harbor2	chr12	25068269	25068874	LTR/ERVL	3717	-	302	25068571	61519
chr12	25007052	25207052	harbor2	chr12	25067266	25067675	LTR/ERVL	3717	-	204	25067470	60418
chr12	132661884	132861884	harbor2	chr12	132760288	132761044	LTR/ERVL	3171	-	378	132760666	98782
chr12	65456928	65656928	harbor2	chr12	65496545	65496962	LTR/ERVL	1472	-	208	65496753	39825
chr13	94616682	94816682	harbor2	chr13	94635063	94635438	LTR/ERVL	894	-	188	94635251	18569
chr13	37193965	37393965	harbor2	chr13	37242123	37242297	LTR/ERVL	616	-	87	37242210	48245
chr13	20320596	20520596	harbor2	chr13	20333721	20334109	LTR/ERVL	1972	-	194	20333915	13319
chr13	20320596	20520596	harbor2	chr13	20372018	20372446	LTR/ERVL	1660	-	214	20372232	51636
chr13	20320596	20520596	harbor2	chr13	20417883	20418257	LTR/ERVL	1303	-	187	20418070	97474
chr13	27730189	27930189	harbor2	chr13	27753379	27753765	LTR/ERVL	2227	-	193	27753572	23383
chr13	27730189	27930189	harbor2	chr13	27754068	27754135	LTR/ERVL	2227	-	34	27754102	23913
chr13	27730189	27930189	harbor2	chr13	27779076	27779526	LTR/ERVL	1832	-	225	27779301	49112
chr13	27730189	27930189	harbor2	chr13	27796135	27796402	LTR/ERVL	977	-	134	27796269	66080
chr13	113726141	113926141	harbor2	chr13	113810465	113810812	LTR/ERVL	443	-	174	113810639	84498
chr13	20315103	20515103	harbor2	chr13	20333721	20334109	LTR/ERVL	1972	-	194	20333915	18812
chr13	20315103	20515103	harbor2	chr13	20372018	20372446	LTR/ERVL	1660	-	214	20372232	57129
chr13	113726140	113926140	harbor2	chr13	113810465	113810812	LTR/ERVL	443	-	174	113810639	84499
chr13	113726144	113926144	harbor2	chr13	113810465	113810812	LTR/ERVL	443	-	174	113810639	84495
chr13	20329118	20529118	harbor2	chr13	20333721	20334109	LTR/ERVL	1972	-	194	20333915	4797
chr13	20329118	20529118	harbor2	chr13	20372018	20372446	LTR/ERVL	1660	-	214	20372232	43114
chr13	20329118	20529118	harbor2	chr13	20417883	20418257	LTR/ERVL	1303	-	187	20418070	88952
chr13	60297202	60497202	harbor2	chr13	60311740	60311953	LTR/ERVL	655	-	106	60311846	14644
chr13	110254735	110454735	harbor2	chr13	110296531	110297347	LTR/ERVL	3808	-	408	110296939	42204
chr13	100848871	101048871	harbor2	chr13	100897319	100897726	LTR/ERVL	1598	-	204	100897523	48652
chr13	100848871	101048871	harbor2	chr13	100925733	100925922	LTR/ERVL	877	-	94	100925827	76956
chr13	113736144	113936144	harbor2	chr13	113810465	113810812	LTR/ERVL	443	-	174	113810639	74495
chr13	113727215	113927215	harbor2	chr13	113810465	113810812	LTR/ERVL	443	-	174	113810639	83424
chr13	24181626	24381626	harbor2	chr13	24185745	24186172	LTR/ERVL	2054	-	214	24185959	4333
chr13	24181626	24381626	harbor2	chr13	24217616	24218009	LTR/ERVL	948	-	196	24217812	36186
chr13	24181626	24381626	harbor2	chr13	24232026	24232493	LTR/ERVL	2049	-	234	24232260	50634
chr13	24181626	24381626	harbor2	chr13	24254725	24255136	LTR/ERVL	566	-	206	24254931	73305
chr13	24181626	24381626	harbor2	chr13	24255256	24255552	LTR/ERVL	597	-	148	24255404	73778
chr13	110779820	110979820	harbor2	chr13	110850741	110850894	LTR/ERVL	469	-	76	110850817	70997
chr13	58429168	58629168	harbor2	chr13	58429098	58429375	LTR/ERVL	740	-	138	58429236	68
chr13	58429168	58629168	harbor2	chr13	58448498	58449117	LTR/ERVL	689	-	310	58448808	19640
chr13	27730181	27930181	harbor2	chr13	27753379	27753765	LTR/ERVL	2227	-	193	27753572	23391
chr13	27730181	27930181	harbor2	chr13	27754068	27754135	LTR/ERVL	2227	-	34	27754102	23921
chr13	27730181	27930181	harbor2	chr13	27779076	27779526	LTR/ERVL	1832	-	225	27779301	49120
chr13	27730181	27930181	harbor2	chr13	27796135	27796402	LTR/ERVL	977	-	134	27796269	66088
chr13	28720903	28920903	harbor2	chr13	28732310	28732475	LTR/ERVL	567	-	82	28732392	11489
chr13	28720903	28920903	harbor2	chr13	28739802	28740245	LTR/ERVL	3542	-	222	28740024	19121
chr13	28720903	28920903	harbor2	chr13	28817117	28817567	LTR/ERVL	1763	-	225	28817342	96439
chr13	113727457	113927457	harbor2	chr13	113810465	113810812	LTR/ERVL	443	-	174	113810639	83182
chr13	113726159	113926159	harbor2	chr13	113810465	113810812	LTR/ERVL	443	-	174	113810639	84480
chr13	110254770	110454770	harbor2	chr13	110296531	110297347	LTR/ERVL	3808	-	408	110296939	42169
chr13	113726150	113926150	harbor2	chr13	113810465	113810812	LTR/ERVL	443	-	174	113810639	84489
chr13	99535043	99735043	harbor2	chr13	99581478	99581604	LTR/ERVL	482	-	63	99581541	46498
chr13	99535043	99735043	harbor2	chr13	99584296	99584797	LTR/ERVL	886	-	250	99584546	49503
chr13	99535043	99735043	harbor2	chr13	99581712	99582117	LTR/ERVL	1798	-	202	99581914	46871
chr13	23074893	23274893	harbor2	chr13	23131783	23131855	LTR/ERVL	894	-	36	23131819	56926
chr13	23074893	23274893	harbor2	chr13	23132155	23132628	LTR/ERVL	894	-	236	23132391	57498
chr13	23074893	23274893	harbor2	chr13	23172983	23173419	LTR/ERVL	818	-	218	23173201	98308
chr13	113737492	113937492	harbor2	chr13	113810465	113810812	LTR/ERVL	443	-	174	113810639	73147
chr13	51842701	52042701	harbor2	chr13	51848084	51848209	LTR/ERVL	434	-	62	51848146	5445
chr13	51842701	52042701	harbor2	chr13	51896948	51897217	LTR/ERVL	1250	-	134	51897082	54381
chr13	51842701	52042701	harbor2	chr13	51897514	51897644	LTR/ERVL	1250	-	65	51897579	54878
chr13	51842701	52042701	harbor2	chr13	51898247	51898334	LTR/ERVL	1250	-	44	51898291	55590
chr13	51842701	52042701	harbor2	chr13	51902865	51903043	LTR/ERVL	606	-	89	51902954	60253
chr13	22891244	23091244	harbor2	chr13	22927361	22928048	LTR/ERVL	3824	-	344	22927705	36461
chr13	22891244	23091244	harbor2	chr13	22928056	22928613	LTR/ERVL	15072	-	278	22928334	37090
chr13	22891244	23091244	harbor2	chr13	22928919	22929460	LTR/ERVL	15072	-	270	22929189	37945
chr13	22891244	23091244	harbor2	chr13	22929616	22931271	LTR/ERVL	15072	-	828	22930444	39200
chr13	22891244	23091244	harbor2	chr13	22931276	22931755	LTR/ERVL	1961	-	240	22931516	40272
chr13	22891244	23091244	harbor2	chr13	22984473	22984836	LTR/ERVL	1792	-	182	22984655	93411
chr13	100665338	100865338	harbor2	chr13	100728110	100728595	LTR/ERVL	2437	-	242	100728352	63014
chr13	100665338	100865338	harbor2	chr13	100730685	100730835	LTR/ERVL	496	-	75	100730760	65422
chr13	113739633	113939633	harbor2	chr13	113810465	113810812	LTR/ERVL	443	-	174	113810639	71006
chr13	110290586	110490586	harbor2	chr13	110296531	110297347	LTR/ERVL	3808	-	408	110296939	6353
chr13	113734431	113934431	harbor2	chr13	113810465	113810812	LTR/ERVL	443	-	174	113810639	76208
chr13	112675199	112875199	harbor2	chr13	112688451	112688775	LTR/ERVL	414	-	162	112688613	13414
chr13	112675199	112875199	harbor2	chr13	112724209	112724412	LTR/ERVL	559	-	102	112724311	49112
chr13	112675199	112875199	harbor2	chr13	112771590	112772217	LTR/ERVL	2961	-	314	112771904	96705
chr13	113750098	113950098	harbor2	chr13	113810465	113810812	LTR/ERVL	443	-	174	113810639	60541
chr13	75441536	75641536	harbor2	chr13	75450579	75450999	LTR/ERVL	952	-	210	75450789	9253
chr13	75441536	75641536	harbor2	chr13	75493037	75493476	LTR/ERVL	515	-	220	75493257	51721
chr13	51351715	51551715	harbor2	chr13	51370465	51370999	LTR/ERVL	2298	-	267	51370732	19017
chr13	20329143	20529143	harbor2	chr13	20333721	20334109	LTR/ERVL	1972	-	194	20333915	4772
chr13	20329143	20529143	harbor2	chr13	20372018	20372446	LTR/ERVL	1660	-	214	20372232	43089
chr13	20329143	20529143	harbor2	chr13	20417883	20418257	LTR/ERVL	1303	-	187	20418070	88927
chr14	103242844	103442844	harbor2	chr14	103255964	103256175	LTR/ERVL	4438	-	106	103256070	13226
chr14	103242844	103442844	harbor2	chr14	103256464	103256883	LTR/ERVL	4438	-	210	103256674	13830
chr14	67141303	67341303	harbor2	chr14	67186347	67186630	LTR/ERVL	767	-	142	67186489	45186
chr14	67141303	67341303	harbor2	chr14	67186671	67186880	LTR/ERVL	489	-	104	67186775	45472
chr14	24047658	24247658	harbor2	chr14	24090221	24090636	LTR/ERVL	1257	-	208	24090429	42771
chr14	64418631	64618631	harbor2	chr14	64437437	64437866	LTR/ERVL	1893	-	214	64437651	19020
chr14	64418631	64618631	harbor2	chr14	64438202	64438463	LTR/ERVL	656	-	130	64438332	19701
chr14	67141327	67341327	harbor2	chr14	67186347	67186630	LTR/ERVL	767	-	142	67186489	45162
chr14	67141327	67341327	harbor2	chr14	67186671	67186880	LTR/ERVL	489	-	104	67186775	45448
chr14	99583954	99783954	harbor2	chr14	99653802	99653909	LTR/ERVL	1526	-	54	99653856	69902
chr14	99583954	99783954	harbor2	chr14	99654219	99654625	LTR/ERVL	1526	-	203	99654422	70468
chr14	99583954	99783954	harbor2	chr14	99655656	99655840	LTR/ERVL	546	-	92	99655748	71794
chr14	67141322	67341322	harbor2	chr14	67186347	67186630	LTR/ERVL	767	-	142	67186489	45167
chr14	67141322	67341322	harbor2	chr14	67186671	67186880	LTR/ERVL	489	-	104	67186775	45453
chr14	100185464	100385464	harbor2	chr14	100203451	100203747	LTR/ERVL	1249	-	148	100203599	18135
chr14	100185464	100385464	harbor2	chr14	100222311	100222772	LTR/ERVL	851	-	230	100222541	37077
chr14	75328321	75528321	harbor2	chr14	75379796	75380235	LTR/ERVL	2189	-	220	75380016	51695
chr14	100198905	100398905	harbor2	chr14	100203451	100203747	LTR/ERVL	1249	-	148	100203599	4694
chr14	100198905	100398905	harbor2	chr14	100222311	100222772	LTR/ERVL	851	-	230	100222541	23636
chr14	24047654	24247654	harbor2	chr14	24090221	24090636	LTR/ERVL	1257	-	208	24090429	42775
chr14	101610279	101810279	harbor2	chr14	101653862	101654346	LTR/ERVL	2365	-	242	101654104	43825
chr14	54389016	54589016	harbor2	chr14	54460816	54461034	LTR/ERVL	1059	-	109	54460925	71909
chr14	54389016	54589016	harbor2	chr14	54461368	54461443	LTR/ERVL	1059	-	38	54461406	72390
chr14	54389016	54589016	harbor2	chr14	54461768	54461955	LTR/ERVL	628	-	94	54461862	72846
chr14	54389016	54589016	harbor2	chr14	54462941	54463300	LTR/ERVL	507	-	180	54463121	74105
chr14	54389016	54589016	harbor2	chr14	54465549	54465996	LTR/ERVL	981	-	224	54465773	76757
chr14	75330460	75530460	harbor2	chr14	75379796	75380235	LTR/ERVL	2189	-	220	75380016	49556
chr14	104203027	104403027	harbor2	chr14	104212073	104212359	LTR/ERVL	489	-	143	104212216	9189
chr14	104203027	104403027	harbor2	chr14	104236555	104237039	LTR/ERVL	2029	-	242	104236797	33770
chr14	104203027	104403027	harbor2	chr14	104269810	104270273	LTR/ERVL	1273	-	232	104270042	67015
chr14	90960739	91160739	harbor2	chr14	91036521	91036983	LTR/ERVL	1088	-	231	91036752	76013
chr14	90960739	91160739	harbor2	chr14	91037495	91038059	LTR/ERVL	594	-	282	91037777	77038
chr14	90960739	91160739	harbor2	chr14	91038277	91038860	LTR/ERVL	1502	-	292	91038569	77830
chr14	90960739	91160739	harbor2	chr14	91039430	91039817	LTR/ERVL	563	-	194	91039624	78885
chr14	23420834	23620834	harbor2	chr14	23454329	23454877	LTR/ERVL	2541	-	274	23454603	33769
chr14	75329481	75529481	harbor2	chr14	75379796	75380235	LTR/ERVL	2189	-	220	75380016	50535
chr14	105106012	105306012	harbor2	chr14	105116052	105116370	LTR/ERVL	1008	-	159	105116211	10199
chr14	105106012	105306012	harbor2	chr14	105116677	105117080	LTR/ERVL	1008	-	202	105116879	10867
chr14	105106012	105306012	harbor2	chr14	105117101	105117546	LTR/ERVL	574	-	222	105117323	11311
chr14	105106012	105306012	harbor2	chr14	105121140	105121738	LTR/ERVL	1968	-	299	105121439	15427
chr14	105388089	105588089	harbor2	chr14	105433012	105433573	LTR/ERVL	1829	-	280	105433292	45203
chr14	105388089	105588089	harbor2	chr14	105430969	105431165	LTR/ERVL	463	-	98	105431067	42978
chr14	75329814	75529814	harbor2	chr14	75379796	75380235	LTR/ERVL	2189	-	220	75380016	50202
chr14	104404069	104604069	harbor2	chr14	104463215	104463616	LTR/ERVL	1317	-	200	104463415	59346
chr14	104404069	104604069	harbor2	chr14	104464694	104464798	LTR/ERVL	4402	-	52	104464746	60677
chr14	104404069	104604069	harbor2	chr14	104464793	104465980	LTR/ERVL	5886	-	594	104465387	61318
chr14	104404069	104604069	harbor2	chr14	104465976	104466530	LTR/ERVL	15365	-	277	104466253	62184
chr14	104404069	104604069	harbor2	chr14	104466838	104467405	LTR/ERVL	15365	-	284	104467122	63053
chr14	104404069	104604069	harbor2	chr14	104467562	104469237	LTR/ERVL	15365	-	838	104468400	64331
chr14	104404069	104604069	harbor2	chr14	104469238	104469719	LTR/ERVL	2363	-	240	104469478	65409
chr14	104404069	104604069	harbor2	chr14	104463622	104464388	LTR/ERVL	4402	-	383	104464005	59936
chr14	49792946	49992946	harbor2	chr14	49880454	49880831	LTR/ERVL	1954	-	188	49880642	87696
chr14	49792946	49992946	harbor2	chr14	49880974	49881278	LTR/ERVL	1279	-	152	49881126	88180
chr14	49792946	49992946	harbor2	chr14	49883910	49884029	LTR/ERVL	540	-	60	49883970	91024
chr14	104017421	104217421	harbor2	chr14	104070150	104070664	LTR/ERVL	2635	-	257	104070407	52986
chr14	24061095	24261095	harbor2	chr14	24090221	24090636	LTR/ERVL	1257	-	208	24090429	29334
chr14	73545011	73745011	harbor2	chr14	73627211	73627819	LTR/ERVL	4249	-	304	73627515	82504
chr14	73545011	73745011	harbor2	chr14	73628108	73628294	LTR/ERVL	4249	-	93	73628201	83190
chr14	104623763	104823763	harbor2	chr14	104624876	104625280	LTR/ERVL	1030	-	202	104625078	1315
chr14	104623763	104823763	harbor2	chr14	104627462	104627638	LTR/ERVL	2705	-	88	104627550	3787
chr14	104623763	104823763	harbor2	chr14	104644052	104644359	LTR/ERVL	687	-	154	104644206	20443
chr14	104623763	104823763	harbor2	chr14	104628062	104628435	LTR/ERVL	2705	-	186	104628248	4485
chr14	67141987	67341987	harbor2	chr14	67186347	67186630	LTR/ERVL	767	-	142	67186489	44502
chr14	67141987	67341987	harbor2	chr14	67186671	67186880	LTR/ERVL	489	-	104	67186775	44788
chr14	24061282	24261282	harbor2	chr14	24090221	24090636	LTR/ERVL	1257	-	208	24090429	29147
chr14	67141325	67341325	harbor2	chr14	67186347	67186630	LTR/ERVL	767	-	142	67186489	45164
chr14	67141325	67341325	harbor2	chr14	67186671	67186880	LTR/ERVL	489	-	104	67186775	45450
chr14	73133751	73333751	harbor2	chr14	73161435	73161854	LTR/ERVL	1549	-	210	73161645	27894
chr14	100185450	100385450	harbor2	chr14	100203451	100203747	LTR/ERVL	1249	-	148	100203599	18149
chr14	100185450	100385450	harbor2	chr14	100222311	100222772	LTR/ERVL	851	-	230	100222541	37091
chr14	105388165	105588165	harbor2	chr14	105433012	105433573	LTR/ERVL	1829	-	280	105433292	45127
chr14	105388165	105588165	harbor2	chr14	105430969	105431165	LTR/ERVL	463	-	98	105431067	42902
chr14	105398468	105598468	harbor2	chr14	105433012	105433573	LTR/ERVL	1829	-	280	105433292	34824
chr14	105398468	105598468	harbor2	chr14	105430969	105431165	LTR/ERVL	463	-	98	105431067	32599
chr14	105872245	106072245	harbor2	chr14	105933321	105933419	LTR/ERVL	449	-	49	105933370	61125
chr14	105872245	106072245	harbor2	chr14	105952890	105953100	LTR/ERVL	616	-	105	105952995	80750
chr14	55029365	55229365	harbor2	chr14	55049618	55049928	LTR/ERVL	899	-	155	55049773	20408
chr14	55029365	55229365	harbor2	chr14	55088468	55088840	LTR/ERVL	2329	-	186	55088654	59289
chr14	55029365	55229365	harbor2	chr14	55089135	55089162	LTR/ERVL	2329	-	14	55089149	59784
chr14	55029365	55229365	harbor2	chr14	55089493	55089583	LTR/ERVL	2329	-	45	55089538	60173
chr14	75330552	75530552	harbor2	chr14	75379796	75380235	LTR/ERVL	2189	-	220	75380016	49464
chr14	24061205	24261205	harbor2	chr14	24090221	24090636	LTR/ERVL	1257	-	208	24090429	29224
chr14	75328337	75528337	harbor2	chr14	75379796	75380235	LTR/ERVL	2189	-	220	75380016	51679
chr14	104019012	104219012	harbor2	chr14	104070150	104070664	LTR/ERVL	2635	-	257	104070407	51395
chr14	100582274	100782274	harbor2	chr14	100629010	100629428	LTR/ERVL	796	-	209	100629219	46945
chr14	100582274	100782274	harbor2	chr14	100645427	100646041	LTR/ERVL	2188	-	307	100645734	63460
chr14	100582274	100782274	harbor2	chr14	100646099	100646362	LTR/ERVL	737	-	132	100646231	63957
chr14	100582274	100782274	harbor2	chr14	100650238	100650501	LTR/ERVL	1063	-	132	100650370	68096
chr14	100582274	100782274	harbor2	chr14	100650496	100651757	LTR/ERVL	3733	-	630	100651126	68852
chr14	100582274	100782274	harbor2	chr14	100652300	100653268	LTR/ERVL	1790	-	484	100652784	70510
chr14	100582274	100782274	harbor2	chr14	100646655	100646916	LTR/ERVL	737	-	130	100646785	64511
chr14	75329541	75529541	harbor2	chr14	75379796	75380235	LTR/ERVL	2189	-	220	75380016	50475
chr14	95542807	95742807	harbor2	chr14	95582728	95583135	LTR/ERVL	2878	-	204	95582932	40125
chr14	95542807	95742807	harbor2	chr14	95595885	95596329	LTR/ERVL	1411	-	222	95596107	53300
chr14	95542807	95742807	harbor2	chr14	95632317	95632718	LTR/ERVL	702	-	200	95632517	89710
chr14	99637683	99837683	harbor2	chr14	99653802	99653909	LTR/ERVL	1526	-	54	99653856	16173
chr14	99637683	99837683	harbor2	chr14	99654219	99654625	LTR/ERVL	1526	-	203	99654422	16739
chr14	99637683	99837683	harbor2	chr14	99655656	99655840	LTR/ERVL	546	-	92	99655748	18065
chr14	99637683	99837683	harbor2	chr14	99689239	99689473	LTR/ERVL	589	-	117	99689356	51673
chr14	24047661	24247661	harbor2	chr14	24090221	24090636	LTR/ERVL	1257	-	208	24090429	42768
chr14	99417235	99617235	harbor2	chr14	99460282	99460714	LTR/ERVL	863	-	216	99460498	43263
chr14	96745593	96945593	harbor2	chr14	96790955	96791632	LTR/ERVL	2490	-	338	96791293	45700
chr14	96745593	96945593	harbor2	chr14	96791646	96791952	LTR/ERVL	736	-	153	96791799	46206
chr14	96745593	96945593	harbor2	chr14	96795450	96795927	LTR/ERVL	862	-	238	96795688	50095
chr14	54728143	54928143	harbor2	chr14	54798673	54799067	LTR/ERVL	1843	-	197	54798870	70727
chr14	54728143	54928143	harbor2	chr14	54803308	54803744	LTR/ERVL	2548	-	218	54803526	75383
chr14	54728143	54928143	harbor2	chr14	54807505	54807750	LTR/ERVL	1488	-	122	54807627	79484
chr14	54728143	54928143	harbor2	chr14	54824949	54825026	LTR/ERVL	514	-	38	54824987	96844
chr14	54728143	54928143	harbor2	chr14	54825058	54825352	LTR/ERVL	942	-	147	54825205	97062
chr14	78725637	78925637	harbor2	chr14	78763606	78764047	LTR/ERVL	1280	-	220	78763826	38189
chr14	78725637	78925637	harbor2	chr14	78768816	78769272	LTR/ERVL	1506	-	228	78769044	43407
chr14	78725637	78925637	harbor2	chr14	78793377	78793968	LTR/ERVL	2071	-	296	78793673	68036
chr14	104256665	104456665	harbor2	chr14	104269810	104270273	LTR/ERVL	1273	-	232	104270042	13377
chr14	104256665	104456665	harbor2	chr14	104305174	104305557	LTR/ERVL	899	-	192	104305366	48701
chr14	104256665	104456665	harbor2	chr14	104315806	104316101	LTR/ERVL	713	-	148	104315954	59289
chr14	105394225	105594225	harbor2	chr14	105433012	105433573	LTR/ERVL	1829	-	280	105433292	39067
chr14	105394225	105594225	harbor2	chr14	105430969	105431165	LTR/ERVL	463	-	98	105431067	36842
chr14	58232111	58432111	harbor2	chr14	58313150	58313229	LTR/ERVL	2348	-	40	58313190	81079
chr14	58232111	58432111	harbor2	chr14	58313568	58314046	LTR/ERVL	2348	-	239	58313807	81696
chr14	104833199	105033199	harbor2	chr14	104845996	104846233	LTR/ERVL	508	-	118	104846114	12915
chr14	104833199	105033199	harbor2	chr14	104846379	104846903	LTR/ERVL	1980	-	262	104846641	13442
chr15	31401692	31601692	harbor2	chr15	31448156	31449797	LTR/ERVL	9360	-	820	31448976	47284
chr15	31401692	31601692	harbor2	chr15	31450102	31450382	LTR/ERVL	9360	-	140	31450242	48550
chr15	31401692	31601692	harbor2	chr15	31450497	31450841	LTR/ERVL	1505	-	172	31450669	48977
chr15	31401692	31601692	harbor2	chr15	31461181	31461585	LTR/ERVL	2069	-	202	31461383	59691
chr15	31401692	31601692	harbor2	chr15	31470788	31471296	LTR/ERVL	2815	-	254	31471042	69350
chr15	90165677	90365677	harbor2	chr15	90224363	90224579	LTR/ERVL	724	-	108	90224471	58794
chr15	33938898	34138898	harbor2	chr15	33985139	33985584	LTR/ERVL	965	-	222	33985361	46463
chr15	35454869	35654869	harbor2	chr15	35472152	35472608	LTR/ERVL	1168	-	228	35472380	17511
chr15	35454869	35654869	harbor2	chr15	35491924	35492336	LTR/ERVL	1932	-	206	35492130	37261
chr15	35454869	35654869	harbor2	chr15	35549680	35550059	LTR/ERVL	1270	-	190	35549870	95001
chr15	35454869	35654869	harbor2	chr15	35550109	35551006	LTR/ERVL	2914	-	448	35550557	95688
chr15	35454869	35654869	harbor2	chr15	35551007	35551193	LTR/ERVL	885	-	93	35551100	96231
chr15	74497169	74697169	harbor2	chr15	74496742	74497999	LTR/ERVL	6788	-	628	74497370	201
chr15	74497169	74697169	harbor2	chr15	74499299	74499332	LTR/ERVL	789	-	16	74499315	2146
chr15	74497169	74697169	harbor2	chr15	74499794	74500000	LTR/ERVL	789	-	103	74499897	2728
chr15	74497169	74697169	harbor2	chr15	74500001	74500057	LTR/ERVL	2658	-	28	74500029	2860
chr15	74497169	74697169	harbor2	chr15	74500361	74500747	LTR/ERVL	2658	-	193	74500554	3385
chr15	74497169	74697169	harbor2	chr15	74501003	74501155	LTR/ERVL	2658	-	76	74501079	3910
chr15	74497169	74697169	harbor2	chr15	74501440	74501556	LTR/ERVL	2658	-	58	74501498	4329
chr15	74497169	74697169	harbor2	chr15	74501858	74502144	LTR/ERVL	2658	-	143	74502001	4832
chr15	74497169	74697169	harbor2	chr15	74502178	74502571	LTR/ERVL	1228	-	196	74502374	5205
chr15	35466021	35666021	harbor2	chr15	35472152	35472608	LTR/ERVL	1168	-	228	35472380	6359
chr15	35466021	35666021	harbor2	chr15	35491924	35492336	LTR/ERVL	1932	-	206	35492130	26109
chr15	35466021	35666021	harbor2	chr15	35549680	35550059	LTR/ERVL	1270	-	190	35549870	83849
chr15	35466021	35666021	harbor2	chr15	35550109	35551006	LTR/ERVL	2914	-	448	35550557	84536
chr15	35466021	35666021	harbor2	chr15	35551007	35551193	LTR/ERVL	885	-	93	35551100	85079
chr15	35466021	35666021	harbor2	chr15	35556835	35557277	LTR/ERVL	917	-	221	35557056	91035
chr15	35449558	35649558	harbor2	chr15	35472152	35472608	LTR/ERVL	1168	-	228	35472380	22822
chr15	35449558	35649558	harbor2	chr15	35491924	35492336	LTR/ERVL	1932	-	206	35492130	42572
chr15	35992850	36192850	harbor2	chr15	36013306	36013786	LTR/ERVL	790	-	240	36013546	20696
chr15	35992850	36192850	harbor2	chr15	36065358	36065653	LTR/ERVL	885	-	148	36065506	72656
chr15	101862140	102062140	harbor2	chr15	101890385	101890505	LTR/ERVL	462	-	60	101890445	28305
chr15	35459705	35659705	harbor2	chr15	35472152	35472608	LTR/ERVL	1168	-	228	35472380	12675
chr15	35459705	35659705	harbor2	chr15	35491924	35492336	LTR/ERVL	1932	-	206	35492130	32425
chr15	35459705	35659705	harbor2	chr15	35549680	35550059	LTR/ERVL	1270	-	190	35549870	90165
chr15	35459705	35659705	harbor2	chr15	35550109	35551006	LTR/ERVL	2914	-	448	35550557	90852
chr15	35459705	35659705	harbor2	chr15	35551007	35551193	LTR/ERVL	885	-	93	35551100	91395
chr15	35459705	35659705	harbor2	chr15	35556835	35557277	LTR/ERVL	917	-	221	35557056	97351
chr15	101861388	102061388	harbor2	chr15	101890385	101890505	LTR/ERVL	462	-	60	101890445	29057
chr15	39901338	40101338	harbor2	chr15	39929884	39930031	LTR/ERVL	903	-	74	39929958	28620
chr15	39901338	40101338	harbor2	chr15	39940692	39941362	LTR/ERVL	2732	-	335	39941027	39689
chr15	39901338	40101338	harbor2	chr15	39941394	39941507	LTR/ERVL	625	-	56	39941450	40112
chr15	35449106	35649106	harbor2	chr15	35472152	35472608	LTR/ERVL	1168	-	228	35472380	23274
chr15	35449106	35649106	harbor2	chr15	35491924	35492336	LTR/ERVL	1932	-	206	35492130	43024
chr15	35651734	35851734	harbor2	chr15	35659724	35659971	LTR/ERVL	869	-	124	35659848	8114
chr15	35651734	35851734	harbor2	chr15	35660107	35660419	LTR/ERVL	967	-	156	35660263	8529
chr15	35651734	35851734	harbor2	chr15	35660625	35660794	LTR/ERVL	967	-	84	35660709	8975
chr15	35651734	35851734	harbor2	chr15	35660852	35661276	LTR/ERVL	1276	-	212	35661064	9330
chr15	35651734	35851734	harbor2	chr15	35685345	35685616	LTR/ERVL	429	-	136	35685481	33747
chr15	75699695	75899695	harbor2	chr15	75797731	75798249	LTR/ERVL	2280	-	259	75797990	98295
chr15	79797266	79997266	harbor2	chr15	79832889	79833321	LTR/ERVL	1701	-	216	79833105	35839
chr15	79797266	79997266	harbor2	chr15	79833727	79834190	LTR/ERVL	922	-	232	79833959	36693
chr15	35446794	35646794	harbor2	chr15	35448110	35448328	LTR/ERVL	611	-	109	35448219	1425
chr15	35446794	35646794	harbor2	chr15	35472152	35472608	LTR/ERVL	1168	-	228	35472380	25586
chr15	35446794	35646794	harbor2	chr15	35491924	35492336	LTR/ERVL	1932	-	206	35492130	45336
chr15	45242182	45442182	harbor2	chr15	45259984	45260180	LTR/ERVL	451	-	98	45260082	17900
chr15	45242182	45442182	harbor2	chr15	45260215	45260395	LTR/ERVL	624	-	90	45260305	18123
chr15	45242182	45442182	harbor2	chr15	45288267	45288398	LTR/ERVL	443	-	66	45288333	46151
chr15	45242182	45442182	harbor2	chr15	45325481	45325938	LTR/ERVL	3976	-	228	45325709	83527
chr15	45242182	45442182	harbor2	chr15	45326801	45327314	LTR/ERVL	3976	-	256	45327057	84875
chr15	45101918	45301918	harbor2	chr15	45178929	45179063	LTR/ERVL	453	-	67	45178996	77078
chr15	35446632	35646632	harbor2	chr15	35448110	35448328	LTR/ERVL	611	-	109	35448219	1587
chr15	35446632	35646632	harbor2	chr15	35472152	35472608	LTR/ERVL	1168	-	228	35472380	25748
chr15	35446632	35646632	harbor2	chr15	35491924	35492336	LTR/ERVL	1932	-	206	35492130	45498
chr15	53985076	54185076	harbor2	chr15	53990838	53991556	LTR/ERVL	1048	-	359	53991197	6121
chr15	53985076	54185076	harbor2	chr15	53991540	53993065	LTR/ERVL	2369	-	762	53992302	7226
chr15	53985076	54185076	harbor2	chr15	53993198	53993502	LTR/ERVL	698	-	152	53993350	8274
chr15	53985076	54185076	harbor2	chr15	54040174	54040348	LTR/ERVL	700	-	87	54040261	55185
chr15	53985076	54185076	harbor2	chr15	54040516	54040721	LTR/ERVL	700	-	102	54040618	55542
chr15	69999345	70199345	harbor2	chr15	70028114	70028646	LTR/ERVL	2816	-	266	70028380	29035
chr15	36396102	36596102	harbor2	chr15	36471100	36471422	LTR/ERVL	769	-	161	36471261	75159
chr15	101861522	102061522	harbor2	chr15	101890385	101890505	LTR/ERVL	462	-	60	101890445	28923
chr15	31770757	31970757	harbor2	chr15	31796103	31796165	LTR/ERVL	1950	-	31	31796134	25377
chr15	31770757	31970757	harbor2	chr15	31796261	31796609	LTR/ERVL	1950	-	174	31796435	25678
chr15	31770757	31970757	harbor2	chr15	31798713	31798989	LTR/ERVL	440	-	138	31798851	28094
chr15	31770757	31970757	harbor2	chr15	31802043	31802089	LTR/ERVL	3629	-	23	31802066	31309
chr15	31770757	31970757	harbor2	chr15	31802143	31802548	LTR/ERVL	3629	-	202	31802345	31588
chr15	40121372	40321372	harbor2	chr15	40146413	40146880	LTR/ERVL	2851	-	234	40146647	25275
chr15	35446761	35646761	harbor2	chr15	35448110	35448328	LTR/ERVL	611	-	109	35448219	1458
chr15	35446761	35646761	harbor2	chr15	35472152	35472608	LTR/ERVL	1168	-	228	35472380	25619
chr15	35446761	35646761	harbor2	chr15	35491924	35492336	LTR/ERVL	1932	-	206	35492130	45369
chr15	45116131	45316131	harbor2	chr15	45178929	45179063	LTR/ERVL	453	-	67	45178996	62865
chr15	35573001	35773001	harbor2	chr15	35592724	35593200	LTR/ERVL	744	-	238	35592962	19961
chr15	35573001	35773001	harbor2	chr15	35594060	35594572	LTR/ERVL	2379	-	256	35594316	21315
chr15	35573001	35773001	harbor2	chr15	35598629	35599355	LTR/ERVL	2622	-	363	35598992	25991
chr15	35573001	35773001	harbor2	chr15	35601609	35601730	LTR/ERVL	2120	-	60	35601669	28668
chr15	35573001	35773001	harbor2	chr15	35602030	35602044	LTR/ERVL	2120	-	7	35602037	29036
chr15	35573001	35773001	harbor2	chr15	35632379	35632574	LTR/ERVL	568	-	98	35632477	59476
chr15	35573001	35773001	harbor2	chr15	35659724	35659971	LTR/ERVL	869	-	124	35659848	86847
chr15	35573001	35773001	harbor2	chr15	35660107	35660419	LTR/ERVL	967	-	156	35660263	87262
chr15	35573001	35773001	harbor2	chr15	35660625	35660794	LTR/ERVL	967	-	84	35660709	87708
chr15	35573001	35773001	harbor2	chr15	35660852	35661276	LTR/ERVL	1276	-	212	35661064	88063
chr15	35573001	35773001	harbor2	chr15	35602387	35602807	LTR/ERVL	2120	-	210	35602597	29596
chr15	35446582	35646582	harbor2	chr15	35448110	35448328	LTR/ERVL	611	-	109	35448219	1637
chr15	35446582	35646582	harbor2	chr15	35472152	35472608	LTR/ERVL	1168	-	228	35472380	25798
chr15	35446582	35646582	harbor2	chr15	35491924	35492336	LTR/ERVL	1932	-	206	35492130	45548
chr15	35455009	35655009	harbor2	chr15	35472152	35472608	LTR/ERVL	1168	-	228	35472380	17371
chr15	35455009	35655009	harbor2	chr15	35491924	35492336	LTR/ERVL	1932	-	206	35492130	37121
chr15	35455009	35655009	harbor2	chr15	35549680	35550059	LTR/ERVL	1270	-	190	35549870	94861
chr15	35455009	35655009	harbor2	chr15	35550109	35551006	LTR/ERVL	2914	-	448	35550557	95548
chr15	35455009	35655009	harbor2	chr15	35551007	35551193	LTR/ERVL	885	-	93	35551100	96091
chr15	35619577	35819577	harbor2	chr15	35632379	35632574	LTR/ERVL	568	-	98	35632477	12900
chr15	35619577	35819577	harbor2	chr15	35659724	35659971	LTR/ERVL	869	-	124	35659848	40271
chr15	35619577	35819577	harbor2	chr15	35660107	35660419	LTR/ERVL	967	-	156	35660263	40686
chr15	35619577	35819577	harbor2	chr15	35660625	35660794	LTR/ERVL	967	-	84	35660709	41132
chr15	35619577	35819577	harbor2	chr15	35660852	35661276	LTR/ERVL	1276	-	212	35661064	41487
chr15	35619577	35819577	harbor2	chr15	35685345	35685616	LTR/ERVL	429	-	136	35685481	65904
chr15	69999529	70199529	harbor2	chr15	70028114	70028646	LTR/ERVL	2816	-	266	70028380	28851
chr15	35562035	35762035	harbor2	chr15	35592724	35593200	LTR/ERVL	744	-	238	35592962	30927
chr15	35562035	35762035	harbor2	chr15	35594060	35594572	LTR/ERVL	2379	-	256	35594316	32281
chr15	35562035	35762035	harbor2	chr15	35598629	35599355	LTR/ERVL	2622	-	363	35598992	36957
chr15	35562035	35762035	harbor2	chr15	35601609	35601730	LTR/ERVL	2120	-	60	35601669	39634
chr15	35562035	35762035	harbor2	chr15	35602030	35602044	LTR/ERVL	2120	-	7	35602037	40002
chr15	35562035	35762035	harbor2	chr15	35632379	35632574	LTR/ERVL	568	-	98	35632477	70442
chr15	35562035	35762035	harbor2	chr15	35659724	35659971	LTR/ERVL	869	-	124	35659848	97813
chr15	35562035	35762035	harbor2	chr15	35660107	35660419	LTR/ERVL	967	-	156	35660263	98228
chr15	35562035	35762035	harbor2	chr15	35660625	35660794	LTR/ERVL	967	-	84	35660709	98674
chr15	35562035	35762035	harbor2	chr15	35660852	35661276	LTR/ERVL	1276	-	212	35661064	99029
chr15	35562035	35762035	harbor2	chr15	35602387	35602807	LTR/ERVL	2120	-	210	35602597	40562
chr15	35569668	35769668	harbor2	chr15	35592724	35593200	LTR/ERVL	744	-	238	35592962	23294
chr15	35569668	35769668	harbor2	chr15	35594060	35594572	LTR/ERVL	2379	-	256	35594316	24648
chr15	35569668	35769668	harbor2	chr15	35598629	35599355	LTR/ERVL	2622	-	363	35598992	29324
chr15	35569668	35769668	harbor2	chr15	35601609	35601730	LTR/ERVL	2120	-	60	35601669	32001
chr15	35569668	35769668	harbor2	chr15	35602030	35602044	LTR/ERVL	2120	-	7	35602037	32369
chr15	35569668	35769668	harbor2	chr15	35632379	35632574	LTR/ERVL	568	-	98	35632477	62809
chr15	35569668	35769668	harbor2	chr15	35659724	35659971	LTR/ERVL	869	-	124	35659848	90180
chr15	35569668	35769668	harbor2	chr15	35660107	35660419	LTR/ERVL	967	-	156	35660263	90595
chr15	35569668	35769668	harbor2	chr15	35660625	35660794	LTR/ERVL	967	-	84	35660709	91041
chr15	35569668	35769668	harbor2	chr15	35660852	35661276	LTR/ERVL	1276	-	212	35661064	91396
chr15	35569668	35769668	harbor2	chr15	35602387	35602807	LTR/ERVL	2120	-	210	35602597	32929
chr15	63409518	63609518	harbor2	chr15	63427551	63427677	LTR/ERVL	1608	-	63	63427614	18096
chr15	63409518	63609518	harbor2	chr15	63428092	63428430	LTR/ERVL	1608	-	169	63428261	18743
chr15	63409518	63609518	harbor2	chr15	63450392	63450483	LTR/ERVL	2751	-	46	63450438	40920
chr15	63409518	63609518	harbor2	chr15	63450790	63451142	LTR/ERVL	2751	-	176	63450966	41448
chr15	63409518	63609518	harbor2	chr15	63479744	63480059	LTR/ERVL	1001	-	158	63479902	70384
chr15	100502491	100702491	harbor2	chr15	100584599	100584929	LTR/ERVL	1268	-	165	100584764	82273
chr15	100502491	100702491	harbor2	chr15	100592346	100592561	LTR/ERVL	1039	-	108	100592454	89963
chr15	45303426	45503426	harbor2	chr15	45325481	45325938	LTR/ERVL	3976	-	228	45325709	22283
chr15	45303426	45503426	harbor2	chr15	45326801	45327314	LTR/ERVL	3976	-	256	45327057	23631
chr15	45303426	45503426	harbor2	chr15	45352395	45352887	LTR/ERVL	1794	-	246	45352641	49215
chr15	35446763	35646763	harbor2	chr15	35448110	35448328	LTR/ERVL	611	-	109	35448219	1456
chr15	35446763	35646763	harbor2	chr15	35472152	35472608	LTR/ERVL	1168	-	228	35472380	25617
chr15	35446763	35646763	harbor2	chr15	35491924	35492336	LTR/ERVL	1932	-	206	35492130	45367
chr15	98322213	98522213	harbor2	chr15	98340505	98340828	LTR/ERVL	755	-	162	98340667	18454
chr15	98322213	98522213	harbor2	chr15	98351445	98351520	LTR/ERVL	431	-	38	98351483	29270
chr15	98322213	98522213	harbor2	chr15	98370145	98370524	LTR/ERVL	1015	-	190	98370335	48122
chr15	98322213	98522213	harbor2	chr15	98370544	98371388	LTR/ERVL	1377	-	422	98370966	48753
chr15	98322213	98522213	harbor2	chr15	98371698	98372584	LTR/ERVL	1377	-	443	98372141	49928
chr15	98322213	98522213	harbor2	chr15	98373107	98373314	LTR/ERVL	1110	-	104	98373211	50998
chr15	98322213	98522213	harbor2	chr15	98373611	98373893	LTR/ERVL	1110	-	141	98373752	51539
chr15	98322213	98522213	harbor2	chr15	98392992	98393202	LTR/ERVL	534	-	105	98393097	70884
chr15	98322213	98522213	harbor2	chr15	98402372	98402817	LTR/ERVL	2250	-	222	98402594	80381
chr15	69719502	69919502	harbor2	chr15	69785374	69785414	LTR/ERVL	2771	-	20	69785394	65892
chr15	69719502	69919502	harbor2	chr15	69785448	69785883	LTR/ERVL	2771	-	218	69785666	66164
chr15	35449388	35649388	harbor2	chr15	35472152	35472608	LTR/ERVL	1168	-	228	35472380	22992
chr15	35449388	35649388	harbor2	chr15	35491924	35492336	LTR/ERVL	1932	-	206	35492130	42742
chr15	101861640	102061640	harbor2	chr15	101890385	101890505	LTR/ERVL	462	-	60	101890445	28805
chr15	35598875	35798875	harbor2	chr15	35598629	35599355	LTR/ERVL	2622	-	363	35598992	117
chr15	35598875	35798875	harbor2	chr15	35601609	35601730	LTR/ERVL	2120	-	60	35601669	2794
chr15	35598875	35798875	harbor2	chr15	35602030	35602044	LTR/ERVL	2120	-	7	35602037	3162
chr15	35598875	35798875	harbor2	chr15	35632379	35632574	LTR/ERVL	568	-	98	35632477	33602
chr15	35598875	35798875	harbor2	chr15	35659724	35659971	LTR/ERVL	869	-	124	35659848	60973
chr15	35598875	35798875	harbor2	chr15	35660107	35660419	LTR/ERVL	967	-	156	35660263	61388
chr15	35598875	35798875	harbor2	chr15	35660625	35660794	LTR/ERVL	967	-	84	35660709	61834
chr15	35598875	35798875	harbor2	chr15	35660852	35661276	LTR/ERVL	1276	-	212	35661064	62189
chr15	35598875	35798875	harbor2	chr15	35685345	35685616	LTR/ERVL	429	-	136	35685481	86606
chr15	35598875	35798875	harbor2	chr15	35602387	35602807	LTR/ERVL	2120	-	210	35602597	3722
chr15	96226917	96426917	harbor2	chr15	96243889	96244135	LTR/ERVL	682	-	123	96244012	17095
chr15	26348871	26548871	harbor2	chr15	26426436	26426886	LTR/ERVL	1489	-	225	26426661	77790
chr15	51149547	51349547	harbor2	chr15	51161122	51161502	LTR/ERVL	950	-	190	51161312	11765
chr15	51149547	51349547	harbor2	chr15	51186246	51186712	LTR/ERVL	1475	-	233	51186479	36932
chr15	98032466	98232466	harbor2	chr15	98118374	98118415	LTR/ERVL	1886	-	20	98118394	85928
chr15	98032466	98232466	harbor2	chr15	98118716	98119256	LTR/ERVL	1886	-	270	98118986	86520
chr15	98032466	98232466	harbor2	chr15	98119561	98119663	LTR/ERVL	1886	-	51	98119612	87146
chr15	98032466	98232466	harbor2	chr15	98120185	98120277	LTR/ERVL	850	-	46	98120231	87765
chr15	98032466	98232466	harbor2	chr15	98120638	98120861	LTR/ERVL	850	-	112	98120750	88284
chr15	98032466	98232466	harbor2	chr15	98122522	98122595	LTR/ERVL	506	-	36	98122558	90092
chr15	98032466	98232466	harbor2	chr15	98122974	98123161	LTR/ERVL	506	-	94	98123068	90602
chr15	98032466	98232466	harbor2	chr15	98125232	98125891	LTR/ERVL	2087	-	330	98125562	93096
chr15	74497233	74697233	harbor2	chr15	74496742	74497999	LTR/ERVL	6788	-	628	74497370	137
chr15	74497233	74697233	harbor2	chr15	74499299	74499332	LTR/ERVL	789	-	16	74499315	2082
chr15	74497233	74697233	harbor2	chr15	74499794	74500000	LTR/ERVL	789	-	103	74499897	2664
chr15	74497233	74697233	harbor2	chr15	74500001	74500057	LTR/ERVL	2658	-	28	74500029	2796
chr15	74497233	74697233	harbor2	chr15	74500361	74500747	LTR/ERVL	2658	-	193	74500554	3321
chr15	74497233	74697233	harbor2	chr15	74501003	74501155	LTR/ERVL	2658	-	76	74501079	3846
chr15	74497233	74697233	harbor2	chr15	74501440	74501556	LTR/ERVL	2658	-	58	74501498	4265
chr15	74497233	74697233	harbor2	chr15	74501858	74502144	LTR/ERVL	2658	-	143	74502001	4768
chr15	74497233	74697233	harbor2	chr15	74502178	74502571	LTR/ERVL	1228	-	196	74502374	5141
chr15	35572649	35772649	harbor2	chr15	35592724	35593200	LTR/ERVL	744	-	238	35592962	20313
chr15	35572649	35772649	harbor2	chr15	35594060	35594572	LTR/ERVL	2379	-	256	35594316	21667
chr15	35572649	35772649	harbor2	chr15	35598629	35599355	LTR/ERVL	2622	-	363	35598992	26343
chr15	35572649	35772649	harbor2	chr15	35601609	35601730	LTR/ERVL	2120	-	60	35601669	29020
chr15	35572649	35772649	harbor2	chr15	35602030	35602044	LTR/ERVL	2120	-	7	35602037	29388
chr15	35572649	35772649	harbor2	chr15	35632379	35632574	LTR/ERVL	568	-	98	35632477	59828
chr15	35572649	35772649	harbor2	chr15	35659724	35659971	LTR/ERVL	869	-	124	35659848	87199
chr15	35572649	35772649	harbor2	chr15	35660107	35660419	LTR/ERVL	967	-	156	35660263	87614
chr15	35572649	35772649	harbor2	chr15	35660625	35660794	LTR/ERVL	967	-	84	35660709	88060
chr15	35572649	35772649	harbor2	chr15	35660852	35661276	LTR/ERVL	1276	-	212	35661064	88415
chr15	35572649	35772649	harbor2	chr15	35602387	35602807	LTR/ERVL	2120	-	210	35602597	29948
chr15	35448871	35648871	harbor2	chr15	35472152	35472608	LTR/ERVL	1168	-	228	35472380	23509
chr15	35448871	35648871	harbor2	chr15	35491924	35492336	LTR/ERVL	1932	-	206	35492130	43259
chr15	28554377	28754377	harbor2	chr15	28616669	28617093	LTR/ERVL	1333	-	212	28616881	62504
chr15	28554377	28754377	harbor2	chr15	28621366	28621892	LTR/ERVL	1484	-	263	28621629	67252
chr15	28554377	28754377	harbor2	chr15	28646478	28646602	LTR/ERVL	522	-	62	28646540	92163
chr15	28554377	28754377	harbor2	chr15	28647042	28647984	LTR/ERVL	3047	-	471	28647513	93136
chr15	28554377	28754377	harbor2	chr15	28647986	28648490	LTR/ERVL	2164	-	252	28648238	93861
chr15	28554377	28754377	harbor2	chr15	28638968	28639554	LTR/ERVL	2106	-	293	28639261	84884
chr15	101861538	102061538	harbor2	chr15	101890385	101890505	LTR/ERVL	462	-	60	101890445	28907
chr15	35446634	35646634	harbor2	chr15	35448110	35448328	LTR/ERVL	611	-	109	35448219	1585
chr15	35446634	35646634	harbor2	chr15	35472152	35472608	LTR/ERVL	1168	-	228	35472380	25746
chr15	35446634	35646634	harbor2	chr15	35491924	35492336	LTR/ERVL	1932	-	206	35492130	45496
chr15	35446200	35646200	harbor2	chr15	35448110	35448328	LTR/ERVL	611	-	109	35448219	2019
chr15	35446200	35646200	harbor2	chr15	35472152	35472608	LTR/ERVL	1168	-	228	35472380	26180
chr15	35446200	35646200	harbor2	chr15	35491924	35492336	LTR/ERVL	1932	-	206	35492130	45930
chr15	80115684	80315684	harbor2	chr15	80186538	80186946	LTR/ERVL	1617	-	204	80186742	71058
chr15	52686651	52886651	harbor2	chr15	52747841	52747980	LTR/ERVL	771	-	70	52747911	61260
chr15	101861562	102061562	harbor2	chr15	101890385	101890505	LTR/ERVL	462	-	60	101890445	28883
chr15	101862064	102062064	harbor2	chr15	101890385	101890505	LTR/ERVL	462	-	60	101890445	28381
chr15	57726549	57926549	harbor2	chr15	57729911	57730126	LTR/ERVL	1907	-	108	57730019	3470
chr15	57726549	57926549	harbor2	chr15	57730963	57731176	LTR/ERVL	1907	-	106	57731069	4520
chr15	57726549	57926549	harbor2	chr15	57767546	57768050	LTR/ERVL	2514	-	252	57767798	41249
chr15	35446625	35646625	harbor2	chr15	35448110	35448328	LTR/ERVL	611	-	109	35448219	1594
chr15	35446625	35646625	harbor2	chr15	35472152	35472608	LTR/ERVL	1168	-	228	35472380	25755
chr15	35446625	35646625	harbor2	chr15	35491924	35492336	LTR/ERVL	1932	-	206	35492130	45505
chr15	34426686	34626686	harbor2	chr15	34465752	34466171	LTR/ERVL	821	-	210	34465962	39276
chr15	66727859	66927859	harbor2	chr15	66735529	66735914	LTR/ERVL	1005	-	192	66735721	7862
chr15	66727859	66927859	harbor2	chr15	66750574	66750966	LTR/ERVL	865	-	196	66750770	22911
chr15	35622148	35822148	harbor2	chr15	35632379	35632574	LTR/ERVL	568	-	98	35632477	10329
chr15	35622148	35822148	harbor2	chr15	35659724	35659971	LTR/ERVL	869	-	124	35659848	37700
chr15	35622148	35822148	harbor2	chr15	35660107	35660419	LTR/ERVL	967	-	156	35660263	38115
chr15	35622148	35822148	harbor2	chr15	35660625	35660794	LTR/ERVL	967	-	84	35660709	38561
chr15	35622148	35822148	harbor2	chr15	35660852	35661276	LTR/ERVL	1276	-	212	35661064	38916
chr15	35622148	35822148	harbor2	chr15	35685345	35685616	LTR/ERVL	429	-	136	35685481	63333
chr16	89118344	89318344	harbor2	chr16	89211149	89211635	LTR/ERVL	2028	-	243	89211392	93048
chr16	66222808	66422808	harbor2	chr16	66222831	66223253	LTR/ERVL	859	-	211	66223042	234
chr16	66222808	66422808	harbor2	chr16	66239265	66239727	LTR/ERVL	2427	-	231	66239496	16688
chr16	66222808	66422808	harbor2	chr16	66253422	66253499	LTR/ERVL	1736	-	38	66253460	30652
chr16	66222808	66422808	harbor2	chr16	66253996	66254420	LTR/ERVL	1736	-	212	66254208	31400
chr16	66222808	66422808	harbor2	chr16	66262177	66262380	LTR/ERVL	693	-	102	66262279	39471
chr16	66222808	66422808	harbor2	chr16	66272851	66273144	LTR/ERVL	1028	-	146	66272997	50189
chr16	66222808	66422808	harbor2	chr16	66302686	66302841	LTR/ERVL	613	-	78	66302764	79956
chr16	66222808	66422808	harbor2	chr16	66303605	66303718	LTR/ERVL	613	-	56	66303661	80853
chr16	66222808	66422808	harbor2	chr16	66306505	66306885	LTR/ERVL	588	-	190	66306695	83887
chr16	87292218	87492218	harbor2	chr16	87298877	87299184	LTR/ERVL	564	-	154	87299031	6813
chr16	79433396	79633396	harbor2	chr16	79494605	79495162	LTR/ERVL	2296	-	278	79494883	61487
chr16	79433396	79633396	harbor2	chr16	79495484	79495580	LTR/ERVL	531	-	48	79495532	62136
chr16	1892435	2092435	harbor2	chr16	1933637	1934085	LTR/ERVL	2412	-	224	1933861	41426
chr16	1892435	2092435	harbor2	chr16	1934390	1934400	LTR/ERVL	2412	-	5	1934395	41960
chr16	1892435	2092435	harbor2	chr16	1935021	1935106	LTR/ERVL	2857	-	42	1935063	42628
chr16	1892435	2092435	harbor2	chr16	1935411	1936026	LTR/ERVL	2857	-	308	1935719	43284
chr16	88685860	88885860	harbor2	chr16	88690280	88690955	LTR/ERVL	2989	-	338	88690618	4758
chr16	474850	674850	harbor2	chr16	495560	495728	LTR/ERVL	558	-	84	495644	20794
chr16	77583873	77783873	harbor2	chr16	77644092	77644601	LTR/ERVL	3067	-	254	77644346	60473
chr16	1892462	2092462	harbor2	chr16	1933637	1934085	LTR/ERVL	2412	-	224	1933861	41399
chr16	1892462	2092462	harbor2	chr16	1934390	1934400	LTR/ERVL	2412	-	5	1934395	41933
chr16	1892462	2092462	harbor2	chr16	1935021	1935106	LTR/ERVL	2857	-	42	1935063	42601
chr16	1892462	2092462	harbor2	chr16	1935411	1936026	LTR/ERVL	2857	-	308	1935719	43257
chr16	2375100	2575100	harbor2	chr16	2379782	2380375	LTR/ERVL	4036	-	296	2380078	4978
chr16	2375100	2575100	harbor2	chr16	2380670	2380970	LTR/ERVL	4036	-	150	2380820	5720
chr16	2375100	2575100	harbor2	chr16	2385110	2385807	LTR/ERVL	1145	-	348	2385458	10358
chr16	2375100	2575100	harbor2	chr16	2388267	2388479	LTR/ERVL	1226	-	106	2388373	13273
chr16	2375100	2575100	harbor2	chr16	2397960	2398214	LTR/ERVL	1454	-	127	2398087	22987
chr16	2375100	2575100	harbor2	chr16	2398363	2398999	LTR/ERVL	2152	-	318	2398681	23581
chr16	2865108	3065108	harbor2	chr16	2893052	2893452	LTR/ERVL	2114	-	200	2893252	28144
chr16	2375127	2575127	harbor2	chr16	2379782	2380375	LTR/ERVL	4036	-	296	2380078	4951
chr16	2375127	2575127	harbor2	chr16	2380670	2380970	LTR/ERVL	4036	-	150	2380820	5693
chr16	2375127	2575127	harbor2	chr16	2385110	2385807	LTR/ERVL	1145	-	348	2385458	10331
chr16	2375127	2575127	harbor2	chr16	2388267	2388479	LTR/ERVL	1226	-	106	2388373	13246
chr16	2375127	2575127	harbor2	chr16	2397960	2398214	LTR/ERVL	1454	-	127	2398087	22960
chr16	2375127	2575127	harbor2	chr16	2398363	2398999	LTR/ERVL	2152	-	318	2398681	23554
chr16	70330916	70530916	harbor2	chr16	70349028	70349565	LTR/ERVL	2774	-	268	70349296	18380
chr16	31042548	31242548	harbor2	chr16	31113815	31113990	LTR/ERVL	533	-	88	31113903	71355
chr16	1864895	2064895	harbor2	chr16	1933637	1934085	LTR/ERVL	2412	-	224	1933861	68966
chr16	1864895	2064895	harbor2	chr16	1934390	1934400	LTR/ERVL	2412	-	5	1934395	69500
chr16	1864895	2064895	harbor2	chr16	1935021	1935106	LTR/ERVL	2857	-	42	1935063	70168
chr16	1864895	2064895	harbor2	chr16	1935411	1936026	LTR/ERVL	2857	-	308	1935719	70824
chr16	1892270	2092270	harbor2	chr16	1933637	1934085	LTR/ERVL	2412	-	224	1933861	41591
chr16	1892270	2092270	harbor2	chr16	1934390	1934400	LTR/ERVL	2412	-	5	1934395	42125
chr16	1892270	2092270	harbor2	chr16	1935021	1935106	LTR/ERVL	2857	-	42	1935063	42793
chr16	1892270	2092270	harbor2	chr16	1935411	1936026	LTR/ERVL	2857	-	308	1935719	43449
chr16	31042549	31242549	harbor2	chr16	31113815	31113990	LTR/ERVL	533	-	88	31113903	71354
chr16	56536473	56736473	harbor2	chr16	56612708	56613017	LTR/ERVL	1949	-	154	56612862	76389
chr16	56536473	56736473	harbor2	chr16	56613362	56613488	LTR/ERVL	1949	-	63	56613425	76952
chr16	56536473	56736473	harbor2	chr16	56613489	56613790	LTR/ERVL	4157	-	150	56613639	77166
chr16	56536473	56736473	harbor2	chr16	56613822	56614220	LTR/ERVL	4157	-	199	56614021	77548
chr16	56536473	56736473	harbor2	chr16	56614553	56614725	LTR/ERVL	4157	-	86	56614639	78166
chr16	56536473	56736473	harbor2	chr16	56614721	56614827	LTR/ERVL	1818	-	53	56614774	78301
chr16	56536473	56736473	harbor2	chr16	56615127	56615439	LTR/ERVL	1818	-	156	56615283	78810
chr16	56536473	56736473	harbor2	chr16	56615442	56615580	LTR/ERVL	816	-	69	56615511	79038
chr16	87292217	87492217	harbor2	chr16	87298877	87299184	LTR/ERVL	564	-	154	87299031	6814
chr16	2375144	2575144	harbor2	chr16	2379782	2380375	LTR/ERVL	4036	-	296	2380078	4934
chr16	2375144	2575144	harbor2	chr16	2380670	2380970	LTR/ERVL	4036	-	150	2380820	5676
chr16	2375144	2575144	harbor2	chr16	2385110	2385807	LTR/ERVL	1145	-	348	2385458	10314
chr16	2375144	2575144	harbor2	chr16	2388267	2388479	LTR/ERVL	1226	-	106	2388373	13229
chr16	2375144	2575144	harbor2	chr16	2397960	2398214	LTR/ERVL	1454	-	127	2398087	22943
chr16	2375144	2575144	harbor2	chr16	2398363	2398999	LTR/ERVL	2152	-	318	2398681	23537
chr16	55108159	55308159	harbor2	chr16	55124837	55125332	LTR/ERVL	854	-	248	55125085	16926
chr16	55108159	55308159	harbor2	chr16	55126826	55127222	LTR/ERVL	1511	-	198	55127024	18865
chr16	55108159	55308159	harbor2	chr16	55127715	55128095	LTR/ERVL	1682	-	190	55127905	19746
chr16	55108159	55308159	harbor2	chr16	55136880	55137332	LTR/ERVL	1778	-	226	55137106	28947
chr16	55108159	55308159	harbor2	chr16	55137314	55137365	LTR/ERVL	679	-	26	55137340	29181
chr16	55108159	55308159	harbor2	chr16	55137739	55137878	LTR/ERVL	679	-	70	55137809	29650
chr16	55108159	55308159	harbor2	chr16	55141221	55141654	LTR/ERVL	1115	-	216	55141437	33278
chr16	55108159	55308159	harbor2	chr16	55175322	55175557	LTR/ERVL	1238	-	118	55175440	67281
chr16	47361963	47561963	harbor2	chr16	47366834	47367587	LTR/ERVL	3225	-	376	47367210	5247
chr16	87293377	87493377	harbor2	chr16	87298877	87299184	LTR/ERVL	564	-	154	87299031	5654
chr16	2371372	2571372	harbor2	chr16	2379782	2380375	LTR/ERVL	4036	-	296	2380078	8706
chr16	2371372	2571372	harbor2	chr16	2380670	2380970	LTR/ERVL	4036	-	150	2380820	9448
chr16	2371372	2571372	harbor2	chr16	2385110	2385807	LTR/ERVL	1145	-	348	2385458	14086
chr16	2371372	2571372	harbor2	chr16	2388267	2388479	LTR/ERVL	1226	-	106	2388373	17001
chr16	2371372	2571372	harbor2	chr16	2397960	2398214	LTR/ERVL	1454	-	127	2398087	26715
chr16	2371372	2571372	harbor2	chr16	2398363	2398999	LTR/ERVL	2152	-	318	2398681	27309
chr16	66222798	66422798	harbor2	chr16	66222831	66223253	LTR/ERVL	859	-	211	66223042	244
chr16	66222798	66422798	harbor2	chr16	66239265	66239727	LTR/ERVL	2427	-	231	66239496	16698
chr16	66222798	66422798	harbor2	chr16	66253422	66253499	LTR/ERVL	1736	-	38	66253460	30662
chr16	66222798	66422798	harbor2	chr16	66253996	66254420	LTR/ERVL	1736	-	212	66254208	31410
chr16	66222798	66422798	harbor2	chr16	66262177	66262380	LTR/ERVL	693	-	102	66262279	39481
chr16	66222798	66422798	harbor2	chr16	66272851	66273144	LTR/ERVL	1028	-	146	66272997	50199
chr16	66222798	66422798	harbor2	chr16	66302686	66302841	LTR/ERVL	613	-	78	66302764	79966
chr16	66222798	66422798	harbor2	chr16	66303605	66303718	LTR/ERVL	613	-	56	66303661	80863
chr16	66222798	66422798	harbor2	chr16	66306505	66306885	LTR/ERVL	588	-	190	66306695	83897
chr16	2870096	3070096	harbor2	chr16	2893052	2893452	LTR/ERVL	2114	-	200	2893252	23156
chr16	428663	628663	harbor2	chr16	495560	495728	LTR/ERVL	558	-	84	495644	66981
chr16	67835898	68035898	harbor2	chr16	67909859	67910354	LTR/ERVL	681	-	248	67910107	74209
chr16	324283	524283	harbor2	chr16	405595	405949	LTR/ERVL	1480	-	177	405772	81489
chr16	79064526	79264526	harbor2	chr16	79099808	79100220	LTR/ERVL	1244	-	206	79100014	35488
chr16	79064526	79264526	harbor2	chr16	79113212	79113451	LTR/ERVL	756	-	120	79113332	48806
chr16	79064526	79264526	harbor2	chr16	79119771	79119924	LTR/ERVL	876	-	76	79119847	55321
chr16	79064526	79264526	harbor2	chr16	79120014	79120340	LTR/ERVL	1678	-	163	79120177	55651
chr16	79064526	79264526	harbor2	chr16	79157602	79158124	LTR/ERVL	2076	-	261	79157863	93337
chr16	58762872	58962872	harbor2	chr16	58820881	58821337	LTR/ERVL	1228	-	228	58821109	58237
chr16	47561803	47761803	harbor2	chr16	47613116	47613577	LTR/ERVL	1555	-	230	47613346	51543
chr16	47497102	47697102	harbor2	chr16	47504020	47504587	LTR/ERVL	2382	-	284	47504304	7202
chr16	47497102	47697102	harbor2	chr16	47509737	47510561	LTR/ERVL	2104	-	412	47510149	13047
chr16	47497102	47697102	harbor2	chr16	47514155	47514725	LTR/ERVL	2500	-	285	47514440	17338
chr16	47497102	47697102	harbor2	chr16	47525744	47526113	LTR/ERVL	1487	-	184	47525928	28826
chr16	457470	657470	harbor2	chr16	495560	495728	LTR/ERVL	558	-	84	495644	38174
chr16	47360975	47560975	harbor2	chr16	47366834	47367587	LTR/ERVL	3225	-	376	47367210	6235
chr16	2837328	3037328	harbor2	chr16	2893052	2893452	LTR/ERVL	2114	-	200	2893252	55924
chr16	31042592	31242592	harbor2	chr16	31113815	31113990	LTR/ERVL	533	-	88	31113903	71311
chr16	30599106	30799106	harbor2	chr16	30599023	30599249	LTR/ERVL	1720	-	113	30599136	30
chr16	30599106	30799106	harbor2	chr16	30599576	30599900	LTR/ERVL	1720	-	162	30599738	632
chr16	30599106	30799106	harbor2	chr16	30600165	30600354	LTR/ERVL	533	-	94	30600259	1153
chr16	30599106	30799106	harbor2	chr16	30647304	30647706	LTR/ERVL	1265	-	201	30647505	48399
chr16	31202309	31402309	harbor2	chr16	31268845	31268890	LTR/ERVL	908	-	22	31268867	66558
chr16	31202309	31402309	harbor2	chr16	31269590	31270022	LTR/ERVL	908	-	216	31269806	67497
chr16	31202309	31402309	harbor2	chr16	31274035	31274585	LTR/ERVL	3217	-	275	31274310	72001
chr16	31202309	31402309	harbor2	chr16	31274919	31275032	LTR/ERVL	3217	-	56	31274975	72666
chr16	47361826	47561826	harbor2	chr16	47366834	47367587	LTR/ERVL	3225	-	376	47367210	5384
chr16	71270097	71470097	harbor2	chr16	71344432	71344622	LTR/ERVL	690	-	95	71344527	74430
chr16	71270097	71470097	harbor2	chr16	71348167	71348543	LTR/ERVL	934	-	188	71348355	78258
chr16	1872873	2072873	harbor2	chr16	1933637	1934085	LTR/ERVL	2412	-	224	1933861	60988
chr16	1872873	2072873	harbor2	chr16	1934390	1934400	LTR/ERVL	2412	-	5	1934395	61522
chr16	1872873	2072873	harbor2	chr16	1935021	1935106	LTR/ERVL	2857	-	42	1935063	62190
chr16	1872873	2072873	harbor2	chr16	1935411	1936026	LTR/ERVL	2857	-	308	1935719	62846
chr16	30599603	30799603	harbor2	chr16	30599576	30599900	LTR/ERVL	1720	-	162	30599738	135
chr16	30599603	30799603	harbor2	chr16	30600165	30600354	LTR/ERVL	533	-	94	30600259	656
chr16	30599603	30799603	harbor2	chr16	30647304	30647706	LTR/ERVL	1265	-	201	30647505	47902
chr16	4998398	5198398	harbor2	chr16	5006212	5006873	LTR/ERVL	561	-	330	5006542	8144
chr16	4998398	5198398	harbor2	chr16	5093003	5093360	LTR/ERVL	669	-	178	5093181	94783
chr16	28503963	28703963	harbor2	chr16	28555559	28555663	LTR/ERVL	619	-	52	28555611	51648
chr16	28503963	28703963	harbor2	chr16	28564824	28565348	LTR/ERVL	2049	-	262	28565086	61123
chr16	28503963	28703963	harbor2	chr16	28582984	28583644	LTR/ERVL	2340	-	330	28583314	79351
chr16	31042572	31242572	harbor2	chr16	31113815	31113990	LTR/ERVL	533	-	88	31113903	71331
chr16	2375142	2575142	harbor2	chr16	2379782	2380375	LTR/ERVL	4036	-	296	2380078	4936
chr16	2375142	2575142	harbor2	chr16	2380670	2380970	LTR/ERVL	4036	-	150	2380820	5678
chr16	2375142	2575142	harbor2	chr16	2385110	2385807	LTR/ERVL	1145	-	348	2385458	10316
chr16	2375142	2575142	harbor2	chr16	2388267	2388479	LTR/ERVL	1226	-	106	2388373	13231
chr16	2375142	2575142	harbor2	chr16	2397960	2398214	LTR/ERVL	1454	-	127	2398087	22945
chr16	2375142	2575142	harbor2	chr16	2398363	2398999	LTR/ERVL	2152	-	318	2398681	23539
chr16	30088915	30288915	harbor2	chr16	30150254	30150329	LTR/ERVL	1045	-	38	30150292	61377
chr16	30088915	30288915	harbor2	chr16	30150642	30150887	LTR/ERVL	1045	-	122	30150764	61849
chr16	30088915	30288915	harbor2	chr16	30151652	30151929	LTR/ERVL	1171	-	138	30151790	62875
chr16	30088915	30288915	harbor2	chr16	30151959	30152049	LTR/ERVL	598	-	45	30152004	63089
chr16	30088915	30288915	harbor2	chr16	30152338	30152465	LTR/ERVL	598	-	64	30152402	63487
chr16	75241699	75441699	harbor2	chr16	75280862	75281091	LTR/ERVL	1231	-	114	75280976	39277
chr16	75241699	75441699	harbor2	chr16	75281382	75281514	LTR/ERVL	1231	-	66	75281448	39749
chr16	75241699	75441699	harbor2	chr16	75281564	75281829	LTR/ERVL	1091	-	132	75281696	39997
chr16	793299	993299	harbor2	chr16	808686	808992	LTR/ERVL	1562	-	153	808839	15540
chr16	793299	993299	harbor2	chr16	809313	809499	LTR/ERVL	1562	-	93	809406	16107
chr16	57927471	58127471	harbor2	chr16	58010321	58011242	LTR/ERVL	3133	-	460	58010781	83310
chr16	29721341	29921341	harbor2	chr16	29732318	29732358	LTR/ERVL	1640	-	20	29732338	10997
chr16	29721341	29921341	harbor2	chr16	29733394	29733446	LTR/ERVL	1640	-	26	29733420	12079
chr16	29721341	29921341	harbor2	chr16	29733742	29734008	LTR/ERVL	1640	-	133	29733875	12534
chr16	29721341	29921341	harbor2	chr16	29752945	29752964	LTR/ERVL	1067	-	10	29752955	31614
chr16	29721341	29921341	harbor2	chr16	29753805	29753983	LTR/ERVL	1067	-	89	29753894	32553
chr16	29721341	29921341	harbor2	chr16	29754307	29754350	LTR/ERVL	1067	-	22	29754329	32988
chr16	49244544	49444544	harbor2	chr16	49295956	49296259	LTR/ERVL	929	-	152	49296108	51564
chr16	49244544	49444544	harbor2	chr16	49300094	49300550	LTR/ERVL	1129	-	228	49300322	55778
chr16	49244544	49444544	harbor2	chr16	49337836	49338166	LTR/ERVL	773	-	165	49338001	93457
chr16	457042	657042	harbor2	chr16	495560	495728	LTR/ERVL	558	-	84	495644	38602
chr16	2869233	3069233	harbor2	chr16	2893052	2893452	LTR/ERVL	2114	-	200	2893252	24019
chr16	54835021	55035021	harbor2	chr16	54844034	54844094	LTR/ERVL	1082	-	30	54844064	9043
chr16	54835021	55035021	harbor2	chr16	54844392	54844611	LTR/ERVL	1082	-	110	54844502	9481
chr16	54835021	55035021	harbor2	chr16	54845140	54845264	LTR/ERVL	1082	-	62	54845202	10181
chr16	82568055	82768055	harbor2	chr16	82570075	82570492	LTR/ERVL	907	-	208	82570283	2228
chr16	82568055	82768055	harbor2	chr16	82573541	82573837	LTR/ERVL	728	-	148	82573689	5634
chr16	82568055	82768055	harbor2	chr16	82603554	82603668	LTR/ERVL	883	-	57	82603611	35556
chr16	82568055	82768055	harbor2	chr16	82604113	82604373	LTR/ERVL	883	-	130	82604243	36188
chr16	82568055	82768055	harbor2	chr16	82640925	82641268	LTR/ERVL	683	-	172	82641097	73042
chr16	82568055	82768055	harbor2	chr16	82647350	82647786	LTR/ERVL	1291	-	218	82647568	79513
chr16	87292154	87492154	harbor2	chr16	87298877	87299184	LTR/ERVL	564	-	154	87299031	6877
chr16	1688894	1888894	harbor2	chr16	1727809	1728313	LTR/ERVL	695	-	252	1728061	39167
chr17	7461788	7661788	harbor2	chr17	7515999	7516473	LTR/ERVL	2139	-	237	7516236	54448
chr17	79819279	80019279	harbor2	chr17	79857857	79858257	LTR/ERVL	814	-	200	79858057	38778
chr17	79819279	80019279	harbor2	chr17	79901460	79901494	LTR/ERVL	1897	-	17	79901477	82198
chr17	79819279	80019279	harbor2	chr17	79901934	79902799	LTR/ERVL	1897	-	432	79902366	83087
chr17	79819279	80019279	harbor2	chr17	79903871	79904073	LTR/ERVL	1361	-	101	79903972	84693
chr17	79819279	80019279	harbor2	chr17	79906010	79906563	LTR/ERVL	667	-	276	79906286	87007
chr17	79819279	80019279	harbor2	chr17	79904359	79904803	LTR/ERVL	1376	-	222	79904581	85302
chr17	76675676	76875676	harbor2	chr17	76770496	76770935	LTR/ERVL	1669	-	220	76770716	95040
chr17	76675676	76875676	harbor2	chr17	76771056	76771359	LTR/ERVL	1669	-	152	76771208	95532
chr17	78893046	79093046	harbor2	chr17	78959888	78960464	LTR/ERVL	1390	-	288	78960176	67130
chr17	55168160	55368160	harbor2	chr17	55178546	55179010	LTR/ERVL	1790	-	232	55178778	10618
chr17	55168160	55368160	harbor2	chr17	55191704	55192059	LTR/ERVL	1214	-	178	55191882	23722
chr17	75009932	75209932	harbor2	chr17	75018746	75018977	LTR/ERVL	916	-	116	75018862	8930
chr17	75009932	75209932	harbor2	chr17	75019144	75019422	LTR/ERVL	964	-	139	75019283	9351
chr17	7480912	7680912	harbor2	chr17	7515999	7516473	LTR/ERVL	2139	-	237	7516236	35324
chr17	48647453	48847453	harbor2	chr17	48654724	48654763	LTR/ERVL	2010	-	20	48654744	7291
chr17	48647453	48847453	harbor2	chr17	48654799	48655200	LTR/ERVL	2010	-	200	48654999	7546
chr17	48647453	48847453	harbor2	chr17	48656028	48656409	LTR/ERVL	1321	-	190	48656218	8765
chr17	48647453	48847453	harbor2	chr17	48656410	48657523	LTR/ERVL	6678	-	556	48656966	9513
chr17	48647453	48847453	harbor2	chr17	48657530	48657698	LTR/ERVL	1808	-	84	48657614	10161
chr17	48647453	48847453	harbor2	chr17	48658003	48658296	LTR/ERVL	1808	-	146	48658149	10696
chr17	48647453	48847453	harbor2	chr17	48658777	48659048	LTR/ERVL	1415	-	136	48658913	11460
chr17	48647453	48847453	harbor2	chr17	48659481	48660151	LTR/ERVL	2811	-	335	48659816	12363
chr17	48647453	48847453	harbor2	chr17	48660153	48660306	LTR/ERVL	1436	-	76	48660229	12776
chr17	48647453	48847453	harbor2	chr17	48660598	48660845	LTR/ERVL	1436	-	124	48660722	13269
chr17	48647453	48847453	harbor2	chr17	48661284	48661425	LTR/ERVL	973	-	70	48661354	13901
chr17	48647453	48847453	harbor2	chr17	48661455	48661577	LTR/ERVL	973	-	61	48661516	14063
chr17	48647453	48847453	harbor2	chr17	48663084	48663269	LTR/ERVL	618	-	92	48663176	15723
chr17	48647453	48847453	harbor2	chr17	48663294	48663786	LTR/ERVL	2134	-	246	48663540	16087
chr17	48647453	48847453	harbor2	chr17	48663791	48664136	LTR/ERVL	1131	-	172	48663963	16510
chr17	48647453	48847453	harbor2	chr17	48664431	48664543	LTR/ERVL	1131	-	56	48664487	17034
chr17	7479425	7679425	harbor2	chr17	7515999	7516473	LTR/ERVL	2139	-	237	7516236	36811
chr17	75009931	75209931	harbor2	chr17	75018746	75018977	LTR/ERVL	916	-	116	75018862	8931
chr17	75009931	75209931	harbor2	chr17	75019144	75019422	LTR/ERVL	964	-	139	75019283	9352
chr17	76638002	76838002	harbor2	chr17	76648856	76649286	LTR/ERVL	2476	-	215	76649071	11069
chr17	7462630	7662630	harbor2	chr17	7515999	7516473	LTR/ERVL	2139	-	237	7516236	53606
chr17	7743384	7943384	harbor2	chr17	7803043	7803388	LTR/ERVL	1790	-	172	7803215	59831
chr17	76637950	76837950	harbor2	chr17	76648856	76649286	LTR/ERVL	2476	-	215	76649071	11121
chr17	76638185	76838185	harbor2	chr17	76648856	76649286	LTR/ERVL	2476	-	215	76649071	10886
chr17	7474337	7674337	harbor2	chr17	7515999	7516473	LTR/ERVL	2139	-	237	7516236	41899
chr17	68058283	68258283	harbor2	chr17	68080307	68080472	LTR/ERVL	697	-	82	68080389	22106
chr17	68058283	68258283	harbor2	chr17	68082167	68082241	LTR/ERVL	697	-	37	68082204	23921
chr17	68058283	68258283	harbor2	chr17	68082543	68082724	LTR/ERVL	697	-	90	68082633	24350
chr17	43301647	43501647	harbor2	chr17	43385368	43385819	LTR/ERVL	1352	-	226	43385594	83947
chr17	18145927	18345927	harbor2	chr17	18172944	18173309	LTR/ERVL	1342	-	182	18173126	27199
chr17	61309670	61509670	harbor2	chr17	61361611	61362091	LTR/ERVL	2242	-	240	61361851	52181
chr17	39764391	39964391	harbor2	chr17	39825311	39825620	LTR/ERVL	1200	-	154	39825465	61074
chr17	7465559	7665559	harbor2	chr17	7515999	7516473	LTR/ERVL	2139	-	237	7516236	50677
chr17	76638046	76838046	harbor2	chr17	76648856	76649286	LTR/ERVL	2476	-	215	76649071	11025
chr17	76956448	77156448	harbor2	chr17	76960551	76960660	LTR/ERVL	614	-	54	76960605	4157
chr17	76956448	77156448	harbor2	chr17	77033558	77033801	LTR/ERVL	928	-	122	77033680	77232
chr17	76956448	77156448	harbor2	chr17	77037891	77038343	LTR/ERVL	1691	-	226	77038117	81669
chr17	7474332	7674332	harbor2	chr17	7515999	7516473	LTR/ERVL	2139	-	237	7516236	41904
chr17	79819290	80019290	harbor2	chr17	79857857	79858257	LTR/ERVL	814	-	200	79858057	38767
chr17	79819290	80019290	harbor2	chr17	79901460	79901494	LTR/ERVL	1897	-	17	79901477	82187
chr17	79819290	80019290	harbor2	chr17	79901934	79902799	LTR/ERVL	1897	-	432	79902366	83076
chr17	79819290	80019290	harbor2	chr17	79903871	79904073	LTR/ERVL	1361	-	101	79903972	84682
chr17	79819290	80019290	harbor2	chr17	79906010	79906563	LTR/ERVL	667	-	276	79906286	86996
chr17	79819290	80019290	harbor2	chr17	79904359	79904803	LTR/ERVL	1376	-	222	79904581	85291
chr17	45808505	46008505	harbor2	chr17	45836557	45836815	LTR/ERVL	719	-	129	45836686	28181
chr17	45808505	46008505	harbor2	chr17	45877830	45878131	LTR/ERVL	1286	-	150	45877980	69475
chr17	45808505	46008505	harbor2	chr17	45881546	45882228	LTR/ERVL	6392	-	341	45881887	73382
chr17	45808505	46008505	harbor2	chr17	45882534	45883810	LTR/ERVL	6392	-	638	45883172	74667
chr17	45808505	46008505	harbor2	chr17	45884018	45884333	LTR/ERVL	1298	-	158	45884176	75671
chr17	45808505	46008505	harbor2	chr17	45884644	45884810	LTR/ERVL	1298	-	83	45884727	76222
chr17	45808505	46008505	harbor2	chr17	45884811	45885271	LTR/ERVL	1094	-	230	45885041	76536
chr17	45808505	46008505	harbor2	chr17	45885474	45885914	LTR/ERVL	1478	-	220	45885694	77189
chr17	45808505	46008505	harbor2	chr17	45886225	45886363	LTR/ERVL	1478	-	69	45886294	77789
chr17	45808505	46008505	harbor2	chr17	45886389	45886874	LTR/ERVL	1410	-	242	45886631	78126
chr17	45808505	46008505	harbor2	chr17	45886906	45887030	LTR/ERVL	2154	-	62	45886968	78463
chr17	45808505	46008505	harbor2	chr17	45887348	45887567	LTR/ERVL	2154	-	110	45887458	78953
chr17	45808505	46008505	harbor2	chr17	45887895	45888222	LTR/ERVL	2154	-	164	45888059	79554
chr17	45808505	46008505	harbor2	chr17	45888276	45888431	LTR/ERVL	932	-	78	45888354	79849
chr17	45808505	46008505	harbor2	chr17	45888791	45888812	LTR/ERVL	897	-	10	45888801	80296
chr17	45808505	46008505	harbor2	chr17	45889495	45889856	LTR/ERVL	1031	-	180	45889675	81170
chr17	7464940	7664940	harbor2	chr17	7515999	7516473	LTR/ERVL	2139	-	237	7516236	51296
chr17	73833382	74033382	harbor2	chr17	73884818	73885027	LTR/ERVL	860	-	104	73884922	51540
chr17	7465830	7665830	harbor2	chr17	7515999	7516473	LTR/ERVL	2139	-	237	7516236	50406
chr17	78927928	79127928	harbor2	chr17	78959888	78960464	LTR/ERVL	1390	-	288	78960176	32248
chr17	7757884	7957884	harbor2	chr17	7803043	7803388	LTR/ERVL	1790	-	172	7803215	45331
chr17	7481389	7681389	harbor2	chr17	7515999	7516473	LTR/ERVL	2139	-	237	7516236	34847
chr17	67625399	67825399	harbor2	chr17	67628360	67629043	LTR/ERVL	2463	-	342	67628702	3303
chr17	67625399	67825399	harbor2	chr17	67649750	67650220	LTR/ERVL	1503	-	235	67649985	24586
chr17	7586731	7786731	harbor2	chr17	7597709	7597985	LTR/ERVL	959	-	138	7597847	11116
chr17	7474612	7674612	harbor2	chr17	7515999	7516473	LTR/ERVL	2139	-	237	7516236	41624
chr17	82598301	82798301	harbor2	chr17	82600249	82600635	LTR/ERVL	1445	-	193	82600442	2141
chr17	82598301	82798301	harbor2	chr17	82637358	82637769	LTR/ERVL	2106	-	206	82637564	39263
chr17	79826880	80026880	harbor2	chr17	79857857	79858257	LTR/ERVL	814	-	200	79858057	31177
chr17	79826880	80026880	harbor2	chr17	79901460	79901494	LTR/ERVL	1897	-	17	79901477	74597
chr17	79826880	80026880	harbor2	chr17	79901934	79902799	LTR/ERVL	1897	-	432	79902366	75486
chr17	79826880	80026880	harbor2	chr17	79903871	79904073	LTR/ERVL	1361	-	101	79903972	77092
chr17	79826880	80026880	harbor2	chr17	79906010	79906563	LTR/ERVL	667	-	276	79906286	79406
chr17	79826880	80026880	harbor2	chr17	79904359	79904803	LTR/ERVL	1376	-	222	79904581	77701
chr17	50409150	50609150	harbor2	chr17	50455336	50455540	LTR/ERVL	733	-	102	50455438	46288
chr17	50409150	50609150	harbor2	chr17	50476630	50476871	LTR/ERVL	2422	-	120	50476750	67600
chr17	50409150	50609150	harbor2	chr17	50477156	50477204	LTR/ERVL	2422	-	24	50477180	68030
chr17	50409150	50609150	harbor2	chr17	50477511	50477662	LTR/ERVL	2422	-	76	50477587	68437
chr17	50409150	50609150	harbor2	chr17	50477944	50478025	LTR/ERVL	2422	-	40	50477984	68834
chr17	50409150	50609150	harbor2	chr17	50485243	50485501	LTR/ERVL	762	-	129	50485372	76222
chr17	44890414	45090414	harbor2	chr17	44952532	44952622	LTR/ERVL	1679	-	45	44952577	62163
chr17	44890414	45090414	harbor2	chr17	44952926	44953252	LTR/ERVL	1679	-	163	44953089	62675
chr17	76637928	76837928	harbor2	chr17	76648856	76649286	LTR/ERVL	2476	-	215	76649071	11143
chr17	17395750	17595750	harbor2	chr17	17463278	17463660	LTR/ERVL	1655	-	191	17463469	67719
chr17	17395750	17595750	harbor2	chr17	17463845	17464740	LTR/ERVL	1655	-	448	17464293	68543
chr17	7482394	7682394	harbor2	chr17	7515999	7516473	LTR/ERVL	2139	-	237	7516236	33842
chr17	7492702	7692702	harbor2	chr17	7515999	7516473	LTR/ERVL	2139	-	237	7516236	23534
chr17	7494677	7694677	harbor2	chr17	7515999	7516473	LTR/ERVL	2139	-	237	7516236	21559
chr17	40000485	40200485	harbor2	chr17	40004951	40005439	LTR/ERVL	2831	-	244	40005195	4710
chr17	40000485	40200485	harbor2	chr17	40043338	40043485	LTR/ERVL	808	-	74	40043412	42927
chr17	76953100	77153100	harbor2	chr17	76954668	76954827	LTR/ERVL	883	-	80	76954748	1648
chr17	76953100	77153100	harbor2	chr17	76960551	76960660	LTR/ERVL	614	-	54	76960605	7505
chr17	76953100	77153100	harbor2	chr17	77033558	77033801	LTR/ERVL	928	-	122	77033680	80580
chr17	76953100	77153100	harbor2	chr17	77037891	77038343	LTR/ERVL	1691	-	226	77038117	85017
chr17	75009906	75209906	harbor2	chr17	75018746	75018977	LTR/ERVL	916	-	116	75018862	8956
chr17	75009906	75209906	harbor2	chr17	75019144	75019422	LTR/ERVL	964	-	139	75019283	9377
chr17	34602208	34802208	harbor2	chr17	34607436	34608292	LTR/ERVL	2957	-	428	34607864	5656
chr17	13555165	13755165	harbor2	chr17	13624675	13625074	LTR/ERVL	2065	-	200	13624875	69710
chr17	8052446	8252446	harbor2	chr17	8053988	8054525	LTR/ERVL	2463	-	268	8054256	1810
chr17	897394	1097394	harbor2	chr17	986091	987209	LTR/ERVL	6610	-	559	986650	89256
chr17	897394	1097394	harbor2	chr17	987594	988864	LTR/ERVL	6712	-	635	988229	90835
chr17	36094893	36294893	harbor2	chr17	36122086	36122528	LTR/ERVL	3597	-	221	36122307	27414
chr17	36094893	36294893	harbor2	chr17	36133586	36134012	LTR/ERVL	715	-	213	36133799	38906
chr17	36094893	36294893	harbor2	chr17	36135852	36136377	LTR/ERVL	2068	-	262	36136114	41221
chr17	74678332	74878332	harbor2	chr17	74721943	74722014	LTR/ERVL	1703	-	36	74721979	43647
chr17	74678332	74878332	harbor2	chr17	74722304	74722635	LTR/ERVL	1703	-	166	74722470	44138
chr17	74678332	74878332	harbor2	chr17	74729419	74729901	LTR/ERVL	1042	-	241	74729660	51328
chr17	74678332	74878332	harbor2	chr17	74727256	74727711	LTR/ERVL	2028	-	228	74727484	49152
chr17	7462638	7662638	harbor2	chr17	7515999	7516473	LTR/ERVL	2139	-	237	7516236	53598
chr17	7465774	7665774	harbor2	chr17	7515999	7516473	LTR/ERVL	2139	-	237	7516236	50462
chr17	79831273	80031273	harbor2	chr17	79857857	79858257	LTR/ERVL	814	-	200	79858057	26784
chr17	79831273	80031273	harbor2	chr17	79901460	79901494	LTR/ERVL	1897	-	17	79901477	70204
chr17	79831273	80031273	harbor2	chr17	79901934	79902799	LTR/ERVL	1897	-	432	79902366	71093
chr17	79831273	80031273	harbor2	chr17	79903871	79904073	LTR/ERVL	1361	-	101	79903972	72699
chr17	79831273	80031273	harbor2	chr17	79906010	79906563	LTR/ERVL	667	-	276	79906286	75013
chr17	79831273	80031273	harbor2	chr17	79904359	79904803	LTR/ERVL	1376	-	222	79904581	73308
chr17	78942571	79142571	harbor2	chr17	78959888	78960464	LTR/ERVL	1390	-	288	78960176	17605
chr17	76769217	76969217	harbor2	chr17	76770496	76770935	LTR/ERVL	1669	-	220	76770716	1499
chr17	76769217	76969217	harbor2	chr17	76771056	76771359	LTR/ERVL	1669	-	152	76771208	1991
chr17	76769217	76969217	harbor2	chr17	76786443	76786808	LTR/ERVL	1617	-	182	76786625	17408
chr17	76769217	76969217	harbor2	chr17	76796466	76796620	LTR/ERVL	1978	-	77	76796543	27326
chr17	76769217	76969217	harbor2	chr17	76797747	76797890	LTR/ERVL	1978	-	72	76797819	28602
chr17	76769217	76969217	harbor2	chr17	76798188	76798651	LTR/ERVL	1978	-	232	76798420	29203
chr17	76769217	76969217	harbor2	chr17	76832042	76832588	LTR/ERVL	1985	-	273	76832315	63098
chr17	76769217	76969217	harbor2	chr17	76845167	76845355	LTR/ERVL	1254	-	94	76845261	76044
chr17	76769217	76969217	harbor2	chr17	76845667	76845833	LTR/ERVL	1254	-	83	76845750	76533
chr17	76769217	76969217	harbor2	chr17	76865615	76866063	LTR/ERVL	1045	-	224	76865839	96622
chr17	15687778	15887778	harbor2	chr17	15724919	15725474	LTR/ERVL	3218	-	278	15725197	37419
chr17	45709559	45909559	harbor2	chr17	45774824	45775288	LTR/ERVL	927	-	232	45775056	65497
chr17	81859888	82059888	harbor2	chr17	81900926	81901457	LTR/ERVL	1913	-	266	81901192	41304
chr17	7472461	7672461	harbor2	chr17	7515999	7516473	LTR/ERVL	2139	-	237	7516236	43775
chr17	74936805	75136805	harbor2	chr17	75002639	75002852	LTR/ERVL	626	-	106	75002745	65940
chr17	74936805	75136805	harbor2	chr17	75018746	75018977	LTR/ERVL	916	-	116	75018862	82057
chr17	74936805	75136805	harbor2	chr17	75019144	75019422	LTR/ERVL	964	-	139	75019283	82478
chr17	76637275	76837275	harbor2	chr17	76648856	76649286	LTR/ERVL	2476	-	215	76649071	11796
chr17	6919402	7119402	harbor2	chr17	6948688	6949229	LTR/ERVL	1379	-	270	6948958	29556
chr17	76638049	76838049	harbor2	chr17	76648856	76649286	LTR/ERVL	2476	-	215	76649071	11022
chr17	44216030	44416030	harbor2	chr17	44292067	44292428	LTR/ERVL	991	-	180	44292247	76217
chr17	44216030	44416030	harbor2	chr17	44293369	44294120	LTR/ERVL	2413	-	376	44293745	77715
chr17	44216030	44416030	harbor2	chr17	44294405	44295021	LTR/ERVL	3253	-	308	44294713	78683
chr17	44216030	44416030	harbor2	chr17	44295313	44295655	LTR/ERVL	3253	-	171	44295484	79454
chr17	44216030	44416030	harbor2	chr17	44295944	44296347	LTR/ERVL	3253	-	202	44296146	80116
chr17	44216030	44416030	harbor2	chr17	44296650	44297322	LTR/ERVL	3253	-	336	44296986	80956
chr17	44216030	44416030	harbor2	chr17	44297668	44297725	LTR/ERVL	3253	-	28	44297696	81666
chr17	44216030	44416030	harbor2	chr17	44298027	44298586	LTR/ERVL	3253	-	280	44298307	82277
chr17	44216030	44416030	harbor2	chr17	44298854	44298961	LTR/ERVL	3156	-	54	44298908	82878
chr17	44216030	44416030	harbor2	chr17	44299260	44299505	LTR/ERVL	3156	-	122	44299382	83352
chr17	44216030	44416030	harbor2	chr17	44299508	44299701	LTR/ERVL	1498	-	96	44299604	83574
chr17	44216030	44416030	harbor2	chr17	44300032	44300328	LTR/ERVL	1498	-	148	44300180	84150
chr17	988320	1188320	harbor2	chr17	987594	988864	LTR/ERVL	6712	-	635	988229	91
chr17	17077758	17277758	harbor2	chr17	17151171	17151804	LTR/ERVL	1074	-	316	17151487	73729
chr17	7479862	7679862	harbor2	chr17	7515999	7516473	LTR/ERVL	2139	-	237	7516236	36374
chr17	55321022	55521022	harbor2	chr17	55362818	55363289	LTR/ERVL	1566	-	236	55363054	42032
chr17	55321022	55521022	harbor2	chr17	55363405	55363717	LTR/ERVL	2098	-	156	55363561	42539
chr17	44262877	44462877	harbor2	chr17	44292067	44292428	LTR/ERVL	991	-	180	44292247	29370
chr17	44262877	44462877	harbor2	chr17	44293369	44294120	LTR/ERVL	2413	-	376	44293745	30868
chr17	44262877	44462877	harbor2	chr17	44294405	44295021	LTR/ERVL	3253	-	308	44294713	31836
chr17	44262877	44462877	harbor2	chr17	44295313	44295655	LTR/ERVL	3253	-	171	44295484	32607
chr17	44262877	44462877	harbor2	chr17	44295944	44296347	LTR/ERVL	3253	-	202	44296146	33269
chr17	44262877	44462877	harbor2	chr17	44296650	44297322	LTR/ERVL	3253	-	336	44296986	34109
chr17	44262877	44462877	harbor2	chr17	44297668	44297725	LTR/ERVL	3253	-	28	44297696	34819
chr17	44262877	44462877	harbor2	chr17	44298027	44298586	LTR/ERVL	3253	-	280	44298307	35430
chr17	44262877	44462877	harbor2	chr17	44298854	44298961	LTR/ERVL	3156	-	54	44298908	36031
chr17	44262877	44462877	harbor2	chr17	44299260	44299505	LTR/ERVL	3156	-	122	44299382	36505
chr17	44262877	44462877	harbor2	chr17	44299508	44299701	LTR/ERVL	1498	-	96	44299604	36727
chr17	44262877	44462877	harbor2	chr17	44300032	44300328	LTR/ERVL	1498	-	148	44300180	37303
chr17	76638956	76838956	harbor2	chr17	76648856	76649286	LTR/ERVL	2476	-	215	76649071	10115
chr17	79831926	80031926	harbor2	chr17	79857857	79858257	LTR/ERVL	814	-	200	79858057	26131
chr17	79831926	80031926	harbor2	chr17	79901460	79901494	LTR/ERVL	1897	-	17	79901477	69551
chr17	79831926	80031926	harbor2	chr17	79901934	79902799	LTR/ERVL	1897	-	432	79902366	70440
chr17	79831926	80031926	harbor2	chr17	79903871	79904073	LTR/ERVL	1361	-	101	79903972	72046
chr17	79831926	80031926	harbor2	chr17	79906010	79906563	LTR/ERVL	667	-	276	79906286	74360
chr17	79831926	80031926	harbor2	chr17	79904359	79904803	LTR/ERVL	1376	-	222	79904581	72655
chr17	64704973	64904973	harbor2	chr17	64725907	64726394	LTR/ERVL	2536	-	244	64726151	21178
chr17	30996295	31196295	harbor2	chr17	31088387	31088922	LTR/ERVL	2517	-	268	31088655	92360
chr17	30996295	31196295	harbor2	chr17	31089217	31090017	LTR/ERVL	2517	-	400	31089617	93322
chr17	30996295	31196295	harbor2	chr17	31090360	31090655	LTR/ERVL	991	-	148	31090508	94213
chr17	43300682	43500682	harbor2	chr17	43385368	43385819	LTR/ERVL	1352	-	226	43385594	84912
chr17	76638206	76838206	harbor2	chr17	76648856	76649286	LTR/ERVL	2476	-	215	76649071	10865
chr18	26207400	26407400	harbor2	chr18	26267884	26268209	LTR/ERVL	647	-	162	26268046	60646
chr18	26207400	26407400	harbor2	chr18	26268252	26268809	LTR/ERVL	2138	-	278	26268530	61130
chr18	26207400	26407400	harbor2	chr18	26269121	26269507	LTR/ERVL	2138	-	193	26269314	61914
chr18	26128429	26328429	harbor2	chr18	26160808	26161589	LTR/ERVL	2311	-	390	26161198	32769
chr18	26128429	26328429	harbor2	chr18	26161759	26161907	LTR/ERVL	478	-	74	26161833	33404
chr18	26128429	26328429	harbor2	chr18	26171768	26172135	LTR/ERVL	1665	-	184	26171952	43523
chr18	26128429	26328429	harbor2	chr18	26172737	26173034	LTR/ERVL	960	-	148	26172885	44456
chr18	26128429	26328429	harbor2	chr18	26175304	26175678	LTR/ERVL	1283	-	187	26175491	47062
chr18	26128429	26328429	harbor2	chr18	26198813	26199233	LTR/ERVL	3931	-	210	26199023	70594
chr18	26128429	26328429	harbor2	chr18	26199817	26200209	LTR/ERVL	3931	-	196	26200013	71584
chr18	50173629	50373629	harbor2	chr18	50189191	50189644	LTR/ERVL	582	-	226	50189417	15788
chr18	50173629	50373629	harbor2	chr18	50207761	50208169	LTR/ERVL	2409	-	204	50207965	34336
chr18	50173629	50373629	harbor2	chr18	50208470	50208635	LTR/ERVL	2409	-	82	50208552	34923
chr18	26127503	26327503	harbor2	chr18	26160808	26161589	LTR/ERVL	2311	-	390	26161198	33695
chr18	26127503	26327503	harbor2	chr18	26161759	26161907	LTR/ERVL	478	-	74	26161833	34330
chr18	26127503	26327503	harbor2	chr18	26171768	26172135	LTR/ERVL	1665	-	184	26171952	44449
chr18	26127503	26327503	harbor2	chr18	26172737	26173034	LTR/ERVL	960	-	148	26172885	45382
chr18	26127503	26327503	harbor2	chr18	26175304	26175678	LTR/ERVL	1283	-	187	26175491	47988
chr18	26127503	26327503	harbor2	chr18	26198813	26199233	LTR/ERVL	3931	-	210	26199023	71520
chr18	26127503	26327503	harbor2	chr18	26199817	26200209	LTR/ERVL	3931	-	196	26200013	72510
chr18	31999202	32199202	harbor2	chr18	32025090	32025275	LTR/ERVL	552	-	92	32025182	25980
chr18	31999202	32199202	harbor2	chr18	32085287	32085373	LTR/ERVL	493	-	43	32085330	86128
chr18	31999202	32199202	harbor2	chr18	32085725	32085918	LTR/ERVL	585	-	96	32085821	86619
chr18	48646833	48846833	harbor2	chr18	48715704	48716112	LTR/ERVL	1279	-	204	48715908	69075
chr18	48646833	48846833	harbor2	chr18	48718287	48718778	LTR/ERVL	2487	-	246	48718533	71700
chr18	26128488	26328488	harbor2	chr18	26160808	26161589	LTR/ERVL	2311	-	390	26161198	32710
chr18	26128488	26328488	harbor2	chr18	26161759	26161907	LTR/ERVL	478	-	74	26161833	33345
chr18	26128488	26328488	harbor2	chr18	26171768	26172135	LTR/ERVL	1665	-	184	26171952	43464
chr18	26128488	26328488	harbor2	chr18	26172737	26173034	LTR/ERVL	960	-	148	26172885	44397
chr18	26128488	26328488	harbor2	chr18	26175304	26175678	LTR/ERVL	1283	-	187	26175491	47003
chr18	26128488	26328488	harbor2	chr18	26198813	26199233	LTR/ERVL	3931	-	210	26199023	70535
chr18	26128488	26328488	harbor2	chr18	26199817	26200209	LTR/ERVL	3931	-	196	26200013	71525
chr18	76054282	76254282	harbor2	chr18	76104495	76104898	LTR/ERVL	950	-	202	76104697	50415
chr18	76054282	76254282	harbor2	chr18	76121498	76121805	LTR/ERVL	882	-	154	76121652	67370
chr18	26126452	26326452	harbor2	chr18	26160808	26161589	LTR/ERVL	2311	-	390	26161198	34746
chr18	26126452	26326452	harbor2	chr18	26161759	26161907	LTR/ERVL	478	-	74	26161833	35381
chr18	26126452	26326452	harbor2	chr18	26171768	26172135	LTR/ERVL	1665	-	184	26171952	45500
chr18	26126452	26326452	harbor2	chr18	26172737	26173034	LTR/ERVL	960	-	148	26172885	46433
chr18	26126452	26326452	harbor2	chr18	26175304	26175678	LTR/ERVL	1283	-	187	26175491	49039
chr18	26126452	26326452	harbor2	chr18	26198813	26199233	LTR/ERVL	3931	-	210	26199023	72571
chr18	26126452	26326452	harbor2	chr18	26199817	26200209	LTR/ERVL	3931	-	196	26200013	73561
chr18	75398513	75598513	harbor2	chr18	75447332	75447697	LTR/ERVL	1683	-	182	75447514	49001
chr18	75398513	75598513	harbor2	chr18	75447694	75447777	LTR/ERVL	541	-	42	75447736	49223
chr18	75398513	75598513	harbor2	chr18	75492193	75492687	LTR/ERVL	1694	-	247	75492440	93927
chr18	26126438	26326438	harbor2	chr18	26160808	26161589	LTR/ERVL	2311	-	390	26161198	34760
chr18	26126438	26326438	harbor2	chr18	26161759	26161907	LTR/ERVL	478	-	74	26161833	35395
chr18	26126438	26326438	harbor2	chr18	26171768	26172135	LTR/ERVL	1665	-	184	26171952	45514
chr18	26126438	26326438	harbor2	chr18	26172737	26173034	LTR/ERVL	960	-	148	26172885	46447
chr18	26126438	26326438	harbor2	chr18	26175304	26175678	LTR/ERVL	1283	-	187	26175491	49053
chr18	26126438	26326438	harbor2	chr18	26198813	26199233	LTR/ERVL	3931	-	210	26199023	72585
chr18	26126438	26326438	harbor2	chr18	26199817	26200209	LTR/ERVL	3931	-	196	26200013	73575
chr18	26127296	26327296	harbor2	chr18	26160808	26161589	LTR/ERVL	2311	-	390	26161198	33902
chr18	26127296	26327296	harbor2	chr18	26161759	26161907	LTR/ERVL	478	-	74	26161833	34537
chr18	26127296	26327296	harbor2	chr18	26171768	26172135	LTR/ERVL	1665	-	184	26171952	44656
chr18	26127296	26327296	harbor2	chr18	26172737	26173034	LTR/ERVL	960	-	148	26172885	45589
chr18	26127296	26327296	harbor2	chr18	26175304	26175678	LTR/ERVL	1283	-	187	26175491	48195
chr18	26127296	26327296	harbor2	chr18	26198813	26199233	LTR/ERVL	3931	-	210	26199023	71727
chr18	26127296	26327296	harbor2	chr18	26199817	26200209	LTR/ERVL	3931	-	196	26200013	72717
chr18	57499758	57699758	harbor2	chr18	57528790	57528830	LTR/ERVL	2511	-	20	57528810	29052
chr18	57499758	57699758	harbor2	chr18	57529250	57529792	LTR/ERVL	2511	-	271	57529521	29763
chr18	57521968	57721968	harbor2	chr18	57528790	57528830	LTR/ERVL	2511	-	20	57528810	6842
chr18	57521968	57721968	harbor2	chr18	57529250	57529792	LTR/ERVL	2511	-	271	57529521	7553
chr18	59170166	59370166	harbor2	chr18	59187777	59188502	LTR/ERVL	1659	-	362	59188139	17973
chr18	59170166	59370166	harbor2	chr18	59188867	59188962	LTR/ERVL	1395	-	48	59188915	18749
chr18	59170166	59370166	harbor2	chr18	59189488	59192081	LTR/ERVL	8325	-	1296	59190784	20618
chr18	26127357	26327357	harbor2	chr18	26160808	26161589	LTR/ERVL	2311	-	390	26161198	33841
chr18	26127357	26327357	harbor2	chr18	26161759	26161907	LTR/ERVL	478	-	74	26161833	34476
chr18	26127357	26327357	harbor2	chr18	26171768	26172135	LTR/ERVL	1665	-	184	26171952	44595
chr18	26127357	26327357	harbor2	chr18	26172737	26173034	LTR/ERVL	960	-	148	26172885	45528
chr18	26127357	26327357	harbor2	chr18	26175304	26175678	LTR/ERVL	1283	-	187	26175491	48134
chr18	26127357	26327357	harbor2	chr18	26198813	26199233	LTR/ERVL	3931	-	210	26199023	71666
chr18	26127357	26327357	harbor2	chr18	26199817	26200209	LTR/ERVL	3931	-	196	26200013	72656
chr18	46638380	46838380	harbor2	chr18	46658996	46659430	LTR/ERVL	2251	-	217	46659213	20833
chr18	12557366	12757366	harbor2	chr18	12567512	12568263	LTR/ERVL	4479	-	376	12567888	10522
chr18	26126393	26326393	harbor2	chr18	26160808	26161589	LTR/ERVL	2311	-	390	26161198	34805
chr18	26126393	26326393	harbor2	chr18	26161759	26161907	LTR/ERVL	478	-	74	26161833	35440
chr18	26126393	26326393	harbor2	chr18	26171768	26172135	LTR/ERVL	1665	-	184	26171952	45559
chr18	26126393	26326393	harbor2	chr18	26172737	26173034	LTR/ERVL	960	-	148	26172885	46492
chr18	26126393	26326393	harbor2	chr18	26175304	26175678	LTR/ERVL	1283	-	187	26175491	49098
chr18	26126393	26326393	harbor2	chr18	26198813	26199233	LTR/ERVL	3931	-	210	26199023	72630
chr18	26126393	26326393	harbor2	chr18	26199817	26200209	LTR/ERVL	3931	-	196	26200013	73620
chr18	65652922	65852922	harbor2	chr18	65698231	65698495	LTR/ERVL	571	-	132	65698363	45441
chr18	65652922	65852922	harbor2	chr18	65700073	65700560	LTR/ERVL	707	-	244	65700317	47395
chr18	65652922	65852922	harbor2	chr18	65699572	65699894	LTR/ERVL	439	-	161	65699733	46811
chr18	50093420	50293420	harbor2	chr18	50140718	50141079	LTR/ERVL	777	-	180	50140898	47478
chr18	50093420	50293420	harbor2	chr18	50189191	50189644	LTR/ERVL	582	-	226	50189417	95997
chr18	59166135	59366135	harbor2	chr18	59187777	59188502	LTR/ERVL	1659	-	362	59188139	22004
chr18	59166135	59366135	harbor2	chr18	59188867	59188962	LTR/ERVL	1395	-	48	59188915	22780
chr18	59166135	59366135	harbor2	chr18	59189488	59192081	LTR/ERVL	8325	-	1296	59190784	24649
chr18	65651681	65851681	harbor2	chr18	65698231	65698495	LTR/ERVL	571	-	132	65698363	46682
chr18	65651681	65851681	harbor2	chr18	65700073	65700560	LTR/ERVL	707	-	244	65700317	48636
chr18	65651681	65851681	harbor2	chr18	65699572	65699894	LTR/ERVL	439	-	161	65699733	48052
chr19	19676560	19876560	harbor2	chr19	19696483	19696721	LTR/ERVL	908	-	119	19696602	20042
chr19	19676560	19876560	harbor2	chr19	19697737	19697921	LTR/ERVL	664	-	92	19697829	21269
chr19	19676560	19876560	harbor2	chr19	19700625	19701232	LTR/ERVL	4939	-	304	19700929	24369
chr19	19676560	19876560	harbor2	chr19	19703682	19704042	LTR/ERVL	985	-	180	19703862	27302
chr19	19676560	19876560	harbor2	chr19	19704166	19704211	LTR/ERVL	776	-	22	19704188	27628
chr19	19676560	19876560	harbor2	chr19	19704526	19704585	LTR/ERVL	776	-	30	19704556	27996
chr19	19676560	19876560	harbor2	chr19	19704882	19705126	LTR/ERVL	776	-	122	19705004	28444
chr19	19676560	19876560	harbor2	chr19	19716104	19716276	LTR/ERVL	669	-	86	19716190	39630
chr19	19676560	19876560	harbor2	chr19	19716588	19716643	LTR/ERVL	669	-	28	19716616	40056
chr19	19676560	19876560	harbor2	chr19	19716981	19717734	LTR/ERVL	2082	-	376	19717357	40797
chr19	19676560	19876560	harbor2	chr19	19677131	19677522	LTR/ERVL	1358	-	196	19677327	767
chr19	19676555	19876555	harbor2	chr19	19696483	19696721	LTR/ERVL	908	-	119	19696602	20047
chr19	19676555	19876555	harbor2	chr19	19697737	19697921	LTR/ERVL	664	-	92	19697829	21274
chr19	19676555	19876555	harbor2	chr19	19700625	19701232	LTR/ERVL	4939	-	304	19700929	24374
chr19	19676555	19876555	harbor2	chr19	19703682	19704042	LTR/ERVL	985	-	180	19703862	27307
chr19	19676555	19876555	harbor2	chr19	19704166	19704211	LTR/ERVL	776	-	22	19704188	27633
chr19	19676555	19876555	harbor2	chr19	19704526	19704585	LTR/ERVL	776	-	30	19704556	28001
chr19	19676555	19876555	harbor2	chr19	19704882	19705126	LTR/ERVL	776	-	122	19705004	28449
chr19	19676555	19876555	harbor2	chr19	19716104	19716276	LTR/ERVL	669	-	86	19716190	39635
chr19	19676555	19876555	harbor2	chr19	19716588	19716643	LTR/ERVL	669	-	28	19716616	40061
chr19	19676555	19876555	harbor2	chr19	19716981	19717734	LTR/ERVL	2082	-	376	19717357	40802
chr19	19676555	19876555	harbor2	chr19	19677131	19677522	LTR/ERVL	1358	-	196	19677327	772
chr19	19676581	19876581	harbor2	chr19	19696483	19696721	LTR/ERVL	908	-	119	19696602	20021
chr19	19676581	19876581	harbor2	chr19	19697737	19697921	LTR/ERVL	664	-	92	19697829	21248
chr19	19676581	19876581	harbor2	chr19	19700625	19701232	LTR/ERVL	4939	-	304	19700929	24348
chr19	19676581	19876581	harbor2	chr19	19703682	19704042	LTR/ERVL	985	-	180	19703862	27281
chr19	19676581	19876581	harbor2	chr19	19704166	19704211	LTR/ERVL	776	-	22	19704188	27607
chr19	19676581	19876581	harbor2	chr19	19704526	19704585	LTR/ERVL	776	-	30	19704556	27975
chr19	19676581	19876581	harbor2	chr19	19704882	19705126	LTR/ERVL	776	-	122	19705004	28423
chr19	19676581	19876581	harbor2	chr19	19716104	19716276	LTR/ERVL	669	-	86	19716190	39609
chr19	19676581	19876581	harbor2	chr19	19716588	19716643	LTR/ERVL	669	-	28	19716616	40035
chr19	19676581	19876581	harbor2	chr19	19716981	19717734	LTR/ERVL	2082	-	376	19717357	40776
chr19	19676581	19876581	harbor2	chr19	19677131	19677522	LTR/ERVL	1358	-	196	19677327	746
chr19	19676554	19876554	harbor2	chr19	19696483	19696721	LTR/ERVL	908	-	119	19696602	20048
chr19	19676554	19876554	harbor2	chr19	19697737	19697921	LTR/ERVL	664	-	92	19697829	21275
chr19	19676554	19876554	harbor2	chr19	19700625	19701232	LTR/ERVL	4939	-	304	19700929	24375
chr19	19676554	19876554	harbor2	chr19	19703682	19704042	LTR/ERVL	985	-	180	19703862	27308
chr19	19676554	19876554	harbor2	chr19	19704166	19704211	LTR/ERVL	776	-	22	19704188	27634
chr19	19676554	19876554	harbor2	chr19	19704526	19704585	LTR/ERVL	776	-	30	19704556	28002
chr19	19676554	19876554	harbor2	chr19	19704882	19705126	LTR/ERVL	776	-	122	19705004	28450
chr19	19676554	19876554	harbor2	chr19	19716104	19716276	LTR/ERVL	669	-	86	19716190	39636
chr19	19676554	19876554	harbor2	chr19	19716588	19716643	LTR/ERVL	669	-	28	19716616	40062
chr19	19676554	19876554	harbor2	chr19	19716981	19717734	LTR/ERVL	2082	-	376	19717357	40803
chr19	19676554	19876554	harbor2	chr19	19677131	19677522	LTR/ERVL	1358	-	196	19677327	773
chr19	5029245	5229245	harbor2	chr19	5099183	5099595	LTR/ERVL	2242	-	206	5099389	70144
chr19	5036318	5236318	harbor2	chr19	5099183	5099595	LTR/ERVL	2242	-	206	5099389	63071
chr19	19676548	19876548	harbor2	chr19	19696483	19696721	LTR/ERVL	908	-	119	19696602	20054
chr19	19676548	19876548	harbor2	chr19	19697737	19697921	LTR/ERVL	664	-	92	19697829	21281
chr19	19676548	19876548	harbor2	chr19	19700625	19701232	LTR/ERVL	4939	-	304	19700929	24381
chr19	19676548	19876548	harbor2	chr19	19703682	19704042	LTR/ERVL	985	-	180	19703862	27314
chr19	19676548	19876548	harbor2	chr19	19704166	19704211	LTR/ERVL	776	-	22	19704188	27640
chr19	19676548	19876548	harbor2	chr19	19704526	19704585	LTR/ERVL	776	-	30	19704556	28008
chr19	19676548	19876548	harbor2	chr19	19704882	19705126	LTR/ERVL	776	-	122	19705004	28456
chr19	19676548	19876548	harbor2	chr19	19716104	19716276	LTR/ERVL	669	-	86	19716190	39642
chr19	19676548	19876548	harbor2	chr19	19716588	19716643	LTR/ERVL	669	-	28	19716616	40068
chr19	19676548	19876548	harbor2	chr19	19716981	19717734	LTR/ERVL	2082	-	376	19717357	40809
chr19	19676548	19876548	harbor2	chr19	19677131	19677522	LTR/ERVL	1358	-	196	19677327	779
chr19	3287977	3487977	harbor2	chr19	3328974	3329067	LTR/ERVL	1809	-	46	3329020	41043
chr19	3287977	3487977	harbor2	chr19	3329393	3329490	LTR/ERVL	1809	-	48	3329441	41464
chr19	3287977	3487977	harbor2	chr19	3329765	3329849	LTR/ERVL	1809	-	42	3329807	41830
chr19	3287977	3487977	harbor2	chr19	3330150	3330414	LTR/ERVL	1809	-	132	3330282	42305
chr19	19676570	19876570	harbor2	chr19	19696483	19696721	LTR/ERVL	908	-	119	19696602	20032
chr19	19676570	19876570	harbor2	chr19	19697737	19697921	LTR/ERVL	664	-	92	19697829	21259
chr19	19676570	19876570	harbor2	chr19	19700625	19701232	LTR/ERVL	4939	-	304	19700929	24359
chr19	19676570	19876570	harbor2	chr19	19703682	19704042	LTR/ERVL	985	-	180	19703862	27292
chr19	19676570	19876570	harbor2	chr19	19704166	19704211	LTR/ERVL	776	-	22	19704188	27618
chr19	19676570	19876570	harbor2	chr19	19704526	19704585	LTR/ERVL	776	-	30	19704556	27986
chr19	19676570	19876570	harbor2	chr19	19704882	19705126	LTR/ERVL	776	-	122	19705004	28434
chr19	19676570	19876570	harbor2	chr19	19716104	19716276	LTR/ERVL	669	-	86	19716190	39620
chr19	19676570	19876570	harbor2	chr19	19716588	19716643	LTR/ERVL	669	-	28	19716616	40046
chr19	19676570	19876570	harbor2	chr19	19716981	19717734	LTR/ERVL	2082	-	376	19717357	40787
chr19	19676570	19876570	harbor2	chr19	19677131	19677522	LTR/ERVL	1358	-	196	19677327	757
chr19	35168136	35368136	harbor2	chr19	35172696	35173254	LTR/ERVL	2157	-	279	35172975	4839
chr19	35168136	35368136	harbor2	chr19	35193559	35193905	LTR/ERVL	1541	-	173	35193732	25596
chr19	35168136	35368136	harbor2	chr19	35194548	35194997	LTR/ERVL	2002	-	224	35194772	26636
chr19	8046126	8246126	harbor2	chr19	8059498	8059730	LTR/ERVL	1149	-	116	8059614	13488
chr19	8046126	8246126	harbor2	chr19	8060360	8060523	LTR/ERVL	1519	-	82	8060442	14316
chr19	8046126	8246126	harbor2	chr19	8061445	8061711	LTR/ERVL	1519	-	133	8061578	15452
chr19	8046126	8246126	harbor2	chr19	8062069	8062177	LTR/ERVL	1519	-	54	8062123	15997
chr19	8046126	8246126	harbor2	chr19	8127362	8127701	LTR/ERVL	1606	-	170	8127532	81406
chr19	8046126	8246126	harbor2	chr19	8128026	8128174	LTR/ERVL	1606	-	74	8128100	81974
chr19	40642251	40842251	harbor2	chr19	40730759	40731137	LTR/ERVL	2144	-	189	40730948	88697
chr19	40642251	40842251	harbor2	chr19	40731449	40731595	LTR/ERVL	1874	-	73	40731522	89271
chr19	40642251	40842251	harbor2	chr19	40731621	40731955	LTR/ERVL	1874	-	167	40731788	89537
chr19	40642251	40842251	harbor2	chr19	40732550	40732621	LTR/ERVL	1874	-	36	40732586	90335
chr19	55239703	55439703	harbor2	chr19	55260360	55260571	LTR/ERVL	1211	-	106	55260466	20763
chr19	2356840	2556840	harbor2	chr19	2382810	2383069	LTR/ERVL	1291	-	130	2382940	26100
chr19	19676521	19876521	harbor2	chr19	19696483	19696721	LTR/ERVL	908	-	119	19696602	20081
chr19	19676521	19876521	harbor2	chr19	19697737	19697921	LTR/ERVL	664	-	92	19697829	21308
chr19	19676521	19876521	harbor2	chr19	19700625	19701232	LTR/ERVL	4939	-	304	19700929	24408
chr19	19676521	19876521	harbor2	chr19	19703682	19704042	LTR/ERVL	985	-	180	19703862	27341
chr19	19676521	19876521	harbor2	chr19	19704166	19704211	LTR/ERVL	776	-	22	19704188	27667
chr19	19676521	19876521	harbor2	chr19	19704526	19704585	LTR/ERVL	776	-	30	19704556	28035
chr19	19676521	19876521	harbor2	chr19	19704882	19705126	LTR/ERVL	776	-	122	19705004	28483
chr19	19676521	19876521	harbor2	chr19	19716104	19716276	LTR/ERVL	669	-	86	19716190	39669
chr19	19676521	19876521	harbor2	chr19	19716588	19716643	LTR/ERVL	669	-	28	19716616	40095
chr19	19676521	19876521	harbor2	chr19	19716981	19717734	LTR/ERVL	2082	-	376	19717357	40836
chr19	19676521	19876521	harbor2	chr19	19677131	19677522	LTR/ERVL	1358	-	196	19677327	806
chr19	43994297	44194297	harbor2	chr19	43994418	43995107	LTR/ERVL	1450	-	344	43994762	465
chr19	43994297	44194297	harbor2	chr19	44007551	44007897	LTR/ERVL	1101	-	173	44007724	13427
chr19	43994297	44194297	harbor2	chr19	44007901	44008357	LTR/ERVL	1403	-	228	44008129	13832
chr19	43994297	44194297	harbor2	chr19	44030368	44031065	LTR/ERVL	1878	-	348	44030716	36419
chr19	43994297	44194297	harbor2	chr19	44057804	44058258	LTR/ERVL	2154	-	227	44058031	63734
chr19	43994297	44194297	harbor2	chr19	44058265	44060090	LTR/ERVL	5957	-	912	44059177	64880
chr19	43994297	44194297	harbor2	chr19	44064571	44065266	LTR/ERVL	1917	-	348	44064919	70622
chr19	32307102	32507102	harbor2	chr19	32313275	32314126	LTR/ERVL	1729	-	426	32313701	6599
chr19	19676568	19876568	harbor2	chr19	19696483	19696721	LTR/ERVL	908	-	119	19696602	20034
chr19	19676568	19876568	harbor2	chr19	19697737	19697921	LTR/ERVL	664	-	92	19697829	21261
chr19	19676568	19876568	harbor2	chr19	19700625	19701232	LTR/ERVL	4939	-	304	19700929	24361
chr19	19676568	19876568	harbor2	chr19	19703682	19704042	LTR/ERVL	985	-	180	19703862	27294
chr19	19676568	19876568	harbor2	chr19	19704166	19704211	LTR/ERVL	776	-	22	19704188	27620
chr19	19676568	19876568	harbor2	chr19	19704526	19704585	LTR/ERVL	776	-	30	19704556	27988
chr19	19676568	19876568	harbor2	chr19	19704882	19705126	LTR/ERVL	776	-	122	19705004	28436
chr19	19676568	19876568	harbor2	chr19	19716104	19716276	LTR/ERVL	669	-	86	19716190	39622
chr19	19676568	19876568	harbor2	chr19	19716588	19716643	LTR/ERVL	669	-	28	19716616	40048
chr19	19676568	19876568	harbor2	chr19	19716981	19717734	LTR/ERVL	2082	-	376	19717357	40789
chr19	19676568	19876568	harbor2	chr19	19677131	19677522	LTR/ERVL	1358	-	196	19677327	759
chr19	19676595	19876595	harbor2	chr19	19696483	19696721	LTR/ERVL	908	-	119	19696602	20007
chr19	19676595	19876595	harbor2	chr19	19697737	19697921	LTR/ERVL	664	-	92	19697829	21234
chr19	19676595	19876595	harbor2	chr19	19700625	19701232	LTR/ERVL	4939	-	304	19700929	24334
chr19	19676595	19876595	harbor2	chr19	19703682	19704042	LTR/ERVL	985	-	180	19703862	27267
chr19	19676595	19876595	harbor2	chr19	19704166	19704211	LTR/ERVL	776	-	22	19704188	27593
chr19	19676595	19876595	harbor2	chr19	19704526	19704585	LTR/ERVL	776	-	30	19704556	27961
chr19	19676595	19876595	harbor2	chr19	19704882	19705126	LTR/ERVL	776	-	122	19705004	28409
chr19	19676595	19876595	harbor2	chr19	19716104	19716276	LTR/ERVL	669	-	86	19716190	39595
chr19	19676595	19876595	harbor2	chr19	19716588	19716643	LTR/ERVL	669	-	28	19716616	40021
chr19	19676595	19876595	harbor2	chr19	19716981	19717734	LTR/ERVL	2082	-	376	19717357	40762
chr19	19676595	19876595	harbor2	chr19	19677131	19677522	LTR/ERVL	1358	-	196	19677327	732
chr19	19676599	19876599	harbor2	chr19	19696483	19696721	LTR/ERVL	908	-	119	19696602	20003
chr19	19676599	19876599	harbor2	chr19	19697737	19697921	LTR/ERVL	664	-	92	19697829	21230
chr19	19676599	19876599	harbor2	chr19	19700625	19701232	LTR/ERVL	4939	-	304	19700929	24330
chr19	19676599	19876599	harbor2	chr19	19703682	19704042	LTR/ERVL	985	-	180	19703862	27263
chr19	19676599	19876599	harbor2	chr19	19704166	19704211	LTR/ERVL	776	-	22	19704188	27589
chr19	19676599	19876599	harbor2	chr19	19704526	19704585	LTR/ERVL	776	-	30	19704556	27957
chr19	19676599	19876599	harbor2	chr19	19704882	19705126	LTR/ERVL	776	-	122	19705004	28405
chr19	19676599	19876599	harbor2	chr19	19716104	19716276	LTR/ERVL	669	-	86	19716190	39591
chr19	19676599	19876599	harbor2	chr19	19716588	19716643	LTR/ERVL	669	-	28	19716616	40017
chr19	19676599	19876599	harbor2	chr19	19716981	19717734	LTR/ERVL	2082	-	376	19717357	40758
chr19	19676599	19876599	harbor2	chr19	19677131	19677522	LTR/ERVL	1358	-	196	19677327	728
chr19	55638507	55838507	harbor2	chr19	55719021	55719205	LTR/ERVL	920	-	92	55719113	80606
chr19	55638507	55838507	harbor2	chr19	55727826	55728294	LTR/ERVL	2650	-	234	55728060	89553
chr19	55638507	55838507	harbor2	chr19	55728600	55728699	LTR/ERVL	2650	-	50	55728650	90143
chr19	48525426	48725426	harbor2	chr19	48584131	48584319	LTR/ERVL	616	-	94	48584225	58799
chr19	48525426	48725426	harbor2	chr19	48584317	48584591	LTR/ERVL	991	-	137	48584454	59028
chr19	51864995	52064995	harbor2	chr19	51898134	51898630	LTR/ERVL	2123	-	248	51898382	33387
chr19	51864995	52064995	harbor2	chr19	51898941	51899198	LTR/ERVL	2123	-	128	51899069	34074
chr19	51864995	52064995	harbor2	chr19	51900863	51901346	LTR/ERVL	2428	-	242	51901105	36110
chr19	51864995	52064995	harbor2	chr19	51902266	51902509	LTR/ERVL	3116	-	122	51902388	37393
chr19	51864995	52064995	harbor2	chr19	51903038	51903516	LTR/ERVL	3116	-	239	51903277	38282
chr19	8046497	8246497	harbor2	chr19	8059498	8059730	LTR/ERVL	1149	-	116	8059614	13117
chr19	8046497	8246497	harbor2	chr19	8060360	8060523	LTR/ERVL	1519	-	82	8060442	13945
chr19	8046497	8246497	harbor2	chr19	8061445	8061711	LTR/ERVL	1519	-	133	8061578	15081
chr19	8046497	8246497	harbor2	chr19	8062069	8062177	LTR/ERVL	1519	-	54	8062123	15626
chr19	8046497	8246497	harbor2	chr19	8127362	8127701	LTR/ERVL	1606	-	170	8127532	81035
chr19	8046497	8246497	harbor2	chr19	8128026	8128174	LTR/ERVL	1606	-	74	8128100	81603
chr19	39766858	39966858	harbor2	chr19	39768592	39769241	LTR/ERVL	2908	-	324	39768916	2058
chr19	54349613	54549613	harbor2	chr19	54407688	54408152	LTR/ERVL	2722	-	232	54407920	58307
chr19	44747639	44947639	harbor2	chr19	44755205	44755557	LTR/ERVL	1041	-	176	44755381	7742
chr19	44747639	44947639	harbor2	chr19	44815561	44815722	LTR/ERVL	1244	-	80	44815641	68002
chr19	44747639	44947639	harbor2	chr19	44816334	44816586	LTR/ERVL	1244	-	126	44816460	68821
chr19	44747639	44947639	harbor2	chr19	44824867	44825199	LTR/ERVL	3259	-	166	44825033	77394
chr19	44747639	44947639	harbor2	chr19	44825653	44826070	LTR/ERVL	3259	-	208	44825861	78222
chr19	44747639	44947639	harbor2	chr19	44826203	44826359	LTR/ERVL	3259	-	78	44826281	78642
chr19	190996	390996	harbor2	chr19	202360	202512	LTR/ERVL	690	-	76	202436	11440
chr19	190996	390996	harbor2	chr19	251978	252327	LTR/ERVL	2212	-	174	252152	61156
chr19	190996	390996	harbor2	chr19	252693	252919	LTR/ERVL	2212	-	113	252806	61810
chr19	31990162	32190162	harbor2	chr19	32016782	32017136	LTR/ERVL	1728	-	177	32016959	26797
chr19	29842433	30042433	harbor2	chr19	29923837	29924302	LTR/ERVL	2135	-	232	29924069	81636
chr19	33094159	33294159	harbor2	chr19	33184040	33184532	LTR/ERVL	3070	-	246	33184286	90127
chr19	33094159	33294159	harbor2	chr19	33184819	33184926	LTR/ERVL	3070	-	54	33184873	90714
chr19	55205663	55405663	harbor2	chr19	55260360	55260571	LTR/ERVL	1211	-	106	55260466	54803
chr19	32286588	32486588	harbor2	chr19	32313275	32314126	LTR/ERVL	1729	-	426	32313701	27113
chr19	2391198	2591198	harbor2	chr19	2464766	2464817	LTR/ERVL	1623	-	26	2464792	73594
chr19	2391198	2591198	harbor2	chr19	2465116	2465203	LTR/ERVL	1623	-	44	2465160	73962
chr19	2391198	2591198	harbor2	chr19	2465499	2465816	LTR/ERVL	1623	-	158	2465657	74459
chr19	18675307	18875307	harbor2	chr19	18739851	18739970	LTR/ERVL	1530	-	60	18739911	64604
chr19	18675307	18875307	harbor2	chr19	18740267	18740668	LTR/ERVL	1530	-	200	18740467	65160
chr19	19676587	19876587	harbor2	chr19	19696483	19696721	LTR/ERVL	908	-	119	19696602	20015
chr19	19676587	19876587	harbor2	chr19	19697737	19697921	LTR/ERVL	664	-	92	19697829	21242
chr19	19676587	19876587	harbor2	chr19	19700625	19701232	LTR/ERVL	4939	-	304	19700929	24342
chr19	19676587	19876587	harbor2	chr19	19703682	19704042	LTR/ERVL	985	-	180	19703862	27275
chr19	19676587	19876587	harbor2	chr19	19704166	19704211	LTR/ERVL	776	-	22	19704188	27601
chr19	19676587	19876587	harbor2	chr19	19704526	19704585	LTR/ERVL	776	-	30	19704556	27969
chr19	19676587	19876587	harbor2	chr19	19704882	19705126	LTR/ERVL	776	-	122	19705004	28417
chr19	19676587	19876587	harbor2	chr19	19716104	19716276	LTR/ERVL	669	-	86	19716190	39603
chr19	19676587	19876587	harbor2	chr19	19716588	19716643	LTR/ERVL	669	-	28	19716616	40029
chr19	19676587	19876587	harbor2	chr19	19716981	19717734	LTR/ERVL	2082	-	376	19717357	40770
chr19	19676587	19876587	harbor2	chr19	19677131	19677522	LTR/ERVL	1358	-	196	19677327	740
chr19	41689213	41889213	harbor2	chr19	41726501	41726771	LTR/ERVL	977	-	135	41726636	37423
chr19	41689213	41889213	harbor2	chr19	41765449	41765867	LTR/ERVL	1147	-	209	41765658	76445
chr19	30444888	30644888	harbor2	chr19	30539147	30539538	LTR/ERVL	1576	-	196	30539343	94455
chr19	33324387	33524387	harbor2	chr19	33339186	33339641	LTR/ERVL	1397	-	228	33339414	15027
chr19	19952302	20152302	harbor2	chr19	19952791	19953160	LTR/ERVL	1106	-	184	19952975	673
chr19	19952302	20152302	harbor2	chr19	19990552	19990721	LTR/ERVL	1068	-	84	19990636	38334
chr19	19952302	20152302	harbor2	chr19	19990990	19991399	LTR/ERVL	3176	-	204	19991194	38892
chr19	19952302	20152302	harbor2	chr19	19991400	19992984	LTR/ERVL	11405	-	792	19992192	39890
chr19	19952302	20152302	harbor2	chr19	19992964	19993085	LTR/ERVL	13880	-	60	19993024	40722
chr19	19952302	20152302	harbor2	chr19	19993392	19995078	LTR/ERVL	13880	-	843	19994235	41933
chr19	19952302	20152302	harbor2	chr19	19995079	19995673	LTR/ERVL	4057	-	297	19995376	43074
chr19	19952302	20152302	harbor2	chr19	20051128	20051375	LTR/ERVL	660	-	124	20051252	98950
chr19	317994	517994	harbor2	chr19	352270	352640	LTR/ERVL	769	-	185	352455	34461
chr19	35168150	35368150	harbor2	chr19	35172696	35173254	LTR/ERVL	2157	-	279	35172975	4825
chr19	35168150	35368150	harbor2	chr19	35193559	35193905	LTR/ERVL	1541	-	173	35193732	25582
chr19	35168150	35368150	harbor2	chr19	35194548	35194997	LTR/ERVL	2002	-	224	35194772	26622
chr19	1	173810	harbor2	chr19	83005	83884	LTR/ERVL	1014	-	440	83445	83444
chr19	19676557	19876557	harbor2	chr19	19696483	19696721	LTR/ERVL	908	-	119	19696602	20045
chr19	19676557	19876557	harbor2	chr19	19697737	19697921	LTR/ERVL	664	-	92	19697829	21272
chr19	19676557	19876557	harbor2	chr19	19700625	19701232	LTR/ERVL	4939	-	304	19700929	24372
chr19	19676557	19876557	harbor2	chr19	19703682	19704042	LTR/ERVL	985	-	180	19703862	27305
chr19	19676557	19876557	harbor2	chr19	19704166	19704211	LTR/ERVL	776	-	22	19704188	27631
chr19	19676557	19876557	harbor2	chr19	19704526	19704585	LTR/ERVL	776	-	30	19704556	27999
chr19	19676557	19876557	harbor2	chr19	19704882	19705126	LTR/ERVL	776	-	122	19705004	28447
chr19	19676557	19876557	harbor2	chr19	19716104	19716276	LTR/ERVL	669	-	86	19716190	39633
chr19	19676557	19876557	harbor2	chr19	19716588	19716643	LTR/ERVL	669	-	28	19716616	40059
chr19	19676557	19876557	harbor2	chr19	19716981	19717734	LTR/ERVL	2082	-	376	19717357	40800
chr19	19676557	19876557	harbor2	chr19	19677131	19677522	LTR/ERVL	1358	-	196	19677327	770
chr19	19676582	19876582	harbor2	chr19	19696483	19696721	LTR/ERVL	908	-	119	19696602	20020
chr19	19676582	19876582	harbor2	chr19	19697737	19697921	LTR/ERVL	664	-	92	19697829	21247
chr19	19676582	19876582	harbor2	chr19	19700625	19701232	LTR/ERVL	4939	-	304	19700929	24347
chr19	19676582	19876582	harbor2	chr19	19703682	19704042	LTR/ERVL	985	-	180	19703862	27280
chr19	19676582	19876582	harbor2	chr19	19704166	19704211	LTR/ERVL	776	-	22	19704188	27606
chr19	19676582	19876582	harbor2	chr19	19704526	19704585	LTR/ERVL	776	-	30	19704556	27974
chr19	19676582	19876582	harbor2	chr19	19704882	19705126	LTR/ERVL	776	-	122	19705004	28422
chr19	19676582	19876582	harbor2	chr19	19716104	19716276	LTR/ERVL	669	-	86	19716190	39608
chr19	19676582	19876582	harbor2	chr19	19716588	19716643	LTR/ERVL	669	-	28	19716616	40034
chr19	19676582	19876582	harbor2	chr19	19716981	19717734	LTR/ERVL	2082	-	376	19717357	40775
chr19	19676582	19876582	harbor2	chr19	19677131	19677522	LTR/ERVL	1358	-	196	19677327	745
chr19	32340709	32540709	harbor2	chr19	32416368	32417137	LTR/ERVL	1594	-	384	32416752	76043
chr19	19676565	19876565	harbor2	chr19	19696483	19696721	LTR/ERVL	908	-	119	19696602	20037
chr19	19676565	19876565	harbor2	chr19	19697737	19697921	LTR/ERVL	664	-	92	19697829	21264
chr19	19676565	19876565	harbor2	chr19	19700625	19701232	LTR/ERVL	4939	-	304	19700929	24364
chr19	19676565	19876565	harbor2	chr19	19703682	19704042	LTR/ERVL	985	-	180	19703862	27297
chr19	19676565	19876565	harbor2	chr19	19704166	19704211	LTR/ERVL	776	-	22	19704188	27623
chr19	19676565	19876565	harbor2	chr19	19704526	19704585	LTR/ERVL	776	-	30	19704556	27991
chr19	19676565	19876565	harbor2	chr19	19704882	19705126	LTR/ERVL	776	-	122	19705004	28439
chr19	19676565	19876565	harbor2	chr19	19716104	19716276	LTR/ERVL	669	-	86	19716190	39625
chr19	19676565	19876565	harbor2	chr19	19716588	19716643	LTR/ERVL	669	-	28	19716616	40051
chr19	19676565	19876565	harbor2	chr19	19716981	19717734	LTR/ERVL	2082	-	376	19717357	40792
chr19	19676565	19876565	harbor2	chr19	19677131	19677522	LTR/ERVL	1358	-	196	19677327	762
chr19	1	171076	harbor2	chr19	83005	83884	LTR/ERVL	1014	-	440	83445	83444
chr19	208948	408948	harbor2	chr19	251978	252327	LTR/ERVL	2212	-	174	252152	43204
chr19	208948	408948	harbor2	chr19	252693	252919	LTR/ERVL	2212	-	113	252806	43858
chr19	23929675	24129675	harbor2	chr19	23991049	23991273	LTR/ERVL	1827	-	112	23991161	61486
chr19	23929675	24129675	harbor2	chr19	23991259	23991497	LTR/ERVL	1718	-	119	23991378	61703
chr19	4228526	4428526	harbor2	chr19	4247746	4247863	LTR/ERVL	626	-	58	4247804	19278
chr19	4228526	4428526	harbor2	chr19	4258611	4259064	LTR/ERVL	1122	-	226	4258837	30311
chr19	441432	641432	harbor2	chr19	520958	521478	LTR/ERVL	2140	-	260	521218	79786
chr19	441432	641432	harbor2	chr19	521785	521807	LTR/ERVL	2140	-	11	521796	80364
chr19	441432	641432	harbor2	chr19	521813	522035	LTR/ERVL	724	-	111	521924	80492
chr19	55385170	55585170	harbor2	chr19	55399470	55399759	LTR/ERVL	1013	-	144	55399614	14444
chr19	55385170	55585170	harbor2	chr19	55471098	55471552	LTR/ERVL	1003	-	227	55471325	86155
chr19	51744047	51944047	harbor2	chr19	51824866	51825395	LTR/ERVL	2405	-	264	51825130	81083
chr19	51744047	51944047	harbor2	chr19	51825401	51825637	LTR/ERVL	1342	-	118	51825519	81472
chr19	2788095	2988095	harbor2	chr19	2844539	2844793	LTR/ERVL	1017	-	127	2844666	56571
chr19	2788095	2988095	harbor2	chr19	2844799	2844946	LTR/ERVL	619	-	74	2844873	56778
chr19	2788095	2988095	harbor2	chr19	2845738	2846376	LTR/ERVL	2708	-	319	2846057	57962
chr19	2788095	2988095	harbor2	chr19	2846367	2847199	LTR/ERVL	2898	-	416	2846783	58688
chr19	2788095	2988095	harbor2	chr19	2847975	2848136	LTR/ERVL	723	-	80	2848055	59960
chr19	2788095	2988095	harbor2	chr19	2848748	2848997	LTR/ERVL	1022	-	124	2848872	60777
chr19	2788095	2988095	harbor2	chr19	2866702	2866934	LTR/ERVL	681	-	116	2866818	78723
chr19	51389492	51589492	harbor2	chr19	51474734	51475385	LTR/ERVL	2340	-	326	51475060	85568
chr19	19676571	19876571	harbor2	chr19	19696483	19696721	LTR/ERVL	908	-	119	19696602	20031
chr19	19676571	19876571	harbor2	chr19	19697737	19697921	LTR/ERVL	664	-	92	19697829	21258
chr19	19676571	19876571	harbor2	chr19	19700625	19701232	LTR/ERVL	4939	-	304	19700929	24358
chr19	19676571	19876571	harbor2	chr19	19703682	19704042	LTR/ERVL	985	-	180	19703862	27291
chr19	19676571	19876571	harbor2	chr19	19704166	19704211	LTR/ERVL	776	-	22	19704188	27617
chr19	19676571	19876571	harbor2	chr19	19704526	19704585	LTR/ERVL	776	-	30	19704556	27985
chr19	19676571	19876571	harbor2	chr19	19704882	19705126	LTR/ERVL	776	-	122	19705004	28433
chr19	19676571	19876571	harbor2	chr19	19716104	19716276	LTR/ERVL	669	-	86	19716190	39619
chr19	19676571	19876571	harbor2	chr19	19716588	19716643	LTR/ERVL	669	-	28	19716616	40045
chr19	19676571	19876571	harbor2	chr19	19716981	19717734	LTR/ERVL	2082	-	376	19717357	40786
chr19	19676571	19876571	harbor2	chr19	19677131	19677522	LTR/ERVL	1358	-	196	19677327	756
chr19	481891	681891	harbor2	chr19	520958	521478	LTR/ERVL	2140	-	260	521218	39327
chr19	481891	681891	harbor2	chr19	521785	521807	LTR/ERVL	2140	-	11	521796	39905
chr19	481891	681891	harbor2	chr19	521813	522035	LTR/ERVL	724	-	111	521924	40033
chr19	2130274	2330274	harbor2	chr19	2170417	2170959	LTR/ERVL	1115	-	271	2170688	40414
chr19	36115251	36315251	harbor2	chr19	36161029	36161508	LTR/ERVL	4724	-	240	36161269	46018
chr19	36115251	36315251	harbor2	chr19	36161816	36162298	LTR/ERVL	4724	-	241	36162057	46806
chr19	36115251	36315251	harbor2	chr19	36163556	36163807	LTR/ERVL	4724	-	126	36163682	48431
chr19	36115251	36315251	harbor2	chr19	36165167	36165382	LTR/ERVL	758	-	108	36165275	50024
chr19	36115251	36315251	harbor2	chr19	36167611	36168089	LTR/ERVL	1803	-	239	36167850	52599
chr19	19952301	20152301	harbor2	chr19	19952791	19953160	LTR/ERVL	1106	-	184	19952975	674
chr19	19952301	20152301	harbor2	chr19	19990552	19990721	LTR/ERVL	1068	-	84	19990636	38335
chr19	19952301	20152301	harbor2	chr19	19990990	19991399	LTR/ERVL	3176	-	204	19991194	38893
chr19	19952301	20152301	harbor2	chr19	19991400	19992984	LTR/ERVL	11405	-	792	19992192	39891
chr19	19952301	20152301	harbor2	chr19	19992964	19993085	LTR/ERVL	13880	-	60	19993024	40723
chr19	19952301	20152301	harbor2	chr19	19993392	19995078	LTR/ERVL	13880	-	843	19994235	41934
chr19	19952301	20152301	harbor2	chr19	19995079	19995673	LTR/ERVL	4057	-	297	19995376	43075
chr19	19952301	20152301	harbor2	chr19	20051128	20051375	LTR/ERVL	660	-	124	20051252	98951
chr19	50332354	50532354	harbor2	chr19	50354880	50355202	LTR/ERVL	2820	-	161	50355041	22687
chr19	50332354	50532354	harbor2	chr19	50355416	50355511	LTR/ERVL	2820	-	48	50355464	23110
chr19	50332354	50532354	harbor2	chr19	50390248	50390572	LTR/ERVL	1903	-	162	50390410	58056
chr19	50332354	50532354	harbor2	chr19	50410487	50410956	LTR/ERVL	2049	-	234	50410721	78367
chr19	50332354	50532354	harbor2	chr19	50425829	50425926	LTR/ERVL	1552	-	48	50425877	93523
chr19	50332354	50532354	harbor2	chr19	50426229	50426482	LTR/ERVL	1552	-	126	50426355	94001
chr19	50332354	50532354	harbor2	chr19	50426795	50426847	LTR/ERVL	1552	-	26	50426821	94467
chr19	43994355	44194355	harbor2	chr19	43994418	43995107	LTR/ERVL	1450	-	344	43994762	407
chr19	43994355	44194355	harbor2	chr19	44007551	44007897	LTR/ERVL	1101	-	173	44007724	13369
chr19	43994355	44194355	harbor2	chr19	44007901	44008357	LTR/ERVL	1403	-	228	44008129	13774
chr19	43994355	44194355	harbor2	chr19	44030368	44031065	LTR/ERVL	1878	-	348	44030716	36361
chr19	43994355	44194355	harbor2	chr19	44057804	44058258	LTR/ERVL	2154	-	227	44058031	63676
chr19	43994355	44194355	harbor2	chr19	44058265	44060090	LTR/ERVL	5957	-	912	44059177	64822
chr19	43994355	44194355	harbor2	chr19	44064571	44065266	LTR/ERVL	1917	-	348	44064919	70564
chr19	16797005	16997005	harbor2	chr19	16804027	16804229	LTR/ERVL	677	-	101	16804128	7123
chr19	51196549	51396549	harbor2	chr19	51235791	51235876	LTR/ERVL	2916	-	42	51235833	39284
chr19	51196549	51396549	harbor2	chr19	51236174	51236627	LTR/ERVL	2916	-	226	51236400	39851
chr19	51196549	51396549	harbor2	chr19	51280249	51280758	LTR/ERVL	2535	-	254	51280503	83954
chr19	40678108	40878108	harbor2	chr19	40730759	40731137	LTR/ERVL	2144	-	189	40730948	52840
chr19	40678108	40878108	harbor2	chr19	40731449	40731595	LTR/ERVL	1874	-	73	40731522	53414
chr19	40678108	40878108	harbor2	chr19	40731621	40731955	LTR/ERVL	1874	-	167	40731788	53680
chr19	40678108	40878108	harbor2	chr19	40732550	40732621	LTR/ERVL	1874	-	36	40732586	54478
chr19	54059667	54259667	harbor2	chr19	54089617	54089786	LTR/ERVL	781	-	84	54089701	30034
chr19	19676545	19876545	harbor2	chr19	19696483	19696721	LTR/ERVL	908	-	119	19696602	20057
chr19	19676545	19876545	harbor2	chr19	19697737	19697921	LTR/ERVL	664	-	92	19697829	21284
chr19	19676545	19876545	harbor2	chr19	19700625	19701232	LTR/ERVL	4939	-	304	19700929	24384
chr19	19676545	19876545	harbor2	chr19	19703682	19704042	LTR/ERVL	985	-	180	19703862	27317
chr19	19676545	19876545	harbor2	chr19	19704166	19704211	LTR/ERVL	776	-	22	19704188	27643
chr19	19676545	19876545	harbor2	chr19	19704526	19704585	LTR/ERVL	776	-	30	19704556	28011
chr19	19676545	19876545	harbor2	chr19	19704882	19705126	LTR/ERVL	776	-	122	19705004	28459
chr19	19676545	19876545	harbor2	chr19	19716104	19716276	LTR/ERVL	669	-	86	19716190	39645
chr19	19676545	19876545	harbor2	chr19	19716588	19716643	LTR/ERVL	669	-	28	19716616	40071
chr19	19676545	19876545	harbor2	chr19	19716981	19717734	LTR/ERVL	2082	-	376	19717357	40812
chr19	19676545	19876545	harbor2	chr19	19677131	19677522	LTR/ERVL	1358	-	196	19677327	782
chr19	2146353	2346353	harbor2	chr19	2170417	2170959	LTR/ERVL	1115	-	271	2170688	24335
chr19	46994624	47194624	harbor2	chr19	47057903	47057938	LTR/ERVL	1468	-	18	47057921	63297
chr19	46994624	47194624	harbor2	chr19	47058542	47059055	LTR/ERVL	1468	-	256	47058798	64174
chr19	19676558	19876558	harbor2	chr19	19696483	19696721	LTR/ERVL	908	-	119	19696602	20044
chr19	19676558	19876558	harbor2	chr19	19697737	19697921	LTR/ERVL	664	-	92	19697829	21271
chr19	19676558	19876558	harbor2	chr19	19700625	19701232	LTR/ERVL	4939	-	304	19700929	24371
chr19	19676558	19876558	harbor2	chr19	19703682	19704042	LTR/ERVL	985	-	180	19703862	27304
chr19	19676558	19876558	harbor2	chr19	19704166	19704211	LTR/ERVL	776	-	22	19704188	27630
chr19	19676558	19876558	harbor2	chr19	19704526	19704585	LTR/ERVL	776	-	30	19704556	27998
chr19	19676558	19876558	harbor2	chr19	19704882	19705126	LTR/ERVL	776	-	122	19705004	28446
chr19	19676558	19876558	harbor2	chr19	19716104	19716276	LTR/ERVL	669	-	86	19716190	39632
chr19	19676558	19876558	harbor2	chr19	19716588	19716643	LTR/ERVL	669	-	28	19716616	40058
chr19	19676558	19876558	harbor2	chr19	19716981	19717734	LTR/ERVL	2082	-	376	19717357	40799
chr19	19676558	19876558	harbor2	chr19	19677131	19677522	LTR/ERVL	1358	-	196	19677327	769
chr19	47008504	47208504	harbor2	chr19	47057903	47057938	LTR/ERVL	1468	-	18	47057921	49417
chr19	47008504	47208504	harbor2	chr19	47058542	47059055	LTR/ERVL	1468	-	256	47058798	50294
chr19	19676585	19876585	harbor2	chr19	19696483	19696721	LTR/ERVL	908	-	119	19696602	20017
chr19	19676585	19876585	harbor2	chr19	19697737	19697921	LTR/ERVL	664	-	92	19697829	21244
chr19	19676585	19876585	harbor2	chr19	19700625	19701232	LTR/ERVL	4939	-	304	19700929	24344
chr19	19676585	19876585	harbor2	chr19	19703682	19704042	LTR/ERVL	985	-	180	19703862	27277
chr19	19676585	19876585	harbor2	chr19	19704166	19704211	LTR/ERVL	776	-	22	19704188	27603
chr19	19676585	19876585	harbor2	chr19	19704526	19704585	LTR/ERVL	776	-	30	19704556	27971
chr19	19676585	19876585	harbor2	chr19	19704882	19705126	LTR/ERVL	776	-	122	19705004	28419
chr19	19676585	19876585	harbor2	chr19	19716104	19716276	LTR/ERVL	669	-	86	19716190	39605
chr19	19676585	19876585	harbor2	chr19	19716588	19716643	LTR/ERVL	669	-	28	19716616	40031
chr19	19676585	19876585	harbor2	chr19	19716981	19717734	LTR/ERVL	2082	-	376	19717357	40772
chr19	19676585	19876585	harbor2	chr19	19677131	19677522	LTR/ERVL	1358	-	196	19677327	742
chr19	48528405	48728405	harbor2	chr19	48584131	48584319	LTR/ERVL	616	-	94	48584225	55820
chr19	48528405	48728405	harbor2	chr19	48584317	48584591	LTR/ERVL	991	-	137	48584454	56049
chr19	4275990	4475990	harbor2	chr19	4347074	4347225	LTR/ERVL	639	-	76	4347150	71160
chr19	35168139	35368139	harbor2	chr19	35172696	35173254	LTR/ERVL	2157	-	279	35172975	4836
chr19	35168139	35368139	harbor2	chr19	35193559	35193905	LTR/ERVL	1541	-	173	35193732	25593
chr19	35168139	35368139	harbor2	chr19	35194548	35194997	LTR/ERVL	2002	-	224	35194772	26633
chr19	19676575	19876575	harbor2	chr19	19696483	19696721	LTR/ERVL	908	-	119	19696602	20027
chr19	19676575	19876575	harbor2	chr19	19697737	19697921	LTR/ERVL	664	-	92	19697829	21254
chr19	19676575	19876575	harbor2	chr19	19700625	19701232	LTR/ERVL	4939	-	304	19700929	24354
chr19	19676575	19876575	harbor2	chr19	19703682	19704042	LTR/ERVL	985	-	180	19703862	27287
chr19	19676575	19876575	harbor2	chr19	19704166	19704211	LTR/ERVL	776	-	22	19704188	27613
chr19	19676575	19876575	harbor2	chr19	19704526	19704585	LTR/ERVL	776	-	30	19704556	27981
chr19	19676575	19876575	harbor2	chr19	19704882	19705126	LTR/ERVL	776	-	122	19705004	28429
chr19	19676575	19876575	harbor2	chr19	19716104	19716276	LTR/ERVL	669	-	86	19716190	39615
chr19	19676575	19876575	harbor2	chr19	19716588	19716643	LTR/ERVL	669	-	28	19716616	40041
chr19	19676575	19876575	harbor2	chr19	19716981	19717734	LTR/ERVL	2082	-	376	19717357	40782
chr19	19676575	19876575	harbor2	chr19	19677131	19677522	LTR/ERVL	1358	-	196	19677327	752
chr19	46368192	46568192	harbor2	chr19	46391844	46392174	LTR/ERVL	1175	-	165	46392009	23817
chr19	18755479	18955479	harbor2	chr19	18811595	18811747	LTR/ERVL	787	-	76	18811671	56192
chr19	18755479	18955479	harbor2	chr19	18822275	18822482	LTR/ERVL	978	-	104	18822379	66900
chr19	19952380	20152380	harbor2	chr19	19952791	19953160	LTR/ERVL	1106	-	184	19952975	595
chr19	19952380	20152380	harbor2	chr19	19990552	19990721	LTR/ERVL	1068	-	84	19990636	38256
chr19	19952380	20152380	harbor2	chr19	19990990	19991399	LTR/ERVL	3176	-	204	19991194	38814
chr19	19952380	20152380	harbor2	chr19	19991400	19992984	LTR/ERVL	11405	-	792	19992192	39812
chr19	19952380	20152380	harbor2	chr19	19992964	19993085	LTR/ERVL	13880	-	60	19993024	40644
chr19	19952380	20152380	harbor2	chr19	19993392	19995078	LTR/ERVL	13880	-	843	19994235	41855
chr19	19952380	20152380	harbor2	chr19	19995079	19995673	LTR/ERVL	4057	-	297	19995376	42996
chr19	19952380	20152380	harbor2	chr19	20051128	20051375	LTR/ERVL	660	-	124	20051252	98872
chr19	18780209	18980209	harbor2	chr19	18811595	18811747	LTR/ERVL	787	-	76	18811671	31462
chr19	18780209	18980209	harbor2	chr19	18822275	18822482	LTR/ERVL	978	-	104	18822379	42170
chr19	2486357	2686357	harbor2	chr19	2534655	2535069	LTR/ERVL	1588	-	207	2534862	48505
chr19	1	173700	harbor2	chr19	83005	83884	LTR/ERVL	1014	-	440	83445	83444
chr19	14334318	14534318	harbor2	chr19	14365050	14365176	LTR/ERVL	677	-	63	14365113	30795
chr19	17675555	17875555	harbor2	chr19	17729110	17729505	LTR/ERVL	1427	-	198	17729308	53753
chr19	19676551	19876551	harbor2	chr19	19696483	19696721	LTR/ERVL	908	-	119	19696602	20051
chr19	19676551	19876551	harbor2	chr19	19697737	19697921	LTR/ERVL	664	-	92	19697829	21278
chr19	19676551	19876551	harbor2	chr19	19700625	19701232	LTR/ERVL	4939	-	304	19700929	24378
chr19	19676551	19876551	harbor2	chr19	19703682	19704042	LTR/ERVL	985	-	180	19703862	27311
chr19	19676551	19876551	harbor2	chr19	19704166	19704211	LTR/ERVL	776	-	22	19704188	27637
chr19	19676551	19876551	harbor2	chr19	19704526	19704585	LTR/ERVL	776	-	30	19704556	28005
chr19	19676551	19876551	harbor2	chr19	19704882	19705126	LTR/ERVL	776	-	122	19705004	28453
chr19	19676551	19876551	harbor2	chr19	19716104	19716276	LTR/ERVL	669	-	86	19716190	39639
chr19	19676551	19876551	harbor2	chr19	19716588	19716643	LTR/ERVL	669	-	28	19716616	40065
chr19	19676551	19876551	harbor2	chr19	19716981	19717734	LTR/ERVL	2082	-	376	19717357	40806
chr19	19676551	19876551	harbor2	chr19	19677131	19677522	LTR/ERVL	1358	-	196	19677327	776
chr19	19676588	19876588	harbor2	chr19	19696483	19696721	LTR/ERVL	908	-	119	19696602	20014
chr19	19676588	19876588	harbor2	chr19	19697737	19697921	LTR/ERVL	664	-	92	19697829	21241
chr19	19676588	19876588	harbor2	chr19	19700625	19701232	LTR/ERVL	4939	-	304	19700929	24341
chr19	19676588	19876588	harbor2	chr19	19703682	19704042	LTR/ERVL	985	-	180	19703862	27274
chr19	19676588	19876588	harbor2	chr19	19704166	19704211	LTR/ERVL	776	-	22	19704188	27600
chr19	19676588	19876588	harbor2	chr19	19704526	19704585	LTR/ERVL	776	-	30	19704556	27968
chr19	19676588	19876588	harbor2	chr19	19704882	19705126	LTR/ERVL	776	-	122	19705004	28416
chr19	19676588	19876588	harbor2	chr19	19716104	19716276	LTR/ERVL	669	-	86	19716190	39602
chr19	19676588	19876588	harbor2	chr19	19716588	19716643	LTR/ERVL	669	-	28	19716616	40028
chr19	19676588	19876588	harbor2	chr19	19716981	19717734	LTR/ERVL	2082	-	376	19717357	40769
chr19	19676588	19876588	harbor2	chr19	19677131	19677522	LTR/ERVL	1358	-	196	19677327	739
chr19	48529308	48729308	harbor2	chr19	48584131	48584319	LTR/ERVL	616	-	94	48584225	54917
chr19	48529308	48729308	harbor2	chr19	48584317	48584591	LTR/ERVL	991	-	137	48584454	55146
chr20	63357465	63557465	harbor2	chr20	63452321	63452573	LTR/ERVL	918	-	126	63452447	94982
chr20	35354845	35554845	harbor2	chr20	35394644	35395326	LTR/ERVL	2749	-	341	35394985	40140
chr20	35354845	35554845	harbor2	chr20	35395511	35395622	LTR/ERVL	533	-	56	35395567	40722
chr20	35355061	35555061	harbor2	chr20	35394644	35395326	LTR/ERVL	2749	-	341	35394985	39924
chr20	35355061	35555061	harbor2	chr20	35395511	35395622	LTR/ERVL	533	-	56	35395567	40506
chr20	35354894	35554894	harbor2	chr20	35394644	35395326	LTR/ERVL	2749	-	341	35394985	40091
chr20	35354894	35554894	harbor2	chr20	35395511	35395622	LTR/ERVL	533	-	56	35395567	40673
chr20	44866890	45066890	harbor2	chr20	44868339	44868508	LTR/ERVL	563	-	84	44868423	1533
chr20	44866890	45066890	harbor2	chr20	44868549	44868656	LTR/ERVL	626	-	54	44868603	1713
chr20	62349814	62549814	harbor2	chr20	62448535	62448760	LTR/ERVL	468	-	112	62448647	98833
chr20	63856107	64056107	harbor2	chr20	63926485	63926905	LTR/ERVL	827	-	210	63926695	70588
chr20	63266550	63466550	harbor2	chr20	63343562	63343983	LTR/ERVL	491	-	210	63343772	77222
chr20	1021218	1221218	harbor2	chr20	1043269	1043615	LTR/ERVL	1046	-	173	1043442	22224
chr20	1021218	1221218	harbor2	chr20	1059254	1059444	LTR/ERVL	787	-	95	1059349	38131
chr20	1021218	1221218	harbor2	chr20	1059559	1059787	LTR/ERVL	787	-	114	1059673	38455
chr20	63962955	64162955	harbor2	chr20	64006954	64007224	LTR/ERVL	489	-	135	64007089	44134
chr20	3718565	3918565	harbor2	chr20	3746256	3746299	LTR/ERVL	1071	-	22	3746278	27713
chr20	3718565	3918565	harbor2	chr20	3746602	3746940	LTR/ERVL	1071	-	169	3746771	28206
chr20	3718565	3918565	harbor2	chr20	3772528	3772953	LTR/ERVL	2125	-	212	3772740	54175
chr20	3718565	3918565	harbor2	chr20	3773262	3773289	LTR/ERVL	2125	-	14	3773276	54711
chr20	2740623	2940623	harbor2	chr20	2740641	2740965	LTR/ERVL	756	-	162	2740803	180
chr20	2740623	2940623	harbor2	chr20	2762478	2762953	LTR/ERVL	1489	-	238	2762716	22093
chr20	2740623	2940623	harbor2	chr20	2769293	2769701	LTR/ERVL	1010	-	204	2769497	28874
chr20	2740623	2940623	harbor2	chr20	2775018	2775517	LTR/ERVL	1883	-	250	2775268	34645
chr20	4627380	4827380	harbor2	chr20	4673541	4674014	LTR/ERVL	1628	-	236	4673777	46397
chr20	4627380	4827380	harbor2	chr20	4702956	4703403	LTR/ERVL	2674	-	224	4703180	75800
chr20	33390084	33590084	harbor2	chr20	33404563	33404604	LTR/ERVL	1002	-	20	33404583	14499
chr20	33390084	33590084	harbor2	chr20	33404898	33405081	LTR/ERVL	1002	-	92	33404990	14906
chr20	63365828	63565828	harbor2	chr20	63452321	63452573	LTR/ERVL	918	-	126	63452447	86619
chr20	2740583	2940583	harbor2	chr20	2740641	2740965	LTR/ERVL	756	-	162	2740803	220
chr20	2740583	2940583	harbor2	chr20	2762478	2762953	LTR/ERVL	1489	-	238	2762716	22133
chr20	2740583	2940583	harbor2	chr20	2769293	2769701	LTR/ERVL	1010	-	204	2769497	28914
chr20	2740583	2940583	harbor2	chr20	2775018	2775517	LTR/ERVL	1883	-	250	2775268	34685
chr20	63442771	63642771	harbor2	chr20	63452321	63452573	LTR/ERVL	918	-	126	63452447	9676
chr20	63856093	64056093	harbor2	chr20	63926485	63926905	LTR/ERVL	827	-	210	63926695	70602
chr20	50269774	50469774	harbor2	chr20	50317621	50318058	LTR/ERVL	1121	-	218	50317839	48065
chr20	50269774	50469774	harbor2	chr20	50326475	50326763	LTR/ERVL	1571	-	144	50326619	56845
chr20	50269774	50469774	harbor2	chr20	50327393	50327488	LTR/ERVL	1571	-	48	50327441	57667
chr20	50269774	50469774	harbor2	chr20	50332261	50332594	LTR/ERVL	1170	-	166	50332427	62653
chr20	63856091	64056091	harbor2	chr20	63926485	63926905	LTR/ERVL	827	-	210	63926695	70604
chr20	63869105	64069105	harbor2	chr20	63926485	63926905	LTR/ERVL	827	-	210	63926695	57590
chr20	2740909	2940909	harbor2	chr20	2740641	2740965	LTR/ERVL	756	-	162	2740803	106
chr20	2740909	2940909	harbor2	chr20	2762478	2762953	LTR/ERVL	1489	-	238	2762716	21807
chr20	2740909	2940909	harbor2	chr20	2769293	2769701	LTR/ERVL	1010	-	204	2769497	28588
chr20	2740909	2940909	harbor2	chr20	2775018	2775517	LTR/ERVL	1883	-	250	2775268	34359
chr20	59419626	59619626	harbor2	chr20	59433568	59433747	LTR/ERVL	605	-	90	59433658	14032
chr20	59419626	59619626	harbor2	chr20	59441536	59441926	LTR/ERVL	540	-	195	59441731	22105
chr20	59419626	59619626	harbor2	chr20	59445849	59446327	LTR/ERVL	623	-	239	59446088	26462
chr20	59419626	59619626	harbor2	chr20	59488631	59488778	LTR/ERVL	752	-	74	59488705	69079
chr20	59419626	59619626	harbor2	chr20	59488777	59489030	LTR/ERVL	1304	-	126	59488903	69277
chr20	2741064	2941064	harbor2	chr20	2762478	2762953	LTR/ERVL	1489	-	238	2762716	21652
chr20	2741064	2941064	harbor2	chr20	2769293	2769701	LTR/ERVL	1010	-	204	2769497	28433
chr20	2741064	2941064	harbor2	chr20	2775018	2775517	LTR/ERVL	1883	-	250	2775268	34204
chr20	38575361	38775361	harbor2	chr20	38649297	38649718	LTR/ERVL	1139	-	210	38649507	74146
chr20	38575361	38775361	harbor2	chr20	38651081	38651551	LTR/ERVL	1879	-	235	38651316	75955
chr20	38575361	38775361	harbor2	chr20	38655718	38656011	LTR/ERVL	881	-	146	38655864	80503
chr20	38575361	38775361	harbor2	chr20	38657068	38657222	LTR/ERVL	679	-	77	38657145	81784
chr20	38575361	38775361	harbor2	chr20	38657273	38657387	LTR/ERVL	463	-	57	38657330	81969
chr20	38575361	38775361	harbor2	chr20	38657703	38657791	LTR/ERVL	463	-	44	38657747	82386
chr20	32421929	32621929	harbor2	chr20	32432085	32432637	LTR/ERVL	2928	-	276	32432361	10432
chr20	4811509	5011509	harbor2	chr20	4819432	4819576	LTR/ERVL	653	-	72	4819504	7995
chr20	4811509	5011509	harbor2	chr20	4827920	4828180	LTR/ERVL	719	-	130	4828050	16541
chr20	4811509	5011509	harbor2	chr20	4836458	4836653	LTR/ERVL	796	-	98	4836556	25047
chr20	4811509	5011509	harbor2	chr20	4836960	4837244	LTR/ERVL	796	-	142	4837102	25593
chr20	4811509	5011509	harbor2	chr20	4838751	4839045	LTR/ERVL	685	-	147	4838898	27389
chr20	48277508	48477508	harbor2	chr20	48277516	48277553	LTR/ERVL	941	-	18	48277534	26
chr20	48277508	48477508	harbor2	chr20	48316808	48317087	LTR/ERVL	507	-	140	48316948	39440
chr20	48277508	48477508	harbor2	chr20	48343750	48344086	LTR/ERVL	575	-	168	48343918	66410
chr20	5908030	6108030	harbor2	chr20	5952701	5953014	LTR/ERVL	581	-	156	5952857	44827
chr20	50413348	50613348	harbor2	chr20	50482317	50482537	LTR/ERVL	681	-	110	50482427	69079
chr20	50413348	50613348	harbor2	chr20	50494925	50495032	LTR/ERVL	524	-	54	50494979	81631
chr20	21820205	22020205	harbor2	chr20	21834630	21835074	LTR/ERVL	1178	-	222	21834852	14647
chr20	21820205	22020205	harbor2	chr20	21871752	21872271	LTR/ERVL	1905	-	260	21872012	51807
chr20	21820205	22020205	harbor2	chr20	21885458	21885786	LTR/ERVL	763	-	164	21885622	65417
chr20	62159612	62359612	harbor2	chr20	62192000	62192831	LTR/ERVL	2034	-	416	62192416	32804
chr20	61604459	61804459	harbor2	chr20	61611213	61611415	LTR/ERVL	603	-	101	61611314	6855
chr20	2772894	2972894	harbor2	chr20	2775018	2775517	LTR/ERVL	1883	-	250	2775268	2374
chr20	2772894	2972894	harbor2	chr20	2848432	2848968	LTR/ERVL	1873	-	268	2848700	75806
chr20	2772894	2972894	harbor2	chr20	2849028	2849297	LTR/ERVL	822	-	134	2849162	76268
chr20	2772894	2972894	harbor2	chr20	2849597	2849733	LTR/ERVL	822	-	68	2849665	76771
chr20	2772894	2972894	harbor2	chr20	2849980	2850039	LTR/ERVL	1262	-	30	2850010	77116
chr20	2772894	2972894	harbor2	chr20	2850654	2850685	LTR/ERVL	1262	-	16	2850670	77776
chr20	2772894	2972894	harbor2	chr20	2850993	2851312	LTR/ERVL	1262	-	160	2851153	78259
chr20	2772894	2972894	harbor2	chr20	2852068	2852421	LTR/ERVL	1175	-	176	2852244	79350
chr20	50272882	50472882	harbor2	chr20	50317621	50318058	LTR/ERVL	1121	-	218	50317839	44957
chr20	50272882	50472882	harbor2	chr20	50326475	50326763	LTR/ERVL	1571	-	144	50326619	53737
chr20	50272882	50472882	harbor2	chr20	50327393	50327488	LTR/ERVL	1571	-	48	50327441	54559
chr20	50272882	50472882	harbor2	chr20	50332261	50332594	LTR/ERVL	1170	-	166	50332427	59545
chr20	63964022	64164022	harbor2	chr20	64006954	64007224	LTR/ERVL	489	-	135	64007089	43067
chr20	4071981	4271981	harbor2	chr20	4071757	4072011	LTR/ERVL	992	-	127	4071884	97
chr20	4071981	4271981	harbor2	chr20	4102347	4102753	LTR/ERVL	1659	-	203	4102550	30569
chr20	4071981	4271981	harbor2	chr20	4103080	4103236	LTR/ERVL	873	-	78	4103158	31177
chr20	4071981	4271981	harbor2	chr20	4103880	4104493	LTR/ERVL	6017	-	306	4104186	32205
chr20	4071981	4271981	harbor2	chr20	4104789	4105836	LTR/ERVL	6017	-	524	4105313	33332
chr20	4071981	4271981	harbor2	chr20	4127361	4127807	LTR/ERVL	1434	-	223	4127584	55603
chr20	59110854	59310854	harbor2	chr20	59170568	59171393	LTR/ERVL	1201	-	412	59170980	60126
chr20	59110854	59310854	harbor2	chr20	59171884	59173741	LTR/ERVL	3952	-	928	59172812	61958
chr20	59110854	59310854	harbor2	chr20	59173772	59174058	LTR/ERVL	1078	-	143	59173915	63061
chr20	59679835	59879835	harbor2	chr20	59680173	59680324	LTR/ERVL	919	-	76	59680249	414
chr20	59679835	59879835	harbor2	chr20	59680432	59680562	LTR/ERVL	1908	-	65	59680497	662
chr20	59679835	59879835	harbor2	chr20	59680777	59680989	LTR/ERVL	1908	-	106	59680883	1048
chr20	59679835	59879835	harbor2	chr20	59725551	59725839	LTR/ERVL	571	-	144	59725695	45860
chr20	62138481	62338481	harbor2	chr20	62192000	62192831	LTR/ERVL	2034	-	416	62192416	53935
chr20	63366366	63566366	harbor2	chr20	63452321	63452573	LTR/ERVL	918	-	126	63452447	86081
chr20	33576839	33776839	harbor2	chr20	33613297	33613715	LTR/ERVL	1942	-	209	33613506	36667
chr20	33576839	33776839	harbor2	chr20	33614860	33614974	LTR/ERVL	633	-	57	33614917	38078
chr20	2820954	3020954	harbor2	chr20	2848432	2848968	LTR/ERVL	1873	-	268	2848700	27746
chr20	2820954	3020954	harbor2	chr20	2849028	2849297	LTR/ERVL	822	-	134	2849162	28208
chr20	2820954	3020954	harbor2	chr20	2849597	2849733	LTR/ERVL	822	-	68	2849665	28711
chr20	2820954	3020954	harbor2	chr20	2849980	2850039	LTR/ERVL	1262	-	30	2850010	29056
chr20	2820954	3020954	harbor2	chr20	2850654	2850685	LTR/ERVL	1262	-	16	2850670	29716
chr20	2820954	3020954	harbor2	chr20	2850993	2851312	LTR/ERVL	1262	-	160	2851153	30199
chr20	2820954	3020954	harbor2	chr20	2852068	2852421	LTR/ERVL	1175	-	176	2852244	31290
chr20	2820954	3020954	harbor2	chr20	2899297	2899459	LTR/ERVL	485	-	81	2899378	78424
chr20	38707041	38907041	harbor2	chr20	38735832	38736019	LTR/ERVL	481	-	94	38735926	28885
chr20	38707041	38907041	harbor2	chr20	38743372	38743548	LTR/ERVL	2203	-	88	38743460	36419
chr20	38707041	38907041	harbor2	chr20	38743927	38744042	LTR/ERVL	2203	-	58	38743985	36944
chr20	38707041	38907041	harbor2	chr20	38744353	38744578	LTR/ERVL	2203	-	112	38744465	37424
chr20	38707041	38907041	harbor2	chr20	38768312	38768837	LTR/ERVL	2526	-	262	38768574	61533
chr20	38707041	38907041	harbor2	chr20	38782236	38782543	LTR/ERVL	804	-	154	38782390	75349
chr20	1021009	1221009	harbor2	chr20	1043269	1043615	LTR/ERVL	1046	-	173	1043442	22433
chr20	1021009	1221009	harbor2	chr20	1059254	1059444	LTR/ERVL	787	-	95	1059349	38340
chr20	1021009	1221009	harbor2	chr20	1059559	1059787	LTR/ERVL	787	-	114	1059673	38664
chr20	37933811	38133811	harbor2	chr20	37971212	37971442	LTR/ERVL	1073	-	115	37971327	37516
chr20	37933811	38133811	harbor2	chr20	37971603	37971834	LTR/ERVL	671	-	116	37971719	37908
chr20	50272735	50472735	harbor2	chr20	50317621	50318058	LTR/ERVL	1121	-	218	50317839	45104
chr20	50272735	50472735	harbor2	chr20	50326475	50326763	LTR/ERVL	1571	-	144	50326619	53884
chr20	50272735	50472735	harbor2	chr20	50327393	50327488	LTR/ERVL	1571	-	48	50327441	54706
chr20	50272735	50472735	harbor2	chr20	50332261	50332594	LTR/ERVL	1170	-	166	50332427	59692
chr20	63969669	64169669	harbor2	chr20	64006954	64007224	LTR/ERVL	489	-	135	64007089	37420
chr21	29233865	29433865	harbor2	chr21	29286428	29286870	LTR/ERVL	1017	-	221	29286649	52784
chr21	29233865	29433865	harbor2	chr21	29291442	29291696	LTR/ERVL	444	-	127	29291569	57704
chr21	29233865	29433865	harbor2	chr21	29323169	29323724	LTR/ERVL	1876	-	278	29323447	89582
chr21	44624082	44824082	harbor2	chr21	44689676	44689712	LTR/ERVL	2843	-	18	44689694	65612
chr21	44624082	44824082	harbor2	chr21	44689741	44690125	LTR/ERVL	2843	-	192	44689933	65851
chr21	14338484	14538484	harbor2	chr21	14348256	14348662	LTR/ERVL	1302	-	203	14348459	9975
chr21	14338484	14538484	harbor2	chr21	14397816	14398188	LTR/ERVL	955	-	186	14398002	59518
chr21	42751330	42951330	harbor2	chr21	42844856	42845085	LTR/ERVL	535	-	114	42844970	93640
chr21	33073262	33273262	harbor2	chr21	33084452	33084585	LTR/ERVL	479	-	66	33084518	11256
chr21	33073262	33273262	harbor2	chr21	33089492	33090043	LTR/ERVL	1956	-	276	33089768	16506
chr21	33073262	33273262	harbor2	chr21	33168803	33169067	LTR/ERVL	595	-	132	33168935	95673
chr21	41779091	41979091	harbor2	chr21	41796619	41796900	LTR/ERVL	611	-	140	41796759	17668
chr21	29199648	29399648	harbor2	chr21	29286428	29286870	LTR/ERVL	1017	-	221	29286649	87001
chr21	29199648	29399648	harbor2	chr21	29291442	29291696	LTR/ERVL	444	-	127	29291569	91921
chr21	29486560	29686560	harbor2	chr21	29516035	29516464	LTR/ERVL	1617	-	214	29516249	29689
chr21	39044046	39244046	harbor2	chr21	39052693	39053068	LTR/ERVL	1741	-	188	39052881	8835
chr21	46337457	46537457	harbor2	chr21	46339380	46339818	LTR/ERVL	3053	-	219	46339599	2142
chr21	14344309	14544309	harbor2	chr21	14348256	14348662	LTR/ERVL	1302	-	203	14348459	4150
chr21	14344309	14544309	harbor2	chr21	14397816	14398188	LTR/ERVL	955	-	186	14398002	53693
chr21	46031950	46231950	harbor2	chr21	46068020	46068104	LTR/ERVL	547	-	42	46068062	36112
chr21	46031950	46231950	harbor2	chr21	46094126	46094981	LTR/ERVL	2928	-	428	46094554	62604
chr21	46031950	46231950	harbor2	chr21	46095034	46095517	LTR/ERVL	1494	-	242	46095276	63326
chr21	46031950	46231950	harbor2	chr21	46095504	46096233	LTR/ERVL	998	-	364	46095868	63918
chr21	46031950	46231950	harbor2	chr21	46096533	46096937	LTR/ERVL	639	-	202	46096735	64785
chr21	15191535	15391535	harbor2	chr21	15224523	15225068	LTR/ERVL	1804	-	272	15224795	33260
chr21	15191535	15391535	harbor2	chr21	15253007	15253450	LTR/ERVL	3111	-	222	15253229	61694
chr21	14338970	14538970	harbor2	chr21	14348256	14348662	LTR/ERVL	1302	-	203	14348459	9489
chr21	14338970	14538970	harbor2	chr21	14397816	14398188	LTR/ERVL	955	-	186	14398002	59032
chr21	29219635	29419635	harbor2	chr21	29286428	29286870	LTR/ERVL	1017	-	221	29286649	67014
chr21	29219635	29419635	harbor2	chr21	29291442	29291696	LTR/ERVL	444	-	127	29291569	71934
chr21	44278871	44478871	harbor2	chr21	44357371	44357860	LTR/ERVL	1114	-	244	44357615	78744
chr21	46358911	46558911	harbor2	chr21	46447214	46447803	LTR/ERVL	1414	-	294	46447508	88597
chr21	46358911	46558911	harbor2	chr21	46448219	46448532	LTR/ERVL	936	-	156	46448375	89464
chr21	46358911	46558911	harbor2	chr21	46449803	46450051	LTR/ERVL	941	-	124	46449927	91016
chr21	46358911	46558911	harbor2	chr21	46451755	46453743	LTR/ERVL	6906	-	994	46452749	93838
chr21	46358911	46558911	harbor2	chr21	46454036	46454775	LTR/ERVL	6906	-	370	46454406	95495
chr21	46358911	46558911	harbor2	chr21	46454941	46455512	LTR/ERVL	6906	-	286	46455227	96316
chr21	46358911	46558911	harbor2	chr21	46456087	46456265	LTR/ERVL	567	-	89	46456176	97265
chr21	46358911	46558911	harbor2	chr21	46456724	46456792	LTR/ERVL	567	-	34	46456758	97847
chr21	46358911	46558911	harbor2	chr21	46457931	46458103	LTR/ERVL	574	-	86	46458017	99106
chr21	14337764	14537764	harbor2	chr21	14348256	14348662	LTR/ERVL	1302	-	203	14348459	10695
chr21	14337764	14537764	harbor2	chr21	14397816	14398188	LTR/ERVL	955	-	186	14398002	60238
chr21	15634172	15834172	harbor2	chr21	15633992	15636831	LTR/ERVL	22179	-	1420	15635412	1240
chr21	15634172	15834172	harbor2	chr21	15636834	15637297	LTR/ERVL	2868	-	232	15637066	2894
chr21	15634172	15834172	harbor2	chr21	15641630	15641865	LTR/ERVL	649	-	118	15641748	7576
chr21	15634172	15834172	harbor2	chr21	15641886	15642236	LTR/ERVL	951	-	175	15642061	7889
chr21	15634172	15834172	harbor2	chr21	15663497	15664121	LTR/ERVL	507	-	312	15663809	29637
chr21	15634172	15834172	harbor2	chr21	15678872	15679197	LTR/ERVL	1648	-	162	15679034	44862
chr21	15634172	15834172	harbor2	chr21	15724243	15724285	LTR/ERVL	1100	-	21	15724264	90092
chr21	15634172	15834172	harbor2	chr21	15724886	15725348	LTR/ERVL	1100	-	231	15725117	90945
chr21	39010819	39210819	harbor2	chr21	39011426	39011956	LTR/ERVL	2489	-	265	39011691	872
chr21	39010819	39210819	harbor2	chr21	39052693	39053068	LTR/ERVL	1741	-	188	39052881	42062
chr21	44717549	44917549	harbor2	chr21	44732633	44733377	LTR/ERVL	1876	-	372	44733005	15456
chr21	44717549	44917549	harbor2	chr21	44733517	44733723	LTR/ERVL	640	-	103	44733620	16071
chr21	14339047	14539047	harbor2	chr21	14348256	14348662	LTR/ERVL	1302	-	203	14348459	9412
chr21	14339047	14539047	harbor2	chr21	14397816	14398188	LTR/ERVL	955	-	186	14398002	58955
chr21	42276934	42476934	harbor2	chr21	42358132	42358319	LTR/ERVL	533	-	94	42358226	81292
chr21	42276934	42476934	harbor2	chr21	42358356	42358807	LTR/ERVL	683	-	226	42358582	81648
chr21	42154556	42354556	harbor2	chr21	42154268	42154847	LTR/ERVL	2240	-	290	42154558	2
chr21	46358915	46558915	harbor2	chr21	46447214	46447803	LTR/ERVL	1414	-	294	46447508	88593
chr21	46358915	46558915	harbor2	chr21	46448219	46448532	LTR/ERVL	936	-	156	46448375	89460
chr21	46358915	46558915	harbor2	chr21	46449803	46450051	LTR/ERVL	941	-	124	46449927	91012
chr21	46358915	46558915	harbor2	chr21	46451755	46453743	LTR/ERVL	6906	-	994	46452749	93834
chr21	46358915	46558915	harbor2	chr21	46454036	46454775	LTR/ERVL	6906	-	370	46454406	95491
chr21	46358915	46558915	harbor2	chr21	46454941	46455512	LTR/ERVL	6906	-	286	46455227	96312
chr21	46358915	46558915	harbor2	chr21	46456087	46456265	LTR/ERVL	567	-	89	46456176	97261
chr21	46358915	46558915	harbor2	chr21	46456724	46456792	LTR/ERVL	567	-	34	46456758	97843
chr21	46358915	46558915	harbor2	chr21	46457931	46458103	LTR/ERVL	574	-	86	46458017	99102
chr21	29200088	29400088	harbor2	chr21	29286428	29286870	LTR/ERVL	1017	-	221	29286649	86561
chr21	29200088	29400088	harbor2	chr21	29291442	29291696	LTR/ERVL	444	-	127	29291569	91481
chr21	39009540	39209540	harbor2	chr21	39011426	39011956	LTR/ERVL	2489	-	265	39011691	2151
chr21	39009540	39209540	harbor2	chr21	39052693	39053068	LTR/ERVL	1741	-	188	39052881	43341
chr21	46537399	46737399	harbor2	chr21	46544280	46544697	LTR/ERVL	1926	-	208	46544488	7089
chr21	46537399	46737399	harbor2	chr21	46610398	46610864	LTR/ERVL	662	-	233	46610631	73232
chr21	46537399	46737399	harbor2	chr21	46627668	46628090	LTR/ERVL	2424	-	211	46627879	90480
chr21	14337790	14537790	harbor2	chr21	14348256	14348662	LTR/ERVL	1302	-	203	14348459	10669
chr21	14337790	14537790	harbor2	chr21	14397816	14398188	LTR/ERVL	955	-	186	14398002	60212
chr21	42468253	42668253	harbor2	chr21	42471243	42471668	LTR/ERVL	2705	-	212	42471455	3202
chr21	42468253	42668253	harbor2	chr21	42494661	42494704	LTR/ERVL	502	-	22	42494683	26430
chr21	42468253	42668253	harbor2	chr21	42495000	42495162	LTR/ERVL	502	-	81	42495081	26828
chr21	42468253	42668253	harbor2	chr21	42539998	42540414	LTR/ERVL	2182	-	208	42540206	71953
chr21	46083095	46283095	harbor2	chr21	46094126	46094981	LTR/ERVL	2928	-	428	46094554	11459
chr21	46083095	46283095	harbor2	chr21	46095034	46095517	LTR/ERVL	1494	-	242	46095276	12181
chr21	46083095	46283095	harbor2	chr21	46095504	46096233	LTR/ERVL	998	-	364	46095868	12773
chr21	46083095	46283095	harbor2	chr21	46096533	46096937	LTR/ERVL	639	-	202	46096735	13640
chr21	14338290	14538290	harbor2	chr21	14348256	14348662	LTR/ERVL	1302	-	203	14348459	10169
chr21	14338290	14538290	harbor2	chr21	14397816	14398188	LTR/ERVL	955	-	186	14398002	59712
chr21	15630231	15830231	harbor2	chr21	15633992	15636831	LTR/ERVL	22179	-	1420	15635412	5181
chr21	15630231	15830231	harbor2	chr21	15636834	15637297	LTR/ERVL	2868	-	232	15637066	6835
chr21	15630231	15830231	harbor2	chr21	15641630	15641865	LTR/ERVL	649	-	118	15641748	11517
chr21	15630231	15830231	harbor2	chr21	15641886	15642236	LTR/ERVL	951	-	175	15642061	11830
chr21	15630231	15830231	harbor2	chr21	15663497	15664121	LTR/ERVL	507	-	312	15663809	33578
chr21	15630231	15830231	harbor2	chr21	15678872	15679197	LTR/ERVL	1648	-	162	15679034	48803
chr21	15630231	15830231	harbor2	chr21	15724243	15724285	LTR/ERVL	1100	-	21	15724264	94033
chr21	15630231	15830231	harbor2	chr21	15724886	15725348	LTR/ERVL	1100	-	231	15725117	94886
chr21	46225203	46425203	harbor2	chr21	46232779	46233576	LTR/ERVL	3228	-	398	46233177	7974
chr21	14395178	14595178	harbor2	chr21	14397816	14398188	LTR/ERVL	955	-	186	14398002	2824
chr21	14395178	14595178	harbor2	chr21	14447326	14447538	LTR/ERVL	588	-	106	14447432	52254
chr21	14395178	14595178	harbor2	chr21	14447572	14447821	LTR/ERVL	494	-	124	14447696	52518
chr21	14395178	14595178	harbor2	chr21	14479286	14479591	LTR/ERVL	467	-	152	14479438	84260
chr21	33379900	33579900	harbor2	chr21	33398718	33398878	LTR/ERVL	522	-	80	33398798	18898
chr21	33379900	33579900	harbor2	chr21	33398946	33399121	LTR/ERVL	482	-	88	33399034	19134
chr21	33379900	33579900	harbor2	chr21	33399849	33399957	LTR/ERVL	482	-	54	33399903	20003
chr21	33379900	33579900	harbor2	chr21	33429466	33429856	LTR/ERVL	2063	-	195	33429661	49761
chr21	33379900	33579900	harbor2	chr21	33430160	33430255	LTR/ERVL	2063	-	48	33430208	50308
chr21	43244199	43444199	harbor2	chr21	43264332	43264828	LTR/ERVL	1674	-	248	43264580	20381
chr21	43244199	43444199	harbor2	chr21	43296793	43297410	LTR/ERVL	780	-	308	43297101	52902
chr21	44410603	44610603	harbor2	chr21	44478872	44479096	LTR/ERVL	824	-	112	44478984	68381
chr21	44410603	44610603	harbor2	chr21	44480119	44480227	LTR/ERVL	824	-	54	44480173	69570
chr21	16189281	16389281	harbor2	chr21	16201714	16201964	LTR/ERVL	635	-	125	16201839	12558
chr22	24069873	24269873	harbor2	chr22	24138435	24139079	LTR/ERVL	1647	-	322	24138757	68884
chr22	19075418	19275418	harbor2	chr22	19156272	19156619	LTR/ERVL	681	-	174	19156446	81028
chr22	19075418	19275418	harbor2	chr22	19161690	19162113	LTR/ERVL	1237	-	212	19161902	86484
chr22	24070350	24270350	harbor2	chr22	24138435	24139079	LTR/ERVL	1647	-	322	24138757	68407
chr22	24071226	24271226	harbor2	chr22	24138435	24139079	LTR/ERVL	1647	-	322	24138757	67531
chr22	24070364	24270364	harbor2	chr22	24138435	24139079	LTR/ERVL	1647	-	322	24138757	68393
chr22	22590069	22790069	harbor2	chr22	22591862	22592066	LTR/ERVL	417	-	102	22591964	1895
chr22	22590069	22790069	harbor2	chr22	22607172	22607203	LTR/ERVL	1198	-	16	22607188	17119
chr22	22590069	22790069	harbor2	chr22	22607248	22607635	LTR/ERVL	1198	-	194	22607442	17373
chr22	22590069	22790069	harbor2	chr22	22613320	22613769	LTR/ERVL	1194	-	224	22613544	23475
chr22	22590069	22790069	harbor2	chr22	22620108	22620375	LTR/ERVL	743	-	134	22620242	30173
chr22	22590069	22790069	harbor2	chr22	22655118	22655584	LTR/ERVL	801	-	233	22655351	65282
chr22	22590069	22790069	harbor2	chr22	22657313	22657726	LTR/ERVL	1338	-	206	22657519	67450
chr22	22590069	22790069	harbor2	chr22	22687579	22689195	LTR/ERVL	4402	-	808	22688387	98318
chr22	22590069	22790069	harbor2	chr22	22689233	22689390	LTR/ERVL	448	-	78	22689311	99242
chr22	43933826	44133826	harbor2	chr22	44019945	44020176	LTR/ERVL	2411	-	116	44020061	86235
chr22	43933826	44133826	harbor2	chr22	44020474	44020782	LTR/ERVL	2411	-	154	44020628	86802
chr22	43933826	44133826	harbor2	chr22	44021083	44021310	LTR/ERVL	2411	-	114	44021197	87371
chr22	43477459	43677459	harbor2	chr22	43511663	43512049	LTR/ERVL	728	-	193	43511856	34397
chr22	43477459	43677459	harbor2	chr22	43512210	43512737	LTR/ERVL	470	-	264	43512474	35015
chr22	24069841	24269841	harbor2	chr22	24138435	24139079	LTR/ERVL	1647	-	322	24138757	68916
chr22	50061646	50261646	harbor2	chr22	50121173	50121743	LTR/ERVL	1984	-	285	50121458	59812
chr22	24070302	24270302	harbor2	chr22	24138435	24139079	LTR/ERVL	1647	-	322	24138757	68455
chr22	24070441	24270441	harbor2	chr22	24138435	24139079	LTR/ERVL	1647	-	322	24138757	68316
chr22	44398337	44598337	harbor2	chr22	44397961	44398396	LTR/ERVL	2999	-	218	44398179	158
chr22	49692745	49892745	harbor2	chr22	49707868	49708178	LTR/ERVL	1943	-	155	49708023	15278
chr22	49692745	49892745	harbor2	chr22	49708182	49709043	LTR/ERVL	4705	-	430	49708612	15867
chr22	49692745	49892745	harbor2	chr22	49728627	49728764	LTR/ERVL	566	-	68	49728695	35950
chr22	49664584	49864584	harbor2	chr22	49707868	49708178	LTR/ERVL	1943	-	155	49708023	43439
chr22	49664584	49864584	harbor2	chr22	49708182	49709043	LTR/ERVL	4705	-	430	49708612	44028
chr22	49664584	49864584	harbor2	chr22	49728627	49728764	LTR/ERVL	566	-	68	49728695	64111
chr22	49664584	49864584	harbor2	chr22	49676017	49676634	LTR/ERVL	733	-	308	49676325	11741
chr22	21542269	21742269	harbor2	chr22	21602706	21602799	LTR/ERVL	458	-	46	21602752	60483
chr22	21542269	21742269	harbor2	chr22	21602805	21602914	LTR/ERVL	418	-	54	21602859	60590
chr22	21530050	21730050	harbor2	chr22	21602706	21602799	LTR/ERVL	458	-	46	21602752	72702
chr22	21530050	21730050	harbor2	chr22	21602805	21602914	LTR/ERVL	418	-	54	21602859	72809
chr22	23371069	23571069	harbor2	chr22	23410122	23410325	LTR/ERVL	772	-	102	23410224	39155
chr22	36186701	36386701	harbor2	chr22	36189042	36189428	LTR/ERVL	2205	-	193	36189235	2534
chr22	36186701	36386701	harbor2	chr22	36226128	36226521	LTR/ERVL	2345	-	196	36226324	39623
chr22	36186701	36386701	harbor2	chr22	36246275	36246559	LTR/ERVL	1242	-	142	36246417	59716
chr22	36186701	36386701	harbor2	chr22	36247022	36247335	LTR/ERVL	595	-	156	36247178	60477
chr22	36186701	36386701	harbor2	chr22	36263396	36263682	LTR/ERVL	1162	-	143	36263539	76838
chr22	36186701	36386701	harbor2	chr22	36264148	36264453	LTR/ERVL	578	-	152	36264300	77599
chr22	36186701	36386701	harbor2	chr22	36268850	36269076	LTR/ERVL	453	-	113	36268963	82262
chr22	24069770	24269770	harbor2	chr22	24138435	24139079	LTR/ERVL	1647	-	322	24138757	68987
chr22	46293224	46493224	harbor2	chr22	46341935	46342472	LTR/ERVL	2605	-	268	46342203	48979
chr22	30998853	31198853	harbor2	chr22	31050750	31051270	LTR/ERVL	1491	-	260	31051010	52157
chr22	23668508	23868508	harbor2	chr22	23718180	23718374	LTR/ERVL	742	-	97	23718277	49769
chr22	49199648	49399648	harbor2	chr22	49275896	49276318	LTR/ERVL	2954	-	211	49276107	76459
chr22	49199648	49399648	harbor2	chr22	49295663	49295852	LTR/ERVL	653	-	94	49295757	96109
chr22	49199648	49399648	harbor2	chr22	49298248	49298532	LTR/ERVL	776	-	142	49298390	98742
chr22	24071264	24271264	harbor2	chr22	24138435	24139079	LTR/ERVL	1647	-	322	24138757	67493
chr22	24070539	24270539	harbor2	chr22	24138435	24139079	LTR/ERVL	1647	-	322	24138757	68218
chr22	50170823	50370823	harbor2	chr22	50181164	50181181	LTR/ERVL	1115	-	8	50181172	10349
chr22	50170823	50370823	harbor2	chr22	50181336	50181766	LTR/ERVL	1115	-	215	50181551	10728
chr22	43480672	43680672	harbor2	chr22	43511663	43512049	LTR/ERVL	728	-	193	43511856	31184
chr22	43480672	43680672	harbor2	chr22	43512210	43512737	LTR/ERVL	470	-	264	43512474	31802
chr22	36919222	37119222	harbor2	chr22	36967018	36967250	LTR/ERVL	669	-	116	36967134	47912
chr22	36919222	37119222	harbor2	chr22	36971692	36972484	LTR/ERVL	1364	-	396	36972088	52866
chr22	36919222	37119222	harbor2	chr22	36972721	36973150	LTR/ERVL	1364	-	214	36972935	53713
chr22	36919213	37119213	harbor2	chr22	36967018	36967250	LTR/ERVL	669	-	116	36967134	47921
chr22	36919213	37119213	harbor2	chr22	36971692	36972484	LTR/ERVL	1364	-	396	36972088	52875
chr22	36919213	37119213	harbor2	chr22	36972721	36973150	LTR/ERVL	1364	-	214	36972935	53722
chr22	24069881	24269881	harbor2	chr22	24138435	24139079	LTR/ERVL	1647	-	322	24138757	68876
chr22	22015058	22215058	harbor2	chr22	22107424	22108218	LTR/ERVL	3641	-	397	22107821	92763
chr22	36186697	36386697	harbor2	chr22	36189042	36189428	LTR/ERVL	2205	-	193	36189235	2538
chr22	36186697	36386697	harbor2	chr22	36226128	36226521	LTR/ERVL	2345	-	196	36226324	39627
chr22	36186697	36386697	harbor2	chr22	36246275	36246559	LTR/ERVL	1242	-	142	36246417	59720
chr22	36186697	36386697	harbor2	chr22	36247022	36247335	LTR/ERVL	595	-	156	36247178	60481
chr22	36186697	36386697	harbor2	chr22	36263396	36263682	LTR/ERVL	1162	-	143	36263539	76842
chr22	36186697	36386697	harbor2	chr22	36264148	36264453	LTR/ERVL	578	-	152	36264300	77603
chr22	36186697	36386697	harbor2	chr22	36268850	36269076	LTR/ERVL	453	-	113	36268963	82266
chr22	24018494	24218494	harbor2	chr22	24037628	24038272	LTR/ERVL	2977	-	322	24037950	19456
chr22	24018494	24218494	harbor2	chr22	24046620	24047167	LTR/ERVL	3256	-	274	24046894	28400
chr22	36186696	36386696	harbor2	chr22	36189042	36189428	LTR/ERVL	2205	-	193	36189235	2539
chr22	36186696	36386696	harbor2	chr22	36226128	36226521	LTR/ERVL	2345	-	196	36226324	39628
chr22	36186696	36386696	harbor2	chr22	36246275	36246559	LTR/ERVL	1242	-	142	36246417	59721
chr22	36186696	36386696	harbor2	chr22	36247022	36247335	LTR/ERVL	595	-	156	36247178	60482
chr22	36186696	36386696	harbor2	chr22	36263396	36263682	LTR/ERVL	1162	-	143	36263539	76843
chr22	36186696	36386696	harbor2	chr22	36264148	36264453	LTR/ERVL	578	-	152	36264300	77604
chr22	36186696	36386696	harbor2	chr22	36268850	36269076	LTR/ERVL	453	-	113	36268963	82267
chr22	36186702	36386702	harbor2	chr22	36189042	36189428	LTR/ERVL	2205	-	193	36189235	2533
chr22	36186702	36386702	harbor2	chr22	36226128	36226521	LTR/ERVL	2345	-	196	36226324	39622
chr22	36186702	36386702	harbor2	chr22	36246275	36246559	LTR/ERVL	1242	-	142	36246417	59715
chr22	36186702	36386702	harbor2	chr22	36247022	36247335	LTR/ERVL	595	-	156	36247178	60476
chr22	36186702	36386702	harbor2	chr22	36263396	36263682	LTR/ERVL	1162	-	143	36263539	76837
chr22	36186702	36386702	harbor2	chr22	36264148	36264453	LTR/ERVL	578	-	152	36264300	77598
chr22	36186702	36386702	harbor2	chr22	36268850	36269076	LTR/ERVL	453	-	113	36268963	82261
chr22	36186690	36386690	harbor2	chr22	36189042	36189428	LTR/ERVL	2205	-	193	36189235	2545
chr22	36186690	36386690	harbor2	chr22	36226128	36226521	LTR/ERVL	2345	-	196	36226324	39634
chr22	36186690	36386690	harbor2	chr22	36246275	36246559	LTR/ERVL	1242	-	142	36246417	59727
chr22	36186690	36386690	harbor2	chr22	36247022	36247335	LTR/ERVL	595	-	156	36247178	60488
chr22	36186690	36386690	harbor2	chr22	36263396	36263682	LTR/ERVL	1162	-	143	36263539	76849
chr22	36186690	36386690	harbor2	chr22	36264148	36264453	LTR/ERVL	578	-	152	36264300	77610
chr22	36186690	36386690	harbor2	chr22	36268850	36269076	LTR/ERVL	453	-	113	36268963	82273
chrX	72046644	72246644	harbor2	chrX	72084360	72084723	LTR/ERVL	1370	-	182	72084542	37898
chrX	72046644	72246644	harbor2	chrX	72104896	72105288	LTR/ERVL	844	-	196	72105092	58448
chrX	72046644	72246644	harbor2	chrX	72113384	72113623	LTR/ERVL	1443	-	120	72113504	66860
chrX	72046644	72246644	harbor2	chrX	72114442	72114661	LTR/ERVL	864	-	110	72114552	67908
chrX	129834975	130034975	harbor2	chrX	129869089	129869561	LTR/ERVL	2054	-	236	129869325	34350
chrX	49762718	49962718	harbor2	chrX	49803190	49803491	LTR/ERVL	925	-	150	49803340	40622
chrX	49762718	49962718	harbor2	chrX	49807481	49808016	LTR/ERVL	2579	-	268	49807749	45031
chrX	49762718	49962718	harbor2	chrX	49810023	49810201	LTR/ERVL	867	-	89	49810112	47394
chrX	49762718	49962718	harbor2	chrX	49841102	49841540	LTR/ERVL	2549	-	219	49841321	78603
chrX	49762718	49962718	harbor2	chrX	49842113	49842194	LTR/ERVL	2549	-	40	49842153	79435
chrX	49762718	49962718	harbor2	chrX	49848678	49849276	LTR/ERVL	1151	-	299	49848977	86259
chrX	49762718	49962718	harbor2	chrX	49853505	49855049	LTR/ERVL	5261	-	772	49854277	91559
chrX	49762718	49962718	harbor2	chrX	49855050	49855494	LTR/ERVL	2014	-	222	49855272	92554
chrX	153488571	153688571	harbor2	chrX	153561358	153561750	LTR/ERVL	1365	-	196	153561554	72983
chrX	153488571	153688571	harbor2	chrX	153564183	153564508	LTR/ERVL	932	-	162	153564345	75774
chrX	109965478	110165478	harbor2	chrX	110041144	110041697	LTR/ERVL	1781	-	276	110041420	75942
chrX	37580064	37780064	harbor2	chrX	37591475	37591685	LTR/ERVL	750	-	105	37591580	11516
chrX	37580064	37780064	harbor2	chrX	37605945	37606491	LTR/ERVL	3041	-	273	37606218	26154
chrX	37580064	37780064	harbor2	chrX	37610856	37611222	LTR/ERVL	1148	-	183	37611039	30975
chrX	37580064	37780064	harbor2	chrX	37656870	37657338	LTR/ERVL	1599	-	234	37657104	77040
chrX	37580064	37780064	harbor2	chrX	37658232	37658655	LTR/ERVL	1542	-	212	37658444	78380
chrX	37580064	37780064	harbor2	chrX	37663843	37664186	LTR/ERVL	714	-	172	37664015	83951
chrX	72053113	72253113	harbor2	chrX	72084360	72084723	LTR/ERVL	1370	-	182	72084542	31429
chrX	72053113	72253113	harbor2	chrX	72104896	72105288	LTR/ERVL	844	-	196	72105092	51979
chrX	72053113	72253113	harbor2	chrX	72113384	72113623	LTR/ERVL	1443	-	120	72113504	60391
chrX	72053113	72253113	harbor2	chrX	72114442	72114661	LTR/ERVL	864	-	110	72114552	61439
chrX	41234593	41434593	harbor2	chrX	41260700	41260796	LTR/ERVL	1356	-	48	41260748	26155
chrX	41234593	41434593	harbor2	chrX	41261134	41261269	LTR/ERVL	1356	-	68	41261202	26609
chrX	41234593	41434593	harbor2	chrX	41279927	41279994	LTR/ERVL	652	-	34	41279961	45368
chrX	41234593	41434593	harbor2	chrX	41280297	41280495	LTR/ERVL	652	-	99	41280396	45803
chrX	41234593	41434593	harbor2	chrX	41281549	41281700	LTR/ERVL	870	-	76	41281625	47032
chrX	41234593	41434593	harbor2	chrX	41295128	41295283	LTR/ERVL	3825	-	78	41295206	60613
chrX	41234593	41434593	harbor2	chrX	41295335	41295660	LTR/ERVL	3825	-	162	41295497	60904
chrX	41234593	41434593	harbor2	chrX	41295956	41296122	LTR/ERVL	3825	-	83	41296039	61446
chrX	41234593	41434593	harbor2	chrX	41326668	41326950	LTR/ERVL	1978	-	141	41326809	92216
chrX	41234593	41434593	harbor2	chrX	41327255	41327342	LTR/ERVL	1978	-	44	41327299	92706
chrX	48805353	49005353	harbor2	chrX	48867869	48868279	LTR/ERVL	722	-	205	48868074	62721
chrX	20396267	20596267	harbor2	chrX	20405570	20406136	LTR/ERVL	1292	-	283	20405853	9586
chrX	20396267	20596267	harbor2	chrX	20406632	20406775	LTR/ERVL	577	-	72	20406704	10437
chrX	20396267	20596267	harbor2	chrX	20418769	20419118	LTR/ERVL	1399	-	174	20418943	22676
chrX	20396267	20596267	harbor2	chrX	20427218	20427446	LTR/ERVL	792	-	114	20427332	31065
chrX	20396267	20596267	harbor2	chrX	20427624	20427826	LTR/ERVL	629	-	101	20427725	31458
chrX	16520297	16720297	harbor2	chrX	16545922	16546373	LTR/ERVL	1432	-	226	16546148	25851
chrX	16520297	16720297	harbor2	chrX	16558335	16558837	LTR/ERVL	2700	-	251	16558586	38289
