H_chr	H_start	H_end	Harbor	TE_chr	TE_start	TE_end	TE	score	TE_strand	TE_half	TE_middle_pos	TE_dis
chr1	16545136	16745136	harbor1	chr1	16598477	16598907	LTR/ERVL-MaLR	2564	-	215	16598692	53556
chr1	16545136	16745136	harbor1	chr1	16609362	16609473	LTR/ERVL-MaLR	434	-	56	16609418	64282
chr1	2137978	2337978	harbor1	chr1	2183543	2183905	LTR/ERVL-MaLR	896	-	181	2183724	45746
chr1	16543138	16743138	harbor1	chr1	16598477	16598907	LTR/ERVL-MaLR	2564	-	215	16598692	55554
chr1	16543138	16743138	harbor1	chr1	16609362	16609473	LTR/ERVL-MaLR	434	-	56	16609418	66280
chr1	3525011	3725011	harbor1	chr1	3540576	3540898	LTR/ERVL-MaLR	758	-	161	3540737	15726
chr1	3525011	3725011	harbor1	chr1	3554667	3554904	LTR/ERVL-MaLR	604	-	118	3554785	29774
chr1	3525011	3725011	harbor1	chr1	3575496	3575853	LTR/ERVL-MaLR	2482	-	178	3575674	50663
chr1	63219176	63419176	harbor1	chr1	63227188	63227285	LTR/ERVL-MaLR	1431	-	48	63227236	8060
chr1	63219176	63419176	harbor1	chr1	63227628	63227993	LTR/ERVL-MaLR	1431	-	182	63227810	8634
chr1	63219176	63419176	harbor1	chr1	63228287	63228411	LTR/ERVL-MaLR	1431	-	62	63228349	9173
chr1	63219176	63419176	harbor1	chr1	63230881	63231257	LTR/ERVL-MaLR	579	-	188	63231069	11893
chr1	63219176	63419176	harbor1	chr1	63233431	63233502	LTR/ERVL-MaLR	1894	-	36	63233467	14291
chr1	63219176	63419176	harbor1	chr1	63233794	63234097	LTR/ERVL-MaLR	1894	-	152	63233946	14770
chr1	63219176	63419176	harbor1	chr1	63245159	63245576	LTR/ERVL-MaLR	2039	-	208	63245367	26191
chr1	63219176	63419176	harbor1	chr1	63279950	63280496	LTR/ERVL-MaLR	2446	-	273	63280223	61047
chr1	63219176	63419176	harbor1	chr1	63288146	63288511	LTR/ERVL-MaLR	2282	-	182	63288328	69152
chr1	63219176	63419176	harbor1	chr1	63306847	63307085	LTR/ERVL-MaLR	634	-	119	63306966	87790
chr1	2138436	2338436	harbor1	chr1	2183543	2183905	LTR/ERVL-MaLR	896	-	181	2183724	45288
chr1	2138571	2338571	harbor1	chr1	2183543	2183905	LTR/ERVL-MaLR	896	-	181	2183724	45153
chr1	21742123	21942123	harbor1	chr1	21813599	21813738	LTR/ERVL-MaLR	485	-	70	21813669	71546
chr1	21742123	21942123	harbor1	chr1	21819751	21820164	LTR/ERVL-MaLR	3052	-	206	21819957	77834
chr1	1675980	1875980	harbor1	chr1	1690940	1691361	LTR/ERVL-MaLR	1220	-	210	1691150	15170
chr1	1675980	1875980	harbor1	chr1	1744215	1744636	LTR/ERVL-MaLR	1227	-	210	1744425	68445
chr1	16542741	16742741	harbor1	chr1	16598477	16598907	LTR/ERVL-MaLR	2564	-	215	16598692	55951
chr1	16542741	16742741	harbor1	chr1	16609362	16609473	LTR/ERVL-MaLR	434	-	56	16609418	66677
chr1	16544784	16744784	harbor1	chr1	16598477	16598907	LTR/ERVL-MaLR	2564	-	215	16598692	53908
chr1	16544784	16744784	harbor1	chr1	16609362	16609473	LTR/ERVL-MaLR	434	-	56	16609418	64634
chr1	15942113	16142113	harbor1	chr1	15980973	15981191	LTR/ERVL-MaLR	1558	-	109	15981082	38969
chr1	15942113	16142113	harbor1	chr1	15981327	15981523	LTR/ERVL-MaLR	1157	-	98	15981425	39312
chr1	15942113	16142113	harbor1	chr1	16001923	16002249	LTR/ERVL-MaLR	1772	-	163	16002086	59973
chr1	15942113	16142113	harbor1	chr1	16002549	16002721	LTR/ERVL-MaLR	1772	-	86	16002635	60522
chr1	16596895	16796895	harbor1	chr1	16598477	16598907	LTR/ERVL-MaLR	2564	-	215	16598692	1797
chr1	16596895	16796895	harbor1	chr1	16609362	16609473	LTR/ERVL-MaLR	434	-	56	16609418	12523
chr1	16596895	16796895	harbor1	chr1	16671507	16671858	LTR/ERVL-MaLR	2578	-	176	16671683	74788
chr1	960023	1160023	harbor1	chr1	989509	989864	LTR/ERVL-MaLR	1673	-	178	989687	29664
chr1	2138519	2338519	harbor1	chr1	2183543	2183905	LTR/ERVL-MaLR	896	-	181	2183724	45205
chr1	89721500	89921500	harbor1	chr1	89723145	89723562	LTR/ERVL-MaLR	2163	-	208	89723353	1853
chr1	89721500	89921500	harbor1	chr1	89723749	89724339	LTR/ERVL-MaLR	2171	-	295	89724044	2544
chr1	89721500	89921500	harbor1	chr1	89742889	89742971	LTR/ERVL-MaLR	515	-	41	89742930	21430
chr1	89721500	89921500	harbor1	chr1	89784571	89785038	LTR/ERVL-MaLR	1594	-	234	89784805	63305
chr1	89721500	89921500	harbor1	chr1	89786651	89787132	LTR/ERVL-MaLR	590	-	240	89786891	65391
chr1	89721500	89921500	harbor1	chr1	89792506	89792887	LTR/ERVL-MaLR	2282	-	190	89792696	71196
chr1	16544947	16744947	harbor1	chr1	16598477	16598907	LTR/ERVL-MaLR	2564	-	215	16598692	53745
chr1	16544947	16744947	harbor1	chr1	16609362	16609473	LTR/ERVL-MaLR	434	-	56	16609418	64471
chr1	16625292	16825292	harbor1	chr1	16671507	16671858	LTR/ERVL-MaLR	2578	-	176	16671683	46391
chr1	16526616	16726616	harbor1	chr1	16537148	16537393	LTR/ERVL-MaLR	1152	-	122	16537270	10654
chr1	16526616	16726616	harbor1	chr1	16537571	16537922	LTR/ERVL-MaLR	2577	-	176	16537747	11131
chr1	16526616	16726616	harbor1	chr1	16598477	16598907	LTR/ERVL-MaLR	2564	-	215	16598692	72076
chr1	16526616	16726616	harbor1	chr1	16609362	16609473	LTR/ERVL-MaLR	434	-	56	16609418	82802
chr1	16544872	16744872	harbor1	chr1	16598477	16598907	LTR/ERVL-MaLR	2564	-	215	16598692	53820
chr1	16544872	16744872	harbor1	chr1	16609362	16609473	LTR/ERVL-MaLR	434	-	56	16609418	64546
chr1	16544810	16744810	harbor1	chr1	16598477	16598907	LTR/ERVL-MaLR	2564	-	215	16598692	53882
chr1	16544810	16744810	harbor1	chr1	16609362	16609473	LTR/ERVL-MaLR	434	-	56	16609418	64608
chr1	16544790	16744790	harbor1	chr1	16598477	16598907	LTR/ERVL-MaLR	2564	-	215	16598692	53902
chr1	16544790	16744790	harbor1	chr1	16609362	16609473	LTR/ERVL-MaLR	434	-	56	16609418	64628
chr1	227441496	227641496	harbor1	chr1	227446522	227446840	LTR/ERVL-MaLR	2294	-	159	227446681	5185
chr1	227441496	227641496	harbor1	chr1	227451971	227452314	LTR/ERVL-MaLR	798	-	172	227452143	10647
chr1	227441496	227641496	harbor1	chr1	227486542	227486909	LTR/ERVL-MaLR	1667	-	184	227486726	45230
chr1	227441496	227641496	harbor1	chr1	227486914	227488042	LTR/ERVL-MaLR	10341	-	564	227487478	45982
chr1	227441496	227641496	harbor1	chr1	227488334	227488726	LTR/ERVL-MaLR	10341	-	196	227488530	47034
chr1	227441496	227641496	harbor1	chr1	227488727	227489091	LTR/ERVL-MaLR	1942	-	182	227488909	47413
chr1	227441496	227641496	harbor1	chr1	227503797	227504006	LTR/ERVL-MaLR	2408	-	104	227503901	62405
chr1	227441496	227641496	harbor1	chr1	227504297	227504449	LTR/ERVL-MaLR	2408	-	76	227504373	62877
chr1	227441496	227641496	harbor1	chr1	227519066	227519353	LTR/ERVL-MaLR	674	-	144	227519210	77714
chr1	16526581	16726581	harbor1	chr1	16537148	16537393	LTR/ERVL-MaLR	1152	-	122	16537270	10689
chr1	16526581	16726581	harbor1	chr1	16537571	16537922	LTR/ERVL-MaLR	2577	-	176	16537747	11166
chr1	16526581	16726581	harbor1	chr1	16598477	16598907	LTR/ERVL-MaLR	2564	-	215	16598692	72111
chr1	16526581	16726581	harbor1	chr1	16609362	16609473	LTR/ERVL-MaLR	434	-	56	16609418	82837
chr1	77131620	77331620	harbor1	chr1	77142496	77142853	LTR/ERVL-MaLR	2188	-	178	77142674	11054
chr1	77131620	77331620	harbor1	chr1	77147002	77147354	LTR/ERVL-MaLR	2218	-	176	77147178	15558
chr1	77131620	77331620	harbor1	chr1	77221120	77221325	LTR/ERVL-MaLR	2003	-	102	77221222	89602
chr1	77131620	77331620	harbor1	chr1	77221624	77221805	LTR/ERVL-MaLR	2003	-	90	77221714	90094
chr1	77131620	77331620	harbor1	chr1	77221806	77223304	LTR/ERVL-MaLR	9083	-	749	77222555	90935
chr1	77131620	77331620	harbor1	chr1	77223305	77223673	LTR/ERVL-MaLR	2374	-	184	77223489	91869
chr1	77131620	77331620	harbor1	chr1	77224742	77225139	LTR/ERVL-MaLR	2389	-	198	77224940	93320
chr1	11666518	11866518	harbor1	chr1	11754016	11754371	LTR/ERVL-MaLR	2324	-	178	11754194	87676
chr1	7671335	7871335	harbor1	chr1	7684367	7684758	LTR/ERVL-MaLR	960	-	196	7684563	13228
chr1	7671335	7871335	harbor1	chr1	7693072	7693429	LTR/ERVL-MaLR	2190	-	178	7693250	21915
chr1	7671335	7871335	harbor1	chr1	7710265	7710327	LTR/ERVL-MaLR	1036	-	31	7710296	38961
chr1	7671335	7871335	harbor1	chr1	7710626	7711013	LTR/ERVL-MaLR	1036	-	194	7710820	39485
chr1	7671335	7871335	harbor1	chr1	7711029	7711372	LTR/ERVL-MaLR	1600	-	172	7711201	39866
chr1	7671335	7871335	harbor1	chr1	7712707	7713064	LTR/ERVL-MaLR	2403	-	178	7712885	41550
chr1	7671335	7871335	harbor1	chr1	7739478	7739838	LTR/ERVL-MaLR	2226	-	180	7739658	68323
chr1	7671335	7871335	harbor1	chr1	7739858	7739934	LTR/ERVL-MaLR	592	-	38	7739896	68561
chr1	7671335	7871335	harbor1	chr1	7739954	7740032	LTR/ERVL-MaLR	618	-	39	7739993	68658
chr1	7671335	7871335	harbor1	chr1	7740052	7740130	LTR/ERVL-MaLR	621	-	39	7740091	68756
chr1	7671335	7871335	harbor1	chr1	7700471	7700852	LTR/ERVL-MaLR	1152	-	190	7700661	29326
chr1	6685469	6885469	harbor1	chr1	6686375	6686736	LTR/ERVL-MaLR	1038	-	180	6686555	1086
chr1	6685469	6885469	harbor1	chr1	6717019	6717234	LTR/ERVL-MaLR	1089	-	108	6717127	31658
chr1	6685469	6885469	harbor1	chr1	6724049	6724433	LTR/ERVL-MaLR	2517	-	192	6724241	38772
chr1	6685469	6885469	harbor1	chr1	6737025	6737100	LTR/ERVL-MaLR	608	-	38	6737063	51594
chr1	6685469	6885469	harbor1	chr1	6737414	6737571	LTR/ERVL-MaLR	608	-	78	6737492	52023
chr1	6685469	6885469	harbor1	chr1	6741378	6741814	LTR/ERVL-MaLR	2023	-	218	6741596	56127
chr1	6685469	6885469	harbor1	chr1	6742126	6742218	LTR/ERVL-MaLR	2023	-	46	6742172	56703
chr1	16544755	16744755	harbor1	chr1	16598477	16598907	LTR/ERVL-MaLR	2564	-	215	16598692	53937
chr1	16544755	16744755	harbor1	chr1	16609362	16609473	LTR/ERVL-MaLR	434	-	56	16609418	64663
chr1	3672834	3872834	harbor1	chr1	3683529	3683921	LTR/ERVL-MaLR	624	-	196	3683725	10891
chr1	3672834	3872834	harbor1	chr1	3759890	3760137	LTR/ERVL-MaLR	485	-	124	3760014	87180
chr1	16544809	16744809	harbor1	chr1	16598477	16598907	LTR/ERVL-MaLR	2564	-	215	16598692	53883
chr1	16544809	16744809	harbor1	chr1	16609362	16609473	LTR/ERVL-MaLR	434	-	56	16609418	64609
chr1	53846279	54046279	harbor1	chr1	53918036	53918148	LTR/ERVL-MaLR	630	-	56	53918092	71813
chr1	26400749	26600749	harbor1	chr1	26477682	26477893	LTR/ERVL-MaLR	502	-	106	26477788	77039
chr1	16538570	16738570	harbor1	chr1	16598477	16598907	LTR/ERVL-MaLR	2564	-	215	16598692	60122
chr1	16538570	16738570	harbor1	chr1	16609362	16609473	LTR/ERVL-MaLR	434	-	56	16609418	70848
chr1	16543109	16743109	harbor1	chr1	16598477	16598907	LTR/ERVL-MaLR	2564	-	215	16598692	55583
chr1	16543109	16743109	harbor1	chr1	16609362	16609473	LTR/ERVL-MaLR	434	-	56	16609418	66309
chr1	244605525	244805525	harbor1	chr1	244616403	244616788	LTR/ERVL-MaLR	1750	-	192	244616595	11070
chr1	244605525	244805525	harbor1	chr1	244651379	244651808	LTR/ERVL-MaLR	713	-	214	244651593	46068
chr1	244605525	244805525	harbor1	chr1	244657531	244657869	LTR/ERVL-MaLR	691	-	169	244657700	52175
chr1	244605525	244805525	harbor1	chr1	244659255	244659803	LTR/ERVL-MaLR	2500	-	274	244659529	54004
chr1	244605525	244805525	harbor1	chr1	244666746	244667089	LTR/ERVL-MaLR	2707	-	172	244666918	61393
chr1	244605525	244805525	harbor1	chr1	244667090	244667466	LTR/ERVL-MaLR	2992	-	188	244667278	61753
chr1	244605525	244805525	harbor1	chr1	244694949	244695320	LTR/ERVL-MaLR	596	-	186	244695135	89610
chr1	4738326	4938326	harbor1	chr1	4741214	4741564	LTR/ERVL-MaLR	886	-	175	4741389	3063
chr1	4738326	4938326	harbor1	chr1	4745990	4746442	LTR/ERVL-MaLR	1126	-	226	4746216	7890
chr1	4738326	4938326	harbor1	chr1	4758320	4758702	LTR/ERVL-MaLR	2400	-	191	4758511	20185
chr1	4738326	4938326	harbor1	chr1	4795795	4796261	LTR/ERVL-MaLR	1856	-	233	4796028	57702
chr1	4738326	4938326	harbor1	chr1	4804113	4804341	LTR/ERVL-MaLR	450	-	114	4804227	65901
chr1	4738326	4938326	harbor1	chr1	4832772	4833007	LTR/ERVL-MaLR	1861	-	118	4832890	94564
chr1	4738326	4938326	harbor1	chr1	4833295	4833452	LTR/ERVL-MaLR	1848	-	78	4833373	95047
chr1	4738326	4938326	harbor1	chr1	4833552	4833909	LTR/ERVL-MaLR	2346	-	178	4833730	95404
chr1	16596777	16796777	harbor1	chr1	16598477	16598907	LTR/ERVL-MaLR	2564	-	215	16598692	1915
chr1	16596777	16796777	harbor1	chr1	16609362	16609473	LTR/ERVL-MaLR	434	-	56	16609418	12641
chr1	16596777	16796777	harbor1	chr1	16671507	16671858	LTR/ERVL-MaLR	2578	-	176	16671683	74906
chr1	2138509	2338509	harbor1	chr1	2183543	2183905	LTR/ERVL-MaLR	896	-	181	2183724	45215
chr1	5561024	5761024	harbor1	chr1	5561660	5561861	LTR/ERVL-MaLR	2422	-	100	5561760	736
chr1	5561024	5761024	harbor1	chr1	5561889	5562092	LTR/ERVL-MaLR	2422	-	102	5561991	967
chr1	5561024	5761024	harbor1	chr1	5562093	5563274	LTR/ERVL-MaLR	7357	-	590	5562683	1659
chr1	5561024	5761024	harbor1	chr1	5577517	5578011	LTR/ERVL-MaLR	3233	-	247	5577764	16740
chr1	5561024	5761024	harbor1	chr1	5578853	5578997	LTR/ERVL-MaLR	1051	-	72	5578925	17901
chr1	5561024	5761024	harbor1	chr1	5578998	5579267	LTR/ERVL-MaLR	1991	-	134	5579132	18108
chr1	5561024	5761024	harbor1	chr1	5579526	5579588	LTR/ERVL-MaLR	530	-	31	5579557	18533
chr1	5561024	5761024	harbor1	chr1	5579589	5579833	LTR/ERVL-MaLR	1394	-	122	5579711	18687
chr1	5561024	5761024	harbor1	chr1	5584427	5584813	LTR/ERVL-MaLR	2232	-	193	5584620	23596
chr1	5561024	5761024	harbor1	chr1	5596998	5597365	LTR/ERVL-MaLR	1020	-	184	5597182	36158
chr1	5561024	5761024	harbor1	chr1	5602594	5602956	LTR/ERVL-MaLR	2281	-	181	5602775	41751
chr1	5561024	5761024	harbor1	chr1	5619054	5619453	LTR/ERVL-MaLR	1233	-	200	5619254	58230
chr1	5561024	5761024	harbor1	chr1	5627214	5627606	LTR/ERVL-MaLR	1864	-	196	5627410	66386
chr1	5561024	5761024	harbor1	chr1	5640488	5640531	LTR/ERVL-MaLR	2096	-	22	5640510	79486
chr1	5561024	5761024	harbor1	chr1	5640828	5641186	LTR/ERVL-MaLR	2096	-	179	5641007	79983
chr1	5561024	5761024	harbor1	chr1	5659204	5659660	LTR/ERVL-MaLR	2223	-	228	5659432	98408
chr1	154963125	155163125	harbor1	chr1	155035466	155035626	LTR/ERVL-MaLR	529	-	80	155035546	72421
chr1	154963125	155163125	harbor1	chr1	155036066	155036226	LTR/ERVL-MaLR	631	-	80	155036146	73021
chr1	227441495	227641495	harbor1	chr1	227446522	227446840	LTR/ERVL-MaLR	2294	-	159	227446681	5186
chr1	227441495	227641495	harbor1	chr1	227451971	227452314	LTR/ERVL-MaLR	798	-	172	227452143	10648
chr1	227441495	227641495	harbor1	chr1	227486542	227486909	LTR/ERVL-MaLR	1667	-	184	227486726	45231
chr1	227441495	227641495	harbor1	chr1	227486914	227488042	LTR/ERVL-MaLR	10341	-	564	227487478	45983
chr1	227441495	227641495	harbor1	chr1	227488334	227488726	LTR/ERVL-MaLR	10341	-	196	227488530	47035
chr1	227441495	227641495	harbor1	chr1	227488727	227489091	LTR/ERVL-MaLR	1942	-	182	227488909	47414
chr1	227441495	227641495	harbor1	chr1	227503797	227504006	LTR/ERVL-MaLR	2408	-	104	227503901	62406
chr1	227441495	227641495	harbor1	chr1	227504297	227504449	LTR/ERVL-MaLR	2408	-	76	227504373	62878
chr1	227441495	227641495	harbor1	chr1	227519066	227519353	LTR/ERVL-MaLR	674	-	144	227519210	77715
chr1	11520750	11720750	harbor1	chr1	11538156	11538583	LTR/ERVL-MaLR	1391	-	214	11538370	17620
chr1	11520750	11720750	harbor1	chr1	11543831	11544160	LTR/ERVL-MaLR	824	-	164	11543995	23245
chr1	11520750	11720750	harbor1	chr1	11545388	11545578	LTR/ERVL-MaLR	711	-	95	11545483	24733
chr1	11520750	11720750	harbor1	chr1	11555359	11555695	LTR/ERVL-MaLR	640	-	168	11555527	34777
chr1	11520750	11720750	harbor1	chr1	11580007	11580394	LTR/ERVL-MaLR	2374	-	194	11580201	59451
chr1	11520750	11720750	harbor1	chr1	11611650	11612104	LTR/ERVL-MaLR	652	-	227	11611877	91127
chr1	156559413	156759413	harbor1	chr1	156590640	156590950	LTR/ERVL-MaLR	588	-	155	156590795	31382
chr1	156559413	156759413	harbor1	chr1	156627324	156627678	LTR/ERVL-MaLR	1259	-	177	156627501	68088
chr1	156559413	156759413	harbor1	chr1	156630762	156631288	LTR/ERVL-MaLR	1058	-	263	156631025	71612
chr1	6620127	6820127	harbor1	chr1	6686375	6686736	LTR/ERVL-MaLR	1038	-	180	6686555	66428
chr1	6620127	6820127	harbor1	chr1	6717019	6717234	LTR/ERVL-MaLR	1089	-	108	6717127	97000
chr1	241509049	241709049	harbor1	chr1	241537582	241537934	LTR/ERVL-MaLR	2378	-	176	241537758	28709
chr1	241509049	241709049	harbor1	chr1	241544395	241544630	LTR/ERVL-MaLR	767	-	118	241544513	35464
chr1	241509049	241709049	harbor1	chr1	241545306	241545713	LTR/ERVL-MaLR	1931	-	204	241545510	36461
chr1	241509049	241709049	harbor1	chr1	241567192	241567559	LTR/ERVL-MaLR	2080	-	184	241567376	58327
chr1	241509049	241709049	harbor1	chr1	241578746	241579107	LTR/ERVL-MaLR	2166	-	180	241578926	69877
chr1	241509049	241709049	harbor1	chr1	241602478	241602863	LTR/ERVL-MaLR	840	-	192	241602670	93621
chr1	2136215	2336215	harbor1	chr1	2136795	2136898	LTR/ERVL-MaLR	483	-	52	2136847	632
chr1	2136215	2336215	harbor1	chr1	2137478	2137605	LTR/ERVL-MaLR	483	-	64	2137542	1327
chr1	2136215	2336215	harbor1	chr1	2183543	2183905	LTR/ERVL-MaLR	896	-	181	2183724	47509
chr1	53370442	53570442	harbor1	chr1	53389511	53389720	LTR/ERVL-MaLR	1143	-	104	53389615	19173
chr1	53370442	53570442	harbor1	chr1	53389861	53389992	LTR/ERVL-MaLR	705	-	66	53389927	19485
chr1	53370442	53570442	harbor1	chr1	53391829	53392037	LTR/ERVL-MaLR	729	-	104	53391933	21491
chr1	53370442	53570442	harbor1	chr1	53392101	53392306	LTR/ERVL-MaLR	535	-	102	53392203	21761
chr1	53370442	53570442	harbor1	chr1	53404522	53404895	LTR/ERVL-MaLR	1573	-	186	53404708	34266
chr1	53370442	53570442	harbor1	chr1	53445875	53446277	LTR/ERVL-MaLR	2027	-	201	53446076	75634
chr1	16544792	16744792	harbor1	chr1	16598477	16598907	LTR/ERVL-MaLR	2564	-	215	16598692	53900
chr1	16544792	16744792	harbor1	chr1	16609362	16609473	LTR/ERVL-MaLR	434	-	56	16609418	64626
chr1	16544920	16744920	harbor1	chr1	16598477	16598907	LTR/ERVL-MaLR	2564	-	215	16598692	53772
chr1	16544920	16744920	harbor1	chr1	16609362	16609473	LTR/ERVL-MaLR	434	-	56	16609418	64498
chr1	53846229	54046229	harbor1	chr1	53918036	53918148	LTR/ERVL-MaLR	630	-	56	53918092	71863
chr1	154845979	155045979	harbor1	chr1	154883166	154883530	LTR/ERVL-MaLR	786	-	182	154883348	37369
chr1	154845979	155045979	harbor1	chr1	154883832	154883938	LTR/ERVL-MaLR	786	-	53	154883885	37906
chr1	154845979	155045979	harbor1	chr1	154890739	154890801	LTR/ERVL-MaLR	844	-	31	154890770	44791
chr1	154845979	155045979	harbor1	chr1	154891096	154891206	LTR/ERVL-MaLR	844	-	55	154891151	45172
chr1	154845979	155045979	harbor1	chr1	154904524	154904738	LTR/ERVL-MaLR	1132	-	107	154904631	58652
chr1	154845979	155045979	harbor1	chr1	154916606	154916847	LTR/ERVL-MaLR	1630	-	120	154916726	70747
chr1	154845979	155045979	harbor1	chr1	154916947	154917141	LTR/ERVL-MaLR	1140	-	97	154917044	71065
chr1	2028839	2228839	harbor1	chr1	2033541	2033904	LTR/ERVL-MaLR	958	-	182	2033723	4884
chr1	2028839	2228839	harbor1	chr1	2036986	2037326	LTR/ERVL-MaLR	1367	-	170	2037156	8317
chr1	2028839	2228839	harbor1	chr1	2089435	2089731	LTR/ERVL-MaLR	858	-	148	2089583	60744
chr1	2028839	2228839	harbor1	chr1	2089909	2090243	LTR/ERVL-MaLR	565	-	167	2090076	61237
chr1	2028839	2228839	harbor1	chr1	2108760	2108974	LTR/ERVL-MaLR	566	-	107	2108867	80028
chr1	2028839	2228839	harbor1	chr1	2108986	2109191	LTR/ERVL-MaLR	655	-	102	2109088	80249
chr1	2028839	2228839	harbor1	chr1	2121152	2121339	LTR/ERVL-MaLR	512	-	94	2121246	92407
chr1	16503985	16703985	harbor1	chr1	16537148	16537393	LTR/ERVL-MaLR	1152	-	122	16537270	33285
chr1	16503985	16703985	harbor1	chr1	16537571	16537922	LTR/ERVL-MaLR	2577	-	176	16537747	33762
chr1	16503985	16703985	harbor1	chr1	16598477	16598907	LTR/ERVL-MaLR	2564	-	215	16598692	94707
chr1	46122770	46322770	harbor1	chr1	46145316	46145752	LTR/ERVL-MaLR	1864	-	218	46145534	22764
chr1	46122770	46322770	harbor1	chr1	46148231	46148683	LTR/ERVL-MaLR	1244	-	226	46148457	25687
chr1	46122770	46322770	harbor1	chr1	46160419	46160917	LTR/ERVL-MaLR	1339	-	249	46160668	37898
chr1	54316227	54516227	harbor1	chr1	54316735	54317085	LTR/ERVL-MaLR	1621	-	175	54316910	683
chr1	10540158	10740158	harbor1	chr1	10606071	10606478	LTR/ERVL-MaLR	1025	-	204	10606275	66117
chr1	19766908	19966908	harbor1	chr1	19865530	19865793	LTR/ERVL-MaLR	521	-	132	19865662	98754
chr1	16538366	16738366	harbor1	chr1	16598477	16598907	LTR/ERVL-MaLR	2564	-	215	16598692	60326
chr1	16538366	16738366	harbor1	chr1	16609362	16609473	LTR/ERVL-MaLR	434	-	56	16609418	71052
chr1	6685490	6885490	harbor1	chr1	6686375	6686736	LTR/ERVL-MaLR	1038	-	180	6686555	1065
chr1	6685490	6885490	harbor1	chr1	6717019	6717234	LTR/ERVL-MaLR	1089	-	108	6717127	31637
chr1	6685490	6885490	harbor1	chr1	6724049	6724433	LTR/ERVL-MaLR	2517	-	192	6724241	38751
chr1	6685490	6885490	harbor1	chr1	6737025	6737100	LTR/ERVL-MaLR	608	-	38	6737063	51573
chr1	6685490	6885490	harbor1	chr1	6737414	6737571	LTR/ERVL-MaLR	608	-	78	6737492	52002
chr1	6685490	6885490	harbor1	chr1	6741378	6741814	LTR/ERVL-MaLR	2023	-	218	6741596	56106
chr1	6685490	6885490	harbor1	chr1	6742126	6742218	LTR/ERVL-MaLR	2023	-	46	6742172	56682
chr1	65154911	65354911	harbor1	chr1	65160189	65160427	LTR/ERVL-MaLR	1155	-	119	65160308	5397
chr1	65154911	65354911	harbor1	chr1	65160894	65160997	LTR/ERVL-MaLR	561	-	52	65160946	6035
chr1	65154911	65354911	harbor1	chr1	65192111	65192502	LTR/ERVL-MaLR	1804	-	196	65192307	37396
chr1	65154911	65354911	harbor1	chr1	65192503	65193582	LTR/ERVL-MaLR	3328	-	540	65193043	38132
chr1	65154911	65354911	harbor1	chr1	65194173	65194468	LTR/ERVL-MaLR	2186	-	148	65194321	39410
chr1	65154911	65354911	harbor1	chr1	65194764	65194983	LTR/ERVL-MaLR	2186	-	110	65194874	39963
chr1	65154911	65354911	harbor1	chr1	65194986	65195355	LTR/ERVL-MaLR	1608	-	184	65195170	40259
chr1	65154911	65354911	harbor1	chr1	65196796	65197165	LTR/ERVL-MaLR	2374	-	184	65196980	42069
chr1	65154911	65354911	harbor1	chr1	65237946	65238310	LTR/ERVL-MaLR	2659	-	182	65238128	83217
chr1	65154911	65354911	harbor1	chr1	65245447	65245742	LTR/ERVL-MaLR	1790	-	148	65245595	90684
chr1	16544780	16744780	harbor1	chr1	16598477	16598907	LTR/ERVL-MaLR	2564	-	215	16598692	53912
chr1	16544780	16744780	harbor1	chr1	16609362	16609473	LTR/ERVL-MaLR	434	-	56	16609418	64638
chr1	167559746	167759746	harbor1	chr1	167563207	167563391	LTR/ERVL-MaLR	862	-	92	167563299	3553
chr1	167559746	167759746	harbor1	chr1	167597155	167597503	LTR/ERVL-MaLR	2559	-	174	167597329	37583
chr1	167559746	167759746	harbor1	chr1	167597504	167599076	LTR/ERVL-MaLR	12073	-	786	167598290	38544
chr1	167559746	167759746	harbor1	chr1	167599077	167599428	LTR/ERVL-MaLR	2711	-	176	167599253	39507
chr1	167559746	167759746	harbor1	chr1	167622194	167622429	LTR/ERVL-MaLR	531	-	118	167622312	62566
chr1	167559746	167759746	harbor1	chr1	167640142	167640551	LTR/ERVL-MaLR	852	-	204	167640346	80600
chr1	167559746	167759746	harbor1	chr1	167641865	167642107	LTR/ERVL-MaLR	885	-	121	167641986	82240
chr1	167559746	167759746	harbor1	chr1	167650871	167651235	LTR/ERVL-MaLR	1985	-	182	167651053	91307
chr1	7122266	7322266	harbor1	chr1	7123101	7123491	LTR/ERVL-MaLR	939	-	195	7123296	1030
chr1	7122266	7322266	harbor1	chr1	7125885	7126252	LTR/ERVL-MaLR	1829	-	184	7126069	3803
chr1	7122266	7322266	harbor1	chr1	7144058	7144494	LTR/ERVL-MaLR	1256	-	218	7144276	22010
chr1	7122266	7322266	harbor1	chr1	7176828	7176995	LTR/ERVL-MaLR	644	-	84	7176912	54646
chr1	7122266	7322266	harbor1	chr1	7183003	7183399	LTR/ERVL-MaLR	2051	-	198	7183201	60935
chr1	7122266	7322266	harbor1	chr1	7187895	7188264	LTR/ERVL-MaLR	2275	-	184	7188079	65813
chr1	7122266	7322266	harbor1	chr1	7215959	7216341	LTR/ERVL-MaLR	2260	-	191	7216150	93884
chr1	16544851	16744851	harbor1	chr1	16598477	16598907	LTR/ERVL-MaLR	2564	-	215	16598692	53841
chr1	16544851	16744851	harbor1	chr1	16609362	16609473	LTR/ERVL-MaLR	434	-	56	16609418	64567
chr1	16544789	16744789	harbor1	chr1	16598477	16598907	LTR/ERVL-MaLR	2564	-	215	16598692	53903
chr1	16544789	16744789	harbor1	chr1	16609362	16609473	LTR/ERVL-MaLR	434	-	56	16609418	64629
chr1	16544721	16744721	harbor1	chr1	16598477	16598907	LTR/ERVL-MaLR	2564	-	215	16598692	53971
chr1	16544721	16744721	harbor1	chr1	16609362	16609473	LTR/ERVL-MaLR	434	-	56	16609418	64697
chr1	16544890	16744890	harbor1	chr1	16598477	16598907	LTR/ERVL-MaLR	2564	-	215	16598692	53802
chr1	16544890	16744890	harbor1	chr1	16609362	16609473	LTR/ERVL-MaLR	434	-	56	16609418	64528
chr1	15628957	15828957	harbor1	chr1	15669854	15670073	LTR/ERVL-MaLR	724	-	110	15669964	41007
chr1	15628957	15828957	harbor1	chr1	15670141	15670427	LTR/ERVL-MaLR	873	-	143	15670284	41327
chr1	15628957	15828957	harbor1	chr1	15670724	15671231	LTR/ERVL-MaLR	980	-	254	15670978	42021
chr1	15628957	15828957	harbor1	chr1	15678220	15678270	LTR/ERVL-MaLR	2289	-	25	15678245	49288
chr1	15628957	15828957	harbor1	chr1	15678568	15678909	LTR/ERVL-MaLR	2289	-	170	15678738	49781
chr1	15628957	15828957	harbor1	chr1	15679218	15679268	LTR/ERVL-MaLR	2289	-	25	15679243	50286
chr1	15628957	15828957	harbor1	chr1	15725719	15726054	LTR/ERVL-MaLR	1411	-	168	15725887	96930
chr1	2138482	2338482	harbor1	chr1	2183543	2183905	LTR/ERVL-MaLR	896	-	181	2183724	45242
chr1	2138561	2338561	harbor1	chr1	2183543	2183905	LTR/ERVL-MaLR	896	-	181	2183724	45163
chr1	226010111	226210111	harbor1	chr1	226043575	226043939	LTR/ERVL-MaLR	1285	-	182	226043757	33646
chr1	226010111	226210111	harbor1	chr1	226044305	226044398	LTR/ERVL-MaLR	586	-	46	226044351	34240
chr1	226010111	226210111	harbor1	chr1	226097056	226097318	LTR/ERVL-MaLR	629	-	131	226097187	87076
chr1	226010111	226210111	harbor1	chr1	226099338	226099493	LTR/ERVL-MaLR	779	-	78	226099416	89305
chr1	2138397	2338397	harbor1	chr1	2183543	2183905	LTR/ERVL-MaLR	896	-	181	2183724	45327
chr1	16545018	16745018	harbor1	chr1	16598477	16598907	LTR/ERVL-MaLR	2564	-	215	16598692	53674
chr1	16545018	16745018	harbor1	chr1	16609362	16609473	LTR/ERVL-MaLR	434	-	56	16609418	64400
chr1	205210078	205410078	harbor1	chr1	205240521	205240997	LTR/ERVL-MaLR	657	-	238	205240759	30681
chr1	2987716	3187716	harbor1	chr1	2993727	2994218	LTR/ERVL-MaLR	1886	-	246	2993973	6257
chr1	2987716	3187716	harbor1	chr1	2998457	2998848	LTR/ERVL-MaLR	1896	-	196	2998653	10937
chr1	2987716	3187716	harbor1	chr1	3010061	3010127	LTR/ERVL-MaLR	2786	-	33	3010094	22378
chr1	2987716	3187716	harbor1	chr1	3010738	3011038	LTR/ERVL-MaLR	2786	-	150	3010888	23172
chr1	2987716	3187716	harbor1	chr1	3011205	3011520	LTR/ERVL-MaLR	693	-	158	3011363	23647
chr1	2987716	3187716	harbor1	chr1	3053172	3053631	LTR/ERVL-MaLR	2556	-	230	3053402	65686
chr1	2987716	3187716	harbor1	chr1	3057913	3058344	LTR/ERVL-MaLR	1450	-	216	3058129	70413
chr1	16544940	16744940	harbor1	chr1	16598477	16598907	LTR/ERVL-MaLR	2564	-	215	16598692	53752
chr1	16544940	16744940	harbor1	chr1	16609362	16609473	LTR/ERVL-MaLR	434	-	56	16609418	64478
chr1	16520804	16720804	harbor1	chr1	16537148	16537393	LTR/ERVL-MaLR	1152	-	122	16537270	16466
chr1	16520804	16720804	harbor1	chr1	16537571	16537922	LTR/ERVL-MaLR	2577	-	176	16537747	16943
chr1	16520804	16720804	harbor1	chr1	16598477	16598907	LTR/ERVL-MaLR	2564	-	215	16598692	77888
chr1	16520804	16720804	harbor1	chr1	16609362	16609473	LTR/ERVL-MaLR	434	-	56	16609418	88614
chr1	33270108	33470108	harbor1	chr1	33301596	33301798	LTR/ERVL-MaLR	1725	-	101	33301697	31589
chr1	33270108	33470108	harbor1	chr1	33302096	33302280	LTR/ERVL-MaLR	1725	-	92	33302188	32080
chr1	227441477	227641477	harbor1	chr1	227446522	227446840	LTR/ERVL-MaLR	2294	-	159	227446681	5204
chr1	227441477	227641477	harbor1	chr1	227451971	227452314	LTR/ERVL-MaLR	798	-	172	227452143	10666
chr1	227441477	227641477	harbor1	chr1	227486542	227486909	LTR/ERVL-MaLR	1667	-	184	227486726	45249
chr1	227441477	227641477	harbor1	chr1	227486914	227488042	LTR/ERVL-MaLR	10341	-	564	227487478	46001
chr1	227441477	227641477	harbor1	chr1	227488334	227488726	LTR/ERVL-MaLR	10341	-	196	227488530	47053
chr1	227441477	227641477	harbor1	chr1	227488727	227489091	LTR/ERVL-MaLR	1942	-	182	227488909	47432
chr1	227441477	227641477	harbor1	chr1	227503797	227504006	LTR/ERVL-MaLR	2408	-	104	227503901	62424
chr1	227441477	227641477	harbor1	chr1	227504297	227504449	LTR/ERVL-MaLR	2408	-	76	227504373	62896
chr1	227441477	227641477	harbor1	chr1	227519066	227519353	LTR/ERVL-MaLR	674	-	144	227519210	77733
chr1	3524787	3724787	harbor1	chr1	3540576	3540898	LTR/ERVL-MaLR	758	-	161	3540737	15950
chr1	3524787	3724787	harbor1	chr1	3554667	3554904	LTR/ERVL-MaLR	604	-	118	3554785	29998
chr1	3524787	3724787	harbor1	chr1	3575496	3575853	LTR/ERVL-MaLR	2482	-	178	3575674	50887
chr1	16544926	16744926	harbor1	chr1	16598477	16598907	LTR/ERVL-MaLR	2564	-	215	16598692	53766
chr1	16544926	16744926	harbor1	chr1	16609362	16609473	LTR/ERVL-MaLR	434	-	56	16609418	64492
chr1	154971671	155171671	harbor1	chr1	155035466	155035626	LTR/ERVL-MaLR	529	-	80	155035546	63875
chr1	154971671	155171671	harbor1	chr1	155036066	155036226	LTR/ERVL-MaLR	631	-	80	155036146	64475
chr1	89425139	89625139	harbor1	chr1	89479858	89480213	LTR/ERVL-MaLR	1811	-	178	89480036	54897
chr1	89425139	89625139	harbor1	chr1	89480214	89481779	LTR/ERVL-MaLR	11527	-	782	89480996	55857
chr1	89425139	89625139	harbor1	chr1	89481780	89482083	LTR/ERVL-MaLR	1124	-	152	89481932	56793
chr1	89425139	89625139	harbor1	chr1	89490446	89490803	LTR/ERVL-MaLR	2176	-	178	89490624	65485
chr1	89425139	89625139	harbor1	chr1	89490804	89490981	LTR/ERVL-MaLR	1238	-	88	89490892	65753
chr1	89425139	89625139	harbor1	chr1	89513631	89514039	LTR/ERVL-MaLR	2403	-	204	89513835	88696
chr1	153558888	153758888	harbor1	chr1	153560228	153560580	LTR/ERVL-MaLR	1615	-	176	153560404	1516
chr1	16625240	16825240	harbor1	chr1	16671507	16671858	LTR/ERVL-MaLR	2578	-	176	16671683	46443
chr1	2138530	2338530	harbor1	chr1	2183543	2183905	LTR/ERVL-MaLR	896	-	181	2183724	45194
chr1	16504141	16704141	harbor1	chr1	16537148	16537393	LTR/ERVL-MaLR	1152	-	122	16537270	33129
chr1	16504141	16704141	harbor1	chr1	16537571	16537922	LTR/ERVL-MaLR	2577	-	176	16537747	33606
chr1	16504141	16704141	harbor1	chr1	16598477	16598907	LTR/ERVL-MaLR	2564	-	215	16598692	94551
chr1	2138452	2338452	harbor1	chr1	2183543	2183905	LTR/ERVL-MaLR	896	-	181	2183724	45272
chr1	16545003	16745003	harbor1	chr1	16598477	16598907	LTR/ERVL-MaLR	2564	-	215	16598692	53689
chr1	16545003	16745003	harbor1	chr1	16609362	16609473	LTR/ERVL-MaLR	434	-	56	16609418	64415
chr1	16542821	16742821	harbor1	chr1	16598477	16598907	LTR/ERVL-MaLR	2564	-	215	16598692	55871
chr1	16542821	16742821	harbor1	chr1	16609362	16609473	LTR/ERVL-MaLR	434	-	56	16609418	66597
chr1	202827305	203027305	harbor1	chr1	202841664	202841728	LTR/ERVL-MaLR	1757	-	32	202841696	14391
chr1	202827305	203027305	harbor1	chr1	202842036	202842390	LTR/ERVL-MaLR	1757	-	177	202842213	14908
chr1	4612171	4812171	harbor1	chr1	4631846	4632328	LTR/ERVL-MaLR	1672	-	241	4632087	19916
chr1	4612171	4812171	harbor1	chr1	4645485	4646003	LTR/ERVL-MaLR	802	-	259	4645744	33573
chr1	4612171	4812171	harbor1	chr1	4678331	4678795	LTR/ERVL-MaLR	1112	-	232	4678563	66392
chr1	4612171	4812171	harbor1	chr1	4679472	4679775	LTR/ERVL-MaLR	1710	-	152	4679624	67453
chr1	4612171	4812171	harbor1	chr1	4680329	4680465	LTR/ERVL-MaLR	1710	-	68	4680397	68226
chr1	4612171	4812171	harbor1	chr1	4686211	4686350	LTR/ERVL-MaLR	487	-	70	4686281	74110
chr1	4612171	4812171	harbor1	chr1	4693610	4693974	LTR/ERVL-MaLR	1420	-	182	4693792	81621
chr1	4612171	4812171	harbor1	chr1	4695542	4695886	LTR/ERVL-MaLR	1546	-	172	4695714	83543
chr1	4612171	4812171	harbor1	chr1	4669299	4669661	LTR/ERVL-MaLR	2503	-	181	4669480	57309
chr1	53370469	53570469	harbor1	chr1	53389511	53389720	LTR/ERVL-MaLR	1143	-	104	53389615	19146
chr1	53370469	53570469	harbor1	chr1	53389861	53389992	LTR/ERVL-MaLR	705	-	66	53389927	19458
chr1	53370469	53570469	harbor1	chr1	53391829	53392037	LTR/ERVL-MaLR	729	-	104	53391933	21464
chr1	53370469	53570469	harbor1	chr1	53392101	53392306	LTR/ERVL-MaLR	535	-	102	53392203	21734
chr1	53370469	53570469	harbor1	chr1	53404522	53404895	LTR/ERVL-MaLR	1573	-	186	53404708	34239
chr1	53370469	53570469	harbor1	chr1	53445875	53446277	LTR/ERVL-MaLR	2027	-	201	53446076	75607
chr1	204585523	204785523	harbor1	chr1	204590336	204590570	LTR/ERVL-MaLR	2283	-	117	204590453	4930
chr1	204585523	204785523	harbor1	chr1	204590870	204591047	LTR/ERVL-MaLR	2283	-	88	204590958	5435
chr1	204585523	204785523	harbor1	chr1	204640048	204640412	LTR/ERVL-MaLR	2210	-	182	204640230	54707
chr1	204585523	204785523	harbor1	chr1	204645610	204645978	LTR/ERVL-MaLR	2168	-	184	204645794	60271
chr1	204585523	204785523	harbor1	chr1	204675268	204675770	LTR/ERVL-MaLR	1924	-	251	204675519	89996
chr1	7134292	7334292	harbor1	chr1	7144058	7144494	LTR/ERVL-MaLR	1256	-	218	7144276	9984
chr1	7134292	7334292	harbor1	chr1	7176828	7176995	LTR/ERVL-MaLR	644	-	84	7176912	42620
chr1	7134292	7334292	harbor1	chr1	7183003	7183399	LTR/ERVL-MaLR	2051	-	198	7183201	48909
chr1	7134292	7334292	harbor1	chr1	7187895	7188264	LTR/ERVL-MaLR	2275	-	184	7188079	53787
chr1	7134292	7334292	harbor1	chr1	7215959	7216341	LTR/ERVL-MaLR	2260	-	191	7216150	81858
chr1	154961974	155161974	harbor1	chr1	155035466	155035626	LTR/ERVL-MaLR	529	-	80	155035546	73572
chr1	154961974	155161974	harbor1	chr1	155036066	155036226	LTR/ERVL-MaLR	631	-	80	155036146	74172
chr1	53370441	53570441	harbor1	chr1	53389511	53389720	LTR/ERVL-MaLR	1143	-	104	53389615	19174
chr1	53370441	53570441	harbor1	chr1	53389861	53389992	LTR/ERVL-MaLR	705	-	66	53389927	19486
chr1	53370441	53570441	harbor1	chr1	53391829	53392037	LTR/ERVL-MaLR	729	-	104	53391933	21492
chr1	53370441	53570441	harbor1	chr1	53392101	53392306	LTR/ERVL-MaLR	535	-	102	53392203	21762
chr1	53370441	53570441	harbor1	chr1	53404522	53404895	LTR/ERVL-MaLR	1573	-	186	53404708	34267
chr1	53370441	53570441	harbor1	chr1	53445875	53446277	LTR/ERVL-MaLR	2027	-	201	53446076	75635
chr1	16544898	16744898	harbor1	chr1	16598477	16598907	LTR/ERVL-MaLR	2564	-	215	16598692	53794
chr1	16544898	16744898	harbor1	chr1	16609362	16609473	LTR/ERVL-MaLR	434	-	56	16609418	64520
chr1	16619037	16819037	harbor1	chr1	16671507	16671858	LTR/ERVL-MaLR	2578	-	176	16671683	52646
chr1	117480253	117680253	harbor1	chr1	117481471	117481860	LTR/ERVL-MaLR	1170	-	194	117481665	1412
chr1	117480253	117680253	harbor1	chr1	117510955	117511322	LTR/ERVL-MaLR	2158	-	184	117511139	30886
chr1	117480253	117680253	harbor1	chr1	117529955	117530312	LTR/ERVL-MaLR	2577	-	178	117530133	49880
chr1	117480253	117680253	harbor1	chr1	117557352	117557847	LTR/ERVL-MaLR	1163	-	248	117557600	77347
chr1	117480253	117680253	harbor1	chr1	117557886	117558228	LTR/ERVL-MaLR	2159	-	171	117558057	77804
chr1	117480253	117680253	harbor1	chr1	117558229	117559888	LTR/ERVL-MaLR	11800	-	830	117559059	78806
chr1	117480253	117680253	harbor1	chr1	117559889	117560235	LTR/ERVL-MaLR	2104	-	173	117560062	79809
chr1	117480253	117680253	harbor1	chr1	117564495	117564725	LTR/ERVL-MaLR	537	-	115	117564610	84357
chr1	148850447	149050447	harbor1	chr1	148867838	148868266	LTR/ERVL-MaLR	986	-	214	148868052	17605
chr1	148850447	149050447	harbor1	chr1	148911570	148912065	LTR/ERVL-MaLR	1330	-	248	148911818	61371
chr1	148850447	149050447	harbor1	chr1	148937936	148938527	LTR/ERVL-MaLR	2120	-	296	148938232	87785
chr1	148850447	149050447	harbor1	chr1	148943736	148944061	LTR/ERVL-MaLR	1943	-	162	148943898	93451
chr1	16504004	16704004	harbor1	chr1	16537148	16537393	LTR/ERVL-MaLR	1152	-	122	16537270	33266
chr1	16504004	16704004	harbor1	chr1	16537571	16537922	LTR/ERVL-MaLR	2577	-	176	16537747	33743
chr1	16504004	16704004	harbor1	chr1	16598477	16598907	LTR/ERVL-MaLR	2564	-	215	16598692	94688
chr1	6601080	6801080	harbor1	chr1	6686375	6686736	LTR/ERVL-MaLR	1038	-	180	6686555	85475
chr1	16545023	16745023	harbor1	chr1	16598477	16598907	LTR/ERVL-MaLR	2564	-	215	16598692	53669
chr1	16545023	16745023	harbor1	chr1	16609362	16609473	LTR/ERVL-MaLR	434	-	56	16609418	64395
chr1	15330459	15530459	harbor1	chr1	15338164	15338623	LTR/ERVL-MaLR	1853	-	230	15338394	7935
chr1	15330459	15530459	harbor1	chr1	15340280	15340713	LTR/ERVL-MaLR	546	-	216	15340496	10037
chr1	15330459	15530459	harbor1	chr1	15363021	15363430	LTR/ERVL-MaLR	2368	-	204	15363225	32766
chr1	15330459	15530459	harbor1	chr1	15400310	15400500	LTR/ERVL-MaLR	721	-	95	15400405	69946
chr1	15330459	15530459	harbor1	chr1	15400711	15400928	LTR/ERVL-MaLR	721	-	108	15400819	70360
chr1	15330459	15530459	harbor1	chr1	15401101	15401237	LTR/ERVL-MaLR	450	-	68	15401169	70710
chr1	16267485	16467485	harbor1	chr1	16270157	16270339	LTR/ERVL-MaLR	971	-	91	16270248	2763
chr1	16267485	16467485	harbor1	chr1	16286238	16286605	LTR/ERVL-MaLR	2361	-	184	16286422	18937
chr1	16267485	16467485	harbor1	chr1	16302317	16302513	LTR/ERVL-MaLR	2251	-	98	16302415	34930
chr1	16267485	16467485	harbor1	chr1	16302810	16302986	LTR/ERVL-MaLR	2251	-	88	16302898	35413
chr1	53370472	53570472	harbor1	chr1	53389511	53389720	LTR/ERVL-MaLR	1143	-	104	53389615	19143
chr1	53370472	53570472	harbor1	chr1	53389861	53389992	LTR/ERVL-MaLR	705	-	66	53389927	19455
chr1	53370472	53570472	harbor1	chr1	53391829	53392037	LTR/ERVL-MaLR	729	-	104	53391933	21461
chr1	53370472	53570472	harbor1	chr1	53392101	53392306	LTR/ERVL-MaLR	535	-	102	53392203	21731
chr1	53370472	53570472	harbor1	chr1	53404522	53404895	LTR/ERVL-MaLR	1573	-	186	53404708	34236
chr1	53370472	53570472	harbor1	chr1	53445875	53446277	LTR/ERVL-MaLR	2027	-	201	53446076	75604
chr1	2138464	2338464	harbor1	chr1	2183543	2183905	LTR/ERVL-MaLR	896	-	181	2183724	45260
chr1	1729686	1929686	harbor1	chr1	1744215	1744636	LTR/ERVL-MaLR	1227	-	210	1744425	14739
chr1	2138502	2338502	harbor1	chr1	2183543	2183905	LTR/ERVL-MaLR	896	-	181	2183724	45222
chr1	16600695	16800695	harbor1	chr1	16609362	16609473	LTR/ERVL-MaLR	434	-	56	16609418	8723
chr1	16600695	16800695	harbor1	chr1	16671507	16671858	LTR/ERVL-MaLR	2578	-	176	16671683	70988
chr1	53189636	53389636	harbor1	chr1	53191929	53191997	LTR/ERVL-MaLR	526	-	34	53191963	2327
chr1	53189636	53389636	harbor1	chr1	53192371	53192628	LTR/ERVL-MaLR	1458	-	128	53192499	2863
chr1	16544545	16744545	harbor1	chr1	16598477	16598907	LTR/ERVL-MaLR	2564	-	215	16598692	54147
chr1	16544545	16744545	harbor1	chr1	16609362	16609473	LTR/ERVL-MaLR	434	-	56	16609418	64873
chr1	36753751	36953751	harbor1	chr1	36754320	36754693	LTR/ERVL-MaLR	652	-	186	36754506	755
chr1	36753751	36953751	harbor1	chr1	36758658	36758725	LTR/ERVL-MaLR	1562	-	34	36758692	4941
chr1	36753751	36953751	harbor1	chr1	36759471	36759955	LTR/ERVL-MaLR	1562	-	242	36759713	5962
chr1	36753751	36953751	harbor1	chr1	36764519	36764692	LTR/ERVL-MaLR	585	-	86	36764605	10854
chr1	36753751	36953751	harbor1	chr1	36773277	36773448	LTR/ERVL-MaLR	765	-	86	36773363	19612
chr1	94137807	94337807	harbor1	chr1	94194425	94194738	LTR/ERVL-MaLR	1114	-	156	94194581	56774
chr1	16543056	16743056	harbor1	chr1	16598477	16598907	LTR/ERVL-MaLR	2564	-	215	16598692	55636
chr1	16543056	16743056	harbor1	chr1	16609362	16609473	LTR/ERVL-MaLR	434	-	56	16609418	66362
chr1	229331834	229531834	harbor1	chr1	229344696	229344788	LTR/ERVL-MaLR	529	-	46	229344742	12908
chr1	229331834	229531834	harbor1	chr1	229345353	229345516	LTR/ERVL-MaLR	502	-	82	229345435	13601
chr1	229331834	229531834	harbor1	chr1	229351333	229351681	LTR/ERVL-MaLR	1506	-	174	229351507	19673
chr1	229331834	229531834	harbor1	chr1	229368112	229368534	LTR/ERVL-MaLR	1911	-	211	229368323	36489
chr1	229331834	229531834	harbor1	chr1	229376399	229376595	LTR/ERVL-MaLR	2098	-	98	229376497	44663
chr1	229331834	229531834	harbor1	chr1	229387580	229387777	LTR/ERVL-MaLR	951	-	98	229387678	55844
chr1	229331834	229531834	harbor1	chr1	229388193	229388341	LTR/ERVL-MaLR	777	-	74	229388267	56433
chr1	229331834	229531834	harbor1	chr1	229401808	229402236	LTR/ERVL-MaLR	1824	-	214	229402022	70188
chr1	229331834	229531834	harbor1	chr1	229375887	229376113	LTR/ERVL-MaLR	2098	-	113	229376000	44166
chr1	9589469	9789469	harbor1	chr1	9635344	9635696	LTR/ERVL-MaLR	477	-	176	9635520	46051
chr1	9589469	9789469	harbor1	chr1	9637533	9637685	LTR/ERVL-MaLR	603	-	76	9637609	48140
chr1	9589469	9789469	harbor1	chr1	9656966	9657350	LTR/ERVL-MaLR	913	-	192	9657158	67689
chr1	9589469	9789469	harbor1	chr1	9680798	9681157	LTR/ERVL-MaLR	1334	-	180	9680978	91509
chr1	9589469	9789469	harbor1	chr1	9683664	9684195	LTR/ERVL-MaLR	2381	-	266	9683930	94461
chr1	185216973	185416973	harbor1	chr1	185230239	185230613	LTR/ERVL-MaLR	1149	-	187	185230426	13453
chr1	185216973	185416973	harbor1	chr1	185248910	185249416	LTR/ERVL-MaLR	875	-	253	185249163	32190
chr1	185216973	185416973	harbor1	chr1	185249463	185250121	LTR/ERVL-MaLR	2177	-	329	185249792	32819
chr1	185216973	185416973	harbor1	chr1	185250270	185250419	LTR/ERVL-MaLR	660	-	74	185250344	33371
chr1	185216973	185416973	harbor1	chr1	185262556	185262775	LTR/ERVL-MaLR	1756	-	110	185262666	45693
chr1	185216973	185416973	harbor1	chr1	185263087	185263265	LTR/ERVL-MaLR	1756	-	89	185263176	46203
chr1	185216973	185416973	harbor1	chr1	185263808	185263953	LTR/ERVL-MaLR	767	-	72	185263880	46907
chr1	7267274	7467274	harbor1	chr1	7269013	7269583	LTR/ERVL-MaLR	1982	-	285	7269298	2024
chr1	7267274	7467274	harbor1	chr1	7287624	7288030	LTR/ERVL-MaLR	1153	-	203	7287827	20553
chr1	7267274	7467274	harbor1	chr1	7288867	7289264	LTR/ERVL-MaLR	2697	-	198	7289065	21791
chr1	7267274	7467274	harbor1	chr1	7295810	7296181	LTR/ERVL-MaLR	1424	-	186	7295996	28722
chr1	7267274	7467274	harbor1	chr1	7315593	7315863	LTR/ERVL-MaLR	1307	-	135	7315728	48454
chr1	7267274	7467274	harbor1	chr1	7315864	7316247	LTR/ERVL-MaLR	2273	-	192	7316056	48782
chr1	7267274	7467274	harbor1	chr1	7316248	7316420	LTR/ERVL-MaLR	1307	-	86	7316334	49060
chr1	7267274	7467274	harbor1	chr1	7338800	7339159	LTR/ERVL-MaLR	1991	-	180	7338980	71706
chr1	7267274	7467274	harbor1	chr1	7344147	7344470	LTR/ERVL-MaLR	710	-	162	7344309	77035
chr1	7267274	7467274	harbor1	chr1	7347528	7347983	LTR/ERVL-MaLR	1302	-	228	7347756	80482
chr1	7267274	7467274	harbor1	chr1	7349486	7349833	LTR/ERVL-MaLR	1356	-	174	7349660	82386
chr1	7267274	7467274	harbor1	chr1	7359849	7360269	LTR/ERVL-MaLR	2102	-	210	7360059	92785
chr1	7267274	7467274	harbor1	chr1	7364235	7364422	LTR/ERVL-MaLR	1027	-	94	7364329	97055
chr1	39855337	40055337	harbor1	chr1	39889035	39889098	LTR/ERVL-MaLR	601	-	32	39889067	33730
chr1	39855337	40055337	harbor1	chr1	39889402	39889561	LTR/ERVL-MaLR	601	-	80	39889482	34145
chr1	39855337	40055337	harbor1	chr1	39905286	39905649	LTR/ERVL-MaLR	2328	-	182	39905468	50131
chr1	39855337	40055337	harbor1	chr1	39951559	39951710	LTR/ERVL-MaLR	2204	-	76	39951635	96298
chr1	39855337	40055337	harbor1	chr1	39952012	39952260	LTR/ERVL-MaLR	2204	-	124	39952136	96799
chr1	157038008	157238008	harbor1	chr1	157061576	157061942	LTR/ERVL-MaLR	1755	-	183	157061759	23751
chr1	157038008	157238008	harbor1	chr1	157075945	157076186	LTR/ERVL-MaLR	494	-	120	157076065	38057
chr1	16517974	16717974	harbor1	chr1	16537148	16537393	LTR/ERVL-MaLR	1152	-	122	16537270	19296
chr1	16517974	16717974	harbor1	chr1	16537571	16537922	LTR/ERVL-MaLR	2577	-	176	16537747	19773
chr1	16517974	16717974	harbor1	chr1	16598477	16598907	LTR/ERVL-MaLR	2564	-	215	16598692	80718
chr1	16517974	16717974	harbor1	chr1	16609362	16609473	LTR/ERVL-MaLR	434	-	56	16609418	91444
chr1	43447553	43647553	harbor1	chr1	43486888	43487263	LTR/ERVL-MaLR	2702	-	188	43487076	39523
chr1	43447553	43647553	harbor1	chr1	43500639	43501204	LTR/ERVL-MaLR	599	-	282	43500921	53368
chr1	43447553	43647553	harbor1	chr1	43509079	43509212	LTR/ERVL-MaLR	614	-	66	43509145	61592
chr1	43447553	43647553	harbor1	chr1	43509434	43509471	LTR/ERVL-MaLR	614	-	18	43509452	61899
chr1	16490133	16690133	harbor1	chr1	16537148	16537393	LTR/ERVL-MaLR	1152	-	122	16537270	47137
chr1	16490133	16690133	harbor1	chr1	16537571	16537922	LTR/ERVL-MaLR	2577	-	176	16537747	47614
chr1	53370438	53570438	harbor1	chr1	53389511	53389720	LTR/ERVL-MaLR	1143	-	104	53389615	19177
chr1	53370438	53570438	harbor1	chr1	53389861	53389992	LTR/ERVL-MaLR	705	-	66	53389927	19489
chr1	53370438	53570438	harbor1	chr1	53391829	53392037	LTR/ERVL-MaLR	729	-	104	53391933	21495
chr1	53370438	53570438	harbor1	chr1	53392101	53392306	LTR/ERVL-MaLR	535	-	102	53392203	21765
chr1	53370438	53570438	harbor1	chr1	53404522	53404895	LTR/ERVL-MaLR	1573	-	186	53404708	34270
chr1	53370438	53570438	harbor1	chr1	53445875	53446277	LTR/ERVL-MaLR	2027	-	201	53446076	75638
chr1	2133810	2333810	harbor1	chr1	2136795	2136898	LTR/ERVL-MaLR	483	-	52	2136847	3037
chr1	2133810	2333810	harbor1	chr1	2137478	2137605	LTR/ERVL-MaLR	483	-	64	2137542	3732
chr1	2133810	2333810	harbor1	chr1	2183543	2183905	LTR/ERVL-MaLR	896	-	181	2183724	49914
chr1	2138449	2338449	harbor1	chr1	2183543	2183905	LTR/ERVL-MaLR	896	-	181	2183724	45275
chr1	154985135	155185135	harbor1	chr1	155035466	155035626	LTR/ERVL-MaLR	529	-	80	155035546	50411
chr1	154985135	155185135	harbor1	chr1	155036066	155036226	LTR/ERVL-MaLR	631	-	80	155036146	51011
chr1	92384641	92584641	harbor1	chr1	92385707	92386306	LTR/ERVL-MaLR	2406	-	300	92386007	1366
chr1	92384641	92584641	harbor1	chr1	92400827	92401204	LTR/ERVL-MaLR	2309	-	188	92401015	16374
chr1	722912	922912	harbor1	chr1	752224	752580	LTR/ERVL-MaLR	1428	-	178	752402	29490
chr1	722912	922912	harbor1	chr1	762854	763171	LTR/ERVL-MaLR	1537	-	158	763012	40100
chr1	204633771	204833771	harbor1	chr1	204640048	204640412	LTR/ERVL-MaLR	2210	-	182	204640230	6459
chr1	204633771	204833771	harbor1	chr1	204645610	204645978	LTR/ERVL-MaLR	2168	-	184	204645794	12023
chr1	204633771	204833771	harbor1	chr1	204675268	204675770	LTR/ERVL-MaLR	1924	-	251	204675519	41748
chr1	204633771	204833771	harbor1	chr1	204722318	204722674	LTR/ERVL-MaLR	1736	-	178	204722496	88725
chr1	47317003	47517003	harbor1	chr1	47357822	47357946	LTR/ERVL-MaLR	762	-	62	47357884	40881
chr1	47317003	47517003	harbor1	chr1	47390207	47390273	LTR/ERVL-MaLR	1892	-	33	47390240	73237
chr1	47317003	47517003	harbor1	chr1	47390577	47391046	LTR/ERVL-MaLR	1892	-	234	47390811	73808
chr1	47317003	47517003	harbor1	chr1	47397889	47397918	LTR/ERVL-MaLR	627	-	14	47397903	80900
chr1	47317003	47517003	harbor1	chr1	47398215	47398336	LTR/ERVL-MaLR	627	-	60	47398275	81272
chr1	47317003	47517003	harbor1	chr1	47399292	47399483	LTR/ERVL-MaLR	627	-	96	47399388	82385
chr1	47317003	47517003	harbor1	chr1	47403724	47403857	LTR/ERVL-MaLR	482	-	66	47403790	86787
chr1	47317003	47517003	harbor1	chr1	47398906	47398980	LTR/ERVL-MaLR	627	-	37	47398943	81940
chr1	15262474	15462474	harbor1	chr1	15279281	15279460	LTR/ERVL-MaLR	690	-	90	15279371	16897
chr1	15262474	15462474	harbor1	chr1	15279670	15279825	LTR/ERVL-MaLR	613	-	78	15279748	17274
chr1	15262474	15462474	harbor1	chr1	15287308	15287683	LTR/ERVL-MaLR	2561	-	188	15287496	25022
chr1	15262474	15462474	harbor1	chr1	15291571	15292000	LTR/ERVL-MaLR	1707	-	214	15291785	29311
chr1	15262474	15462474	harbor1	chr1	15297578	15297791	LTR/ERVL-MaLR	620	-	106	15297684	35210
chr1	15262474	15462474	harbor1	chr1	15298505	15298758	LTR/ERVL-MaLR	704	-	126	15298631	36157
chr1	15262474	15462474	harbor1	chr1	15310725	15310878	LTR/ERVL-MaLR	438	-	76	15310801	48327
chr1	15262474	15462474	harbor1	chr1	15311775	15312264	LTR/ERVL-MaLR	2271	-	244	15312019	49545
chr1	15262474	15462474	harbor1	chr1	15322832	15323185	LTR/ERVL-MaLR	2815	-	176	15323008	60534
chr1	15262474	15462474	harbor1	chr1	15338164	15338623	LTR/ERVL-MaLR	1853	-	230	15338394	75920
chr1	15262474	15462474	harbor1	chr1	15340280	15340713	LTR/ERVL-MaLR	546	-	216	15340496	78022
chr1	2152526	2352526	harbor1	chr1	2183543	2183905	LTR/ERVL-MaLR	896	-	181	2183724	31198
chr1	116052112	116252112	harbor1	chr1	116074105	116074257	LTR/ERVL-MaLR	662	-	76	116074181	22069
chr1	116052112	116252112	harbor1	chr1	116099133	116099513	LTR/ERVL-MaLR	1994	-	190	116099323	47211
chr1	92386045	92586045	harbor1	chr1	92385707	92386306	LTR/ERVL-MaLR	2406	-	300	92386007	38
chr1	92386045	92586045	harbor1	chr1	92400827	92401204	LTR/ERVL-MaLR	2309	-	188	92401015	14970
chr1	160897940	161097940	harbor1	chr1	160911946	160912440	LTR/ERVL-MaLR	2362	-	247	160912193	14253
chr1	160897940	161097940	harbor1	chr1	160917953	160918218	LTR/ERVL-MaLR	1796	-	132	160918085	20145
chr1	160897940	161097940	harbor1	chr1	160918499	160918676	LTR/ERVL-MaLR	1796	-	88	160918587	20647
chr1	160897940	161097940	harbor1	chr1	160930656	160930852	LTR/ERVL-MaLR	573	-	98	160930754	32814
chr1	160897940	161097940	harbor1	chr1	160931009	160931269	LTR/ERVL-MaLR	1162	-	130	160931139	33199
chr1	160897940	161097940	harbor1	chr1	160931971	160932304	LTR/ERVL-MaLR	581	-	166	160932137	34197
chr1	160897940	161097940	harbor1	chr1	160980735	160981094	LTR/ERVL-MaLR	2147	-	180	160980915	82975
chr1	194321308	194521308	harbor1	chr1	194336271	194336690	LTR/ERVL-MaLR	2188	-	210	194336481	15173
chr1	194321308	194521308	harbor1	chr1	194364944	194365300	LTR/ERVL-MaLR	2217	-	178	194365122	43814
chr1	194321308	194521308	harbor1	chr1	194378508	194378956	LTR/ERVL-MaLR	997	-	224	194378732	57424
chr1	194321308	194521308	harbor1	chr1	194385289	194385428	LTR/ERVL-MaLR	467	-	70	194385359	64051
chr1	194321308	194521308	harbor1	chr1	194412098	194412471	LTR/ERVL-MaLR	2061	-	186	194412284	90976
chr1	11520749	11720749	harbor1	chr1	11538156	11538583	LTR/ERVL-MaLR	1391	-	214	11538370	17621
chr1	11520749	11720749	harbor1	chr1	11543831	11544160	LTR/ERVL-MaLR	824	-	164	11543995	23246
chr1	11520749	11720749	harbor1	chr1	11545388	11545578	LTR/ERVL-MaLR	711	-	95	11545483	24734
chr1	11520749	11720749	harbor1	chr1	11555359	11555695	LTR/ERVL-MaLR	640	-	168	11555527	34778
chr1	11520749	11720749	harbor1	chr1	11580007	11580394	LTR/ERVL-MaLR	2374	-	194	11580201	59452
chr1	11520749	11720749	harbor1	chr1	11611650	11612104	LTR/ERVL-MaLR	652	-	227	11611877	91128
chr1	1071653	1271653	harbor1	chr1	1132633	1132986	LTR/ERVL-MaLR	606	-	176	1132809	61156
chr1	3055729	3255729	harbor1	chr1	3057913	3058344	LTR/ERVL-MaLR	1450	-	216	3058129	2400
chr1	3055729	3255729	harbor1	chr1	3103148	3103477	LTR/ERVL-MaLR	979	-	164	3103312	47583
chr1	29351447	29551447	harbor1	chr1	29352386	29352724	LTR/ERVL-MaLR	1559	-	169	29352555	1108
chr1	29351447	29551447	harbor1	chr1	29368268	29368669	LTR/ERVL-MaLR	1813	-	200	29368468	17021
chr1	29351447	29551447	harbor1	chr1	29385141	29385339	LTR/ERVL-MaLR	623	-	99	29385240	33793
chr1	29351447	29551447	harbor1	chr1	29386894	29387071	LTR/ERVL-MaLR	648	-	88	29386982	35535
chr1	29351447	29551447	harbor1	chr1	29388515	29388885	LTR/ERVL-MaLR	2680	-	185	29388700	37253
chr1	29351447	29551447	harbor1	chr1	29426139	29426616	LTR/ERVL-MaLR	940	-	238	29426377	74930
chr1	29351447	29551447	harbor1	chr1	29429800	29430203	LTR/ERVL-MaLR	2133	-	202	29430002	78555
chr1	29351447	29551447	harbor1	chr1	29432018	29432395	LTR/ERVL-MaLR	1907	-	188	29432206	80759
chr1	29351447	29551447	harbor1	chr1	29445805	29446299	LTR/ERVL-MaLR	814	-	247	29446052	94605
chr1	16544832	16744832	harbor1	chr1	16598477	16598907	LTR/ERVL-MaLR	2564	-	215	16598692	53860
chr1	16544832	16744832	harbor1	chr1	16609362	16609473	LTR/ERVL-MaLR	434	-	56	16609418	64586
chr1	1676051	1876051	harbor1	chr1	1690940	1691361	LTR/ERVL-MaLR	1220	-	210	1691150	15099
chr1	1676051	1876051	harbor1	chr1	1744215	1744636	LTR/ERVL-MaLR	1227	-	210	1744425	68374
chr1	20561106	20761106	harbor1	chr1	20584796	20585125	LTR/ERVL-MaLR	678	-	164	20584960	23854
chr1	20561106	20761106	harbor1	chr1	20598507	20598840	LTR/ERVL-MaLR	1553	-	166	20598673	37567
chr1	20561106	20761106	harbor1	chr1	20602723	20603037	LTR/ERVL-MaLR	1017	-	157	20602880	41774
chr1	20561106	20761106	harbor1	chr1	20603037	20603216	LTR/ERVL-MaLR	432	-	90	20603127	42021
chr1	20561106	20761106	harbor1	chr1	20603227	20603714	LTR/ERVL-MaLR	723	-	244	20603471	42365
chr1	20561106	20761106	harbor1	chr1	20604192	20604547	LTR/ERVL-MaLR	1820	-	178	20604370	43264
chr1	20561106	20761106	harbor1	chr1	20624257	20624761	LTR/ERVL-MaLR	1944	-	252	20624509	63403
chr1	20561106	20761106	harbor1	chr1	20629158	20629512	LTR/ERVL-MaLR	2619	-	177	20629335	68229
chr1	16625350	16825350	harbor1	chr1	16671507	16671858	LTR/ERVL-MaLR	2578	-	176	16671683	46333
chr1	201549223	201749223	harbor1	chr1	201554758	201555238	LTR/ERVL-MaLR	2183	-	240	201554998	5775
chr1	201549223	201749223	harbor1	chr1	201564647	201565133	LTR/ERVL-MaLR	1859	-	243	201564890	15667
chr1	201549223	201749223	harbor1	chr1	201586427	201586885	LTR/ERVL-MaLR	1156	-	229	201586656	37433
chr1	201549223	201749223	harbor1	chr1	201612107	201612168	LTR/ERVL-MaLR	1916	-	30	201612137	62914
chr1	201549223	201749223	harbor1	chr1	201612480	201612781	LTR/ERVL-MaLR	1916	-	150	201612630	63407
chr1	7552592	7752592	harbor1	chr1	7565736	7566113	LTR/ERVL-MaLR	1460	-	188	7565924	13332
chr1	7552592	7752592	harbor1	chr1	7571077	7571321	LTR/ERVL-MaLR	1138	-	122	7571199	18607
chr1	7552592	7752592	harbor1	chr1	7572663	7572793	LTR/ERVL-MaLR	661	-	65	7572728	20136
chr1	7552592	7752592	harbor1	chr1	7573444	7573755	LTR/ERVL-MaLR	753	-	156	7573600	21008
chr1	7552592	7752592	harbor1	chr1	7574057	7574099	LTR/ERVL-MaLR	753	-	21	7574078	21486
chr1	7552592	7752592	harbor1	chr1	7578603	7578939	LTR/ERVL-MaLR	1500	-	168	7578771	26179
chr1	7552592	7752592	harbor1	chr1	7582528	7582883	LTR/ERVL-MaLR	1006	-	178	7582706	30114
chr1	7552592	7752592	harbor1	chr1	7619230	7619601	LTR/ERVL-MaLR	577	-	186	7619416	66824
chr1	7552592	7752592	harbor1	chr1	7628023	7628400	LTR/ERVL-MaLR	606	-	188	7628211	75619
chr1	7552592	7752592	harbor1	chr1	7644414	7644788	LTR/ERVL-MaLR	1010	-	187	7644601	92009
chr1	152203804	152403804	harbor1	chr1	152252185	152252494	LTR/ERVL-MaLR	757	-	154	152252339	48535
chr1	152203804	152403804	harbor1	chr1	152253637	152253721	LTR/ERVL-MaLR	538	-	42	152253679	49875
chr1	152203804	152403804	harbor1	chr1	152271059	152271484	LTR/ERVL-MaLR	2512	-	212	152271271	67467
chr1	209543647	209743647	harbor1	chr1	209546660	209547124	LTR/ERVL-MaLR	1324	-	232	209546892	3245
chr1	209543647	209743647	harbor1	chr1	209554239	209554557	LTR/ERVL-MaLR	1212	-	159	209554398	10751
chr1	209543647	209743647	harbor1	chr1	209566829	209567200	LTR/ERVL-MaLR	2218	-	186	209567015	23368
chr1	209543647	209743647	harbor1	chr1	209570624	209571095	LTR/ERVL-MaLR	2840	-	236	209570860	27213
chr1	209543647	209743647	harbor1	chr1	209581674	209582024	LTR/ERVL-MaLR	1984	-	175	209581849	38202
chr1	209543647	209743647	harbor1	chr1	209598924	209599304	LTR/ERVL-MaLR	2276	-	190	209599114	55467
chr1	209543647	209743647	harbor1	chr1	209567579	209567919	LTR/ERVL-MaLR	753	-	170	209567749	24102
chr1	53846295	54046295	harbor1	chr1	53918036	53918148	LTR/ERVL-MaLR	630	-	56	53918092	71797
chr1	12393958	12593958	harbor1	chr1	12411584	12412083	LTR/ERVL-MaLR	1356	-	250	12411834	17876
chr1	12393958	12593958	harbor1	chr1	12419378	12419782	LTR/ERVL-MaLR	2484	-	202	12419580	25622
chr1	25516603	25716603	harbor1	chr1	25517117	25517465	LTR/ERVL-MaLR	968	-	174	25517291	688
chr1	25516603	25716603	harbor1	chr1	25525454	25525809	LTR/ERVL-MaLR	756	-	178	25525632	9029
chr1	25516603	25716603	harbor1	chr1	25539585	25539931	LTR/ERVL-MaLR	1676	-	173	25539758	23155
chr1	25516603	25716603	harbor1	chr1	25558400	25558875	LTR/ERVL-MaLR	1589	-	238	25558638	42035
chr1	25516603	25716603	harbor1	chr1	25579950	25580065	LTR/ERVL-MaLR	434	-	58	25580008	63405
chr1	25516603	25716603	harbor1	chr1	25608500	25608854	LTR/ERVL-MaLR	844	-	177	25608677	92074
chr1	44307706	44507706	harbor1	chr1	44338184	44338719	LTR/ERVL-MaLR	2948	-	268	44338452	30746
chr1	44307706	44507706	harbor1	chr1	44384030	44384367	LTR/ERVL-MaLR	1339	-	168	44384198	76492
chr1	110573752	110773752	harbor1	chr1	110581517	110582033	LTR/ERVL-MaLR	781	-	258	110581775	8023
chr1	110573752	110773752	harbor1	chr1	110589949	110590352	LTR/ERVL-MaLR	2236	-	202	110590151	16399
chr1	110021160	110221160	harbor1	chr1	110024413	110024634	LTR/ERVL-MaLR	1089	-	110	110024523	3363
chr1	110021160	110221160	harbor1	chr1	110033411	110033779	LTR/ERVL-MaLR	1233	-	184	110033595	12435
chr1	110021160	110221160	harbor1	chr1	110077007	110077526	LTR/ERVL-MaLR	2225	-	260	110077267	56107
chr1	110021160	110221160	harbor1	chr1	110115891	110116098	LTR/ERVL-MaLR	1696	-	104	110115995	94835
chr1	110021160	110221160	harbor1	chr1	110116390	110116543	LTR/ERVL-MaLR	1696	-	76	110116466	95306
chr1	110021160	110221160	harbor1	chr1	110118328	110118359	LTR/ERVL-MaLR	1071	-	16	110118344	97184
chr1	110021160	110221160	harbor1	chr1	110118603	110119107	LTR/ERVL-MaLR	1071	-	252	110118855	97695
chr1	41562092	41762092	harbor1	chr1	41593716	41594195	LTR/ERVL-MaLR	2312	-	240	41593956	31864
chr1	41562092	41762092	harbor1	chr1	41607956	41608114	LTR/ERVL-MaLR	444	-	79	41608035	45943
chr1	41562092	41762092	harbor1	chr1	41646743	41647255	LTR/ERVL-MaLR	1663	-	256	41646999	84907
chr1	53846285	54046285	harbor1	chr1	53918036	53918148	LTR/ERVL-MaLR	630	-	56	53918092	71807
chr1	2138477	2338477	harbor1	chr1	2183543	2183905	LTR/ERVL-MaLR	896	-	181	2183724	45247
chr1	16531613	16731613	harbor1	chr1	16537148	16537393	LTR/ERVL-MaLR	1152	-	122	16537270	5657
chr1	16531613	16731613	harbor1	chr1	16537571	16537922	LTR/ERVL-MaLR	2577	-	176	16537747	6134
chr1	16531613	16731613	harbor1	chr1	16598477	16598907	LTR/ERVL-MaLR	2564	-	215	16598692	67079
chr1	16531613	16731613	harbor1	chr1	16609362	16609473	LTR/ERVL-MaLR	434	-	56	16609418	77805
chr1	678890	878890	harbor1	chr1	698442	698799	LTR/ERVL-MaLR	1805	-	178	698620	19730
chr1	678890	878890	harbor1	chr1	698800	700363	LTR/ERVL-MaLR	11013	-	782	699582	20692
chr1	678890	878890	harbor1	chr1	700364	700723	LTR/ERVL-MaLR	1952	-	180	700544	21654
chr1	678890	878890	harbor1	chr1	710553	710933	LTR/ERVL-MaLR	2131	-	190	710743	31853
chr1	678890	878890	harbor1	chr1	752224	752580	LTR/ERVL-MaLR	1428	-	178	752402	73512
chr1	678890	878890	harbor1	chr1	762854	763171	LTR/ERVL-MaLR	1537	-	158	763012	84122
chr1	16542818	16742818	harbor1	chr1	16598477	16598907	LTR/ERVL-MaLR	2564	-	215	16598692	55874
chr1	16542818	16742818	harbor1	chr1	16609362	16609473	LTR/ERVL-MaLR	434	-	56	16609418	66600
chr1	16543037	16743037	harbor1	chr1	16598477	16598907	LTR/ERVL-MaLR	2564	-	215	16598692	55655
chr1	16543037	16743037	harbor1	chr1	16609362	16609473	LTR/ERVL-MaLR	434	-	56	16609418	66381
chr1	53312624	53512624	harbor1	chr1	53332843	53333375	LTR/ERVL-MaLR	2788	-	266	53333109	20485
chr1	53312624	53512624	harbor1	chr1	53347157	53347244	LTR/ERVL-MaLR	607	-	44	53347201	34577
chr1	53312624	53512624	harbor1	chr1	53347561	53347648	LTR/ERVL-MaLR	621	-	44	53347605	34981
chr1	53312624	53512624	harbor1	chr1	53365915	53366103	LTR/ERVL-MaLR	669	-	94	53366009	53385
chr1	53312624	53512624	harbor1	chr1	53366413	53366481	LTR/ERVL-MaLR	693	-	34	53366447	53823
chr1	53312624	53512624	harbor1	chr1	53366805	53366994	LTR/ERVL-MaLR	693	-	94	53366899	54275
chr1	53312624	53512624	harbor1	chr1	53389511	53389720	LTR/ERVL-MaLR	1143	-	104	53389615	76991
chr1	53312624	53512624	harbor1	chr1	53389861	53389992	LTR/ERVL-MaLR	705	-	66	53389927	77303
chr1	53312624	53512624	harbor1	chr1	53391829	53392037	LTR/ERVL-MaLR	729	-	104	53391933	79309
chr1	53312624	53512624	harbor1	chr1	53392101	53392306	LTR/ERVL-MaLR	535	-	102	53392203	79579
chr1	53312624	53512624	harbor1	chr1	53404522	53404895	LTR/ERVL-MaLR	1573	-	186	53404708	92084
chr1	1676022	1876022	harbor1	chr1	1690940	1691361	LTR/ERVL-MaLR	1220	-	210	1691150	15128
chr1	1676022	1876022	harbor1	chr1	1744215	1744636	LTR/ERVL-MaLR	1227	-	210	1744425	68403
chr1	31913327	32113327	harbor1	chr1	31981819	31982136	LTR/ERVL-MaLR	870	-	158	31981977	68650
chr1	16544840	16744840	harbor1	chr1	16598477	16598907	LTR/ERVL-MaLR	2564	-	215	16598692	53852
chr1	16544840	16744840	harbor1	chr1	16609362	16609473	LTR/ERVL-MaLR	434	-	56	16609418	64578
chr1	19565193	19765193	harbor1	chr1	19587901	19588249	LTR/ERVL-MaLR	1662	-	174	19588075	22882
chr1	19565193	19765193	harbor1	chr1	19588559	19588575	LTR/ERVL-MaLR	1662	-	8	19588567	23374
chr1	19565193	19765193	harbor1	chr1	19588888	19588981	LTR/ERVL-MaLR	1662	-	46	19588934	23741
chr1	19565193	19765193	harbor1	chr1	19636234	19636340	LTR/ERVL-MaLR	472	-	53	19636287	71094
chr1	6685532	6885532	harbor1	chr1	6686375	6686736	LTR/ERVL-MaLR	1038	-	180	6686555	1023
chr1	6685532	6885532	harbor1	chr1	6717019	6717234	LTR/ERVL-MaLR	1089	-	108	6717127	31595
chr1	6685532	6885532	harbor1	chr1	6724049	6724433	LTR/ERVL-MaLR	2517	-	192	6724241	38709
chr1	6685532	6885532	harbor1	chr1	6737025	6737100	LTR/ERVL-MaLR	608	-	38	6737063	51531
chr1	6685532	6885532	harbor1	chr1	6737414	6737571	LTR/ERVL-MaLR	608	-	78	6737492	51960
chr1	6685532	6885532	harbor1	chr1	6741378	6741814	LTR/ERVL-MaLR	2023	-	218	6741596	56064
chr1	6685532	6885532	harbor1	chr1	6742126	6742218	LTR/ERVL-MaLR	2023	-	46	6742172	56640
chr1	22610011	22810011	harbor1	chr1	22682056	22682305	LTR/ERVL-MaLR	891	-	124	22682180	72169
chr1	22610011	22810011	harbor1	chr1	22693650	22694184	LTR/ERVL-MaLR	2357	-	267	22693917	83906
chr1	6685524	6885524	harbor1	chr1	6686375	6686736	LTR/ERVL-MaLR	1038	-	180	6686555	1031
chr1	6685524	6885524	harbor1	chr1	6717019	6717234	LTR/ERVL-MaLR	1089	-	108	6717127	31603
chr1	6685524	6885524	harbor1	chr1	6724049	6724433	LTR/ERVL-MaLR	2517	-	192	6724241	38717
chr1	6685524	6885524	harbor1	chr1	6737025	6737100	LTR/ERVL-MaLR	608	-	38	6737063	51539
chr1	6685524	6885524	harbor1	chr1	6737414	6737571	LTR/ERVL-MaLR	608	-	78	6737492	51968
chr1	6685524	6885524	harbor1	chr1	6741378	6741814	LTR/ERVL-MaLR	2023	-	218	6741596	56072
chr1	6685524	6885524	harbor1	chr1	6742126	6742218	LTR/ERVL-MaLR	2023	-	46	6742172	56648
chr1	22450678	22650678	harbor1	chr1	22496578	22496786	LTR/ERVL-MaLR	579	-	104	22496682	46004
chr1	22450678	22650678	harbor1	chr1	22498929	22499446	LTR/ERVL-MaLR	2194	-	258	22499187	48509
chr1	22450678	22650678	harbor1	chr1	22515356	22515814	LTR/ERVL-MaLR	2240	-	229	22515585	64907
chr1	5847916	6047916	harbor1	chr1	5852313	5852676	LTR/ERVL-MaLR	566	-	182	5852495	4579
chr1	5847916	6047916	harbor1	chr1	5853882	5854254	LTR/ERVL-MaLR	2425	-	186	5854068	6152
chr1	5847916	6047916	harbor1	chr1	5856575	5856988	LTR/ERVL-MaLR	1253	-	206	5856781	8865
chr1	26595914	26795914	harbor1	chr1	26639289	26639457	LTR/ERVL-MaLR	572	-	84	26639373	43459
chr1	26595914	26795914	harbor1	chr1	26639782	26640143	LTR/ERVL-MaLR	572	-	180	26639962	44048
chr1	206378216	206578216	harbor1	chr1	206402523	206402835	LTR/ERVL-MaLR	438	-	156	206402679	24463
chr1	207902897	208102897	harbor1	chr1	207933439	207933989	LTR/ERVL-MaLR	1030	-	275	207933714	30817
chr1	207902897	208102897	harbor1	chr1	207953905	207954536	LTR/ERVL-MaLR	2093	-	316	207954221	51324
chr1	207902897	208102897	harbor1	chr1	207956605	207957037	LTR/ERVL-MaLR	1143	-	216	207956821	53924
chr1	207902897	208102897	harbor1	chr1	207961241	207961679	LTR/ERVL-MaLR	1745	-	219	207961460	58563
chr1	207902897	208102897	harbor1	chr1	207969582	207969815	LTR/ERVL-MaLR	828	-	116	207969698	66801
chr1	207902897	208102897	harbor1	chr1	208000532	208000870	LTR/ERVL-MaLR	1418	-	169	208000701	97804
chr1	207902897	208102897	harbor1	chr1	207978449	207978895	LTR/ERVL-MaLR	2339	-	223	207978672	75775
chr1	16544915	16744915	harbor1	chr1	16598477	16598907	LTR/ERVL-MaLR	2564	-	215	16598692	53777
chr1	16544915	16744915	harbor1	chr1	16609362	16609473	LTR/ERVL-MaLR	434	-	56	16609418	64503
chr1	16625248	16825248	harbor1	chr1	16671507	16671858	LTR/ERVL-MaLR	2578	-	176	16671683	46435
chr1	14850144	15050144	harbor1	chr1	14854352	14854799	LTR/ERVL-MaLR	2677	-	224	14854576	4432
chr1	14850144	15050144	harbor1	chr1	14877312	14877523	LTR/ERVL-MaLR	502	-	106	14877418	27274
chr1	14850144	15050144	harbor1	chr1	14880421	14880890	LTR/ERVL-MaLR	1412	-	234	14880655	30511
chr1	14850144	15050144	harbor1	chr1	14888682	14888912	LTR/ERVL-MaLR	1193	-	115	14888797	38653
chr1	14850144	15050144	harbor1	chr1	14889132	14889287	LTR/ERVL-MaLR	1193	-	78	14889210	39066
chr1	14850144	15050144	harbor1	chr1	14948156	14948650	LTR/ERVL-MaLR	688	-	247	14948403	98259
chr1	9589463	9789463	harbor1	chr1	9635344	9635696	LTR/ERVL-MaLR	477	-	176	9635520	46057
chr1	9589463	9789463	harbor1	chr1	9637533	9637685	LTR/ERVL-MaLR	603	-	76	9637609	48146
chr1	9589463	9789463	harbor1	chr1	9656966	9657350	LTR/ERVL-MaLR	913	-	192	9657158	67695
chr1	9589463	9789463	harbor1	chr1	9680798	9681157	LTR/ERVL-MaLR	1334	-	180	9680978	91515
chr1	9589463	9789463	harbor1	chr1	9683664	9684195	LTR/ERVL-MaLR	2381	-	266	9683930	94467
chr1	2138444	2338444	harbor1	chr1	2183543	2183905	LTR/ERVL-MaLR	896	-	181	2183724	45280
chr1	202249009	202449009	harbor1	chr1	202285761	202286216	LTR/ERVL-MaLR	1708	-	228	202285989	36980
chr1	202249009	202449009	harbor1	chr1	202294334	202294818	LTR/ERVL-MaLR	860	-	242	202294576	45567
chr1	202249009	202449009	harbor1	chr1	202316129	202316556	LTR/ERVL-MaLR	2057	-	214	202316343	67334
chr1	202249009	202449009	harbor1	chr1	202324585	202324998	LTR/ERVL-MaLR	808	-	206	202324791	75782
chr1	2138411	2338411	harbor1	chr1	2183543	2183905	LTR/ERVL-MaLR	896	-	181	2183724	45313
chr1	210684182	210884182	harbor1	chr1	210732585	210732936	LTR/ERVL-MaLR	2000	-	176	210732761	48579
chr1	210684182	210884182	harbor1	chr1	210760567	210760936	LTR/ERVL-MaLR	2004	-	184	210760751	76569
chr1	244605824	244805824	harbor1	chr1	244616403	244616788	LTR/ERVL-MaLR	1750	-	192	244616595	10771
chr1	244605824	244805824	harbor1	chr1	244651379	244651808	LTR/ERVL-MaLR	713	-	214	244651593	45769
chr1	244605824	244805824	harbor1	chr1	244657531	244657869	LTR/ERVL-MaLR	691	-	169	244657700	51876
chr1	244605824	244805824	harbor1	chr1	244659255	244659803	LTR/ERVL-MaLR	2500	-	274	244659529	53705
chr1	244605824	244805824	harbor1	chr1	244666746	244667089	LTR/ERVL-MaLR	2707	-	172	244666918	61094
chr1	244605824	244805824	harbor1	chr1	244667090	244667466	LTR/ERVL-MaLR	2992	-	188	244667278	61454
chr1	244605824	244805824	harbor1	chr1	244694949	244695320	LTR/ERVL-MaLR	596	-	186	244695135	89311
chr1	201325164	201525164	harbor1	chr1	201401334	201401734	LTR/ERVL-MaLR	744	-	200	201401534	76370
chr1	3055668	3255668	harbor1	chr1	3057913	3058344	LTR/ERVL-MaLR	1450	-	216	3058129	2461
chr1	3055668	3255668	harbor1	chr1	3103148	3103477	LTR/ERVL-MaLR	979	-	164	3103312	47644
chr1	16544904	16744904	harbor1	chr1	16598477	16598907	LTR/ERVL-MaLR	2564	-	215	16598692	53788
chr1	16544904	16744904	harbor1	chr1	16609362	16609473	LTR/ERVL-MaLR	434	-	56	16609418	64514
chr1	52827225	53027225	harbor1	chr1	52878126	52878585	LTR/ERVL-MaLR	1068	-	230	52878356	51131
chr1	52827225	53027225	harbor1	chr1	52922720	52922996	LTR/ERVL-MaLR	1354	-	138	52922858	95633
chr1	2138621	2338621	harbor1	chr1	2183543	2183905	LTR/ERVL-MaLR	896	-	181	2183724	45103
chr1	16544923	16744923	harbor1	chr1	16598477	16598907	LTR/ERVL-MaLR	2564	-	215	16598692	53769
chr1	16544923	16744923	harbor1	chr1	16609362	16609473	LTR/ERVL-MaLR	434	-	56	16609418	64495
chr1	2126800	2326800	harbor1	chr1	2136795	2136898	LTR/ERVL-MaLR	483	-	52	2136847	10047
chr1	2126800	2326800	harbor1	chr1	2137478	2137605	LTR/ERVL-MaLR	483	-	64	2137542	10742
chr1	2126800	2326800	harbor1	chr1	2183543	2183905	LTR/ERVL-MaLR	896	-	181	2183724	56924
chr1	6685486	6885486	harbor1	chr1	6686375	6686736	LTR/ERVL-MaLR	1038	-	180	6686555	1069
chr1	6685486	6885486	harbor1	chr1	6717019	6717234	LTR/ERVL-MaLR	1089	-	108	6717127	31641
chr1	6685486	6885486	harbor1	chr1	6724049	6724433	LTR/ERVL-MaLR	2517	-	192	6724241	38755
chr1	6685486	6885486	harbor1	chr1	6737025	6737100	LTR/ERVL-MaLR	608	-	38	6737063	51577
chr1	6685486	6885486	harbor1	chr1	6737414	6737571	LTR/ERVL-MaLR	608	-	78	6737492	52006
chr1	6685486	6885486	harbor1	chr1	6741378	6741814	LTR/ERVL-MaLR	2023	-	218	6741596	56110
chr1	6685486	6885486	harbor1	chr1	6742126	6742218	LTR/ERVL-MaLR	2023	-	46	6742172	56686
chr1	226785705	226985705	harbor1	chr1	226791261	226791526	LTR/ERVL-MaLR	970	-	132	226791393	5688
chr1	226785705	226985705	harbor1	chr1	226817180	226817577	LTR/ERVL-MaLR	1204	-	198	226817378	31673
chr1	226785705	226985705	harbor1	chr1	226817881	226818020	LTR/ERVL-MaLR	1204	-	70	226817951	32246
chr1	226785705	226985705	harbor1	chr1	226822034	226822189	LTR/ERVL-MaLR	596	-	78	226822112	36407
chr1	226785705	226985705	harbor1	chr1	226822632	226823099	LTR/ERVL-MaLR	2326	-	234	226822866	37161
chr1	226785705	226985705	harbor1	chr1	226861364	226861861	LTR/ERVL-MaLR	1864	-	248	226861612	75907
chr1	226785705	226985705	harbor1	chr1	226862011	226862414	LTR/ERVL-MaLR	1506	-	202	226862213	76508
chr1	226785705	226985705	harbor1	chr1	226864099	226864403	LTR/ERVL-MaLR	802	-	152	226864251	78546
chr1	1676052	1876052	harbor1	chr1	1690940	1691361	LTR/ERVL-MaLR	1220	-	210	1691150	15098
chr1	1676052	1876052	harbor1	chr1	1744215	1744636	LTR/ERVL-MaLR	1227	-	210	1744425	68373
chr1	202013163	202213163	harbor1	chr1	202060121	202060200	LTR/ERVL-MaLR	1429	-	40	202060161	46998
chr1	202013163	202213163	harbor1	chr1	202060789	202061117	LTR/ERVL-MaLR	1429	-	164	202060953	47790
chr1	161447394	161647394	harbor1	chr1	161520161	161520536	LTR/ERVL-MaLR	2333	-	188	161520349	72955
chr1	16544980	16744980	harbor1	chr1	16598477	16598907	LTR/ERVL-MaLR	2564	-	215	16598692	53712
chr1	16544980	16744980	harbor1	chr1	16609362	16609473	LTR/ERVL-MaLR	434	-	56	16609418	64438
chr1	16544958	16744958	harbor1	chr1	16598477	16598907	LTR/ERVL-MaLR	2564	-	215	16598692	53734
chr1	16544958	16744958	harbor1	chr1	16609362	16609473	LTR/ERVL-MaLR	434	-	56	16609418	64460
chr1	22502734	22702734	harbor1	chr1	22515356	22515814	LTR/ERVL-MaLR	2240	-	229	22515585	12851
chr1	46294443	46494443	harbor1	chr1	46322162	46322339	LTR/ERVL-MaLR	1000	-	88	46322250	27807
chr1	46294443	46494443	harbor1	chr1	46322641	46322675	LTR/ERVL-MaLR	1000	-	17	46322658	28215
chr1	46294443	46494443	harbor1	chr1	46350630	46350789	LTR/ERVL-MaLR	611	-	80	46350710	56267
chr1	46294443	46494443	harbor1	chr1	46350875	46351084	LTR/ERVL-MaLR	792	-	104	46350979	56536
chr1	46294443	46494443	harbor1	chr1	46351358	46351476	LTR/ERVL-MaLR	792	-	59	46351417	56974
chr1	46294443	46494443	harbor1	chr1	46371740	46372032	LTR/ERVL-MaLR	1586	-	146	46371886	77443
chr1	46294443	46494443	harbor1	chr1	46372033	46372134	LTR/ERVL-MaLR	2684	-	50	46372083	77640
chr1	46294443	46494443	harbor1	chr1	46372443	46372713	LTR/ERVL-MaLR	2684	-	135	46372578	78135
chr1	46294443	46494443	harbor1	chr1	46373021	46373367	LTR/ERVL-MaLR	2684	-	173	46373194	78751
chr1	46294443	46494443	harbor1	chr1	46373370	46373850	LTR/ERVL-MaLR	2257	-	240	46373610	79167
chr1	46294443	46494443	harbor1	chr1	46378627	46379131	LTR/ERVL-MaLR	1639	-	252	46378879	84436
chr1	46294443	46494443	harbor1	chr1	46379645	46380004	LTR/ERVL-MaLR	1558	-	180	46379825	85382
chr1	185628149	185828149	harbor1	chr1	185633407	185633761	LTR/ERVL-MaLR	674	-	177	185633584	5435
chr1	185628149	185828149	harbor1	chr1	185660004	185660306	LTR/ERVL-MaLR	1889	-	151	185660155	32006
chr1	185628149	185828149	harbor1	chr1	185660348	185660575	LTR/ERVL-MaLR	1889	-	114	185660462	32313
chr1	185628149	185828149	harbor1	chr1	185666043	185666496	LTR/ERVL-MaLR	1955	-	226	185666269	38120
chr1	185628149	185828149	harbor1	chr1	185672896	185673243	LTR/ERVL-MaLR	1324	-	174	185673070	44921
chr1	185628149	185828149	harbor1	chr1	185683575	185683757	LTR/ERVL-MaLR	1050	-	91	185683666	55517
chr1	185628149	185828149	harbor1	chr1	185706750	185707198	LTR/ERVL-MaLR	1789	-	224	185706974	78825
chr1	185628149	185828149	harbor1	chr1	185714651	185715161	LTR/ERVL-MaLR	1770	-	255	185714906	86757
chr1	2138117	2338117	harbor1	chr1	2183543	2183905	LTR/ERVL-MaLR	896	-	181	2183724	45607
chr1	3141190	3341190	harbor1	chr1	3159276	3159654	LTR/ERVL-MaLR	1840	-	189	3159465	18275
chr1	3141190	3341190	harbor1	chr1	3163523	3163893	LTR/ERVL-MaLR	936	-	185	3163708	22518
chr1	3141190	3341190	harbor1	chr1	3173983	3174404	LTR/ERVL-MaLR	1146	-	210	3174193	33003
chr1	3141190	3341190	harbor1	chr1	3203495	3203858	LTR/ERVL-MaLR	957	-	182	3203677	62487
chr1	929831	1129831	harbor1	chr1	989509	989864	LTR/ERVL-MaLR	1673	-	178	989687	59856
chr1	230940507	231140507	harbor1	chr1	231011896	231012174	LTR/ERVL-MaLR	1464	-	139	231012035	71528
chr1	230940507	231140507	harbor1	chr1	231012513	231012691	LTR/ERVL-MaLR	1464	-	89	231012602	72095
chr1	245603537	245803537	harbor1	chr1	245603354	245603884	LTR/ERVL-MaLR	1161	-	265	245603619	82
chr1	245603537	245803537	harbor1	chr1	245644812	245645192	LTR/ERVL-MaLR	2269	-	190	245645002	41465
chr1	245603537	245803537	harbor1	chr1	245645255	245645321	LTR/ERVL-MaLR	499	-	33	245645288	41751
chr1	201549188	201749188	harbor1	chr1	201554758	201555238	LTR/ERVL-MaLR	2183	-	240	201554998	5810
chr1	201549188	201749188	harbor1	chr1	201564647	201565133	LTR/ERVL-MaLR	1859	-	243	201564890	15702
chr1	201549188	201749188	harbor1	chr1	201586427	201586885	LTR/ERVL-MaLR	1156	-	229	201586656	37468
chr1	201549188	201749188	harbor1	chr1	201612107	201612168	LTR/ERVL-MaLR	1916	-	30	201612137	62949
chr1	201549188	201749188	harbor1	chr1	201612480	201612781	LTR/ERVL-MaLR	1916	-	150	201612630	63442
chr1	31972901	32172901	harbor1	chr1	31981819	31982136	LTR/ERVL-MaLR	870	-	158	31981977	9076
chr1	31972901	32172901	harbor1	chr1	32067069	32067121	LTR/ERVL-MaLR	1104	-	26	32067095	94194
chr1	31972901	32172901	harbor1	chr1	32068579	32068598	LTR/ERVL-MaLR	1104	-	10	32068589	95688
chr1	31972901	32172901	harbor1	chr1	32068848	32069260	LTR/ERVL-MaLR	1104	-	206	32069054	96153
chr1	10857681	11057681	harbor1	chr1	10891165	10891517	LTR/ERVL-MaLR	1028	-	176	10891341	33660
chr1	10857681	11057681	harbor1	chr1	10913530	10914108	LTR/ERVL-MaLR	1900	-	289	10913819	56138
chr1	10857681	11057681	harbor1	chr1	10928820	10928996	LTR/ERVL-MaLR	726	-	88	10928908	71227
chr1	53312611	53512611	harbor1	chr1	53332843	53333375	LTR/ERVL-MaLR	2788	-	266	53333109	20498
chr1	53312611	53512611	harbor1	chr1	53347157	53347244	LTR/ERVL-MaLR	607	-	44	53347201	34590
chr1	53312611	53512611	harbor1	chr1	53347561	53347648	LTR/ERVL-MaLR	621	-	44	53347605	34994
chr1	53312611	53512611	harbor1	chr1	53365915	53366103	LTR/ERVL-MaLR	669	-	94	53366009	53398
chr1	53312611	53512611	harbor1	chr1	53366413	53366481	LTR/ERVL-MaLR	693	-	34	53366447	53836
chr1	53312611	53512611	harbor1	chr1	53366805	53366994	LTR/ERVL-MaLR	693	-	94	53366899	54288
chr1	53312611	53512611	harbor1	chr1	53389511	53389720	LTR/ERVL-MaLR	1143	-	104	53389615	77004
chr1	53312611	53512611	harbor1	chr1	53389861	53389992	LTR/ERVL-MaLR	705	-	66	53389927	77316
chr1	53312611	53512611	harbor1	chr1	53391829	53392037	LTR/ERVL-MaLR	729	-	104	53391933	79322
chr1	53312611	53512611	harbor1	chr1	53392101	53392306	LTR/ERVL-MaLR	535	-	102	53392203	79592
chr1	53312611	53512611	harbor1	chr1	53404522	53404895	LTR/ERVL-MaLR	1573	-	186	53404708	92097
chr1	2138491	2338491	harbor1	chr1	2183543	2183905	LTR/ERVL-MaLR	896	-	181	2183724	45233
chr1	15734386	15934386	harbor1	chr1	15740009	15740278	LTR/ERVL-MaLR	1963	-	134	15740143	5757
chr1	15734386	15934386	harbor1	chr1	15740578	15740696	LTR/ERVL-MaLR	1963	-	59	15740637	6251
chr1	15734386	15934386	harbor1	chr1	15750908	15751099	LTR/ERVL-MaLR	604	-	96	15751004	16618
chr1	15734386	15934386	harbor1	chr1	15751082	15751348	LTR/ERVL-MaLR	467	-	133	15751215	16829
chr1	15734386	15934386	harbor1	chr1	15770739	15770921	LTR/ERVL-MaLR	1460	-	91	15770830	36444
chr1	15734386	15934386	harbor1	chr1	15771546	15771822	LTR/ERVL-MaLR	1460	-	138	15771684	37298
chr1	15734386	15934386	harbor1	chr1	15777448	15777572	LTR/ERVL-MaLR	584	-	62	15777510	43124
chr1	15734386	15934386	harbor1	chr1	15777873	15778134	LTR/ERVL-MaLR	649	-	130	15778003	43617
chr1	2138400	2338400	harbor1	chr1	2183543	2183905	LTR/ERVL-MaLR	896	-	181	2183724	45324
chr1	7925872	8125872	harbor1	chr1	7996627	7997030	LTR/ERVL-MaLR	2151	-	202	7996829	70957
chr1	7925872	8125872	harbor1	chr1	7998671	7998867	LTR/ERVL-MaLR	1589	-	98	7998769	72897
chr1	7925872	8125872	harbor1	chr1	7999169	7999327	LTR/ERVL-MaLR	1589	-	79	7999248	73376
chr1	2138451	2338451	harbor1	chr1	2183543	2183905	LTR/ERVL-MaLR	896	-	181	2183724	45273
chr1	27266079	27466079	harbor1	chr1	27324613	27325008	LTR/ERVL-MaLR	2204	-	198	27324811	58732
chr1	27266079	27466079	harbor1	chr1	27333393	27333737	LTR/ERVL-MaLR	1964	-	172	27333565	67486
chr1	206972503	207172503	harbor1	chr1	206981410	206981836	LTR/ERVL-MaLR	1913	-	213	206981623	9120
chr1	206972503	207172503	harbor1	chr1	206990959	206991405	LTR/ERVL-MaLR	1963	-	223	206991182	18679
chr1	206972503	207172503	harbor1	chr1	207007738	207008102	LTR/ERVL-MaLR	2059	-	182	207007920	35417
chr1	206972503	207172503	harbor1	chr1	207035304	207035376	LTR/ERVL-MaLR	1210	-	36	207035340	62837
chr1	206972503	207172503	harbor1	chr1	207035683	207035861	LTR/ERVL-MaLR	1210	-	89	207035772	63269
chr1	206972503	207172503	harbor1	chr1	207035967	207036209	LTR/ERVL-MaLR	984	-	121	207036088	63585
chr1	25516631	25716631	harbor1	chr1	25517117	25517465	LTR/ERVL-MaLR	968	-	174	25517291	660
chr1	25516631	25716631	harbor1	chr1	25525454	25525809	LTR/ERVL-MaLR	756	-	178	25525632	9001
chr1	25516631	25716631	harbor1	chr1	25539585	25539931	LTR/ERVL-MaLR	1676	-	173	25539758	23127
chr1	25516631	25716631	harbor1	chr1	25558400	25558875	LTR/ERVL-MaLR	1589	-	238	25558638	42007
chr1	25516631	25716631	harbor1	chr1	25579950	25580065	LTR/ERVL-MaLR	434	-	58	25580008	63377
chr1	25516631	25716631	harbor1	chr1	25608500	25608854	LTR/ERVL-MaLR	844	-	177	25608677	92046
chr1	65574334	65774334	harbor1	chr1	65581296	65581650	LTR/ERVL-MaLR	1173	-	177	65581473	7139
chr1	65574334	65774334	harbor1	chr1	65581630	65582138	LTR/ERVL-MaLR	2507	-	254	65581884	7550
chr1	65574334	65774334	harbor1	chr1	65582139	65582537	LTR/ERVL-MaLR	1492	-	199	65582338	8004
chr1	65574334	65774334	harbor1	chr1	65650167	65650496	LTR/ERVL-MaLR	1557	-	164	65650331	75997
chr1	65574334	65774334	harbor1	chr1	65660833	65661184	LTR/ERVL-MaLR	2373	-	176	65661009	86675
chr1	65574334	65774334	harbor1	chr1	65668028	65668615	LTR/ERVL-MaLR	1693	-	294	65668322	93988
chr1	16544749	16744749	harbor1	chr1	16598477	16598907	LTR/ERVL-MaLR	2564	-	215	16598692	53943
chr1	16544749	16744749	harbor1	chr1	16609362	16609473	LTR/ERVL-MaLR	434	-	56	16609418	64669
chr1	230539098	230739098	harbor1	chr1	230558035	230558399	LTR/ERVL-MaLR	2322	-	182	230558217	19119
chr1	230539098	230739098	harbor1	chr1	230612590	230613088	LTR/ERVL-MaLR	1870	-	249	230612839	73741
chr1	230539098	230739098	harbor1	chr1	230614962	230615215	LTR/ERVL-MaLR	2160	-	126	230615088	75990
chr1	230539098	230739098	harbor1	chr1	230615585	230615738	LTR/ERVL-MaLR	2160	-	76	230615661	76563
chr2	45902328	46102328	harbor1	chr2	45945157	45945566	LTR/ERVL-MaLR	2644	-	204	45945361	43033
chr2	45902328	46102328	harbor1	chr2	45975300	45975645	LTR/ERVL-MaLR	1446	-	172	45975472	73144
chr2	45902328	46102328	harbor1	chr2	45990021	45990331	LTR/ERVL-MaLR	1066	-	155	45990176	87848
chr2	45902328	46102328	harbor1	chr2	45990344	45990485	LTR/ERVL-MaLR	658	-	70	45990414	88086
chr2	196936108	197136108	harbor1	chr2	196958445	196958823	LTR/ERVL-MaLR	2153	-	189	196958634	22526
chr2	196936108	197136108	harbor1	chr2	196962992	196963326	LTR/ERVL-MaLR	799	-	167	196963159	27051
chr2	231297344	231497344	harbor1	chr2	231312035	231312473	LTR/ERVL-MaLR	994	-	219	231312254	14910
chr2	231297344	231497344	harbor1	chr2	231334204	231334606	LTR/ERVL-MaLR	878	-	201	231334405	37061
chr2	231297344	231497344	harbor1	chr2	231375038	231375235	LTR/ERVL-MaLR	536	-	98	231375136	77792
chr2	231297344	231497344	harbor1	chr2	231386692	231387284	LTR/ERVL-MaLR	2282	-	296	231386988	89644
chr2	576801	776801	harbor1	chr2	603473	603831	LTR/ERVL-MaLR	2530	-	179	603652	26851
chr2	576801	776801	harbor1	chr2	656708	657036	LTR/ERVL-MaLR	763	-	164	656872	80071
chr2	576801	776801	harbor1	chr2	667926	668283	LTR/ERVL-MaLR	2067	-	178	668104	91303
chr2	26950260	27150260	harbor1	chr2	26986057	26986381	LTR/ERVL-MaLR	1283	-	162	26986219	35959
chr2	26950260	27150260	harbor1	chr2	27030486	27030876	LTR/ERVL-MaLR	2155	-	195	27030681	80421
chr2	43053914	43253914	harbor1	chr2	43059465	43059929	LTR/ERVL-MaLR	1616	-	232	43059697	5783
chr2	43053914	43253914	harbor1	chr2	43060245	43060317	LTR/ERVL-MaLR	660	-	36	43060281	6367
chr2	43053914	43253914	harbor1	chr2	43084603	43085227	LTR/ERVL-MaLR	1908	-	312	43084915	31001
chr2	43053914	43253914	harbor1	chr2	43088123	43088694	LTR/ERVL-MaLR	606	-	286	43088409	34495
chr2	43053914	43253914	harbor1	chr2	43089001	43089324	LTR/ERVL-MaLR	1059	-	162	43089163	35249
chr2	43053914	43253914	harbor1	chr2	43089622	43089857	LTR/ERVL-MaLR	1059	-	118	43089740	35826
chr2	43053914	43253914	harbor1	chr2	43090413	43090688	LTR/ERVL-MaLR	4247	-	138	43090551	36637
chr2	43053914	43253914	harbor1	chr2	43091039	43091390	LTR/ERVL-MaLR	4247	-	176	43091215	37301
chr2	43053914	43253914	harbor1	chr2	43091495	43091895	LTR/ERVL-MaLR	4247	-	200	43091695	37781
chr2	43053914	43253914	harbor1	chr2	43092204	43092468	LTR/ERVL-MaLR	4247	-	132	43092336	38422
chr2	43053914	43253914	harbor1	chr2	43092486	43092977	LTR/ERVL-MaLR	1183	-	246	43092732	38818
chr2	43053914	43253914	harbor1	chr2	43098128	43098682	LTR/ERVL-MaLR	1821	-	277	43098405	44491
chr2	43053914	43253914	harbor1	chr2	43115576	43115701	LTR/ERVL-MaLR	1454	-	62	43115638	61724
chr2	43053914	43253914	harbor1	chr2	43115993	43116173	LTR/ERVL-MaLR	1454	-	90	43116083	62169
chr2	43053914	43253914	harbor1	chr2	43116482	43116592	LTR/ERVL-MaLR	1454	-	55	43116537	62623
chr2	43053914	43253914	harbor1	chr2	43116594	43116955	LTR/ERVL-MaLR	2105	-	180	43116774	62860
chr2	43053914	43253914	harbor1	chr2	43117240	43117353	LTR/ERVL-MaLR	2105	-	56	43117296	63382
chr2	43053914	43253914	harbor1	chr2	43117480	43117642	LTR/ERVL-MaLR	563	-	81	43117561	63647
chr2	43053914	43253914	harbor1	chr2	43117636	43118339	LTR/ERVL-MaLR	3832	-	352	43117988	64074
chr2	43053914	43253914	harbor1	chr2	43119375	43119876	LTR/ERVL-MaLR	1814	-	250	43119625	65711
chr2	43053914	43253914	harbor1	chr2	43142864	43143298	LTR/ERVL-MaLR	571	-	217	43143081	89167
chr2	43053914	43253914	harbor1	chr2	43089858	43090108	LTR/ERVL-MaLR	4247	-	125	43089983	36069
chr2	202592159	202792159	harbor1	chr2	202600263	202600584	LTR/ERVL-MaLR	1759	-	160	202600423	8264
chr2	202592159	202792159	harbor1	chr2	202664824	202665172	LTR/ERVL-MaLR	1406	-	174	202664998	72839
chr2	202592159	202792159	harbor1	chr2	202665340	202665601	LTR/ERVL-MaLR	721	-	130	202665470	73311
chr2	202592159	202792159	harbor1	chr2	202665889	202665941	LTR/ERVL-MaLR	721	-	26	202665915	73756
chr2	53462886	53662886	harbor1	chr2	53465137	53465674	LTR/ERVL-MaLR	1977	-	268	53465405	2519
chr2	53462886	53662886	harbor1	chr2	53468613	53469000	LTR/ERVL-MaLR	1289	-	194	53468807	5921
chr2	53462886	53662886	harbor1	chr2	53493384	53493605	LTR/ERVL-MaLR	765	-	110	53493494	30608
chr2	53462886	53662886	harbor1	chr2	53501625	53501816	LTR/ERVL-MaLR	1439	-	96	53501721	38835
chr2	53462886	53662886	harbor1	chr2	53502114	53502302	LTR/ERVL-MaLR	1439	-	94	53502208	39322
chr2	53462886	53662886	harbor1	chr2	53508847	53509169	LTR/ERVL-MaLR	1525	-	161	53509008	46122
chr2	53462886	53662886	harbor1	chr2	53522844	53522977	LTR/ERVL-MaLR	450	-	66	53522910	60024
chr2	53462886	53662886	harbor1	chr2	53523783	53524043	LTR/ERVL-MaLR	705	-	130	53523913	61027
chr2	53462886	53662886	harbor1	chr2	53550013	53550146	LTR/ERVL-MaLR	741	-	66	53550079	87193
chr2	53462886	53662886	harbor1	chr2	53558177	53558586	LTR/ERVL-MaLR	2150	-	204	53558381	95495
chr2	70453138	70653138	harbor1	chr2	70493909	70494371	LTR/ERVL-MaLR	2228	-	231	70494140	41002
chr2	218166674	218366674	harbor1	chr2	218185265	218185724	LTR/ERVL-MaLR	2438	-	230	218185495	18821
chr2	218166674	218366674	harbor1	chr2	218186969	218187317	LTR/ERVL-MaLR	1508	-	174	218187143	20469
chr2	218166674	218366674	harbor1	chr2	218205487	218205560	LTR/ERVL-MaLR	1349	-	36	218205523	38849
chr2	218166674	218366674	harbor1	chr2	218205842	218206192	LTR/ERVL-MaLR	1349	-	175	218206017	39343
chr2	218166674	218366674	harbor1	chr2	218232354	218232546	LTR/ERVL-MaLR	1472	-	96	218232450	65776
chr2	218166674	218366674	harbor1	chr2	218232876	218233014	LTR/ERVL-MaLR	1472	-	69	218232945	66271
chr2	218166674	218366674	harbor1	chr2	218233365	218233411	LTR/ERVL-MaLR	1472	-	23	218233388	66714
chr2	26950206	27150206	harbor1	chr2	26986057	26986381	LTR/ERVL-MaLR	1283	-	162	26986219	36013
chr2	26950206	27150206	harbor1	chr2	27030486	27030876	LTR/ERVL-MaLR	2155	-	195	27030681	80475
chr2	72038963	72238963	harbor1	chr2	72061323	72061676	LTR/ERVL-MaLR	1929	-	176	72061499	22536
chr2	72038963	72238963	harbor1	chr2	72071115	72071419	LTR/ERVL-MaLR	1885	-	152	72071267	32304
chr2	72038963	72238963	harbor1	chr2	72071710	72071791	LTR/ERVL-MaLR	1885	-	40	72071750	32787
chr2	72038963	72238963	harbor1	chr2	72104060	72104245	LTR/ERVL-MaLR	642	-	92	72104152	65189
chr2	72038963	72238963	harbor1	chr2	72117074	72117455	LTR/ERVL-MaLR	2394	-	190	72117264	78301
chr2	26403793	26603793	harbor1	chr2	26416785	26417195	LTR/ERVL-MaLR	2746	-	205	26416990	13197
chr2	26403793	26603793	harbor1	chr2	26420252	26420380	LTR/ERVL-MaLR	462	-	64	26420316	16523
chr2	26403793	26603793	harbor1	chr2	26441946	26442298	LTR/ERVL-MaLR	1659	-	176	26442122	38329
chr2	171334240	171534240	harbor1	chr2	171406358	171406721	LTR/ERVL-MaLR	1558	-	182	171406540	72300
chr2	171334240	171534240	harbor1	chr2	171412045	171412461	LTR/ERVL-MaLR	1331	-	208	171412253	78013
chr2	43055566	43255566	harbor1	chr2	43059465	43059929	LTR/ERVL-MaLR	1616	-	232	43059697	4131
chr2	43055566	43255566	harbor1	chr2	43060245	43060317	LTR/ERVL-MaLR	660	-	36	43060281	4715
chr2	43055566	43255566	harbor1	chr2	43084603	43085227	LTR/ERVL-MaLR	1908	-	312	43084915	29349
chr2	43055566	43255566	harbor1	chr2	43088123	43088694	LTR/ERVL-MaLR	606	-	286	43088409	32843
chr2	43055566	43255566	harbor1	chr2	43089001	43089324	LTR/ERVL-MaLR	1059	-	162	43089163	33597
chr2	43055566	43255566	harbor1	chr2	43089622	43089857	LTR/ERVL-MaLR	1059	-	118	43089740	34174
chr2	43055566	43255566	harbor1	chr2	43090413	43090688	LTR/ERVL-MaLR	4247	-	138	43090551	34985
chr2	43055566	43255566	harbor1	chr2	43091039	43091390	LTR/ERVL-MaLR	4247	-	176	43091215	35649
chr2	43055566	43255566	harbor1	chr2	43091495	43091895	LTR/ERVL-MaLR	4247	-	200	43091695	36129
chr2	43055566	43255566	harbor1	chr2	43092204	43092468	LTR/ERVL-MaLR	4247	-	132	43092336	36770
chr2	43055566	43255566	harbor1	chr2	43092486	43092977	LTR/ERVL-MaLR	1183	-	246	43092732	37166
chr2	43055566	43255566	harbor1	chr2	43098128	43098682	LTR/ERVL-MaLR	1821	-	277	43098405	42839
chr2	43055566	43255566	harbor1	chr2	43115576	43115701	LTR/ERVL-MaLR	1454	-	62	43115638	60072
chr2	43055566	43255566	harbor1	chr2	43115993	43116173	LTR/ERVL-MaLR	1454	-	90	43116083	60517
chr2	43055566	43255566	harbor1	chr2	43116482	43116592	LTR/ERVL-MaLR	1454	-	55	43116537	60971
chr2	43055566	43255566	harbor1	chr2	43116594	43116955	LTR/ERVL-MaLR	2105	-	180	43116774	61208
chr2	43055566	43255566	harbor1	chr2	43117240	43117353	LTR/ERVL-MaLR	2105	-	56	43117296	61730
chr2	43055566	43255566	harbor1	chr2	43117480	43117642	LTR/ERVL-MaLR	563	-	81	43117561	61995
chr2	43055566	43255566	harbor1	chr2	43117636	43118339	LTR/ERVL-MaLR	3832	-	352	43117988	62422
chr2	43055566	43255566	harbor1	chr2	43119375	43119876	LTR/ERVL-MaLR	1814	-	250	43119625	64059
chr2	43055566	43255566	harbor1	chr2	43142864	43143298	LTR/ERVL-MaLR	571	-	217	43143081	87515
chr2	43055566	43255566	harbor1	chr2	43089858	43090108	LTR/ERVL-MaLR	4247	-	125	43089983	34417
chr2	26950242	27150242	harbor1	chr2	26986057	26986381	LTR/ERVL-MaLR	1283	-	162	26986219	35977
chr2	26950242	27150242	harbor1	chr2	27030486	27030876	LTR/ERVL-MaLR	2155	-	195	27030681	80439
chr2	26403734	26603734	harbor1	chr2	26416785	26417195	LTR/ERVL-MaLR	2746	-	205	26416990	13256
chr2	26403734	26603734	harbor1	chr2	26420252	26420380	LTR/ERVL-MaLR	462	-	64	26420316	16582
chr2	26403734	26603734	harbor1	chr2	26441946	26442298	LTR/ERVL-MaLR	1659	-	176	26442122	38388
chr2	3475856	3675856	harbor1	chr2	3487342	3487572	LTR/ERVL-MaLR	633	-	115	3487457	11601
chr2	3475856	3675856	harbor1	chr2	3487586	3488005	LTR/ERVL-MaLR	1150	-	210	3487796	11940
chr2	3475856	3675856	harbor1	chr2	3490744	3491189	LTR/ERVL-MaLR	757	-	222	3490966	15110
chr2	3475856	3675856	harbor1	chr2	3507026	3507150	LTR/ERVL-MaLR	599	-	62	3507088	31232
chr2	3475856	3675856	harbor1	chr2	3536726	3537095	LTR/ERVL-MaLR	973	-	184	3536910	61054
chr2	113484117	113684117	harbor1	chr2	113514910	113515343	LTR/ERVL-MaLR	1783	-	216	113515126	31009
chr2	113484117	113684117	harbor1	chr2	113517272	113517578	LTR/ERVL-MaLR	616	-	153	113517425	33308
chr2	113484117	113684117	harbor1	chr2	113546245	113546603	LTR/ERVL-MaLR	1941	-	179	113546424	62307
chr2	113484117	113684117	harbor1	chr2	113557009	113557268	LTR/ERVL-MaLR	877	-	130	113557139	73022
chr2	113484117	113684117	harbor1	chr2	113557508	113557926	LTR/ERVL-MaLR	2437	-	209	113557717	73600
chr2	113484117	113684117	harbor1	chr2	113559771	113560217	LTR/ERVL-MaLR	1722	-	223	113559994	75877
chr2	113484117	113684117	harbor1	chr2	113573160	113573529	LTR/ERVL-MaLR	782	-	184	113573344	89227
chr2	113484117	113684117	harbor1	chr2	113573990	113575198	LTR/ERVL-MaLR	4023	-	604	113574594	90477
chr2	113484117	113684117	harbor1	chr2	113582330	113582508	LTR/ERVL-MaLR	758	-	89	113582419	98302
chr2	113484117	113684117	harbor1	chr2	113582614	113582768	LTR/ERVL-MaLR	764	-	77	113582691	98574
chr2	113484117	113684117	harbor1	chr2	113573831	113573989	LTR/ERVL-MaLR	715	-	79	113573910	89793
chr2	70771787	70971787	harbor1	chr2	70794227	70794562	LTR/ERVL-MaLR	570	-	168	70794395	22608
chr2	70771787	70971787	harbor1	chr2	70798001	70798351	LTR/ERVL-MaLR	2342	-	175	70798176	26389
chr2	70771787	70971787	harbor1	chr2	70798352	70799923	LTR/ERVL-MaLR	12329	-	786	70799138	27351
chr2	70771787	70971787	harbor1	chr2	70799924	70800259	LTR/ERVL-MaLR	2127	-	168	70800092	28305
chr2	70771787	70971787	harbor1	chr2	70828502	70828671	LTR/ERVL-MaLR	478	-	84	70828586	56799
chr2	70771787	70971787	harbor1	chr2	70828965	70829197	LTR/ERVL-MaLR	478	-	116	70829081	57294
chr2	70771787	70971787	harbor1	chr2	70859989	70860124	LTR/ERVL-MaLR	1080	-	68	70860057	88270
chr2	70771787	70971787	harbor1	chr2	70863094	70863509	LTR/ERVL-MaLR	1205	-	208	70863302	91515
chr2	70771787	70971787	harbor1	chr2	70870516	70870670	LTR/ERVL-MaLR	948	-	77	70870593	98806
chr2	113484023	113684023	harbor1	chr2	113514910	113515343	LTR/ERVL-MaLR	1783	-	216	113515126	31103
chr2	113484023	113684023	harbor1	chr2	113517272	113517578	LTR/ERVL-MaLR	616	-	153	113517425	33402
chr2	113484023	113684023	harbor1	chr2	113546245	113546603	LTR/ERVL-MaLR	1941	-	179	113546424	62401
chr2	113484023	113684023	harbor1	chr2	113557009	113557268	LTR/ERVL-MaLR	877	-	130	113557139	73116
chr2	113484023	113684023	harbor1	chr2	113557508	113557926	LTR/ERVL-MaLR	2437	-	209	113557717	73694
chr2	113484023	113684023	harbor1	chr2	113559771	113560217	LTR/ERVL-MaLR	1722	-	223	113559994	75971
chr2	113484023	113684023	harbor1	chr2	113573160	113573529	LTR/ERVL-MaLR	782	-	184	113573344	89321
chr2	113484023	113684023	harbor1	chr2	113573990	113575198	LTR/ERVL-MaLR	4023	-	604	113574594	90571
chr2	113484023	113684023	harbor1	chr2	113582330	113582508	LTR/ERVL-MaLR	758	-	89	113582419	98396
chr2	113484023	113684023	harbor1	chr2	113582614	113582768	LTR/ERVL-MaLR	764	-	77	113582691	98668
chr2	113484023	113684023	harbor1	chr2	113573831	113573989	LTR/ERVL-MaLR	715	-	79	113573910	89887
chr2	74415966	74615966	harbor1	chr2	74444321	74444886	LTR/ERVL-MaLR	928	-	282	74444603	28637
chr2	238807213	239007213	harbor1	chr2	238808188	238808503	LTR/ERVL-MaLR	652	-	158	238808346	1133
chr2	238807213	239007213	harbor1	chr2	238810738	238811178	LTR/ERVL-MaLR	1247	-	220	238810958	3745
chr2	238807213	239007213	harbor1	chr2	238818347	238818707	LTR/ERVL-MaLR	1343	-	180	238818527	11314
chr2	238807213	239007213	harbor1	chr2	238820810	238820913	LTR/ERVL-MaLR	674	-	52	238820862	13649
chr2	3604000	3804000	harbor1	chr2	3632342	3632667	LTR/ERVL-MaLR	839	-	162	3632504	28504
chr2	3604000	3804000	harbor1	chr2	3634010	3634147	LTR/ERVL-MaLR	468	-	68	3634078	30078
chr2	3604000	3804000	harbor1	chr2	3644840	3645205	LTR/ERVL-MaLR	936	-	182	3645022	41022
chr2	3604000	3804000	harbor1	chr2	3645206	3645633	LTR/ERVL-MaLR	1859	-	214	3645420	41420
chr2	3604000	3804000	harbor1	chr2	3645634	3645754	LTR/ERVL-MaLR	936	-	60	3645694	41694
chr2	3604000	3804000	harbor1	chr2	3652018	3652201	LTR/ERVL-MaLR	522	-	92	3652110	48110
chr2	3604000	3804000	harbor1	chr2	3652532	3652580	LTR/ERVL-MaLR	1224	-	24	3652556	48556
chr2	3604000	3804000	harbor1	chr2	3652882	3653326	LTR/ERVL-MaLR	1224	-	222	3653104	49104
chr2	3604000	3804000	harbor1	chr2	3653906	3654319	LTR/ERVL-MaLR	1445	-	206	3654112	50112
chr2	3604000	3804000	harbor1	chr2	3654337	3654500	LTR/ERVL-MaLR	519	-	82	3654419	50419
chr2	3604000	3804000	harbor1	chr2	3654896	3655338	LTR/ERVL-MaLR	844	-	221	3655117	51117
chr2	3604000	3804000	harbor1	chr2	3661752	3662349	LTR/ERVL-MaLR	1335	-	298	3662050	58050
chr2	3604000	3804000	harbor1	chr2	3675804	3676161	LTR/ERVL-MaLR	1221	-	178	3675982	71982
chr2	3604000	3804000	harbor1	chr2	3685256	3685666	LTR/ERVL-MaLR	1527	-	205	3685461	81461
chr2	113484043	113684043	harbor1	chr2	113514910	113515343	LTR/ERVL-MaLR	1783	-	216	113515126	31083
chr2	113484043	113684043	harbor1	chr2	113517272	113517578	LTR/ERVL-MaLR	616	-	153	113517425	33382
chr2	113484043	113684043	harbor1	chr2	113546245	113546603	LTR/ERVL-MaLR	1941	-	179	113546424	62381
chr2	113484043	113684043	harbor1	chr2	113557009	113557268	LTR/ERVL-MaLR	877	-	130	113557139	73096
chr2	113484043	113684043	harbor1	chr2	113557508	113557926	LTR/ERVL-MaLR	2437	-	209	113557717	73674
chr2	113484043	113684043	harbor1	chr2	113559771	113560217	LTR/ERVL-MaLR	1722	-	223	113559994	75951
chr2	113484043	113684043	harbor1	chr2	113573160	113573529	LTR/ERVL-MaLR	782	-	184	113573344	89301
chr2	113484043	113684043	harbor1	chr2	113573990	113575198	LTR/ERVL-MaLR	4023	-	604	113574594	90551
chr2	113484043	113684043	harbor1	chr2	113582330	113582508	LTR/ERVL-MaLR	758	-	89	113582419	98376
chr2	113484043	113684043	harbor1	chr2	113582614	113582768	LTR/ERVL-MaLR	764	-	77	113582691	98648
chr2	113484043	113684043	harbor1	chr2	113573831	113573989	LTR/ERVL-MaLR	715	-	79	113573910	89867
chr2	72783861	72983861	harbor1	chr2	72784436	72784789	LTR/ERVL-MaLR	2751	-	176	72784612	751
chr2	72783861	72983861	harbor1	chr2	72784790	72785940	LTR/ERVL-MaLR	8419	-	575	72785365	1504
chr2	72783861	72983861	harbor1	chr2	72847732	72848218	LTR/ERVL-MaLR	2402	-	243	72847975	64114
chr2	72783861	72983861	harbor1	chr2	72856619	72857055	LTR/ERVL-MaLR	1975	-	218	72856837	72976
chr2	72783861	72983861	harbor1	chr2	72860390	72860764	LTR/ERVL-MaLR	2373	-	187	72860577	76716
chr2	72783861	72983861	harbor1	chr2	72863628	72864050	LTR/ERVL-MaLR	1069	-	211	72863839	79978
chr2	72783861	72983861	harbor1	chr2	72882123	72882342	LTR/ERVL-MaLR	2124	-	110	72882233	98372
chr2	72783861	72983861	harbor1	chr2	72882640	72882796	LTR/ERVL-MaLR	2124	-	78	72882718	98857
chr2	72783861	72983861	harbor1	chr2	72883081	72883122	LTR/ERVL-MaLR	2124	-	20	72883101	99240
chr2	158867991	159067991	harbor1	chr2	158897251	158897546	LTR/ERVL-MaLR	1207	-	148	158897399	29408
chr2	158867991	159067991	harbor1	chr2	158920815	158921173	LTR/ERVL-MaLR	894	-	179	158920994	53003
chr2	158867991	159067991	harbor1	chr2	158925179	158925571	LTR/ERVL-MaLR	1513	-	196	158925375	57384
chr2	158867991	159067991	harbor1	chr2	158929630	158929914	LTR/ERVL-MaLR	2746	-	142	158929772	61781
chr2	158867991	159067991	harbor1	chr2	158930304	158930526	LTR/ERVL-MaLR	2746	-	111	158930415	62424
chr2	158867991	159067991	harbor1	chr2	158930866	158930915	LTR/ERVL-MaLR	2746	-	24	158930890	62899
chr2	158867991	159067991	harbor1	chr2	158937080	158937426	LTR/ERVL-MaLR	1000	-	173	158937253	69262
chr2	158867991	159067991	harbor1	chr2	158937769	158938310	LTR/ERVL-MaLR	1625	-	270	158938039	70048
chr2	158867991	159067991	harbor1	chr2	158944467	158944537	LTR/ERVL-MaLR	1873	-	35	158944502	76511
chr2	158867991	159067991	harbor1	chr2	158944845	158945130	LTR/ERVL-MaLR	1873	-	142	158944987	76996
chr2	158867991	159067991	harbor1	chr2	158953265	158953527	LTR/ERVL-MaLR	801	-	131	158953396	85405
chr2	43055564	43255564	harbor1	chr2	43059465	43059929	LTR/ERVL-MaLR	1616	-	232	43059697	4133
chr2	43055564	43255564	harbor1	chr2	43060245	43060317	LTR/ERVL-MaLR	660	-	36	43060281	4717
chr2	43055564	43255564	harbor1	chr2	43084603	43085227	LTR/ERVL-MaLR	1908	-	312	43084915	29351
chr2	43055564	43255564	harbor1	chr2	43088123	43088694	LTR/ERVL-MaLR	606	-	286	43088409	32845
chr2	43055564	43255564	harbor1	chr2	43089001	43089324	LTR/ERVL-MaLR	1059	-	162	43089163	33599
chr2	43055564	43255564	harbor1	chr2	43089622	43089857	LTR/ERVL-MaLR	1059	-	118	43089740	34176
chr2	43055564	43255564	harbor1	chr2	43090413	43090688	LTR/ERVL-MaLR	4247	-	138	43090551	34987
chr2	43055564	43255564	harbor1	chr2	43091039	43091390	LTR/ERVL-MaLR	4247	-	176	43091215	35651
chr2	43055564	43255564	harbor1	chr2	43091495	43091895	LTR/ERVL-MaLR	4247	-	200	43091695	36131
chr2	43055564	43255564	harbor1	chr2	43092204	43092468	LTR/ERVL-MaLR	4247	-	132	43092336	36772
chr2	43055564	43255564	harbor1	chr2	43092486	43092977	LTR/ERVL-MaLR	1183	-	246	43092732	37168
chr2	43055564	43255564	harbor1	chr2	43098128	43098682	LTR/ERVL-MaLR	1821	-	277	43098405	42841
chr2	43055564	43255564	harbor1	chr2	43115576	43115701	LTR/ERVL-MaLR	1454	-	62	43115638	60074
chr2	43055564	43255564	harbor1	chr2	43115993	43116173	LTR/ERVL-MaLR	1454	-	90	43116083	60519
chr2	43055564	43255564	harbor1	chr2	43116482	43116592	LTR/ERVL-MaLR	1454	-	55	43116537	60973
chr2	43055564	43255564	harbor1	chr2	43116594	43116955	LTR/ERVL-MaLR	2105	-	180	43116774	61210
chr2	43055564	43255564	harbor1	chr2	43117240	43117353	LTR/ERVL-MaLR	2105	-	56	43117296	61732
chr2	43055564	43255564	harbor1	chr2	43117480	43117642	LTR/ERVL-MaLR	563	-	81	43117561	61997
chr2	43055564	43255564	harbor1	chr2	43117636	43118339	LTR/ERVL-MaLR	3832	-	352	43117988	62424
chr2	43055564	43255564	harbor1	chr2	43119375	43119876	LTR/ERVL-MaLR	1814	-	250	43119625	64061
chr2	43055564	43255564	harbor1	chr2	43142864	43143298	LTR/ERVL-MaLR	571	-	217	43143081	87517
chr2	43055564	43255564	harbor1	chr2	43089858	43090108	LTR/ERVL-MaLR	4247	-	125	43089983	34419
chr2	6817111	7017111	harbor1	chr2	6833290	6833437	LTR/ERVL-MaLR	519	-	74	6833364	16253
chr2	6817111	7017111	harbor1	chr2	6833488	6833679	LTR/ERVL-MaLR	750	-	96	6833584	16473
chr2	6817111	7017111	harbor1	chr2	6834056	6834460	LTR/ERVL-MaLR	1594	-	202	6834258	17147
chr2	6817111	7017111	harbor1	chr2	6836375	6836682	LTR/ERVL-MaLR	516	-	154	6836529	19418
chr2	6817111	7017111	harbor1	chr2	6867170	6867573	LTR/ERVL-MaLR	1676	-	202	6867372	50261
chr2	6817111	7017111	harbor1	chr2	6906546	6906882	LTR/ERVL-MaLR	1202	-	168	6906714	89603
chr2	6817111	7017111	harbor1	chr2	6912523	6912610	LTR/ERVL-MaLR	2811	-	44	6912567	95456
chr2	6817111	7017111	harbor1	chr2	6913170	6913529	LTR/ERVL-MaLR	2811	-	180	6913350	96239
chr2	6817111	7017111	harbor1	chr2	6913756	6914109	LTR/ERVL-MaLR	2403	-	176	6913932	96821
chr2	2616616	2816616	harbor1	chr2	2635038	2635616	LTR/ERVL-MaLR	1253	-	289	2635327	18711
chr2	2616616	2816616	harbor1	chr2	2647739	2648198	LTR/ERVL-MaLR	1322	-	230	2647969	31353
chr2	2616616	2816616	harbor1	chr2	2658430	2658794	LTR/ERVL-MaLR	1659	-	182	2658612	41996
chr2	2616616	2816616	harbor1	chr2	2658795	2660416	LTR/ERVL-MaLR	10316	-	810	2659605	42989
chr2	2616616	2816616	harbor1	chr2	2660417	2660804	LTR/ERVL-MaLR	2151	-	194	2660611	43995
chr2	2616616	2816616	harbor1	chr2	2685191	2685550	LTR/ERVL-MaLR	1523	-	180	2685371	68755
chr2	43054703	43254703	harbor1	chr2	43059465	43059929	LTR/ERVL-MaLR	1616	-	232	43059697	4994
chr2	43054703	43254703	harbor1	chr2	43060245	43060317	LTR/ERVL-MaLR	660	-	36	43060281	5578
chr2	43054703	43254703	harbor1	chr2	43084603	43085227	LTR/ERVL-MaLR	1908	-	312	43084915	30212
chr2	43054703	43254703	harbor1	chr2	43088123	43088694	LTR/ERVL-MaLR	606	-	286	43088409	33706
chr2	43054703	43254703	harbor1	chr2	43089001	43089324	LTR/ERVL-MaLR	1059	-	162	43089163	34460
chr2	43054703	43254703	harbor1	chr2	43089622	43089857	LTR/ERVL-MaLR	1059	-	118	43089740	35037
chr2	43054703	43254703	harbor1	chr2	43090413	43090688	LTR/ERVL-MaLR	4247	-	138	43090551	35848
chr2	43054703	43254703	harbor1	chr2	43091039	43091390	LTR/ERVL-MaLR	4247	-	176	43091215	36512
chr2	43054703	43254703	harbor1	chr2	43091495	43091895	LTR/ERVL-MaLR	4247	-	200	43091695	36992
chr2	43054703	43254703	harbor1	chr2	43092204	43092468	LTR/ERVL-MaLR	4247	-	132	43092336	37633
chr2	43054703	43254703	harbor1	chr2	43092486	43092977	LTR/ERVL-MaLR	1183	-	246	43092732	38029
chr2	43054703	43254703	harbor1	chr2	43098128	43098682	LTR/ERVL-MaLR	1821	-	277	43098405	43702
chr2	43054703	43254703	harbor1	chr2	43115576	43115701	LTR/ERVL-MaLR	1454	-	62	43115638	60935
chr2	43054703	43254703	harbor1	chr2	43115993	43116173	LTR/ERVL-MaLR	1454	-	90	43116083	61380
chr2	43054703	43254703	harbor1	chr2	43116482	43116592	LTR/ERVL-MaLR	1454	-	55	43116537	61834
chr2	43054703	43254703	harbor1	chr2	43116594	43116955	LTR/ERVL-MaLR	2105	-	180	43116774	62071
chr2	43054703	43254703	harbor1	chr2	43117240	43117353	LTR/ERVL-MaLR	2105	-	56	43117296	62593
chr2	43054703	43254703	harbor1	chr2	43117480	43117642	LTR/ERVL-MaLR	563	-	81	43117561	62858
chr2	43054703	43254703	harbor1	chr2	43117636	43118339	LTR/ERVL-MaLR	3832	-	352	43117988	63285
chr2	43054703	43254703	harbor1	chr2	43119375	43119876	LTR/ERVL-MaLR	1814	-	250	43119625	64922
chr2	43054703	43254703	harbor1	chr2	43142864	43143298	LTR/ERVL-MaLR	571	-	217	43143081	88378
chr2	43054703	43254703	harbor1	chr2	43089858	43090108	LTR/ERVL-MaLR	4247	-	125	43089983	35280
chr2	85227775	85427775	harbor1	chr2	85291094	85291520	LTR/ERVL-MaLR	2238	-	213	85291307	63532
chr2	34909049	35109049	harbor1	chr2	34940214	34940630	LTR/ERVL-MaLR	1817	-	208	34940422	31373
chr2	34909049	35109049	harbor1	chr2	34955778	34956222	LTR/ERVL-MaLR	2119	-	222	34956000	46951
chr2	34909049	35109049	harbor1	chr2	34987221	34987764	LTR/ERVL-MaLR	596	-	272	34987493	78444
chr2	241851126	242051126	harbor1	chr2	241887729	241888218	LTR/ERVL-MaLR	606	-	244	241887973	36847
chr2	241851126	242051126	harbor1	chr2	241924652	241924859	LTR/ERVL-MaLR	532	-	104	241924756	73630
chr2	241851126	242051126	harbor1	chr2	241942915	241943507	LTR/ERVL-MaLR	1599	-	296	241943211	92085
chr2	86463906	86663906	harbor1	chr2	86499539	86499911	LTR/ERVL-MaLR	2112	-	186	86499725	35819
chr2	86463906	86663906	harbor1	chr2	86499912	86500000	LTR/ERVL-MaLR	574	-	44	86499956	36050
chr2	86463906	86663906	harbor1	chr2	86500001	86501489	LTR/ERVL-MaLR	10554	-	744	86500745	36839
chr2	86463906	86663906	harbor1	chr2	86501490	86501852	LTR/ERVL-MaLR	2122	-	181	86501671	37765
chr2	86463906	86663906	harbor1	chr2	86520189	86520585	LTR/ERVL-MaLR	2423	-	198	86520387	56481
chr2	86463906	86663906	harbor1	chr2	86555536	86555961	LTR/ERVL-MaLR	1436	-	212	86555748	91842
chr2	86463906	86663906	harbor1	chr2	86559916	86559984	LTR/ERVL-MaLR	2412	-	34	86559950	96044
chr2	86463906	86663906	harbor1	chr2	86560720	86561068	LTR/ERVL-MaLR	2412	-	174	86560894	96988
chr2	46198450	46398450	harbor1	chr2	46198948	46199403	LTR/ERVL-MaLR	1268	-	228	46199176	726
chr2	46198450	46398450	harbor1	chr2	46224754	46225256	LTR/ERVL-MaLR	2227	-	251	46225005	26555
chr2	46198450	46398450	harbor1	chr2	46241161	46241709	LTR/ERVL-MaLR	2867	-	274	46241435	42985
chr2	46198450	46398450	harbor1	chr2	46269046	46269346	LTR/ERVL-MaLR	550	-	150	46269196	70746
chr2	190910082	191110082	harbor1	chr2	190995293	190995646	LTR/ERVL-MaLR	2354	-	176	190995469	85387
chr2	237867377	238067377	harbor1	chr2	237921063	237921255	LTR/ERVL-MaLR	1716	-	96	237921159	53782
chr2	237867377	238067377	harbor1	chr2	237921553	237921731	LTR/ERVL-MaLR	1716	-	89	237921642	54265
chr2	237867377	238067377	harbor1	chr2	237930840	237931110	LTR/ERVL-MaLR	701	-	135	237930975	63598
chr2	237867377	238067377	harbor1	chr2	237946715	237946957	LTR/ERVL-MaLR	1273	-	121	237946836	79459
chr2	237867377	238067377	harbor1	chr2	237946986	237947002	LTR/ERVL-MaLR	1273	-	8	237946994	79617
chr2	237867377	238067377	harbor1	chr2	237947294	237947327	LTR/ERVL-MaLR	1273	-	16	237947310	79933
chr2	237867377	238067377	harbor1	chr2	237948516	237948705	LTR/ERVL-MaLR	1165	-	94	237948610	81233
chr2	237867377	238067377	harbor1	chr2	237958617	237958695	LTR/ERVL-MaLR	1656	-	39	237958656	91279
chr2	237867377	238067377	harbor1	chr2	237958696	237959153	LTR/ERVL-MaLR	1731	-	228	237958924	91547
chr2	237867377	238067377	harbor1	chr2	237959154	237959493	LTR/ERVL-MaLR	1656	-	170	237959324	91947
chr2	43031592	43231592	harbor1	chr2	43052132	43052674	LTR/ERVL-MaLR	1400	-	271	43052403	20811
chr2	43031592	43231592	harbor1	chr2	43059465	43059929	LTR/ERVL-MaLR	1616	-	232	43059697	28105
chr2	43031592	43231592	harbor1	chr2	43060245	43060317	LTR/ERVL-MaLR	660	-	36	43060281	28689
chr2	43031592	43231592	harbor1	chr2	43084603	43085227	LTR/ERVL-MaLR	1908	-	312	43084915	53323
chr2	43031592	43231592	harbor1	chr2	43088123	43088694	LTR/ERVL-MaLR	606	-	286	43088409	56817
chr2	43031592	43231592	harbor1	chr2	43089001	43089324	LTR/ERVL-MaLR	1059	-	162	43089163	57571
chr2	43031592	43231592	harbor1	chr2	43089622	43089857	LTR/ERVL-MaLR	1059	-	118	43089740	58148
chr2	43031592	43231592	harbor1	chr2	43090413	43090688	LTR/ERVL-MaLR	4247	-	138	43090551	58959
chr2	43031592	43231592	harbor1	chr2	43091039	43091390	LTR/ERVL-MaLR	4247	-	176	43091215	59623
chr2	43031592	43231592	harbor1	chr2	43091495	43091895	LTR/ERVL-MaLR	4247	-	200	43091695	60103
chr2	43031592	43231592	harbor1	chr2	43092204	43092468	LTR/ERVL-MaLR	4247	-	132	43092336	60744
chr2	43031592	43231592	harbor1	chr2	43092486	43092977	LTR/ERVL-MaLR	1183	-	246	43092732	61140
chr2	43031592	43231592	harbor1	chr2	43098128	43098682	LTR/ERVL-MaLR	1821	-	277	43098405	66813
chr2	43031592	43231592	harbor1	chr2	43115576	43115701	LTR/ERVL-MaLR	1454	-	62	43115638	84046
chr2	43031592	43231592	harbor1	chr2	43115993	43116173	LTR/ERVL-MaLR	1454	-	90	43116083	84491
chr2	43031592	43231592	harbor1	chr2	43116482	43116592	LTR/ERVL-MaLR	1454	-	55	43116537	84945
chr2	43031592	43231592	harbor1	chr2	43116594	43116955	LTR/ERVL-MaLR	2105	-	180	43116774	85182
chr2	43031592	43231592	harbor1	chr2	43117240	43117353	LTR/ERVL-MaLR	2105	-	56	43117296	85704
chr2	43031592	43231592	harbor1	chr2	43117480	43117642	LTR/ERVL-MaLR	563	-	81	43117561	85969
chr2	43031592	43231592	harbor1	chr2	43117636	43118339	LTR/ERVL-MaLR	3832	-	352	43117988	86396
chr2	43031592	43231592	harbor1	chr2	43119375	43119876	LTR/ERVL-MaLR	1814	-	250	43119625	88033
chr2	43031592	43231592	harbor1	chr2	43089858	43090108	LTR/ERVL-MaLR	4247	-	125	43089983	58391
chr2	239765621	239965621	harbor1	chr2	239774420	239774811	LTR/ERVL-MaLR	1194	-	196	239774616	8995
chr2	239765621	239965621	harbor1	chr2	239780933	239781290	LTR/ERVL-MaLR	2042	-	178	239781111	15490
chr2	239765621	239965621	harbor1	chr2	239783122	239783443	LTR/ERVL-MaLR	1334	-	160	239783282	17661
chr2	239765621	239965621	harbor1	chr2	239854654	239855005	LTR/ERVL-MaLR	2232	-	176	239854830	89209
chr2	239765621	239965621	harbor1	chr2	239855785	239855891	LTR/ERVL-MaLR	2232	-	53	239855838	90217
chr2	26950263	27150263	harbor1	chr2	26986057	26986381	LTR/ERVL-MaLR	1283	-	162	26986219	35956
chr2	26950263	27150263	harbor1	chr2	27030486	27030876	LTR/ERVL-MaLR	2155	-	195	27030681	80418
chr2	202592156	202792156	harbor1	chr2	202600263	202600584	LTR/ERVL-MaLR	1759	-	160	202600423	8267
chr2	202592156	202792156	harbor1	chr2	202664824	202665172	LTR/ERVL-MaLR	1406	-	174	202664998	72842
chr2	202592156	202792156	harbor1	chr2	202665340	202665601	LTR/ERVL-MaLR	721	-	130	202665470	73314
chr2	202592156	202792156	harbor1	chr2	202665889	202665941	LTR/ERVL-MaLR	721	-	26	202665915	73759
chr2	168550531	168750531	harbor1	chr2	168559311	168559693	LTR/ERVL-MaLR	1262	-	191	168559502	8971
chr2	168550531	168750531	harbor1	chr2	168559995	168560326	LTR/ERVL-MaLR	1880	-	166	168560161	9630
chr2	168550531	168750531	harbor1	chr2	168569048	168569376	LTR/ERVL-MaLR	1218	-	164	168569212	18681
chr2	168550531	168750531	harbor1	chr2	168575235	168575595	LTR/ERVL-MaLR	1709	-	180	168575415	24884
chr2	168550531	168750531	harbor1	chr2	168592821	168593325	LTR/ERVL-MaLR	1809	-	252	168593073	42542
chr2	168550531	168750531	harbor1	chr2	168643656	168643949	LTR/ERVL-MaLR	1085	-	146	168643802	93271
chr2	42069545	42269545	harbor1	chr2	42083644	42084102	LTR/ERVL-MaLR	738	-	229	42083873	14328
chr2	42069545	42269545	harbor1	chr2	42148718	42149133	LTR/ERVL-MaLR	2454	-	208	42148926	79381
chr2	42069545	42269545	harbor1	chr2	42151557	42151674	LTR/ERVL-MaLR	613	-	58	42151615	82070
chr2	42069545	42269545	harbor1	chr2	42152081	42152269	LTR/ERVL-MaLR	613	-	94	42152175	82630
chr2	42069545	42269545	harbor1	chr2	42152596	42152971	LTR/ERVL-MaLR	2212	-	188	42152784	83239
chr2	42069545	42269545	harbor1	chr2	42163679	42163804	LTR/ERVL-MaLR	537	-	62	42163741	94196
chr2	127928490	128128490	harbor1	chr2	127969521	127969812	LTR/ERVL-MaLR	2213	-	146	127969667	41177
chr2	127928490	128128490	harbor1	chr2	127970723	127970869	LTR/ERVL-MaLR	2213	-	73	127970796	42306
chr2	87424870	87624870	harbor1	chr2	87434258	87434725	LTR/ERVL-MaLR	1141	-	234	87434492	9622
chr2	87424870	87624870	harbor1	chr2	87440087	87440304	LTR/ERVL-MaLR	853	-	108	87440195	15325
chr2	87424870	87624870	harbor1	chr2	87440983	87441350	LTR/ERVL-MaLR	853	-	184	87441167	16297
chr2	87424870	87624870	harbor1	chr2	87446397	87446791	LTR/ERVL-MaLR	1750	-	197	87446594	21724
chr2	87424870	87624870	harbor1	chr2	87447053	87447240	LTR/ERVL-MaLR	1750	-	94	87447147	22277
chr2	87424870	87624870	harbor1	chr2	87451708	87452107	LTR/ERVL-MaLR	1908	-	200	87451908	27038
chr2	87424870	87624870	harbor1	chr2	87460218	87460385	LTR/ERVL-MaLR	545	-	84	87460302	35432
chr2	87424870	87624870	harbor1	chr2	87478047	87478424	LTR/ERVL-MaLR	1926	-	188	87478235	53365
chr2	87424870	87624870	harbor1	chr2	87492142	87492368	LTR/ERVL-MaLR	515	-	113	87492255	67385
chr2	69381601	69581601	harbor1	chr2	69393337	69393482	LTR/ERVL-MaLR	568	-	72	69393409	11808
chr2	69381601	69581601	harbor1	chr2	69393784	69394200	LTR/ERVL-MaLR	568	-	208	69393992	12391
chr2	69381601	69581601	harbor1	chr2	69409500	69409922	LTR/ERVL-MaLR	1935	-	211	69409711	28110
chr2	190914213	191114213	harbor1	chr2	190995293	190995646	LTR/ERVL-MaLR	2354	-	176	190995469	81256
chr2	110569500	110769500	harbor1	chr2	110624434	110624843	LTR/ERVL-MaLR	2338	-	204	110624638	55138
chr2	113484094	113684094	harbor1	chr2	113514910	113515343	LTR/ERVL-MaLR	1783	-	216	113515126	31032
chr2	113484094	113684094	harbor1	chr2	113517272	113517578	LTR/ERVL-MaLR	616	-	153	113517425	33331
chr2	113484094	113684094	harbor1	chr2	113546245	113546603	LTR/ERVL-MaLR	1941	-	179	113546424	62330
chr2	113484094	113684094	harbor1	chr2	113557009	113557268	LTR/ERVL-MaLR	877	-	130	113557139	73045
chr2	113484094	113684094	harbor1	chr2	113557508	113557926	LTR/ERVL-MaLR	2437	-	209	113557717	73623
chr2	113484094	113684094	harbor1	chr2	113559771	113560217	LTR/ERVL-MaLR	1722	-	223	113559994	75900
chr2	113484094	113684094	harbor1	chr2	113573160	113573529	LTR/ERVL-MaLR	782	-	184	113573344	89250
chr2	113484094	113684094	harbor1	chr2	113573990	113575198	LTR/ERVL-MaLR	4023	-	604	113574594	90500
chr2	113484094	113684094	harbor1	chr2	113582330	113582508	LTR/ERVL-MaLR	758	-	89	113582419	98325
chr2	113484094	113684094	harbor1	chr2	113582614	113582768	LTR/ERVL-MaLR	764	-	77	113582691	98597
chr2	113484094	113684094	harbor1	chr2	113573831	113573989	LTR/ERVL-MaLR	715	-	79	113573910	89816
chr2	85227776	85427776	harbor1	chr2	85291094	85291520	LTR/ERVL-MaLR	2238	-	213	85291307	63531
chr2	86976350	87176350	harbor1	chr2	87030632	87030899	LTR/ERVL-MaLR	492	-	134	87030766	54416
chr2	26950257	27150257	harbor1	chr2	26986057	26986381	LTR/ERVL-MaLR	1283	-	162	26986219	35962
chr2	26950257	27150257	harbor1	chr2	27030486	27030876	LTR/ERVL-MaLR	2155	-	195	27030681	80424
chr2	74413594	74613594	harbor1	chr2	74444321	74444886	LTR/ERVL-MaLR	928	-	282	74444603	31009
chr2	120748279	120948279	harbor1	chr2	120838582	120838650	LTR/ERVL-MaLR	909	-	34	120838616	90337
chr2	120748279	120948279	harbor1	chr2	120838963	120839045	LTR/ERVL-MaLR	909	-	41	120839004	90725
chr2	56085054	56285054	harbor1	chr2	56105680	56106082	LTR/ERVL-MaLR	2564	-	201	56105881	20827
chr2	56085054	56285054	harbor1	chr2	56123784	56124049	LTR/ERVL-MaLR	1203	-	132	56123916	38862
chr2	56085054	56285054	harbor1	chr2	56124492	56124534	LTR/ERVL-MaLR	1080	-	21	56124513	39459
chr2	56085054	56285054	harbor1	chr2	56136119	56136257	LTR/ERVL-MaLR	829	-	69	56136188	51134
chr2	56085054	56285054	harbor1	chr2	56154078	56154423	LTR/ERVL-MaLR	568	-	172	56154250	69196
chr2	56085054	56285054	harbor1	chr2	56158018	56158394	LTR/ERVL-MaLR	1717	-	188	56158206	73152
chr2	56085054	56285054	harbor1	chr2	56176412	56176888	LTR/ERVL-MaLR	1089	-	238	56176650	91596
chr2	56085054	56285054	harbor1	chr2	56178522	56178947	LTR/ERVL-MaLR	2068	-	212	56178734	93680
chr2	219343396	219543396	harbor1	chr2	219362473	219363002	LTR/ERVL-MaLR	2713	-	264	219362737	19341
chr2	40242754	40442754	harbor1	chr2	40270290	40270789	LTR/ERVL-MaLR	2124	-	250	40270540	27786
chr2	40242754	40442754	harbor1	chr2	40321471	40321842	LTR/ERVL-MaLR	2779	-	186	40321657	78903
chr2	74415971	74615971	harbor1	chr2	74444321	74444886	LTR/ERVL-MaLR	928	-	282	74444603	28632
chr2	26950296	27150296	harbor1	chr2	26986057	26986381	LTR/ERVL-MaLR	1283	-	162	26986219	35923
chr2	26950296	27150296	harbor1	chr2	27030486	27030876	LTR/ERVL-MaLR	2155	-	195	27030681	80385
chr2	218165589	218365589	harbor1	chr2	218185265	218185724	LTR/ERVL-MaLR	2438	-	230	218185495	19906
chr2	218165589	218365589	harbor1	chr2	218186969	218187317	LTR/ERVL-MaLR	1508	-	174	218187143	21554
chr2	218165589	218365589	harbor1	chr2	218205487	218205560	LTR/ERVL-MaLR	1349	-	36	218205523	39934
chr2	218165589	218365589	harbor1	chr2	218205842	218206192	LTR/ERVL-MaLR	1349	-	175	218206017	40428
chr2	218165589	218365589	harbor1	chr2	218232354	218232546	LTR/ERVL-MaLR	1472	-	96	218232450	66861
chr2	218165589	218365589	harbor1	chr2	218232876	218233014	LTR/ERVL-MaLR	1472	-	69	218232945	67356
chr2	218165589	218365589	harbor1	chr2	218233365	218233411	LTR/ERVL-MaLR	1472	-	23	218233388	67799
chr2	240592012	240792012	harbor1	chr2	240600052	240600415	LTR/ERVL-MaLR	1927	-	182	240600234	8222
chr2	240592012	240792012	harbor1	chr2	240604707	240605064	LTR/ERVL-MaLR	1509	-	178	240604885	12873
chr2	240592012	240792012	harbor1	chr2	240654975	240655333	LTR/ERVL-MaLR	2372	-	179	240655154	63142
chr2	240592012	240792012	harbor1	chr2	240661046	240661486	LTR/ERVL-MaLR	2116	-	220	240661266	69254
chr2	56085032	56285032	harbor1	chr2	56105680	56106082	LTR/ERVL-MaLR	2564	-	201	56105881	20849
chr2	56085032	56285032	harbor1	chr2	56123784	56124049	LTR/ERVL-MaLR	1203	-	132	56123916	38884
chr2	56085032	56285032	harbor1	chr2	56124492	56124534	LTR/ERVL-MaLR	1080	-	21	56124513	39481
chr2	56085032	56285032	harbor1	chr2	56136119	56136257	LTR/ERVL-MaLR	829	-	69	56136188	51156
chr2	56085032	56285032	harbor1	chr2	56154078	56154423	LTR/ERVL-MaLR	568	-	172	56154250	69218
chr2	56085032	56285032	harbor1	chr2	56158018	56158394	LTR/ERVL-MaLR	1717	-	188	56158206	73174
chr2	56085032	56285032	harbor1	chr2	56176412	56176888	LTR/ERVL-MaLR	1089	-	238	56176650	91618
chr2	56085032	56285032	harbor1	chr2	56178522	56178947	LTR/ERVL-MaLR	2068	-	212	56178734	93702
chr2	56085009	56285009	harbor1	chr2	56105680	56106082	LTR/ERVL-MaLR	2564	-	201	56105881	20872
chr2	56085009	56285009	harbor1	chr2	56123784	56124049	LTR/ERVL-MaLR	1203	-	132	56123916	38907
chr2	56085009	56285009	harbor1	chr2	56124492	56124534	LTR/ERVL-MaLR	1080	-	21	56124513	39504
chr2	56085009	56285009	harbor1	chr2	56136119	56136257	LTR/ERVL-MaLR	829	-	69	56136188	51179
chr2	56085009	56285009	harbor1	chr2	56154078	56154423	LTR/ERVL-MaLR	568	-	172	56154250	69241
chr2	56085009	56285009	harbor1	chr2	56158018	56158394	LTR/ERVL-MaLR	1717	-	188	56158206	73197
chr2	56085009	56285009	harbor1	chr2	56176412	56176888	LTR/ERVL-MaLR	1089	-	238	56176650	91641
chr2	56085009	56285009	harbor1	chr2	56178522	56178947	LTR/ERVL-MaLR	2068	-	212	56178734	93725
chr2	6765980	6965980	harbor1	chr2	6779430	6779796	LTR/ERVL-MaLR	1838	-	183	6779613	13633
chr2	6765980	6965980	harbor1	chr2	6809856	6810049	LTR/ERVL-MaLR	748	-	96	6809952	43972
chr2	6765980	6965980	harbor1	chr2	6810235	6810459	LTR/ERVL-MaLR	794	-	112	6810347	44367
chr2	6765980	6965980	harbor1	chr2	6813818	6814240	LTR/ERVL-MaLR	768	-	211	6814029	48049
chr2	6765980	6965980	harbor1	chr2	6833290	6833437	LTR/ERVL-MaLR	519	-	74	6833364	67384
chr2	6765980	6965980	harbor1	chr2	6833488	6833679	LTR/ERVL-MaLR	750	-	96	6833584	67604
chr2	6765980	6965980	harbor1	chr2	6834056	6834460	LTR/ERVL-MaLR	1594	-	202	6834258	68278
chr2	6765980	6965980	harbor1	chr2	6836375	6836682	LTR/ERVL-MaLR	516	-	154	6836529	70549
chr2	70771209	70971209	harbor1	chr2	70794227	70794562	LTR/ERVL-MaLR	570	-	168	70794395	23186
chr2	70771209	70971209	harbor1	chr2	70798001	70798351	LTR/ERVL-MaLR	2342	-	175	70798176	26967
chr2	70771209	70971209	harbor1	chr2	70798352	70799923	LTR/ERVL-MaLR	12329	-	786	70799138	27929
chr2	70771209	70971209	harbor1	chr2	70799924	70800259	LTR/ERVL-MaLR	2127	-	168	70800092	28883
chr2	70771209	70971209	harbor1	chr2	70828502	70828671	LTR/ERVL-MaLR	478	-	84	70828586	57377
chr2	70771209	70971209	harbor1	chr2	70828965	70829197	LTR/ERVL-MaLR	478	-	116	70829081	57872
chr2	70771209	70971209	harbor1	chr2	70859989	70860124	LTR/ERVL-MaLR	1080	-	68	70860057	88848
chr2	70771209	70971209	harbor1	chr2	70863094	70863509	LTR/ERVL-MaLR	1205	-	208	70863302	92093
chr2	70771209	70971209	harbor1	chr2	70870516	70870670	LTR/ERVL-MaLR	948	-	77	70870593	99384
chr2	26950239	27150239	harbor1	chr2	26986057	26986381	LTR/ERVL-MaLR	1283	-	162	26986219	35980
chr2	26950239	27150239	harbor1	chr2	27030486	27030876	LTR/ERVL-MaLR	2155	-	195	27030681	80442
chr2	26154867	26354867	harbor1	chr2	26251844	26252333	LTR/ERVL-MaLR	1887	-	244	26252088	97221
chr2	207668717	207868717	harbor1	chr2	207679117	207679428	LTR/ERVL-MaLR	1611	-	156	207679273	10556
chr2	207668717	207868717	harbor1	chr2	207698314	207698560	LTR/ERVL-MaLR	1881	-	123	207698437	29720
chr2	207668717	207868717	harbor1	chr2	207698870	207698881	LTR/ERVL-MaLR	1881	-	6	207698876	30159
chr2	207668717	207868717	harbor1	chr2	207699183	207699373	LTR/ERVL-MaLR	1881	-	95	207699278	30561
chr2	74415648	74615648	harbor1	chr2	74444321	74444886	LTR/ERVL-MaLR	928	-	282	74444603	28955
chr2	46198509	46398509	harbor1	chr2	46198948	46199403	LTR/ERVL-MaLR	1268	-	228	46199176	667
chr2	46198509	46398509	harbor1	chr2	46224754	46225256	LTR/ERVL-MaLR	2227	-	251	46225005	26496
chr2	46198509	46398509	harbor1	chr2	46241161	46241709	LTR/ERVL-MaLR	2867	-	274	46241435	42926
chr2	46198509	46398509	harbor1	chr2	46269046	46269346	LTR/ERVL-MaLR	550	-	150	46269196	70687
chr2	1483290	1683290	harbor1	chr2	1511501	1511867	LTR/ERVL-MaLR	1225	-	183	1511684	28394
chr2	1483290	1683290	harbor1	chr2	1538729	1539143	LTR/ERVL-MaLR	1550	-	207	1538936	55646
chr2	1483290	1683290	harbor1	chr2	1543755	1544150	LTR/ERVL-MaLR	1684	-	198	1543953	60663
chr2	1483290	1683290	harbor1	chr2	1547297	1547640	LTR/ERVL-MaLR	468	-	172	1547469	64179
chr2	1483290	1683290	harbor1	chr2	1571157	1571527	LTR/ERVL-MaLR	1158	-	185	1571342	88052
chr2	1483290	1683290	harbor1	chr2	1574543	1574901	LTR/ERVL-MaLR	1883	-	179	1574722	91432
chr2	53760159	53960159	harbor1	chr2	53784416	53784880	LTR/ERVL-MaLR	1961	-	232	53784648	24489
chr2	70771799	70971799	harbor1	chr2	70794227	70794562	LTR/ERVL-MaLR	570	-	168	70794395	22596
chr2	70771799	70971799	harbor1	chr2	70798001	70798351	LTR/ERVL-MaLR	2342	-	175	70798176	26377
chr2	70771799	70971799	harbor1	chr2	70798352	70799923	LTR/ERVL-MaLR	12329	-	786	70799138	27339
chr2	70771799	70971799	harbor1	chr2	70799924	70800259	LTR/ERVL-MaLR	2127	-	168	70800092	28293
chr2	70771799	70971799	harbor1	chr2	70828502	70828671	LTR/ERVL-MaLR	478	-	84	70828586	56787
chr2	70771799	70971799	harbor1	chr2	70828965	70829197	LTR/ERVL-MaLR	478	-	116	70829081	57282
chr2	70771799	70971799	harbor1	chr2	70859989	70860124	LTR/ERVL-MaLR	1080	-	68	70860057	88258
chr2	70771799	70971799	harbor1	chr2	70863094	70863509	LTR/ERVL-MaLR	1205	-	208	70863302	91503
chr2	70771799	70971799	harbor1	chr2	70870516	70870670	LTR/ERVL-MaLR	948	-	77	70870593	98794
chr2	72787395	72987395	harbor1	chr2	72847732	72848218	LTR/ERVL-MaLR	2402	-	243	72847975	60580
chr2	72787395	72987395	harbor1	chr2	72856619	72857055	LTR/ERVL-MaLR	1975	-	218	72856837	69442
chr2	72787395	72987395	harbor1	chr2	72860390	72860764	LTR/ERVL-MaLR	2373	-	187	72860577	73182
chr2	72787395	72987395	harbor1	chr2	72863628	72864050	LTR/ERVL-MaLR	1069	-	211	72863839	76444
chr2	72787395	72987395	harbor1	chr2	72882123	72882342	LTR/ERVL-MaLR	2124	-	110	72882233	94838
chr2	72787395	72987395	harbor1	chr2	72882640	72882796	LTR/ERVL-MaLR	2124	-	78	72882718	95323
chr2	72787395	72987395	harbor1	chr2	72883081	72883122	LTR/ERVL-MaLR	2124	-	20	72883101	95706
chr2	72787395	72987395	harbor1	chr2	72884030	72884271	LTR/ERVL-MaLR	1767	-	120	72884150	96755
chr2	72787395	72987395	harbor1	chr2	72884272	72884705	LTR/ERVL-MaLR	2028	-	216	72884488	97093
chr2	240345243	240545243	harbor1	chr2	240345671	240346004	LTR/ERVL-MaLR	550	-	166	240345837	594
chr2	240345243	240545243	harbor1	chr2	240352518	240352866	LTR/ERVL-MaLR	2759	-	174	240352692	7449
chr2	240345243	240545243	harbor1	chr2	240372875	240373185	LTR/ERVL-MaLR	1008	-	155	240373030	27787
chr2	240345243	240545243	harbor1	chr2	240426728	240427138	LTR/ERVL-MaLR	2450	-	205	240426933	81690
chr2	240345243	240545243	harbor1	chr2	240442332	240442727	LTR/ERVL-MaLR	869	-	198	240442530	97287
chr2	61788838	61988838	harbor1	chr2	61800297	61800762	LTR/ERVL-MaLR	638	-	232	61800529	11691
chr2	26834370	27034370	harbor1	chr2	26888807	26889145	LTR/ERVL-MaLR	1597	-	169	26888976	54606
chr2	26834370	27034370	harbor1	chr2	26890659	26891051	LTR/ERVL-MaLR	1608	-	196	26890855	56485
chr2	26834370	27034370	harbor1	chr2	26905772	26906186	LTR/ERVL-MaLR	2094	-	207	26905979	71609
chr2	26834370	27034370	harbor1	chr2	26906482	26906668	LTR/ERVL-MaLR	2094	-	93	26906575	72205
chr2	111924427	112124427	harbor1	chr2	111939039	111939460	LTR/ERVL-MaLR	2697	-	210	111939249	14822
chr2	111924427	112124427	harbor1	chr2	111985516	111985854	LTR/ERVL-MaLR	2368	-	169	111985685	61258
chr2	26403814	26603814	harbor1	chr2	26416785	26417195	LTR/ERVL-MaLR	2746	-	205	26416990	13176
chr2	26403814	26603814	harbor1	chr2	26420252	26420380	LTR/ERVL-MaLR	462	-	64	26420316	16502
chr2	26403814	26603814	harbor1	chr2	26441946	26442298	LTR/ERVL-MaLR	1659	-	176	26442122	38308
chr2	120665083	120865083	harbor1	chr2	120667152	120667453	LTR/ERVL-MaLR	825	-	150	120667302	2219
chr2	120665083	120865083	harbor1	chr2	120667773	120667949	LTR/ERVL-MaLR	825	-	88	120667861	2778
chr2	120665083	120865083	harbor1	chr2	120668191	120668359	LTR/ERVL-MaLR	490	-	84	120668275	3192
chr2	120665083	120865083	harbor1	chr2	120683829	120684199	LTR/ERVL-MaLR	1660	-	185	120684014	18931
chr2	120665083	120865083	harbor1	chr2	120687176	120687596	LTR/ERVL-MaLR	1232	-	210	120687386	22303
chr2	120665083	120865083	harbor1	chr2	120689638	120689892	LTR/ERVL-MaLR	824	-	127	120689765	24682
chr2	120665083	120865083	harbor1	chr2	120713536	120713993	LTR/ERVL-MaLR	2432	-	228	120713764	48681
chr2	120665083	120865083	harbor1	chr2	120717514	120717787	LTR/ERVL-MaLR	1975	-	136	120717650	52567
chr2	120665083	120865083	harbor1	chr2	120718097	120718406	LTR/ERVL-MaLR	1975	-	154	120718251	53168
chr2	120665083	120865083	harbor1	chr2	120724183	120724549	LTR/ERVL-MaLR	1964	-	183	120724366	59283
chr2	120665083	120865083	harbor1	chr2	120725952	120726309	LTR/ERVL-MaLR	957	-	178	120726130	61047
chr2	70557451	70757451	harbor1	chr2	70583592	70583899	LTR/ERVL-MaLR	1595	-	154	70583746	26295
chr2	70557451	70757451	harbor1	chr2	70615391	70615747	LTR/ERVL-MaLR	1712	-	178	70615569	58118
chr2	70557451	70757451	harbor1	chr2	70639994	70640375	LTR/ERVL-MaLR	1119	-	190	70640184	82733
chr2	217613937	217813937	harbor1	chr2	217616602	217617019	LTR/ERVL-MaLR	1842	-	208	217616810	2873
chr2	217613937	217813937	harbor1	chr2	217635558	217636035	LTR/ERVL-MaLR	1574	-	238	217635796	21859
chr2	217613937	217813937	harbor1	chr2	217648058	217648474	LTR/ERVL-MaLR	1890	-	208	217648266	34329
chr2	217613937	217813937	harbor1	chr2	217669660	217670023	LTR/ERVL-MaLR	1705	-	182	217669842	55905
chr2	26939064	27139064	harbor1	chr2	26942206	26942453	LTR/ERVL-MaLR	1109	-	124	26942330	3266
chr2	26939064	27139064	harbor1	chr2	26986057	26986381	LTR/ERVL-MaLR	1283	-	162	26986219	47155
chr2	26939064	27139064	harbor1	chr2	27030486	27030876	LTR/ERVL-MaLR	2155	-	195	27030681	91617
chr2	43987388	44187388	harbor1	chr2	44047880	44048242	LTR/ERVL-MaLR	2110	-	181	44048061	60673
chr2	43987388	44187388	harbor1	chr2	44058911	44059274	LTR/ERVL-MaLR	2486	-	182	44059093	71705
chr2	43987388	44187388	harbor1	chr2	44059276	44059367	LTR/ERVL-MaLR	10273	-	46	44059322	71934
chr2	43987388	44187388	harbor1	chr2	44059673	44061035	LTR/ERVL-MaLR	10273	-	681	44060354	72966
chr2	127928563	128128563	harbor1	chr2	127969521	127969812	LTR/ERVL-MaLR	2213	-	146	127969667	41104
chr2	127928563	128128563	harbor1	chr2	127970723	127970869	LTR/ERVL-MaLR	2213	-	73	127970796	42233
chr2	26950213	27150213	harbor1	chr2	26986057	26986381	LTR/ERVL-MaLR	1283	-	162	26986219	36006
chr2	26950213	27150213	harbor1	chr2	27030486	27030876	LTR/ERVL-MaLR	2155	-	195	27030681	80468
chr2	26950376	27150376	harbor1	chr2	26986057	26986381	LTR/ERVL-MaLR	1283	-	162	26986219	35843
chr2	26950376	27150376	harbor1	chr2	27030486	27030876	LTR/ERVL-MaLR	2155	-	195	27030681	80305
chr2	111955758	112155758	harbor1	chr2	111985516	111985854	LTR/ERVL-MaLR	2368	-	169	111985685	29927
chr2	111955758	112155758	harbor1	chr2	112029938	112030355	LTR/ERVL-MaLR	2762	-	208	112030146	74388
chr2	111955758	112155758	harbor1	chr2	112047826	112048211	LTR/ERVL-MaLR	2239	-	192	112048018	92260
chr2	43055480	43255480	harbor1	chr2	43059465	43059929	LTR/ERVL-MaLR	1616	-	232	43059697	4217
chr2	43055480	43255480	harbor1	chr2	43060245	43060317	LTR/ERVL-MaLR	660	-	36	43060281	4801
chr2	43055480	43255480	harbor1	chr2	43084603	43085227	LTR/ERVL-MaLR	1908	-	312	43084915	29435
chr2	43055480	43255480	harbor1	chr2	43088123	43088694	LTR/ERVL-MaLR	606	-	286	43088409	32929
chr2	43055480	43255480	harbor1	chr2	43089001	43089324	LTR/ERVL-MaLR	1059	-	162	43089163	33683
chr2	43055480	43255480	harbor1	chr2	43089622	43089857	LTR/ERVL-MaLR	1059	-	118	43089740	34260
chr2	43055480	43255480	harbor1	chr2	43090413	43090688	LTR/ERVL-MaLR	4247	-	138	43090551	35071
chr2	43055480	43255480	harbor1	chr2	43091039	43091390	LTR/ERVL-MaLR	4247	-	176	43091215	35735
chr2	43055480	43255480	harbor1	chr2	43091495	43091895	LTR/ERVL-MaLR	4247	-	200	43091695	36215
chr2	43055480	43255480	harbor1	chr2	43092204	43092468	LTR/ERVL-MaLR	4247	-	132	43092336	36856
chr2	43055480	43255480	harbor1	chr2	43092486	43092977	LTR/ERVL-MaLR	1183	-	246	43092732	37252
chr2	43055480	43255480	harbor1	chr2	43098128	43098682	LTR/ERVL-MaLR	1821	-	277	43098405	42925
chr2	43055480	43255480	harbor1	chr2	43115576	43115701	LTR/ERVL-MaLR	1454	-	62	43115638	60158
chr2	43055480	43255480	harbor1	chr2	43115993	43116173	LTR/ERVL-MaLR	1454	-	90	43116083	60603
chr2	43055480	43255480	harbor1	chr2	43116482	43116592	LTR/ERVL-MaLR	1454	-	55	43116537	61057
chr2	43055480	43255480	harbor1	chr2	43116594	43116955	LTR/ERVL-MaLR	2105	-	180	43116774	61294
chr2	43055480	43255480	harbor1	chr2	43117240	43117353	LTR/ERVL-MaLR	2105	-	56	43117296	61816
chr2	43055480	43255480	harbor1	chr2	43117480	43117642	LTR/ERVL-MaLR	563	-	81	43117561	62081
chr2	43055480	43255480	harbor1	chr2	43117636	43118339	LTR/ERVL-MaLR	3832	-	352	43117988	62508
chr2	43055480	43255480	harbor1	chr2	43119375	43119876	LTR/ERVL-MaLR	1814	-	250	43119625	64145
chr2	43055480	43255480	harbor1	chr2	43142864	43143298	LTR/ERVL-MaLR	571	-	217	43143081	87601
chr2	43055480	43255480	harbor1	chr2	43089858	43090108	LTR/ERVL-MaLR	4247	-	125	43089983	34503
chr2	32257033	32457033	harbor1	chr2	32295312	32295612	LTR/ERVL-MaLR	1372	-	150	32295462	38429
chr2	32257033	32457033	harbor1	chr2	32295903	32295990	LTR/ERVL-MaLR	1372	-	44	32295947	38914
chr2	32257033	32457033	harbor1	chr2	32314933	32315431	LTR/ERVL-MaLR	719	-	249	32315182	58149
chr2	26950221	27150221	harbor1	chr2	26986057	26986381	LTR/ERVL-MaLR	1283	-	162	26986219	35998
chr2	26950221	27150221	harbor1	chr2	27030486	27030876	LTR/ERVL-MaLR	2155	-	195	27030681	80460
chr2	60966467	61166467	harbor1	chr2	61000367	61000668	LTR/ERVL-MaLR	1308	-	150	61000517	34050
chr2	60966467	61166467	harbor1	chr2	61063247	61063532	LTR/ERVL-MaLR	823	-	142	61063389	96922
chr2	113484139	113684139	harbor1	chr2	113514910	113515343	LTR/ERVL-MaLR	1783	-	216	113515126	30987
chr2	113484139	113684139	harbor1	chr2	113517272	113517578	LTR/ERVL-MaLR	616	-	153	113517425	33286
chr2	113484139	113684139	harbor1	chr2	113546245	113546603	LTR/ERVL-MaLR	1941	-	179	113546424	62285
chr2	113484139	113684139	harbor1	chr2	113557009	113557268	LTR/ERVL-MaLR	877	-	130	113557139	73000
chr2	113484139	113684139	harbor1	chr2	113557508	113557926	LTR/ERVL-MaLR	2437	-	209	113557717	73578
chr2	113484139	113684139	harbor1	chr2	113559771	113560217	LTR/ERVL-MaLR	1722	-	223	113559994	75855
chr2	113484139	113684139	harbor1	chr2	113573160	113573529	LTR/ERVL-MaLR	782	-	184	113573344	89205
chr2	113484139	113684139	harbor1	chr2	113573990	113575198	LTR/ERVL-MaLR	4023	-	604	113574594	90455
chr2	113484139	113684139	harbor1	chr2	113582330	113582508	LTR/ERVL-MaLR	758	-	89	113582419	98280
chr2	113484139	113684139	harbor1	chr2	113582614	113582768	LTR/ERVL-MaLR	764	-	77	113582691	98552
chr2	113484139	113684139	harbor1	chr2	113573831	113573989	LTR/ERVL-MaLR	715	-	79	113573910	89771
chr2	218179133	218379133	harbor1	chr2	218185265	218185724	LTR/ERVL-MaLR	2438	-	230	218185495	6362
chr2	218179133	218379133	harbor1	chr2	218186969	218187317	LTR/ERVL-MaLR	1508	-	174	218187143	8010
chr2	218179133	218379133	harbor1	chr2	218205487	218205560	LTR/ERVL-MaLR	1349	-	36	218205523	26390
chr2	218179133	218379133	harbor1	chr2	218205842	218206192	LTR/ERVL-MaLR	1349	-	175	218206017	26884
chr2	218179133	218379133	harbor1	chr2	218232354	218232546	LTR/ERVL-MaLR	1472	-	96	218232450	53317
chr2	218179133	218379133	harbor1	chr2	218232876	218233014	LTR/ERVL-MaLR	1472	-	69	218232945	53812
chr2	218179133	218379133	harbor1	chr2	218233365	218233411	LTR/ERVL-MaLR	1472	-	23	218233388	54255
chr2	113484029	113684029	harbor1	chr2	113514910	113515343	LTR/ERVL-MaLR	1783	-	216	113515126	31097
chr2	113484029	113684029	harbor1	chr2	113517272	113517578	LTR/ERVL-MaLR	616	-	153	113517425	33396
chr2	113484029	113684029	harbor1	chr2	113546245	113546603	LTR/ERVL-MaLR	1941	-	179	113546424	62395
chr2	113484029	113684029	harbor1	chr2	113557009	113557268	LTR/ERVL-MaLR	877	-	130	113557139	73110
chr2	113484029	113684029	harbor1	chr2	113557508	113557926	LTR/ERVL-MaLR	2437	-	209	113557717	73688
chr2	113484029	113684029	harbor1	chr2	113559771	113560217	LTR/ERVL-MaLR	1722	-	223	113559994	75965
chr2	113484029	113684029	harbor1	chr2	113573160	113573529	LTR/ERVL-MaLR	782	-	184	113573344	89315
chr2	113484029	113684029	harbor1	chr2	113573990	113575198	LTR/ERVL-MaLR	4023	-	604	113574594	90565
chr2	113484029	113684029	harbor1	chr2	113582330	113582508	LTR/ERVL-MaLR	758	-	89	113582419	98390
chr2	113484029	113684029	harbor1	chr2	113582614	113582768	LTR/ERVL-MaLR	764	-	77	113582691	98662
chr2	113484029	113684029	harbor1	chr2	113573831	113573989	LTR/ERVL-MaLR	715	-	79	113573910	89881
chr2	95817646	96017646	harbor1	chr2	95838110	95838296	LTR/ERVL-MaLR	714	-	93	95838203	20557
chr2	95817646	96017646	harbor1	chr2	95838350	95838757	LTR/ERVL-MaLR	2016	-	204	95838554	20908
chr2	42000972	42200972	harbor1	chr2	42003810	42004082	LTR/ERVL-MaLR	1727	-	136	42003946	2974
chr2	42000972	42200972	harbor1	chr2	42004577	42004637	LTR/ERVL-MaLR	1727	-	30	42004607	3635
chr2	42000972	42200972	harbor1	chr2	42015812	42016024	LTR/ERVL-MaLR	1909	-	106	42015918	14946
chr2	42000972	42200972	harbor1	chr2	42016337	42016491	LTR/ERVL-MaLR	1909	-	77	42016414	15442
chr2	42000972	42200972	harbor1	chr2	42083644	42084102	LTR/ERVL-MaLR	738	-	229	42083873	82901
chr2	26246137	26446137	harbor1	chr2	26251844	26252333	LTR/ERVL-MaLR	1887	-	244	26252088	5951
chr2	26246137	26446137	harbor1	chr2	26260733	26261182	LTR/ERVL-MaLR	510	-	224	26260957	14820
chr2	26246137	26446137	harbor1	chr2	26327502	26327762	LTR/ERVL-MaLR	1022	-	130	26327632	81495
chr2	26246137	26446137	harbor1	chr2	26327897	26328004	LTR/ERVL-MaLR	796	-	54	26327951	81814
chr2	42069414	42269414	harbor1	chr2	42083644	42084102	LTR/ERVL-MaLR	738	-	229	42083873	14459
chr2	42069414	42269414	harbor1	chr2	42148718	42149133	LTR/ERVL-MaLR	2454	-	208	42148926	79512
chr2	42069414	42269414	harbor1	chr2	42151557	42151674	LTR/ERVL-MaLR	613	-	58	42151615	82201
chr2	42069414	42269414	harbor1	chr2	42152081	42152269	LTR/ERVL-MaLR	613	-	94	42152175	82761
chr2	42069414	42269414	harbor1	chr2	42152596	42152971	LTR/ERVL-MaLR	2212	-	188	42152784	83370
chr2	42069414	42269414	harbor1	chr2	42163679	42163804	LTR/ERVL-MaLR	537	-	62	42163741	94327
chr2	111023174	111223174	harbor1	chr2	111046391	111046764	LTR/ERVL-MaLR	2750	-	186	111046577	23403
chr2	111023174	111223174	harbor1	chr2	111069067	111069139	LTR/ERVL-MaLR	948	-	36	111069103	45929
chr2	111023174	111223174	harbor1	chr2	111069452	111069611	LTR/ERVL-MaLR	948	-	80	111069532	46358
chr2	111023174	111223174	harbor1	chr2	111076666	111077146	LTR/ERVL-MaLR	1711	-	240	111076906	53732
chr2	111023174	111223174	harbor1	chr2	111094351	111094725	LTR/ERVL-MaLR	1788	-	187	111094538	71364
chr2	111023174	111223174	harbor1	chr2	111094726	111095176	LTR/ERVL-MaLR	522	-	225	111094951	71777
chr2	111023174	111223174	harbor1	chr2	111114101	111114464	LTR/ERVL-MaLR	857	-	182	111114283	91109
chr2	134566253	134766253	harbor1	chr2	134586208	134586672	LTR/ERVL-MaLR	2702	-	232	134586440	20187
chr2	134566253	134766253	harbor1	chr2	134625922	134626094	LTR/ERVL-MaLR	2154	-	86	134626008	59755
chr2	134566253	134766253	harbor1	chr2	134626405	134626710	LTR/ERVL-MaLR	2154	-	152	134626557	60304
chr2	134566253	134766253	harbor1	chr2	134632450	134632738	LTR/ERVL-MaLR	1594	-	144	134632594	66341
chr2	134566253	134766253	harbor1	chr2	134633058	134633136	LTR/ERVL-MaLR	1594	-	39	134633097	66844
chr2	134566253	134766253	harbor1	chr2	134665165	134665529	LTR/ERVL-MaLR	2859	-	182	134665347	99094
chr2	158868018	159068018	harbor1	chr2	158897251	158897546	LTR/ERVL-MaLR	1207	-	148	158897399	29381
chr2	158868018	159068018	harbor1	chr2	158920815	158921173	LTR/ERVL-MaLR	894	-	179	158920994	52976
chr2	158868018	159068018	harbor1	chr2	158925179	158925571	LTR/ERVL-MaLR	1513	-	196	158925375	57357
chr2	158868018	159068018	harbor1	chr2	158929630	158929914	LTR/ERVL-MaLR	2746	-	142	158929772	61754
chr2	158868018	159068018	harbor1	chr2	158930304	158930526	LTR/ERVL-MaLR	2746	-	111	158930415	62397
chr2	158868018	159068018	harbor1	chr2	158930866	158930915	LTR/ERVL-MaLR	2746	-	24	158930890	62872
chr2	158868018	159068018	harbor1	chr2	158937080	158937426	LTR/ERVL-MaLR	1000	-	173	158937253	69235
chr2	158868018	159068018	harbor1	chr2	158937769	158938310	LTR/ERVL-MaLR	1625	-	270	158938039	70021
chr2	158868018	159068018	harbor1	chr2	158944467	158944537	LTR/ERVL-MaLR	1873	-	35	158944502	76484
chr2	158868018	159068018	harbor1	chr2	158944845	158945130	LTR/ERVL-MaLR	1873	-	142	158944987	76969
chr2	158868018	159068018	harbor1	chr2	158953265	158953527	LTR/ERVL-MaLR	801	-	131	158953396	85378
chr2	96174902	96374902	harbor1	chr2	96228639	96228706	LTR/ERVL-MaLR	672	-	34	96228673	53771
chr2	96174902	96374902	harbor1	chr2	96228793	96229188	LTR/ERVL-MaLR	2104	-	198	96228991	54089
chr2	96174902	96374902	harbor1	chr2	96234628	96234898	LTR/ERVL-MaLR	518	-	135	96234763	59861
chr2	113484027	113684027	harbor1	chr2	113514910	113515343	LTR/ERVL-MaLR	1783	-	216	113515126	31099
chr2	113484027	113684027	harbor1	chr2	113517272	113517578	LTR/ERVL-MaLR	616	-	153	113517425	33398
chr2	113484027	113684027	harbor1	chr2	113546245	113546603	LTR/ERVL-MaLR	1941	-	179	113546424	62397
chr2	113484027	113684027	harbor1	chr2	113557009	113557268	LTR/ERVL-MaLR	877	-	130	113557139	73112
chr2	113484027	113684027	harbor1	chr2	113557508	113557926	LTR/ERVL-MaLR	2437	-	209	113557717	73690
chr2	113484027	113684027	harbor1	chr2	113559771	113560217	LTR/ERVL-MaLR	1722	-	223	113559994	75967
chr2	113484027	113684027	harbor1	chr2	113573160	113573529	LTR/ERVL-MaLR	782	-	184	113573344	89317
chr2	113484027	113684027	harbor1	chr2	113573990	113575198	LTR/ERVL-MaLR	4023	-	604	113574594	90567
chr2	113484027	113684027	harbor1	chr2	113582330	113582508	LTR/ERVL-MaLR	758	-	89	113582419	98392
chr2	113484027	113684027	harbor1	chr2	113582614	113582768	LTR/ERVL-MaLR	764	-	77	113582691	98664
chr2	113484027	113684027	harbor1	chr2	113573831	113573989	LTR/ERVL-MaLR	715	-	79	113573910	89883
chr2	72971175	73171175	harbor1	chr2	73049066	73049275	LTR/ERVL-MaLR	1791	-	104	73049170	77995
chr2	72971175	73171175	harbor1	chr2	73049555	73049705	LTR/ERVL-MaLR	1791	-	75	73049630	78455
chr2	72971175	73171175	harbor1	chr2	73049711	73050392	LTR/ERVL-MaLR	4527	-	340	73050051	78876
chr2	72971175	73171175	harbor1	chr2	73050422	73051257	LTR/ERVL-MaLR	4527	-	418	73050840	79665
chr2	72971175	73171175	harbor1	chr2	73051556	73051670	LTR/ERVL-MaLR	4527	-	57	73051613	80438
chr2	72971175	73171175	harbor1	chr2	73051671	73052001	LTR/ERVL-MaLR	1415	-	165	73051836	80661
chr2	26950215	27150215	harbor1	chr2	26986057	26986381	LTR/ERVL-MaLR	1283	-	162	26986219	36004
chr2	26950215	27150215	harbor1	chr2	27030486	27030876	LTR/ERVL-MaLR	2155	-	195	27030681	80466
chr2	218223831	218423831	harbor1	chr2	218232354	218232546	LTR/ERVL-MaLR	1472	-	96	218232450	8619
chr2	218223831	218423831	harbor1	chr2	218232876	218233014	LTR/ERVL-MaLR	1472	-	69	218232945	9114
chr2	218223831	218423831	harbor1	chr2	218233365	218233411	LTR/ERVL-MaLR	1472	-	23	218233388	9557
chr2	218223831	218423831	harbor1	chr2	218294281	218294498	LTR/ERVL-MaLR	1697	-	108	218294389	70558
chr2	218223831	218423831	harbor1	chr2	218294778	218294933	LTR/ERVL-MaLR	1697	-	78	218294856	71025
chr2	218223831	218423831	harbor1	chr2	218309603	218309650	LTR/ERVL-MaLR	643	-	24	218309627	85796
chr2	218223831	218423831	harbor1	chr2	218309957	218310179	LTR/ERVL-MaLR	643	-	111	218310068	86237
chr2	111955737	112155737	harbor1	chr2	111985516	111985854	LTR/ERVL-MaLR	2368	-	169	111985685	29948
chr2	111955737	112155737	harbor1	chr2	112029938	112030355	LTR/ERVL-MaLR	2762	-	208	112030146	74409
chr2	111955737	112155737	harbor1	chr2	112047826	112048211	LTR/ERVL-MaLR	2239	-	192	112048018	92281
chr2	72043426	72243426	harbor1	chr2	72061323	72061676	LTR/ERVL-MaLR	1929	-	176	72061499	18073
chr2	72043426	72243426	harbor1	chr2	72071115	72071419	LTR/ERVL-MaLR	1885	-	152	72071267	27841
chr2	72043426	72243426	harbor1	chr2	72071710	72071791	LTR/ERVL-MaLR	1885	-	40	72071750	28324
chr2	72043426	72243426	harbor1	chr2	72104060	72104245	LTR/ERVL-MaLR	642	-	92	72104152	60726
chr2	72043426	72243426	harbor1	chr2	72117074	72117455	LTR/ERVL-MaLR	2394	-	190	72117264	73838
chr3	107991301	108191301	harbor1	chr3	108002216	108002433	LTR/ERVL-MaLR	950	-	108	108002324	11023
chr3	107991301	108191301	harbor1	chr3	108019217	108019638	LTR/ERVL-MaLR	1076	-	210	108019427	28126
chr3	107991301	108191301	harbor1	chr3	108031624	108031984	LTR/ERVL-MaLR	1523	-	180	108031804	40503
chr3	107991372	108191372	harbor1	chr3	108002216	108002433	LTR/ERVL-MaLR	950	-	108	108002324	10952
chr3	107991372	108191372	harbor1	chr3	108019217	108019638	LTR/ERVL-MaLR	1076	-	210	108019427	28055
chr3	107991372	108191372	harbor1	chr3	108031624	108031984	LTR/ERVL-MaLR	1523	-	180	108031804	40432
chr3	50017175	50217175	harbor1	chr3	50030579	50030874	LTR/ERVL-MaLR	1055	-	148	50030727	13552
chr3	50017175	50217175	harbor1	chr3	50031996	50032190	LTR/ERVL-MaLR	623	-	97	50032093	14918
chr3	50017175	50217175	harbor1	chr3	50052630	50052969	LTR/ERVL-MaLR	778	-	170	50052800	35625
chr3	50017175	50217175	harbor1	chr3	50073206	50073590	LTR/ERVL-MaLR	2082	-	192	50073398	56223
chr3	107991276	108191276	harbor1	chr3	108002216	108002433	LTR/ERVL-MaLR	950	-	108	108002324	11048
chr3	107991276	108191276	harbor1	chr3	108019217	108019638	LTR/ERVL-MaLR	1076	-	210	108019427	28151
chr3	107991276	108191276	harbor1	chr3	108031624	108031984	LTR/ERVL-MaLR	1523	-	180	108031804	40528
chr3	46799606	46999606	harbor1	chr3	46821918	46822283	LTR/ERVL-MaLR	2373	-	182	46822100	22494
chr3	46799606	46999606	harbor1	chr3	46822284	46822342	LTR/ERVL-MaLR	12758	-	29	46822313	22707
chr3	46799606	46999606	harbor1	chr3	46822657	46824230	LTR/ERVL-MaLR	12758	-	786	46823443	23837
chr3	46799606	46999606	harbor1	chr3	46824231	46824599	LTR/ERVL-MaLR	2190	-	184	46824415	24809
chr3	53988061	54188061	harbor1	chr3	53991408	53991592	LTR/ERVL-MaLR	839	-	92	53991500	3439
chr3	53988061	54188061	harbor1	chr3	53991593	53992036	LTR/ERVL-MaLR	1902	-	222	53991815	3754
chr3	53988061	54188061	harbor1	chr3	53992037	53992319	LTR/ERVL-MaLR	839	-	141	53992178	4117
chr3	53988061	54188061	harbor1	chr3	54003997	54004292	LTR/ERVL-MaLR	511	-	148	54004145	16084
chr3	53988061	54188061	harbor1	chr3	54018518	54018879	LTR/ERVL-MaLR	2413	-	180	54018698	30637
chr3	53988061	54188061	harbor1	chr3	54022511	54022898	LTR/ERVL-MaLR	1939	-	194	54022705	34644
chr3	53988061	54188061	harbor1	chr3	54040903	54041395	LTR/ERVL-MaLR	1274	-	246	54041149	53088
chr3	53988061	54188061	harbor1	chr3	54050034	54050584	LTR/ERVL-MaLR	558	-	275	54050309	62248
chr3	53988061	54188061	harbor1	chr3	54050921	54051113	LTR/ERVL-MaLR	737	-	96	54051017	62956
chr3	53988061	54188061	harbor1	chr3	54056547	54056628	LTR/ERVL-MaLR	388	-	40	54056587	68526
chr3	53988061	54188061	harbor1	chr3	54056810	54056912	LTR/ERVL-MaLR	415	-	51	54056861	68800
chr3	53988061	54188061	harbor1	chr3	54058318	54058512	LTR/ERVL-MaLR	637	-	97	54058415	70354
chr3	178972064	179172064	harbor1	chr3	178976750	178976806	LTR/ERVL-MaLR	623	-	28	178976778	4714
chr3	178972064	179172064	harbor1	chr3	178977092	178977514	LTR/ERVL-MaLR	648	-	211	178977303	5239
chr3	178972064	179172064	harbor1	chr3	178989212	178989575	LTR/ERVL-MaLR	2321	-	182	178989394	17330
chr3	178972064	179172064	harbor1	chr3	178989578	178990996	LTR/ERVL-MaLR	9134	-	709	178990287	18223
chr3	178972064	179172064	harbor1	chr3	178991002	178991364	LTR/ERVL-MaLR	2268	-	181	178991183	19119
chr3	11190614	11390614	harbor1	chr3	11193389	11193583	LTR/ERVL-MaLR	1311	-	97	11193486	2872
chr3	11190614	11390614	harbor1	chr3	11193584	11193833	LTR/ERVL-MaLR	1401	-	124	11193708	3094
chr3	11190614	11390614	harbor1	chr3	11209560	11209749	LTR/ERVL-MaLR	735	-	94	11209654	19040
chr3	11190614	11390614	harbor1	chr3	11213428	11213775	LTR/ERVL-MaLR	1205	-	174	11213602	22988
chr3	11190614	11390614	harbor1	chr3	11239954	11240183	LTR/ERVL-MaLR	722	-	114	11240068	49454
chr3	11190614	11390614	harbor1	chr3	11243973	11244441	LTR/ERVL-MaLR	1646	-	234	11244207	53593
chr3	11190614	11390614	harbor1	chr3	11264291	11264661	LTR/ERVL-MaLR	1635	-	185	11264476	73862
chr3	107991344	108191344	harbor1	chr3	108002216	108002433	LTR/ERVL-MaLR	950	-	108	108002324	10980
chr3	107991344	108191344	harbor1	chr3	108019217	108019638	LTR/ERVL-MaLR	1076	-	210	108019427	28083
chr3	107991344	108191344	harbor1	chr3	108031624	108031984	LTR/ERVL-MaLR	1523	-	180	108031804	40460
chr3	4697391	4897391	harbor1	chr3	4700711	4701067	LTR/ERVL-MaLR	2379	-	178	4700889	3498
chr3	4697391	4897391	harbor1	chr3	4707262	4707698	LTR/ERVL-MaLR	1701	-	218	4707480	10089
chr3	4697391	4897391	harbor1	chr3	4739661	4740169	LTR/ERVL-MaLR	1000	-	254	4739915	42524
chr3	4697391	4897391	harbor1	chr3	4760516	4761011	LTR/ERVL-MaLR	1799	-	248	4760764	63373
chr3	4697391	4897391	harbor1	chr3	4791875	4792348	LTR/ERVL-MaLR	1827	-	236	4792111	94720
chr3	4697391	4897391	harbor1	chr3	4792358	4792913	LTR/ERVL-MaLR	2230	-	278	4792636	95245
chr3	107991369	108191369	harbor1	chr3	108002216	108002433	LTR/ERVL-MaLR	950	-	108	108002324	10955
chr3	107991369	108191369	harbor1	chr3	108019217	108019638	LTR/ERVL-MaLR	1076	-	210	108019427	28058
chr3	107991369	108191369	harbor1	chr3	108031624	108031984	LTR/ERVL-MaLR	1523	-	180	108031804	40435
chr3	127490205	127690205	harbor1	chr3	127492939	127493056	LTR/ERVL-MaLR	1349	-	58	127492997	2792
chr3	127490205	127690205	harbor1	chr3	127493057	127493459	LTR/ERVL-MaLR	2548	-	201	127493258	3053
chr3	127490205	127690205	harbor1	chr3	127493460	127495115	LTR/ERVL-MaLR	9552	-	828	127494288	4083
chr3	127490205	127690205	harbor1	chr3	127495116	127495524	LTR/ERVL-MaLR	2720	-	204	127495320	5115
chr3	127490205	127690205	harbor1	chr3	127495525	127495858	LTR/ERVL-MaLR	1349	-	166	127495691	5486
chr3	127490205	127690205	harbor1	chr3	127497558	127498139	LTR/ERVL-MaLR	1387	-	290	127497848	7643
chr3	127490205	127690205	harbor1	chr3	127532304	127532720	LTR/ERVL-MaLR	2127	-	208	127532512	42307
chr3	127490205	127690205	harbor1	chr3	127569344	127569696	LTR/ERVL-MaLR	640	-	176	127569520	79315
chr3	127490205	127690205	harbor1	chr3	127570918	127571368	LTR/ERVL-MaLR	1369	-	225	127571143	80938
chr3	127490205	127690205	harbor1	chr3	127565659	127566010	LTR/ERVL-MaLR	698	-	176	127565835	75630
chr3	49577958	49777958	harbor1	chr3	49641152	49641460	LTR/ERVL-MaLR	518	-	154	49641306	63348
chr3	140272103	140472103	harbor1	chr3	140294338	140294553	LTR/ERVL-MaLR	609	-	108	140294446	22343
chr3	140272103	140472103	harbor1	chr3	140294706	140295072	LTR/ERVL-MaLR	1480	-	183	140294889	22786
chr3	140272103	140472103	harbor1	chr3	140304293	140304656	LTR/ERVL-MaLR	1788	-	182	140304475	32372
chr3	140272103	140472103	harbor1	chr3	140319190	140319314	LTR/ERVL-MaLR	402	-	62	140319252	47149
chr3	140272103	140472103	harbor1	chr3	140323712	140323819	LTR/ERVL-MaLR	504	-	54	140323766	51663
chr3	140272103	140472103	harbor1	chr3	140337166	140337592	LTR/ERVL-MaLR	1404	-	213	140337379	65276
chr3	140272103	140472103	harbor1	chr3	140342562	140343083	LTR/ERVL-MaLR	1409	-	260	140342822	70719
chr3	49583906	49783906	harbor1	chr3	49641152	49641460	LTR/ERVL-MaLR	518	-	154	49641306	57400
chr3	143020785	143220785	harbor1	chr3	143071999	143072319	LTR/ERVL-MaLR	1487	-	160	143072159	51374
chr3	143020785	143220785	harbor1	chr3	143072753	143072871	LTR/ERVL-MaLR	1487	-	59	143072812	52027
chr3	143020785	143220785	harbor1	chr3	143083872	143084258	LTR/ERVL-MaLR	582	-	193	143084065	63280
chr3	107991302	108191302	harbor1	chr3	108002216	108002433	LTR/ERVL-MaLR	950	-	108	108002324	11022
chr3	107991302	108191302	harbor1	chr3	108019217	108019638	LTR/ERVL-MaLR	1076	-	210	108019427	28125
chr3	107991302	108191302	harbor1	chr3	108031624	108031984	LTR/ERVL-MaLR	1523	-	180	108031804	40502
chr3	197859562	198059562	harbor1	chr3	197896544	197896852	LTR/ERVL-MaLR	1335	-	154	197896698	37136
chr3	197859562	198059562	harbor1	chr3	197896930	197896999	LTR/ERVL-MaLR	408	-	34	197896964	37402
chr3	197859562	198059562	harbor1	chr3	197898528	197898859	LTR/ERVL-MaLR	2107	-	166	197898694	39132
chr3	107991335	108191335	harbor1	chr3	108002216	108002433	LTR/ERVL-MaLR	950	-	108	108002324	10989
chr3	107991335	108191335	harbor1	chr3	108019217	108019638	LTR/ERVL-MaLR	1076	-	210	108019427	28092
chr3	107991335	108191335	harbor1	chr3	108031624	108031984	LTR/ERVL-MaLR	1523	-	180	108031804	40469
chr3	7485739	7685739	harbor1	chr3	7498928	7499409	LTR/ERVL-MaLR	596	-	240	7499168	13429
chr3	7485739	7685739	harbor1	chr3	7504429	7504807	LTR/ERVL-MaLR	1378	-	189	7504618	18879
chr3	7485739	7685739	harbor1	chr3	7504808	7506520	LTR/ERVL-MaLR	5629	-	856	7505664	19925
chr3	7485739	7685739	harbor1	chr3	7506529	7506919	LTR/ERVL-MaLR	1097	-	195	7506724	20985
chr3	7485739	7685739	harbor1	chr3	7519715	7519883	LTR/ERVL-MaLR	1003	-	84	7519799	34060
chr3	7485739	7685739	harbor1	chr3	7519913	7520222	LTR/ERVL-MaLR	1003	-	154	7520067	34328
chr3	7485739	7685739	harbor1	chr3	7541779	7542236	LTR/ERVL-MaLR	1676	-	228	7542007	56268
chr3	7485739	7685739	harbor1	chr3	7551798	7552108	LTR/ERVL-MaLR	1759	-	155	7551953	66214
chr3	7485739	7685739	harbor1	chr3	7553467	7553857	LTR/ERVL-MaLR	2018	-	195	7553662	67923
chr3	7485739	7685739	harbor1	chr3	7556002	7556348	LTR/ERVL-MaLR	1686	-	173	7556175	70436
chr3	7485739	7685739	harbor1	chr3	7559733	7560088	LTR/ERVL-MaLR	1351	-	178	7559911	74172
chr3	7485739	7685739	harbor1	chr3	7568261	7568423	LTR/ERVL-MaLR	2150	-	81	7568342	82603
chr3	7485739	7685739	harbor1	chr3	7569973	7570187	LTR/ERVL-MaLR	2150	-	107	7570080	84341
chr3	7485739	7685739	harbor1	chr3	7570188	7571757	LTR/ERVL-MaLR	11505	-	784	7570972	85233
chr3	7485739	7685739	harbor1	chr3	7571758	7572133	LTR/ERVL-MaLR	2326	-	188	7571946	86207
chr3	7485739	7685739	harbor1	chr3	7576819	7577017	LTR/ERVL-MaLR	534	-	99	7576918	91179
chr3	7485739	7685739	harbor1	chr3	7552111	7553464	LTR/ERVL-MaLR	8531	-	676	7552787	67048
chr3	43898752	44098752	harbor1	chr3	43900174	43900328	LTR/ERVL-MaLR	593	-	77	43900251	1499
chr3	43898752	44098752	harbor1	chr3	43912973	43913438	LTR/ERVL-MaLR	567	-	232	43913205	14453
chr3	43898752	44098752	harbor1	chr3	43925550	43925670	LTR/ERVL-MaLR	412	-	60	43925610	26858
chr3	43898752	44098752	harbor1	chr3	43950565	43951040	LTR/ERVL-MaLR	1174	-	238	43950803	52051
chr3	43898752	44098752	harbor1	chr3	43954115	43954332	LTR/ERVL-MaLR	553	-	108	43954223	55471
chr3	43898752	44098752	harbor1	chr3	43969764	43970070	LTR/ERVL-MaLR	416	-	153	43969917	71165
chr3	43898752	44098752	harbor1	chr3	43975650	43976176	LTR/ERVL-MaLR	1949	-	263	43975913	77161
chr3	126256980	126456980	harbor1	chr3	126256767	126257075	LTR/ERVL-MaLR	1299	-	154	126256921	59
chr3	126256980	126456980	harbor1	chr3	126258342	126258568	LTR/ERVL-MaLR	396	-	113	126258455	1475
chr3	126256980	126456980	harbor1	chr3	126277011	126277381	LTR/ERVL-MaLR	2388	-	185	126277196	20216
chr3	126256980	126456980	harbor1	chr3	126305297	126305647	LTR/ERVL-MaLR	474	-	175	126305472	48492
chr3	126256980	126456980	harbor1	chr3	126309940	126310258	LTR/ERVL-MaLR	928	-	159	126310099	53119
chr3	126256980	126456980	harbor1	chr3	126310496	126310872	LTR/ERVL-MaLR	2085	-	188	126310684	53704
chr3	126256980	126456980	harbor1	chr3	126312689	126312978	LTR/ERVL-MaLR	1406	-	144	126312833	55853
chr3	126256980	126456980	harbor1	chr3	126313387	126313538	LTR/ERVL-MaLR	1406	-	76	126313463	56483
chr3	126256980	126456980	harbor1	chr3	126313715	126313891	LTR/ERVL-MaLR	423	-	88	126313803	56823
chr3	126256980	126456980	harbor1	chr3	126314913	126315314	LTR/ERVL-MaLR	1879	-	200	126315113	58133
chr3	126256980	126456980	harbor1	chr3	126322185	126322653	LTR/ERVL-MaLR	1911	-	234	126322419	65439
chr3	49589474	49789474	harbor1	chr3	49641152	49641460	LTR/ERVL-MaLR	518	-	154	49641306	51832
chr3	107991385	108191385	harbor1	chr3	108002216	108002433	LTR/ERVL-MaLR	950	-	108	108002324	10939
chr3	107991385	108191385	harbor1	chr3	108019217	108019638	LTR/ERVL-MaLR	1076	-	210	108019427	28042
chr3	107991385	108191385	harbor1	chr3	108031624	108031984	LTR/ERVL-MaLR	1523	-	180	108031804	40419
chr3	127572813	127772813	harbor1	chr3	127592118	127592288	LTR/ERVL-MaLR	494	-	85	127592203	19390
chr3	127572813	127772813	harbor1	chr3	127594982	127595216	LTR/ERVL-MaLR	388	-	117	127595099	22286
chr3	127572813	127772813	harbor1	chr3	127613738	127614113	LTR/ERVL-MaLR	1844	-	188	127613926	41113
chr3	127572813	127772813	harbor1	chr3	127635773	127636177	LTR/ERVL-MaLR	1475	-	202	127635975	63162
chr3	183820276	184020276	harbor1	chr3	183850117	183850561	LTR/ERVL-MaLR	1444	-	222	183850339	30063
chr3	183820276	184020276	harbor1	chr3	183878209	183878443	LTR/ERVL-MaLR	687	-	117	183878326	58050
chr3	107991358	108191358	harbor1	chr3	108002216	108002433	LTR/ERVL-MaLR	950	-	108	108002324	10966
chr3	107991358	108191358	harbor1	chr3	108019217	108019638	LTR/ERVL-MaLR	1076	-	210	108019427	28069
chr3	107991358	108191358	harbor1	chr3	108031624	108031984	LTR/ERVL-MaLR	1523	-	180	108031804	40446
chr3	156989221	157189221	harbor1	chr3	157003349	157003771	LTR/ERVL-MaLR	2007	-	211	157003560	14339
chr3	156989221	157189221	harbor1	chr3	157029959	157030350	LTR/ERVL-MaLR	2485	-	196	157030155	40934
chr3	156989221	157189221	harbor1	chr3	157030570	157031125	LTR/ERVL-MaLR	2699	-	278	157030848	41627
chr3	156989221	157189221	harbor1	chr3	157074906	157075348	LTR/ERVL-MaLR	2348	-	221	157075127	85906
chr3	156989221	157189221	harbor1	chr3	157085723	157086193	LTR/ERVL-MaLR	2028	-	235	157085958	96737
chr3	107991326	108191326	harbor1	chr3	108002216	108002433	LTR/ERVL-MaLR	950	-	108	108002324	10998
chr3	107991326	108191326	harbor1	chr3	108019217	108019638	LTR/ERVL-MaLR	1076	-	210	108019427	28101
chr3	107991326	108191326	harbor1	chr3	108031624	108031984	LTR/ERVL-MaLR	1523	-	180	108031804	40478
chr3	126257099	126457099	harbor1	chr3	126258342	126258568	LTR/ERVL-MaLR	396	-	113	126258455	1356
chr3	126257099	126457099	harbor1	chr3	126277011	126277381	LTR/ERVL-MaLR	2388	-	185	126277196	20097
chr3	126257099	126457099	harbor1	chr3	126305297	126305647	LTR/ERVL-MaLR	474	-	175	126305472	48373
chr3	126257099	126457099	harbor1	chr3	126309940	126310258	LTR/ERVL-MaLR	928	-	159	126310099	53000
chr3	126257099	126457099	harbor1	chr3	126310496	126310872	LTR/ERVL-MaLR	2085	-	188	126310684	53585
chr3	126257099	126457099	harbor1	chr3	126312689	126312978	LTR/ERVL-MaLR	1406	-	144	126312833	55734
chr3	126257099	126457099	harbor1	chr3	126313387	126313538	LTR/ERVL-MaLR	1406	-	76	126313463	56364
chr3	126257099	126457099	harbor1	chr3	126313715	126313891	LTR/ERVL-MaLR	423	-	88	126313803	56704
chr3	126257099	126457099	harbor1	chr3	126314913	126315314	LTR/ERVL-MaLR	1879	-	200	126315113	58014
chr3	126257099	126457099	harbor1	chr3	126322185	126322653	LTR/ERVL-MaLR	1911	-	234	126322419	65320
chr3	107991288	108191288	harbor1	chr3	108002216	108002433	LTR/ERVL-MaLR	950	-	108	108002324	11036
chr3	107991288	108191288	harbor1	chr3	108019217	108019638	LTR/ERVL-MaLR	1076	-	210	108019427	28139
chr3	107991288	108191288	harbor1	chr3	108031624	108031984	LTR/ERVL-MaLR	1523	-	180	108031804	40516
chr3	107991382	108191382	harbor1	chr3	108002216	108002433	LTR/ERVL-MaLR	950	-	108	108002324	10942
chr3	107991382	108191382	harbor1	chr3	108019217	108019638	LTR/ERVL-MaLR	1076	-	210	108019427	28045
chr3	107991382	108191382	harbor1	chr3	108031624	108031984	LTR/ERVL-MaLR	1523	-	180	108031804	40422
chr3	107991314	108191314	harbor1	chr3	108002216	108002433	LTR/ERVL-MaLR	950	-	108	108002324	11010
chr3	107991314	108191314	harbor1	chr3	108019217	108019638	LTR/ERVL-MaLR	1076	-	210	108019427	28113
chr3	107991314	108191314	harbor1	chr3	108031624	108031984	LTR/ERVL-MaLR	1523	-	180	108031804	40490
chr3	107991379	108191379	harbor1	chr3	108002216	108002433	LTR/ERVL-MaLR	950	-	108	108002324	10945
chr3	107991379	108191379	harbor1	chr3	108019217	108019638	LTR/ERVL-MaLR	1076	-	210	108019427	28048
chr3	107991379	108191379	harbor1	chr3	108031624	108031984	LTR/ERVL-MaLR	1523	-	180	108031804	40425
chr3	23710865	23910865	harbor1	chr3	23713786	23713919	LTR/ERVL-MaLR	407	-	66	23713852	2987
chr3	23710865	23910865	harbor1	chr3	23716478	23716516	LTR/ERVL-MaLR	1616	-	19	23716497	5632
chr3	23710865	23910865	harbor1	chr3	23716768	23717046	LTR/ERVL-MaLR	1616	-	139	23716907	6042
chr3	23710865	23910865	harbor1	chr3	23717352	23717387	LTR/ERVL-MaLR	1616	-	18	23717370	6505
chr3	23710865	23910865	harbor1	chr3	23723435	23723522	LTR/ERVL-MaLR	728	-	44	23723479	12614
chr3	23710865	23910865	harbor1	chr3	23724771	23725087	LTR/ERVL-MaLR	1504	-	158	23724929	14064
chr3	23710865	23910865	harbor1	chr3	23731142	23731530	LTR/ERVL-MaLR	814	-	194	23731336	20471
chr3	23710865	23910865	harbor1	chr3	23749752	23750045	LTR/ERVL-MaLR	1718	-	146	23749898	39033
chr3	23710865	23910865	harbor1	chr3	23780391	23780485	LTR/ERVL-MaLR	503	-	47	23780438	69573
chr3	23710865	23910865	harbor1	chr3	23723823	23724199	LTR/ERVL-MaLR	728	-	188	23724011	13146
chr3	49416491	49616491	harbor1	chr3	49513038	49513436	LTR/ERVL-MaLR	1181	-	199	49513237	96746
chr3	4658451	4858451	harbor1	chr3	4682047	4682521	LTR/ERVL-MaLR	1285	-	237	4682284	23833
chr3	4658451	4858451	harbor1	chr3	4700711	4701067	LTR/ERVL-MaLR	2379	-	178	4700889	42438
chr3	4658451	4858451	harbor1	chr3	4707262	4707698	LTR/ERVL-MaLR	1701	-	218	4707480	49029
chr3	4658451	4858451	harbor1	chr3	4739661	4740169	LTR/ERVL-MaLR	1000	-	254	4739915	81464
chr3	107991341	108191341	harbor1	chr3	108002216	108002433	LTR/ERVL-MaLR	950	-	108	108002324	10983
chr3	107991341	108191341	harbor1	chr3	108019217	108019638	LTR/ERVL-MaLR	1076	-	210	108019427	28086
chr3	107991341	108191341	harbor1	chr3	108031624	108031984	LTR/ERVL-MaLR	1523	-	180	108031804	40463
chr3	107991400	108191400	harbor1	chr3	108002216	108002433	LTR/ERVL-MaLR	950	-	108	108002324	10924
chr3	107991400	108191400	harbor1	chr3	108019217	108019638	LTR/ERVL-MaLR	1076	-	210	108019427	28027
chr3	107991400	108191400	harbor1	chr3	108031624	108031984	LTR/ERVL-MaLR	1523	-	180	108031804	40404
chr3	4725656	4925656	harbor1	chr3	4739661	4740169	LTR/ERVL-MaLR	1000	-	254	4739915	14259
chr3	4725656	4925656	harbor1	chr3	4760516	4761011	LTR/ERVL-MaLR	1799	-	248	4760764	35108
chr3	4725656	4925656	harbor1	chr3	4791875	4792348	LTR/ERVL-MaLR	1827	-	236	4792111	66455
chr3	4725656	4925656	harbor1	chr3	4792358	4792913	LTR/ERVL-MaLR	2230	-	278	4792636	66980
chr3	4725656	4925656	harbor1	chr3	4802945	4803303	LTR/ERVL-MaLR	1715	-	179	4803124	77468
chr3	4725656	4925656	harbor1	chr3	4805066	4805559	LTR/ERVL-MaLR	867	-	246	4805312	79656
chr3	129021178	129221178	harbor1	chr3	129024173	129024248	LTR/ERVL-MaLR	1818	-	38	129024211	3033
chr3	129021178	129221178	harbor1	chr3	129024561	129024858	LTR/ERVL-MaLR	1818	-	148	129024709	3531
chr3	129021178	129221178	harbor1	chr3	129029403	129029454	LTR/ERVL-MaLR	390	-	26	129029429	8251
chr3	129021178	129221178	harbor1	chr3	129030208	129030565	LTR/ERVL-MaLR	621	-	178	129030386	9208
chr3	129021178	129221178	harbor1	chr3	129031551	129031976	LTR/ERVL-MaLR	952	-	212	129031763	10585
chr3	129021178	129221178	harbor1	chr3	129034477	129034963	LTR/ERVL-MaLR	739	-	243	129034720	13542
chr3	129021178	129221178	harbor1	chr3	129058926	129059024	LTR/ERVL-MaLR	475	-	49	129058975	37797
chr3	129021178	129221178	harbor1	chr3	129064424	129064626	LTR/ERVL-MaLR	801	-	101	129064525	43347
chr3	129021178	129221178	harbor1	chr3	129064856	129064957	LTR/ERVL-MaLR	801	-	50	129064906	43728
chr3	129021178	129221178	harbor1	chr3	129075321	129075735	LTR/ERVL-MaLR	2231	-	207	129075528	54350
chr3	107991325	108191325	harbor1	chr3	108002216	108002433	LTR/ERVL-MaLR	950	-	108	108002324	10999
chr3	107991325	108191325	harbor1	chr3	108019217	108019638	LTR/ERVL-MaLR	1076	-	210	108019427	28102
chr3	107991325	108191325	harbor1	chr3	108031624	108031984	LTR/ERVL-MaLR	1523	-	180	108031804	40479
chr3	47534446	47734446	harbor1	chr3	47544126	47544452	LTR/ERVL-MaLR	617	-	163	47544289	9843
chr3	184216377	184416377	harbor1	chr3	184267283	184267639	LTR/ERVL-MaLR	2384	-	178	184267461	51084
chr3	52830611	53030611	harbor1	chr3	52863188	52863534	LTR/ERVL-MaLR	2335	-	173	52863361	32750
chr3	52830611	53030611	harbor1	chr3	52863535	52864947	LTR/ERVL-MaLR	11144	-	706	52864241	33630
chr3	52830611	53030611	harbor1	chr3	52865244	52865406	LTR/ERVL-MaLR	11144	-	81	52865325	34714
chr3	52830611	53030611	harbor1	chr3	52865411	52865740	LTR/ERVL-MaLR	2035	-	164	52865575	34964
chr3	52830611	53030611	harbor1	chr3	52881950	52882444	LTR/ERVL-MaLR	1535	-	247	52882197	51586
chr3	128328776	128528776	harbor1	chr3	128339712	128340071	LTR/ERVL-MaLR	2177	-	180	128339892	11116
chr3	128328776	128528776	harbor1	chr3	128366876	128367259	LTR/ERVL-MaLR	2268	-	192	128367068	38292
chr3	128328776	128528776	harbor1	chr3	128386568	128386964	LTR/ERVL-MaLR	2387	-	198	128386766	57990
chr3	123544722	123744722	harbor1	chr3	123572869	123573081	LTR/ERVL-MaLR	499	-	106	123572975	28253
chr3	123544722	123744722	harbor1	chr3	123590291	123591868	LTR/ERVL-MaLR	11670	-	788	123591079	46357
chr3	123544722	123744722	harbor1	chr3	123591869	123591995	LTR/ERVL-MaLR	2289	-	63	123591932	47210
chr3	123544722	123744722	harbor1	chr3	123592348	123592592	LTR/ERVL-MaLR	2289	-	122	123592470	47748
chr3	123544722	123744722	harbor1	chr3	123595369	123595485	LTR/ERVL-MaLR	417	-	58	123595427	50705
chr3	123544722	123744722	harbor1	chr3	123610317	123610614	LTR/ERVL-MaLR	764	-	148	123610465	65743
chr3	50488218	50688218	harbor1	chr3	50519360	50519736	LTR/ERVL-MaLR	926	-	188	50519548	31330
chr3	107991338	108191338	harbor1	chr3	108002216	108002433	LTR/ERVL-MaLR	950	-	108	108002324	10986
chr3	107991338	108191338	harbor1	chr3	108019217	108019638	LTR/ERVL-MaLR	1076	-	210	108019427	28089
chr3	107991338	108191338	harbor1	chr3	108031624	108031984	LTR/ERVL-MaLR	1523	-	180	108031804	40466
chr3	107990780	108190780	harbor1	chr3	108002216	108002433	LTR/ERVL-MaLR	950	-	108	108002324	11544
chr3	107990780	108190780	harbor1	chr3	108019217	108019638	LTR/ERVL-MaLR	1076	-	210	108019427	28647
chr3	107990780	108190780	harbor1	chr3	108031624	108031984	LTR/ERVL-MaLR	1523	-	180	108031804	41024
chr3	107991316	108191316	harbor1	chr3	108002216	108002433	LTR/ERVL-MaLR	950	-	108	108002324	11008
chr3	107991316	108191316	harbor1	chr3	108019217	108019638	LTR/ERVL-MaLR	1076	-	210	108019427	28111
chr3	107991316	108191316	harbor1	chr3	108031624	108031984	LTR/ERVL-MaLR	1523	-	180	108031804	40488
chr3	123544636	123744636	harbor1	chr3	123572869	123573081	LTR/ERVL-MaLR	499	-	106	123572975	28339
chr3	123544636	123744636	harbor1	chr3	123590291	123591868	LTR/ERVL-MaLR	11670	-	788	123591079	46443
chr3	123544636	123744636	harbor1	chr3	123591869	123591995	LTR/ERVL-MaLR	2289	-	63	123591932	47296
chr3	123544636	123744636	harbor1	chr3	123592348	123592592	LTR/ERVL-MaLR	2289	-	122	123592470	47834
chr3	123544636	123744636	harbor1	chr3	123595369	123595485	LTR/ERVL-MaLR	417	-	58	123595427	50791
chr3	123544636	123744636	harbor1	chr3	123610317	123610614	LTR/ERVL-MaLR	764	-	148	123610465	65829
chr3	156575295	156775295	harbor1	chr3	156579867	156580135	LTR/ERVL-MaLR	495	-	134	156580001	4706
chr3	156575295	156775295	harbor1	chr3	156626923	156627392	LTR/ERVL-MaLR	1140	-	234	156627157	51862
chr3	156575295	156775295	harbor1	chr3	156636334	156636735	LTR/ERVL-MaLR	2088	-	200	156636534	61239
chr3	156575295	156775295	harbor1	chr3	156656721	156657164	LTR/ERVL-MaLR	1808	-	222	156656943	81648
chr3	156575295	156775295	harbor1	chr3	156657845	156658253	LTR/ERVL-MaLR	2758	-	204	156658049	82754
chr3	156575295	156775295	harbor1	chr3	156673373	156673596	LTR/ERVL-MaLR	496	-	112	156673485	98190
chr3	107991343	108191343	harbor1	chr3	108002216	108002433	LTR/ERVL-MaLR	950	-	108	108002324	10981
chr3	107991343	108191343	harbor1	chr3	108019217	108019638	LTR/ERVL-MaLR	1076	-	210	108019427	28084
chr3	107991343	108191343	harbor1	chr3	108031624	108031984	LTR/ERVL-MaLR	1523	-	180	108031804	40461
chr3	126928935	127128935	harbor1	chr3	126933379	126933770	LTR/ERVL-MaLR	2060	-	196	126933575	4640
chr3	126928935	127128935	harbor1	chr3	126948175	126948633	LTR/ERVL-MaLR	1365	-	229	126948404	19469
chr3	126928935	127128935	harbor1	chr3	126961812	126961904	LTR/ERVL-MaLR	428	-	46	126961858	32923
chr3	126928935	127128935	harbor1	chr3	126970121	126970395	LTR/ERVL-MaLR	515	-	137	126970258	41323
chr3	156989282	157189282	harbor1	chr3	157003349	157003771	LTR/ERVL-MaLR	2007	-	211	157003560	14278
chr3	156989282	157189282	harbor1	chr3	157029959	157030350	LTR/ERVL-MaLR	2485	-	196	157030155	40873
chr3	156989282	157189282	harbor1	chr3	157030570	157031125	LTR/ERVL-MaLR	2699	-	278	157030848	41566
chr3	156989282	157189282	harbor1	chr3	157074906	157075348	LTR/ERVL-MaLR	2348	-	221	157075127	85845
chr3	156989282	157189282	harbor1	chr3	157085723	157086193	LTR/ERVL-MaLR	2028	-	235	157085958	96676
chr3	107991392	108191392	harbor1	chr3	108002216	108002433	LTR/ERVL-MaLR	950	-	108	108002324	10932
chr3	107991392	108191392	harbor1	chr3	108019217	108019638	LTR/ERVL-MaLR	1076	-	210	108019427	28035
chr3	107991392	108191392	harbor1	chr3	108031624	108031984	LTR/ERVL-MaLR	1523	-	180	108031804	40412
chr3	128328718	128528718	harbor1	chr3	128339712	128340071	LTR/ERVL-MaLR	2177	-	180	128339892	11174
chr3	128328718	128528718	harbor1	chr3	128366876	128367259	LTR/ERVL-MaLR	2268	-	192	128367068	38350
chr3	128328718	128528718	harbor1	chr3	128386568	128386964	LTR/ERVL-MaLR	2387	-	198	128386766	58048
chr3	193971532	194171532	harbor1	chr3	193990193	193990480	LTR/ERVL-MaLR	1012	-	144	193990337	18805
chr3	193971532	194171532	harbor1	chr3	193990790	193990875	LTR/ERVL-MaLR	1012	-	42	193990832	19300
chr3	193971532	194171532	harbor1	chr3	194015863	194016108	LTR/ERVL-MaLR	1170	-	122	194015985	44453
chr3	193971532	194171532	harbor1	chr3	194016267	194016422	LTR/ERVL-MaLR	859	-	78	194016345	44813
chr3	193971532	194171532	harbor1	chr3	194028460	194028890	LTR/ERVL-MaLR	1026	-	215	194028675	57143
chr3	193971532	194171532	harbor1	chr3	194046313	194046855	LTR/ERVL-MaLR	2543	-	271	194046584	75052
chr3	107991320	108191320	harbor1	chr3	108002216	108002433	LTR/ERVL-MaLR	950	-	108	108002324	11004
chr3	107991320	108191320	harbor1	chr3	108019217	108019638	LTR/ERVL-MaLR	1076	-	210	108019427	28107
chr3	107991320	108191320	harbor1	chr3	108031624	108031984	LTR/ERVL-MaLR	1523	-	180	108031804	40484
chr3	107991374	108191374	harbor1	chr3	108002216	108002433	LTR/ERVL-MaLR	950	-	108	108002324	10950
chr3	107991374	108191374	harbor1	chr3	108019217	108019638	LTR/ERVL-MaLR	1076	-	210	108019427	28053
chr3	107991374	108191374	harbor1	chr3	108031624	108031984	LTR/ERVL-MaLR	1523	-	180	108031804	40430
chr3	127490203	127690203	harbor1	chr3	127492939	127493056	LTR/ERVL-MaLR	1349	-	58	127492997	2794
chr3	127490203	127690203	harbor1	chr3	127493057	127493459	LTR/ERVL-MaLR	2548	-	201	127493258	3055
chr3	127490203	127690203	harbor1	chr3	127493460	127495115	LTR/ERVL-MaLR	9552	-	828	127494288	4085
chr3	127490203	127690203	harbor1	chr3	127495116	127495524	LTR/ERVL-MaLR	2720	-	204	127495320	5117
chr3	127490203	127690203	harbor1	chr3	127495525	127495858	LTR/ERVL-MaLR	1349	-	166	127495691	5488
chr3	127490203	127690203	harbor1	chr3	127497558	127498139	LTR/ERVL-MaLR	1387	-	290	127497848	7645
chr3	127490203	127690203	harbor1	chr3	127532304	127532720	LTR/ERVL-MaLR	2127	-	208	127532512	42309
chr3	127490203	127690203	harbor1	chr3	127569344	127569696	LTR/ERVL-MaLR	640	-	176	127569520	79317
chr3	127490203	127690203	harbor1	chr3	127570918	127571368	LTR/ERVL-MaLR	1369	-	225	127571143	80940
chr3	127490203	127690203	harbor1	chr3	127565659	127566010	LTR/ERVL-MaLR	698	-	176	127565835	75632
chr3	12958856	13158856	harbor1	chr3	13033290	13033462	LTR/ERVL-MaLR	900	-	86	13033376	74520
chr3	12958856	13158856	harbor1	chr3	13033951	13034151	LTR/ERVL-MaLR	923	-	100	13034051	75195
chr3	128328598	128528598	harbor1	chr3	128339712	128340071	LTR/ERVL-MaLR	2177	-	180	128339892	11294
chr3	128328598	128528598	harbor1	chr3	128366876	128367259	LTR/ERVL-MaLR	2268	-	192	128367068	38470
chr3	128328598	128528598	harbor1	chr3	128386568	128386964	LTR/ERVL-MaLR	2387	-	198	128386766	58168
chr3	11468975	11668975	harbor1	chr3	11472079	11472403	LTR/ERVL-MaLR	919	-	162	11472241	3266
chr3	11468975	11668975	harbor1	chr3	11477799	11478101	LTR/ERVL-MaLR	455	-	151	11477950	8975
chr3	196083882	196283882	harbor1	chr3	196124309	196124394	LTR/ERVL-MaLR	936	-	42	196124351	40469
chr3	196083882	196283882	harbor1	chr3	196124691	196125072	LTR/ERVL-MaLR	936	-	190	196124881	40999
chr3	196083882	196283882	harbor1	chr3	196129663	196129725	LTR/ERVL-MaLR	2076	-	31	196129694	45812
chr3	196083882	196283882	harbor1	chr3	196130024	196130562	LTR/ERVL-MaLR	2076	-	269	196130293	46411
chr3	196083882	196283882	harbor1	chr3	196147984	196148297	LTR/ERVL-MaLR	832	-	156	196148140	64258
chr3	196083882	196283882	harbor1	chr3	196149317	196149449	LTR/ERVL-MaLR	483	-	66	196149383	65501
chr3	196083882	196283882	harbor1	chr3	196151412	196151823	LTR/ERVL-MaLR	1170	-	206	196151618	67736
chr3	64289146	64489146	harbor1	chr3	64312833	64313161	LTR/ERVL-MaLR	1736	-	164	64312997	23851
chr3	64289146	64489146	harbor1	chr3	64318736	64319297	LTR/ERVL-MaLR	1690	-	280	64319016	29870
chr3	64289146	64489146	harbor1	chr3	64354928	64355358	LTR/ERVL-MaLR	682	-	215	64355143	65997
chr3	49431759	49631759	harbor1	chr3	49513038	49513436	LTR/ERVL-MaLR	1181	-	199	49513237	81478
chr3	49431759	49631759	harbor1	chr3	49525332	49525559	LTR/ERVL-MaLR	2199	-	114	49525446	93687
chr3	49431759	49631759	harbor1	chr3	49526151	49526335	LTR/ERVL-MaLR	2199	-	92	49526243	94484
chr3	161005344	161205344	harbor1	chr3	161027332	161027696	LTR/ERVL-MaLR	2074	-	182	161027514	22170
chr3	161005344	161205344	harbor1	chr3	161061861	161062183	LTR/ERVL-MaLR	537	-	161	161062022	56678
chr3	161005344	161205344	harbor1	chr3	161080797	161081054	LTR/ERVL-MaLR	402	-	128	161080925	75581
chr3	197859739	198059739	harbor1	chr3	197896544	197896852	LTR/ERVL-MaLR	1335	-	154	197896698	36959
chr3	197859739	198059739	harbor1	chr3	197896930	197896999	LTR/ERVL-MaLR	408	-	34	197896964	37225
chr3	197859739	198059739	harbor1	chr3	197898528	197898859	LTR/ERVL-MaLR	2107	-	166	197898694	38955
chr3	107991401	108191401	harbor1	chr3	108002216	108002433	LTR/ERVL-MaLR	950	-	108	108002324	10923
chr3	107991401	108191401	harbor1	chr3	108019217	108019638	LTR/ERVL-MaLR	1076	-	210	108019427	28026
chr3	107991401	108191401	harbor1	chr3	108031624	108031984	LTR/ERVL-MaLR	1523	-	180	108031804	40403
chr3	107991291	108191291	harbor1	chr3	108002216	108002433	LTR/ERVL-MaLR	950	-	108	108002324	11033
chr3	107991291	108191291	harbor1	chr3	108019217	108019638	LTR/ERVL-MaLR	1076	-	210	108019427	28136
chr3	107991291	108191291	harbor1	chr3	108031624	108031984	LTR/ERVL-MaLR	1523	-	180	108031804	40513
chr3	134227277	134427277	harbor1	chr3	134260917	134261337	LTR/ERVL-MaLR	2238	-	210	134261127	33850
chr3	134227277	134427277	harbor1	chr3	134261721	134262121	LTR/ERVL-MaLR	1794	-	200	134261921	34644
chr3	134227277	134427277	harbor1	chr3	134273647	134274013	LTR/ERVL-MaLR	2029	-	183	134273830	46553
chr3	134227277	134427277	harbor1	chr3	134280546	134280884	LTR/ERVL-MaLR	937	-	169	134280715	53438
chr3	134227277	134427277	harbor1	chr3	134287310	134287689	LTR/ERVL-MaLR	1792	-	190	134287500	60223
chr3	51859972	52059972	harbor1	chr3	51879504	51879977	LTR/ERVL-MaLR	1729	-	236	51879740	19768
chr3	51859972	52059972	harbor1	chr3	51883728	51884149	LTR/ERVL-MaLR	2706	-	210	51883938	23966
chr3	107991415	108191415	harbor1	chr3	108002216	108002433	LTR/ERVL-MaLR	950	-	108	108002324	10909
chr3	107991415	108191415	harbor1	chr3	108019217	108019638	LTR/ERVL-MaLR	1076	-	210	108019427	28012
chr3	107991415	108191415	harbor1	chr3	108031624	108031984	LTR/ERVL-MaLR	1523	-	180	108031804	40389
chr3	23710941	23910941	harbor1	chr3	23713786	23713919	LTR/ERVL-MaLR	407	-	66	23713852	2911
chr3	23710941	23910941	harbor1	chr3	23716478	23716516	LTR/ERVL-MaLR	1616	-	19	23716497	5556
chr3	23710941	23910941	harbor1	chr3	23716768	23717046	LTR/ERVL-MaLR	1616	-	139	23716907	5966
chr3	23710941	23910941	harbor1	chr3	23717352	23717387	LTR/ERVL-MaLR	1616	-	18	23717370	6429
chr3	23710941	23910941	harbor1	chr3	23723435	23723522	LTR/ERVL-MaLR	728	-	44	23723479	12538
chr3	23710941	23910941	harbor1	chr3	23724771	23725087	LTR/ERVL-MaLR	1504	-	158	23724929	13988
chr3	23710941	23910941	harbor1	chr3	23731142	23731530	LTR/ERVL-MaLR	814	-	194	23731336	20395
chr3	23710941	23910941	harbor1	chr3	23749752	23750045	LTR/ERVL-MaLR	1718	-	146	23749898	38957
chr3	23710941	23910941	harbor1	chr3	23780391	23780485	LTR/ERVL-MaLR	503	-	47	23780438	69497
chr3	23710941	23910941	harbor1	chr3	23723823	23724199	LTR/ERVL-MaLR	728	-	188	23724011	13070
chr3	49585408	49785408	harbor1	chr3	49641152	49641460	LTR/ERVL-MaLR	518	-	154	49641306	55898
chr3	107991331	108191331	harbor1	chr3	108002216	108002433	LTR/ERVL-MaLR	950	-	108	108002324	10993
chr3	107991331	108191331	harbor1	chr3	108019217	108019638	LTR/ERVL-MaLR	1076	-	210	108019427	28096
chr3	107991331	108191331	harbor1	chr3	108031624	108031984	LTR/ERVL-MaLR	1523	-	180	108031804	40473
chr3	123544621	123744621	harbor1	chr3	123572869	123573081	LTR/ERVL-MaLR	499	-	106	123572975	28354
chr3	123544621	123744621	harbor1	chr3	123590291	123591868	LTR/ERVL-MaLR	11670	-	788	123591079	46458
chr3	123544621	123744621	harbor1	chr3	123591869	123591995	LTR/ERVL-MaLR	2289	-	63	123591932	47311
chr3	123544621	123744621	harbor1	chr3	123592348	123592592	LTR/ERVL-MaLR	2289	-	122	123592470	47849
chr3	123544621	123744621	harbor1	chr3	123595369	123595485	LTR/ERVL-MaLR	417	-	58	123595427	50806
chr3	123544621	123744621	harbor1	chr3	123610317	123610614	LTR/ERVL-MaLR	764	-	148	123610465	65844
chr3	107991277	108191277	harbor1	chr3	108002216	108002433	LTR/ERVL-MaLR	950	-	108	108002324	11047
chr3	107991277	108191277	harbor1	chr3	108019217	108019638	LTR/ERVL-MaLR	1076	-	210	108019427	28150
chr3	107991277	108191277	harbor1	chr3	108031624	108031984	LTR/ERVL-MaLR	1523	-	180	108031804	40527
chr3	126902408	127102408	harbor1	chr3	126933379	126933770	LTR/ERVL-MaLR	2060	-	196	126933575	31167
chr3	126902408	127102408	harbor1	chr3	126948175	126948633	LTR/ERVL-MaLR	1365	-	229	126948404	45996
chr3	126902408	127102408	harbor1	chr3	126961812	126961904	LTR/ERVL-MaLR	428	-	46	126961858	59450
chr3	126902408	127102408	harbor1	chr3	126970121	126970395	LTR/ERVL-MaLR	515	-	137	126970258	67850
chr3	107991456	108191456	harbor1	chr3	108002216	108002433	LTR/ERVL-MaLR	950	-	108	108002324	10868
chr3	107991456	108191456	harbor1	chr3	108019217	108019638	LTR/ERVL-MaLR	1076	-	210	108019427	27971
chr3	107991456	108191456	harbor1	chr3	108031624	108031984	LTR/ERVL-MaLR	1523	-	180	108031804	40348
chr3	138334644	138534644	harbor1	chr3	138337739	138338161	LTR/ERVL-MaLR	2414	-	211	138337950	3306
chr3	138334644	138534644	harbor1	chr3	138343508	138343842	LTR/ERVL-MaLR	1166	-	167	138343675	9031
chr3	138334644	138534644	harbor1	chr3	138406400	138406667	LTR/ERVL-MaLR	922	-	134	138406534	71890
chr3	138334644	138534644	harbor1	chr3	138431502	138431936	LTR/ERVL-MaLR	1683	-	217	138431719	97075
chr3	49599795	49799795	harbor1	chr3	49641152	49641460	LTR/ERVL-MaLR	518	-	154	49641306	41511
chr3	129021082	129221082	harbor1	chr3	129024173	129024248	LTR/ERVL-MaLR	1818	-	38	129024211	3129
chr3	129021082	129221082	harbor1	chr3	129024561	129024858	LTR/ERVL-MaLR	1818	-	148	129024709	3627
chr3	129021082	129221082	harbor1	chr3	129029403	129029454	LTR/ERVL-MaLR	390	-	26	129029429	8347
chr3	129021082	129221082	harbor1	chr3	129030208	129030565	LTR/ERVL-MaLR	621	-	178	129030386	9304
chr3	129021082	129221082	harbor1	chr3	129031551	129031976	LTR/ERVL-MaLR	952	-	212	129031763	10681
chr3	129021082	129221082	harbor1	chr3	129034477	129034963	LTR/ERVL-MaLR	739	-	243	129034720	13638
chr3	129021082	129221082	harbor1	chr3	129058926	129059024	LTR/ERVL-MaLR	475	-	49	129058975	37893
chr3	129021082	129221082	harbor1	chr3	129064424	129064626	LTR/ERVL-MaLR	801	-	101	129064525	43443
chr3	129021082	129221082	harbor1	chr3	129064856	129064957	LTR/ERVL-MaLR	801	-	50	129064906	43824
chr3	129021082	129221082	harbor1	chr3	129075321	129075735	LTR/ERVL-MaLR	2231	-	207	129075528	54446
chr3	107991375	108191375	harbor1	chr3	108002216	108002433	LTR/ERVL-MaLR	950	-	108	108002324	10949
chr3	107991375	108191375	harbor1	chr3	108019217	108019638	LTR/ERVL-MaLR	1076	-	210	108019427	28052
chr3	107991375	108191375	harbor1	chr3	108031624	108031984	LTR/ERVL-MaLR	1523	-	180	108031804	40429
chr3	126888030	127088030	harbor1	chr3	126900367	126900602	LTR/ERVL-MaLR	2212	-	118	126900485	12455
chr3	126888030	127088030	harbor1	chr3	126900904	126901085	LTR/ERVL-MaLR	2212	-	90	126900994	12964
chr3	126888030	127088030	harbor1	chr3	126933379	126933770	LTR/ERVL-MaLR	2060	-	196	126933575	45545
chr3	126888030	127088030	harbor1	chr3	126948175	126948633	LTR/ERVL-MaLR	1365	-	229	126948404	60374
chr3	126888030	127088030	harbor1	chr3	126961812	126961904	LTR/ERVL-MaLR	428	-	46	126961858	73828
chr3	126888030	127088030	harbor1	chr3	126970121	126970395	LTR/ERVL-MaLR	515	-	137	126970258	82228
chr3	124955501	125155501	harbor1	chr3	124961789	124962011	LTR/ERVL-MaLR	954	-	111	124961900	6399
chr3	124955501	125155501	harbor1	chr3	124962310	124962455	LTR/ERVL-MaLR	954	-	72	124962382	6881
chr3	23710436	23910436	harbor1	chr3	23713786	23713919	LTR/ERVL-MaLR	407	-	66	23713852	3416
chr3	23710436	23910436	harbor1	chr3	23716478	23716516	LTR/ERVL-MaLR	1616	-	19	23716497	6061
chr3	23710436	23910436	harbor1	chr3	23716768	23717046	LTR/ERVL-MaLR	1616	-	139	23716907	6471
chr3	23710436	23910436	harbor1	chr3	23717352	23717387	LTR/ERVL-MaLR	1616	-	18	23717370	6934
chr3	23710436	23910436	harbor1	chr3	23723435	23723522	LTR/ERVL-MaLR	728	-	44	23723479	13043
chr3	23710436	23910436	harbor1	chr3	23724771	23725087	LTR/ERVL-MaLR	1504	-	158	23724929	14493
chr3	23710436	23910436	harbor1	chr3	23731142	23731530	LTR/ERVL-MaLR	814	-	194	23731336	20900
chr3	23710436	23910436	harbor1	chr3	23749752	23750045	LTR/ERVL-MaLR	1718	-	146	23749898	39462
chr3	23710436	23910436	harbor1	chr3	23780391	23780485	LTR/ERVL-MaLR	503	-	47	23780438	70002
chr3	23710436	23910436	harbor1	chr3	23723823	23724199	LTR/ERVL-MaLR	728	-	188	23724011	13575
chr3	107991447	108191447	harbor1	chr3	108002216	108002433	LTR/ERVL-MaLR	950	-	108	108002324	10877
chr3	107991447	108191447	harbor1	chr3	108019217	108019638	LTR/ERVL-MaLR	1076	-	210	108019427	27980
chr3	107991447	108191447	harbor1	chr3	108031624	108031984	LTR/ERVL-MaLR	1523	-	180	108031804	40357
chr3	52123183	52323183	harbor1	chr3	52126582	52126959	LTR/ERVL-MaLR	1928	-	188	52126770	3587
chr3	52123183	52323183	harbor1	chr3	52179217	52179425	LTR/ERVL-MaLR	895	-	104	52179321	56138
chr3	52123183	52323183	harbor1	chr3	52181381	52181467	LTR/ERVL-MaLR	390	-	43	52181424	58241
chr3	156989213	157189213	harbor1	chr3	157003349	157003771	LTR/ERVL-MaLR	2007	-	211	157003560	14347
chr3	156989213	157189213	harbor1	chr3	157029959	157030350	LTR/ERVL-MaLR	2485	-	196	157030155	40942
chr3	156989213	157189213	harbor1	chr3	157030570	157031125	LTR/ERVL-MaLR	2699	-	278	157030848	41635
chr3	156989213	157189213	harbor1	chr3	157074906	157075348	LTR/ERVL-MaLR	2348	-	221	157075127	85914
chr3	156989213	157189213	harbor1	chr3	157085723	157086193	LTR/ERVL-MaLR	2028	-	235	157085958	96745
chr3	130904200	131104200	harbor1	chr3	130944332	130944651	LTR/ERVL-MaLR	1002	-	160	130944492	40292
chr3	130904200	131104200	harbor1	chr3	130974319	130974580	LTR/ERVL-MaLR	406	-	130	130974449	70249
chr3	107991309	108191309	harbor1	chr3	108002216	108002433	LTR/ERVL-MaLR	950	-	108	108002324	11015
chr3	107991309	108191309	harbor1	chr3	108019217	108019638	LTR/ERVL-MaLR	1076	-	210	108019427	28118
chr3	107991309	108191309	harbor1	chr3	108031624	108031984	LTR/ERVL-MaLR	1523	-	180	108031804	40495
chr3	183788274	183988274	harbor1	chr3	183850117	183850561	LTR/ERVL-MaLR	1444	-	222	183850339	62065
chr3	183788274	183988274	harbor1	chr3	183878209	183878443	LTR/ERVL-MaLR	687	-	117	183878326	90052
chr3	49602395	49802395	harbor1	chr3	49641152	49641460	LTR/ERVL-MaLR	518	-	154	49641306	38911
chr3	129875059	130075059	harbor1	chr3	129930856	129931203	LTR/ERVL-MaLR	1805	-	174	129931030	55971
chr3	129875059	130075059	harbor1	chr3	129940914	129941055	LTR/ERVL-MaLR	631	-	70	129940984	65925
chr3	129875059	130075059	harbor1	chr3	129943187	129943642	LTR/ERVL-MaLR	1036	-	228	129943415	68356
chr3	129875059	130075059	harbor1	chr3	129948825	129949104	LTR/ERVL-MaLR	1232	-	140	129948965	73906
chr3	129875059	130075059	harbor1	chr3	129963191	129963716	LTR/ERVL-MaLR	1074	-	262	129963453	88394
chr3	129021083	129221083	harbor1	chr3	129024173	129024248	LTR/ERVL-MaLR	1818	-	38	129024211	3128
chr3	129021083	129221083	harbor1	chr3	129024561	129024858	LTR/ERVL-MaLR	1818	-	148	129024709	3626
chr3	129021083	129221083	harbor1	chr3	129029403	129029454	LTR/ERVL-MaLR	390	-	26	129029429	8346
chr3	129021083	129221083	harbor1	chr3	129030208	129030565	LTR/ERVL-MaLR	621	-	178	129030386	9303
chr3	129021083	129221083	harbor1	chr3	129031551	129031976	LTR/ERVL-MaLR	952	-	212	129031763	10680
chr3	129021083	129221083	harbor1	chr3	129034477	129034963	LTR/ERVL-MaLR	739	-	243	129034720	13637
chr3	129021083	129221083	harbor1	chr3	129058926	129059024	LTR/ERVL-MaLR	475	-	49	129058975	37892
chr3	129021083	129221083	harbor1	chr3	129064424	129064626	LTR/ERVL-MaLR	801	-	101	129064525	43442
chr3	129021083	129221083	harbor1	chr3	129064856	129064957	LTR/ERVL-MaLR	801	-	50	129064906	43823
chr3	129021083	129221083	harbor1	chr3	129075321	129075735	LTR/ERVL-MaLR	2231	-	207	129075528	54445
chr3	127489843	127689843	harbor1	chr3	127492939	127493056	LTR/ERVL-MaLR	1349	-	58	127492997	3154
chr3	127489843	127689843	harbor1	chr3	127493057	127493459	LTR/ERVL-MaLR	2548	-	201	127493258	3415
chr3	127489843	127689843	harbor1	chr3	127493460	127495115	LTR/ERVL-MaLR	9552	-	828	127494288	4445
chr3	127489843	127689843	harbor1	chr3	127495116	127495524	LTR/ERVL-MaLR	2720	-	204	127495320	5477
chr3	127489843	127689843	harbor1	chr3	127495525	127495858	LTR/ERVL-MaLR	1349	-	166	127495691	5848
chr3	127489843	127689843	harbor1	chr3	127497558	127498139	LTR/ERVL-MaLR	1387	-	290	127497848	8005
chr3	127489843	127689843	harbor1	chr3	127532304	127532720	LTR/ERVL-MaLR	2127	-	208	127532512	42669
chr3	127489843	127689843	harbor1	chr3	127569344	127569696	LTR/ERVL-MaLR	640	-	176	127569520	79677
chr3	127489843	127689843	harbor1	chr3	127570918	127571368	LTR/ERVL-MaLR	1369	-	225	127571143	81300
chr3	127489843	127689843	harbor1	chr3	127565659	127566010	LTR/ERVL-MaLR	698	-	176	127565835	75992
chr3	123349837	123549837	harbor1	chr3	123418337	123418769	LTR/ERVL-MaLR	2532	-	216	123418553	68716
chr3	123349837	123549837	harbor1	chr3	123420724	123421157	LTR/ERVL-MaLR	2012	-	216	123420940	71103
chr3	195920322	196120322	harbor1	chr3	196012987	196013123	LTR/ERVL-MaLR	434	-	68	196013055	92733
chr3	195796157	195996157	harbor1	chr3	195820506	195820917	LTR/ERVL-MaLR	1240	-	206	195820712	24555
chr3	127560407	127760407	harbor1	chr3	127569344	127569696	LTR/ERVL-MaLR	640	-	176	127569520	9113
chr3	127560407	127760407	harbor1	chr3	127570918	127571368	LTR/ERVL-MaLR	1369	-	225	127571143	10736
chr3	127560407	127760407	harbor1	chr3	127592118	127592288	LTR/ERVL-MaLR	494	-	85	127592203	31796
chr3	127560407	127760407	harbor1	chr3	127594982	127595216	LTR/ERVL-MaLR	388	-	117	127595099	34692
chr3	127560407	127760407	harbor1	chr3	127613738	127614113	LTR/ERVL-MaLR	1844	-	188	127613926	53519
chr3	127560407	127760407	harbor1	chr3	127635773	127636177	LTR/ERVL-MaLR	1475	-	202	127635975	75568
chr3	127560407	127760407	harbor1	chr3	127565659	127566010	LTR/ERVL-MaLR	698	-	176	127565835	5428
chr3	178972096	179172096	harbor1	chr3	178976750	178976806	LTR/ERVL-MaLR	623	-	28	178976778	4682
chr3	178972096	179172096	harbor1	chr3	178977092	178977514	LTR/ERVL-MaLR	648	-	211	178977303	5207
chr3	178972096	179172096	harbor1	chr3	178989212	178989575	LTR/ERVL-MaLR	2321	-	182	178989394	17298
chr3	178972096	179172096	harbor1	chr3	178989578	178990996	LTR/ERVL-MaLR	9134	-	709	178990287	18191
chr3	178972096	179172096	harbor1	chr3	178991002	178991364	LTR/ERVL-MaLR	2268	-	181	178991183	19087
chr4	582955	782955	harbor1	chr4	589997	590076	LTR/ERVL-MaLR	751	-	40	590037	7082
chr4	582955	782955	harbor1	chr4	590388	590613	LTR/ERVL-MaLR	751	-	112	590500	7545
chr4	582955	782955	harbor1	chr4	603035	603353	LTR/ERVL-MaLR	1195	-	159	603194	20239
chr4	582955	782955	harbor1	chr4	603660	603813	LTR/ERVL-MaLR	606	-	76	603736	20781
chr4	582955	782955	harbor1	chr4	613441	613801	LTR/ERVL-MaLR	1201	-	180	613621	30666
chr4	582955	782955	harbor1	chr4	618257	618640	LTR/ERVL-MaLR	1537	-	192	618449	35494
chr4	582955	782955	harbor1	chr4	647444	647585	LTR/ERVL-MaLR	599	-	70	647514	64559
chr4	38767776	38967776	harbor1	chr4	38776804	38777109	LTR/ERVL-MaLR	2208	-	152	38776956	9180
chr4	38767776	38967776	harbor1	chr4	38814310	38814729	LTR/ERVL-MaLR	2354	-	210	38814520	46744
chr4	38767776	38967776	harbor1	chr4	38814730	38816327	LTR/ERVL-MaLR	10695	-	798	38815528	47752
chr4	38767776	38967776	harbor1	chr4	38816328	38816690	LTR/ERVL-MaLR	2141	-	181	38816509	48733
chr4	38767776	38967776	harbor1	chr4	38822845	38823196	LTR/ERVL-MaLR	2292	-	176	38823021	55245
chr4	38767776	38967776	harbor1	chr4	38842722	38842834	LTR/ERVL-MaLR	719	-	56	38842778	75002
chr4	98039583	98239583	harbor1	chr4	98061206	98061585	LTR/ERVL-MaLR	1919	-	190	98061396	21813
chr4	102218940	102418940	harbor1	chr4	102224975	102225369	LTR/ERVL-MaLR	2226	-	197	102225172	6232
chr4	102218940	102418940	harbor1	chr4	102252547	102252741	LTR/ERVL-MaLR	490	-	97	102252644	33704
chr4	102218940	102418940	harbor1	chr4	102252742	102253163	LTR/ERVL-MaLR	2501	-	210	102252952	34012
chr4	551186	751186	harbor1	chr4	589997	590076	LTR/ERVL-MaLR	751	-	40	590037	38851
chr4	551186	751186	harbor1	chr4	590388	590613	LTR/ERVL-MaLR	751	-	112	590500	39314
chr4	551186	751186	harbor1	chr4	603035	603353	LTR/ERVL-MaLR	1195	-	159	603194	52008
chr4	551186	751186	harbor1	chr4	603660	603813	LTR/ERVL-MaLR	606	-	76	603736	52550
chr4	551186	751186	harbor1	chr4	613441	613801	LTR/ERVL-MaLR	1201	-	180	613621	62435
chr4	551186	751186	harbor1	chr4	618257	618640	LTR/ERVL-MaLR	1537	-	192	618449	67263
chr4	551186	751186	harbor1	chr4	647444	647585	LTR/ERVL-MaLR	599	-	70	647514	96328
chr4	3569607	3769607	harbor1	chr4	3597874	3598006	LTR/ERVL-MaLR	528	-	66	3597940	28333
chr4	3569607	3769607	harbor1	chr4	3614967	3615324	LTR/ERVL-MaLR	2194	-	178	3615145	45538
chr4	3569607	3769607	harbor1	chr4	3615545	3615886	LTR/ERVL-MaLR	1403	-	170	3615715	46108
chr4	3569607	3769607	harbor1	chr4	3618616	3618989	LTR/ERVL-MaLR	2689	-	186	3618802	49195
chr4	3569607	3769607	harbor1	chr4	3619709	3620138	LTR/ERVL-MaLR	1198	-	214	3619923	50316
chr4	38573151	38773151	harbor1	chr4	38585898	38586094	LTR/ERVL-MaLR	1962	-	98	38585996	12845
chr4	38573151	38773151	harbor1	chr4	38586401	38586731	LTR/ERVL-MaLR	1962	-	165	38586566	13415
chr4	38573151	38773151	harbor1	chr4	38591050	38591514	LTR/ERVL-MaLR	1063	-	232	38591282	18131
chr4	38573151	38773151	harbor1	chr4	38594471	38594960	LTR/ERVL-MaLR	1519	-	244	38594715	21564
chr4	38573151	38773151	harbor1	chr4	38659509	38659708	LTR/ERVL-MaLR	2054	-	100	38659609	86458
chr4	38573151	38773151	harbor1	chr4	38660008	38660207	LTR/ERVL-MaLR	2054	-	100	38660108	86957
chr4	38573151	38773151	harbor1	chr4	38660439	38660648	LTR/ERVL-MaLR	572	-	104	38660543	87392
chr4	38573151	38773151	harbor1	chr4	38600600	38600961	LTR/ERVL-MaLR	1780	-	180	38600780	27629
chr4	158571219	158771219	harbor1	chr4	158575833	158576006	LTR/ERVL-MaLR	615	-	86	158575919	4700
chr4	158571219	158771219	harbor1	chr4	158581758	158582191	LTR/ERVL-MaLR	2285	-	216	158581974	10755
chr4	158571219	158771219	harbor1	chr4	158588949	158589305	LTR/ERVL-MaLR	2038	-	178	158589127	17908
chr4	158571219	158771219	harbor1	chr4	158640313	158640729	LTR/ERVL-MaLR	2114	-	208	158640521	69302
chr4	158571219	158771219	harbor1	chr4	158667731	158667873	LTR/ERVL-MaLR	644	-	71	158667802	96583
chr4	176095649	176295649	harbor1	chr4	176121979	176122413	LTR/ERVL-MaLR	1451	-	217	176122196	26547
chr4	176095649	176295649	harbor1	chr4	176125784	176126182	LTR/ERVL-MaLR	1369	-	199	176125983	30334
chr4	176095649	176295649	harbor1	chr4	176156658	176157124	LTR/ERVL-MaLR	2169	-	233	176156891	61242
chr4	176095649	176295649	harbor1	chr4	176172587	176173012	LTR/ERVL-MaLR	2533	-	212	176172799	77150
chr4	176095649	176295649	harbor1	chr4	176190388	176190980	LTR/ERVL-MaLR	2240	-	296	176190684	95035
chr4	55288238	55488238	harbor1	chr4	55378372	55378686	LTR/ERVL-MaLR	2090	-	157	55378529	90291
chr4	55288238	55488238	harbor1	chr4	55377788	55378059	LTR/ERVL-MaLR	2090	-	136	55377924	89686
chr4	120822742	121022742	harbor1	chr4	120832102	120832457	LTR/ERVL-MaLR	2160	-	178	120832280	9538
chr4	120822742	121022742	harbor1	chr4	120890046	120890463	LTR/ERVL-MaLR	2706	-	208	120890254	67512
chr4	120822742	121022742	harbor1	chr4	120914467	120914661	LTR/ERVL-MaLR	1092	-	97	120914564	91822
chr4	2361876	2561876	harbor1	chr4	2376417	2376780	LTR/ERVL-MaLR	2353	-	182	2376599	14723
chr4	2361876	2561876	harbor1	chr4	2382748	2383101	LTR/ERVL-MaLR	2430	-	176	2382924	21048
chr4	2361876	2561876	harbor1	chr4	2393839	2394340	LTR/ERVL-MaLR	1680	-	250	2394089	32213
chr4	2361876	2561876	harbor1	chr4	2420631	2421099	LTR/ERVL-MaLR	1341	-	234	2420865	58989
chr4	2361876	2561876	harbor1	chr4	2432007	2432385	LTR/ERVL-MaLR	555	-	189	2432196	70320
chr4	189957450	190157450	harbor1	chr4	189996793	189996831	LTR/ERVL-MaLR	1151	-	19	189996812	39362
chr4	189957450	190157450	harbor1	chr4	189997139	189997169	LTR/ERVL-MaLR	1151	-	15	189997154	39704
chr4	189957450	190157450	harbor1	chr4	189997449	189997776	LTR/ERVL-MaLR	1769	-	164	189997613	40163
chr4	189957450	190157450	harbor1	chr4	189999084	189999488	LTR/ERVL-MaLR	1761	-	202	189999286	41836
chr4	189957450	190157450	harbor1	chr4	189999494	189999998	LTR/ERVL-MaLR	2441	-	252	189999746	42296
chr4	189957450	190157450	harbor1	chr4	190000003	190001124	LTR/ERVL-MaLR	5340	-	560	190000563	43113
chr4	189957450	190157450	harbor1	chr4	190001125	190001536	LTR/ERVL-MaLR	1833	-	206	190001331	43881
chr4	189957450	190157450	harbor1	chr4	190032612	190032994	LTR/ERVL-MaLR	1902	-	191	190032803	75353
chr4	8023966	8223966	harbor1	chr4	8026668	8026863	LTR/ERVL-MaLR	598	-	98	8026766	2800
chr4	8023966	8223966	harbor1	chr4	8027019	8027196	LTR/ERVL-MaLR	480	-	88	8027107	3141
chr4	8023966	8223966	harbor1	chr4	8122336	8122681	LTR/ERVL-MaLR	1501	-	172	8122508	98542
chr4	120821303	121021303	harbor1	chr4	120832102	120832457	LTR/ERVL-MaLR	2160	-	178	120832280	10977
chr4	120821303	121021303	harbor1	chr4	120890046	120890463	LTR/ERVL-MaLR	2706	-	208	120890254	68951
chr4	120821303	121021303	harbor1	chr4	120914467	120914661	LTR/ERVL-MaLR	1092	-	97	120914564	93261
chr4	120822671	121022671	harbor1	chr4	120832102	120832457	LTR/ERVL-MaLR	2160	-	178	120832280	9609
chr4	120822671	121022671	harbor1	chr4	120890046	120890463	LTR/ERVL-MaLR	2706	-	208	120890254	67583
chr4	120822671	121022671	harbor1	chr4	120914467	120914661	LTR/ERVL-MaLR	1092	-	97	120914564	91893
chr4	2317159	2517159	harbor1	chr4	2376417	2376780	LTR/ERVL-MaLR	2353	-	182	2376599	59440
chr4	2317159	2517159	harbor1	chr4	2382748	2383101	LTR/ERVL-MaLR	2430	-	176	2382924	65765
chr4	2317159	2517159	harbor1	chr4	2393839	2394340	LTR/ERVL-MaLR	1680	-	250	2394089	76930
chr4	11269110	11469110	harbor1	chr4	11282839	11283203	LTR/ERVL-MaLR	2043	-	182	11283021	13911
chr4	11269110	11469110	harbor1	chr4	11283204	11284817	LTR/ERVL-MaLR	10767	-	806	11284010	14900
chr4	11269110	11469110	harbor1	chr4	11284820	11285187	LTR/ERVL-MaLR	2022	-	184	11285004	15894
chr4	11269110	11469110	harbor1	chr4	11301143	11301505	LTR/ERVL-MaLR	684	-	181	11301324	32214
chr4	11269110	11469110	harbor1	chr4	11312496	11312937	LTR/ERVL-MaLR	1300	-	220	11312716	43606
chr4	11269110	11469110	harbor1	chr4	11316325	11316695	LTR/ERVL-MaLR	2090	-	185	11316510	47400
chr4	11269110	11469110	harbor1	chr4	11316696	11317578	LTR/ERVL-MaLR	6343	-	441	11317137	48027
chr4	11269110	11469110	harbor1	chr4	11321560	11321927	LTR/ERVL-MaLR	2116	-	184	11321744	52634
chr4	11269110	11469110	harbor1	chr4	11322700	11322907	LTR/ERVL-MaLR	1914	-	104	11322804	53694
chr4	11269110	11469110	harbor1	chr4	11325245	11325421	LTR/ERVL-MaLR	1914	-	88	11325333	56223
chr4	11269110	11469110	harbor1	chr4	11337364	11337572	LTR/ERVL-MaLR	501	-	104	11337468	68358
chr4	11269110	11469110	harbor1	chr4	11338544	11338970	LTR/ERVL-MaLR	932	-	213	11338757	69647
chr4	11269110	11469110	harbor1	chr4	11349701	11350117	LTR/ERVL-MaLR	1799	-	208	11349909	80799
chr4	11269110	11469110	harbor1	chr4	11352312	11352661	LTR/ERVL-MaLR	1672	-	174	11352486	83376
chr4	11269110	11469110	harbor1	chr4	11355955	11356321	LTR/ERVL-MaLR	1323	-	183	11356138	87028
chr4	11269110	11469110	harbor1	chr4	11363339	11363700	LTR/ERVL-MaLR	2396	-	180	11363519	94409
chr4	11269110	11469110	harbor1	chr4	11271859	11272290	LTR/ERVL-MaLR	1812	-	216	11272075	2965
chr4	102919713	103119713	harbor1	chr4	102928241	102928609	LTR/ERVL-MaLR	2498	-	184	102928425	8712
chr4	102919713	103119713	harbor1	chr4	102933459	102933744	LTR/ERVL-MaLR	713	-	142	102933601	13888
chr4	102919713	103119713	harbor1	chr4	102965180	102965607	LTR/ERVL-MaLR	1838	-	214	102965394	45681
chr4	102919713	103119713	harbor1	chr4	102965612	102967373	LTR/ERVL-MaLR	5206	-	880	102966492	46779
chr4	102919713	103119713	harbor1	chr4	102967374	102967786	LTR/ERVL-MaLR	1854	-	206	102967580	47867
chr4	102919713	103119713	harbor1	chr4	102992759	102993081	LTR/ERVL-MaLR	1590	-	161	102992920	73207
chr4	102919713	103119713	harbor1	chr4	102993082	102994600	LTR/ERVL-MaLR	10044	-	759	102993841	74128
chr4	102919713	103119713	harbor1	chr4	102994603	102994968	LTR/ERVL-MaLR	2160	-	182	102994785	75072
chr4	102919713	103119713	harbor1	chr4	102999820	102999999	LTR/ERVL-MaLR	1106	-	90	102999910	80197
chr4	102919713	103119713	harbor1	chr4	103000001	103000208	LTR/ERVL-MaLR	919	-	104	103000105	80392
chr4	102919713	103119713	harbor1	chr4	103000212	103001817	LTR/ERVL-MaLR	9241	-	802	103001014	81301
chr4	102919713	103119713	harbor1	chr4	103001818	103002206	LTR/ERVL-MaLR	2058	-	194	103002012	82299
chr4	102919713	103119713	harbor1	chr4	103010130	103010489	LTR/ERVL-MaLR	1310	-	180	103010310	90597
chr4	102919713	103119713	harbor1	chr4	103010491	103010896	LTR/ERVL-MaLR	2322	-	202	103010693	90980
chr4	102919713	103119713	harbor1	chr4	103010897	103012626	LTR/ERVL-MaLR	8050	-	864	103011761	92048
chr4	102919713	103119713	harbor1	chr4	103012627	103013026	LTR/ERVL-MaLR	2039	-	200	103012827	93114
chr4	88671609	88871609	harbor1	chr4	88691355	88691589	LTR/ERVL-MaLR	827	-	117	88691472	19863
chr4	88671609	88871609	harbor1	chr4	88700470	88700649	LTR/ERVL-MaLR	668	-	90	88700560	28951
chr4	98160943	98360943	harbor1	chr4	98174092	98174130	LTR/ERVL-MaLR	476	-	19	98174111	13168
chr4	98160943	98360943	harbor1	chr4	98174756	98175049	LTR/ERVL-MaLR	476	-	146	98174902	13959
chr4	98160943	98360943	harbor1	chr4	98185032	98185301	LTR/ERVL-MaLR	824	-	134	98185166	24223
chr4	98160943	98360943	harbor1	chr4	98197991	98198481	LTR/ERVL-MaLR	2016	-	245	98198236	37293
chr4	98160943	98360943	harbor1	chr4	98198497	98198753	LTR/ERVL-MaLR	753	-	128	98198625	37682
chr4	98160943	98360943	harbor1	chr4	98214118	98214567	LTR/ERVL-MaLR	1744	-	224	98214342	53399
chr4	98160943	98360943	harbor1	chr4	98243856	98244256	LTR/ERVL-MaLR	2257	-	200	98244056	83113
chr4	187835400	188035400	harbor1	chr4	187852832	187853450	LTR/ERVL-MaLR	827	-	309	187853141	17741
chr4	187835400	188035400	harbor1	chr4	187870892	187871258	LTR/ERVL-MaLR	1456	-	183	187871075	35675
chr4	187835400	188035400	harbor1	chr4	187880459	187881011	LTR/ERVL-MaLR	1480	-	276	187880735	45335
chr4	187835400	188035400	harbor1	chr4	187905546	187905887	LTR/ERVL-MaLR	1334	-	170	187905716	70316
chr4	2363070	2563070	harbor1	chr4	2376417	2376780	LTR/ERVL-MaLR	2353	-	182	2376599	13529
chr4	2363070	2563070	harbor1	chr4	2382748	2383101	LTR/ERVL-MaLR	2430	-	176	2382924	19854
chr4	2363070	2563070	harbor1	chr4	2393839	2394340	LTR/ERVL-MaLR	1680	-	250	2394089	31019
chr4	2363070	2563070	harbor1	chr4	2420631	2421099	LTR/ERVL-MaLR	1341	-	234	2420865	57795
chr4	2363070	2563070	harbor1	chr4	2432007	2432385	LTR/ERVL-MaLR	555	-	189	2432196	69126
chr4	2363106	2563106	harbor1	chr4	2376417	2376780	LTR/ERVL-MaLR	2353	-	182	2376599	13493
chr4	2363106	2563106	harbor1	chr4	2382748	2383101	LTR/ERVL-MaLR	2430	-	176	2382924	19818
chr4	2363106	2563106	harbor1	chr4	2393839	2394340	LTR/ERVL-MaLR	1680	-	250	2394089	30983
chr4	2363106	2563106	harbor1	chr4	2420631	2421099	LTR/ERVL-MaLR	1341	-	234	2420865	57759
chr4	2363106	2563106	harbor1	chr4	2432007	2432385	LTR/ERVL-MaLR	555	-	189	2432196	69090
chr4	73128036	73328036	harbor1	chr4	73175075	73175450	LTR/ERVL-MaLR	2248	-	188	73175263	47227
chr4	15581887	15781887	harbor1	chr4	15594537	15594761	LTR/ERVL-MaLR	647	-	112	15594649	12762
chr4	15581887	15781887	harbor1	chr4	15661653	15662214	LTR/ERVL-MaLR	1341	-	280	15661933	80046
chr4	3569499	3769499	harbor1	chr4	3597874	3598006	LTR/ERVL-MaLR	528	-	66	3597940	28441
chr4	3569499	3769499	harbor1	chr4	3614967	3615324	LTR/ERVL-MaLR	2194	-	178	3615145	45646
chr4	3569499	3769499	harbor1	chr4	3615545	3615886	LTR/ERVL-MaLR	1403	-	170	3615715	46216
chr4	3569499	3769499	harbor1	chr4	3618616	3618989	LTR/ERVL-MaLR	2689	-	186	3618802	49303
chr4	3569499	3769499	harbor1	chr4	3619709	3620138	LTR/ERVL-MaLR	1198	-	214	3619923	50424
chr4	144468351	144668351	harbor1	chr4	144469667	144470020	LTR/ERVL-MaLR	2376	-	176	144469843	1492
chr4	144468351	144668351	harbor1	chr4	144543492	144543736	LTR/ERVL-MaLR	631	-	122	144543614	75263
chr4	144468351	144668351	harbor1	chr4	144563408	144563769	LTR/ERVL-MaLR	1834	-	180	144563588	95237
chr4	69927953	70127953	harbor1	chr4	69943602	69943980	LTR/ERVL-MaLR	1734	-	189	69943791	15838
chr4	69927953	70127953	harbor1	chr4	69950853	69951154	LTR/ERVL-MaLR	958	-	150	69951003	23050
chr4	69927953	70127953	harbor1	chr4	69953290	69953723	LTR/ERVL-MaLR	1437	-	216	69953506	25553
chr4	69927953	70127953	harbor1	chr4	69975618	69976034	LTR/ERVL-MaLR	2094	-	208	69975826	47873
chr4	69927953	70127953	harbor1	chr4	70019958	70020438	LTR/ERVL-MaLR	1705	-	240	70020198	92245
chr4	120822652	121022652	harbor1	chr4	120832102	120832457	LTR/ERVL-MaLR	2160	-	178	120832280	9628
chr4	120822652	121022652	harbor1	chr4	120890046	120890463	LTR/ERVL-MaLR	2706	-	208	120890254	67602
chr4	120822652	121022652	harbor1	chr4	120914467	120914661	LTR/ERVL-MaLR	1092	-	97	120914564	91912
chr4	1349026	1549026	harbor1	chr4	1371491	1371833	LTR/ERVL-MaLR	1971	-	171	1371662	22636
chr4	2656061	2856061	harbor1	chr4	2667252	2667363	LTR/ERVL-MaLR	563	-	56	2667308	11247
chr4	2656061	2856061	harbor1	chr4	2692092	2692443	LTR/ERVL-MaLR	2044	-	176	2692268	36207
chr4	2656061	2856061	harbor1	chr4	2735956	2736317	LTR/ERVL-MaLR	1742	-	180	2736136	80075
chr4	6810085	7010085	harbor1	chr4	6820776	6821131	LTR/ERVL-MaLR	1270	-	178	6820954	10869
chr4	6810085	7010085	harbor1	chr4	6834911	6835366	LTR/ERVL-MaLR	1562	-	228	6835139	25054
chr4	6810085	7010085	harbor1	chr4	6844813	6845221	LTR/ERVL-MaLR	515	-	204	6845017	34932
chr4	6810085	7010085	harbor1	chr4	6852621	6852824	LTR/ERVL-MaLR	617	-	102	6852723	42638
chr4	6810085	7010085	harbor1	chr4	6891019	6891208	LTR/ERVL-MaLR	2243	-	94	6891113	81028
chr4	6810085	7010085	harbor1	chr4	6891503	6891733	LTR/ERVL-MaLR	2243	-	115	6891618	81533
chr4	6810085	7010085	harbor1	chr4	6896587	6896952	LTR/ERVL-MaLR	2640	-	182	6896769	86684
chr4	550827	750827	harbor1	chr4	589997	590076	LTR/ERVL-MaLR	751	-	40	590037	39210
chr4	550827	750827	harbor1	chr4	590388	590613	LTR/ERVL-MaLR	751	-	112	590500	39673
chr4	550827	750827	harbor1	chr4	603035	603353	LTR/ERVL-MaLR	1195	-	159	603194	52367
chr4	550827	750827	harbor1	chr4	603660	603813	LTR/ERVL-MaLR	606	-	76	603736	52909
chr4	550827	750827	harbor1	chr4	613441	613801	LTR/ERVL-MaLR	1201	-	180	613621	62794
chr4	550827	750827	harbor1	chr4	618257	618640	LTR/ERVL-MaLR	1537	-	192	618449	67622
chr4	550827	750827	harbor1	chr4	647444	647585	LTR/ERVL-MaLR	599	-	70	647514	96687
chr4	8230062	8430062	harbor1	chr4	8251996	8252417	LTR/ERVL-MaLR	692	-	210	8252206	22144
chr4	8230062	8430062	harbor1	chr4	8254314	8254476	LTR/ERVL-MaLR	602	-	81	8254395	24333
chr4	8230062	8430062	harbor1	chr4	8259947	8260388	LTR/ERVL-MaLR	805	-	220	8260167	30105
chr4	8230062	8430062	harbor1	chr4	8271538	8271884	LTR/ERVL-MaLR	1437	-	173	8271711	41649
chr4	8230062	8430062	harbor1	chr4	8284861	8285290	LTR/ERVL-MaLR	1001	-	214	8285075	55013
chr4	8230062	8430062	harbor1	chr4	8287363	8287744	LTR/ERVL-MaLR	2125	-	190	8287553	57491
chr4	8230062	8430062	harbor1	chr4	8302728	8303163	LTR/ERVL-MaLR	1218	-	218	8302946	72884
chr4	8230062	8430062	harbor1	chr4	8320814	8321177	LTR/ERVL-MaLR	2354	-	182	8320996	90934
chr4	98145495	98345495	harbor1	chr4	98154421	98154830	LTR/ERVL-MaLR	1967	-	204	98154625	9130
chr4	98145495	98345495	harbor1	chr4	98174092	98174130	LTR/ERVL-MaLR	476	-	19	98174111	28616
chr4	98145495	98345495	harbor1	chr4	98174756	98175049	LTR/ERVL-MaLR	476	-	146	98174902	29407
chr4	98145495	98345495	harbor1	chr4	98185032	98185301	LTR/ERVL-MaLR	824	-	134	98185166	39671
chr4	98145495	98345495	harbor1	chr4	98197991	98198481	LTR/ERVL-MaLR	2016	-	245	98198236	52741
chr4	98145495	98345495	harbor1	chr4	98198497	98198753	LTR/ERVL-MaLR	753	-	128	98198625	53130
chr4	98145495	98345495	harbor1	chr4	98214118	98214567	LTR/ERVL-MaLR	1744	-	224	98214342	68847
chr4	98145495	98345495	harbor1	chr4	98243856	98244256	LTR/ERVL-MaLR	2257	-	200	98244056	98561
chr4	67487456	67687456	harbor1	chr4	67522247	67522663	LTR/ERVL-MaLR	517	-	208	67522455	34999
chr4	67487456	67687456	harbor1	chr4	67557448	67557676	LTR/ERVL-MaLR	1942	-	114	67557562	70106
chr4	67487456	67687456	harbor1	chr4	67557978	67558129	LTR/ERVL-MaLR	1942	-	76	67558054	70598
chr4	67487456	67687456	harbor1	chr4	67579439	67579844	LTR/ERVL-MaLR	2486	-	202	67579641	92185
chr4	76846562	77046562	harbor1	chr4	76847284	76847703	LTR/ERVL-MaLR	1392	-	210	76847494	932
chr4	76846562	77046562	harbor1	chr4	76869917	76870264	LTR/ERVL-MaLR	2194	-	174	76870091	23529
chr4	76846562	77046562	harbor1	chr4	76886765	76887064	LTR/ERVL-MaLR	763	-	150	76886915	40353
chr4	76846562	77046562	harbor1	chr4	76902837	76903259	LTR/ERVL-MaLR	974	-	211	76903048	56486
chr4	76846562	77046562	harbor1	chr4	76907362	76907670	LTR/ERVL-MaLR	1781	-	154	76907516	60954
chr4	76846562	77046562	harbor1	chr4	76908770	76909176	LTR/ERVL-MaLR	895	-	203	76908973	62411
chr4	76846562	77046562	harbor1	chr4	76910278	76910613	LTR/ERVL-MaLR	1917	-	168	76910446	63884
chr4	76846562	77046562	harbor1	chr4	76937920	76938312	LTR/ERVL-MaLR	541	-	196	76938116	91554
chr4	76846562	77046562	harbor1	chr4	76906324	76906731	LTR/ERVL-MaLR	2632	-	204	76906528	59966
chr4	2314181	2514181	harbor1	chr4	2376417	2376780	LTR/ERVL-MaLR	2353	-	182	2376599	62418
chr4	2314181	2514181	harbor1	chr4	2382748	2383101	LTR/ERVL-MaLR	2430	-	176	2382924	68743
chr4	2314181	2514181	harbor1	chr4	2393839	2394340	LTR/ERVL-MaLR	1680	-	250	2394089	79908
chr4	189957491	190157491	harbor1	chr4	189996793	189996831	LTR/ERVL-MaLR	1151	-	19	189996812	39321
chr4	189957491	190157491	harbor1	chr4	189997139	189997169	LTR/ERVL-MaLR	1151	-	15	189997154	39663
chr4	189957491	190157491	harbor1	chr4	189997449	189997776	LTR/ERVL-MaLR	1769	-	164	189997613	40122
chr4	189957491	190157491	harbor1	chr4	189999084	189999488	LTR/ERVL-MaLR	1761	-	202	189999286	41795
chr4	189957491	190157491	harbor1	chr4	189999494	189999998	LTR/ERVL-MaLR	2441	-	252	189999746	42255
chr4	189957491	190157491	harbor1	chr4	190000003	190001124	LTR/ERVL-MaLR	5340	-	560	190000563	43072
chr4	189957491	190157491	harbor1	chr4	190001125	190001536	LTR/ERVL-MaLR	1833	-	206	190001331	43840
chr4	189957491	190157491	harbor1	chr4	190032612	190032994	LTR/ERVL-MaLR	1902	-	191	190032803	75312
chr4	55295888	55495888	harbor1	chr4	55378372	55378686	LTR/ERVL-MaLR	2090	-	157	55378529	82641
chr4	55295888	55495888	harbor1	chr4	55377788	55378059	LTR/ERVL-MaLR	2090	-	136	55377924	82036
chr4	189956178	190156178	harbor1	chr4	189996793	189996831	LTR/ERVL-MaLR	1151	-	19	189996812	40634
chr4	189956178	190156178	harbor1	chr4	189997139	189997169	LTR/ERVL-MaLR	1151	-	15	189997154	40976
chr4	189956178	190156178	harbor1	chr4	189997449	189997776	LTR/ERVL-MaLR	1769	-	164	189997613	41435
chr4	189956178	190156178	harbor1	chr4	189999084	189999488	LTR/ERVL-MaLR	1761	-	202	189999286	43108
chr4	189956178	190156178	harbor1	chr4	189999494	189999998	LTR/ERVL-MaLR	2441	-	252	189999746	43568
chr4	189956178	190156178	harbor1	chr4	190000003	190001124	LTR/ERVL-MaLR	5340	-	560	190000563	44385
chr4	189956178	190156178	harbor1	chr4	190001125	190001536	LTR/ERVL-MaLR	1833	-	206	190001331	45153
chr4	189956178	190156178	harbor1	chr4	190032612	190032994	LTR/ERVL-MaLR	1902	-	191	190032803	76625
chr5	113414289	113614289	harbor1	chr5	113431246	113431418	LTR/ERVL-MaLR	777	-	86	113431332	17043
chr5	113414289	113614289	harbor1	chr5	113431398	113431552	LTR/ERVL-MaLR	789	-	77	113431475	17186
chr5	113414289	113614289	harbor1	chr5	113451804	113452305	LTR/ERVL-MaLR	669	-	250	113452054	37765
chr5	113414289	113614289	harbor1	chr5	113452668	113452687	LTR/ERVL-MaLR	662	-	10	113452678	38389
chr5	113414289	113614289	harbor1	chr5	113494735	113495101	LTR/ERVL-MaLR	1633	-	183	113494918	80629
chr5	113414289	113614289	harbor1	chr5	113495511	113496039	LTR/ERVL-MaLR	1335	-	264	113495775	81486
chr5	113414289	113614289	harbor1	chr5	113512090	113512116	LTR/ERVL-MaLR	1058	-	13	113512103	97814
chr5	113414289	113614289	harbor1	chr5	113512117	113512617	LTR/ERVL-MaLR	1100	-	250	113512367	98078
chr5	113414289	113614289	harbor1	chr5	113512618	113512953	LTR/ERVL-MaLR	1058	-	168	113512786	98497
chr5	113414289	113614289	harbor1	chr5	113512957	113513252	LTR/ERVL-MaLR	1040	-	148	113513105	98816
chr5	75136982	75336982	harbor1	chr5	75142921	75143382	LTR/ERVL-MaLR	1484	-	230	75143151	6169
chr5	159190926	159390926	harbor1	chr5	159223082	159223503	LTR/ERVL-MaLR	1465	-	210	159223292	32366
chr5	159190926	159390926	harbor1	chr5	159227024	159227138	LTR/ERVL-MaLR	686	-	57	159227081	36155
chr5	159190926	159390926	harbor1	chr5	159240190	159240460	LTR/ERVL-MaLR	1335	-	135	159240325	49399
chr5	73350908	73550908	harbor1	chr5	73358775	73359107	LTR/ERVL-MaLR	1122	-	166	73358941	8033
chr5	73350908	73550908	harbor1	chr5	73361066	73361352	LTR/ERVL-MaLR	2067	-	143	73361209	10301
chr5	73350908	73550908	harbor1	chr5	73361639	73361717	LTR/ERVL-MaLR	2067	-	39	73361678	10770
chr5	73350908	73550908	harbor1	chr5	73398341	73398722	LTR/ERVL-MaLR	731	-	190	73398531	47623
chr5	73350908	73550908	harbor1	chr5	73408956	73409382	LTR/ERVL-MaLR	1923	-	213	73409169	58261
chr5	73350908	73550908	harbor1	chr5	73414204	73414649	LTR/ERVL-MaLR	1283	-	222	73414426	63518
chr5	73350908	73550908	harbor1	chr5	73422125	73422524	LTR/ERVL-MaLR	1660	-	200	73422325	71417
chr5	73350908	73550908	harbor1	chr5	73425668	73426219	LTR/ERVL-MaLR	2030	-	276	73425944	75036
chr5	135435228	135635228	harbor1	chr5	135460286	135460677	LTR/ERVL-MaLR	806	-	196	135460482	25254
chr5	135435228	135635228	harbor1	chr5	135463529	135463756	LTR/ERVL-MaLR	763	-	114	135463643	28415
chr5	135435228	135635228	harbor1	chr5	135473228	135473573	LTR/ERVL-MaLR	890	-	172	135473400	38172
chr5	135435228	135635228	harbor1	chr5	135479618	135479883	LTR/ERVL-MaLR	598	-	132	135479750	44522
chr5	135435228	135635228	harbor1	chr5	135495178	135495572	LTR/ERVL-MaLR	2327	-	197	135495375	60147
chr5	135435228	135635228	harbor1	chr5	135495921	135496022	LTR/ERVL-MaLR	2327	-	50	135495971	60743
chr5	135435228	135635228	harbor1	chr5	135501091	135501524	LTR/ERVL-MaLR	1600	-	216	135501307	66079
chr5	135435228	135635228	harbor1	chr5	135514642	135514825	LTR/ERVL-MaLR	630	-	92	135514734	79506
chr5	135435228	135635228	harbor1	chr5	135521432	135521826	LTR/ERVL-MaLR	2335	-	197	135521629	86401
chr5	135435228	135635228	harbor1	chr5	135522639	135523001	LTR/ERVL-MaLR	2186	-	181	135522820	87592
chr5	135435228	135635228	harbor1	chr5	135523002	135524522	LTR/ERVL-MaLR	10403	-	760	135523762	88534
chr5	135435228	135635228	harbor1	chr5	135524525	135524899	LTR/ERVL-MaLR	2245	-	187	135524712	89484
chr5	135435228	135635228	harbor1	chr5	135526030	135526176	LTR/ERVL-MaLR	525	-	73	135526103	90875
chr5	135435228	135635228	harbor1	chr5	135530423	135530774	LTR/ERVL-MaLR	2066	-	176	135530599	95371
chr5	135435228	135635228	harbor1	chr5	135495573	135495920	LTR/ERVL-MaLR	2677	-	174	135495747	60519
chr5	10337580	10537580	harbor1	chr5	10341532	10341675	LTR/ERVL-MaLR	960	-	72	10341604	4024
chr5	10337580	10537580	harbor1	chr5	10343055	10343271	LTR/ERVL-MaLR	808	-	108	10343163	5583
chr5	10337580	10537580	harbor1	chr5	10361288	10361689	LTR/ERVL-MaLR	2050	-	200	10361488	23908
chr5	10337580	10537580	harbor1	chr5	10368261	10368350	LTR/ERVL-MaLR	878	-	44	10368305	30725
chr5	10337580	10537580	harbor1	chr5	10368976	10369292	LTR/ERVL-MaLR	878	-	158	10369134	31554
chr5	10337580	10537580	harbor1	chr5	10371339	10371691	LTR/ERVL-MaLR	2163	-	176	10371515	33935
chr5	10337580	10537580	harbor1	chr5	10388451	10388848	LTR/ERVL-MaLR	720	-	198	10388649	51069
chr5	10337580	10537580	harbor1	chr5	10395624	10395811	LTR/ERVL-MaLR	496	-	94	10395718	58138
chr5	10337580	10537580	harbor1	chr5	10413541	10413894	LTR/ERVL-MaLR	2189	-	176	10413717	76137
chr5	10337580	10537580	harbor1	chr5	10419768	10420348	LTR/ERVL-MaLR	1011	-	290	10420058	82478
chr5	150964868	151164868	harbor1	chr5	150973750	150973918	LTR/ERVL-MaLR	929	-	84	150973834	8966
chr5	150964868	151164868	harbor1	chr5	150974133	150974465	LTR/ERVL-MaLR	729	-	166	150974299	9431
chr5	73350879	73550879	harbor1	chr5	73358775	73359107	LTR/ERVL-MaLR	1122	-	166	73358941	8062
chr5	73350879	73550879	harbor1	chr5	73361066	73361352	LTR/ERVL-MaLR	2067	-	143	73361209	10330
chr5	73350879	73550879	harbor1	chr5	73361639	73361717	LTR/ERVL-MaLR	2067	-	39	73361678	10799
chr5	73350879	73550879	harbor1	chr5	73398341	73398722	LTR/ERVL-MaLR	731	-	190	73398531	47652
chr5	73350879	73550879	harbor1	chr5	73408956	73409382	LTR/ERVL-MaLR	1923	-	213	73409169	58290
chr5	73350879	73550879	harbor1	chr5	73414204	73414649	LTR/ERVL-MaLR	1283	-	222	73414426	63547
chr5	73350879	73550879	harbor1	chr5	73422125	73422524	LTR/ERVL-MaLR	1660	-	200	73422325	71446
chr5	73350879	73550879	harbor1	chr5	73425668	73426219	LTR/ERVL-MaLR	2030	-	276	73425944	75065
chr5	171125854	171325854	harbor1	chr5	171193481	171193937	LTR/ERVL-MaLR	1746	-	228	171193709	67855
chr5	10337987	10537987	harbor1	chr5	10341532	10341675	LTR/ERVL-MaLR	960	-	72	10341604	3617
chr5	10337987	10537987	harbor1	chr5	10343055	10343271	LTR/ERVL-MaLR	808	-	108	10343163	5176
chr5	10337987	10537987	harbor1	chr5	10361288	10361689	LTR/ERVL-MaLR	2050	-	200	10361488	23501
chr5	10337987	10537987	harbor1	chr5	10368261	10368350	LTR/ERVL-MaLR	878	-	44	10368305	30318
chr5	10337987	10537987	harbor1	chr5	10368976	10369292	LTR/ERVL-MaLR	878	-	158	10369134	31147
chr5	10337987	10537987	harbor1	chr5	10371339	10371691	LTR/ERVL-MaLR	2163	-	176	10371515	33528
chr5	10337987	10537987	harbor1	chr5	10388451	10388848	LTR/ERVL-MaLR	720	-	198	10388649	50662
chr5	10337987	10537987	harbor1	chr5	10395624	10395811	LTR/ERVL-MaLR	496	-	94	10395718	57731
chr5	10337987	10537987	harbor1	chr5	10413541	10413894	LTR/ERVL-MaLR	2189	-	176	10413717	75730
chr5	10337987	10537987	harbor1	chr5	10419768	10420348	LTR/ERVL-MaLR	1011	-	290	10420058	82071
chr5	10341875	10541875	harbor1	chr5	10343055	10343271	LTR/ERVL-MaLR	808	-	108	10343163	1288
chr5	10341875	10541875	harbor1	chr5	10361288	10361689	LTR/ERVL-MaLR	2050	-	200	10361488	19613
chr5	10341875	10541875	harbor1	chr5	10368261	10368350	LTR/ERVL-MaLR	878	-	44	10368305	26430
chr5	10341875	10541875	harbor1	chr5	10368976	10369292	LTR/ERVL-MaLR	878	-	158	10369134	27259
chr5	10341875	10541875	harbor1	chr5	10371339	10371691	LTR/ERVL-MaLR	2163	-	176	10371515	29640
chr5	10341875	10541875	harbor1	chr5	10388451	10388848	LTR/ERVL-MaLR	720	-	198	10388649	46774
chr5	10341875	10541875	harbor1	chr5	10395624	10395811	LTR/ERVL-MaLR	496	-	94	10395718	53843
chr5	10341875	10541875	harbor1	chr5	10413541	10413894	LTR/ERVL-MaLR	2189	-	176	10413717	71842
chr5	10341875	10541875	harbor1	chr5	10419768	10420348	LTR/ERVL-MaLR	1011	-	290	10420058	78183
chr5	73351482	73551482	harbor1	chr5	73358775	73359107	LTR/ERVL-MaLR	1122	-	166	73358941	7459
chr5	73351482	73551482	harbor1	chr5	73361066	73361352	LTR/ERVL-MaLR	2067	-	143	73361209	9727
chr5	73351482	73551482	harbor1	chr5	73361639	73361717	LTR/ERVL-MaLR	2067	-	39	73361678	10196
chr5	73351482	73551482	harbor1	chr5	73398341	73398722	LTR/ERVL-MaLR	731	-	190	73398531	47049
chr5	73351482	73551482	harbor1	chr5	73408956	73409382	LTR/ERVL-MaLR	1923	-	213	73409169	57687
chr5	73351482	73551482	harbor1	chr5	73414204	73414649	LTR/ERVL-MaLR	1283	-	222	73414426	62944
chr5	73351482	73551482	harbor1	chr5	73422125	73422524	LTR/ERVL-MaLR	1660	-	200	73422325	70843
chr5	73351482	73551482	harbor1	chr5	73425668	73426219	LTR/ERVL-MaLR	2030	-	276	73425944	74462
chr5	6723084	6923084	harbor1	chr5	6772292	6772730	LTR/ERVL-MaLR	1598	-	219	6772511	49427
chr5	134406378	134606378	harbor1	chr5	134420216	134420640	LTR/ERVL-MaLR	1184	-	212	134420428	14050
chr5	134406378	134606378	harbor1	chr5	134421123	134421473	LTR/ERVL-MaLR	2948	-	175	134421298	14920
chr5	134406378	134606378	harbor1	chr5	134444753	134445223	LTR/ERVL-MaLR	1881	-	235	134444988	38610
chr5	134406378	134606378	harbor1	chr5	134445224	134445509	LTR/ERVL-MaLR	917	-	142	134445366	38988
chr5	134406378	134606378	harbor1	chr5	134471910	134472260	LTR/ERVL-MaLR	2230	-	175	134472085	65707
chr5	134406378	134606378	harbor1	chr5	134493390	134493962	LTR/ERVL-MaLR	868	-	286	134493676	87298
chr5	157644323	157844323	harbor1	chr5	157704821	157705304	LTR/ERVL-MaLR	1994	-	242	157705063	60740
chr5	157644323	157844323	harbor1	chr5	157712668	157712931	LTR/ERVL-MaLR	459	-	132	157712800	68477
chr5	157644323	157844323	harbor1	chr5	157716809	157717076	LTR/ERVL-MaLR	1048	-	134	157716943	72620
chr5	6533035	6733035	harbor1	chr5	6567791	6568296	LTR/ERVL-MaLR	737	-	252	6568043	35008
chr5	6533035	6733035	harbor1	chr5	6579287	6579648	LTR/ERVL-MaLR	2162	-	180	6579467	46432
chr5	6533035	6733035	harbor1	chr5	6593878	6594010	LTR/ERVL-MaLR	631	-	66	6593944	60909
chr5	6533035	6733035	harbor1	chr5	6595977	6596137	LTR/ERVL-MaLR	533	-	80	6596057	63022
chr5	52688052	52888052	harbor1	chr5	52688262	52688465	LTR/ERVL-MaLR	469	-	102	52688364	312
chr5	52688052	52888052	harbor1	chr5	52688465	52688795	LTR/ERVL-MaLR	950	-	165	52688630	578
chr5	52688052	52888052	harbor1	chr5	52689101	52689631	LTR/ERVL-MaLR	1044	-	265	52689366	1314
chr5	52688052	52888052	harbor1	chr5	52699709	52700055	LTR/ERVL-MaLR	1353	-	173	52699882	11830
chr5	52688052	52888052	harbor1	chr5	52744674	52744760	LTR/ERVL-MaLR	2504	-	43	52744717	56665
chr5	52688052	52888052	harbor1	chr5	52744761	52745041	LTR/ERVL-MaLR	1616	-	140	52744901	56849
chr5	52688052	52888052	harbor1	chr5	52745042	52745284	LTR/ERVL-MaLR	2504	-	121	52745163	57111
chr5	52688052	52888052	harbor1	chr5	52745729	52745845	LTR/ERVL-MaLR	2504	-	58	52745787	57735
chr5	52688052	52888052	harbor1	chr5	52751685	52752064	LTR/ERVL-MaLR	2094	-	190	52751875	63823
chr5	52688052	52888052	harbor1	chr5	52767327	52767695	LTR/ERVL-MaLR	1033	-	184	52767511	79459
chr5	135919218	136119218	harbor1	chr5	135992279	135992585	LTR/ERVL-MaLR	1665	-	153	135992432	73214
chr5	135919218	136119218	harbor1	chr5	135998732	135999078	LTR/ERVL-MaLR	1200	-	173	135998905	79687
chr5	135919218	136119218	harbor1	chr5	135999082	135999238	LTR/ERVL-MaLR	731	-	78	135999160	79942
chr5	168407631	168607631	harbor1	chr5	168411421	168411989	LTR/ERVL-MaLR	1509	-	284	168411705	4074
chr5	168407631	168607631	harbor1	chr5	168420154	168420527	LTR/ERVL-MaLR	2041	-	186	168420340	12709
chr5	168407631	168607631	harbor1	chr5	168420997	168421169	LTR/ERVL-MaLR	585	-	86	168421083	13452
chr5	168407631	168607631	harbor1	chr5	168445728	168446105	LTR/ERVL-MaLR	922	-	188	168445916	38285
chr5	168407631	168607631	harbor1	chr5	168457946	168458152	LTR/ERVL-MaLR	467	-	103	168458049	50418
chr5	168407631	168607631	harbor1	chr5	168463098	168463517	LTR/ERVL-MaLR	1328	-	210	168463308	55677
chr5	168407631	168607631	harbor1	chr5	168463654	168464086	LTR/ERVL-MaLR	1426	-	216	168463870	56239
chr5	168407631	168607631	harbor1	chr5	168478188	168478367	LTR/ERVL-MaLR	1594	-	90	168478278	70647
chr5	168407631	168607631	harbor1	chr5	168478671	168478790	LTR/ERVL-MaLR	1594	-	60	168478731	71100
chr5	168407631	168607631	harbor1	chr5	168497533	168497661	LTR/ERVL-MaLR	739	-	64	168497597	89966
chr5	10341914	10541914	harbor1	chr5	10343055	10343271	LTR/ERVL-MaLR	808	-	108	10343163	1249
chr5	10341914	10541914	harbor1	chr5	10361288	10361689	LTR/ERVL-MaLR	2050	-	200	10361488	19574
chr5	10341914	10541914	harbor1	chr5	10368261	10368350	LTR/ERVL-MaLR	878	-	44	10368305	26391
chr5	10341914	10541914	harbor1	chr5	10368976	10369292	LTR/ERVL-MaLR	878	-	158	10369134	27220
chr5	10341914	10541914	harbor1	chr5	10371339	10371691	LTR/ERVL-MaLR	2163	-	176	10371515	29601
chr5	10341914	10541914	harbor1	chr5	10388451	10388848	LTR/ERVL-MaLR	720	-	198	10388649	46735
chr5	10341914	10541914	harbor1	chr5	10395624	10395811	LTR/ERVL-MaLR	496	-	94	10395718	53804
chr5	10341914	10541914	harbor1	chr5	10413541	10413894	LTR/ERVL-MaLR	2189	-	176	10413717	71803
chr5	10341914	10541914	harbor1	chr5	10419768	10420348	LTR/ERVL-MaLR	1011	-	290	10420058	78144
chr5	73351497	73551497	harbor1	chr5	73358775	73359107	LTR/ERVL-MaLR	1122	-	166	73358941	7444
chr5	73351497	73551497	harbor1	chr5	73361066	73361352	LTR/ERVL-MaLR	2067	-	143	73361209	9712
chr5	73351497	73551497	harbor1	chr5	73361639	73361717	LTR/ERVL-MaLR	2067	-	39	73361678	10181
chr5	73351497	73551497	harbor1	chr5	73398341	73398722	LTR/ERVL-MaLR	731	-	190	73398531	47034
chr5	73351497	73551497	harbor1	chr5	73408956	73409382	LTR/ERVL-MaLR	1923	-	213	73409169	57672
chr5	73351497	73551497	harbor1	chr5	73414204	73414649	LTR/ERVL-MaLR	1283	-	222	73414426	62929
chr5	73351497	73551497	harbor1	chr5	73422125	73422524	LTR/ERVL-MaLR	1660	-	200	73422325	70828
chr5	73351497	73551497	harbor1	chr5	73425668	73426219	LTR/ERVL-MaLR	2030	-	276	73425944	74447
chr5	133502807	133702807	harbor1	chr5	133503808	133504182	LTR/ERVL-MaLR	2518	-	187	133503995	1188
chr5	133502807	133702807	harbor1	chr5	133534009	133534111	LTR/ERVL-MaLR	477	-	51	133534060	31253
chr5	133502807	133702807	harbor1	chr5	133538706	133539250	LTR/ERVL-MaLR	883	-	272	133538978	36171
chr5	133502807	133702807	harbor1	chr5	133539254	133539807	LTR/ERVL-MaLR	1799	-	276	133539530	36723
chr5	133502807	133702807	harbor1	chr5	133540338	133541082	LTR/ERVL-MaLR	1182	-	372	133540710	37903
chr5	133502807	133702807	harbor1	chr5	133541100	133541625	LTR/ERVL-MaLR	1007	-	262	133541362	38555
chr5	133502807	133702807	harbor1	chr5	133563912	133564319	LTR/ERVL-MaLR	1494	-	204	133564116	61309
chr5	133502807	133702807	harbor1	chr5	133590724	133591069	LTR/ERVL-MaLR	1456	-	172	133590896	88089
chr5	73351070	73551070	harbor1	chr5	73358775	73359107	LTR/ERVL-MaLR	1122	-	166	73358941	7871
chr5	73351070	73551070	harbor1	chr5	73361066	73361352	LTR/ERVL-MaLR	2067	-	143	73361209	10139
chr5	73351070	73551070	harbor1	chr5	73361639	73361717	LTR/ERVL-MaLR	2067	-	39	73361678	10608
chr5	73351070	73551070	harbor1	chr5	73398341	73398722	LTR/ERVL-MaLR	731	-	190	73398531	47461
chr5	73351070	73551070	harbor1	chr5	73408956	73409382	LTR/ERVL-MaLR	1923	-	213	73409169	58099
chr5	73351070	73551070	harbor1	chr5	73414204	73414649	LTR/ERVL-MaLR	1283	-	222	73414426	63356
chr5	73351070	73551070	harbor1	chr5	73422125	73422524	LTR/ERVL-MaLR	1660	-	200	73422325	71255
chr5	73351070	73551070	harbor1	chr5	73425668	73426219	LTR/ERVL-MaLR	2030	-	276	73425944	74874
chr5	133905039	134105039	harbor1	chr5	133915947	133916157	LTR/ERVL-MaLR	589	-	105	133916052	11013
chr5	133905039	134105039	harbor1	chr5	133920001	133920330	LTR/ERVL-MaLR	957	-	164	133920165	15126
chr5	133905039	134105039	harbor1	chr5	133924246	133924617	LTR/ERVL-MaLR	741	-	186	133924432	19393
chr5	133905039	134105039	harbor1	chr5	133926037	133926406	LTR/ERVL-MaLR	1474	-	184	133926221	21182
chr5	133905039	134105039	harbor1	chr5	133929479	133929833	LTR/ERVL-MaLR	878	-	177	133929656	24617
chr5	133905039	134105039	harbor1	chr5	133948071	133948474	LTR/ERVL-MaLR	2453	-	202	133948273	43234
chr5	154657232	154857232	harbor1	chr5	154661877	154661915	LTR/ERVL-MaLR	1986	-	19	154661896	4664
chr5	154657232	154857232	harbor1	chr5	154662220	154662413	LTR/ERVL-MaLR	1986	-	96	154662316	5084
chr5	154657232	154857232	harbor1	chr5	154663045	154663231	LTR/ERVL-MaLR	1986	-	93	154663138	5906
chr5	154657232	154857232	harbor1	chr5	154663232	154664590	LTR/ERVL-MaLR	8453	-	679	154663911	6679
chr5	154657232	154857232	harbor1	chr5	154665340	154665734	LTR/ERVL-MaLR	2442	-	197	154665537	8305
chr5	154657232	154857232	harbor1	chr5	154667933	154668006	LTR/ERVL-MaLR	1373	-	36	154667969	10737
chr5	154657232	154857232	harbor1	chr5	154668603	154668998	LTR/ERVL-MaLR	1373	-	198	154668801	11569
chr5	154657232	154857232	harbor1	chr5	154726703	154727060	LTR/ERVL-MaLR	2176	-	178	154726881	69649
chr5	154657232	154857232	harbor1	chr5	154664898	154665111	LTR/ERVL-MaLR	8453	-	106	154665004	7772
chr5	10341987	10541987	harbor1	chr5	10343055	10343271	LTR/ERVL-MaLR	808	-	108	10343163	1176
chr5	10341987	10541987	harbor1	chr5	10361288	10361689	LTR/ERVL-MaLR	2050	-	200	10361488	19501
chr5	10341987	10541987	harbor1	chr5	10368261	10368350	LTR/ERVL-MaLR	878	-	44	10368305	26318
chr5	10341987	10541987	harbor1	chr5	10368976	10369292	LTR/ERVL-MaLR	878	-	158	10369134	27147
chr5	10341987	10541987	harbor1	chr5	10371339	10371691	LTR/ERVL-MaLR	2163	-	176	10371515	29528
chr5	10341987	10541987	harbor1	chr5	10388451	10388848	LTR/ERVL-MaLR	720	-	198	10388649	46662
chr5	10341987	10541987	harbor1	chr5	10395624	10395811	LTR/ERVL-MaLR	496	-	94	10395718	53731
chr5	10341987	10541987	harbor1	chr5	10413541	10413894	LTR/ERVL-MaLR	2189	-	176	10413717	71730
chr5	10341987	10541987	harbor1	chr5	10419768	10420348	LTR/ERVL-MaLR	1011	-	290	10420058	78071
chr5	42324781	42524781	harbor1	chr5	42324593	42325010	LTR/ERVL-MaLR	3030	-	208	42324801	20
chr5	42324781	42524781	harbor1	chr5	42325011	42325367	LTR/ERVL-MaLR	1716	-	178	42325189	408
chr5	42324781	42524781	harbor1	chr5	42338843	42339210	LTR/ERVL-MaLR	2077	-	184	42339027	14246
chr5	42324781	42524781	harbor1	chr5	42339211	42340844	LTR/ERVL-MaLR	11000	-	816	42340027	15246
chr5	42324781	42524781	harbor1	chr5	42340846	42341135	LTR/ERVL-MaLR	1162	-	144	42340990	16209
chr5	42324781	42524781	harbor1	chr5	42366004	42366221	LTR/ERVL-MaLR	487	-	108	42366112	41331
chr5	42324781	42524781	harbor1	chr5	42366249	42366434	LTR/ERVL-MaLR	589	-	92	42366341	41560
chr5	42324781	42524781	harbor1	chr5	42391258	42391639	LTR/ERVL-MaLR	2316	-	190	42391448	66667
chr5	42324781	42524781	harbor1	chr5	42391640	42391951	LTR/ERVL-MaLR	9632	-	156	42391796	67015
chr5	42324781	42524781	harbor1	chr5	42392529	42393818	LTR/ERVL-MaLR	9632	-	644	42393173	68392
chr5	42324781	42524781	harbor1	chr5	42393819	42394182	LTR/ERVL-MaLR	1994	-	182	42394001	69220
chr5	42324781	42524781	harbor1	chr5	42368814	42369172	LTR/ERVL-MaLR	1404	-	179	42368993	44212
chr5	82647609	82847609	harbor1	chr5	82732474	82732842	LTR/ERVL-MaLR	2159	-	184	82732658	85049
chr5	132193610	132393610	harbor1	chr5	132231447	132231770	LTR/ERVL-MaLR	1146	-	162	132231609	37999
chr5	132193610	132393610	harbor1	chr5	132248858	132249227	LTR/ERVL-MaLR	2073	-	184	132249042	55432
chr5	78410105	78610105	harbor1	chr5	78427028	78427473	LTR/ERVL-MaLR	2028	-	222	78427250	17145
chr5	78410105	78610105	harbor1	chr5	78444221	78444583	LTR/ERVL-MaLR	2434	-	181	78444402	34297
chr5	78410105	78610105	harbor1	chr5	78473844	78474310	LTR/ERVL-MaLR	1177	-	233	78474077	63972
chr5	52688976	52888976	harbor1	chr5	52689101	52689631	LTR/ERVL-MaLR	1044	-	265	52689366	390
chr5	52688976	52888976	harbor1	chr5	52699709	52700055	LTR/ERVL-MaLR	1353	-	173	52699882	10906
chr5	52688976	52888976	harbor1	chr5	52744674	52744760	LTR/ERVL-MaLR	2504	-	43	52744717	55741
chr5	52688976	52888976	harbor1	chr5	52744761	52745041	LTR/ERVL-MaLR	1616	-	140	52744901	55925
chr5	52688976	52888976	harbor1	chr5	52745042	52745284	LTR/ERVL-MaLR	2504	-	121	52745163	56187
chr5	52688976	52888976	harbor1	chr5	52745729	52745845	LTR/ERVL-MaLR	2504	-	58	52745787	56811
chr5	52688976	52888976	harbor1	chr5	52751685	52752064	LTR/ERVL-MaLR	2094	-	190	52751875	62899
chr5	52688976	52888976	harbor1	chr5	52767327	52767695	LTR/ERVL-MaLR	1033	-	184	52767511	78535
chr5	336002	536002	harbor1	chr5	340295	340660	LTR/ERVL-MaLR	1668	-	182	340477	4475
chr5	336002	536002	harbor1	chr5	387981	388173	LTR/ERVL-MaLR	739	-	96	388077	52075
chr5	79136023	79336023	harbor1	chr5	79145659	79145780	LTR/ERVL-MaLR	488	-	60	79145719	9696
chr5	79136023	79336023	harbor1	chr5	79208618	79208777	LTR/ERVL-MaLR	580	-	80	79208698	72675
chr5	10151040	10351040	harbor1	chr5	10156327	10156447	LTR/ERVL-MaLR	669	-	60	10156387	5347
chr5	10151040	10351040	harbor1	chr5	10158171	10158548	LTR/ERVL-MaLR	1902	-	188	10158359	7319
chr5	10151040	10351040	harbor1	chr5	10167219	10167577	LTR/ERVL-MaLR	2054	-	179	10167398	16358
chr5	10151040	10351040	harbor1	chr5	10195312	10195661	LTR/ERVL-MaLR	1339	-	174	10195486	44446
chr5	10151040	10351040	harbor1	chr5	10195850	10196210	LTR/ERVL-MaLR	1786	-	180	10196030	44990
chr5	10151040	10351040	harbor1	chr5	10196217	10196807	LTR/ERVL-MaLR	2291	-	295	10196512	45472
chr5	10151040	10351040	harbor1	chr5	10197382	10197596	LTR/ERVL-MaLR	2291	-	107	10197489	46449
chr5	10151040	10351040	harbor1	chr5	10197899	10198242	LTR/ERVL-MaLR	2291	-	172	10198071	47031
chr5	10151040	10351040	harbor1	chr5	10198250	10198619	LTR/ERVL-MaLR	841	-	184	10198434	47394
chr5	10151040	10351040	harbor1	chr5	10200369	10200708	LTR/ERVL-MaLR	1723	-	170	10200539	49499
chr5	10151040	10351040	harbor1	chr5	10221838	10222258	LTR/ERVL-MaLR	1129	-	210	10222048	71008
chr5	10151040	10351040	harbor1	chr5	10223903	10225454	LTR/ERVL-MaLR	12123	-	776	10224679	73639
chr5	10151040	10351040	harbor1	chr5	10225455	10225767	LTR/ERVL-MaLR	1497	-	156	10225611	74571
chr5	10151040	10351040	harbor1	chr5	10240647	10240713	LTR/ERVL-MaLR	1477	-	33	10240680	89640
chr5	10151040	10351040	harbor1	chr5	10241022	10241369	LTR/ERVL-MaLR	1477	-	174	10241196	90156
chr5	10151040	10351040	harbor1	chr5	10156448	10158166	LTR/ERVL-MaLR	6946	-	859	10157307	6267
chr5	10151040	10351040	harbor1	chr5	10223554	10223902	LTR/ERVL-MaLR	2271	-	174	10223728	72688
chr5	10205523	10405523	harbor1	chr5	10221838	10222258	LTR/ERVL-MaLR	1129	-	210	10222048	16525
chr5	10205523	10405523	harbor1	chr5	10223903	10225454	LTR/ERVL-MaLR	12123	-	776	10224679	19156
chr5	10205523	10405523	harbor1	chr5	10225455	10225767	LTR/ERVL-MaLR	1497	-	156	10225611	20088
chr5	10205523	10405523	harbor1	chr5	10240647	10240713	LTR/ERVL-MaLR	1477	-	33	10240680	35157
chr5	10205523	10405523	harbor1	chr5	10241022	10241369	LTR/ERVL-MaLR	1477	-	174	10241196	35673
chr5	10205523	10405523	harbor1	chr5	10273089	10273178	LTR/ERVL-MaLR	741	-	44	10273133	67610
chr5	10205523	10405523	harbor1	chr5	10274646	10275022	LTR/ERVL-MaLR	2798	-	188	10274834	69311
chr5	10205523	10405523	harbor1	chr5	10293221	10293545	LTR/ERVL-MaLR	1643	-	162	10293383	87860
chr5	10205523	10405523	harbor1	chr5	10223554	10223902	LTR/ERVL-MaLR	2271	-	174	10223728	18205
chr5	10184091	10384091	harbor1	chr5	10195312	10195661	LTR/ERVL-MaLR	1339	-	174	10195486	11395
chr5	10184091	10384091	harbor1	chr5	10195850	10196210	LTR/ERVL-MaLR	1786	-	180	10196030	11939
chr5	10184091	10384091	harbor1	chr5	10196217	10196807	LTR/ERVL-MaLR	2291	-	295	10196512	12421
chr5	10184091	10384091	harbor1	chr5	10197382	10197596	LTR/ERVL-MaLR	2291	-	107	10197489	13398
chr5	10184091	10384091	harbor1	chr5	10197899	10198242	LTR/ERVL-MaLR	2291	-	172	10198071	13980
chr5	10184091	10384091	harbor1	chr5	10198250	10198619	LTR/ERVL-MaLR	841	-	184	10198434	14343
chr5	10184091	10384091	harbor1	chr5	10200369	10200708	LTR/ERVL-MaLR	1723	-	170	10200539	16448
chr5	10184091	10384091	harbor1	chr5	10221838	10222258	LTR/ERVL-MaLR	1129	-	210	10222048	37957
chr5	10184091	10384091	harbor1	chr5	10223903	10225454	LTR/ERVL-MaLR	12123	-	776	10224679	40588
chr5	10184091	10384091	harbor1	chr5	10225455	10225767	LTR/ERVL-MaLR	1497	-	156	10225611	41520
chr5	10184091	10384091	harbor1	chr5	10240647	10240713	LTR/ERVL-MaLR	1477	-	33	10240680	56589
chr5	10184091	10384091	harbor1	chr5	10241022	10241369	LTR/ERVL-MaLR	1477	-	174	10241196	57105
chr5	10184091	10384091	harbor1	chr5	10273089	10273178	LTR/ERVL-MaLR	741	-	44	10273133	89042
chr5	10184091	10384091	harbor1	chr5	10274646	10275022	LTR/ERVL-MaLR	2798	-	188	10274834	90743
chr5	10184091	10384091	harbor1	chr5	10223554	10223902	LTR/ERVL-MaLR	2271	-	174	10223728	39637
chr5	10661221	10861221	harbor1	chr5	10661382	10661836	LTR/ERVL-MaLR	1053	-	227	10661609	388
chr5	10661221	10861221	harbor1	chr5	10668702	10669132	LTR/ERVL-MaLR	737	-	215	10668917	7696
chr5	73021050	73221050	harbor1	chr5	73022684	73023085	LTR/ERVL-MaLR	618	-	200	73022884	1834
chr5	73021050	73221050	harbor1	chr5	73029533	73029953	LTR/ERVL-MaLR	2317	-	210	73029743	8693
chr5	73021050	73221050	harbor1	chr5	73091415	73091759	LTR/ERVL-MaLR	1182	-	172	73091587	70537
chr5	73021050	73221050	harbor1	chr5	73113096	73113499	LTR/ERVL-MaLR	2312	-	202	73113298	92248
chr5	52700111	52900111	harbor1	chr5	52744674	52744760	LTR/ERVL-MaLR	2504	-	43	52744717	44606
chr5	52700111	52900111	harbor1	chr5	52744761	52745041	LTR/ERVL-MaLR	1616	-	140	52744901	44790
chr5	52700111	52900111	harbor1	chr5	52745042	52745284	LTR/ERVL-MaLR	2504	-	121	52745163	45052
chr5	52700111	52900111	harbor1	chr5	52745729	52745845	LTR/ERVL-MaLR	2504	-	58	52745787	45676
chr5	52700111	52900111	harbor1	chr5	52751685	52752064	LTR/ERVL-MaLR	2094	-	190	52751875	51764
chr5	52700111	52900111	harbor1	chr5	52767327	52767695	LTR/ERVL-MaLR	1033	-	184	52767511	67400
chr5	52700111	52900111	harbor1	chr5	52790350	52790837	LTR/ERVL-MaLR	2408	-	244	52790594	90483
chr5	6533087	6733087	harbor1	chr5	6567791	6568296	LTR/ERVL-MaLR	737	-	252	6568043	34956
chr5	6533087	6733087	harbor1	chr5	6579287	6579648	LTR/ERVL-MaLR	2162	-	180	6579467	46380
chr5	6533087	6733087	harbor1	chr5	6593878	6594010	LTR/ERVL-MaLR	631	-	66	6593944	60857
chr5	6533087	6733087	harbor1	chr5	6595977	6596137	LTR/ERVL-MaLR	533	-	80	6596057	62970
chr5	10333600	10533600	harbor1	chr5	10341532	10341675	LTR/ERVL-MaLR	960	-	72	10341604	8004
chr5	10333600	10533600	harbor1	chr5	10343055	10343271	LTR/ERVL-MaLR	808	-	108	10343163	9563
chr5	10333600	10533600	harbor1	chr5	10361288	10361689	LTR/ERVL-MaLR	2050	-	200	10361488	27888
chr5	10333600	10533600	harbor1	chr5	10368261	10368350	LTR/ERVL-MaLR	878	-	44	10368305	34705
chr5	10333600	10533600	harbor1	chr5	10368976	10369292	LTR/ERVL-MaLR	878	-	158	10369134	35534
chr5	10333600	10533600	harbor1	chr5	10371339	10371691	LTR/ERVL-MaLR	2163	-	176	10371515	37915
chr5	10333600	10533600	harbor1	chr5	10388451	10388848	LTR/ERVL-MaLR	720	-	198	10388649	55049
chr5	10333600	10533600	harbor1	chr5	10395624	10395811	LTR/ERVL-MaLR	496	-	94	10395718	62118
chr5	10333600	10533600	harbor1	chr5	10413541	10413894	LTR/ERVL-MaLR	2189	-	176	10413717	80117
chr5	10333600	10533600	harbor1	chr5	10419768	10420348	LTR/ERVL-MaLR	1011	-	290	10420058	86458
chr5	10341898	10541898	harbor1	chr5	10343055	10343271	LTR/ERVL-MaLR	808	-	108	10343163	1265
chr5	10341898	10541898	harbor1	chr5	10361288	10361689	LTR/ERVL-MaLR	2050	-	200	10361488	19590
chr5	10341898	10541898	harbor1	chr5	10368261	10368350	LTR/ERVL-MaLR	878	-	44	10368305	26407
chr5	10341898	10541898	harbor1	chr5	10368976	10369292	LTR/ERVL-MaLR	878	-	158	10369134	27236
chr5	10341898	10541898	harbor1	chr5	10371339	10371691	LTR/ERVL-MaLR	2163	-	176	10371515	29617
chr5	10341898	10541898	harbor1	chr5	10388451	10388848	LTR/ERVL-MaLR	720	-	198	10388649	46751
chr5	10341898	10541898	harbor1	chr5	10395624	10395811	LTR/ERVL-MaLR	496	-	94	10395718	53820
chr5	10341898	10541898	harbor1	chr5	10413541	10413894	LTR/ERVL-MaLR	2189	-	176	10413717	71819
chr5	10341898	10541898	harbor1	chr5	10419768	10420348	LTR/ERVL-MaLR	1011	-	290	10420058	78160
chr5	73350922	73550922	harbor1	chr5	73358775	73359107	LTR/ERVL-MaLR	1122	-	166	73358941	8019
chr5	73350922	73550922	harbor1	chr5	73361066	73361352	LTR/ERVL-MaLR	2067	-	143	73361209	10287
chr5	73350922	73550922	harbor1	chr5	73361639	73361717	LTR/ERVL-MaLR	2067	-	39	73361678	10756
chr5	73350922	73550922	harbor1	chr5	73398341	73398722	LTR/ERVL-MaLR	731	-	190	73398531	47609
chr5	73350922	73550922	harbor1	chr5	73408956	73409382	LTR/ERVL-MaLR	1923	-	213	73409169	58247
chr5	73350922	73550922	harbor1	chr5	73414204	73414649	LTR/ERVL-MaLR	1283	-	222	73414426	63504
chr5	73350922	73550922	harbor1	chr5	73422125	73422524	LTR/ERVL-MaLR	1660	-	200	73422325	71403
chr5	73350922	73550922	harbor1	chr5	73425668	73426219	LTR/ERVL-MaLR	2030	-	276	73425944	75022
chr5	10661144	10861144	harbor1	chr5	10661382	10661836	LTR/ERVL-MaLR	1053	-	227	10661609	465
chr5	10661144	10861144	harbor1	chr5	10668702	10669132	LTR/ERVL-MaLR	737	-	215	10668917	7773
chr5	10341940	10541940	harbor1	chr5	10343055	10343271	LTR/ERVL-MaLR	808	-	108	10343163	1223
chr5	10341940	10541940	harbor1	chr5	10361288	10361689	LTR/ERVL-MaLR	2050	-	200	10361488	19548
chr5	10341940	10541940	harbor1	chr5	10368261	10368350	LTR/ERVL-MaLR	878	-	44	10368305	26365
chr5	10341940	10541940	harbor1	chr5	10368976	10369292	LTR/ERVL-MaLR	878	-	158	10369134	27194
chr5	10341940	10541940	harbor1	chr5	10371339	10371691	LTR/ERVL-MaLR	2163	-	176	10371515	29575
chr5	10341940	10541940	harbor1	chr5	10388451	10388848	LTR/ERVL-MaLR	720	-	198	10388649	46709
chr5	10341940	10541940	harbor1	chr5	10395624	10395811	LTR/ERVL-MaLR	496	-	94	10395718	53778
chr5	10341940	10541940	harbor1	chr5	10413541	10413894	LTR/ERVL-MaLR	2189	-	176	10413717	71777
chr5	10341940	10541940	harbor1	chr5	10419768	10420348	LTR/ERVL-MaLR	1011	-	290	10420058	78118
chr5	37740447	37940447	harbor1	chr5	37806857	37807267	LTR/ERVL-MaLR	1006	-	205	37807062	66615
chr5	134922089	135122089	harbor1	chr5	134976087	134976223	LTR/ERVL-MaLR	870	-	68	134976155	54066
chr5	134922089	135122089	harbor1	chr5	134976426	134977710	LTR/ERVL-MaLR	6631	-	642	134977068	54979
chr5	134922089	135122089	harbor1	chr5	134977719	134978124	LTR/ERVL-MaLR	2361	-	202	134977921	55832
chr5	134922089	135122089	harbor1	chr5	135013836	135014251	LTR/ERVL-MaLR	2493	-	208	135014044	91955
chr5	10186534	10386534	harbor1	chr5	10195312	10195661	LTR/ERVL-MaLR	1339	-	174	10195486	8952
chr5	10186534	10386534	harbor1	chr5	10195850	10196210	LTR/ERVL-MaLR	1786	-	180	10196030	9496
chr5	10186534	10386534	harbor1	chr5	10196217	10196807	LTR/ERVL-MaLR	2291	-	295	10196512	9978
chr5	10186534	10386534	harbor1	chr5	10197382	10197596	LTR/ERVL-MaLR	2291	-	107	10197489	10955
chr5	10186534	10386534	harbor1	chr5	10197899	10198242	LTR/ERVL-MaLR	2291	-	172	10198071	11537
chr5	10186534	10386534	harbor1	chr5	10198250	10198619	LTR/ERVL-MaLR	841	-	184	10198434	11900
chr5	10186534	10386534	harbor1	chr5	10200369	10200708	LTR/ERVL-MaLR	1723	-	170	10200539	14005
chr5	10186534	10386534	harbor1	chr5	10221838	10222258	LTR/ERVL-MaLR	1129	-	210	10222048	35514
chr5	10186534	10386534	harbor1	chr5	10223903	10225454	LTR/ERVL-MaLR	12123	-	776	10224679	38145
chr5	10186534	10386534	harbor1	chr5	10225455	10225767	LTR/ERVL-MaLR	1497	-	156	10225611	39077
chr5	10186534	10386534	harbor1	chr5	10240647	10240713	LTR/ERVL-MaLR	1477	-	33	10240680	54146
chr5	10186534	10386534	harbor1	chr5	10241022	10241369	LTR/ERVL-MaLR	1477	-	174	10241196	54662
chr5	10186534	10386534	harbor1	chr5	10273089	10273178	LTR/ERVL-MaLR	741	-	44	10273133	86599
chr5	10186534	10386534	harbor1	chr5	10274646	10275022	LTR/ERVL-MaLR	2798	-	188	10274834	88300
chr5	10186534	10386534	harbor1	chr5	10223554	10223902	LTR/ERVL-MaLR	2271	-	174	10223728	37194
chr5	10653254	10853254	harbor1	chr5	10661382	10661836	LTR/ERVL-MaLR	1053	-	227	10661609	8355
chr5	10653254	10853254	harbor1	chr5	10668702	10669132	LTR/ERVL-MaLR	737	-	215	10668917	15663
chr5	72733843	72933843	harbor1	chr5	72745610	72745998	LTR/ERVL-MaLR	2262	-	194	72745804	11961
chr5	72733843	72933843	harbor1	chr5	72757001	72757489	LTR/ERVL-MaLR	1460	-	244	72757245	23402
chr5	72733843	72933843	harbor1	chr5	72765870	72766227	LTR/ERVL-MaLR	1790	-	178	72766048	32205
chr5	72733843	72933843	harbor1	chr5	72771383	72771928	LTR/ERVL-MaLR	1862	-	272	72771655	37812
chr5	72733843	72933843	harbor1	chr5	72790747	72790816	LTR/ERVL-MaLR	1015	-	34	72790781	56938
chr5	72733843	72933843	harbor1	chr5	72791099	72791345	LTR/ERVL-MaLR	1015	-	123	72791222	57379
chr5	72733843	72933843	harbor1	chr5	72819014	72819280	LTR/ERVL-MaLR	1245	-	133	72819147	85304
chr5	73307094	73507094	harbor1	chr5	73317998	73318114	LTR/ERVL-MaLR	697	-	58	73318056	10962
chr5	73307094	73507094	harbor1	chr5	73318511	73318626	LTR/ERVL-MaLR	511	-	58	73318569	11475
chr5	73307094	73507094	harbor1	chr5	73325857	73326284	LTR/ERVL-MaLR	2019	-	214	73326071	18977
chr5	73307094	73507094	harbor1	chr5	73339997	73340266	LTR/ERVL-MaLR	818	-	134	73340131	33037
chr5	73307094	73507094	harbor1	chr5	73340797	73340987	LTR/ERVL-MaLR	538	-	95	73340892	33798
chr5	73307094	73507094	harbor1	chr5	73341346	73341707	LTR/ERVL-MaLR	1493	-	180	73341526	34432
chr5	73307094	73507094	harbor1	chr5	73358775	73359107	LTR/ERVL-MaLR	1122	-	166	73358941	51847
chr5	73307094	73507094	harbor1	chr5	73361066	73361352	LTR/ERVL-MaLR	2067	-	143	73361209	54115
chr5	73307094	73507094	harbor1	chr5	73361639	73361717	LTR/ERVL-MaLR	2067	-	39	73361678	54584
chr5	73307094	73507094	harbor1	chr5	73398341	73398722	LTR/ERVL-MaLR	731	-	190	73398531	91437
chr5	73307094	73507094	harbor1	chr5	73318306	73318488	LTR/ERVL-MaLR	666	-	91	73318397	11303
chr5	178132777	178332777	harbor1	chr5	178192873	178193307	LTR/ERVL-MaLR	1651	-	217	178193090	60313
chr5	178132777	178332777	harbor1	chr5	178198078	178198406	LTR/ERVL-MaLR	2069	-	164	178198242	65465
chr5	178132777	178332777	harbor1	chr5	178198890	178199333	LTR/ERVL-MaLR	1539	-	222	178199112	66335
chr5	178132777	178332777	harbor1	chr5	178199627	178199664	LTR/ERVL-MaLR	1539	-	18	178199645	66868
chr5	9289591	9489591	harbor1	chr5	9301803	9302285	LTR/ERVL-MaLR	1558	-	241	9302044	12453
chr5	9114312	9314312	harbor1	chr5	9131099	9131327	LTR/ERVL-MaLR	1694	-	114	9131213	16901
chr5	9114312	9314312	harbor1	chr5	9131638	9131829	LTR/ERVL-MaLR	1694	-	96	9131734	17422
chr5	9114312	9314312	harbor1	chr5	9173364	9173719	LTR/ERVL-MaLR	1898	-	178	9173542	59230
chr5	9114312	9314312	harbor1	chr5	9179843	9180296	LTR/ERVL-MaLR	1419	-	226	9180069	65757
chr5	9114312	9314312	harbor1	chr5	9212877	9213243	LTR/ERVL-MaLR	2034	-	183	9213060	98748
chr5	79136006	79336006	harbor1	chr5	79145659	79145780	LTR/ERVL-MaLR	488	-	60	79145719	9713
chr5	79136006	79336006	harbor1	chr5	79208618	79208777	LTR/ERVL-MaLR	580	-	80	79208698	72692
chr5	75136482	75336482	harbor1	chr5	75142921	75143382	LTR/ERVL-MaLR	1484	-	230	75143151	6669
chr5	10661132	10861132	harbor1	chr5	10661382	10661836	LTR/ERVL-MaLR	1053	-	227	10661609	477
chr5	10661132	10861132	harbor1	chr5	10668702	10669132	LTR/ERVL-MaLR	737	-	215	10668917	7785
chr5	89882308	90082308	harbor1	chr5	89883412	89883782	LTR/ERVL-MaLR	599	-	185	89883597	1289
chr5	89882308	90082308	harbor1	chr5	89891991	89892353	LTR/ERVL-MaLR	2118	-	181	89892172	9864
chr5	89882308	90082308	harbor1	chr5	89924681	89925090	LTR/ERVL-MaLR	2009	-	204	89924885	42577
chr5	89882308	90082308	harbor1	chr5	89979272	89979653	LTR/ERVL-MaLR	2072	-	190	89979462	97154
chr5	141778294	141978294	harbor1	chr5	141830407	141830720	LTR/ERVL-MaLR	1177	-	156	141830563	52269
chr5	141778294	141978294	harbor1	chr5	141831026	141831124	LTR/ERVL-MaLR	1177	-	49	141831075	52781
chr5	10661219	10861219	harbor1	chr5	10661382	10661836	LTR/ERVL-MaLR	1053	-	227	10661609	390
chr5	10661219	10861219	harbor1	chr5	10668702	10669132	LTR/ERVL-MaLR	737	-	215	10668917	7698
chr5	10339138	10539138	harbor1	chr5	10341532	10341675	LTR/ERVL-MaLR	960	-	72	10341604	2466
chr5	10339138	10539138	harbor1	chr5	10343055	10343271	LTR/ERVL-MaLR	808	-	108	10343163	4025
chr5	10339138	10539138	harbor1	chr5	10361288	10361689	LTR/ERVL-MaLR	2050	-	200	10361488	22350
chr5	10339138	10539138	harbor1	chr5	10368261	10368350	LTR/ERVL-MaLR	878	-	44	10368305	29167
chr5	10339138	10539138	harbor1	chr5	10368976	10369292	LTR/ERVL-MaLR	878	-	158	10369134	29996
chr5	10339138	10539138	harbor1	chr5	10371339	10371691	LTR/ERVL-MaLR	2163	-	176	10371515	32377
chr5	10339138	10539138	harbor1	chr5	10388451	10388848	LTR/ERVL-MaLR	720	-	198	10388649	49511
chr5	10339138	10539138	harbor1	chr5	10395624	10395811	LTR/ERVL-MaLR	496	-	94	10395718	56580
chr5	10339138	10539138	harbor1	chr5	10413541	10413894	LTR/ERVL-MaLR	2189	-	176	10413717	74579
chr5	10339138	10539138	harbor1	chr5	10419768	10420348	LTR/ERVL-MaLR	1011	-	290	10420058	80920
chr5	73338840	73538840	harbor1	chr5	73339997	73340266	LTR/ERVL-MaLR	818	-	134	73340131	1291
chr5	73338840	73538840	harbor1	chr5	73340797	73340987	LTR/ERVL-MaLR	538	-	95	73340892	2052
chr5	73338840	73538840	harbor1	chr5	73341346	73341707	LTR/ERVL-MaLR	1493	-	180	73341526	2686
chr5	73338840	73538840	harbor1	chr5	73358775	73359107	LTR/ERVL-MaLR	1122	-	166	73358941	20101
chr5	73338840	73538840	harbor1	chr5	73361066	73361352	LTR/ERVL-MaLR	2067	-	143	73361209	22369
chr5	73338840	73538840	harbor1	chr5	73361639	73361717	LTR/ERVL-MaLR	2067	-	39	73361678	22838
chr5	73338840	73538840	harbor1	chr5	73398341	73398722	LTR/ERVL-MaLR	731	-	190	73398531	59691
chr5	73338840	73538840	harbor1	chr5	73408956	73409382	LTR/ERVL-MaLR	1923	-	213	73409169	70329
chr5	73338840	73538840	harbor1	chr5	73414204	73414649	LTR/ERVL-MaLR	1283	-	222	73414426	75586
chr5	73338840	73538840	harbor1	chr5	73422125	73422524	LTR/ERVL-MaLR	1660	-	200	73422325	83485
chr5	73338840	73538840	harbor1	chr5	73425668	73426219	LTR/ERVL-MaLR	2030	-	276	73425944	87104
chr5	133511368	133711368	harbor1	chr5	133534009	133534111	LTR/ERVL-MaLR	477	-	51	133534060	22692
chr5	133511368	133711368	harbor1	chr5	133538706	133539250	LTR/ERVL-MaLR	883	-	272	133538978	27610
chr5	133511368	133711368	harbor1	chr5	133539254	133539807	LTR/ERVL-MaLR	1799	-	276	133539530	28162
chr5	133511368	133711368	harbor1	chr5	133540338	133541082	LTR/ERVL-MaLR	1182	-	372	133540710	29342
chr5	133511368	133711368	harbor1	chr5	133541100	133541625	LTR/ERVL-MaLR	1007	-	262	133541362	29994
chr5	133511368	133711368	harbor1	chr5	133563912	133564319	LTR/ERVL-MaLR	1494	-	204	133564116	52748
chr5	133511368	133711368	harbor1	chr5	133590724	133591069	LTR/ERVL-MaLR	1456	-	172	133590896	79528
chr5	596533	796533	harbor1	chr5	596417	596760	LTR/ERVL-MaLR	1255	-	172	596589	56
chr5	596533	796533	harbor1	chr5	605054	605272	LTR/ERVL-MaLR	1068	-	109	605163	8630
chr5	596533	796533	harbor1	chr5	605638	605718	LTR/ERVL-MaLR	1073	-	40	605678	9145
chr5	596533	796533	harbor1	chr5	606021	606204	LTR/ERVL-MaLR	1073	-	92	606113	9580
chr5	596533	796533	harbor1	chr5	625719	626043	LTR/ERVL-MaLR	760	-	162	625881	29348
chr5	596533	796533	harbor1	chr5	635596	635829	LTR/ERVL-MaLR	908	-	116	635712	39179
chr5	596533	796533	harbor1	chr5	695484	695873	LTR/ERVL-MaLR	427	-	194	695678	99145
chr5	135442075	135642075	harbor1	chr5	135460286	135460677	LTR/ERVL-MaLR	806	-	196	135460482	18407
chr5	135442075	135642075	harbor1	chr5	135463529	135463756	LTR/ERVL-MaLR	763	-	114	135463643	21568
chr5	135442075	135642075	harbor1	chr5	135473228	135473573	LTR/ERVL-MaLR	890	-	172	135473400	31325
chr5	135442075	135642075	harbor1	chr5	135479618	135479883	LTR/ERVL-MaLR	598	-	132	135479750	37675
chr5	135442075	135642075	harbor1	chr5	135495178	135495572	LTR/ERVL-MaLR	2327	-	197	135495375	53300
chr5	135442075	135642075	harbor1	chr5	135495921	135496022	LTR/ERVL-MaLR	2327	-	50	135495971	53896
chr5	135442075	135642075	harbor1	chr5	135501091	135501524	LTR/ERVL-MaLR	1600	-	216	135501307	59232
chr5	135442075	135642075	harbor1	chr5	135514642	135514825	LTR/ERVL-MaLR	630	-	92	135514734	72659
chr5	135442075	135642075	harbor1	chr5	135521432	135521826	LTR/ERVL-MaLR	2335	-	197	135521629	79554
chr5	135442075	135642075	harbor1	chr5	135522639	135523001	LTR/ERVL-MaLR	2186	-	181	135522820	80745
chr5	135442075	135642075	harbor1	chr5	135523002	135524522	LTR/ERVL-MaLR	10403	-	760	135523762	81687
chr5	135442075	135642075	harbor1	chr5	135524525	135524899	LTR/ERVL-MaLR	2245	-	187	135524712	82637
chr5	135442075	135642075	harbor1	chr5	135526030	135526176	LTR/ERVL-MaLR	525	-	73	135526103	84028
chr5	135442075	135642075	harbor1	chr5	135530423	135530774	LTR/ERVL-MaLR	2066	-	176	135530599	88524
chr5	135442075	135642075	harbor1	chr5	135537765	135538216	LTR/ERVL-MaLR	1483	-	226	135537991	95916
chr5	135442075	135642075	harbor1	chr5	135495573	135495920	LTR/ERVL-MaLR	2677	-	174	135495747	53672
chr5	41825178	42025178	harbor1	chr5	41874372	41874495	LTR/ERVL-MaLR	1686	-	62	41874434	49256
chr5	41825178	42025178	harbor1	chr5	41874923	41875153	LTR/ERVL-MaLR	1686	-	115	41875038	49860
chr5	41825178	42025178	harbor1	chr5	41894742	41894877	LTR/ERVL-MaLR	535	-	68	41894810	69632
chr5	41825178	42025178	harbor1	chr5	41898916	41899276	LTR/ERVL-MaLR	1675	-	180	41899096	73918
chr5	41825178	42025178	harbor1	chr5	41900118	41900349	LTR/ERVL-MaLR	785	-	116	41900234	75056
chr5	41825178	42025178	harbor1	chr5	41912450	41912812	LTR/ERVL-MaLR	1984	-	181	41912631	87453
chr5	41825178	42025178	harbor1	chr5	41913067	41913386	LTR/ERVL-MaLR	673	-	160	41913227	88049
chr5	41825178	42025178	harbor1	chr5	41915477	41915829	LTR/ERVL-MaLR	2200	-	176	41915653	90475
chr5	10338301	10538301	harbor1	chr5	10341532	10341675	LTR/ERVL-MaLR	960	-	72	10341604	3303
chr5	10338301	10538301	harbor1	chr5	10343055	10343271	LTR/ERVL-MaLR	808	-	108	10343163	4862
chr5	10338301	10538301	harbor1	chr5	10361288	10361689	LTR/ERVL-MaLR	2050	-	200	10361488	23187
chr5	10338301	10538301	harbor1	chr5	10368261	10368350	LTR/ERVL-MaLR	878	-	44	10368305	30004
chr5	10338301	10538301	harbor1	chr5	10368976	10369292	LTR/ERVL-MaLR	878	-	158	10369134	30833
chr5	10338301	10538301	harbor1	chr5	10371339	10371691	LTR/ERVL-MaLR	2163	-	176	10371515	33214
chr5	10338301	10538301	harbor1	chr5	10388451	10388848	LTR/ERVL-MaLR	720	-	198	10388649	50348
chr5	10338301	10538301	harbor1	chr5	10395624	10395811	LTR/ERVL-MaLR	496	-	94	10395718	57417
chr5	10338301	10538301	harbor1	chr5	10413541	10413894	LTR/ERVL-MaLR	2189	-	176	10413717	75416
chr5	10338301	10538301	harbor1	chr5	10419768	10420348	LTR/ERVL-MaLR	1011	-	290	10420058	81757
chr5	10339062	10539062	harbor1	chr5	10341532	10341675	LTR/ERVL-MaLR	960	-	72	10341604	2542
chr5	10339062	10539062	harbor1	chr5	10343055	10343271	LTR/ERVL-MaLR	808	-	108	10343163	4101
chr5	10339062	10539062	harbor1	chr5	10361288	10361689	LTR/ERVL-MaLR	2050	-	200	10361488	22426
chr5	10339062	10539062	harbor1	chr5	10368261	10368350	LTR/ERVL-MaLR	878	-	44	10368305	29243
chr5	10339062	10539062	harbor1	chr5	10368976	10369292	LTR/ERVL-MaLR	878	-	158	10369134	30072
chr5	10339062	10539062	harbor1	chr5	10371339	10371691	LTR/ERVL-MaLR	2163	-	176	10371515	32453
chr5	10339062	10539062	harbor1	chr5	10388451	10388848	LTR/ERVL-MaLR	720	-	198	10388649	49587
chr5	10339062	10539062	harbor1	chr5	10395624	10395811	LTR/ERVL-MaLR	496	-	94	10395718	56656
chr5	10339062	10539062	harbor1	chr5	10413541	10413894	LTR/ERVL-MaLR	2189	-	176	10413717	74655
chr5	10339062	10539062	harbor1	chr5	10419768	10420348	LTR/ERVL-MaLR	1011	-	290	10420058	80996
chr5	10338313	10538313	harbor1	chr5	10341532	10341675	LTR/ERVL-MaLR	960	-	72	10341604	3291
chr5	10338313	10538313	harbor1	chr5	10343055	10343271	LTR/ERVL-MaLR	808	-	108	10343163	4850
chr5	10338313	10538313	harbor1	chr5	10361288	10361689	LTR/ERVL-MaLR	2050	-	200	10361488	23175
chr5	10338313	10538313	harbor1	chr5	10368261	10368350	LTR/ERVL-MaLR	878	-	44	10368305	29992
chr5	10338313	10538313	harbor1	chr5	10368976	10369292	LTR/ERVL-MaLR	878	-	158	10369134	30821
chr5	10338313	10538313	harbor1	chr5	10371339	10371691	LTR/ERVL-MaLR	2163	-	176	10371515	33202
chr5	10338313	10538313	harbor1	chr5	10388451	10388848	LTR/ERVL-MaLR	720	-	198	10388649	50336
chr5	10338313	10538313	harbor1	chr5	10395624	10395811	LTR/ERVL-MaLR	496	-	94	10395718	57405
chr5	10338313	10538313	harbor1	chr5	10413541	10413894	LTR/ERVL-MaLR	2189	-	176	10413717	75404
chr5	10338313	10538313	harbor1	chr5	10419768	10420348	LTR/ERVL-MaLR	1011	-	290	10420058	81745
chr5	133482188	133682188	harbor1	chr5	133503808	133504182	LTR/ERVL-MaLR	2518	-	187	133503995	21807
chr5	133482188	133682188	harbor1	chr5	133534009	133534111	LTR/ERVL-MaLR	477	-	51	133534060	51872
chr5	133482188	133682188	harbor1	chr5	133538706	133539250	LTR/ERVL-MaLR	883	-	272	133538978	56790
chr5	133482188	133682188	harbor1	chr5	133539254	133539807	LTR/ERVL-MaLR	1799	-	276	133539530	57342
chr5	133482188	133682188	harbor1	chr5	133540338	133541082	LTR/ERVL-MaLR	1182	-	372	133540710	58522
chr5	133482188	133682188	harbor1	chr5	133541100	133541625	LTR/ERVL-MaLR	1007	-	262	133541362	59174
chr5	133482188	133682188	harbor1	chr5	133563912	133564319	LTR/ERVL-MaLR	1494	-	204	133564116	81928
chr5	9114417	9314417	harbor1	chr5	9131099	9131327	LTR/ERVL-MaLR	1694	-	114	9131213	16796
chr5	9114417	9314417	harbor1	chr5	9131638	9131829	LTR/ERVL-MaLR	1694	-	96	9131734	17317
chr5	9114417	9314417	harbor1	chr5	9173364	9173719	LTR/ERVL-MaLR	1898	-	178	9173542	59125
chr5	9114417	9314417	harbor1	chr5	9179843	9180296	LTR/ERVL-MaLR	1419	-	226	9180069	65652
chr5	9114417	9314417	harbor1	chr5	9212877	9213243	LTR/ERVL-MaLR	2034	-	183	9213060	98643
chr5	73351520	73551520	harbor1	chr5	73358775	73359107	LTR/ERVL-MaLR	1122	-	166	73358941	7421
chr5	73351520	73551520	harbor1	chr5	73361066	73361352	LTR/ERVL-MaLR	2067	-	143	73361209	9689
chr5	73351520	73551520	harbor1	chr5	73361639	73361717	LTR/ERVL-MaLR	2067	-	39	73361678	10158
chr5	73351520	73551520	harbor1	chr5	73398341	73398722	LTR/ERVL-MaLR	731	-	190	73398531	47011
chr5	73351520	73551520	harbor1	chr5	73408956	73409382	LTR/ERVL-MaLR	1923	-	213	73409169	57649
chr5	73351520	73551520	harbor1	chr5	73414204	73414649	LTR/ERVL-MaLR	1283	-	222	73414426	62906
chr5	73351520	73551520	harbor1	chr5	73422125	73422524	LTR/ERVL-MaLR	1660	-	200	73422325	70805
chr5	73351520	73551520	harbor1	chr5	73425668	73426219	LTR/ERVL-MaLR	2030	-	276	73425944	74424
chr5	171287852	171487852	harbor1	chr5	171300950	171301343	LTR/ERVL-MaLR	1502	-	196	171301146	13294
chr5	135008381	135208381	harbor1	chr5	135013836	135014251	LTR/ERVL-MaLR	2493	-	208	135014044	5663
chr5	135008381	135208381	harbor1	chr5	135057819	135058251	LTR/ERVL-MaLR	2348	-	216	135058035	49654
chr5	135008381	135208381	harbor1	chr5	135060442	135060923	LTR/ERVL-MaLR	2299	-	240	135060682	52301
chr5	135008381	135208381	harbor1	chr5	135080247	135080495	LTR/ERVL-MaLR	1628	-	124	135080371	71990
chr5	135008381	135208381	harbor1	chr5	135081609	135081965	LTR/ERVL-MaLR	2356	-	178	135081787	73406
chr5	134460977	134660977	harbor1	chr5	134471910	134472260	LTR/ERVL-MaLR	2230	-	175	134472085	11108
chr5	134460977	134660977	harbor1	chr5	134493390	134493962	LTR/ERVL-MaLR	868	-	286	134493676	32699
chr5	134460977	134660977	harbor1	chr5	134509808	134509976	LTR/ERVL-MaLR	871	-	84	134509892	48915
chr5	135008344	135208344	harbor1	chr5	135013836	135014251	LTR/ERVL-MaLR	2493	-	208	135014044	5700
chr5	135008344	135208344	harbor1	chr5	135057819	135058251	LTR/ERVL-MaLR	2348	-	216	135058035	49691
chr5	135008344	135208344	harbor1	chr5	135060442	135060923	LTR/ERVL-MaLR	2299	-	240	135060682	52338
chr5	135008344	135208344	harbor1	chr5	135080247	135080495	LTR/ERVL-MaLR	1628	-	124	135080371	72027
chr5	135008344	135208344	harbor1	chr5	135081609	135081965	LTR/ERVL-MaLR	2356	-	178	135081787	73443
chr5	52700146	52900146	harbor1	chr5	52744674	52744760	LTR/ERVL-MaLR	2504	-	43	52744717	44571
chr5	52700146	52900146	harbor1	chr5	52744761	52745041	LTR/ERVL-MaLR	1616	-	140	52744901	44755
chr5	52700146	52900146	harbor1	chr5	52745042	52745284	LTR/ERVL-MaLR	2504	-	121	52745163	45017
chr5	52700146	52900146	harbor1	chr5	52745729	52745845	LTR/ERVL-MaLR	2504	-	58	52745787	45641
chr5	52700146	52900146	harbor1	chr5	52751685	52752064	LTR/ERVL-MaLR	2094	-	190	52751875	51729
chr5	52700146	52900146	harbor1	chr5	52767327	52767695	LTR/ERVL-MaLR	1033	-	184	52767511	67365
chr5	52700146	52900146	harbor1	chr5	52790350	52790837	LTR/ERVL-MaLR	2408	-	244	52790594	90448
chr5	168386457	168586457	harbor1	chr5	168387495	168387833	LTR/ERVL-MaLR	1249	-	169	168387664	1207
chr5	168386457	168586457	harbor1	chr5	168411421	168411989	LTR/ERVL-MaLR	1509	-	284	168411705	25248
chr5	168386457	168586457	harbor1	chr5	168420154	168420527	LTR/ERVL-MaLR	2041	-	186	168420340	33883
chr5	168386457	168586457	harbor1	chr5	168420997	168421169	LTR/ERVL-MaLR	585	-	86	168421083	34626
chr5	168386457	168586457	harbor1	chr5	168445728	168446105	LTR/ERVL-MaLR	922	-	188	168445916	59459
chr5	168386457	168586457	harbor1	chr5	168457946	168458152	LTR/ERVL-MaLR	467	-	103	168458049	71592
chr5	168386457	168586457	harbor1	chr5	168463098	168463517	LTR/ERVL-MaLR	1328	-	210	168463308	76851
chr5	168386457	168586457	harbor1	chr5	168463654	168464086	LTR/ERVL-MaLR	1426	-	216	168463870	77413
chr5	168386457	168586457	harbor1	chr5	168478188	168478367	LTR/ERVL-MaLR	1594	-	90	168478278	91821
chr5	168386457	168586457	harbor1	chr5	168478671	168478790	LTR/ERVL-MaLR	1594	-	60	168478731	92274
chr5	73351488	73551488	harbor1	chr5	73358775	73359107	LTR/ERVL-MaLR	1122	-	166	73358941	7453
chr5	73351488	73551488	harbor1	chr5	73361066	73361352	LTR/ERVL-MaLR	2067	-	143	73361209	9721
chr5	73351488	73551488	harbor1	chr5	73361639	73361717	LTR/ERVL-MaLR	2067	-	39	73361678	10190
chr5	73351488	73551488	harbor1	chr5	73398341	73398722	LTR/ERVL-MaLR	731	-	190	73398531	47043
chr5	73351488	73551488	harbor1	chr5	73408956	73409382	LTR/ERVL-MaLR	1923	-	213	73409169	57681
chr5	73351488	73551488	harbor1	chr5	73414204	73414649	LTR/ERVL-MaLR	1283	-	222	73414426	62938
chr5	73351488	73551488	harbor1	chr5	73422125	73422524	LTR/ERVL-MaLR	1660	-	200	73422325	70837
chr5	73351488	73551488	harbor1	chr5	73425668	73426219	LTR/ERVL-MaLR	2030	-	276	73425944	74456
chr5	177411621	177611621	harbor1	chr5	177413847	177414340	LTR/ERVL-MaLR	1154	-	246	177414093	2472
chr5	177411621	177611621	harbor1	chr5	177418974	177419319	LTR/ERVL-MaLR	1234	-	172	177419146	7525
chr5	177411621	177611621	harbor1	chr5	177421044	177421645	LTR/ERVL-MaLR	1694	-	300	177421344	9723
chr5	177411621	177611621	harbor1	chr5	177436596	177436878	LTR/ERVL-MaLR	506	-	141	177436737	25116
chr5	10341929	10541929	harbor1	chr5	10343055	10343271	LTR/ERVL-MaLR	808	-	108	10343163	1234
chr5	10341929	10541929	harbor1	chr5	10361288	10361689	LTR/ERVL-MaLR	2050	-	200	10361488	19559
chr5	10341929	10541929	harbor1	chr5	10368261	10368350	LTR/ERVL-MaLR	878	-	44	10368305	26376
chr5	10341929	10541929	harbor1	chr5	10368976	10369292	LTR/ERVL-MaLR	878	-	158	10369134	27205
chr5	10341929	10541929	harbor1	chr5	10371339	10371691	LTR/ERVL-MaLR	2163	-	176	10371515	29586
chr5	10341929	10541929	harbor1	chr5	10388451	10388848	LTR/ERVL-MaLR	720	-	198	10388649	46720
chr5	10341929	10541929	harbor1	chr5	10395624	10395811	LTR/ERVL-MaLR	496	-	94	10395718	53789
chr5	10341929	10541929	harbor1	chr5	10413541	10413894	LTR/ERVL-MaLR	2189	-	176	10413717	71788
chr5	10341929	10541929	harbor1	chr5	10419768	10420348	LTR/ERVL-MaLR	1011	-	290	10420058	78129
chr5	52700057	52900057	harbor1	chr5	52744674	52744760	LTR/ERVL-MaLR	2504	-	43	52744717	44660
chr5	52700057	52900057	harbor1	chr5	52744761	52745041	LTR/ERVL-MaLR	1616	-	140	52744901	44844
chr5	52700057	52900057	harbor1	chr5	52745042	52745284	LTR/ERVL-MaLR	2504	-	121	52745163	45106
chr5	52700057	52900057	harbor1	chr5	52745729	52745845	LTR/ERVL-MaLR	2504	-	58	52745787	45730
chr5	52700057	52900057	harbor1	chr5	52751685	52752064	LTR/ERVL-MaLR	2094	-	190	52751875	51818
chr5	52700057	52900057	harbor1	chr5	52767327	52767695	LTR/ERVL-MaLR	1033	-	184	52767511	67454
chr5	52700057	52900057	harbor1	chr5	52790350	52790837	LTR/ERVL-MaLR	2408	-	244	52790594	90537
chr5	73351609	73551609	harbor1	chr5	73358775	73359107	LTR/ERVL-MaLR	1122	-	166	73358941	7332
chr5	73351609	73551609	harbor1	chr5	73361066	73361352	LTR/ERVL-MaLR	2067	-	143	73361209	9600
chr5	73351609	73551609	harbor1	chr5	73361639	73361717	LTR/ERVL-MaLR	2067	-	39	73361678	10069
chr5	73351609	73551609	harbor1	chr5	73398341	73398722	LTR/ERVL-MaLR	731	-	190	73398531	46922
chr5	73351609	73551609	harbor1	chr5	73408956	73409382	LTR/ERVL-MaLR	1923	-	213	73409169	57560
chr5	73351609	73551609	harbor1	chr5	73414204	73414649	LTR/ERVL-MaLR	1283	-	222	73414426	62817
chr5	73351609	73551609	harbor1	chr5	73422125	73422524	LTR/ERVL-MaLR	1660	-	200	73422325	70716
chr5	73351609	73551609	harbor1	chr5	73425668	73426219	LTR/ERVL-MaLR	2030	-	276	73425944	74335
chr5	4784467	4984467	harbor1	chr5	4784297	4784674	LTR/ERVL-MaLR	2137	-	188	4784485	18
chr5	4784467	4984467	harbor1	chr5	4784804	4785155	LTR/ERVL-MaLR	2145	-	176	4784980	513
chr5	4784467	4984467	harbor1	chr5	4860757	4860975	LTR/ERVL-MaLR	448	-	109	4860866	76399
chr5	4784467	4984467	harbor1	chr5	4863948	4864088	LTR/ERVL-MaLR	1019	-	70	4864018	79551
chr5	4784467	4984467	harbor1	chr5	4864111	4864475	LTR/ERVL-MaLR	1832	-	182	4864293	79826
chr5	4784467	4984467	harbor1	chr5	4866519	4866646	LTR/ERVL-MaLR	519	-	64	4866583	82116
chr5	4784467	4984467	harbor1	chr5	4874674	4875088	LTR/ERVL-MaLR	704	-	207	4874881	90414
chr5	4784467	4984467	harbor1	chr5	4875336	4875746	LTR/ERVL-MaLR	2460	-	205	4875541	91074
chr5	4784467	4984467	harbor1	chr5	4880909	4881335	LTR/ERVL-MaLR	775	-	213	4881122	96655
chr5	4784467	4984467	harbor1	chr5	4865939	4866200	LTR/ERVL-MaLR	1234	-	130	4866069	81602
chr5	132773569	132973569	harbor1	chr5	132779887	132780266	LTR/ERVL-MaLR	624	-	190	132780077	6508
chr5	132773569	132973569	harbor1	chr5	132799747	132800021	LTR/ERVL-MaLR	1306	-	137	132799884	26315
chr5	132773569	132973569	harbor1	chr5	132800329	132800515	LTR/ERVL-MaLR	1306	-	93	132800422	26853
chr5	132773569	132973569	harbor1	chr5	132801133	132801286	LTR/ERVL-MaLR	629	-	76	132801209	27640
chr5	10661192	10861192	harbor1	chr5	10661382	10661836	LTR/ERVL-MaLR	1053	-	227	10661609	417
chr5	10661192	10861192	harbor1	chr5	10668702	10669132	LTR/ERVL-MaLR	737	-	215	10668917	7725
chr5	73345271	73545271	harbor1	chr5	73358775	73359107	LTR/ERVL-MaLR	1122	-	166	73358941	13670
chr5	73345271	73545271	harbor1	chr5	73361066	73361352	LTR/ERVL-MaLR	2067	-	143	73361209	15938
chr5	73345271	73545271	harbor1	chr5	73361639	73361717	LTR/ERVL-MaLR	2067	-	39	73361678	16407
chr5	73345271	73545271	harbor1	chr5	73398341	73398722	LTR/ERVL-MaLR	731	-	190	73398531	53260
chr5	73345271	73545271	harbor1	chr5	73408956	73409382	LTR/ERVL-MaLR	1923	-	213	73409169	63898
chr5	73345271	73545271	harbor1	chr5	73414204	73414649	LTR/ERVL-MaLR	1283	-	222	73414426	69155
chr5	73345271	73545271	harbor1	chr5	73422125	73422524	LTR/ERVL-MaLR	1660	-	200	73422325	77054
chr5	73345271	73545271	harbor1	chr5	73425668	73426219	LTR/ERVL-MaLR	2030	-	276	73425944	80673
chr5	133166160	133366160	harbor1	chr5	133215598	133216076	LTR/ERVL-MaLR	2023	-	239	133215837	49677
chr5	133166160	133366160	harbor1	chr5	133254225	133254487	LTR/ERVL-MaLR	448	-	131	133254356	88196
chr5	73350862	73550862	harbor1	chr5	73358775	73359107	LTR/ERVL-MaLR	1122	-	166	73358941	8079
chr5	73350862	73550862	harbor1	chr5	73361066	73361352	LTR/ERVL-MaLR	2067	-	143	73361209	10347
chr5	73350862	73550862	harbor1	chr5	73361639	73361717	LTR/ERVL-MaLR	2067	-	39	73361678	10816
chr5	73350862	73550862	harbor1	chr5	73398341	73398722	LTR/ERVL-MaLR	731	-	190	73398531	47669
chr5	73350862	73550862	harbor1	chr5	73408956	73409382	LTR/ERVL-MaLR	1923	-	213	73409169	58307
chr5	73350862	73550862	harbor1	chr5	73414204	73414649	LTR/ERVL-MaLR	1283	-	222	73414426	63564
chr5	73350862	73550862	harbor1	chr5	73422125	73422524	LTR/ERVL-MaLR	1660	-	200	73422325	71463
chr5	73350862	73550862	harbor1	chr5	73425668	73426219	LTR/ERVL-MaLR	2030	-	276	73425944	75082
chr5	133206059	133406059	harbor1	chr5	133215598	133216076	LTR/ERVL-MaLR	2023	-	239	133215837	9778
chr5	133206059	133406059	harbor1	chr5	133254225	133254487	LTR/ERVL-MaLR	448	-	131	133254356	48297
chr5	133206059	133406059	harbor1	chr5	133283741	133284119	LTR/ERVL-MaLR	2085	-	189	133283930	77871
chr5	135008272	135208272	harbor1	chr5	135013836	135014251	LTR/ERVL-MaLR	2493	-	208	135014044	5772
chr5	135008272	135208272	harbor1	chr5	135057819	135058251	LTR/ERVL-MaLR	2348	-	216	135058035	49763
chr5	135008272	135208272	harbor1	chr5	135060442	135060923	LTR/ERVL-MaLR	2299	-	240	135060682	52410
chr5	135008272	135208272	harbor1	chr5	135080247	135080495	LTR/ERVL-MaLR	1628	-	124	135080371	72099
chr5	135008272	135208272	harbor1	chr5	135081609	135081965	LTR/ERVL-MaLR	2356	-	178	135081787	73515
chr5	380511	580511	harbor1	chr5	387981	388173	LTR/ERVL-MaLR	739	-	96	388077	7566
chr5	37740476	37940476	harbor1	chr5	37806857	37807267	LTR/ERVL-MaLR	1006	-	205	37807062	66586
chr5	171287856	171487856	harbor1	chr5	171300950	171301343	LTR/ERVL-MaLR	1502	-	196	171301146	13290
chr5	73345492	73545492	harbor1	chr5	73358775	73359107	LTR/ERVL-MaLR	1122	-	166	73358941	13449
chr5	73345492	73545492	harbor1	chr5	73361066	73361352	LTR/ERVL-MaLR	2067	-	143	73361209	15717
chr5	73345492	73545492	harbor1	chr5	73361639	73361717	LTR/ERVL-MaLR	2067	-	39	73361678	16186
chr5	73345492	73545492	harbor1	chr5	73398341	73398722	LTR/ERVL-MaLR	731	-	190	73398531	53039
chr5	73345492	73545492	harbor1	chr5	73408956	73409382	LTR/ERVL-MaLR	1923	-	213	73409169	63677
chr5	73345492	73545492	harbor1	chr5	73414204	73414649	LTR/ERVL-MaLR	1283	-	222	73414426	68934
chr5	73345492	73545492	harbor1	chr5	73422125	73422524	LTR/ERVL-MaLR	1660	-	200	73422325	76833
chr5	73345492	73545492	harbor1	chr5	73425668	73426219	LTR/ERVL-MaLR	2030	-	276	73425944	80452
chr5	73345455	73545455	harbor1	chr5	73358775	73359107	LTR/ERVL-MaLR	1122	-	166	73358941	13486
chr5	73345455	73545455	harbor1	chr5	73361066	73361352	LTR/ERVL-MaLR	2067	-	143	73361209	15754
chr5	73345455	73545455	harbor1	chr5	73361639	73361717	LTR/ERVL-MaLR	2067	-	39	73361678	16223
chr5	73345455	73545455	harbor1	chr5	73398341	73398722	LTR/ERVL-MaLR	731	-	190	73398531	53076
chr5	73345455	73545455	harbor1	chr5	73408956	73409382	LTR/ERVL-MaLR	1923	-	213	73409169	63714
chr5	73345455	73545455	harbor1	chr5	73414204	73414649	LTR/ERVL-MaLR	1283	-	222	73414426	68971
chr5	73345455	73545455	harbor1	chr5	73422125	73422524	LTR/ERVL-MaLR	1660	-	200	73422325	76870
chr5	73345455	73545455	harbor1	chr5	73425668	73426219	LTR/ERVL-MaLR	2030	-	276	73425944	80489
chr5	9114300	9314300	harbor1	chr5	9131099	9131327	LTR/ERVL-MaLR	1694	-	114	9131213	16913
chr5	9114300	9314300	harbor1	chr5	9131638	9131829	LTR/ERVL-MaLR	1694	-	96	9131734	17434
chr5	9114300	9314300	harbor1	chr5	9173364	9173719	LTR/ERVL-MaLR	1898	-	178	9173542	59242
chr5	9114300	9314300	harbor1	chr5	9179843	9180296	LTR/ERVL-MaLR	1419	-	226	9180069	65769
chr5	9114300	9314300	harbor1	chr5	9212877	9213243	LTR/ERVL-MaLR	2034	-	183	9213060	98760
chr5	4423791	4623791	harbor1	chr5	4426529	4426723	LTR/ERVL-MaLR	649	-	97	4426626	2835
chr5	4423791	4623791	harbor1	chr5	4432765	4433156	LTR/ERVL-MaLR	2083	-	196	4432961	9170
chr5	4423791	4623791	harbor1	chr5	4433246	4433321	LTR/ERVL-MaLR	496	-	38	4433284	9493
chr5	4423791	4623791	harbor1	chr5	4433322	4434414	LTR/ERVL-MaLR	7444	-	546	4433868	10077
chr5	4423791	4623791	harbor1	chr5	4436800	4437166	LTR/ERVL-MaLR	2103	-	183	4436983	13192
chr5	4423791	4623791	harbor1	chr5	4458527	4458895	LTR/ERVL-MaLR	2233	-	184	4458711	34920
chr5	4423791	4623791	harbor1	chr5	4474979	4475425	LTR/ERVL-MaLR	679	-	223	4475202	51411
chr5	91002545	91202545	harbor1	chr5	91018756	91019276	LTR/ERVL-MaLR	844	-	260	91019016	16471
chr5	91002545	91202545	harbor1	chr5	91039152	91039638	LTR/ERVL-MaLR	543	-	243	91039395	36850
chr5	91002545	91202545	harbor1	chr5	91054471	91054820	LTR/ERVL-MaLR	1765	-	174	91054645	52100
chr5	91002545	91202545	harbor1	chr5	91080993	91081322	LTR/ERVL-MaLR	1473	-	164	91081157	78612
chr5	91002545	91202545	harbor1	chr5	91097063	91097422	LTR/ERVL-MaLR	2059	-	180	91097243	94698
chr5	52700042	52900042	harbor1	chr5	52699709	52700055	LTR/ERVL-MaLR	1353	-	173	52699882	160
chr5	52700042	52900042	harbor1	chr5	52744674	52744760	LTR/ERVL-MaLR	2504	-	43	52744717	44675
chr5	52700042	52900042	harbor1	chr5	52744761	52745041	LTR/ERVL-MaLR	1616	-	140	52744901	44859
chr5	52700042	52900042	harbor1	chr5	52745042	52745284	LTR/ERVL-MaLR	2504	-	121	52745163	45121
chr5	52700042	52900042	harbor1	chr5	52745729	52745845	LTR/ERVL-MaLR	2504	-	58	52745787	45745
chr5	52700042	52900042	harbor1	chr5	52751685	52752064	LTR/ERVL-MaLR	2094	-	190	52751875	51833
chr5	52700042	52900042	harbor1	chr5	52767327	52767695	LTR/ERVL-MaLR	1033	-	184	52767511	67469
chr5	52700042	52900042	harbor1	chr5	52790350	52790837	LTR/ERVL-MaLR	2408	-	244	52790594	90552
chr6	7626958	7826958	harbor1	chr6	7627434	7627794	LTR/ERVL-MaLR	1327	-	180	7627614	656
chr6	7626958	7826958	harbor1	chr6	7635975	7636497	LTR/ERVL-MaLR	859	-	261	7636236	9278
chr6	7626958	7826958	harbor1	chr6	7636767	7637012	LTR/ERVL-MaLR	2470	-	122	7636889	9931
chr6	7626958	7826958	harbor1	chr6	7637318	7637533	LTR/ERVL-MaLR	2470	-	108	7637426	10468
chr6	7626958	7826958	harbor1	chr6	7639604	7639997	LTR/ERVL-MaLR	1418	-	196	7639800	12842
chr6	7626958	7826958	harbor1	chr6	7653162	7653511	LTR/ERVL-MaLR	674	-	174	7653336	26378
chr6	7626958	7826958	harbor1	chr6	7653548	7653871	LTR/ERVL-MaLR	991	-	162	7653710	26752
chr6	7626958	7826958	harbor1	chr6	7658890	7659323	LTR/ERVL-MaLR	2871	-	216	7659106	32148
chr6	7626958	7826958	harbor1	chr6	7668928	7669314	LTR/ERVL-MaLR	1743	-	193	7669121	42163
chr6	7626958	7826958	harbor1	chr6	7670479	7670885	LTR/ERVL-MaLR	1946	-	203	7670682	43724
chr6	7626958	7826958	harbor1	chr6	7691132	7691250	LTR/ERVL-MaLR	504	-	59	7691191	64233
chr6	7626958	7826958	harbor1	chr6	7701469	7701849	LTR/ERVL-MaLR	2116	-	190	7701659	74701
chr6	7626958	7826958	harbor1	chr6	7709645	7710011	LTR/ERVL-MaLR	1785	-	183	7709828	82870
chr6	7626958	7826958	harbor1	chr6	7710805	7711374	LTR/ERVL-MaLR	2418	-	284	7711089	84131
chr6	7626958	7826958	harbor1	chr6	7720726	7721031	LTR/ERVL-MaLR	1254	-	152	7720878	93920
chr6	147103351	147303351	harbor1	chr6	147136189	147136328	LTR/ERVL-MaLR	700	-	70	147136259	32908
chr6	147103351	147303351	harbor1	chr6	147164166	147164605	LTR/ERVL-MaLR	1936	-	220	147164386	61035
chr6	147103351	147303351	harbor1	chr6	147189643	147189960	LTR/ERVL-MaLR	1354	-	158	147189801	86450
chr6	147103351	147303351	harbor1	chr6	147191871	147192227	LTR/ERVL-MaLR	2417	-	178	147192049	88698
chr6	151352847	151552847	harbor1	chr6	151395407	151395791	LTR/ERVL-MaLR	751	-	192	151395599	42752
chr6	151352847	151552847	harbor1	chr6	151412571	151412992	LTR/ERVL-MaLR	2629	-	210	151412781	59934
chr6	7626630	7826630	harbor1	chr6	7627434	7627794	LTR/ERVL-MaLR	1327	-	180	7627614	984
chr6	7626630	7826630	harbor1	chr6	7635975	7636497	LTR/ERVL-MaLR	859	-	261	7636236	9606
chr6	7626630	7826630	harbor1	chr6	7636767	7637012	LTR/ERVL-MaLR	2470	-	122	7636889	10259
chr6	7626630	7826630	harbor1	chr6	7637318	7637533	LTR/ERVL-MaLR	2470	-	108	7637426	10796
chr6	7626630	7826630	harbor1	chr6	7639604	7639997	LTR/ERVL-MaLR	1418	-	196	7639800	13170
chr6	7626630	7826630	harbor1	chr6	7653162	7653511	LTR/ERVL-MaLR	674	-	174	7653336	26706
chr6	7626630	7826630	harbor1	chr6	7653548	7653871	LTR/ERVL-MaLR	991	-	162	7653710	27080
chr6	7626630	7826630	harbor1	chr6	7658890	7659323	LTR/ERVL-MaLR	2871	-	216	7659106	32476
chr6	7626630	7826630	harbor1	chr6	7668928	7669314	LTR/ERVL-MaLR	1743	-	193	7669121	42491
chr6	7626630	7826630	harbor1	chr6	7670479	7670885	LTR/ERVL-MaLR	1946	-	203	7670682	44052
chr6	7626630	7826630	harbor1	chr6	7691132	7691250	LTR/ERVL-MaLR	504	-	59	7691191	64561
chr6	7626630	7826630	harbor1	chr6	7701469	7701849	LTR/ERVL-MaLR	2116	-	190	7701659	75029
chr6	7626630	7826630	harbor1	chr6	7709645	7710011	LTR/ERVL-MaLR	1785	-	183	7709828	83198
chr6	7626630	7826630	harbor1	chr6	7710805	7711374	LTR/ERVL-MaLR	2418	-	284	7711089	84459
chr6	7626630	7826630	harbor1	chr6	7720726	7721031	LTR/ERVL-MaLR	1254	-	152	7720878	94248
chr6	124862322	125062322	harbor1	chr6	124862209	124862421	LTR/ERVL-MaLR	1701	-	106	124862315	7
chr6	124862322	125062322	harbor1	chr6	124863303	124863685	LTR/ERVL-MaLR	1643	-	191	124863494	1172
chr6	124862322	125062322	harbor1	chr6	124866371	124866931	LTR/ERVL-MaLR	1616	-	280	124866651	4329
chr6	124862322	125062322	harbor1	chr6	124901734	124902117	LTR/ERVL-MaLR	2398	-	192	124901926	39604
chr6	124862322	125062322	harbor1	chr6	124919723	124920088	LTR/ERVL-MaLR	2638	-	182	124919905	57583
chr6	124862322	125062322	harbor1	chr6	124920089	124921738	LTR/ERVL-MaLR	10221	-	824	124920913	58591
chr6	124862322	125062322	harbor1	chr6	124921739	124922102	LTR/ERVL-MaLR	2451	-	182	124921921	59599
chr6	124862322	125062322	harbor1	chr6	124934925	124935308	LTR/ERVL-MaLR	1928	-	192	124935117	72795
chr6	124862322	125062322	harbor1	chr6	124862419	124863302	LTR/ERVL-MaLR	6544	-	442	124862861	539
chr6	37070820	37270820	harbor1	chr6	37100831	37101022	LTR/ERVL-MaLR	649	-	96	37100927	30107
chr6	37070820	37270820	harbor1	chr6	37112367	37112672	LTR/ERVL-MaLR	2030	-	152	37112519	41699
chr6	37070820	37270820	harbor1	chr6	37112971	37113069	LTR/ERVL-MaLR	2030	-	49	37113020	42200
chr6	37070820	37270820	harbor1	chr6	37154272	37154494	LTR/ERVL-MaLR	1784	-	111	37154383	83563
chr6	37070820	37270820	harbor1	chr6	37155068	37155244	LTR/ERVL-MaLR	1784	-	88	37155156	84336
chr6	118833199	119033199	harbor1	chr6	118891373	118891744	LTR/ERVL-MaLR	1898	-	186	118891559	58360
chr6	28999817	29199817	harbor1	chr6	29021934	29022054	LTR/ERVL-MaLR	811	-	60	29021994	22177
chr6	28999817	29199817	harbor1	chr6	29080933	29081167	LTR/ERVL-MaLR	532	-	117	29081050	81233
chr6	28999817	29199817	harbor1	chr6	29083018	29083254	LTR/ERVL-MaLR	687	-	118	29083136	83319
chr6	28999817	29199817	harbor1	chr6	29093797	29093873	LTR/ERVL-MaLR	521	-	38	29093835	94018
chr6	28999817	29199817	harbor1	chr6	29065092	29065239	LTR/ERVL-MaLR	687	-	74	29065166	65349
chr6	37002540	37202540	harbor1	chr6	37010128	37010487	LTR/ERVL-MaLR	1378	-	180	37010308	7768
chr6	37002540	37202540	harbor1	chr6	37010493	37010860	LTR/ERVL-MaLR	557	-	184	37010677	8137
chr6	37002540	37202540	harbor1	chr6	37043145	37043359	LTR/ERVL-MaLR	2465	-	107	37043252	40712
chr6	37002540	37202540	harbor1	chr6	37043663	37043846	LTR/ERVL-MaLR	2465	-	92	37043755	41215
chr6	37002540	37202540	harbor1	chr6	37100831	37101022	LTR/ERVL-MaLR	649	-	96	37100927	98387
chr6	7626969	7826969	harbor1	chr6	7627434	7627794	LTR/ERVL-MaLR	1327	-	180	7627614	645
chr6	7626969	7826969	harbor1	chr6	7635975	7636497	LTR/ERVL-MaLR	859	-	261	7636236	9267
chr6	7626969	7826969	harbor1	chr6	7636767	7637012	LTR/ERVL-MaLR	2470	-	122	7636889	9920
chr6	7626969	7826969	harbor1	chr6	7637318	7637533	LTR/ERVL-MaLR	2470	-	108	7637426	10457
chr6	7626969	7826969	harbor1	chr6	7639604	7639997	LTR/ERVL-MaLR	1418	-	196	7639800	12831
chr6	7626969	7826969	harbor1	chr6	7653162	7653511	LTR/ERVL-MaLR	674	-	174	7653336	26367
chr6	7626969	7826969	harbor1	chr6	7653548	7653871	LTR/ERVL-MaLR	991	-	162	7653710	26741
chr6	7626969	7826969	harbor1	chr6	7658890	7659323	LTR/ERVL-MaLR	2871	-	216	7659106	32137
chr6	7626969	7826969	harbor1	chr6	7668928	7669314	LTR/ERVL-MaLR	1743	-	193	7669121	42152
chr6	7626969	7826969	harbor1	chr6	7670479	7670885	LTR/ERVL-MaLR	1946	-	203	7670682	43713
chr6	7626969	7826969	harbor1	chr6	7691132	7691250	LTR/ERVL-MaLR	504	-	59	7691191	64222
chr6	7626969	7826969	harbor1	chr6	7701469	7701849	LTR/ERVL-MaLR	2116	-	190	7701659	74690
chr6	7626969	7826969	harbor1	chr6	7709645	7710011	LTR/ERVL-MaLR	1785	-	183	7709828	82859
chr6	7626969	7826969	harbor1	chr6	7710805	7711374	LTR/ERVL-MaLR	2418	-	284	7711089	84120
chr6	7626969	7826969	harbor1	chr6	7720726	7721031	LTR/ERVL-MaLR	1254	-	152	7720878	93909
chr6	31630303	31830303	harbor1	chr6	31637886	31638121	LTR/ERVL-MaLR	619	-	118	31638004	7701
chr6	7332945	7532945	harbor1	chr6	7334863	7335340	LTR/ERVL-MaLR	1952	-	238	7335101	2156
chr6	7332945	7532945	harbor1	chr6	7359834	7360302	LTR/ERVL-MaLR	2233	-	234	7360068	27123
chr6	139275442	139475442	harbor1	chr6	139311763	139312084	LTR/ERVL-MaLR	1164	-	160	139311923	36481
chr6	139275442	139475442	harbor1	chr6	139322181	139322500	LTR/ERVL-MaLR	1115	-	160	139322341	46899
chr6	139275442	139475442	harbor1	chr6	139332769	139333007	LTR/ERVL-MaLR	439	-	119	139332888	57446
chr6	139275442	139475442	harbor1	chr6	139361758	139362152	LTR/ERVL-MaLR	851	-	197	139361955	86513
chr6	89849514	90049514	harbor1	chr6	89859962	89860365	LTR/ERVL-MaLR	1401	-	202	89860164	10650
chr6	89849514	90049514	harbor1	chr6	89881912	89882231	LTR/ERVL-MaLR	1793	-	160	89882072	32558
chr6	89849514	90049514	harbor1	chr6	89903465	89903875	LTR/ERVL-MaLR	2591	-	205	89903670	54156
chr6	45540929	45740929	harbor1	chr6	45560235	45560589	LTR/ERVL-MaLR	2584	-	177	45560412	19483
chr6	45540929	45740929	harbor1	chr6	45565965	45566468	LTR/ERVL-MaLR	1322	-	252	45566217	25288
chr6	45540929	45740929	harbor1	chr6	45568414	45568944	LTR/ERVL-MaLR	2274	-	265	45568679	27750
chr6	45540929	45740929	harbor1	chr6	45603654	45604021	LTR/ERVL-MaLR	2764	-	184	45603838	62909
chr6	45540929	45740929	harbor1	chr6	45619380	45619872	LTR/ERVL-MaLR	1452	-	246	45619626	78697
chr6	45540929	45740929	harbor1	chr6	45629790	45630124	LTR/ERVL-MaLR	1434	-	167	45629957	89028
chr6	45540929	45740929	harbor1	chr6	45632492	45632869	LTR/ERVL-MaLR	1918	-	188	45632680	91751
chr6	45540929	45740929	harbor1	chr6	45636428	45636802	LTR/ERVL-MaLR	823	-	187	45636615	95686
chr6	41537009	41737009	harbor1	chr6	41618066	41618401	LTR/ERVL-MaLR	844	-	168	41618234	81225
chr6	41537009	41737009	harbor1	chr6	41627087	41627361	LTR/ERVL-MaLR	819	-	137	41627224	90215
chr6	41537009	41737009	harbor1	chr6	41627664	41627811	LTR/ERVL-MaLR	819	-	74	41627738	90729
chr6	15417264	15617264	harbor1	chr6	15486885	15487245	LTR/ERVL-MaLR	2006	-	180	15487065	69801
chr6	15417264	15617264	harbor1	chr6	15497815	15498124	LTR/ERVL-MaLR	1703	-	154	15497969	80705
chr6	15417264	15617264	harbor1	chr6	15501556	15501688	LTR/ERVL-MaLR	548	-	66	15501622	84358
chr6	15417264	15617264	harbor1	chr6	15514683	15514861	LTR/ERVL-MaLR	681	-	89	15514772	97508
chr6	169864030	170064030	harbor1	chr6	169885209	169885569	LTR/ERVL-MaLR	1988	-	180	169885389	21359
chr6	169864030	170064030	harbor1	chr6	169926932	169927391	LTR/ERVL-MaLR	1031	-	230	169927162	63132
chr6	169864030	170064030	harbor1	chr6	169936883	169937080	LTR/ERVL-MaLR	681	-	98	169936981	72951
chr6	169864030	170064030	harbor1	chr6	169940358	169940444	LTR/ERVL-MaLR	508	-	43	169940401	76371
chr6	169864030	170064030	harbor1	chr6	169944757	169945115	LTR/ERVL-MaLR	2124	-	179	169944936	80906
chr6	169864030	170064030	harbor1	chr6	169945125	169945515	LTR/ERVL-MaLR	2214	-	195	169945320	81290
chr6	139275115	139475115	harbor1	chr6	139311763	139312084	LTR/ERVL-MaLR	1164	-	160	139311923	36808
chr6	139275115	139475115	harbor1	chr6	139322181	139322500	LTR/ERVL-MaLR	1115	-	160	139322341	47226
chr6	139275115	139475115	harbor1	chr6	139332769	139333007	LTR/ERVL-MaLR	439	-	119	139332888	57773
chr6	139275115	139475115	harbor1	chr6	139361758	139362152	LTR/ERVL-MaLR	851	-	197	139361955	86840
chr6	43072122	43272122	harbor1	chr6	43131380	43131752	LTR/ERVL-MaLR	2630	-	186	43131566	59444
chr6	43072122	43272122	harbor1	chr6	43135759	43135805	LTR/ERVL-MaLR	920	-	23	43135782	63660
chr6	43072122	43272122	harbor1	chr6	43136349	43136728	LTR/ERVL-MaLR	920	-	190	43136539	64417
chr6	43072122	43272122	harbor1	chr6	43137025	43137121	LTR/ERVL-MaLR	920	-	48	43137073	64951
chr6	149350987	149550987	harbor1	chr6	149360217	149360621	LTR/ERVL-MaLR	2188	-	202	149360419	9432
chr6	149350987	149550987	harbor1	chr6	149360622	149362186	LTR/ERVL-MaLR	8265	-	782	149361404	10417
chr6	149350987	149550987	harbor1	chr6	149362187	149362593	LTR/ERVL-MaLR	2225	-	203	149362390	11403
chr6	149350987	149550987	harbor1	chr6	149388076	149388430	LTR/ERVL-MaLR	1044	-	177	149388253	37266
chr6	149350987	149550987	harbor1	chr6	149403542	149403975	LTR/ERVL-MaLR	2200	-	216	149403758	52771
chr6	149350987	149550987	harbor1	chr6	149356385	149356730	LTR/ERVL-MaLR	1824	-	172	149356557	5570
chr6	7626955	7826955	harbor1	chr6	7627434	7627794	LTR/ERVL-MaLR	1327	-	180	7627614	659
chr6	7626955	7826955	harbor1	chr6	7635975	7636497	LTR/ERVL-MaLR	859	-	261	7636236	9281
chr6	7626955	7826955	harbor1	chr6	7636767	7637012	LTR/ERVL-MaLR	2470	-	122	7636889	9934
chr6	7626955	7826955	harbor1	chr6	7637318	7637533	LTR/ERVL-MaLR	2470	-	108	7637426	10471
chr6	7626955	7826955	harbor1	chr6	7639604	7639997	LTR/ERVL-MaLR	1418	-	196	7639800	12845
chr6	7626955	7826955	harbor1	chr6	7653162	7653511	LTR/ERVL-MaLR	674	-	174	7653336	26381
chr6	7626955	7826955	harbor1	chr6	7653548	7653871	LTR/ERVL-MaLR	991	-	162	7653710	26755
chr6	7626955	7826955	harbor1	chr6	7658890	7659323	LTR/ERVL-MaLR	2871	-	216	7659106	32151
chr6	7626955	7826955	harbor1	chr6	7668928	7669314	LTR/ERVL-MaLR	1743	-	193	7669121	42166
chr6	7626955	7826955	harbor1	chr6	7670479	7670885	LTR/ERVL-MaLR	1946	-	203	7670682	43727
chr6	7626955	7826955	harbor1	chr6	7691132	7691250	LTR/ERVL-MaLR	504	-	59	7691191	64236
chr6	7626955	7826955	harbor1	chr6	7701469	7701849	LTR/ERVL-MaLR	2116	-	190	7701659	74704
chr6	7626955	7826955	harbor1	chr6	7709645	7710011	LTR/ERVL-MaLR	1785	-	183	7709828	82873
chr6	7626955	7826955	harbor1	chr6	7710805	7711374	LTR/ERVL-MaLR	2418	-	284	7711089	84134
chr6	7626955	7826955	harbor1	chr6	7720726	7721031	LTR/ERVL-MaLR	1254	-	152	7720878	93923
chr6	45540939	45740939	harbor1	chr6	45560235	45560589	LTR/ERVL-MaLR	2584	-	177	45560412	19473
chr6	45540939	45740939	harbor1	chr6	45565965	45566468	LTR/ERVL-MaLR	1322	-	252	45566217	25278
chr6	45540939	45740939	harbor1	chr6	45568414	45568944	LTR/ERVL-MaLR	2274	-	265	45568679	27740
chr6	45540939	45740939	harbor1	chr6	45603654	45604021	LTR/ERVL-MaLR	2764	-	184	45603838	62899
chr6	45540939	45740939	harbor1	chr6	45619380	45619872	LTR/ERVL-MaLR	1452	-	246	45619626	78687
chr6	45540939	45740939	harbor1	chr6	45629790	45630124	LTR/ERVL-MaLR	1434	-	167	45629957	89018
chr6	45540939	45740939	harbor1	chr6	45632492	45632869	LTR/ERVL-MaLR	1918	-	188	45632680	91741
chr6	45540939	45740939	harbor1	chr6	45636428	45636802	LTR/ERVL-MaLR	823	-	187	45636615	95676
chr6	63473404	63673404	harbor1	chr6	63476331	63476888	LTR/ERVL-MaLR	939	-	278	63476609	3205
chr6	63473404	63673404	harbor1	chr6	63483633	63483960	LTR/ERVL-MaLR	739	-	164	63483797	10393
chr6	63473404	63673404	harbor1	chr6	63511953	63512080	LTR/ERVL-MaLR	725	-	64	63512017	38613
chr6	63473404	63673404	harbor1	chr6	63512378	63512736	LTR/ERVL-MaLR	725	-	179	63512557	39153
chr6	139275101	139475101	harbor1	chr6	139311763	139312084	LTR/ERVL-MaLR	1164	-	160	139311923	36822
chr6	139275101	139475101	harbor1	chr6	139322181	139322500	LTR/ERVL-MaLR	1115	-	160	139322341	47240
chr6	139275101	139475101	harbor1	chr6	139332769	139333007	LTR/ERVL-MaLR	439	-	119	139332888	57787
chr6	139275101	139475101	harbor1	chr6	139361758	139362152	LTR/ERVL-MaLR	851	-	197	139361955	86854
chr6	169862720	170062720	harbor1	chr6	169885209	169885569	LTR/ERVL-MaLR	1988	-	180	169885389	22669
chr6	169862720	170062720	harbor1	chr6	169926932	169927391	LTR/ERVL-MaLR	1031	-	230	169927162	64442
chr6	169862720	170062720	harbor1	chr6	169936883	169937080	LTR/ERVL-MaLR	681	-	98	169936981	74261
chr6	169862720	170062720	harbor1	chr6	169940358	169940444	LTR/ERVL-MaLR	508	-	43	169940401	77681
chr6	169862720	170062720	harbor1	chr6	169944757	169945115	LTR/ERVL-MaLR	2124	-	179	169944936	82216
chr6	169862720	170062720	harbor1	chr6	169945125	169945515	LTR/ERVL-MaLR	2214	-	195	169945320	82600
chr6	139274669	139474669	harbor1	chr6	139311763	139312084	LTR/ERVL-MaLR	1164	-	160	139311923	37254
chr6	139274669	139474669	harbor1	chr6	139322181	139322500	LTR/ERVL-MaLR	1115	-	160	139322341	47672
chr6	139274669	139474669	harbor1	chr6	139332769	139333007	LTR/ERVL-MaLR	439	-	119	139332888	58219
chr6	139274669	139474669	harbor1	chr6	139361758	139362152	LTR/ERVL-MaLR	851	-	197	139361955	87286
chr6	45540991	45740991	harbor1	chr6	45560235	45560589	LTR/ERVL-MaLR	2584	-	177	45560412	19421
chr6	45540991	45740991	harbor1	chr6	45565965	45566468	LTR/ERVL-MaLR	1322	-	252	45566217	25226
chr6	45540991	45740991	harbor1	chr6	45568414	45568944	LTR/ERVL-MaLR	2274	-	265	45568679	27688
chr6	45540991	45740991	harbor1	chr6	45603654	45604021	LTR/ERVL-MaLR	2764	-	184	45603838	62847
chr6	45540991	45740991	harbor1	chr6	45619380	45619872	LTR/ERVL-MaLR	1452	-	246	45619626	78635
chr6	45540991	45740991	harbor1	chr6	45629790	45630124	LTR/ERVL-MaLR	1434	-	167	45629957	88966
chr6	45540991	45740991	harbor1	chr6	45632492	45632869	LTR/ERVL-MaLR	1918	-	188	45632680	91689
chr6	45540991	45740991	harbor1	chr6	45636428	45636802	LTR/ERVL-MaLR	823	-	187	45636615	95624
chr6	37070848	37270848	harbor1	chr6	37100831	37101022	LTR/ERVL-MaLR	649	-	96	37100927	30079
chr6	37070848	37270848	harbor1	chr6	37112367	37112672	LTR/ERVL-MaLR	2030	-	152	37112519	41671
chr6	37070848	37270848	harbor1	chr6	37112971	37113069	LTR/ERVL-MaLR	2030	-	49	37113020	42172
chr6	37070848	37270848	harbor1	chr6	37154272	37154494	LTR/ERVL-MaLR	1784	-	111	37154383	83535
chr6	37070848	37270848	harbor1	chr6	37155068	37155244	LTR/ERVL-MaLR	1784	-	88	37155156	84308
chr6	139272471	139472471	harbor1	chr6	139311763	139312084	LTR/ERVL-MaLR	1164	-	160	139311923	39452
chr6	139272471	139472471	harbor1	chr6	139322181	139322500	LTR/ERVL-MaLR	1115	-	160	139322341	49870
chr6	139272471	139472471	harbor1	chr6	139332769	139333007	LTR/ERVL-MaLR	439	-	119	139332888	60417
chr6	139272471	139472471	harbor1	chr6	139361758	139362152	LTR/ERVL-MaLR	851	-	197	139361955	89484
chr6	35352657	35552657	harbor1	chr6	35352575	35353029	LTR/ERVL-MaLR	875	-	227	35352802	145
chr6	35352657	35552657	harbor1	chr6	35366111	35366194	LTR/ERVL-MaLR	531	-	42	35366153	13496
chr6	35352657	35552657	harbor1	chr6	35367542	35367967	LTR/ERVL-MaLR	830	-	212	35367754	15097
chr6	35352657	35552657	harbor1	chr6	35381375	35381816	LTR/ERVL-MaLR	881	-	220	35381595	28938
chr6	35352657	35552657	harbor1	chr6	35407945	35408422	LTR/ERVL-MaLR	587	-	238	35408183	55526
chr6	35352657	35552657	harbor1	chr6	35372881	35373268	LTR/ERVL-MaLR	2398	-	194	35373075	20418
chr6	89719739	89919739	harbor1	chr6	89810094	89810153	LTR/ERVL-MaLR	1387	-	30	89810124	90385
chr6	89719739	89919739	harbor1	chr6	89810464	89810716	LTR/ERVL-MaLR	1387	-	126	89810590	90851
chr6	89719739	89919739	harbor1	chr6	89810975	89811125	LTR/ERVL-MaLR	1387	-	75	89811050	91311
chr6	167788720	167988720	harbor1	chr6	167822024	167822414	LTR/ERVL-MaLR	2191	-	195	167822219	33499
chr6	167788720	167988720	harbor1	chr6	167845781	167846130	LTR/ERVL-MaLR	2193	-	174	167845955	57235
chr6	7623404	7823404	harbor1	chr6	7627434	7627794	LTR/ERVL-MaLR	1327	-	180	7627614	4210
chr6	7623404	7823404	harbor1	chr6	7635975	7636497	LTR/ERVL-MaLR	859	-	261	7636236	12832
chr6	7623404	7823404	harbor1	chr6	7636767	7637012	LTR/ERVL-MaLR	2470	-	122	7636889	13485
chr6	7623404	7823404	harbor1	chr6	7637318	7637533	LTR/ERVL-MaLR	2470	-	108	7637426	14022
chr6	7623404	7823404	harbor1	chr6	7639604	7639997	LTR/ERVL-MaLR	1418	-	196	7639800	16396
chr6	7623404	7823404	harbor1	chr6	7653162	7653511	LTR/ERVL-MaLR	674	-	174	7653336	29932
chr6	7623404	7823404	harbor1	chr6	7653548	7653871	LTR/ERVL-MaLR	991	-	162	7653710	30306
chr6	7623404	7823404	harbor1	chr6	7658890	7659323	LTR/ERVL-MaLR	2871	-	216	7659106	35702
chr6	7623404	7823404	harbor1	chr6	7668928	7669314	LTR/ERVL-MaLR	1743	-	193	7669121	45717
chr6	7623404	7823404	harbor1	chr6	7670479	7670885	LTR/ERVL-MaLR	1946	-	203	7670682	47278
chr6	7623404	7823404	harbor1	chr6	7691132	7691250	LTR/ERVL-MaLR	504	-	59	7691191	67787
chr6	7623404	7823404	harbor1	chr6	7701469	7701849	LTR/ERVL-MaLR	2116	-	190	7701659	78255
chr6	7623404	7823404	harbor1	chr6	7709645	7710011	LTR/ERVL-MaLR	1785	-	183	7709828	86424
chr6	7623404	7823404	harbor1	chr6	7710805	7711374	LTR/ERVL-MaLR	2418	-	284	7711089	87685
chr6	7623404	7823404	harbor1	chr6	7720726	7721031	LTR/ERVL-MaLR	1254	-	152	7720878	97474
chr6	37070842	37270842	harbor1	chr6	37100831	37101022	LTR/ERVL-MaLR	649	-	96	37100927	30085
chr6	37070842	37270842	harbor1	chr6	37112367	37112672	LTR/ERVL-MaLR	2030	-	152	37112519	41677
chr6	37070842	37270842	harbor1	chr6	37112971	37113069	LTR/ERVL-MaLR	2030	-	49	37113020	42178
chr6	37070842	37270842	harbor1	chr6	37154272	37154494	LTR/ERVL-MaLR	1784	-	111	37154383	83541
chr6	37070842	37270842	harbor1	chr6	37155068	37155244	LTR/ERVL-MaLR	1784	-	88	37155156	84314
chr6	161052402	161252402	harbor1	chr6	161053018	161053386	LTR/ERVL-MaLR	1956	-	184	161053202	800
chr6	31630517	31830517	harbor1	chr6	31637886	31638121	LTR/ERVL-MaLR	619	-	118	31638004	7487
chr6	6446445	6646445	harbor1	chr6	6475484	6475915	LTR/ERVL-MaLR	1379	-	216	6475700	29255
chr6	6446445	6646445	harbor1	chr6	6502463	6502727	LTR/ERVL-MaLR	444	-	132	6502595	56150
chr6	6446445	6646445	harbor1	chr6	6509182	6509666	LTR/ERVL-MaLR	2074	-	242	6509424	62979
chr6	6446445	6646445	harbor1	chr6	6529903	6530401	LTR/ERVL-MaLR	2043	-	249	6530152	83707
chr6	45533773	45733773	harbor1	chr6	45560235	45560589	LTR/ERVL-MaLR	2584	-	177	45560412	26639
chr6	45533773	45733773	harbor1	chr6	45565965	45566468	LTR/ERVL-MaLR	1322	-	252	45566217	32444
chr6	45533773	45733773	harbor1	chr6	45568414	45568944	LTR/ERVL-MaLR	2274	-	265	45568679	34906
chr6	45533773	45733773	harbor1	chr6	45603654	45604021	LTR/ERVL-MaLR	2764	-	184	45603838	70065
chr6	45533773	45733773	harbor1	chr6	45619380	45619872	LTR/ERVL-MaLR	1452	-	246	45619626	85853
chr6	45533773	45733773	harbor1	chr6	45629790	45630124	LTR/ERVL-MaLR	1434	-	167	45629957	96184
chr6	45533773	45733773	harbor1	chr6	45632492	45632869	LTR/ERVL-MaLR	1918	-	188	45632680	98907
chr6	127167321	127367321	harbor1	chr6	127179588	127179979	LTR/ERVL-MaLR	1497	-	196	127179784	12463
chr6	127167321	127367321	harbor1	chr6	127181855	127182314	LTR/ERVL-MaLR	2254	-	230	127182085	14764
chr6	127167321	127367321	harbor1	chr6	127183820	127184180	LTR/ERVL-MaLR	2427	-	180	127184000	16679
chr6	127167321	127367321	harbor1	chr6	127218224	127218784	LTR/ERVL-MaLR	1866	-	280	127218504	51183
chr6	127167321	127367321	harbor1	chr6	127219986	127220326	LTR/ERVL-MaLR	887	-	170	127220156	52835
chr6	127167321	127367321	harbor1	chr6	127225605	127226086	LTR/ERVL-MaLR	1160	-	240	127225845	58524
chr6	127167321	127367321	harbor1	chr6	127247763	127247969	LTR/ERVL-MaLR	485	-	103	127247866	80545
chr6	139275457	139475457	harbor1	chr6	139311763	139312084	LTR/ERVL-MaLR	1164	-	160	139311923	36466
chr6	139275457	139475457	harbor1	chr6	139322181	139322500	LTR/ERVL-MaLR	1115	-	160	139322341	46884
chr6	139275457	139475457	harbor1	chr6	139332769	139333007	LTR/ERVL-MaLR	439	-	119	139332888	57431
chr6	139275457	139475457	harbor1	chr6	139361758	139362152	LTR/ERVL-MaLR	851	-	197	139361955	86498
chr6	63473429	63673429	harbor1	chr6	63476331	63476888	LTR/ERVL-MaLR	939	-	278	63476609	3180
chr6	63473429	63673429	harbor1	chr6	63483633	63483960	LTR/ERVL-MaLR	739	-	164	63483797	10368
chr6	63473429	63673429	harbor1	chr6	63511953	63512080	LTR/ERVL-MaLR	725	-	64	63512017	38588
chr6	63473429	63673429	harbor1	chr6	63512378	63512736	LTR/ERVL-MaLR	725	-	179	63512557	39128
chr6	7626967	7826967	harbor1	chr6	7627434	7627794	LTR/ERVL-MaLR	1327	-	180	7627614	647
chr6	7626967	7826967	harbor1	chr6	7635975	7636497	LTR/ERVL-MaLR	859	-	261	7636236	9269
chr6	7626967	7826967	harbor1	chr6	7636767	7637012	LTR/ERVL-MaLR	2470	-	122	7636889	9922
chr6	7626967	7826967	harbor1	chr6	7637318	7637533	LTR/ERVL-MaLR	2470	-	108	7637426	10459
chr6	7626967	7826967	harbor1	chr6	7639604	7639997	LTR/ERVL-MaLR	1418	-	196	7639800	12833
chr6	7626967	7826967	harbor1	chr6	7653162	7653511	LTR/ERVL-MaLR	674	-	174	7653336	26369
chr6	7626967	7826967	harbor1	chr6	7653548	7653871	LTR/ERVL-MaLR	991	-	162	7653710	26743
chr6	7626967	7826967	harbor1	chr6	7658890	7659323	LTR/ERVL-MaLR	2871	-	216	7659106	32139
chr6	7626967	7826967	harbor1	chr6	7668928	7669314	LTR/ERVL-MaLR	1743	-	193	7669121	42154
chr6	7626967	7826967	harbor1	chr6	7670479	7670885	LTR/ERVL-MaLR	1946	-	203	7670682	43715
chr6	7626967	7826967	harbor1	chr6	7691132	7691250	LTR/ERVL-MaLR	504	-	59	7691191	64224
chr6	7626967	7826967	harbor1	chr6	7701469	7701849	LTR/ERVL-MaLR	2116	-	190	7701659	74692
chr6	7626967	7826967	harbor1	chr6	7709645	7710011	LTR/ERVL-MaLR	1785	-	183	7709828	82861
chr6	7626967	7826967	harbor1	chr6	7710805	7711374	LTR/ERVL-MaLR	2418	-	284	7711089	84122
chr6	7626967	7826967	harbor1	chr6	7720726	7721031	LTR/ERVL-MaLR	1254	-	152	7720878	93911
chr6	139275547	139475547	harbor1	chr6	139311763	139312084	LTR/ERVL-MaLR	1164	-	160	139311923	36376
chr6	139275547	139475547	harbor1	chr6	139322181	139322500	LTR/ERVL-MaLR	1115	-	160	139322341	46794
chr6	139275547	139475547	harbor1	chr6	139332769	139333007	LTR/ERVL-MaLR	439	-	119	139332888	57341
chr6	139275547	139475547	harbor1	chr6	139361758	139362152	LTR/ERVL-MaLR	851	-	197	139361955	86408
chr6	139274614	139474614	harbor1	chr6	139311763	139312084	LTR/ERVL-MaLR	1164	-	160	139311923	37309
chr6	139274614	139474614	harbor1	chr6	139322181	139322500	LTR/ERVL-MaLR	1115	-	160	139322341	47727
chr6	139274614	139474614	harbor1	chr6	139332769	139333007	LTR/ERVL-MaLR	439	-	119	139332888	58274
chr6	139274614	139474614	harbor1	chr6	139361758	139362152	LTR/ERVL-MaLR	851	-	197	139361955	87341
chr6	166056777	166256777	harbor1	chr6	166061098	166062623	LTR/ERVL-MaLR	6204	-	762	166061860	5083
chr6	166056777	166256777	harbor1	chr6	166062624	166062909	LTR/ERVL-MaLR	1059	-	142	166062766	5989
chr6	166056777	166256777	harbor1	chr6	166079204	166079631	LTR/ERVL-MaLR	1188	-	214	166079418	22641
chr6	166056777	166256777	harbor1	chr6	166090615	166090983	LTR/ERVL-MaLR	1287	-	184	166090799	34022
chr6	166056777	166256777	harbor1	chr6	166092910	166093080	LTR/ERVL-MaLR	451	-	85	166092995	36218
chr6	166056777	166256777	harbor1	chr6	166101355	166102890	LTR/ERVL-MaLR	8416	-	768	166102123	45346
chr6	166056777	166256777	harbor1	chr6	166102891	166103296	LTR/ERVL-MaLR	2463	-	202	166103093	46316
chr6	166056777	166256777	harbor1	chr6	166117099	166117316	LTR/ERVL-MaLR	619	-	108	166117207	60430
chr6	166056777	166256777	harbor1	chr6	166148531	166149093	LTR/ERVL-MaLR	769	-	281	166148812	92035
chr6	166056777	166256777	harbor1	chr6	166149294	166149506	LTR/ERVL-MaLR	735	-	106	166149400	92623
chr6	166056777	166256777	harbor1	chr6	166100957	166101354	LTR/ERVL-MaLR	2266	-	198	166101155	44378
chr6	43872397	44072397	harbor1	chr6	43918304	43918654	LTR/ERVL-MaLR	651	-	175	43918479	46082
chr6	43872397	44072397	harbor1	chr6	43945641	43946177	LTR/ERVL-MaLR	1647	-	268	43945909	73512
chr6	37070850	37270850	harbor1	chr6	37100831	37101022	LTR/ERVL-MaLR	649	-	96	37100927	30077
chr6	37070850	37270850	harbor1	chr6	37112367	37112672	LTR/ERVL-MaLR	2030	-	152	37112519	41669
chr6	37070850	37270850	harbor1	chr6	37112971	37113069	LTR/ERVL-MaLR	2030	-	49	37113020	42170
chr6	37070850	37270850	harbor1	chr6	37154272	37154494	LTR/ERVL-MaLR	1784	-	111	37154383	83533
chr6	37070850	37270850	harbor1	chr6	37155068	37155244	LTR/ERVL-MaLR	1784	-	88	37155156	84306
chr6	139274583	139474583	harbor1	chr6	139311763	139312084	LTR/ERVL-MaLR	1164	-	160	139311923	37340
chr6	139274583	139474583	harbor1	chr6	139322181	139322500	LTR/ERVL-MaLR	1115	-	160	139322341	47758
chr6	139274583	139474583	harbor1	chr6	139332769	139333007	LTR/ERVL-MaLR	439	-	119	139332888	58305
chr6	139274583	139474583	harbor1	chr6	139361758	139362152	LTR/ERVL-MaLR	851	-	197	139361955	87372
chr6	167862891	168062891	harbor1	chr6	167916001	167916356	LTR/ERVL-MaLR	1235	-	178	167916179	53288
chr6	167862891	168062891	harbor1	chr6	167903151	167903553	LTR/ERVL-MaLR	507	-	201	167903352	40461
chr6	37070872	37270872	harbor1	chr6	37100831	37101022	LTR/ERVL-MaLR	649	-	96	37100927	30055
chr6	37070872	37270872	harbor1	chr6	37112367	37112672	LTR/ERVL-MaLR	2030	-	152	37112519	41647
chr6	37070872	37270872	harbor1	chr6	37112971	37113069	LTR/ERVL-MaLR	2030	-	49	37113020	42148
chr6	37070872	37270872	harbor1	chr6	37154272	37154494	LTR/ERVL-MaLR	1784	-	111	37154383	83511
chr6	37070872	37270872	harbor1	chr6	37155068	37155244	LTR/ERVL-MaLR	1784	-	88	37155156	84284
chr6	37070838	37270838	harbor1	chr6	37100831	37101022	LTR/ERVL-MaLR	649	-	96	37100927	30089
chr6	37070838	37270838	harbor1	chr6	37112367	37112672	LTR/ERVL-MaLR	2030	-	152	37112519	41681
chr6	37070838	37270838	harbor1	chr6	37112971	37113069	LTR/ERVL-MaLR	2030	-	49	37113020	42182
chr6	37070838	37270838	harbor1	chr6	37154272	37154494	LTR/ERVL-MaLR	1784	-	111	37154383	83545
chr6	37070838	37270838	harbor1	chr6	37155068	37155244	LTR/ERVL-MaLR	1784	-	88	37155156	84318
chr6	165559080	165759080	harbor1	chr6	165595617	165595974	LTR/ERVL-MaLR	1625	-	178	165595795	36715
chr6	33522113	33722113	harbor1	chr6	33602441	33602678	LTR/ERVL-MaLR	2676	-	118	33602559	80446
chr6	33522113	33722113	harbor1	chr6	33602974	33603172	LTR/ERVL-MaLR	2676	-	99	33603073	80960
chr6	33522113	33722113	harbor1	chr6	33603186	33603505	LTR/ERVL-MaLR	7956	-	160	33603346	81233
chr6	33522113	33722113	harbor1	chr6	33603817	33604578	LTR/ERVL-MaLR	7956	-	380	33604197	82084
chr6	33522113	33722113	harbor1	chr6	33604873	33605411	LTR/ERVL-MaLR	7956	-	269	33605142	83029
chr6	33522113	33722113	harbor1	chr6	33605418	33605793	LTR/ERVL-MaLR	2268	-	188	33605606	83493
chr6	33522113	33722113	harbor1	chr6	33606095	33606133	LTR/ERVL-MaLR	2268	-	19	33606114	84001
chr6	127167375	127367375	harbor1	chr6	127179588	127179979	LTR/ERVL-MaLR	1497	-	196	127179784	12409
chr6	127167375	127367375	harbor1	chr6	127181855	127182314	LTR/ERVL-MaLR	2254	-	230	127182085	14710
chr6	127167375	127367375	harbor1	chr6	127183820	127184180	LTR/ERVL-MaLR	2427	-	180	127184000	16625
chr6	127167375	127367375	harbor1	chr6	127218224	127218784	LTR/ERVL-MaLR	1866	-	280	127218504	51129
chr6	127167375	127367375	harbor1	chr6	127219986	127220326	LTR/ERVL-MaLR	887	-	170	127220156	52781
chr6	127167375	127367375	harbor1	chr6	127225605	127226086	LTR/ERVL-MaLR	1160	-	240	127225845	58470
chr6	127167375	127367375	harbor1	chr6	127247763	127247969	LTR/ERVL-MaLR	485	-	103	127247866	80491
chr6	127167314	127367314	harbor1	chr6	127179588	127179979	LTR/ERVL-MaLR	1497	-	196	127179784	12470
chr6	127167314	127367314	harbor1	chr6	127181855	127182314	LTR/ERVL-MaLR	2254	-	230	127182085	14771
chr6	127167314	127367314	harbor1	chr6	127183820	127184180	LTR/ERVL-MaLR	2427	-	180	127184000	16686
chr6	127167314	127367314	harbor1	chr6	127218224	127218784	LTR/ERVL-MaLR	1866	-	280	127218504	51190
chr6	127167314	127367314	harbor1	chr6	127219986	127220326	LTR/ERVL-MaLR	887	-	170	127220156	52842
chr6	127167314	127367314	harbor1	chr6	127225605	127226086	LTR/ERVL-MaLR	1160	-	240	127225845	58531
chr6	127167314	127367314	harbor1	chr6	127247763	127247969	LTR/ERVL-MaLR	485	-	103	127247866	80552
chr6	52184772	52384772	harbor1	chr6	52228082	52228550	LTR/ERVL-MaLR	1947	-	234	52228316	43544
chr6	52184772	52384772	harbor1	chr6	52230293	52230570	LTR/ERVL-MaLR	780	-	138	52230431	45659
chr6	169864008	170064008	harbor1	chr6	169885209	169885569	LTR/ERVL-MaLR	1988	-	180	169885389	21381
chr6	169864008	170064008	harbor1	chr6	169926932	169927391	LTR/ERVL-MaLR	1031	-	230	169927162	63154
chr6	169864008	170064008	harbor1	chr6	169936883	169937080	LTR/ERVL-MaLR	681	-	98	169936981	72973
chr6	169864008	170064008	harbor1	chr6	169940358	169940444	LTR/ERVL-MaLR	508	-	43	169940401	76393
chr6	169864008	170064008	harbor1	chr6	169944757	169945115	LTR/ERVL-MaLR	2124	-	179	169944936	80928
chr6	169864008	170064008	harbor1	chr6	169945125	169945515	LTR/ERVL-MaLR	2214	-	195	169945320	81312
chr6	139275131	139475131	harbor1	chr6	139311763	139312084	LTR/ERVL-MaLR	1164	-	160	139311923	36792
chr6	139275131	139475131	harbor1	chr6	139322181	139322500	LTR/ERVL-MaLR	1115	-	160	139322341	47210
chr6	139275131	139475131	harbor1	chr6	139332769	139333007	LTR/ERVL-MaLR	439	-	119	139332888	57757
chr6	139275131	139475131	harbor1	chr6	139361758	139362152	LTR/ERVL-MaLR	851	-	197	139361955	86824
chr6	127167318	127367318	harbor1	chr6	127179588	127179979	LTR/ERVL-MaLR	1497	-	196	127179784	12466
chr6	127167318	127367318	harbor1	chr6	127181855	127182314	LTR/ERVL-MaLR	2254	-	230	127182085	14767
chr6	127167318	127367318	harbor1	chr6	127183820	127184180	LTR/ERVL-MaLR	2427	-	180	127184000	16682
chr6	127167318	127367318	harbor1	chr6	127218224	127218784	LTR/ERVL-MaLR	1866	-	280	127218504	51186
chr6	127167318	127367318	harbor1	chr6	127219986	127220326	LTR/ERVL-MaLR	887	-	170	127220156	52838
chr6	127167318	127367318	harbor1	chr6	127225605	127226086	LTR/ERVL-MaLR	1160	-	240	127225845	58527
chr6	127167318	127367318	harbor1	chr6	127247763	127247969	LTR/ERVL-MaLR	485	-	103	127247866	80548
chr6	45540956	45740956	harbor1	chr6	45560235	45560589	LTR/ERVL-MaLR	2584	-	177	45560412	19456
chr6	45540956	45740956	harbor1	chr6	45565965	45566468	LTR/ERVL-MaLR	1322	-	252	45566217	25261
chr6	45540956	45740956	harbor1	chr6	45568414	45568944	LTR/ERVL-MaLR	2274	-	265	45568679	27723
chr6	45540956	45740956	harbor1	chr6	45603654	45604021	LTR/ERVL-MaLR	2764	-	184	45603838	62882
chr6	45540956	45740956	harbor1	chr6	45619380	45619872	LTR/ERVL-MaLR	1452	-	246	45619626	78670
chr6	45540956	45740956	harbor1	chr6	45629790	45630124	LTR/ERVL-MaLR	1434	-	167	45629957	89001
chr6	45540956	45740956	harbor1	chr6	45632492	45632869	LTR/ERVL-MaLR	1918	-	188	45632680	91724
chr6	45540956	45740956	harbor1	chr6	45636428	45636802	LTR/ERVL-MaLR	823	-	187	45636615	95659
chr6	45541064	45741064	harbor1	chr6	45560235	45560589	LTR/ERVL-MaLR	2584	-	177	45560412	19348
chr6	45541064	45741064	harbor1	chr6	45565965	45566468	LTR/ERVL-MaLR	1322	-	252	45566217	25153
chr6	45541064	45741064	harbor1	chr6	45568414	45568944	LTR/ERVL-MaLR	2274	-	265	45568679	27615
chr6	45541064	45741064	harbor1	chr6	45603654	45604021	LTR/ERVL-MaLR	2764	-	184	45603838	62774
chr6	45541064	45741064	harbor1	chr6	45619380	45619872	LTR/ERVL-MaLR	1452	-	246	45619626	78562
chr6	45541064	45741064	harbor1	chr6	45629790	45630124	LTR/ERVL-MaLR	1434	-	167	45629957	88893
chr6	45541064	45741064	harbor1	chr6	45632492	45632869	LTR/ERVL-MaLR	1918	-	188	45632680	91616
chr6	45541064	45741064	harbor1	chr6	45636428	45636802	LTR/ERVL-MaLR	823	-	187	45636615	95551
chr6	30386552	30586552	harbor1	chr6	30409966	30410317	LTR/ERVL-MaLR	1744	-	176	30410142	23590
chr6	30386552	30586552	harbor1	chr6	30414198	30414570	LTR/ERVL-MaLR	2263	-	186	30414384	27832
chr6	30386552	30586552	harbor1	chr6	30454723	30455193	LTR/ERVL-MaLR	1143	-	235	30454958	68406
chr6	30386552	30586552	harbor1	chr6	30457264	30457682	LTR/ERVL-MaLR	2612	-	209	30457473	70921
chr6	30386552	30586552	harbor1	chr6	30483114	30483477	LTR/ERVL-MaLR	855	-	182	30483296	96744
chr6	139275446	139475446	harbor1	chr6	139311763	139312084	LTR/ERVL-MaLR	1164	-	160	139311923	36477
chr6	139275446	139475446	harbor1	chr6	139322181	139322500	LTR/ERVL-MaLR	1115	-	160	139322341	46895
chr6	139275446	139475446	harbor1	chr6	139332769	139333007	LTR/ERVL-MaLR	439	-	119	139332888	57442
chr6	139275446	139475446	harbor1	chr6	139361758	139362152	LTR/ERVL-MaLR	851	-	197	139361955	86509
chr6	43738762	43938762	harbor1	chr6	43749097	43749262	LTR/ERVL-MaLR	920	-	82	43749179	10417
chr6	43738762	43938762	harbor1	chr6	43749557	43749686	LTR/ERVL-MaLR	499	-	64	43749621	10859
chr6	43738762	43938762	harbor1	chr6	43815783	43816359	LTR/ERVL-MaLR	1119	-	288	43816071	77309
chr6	42952369	43152369	harbor1	chr6	42992489	42992532	LTR/ERVL-MaLR	1918	-	22	42992511	40142
chr6	42952369	43152369	harbor1	chr6	42992843	42992878	LTR/ERVL-MaLR	1918	-	18	42992861	40492
chr6	42952369	43152369	harbor1	chr6	42993501	42993868	LTR/ERVL-MaLR	1918	-	184	42993685	41316
chr6	127167369	127367369	harbor1	chr6	127179588	127179979	LTR/ERVL-MaLR	1497	-	196	127179784	12415
chr6	127167369	127367369	harbor1	chr6	127181855	127182314	LTR/ERVL-MaLR	2254	-	230	127182085	14716
chr6	127167369	127367369	harbor1	chr6	127183820	127184180	LTR/ERVL-MaLR	2427	-	180	127184000	16631
chr6	127167369	127367369	harbor1	chr6	127218224	127218784	LTR/ERVL-MaLR	1866	-	280	127218504	51135
chr6	127167369	127367369	harbor1	chr6	127219986	127220326	LTR/ERVL-MaLR	887	-	170	127220156	52787
chr6	127167369	127367369	harbor1	chr6	127225605	127226086	LTR/ERVL-MaLR	1160	-	240	127225845	58476
chr6	127167369	127367369	harbor1	chr6	127247763	127247969	LTR/ERVL-MaLR	485	-	103	127247866	80497
chr6	45540952	45740952	harbor1	chr6	45560235	45560589	LTR/ERVL-MaLR	2584	-	177	45560412	19460
chr6	45540952	45740952	harbor1	chr6	45565965	45566468	LTR/ERVL-MaLR	1322	-	252	45566217	25265
chr6	45540952	45740952	harbor1	chr6	45568414	45568944	LTR/ERVL-MaLR	2274	-	265	45568679	27727
chr6	45540952	45740952	harbor1	chr6	45603654	45604021	LTR/ERVL-MaLR	2764	-	184	45603838	62886
chr6	45540952	45740952	harbor1	chr6	45619380	45619872	LTR/ERVL-MaLR	1452	-	246	45619626	78674
chr6	45540952	45740952	harbor1	chr6	45629790	45630124	LTR/ERVL-MaLR	1434	-	167	45629957	89005
chr6	45540952	45740952	harbor1	chr6	45632492	45632869	LTR/ERVL-MaLR	1918	-	188	45632680	91728
chr6	45540952	45740952	harbor1	chr6	45636428	45636802	LTR/ERVL-MaLR	823	-	187	45636615	95663
chr6	37183201	37383201	harbor1	chr6	37209425	37209754	LTR/ERVL-MaLR	1292	-	164	37209589	26388
chr6	37183201	37383201	harbor1	chr6	37229772	37230323	LTR/ERVL-MaLR	2492	-	276	37230048	46847
chr6	37183201	37383201	harbor1	chr6	37233323	37233675	LTR/ERVL-MaLR	1619	-	176	37233499	50298
chr6	37183201	37383201	harbor1	chr6	37235290	37235359	LTR/ERVL-MaLR	1932	-	34	37235324	52123
chr6	37183201	37383201	harbor1	chr6	37235666	37235974	LTR/ERVL-MaLR	1932	-	154	37235820	52619
chr6	37183201	37383201	harbor1	chr6	37236681	37237184	LTR/ERVL-MaLR	1289	-	252	37236933	53732
chr6	37183201	37383201	harbor1	chr6	37240131	37240685	LTR/ERVL-MaLR	1890	-	277	37240408	57207
chr6	37183201	37383201	harbor1	chr6	37242881	37243075	LTR/ERVL-MaLR	483	-	97	37242978	59777
chr6	37183201	37383201	harbor1	chr6	37244688	37245134	LTR/ERVL-MaLR	895	-	223	37244911	61710
chr6	37183201	37383201	harbor1	chr6	37245234	37245653	LTR/ERVL-MaLR	779	-	210	37245444	62243
chr6	37183201	37383201	harbor1	chr6	37248792	37249228	LTR/ERVL-MaLR	1028	-	218	37249010	65809
chr6	37183201	37383201	harbor1	chr6	37278435	37278650	LTR/ERVL-MaLR	550	-	108	37278543	95342
chr6	37183201	37383201	harbor1	chr6	37278941	37279114	LTR/ERVL-MaLR	550	-	86	37279027	95826
chr6	37002552	37202552	harbor1	chr6	37010128	37010487	LTR/ERVL-MaLR	1378	-	180	37010308	7756
chr6	37002552	37202552	harbor1	chr6	37010493	37010860	LTR/ERVL-MaLR	557	-	184	37010677	8125
chr6	37002552	37202552	harbor1	chr6	37043145	37043359	LTR/ERVL-MaLR	2465	-	107	37043252	40700
chr6	37002552	37202552	harbor1	chr6	37043663	37043846	LTR/ERVL-MaLR	2465	-	92	37043755	41203
chr6	37002552	37202552	harbor1	chr6	37100831	37101022	LTR/ERVL-MaLR	649	-	96	37100927	98375
chr6	30366711	30566711	harbor1	chr6	30370475	30370979	LTR/ERVL-MaLR	2729	-	252	30370727	4016
chr6	30366711	30566711	harbor1	chr6	30382095	30382352	LTR/ERVL-MaLR	2187	-	128	30382223	15512
chr6	30366711	30566711	harbor1	chr6	30382664	30382814	LTR/ERVL-MaLR	2187	-	75	30382739	16028
chr6	30366711	30566711	harbor1	chr6	30409966	30410317	LTR/ERVL-MaLR	1744	-	176	30410142	43431
chr6	30366711	30566711	harbor1	chr6	30414198	30414570	LTR/ERVL-MaLR	2263	-	186	30414384	47673
chr6	30366711	30566711	harbor1	chr6	30454723	30455193	LTR/ERVL-MaLR	1143	-	235	30454958	88247
chr6	30366711	30566711	harbor1	chr6	30457264	30457682	LTR/ERVL-MaLR	2612	-	209	30457473	90762
chr6	108461047	108661047	harbor1	chr6	108497855	108498331	LTR/ERVL-MaLR	1179	-	238	108498093	37046
chr6	108461047	108661047	harbor1	chr6	108501443	108501775	LTR/ERVL-MaLR	1237	-	166	108501609	40562
chr6	108461047	108661047	harbor1	chr6	108504748	108504810	LTR/ERVL-MaLR	1237	-	31	108504779	43732
chr6	108461047	108661047	harbor1	chr6	108518997	108519369	LTR/ERVL-MaLR	1686	-	186	108519183	58136
chr6	108461047	108661047	harbor1	chr6	108520718	108521070	LTR/ERVL-MaLR	2074	-	176	108520894	59847
chr6	27415396	27615396	harbor1	chr6	27415816	27416172	LTR/ERVL-MaLR	1715	-	178	27415994	598
chr6	27415396	27615396	harbor1	chr6	27490082	27490237	LTR/ERVL-MaLR	1012	-	78	27490160	74764
chr6	4751953	4951953	harbor1	chr6	4806838	4807240	LTR/ERVL-MaLR	1336	-	201	4807039	55086
chr6	4751953	4951953	harbor1	chr6	4810594	4810950	LTR/ERVL-MaLR	1432	-	178	4810772	58819
chr6	139275475	139475475	harbor1	chr6	139311763	139312084	LTR/ERVL-MaLR	1164	-	160	139311923	36448
chr6	139275475	139475475	harbor1	chr6	139322181	139322500	LTR/ERVL-MaLR	1115	-	160	139322341	46866
chr6	139275475	139475475	harbor1	chr6	139332769	139333007	LTR/ERVL-MaLR	439	-	119	139332888	57413
chr6	139275475	139475475	harbor1	chr6	139361758	139362152	LTR/ERVL-MaLR	851	-	197	139361955	86480
chr6	30366632	30566632	harbor1	chr6	30370475	30370979	LTR/ERVL-MaLR	2729	-	252	30370727	4095
chr6	30366632	30566632	harbor1	chr6	30382095	30382352	LTR/ERVL-MaLR	2187	-	128	30382223	15591
chr6	30366632	30566632	harbor1	chr6	30382664	30382814	LTR/ERVL-MaLR	2187	-	75	30382739	16107
chr6	30366632	30566632	harbor1	chr6	30409966	30410317	LTR/ERVL-MaLR	1744	-	176	30410142	43510
chr6	30366632	30566632	harbor1	chr6	30414198	30414570	LTR/ERVL-MaLR	2263	-	186	30414384	47752
chr6	30366632	30566632	harbor1	chr6	30454723	30455193	LTR/ERVL-MaLR	1143	-	235	30454958	88326
chr6	30366632	30566632	harbor1	chr6	30457264	30457682	LTR/ERVL-MaLR	2612	-	209	30457473	90841
chr6	139274465	139474465	harbor1	chr6	139311763	139312084	LTR/ERVL-MaLR	1164	-	160	139311923	37458
chr6	139274465	139474465	harbor1	chr6	139322181	139322500	LTR/ERVL-MaLR	1115	-	160	139322341	47876
chr6	139274465	139474465	harbor1	chr6	139332769	139333007	LTR/ERVL-MaLR	439	-	119	139332888	58423
chr6	139274465	139474465	harbor1	chr6	139361758	139362152	LTR/ERVL-MaLR	851	-	197	139361955	87490
chr6	52184695	52384695	harbor1	chr6	52228082	52228550	LTR/ERVL-MaLR	1947	-	234	52228316	43621
chr6	52184695	52384695	harbor1	chr6	52230293	52230570	LTR/ERVL-MaLR	780	-	138	52230431	45736
chr6	3749398	3949398	harbor1	chr6	3811582	3812016	LTR/ERVL-MaLR	1365	-	217	3811799	62401
chr6	3749398	3949398	harbor1	chr6	3830743	3831255	LTR/ERVL-MaLR	1638	-	256	3830999	81601
chr6	3749398	3949398	harbor1	chr6	3837584	3837994	LTR/ERVL-MaLR	1888	-	205	3837789	88391
chr6	3749398	3949398	harbor1	chr6	3839037	3839449	LTR/ERVL-MaLR	2378	-	206	3839243	89845
chr6	167862848	168062848	harbor1	chr6	167916001	167916356	LTR/ERVL-MaLR	1235	-	178	167916179	53331
chr6	167862848	168062848	harbor1	chr6	167903151	167903553	LTR/ERVL-MaLR	507	-	201	167903352	40504
chr6	150800581	151000581	harbor1	chr6	150878918	150879160	LTR/ERVL-MaLR	684	-	121	150879039	78458
chr6	31907277	32107277	harbor1	chr6	31915508	31915898	LTR/ERVL-MaLR	1052	-	195	31915703	8426
chr6	31907277	32107277	harbor1	chr6	31924251	31924486	LTR/ERVL-MaLR	443	-	118	31924369	17092
chr6	31907277	32107277	harbor1	chr6	31925221	31925294	LTR/ERVL-MaLR	728	-	36	31925257	17980
chr6	31907277	32107277	harbor1	chr6	31925592	31925754	LTR/ERVL-MaLR	728	-	81	31925673	18396
chr6	31907277	32107277	harbor1	chr6	31925845	31926249	LTR/ERVL-MaLR	1220	-	202	31926047	18770
chr6	31907277	32107277	harbor1	chr6	31941162	31941422	LTR/ERVL-MaLR	878	-	130	31941292	34015
chr6	31907277	32107277	harbor1	chr6	31942252	31942422	LTR/ERVL-MaLR	832	-	85	31942337	35060
chr6	39128541	39328541	harbor1	chr6	39128605	39129026	LTR/ERVL-MaLR	2407	-	210	39128815	274
chr6	39128541	39328541	harbor1	chr6	39143897	39144257	LTR/ERVL-MaLR	1884	-	180	39144077	15536
chr6	39128541	39328541	harbor1	chr6	39165067	39165269	LTR/ERVL-MaLR	932	-	101	39165168	36627
chr6	39128541	39328541	harbor1	chr6	39171412	39171836	LTR/ERVL-MaLR	1320	-	212	39171624	43083
chr6	39128541	39328541	harbor1	chr6	39183871	39184179	LTR/ERVL-MaLR	1009	-	154	39184025	55484
chr6	39128541	39328541	harbor1	chr6	39184510	39184690	LTR/ERVL-MaLR	1009	-	90	39184600	56059
chr6	147063104	147263104	harbor1	chr6	147070494	147070707	LTR/ERVL-MaLR	2733	-	106	147070600	7496
chr6	147063104	147263104	harbor1	chr6	147071014	147071174	LTR/ERVL-MaLR	2733	-	80	147071094	7990
chr6	147063104	147263104	harbor1	chr6	147136189	147136328	LTR/ERVL-MaLR	700	-	70	147136259	73155
chr6	124862409	125062409	harbor1	chr6	124862209	124862421	LTR/ERVL-MaLR	1701	-	106	124862315	94
chr6	124862409	125062409	harbor1	chr6	124863303	124863685	LTR/ERVL-MaLR	1643	-	191	124863494	1085
chr6	124862409	125062409	harbor1	chr6	124866371	124866931	LTR/ERVL-MaLR	1616	-	280	124866651	4242
chr6	124862409	125062409	harbor1	chr6	124901734	124902117	LTR/ERVL-MaLR	2398	-	192	124901926	39517
chr6	124862409	125062409	harbor1	chr6	124919723	124920088	LTR/ERVL-MaLR	2638	-	182	124919905	57496
chr6	124862409	125062409	harbor1	chr6	124920089	124921738	LTR/ERVL-MaLR	10221	-	824	124920913	58504
chr6	124862409	125062409	harbor1	chr6	124921739	124922102	LTR/ERVL-MaLR	2451	-	182	124921921	59512
chr6	124862409	125062409	harbor1	chr6	124934925	124935308	LTR/ERVL-MaLR	1928	-	192	124935117	72708
chr6	124862409	125062409	harbor1	chr6	124862419	124863302	LTR/ERVL-MaLR	6544	-	442	124862861	452
chr6	169863974	170063974	harbor1	chr6	169885209	169885569	LTR/ERVL-MaLR	1988	-	180	169885389	21415
chr6	169863974	170063974	harbor1	chr6	169926932	169927391	LTR/ERVL-MaLR	1031	-	230	169927162	63188
chr6	169863974	170063974	harbor1	chr6	169936883	169937080	LTR/ERVL-MaLR	681	-	98	169936981	73007
chr6	169863974	170063974	harbor1	chr6	169940358	169940444	LTR/ERVL-MaLR	508	-	43	169940401	76427
chr6	169863974	170063974	harbor1	chr6	169944757	169945115	LTR/ERVL-MaLR	2124	-	179	169944936	80962
chr6	169863974	170063974	harbor1	chr6	169945125	169945515	LTR/ERVL-MaLR	2214	-	195	169945320	81346
chr6	146813086	147013086	harbor1	chr6	146827591	146827922	LTR/ERVL-MaLR	845	-	166	146827757	14671
chr6	146813086	147013086	harbor1	chr6	146844200	146844553	LTR/ERVL-MaLR	2192	-	176	146844376	31290
chr6	146813086	147013086	harbor1	chr6	146844555	146846096	LTR/ERVL-MaLR	10508	-	770	146845325	32239
chr6	146813086	147013086	harbor1	chr6	146846097	146846470	LTR/ERVL-MaLR	2502	-	186	146846283	33197
chr6	146813086	147013086	harbor1	chr6	146851081	146851531	LTR/ERVL-MaLR	1310	-	225	146851306	38220
chr6	146813086	147013086	harbor1	chr6	146852005	146852208	LTR/ERVL-MaLR	753	-	102	146852107	39021
chr6	146813086	147013086	harbor1	chr6	146852375	146852648	LTR/ERVL-MaLR	2497	-	136	146852511	39425
chr6	146813086	147013086	harbor1	chr6	146853017	146853167	LTR/ERVL-MaLR	2497	-	75	146853092	40006
chr6	146813086	147013086	harbor1	chr6	146853643	146853808	LTR/ERVL-MaLR	738	-	82	146853725	40639
chr6	106529506	106729506	harbor1	chr6	106545427	106545687	LTR/ERVL-MaLR	1357	-	130	106545557	16051
chr6	106529506	106729506	harbor1	chr6	106545980	106546247	LTR/ERVL-MaLR	1357	-	134	106546114	16608
chr6	133853442	134053442	harbor1	chr6	133866057	133866416	LTR/ERVL-MaLR	2476	-	180	133866237	12795
chr6	133853442	134053442	harbor1	chr6	133866419	133866798	LTR/ERVL-MaLR	2248	-	190	133866609	13167
chr6	133853442	134053442	harbor1	chr6	133900228	133900459	LTR/ERVL-MaLR	881	-	116	133900344	46902
chr6	27415400	27615400	harbor1	chr6	27415816	27416172	LTR/ERVL-MaLR	1715	-	178	27415994	594
chr6	27415400	27615400	harbor1	chr6	27490082	27490237	LTR/ERVL-MaLR	1012	-	78	27490160	74760
chr6	37070864	37270864	harbor1	chr6	37100831	37101022	LTR/ERVL-MaLR	649	-	96	37100927	30063
chr6	37070864	37270864	harbor1	chr6	37112367	37112672	LTR/ERVL-MaLR	2030	-	152	37112519	41655
chr6	37070864	37270864	harbor1	chr6	37112971	37113069	LTR/ERVL-MaLR	2030	-	49	37113020	42156
chr6	37070864	37270864	harbor1	chr6	37154272	37154494	LTR/ERVL-MaLR	1784	-	111	37154383	83519
chr6	37070864	37270864	harbor1	chr6	37155068	37155244	LTR/ERVL-MaLR	1784	-	88	37155156	84292
chr6	139275440	139475440	harbor1	chr6	139311763	139312084	LTR/ERVL-MaLR	1164	-	160	139311923	36483
chr6	139275440	139475440	harbor1	chr6	139322181	139322500	LTR/ERVL-MaLR	1115	-	160	139322341	46901
chr6	139275440	139475440	harbor1	chr6	139332769	139333007	LTR/ERVL-MaLR	439	-	119	139332888	57448
chr6	139275440	139475440	harbor1	chr6	139361758	139362152	LTR/ERVL-MaLR	851	-	197	139361955	86515
chr6	127167312	127367312	harbor1	chr6	127179588	127179979	LTR/ERVL-MaLR	1497	-	196	127179784	12472
chr6	127167312	127367312	harbor1	chr6	127181855	127182314	LTR/ERVL-MaLR	2254	-	230	127182085	14773
chr6	127167312	127367312	harbor1	chr6	127183820	127184180	LTR/ERVL-MaLR	2427	-	180	127184000	16688
chr6	127167312	127367312	harbor1	chr6	127218224	127218784	LTR/ERVL-MaLR	1866	-	280	127218504	51192
chr6	127167312	127367312	harbor1	chr6	127219986	127220326	LTR/ERVL-MaLR	887	-	170	127220156	52844
chr6	127167312	127367312	harbor1	chr6	127225605	127226086	LTR/ERVL-MaLR	1160	-	240	127225845	58533
chr6	127167312	127367312	harbor1	chr6	127247763	127247969	LTR/ERVL-MaLR	485	-	103	127247866	80554
chr6	124862399	125062399	harbor1	chr6	124862209	124862421	LTR/ERVL-MaLR	1701	-	106	124862315	84
chr6	124862399	125062399	harbor1	chr6	124863303	124863685	LTR/ERVL-MaLR	1643	-	191	124863494	1095
chr6	124862399	125062399	harbor1	chr6	124866371	124866931	LTR/ERVL-MaLR	1616	-	280	124866651	4252
chr6	124862399	125062399	harbor1	chr6	124901734	124902117	LTR/ERVL-MaLR	2398	-	192	124901926	39527
chr6	124862399	125062399	harbor1	chr6	124919723	124920088	LTR/ERVL-MaLR	2638	-	182	124919905	57506
chr6	124862399	125062399	harbor1	chr6	124920089	124921738	LTR/ERVL-MaLR	10221	-	824	124920913	58514
chr6	124862399	125062399	harbor1	chr6	124921739	124922102	LTR/ERVL-MaLR	2451	-	182	124921921	59522
chr6	124862399	125062399	harbor1	chr6	124934925	124935308	LTR/ERVL-MaLR	1928	-	192	124935117	72718
chr6	124862399	125062399	harbor1	chr6	124862419	124863302	LTR/ERVL-MaLR	6544	-	442	124862861	462
chr6	35589290	35789290	harbor1	chr6	35612531	35612905	LTR/ERVL-MaLR	2341	-	187	35612718	23428
chr6	35589290	35789290	harbor1	chr6	35656566	35656607	LTR/ERVL-MaLR	2165	-	20	35656586	67296
chr6	35589290	35789290	harbor1	chr6	35657241	35657694	LTR/ERVL-MaLR	2165	-	226	35657467	68177
chr6	169864066	170064066	harbor1	chr6	169885209	169885569	LTR/ERVL-MaLR	1988	-	180	169885389	21323
chr6	169864066	170064066	harbor1	chr6	169926932	169927391	LTR/ERVL-MaLR	1031	-	230	169927162	63096
chr6	169864066	170064066	harbor1	chr6	169936883	169937080	LTR/ERVL-MaLR	681	-	98	169936981	72915
chr6	169864066	170064066	harbor1	chr6	169940358	169940444	LTR/ERVL-MaLR	508	-	43	169940401	76335
chr6	169864066	170064066	harbor1	chr6	169944757	169945115	LTR/ERVL-MaLR	2124	-	179	169944936	80870
chr6	169864066	170064066	harbor1	chr6	169945125	169945515	LTR/ERVL-MaLR	2214	-	195	169945320	81254
chr6	37070857	37270857	harbor1	chr6	37100831	37101022	LTR/ERVL-MaLR	649	-	96	37100927	30070
chr6	37070857	37270857	harbor1	chr6	37112367	37112672	LTR/ERVL-MaLR	2030	-	152	37112519	41662
chr6	37070857	37270857	harbor1	chr6	37112971	37113069	LTR/ERVL-MaLR	2030	-	49	37113020	42163
chr6	37070857	37270857	harbor1	chr6	37154272	37154494	LTR/ERVL-MaLR	1784	-	111	37154383	83526
chr6	37070857	37270857	harbor1	chr6	37155068	37155244	LTR/ERVL-MaLR	1784	-	88	37155156	84299
chr6	139275439	139475439	harbor1	chr6	139311763	139312084	LTR/ERVL-MaLR	1164	-	160	139311923	36484
chr6	139275439	139475439	harbor1	chr6	139322181	139322500	LTR/ERVL-MaLR	1115	-	160	139322341	46902
chr6	139275439	139475439	harbor1	chr6	139332769	139333007	LTR/ERVL-MaLR	439	-	119	139332888	57449
chr6	139275439	139475439	harbor1	chr6	139361758	139362152	LTR/ERVL-MaLR	851	-	197	139361955	86516
chr6	37002937	37202937	harbor1	chr6	37010128	37010487	LTR/ERVL-MaLR	1378	-	180	37010308	7371
chr6	37002937	37202937	harbor1	chr6	37010493	37010860	LTR/ERVL-MaLR	557	-	184	37010677	7740
chr6	37002937	37202937	harbor1	chr6	37043145	37043359	LTR/ERVL-MaLR	2465	-	107	37043252	40315
chr6	37002937	37202937	harbor1	chr6	37043663	37043846	LTR/ERVL-MaLR	2465	-	92	37043755	40818
chr6	37002937	37202937	harbor1	chr6	37100831	37101022	LTR/ERVL-MaLR	649	-	96	37100927	97990
chr6	170062470	170262470	harbor1	chr6	170075240	170075422	LTR/ERVL-MaLR	551	-	91	170075331	12861
chr6	170062470	170262470	harbor1	chr6	170075579	170075728	LTR/ERVL-MaLR	621	-	74	170075653	13183
chr6	170062470	170262470	harbor1	chr6	170077585	170077747	LTR/ERVL-MaLR	1328	-	81	170077666	15196
chr6	170062470	170262470	harbor1	chr6	170078052	170078221	LTR/ERVL-MaLR	1328	-	84	170078136	15666
chr6	139275169	139475169	harbor1	chr6	139311763	139312084	LTR/ERVL-MaLR	1164	-	160	139311923	36754
chr6	139275169	139475169	harbor1	chr6	139322181	139322500	LTR/ERVL-MaLR	1115	-	160	139322341	47172
chr6	139275169	139475169	harbor1	chr6	139332769	139333007	LTR/ERVL-MaLR	439	-	119	139332888	57719
chr6	139275169	139475169	harbor1	chr6	139361758	139362152	LTR/ERVL-MaLR	851	-	197	139361955	86786
chr6	139274579	139474579	harbor1	chr6	139311763	139312084	LTR/ERVL-MaLR	1164	-	160	139311923	37344
chr6	139274579	139474579	harbor1	chr6	139322181	139322500	LTR/ERVL-MaLR	1115	-	160	139322341	47762
chr6	139274579	139474579	harbor1	chr6	139332769	139333007	LTR/ERVL-MaLR	439	-	119	139332888	58309
chr6	139274579	139474579	harbor1	chr6	139361758	139362152	LTR/ERVL-MaLR	851	-	197	139361955	87376
chr6	11714941	11914941	harbor1	chr6	11779969	11780330	LTR/ERVL-MaLR	1936	-	180	11780149	65208
chr6	37070849	37270849	harbor1	chr6	37100831	37101022	LTR/ERVL-MaLR	649	-	96	37100927	30078
chr6	37070849	37270849	harbor1	chr6	37112367	37112672	LTR/ERVL-MaLR	2030	-	152	37112519	41670
chr6	37070849	37270849	harbor1	chr6	37112971	37113069	LTR/ERVL-MaLR	2030	-	49	37113020	42171
chr6	37070849	37270849	harbor1	chr6	37154272	37154494	LTR/ERVL-MaLR	1784	-	111	37154383	83534
chr6	37070849	37270849	harbor1	chr6	37155068	37155244	LTR/ERVL-MaLR	1784	-	88	37155156	84307
chr6	45540949	45740949	harbor1	chr6	45560235	45560589	LTR/ERVL-MaLR	2584	-	177	45560412	19463
chr6	45540949	45740949	harbor1	chr6	45565965	45566468	LTR/ERVL-MaLR	1322	-	252	45566217	25268
chr6	45540949	45740949	harbor1	chr6	45568414	45568944	LTR/ERVL-MaLR	2274	-	265	45568679	27730
chr6	45540949	45740949	harbor1	chr6	45603654	45604021	LTR/ERVL-MaLR	2764	-	184	45603838	62889
chr6	45540949	45740949	harbor1	chr6	45619380	45619872	LTR/ERVL-MaLR	1452	-	246	45619626	78677
chr6	45540949	45740949	harbor1	chr6	45629790	45630124	LTR/ERVL-MaLR	1434	-	167	45629957	89008
chr6	45540949	45740949	harbor1	chr6	45632492	45632869	LTR/ERVL-MaLR	1918	-	188	45632680	91731
chr6	45540949	45740949	harbor1	chr6	45636428	45636802	LTR/ERVL-MaLR	823	-	187	45636615	95666
chr6	18268218	18468218	harbor1	chr6	18345223	18345328	LTR/ERVL-MaLR	729	-	52	18345275	77057
chr6	18268218	18468218	harbor1	chr6	18359512	18359783	LTR/ERVL-MaLR	478	-	136	18359648	91430
chr6	150800587	151000587	harbor1	chr6	150878918	150879160	LTR/ERVL-MaLR	684	-	121	150879039	78452
chr6	139275128	139475128	harbor1	chr6	139311763	139312084	LTR/ERVL-MaLR	1164	-	160	139311923	36795
chr6	139275128	139475128	harbor1	chr6	139322181	139322500	LTR/ERVL-MaLR	1115	-	160	139322341	47213
chr6	139275128	139475128	harbor1	chr6	139332769	139333007	LTR/ERVL-MaLR	439	-	119	139332888	57760
chr6	139275128	139475128	harbor1	chr6	139361758	139362152	LTR/ERVL-MaLR	851	-	197	139361955	86827
chr6	139275156	139475156	harbor1	chr6	139311763	139312084	LTR/ERVL-MaLR	1164	-	160	139311923	36767
chr6	139275156	139475156	harbor1	chr6	139322181	139322500	LTR/ERVL-MaLR	1115	-	160	139322341	47185
chr6	139275156	139475156	harbor1	chr6	139332769	139333007	LTR/ERVL-MaLR	439	-	119	139332888	57732
chr6	139275156	139475156	harbor1	chr6	139361758	139362152	LTR/ERVL-MaLR	851	-	197	139361955	86799
chr6	167862904	168062904	harbor1	chr6	167916001	167916356	LTR/ERVL-MaLR	1235	-	178	167916179	53275
chr6	167862904	168062904	harbor1	chr6	167903151	167903553	LTR/ERVL-MaLR	507	-	201	167903352	40448
chr6	36969380	37169380	harbor1	chr6	36989352	36989685	LTR/ERVL-MaLR	1067	-	166	36989518	20138
chr6	36969380	37169380	harbor1	chr6	37010128	37010487	LTR/ERVL-MaLR	1378	-	180	37010308	40928
chr6	36969380	37169380	harbor1	chr6	37010493	37010860	LTR/ERVL-MaLR	557	-	184	37010677	41297
chr6	36969380	37169380	harbor1	chr6	37043145	37043359	LTR/ERVL-MaLR	2465	-	107	37043252	73872
chr6	36969380	37169380	harbor1	chr6	37043663	37043846	LTR/ERVL-MaLR	2465	-	92	37043755	74375
chr6	52184723	52384723	harbor1	chr6	52228082	52228550	LTR/ERVL-MaLR	1947	-	234	52228316	43593
chr6	52184723	52384723	harbor1	chr6	52230293	52230570	LTR/ERVL-MaLR	780	-	138	52230431	45708
chr6	7626959	7826959	harbor1	chr6	7627434	7627794	LTR/ERVL-MaLR	1327	-	180	7627614	655
chr6	7626959	7826959	harbor1	chr6	7635975	7636497	LTR/ERVL-MaLR	859	-	261	7636236	9277
chr6	7626959	7826959	harbor1	chr6	7636767	7637012	LTR/ERVL-MaLR	2470	-	122	7636889	9930
chr6	7626959	7826959	harbor1	chr6	7637318	7637533	LTR/ERVL-MaLR	2470	-	108	7637426	10467
chr6	7626959	7826959	harbor1	chr6	7639604	7639997	LTR/ERVL-MaLR	1418	-	196	7639800	12841
chr6	7626959	7826959	harbor1	chr6	7653162	7653511	LTR/ERVL-MaLR	674	-	174	7653336	26377
chr6	7626959	7826959	harbor1	chr6	7653548	7653871	LTR/ERVL-MaLR	991	-	162	7653710	26751
chr6	7626959	7826959	harbor1	chr6	7658890	7659323	LTR/ERVL-MaLR	2871	-	216	7659106	32147
chr6	7626959	7826959	harbor1	chr6	7668928	7669314	LTR/ERVL-MaLR	1743	-	193	7669121	42162
chr6	7626959	7826959	harbor1	chr6	7670479	7670885	LTR/ERVL-MaLR	1946	-	203	7670682	43723
chr6	7626959	7826959	harbor1	chr6	7691132	7691250	LTR/ERVL-MaLR	504	-	59	7691191	64232
chr6	7626959	7826959	harbor1	chr6	7701469	7701849	LTR/ERVL-MaLR	2116	-	190	7701659	74700
chr6	7626959	7826959	harbor1	chr6	7709645	7710011	LTR/ERVL-MaLR	1785	-	183	7709828	82869
chr6	7626959	7826959	harbor1	chr6	7710805	7711374	LTR/ERVL-MaLR	2418	-	284	7711089	84130
chr6	7626959	7826959	harbor1	chr6	7720726	7721031	LTR/ERVL-MaLR	1254	-	152	7720878	93919
chr6	3682582	3882582	harbor1	chr6	3687276	3687812	LTR/ERVL-MaLR	1788	-	268	3687544	4962
chr6	167860271	168060271	harbor1	chr6	167916001	167916356	LTR/ERVL-MaLR	1235	-	178	167916179	55908
chr6	167860271	168060271	harbor1	chr6	167903151	167903553	LTR/ERVL-MaLR	507	-	201	167903352	43081
chr6	34138127	34338127	harbor1	chr6	34200706	34200950	LTR/ERVL-MaLR	765	-	122	34200828	62701
chr6	34138127	34338127	harbor1	chr6	34208760	34209057	LTR/ERVL-MaLR	887	-	148	34208908	70781
chr6	6446460	6646460	harbor1	chr6	6475484	6475915	LTR/ERVL-MaLR	1379	-	216	6475700	29240
chr6	6446460	6646460	harbor1	chr6	6502463	6502727	LTR/ERVL-MaLR	444	-	132	6502595	56135
chr6	6446460	6646460	harbor1	chr6	6509182	6509666	LTR/ERVL-MaLR	2074	-	242	6509424	62964
chr6	6446460	6646460	harbor1	chr6	6529903	6530401	LTR/ERVL-MaLR	2043	-	249	6530152	83692
chr6	169863372	170063372	harbor1	chr6	169885209	169885569	LTR/ERVL-MaLR	1988	-	180	169885389	22017
chr6	169863372	170063372	harbor1	chr6	169926932	169927391	LTR/ERVL-MaLR	1031	-	230	169927162	63790
chr6	169863372	170063372	harbor1	chr6	169936883	169937080	LTR/ERVL-MaLR	681	-	98	169936981	73609
chr6	169863372	170063372	harbor1	chr6	169940358	169940444	LTR/ERVL-MaLR	508	-	43	169940401	77029
chr6	169863372	170063372	harbor1	chr6	169944757	169945115	LTR/ERVL-MaLR	2124	-	179	169944936	81564
chr6	169863372	170063372	harbor1	chr6	169945125	169945515	LTR/ERVL-MaLR	2214	-	195	169945320	81948
chr6	127167326	127367326	harbor1	chr6	127179588	127179979	LTR/ERVL-MaLR	1497	-	196	127179784	12458
chr6	127167326	127367326	harbor1	chr6	127181855	127182314	LTR/ERVL-MaLR	2254	-	230	127182085	14759
chr6	127167326	127367326	harbor1	chr6	127183820	127184180	LTR/ERVL-MaLR	2427	-	180	127184000	16674
chr6	127167326	127367326	harbor1	chr6	127218224	127218784	LTR/ERVL-MaLR	1866	-	280	127218504	51178
chr6	127167326	127367326	harbor1	chr6	127219986	127220326	LTR/ERVL-MaLR	887	-	170	127220156	52830
chr6	127167326	127367326	harbor1	chr6	127225605	127226086	LTR/ERVL-MaLR	1160	-	240	127225845	58519
chr6	127167326	127367326	harbor1	chr6	127247763	127247969	LTR/ERVL-MaLR	485	-	103	127247866	80540
chr6	169864117	170064117	harbor1	chr6	169885209	169885569	LTR/ERVL-MaLR	1988	-	180	169885389	21272
chr6	169864117	170064117	harbor1	chr6	169926932	169927391	LTR/ERVL-MaLR	1031	-	230	169927162	63045
chr6	169864117	170064117	harbor1	chr6	169936883	169937080	LTR/ERVL-MaLR	681	-	98	169936981	72864
chr6	169864117	170064117	harbor1	chr6	169940358	169940444	LTR/ERVL-MaLR	508	-	43	169940401	76284
chr6	169864117	170064117	harbor1	chr6	169944757	169945115	LTR/ERVL-MaLR	2124	-	179	169944936	80819
chr6	169864117	170064117	harbor1	chr6	169945125	169945515	LTR/ERVL-MaLR	2214	-	195	169945320	81203
chr6	169811811	170011811	harbor1	chr6	169830705	169830923	LTR/ERVL-MaLR	1043	-	109	169830814	19003
chr6	169811811	170011811	harbor1	chr6	169851494	169851958	LTR/ERVL-MaLR	1824	-	232	169851726	39915
chr6	169811811	170011811	harbor1	chr6	169885209	169885569	LTR/ERVL-MaLR	1988	-	180	169885389	73578
chr6	99421489	99621489	harbor1	chr6	99423735	99424096	LTR/ERVL-MaLR	1976	-	180	99423915	2426
chr6	139274599	139474599	harbor1	chr6	139311763	139312084	LTR/ERVL-MaLR	1164	-	160	139311923	37324
chr6	139274599	139474599	harbor1	chr6	139322181	139322500	LTR/ERVL-MaLR	1115	-	160	139322341	47742
chr6	139274599	139474599	harbor1	chr6	139332769	139333007	LTR/ERVL-MaLR	439	-	119	139332888	58289
chr6	139274599	139474599	harbor1	chr6	139361758	139362152	LTR/ERVL-MaLR	851	-	197	139361955	87356
chr6	107718661	107918661	harbor1	chr6	107729131	107729571	LTR/ERVL-MaLR	1615	-	220	107729351	10690
chr6	107718661	107918661	harbor1	chr6	107794703	107795122	LTR/ERVL-MaLR	1474	-	210	107794913	76252
chr6	107718661	107918661	harbor1	chr6	107813695	107814188	LTR/ERVL-MaLR	857	-	246	107813941	95280
chr6	52184760	52384760	harbor1	chr6	52228082	52228550	LTR/ERVL-MaLR	1947	-	234	52228316	43556
chr6	52184760	52384760	harbor1	chr6	52230293	52230570	LTR/ERVL-MaLR	780	-	138	52230431	45671
chr6	7626659	7826659	harbor1	chr6	7627434	7627794	LTR/ERVL-MaLR	1327	-	180	7627614	955
chr6	7626659	7826659	harbor1	chr6	7635975	7636497	LTR/ERVL-MaLR	859	-	261	7636236	9577
chr6	7626659	7826659	harbor1	chr6	7636767	7637012	LTR/ERVL-MaLR	2470	-	122	7636889	10230
chr6	7626659	7826659	harbor1	chr6	7637318	7637533	LTR/ERVL-MaLR	2470	-	108	7637426	10767
chr6	7626659	7826659	harbor1	chr6	7639604	7639997	LTR/ERVL-MaLR	1418	-	196	7639800	13141
chr6	7626659	7826659	harbor1	chr6	7653162	7653511	LTR/ERVL-MaLR	674	-	174	7653336	26677
chr6	7626659	7826659	harbor1	chr6	7653548	7653871	LTR/ERVL-MaLR	991	-	162	7653710	27051
chr6	7626659	7826659	harbor1	chr6	7658890	7659323	LTR/ERVL-MaLR	2871	-	216	7659106	32447
chr6	7626659	7826659	harbor1	chr6	7668928	7669314	LTR/ERVL-MaLR	1743	-	193	7669121	42462
chr6	7626659	7826659	harbor1	chr6	7670479	7670885	LTR/ERVL-MaLR	1946	-	203	7670682	44023
chr6	7626659	7826659	harbor1	chr6	7691132	7691250	LTR/ERVL-MaLR	504	-	59	7691191	64532
chr6	7626659	7826659	harbor1	chr6	7701469	7701849	LTR/ERVL-MaLR	2116	-	190	7701659	75000
chr6	7626659	7826659	harbor1	chr6	7709645	7710011	LTR/ERVL-MaLR	1785	-	183	7709828	83169
chr6	7626659	7826659	harbor1	chr6	7710805	7711374	LTR/ERVL-MaLR	2418	-	284	7711089	84430
chr6	7626659	7826659	harbor1	chr6	7720726	7721031	LTR/ERVL-MaLR	1254	-	152	7720878	94219
chr6	7626996	7826996	harbor1	chr6	7627434	7627794	LTR/ERVL-MaLR	1327	-	180	7627614	618
chr6	7626996	7826996	harbor1	chr6	7635975	7636497	LTR/ERVL-MaLR	859	-	261	7636236	9240
chr6	7626996	7826996	harbor1	chr6	7636767	7637012	LTR/ERVL-MaLR	2470	-	122	7636889	9893
chr6	7626996	7826996	harbor1	chr6	7637318	7637533	LTR/ERVL-MaLR	2470	-	108	7637426	10430
chr6	7626996	7826996	harbor1	chr6	7639604	7639997	LTR/ERVL-MaLR	1418	-	196	7639800	12804
chr6	7626996	7826996	harbor1	chr6	7653162	7653511	LTR/ERVL-MaLR	674	-	174	7653336	26340
chr6	7626996	7826996	harbor1	chr6	7653548	7653871	LTR/ERVL-MaLR	991	-	162	7653710	26714
chr6	7626996	7826996	harbor1	chr6	7658890	7659323	LTR/ERVL-MaLR	2871	-	216	7659106	32110
chr6	7626996	7826996	harbor1	chr6	7668928	7669314	LTR/ERVL-MaLR	1743	-	193	7669121	42125
chr6	7626996	7826996	harbor1	chr6	7670479	7670885	LTR/ERVL-MaLR	1946	-	203	7670682	43686
chr6	7626996	7826996	harbor1	chr6	7691132	7691250	LTR/ERVL-MaLR	504	-	59	7691191	64195
chr6	7626996	7826996	harbor1	chr6	7701469	7701849	LTR/ERVL-MaLR	2116	-	190	7701659	74663
chr6	7626996	7826996	harbor1	chr6	7709645	7710011	LTR/ERVL-MaLR	1785	-	183	7709828	82832
chr6	7626996	7826996	harbor1	chr6	7710805	7711374	LTR/ERVL-MaLR	2418	-	284	7711089	84093
chr6	7626996	7826996	harbor1	chr6	7720726	7721031	LTR/ERVL-MaLR	1254	-	152	7720878	93882
chr6	149351042	149551042	harbor1	chr6	149360217	149360621	LTR/ERVL-MaLR	2188	-	202	149360419	9377
chr6	149351042	149551042	harbor1	chr6	149360622	149362186	LTR/ERVL-MaLR	8265	-	782	149361404	10362
chr6	149351042	149551042	harbor1	chr6	149362187	149362593	LTR/ERVL-MaLR	2225	-	203	149362390	11348
chr6	149351042	149551042	harbor1	chr6	149388076	149388430	LTR/ERVL-MaLR	1044	-	177	149388253	37211
chr6	149351042	149551042	harbor1	chr6	149403542	149403975	LTR/ERVL-MaLR	2200	-	216	149403758	52716
chr6	149351042	149551042	harbor1	chr6	149356385	149356730	LTR/ERVL-MaLR	1824	-	172	149356557	5515
chr6	169993799	170193799	harbor1	chr6	170000766	170001093	LTR/ERVL-MaLR	1937	-	164	170000930	7131
chr6	169993799	170193799	harbor1	chr6	170001094	170002652	LTR/ERVL-MaLR	12024	-	779	170001873	8074
chr6	169993799	170193799	harbor1	chr6	170002653	170002994	LTR/ERVL-MaLR	2312	-	170	170002823	9024
chr6	169993799	170193799	harbor1	chr6	170003745	170004120	LTR/ERVL-MaLR	2876	-	188	170003933	10134
chr6	169993799	170193799	harbor1	chr6	170004121	170005661	LTR/ERVL-MaLR	10578	-	770	170004891	11092
chr6	169993799	170193799	harbor1	chr6	170005664	170006037	LTR/ERVL-MaLR	2582	-	186	170005850	12051
chr6	169993799	170193799	harbor1	chr6	170013373	170013703	LTR/ERVL-MaLR	867	-	165	170013538	19739
chr6	169993799	170193799	harbor1	chr6	170035837	170036872	LTR/ERVL-MaLR	6785	-	518	170036355	42556
chr6	169993799	170193799	harbor1	chr6	170036873	170037255	LTR/ERVL-MaLR	1729	-	191	170037064	43265
chr6	169993799	170193799	harbor1	chr6	170075240	170075422	LTR/ERVL-MaLR	551	-	91	170075331	81532
chr6	169993799	170193799	harbor1	chr6	170075579	170075728	LTR/ERVL-MaLR	621	-	74	170075653	81854
chr6	169993799	170193799	harbor1	chr6	170077585	170077747	LTR/ERVL-MaLR	1328	-	81	170077666	83867
chr6	169993799	170193799	harbor1	chr6	170078052	170078221	LTR/ERVL-MaLR	1328	-	84	170078136	84337
chr6	31630467	31830467	harbor1	chr6	31637886	31638121	LTR/ERVL-MaLR	619	-	118	31638004	7537
chr6	146813048	147013048	harbor1	chr6	146827591	146827922	LTR/ERVL-MaLR	845	-	166	146827757	14709
chr6	146813048	147013048	harbor1	chr6	146844200	146844553	LTR/ERVL-MaLR	2192	-	176	146844376	31328
chr6	146813048	147013048	harbor1	chr6	146844555	146846096	LTR/ERVL-MaLR	10508	-	770	146845325	32277
chr6	146813048	147013048	harbor1	chr6	146846097	146846470	LTR/ERVL-MaLR	2502	-	186	146846283	33235
chr6	146813048	147013048	harbor1	chr6	146851081	146851531	LTR/ERVL-MaLR	1310	-	225	146851306	38258
chr6	146813048	147013048	harbor1	chr6	146852005	146852208	LTR/ERVL-MaLR	753	-	102	146852107	39059
chr6	146813048	147013048	harbor1	chr6	146852375	146852648	LTR/ERVL-MaLR	2497	-	136	146852511	39463
chr6	146813048	147013048	harbor1	chr6	146853017	146853167	LTR/ERVL-MaLR	2497	-	75	146853092	40044
chr6	146813048	147013048	harbor1	chr6	146853643	146853808	LTR/ERVL-MaLR	738	-	82	146853725	40677
chr6	157938132	158138132	harbor1	chr6	157975483	157975730	LTR/ERVL-MaLR	2111	-	124	157975607	37475
chr6	157938132	158138132	harbor1	chr6	157976341	157976499	LTR/ERVL-MaLR	2111	-	79	157976420	38288
chr6	157938132	158138132	harbor1	chr6	157978402	157978422	LTR/ERVL-MaLR	998	-	10	157978412	40280
chr6	157938132	158138132	harbor1	chr6	157978834	157979004	LTR/ERVL-MaLR	998	-	85	157978919	40787
chr6	157938132	158138132	harbor1	chr6	157979318	157979473	LTR/ERVL-MaLR	998	-	78	157979396	41264
chr6	157938132	158138132	harbor1	chr6	158025009	158025354	LTR/ERVL-MaLR	1324	-	172	158025181	87049
chr6	157938132	158138132	harbor1	chr6	158037093	158037393	LTR/ERVL-MaLR	1353	-	150	158037243	99111
chr6	157938132	158138132	harbor1	chr6	158037701	158037815	LTR/ERVL-MaLR	1353	-	57	158037758	99626
chr7	44439898	44639898	harbor1	chr7	44478877	44479233	LTR/ERVL-MaLR	2541	-	178	44479055	39157
chr7	44439898	44639898	harbor1	chr7	44497442	44497809	LTR/ERVL-MaLR	1093	-	184	44497626	57728
chr7	44439898	44639898	harbor1	chr7	44497811	44498241	LTR/ERVL-MaLR	1710	-	215	44498026	58128
chr7	44439898	44639898	harbor1	chr7	44498371	44498626	LTR/ERVL-MaLR	1169	-	128	44498499	58601
chr7	44439898	44639898	harbor1	chr7	44506946	44507300	LTR/ERVL-MaLR	2353	-	177	44507123	67225
chr7	44439898	44639898	harbor1	chr7	44498629	44499026	LTR/ERVL-MaLR	1966	-	198	44498827	58929
chr7	72825086	73025086	harbor1	chr7	72882120	72882327	LTR/ERVL-MaLR	1065	-	104	72882224	57138
chr7	72825086	73025086	harbor1	chr7	72904701	72905059	LTR/ERVL-MaLR	2018	-	179	72904880	79794
chr7	72825086	73025086	harbor1	chr7	72917563	72917677	LTR/ERVL-MaLR	1068	-	57	72917620	92534
chr7	72825086	73025086	harbor1	chr7	72918688	72918784	LTR/ERVL-MaLR	1068	-	48	72918736	93650
chr7	50203887	50403887	harbor1	chr7	50236757	50236906	LTR/ERVL-MaLR	535	-	74	50236831	32944
chr7	1801811	2001811	harbor1	chr7	1854399	1854689	LTR/ERVL-MaLR	913	-	145	1854544	52733
chr7	1801811	2001811	harbor1	chr7	1854807	1855859	LTR/ERVL-MaLR	598	-	526	1855333	53522
chr7	28080184	28280184	harbor1	chr7	28095231	28095609	LTR/ERVL-MaLR	2230	-	189	28095420	15236
chr7	28080184	28280184	harbor1	chr7	28095753	28096093	LTR/ERVL-MaLR	1023	-	170	28095923	15739
chr7	28080184	28280184	harbor1	chr7	28127625	28128021	LTR/ERVL-MaLR	2870	-	198	28127823	47639
chr7	148600313	148800313	harbor1	chr7	148616228	148616611	LTR/ERVL-MaLR	1999	-	192	148616420	16107
chr7	148600313	148800313	harbor1	chr7	148616612	148616916	LTR/ERVL-MaLR	1806	-	152	148616764	16451
chr7	148600313	148800313	harbor1	chr7	148618173	148618542	LTR/ERVL-MaLR	2591	-	184	148618357	18044
chr7	148600313	148800313	harbor1	chr7	148639097	148639453	LTR/ERVL-MaLR	2893	-	178	148639275	38962
chr7	148600313	148800313	harbor1	chr7	148639794	148640188	LTR/ERVL-MaLR	2269	-	197	148639991	39678
chr7	148600313	148800313	harbor1	chr7	148656492	148656723	LTR/ERVL-MaLR	606	-	116	148656608	56295
chr7	148600313	148800313	harbor1	chr7	148671715	148671936	LTR/ERVL-MaLR	1358	-	110	148671825	71512
chr7	148600313	148800313	harbor1	chr7	148672301	148672566	LTR/ERVL-MaLR	950	-	132	148672433	72120
chr7	26995062	27195062	harbor1	chr7	27034600	27034957	LTR/ERVL-MaLR	2051	-	178	27034778	39716
chr7	88119108	88319108	harbor1	chr7	88121393	88121865	LTR/ERVL-MaLR	1970	-	236	88121629	2521
chr7	88119108	88319108	harbor1	chr7	88121934	88122468	LTR/ERVL-MaLR	1928	-	267	88122201	3093
chr7	88119108	88319108	harbor1	chr7	88122473	88122949	LTR/ERVL-MaLR	2218	-	238	88122711	3603
chr7	88119108	88319108	harbor1	chr7	88139881	88140271	LTR/ERVL-MaLR	1944	-	195	88140076	20968
chr7	1758857	1958857	harbor1	chr7	1767129	1767536	LTR/ERVL-MaLR	1480	-	204	1767333	8476
chr7	1758857	1958857	harbor1	chr7	1854399	1854689	LTR/ERVL-MaLR	913	-	145	1854544	95687
chr7	1758857	1958857	harbor1	chr7	1854807	1855859	LTR/ERVL-MaLR	598	-	526	1855333	96476
chr7	50615319	50815319	harbor1	chr7	50651176	50651630	LTR/ERVL-MaLR	2209	-	227	50651403	36084
chr7	50615319	50815319	harbor1	chr7	50669193	50669558	LTR/ERVL-MaLR	1890	-	182	50669375	54056
chr7	25270019	25470019	harbor1	chr7	25275447	25275917	LTR/ERVL-MaLR	2679	-	235	25275682	5663
chr7	25270019	25470019	harbor1	chr7	25367550	25367878	LTR/ERVL-MaLR	923	-	164	25367714	97695
chr7	25270019	25470019	harbor1	chr7	25362182	25362473	LTR/ERVL-MaLR	877	-	146	25362328	92309
chr7	28080267	28280267	harbor1	chr7	28095231	28095609	LTR/ERVL-MaLR	2230	-	189	28095420	15153
chr7	28080267	28280267	harbor1	chr7	28095753	28096093	LTR/ERVL-MaLR	1023	-	170	28095923	15656
chr7	28080267	28280267	harbor1	chr7	28127625	28128021	LTR/ERVL-MaLR	2870	-	198	28127823	47556
chr7	148598238	148798238	harbor1	chr7	148616228	148616611	LTR/ERVL-MaLR	1999	-	192	148616420	18182
chr7	148598238	148798238	harbor1	chr7	148616612	148616916	LTR/ERVL-MaLR	1806	-	152	148616764	18526
chr7	148598238	148798238	harbor1	chr7	148618173	148618542	LTR/ERVL-MaLR	2591	-	184	148618357	20119
chr7	148598238	148798238	harbor1	chr7	148639097	148639453	LTR/ERVL-MaLR	2893	-	178	148639275	41037
chr7	148598238	148798238	harbor1	chr7	148639794	148640188	LTR/ERVL-MaLR	2269	-	197	148639991	41753
chr7	148598238	148798238	harbor1	chr7	148656492	148656723	LTR/ERVL-MaLR	606	-	116	148656608	58370
chr7	148598238	148798238	harbor1	chr7	148671715	148671936	LTR/ERVL-MaLR	1358	-	110	148671825	73587
chr7	148598238	148798238	harbor1	chr7	148672301	148672566	LTR/ERVL-MaLR	950	-	132	148672433	74195
chr7	47228345	47428345	harbor1	chr7	47235607	47235683	LTR/ERVL-MaLR	1286	-	38	47235645	7300
chr7	47228345	47428345	harbor1	chr7	47268787	47269138	LTR/ERVL-MaLR	2007	-	176	47268963	40618
chr7	47228345	47428345	harbor1	chr7	47269139	47269905	LTR/ERVL-MaLR	4059	-	383	47269522	41177
chr7	47228345	47428345	harbor1	chr7	47269934	47270603	LTR/ERVL-MaLR	3625	-	334	47270268	41923
chr7	47228345	47428345	harbor1	chr7	47270604	47270953	LTR/ERVL-MaLR	1819	-	174	47270778	42433
chr7	47228345	47428345	harbor1	chr7	47319120	47319547	LTR/ERVL-MaLR	742	-	214	47319334	90989
chr7	47228345	47428345	harbor1	chr7	47320419	47320805	LTR/ERVL-MaLR	1760	-	193	47320612	92267
chr7	47228345	47428345	harbor1	chr7	47234838	47235161	LTR/ERVL-MaLR	1286	-	162	47235000	6655
chr7	28080180	28280180	harbor1	chr7	28095231	28095609	LTR/ERVL-MaLR	2230	-	189	28095420	15240
chr7	28080180	28280180	harbor1	chr7	28095753	28096093	LTR/ERVL-MaLR	1023	-	170	28095923	15743
chr7	28080180	28280180	harbor1	chr7	28127625	28128021	LTR/ERVL-MaLR	2870	-	198	28127823	47643
chr7	73470903	73670903	harbor1	chr7	73530831	73531155	LTR/ERVL-MaLR	1975	-	162	73530993	60090
chr7	73470903	73670903	harbor1	chr7	73531456	73531524	LTR/ERVL-MaLR	1975	-	34	73531490	60587
chr7	73470903	73670903	harbor1	chr7	73564073	73564130	LTR/ERVL-MaLR	691	-	28	73564101	93198
chr7	73470903	73670903	harbor1	chr7	73564442	73564633	LTR/ERVL-MaLR	698	-	96	73564538	93635
chr7	5468045	5668045	harbor1	chr7	5515562	5515707	LTR/ERVL-MaLR	531	-	72	5515634	47589
chr7	5468045	5668045	harbor1	chr7	5516202	5516363	LTR/ERVL-MaLR	471	-	80	5516282	48237
chr7	5468045	5668045	harbor1	chr7	5516668	5516711	LTR/ERVL-MaLR	471	-	22	5516690	48645
chr7	44506780	44706780	harbor1	chr7	44506946	44507300	LTR/ERVL-MaLR	2353	-	177	44507123	343
chr7	44506780	44706780	harbor1	chr7	44575059	44575203	LTR/ERVL-MaLR	466	-	72	44575131	68351
chr7	26995617	27195617	harbor1	chr7	27034600	27034957	LTR/ERVL-MaLR	2051	-	178	27034778	39161
chr7	50203852	50403852	harbor1	chr7	50236757	50236906	LTR/ERVL-MaLR	535	-	74	50236831	32979
chr7	1762067	1962067	harbor1	chr7	1767129	1767536	LTR/ERVL-MaLR	1480	-	204	1767333	5266
chr7	1762067	1962067	harbor1	chr7	1854399	1854689	LTR/ERVL-MaLR	913	-	145	1854544	92477
chr7	1762067	1962067	harbor1	chr7	1854807	1855859	LTR/ERVL-MaLR	598	-	526	1855333	93266
chr7	1798319	1998319	harbor1	chr7	1854399	1854689	LTR/ERVL-MaLR	913	-	145	1854544	56225
chr7	1798319	1998319	harbor1	chr7	1854807	1855859	LTR/ERVL-MaLR	598	-	526	1855333	57014
chr7	97770965	97970965	harbor1	chr7	97773086	97773666	LTR/ERVL-MaLR	2103	-	290	97773376	2411
chr7	97770965	97970965	harbor1	chr7	97796956	97797318	LTR/ERVL-MaLR	1912	-	181	97797137	26172
chr7	97770965	97970965	harbor1	chr7	97800997	97801364	LTR/ERVL-MaLR	2431	-	184	97801181	30216
chr7	97770965	97970965	harbor1	chr7	97843410	97843830	LTR/ERVL-MaLR	2447	-	210	97843620	72655
chr7	97770965	97970965	harbor1	chr7	97847711	97848245	LTR/ERVL-MaLR	1314	-	267	97847978	77013
chr7	853415	1053415	harbor1	chr7	860709	861026	LTR/ERVL-MaLR	1838	-	158	860867	7452
chr7	1801822	2001822	harbor1	chr7	1854399	1854689	LTR/ERVL-MaLR	913	-	145	1854544	52722
chr7	1801822	2001822	harbor1	chr7	1854807	1855859	LTR/ERVL-MaLR	598	-	526	1855333	53511
chr7	2562527	2762527	harbor1	chr7	2628242	2628599	LTR/ERVL-MaLR	1554	-	178	2628420	65893
chr7	2562527	2762527	harbor1	chr7	2629155	2629241	LTR/ERVL-MaLR	1554	-	43	2629198	66671
chr7	2562527	2762527	harbor1	chr7	2654581	2654772	LTR/ERVL-MaLR	592	-	96	2654677	92150
chr7	2562527	2762527	harbor1	chr7	2654955	2655114	LTR/ERVL-MaLR	670	-	80	2655035	92508
chr7	50203883	50403883	harbor1	chr7	50236757	50236906	LTR/ERVL-MaLR	535	-	74	50236831	32948
chr7	32307595	32507595	harbor1	chr7	32335407	32335704	LTR/ERVL-MaLR	2320	-	148	32335555	27960
chr7	32307595	32507595	harbor1	chr7	32335965	32336097	LTR/ERVL-MaLR	2320	-	66	32336031	28436
chr7	32307595	32507595	harbor1	chr7	32399329	32399581	LTR/ERVL-MaLR	1222	-	126	32399455	91860
chr7	32307595	32507595	harbor1	chr7	32399884	32400003	LTR/ERVL-MaLR	1222	-	60	32399944	92349
chr7	142715604	142915604	harbor1	chr7	142725649	142726002	LTR/ERVL-MaLR	2733	-	176	142725825	10221
chr7	142715604	142915604	harbor1	chr7	142726004	142727555	LTR/ERVL-MaLR	11353	-	776	142726780	11176
chr7	142715604	142915604	harbor1	chr7	142727558	142727905	LTR/ERVL-MaLR	2596	-	174	142727732	12128
chr7	142715604	142915604	harbor1	chr7	142803956	142804400	LTR/ERVL-MaLR	1474	-	222	142804178	88574
chr7	20678248	20878248	harbor1	chr7	20717216	20717430	LTR/ERVL-MaLR	1418	-	107	20717323	39075
chr7	20678248	20878248	harbor1	chr7	20717737	20717883	LTR/ERVL-MaLR	1418	-	73	20717810	39562
chr7	20678248	20878248	harbor1	chr7	20718209	20718293	LTR/ERVL-MaLR	1418	-	42	20718251	40003
chr7	20678248	20878248	harbor1	chr7	20761825	20762303	LTR/ERVL-MaLR	1762	-	239	20762064	83816
chr7	5469741	5669741	harbor1	chr7	5515562	5515707	LTR/ERVL-MaLR	531	-	72	5515634	45893
chr7	5469741	5669741	harbor1	chr7	5516202	5516363	LTR/ERVL-MaLR	471	-	80	5516282	46541
chr7	5469741	5669741	harbor1	chr7	5516668	5516711	LTR/ERVL-MaLR	471	-	22	5516690	46949
chr7	44506860	44706860	harbor1	chr7	44506946	44507300	LTR/ERVL-MaLR	2353	-	177	44507123	263
chr7	44506860	44706860	harbor1	chr7	44575059	44575203	LTR/ERVL-MaLR	466	-	72	44575131	68271
chr7	158138716	158338716	harbor1	chr7	158197561	158197934	LTR/ERVL-MaLR	2705	-	186	158197747	59031
chr7	158138716	158338716	harbor1	chr7	158221467	158221826	LTR/ERVL-MaLR	1983	-	180	158221647	82931
chr7	44439822	44639822	harbor1	chr7	44478877	44479233	LTR/ERVL-MaLR	2541	-	178	44479055	39233
chr7	44439822	44639822	harbor1	chr7	44497442	44497809	LTR/ERVL-MaLR	1093	-	184	44497626	57804
chr7	44439822	44639822	harbor1	chr7	44497811	44498241	LTR/ERVL-MaLR	1710	-	215	44498026	58204
chr7	44439822	44639822	harbor1	chr7	44498371	44498626	LTR/ERVL-MaLR	1169	-	128	44498499	58677
chr7	44439822	44639822	harbor1	chr7	44506946	44507300	LTR/ERVL-MaLR	2353	-	177	44507123	67301
chr7	44439822	44639822	harbor1	chr7	44498629	44499026	LTR/ERVL-MaLR	1966	-	198	44498827	59005
chr7	24657323	24857323	harbor1	chr7	24696213	24696518	LTR/ERVL-MaLR	1654	-	152	24696365	39042
chr7	24657323	24857323	harbor1	chr7	24696849	24697076	LTR/ERVL-MaLR	1654	-	114	24696963	39640
chr7	24657323	24857323	harbor1	chr7	24749982	24750334	LTR/ERVL-MaLR	919	-	176	24750158	92835
chr7	24657323	24857323	harbor1	chr7	24750618	24750666	LTR/ERVL-MaLR	919	-	24	24750642	93319
chr7	28080203	28280203	harbor1	chr7	28095231	28095609	LTR/ERVL-MaLR	2230	-	189	28095420	15217
chr7	28080203	28280203	harbor1	chr7	28095753	28096093	LTR/ERVL-MaLR	1023	-	170	28095923	15720
chr7	28080203	28280203	harbor1	chr7	28127625	28128021	LTR/ERVL-MaLR	2870	-	198	28127823	47620
chr7	14798299	14998299	harbor1	chr7	14823883	14824247	LTR/ERVL-MaLR	2578	-	182	14824065	25766
chr7	28080247	28280247	harbor1	chr7	28095231	28095609	LTR/ERVL-MaLR	2230	-	189	28095420	15173
chr7	28080247	28280247	harbor1	chr7	28095753	28096093	LTR/ERVL-MaLR	1023	-	170	28095923	15676
chr7	28080247	28280247	harbor1	chr7	28127625	28128021	LTR/ERVL-MaLR	2870	-	198	28127823	47576
chr7	149048098	149248098	harbor1	chr7	149086176	149086345	LTR/ERVL-MaLR	2030	-	84	149086260	38162
chr7	149048098	149248098	harbor1	chr7	149086659	149086844	LTR/ERVL-MaLR	2030	-	92	149086751	38653
chr7	149048098	149248098	harbor1	chr7	149087143	149087191	LTR/ERVL-MaLR	2030	-	24	149087167	39069
chr7	26995486	27195486	harbor1	chr7	27034600	27034957	LTR/ERVL-MaLR	2051	-	178	27034778	39292
chr7	44654661	44854661	harbor1	chr7	44671061	44671458	LTR/ERVL-MaLR	2216	-	198	44671259	16598
chr7	44654661	44854661	harbor1	chr7	44699666	44700066	LTR/ERVL-MaLR	2620	-	200	44699866	45205
chr7	100475318	100675318	harbor1	chr7	100509278	100509733	LTR/ERVL-MaLR	1445	-	228	100509506	34188
chr7	47228395	47428395	harbor1	chr7	47235607	47235683	LTR/ERVL-MaLR	1286	-	38	47235645	7250
chr7	47228395	47428395	harbor1	chr7	47268787	47269138	LTR/ERVL-MaLR	2007	-	176	47268963	40568
chr7	47228395	47428395	harbor1	chr7	47269139	47269905	LTR/ERVL-MaLR	4059	-	383	47269522	41127
chr7	47228395	47428395	harbor1	chr7	47269934	47270603	LTR/ERVL-MaLR	3625	-	334	47270268	41873
chr7	47228395	47428395	harbor1	chr7	47270604	47270953	LTR/ERVL-MaLR	1819	-	174	47270778	42383
chr7	47228395	47428395	harbor1	chr7	47319120	47319547	LTR/ERVL-MaLR	742	-	214	47319334	90939
chr7	47228395	47428395	harbor1	chr7	47320419	47320805	LTR/ERVL-MaLR	1760	-	193	47320612	92217
chr7	47228395	47428395	harbor1	chr7	47234838	47235161	LTR/ERVL-MaLR	1286	-	162	47235000	6605
chr7	90496291	90696291	harbor1	chr7	90533493	90533880	LTR/ERVL-MaLR	2595	-	194	90533687	37396
chr7	90496291	90696291	harbor1	chr7	90534109	90534410	LTR/ERVL-MaLR	818	-	150	90534259	37968
chr7	90496291	90696291	harbor1	chr7	90557272	90557732	LTR/ERVL-MaLR	1464	-	230	90557502	61211
chr7	139380111	139580111	harbor1	chr7	139403635	139403809	LTR/ERVL-MaLR	669	-	87	139403722	23611
chr7	139380111	139580111	harbor1	chr7	139439898	139440121	LTR/ERVL-MaLR	646	-	112	139440010	59899
chr7	139380111	139580111	harbor1	chr7	139440568	139440622	LTR/ERVL-MaLR	725	-	27	139440595	60484
chr7	139380111	139580111	harbor1	chr7	139440749	139440850	LTR/ERVL-MaLR	725	-	50	139440799	60688
chr7	139380111	139580111	harbor1	chr7	139446177	139446336	LTR/ERVL-MaLR	863	-	80	139446257	66146
chr7	139380111	139580111	harbor1	chr7	139446641	139446914	LTR/ERVL-MaLR	863	-	136	139446777	66666
chr7	73518943	73718943	harbor1	chr7	73530831	73531155	LTR/ERVL-MaLR	1975	-	162	73530993	12050
chr7	73518943	73718943	harbor1	chr7	73531456	73531524	LTR/ERVL-MaLR	1975	-	34	73531490	12547
chr7	73518943	73718943	harbor1	chr7	73564073	73564130	LTR/ERVL-MaLR	691	-	28	73564101	45158
chr7	73518943	73718943	harbor1	chr7	73564442	73564633	LTR/ERVL-MaLR	698	-	96	73564538	45595
chr7	25244355	25444355	harbor1	chr7	25254883	25255253	LTR/ERVL-MaLR	516	-	185	25255068	10713
chr7	25244355	25444355	harbor1	chr7	25275447	25275917	LTR/ERVL-MaLR	2679	-	235	25275682	31327
chr7	28080222	28280222	harbor1	chr7	28095231	28095609	LTR/ERVL-MaLR	2230	-	189	28095420	15198
chr7	28080222	28280222	harbor1	chr7	28095753	28096093	LTR/ERVL-MaLR	1023	-	170	28095923	15701
chr7	28080222	28280222	harbor1	chr7	28127625	28128021	LTR/ERVL-MaLR	2870	-	198	28127823	47601
chr7	92963	292963	harbor1	chr7	132112	132484	LTR/ERVL-MaLR	808	-	186	132298	39335
chr7	155708592	155908592	harbor1	chr7	155717166	155717526	LTR/ERVL-MaLR	1722	-	180	155717346	8754
chr7	155708592	155908592	harbor1	chr7	155728964	155729325	LTR/ERVL-MaLR	2233	-	180	155729144	20552
chr7	155708592	155908592	harbor1	chr7	155757662	155758088	LTR/ERVL-MaLR	2195	-	213	155757875	49283
chr7	44439887	44639887	harbor1	chr7	44478877	44479233	LTR/ERVL-MaLR	2541	-	178	44479055	39168
chr7	44439887	44639887	harbor1	chr7	44497442	44497809	LTR/ERVL-MaLR	1093	-	184	44497626	57739
chr7	44439887	44639887	harbor1	chr7	44497811	44498241	LTR/ERVL-MaLR	1710	-	215	44498026	58139
chr7	44439887	44639887	harbor1	chr7	44498371	44498626	LTR/ERVL-MaLR	1169	-	128	44498499	58612
chr7	44439887	44639887	harbor1	chr7	44506946	44507300	LTR/ERVL-MaLR	2353	-	177	44507123	67236
chr7	44439887	44639887	harbor1	chr7	44498629	44499026	LTR/ERVL-MaLR	1966	-	198	44498827	58940
chr7	1801827	2001827	harbor1	chr7	1854399	1854689	LTR/ERVL-MaLR	913	-	145	1854544	52717
chr7	1801827	2001827	harbor1	chr7	1854807	1855859	LTR/ERVL-MaLR	598	-	526	1855333	53506
chr7	858459	1058459	harbor1	chr7	860709	861026	LTR/ERVL-MaLR	1838	-	158	860867	2408
chr7	47228348	47428348	harbor1	chr7	47235607	47235683	LTR/ERVL-MaLR	1286	-	38	47235645	7297
chr7	47228348	47428348	harbor1	chr7	47268787	47269138	LTR/ERVL-MaLR	2007	-	176	47268963	40615
chr7	47228348	47428348	harbor1	chr7	47269139	47269905	LTR/ERVL-MaLR	4059	-	383	47269522	41174
chr7	47228348	47428348	harbor1	chr7	47269934	47270603	LTR/ERVL-MaLR	3625	-	334	47270268	41920
chr7	47228348	47428348	harbor1	chr7	47270604	47270953	LTR/ERVL-MaLR	1819	-	174	47270778	42430
chr7	47228348	47428348	harbor1	chr7	47319120	47319547	LTR/ERVL-MaLR	742	-	214	47319334	90986
chr7	47228348	47428348	harbor1	chr7	47320419	47320805	LTR/ERVL-MaLR	1760	-	193	47320612	92264
chr7	47228348	47428348	harbor1	chr7	47234838	47235161	LTR/ERVL-MaLR	1286	-	162	47235000	6652
chr7	47228354	47428354	harbor1	chr7	47235607	47235683	LTR/ERVL-MaLR	1286	-	38	47235645	7291
chr7	47228354	47428354	harbor1	chr7	47268787	47269138	LTR/ERVL-MaLR	2007	-	176	47268963	40609
chr7	47228354	47428354	harbor1	chr7	47269139	47269905	LTR/ERVL-MaLR	4059	-	383	47269522	41168
chr7	47228354	47428354	harbor1	chr7	47269934	47270603	LTR/ERVL-MaLR	3625	-	334	47270268	41914
chr7	47228354	47428354	harbor1	chr7	47270604	47270953	LTR/ERVL-MaLR	1819	-	174	47270778	42424
chr7	47228354	47428354	harbor1	chr7	47319120	47319547	LTR/ERVL-MaLR	742	-	214	47319334	90980
chr7	47228354	47428354	harbor1	chr7	47320419	47320805	LTR/ERVL-MaLR	1760	-	193	47320612	92258
chr7	47228354	47428354	harbor1	chr7	47234838	47235161	LTR/ERVL-MaLR	1286	-	162	47235000	6646
chr7	25269481	25469481	harbor1	chr7	25275447	25275917	LTR/ERVL-MaLR	2679	-	235	25275682	6201
chr7	25269481	25469481	harbor1	chr7	25367550	25367878	LTR/ERVL-MaLR	923	-	164	25367714	98233
chr7	25269481	25469481	harbor1	chr7	25362182	25362473	LTR/ERVL-MaLR	877	-	146	25362328	92847
chr7	50615284	50815284	harbor1	chr7	50651176	50651630	LTR/ERVL-MaLR	2209	-	227	50651403	36119
chr7	50615284	50815284	harbor1	chr7	50669193	50669558	LTR/ERVL-MaLR	1890	-	182	50669375	54091
chr7	44506775	44706775	harbor1	chr7	44506946	44507300	LTR/ERVL-MaLR	2353	-	177	44507123	348
chr7	44506775	44706775	harbor1	chr7	44575059	44575203	LTR/ERVL-MaLR	466	-	72	44575131	68356
chr7	28080189	28280189	harbor1	chr7	28095231	28095609	LTR/ERVL-MaLR	2230	-	189	28095420	15231
chr7	28080189	28280189	harbor1	chr7	28095753	28096093	LTR/ERVL-MaLR	1023	-	170	28095923	15734
chr7	28080189	28280189	harbor1	chr7	28127625	28128021	LTR/ERVL-MaLR	2870	-	198	28127823	47634
chr7	127154041	127354041	harbor1	chr7	127158436	127158789	LTR/ERVL-MaLR	1838	-	176	127158612	4571
chr7	127154041	127354041	harbor1	chr7	127163088	127163243	LTR/ERVL-MaLR	1000	-	78	127163166	9125
chr7	127154041	127354041	harbor1	chr7	127189934	127190303	LTR/ERVL-MaLR	788	-	184	127190118	36077
chr7	127154041	127354041	harbor1	chr7	127200475	127200896	LTR/ERVL-MaLR	1419	-	210	127200685	46644
chr7	127154041	127354041	harbor1	chr7	127214440	127214799	LTR/ERVL-MaLR	1975	-	180	127214620	60579
chr7	127154041	127354041	harbor1	chr7	127236316	127236689	LTR/ERVL-MaLR	2363	-	186	127236502	82461
chr7	26995599	27195599	harbor1	chr7	27034600	27034957	LTR/ERVL-MaLR	2051	-	178	27034778	39179
chr7	1801933	2001933	harbor1	chr7	1854399	1854689	LTR/ERVL-MaLR	913	-	145	1854544	52611
chr7	1801933	2001933	harbor1	chr7	1854807	1855859	LTR/ERVL-MaLR	598	-	526	1855333	53400
chr7	104889111	105089111	harbor1	chr7	104891254	104891588	LTR/ERVL-MaLR	919	-	167	104891421	2310
chr7	104889111	105089111	harbor1	chr7	104895844	104896218	LTR/ERVL-MaLR	1937	-	187	104896031	6920
chr7	104889111	105089111	harbor1	chr7	104913516	104913733	LTR/ERVL-MaLR	2312	-	108	104913624	24513
chr7	104889111	105089111	harbor1	chr7	104914043	104914208	LTR/ERVL-MaLR	2312	-	82	104914125	25014
chr7	104889111	105089111	harbor1	chr7	104921635	104921956	LTR/ERVL-MaLR	1817	-	160	104921795	32684
chr7	104889111	105089111	harbor1	chr7	104922264	104922504	LTR/ERVL-MaLR	1817	-	120	104922384	33273
chr7	104889111	105089111	harbor1	chr7	104928713	104929087	LTR/ERVL-MaLR	1579	-	187	104928900	39789
chr7	104889111	105089111	harbor1	chr7	104950104	104950341	LTR/ERVL-MaLR	1892	-	118	104950222	61111
chr7	104889111	105089111	harbor1	chr7	104950599	104950701	LTR/ERVL-MaLR	1892	-	51	104950650	61539
chr7	104889111	105089111	harbor1	chr7	104952108	104952472	LTR/ERVL-MaLR	1699	-	182	104952290	63179
chr7	104889111	105089111	harbor1	chr7	104977644	104977847	LTR/ERVL-MaLR	1005	-	102	104977746	88635
chr7	6060378	6260378	harbor1	chr7	6071627	6071916	LTR/ERVL-MaLR	2615	-	144	6071771	11393
chr7	6060378	6260378	harbor1	chr7	6072218	6072291	LTR/ERVL-MaLR	2615	-	36	6072254	11876
chr7	6060378	6260378	harbor1	chr7	6072592	6072693	LTR/ERVL-MaLR	2615	-	50	6072642	12264
chr7	123576545	123776545	harbor1	chr7	123620095	123620357	LTR/ERVL-MaLR	588	-	131	123620226	43681
chr7	102333429	102533429	harbor1	chr7	102366645	102366852	LTR/ERVL-MaLR	1097	-	104	102366749	33320
chr7	155282486	155482486	harbor1	chr7	155289669	155290019	LTR/ERVL-MaLR	1787	-	175	155289844	7358
chr7	155282486	155482486	harbor1	chr7	155290743	155291086	LTR/ERVL-MaLR	962	-	172	155290915	8429
chr7	155282486	155482486	harbor1	chr7	155326192	155326521	LTR/ERVL-MaLR	888	-	164	155326356	43870
chr7	155282486	155482486	harbor1	chr7	155341648	155341967	LTR/ERVL-MaLR	1500	-	160	155341808	59322
chr7	155282486	155482486	harbor1	chr7	155341960	155342213	LTR/ERVL-MaLR	1093	-	126	155342086	59600
chr7	155282486	155482486	harbor1	chr7	155359778	155360205	LTR/ERVL-MaLR	1305	-	214	155359992	77506
chr7	31971286	32171286	harbor1	chr7	31980599	31981076	LTR/ERVL-MaLR	2448	-	238	31980837	9551
chr7	31971286	32171286	harbor1	chr7	31986048	31986468	LTR/ERVL-MaLR	1667	-	210	31986258	14972
chr7	31971286	32171286	harbor1	chr7	32010581	32010987	LTR/ERVL-MaLR	1850	-	203	32010784	39498
chr7	31971286	32171286	harbor1	chr7	32012102	32012527	LTR/ERVL-MaLR	2292	-	212	32012314	41028
chr7	44696529	44896529	harbor1	chr7	44699666	44700066	LTR/ERVL-MaLR	2620	-	200	44699866	3337
chr7	47520643	47720643	harbor1	chr7	47522993	47523355	LTR/ERVL-MaLR	1820	-	181	47523174	2531
chr7	44439928	44639928	harbor1	chr7	44478877	44479233	LTR/ERVL-MaLR	2541	-	178	44479055	39127
chr7	44439928	44639928	harbor1	chr7	44497442	44497809	LTR/ERVL-MaLR	1093	-	184	44497626	57698
chr7	44439928	44639928	harbor1	chr7	44497811	44498241	LTR/ERVL-MaLR	1710	-	215	44498026	58098
chr7	44439928	44639928	harbor1	chr7	44498371	44498626	LTR/ERVL-MaLR	1169	-	128	44498499	58571
chr7	44439928	44639928	harbor1	chr7	44506946	44507300	LTR/ERVL-MaLR	2353	-	177	44507123	67195
chr7	44439928	44639928	harbor1	chr7	44498629	44499026	LTR/ERVL-MaLR	1966	-	198	44498827	58899
chr7	20551436	20751436	harbor1	chr7	20572725	20573106	LTR/ERVL-MaLR	1399	-	190	20572915	21479
chr7	20551436	20751436	harbor1	chr7	20595980	20596306	LTR/ERVL-MaLR	1276	-	163	20596143	44707
chr7	20551436	20751436	harbor1	chr7	20596497	20596691	LTR/ERVL-MaLR	1276	-	97	20596594	45158
chr7	20551436	20751436	harbor1	chr7	20600408	20600725	LTR/ERVL-MaLR	755	-	158	20600566	49130
chr7	20551436	20751436	harbor1	chr7	20612185	20612555	LTR/ERVL-MaLR	2029	-	185	20612370	60934
chr7	90142065	90342065	harbor1	chr7	90150309	90150816	LTR/ERVL-MaLR	730	-	254	90150563	8498
chr7	90142065	90342065	harbor1	chr7	90157122	90157674	LTR/ERVL-MaLR	573	-	276	90157398	15333
chr7	90142065	90342065	harbor1	chr7	90182370	90182499	LTR/ERVL-MaLR	480	-	64	90182434	40369
chr7	90142065	90342065	harbor1	chr7	90182533	90182693	LTR/ERVL-MaLR	609	-	80	90182613	40548
chr7	41380663	41580663	harbor1	chr7	41434706	41435023	LTR/ERVL-MaLR	1671	-	158	41434864	54201
chr7	41380663	41580663	harbor1	chr7	41435609	41435670	LTR/ERVL-MaLR	1671	-	30	41435639	54976
chr7	41380663	41580663	harbor1	chr7	41443371	41443749	LTR/ERVL-MaLR	486	-	189	41443560	62897
chr7	155304444	155504444	harbor1	chr7	155326192	155326521	LTR/ERVL-MaLR	888	-	164	155326356	21912
chr7	155304444	155504444	harbor1	chr7	155341648	155341967	LTR/ERVL-MaLR	1500	-	160	155341808	37364
chr7	155304444	155504444	harbor1	chr7	155341960	155342213	LTR/ERVL-MaLR	1093	-	126	155342086	37642
chr7	155304444	155504444	harbor1	chr7	155359778	155360205	LTR/ERVL-MaLR	1305	-	214	155359992	55548
chr7	155304444	155504444	harbor1	chr7	155402504	155402883	LTR/ERVL-MaLR	1637	-	190	155402694	98250
chr7	37817008	38017008	harbor1	chr7	37864673	37865040	LTR/ERVL-MaLR	2282	-	184	37864857	47849
chr7	37817008	38017008	harbor1	chr7	37865041	37865359	LTR/ERVL-MaLR	2399	-	159	37865200	48192
chr7	37817008	38017008	harbor1	chr7	37887650	37888016	LTR/ERVL-MaLR	2057	-	183	37887833	70825
chr7	21261819	21461819	harbor1	chr7	21261615	21262004	LTR/ERVL-MaLR	915	-	194	21261809	10
chr7	21261819	21461819	harbor1	chr7	21265715	21265889	LTR/ERVL-MaLR	465	-	87	21265802	3983
chr7	21261819	21461819	harbor1	chr7	21266604	21266975	LTR/ERVL-MaLR	1300	-	186	21266790	4971
chr7	21261819	21461819	harbor1	chr7	21268507	21268587	LTR/ERVL-MaLR	539	-	40	21268547	6728
chr7	21261819	21461819	harbor1	chr7	21269071	21269395	LTR/ERVL-MaLR	1266	-	162	21269233	7414
chr7	21261819	21461819	harbor1	chr7	21293750	21294144	LTR/ERVL-MaLR	1735	-	197	21293947	32128
chr7	21261819	21461819	harbor1	chr7	21294336	21294708	LTR/ERVL-MaLR	1466	-	186	21294522	32703
chr7	21261819	21461819	harbor1	chr7	21307419	21307558	LTR/ERVL-MaLR	564	-	70	21307489	45670
chr7	21261819	21461819	harbor1	chr7	21307904	21308242	LTR/ERVL-MaLR	1222	-	169	21308073	46254
chr7	21261819	21461819	harbor1	chr7	21354367	21354824	LTR/ERVL-MaLR	1232	-	228	21354595	92776
chr7	1763585	1963585	harbor1	chr7	1767129	1767536	LTR/ERVL-MaLR	1480	-	204	1767333	3748
chr7	1763585	1963585	harbor1	chr7	1854399	1854689	LTR/ERVL-MaLR	913	-	145	1854544	90959
chr7	1763585	1963585	harbor1	chr7	1854807	1855859	LTR/ERVL-MaLR	598	-	526	1855333	91748
chr7	90496236	90696236	harbor1	chr7	90533493	90533880	LTR/ERVL-MaLR	2595	-	194	90533687	37451
chr7	90496236	90696236	harbor1	chr7	90534109	90534410	LTR/ERVL-MaLR	818	-	150	90534259	38023
chr7	90496236	90696236	harbor1	chr7	90557272	90557732	LTR/ERVL-MaLR	1464	-	230	90557502	61266
chr7	50204685	50404685	harbor1	chr7	50236757	50236906	LTR/ERVL-MaLR	535	-	74	50236831	32146
chr7	150858477	151058477	harbor1	chr7	150866791	150867362	LTR/ERVL-MaLR	2546	-	286	150867077	8600
chr7	150858477	151058477	harbor1	chr7	150870235	150870481	LTR/ERVL-MaLR	1175	-	123	150870358	11881
chr7	150858477	151058477	harbor1	chr7	150875919	150876286	LTR/ERVL-MaLR	1983	-	184	150876103	17626
chr7	150858477	151058477	harbor1	chr7	150898872	150899119	LTR/ERVL-MaLR	471	-	124	150898996	40519
chr7	150858477	151058477	harbor1	chr7	150932034	150932280	LTR/ERVL-MaLR	968	-	123	150932157	73680
chr7	157236661	157436661	harbor1	chr7	157301645	157302050	LTR/ERVL-MaLR	1450	-	202	157301847	65186
chr7	90496254	90696254	harbor1	chr7	90533493	90533880	LTR/ERVL-MaLR	2595	-	194	90533687	37433
chr7	90496254	90696254	harbor1	chr7	90534109	90534410	LTR/ERVL-MaLR	818	-	150	90534259	38005
chr7	90496254	90696254	harbor1	chr7	90557272	90557732	LTR/ERVL-MaLR	1464	-	230	90557502	61248
chr7	47228189	47428189	harbor1	chr7	47235607	47235683	LTR/ERVL-MaLR	1286	-	38	47235645	7456
chr7	47228189	47428189	harbor1	chr7	47268787	47269138	LTR/ERVL-MaLR	2007	-	176	47268963	40774
chr7	47228189	47428189	harbor1	chr7	47269139	47269905	LTR/ERVL-MaLR	4059	-	383	47269522	41333
chr7	47228189	47428189	harbor1	chr7	47269934	47270603	LTR/ERVL-MaLR	3625	-	334	47270268	42079
chr7	47228189	47428189	harbor1	chr7	47270604	47270953	LTR/ERVL-MaLR	1819	-	174	47270778	42589
chr7	47228189	47428189	harbor1	chr7	47319120	47319547	LTR/ERVL-MaLR	742	-	214	47319334	91145
chr7	47228189	47428189	harbor1	chr7	47320419	47320805	LTR/ERVL-MaLR	1760	-	193	47320612	92423
chr7	47228189	47428189	harbor1	chr7	47234838	47235161	LTR/ERVL-MaLR	1286	-	162	47235000	6811
chr7	26994913	27194913	harbor1	chr7	27034600	27034957	LTR/ERVL-MaLR	2051	-	178	27034778	39865
chr7	45871804	46071804	harbor1	chr7	45877407	45877772	LTR/ERVL-MaLR	1962	-	182	45877589	5785
chr7	45871804	46071804	harbor1	chr7	45877773	45879372	LTR/ERVL-MaLR	10912	-	800	45878573	6769
chr7	45871804	46071804	harbor1	chr7	45879373	45879730	LTR/ERVL-MaLR	1851	-	178	45879551	7747
chr7	45871804	46071804	harbor1	chr7	45957840	45958337	LTR/ERVL-MaLR	1989	-	248	45958088	86284
chr7	50203893	50403893	harbor1	chr7	50236757	50236906	LTR/ERVL-MaLR	535	-	74	50236831	32938
chr7	28080187	28280187	harbor1	chr7	28095231	28095609	LTR/ERVL-MaLR	2230	-	189	28095420	15233
chr7	28080187	28280187	harbor1	chr7	28095753	28096093	LTR/ERVL-MaLR	1023	-	170	28095923	15736
chr7	28080187	28280187	harbor1	chr7	28127625	28128021	LTR/ERVL-MaLR	2870	-	198	28127823	47636
chr7	5469736	5669736	harbor1	chr7	5515562	5515707	LTR/ERVL-MaLR	531	-	72	5515634	45898
chr7	5469736	5669736	harbor1	chr7	5516202	5516363	LTR/ERVL-MaLR	471	-	80	5516282	46546
chr7	5469736	5669736	harbor1	chr7	5516668	5516711	LTR/ERVL-MaLR	471	-	22	5516690	46954
chr7	50203935	50403935	harbor1	chr7	50236757	50236906	LTR/ERVL-MaLR	535	-	74	50236831	32896
chr7	1312770	1512770	harbor1	chr7	1343911	1343981	LTR/ERVL-MaLR	1839	-	35	1343946	31176
chr7	1312770	1512770	harbor1	chr7	1344298	1344591	LTR/ERVL-MaLR	1839	-	146	1344444	31674
chr7	1312770	1512770	harbor1	chr7	1366016	1366267	LTR/ERVL-MaLR	765	-	126	1366142	53372
chr7	1312770	1512770	harbor1	chr7	1372709	1373112	LTR/ERVL-MaLR	735	-	202	1372911	60141
chr7	1312770	1512770	harbor1	chr7	1373840	1374062	LTR/ERVL-MaLR	1122	-	111	1373951	61181
chr7	1312770	1512770	harbor1	chr7	1374176	1374186	LTR/ERVL-MaLR	1122	-	5	1374181	61411
chr7	1312770	1512770	harbor1	chr7	1374486	1374686	LTR/ERVL-MaLR	1122	-	100	1374586	61816
chr7	1312770	1512770	harbor1	chr7	1377373	1377773	LTR/ERVL-MaLR	1058	-	200	1377573	64803
chr7	1312770	1512770	harbor1	chr7	1391601	1392066	LTR/ERVL-MaLR	1361	-	232	1391833	79063
chr7	1312770	1512770	harbor1	chr7	1394351	1394530	LTR/ERVL-MaLR	518	-	90	1394441	81671
chr7	1312770	1512770	harbor1	chr7	1394572	1394969	LTR/ERVL-MaLR	707	-	198	1394770	82000
chr7	1312770	1512770	harbor1	chr7	1401606	1401623	LTR/ERVL-MaLR	564	-	8	1401614	88844
chr7	1312770	1512770	harbor1	chr7	1401923	1402023	LTR/ERVL-MaLR	564	-	50	1401973	89203
chr7	1312770	1512770	harbor1	chr7	1409585	1409971	LTR/ERVL-MaLR	1324	-	193	1409778	97008
chr7	44439932	44639932	harbor1	chr7	44478877	44479233	LTR/ERVL-MaLR	2541	-	178	44479055	39123
chr7	44439932	44639932	harbor1	chr7	44497442	44497809	LTR/ERVL-MaLR	1093	-	184	44497626	57694
chr7	44439932	44639932	harbor1	chr7	44497811	44498241	LTR/ERVL-MaLR	1710	-	215	44498026	58094
chr7	44439932	44639932	harbor1	chr7	44498371	44498626	LTR/ERVL-MaLR	1169	-	128	44498499	58567
chr7	44439932	44639932	harbor1	chr7	44506946	44507300	LTR/ERVL-MaLR	2353	-	177	44507123	67191
chr7	44439932	44639932	harbor1	chr7	44498629	44499026	LTR/ERVL-MaLR	1966	-	198	44498827	58895
chr7	127283483	127483483	harbor1	chr7	127314948	127315092	LTR/ERVL-MaLR	932	-	72	127315020	31537
chr7	127283483	127483483	harbor1	chr7	127335907	127336043	LTR/ERVL-MaLR	1317	-	68	127335975	52492
chr7	127283483	127483483	harbor1	chr7	127336301	127336691	LTR/ERVL-MaLR	1317	-	195	127336496	53013
chr7	25465106	25665106	harbor1	chr7	25481702	25481847	LTR/ERVL-MaLR	553	-	72	25481774	16668
chr7	25465106	25665106	harbor1	chr7	25521448	25521596	LTR/ERVL-MaLR	504	-	74	25521522	56416
chr7	25465106	25665106	harbor1	chr7	25530116	25530527	LTR/ERVL-MaLR	2585	-	206	25530322	65216
chr7	25465106	25665106	harbor1	chr7	25530912	25531511	LTR/ERVL-MaLR	1196	-	300	25531212	66106
chr7	25465106	25665106	harbor1	chr7	25532444	25532617	LTR/ERVL-MaLR	682	-	86	25532530	67424
chr7	25465106	25665106	harbor1	chr7	25533002	25533315	LTR/ERVL-MaLR	1303	-	156	25533158	68052
chr7	25465106	25665106	harbor1	chr7	25533316	25533658	LTR/ERVL-MaLR	1674	-	171	25533487	68381
chr7	25465106	25665106	harbor1	chr7	25533659	25533850	LTR/ERVL-MaLR	1303	-	96	25533755	68649
chr7	25465106	25665106	harbor1	chr7	25537108	25537543	LTR/ERVL-MaLR	1670	-	218	25537326	72220
chr7	93685527	93885527	harbor1	chr7	93768949	93769299	LTR/ERVL-MaLR	2507	-	175	93769124	83597
chr7	93685527	93885527	harbor1	chr7	93784430	93784915	LTR/ERVL-MaLR	1859	-	242	93784672	99145
chr7	152754707	152954707	harbor1	chr7	152755729	152755907	LTR/ERVL-MaLR	998	-	89	152755818	1111
chr7	152754707	152954707	harbor1	chr7	152765788	152765971	LTR/ERVL-MaLR	925	-	92	152765880	11173
chr7	152754707	152954707	harbor1	chr7	152784581	152784954	LTR/ERVL-MaLR	1323	-	186	152784767	30060
chr7	152754707	152954707	harbor1	chr7	152806420	152806844	LTR/ERVL-MaLR	615	-	212	152806632	51925
chr7	152754707	152954707	harbor1	chr7	152812821	152813249	LTR/ERVL-MaLR	1021	-	214	152813035	58328
chr8	23408871	23608871	harbor1	chr8	23411855	23412175	LTR/ERVL-MaLR	1668	-	160	23412015	3144
chr8	23408871	23608871	harbor1	chr8	23419509	23419592	LTR/ERVL-MaLR	410	-	42	23419551	10680
chr8	23408871	23608871	harbor1	chr8	23431144	23431322	LTR/ERVL-MaLR	795	-	89	23431233	22362
chr8	23408871	23608871	harbor1	chr8	23459471	23459925	LTR/ERVL-MaLR	1875	-	227	23459698	50827
chr8	23408871	23608871	harbor1	chr8	23467093	23467153	LTR/ERVL-MaLR	464	-	30	23467123	58252
chr8	23408871	23608871	harbor1	chr8	23470865	23471329	LTR/ERVL-MaLR	1477	-	232	23471097	62226
chr8	23409382	23609382	harbor1	chr8	23411855	23412175	LTR/ERVL-MaLR	1668	-	160	23412015	2633
chr8	23409382	23609382	harbor1	chr8	23419509	23419592	LTR/ERVL-MaLR	410	-	42	23419551	10169
chr8	23409382	23609382	harbor1	chr8	23431144	23431322	LTR/ERVL-MaLR	795	-	89	23431233	21851
chr8	23409382	23609382	harbor1	chr8	23459471	23459925	LTR/ERVL-MaLR	1875	-	227	23459698	50316
chr8	23409382	23609382	harbor1	chr8	23467093	23467153	LTR/ERVL-MaLR	464	-	30	23467123	57741
chr8	23409382	23609382	harbor1	chr8	23470865	23471329	LTR/ERVL-MaLR	1477	-	232	23471097	61715
chr8	23428927	23628927	harbor1	chr8	23431144	23431322	LTR/ERVL-MaLR	795	-	89	23431233	2306
chr8	23428927	23628927	harbor1	chr8	23459471	23459925	LTR/ERVL-MaLR	1875	-	227	23459698	30771
chr8	23428927	23628927	harbor1	chr8	23467093	23467153	LTR/ERVL-MaLR	464	-	30	23467123	38196
chr8	23428927	23628927	harbor1	chr8	23470865	23471329	LTR/ERVL-MaLR	1477	-	232	23471097	42170
chr8	124271348	124471348	harbor1	chr8	124281151	124281551	LTR/ERVL-MaLR	2187	-	200	124281351	10003
chr8	124271348	124471348	harbor1	chr8	124283723	124284189	LTR/ERVL-MaLR	982	-	233	124283956	12608
chr8	124271348	124471348	harbor1	chr8	124284190	124284712	LTR/ERVL-MaLR	3155	-	261	124284451	13103
chr8	124271348	124471348	harbor1	chr8	124285086	124285375	LTR/ERVL-MaLR	3155	-	144	124285230	13882
chr8	124271348	124471348	harbor1	chr8	124285695	124286213	LTR/ERVL-MaLR	3155	-	259	124285954	14606
chr8	124271348	124471348	harbor1	chr8	124286216	124286444	LTR/ERVL-MaLR	677	-	114	124286330	14982
chr8	124271348	124471348	harbor1	chr8	124286487	124286699	LTR/ERVL-MaLR	677	-	106	124286593	15245
chr8	124271348	124471348	harbor1	chr8	124345663	124345730	LTR/ERVL-MaLR	1940	-	34	124345697	74349
chr8	124271348	124471348	harbor1	chr8	124346045	124346352	LTR/ERVL-MaLR	1940	-	154	124346199	74851
chr8	23428510	23628510	harbor1	chr8	23431144	23431322	LTR/ERVL-MaLR	795	-	89	23431233	2723
chr8	23428510	23628510	harbor1	chr8	23459471	23459925	LTR/ERVL-MaLR	1875	-	227	23459698	31188
chr8	23428510	23628510	harbor1	chr8	23467093	23467153	LTR/ERVL-MaLR	464	-	30	23467123	38613
chr8	23428510	23628510	harbor1	chr8	23470865	23471329	LTR/ERVL-MaLR	1477	-	232	23471097	42587
chr8	23428925	23628925	harbor1	chr8	23431144	23431322	LTR/ERVL-MaLR	795	-	89	23431233	2308
chr8	23428925	23628925	harbor1	chr8	23459471	23459925	LTR/ERVL-MaLR	1875	-	227	23459698	30773
chr8	23428925	23628925	harbor1	chr8	23467093	23467153	LTR/ERVL-MaLR	464	-	30	23467123	38198
chr8	23428925	23628925	harbor1	chr8	23470865	23471329	LTR/ERVL-MaLR	1477	-	232	23471097	42172
chr8	23428297	23628297	harbor1	chr8	23431144	23431322	LTR/ERVL-MaLR	795	-	89	23431233	2936
chr8	23428297	23628297	harbor1	chr8	23459471	23459925	LTR/ERVL-MaLR	1875	-	227	23459698	31401
chr8	23428297	23628297	harbor1	chr8	23467093	23467153	LTR/ERVL-MaLR	464	-	30	23467123	38826
chr8	23428297	23628297	harbor1	chr8	23470865	23471329	LTR/ERVL-MaLR	1477	-	232	23471097	42800
chr8	142524992	142724992	harbor1	chr8	142605408	142605781	LTR/ERVL-MaLR	2003	-	186	142605594	80602
chr8	142524992	142724992	harbor1	chr8	142605791	142605897	LTR/ERVL-MaLR	516	-	53	142605844	80852
chr8	23408903	23608903	harbor1	chr8	23411855	23412175	LTR/ERVL-MaLR	1668	-	160	23412015	3112
chr8	23408903	23608903	harbor1	chr8	23419509	23419592	LTR/ERVL-MaLR	410	-	42	23419551	10648
chr8	23408903	23608903	harbor1	chr8	23431144	23431322	LTR/ERVL-MaLR	795	-	89	23431233	22330
chr8	23408903	23608903	harbor1	chr8	23459471	23459925	LTR/ERVL-MaLR	1875	-	227	23459698	50795
chr8	23408903	23608903	harbor1	chr8	23467093	23467153	LTR/ERVL-MaLR	464	-	30	23467123	58220
chr8	23408903	23608903	harbor1	chr8	23470865	23471329	LTR/ERVL-MaLR	1477	-	232	23471097	62194
chr8	23379720	23579720	harbor1	chr8	23390816	23390930	LTR/ERVL-MaLR	1981	-	57	23390873	11153
chr8	23379720	23579720	harbor1	chr8	23390968	23391197	LTR/ERVL-MaLR	1981	-	114	23391082	11362
chr8	23379720	23579720	harbor1	chr8	23400199	23400544	LTR/ERVL-MaLR	2405	-	172	23400371	20651
chr8	23379720	23579720	harbor1	chr8	23411855	23412175	LTR/ERVL-MaLR	1668	-	160	23412015	32295
chr8	23379720	23579720	harbor1	chr8	23419509	23419592	LTR/ERVL-MaLR	410	-	42	23419551	39831
chr8	23379720	23579720	harbor1	chr8	23431144	23431322	LTR/ERVL-MaLR	795	-	89	23431233	51513
chr8	23379720	23579720	harbor1	chr8	23459471	23459925	LTR/ERVL-MaLR	1875	-	227	23459698	79978
chr8	23379720	23579720	harbor1	chr8	23467093	23467153	LTR/ERVL-MaLR	464	-	30	23467123	87403
chr8	23379720	23579720	harbor1	chr8	23470865	23471329	LTR/ERVL-MaLR	1477	-	232	23471097	91377
chr8	23428962	23628962	harbor1	chr8	23431144	23431322	LTR/ERVL-MaLR	795	-	89	23431233	2271
chr8	23428962	23628962	harbor1	chr8	23459471	23459925	LTR/ERVL-MaLR	1875	-	227	23459698	30736
chr8	23428962	23628962	harbor1	chr8	23467093	23467153	LTR/ERVL-MaLR	464	-	30	23467123	38161
chr8	23428962	23628962	harbor1	chr8	23470865	23471329	LTR/ERVL-MaLR	1477	-	232	23471097	42135
chr8	23428983	23628983	harbor1	chr8	23431144	23431322	LTR/ERVL-MaLR	795	-	89	23431233	2250
chr8	23428983	23628983	harbor1	chr8	23459471	23459925	LTR/ERVL-MaLR	1875	-	227	23459698	30715
chr8	23428983	23628983	harbor1	chr8	23467093	23467153	LTR/ERVL-MaLR	464	-	30	23467123	38140
chr8	23428983	23628983	harbor1	chr8	23470865	23471329	LTR/ERVL-MaLR	1477	-	232	23471097	42114
chr8	17983945	18183945	harbor1	chr8	18042958	18043309	LTR/ERVL-MaLR	2328	-	176	18043134	59189
chr8	17983945	18183945	harbor1	chr8	18044075	18044544	LTR/ERVL-MaLR	1769	-	234	18044309	60364
chr8	17983945	18183945	harbor1	chr8	18053855	18054183	LTR/ERVL-MaLR	1645	-	164	18054019	70074
chr8	23428928	23628928	harbor1	chr8	23431144	23431322	LTR/ERVL-MaLR	795	-	89	23431233	2305
chr8	23428928	23628928	harbor1	chr8	23459471	23459925	LTR/ERVL-MaLR	1875	-	227	23459698	30770
chr8	23428928	23628928	harbor1	chr8	23467093	23467153	LTR/ERVL-MaLR	464	-	30	23467123	38195
chr8	23428928	23628928	harbor1	chr8	23470865	23471329	LTR/ERVL-MaLR	1477	-	232	23471097	42169
chr8	23371923	23571923	harbor1	chr8	23390816	23390930	LTR/ERVL-MaLR	1981	-	57	23390873	18950
chr8	23371923	23571923	harbor1	chr8	23390968	23391197	LTR/ERVL-MaLR	1981	-	114	23391082	19159
chr8	23371923	23571923	harbor1	chr8	23400199	23400544	LTR/ERVL-MaLR	2405	-	172	23400371	28448
chr8	23371923	23571923	harbor1	chr8	23411855	23412175	LTR/ERVL-MaLR	1668	-	160	23412015	40092
chr8	23371923	23571923	harbor1	chr8	23419509	23419592	LTR/ERVL-MaLR	410	-	42	23419551	47628
chr8	23371923	23571923	harbor1	chr8	23431144	23431322	LTR/ERVL-MaLR	795	-	89	23431233	59310
chr8	23371923	23571923	harbor1	chr8	23459471	23459925	LTR/ERVL-MaLR	1875	-	227	23459698	87775
chr8	23371923	23571923	harbor1	chr8	23467093	23467153	LTR/ERVL-MaLR	464	-	30	23467123	95200
chr8	23371923	23571923	harbor1	chr8	23470865	23471329	LTR/ERVL-MaLR	1477	-	232	23471097	99174
chr8	23428391	23628391	harbor1	chr8	23431144	23431322	LTR/ERVL-MaLR	795	-	89	23431233	2842
chr8	23428391	23628391	harbor1	chr8	23459471	23459925	LTR/ERVL-MaLR	1875	-	227	23459698	31307
chr8	23428391	23628391	harbor1	chr8	23467093	23467153	LTR/ERVL-MaLR	464	-	30	23467123	38732
chr8	23428391	23628391	harbor1	chr8	23470865	23471329	LTR/ERVL-MaLR	1477	-	232	23471097	42706
chr8	23428850	23628850	harbor1	chr8	23431144	23431322	LTR/ERVL-MaLR	795	-	89	23431233	2383
chr8	23428850	23628850	harbor1	chr8	23459471	23459925	LTR/ERVL-MaLR	1875	-	227	23459698	30848
chr8	23428850	23628850	harbor1	chr8	23467093	23467153	LTR/ERVL-MaLR	464	-	30	23467123	38273
chr8	23428850	23628850	harbor1	chr8	23470865	23471329	LTR/ERVL-MaLR	1477	-	232	23471097	42247
chr8	23371938	23571938	harbor1	chr8	23390816	23390930	LTR/ERVL-MaLR	1981	-	57	23390873	18935
chr8	23371938	23571938	harbor1	chr8	23390968	23391197	LTR/ERVL-MaLR	1981	-	114	23391082	19144
chr8	23371938	23571938	harbor1	chr8	23400199	23400544	LTR/ERVL-MaLR	2405	-	172	23400371	28433
chr8	23371938	23571938	harbor1	chr8	23411855	23412175	LTR/ERVL-MaLR	1668	-	160	23412015	40077
chr8	23371938	23571938	harbor1	chr8	23419509	23419592	LTR/ERVL-MaLR	410	-	42	23419551	47613
chr8	23371938	23571938	harbor1	chr8	23431144	23431322	LTR/ERVL-MaLR	795	-	89	23431233	59295
chr8	23371938	23571938	harbor1	chr8	23459471	23459925	LTR/ERVL-MaLR	1875	-	227	23459698	87760
chr8	23371938	23571938	harbor1	chr8	23467093	23467153	LTR/ERVL-MaLR	464	-	30	23467123	95185
chr8	23371938	23571938	harbor1	chr8	23470865	23471329	LTR/ERVL-MaLR	1477	-	232	23471097	99159
chr8	23428493	23628493	harbor1	chr8	23431144	23431322	LTR/ERVL-MaLR	795	-	89	23431233	2740
chr8	23428493	23628493	harbor1	chr8	23459471	23459925	LTR/ERVL-MaLR	1875	-	227	23459698	31205
chr8	23428493	23628493	harbor1	chr8	23467093	23467153	LTR/ERVL-MaLR	464	-	30	23467123	38630
chr8	23428493	23628493	harbor1	chr8	23470865	23471329	LTR/ERVL-MaLR	1477	-	232	23471097	42604
chr8	23428942	23628942	harbor1	chr8	23431144	23431322	LTR/ERVL-MaLR	795	-	89	23431233	2291
chr8	23428942	23628942	harbor1	chr8	23459471	23459925	LTR/ERVL-MaLR	1875	-	227	23459698	30756
chr8	23428942	23628942	harbor1	chr8	23467093	23467153	LTR/ERVL-MaLR	464	-	30	23467123	38181
chr8	23428942	23628942	harbor1	chr8	23470865	23471329	LTR/ERVL-MaLR	1477	-	232	23471097	42155
chr8	23428811	23628811	harbor1	chr8	23431144	23431322	LTR/ERVL-MaLR	795	-	89	23431233	2422
chr8	23428811	23628811	harbor1	chr8	23459471	23459925	LTR/ERVL-MaLR	1875	-	227	23459698	30887
chr8	23428811	23628811	harbor1	chr8	23467093	23467153	LTR/ERVL-MaLR	464	-	30	23467123	38312
chr8	23428811	23628811	harbor1	chr8	23470865	23471329	LTR/ERVL-MaLR	1477	-	232	23471097	42286
chr8	22449326	22649326	harbor1	chr8	22467727	22468066	LTR/ERVL-MaLR	1625	-	170	22467897	18571
chr8	22449326	22649326	harbor1	chr8	22494137	22494480	LTR/ERVL-MaLR	2396	-	172	22494309	44983
chr8	22449326	22649326	harbor1	chr8	22501286	22501728	LTR/ERVL-MaLR	1553	-	221	22501507	52181
chr8	22449326	22649326	harbor1	chr8	22502041	22502223	LTR/ERVL-MaLR	1553	-	91	22502132	52806
chr8	23409313	23609313	harbor1	chr8	23411855	23412175	LTR/ERVL-MaLR	1668	-	160	23412015	2702
chr8	23409313	23609313	harbor1	chr8	23419509	23419592	LTR/ERVL-MaLR	410	-	42	23419551	10238
chr8	23409313	23609313	harbor1	chr8	23431144	23431322	LTR/ERVL-MaLR	795	-	89	23431233	21920
chr8	23409313	23609313	harbor1	chr8	23459471	23459925	LTR/ERVL-MaLR	1875	-	227	23459698	50385
chr8	23409313	23609313	harbor1	chr8	23467093	23467153	LTR/ERVL-MaLR	464	-	30	23467123	57810
chr8	23409313	23609313	harbor1	chr8	23470865	23471329	LTR/ERVL-MaLR	1477	-	232	23471097	61784
chr8	9314880	9514880	harbor1	chr8	9328502	9328905	LTR/ERVL-MaLR	2309	-	202	9328704	13824
chr8	9314880	9514880	harbor1	chr8	9378829	9379265	LTR/ERVL-MaLR	2310	-	218	9379047	64167
chr8	9314880	9514880	harbor1	chr8	9386177	9386387	LTR/ERVL-MaLR	1052	-	105	9386282	71402
chr8	9314880	9514880	harbor1	chr8	9400999	9401375	LTR/ERVL-MaLR	1281	-	188	9401187	86307
chr8	23398381	23598381	harbor1	chr8	23400199	23400544	LTR/ERVL-MaLR	2405	-	172	23400371	1990
chr8	23398381	23598381	harbor1	chr8	23411855	23412175	LTR/ERVL-MaLR	1668	-	160	23412015	13634
chr8	23398381	23598381	harbor1	chr8	23419509	23419592	LTR/ERVL-MaLR	410	-	42	23419551	21170
chr8	23398381	23598381	harbor1	chr8	23431144	23431322	LTR/ERVL-MaLR	795	-	89	23431233	32852
chr8	23398381	23598381	harbor1	chr8	23459471	23459925	LTR/ERVL-MaLR	1875	-	227	23459698	61317
chr8	23398381	23598381	harbor1	chr8	23467093	23467153	LTR/ERVL-MaLR	464	-	30	23467123	68742
chr8	23398381	23598381	harbor1	chr8	23470865	23471329	LTR/ERVL-MaLR	1477	-	232	23471097	72716
chr8	23382036	23582036	harbor1	chr8	23390816	23390930	LTR/ERVL-MaLR	1981	-	57	23390873	8837
chr8	23382036	23582036	harbor1	chr8	23390968	23391197	LTR/ERVL-MaLR	1981	-	114	23391082	9046
chr8	23382036	23582036	harbor1	chr8	23400199	23400544	LTR/ERVL-MaLR	2405	-	172	23400371	18335
chr8	23382036	23582036	harbor1	chr8	23411855	23412175	LTR/ERVL-MaLR	1668	-	160	23412015	29979
chr8	23382036	23582036	harbor1	chr8	23419509	23419592	LTR/ERVL-MaLR	410	-	42	23419551	37515
chr8	23382036	23582036	harbor1	chr8	23431144	23431322	LTR/ERVL-MaLR	795	-	89	23431233	49197
chr8	23382036	23582036	harbor1	chr8	23459471	23459925	LTR/ERVL-MaLR	1875	-	227	23459698	77662
chr8	23382036	23582036	harbor1	chr8	23467093	23467153	LTR/ERVL-MaLR	464	-	30	23467123	85087
chr8	23382036	23582036	harbor1	chr8	23470865	23471329	LTR/ERVL-MaLR	1477	-	232	23471097	89061
chr8	23409011	23609011	harbor1	chr8	23411855	23412175	LTR/ERVL-MaLR	1668	-	160	23412015	3004
chr8	23409011	23609011	harbor1	chr8	23419509	23419592	LTR/ERVL-MaLR	410	-	42	23419551	10540
chr8	23409011	23609011	harbor1	chr8	23431144	23431322	LTR/ERVL-MaLR	795	-	89	23431233	22222
chr8	23409011	23609011	harbor1	chr8	23459471	23459925	LTR/ERVL-MaLR	1875	-	227	23459698	50687
chr8	23409011	23609011	harbor1	chr8	23467093	23467153	LTR/ERVL-MaLR	464	-	30	23467123	58112
chr8	23409011	23609011	harbor1	chr8	23470865	23471329	LTR/ERVL-MaLR	1477	-	232	23471097	62086
chr8	23428813	23628813	harbor1	chr8	23431144	23431322	LTR/ERVL-MaLR	795	-	89	23431233	2420
chr8	23428813	23628813	harbor1	chr8	23459471	23459925	LTR/ERVL-MaLR	1875	-	227	23459698	30885
chr8	23428813	23628813	harbor1	chr8	23467093	23467153	LTR/ERVL-MaLR	464	-	30	23467123	38310
chr8	23428813	23628813	harbor1	chr8	23470865	23471329	LTR/ERVL-MaLR	1477	-	232	23471097	42284
chr8	21958007	22158007	harbor1	chr8	22032511	22032898	LTR/ERVL-MaLR	1563	-	194	22032705	74698
chr8	23380145	23580145	harbor1	chr8	23390816	23390930	LTR/ERVL-MaLR	1981	-	57	23390873	10728
chr8	23380145	23580145	harbor1	chr8	23390968	23391197	LTR/ERVL-MaLR	1981	-	114	23391082	10937
chr8	23380145	23580145	harbor1	chr8	23400199	23400544	LTR/ERVL-MaLR	2405	-	172	23400371	20226
chr8	23380145	23580145	harbor1	chr8	23411855	23412175	LTR/ERVL-MaLR	1668	-	160	23412015	31870
chr8	23380145	23580145	harbor1	chr8	23419509	23419592	LTR/ERVL-MaLR	410	-	42	23419551	39406
chr8	23380145	23580145	harbor1	chr8	23431144	23431322	LTR/ERVL-MaLR	795	-	89	23431233	51088
chr8	23380145	23580145	harbor1	chr8	23459471	23459925	LTR/ERVL-MaLR	1875	-	227	23459698	79553
chr8	23380145	23580145	harbor1	chr8	23467093	23467153	LTR/ERVL-MaLR	464	-	30	23467123	86978
chr8	23380145	23580145	harbor1	chr8	23470865	23471329	LTR/ERVL-MaLR	1477	-	232	23471097	90952
chr8	23043892	23243892	harbor1	chr8	23091507	23091668	LTR/ERVL-MaLR	836	-	80	23091587	47695
chr8	23043892	23243892	harbor1	chr8	23098335	23098748	LTR/ERVL-MaLR	2422	-	206	23098541	54649
chr8	23407361	23607361	harbor1	chr8	23411855	23412175	LTR/ERVL-MaLR	1668	-	160	23412015	4654
chr8	23407361	23607361	harbor1	chr8	23419509	23419592	LTR/ERVL-MaLR	410	-	42	23419551	12190
chr8	23407361	23607361	harbor1	chr8	23431144	23431322	LTR/ERVL-MaLR	795	-	89	23431233	23872
chr8	23407361	23607361	harbor1	chr8	23459471	23459925	LTR/ERVL-MaLR	1875	-	227	23459698	52337
chr8	23407361	23607361	harbor1	chr8	23467093	23467153	LTR/ERVL-MaLR	464	-	30	23467123	59762
chr8	23407361	23607361	harbor1	chr8	23470865	23471329	LTR/ERVL-MaLR	1477	-	232	23471097	63736
chr8	109366219	109566219	harbor1	chr8	109402250	109402705	LTR/ERVL-MaLR	460	-	228	109402478	36259
chr8	109366219	109566219	harbor1	chr8	109410263	109410678	LTR/ERVL-MaLR	2700	-	208	109410471	44252
chr8	109366219	109566219	harbor1	chr8	109460696	109461067	LTR/ERVL-MaLR	809	-	186	109460882	94663
chr8	23428529	23628529	harbor1	chr8	23431144	23431322	LTR/ERVL-MaLR	795	-	89	23431233	2704
chr8	23428529	23628529	harbor1	chr8	23459471	23459925	LTR/ERVL-MaLR	1875	-	227	23459698	31169
chr8	23428529	23628529	harbor1	chr8	23467093	23467153	LTR/ERVL-MaLR	464	-	30	23467123	38594
chr8	23428529	23628529	harbor1	chr8	23470865	23471329	LTR/ERVL-MaLR	1477	-	232	23471097	42568
chr8	23428549	23628549	harbor1	chr8	23431144	23431322	LTR/ERVL-MaLR	795	-	89	23431233	2684
chr8	23428549	23628549	harbor1	chr8	23459471	23459925	LTR/ERVL-MaLR	1875	-	227	23459698	31149
chr8	23428549	23628549	harbor1	chr8	23467093	23467153	LTR/ERVL-MaLR	464	-	30	23467123	38574
chr8	23428549	23628549	harbor1	chr8	23470865	23471329	LTR/ERVL-MaLR	1477	-	232	23471097	42548
chr8	23428888	23628888	harbor1	chr8	23431144	23431322	LTR/ERVL-MaLR	795	-	89	23431233	2345
chr8	23428888	23628888	harbor1	chr8	23459471	23459925	LTR/ERVL-MaLR	1875	-	227	23459698	30810
chr8	23428888	23628888	harbor1	chr8	23467093	23467153	LTR/ERVL-MaLR	464	-	30	23467123	38235
chr8	23428888	23628888	harbor1	chr8	23470865	23471329	LTR/ERVL-MaLR	1477	-	232	23471097	42209
chr8	23428866	23628866	harbor1	chr8	23431144	23431322	LTR/ERVL-MaLR	795	-	89	23431233	2367
chr8	23428866	23628866	harbor1	chr8	23459471	23459925	LTR/ERVL-MaLR	1875	-	227	23459698	30832
chr8	23428866	23628866	harbor1	chr8	23467093	23467153	LTR/ERVL-MaLR	464	-	30	23467123	38257
chr8	23428866	23628866	harbor1	chr8	23470865	23471329	LTR/ERVL-MaLR	1477	-	232	23471097	42231
chr8	23393384	23593384	harbor1	chr8	23400199	23400544	LTR/ERVL-MaLR	2405	-	172	23400371	6987
chr8	23393384	23593384	harbor1	chr8	23411855	23412175	LTR/ERVL-MaLR	1668	-	160	23412015	18631
chr8	23393384	23593384	harbor1	chr8	23419509	23419592	LTR/ERVL-MaLR	410	-	42	23419551	26167
chr8	23393384	23593384	harbor1	chr8	23431144	23431322	LTR/ERVL-MaLR	795	-	89	23431233	37849
chr8	23393384	23593384	harbor1	chr8	23459471	23459925	LTR/ERVL-MaLR	1875	-	227	23459698	66314
chr8	23393384	23593384	harbor1	chr8	23467093	23467153	LTR/ERVL-MaLR	464	-	30	23467123	73739
chr8	23393384	23593384	harbor1	chr8	23470865	23471329	LTR/ERVL-MaLR	1477	-	232	23471097	77713
chr8	23408040	23608040	harbor1	chr8	23411855	23412175	LTR/ERVL-MaLR	1668	-	160	23412015	3975
chr8	23408040	23608040	harbor1	chr8	23419509	23419592	LTR/ERVL-MaLR	410	-	42	23419551	11511
chr8	23408040	23608040	harbor1	chr8	23431144	23431322	LTR/ERVL-MaLR	795	-	89	23431233	23193
chr8	23408040	23608040	harbor1	chr8	23459471	23459925	LTR/ERVL-MaLR	1875	-	227	23459698	51658
chr8	23408040	23608040	harbor1	chr8	23467093	23467153	LTR/ERVL-MaLR	464	-	30	23467123	59083
chr8	23408040	23608040	harbor1	chr8	23470865	23471329	LTR/ERVL-MaLR	1477	-	232	23471097	63057
chr8	23428871	23628871	harbor1	chr8	23431144	23431322	LTR/ERVL-MaLR	795	-	89	23431233	2362
chr8	23428871	23628871	harbor1	chr8	23459471	23459925	LTR/ERVL-MaLR	1875	-	227	23459698	30827
chr8	23428871	23628871	harbor1	chr8	23467093	23467153	LTR/ERVL-MaLR	464	-	30	23467123	38252
chr8	23428871	23628871	harbor1	chr8	23470865	23471329	LTR/ERVL-MaLR	1477	-	232	23471097	42226
chr8	23428530	23628530	harbor1	chr8	23431144	23431322	LTR/ERVL-MaLR	795	-	89	23431233	2703
chr8	23428530	23628530	harbor1	chr8	23459471	23459925	LTR/ERVL-MaLR	1875	-	227	23459698	31168
chr8	23428530	23628530	harbor1	chr8	23467093	23467153	LTR/ERVL-MaLR	464	-	30	23467123	38593
chr8	23428530	23628530	harbor1	chr8	23470865	23471329	LTR/ERVL-MaLR	1477	-	232	23471097	42567
chr8	29983333	30183333	harbor1	chr8	30005102	30005463	LTR/ERVL-MaLR	2085	-	180	30005282	21949
chr8	29983333	30183333	harbor1	chr8	30016563	30016915	LTR/ERVL-MaLR	2373	-	176	30016739	33406
chr8	29983333	30183333	harbor1	chr8	30026064	30026536	LTR/ERVL-MaLR	2468	-	236	30026300	42967
chr8	29983333	30183333	harbor1	chr8	30041128	30041459	LTR/ERVL-MaLR	896	-	166	30041294	57961
chr8	29983333	30183333	harbor1	chr8	30041758	30041854	LTR/ERVL-MaLR	896	-	48	30041806	58473
chr8	29983333	30183333	harbor1	chr8	30042228	30042550	LTR/ERVL-MaLR	1135	-	161	30042389	59056
chr8	29983333	30183333	harbor1	chr8	30043909	30044195	LTR/ERVL-MaLR	1045	-	143	30044052	60719
chr8	29983333	30183333	harbor1	chr8	30044195	30044327	LTR/ERVL-MaLR	501	-	66	30044261	60928
chr8	29983333	30183333	harbor1	chr8	30058177	30058466	LTR/ERVL-MaLR	1318	-	144	30058321	74988
chr8	29983333	30183333	harbor1	chr8	30059192	30059242	LTR/ERVL-MaLR	1318	-	25	30059217	75884
chr8	23428833	23628833	harbor1	chr8	23431144	23431322	LTR/ERVL-MaLR	795	-	89	23431233	2400
chr8	23428833	23628833	harbor1	chr8	23459471	23459925	LTR/ERVL-MaLR	1875	-	227	23459698	30865
chr8	23428833	23628833	harbor1	chr8	23467093	23467153	LTR/ERVL-MaLR	464	-	30	23467123	38290
chr8	23428833	23628833	harbor1	chr8	23470865	23471329	LTR/ERVL-MaLR	1477	-	232	23471097	42264
chr8	102556520	102756520	harbor1	chr8	102566979	102567147	LTR/ERVL-MaLR	678	-	84	102567063	10543
chr8	102556520	102756520	harbor1	chr8	102578633	102578981	LTR/ERVL-MaLR	465	-	174	102578807	22287
chr8	102556520	102756520	harbor1	chr8	102580035	102580098	LTR/ERVL-MaLR	1810	-	32	102580067	23547
chr8	102556520	102756520	harbor1	chr8	102580371	102580395	LTR/ERVL-MaLR	1810	-	12	102580383	23863
chr8	102556520	102756520	harbor1	chr8	102580689	102581014	LTR/ERVL-MaLR	1810	-	162	102580851	24331
chr8	102556520	102756520	harbor1	chr8	102597726	102598072	LTR/ERVL-MaLR	1898	-	173	102597899	41379
chr8	102556520	102756520	harbor1	chr8	102599511	102599979	LTR/ERVL-MaLR	937	-	234	102599745	43225
chr8	102556520	102756520	harbor1	chr8	102610194	102610647	LTR/ERVL-MaLR	826	-	226	102610420	53900
chr8	102556520	102756520	harbor1	chr8	102612083	102612293	LTR/ERVL-MaLR	1088	-	105	102612188	55668
chr8	102556520	102756520	harbor1	chr8	102612413	102612648	LTR/ERVL-MaLR	1311	-	118	102612531	56011
chr8	102556520	102756520	harbor1	chr8	102614931	102615068	LTR/ERVL-MaLR	660	-	68	102614999	58479
chr8	102556520	102756520	harbor1	chr8	102615394	102615698	LTR/ERVL-MaLR	660	-	152	102615546	59026
chr8	102556520	102756520	harbor1	chr8	102616878	102616929	LTR/ERVL-MaLR	573	-	26	102616904	60384
chr8	102556520	102756520	harbor1	chr8	102617115	102617243	LTR/ERVL-MaLR	587	-	64	102617179	60659
chr8	102556520	102756520	harbor1	chr8	102641428	102641962	LTR/ERVL-MaLR	2617	-	267	102641695	85175
chr8	23382024	23582024	harbor1	chr8	23390816	23390930	LTR/ERVL-MaLR	1981	-	57	23390873	8849
chr8	23382024	23582024	harbor1	chr8	23390968	23391197	LTR/ERVL-MaLR	1981	-	114	23391082	9058
chr8	23382024	23582024	harbor1	chr8	23400199	23400544	LTR/ERVL-MaLR	2405	-	172	23400371	18347
chr8	23382024	23582024	harbor1	chr8	23411855	23412175	LTR/ERVL-MaLR	1668	-	160	23412015	29991
chr8	23382024	23582024	harbor1	chr8	23419509	23419592	LTR/ERVL-MaLR	410	-	42	23419551	37527
chr8	23382024	23582024	harbor1	chr8	23431144	23431322	LTR/ERVL-MaLR	795	-	89	23431233	49209
chr8	23382024	23582024	harbor1	chr8	23459471	23459925	LTR/ERVL-MaLR	1875	-	227	23459698	77674
chr8	23382024	23582024	harbor1	chr8	23467093	23467153	LTR/ERVL-MaLR	464	-	30	23467123	85099
chr8	23382024	23582024	harbor1	chr8	23470865	23471329	LTR/ERVL-MaLR	1477	-	232	23471097	89073
chr8	23382929	23582929	harbor1	chr8	23390816	23390930	LTR/ERVL-MaLR	1981	-	57	23390873	7944
chr8	23382929	23582929	harbor1	chr8	23390968	23391197	LTR/ERVL-MaLR	1981	-	114	23391082	8153
chr8	23382929	23582929	harbor1	chr8	23400199	23400544	LTR/ERVL-MaLR	2405	-	172	23400371	17442
chr8	23382929	23582929	harbor1	chr8	23411855	23412175	LTR/ERVL-MaLR	1668	-	160	23412015	29086
chr8	23382929	23582929	harbor1	chr8	23419509	23419592	LTR/ERVL-MaLR	410	-	42	23419551	36622
chr8	23382929	23582929	harbor1	chr8	23431144	23431322	LTR/ERVL-MaLR	795	-	89	23431233	48304
chr8	23382929	23582929	harbor1	chr8	23459471	23459925	LTR/ERVL-MaLR	1875	-	227	23459698	76769
chr8	23382929	23582929	harbor1	chr8	23467093	23467153	LTR/ERVL-MaLR	464	-	30	23467123	84194
chr8	23382929	23582929	harbor1	chr8	23470865	23471329	LTR/ERVL-MaLR	1477	-	232	23471097	88168
chr8	38365256	38565256	harbor1	chr8	38402819	38403369	LTR/ERVL-MaLR	2129	-	275	38403094	37838
chr8	23428812	23628812	harbor1	chr8	23431144	23431322	LTR/ERVL-MaLR	795	-	89	23431233	2421
chr8	23428812	23628812	harbor1	chr8	23459471	23459925	LTR/ERVL-MaLR	1875	-	227	23459698	30886
chr8	23428812	23628812	harbor1	chr8	23467093	23467153	LTR/ERVL-MaLR	464	-	30	23467123	38311
chr8	23428812	23628812	harbor1	chr8	23470865	23471329	LTR/ERVL-MaLR	1477	-	232	23471097	42285
chr8	23335731	23535731	harbor1	chr8	23337931	23338293	LTR/ERVL-MaLR	2769	-	181	23338112	2381
chr8	23335731	23535731	harbor1	chr8	23390816	23390930	LTR/ERVL-MaLR	1981	-	57	23390873	55142
chr8	23335731	23535731	harbor1	chr8	23390968	23391197	LTR/ERVL-MaLR	1981	-	114	23391082	55351
chr8	23335731	23535731	harbor1	chr8	23400199	23400544	LTR/ERVL-MaLR	2405	-	172	23400371	64640
chr8	23335731	23535731	harbor1	chr8	23411855	23412175	LTR/ERVL-MaLR	1668	-	160	23412015	76284
chr8	23335731	23535731	harbor1	chr8	23419509	23419592	LTR/ERVL-MaLR	410	-	42	23419551	83820
chr8	23335731	23535731	harbor1	chr8	23431144	23431322	LTR/ERVL-MaLR	795	-	89	23431233	95502
chr8	23428407	23628407	harbor1	chr8	23431144	23431322	LTR/ERVL-MaLR	795	-	89	23431233	2826
chr8	23428407	23628407	harbor1	chr8	23459471	23459925	LTR/ERVL-MaLR	1875	-	227	23459698	31291
chr8	23428407	23628407	harbor1	chr8	23467093	23467153	LTR/ERVL-MaLR	464	-	30	23467123	38716
chr8	23428407	23628407	harbor1	chr8	23470865	23471329	LTR/ERVL-MaLR	1477	-	232	23471097	42690
chr8	89802506	90002506	harbor1	chr8	89852269	89852766	LTR/ERVL-MaLR	2596	-	248	89852517	50011
chr8	89802506	90002506	harbor1	chr8	89890941	89891310	LTR/ERVL-MaLR	966	-	184	89891125	88619
chr8	23428497	23628497	harbor1	chr8	23431144	23431322	LTR/ERVL-MaLR	795	-	89	23431233	2736
chr8	23428497	23628497	harbor1	chr8	23459471	23459925	LTR/ERVL-MaLR	1875	-	227	23459698	31201
chr8	23428497	23628497	harbor1	chr8	23467093	23467153	LTR/ERVL-MaLR	464	-	30	23467123	38626
chr8	23428497	23628497	harbor1	chr8	23470865	23471329	LTR/ERVL-MaLR	1477	-	232	23471097	42600
chr8	23419568	23619568	harbor1	chr8	23419509	23419592	LTR/ERVL-MaLR	410	-	42	23419551	17
chr8	23419568	23619568	harbor1	chr8	23431144	23431322	LTR/ERVL-MaLR	795	-	89	23431233	11665
chr8	23419568	23619568	harbor1	chr8	23459471	23459925	LTR/ERVL-MaLR	1875	-	227	23459698	40130
chr8	23419568	23619568	harbor1	chr8	23467093	23467153	LTR/ERVL-MaLR	464	-	30	23467123	47555
chr8	23419568	23619568	harbor1	chr8	23470865	23471329	LTR/ERVL-MaLR	1477	-	232	23471097	51529
chr8	27225680	27425680	harbor1	chr8	27229311	27229399	LTR/ERVL-MaLR	523	-	44	27229355	3675
chr8	27225680	27425680	harbor1	chr8	27291657	27292055	LTR/ERVL-MaLR	2402	-	199	27291856	66176
chr8	27225680	27425680	harbor1	chr8	27317049	27317302	LTR/ERVL-MaLR	1019	-	126	27317175	91495
chr8	27225680	27425680	harbor1	chr8	27321594	27321817	LTR/ERVL-MaLR	727	-	112	27321706	96026
chr8	23428434	23628434	harbor1	chr8	23431144	23431322	LTR/ERVL-MaLR	795	-	89	23431233	2799
chr8	23428434	23628434	harbor1	chr8	23459471	23459925	LTR/ERVL-MaLR	1875	-	227	23459698	31264
chr8	23428434	23628434	harbor1	chr8	23467093	23467153	LTR/ERVL-MaLR	464	-	30	23467123	38689
chr8	23428434	23628434	harbor1	chr8	23470865	23471329	LTR/ERVL-MaLR	1477	-	232	23471097	42663
chr8	23428557	23628557	harbor1	chr8	23431144	23431322	LTR/ERVL-MaLR	795	-	89	23431233	2676
chr8	23428557	23628557	harbor1	chr8	23459471	23459925	LTR/ERVL-MaLR	1875	-	227	23459698	31141
chr8	23428557	23628557	harbor1	chr8	23467093	23467153	LTR/ERVL-MaLR	464	-	30	23467123	38566
chr8	23428557	23628557	harbor1	chr8	23470865	23471329	LTR/ERVL-MaLR	1477	-	232	23471097	42540
chr8	23428919	23628919	harbor1	chr8	23431144	23431322	LTR/ERVL-MaLR	795	-	89	23431233	2314
chr8	23428919	23628919	harbor1	chr8	23459471	23459925	LTR/ERVL-MaLR	1875	-	227	23459698	30779
chr8	23428919	23628919	harbor1	chr8	23467093	23467153	LTR/ERVL-MaLR	464	-	30	23467123	38204
chr8	23428919	23628919	harbor1	chr8	23470865	23471329	LTR/ERVL-MaLR	1477	-	232	23471097	42178
chr8	90970524	91170524	harbor1	chr8	90999473	90999673	LTR/ERVL-MaLR	539	-	100	90999573	29049
chr8	90970524	91170524	harbor1	chr8	91036830	91037198	LTR/ERVL-MaLR	736	-	184	91037014	66490
chr8	90970524	91170524	harbor1	chr8	91043962	91044471	LTR/ERVL-MaLR	536	-	254	91044216	73692
chr8	90970524	91170524	harbor1	chr8	91044505	91045505	LTR/ERVL-MaLR	2698	-	500	91045005	74481
chr8	90970524	91170524	harbor1	chr8	91046084	91046360	LTR/ERVL-MaLR	984	-	138	91046222	75698
chr8	90970524	91170524	harbor1	chr8	91046449	91046920	LTR/ERVL-MaLR	597	-	236	91046685	76161
chr8	90970524	91170524	harbor1	chr8	91054020	91054434	LTR/ERVL-MaLR	2176	-	207	91054227	83703
chr8	90970524	91170524	harbor1	chr8	91054817	91054895	LTR/ERVL-MaLR	2176	-	39	91054856	84332
chr8	21958005	22158005	harbor1	chr8	22032511	22032898	LTR/ERVL-MaLR	1563	-	194	22032705	74700
chr8	23358013	23558013	harbor1	chr8	23390816	23390930	LTR/ERVL-MaLR	1981	-	57	23390873	32860
chr8	23358013	23558013	harbor1	chr8	23390968	23391197	LTR/ERVL-MaLR	1981	-	114	23391082	33069
chr8	23358013	23558013	harbor1	chr8	23400199	23400544	LTR/ERVL-MaLR	2405	-	172	23400371	42358
chr8	23358013	23558013	harbor1	chr8	23411855	23412175	LTR/ERVL-MaLR	1668	-	160	23412015	54002
chr8	23358013	23558013	harbor1	chr8	23419509	23419592	LTR/ERVL-MaLR	410	-	42	23419551	61538
chr8	23358013	23558013	harbor1	chr8	23431144	23431322	LTR/ERVL-MaLR	795	-	89	23431233	73220
chr8	23428835	23628835	harbor1	chr8	23431144	23431322	LTR/ERVL-MaLR	795	-	89	23431233	2398
chr8	23428835	23628835	harbor1	chr8	23459471	23459925	LTR/ERVL-MaLR	1875	-	227	23459698	30863
chr8	23428835	23628835	harbor1	chr8	23467093	23467153	LTR/ERVL-MaLR	464	-	30	23467123	38288
chr8	23428835	23628835	harbor1	chr8	23470865	23471329	LTR/ERVL-MaLR	1477	-	232	23471097	42262
chr8	23428480	23628480	harbor1	chr8	23431144	23431322	LTR/ERVL-MaLR	795	-	89	23431233	2753
chr8	23428480	23628480	harbor1	chr8	23459471	23459925	LTR/ERVL-MaLR	1875	-	227	23459698	31218
chr8	23428480	23628480	harbor1	chr8	23467093	23467153	LTR/ERVL-MaLR	464	-	30	23467123	38643
chr8	23428480	23628480	harbor1	chr8	23470865	23471329	LTR/ERVL-MaLR	1477	-	232	23471097	42617
chr8	2481328	2681328	harbor1	chr8	2489786	2489840	LTR/ERVL-MaLR	2194	-	27	2489813	8485
chr8	2481328	2681328	harbor1	chr8	2556203	2556485	LTR/ERVL-MaLR	1800	-	141	2556344	75016
chr8	2481328	2681328	harbor1	chr8	2557489	2557961	LTR/ERVL-MaLR	523	-	236	2557725	76397
chr8	2481328	2681328	harbor1	chr8	2576699	2577025	LTR/ERVL-MaLR	1098	-	163	2576862	95534
chr8	2481328	2681328	harbor1	chr8	2490159	2490481	LTR/ERVL-MaLR	2194	-	161	2490320	8992
chr8	23428515	23628515	harbor1	chr8	23431144	23431322	LTR/ERVL-MaLR	795	-	89	23431233	2718
chr8	23428515	23628515	harbor1	chr8	23459471	23459925	LTR/ERVL-MaLR	1875	-	227	23459698	31183
chr8	23428515	23628515	harbor1	chr8	23467093	23467153	LTR/ERVL-MaLR	464	-	30	23467123	38608
chr8	23428515	23628515	harbor1	chr8	23470865	23471329	LTR/ERVL-MaLR	1477	-	232	23471097	42582
chr8	23393484	23593484	harbor1	chr8	23400199	23400544	LTR/ERVL-MaLR	2405	-	172	23400371	6887
chr8	23393484	23593484	harbor1	chr8	23411855	23412175	LTR/ERVL-MaLR	1668	-	160	23412015	18531
chr8	23393484	23593484	harbor1	chr8	23419509	23419592	LTR/ERVL-MaLR	410	-	42	23419551	26067
chr8	23393484	23593484	harbor1	chr8	23431144	23431322	LTR/ERVL-MaLR	795	-	89	23431233	37749
chr8	23393484	23593484	harbor1	chr8	23459471	23459925	LTR/ERVL-MaLR	1875	-	227	23459698	66214
chr8	23393484	23593484	harbor1	chr8	23467093	23467153	LTR/ERVL-MaLR	464	-	30	23467123	73639
chr8	23393484	23593484	harbor1	chr8	23470865	23471329	LTR/ERVL-MaLR	1477	-	232	23471097	77613
chr8	23380424	23580424	harbor1	chr8	23390816	23390930	LTR/ERVL-MaLR	1981	-	57	23390873	10449
chr8	23380424	23580424	harbor1	chr8	23390968	23391197	LTR/ERVL-MaLR	1981	-	114	23391082	10658
chr8	23380424	23580424	harbor1	chr8	23400199	23400544	LTR/ERVL-MaLR	2405	-	172	23400371	19947
chr8	23380424	23580424	harbor1	chr8	23411855	23412175	LTR/ERVL-MaLR	1668	-	160	23412015	31591
chr8	23380424	23580424	harbor1	chr8	23419509	23419592	LTR/ERVL-MaLR	410	-	42	23419551	39127
chr8	23380424	23580424	harbor1	chr8	23431144	23431322	LTR/ERVL-MaLR	795	-	89	23431233	50809
chr8	23380424	23580424	harbor1	chr8	23459471	23459925	LTR/ERVL-MaLR	1875	-	227	23459698	79274
chr8	23380424	23580424	harbor1	chr8	23467093	23467153	LTR/ERVL-MaLR	464	-	30	23467123	86699
chr8	23380424	23580424	harbor1	chr8	23470865	23471329	LTR/ERVL-MaLR	1477	-	232	23471097	90673
chr8	23428487	23628487	harbor1	chr8	23431144	23431322	LTR/ERVL-MaLR	795	-	89	23431233	2746
chr8	23428487	23628487	harbor1	chr8	23459471	23459925	LTR/ERVL-MaLR	1875	-	227	23459698	31211
chr8	23428487	23628487	harbor1	chr8	23467093	23467153	LTR/ERVL-MaLR	464	-	30	23467123	38636
chr8	23428487	23628487	harbor1	chr8	23470865	23471329	LTR/ERVL-MaLR	1477	-	232	23471097	42610
chr8	23393608	23593608	harbor1	chr8	23400199	23400544	LTR/ERVL-MaLR	2405	-	172	23400371	6763
chr8	23393608	23593608	harbor1	chr8	23411855	23412175	LTR/ERVL-MaLR	1668	-	160	23412015	18407
chr8	23393608	23593608	harbor1	chr8	23419509	23419592	LTR/ERVL-MaLR	410	-	42	23419551	25943
chr8	23393608	23593608	harbor1	chr8	23431144	23431322	LTR/ERVL-MaLR	795	-	89	23431233	37625
chr8	23393608	23593608	harbor1	chr8	23459471	23459925	LTR/ERVL-MaLR	1875	-	227	23459698	66090
chr8	23393608	23593608	harbor1	chr8	23467093	23467153	LTR/ERVL-MaLR	464	-	30	23467123	73515
chr8	23393608	23593608	harbor1	chr8	23470865	23471329	LTR/ERVL-MaLR	1477	-	232	23471097	77489
chr8	23428433	23628433	harbor1	chr8	23431144	23431322	LTR/ERVL-MaLR	795	-	89	23431233	2800
chr8	23428433	23628433	harbor1	chr8	23459471	23459925	LTR/ERVL-MaLR	1875	-	227	23459698	31265
chr8	23428433	23628433	harbor1	chr8	23467093	23467153	LTR/ERVL-MaLR	464	-	30	23467123	38690
chr8	23428433	23628433	harbor1	chr8	23470865	23471329	LTR/ERVL-MaLR	1477	-	232	23471097	42664
chr8	41797946	41997946	harbor1	chr8	41803978	41804472	LTR/ERVL-MaLR	1998	-	247	41804225	6279
chr8	41797946	41997946	harbor1	chr8	41840432	41840787	LTR/ERVL-MaLR	1349	-	178	41840610	42664
chr8	41797946	41997946	harbor1	chr8	41847143	41847464	LTR/ERVL-MaLR	479	-	160	41847303	49357
chr8	12095160	12295160	harbor1	chr8	12100756	12101005	LTR/ERVL-MaLR	615	-	124	12100880	5720
chr8	12095160	12295160	harbor1	chr8	12147993	12148368	LTR/ERVL-MaLR	1591	-	188	12148181	53021
chr8	12095160	12295160	harbor1	chr8	12148369	12148571	LTR/ERVL-MaLR	1184	-	101	12148470	53310
chr8	12095160	12295160	harbor1	chr8	12163182	12163426	LTR/ERVL-MaLR	517	-	122	12163304	68144
chr8	29983365	30183365	harbor1	chr8	30005102	30005463	LTR/ERVL-MaLR	2085	-	180	30005282	21917
chr8	29983365	30183365	harbor1	chr8	30016563	30016915	LTR/ERVL-MaLR	2373	-	176	30016739	33374
chr8	29983365	30183365	harbor1	chr8	30026064	30026536	LTR/ERVL-MaLR	2468	-	236	30026300	42935
chr8	29983365	30183365	harbor1	chr8	30041128	30041459	LTR/ERVL-MaLR	896	-	166	30041294	57929
chr8	29983365	30183365	harbor1	chr8	30041758	30041854	LTR/ERVL-MaLR	896	-	48	30041806	58441
chr8	29983365	30183365	harbor1	chr8	30042228	30042550	LTR/ERVL-MaLR	1135	-	161	30042389	59024
chr8	29983365	30183365	harbor1	chr8	30043909	30044195	LTR/ERVL-MaLR	1045	-	143	30044052	60687
chr8	29983365	30183365	harbor1	chr8	30044195	30044327	LTR/ERVL-MaLR	501	-	66	30044261	60896
chr8	29983365	30183365	harbor1	chr8	30058177	30058466	LTR/ERVL-MaLR	1318	-	144	30058321	74956
chr8	29983365	30183365	harbor1	chr8	30059192	30059242	LTR/ERVL-MaLR	1318	-	25	30059217	75852
chr8	23398492	23598492	harbor1	chr8	23400199	23400544	LTR/ERVL-MaLR	2405	-	172	23400371	1879
chr8	23398492	23598492	harbor1	chr8	23411855	23412175	LTR/ERVL-MaLR	1668	-	160	23412015	13523
chr8	23398492	23598492	harbor1	chr8	23419509	23419592	LTR/ERVL-MaLR	410	-	42	23419551	21059
chr8	23398492	23598492	harbor1	chr8	23431144	23431322	LTR/ERVL-MaLR	795	-	89	23431233	32741
chr8	23398492	23598492	harbor1	chr8	23459471	23459925	LTR/ERVL-MaLR	1875	-	227	23459698	61206
chr8	23398492	23598492	harbor1	chr8	23467093	23467153	LTR/ERVL-MaLR	464	-	30	23467123	68631
chr8	23398492	23598492	harbor1	chr8	23470865	23471329	LTR/ERVL-MaLR	1477	-	232	23471097	72605
chr8	23428524	23628524	harbor1	chr8	23431144	23431322	LTR/ERVL-MaLR	795	-	89	23431233	2709
chr8	23428524	23628524	harbor1	chr8	23459471	23459925	LTR/ERVL-MaLR	1875	-	227	23459698	31174
chr8	23428524	23628524	harbor1	chr8	23467093	23467153	LTR/ERVL-MaLR	464	-	30	23467123	38599
chr8	23428524	23628524	harbor1	chr8	23470865	23471329	LTR/ERVL-MaLR	1477	-	232	23471097	42573
chr8	38368467	38568467	harbor1	chr8	38402819	38403369	LTR/ERVL-MaLR	2129	-	275	38403094	34627
chr8	23384163	23584163	harbor1	chr8	23390816	23390930	LTR/ERVL-MaLR	1981	-	57	23390873	6710
chr8	23384163	23584163	harbor1	chr8	23390968	23391197	LTR/ERVL-MaLR	1981	-	114	23391082	6919
chr8	23384163	23584163	harbor1	chr8	23400199	23400544	LTR/ERVL-MaLR	2405	-	172	23400371	16208
chr8	23384163	23584163	harbor1	chr8	23411855	23412175	LTR/ERVL-MaLR	1668	-	160	23412015	27852
chr8	23384163	23584163	harbor1	chr8	23419509	23419592	LTR/ERVL-MaLR	410	-	42	23419551	35388
chr8	23384163	23584163	harbor1	chr8	23431144	23431322	LTR/ERVL-MaLR	795	-	89	23431233	47070
chr8	23384163	23584163	harbor1	chr8	23459471	23459925	LTR/ERVL-MaLR	1875	-	227	23459698	75535
chr8	23384163	23584163	harbor1	chr8	23467093	23467153	LTR/ERVL-MaLR	464	-	30	23467123	82960
chr8	23384163	23584163	harbor1	chr8	23470865	23471329	LTR/ERVL-MaLR	1477	-	232	23471097	86934
chr8	23428822	23628822	harbor1	chr8	23431144	23431322	LTR/ERVL-MaLR	795	-	89	23431233	2411
chr8	23428822	23628822	harbor1	chr8	23459471	23459925	LTR/ERVL-MaLR	1875	-	227	23459698	30876
chr8	23428822	23628822	harbor1	chr8	23467093	23467153	LTR/ERVL-MaLR	464	-	30	23467123	38301
chr8	23428822	23628822	harbor1	chr8	23470865	23471329	LTR/ERVL-MaLR	1477	-	232	23471097	42275
chr8	143477444	143677444	harbor1	chr8	143486281	143486614	LTR/ERVL-MaLR	950	-	166	143486447	9003
chr8	143477444	143677444	harbor1	chr8	143500507	143500818	LTR/ERVL-MaLR	1102	-	156	143500663	23219
chr8	143477444	143677444	harbor1	chr8	143501117	143501169	LTR/ERVL-MaLR	1102	-	26	143501143	23699
chr8	9051756	9251756	harbor1	chr8	9080925	9081288	LTR/ERVL-MaLR	2035	-	182	9081107	29351
chr8	9051756	9251756	harbor1	chr8	9093362	9093441	LTR/ERVL-MaLR	2412	-	40	9093402	41646
chr8	9051756	9251756	harbor1	chr8	9101228	9101565	LTR/ERVL-MaLR	1933	-	168	9101396	49640
chr8	9051756	9251756	harbor1	chr8	9113808	9114167	LTR/ERVL-MaLR	1865	-	180	9113988	62232
chr8	9051756	9251756	harbor1	chr8	9092759	9093147	LTR/ERVL-MaLR	2412	-	194	9092953	41197
chr8	23428849	23628849	harbor1	chr8	23431144	23431322	LTR/ERVL-MaLR	795	-	89	23431233	2384
chr8	23428849	23628849	harbor1	chr8	23459471	23459925	LTR/ERVL-MaLR	1875	-	227	23459698	30849
chr8	23428849	23628849	harbor1	chr8	23467093	23467153	LTR/ERVL-MaLR	464	-	30	23467123	38274
chr8	23428849	23628849	harbor1	chr8	23470865	23471329	LTR/ERVL-MaLR	1477	-	232	23471097	42248
chr8	23373952	23573952	harbor1	chr8	23390816	23390930	LTR/ERVL-MaLR	1981	-	57	23390873	16921
chr8	23373952	23573952	harbor1	chr8	23390968	23391197	LTR/ERVL-MaLR	1981	-	114	23391082	17130
chr8	23373952	23573952	harbor1	chr8	23400199	23400544	LTR/ERVL-MaLR	2405	-	172	23400371	26419
chr8	23373952	23573952	harbor1	chr8	23411855	23412175	LTR/ERVL-MaLR	1668	-	160	23412015	38063
chr8	23373952	23573952	harbor1	chr8	23419509	23419592	LTR/ERVL-MaLR	410	-	42	23419551	45599
chr8	23373952	23573952	harbor1	chr8	23431144	23431322	LTR/ERVL-MaLR	795	-	89	23431233	57281
chr8	23373952	23573952	harbor1	chr8	23459471	23459925	LTR/ERVL-MaLR	1875	-	227	23459698	85746
chr8	23373952	23573952	harbor1	chr8	23467093	23467153	LTR/ERVL-MaLR	464	-	30	23467123	93171
chr8	23373952	23573952	harbor1	chr8	23470865	23471329	LTR/ERVL-MaLR	1477	-	232	23471097	97145
chr8	94973525	95173525	harbor1	chr8	94992967	94993350	LTR/ERVL-MaLR	2143	-	192	94993159	19634
chr8	94973525	95173525	harbor1	chr8	95002777	95003091	LTR/ERVL-MaLR	513	-	157	95002934	29409
chr8	94973525	95173525	harbor1	chr8	95014628	95015056	LTR/ERVL-MaLR	970	-	214	95014842	41317
chr8	94973525	95173525	harbor1	chr8	95022883	95022990	LTR/ERVL-MaLR	433	-	54	95022937	49412
chr8	94973525	95173525	harbor1	chr8	95030729	95031145	LTR/ERVL-MaLR	2842	-	208	95030937	57412
chr8	140984887	141184887	harbor1	chr8	141013623	141014081	LTR/ERVL-MaLR	816	-	229	141013852	28965
chr8	140984887	141184887	harbor1	chr8	141016512	141016868	LTR/ERVL-MaLR	2031	-	178	141016690	31803
chr8	140984887	141184887	harbor1	chr8	141025174	141025502	LTR/ERVL-MaLR	2617	-	164	141025338	40451
chr8	140984887	141184887	harbor1	chr8	141026114	141026278	LTR/ERVL-MaLR	2617	-	82	141026196	41309
chr8	140984887	141184887	harbor1	chr8	141031180	141031526	LTR/ERVL-MaLR	1575	-	173	141031353	46466
chr8	140984887	141184887	harbor1	chr8	141036512	141036931	LTR/ERVL-MaLR	1322	-	210	141036722	51835
chr8	140984887	141184887	harbor1	chr8	141044084	141044352	LTR/ERVL-MaLR	450	-	134	141044218	59331
chr8	140984887	141184887	harbor1	chr8	141059905	141060316	LTR/ERVL-MaLR	1350	-	206	141060111	75224
chr8	140984887	141184887	harbor1	chr8	141068082	141068472	LTR/ERVL-MaLR	1858	-	195	141068277	83390
chr8	140984887	141184887	harbor1	chr8	141069130	141069297	LTR/ERVL-MaLR	737	-	84	141069214	84327
chr8	140984887	141184887	harbor1	chr8	141070905	141071089	LTR/ERVL-MaLR	1098	-	92	141070997	86110
chr8	140984887	141184887	harbor1	chr8	141071399	141071556	LTR/ERVL-MaLR	1098	-	78	141071477	86590
chr8	140984887	141184887	harbor1	chr8	141074258	141074685	LTR/ERVL-MaLR	504	-	214	141074472	89585
chr8	140984887	141184887	harbor1	chr8	141078034	141078487	LTR/ERVL-MaLR	2040	-	226	141078260	93373
chr8	32680029	32880029	harbor1	chr8	32687931	32688037	LTR/ERVL-MaLR	776	-	53	32687984	7955
chr8	53999312	54199312	harbor1	chr8	54033058	54033104	LTR/ERVL-MaLR	1742	-	23	54033081	33769
chr8	53999312	54199312	harbor1	chr8	54033414	54033732	LTR/ERVL-MaLR	1742	-	159	54033573	34261
chr8	143716206	143916206	harbor1	chr8	143744134	143744333	LTR/ERVL-MaLR	562	-	100	143744234	28028
chr8	143716206	143916206	harbor1	chr8	143754255	143754616	LTR/ERVL-MaLR	1470	-	180	143754435	38229
chr8	143716206	143916206	harbor1	chr8	143754926	143755106	LTR/ERVL-MaLR	1470	-	90	143755016	38810
chr8	143716206	143916206	harbor1	chr8	143784134	143784160	LTR/ERVL-MaLR	825	-	13	143784147	67941
chr8	143716206	143916206	harbor1	chr8	143784540	143784728	LTR/ERVL-MaLR	825	-	94	143784634	68428
chr8	143716206	143916206	harbor1	chr8	143784750	143784892	LTR/ERVL-MaLR	448	-	71	143784821	68615
chr8	23428936	23628936	harbor1	chr8	23431144	23431322	LTR/ERVL-MaLR	795	-	89	23431233	2297
chr8	23428936	23628936	harbor1	chr8	23459471	23459925	LTR/ERVL-MaLR	1875	-	227	23459698	30762
chr8	23428936	23628936	harbor1	chr8	23467093	23467153	LTR/ERVL-MaLR	464	-	30	23467123	38187
chr8	23428936	23628936	harbor1	chr8	23470865	23471329	LTR/ERVL-MaLR	1477	-	232	23471097	42161
chr8	143147120	143347120	harbor1	chr8	143190976	143191019	LTR/ERVL-MaLR	1919	-	22	143190998	43878
chr8	143147120	143347120	harbor1	chr8	143191340	143191705	LTR/ERVL-MaLR	1919	-	182	143191522	44402
chr8	143147120	143347120	harbor1	chr8	143192606	143192963	LTR/ERVL-MaLR	2558	-	178	143192784	45664
chr8	143147120	143347120	harbor1	chr8	143197567	143197963	LTR/ERVL-MaLR	1348	-	198	143197765	50645
chr8	143147120	143347120	harbor1	chr8	143218938	143219347	LTR/ERVL-MaLR	1121	-	204	143219142	72022
chr8	143147120	143347120	harbor1	chr8	143235490	143235948	LTR/ERVL-MaLR	783	-	229	143235719	88599
chr8	23409024	23609024	harbor1	chr8	23411855	23412175	LTR/ERVL-MaLR	1668	-	160	23412015	2991
chr8	23409024	23609024	harbor1	chr8	23419509	23419592	LTR/ERVL-MaLR	410	-	42	23419551	10527
chr8	23409024	23609024	harbor1	chr8	23431144	23431322	LTR/ERVL-MaLR	795	-	89	23431233	22209
chr8	23409024	23609024	harbor1	chr8	23459471	23459925	LTR/ERVL-MaLR	1875	-	227	23459698	50674
chr8	23409024	23609024	harbor1	chr8	23467093	23467153	LTR/ERVL-MaLR	464	-	30	23467123	58099
chr8	23409024	23609024	harbor1	chr8	23470865	23471329	LTR/ERVL-MaLR	1477	-	232	23471097	62073
chr8	23428958	23628958	harbor1	chr8	23431144	23431322	LTR/ERVL-MaLR	795	-	89	23431233	2275
chr8	23428958	23628958	harbor1	chr8	23459471	23459925	LTR/ERVL-MaLR	1875	-	227	23459698	30740
chr8	23428958	23628958	harbor1	chr8	23467093	23467153	LTR/ERVL-MaLR	464	-	30	23467123	38165
chr8	23428958	23628958	harbor1	chr8	23470865	23471329	LTR/ERVL-MaLR	1477	-	232	23471097	42139
chr8	26477624	26677624	harbor1	chr8	26487186	26487335	LTR/ERVL-MaLR	530	-	74	26487260	9636
chr8	26477624	26677624	harbor1	chr8	26490059	26490339	LTR/ERVL-MaLR	1604	-	140	26490199	12575
chr8	26477624	26677624	harbor1	chr8	26491649	26491963	LTR/ERVL-MaLR	2026	-	157	26491806	14182
chr8	26477624	26677624	harbor1	chr8	26520715	26521069	LTR/ERVL-MaLR	1769	-	177	26520892	43268
chr8	26477624	26677624	harbor1	chr8	26531083	26531203	LTR/ERVL-MaLR	686	-	60	26531143	53519
chr8	26477624	26677624	harbor1	chr8	26535022	26535376	LTR/ERVL-MaLR	1349	-	177	26535199	57575
chr8	26477624	26677624	harbor1	chr8	26552479	26552895	LTR/ERVL-MaLR	1954	-	208	26552687	75063
chr8	26477624	26677624	harbor1	chr8	26562667	26563184	LTR/ERVL-MaLR	1535	-	258	26562925	85301
chr8	26477624	26677624	harbor1	chr8	26565647	26566060	LTR/ERVL-MaLR	983	-	206	26565853	88229
chr8	8286401	8486401	harbor1	chr8	8351025	8351420	LTR/ERVL-MaLR	2387	-	198	8351223	64822
chr8	8286401	8486401	harbor1	chr8	8306525	8306889	LTR/ERVL-MaLR	2102	-	182	8306707	20306
chr8	54001253	54201253	harbor1	chr8	54033058	54033104	LTR/ERVL-MaLR	1742	-	23	54033081	31828
chr8	54001253	54201253	harbor1	chr8	54033414	54033732	LTR/ERVL-MaLR	1742	-	159	54033573	32320
chr8	143323804	143523804	harbor1	chr8	143326804	143327154	LTR/ERVL-MaLR	880	-	175	143326979	3175
chr8	143323804	143523804	harbor1	chr8	143346647	143346953	LTR/ERVL-MaLR	1165	-	153	143346800	22996
chr8	143323804	143523804	harbor1	chr8	143347576	143347682	LTR/ERVL-MaLR	1165	-	53	143347629	23825
chr8	143323804	143523804	harbor1	chr8	143373747	143373980	LTR/ERVL-MaLR	869	-	116	143373863	50059
chr8	143323804	143523804	harbor1	chr8	143416433	143416791	LTR/ERVL-MaLR	2696	-	179	143416612	92808
chr8	23382017	23582017	harbor1	chr8	23390816	23390930	LTR/ERVL-MaLR	1981	-	57	23390873	8856
chr8	23382017	23582017	harbor1	chr8	23390968	23391197	LTR/ERVL-MaLR	1981	-	114	23391082	9065
chr8	23382017	23582017	harbor1	chr8	23400199	23400544	LTR/ERVL-MaLR	2405	-	172	23400371	18354
chr8	23382017	23582017	harbor1	chr8	23411855	23412175	LTR/ERVL-MaLR	1668	-	160	23412015	29998
chr8	23382017	23582017	harbor1	chr8	23419509	23419592	LTR/ERVL-MaLR	410	-	42	23419551	37534
chr8	23382017	23582017	harbor1	chr8	23431144	23431322	LTR/ERVL-MaLR	795	-	89	23431233	49216
chr8	23382017	23582017	harbor1	chr8	23459471	23459925	LTR/ERVL-MaLR	1875	-	227	23459698	77681
chr8	23382017	23582017	harbor1	chr8	23467093	23467153	LTR/ERVL-MaLR	464	-	30	23467123	85106
chr8	23382017	23582017	harbor1	chr8	23470865	23471329	LTR/ERVL-MaLR	1477	-	232	23471097	89080
chr8	23428526	23628526	harbor1	chr8	23431144	23431322	LTR/ERVL-MaLR	795	-	89	23431233	2707
chr8	23428526	23628526	harbor1	chr8	23459471	23459925	LTR/ERVL-MaLR	1875	-	227	23459698	31172
chr8	23428526	23628526	harbor1	chr8	23467093	23467153	LTR/ERVL-MaLR	464	-	30	23467123	38597
chr8	23428526	23628526	harbor1	chr8	23470865	23471329	LTR/ERVL-MaLR	1477	-	232	23471097	42571
chr8	8790734	8990734	harbor1	chr8	8825108	8825176	LTR/ERVL-MaLR	2060	-	34	8825142	34408
chr8	8790734	8990734	harbor1	chr8	8825473	8825798	LTR/ERVL-MaLR	2060	-	162	8825635	34901
chr8	8790734	8990734	harbor1	chr8	8832879	8833288	LTR/ERVL-MaLR	2347	-	204	8833083	42349
chr8	8790734	8990734	harbor1	chr8	8830943	8831309	LTR/ERVL-MaLR	1569	-	183	8831126	40392
chr8	27519509	27719509	harbor1	chr8	27519671	27519816	LTR/ERVL-MaLR	595	-	72	27519743	234
chr8	27519509	27719509	harbor1	chr8	27519889	27519998	LTR/ERVL-MaLR	535	-	54	27519943	434
chr8	27519509	27719509	harbor1	chr8	27520645	27520820	LTR/ERVL-MaLR	918	-	88	27520733	1224
chr8	27519509	27719509	harbor1	chr8	27526545	27526742	LTR/ERVL-MaLR	996	-	98	27526643	7134
chr8	27519509	27719509	harbor1	chr8	27532445	27532809	LTR/ERVL-MaLR	1358	-	182	27532627	13118
chr8	27519509	27719509	harbor1	chr8	27546800	27547185	LTR/ERVL-MaLR	2251	-	192	27546992	27483
chr8	27519509	27719509	harbor1	chr8	27558377	27558619	LTR/ERVL-MaLR	1332	-	121	27558498	38989
chr8	27519509	27719509	harbor1	chr8	27572521	27572896	LTR/ERVL-MaLR	2100	-	188	27572709	53200
chr8	25084956	25284956	harbor1	chr8	25098261	25098545	LTR/ERVL-MaLR	1059	-	142	25098403	13447
chr8	25084956	25284956	harbor1	chr8	25101020	25101375	LTR/ERVL-MaLR	2726	-	178	25101198	16242
chr8	25084956	25284956	harbor1	chr8	25106203	25106498	LTR/ERVL-MaLR	894	-	148	25106351	21395
chr8	25084956	25284956	harbor1	chr8	25106921	25106984	LTR/ERVL-MaLR	894	-	32	25106953	21997
chr8	25084956	25284956	harbor1	chr8	25110728	25111344	LTR/ERVL-MaLR	881	-	308	25111036	26080
chr8	25084956	25284956	harbor1	chr8	25139701	25140042	LTR/ERVL-MaLR	2017	-	170	25139871	54915
chr8	25084956	25284956	harbor1	chr8	25145021	25145271	LTR/ERVL-MaLR	2248	-	125	25145146	60190
chr8	25084956	25284956	harbor1	chr8	25145590	25145765	LTR/ERVL-MaLR	2248	-	88	25145678	60722
chr8	25084956	25284956	harbor1	chr8	25152059	25152594	LTR/ERVL-MaLR	1052	-	268	25152327	67371
chr8	25084956	25284956	harbor1	chr8	25163598	25163761	LTR/ERVL-MaLR	683	-	82	25163680	78724
chr8	23372498	23572498	harbor1	chr8	23390816	23390930	LTR/ERVL-MaLR	1981	-	57	23390873	18375
chr8	23372498	23572498	harbor1	chr8	23390968	23391197	LTR/ERVL-MaLR	1981	-	114	23391082	18584
chr8	23372498	23572498	harbor1	chr8	23400199	23400544	LTR/ERVL-MaLR	2405	-	172	23400371	27873
chr8	23372498	23572498	harbor1	chr8	23411855	23412175	LTR/ERVL-MaLR	1668	-	160	23412015	39517
chr8	23372498	23572498	harbor1	chr8	23419509	23419592	LTR/ERVL-MaLR	410	-	42	23419551	47053
chr8	23372498	23572498	harbor1	chr8	23431144	23431322	LTR/ERVL-MaLR	795	-	89	23431233	58735
chr8	23372498	23572498	harbor1	chr8	23459471	23459925	LTR/ERVL-MaLR	1875	-	227	23459698	87200
chr8	23372498	23572498	harbor1	chr8	23467093	23467153	LTR/ERVL-MaLR	464	-	30	23467123	94625
chr8	23372498	23572498	harbor1	chr8	23470865	23471329	LTR/ERVL-MaLR	1477	-	232	23471097	98599
chr8	21328820	21528820	harbor1	chr8	21356332	21356423	LTR/ERVL-MaLR	1862	-	46	21356378	27558
chr8	21328820	21528820	harbor1	chr8	21356736	21357011	LTR/ERVL-MaLR	1862	-	138	21356874	28054
chr8	21328820	21528820	harbor1	chr8	21364945	21365076	LTR/ERVL-MaLR	583	-	66	21365011	36191
chr8	21328820	21528820	harbor1	chr8	21365666	21365842	LTR/ERVL-MaLR	704	-	88	21365754	36934
chr8	21328820	21528820	harbor1	chr8	21365885	21366058	LTR/ERVL-MaLR	603	-	86	21365971	37151
chr8	21328820	21528820	harbor1	chr8	21368540	21368650	LTR/ERVL-MaLR	535	-	55	21368595	39775
chr8	21328820	21528820	harbor1	chr8	21368965	21369148	LTR/ERVL-MaLR	535	-	92	21369057	40237
chr8	21328820	21528820	harbor1	chr8	21381859	21382228	LTR/ERVL-MaLR	1681	-	184	21382043	53223
chr8	21328820	21528820	harbor1	chr8	21385022	21385393	LTR/ERVL-MaLR	1498	-	186	21385208	56388
chr8	21328820	21528820	harbor1	chr8	21414391	21414758	LTR/ERVL-MaLR	1785	-	184	21414575	85755
chr8	21328820	21528820	harbor1	chr8	21418234	21418716	LTR/ERVL-MaLR	553	-	241	21418475	89655
chr8	21328820	21528820	harbor1	chr8	21427249	21427637	LTR/ERVL-MaLR	655	-	194	21427443	98623
chr8	23382188	23582188	harbor1	chr8	23390816	23390930	LTR/ERVL-MaLR	1981	-	57	23390873	8685
chr8	23382188	23582188	harbor1	chr8	23390968	23391197	LTR/ERVL-MaLR	1981	-	114	23391082	8894
chr8	23382188	23582188	harbor1	chr8	23400199	23400544	LTR/ERVL-MaLR	2405	-	172	23400371	18183
chr8	23382188	23582188	harbor1	chr8	23411855	23412175	LTR/ERVL-MaLR	1668	-	160	23412015	29827
chr8	23382188	23582188	harbor1	chr8	23419509	23419592	LTR/ERVL-MaLR	410	-	42	23419551	37363
chr8	23382188	23582188	harbor1	chr8	23431144	23431322	LTR/ERVL-MaLR	795	-	89	23431233	49045
chr8	23382188	23582188	harbor1	chr8	23459471	23459925	LTR/ERVL-MaLR	1875	-	227	23459698	77510
chr8	23382188	23582188	harbor1	chr8	23467093	23467153	LTR/ERVL-MaLR	464	-	30	23467123	84935
chr8	23382188	23582188	harbor1	chr8	23470865	23471329	LTR/ERVL-MaLR	1477	-	232	23471097	88909
chr8	20295312	20495312	harbor1	chr8	20309586	20309931	LTR/ERVL-MaLR	705	-	172	20309758	14446
chr8	20295312	20495312	harbor1	chr8	20347675	20348035	LTR/ERVL-MaLR	1959	-	180	20347855	52543
chr8	20295312	20495312	harbor1	chr8	20356930	20357294	LTR/ERVL-MaLR	2169	-	182	20357112	61800
chr8	20295312	20495312	harbor1	chr8	20359259	20359606	LTR/ERVL-MaLR	1787	-	174	20359433	64121
chr8	20295312	20495312	harbor1	chr8	20372238	20372802	LTR/ERVL-MaLR	935	-	282	20372520	77208
chr8	23381183	23581183	harbor1	chr8	23390816	23390930	LTR/ERVL-MaLR	1981	-	57	23390873	9690
chr8	23381183	23581183	harbor1	chr8	23390968	23391197	LTR/ERVL-MaLR	1981	-	114	23391082	9899
chr8	23381183	23581183	harbor1	chr8	23400199	23400544	LTR/ERVL-MaLR	2405	-	172	23400371	19188
chr8	23381183	23581183	harbor1	chr8	23411855	23412175	LTR/ERVL-MaLR	1668	-	160	23412015	30832
chr8	23381183	23581183	harbor1	chr8	23419509	23419592	LTR/ERVL-MaLR	410	-	42	23419551	38368
chr8	23381183	23581183	harbor1	chr8	23431144	23431322	LTR/ERVL-MaLR	795	-	89	23431233	50050
chr8	23381183	23581183	harbor1	chr8	23459471	23459925	LTR/ERVL-MaLR	1875	-	227	23459698	78515
chr8	23381183	23581183	harbor1	chr8	23467093	23467153	LTR/ERVL-MaLR	464	-	30	23467123	85940
chr8	23381183	23581183	harbor1	chr8	23470865	23471329	LTR/ERVL-MaLR	1477	-	232	23471097	89914
chr8	600183	800183	harbor1	chr8	624481	624716	LTR/ERVL-MaLR	2060	-	118	624599	24416
chr8	600183	800183	harbor1	chr8	625026	625190	LTR/ERVL-MaLR	2060	-	82	625108	24925
chr8	23428879	23628879	harbor1	chr8	23431144	23431322	LTR/ERVL-MaLR	795	-	89	23431233	2354
chr8	23428879	23628879	harbor1	chr8	23459471	23459925	LTR/ERVL-MaLR	1875	-	227	23459698	30819
chr8	23428879	23628879	harbor1	chr8	23467093	23467153	LTR/ERVL-MaLR	464	-	30	23467123	38244
chr8	23428879	23628879	harbor1	chr8	23470865	23471329	LTR/ERVL-MaLR	1477	-	232	23471097	42218
chr8	8793032	8993032	harbor1	chr8	8825108	8825176	LTR/ERVL-MaLR	2060	-	34	8825142	32110
chr8	8793032	8993032	harbor1	chr8	8825473	8825798	LTR/ERVL-MaLR	2060	-	162	8825635	32603
chr8	8793032	8993032	harbor1	chr8	8832879	8833288	LTR/ERVL-MaLR	2347	-	204	8833083	40051
chr8	8793032	8993032	harbor1	chr8	8830943	8831309	LTR/ERVL-MaLR	1569	-	183	8831126	38094
chr8	143716099	143916099	harbor1	chr8	143744134	143744333	LTR/ERVL-MaLR	562	-	100	143744234	28135
chr8	143716099	143916099	harbor1	chr8	143754255	143754616	LTR/ERVL-MaLR	1470	-	180	143754435	38336
chr8	143716099	143916099	harbor1	chr8	143754926	143755106	LTR/ERVL-MaLR	1470	-	90	143755016	38917
chr8	143716099	143916099	harbor1	chr8	143784134	143784160	LTR/ERVL-MaLR	825	-	13	143784147	68048
chr8	143716099	143916099	harbor1	chr8	143784540	143784728	LTR/ERVL-MaLR	825	-	94	143784634	68535
chr8	143716099	143916099	harbor1	chr8	143784750	143784892	LTR/ERVL-MaLR	448	-	71	143784821	68722
chr8	144299476	144499476	harbor1	chr8	144366305	144366584	LTR/ERVL-MaLR	1506	-	140	144366445	66969
chr8	144299476	144499476	harbor1	chr8	144366879	144366957	LTR/ERVL-MaLR	1506	-	39	144366918	67442
chr8	144299476	144499476	harbor1	chr8	144370798	144371124	LTR/ERVL-MaLR	741	-	163	144370961	71485
chr8	144299476	144499476	harbor1	chr8	144371437	144371472	LTR/ERVL-MaLR	505	-	18	144371455	71979
chr8	144364372	144564372	harbor1	chr8	144366305	144366584	LTR/ERVL-MaLR	1506	-	140	144366445	2073
chr8	144364372	144564372	harbor1	chr8	144366879	144366957	LTR/ERVL-MaLR	1506	-	39	144366918	2546
chr8	144364372	144564372	harbor1	chr8	144370798	144371124	LTR/ERVL-MaLR	741	-	163	144370961	6589
chr8	144364372	144564372	harbor1	chr8	144371437	144371472	LTR/ERVL-MaLR	505	-	18	144371455	7083
chr8	142677225	142877225	harbor1	chr8	142698432	142698836	LTR/ERVL-MaLR	2794	-	202	142698634	21409
chr8	142677225	142877225	harbor1	chr8	142701259	142701426	LTR/ERVL-MaLR	846	-	84	142701343	24118
chr8	142677225	142877225	harbor1	chr8	142708258	142708505	LTR/ERVL-MaLR	1257	-	124	142708382	31157
chr8	142677225	142877225	harbor1	chr8	142708811	142708893	LTR/ERVL-MaLR	1257	-	41	142708852	31627
chr8	142677225	142877225	harbor1	chr8	142708894	142709777	LTR/ERVL-MaLR	3743	-	442	142709336	32111
chr8	142677225	142877225	harbor1	chr8	142710775	142711361	LTR/ERVL-MaLR	3743	-	293	142711068	33843
chr8	142677225	142877225	harbor1	chr8	142711352	142711590	LTR/ERVL-MaLR	944	-	119	142711471	34246
chr8	142677225	142877225	harbor1	chr8	142755572	142755823	LTR/ERVL-MaLR	650	-	126	142755698	78473
chr8	142677225	142877225	harbor1	chr8	142755898	142756277	LTR/ERVL-MaLR	1002	-	190	142756088	78863
chr8	48601680	48801680	harbor1	chr8	48629863	48630199	LTR/ERVL-MaLR	1859	-	168	48630031	28351
chr8	48601680	48801680	harbor1	chr8	48635664	48636171	LTR/ERVL-MaLR	1907	-	254	48635918	34238
chr8	48601680	48801680	harbor1	chr8	48662410	48662774	LTR/ERVL-MaLR	1991	-	182	48662592	60912
chr8	48601680	48801680	harbor1	chr8	48667261	48667641	LTR/ERVL-MaLR	2073	-	190	48667451	65771
chr8	48601680	48801680	harbor1	chr8	48686110	48686563	LTR/ERVL-MaLR	996	-	226	48686336	84656
chr8	142524934	142724934	harbor1	chr8	142605408	142605781	LTR/ERVL-MaLR	2003	-	186	142605594	80660
chr8	142524934	142724934	harbor1	chr8	142605791	142605897	LTR/ERVL-MaLR	516	-	53	142605844	80910
chr8	38073888	38273888	harbor1	chr8	38124793	38125180	LTR/ERVL-MaLR	2084	-	194	38124987	51099
chr8	142524957	142724957	harbor1	chr8	142605408	142605781	LTR/ERVL-MaLR	2003	-	186	142605594	80637
chr8	142524957	142724957	harbor1	chr8	142605791	142605897	LTR/ERVL-MaLR	516	-	53	142605844	80887
chr8	26283759	26483759	harbor1	chr8	26316584	26316917	LTR/ERVL-MaLR	1614	-	166	26316750	32991
chr8	89802482	90002482	harbor1	chr8	89852269	89852766	LTR/ERVL-MaLR	2596	-	248	89852517	50035
chr8	89802482	90002482	harbor1	chr8	89890941	89891310	LTR/ERVL-MaLR	966	-	184	89891125	88643
chr8	144174289	144374289	harbor1	chr8	144189899	144190245	LTR/ERVL-MaLR	1086	-	173	144190072	15783
chr8	144174289	144374289	harbor1	chr8	144196748	144196815	LTR/ERVL-MaLR	1391	-	34	144196782	22493
chr8	144174289	144374289	harbor1	chr8	144197119	144197417	LTR/ERVL-MaLR	1391	-	149	144197268	22979
chr8	144174289	144374289	harbor1	chr8	144208422	144208660	LTR/ERVL-MaLR	1174	-	119	144208541	34252
chr8	23429068	23629068	harbor1	chr8	23431144	23431322	LTR/ERVL-MaLR	795	-	89	23431233	2165
chr8	23429068	23629068	harbor1	chr8	23459471	23459925	LTR/ERVL-MaLR	1875	-	227	23459698	30630
chr8	23429068	23629068	harbor1	chr8	23467093	23467153	LTR/ERVL-MaLR	464	-	30	23467123	38055
chr8	23429068	23629068	harbor1	chr8	23470865	23471329	LTR/ERVL-MaLR	1477	-	232	23471097	42029
chr8	23424122	23624122	harbor1	chr8	23431144	23431322	LTR/ERVL-MaLR	795	-	89	23431233	7111
chr8	23424122	23624122	harbor1	chr8	23459471	23459925	LTR/ERVL-MaLR	1875	-	227	23459698	35576
chr8	23424122	23624122	harbor1	chr8	23467093	23467153	LTR/ERVL-MaLR	464	-	30	23467123	43001
chr8	23424122	23624122	harbor1	chr8	23470865	23471329	LTR/ERVL-MaLR	1477	-	232	23471097	46975
chr8	23381900	23581900	harbor1	chr8	23390816	23390930	LTR/ERVL-MaLR	1981	-	57	23390873	8973
chr8	23381900	23581900	harbor1	chr8	23390968	23391197	LTR/ERVL-MaLR	1981	-	114	23391082	9182
chr8	23381900	23581900	harbor1	chr8	23400199	23400544	LTR/ERVL-MaLR	2405	-	172	23400371	18471
chr8	23381900	23581900	harbor1	chr8	23411855	23412175	LTR/ERVL-MaLR	1668	-	160	23412015	30115
chr8	23381900	23581900	harbor1	chr8	23419509	23419592	LTR/ERVL-MaLR	410	-	42	23419551	37651
chr8	23381900	23581900	harbor1	chr8	23431144	23431322	LTR/ERVL-MaLR	795	-	89	23431233	49333
chr8	23381900	23581900	harbor1	chr8	23459471	23459925	LTR/ERVL-MaLR	1875	-	227	23459698	77798
chr8	23381900	23581900	harbor1	chr8	23467093	23467153	LTR/ERVL-MaLR	464	-	30	23467123	85223
chr8	23381900	23581900	harbor1	chr8	23470865	23471329	LTR/ERVL-MaLR	1477	-	232	23471097	89197
chr8	11745829	11945829	harbor1	chr8	11752284	11752630	LTR/ERVL-MaLR	2114	-	173	11752457	6628
chr8	11745829	11945829	harbor1	chr8	11773926	11774093	LTR/ERVL-MaLR	1657	-	84	11774010	28181
chr8	11745829	11945829	harbor1	chr8	11774394	11774514	LTR/ERVL-MaLR	1657	-	60	11774454	28625
chr8	11745829	11945829	harbor1	chr8	11774518	11776048	LTR/ERVL-MaLR	11018	-	765	11775283	29454
chr8	11745829	11945829	harbor1	chr8	11776050	11776411	LTR/ERVL-MaLR	2690	-	180	11776230	30401
chr8	11745829	11945829	harbor1	chr8	11777719	11777841	LTR/ERVL-MaLR	592	-	61	11777780	31951
chr8	11745829	11945829	harbor1	chr8	11777860	11777987	LTR/ERVL-MaLR	598	-	64	11777924	32095
chr8	11745829	11945829	harbor1	chr8	11788201	11788316	LTR/ERVL-MaLR	505	-	58	11788259	42430
chr8	142524984	142724984	harbor1	chr8	142605408	142605781	LTR/ERVL-MaLR	2003	-	186	142605594	80610
chr8	142524984	142724984	harbor1	chr8	142605791	142605897	LTR/ERVL-MaLR	516	-	53	142605844	80860
chr8	41761146	41961146	harbor1	chr8	41803978	41804472	LTR/ERVL-MaLR	1998	-	247	41804225	43079
chr8	41761146	41961146	harbor1	chr8	41840432	41840787	LTR/ERVL-MaLR	1349	-	178	41840610	79464
chr8	41761146	41961146	harbor1	chr8	41847143	41847464	LTR/ERVL-MaLR	479	-	160	41847303	86157
chr8	142524942	142724942	harbor1	chr8	142605408	142605781	LTR/ERVL-MaLR	2003	-	186	142605594	80652
chr8	142524942	142724942	harbor1	chr8	142605791	142605897	LTR/ERVL-MaLR	516	-	53	142605844	80902
chr8	143323770	143523770	harbor1	chr8	143326804	143327154	LTR/ERVL-MaLR	880	-	175	143326979	3209
chr8	143323770	143523770	harbor1	chr8	143346647	143346953	LTR/ERVL-MaLR	1165	-	153	143346800	23030
chr8	143323770	143523770	harbor1	chr8	143347576	143347682	LTR/ERVL-MaLR	1165	-	53	143347629	23859
chr8	143323770	143523770	harbor1	chr8	143373747	143373980	LTR/ERVL-MaLR	869	-	116	143373863	50093
chr8	143323770	143523770	harbor1	chr8	143416433	143416791	LTR/ERVL-MaLR	2696	-	179	143416612	92842
chr8	10959439	11159439	harbor1	chr8	10959385	10959754	LTR/ERVL-MaLR	1486	-	184	10959569	130
chr8	10959439	11159439	harbor1	chr8	11040548	11040680	LTR/ERVL-MaLR	797	-	66	11040614	81175
chr8	10959439	11159439	harbor1	chr8	11040693	11040829	LTR/ERVL-MaLR	489	-	68	11040761	81322
chr8	10959439	11159439	harbor1	chr8	11009968	11010357	LTR/ERVL-MaLR	2109	-	194	11010162	50723
chr8	41615259	41815259	harbor1	chr8	41640070	41640135	LTR/ERVL-MaLR	561	-	32	41640102	24843
chr8	41615259	41815259	harbor1	chr8	41640442	41640508	LTR/ERVL-MaLR	561	-	33	41640475	25216
chr8	41615259	41815259	harbor1	chr8	41640499	41640609	LTR/ERVL-MaLR	642	-	55	41640554	25295
chr8	41615259	41815259	harbor1	chr8	41641762	41642143	LTR/ERVL-MaLR	2312	-	190	41641952	26693
chr8	138710548	138910548	harbor1	chr8	138790092	138790423	LTR/ERVL-MaLR	2006	-	166	138790258	79710
chr8	143323854	143523854	harbor1	chr8	143326804	143327154	LTR/ERVL-MaLR	880	-	175	143326979	3125
chr8	143323854	143523854	harbor1	chr8	143346647	143346953	LTR/ERVL-MaLR	1165	-	153	143346800	22946
chr8	143323854	143523854	harbor1	chr8	143347576	143347682	LTR/ERVL-MaLR	1165	-	53	143347629	23775
chr8	143323854	143523854	harbor1	chr8	143373747	143373980	LTR/ERVL-MaLR	869	-	116	143373863	50009
chr8	143323854	143523854	harbor1	chr8	143416433	143416791	LTR/ERVL-MaLR	2696	-	179	143416612	92758
chr8	102556596	102756596	harbor1	chr8	102566979	102567147	LTR/ERVL-MaLR	678	-	84	102567063	10467
chr8	102556596	102756596	harbor1	chr8	102578633	102578981	LTR/ERVL-MaLR	465	-	174	102578807	22211
chr8	102556596	102756596	harbor1	chr8	102580035	102580098	LTR/ERVL-MaLR	1810	-	32	102580067	23471
chr8	102556596	102756596	harbor1	chr8	102580371	102580395	LTR/ERVL-MaLR	1810	-	12	102580383	23787
chr8	102556596	102756596	harbor1	chr8	102580689	102581014	LTR/ERVL-MaLR	1810	-	162	102580851	24255
chr8	102556596	102756596	harbor1	chr8	102597726	102598072	LTR/ERVL-MaLR	1898	-	173	102597899	41303
chr8	102556596	102756596	harbor1	chr8	102599511	102599979	LTR/ERVL-MaLR	937	-	234	102599745	43149
chr8	102556596	102756596	harbor1	chr8	102610194	102610647	LTR/ERVL-MaLR	826	-	226	102610420	53824
chr8	102556596	102756596	harbor1	chr8	102612083	102612293	LTR/ERVL-MaLR	1088	-	105	102612188	55592
chr8	102556596	102756596	harbor1	chr8	102612413	102612648	LTR/ERVL-MaLR	1311	-	118	102612531	55935
chr8	102556596	102756596	harbor1	chr8	102614931	102615068	LTR/ERVL-MaLR	660	-	68	102614999	58403
chr8	102556596	102756596	harbor1	chr8	102615394	102615698	LTR/ERVL-MaLR	660	-	152	102615546	58950
chr8	102556596	102756596	harbor1	chr8	102616878	102616929	LTR/ERVL-MaLR	573	-	26	102616904	60308
chr8	102556596	102756596	harbor1	chr8	102617115	102617243	LTR/ERVL-MaLR	587	-	64	102617179	60583
chr8	102556596	102756596	harbor1	chr8	102641428	102641962	LTR/ERVL-MaLR	2617	-	267	102641695	85099
chr8	23428939	23628939	harbor1	chr8	23431144	23431322	LTR/ERVL-MaLR	795	-	89	23431233	2294
chr8	23428939	23628939	harbor1	chr8	23459471	23459925	LTR/ERVL-MaLR	1875	-	227	23459698	30759
chr8	23428939	23628939	harbor1	chr8	23467093	23467153	LTR/ERVL-MaLR	464	-	30	23467123	38184
chr8	23428939	23628939	harbor1	chr8	23470865	23471329	LTR/ERVL-MaLR	1477	-	232	23471097	42158
chr8	144364844	144564844	harbor1	chr8	144366305	144366584	LTR/ERVL-MaLR	1506	-	140	144366445	1601
chr8	144364844	144564844	harbor1	chr8	144366879	144366957	LTR/ERVL-MaLR	1506	-	39	144366918	2074
chr8	144364844	144564844	harbor1	chr8	144370798	144371124	LTR/ERVL-MaLR	741	-	163	144370961	6117
chr8	144364844	144564844	harbor1	chr8	144371437	144371472	LTR/ERVL-MaLR	505	-	18	144371455	6611
chr8	23412882	23612882	harbor1	chr8	23419509	23419592	LTR/ERVL-MaLR	410	-	42	23419551	6669
chr8	23412882	23612882	harbor1	chr8	23431144	23431322	LTR/ERVL-MaLR	795	-	89	23431233	18351
chr8	23412882	23612882	harbor1	chr8	23459471	23459925	LTR/ERVL-MaLR	1875	-	227	23459698	46816
chr8	23412882	23612882	harbor1	chr8	23467093	23467153	LTR/ERVL-MaLR	464	-	30	23467123	54241
chr8	23412882	23612882	harbor1	chr8	23470865	23471329	LTR/ERVL-MaLR	1477	-	232	23471097	58215
chr8	29983323	30183323	harbor1	chr8	30005102	30005463	LTR/ERVL-MaLR	2085	-	180	30005282	21959
chr8	29983323	30183323	harbor1	chr8	30016563	30016915	LTR/ERVL-MaLR	2373	-	176	30016739	33416
chr8	29983323	30183323	harbor1	chr8	30026064	30026536	LTR/ERVL-MaLR	2468	-	236	30026300	42977
chr8	29983323	30183323	harbor1	chr8	30041128	30041459	LTR/ERVL-MaLR	896	-	166	30041294	57971
chr8	29983323	30183323	harbor1	chr8	30041758	30041854	LTR/ERVL-MaLR	896	-	48	30041806	58483
chr8	29983323	30183323	harbor1	chr8	30042228	30042550	LTR/ERVL-MaLR	1135	-	161	30042389	59066
chr8	29983323	30183323	harbor1	chr8	30043909	30044195	LTR/ERVL-MaLR	1045	-	143	30044052	60729
chr8	29983323	30183323	harbor1	chr8	30044195	30044327	LTR/ERVL-MaLR	501	-	66	30044261	60938
chr8	29983323	30183323	harbor1	chr8	30058177	30058466	LTR/ERVL-MaLR	1318	-	144	30058321	74998
chr8	29983323	30183323	harbor1	chr8	30059192	30059242	LTR/ERVL-MaLR	1318	-	25	30059217	75894
chr8	29983355	30183355	harbor1	chr8	30005102	30005463	LTR/ERVL-MaLR	2085	-	180	30005282	21927
chr8	29983355	30183355	harbor1	chr8	30016563	30016915	LTR/ERVL-MaLR	2373	-	176	30016739	33384
chr8	29983355	30183355	harbor1	chr8	30026064	30026536	LTR/ERVL-MaLR	2468	-	236	30026300	42945
chr8	29983355	30183355	harbor1	chr8	30041128	30041459	LTR/ERVL-MaLR	896	-	166	30041294	57939
chr8	29983355	30183355	harbor1	chr8	30041758	30041854	LTR/ERVL-MaLR	896	-	48	30041806	58451
chr8	29983355	30183355	harbor1	chr8	30042228	30042550	LTR/ERVL-MaLR	1135	-	161	30042389	59034
chr8	29983355	30183355	harbor1	chr8	30043909	30044195	LTR/ERVL-MaLR	1045	-	143	30044052	60697
chr8	29983355	30183355	harbor1	chr8	30044195	30044327	LTR/ERVL-MaLR	501	-	66	30044261	60906
chr8	29983355	30183355	harbor1	chr8	30058177	30058466	LTR/ERVL-MaLR	1318	-	144	30058321	74966
chr8	29983355	30183355	harbor1	chr8	30059192	30059242	LTR/ERVL-MaLR	1318	-	25	30059217	75862
chr8	89884330	90084330	harbor1	chr8	89890941	89891310	LTR/ERVL-MaLR	966	-	184	89891125	6795
chr8	89884330	90084330	harbor1	chr8	89910933	89911348	LTR/ERVL-MaLR	1048	-	208	89911141	26811
chr8	89884330	90084330	harbor1	chr8	89915138	89915498	LTR/ERVL-MaLR	1641	-	180	89915318	30988
chr8	104489421	104689421	harbor1	chr8	104567177	104567527	LTR/ERVL-MaLR	2497	-	175	104567352	77931
chr8	23373996	23573996	harbor1	chr8	23390816	23390930	LTR/ERVL-MaLR	1981	-	57	23390873	16877
chr8	23373996	23573996	harbor1	chr8	23390968	23391197	LTR/ERVL-MaLR	1981	-	114	23391082	17086
chr8	23373996	23573996	harbor1	chr8	23400199	23400544	LTR/ERVL-MaLR	2405	-	172	23400371	26375
chr8	23373996	23573996	harbor1	chr8	23411855	23412175	LTR/ERVL-MaLR	1668	-	160	23412015	38019
chr8	23373996	23573996	harbor1	chr8	23419509	23419592	LTR/ERVL-MaLR	410	-	42	23419551	45555
chr8	23373996	23573996	harbor1	chr8	23431144	23431322	LTR/ERVL-MaLR	795	-	89	23431233	57237
chr8	23373996	23573996	harbor1	chr8	23459471	23459925	LTR/ERVL-MaLR	1875	-	227	23459698	85702
chr8	23373996	23573996	harbor1	chr8	23467093	23467153	LTR/ERVL-MaLR	464	-	30	23467123	93127
chr8	23373996	23573996	harbor1	chr8	23470865	23471329	LTR/ERVL-MaLR	1477	-	232	23471097	97101
chr8	28286313	28486313	harbor1	chr8	28304364	28304735	LTR/ERVL-MaLR	1897	-	186	28304550	18237
chr8	28286313	28486313	harbor1	chr8	28314830	28315101	LTR/ERVL-MaLR	857	-	136	28314966	28653
chr8	28286313	28486313	harbor1	chr8	28315407	28315586	LTR/ERVL-MaLR	857	-	90	28315497	29184
chr8	28286313	28486313	harbor1	chr8	28327496	28327565	LTR/ERVL-MaLR	1903	-	34	28327530	41217
chr8	28286313	28486313	harbor1	chr8	28328378	28328462	LTR/ERVL-MaLR	1903	-	42	28328420	42107
chr8	28286313	28486313	harbor1	chr8	28340592	28340980	LTR/ERVL-MaLR	2023	-	194	28340786	54473
chr8	28286313	28486313	harbor1	chr8	28327816	28328059	LTR/ERVL-MaLR	1903	-	122	28327938	41625
chr8	23583116	23783116	harbor1	chr8	23597034	23597383	LTR/ERVL-MaLR	1985	-	174	23597208	14092
chr8	23583116	23783116	harbor1	chr8	23609152	23609211	LTR/ERVL-MaLR	1089	-	30	23609182	26066
chr8	23583116	23783116	harbor1	chr8	23609524	23609710	LTR/ERVL-MaLR	1089	-	93	23609617	26501
chr8	23583116	23783116	harbor1	chr8	23610161	23610290	LTR/ERVL-MaLR	813	-	64	23610225	27109
chr8	23583116	23783116	harbor1	chr8	23621152	23621305	LTR/ERVL-MaLR	1273	-	76	23621228	38112
chr8	23583116	23783116	harbor1	chr8	23621599	23621952	LTR/ERVL-MaLR	1273	-	176	23621775	38659
chr8	23583116	23783116	harbor1	chr8	23636939	23637304	LTR/ERVL-MaLR	1088	-	182	23637121	54005
chr8	138710571	138910571	harbor1	chr8	138790092	138790423	LTR/ERVL-MaLR	2006	-	166	138790258	79687
chr9	4883718	5083718	harbor1	chr9	4884078	4884458	LTR/ERVL-MaLR	1733	-	190	4884268	550
chr9	4883718	5083718	harbor1	chr9	4886834	4886928	LTR/ERVL-MaLR	1082	-	47	4886881	3163
chr9	4883718	5083718	harbor1	chr9	4887564	4887920	LTR/ERVL-MaLR	1082	-	178	4887742	4024
chr9	4883718	5083718	harbor1	chr9	4894611	4894998	LTR/ERVL-MaLR	727	-	194	4894805	11087
chr9	4883718	5083718	harbor1	chr9	4922418	4923063	LTR/ERVL-MaLR	1630	-	322	4922740	39022
chr9	4883718	5083718	harbor1	chr9	4980543	4980842	LTR/ERVL-MaLR	493	-	150	4980693	96975
chr9	4884896	5084896	harbor1	chr9	4886834	4886928	LTR/ERVL-MaLR	1082	-	47	4886881	1985
chr9	4884896	5084896	harbor1	chr9	4887564	4887920	LTR/ERVL-MaLR	1082	-	178	4887742	2846
chr9	4884896	5084896	harbor1	chr9	4894611	4894998	LTR/ERVL-MaLR	727	-	194	4894805	9909
chr9	4884896	5084896	harbor1	chr9	4922418	4923063	LTR/ERVL-MaLR	1630	-	322	4922740	37844
chr9	4884896	5084896	harbor1	chr9	4980543	4980842	LTR/ERVL-MaLR	493	-	150	4980693	95797
chr9	4883068	5083068	harbor1	chr9	4884078	4884458	LTR/ERVL-MaLR	1733	-	190	4884268	1200
chr9	4883068	5083068	harbor1	chr9	4886834	4886928	LTR/ERVL-MaLR	1082	-	47	4886881	3813
chr9	4883068	5083068	harbor1	chr9	4887564	4887920	LTR/ERVL-MaLR	1082	-	178	4887742	4674
chr9	4883068	5083068	harbor1	chr9	4894611	4894998	LTR/ERVL-MaLR	727	-	194	4894805	11737
chr9	4883068	5083068	harbor1	chr9	4922418	4923063	LTR/ERVL-MaLR	1630	-	322	4922740	39672
chr9	4883068	5083068	harbor1	chr9	4980543	4980842	LTR/ERVL-MaLR	493	-	150	4980693	97625
chr9	4483026	4683026	harbor1	chr9	4510393	4510838	LTR/ERVL-MaLR	624	-	222	4510615	27589
chr9	4483026	4683026	harbor1	chr9	4511153	4511517	LTR/ERVL-MaLR	2246	-	182	4511335	28309
chr9	4483026	4683026	harbor1	chr9	4515093	4515360	LTR/ERVL-MaLR	982	-	134	4515227	32201
chr9	4483026	4683026	harbor1	chr9	4522543	4522923	LTR/ERVL-MaLR	2470	-	190	4522733	39707
chr9	4483026	4683026	harbor1	chr9	4524512	4525033	LTR/ERVL-MaLR	1668	-	260	4524772	41746
chr9	4483026	4683026	harbor1	chr9	4544733	4545112	LTR/ERVL-MaLR	2418	-	190	4544923	61897
chr9	4483026	4683026	harbor1	chr9	4565341	4565711	LTR/ERVL-MaLR	2187	-	185	4565526	82500
chr9	137214159	137414159	harbor1	chr9	137268237	137268303	LTR/ERVL-MaLR	630	-	33	137268270	54111
chr9	137214159	137414159	harbor1	chr9	137268599	137268728	LTR/ERVL-MaLR	630	-	64	137268663	54504
chr9	137214159	137414159	harbor1	chr9	137283633	137283705	LTR/ERVL-MaLR	489	-	36	137283669	69510
chr9	137214159	137414159	harbor1	chr9	137284013	137284084	LTR/ERVL-MaLR	489	-	36	137284049	69890
chr9	4884791	5084791	harbor1	chr9	4886834	4886928	LTR/ERVL-MaLR	1082	-	47	4886881	2090
chr9	4884791	5084791	harbor1	chr9	4887564	4887920	LTR/ERVL-MaLR	1082	-	178	4887742	2951
chr9	4884791	5084791	harbor1	chr9	4894611	4894998	LTR/ERVL-MaLR	727	-	194	4894805	10014
chr9	4884791	5084791	harbor1	chr9	4922418	4923063	LTR/ERVL-MaLR	1630	-	322	4922740	37949
chr9	4884791	5084791	harbor1	chr9	4980543	4980842	LTR/ERVL-MaLR	493	-	150	4980693	95902
chr9	4879886	5079886	harbor1	chr9	4880477	4880932	LTR/ERVL-MaLR	2106	-	228	4880705	819
chr9	4879886	5079886	harbor1	chr9	4881763	4882042	LTR/ERVL-MaLR	800	-	140	4881903	2017
chr9	4879886	5079886	harbor1	chr9	4884078	4884458	LTR/ERVL-MaLR	1733	-	190	4884268	4382
chr9	4879886	5079886	harbor1	chr9	4886834	4886928	LTR/ERVL-MaLR	1082	-	47	4886881	6995
chr9	4879886	5079886	harbor1	chr9	4887564	4887920	LTR/ERVL-MaLR	1082	-	178	4887742	7856
chr9	4879886	5079886	harbor1	chr9	4894611	4894998	LTR/ERVL-MaLR	727	-	194	4894805	14919
chr9	4879886	5079886	harbor1	chr9	4922418	4923063	LTR/ERVL-MaLR	1630	-	322	4922740	42854
chr9	4879886	5079886	harbor1	chr9	4882157	4882503	LTR/ERVL-MaLR	979	-	173	4882330	2444
chr9	4692784	4892784	harbor1	chr9	4750728	4751034	LTR/ERVL-MaLR	722	-	153	4750881	58097
chr9	4692784	4892784	harbor1	chr9	4774265	4774564	LTR/ERVL-MaLR	941	-	150	4774415	81631
chr9	4692784	4892784	harbor1	chr9	4751222	4751590	LTR/ERVL-MaLR	1137	-	184	4751406	58622
chr9	137213401	137413401	harbor1	chr9	137268237	137268303	LTR/ERVL-MaLR	630	-	33	137268270	54869
chr9	137213401	137413401	harbor1	chr9	137268599	137268728	LTR/ERVL-MaLR	630	-	64	137268663	55262
chr9	137213401	137413401	harbor1	chr9	137283633	137283705	LTR/ERVL-MaLR	489	-	36	137283669	70268
chr9	137213401	137413401	harbor1	chr9	137284013	137284084	LTR/ERVL-MaLR	489	-	36	137284049	70648
chr9	4884806	5084806	harbor1	chr9	4886834	4886928	LTR/ERVL-MaLR	1082	-	47	4886881	2075
chr9	4884806	5084806	harbor1	chr9	4887564	4887920	LTR/ERVL-MaLR	1082	-	178	4887742	2936
chr9	4884806	5084806	harbor1	chr9	4894611	4894998	LTR/ERVL-MaLR	727	-	194	4894805	9999
chr9	4884806	5084806	harbor1	chr9	4922418	4923063	LTR/ERVL-MaLR	1630	-	322	4922740	37934
chr9	4884806	5084806	harbor1	chr9	4980543	4980842	LTR/ERVL-MaLR	493	-	150	4980693	95887
chr9	4669274	4869274	harbor1	chr9	4669109	4669368	LTR/ERVL-MaLR	1635	-	130	4669239	35
chr9	4669274	4869274	harbor1	chr9	4669678	4669886	LTR/ERVL-MaLR	1635	-	104	4669782	508
chr9	4669274	4869274	harbor1	chr9	4750728	4751034	LTR/ERVL-MaLR	722	-	153	4750881	81607
chr9	4669274	4869274	harbor1	chr9	4751222	4751590	LTR/ERVL-MaLR	1137	-	184	4751406	82132
chr9	4692259	4892259	harbor1	chr9	4750728	4751034	LTR/ERVL-MaLR	722	-	153	4750881	58622
chr9	4692259	4892259	harbor1	chr9	4774265	4774564	LTR/ERVL-MaLR	941	-	150	4774415	82156
chr9	4692259	4892259	harbor1	chr9	4751222	4751590	LTR/ERVL-MaLR	1137	-	184	4751406	59147
chr9	4867341	5067341	harbor1	chr9	4867596	4867764	LTR/ERVL-MaLR	592	-	84	4867680	339
chr9	4867341	5067341	harbor1	chr9	4872834	4873363	LTR/ERVL-MaLR	891	-	264	4873098	5757
chr9	4867341	5067341	harbor1	chr9	4880477	4880932	LTR/ERVL-MaLR	2106	-	228	4880705	13364
chr9	4867341	5067341	harbor1	chr9	4881763	4882042	LTR/ERVL-MaLR	800	-	140	4881903	14562
chr9	4867341	5067341	harbor1	chr9	4884078	4884458	LTR/ERVL-MaLR	1733	-	190	4884268	16927
chr9	4867341	5067341	harbor1	chr9	4886834	4886928	LTR/ERVL-MaLR	1082	-	47	4886881	19540
chr9	4867341	5067341	harbor1	chr9	4887564	4887920	LTR/ERVL-MaLR	1082	-	178	4887742	20401
chr9	4867341	5067341	harbor1	chr9	4894611	4894998	LTR/ERVL-MaLR	727	-	194	4894805	27464
chr9	4867341	5067341	harbor1	chr9	4922418	4923063	LTR/ERVL-MaLR	1630	-	322	4922740	55399
chr9	4867341	5067341	harbor1	chr9	4882157	4882503	LTR/ERVL-MaLR	979	-	173	4882330	14989
chr9	4883408	5083408	harbor1	chr9	4884078	4884458	LTR/ERVL-MaLR	1733	-	190	4884268	860
chr9	4883408	5083408	harbor1	chr9	4886834	4886928	LTR/ERVL-MaLR	1082	-	47	4886881	3473
chr9	4883408	5083408	harbor1	chr9	4887564	4887920	LTR/ERVL-MaLR	1082	-	178	4887742	4334
chr9	4883408	5083408	harbor1	chr9	4894611	4894998	LTR/ERVL-MaLR	727	-	194	4894805	11397
chr9	4883408	5083408	harbor1	chr9	4922418	4923063	LTR/ERVL-MaLR	1630	-	322	4922740	39332
chr9	4883408	5083408	harbor1	chr9	4980543	4980842	LTR/ERVL-MaLR	493	-	150	4980693	97285
chr9	4884822	5084822	harbor1	chr9	4886834	4886928	LTR/ERVL-MaLR	1082	-	47	4886881	2059
chr9	4884822	5084822	harbor1	chr9	4887564	4887920	LTR/ERVL-MaLR	1082	-	178	4887742	2920
chr9	4884822	5084822	harbor1	chr9	4894611	4894998	LTR/ERVL-MaLR	727	-	194	4894805	9983
chr9	4884822	5084822	harbor1	chr9	4922418	4923063	LTR/ERVL-MaLR	1630	-	322	4922740	37918
chr9	4884822	5084822	harbor1	chr9	4980543	4980842	LTR/ERVL-MaLR	493	-	150	4980693	95871
chr9	4641119	4841119	harbor1	chr9	4645308	4645632	LTR/ERVL-MaLR	1966	-	162	4645470	4351
chr9	4641119	4841119	harbor1	chr9	4669109	4669368	LTR/ERVL-MaLR	1635	-	130	4669239	28120
chr9	4641119	4841119	harbor1	chr9	4669678	4669886	LTR/ERVL-MaLR	1635	-	104	4669782	28663
chr9	4580286	4780286	harbor1	chr9	4599498	4599848	LTR/ERVL-MaLR	2008	-	175	4599673	19387
chr9	4580286	4780286	harbor1	chr9	4645308	4645632	LTR/ERVL-MaLR	1966	-	162	4645470	65184
chr9	4580286	4780286	harbor1	chr9	4669109	4669368	LTR/ERVL-MaLR	1635	-	130	4669239	88953
chr9	4580286	4780286	harbor1	chr9	4669678	4669886	LTR/ERVL-MaLR	1635	-	104	4669782	89496
chr9	112387325	112587325	harbor1	chr9	112400624	112401028	LTR/ERVL-MaLR	1556	-	202	112400826	13501
chr9	112387325	112587325	harbor1	chr9	112467548	112467708	LTR/ERVL-MaLR	814	-	80	112467628	80303
chr9	4692922	4892922	harbor1	chr9	4750728	4751034	LTR/ERVL-MaLR	722	-	153	4750881	57959
chr9	4692922	4892922	harbor1	chr9	4774265	4774564	LTR/ERVL-MaLR	941	-	150	4774415	81493
chr9	4692922	4892922	harbor1	chr9	4751222	4751590	LTR/ERVL-MaLR	1137	-	184	4751406	58484
chr9	79473193	79673193	harbor1	chr9	79492896	79493451	LTR/ERVL-MaLR	738	-	278	79493174	19981
chr9	79473193	79673193	harbor1	chr9	79513657	79514077	LTR/ERVL-MaLR	2093	-	210	79513867	40674
chr9	4694655	4894655	harbor1	chr9	4750728	4751034	LTR/ERVL-MaLR	722	-	153	4750881	56226
chr9	4694655	4894655	harbor1	chr9	4774265	4774564	LTR/ERVL-MaLR	941	-	150	4774415	79760
chr9	4694655	4894655	harbor1	chr9	4751222	4751590	LTR/ERVL-MaLR	1137	-	184	4751406	56751
chr9	4771292	4971292	harbor1	chr9	4774265	4774564	LTR/ERVL-MaLR	941	-	150	4774415	3123
chr9	4771292	4971292	harbor1	chr9	4821436	4821649	LTR/ERVL-MaLR	1022	-	106	4821542	50250
chr9	4771292	4971292	harbor1	chr9	4821778	4821972	LTR/ERVL-MaLR	822	-	97	4821875	50583
chr9	4771292	4971292	harbor1	chr9	4861773	4862272	LTR/ERVL-MaLR	1656	-	250	4862023	90731
chr9	4771292	4971292	harbor1	chr9	4867596	4867764	LTR/ERVL-MaLR	592	-	84	4867680	96388
chr9	4726841	4926841	harbor1	chr9	4750728	4751034	LTR/ERVL-MaLR	722	-	153	4750881	24040
chr9	4726841	4926841	harbor1	chr9	4774265	4774564	LTR/ERVL-MaLR	941	-	150	4774415	47574
chr9	4726841	4926841	harbor1	chr9	4821436	4821649	LTR/ERVL-MaLR	1022	-	106	4821542	94701
chr9	4726841	4926841	harbor1	chr9	4821778	4821972	LTR/ERVL-MaLR	822	-	97	4821875	95034
chr9	4726841	4926841	harbor1	chr9	4751222	4751590	LTR/ERVL-MaLR	1137	-	184	4751406	24565
chr9	4883803	5083803	harbor1	chr9	4884078	4884458	LTR/ERVL-MaLR	1733	-	190	4884268	465
chr9	4883803	5083803	harbor1	chr9	4886834	4886928	LTR/ERVL-MaLR	1082	-	47	4886881	3078
chr9	4883803	5083803	harbor1	chr9	4887564	4887920	LTR/ERVL-MaLR	1082	-	178	4887742	3939
chr9	4883803	5083803	harbor1	chr9	4894611	4894998	LTR/ERVL-MaLR	727	-	194	4894805	11002
chr9	4883803	5083803	harbor1	chr9	4922418	4923063	LTR/ERVL-MaLR	1630	-	322	4922740	38937
chr9	4883803	5083803	harbor1	chr9	4980543	4980842	LTR/ERVL-MaLR	493	-	150	4980693	96890
chr9	112387187	112587187	harbor1	chr9	112400624	112401028	LTR/ERVL-MaLR	1556	-	202	112400826	13639
chr9	112387187	112587187	harbor1	chr9	112467548	112467708	LTR/ERVL-MaLR	814	-	80	112467628	80441
chr9	4681965	4881965	harbor1	chr9	4750728	4751034	LTR/ERVL-MaLR	722	-	153	4750881	68916
chr9	4681965	4881965	harbor1	chr9	4774265	4774564	LTR/ERVL-MaLR	941	-	150	4774415	92450
chr9	4681965	4881965	harbor1	chr9	4751222	4751590	LTR/ERVL-MaLR	1137	-	184	4751406	69441
chr9	4885009	5085009	harbor1	chr9	4886834	4886928	LTR/ERVL-MaLR	1082	-	47	4886881	1872
chr9	4885009	5085009	harbor1	chr9	4887564	4887920	LTR/ERVL-MaLR	1082	-	178	4887742	2733
chr9	4885009	5085009	harbor1	chr9	4894611	4894998	LTR/ERVL-MaLR	727	-	194	4894805	9796
chr9	4885009	5085009	harbor1	chr9	4922418	4923063	LTR/ERVL-MaLR	1630	-	322	4922740	37731
chr9	4885009	5085009	harbor1	chr9	4980543	4980842	LTR/ERVL-MaLR	493	-	150	4980693	95684
chr9	4692767	4892767	harbor1	chr9	4750728	4751034	LTR/ERVL-MaLR	722	-	153	4750881	58114
chr9	4692767	4892767	harbor1	chr9	4774265	4774564	LTR/ERVL-MaLR	941	-	150	4774415	81648
chr9	4692767	4892767	harbor1	chr9	4751222	4751590	LTR/ERVL-MaLR	1137	-	184	4751406	58639
chr9	4697988	4897988	harbor1	chr9	4750728	4751034	LTR/ERVL-MaLR	722	-	153	4750881	52893
chr9	4697988	4897988	harbor1	chr9	4774265	4774564	LTR/ERVL-MaLR	941	-	150	4774415	76427
chr9	4697988	4897988	harbor1	chr9	4751222	4751590	LTR/ERVL-MaLR	1137	-	184	4751406	53418
chr9	4642306	4842306	harbor1	chr9	4645308	4645632	LTR/ERVL-MaLR	1966	-	162	4645470	3164
chr9	4642306	4842306	harbor1	chr9	4669109	4669368	LTR/ERVL-MaLR	1635	-	130	4669239	26933
chr9	4642306	4842306	harbor1	chr9	4669678	4669886	LTR/ERVL-MaLR	1635	-	104	4669782	27476
chr9	4692228	4892228	harbor1	chr9	4750728	4751034	LTR/ERVL-MaLR	722	-	153	4750881	58653
chr9	4692228	4892228	harbor1	chr9	4774265	4774564	LTR/ERVL-MaLR	941	-	150	4774415	82187
chr9	4692228	4892228	harbor1	chr9	4751222	4751590	LTR/ERVL-MaLR	1137	-	184	4751406	59178
chr9	4663605	4863605	harbor1	chr9	4669109	4669368	LTR/ERVL-MaLR	1635	-	130	4669239	5634
chr9	4663605	4863605	harbor1	chr9	4669678	4669886	LTR/ERVL-MaLR	1635	-	104	4669782	6177
chr9	4663605	4863605	harbor1	chr9	4750728	4751034	LTR/ERVL-MaLR	722	-	153	4750881	87276
chr9	4663605	4863605	harbor1	chr9	4751222	4751590	LTR/ERVL-MaLR	1137	-	184	4751406	87801
chr9	4692785	4892785	harbor1	chr9	4750728	4751034	LTR/ERVL-MaLR	722	-	153	4750881	58096
chr9	4692785	4892785	harbor1	chr9	4774265	4774564	LTR/ERVL-MaLR	941	-	150	4774415	81630
chr9	4692785	4892785	harbor1	chr9	4751222	4751590	LTR/ERVL-MaLR	1137	-	184	4751406	58621
chr9	3260153	3460153	harbor1	chr9	3358674	3359045	LTR/ERVL-MaLR	2305	-	186	3358860	98707
chr9	4692247	4892247	harbor1	chr9	4750728	4751034	LTR/ERVL-MaLR	722	-	153	4750881	58634
chr9	4692247	4892247	harbor1	chr9	4774265	4774564	LTR/ERVL-MaLR	941	-	150	4774415	82168
chr9	4692247	4892247	harbor1	chr9	4751222	4751590	LTR/ERVL-MaLR	1137	-	184	4751406	59159
chr9	4692230	4892230	harbor1	chr9	4750728	4751034	LTR/ERVL-MaLR	722	-	153	4750881	58651
chr9	4692230	4892230	harbor1	chr9	4774265	4774564	LTR/ERVL-MaLR	941	-	150	4774415	82185
chr9	4692230	4892230	harbor1	chr9	4751222	4751590	LTR/ERVL-MaLR	1137	-	184	4751406	59176
chr9	4650540	4850540	harbor1	chr9	4669109	4669368	LTR/ERVL-MaLR	1635	-	130	4669239	18699
chr9	4650540	4850540	harbor1	chr9	4669678	4669886	LTR/ERVL-MaLR	1635	-	104	4669782	19242
chr9	4883789	5083789	harbor1	chr9	4884078	4884458	LTR/ERVL-MaLR	1733	-	190	4884268	479
chr9	4883789	5083789	harbor1	chr9	4886834	4886928	LTR/ERVL-MaLR	1082	-	47	4886881	3092
chr9	4883789	5083789	harbor1	chr9	4887564	4887920	LTR/ERVL-MaLR	1082	-	178	4887742	3953
chr9	4883789	5083789	harbor1	chr9	4894611	4894998	LTR/ERVL-MaLR	727	-	194	4894805	11016
chr9	4883789	5083789	harbor1	chr9	4922418	4923063	LTR/ERVL-MaLR	1630	-	322	4922740	38951
chr9	4883789	5083789	harbor1	chr9	4980543	4980842	LTR/ERVL-MaLR	493	-	150	4980693	96904
chr9	4830192	5030192	harbor1	chr9	4861773	4862272	LTR/ERVL-MaLR	1656	-	250	4862023	31831
chr9	4830192	5030192	harbor1	chr9	4867596	4867764	LTR/ERVL-MaLR	592	-	84	4867680	37488
chr9	4830192	5030192	harbor1	chr9	4872834	4873363	LTR/ERVL-MaLR	891	-	264	4873098	42906
chr9	4830192	5030192	harbor1	chr9	4880477	4880932	LTR/ERVL-MaLR	2106	-	228	4880705	50513
chr9	4830192	5030192	harbor1	chr9	4881763	4882042	LTR/ERVL-MaLR	800	-	140	4881903	51711
chr9	4830192	5030192	harbor1	chr9	4884078	4884458	LTR/ERVL-MaLR	1733	-	190	4884268	54076
chr9	4830192	5030192	harbor1	chr9	4886834	4886928	LTR/ERVL-MaLR	1082	-	47	4886881	56689
chr9	4830192	5030192	harbor1	chr9	4887564	4887920	LTR/ERVL-MaLR	1082	-	178	4887742	57550
chr9	4830192	5030192	harbor1	chr9	4894611	4894998	LTR/ERVL-MaLR	727	-	194	4894805	64613
chr9	4830192	5030192	harbor1	chr9	4922418	4923063	LTR/ERVL-MaLR	1630	-	322	4922740	92548
chr9	4830192	5030192	harbor1	chr9	4882157	4882503	LTR/ERVL-MaLR	979	-	173	4882330	52138
chr9	137214640	137414640	harbor1	chr9	137268237	137268303	LTR/ERVL-MaLR	630	-	33	137268270	53630
chr9	137214640	137414640	harbor1	chr9	137268599	137268728	LTR/ERVL-MaLR	630	-	64	137268663	54023
chr9	137214640	137414640	harbor1	chr9	137283633	137283705	LTR/ERVL-MaLR	489	-	36	137283669	69029
chr9	137214640	137414640	harbor1	chr9	137284013	137284084	LTR/ERVL-MaLR	489	-	36	137284049	69409
chr9	4692833	4892833	harbor1	chr9	4750728	4751034	LTR/ERVL-MaLR	722	-	153	4750881	58048
chr9	4692833	4892833	harbor1	chr9	4774265	4774564	LTR/ERVL-MaLR	941	-	150	4774415	81582
chr9	4692833	4892833	harbor1	chr9	4751222	4751590	LTR/ERVL-MaLR	1137	-	184	4751406	58573
chr9	4866218	5066218	harbor1	chr9	4867596	4867764	LTR/ERVL-MaLR	592	-	84	4867680	1462
chr9	4866218	5066218	harbor1	chr9	4872834	4873363	LTR/ERVL-MaLR	891	-	264	4873098	6880
chr9	4866218	5066218	harbor1	chr9	4880477	4880932	LTR/ERVL-MaLR	2106	-	228	4880705	14487
chr9	4866218	5066218	harbor1	chr9	4881763	4882042	LTR/ERVL-MaLR	800	-	140	4881903	15685
chr9	4866218	5066218	harbor1	chr9	4884078	4884458	LTR/ERVL-MaLR	1733	-	190	4884268	18050
chr9	4866218	5066218	harbor1	chr9	4886834	4886928	LTR/ERVL-MaLR	1082	-	47	4886881	20663
chr9	4866218	5066218	harbor1	chr9	4887564	4887920	LTR/ERVL-MaLR	1082	-	178	4887742	21524
chr9	4866218	5066218	harbor1	chr9	4894611	4894998	LTR/ERVL-MaLR	727	-	194	4894805	28587
chr9	4866218	5066218	harbor1	chr9	4922418	4923063	LTR/ERVL-MaLR	1630	-	322	4922740	56522
chr9	4866218	5066218	harbor1	chr9	4882157	4882503	LTR/ERVL-MaLR	979	-	173	4882330	16112
chr9	92958938	93158938	harbor1	chr9	92961594	92962008	LTR/ERVL-MaLR	1666	-	207	92961801	2863
chr9	92958938	93158938	harbor1	chr9	92971084	92971218	LTR/ERVL-MaLR	571	-	67	92971151	12213
chr9	92958938	93158938	harbor1	chr9	93027336	93027630	LTR/ERVL-MaLR	1556	-	147	93027483	68545
chr9	4883747	5083747	harbor1	chr9	4884078	4884458	LTR/ERVL-MaLR	1733	-	190	4884268	521
chr9	4883747	5083747	harbor1	chr9	4886834	4886928	LTR/ERVL-MaLR	1082	-	47	4886881	3134
chr9	4883747	5083747	harbor1	chr9	4887564	4887920	LTR/ERVL-MaLR	1082	-	178	4887742	3995
chr9	4883747	5083747	harbor1	chr9	4894611	4894998	LTR/ERVL-MaLR	727	-	194	4894805	11058
chr9	4883747	5083747	harbor1	chr9	4922418	4923063	LTR/ERVL-MaLR	1630	-	322	4922740	38993
chr9	4883747	5083747	harbor1	chr9	4980543	4980842	LTR/ERVL-MaLR	493	-	150	4980693	96946
chr9	4883810	5083810	harbor1	chr9	4884078	4884458	LTR/ERVL-MaLR	1733	-	190	4884268	458
chr9	4883810	5083810	harbor1	chr9	4886834	4886928	LTR/ERVL-MaLR	1082	-	47	4886881	3071
chr9	4883810	5083810	harbor1	chr9	4887564	4887920	LTR/ERVL-MaLR	1082	-	178	4887742	3932
chr9	4883810	5083810	harbor1	chr9	4894611	4894998	LTR/ERVL-MaLR	727	-	194	4894805	10995
chr9	4883810	5083810	harbor1	chr9	4922418	4923063	LTR/ERVL-MaLR	1630	-	322	4922740	38930
chr9	4883810	5083810	harbor1	chr9	4980543	4980842	LTR/ERVL-MaLR	493	-	150	4980693	96883
chr9	4883816	5083816	harbor1	chr9	4884078	4884458	LTR/ERVL-MaLR	1733	-	190	4884268	452
chr9	4883816	5083816	harbor1	chr9	4886834	4886928	LTR/ERVL-MaLR	1082	-	47	4886881	3065
chr9	4883816	5083816	harbor1	chr9	4887564	4887920	LTR/ERVL-MaLR	1082	-	178	4887742	3926
chr9	4883816	5083816	harbor1	chr9	4894611	4894998	LTR/ERVL-MaLR	727	-	194	4894805	10989
chr9	4883816	5083816	harbor1	chr9	4922418	4923063	LTR/ERVL-MaLR	1630	-	322	4922740	38924
chr9	4883816	5083816	harbor1	chr9	4980543	4980842	LTR/ERVL-MaLR	493	-	150	4980693	96877
chr9	4884825	5084825	harbor1	chr9	4886834	4886928	LTR/ERVL-MaLR	1082	-	47	4886881	2056
chr9	4884825	5084825	harbor1	chr9	4887564	4887920	LTR/ERVL-MaLR	1082	-	178	4887742	2917
chr9	4884825	5084825	harbor1	chr9	4894611	4894998	LTR/ERVL-MaLR	727	-	194	4894805	9980
chr9	4884825	5084825	harbor1	chr9	4922418	4923063	LTR/ERVL-MaLR	1630	-	322	4922740	37915
chr9	4884825	5084825	harbor1	chr9	4980543	4980842	LTR/ERVL-MaLR	493	-	150	4980693	95868
chr9	4884808	5084808	harbor1	chr9	4886834	4886928	LTR/ERVL-MaLR	1082	-	47	4886881	2073
chr9	4884808	5084808	harbor1	chr9	4887564	4887920	LTR/ERVL-MaLR	1082	-	178	4887742	2934
chr9	4884808	5084808	harbor1	chr9	4894611	4894998	LTR/ERVL-MaLR	727	-	194	4894805	9997
chr9	4884808	5084808	harbor1	chr9	4922418	4923063	LTR/ERVL-MaLR	1630	-	322	4922740	37932
chr9	4884808	5084808	harbor1	chr9	4980543	4980842	LTR/ERVL-MaLR	493	-	150	4980693	95885
chr9	4663129	4863129	harbor1	chr9	4669109	4669368	LTR/ERVL-MaLR	1635	-	130	4669239	6110
chr9	4663129	4863129	harbor1	chr9	4669678	4669886	LTR/ERVL-MaLR	1635	-	104	4669782	6653
chr9	4663129	4863129	harbor1	chr9	4750728	4751034	LTR/ERVL-MaLR	722	-	153	4750881	87752
chr9	4663129	4863129	harbor1	chr9	4751222	4751590	LTR/ERVL-MaLR	1137	-	184	4751406	88277
chr9	4692827	4892827	harbor1	chr9	4750728	4751034	LTR/ERVL-MaLR	722	-	153	4750881	58054
chr9	4692827	4892827	harbor1	chr9	4774265	4774564	LTR/ERVL-MaLR	941	-	150	4774415	81588
chr9	4692827	4892827	harbor1	chr9	4751222	4751590	LTR/ERVL-MaLR	1137	-	184	4751406	58579
chr9	111384785	111584785	harbor1	chr9	111461710	111462076	LTR/ERVL-MaLR	2077	-	183	111461893	77108
chr9	4692787	4892787	harbor1	chr9	4750728	4751034	LTR/ERVL-MaLR	722	-	153	4750881	58094
chr9	4692787	4892787	harbor1	chr9	4774265	4774564	LTR/ERVL-MaLR	941	-	150	4774415	81628
chr9	4692787	4892787	harbor1	chr9	4751222	4751590	LTR/ERVL-MaLR	1137	-	184	4751406	58619
chr9	4883160	5083160	harbor1	chr9	4884078	4884458	LTR/ERVL-MaLR	1733	-	190	4884268	1108
chr9	4883160	5083160	harbor1	chr9	4886834	4886928	LTR/ERVL-MaLR	1082	-	47	4886881	3721
chr9	4883160	5083160	harbor1	chr9	4887564	4887920	LTR/ERVL-MaLR	1082	-	178	4887742	4582
chr9	4883160	5083160	harbor1	chr9	4894611	4894998	LTR/ERVL-MaLR	727	-	194	4894805	11645
chr9	4883160	5083160	harbor1	chr9	4922418	4923063	LTR/ERVL-MaLR	1630	-	322	4922740	39580
chr9	4883160	5083160	harbor1	chr9	4980543	4980842	LTR/ERVL-MaLR	493	-	150	4980693	97533
chr9	112387209	112587209	harbor1	chr9	112400624	112401028	LTR/ERVL-MaLR	1556	-	202	112400826	13617
chr9	112387209	112587209	harbor1	chr9	112467548	112467708	LTR/ERVL-MaLR	814	-	80	112467628	80419
chr9	4776709	4976709	harbor1	chr9	4821436	4821649	LTR/ERVL-MaLR	1022	-	106	4821542	44833
chr9	4776709	4976709	harbor1	chr9	4821778	4821972	LTR/ERVL-MaLR	822	-	97	4821875	45166
chr9	4776709	4976709	harbor1	chr9	4861773	4862272	LTR/ERVL-MaLR	1656	-	250	4862023	85314
chr9	4776709	4976709	harbor1	chr9	4867596	4867764	LTR/ERVL-MaLR	592	-	84	4867680	90971
chr9	4776709	4976709	harbor1	chr9	4872834	4873363	LTR/ERVL-MaLR	891	-	264	4873098	96389
chr9	4692828	4892828	harbor1	chr9	4750728	4751034	LTR/ERVL-MaLR	722	-	153	4750881	58053
chr9	4692828	4892828	harbor1	chr9	4774265	4774564	LTR/ERVL-MaLR	941	-	150	4774415	81587
chr9	4692828	4892828	harbor1	chr9	4751222	4751590	LTR/ERVL-MaLR	1137	-	184	4751406	58578
chr9	4884936	5084936	harbor1	chr9	4886834	4886928	LTR/ERVL-MaLR	1082	-	47	4886881	1945
chr9	4884936	5084936	harbor1	chr9	4887564	4887920	LTR/ERVL-MaLR	1082	-	178	4887742	2806
chr9	4884936	5084936	harbor1	chr9	4894611	4894998	LTR/ERVL-MaLR	727	-	194	4894805	9869
chr9	4884936	5084936	harbor1	chr9	4922418	4923063	LTR/ERVL-MaLR	1630	-	322	4922740	37804
chr9	4884936	5084936	harbor1	chr9	4980543	4980842	LTR/ERVL-MaLR	493	-	150	4980693	95757
chr9	4692847	4892847	harbor1	chr9	4750728	4751034	LTR/ERVL-MaLR	722	-	153	4750881	58034
chr9	4692847	4892847	harbor1	chr9	4774265	4774564	LTR/ERVL-MaLR	941	-	150	4774415	81568
chr9	4692847	4892847	harbor1	chr9	4751222	4751590	LTR/ERVL-MaLR	1137	-	184	4751406	58559
chr9	4824136	5024136	harbor1	chr9	4861773	4862272	LTR/ERVL-MaLR	1656	-	250	4862023	37887
chr9	4824136	5024136	harbor1	chr9	4867596	4867764	LTR/ERVL-MaLR	592	-	84	4867680	43544
chr9	4824136	5024136	harbor1	chr9	4872834	4873363	LTR/ERVL-MaLR	891	-	264	4873098	48962
chr9	4824136	5024136	harbor1	chr9	4880477	4880932	LTR/ERVL-MaLR	2106	-	228	4880705	56569
chr9	4824136	5024136	harbor1	chr9	4881763	4882042	LTR/ERVL-MaLR	800	-	140	4881903	57767
chr9	4824136	5024136	harbor1	chr9	4884078	4884458	LTR/ERVL-MaLR	1733	-	190	4884268	60132
chr9	4824136	5024136	harbor1	chr9	4886834	4886928	LTR/ERVL-MaLR	1082	-	47	4886881	62745
chr9	4824136	5024136	harbor1	chr9	4887564	4887920	LTR/ERVL-MaLR	1082	-	178	4887742	63606
chr9	4824136	5024136	harbor1	chr9	4894611	4894998	LTR/ERVL-MaLR	727	-	194	4894805	70669
chr9	4824136	5024136	harbor1	chr9	4922418	4923063	LTR/ERVL-MaLR	1630	-	322	4922740	98604
chr9	4824136	5024136	harbor1	chr9	4882157	4882503	LTR/ERVL-MaLR	979	-	173	4882330	58194
chr9	4740507	4940507	harbor1	chr9	4750728	4751034	LTR/ERVL-MaLR	722	-	153	4750881	10374
chr9	4740507	4940507	harbor1	chr9	4774265	4774564	LTR/ERVL-MaLR	941	-	150	4774415	33908
chr9	4740507	4940507	harbor1	chr9	4821436	4821649	LTR/ERVL-MaLR	1022	-	106	4821542	81035
chr9	4740507	4940507	harbor1	chr9	4821778	4821972	LTR/ERVL-MaLR	822	-	97	4821875	81368
chr9	4740507	4940507	harbor1	chr9	4751222	4751590	LTR/ERVL-MaLR	1137	-	184	4751406	10899
chr9	112387193	112587193	harbor1	chr9	112400624	112401028	LTR/ERVL-MaLR	1556	-	202	112400826	13633
chr9	112387193	112587193	harbor1	chr9	112467548	112467708	LTR/ERVL-MaLR	814	-	80	112467628	80435
chr9	4879772	5079772	harbor1	chr9	4880477	4880932	LTR/ERVL-MaLR	2106	-	228	4880705	933
chr9	4879772	5079772	harbor1	chr9	4881763	4882042	LTR/ERVL-MaLR	800	-	140	4881903	2131
chr9	4879772	5079772	harbor1	chr9	4884078	4884458	LTR/ERVL-MaLR	1733	-	190	4884268	4496
chr9	4879772	5079772	harbor1	chr9	4886834	4886928	LTR/ERVL-MaLR	1082	-	47	4886881	7109
chr9	4879772	5079772	harbor1	chr9	4887564	4887920	LTR/ERVL-MaLR	1082	-	178	4887742	7970
chr9	4879772	5079772	harbor1	chr9	4894611	4894998	LTR/ERVL-MaLR	727	-	194	4894805	15033
chr9	4879772	5079772	harbor1	chr9	4922418	4923063	LTR/ERVL-MaLR	1630	-	322	4922740	42968
chr9	4879772	5079772	harbor1	chr9	4882157	4882503	LTR/ERVL-MaLR	979	-	173	4882330	2558
chr9	4883377	5083377	harbor1	chr9	4884078	4884458	LTR/ERVL-MaLR	1733	-	190	4884268	891
chr9	4883377	5083377	harbor1	chr9	4886834	4886928	LTR/ERVL-MaLR	1082	-	47	4886881	3504
chr9	4883377	5083377	harbor1	chr9	4887564	4887920	LTR/ERVL-MaLR	1082	-	178	4887742	4365
chr9	4883377	5083377	harbor1	chr9	4894611	4894998	LTR/ERVL-MaLR	727	-	194	4894805	11428
chr9	4883377	5083377	harbor1	chr9	4922418	4923063	LTR/ERVL-MaLR	1630	-	322	4922740	39363
chr9	4883377	5083377	harbor1	chr9	4980543	4980842	LTR/ERVL-MaLR	493	-	150	4980693	97316
chr9	3122465	3322465	harbor1	chr9	3150886	3151263	LTR/ERVL-MaLR	676	-	188	3151074	28609
chr9	3122465	3322465	harbor1	chr9	3161382	3161449	LTR/ERVL-MaLR	1103	-	34	3161416	38951
chr9	3122465	3322465	harbor1	chr9	3183530	3183973	LTR/ERVL-MaLR	970	-	222	3183752	61287
chr9	3122465	3322465	harbor1	chr9	3202646	3202891	LTR/ERVL-MaLR	1121	-	122	3202768	80303
chr9	3122465	3322465	harbor1	chr9	3202934	3203157	LTR/ERVL-MaLR	1121	-	112	3203046	80581
chr9	3122465	3322465	harbor1	chr9	3161757	3162217	LTR/ERVL-MaLR	1103	-	230	3161987	39522
chr9	134035598	134235598	harbor1	chr9	134093827	134094218	LTR/ERVL-MaLR	2174	-	196	134094023	58425
chr9	134035598	134235598	harbor1	chr9	134121362	134121750	LTR/ERVL-MaLR	1937	-	194	134121556	85958
chr9	4884878	5084878	harbor1	chr9	4886834	4886928	LTR/ERVL-MaLR	1082	-	47	4886881	2003
chr9	4884878	5084878	harbor1	chr9	4887564	4887920	LTR/ERVL-MaLR	1082	-	178	4887742	2864
chr9	4884878	5084878	harbor1	chr9	4894611	4894998	LTR/ERVL-MaLR	727	-	194	4894805	9927
chr9	4884878	5084878	harbor1	chr9	4922418	4923063	LTR/ERVL-MaLR	1630	-	322	4922740	37862
chr9	4884878	5084878	harbor1	chr9	4980543	4980842	LTR/ERVL-MaLR	493	-	150	4980693	95815
chr9	35656192	35856192	harbor1	chr9	35681313	35681539	LTR/ERVL-MaLR	809	-	113	35681426	25234
chr9	35656192	35856192	harbor1	chr9	35667802	35668042	LTR/ERVL-MaLR	618	-	120	35667922	11730
chr9	3361464	3561464	harbor1	chr9	3369144	3369489	LTR/ERVL-MaLR	1716	-	172	3369316	7852
chr9	3361464	3561464	harbor1	chr9	3455897	3456240	LTR/ERVL-MaLR	1185	-	172	3456069	94605
chr9	68242672	68442672	harbor1	chr9	68330043	68330485	LTR/ERVL-MaLR	1860	-	221	68330264	87592
chr9	68242672	68442672	harbor1	chr9	68332413	68332719	LTR/ERVL-MaLR	616	-	153	68332566	89894
chr9	4883431	5083431	harbor1	chr9	4884078	4884458	LTR/ERVL-MaLR	1733	-	190	4884268	837
chr9	4883431	5083431	harbor1	chr9	4886834	4886928	LTR/ERVL-MaLR	1082	-	47	4886881	3450
chr9	4883431	5083431	harbor1	chr9	4887564	4887920	LTR/ERVL-MaLR	1082	-	178	4887742	4311
chr9	4883431	5083431	harbor1	chr9	4894611	4894998	LTR/ERVL-MaLR	727	-	194	4894805	11374
chr9	4883431	5083431	harbor1	chr9	4922418	4923063	LTR/ERVL-MaLR	1630	-	322	4922740	39309
chr9	4883431	5083431	harbor1	chr9	4980543	4980842	LTR/ERVL-MaLR	493	-	150	4980693	97262
chr9	4738230	4938230	harbor1	chr9	4750728	4751034	LTR/ERVL-MaLR	722	-	153	4750881	12651
chr9	4738230	4938230	harbor1	chr9	4774265	4774564	LTR/ERVL-MaLR	941	-	150	4774415	36185
chr9	4738230	4938230	harbor1	chr9	4821436	4821649	LTR/ERVL-MaLR	1022	-	106	4821542	83312
chr9	4738230	4938230	harbor1	chr9	4821778	4821972	LTR/ERVL-MaLR	822	-	97	4821875	83645
chr9	4738230	4938230	harbor1	chr9	4751222	4751590	LTR/ERVL-MaLR	1137	-	184	4751406	13176
chr9	137214636	137414636	harbor1	chr9	137268237	137268303	LTR/ERVL-MaLR	630	-	33	137268270	53634
chr9	137214636	137414636	harbor1	chr9	137268599	137268728	LTR/ERVL-MaLR	630	-	64	137268663	54027
chr9	137214636	137414636	harbor1	chr9	137283633	137283705	LTR/ERVL-MaLR	489	-	36	137283669	69033
chr9	137214636	137414636	harbor1	chr9	137284013	137284084	LTR/ERVL-MaLR	489	-	36	137284049	69413
chr9	92958964	93158964	harbor1	chr9	92961594	92962008	LTR/ERVL-MaLR	1666	-	207	92961801	2837
chr9	92958964	93158964	harbor1	chr9	92971084	92971218	LTR/ERVL-MaLR	571	-	67	92971151	12187
chr9	92958964	93158964	harbor1	chr9	93027336	93027630	LTR/ERVL-MaLR	1556	-	147	93027483	68519
chr9	4884856	5084856	harbor1	chr9	4886834	4886928	LTR/ERVL-MaLR	1082	-	47	4886881	2025
chr9	4884856	5084856	harbor1	chr9	4887564	4887920	LTR/ERVL-MaLR	1082	-	178	4887742	2886
chr9	4884856	5084856	harbor1	chr9	4894611	4894998	LTR/ERVL-MaLR	727	-	194	4894805	9949
chr9	4884856	5084856	harbor1	chr9	4922418	4923063	LTR/ERVL-MaLR	1630	-	322	4922740	37884
chr9	4884856	5084856	harbor1	chr9	4980543	4980842	LTR/ERVL-MaLR	493	-	150	4980693	95837
chr9	4692837	4892837	harbor1	chr9	4750728	4751034	LTR/ERVL-MaLR	722	-	153	4750881	58044
chr9	4692837	4892837	harbor1	chr9	4774265	4774564	LTR/ERVL-MaLR	941	-	150	4774415	81578
chr9	4692837	4892837	harbor1	chr9	4751222	4751590	LTR/ERVL-MaLR	1137	-	184	4751406	58569
chr9	4885107	5085107	harbor1	chr9	4886834	4886928	LTR/ERVL-MaLR	1082	-	47	4886881	1774
chr9	4885107	5085107	harbor1	chr9	4887564	4887920	LTR/ERVL-MaLR	1082	-	178	4887742	2635
chr9	4885107	5085107	harbor1	chr9	4894611	4894998	LTR/ERVL-MaLR	727	-	194	4894805	9698
chr9	4885107	5085107	harbor1	chr9	4922418	4923063	LTR/ERVL-MaLR	1630	-	322	4922740	37633
chr9	4885107	5085107	harbor1	chr9	4980543	4980842	LTR/ERVL-MaLR	493	-	150	4980693	95586
chr9	112387231	112587231	harbor1	chr9	112400624	112401028	LTR/ERVL-MaLR	1556	-	202	112400826	13595
chr9	112387231	112587231	harbor1	chr9	112467548	112467708	LTR/ERVL-MaLR	814	-	80	112467628	80397
chr9	4669616	4869616	harbor1	chr9	4669678	4669886	LTR/ERVL-MaLR	1635	-	104	4669782	166
chr9	4669616	4869616	harbor1	chr9	4750728	4751034	LTR/ERVL-MaLR	722	-	153	4750881	81265
chr9	4669616	4869616	harbor1	chr9	4751222	4751590	LTR/ERVL-MaLR	1137	-	184	4751406	81790
chr9	133966927	134166927	harbor1	chr9	134008595	134009216	LTR/ERVL-MaLR	772	-	310	134008905	41978
chr9	4776719	4976719	harbor1	chr9	4821436	4821649	LTR/ERVL-MaLR	1022	-	106	4821542	44823
chr9	4776719	4976719	harbor1	chr9	4821778	4821972	LTR/ERVL-MaLR	822	-	97	4821875	45156
chr9	4776719	4976719	harbor1	chr9	4861773	4862272	LTR/ERVL-MaLR	1656	-	250	4862023	85304
chr9	4776719	4976719	harbor1	chr9	4867596	4867764	LTR/ERVL-MaLR	592	-	84	4867680	90961
chr9	4776719	4976719	harbor1	chr9	4872834	4873363	LTR/ERVL-MaLR	891	-	264	4873098	96379
chr9	135508512	135708512	harbor1	chr9	135536921	135537316	LTR/ERVL-MaLR	1608	-	198	135537119	28607
chr9	135508512	135708512	harbor1	chr9	135586466	135586655	LTR/ERVL-MaLR	661	-	94	135586560	78048
chr9	135508512	135708512	harbor1	chr9	135595929	135596155	LTR/ERVL-MaLR	916	-	113	135596042	87530
chr9	135508512	135708512	harbor1	chr9	135600177	135600327	LTR/ERVL-MaLR	778	-	75	135600252	91740
chr9	4692923	4892923	harbor1	chr9	4750728	4751034	LTR/ERVL-MaLR	722	-	153	4750881	57958
chr9	4692923	4892923	harbor1	chr9	4774265	4774564	LTR/ERVL-MaLR	941	-	150	4774415	81492
chr9	4692923	4892923	harbor1	chr9	4751222	4751590	LTR/ERVL-MaLR	1137	-	184	4751406	58483
chr9	4692123	4892123	harbor1	chr9	4750728	4751034	LTR/ERVL-MaLR	722	-	153	4750881	58758
chr9	4692123	4892123	harbor1	chr9	4774265	4774564	LTR/ERVL-MaLR	941	-	150	4774415	82292
chr9	4692123	4892123	harbor1	chr9	4751222	4751590	LTR/ERVL-MaLR	1137	-	184	4751406	59283
chr9	4692181	4892181	harbor1	chr9	4750728	4751034	LTR/ERVL-MaLR	722	-	153	4750881	58700
chr9	4692181	4892181	harbor1	chr9	4774265	4774564	LTR/ERVL-MaLR	941	-	150	4774415	82234
chr9	4692181	4892181	harbor1	chr9	4751222	4751590	LTR/ERVL-MaLR	1137	-	184	4751406	59225
chr9	4692953	4892953	harbor1	chr9	4750728	4751034	LTR/ERVL-MaLR	722	-	153	4750881	57928
chr9	4692953	4892953	harbor1	chr9	4774265	4774564	LTR/ERVL-MaLR	941	-	150	4774415	81462
chr9	4692953	4892953	harbor1	chr9	4751222	4751590	LTR/ERVL-MaLR	1137	-	184	4751406	58453
chr9	4867260	5067260	harbor1	chr9	4867596	4867764	LTR/ERVL-MaLR	592	-	84	4867680	420
chr9	4867260	5067260	harbor1	chr9	4872834	4873363	LTR/ERVL-MaLR	891	-	264	4873098	5838
chr9	4867260	5067260	harbor1	chr9	4880477	4880932	LTR/ERVL-MaLR	2106	-	228	4880705	13445
chr9	4867260	5067260	harbor1	chr9	4881763	4882042	LTR/ERVL-MaLR	800	-	140	4881903	14643
chr9	4867260	5067260	harbor1	chr9	4884078	4884458	LTR/ERVL-MaLR	1733	-	190	4884268	17008
chr9	4867260	5067260	harbor1	chr9	4886834	4886928	LTR/ERVL-MaLR	1082	-	47	4886881	19621
chr9	4867260	5067260	harbor1	chr9	4887564	4887920	LTR/ERVL-MaLR	1082	-	178	4887742	20482
chr9	4867260	5067260	harbor1	chr9	4894611	4894998	LTR/ERVL-MaLR	727	-	194	4894805	27545
chr9	4867260	5067260	harbor1	chr9	4922418	4923063	LTR/ERVL-MaLR	1630	-	322	4922740	55480
chr9	4867260	5067260	harbor1	chr9	4882157	4882503	LTR/ERVL-MaLR	979	-	173	4882330	15070
chr9	4737755	4937755	harbor1	chr9	4750728	4751034	LTR/ERVL-MaLR	722	-	153	4750881	13126
chr9	4737755	4937755	harbor1	chr9	4774265	4774564	LTR/ERVL-MaLR	941	-	150	4774415	36660
chr9	4737755	4937755	harbor1	chr9	4821436	4821649	LTR/ERVL-MaLR	1022	-	106	4821542	83787
chr9	4737755	4937755	harbor1	chr9	4821778	4821972	LTR/ERVL-MaLR	822	-	97	4821875	84120
chr9	4737755	4937755	harbor1	chr9	4751222	4751590	LTR/ERVL-MaLR	1137	-	184	4751406	13651
chr9	112387246	112587246	harbor1	chr9	112400624	112401028	LTR/ERVL-MaLR	1556	-	202	112400826	13580
chr9	112387246	112587246	harbor1	chr9	112467548	112467708	LTR/ERVL-MaLR	814	-	80	112467628	80382
chr9	4692921	4892921	harbor1	chr9	4750728	4751034	LTR/ERVL-MaLR	722	-	153	4750881	57960
chr9	4692921	4892921	harbor1	chr9	4774265	4774564	LTR/ERVL-MaLR	941	-	150	4774415	81494
chr9	4692921	4892921	harbor1	chr9	4751222	4751590	LTR/ERVL-MaLR	1137	-	184	4751406	58485
chr9	92958998	93158998	harbor1	chr9	92961594	92962008	LTR/ERVL-MaLR	1666	-	207	92961801	2803
chr9	92958998	93158998	harbor1	chr9	92971084	92971218	LTR/ERVL-MaLR	571	-	67	92971151	12153
chr9	92958998	93158998	harbor1	chr9	93027336	93027630	LTR/ERVL-MaLR	1556	-	147	93027483	68485
chr9	112387188	112587188	harbor1	chr9	112400624	112401028	LTR/ERVL-MaLR	1556	-	202	112400826	13638
chr9	112387188	112587188	harbor1	chr9	112467548	112467708	LTR/ERVL-MaLR	814	-	80	112467628	80440
chr9	4883740	5083740	harbor1	chr9	4884078	4884458	LTR/ERVL-MaLR	1733	-	190	4884268	528
chr9	4883740	5083740	harbor1	chr9	4886834	4886928	LTR/ERVL-MaLR	1082	-	47	4886881	3141
chr9	4883740	5083740	harbor1	chr9	4887564	4887920	LTR/ERVL-MaLR	1082	-	178	4887742	4002
chr9	4883740	5083740	harbor1	chr9	4894611	4894998	LTR/ERVL-MaLR	727	-	194	4894805	11065
chr9	4883740	5083740	harbor1	chr9	4922418	4923063	LTR/ERVL-MaLR	1630	-	322	4922740	39000
chr9	4883740	5083740	harbor1	chr9	4980543	4980842	LTR/ERVL-MaLR	493	-	150	4980693	96953
chr9	4879743	5079743	harbor1	chr9	4880477	4880932	LTR/ERVL-MaLR	2106	-	228	4880705	962
chr9	4879743	5079743	harbor1	chr9	4881763	4882042	LTR/ERVL-MaLR	800	-	140	4881903	2160
chr9	4879743	5079743	harbor1	chr9	4884078	4884458	LTR/ERVL-MaLR	1733	-	190	4884268	4525
chr9	4879743	5079743	harbor1	chr9	4886834	4886928	LTR/ERVL-MaLR	1082	-	47	4886881	7138
chr9	4879743	5079743	harbor1	chr9	4887564	4887920	LTR/ERVL-MaLR	1082	-	178	4887742	7999
chr9	4879743	5079743	harbor1	chr9	4894611	4894998	LTR/ERVL-MaLR	727	-	194	4894805	15062
chr9	4879743	5079743	harbor1	chr9	4922418	4923063	LTR/ERVL-MaLR	1630	-	322	4922740	42997
chr9	4879743	5079743	harbor1	chr9	4882157	4882503	LTR/ERVL-MaLR	979	-	173	4882330	2587
chr9	4884898	5084898	harbor1	chr9	4886834	4886928	LTR/ERVL-MaLR	1082	-	47	4886881	1983
chr9	4884898	5084898	harbor1	chr9	4887564	4887920	LTR/ERVL-MaLR	1082	-	178	4887742	2844
chr9	4884898	5084898	harbor1	chr9	4894611	4894998	LTR/ERVL-MaLR	727	-	194	4894805	9907
chr9	4884898	5084898	harbor1	chr9	4922418	4923063	LTR/ERVL-MaLR	1630	-	322	4922740	37842
chr9	4884898	5084898	harbor1	chr9	4980543	4980842	LTR/ERVL-MaLR	493	-	150	4980693	95795
chr9	35656592	35856592	harbor1	chr9	35681313	35681539	LTR/ERVL-MaLR	809	-	113	35681426	24834
chr9	35656592	35856592	harbor1	chr9	35667802	35668042	LTR/ERVL-MaLR	618	-	120	35667922	11330
chr9	4692437	4892437	harbor1	chr9	4750728	4751034	LTR/ERVL-MaLR	722	-	153	4750881	58444
chr9	4692437	4892437	harbor1	chr9	4774265	4774564	LTR/ERVL-MaLR	941	-	150	4774415	81978
chr9	4692437	4892437	harbor1	chr9	4751222	4751590	LTR/ERVL-MaLR	1137	-	184	4751406	58969
chr9	112387261	112587261	harbor1	chr9	112400624	112401028	LTR/ERVL-MaLR	1556	-	202	112400826	13565
chr9	112387261	112587261	harbor1	chr9	112467548	112467708	LTR/ERVL-MaLR	814	-	80	112467628	80367
chr9	4884872	5084872	harbor1	chr9	4886834	4886928	LTR/ERVL-MaLR	1082	-	47	4886881	2009
chr9	4884872	5084872	harbor1	chr9	4887564	4887920	LTR/ERVL-MaLR	1082	-	178	4887742	2870
chr9	4884872	5084872	harbor1	chr9	4894611	4894998	LTR/ERVL-MaLR	727	-	194	4894805	9933
chr9	4884872	5084872	harbor1	chr9	4922418	4923063	LTR/ERVL-MaLR	1630	-	322	4922740	37868
chr9	4884872	5084872	harbor1	chr9	4980543	4980842	LTR/ERVL-MaLR	493	-	150	4980693	95821
chr9	79473185	79673185	harbor1	chr9	79492896	79493451	LTR/ERVL-MaLR	738	-	278	79493174	19989
chr9	79473185	79673185	harbor1	chr9	79513657	79514077	LTR/ERVL-MaLR	2093	-	210	79513867	40682
chr9	4669276	4869276	harbor1	chr9	4669109	4669368	LTR/ERVL-MaLR	1635	-	130	4669239	37
chr9	4669276	4869276	harbor1	chr9	4669678	4669886	LTR/ERVL-MaLR	1635	-	104	4669782	506
chr9	4669276	4869276	harbor1	chr9	4750728	4751034	LTR/ERVL-MaLR	722	-	153	4750881	81605
chr9	4669276	4869276	harbor1	chr9	4751222	4751590	LTR/ERVL-MaLR	1137	-	184	4751406	82130
chr9	4663207	4863207	harbor1	chr9	4669109	4669368	LTR/ERVL-MaLR	1635	-	130	4669239	6032
chr9	4663207	4863207	harbor1	chr9	4669678	4669886	LTR/ERVL-MaLR	1635	-	104	4669782	6575
chr9	4663207	4863207	harbor1	chr9	4750728	4751034	LTR/ERVL-MaLR	722	-	153	4750881	87674
chr9	4663207	4863207	harbor1	chr9	4751222	4751590	LTR/ERVL-MaLR	1137	-	184	4751406	88199
chr9	4692939	4892939	harbor1	chr9	4750728	4751034	LTR/ERVL-MaLR	722	-	153	4750881	57942
chr9	4692939	4892939	harbor1	chr9	4774265	4774564	LTR/ERVL-MaLR	941	-	150	4774415	81476
chr9	4692939	4892939	harbor1	chr9	4751222	4751590	LTR/ERVL-MaLR	1137	-	184	4751406	58467
chr9	4824246	5024246	harbor1	chr9	4861773	4862272	LTR/ERVL-MaLR	1656	-	250	4862023	37777
chr9	4824246	5024246	harbor1	chr9	4867596	4867764	LTR/ERVL-MaLR	592	-	84	4867680	43434
chr9	4824246	5024246	harbor1	chr9	4872834	4873363	LTR/ERVL-MaLR	891	-	264	4873098	48852
chr9	4824246	5024246	harbor1	chr9	4880477	4880932	LTR/ERVL-MaLR	2106	-	228	4880705	56459
chr9	4824246	5024246	harbor1	chr9	4881763	4882042	LTR/ERVL-MaLR	800	-	140	4881903	57657
chr9	4824246	5024246	harbor1	chr9	4884078	4884458	LTR/ERVL-MaLR	1733	-	190	4884268	60022
chr9	4824246	5024246	harbor1	chr9	4886834	4886928	LTR/ERVL-MaLR	1082	-	47	4886881	62635
chr9	4824246	5024246	harbor1	chr9	4887564	4887920	LTR/ERVL-MaLR	1082	-	178	4887742	63496
chr9	4824246	5024246	harbor1	chr9	4894611	4894998	LTR/ERVL-MaLR	727	-	194	4894805	70559
chr9	4824246	5024246	harbor1	chr9	4922418	4923063	LTR/ERVL-MaLR	1630	-	322	4922740	98494
chr9	4824246	5024246	harbor1	chr9	4882157	4882503	LTR/ERVL-MaLR	979	-	173	4882330	58084
chr9	4883387	5083387	harbor1	chr9	4884078	4884458	LTR/ERVL-MaLR	1733	-	190	4884268	881
chr9	4883387	5083387	harbor1	chr9	4886834	4886928	LTR/ERVL-MaLR	1082	-	47	4886881	3494
chr9	4883387	5083387	harbor1	chr9	4887564	4887920	LTR/ERVL-MaLR	1082	-	178	4887742	4355
chr9	4883387	5083387	harbor1	chr9	4894611	4894998	LTR/ERVL-MaLR	727	-	194	4894805	11418
chr9	4883387	5083387	harbor1	chr9	4922418	4923063	LTR/ERVL-MaLR	1630	-	322	4922740	39353
chr9	4883387	5083387	harbor1	chr9	4980543	4980842	LTR/ERVL-MaLR	493	-	150	4980693	97306
chr9	4883374	5083374	harbor1	chr9	4884078	4884458	LTR/ERVL-MaLR	1733	-	190	4884268	894
chr9	4883374	5083374	harbor1	chr9	4886834	4886928	LTR/ERVL-MaLR	1082	-	47	4886881	3507
chr9	4883374	5083374	harbor1	chr9	4887564	4887920	LTR/ERVL-MaLR	1082	-	178	4887742	4368
chr9	4883374	5083374	harbor1	chr9	4894611	4894998	LTR/ERVL-MaLR	727	-	194	4894805	11431
chr9	4883374	5083374	harbor1	chr9	4922418	4923063	LTR/ERVL-MaLR	1630	-	322	4922740	39366
chr9	4883374	5083374	harbor1	chr9	4980543	4980842	LTR/ERVL-MaLR	493	-	150	4980693	97319
chr9	137212276	137412276	harbor1	chr9	137268237	137268303	LTR/ERVL-MaLR	630	-	33	137268270	55994
chr9	137212276	137412276	harbor1	chr9	137268599	137268728	LTR/ERVL-MaLR	630	-	64	137268663	56387
chr9	137212276	137412276	harbor1	chr9	137283633	137283705	LTR/ERVL-MaLR	489	-	36	137283669	71393
chr9	137212276	137412276	harbor1	chr9	137284013	137284084	LTR/ERVL-MaLR	489	-	36	137284049	71773
chr9	4694199	4894199	harbor1	chr9	4750728	4751034	LTR/ERVL-MaLR	722	-	153	4750881	56682
chr9	4694199	4894199	harbor1	chr9	4774265	4774564	LTR/ERVL-MaLR	941	-	150	4774415	80216
chr9	4694199	4894199	harbor1	chr9	4751222	4751590	LTR/ERVL-MaLR	1137	-	184	4751406	57207
chr9	4883171	5083171	harbor1	chr9	4884078	4884458	LTR/ERVL-MaLR	1733	-	190	4884268	1097
chr9	4883171	5083171	harbor1	chr9	4886834	4886928	LTR/ERVL-MaLR	1082	-	47	4886881	3710
chr9	4883171	5083171	harbor1	chr9	4887564	4887920	LTR/ERVL-MaLR	1082	-	178	4887742	4571
chr9	4883171	5083171	harbor1	chr9	4894611	4894998	LTR/ERVL-MaLR	727	-	194	4894805	11634
chr9	4883171	5083171	harbor1	chr9	4922418	4923063	LTR/ERVL-MaLR	1630	-	322	4922740	39569
chr9	4883171	5083171	harbor1	chr9	4980543	4980842	LTR/ERVL-MaLR	493	-	150	4980693	97522
chr9	135599331	135799331	harbor1	chr9	135600177	135600327	LTR/ERVL-MaLR	778	-	75	135600252	921
chr9	135599331	135799331	harbor1	chr9	135622491	135622832	LTR/ERVL-MaLR	1623	-	170	135622661	23330
chr9	135599331	135799331	harbor1	chr9	135638000	135638352	LTR/ERVL-MaLR	2730	-	176	135638176	38845
chr9	135599331	135799331	harbor1	chr9	135642407	135642598	LTR/ERVL-MaLR	1140	-	96	135642503	43172
chr9	135599331	135799331	harbor1	chr9	135642634	135642845	LTR/ERVL-MaLR	1140	-	106	135642740	43409
chr9	135599331	135799331	harbor1	chr9	135666132	135666538	LTR/ERVL-MaLR	489	-	203	135666335	67004
chr9	135599331	135799331	harbor1	chr9	135671980	135672388	LTR/ERVL-MaLR	1131	-	204	135672184	72853
chr9	135599331	135799331	harbor1	chr9	135673272	135673555	LTR/ERVL-MaLR	714	-	142	135673414	74083
chr9	112387224	112587224	harbor1	chr9	112400624	112401028	LTR/ERVL-MaLR	1556	-	202	112400826	13602
chr9	112387224	112587224	harbor1	chr9	112467548	112467708	LTR/ERVL-MaLR	814	-	80	112467628	80404
chr9	92959012	93159012	harbor1	chr9	92961594	92962008	LTR/ERVL-MaLR	1666	-	207	92961801	2789
chr9	92959012	93159012	harbor1	chr9	92971084	92971218	LTR/ERVL-MaLR	571	-	67	92971151	12139
chr9	92959012	93159012	harbor1	chr9	93027336	93027630	LTR/ERVL-MaLR	1556	-	147	93027483	68471
chr9	137214593	137414593	harbor1	chr9	137268237	137268303	LTR/ERVL-MaLR	630	-	33	137268270	53677
chr9	137214593	137414593	harbor1	chr9	137268599	137268728	LTR/ERVL-MaLR	630	-	64	137268663	54070
chr9	137214593	137414593	harbor1	chr9	137283633	137283705	LTR/ERVL-MaLR	489	-	36	137283669	69076
chr9	137214593	137414593	harbor1	chr9	137284013	137284084	LTR/ERVL-MaLR	489	-	36	137284049	69456
chr9	2024097	2224097	harbor1	chr9	2033612	2033964	LTR/ERVL-MaLR	1837	-	176	2033788	9691
chr9	2024097	2224097	harbor1	chr9	2034267	2034354	LTR/ERVL-MaLR	1837	-	44	2034311	10214
chr9	2024097	2224097	harbor1	chr9	2041253	2041618	LTR/ERVL-MaLR	2280	-	182	2041435	17338
chr9	2024097	2224097	harbor1	chr9	2057091	2057456	LTR/ERVL-MaLR	1844	-	182	2057273	33176
chr9	2024097	2224097	harbor1	chr9	2100799	2101160	LTR/ERVL-MaLR	2021	-	180	2100979	76882
chr9	4692195	4892195	harbor1	chr9	4750728	4751034	LTR/ERVL-MaLR	722	-	153	4750881	58686
chr9	4692195	4892195	harbor1	chr9	4774265	4774564	LTR/ERVL-MaLR	941	-	150	4774415	82220
chr9	4692195	4892195	harbor1	chr9	4751222	4751590	LTR/ERVL-MaLR	1137	-	184	4751406	59211
chr9	92958991	93158991	harbor1	chr9	92961594	92962008	LTR/ERVL-MaLR	1666	-	207	92961801	2810
chr9	92958991	93158991	harbor1	chr9	92971084	92971218	LTR/ERVL-MaLR	571	-	67	92971151	12160
chr9	92958991	93158991	harbor1	chr9	93027336	93027630	LTR/ERVL-MaLR	1556	-	147	93027483	68492
chr9	4673229	4873229	harbor1	chr9	4750728	4751034	LTR/ERVL-MaLR	722	-	153	4750881	77652
chr9	4673229	4873229	harbor1	chr9	4751222	4751590	LTR/ERVL-MaLR	1137	-	184	4751406	78177
chr9	4692970	4892970	harbor1	chr9	4750728	4751034	LTR/ERVL-MaLR	722	-	153	4750881	57911
chr9	4692970	4892970	harbor1	chr9	4774265	4774564	LTR/ERVL-MaLR	941	-	150	4774415	81445
chr9	4692970	4892970	harbor1	chr9	4751222	4751590	LTR/ERVL-MaLR	1137	-	184	4751406	58436
chr9	3146618	3346618	harbor1	chr9	3150886	3151263	LTR/ERVL-MaLR	676	-	188	3151074	4456
chr9	3146618	3346618	harbor1	chr9	3161382	3161449	LTR/ERVL-MaLR	1103	-	34	3161416	14798
chr9	3146618	3346618	harbor1	chr9	3183530	3183973	LTR/ERVL-MaLR	970	-	222	3183752	37134
chr9	3146618	3346618	harbor1	chr9	3202646	3202891	LTR/ERVL-MaLR	1121	-	122	3202768	56150
chr9	3146618	3346618	harbor1	chr9	3202934	3203157	LTR/ERVL-MaLR	1121	-	112	3203046	56428
chr9	3146618	3346618	harbor1	chr9	3235455	3235953	LTR/ERVL-MaLR	1634	-	249	3235704	89086
chr9	3146618	3346618	harbor1	chr9	3161757	3162217	LTR/ERVL-MaLR	1103	-	230	3161987	15369
chr9	1998082	2198082	harbor1	chr9	2033612	2033964	LTR/ERVL-MaLR	1837	-	176	2033788	35706
chr9	1998082	2198082	harbor1	chr9	2034267	2034354	LTR/ERVL-MaLR	1837	-	44	2034311	36229
chr9	1998082	2198082	harbor1	chr9	2041253	2041618	LTR/ERVL-MaLR	2280	-	182	2041435	43353
chr9	1998082	2198082	harbor1	chr9	2057091	2057456	LTR/ERVL-MaLR	1844	-	182	2057273	59191
chr9	4824477	5024477	harbor1	chr9	4861773	4862272	LTR/ERVL-MaLR	1656	-	250	4862023	37546
chr9	4824477	5024477	harbor1	chr9	4867596	4867764	LTR/ERVL-MaLR	592	-	84	4867680	43203
chr9	4824477	5024477	harbor1	chr9	4872834	4873363	LTR/ERVL-MaLR	891	-	264	4873098	48621
chr9	4824477	5024477	harbor1	chr9	4880477	4880932	LTR/ERVL-MaLR	2106	-	228	4880705	56228
chr9	4824477	5024477	harbor1	chr9	4881763	4882042	LTR/ERVL-MaLR	800	-	140	4881903	57426
chr9	4824477	5024477	harbor1	chr9	4884078	4884458	LTR/ERVL-MaLR	1733	-	190	4884268	59791
chr9	4824477	5024477	harbor1	chr9	4886834	4886928	LTR/ERVL-MaLR	1082	-	47	4886881	62404
chr9	4824477	5024477	harbor1	chr9	4887564	4887920	LTR/ERVL-MaLR	1082	-	178	4887742	63265
chr9	4824477	5024477	harbor1	chr9	4894611	4894998	LTR/ERVL-MaLR	727	-	194	4894805	70328
chr9	4824477	5024477	harbor1	chr9	4922418	4923063	LTR/ERVL-MaLR	1630	-	322	4922740	98263
chr9	4824477	5024477	harbor1	chr9	4882157	4882503	LTR/ERVL-MaLR	979	-	173	4882330	57853
chr9	4692737	4892737	harbor1	chr9	4750728	4751034	LTR/ERVL-MaLR	722	-	153	4750881	58144
chr9	4692737	4892737	harbor1	chr9	4774265	4774564	LTR/ERVL-MaLR	941	-	150	4774415	81678
chr9	4692737	4892737	harbor1	chr9	4751222	4751590	LTR/ERVL-MaLR	1137	-	184	4751406	58669
chr9	97401848	97601848	harbor1	chr9	97402106	97402464	LTR/ERVL-MaLR	1947	-	179	97402285	437
chr9	97401848	97601848	harbor1	chr9	97409710	97410058	LTR/ERVL-MaLR	1752	-	174	97409884	8036
chr9	97401848	97601848	harbor1	chr9	97437090	97437627	LTR/ERVL-MaLR	1677	-	268	97437358	35510
chr9	4692768	4892768	harbor1	chr9	4750728	4751034	LTR/ERVL-MaLR	722	-	153	4750881	58113
chr9	4692768	4892768	harbor1	chr9	4774265	4774564	LTR/ERVL-MaLR	941	-	150	4774415	81647
chr9	4692768	4892768	harbor1	chr9	4751222	4751590	LTR/ERVL-MaLR	1137	-	184	4751406	58638
chr9	4693017	4893017	harbor1	chr9	4750728	4751034	LTR/ERVL-MaLR	722	-	153	4750881	57864
chr9	4693017	4893017	harbor1	chr9	4774265	4774564	LTR/ERVL-MaLR	941	-	150	4774415	81398
chr9	4693017	4893017	harbor1	chr9	4751222	4751590	LTR/ERVL-MaLR	1137	-	184	4751406	58389
chr9	137316476	137516476	harbor1	chr9	137344629	137344804	LTR/ERVL-MaLR	826	-	88	137344717	28241
chr9	137316476	137516476	harbor1	chr9	137346609	137346807	LTR/ERVL-MaLR	670	-	99	137346708	30232
chr9	137316476	137516476	harbor1	chr9	137347112	137347443	LTR/ERVL-MaLR	721	-	166	137347278	30802
chr9	137316476	137516476	harbor1	chr9	137347744	137347858	LTR/ERVL-MaLR	608	-	57	137347801	31325
chr9	137316476	137516476	harbor1	chr9	137399599	137399756	LTR/ERVL-MaLR	2681	-	78	137399677	83201
chr9	137316476	137516476	harbor1	chr9	137400054	137400249	LTR/ERVL-MaLR	2681	-	98	137400152	83676
chr9	137316476	137516476	harbor1	chr9	137400250	137400483	LTR/ERVL-MaLR	11849	-	116	137400366	83890
chr9	137316476	137516476	harbor1	chr9	137400779	137401147	LTR/ERVL-MaLR	11849	-	184	137400963	84487
chr9	137316476	137516476	harbor1	chr9	137401455	137402013	LTR/ERVL-MaLR	11849	-	279	137401734	85258
chr9	137316476	137516476	harbor1	chr9	137402314	137402737	LTR/ERVL-MaLR	11849	-	212	137402526	86050
chr9	137316476	137516476	harbor1	chr9	137402738	137403086	LTR/ERVL-MaLR	2525	-	174	137402912	86436
chr9	137316476	137516476	harbor1	chr9	137404058	137404261	LTR/ERVL-MaLR	915	-	102	137404160	87684
chr9	4884823	5084823	harbor1	chr9	4886834	4886928	LTR/ERVL-MaLR	1082	-	47	4886881	2058
chr9	4884823	5084823	harbor1	chr9	4887564	4887920	LTR/ERVL-MaLR	1082	-	178	4887742	2919
chr9	4884823	5084823	harbor1	chr9	4894611	4894998	LTR/ERVL-MaLR	727	-	194	4894805	9982
chr9	4884823	5084823	harbor1	chr9	4922418	4923063	LTR/ERVL-MaLR	1630	-	322	4922740	37917
chr9	4884823	5084823	harbor1	chr9	4980543	4980842	LTR/ERVL-MaLR	493	-	150	4980693	95870
chr9	4883080	5083080	harbor1	chr9	4884078	4884458	LTR/ERVL-MaLR	1733	-	190	4884268	1188
chr9	4883080	5083080	harbor1	chr9	4886834	4886928	LTR/ERVL-MaLR	1082	-	47	4886881	3801
chr9	4883080	5083080	harbor1	chr9	4887564	4887920	LTR/ERVL-MaLR	1082	-	178	4887742	4662
chr9	4883080	5083080	harbor1	chr9	4894611	4894998	LTR/ERVL-MaLR	727	-	194	4894805	11725
chr9	4883080	5083080	harbor1	chr9	4922418	4923063	LTR/ERVL-MaLR	1630	-	322	4922740	39660
chr9	4883080	5083080	harbor1	chr9	4980543	4980842	LTR/ERVL-MaLR	493	-	150	4980693	97613
chr9	130119664	130319664	harbor1	chr9	130152464	130152660	LTR/ERVL-MaLR	1717	-	98	130152562	32898
chr9	130119664	130319664	harbor1	chr9	130152957	130153088	LTR/ERVL-MaLR	1717	-	66	130153023	33359
chr9	130119664	130319664	harbor1	chr9	130160299	130160645	LTR/ERVL-MaLR	2187	-	173	130160472	40808
chr9	91323378	91523378	harbor1	chr9	91342056	91342469	LTR/ERVL-MaLR	1841	-	206	91342262	18884
chr9	91323378	91523378	harbor1	chr9	91369370	91369606	LTR/ERVL-MaLR	1237	-	118	91369488	46110
chr9	91323378	91523378	harbor1	chr9	91371700	91371849	LTR/ERVL-MaLR	651	-	74	91371774	48396
chr9	91323378	91523378	harbor1	chr9	91374016	91374171	LTR/ERVL-MaLR	1891	-	78	91374094	50716
chr9	91323378	91523378	harbor1	chr9	91373512	91373710	LTR/ERVL-MaLR	1891	-	99	91373611	50233
chr9	137214592	137414592	harbor1	chr9	137268237	137268303	LTR/ERVL-MaLR	630	-	33	137268270	53678
chr9	137214592	137414592	harbor1	chr9	137268599	137268728	LTR/ERVL-MaLR	630	-	64	137268663	54071
chr9	137214592	137414592	harbor1	chr9	137283633	137283705	LTR/ERVL-MaLR	489	-	36	137283669	69077
chr9	137214592	137414592	harbor1	chr9	137284013	137284084	LTR/ERVL-MaLR	489	-	36	137284049	69457
chr9	4884842	5084842	harbor1	chr9	4886834	4886928	LTR/ERVL-MaLR	1082	-	47	4886881	2039
chr9	4884842	5084842	harbor1	chr9	4887564	4887920	LTR/ERVL-MaLR	1082	-	178	4887742	2900
chr9	4884842	5084842	harbor1	chr9	4894611	4894998	LTR/ERVL-MaLR	727	-	194	4894805	9963
chr9	4884842	5084842	harbor1	chr9	4922418	4923063	LTR/ERVL-MaLR	1630	-	322	4922740	37898
chr9	4884842	5084842	harbor1	chr9	4980543	4980842	LTR/ERVL-MaLR	493	-	150	4980693	95851
chr9	4692946	4892946	harbor1	chr9	4750728	4751034	LTR/ERVL-MaLR	722	-	153	4750881	57935
chr9	4692946	4892946	harbor1	chr9	4774265	4774564	LTR/ERVL-MaLR	941	-	150	4774415	81469
chr9	4692946	4892946	harbor1	chr9	4751222	4751590	LTR/ERVL-MaLR	1137	-	184	4751406	58460
chr9	4579427	4779427	harbor1	chr9	4599498	4599848	LTR/ERVL-MaLR	2008	-	175	4599673	20246
chr9	4579427	4779427	harbor1	chr9	4645308	4645632	LTR/ERVL-MaLR	1966	-	162	4645470	66043
chr9	4579427	4779427	harbor1	chr9	4669109	4669368	LTR/ERVL-MaLR	1635	-	130	4669239	89812
chr9	4579427	4779427	harbor1	chr9	4669678	4669886	LTR/ERVL-MaLR	1635	-	104	4669782	90355
chr9	4659562	4859562	harbor1	chr9	4669109	4669368	LTR/ERVL-MaLR	1635	-	130	4669239	9677
chr9	4659562	4859562	harbor1	chr9	4669678	4669886	LTR/ERVL-MaLR	1635	-	104	4669782	10220
chr9	4659562	4859562	harbor1	chr9	4750728	4751034	LTR/ERVL-MaLR	722	-	153	4750881	91319
chr9	4659562	4859562	harbor1	chr9	4751222	4751590	LTR/ERVL-MaLR	1137	-	184	4751406	91844
chr9	124315219	124515219	harbor1	chr9	124343869	124344341	LTR/ERVL-MaLR	1100	-	236	124344105	28886
chr9	4884794	5084794	harbor1	chr9	4886834	4886928	LTR/ERVL-MaLR	1082	-	47	4886881	2087
chr9	4884794	5084794	harbor1	chr9	4887564	4887920	LTR/ERVL-MaLR	1082	-	178	4887742	2948
chr9	4884794	5084794	harbor1	chr9	4894611	4894998	LTR/ERVL-MaLR	727	-	194	4894805	10011
chr9	4884794	5084794	harbor1	chr9	4922418	4923063	LTR/ERVL-MaLR	1630	-	322	4922740	37946
chr9	4884794	5084794	harbor1	chr9	4980543	4980842	LTR/ERVL-MaLR	493	-	150	4980693	95899
chr9	129542143	129742143	harbor1	chr9	129552404	129552618	LTR/ERVL-MaLR	1822	-	107	129552511	10368
chr9	129542143	129742143	harbor1	chr9	129552940	129553086	LTR/ERVL-MaLR	1822	-	73	129553013	10870
chr9	129542143	129742143	harbor1	chr9	129574060	129574417	LTR/ERVL-MaLR	2451	-	178	129574238	32095
chr9	129542143	129742143	harbor1	chr9	129574717	129574770	LTR/ERVL-MaLR	2451	-	26	129574743	32600
chr9	129542143	129742143	harbor1	chr9	129580518	129580827	LTR/ERVL-MaLR	793	-	154	129580672	38529
chr9	129542143	129742143	harbor1	chr9	129607905	129608122	LTR/ERVL-MaLR	1480	-	108	129608013	65870
chr9	129542143	129742143	harbor1	chr9	129608433	129608584	LTR/ERVL-MaLR	1480	-	76	129608509	66366
chr9	4883172	5083172	harbor1	chr9	4884078	4884458	LTR/ERVL-MaLR	1733	-	190	4884268	1096
chr9	4883172	5083172	harbor1	chr9	4886834	4886928	LTR/ERVL-MaLR	1082	-	47	4886881	3709
chr9	4883172	5083172	harbor1	chr9	4887564	4887920	LTR/ERVL-MaLR	1082	-	178	4887742	4570
chr9	4883172	5083172	harbor1	chr9	4894611	4894998	LTR/ERVL-MaLR	727	-	194	4894805	11633
chr9	4883172	5083172	harbor1	chr9	4922418	4923063	LTR/ERVL-MaLR	1630	-	322	4922740	39568
chr9	4883172	5083172	harbor1	chr9	4980543	4980842	LTR/ERVL-MaLR	493	-	150	4980693	97521
chr9	133007233	133207233	harbor1	chr9	133014209	133014760	LTR/ERVL-MaLR	2035	-	276	133014485	7252
chr9	133007233	133207233	harbor1	chr9	133023773	133024103	LTR/ERVL-MaLR	1516	-	165	133023938	16705
chr9	133007233	133207233	harbor1	chr9	133026382	133026736	LTR/ERVL-MaLR	1491	-	177	133026559	19326
chr9	4692889	4892889	harbor1	chr9	4750728	4751034	LTR/ERVL-MaLR	722	-	153	4750881	57992
chr9	4692889	4892889	harbor1	chr9	4774265	4774564	LTR/ERVL-MaLR	941	-	150	4774415	81526
chr9	4692889	4892889	harbor1	chr9	4751222	4751590	LTR/ERVL-MaLR	1137	-	184	4751406	58517
chr9	89937233	90137233	harbor1	chr9	89948442	89948670	LTR/ERVL-MaLR	2142	-	114	89948556	11323
chr9	89937233	90137233	harbor1	chr9	89952602	89952952	LTR/ERVL-MaLR	1197	-	175	89952777	15544
chr9	89937233	90137233	harbor1	chr9	89953360	89953431	LTR/ERVL-MaLR	1197	-	36	89953396	16163
chr9	89937233	90137233	harbor1	chr9	89986384	89986865	LTR/ERVL-MaLR	1907	-	240	89986624	49391
chr9	89937233	90137233	harbor1	chr9	90027426	90027764	LTR/ERVL-MaLR	1408	-	169	90027595	90362
chr9	89937233	90137233	harbor1	chr9	90029361	90029762	LTR/ERVL-MaLR	1132	-	200	90029561	92328
chr9	89937233	90137233	harbor1	chr9	90029776	90029898	LTR/ERVL-MaLR	504	-	61	90029837	92604
chr9	89937233	90137233	harbor1	chr9	89947979	89948172	LTR/ERVL-MaLR	2142	-	96	89948075	10842
chr9	64278589	64478589	harbor1	chr9	64328515	64328891	LTR/ERVL-MaLR	1938	-	188	64328703	50114
chr9	64278589	64478589	harbor1	chr9	64329158	64329505	LTR/ERVL-MaLR	1837	-	174	64329332	50743
chr9	64278589	64478589	harbor1	chr9	64350257	64350607	LTR/ERVL-MaLR	1135	-	175	64350432	71843
chr9	4884884	5084884	harbor1	chr9	4886834	4886928	LTR/ERVL-MaLR	1082	-	47	4886881	1997
chr9	4884884	5084884	harbor1	chr9	4887564	4887920	LTR/ERVL-MaLR	1082	-	178	4887742	2858
chr9	4884884	5084884	harbor1	chr9	4894611	4894998	LTR/ERVL-MaLR	727	-	194	4894805	9921
chr9	4884884	5084884	harbor1	chr9	4922418	4923063	LTR/ERVL-MaLR	1630	-	322	4922740	37856
chr9	4884884	5084884	harbor1	chr9	4980543	4980842	LTR/ERVL-MaLR	493	-	150	4980693	95809
chr9	130532874	130732874	harbor1	chr9	130554992	130555493	LTR/ERVL-MaLR	1906	-	250	130555242	22368
chr9	130532874	130732874	harbor1	chr9	130562545	130562901	LTR/ERVL-MaLR	2636	-	178	130562723	29849
chr9	4883057	5083057	harbor1	chr9	4884078	4884458	LTR/ERVL-MaLR	1733	-	190	4884268	1211
chr9	4883057	5083057	harbor1	chr9	4886834	4886928	LTR/ERVL-MaLR	1082	-	47	4886881	3824
chr9	4883057	5083057	harbor1	chr9	4887564	4887920	LTR/ERVL-MaLR	1082	-	178	4887742	4685
chr9	4883057	5083057	harbor1	chr9	4894611	4894998	LTR/ERVL-MaLR	727	-	194	4894805	11748
chr9	4883057	5083057	harbor1	chr9	4922418	4923063	LTR/ERVL-MaLR	1630	-	322	4922740	39683
chr9	4883057	5083057	harbor1	chr9	4980543	4980842	LTR/ERVL-MaLR	493	-	150	4980693	97636
chr9	4883813	5083813	harbor1	chr9	4884078	4884458	LTR/ERVL-MaLR	1733	-	190	4884268	455
chr9	4883813	5083813	harbor1	chr9	4886834	4886928	LTR/ERVL-MaLR	1082	-	47	4886881	3068
chr9	4883813	5083813	harbor1	chr9	4887564	4887920	LTR/ERVL-MaLR	1082	-	178	4887742	3929
chr9	4883813	5083813	harbor1	chr9	4894611	4894998	LTR/ERVL-MaLR	727	-	194	4894805	10992
chr9	4883813	5083813	harbor1	chr9	4922418	4923063	LTR/ERVL-MaLR	1630	-	322	4922740	38927
chr9	4883813	5083813	harbor1	chr9	4980543	4980842	LTR/ERVL-MaLR	493	-	150	4980693	96880
chr9	4884786	5084786	harbor1	chr9	4886834	4886928	LTR/ERVL-MaLR	1082	-	47	4886881	2095
chr9	4884786	5084786	harbor1	chr9	4887564	4887920	LTR/ERVL-MaLR	1082	-	178	4887742	2956
chr9	4884786	5084786	harbor1	chr9	4894611	4894998	LTR/ERVL-MaLR	727	-	194	4894805	10019
chr9	4884786	5084786	harbor1	chr9	4922418	4923063	LTR/ERVL-MaLR	1630	-	322	4922740	37954
chr9	4884786	5084786	harbor1	chr9	4980543	4980842	LTR/ERVL-MaLR	493	-	150	4980693	95907
chr9	4884810	5084810	harbor1	chr9	4886834	4886928	LTR/ERVL-MaLR	1082	-	47	4886881	2071
chr9	4884810	5084810	harbor1	chr9	4887564	4887920	LTR/ERVL-MaLR	1082	-	178	4887742	2932
chr9	4884810	5084810	harbor1	chr9	4894611	4894998	LTR/ERVL-MaLR	727	-	194	4894805	9995
chr9	4884810	5084810	harbor1	chr9	4922418	4923063	LTR/ERVL-MaLR	1630	-	322	4922740	37930
chr9	4884810	5084810	harbor1	chr9	4980543	4980842	LTR/ERVL-MaLR	493	-	150	4980693	95883
chr9	4749616	4949616	harbor1	chr9	4750728	4751034	LTR/ERVL-MaLR	722	-	153	4750881	1265
chr9	4749616	4949616	harbor1	chr9	4774265	4774564	LTR/ERVL-MaLR	941	-	150	4774415	24799
chr9	4749616	4949616	harbor1	chr9	4821436	4821649	LTR/ERVL-MaLR	1022	-	106	4821542	71926
chr9	4749616	4949616	harbor1	chr9	4821778	4821972	LTR/ERVL-MaLR	822	-	97	4821875	72259
chr9	4749616	4949616	harbor1	chr9	4751222	4751590	LTR/ERVL-MaLR	1137	-	184	4751406	1790
chr9	4669937	4869937	harbor1	chr9	4750728	4751034	LTR/ERVL-MaLR	722	-	153	4750881	80944
chr9	4669937	4869937	harbor1	chr9	4751222	4751590	LTR/ERVL-MaLR	1137	-	184	4751406	81469
chr9	4694651	4894651	harbor1	chr9	4750728	4751034	LTR/ERVL-MaLR	722	-	153	4750881	56230
chr9	4694651	4894651	harbor1	chr9	4774265	4774564	LTR/ERVL-MaLR	941	-	150	4774415	79764
chr9	4694651	4894651	harbor1	chr9	4751222	4751590	LTR/ERVL-MaLR	1137	-	184	4751406	56755
chr9	135465766	135665766	harbor1	chr9	135536921	135537316	LTR/ERVL-MaLR	1608	-	198	135537119	71353
chr9	4884784	5084784	harbor1	chr9	4886834	4886928	LTR/ERVL-MaLR	1082	-	47	4886881	2097
chr9	4884784	5084784	harbor1	chr9	4887564	4887920	LTR/ERVL-MaLR	1082	-	178	4887742	2958
chr9	4884784	5084784	harbor1	chr9	4894611	4894998	LTR/ERVL-MaLR	727	-	194	4894805	10021
chr9	4884784	5084784	harbor1	chr9	4922418	4923063	LTR/ERVL-MaLR	1630	-	322	4922740	37956
chr9	4884784	5084784	harbor1	chr9	4980543	4980842	LTR/ERVL-MaLR	493	-	150	4980693	95909
chr9	4694865	4894865	harbor1	chr9	4750728	4751034	LTR/ERVL-MaLR	722	-	153	4750881	56016
chr9	4694865	4894865	harbor1	chr9	4774265	4774564	LTR/ERVL-MaLR	941	-	150	4774415	79550
chr9	4694865	4894865	harbor1	chr9	4751222	4751590	LTR/ERVL-MaLR	1137	-	184	4751406	56541
chr9	196617	396617	harbor1	chr9	201050	201385	LTR/ERVL-MaLR	2230	-	168	201218	4601
chr9	196617	396617	harbor1	chr9	207815	208113	LTR/ERVL-MaLR	503	-	149	207964	11347
chr9	196617	396617	harbor1	chr9	226046	226396	LTR/ERVL-MaLR	2440	-	175	226221	29604
chr9	196617	396617	harbor1	chr9	228708	229194	LTR/ERVL-MaLR	1200	-	243	228951	32334
chr9	196617	396617	harbor1	chr9	236054	236490	LTR/ERVL-MaLR	577	-	218	236272	39655
chr9	196617	396617	harbor1	chr9	236646	237096	LTR/ERVL-MaLR	719	-	225	236871	40254
chr9	196617	396617	harbor1	chr9	280574	280757	LTR/ERVL-MaLR	664	-	92	280666	84049
chr9	3399943	3599943	harbor1	chr9	3455897	3456240	LTR/ERVL-MaLR	1185	-	172	3456069	56126
chr9	3399943	3599943	harbor1	chr9	3480068	3480518	LTR/ERVL-MaLR	519	-	225	3480293	80350
chr9	4692795	4892795	harbor1	chr9	4750728	4751034	LTR/ERVL-MaLR	722	-	153	4750881	58086
chr9	4692795	4892795	harbor1	chr9	4774265	4774564	LTR/ERVL-MaLR	941	-	150	4774415	81620
chr9	4692795	4892795	harbor1	chr9	4751222	4751590	LTR/ERVL-MaLR	1137	-	184	4751406	58611
chr9	68605549	68805549	harbor1	chr9	68613131	68613702	LTR/ERVL-MaLR	1506	-	286	68613417	7868
chr9	68605549	68805549	harbor1	chr9	68619207	68619489	LTR/ERVL-MaLR	486	-	141	68619348	13799
chr9	68605549	68805549	harbor1	chr9	68634707	68635090	LTR/ERVL-MaLR	1307	-	192	68634899	29350
chr9	68605549	68805549	harbor1	chr9	68666250	68666554	LTR/ERVL-MaLR	1266	-	152	68666402	60853
chr9	68605549	68805549	harbor1	chr9	68666894	68666953	LTR/ERVL-MaLR	1266	-	30	68666924	61375
chr9	68605549	68805549	harbor1	chr9	68702524	68702858	LTR/ERVL-MaLR	723	-	167	68702691	97142
chr9	4866377	5066377	harbor1	chr9	4867596	4867764	LTR/ERVL-MaLR	592	-	84	4867680	1303
chr9	4866377	5066377	harbor1	chr9	4872834	4873363	LTR/ERVL-MaLR	891	-	264	4873098	6721
chr9	4866377	5066377	harbor1	chr9	4880477	4880932	LTR/ERVL-MaLR	2106	-	228	4880705	14328
chr9	4866377	5066377	harbor1	chr9	4881763	4882042	LTR/ERVL-MaLR	800	-	140	4881903	15526
chr9	4866377	5066377	harbor1	chr9	4884078	4884458	LTR/ERVL-MaLR	1733	-	190	4884268	17891
chr9	4866377	5066377	harbor1	chr9	4886834	4886928	LTR/ERVL-MaLR	1082	-	47	4886881	20504
chr9	4866377	5066377	harbor1	chr9	4887564	4887920	LTR/ERVL-MaLR	1082	-	178	4887742	21365
chr9	4866377	5066377	harbor1	chr9	4894611	4894998	LTR/ERVL-MaLR	727	-	194	4894805	28428
chr9	4866377	5066377	harbor1	chr9	4922418	4923063	LTR/ERVL-MaLR	1630	-	322	4922740	56363
chr9	4866377	5066377	harbor1	chr9	4882157	4882503	LTR/ERVL-MaLR	979	-	173	4882330	15953
chr9	4884847	5084847	harbor1	chr9	4886834	4886928	LTR/ERVL-MaLR	1082	-	47	4886881	2034
chr9	4884847	5084847	harbor1	chr9	4887564	4887920	LTR/ERVL-MaLR	1082	-	178	4887742	2895
chr9	4884847	5084847	harbor1	chr9	4894611	4894998	LTR/ERVL-MaLR	727	-	194	4894805	9958
chr9	4884847	5084847	harbor1	chr9	4922418	4923063	LTR/ERVL-MaLR	1630	-	322	4922740	37893
chr9	4884847	5084847	harbor1	chr9	4980543	4980842	LTR/ERVL-MaLR	493	-	150	4980693	95846
chr9	4884951	5084951	harbor1	chr9	4886834	4886928	LTR/ERVL-MaLR	1082	-	47	4886881	1930
chr9	4884951	5084951	harbor1	chr9	4887564	4887920	LTR/ERVL-MaLR	1082	-	178	4887742	2791
chr9	4884951	5084951	harbor1	chr9	4894611	4894998	LTR/ERVL-MaLR	727	-	194	4894805	9854
chr9	4884951	5084951	harbor1	chr9	4922418	4923063	LTR/ERVL-MaLR	1630	-	322	4922740	37789
chr9	4884951	5084951	harbor1	chr9	4980543	4980842	LTR/ERVL-MaLR	493	-	150	4980693	95742
chr9	4692232	4892232	harbor1	chr9	4750728	4751034	LTR/ERVL-MaLR	722	-	153	4750881	58649
chr9	4692232	4892232	harbor1	chr9	4774265	4774564	LTR/ERVL-MaLR	941	-	150	4774415	82183
chr9	4692232	4892232	harbor1	chr9	4751222	4751590	LTR/ERVL-MaLR	1137	-	184	4751406	59174
chr9	108346093	108546093	harbor1	chr9	108356091	108356525	LTR/ERVL-MaLR	1903	-	217	108356308	10215
chr9	108346093	108546093	harbor1	chr9	108361838	108362201	LTR/ERVL-MaLR	2597	-	182	108362020	15927
chr9	108346093	108546093	harbor1	chr9	108364926	108364999	LTR/ERVL-MaLR	2062	-	36	108364962	18869
chr9	108346093	108546093	harbor1	chr9	108365296	108365590	LTR/ERVL-MaLR	2062	-	147	108365443	19350
chr9	108346093	108546093	harbor1	chr9	108367992	108368393	LTR/ERVL-MaLR	1725	-	200	108368192	22099
chr9	108346093	108546093	harbor1	chr9	108382194	108382640	LTR/ERVL-MaLR	1531	-	223	108382417	36324
chr9	108346093	108546093	harbor1	chr9	108397545	108397741	LTR/ERVL-MaLR	1207	-	98	108397643	51550
chr9	89509793	89709793	harbor1	chr9	89520256	89520616	LTR/ERVL-MaLR	1562	-	180	89520436	10643
chr9	89509793	89709793	harbor1	chr9	89527073	89527572	LTR/ERVL-MaLR	1207	-	250	89527323	17530
chr9	89509793	89709793	harbor1	chr9	89528169	89528608	LTR/ERVL-MaLR	1645	-	220	89528389	18596
chr9	89509793	89709793	harbor1	chr9	89558604	89558946	LTR/ERVL-MaLR	1860	-	171	89558775	48982
chr9	89509793	89709793	harbor1	chr9	89573336	89573593	LTR/ERVL-MaLR	2072	-	128	89573464	63671
chr9	89509793	89709793	harbor1	chr9	89573630	89573708	LTR/ERVL-MaLR	2072	-	39	89573669	63876
chr9	89509793	89709793	harbor1	chr9	89574013	89574061	LTR/ERVL-MaLR	2072	-	24	89574037	64244
chr9	89509793	89709793	harbor1	chr9	89574400	89574734	LTR/ERVL-MaLR	1211	-	167	89574567	64774
chr9	89509793	89709793	harbor1	chr9	89579199	89579340	LTR/ERVL-MaLR	1176	-	70	89579269	69476
chr9	89509793	89709793	harbor1	chr9	89588746	89589018	LTR/ERVL-MaLR	724	-	136	89588882	79089
chr9	4884827	5084827	harbor1	chr9	4886834	4886928	LTR/ERVL-MaLR	1082	-	47	4886881	2054
chr9	4884827	5084827	harbor1	chr9	4887564	4887920	LTR/ERVL-MaLR	1082	-	178	4887742	2915
chr9	4884827	5084827	harbor1	chr9	4894611	4894998	LTR/ERVL-MaLR	727	-	194	4894805	9978
chr9	4884827	5084827	harbor1	chr9	4922418	4923063	LTR/ERVL-MaLR	1630	-	322	4922740	37913
chr9	4884827	5084827	harbor1	chr9	4980543	4980842	LTR/ERVL-MaLR	493	-	150	4980693	95866
chr9	134035554	134235554	harbor1	chr9	134093827	134094218	LTR/ERVL-MaLR	2174	-	196	134094023	58469
chr9	134035554	134235554	harbor1	chr9	134121362	134121750	LTR/ERVL-MaLR	1937	-	194	134121556	86002
chr9	4648821	4848821	harbor1	chr9	4669109	4669368	LTR/ERVL-MaLR	1635	-	130	4669239	20418
chr9	4648821	4848821	harbor1	chr9	4669678	4669886	LTR/ERVL-MaLR	1635	-	104	4669782	20961
chr9	136294898	136494898	harbor1	chr9	136322258	136322607	LTR/ERVL-MaLR	1110	-	174	136322432	27534
chr9	136294898	136494898	harbor1	chr9	136344313	136344630	LTR/ERVL-MaLR	730	-	158	136344471	49573
chr9	135905941	136105941	harbor1	chr9	135911208	135911545	LTR/ERVL-MaLR	2079	-	168	135911376	5435
chr9	135905941	136105941	harbor1	chr9	135913581	135913898	LTR/ERVL-MaLR	1448	-	158	135913739	7798
chr9	135905941	136105941	harbor1	chr9	135914619	135914665	LTR/ERVL-MaLR	1448	-	23	135914642	8701
chr9	135905941	136105941	harbor1	chr9	135964721	135965138	LTR/ERVL-MaLR	811	-	208	135964929	58988
chr9	135905941	136105941	harbor1	chr9	135968679	135969058	LTR/ERVL-MaLR	662	-	190	135968869	62928
chr9	135905941	136105941	harbor1	chr9	135984539	135984917	LTR/ERVL-MaLR	709	-	189	135984728	78787
chr9	87626432	87826432	harbor1	chr9	87630340	87630729	LTR/ERVL-MaLR	836	-	194	87630534	4102
chr9	87626432	87826432	harbor1	chr9	87696420	87696872	LTR/ERVL-MaLR	2077	-	226	87696646	70214
chr9	4669262	4869262	harbor1	chr9	4669109	4669368	LTR/ERVL-MaLR	1635	-	130	4669239	23
chr9	4669262	4869262	harbor1	chr9	4669678	4669886	LTR/ERVL-MaLR	1635	-	104	4669782	520
chr9	4669262	4869262	harbor1	chr9	4750728	4751034	LTR/ERVL-MaLR	722	-	153	4750881	81619
chr9	4669262	4869262	harbor1	chr9	4751222	4751590	LTR/ERVL-MaLR	1137	-	184	4751406	82144
chr9	4812824	5012824	harbor1	chr9	4821436	4821649	LTR/ERVL-MaLR	1022	-	106	4821542	8718
chr9	4812824	5012824	harbor1	chr9	4821778	4821972	LTR/ERVL-MaLR	822	-	97	4821875	9051
chr9	4812824	5012824	harbor1	chr9	4861773	4862272	LTR/ERVL-MaLR	1656	-	250	4862023	49199
chr9	4812824	5012824	harbor1	chr9	4867596	4867764	LTR/ERVL-MaLR	592	-	84	4867680	54856
chr9	4812824	5012824	harbor1	chr9	4872834	4873363	LTR/ERVL-MaLR	891	-	264	4873098	60274
chr9	4812824	5012824	harbor1	chr9	4880477	4880932	LTR/ERVL-MaLR	2106	-	228	4880705	67881
chr9	4812824	5012824	harbor1	chr9	4881763	4882042	LTR/ERVL-MaLR	800	-	140	4881903	69079
chr9	4812824	5012824	harbor1	chr9	4884078	4884458	LTR/ERVL-MaLR	1733	-	190	4884268	71444
chr9	4812824	5012824	harbor1	chr9	4886834	4886928	LTR/ERVL-MaLR	1082	-	47	4886881	74057
chr9	4812824	5012824	harbor1	chr9	4887564	4887920	LTR/ERVL-MaLR	1082	-	178	4887742	74918
chr9	4812824	5012824	harbor1	chr9	4894611	4894998	LTR/ERVL-MaLR	727	-	194	4894805	81981
chr9	4812824	5012824	harbor1	chr9	4882157	4882503	LTR/ERVL-MaLR	979	-	173	4882330	69506
chr9	134735363	134935363	harbor1	chr9	134736204	134736590	LTR/ERVL-MaLR	1679	-	193	134736397	1034
chr9	134735363	134935363	harbor1	chr9	134736593	134737536	LTR/ERVL-MaLR	1361	-	472	134737065	1702
chr9	134735363	134935363	harbor1	chr9	134745719	134746121	LTR/ERVL-MaLR	682	-	201	134745920	10557
chr9	134735363	134935363	harbor1	chr9	134776706	134777069	LTR/ERVL-MaLR	1738	-	182	134776888	41525
chr9	134735363	134935363	harbor1	chr9	134797199	134797478	LTR/ERVL-MaLR	971	-	140	134797339	61976
chr9	134735363	134935363	harbor1	chr9	134797774	134797955	LTR/ERVL-MaLR	971	-	90	134797864	62501
chr9	97885101	98085101	harbor1	chr9	97889560	97889890	LTR/ERVL-MaLR	1475	-	165	97889725	4624
chr9	97885101	98085101	harbor1	chr9	97975011	97975415	LTR/ERVL-MaLR	1787	-	202	97975213	90112
chr9	4692222	4892222	harbor1	chr9	4750728	4751034	LTR/ERVL-MaLR	722	-	153	4750881	58659
chr9	4692222	4892222	harbor1	chr9	4774265	4774564	LTR/ERVL-MaLR	941	-	150	4774415	82193
chr9	4692222	4892222	harbor1	chr9	4751222	4751590	LTR/ERVL-MaLR	1137	-	184	4751406	59184
chr9	68605579	68805579	harbor1	chr9	68613131	68613702	LTR/ERVL-MaLR	1506	-	286	68613417	7838
chr9	68605579	68805579	harbor1	chr9	68619207	68619489	LTR/ERVL-MaLR	486	-	141	68619348	13769
chr9	68605579	68805579	harbor1	chr9	68634707	68635090	LTR/ERVL-MaLR	1307	-	192	68634899	29320
chr9	68605579	68805579	harbor1	chr9	68666250	68666554	LTR/ERVL-MaLR	1266	-	152	68666402	60823
chr9	68605579	68805579	harbor1	chr9	68666894	68666953	LTR/ERVL-MaLR	1266	-	30	68666924	61345
chr9	68605579	68805579	harbor1	chr9	68702524	68702858	LTR/ERVL-MaLR	723	-	167	68702691	97112
chr9	4879662	5079662	harbor1	chr9	4880477	4880932	LTR/ERVL-MaLR	2106	-	228	4880705	1043
chr9	4879662	5079662	harbor1	chr9	4881763	4882042	LTR/ERVL-MaLR	800	-	140	4881903	2241
chr9	4879662	5079662	harbor1	chr9	4884078	4884458	LTR/ERVL-MaLR	1733	-	190	4884268	4606
chr9	4879662	5079662	harbor1	chr9	4886834	4886928	LTR/ERVL-MaLR	1082	-	47	4886881	7219
chr9	4879662	5079662	harbor1	chr9	4887564	4887920	LTR/ERVL-MaLR	1082	-	178	4887742	8080
chr9	4879662	5079662	harbor1	chr9	4894611	4894998	LTR/ERVL-MaLR	727	-	194	4894805	15143
chr9	4879662	5079662	harbor1	chr9	4922418	4923063	LTR/ERVL-MaLR	1630	-	322	4922740	43078
chr9	4879662	5079662	harbor1	chr9	4882157	4882503	LTR/ERVL-MaLR	979	-	173	4882330	2668
chr9	4579422	4779422	harbor1	chr9	4599498	4599848	LTR/ERVL-MaLR	2008	-	175	4599673	20251
chr9	4579422	4779422	harbor1	chr9	4645308	4645632	LTR/ERVL-MaLR	1966	-	162	4645470	66048
chr9	4579422	4779422	harbor1	chr9	4669109	4669368	LTR/ERVL-MaLR	1635	-	130	4669239	89817
chr9	4579422	4779422	harbor1	chr9	4669678	4669886	LTR/ERVL-MaLR	1635	-	104	4669782	90360
chr9	85705422	85905422	harbor1	chr9	85707678	85707829	LTR/ERVL-MaLR	2260	-	76	85707754	2332
chr9	85705422	85905422	harbor1	chr9	85708069	85708444	LTR/ERVL-MaLR	2260	-	188	85708257	2835
chr9	85705422	85905422	harbor1	chr9	85802617	85803032	LTR/ERVL-MaLR	653	-	208	85802825	97403
chr9	4883218	5083218	harbor1	chr9	4884078	4884458	LTR/ERVL-MaLR	1733	-	190	4884268	1050
chr9	4883218	5083218	harbor1	chr9	4886834	4886928	LTR/ERVL-MaLR	1082	-	47	4886881	3663
chr9	4883218	5083218	harbor1	chr9	4887564	4887920	LTR/ERVL-MaLR	1082	-	178	4887742	4524
chr9	4883218	5083218	harbor1	chr9	4894611	4894998	LTR/ERVL-MaLR	727	-	194	4894805	11587
chr9	4883218	5083218	harbor1	chr9	4922418	4923063	LTR/ERVL-MaLR	1630	-	322	4922740	39522
chr9	4883218	5083218	harbor1	chr9	4980543	4980842	LTR/ERVL-MaLR	493	-	150	4980693	97475
chr9	130119656	130319656	harbor1	chr9	130152464	130152660	LTR/ERVL-MaLR	1717	-	98	130152562	32906
chr9	130119656	130319656	harbor1	chr9	130152957	130153088	LTR/ERVL-MaLR	1717	-	66	130153023	33367
chr9	130119656	130319656	harbor1	chr9	130160299	130160645	LTR/ERVL-MaLR	2187	-	173	130160472	40816
chr9	4883477	5083477	harbor1	chr9	4884078	4884458	LTR/ERVL-MaLR	1733	-	190	4884268	791
chr9	4883477	5083477	harbor1	chr9	4886834	4886928	LTR/ERVL-MaLR	1082	-	47	4886881	3404
chr9	4883477	5083477	harbor1	chr9	4887564	4887920	LTR/ERVL-MaLR	1082	-	178	4887742	4265
chr9	4883477	5083477	harbor1	chr9	4894611	4894998	LTR/ERVL-MaLR	727	-	194	4894805	11328
chr9	4883477	5083477	harbor1	chr9	4922418	4923063	LTR/ERVL-MaLR	1630	-	322	4922740	39263
chr9	4883477	5083477	harbor1	chr9	4980543	4980842	LTR/ERVL-MaLR	493	-	150	4980693	97216
chr9	4663738	4863738	harbor1	chr9	4669109	4669368	LTR/ERVL-MaLR	1635	-	130	4669239	5501
chr9	4663738	4863738	harbor1	chr9	4669678	4669886	LTR/ERVL-MaLR	1635	-	104	4669782	6044
chr9	4663738	4863738	harbor1	chr9	4750728	4751034	LTR/ERVL-MaLR	722	-	153	4750881	87143
chr9	4663738	4863738	harbor1	chr9	4751222	4751590	LTR/ERVL-MaLR	1137	-	184	4751406	87668
chr9	4885072	5085072	harbor1	chr9	4886834	4886928	LTR/ERVL-MaLR	1082	-	47	4886881	1809
chr9	4885072	5085072	harbor1	chr9	4887564	4887920	LTR/ERVL-MaLR	1082	-	178	4887742	2670
chr9	4885072	5085072	harbor1	chr9	4894611	4894998	LTR/ERVL-MaLR	727	-	194	4894805	9733
chr9	4885072	5085072	harbor1	chr9	4922418	4923063	LTR/ERVL-MaLR	1630	-	322	4922740	37668
chr9	4885072	5085072	harbor1	chr9	4980543	4980842	LTR/ERVL-MaLR	493	-	150	4980693	95621
chr9	35655086	35855086	harbor1	chr9	35681313	35681539	LTR/ERVL-MaLR	809	-	113	35681426	26340
chr9	35655086	35855086	harbor1	chr9	35667802	35668042	LTR/ERVL-MaLR	618	-	120	35667922	12836
chr9	4824143	5024143	harbor1	chr9	4861773	4862272	LTR/ERVL-MaLR	1656	-	250	4862023	37880
chr9	4824143	5024143	harbor1	chr9	4867596	4867764	LTR/ERVL-MaLR	592	-	84	4867680	43537
chr9	4824143	5024143	harbor1	chr9	4872834	4873363	LTR/ERVL-MaLR	891	-	264	4873098	48955
chr9	4824143	5024143	harbor1	chr9	4880477	4880932	LTR/ERVL-MaLR	2106	-	228	4880705	56562
chr9	4824143	5024143	harbor1	chr9	4881763	4882042	LTR/ERVL-MaLR	800	-	140	4881903	57760
chr9	4824143	5024143	harbor1	chr9	4884078	4884458	LTR/ERVL-MaLR	1733	-	190	4884268	60125
chr9	4824143	5024143	harbor1	chr9	4886834	4886928	LTR/ERVL-MaLR	1082	-	47	4886881	62738
chr9	4824143	5024143	harbor1	chr9	4887564	4887920	LTR/ERVL-MaLR	1082	-	178	4887742	63599
chr9	4824143	5024143	harbor1	chr9	4894611	4894998	LTR/ERVL-MaLR	727	-	194	4894805	70662
chr9	4824143	5024143	harbor1	chr9	4922418	4923063	LTR/ERVL-MaLR	1630	-	322	4922740	98597
chr9	4824143	5024143	harbor1	chr9	4882157	4882503	LTR/ERVL-MaLR	979	-	173	4882330	58187
chr9	4663518	4863518	harbor1	chr9	4669109	4669368	LTR/ERVL-MaLR	1635	-	130	4669239	5721
chr9	4663518	4863518	harbor1	chr9	4669678	4669886	LTR/ERVL-MaLR	1635	-	104	4669782	6264
chr9	4663518	4863518	harbor1	chr9	4750728	4751034	LTR/ERVL-MaLR	722	-	153	4750881	87363
chr9	4663518	4863518	harbor1	chr9	4751222	4751590	LTR/ERVL-MaLR	1137	-	184	4751406	87888
chr9	130042390	130242390	harbor1	chr9	130078487	130078735	LTR/ERVL-MaLR	512	-	124	130078611	36221
chr9	130042390	130242390	harbor1	chr9	130081896	130082260	LTR/ERVL-MaLR	2179	-	182	130082078	39688
chr9	130042390	130242390	harbor1	chr9	130103802	130104274	LTR/ERVL-MaLR	798	-	236	130104038	61648
chr9	135599704	135799704	harbor1	chr9	135600177	135600327	LTR/ERVL-MaLR	778	-	75	135600252	548
chr9	135599704	135799704	harbor1	chr9	135622491	135622832	LTR/ERVL-MaLR	1623	-	170	135622661	22957
chr9	135599704	135799704	harbor1	chr9	135638000	135638352	LTR/ERVL-MaLR	2730	-	176	135638176	38472
chr9	135599704	135799704	harbor1	chr9	135642407	135642598	LTR/ERVL-MaLR	1140	-	96	135642503	42799
chr9	135599704	135799704	harbor1	chr9	135642634	135642845	LTR/ERVL-MaLR	1140	-	106	135642740	43036
chr9	135599704	135799704	harbor1	chr9	135666132	135666538	LTR/ERVL-MaLR	489	-	203	135666335	66631
chr9	135599704	135799704	harbor1	chr9	135671980	135672388	LTR/ERVL-MaLR	1131	-	204	135672184	72480
chr9	135599704	135799704	harbor1	chr9	135673272	135673555	LTR/ERVL-MaLR	714	-	142	135673414	73710
chr9	4692806	4892806	harbor1	chr9	4750728	4751034	LTR/ERVL-MaLR	722	-	153	4750881	58075
chr9	4692806	4892806	harbor1	chr9	4774265	4774564	LTR/ERVL-MaLR	941	-	150	4774415	81609
chr9	4692806	4892806	harbor1	chr9	4751222	4751590	LTR/ERVL-MaLR	1137	-	184	4751406	58600
chr9	4744087	4944087	harbor1	chr9	4750728	4751034	LTR/ERVL-MaLR	722	-	153	4750881	6794
chr9	4744087	4944087	harbor1	chr9	4774265	4774564	LTR/ERVL-MaLR	941	-	150	4774415	30328
chr9	4744087	4944087	harbor1	chr9	4821436	4821649	LTR/ERVL-MaLR	1022	-	106	4821542	77455
chr9	4744087	4944087	harbor1	chr9	4821778	4821972	LTR/ERVL-MaLR	822	-	97	4821875	77788
chr9	4744087	4944087	harbor1	chr9	4751222	4751590	LTR/ERVL-MaLR	1137	-	184	4751406	7319
chr9	128980915	129180915	harbor1	chr9	129075681	129076040	LTR/ERVL-MaLR	2339	-	180	129075861	94946
chr9	133762512	133962512	harbor1	chr9	133849537	133849988	LTR/ERVL-MaLR	1299	-	226	133849763	87251
chr9	133762512	133962512	harbor1	chr9	133856579	133856853	LTR/ERVL-MaLR	699	-	137	133856716	94204
chr9	4884871	5084871	harbor1	chr9	4886834	4886928	LTR/ERVL-MaLR	1082	-	47	4886881	2010
chr9	4884871	5084871	harbor1	chr9	4887564	4887920	LTR/ERVL-MaLR	1082	-	178	4887742	2871
chr9	4884871	5084871	harbor1	chr9	4894611	4894998	LTR/ERVL-MaLR	727	-	194	4894805	9934
chr9	4884871	5084871	harbor1	chr9	4922418	4923063	LTR/ERVL-MaLR	1630	-	322	4922740	37869
chr9	4884871	5084871	harbor1	chr9	4980543	4980842	LTR/ERVL-MaLR	493	-	150	4980693	95822
chr9	4692558	4892558	harbor1	chr9	4750728	4751034	LTR/ERVL-MaLR	722	-	153	4750881	58323
chr9	4692558	4892558	harbor1	chr9	4774265	4774564	LTR/ERVL-MaLR	941	-	150	4774415	81857
chr9	4692558	4892558	harbor1	chr9	4751222	4751590	LTR/ERVL-MaLR	1137	-	184	4751406	58848
chr9	4883433	5083433	harbor1	chr9	4884078	4884458	LTR/ERVL-MaLR	1733	-	190	4884268	835
chr9	4883433	5083433	harbor1	chr9	4886834	4886928	LTR/ERVL-MaLR	1082	-	47	4886881	3448
chr9	4883433	5083433	harbor1	chr9	4887564	4887920	LTR/ERVL-MaLR	1082	-	178	4887742	4309
chr9	4883433	5083433	harbor1	chr9	4894611	4894998	LTR/ERVL-MaLR	727	-	194	4894805	11372
chr9	4883433	5083433	harbor1	chr9	4922418	4923063	LTR/ERVL-MaLR	1630	-	322	4922740	39307
chr9	4883433	5083433	harbor1	chr9	4980543	4980842	LTR/ERVL-MaLR	493	-	150	4980693	97260
chr9	87626458	87826458	harbor1	chr9	87630340	87630729	LTR/ERVL-MaLR	836	-	194	87630534	4076
chr9	87626458	87826458	harbor1	chr9	87696420	87696872	LTR/ERVL-MaLR	2077	-	226	87696646	70188
chr9	105145295	105345295	harbor1	chr9	105167538	105167902	LTR/ERVL-MaLR	2501	-	182	105167720	22425
chr9	105145295	105345295	harbor1	chr9	105172148	105172343	LTR/ERVL-MaLR	615	-	98	105172246	26951
chr9	105145295	105345295	harbor1	chr9	105191862	105191958	LTR/ERVL-MaLR	524	-	48	105191910	46615
chr9	105145295	105345295	harbor1	chr9	105195325	105195671	LTR/ERVL-MaLR	2387	-	173	105195498	50203
chr9	105145295	105345295	harbor1	chr9	105211599	105211940	LTR/ERVL-MaLR	2037	-	170	105211769	66474
chr9	105145295	105345295	harbor1	chr9	105212220	105212299	LTR/ERVL-MaLR	2037	-	40	105212260	66965
chr9	105145295	105345295	harbor1	chr9	105213321	105213505	LTR/ERVL-MaLR	623	-	92	105213413	68118
chr9	105145295	105345295	harbor1	chr9	105213810	105213975	LTR/ERVL-MaLR	623	-	82	105213892	68597
chr9	105145295	105345295	harbor1	chr9	105217400	105217729	LTR/ERVL-MaLR	2061	-	164	105217564	72269
chr9	112387255	112587255	harbor1	chr9	112400624	112401028	LTR/ERVL-MaLR	1556	-	202	112400826	13571
chr9	112387255	112587255	harbor1	chr9	112467548	112467708	LTR/ERVL-MaLR	814	-	80	112467628	80373
chr9	4730514	4930514	harbor1	chr9	4750728	4751034	LTR/ERVL-MaLR	722	-	153	4750881	20367
chr9	4730514	4930514	harbor1	chr9	4774265	4774564	LTR/ERVL-MaLR	941	-	150	4774415	43901
chr9	4730514	4930514	harbor1	chr9	4821436	4821649	LTR/ERVL-MaLR	1022	-	106	4821542	91028
chr9	4730514	4930514	harbor1	chr9	4821778	4821972	LTR/ERVL-MaLR	822	-	97	4821875	91361
chr9	4730514	4930514	harbor1	chr9	4751222	4751590	LTR/ERVL-MaLR	1137	-	184	4751406	20892
chr9	4692205	4892205	harbor1	chr9	4750728	4751034	LTR/ERVL-MaLR	722	-	153	4750881	58676
chr9	4692205	4892205	harbor1	chr9	4774265	4774564	LTR/ERVL-MaLR	941	-	150	4774415	82210
chr9	4692205	4892205	harbor1	chr9	4751222	4751590	LTR/ERVL-MaLR	1137	-	184	4751406	59201
chr9	137176266	137376266	harbor1	chr9	137268237	137268303	LTR/ERVL-MaLR	630	-	33	137268270	92004
chr9	137176266	137376266	harbor1	chr9	137268599	137268728	LTR/ERVL-MaLR	630	-	64	137268663	92397
chr9	4692312	4892312	harbor1	chr9	4750728	4751034	LTR/ERVL-MaLR	722	-	153	4750881	58569
chr9	4692312	4892312	harbor1	chr9	4774265	4774564	LTR/ERVL-MaLR	941	-	150	4774415	82103
chr9	4692312	4892312	harbor1	chr9	4751222	4751590	LTR/ERVL-MaLR	1137	-	184	4751406	59094
chr9	4694469	4894469	harbor1	chr9	4750728	4751034	LTR/ERVL-MaLR	722	-	153	4750881	56412
chr9	4694469	4894469	harbor1	chr9	4774265	4774564	LTR/ERVL-MaLR	941	-	150	4774415	79946
chr9	4694469	4894469	harbor1	chr9	4751222	4751590	LTR/ERVL-MaLR	1137	-	184	4751406	56937
chr9	136745116	136945116	harbor1	chr9	136751810	136752192	LTR/ERVL-MaLR	2261	-	191	136752001	6885
chr9	133819687	134019687	harbor1	chr9	133849537	133849988	LTR/ERVL-MaLR	1299	-	226	133849763	30076
chr9	133819687	134019687	harbor1	chr9	133856579	133856853	LTR/ERVL-MaLR	699	-	137	133856716	37029
chr9	35625694	35825694	harbor1	chr9	35681313	35681539	LTR/ERVL-MaLR	809	-	113	35681426	55732
chr9	35625694	35825694	harbor1	chr9	35667802	35668042	LTR/ERVL-MaLR	618	-	120	35667922	42228
chr9	4884855	5084855	harbor1	chr9	4886834	4886928	LTR/ERVL-MaLR	1082	-	47	4886881	2026
chr9	4884855	5084855	harbor1	chr9	4887564	4887920	LTR/ERVL-MaLR	1082	-	178	4887742	2887
chr9	4884855	5084855	harbor1	chr9	4894611	4894998	LTR/ERVL-MaLR	727	-	194	4894805	9950
chr9	4884855	5084855	harbor1	chr9	4922418	4923063	LTR/ERVL-MaLR	1630	-	322	4922740	37885
chr9	4884855	5084855	harbor1	chr9	4980543	4980842	LTR/ERVL-MaLR	493	-	150	4980693	95838
chr9	133678135	133878135	harbor1	chr9	133720482	133720841	LTR/ERVL-MaLR	2537	-	180	133720662	42527
chr9	133678135	133878135	harbor1	chr9	133753202	133753639	LTR/ERVL-MaLR	2235	-	218	133753420	75285
chr9	37551225	37751225	harbor1	chr9	37552330	37552401	LTR/ERVL-MaLR	1169	-	36	37552366	1141
chr9	37551225	37751225	harbor1	chr9	37552716	37552997	LTR/ERVL-MaLR	1169	-	140	37552856	1631
chr9	37551225	37751225	harbor1	chr9	37600890	37601234	LTR/ERVL-MaLR	1684	-	172	37601062	49837
chr9	37551225	37751225	harbor1	chr9	37629832	37630197	LTR/ERVL-MaLR	1571	-	182	37630014	78789
chr9	37551225	37751225	harbor1	chr9	37632332	37632860	LTR/ERVL-MaLR	1530	-	264	37632596	81371
chr9	37551225	37751225	harbor1	chr9	37550826	37552328	LTR/ERVL-MaLR	2951	-	751	37551577	352
chr9	137214581	137414581	harbor1	chr9	137268237	137268303	LTR/ERVL-MaLR	630	-	33	137268270	53689
chr9	137214581	137414581	harbor1	chr9	137268599	137268728	LTR/ERVL-MaLR	630	-	64	137268663	54082
chr9	137214581	137414581	harbor1	chr9	137283633	137283705	LTR/ERVL-MaLR	489	-	36	137283669	69088
chr9	137214581	137414581	harbor1	chr9	137284013	137284084	LTR/ERVL-MaLR	489	-	36	137284049	69468
chr9	4692887	4892887	harbor1	chr9	4750728	4751034	LTR/ERVL-MaLR	722	-	153	4750881	57994
chr9	4692887	4892887	harbor1	chr9	4774265	4774564	LTR/ERVL-MaLR	941	-	150	4774415	81528
chr9	4692887	4892887	harbor1	chr9	4751222	4751590	LTR/ERVL-MaLR	1137	-	184	4751406	58519
chr9	4884829	5084829	harbor1	chr9	4886834	4886928	LTR/ERVL-MaLR	1082	-	47	4886881	2052
chr9	4884829	5084829	harbor1	chr9	4887564	4887920	LTR/ERVL-MaLR	1082	-	178	4887742	2913
chr9	4884829	5084829	harbor1	chr9	4894611	4894998	LTR/ERVL-MaLR	727	-	194	4894805	9976
chr9	4884829	5084829	harbor1	chr9	4922418	4923063	LTR/ERVL-MaLR	1630	-	322	4922740	37911
chr9	4884829	5084829	harbor1	chr9	4980543	4980842	LTR/ERVL-MaLR	493	-	150	4980693	95864
chr9	135829624	136029624	harbor1	chr9	135856133	135856495	LTR/ERVL-MaLR	2040	-	181	135856314	26690
chr9	135829624	136029624	harbor1	chr9	135911208	135911545	LTR/ERVL-MaLR	2079	-	168	135911376	81752
chr9	135829624	136029624	harbor1	chr9	135913581	135913898	LTR/ERVL-MaLR	1448	-	158	135913739	84115
chr9	135829624	136029624	harbor1	chr9	135914619	135914665	LTR/ERVL-MaLR	1448	-	23	135914642	85018
chr9	4885054	5085054	harbor1	chr9	4886834	4886928	LTR/ERVL-MaLR	1082	-	47	4886881	1827
chr9	4885054	5085054	harbor1	chr9	4887564	4887920	LTR/ERVL-MaLR	1082	-	178	4887742	2688
chr9	4885054	5085054	harbor1	chr9	4894611	4894998	LTR/ERVL-MaLR	727	-	194	4894805	9751
chr9	4885054	5085054	harbor1	chr9	4922418	4923063	LTR/ERVL-MaLR	1630	-	322	4922740	37686
chr9	4885054	5085054	harbor1	chr9	4980543	4980842	LTR/ERVL-MaLR	493	-	150	4980693	95639
chr9	4692851	4892851	harbor1	chr9	4750728	4751034	LTR/ERVL-MaLR	722	-	153	4750881	58030
chr9	4692851	4892851	harbor1	chr9	4774265	4774564	LTR/ERVL-MaLR	941	-	150	4774415	81564
chr9	4692851	4892851	harbor1	chr9	4751222	4751590	LTR/ERVL-MaLR	1137	-	184	4751406	58555
chr9	4692854	4892854	harbor1	chr9	4750728	4751034	LTR/ERVL-MaLR	722	-	153	4750881	58027
chr9	4692854	4892854	harbor1	chr9	4774265	4774564	LTR/ERVL-MaLR	941	-	150	4774415	81561
chr9	4692854	4892854	harbor1	chr9	4751222	4751590	LTR/ERVL-MaLR	1137	-	184	4751406	58552
chr9	136928407	137128407	harbor1	chr9	136988776	136988901	LTR/ERVL-MaLR	644	-	62	136988838	60431
chr9	136928407	137128407	harbor1	chr9	136989740	136989918	LTR/ERVL-MaLR	644	-	89	136989829	61422
chr9	137214576	137414576	harbor1	chr9	137268237	137268303	LTR/ERVL-MaLR	630	-	33	137268270	53694
chr9	137214576	137414576	harbor1	chr9	137268599	137268728	LTR/ERVL-MaLR	630	-	64	137268663	54087
chr9	137214576	137414576	harbor1	chr9	137283633	137283705	LTR/ERVL-MaLR	489	-	36	137283669	69093
chr9	137214576	137414576	harbor1	chr9	137284013	137284084	LTR/ERVL-MaLR	489	-	36	137284049	69473
chr9	133933666	134133666	harbor1	chr9	133951835	133952195	LTR/ERVL-MaLR	1069	-	180	133952015	18349
chr9	133933666	134133666	harbor1	chr9	134008595	134009216	LTR/ERVL-MaLR	772	-	310	134008905	75239
chr9	123912168	124112168	harbor1	chr9	123914202	123914257	LTR/ERVL-MaLR	2325	-	28	123914230	2062
chr9	123912168	124112168	harbor1	chr9	123914568	123914937	LTR/ERVL-MaLR	2325	-	184	123914752	2584
chr9	123912168	124112168	harbor1	chr9	123933310	123933813	LTR/ERVL-MaLR	1529	-	252	123933562	21394
chr9	123912168	124112168	harbor1	chr9	123936615	123936970	LTR/ERVL-MaLR	2416	-	178	123936793	24625
chr9	123912168	124112168	harbor1	chr9	123967397	123967722	LTR/ERVL-MaLR	668	-	162	123967559	55391
chr9	123912168	124112168	harbor1	chr9	123977329	123977476	LTR/ERVL-MaLR	1360	-	74	123977403	65235
chr9	123912168	124112168	harbor1	chr9	123977805	123978126	LTR/ERVL-MaLR	1360	-	160	123977965	65797
chr9	123912168	124112168	harbor1	chr9	123979590	123979958	LTR/ERVL-MaLR	2482	-	184	123979774	67606
chr9	123912168	124112168	harbor1	chr9	123986122	123986323	LTR/ERVL-MaLR	785	-	100	123986222	74054
chr9	123912168	124112168	harbor1	chr9	123993003	123993489	LTR/ERVL-MaLR	1331	-	243	123993246	81078
chr9	6658127	6858127	harbor1	chr9	6672533	6672705	LTR/ERVL-MaLR	1410	-	86	6672619	14492
chr9	6658127	6858127	harbor1	chr9	6673003	6673137	LTR/ERVL-MaLR	1410	-	67	6673070	14943
chr9	6658127	6858127	harbor1	chr9	6724835	6725156	LTR/ERVL-MaLR	1409	-	160	6724995	66868
chr9	6658127	6858127	harbor1	chr9	6750755	6751163	LTR/ERVL-MaLR	909	-	204	6750959	92832
chr9	6658127	6858127	harbor1	chr9	6751450	6751586	LTR/ERVL-MaLR	909	-	68	6751518	93391
chr9	6658127	6858127	harbor1	chr9	6753573	6753792	LTR/ERVL-MaLR	731	-	110	6753683	95556
chr9	4692645	4892645	harbor1	chr9	4750728	4751034	LTR/ERVL-MaLR	722	-	153	4750881	58236
chr9	4692645	4892645	harbor1	chr9	4774265	4774564	LTR/ERVL-MaLR	941	-	150	4774415	81770
chr9	4692645	4892645	harbor1	chr9	4751222	4751590	LTR/ERVL-MaLR	1137	-	184	4751406	58761
chr9	4732434	4932434	harbor1	chr9	4750728	4751034	LTR/ERVL-MaLR	722	-	153	4750881	18447
chr9	4732434	4932434	harbor1	chr9	4774265	4774564	LTR/ERVL-MaLR	941	-	150	4774415	41981
chr9	4732434	4932434	harbor1	chr9	4821436	4821649	LTR/ERVL-MaLR	1022	-	106	4821542	89108
chr9	4732434	4932434	harbor1	chr9	4821778	4821972	LTR/ERVL-MaLR	822	-	97	4821875	89441
chr9	4732434	4932434	harbor1	chr9	4751222	4751590	LTR/ERVL-MaLR	1137	-	184	4751406	18972
chr9	113949333	114149333	harbor1	chr9	113982193	113982646	LTR/ERVL-MaLR	1117	-	226	113982419	33086
chr9	113949333	114149333	harbor1	chr9	113986419	113986744	LTR/ERVL-MaLR	1177	-	162	113986581	37248
chr9	113949333	114149333	harbor1	chr9	113990438	113990827	LTR/ERVL-MaLR	1001	-	194	113990632	41299
chr9	113949333	114149333	harbor1	chr9	114006567	114007149	LTR/ERVL-MaLR	2060	-	291	114006858	57525
chr9	113949333	114149333	harbor1	chr9	114012190	114012546	LTR/ERVL-MaLR	1494	-	178	114012368	63035
chr9	13706365	13906365	harbor1	chr9	13719357	13719707	LTR/ERVL-MaLR	698	-	175	13719532	13167
chr9	13706365	13906365	harbor1	chr9	13738252	13738462	LTR/ERVL-MaLR	1352	-	105	13738357	31992
chr9	13706365	13906365	harbor1	chr9	13739783	13740105	LTR/ERVL-MaLR	1352	-	161	13739944	33579
chr9	13706365	13906365	harbor1	chr9	13765802	13766133	LTR/ERVL-MaLR	986	-	166	13765968	59603
chr9	13706365	13906365	harbor1	chr9	13804493	13804918	LTR/ERVL-MaLR	582	-	212	13804705	98340
chr9	133781981	133981981	harbor1	chr9	133849537	133849988	LTR/ERVL-MaLR	1299	-	226	133849763	67782
chr9	133781981	133981981	harbor1	chr9	133856579	133856853	LTR/ERVL-MaLR	699	-	137	133856716	74735
chr9	4663234	4863234	harbor1	chr9	4669109	4669368	LTR/ERVL-MaLR	1635	-	130	4669239	6005
chr9	4663234	4863234	harbor1	chr9	4669678	4669886	LTR/ERVL-MaLR	1635	-	104	4669782	6548
chr9	4663234	4863234	harbor1	chr9	4750728	4751034	LTR/ERVL-MaLR	722	-	153	4750881	87647
chr9	4663234	4863234	harbor1	chr9	4751222	4751590	LTR/ERVL-MaLR	1137	-	184	4751406	88172
chr9	3402772	3602772	harbor1	chr9	3455897	3456240	LTR/ERVL-MaLR	1185	-	172	3456069	53297
chr9	3402772	3602772	harbor1	chr9	3480068	3480518	LTR/ERVL-MaLR	519	-	225	3480293	77521
chr9	135515777	135715777	harbor1	chr9	135536921	135537316	LTR/ERVL-MaLR	1608	-	198	135537119	21342
chr9	135515777	135715777	harbor1	chr9	135586466	135586655	LTR/ERVL-MaLR	661	-	94	135586560	70783
chr9	135515777	135715777	harbor1	chr9	135595929	135596155	LTR/ERVL-MaLR	916	-	113	135596042	80265
chr9	135515777	135715777	harbor1	chr9	135600177	135600327	LTR/ERVL-MaLR	778	-	75	135600252	84475
chr9	134035491	134235491	harbor1	chr9	134093827	134094218	LTR/ERVL-MaLR	2174	-	196	134094023	58532
chr9	134035491	134235491	harbor1	chr9	134121362	134121750	LTR/ERVL-MaLR	1937	-	194	134121556	86065
chr9	135956531	136156531	harbor1	chr9	135964721	135965138	LTR/ERVL-MaLR	811	-	208	135964929	8398
chr9	135956531	136156531	harbor1	chr9	135968679	135969058	LTR/ERVL-MaLR	662	-	190	135968869	12338
chr9	135956531	136156531	harbor1	chr9	135984539	135984917	LTR/ERVL-MaLR	709	-	189	135984728	28197
chr9	4692834	4892834	harbor1	chr9	4750728	4751034	LTR/ERVL-MaLR	722	-	153	4750881	58047
chr9	4692834	4892834	harbor1	chr9	4774265	4774564	LTR/ERVL-MaLR	941	-	150	4774415	81581
chr9	4692834	4892834	harbor1	chr9	4751222	4751590	LTR/ERVL-MaLR	1137	-	184	4751406	58572
chr9	4579693	4779693	harbor1	chr9	4599498	4599848	LTR/ERVL-MaLR	2008	-	175	4599673	19980
chr9	4579693	4779693	harbor1	chr9	4645308	4645632	LTR/ERVL-MaLR	1966	-	162	4645470	65777
chr9	4579693	4779693	harbor1	chr9	4669109	4669368	LTR/ERVL-MaLR	1635	-	130	4669239	89546
chr9	4579693	4779693	harbor1	chr9	4669678	4669886	LTR/ERVL-MaLR	1635	-	104	4669782	90089
chr9	126299347	126499347	harbor1	chr9	126303471	126303805	LTR/ERVL-MaLR	871	-	167	126303638	4291
chr9	126299347	126499347	harbor1	chr9	126306848	126307236	LTR/ERVL-MaLR	2286	-	194	126307042	7695
chr9	126299347	126499347	harbor1	chr9	126311170	126311211	LTR/ERVL-MaLR	2713	-	20	126311190	11843
chr9	126299347	126499347	harbor1	chr9	126311515	126311914	LTR/ERVL-MaLR	2713	-	200	126311715	12368
chr9	126299347	126499347	harbor1	chr9	126312419	126312780	LTR/ERVL-MaLR	967	-	180	126312599	13252
chr9	126299347	126499347	harbor1	chr9	126344664	126345030	LTR/ERVL-MaLR	1790	-	183	126344847	45500
chr9	126299347	126499347	harbor1	chr9	126350488	126350817	LTR/ERVL-MaLR	1865	-	164	126350652	51305
chr9	126299347	126499347	harbor1	chr9	126393148	126393692	LTR/ERVL-MaLR	642	-	272	126393420	94073
chr9	133242549	133442549	harbor1	chr9	133286921	133287096	LTR/ERVL-MaLR	866	-	88	133287009	44460
chr9	111561637	111761637	harbor1	chr9	111600846	111600989	LTR/ERVL-MaLR	835	-	72	111600918	39281
chr9	111561637	111761637	harbor1	chr9	111609571	111609713	LTR/ERVL-MaLR	724	-	71	111609642	48005
chr9	111561637	111761637	harbor1	chr9	111623013	111623400	LTR/ERVL-MaLR	2798	-	194	111623207	61570
chr9	111561637	111761637	harbor1	chr9	111626871	111627173	LTR/ERVL-MaLR	2018	-	151	111627022	65385
chr9	111561637	111761637	harbor1	chr9	111627469	111627623	LTR/ERVL-MaLR	2018	-	77	111627546	65909
chr9	4883815	5083815	harbor1	chr9	4884078	4884458	LTR/ERVL-MaLR	1733	-	190	4884268	453
chr9	4883815	5083815	harbor1	chr9	4886834	4886928	LTR/ERVL-MaLR	1082	-	47	4886881	3066
chr9	4883815	5083815	harbor1	chr9	4887564	4887920	LTR/ERVL-MaLR	1082	-	178	4887742	3927
chr9	4883815	5083815	harbor1	chr9	4894611	4894998	LTR/ERVL-MaLR	727	-	194	4894805	10990
chr9	4883815	5083815	harbor1	chr9	4922418	4923063	LTR/ERVL-MaLR	1630	-	322	4922740	38925
chr9	4883815	5083815	harbor1	chr9	4980543	4980842	LTR/ERVL-MaLR	493	-	150	4980693	96878
chr9	136299655	136499655	harbor1	chr9	136322258	136322607	LTR/ERVL-MaLR	1110	-	174	136322432	22777
chr9	136299655	136499655	harbor1	chr9	136344313	136344630	LTR/ERVL-MaLR	730	-	158	136344471	44816
chr9	109066800	109266800	harbor1	chr9	109128702	109129071	LTR/ERVL-MaLR	1656	-	184	109128886	62086
chr9	4692441	4892441	harbor1	chr9	4750728	4751034	LTR/ERVL-MaLR	722	-	153	4750881	58440
chr9	4692441	4892441	harbor1	chr9	4774265	4774564	LTR/ERVL-MaLR	941	-	150	4774415	81974
chr9	4692441	4892441	harbor1	chr9	4751222	4751590	LTR/ERVL-MaLR	1137	-	184	4751406	58965
chr9	404061	604061	harbor1	chr9	437120	437532	LTR/ERVL-MaLR	943	-	206	437326	33265
chr9	404061	604061	harbor1	chr9	448463	448867	LTR/ERVL-MaLR	2233	-	202	448665	44604
chr9	404061	604061	harbor1	chr9	458051	458335	LTR/ERVL-MaLR	713	-	142	458193	54132
chr9	4692933	4892933	harbor1	chr9	4750728	4751034	LTR/ERVL-MaLR	722	-	153	4750881	57948
chr9	4692933	4892933	harbor1	chr9	4774265	4774564	LTR/ERVL-MaLR	941	-	150	4774415	81482
chr9	4692933	4892933	harbor1	chr9	4751222	4751590	LTR/ERVL-MaLR	1137	-	184	4751406	58473
chr9	135400878	135600878	harbor1	chr9	135413036	135413398	LTR/ERVL-MaLR	695	-	181	135413217	12339
chr9	135400878	135600878	harbor1	chr9	135432129	135432186	LTR/ERVL-MaLR	2276	-	28	135432157	31279
chr9	135400878	135600878	harbor1	chr9	135432477	135432799	LTR/ERVL-MaLR	2276	-	161	135432638	31760
chr9	135400878	135600878	harbor1	chr9	135453910	135454811	LTR/ERVL-MaLR	2973	-	450	135454360	53482
chr9	135400878	135600878	harbor1	chr9	135454812	135455057	LTR/ERVL-MaLR	839	-	122	135454934	54056
chr9	4885087	5085087	harbor1	chr9	4886834	4886928	LTR/ERVL-MaLR	1082	-	47	4886881	1794
chr9	4885087	5085087	harbor1	chr9	4887564	4887920	LTR/ERVL-MaLR	1082	-	178	4887742	2655
chr9	4885087	5085087	harbor1	chr9	4894611	4894998	LTR/ERVL-MaLR	727	-	194	4894805	9718
chr9	4885087	5085087	harbor1	chr9	4922418	4923063	LTR/ERVL-MaLR	1630	-	322	4922740	37653
chr9	4885087	5085087	harbor1	chr9	4980543	4980842	LTR/ERVL-MaLR	493	-	150	4980693	95606
chr9	4884787	5084787	harbor1	chr9	4886834	4886928	LTR/ERVL-MaLR	1082	-	47	4886881	2094
chr9	4884787	5084787	harbor1	chr9	4887564	4887920	LTR/ERVL-MaLR	1082	-	178	4887742	2955
chr9	4884787	5084787	harbor1	chr9	4894611	4894998	LTR/ERVL-MaLR	727	-	194	4894805	10018
chr9	4884787	5084787	harbor1	chr9	4922418	4923063	LTR/ERVL-MaLR	1630	-	322	4922740	37953
chr9	4884787	5084787	harbor1	chr9	4980543	4980842	LTR/ERVL-MaLR	493	-	150	4980693	95906
chr9	134045916	134245916	harbor1	chr9	134093827	134094218	LTR/ERVL-MaLR	2174	-	196	134094023	48107
chr9	134045916	134245916	harbor1	chr9	134121362	134121750	LTR/ERVL-MaLR	1937	-	194	134121556	75640
chr9	4884870	5084870	harbor1	chr9	4886834	4886928	LTR/ERVL-MaLR	1082	-	47	4886881	2011
chr9	4884870	5084870	harbor1	chr9	4887564	4887920	LTR/ERVL-MaLR	1082	-	178	4887742	2872
chr9	4884870	5084870	harbor1	chr9	4894611	4894998	LTR/ERVL-MaLR	727	-	194	4894805	9935
chr9	4884870	5084870	harbor1	chr9	4922418	4923063	LTR/ERVL-MaLR	1630	-	322	4922740	37870
chr9	4884870	5084870	harbor1	chr9	4980543	4980842	LTR/ERVL-MaLR	493	-	150	4980693	95823
chr9	4692425	4892425	harbor1	chr9	4750728	4751034	LTR/ERVL-MaLR	722	-	153	4750881	58456
chr9	4692425	4892425	harbor1	chr9	4774265	4774564	LTR/ERVL-MaLR	941	-	150	4774415	81990
chr9	4692425	4892425	harbor1	chr9	4751222	4751590	LTR/ERVL-MaLR	1137	-	184	4751406	58981
chr9	4884906	5084906	harbor1	chr9	4886834	4886928	LTR/ERVL-MaLR	1082	-	47	4886881	1975
chr9	4884906	5084906	harbor1	chr9	4887564	4887920	LTR/ERVL-MaLR	1082	-	178	4887742	2836
chr9	4884906	5084906	harbor1	chr9	4894611	4894998	LTR/ERVL-MaLR	727	-	194	4894805	9899
chr9	4884906	5084906	harbor1	chr9	4922418	4923063	LTR/ERVL-MaLR	1630	-	322	4922740	37834
chr9	4884906	5084906	harbor1	chr9	4980543	4980842	LTR/ERVL-MaLR	493	-	150	4980693	95787
chr9	134029647	134229647	harbor1	chr9	134093827	134094218	LTR/ERVL-MaLR	2174	-	196	134094023	64376
chr9	134029647	134229647	harbor1	chr9	134121362	134121750	LTR/ERVL-MaLR	1937	-	194	134121556	91909
chr9	4698187	4898187	harbor1	chr9	4750728	4751034	LTR/ERVL-MaLR	722	-	153	4750881	52694
chr9	4698187	4898187	harbor1	chr9	4774265	4774564	LTR/ERVL-MaLR	941	-	150	4774415	76228
chr9	4698187	4898187	harbor1	chr9	4751222	4751590	LTR/ERVL-MaLR	1137	-	184	4751406	53219
chr9	4729109	4929109	harbor1	chr9	4750728	4751034	LTR/ERVL-MaLR	722	-	153	4750881	21772
chr9	4729109	4929109	harbor1	chr9	4774265	4774564	LTR/ERVL-MaLR	941	-	150	4774415	45306
chr9	4729109	4929109	harbor1	chr9	4821436	4821649	LTR/ERVL-MaLR	1022	-	106	4821542	92433
chr9	4729109	4929109	harbor1	chr9	4821778	4821972	LTR/ERVL-MaLR	822	-	97	4821875	92766
chr9	4729109	4929109	harbor1	chr9	4751222	4751590	LTR/ERVL-MaLR	1137	-	184	4751406	22297
chr9	135593627	135793627	harbor1	chr9	135595929	135596155	LTR/ERVL-MaLR	916	-	113	135596042	2415
chr9	135593627	135793627	harbor1	chr9	135600177	135600327	LTR/ERVL-MaLR	778	-	75	135600252	6625
chr9	135593627	135793627	harbor1	chr9	135622491	135622832	LTR/ERVL-MaLR	1623	-	170	135622661	29034
chr9	135593627	135793627	harbor1	chr9	135638000	135638352	LTR/ERVL-MaLR	2730	-	176	135638176	44549
chr9	135593627	135793627	harbor1	chr9	135642407	135642598	LTR/ERVL-MaLR	1140	-	96	135642503	48876
chr9	135593627	135793627	harbor1	chr9	135642634	135642845	LTR/ERVL-MaLR	1140	-	106	135642740	49113
chr9	135593627	135793627	harbor1	chr9	135666132	135666538	LTR/ERVL-MaLR	489	-	203	135666335	72708
chr9	135593627	135793627	harbor1	chr9	135671980	135672388	LTR/ERVL-MaLR	1131	-	204	135672184	78557
chr9	135593627	135793627	harbor1	chr9	135673272	135673555	LTR/ERVL-MaLR	714	-	142	135673414	79787
chr9	108349474	108549474	harbor1	chr9	108356091	108356525	LTR/ERVL-MaLR	1903	-	217	108356308	6834
chr9	108349474	108549474	harbor1	chr9	108361838	108362201	LTR/ERVL-MaLR	2597	-	182	108362020	12546
chr9	108349474	108549474	harbor1	chr9	108364926	108364999	LTR/ERVL-MaLR	2062	-	36	108364962	15488
chr9	108349474	108549474	harbor1	chr9	108365296	108365590	LTR/ERVL-MaLR	2062	-	147	108365443	15969
chr9	108349474	108549474	harbor1	chr9	108367992	108368393	LTR/ERVL-MaLR	1725	-	200	108368192	18718
chr9	108349474	108549474	harbor1	chr9	108382194	108382640	LTR/ERVL-MaLR	1531	-	223	108382417	32943
chr9	108349474	108549474	harbor1	chr9	108397545	108397741	LTR/ERVL-MaLR	1207	-	98	108397643	48169
chr9	4215856	4415856	harbor1	chr9	4270307	4270630	LTR/ERVL-MaLR	999	-	162	4270469	54613
chr9	4694447	4894447	harbor1	chr9	4750728	4751034	LTR/ERVL-MaLR	722	-	153	4750881	56434
chr9	4694447	4894447	harbor1	chr9	4774265	4774564	LTR/ERVL-MaLR	941	-	150	4774415	79968
chr9	4694447	4894447	harbor1	chr9	4751222	4751590	LTR/ERVL-MaLR	1137	-	184	4751406	56959
chr9	92958957	93158957	harbor1	chr9	92961594	92962008	LTR/ERVL-MaLR	1666	-	207	92961801	2844
chr9	92958957	93158957	harbor1	chr9	92971084	92971218	LTR/ERVL-MaLR	571	-	67	92971151	12194
chr9	92958957	93158957	harbor1	chr9	93027336	93027630	LTR/ERVL-MaLR	1556	-	147	93027483	68526
chr10	132232384	132432384	harbor1	chr10	132289519	132289881	LTR/ERVL-MaLR	1814	-	181	132289700	57316
chr10	132232384	132432384	harbor1	chr10	132311686	132311926	LTR/ERVL-MaLR	663	-	120	132311806	79422
chr10	132232384	132432384	harbor1	chr10	132312400	132312657	LTR/ERVL-MaLR	1397	-	128	132312528	80144
chr10	132232384	132432384	harbor1	chr10	132323724	132324130	LTR/ERVL-MaLR	873	-	203	132323927	91543
chr10	132232398	132432398	harbor1	chr10	132289519	132289881	LTR/ERVL-MaLR	1814	-	181	132289700	57302
chr10	132232398	132432398	harbor1	chr10	132311686	132311926	LTR/ERVL-MaLR	663	-	120	132311806	79408
chr10	132232398	132432398	harbor1	chr10	132312400	132312657	LTR/ERVL-MaLR	1397	-	128	132312528	80130
chr10	132232398	132432398	harbor1	chr10	132323724	132324130	LTR/ERVL-MaLR	873	-	203	132323927	91529
chr10	48449566	48649566	harbor1	chr10	48535225	48535628	LTR/ERVL-MaLR	636	-	202	48535427	85861
chr10	48449566	48649566	harbor1	chr10	48538010	48538368	LTR/ERVL-MaLR	1190	-	179	48538189	88623
chr10	102136358	102336358	harbor1	chr10	102159577	102159878	LTR/ERVL-MaLR	1182	-	150	102159727	23369
chr10	102136358	102336358	harbor1	chr10	102172201	102172415	LTR/ERVL-MaLR	923	-	107	102172308	35950
chr10	102136358	102336358	harbor1	chr10	102173249	102173411	LTR/ERVL-MaLR	613	-	81	102173330	36972
chr10	102136358	102336358	harbor1	chr10	102183181	102183474	LTR/ERVL-MaLR	5340	-	146	102183327	46969
chr10	102136358	102336358	harbor1	chr10	102183778	102184027	LTR/ERVL-MaLR	5340	-	124	102183902	47544
chr10	102136358	102336358	harbor1	chr10	102184321	102184505	LTR/ERVL-MaLR	5340	-	92	102184413	48055
chr10	102136358	102336358	harbor1	chr10	102184506	102184861	LTR/ERVL-MaLR	2033	-	178	102184684	48326
chr10	102033038	102233038	harbor1	chr10	102127988	102128145	LTR/ERVL-MaLR	1069	-	78	102128066	95028
chr10	102033038	102233038	harbor1	chr10	102128444	102128567	LTR/ERVL-MaLR	1069	-	62	102128506	95468
chr10	14778680	14978680	harbor1	chr10	14789366	14789729	LTR/ERVL-MaLR	2229	-	182	14789548	10868
chr10	14778680	14978680	harbor1	chr10	14874514	14874877	LTR/ERVL-MaLR	1300	-	182	14874696	96016
chr10	122404718	122604718	harbor1	chr10	122444505	122444867	LTR/ERVL-MaLR	1914	-	181	122444686	39968
chr10	122404718	122604718	harbor1	chr10	122447582	122447889	LTR/ERVL-MaLR	898	-	154	122447736	43018
chr10	122404718	122604718	harbor1	chr10	122447969	122447982	LTR/ERVL-MaLR	898	-	6	122447975	43257
chr10	122404718	122604718	harbor1	chr10	122448495	122448805	LTR/ERVL-MaLR	1227	-	155	122448650	43932
chr10	14778677	14978677	harbor1	chr10	14789366	14789729	LTR/ERVL-MaLR	2229	-	182	14789548	10871
chr10	14778677	14978677	harbor1	chr10	14874514	14874877	LTR/ERVL-MaLR	1300	-	182	14874696	96019
chr10	75309886	75509886	harbor1	chr10	75336544	75337041	LTR/ERVL-MaLR	2205	-	248	75336792	26906
chr10	75309886	75509886	harbor1	chr10	75337633	75337722	LTR/ERVL-MaLR	2205	-	44	75337677	27791
chr10	75309886	75509886	harbor1	chr10	75355696	75356155	LTR/ERVL-MaLR	1827	-	230	75355926	46040
chr10	75309886	75509886	harbor1	chr10	75376323	75376361	LTR/ERVL-MaLR	1928	-	19	75376342	66456
chr10	75309886	75509886	harbor1	chr10	75376671	75376995	LTR/ERVL-MaLR	1928	-	162	75376833	66947
chr10	75309886	75509886	harbor1	chr10	75377786	75378227	LTR/ERVL-MaLR	2575	-	220	75378006	68120
chr10	75309886	75509886	harbor1	chr10	75385303	75385789	LTR/ERVL-MaLR	1212	-	243	75385546	75660
chr10	75309886	75509886	harbor1	chr10	75390778	75391153	LTR/ERVL-MaLR	1506	-	188	75390966	81080
chr10	103547893	103747893	harbor1	chr10	103560876	103561258	LTR/ERVL-MaLR	1948	-	191	103561067	13174
chr10	103547893	103747893	harbor1	chr10	103561559	103561691	LTR/ERVL-MaLR	1948	-	66	103561625	13732
chr10	14778676	14978676	harbor1	chr10	14789366	14789729	LTR/ERVL-MaLR	2229	-	182	14789548	10872
chr10	14778676	14978676	harbor1	chr10	14874514	14874877	LTR/ERVL-MaLR	1300	-	182	14874696	96020
chr10	97721885	97921885	harbor1	chr10	97726499	97726853	LTR/ERVL-MaLR	600	-	177	97726676	4791
chr10	97721885	97921885	harbor1	chr10	97755334	97755650	LTR/ERVL-MaLR	1549	-	158	97755492	33607
chr10	97721885	97921885	harbor1	chr10	97790461	97790606	LTR/ERVL-MaLR	1360	-	72	97790533	68648
chr10	97721885	97921885	harbor1	chr10	97790930	97791258	LTR/ERVL-MaLR	1360	-	164	97791094	69209
chr10	97721885	97921885	harbor1	chr10	97793098	97793266	LTR/ERVL-MaLR	1052	-	84	97793182	71297
chr10	97721885	97921885	harbor1	chr10	97793558	97793656	LTR/ERVL-MaLR	1052	-	49	97793607	71722
chr10	97721885	97921885	harbor1	chr10	97794122	97794344	LTR/ERVL-MaLR	588	-	111	97794233	72348
chr10	97721885	97921885	harbor1	chr10	97796780	97797058	LTR/ERVL-MaLR	1089	-	139	97796919	75034
chr10	97721885	97921885	harbor1	chr10	97799511	97799828	LTR/ERVL-MaLR	737	-	158	97799669	77784
chr10	97721885	97921885	harbor1	chr10	97812747	97812903	LTR/ERVL-MaLR	906	-	78	97812825	90940
chr10	97721885	97921885	harbor1	chr10	97813217	97813503	LTR/ERVL-MaLR	906	-	143	97813360	91475
chr10	14771563	14971563	harbor1	chr10	14789366	14789729	LTR/ERVL-MaLR	2229	-	182	14789548	17985
chr10	97398841	97598841	harbor1	chr10	97409583	97410071	LTR/ERVL-MaLR	884	-	244	97409827	10986
chr10	95979828	96179828	harbor1	chr10	96030601	96030673	LTR/ERVL-MaLR	521	-	36	96030637	50809
chr10	95979828	96179828	harbor1	chr10	96034143	96034317	LTR/ERVL-MaLR	532	-	87	96034230	54402
chr10	95979828	96179828	harbor1	chr10	96034501	96034788	LTR/ERVL-MaLR	532	-	144	96034645	54817
chr10	95979828	96179828	harbor1	chr10	96062368	96062753	LTR/ERVL-MaLR	2136	-	192	96062560	82732
chr10	22336855	22536855	harbor1	chr10	22383969	22384324	LTR/ERVL-MaLR	776	-	178	22384147	47292
chr10	22336855	22536855	harbor1	chr10	22395922	22396164	LTR/ERVL-MaLR	1277	-	121	22396043	59188
chr10	22336855	22536855	harbor1	chr10	22396519	22396529	LTR/ERVL-MaLR	1277	-	5	22396524	59669
chr10	14755514	14955514	harbor1	chr10	14762082	14762238	LTR/ERVL-MaLR	519	-	78	14762160	6646
chr10	14755514	14955514	harbor1	chr10	14789366	14789729	LTR/ERVL-MaLR	2229	-	182	14789548	34034
chr10	132202571	132402571	harbor1	chr10	132289519	132289881	LTR/ERVL-MaLR	1814	-	181	132289700	87129
chr10	132642062	132842062	harbor1	chr10	132732928	132733307	LTR/ERVL-MaLR	628	-	190	132733118	91056
chr10	97398923	97598923	harbor1	chr10	97409583	97410071	LTR/ERVL-MaLR	884	-	244	97409827	10904
chr10	97672098	97872098	harbor1	chr10	97691787	97692039	LTR/ERVL-MaLR	1450	-	126	97691913	19815
chr10	97672098	97872098	harbor1	chr10	97692346	97692486	LTR/ERVL-MaLR	1450	-	70	97692416	20318
chr10	97672098	97872098	harbor1	chr10	97698214	97698329	LTR/ERVL-MaLR	1382	-	58	97698272	26174
chr10	97672098	97872098	harbor1	chr10	97700848	97701159	LTR/ERVL-MaLR	1817	-	156	97701004	28906
chr10	97672098	97872098	harbor1	chr10	97703387	97703482	LTR/ERVL-MaLR	556	-	48	97703435	31337
chr10	97672098	97872098	harbor1	chr10	97704457	97704760	LTR/ERVL-MaLR	1308	-	152	97704609	32511
chr10	97672098	97872098	harbor1	chr10	97705084	97705182	LTR/ERVL-MaLR	1308	-	49	97705133	33035
chr10	97672098	97872098	harbor1	chr10	97726499	97726853	LTR/ERVL-MaLR	600	-	177	97726676	54578
chr10	97672098	97872098	harbor1	chr10	97755334	97755650	LTR/ERVL-MaLR	1549	-	158	97755492	83394
chr10	97672098	97872098	harbor1	chr10	97697653	97697911	LTR/ERVL-MaLR	1382	-	129	97697782	25684
chr10	100885458	101085458	harbor1	chr10	100923161	100923503	LTR/ERVL-MaLR	1135	-	171	100923332	37874
chr10	100885458	101085458	harbor1	chr10	100930200	100930603	LTR/ERVL-MaLR	526	-	202	100930402	44944
chr10	97398845	97598845	harbor1	chr10	97409583	97410071	LTR/ERVL-MaLR	884	-	244	97409827	10982
chr10	122401188	122601188	harbor1	chr10	122444505	122444867	LTR/ERVL-MaLR	1914	-	181	122444686	43498
chr10	122401188	122601188	harbor1	chr10	122447582	122447889	LTR/ERVL-MaLR	898	-	154	122447736	46548
chr10	122401188	122601188	harbor1	chr10	122447969	122447982	LTR/ERVL-MaLR	898	-	6	122447975	46787
chr10	122401188	122601188	harbor1	chr10	122448495	122448805	LTR/ERVL-MaLR	1227	-	155	122448650	47462
chr10	133105439	133305439	harbor1	chr10	133118358	133118772	LTR/ERVL-MaLR	2195	-	207	133118565	13126
chr10	133105439	133305439	harbor1	chr10	133123603	133124004	LTR/ERVL-MaLR	473	-	200	133123803	18364
chr10	97672148	97872148	harbor1	chr10	97691787	97692039	LTR/ERVL-MaLR	1450	-	126	97691913	19765
chr10	97672148	97872148	harbor1	chr10	97692346	97692486	LTR/ERVL-MaLR	1450	-	70	97692416	20268
chr10	97672148	97872148	harbor1	chr10	97698214	97698329	LTR/ERVL-MaLR	1382	-	58	97698272	26124
chr10	97672148	97872148	harbor1	chr10	97700848	97701159	LTR/ERVL-MaLR	1817	-	156	97701004	28856
chr10	97672148	97872148	harbor1	chr10	97703387	97703482	LTR/ERVL-MaLR	556	-	48	97703435	31287
chr10	97672148	97872148	harbor1	chr10	97704457	97704760	LTR/ERVL-MaLR	1308	-	152	97704609	32461
chr10	97672148	97872148	harbor1	chr10	97705084	97705182	LTR/ERVL-MaLR	1308	-	49	97705133	32985
chr10	97672148	97872148	harbor1	chr10	97726499	97726853	LTR/ERVL-MaLR	600	-	177	97726676	54528
chr10	97672148	97872148	harbor1	chr10	97755334	97755650	LTR/ERVL-MaLR	1549	-	158	97755492	83344
chr10	97672148	97872148	harbor1	chr10	97697653	97697911	LTR/ERVL-MaLR	1382	-	129	97697782	25634
chr10	23339297	23539297	harbor1	chr10	23352065	23352228	LTR/ERVL-MaLR	620	-	82	23352147	12850
chr10	23339297	23539297	harbor1	chr10	23363762	23364187	LTR/ERVL-MaLR	1246	-	212	23363974	24677
chr10	23339297	23539297	harbor1	chr10	23366202	23366406	LTR/ERVL-MaLR	905	-	102	23366304	27007
chr10	23339297	23539297	harbor1	chr10	23366832	23366898	LTR/ERVL-MaLR	683	-	33	23366865	27568
chr10	23339297	23539297	harbor1	chr10	23367201	23367309	LTR/ERVL-MaLR	683	-	54	23367255	27958
chr10	23339297	23539297	harbor1	chr10	23372484	23372904	LTR/ERVL-MaLR	2910	-	210	23372694	33397
chr10	23339297	23539297	harbor1	chr10	23381420	23381601	LTR/ERVL-MaLR	541	-	90	23381510	42213
chr10	23339297	23539297	harbor1	chr10	23386475	23386690	LTR/ERVL-MaLR	1178	-	108	23386583	47286
chr10	23339297	23539297	harbor1	chr10	23388690	23388809	LTR/ERVL-MaLR	712	-	60	23388750	49453
chr10	23339297	23539297	harbor1	chr10	23388922	23389311	LTR/ERVL-MaLR	1971	-	194	23389116	49819
chr10	23339297	23539297	harbor1	chr10	23406473	23406855	LTR/ERVL-MaLR	2091	-	191	23406664	67367
chr10	23339297	23539297	harbor1	chr10	23425430	23425791	LTR/ERVL-MaLR	2055	-	180	23425610	86313
chr10	122404812	122604812	harbor1	chr10	122444505	122444867	LTR/ERVL-MaLR	1914	-	181	122444686	39874
chr10	122404812	122604812	harbor1	chr10	122447582	122447889	LTR/ERVL-MaLR	898	-	154	122447736	42924
chr10	122404812	122604812	harbor1	chr10	122447969	122447982	LTR/ERVL-MaLR	898	-	6	122447975	43163
chr10	122404812	122604812	harbor1	chr10	122448495	122448805	LTR/ERVL-MaLR	1227	-	155	122448650	43838
chr10	15216571	15416571	harbor1	chr10	15242948	15243415	LTR/ERVL-MaLR	1849	-	234	15243182	26611
chr10	15216571	15416571	harbor1	chr10	15291959	15292291	LTR/ERVL-MaLR	1593	-	166	15292125	75554
chr10	130648147	130848147	harbor1	chr10	130670828	130671180	LTR/ERVL-MaLR	2776	-	176	130671004	22857
chr10	130648147	130848147	harbor1	chr10	130671183	130672758	LTR/ERVL-MaLR	12014	-	788	130671971	23824
chr10	130648147	130848147	harbor1	chr10	130672759	130673113	LTR/ERVL-MaLR	2727	-	177	130672936	24789
chr10	130648147	130848147	harbor1	chr10	130689817	130690318	LTR/ERVL-MaLR	558	-	250	130690067	41920
chr10	130648147	130848147	harbor1	chr10	130707249	130707610	LTR/ERVL-MaLR	740	-	180	130707429	59282
chr10	102033035	102233035	harbor1	chr10	102127988	102128145	LTR/ERVL-MaLR	1069	-	78	102128066	95031
chr10	102033035	102233035	harbor1	chr10	102128444	102128567	LTR/ERVL-MaLR	1069	-	62	102128506	95471
chr10	102141189	102341189	harbor1	chr10	102159577	102159878	LTR/ERVL-MaLR	1182	-	150	102159727	18538
chr10	102141189	102341189	harbor1	chr10	102172201	102172415	LTR/ERVL-MaLR	923	-	107	102172308	31119
chr10	102141189	102341189	harbor1	chr10	102173249	102173411	LTR/ERVL-MaLR	613	-	81	102173330	32141
chr10	102141189	102341189	harbor1	chr10	102183181	102183474	LTR/ERVL-MaLR	5340	-	146	102183327	42138
chr10	102141189	102341189	harbor1	chr10	102183778	102184027	LTR/ERVL-MaLR	5340	-	124	102183902	42713
chr10	102141189	102341189	harbor1	chr10	102184321	102184505	LTR/ERVL-MaLR	5340	-	92	102184413	43224
chr10	102141189	102341189	harbor1	chr10	102184506	102184861	LTR/ERVL-MaLR	2033	-	178	102184684	43495
chr10	101115534	101315534	harbor1	chr10	101157843	101158392	LTR/ERVL-MaLR	2530	-	274	101158117	42583
chr10	101115534	101315534	harbor1	chr10	101197555	101197626	LTR/ERVL-MaLR	465	-	36	101197591	82057
chr10	101115534	101315534	harbor1	chr10	101197921	101198261	LTR/ERVL-MaLR	465	-	170	101198091	82557
chr10	75111011	75311011	harbor1	chr10	75174832	75175357	LTR/ERVL-MaLR	1223	-	262	75175094	64083
chr10	72255083	72455083	harbor1	chr10	72312169	72312466	LTR/ERVL-MaLR	2436	-	148	72312317	57234
chr10	72255083	72455083	harbor1	chr10	72312764	72312955	LTR/ERVL-MaLR	2436	-	96	72312860	57777
chr10	4608518	4808518	harbor1	chr10	4627342	4627713	LTR/ERVL-MaLR	2384	-	186	4627528	19010
chr10	4608518	4808518	harbor1	chr10	4642726	4643252	LTR/ERVL-MaLR	1653	-	263	4642989	34471
chr10	4608518	4808518	harbor1	chr10	4648623	4648894	LTR/ERVL-MaLR	484	-	136	4648759	40241
chr10	4608518	4808518	harbor1	chr10	4655387	4655746	LTR/ERVL-MaLR	1106	-	180	4655567	47049
chr10	4608518	4808518	harbor1	chr10	4667778	4668095	LTR/ERVL-MaLR	1277	-	158	4667936	59418
chr10	4608518	4808518	harbor1	chr10	4670813	4671253	LTR/ERVL-MaLR	1673	-	220	4671033	62515
chr10	4608518	4808518	harbor1	chr10	4698138	4698521	LTR/ERVL-MaLR	1050	-	192	4698330	89812
chr10	14701889	14901889	harbor1	chr10	14709277	14709647	LTR/ERVL-MaLR	2461	-	185	14709462	7573
chr10	14701889	14901889	harbor1	chr10	14716190	14716579	LTR/ERVL-MaLR	1722	-	194	14716384	14495
chr10	14701889	14901889	harbor1	chr10	14725406	14725816	LTR/ERVL-MaLR	1478	-	205	14725611	23722
chr10	14701889	14901889	harbor1	chr10	14738838	14739251	LTR/ERVL-MaLR	550	-	206	14739044	37155
chr10	14701889	14901889	harbor1	chr10	14762082	14762238	LTR/ERVL-MaLR	519	-	78	14762160	60271
chr10	14701889	14901889	harbor1	chr10	14789366	14789729	LTR/ERVL-MaLR	2229	-	182	14789548	87659
chr10	132232394	132432394	harbor1	chr10	132289519	132289881	LTR/ERVL-MaLR	1814	-	181	132289700	57306
chr10	132232394	132432394	harbor1	chr10	132311686	132311926	LTR/ERVL-MaLR	663	-	120	132311806	79412
chr10	132232394	132432394	harbor1	chr10	132312400	132312657	LTR/ERVL-MaLR	1397	-	128	132312528	80134
chr10	132232394	132432394	harbor1	chr10	132323724	132324130	LTR/ERVL-MaLR	873	-	203	132323927	91533
chr10	112347249	112547249	harbor1	chr10	112406125	112406517	LTR/ERVL-MaLR	1647	-	196	112406321	59072
chr10	112347249	112547249	harbor1	chr10	112406632	112406883	LTR/ERVL-MaLR	2679	-	126	112406758	59509
chr10	112347249	112547249	harbor1	chr10	112406884	112407213	LTR/ERVL-MaLR	2703	-	164	112407048	59799
chr10	112347249	112547249	harbor1	chr10	112407522	112407562	LTR/ERVL-MaLR	2703	-	20	112407542	60293
chr10	112347249	112547249	harbor1	chr10	112407563	112407689	LTR/ERVL-MaLR	2679	-	63	112407626	60377
chr10	130532945	130732945	harbor1	chr10	130535875	130536230	LTR/ERVL-MaLR	2197	-	178	130536053	3108
chr10	130532945	130732945	harbor1	chr10	130540155	130540510	LTR/ERVL-MaLR	2016	-	178	130540333	7388
chr10	130532945	130732945	harbor1	chr10	130557776	130557927	LTR/ERVL-MaLR	481	-	76	130557852	24907
chr10	130532945	130732945	harbor1	chr10	130563175	130563515	LTR/ERVL-MaLR	1098	-	170	130563345	30400
chr10	130532945	130732945	harbor1	chr10	130591254	130591610	LTR/ERVL-MaLR	1954	-	178	130591432	58487
chr10	130532945	130732945	harbor1	chr10	130601547	130601934	LTR/ERVL-MaLR	2529	-	194	130601741	68796
chr10	22337048	22537048	harbor1	chr10	22383969	22384324	LTR/ERVL-MaLR	776	-	178	22384147	47099
chr10	22337048	22537048	harbor1	chr10	22395922	22396164	LTR/ERVL-MaLR	1277	-	121	22396043	58995
chr10	22337048	22537048	harbor1	chr10	22396519	22396529	LTR/ERVL-MaLR	1277	-	5	22396524	59476
chr10	122856480	123056480	harbor1	chr10	122856983	122857363	LTR/ERVL-MaLR	783	-	190	122857173	693
chr10	69472321	69672321	harbor1	chr10	69482846	69482978	LTR/ERVL-MaLR	2458	-	66	69482912	10591
chr10	69472321	69672321	harbor1	chr10	69483288	69483562	LTR/ERVL-MaLR	2458	-	137	69483425	11104
chr10	69472321	69672321	harbor1	chr10	69529504	69529702	LTR/ERVL-MaLR	606	-	99	69529603	57282
chr10	69472321	69672321	harbor1	chr10	69530120	69530315	LTR/ERVL-MaLR	606	-	98	69530218	57897
chr10	69472321	69672321	harbor1	chr10	69536471	69536702	LTR/ERVL-MaLR	1694	-	116	69536587	64266
chr10	69472321	69672321	harbor1	chr10	69537002	69537160	LTR/ERVL-MaLR	1694	-	79	69537081	64760
chr10	69472321	69672321	harbor1	chr10	69537417	69537769	LTR/ERVL-MaLR	1509	-	176	69537593	65272
chr10	69472321	69672321	harbor1	chr10	69537859	69538218	LTR/ERVL-MaLR	1819	-	180	69538039	65718
chr10	69472321	69672321	harbor1	chr10	69539611	69539969	LTR/ERVL-MaLR	940	-	179	69539790	67469
chr10	69472321	69672321	harbor1	chr10	69541354	69541468	LTR/ERVL-MaLR	724	-	57	69541411	69090
chr10	69472321	69672321	harbor1	chr10	69541495	69542465	LTR/ERVL-MaLR	3820	-	485	69541980	69659
chr10	69472321	69672321	harbor1	chr10	69542468	69542854	LTR/ERVL-MaLR	2621	-	193	69542661	70340
chr10	69472321	69672321	harbor1	chr10	69547638	69548195	LTR/ERVL-MaLR	1089	-	278	69547916	75595
chr10	69472321	69672321	harbor1	chr10	69556151	69556594	LTR/ERVL-MaLR	1144	-	222	69556373	84052
chr10	97398878	97598878	harbor1	chr10	97409583	97410071	LTR/ERVL-MaLR	884	-	244	97409827	10949
chr10	122063803	122263803	harbor1	chr10	122075730	122075798	LTR/ERVL-MaLR	1863	-	34	122075764	11961
chr10	122063803	122263803	harbor1	chr10	122076099	122076438	LTR/ERVL-MaLR	1863	-	170	122076269	12466
chr10	122063803	122263803	harbor1	chr10	122079986	122080217	LTR/ERVL-MaLR	1580	-	116	122080102	16299
chr10	122063803	122263803	harbor1	chr10	122080533	122080700	LTR/ERVL-MaLR	1580	-	84	122080617	16814
chr10	122063803	122263803	harbor1	chr10	122106728	122107124	LTR/ERVL-MaLR	1053	-	198	122106926	43123
chr10	122063803	122263803	harbor1	chr10	122110755	122111284	LTR/ERVL-MaLR	2078	-	264	122111019	47216
chr10	122063803	122263803	harbor1	chr10	122160380	122160720	LTR/ERVL-MaLR	1325	-	170	122160550	96747
chr10	97398451	97598451	harbor1	chr10	97409583	97410071	LTR/ERVL-MaLR	884	-	244	97409827	11376
chr10	132206329	132406329	harbor1	chr10	132289519	132289881	LTR/ERVL-MaLR	1814	-	181	132289700	83371
chr10	23099346	23299346	harbor1	chr10	23100420	23100808	LTR/ERVL-MaLR	2290	-	194	23100614	1268
chr10	23099346	23299346	harbor1	chr10	23121136	23121515	LTR/ERVL-MaLR	2339	-	190	23121326	21980
chr10	23099346	23299346	harbor1	chr10	23127914	23128102	LTR/ERVL-MaLR	826	-	94	23128008	28662
chr10	23099346	23299346	harbor1	chr10	23160600	23160966	LTR/ERVL-MaLR	528	-	183	23160783	61437
chr10	23099346	23299346	harbor1	chr10	23169037	23169462	LTR/ERVL-MaLR	1362	-	212	23169249	69903
chr10	23099346	23299346	harbor1	chr10	23177330	23177774	LTR/ERVL-MaLR	1365	-	222	23177552	78206
chr10	23099346	23299346	harbor1	chr10	23177986	23178345	LTR/ERVL-MaLR	993	-	180	23178166	78820
chr10	7951418	8151418	harbor1	chr10	7951227	7951690	LTR/ERVL-MaLR	631	-	232	7951459	41
chr10	7951418	8151418	harbor1	chr10	7989132	7989302	LTR/ERVL-MaLR	471	-	85	7989217	37799
chr10	7951418	8151418	harbor1	chr10	7996069	7996477	LTR/ERVL-MaLR	533	-	204	7996273	44855
chr10	14778721	14978721	harbor1	chr10	14789366	14789729	LTR/ERVL-MaLR	2229	-	182	14789548	10827
chr10	14778721	14978721	harbor1	chr10	14874514	14874877	LTR/ERVL-MaLR	1300	-	182	14874696	95975
chr10	75111017	75311017	harbor1	chr10	75174832	75175357	LTR/ERVL-MaLR	1223	-	262	75175094	64077
chr10	132232388	132432388	harbor1	chr10	132289519	132289881	LTR/ERVL-MaLR	1814	-	181	132289700	57312
chr10	132232388	132432388	harbor1	chr10	132311686	132311926	LTR/ERVL-MaLR	663	-	120	132311806	79418
chr10	132232388	132432388	harbor1	chr10	132312400	132312657	LTR/ERVL-MaLR	1397	-	128	132312528	80140
chr10	132232388	132432388	harbor1	chr10	132323724	132324130	LTR/ERVL-MaLR	873	-	203	132323927	91539
chr10	43005639	43205639	harbor1	chr10	43030713	43030949	LTR/ERVL-MaLR	1724	-	118	43030831	25192
chr10	43005639	43205639	harbor1	chr10	43031135	43031276	LTR/ERVL-MaLR	1724	-	70	43031205	25566
chr10	43005639	43205639	harbor1	chr10	43058678	43059119	LTR/ERVL-MaLR	524	-	220	43058898	53259
chr10	43005639	43205639	harbor1	chr10	43063885	43064246	LTR/ERVL-MaLR	1184	-	180	43064065	58426
chr10	4382921	4582921	harbor1	chr10	4386893	4387257	LTR/ERVL-MaLR	2118	-	182	4387075	4154
chr10	4382921	4582921	harbor1	chr10	4397080	4397478	LTR/ERVL-MaLR	683	-	199	4397279	14358
chr10	97398476	97598476	harbor1	chr10	97409583	97410071	LTR/ERVL-MaLR	884	-	244	97409827	11351
chr10	23339295	23539295	harbor1	chr10	23352065	23352228	LTR/ERVL-MaLR	620	-	82	23352147	12852
chr10	23339295	23539295	harbor1	chr10	23363762	23364187	LTR/ERVL-MaLR	1246	-	212	23363974	24679
chr10	23339295	23539295	harbor1	chr10	23366202	23366406	LTR/ERVL-MaLR	905	-	102	23366304	27009
chr10	23339295	23539295	harbor1	chr10	23366832	23366898	LTR/ERVL-MaLR	683	-	33	23366865	27570
chr10	23339295	23539295	harbor1	chr10	23367201	23367309	LTR/ERVL-MaLR	683	-	54	23367255	27960
chr10	23339295	23539295	harbor1	chr10	23372484	23372904	LTR/ERVL-MaLR	2910	-	210	23372694	33399
chr10	23339295	23539295	harbor1	chr10	23381420	23381601	LTR/ERVL-MaLR	541	-	90	23381510	42215
chr10	23339295	23539295	harbor1	chr10	23386475	23386690	LTR/ERVL-MaLR	1178	-	108	23386583	47288
chr10	23339295	23539295	harbor1	chr10	23388690	23388809	LTR/ERVL-MaLR	712	-	60	23388750	49455
chr10	23339295	23539295	harbor1	chr10	23388922	23389311	LTR/ERVL-MaLR	1971	-	194	23389116	49821
chr10	23339295	23539295	harbor1	chr10	23406473	23406855	LTR/ERVL-MaLR	2091	-	191	23406664	67369
chr10	23339295	23539295	harbor1	chr10	23425430	23425791	LTR/ERVL-MaLR	2055	-	180	23425610	86315
chr10	100906939	101106939	harbor1	chr10	100923161	100923503	LTR/ERVL-MaLR	1135	-	171	100923332	16393
chr10	100906939	101106939	harbor1	chr10	100930200	100930603	LTR/ERVL-MaLR	526	-	202	100930402	23463
chr10	14778699	14978699	harbor1	chr10	14789366	14789729	LTR/ERVL-MaLR	2229	-	182	14789548	10849
chr10	14778699	14978699	harbor1	chr10	14874514	14874877	LTR/ERVL-MaLR	1300	-	182	14874696	95997
chr10	43004161	43204161	harbor1	chr10	43030713	43030949	LTR/ERVL-MaLR	1724	-	118	43030831	26670
chr10	43004161	43204161	harbor1	chr10	43031135	43031276	LTR/ERVL-MaLR	1724	-	70	43031205	27044
chr10	43004161	43204161	harbor1	chr10	43058678	43059119	LTR/ERVL-MaLR	524	-	220	43058898	54737
chr10	43004161	43204161	harbor1	chr10	43063885	43064246	LTR/ERVL-MaLR	1184	-	180	43064065	59904
chr10	114073688	114273688	harbor1	chr10	114076924	114077264	LTR/ERVL-MaLR	2336	-	170	114077094	3406
chr10	114073688	114273688	harbor1	chr10	114082800	114083230	LTR/ERVL-MaLR	934	-	215	114083015	9327
chr10	114073688	114273688	harbor1	chr10	114104061	114104131	LTR/ERVL-MaLR	2311	-	35	114104096	30408
chr10	114073688	114273688	harbor1	chr10	114104435	114104729	LTR/ERVL-MaLR	2311	-	147	114104582	30894
chr10	101115425	101315425	harbor1	chr10	101157843	101158392	LTR/ERVL-MaLR	2530	-	274	101158117	42692
chr10	101115425	101315425	harbor1	chr10	101197555	101197626	LTR/ERVL-MaLR	465	-	36	101197591	82166
chr10	101115425	101315425	harbor1	chr10	101197921	101198261	LTR/ERVL-MaLR	465	-	170	101198091	82666
chr10	100614422	100814422	harbor1	chr10	100640915	100641027	LTR/ERVL-MaLR	1633	-	56	100640971	26549
chr10	100614422	100814422	harbor1	chr10	100641327	100641688	LTR/ERVL-MaLR	1633	-	180	100641507	27085
chr10	97398967	97598967	harbor1	chr10	97409583	97410071	LTR/ERVL-MaLR	884	-	244	97409827	10860
chr10	69458778	69658778	harbor1	chr10	69482846	69482978	LTR/ERVL-MaLR	2458	-	66	69482912	24134
chr10	69458778	69658778	harbor1	chr10	69483288	69483562	LTR/ERVL-MaLR	2458	-	137	69483425	24647
chr10	69458778	69658778	harbor1	chr10	69529504	69529702	LTR/ERVL-MaLR	606	-	99	69529603	70825
chr10	69458778	69658778	harbor1	chr10	69530120	69530315	LTR/ERVL-MaLR	606	-	98	69530218	71440
chr10	69458778	69658778	harbor1	chr10	69536471	69536702	LTR/ERVL-MaLR	1694	-	116	69536587	77809
chr10	69458778	69658778	harbor1	chr10	69537002	69537160	LTR/ERVL-MaLR	1694	-	79	69537081	78303
chr10	69458778	69658778	harbor1	chr10	69537417	69537769	LTR/ERVL-MaLR	1509	-	176	69537593	78815
chr10	69458778	69658778	harbor1	chr10	69537859	69538218	LTR/ERVL-MaLR	1819	-	180	69538039	79261
chr10	69458778	69658778	harbor1	chr10	69539611	69539969	LTR/ERVL-MaLR	940	-	179	69539790	81012
chr10	69458778	69658778	harbor1	chr10	69541354	69541468	LTR/ERVL-MaLR	724	-	57	69541411	82633
chr10	69458778	69658778	harbor1	chr10	69541495	69542465	LTR/ERVL-MaLR	3820	-	485	69541980	83202
chr10	69458778	69658778	harbor1	chr10	69542468	69542854	LTR/ERVL-MaLR	2621	-	193	69542661	83883
chr10	69458778	69658778	harbor1	chr10	69547638	69548195	LTR/ERVL-MaLR	1089	-	278	69547916	89138
chr10	69458778	69658778	harbor1	chr10	69556151	69556594	LTR/ERVL-MaLR	1144	-	222	69556373	97595
chr10	102140710	102340710	harbor1	chr10	102159577	102159878	LTR/ERVL-MaLR	1182	-	150	102159727	19017
chr10	102140710	102340710	harbor1	chr10	102172201	102172415	LTR/ERVL-MaLR	923	-	107	102172308	31598
chr10	102140710	102340710	harbor1	chr10	102173249	102173411	LTR/ERVL-MaLR	613	-	81	102173330	32620
chr10	102140710	102340710	harbor1	chr10	102183181	102183474	LTR/ERVL-MaLR	5340	-	146	102183327	42617
chr10	102140710	102340710	harbor1	chr10	102183778	102184027	LTR/ERVL-MaLR	5340	-	124	102183902	43192
chr10	102140710	102340710	harbor1	chr10	102184321	102184505	LTR/ERVL-MaLR	5340	-	92	102184413	43703
chr10	102140710	102340710	harbor1	chr10	102184506	102184861	LTR/ERVL-MaLR	2033	-	178	102184684	43974
chr10	7951505	8151505	harbor1	chr10	7951227	7951690	LTR/ERVL-MaLR	631	-	232	7951459	46
chr10	7951505	8151505	harbor1	chr10	7989132	7989302	LTR/ERVL-MaLR	471	-	85	7989217	37712
chr10	7951505	8151505	harbor1	chr10	7996069	7996477	LTR/ERVL-MaLR	533	-	204	7996273	44768
chr10	46006324	46206324	harbor1	chr10	46047012	46047399	LTR/ERVL-MaLR	1681	-	194	46047206	40882
chr10	46006324	46206324	harbor1	chr10	46098957	46099457	LTR/ERVL-MaLR	2229	-	250	46099207	92883
chr10	133556781	133756781	harbor1	chr10	133562871	133562967	LTR/ERVL-MaLR	733	-	48	133562919	6138
chr10	133556781	133756781	harbor1	chr10	133632155	133632537	LTR/ERVL-MaLR	1942	-	191	133632346	75565
chr10	132786515	132986515	harbor1	chr10	132799685	132799822	LTR/ERVL-MaLR	752	-	68	132799753	13238
chr10	132786515	132986515	harbor1	chr10	132802101	132802377	LTR/ERVL-MaLR	614	-	138	132802239	15724
chr10	132786515	132986515	harbor1	chr10	132817749	132818130	LTR/ERVL-MaLR	564	-	190	132817939	31424
chr10	132786515	132986515	harbor1	chr10	132840870	132841085	LTR/ERVL-MaLR	963	-	108	132840978	54463
chr10	132786515	132986515	harbor1	chr10	132842628	132843034	LTR/ERVL-MaLR	2729	-	203	132842831	56316
chr10	132786515	132986515	harbor1	chr10	132841091	132842627	LTR/ERVL-MaLR	3237	-	768	132841859	55344
chr10	68160980	68360980	harbor1	chr10	68164101	68164478	LTR/ERVL-MaLR	1794	-	188	68164289	3309
chr10	68160980	68360980	harbor1	chr10	68169456	68169740	LTR/ERVL-MaLR	1056	-	142	68169598	8618
chr10	68160980	68360980	harbor1	chr10	68170028	68170258	LTR/ERVL-MaLR	1056	-	115	68170143	9163
chr10	100085650	100285650	harbor1	chr10	100098050	100098278	LTR/ERVL-MaLR	657	-	114	100098164	12514
chr10	100085650	100285650	harbor1	chr10	100109631	100110004	LTR/ERVL-MaLR	2505	-	186	100109817	24167
chr10	100085650	100285650	harbor1	chr10	100125346	100125713	LTR/ERVL-MaLR	2061	-	184	100125530	39880
chr10	125096676	125296676	harbor1	chr10	125170668	125170737	LTR/ERVL-MaLR	1201	-	34	125170702	74026
chr10	125096676	125296676	harbor1	chr10	125171038	125171383	LTR/ERVL-MaLR	1201	-	172	125171210	74534
chr10	125096676	125296676	harbor1	chr10	125193484	125193829	LTR/ERVL-MaLR	675	-	172	125193656	96980
chr10	47239786	47439786	harbor1	chr10	47260006	47260443	LTR/ERVL-MaLR	2278	-	218	47260224	20438
chr10	47239786	47439786	harbor1	chr10	47287641	47288229	LTR/ERVL-MaLR	1608	-	294	47287935	48149
chr10	97398862	97598862	harbor1	chr10	97409583	97410071	LTR/ERVL-MaLR	884	-	244	97409827	10965
chr10	48299632	48499632	harbor1	chr10	48314057	48314417	LTR/ERVL-MaLR	1429	-	180	48314237	14605
chr10	48299632	48499632	harbor1	chr10	48343078	48343540	LTR/ERVL-MaLR	1258	-	231	48343309	43677
chr10	48299632	48499632	harbor1	chr10	48368939	48369114	LTR/ERVL-MaLR	557	-	88	48369027	69395
chr10	34451528	34651528	harbor1	chr10	34511353	34511532	LTR/ERVL-MaLR	915	-	90	34511443	59915
chr10	34451528	34651528	harbor1	chr10	34511989	34512094	LTR/ERVL-MaLR	557	-	52	34512041	60513
chr10	78866368	79066368	harbor1	chr10	78943285	78943716	LTR/ERVL-MaLR	1828	-	216	78943501	77133
chr10	78866368	79066368	harbor1	chr10	78953883	78954263	LTR/ERVL-MaLR	1140	-	190	78954073	87705
chr10	48449569	48649569	harbor1	chr10	48535225	48535628	LTR/ERVL-MaLR	636	-	202	48535427	85858
chr10	48449569	48649569	harbor1	chr10	48538010	48538368	LTR/ERVL-MaLR	1190	-	179	48538189	88620
chr10	102141217	102341217	harbor1	chr10	102159577	102159878	LTR/ERVL-MaLR	1182	-	150	102159727	18510
chr10	102141217	102341217	harbor1	chr10	102172201	102172415	LTR/ERVL-MaLR	923	-	107	102172308	31091
chr10	102141217	102341217	harbor1	chr10	102173249	102173411	LTR/ERVL-MaLR	613	-	81	102173330	32113
chr10	102141217	102341217	harbor1	chr10	102183181	102183474	LTR/ERVL-MaLR	5340	-	146	102183327	42110
chr10	102141217	102341217	harbor1	chr10	102183778	102184027	LTR/ERVL-MaLR	5340	-	124	102183902	42685
chr10	102141217	102341217	harbor1	chr10	102184321	102184505	LTR/ERVL-MaLR	5340	-	92	102184413	43196
chr10	102141217	102341217	harbor1	chr10	102184506	102184861	LTR/ERVL-MaLR	2033	-	178	102184684	43467
chr10	14778012	14978012	harbor1	chr10	14789366	14789729	LTR/ERVL-MaLR	2229	-	182	14789548	11536
chr10	14778012	14978012	harbor1	chr10	14874514	14874877	LTR/ERVL-MaLR	1300	-	182	14874696	96684
chr10	132207804	132407804	harbor1	chr10	132289519	132289881	LTR/ERVL-MaLR	1814	-	181	132289700	81896
chr10	4452758	4652758	harbor1	chr10	4527443	4527797	LTR/ERVL-MaLR	1477	-	177	4527620	74862
chr10	75111058	75311058	harbor1	chr10	75174832	75175357	LTR/ERVL-MaLR	1223	-	262	75175094	64036
chr10	47239777	47439777	harbor1	chr10	47260006	47260443	LTR/ERVL-MaLR	2278	-	218	47260224	20447
chr10	47239777	47439777	harbor1	chr10	47287641	47288229	LTR/ERVL-MaLR	1608	-	294	47287935	48158
chr10	47239796	47439796	harbor1	chr10	47260006	47260443	LTR/ERVL-MaLR	2278	-	218	47260224	20428
chr10	47239796	47439796	harbor1	chr10	47287641	47288229	LTR/ERVL-MaLR	1608	-	294	47287935	48139
chr10	132811367	133011367	harbor1	chr10	132817749	132818130	LTR/ERVL-MaLR	564	-	190	132817939	6572
chr10	132811367	133011367	harbor1	chr10	132840870	132841085	LTR/ERVL-MaLR	963	-	108	132840978	29611
chr10	132811367	133011367	harbor1	chr10	132842628	132843034	LTR/ERVL-MaLR	2729	-	203	132842831	31464
chr10	132811367	133011367	harbor1	chr10	132841091	132842627	LTR/ERVL-MaLR	3237	-	768	132841859	30492
chr10	131144882	131344882	harbor1	chr10	131150768	131151121	LTR/ERVL-MaLR	2411	-	176	131150944	6062
chr10	131144882	131344882	harbor1	chr10	131151122	131152689	LTR/ERVL-MaLR	10012	-	784	131151906	7024
chr10	131144882	131344882	harbor1	chr10	131152692	131153056	LTR/ERVL-MaLR	2442	-	182	131152874	7992
chr10	131144882	131344882	harbor1	chr10	131198583	131199544	LTR/ERVL-MaLR	2578	-	480	131199063	54181
chr10	131144882	131344882	harbor1	chr10	131199979	131200229	LTR/ERVL-MaLR	785	-	125	131200104	55222
chr10	22289372	22489372	harbor1	chr10	22383969	22384324	LTR/ERVL-MaLR	776	-	178	22384147	94775
chr10	102140729	102340729	harbor1	chr10	102159577	102159878	LTR/ERVL-MaLR	1182	-	150	102159727	18998
chr10	102140729	102340729	harbor1	chr10	102172201	102172415	LTR/ERVL-MaLR	923	-	107	102172308	31579
chr10	102140729	102340729	harbor1	chr10	102173249	102173411	LTR/ERVL-MaLR	613	-	81	102173330	32601
chr10	102140729	102340729	harbor1	chr10	102183181	102183474	LTR/ERVL-MaLR	5340	-	146	102183327	42598
chr10	102140729	102340729	harbor1	chr10	102183778	102184027	LTR/ERVL-MaLR	5340	-	124	102183902	43173
chr10	102140729	102340729	harbor1	chr10	102184321	102184505	LTR/ERVL-MaLR	5340	-	92	102184413	43684
chr10	102140729	102340729	harbor1	chr10	102184506	102184861	LTR/ERVL-MaLR	2033	-	178	102184684	43955
chr10	132232409	132432409	harbor1	chr10	132289519	132289881	LTR/ERVL-MaLR	1814	-	181	132289700	57291
chr10	132232409	132432409	harbor1	chr10	132311686	132311926	LTR/ERVL-MaLR	663	-	120	132311806	79397
chr10	132232409	132432409	harbor1	chr10	132312400	132312657	LTR/ERVL-MaLR	1397	-	128	132312528	80119
chr10	132232409	132432409	harbor1	chr10	132323724	132324130	LTR/ERVL-MaLR	873	-	203	132323927	91518
chr10	131310814	131510814	harbor1	chr10	131326975	131327357	LTR/ERVL-MaLR	1915	-	191	131327166	16352
chr10	131310814	131510814	harbor1	chr10	131366123	131366538	LTR/ERVL-MaLR	2646	-	208	131366331	55517
chr10	131310814	131510814	harbor1	chr10	131382227	131382509	LTR/ERVL-MaLR	528	-	141	131382368	71554
chr10	131310814	131510814	harbor1	chr10	131382516	131382823	LTR/ERVL-MaLR	620	-	154	131382670	71856
chr10	131310814	131510814	harbor1	chr10	131393945	131394410	LTR/ERVL-MaLR	1703	-	232	131394177	83363
chr10	68462143	68662143	harbor1	chr10	68473522	68473654	LTR/ERVL-MaLR	583	-	66	68473588	11445
chr10	68462143	68662143	harbor1	chr10	68473945	68473988	LTR/ERVL-MaLR	583	-	22	68473967	11824
chr10	14752857	14952857	harbor1	chr10	14762082	14762238	LTR/ERVL-MaLR	519	-	78	14762160	9303
chr10	14752857	14952857	harbor1	chr10	14789366	14789729	LTR/ERVL-MaLR	2229	-	182	14789548	36691
chr10	131310770	131510770	harbor1	chr10	131326975	131327357	LTR/ERVL-MaLR	1915	-	191	131327166	16396
chr10	131310770	131510770	harbor1	chr10	131366123	131366538	LTR/ERVL-MaLR	2646	-	208	131366331	55561
chr10	131310770	131510770	harbor1	chr10	131382227	131382509	LTR/ERVL-MaLR	528	-	141	131382368	71598
chr10	131310770	131510770	harbor1	chr10	131382516	131382823	LTR/ERVL-MaLR	620	-	154	131382670	71900
chr10	131310770	131510770	harbor1	chr10	131393945	131394410	LTR/ERVL-MaLR	1703	-	232	131394177	83407
chr10	7948849	8148849	harbor1	chr10	7951227	7951690	LTR/ERVL-MaLR	631	-	232	7951459	2610
chr10	7948849	8148849	harbor1	chr10	7989132	7989302	LTR/ERVL-MaLR	471	-	85	7989217	40368
chr10	7948849	8148849	harbor1	chr10	7996069	7996477	LTR/ERVL-MaLR	533	-	204	7996273	47424
chr10	31828950	32028950	harbor1	chr10	31901747	31902069	LTR/ERVL-MaLR	1100	-	161	31901908	72958
chr10	131310777	131510777	harbor1	chr10	131326975	131327357	LTR/ERVL-MaLR	1915	-	191	131327166	16389
chr10	131310777	131510777	harbor1	chr10	131366123	131366538	LTR/ERVL-MaLR	2646	-	208	131366331	55554
chr10	131310777	131510777	harbor1	chr10	131382227	131382509	LTR/ERVL-MaLR	528	-	141	131382368	71591
chr10	131310777	131510777	harbor1	chr10	131382516	131382823	LTR/ERVL-MaLR	620	-	154	131382670	71893
chr10	131310777	131510777	harbor1	chr10	131393945	131394410	LTR/ERVL-MaLR	1703	-	232	131394177	83400
chr10	14778778	14978778	harbor1	chr10	14789366	14789729	LTR/ERVL-MaLR	2229	-	182	14789548	10770
chr10	14778778	14978778	harbor1	chr10	14874514	14874877	LTR/ERVL-MaLR	1300	-	182	14874696	95918
chr10	7149143	7349143	harbor1	chr10	7222337	7222541	LTR/ERVL-MaLR	1140	-	102	7222439	73296
chr10	7149143	7349143	harbor1	chr10	7222960	7223130	LTR/ERVL-MaLR	1117	-	85	7223045	73902
chr10	46005969	46205969	harbor1	chr10	46047012	46047399	LTR/ERVL-MaLR	1681	-	194	46047206	41237
chr10	46005969	46205969	harbor1	chr10	46098957	46099457	LTR/ERVL-MaLR	2229	-	250	46099207	93238
chr10	72255102	72455102	harbor1	chr10	72312169	72312466	LTR/ERVL-MaLR	2436	-	148	72312317	57215
chr10	72255102	72455102	harbor1	chr10	72312764	72312955	LTR/ERVL-MaLR	2436	-	96	72312860	57758
chr10	122063779	122263779	harbor1	chr10	122075730	122075798	LTR/ERVL-MaLR	1863	-	34	122075764	11985
chr10	122063779	122263779	harbor1	chr10	122076099	122076438	LTR/ERVL-MaLR	1863	-	170	122076269	12490
chr10	122063779	122263779	harbor1	chr10	122079986	122080217	LTR/ERVL-MaLR	1580	-	116	122080102	16323
chr10	122063779	122263779	harbor1	chr10	122080533	122080700	LTR/ERVL-MaLR	1580	-	84	122080617	16838
chr10	122063779	122263779	harbor1	chr10	122106728	122107124	LTR/ERVL-MaLR	1053	-	198	122106926	43147
chr10	122063779	122263779	harbor1	chr10	122110755	122111284	LTR/ERVL-MaLR	2078	-	264	122111019	47240
chr10	122063779	122263779	harbor1	chr10	122160380	122160720	LTR/ERVL-MaLR	1325	-	170	122160550	96771
chr10	132614280	132814280	harbor1	chr10	132618582	132619005	LTR/ERVL-MaLR	2464	-	212	132618794	4514
chr10	132614280	132814280	harbor1	chr10	132619006	132619692	LTR/ERVL-MaLR	6790	-	343	132619349	5069
chr10	132614280	132814280	harbor1	chr10	132619944	132620591	LTR/ERVL-MaLR	6790	-	324	132620268	5988
chr10	72254369	72454369	harbor1	chr10	72312169	72312466	LTR/ERVL-MaLR	2436	-	148	72312317	57948
chr10	72254369	72454369	harbor1	chr10	72312764	72312955	LTR/ERVL-MaLR	2436	-	96	72312860	58491
chr10	131310769	131510769	harbor1	chr10	131326975	131327357	LTR/ERVL-MaLR	1915	-	191	131327166	16397
chr10	131310769	131510769	harbor1	chr10	131366123	131366538	LTR/ERVL-MaLR	2646	-	208	131366331	55562
chr10	131310769	131510769	harbor1	chr10	131382227	131382509	LTR/ERVL-MaLR	528	-	141	131382368	71599
chr10	131310769	131510769	harbor1	chr10	131382516	131382823	LTR/ERVL-MaLR	620	-	154	131382670	71901
chr10	131310769	131510769	harbor1	chr10	131393945	131394410	LTR/ERVL-MaLR	1703	-	232	131394177	83408
chr10	100906982	101106982	harbor1	chr10	100923161	100923503	LTR/ERVL-MaLR	1135	-	171	100923332	16350
chr10	100906982	101106982	harbor1	chr10	100930200	100930603	LTR/ERVL-MaLR	526	-	202	100930402	23420
chr10	102134155	102334155	harbor1	chr10	102159577	102159878	LTR/ERVL-MaLR	1182	-	150	102159727	25572
chr10	102134155	102334155	harbor1	chr10	102172201	102172415	LTR/ERVL-MaLR	923	-	107	102172308	38153
chr10	102134155	102334155	harbor1	chr10	102173249	102173411	LTR/ERVL-MaLR	613	-	81	102173330	39175
chr10	102134155	102334155	harbor1	chr10	102183181	102183474	LTR/ERVL-MaLR	5340	-	146	102183327	49172
chr10	102134155	102334155	harbor1	chr10	102183778	102184027	LTR/ERVL-MaLR	5340	-	124	102183902	49747
chr10	102134155	102334155	harbor1	chr10	102184321	102184505	LTR/ERVL-MaLR	5340	-	92	102184413	50258
chr10	102134155	102334155	harbor1	chr10	102184506	102184861	LTR/ERVL-MaLR	2033	-	178	102184684	50529
chr10	129211551	129411551	harbor1	chr10	129250302	129250787	LTR/ERVL-MaLR	1490	-	242	129250544	38993
chr10	129211551	129411551	harbor1	chr10	129252524	129252886	LTR/ERVL-MaLR	2748	-	181	129252705	41154
chr10	131310837	131510837	harbor1	chr10	131326975	131327357	LTR/ERVL-MaLR	1915	-	191	131327166	16329
chr10	131310837	131510837	harbor1	chr10	131366123	131366538	LTR/ERVL-MaLR	2646	-	208	131366331	55494
chr10	131310837	131510837	harbor1	chr10	131382227	131382509	LTR/ERVL-MaLR	528	-	141	131382368	71531
chr10	131310837	131510837	harbor1	chr10	131382516	131382823	LTR/ERVL-MaLR	620	-	154	131382670	71833
chr10	131310837	131510837	harbor1	chr10	131393945	131394410	LTR/ERVL-MaLR	1703	-	232	131394177	83340
chr10	97398963	97598963	harbor1	chr10	97409583	97410071	LTR/ERVL-MaLR	884	-	244	97409827	10864
chr10	14763732	14963732	harbor1	chr10	14789366	14789729	LTR/ERVL-MaLR	2229	-	182	14789548	25816
chr10	102141356	102341356	harbor1	chr10	102159577	102159878	LTR/ERVL-MaLR	1182	-	150	102159727	18371
chr10	102141356	102341356	harbor1	chr10	102172201	102172415	LTR/ERVL-MaLR	923	-	107	102172308	30952
chr10	102141356	102341356	harbor1	chr10	102173249	102173411	LTR/ERVL-MaLR	613	-	81	102173330	31974
chr10	102141356	102341356	harbor1	chr10	102183181	102183474	LTR/ERVL-MaLR	5340	-	146	102183327	41971
chr10	102141356	102341356	harbor1	chr10	102183778	102184027	LTR/ERVL-MaLR	5340	-	124	102183902	42546
chr10	102141356	102341356	harbor1	chr10	102184321	102184505	LTR/ERVL-MaLR	5340	-	92	102184413	43057
chr10	102141356	102341356	harbor1	chr10	102184506	102184861	LTR/ERVL-MaLR	2033	-	178	102184684	43328
chr10	30655861	30855861	harbor1	chr10	30692068	30692414	LTR/ERVL-MaLR	713	-	173	30692241	36380
chr10	30655861	30855861	harbor1	chr10	30709706	30709947	LTR/ERVL-MaLR	648	-	120	30709826	53965
chr10	14778075	14978075	harbor1	chr10	14789366	14789729	LTR/ERVL-MaLR	2229	-	182	14789548	11473
chr10	14778075	14978075	harbor1	chr10	14874514	14874877	LTR/ERVL-MaLR	1300	-	182	14874696	96621
chr10	72254600	72454600	harbor1	chr10	72312169	72312466	LTR/ERVL-MaLR	2436	-	148	72312317	57717
chr10	72254600	72454600	harbor1	chr10	72312764	72312955	LTR/ERVL-MaLR	2436	-	96	72312860	58260
chr10	102140075	102340075	harbor1	chr10	102159577	102159878	LTR/ERVL-MaLR	1182	-	150	102159727	19652
chr10	102140075	102340075	harbor1	chr10	102172201	102172415	LTR/ERVL-MaLR	923	-	107	102172308	32233
chr10	102140075	102340075	harbor1	chr10	102173249	102173411	LTR/ERVL-MaLR	613	-	81	102173330	33255
chr10	102140075	102340075	harbor1	chr10	102183181	102183474	LTR/ERVL-MaLR	5340	-	146	102183327	43252
chr10	102140075	102340075	harbor1	chr10	102183778	102184027	LTR/ERVL-MaLR	5340	-	124	102183902	43827
chr10	102140075	102340075	harbor1	chr10	102184321	102184505	LTR/ERVL-MaLR	5340	-	92	102184413	44338
chr10	102140075	102340075	harbor1	chr10	102184506	102184861	LTR/ERVL-MaLR	2033	-	178	102184684	44609
chr10	132207865	132407865	harbor1	chr10	132289519	132289881	LTR/ERVL-MaLR	1814	-	181	132289700	81835
chr10	43456421	43656421	harbor1	chr10	43496655	43496832	LTR/ERVL-MaLR	630	-	88	43496743	40322
chr10	43456421	43656421	harbor1	chr10	43496912	43496934	LTR/ERVL-MaLR	630	-	11	43496923	40502
chr10	43456421	43656421	harbor1	chr10	43535162	43535550	LTR/ERVL-MaLR	1248	-	194	43535356	78935
chr10	43456421	43656421	harbor1	chr10	43535564	43535942	LTR/ERVL-MaLR	4133	-	189	43535753	79332
chr10	43456421	43656421	harbor1	chr10	43536244	43537224	LTR/ERVL-MaLR	4133	-	490	43536734	80313
chr10	43456421	43656421	harbor1	chr10	43537580	43537737	LTR/ERVL-MaLR	649	-	78	43537658	81237
chr10	43456421	43656421	harbor1	chr10	43540071	43540265	LTR/ERVL-MaLR	524	-	97	43540168	83747
chr10	14778068	14978068	harbor1	chr10	14789366	14789729	LTR/ERVL-MaLR	2229	-	182	14789548	11480
chr10	14778068	14978068	harbor1	chr10	14874514	14874877	LTR/ERVL-MaLR	1300	-	182	14874696	96628
chr11	3928050	4128050	harbor1	chr11	3945722	3946122	LTR/ERVL-MaLR	2292	-	200	3945922	17872
chr11	3928050	4128050	harbor1	chr11	4022666	4023045	LTR/ERVL-MaLR	1020	-	190	4022856	94806
chr11	5127208	5327208	harbor1	chr11	5190877	5191239	LTR/ERVL-MaLR	2344	-	181	5191058	63850
chr11	5126782	5326782	harbor1	chr11	5190877	5191239	LTR/ERVL-MaLR	2344	-	181	5191058	64276
chr11	5125332	5325332	harbor1	chr11	5190877	5191239	LTR/ERVL-MaLR	2344	-	181	5191058	65726
chr11	5127125	5327125	harbor1	chr11	5190877	5191239	LTR/ERVL-MaLR	2344	-	181	5191058	63933
chr11	5126747	5326747	harbor1	chr11	5190877	5191239	LTR/ERVL-MaLR	2344	-	181	5191058	64311
chr11	76580979	76780979	harbor1	chr11	76602908	76603252	LTR/ERVL-MaLR	1761	-	172	76603080	22101
chr11	76580979	76780979	harbor1	chr11	76625730	76626275	LTR/ERVL-MaLR	1262	-	272	76626002	45023
chr11	5126823	5326823	harbor1	chr11	5190877	5191239	LTR/ERVL-MaLR	2344	-	181	5191058	64235
chr11	123412399	123612399	harbor1	chr11	123440626	123440793	LTR/ERVL-MaLR	1825	-	84	123440710	28311
chr11	123412399	123612399	harbor1	chr11	123441142	123441353	LTR/ERVL-MaLR	1825	-	106	123441248	28849
chr11	123412399	123612399	harbor1	chr11	123487942	123488282	LTR/ERVL-MaLR	1366	-	170	123488112	75713
chr11	123412399	123612399	harbor1	chr11	123508094	123508471	LTR/ERVL-MaLR	1380	-	188	123508282	95883
chr11	5134555	5334555	harbor1	chr11	5190877	5191239	LTR/ERVL-MaLR	2344	-	181	5191058	56503
chr11	5126774	5326774	harbor1	chr11	5190877	5191239	LTR/ERVL-MaLR	2344	-	181	5191058	64284
chr11	5127340	5327340	harbor1	chr11	5190877	5191239	LTR/ERVL-MaLR	2344	-	181	5191058	63718
chr11	63803267	64003267	harbor1	chr11	63821068	63821490	LTR/ERVL-MaLR	1723	-	211	63821279	18012
chr11	64110890	64310890	harbor1	chr11	64168366	64168847	LTR/ERVL-MaLR	1668	-	240	64168606	57716
chr11	64110890	64310890	harbor1	chr11	64173717	64173970	LTR/ERVL-MaLR	445	-	126	64173843	62953
chr11	64110890	64310890	harbor1	chr11	64179304	64179824	LTR/ERVL-MaLR	1516	-	260	64179564	68674
chr11	73038077	73238077	harbor1	chr11	73054920	73055288	LTR/ERVL-MaLR	2070	-	184	73055104	17027
chr11	73038077	73238077	harbor1	chr11	73067833	73068194	LTR/ERVL-MaLR	2209	-	180	73068013	29936
chr11	73038077	73238077	harbor1	chr11	73119864	73120227	LTR/ERVL-MaLR	2090	-	182	73120046	81969
chr11	5124751	5324751	harbor1	chr11	5190877	5191239	LTR/ERVL-MaLR	2344	-	181	5191058	66307
chr11	5134559	5334559	harbor1	chr11	5190877	5191239	LTR/ERVL-MaLR	2344	-	181	5191058	56499
chr11	5134573	5334573	harbor1	chr11	5190877	5191239	LTR/ERVL-MaLR	2344	-	181	5191058	56485
chr11	5127129	5327129	harbor1	chr11	5190877	5191239	LTR/ERVL-MaLR	2344	-	181	5191058	63929
chr11	5127170	5327170	harbor1	chr11	5190877	5191239	LTR/ERVL-MaLR	2344	-	181	5191058	63888
chr11	57399820	57599820	harbor1	chr11	57420100	57420423	LTR/ERVL-MaLR	714	-	162	57420262	20442
chr11	57399820	57599820	harbor1	chr11	57447425	57447492	LTR/ERVL-MaLR	434	-	34	57447459	47639
chr11	57399820	57599820	harbor1	chr11	57448364	57448538	LTR/ERVL-MaLR	995	-	87	57448451	48631
chr11	57399820	57599820	harbor1	chr11	57448842	57448870	LTR/ERVL-MaLR	995	-	14	57448856	49036
chr11	5127181	5327181	harbor1	chr11	5190877	5191239	LTR/ERVL-MaLR	2344	-	181	5191058	63877
chr11	5107730	5307730	harbor1	chr11	5190877	5191239	LTR/ERVL-MaLR	2344	-	181	5191058	83328
chr11	5127269	5327269	harbor1	chr11	5190877	5191239	LTR/ERVL-MaLR	2344	-	181	5191058	63789
chr11	5032610	5232610	harbor1	chr11	5033015	5033098	LTR/ERVL-MaLR	412	-	42	5033057	447
chr11	5032610	5232610	harbor1	chr11	5043160	5043548	LTR/ERVL-MaLR	2068	-	194	5043354	10744
chr11	108021573	108221573	harbor1	chr11	108048435	108048647	LTR/ERVL-MaLR	522	-	106	108048541	26968
chr11	108021573	108221573	harbor1	chr11	108061726	108062093	LTR/ERVL-MaLR	1826	-	184	108061910	40337
chr11	108021573	108221573	harbor1	chr11	108095201	108095383	LTR/ERVL-MaLR	415	-	91	108095292	73719
chr11	108021573	108221573	harbor1	chr11	108114175	108114603	LTR/ERVL-MaLR	1376	-	214	108114389	92816
chr11	108021573	108221573	harbor1	chr11	108114618	108114900	LTR/ERVL-MaLR	965	-	141	108114759	93186
chr11	108021573	108221573	harbor1	chr11	108115235	108115813	LTR/ERVL-MaLR	2323	-	289	108115524	93951
chr11	108021573	108221573	harbor1	chr11	108116252	108116330	LTR/ERVL-MaLR	2323	-	39	108116291	94718
chr11	108021573	108221573	harbor1	chr11	108120555	108120744	LTR/ERVL-MaLR	819	-	94	108120649	99076
chr11	5132965	5332965	harbor1	chr11	5190877	5191239	LTR/ERVL-MaLR	2344	-	181	5191058	58093
chr11	5127263	5327263	harbor1	chr11	5190877	5191239	LTR/ERVL-MaLR	2344	-	181	5191058	63795
chr11	5129592	5329592	harbor1	chr11	5190877	5191239	LTR/ERVL-MaLR	2344	-	181	5191058	61466
chr11	5124885	5324885	harbor1	chr11	5190877	5191239	LTR/ERVL-MaLR	2344	-	181	5191058	66173
chr11	5127172	5327172	harbor1	chr11	5190877	5191239	LTR/ERVL-MaLR	2344	-	181	5191058	63886
chr11	5127366	5327366	harbor1	chr11	5190877	5191239	LTR/ERVL-MaLR	2344	-	181	5191058	63692
chr11	108021539	108221539	harbor1	chr11	108048435	108048647	LTR/ERVL-MaLR	522	-	106	108048541	27002
chr11	108021539	108221539	harbor1	chr11	108061726	108062093	LTR/ERVL-MaLR	1826	-	184	108061910	40371
chr11	108021539	108221539	harbor1	chr11	108095201	108095383	LTR/ERVL-MaLR	415	-	91	108095292	73753
chr11	108021539	108221539	harbor1	chr11	108114175	108114603	LTR/ERVL-MaLR	1376	-	214	108114389	92850
chr11	108021539	108221539	harbor1	chr11	108114618	108114900	LTR/ERVL-MaLR	965	-	141	108114759	93220
chr11	108021539	108221539	harbor1	chr11	108115235	108115813	LTR/ERVL-MaLR	2323	-	289	108115524	93985
chr11	108021539	108221539	harbor1	chr11	108116252	108116330	LTR/ERVL-MaLR	2323	-	39	108116291	94752
chr11	108021539	108221539	harbor1	chr11	108120555	108120744	LTR/ERVL-MaLR	819	-	94	108120649	99110
chr11	5127203	5327203	harbor1	chr11	5190877	5191239	LTR/ERVL-MaLR	2344	-	181	5191058	63855
chr11	5127266	5327266	harbor1	chr11	5190877	5191239	LTR/ERVL-MaLR	2344	-	181	5191058	63792
chr11	5127192	5327192	harbor1	chr11	5190877	5191239	LTR/ERVL-MaLR	2344	-	181	5191058	63866
chr11	5127243	5327243	harbor1	chr11	5190877	5191239	LTR/ERVL-MaLR	2344	-	181	5191058	63815
chr11	5127199	5327199	harbor1	chr11	5190877	5191239	LTR/ERVL-MaLR	2344	-	181	5191058	63859
chr11	5125100	5325100	harbor1	chr11	5190877	5191239	LTR/ERVL-MaLR	2344	-	181	5191058	65958
chr11	1661043	1861043	harbor1	chr11	1687560	1687957	LTR/ERVL-MaLR	1461	-	198	1687758	26715
chr11	1661043	1861043	harbor1	chr11	1704525	1704845	LTR/ERVL-MaLR	859	-	160	1704685	43642
chr11	1661043	1861043	harbor1	chr11	1727294	1727638	LTR/ERVL-MaLR	1495	-	172	1727466	66423
chr11	1461906	1661906	harbor1	chr11	1465696	1465994	LTR/ERVL-MaLR	493	-	149	1465845	3939
chr11	1461906	1661906	harbor1	chr11	1466317	1466645	LTR/ERVL-MaLR	585	-	164	1466481	4575
chr11	1461906	1661906	harbor1	chr11	1467125	1467261	LTR/ERVL-MaLR	467	-	68	1467193	5287
chr11	5134601	5334601	harbor1	chr11	5190877	5191239	LTR/ERVL-MaLR	2344	-	181	5191058	56457
chr11	5127217	5327217	harbor1	chr11	5190877	5191239	LTR/ERVL-MaLR	2344	-	181	5191058	63841
chr11	5127264	5327264	harbor1	chr11	5190877	5191239	LTR/ERVL-MaLR	2344	-	181	5191058	63794
chr11	5021552	5221552	harbor1	chr11	5033015	5033098	LTR/ERVL-MaLR	412	-	42	5033057	11505
chr11	5021552	5221552	harbor1	chr11	5043160	5043548	LTR/ERVL-MaLR	2068	-	194	5043354	21802
chr11	2054524	2254524	harbor1	chr11	2091684	2091917	LTR/ERVL-MaLR	577	-	116	2091800	37276
chr11	2054524	2254524	harbor1	chr11	2107942	2108434	LTR/ERVL-MaLR	1324	-	246	2108188	53664
chr11	5125708	5325708	harbor1	chr11	5190877	5191239	LTR/ERVL-MaLR	2344	-	181	5191058	65350
chr11	5127143	5327143	harbor1	chr11	5190877	5191239	LTR/ERVL-MaLR	2344	-	181	5191058	63915
chr11	5115306	5315306	harbor1	chr11	5190877	5191239	LTR/ERVL-MaLR	2344	-	181	5191058	75752
chr11	76580390	76780390	harbor1	chr11	76602908	76603252	LTR/ERVL-MaLR	1761	-	172	76603080	22690
chr11	76580390	76780390	harbor1	chr11	76625730	76626275	LTR/ERVL-MaLR	1262	-	272	76626002	45612
chr11	5127184	5327184	harbor1	chr11	5190877	5191239	LTR/ERVL-MaLR	2344	-	181	5191058	63874
chr11	5124787	5324787	harbor1	chr11	5190877	5191239	LTR/ERVL-MaLR	2344	-	181	5191058	66271
chr11	5127327	5327327	harbor1	chr11	5190877	5191239	LTR/ERVL-MaLR	2344	-	181	5191058	63731
chr11	76580446	76780446	harbor1	chr11	76602908	76603252	LTR/ERVL-MaLR	1761	-	172	76603080	22634
chr11	76580446	76780446	harbor1	chr11	76625730	76626275	LTR/ERVL-MaLR	1262	-	272	76626002	45556
chr11	27274218	27474218	harbor1	chr11	27277635	27277841	LTR/ERVL-MaLR	998	-	103	27277738	3520
chr11	27274218	27474218	harbor1	chr11	27277870	27278185	LTR/ERVL-MaLR	554	-	158	27278028	3810
chr11	27274218	27474218	harbor1	chr11	27296897	27297322	LTR/ERVL-MaLR	2951	-	212	27297109	22891
chr11	19768628	19968628	harbor1	chr11	19833581	19834157	LTR/ERVL-MaLR	1723	-	288	19833869	65241
chr11	19768628	19968628	harbor1	chr11	19836720	19837077	LTR/ERVL-MaLR	2008	-	178	19836898	68270
chr11	5134586	5334586	harbor1	chr11	5190877	5191239	LTR/ERVL-MaLR	2344	-	181	5191058	56472
chr11	126556684	126756684	harbor1	chr11	126648905	126649258	LTR/ERVL-MaLR	2284	-	176	126649081	92397
chr11	126556684	126756684	harbor1	chr11	126649259	126650812	LTR/ERVL-MaLR	11719	-	776	126650035	93351
chr11	126556684	126756684	harbor1	chr11	126650813	126651166	LTR/ERVL-MaLR	2420	-	176	126650989	94305
chr11	5127250	5327250	harbor1	chr11	5190877	5191239	LTR/ERVL-MaLR	2344	-	181	5191058	63808
chr11	5134209	5334209	harbor1	chr11	5190877	5191239	LTR/ERVL-MaLR	2344	-	181	5191058	56849
chr11	5134629	5334629	harbor1	chr11	5190877	5191239	LTR/ERVL-MaLR	2344	-	181	5191058	56429
chr11	5127213	5327213	harbor1	chr11	5190877	5191239	LTR/ERVL-MaLR	2344	-	181	5191058	63845
chr11	4538274	4738274	harbor1	chr11	4579395	4579553	LTR/ERVL-MaLR	669	-	79	4579474	41200
chr11	4538274	4738274	harbor1	chr11	4613430	4613831	LTR/ERVL-MaLR	2223	-	200	4613630	75356
chr11	4538274	4738274	harbor1	chr11	4616866	4617256	LTR/ERVL-MaLR	2469	-	195	4617061	78787
chr11	5127232	5327232	harbor1	chr11	5190877	5191239	LTR/ERVL-MaLR	2344	-	181	5191058	63826
chr11	5127319	5327319	harbor1	chr11	5190877	5191239	LTR/ERVL-MaLR	2344	-	181	5191058	63739
chr11	107049890	107249890	harbor1	chr11	107053779	107053960	LTR/ERVL-MaLR	761	-	90	107053869	3979
chr11	107049890	107249890	harbor1	chr11	107058008	107058147	LTR/ERVL-MaLR	515	-	70	107058078	8188
chr11	107049890	107249890	harbor1	chr11	107068687	107069019	LTR/ERVL-MaLR	1074	-	166	107068853	18963
chr11	107049890	107249890	harbor1	chr11	107069449	107069616	LTR/ERVL-MaLR	1074	-	84	107069533	19643
chr11	107049890	107249890	harbor1	chr11	107078722	107079142	LTR/ERVL-MaLR	2024	-	210	107078932	29042
chr11	107049890	107249890	harbor1	chr11	107081303	107081680	LTR/ERVL-MaLR	2377	-	188	107081491	31601
chr11	107049890	107249890	harbor1	chr11	107081681	107083038	LTR/ERVL-MaLR	7176	-	678	107082359	32469
chr11	107049890	107249890	harbor1	chr11	107083039	107083411	LTR/ERVL-MaLR	2131	-	186	107083225	33335
chr11	107049890	107249890	harbor1	chr11	107104480	107104871	LTR/ERVL-MaLR	2284	-	196	107104676	54786
chr11	107049890	107249890	harbor1	chr11	107148909	107149286	LTR/ERVL-MaLR	826	-	188	107149097	99207
chr11	111440849	111640849	harbor1	chr11	111463633	111464007	LTR/ERVL-MaLR	2831	-	187	111463820	22971
chr11	111440849	111640849	harbor1	chr11	111464299	111464468	LTR/ERVL-MaLR	2831	-	84	111464383	23534
chr11	111440849	111640849	harbor1	chr11	111475743	111476108	LTR/ERVL-MaLR	2406	-	182	111475925	35076
chr11	111440849	111640849	harbor1	chr11	111537933	111538098	LTR/ERVL-MaLR	508	-	82	111538015	97166
chr11	111440849	111640849	harbor1	chr11	111538851	111539056	LTR/ERVL-MaLR	655	-	102	111538953	98104
chr11	5125172	5325172	harbor1	chr11	5190877	5191239	LTR/ERVL-MaLR	2344	-	181	5191058	65886
chr11	5127224	5327224	harbor1	chr11	5190877	5191239	LTR/ERVL-MaLR	2344	-	181	5191058	63834
chr11	64913893	65113893	harbor1	chr11	64978525	64978875	LTR/ERVL-MaLR	2809	-	175	64978700	64807
chr11	64913893	65113893	harbor1	chr11	64999294	64999643	LTR/ERVL-MaLR	1514	-	174	64999468	85575
chr11	64913893	65113893	harbor1	chr11	65001651	65002091	LTR/ERVL-MaLR	1458	-	220	65001871	87978
chr11	5126003	5326003	harbor1	chr11	5190877	5191239	LTR/ERVL-MaLR	2344	-	181	5191058	65055
chr11	86572156	86772156	harbor1	chr11	86591580	86591928	LTR/ERVL-MaLR	2402	-	174	86591754	19598
chr11	86572156	86772156	harbor1	chr11	86669356	86669722	LTR/ERVL-MaLR	2138	-	183	86669539	97383
chr11	5127146	5327146	harbor1	chr11	5190877	5191239	LTR/ERVL-MaLR	2344	-	181	5191058	63912
chr11	5022390	5222390	harbor1	chr11	5033015	5033098	LTR/ERVL-MaLR	412	-	42	5033057	10667
chr11	5022390	5222390	harbor1	chr11	5043160	5043548	LTR/ERVL-MaLR	2068	-	194	5043354	20964
chr11	69539284	69739284	harbor1	chr11	69543310	69543421	LTR/ERVL-MaLR	1059	-	56	69543366	4082
chr11	69539284	69739284	harbor1	chr11	69543835	69544159	LTR/ERVL-MaLR	1059	-	162	69543997	4713
chr11	69539284	69739284	harbor1	chr11	69557002	69557402	LTR/ERVL-MaLR	1868	-	200	69557202	17918
chr11	69539284	69739284	harbor1	chr11	69584472	69584829	LTR/ERVL-MaLR	1985	-	178	69584650	45366
chr11	69539284	69739284	harbor1	chr11	69597411	69597793	LTR/ERVL-MaLR	1003	-	191	69597602	58318
chr11	69539284	69739284	harbor1	chr11	69619633	69619989	LTR/ERVL-MaLR	2066	-	178	69619811	80527
chr11	69539284	69739284	harbor1	chr11	69628450	69628957	LTR/ERVL-MaLR	1957	-	254	69628704	89420
chr11	69539284	69739284	harbor1	chr11	69630122	69630370	LTR/ERVL-MaLR	822	-	124	69630246	90962
chr11	5124920	5324920	harbor1	chr11	5190877	5191239	LTR/ERVL-MaLR	2344	-	181	5191058	66138
chr11	76580636	76780636	harbor1	chr11	76602908	76603252	LTR/ERVL-MaLR	1761	-	172	76603080	22444
chr11	76580636	76780636	harbor1	chr11	76625730	76626275	LTR/ERVL-MaLR	1262	-	272	76626002	45366
chr11	5134651	5334651	harbor1	chr11	5190877	5191239	LTR/ERVL-MaLR	2344	-	181	5191058	56407
chr11	5134616	5334616	harbor1	chr11	5190877	5191239	LTR/ERVL-MaLR	2344	-	181	5191058	56442
chr11	5031398	5231398	harbor1	chr11	5033015	5033098	LTR/ERVL-MaLR	412	-	42	5033057	1659
chr11	5031398	5231398	harbor1	chr11	5043160	5043548	LTR/ERVL-MaLR	2068	-	194	5043354	11956
chr11	5127345	5327345	harbor1	chr11	5190877	5191239	LTR/ERVL-MaLR	2344	-	181	5191058	63713
chr11	68444618	68644618	harbor1	chr11	68447956	68448323	LTR/ERVL-MaLR	2317	-	184	68448140	3522
chr11	68444618	68644618	harbor1	chr11	68499143	68499555	LTR/ERVL-MaLR	1370	-	206	68499349	54731
chr11	68444618	68644618	harbor1	chr11	68512159	68512328	LTR/ERVL-MaLR	815	-	84	68512243	67625
chr11	68444618	68644618	harbor1	chr11	68515652	68515838	LTR/ERVL-MaLR	495	-	93	68515745	71127
chr11	5134104	5334104	harbor1	chr11	5190877	5191239	LTR/ERVL-MaLR	2344	-	181	5191058	56954
chr11	72123561	72323561	harbor1	chr11	72123374	72123798	LTR/ERVL-MaLR	1912	-	212	72123586	25
chr11	72123561	72323561	harbor1	chr11	72132967	72133099	LTR/ERVL-MaLR	495	-	66	72133033	9472
chr11	72123561	72323561	harbor1	chr11	72198688	72198898	LTR/ERVL-MaLR	464	-	105	72198793	75232
chr11	5124806	5324806	harbor1	chr11	5190877	5191239	LTR/ERVL-MaLR	2344	-	181	5191058	66252
chr11	5125352	5325352	harbor1	chr11	5190877	5191239	LTR/ERVL-MaLR	2344	-	181	5191058	65706
chr11	86572150	86772150	harbor1	chr11	86591580	86591928	LTR/ERVL-MaLR	2402	-	174	86591754	19604
chr11	86572150	86772150	harbor1	chr11	86669356	86669722	LTR/ERVL-MaLR	2138	-	183	86669539	97389
chr11	5127230	5327230	harbor1	chr11	5190877	5191239	LTR/ERVL-MaLR	2344	-	181	5191058	63828
chr11	5125771	5325771	harbor1	chr11	5190877	5191239	LTR/ERVL-MaLR	2344	-	181	5191058	65287
chr11	5127185	5327185	harbor1	chr11	5190877	5191239	LTR/ERVL-MaLR	2344	-	181	5191058	63873
chr11	73276655	73476655	harbor1	chr11	73286973	73287536	LTR/ERVL-MaLR	743	-	282	73287255	10600
chr11	73276655	73476655	harbor1	chr11	73318781	73319063	LTR/ERVL-MaLR	1854	-	141	73318922	42267
chr11	73276655	73476655	harbor1	chr11	73319362	73319554	LTR/ERVL-MaLR	1854	-	96	73319458	42803
chr11	73276655	73476655	harbor1	chr11	73336797	73337143	LTR/ERVL-MaLR	1749	-	173	73336970	60315
chr11	73276655	73476655	harbor1	chr11	73337425	73337465	LTR/ERVL-MaLR	1749	-	20	73337445	60790
chr11	73276655	73476655	harbor1	chr11	73358040	73358182	LTR/ERVL-MaLR	503	-	71	73358111	81456
chr11	73276655	73476655	harbor1	chr11	73358191	73358451	LTR/ERVL-MaLR	1423	-	130	73358321	81666
chr11	73276655	73476655	harbor1	chr11	73358759	73358846	LTR/ERVL-MaLR	1423	-	44	73358803	82148
chr11	5134100	5334100	harbor1	chr11	5190877	5191239	LTR/ERVL-MaLR	2344	-	181	5191058	56958
chr11	5134575	5334575	harbor1	chr11	5190877	5191239	LTR/ERVL-MaLR	2344	-	181	5191058	56483
chr11	6140855	6340855	harbor1	chr11	6183393	6183742	LTR/ERVL-MaLR	1889	-	174	6183567	42712
chr11	6140855	6340855	harbor1	chr11	6193953	6194323	LTR/ERVL-MaLR	1684	-	185	6194138	53283
chr11	6140855	6340855	harbor1	chr11	6236763	6237192	LTR/ERVL-MaLR	1591	-	214	6236977	96122
chr11	5127304	5327304	harbor1	chr11	5190877	5191239	LTR/ERVL-MaLR	2344	-	181	5191058	63754
chr11	5024680	5224680	harbor1	chr11	5033015	5033098	LTR/ERVL-MaLR	412	-	42	5033057	8377
chr11	5024680	5224680	harbor1	chr11	5043160	5043548	LTR/ERVL-MaLR	2068	-	194	5043354	18674
chr11	20060703	20260703	harbor1	chr11	20085580	20085899	LTR/ERVL-MaLR	745	-	160	20085740	25037
chr11	20060703	20260703	harbor1	chr11	20098738	20099126	LTR/ERVL-MaLR	826	-	194	20098932	38229
chr11	20060703	20260703	harbor1	chr11	20123235	20123388	LTR/ERVL-MaLR	682	-	76	20123311	62608
chr11	20060703	20260703	harbor1	chr11	20130226	20130614	LTR/ERVL-MaLR	1882	-	194	20130420	69717
chr11	20060703	20260703	harbor1	chr11	20131641	20131788	LTR/ERVL-MaLR	416	-	74	20131715	71012
chr11	5134650	5334650	harbor1	chr11	5190877	5191239	LTR/ERVL-MaLR	2344	-	181	5191058	56408
chr11	5125398	5325398	harbor1	chr11	5190877	5191239	LTR/ERVL-MaLR	2344	-	181	5191058	65660
chr11	6512331	6712331	harbor1	chr11	6514783	6515191	LTR/ERVL-MaLR	1560	-	204	6514987	2656
chr11	6512331	6712331	harbor1	chr11	6516953	6517145	LTR/ERVL-MaLR	916	-	96	6517049	4718
chr11	6512331	6712331	harbor1	chr11	6517687	6517829	LTR/ERVL-MaLR	789	-	71	6517758	5427
chr11	6512331	6712331	harbor1	chr11	6525070	6525296	LTR/ERVL-MaLR	419	-	113	6525183	12852
chr11	6512331	6712331	harbor1	chr11	6552170	6552241	LTR/ERVL-MaLR	1690	-	36	6552206	39875
chr11	6512331	6712331	harbor1	chr11	6552531	6552835	LTR/ERVL-MaLR	1690	-	152	6552683	40352
chr11	6512331	6712331	harbor1	chr11	6591752	6591940	LTR/ERVL-MaLR	706	-	94	6591846	79515
chr11	6512331	6712331	harbor1	chr11	6595813	6596196	LTR/ERVL-MaLR	649	-	192	6596005	83674
chr11	46430260	46630260	harbor1	chr11	46479825	46480307	LTR/ERVL-MaLR	1448	-	241	46480066	49806
chr11	5127284	5327284	harbor1	chr11	5190877	5191239	LTR/ERVL-MaLR	2344	-	181	5191058	63774
chr11	5124821	5324821	harbor1	chr11	5190877	5191239	LTR/ERVL-MaLR	2344	-	181	5191058	66237
chr11	5127245	5327245	harbor1	chr11	5190877	5191239	LTR/ERVL-MaLR	2344	-	181	5191058	63813
chr11	5126970	5326970	harbor1	chr11	5190877	5191239	LTR/ERVL-MaLR	2344	-	181	5191058	64088
chr11	5127167	5327167	harbor1	chr11	5190877	5191239	LTR/ERVL-MaLR	2344	-	181	5191058	63891
chr11	5126888	5326888	harbor1	chr11	5190877	5191239	LTR/ERVL-MaLR	2344	-	181	5191058	64170
chr11	63713415	63913415	harbor1	chr11	63735976	63736306	LTR/ERVL-MaLR	1213	-	165	63736141	22726
chr11	63713415	63913415	harbor1	chr11	63736861	63736973	LTR/ERVL-MaLR	562	-	56	63736917	23502
chr11	63713415	63913415	harbor1	chr11	63737133	63737158	LTR/ERVL-MaLR	562	-	12	63737145	23730
chr11	63713415	63913415	harbor1	chr11	63777150	63777642	LTR/ERVL-MaLR	806	-	246	63777396	63981
chr11	63713415	63913415	harbor1	chr11	63778879	63779349	LTR/ERVL-MaLR	530	-	235	63779114	65699
chr11	5021372	5221372	harbor1	chr11	5033015	5033098	LTR/ERVL-MaLR	412	-	42	5033057	11685
chr11	5021372	5221372	harbor1	chr11	5043160	5043548	LTR/ERVL-MaLR	2068	-	194	5043354	21982
chr11	5125946	5325946	harbor1	chr11	5190877	5191239	LTR/ERVL-MaLR	2344	-	181	5191058	65112
chr11	86275379	86475379	harbor1	chr11	86292347	86292558	LTR/ERVL-MaLR	717	-	106	86292453	17074
chr11	86275379	86475379	harbor1	chr11	86292860	86292965	LTR/ERVL-MaLR	717	-	52	86292912	17533
chr11	86275379	86475379	harbor1	chr11	86293562	86293646	LTR/ERVL-MaLR	402	-	42	86293604	18225
chr11	86275379	86475379	harbor1	chr11	86294011	86294490	LTR/ERVL-MaLR	1649	-	240	86294251	18872
chr11	86275379	86475379	harbor1	chr11	86298107	86298523	LTR/ERVL-MaLR	2181	-	208	86298315	22936
chr11	86275379	86475379	harbor1	chr11	86346260	86346319	LTR/ERVL-MaLR	1942	-	30	86346290	70911
chr11	86275379	86475379	harbor1	chr11	86346587	86346941	LTR/ERVL-MaLR	1942	-	177	86346764	71385
chr11	5127149	5327149	harbor1	chr11	5190877	5191239	LTR/ERVL-MaLR	2344	-	181	5191058	63909
chr11	4897645	5097645	harbor1	chr11	4909980	4910483	LTR/ERVL-MaLR	1599	-	252	4910232	12587
chr11	4897645	5097645	harbor1	chr11	4913990	4914529	LTR/ERVL-MaLR	1067	-	270	4914260	16615
chr11	4897645	5097645	harbor1	chr11	4971642	4972061	LTR/ERVL-MaLR	1978	-	210	4971852	74207
chr11	5126804	5326804	harbor1	chr11	5190877	5191239	LTR/ERVL-MaLR	2344	-	181	5191058	64254
chr11	76580403	76780403	harbor1	chr11	76602908	76603252	LTR/ERVL-MaLR	1761	-	172	76603080	22677
chr11	76580403	76780403	harbor1	chr11	76625730	76626275	LTR/ERVL-MaLR	1262	-	272	76626002	45599
chr11	2054434	2254434	harbor1	chr11	2091684	2091917	LTR/ERVL-MaLR	577	-	116	2091800	37366
chr11	2054434	2254434	harbor1	chr11	2107942	2108434	LTR/ERVL-MaLR	1324	-	246	2108188	53754
chr11	5134605	5334605	harbor1	chr11	5190877	5191239	LTR/ERVL-MaLR	2344	-	181	5191058	56453
chr11	5125064	5325064	harbor1	chr11	5190877	5191239	LTR/ERVL-MaLR	2344	-	181	5191058	65994
chr11	5125194	5325194	harbor1	chr11	5190877	5191239	LTR/ERVL-MaLR	2344	-	181	5191058	65864
chr11	129769693	129969693	harbor1	chr11	129785821	129786137	LTR/ERVL-MaLR	2191	-	158	129785979	16286
chr11	129769693	129969693	harbor1	chr11	129786138	129786606	LTR/ERVL-MaLR	3316	-	234	129786372	16679
chr11	129769693	129969693	harbor1	chr11	129793631	129794008	LTR/ERVL-MaLR	870	-	188	129793819	24126
chr11	129769693	129969693	harbor1	chr11	129794394	129795978	LTR/ERVL-MaLR	11066	-	792	129795186	25493
chr11	129769693	129969693	harbor1	chr11	129795979	129796359	LTR/ERVL-MaLR	1985	-	190	129796169	26476
chr11	129769693	129969693	harbor1	chr11	129796360	129796395	LTR/ERVL-MaLR	870	-	18	129796378	26685
chr11	129769693	129969693	harbor1	chr11	129819270	129819459	LTR/ERVL-MaLR	587	-	94	129819364	49671
chr11	129769693	129969693	harbor1	chr11	129848700	129849023	LTR/ERVL-MaLR	1465	-	162	129848862	79169
chr11	129769693	129969693	harbor1	chr11	129849024	129850149	LTR/ERVL-MaLR	5972	-	562	129849586	79893
chr11	129769693	129969693	harbor1	chr11	129850465	129850988	LTR/ERVL-MaLR	5972	-	262	129850727	81034
chr11	129769693	129969693	harbor1	chr11	129850990	129851261	LTR/ERVL-MaLR	1202	-	136	129851126	81433
chr11	129769693	129969693	harbor1	chr11	129851559	129851628	LTR/ERVL-MaLR	1202	-	34	129851593	81900
chr11	129769693	129969693	harbor1	chr11	129794009	129794391	LTR/ERVL-MaLR	2027	-	191	129794200	24507
chr11	76580432	76780432	harbor1	chr11	76602908	76603252	LTR/ERVL-MaLR	1761	-	172	76603080	22648
chr11	76580432	76780432	harbor1	chr11	76625730	76626275	LTR/ERVL-MaLR	1262	-	272	76626002	45570
chr11	5126793	5326793	harbor1	chr11	5190877	5191239	LTR/ERVL-MaLR	2344	-	181	5191058	64265
chr11	461137	661137	harbor1	chr11	466196	466399	LTR/ERVL-MaLR	2047	-	102	466298	5161
chr11	461137	661137	harbor1	chr11	466709	466869	LTR/ERVL-MaLR	2047	-	80	466789	5652
chr11	5134533	5334533	harbor1	chr11	5190877	5191239	LTR/ERVL-MaLR	2344	-	181	5191058	56525
chr11	5127205	5327205	harbor1	chr11	5190877	5191239	LTR/ERVL-MaLR	2344	-	181	5191058	63853
chr11	5127241	5327241	harbor1	chr11	5190877	5191239	LTR/ERVL-MaLR	2344	-	181	5191058	63817
chr11	76580985	76780985	harbor1	chr11	76602908	76603252	LTR/ERVL-MaLR	1761	-	172	76603080	22095
chr11	76580985	76780985	harbor1	chr11	76625730	76626275	LTR/ERVL-MaLR	1262	-	272	76626002	45017
chr11	5127169	5327169	harbor1	chr11	5190877	5191239	LTR/ERVL-MaLR	2344	-	181	5191058	63889
chr11	5134210	5334210	harbor1	chr11	5190877	5191239	LTR/ERVL-MaLR	2344	-	181	5191058	56848
chr11	64348932	64548932	harbor1	chr11	64364039	64364506	LTR/ERVL-MaLR	552	-	234	64364273	15341
chr11	64348932	64548932	harbor1	chr11	64364507	64364734	LTR/ERVL-MaLR	418	-	114	64364621	15689
chr11	64348932	64548932	harbor1	chr11	64365053	64365090	LTR/ERVL-MaLR	418	-	18	64365071	16139
chr11	64348932	64548932	harbor1	chr11	64390258	64390629	LTR/ERVL-MaLR	2512	-	186	64390444	41512
chr11	64348932	64548932	harbor1	chr11	64399149	64399324	LTR/ERVL-MaLR	816	-	88	64399237	50305
chr11	64348932	64548932	harbor1	chr11	64418261	64418586	LTR/ERVL-MaLR	1968	-	162	64418423	69491
chr11	64348932	64548932	harbor1	chr11	64420580	64420920	LTR/ERVL-MaLR	753	-	170	64420750	71818
chr11	64348932	64548932	harbor1	chr11	64421060	64421104	LTR/ERVL-MaLR	2600	-	22	64421082	72150
chr11	64348932	64548932	harbor1	chr11	64421229	64421742	LTR/ERVL-MaLR	2600	-	256	64421485	72553
chr11	64348932	64548932	harbor1	chr11	64422169	64423142	LTR/ERVL-MaLR	4080	-	486	64422655	73723
chr11	64348932	64548932	harbor1	chr11	64440239	64440661	LTR/ERVL-MaLR	420	-	211	64440450	91518
chr11	64348932	64548932	harbor1	chr11	64372728	64373133	LTR/ERVL-MaLR	461	-	202	64372930	23998
chr11	64348932	64548932	harbor1	chr11	64421748	64422052	LTR/ERVL-MaLR	1284	-	152	64421900	72968
chr11	107909152	108109152	harbor1	chr11	107911218	107911340	LTR/ERVL-MaLR	463	-	61	107911279	2127
chr11	107909152	108109152	harbor1	chr11	107911646	107911695	LTR/ERVL-MaLR	463	-	24	107911670	2518
chr11	107909152	108109152	harbor1	chr11	107944149	107944402	LTR/ERVL-MaLR	642	-	126	107944275	35123
chr11	107909152	108109152	harbor1	chr11	107961124	107961494	LTR/ERVL-MaLR	1574	-	185	107961309	52157
chr11	107909152	108109152	harbor1	chr11	107969848	107969926	LTR/ERVL-MaLR	471	-	39	107969887	60735
chr11	5134609	5334609	harbor1	chr11	5190877	5191239	LTR/ERVL-MaLR	2344	-	181	5191058	56449
chr11	5127154	5327154	harbor1	chr11	5190877	5191239	LTR/ERVL-MaLR	2344	-	181	5191058	63904
chr11	5127316	5327316	harbor1	chr11	5190877	5191239	LTR/ERVL-MaLR	2344	-	181	5191058	63742
chr11	5131436	5331436	harbor1	chr11	5190877	5191239	LTR/ERVL-MaLR	2344	-	181	5191058	59622
chr11	5127298	5327298	harbor1	chr11	5190877	5191239	LTR/ERVL-MaLR	2344	-	181	5191058	63760
chr11	5134612	5334612	harbor1	chr11	5190877	5191239	LTR/ERVL-MaLR	2344	-	181	5191058	56446
chr11	74201768	74401768	harbor1	chr11	74230648	74230787	LTR/ERVL-MaLR	504	-	70	74230718	28950
chr11	74201768	74401768	harbor1	chr11	74246227	74246594	LTR/ERVL-MaLR	1676	-	184	74246411	44643
chr11	5134643	5334643	harbor1	chr11	5190877	5191239	LTR/ERVL-MaLR	2344	-	181	5191058	56415
chr11	43448357	43648357	harbor1	chr11	43458588	43458702	LTR/ERVL-MaLR	426	-	57	43458645	10288
chr11	43448357	43648357	harbor1	chr11	43459061	43459673	LTR/ERVL-MaLR	1879	-	306	43459367	11010
chr11	43448357	43648357	harbor1	chr11	43460027	43460558	LTR/ERVL-MaLR	1879	-	266	43460293	11936
chr11	43448357	43648357	harbor1	chr11	43460567	43461001	LTR/ERVL-MaLR	885	-	217	43460784	12427
chr11	43448357	43648357	harbor1	chr11	43476428	43476501	LTR/ERVL-MaLR	502	-	36	43476464	28107
chr11	43448357	43648357	harbor1	chr11	43476500	43477395	LTR/ERVL-MaLR	6647	-	448	43476948	28591
chr11	43448357	43648357	harbor1	chr11	43477396	43477743	LTR/ERVL-MaLR	2724	-	174	43477570	29213
chr11	43448357	43648357	harbor1	chr11	43487681	43488075	LTR/ERVL-MaLR	1943	-	197	43487878	39521
chr11	43448357	43648357	harbor1	chr11	43512805	43513068	LTR/ERVL-MaLR	440	-	132	43512937	64580
chr11	43448357	43648357	harbor1	chr11	43521066	43521417	LTR/ERVL-MaLR	2379	-	176	43521242	72885
chr11	43448357	43648357	harbor1	chr11	43526102	43526199	LTR/ERVL-MaLR	761	-	48	43526150	77793
chr11	61485519	61685519	harbor1	chr11	61498267	61498394	LTR/ERVL-MaLR	628	-	64	61498331	12812
chr11	61485519	61685519	harbor1	chr11	61498711	61499086	LTR/ERVL-MaLR	628	-	188	61498899	13380
chr11	61485519	61685519	harbor1	chr11	61501198	61501269	LTR/ERVL-MaLR	2328	-	36	61501234	15715
chr11	61485519	61685519	harbor1	chr11	61501577	61501892	LTR/ERVL-MaLR	2328	-	158	61501735	16216
chr11	61485519	61685519	harbor1	chr11	61502199	61502252	LTR/ERVL-MaLR	2328	-	26	61502225	16706
chr11	133199713	133399713	harbor1	chr11	133242359	133242758	LTR/ERVL-MaLR	1452	-	200	133242559	42846
chr11	133199713	133399713	harbor1	chr11	133249097	133249515	LTR/ERVL-MaLR	2220	-	209	133249306	49593
chr11	5127228	5327228	harbor1	chr11	5190877	5191239	LTR/ERVL-MaLR	2344	-	181	5191058	63830
chr11	5127118	5327118	harbor1	chr11	5190877	5191239	LTR/ERVL-MaLR	2344	-	181	5191058	63940
chr11	68332235	68532235	harbor1	chr11	68359058	68359299	LTR/ERVL-MaLR	858	-	120	68359178	26943
chr11	68332235	68532235	harbor1	chr11	68424572	68424931	LTR/ERVL-MaLR	868	-	180	68424752	92517
chr11	68332235	68532235	harbor1	chr11	68426366	68426421	LTR/ERVL-MaLR	1264	-	28	68426394	94159
chr11	68332235	68532235	harbor1	chr11	68426714	68427240	LTR/ERVL-MaLR	1264	-	263	68426977	94742
chr11	68332235	68532235	harbor1	chr11	68428319	68428773	LTR/ERVL-MaLR	1025	-	227	68428546	96311
chr11	69539187	69739187	harbor1	chr11	69543310	69543421	LTR/ERVL-MaLR	1059	-	56	69543366	4179
chr11	69539187	69739187	harbor1	chr11	69543835	69544159	LTR/ERVL-MaLR	1059	-	162	69543997	4810
chr11	69539187	69739187	harbor1	chr11	69557002	69557402	LTR/ERVL-MaLR	1868	-	200	69557202	18015
chr11	69539187	69739187	harbor1	chr11	69584472	69584829	LTR/ERVL-MaLR	1985	-	178	69584650	45463
chr11	69539187	69739187	harbor1	chr11	69597411	69597793	LTR/ERVL-MaLR	1003	-	191	69597602	58415
chr11	69539187	69739187	harbor1	chr11	69619633	69619989	LTR/ERVL-MaLR	2066	-	178	69619811	80624
chr11	69539187	69739187	harbor1	chr11	69628450	69628957	LTR/ERVL-MaLR	1957	-	254	69628704	89517
chr11	69539187	69739187	harbor1	chr11	69630122	69630370	LTR/ERVL-MaLR	822	-	124	69630246	91059
chr11	106965389	107165389	harbor1	chr11	107053779	107053960	LTR/ERVL-MaLR	761	-	90	107053869	88480
chr11	106965389	107165389	harbor1	chr11	107058008	107058147	LTR/ERVL-MaLR	515	-	70	107058078	92689
chr11	5127079	5327079	harbor1	chr11	5190877	5191239	LTR/ERVL-MaLR	2344	-	181	5191058	63979
chr11	61385568	61585568	harbor1	chr11	61433719	61433902	LTR/ERVL-MaLR	1076	-	92	61433811	48243
chr11	61385568	61585568	harbor1	chr11	61439099	61439545	LTR/ERVL-MaLR	1073	-	223	61439322	53754
chr11	61385568	61585568	harbor1	chr11	61462736	61462783	LTR/ERVL-MaLR	2064	-	24	61462760	77192
chr11	61385568	61585568	harbor1	chr11	61463090	61463123	LTR/ERVL-MaLR	2064	-	16	61463106	77538
chr11	61385568	61585568	harbor1	chr11	61463424	61463710	LTR/ERVL-MaLR	2064	-	143	61463567	77999
chr11	61385568	61585568	harbor1	chr11	61468101	61468401	LTR/ERVL-MaLR	1027	-	150	61468251	82683
chr11	61385568	61585568	harbor1	chr11	61468402	61468576	LTR/ERVL-MaLR	426	-	87	61468489	82921
chr11	61385568	61585568	harbor1	chr11	61470842	61471231	LTR/ERVL-MaLR	659	-	194	61471036	85468
chr11	61385568	61585568	harbor1	chr11	61471232	61471450	LTR/ERVL-MaLR	1016	-	109	61471341	85773
chr11	61385568	61585568	harbor1	chr11	61471768	61471783	LTR/ERVL-MaLR	1016	-	8	61471776	86208
chr11	61385568	61585568	harbor1	chr11	61472083	61472441	LTR/ERVL-MaLR	1016	-	179	61472262	86694
chr11	61385568	61585568	harbor1	chr11	61472606	61472711	LTR/ERVL-MaLR	1016	-	52	61472658	87090
chr11	61385568	61585568	harbor1	chr11	61473589	61473639	LTR/ERVL-MaLR	1016	-	25	61473614	88046
chr11	61385568	61585568	harbor1	chr11	61473647	61473808	LTR/ERVL-MaLR	478	-	80	61473727	88159
chr11	5127261	5327261	harbor1	chr11	5190877	5191239	LTR/ERVL-MaLR	2344	-	181	5191058	63797
chr11	5127282	5327282	harbor1	chr11	5190877	5191239	LTR/ERVL-MaLR	2344	-	181	5191058	63776
chr11	45786319	45986319	harbor1	chr11	45796616	45797069	LTR/ERVL-MaLR	1666	-	226	45796842	10523
chr11	45786319	45986319	harbor1	chr11	45798431	45798826	LTR/ERVL-MaLR	2388	-	198	45798629	12310
chr11	45786319	45986319	harbor1	chr11	45799305	45799667	LTR/ERVL-MaLR	544	-	181	45799486	13167
chr11	45786319	45986319	harbor1	chr11	45801235	45801451	LTR/ERVL-MaLR	724	-	108	45801343	15024
chr11	45786319	45986319	harbor1	chr11	45801826	45801984	LTR/ERVL-MaLR	724	-	79	45801905	15586
chr11	45786319	45986319	harbor1	chr11	45812409	45812738	LTR/ERVL-MaLR	1605	-	164	45812573	26254
chr11	45786319	45986319	harbor1	chr11	45813938	45814011	LTR/ERVL-MaLR	847	-	36	45813974	27655
chr11	45786319	45986319	harbor1	chr11	45814302	45814445	LTR/ERVL-MaLR	847	-	72	45814374	28055
chr11	45786319	45986319	harbor1	chr11	45814722	45814818	LTR/ERVL-MaLR	425	-	48	45814770	28451
chr11	45786319	45986319	harbor1	chr11	45815639	45815767	LTR/ERVL-MaLR	618	-	64	45815703	29384
chr11	45786319	45986319	harbor1	chr11	45819054	45819569	LTR/ERVL-MaLR	1464	-	258	45819312	32993
chr11	45786319	45986319	harbor1	chr11	45819575	45819938	LTR/ERVL-MaLR	2104	-	182	45819757	33438
chr11	45786319	45986319	harbor1	chr11	45840703	45840943	LTR/ERVL-MaLR	1925	-	120	45840823	54504
chr11	45786319	45986319	harbor1	chr11	45841239	45841394	LTR/ERVL-MaLR	1925	-	78	45841317	54998
chr11	45786319	45986319	harbor1	chr11	45863600	45863892	LTR/ERVL-MaLR	855	-	146	45863746	77427
chr11	45786319	45986319	harbor1	chr11	45879722	45880108	LTR/ERVL-MaLR	2532	-	193	45879915	93596
chr11	10653639	10853639	harbor1	chr11	10661378	10661889	LTR/ERVL-MaLR	2546	-	256	10661634	7995
chr11	10653639	10853639	harbor1	chr11	10725650	10725902	LTR/ERVL-MaLR	1573	-	126	10725776	72137
chr11	10653639	10853639	harbor1	chr11	10726003	10726060	LTR/ERVL-MaLR	1573	-	28	10726031	72392
chr11	103833171	104033171	harbor1	chr11	103836831	103837204	LTR/ERVL-MaLR	2130	-	186	103837017	3846
chr11	103833171	104033171	harbor1	chr11	103850135	103850714	LTR/ERVL-MaLR	1656	-	290	103850425	17254
chr11	103833171	104033171	harbor1	chr11	103852760	103853150	LTR/ERVL-MaLR	974	-	195	103852955	19784
chr11	103833171	104033171	harbor1	chr11	103861377	103861738	LTR/ERVL-MaLR	1991	-	180	103861557	28386
chr11	103833171	104033171	harbor1	chr11	103879801	103879998	LTR/ERVL-MaLR	1235	-	98	103879899	46728
chr11	103833171	104033171	harbor1	chr11	103880051	103880238	LTR/ERVL-MaLR	1235	-	94	103880145	46974
chr11	103833171	104033171	harbor1	chr11	103889885	103890110	LTR/ERVL-MaLR	1617	-	112	103889997	56826
chr11	103833171	104033171	harbor1	chr11	103890474	103890606	LTR/ERVL-MaLR	1617	-	66	103890540	57369
chr11	103833171	104033171	harbor1	chr11	103895247	103895541	LTR/ERVL-MaLR	417	-	147	103895394	62223
chr11	5127153	5327153	harbor1	chr11	5190877	5191239	LTR/ERVL-MaLR	2344	-	181	5191058	63905
chr11	47086439	47286439	harbor1	chr11	47087736	47088240	LTR/ERVL-MaLR	2029	-	252	47087988	1549
chr11	47086439	47286439	harbor1	chr11	47138056	47138417	LTR/ERVL-MaLR	2078	-	180	47138236	51797
chr11	5127126	5327126	harbor1	chr11	5190877	5191239	LTR/ERVL-MaLR	2344	-	181	5191058	63932
chr11	69539232	69739232	harbor1	chr11	69543310	69543421	LTR/ERVL-MaLR	1059	-	56	69543366	4134
chr11	69539232	69739232	harbor1	chr11	69543835	69544159	LTR/ERVL-MaLR	1059	-	162	69543997	4765
chr11	69539232	69739232	harbor1	chr11	69557002	69557402	LTR/ERVL-MaLR	1868	-	200	69557202	17970
chr11	69539232	69739232	harbor1	chr11	69584472	69584829	LTR/ERVL-MaLR	1985	-	178	69584650	45418
chr11	69539232	69739232	harbor1	chr11	69597411	69597793	LTR/ERVL-MaLR	1003	-	191	69597602	58370
chr11	69539232	69739232	harbor1	chr11	69619633	69619989	LTR/ERVL-MaLR	2066	-	178	69619811	80579
chr11	69539232	69739232	harbor1	chr11	69628450	69628957	LTR/ERVL-MaLR	1957	-	254	69628704	89472
chr11	69539232	69739232	harbor1	chr11	69630122	69630370	LTR/ERVL-MaLR	822	-	124	69630246	91014
chr11	5029745	5229745	harbor1	chr11	5033015	5033098	LTR/ERVL-MaLR	412	-	42	5033057	3312
chr11	5029745	5229745	harbor1	chr11	5043160	5043548	LTR/ERVL-MaLR	2068	-	194	5043354	13609
chr11	5127166	5327166	harbor1	chr11	5190877	5191239	LTR/ERVL-MaLR	2344	-	181	5191058	63892
chr11	2054516	2254516	harbor1	chr11	2091684	2091917	LTR/ERVL-MaLR	577	-	116	2091800	37284
chr11	2054516	2254516	harbor1	chr11	2107942	2108434	LTR/ERVL-MaLR	1324	-	246	2108188	53672
chr11	5125272	5325272	harbor1	chr11	5190877	5191239	LTR/ERVL-MaLR	2344	-	181	5191058	65786
chr11	5126765	5326765	harbor1	chr11	5190877	5191239	LTR/ERVL-MaLR	2344	-	181	5191058	64293
chr11	5132426	5332426	harbor1	chr11	5190877	5191239	LTR/ERVL-MaLR	2344	-	181	5191058	58632
chr11	65109998	65309998	harbor1	chr11	65156929	65157145	LTR/ERVL-MaLR	1790	-	108	65157037	47039
chr11	65109998	65309998	harbor1	chr11	65157449	65157717	LTR/ERVL-MaLR	1790	-	134	65157583	47585
chr11	65109998	65309998	harbor1	chr11	65158357	65158423	LTR/ERVL-MaLR	1663	-	33	65158390	48392
chr11	65109998	65309998	harbor1	chr11	65158727	65158954	LTR/ERVL-MaLR	1663	-	114	65158841	48843
chr11	65109998	65309998	harbor1	chr11	65160564	65160644	LTR/ERVL-MaLR	450	-	40	65160604	50606
chr11	65109998	65309998	harbor1	chr11	65159121	65159212	LTR/ERVL-MaLR	1663	-	46	65159167	49169
chr11	5127151	5327151	harbor1	chr11	5190877	5191239	LTR/ERVL-MaLR	2344	-	181	5191058	63907
chr11	5127128	5327128	harbor1	chr11	5190877	5191239	LTR/ERVL-MaLR	2344	-	181	5191058	63930
chr11	69539231	69739231	harbor1	chr11	69543310	69543421	LTR/ERVL-MaLR	1059	-	56	69543366	4135
chr11	69539231	69739231	harbor1	chr11	69543835	69544159	LTR/ERVL-MaLR	1059	-	162	69543997	4766
chr11	69539231	69739231	harbor1	chr11	69557002	69557402	LTR/ERVL-MaLR	1868	-	200	69557202	17971
chr11	69539231	69739231	harbor1	chr11	69584472	69584829	LTR/ERVL-MaLR	1985	-	178	69584650	45419
chr11	69539231	69739231	harbor1	chr11	69597411	69597793	LTR/ERVL-MaLR	1003	-	191	69597602	58371
chr11	69539231	69739231	harbor1	chr11	69619633	69619989	LTR/ERVL-MaLR	2066	-	178	69619811	80580
chr11	69539231	69739231	harbor1	chr11	69628450	69628957	LTR/ERVL-MaLR	1957	-	254	69628704	89473
chr11	69539231	69739231	harbor1	chr11	69630122	69630370	LTR/ERVL-MaLR	822	-	124	69630246	91015
chr11	19964004	20164004	harbor1	chr11	19965707	19966276	LTR/ERVL-MaLR	1623	-	284	19965991	1987
chr11	19964004	20164004	harbor1	chr11	19993173	19993532	LTR/ERVL-MaLR	1349	-	180	19993353	29349
chr11	19964004	20164004	harbor1	chr11	20001913	20002248	LTR/ERVL-MaLR	1519	-	168	20002081	38077
chr11	19964004	20164004	harbor1	chr11	20031516	20031707	LTR/ERVL-MaLR	585	-	96	20031612	67608
chr11	5134590	5334590	harbor1	chr11	5190877	5191239	LTR/ERVL-MaLR	2344	-	181	5191058	56468
chr11	76580343	76780343	harbor1	chr11	76602908	76603252	LTR/ERVL-MaLR	1761	-	172	76603080	22737
chr11	76580343	76780343	harbor1	chr11	76625730	76626275	LTR/ERVL-MaLR	1262	-	272	76626002	45659
chr11	5134611	5334611	harbor1	chr11	5190877	5191239	LTR/ERVL-MaLR	2344	-	181	5191058	56447
chr11	108021604	108221604	harbor1	chr11	108048435	108048647	LTR/ERVL-MaLR	522	-	106	108048541	26937
chr11	108021604	108221604	harbor1	chr11	108061726	108062093	LTR/ERVL-MaLR	1826	-	184	108061910	40306
chr11	108021604	108221604	harbor1	chr11	108095201	108095383	LTR/ERVL-MaLR	415	-	91	108095292	73688
chr11	108021604	108221604	harbor1	chr11	108114175	108114603	LTR/ERVL-MaLR	1376	-	214	108114389	92785
chr11	108021604	108221604	harbor1	chr11	108114618	108114900	LTR/ERVL-MaLR	965	-	141	108114759	93155
chr11	108021604	108221604	harbor1	chr11	108115235	108115813	LTR/ERVL-MaLR	2323	-	289	108115524	93920
chr11	108021604	108221604	harbor1	chr11	108116252	108116330	LTR/ERVL-MaLR	2323	-	39	108116291	94687
chr11	108021604	108221604	harbor1	chr11	108120555	108120744	LTR/ERVL-MaLR	819	-	94	108120649	99045
chr11	126625737	126825737	harbor1	chr11	126648905	126649258	LTR/ERVL-MaLR	2284	-	176	126649081	23344
chr11	126625737	126825737	harbor1	chr11	126649259	126650812	LTR/ERVL-MaLR	11719	-	776	126650035	24298
chr11	126625737	126825737	harbor1	chr11	126650813	126651166	LTR/ERVL-MaLR	2420	-	176	126650989	25252
chr11	126625737	126825737	harbor1	chr11	126662378	126662753	LTR/ERVL-MaLR	1527	-	188	126662566	36829
chr11	126625737	126825737	harbor1	chr11	126668070	126668416	LTR/ERVL-MaLR	1980	-	173	126668243	42506
chr11	63739535	63939535	harbor1	chr11	63777150	63777642	LTR/ERVL-MaLR	806	-	246	63777396	37861
chr11	63739535	63939535	harbor1	chr11	63778879	63779349	LTR/ERVL-MaLR	530	-	235	63779114	39579
chr11	63739535	63939535	harbor1	chr11	63821068	63821490	LTR/ERVL-MaLR	1723	-	211	63821279	81744
chr11	5127270	5327270	harbor1	chr11	5190877	5191239	LTR/ERVL-MaLR	2344	-	181	5191058	63788
chr11	2054542	2254542	harbor1	chr11	2091684	2091917	LTR/ERVL-MaLR	577	-	116	2091800	37258
chr11	2054542	2254542	harbor1	chr11	2107942	2108434	LTR/ERVL-MaLR	1324	-	246	2108188	53646
chr11	360421	560421	harbor1	chr11	382758	382858	LTR/ERVL-MaLR	1553	-	50	382808	22387
chr11	360421	560421	harbor1	chr11	383078	383429	LTR/ERVL-MaLR	1553	-	176	383254	22833
chr11	360421	560421	harbor1	chr11	443194	443251	LTR/ERVL-MaLR	936	-	28	443222	82801
chr11	360421	560421	harbor1	chr11	443555	443753	LTR/ERVL-MaLR	936	-	99	443654	83233
chr11	360421	560421	harbor1	chr11	360409	360544	LTR/ERVL-MaLR	563	-	68	360477	56
chr11	65476370	65676370	harbor1	chr11	65519782	65519799	LTR/ERVL-MaLR	414	-	8	65519790	43420
chr11	65476370	65676370	harbor1	chr11	65520097	65520162	LTR/ERVL-MaLR	414	-	32	65520129	43759
chr11	5134672	5334672	harbor1	chr11	5190877	5191239	LTR/ERVL-MaLR	2344	-	181	5191058	56386
chr11	5134217	5334217	harbor1	chr11	5190877	5191239	LTR/ERVL-MaLR	2344	-	181	5191058	56841
chr11	5134433	5334433	harbor1	chr11	5190877	5191239	LTR/ERVL-MaLR	2344	-	181	5191058	56625
chr11	57399763	57599763	harbor1	chr11	57420100	57420423	LTR/ERVL-MaLR	714	-	162	57420262	20499
chr11	57399763	57599763	harbor1	chr11	57447425	57447492	LTR/ERVL-MaLR	434	-	34	57447459	47696
chr11	57399763	57599763	harbor1	chr11	57448364	57448538	LTR/ERVL-MaLR	995	-	87	57448451	48688
chr11	57399763	57599763	harbor1	chr11	57448842	57448870	LTR/ERVL-MaLR	995	-	14	57448856	49093
chr11	3008641	3208641	harbor1	chr11	3034834	3035197	LTR/ERVL-MaLR	1995	-	182	3035016	26375
chr11	3008641	3208641	harbor1	chr11	3063947	3064671	LTR/ERVL-MaLR	4901	-	362	3064309	55668
chr11	3008641	3208641	harbor1	chr11	3064673	3064800	LTR/ERVL-MaLR	953	-	64	3064737	56096
chr11	3008641	3208641	harbor1	chr11	3064892	3065124	LTR/ERVL-MaLR	1315	-	116	3065008	56367
chr11	3008641	3208641	harbor1	chr11	3069490	3069834	LTR/ERVL-MaLR	1707	-	172	3069662	61021
chr11	461170	661170	harbor1	chr11	466196	466399	LTR/ERVL-MaLR	2047	-	102	466298	5128
chr11	461170	661170	harbor1	chr11	466709	466869	LTR/ERVL-MaLR	2047	-	80	466789	5619
chr11	5132683	5332683	harbor1	chr11	5190877	5191239	LTR/ERVL-MaLR	2344	-	181	5191058	58375
chr11	5128063	5328063	harbor1	chr11	5190877	5191239	LTR/ERVL-MaLR	2344	-	181	5191058	62995
chr11	76580230	76780230	harbor1	chr11	76602908	76603252	LTR/ERVL-MaLR	1761	-	172	76603080	22850
chr11	76580230	76780230	harbor1	chr11	76625730	76626275	LTR/ERVL-MaLR	1262	-	272	76626002	45772
chr11	108021628	108221628	harbor1	chr11	108048435	108048647	LTR/ERVL-MaLR	522	-	106	108048541	26913
chr11	108021628	108221628	harbor1	chr11	108061726	108062093	LTR/ERVL-MaLR	1826	-	184	108061910	40282
chr11	108021628	108221628	harbor1	chr11	108095201	108095383	LTR/ERVL-MaLR	415	-	91	108095292	73664
chr11	108021628	108221628	harbor1	chr11	108114175	108114603	LTR/ERVL-MaLR	1376	-	214	108114389	92761
chr11	108021628	108221628	harbor1	chr11	108114618	108114900	LTR/ERVL-MaLR	965	-	141	108114759	93131
chr11	108021628	108221628	harbor1	chr11	108115235	108115813	LTR/ERVL-MaLR	2323	-	289	108115524	93896
chr11	108021628	108221628	harbor1	chr11	108116252	108116330	LTR/ERVL-MaLR	2323	-	39	108116291	94663
chr11	108021628	108221628	harbor1	chr11	108120555	108120744	LTR/ERVL-MaLR	819	-	94	108120649	99021
chr11	11317231	11517231	harbor1	chr11	11322742	11323105	LTR/ERVL-MaLR	1310	-	182	11322924	5693
chr11	11317231	11517231	harbor1	chr11	11323106	11323785	LTR/ERVL-MaLR	2192	-	340	11323446	6215
chr11	11317231	11517231	harbor1	chr11	11323781	11323952	LTR/ERVL-MaLR	591	-	86	11323867	6636
chr11	11317231	11517231	harbor1	chr11	11369175	11369620	LTR/ERVL-MaLR	1456	-	222	11369397	52166
chr11	11317231	11517231	harbor1	chr11	11384264	11384601	LTR/ERVL-MaLR	1044	-	168	11384432	67201
chr11	11317231	11517231	harbor1	chr11	11384917	11385298	LTR/ERVL-MaLR	2643	-	190	11385107	67876
chr11	11317231	11517231	harbor1	chr11	11385595	11385652	LTR/ERVL-MaLR	2643	-	28	11385623	68392
chr11	11317231	11517231	harbor1	chr11	11400485	11400708	LTR/ERVL-MaLR	1307	-	112	11400597	83366
chr11	11317231	11517231	harbor1	chr11	11414769	11415369	LTR/ERVL-MaLR	2156	-	300	11415069	97838
chr11	108021537	108221537	harbor1	chr11	108048435	108048647	LTR/ERVL-MaLR	522	-	106	108048541	27004
chr11	108021537	108221537	harbor1	chr11	108061726	108062093	LTR/ERVL-MaLR	1826	-	184	108061910	40373
chr11	108021537	108221537	harbor1	chr11	108095201	108095383	LTR/ERVL-MaLR	415	-	91	108095292	73755
chr11	108021537	108221537	harbor1	chr11	108114175	108114603	LTR/ERVL-MaLR	1376	-	214	108114389	92852
chr11	108021537	108221537	harbor1	chr11	108114618	108114900	LTR/ERVL-MaLR	965	-	141	108114759	93222
chr11	108021537	108221537	harbor1	chr11	108115235	108115813	LTR/ERVL-MaLR	2323	-	289	108115524	93987
chr11	108021537	108221537	harbor1	chr11	108116252	108116330	LTR/ERVL-MaLR	2323	-	39	108116291	94754
chr11	108021537	108221537	harbor1	chr11	108120555	108120744	LTR/ERVL-MaLR	819	-	94	108120649	99112
chr11	5127315	5327315	harbor1	chr11	5190877	5191239	LTR/ERVL-MaLR	2344	-	181	5191058	63743
chr11	5126814	5326814	harbor1	chr11	5190877	5191239	LTR/ERVL-MaLR	2344	-	181	5191058	64244
chr11	68332149	68532149	harbor1	chr11	68359058	68359299	LTR/ERVL-MaLR	858	-	120	68359178	27029
chr11	68332149	68532149	harbor1	chr11	68424572	68424931	LTR/ERVL-MaLR	868	-	180	68424752	92603
chr11	68332149	68532149	harbor1	chr11	68426366	68426421	LTR/ERVL-MaLR	1264	-	28	68426394	94245
chr11	68332149	68532149	harbor1	chr11	68426714	68427240	LTR/ERVL-MaLR	1264	-	263	68426977	94828
chr11	68332149	68532149	harbor1	chr11	68428319	68428773	LTR/ERVL-MaLR	1025	-	227	68428546	96397
chr11	3991985	4191985	harbor1	chr11	4022666	4023045	LTR/ERVL-MaLR	1020	-	190	4022856	30871
chr11	3991985	4191985	harbor1	chr11	4050083	4050377	LTR/ERVL-MaLR	827	-	147	4050230	58245
chr11	2952012	3152012	harbor1	chr11	3034834	3035197	LTR/ERVL-MaLR	1995	-	182	3035016	83004
chr11	111440845	111640845	harbor1	chr11	111463633	111464007	LTR/ERVL-MaLR	2831	-	187	111463820	22975
chr11	111440845	111640845	harbor1	chr11	111464299	111464468	LTR/ERVL-MaLR	2831	-	84	111464383	23538
chr11	111440845	111640845	harbor1	chr11	111475743	111476108	LTR/ERVL-MaLR	2406	-	182	111475925	35080
chr11	111440845	111640845	harbor1	chr11	111537933	111538098	LTR/ERVL-MaLR	508	-	82	111538015	97170
chr11	111440845	111640845	harbor1	chr11	111538851	111539056	LTR/ERVL-MaLR	655	-	102	111538953	98108
chr11	5127068	5327068	harbor1	chr11	5190877	5191239	LTR/ERVL-MaLR	2344	-	181	5191058	63990
chr11	66158730	66358730	harbor1	chr11	66190968	66191458	LTR/ERVL-MaLR	2350	-	245	66191213	32483
chr11	3928045	4128045	harbor1	chr11	3945722	3946122	LTR/ERVL-MaLR	2292	-	200	3945922	17877
chr11	3928045	4128045	harbor1	chr11	4022666	4023045	LTR/ERVL-MaLR	1020	-	190	4022856	94811
chr11	72122635	72322635	harbor1	chr11	72123374	72123798	LTR/ERVL-MaLR	1912	-	212	72123586	951
chr11	72122635	72322635	harbor1	chr11	72132967	72133099	LTR/ERVL-MaLR	495	-	66	72133033	10398
chr11	72122635	72322635	harbor1	chr11	72198688	72198898	LTR/ERVL-MaLR	464	-	105	72198793	76158
chr11	2055751	2255751	harbor1	chr11	2091684	2091917	LTR/ERVL-MaLR	577	-	116	2091800	36049
chr11	2055751	2255751	harbor1	chr11	2107942	2108434	LTR/ERVL-MaLR	1324	-	246	2108188	52437
chr11	2205456	2405456	harbor1	chr11	2207431	2207669	LTR/ERVL-MaLR	591	-	119	2207550	2094
chr11	2205456	2405456	harbor1	chr11	2218605	2219023	LTR/ERVL-MaLR	2689	-	209	2218814	13358
chr11	2205456	2405456	harbor1	chr11	2219029	2220589	LTR/ERVL-MaLR	7209	-	780	2219809	14353
chr11	2205456	2405456	harbor1	chr11	2220590	2221017	LTR/ERVL-MaLR	2950	-	214	2220804	15348
chr11	2205456	2405456	harbor1	chr11	2240418	2240838	LTR/ERVL-MaLR	2620	-	210	2240628	35172
chr11	2205456	2405456	harbor1	chr11	2297733	2298125	LTR/ERVL-MaLR	1408	-	196	2297929	92473
chr11	404117	604117	harbor1	chr11	443194	443251	LTR/ERVL-MaLR	936	-	28	443222	39105
chr11	404117	604117	harbor1	chr11	443555	443753	LTR/ERVL-MaLR	936	-	99	443654	39537
chr11	404117	604117	harbor1	chr11	466196	466399	LTR/ERVL-MaLR	2047	-	102	466298	62181
chr11	404117	604117	harbor1	chr11	466709	466869	LTR/ERVL-MaLR	2047	-	80	466789	62672
chr11	5127332	5327332	harbor1	chr11	5190877	5191239	LTR/ERVL-MaLR	2344	-	181	5191058	63726
chr11	68332104	68532104	harbor1	chr11	68359058	68359299	LTR/ERVL-MaLR	858	-	120	68359178	27074
chr11	68332104	68532104	harbor1	chr11	68424572	68424931	LTR/ERVL-MaLR	868	-	180	68424752	92648
chr11	68332104	68532104	harbor1	chr11	68426366	68426421	LTR/ERVL-MaLR	1264	-	28	68426394	94290
chr11	68332104	68532104	harbor1	chr11	68426714	68427240	LTR/ERVL-MaLR	1264	-	263	68426977	94873
chr11	68332104	68532104	harbor1	chr11	68428319	68428773	LTR/ERVL-MaLR	1025	-	227	68428546	96442
chr11	47452681	47652681	harbor1	chr11	47539803	47540083	LTR/ERVL-MaLR	693	-	140	47539943	87262
chr11	61396733	61596733	harbor1	chr11	61433719	61433902	LTR/ERVL-MaLR	1076	-	92	61433811	37078
chr11	61396733	61596733	harbor1	chr11	61439099	61439545	LTR/ERVL-MaLR	1073	-	223	61439322	42589
chr11	61396733	61596733	harbor1	chr11	61462736	61462783	LTR/ERVL-MaLR	2064	-	24	61462760	66027
chr11	61396733	61596733	harbor1	chr11	61463090	61463123	LTR/ERVL-MaLR	2064	-	16	61463106	66373
chr11	61396733	61596733	harbor1	chr11	61463424	61463710	LTR/ERVL-MaLR	2064	-	143	61463567	66834
chr11	61396733	61596733	harbor1	chr11	61468101	61468401	LTR/ERVL-MaLR	1027	-	150	61468251	71518
chr11	61396733	61596733	harbor1	chr11	61468402	61468576	LTR/ERVL-MaLR	426	-	87	61468489	71756
chr11	61396733	61596733	harbor1	chr11	61470842	61471231	LTR/ERVL-MaLR	659	-	194	61471036	74303
chr11	61396733	61596733	harbor1	chr11	61471232	61471450	LTR/ERVL-MaLR	1016	-	109	61471341	74608
chr11	61396733	61596733	harbor1	chr11	61471768	61471783	LTR/ERVL-MaLR	1016	-	8	61471776	75043
chr11	61396733	61596733	harbor1	chr11	61472083	61472441	LTR/ERVL-MaLR	1016	-	179	61472262	75529
chr11	61396733	61596733	harbor1	chr11	61472606	61472711	LTR/ERVL-MaLR	1016	-	52	61472658	75925
chr11	61396733	61596733	harbor1	chr11	61473589	61473639	LTR/ERVL-MaLR	1016	-	25	61473614	76881
chr11	61396733	61596733	harbor1	chr11	61473647	61473808	LTR/ERVL-MaLR	478	-	80	61473727	76994
chr11	5134553	5334553	harbor1	chr11	5190877	5191239	LTR/ERVL-MaLR	2344	-	181	5191058	56505
chr11	5126802	5326802	harbor1	chr11	5190877	5191239	LTR/ERVL-MaLR	2344	-	181	5191058	64256
chr11	2054500	2254500	harbor1	chr11	2091684	2091917	LTR/ERVL-MaLR	577	-	116	2091800	37300
chr11	2054500	2254500	harbor1	chr11	2107942	2108434	LTR/ERVL-MaLR	1324	-	246	2108188	53688
chr11	6201425	6401425	harbor1	chr11	6236763	6237192	LTR/ERVL-MaLR	1591	-	214	6236977	35552
chr11	6201425	6401425	harbor1	chr11	6243191	6243590	LTR/ERVL-MaLR	2292	-	200	6243391	41966
chr11	6201425	6401425	harbor1	chr11	6247615	6247635	LTR/ERVL-MaLR	1785	-	10	6247625	46200
chr11	6201425	6401425	harbor1	chr11	6247665	6248149	LTR/ERVL-MaLR	1785	-	242	6247907	46482
chr11	6201425	6401425	harbor1	chr11	6253413	6253764	LTR/ERVL-MaLR	1137	-	176	6253589	52164
chr11	6201425	6401425	harbor1	chr11	6254308	6254608	LTR/ERVL-MaLR	624	-	150	6254458	53033
chr11	6201425	6401425	harbor1	chr11	6256254	6256893	LTR/ERVL-MaLR	1398	-	320	6256574	55149
chr11	2487118	2687118	harbor1	chr11	2536750	2537148	LTR/ERVL-MaLR	1029	-	199	2536949	49831
chr11	2487118	2687118	harbor1	chr11	2556025	2556368	LTR/ERVL-MaLR	1287	-	172	2556197	69079
chr11	2487118	2687118	harbor1	chr11	2557474	2557618	LTR/ERVL-MaLR	454	-	72	2557546	70428
chr11	2487118	2687118	harbor1	chr11	2575816	2576179	LTR/ERVL-MaLR	442	-	182	2575998	88880
chr11	106091678	106291678	harbor1	chr11	106108037	106108422	LTR/ERVL-MaLR	2109	-	192	106108229	16551
chr11	106091678	106291678	harbor1	chr11	106135327	106135546	LTR/ERVL-MaLR	552	-	110	106135437	43759
chr11	106091678	106291678	harbor1	chr11	106165082	106166125	LTR/ERVL-MaLR	4512	-	522	106165604	73926
chr11	106091678	106291678	harbor1	chr11	106166127	106166491	LTR/ERVL-MaLR	1950	-	182	106166309	74631
chr11	117886589	118086589	harbor1	chr11	117980583	117980969	LTR/ERVL-MaLR	814	-	193	117980776	94187
chr11	5134020	5334020	harbor1	chr11	5190877	5191239	LTR/ERVL-MaLR	2344	-	181	5191058	57038
chr11	67891296	68091296	harbor1	chr11	67894327	67894401	LTR/ERVL-MaLR	885	-	37	67894364	3068
chr11	67891296	68091296	harbor1	chr11	67894700	67894955	LTR/ERVL-MaLR	885	-	128	67894828	3532
chr11	67891296	68091296	harbor1	chr11	67897400	67897978	LTR/ERVL-MaLR	1656	-	289	67897689	6393
chr11	67891296	68091296	harbor1	chr11	67910505	67910862	LTR/ERVL-MaLR	2197	-	178	67910683	19387
chr11	67891296	68091296	harbor1	chr11	67912415	67912766	LTR/ERVL-MaLR	2010	-	176	67912591	21295
chr11	67891296	68091296	harbor1	chr11	67931583	67931872	LTR/ERVL-MaLR	644	-	144	67931727	40431
chr11	67891296	68091296	harbor1	chr11	67987290	67987411	LTR/ERVL-MaLR	487	-	60	67987350	96054
chr11	67891296	68091296	harbor1	chr11	67910863	67912414	LTR/ERVL-MaLR	10935	-	776	67911639	20343
chr11	5127223	5327223	harbor1	chr11	5190877	5191239	LTR/ERVL-MaLR	2344	-	181	5191058	63835
chr11	76517780	76717780	harbor1	chr11	76527794	76527958	LTR/ERVL-MaLR	519	-	82	76527876	10096
chr11	76517780	76717780	harbor1	chr11	76602908	76603252	LTR/ERVL-MaLR	1761	-	172	76603080	85300
chr11	70722515	70922515	harbor1	chr11	70757832	70757965	LTR/ERVL-MaLR	1379	-	66	70757898	35383
chr11	70722515	70922515	harbor1	chr11	70758681	70758803	LTR/ERVL-MaLR	1379	-	61	70758742	36227
chr11	70722515	70922515	harbor1	chr11	70760404	70760606	LTR/ERVL-MaLR	1379	-	101	70760505	37990
chr11	76581027	76781027	harbor1	chr11	76602908	76603252	LTR/ERVL-MaLR	1761	-	172	76603080	22053
chr11	76581027	76781027	harbor1	chr11	76625730	76626275	LTR/ERVL-MaLR	1262	-	272	76626002	44975
chr11	111440865	111640865	harbor1	chr11	111463633	111464007	LTR/ERVL-MaLR	2831	-	187	111463820	22955
chr11	111440865	111640865	harbor1	chr11	111464299	111464468	LTR/ERVL-MaLR	2831	-	84	111464383	23518
chr11	111440865	111640865	harbor1	chr11	111475743	111476108	LTR/ERVL-MaLR	2406	-	182	111475925	35060
chr11	111440865	111640865	harbor1	chr11	111537933	111538098	LTR/ERVL-MaLR	508	-	82	111538015	97150
chr11	111440865	111640865	harbor1	chr11	111538851	111539056	LTR/ERVL-MaLR	655	-	102	111538953	98088
chr11	120126957	120326957	harbor1	chr11	120154015	120154462	LTR/ERVL-MaLR	2434	-	224	120154239	27282
chr11	120126957	120326957	harbor1	chr11	120157532	120157626	LTR/ERVL-MaLR	522	-	47	120157579	30622
chr11	5129651	5329651	harbor1	chr11	5190877	5191239	LTR/ERVL-MaLR	2344	-	181	5191058	61407
chr11	7991379	8191379	harbor1	chr11	8007676	8007764	LTR/ERVL-MaLR	458	-	44	8007720	16341
chr11	7991379	8191379	harbor1	chr11	8014327	8014392	LTR/ERVL-MaLR	2017	-	32	8014359	22980
chr11	7991379	8191379	harbor1	chr11	8014682	8014971	LTR/ERVL-MaLR	2017	-	144	8014826	23447
chr11	7991379	8191379	harbor1	chr11	8016480	8016939	LTR/ERVL-MaLR	2005	-	230	8016710	25331
chr11	7991379	8191379	harbor1	chr11	8022543	8022607	LTR/ERVL-MaLR	503	-	32	8022575	31196
chr11	7991379	8191379	harbor1	chr11	8022922	8023359	LTR/ERVL-MaLR	1415	-	218	8023140	31761
chr11	64141102	64341102	harbor1	chr11	64168366	64168847	LTR/ERVL-MaLR	1668	-	240	64168606	27504
chr11	64141102	64341102	harbor1	chr11	64173717	64173970	LTR/ERVL-MaLR	445	-	126	64173843	32741
chr11	64141102	64341102	harbor1	chr11	64179304	64179824	LTR/ERVL-MaLR	1516	-	260	64179564	38462
chr11	2054484	2254484	harbor1	chr11	2091684	2091917	LTR/ERVL-MaLR	577	-	116	2091800	37316
chr11	2054484	2254484	harbor1	chr11	2107942	2108434	LTR/ERVL-MaLR	1324	-	246	2108188	53704
chr11	70734542	70934542	harbor1	chr11	70757832	70757965	LTR/ERVL-MaLR	1379	-	66	70757898	23356
chr11	70734542	70934542	harbor1	chr11	70758681	70758803	LTR/ERVL-MaLR	1379	-	61	70758742	24200
chr11	70734542	70934542	harbor1	chr11	70760404	70760606	LTR/ERVL-MaLR	1379	-	101	70760505	25963
chr11	47086441	47286441	harbor1	chr11	47087736	47088240	LTR/ERVL-MaLR	2029	-	252	47087988	1547
chr11	47086441	47286441	harbor1	chr11	47138056	47138417	LTR/ERVL-MaLR	2078	-	180	47138236	51795
chr11	5127218	5327218	harbor1	chr11	5190877	5191239	LTR/ERVL-MaLR	2344	-	181	5191058	63840
chr11	57374327	57574327	harbor1	chr11	57420100	57420423	LTR/ERVL-MaLR	714	-	162	57420262	45935
chr11	57374327	57574327	harbor1	chr11	57447425	57447492	LTR/ERVL-MaLR	434	-	34	57447459	73132
chr11	57374327	57574327	harbor1	chr11	57448364	57448538	LTR/ERVL-MaLR	995	-	87	57448451	74124
chr11	57374327	57574327	harbor1	chr11	57448842	57448870	LTR/ERVL-MaLR	995	-	14	57448856	74529
chr11	65476352	65676352	harbor1	chr11	65519782	65519799	LTR/ERVL-MaLR	414	-	8	65519790	43438
chr11	65476352	65676352	harbor1	chr11	65520097	65520162	LTR/ERVL-MaLR	414	-	32	65520129	43777
chr11	5126735	5326735	harbor1	chr11	5190877	5191239	LTR/ERVL-MaLR	2344	-	181	5191058	64323
chr11	461101	661101	harbor1	chr11	466196	466399	LTR/ERVL-MaLR	2047	-	102	466298	5197
chr11	461101	661101	harbor1	chr11	466709	466869	LTR/ERVL-MaLR	2047	-	80	466789	5688
chr11	76566217	76766217	harbor1	chr11	76602908	76603252	LTR/ERVL-MaLR	1761	-	172	76603080	36863
chr11	76566217	76766217	harbor1	chr11	76625730	76626275	LTR/ERVL-MaLR	1262	-	272	76626002	59785
chr11	61396083	61596083	harbor1	chr11	61433719	61433902	LTR/ERVL-MaLR	1076	-	92	61433811	37728
chr11	61396083	61596083	harbor1	chr11	61439099	61439545	LTR/ERVL-MaLR	1073	-	223	61439322	43239
chr11	61396083	61596083	harbor1	chr11	61462736	61462783	LTR/ERVL-MaLR	2064	-	24	61462760	66677
chr11	61396083	61596083	harbor1	chr11	61463090	61463123	LTR/ERVL-MaLR	2064	-	16	61463106	67023
chr11	61396083	61596083	harbor1	chr11	61463424	61463710	LTR/ERVL-MaLR	2064	-	143	61463567	67484
chr11	61396083	61596083	harbor1	chr11	61468101	61468401	LTR/ERVL-MaLR	1027	-	150	61468251	72168
chr11	61396083	61596083	harbor1	chr11	61468402	61468576	LTR/ERVL-MaLR	426	-	87	61468489	72406
chr11	61396083	61596083	harbor1	chr11	61470842	61471231	LTR/ERVL-MaLR	659	-	194	61471036	74953
chr11	61396083	61596083	harbor1	chr11	61471232	61471450	LTR/ERVL-MaLR	1016	-	109	61471341	75258
chr11	61396083	61596083	harbor1	chr11	61471768	61471783	LTR/ERVL-MaLR	1016	-	8	61471776	75693
chr11	61396083	61596083	harbor1	chr11	61472083	61472441	LTR/ERVL-MaLR	1016	-	179	61472262	76179
chr11	61396083	61596083	harbor1	chr11	61472606	61472711	LTR/ERVL-MaLR	1016	-	52	61472658	76575
chr11	61396083	61596083	harbor1	chr11	61473589	61473639	LTR/ERVL-MaLR	1016	-	25	61473614	77531
chr11	61396083	61596083	harbor1	chr11	61473647	61473808	LTR/ERVL-MaLR	478	-	80	61473727	77644
chr11	5134206	5334206	harbor1	chr11	5190877	5191239	LTR/ERVL-MaLR	2344	-	181	5191058	56852
chr11	64914628	65114628	harbor1	chr11	64978525	64978875	LTR/ERVL-MaLR	2809	-	175	64978700	64072
chr11	64914628	65114628	harbor1	chr11	64999294	64999643	LTR/ERVL-MaLR	1514	-	174	64999468	84840
chr11	64914628	65114628	harbor1	chr11	65001651	65002091	LTR/ERVL-MaLR	1458	-	220	65001871	87243
chr11	66122791	66322791	harbor1	chr11	66124722	66124989	LTR/ERVL-MaLR	829	-	134	66124856	2065
chr11	66122791	66322791	harbor1	chr11	66190968	66191458	LTR/ERVL-MaLR	2350	-	245	66191213	68422
chr11	133733693	133933693	harbor1	chr11	133735213	133735605	LTR/ERVL-MaLR	2241	-	196	133735409	1716
chr11	133733693	133933693	harbor1	chr11	133736187	133736503	LTR/ERVL-MaLR	1246	-	158	133736345	2652
chr11	133733693	133933693	harbor1	chr11	133742697	133743093	LTR/ERVL-MaLR	2015	-	198	133742895	9202
chr11	133733693	133933693	harbor1	chr11	133748622	133749004	LTR/ERVL-MaLR	1858	-	191	133748813	15120
chr11	133733693	133933693	harbor1	chr11	133798263	133798900	LTR/ERVL-MaLR	2293	-	318	133798581	64888
chr11	133733693	133933693	harbor1	chr11	133802413	133802845	LTR/ERVL-MaLR	1029	-	216	133802629	68936
chr11	133733693	133933693	harbor1	chr11	133803165	133803492	LTR/ERVL-MaLR	827	-	164	133803329	69636
chr11	133733693	133933693	harbor1	chr11	133815017	133815211	LTR/ERVL-MaLR	476	-	97	133815114	81421
chr11	133733693	133933693	harbor1	chr11	133815208	133815535	LTR/ERVL-MaLR	1943	-	164	133815372	81679
chr11	133733693	133933693	harbor1	chr11	133816082	133816463	LTR/ERVL-MaLR	1943	-	190	133816272	82579
chr11	133733693	133933693	harbor1	chr11	133816662	133816822	LTR/ERVL-MaLR	588	-	80	133816742	83049
chr11	5127023	5327023	harbor1	chr11	5190877	5191239	LTR/ERVL-MaLR	2344	-	181	5191058	64035
chr11	5132776	5332776	harbor1	chr11	5190877	5191239	LTR/ERVL-MaLR	2344	-	181	5191058	58282
chr11	61396791	61596791	harbor1	chr11	61433719	61433902	LTR/ERVL-MaLR	1076	-	92	61433811	37020
chr11	61396791	61596791	harbor1	chr11	61439099	61439545	LTR/ERVL-MaLR	1073	-	223	61439322	42531
chr11	61396791	61596791	harbor1	chr11	61462736	61462783	LTR/ERVL-MaLR	2064	-	24	61462760	65969
chr11	61396791	61596791	harbor1	chr11	61463090	61463123	LTR/ERVL-MaLR	2064	-	16	61463106	66315
chr11	61396791	61596791	harbor1	chr11	61463424	61463710	LTR/ERVL-MaLR	2064	-	143	61463567	66776
chr11	61396791	61596791	harbor1	chr11	61468101	61468401	LTR/ERVL-MaLR	1027	-	150	61468251	71460
chr11	61396791	61596791	harbor1	chr11	61468402	61468576	LTR/ERVL-MaLR	426	-	87	61468489	71698
chr11	61396791	61596791	harbor1	chr11	61470842	61471231	LTR/ERVL-MaLR	659	-	194	61471036	74245
chr11	61396791	61596791	harbor1	chr11	61471232	61471450	LTR/ERVL-MaLR	1016	-	109	61471341	74550
chr11	61396791	61596791	harbor1	chr11	61471768	61471783	LTR/ERVL-MaLR	1016	-	8	61471776	74985
chr11	61396791	61596791	harbor1	chr11	61472083	61472441	LTR/ERVL-MaLR	1016	-	179	61472262	75471
chr11	61396791	61596791	harbor1	chr11	61472606	61472711	LTR/ERVL-MaLR	1016	-	52	61472658	75867
chr11	61396791	61596791	harbor1	chr11	61473589	61473639	LTR/ERVL-MaLR	1016	-	25	61473614	76823
chr11	61396791	61596791	harbor1	chr11	61473647	61473808	LTR/ERVL-MaLR	478	-	80	61473727	76936
chr11	69539285	69739285	harbor1	chr11	69543310	69543421	LTR/ERVL-MaLR	1059	-	56	69543366	4081
chr11	69539285	69739285	harbor1	chr11	69543835	69544159	LTR/ERVL-MaLR	1059	-	162	69543997	4712
chr11	69539285	69739285	harbor1	chr11	69557002	69557402	LTR/ERVL-MaLR	1868	-	200	69557202	17917
chr11	69539285	69739285	harbor1	chr11	69584472	69584829	LTR/ERVL-MaLR	1985	-	178	69584650	45365
chr11	69539285	69739285	harbor1	chr11	69597411	69597793	LTR/ERVL-MaLR	1003	-	191	69597602	58317
chr11	69539285	69739285	harbor1	chr11	69619633	69619989	LTR/ERVL-MaLR	2066	-	178	69619811	80526
chr11	69539285	69739285	harbor1	chr11	69628450	69628957	LTR/ERVL-MaLR	1957	-	254	69628704	89419
chr11	69539285	69739285	harbor1	chr11	69630122	69630370	LTR/ERVL-MaLR	822	-	124	69630246	90961
chr11	5125096	5325096	harbor1	chr11	5190877	5191239	LTR/ERVL-MaLR	2344	-	181	5191058	65962
chr11	66158626	66358626	harbor1	chr11	66190968	66191458	LTR/ERVL-MaLR	2350	-	245	66191213	32587
chr11	66158676	66358676	harbor1	chr11	66190968	66191458	LTR/ERVL-MaLR	2350	-	245	66191213	32537
chr11	6201391	6401391	harbor1	chr11	6236763	6237192	LTR/ERVL-MaLR	1591	-	214	6236977	35586
chr11	6201391	6401391	harbor1	chr11	6243191	6243590	LTR/ERVL-MaLR	2292	-	200	6243391	42000
chr11	6201391	6401391	harbor1	chr11	6247615	6247635	LTR/ERVL-MaLR	1785	-	10	6247625	46234
chr11	6201391	6401391	harbor1	chr11	6247665	6248149	LTR/ERVL-MaLR	1785	-	242	6247907	46516
chr11	6201391	6401391	harbor1	chr11	6253413	6253764	LTR/ERVL-MaLR	1137	-	176	6253589	52198
chr11	6201391	6401391	harbor1	chr11	6254308	6254608	LTR/ERVL-MaLR	624	-	150	6254458	53067
chr11	6201391	6401391	harbor1	chr11	6256254	6256893	LTR/ERVL-MaLR	1398	-	320	6256574	55183
chr11	76581063	76781063	harbor1	chr11	76602908	76603252	LTR/ERVL-MaLR	1761	-	172	76603080	22017
chr11	76581063	76781063	harbor1	chr11	76625730	76626275	LTR/ERVL-MaLR	1262	-	272	76626002	44939
chr11	76517810	76717810	harbor1	chr11	76527794	76527958	LTR/ERVL-MaLR	519	-	82	76527876	10066
chr11	76517810	76717810	harbor1	chr11	76602908	76603252	LTR/ERVL-MaLR	1761	-	172	76603080	85270
chr11	57399809	57599809	harbor1	chr11	57420100	57420423	LTR/ERVL-MaLR	714	-	162	57420262	20453
chr11	57399809	57599809	harbor1	chr11	57447425	57447492	LTR/ERVL-MaLR	434	-	34	57447459	47650
chr11	57399809	57599809	harbor1	chr11	57448364	57448538	LTR/ERVL-MaLR	995	-	87	57448451	48642
chr11	57399809	57599809	harbor1	chr11	57448842	57448870	LTR/ERVL-MaLR	995	-	14	57448856	49047
chr12	132051944	132251944	harbor1	chr12	132098505	132098738	LTR/ERVL-MaLR	2583	-	116	132098621	46677
chr12	132051944	132251944	harbor1	chr12	132099030	132099214	LTR/ERVL-MaLR	2583	-	92	132099122	47178
chr12	121697492	121897492	harbor1	chr12	121718742	121719280	LTR/ERVL-MaLR	1838	-	269	121719011	21519
chr12	121697492	121897492	harbor1	chr12	121728640	121729177	LTR/ERVL-MaLR	1230	-	268	121728908	31416
chr12	121697492	121897492	harbor1	chr12	121734089	121734252	LTR/ERVL-MaLR	756	-	82	121734171	36679
chr12	121697492	121897492	harbor1	chr12	121736845	121737220	LTR/ERVL-MaLR	1199	-	188	121737033	39541
chr12	121697492	121897492	harbor1	chr12	121743779	121744044	LTR/ERVL-MaLR	661	-	132	121743911	46419
chr12	121697492	121897492	harbor1	chr12	121754394	121754809	LTR/ERVL-MaLR	1265	-	208	121754602	57110
chr12	121697492	121897492	harbor1	chr12	121762290	121762677	LTR/ERVL-MaLR	793	-	194	121762484	64992
chr12	121697492	121897492	harbor1	chr12	121766302	121766804	LTR/ERVL-MaLR	653	-	251	121766553	69061
chr12	121697492	121897492	harbor1	chr12	121770110	121770465	LTR/ERVL-MaLR	1253	-	178	121770288	72796
chr12	62962733	63162733	harbor1	chr12	62979181	62979562	LTR/ERVL-MaLR	1965	-	190	62979371	16638
chr12	62962733	63162733	harbor1	chr12	62981727	62982141	LTR/ERVL-MaLR	2364	-	207	62981934	19201
chr12	62962733	63162733	harbor1	chr12	62983707	62983919	LTR/ERVL-MaLR	1407	-	106	62983813	21080
chr12	62962733	63162733	harbor1	chr12	62984221	62984375	LTR/ERVL-MaLR	1407	-	77	62984298	21565
chr12	62962733	63162733	harbor1	chr12	63029345	63029423	LTR/ERVL-MaLR	2661	-	39	63029384	66651
chr12	62962733	63162733	harbor1	chr12	63029712	63030070	LTR/ERVL-MaLR	2661	-	179	63029891	67158
chr12	62962733	63162733	harbor1	chr12	63039214	63039595	LTR/ERVL-MaLR	687	-	190	63039404	76671
chr12	62962733	63162733	harbor1	chr12	63029004	63029344	LTR/ERVL-MaLR	2092	-	170	63029174	66441
chr12	57101664	57301664	harbor1	chr12	57114067	57114476	LTR/ERVL-MaLR	1720	-	204	57114271	12607
chr12	57101664	57301664	harbor1	chr12	57169971	57170356	LTR/ERVL-MaLR	1761	-	192	57170163	68499
chr12	49267287	49467287	harbor1	chr12	49303735	49303783	LTR/ERVL-MaLR	668	-	24	49303759	36472
chr12	49267287	49467287	harbor1	chr12	49304077	49304276	LTR/ERVL-MaLR	668	-	100	49304177	36890
chr12	49267287	49467287	harbor1	chr12	49305723	49306522	LTR/ERVL-MaLR	1973	-	400	49306123	38836
chr12	49223475	49423475	harbor1	chr12	49303735	49303783	LTR/ERVL-MaLR	668	-	24	49303759	80284
chr12	49223475	49423475	harbor1	chr12	49304077	49304276	LTR/ERVL-MaLR	668	-	100	49304177	80702
chr12	49223475	49423475	harbor1	chr12	49305723	49306522	LTR/ERVL-MaLR	1973	-	400	49306123	82648
chr12	49267209	49467209	harbor1	chr12	49303735	49303783	LTR/ERVL-MaLR	668	-	24	49303759	36550
chr12	49267209	49467209	harbor1	chr12	49304077	49304276	LTR/ERVL-MaLR	668	-	100	49304177	36968
chr12	49267209	49467209	harbor1	chr12	49305723	49306522	LTR/ERVL-MaLR	1973	-	400	49306123	38914
chr12	53896506	54096506	harbor1	chr12	53918675	53919038	LTR/ERVL-MaLR	1998	-	182	53918857	22351
chr12	53896506	54096506	harbor1	chr12	53926003	53926346	LTR/ERVL-MaLR	734	-	172	53926175	29669
chr12	131807823	132007823	harbor1	chr12	131854866	131855194	LTR/ERVL-MaLR	1052	-	164	131855030	47207
chr12	53854212	54054212	harbor1	chr12	53918675	53919038	LTR/ERVL-MaLR	1998	-	182	53918857	64645
chr12	53854212	54054212	harbor1	chr12	53926003	53926346	LTR/ERVL-MaLR	734	-	172	53926175	71963
chr12	2591115	2791115	harbor1	chr12	2591685	2592118	LTR/ERVL-MaLR	1705	-	216	2591901	786
chr12	2591115	2791115	harbor1	chr12	2668452	2668858	LTR/ERVL-MaLR	2625	-	203	2668655	77540
chr12	2591115	2791115	harbor1	chr12	2672383	2672811	LTR/ERVL-MaLR	1776	-	214	2672597	81482
chr12	2591115	2791115	harbor1	chr12	2673128	2673193	LTR/ERVL-MaLR	1027	-	32	2673160	82045
chr12	2591115	2791115	harbor1	chr12	2673485	2673826	LTR/ERVL-MaLR	1027	-	170	2673655	82540
chr12	49267208	49467208	harbor1	chr12	49303735	49303783	LTR/ERVL-MaLR	668	-	24	49303759	36551
chr12	49267208	49467208	harbor1	chr12	49304077	49304276	LTR/ERVL-MaLR	668	-	100	49304177	36969
chr12	49267208	49467208	harbor1	chr12	49305723	49306522	LTR/ERVL-MaLR	1973	-	400	49306123	38915
chr12	2591166	2791166	harbor1	chr12	2591685	2592118	LTR/ERVL-MaLR	1705	-	216	2591901	735
chr12	2591166	2791166	harbor1	chr12	2668452	2668858	LTR/ERVL-MaLR	2625	-	203	2668655	77489
chr12	2591166	2791166	harbor1	chr12	2672383	2672811	LTR/ERVL-MaLR	1776	-	214	2672597	81431
chr12	2591166	2791166	harbor1	chr12	2673128	2673193	LTR/ERVL-MaLR	1027	-	32	2673160	81994
chr12	2591166	2791166	harbor1	chr12	2673485	2673826	LTR/ERVL-MaLR	1027	-	170	2673655	82489
chr12	49267266	49467266	harbor1	chr12	49303735	49303783	LTR/ERVL-MaLR	668	-	24	49303759	36493
chr12	49267266	49467266	harbor1	chr12	49304077	49304276	LTR/ERVL-MaLR	668	-	100	49304177	36911
chr12	49267266	49467266	harbor1	chr12	49305723	49306522	LTR/ERVL-MaLR	1973	-	400	49306123	38857
chr12	52906640	53106640	harbor1	chr12	52914648	52915091	LTR/ERVL-MaLR	854	-	222	52914870	8230
chr12	52906640	53106640	harbor1	chr12	52915388	52915425	LTR/ERVL-MaLR	854	-	18	52915406	8766
chr12	52906640	53106640	harbor1	chr12	52915745	52915784	LTR/ERVL-MaLR	854	-	20	52915765	9125
chr12	52906640	53106640	harbor1	chr12	52959310	52959381	LTR/ERVL-MaLR	1631	-	36	52959346	52706
chr12	52906640	53106640	harbor1	chr12	52959692	52960142	LTR/ERVL-MaLR	1631	-	225	52959917	53277
chr12	52906640	53106640	harbor1	chr12	52985999	52986477	LTR/ERVL-MaLR	1284	-	239	52986238	79598
chr12	49267207	49467207	harbor1	chr12	49303735	49303783	LTR/ERVL-MaLR	668	-	24	49303759	36552
chr12	49267207	49467207	harbor1	chr12	49304077	49304276	LTR/ERVL-MaLR	668	-	100	49304177	36970
chr12	49267207	49467207	harbor1	chr12	49305723	49306522	LTR/ERVL-MaLR	1973	-	400	49306123	38916
chr12	49267255	49467255	harbor1	chr12	49303735	49303783	LTR/ERVL-MaLR	668	-	24	49303759	36504
chr12	49267255	49467255	harbor1	chr12	49304077	49304276	LTR/ERVL-MaLR	668	-	100	49304177	36922
chr12	49267255	49467255	harbor1	chr12	49305723	49306522	LTR/ERVL-MaLR	1973	-	400	49306123	38868
chr12	49267241	49467241	harbor1	chr12	49303735	49303783	LTR/ERVL-MaLR	668	-	24	49303759	36518
chr12	49267241	49467241	harbor1	chr12	49304077	49304276	LTR/ERVL-MaLR	668	-	100	49304177	36936
chr12	49267241	49467241	harbor1	chr12	49305723	49306522	LTR/ERVL-MaLR	1973	-	400	49306123	38882
chr12	49267331	49467331	harbor1	chr12	49303735	49303783	LTR/ERVL-MaLR	668	-	24	49303759	36428
chr12	49267331	49467331	harbor1	chr12	49304077	49304276	LTR/ERVL-MaLR	668	-	100	49304177	36846
chr12	49267331	49467331	harbor1	chr12	49305723	49306522	LTR/ERVL-MaLR	1973	-	400	49306123	38792
chr12	49267175	49467175	harbor1	chr12	49303735	49303783	LTR/ERVL-MaLR	668	-	24	49303759	36584
chr12	49267175	49467175	harbor1	chr12	49304077	49304276	LTR/ERVL-MaLR	668	-	100	49304177	37002
chr12	49267175	49467175	harbor1	chr12	49305723	49306522	LTR/ERVL-MaLR	1973	-	400	49306123	38948
chr12	131246237	131446237	harbor1	chr12	131265217	131265615	LTR/ERVL-MaLR	2076	-	199	131265416	19179
chr12	131246237	131446237	harbor1	chr12	131315710	131316187	LTR/ERVL-MaLR	614	-	238	131315948	69711
chr12	131246237	131446237	harbor1	chr12	131268462	131268988	LTR/ERVL-MaLR	685	-	263	131268725	22488
chr12	49235659	49435659	harbor1	chr12	49303735	49303783	LTR/ERVL-MaLR	668	-	24	49303759	68100
chr12	49235659	49435659	harbor1	chr12	49304077	49304276	LTR/ERVL-MaLR	668	-	100	49304177	68518
chr12	49235659	49435659	harbor1	chr12	49305723	49306522	LTR/ERVL-MaLR	1973	-	400	49306123	70464
chr12	49267228	49467228	harbor1	chr12	49303735	49303783	LTR/ERVL-MaLR	668	-	24	49303759	36531
chr12	49267228	49467228	harbor1	chr12	49304077	49304276	LTR/ERVL-MaLR	668	-	100	49304177	36949
chr12	49267228	49467228	harbor1	chr12	49305723	49306522	LTR/ERVL-MaLR	1973	-	400	49306123	38895
chr12	49267231	49467231	harbor1	chr12	49303735	49303783	LTR/ERVL-MaLR	668	-	24	49303759	36528
chr12	49267231	49467231	harbor1	chr12	49304077	49304276	LTR/ERVL-MaLR	668	-	100	49304177	36946
chr12	49267231	49467231	harbor1	chr12	49305723	49306522	LTR/ERVL-MaLR	1973	-	400	49306123	38892
chr12	49267216	49467216	harbor1	chr12	49303735	49303783	LTR/ERVL-MaLR	668	-	24	49303759	36543
chr12	49267216	49467216	harbor1	chr12	49304077	49304276	LTR/ERVL-MaLR	668	-	100	49304177	36961
chr12	49267216	49467216	harbor1	chr12	49305723	49306522	LTR/ERVL-MaLR	1973	-	400	49306123	38907
chr12	64356142	64556142	harbor1	chr12	64386008	64386201	LTR/ERVL-MaLR	894	-	96	64386104	29962
chr12	64356142	64556142	harbor1	chr12	64386831	64386864	LTR/ERVL-MaLR	894	-	16	64386847	30705
chr12	64356142	64556142	harbor1	chr12	64387108	64387290	LTR/ERVL-MaLR	894	-	91	64387199	31057
chr12	64356142	64556142	harbor1	chr12	64397974	64398237	LTR/ERVL-MaLR	1420	-	132	64398106	41964
chr12	64356142	64556142	harbor1	chr12	64401838	64402211	LTR/ERVL-MaLR	2419	-	186	64402024	45882
chr12	64356142	64556142	harbor1	chr12	64446899	64447260	LTR/ERVL-MaLR	2238	-	180	64447079	90937
chr12	116778966	116978966	harbor1	chr12	116781393	116781794	LTR/ERVL-MaLR	954	-	200	116781593	2627
chr12	116778966	116978966	harbor1	chr12	116784320	116784524	LTR/ERVL-MaLR	673	-	102	116784422	5456
chr12	116778966	116978966	harbor1	chr12	116786668	116787135	LTR/ERVL-MaLR	1711	-	234	116786902	7936
chr12	116778966	116978966	harbor1	chr12	116798892	116799433	LTR/ERVL-MaLR	2056	-	270	116799162	20196
chr12	116778966	116978966	harbor1	chr12	116803792	116804037	LTR/ERVL-MaLR	625	-	122	116803914	24948
chr12	116778966	116978966	harbor1	chr12	116815283	116815787	LTR/ERVL-MaLR	2627	-	252	116815535	36569
chr12	116778966	116978966	harbor1	chr12	116824368	116824619	LTR/ERVL-MaLR	623	-	126	116824494	45528
chr12	116778966	116978966	harbor1	chr12	116824671	116824895	LTR/ERVL-MaLR	936	-	112	116824783	45817
chr12	116778966	116978966	harbor1	chr12	116841064	116841168	LTR/ERVL-MaLR	684	-	52	116841116	62150
chr12	116778966	116978966	harbor1	chr12	116841990	116842389	LTR/ERVL-MaLR	787	-	200	116842190	63224
chr12	116778966	116978966	harbor1	chr12	116854624	116854739	LTR/ERVL-MaLR	1058	-	58	116854682	75716
chr12	116778966	116978966	harbor1	chr12	116855077	116855423	LTR/ERVL-MaLR	1058	-	173	116855250	76284
chr12	21362986	21562986	harbor1	chr12	21418401	21418761	LTR/ERVL-MaLR	2073	-	180	21418581	55595
chr12	21362986	21562986	harbor1	chr12	21427575	21428028	LTR/ERVL-MaLR	694	-	226	21427801	64815
chr12	21362986	21562986	harbor1	chr12	21457512	21457900	LTR/ERVL-MaLR	2174	-	194	21457706	94720
chr12	110180537	110380537	harbor1	chr12	110193833	110194253	LTR/ERVL-MaLR	2775	-	210	110194043	13506
chr12	110180537	110380537	harbor1	chr12	110220662	110221060	LTR/ERVL-MaLR	2125	-	199	110220861	40324
chr12	110180537	110380537	harbor1	chr12	110245854	110246189	LTR/ERVL-MaLR	1854	-	168	110246022	65485
chr12	49248183	49448183	harbor1	chr12	49303735	49303783	LTR/ERVL-MaLR	668	-	24	49303759	55576
chr12	49248183	49448183	harbor1	chr12	49304077	49304276	LTR/ERVL-MaLR	668	-	100	49304177	55994
chr12	49248183	49448183	harbor1	chr12	49305723	49306522	LTR/ERVL-MaLR	1973	-	400	49306123	57940
chr12	57101715	57301715	harbor1	chr12	57114067	57114476	LTR/ERVL-MaLR	1720	-	204	57114271	12556
chr12	57101715	57301715	harbor1	chr12	57169971	57170356	LTR/ERVL-MaLR	1761	-	192	57170163	68448
chr12	30880777	31080777	harbor1	chr12	30913645	30914008	LTR/ERVL-MaLR	2036	-	182	30913827	33050
chr12	30880777	31080777	harbor1	chr12	30923030	30923452	LTR/ERVL-MaLR	2371	-	211	30923241	42464
chr12	30880777	31080777	harbor1	chr12	30934384	30934482	LTR/ERVL-MaLR	830	-	49	30934433	53656
chr12	30880777	31080777	harbor1	chr12	30937511	30937677	LTR/ERVL-MaLR	679	-	83	30937594	56817
chr12	30880777	31080777	harbor1	chr12	30937853	30938144	LTR/ERVL-MaLR	679	-	146	30937999	57222
chr12	30880777	31080777	harbor1	chr12	30947410	30947761	LTR/ERVL-MaLR	2710	-	176	30947586	66809
chr12	30880777	31080777	harbor1	chr12	30947762	30949314	LTR/ERVL-MaLR	12370	-	776	30948538	67761
chr12	30880777	31080777	harbor1	chr12	30950562	30950861	LTR/ERVL-MaLR	1126	-	150	30950712	69935
chr12	30880777	31080777	harbor1	chr12	30955546	30955969	LTR/ERVL-MaLR	1824	-	212	30955758	74981
chr12	30880777	31080777	harbor1	chr12	30883794	30884139	LTR/ERVL-MaLR	1205	-	172	30883966	3189
chr12	30880777	31080777	harbor1	chr12	30949315	30949681	LTR/ERVL-MaLR	2851	-	183	30949498	68721
chr12	92828003	93028003	harbor1	chr12	92839849	92840073	LTR/ERVL-MaLR	1149	-	112	92839961	11958
chr12	64356143	64556143	harbor1	chr12	64386008	64386201	LTR/ERVL-MaLR	894	-	96	64386104	29961
chr12	64356143	64556143	harbor1	chr12	64386831	64386864	LTR/ERVL-MaLR	894	-	16	64386847	30704
chr12	64356143	64556143	harbor1	chr12	64387108	64387290	LTR/ERVL-MaLR	894	-	91	64387199	31056
chr12	64356143	64556143	harbor1	chr12	64397974	64398237	LTR/ERVL-MaLR	1420	-	132	64398106	41963
chr12	64356143	64556143	harbor1	chr12	64401838	64402211	LTR/ERVL-MaLR	2419	-	186	64402024	45881
chr12	64356143	64556143	harbor1	chr12	64446899	64447260	LTR/ERVL-MaLR	2238	-	180	64447079	90936
chr12	49267229	49467229	harbor1	chr12	49303735	49303783	LTR/ERVL-MaLR	668	-	24	49303759	36530
chr12	49267229	49467229	harbor1	chr12	49304077	49304276	LTR/ERVL-MaLR	668	-	100	49304177	36948
chr12	49267229	49467229	harbor1	chr12	49305723	49306522	LTR/ERVL-MaLR	1973	-	400	49306123	38894
chr12	102336329	102536329	harbor1	chr12	102353541	102353883	LTR/ERVL-MaLR	2034	-	171	102353712	17383
chr12	102336329	102536329	harbor1	chr12	102353883	102355404	LTR/ERVL-MaLR	8660	-	760	102354643	18314
chr12	102336329	102536329	harbor1	chr12	102355405	102355765	LTR/ERVL-MaLR	2134	-	180	102355585	19256
chr12	102336329	102536329	harbor1	chr12	102358084	102358474	LTR/ERVL-MaLR	2059	-	195	102358279	21950
chr12	102336329	102536329	harbor1	chr12	102361492	102361702	LTR/ERVL-MaLR	872	-	105	102361597	25268
chr12	102336329	102536329	harbor1	chr12	102361907	102362049	LTR/ERVL-MaLR	777	-	71	102361978	25649
chr12	102336329	102536329	harbor1	chr12	102368792	102369197	LTR/ERVL-MaLR	2534	-	202	102368994	32665
chr12	102336329	102536329	harbor1	chr12	102369198	102370794	LTR/ERVL-MaLR	9612	-	798	102369996	33667
chr12	102336329	102536329	harbor1	chr12	102370795	102371155	LTR/ERVL-MaLR	2620	-	180	102370975	34646
chr12	102336329	102536329	harbor1	chr12	102385542	102386017	LTR/ERVL-MaLR	1600	-	238	102385780	49451
chr12	49267285	49467285	harbor1	chr12	49303735	49303783	LTR/ERVL-MaLR	668	-	24	49303759	36474
chr12	49267285	49467285	harbor1	chr12	49304077	49304276	LTR/ERVL-MaLR	668	-	100	49304177	36892
chr12	49267285	49467285	harbor1	chr12	49305723	49306522	LTR/ERVL-MaLR	1973	-	400	49306123	38838
chr12	56840310	57040310	harbor1	chr12	56846878	56847256	LTR/ERVL-MaLR	2497	-	189	56847067	6757
chr12	56840310	57040310	harbor1	chr12	56861518	56861838	LTR/ERVL-MaLR	1364	-	160	56861678	21368
chr12	56840310	57040310	harbor1	chr12	56877666	56877881	LTR/ERVL-MaLR	907	-	108	56877774	37464
chr12	56840310	57040310	harbor1	chr12	56878538	56878579	LTR/ERVL-MaLR	907	-	20	56878558	38248
chr12	52267472	52467472	harbor1	chr12	52268844	52269164	LTR/ERVL-MaLR	1912	-	160	52269004	1532
chr12	52267472	52467472	harbor1	chr12	52343565	52343891	LTR/ERVL-MaLR	1302	-	163	52343728	76256
chr12	49267269	49467269	harbor1	chr12	49303735	49303783	LTR/ERVL-MaLR	668	-	24	49303759	36490
chr12	49267269	49467269	harbor1	chr12	49304077	49304276	LTR/ERVL-MaLR	668	-	100	49304177	36908
chr12	49267269	49467269	harbor1	chr12	49305723	49306522	LTR/ERVL-MaLR	1973	-	400	49306123	38854
chr12	57101591	57301591	harbor1	chr12	57114067	57114476	LTR/ERVL-MaLR	1720	-	204	57114271	12680
chr12	57101591	57301591	harbor1	chr12	57169971	57170356	LTR/ERVL-MaLR	1761	-	192	57170163	68572
chr12	130250985	130450985	harbor1	chr12	130290287	130290668	LTR/ERVL-MaLR	941	-	190	130290477	39492
chr12	130250985	130450985	harbor1	chr12	130307480	130307909	LTR/ERVL-MaLR	1257	-	214	130307694	56709
chr12	130250985	130450985	harbor1	chr12	130312089	130312512	LTR/ERVL-MaLR	1781	-	212	130312301	61316
chr12	130250985	130450985	harbor1	chr12	130314528	130314898	LTR/ERVL-MaLR	2419	-	185	130314713	63728
chr12	120657977	120857977	harbor1	chr12	120733935	120734301	LTR/ERVL-MaLR	1257	-	183	120734118	76141
chr12	120657977	120857977	harbor1	chr12	120745377	120745445	LTR/ERVL-MaLR	750	-	34	120745411	87434
chr12	120657977	120857977	harbor1	chr12	120745895	120746042	LTR/ERVL-MaLR	750	-	74	120745969	87992
chr12	49267302	49467302	harbor1	chr12	49303735	49303783	LTR/ERVL-MaLR	668	-	24	49303759	36457
chr12	49267302	49467302	harbor1	chr12	49304077	49304276	LTR/ERVL-MaLR	668	-	100	49304177	36875
chr12	49267302	49467302	harbor1	chr12	49305723	49306522	LTR/ERVL-MaLR	1973	-	400	49306123	38821
chr12	6359134	6559134	harbor1	chr12	6393401	6393773	LTR/ERVL-MaLR	2049	-	186	6393587	34453
chr12	6359134	6559134	harbor1	chr12	6439331	6439808	LTR/ERVL-MaLR	1779	-	238	6439569	80435
chr12	92010595	92210595	harbor1	chr12	92044248	92044801	LTR/ERVL-MaLR	2409	-	276	92044524	33929
chr12	92010595	92210595	harbor1	chr12	92061776	92062118	LTR/ERVL-MaLR	2221	-	171	92061947	51352
chr12	92010595	92210595	harbor1	chr12	92064489	92064766	LTR/ERVL-MaLR	826	-	138	92064627	54032
chr12	92010595	92210595	harbor1	chr12	92072945	92073309	LTR/ERVL-MaLR	2033	-	182	92073127	62532
chr12	92010595	92210595	harbor1	chr12	92083371	92083849	LTR/ERVL-MaLR	2028	-	239	92083610	73015
chr12	92010595	92210595	harbor1	chr12	92100068	92100437	LTR/ERVL-MaLR	2650	-	184	92100252	89657
chr12	49266654	49466654	harbor1	chr12	49303735	49303783	LTR/ERVL-MaLR	668	-	24	49303759	37105
chr12	49266654	49466654	harbor1	chr12	49304077	49304276	LTR/ERVL-MaLR	668	-	100	49304177	37523
chr12	49266654	49466654	harbor1	chr12	49305723	49306522	LTR/ERVL-MaLR	1973	-	400	49306123	39469
chr12	49009817	49209817	harbor1	chr12	49075095	49075558	LTR/ERVL-MaLR	1031	-	232	49075327	65510
chr12	49009817	49209817	harbor1	chr12	49084399	49084805	LTR/ERVL-MaLR	1858	-	203	49084602	74785
chr12	49266812	49466812	harbor1	chr12	49303735	49303783	LTR/ERVL-MaLR	668	-	24	49303759	36947
chr12	49266812	49466812	harbor1	chr12	49304077	49304276	LTR/ERVL-MaLR	668	-	100	49304177	37365
chr12	49266812	49466812	harbor1	chr12	49305723	49306522	LTR/ERVL-MaLR	1973	-	400	49306123	39311
chr12	106993251	107193251	harbor1	chr12	107017409	107017797	LTR/ERVL-MaLR	675	-	194	107017603	24352
chr12	31860001	32060001	harbor1	chr12	31859662	31860030	LTR/ERVL-MaLR	2560	-	184	31859846	155
chr12	31860001	32060001	harbor1	chr12	31888167	31888510	LTR/ERVL-MaLR	1499	-	172	31888339	28338
chr12	31860001	32060001	harbor1	chr12	31894571	31894945	LTR/ERVL-MaLR	2252	-	187	31894758	34757
chr12	31860001	32060001	harbor1	chr12	31951110	31951475	LTR/ERVL-MaLR	2343	-	182	31951292	91291
chr12	121697440	121897440	harbor1	chr12	121718742	121719280	LTR/ERVL-MaLR	1838	-	269	121719011	21571
chr12	121697440	121897440	harbor1	chr12	121728640	121729177	LTR/ERVL-MaLR	1230	-	268	121728908	31468
chr12	121697440	121897440	harbor1	chr12	121734089	121734252	LTR/ERVL-MaLR	756	-	82	121734171	36731
chr12	121697440	121897440	harbor1	chr12	121736845	121737220	LTR/ERVL-MaLR	1199	-	188	121737033	39593
chr12	121697440	121897440	harbor1	chr12	121743779	121744044	LTR/ERVL-MaLR	661	-	132	121743911	46471
chr12	121697440	121897440	harbor1	chr12	121754394	121754809	LTR/ERVL-MaLR	1265	-	208	121754602	57162
chr12	121697440	121897440	harbor1	chr12	121762290	121762677	LTR/ERVL-MaLR	793	-	194	121762484	65044
chr12	121697440	121897440	harbor1	chr12	121766302	121766804	LTR/ERVL-MaLR	653	-	251	121766553	69113
chr12	121697440	121897440	harbor1	chr12	121770110	121770465	LTR/ERVL-MaLR	1253	-	178	121770288	72848
chr12	21402089	21602089	harbor1	chr12	21418401	21418761	LTR/ERVL-MaLR	2073	-	180	21418581	16492
chr12	21402089	21602089	harbor1	chr12	21427575	21428028	LTR/ERVL-MaLR	694	-	226	21427801	25712
chr12	21402089	21602089	harbor1	chr12	21457512	21457900	LTR/ERVL-MaLR	2174	-	194	21457706	55617
chr12	21402089	21602089	harbor1	chr12	21473877	21474023	LTR/ERVL-MaLR	670	-	73	21473950	71861
chr12	21402089	21602089	harbor1	chr12	21493929	21494347	LTR/ERVL-MaLR	2391	-	209	21494138	92049
chr12	121527252	121727252	harbor1	chr12	121612900	121613132	LTR/ERVL-MaLR	704	-	116	121613016	85764
chr12	121527252	121727252	harbor1	chr12	121614849	121615182	LTR/ERVL-MaLR	2056	-	166	121615015	87763
chr12	94808159	95008159	harbor1	chr12	94808577	94809010	LTR/ERVL-MaLR	2595	-	216	94808793	634
chr12	94808159	95008159	harbor1	chr12	94836632	94837052	LTR/ERVL-MaLR	2230	-	210	94836842	28683
chr12	94808159	95008159	harbor1	chr12	94839008	94839204	LTR/ERVL-MaLR	2429	-	98	94839106	30947
chr12	94808159	95008159	harbor1	chr12	94839504	94839713	LTR/ERVL-MaLR	2429	-	104	94839608	31449
chr12	94808159	95008159	harbor1	chr12	94850465	94850879	LTR/ERVL-MaLR	2413	-	207	94850672	42513
chr12	94808159	95008159	harbor1	chr12	94857746	94858055	LTR/ERVL-MaLR	1592	-	154	94857900	49741
chr12	94808159	95008159	harbor1	chr12	94870997	94871326	LTR/ERVL-MaLR	1842	-	164	94871161	63002
chr12	49267225	49467225	harbor1	chr12	49303735	49303783	LTR/ERVL-MaLR	668	-	24	49303759	36534
chr12	49267225	49467225	harbor1	chr12	49304077	49304276	LTR/ERVL-MaLR	668	-	100	49304177	36952
chr12	49267225	49467225	harbor1	chr12	49305723	49306522	LTR/ERVL-MaLR	1973	-	400	49306123	38898
chr13	113725873	113925873	harbor1	chr13	113770059	113770415	LTR/ERVL-MaLR	2300	-	178	113770237	44364
chr13	20315161	20515161	harbor1	chr13	20367374	20367795	LTR/ERVL-MaLR	1958	-	210	20367584	52423
chr13	27925914	28125914	harbor1	chr13	27937830	27938036	LTR/ERVL-MaLR	642	-	103	27937933	12019
chr13	27925914	28125914	harbor1	chr13	27948055	27948332	LTR/ERVL-MaLR	1157	-	138	27948193	22279
chr13	27925914	28125914	harbor1	chr13	27948388	27948424	LTR/ERVL-MaLR	1157	-	18	27948406	22492
chr13	27925914	28125914	harbor1	chr13	27948806	27948894	LTR/ERVL-MaLR	1157	-	44	27948850	22936
chr13	27925914	28125914	harbor1	chr13	27949192	27949225	LTR/ERVL-MaLR	1157	-	16	27949208	23294
chr13	20315121	20515121	harbor1	chr13	20367374	20367795	LTR/ERVL-MaLR	1958	-	210	20367584	52463
chr13	20315155	20515155	harbor1	chr13	20367374	20367795	LTR/ERVL-MaLR	1958	-	210	20367584	52429
chr13	72959646	73159646	harbor1	chr13	73008965	73009381	LTR/ERVL-MaLR	1268	-	208	73009173	49527
chr13	72959646	73159646	harbor1	chr13	73051049	73051376	LTR/ERVL-MaLR	2426	-	164	73051213	91567
chr13	29489259	29689259	harbor1	chr13	29498992	29499179	LTR/ERVL-MaLR	1081	-	94	29499086	9827
chr13	75381986	75581986	harbor1	chr13	75387831	75388340	LTR/ERVL-MaLR	1717	-	254	75388085	6099
chr13	20315106	20515106	harbor1	chr13	20367374	20367795	LTR/ERVL-MaLR	1958	-	210	20367584	52478
chr13	113725885	113925885	harbor1	chr13	113770059	113770415	LTR/ERVL-MaLR	2300	-	178	113770237	44352
chr13	72959141	73159141	harbor1	chr13	73008965	73009381	LTR/ERVL-MaLR	1268	-	208	73009173	50032
chr13	72959141	73159141	harbor1	chr13	73051049	73051376	LTR/ERVL-MaLR	2426	-	164	73051213	92072
chr13	113726197	113926197	harbor1	chr13	113770059	113770415	LTR/ERVL-MaLR	2300	-	178	113770237	44040
chr13	113718997	113918997	harbor1	chr13	113770059	113770415	LTR/ERVL-MaLR	2300	-	178	113770237	51240
chr13	113725726	113925726	harbor1	chr13	113770059	113770415	LTR/ERVL-MaLR	2300	-	178	113770237	44511
chr13	100574944	100774944	harbor1	chr13	100591422	100591810	LTR/ERVL-MaLR	2179	-	194	100591616	16672
chr13	100574944	100774944	harbor1	chr13	100596508	100596734	LTR/ERVL-MaLR	1022	-	113	100596621	21677
chr13	100574944	100774944	harbor1	chr13	100627317	100627769	LTR/ERVL-MaLR	1440	-	226	100627543	52599
chr13	20315169	20515169	harbor1	chr13	20367374	20367795	LTR/ERVL-MaLR	1958	-	210	20367584	52415
chr13	113725782	113925782	harbor1	chr13	113770059	113770415	LTR/ERVL-MaLR	2300	-	178	113770237	44455
chr13	100413825	100613825	harbor1	chr13	100435063	100435424	LTR/ERVL-MaLR	1679	-	180	100435243	21418
chr13	100413825	100613825	harbor1	chr13	100444920	100445315	LTR/ERVL-MaLR	2150	-	198	100445118	31293
chr13	100413825	100613825	harbor1	chr13	100458874	100459315	LTR/ERVL-MaLR	1840	-	220	100459094	45269
chr13	100413825	100613825	harbor1	chr13	100459725	100460061	LTR/ERVL-MaLR	1391	-	168	100459893	46068
chr13	38912775	39112775	harbor1	chr13	38939558	38939955	LTR/ERVL-MaLR	2406	-	198	38939756	26981
chr13	38912775	39112775	harbor1	chr13	38960470	38960890	LTR/ERVL-MaLR	1008	-	210	38960680	47905
chr13	38912775	39112775	harbor1	chr13	38973336	38973686	LTR/ERVL-MaLR	1916	-	175	38973511	60736
chr13	20315123	20515123	harbor1	chr13	20367374	20367795	LTR/ERVL-MaLR	1958	-	210	20367584	52461
chr13	20315143	20515143	harbor1	chr13	20367374	20367795	LTR/ERVL-MaLR	1958	-	210	20367584	52441
chr13	113726165	113926165	harbor1	chr13	113770059	113770415	LTR/ERVL-MaLR	2300	-	178	113770237	44072
chr13	113713157	113913157	harbor1	chr13	113770059	113770415	LTR/ERVL-MaLR	2300	-	178	113770237	57080
chr13	24917691	25117691	harbor1	chr13	24917691	24918053	LTR/ERVL-MaLR	1648	-	181	24917872	181
chr13	24917691	25117691	harbor1	chr13	24986295	24986379	LTR/ERVL-MaLR	463	-	42	24986337	68646
chr13	24917691	25117691	harbor1	chr13	24990100	24990277	LTR/ERVL-MaLR	672	-	88	24990188	72497
chr13	24917691	25117691	harbor1	chr13	25014371	25014900	LTR/ERVL-MaLR	1483	-	264	25014635	96944
chr13	100568699	100768699	harbor1	chr13	100568627	100570225	LTR/ERVL-MaLR	10350	-	799	100569426	727
chr13	100568699	100768699	harbor1	chr13	100570226	100570594	LTR/ERVL-MaLR	2508	-	184	100570410	1711
chr13	100568699	100768699	harbor1	chr13	100591422	100591810	LTR/ERVL-MaLR	2179	-	194	100591616	22917
chr13	100568699	100768699	harbor1	chr13	100596508	100596734	LTR/ERVL-MaLR	1022	-	113	100596621	27922
chr13	100568699	100768699	harbor1	chr13	100627317	100627769	LTR/ERVL-MaLR	1440	-	226	100627543	58844
chr13	20262753	20462753	harbor1	chr13	20275726	20275936	LTR/ERVL-MaLR	796	-	105	20275831	13078
chr13	20262753	20462753	harbor1	chr13	20275956	20276186	LTR/ERVL-MaLR	1483	-	115	20276071	13318
chr13	20262753	20462753	harbor1	chr13	20276668	20276759	LTR/ERVL-MaLR	1483	-	46	20276714	13961
chr13	20262753	20462753	harbor1	chr13	20296583	20296837	LTR/ERVL-MaLR	780	-	127	20296710	33957
chr13	36814065	37014065	harbor1	chr13	36815086	36815443	LTR/ERVL-MaLR	1422	-	178	36815264	1199
chr13	36814065	37014065	harbor1	chr13	36838442	36838626	LTR/ERVL-MaLR	719	-	92	36838534	24469
chr13	36814065	37014065	harbor1	chr13	36838988	36839016	LTR/ERVL-MaLR	847	-	14	36839002	24937
chr13	36814065	37014065	harbor1	chr13	36839339	36839567	LTR/ERVL-MaLR	847	-	114	36839453	25388
chr13	113726286	113926286	harbor1	chr13	113770059	113770415	LTR/ERVL-MaLR	2300	-	178	113770237	43951
chr13	113726133	113926133	harbor1	chr13	113770059	113770415	LTR/ERVL-MaLR	2300	-	178	113770237	44104
chr13	109947746	110147746	harbor1	chr13	109956063	109956478	LTR/ERVL-MaLR	1959	-	208	109956271	8525
chr13	109947746	110147746	harbor1	chr13	109977672	109978131	LTR/ERVL-MaLR	1934	-	230	109977902	30156
chr13	109947746	110147746	harbor1	chr13	110031055	110031423	LTR/ERVL-MaLR	1428	-	184	110031239	83493
chr13	20315206	20515206	harbor1	chr13	20367374	20367795	LTR/ERVL-MaLR	1958	-	210	20367584	52378
chr13	95201275	95401275	harbor1	chr13	95282156	95282245	LTR/ERVL-MaLR	569	-	44	95282200	80925
chr14	67141304	67341304	harbor1	chr14	67141940	67142078	LTR/ERVL-MaLR	548	-	69	67142009	705
chr14	67141304	67341304	harbor1	chr14	67152983	67153020	LTR/ERVL-MaLR	1216	-	18	67153001	11697
chr14	67141304	67341304	harbor1	chr14	67153294	67153608	LTR/ERVL-MaLR	1216	-	157	67153451	12147
chr14	67141304	67341304	harbor1	chr14	67168031	67168389	LTR/ERVL-MaLR	2007	-	179	67168210	26906
chr14	67141304	67341304	harbor1	chr14	67201578	67201773	LTR/ERVL-MaLR	510	-	98	67201676	60372
chr14	67141304	67341304	harbor1	chr14	67207137	67207553	LTR/ERVL-MaLR	2554	-	208	67207345	66041
chr14	90282069	90482069	harbor1	chr14	90320161	90320540	LTR/ERVL-MaLR	2420	-	190	90320351	38282
chr14	90282069	90482069	harbor1	chr14	90362592	90362933	LTR/ERVL-MaLR	1991	-	170	90362762	80693
chr14	90282069	90482069	harbor1	chr14	90371719	90372073	LTR/ERVL-MaLR	2727	-	177	90371896	89827
chr14	67141322	67341322	harbor1	chr14	67141940	67142078	LTR/ERVL-MaLR	548	-	69	67142009	687
chr14	67141322	67341322	harbor1	chr14	67152983	67153020	LTR/ERVL-MaLR	1216	-	18	67153001	11679
chr14	67141322	67341322	harbor1	chr14	67153294	67153608	LTR/ERVL-MaLR	1216	-	157	67153451	12129
chr14	67141322	67341322	harbor1	chr14	67168031	67168389	LTR/ERVL-MaLR	2007	-	179	67168210	26888
chr14	67141322	67341322	harbor1	chr14	67201578	67201773	LTR/ERVL-MaLR	510	-	98	67201676	60354
chr14	67141322	67341322	harbor1	chr14	67207137	67207553	LTR/ERVL-MaLR	2554	-	208	67207345	66023
chr14	75885958	76085958	harbor1	chr14	75917846	75918360	LTR/ERVL-MaLR	820	-	257	75918103	32145
chr14	75885958	76085958	harbor1	chr14	75933107	75933175	LTR/ERVL-MaLR	1235	-	34	75933141	47183
chr14	75885958	76085958	harbor1	chr14	75933472	75933672	LTR/ERVL-MaLR	1235	-	100	75933572	47614
chr14	75885958	76085958	harbor1	chr14	75934065	75934306	LTR/ERVL-MaLR	1235	-	120	75934185	48227
chr14	104603549	104803549	harbor1	chr14	104609246	104609696	LTR/ERVL-MaLR	1438	-	225	104609471	5922
chr14	104603549	104803549	harbor1	chr14	104623853	104624155	LTR/ERVL-MaLR	879	-	151	104624004	20455
chr14	104603549	104803549	harbor1	chr14	104628946	104629317	LTR/ERVL-MaLR	2042	-	186	104629132	25583
chr14	104603549	104803549	harbor1	chr14	104674646	104674686	LTR/ERVL-MaLR	1887	-	20	104674666	71117
chr14	104603549	104803549	harbor1	chr14	104674984	104675291	LTR/ERVL-MaLR	1887	-	154	104675138	71589
chr14	104785274	104985274	harbor1	chr14	104809353	104809552	LTR/ERVL-MaLR	2057	-	100	104809453	24179
chr14	104785274	104985274	harbor1	chr14	104809863	104810041	LTR/ERVL-MaLR	2057	-	89	104809952	24678
chr14	104785274	104985274	harbor1	chr14	104813337	104813664	LTR/ERVL-MaLR	1258	-	164	104813501	28227
chr14	104785274	104985274	harbor1	chr14	104819937	104819992	LTR/ERVL-MaLR	1488	-	28	104819965	34691
chr14	104785274	104985274	harbor1	chr14	104820310	104820611	LTR/ERVL-MaLR	1488	-	150	104820460	35186
chr14	104785274	104985274	harbor1	chr14	104821589	104822021	LTR/ERVL-MaLR	2006	-	216	104821805	36531
chr14	104785274	104985274	harbor1	chr14	104823814	104824157	LTR/ERVL-MaLR	2210	-	172	104823986	38712
chr14	104092901	104292901	harbor1	chr14	104120760	104121168	LTR/ERVL-MaLR	2022	-	204	104120964	28063
chr14	100185498	100385498	harbor1	chr14	100227413	100227723	LTR/ERVL-MaLR	488	-	155	100227568	42070
chr14	100185498	100385498	harbor1	chr14	100228015	100228049	LTR/ERVL-MaLR	488	-	17	100228032	42534
chr14	100185498	100385498	harbor1	chr14	100265984	100266257	LTR/ERVL-MaLR	2052	-	136	100266120	80622
chr14	67140883	67340883	harbor1	chr14	67141940	67142078	LTR/ERVL-MaLR	548	-	69	67142009	1126
chr14	67140883	67340883	harbor1	chr14	67152983	67153020	LTR/ERVL-MaLR	1216	-	18	67153001	12118
chr14	67140883	67340883	harbor1	chr14	67153294	67153608	LTR/ERVL-MaLR	1216	-	157	67153451	12568
chr14	67140883	67340883	harbor1	chr14	67168031	67168389	LTR/ERVL-MaLR	2007	-	179	67168210	27327
chr14	67140883	67340883	harbor1	chr14	67201578	67201773	LTR/ERVL-MaLR	510	-	98	67201676	60793
chr14	67140883	67340883	harbor1	chr14	67207137	67207553	LTR/ERVL-MaLR	2554	-	208	67207345	66462
chr14	69667796	69867796	harbor1	chr14	69686497	69686865	LTR/ERVL-MaLR	2173	-	184	69686681	18885
chr14	69667796	69867796	harbor1	chr14	69717132	69717340	LTR/ERVL-MaLR	1931	-	104	69717236	49440
chr14	69667796	69867796	harbor1	chr14	69717647	69717801	LTR/ERVL-MaLR	1931	-	77	69717724	49928
chr14	69667796	69867796	harbor1	chr14	69723388	69723838	LTR/ERVL-MaLR	1669	-	225	69723613	55817
chr14	69667796	69867796	harbor1	chr14	69727318	69727700	LTR/ERVL-MaLR	1004	-	191	69727509	59713
chr14	69667796	69867796	harbor1	chr14	69736103	69736477	LTR/ERVL-MaLR	2145	-	187	69736290	68494
chr14	69667796	69867796	harbor1	chr14	69736478	69736620	LTR/ERVL-MaLR	1171	-	71	69736549	68753
chr14	69667796	69867796	harbor1	chr14	69757634	69757992	LTR/ERVL-MaLR	1565	-	179	69757813	90017
chr14	69667796	69867796	harbor1	chr14	69758036	69758189	LTR/ERVL-MaLR	1565	-	76	69758112	90316
chr14	75327880	75527880	harbor1	chr14	75342630	75343034	LTR/ERVL-MaLR	809	-	202	75342832	14952
chr14	75327880	75527880	harbor1	chr14	75343878	75344349	LTR/ERVL-MaLR	1376	-	236	75344114	16234
chr14	75327880	75527880	harbor1	chr14	75351398	75351677	LTR/ERVL-MaLR	620	-	140	75351538	23658
chr14	75327880	75527880	harbor1	chr14	75363953	75364338	LTR/ERVL-MaLR	445	-	192	75364145	36265
chr14	75327880	75527880	harbor1	chr14	75368864	75369162	LTR/ERVL-MaLR	1349	-	149	75369013	41133
chr14	75327880	75527880	harbor1	chr14	75369466	75369561	LTR/ERVL-MaLR	1349	-	48	75369514	41634
chr14	75327880	75527880	harbor1	chr14	75378984	75379180	LTR/ERVL-MaLR	808	-	98	75379082	51202
chr14	75327880	75527880	harbor1	chr14	75398221	75398618	LTR/ERVL-MaLR	1451	-	198	75398419	70539
chr14	75327880	75527880	harbor1	chr14	75406434	75406666	LTR/ERVL-MaLR	2466	-	116	75406550	78670
chr14	75327880	75527880	harbor1	chr14	75406787	75406988	LTR/ERVL-MaLR	2466	-	100	75406887	79007
chr14	75327880	75527880	harbor1	chr14	75422536	75423072	LTR/ERVL-MaLR	1211	-	268	75422804	94924
chr14	75327880	75527880	harbor1	chr14	75425486	75425740	LTR/ERVL-MaLR	799	-	127	75425613	97733
chr14	99474315	99674315	harbor1	chr14	99494706	99495034	LTR/ERVL-MaLR	1451	-	164	99494870	20555
chr14	100185509	100385509	harbor1	chr14	100227413	100227723	LTR/ERVL-MaLR	488	-	155	100227568	42059
chr14	100185509	100385509	harbor1	chr14	100228015	100228049	LTR/ERVL-MaLR	488	-	17	100228032	42523
chr14	100185509	100385509	harbor1	chr14	100265984	100266257	LTR/ERVL-MaLR	2052	-	136	100266120	80611
chr14	67141305	67341305	harbor1	chr14	67141940	67142078	LTR/ERVL-MaLR	548	-	69	67142009	704
chr14	67141305	67341305	harbor1	chr14	67152983	67153020	LTR/ERVL-MaLR	1216	-	18	67153001	11696
chr14	67141305	67341305	harbor1	chr14	67153294	67153608	LTR/ERVL-MaLR	1216	-	157	67153451	12146
chr14	67141305	67341305	harbor1	chr14	67168031	67168389	LTR/ERVL-MaLR	2007	-	179	67168210	26905
chr14	67141305	67341305	harbor1	chr14	67201578	67201773	LTR/ERVL-MaLR	510	-	98	67201676	60371
chr14	67141305	67341305	harbor1	chr14	67207137	67207553	LTR/ERVL-MaLR	2554	-	208	67207345	66040
chr14	90164299	90364299	harbor1	chr14	90164908	90165257	LTR/ERVL-MaLR	2080	-	174	90165082	783
chr14	90164299	90364299	harbor1	chr14	90173812	90174024	LTR/ERVL-MaLR	2199	-	106	90173918	9619
chr14	90164299	90364299	harbor1	chr14	90174338	90174499	LTR/ERVL-MaLR	2199	-	80	90174418	10119
chr14	90164299	90364299	harbor1	chr14	90175664	90175837	LTR/ERVL-MaLR	559	-	86	90175750	11451
chr14	90164299	90364299	harbor1	chr14	90175889	90176142	LTR/ERVL-MaLR	702	-	126	90176015	11716
chr14	90164299	90364299	harbor1	chr14	90181238	90181580	LTR/ERVL-MaLR	1587	-	171	90181409	17110
chr14	90164299	90364299	harbor1	chr14	90192084	90192511	LTR/ERVL-MaLR	2144	-	214	90192298	27999
chr14	90164299	90364299	harbor1	chr14	90200187	90200430	LTR/ERVL-MaLR	693	-	122	90200309	36010
chr14	90164299	90364299	harbor1	chr14	90201034	90201084	LTR/ERVL-MaLR	693	-	25	90201059	36760
chr14	90164299	90364299	harbor1	chr14	90201610	90201706	LTR/ERVL-MaLR	509	-	48	90201658	37359
chr14	90164299	90364299	harbor1	chr14	90202410	90202549	LTR/ERVL-MaLR	661	-	70	90202480	38181
chr14	90164299	90364299	harbor1	chr14	90213697	90214052	LTR/ERVL-MaLR	2424	-	178	90213875	49576
chr14	90164299	90364299	harbor1	chr14	90214053	90215557	LTR/ERVL-MaLR	10722	-	752	90214805	50506
chr14	90164299	90364299	harbor1	chr14	90215558	90215911	LTR/ERVL-MaLR	2354	-	176	90215734	51435
chr14	90164299	90364299	harbor1	chr14	90222914	90223260	LTR/ERVL-MaLR	1791	-	173	90223087	58788
chr14	75328395	75528395	harbor1	chr14	75342630	75343034	LTR/ERVL-MaLR	809	-	202	75342832	14437
chr14	75328395	75528395	harbor1	chr14	75343878	75344349	LTR/ERVL-MaLR	1376	-	236	75344114	15719
chr14	75328395	75528395	harbor1	chr14	75351398	75351677	LTR/ERVL-MaLR	620	-	140	75351538	23143
chr14	75328395	75528395	harbor1	chr14	75363953	75364338	LTR/ERVL-MaLR	445	-	192	75364145	35750
chr14	75328395	75528395	harbor1	chr14	75368864	75369162	LTR/ERVL-MaLR	1349	-	149	75369013	40618
chr14	75328395	75528395	harbor1	chr14	75369466	75369561	LTR/ERVL-MaLR	1349	-	48	75369514	41119
chr14	75328395	75528395	harbor1	chr14	75378984	75379180	LTR/ERVL-MaLR	808	-	98	75379082	50687
chr14	75328395	75528395	harbor1	chr14	75398221	75398618	LTR/ERVL-MaLR	1451	-	198	75398419	70024
chr14	75328395	75528395	harbor1	chr14	75406434	75406666	LTR/ERVL-MaLR	2466	-	116	75406550	78155
chr14	75328395	75528395	harbor1	chr14	75406787	75406988	LTR/ERVL-MaLR	2466	-	100	75406887	78492
chr14	75328395	75528395	harbor1	chr14	75422536	75423072	LTR/ERVL-MaLR	1211	-	268	75422804	94409
chr14	75328395	75528395	harbor1	chr14	75425486	75425740	LTR/ERVL-MaLR	799	-	127	75425613	97218
chr14	75328436	75528436	harbor1	chr14	75342630	75343034	LTR/ERVL-MaLR	809	-	202	75342832	14396
chr14	75328436	75528436	harbor1	chr14	75343878	75344349	LTR/ERVL-MaLR	1376	-	236	75344114	15678
chr14	75328436	75528436	harbor1	chr14	75351398	75351677	LTR/ERVL-MaLR	620	-	140	75351538	23102
chr14	75328436	75528436	harbor1	chr14	75363953	75364338	LTR/ERVL-MaLR	445	-	192	75364145	35709
chr14	75328436	75528436	harbor1	chr14	75368864	75369162	LTR/ERVL-MaLR	1349	-	149	75369013	40577
chr14	75328436	75528436	harbor1	chr14	75369466	75369561	LTR/ERVL-MaLR	1349	-	48	75369514	41078
chr14	75328436	75528436	harbor1	chr14	75378984	75379180	LTR/ERVL-MaLR	808	-	98	75379082	50646
chr14	75328436	75528436	harbor1	chr14	75398221	75398618	LTR/ERVL-MaLR	1451	-	198	75398419	69983
chr14	75328436	75528436	harbor1	chr14	75406434	75406666	LTR/ERVL-MaLR	2466	-	116	75406550	78114
chr14	75328436	75528436	harbor1	chr14	75406787	75406988	LTR/ERVL-MaLR	2466	-	100	75406887	78451
chr14	75328436	75528436	harbor1	chr14	75422536	75423072	LTR/ERVL-MaLR	1211	-	268	75422804	94368
chr14	75328436	75528436	harbor1	chr14	75425486	75425740	LTR/ERVL-MaLR	799	-	127	75425613	97177
chr14	99488601	99688601	harbor1	chr14	99494706	99495034	LTR/ERVL-MaLR	1451	-	164	99494870	6269
chr14	104092915	104292915	harbor1	chr14	104120760	104121168	LTR/ERVL-MaLR	2022	-	204	104120964	28049
chr14	104092837	104292837	harbor1	chr14	104120760	104121168	LTR/ERVL-MaLR	2022	-	204	104120964	28127
chr14	104092866	104292866	harbor1	chr14	104120760	104121168	LTR/ERVL-MaLR	2022	-	204	104120964	28098
chr14	90282794	90482794	harbor1	chr14	90320161	90320540	LTR/ERVL-MaLR	2420	-	190	90320351	37557
chr14	90282794	90482794	harbor1	chr14	90362592	90362933	LTR/ERVL-MaLR	1991	-	170	90362762	79968
chr14	90282794	90482794	harbor1	chr14	90371719	90372073	LTR/ERVL-MaLR	2727	-	177	90371896	89102
chr14	75328363	75528363	harbor1	chr14	75342630	75343034	LTR/ERVL-MaLR	809	-	202	75342832	14469
chr14	75328363	75528363	harbor1	chr14	75343878	75344349	LTR/ERVL-MaLR	1376	-	236	75344114	15751
chr14	75328363	75528363	harbor1	chr14	75351398	75351677	LTR/ERVL-MaLR	620	-	140	75351538	23175
chr14	75328363	75528363	harbor1	chr14	75363953	75364338	LTR/ERVL-MaLR	445	-	192	75364145	35782
chr14	75328363	75528363	harbor1	chr14	75368864	75369162	LTR/ERVL-MaLR	1349	-	149	75369013	40650
chr14	75328363	75528363	harbor1	chr14	75369466	75369561	LTR/ERVL-MaLR	1349	-	48	75369514	41151
chr14	75328363	75528363	harbor1	chr14	75378984	75379180	LTR/ERVL-MaLR	808	-	98	75379082	50719
chr14	75328363	75528363	harbor1	chr14	75398221	75398618	LTR/ERVL-MaLR	1451	-	198	75398419	70056
chr14	75328363	75528363	harbor1	chr14	75406434	75406666	LTR/ERVL-MaLR	2466	-	116	75406550	78187
chr14	75328363	75528363	harbor1	chr14	75406787	75406988	LTR/ERVL-MaLR	2466	-	100	75406887	78524
chr14	75328363	75528363	harbor1	chr14	75422536	75423072	LTR/ERVL-MaLR	1211	-	268	75422804	94441
chr14	75328363	75528363	harbor1	chr14	75425486	75425740	LTR/ERVL-MaLR	799	-	127	75425613	97250
chr14	67140875	67340875	harbor1	chr14	67141940	67142078	LTR/ERVL-MaLR	548	-	69	67142009	1134
chr14	67140875	67340875	harbor1	chr14	67152983	67153020	LTR/ERVL-MaLR	1216	-	18	67153001	12126
chr14	67140875	67340875	harbor1	chr14	67153294	67153608	LTR/ERVL-MaLR	1216	-	157	67153451	12576
chr14	67140875	67340875	harbor1	chr14	67168031	67168389	LTR/ERVL-MaLR	2007	-	179	67168210	27335
chr14	67140875	67340875	harbor1	chr14	67201578	67201773	LTR/ERVL-MaLR	510	-	98	67201676	60801
chr14	67140875	67340875	harbor1	chr14	67207137	67207553	LTR/ERVL-MaLR	2554	-	208	67207345	66470
chr14	66148048	66348048	harbor1	chr14	66165885	66166046	LTR/ERVL-MaLR	2810	-	80	66165965	17917
chr14	66148048	66348048	harbor1	chr14	66166418	66166630	LTR/ERVL-MaLR	2810	-	106	66166524	18476
chr14	66148048	66348048	harbor1	chr14	66170942	66171397	LTR/ERVL-MaLR	2258	-	228	66171170	23122
chr14	66148048	66348048	harbor1	chr14	66178039	66178522	LTR/ERVL-MaLR	1066	-	242	66178281	30233
chr14	66148048	66348048	harbor1	chr14	66214624	66214977	LTR/ERVL-MaLR	2284	-	176	66214800	66752
chr14	66148048	66348048	harbor1	chr14	66214978	66215752	LTR/ERVL-MaLR	5209	-	387	66215365	67317
chr14	66148048	66348048	harbor1	chr14	66226526	66226914	LTR/ERVL-MaLR	2405	-	194	66226720	78672
chr14	104092842	104292842	harbor1	chr14	104120760	104121168	LTR/ERVL-MaLR	2022	-	204	104120964	28122
chr14	81174155	81374155	harbor1	chr14	81228358	81228425	LTR/ERVL-MaLR	558	-	34	81228392	54237
chr14	81174155	81374155	harbor1	chr14	81228736	81228809	LTR/ERVL-MaLR	558	-	36	81228772	54617
chr14	81174155	81374155	harbor1	chr14	81235375	81235695	LTR/ERVL-MaLR	1599	-	160	81235535	61380
chr14	81174155	81374155	harbor1	chr14	81249640	81250202	LTR/ERVL-MaLR	2324	-	281	81249921	75766
chr14	100229889	100429889	harbor1	chr14	100265984	100266257	LTR/ERVL-MaLR	2052	-	136	100266120	36231
chr14	21337415	21537415	harbor1	chr14	21422578	21422646	LTR/ERVL-MaLR	1693	-	34	21422612	85197
chr14	21337415	21537415	harbor1	chr14	21423246	21423524	LTR/ERVL-MaLR	1693	-	139	21423385	85970
chr14	99493213	99693213	harbor1	chr14	99494706	99495034	LTR/ERVL-MaLR	1451	-	164	99494870	1657
chr14	100234889	100434889	harbor1	chr14	100265984	100266257	LTR/ERVL-MaLR	2052	-	136	100266120	31231
chr14	88923334	89123334	harbor1	chr14	88928340	88928712	LTR/ERVL-MaLR	2501	-	186	88928526	5192
chr14	88923334	89123334	harbor1	chr14	88943511	88943864	LTR/ERVL-MaLR	2061	-	176	88943687	20353
chr14	88923334	89123334	harbor1	chr14	88954146	88954555	LTR/ERVL-MaLR	2795	-	204	88954350	31016
chr14	88923334	89123334	harbor1	chr14	88966120	88966451	LTR/ERVL-MaLR	2421	-	166	88966286	42952
chr14	88923334	89123334	harbor1	chr14	88986840	88987142	LTR/ERVL-MaLR	1489	-	151	88986991	63657
chr14	88923334	89123334	harbor1	chr14	88987872	88987926	LTR/ERVL-MaLR	1398	-	27	88987899	64565
chr14	88923334	89123334	harbor1	chr14	88988227	88988575	LTR/ERVL-MaLR	1398	-	174	88988401	65067
chr14	88923334	89123334	harbor1	chr14	88990832	88991211	LTR/ERVL-MaLR	1713	-	190	88991022	67688
chr14	88923334	89123334	harbor1	chr14	89001167	89001496	LTR/ERVL-MaLR	1148	-	164	89001331	77997
chr14	88923334	89123334	harbor1	chr14	89002588	89002944	LTR/ERVL-MaLR	2189	-	178	89002766	79432
chr14	88923334	89123334	harbor1	chr14	89005070	89005429	LTR/ERVL-MaLR	2470	-	180	89005250	81916
chr14	88923334	89123334	harbor1	chr14	89015061	89015564	LTR/ERVL-MaLR	1955	-	252	89015313	91979
chr14	88923334	89123334	harbor1	chr14	88981498	88981878	LTR/ERVL-MaLR	530	-	190	88981688	58354
chr14	91224851	91424851	harbor1	chr14	91231107	91231441	LTR/ERVL-MaLR	1417	-	167	91231274	6423
chr14	91224851	91424851	harbor1	chr14	91247351	91247789	LTR/ERVL-MaLR	1343	-	219	91247570	22719
chr14	100229897	100429897	harbor1	chr14	100265984	100266257	LTR/ERVL-MaLR	2052	-	136	100266120	36223
chr14	23252014	23452014	harbor1	chr14	23338874	23339241	LTR/ERVL-MaLR	2315	-	184	23339058	87044
chr14	69667837	69867837	harbor1	chr14	69686497	69686865	LTR/ERVL-MaLR	2173	-	184	69686681	18844
chr14	69667837	69867837	harbor1	chr14	69717132	69717340	LTR/ERVL-MaLR	1931	-	104	69717236	49399
chr14	69667837	69867837	harbor1	chr14	69717647	69717801	LTR/ERVL-MaLR	1931	-	77	69717724	49887
chr14	69667837	69867837	harbor1	chr14	69723388	69723838	LTR/ERVL-MaLR	1669	-	225	69723613	55776
chr14	69667837	69867837	harbor1	chr14	69727318	69727700	LTR/ERVL-MaLR	1004	-	191	69727509	59672
chr14	69667837	69867837	harbor1	chr14	69736103	69736477	LTR/ERVL-MaLR	2145	-	187	69736290	68453
chr14	69667837	69867837	harbor1	chr14	69736478	69736620	LTR/ERVL-MaLR	1171	-	71	69736549	68712
chr14	69667837	69867837	harbor1	chr14	69757634	69757992	LTR/ERVL-MaLR	1565	-	179	69757813	89976
chr14	69667837	69867837	harbor1	chr14	69758036	69758189	LTR/ERVL-MaLR	1565	-	76	69758112	90275
chr14	100185484	100385484	harbor1	chr14	100227413	100227723	LTR/ERVL-MaLR	488	-	155	100227568	42084
chr14	100185484	100385484	harbor1	chr14	100228015	100228049	LTR/ERVL-MaLR	488	-	17	100228032	42548
chr14	100185484	100385484	harbor1	chr14	100265984	100266257	LTR/ERVL-MaLR	2052	-	136	100266120	80636
chr14	104590358	104790358	harbor1	chr14	104609246	104609696	LTR/ERVL-MaLR	1438	-	225	104609471	19113
chr14	104590358	104790358	harbor1	chr14	104623853	104624155	LTR/ERVL-MaLR	879	-	151	104624004	33646
chr14	104590358	104790358	harbor1	chr14	104628946	104629317	LTR/ERVL-MaLR	2042	-	186	104629132	38774
chr14	104590358	104790358	harbor1	chr14	104674646	104674686	LTR/ERVL-MaLR	1887	-	20	104674666	84308
chr14	104590358	104790358	harbor1	chr14	104674984	104675291	LTR/ERVL-MaLR	1887	-	154	104675138	84780
chr14	103611773	103811773	harbor1	chr14	103615245	103615540	LTR/ERVL-MaLR	861	-	148	103615393	3620
chr14	103611773	103811773	harbor1	chr14	103641384	103641604	LTR/ERVL-MaLR	1075	-	110	103641494	29721
chr14	103611773	103811773	harbor1	chr14	103642222	103642383	LTR/ERVL-MaLR	1075	-	80	103642302	30529
chr14	103611773	103811773	harbor1	chr14	103655887	103656245	LTR/ERVL-MaLR	692	-	179	103656066	44293
chr14	103611773	103811773	harbor1	chr14	103659754	103660114	LTR/ERVL-MaLR	1623	-	180	103659934	48161
chr14	100182129	100382129	harbor1	chr14	100227413	100227723	LTR/ERVL-MaLR	488	-	155	100227568	45439
chr14	100182129	100382129	harbor1	chr14	100228015	100228049	LTR/ERVL-MaLR	488	-	17	100228032	45903
chr14	100182129	100382129	harbor1	chr14	100265984	100266257	LTR/ERVL-MaLR	2052	-	136	100266120	83991
chr14	74822554	75022554	harbor1	chr14	74830555	74830943	LTR/ERVL-MaLR	2054	-	194	74830749	8195
chr14	105059476	105259476	harbor1	chr14	105070413	105070679	LTR/ERVL-MaLR	676	-	133	105070546	11070
chr14	24047207	24247207	harbor1	chr14	24092750	24093228	LTR/ERVL-MaLR	1182	-	239	24092989	45782
chr14	67500240	67700240	harbor1	chr14	67545180	67545413	LTR/ERVL-MaLR	863	-	116	67545296	45056
chr14	67500240	67700240	harbor1	chr14	67556080	67556230	LTR/ERVL-MaLR	481	-	75	67556155	55915
chr14	104780663	104980663	harbor1	chr14	104809353	104809552	LTR/ERVL-MaLR	2057	-	100	104809453	28790
chr14	104780663	104980663	harbor1	chr14	104809863	104810041	LTR/ERVL-MaLR	2057	-	89	104809952	29289
chr14	104780663	104980663	harbor1	chr14	104813337	104813664	LTR/ERVL-MaLR	1258	-	164	104813501	32838
chr14	104780663	104980663	harbor1	chr14	104819937	104819992	LTR/ERVL-MaLR	1488	-	28	104819965	39302
chr14	104780663	104980663	harbor1	chr14	104820310	104820611	LTR/ERVL-MaLR	1488	-	150	104820460	39797
chr14	104780663	104980663	harbor1	chr14	104821589	104822021	LTR/ERVL-MaLR	2006	-	216	104821805	41142
chr14	104780663	104980663	harbor1	chr14	104823814	104824157	LTR/ERVL-MaLR	2210	-	172	104823986	43323
chr14	76928821	77128821	harbor1	chr14	76930764	76931054	LTR/ERVL-MaLR	1834	-	145	76930909	2088
chr14	76928821	77128821	harbor1	chr14	76931357	76931504	LTR/ERVL-MaLR	1834	-	74	76931431	2610
chr14	76928821	77128821	harbor1	chr14	76978408	76978562	LTR/ERVL-MaLR	636	-	77	76978485	49664
chr14	104092843	104292843	harbor1	chr14	104120760	104121168	LTR/ERVL-MaLR	2022	-	204	104120964	28121
chr14	69667763	69867763	harbor1	chr14	69686497	69686865	LTR/ERVL-MaLR	2173	-	184	69686681	18918
chr14	69667763	69867763	harbor1	chr14	69717132	69717340	LTR/ERVL-MaLR	1931	-	104	69717236	49473
chr14	69667763	69867763	harbor1	chr14	69717647	69717801	LTR/ERVL-MaLR	1931	-	77	69717724	49961
chr14	69667763	69867763	harbor1	chr14	69723388	69723838	LTR/ERVL-MaLR	1669	-	225	69723613	55850
chr14	69667763	69867763	harbor1	chr14	69727318	69727700	LTR/ERVL-MaLR	1004	-	191	69727509	59746
chr14	69667763	69867763	harbor1	chr14	69736103	69736477	LTR/ERVL-MaLR	2145	-	187	69736290	68527
chr14	69667763	69867763	harbor1	chr14	69736478	69736620	LTR/ERVL-MaLR	1171	-	71	69736549	68786
chr14	69667763	69867763	harbor1	chr14	69757634	69757992	LTR/ERVL-MaLR	1565	-	179	69757813	90050
chr14	69667763	69867763	harbor1	chr14	69758036	69758189	LTR/ERVL-MaLR	1565	-	76	69758112	90349
chr14	94074221	94274221	harbor1	chr14	94095445	94095860	LTR/ERVL-MaLR	2536	-	208	94095653	21432
chr14	94074221	94274221	harbor1	chr14	94098128	94098579	LTR/ERVL-MaLR	2076	-	226	94098354	24133
chr14	94074221	94274221	harbor1	chr14	94105946	94106304	LTR/ERVL-MaLR	1810	-	179	94106125	31904
chr14	94074221	94274221	harbor1	chr14	94106610	94107004	LTR/ERVL-MaLR	1834	-	197	94106807	32586
chr14	94074221	94274221	harbor1	chr14	94135128	94135492	LTR/ERVL-MaLR	2663	-	182	94135310	61089
chr14	94074221	94274221	harbor1	chr14	94169788	94170021	LTR/ERVL-MaLR	1211	-	116	94169904	95683
chr14	94074221	94274221	harbor1	chr14	94170294	94170502	LTR/ERVL-MaLR	953	-	104	94170398	96177
chr14	104092878	104292878	harbor1	chr14	104120760	104121168	LTR/ERVL-MaLR	2022	-	204	104120964	28086
chr14	74300576	74500576	harbor1	chr14	74375560	74375768	LTR/ERVL-MaLR	2191	-	104	74375664	75088
chr14	74300576	74500576	harbor1	chr14	74376068	74376228	LTR/ERVL-MaLR	2191	-	80	74376148	75572
chr14	24047697	24247697	harbor1	chr14	24092750	24093228	LTR/ERVL-MaLR	1182	-	239	24092989	45292
chr14	75327097	75527097	harbor1	chr14	75342630	75343034	LTR/ERVL-MaLR	809	-	202	75342832	15735
chr14	75327097	75527097	harbor1	chr14	75343878	75344349	LTR/ERVL-MaLR	1376	-	236	75344114	17017
chr14	75327097	75527097	harbor1	chr14	75351398	75351677	LTR/ERVL-MaLR	620	-	140	75351538	24441
chr14	75327097	75527097	harbor1	chr14	75363953	75364338	LTR/ERVL-MaLR	445	-	192	75364145	37048
chr14	75327097	75527097	harbor1	chr14	75368864	75369162	LTR/ERVL-MaLR	1349	-	149	75369013	41916
chr14	75327097	75527097	harbor1	chr14	75369466	75369561	LTR/ERVL-MaLR	1349	-	48	75369514	42417
chr14	75327097	75527097	harbor1	chr14	75378984	75379180	LTR/ERVL-MaLR	808	-	98	75379082	51985
chr14	75327097	75527097	harbor1	chr14	75398221	75398618	LTR/ERVL-MaLR	1451	-	198	75398419	71322
chr14	75327097	75527097	harbor1	chr14	75406434	75406666	LTR/ERVL-MaLR	2466	-	116	75406550	79453
chr14	75327097	75527097	harbor1	chr14	75406787	75406988	LTR/ERVL-MaLR	2466	-	100	75406887	79790
chr14	75327097	75527097	harbor1	chr14	75422536	75423072	LTR/ERVL-MaLR	1211	-	268	75422804	95707
chr14	75327097	75527097	harbor1	chr14	75425486	75425740	LTR/ERVL-MaLR	799	-	127	75425613	98516
chr14	76928851	77128851	harbor1	chr14	76930764	76931054	LTR/ERVL-MaLR	1834	-	145	76930909	2058
chr14	76928851	77128851	harbor1	chr14	76931357	76931504	LTR/ERVL-MaLR	1834	-	74	76931431	2580
chr14	76928851	77128851	harbor1	chr14	76978408	76978562	LTR/ERVL-MaLR	636	-	77	76978485	49634
chr14	21308274	21508274	harbor1	chr14	21333444	21333924	LTR/ERVL-MaLR	1284	-	240	21333684	25410
chr14	21308274	21508274	harbor1	chr14	21334222	21334256	LTR/ERVL-MaLR	1284	-	17	21334239	25965
chr14	76928811	77128811	harbor1	chr14	76930764	76931054	LTR/ERVL-MaLR	1834	-	145	76930909	2098
chr14	76928811	77128811	harbor1	chr14	76931357	76931504	LTR/ERVL-MaLR	1834	-	74	76931431	2620
chr14	76928811	77128811	harbor1	chr14	76978408	76978562	LTR/ERVL-MaLR	636	-	77	76978485	49674
chr14	100229954	100429954	harbor1	chr14	100265984	100266257	LTR/ERVL-MaLR	2052	-	136	100266120	36166
chr14	76928796	77128796	harbor1	chr14	76930764	76931054	LTR/ERVL-MaLR	1834	-	145	76930909	2113
chr14	76928796	77128796	harbor1	chr14	76931357	76931504	LTR/ERVL-MaLR	1834	-	74	76931431	2635
chr14	76928796	77128796	harbor1	chr14	76978408	76978562	LTR/ERVL-MaLR	636	-	77	76978485	49689
chr14	51140268	51340268	harbor1	chr14	51179158	51179499	LTR/ERVL-MaLR	1569	-	170	51179328	39060
chr14	51140268	51340268	harbor1	chr14	51185074	51185434	LTR/ERVL-MaLR	2055	-	180	51185254	44986
chr14	51140268	51340268	harbor1	chr14	51190862	51191075	LTR/ERVL-MaLR	524	-	106	51190968	50700
chr14	51140268	51340268	harbor1	chr14	51221836	51222189	LTR/ERVL-MaLR	2292	-	176	51222012	81744
chr14	51140268	51340268	harbor1	chr14	51222190	51222481	LTR/ERVL-MaLR	2425	-	146	51222336	82068
chr14	51140268	51340268	harbor1	chr14	51222643	51223913	LTR/ERVL-MaLR	9771	-	635	51223278	83010
chr14	51140268	51340268	harbor1	chr14	51223914	51224204	LTR/ERVL-MaLR	1172	-	145	51224059	83791
chr14	51140268	51340268	harbor1	chr14	51231312	51231709	LTR/ERVL-MaLR	2519	-	198	51231510	91242
chr14	51140268	51340268	harbor1	chr14	51236077	51236382	LTR/ERVL-MaLR	1890	-	152	51236229	95961
chr14	51140268	51340268	harbor1	chr14	51236526	51236672	LTR/ERVL-MaLR	849	-	73	51236599	96331
chr14	51140268	51340268	harbor1	chr14	51237831	51237910	LTR/ERVL-MaLR	518	-	40	51237871	97603
chr14	51140268	51340268	harbor1	chr14	51183563	51183714	LTR/ERVL-MaLR	741	-	76	51183639	43371
chr14	91224777	91424777	harbor1	chr14	91231107	91231441	LTR/ERVL-MaLR	1417	-	167	91231274	6497
chr14	91224777	91424777	harbor1	chr14	91247351	91247789	LTR/ERVL-MaLR	1343	-	219	91247570	22793
chr14	104623497	104823497	harbor1	chr14	104623853	104624155	LTR/ERVL-MaLR	879	-	151	104624004	507
chr14	104623497	104823497	harbor1	chr14	104628946	104629317	LTR/ERVL-MaLR	2042	-	186	104629132	5635
chr14	104623497	104823497	harbor1	chr14	104674646	104674686	LTR/ERVL-MaLR	1887	-	20	104674666	51169
chr14	104623497	104823497	harbor1	chr14	104674984	104675291	LTR/ERVL-MaLR	1887	-	154	104675138	51641
chr14	76928421	77128421	harbor1	chr14	76930764	76931054	LTR/ERVL-MaLR	1834	-	145	76930909	2488
chr14	76928421	77128421	harbor1	chr14	76931357	76931504	LTR/ERVL-MaLR	1834	-	74	76931431	3010
chr14	76928421	77128421	harbor1	chr14	76978408	76978562	LTR/ERVL-MaLR	636	-	77	76978485	50064
chr14	23249324	23449324	harbor1	chr14	23338874	23339241	LTR/ERVL-MaLR	2315	-	184	23339058	89734
chr14	104092922	104292922	harbor1	chr14	104120760	104121168	LTR/ERVL-MaLR	2022	-	204	104120964	28042
chr14	104091588	104291588	harbor1	chr14	104120760	104121168	LTR/ERVL-MaLR	2022	-	204	104120964	29376
chr14	100185531	100385531	harbor1	chr14	100227413	100227723	LTR/ERVL-MaLR	488	-	155	100227568	42037
chr14	100185531	100385531	harbor1	chr14	100228015	100228049	LTR/ERVL-MaLR	488	-	17	100228032	42501
chr14	100185531	100385531	harbor1	chr14	100265984	100266257	LTR/ERVL-MaLR	2052	-	136	100266120	80589
chr14	103421746	103621746	harbor1	chr14	103447706	103447773	LTR/ERVL-MaLR	1066	-	34	103447740	25994
chr14	103421746	103621746	harbor1	chr14	103448072	103448409	LTR/ERVL-MaLR	1066	-	168	103448240	26494
chr14	103421746	103621746	harbor1	chr14	103475394	103475664	LTR/ERVL-MaLR	1967	-	135	103475529	53783
chr14	103421746	103621746	harbor1	chr14	103475958	103476091	LTR/ERVL-MaLR	1967	-	66	103476024	54278
chr14	103421746	103621746	harbor1	chr14	103488142	103488245	LTR/ERVL-MaLR	452	-	52	103488194	66448
chr14	100032741	100232741	harbor1	chr14	100052808	100053194	LTR/ERVL-MaLR	1649	-	193	100053001	20260
chr14	104588146	104788146	harbor1	chr14	104609246	104609696	LTR/ERVL-MaLR	1438	-	225	104609471	21325
chr14	104588146	104788146	harbor1	chr14	104623853	104624155	LTR/ERVL-MaLR	879	-	151	104624004	35858
chr14	104588146	104788146	harbor1	chr14	104628946	104629317	LTR/ERVL-MaLR	2042	-	186	104629132	40986
chr14	104588146	104788146	harbor1	chr14	104674646	104674686	LTR/ERVL-MaLR	1887	-	20	104674666	86520
chr14	104588146	104788146	harbor1	chr14	104674984	104675291	LTR/ERVL-MaLR	1887	-	154	104675138	86992
chr14	99493162	99693162	harbor1	chr14	99494706	99495034	LTR/ERVL-MaLR	1451	-	164	99494870	1708
chr14	76928813	77128813	harbor1	chr14	76930764	76931054	LTR/ERVL-MaLR	1834	-	145	76930909	2096
chr14	76928813	77128813	harbor1	chr14	76931357	76931504	LTR/ERVL-MaLR	1834	-	74	76931431	2618
chr14	76928813	77128813	harbor1	chr14	76978408	76978562	LTR/ERVL-MaLR	636	-	77	76978485	49672
chr14	105567427	105767427	harbor1	chr14	105592894	105593267	LTR/ERVL-MaLR	1244	-	186	105593080	25653
chr14	105567427	105767427	harbor1	chr14	105608822	105608976	LTR/ERVL-MaLR	553	-	77	105608899	41472
chr14	105567427	105767427	harbor1	chr14	105612345	105612524	LTR/ERVL-MaLR	500	-	90	105612435	45008
chr14	105567427	105767427	harbor1	chr14	105631446	105631886	LTR/ERVL-MaLR	2047	-	220	105631666	64239
chr14	105567427	105767427	harbor1	chr14	105631887	105632039	LTR/ERVL-MaLR	609	-	76	105631963	64536
chr14	105567427	105767427	harbor1	chr14	105651404	105651844	LTR/ERVL-MaLR	2073	-	220	105651624	84197
chr14	105567427	105767427	harbor1	chr14	105651845	105652010	LTR/ERVL-MaLR	663	-	82	105651927	84500
chr14	105567427	105767427	harbor1	chr14	105654460	105654614	LTR/ERVL-MaLR	553	-	77	105654537	87110
chr14	105567427	105767427	harbor1	chr14	105657982	105658164	LTR/ERVL-MaLR	508	-	91	105658073	90646
chr14	99435566	99635566	harbor1	chr14	99435881	99436252	LTR/ERVL-MaLR	1995	-	186	99436067	501
chr14	99435566	99635566	harbor1	chr14	99494706	99495034	LTR/ERVL-MaLR	1451	-	164	99494870	59304
chr14	76928830	77128830	harbor1	chr14	76930764	76931054	LTR/ERVL-MaLR	1834	-	145	76930909	2079
chr14	76928830	77128830	harbor1	chr14	76931357	76931504	LTR/ERVL-MaLR	1834	-	74	76931431	2601
chr14	76928830	77128830	harbor1	chr14	76978408	76978562	LTR/ERVL-MaLR	636	-	77	76978485	49655
chr14	69667329	69867329	harbor1	chr14	69686497	69686865	LTR/ERVL-MaLR	2173	-	184	69686681	19352
chr14	69667329	69867329	harbor1	chr14	69717132	69717340	LTR/ERVL-MaLR	1931	-	104	69717236	49907
chr14	69667329	69867329	harbor1	chr14	69717647	69717801	LTR/ERVL-MaLR	1931	-	77	69717724	50395
chr14	69667329	69867329	harbor1	chr14	69723388	69723838	LTR/ERVL-MaLR	1669	-	225	69723613	56284
chr14	69667329	69867329	harbor1	chr14	69727318	69727700	LTR/ERVL-MaLR	1004	-	191	69727509	60180
chr14	69667329	69867329	harbor1	chr14	69736103	69736477	LTR/ERVL-MaLR	2145	-	187	69736290	68961
chr14	69667329	69867329	harbor1	chr14	69736478	69736620	LTR/ERVL-MaLR	1171	-	71	69736549	69220
chr14	69667329	69867329	harbor1	chr14	69757634	69757992	LTR/ERVL-MaLR	1565	-	179	69757813	90484
chr14	69667329	69867329	harbor1	chr14	69758036	69758189	LTR/ERVL-MaLR	1565	-	76	69758112	90783
chr14	102040503	102240503	harbor1	chr14	102111491	102111566	LTR/ERVL-MaLR	547	-	38	102111529	71026
chr14	104416746	104616746	harbor1	chr14	104426137	104426578	LTR/ERVL-MaLR	442	-	220	104426357	9611
chr14	104416746	104616746	harbor1	chr14	104450599	104450811	LTR/ERVL-MaLR	1236	-	106	104450705	33959
chr14	104416746	104616746	harbor1	chr14	104451868	104452034	LTR/ERVL-MaLR	971	-	83	104451951	35205
chr14	104416746	104616746	harbor1	chr14	104498624	104498804	LTR/ERVL-MaLR	497	-	90	104498714	81968
chr14	104416746	104616746	harbor1	chr14	104499144	104499504	LTR/ERVL-MaLR	2348	-	180	104499324	82578
chr14	67141315	67341315	harbor1	chr14	67141940	67142078	LTR/ERVL-MaLR	548	-	69	67142009	694
chr14	67141315	67341315	harbor1	chr14	67152983	67153020	LTR/ERVL-MaLR	1216	-	18	67153001	11686
chr14	67141315	67341315	harbor1	chr14	67153294	67153608	LTR/ERVL-MaLR	1216	-	157	67153451	12136
chr14	67141315	67341315	harbor1	chr14	67168031	67168389	LTR/ERVL-MaLR	2007	-	179	67168210	26895
chr14	67141315	67341315	harbor1	chr14	67201578	67201773	LTR/ERVL-MaLR	510	-	98	67201676	60361
chr14	67141315	67341315	harbor1	chr14	67207137	67207553	LTR/ERVL-MaLR	2554	-	208	67207345	66030
chr14	54681742	54881742	harbor1	chr14	54695158	54695645	LTR/ERVL-MaLR	1918	-	244	54695402	13660
chr14	54681742	54881742	harbor1	chr14	54697696	54698162	LTR/ERVL-MaLR	2146	-	233	54697929	16187
chr14	24047761	24247761	harbor1	chr14	24092750	24093228	LTR/ERVL-MaLR	1182	-	239	24092989	45228
chr14	104785187	104985187	harbor1	chr14	104809353	104809552	LTR/ERVL-MaLR	2057	-	100	104809453	24266
chr14	104785187	104985187	harbor1	chr14	104809863	104810041	LTR/ERVL-MaLR	2057	-	89	104809952	24765
chr14	104785187	104985187	harbor1	chr14	104813337	104813664	LTR/ERVL-MaLR	1258	-	164	104813501	28314
chr14	104785187	104985187	harbor1	chr14	104819937	104819992	LTR/ERVL-MaLR	1488	-	28	104819965	34778
chr14	104785187	104985187	harbor1	chr14	104820310	104820611	LTR/ERVL-MaLR	1488	-	150	104820460	35273
chr14	104785187	104985187	harbor1	chr14	104821589	104822021	LTR/ERVL-MaLR	2006	-	216	104821805	36618
chr14	104785187	104985187	harbor1	chr14	104823814	104824157	LTR/ERVL-MaLR	2210	-	172	104823986	38799
chr14	103423069	103623069	harbor1	chr14	103447706	103447773	LTR/ERVL-MaLR	1066	-	34	103447740	24671
chr14	103423069	103623069	harbor1	chr14	103448072	103448409	LTR/ERVL-MaLR	1066	-	168	103448240	25171
chr14	103423069	103623069	harbor1	chr14	103475394	103475664	LTR/ERVL-MaLR	1967	-	135	103475529	52460
chr14	103423069	103623069	harbor1	chr14	103475958	103476091	LTR/ERVL-MaLR	1967	-	66	103476024	52955
chr14	103423069	103623069	harbor1	chr14	103488142	103488245	LTR/ERVL-MaLR	452	-	52	103488194	65125
chr14	69876011	70076011	harbor1	chr14	69889619	69890083	LTR/ERVL-MaLR	1862	-	232	69889851	13840
chr14	69876011	70076011	harbor1	chr14	69893632	69893743	LTR/ERVL-MaLR	559	-	56	69893688	17677
chr14	69876011	70076011	harbor1	chr14	69907673	69908043	LTR/ERVL-MaLR	1779	-	185	69907858	31847
chr14	69876011	70076011	harbor1	chr14	69912573	69912752	LTR/ERVL-MaLR	597	-	90	69912663	36652
chr14	69876011	70076011	harbor1	chr14	69939132	69939493	LTR/ERVL-MaLR	2705	-	180	69939312	63301
chr14	69876011	70076011	harbor1	chr14	69950850	69951384	LTR/ERVL-MaLR	1402	-	267	69951117	75106
chr14	69876011	70076011	harbor1	chr14	69969241	69969672	LTR/ERVL-MaLR	2935	-	216	69969457	93446
chr14	69876011	70076011	harbor1	chr14	69894133	69894452	LTR/ERVL-MaLR	559	-	160	69894293	18282
chr14	100229952	100429952	harbor1	chr14	100265984	100266257	LTR/ERVL-MaLR	2052	-	136	100266120	36168
chr14	105386427	105586427	harbor1	chr14	105403969	105404500	LTR/ERVL-MaLR	2642	-	266	105404235	17808
chr14	105386427	105586427	harbor1	chr14	105413816	105413875	LTR/ERVL-MaLR	932	-	30	105413846	27419
chr14	105386427	105586427	harbor1	chr14	105414171	105414608	LTR/ERVL-MaLR	932	-	218	105414389	27962
chr14	23981770	24181770	harbor1	chr14	23995880	23996289	LTR/ERVL-MaLR	2494	-	204	23996084	14314
chr14	23981770	24181770	harbor1	chr14	24043436	24043507	LTR/ERVL-MaLR	2215	-	36	24043472	61702
chr14	23981770	24181770	harbor1	chr14	24043815	24044153	LTR/ERVL-MaLR	2215	-	169	24043984	62214
chr14	21306992	21506992	harbor1	chr14	21333444	21333924	LTR/ERVL-MaLR	1284	-	240	21333684	26692
chr14	21306992	21506992	harbor1	chr14	21334222	21334256	LTR/ERVL-MaLR	1284	-	17	21334239	27247
chr14	103423052	103623052	harbor1	chr14	103447706	103447773	LTR/ERVL-MaLR	1066	-	34	103447740	24688
chr14	103423052	103623052	harbor1	chr14	103448072	103448409	LTR/ERVL-MaLR	1066	-	168	103448240	25188
chr14	103423052	103623052	harbor1	chr14	103475394	103475664	LTR/ERVL-MaLR	1967	-	135	103475529	52477
chr14	103423052	103623052	harbor1	chr14	103475958	103476091	LTR/ERVL-MaLR	1967	-	66	103476024	52972
chr14	103423052	103623052	harbor1	chr14	103488142	103488245	LTR/ERVL-MaLR	452	-	52	103488194	65142
chr14	104785177	104985177	harbor1	chr14	104809353	104809552	LTR/ERVL-MaLR	2057	-	100	104809453	24276
chr14	104785177	104985177	harbor1	chr14	104809863	104810041	LTR/ERVL-MaLR	2057	-	89	104809952	24775
chr14	104785177	104985177	harbor1	chr14	104813337	104813664	LTR/ERVL-MaLR	1258	-	164	104813501	28324
chr14	104785177	104985177	harbor1	chr14	104819937	104819992	LTR/ERVL-MaLR	1488	-	28	104819965	34788
chr14	104785177	104985177	harbor1	chr14	104820310	104820611	LTR/ERVL-MaLR	1488	-	150	104820460	35283
chr14	104785177	104985177	harbor1	chr14	104821589	104822021	LTR/ERVL-MaLR	2006	-	216	104821805	36628
chr14	104785177	104985177	harbor1	chr14	104823814	104824157	LTR/ERVL-MaLR	2210	-	172	104823986	38809
chr14	73659652	73859652	harbor1	chr14	73668504	73668684	LTR/ERVL-MaLR	1647	-	90	73668594	8942
chr14	73659652	73859652	harbor1	chr14	73668977	73669140	LTR/ERVL-MaLR	1647	-	82	73669059	9407
chr14	73659652	73859652	harbor1	chr14	73669730	73669836	LTR/ERVL-MaLR	784	-	53	73669783	10131
chr14	73659652	73859652	harbor1	chr14	73662446	73662905	LTR/ERVL-MaLR	1711	-	230	73662676	3024
chr14	24047716	24247716	harbor1	chr14	24092750	24093228	LTR/ERVL-MaLR	1182	-	239	24092989	45273
chr14	104000741	104200741	harbor1	chr14	104020986	104021350	LTR/ERVL-MaLR	2046	-	182	104021168	20427
chr14	104000741	104200741	harbor1	chr14	104038968	104039337	LTR/ERVL-MaLR	2539	-	184	104039152	38411
chr14	104000741	104200741	harbor1	chr14	104050047	104050381	LTR/ERVL-MaLR	1099	-	167	104050214	49473
chr14	104000741	104200741	harbor1	chr14	104065519	104065894	LTR/ERVL-MaLR	2334	-	188	104065707	64966
chr14	104000741	104200741	harbor1	chr14	104065895	104067629	LTR/ERVL-MaLR	8734	-	867	104066762	66021
chr14	104000741	104200741	harbor1	chr14	104067630	104068009	LTR/ERVL-MaLR	2211	-	190	104067820	67079
chr14	104000741	104200741	harbor1	chr14	104079116	104079469	LTR/ERVL-MaLR	1548	-	176	104079292	78551
chr14	104000741	104200741	harbor1	chr14	104090442	104090853	LTR/ERVL-MaLR	810	-	206	104090648	89907
chr14	104000741	104200741	harbor1	chr14	104038355	104038675	LTR/ERVL-MaLR	496	-	160	104038515	37774
chr14	21335960	21535960	harbor1	chr14	21422578	21422646	LTR/ERVL-MaLR	1693	-	34	21422612	86652
chr14	21335960	21535960	harbor1	chr14	21423246	21423524	LTR/ERVL-MaLR	1693	-	139	21423385	87425
chr14	104092851	104292851	harbor1	chr14	104120760	104121168	LTR/ERVL-MaLR	2022	-	204	104120964	28113
chr14	91474368	91674368	harbor1	chr14	91525283	91525536	LTR/ERVL-MaLR	2603	-	126	91525409	51041
chr14	91474368	91674368	harbor1	chr14	91525834	91526022	LTR/ERVL-MaLR	2603	-	94	91525928	51560
chr14	91474368	91674368	harbor1	chr14	91527533	91528070	LTR/ERVL-MaLR	1332	-	268	91527801	53433
chr14	91474368	91674368	harbor1	chr14	91538281	91538693	LTR/ERVL-MaLR	2589	-	206	91538487	64119
chr14	91474368	91674368	harbor1	chr14	91538694	91540288	LTR/ERVL-MaLR	10382	-	797	91539491	65123
chr14	91474368	91674368	harbor1	chr14	91540289	91540329	LTR/ERVL-MaLR	2743	-	20	91540309	65941
chr14	91474368	91674368	harbor1	chr14	91540642	91541030	LTR/ERVL-MaLR	2743	-	194	91540836	66468
chr14	91474368	91674368	harbor1	chr14	91569951	91570327	LTR/ERVL-MaLR	1681	-	188	91570139	95771
chr14	90283195	90483195	harbor1	chr14	90320161	90320540	LTR/ERVL-MaLR	2420	-	190	90320351	37156
chr14	90283195	90483195	harbor1	chr14	90362592	90362933	LTR/ERVL-MaLR	1991	-	170	90362762	79567
chr14	90283195	90483195	harbor1	chr14	90371719	90372073	LTR/ERVL-MaLR	2727	-	177	90371896	88701
chr14	75328380	75528380	harbor1	chr14	75342630	75343034	LTR/ERVL-MaLR	809	-	202	75342832	14452
chr14	75328380	75528380	harbor1	chr14	75343878	75344349	LTR/ERVL-MaLR	1376	-	236	75344114	15734
chr14	75328380	75528380	harbor1	chr14	75351398	75351677	LTR/ERVL-MaLR	620	-	140	75351538	23158
chr14	75328380	75528380	harbor1	chr14	75363953	75364338	LTR/ERVL-MaLR	445	-	192	75364145	35765
chr14	75328380	75528380	harbor1	chr14	75368864	75369162	LTR/ERVL-MaLR	1349	-	149	75369013	40633
chr14	75328380	75528380	harbor1	chr14	75369466	75369561	LTR/ERVL-MaLR	1349	-	48	75369514	41134
chr14	75328380	75528380	harbor1	chr14	75378984	75379180	LTR/ERVL-MaLR	808	-	98	75379082	50702
chr14	75328380	75528380	harbor1	chr14	75398221	75398618	LTR/ERVL-MaLR	1451	-	198	75398419	70039
chr14	75328380	75528380	harbor1	chr14	75406434	75406666	LTR/ERVL-MaLR	2466	-	116	75406550	78170
chr14	75328380	75528380	harbor1	chr14	75406787	75406988	LTR/ERVL-MaLR	2466	-	100	75406887	78507
chr14	75328380	75528380	harbor1	chr14	75422536	75423072	LTR/ERVL-MaLR	1211	-	268	75422804	94424
chr14	75328380	75528380	harbor1	chr14	75425486	75425740	LTR/ERVL-MaLR	799	-	127	75425613	97233
chr14	102631841	102831841	harbor1	chr14	102644148	102644475	LTR/ERVL-MaLR	752	-	164	102644312	12471
chr14	102631841	102831841	harbor1	chr14	102644492	102645329	LTR/ERVL-MaLR	2087	-	418	102644910	13069
chr14	102631841	102831841	harbor1	chr14	102645360	102645668	LTR/ERVL-MaLR	868	-	154	102645514	13673
chr14	102631841	102831841	harbor1	chr14	102700821	102701182	LTR/ERVL-MaLR	2166	-	180	102701001	69160
chr14	102631841	102831841	harbor1	chr14	102718005	102718362	LTR/ERVL-MaLR	631	-	178	102718183	86342
chr14	64194361	64394361	harbor1	chr14	64204753	64205255	LTR/ERVL-MaLR	2089	-	251	64205004	10643
chr14	64194361	64394361	harbor1	chr14	64242788	64243141	LTR/ERVL-MaLR	2288	-	176	64242964	48603
chr14	64194361	64394361	harbor1	chr14	64252468	64252841	LTR/ERVL-MaLR	2146	-	186	64252654	58293
chr14	93926565	94126565	harbor1	chr14	93983033	93983408	LTR/ERVL-MaLR	2409	-	188	93983221	56656
chr14	93926565	94126565	harbor1	chr14	93989746	93990216	LTR/ERVL-MaLR	1559	-	235	93989981	63416
chr14	93926565	94126565	harbor1	chr14	94002502	94002570	LTR/ERVL-MaLR	1400	-	34	94002536	75971
chr14	93926565	94126565	harbor1	chr14	94002886	94003027	LTR/ERVL-MaLR	1400	-	70	94002956	76391
chr14	93926565	94126565	harbor1	chr14	94014411	94015049	LTR/ERVL-MaLR	787	-	319	94014730	88165
chr14	93926565	94126565	harbor1	chr14	94021263	94021828	LTR/ERVL-MaLR	2122	-	282	94021545	94980
chr14	103423043	103623043	harbor1	chr14	103447706	103447773	LTR/ERVL-MaLR	1066	-	34	103447740	24697
chr14	103423043	103623043	harbor1	chr14	103448072	103448409	LTR/ERVL-MaLR	1066	-	168	103448240	25197
chr14	103423043	103623043	harbor1	chr14	103475394	103475664	LTR/ERVL-MaLR	1967	-	135	103475529	52486
chr14	103423043	103623043	harbor1	chr14	103475958	103476091	LTR/ERVL-MaLR	1967	-	66	103476024	52981
chr14	103423043	103623043	harbor1	chr14	103488142	103488245	LTR/ERVL-MaLR	452	-	52	103488194	65151
chr14	67499989	67699989	harbor1	chr14	67545180	67545413	LTR/ERVL-MaLR	863	-	116	67545296	45307
chr14	67499989	67699989	harbor1	chr14	67556080	67556230	LTR/ERVL-MaLR	481	-	75	67556155	56166
chr14	100182018	100382018	harbor1	chr14	100227413	100227723	LTR/ERVL-MaLR	488	-	155	100227568	45550
chr14	100182018	100382018	harbor1	chr14	100228015	100228049	LTR/ERVL-MaLR	488	-	17	100228032	46014
chr14	100182018	100382018	harbor1	chr14	100265984	100266257	LTR/ERVL-MaLR	2052	-	136	100266120	84102
chr14	104015415	104215415	harbor1	chr14	104020986	104021350	LTR/ERVL-MaLR	2046	-	182	104021168	5753
chr14	104015415	104215415	harbor1	chr14	104038968	104039337	LTR/ERVL-MaLR	2539	-	184	104039152	23737
chr14	104015415	104215415	harbor1	chr14	104050047	104050381	LTR/ERVL-MaLR	1099	-	167	104050214	34799
chr14	104015415	104215415	harbor1	chr14	104065519	104065894	LTR/ERVL-MaLR	2334	-	188	104065707	50292
chr14	104015415	104215415	harbor1	chr14	104065895	104067629	LTR/ERVL-MaLR	8734	-	867	104066762	51347
chr14	104015415	104215415	harbor1	chr14	104067630	104068009	LTR/ERVL-MaLR	2211	-	190	104067820	52405
chr14	104015415	104215415	harbor1	chr14	104079116	104079469	LTR/ERVL-MaLR	1548	-	176	104079292	63877
chr14	104015415	104215415	harbor1	chr14	104090442	104090853	LTR/ERVL-MaLR	810	-	206	104090648	75233
chr14	104015415	104215415	harbor1	chr14	104038355	104038675	LTR/ERVL-MaLR	496	-	160	104038515	23100
chr14	76925476	77125476	harbor1	chr14	76930764	76931054	LTR/ERVL-MaLR	1834	-	145	76930909	5433
chr14	76925476	77125476	harbor1	chr14	76931357	76931504	LTR/ERVL-MaLR	1834	-	74	76931431	5955
chr14	76925476	77125476	harbor1	chr14	76978408	76978562	LTR/ERVL-MaLR	636	-	77	76978485	53009
chr14	90283220	90483220	harbor1	chr14	90320161	90320540	LTR/ERVL-MaLR	2420	-	190	90320351	37131
chr14	90283220	90483220	harbor1	chr14	90362592	90362933	LTR/ERVL-MaLR	1991	-	170	90362762	79542
chr14	90283220	90483220	harbor1	chr14	90371719	90372073	LTR/ERVL-MaLR	2727	-	177	90371896	88676
chr14	105554090	105754090	harbor1	chr14	105592894	105593267	LTR/ERVL-MaLR	1244	-	186	105593080	38990
chr14	105554090	105754090	harbor1	chr14	105608822	105608976	LTR/ERVL-MaLR	553	-	77	105608899	54809
chr14	105554090	105754090	harbor1	chr14	105612345	105612524	LTR/ERVL-MaLR	500	-	90	105612435	58345
chr14	105554090	105754090	harbor1	chr14	105631446	105631886	LTR/ERVL-MaLR	2047	-	220	105631666	77576
chr14	105554090	105754090	harbor1	chr14	105631887	105632039	LTR/ERVL-MaLR	609	-	76	105631963	77873
chr14	105554090	105754090	harbor1	chr14	105651404	105651844	LTR/ERVL-MaLR	2073	-	220	105651624	97534
chr14	105554090	105754090	harbor1	chr14	105651845	105652010	LTR/ERVL-MaLR	663	-	82	105651927	97837
chr14	105054599	105254599	harbor1	chr14	105070413	105070679	LTR/ERVL-MaLR	676	-	133	105070546	15947
chr14	101439534	101639534	harbor1	chr14	101467119	101467562	LTR/ERVL-MaLR	1240	-	222	101467341	27807
chr14	101439534	101639534	harbor1	chr14	101472802	101473120	LTR/ERVL-MaLR	1210	-	159	101472961	33427
chr14	101439534	101639534	harbor1	chr14	101498477	101498862	LTR/ERVL-MaLR	1390	-	192	101498669	59135
chr14	101439534	101639534	harbor1	chr14	101515569	101515957	LTR/ERVL-MaLR	497	-	194	101515763	76229
chr15	29169912	29369912	harbor1	chr15	29170849	29171231	LTR/ERVL-MaLR	1754	-	191	29171040	1128
chr15	29169912	29369912	harbor1	chr15	29191929	29192220	LTR/ERVL-MaLR	654	-	146	29192075	22163
chr15	29169912	29369912	harbor1	chr15	29206077	29206417	LTR/ERVL-MaLR	1965	-	170	29206247	36335
chr15	29169912	29369912	harbor1	chr15	29238648	29238993	LTR/ERVL-MaLR	2190	-	172	29238820	68908
chr15	29169912	29369912	harbor1	chr15	29249704	29250124	LTR/ERVL-MaLR	2917	-	210	29249914	80002
chr15	67421734	67621734	harbor1	chr15	67476170	67476517	LTR/ERVL-MaLR	1139	-	174	67476344	54610
chr15	67421734	67621734	harbor1	chr15	67481189	67481561	LTR/ERVL-MaLR	2684	-	186	67481375	59641
chr15	74837985	75037985	harbor1	chr15	74886745	74886816	LTR/ERVL-MaLR	2119	-	36	74886781	48796
chr15	74837985	75037985	harbor1	chr15	74887423	74887716	LTR/ERVL-MaLR	2119	-	146	74887569	49584
chr15	35445552	35645552	harbor1	chr15	35459096	35459513	LTR/ERVL-MaLR	1420	-	208	35459304	13752
chr15	35445552	35645552	harbor1	chr15	35484254	35484812	LTR/ERVL-MaLR	2053	-	279	35484533	38981
chr15	35445552	35645552	harbor1	chr15	35485957	35486004	LTR/ERVL-MaLR	1984	-	24	35485981	40429
chr15	35445552	35645552	harbor1	chr15	35486005	35486358	LTR/ERVL-MaLR	2316	-	176	35486181	40629
chr15	35445552	35645552	harbor1	chr15	35486359	35486677	LTR/ERVL-MaLR	1984	-	159	35486518	40966
chr15	35445552	35645552	harbor1	chr15	35488331	35488684	LTR/ERVL-MaLR	1803	-	176	35488507	42955
chr15	35445552	35645552	harbor1	chr15	35490789	35491155	LTR/ERVL-MaLR	1719	-	183	35490972	45420
chr15	35445552	35645552	harbor1	chr15	35529140	35529500	LTR/ERVL-MaLR	1843	-	180	35529320	83768
chr15	35445552	35645552	harbor1	chr15	35486678	35488328	LTR/ERVL-MaLR	11598	-	825	35487503	41951
chr15	35446223	35646223	harbor1	chr15	35459096	35459513	LTR/ERVL-MaLR	1420	-	208	35459304	13081
chr15	35446223	35646223	harbor1	chr15	35484254	35484812	LTR/ERVL-MaLR	2053	-	279	35484533	38310
chr15	35446223	35646223	harbor1	chr15	35485957	35486004	LTR/ERVL-MaLR	1984	-	24	35485981	39758
chr15	35446223	35646223	harbor1	chr15	35486005	35486358	LTR/ERVL-MaLR	2316	-	176	35486181	39958
chr15	35446223	35646223	harbor1	chr15	35486359	35486677	LTR/ERVL-MaLR	1984	-	159	35486518	40295
chr15	35446223	35646223	harbor1	chr15	35488331	35488684	LTR/ERVL-MaLR	1803	-	176	35488507	42284
chr15	35446223	35646223	harbor1	chr15	35490789	35491155	LTR/ERVL-MaLR	1719	-	183	35490972	44749
chr15	35446223	35646223	harbor1	chr15	35529140	35529500	LTR/ERVL-MaLR	1843	-	180	35529320	83097
chr15	35446223	35646223	harbor1	chr15	35486678	35488328	LTR/ERVL-MaLR	11598	-	825	35487503	41280
chr15	67104316	67304316	harbor1	chr15	67156878	67157031	LTR/ERVL-MaLR	538	-	76	67156954	52638
chr15	35446236	35646236	harbor1	chr15	35459096	35459513	LTR/ERVL-MaLR	1420	-	208	35459304	13068
chr15	35446236	35646236	harbor1	chr15	35484254	35484812	LTR/ERVL-MaLR	2053	-	279	35484533	38297
chr15	35446236	35646236	harbor1	chr15	35485957	35486004	LTR/ERVL-MaLR	1984	-	24	35485981	39745
chr15	35446236	35646236	harbor1	chr15	35486005	35486358	LTR/ERVL-MaLR	2316	-	176	35486181	39945
chr15	35446236	35646236	harbor1	chr15	35486359	35486677	LTR/ERVL-MaLR	1984	-	159	35486518	40282
chr15	35446236	35646236	harbor1	chr15	35488331	35488684	LTR/ERVL-MaLR	1803	-	176	35488507	42271
chr15	35446236	35646236	harbor1	chr15	35490789	35491155	LTR/ERVL-MaLR	1719	-	183	35490972	44736
chr15	35446236	35646236	harbor1	chr15	35529140	35529500	LTR/ERVL-MaLR	1843	-	180	35529320	83084
chr15	35446236	35646236	harbor1	chr15	35486678	35488328	LTR/ERVL-MaLR	11598	-	825	35487503	41267
chr15	101843670	102043670	harbor1	chr15	101861596	101861871	LTR/ERVL-MaLR	1157	-	138	101861734	18064
chr15	101843670	102043670	harbor1	chr15	101864162	101864402	LTR/ERVL-MaLR	1157	-	120	101864282	20612
chr15	35446435	35646435	harbor1	chr15	35459096	35459513	LTR/ERVL-MaLR	1420	-	208	35459304	12869
chr15	35446435	35646435	harbor1	chr15	35484254	35484812	LTR/ERVL-MaLR	2053	-	279	35484533	38098
chr15	35446435	35646435	harbor1	chr15	35485957	35486004	LTR/ERVL-MaLR	1984	-	24	35485981	39546
chr15	35446435	35646435	harbor1	chr15	35486005	35486358	LTR/ERVL-MaLR	2316	-	176	35486181	39746
chr15	35446435	35646435	harbor1	chr15	35486359	35486677	LTR/ERVL-MaLR	1984	-	159	35486518	40083
chr15	35446435	35646435	harbor1	chr15	35488331	35488684	LTR/ERVL-MaLR	1803	-	176	35488507	42072
chr15	35446435	35646435	harbor1	chr15	35490789	35491155	LTR/ERVL-MaLR	1719	-	183	35490972	44537
chr15	35446435	35646435	harbor1	chr15	35529140	35529500	LTR/ERVL-MaLR	1843	-	180	35529320	82885
chr15	35446435	35646435	harbor1	chr15	35486678	35488328	LTR/ERVL-MaLR	11598	-	825	35487503	41068
chr15	45029576	45229576	harbor1	chr15	45079091	45079524	LTR/ERVL-MaLR	2777	-	216	45079307	49731
chr15	35446210	35646210	harbor1	chr15	35459096	35459513	LTR/ERVL-MaLR	1420	-	208	35459304	13094
chr15	35446210	35646210	harbor1	chr15	35484254	35484812	LTR/ERVL-MaLR	2053	-	279	35484533	38323
chr15	35446210	35646210	harbor1	chr15	35485957	35486004	LTR/ERVL-MaLR	1984	-	24	35485981	39771
chr15	35446210	35646210	harbor1	chr15	35486005	35486358	LTR/ERVL-MaLR	2316	-	176	35486181	39971
chr15	35446210	35646210	harbor1	chr15	35486359	35486677	LTR/ERVL-MaLR	1984	-	159	35486518	40308
chr15	35446210	35646210	harbor1	chr15	35488331	35488684	LTR/ERVL-MaLR	1803	-	176	35488507	42297
chr15	35446210	35646210	harbor1	chr15	35490789	35491155	LTR/ERVL-MaLR	1719	-	183	35490972	44762
chr15	35446210	35646210	harbor1	chr15	35529140	35529500	LTR/ERVL-MaLR	1843	-	180	35529320	83110
chr15	35446210	35646210	harbor1	chr15	35486678	35488328	LTR/ERVL-MaLR	11598	-	825	35487503	41293
chr15	67421817	67621817	harbor1	chr15	67476170	67476517	LTR/ERVL-MaLR	1139	-	174	67476344	54527
chr15	67421817	67621817	harbor1	chr15	67481189	67481561	LTR/ERVL-MaLR	2684	-	186	67481375	59558
chr15	35446226	35646226	harbor1	chr15	35459096	35459513	LTR/ERVL-MaLR	1420	-	208	35459304	13078
chr15	35446226	35646226	harbor1	chr15	35484254	35484812	LTR/ERVL-MaLR	2053	-	279	35484533	38307
chr15	35446226	35646226	harbor1	chr15	35485957	35486004	LTR/ERVL-MaLR	1984	-	24	35485981	39755
chr15	35446226	35646226	harbor1	chr15	35486005	35486358	LTR/ERVL-MaLR	2316	-	176	35486181	39955
chr15	35446226	35646226	harbor1	chr15	35486359	35486677	LTR/ERVL-MaLR	1984	-	159	35486518	40292
chr15	35446226	35646226	harbor1	chr15	35488331	35488684	LTR/ERVL-MaLR	1803	-	176	35488507	42281
chr15	35446226	35646226	harbor1	chr15	35490789	35491155	LTR/ERVL-MaLR	1719	-	183	35490972	44746
chr15	35446226	35646226	harbor1	chr15	35529140	35529500	LTR/ERVL-MaLR	1843	-	180	35529320	83094
chr15	35446226	35646226	harbor1	chr15	35486678	35488328	LTR/ERVL-MaLR	11598	-	825	35487503	41277
chr15	25243057	25443057	harbor1	chr15	25274128	25274390	LTR/ERVL-MaLR	1102	-	131	25274259	31202
chr15	25243057	25443057	harbor1	chr15	25274688	25274785	LTR/ERVL-MaLR	1102	-	48	25274736	31679
chr15	25243057	25443057	harbor1	chr15	25306001	25306289	LTR/ERVL-MaLR	1225	-	144	25306145	63088
chr15	25243057	25443057	harbor1	chr15	25315190	25315652	LTR/ERVL-MaLR	1579	-	231	25315421	72364
chr15	35446238	35646238	harbor1	chr15	35459096	35459513	LTR/ERVL-MaLR	1420	-	208	35459304	13066
chr15	35446238	35646238	harbor1	chr15	35484254	35484812	LTR/ERVL-MaLR	2053	-	279	35484533	38295
chr15	35446238	35646238	harbor1	chr15	35485957	35486004	LTR/ERVL-MaLR	1984	-	24	35485981	39743
chr15	35446238	35646238	harbor1	chr15	35486005	35486358	LTR/ERVL-MaLR	2316	-	176	35486181	39943
chr15	35446238	35646238	harbor1	chr15	35486359	35486677	LTR/ERVL-MaLR	1984	-	159	35486518	40280
chr15	35446238	35646238	harbor1	chr15	35488331	35488684	LTR/ERVL-MaLR	1803	-	176	35488507	42269
chr15	35446238	35646238	harbor1	chr15	35490789	35491155	LTR/ERVL-MaLR	1719	-	183	35490972	44734
chr15	35446238	35646238	harbor1	chr15	35529140	35529500	LTR/ERVL-MaLR	1843	-	180	35529320	83082
chr15	35446238	35646238	harbor1	chr15	35486678	35488328	LTR/ERVL-MaLR	11598	-	825	35487503	41265
chr15	101728928	101928928	harbor1	chr15	101729999	101730326	LTR/ERVL-MaLR	1710	-	164	101730163	1235
chr15	101728928	101928928	harbor1	chr15	101730572	101730738	LTR/ERVL-MaLR	849	-	83	101730655	1727
chr15	101728928	101928928	harbor1	chr15	101799241	101799329	LTR/ERVL-MaLR	454	-	44	101799285	70357
chr15	31770716	31970716	harbor1	chr15	31773277	31773613	LTR/ERVL-MaLR	1677	-	168	31773445	2729
chr15	31770716	31970716	harbor1	chr15	31777028	31777356	LTR/ERVL-MaLR	1310	-	164	31777192	6476
chr15	31770716	31970716	harbor1	chr15	31797836	31798239	LTR/ERVL-MaLR	1688	-	202	31798038	27322
chr15	31770716	31970716	harbor1	chr15	31814025	31814408	LTR/ERVL-MaLR	455	-	192	31814217	43501
chr15	31770716	31970716	harbor1	chr15	31825197	31825570	LTR/ERVL-MaLR	2134	-	186	31825383	54667
chr15	31770716	31970716	harbor1	chr15	31825571	31827142	LTR/ERVL-MaLR	11789	-	786	31826357	55641
chr15	31770716	31970716	harbor1	chr15	31827143	31827517	LTR/ERVL-MaLR	1997	-	187	31827330	56614
chr15	31770716	31970716	harbor1	chr15	31847683	31848069	LTR/ERVL-MaLR	1877	-	193	31847876	77160
chr15	31770716	31970716	harbor1	chr15	31854000	31854445	LTR/ERVL-MaLR	2060	-	222	31854222	83506
chr15	31770716	31970716	harbor1	chr15	31854448	31854801	LTR/ERVL-MaLR	713	-	176	31854624	83908
chr15	31770716	31970716	harbor1	chr15	31862397	31862751	LTR/ERVL-MaLR	2801	-	177	31862574	91858
chr15	31770716	31970716	harbor1	chr15	31862752	31864328	LTR/ERVL-MaLR	11974	-	788	31863540	92824
chr15	31770716	31970716	harbor1	chr15	31864329	31864682	LTR/ERVL-MaLR	2674	-	176	31864505	93789
chr15	67421798	67621798	harbor1	chr15	67476170	67476517	LTR/ERVL-MaLR	1139	-	174	67476344	54546
chr15	67421798	67621798	harbor1	chr15	67481189	67481561	LTR/ERVL-MaLR	2684	-	186	67481375	59577
chr15	35446211	35646211	harbor1	chr15	35459096	35459513	LTR/ERVL-MaLR	1420	-	208	35459304	13093
chr15	35446211	35646211	harbor1	chr15	35484254	35484812	LTR/ERVL-MaLR	2053	-	279	35484533	38322
chr15	35446211	35646211	harbor1	chr15	35485957	35486004	LTR/ERVL-MaLR	1984	-	24	35485981	39770
chr15	35446211	35646211	harbor1	chr15	35486005	35486358	LTR/ERVL-MaLR	2316	-	176	35486181	39970
chr15	35446211	35646211	harbor1	chr15	35486359	35486677	LTR/ERVL-MaLR	1984	-	159	35486518	40307
chr15	35446211	35646211	harbor1	chr15	35488331	35488684	LTR/ERVL-MaLR	1803	-	176	35488507	42296
chr15	35446211	35646211	harbor1	chr15	35490789	35491155	LTR/ERVL-MaLR	1719	-	183	35490972	44761
chr15	35446211	35646211	harbor1	chr15	35529140	35529500	LTR/ERVL-MaLR	1843	-	180	35529320	83109
chr15	35446211	35646211	harbor1	chr15	35486678	35488328	LTR/ERVL-MaLR	11598	-	825	35487503	41292
chr15	24856071	25056071	harbor1	chr15	24868316	24868629	LTR/ERVL-MaLR	727	-	156	24868472	12401
chr15	24856071	25056071	harbor1	chr15	24936485	24936862	LTR/ERVL-MaLR	2027	-	188	24936673	80602
chr15	32599301	32799301	harbor1	chr15	32626591	32627012	LTR/ERVL-MaLR	1797	-	210	32626801	27500
chr15	32599301	32799301	harbor1	chr15	32646179	32646481	LTR/ERVL-MaLR	939	-	151	32646330	47029
chr15	32599301	32799301	harbor1	chr15	32654149	32654437	LTR/ERVL-MaLR	1228	-	144	32654293	54992
chr15	32599301	32799301	harbor1	chr15	32683925	32684364	LTR/ERVL-MaLR	1093	-	220	32684145	84844
chr15	67421805	67621805	harbor1	chr15	67476170	67476517	LTR/ERVL-MaLR	1139	-	174	67476344	54539
chr15	67421805	67621805	harbor1	chr15	67481189	67481561	LTR/ERVL-MaLR	2684	-	186	67481375	59570
chr15	66786957	66986957	harbor1	chr15	66885587	66885926	LTR/ERVL-MaLR	1505	-	170	66885757	98800
chr15	35446209	35646209	harbor1	chr15	35459096	35459513	LTR/ERVL-MaLR	1420	-	208	35459304	13095
chr15	35446209	35646209	harbor1	chr15	35484254	35484812	LTR/ERVL-MaLR	2053	-	279	35484533	38324
chr15	35446209	35646209	harbor1	chr15	35485957	35486004	LTR/ERVL-MaLR	1984	-	24	35485981	39772
chr15	35446209	35646209	harbor1	chr15	35486005	35486358	LTR/ERVL-MaLR	2316	-	176	35486181	39972
chr15	35446209	35646209	harbor1	chr15	35486359	35486677	LTR/ERVL-MaLR	1984	-	159	35486518	40309
chr15	35446209	35646209	harbor1	chr15	35488331	35488684	LTR/ERVL-MaLR	1803	-	176	35488507	42298
chr15	35446209	35646209	harbor1	chr15	35490789	35491155	LTR/ERVL-MaLR	1719	-	183	35490972	44763
chr15	35446209	35646209	harbor1	chr15	35529140	35529500	LTR/ERVL-MaLR	1843	-	180	35529320	83111
chr15	35446209	35646209	harbor1	chr15	35486678	35488328	LTR/ERVL-MaLR	11598	-	825	35487503	41294
chr15	35446262	35646262	harbor1	chr15	35459096	35459513	LTR/ERVL-MaLR	1420	-	208	35459304	13042
chr15	35446262	35646262	harbor1	chr15	35484254	35484812	LTR/ERVL-MaLR	2053	-	279	35484533	38271
chr15	35446262	35646262	harbor1	chr15	35485957	35486004	LTR/ERVL-MaLR	1984	-	24	35485981	39719
chr15	35446262	35646262	harbor1	chr15	35486005	35486358	LTR/ERVL-MaLR	2316	-	176	35486181	39919
chr15	35446262	35646262	harbor1	chr15	35486359	35486677	LTR/ERVL-MaLR	1984	-	159	35486518	40256
chr15	35446262	35646262	harbor1	chr15	35488331	35488684	LTR/ERVL-MaLR	1803	-	176	35488507	42245
chr15	35446262	35646262	harbor1	chr15	35490789	35491155	LTR/ERVL-MaLR	1719	-	183	35490972	44710
chr15	35446262	35646262	harbor1	chr15	35529140	35529500	LTR/ERVL-MaLR	1843	-	180	35529320	83058
chr15	35446262	35646262	harbor1	chr15	35486678	35488328	LTR/ERVL-MaLR	11598	-	825	35487503	41241
chr15	67421688	67621688	harbor1	chr15	67476170	67476517	LTR/ERVL-MaLR	1139	-	174	67476344	54656
chr15	67421688	67621688	harbor1	chr15	67481189	67481561	LTR/ERVL-MaLR	2684	-	186	67481375	59687
chr15	35446272	35646272	harbor1	chr15	35459096	35459513	LTR/ERVL-MaLR	1420	-	208	35459304	13032
chr15	35446272	35646272	harbor1	chr15	35484254	35484812	LTR/ERVL-MaLR	2053	-	279	35484533	38261
chr15	35446272	35646272	harbor1	chr15	35485957	35486004	LTR/ERVL-MaLR	1984	-	24	35485981	39709
chr15	35446272	35646272	harbor1	chr15	35486005	35486358	LTR/ERVL-MaLR	2316	-	176	35486181	39909
chr15	35446272	35646272	harbor1	chr15	35486359	35486677	LTR/ERVL-MaLR	1984	-	159	35486518	40246
chr15	35446272	35646272	harbor1	chr15	35488331	35488684	LTR/ERVL-MaLR	1803	-	176	35488507	42235
chr15	35446272	35646272	harbor1	chr15	35490789	35491155	LTR/ERVL-MaLR	1719	-	183	35490972	44700
chr15	35446272	35646272	harbor1	chr15	35529140	35529500	LTR/ERVL-MaLR	1843	-	180	35529320	83048
chr15	35446272	35646272	harbor1	chr15	35486678	35488328	LTR/ERVL-MaLR	11598	-	825	35487503	41231
chr15	100817738	101017738	harbor1	chr15	100866304	100866674	LTR/ERVL-MaLR	581	-	185	100866489	48751
chr15	100817738	101017738	harbor1	chr15	100875004	100875280	LTR/ERVL-MaLR	692	-	138	100875142	57404
chr15	100817738	101017738	harbor1	chr15	100913221	100913711	LTR/ERVL-MaLR	1863	-	245	100913466	95728
chr15	67421773	67621773	harbor1	chr15	67476170	67476517	LTR/ERVL-MaLR	1139	-	174	67476344	54571
chr15	67421773	67621773	harbor1	chr15	67481189	67481561	LTR/ERVL-MaLR	2684	-	186	67481375	59602
chr15	101861558	102061558	harbor1	chr15	101861596	101861871	LTR/ERVL-MaLR	1157	-	138	101861734	176
chr15	101861558	102061558	harbor1	chr15	101864162	101864402	LTR/ERVL-MaLR	1157	-	120	101864282	2724
chr15	101861558	102061558	harbor1	chr15	101950672	101951041	LTR/ERVL-MaLR	788	-	184	101950856	89298
chr15	101861558	102061558	harbor1	chr15	101951343	101951501	LTR/ERVL-MaLR	750	-	79	101951422	89864
chr15	101861558	102061558	harbor1	chr15	101951502	101952710	LTR/ERVL-MaLR	3917	-	604	101952106	90548
chr15	101861558	102061558	harbor1	chr15	101959827	101960005	LTR/ERVL-MaLR	758	-	89	101959916	98358
chr15	101861558	102061558	harbor1	chr15	101960114	101960268	LTR/ERVL-MaLR	741	-	77	101960191	98633
chr15	34109577	34309577	harbor1	chr15	34179105	34179490	LTR/ERVL-MaLR	2295	-	192	34179297	69720
chr15	35446227	35646227	harbor1	chr15	35459096	35459513	LTR/ERVL-MaLR	1420	-	208	35459304	13077
chr15	35446227	35646227	harbor1	chr15	35484254	35484812	LTR/ERVL-MaLR	2053	-	279	35484533	38306
chr15	35446227	35646227	harbor1	chr15	35485957	35486004	LTR/ERVL-MaLR	1984	-	24	35485981	39754
chr15	35446227	35646227	harbor1	chr15	35486005	35486358	LTR/ERVL-MaLR	2316	-	176	35486181	39954
chr15	35446227	35646227	harbor1	chr15	35486359	35486677	LTR/ERVL-MaLR	1984	-	159	35486518	40291
chr15	35446227	35646227	harbor1	chr15	35488331	35488684	LTR/ERVL-MaLR	1803	-	176	35488507	42280
chr15	35446227	35646227	harbor1	chr15	35490789	35491155	LTR/ERVL-MaLR	1719	-	183	35490972	44745
chr15	35446227	35646227	harbor1	chr15	35529140	35529500	LTR/ERVL-MaLR	1843	-	180	35529320	83093
chr15	35446227	35646227	harbor1	chr15	35486678	35488328	LTR/ERVL-MaLR	11598	-	825	35487503	41276
chr15	29944821	30144821	harbor1	chr15	29989466	29989976	LTR/ERVL-MaLR	1021	-	255	29989721	44900
chr15	29944821	30144821	harbor1	chr15	29994411	29994734	LTR/ERVL-MaLR	1244	-	162	29994573	49752
chr15	29944821	30144821	harbor1	chr15	29996281	29996498	LTR/ERVL-MaLR	937	-	108	29996389	51568
chr15	29944821	30144821	harbor1	chr15	29996798	29997006	LTR/ERVL-MaLR	937	-	104	29996902	52081
chr15	29944821	30144821	harbor1	chr15	29997288	29997619	LTR/ERVL-MaLR	1433	-	166	29997454	52633
chr15	29944821	30144821	harbor1	chr15	29997620	29998123	LTR/ERVL-MaLR	968	-	252	29997872	53051
chr15	29944821	30144821	harbor1	chr15	30037765	30038034	LTR/ERVL-MaLR	933	-	134	30037899	93078
chr15	29944821	30144821	harbor1	chr15	30038299	30038442	LTR/ERVL-MaLR	529	-	72	30038371	93550
chr15	101552272	101752272	harbor1	chr15	101553540	101553976	LTR/ERVL-MaLR	1115	-	218	101553758	1486
chr15	101552272	101752272	harbor1	chr15	101625184	101625559	LTR/ERVL-MaLR	2679	-	188	101625372	73100
chr15	101552272	101752272	harbor1	chr15	101633255	101633571	LTR/ERVL-MaLR	1067	-	158	101633413	81141
chr15	22455716	22655716	harbor1	chr15	22507998	22508300	LTR/ERVL-MaLR	1147	-	151	22508149	52433
chr15	101861545	102061545	harbor1	chr15	101861596	101861871	LTR/ERVL-MaLR	1157	-	138	101861734	189
chr15	101861545	102061545	harbor1	chr15	101864162	101864402	LTR/ERVL-MaLR	1157	-	120	101864282	2737
chr15	101861545	102061545	harbor1	chr15	101950672	101951041	LTR/ERVL-MaLR	788	-	184	101950856	89311
chr15	101861545	102061545	harbor1	chr15	101951343	101951501	LTR/ERVL-MaLR	750	-	79	101951422	89877
chr15	101861545	102061545	harbor1	chr15	101951502	101952710	LTR/ERVL-MaLR	3917	-	604	101952106	90561
chr15	101861545	102061545	harbor1	chr15	101959827	101960005	LTR/ERVL-MaLR	758	-	89	101959916	98371
chr15	101861545	102061545	harbor1	chr15	101960114	101960268	LTR/ERVL-MaLR	741	-	77	101960191	98646
chr15	101861594	102061594	harbor1	chr15	101861596	101861871	LTR/ERVL-MaLR	1157	-	138	101861734	140
chr15	101861594	102061594	harbor1	chr15	101864162	101864402	LTR/ERVL-MaLR	1157	-	120	101864282	2688
chr15	101861594	102061594	harbor1	chr15	101950672	101951041	LTR/ERVL-MaLR	788	-	184	101950856	89262
chr15	101861594	102061594	harbor1	chr15	101951343	101951501	LTR/ERVL-MaLR	750	-	79	101951422	89828
chr15	101861594	102061594	harbor1	chr15	101951502	101952710	LTR/ERVL-MaLR	3917	-	604	101952106	90512
chr15	101861594	102061594	harbor1	chr15	101959827	101960005	LTR/ERVL-MaLR	758	-	89	101959916	98322
chr15	101861594	102061594	harbor1	chr15	101960114	101960268	LTR/ERVL-MaLR	741	-	77	101960191	98597
chr15	74734286	74934286	harbor1	chr15	74738306	74738647	LTR/ERVL-MaLR	2377	-	170	74738476	4190
chr15	74734286	74934286	harbor1	chr15	74760254	74760412	LTR/ERVL-MaLR	430	-	79	74760333	26047
chr15	67421706	67621706	harbor1	chr15	67476170	67476517	LTR/ERVL-MaLR	1139	-	174	67476344	54638
chr15	67421706	67621706	harbor1	chr15	67481189	67481561	LTR/ERVL-MaLR	2684	-	186	67481375	59669
chr15	74946674	75146674	harbor1	chr15	74948328	74948390	LTR/ERVL-MaLR	1312	-	31	74948359	1685
chr15	74946674	75146674	harbor1	chr15	74948707	74949034	LTR/ERVL-MaLR	1312	-	164	74948871	2197
chr15	74946674	75146674	harbor1	chr15	74949640	74949716	LTR/ERVL-MaLR	1312	-	38	74949678	3004
chr15	74946674	75146674	harbor1	chr15	74961536	74961985	LTR/ERVL-MaLR	837	-	224	74961760	15086
chr15	74946674	75146674	harbor1	chr15	74967493	74967960	LTR/ERVL-MaLR	809	-	234	74967727	21053
chr15	74946674	75146674	harbor1	chr15	74971792	74971847	LTR/ERVL-MaLR	797	-	28	74971820	25146
chr15	74946674	75146674	harbor1	chr15	74972167	74972295	LTR/ERVL-MaLR	797	-	64	74972231	25557
chr15	35446206	35646206	harbor1	chr15	35459096	35459513	LTR/ERVL-MaLR	1420	-	208	35459304	13098
chr15	35446206	35646206	harbor1	chr15	35484254	35484812	LTR/ERVL-MaLR	2053	-	279	35484533	38327
chr15	35446206	35646206	harbor1	chr15	35485957	35486004	LTR/ERVL-MaLR	1984	-	24	35485981	39775
chr15	35446206	35646206	harbor1	chr15	35486005	35486358	LTR/ERVL-MaLR	2316	-	176	35486181	39975
chr15	35446206	35646206	harbor1	chr15	35486359	35486677	LTR/ERVL-MaLR	1984	-	159	35486518	40312
chr15	35446206	35646206	harbor1	chr15	35488331	35488684	LTR/ERVL-MaLR	1803	-	176	35488507	42301
chr15	35446206	35646206	harbor1	chr15	35490789	35491155	LTR/ERVL-MaLR	1719	-	183	35490972	44766
chr15	35446206	35646206	harbor1	chr15	35529140	35529500	LTR/ERVL-MaLR	1843	-	180	35529320	83114
chr15	35446206	35646206	harbor1	chr15	35486678	35488328	LTR/ERVL-MaLR	11598	-	825	35487503	41297
chr15	35446358	35646358	harbor1	chr15	35459096	35459513	LTR/ERVL-MaLR	1420	-	208	35459304	12946
chr15	35446358	35646358	harbor1	chr15	35484254	35484812	LTR/ERVL-MaLR	2053	-	279	35484533	38175
chr15	35446358	35646358	harbor1	chr15	35485957	35486004	LTR/ERVL-MaLR	1984	-	24	35485981	39623
chr15	35446358	35646358	harbor1	chr15	35486005	35486358	LTR/ERVL-MaLR	2316	-	176	35486181	39823
chr15	35446358	35646358	harbor1	chr15	35486359	35486677	LTR/ERVL-MaLR	1984	-	159	35486518	40160
chr15	35446358	35646358	harbor1	chr15	35488331	35488684	LTR/ERVL-MaLR	1803	-	176	35488507	42149
chr15	35446358	35646358	harbor1	chr15	35490789	35491155	LTR/ERVL-MaLR	1719	-	183	35490972	44614
chr15	35446358	35646358	harbor1	chr15	35529140	35529500	LTR/ERVL-MaLR	1843	-	180	35529320	82962
chr15	35446358	35646358	harbor1	chr15	35486678	35488328	LTR/ERVL-MaLR	11598	-	825	35487503	41145
chr15	24516009	24716009	harbor1	chr15	24517524	24518061	LTR/ERVL-MaLR	937	-	268	24517792	1783
chr15	24516009	24716009	harbor1	chr15	24537846	24538173	LTR/ERVL-MaLR	419	-	164	24538010	22001
chr15	24516009	24716009	harbor1	chr15	24541489	24541886	LTR/ERVL-MaLR	2285	-	198	24541687	25678
chr15	24516009	24716009	harbor1	chr15	24561375	24561688	LTR/ERVL-MaLR	746	-	156	24561531	45522
chr15	24516009	24716009	harbor1	chr15	24584510	24584811	LTR/ERVL-MaLR	735	-	150	24584660	68651
chr15	24516009	24716009	harbor1	chr15	24593798	24594183	LTR/ERVL-MaLR	2687	-	192	24593990	77981
chr15	24516009	24716009	harbor1	chr15	24594494	24595537	LTR/ERVL-MaLR	2687	-	522	24595016	79007
chr15	24516009	24716009	harbor1	chr15	24595542	24595838	LTR/ERVL-MaLR	1370	-	148	24595690	79681
chr15	96226959	96426959	harbor1	chr15	96231531	96231749	LTR/ERVL-MaLR	520	-	109	96231640	4681
chr15	35446299	35646299	harbor1	chr15	35459096	35459513	LTR/ERVL-MaLR	1420	-	208	35459304	13005
chr15	35446299	35646299	harbor1	chr15	35484254	35484812	LTR/ERVL-MaLR	2053	-	279	35484533	38234
chr15	35446299	35646299	harbor1	chr15	35485957	35486004	LTR/ERVL-MaLR	1984	-	24	35485981	39682
chr15	35446299	35646299	harbor1	chr15	35486005	35486358	LTR/ERVL-MaLR	2316	-	176	35486181	39882
chr15	35446299	35646299	harbor1	chr15	35486359	35486677	LTR/ERVL-MaLR	1984	-	159	35486518	40219
chr15	35446299	35646299	harbor1	chr15	35488331	35488684	LTR/ERVL-MaLR	1803	-	176	35488507	42208
chr15	35446299	35646299	harbor1	chr15	35490789	35491155	LTR/ERVL-MaLR	1719	-	183	35490972	44673
chr15	35446299	35646299	harbor1	chr15	35529140	35529500	LTR/ERVL-MaLR	1843	-	180	35529320	83021
chr15	35446299	35646299	harbor1	chr15	35486678	35488328	LTR/ERVL-MaLR	11598	-	825	35487503	41204
chr15	78668333	78868333	harbor1	chr15	78704099	78704212	LTR/ERVL-MaLR	511	-	56	78704155	35822
chr15	78668333	78868333	harbor1	chr15	78707910	78708325	LTR/ERVL-MaLR	2412	-	208	78708118	39785
chr15	78668333	78868333	harbor1	chr15	78747679	78748038	LTR/ERVL-MaLR	2203	-	180	78747859	79526
chr15	38153030	38353030	harbor1	chr15	38153840	38154053	LTR/ERVL-MaLR	570	-	106	38153946	916
chr15	38153030	38353030	harbor1	chr15	38192433	38192939	LTR/ERVL-MaLR	1839	-	253	38192686	39656
chr15	38153030	38353030	harbor1	chr15	38201589	38202118	LTR/ERVL-MaLR	1969	-	264	38201853	48823
chr15	38153030	38353030	harbor1	chr15	38239127	38239505	LTR/ERVL-MaLR	2330	-	189	38239316	86286
chr15	35443658	35643658	harbor1	chr15	35459096	35459513	LTR/ERVL-MaLR	1420	-	208	35459304	15646
chr15	35443658	35643658	harbor1	chr15	35484254	35484812	LTR/ERVL-MaLR	2053	-	279	35484533	40875
chr15	35443658	35643658	harbor1	chr15	35485957	35486004	LTR/ERVL-MaLR	1984	-	24	35485981	42323
chr15	35443658	35643658	harbor1	chr15	35486005	35486358	LTR/ERVL-MaLR	2316	-	176	35486181	42523
chr15	35443658	35643658	harbor1	chr15	35486359	35486677	LTR/ERVL-MaLR	1984	-	159	35486518	42860
chr15	35443658	35643658	harbor1	chr15	35488331	35488684	LTR/ERVL-MaLR	1803	-	176	35488507	44849
chr15	35443658	35643658	harbor1	chr15	35490789	35491155	LTR/ERVL-MaLR	1719	-	183	35490972	47314
chr15	35443658	35643658	harbor1	chr15	35529140	35529500	LTR/ERVL-MaLR	1843	-	180	35529320	85662
chr15	35443658	35643658	harbor1	chr15	35486678	35488328	LTR/ERVL-MaLR	11598	-	825	35487503	43845
chr15	35446230	35646230	harbor1	chr15	35459096	35459513	LTR/ERVL-MaLR	1420	-	208	35459304	13074
chr15	35446230	35646230	harbor1	chr15	35484254	35484812	LTR/ERVL-MaLR	2053	-	279	35484533	38303
chr15	35446230	35646230	harbor1	chr15	35485957	35486004	LTR/ERVL-MaLR	1984	-	24	35485981	39751
chr15	35446230	35646230	harbor1	chr15	35486005	35486358	LTR/ERVL-MaLR	2316	-	176	35486181	39951
chr15	35446230	35646230	harbor1	chr15	35486359	35486677	LTR/ERVL-MaLR	1984	-	159	35486518	40288
chr15	35446230	35646230	harbor1	chr15	35488331	35488684	LTR/ERVL-MaLR	1803	-	176	35488507	42277
chr15	35446230	35646230	harbor1	chr15	35490789	35491155	LTR/ERVL-MaLR	1719	-	183	35490972	44742
chr15	35446230	35646230	harbor1	chr15	35529140	35529500	LTR/ERVL-MaLR	1843	-	180	35529320	83090
chr15	35446230	35646230	harbor1	chr15	35486678	35488328	LTR/ERVL-MaLR	11598	-	825	35487503	41273
chr15	101854275	102054275	harbor1	chr15	101861596	101861871	LTR/ERVL-MaLR	1157	-	138	101861734	7459
chr15	101854275	102054275	harbor1	chr15	101864162	101864402	LTR/ERVL-MaLR	1157	-	120	101864282	10007
chr15	101854275	102054275	harbor1	chr15	101950672	101951041	LTR/ERVL-MaLR	788	-	184	101950856	96581
chr15	101854275	102054275	harbor1	chr15	101951343	101951501	LTR/ERVL-MaLR	750	-	79	101951422	97147
chr15	101854275	102054275	harbor1	chr15	101951502	101952710	LTR/ERVL-MaLR	3917	-	604	101952106	97831
chr15	67421776	67621776	harbor1	chr15	67476170	67476517	LTR/ERVL-MaLR	1139	-	174	67476344	54568
chr15	67421776	67621776	harbor1	chr15	67481189	67481561	LTR/ERVL-MaLR	2684	-	186	67481375	59599
chr15	29332978	29532978	harbor1	chr15	29427371	29427810	LTR/ERVL-MaLR	2148	-	220	29427591	94613
chr15	69999084	70199084	harbor1	chr15	69999671	69999992	LTR/ERVL-MaLR	1148	-	160	69999831	747
chr15	69999084	70199084	harbor1	chr15	70005485	70006040	LTR/ERVL-MaLR	1161	-	278	70005763	6679
chr15	74742325	74942325	harbor1	chr15	74760254	74760412	LTR/ERVL-MaLR	430	-	79	74760333	18008
chr15	74742196	74942196	harbor1	chr15	74760254	74760412	LTR/ERVL-MaLR	430	-	79	74760333	18137
chr15	67009819	67209819	harbor1	chr15	67012832	67013004	LTR/ERVL-MaLR	569	-	86	67012918	3099
chr15	67009819	67209819	harbor1	chr15	67014596	67014876	LTR/ERVL-MaLR	1635	-	140	67014736	4917
chr15	67009819	67209819	harbor1	chr15	67015152	67015162	LTR/ERVL-MaLR	1635	-	5	67015157	5338
chr15	67009819	67209819	harbor1	chr15	67015462	67015625	LTR/ERVL-MaLR	1635	-	82	67015544	5725
chr15	45029523	45229523	harbor1	chr15	45079091	45079524	LTR/ERVL-MaLR	2777	-	216	45079307	49784
chr15	101861669	102061669	harbor1	chr15	101861596	101861871	LTR/ERVL-MaLR	1157	-	138	101861734	65
chr15	101861669	102061669	harbor1	chr15	101864162	101864402	LTR/ERVL-MaLR	1157	-	120	101864282	2613
chr15	101861669	102061669	harbor1	chr15	101950672	101951041	LTR/ERVL-MaLR	788	-	184	101950856	89187
chr15	101861669	102061669	harbor1	chr15	101951343	101951501	LTR/ERVL-MaLR	750	-	79	101951422	89753
chr15	101861669	102061669	harbor1	chr15	101951502	101952710	LTR/ERVL-MaLR	3917	-	604	101952106	90437
chr15	101861669	102061669	harbor1	chr15	101959827	101960005	LTR/ERVL-MaLR	758	-	89	101959916	98247
chr15	101861669	102061669	harbor1	chr15	101960114	101960268	LTR/ERVL-MaLR	741	-	77	101960191	98522
chr15	31770811	31970811	harbor1	chr15	31773277	31773613	LTR/ERVL-MaLR	1677	-	168	31773445	2634
chr15	31770811	31970811	harbor1	chr15	31777028	31777356	LTR/ERVL-MaLR	1310	-	164	31777192	6381
chr15	31770811	31970811	harbor1	chr15	31797836	31798239	LTR/ERVL-MaLR	1688	-	202	31798038	27227
chr15	31770811	31970811	harbor1	chr15	31814025	31814408	LTR/ERVL-MaLR	455	-	192	31814217	43406
chr15	31770811	31970811	harbor1	chr15	31825197	31825570	LTR/ERVL-MaLR	2134	-	186	31825383	54572
chr15	31770811	31970811	harbor1	chr15	31825571	31827142	LTR/ERVL-MaLR	11789	-	786	31826357	55546
chr15	31770811	31970811	harbor1	chr15	31827143	31827517	LTR/ERVL-MaLR	1997	-	187	31827330	56519
chr15	31770811	31970811	harbor1	chr15	31847683	31848069	LTR/ERVL-MaLR	1877	-	193	31847876	77065
chr15	31770811	31970811	harbor1	chr15	31854000	31854445	LTR/ERVL-MaLR	2060	-	222	31854222	83411
chr15	31770811	31970811	harbor1	chr15	31854448	31854801	LTR/ERVL-MaLR	713	-	176	31854624	83813
chr15	31770811	31970811	harbor1	chr15	31862397	31862751	LTR/ERVL-MaLR	2801	-	177	31862574	91763
chr15	31770811	31970811	harbor1	chr15	31862752	31864328	LTR/ERVL-MaLR	11974	-	788	31863540	92729
chr15	31770811	31970811	harbor1	chr15	31864329	31864682	LTR/ERVL-MaLR	2674	-	176	31864505	93694
chr15	29332340	29532340	harbor1	chr15	29427371	29427810	LTR/ERVL-MaLR	2148	-	220	29427591	95251
chr15	19973464	20173464	harbor1	chr15	19980483	19980900	LTR/ERVL-MaLR	1943	-	208	19980691	7227
chr15	19973464	20173464	harbor1	chr15	19980914	19981653	LTR/ERVL-MaLR	3264	-	370	19981284	7820
chr15	19973464	20173464	harbor1	chr15	19982419	19982496	LTR/ERVL-MaLR	498	-	38	19982457	8993
chr15	19973464	20173464	harbor1	chr15	20000198	20000454	LTR/ERVL-MaLR	423	-	128	20000326	26862
chr15	19973464	20173464	harbor1	chr15	20000754	20001151	LTR/ERVL-MaLR	804	-	198	20000952	27488
chr15	19973464	20173464	harbor1	chr15	20002635	20002934	LTR/ERVL-MaLR	1265	-	150	20002785	29321
chr15	19973464	20173464	harbor1	chr15	20019189	20019617	LTR/ERVL-MaLR	912	-	214	20019403	45939
chr15	19973464	20173464	harbor1	chr15	20053388	20053733	LTR/ERVL-MaLR	1492	-	172	20053560	80096
chr15	19973464	20173464	harbor1	chr15	20054585	20055016	LTR/ERVL-MaLR	1542	-	216	20054801	81337
chr15	19973464	20173464	harbor1	chr15	20055020	20055392	LTR/ERVL-MaLR	1320	-	186	20055206	81742
chr15	19973464	20173464	harbor1	chr15	20053748	20054588	LTR/ERVL-MaLR	1774	-	420	20054168	80704
chr15	22880593	23080593	harbor1	chr15	22883460	22883535	LTR/ERVL-MaLR	2183	-	38	22883498	2905
chr15	22880593	23080593	harbor1	chr15	22883838	22884149	LTR/ERVL-MaLR	2183	-	156	22883994	3401
chr15	22880593	23080593	harbor1	chr15	22884150	22885450	LTR/ERVL-MaLR	8615	-	650	22884800	4207
chr15	22880593	23080593	harbor1	chr15	22885758	22885920	LTR/ERVL-MaLR	8615	-	81	22885839	5246
chr15	22880593	23080593	harbor1	chr15	22885921	22886283	LTR/ERVL-MaLR	2265	-	181	22886102	5509
chr15	29026774	29226774	harbor1	chr15	29031255	29031463	LTR/ERVL-MaLR	702	-	104	29031359	4585
chr15	29026774	29226774	harbor1	chr15	29037650	29038019	LTR/ERVL-MaLR	1522	-	184	29037834	11060
chr15	29026774	29226774	harbor1	chr15	29041929	29042301	LTR/ERVL-MaLR	1771	-	186	29042115	15341
chr15	29026774	29226774	harbor1	chr15	29042557	29042652	LTR/ERVL-MaLR	1771	-	48	29042605	15831
chr15	29026774	29226774	harbor1	chr15	29044797	29045048	LTR/ERVL-MaLR	1828	-	126	29044923	18149
chr15	29026774	29226774	harbor1	chr15	29045390	29045542	LTR/ERVL-MaLR	1828	-	76	29045466	18692
chr15	29026774	29226774	harbor1	chr15	29052666	29053055	LTR/ERVL-MaLR	2413	-	194	29052860	26086
chr15	29026774	29226774	harbor1	chr15	29066844	29067270	LTR/ERVL-MaLR	2508	-	213	29067057	40283
chr15	29026774	29226774	harbor1	chr15	29109344	29109707	LTR/ERVL-MaLR	957	-	182	29109526	82752
chr15	35446252	35646252	harbor1	chr15	35459096	35459513	LTR/ERVL-MaLR	1420	-	208	35459304	13052
chr15	35446252	35646252	harbor1	chr15	35484254	35484812	LTR/ERVL-MaLR	2053	-	279	35484533	38281
chr15	35446252	35646252	harbor1	chr15	35485957	35486004	LTR/ERVL-MaLR	1984	-	24	35485981	39729
chr15	35446252	35646252	harbor1	chr15	35486005	35486358	LTR/ERVL-MaLR	2316	-	176	35486181	39929
chr15	35446252	35646252	harbor1	chr15	35486359	35486677	LTR/ERVL-MaLR	1984	-	159	35486518	40266
chr15	35446252	35646252	harbor1	chr15	35488331	35488684	LTR/ERVL-MaLR	1803	-	176	35488507	42255
chr15	35446252	35646252	harbor1	chr15	35490789	35491155	LTR/ERVL-MaLR	1719	-	183	35490972	44720
chr15	35446252	35646252	harbor1	chr15	35529140	35529500	LTR/ERVL-MaLR	1843	-	180	35529320	83068
chr15	35446252	35646252	harbor1	chr15	35486678	35488328	LTR/ERVL-MaLR	11598	-	825	35487503	41251
chr15	63405330	63605330	harbor1	chr15	63406526	63406812	LTR/ERVL-MaLR	1646	-	143	63406669	1339
chr15	63405330	63605330	harbor1	chr15	63407116	63407190	LTR/ERVL-MaLR	1646	-	37	63407153	1823
chr15	63405330	63605330	harbor1	chr15	63426572	63427007	LTR/ERVL-MaLR	1556	-	218	63426790	21460
chr15	63405330	63605330	harbor1	chr15	63498994	63499118	LTR/ERVL-MaLR	444	-	62	63499056	93726
chr15	35446212	35646212	harbor1	chr15	35459096	35459513	LTR/ERVL-MaLR	1420	-	208	35459304	13092
chr15	35446212	35646212	harbor1	chr15	35484254	35484812	LTR/ERVL-MaLR	2053	-	279	35484533	38321
chr15	35446212	35646212	harbor1	chr15	35485957	35486004	LTR/ERVL-MaLR	1984	-	24	35485981	39769
chr15	35446212	35646212	harbor1	chr15	35486005	35486358	LTR/ERVL-MaLR	2316	-	176	35486181	39969
chr15	35446212	35646212	harbor1	chr15	35486359	35486677	LTR/ERVL-MaLR	1984	-	159	35486518	40306
chr15	35446212	35646212	harbor1	chr15	35488331	35488684	LTR/ERVL-MaLR	1803	-	176	35488507	42295
chr15	35446212	35646212	harbor1	chr15	35490789	35491155	LTR/ERVL-MaLR	1719	-	183	35490972	44760
chr15	35446212	35646212	harbor1	chr15	35529140	35529500	LTR/ERVL-MaLR	1843	-	180	35529320	83108
chr15	35446212	35646212	harbor1	chr15	35486678	35488328	LTR/ERVL-MaLR	11598	-	825	35487503	41291
chr15	29332920	29532920	harbor1	chr15	29427371	29427810	LTR/ERVL-MaLR	2148	-	220	29427591	94671
chr15	67421829	67621829	harbor1	chr15	67476170	67476517	LTR/ERVL-MaLR	1139	-	174	67476344	54515
chr15	67421829	67621829	harbor1	chr15	67481189	67481561	LTR/ERVL-MaLR	2684	-	186	67481375	59546
chr15	34237807	34437807	harbor1	chr15	34270450	34270520	LTR/ERVL-MaLR	1594	-	35	34270485	32678
chr15	34237807	34437807	harbor1	chr15	34270831	34271135	LTR/ERVL-MaLR	1594	-	152	34270983	33176
chr15	68960308	69160308	harbor1	chr15	68972370	68972843	LTR/ERVL-MaLR	2684	-	236	68972606	12298
chr15	69999137	70199137	harbor1	chr15	69999671	69999992	LTR/ERVL-MaLR	1148	-	160	69999831	694
chr15	69999137	70199137	harbor1	chr15	70005485	70006040	LTR/ERVL-MaLR	1161	-	278	70005763	6626
chr15	35446249	35646249	harbor1	chr15	35459096	35459513	LTR/ERVL-MaLR	1420	-	208	35459304	13055
chr15	35446249	35646249	harbor1	chr15	35484254	35484812	LTR/ERVL-MaLR	2053	-	279	35484533	38284
chr15	35446249	35646249	harbor1	chr15	35485957	35486004	LTR/ERVL-MaLR	1984	-	24	35485981	39732
chr15	35446249	35646249	harbor1	chr15	35486005	35486358	LTR/ERVL-MaLR	2316	-	176	35486181	39932
chr15	35446249	35646249	harbor1	chr15	35486359	35486677	LTR/ERVL-MaLR	1984	-	159	35486518	40269
chr15	35446249	35646249	harbor1	chr15	35488331	35488684	LTR/ERVL-MaLR	1803	-	176	35488507	42258
chr15	35446249	35646249	harbor1	chr15	35490789	35491155	LTR/ERVL-MaLR	1719	-	183	35490972	44723
chr15	35446249	35646249	harbor1	chr15	35529140	35529500	LTR/ERVL-MaLR	1843	-	180	35529320	83071
chr15	35446249	35646249	harbor1	chr15	35486678	35488328	LTR/ERVL-MaLR	11598	-	825	35487503	41254
chr15	35446296	35646296	harbor1	chr15	35459096	35459513	LTR/ERVL-MaLR	1420	-	208	35459304	13008
chr15	35446296	35646296	harbor1	chr15	35484254	35484812	LTR/ERVL-MaLR	2053	-	279	35484533	38237
chr15	35446296	35646296	harbor1	chr15	35485957	35486004	LTR/ERVL-MaLR	1984	-	24	35485981	39685
chr15	35446296	35646296	harbor1	chr15	35486005	35486358	LTR/ERVL-MaLR	2316	-	176	35486181	39885
chr15	35446296	35646296	harbor1	chr15	35486359	35486677	LTR/ERVL-MaLR	1984	-	159	35486518	40222
chr15	35446296	35646296	harbor1	chr15	35488331	35488684	LTR/ERVL-MaLR	1803	-	176	35488507	42211
chr15	35446296	35646296	harbor1	chr15	35490789	35491155	LTR/ERVL-MaLR	1719	-	183	35490972	44676
chr15	35446296	35646296	harbor1	chr15	35529140	35529500	LTR/ERVL-MaLR	1843	-	180	35529320	83024
chr15	35446296	35646296	harbor1	chr15	35486678	35488328	LTR/ERVL-MaLR	11598	-	825	35487503	41207
chr15	100113871	100313871	harbor1	chr15	100147791	100148212	LTR/ERVL-MaLR	2109	-	210	100148001	34130
chr15	100113871	100313871	harbor1	chr15	100156897	100157262	LTR/ERVL-MaLR	2205	-	182	100157079	43208
chr15	100113871	100313871	harbor1	chr15	100182076	100182428	LTR/ERVL-MaLR	1996	-	176	100182252	68381
chr15	45073178	45273178	harbor1	chr15	45079091	45079524	LTR/ERVL-MaLR	2777	-	216	45079307	6129
chr15	74702668	74902668	harbor1	chr15	74709985	74710463	LTR/ERVL-MaLR	1392	-	239	74710224	7556
chr15	74702668	74902668	harbor1	chr15	74738306	74738647	LTR/ERVL-MaLR	2377	-	170	74738476	35808
chr15	74702668	74902668	harbor1	chr15	74760254	74760412	LTR/ERVL-MaLR	430	-	79	74760333	57665
chr15	29169385	29369385	harbor1	chr15	29170849	29171231	LTR/ERVL-MaLR	1754	-	191	29171040	1655
chr15	29169385	29369385	harbor1	chr15	29191929	29192220	LTR/ERVL-MaLR	654	-	146	29192075	22690
chr15	29169385	29369385	harbor1	chr15	29206077	29206417	LTR/ERVL-MaLR	1965	-	170	29206247	36862
chr15	29169385	29369385	harbor1	chr15	29238648	29238993	LTR/ERVL-MaLR	2190	-	172	29238820	69435
chr15	29169385	29369385	harbor1	chr15	29249704	29250124	LTR/ERVL-MaLR	2917	-	210	29249914	80529
chr15	71630113	71830113	harbor1	chr15	71638775	71639204	LTR/ERVL-MaLR	839	-	214	71638989	8876
chr15	71630113	71830113	harbor1	chr15	71645181	71645526	LTR/ERVL-MaLR	2059	-	172	71645353	15240
chr15	71630113	71830113	harbor1	chr15	71690579	71690928	LTR/ERVL-MaLR	2392	-	174	71690753	60640
chr15	71630113	71830113	harbor1	chr15	71715937	71716387	LTR/ERVL-MaLR	2388	-	225	71716162	86049
chr15	71630113	71830113	harbor1	chr15	71696109	71696540	LTR/ERVL-MaLR	2340	-	216	71696325	66212
chr15	32618868	32818868	harbor1	chr15	32626591	32627012	LTR/ERVL-MaLR	1797	-	210	32626801	7933
chr15	32618868	32818868	harbor1	chr15	32646179	32646481	LTR/ERVL-MaLR	939	-	151	32646330	27462
chr15	32618868	32818868	harbor1	chr15	32654149	32654437	LTR/ERVL-MaLR	1228	-	144	32654293	35425
chr15	32618868	32818868	harbor1	chr15	32683925	32684364	LTR/ERVL-MaLR	1093	-	220	32684145	65277
chr15	73799625	73999625	harbor1	chr15	73814160	73814638	LTR/ERVL-MaLR	1732	-	239	73814399	14774
chr15	73799625	73999625	harbor1	chr15	73823412	73823790	LTR/ERVL-MaLR	2138	-	189	73823601	23976
chr15	73799625	73999625	harbor1	chr15	73826948	73827094	LTR/ERVL-MaLR	633	-	73	73827021	27396
chr15	73799625	73999625	harbor1	chr15	73883292	73883709	LTR/ERVL-MaLR	640	-	208	73883500	83875
chr15	35446199	35646199	harbor1	chr15	35459096	35459513	LTR/ERVL-MaLR	1420	-	208	35459304	13105
chr15	35446199	35646199	harbor1	chr15	35484254	35484812	LTR/ERVL-MaLR	2053	-	279	35484533	38334
chr15	35446199	35646199	harbor1	chr15	35485957	35486004	LTR/ERVL-MaLR	1984	-	24	35485981	39782
chr15	35446199	35646199	harbor1	chr15	35486005	35486358	LTR/ERVL-MaLR	2316	-	176	35486181	39982
chr15	35446199	35646199	harbor1	chr15	35486359	35486677	LTR/ERVL-MaLR	1984	-	159	35486518	40319
chr15	35446199	35646199	harbor1	chr15	35488331	35488684	LTR/ERVL-MaLR	1803	-	176	35488507	42308
chr15	35446199	35646199	harbor1	chr15	35490789	35491155	LTR/ERVL-MaLR	1719	-	183	35490972	44773
chr15	35446199	35646199	harbor1	chr15	35529140	35529500	LTR/ERVL-MaLR	1843	-	180	35529320	83121
chr15	35446199	35646199	harbor1	chr15	35486678	35488328	LTR/ERVL-MaLR	11598	-	825	35487503	41304
chr15	101623861	101823861	harbor1	chr15	101625184	101625559	LTR/ERVL-MaLR	2679	-	188	101625372	1511
chr15	101623861	101823861	harbor1	chr15	101633255	101633571	LTR/ERVL-MaLR	1067	-	158	101633413	9552
chr15	101623861	101823861	harbor1	chr15	101681493	101681862	LTR/ERVL-MaLR	1991	-	184	101681677	57816
chr15	101623861	101823861	harbor1	chr15	101693173	101693523	LTR/ERVL-MaLR	2272	-	175	101693348	69487
chr15	35446288	35646288	harbor1	chr15	35459096	35459513	LTR/ERVL-MaLR	1420	-	208	35459304	13016
chr15	35446288	35646288	harbor1	chr15	35484254	35484812	LTR/ERVL-MaLR	2053	-	279	35484533	38245
chr15	35446288	35646288	harbor1	chr15	35485957	35486004	LTR/ERVL-MaLR	1984	-	24	35485981	39693
chr15	35446288	35646288	harbor1	chr15	35486005	35486358	LTR/ERVL-MaLR	2316	-	176	35486181	39893
chr15	35446288	35646288	harbor1	chr15	35486359	35486677	LTR/ERVL-MaLR	1984	-	159	35486518	40230
chr15	35446288	35646288	harbor1	chr15	35488331	35488684	LTR/ERVL-MaLR	1803	-	176	35488507	42219
chr15	35446288	35646288	harbor1	chr15	35490789	35491155	LTR/ERVL-MaLR	1719	-	183	35490972	44684
chr15	35446288	35646288	harbor1	chr15	35529140	35529500	LTR/ERVL-MaLR	1843	-	180	35529320	83032
chr15	35446288	35646288	harbor1	chr15	35486678	35488328	LTR/ERVL-MaLR	11598	-	825	35487503	41215
chr15	73768197	73968197	harbor1	chr15	73780308	73780638	LTR/ERVL-MaLR	673	-	165	73780473	12276
chr15	73768197	73968197	harbor1	chr15	73790319	73790722	LTR/ERVL-MaLR	2264	-	202	73790521	22324
chr15	73768197	73968197	harbor1	chr15	73814160	73814638	LTR/ERVL-MaLR	1732	-	239	73814399	46202
chr15	73768197	73968197	harbor1	chr15	73823412	73823790	LTR/ERVL-MaLR	2138	-	189	73823601	55404
chr15	73768197	73968197	harbor1	chr15	73826948	73827094	LTR/ERVL-MaLR	633	-	73	73827021	58824
chr15	73895408	74095408	harbor1	chr15	73901480	73901809	LTR/ERVL-MaLR	2168	-	164	73901644	6236
chr15	73895408	74095408	harbor1	chr15	73902115	73902217	LTR/ERVL-MaLR	2168	-	51	73902166	6758
chr15	73895408	74095408	harbor1	chr15	73916093	73916683	LTR/ERVL-MaLR	2735	-	295	73916388	20980
chr15	73895408	74095408	harbor1	chr15	73966524	73966801	LTR/ERVL-MaLR	1576	-	138	73966662	71254
chr15	77542617	77742617	harbor1	chr15	77562989	77563204	LTR/ERVL-MaLR	788	-	108	77563097	20480
chr15	77542617	77742617	harbor1	chr15	77574561	77575103	LTR/ERVL-MaLR	1229	-	271	77574832	32215
chr16	2329317	2529317	harbor1	chr16	2354972	2355347	LTR/ERVL-MaLR	1983	-	188	2355160	25843
chr16	2329317	2529317	harbor1	chr16	2389074	2389410	LTR/ERVL-MaLR	1010	-	168	2389242	59925
chr16	2329317	2529317	harbor1	chr16	2389724	2389768	LTR/ERVL-MaLR	1010	-	22	2389746	60429
chr16	2329317	2529317	harbor1	chr16	2390520	2390672	LTR/ERVL-MaLR	1071	-	76	2390596	61279
chr16	2329317	2529317	harbor1	chr16	2390703	2390725	LTR/ERVL-MaLR	1071	-	11	2390714	61397
chr16	2329317	2529317	harbor1	chr16	2391027	2391365	LTR/ERVL-MaLR	1071	-	169	2391196	61879
chr16	2329317	2529317	harbor1	chr16	2391388	2391914	LTR/ERVL-MaLR	1015	-	263	2391651	62334
chr16	2374864	2574864	harbor1	chr16	2389074	2389410	LTR/ERVL-MaLR	1010	-	168	2389242	14378
chr16	2374864	2574864	harbor1	chr16	2389724	2389768	LTR/ERVL-MaLR	1010	-	22	2389746	14882
chr16	2374864	2574864	harbor1	chr16	2390520	2390672	LTR/ERVL-MaLR	1071	-	76	2390596	15732
chr16	2374864	2574864	harbor1	chr16	2390703	2390725	LTR/ERVL-MaLR	1071	-	11	2390714	15850
chr16	2374864	2574864	harbor1	chr16	2391027	2391365	LTR/ERVL-MaLR	1071	-	169	2391196	16332
chr16	2374864	2574864	harbor1	chr16	2391388	2391914	LTR/ERVL-MaLR	1015	-	263	2391651	16787
chr16	2198372	2398372	harbor1	chr16	2202203	2202577	LTR/ERVL-MaLR	2460	-	187	2202390	4018
chr16	67009864	67209864	harbor1	chr16	67042541	67042731	LTR/ERVL-MaLR	697	-	95	67042636	32772
chr16	67009864	67209864	harbor1	chr16	67043036	67043233	LTR/ERVL-MaLR	697	-	98	67043134	33270
chr16	67009864	67209864	harbor1	chr16	67101734	67102119	LTR/ERVL-MaLR	1658	-	192	67101926	92062
chr16	67009864	67209864	harbor1	chr16	67102435	67102590	LTR/ERVL-MaLR	1658	-	78	67102513	92649
chr16	67009864	67209864	harbor1	chr16	67105360	67105582	LTR/ERVL-MaLR	627	-	111	67105471	95607
chr16	2369786	2569786	harbor1	chr16	2389074	2389410	LTR/ERVL-MaLR	1010	-	168	2389242	19456
chr16	2369786	2569786	harbor1	chr16	2389724	2389768	LTR/ERVL-MaLR	1010	-	22	2389746	19960
chr16	2369786	2569786	harbor1	chr16	2390520	2390672	LTR/ERVL-MaLR	1071	-	76	2390596	20810
chr16	2369786	2569786	harbor1	chr16	2390703	2390725	LTR/ERVL-MaLR	1071	-	11	2390714	20928
chr16	2369786	2569786	harbor1	chr16	2391027	2391365	LTR/ERVL-MaLR	1071	-	169	2391196	21410
chr16	2369786	2569786	harbor1	chr16	2391388	2391914	LTR/ERVL-MaLR	1015	-	263	2391651	21865
chr16	4016559	4216559	harbor1	chr16	4027379	4027596	LTR/ERVL-MaLR	2444	-	108	4027487	10928
chr16	4016559	4216559	harbor1	chr16	4027901	4028065	LTR/ERVL-MaLR	2444	-	82	4027983	11424
chr16	28503971	28703971	harbor1	chr16	28580272	28580674	LTR/ERVL-MaLR	1295	-	201	28580473	76502
chr16	28503971	28703971	harbor1	chr16	28580975	28581013	LTR/ERVL-MaLR	1295	-	19	28580994	77023
chr16	67009917	67209917	harbor1	chr16	67042541	67042731	LTR/ERVL-MaLR	697	-	95	67042636	32719
chr16	67009917	67209917	harbor1	chr16	67043036	67043233	LTR/ERVL-MaLR	697	-	98	67043134	33217
chr16	67009917	67209917	harbor1	chr16	67101734	67102119	LTR/ERVL-MaLR	1658	-	192	67101926	92009
chr16	67009917	67209917	harbor1	chr16	67102435	67102590	LTR/ERVL-MaLR	1658	-	78	67102513	92596
chr16	67009917	67209917	harbor1	chr16	67105360	67105582	LTR/ERVL-MaLR	627	-	111	67105471	95554
chr16	73379	273379	harbor1	chr16	95039	95269	LTR/ERVL-MaLR	781	-	115	95154	21775
chr16	2373588	2573588	harbor1	chr16	2389074	2389410	LTR/ERVL-MaLR	1010	-	168	2389242	15654
chr16	2373588	2573588	harbor1	chr16	2389724	2389768	LTR/ERVL-MaLR	1010	-	22	2389746	16158
chr16	2373588	2573588	harbor1	chr16	2390520	2390672	LTR/ERVL-MaLR	1071	-	76	2390596	17008
chr16	2373588	2573588	harbor1	chr16	2390703	2390725	LTR/ERVL-MaLR	1071	-	11	2390714	17126
chr16	2373588	2573588	harbor1	chr16	2391027	2391365	LTR/ERVL-MaLR	1071	-	169	2391196	17608
chr16	2373588	2573588	harbor1	chr16	2391388	2391914	LTR/ERVL-MaLR	1015	-	263	2391651	18063
chr16	66812746	67012746	harbor1	chr16	66832844	66833275	LTR/ERVL-MaLR	2059	-	216	66833060	20314
chr16	66812746	67012746	harbor1	chr16	66876237	66876452	LTR/ERVL-MaLR	1970	-	108	66876345	63599
chr16	66812746	67012746	harbor1	chr16	66876688	66876840	LTR/ERVL-MaLR	1970	-	76	66876764	64018
chr16	165869	365869	harbor1	chr16	202178	202444	LTR/ERVL-MaLR	1177	-	133	202311	36442
chr16	165869	365869	harbor1	chr16	237250	237704	LTR/ERVL-MaLR	864	-	227	237477	71608
chr16	2375149	2575149	harbor1	chr16	2389074	2389410	LTR/ERVL-MaLR	1010	-	168	2389242	14093
chr16	2375149	2575149	harbor1	chr16	2389724	2389768	LTR/ERVL-MaLR	1010	-	22	2389746	14597
chr16	2375149	2575149	harbor1	chr16	2390520	2390672	LTR/ERVL-MaLR	1071	-	76	2390596	15447
chr16	2375149	2575149	harbor1	chr16	2390703	2390725	LTR/ERVL-MaLR	1071	-	11	2390714	15565
chr16	2375149	2575149	harbor1	chr16	2391027	2391365	LTR/ERVL-MaLR	1071	-	169	2391196	16047
chr16	2375149	2575149	harbor1	chr16	2391388	2391914	LTR/ERVL-MaLR	1015	-	263	2391651	16502
chr16	87292256	87492256	harbor1	chr16	87292124	87292641	LTR/ERVL-MaLR	1577	-	258	87292382	126
chr16	53030875	53230875	harbor1	chr16	53035563	53035681	LTR/ERVL-MaLR	1597	-	59	53035622	4747
chr16	53030875	53230875	harbor1	chr16	53035980	53036120	LTR/ERVL-MaLR	1597	-	70	53036050	5175
chr16	53030875	53230875	harbor1	chr16	53039145	53039463	LTR/ERVL-MaLR	1284	-	159	53039304	8429
chr16	53030875	53230875	harbor1	chr16	53039755	53039976	LTR/ERVL-MaLR	1284	-	110	53039865	8990
chr16	53030875	53230875	harbor1	chr16	53047343	53047712	LTR/ERVL-MaLR	1534	-	184	53047527	16652
chr16	53030875	53230875	harbor1	chr16	53096676	53097104	LTR/ERVL-MaLR	2441	-	214	53096890	66015
chr16	53030875	53230875	harbor1	chr16	53124240	53124467	LTR/ERVL-MaLR	2420	-	114	53124354	93479
chr16	53030875	53230875	harbor1	chr16	53124780	53124924	LTR/ERVL-MaLR	2420	-	72	53124852	93977
chr16	53030875	53230875	harbor1	chr16	53034978	53035153	LTR/ERVL-MaLR	1597	-	88	53035066	4191
chr16	422591	622591	harbor1	chr16	449243	449463	LTR/ERVL-MaLR	644	-	110	449353	26762
chr16	980068	1180068	harbor1	chr16	1001395	1001787	LTR/ERVL-MaLR	883	-	196	1001591	21523
chr16	980068	1180068	harbor1	chr16	1038046	1038363	LTR/ERVL-MaLR	594	-	158	1038204	58136
chr16	980068	1180068	harbor1	chr16	1064813	1065197	LTR/ERVL-MaLR	717	-	192	1065005	84937
chr16	72525	272525	harbor1	chr16	95039	95269	LTR/ERVL-MaLR	781	-	115	95154	22629
chr16	4016535	4216535	harbor1	chr16	4027379	4027596	LTR/ERVL-MaLR	2444	-	108	4027487	10952
chr16	4016535	4216535	harbor1	chr16	4027901	4028065	LTR/ERVL-MaLR	2444	-	82	4027983	11448
chr16	1	167641	harbor1	chr16	50461	50526	LTR/ERVL-MaLR	2183	-	32	50493	50492
chr16	1	167641	harbor1	chr16	50824	51130	LTR/ERVL-MaLR	2183	-	153	50977	50976
chr16	1	167641	harbor1	chr16	95039	95269	LTR/ERVL-MaLR	781	-	115	95154	95153
chr16	2198417	2398417	harbor1	chr16	2202203	2202577	LTR/ERVL-MaLR	2460	-	187	2202390	3973
chr16	87292296	87492296	harbor1	chr16	87292124	87292641	LTR/ERVL-MaLR	1577	-	258	87292382	86
chr16	593538	793538	harbor1	chr16	606508	606914	LTR/ERVL-MaLR	1024	-	203	606711	13173
chr16	593538	793538	harbor1	chr16	608044	608390	LTR/ERVL-MaLR	1866	-	173	608217	14679
chr16	88283250	88483250	harbor1	chr16	88297609	88297869	LTR/ERVL-MaLR	623	-	130	88297739	14489
chr16	88283250	88483250	harbor1	chr16	88311911	88312282	LTR/ERVL-MaLR	2403	-	186	88312097	28847
chr16	88283250	88483250	harbor1	chr16	88324828	88325047	LTR/ERVL-MaLR	1165	-	110	88324938	41688
chr16	88283250	88483250	harbor1	chr16	88335262	88335669	LTR/ERVL-MaLR	699	-	204	88335466	52216
chr16	88283250	88483250	harbor1	chr16	88343477	88343876	LTR/ERVL-MaLR	2652	-	200	88343677	60427
chr16	71269665	71469665	harbor1	chr16	71292135	71292451	LTR/ERVL-MaLR	2525	-	158	71292293	22628
chr16	71269665	71469665	harbor1	chr16	71292943	71292993	LTR/ERVL-MaLR	2525	-	25	71292968	23303
chr16	71269665	71469665	harbor1	chr16	71292994	71293282	LTR/ERVL-MaLR	866	-	144	71293138	23473
chr16	71269665	71469665	harbor1	chr16	71310320	71310866	LTR/ERVL-MaLR	1191	-	273	71310593	40928
chr16	71269665	71469665	harbor1	chr16	71350029	71350254	LTR/ERVL-MaLR	1692	-	112	71350141	80476
chr16	71269665	71469665	harbor1	chr16	71350555	71350709	LTR/ERVL-MaLR	1692	-	77	71350632	80967
chr16	71269665	71469665	harbor1	chr16	71353030	71353332	LTR/ERVL-MaLR	711	-	151	71353181	83516
chr16	71269665	71469665	harbor1	chr16	71302766	71303359	LTR/ERVL-MaLR	2518	-	296	71303062	33397
chr16	57702806	57902806	harbor1	chr16	57719288	57719507	LTR/ERVL-MaLR	1822	-	110	57719398	16592
chr16	57702806	57902806	harbor1	chr16	57719808	57719896	LTR/ERVL-MaLR	1822	-	44	57719852	17046
chr16	57702806	57902806	harbor1	chr16	57724984	57725405	LTR/ERVL-MaLR	1908	-	210	57725194	22388
chr16	57702806	57902806	harbor1	chr16	57732760	57733123	LTR/ERVL-MaLR	2308	-	182	57732942	30136
chr16	57702806	57902806	harbor1	chr16	57779465	57779538	LTR/ERVL-MaLR	2125	-	36	57779501	76695
chr16	57702806	57902806	harbor1	chr16	57779858	57780159	LTR/ERVL-MaLR	2125	-	150	57780008	77202
chr16	67098316	67298316	harbor1	chr16	67101734	67102119	LTR/ERVL-MaLR	1658	-	192	67101926	3610
chr16	67098316	67298316	harbor1	chr16	67102435	67102590	LTR/ERVL-MaLR	1658	-	78	67102513	4197
chr16	67098316	67298316	harbor1	chr16	67105360	67105582	LTR/ERVL-MaLR	627	-	111	67105471	7155
chr16	67098316	67298316	harbor1	chr16	67134548	67134910	LTR/ERVL-MaLR	2039	-	181	67134729	36413
chr16	1	167633	harbor1	chr16	50461	50526	LTR/ERVL-MaLR	2183	-	32	50493	50492
chr16	1	167633	harbor1	chr16	50824	51130	LTR/ERVL-MaLR	2183	-	153	50977	50976
chr16	1	167633	harbor1	chr16	95039	95269	LTR/ERVL-MaLR	781	-	115	95154	95153
chr16	2059412	2259412	harbor1	chr16	2080905	2081189	LTR/ERVL-MaLR	856	-	142	2081047	21635
chr16	2198460	2398460	harbor1	chr16	2202203	2202577	LTR/ERVL-MaLR	2460	-	187	2202390	3930
chr16	67098313	67298313	harbor1	chr16	67101734	67102119	LTR/ERVL-MaLR	1658	-	192	67101926	3613
chr16	67098313	67298313	harbor1	chr16	67102435	67102590	LTR/ERVL-MaLR	1658	-	78	67102513	4200
chr16	67098313	67298313	harbor1	chr16	67105360	67105582	LTR/ERVL-MaLR	627	-	111	67105471	7158
chr16	67098313	67298313	harbor1	chr16	67134548	67134910	LTR/ERVL-MaLR	2039	-	181	67134729	36416
chr16	1	167676	harbor1	chr16	50461	50526	LTR/ERVL-MaLR	2183	-	32	50493	50492
chr16	1	167676	harbor1	chr16	50824	51130	LTR/ERVL-MaLR	2183	-	153	50977	50976
chr16	1	167676	harbor1	chr16	95039	95269	LTR/ERVL-MaLR	781	-	115	95154	95153
chr16	2369772	2569772	harbor1	chr16	2389074	2389410	LTR/ERVL-MaLR	1010	-	168	2389242	19470
chr16	2369772	2569772	harbor1	chr16	2389724	2389768	LTR/ERVL-MaLR	1010	-	22	2389746	19974
chr16	2369772	2569772	harbor1	chr16	2390520	2390672	LTR/ERVL-MaLR	1071	-	76	2390596	20824
chr16	2369772	2569772	harbor1	chr16	2390703	2390725	LTR/ERVL-MaLR	1071	-	11	2390714	20942
chr16	2369772	2569772	harbor1	chr16	2391027	2391365	LTR/ERVL-MaLR	1071	-	169	2391196	21424
chr16	2369772	2569772	harbor1	chr16	2391388	2391914	LTR/ERVL-MaLR	1015	-	263	2391651	21879
chr16	87292331	87492331	harbor1	chr16	87292124	87292641	LTR/ERVL-MaLR	1577	-	258	87292382	51
chr16	68145542	68345542	harbor1	chr16	68158512	68158799	LTR/ERVL-MaLR	738	-	144	68158656	13114
chr16	68145542	68345542	harbor1	chr16	68166168	68166584	LTR/ERVL-MaLR	665	-	208	68166376	20834
chr16	1210306	1410306	harbor1	chr16	1283629	1283928	LTR/ERVL-MaLR	955	-	150	1283779	73473
chr16	2373217	2573217	harbor1	chr16	2389074	2389410	LTR/ERVL-MaLR	1010	-	168	2389242	16025
chr16	2373217	2573217	harbor1	chr16	2389724	2389768	LTR/ERVL-MaLR	1010	-	22	2389746	16529
chr16	2373217	2573217	harbor1	chr16	2390520	2390672	LTR/ERVL-MaLR	1071	-	76	2390596	17379
chr16	2373217	2573217	harbor1	chr16	2390703	2390725	LTR/ERVL-MaLR	1071	-	11	2390714	17497
chr16	2373217	2573217	harbor1	chr16	2391027	2391365	LTR/ERVL-MaLR	1071	-	169	2391196	17979
chr16	2373217	2573217	harbor1	chr16	2391388	2391914	LTR/ERVL-MaLR	1015	-	263	2391651	18434
chr16	30978860	31178860	harbor1	chr16	31052361	31052572	LTR/ERVL-MaLR	655	-	106	31052467	73607
chr16	30978860	31178860	harbor1	chr16	31052990	31053178	LTR/ERVL-MaLR	1916	-	94	31053084	74224
chr16	30978860	31178860	harbor1	chr16	31053480	31053785	LTR/ERVL-MaLR	1916	-	152	31053632	74772
chr16	57636722	57836722	harbor1	chr16	57680772	57681132	LTR/ERVL-MaLR	701	-	180	57680952	44230
chr16	57636722	57836722	harbor1	chr16	57681945	57682183	LTR/ERVL-MaLR	629	-	119	57682064	45342
chr16	57636722	57836722	harbor1	chr16	57686100	57686515	LTR/ERVL-MaLR	2394	-	208	57686308	49586
chr16	57636722	57836722	harbor1	chr16	57719288	57719507	LTR/ERVL-MaLR	1822	-	110	57719398	82676
chr16	57636722	57836722	harbor1	chr16	57719808	57719896	LTR/ERVL-MaLR	1822	-	44	57719852	83130
chr16	57636722	57836722	harbor1	chr16	57724984	57725405	LTR/ERVL-MaLR	1908	-	210	57725194	88472
chr16	57636722	57836722	harbor1	chr16	57732760	57733123	LTR/ERVL-MaLR	2308	-	182	57732942	96220
chr16	57884915	58084915	harbor1	chr16	57929268	57929498	LTR/ERVL-MaLR	1147	-	115	57929383	44468
chr16	57884915	58084915	harbor1	chr16	57929502	57929857	LTR/ERVL-MaLR	1276	-	178	57929680	44765
chr16	71269741	71469741	harbor1	chr16	71292135	71292451	LTR/ERVL-MaLR	2525	-	158	71292293	22552
chr16	71269741	71469741	harbor1	chr16	71292943	71292993	LTR/ERVL-MaLR	2525	-	25	71292968	23227
chr16	71269741	71469741	harbor1	chr16	71292994	71293282	LTR/ERVL-MaLR	866	-	144	71293138	23397
chr16	71269741	71469741	harbor1	chr16	71310320	71310866	LTR/ERVL-MaLR	1191	-	273	71310593	40852
chr16	71269741	71469741	harbor1	chr16	71350029	71350254	LTR/ERVL-MaLR	1692	-	112	71350141	80400
chr16	71269741	71469741	harbor1	chr16	71350555	71350709	LTR/ERVL-MaLR	1692	-	77	71350632	80891
chr16	71269741	71469741	harbor1	chr16	71353030	71353332	LTR/ERVL-MaLR	711	-	151	71353181	83440
chr16	71269741	71469741	harbor1	chr16	71302766	71303359	LTR/ERVL-MaLR	2518	-	296	71303062	33321
chr16	66905482	67105482	harbor1	chr16	66946222	66946358	LTR/ERVL-MaLR	664	-	68	66946290	40808
chr16	66905482	67105482	harbor1	chr16	66952757	66953062	LTR/ERVL-MaLR	1355	-	152	66952909	47427
chr16	66905482	67105482	harbor1	chr16	66962366	66962477	LTR/ERVL-MaLR	658	-	56	66962422	56940
chr16	602218	802218	harbor1	chr16	606508	606914	LTR/ERVL-MaLR	1024	-	203	606711	4493
chr16	602218	802218	harbor1	chr16	608044	608390	LTR/ERVL-MaLR	1866	-	173	608217	5999
chr16	57884963	58084963	harbor1	chr16	57929268	57929498	LTR/ERVL-MaLR	1147	-	115	57929383	44420
chr16	57884963	58084963	harbor1	chr16	57929502	57929857	LTR/ERVL-MaLR	1276	-	178	57929680	44717
chr16	56832289	57032289	harbor1	chr16	56875966	56876356	LTR/ERVL-MaLR	1645	-	195	56876161	43872
chr16	56832289	57032289	harbor1	chr16	56907509	56907875	LTR/ERVL-MaLR	2180	-	183	56907692	75403
chr16	56832289	57032289	harbor1	chr16	56918804	56919154	LTR/ERVL-MaLR	633	-	175	56918979	86690
chr16	57418274	57618274	harbor1	chr16	57427110	57427424	LTR/ERVL-MaLR	2313	-	157	57427267	8993
chr16	57418274	57618274	harbor1	chr16	57427797	57428063	LTR/ERVL-MaLR	2313	-	133	57427930	9656
chr16	30087207	30287207	harbor1	chr16	30133600	30133838	LTR/ERVL-MaLR	2844	-	119	30133719	46512
chr16	30087207	30287207	harbor1	chr16	30134752	30134948	LTR/ERVL-MaLR	2844	-	98	30134850	47643
chr16	30087207	30287207	harbor1	chr16	30137853	30138157	LTR/ERVL-MaLR	742	-	152	30138005	50798
chr16	30087207	30287207	harbor1	chr16	30179803	30180077	LTR/ERVL-MaLR	1001	-	137	30179940	92733
chr16	30087207	30287207	harbor1	chr16	30179292	30179506	LTR/ERVL-MaLR	1001	-	107	30179399	92192
chr16	57884933	58084933	harbor1	chr16	57929268	57929498	LTR/ERVL-MaLR	1147	-	115	57929383	44450
chr16	57884933	58084933	harbor1	chr16	57929502	57929857	LTR/ERVL-MaLR	1276	-	178	57929680	44747
chr16	77459	277459	harbor1	chr16	95039	95269	LTR/ERVL-MaLR	781	-	115	95154	17695
chr16	2198397	2398397	harbor1	chr16	2202203	2202577	LTR/ERVL-MaLR	2460	-	187	2202390	3993
chr16	89608858	89808858	harbor1	chr16	89624180	89624351	LTR/ERVL-MaLR	835	-	86	89624266	15408
chr16	89608858	89808858	harbor1	chr16	89625223	89625500	LTR/ERVL-MaLR	835	-	138	89625361	16503
chr16	54836870	55036870	harbor1	chr16	54840500	54840844	LTR/ERVL-MaLR	1007	-	172	54840672	3802
chr16	54836870	55036870	harbor1	chr16	54844612	54845139	LTR/ERVL-MaLR	2480	-	264	54844876	8006
chr16	54836870	55036870	harbor1	chr16	54848411	54848696	LTR/ERVL-MaLR	832	-	142	54848553	11683
chr16	54836870	55036870	harbor1	chr16	54871033	54871449	LTR/ERVL-MaLR	2683	-	208	54871241	34371
chr16	54836870	55036870	harbor1	chr16	54873973	54874354	LTR/ERVL-MaLR	2389	-	190	54874163	37293
chr16	54836870	55036870	harbor1	chr16	54877246	54877629	LTR/ERVL-MaLR	2437	-	192	54877438	40568
chr16	54836870	55036870	harbor1	chr16	54886657	54887157	LTR/ERVL-MaLR	2003	-	250	54886907	50037
chr16	1	167624	harbor1	chr16	50461	50526	LTR/ERVL-MaLR	2183	-	32	50493	50492
chr16	1	167624	harbor1	chr16	50824	51130	LTR/ERVL-MaLR	2183	-	153	50977	50976
chr16	1	167624	harbor1	chr16	95039	95269	LTR/ERVL-MaLR	781	-	115	95154	95153
chr16	427637	627637	harbor1	chr16	449243	449463	LTR/ERVL-MaLR	644	-	110	449353	21716
chr16	67063130	67263130	harbor1	chr16	67101734	67102119	LTR/ERVL-MaLR	1658	-	192	67101926	38796
chr16	67063130	67263130	harbor1	chr16	67102435	67102590	LTR/ERVL-MaLR	1658	-	78	67102513	39383
chr16	67063130	67263130	harbor1	chr16	67105360	67105582	LTR/ERVL-MaLR	627	-	111	67105471	42341
chr16	67063130	67263130	harbor1	chr16	67134548	67134910	LTR/ERVL-MaLR	2039	-	181	67134729	71599
chr16	30330387	30530387	harbor1	chr16	30350724	30351189	LTR/ERVL-MaLR	1782	-	232	30350956	20569
chr16	4016523	4216523	harbor1	chr16	4027379	4027596	LTR/ERVL-MaLR	2444	-	108	4027487	10964
chr16	4016523	4216523	harbor1	chr16	4027901	4028065	LTR/ERVL-MaLR	2444	-	82	4027983	11460
chr16	2869886	3069886	harbor1	chr16	2940098	2940300	LTR/ERVL-MaLR	857	-	101	2940199	70313
chr16	2869886	3069886	harbor1	chr16	2954137	2954414	LTR/ERVL-MaLR	828	-	138	2954275	84389
chr16	2330012	2530012	harbor1	chr16	2354972	2355347	LTR/ERVL-MaLR	1983	-	188	2355160	25148
chr16	2330012	2530012	harbor1	chr16	2389074	2389410	LTR/ERVL-MaLR	1010	-	168	2389242	59230
chr16	2330012	2530012	harbor1	chr16	2389724	2389768	LTR/ERVL-MaLR	1010	-	22	2389746	59734
chr16	2330012	2530012	harbor1	chr16	2390520	2390672	LTR/ERVL-MaLR	1071	-	76	2390596	60584
chr16	2330012	2530012	harbor1	chr16	2390703	2390725	LTR/ERVL-MaLR	1071	-	11	2390714	60702
chr16	2330012	2530012	harbor1	chr16	2391027	2391365	LTR/ERVL-MaLR	1071	-	169	2391196	61184
chr16	2330012	2530012	harbor1	chr16	2391388	2391914	LTR/ERVL-MaLR	1015	-	263	2391651	61639
chr16	67009907	67209907	harbor1	chr16	67042541	67042731	LTR/ERVL-MaLR	697	-	95	67042636	32729
chr16	67009907	67209907	harbor1	chr16	67043036	67043233	LTR/ERVL-MaLR	697	-	98	67043134	33227
chr16	67009907	67209907	harbor1	chr16	67101734	67102119	LTR/ERVL-MaLR	1658	-	192	67101926	92019
chr16	67009907	67209907	harbor1	chr16	67102435	67102590	LTR/ERVL-MaLR	1658	-	78	67102513	92606
chr16	67009907	67209907	harbor1	chr16	67105360	67105582	LTR/ERVL-MaLR	627	-	111	67105471	95564
chr16	1678395	1878395	harbor1	chr16	1747373	1747675	LTR/ERVL-MaLR	1130	-	151	1747524	69129
chr16	31017885	31217885	harbor1	chr16	31052361	31052572	LTR/ERVL-MaLR	655	-	106	31052467	34582
chr16	31017885	31217885	harbor1	chr16	31052990	31053178	LTR/ERVL-MaLR	1916	-	94	31053084	35199
chr16	31017885	31217885	harbor1	chr16	31053480	31053785	LTR/ERVL-MaLR	1916	-	152	31053632	35747
chr16	31017885	31217885	harbor1	chr16	31102478	31102680	LTR/ERVL-MaLR	728	-	101	31102579	84694
chr16	2863130	3063130	harbor1	chr16	2940098	2940300	LTR/ERVL-MaLR	857	-	101	2940199	77069
chr16	2863130	3063130	harbor1	chr16	2954137	2954414	LTR/ERVL-MaLR	828	-	138	2954275	91145
chr16	57884908	58084908	harbor1	chr16	57929268	57929498	LTR/ERVL-MaLR	1147	-	115	57929383	44475
chr16	57884908	58084908	harbor1	chr16	57929502	57929857	LTR/ERVL-MaLR	1276	-	178	57929680	44772
chr16	70055	270055	harbor1	chr16	95039	95269	LTR/ERVL-MaLR	781	-	115	95154	25099
chr16	1	167578	harbor1	chr16	50461	50526	LTR/ERVL-MaLR	2183	-	32	50493	50492
chr16	1	167578	harbor1	chr16	50824	51130	LTR/ERVL-MaLR	2183	-	153	50977	50976
chr16	1	167578	harbor1	chr16	95039	95269	LTR/ERVL-MaLR	781	-	115	95154	95153
chr16	57884560	58084560	harbor1	chr16	57929268	57929498	LTR/ERVL-MaLR	1147	-	115	57929383	44823
chr16	57884560	58084560	harbor1	chr16	57929502	57929857	LTR/ERVL-MaLR	1276	-	178	57929680	45120
chr16	30850099	31050099	harbor1	chr16	30945978	30946194	LTR/ERVL-MaLR	1106	-	108	30946086	95987
chr16	71269697	71469697	harbor1	chr16	71292135	71292451	LTR/ERVL-MaLR	2525	-	158	71292293	22596
chr16	71269697	71469697	harbor1	chr16	71292943	71292993	LTR/ERVL-MaLR	2525	-	25	71292968	23271
chr16	71269697	71469697	harbor1	chr16	71292994	71293282	LTR/ERVL-MaLR	866	-	144	71293138	23441
chr16	71269697	71469697	harbor1	chr16	71310320	71310866	LTR/ERVL-MaLR	1191	-	273	71310593	40896
chr16	71269697	71469697	harbor1	chr16	71350029	71350254	LTR/ERVL-MaLR	1692	-	112	71350141	80444
chr16	71269697	71469697	harbor1	chr16	71350555	71350709	LTR/ERVL-MaLR	1692	-	77	71350632	80935
chr16	71269697	71469697	harbor1	chr16	71353030	71353332	LTR/ERVL-MaLR	711	-	151	71353181	83484
chr16	71269697	71469697	harbor1	chr16	71302766	71303359	LTR/ERVL-MaLR	2518	-	296	71303062	33365
chr16	4376437	4576437	harbor1	chr16	4433926	4434279	LTR/ERVL-MaLR	2442	-	176	4434102	57665
chr16	2375151	2575151	harbor1	chr16	2389074	2389410	LTR/ERVL-MaLR	1010	-	168	2389242	14091
chr16	2375151	2575151	harbor1	chr16	2389724	2389768	LTR/ERVL-MaLR	1010	-	22	2389746	14595
chr16	2375151	2575151	harbor1	chr16	2390520	2390672	LTR/ERVL-MaLR	1071	-	76	2390596	15445
chr16	2375151	2575151	harbor1	chr16	2390703	2390725	LTR/ERVL-MaLR	1071	-	11	2390714	15563
chr16	2375151	2575151	harbor1	chr16	2391027	2391365	LTR/ERVL-MaLR	1071	-	169	2391196	16045
chr16	2375151	2575151	harbor1	chr16	2391388	2391914	LTR/ERVL-MaLR	1015	-	263	2391651	16500
chr16	67009944	67209944	harbor1	chr16	67042541	67042731	LTR/ERVL-MaLR	697	-	95	67042636	32692
chr16	67009944	67209944	harbor1	chr16	67043036	67043233	LTR/ERVL-MaLR	697	-	98	67043134	33190
chr16	67009944	67209944	harbor1	chr16	67101734	67102119	LTR/ERVL-MaLR	1658	-	192	67101926	91982
chr16	67009944	67209944	harbor1	chr16	67102435	67102590	LTR/ERVL-MaLR	1658	-	78	67102513	92569
chr16	67009944	67209944	harbor1	chr16	67105360	67105582	LTR/ERVL-MaLR	627	-	111	67105471	95527
chr16	167327	367327	harbor1	chr16	202178	202444	LTR/ERVL-MaLR	1177	-	133	202311	34984
chr16	167327	367327	harbor1	chr16	237250	237704	LTR/ERVL-MaLR	864	-	227	237477	70150
chr16	2198396	2398396	harbor1	chr16	2202203	2202577	LTR/ERVL-MaLR	2460	-	187	2202390	3994
chr16	56832283	57032283	harbor1	chr16	56875966	56876356	LTR/ERVL-MaLR	1645	-	195	56876161	43878
chr16	56832283	57032283	harbor1	chr16	56907509	56907875	LTR/ERVL-MaLR	2180	-	183	56907692	75409
chr16	56832283	57032283	harbor1	chr16	56918804	56919154	LTR/ERVL-MaLR	633	-	175	56918979	86696
chr16	66971200	67171200	harbor1	chr16	67042541	67042731	LTR/ERVL-MaLR	697	-	95	67042636	71436
chr16	66971200	67171200	harbor1	chr16	67043036	67043233	LTR/ERVL-MaLR	697	-	98	67043134	71934
chr16	29086399	29286399	harbor1	chr16	29092959	29093021	LTR/ERVL-MaLR	2216	-	31	29092990	6591
chr16	29086399	29286399	harbor1	chr16	29093321	29093598	LTR/ERVL-MaLR	2216	-	138	29093459	7060
chr16	29086399	29286399	harbor1	chr16	29093907	29093943	LTR/ERVL-MaLR	2216	-	18	29093925	7526
chr16	29086399	29286399	harbor1	chr16	29113228	29113670	LTR/ERVL-MaLR	896	-	221	29113449	27050
chr16	29086399	29286399	harbor1	chr16	29145390	29145751	LTR/ERVL-MaLR	2067	-	180	29145570	59171
chr16	67009894	67209894	harbor1	chr16	67042541	67042731	LTR/ERVL-MaLR	697	-	95	67042636	32742
chr16	67009894	67209894	harbor1	chr16	67043036	67043233	LTR/ERVL-MaLR	697	-	98	67043134	33240
chr16	67009894	67209894	harbor1	chr16	67101734	67102119	LTR/ERVL-MaLR	1658	-	192	67101926	92032
chr16	67009894	67209894	harbor1	chr16	67102435	67102590	LTR/ERVL-MaLR	1658	-	78	67102513	92619
chr16	67009894	67209894	harbor1	chr16	67105360	67105582	LTR/ERVL-MaLR	627	-	111	67105471	95577
chr16	2198343	2398343	harbor1	chr16	2202203	2202577	LTR/ERVL-MaLR	2460	-	187	2202390	4047
chr16	57884572	58084572	harbor1	chr16	57929268	57929498	LTR/ERVL-MaLR	1147	-	115	57929383	44811
chr16	57884572	58084572	harbor1	chr16	57929502	57929857	LTR/ERVL-MaLR	1276	-	178	57929680	45108
chr16	67009938	67209938	harbor1	chr16	67042541	67042731	LTR/ERVL-MaLR	697	-	95	67042636	32698
chr16	67009938	67209938	harbor1	chr16	67043036	67043233	LTR/ERVL-MaLR	697	-	98	67043134	33196
chr16	67009938	67209938	harbor1	chr16	67101734	67102119	LTR/ERVL-MaLR	1658	-	192	67101926	91988
chr16	67009938	67209938	harbor1	chr16	67102435	67102590	LTR/ERVL-MaLR	1658	-	78	67102513	92575
chr16	67009938	67209938	harbor1	chr16	67105360	67105582	LTR/ERVL-MaLR	627	-	111	67105471	95533
chr16	2687551	2887551	harbor1	chr16	2725283	2725735	LTR/ERVL-MaLR	1378	-	226	2725509	37958
chr16	2687551	2887551	harbor1	chr16	2749954	2750390	LTR/ERVL-MaLR	1221	-	218	2750172	62621
chr16	2687551	2887551	harbor1	chr16	2783910	2784293	LTR/ERVL-MaLR	1453	-	192	2784102	96551
chr16	2198431	2398431	harbor1	chr16	2202203	2202577	LTR/ERVL-MaLR	2460	-	187	2202390	3959
chr16	1	167688	harbor1	chr16	50461	50526	LTR/ERVL-MaLR	2183	-	32	50493	50492
chr16	1	167688	harbor1	chr16	50824	51130	LTR/ERVL-MaLR	2183	-	153	50977	50976
chr16	1	167688	harbor1	chr16	95039	95269	LTR/ERVL-MaLR	781	-	115	95154	95153
chr16	30087206	30287206	harbor1	chr16	30133600	30133838	LTR/ERVL-MaLR	2844	-	119	30133719	46513
chr16	30087206	30287206	harbor1	chr16	30134752	30134948	LTR/ERVL-MaLR	2844	-	98	30134850	47644
chr16	30087206	30287206	harbor1	chr16	30137853	30138157	LTR/ERVL-MaLR	742	-	152	30138005	50799
chr16	30087206	30287206	harbor1	chr16	30179803	30180077	LTR/ERVL-MaLR	1001	-	137	30179940	92734
chr16	30087206	30287206	harbor1	chr16	30179292	30179506	LTR/ERVL-MaLR	1001	-	107	30179399	92193
chr16	49757292	49957292	harbor1	chr16	49772817	49773036	LTR/ERVL-MaLR	2246	-	110	49772927	15635
chr16	49757292	49957292	harbor1	chr16	49773349	49773508	LTR/ERVL-MaLR	2246	-	80	49773429	16137
chr16	1	167634	harbor1	chr16	50461	50526	LTR/ERVL-MaLR	2183	-	32	50493	50492
chr16	1	167634	harbor1	chr16	50824	51130	LTR/ERVL-MaLR	2183	-	153	50977	50976
chr16	1	167634	harbor1	chr16	95039	95269	LTR/ERVL-MaLR	781	-	115	95154	95153
chr16	298381	498381	harbor1	chr16	392074	392271	LTR/ERVL-MaLR	817	-	98	392172	93791
chr16	298381	498381	harbor1	chr16	392729	392946	LTR/ERVL-MaLR	636	-	108	392837	94456
chr16	2862978	3062978	harbor1	chr16	2940098	2940300	LTR/ERVL-MaLR	857	-	101	2940199	77221
chr16	2862978	3062978	harbor1	chr16	2954137	2954414	LTR/ERVL-MaLR	828	-	138	2954275	91297
chr16	1	167545	harbor1	chr16	50461	50526	LTR/ERVL-MaLR	2183	-	32	50493	50492
chr16	1	167545	harbor1	chr16	50824	51130	LTR/ERVL-MaLR	2183	-	153	50977	50976
chr16	1	167545	harbor1	chr16	95039	95269	LTR/ERVL-MaLR	781	-	115	95154	95153
chr16	2865150	3065150	harbor1	chr16	2940098	2940300	LTR/ERVL-MaLR	857	-	101	2940199	75049
chr16	2865150	3065150	harbor1	chr16	2954137	2954414	LTR/ERVL-MaLR	828	-	138	2954275	89125
chr16	86768401	86968401	harbor1	chr16	86780996	86781529	LTR/ERVL-MaLR	943	-	266	86781262	12861
chr16	86768401	86968401	harbor1	chr16	86803635	86803988	LTR/ERVL-MaLR	1529	-	176	86803811	35410
chr16	86768401	86968401	harbor1	chr16	86846913	86847309	LTR/ERVL-MaLR	1007	-	198	86847111	78710
chr16	67009935	67209935	harbor1	chr16	67042541	67042731	LTR/ERVL-MaLR	697	-	95	67042636	32701
chr16	67009935	67209935	harbor1	chr16	67043036	67043233	LTR/ERVL-MaLR	697	-	98	67043134	33199
chr16	67009935	67209935	harbor1	chr16	67101734	67102119	LTR/ERVL-MaLR	1658	-	192	67101926	91991
chr16	67009935	67209935	harbor1	chr16	67102435	67102590	LTR/ERVL-MaLR	1658	-	78	67102513	92578
chr16	67009935	67209935	harbor1	chr16	67105360	67105582	LTR/ERVL-MaLR	627	-	111	67105471	95536
chr16	2865127	3065127	harbor1	chr16	2940098	2940300	LTR/ERVL-MaLR	857	-	101	2940199	75072
chr16	2865127	3065127	harbor1	chr16	2954137	2954414	LTR/ERVL-MaLR	828	-	138	2954275	89148
chr16	2197877	2397877	harbor1	chr16	2202203	2202577	LTR/ERVL-MaLR	2460	-	187	2202390	4513
chr16	1	167697	harbor1	chr16	50461	50526	LTR/ERVL-MaLR	2183	-	32	50493	50492
chr16	1	167697	harbor1	chr16	50824	51130	LTR/ERVL-MaLR	2183	-	153	50977	50976
chr16	1	167697	harbor1	chr16	95039	95269	LTR/ERVL-MaLR	781	-	115	95154	95153
chr16	49563770	49763770	harbor1	chr16	49573367	49573739	LTR/ERVL-MaLR	1079	-	186	49573553	9783
chr16	49563770	49763770	harbor1	chr16	49584491	49584893	LTR/ERVL-MaLR	1515	-	201	49584692	20922
chr17	79702899	79902899	harbor1	chr17	79704608	79704995	LTR/ERVL-MaLR	2259	-	194	79704802	1903
chr17	79702899	79902899	harbor1	chr17	79728637	79728876	LTR/ERVL-MaLR	644	-	120	79728757	25858
chr17	79702899	79902899	harbor1	chr17	79732413	79732848	LTR/ERVL-MaLR	1160	-	218	79732631	29732
chr17	79702899	79902899	harbor1	chr17	79754692	79754907	LTR/ERVL-MaLR	1371	-	108	79754800	51901
chr17	79702899	79902899	harbor1	chr17	79755499	79755649	LTR/ERVL-MaLR	1371	-	75	79755574	52675
chr17	79702899	79902899	harbor1	chr17	79767800	79768147	LTR/ERVL-MaLR	2482	-	174	79767974	65075
chr17	57532094	57732094	harbor1	chr17	57593266	57593711	LTR/ERVL-MaLR	1277	-	222	57593488	61394
chr17	57532094	57732094	harbor1	chr17	57595408	57595731	LTR/ERVL-MaLR	1261	-	162	57595570	63476
chr17	57532094	57732094	harbor1	chr17	57607639	57608048	LTR/ERVL-MaLR	2149	-	204	57607843	75749
chr17	57532094	57732094	harbor1	chr17	57624877	57625214	LTR/ERVL-MaLR	1876	-	168	57625045	92951
chr17	80949175	81149175	harbor1	chr17	81044415	81044609	LTR/ERVL-MaLR	701	-	97	81044512	95337
chr17	80949175	81149175	harbor1	chr17	80986013	80986331	LTR/ERVL-MaLR	1018	-	159	80986172	36997
chr17	80949175	81149175	harbor1	chr17	81002433	81002720	LTR/ERVL-MaLR	614	-	144	81002577	53402
chr17	29489646	29689646	harbor1	chr17	29490683	29491046	LTR/ERVL-MaLR	1598	-	182	29490865	1219
chr17	79531584	79731584	harbor1	chr17	79537114	79537499	LTR/ERVL-MaLR	803	-	192	79537306	5722
chr17	79531584	79731584	harbor1	chr17	79589149	79589563	LTR/ERVL-MaLR	850	-	207	79589356	57772
chr17	79531584	79731584	harbor1	chr17	79619250	79619670	LTR/ERVL-MaLR	1246	-	210	79619460	87876
chr17	79531584	79731584	harbor1	chr17	79622465	79622820	LTR/ERVL-MaLR	1361	-	178	79622643	91059
chr17	68098090	68298090	harbor1	chr17	68176339	68176799	LTR/ERVL-MaLR	1380	-	230	68176569	78479
chr17	68098090	68298090	harbor1	chr17	68186657	68186779	LTR/ERVL-MaLR	635	-	61	68186718	88628
chr17	68098090	68298090	harbor1	chr17	68187784	68188179	LTR/ERVL-MaLR	1912	-	198	68187982	89892
chr17	79690081	79890081	harbor1	chr17	79704608	79704995	LTR/ERVL-MaLR	2259	-	194	79704802	14721
chr17	79690081	79890081	harbor1	chr17	79728637	79728876	LTR/ERVL-MaLR	644	-	120	79728757	38676
chr17	79690081	79890081	harbor1	chr17	79732413	79732848	LTR/ERVL-MaLR	1160	-	218	79732631	42550
chr17	79690081	79890081	harbor1	chr17	79754692	79754907	LTR/ERVL-MaLR	1371	-	108	79754800	64719
chr17	79690081	79890081	harbor1	chr17	79755499	79755649	LTR/ERVL-MaLR	1371	-	75	79755574	65493
chr17	79690081	79890081	harbor1	chr17	79767800	79768147	LTR/ERVL-MaLR	2482	-	174	79767974	77893
chr17	72946166	73146166	harbor1	chr17	72949093	72949144	LTR/ERVL-MaLR	1522	-	26	72949119	2953
chr17	72946166	73146166	harbor1	chr17	72949461	72949762	LTR/ERVL-MaLR	1522	-	150	72949611	3445
chr17	72946166	73146166	harbor1	chr17	72956832	72957313	LTR/ERVL-MaLR	636	-	240	72957072	10906
chr17	72946166	73146166	harbor1	chr17	72962223	72962542	LTR/ERVL-MaLR	1583	-	160	72962383	16217
chr17	72946166	73146166	harbor1	chr17	72962837	72963066	LTR/ERVL-MaLR	1583	-	114	72962951	16785
chr17	72946166	73146166	harbor1	chr17	72992806	72993163	LTR/ERVL-MaLR	2718	-	178	72992984	46818
chr17	72946166	73146166	harbor1	chr17	72996351	72996791	LTR/ERVL-MaLR	1961	-	220	72996571	50405
chr17	72946166	73146166	harbor1	chr17	73002663	73003115	LTR/ERVL-MaLR	1645	-	226	73002889	56723
chr17	72946166	73146166	harbor1	chr17	73004261	73004585	LTR/ERVL-MaLR	1290	-	162	73004423	58257
chr17	33191705	33391705	harbor1	chr17	33234545	33234910	LTR/ERVL-MaLR	1821	-	182	33234727	43022
chr17	33191705	33391705	harbor1	chr17	33248476	33248958	LTR/ERVL-MaLR	1547	-	241	33248717	57012
chr17	33191705	33391705	harbor1	chr17	33282163	33282445	LTR/ERVL-MaLR	2534	-	141	33282304	90599
chr17	33191705	33391705	harbor1	chr17	33282774	33283021	LTR/ERVL-MaLR	2534	-	124	33282898	91193
chr17	7822240	8022240	harbor1	chr17	7865398	7865751	LTR/ERVL-MaLR	630	-	176	7865574	43334
chr17	80933433	81133433	harbor1	chr17	80986013	80986331	LTR/ERVL-MaLR	1018	-	159	80986172	52739
chr17	80933433	81133433	harbor1	chr17	81002433	81002720	LTR/ERVL-MaLR	614	-	144	81002577	69144
chr17	79702898	79902898	harbor1	chr17	79704608	79704995	LTR/ERVL-MaLR	2259	-	194	79704802	1904
chr17	79702898	79902898	harbor1	chr17	79728637	79728876	LTR/ERVL-MaLR	644	-	120	79728757	25859
chr17	79702898	79902898	harbor1	chr17	79732413	79732848	LTR/ERVL-MaLR	1160	-	218	79732631	29733
chr17	79702898	79902898	harbor1	chr17	79754692	79754907	LTR/ERVL-MaLR	1371	-	108	79754800	51902
chr17	79702898	79902898	harbor1	chr17	79755499	79755649	LTR/ERVL-MaLR	1371	-	75	79755574	52676
chr17	79702898	79902898	harbor1	chr17	79767800	79768147	LTR/ERVL-MaLR	2482	-	174	79767974	65076
chr17	76637237	76837237	harbor1	chr17	76657052	76657229	LTR/ERVL-MaLR	778	-	88	76657140	19903
chr17	76637237	76837237	harbor1	chr17	76730619	76730686	LTR/ERVL-MaLR	1290	-	34	76730653	93416
chr17	76637237	76837237	harbor1	chr17	76731290	76731559	LTR/ERVL-MaLR	1290	-	134	76731424	94187
chr17	80932396	81132396	harbor1	chr17	80986013	80986331	LTR/ERVL-MaLR	1018	-	159	80986172	53776
chr17	80932396	81132396	harbor1	chr17	81002433	81002720	LTR/ERVL-MaLR	614	-	144	81002577	70181
chr17	79041540	79241540	harbor1	chr17	79050250	79050557	LTR/ERVL-MaLR	694	-	154	79050404	8864
chr17	79041540	79241540	harbor1	chr17	79062653	79063001	LTR/ERVL-MaLR	2034	-	174	79062827	21287
chr17	79041540	79241540	harbor1	chr17	79072150	79072553	LTR/ERVL-MaLR	605	-	202	79072352	30812
chr17	80932315	81132315	harbor1	chr17	80986013	80986331	LTR/ERVL-MaLR	1018	-	159	80986172	53857
chr17	80932315	81132315	harbor1	chr17	81002433	81002720	LTR/ERVL-MaLR	614	-	144	81002577	70262
chr17	79702913	79902913	harbor1	chr17	79704608	79704995	LTR/ERVL-MaLR	2259	-	194	79704802	1889
chr17	79702913	79902913	harbor1	chr17	79728637	79728876	LTR/ERVL-MaLR	644	-	120	79728757	25844
chr17	79702913	79902913	harbor1	chr17	79732413	79732848	LTR/ERVL-MaLR	1160	-	218	79732631	29718
chr17	79702913	79902913	harbor1	chr17	79754692	79754907	LTR/ERVL-MaLR	1371	-	108	79754800	51887
chr17	79702913	79902913	harbor1	chr17	79755499	79755649	LTR/ERVL-MaLR	1371	-	75	79755574	52661
chr17	79702913	79902913	harbor1	chr17	79767800	79768147	LTR/ERVL-MaLR	2482	-	174	79767974	65061
chr17	80992823	81192823	harbor1	chr17	81044415	81044609	LTR/ERVL-MaLR	701	-	97	81044512	51689
chr17	80992823	81192823	harbor1	chr17	81002433	81002720	LTR/ERVL-MaLR	614	-	144	81002577	9754
chr17	80931238	81131238	harbor1	chr17	80986013	80986331	LTR/ERVL-MaLR	1018	-	159	80986172	54934
chr17	80931238	81131238	harbor1	chr17	81002433	81002720	LTR/ERVL-MaLR	614	-	144	81002577	71339
chr17	76637265	76837265	harbor1	chr17	76657052	76657229	LTR/ERVL-MaLR	778	-	88	76657140	19875
chr17	76637265	76837265	harbor1	chr17	76730619	76730686	LTR/ERVL-MaLR	1290	-	34	76730653	93388
chr17	76637265	76837265	harbor1	chr17	76731290	76731559	LTR/ERVL-MaLR	1290	-	134	76731424	94159
chr17	80934936	81134936	harbor1	chr17	80986013	80986331	LTR/ERVL-MaLR	1018	-	159	80986172	51236
chr17	80934936	81134936	harbor1	chr17	81002433	81002720	LTR/ERVL-MaLR	614	-	144	81002577	67641
chr17	76768591	76968591	harbor1	chr17	76769197	76769563	LTR/ERVL-MaLR	1800	-	183	76769380	789
chr17	76768591	76968591	harbor1	chr17	76780961	76781464	LTR/ERVL-MaLR	1316	-	252	76781213	12622
chr17	76768591	76968591	harbor1	chr17	76817897	76818256	LTR/ERVL-MaLR	2113	-	180	76818077	49486
chr17	76768591	76968591	harbor1	chr17	76824319	76824380	LTR/ERVL-MaLR	756	-	30	76824349	55758
chr17	76768591	76968591	harbor1	chr17	76824681	76824938	LTR/ERVL-MaLR	756	-	128	76824809	56218
chr17	76768591	76968591	harbor1	chr17	76825228	76825383	LTR/ERVL-MaLR	756	-	78	76825306	56715
chr17	76768591	76968591	harbor1	chr17	76829929	76830292	LTR/ERVL-MaLR	1763	-	182	76830111	61520
chr17	76768591	76968591	harbor1	chr17	76830595	76830750	LTR/ERVL-MaLR	1763	-	78	76830673	62082
chr17	76768591	76968591	harbor1	chr17	76852443	76852657	LTR/ERVL-MaLR	2529	-	107	76852550	83959
chr17	76768591	76968591	harbor1	chr17	76852969	76853129	LTR/ERVL-MaLR	2529	-	80	76853049	84458
chr17	76768591	76968591	harbor1	chr17	76859060	76859282	LTR/ERVL-MaLR	779	-	111	76859171	90580
chr17	76768591	76968591	harbor1	chr17	76861384	76861756	LTR/ERVL-MaLR	2178	-	186	76861570	92979
chr17	76768591	76968591	harbor1	chr17	76861866	76862241	LTR/ERVL-MaLR	2292	-	188	76862054	93463
chr17	76637258	76837258	harbor1	chr17	76657052	76657229	LTR/ERVL-MaLR	778	-	88	76657140	19882
chr17	76637258	76837258	harbor1	chr17	76730619	76730686	LTR/ERVL-MaLR	1290	-	34	76730653	93395
chr17	76637258	76837258	harbor1	chr17	76731290	76731559	LTR/ERVL-MaLR	1290	-	134	76731424	94166
chr17	44252837	44452837	harbor1	chr17	44275828	44275864	LTR/ERVL-MaLR	878	-	18	44275846	23009
chr17	44252837	44452837	harbor1	chr17	44276476	44276670	LTR/ERVL-MaLR	878	-	97	44276573	23736
chr17	44252837	44452837	harbor1	chr17	44304903	44305248	LTR/ERVL-MaLR	1935	-	172	44305075	52238
chr17	44252837	44452837	harbor1	chr17	44305878	44305921	LTR/ERVL-MaLR	1935	-	22	44305900	53063
chr17	80934866	81134866	harbor1	chr17	80986013	80986331	LTR/ERVL-MaLR	1018	-	159	80986172	51306
chr17	80934866	81134866	harbor1	chr17	81002433	81002720	LTR/ERVL-MaLR	614	-	144	81002577	67711
chr17	27477770	27677770	harbor1	chr17	27487701	27488036	LTR/ERVL-MaLR	1671	-	168	27487869	10099
chr17	27477770	27677770	harbor1	chr17	27523604	27523998	LTR/ERVL-MaLR	944	-	197	27523801	46031
chr17	27477770	27677770	harbor1	chr17	27575796	27576217	LTR/ERVL-MaLR	1569	-	210	27576006	98236
chr17	82773798	82973798	harbor1	chr17	82841634	82842121	LTR/ERVL-MaLR	1097	-	244	82841878	68080
chr17	82773798	82973798	harbor1	chr17	82852358	82852736	LTR/ERVL-MaLR	1297	-	189	82852547	78749
chr17	82773798	82973798	harbor1	chr17	82804422	82804800	LTR/ERVL-MaLR	845	-	189	82804611	30813
chr17	7686387	7886387	harbor1	chr17	7757666	7758026	LTR/ERVL-MaLR	2300	-	180	7757846	71459
chr17	80932802	81132802	harbor1	chr17	80986013	80986331	LTR/ERVL-MaLR	1018	-	159	80986172	53370
chr17	80932802	81132802	harbor1	chr17	81002433	81002720	LTR/ERVL-MaLR	614	-	144	81002577	69775
chr17	78251834	78451834	harbor1	chr17	78306351	78306456	LTR/ERVL-MaLR	999	-	52	78306403	54569
chr17	78251834	78451834	harbor1	chr17	78306787	78307222	LTR/ERVL-MaLR	999	-	218	78307005	55171
chr17	78251834	78451834	harbor1	chr17	78307834	78308064	LTR/ERVL-MaLR	639	-	115	78307949	56115
chr17	78251834	78451834	harbor1	chr17	78309763	78309921	LTR/ERVL-MaLR	611	-	79	78309842	58008
chr17	49396359	49596359	harbor1	chr17	49464082	49464503	LTR/ERVL-MaLR	2121	-	210	49464292	67933
chr17	49396359	49596359	harbor1	chr17	49475610	49476006	LTR/ERVL-MaLR	2291	-	198	49475808	79449
chr17	7335900	7535900	harbor1	chr17	7364938	7365106	LTR/ERVL-MaLR	770	-	84	7365022	29122
chr17	29489675	29689675	harbor1	chr17	29490683	29491046	LTR/ERVL-MaLR	1598	-	182	29490865	1190
chr17	80934111	81134111	harbor1	chr17	80986013	80986331	LTR/ERVL-MaLR	1018	-	159	80986172	52061
chr17	80934111	81134111	harbor1	chr17	81002433	81002720	LTR/ERVL-MaLR	614	-	144	81002577	68466
chr17	79702928	79902928	harbor1	chr17	79704608	79704995	LTR/ERVL-MaLR	2259	-	194	79704802	1874
chr17	79702928	79902928	harbor1	chr17	79728637	79728876	LTR/ERVL-MaLR	644	-	120	79728757	25829
chr17	79702928	79902928	harbor1	chr17	79732413	79732848	LTR/ERVL-MaLR	1160	-	218	79732631	29703
chr17	79702928	79902928	harbor1	chr17	79754692	79754907	LTR/ERVL-MaLR	1371	-	108	79754800	51872
chr17	79702928	79902928	harbor1	chr17	79755499	79755649	LTR/ERVL-MaLR	1371	-	75	79755574	52646
chr17	79702928	79902928	harbor1	chr17	79767800	79768147	LTR/ERVL-MaLR	2482	-	174	79767974	65046
chr17	80934868	81134868	harbor1	chr17	80986013	80986331	LTR/ERVL-MaLR	1018	-	159	80986172	51304
chr17	80934868	81134868	harbor1	chr17	81002433	81002720	LTR/ERVL-MaLR	614	-	144	81002577	67709
chr17	77288251	77488251	harbor1	chr17	77323878	77324327	LTR/ERVL-MaLR	1211	-	224	77324102	35851
chr17	77288251	77488251	harbor1	chr17	77352049	77352115	LTR/ERVL-MaLR	1613	-	33	77352082	63831
chr17	77288251	77488251	harbor1	chr17	77352436	77352660	LTR/ERVL-MaLR	1613	-	112	77352548	64297
chr17	77288251	77488251	harbor1	chr17	77352949	77353125	LTR/ERVL-MaLR	1613	-	88	77353037	64786
chr17	77288251	77488251	harbor1	chr17	77358910	77359293	LTR/ERVL-MaLR	1076	-	192	77359102	70851
chr17	77288251	77488251	harbor1	chr17	77370129	77370500	LTR/ERVL-MaLR	1187	-	186	77370315	82064
chr17	77288251	77488251	harbor1	chr17	77387093	77387497	LTR/ERVL-MaLR	1125	-	202	77387295	99044
chr17	33191625	33391625	harbor1	chr17	33234545	33234910	LTR/ERVL-MaLR	1821	-	182	33234727	43102
chr17	33191625	33391625	harbor1	chr17	33248476	33248958	LTR/ERVL-MaLR	1547	-	241	33248717	57092
chr17	33191625	33391625	harbor1	chr17	33282163	33282445	LTR/ERVL-MaLR	2534	-	141	33282304	90679
chr17	33191625	33391625	harbor1	chr17	33282774	33283021	LTR/ERVL-MaLR	2534	-	124	33282898	91273
chr17	81766160	81966160	harbor1	chr17	81836661	81836724	LTR/ERVL-MaLR	1715	-	32	81836693	70533
chr17	81766160	81966160	harbor1	chr17	81837635	81838000	LTR/ERVL-MaLR	1715	-	182	81837817	71657
chr17	76637275	76837275	harbor1	chr17	76657052	76657229	LTR/ERVL-MaLR	778	-	88	76657140	19865
chr17	76637275	76837275	harbor1	chr17	76730619	76730686	LTR/ERVL-MaLR	1290	-	34	76730653	93378
chr17	76637275	76837275	harbor1	chr17	76731290	76731559	LTR/ERVL-MaLR	1290	-	134	76731424	94149
chr17	79702893	79902893	harbor1	chr17	79704608	79704995	LTR/ERVL-MaLR	2259	-	194	79704802	1909
chr17	79702893	79902893	harbor1	chr17	79728637	79728876	LTR/ERVL-MaLR	644	-	120	79728757	25864
chr17	79702893	79902893	harbor1	chr17	79732413	79732848	LTR/ERVL-MaLR	1160	-	218	79732631	29738
chr17	79702893	79902893	harbor1	chr17	79754692	79754907	LTR/ERVL-MaLR	1371	-	108	79754800	51907
chr17	79702893	79902893	harbor1	chr17	79755499	79755649	LTR/ERVL-MaLR	1371	-	75	79755574	52681
chr17	79702893	79902893	harbor1	chr17	79767800	79768147	LTR/ERVL-MaLR	2482	-	174	79767974	65081
chr17	28855314	29055314	harbor1	chr17	28876381	28876709	LTR/ERVL-MaLR	1106	-	164	28876545	21231
chr17	76636920	76836920	harbor1	chr17	76657052	76657229	LTR/ERVL-MaLR	778	-	88	76657140	20220
chr17	76636920	76836920	harbor1	chr17	76730619	76730686	LTR/ERVL-MaLR	1290	-	34	76730653	93733
chr17	76636920	76836920	harbor1	chr17	76731290	76731559	LTR/ERVL-MaLR	1290	-	134	76731424	94504
chr17	74965179	75165179	harbor1	chr17	74978217	74978610	LTR/ERVL-MaLR	1915	-	196	74978413	13234
chr17	74965179	75165179	harbor1	chr17	74978923	74979120	LTR/ERVL-MaLR	1915	-	98	74979021	13842
chr17	7336816	7536816	harbor1	chr17	7364938	7365106	LTR/ERVL-MaLR	770	-	84	7365022	28206
chr17	76637277	76837277	harbor1	chr17	76657052	76657229	LTR/ERVL-MaLR	778	-	88	76657140	19863
chr17	76637277	76837277	harbor1	chr17	76730619	76730686	LTR/ERVL-MaLR	1290	-	34	76730653	93376
chr17	76637277	76837277	harbor1	chr17	76731290	76731559	LTR/ERVL-MaLR	1290	-	134	76731424	94147
chr17	33191684	33391684	harbor1	chr17	33234545	33234910	LTR/ERVL-MaLR	1821	-	182	33234727	43043
chr17	33191684	33391684	harbor1	chr17	33248476	33248958	LTR/ERVL-MaLR	1547	-	241	33248717	57033
chr17	33191684	33391684	harbor1	chr17	33282163	33282445	LTR/ERVL-MaLR	2534	-	141	33282304	90620
chr17	33191684	33391684	harbor1	chr17	33282774	33283021	LTR/ERVL-MaLR	2534	-	124	33282898	91214
chr17	78923444	79123444	harbor1	chr17	79006187	79006505	LTR/ERVL-MaLR	945	-	159	79006346	82902
chr17	78923444	79123444	harbor1	chr17	79016878	79017283	LTR/ERVL-MaLR	2534	-	202	79017080	93636
chr17	28306337	28506337	harbor1	chr17	28320614	28321066	LTR/ERVL-MaLR	1933	-	226	28320840	14503
chr17	81583177	81783177	harbor1	chr17	81640288	81640452	LTR/ERVL-MaLR	742	-	82	81640370	57193
chr17	81583177	81783177	harbor1	chr17	81640748	81640847	LTR/ERVL-MaLR	742	-	50	81640798	57621
chr17	29471479	29671479	harbor1	chr17	29490683	29491046	LTR/ERVL-MaLR	1598	-	182	29490865	19386
chr17	9856240	10056240	harbor1	chr17	9860375	9860728	LTR/ERVL-MaLR	1504	-	176	9860551	4311
chr17	9856240	10056240	harbor1	chr17	9869499	9869943	LTR/ERVL-MaLR	1739	-	222	9869721	13481
chr17	9856240	10056240	harbor1	chr17	9885396	9885813	LTR/ERVL-MaLR	975	-	208	9885604	29364
chr17	39495693	39695693	harbor1	chr17	39571363	39571847	LTR/ERVL-MaLR	2049	-	242	39571605	75912
chr17	58057205	58257205	harbor1	chr17	58101598	58101993	LTR/ERVL-MaLR	1348	-	198	58101796	44591
chr17	58057205	58257205	harbor1	chr17	58114584	58115017	LTR/ERVL-MaLR	1105	-	216	58114800	57595
chr17	58057205	58257205	harbor1	chr17	58134966	58135392	LTR/ERVL-MaLR	2471	-	213	58135179	77974
chr17	58057205	58257205	harbor1	chr17	58137424	58137518	LTR/ERVL-MaLR	591	-	47	58137471	80266
chr17	58057205	58257205	harbor1	chr17	58137554	58137604	LTR/ERVL-MaLR	990	-	25	58137579	80374
chr17	58057205	58257205	harbor1	chr17	58137941	58138080	LTR/ERVL-MaLR	990	-	70	58138011	80806
chr17	58057205	58257205	harbor1	chr17	58139511	58139939	LTR/ERVL-MaLR	2460	-	214	58139725	82520
chr17	79689674	79889674	harbor1	chr17	79704608	79704995	LTR/ERVL-MaLR	2259	-	194	79704802	15128
chr17	79689674	79889674	harbor1	chr17	79728637	79728876	LTR/ERVL-MaLR	644	-	120	79728757	39083
chr17	79689674	79889674	harbor1	chr17	79732413	79732848	LTR/ERVL-MaLR	1160	-	218	79732631	42957
chr17	79689674	79889674	harbor1	chr17	79754692	79754907	LTR/ERVL-MaLR	1371	-	108	79754800	65126
chr17	79689674	79889674	harbor1	chr17	79755499	79755649	LTR/ERVL-MaLR	1371	-	75	79755574	65900
chr17	79689674	79889674	harbor1	chr17	79767800	79768147	LTR/ERVL-MaLR	2482	-	174	79767974	78300
chr17	76637325	76837325	harbor1	chr17	76657052	76657229	LTR/ERVL-MaLR	778	-	88	76657140	19815
chr17	76637325	76837325	harbor1	chr17	76730619	76730686	LTR/ERVL-MaLR	1290	-	34	76730653	93328
chr17	76637325	76837325	harbor1	chr17	76731290	76731559	LTR/ERVL-MaLR	1290	-	134	76731424	94099
chr17	79701303	79901303	harbor1	chr17	79704608	79704995	LTR/ERVL-MaLR	2259	-	194	79704802	3499
chr17	79701303	79901303	harbor1	chr17	79728637	79728876	LTR/ERVL-MaLR	644	-	120	79728757	27454
chr17	79701303	79901303	harbor1	chr17	79732413	79732848	LTR/ERVL-MaLR	1160	-	218	79732631	31328
chr17	79701303	79901303	harbor1	chr17	79754692	79754907	LTR/ERVL-MaLR	1371	-	108	79754800	53497
chr17	79701303	79901303	harbor1	chr17	79755499	79755649	LTR/ERVL-MaLR	1371	-	75	79755574	54271
chr17	79701303	79901303	harbor1	chr17	79767800	79768147	LTR/ERVL-MaLR	2482	-	174	79767974	66671
chr17	2830224	3030224	harbor1	chr17	2836233	2836349	LTR/ERVL-MaLR	892	-	58	2836291	6067
chr17	2830224	3030224	harbor1	chr17	2836658	2836977	LTR/ERVL-MaLR	892	-	160	2836818	6594
chr17	2830224	3030224	harbor1	chr17	2837271	2837459	LTR/ERVL-MaLR	892	-	94	2837365	7141
chr17	2830224	3030224	harbor1	chr17	2867222	2867777	LTR/ERVL-MaLR	1588	-	278	2867500	37276
chr17	2830224	3030224	harbor1	chr17	2868845	2869202	LTR/ERVL-MaLR	1823	-	178	2869023	38799
chr17	2830224	3030224	harbor1	chr17	2870691	2870943	LTR/ERVL-MaLR	747	-	126	2870817	40593
chr17	2830224	3030224	harbor1	chr17	2871256	2871572	LTR/ERVL-MaLR	747	-	158	2871414	41190
chr17	2830224	3030224	harbor1	chr17	2892341	2892848	LTR/ERVL-MaLR	930	-	254	2892595	62371
chr17	2830224	3030224	harbor1	chr17	2901938	2902194	LTR/ERVL-MaLR	959	-	128	2902066	71842
chr17	2830224	3030224	harbor1	chr17	2906849	2907353	LTR/ERVL-MaLR	1646	-	252	2907101	76877
chr17	2830224	3030224	harbor1	chr17	2918083	2918153	LTR/ERVL-MaLR	2685	-	35	2918118	87894
chr17	2830224	3030224	harbor1	chr17	2918458	2918817	LTR/ERVL-MaLR	2685	-	180	2918638	88414
chr17	2830224	3030224	harbor1	chr17	2921755	2922020	LTR/ERVL-MaLR	640	-	132	2921887	91663
chr17	2830224	3030224	harbor1	chr17	2922021	2922369	LTR/ERVL-MaLR	1382	-	174	2922195	91971
chr17	2830224	3030224	harbor1	chr17	2922370	2922448	LTR/ERVL-MaLR	640	-	39	2922409	92185
chr17	2830224	3030224	harbor1	chr17	2925298	2925591	LTR/ERVL-MaLR	1577	-	146	2925444	95220
chr17	2830224	3030224	harbor1	chr17	2926587	2926722	LTR/ERVL-MaLR	1825	-	68	2926655	96431
chr17	2830224	3030224	harbor1	chr17	2927030	2927159	LTR/ERVL-MaLR	1825	-	64	2927094	96870
chr17	2830224	3030224	harbor1	chr17	2927452	2927706	LTR/ERVL-MaLR	1825	-	127	2927579	97355
chr17	79702912	79902912	harbor1	chr17	79704608	79704995	LTR/ERVL-MaLR	2259	-	194	79704802	1890
chr17	79702912	79902912	harbor1	chr17	79728637	79728876	LTR/ERVL-MaLR	644	-	120	79728757	25845
chr17	79702912	79902912	harbor1	chr17	79732413	79732848	LTR/ERVL-MaLR	1160	-	218	79732631	29719
chr17	79702912	79902912	harbor1	chr17	79754692	79754907	LTR/ERVL-MaLR	1371	-	108	79754800	51888
chr17	79702912	79902912	harbor1	chr17	79755499	79755649	LTR/ERVL-MaLR	1371	-	75	79755574	52662
chr17	79702912	79902912	harbor1	chr17	79767800	79768147	LTR/ERVL-MaLR	2482	-	174	79767974	65062
chr17	2838086	3038086	harbor1	chr17	2867222	2867777	LTR/ERVL-MaLR	1588	-	278	2867500	29414
chr17	2838086	3038086	harbor1	chr17	2868845	2869202	LTR/ERVL-MaLR	1823	-	178	2869023	30937
chr17	2838086	3038086	harbor1	chr17	2870691	2870943	LTR/ERVL-MaLR	747	-	126	2870817	32731
chr17	2838086	3038086	harbor1	chr17	2871256	2871572	LTR/ERVL-MaLR	747	-	158	2871414	33328
chr17	2838086	3038086	harbor1	chr17	2892341	2892848	LTR/ERVL-MaLR	930	-	254	2892595	54509
chr17	2838086	3038086	harbor1	chr17	2901938	2902194	LTR/ERVL-MaLR	959	-	128	2902066	63980
chr17	2838086	3038086	harbor1	chr17	2906849	2907353	LTR/ERVL-MaLR	1646	-	252	2907101	69015
chr17	2838086	3038086	harbor1	chr17	2918083	2918153	LTR/ERVL-MaLR	2685	-	35	2918118	80032
chr17	2838086	3038086	harbor1	chr17	2918458	2918817	LTR/ERVL-MaLR	2685	-	180	2918638	80552
chr17	2838086	3038086	harbor1	chr17	2921755	2922020	LTR/ERVL-MaLR	640	-	132	2921887	83801
chr17	2838086	3038086	harbor1	chr17	2922021	2922369	LTR/ERVL-MaLR	1382	-	174	2922195	84109
chr17	2838086	3038086	harbor1	chr17	2922370	2922448	LTR/ERVL-MaLR	640	-	39	2922409	84323
chr17	2838086	3038086	harbor1	chr17	2925298	2925591	LTR/ERVL-MaLR	1577	-	146	2925444	87358
chr17	2838086	3038086	harbor1	chr17	2926587	2926722	LTR/ERVL-MaLR	1825	-	68	2926655	88569
chr17	2838086	3038086	harbor1	chr17	2927030	2927159	LTR/ERVL-MaLR	1825	-	64	2927094	89008
chr17	2838086	3038086	harbor1	chr17	2927452	2927706	LTR/ERVL-MaLR	1825	-	127	2927579	89493
chr17	76637321	76837321	harbor1	chr17	76657052	76657229	LTR/ERVL-MaLR	778	-	88	76657140	19819
chr17	76637321	76837321	harbor1	chr17	76730619	76730686	LTR/ERVL-MaLR	1290	-	34	76730653	93332
chr17	76637321	76837321	harbor1	chr17	76731290	76731559	LTR/ERVL-MaLR	1290	-	134	76731424	94103
chr17	32776002	32976002	harbor1	chr17	32814729	32815114	LTR/ERVL-MaLR	1019	-	192	32814921	38919
chr17	82980527	83180527	harbor1	chr17	83047071	83047404	LTR/ERVL-MaLR	1628	-	166	83047237	66710
chr17	76637272	76837272	harbor1	chr17	76657052	76657229	LTR/ERVL-MaLR	778	-	88	76657140	19868
chr17	76637272	76837272	harbor1	chr17	76730619	76730686	LTR/ERVL-MaLR	1290	-	34	76730653	93381
chr17	76637272	76837272	harbor1	chr17	76731290	76731559	LTR/ERVL-MaLR	1290	-	134	76731424	94152
chr17	80934861	81134861	harbor1	chr17	80986013	80986331	LTR/ERVL-MaLR	1018	-	159	80986172	51311
chr17	80934861	81134861	harbor1	chr17	81002433	81002720	LTR/ERVL-MaLR	614	-	144	81002577	67716
chr17	80928150	81128150	harbor1	chr17	80986013	80986331	LTR/ERVL-MaLR	1018	-	159	80986172	58022
chr17	80928150	81128150	harbor1	chr17	81002433	81002720	LTR/ERVL-MaLR	614	-	144	81002577	74427
chr17	29522824	29722824	harbor1	chr17	29602057	29602113	LTR/ERVL-MaLR	1308	-	28	29602085	79261
chr17	29522824	29722824	harbor1	chr17	29602413	29602800	LTR/ERVL-MaLR	1308	-	194	29602607	79783
chr17	2829884	3029884	harbor1	chr17	2836233	2836349	LTR/ERVL-MaLR	892	-	58	2836291	6407
chr17	2829884	3029884	harbor1	chr17	2836658	2836977	LTR/ERVL-MaLR	892	-	160	2836818	6934
chr17	2829884	3029884	harbor1	chr17	2837271	2837459	LTR/ERVL-MaLR	892	-	94	2837365	7481
chr17	2829884	3029884	harbor1	chr17	2867222	2867777	LTR/ERVL-MaLR	1588	-	278	2867500	37616
chr17	2829884	3029884	harbor1	chr17	2868845	2869202	LTR/ERVL-MaLR	1823	-	178	2869023	39139
chr17	2829884	3029884	harbor1	chr17	2870691	2870943	LTR/ERVL-MaLR	747	-	126	2870817	40933
chr17	2829884	3029884	harbor1	chr17	2871256	2871572	LTR/ERVL-MaLR	747	-	158	2871414	41530
chr17	2829884	3029884	harbor1	chr17	2892341	2892848	LTR/ERVL-MaLR	930	-	254	2892595	62711
chr17	2829884	3029884	harbor1	chr17	2901938	2902194	LTR/ERVL-MaLR	959	-	128	2902066	72182
chr17	2829884	3029884	harbor1	chr17	2906849	2907353	LTR/ERVL-MaLR	1646	-	252	2907101	77217
chr17	2829884	3029884	harbor1	chr17	2918083	2918153	LTR/ERVL-MaLR	2685	-	35	2918118	88234
chr17	2829884	3029884	harbor1	chr17	2918458	2918817	LTR/ERVL-MaLR	2685	-	180	2918638	88754
chr17	2829884	3029884	harbor1	chr17	2921755	2922020	LTR/ERVL-MaLR	640	-	132	2921887	92003
chr17	2829884	3029884	harbor1	chr17	2922021	2922369	LTR/ERVL-MaLR	1382	-	174	2922195	92311
chr17	2829884	3029884	harbor1	chr17	2922370	2922448	LTR/ERVL-MaLR	640	-	39	2922409	92525
chr17	2829884	3029884	harbor1	chr17	2925298	2925591	LTR/ERVL-MaLR	1577	-	146	2925444	95560
chr17	2829884	3029884	harbor1	chr17	2926587	2926722	LTR/ERVL-MaLR	1825	-	68	2926655	96771
chr17	2829884	3029884	harbor1	chr17	2927030	2927159	LTR/ERVL-MaLR	1825	-	64	2927094	97210
chr17	2829884	3029884	harbor1	chr17	2927452	2927706	LTR/ERVL-MaLR	1825	-	127	2927579	97695
chr17	81133715	81333715	harbor1	chr17	81161287	81161516	LTR/ERVL-MaLR	724	-	114	81161401	27686
chr17	81133715	81333715	harbor1	chr17	81170361	81170546	LTR/ERVL-MaLR	677	-	92	81170453	36738
chr17	80992764	81192764	harbor1	chr17	81044415	81044609	LTR/ERVL-MaLR	701	-	97	81044512	51748
chr17	80992764	81192764	harbor1	chr17	81002433	81002720	LTR/ERVL-MaLR	614	-	144	81002577	9813
chr17	60048761	60248761	harbor1	chr17	60134127	60134464	LTR/ERVL-MaLR	1870	-	168	60134295	85534
chr17	75814935	76014935	harbor1	chr17	75880461	75880637	LTR/ERVL-MaLR	754	-	88	75880549	65614
chr17	75814935	76014935	harbor1	chr17	75881337	75881682	LTR/ERVL-MaLR	1557	-	172	75881509	66574
chr17	79702897	79902897	harbor1	chr17	79704608	79704995	LTR/ERVL-MaLR	2259	-	194	79704802	1905
chr17	79702897	79902897	harbor1	chr17	79728637	79728876	LTR/ERVL-MaLR	644	-	120	79728757	25860
chr17	79702897	79902897	harbor1	chr17	79732413	79732848	LTR/ERVL-MaLR	1160	-	218	79732631	29734
chr17	79702897	79902897	harbor1	chr17	79754692	79754907	LTR/ERVL-MaLR	1371	-	108	79754800	51903
chr17	79702897	79902897	harbor1	chr17	79755499	79755649	LTR/ERVL-MaLR	1371	-	75	79755574	52677
chr17	79702897	79902897	harbor1	chr17	79767800	79768147	LTR/ERVL-MaLR	2482	-	174	79767974	65077
chr17	7339761	7539761	harbor1	chr17	7364938	7365106	LTR/ERVL-MaLR	770	-	84	7365022	25261
chr17	76637283	76837283	harbor1	chr17	76657052	76657229	LTR/ERVL-MaLR	778	-	88	76657140	19857
chr17	76637283	76837283	harbor1	chr17	76730619	76730686	LTR/ERVL-MaLR	1290	-	34	76730653	93370
chr17	76637283	76837283	harbor1	chr17	76731290	76731559	LTR/ERVL-MaLR	1290	-	134	76731424	94141
chr17	79702896	79902896	harbor1	chr17	79704608	79704995	LTR/ERVL-MaLR	2259	-	194	79704802	1906
chr17	79702896	79902896	harbor1	chr17	79728637	79728876	LTR/ERVL-MaLR	644	-	120	79728757	25861
chr17	79702896	79902896	harbor1	chr17	79732413	79732848	LTR/ERVL-MaLR	1160	-	218	79732631	29735
chr17	79702896	79902896	harbor1	chr17	79754692	79754907	LTR/ERVL-MaLR	1371	-	108	79754800	51904
chr17	79702896	79902896	harbor1	chr17	79755499	79755649	LTR/ERVL-MaLR	1371	-	75	79755574	52678
chr17	79702896	79902896	harbor1	chr17	79767800	79768147	LTR/ERVL-MaLR	2482	-	174	79767974	65078
chr17	80934979	81134979	harbor1	chr17	80986013	80986331	LTR/ERVL-MaLR	1018	-	159	80986172	51193
chr17	80934979	81134979	harbor1	chr17	81002433	81002720	LTR/ERVL-MaLR	614	-	144	81002577	67598
chr17	81088226	81288226	harbor1	chr17	81161287	81161516	LTR/ERVL-MaLR	724	-	114	81161401	73175
chr17	81088226	81288226	harbor1	chr17	81170361	81170546	LTR/ERVL-MaLR	677	-	92	81170453	82227
chr17	61280861	61480861	harbor1	chr17	61328373	61328486	LTR/ERVL-MaLR	1281	-	56	61328429	47568
chr17	61280861	61480861	harbor1	chr17	61328791	61328890	LTR/ERVL-MaLR	1281	-	50	61328841	47980
chr17	61280861	61480861	harbor1	chr17	61329177	61329324	LTR/ERVL-MaLR	1281	-	74	61329251	48390
chr17	61280861	61480861	harbor1	chr17	61360399	61360762	LTR/ERVL-MaLR	907	-	182	61360581	79720
chr17	80989373	81189373	harbor1	chr17	81044415	81044609	LTR/ERVL-MaLR	701	-	97	81044512	55139
chr17	80989373	81189373	harbor1	chr17	81002433	81002720	LTR/ERVL-MaLR	614	-	144	81002577	13204
chr17	47912428	48112428	harbor1	chr17	47944012	47944200	LTR/ERVL-MaLR	1710	-	94	47944106	31678
chr17	47912428	48112428	harbor1	chr17	47944241	47944431	LTR/ERVL-MaLR	1710	-	95	47944336	31908
chr17	47912428	48112428	harbor1	chr17	47961662	47962133	LTR/ERVL-MaLR	1614	-	236	47961898	49470
chr17	76637257	76837257	harbor1	chr17	76657052	76657229	LTR/ERVL-MaLR	778	-	88	76657140	19883
chr17	76637257	76837257	harbor1	chr17	76730619	76730686	LTR/ERVL-MaLR	1290	-	34	76730653	93396
chr17	76637257	76837257	harbor1	chr17	76731290	76731559	LTR/ERVL-MaLR	1290	-	134	76731424	94167
chr17	81133780	81333780	harbor1	chr17	81161287	81161516	LTR/ERVL-MaLR	724	-	114	81161401	27621
chr17	81133780	81333780	harbor1	chr17	81170361	81170546	LTR/ERVL-MaLR	677	-	92	81170453	36673
chr17	48647753	48847753	harbor1	chr17	48675520	48675891	LTR/ERVL-MaLR	2445	-	186	48675706	27953
chr17	48647753	48847753	harbor1	chr17	48682227	48682560	LTR/ERVL-MaLR	1425	-	166	48682393	34640
chr17	48647753	48847753	harbor1	chr17	48682834	48682881	LTR/ERVL-MaLR	1425	-	24	48682858	35105
chr17	48647753	48847753	harbor1	chr17	48683106	48683209	LTR/ERVL-MaLR	1425	-	52	48683158	35405
chr17	48647753	48847753	harbor1	chr17	48694643	48695060	LTR/ERVL-MaLR	1551	-	208	48694851	47098
chr17	76637285	76837285	harbor1	chr17	76657052	76657229	LTR/ERVL-MaLR	778	-	88	76657140	19855
chr17	76637285	76837285	harbor1	chr17	76730619	76730686	LTR/ERVL-MaLR	1290	-	34	76730653	93368
chr17	76637285	76837285	harbor1	chr17	76731290	76731559	LTR/ERVL-MaLR	1290	-	134	76731424	94139
chr17	63346008	63546008	harbor1	chr17	63370555	63370902	LTR/ERVL-MaLR	1129	-	174	63370729	24721
chr17	63346008	63546008	harbor1	chr17	63377007	63377747	LTR/ERVL-MaLR	4648	-	370	63377377	31369
chr17	63346008	63546008	harbor1	chr17	63377748	63378098	LTR/ERVL-MaLR	2118	-	175	63377923	31915
chr17	63346008	63546008	harbor1	chr17	63387904	63388307	LTR/ERVL-MaLR	962	-	202	63388106	42098
chr17	63600297	63800297	harbor1	chr17	63654686	63654754	LTR/ERVL-MaLR	2279	-	34	63654720	54423
chr17	63600297	63800297	harbor1	chr17	63655045	63655391	LTR/ERVL-MaLR	2279	-	173	63655218	54921
chr17	63600297	63800297	harbor1	chr17	63656786	63656984	LTR/ERVL-MaLR	1503	-	99	63656885	56588
chr17	63600297	63800297	harbor1	chr17	63682370	63682932	LTR/ERVL-MaLR	1840	-	281	63682651	82354
chr17	80934871	81134871	harbor1	chr17	80986013	80986331	LTR/ERVL-MaLR	1018	-	159	80986172	51301
chr17	80934871	81134871	harbor1	chr17	81002433	81002720	LTR/ERVL-MaLR	614	-	144	81002577	67706
chr17	76767812	76967812	harbor1	chr17	76769197	76769563	LTR/ERVL-MaLR	1800	-	183	76769380	1568
chr17	76767812	76967812	harbor1	chr17	76780961	76781464	LTR/ERVL-MaLR	1316	-	252	76781213	13401
chr17	76767812	76967812	harbor1	chr17	76817897	76818256	LTR/ERVL-MaLR	2113	-	180	76818077	50265
chr17	76767812	76967812	harbor1	chr17	76824319	76824380	LTR/ERVL-MaLR	756	-	30	76824349	56537
chr17	76767812	76967812	harbor1	chr17	76824681	76824938	LTR/ERVL-MaLR	756	-	128	76824809	56997
chr17	76767812	76967812	harbor1	chr17	76825228	76825383	LTR/ERVL-MaLR	756	-	78	76825306	57494
chr17	76767812	76967812	harbor1	chr17	76829929	76830292	LTR/ERVL-MaLR	1763	-	182	76830111	62299
chr17	76767812	76967812	harbor1	chr17	76830595	76830750	LTR/ERVL-MaLR	1763	-	78	76830673	62861
chr17	76767812	76967812	harbor1	chr17	76852443	76852657	LTR/ERVL-MaLR	2529	-	107	76852550	84738
chr17	76767812	76967812	harbor1	chr17	76852969	76853129	LTR/ERVL-MaLR	2529	-	80	76853049	85237
chr17	76767812	76967812	harbor1	chr17	76859060	76859282	LTR/ERVL-MaLR	779	-	111	76859171	91359
chr17	76767812	76967812	harbor1	chr17	76861384	76861756	LTR/ERVL-MaLR	2178	-	186	76861570	93758
chr17	76767812	76967812	harbor1	chr17	76861866	76862241	LTR/ERVL-MaLR	2292	-	188	76862054	94242
chr17	61236540	61436540	harbor1	chr17	61244999	61245371	LTR/ERVL-MaLR	2699	-	186	61245185	8645
chr17	61236540	61436540	harbor1	chr17	61328373	61328486	LTR/ERVL-MaLR	1281	-	56	61328429	91889
chr17	61236540	61436540	harbor1	chr17	61328791	61328890	LTR/ERVL-MaLR	1281	-	50	61328841	92301
chr17	61236540	61436540	harbor1	chr17	61329177	61329324	LTR/ERVL-MaLR	1281	-	74	61329251	92711
chr17	76637313	76837313	harbor1	chr17	76657052	76657229	LTR/ERVL-MaLR	778	-	88	76657140	19827
chr17	76637313	76837313	harbor1	chr17	76730619	76730686	LTR/ERVL-MaLR	1290	-	34	76730653	93340
chr17	76637313	76837313	harbor1	chr17	76731290	76731559	LTR/ERVL-MaLR	1290	-	134	76731424	94111
chr17	44658737	44858737	harbor1	chr17	44727632	44727687	LTR/ERVL-MaLR	987	-	28	44727660	68923
chr17	44658737	44858737	harbor1	chr17	44745347	44745713	LTR/ERVL-MaLR	2320	-	183	44745530	86793
chr17	44658737	44858737	harbor1	chr17	44728018	44728459	LTR/ERVL-MaLR	987	-	220	44728238	69501
chr17	81583380	81783380	harbor1	chr17	81640288	81640452	LTR/ERVL-MaLR	742	-	82	81640370	56990
chr17	81583380	81783380	harbor1	chr17	81640748	81640847	LTR/ERVL-MaLR	742	-	50	81640798	57418
chr17	80992800	81192800	harbor1	chr17	81044415	81044609	LTR/ERVL-MaLR	701	-	97	81044512	51712
chr17	80992800	81192800	harbor1	chr17	81002433	81002720	LTR/ERVL-MaLR	614	-	144	81002577	9777
chr17	78988152	79188152	harbor1	chr17	79006187	79006505	LTR/ERVL-MaLR	945	-	159	79006346	18194
chr17	78988152	79188152	harbor1	chr17	79016878	79017283	LTR/ERVL-MaLR	2534	-	202	79017080	28928
chr17	78988152	79188152	harbor1	chr17	79050250	79050557	LTR/ERVL-MaLR	694	-	154	79050404	62252
chr17	78988152	79188152	harbor1	chr17	79062653	79063001	LTR/ERVL-MaLR	2034	-	174	79062827	74675
chr17	78988152	79188152	harbor1	chr17	79072150	79072553	LTR/ERVL-MaLR	605	-	202	79072352	84200
chr17	62527967	62727967	harbor1	chr17	62544190	62544569	LTR/ERVL-MaLR	1919	-	190	62544380	16413
chr17	62527967	62727967	harbor1	chr17	62569817	62570227	LTR/ERVL-MaLR	1473	-	205	62570022	42055
chr17	62527967	62727967	harbor1	chr17	62608552	62608667	LTR/ERVL-MaLR	886	-	58	62608610	80643
chr17	62527967	62727967	harbor1	chr17	62608668	62608780	LTR/ERVL-MaLR	827	-	56	62608724	80757
chr17	62527967	62727967	harbor1	chr17	62624181	62624223	LTR/ERVL-MaLR	2857	-	21	62624202	96235
chr17	62527967	62727967	harbor1	chr17	62624518	62624897	LTR/ERVL-MaLR	2857	-	190	62624708	96741
chr17	79702953	79902953	harbor1	chr17	79704608	79704995	LTR/ERVL-MaLR	2259	-	194	79704802	1849
chr17	79702953	79902953	harbor1	chr17	79728637	79728876	LTR/ERVL-MaLR	644	-	120	79728757	25804
chr17	79702953	79902953	harbor1	chr17	79732413	79732848	LTR/ERVL-MaLR	1160	-	218	79732631	29678
chr17	79702953	79902953	harbor1	chr17	79754692	79754907	LTR/ERVL-MaLR	1371	-	108	79754800	51847
chr17	79702953	79902953	harbor1	chr17	79755499	79755649	LTR/ERVL-MaLR	1371	-	75	79755574	52621
chr17	79702953	79902953	harbor1	chr17	79767800	79768147	LTR/ERVL-MaLR	2482	-	174	79767974	65021
chr17	79702900	79902900	harbor1	chr17	79704608	79704995	LTR/ERVL-MaLR	2259	-	194	79704802	1902
chr17	79702900	79902900	harbor1	chr17	79728637	79728876	LTR/ERVL-MaLR	644	-	120	79728757	25857
chr17	79702900	79902900	harbor1	chr17	79732413	79732848	LTR/ERVL-MaLR	1160	-	218	79732631	29731
chr17	79702900	79902900	harbor1	chr17	79754692	79754907	LTR/ERVL-MaLR	1371	-	108	79754800	51900
chr17	79702900	79902900	harbor1	chr17	79755499	79755649	LTR/ERVL-MaLR	1371	-	75	79755574	52674
chr17	79702900	79902900	harbor1	chr17	79767800	79768147	LTR/ERVL-MaLR	2482	-	174	79767974	65074
chr17	78031732	78231732	harbor1	chr17	78080958	78081303	LTR/ERVL-MaLR	1859	-	172	78081130	49398
chr17	78031732	78231732	harbor1	chr17	78099332	78099694	LTR/ERVL-MaLR	2405	-	181	78099513	67781
chr17	78031732	78231732	harbor1	chr17	78099695	78100765	LTR/ERVL-MaLR	10859	-	535	78100230	68498
chr17	78031732	78231732	harbor1	chr17	78101076	78101478	LTR/ERVL-MaLR	10859	-	201	78101277	69545
chr17	78031732	78231732	harbor1	chr17	78103674	78104000	LTR/ERVL-MaLR	1663	-	163	78103837	72105
chr17	78031732	78231732	harbor1	chr17	78114000	78114474	LTR/ERVL-MaLR	1503	-	237	78114237	82505
chr17	80926830	81126830	harbor1	chr17	80986013	80986331	LTR/ERVL-MaLR	1018	-	159	80986172	59342
chr17	80926830	81126830	harbor1	chr17	81002433	81002720	LTR/ERVL-MaLR	614	-	144	81002577	75747
chr17	59909729	60109729	harbor1	chr17	59937365	59937837	LTR/ERVL-MaLR	2878	-	236	59937601	27872
chr17	80901662	81101662	harbor1	chr17	80986013	80986331	LTR/ERVL-MaLR	1018	-	159	80986172	84510
chr17	76637274	76837274	harbor1	chr17	76657052	76657229	LTR/ERVL-MaLR	778	-	88	76657140	19866
chr17	76637274	76837274	harbor1	chr17	76730619	76730686	LTR/ERVL-MaLR	1290	-	34	76730653	93379
chr17	76637274	76837274	harbor1	chr17	76731290	76731559	LTR/ERVL-MaLR	1290	-	134	76731424	94150
chr17	76768641	76968641	harbor1	chr17	76769197	76769563	LTR/ERVL-MaLR	1800	-	183	76769380	739
chr17	76768641	76968641	harbor1	chr17	76780961	76781464	LTR/ERVL-MaLR	1316	-	252	76781213	12572
chr17	76768641	76968641	harbor1	chr17	76817897	76818256	LTR/ERVL-MaLR	2113	-	180	76818077	49436
chr17	76768641	76968641	harbor1	chr17	76824319	76824380	LTR/ERVL-MaLR	756	-	30	76824349	55708
chr17	76768641	76968641	harbor1	chr17	76824681	76824938	LTR/ERVL-MaLR	756	-	128	76824809	56168
chr17	76768641	76968641	harbor1	chr17	76825228	76825383	LTR/ERVL-MaLR	756	-	78	76825306	56665
chr17	76768641	76968641	harbor1	chr17	76829929	76830292	LTR/ERVL-MaLR	1763	-	182	76830111	61470
chr17	76768641	76968641	harbor1	chr17	76830595	76830750	LTR/ERVL-MaLR	1763	-	78	76830673	62032
chr17	76768641	76968641	harbor1	chr17	76852443	76852657	LTR/ERVL-MaLR	2529	-	107	76852550	83909
chr17	76768641	76968641	harbor1	chr17	76852969	76853129	LTR/ERVL-MaLR	2529	-	80	76853049	84408
chr17	76768641	76968641	harbor1	chr17	76859060	76859282	LTR/ERVL-MaLR	779	-	111	76859171	90530
chr17	76768641	76968641	harbor1	chr17	76861384	76861756	LTR/ERVL-MaLR	2178	-	186	76861570	92929
chr17	76768641	76968641	harbor1	chr17	76861866	76862241	LTR/ERVL-MaLR	2292	-	188	76862054	93413
chr17	81177233	81377233	harbor1	chr17	81242743	81243032	LTR/ERVL-MaLR	970	-	144	81242887	65654
chr17	76637097	76837097	harbor1	chr17	76657052	76657229	LTR/ERVL-MaLR	778	-	88	76657140	20043
chr17	76637097	76837097	harbor1	chr17	76730619	76730686	LTR/ERVL-MaLR	1290	-	34	76730653	93556
chr17	76637097	76837097	harbor1	chr17	76731290	76731559	LTR/ERVL-MaLR	1290	-	134	76731424	94327
chr17	57767551	57967551	harbor1	chr17	57771858	57772380	LTR/ERVL-MaLR	630	-	261	57772119	4568
chr17	57767551	57967551	harbor1	chr17	57777167	57777396	LTR/ERVL-MaLR	779	-	114	57777281	9730
chr17	57767551	57967551	harbor1	chr17	57797388	57797455	LTR/ERVL-MaLR	1266	-	34	57797422	29871
chr17	57767551	57967551	harbor1	chr17	57797801	57798175	LTR/ERVL-MaLR	1266	-	187	57797988	30437
chr17	57767551	57967551	harbor1	chr17	57815731	57815937	LTR/ERVL-MaLR	1826	-	103	57815834	48283
chr17	57767551	57967551	harbor1	chr17	57816239	57816381	LTR/ERVL-MaLR	1826	-	71	57816310	48759
chr17	57767551	57967551	harbor1	chr17	57853336	57853728	LTR/ERVL-MaLR	2155	-	196	57853532	85981
chr17	27460460	27660460	harbor1	chr17	27487701	27488036	LTR/ERVL-MaLR	1671	-	168	27487869	27409
chr17	27460460	27660460	harbor1	chr17	27523604	27523998	LTR/ERVL-MaLR	944	-	197	27523801	63341
chr17	594307	794307	harbor1	chr17	681645	681991	LTR/ERVL-MaLR	1461	-	173	681818	87511
chr17	48647749	48847749	harbor1	chr17	48675520	48675891	LTR/ERVL-MaLR	2445	-	186	48675706	27957
chr17	48647749	48847749	harbor1	chr17	48682227	48682560	LTR/ERVL-MaLR	1425	-	166	48682393	34644
chr17	48647749	48847749	harbor1	chr17	48682834	48682881	LTR/ERVL-MaLR	1425	-	24	48682858	35109
chr17	48647749	48847749	harbor1	chr17	48683106	48683209	LTR/ERVL-MaLR	1425	-	52	48683158	35409
chr17	48647749	48847749	harbor1	chr17	48694643	48695060	LTR/ERVL-MaLR	1551	-	208	48694851	47102
chr17	76429510	76629510	harbor1	chr17	76510878	76511139	LTR/ERVL-MaLR	1106	-	130	76511008	81498
chr17	8283703	8483703	harbor1	chr17	8301087	8301334	LTR/ERVL-MaLR	873	-	124	8301211	17508
chr17	8283703	8483703	harbor1	chr17	8304422	8304812	LTR/ERVL-MaLR	624	-	195	8304617	20914
chr17	8283703	8483703	harbor1	chr17	8332556	8333043	LTR/ERVL-MaLR	730	-	244	8332800	49097
chr17	8283703	8483703	harbor1	chr17	8338105	8338304	LTR/ERVL-MaLR	1683	-	100	8338205	54502
chr17	8283703	8483703	harbor1	chr17	8338828	8339032	LTR/ERVL-MaLR	1683	-	102	8338930	55227
chr17	8283703	8483703	harbor1	chr17	8348824	8348947	LTR/ERVL-MaLR	605	-	62	8348886	65183
chr17	8283703	8483703	harbor1	chr17	8352358	8352591	LTR/ERVL-MaLR	1189	-	116	8352474	68771
chr17	8283703	8483703	harbor1	chr17	8362537	8363071	LTR/ERVL-MaLR	2020	-	267	8362804	79101
chr17	76767813	76967813	harbor1	chr17	76769197	76769563	LTR/ERVL-MaLR	1800	-	183	76769380	1567
chr17	76767813	76967813	harbor1	chr17	76780961	76781464	LTR/ERVL-MaLR	1316	-	252	76781213	13400
chr17	76767813	76967813	harbor1	chr17	76817897	76818256	LTR/ERVL-MaLR	2113	-	180	76818077	50264
chr17	76767813	76967813	harbor1	chr17	76824319	76824380	LTR/ERVL-MaLR	756	-	30	76824349	56536
chr17	76767813	76967813	harbor1	chr17	76824681	76824938	LTR/ERVL-MaLR	756	-	128	76824809	56996
chr17	76767813	76967813	harbor1	chr17	76825228	76825383	LTR/ERVL-MaLR	756	-	78	76825306	57493
chr17	76767813	76967813	harbor1	chr17	76829929	76830292	LTR/ERVL-MaLR	1763	-	182	76830111	62298
chr17	76767813	76967813	harbor1	chr17	76830595	76830750	LTR/ERVL-MaLR	1763	-	78	76830673	62860
chr17	76767813	76967813	harbor1	chr17	76852443	76852657	LTR/ERVL-MaLR	2529	-	107	76852550	84737
chr17	76767813	76967813	harbor1	chr17	76852969	76853129	LTR/ERVL-MaLR	2529	-	80	76853049	85236
chr17	76767813	76967813	harbor1	chr17	76859060	76859282	LTR/ERVL-MaLR	779	-	111	76859171	91358
chr17	76767813	76967813	harbor1	chr17	76861384	76861756	LTR/ERVL-MaLR	2178	-	186	76861570	93757
chr17	76767813	76967813	harbor1	chr17	76861866	76862241	LTR/ERVL-MaLR	2292	-	188	76862054	94241
chr17	8922459	9122459	harbor1	chr17	8926416	8926769	LTR/ERVL-MaLR	2387	-	176	8926592	4133
chr17	8922459	9122459	harbor1	chr17	9010622	9010755	LTR/ERVL-MaLR	1522	-	66	9010688	88229
chr17	8922459	9122459	harbor1	chr17	9011292	9011596	LTR/ERVL-MaLR	1522	-	152	9011444	88985
chr17	81329309	81529309	harbor1	chr17	81363616	81363681	LTR/ERVL-MaLR	1178	-	32	81363648	34339
chr17	81329309	81529309	harbor1	chr17	81363991	81364396	LTR/ERVL-MaLR	1178	-	202	81364193	34884
chr17	81329309	81529309	harbor1	chr17	81376257	81376425	LTR/ERVL-MaLR	624	-	84	81376341	47032
chr17	47154294	47354294	harbor1	chr17	47190911	47191287	LTR/ERVL-MaLR	667	-	188	47191099	36805
chr17	47154294	47354294	harbor1	chr17	47224140	47224465	LTR/ERVL-MaLR	2223	-	162	47224302	70008
chr17	47154294	47354294	harbor1	chr17	47226587	47226821	LTR/ERVL-MaLR	758	-	117	47226704	72410
chr17	80934867	81134867	harbor1	chr17	80986013	80986331	LTR/ERVL-MaLR	1018	-	159	80986172	51305
chr17	80934867	81134867	harbor1	chr17	81002433	81002720	LTR/ERVL-MaLR	614	-	144	81002577	67710
chr17	78031779	78231779	harbor1	chr17	78080958	78081303	LTR/ERVL-MaLR	1859	-	172	78081130	49351
chr17	78031779	78231779	harbor1	chr17	78099332	78099694	LTR/ERVL-MaLR	2405	-	181	78099513	67734
chr17	78031779	78231779	harbor1	chr17	78099695	78100765	LTR/ERVL-MaLR	10859	-	535	78100230	68451
chr17	78031779	78231779	harbor1	chr17	78101076	78101478	LTR/ERVL-MaLR	10859	-	201	78101277	69498
chr17	78031779	78231779	harbor1	chr17	78103674	78104000	LTR/ERVL-MaLR	1663	-	163	78103837	72058
chr17	78031779	78231779	harbor1	chr17	78114000	78114474	LTR/ERVL-MaLR	1503	-	237	78114237	82458
chr17	76635280	76835280	harbor1	chr17	76657052	76657229	LTR/ERVL-MaLR	778	-	88	76657140	21860
chr17	76635280	76835280	harbor1	chr17	76730619	76730686	LTR/ERVL-MaLR	1290	-	34	76730653	95373
chr17	76635280	76835280	harbor1	chr17	76731290	76731559	LTR/ERVL-MaLR	1290	-	134	76731424	96144
chr17	17065632	17265632	harbor1	chr17	17089133	17089442	LTR/ERVL-MaLR	1178	-	154	17089287	23655
chr17	17065632	17265632	harbor1	chr17	17135466	17135798	LTR/ERVL-MaLR	1958	-	166	17135632	70000
chr17	81583409	81783409	harbor1	chr17	81640288	81640452	LTR/ERVL-MaLR	742	-	82	81640370	56961
chr17	81583409	81783409	harbor1	chr17	81640748	81640847	LTR/ERVL-MaLR	742	-	50	81640798	57389
chr17	8283709	8483709	harbor1	chr17	8301087	8301334	LTR/ERVL-MaLR	873	-	124	8301211	17502
chr17	8283709	8483709	harbor1	chr17	8304422	8304812	LTR/ERVL-MaLR	624	-	195	8304617	20908
chr17	8283709	8483709	harbor1	chr17	8332556	8333043	LTR/ERVL-MaLR	730	-	244	8332800	49091
chr17	8283709	8483709	harbor1	chr17	8338105	8338304	LTR/ERVL-MaLR	1683	-	100	8338205	54496
chr17	8283709	8483709	harbor1	chr17	8338828	8339032	LTR/ERVL-MaLR	1683	-	102	8338930	55221
chr17	8283709	8483709	harbor1	chr17	8348824	8348947	LTR/ERVL-MaLR	605	-	62	8348886	65177
chr17	8283709	8483709	harbor1	chr17	8352358	8352591	LTR/ERVL-MaLR	1189	-	116	8352474	68765
chr17	8283709	8483709	harbor1	chr17	8362537	8363071	LTR/ERVL-MaLR	2020	-	267	8362804	79095
chr17	80934894	81134894	harbor1	chr17	80986013	80986331	LTR/ERVL-MaLR	1018	-	159	80986172	51278
chr17	80934894	81134894	harbor1	chr17	81002433	81002720	LTR/ERVL-MaLR	614	-	144	81002577	67683
chr17	79703308	79903308	harbor1	chr17	79704608	79704995	LTR/ERVL-MaLR	2259	-	194	79704802	1494
chr17	79703308	79903308	harbor1	chr17	79728637	79728876	LTR/ERVL-MaLR	644	-	120	79728757	25449
chr17	79703308	79903308	harbor1	chr17	79732413	79732848	LTR/ERVL-MaLR	1160	-	218	79732631	29323
chr17	79703308	79903308	harbor1	chr17	79754692	79754907	LTR/ERVL-MaLR	1371	-	108	79754800	51492
chr17	79703308	79903308	harbor1	chr17	79755499	79755649	LTR/ERVL-MaLR	1371	-	75	79755574	52266
chr17	79703308	79903308	harbor1	chr17	79767800	79768147	LTR/ERVL-MaLR	2482	-	174	79767974	64666
chr17	27194779	27394779	harbor1	chr17	27205915	27206354	LTR/ERVL-MaLR	2069	-	220	27206135	11356
chr17	27194779	27394779	harbor1	chr17	27233323	27233666	LTR/ERVL-MaLR	2210	-	172	27233495	38716
chr17	27194779	27394779	harbor1	chr17	27256318	27256502	LTR/ERVL-MaLR	589	-	92	27256410	61631
chr17	80949209	81149209	harbor1	chr17	81044415	81044609	LTR/ERVL-MaLR	701	-	97	81044512	95303
chr17	80949209	81149209	harbor1	chr17	80986013	80986331	LTR/ERVL-MaLR	1018	-	159	80986172	36963
chr17	80949209	81149209	harbor1	chr17	81002433	81002720	LTR/ERVL-MaLR	614	-	144	81002577	53368
chr18	26126451	26326451	harbor1	chr18	26142592	26142938	LTR/ERVL-MaLR	1925	-	173	26142765	16314
chr18	26126451	26326451	harbor1	chr18	26146760	26147201	LTR/ERVL-MaLR	2234	-	220	26146980	20529
chr18	26126451	26326451	harbor1	chr18	26206742	26207140	LTR/ERVL-MaLR	624	-	199	26206941	80490
chr18	26126451	26326451	harbor1	chr18	26207441	26207722	LTR/ERVL-MaLR	624	-	140	26207581	81130
chr18	26126451	26326451	harbor1	chr18	26224868	26225076	LTR/ERVL-MaLR	1014	-	104	26224972	98521
chr18	26126451	26326451	harbor1	chr18	26225208	26225293	LTR/ERVL-MaLR	507	-	42	26225250	98799
chr18	78969159	79169159	harbor1	chr18	79018458	79018901	LTR/ERVL-MaLR	1273	-	222	79018680	49521
chr18	78969159	79169159	harbor1	chr18	79031865	79032249	LTR/ERVL-MaLR	2438	-	192	79032057	62898
chr18	78969159	79169159	harbor1	chr18	79055403	79055729	LTR/ERVL-MaLR	610	-	163	79055566	86407
chr18	25990886	26190886	harbor1	chr18	26008137	26008544	LTR/ERVL-MaLR	947	-	204	26008341	17455
chr18	75105235	75305235	harbor1	chr18	75122451	75122893	LTR/ERVL-MaLR	2027	-	221	75122672	17437
chr18	75105235	75305235	harbor1	chr18	75137833	75137893	LTR/ERVL-MaLR	486	-	30	75137863	32628
chr18	75105235	75305235	harbor1	chr18	75138205	75138524	LTR/ERVL-MaLR	814	-	160	75138365	33130
chr18	75105235	75305235	harbor1	chr18	75144902	75145263	LTR/ERVL-MaLR	2477	-	180	75145082	39847
chr18	75105235	75305235	harbor1	chr18	75173684	75173944	LTR/ERVL-MaLR	487	-	130	75173814	68579
chr18	26126452	26326452	harbor1	chr18	26142592	26142938	LTR/ERVL-MaLR	1925	-	173	26142765	16313
chr18	26126452	26326452	harbor1	chr18	26146760	26147201	LTR/ERVL-MaLR	2234	-	220	26146980	20528
chr18	26126452	26326452	harbor1	chr18	26206742	26207140	LTR/ERVL-MaLR	624	-	199	26206941	80489
chr18	26126452	26326452	harbor1	chr18	26207441	26207722	LTR/ERVL-MaLR	624	-	140	26207581	81129
chr18	26126452	26326452	harbor1	chr18	26224868	26225076	LTR/ERVL-MaLR	1014	-	104	26224972	98520
chr18	26126452	26326452	harbor1	chr18	26225208	26225293	LTR/ERVL-MaLR	507	-	42	26225250	98798
chr18	26126169	26326169	harbor1	chr18	26142592	26142938	LTR/ERVL-MaLR	1925	-	173	26142765	16596
chr18	26126169	26326169	harbor1	chr18	26146760	26147201	LTR/ERVL-MaLR	2234	-	220	26146980	20811
chr18	26126169	26326169	harbor1	chr18	26206742	26207140	LTR/ERVL-MaLR	624	-	199	26206941	80772
chr18	26126169	26326169	harbor1	chr18	26207441	26207722	LTR/ERVL-MaLR	624	-	140	26207581	81412
chr18	26126169	26326169	harbor1	chr18	26224868	26225076	LTR/ERVL-MaLR	1014	-	104	26224972	98803
chr18	26126169	26326169	harbor1	chr18	26225208	26225293	LTR/ERVL-MaLR	507	-	42	26225250	99081
chr18	26126503	26326503	harbor1	chr18	26142592	26142938	LTR/ERVL-MaLR	1925	-	173	26142765	16262
chr18	26126503	26326503	harbor1	chr18	26146760	26147201	LTR/ERVL-MaLR	2234	-	220	26146980	20477
chr18	26126503	26326503	harbor1	chr18	26206742	26207140	LTR/ERVL-MaLR	624	-	199	26206941	80438
chr18	26126503	26326503	harbor1	chr18	26207441	26207722	LTR/ERVL-MaLR	624	-	140	26207581	81078
chr18	26126503	26326503	harbor1	chr18	26224868	26225076	LTR/ERVL-MaLR	1014	-	104	26224972	98469
chr18	26126503	26326503	harbor1	chr18	26225208	26225293	LTR/ERVL-MaLR	507	-	42	26225250	98747
chr18	26126493	26326493	harbor1	chr18	26142592	26142938	LTR/ERVL-MaLR	1925	-	173	26142765	16272
chr18	26126493	26326493	harbor1	chr18	26146760	26147201	LTR/ERVL-MaLR	2234	-	220	26146980	20487
chr18	26126493	26326493	harbor1	chr18	26206742	26207140	LTR/ERVL-MaLR	624	-	199	26206941	80448
chr18	26126493	26326493	harbor1	chr18	26207441	26207722	LTR/ERVL-MaLR	624	-	140	26207581	81088
chr18	26126493	26326493	harbor1	chr18	26224868	26225076	LTR/ERVL-MaLR	1014	-	104	26224972	98479
chr18	26126493	26326493	harbor1	chr18	26225208	26225293	LTR/ERVL-MaLR	507	-	42	26225250	98757
chr18	26126535	26326535	harbor1	chr18	26142592	26142938	LTR/ERVL-MaLR	1925	-	173	26142765	16230
chr18	26126535	26326535	harbor1	chr18	26146760	26147201	LTR/ERVL-MaLR	2234	-	220	26146980	20445
chr18	26126535	26326535	harbor1	chr18	26206742	26207140	LTR/ERVL-MaLR	624	-	199	26206941	80406
chr18	26126535	26326535	harbor1	chr18	26207441	26207722	LTR/ERVL-MaLR	624	-	140	26207581	81046
chr18	26126535	26326535	harbor1	chr18	26224868	26225076	LTR/ERVL-MaLR	1014	-	104	26224972	98437
chr18	26126535	26326535	harbor1	chr18	26225208	26225293	LTR/ERVL-MaLR	507	-	42	26225250	98715
chr18	37465339	37665339	harbor1	chr18	37468599	37468978	LTR/ERVL-MaLR	2443	-	190	37468789	3450
chr18	12847445	13047445	harbor1	chr18	12929425	12929798	LTR/ERVL-MaLR	1369	-	186	12929611	82166
chr18	12847445	13047445	harbor1	chr18	12930680	12931002	LTR/ERVL-MaLR	1719	-	161	12930841	83396
chr18	12847445	13047445	harbor1	chr18	12931237	12931454	LTR/ERVL-MaLR	1168	-	108	12931345	83900
chr18	57346563	57546563	harbor1	chr18	57372776	57372824	LTR/ERVL-MaLR	1069	-	24	57372800	26237
chr18	57346563	57546563	harbor1	chr18	57373140	57373535	LTR/ERVL-MaLR	1069	-	198	57373338	26775
chr18	79295993	79495993	harbor1	chr18	79387251	79387660	LTR/ERVL-MaLR	1068	-	204	79387455	91462
chr18	37465426	37665426	harbor1	chr18	37468599	37468978	LTR/ERVL-MaLR	2443	-	190	37468789	3363
chr18	78209657	78409657	harbor1	chr18	78255511	78255759	LTR/ERVL-MaLR	1009	-	124	78255635	45978
chr18	78209657	78409657	harbor1	chr18	78256224	78256572	LTR/ERVL-MaLR	1823	-	174	78256398	46741
chr18	78209657	78409657	harbor1	chr18	78257613	78257967	LTR/ERVL-MaLR	2555	-	177	78257790	48133
chr18	78209657	78409657	harbor1	chr18	78306253	78306728	LTR/ERVL-MaLR	1245	-	238	78306491	96834
chr18	8509901	8709901	harbor1	chr18	8512378	8512743	LTR/ERVL-MaLR	2616	-	182	8512560	2659
chr18	8509901	8709901	harbor1	chr18	8556509	8557015	LTR/ERVL-MaLR	798	-	253	8556762	46861
chr18	8509901	8709901	harbor1	chr18	8589076	8589446	LTR/ERVL-MaLR	2112	-	185	8589261	79360
chr18	8509901	8709901	harbor1	chr18	8595461	8595836	LTR/ERVL-MaLR	1458	-	188	8595649	85748
chr18	8509901	8709901	harbor1	chr18	8600231	8600417	LTR/ERVL-MaLR	509	-	93	8600324	90423
chr18	8509901	8709901	harbor1	chr18	8601181	8601478	LTR/ERVL-MaLR	659	-	148	8601329	91428
chr18	8509901	8709901	harbor1	chr18	8605968	8606331	LTR/ERVL-MaLR	2124	-	182	8606150	96249
chr18	74356659	74556659	harbor1	chr18	74394722	74395066	LTR/ERVL-MaLR	2061	-	172	74394894	38235
chr18	74356659	74556659	harbor1	chr18	74397898	74397938	LTR/ERVL-MaLR	1199	-	20	74397918	41259
chr18	74356659	74556659	harbor1	chr18	74398240	74398422	LTR/ERVL-MaLR	1199	-	91	74398331	41672
chr18	74356659	74556659	harbor1	chr18	74398701	74398863	LTR/ERVL-MaLR	1199	-	81	74398782	42123
chr18	74356659	74556659	harbor1	chr18	74401895	74402160	LTR/ERVL-MaLR	981	-	132	74402027	45368
chr18	79342292	79542292	harbor1	chr18	79387251	79387660	LTR/ERVL-MaLR	1068	-	204	79387455	45163
chr18	79342292	79542292	harbor1	chr18	79413275	79413649	LTR/ERVL-MaLR	915	-	187	79413462	71170
chr18	65651276	65851276	harbor1	chr18	65675634	65676066	LTR/ERVL-MaLR	1470	-	216	65675850	24574
chr18	65651276	65851276	harbor1	chr18	65680665	65681065	LTR/ERVL-MaLR	1539	-	200	65680865	29589
chr18	65651276	65851276	harbor1	chr18	65694034	65694395	LTR/ERVL-MaLR	2106	-	180	65694214	42938
chr18	65651276	65851276	harbor1	chr18	65701270	65701579	LTR/ERVL-MaLR	851	-	154	65701424	50148
chr18	65651276	65851276	harbor1	chr18	65701700	65701806	LTR/ERVL-MaLR	516	-	53	65701753	50477
chr18	65651276	65851276	harbor1	chr18	65734720	65735004	LTR/ERVL-MaLR	482	-	142	65734862	83586
chr18	26126455	26326455	harbor1	chr18	26142592	26142938	LTR/ERVL-MaLR	1925	-	173	26142765	16310
chr18	26126455	26326455	harbor1	chr18	26146760	26147201	LTR/ERVL-MaLR	2234	-	220	26146980	20525
chr18	26126455	26326455	harbor1	chr18	26206742	26207140	LTR/ERVL-MaLR	624	-	199	26206941	80486
chr18	26126455	26326455	harbor1	chr18	26207441	26207722	LTR/ERVL-MaLR	624	-	140	26207581	81126
chr18	26126455	26326455	harbor1	chr18	26224868	26225076	LTR/ERVL-MaLR	1014	-	104	26224972	98517
chr18	26126455	26326455	harbor1	chr18	26225208	26225293	LTR/ERVL-MaLR	507	-	42	26225250	98795
chr18	26126495	26326495	harbor1	chr18	26142592	26142938	LTR/ERVL-MaLR	1925	-	173	26142765	16270
chr18	26126495	26326495	harbor1	chr18	26146760	26147201	LTR/ERVL-MaLR	2234	-	220	26146980	20485
chr18	26126495	26326495	harbor1	chr18	26206742	26207140	LTR/ERVL-MaLR	624	-	199	26206941	80446
chr18	26126495	26326495	harbor1	chr18	26207441	26207722	LTR/ERVL-MaLR	624	-	140	26207581	81086
chr18	26126495	26326495	harbor1	chr18	26224868	26225076	LTR/ERVL-MaLR	1014	-	104	26224972	98477
chr18	26126495	26326495	harbor1	chr18	26225208	26225293	LTR/ERVL-MaLR	507	-	42	26225250	98755
chr18	65651379	65851379	harbor1	chr18	65675634	65676066	LTR/ERVL-MaLR	1470	-	216	65675850	24471
chr18	65651379	65851379	harbor1	chr18	65680665	65681065	LTR/ERVL-MaLR	1539	-	200	65680865	29486
chr18	65651379	65851379	harbor1	chr18	65694034	65694395	LTR/ERVL-MaLR	2106	-	180	65694214	42835
chr18	65651379	65851379	harbor1	chr18	65701270	65701579	LTR/ERVL-MaLR	851	-	154	65701424	50045
chr18	65651379	65851379	harbor1	chr18	65701700	65701806	LTR/ERVL-MaLR	516	-	53	65701753	50374
chr18	65651379	65851379	harbor1	chr18	65734720	65735004	LTR/ERVL-MaLR	482	-	142	65734862	83483
chr18	79295927	79495927	harbor1	chr18	79387251	79387660	LTR/ERVL-MaLR	1068	-	204	79387455	91528
chr18	21921090	22121090	harbor1	chr18	21946186	21946693	LTR/ERVL-MaLR	2212	-	254	21946440	25350
chr18	21921090	22121090	harbor1	chr18	21962164	21962528	LTR/ERVL-MaLR	1655	-	182	21962346	41256
chr18	21921090	22121090	harbor1	chr18	22009332	22009815	LTR/ERVL-MaLR	1109	-	242	22009574	88484
chr18	79580317	79780317	harbor1	chr18	79592669	79592966	LTR/ERVL-MaLR	1662	-	148	79592817	12500
chr18	79580317	79780317	harbor1	chr18	79604278	79604644	LTR/ERVL-MaLR	580	-	183	79604461	24144
chr18	79580317	79780317	harbor1	chr18	79664101	79664467	LTR/ERVL-MaLR	1940	-	183	79664284	83967
chr18	79580317	79780317	harbor1	chr18	79670156	79670593	LTR/ERVL-MaLR	1588	-	218	79670374	90057
chr18	26126454	26326454	harbor1	chr18	26142592	26142938	LTR/ERVL-MaLR	1925	-	173	26142765	16311
chr18	26126454	26326454	harbor1	chr18	26146760	26147201	LTR/ERVL-MaLR	2234	-	220	26146980	20526
chr18	26126454	26326454	harbor1	chr18	26206742	26207140	LTR/ERVL-MaLR	624	-	199	26206941	80487
chr18	26126454	26326454	harbor1	chr18	26207441	26207722	LTR/ERVL-MaLR	624	-	140	26207581	81127
chr18	26126454	26326454	harbor1	chr18	26224868	26225076	LTR/ERVL-MaLR	1014	-	104	26224972	98518
chr18	26126454	26326454	harbor1	chr18	26225208	26225293	LTR/ERVL-MaLR	507	-	42	26225250	98796
chr18	14237384	14437384	harbor1	chr18	14239150	14239528	LTR/ERVL-MaLR	795	-	189	14239339	1955
chr18	14237384	14437384	harbor1	chr18	14255919	14256075	LTR/ERVL-MaLR	555	-	78	14255997	18613
chr18	14237384	14437384	harbor1	chr18	14256328	14256569	LTR/ERVL-MaLR	904	-	120	14256448	19064
chr18	14237384	14437384	harbor1	chr18	14256875	14257025	LTR/ERVL-MaLR	541	-	75	14256950	19566
chr18	14237384	14437384	harbor1	chr18	14259441	14259681	LTR/ERVL-MaLR	732	-	120	14259561	22177
chr18	14237384	14437384	harbor1	chr18	14259875	14259994	LTR/ERVL-MaLR	498	-	60	14259935	22551
chr18	14237384	14437384	harbor1	chr18	14262562	14262795	LTR/ERVL-MaLR	737	-	116	14262678	25294
chr18	14237384	14437384	harbor1	chr18	14265956	14266196	LTR/ERVL-MaLR	864	-	120	14266076	28692
chr18	14237384	14437384	harbor1	chr18	14266516	14266666	LTR/ERVL-MaLR	573	-	75	14266591	29207
chr18	14237384	14437384	harbor1	chr18	14268840	14269072	LTR/ERVL-MaLR	674	-	116	14268956	31572
chr18	14237384	14437384	harbor1	chr18	14269378	14269529	LTR/ERVL-MaLR	510	-	76	14269454	32070
chr18	14237384	14437384	harbor1	chr18	14272316	14272566	LTR/ERVL-MaLR	846	-	125	14272441	35057
chr18	14237384	14437384	harbor1	chr18	14275415	14275658	LTR/ERVL-MaLR	851	-	122	14275537	38153
chr18	14237384	14437384	harbor1	chr18	14278643	14278883	LTR/ERVL-MaLR	663	-	120	14278763	41379
chr18	14237384	14437384	harbor1	chr18	14279195	14279347	LTR/ERVL-MaLR	522	-	76	14279271	41887
chr18	14237384	14437384	harbor1	chr18	14281905	14282137	LTR/ERVL-MaLR	778	-	116	14282021	44637
chr18	14237384	14437384	harbor1	chr18	14285357	14285597	LTR/ERVL-MaLR	696	-	120	14285477	48093
chr18	14237384	14437384	harbor1	chr18	14285917	14286075	LTR/ERVL-MaLR	485	-	79	14285996	48612
chr18	14237384	14437384	harbor1	chr18	14288416	14288658	LTR/ERVL-MaLR	745	-	121	14288537	51153
chr18	14237384	14437384	harbor1	chr18	14291909	14292150	LTR/ERVL-MaLR	850	-	120	14292029	54645
chr18	14237384	14437384	harbor1	chr18	14295023	14295252	LTR/ERVL-MaLR	638	-	114	14295137	57753
chr18	14237384	14437384	harbor1	chr18	14295561	14295703	LTR/ERVL-MaLR	486	-	71	14295632	58248
chr18	14237384	14437384	harbor1	chr18	14298177	14298417	LTR/ERVL-MaLR	670	-	120	14298297	60913
chr18	14237384	14437384	harbor1	chr18	14298726	14298879	LTR/ERVL-MaLR	547	-	76	14298802	61418
chr18	14237384	14437384	harbor1	chr18	14301447	14301673	LTR/ERVL-MaLR	762	-	113	14301560	64176
chr18	14237384	14437384	harbor1	chr18	14304871	14305111	LTR/ERVL-MaLR	761	-	120	14304991	67607
chr18	14237384	14437384	harbor1	chr18	14305431	14305589	LTR/ERVL-MaLR	524	-	79	14305510	68126
chr18	14237384	14437384	harbor1	chr18	14308264	14308495	LTR/ERVL-MaLR	789	-	116	14308380	70996
chr18	14237384	14437384	harbor1	chr18	14311355	14311598	LTR/ERVL-MaLR	1027	-	122	14311477	74093
chr18	14237384	14437384	harbor1	chr18	14314530	14314763	LTR/ERVL-MaLR	657	-	116	14314646	77262
chr18	14237384	14437384	harbor1	chr18	14315072	14315224	LTR/ERVL-MaLR	551	-	76	14315148	77764
chr18	14237384	14437384	harbor1	chr18	14317781	14318020	LTR/ERVL-MaLR	677	-	120	14317901	80517
chr18	14237384	14437384	harbor1	chr18	14321206	14321436	LTR/ERVL-MaLR	777	-	115	14321321	83937
chr18	14237384	14437384	harbor1	chr18	14321755	14321905	LTR/ERVL-MaLR	507	-	75	14321830	84446
chr18	14237384	14437384	harbor1	chr18	14324082	14324312	LTR/ERVL-MaLR	695	-	115	14324197	86813
chr18	14237384	14437384	harbor1	chr18	14327566	14327806	LTR/ERVL-MaLR	797	-	120	14327686	90302
chr18	14237384	14437384	harbor1	chr18	14330659	14330902	LTR/ERVL-MaLR	1013	-	122	14330781	93397
chr18	14237384	14437384	harbor1	chr18	14333732	14333975	LTR/ERVL-MaLR	828	-	122	14333854	96470
chr18	26126376	26326376	harbor1	chr18	26142592	26142938	LTR/ERVL-MaLR	1925	-	173	26142765	16389
chr18	26126376	26326376	harbor1	chr18	26146760	26147201	LTR/ERVL-MaLR	2234	-	220	26146980	20604
chr18	26126376	26326376	harbor1	chr18	26206742	26207140	LTR/ERVL-MaLR	624	-	199	26206941	80565
chr18	26126376	26326376	harbor1	chr18	26207441	26207722	LTR/ERVL-MaLR	624	-	140	26207581	81205
chr18	26126376	26326376	harbor1	chr18	26224868	26225076	LTR/ERVL-MaLR	1014	-	104	26224972	98596
chr18	26126376	26326376	harbor1	chr18	26225208	26225293	LTR/ERVL-MaLR	507	-	42	26225250	98874
chr18	59165767	59365767	harbor1	chr18	59179115	59179188	LTR/ERVL-MaLR	1984	-	36	59179151	13384
chr18	59165767	59365767	harbor1	chr18	59179501	59179800	LTR/ERVL-MaLR	1984	-	150	59179651	13884
chr18	59165767	59365767	harbor1	chr18	59188503	59188866	LTR/ERVL-MaLR	2910	-	182	59188685	22918
chr18	59165767	59365767	harbor1	chr18	59232537	59232710	LTR/ERVL-MaLR	498	-	86	59232623	66856
chr18	59165767	59365767	harbor1	chr18	59235625	59236017	LTR/ERVL-MaLR	519	-	196	59235821	70054
chr18	59165767	59365767	harbor1	chr18	59236417	59236778	LTR/ERVL-MaLR	2208	-	180	59236597	70830
chr18	59165767	59365767	harbor1	chr18	59237935	59238379	LTR/ERVL-MaLR	803	-	222	59238157	72390
chr18	59165767	59365767	harbor1	chr18	59246156	59246511	LTR/ERVL-MaLR	1215	-	178	59246334	80567
chr18	59165767	59365767	harbor1	chr18	59254123	59254185	LTR/ERVL-MaLR	739	-	31	59254154	88387
chr18	59165767	59365767	harbor1	chr18	59254788	59254954	LTR/ERVL-MaLR	739	-	83	59254871	89104
chr18	59165767	59365767	harbor1	chr18	59256445	59256603	LTR/ERVL-MaLR	739	-	79	59256524	90757
chr18	78209693	78409693	harbor1	chr18	78255511	78255759	LTR/ERVL-MaLR	1009	-	124	78255635	45942
chr18	78209693	78409693	harbor1	chr18	78256224	78256572	LTR/ERVL-MaLR	1823	-	174	78256398	46705
chr18	78209693	78409693	harbor1	chr18	78257613	78257967	LTR/ERVL-MaLR	2555	-	177	78257790	48097
chr18	78209693	78409693	harbor1	chr18	78306253	78306728	LTR/ERVL-MaLR	1245	-	238	78306491	96798
chr18	62536129	62736129	harbor1	chr18	62600776	62601120	LTR/ERVL-MaLR	803	-	172	62600948	64819
chr18	62536129	62736129	harbor1	chr18	62601124	62601481	LTR/ERVL-MaLR	804	-	178	62601302	65173
chr18	62536129	62736129	harbor1	chr18	62607325	62607764	LTR/ERVL-MaLR	2022	-	220	62607545	71416
chr18	62536129	62736129	harbor1	chr18	62607823	62607938	LTR/ERVL-MaLR	530	-	58	62607881	71752
chr18	62536129	62736129	harbor1	chr18	62623926	62624140	LTR/ERVL-MaLR	1500	-	107	62624033	87904
chr18	62536129	62736129	harbor1	chr18	62624433	62624620	LTR/ERVL-MaLR	1500	-	94	62624527	88398
chr18	62536129	62736129	harbor1	chr18	62629037	62629432	LTR/ERVL-MaLR	564	-	198	62629235	93106
chr19	43523586	43723586	harbor1	chr19	43564443	43564506	LTR/ERVL-MaLR	2315	-	32	43564475	40889
chr19	43523586	43723586	harbor1	chr19	43584572	43584834	LTR/ERVL-MaLR	786	-	131	43584703	61117
chr19	43523586	43723586	harbor1	chr19	43585136	43585245	LTR/ERVL-MaLR	786	-	54	43585190	61604
chr19	43523586	43723586	harbor1	chr19	43585540	43585683	LTR/ERVL-MaLR	786	-	72	43585612	62026
chr19	43523586	43723586	harbor1	chr19	43564815	43565255	LTR/ERVL-MaLR	2315	-	220	43565035	41449
chr19	10171339	10371339	harbor1	chr19	10262784	10263087	LTR/ERVL-MaLR	1144	-	152	10262936	91597
chr19	10618495	10818495	harbor1	chr19	10714274	10714696	LTR/ERVL-MaLR	1682	-	211	10714485	95990
chr19	10618467	10818467	harbor1	chr19	10714274	10714696	LTR/ERVL-MaLR	1682	-	211	10714485	96018
chr19	49751331	49951331	harbor1	chr19	49790026	49790425	LTR/ERVL-MaLR	1679	-	200	49790226	38895
chr19	49751331	49951331	harbor1	chr19	49820950	49821287	LTR/ERVL-MaLR	1154	-	168	49821118	69787
chr19	49751331	49951331	harbor1	chr19	49822572	49822640	LTR/ERVL-MaLR	1154	-	34	49822606	71275
chr19	49751331	49951331	harbor1	chr19	49823257	49823388	LTR/ERVL-MaLR	1154	-	66	49823323	71992
chr19	49751331	49951331	harbor1	chr19	49827318	49827730	LTR/ERVL-MaLR	1189	-	206	49827524	76193
chr19	49751331	49951331	harbor1	chr19	49832694	49833103	LTR/ERVL-MaLR	1024	-	204	49832898	81567
chr19	49751331	49951331	harbor1	chr19	49844246	49844614	LTR/ERVL-MaLR	2005	-	184	49844430	93099
chr19	49751331	49951331	harbor1	chr19	49844921	49845107	LTR/ERVL-MaLR	2005	-	93	49845014	93683
chr19	9986281	10186281	harbor1	chr19	10074259	10074454	LTR/ERVL-MaLR	843	-	98	10074357	88076
chr19	10618446	10818446	harbor1	chr19	10714274	10714696	LTR/ERVL-MaLR	1682	-	211	10714485	96039
chr19	2663306	2863306	harbor1	chr19	2735236	2735832	LTR/ERVL-MaLR	1672	-	298	2735534	72228
chr19	1350529	1550529	harbor1	chr19	1386247	1386499	LTR/ERVL-MaLR	1510	-	126	1386373	35844
chr19	1350529	1550529	harbor1	chr19	1386795	1386899	LTR/ERVL-MaLR	1510	-	52	1386847	36318
chr19	19675467	19875467	harbor1	chr19	19683861	19684207	LTR/ERVL-MaLR	1841	-	173	19684034	8567
chr19	19675467	19875467	harbor1	chr19	19684515	19684565	LTR/ERVL-MaLR	1841	-	25	19684540	9073
chr19	19675467	19875467	harbor1	chr19	19684568	19684693	LTR/ERVL-MaLR	658	-	62	19684630	9163
chr19	19675467	19875467	harbor1	chr19	19756320	19756509	LTR/ERVL-MaLR	2601	-	94	19756414	80947
chr19	19675467	19875467	harbor1	chr19	19756816	19757050	LTR/ERVL-MaLR	2601	-	117	19756933	81466
chr19	19675467	19875467	harbor1	chr19	19757053	19757108	LTR/ERVL-MaLR	4694	-	28	19757081	81614
chr19	19675467	19875467	harbor1	chr19	19757431	19758126	LTR/ERVL-MaLR	4694	-	348	19757779	82312
chr19	19675467	19875467	harbor1	chr19	19763464	19763745	LTR/ERVL-MaLR	880	-	140	19763604	88137
chr19	19675467	19875467	harbor1	chr19	19764059	19764168	LTR/ERVL-MaLR	880	-	54	19764113	88646
chr19	19675467	19875467	harbor1	chr19	19772868	19773043	LTR/ERVL-MaLR	1057	-	88	19772956	97489
chr19	19675467	19875467	harbor1	chr19	19773353	19773403	LTR/ERVL-MaLR	1057	-	25	19773378	97911
chr19	19675467	19875467	harbor1	chr19	19773724	19773859	LTR/ERVL-MaLR	1057	-	68	19773792	98325
chr19	49751338	49951338	harbor1	chr19	49790026	49790425	LTR/ERVL-MaLR	1679	-	200	49790226	38888
chr19	49751338	49951338	harbor1	chr19	49820950	49821287	LTR/ERVL-MaLR	1154	-	168	49821118	69780
chr19	49751338	49951338	harbor1	chr19	49822572	49822640	LTR/ERVL-MaLR	1154	-	34	49822606	71268
chr19	49751338	49951338	harbor1	chr19	49823257	49823388	LTR/ERVL-MaLR	1154	-	66	49823323	71985
chr19	49751338	49951338	harbor1	chr19	49827318	49827730	LTR/ERVL-MaLR	1189	-	206	49827524	76186
chr19	49751338	49951338	harbor1	chr19	49832694	49833103	LTR/ERVL-MaLR	1024	-	204	49832898	81560
chr19	49751338	49951338	harbor1	chr19	49844246	49844614	LTR/ERVL-MaLR	2005	-	184	49844430	93092
chr19	49751338	49951338	harbor1	chr19	49844921	49845107	LTR/ERVL-MaLR	2005	-	93	49845014	93676
chr19	34913533	35113533	harbor1	chr19	34935805	34936165	LTR/ERVL-MaLR	2345	-	180	34935985	22452
chr19	34913533	35113533	harbor1	chr19	34969685	34969986	LTR/ERVL-MaLR	975	-	150	34969835	56302
chr19	34913533	35113533	harbor1	chr19	34970791	34971346	LTR/ERVL-MaLR	1971	-	278	34971069	57536
chr19	34913533	35113533	harbor1	chr19	34971990	34972070	LTR/ERVL-MaLR	1758	-	40	34972030	58497
chr19	34913533	35113533	harbor1	chr19	34972369	34972853	LTR/ERVL-MaLR	1758	-	242	34972611	59078
chr19	34913533	35113533	harbor1	chr19	34973115	34973285	LTR/ERVL-MaLR	928	-	85	34973200	59667
chr19	393525	593525	harbor1	chr19	448217	448573	LTR/ERVL-MaLR	724	-	178	448395	54870
chr19	48525108	48725108	harbor1	chr19	48527139	48527321	LTR/ERVL-MaLR	1044	-	91	48527230	2122
chr19	48525108	48725108	harbor1	chr19	48527617	48527897	LTR/ERVL-MaLR	1044	-	140	48527757	2649
chr19	48525108	48725108	harbor1	chr19	48528708	48528749	LTR/ERVL-MaLR	1710	-	20	48528728	3620
chr19	48525108	48725108	harbor1	chr19	48586248	48586666	LTR/ERVL-MaLR	1132	-	209	48586457	61349
chr19	48525108	48725108	harbor1	chr19	48597947	48598149	LTR/ERVL-MaLR	1092	-	101	48598048	72940
chr19	48525108	48725108	harbor1	chr19	48529052	48529488	LTR/ERVL-MaLR	1710	-	218	48529270	4162
chr19	58287222	58487222	harbor1	chr19	58289146	58289213	LTR/ERVL-MaLR	1763	-	34	58289180	1958
chr19	58287222	58487222	harbor1	chr19	58289517	58289799	LTR/ERVL-MaLR	1763	-	141	58289658	2436
chr19	58287222	58487222	harbor1	chr19	58290414	58290514	LTR/ERVL-MaLR	1763	-	50	58290464	3242
chr19	58287222	58487222	harbor1	chr19	58292217	58292573	LTR/ERVL-MaLR	1638	-	178	58292395	5173
chr19	58287222	58487222	harbor1	chr19	58364347	58364612	LTR/ERVL-MaLR	1029	-	132	58364479	77257
chr19	58287222	58487222	harbor1	chr19	58370061	58370527	LTR/ERVL-MaLR	1651	-	233	58370294	83072
chr19	46920081	47120081	harbor1	chr19	47015755	47015886	LTR/ERVL-MaLR	755	-	66	47015821	95740
chr19	46920081	47120081	harbor1	chr19	47016196	47016224	LTR/ERVL-MaLR	755	-	14	47016210	96129
chr19	58378212	58578212	harbor1	chr19	58398820	58398879	LTR/ERVL-MaLR	2124	-	30	58398850	20638
chr19	58378212	58578212	harbor1	chr19	58399488	58399896	LTR/ERVL-MaLR	2124	-	204	58399692	21480
chr19	58378212	58578212	harbor1	chr19	58458583	58458809	LTR/ERVL-MaLR	2206	-	113	58458696	80484
chr19	58378212	58578212	harbor1	chr19	58459416	58459522	LTR/ERVL-MaLR	2206	-	53	58459469	81257
chr19	58378212	58578212	harbor1	chr19	58459920	58460016	LTR/ERVL-MaLR	2206	-	48	58459968	81756
chr19	10234442	10434442	harbor1	chr19	10262784	10263087	LTR/ERVL-MaLR	1144	-	152	10262936	28494
chr19	3444890	3644890	harbor1	chr19	3539543	3539854	LTR/ERVL-MaLR	704	-	156	3539699	94809
chr19	3907495	4107495	harbor1	chr19	3913884	3913954	LTR/ERVL-MaLR	1974	-	35	3913919	6424
chr19	3907495	4107495	harbor1	chr19	3914251	3914524	LTR/ERVL-MaLR	1974	-	136	3914387	6892
chr19	3907495	4107495	harbor1	chr19	3922231	3922584	LTR/ERVL-MaLR	2473	-	176	3922407	14912
chr19	45368712	45568712	harbor1	chr19	45376453	45376640	LTR/ERVL-MaLR	797	-	94	45376547	7835
chr19	45368712	45568712	harbor1	chr19	45376945	45377064	LTR/ERVL-MaLR	797	-	60	45377005	8293
chr19	4570336	4770336	harbor1	chr19	4628948	4629089	LTR/ERVL-MaLR	1072	-	70	4629018	58682
chr19	4570336	4770336	harbor1	chr19	4629739	4629938	LTR/ERVL-MaLR	1072	-	100	4629839	59503
chr19	4570336	4770336	harbor1	chr19	4631920	4632209	LTR/ERVL-MaLR	1479	-	144	4632064	61728
chr19	4570336	4770336	harbor1	chr19	4666897	4667117	LTR/ERVL-MaLR	829	-	110	4667007	96671
chr19	49746065	49946065	harbor1	chr19	49790026	49790425	LTR/ERVL-MaLR	1679	-	200	49790226	44161
chr19	49746065	49946065	harbor1	chr19	49820950	49821287	LTR/ERVL-MaLR	1154	-	168	49821118	75053
chr19	49746065	49946065	harbor1	chr19	49822572	49822640	LTR/ERVL-MaLR	1154	-	34	49822606	76541
chr19	49746065	49946065	harbor1	chr19	49823257	49823388	LTR/ERVL-MaLR	1154	-	66	49823323	77258
chr19	49746065	49946065	harbor1	chr19	49827318	49827730	LTR/ERVL-MaLR	1189	-	206	49827524	81459
chr19	49746065	49946065	harbor1	chr19	49832694	49833103	LTR/ERVL-MaLR	1024	-	204	49832898	86833
chr19	49746065	49946065	harbor1	chr19	49844246	49844614	LTR/ERVL-MaLR	2005	-	184	49844430	98365
chr19	49746065	49946065	harbor1	chr19	49844921	49845107	LTR/ERVL-MaLR	2005	-	93	49845014	98949
chr19	49751511	49951511	harbor1	chr19	49790026	49790425	LTR/ERVL-MaLR	1679	-	200	49790226	38715
chr19	49751511	49951511	harbor1	chr19	49820950	49821287	LTR/ERVL-MaLR	1154	-	168	49821118	69607
chr19	49751511	49951511	harbor1	chr19	49822572	49822640	LTR/ERVL-MaLR	1154	-	34	49822606	71095
chr19	49751511	49951511	harbor1	chr19	49823257	49823388	LTR/ERVL-MaLR	1154	-	66	49823323	71812
chr19	49751511	49951511	harbor1	chr19	49827318	49827730	LTR/ERVL-MaLR	1189	-	206	49827524	76013
chr19	49751511	49951511	harbor1	chr19	49832694	49833103	LTR/ERVL-MaLR	1024	-	204	49832898	81387
chr19	49751511	49951511	harbor1	chr19	49844246	49844614	LTR/ERVL-MaLR	2005	-	184	49844430	92919
chr19	49751511	49951511	harbor1	chr19	49844921	49845107	LTR/ERVL-MaLR	2005	-	93	49845014	93503
chr19	18335200	18535200	harbor1	chr19	18357926	18358253	LTR/ERVL-MaLR	1716	-	164	18358090	22890
chr19	18335200	18535200	harbor1	chr19	18358560	18358619	LTR/ERVL-MaLR	1716	-	30	18358590	23390
chr19	18335200	18535200	harbor1	chr19	18401738	18401928	LTR/ERVL-MaLR	829	-	95	18401833	66633
chr19	5482378	5682378	harbor1	chr19	5481928	5482517	LTR/ERVL-MaLR	1880	-	294	5482222	156
chr19	5482378	5682378	harbor1	chr19	5502440	5502709	LTR/ERVL-MaLR	915	-	134	5502574	20196
chr19	5482378	5682378	harbor1	chr19	5514146	5514505	LTR/ERVL-MaLR	808	-	180	5514326	31948
chr19	5482378	5682378	harbor1	chr19	5516354	5516565	LTR/ERVL-MaLR	868	-	106	5516460	34082
chr19	1350450	1550450	harbor1	chr19	1386247	1386499	LTR/ERVL-MaLR	1510	-	126	1386373	35923
chr19	1350450	1550450	harbor1	chr19	1386795	1386899	LTR/ERVL-MaLR	1510	-	52	1386847	36397
chr19	49751471	49951471	harbor1	chr19	49790026	49790425	LTR/ERVL-MaLR	1679	-	200	49790226	38755
chr19	49751471	49951471	harbor1	chr19	49820950	49821287	LTR/ERVL-MaLR	1154	-	168	49821118	69647
chr19	49751471	49951471	harbor1	chr19	49822572	49822640	LTR/ERVL-MaLR	1154	-	34	49822606	71135
chr19	49751471	49951471	harbor1	chr19	49823257	49823388	LTR/ERVL-MaLR	1154	-	66	49823323	71852
chr19	49751471	49951471	harbor1	chr19	49827318	49827730	LTR/ERVL-MaLR	1189	-	206	49827524	76053
chr19	49751471	49951471	harbor1	chr19	49832694	49833103	LTR/ERVL-MaLR	1024	-	204	49832898	81427
chr19	49751471	49951471	harbor1	chr19	49844246	49844614	LTR/ERVL-MaLR	2005	-	184	49844430	92959
chr19	49751471	49951471	harbor1	chr19	49844921	49845107	LTR/ERVL-MaLR	2005	-	93	49845014	93543
chr19	19676588	19876588	harbor1	chr19	19683861	19684207	LTR/ERVL-MaLR	1841	-	173	19684034	7446
chr19	19676588	19876588	harbor1	chr19	19684515	19684565	LTR/ERVL-MaLR	1841	-	25	19684540	7952
chr19	19676588	19876588	harbor1	chr19	19684568	19684693	LTR/ERVL-MaLR	658	-	62	19684630	8042
chr19	19676588	19876588	harbor1	chr19	19756320	19756509	LTR/ERVL-MaLR	2601	-	94	19756414	79826
chr19	19676588	19876588	harbor1	chr19	19756816	19757050	LTR/ERVL-MaLR	2601	-	117	19756933	80345
chr19	19676588	19876588	harbor1	chr19	19757053	19757108	LTR/ERVL-MaLR	4694	-	28	19757081	80493
chr19	19676588	19876588	harbor1	chr19	19757431	19758126	LTR/ERVL-MaLR	4694	-	348	19757779	81191
chr19	19676588	19876588	harbor1	chr19	19763464	19763745	LTR/ERVL-MaLR	880	-	140	19763604	87016
chr19	19676588	19876588	harbor1	chr19	19764059	19764168	LTR/ERVL-MaLR	880	-	54	19764113	87525
chr19	19676588	19876588	harbor1	chr19	19772868	19773043	LTR/ERVL-MaLR	1057	-	88	19772956	96368
chr19	19676588	19876588	harbor1	chr19	19773353	19773403	LTR/ERVL-MaLR	1057	-	25	19773378	96790
chr19	19676588	19876588	harbor1	chr19	19773724	19773859	LTR/ERVL-MaLR	1057	-	68	19773792	97204
chr19	49288352	49488352	harbor1	chr19	49328113	49328466	LTR/ERVL-MaLR	2314	-	176	49328289	39937
chr19	49288352	49488352	harbor1	chr19	49330999	49331180	LTR/ERVL-MaLR	740	-	90	49331089	42737
chr19	49288352	49488352	harbor1	chr19	49331653	49331864	LTR/ERVL-MaLR	677	-	106	49331759	43407
chr19	49288352	49488352	harbor1	chr19	49332576	49332735	LTR/ERVL-MaLR	1247	-	80	49332656	44304
chr19	49288352	49488352	harbor1	chr19	49373324	49373462	LTR/ERVL-MaLR	800	-	69	49373393	85041
chr19	49288352	49488352	harbor1	chr19	49375691	49376217	LTR/ERVL-MaLR	1520	-	263	49375954	87602
chr19	49288352	49488352	harbor1	chr19	49331979	49332275	LTR/ERVL-MaLR	1247	-	148	49332127	43775
chr19	7816850	8016850	harbor1	chr19	7817726	7818263	LTR/ERVL-MaLR	1706	-	268	7817994	1144
chr19	7816850	8016850	harbor1	chr19	7818996	7819191	LTR/ERVL-MaLR	769	-	98	7819094	2244
chr19	7816850	8016850	harbor1	chr19	7897667	7897898	LTR/ERVL-MaLR	1005	-	116	7897783	80933
chr19	7816850	8016850	harbor1	chr19	7896951	7897160	LTR/ERVL-MaLR	1005	-	104	7897055	80205
chr19	10617933	10817933	harbor1	chr19	10714274	10714696	LTR/ERVL-MaLR	1682	-	211	10714485	96552
chr19	10618461	10818461	harbor1	chr19	10714274	10714696	LTR/ERVL-MaLR	1682	-	211	10714485	96024
chr19	10235231	10435231	harbor1	chr19	10262784	10263087	LTR/ERVL-MaLR	1144	-	152	10262936	27705
chr19	48773840	48973840	harbor1	chr19	48785406	48785757	LTR/ERVL-MaLR	1750	-	176	48785582	11742
chr19	19675775	19875775	harbor1	chr19	19683861	19684207	LTR/ERVL-MaLR	1841	-	173	19684034	8259
chr19	19675775	19875775	harbor1	chr19	19684515	19684565	LTR/ERVL-MaLR	1841	-	25	19684540	8765
chr19	19675775	19875775	harbor1	chr19	19684568	19684693	LTR/ERVL-MaLR	658	-	62	19684630	8855
chr19	19675775	19875775	harbor1	chr19	19756320	19756509	LTR/ERVL-MaLR	2601	-	94	19756414	80639
chr19	19675775	19875775	harbor1	chr19	19756816	19757050	LTR/ERVL-MaLR	2601	-	117	19756933	81158
chr19	19675775	19875775	harbor1	chr19	19757053	19757108	LTR/ERVL-MaLR	4694	-	28	19757081	81306
chr19	19675775	19875775	harbor1	chr19	19757431	19758126	LTR/ERVL-MaLR	4694	-	348	19757779	82004
chr19	19675775	19875775	harbor1	chr19	19763464	19763745	LTR/ERVL-MaLR	880	-	140	19763604	87829
chr19	19675775	19875775	harbor1	chr19	19764059	19764168	LTR/ERVL-MaLR	880	-	54	19764113	88338
chr19	19675775	19875775	harbor1	chr19	19772868	19773043	LTR/ERVL-MaLR	1057	-	88	19772956	97181
chr19	19675775	19875775	harbor1	chr19	19773353	19773403	LTR/ERVL-MaLR	1057	-	25	19773378	97603
chr19	19675775	19875775	harbor1	chr19	19773724	19773859	LTR/ERVL-MaLR	1057	-	68	19773792	98017
chr19	18646400	18846400	harbor1	chr19	18651024	18651550	LTR/ERVL-MaLR	654	-	263	18651287	4887
chr19	18646400	18846400	harbor1	chr19	18714971	18715222	LTR/ERVL-MaLR	782	-	126	18715097	68697
chr19	18646400	18846400	harbor1	chr19	18720918	18721195	LTR/ERVL-MaLR	753	-	138	18721056	74656
chr19	18646400	18846400	harbor1	chr19	18721794	18721891	LTR/ERVL-MaLR	753	-	48	18721842	75442
chr19	18646400	18846400	harbor1	chr19	18724435	18724877	LTR/ERVL-MaLR	903	-	221	18724656	78256
chr19	18646400	18846400	harbor1	chr19	18731147	18731556	LTR/ERVL-MaLR	1399	-	204	18731351	84951
chr19	19674533	19874533	harbor1	chr19	19683861	19684207	LTR/ERVL-MaLR	1841	-	173	19684034	9501
chr19	19674533	19874533	harbor1	chr19	19684515	19684565	LTR/ERVL-MaLR	1841	-	25	19684540	10007
chr19	19674533	19874533	harbor1	chr19	19684568	19684693	LTR/ERVL-MaLR	658	-	62	19684630	10097
chr19	19674533	19874533	harbor1	chr19	19756320	19756509	LTR/ERVL-MaLR	2601	-	94	19756414	81881
chr19	19674533	19874533	harbor1	chr19	19756816	19757050	LTR/ERVL-MaLR	2601	-	117	19756933	82400
chr19	19674533	19874533	harbor1	chr19	19757053	19757108	LTR/ERVL-MaLR	4694	-	28	19757081	82548
chr19	19674533	19874533	harbor1	chr19	19757431	19758126	LTR/ERVL-MaLR	4694	-	348	19757779	83246
chr19	19674533	19874533	harbor1	chr19	19763464	19763745	LTR/ERVL-MaLR	880	-	140	19763604	89071
chr19	19674533	19874533	harbor1	chr19	19764059	19764168	LTR/ERVL-MaLR	880	-	54	19764113	89580
chr19	19674533	19874533	harbor1	chr19	19772868	19773043	LTR/ERVL-MaLR	1057	-	88	19772956	98423
chr19	19674533	19874533	harbor1	chr19	19773353	19773403	LTR/ERVL-MaLR	1057	-	25	19773378	98845
chr19	19674533	19874533	harbor1	chr19	19773724	19773859	LTR/ERVL-MaLR	1057	-	68	19773792	99259
chr19	49751494	49951494	harbor1	chr19	49790026	49790425	LTR/ERVL-MaLR	1679	-	200	49790226	38732
chr19	49751494	49951494	harbor1	chr19	49820950	49821287	LTR/ERVL-MaLR	1154	-	168	49821118	69624
chr19	49751494	49951494	harbor1	chr19	49822572	49822640	LTR/ERVL-MaLR	1154	-	34	49822606	71112
chr19	49751494	49951494	harbor1	chr19	49823257	49823388	LTR/ERVL-MaLR	1154	-	66	49823323	71829
chr19	49751494	49951494	harbor1	chr19	49827318	49827730	LTR/ERVL-MaLR	1189	-	206	49827524	76030
chr19	49751494	49951494	harbor1	chr19	49832694	49833103	LTR/ERVL-MaLR	1024	-	204	49832898	81404
chr19	49751494	49951494	harbor1	chr19	49844246	49844614	LTR/ERVL-MaLR	2005	-	184	49844430	92936
chr19	49751494	49951494	harbor1	chr19	49844921	49845107	LTR/ERVL-MaLR	2005	-	93	49845014	93520
chr19	32305870	32505870	harbor1	chr19	32330821	32331002	LTR/ERVL-MaLR	1975	-	90	32330911	25041
chr19	32305870	32505870	harbor1	chr19	32331299	32331321	LTR/ERVL-MaLR	1975	-	11	32331310	25440
chr19	32305870	32505870	harbor1	chr19	32331625	32331791	LTR/ERVL-MaLR	1975	-	83	32331708	25838
chr19	32305870	32505870	harbor1	chr19	32342622	32342655	LTR/ERVL-MaLR	683	-	16	32342638	36768
chr19	32305870	32505870	harbor1	chr19	32343531	32343871	LTR/ERVL-MaLR	683	-	170	32343701	37831
chr19	32305870	32505870	harbor1	chr19	32366992	32367377	LTR/ERVL-MaLR	2025	-	192	32367184	61314
chr19	32305870	32505870	harbor1	chr19	32368135	32368526	LTR/ERVL-MaLR	1142	-	196	32368331	62461
chr19	32305870	32505870	harbor1	chr19	32372475	32372867	LTR/ERVL-MaLR	2026	-	196	32372671	66801
chr19	32305870	32505870	harbor1	chr19	32372880	32373245	LTR/ERVL-MaLR	2151	-	182	32373062	67192
chr19	32305870	32505870	harbor1	chr19	32373247	32373383	LTR/ERVL-MaLR	694	-	68	32373315	67445
chr19	32305870	32505870	harbor1	chr19	32400676	32401203	LTR/ERVL-MaLR	1569	-	264	32400940	95070
chr19	32305870	32505870	harbor1	chr19	32403085	32403439	LTR/ERVL-MaLR	2204	-	177	32403262	97392
chr19	10618491	10818491	harbor1	chr19	10714274	10714696	LTR/ERVL-MaLR	1682	-	211	10714485	95994
chr19	10617851	10817851	harbor1	chr19	10714274	10714696	LTR/ERVL-MaLR	1682	-	211	10714485	96634
chr19	48525076	48725076	harbor1	chr19	48527139	48527321	LTR/ERVL-MaLR	1044	-	91	48527230	2154
chr19	48525076	48725076	harbor1	chr19	48527617	48527897	LTR/ERVL-MaLR	1044	-	140	48527757	2681
chr19	48525076	48725076	harbor1	chr19	48528708	48528749	LTR/ERVL-MaLR	1710	-	20	48528728	3652
chr19	48525076	48725076	harbor1	chr19	48586248	48586666	LTR/ERVL-MaLR	1132	-	209	48586457	61381
chr19	48525076	48725076	harbor1	chr19	48597947	48598149	LTR/ERVL-MaLR	1092	-	101	48598048	72972
chr19	48525076	48725076	harbor1	chr19	48529052	48529488	LTR/ERVL-MaLR	1710	-	218	48529270	4194
chr19	49751348	49951348	harbor1	chr19	49790026	49790425	LTR/ERVL-MaLR	1679	-	200	49790226	38878
chr19	49751348	49951348	harbor1	chr19	49820950	49821287	LTR/ERVL-MaLR	1154	-	168	49821118	69770
chr19	49751348	49951348	harbor1	chr19	49822572	49822640	LTR/ERVL-MaLR	1154	-	34	49822606	71258
chr19	49751348	49951348	harbor1	chr19	49823257	49823388	LTR/ERVL-MaLR	1154	-	66	49823323	71975
chr19	49751348	49951348	harbor1	chr19	49827318	49827730	LTR/ERVL-MaLR	1189	-	206	49827524	76176
chr19	49751348	49951348	harbor1	chr19	49832694	49833103	LTR/ERVL-MaLR	1024	-	204	49832898	81550
chr19	49751348	49951348	harbor1	chr19	49844246	49844614	LTR/ERVL-MaLR	2005	-	184	49844430	93082
chr19	49751348	49951348	harbor1	chr19	49844921	49845107	LTR/ERVL-MaLR	2005	-	93	49845014	93666
chr19	45692939	45892939	harbor1	chr19	45738919	45739147	LTR/ERVL-MaLR	1494	-	114	45739033	46094
chr19	45692939	45892939	harbor1	chr19	45739452	45739778	LTR/ERVL-MaLR	1494	-	163	45739615	46676
chr19	45692939	45892939	harbor1	chr19	45745872	45745926	LTR/ERVL-MaLR	1508	-	27	45745899	52960
chr19	45692939	45892939	harbor1	chr19	45746267	45746566	LTR/ERVL-MaLR	1508	-	150	45746417	53478
chr19	45692939	45892939	harbor1	chr19	45746843	45746965	LTR/ERVL-MaLR	1508	-	61	45746904	53965
chr19	3456907	3656907	harbor1	chr19	3539543	3539854	LTR/ERVL-MaLR	704	-	156	3539699	82792
chr19	19675501	19875501	harbor1	chr19	19683861	19684207	LTR/ERVL-MaLR	1841	-	173	19684034	8533
chr19	19675501	19875501	harbor1	chr19	19684515	19684565	LTR/ERVL-MaLR	1841	-	25	19684540	9039
chr19	19675501	19875501	harbor1	chr19	19684568	19684693	LTR/ERVL-MaLR	658	-	62	19684630	9129
chr19	19675501	19875501	harbor1	chr19	19756320	19756509	LTR/ERVL-MaLR	2601	-	94	19756414	80913
chr19	19675501	19875501	harbor1	chr19	19756816	19757050	LTR/ERVL-MaLR	2601	-	117	19756933	81432
chr19	19675501	19875501	harbor1	chr19	19757053	19757108	LTR/ERVL-MaLR	4694	-	28	19757081	81580
chr19	19675501	19875501	harbor1	chr19	19757431	19758126	LTR/ERVL-MaLR	4694	-	348	19757779	82278
chr19	19675501	19875501	harbor1	chr19	19763464	19763745	LTR/ERVL-MaLR	880	-	140	19763604	88103
chr19	19675501	19875501	harbor1	chr19	19764059	19764168	LTR/ERVL-MaLR	880	-	54	19764113	88612
chr19	19675501	19875501	harbor1	chr19	19772868	19773043	LTR/ERVL-MaLR	1057	-	88	19772956	97455
chr19	19675501	19875501	harbor1	chr19	19773353	19773403	LTR/ERVL-MaLR	1057	-	25	19773378	97877
chr19	19675501	19875501	harbor1	chr19	19773724	19773859	LTR/ERVL-MaLR	1057	-	68	19773792	98291
chr19	3858539	4058539	harbor1	chr19	3913884	3913954	LTR/ERVL-MaLR	1974	-	35	3913919	55380
chr19	3858539	4058539	harbor1	chr19	3914251	3914524	LTR/ERVL-MaLR	1974	-	136	3914387	55848
chr19	3858539	4058539	harbor1	chr19	3922231	3922584	LTR/ERVL-MaLR	2473	-	176	3922407	63868
chr19	1259275	1459275	harbor1	chr19	1339876	1340042	LTR/ERVL-MaLR	650	-	83	1339959	80684
chr19	1259275	1459275	harbor1	chr19	1347158	1347282	LTR/ERVL-MaLR	1451	-	62	1347220	87945
chr19	1259275	1459275	harbor1	chr19	1347535	1347669	LTR/ERVL-MaLR	1451	-	67	1347602	88327
chr19	1259275	1459275	harbor1	chr19	1347983	1348021	LTR/ERVL-MaLR	1451	-	19	1348002	88727
chr19	1350379	1550379	harbor1	chr19	1386247	1386499	LTR/ERVL-MaLR	1510	-	126	1386373	35994
chr19	1350379	1550379	harbor1	chr19	1386795	1386899	LTR/ERVL-MaLR	1510	-	52	1386847	36468
chr19	1350102	1550102	harbor1	chr19	1386247	1386499	LTR/ERVL-MaLR	1510	-	126	1386373	36271
chr19	1350102	1550102	harbor1	chr19	1386795	1386899	LTR/ERVL-MaLR	1510	-	52	1386847	36745
chr19	55244734	55444734	harbor1	chr19	55281215	55281649	LTR/ERVL-MaLR	1993	-	217	55281432	36698
chr19	55244734	55444734	harbor1	chr19	55309394	55309734	LTR/ERVL-MaLR	1906	-	170	55309564	64830
chr19	55244734	55444734	harbor1	chr19	55310112	55310543	LTR/ERVL-MaLR	1059	-	216	55310328	65594
chr19	55244734	55444734	harbor1	chr19	55331126	55331416	LTR/ERVL-MaLR	1323	-	145	55331271	86537
chr19	55244734	55444734	harbor1	chr19	55331479	55331505	LTR/ERVL-MaLR	1323	-	13	55331492	86758
chr19	55244734	55444734	harbor1	chr19	55331813	55331992	LTR/ERVL-MaLR	1323	-	90	55331903	87169
chr19	55244734	55444734	harbor1	chr19	55332293	55332341	LTR/ERVL-MaLR	1323	-	24	55332317	87583
chr19	19675859	19875859	harbor1	chr19	19683861	19684207	LTR/ERVL-MaLR	1841	-	173	19684034	8175
chr19	19675859	19875859	harbor1	chr19	19684515	19684565	LTR/ERVL-MaLR	1841	-	25	19684540	8681
chr19	19675859	19875859	harbor1	chr19	19684568	19684693	LTR/ERVL-MaLR	658	-	62	19684630	8771
chr19	19675859	19875859	harbor1	chr19	19756320	19756509	LTR/ERVL-MaLR	2601	-	94	19756414	80555
chr19	19675859	19875859	harbor1	chr19	19756816	19757050	LTR/ERVL-MaLR	2601	-	117	19756933	81074
chr19	19675859	19875859	harbor1	chr19	19757053	19757108	LTR/ERVL-MaLR	4694	-	28	19757081	81222
chr19	19675859	19875859	harbor1	chr19	19757431	19758126	LTR/ERVL-MaLR	4694	-	348	19757779	81920
chr19	19675859	19875859	harbor1	chr19	19763464	19763745	LTR/ERVL-MaLR	880	-	140	19763604	87745
chr19	19675859	19875859	harbor1	chr19	19764059	19764168	LTR/ERVL-MaLR	880	-	54	19764113	88254
chr19	19675859	19875859	harbor1	chr19	19772868	19773043	LTR/ERVL-MaLR	1057	-	88	19772956	97097
chr19	19675859	19875859	harbor1	chr19	19773353	19773403	LTR/ERVL-MaLR	1057	-	25	19773378	97519
chr19	19675859	19875859	harbor1	chr19	19773724	19773859	LTR/ERVL-MaLR	1057	-	68	19773792	97933
chr19	10618493	10818493	harbor1	chr19	10714274	10714696	LTR/ERVL-MaLR	1682	-	211	10714485	95992
chr19	49751354	49951354	harbor1	chr19	49790026	49790425	LTR/ERVL-MaLR	1679	-	200	49790226	38872
chr19	49751354	49951354	harbor1	chr19	49820950	49821287	LTR/ERVL-MaLR	1154	-	168	49821118	69764
chr19	49751354	49951354	harbor1	chr19	49822572	49822640	LTR/ERVL-MaLR	1154	-	34	49822606	71252
chr19	49751354	49951354	harbor1	chr19	49823257	49823388	LTR/ERVL-MaLR	1154	-	66	49823323	71969
chr19	49751354	49951354	harbor1	chr19	49827318	49827730	LTR/ERVL-MaLR	1189	-	206	49827524	76170
chr19	49751354	49951354	harbor1	chr19	49832694	49833103	LTR/ERVL-MaLR	1024	-	204	49832898	81544
chr19	49751354	49951354	harbor1	chr19	49844246	49844614	LTR/ERVL-MaLR	2005	-	184	49844430	93076
chr19	49751354	49951354	harbor1	chr19	49844921	49845107	LTR/ERVL-MaLR	2005	-	93	49845014	93660
chr19	5516398	5716398	harbor1	chr19	5516354	5516565	LTR/ERVL-MaLR	868	-	106	5516460	62
chr19	10192832	10392832	harbor1	chr19	10262784	10263087	LTR/ERVL-MaLR	1144	-	152	10262936	70104
chr19	1004076	1204076	harbor1	chr19	1084763	1084803	LTR/ERVL-MaLR	2024	-	20	1084783	80707
chr19	1004076	1204076	harbor1	chr19	1085091	1085420	LTR/ERVL-MaLR	2024	-	164	1085255	81179
chr19	2663252	2863252	harbor1	chr19	2735236	2735832	LTR/ERVL-MaLR	1672	-	298	2735534	72282
chr19	12569674	12769674	harbor1	chr19	12636878	12636918	LTR/ERVL-MaLR	1725	-	20	12636898	67224
chr19	12569674	12769674	harbor1	chr19	12637227	12637569	LTR/ERVL-MaLR	1725	-	171	12637398	67724
chr19	316480	516480	harbor1	chr19	349140	349398	LTR/ERVL-MaLR	1968	-	129	349269	32789
chr19	316480	516480	harbor1	chr19	349702	349857	LTR/ERVL-MaLR	1968	-	78	349780	33300
chr19	316480	516480	harbor1	chr19	359565	359928	LTR/ERVL-MaLR	1632	-	182	359747	43267
chr19	316480	516480	harbor1	chr19	388953	389160	LTR/ERVL-MaLR	737	-	104	389057	72577
chr19	16976180	17176180	harbor1	chr19	17014463	17014824	LTR/ERVL-MaLR	2405	-	180	17014643	38463
chr19	49751516	49951516	harbor1	chr19	49790026	49790425	LTR/ERVL-MaLR	1679	-	200	49790226	38710
chr19	49751516	49951516	harbor1	chr19	49820950	49821287	LTR/ERVL-MaLR	1154	-	168	49821118	69602
chr19	49751516	49951516	harbor1	chr19	49822572	49822640	LTR/ERVL-MaLR	1154	-	34	49822606	71090
chr19	49751516	49951516	harbor1	chr19	49823257	49823388	LTR/ERVL-MaLR	1154	-	66	49823323	71807
chr19	49751516	49951516	harbor1	chr19	49827318	49827730	LTR/ERVL-MaLR	1189	-	206	49827524	76008
chr19	49751516	49951516	harbor1	chr19	49832694	49833103	LTR/ERVL-MaLR	1024	-	204	49832898	81382
chr19	49751516	49951516	harbor1	chr19	49844246	49844614	LTR/ERVL-MaLR	2005	-	184	49844430	92914
chr19	49751516	49951516	harbor1	chr19	49844921	49845107	LTR/ERVL-MaLR	2005	-	93	49845014	93498
chr19	19674783	19874783	harbor1	chr19	19683861	19684207	LTR/ERVL-MaLR	1841	-	173	19684034	9251
chr19	19674783	19874783	harbor1	chr19	19684515	19684565	LTR/ERVL-MaLR	1841	-	25	19684540	9757
chr19	19674783	19874783	harbor1	chr19	19684568	19684693	LTR/ERVL-MaLR	658	-	62	19684630	9847
chr19	19674783	19874783	harbor1	chr19	19756320	19756509	LTR/ERVL-MaLR	2601	-	94	19756414	81631
chr19	19674783	19874783	harbor1	chr19	19756816	19757050	LTR/ERVL-MaLR	2601	-	117	19756933	82150
chr19	19674783	19874783	harbor1	chr19	19757053	19757108	LTR/ERVL-MaLR	4694	-	28	19757081	82298
chr19	19674783	19874783	harbor1	chr19	19757431	19758126	LTR/ERVL-MaLR	4694	-	348	19757779	82996
chr19	19674783	19874783	harbor1	chr19	19763464	19763745	LTR/ERVL-MaLR	880	-	140	19763604	88821
chr19	19674783	19874783	harbor1	chr19	19764059	19764168	LTR/ERVL-MaLR	880	-	54	19764113	89330
chr19	19674783	19874783	harbor1	chr19	19772868	19773043	LTR/ERVL-MaLR	1057	-	88	19772956	98173
chr19	19674783	19874783	harbor1	chr19	19773353	19773403	LTR/ERVL-MaLR	1057	-	25	19773378	98595
chr19	19674783	19874783	harbor1	chr19	19773724	19773859	LTR/ERVL-MaLR	1057	-	68	19773792	99009
chr19	1350483	1550483	harbor1	chr19	1386247	1386499	LTR/ERVL-MaLR	1510	-	126	1386373	35890
chr19	1350483	1550483	harbor1	chr19	1386795	1386899	LTR/ERVL-MaLR	1510	-	52	1386847	36364
chr19	44901381	45101381	harbor1	chr19	44962340	44962646	LTR/ERVL-MaLR	1498	-	153	44962493	61112
chr19	44901381	45101381	harbor1	chr19	44965846	44966013	LTR/ERVL-MaLR	702	-	84	44965930	64549
chr19	44901381	45101381	harbor1	chr19	44978662	44978820	LTR/ERVL-MaLR	958	-	79	44978741	77360
chr19	19675795	19875795	harbor1	chr19	19683861	19684207	LTR/ERVL-MaLR	1841	-	173	19684034	8239
chr19	19675795	19875795	harbor1	chr19	19684515	19684565	LTR/ERVL-MaLR	1841	-	25	19684540	8745
chr19	19675795	19875795	harbor1	chr19	19684568	19684693	LTR/ERVL-MaLR	658	-	62	19684630	8835
chr19	19675795	19875795	harbor1	chr19	19756320	19756509	LTR/ERVL-MaLR	2601	-	94	19756414	80619
chr19	19675795	19875795	harbor1	chr19	19756816	19757050	LTR/ERVL-MaLR	2601	-	117	19756933	81138
chr19	19675795	19875795	harbor1	chr19	19757053	19757108	LTR/ERVL-MaLR	4694	-	28	19757081	81286
chr19	19675795	19875795	harbor1	chr19	19757431	19758126	LTR/ERVL-MaLR	4694	-	348	19757779	81984
chr19	19675795	19875795	harbor1	chr19	19763464	19763745	LTR/ERVL-MaLR	880	-	140	19763604	87809
chr19	19675795	19875795	harbor1	chr19	19764059	19764168	LTR/ERVL-MaLR	880	-	54	19764113	88318
chr19	19675795	19875795	harbor1	chr19	19772868	19773043	LTR/ERVL-MaLR	1057	-	88	19772956	97161
chr19	19675795	19875795	harbor1	chr19	19773353	19773403	LTR/ERVL-MaLR	1057	-	25	19773378	97583
chr19	19675795	19875795	harbor1	chr19	19773724	19773859	LTR/ERVL-MaLR	1057	-	68	19773792	97997
chr19	7769829	7969829	harbor1	chr19	7779550	7779733	LTR/ERVL-MaLR	790	-	92	7779642	9813
chr19	7769829	7969829	harbor1	chr19	7781930	7782140	LTR/ERVL-MaLR	704	-	105	7782035	12206
chr19	7769829	7969829	harbor1	chr19	7782442	7782530	LTR/ERVL-MaLR	704	-	44	7782486	12657
chr19	7769829	7969829	harbor1	chr19	7817726	7818263	LTR/ERVL-MaLR	1706	-	268	7817994	48165
chr19	7769829	7969829	harbor1	chr19	7818996	7819191	LTR/ERVL-MaLR	769	-	98	7819094	49265
chr19	1505446	1705446	harbor1	chr19	1547409	1547729	LTR/ERVL-MaLR	1502	-	160	1547569	42123
chr19	1505446	1705446	harbor1	chr19	1571362	1571790	LTR/ERVL-MaLR	735	-	214	1571576	66130
chr19	10618492	10818492	harbor1	chr19	10714274	10714696	LTR/ERVL-MaLR	1682	-	211	10714485	95993
chr19	57091928	57291928	harbor1	chr19	57103064	57103214	LTR/ERVL-MaLR	910	-	75	57103139	11211
chr19	10235237	10435237	harbor1	chr19	10262784	10263087	LTR/ERVL-MaLR	1144	-	152	10262936	27699
chr19	2356877	2556877	harbor1	chr19	2366407	2366575	LTR/ERVL-MaLR	2489	-	84	2366491	9614
chr19	2356877	2556877	harbor1	chr19	2366879	2367244	LTR/ERVL-MaLR	2489	-	182	2367061	10184
chr19	2356877	2556877	harbor1	chr19	2369749	2369916	LTR/ERVL-MaLR	702	-	84	2369833	12956
chr19	2356877	2556877	harbor1	chr19	2376067	2376430	LTR/ERVL-MaLR	1233	-	182	2376249	19372
chr19	2356877	2556877	harbor1	chr19	2378396	2378437	LTR/ERVL-MaLR	2471	-	20	2378416	21539
chr19	2356877	2556877	harbor1	chr19	2378727	2379068	LTR/ERVL-MaLR	2471	-	170	2378897	22020
chr19	19675992	19875992	harbor1	chr19	19683861	19684207	LTR/ERVL-MaLR	1841	-	173	19684034	8042
chr19	19675992	19875992	harbor1	chr19	19684515	19684565	LTR/ERVL-MaLR	1841	-	25	19684540	8548
chr19	19675992	19875992	harbor1	chr19	19684568	19684693	LTR/ERVL-MaLR	658	-	62	19684630	8638
chr19	19675992	19875992	harbor1	chr19	19756320	19756509	LTR/ERVL-MaLR	2601	-	94	19756414	80422
chr19	19675992	19875992	harbor1	chr19	19756816	19757050	LTR/ERVL-MaLR	2601	-	117	19756933	80941
chr19	19675992	19875992	harbor1	chr19	19757053	19757108	LTR/ERVL-MaLR	4694	-	28	19757081	81089
chr19	19675992	19875992	harbor1	chr19	19757431	19758126	LTR/ERVL-MaLR	4694	-	348	19757779	81787
chr19	19675992	19875992	harbor1	chr19	19763464	19763745	LTR/ERVL-MaLR	880	-	140	19763604	87612
chr19	19675992	19875992	harbor1	chr19	19764059	19764168	LTR/ERVL-MaLR	880	-	54	19764113	88121
chr19	19675992	19875992	harbor1	chr19	19772868	19773043	LTR/ERVL-MaLR	1057	-	88	19772956	96964
chr19	19675992	19875992	harbor1	chr19	19773353	19773403	LTR/ERVL-MaLR	1057	-	25	19773378	97386
chr19	19675992	19875992	harbor1	chr19	19773724	19773859	LTR/ERVL-MaLR	1057	-	68	19773792	97800
chr19	1350376	1550376	harbor1	chr19	1386247	1386499	LTR/ERVL-MaLR	1510	-	126	1386373	35997
chr19	1350376	1550376	harbor1	chr19	1386795	1386899	LTR/ERVL-MaLR	1510	-	52	1386847	36471
chr19	49667530	49867530	harbor1	chr19	49725932	49726301	LTR/ERVL-MaLR	2290	-	184	49726116	58586
chr19	19674614	19874614	harbor1	chr19	19683861	19684207	LTR/ERVL-MaLR	1841	-	173	19684034	9420
chr19	19674614	19874614	harbor1	chr19	19684515	19684565	LTR/ERVL-MaLR	1841	-	25	19684540	9926
chr19	19674614	19874614	harbor1	chr19	19684568	19684693	LTR/ERVL-MaLR	658	-	62	19684630	10016
chr19	19674614	19874614	harbor1	chr19	19756320	19756509	LTR/ERVL-MaLR	2601	-	94	19756414	81800
chr19	19674614	19874614	harbor1	chr19	19756816	19757050	LTR/ERVL-MaLR	2601	-	117	19756933	82319
chr19	19674614	19874614	harbor1	chr19	19757053	19757108	LTR/ERVL-MaLR	4694	-	28	19757081	82467
chr19	19674614	19874614	harbor1	chr19	19757431	19758126	LTR/ERVL-MaLR	4694	-	348	19757779	83165
chr19	19674614	19874614	harbor1	chr19	19763464	19763745	LTR/ERVL-MaLR	880	-	140	19763604	88990
chr19	19674614	19874614	harbor1	chr19	19764059	19764168	LTR/ERVL-MaLR	880	-	54	19764113	89499
chr19	19674614	19874614	harbor1	chr19	19772868	19773043	LTR/ERVL-MaLR	1057	-	88	19772956	98342
chr19	19674614	19874614	harbor1	chr19	19773353	19773403	LTR/ERVL-MaLR	1057	-	25	19773378	98764
chr19	19674614	19874614	harbor1	chr19	19773724	19773859	LTR/ERVL-MaLR	1057	-	68	19773792	99178
chr19	5486689	5686689	harbor1	chr19	5502440	5502709	LTR/ERVL-MaLR	915	-	134	5502574	15885
chr19	5486689	5686689	harbor1	chr19	5514146	5514505	LTR/ERVL-MaLR	808	-	180	5514326	27637
chr19	5486689	5686689	harbor1	chr19	5516354	5516565	LTR/ERVL-MaLR	868	-	106	5516460	29771
chr19	1452484	1652484	harbor1	chr19	1547409	1547729	LTR/ERVL-MaLR	1502	-	160	1547569	95085
chr19	48094850	48294850	harbor1	chr19	48179786	48180013	LTR/ERVL-MaLR	1623	-	114	48179900	85050
chr19	48094850	48294850	harbor1	chr19	48180316	48180710	LTR/ERVL-MaLR	1623	-	197	48180513	85663
chr19	48094850	48294850	harbor1	chr19	48190313	48190688	LTR/ERVL-MaLR	967	-	188	48190501	95651
chr19	49751358	49951358	harbor1	chr19	49790026	49790425	LTR/ERVL-MaLR	1679	-	200	49790226	38868
chr19	49751358	49951358	harbor1	chr19	49820950	49821287	LTR/ERVL-MaLR	1154	-	168	49821118	69760
chr19	49751358	49951358	harbor1	chr19	49822572	49822640	LTR/ERVL-MaLR	1154	-	34	49822606	71248
chr19	49751358	49951358	harbor1	chr19	49823257	49823388	LTR/ERVL-MaLR	1154	-	66	49823323	71965
chr19	49751358	49951358	harbor1	chr19	49827318	49827730	LTR/ERVL-MaLR	1189	-	206	49827524	76166
chr19	49751358	49951358	harbor1	chr19	49832694	49833103	LTR/ERVL-MaLR	1024	-	204	49832898	81540
chr19	49751358	49951358	harbor1	chr19	49844246	49844614	LTR/ERVL-MaLR	2005	-	184	49844430	93072
chr19	49751358	49951358	harbor1	chr19	49844921	49845107	LTR/ERVL-MaLR	2005	-	93	49845014	93656
chr19	3885261	4085261	harbor1	chr19	3913884	3913954	LTR/ERVL-MaLR	1974	-	35	3913919	28658
chr19	3885261	4085261	harbor1	chr19	3914251	3914524	LTR/ERVL-MaLR	1974	-	136	3914387	29126
chr19	3885261	4085261	harbor1	chr19	3922231	3922584	LTR/ERVL-MaLR	2473	-	176	3922407	37146
chr19	10735518	10935518	harbor1	chr19	10770536	10770910	LTR/ERVL-MaLR	2293	-	187	10770723	35205
chr19	10735518	10935518	harbor1	chr19	10791389	10791543	LTR/ERVL-MaLR	663	-	77	10791466	55948
chr19	19675861	19875861	harbor1	chr19	19683861	19684207	LTR/ERVL-MaLR	1841	-	173	19684034	8173
chr19	19675861	19875861	harbor1	chr19	19684515	19684565	LTR/ERVL-MaLR	1841	-	25	19684540	8679
chr19	19675861	19875861	harbor1	chr19	19684568	19684693	LTR/ERVL-MaLR	658	-	62	19684630	8769
chr19	19675861	19875861	harbor1	chr19	19756320	19756509	LTR/ERVL-MaLR	2601	-	94	19756414	80553
chr19	19675861	19875861	harbor1	chr19	19756816	19757050	LTR/ERVL-MaLR	2601	-	117	19756933	81072
chr19	19675861	19875861	harbor1	chr19	19757053	19757108	LTR/ERVL-MaLR	4694	-	28	19757081	81220
chr19	19675861	19875861	harbor1	chr19	19757431	19758126	LTR/ERVL-MaLR	4694	-	348	19757779	81918
chr19	19675861	19875861	harbor1	chr19	19763464	19763745	LTR/ERVL-MaLR	880	-	140	19763604	87743
chr19	19675861	19875861	harbor1	chr19	19764059	19764168	LTR/ERVL-MaLR	880	-	54	19764113	88252
chr19	19675861	19875861	harbor1	chr19	19772868	19773043	LTR/ERVL-MaLR	1057	-	88	19772956	97095
chr19	19675861	19875861	harbor1	chr19	19773353	19773403	LTR/ERVL-MaLR	1057	-	25	19773378	97517
chr19	19675861	19875861	harbor1	chr19	19773724	19773859	LTR/ERVL-MaLR	1057	-	68	19773792	97931
chr19	41650420	41850420	harbor1	chr19	41663184	41663495	LTR/ERVL-MaLR	1619	-	156	41663340	12920
chr19	41650420	41850420	harbor1	chr19	41663496	41663907	LTR/ERVL-MaLR	3179	-	206	41663702	13282
chr19	41650420	41850420	harbor1	chr19	41663907	41664182	LTR/ERVL-MaLR	1473	-	138	41664045	13625
chr19	41650420	41850420	harbor1	chr19	41732456	41732669	LTR/ERVL-MaLR	1123	-	106	41732562	82142
chr19	2356934	2556934	harbor1	chr19	2366407	2366575	LTR/ERVL-MaLR	2489	-	84	2366491	9557
chr19	2356934	2556934	harbor1	chr19	2366879	2367244	LTR/ERVL-MaLR	2489	-	182	2367061	10127
chr19	2356934	2556934	harbor1	chr19	2369749	2369916	LTR/ERVL-MaLR	702	-	84	2369833	12899
chr19	2356934	2556934	harbor1	chr19	2376067	2376430	LTR/ERVL-MaLR	1233	-	182	2376249	19315
chr19	2356934	2556934	harbor1	chr19	2378396	2378437	LTR/ERVL-MaLR	2471	-	20	2378416	21482
chr19	2356934	2556934	harbor1	chr19	2378727	2379068	LTR/ERVL-MaLR	2471	-	170	2378897	21963
chr19	9986298	10186298	harbor1	chr19	10074259	10074454	LTR/ERVL-MaLR	843	-	98	10074357	88059
chr19	3885621	4085621	harbor1	chr19	3913884	3913954	LTR/ERVL-MaLR	1974	-	35	3913919	28298
chr19	3885621	4085621	harbor1	chr19	3914251	3914524	LTR/ERVL-MaLR	1974	-	136	3914387	28766
chr19	3885621	4085621	harbor1	chr19	3922231	3922584	LTR/ERVL-MaLR	2473	-	176	3922407	36786
chr19	1505429	1705429	harbor1	chr19	1547409	1547729	LTR/ERVL-MaLR	1502	-	160	1547569	42140
chr19	1505429	1705429	harbor1	chr19	1571362	1571790	LTR/ERVL-MaLR	735	-	214	1571576	66147
chr19	49751409	49951409	harbor1	chr19	49790026	49790425	LTR/ERVL-MaLR	1679	-	200	49790226	38817
chr19	49751409	49951409	harbor1	chr19	49820950	49821287	LTR/ERVL-MaLR	1154	-	168	49821118	69709
chr19	49751409	49951409	harbor1	chr19	49822572	49822640	LTR/ERVL-MaLR	1154	-	34	49822606	71197
chr19	49751409	49951409	harbor1	chr19	49823257	49823388	LTR/ERVL-MaLR	1154	-	66	49823323	71914
chr19	49751409	49951409	harbor1	chr19	49827318	49827730	LTR/ERVL-MaLR	1189	-	206	49827524	76115
chr19	49751409	49951409	harbor1	chr19	49832694	49833103	LTR/ERVL-MaLR	1024	-	204	49832898	81489
chr19	49751409	49951409	harbor1	chr19	49844246	49844614	LTR/ERVL-MaLR	2005	-	184	49844430	93021
chr19	49751409	49951409	harbor1	chr19	49844921	49845107	LTR/ERVL-MaLR	2005	-	93	49845014	93605
chr19	44518410	44718410	harbor1	chr19	44534728	44535146	LTR/ERVL-MaLR	2349	-	209	44534937	16527
chr19	44518410	44718410	harbor1	chr19	44535302	44535427	LTR/ERVL-MaLR	2349	-	62	44535364	16954
chr19	44518410	44718410	harbor1	chr19	44535428	44535770	LTR/ERVL-MaLR	2092	-	171	44535599	17189
chr19	44518410	44718410	harbor1	chr19	44535771	44535830	LTR/ERVL-MaLR	2349	-	30	44535801	17391
chr19	44518410	44718410	harbor1	chr19	44574274	44574506	LTR/ERVL-MaLR	1009	-	116	44574390	55980
chr19	44518410	44718410	harbor1	chr19	44598359	44598799	LTR/ERVL-MaLR	1607	-	220	44598579	80169
chr19	44518410	44718410	harbor1	chr19	44605327	44605582	LTR/ERVL-MaLR	725	-	128	44605455	87045
chr19	44518410	44718410	harbor1	chr19	44611107	44611418	LTR/ERVL-MaLR	1235	-	156	44611263	92853
chr19	44518410	44718410	harbor1	chr19	44611736	44611904	LTR/ERVL-MaLR	1112	-	84	44611820	93410
chr19	49288353	49488353	harbor1	chr19	49328113	49328466	LTR/ERVL-MaLR	2314	-	176	49328289	39936
chr19	49288353	49488353	harbor1	chr19	49330999	49331180	LTR/ERVL-MaLR	740	-	90	49331089	42736
chr19	49288353	49488353	harbor1	chr19	49331653	49331864	LTR/ERVL-MaLR	677	-	106	49331759	43406
chr19	49288353	49488353	harbor1	chr19	49332576	49332735	LTR/ERVL-MaLR	1247	-	80	49332656	44303
chr19	49288353	49488353	harbor1	chr19	49373324	49373462	LTR/ERVL-MaLR	800	-	69	49373393	85040
chr19	49288353	49488353	harbor1	chr19	49375691	49376217	LTR/ERVL-MaLR	1520	-	263	49375954	87601
chr19	49288353	49488353	harbor1	chr19	49331979	49332275	LTR/ERVL-MaLR	1247	-	148	49332127	43774
chr19	7812837	8012837	harbor1	chr19	7817726	7818263	LTR/ERVL-MaLR	1706	-	268	7817994	5157
chr19	7812837	8012837	harbor1	chr19	7818996	7819191	LTR/ERVL-MaLR	769	-	98	7819094	6257
chr19	7812837	8012837	harbor1	chr19	7897667	7897898	LTR/ERVL-MaLR	1005	-	116	7897783	84946
chr19	7812837	8012837	harbor1	chr19	7896951	7897160	LTR/ERVL-MaLR	1005	-	104	7897055	84218
chr19	19648289	19848289	harbor1	chr19	19683861	19684207	LTR/ERVL-MaLR	1841	-	173	19684034	35745
chr19	19648289	19848289	harbor1	chr19	19684515	19684565	LTR/ERVL-MaLR	1841	-	25	19684540	36251
chr19	19648289	19848289	harbor1	chr19	19684568	19684693	LTR/ERVL-MaLR	658	-	62	19684630	36341
chr19	10043853	10243853	harbor1	chr19	10074259	10074454	LTR/ERVL-MaLR	843	-	98	10074357	30504
chr19	10043853	10243853	harbor1	chr19	10124553	10124789	LTR/ERVL-MaLR	1420	-	118	10124671	80818
chr19	10043853	10243853	harbor1	chr19	10125103	10125132	LTR/ERVL-MaLR	1420	-	14	10125117	81264
chr19	11878930	12078930	harbor1	chr19	11896369	11896742	LTR/ERVL-MaLR	1204	-	186	11896555	17625
chr19	11878930	12078930	harbor1	chr19	11931145	11931518	LTR/ERVL-MaLR	1280	-	186	11931331	52401
chr19	11878930	12078930	harbor1	chr19	11971084	11971457	LTR/ERVL-MaLR	1263	-	186	11971270	92340
chr19	19675825	19875825	harbor1	chr19	19683861	19684207	LTR/ERVL-MaLR	1841	-	173	19684034	8209
chr19	19675825	19875825	harbor1	chr19	19684515	19684565	LTR/ERVL-MaLR	1841	-	25	19684540	8715
chr19	19675825	19875825	harbor1	chr19	19684568	19684693	LTR/ERVL-MaLR	658	-	62	19684630	8805
chr19	19675825	19875825	harbor1	chr19	19756320	19756509	LTR/ERVL-MaLR	2601	-	94	19756414	80589
chr19	19675825	19875825	harbor1	chr19	19756816	19757050	LTR/ERVL-MaLR	2601	-	117	19756933	81108
chr19	19675825	19875825	harbor1	chr19	19757053	19757108	LTR/ERVL-MaLR	4694	-	28	19757081	81256
chr19	19675825	19875825	harbor1	chr19	19757431	19758126	LTR/ERVL-MaLR	4694	-	348	19757779	81954
chr19	19675825	19875825	harbor1	chr19	19763464	19763745	LTR/ERVL-MaLR	880	-	140	19763604	87779
chr19	19675825	19875825	harbor1	chr19	19764059	19764168	LTR/ERVL-MaLR	880	-	54	19764113	88288
chr19	19675825	19875825	harbor1	chr19	19772868	19773043	LTR/ERVL-MaLR	1057	-	88	19772956	97131
chr19	19675825	19875825	harbor1	chr19	19773353	19773403	LTR/ERVL-MaLR	1057	-	25	19773378	97553
chr19	19675825	19875825	harbor1	chr19	19773724	19773859	LTR/ERVL-MaLR	1057	-	68	19773792	97967
chr19	55575001	55775001	harbor1	chr19	55638007	55638231	LTR/ERVL-MaLR	2264	-	112	55638119	63118
chr19	55575001	55775001	harbor1	chr19	55638535	55638706	LTR/ERVL-MaLR	2264	-	86	55638621	63620
chr19	55575001	55775001	harbor1	chr19	55639036	55639068	LTR/ERVL-MaLR	2264	-	16	55639052	64051
chr19	9575315	9775315	harbor1	chr19	9644498	9644881	LTR/ERVL-MaLR	1340	-	192	9644690	69375
chr19	35529181	35729181	harbor1	chr19	35584792	35585360	LTR/ERVL-MaLR	2573	-	284	35585076	55895
chr19	35529181	35729181	harbor1	chr19	35605976	35606346	LTR/ERVL-MaLR	2555	-	185	35606161	76980
chr19	45692946	45892946	harbor1	chr19	45738919	45739147	LTR/ERVL-MaLR	1494	-	114	45739033	46087
chr19	45692946	45892946	harbor1	chr19	45739452	45739778	LTR/ERVL-MaLR	1494	-	163	45739615	46669
chr19	45692946	45892946	harbor1	chr19	45745872	45745926	LTR/ERVL-MaLR	1508	-	27	45745899	52953
chr19	45692946	45892946	harbor1	chr19	45746267	45746566	LTR/ERVL-MaLR	1508	-	150	45746417	53471
chr19	45692946	45892946	harbor1	chr19	45746843	45746965	LTR/ERVL-MaLR	1508	-	61	45746904	53958
chr19	1645781	1845781	harbor1	chr19	1693180	1693390	LTR/ERVL-MaLR	851	-	105	1693285	47504
chr19	1645781	1845781	harbor1	chr19	1693682	1693876	LTR/ERVL-MaLR	804	-	97	1693779	47998
chr19	1645781	1845781	harbor1	chr19	1704723	1704811	LTR/ERVL-MaLR	1634	-	44	1704767	58986
chr19	1645781	1845781	harbor1	chr19	1705108	1705416	LTR/ERVL-MaLR	1634	-	154	1705262	59481
chr19	1645781	1845781	harbor1	chr19	1707659	1707726	LTR/ERVL-MaLR	2008	-	34	1707693	61912
chr19	1645781	1845781	harbor1	chr19	1708052	1708441	LTR/ERVL-MaLR	2008	-	194	1708246	62465
chr19	1645781	1845781	harbor1	chr19	1740150	1740388	LTR/ERVL-MaLR	704	-	119	1740269	94488
chr19	4570478	4770478	harbor1	chr19	4628948	4629089	LTR/ERVL-MaLR	1072	-	70	4629018	58540
chr19	4570478	4770478	harbor1	chr19	4629739	4629938	LTR/ERVL-MaLR	1072	-	100	4629839	59361
chr19	4570478	4770478	harbor1	chr19	4631920	4632209	LTR/ERVL-MaLR	1479	-	144	4632064	61586
chr19	4570478	4770478	harbor1	chr19	4666897	4667117	LTR/ERVL-MaLR	829	-	110	4667007	96529
chr19	18894675	19094675	harbor1	chr19	18909253	18909512	LTR/ERVL-MaLR	1201	-	130	18909383	14708
chr19	18894675	19094675	harbor1	chr19	18909813	18909993	LTR/ERVL-MaLR	1201	-	90	18909903	15228
chr19	19676735	19876735	harbor1	chr19	19683861	19684207	LTR/ERVL-MaLR	1841	-	173	19684034	7299
chr19	19676735	19876735	harbor1	chr19	19684515	19684565	LTR/ERVL-MaLR	1841	-	25	19684540	7805
chr19	19676735	19876735	harbor1	chr19	19684568	19684693	LTR/ERVL-MaLR	658	-	62	19684630	7895
chr19	19676735	19876735	harbor1	chr19	19756320	19756509	LTR/ERVL-MaLR	2601	-	94	19756414	79679
chr19	19676735	19876735	harbor1	chr19	19756816	19757050	LTR/ERVL-MaLR	2601	-	117	19756933	80198
chr19	19676735	19876735	harbor1	chr19	19757053	19757108	LTR/ERVL-MaLR	4694	-	28	19757081	80346
chr19	19676735	19876735	harbor1	chr19	19757431	19758126	LTR/ERVL-MaLR	4694	-	348	19757779	81044
chr19	19676735	19876735	harbor1	chr19	19763464	19763745	LTR/ERVL-MaLR	880	-	140	19763604	86869
chr19	19676735	19876735	harbor1	chr19	19764059	19764168	LTR/ERVL-MaLR	880	-	54	19764113	87378
chr19	19676735	19876735	harbor1	chr19	19772868	19773043	LTR/ERVL-MaLR	1057	-	88	19772956	96221
chr19	19676735	19876735	harbor1	chr19	19773353	19773403	LTR/ERVL-MaLR	1057	-	25	19773378	96643
chr19	19676735	19876735	harbor1	chr19	19773724	19773859	LTR/ERVL-MaLR	1057	-	68	19773792	97057
chr19	15091758	15291758	harbor1	chr19	15098393	15098684	LTR/ERVL-MaLR	1543	-	146	15098539	6781
chr19	15091758	15291758	harbor1	chr19	15127523	15127792	LTR/ERVL-MaLR	942	-	134	15127657	35899
chr19	15091758	15291758	harbor1	chr19	15128096	15128273	LTR/ERVL-MaLR	942	-	88	15128184	36426
chr19	15091758	15291758	harbor1	chr19	15137253	15137434	LTR/ERVL-MaLR	1205	-	90	15137343	45585
chr19	15091758	15291758	harbor1	chr19	15137630	15138095	LTR/ERVL-MaLR	1129	-	232	15137862	46104
chr19	19675790	19875790	harbor1	chr19	19683861	19684207	LTR/ERVL-MaLR	1841	-	173	19684034	8244
chr19	19675790	19875790	harbor1	chr19	19684515	19684565	LTR/ERVL-MaLR	1841	-	25	19684540	8750
chr19	19675790	19875790	harbor1	chr19	19684568	19684693	LTR/ERVL-MaLR	658	-	62	19684630	8840
chr19	19675790	19875790	harbor1	chr19	19756320	19756509	LTR/ERVL-MaLR	2601	-	94	19756414	80624
chr19	19675790	19875790	harbor1	chr19	19756816	19757050	LTR/ERVL-MaLR	2601	-	117	19756933	81143
chr19	19675790	19875790	harbor1	chr19	19757053	19757108	LTR/ERVL-MaLR	4694	-	28	19757081	81291
chr19	19675790	19875790	harbor1	chr19	19757431	19758126	LTR/ERVL-MaLR	4694	-	348	19757779	81989
chr19	19675790	19875790	harbor1	chr19	19763464	19763745	LTR/ERVL-MaLR	880	-	140	19763604	87814
chr19	19675790	19875790	harbor1	chr19	19764059	19764168	LTR/ERVL-MaLR	880	-	54	19764113	88323
chr19	19675790	19875790	harbor1	chr19	19772868	19773043	LTR/ERVL-MaLR	1057	-	88	19772956	97166
chr19	19675790	19875790	harbor1	chr19	19773353	19773403	LTR/ERVL-MaLR	1057	-	25	19773378	97588
chr19	19675790	19875790	harbor1	chr19	19773724	19773859	LTR/ERVL-MaLR	1057	-	68	19773792	98002
chr19	7434223	7634223	harbor1	chr19	7442683	7442892	LTR/ERVL-MaLR	1413	-	104	7442787	8564
chr19	7434223	7634223	harbor1	chr19	7443501	7443657	LTR/ERVL-MaLR	1413	-	78	7443579	9356
chr19	7434223	7634223	harbor1	chr19	7455647	7456005	LTR/ERVL-MaLR	2287	-	179	7455826	21603
chr19	7434223	7634223	harbor1	chr19	7457056	7457353	LTR/ERVL-MaLR	1800	-	148	7457204	22981
chr19	7434223	7634223	harbor1	chr19	7457660	7457764	LTR/ERVL-MaLR	1800	-	52	7457712	23489
chr19	9986300	10186300	harbor1	chr19	10074259	10074454	LTR/ERVL-MaLR	843	-	98	10074357	88057
chr19	1505430	1705430	harbor1	chr19	1547409	1547729	LTR/ERVL-MaLR	1502	-	160	1547569	42139
chr19	1505430	1705430	harbor1	chr19	1571362	1571790	LTR/ERVL-MaLR	735	-	214	1571576	66146
chr19	49751330	49951330	harbor1	chr19	49790026	49790425	LTR/ERVL-MaLR	1679	-	200	49790226	38896
chr19	49751330	49951330	harbor1	chr19	49820950	49821287	LTR/ERVL-MaLR	1154	-	168	49821118	69788
chr19	49751330	49951330	harbor1	chr19	49822572	49822640	LTR/ERVL-MaLR	1154	-	34	49822606	71276
chr19	49751330	49951330	harbor1	chr19	49823257	49823388	LTR/ERVL-MaLR	1154	-	66	49823323	71993
chr19	49751330	49951330	harbor1	chr19	49827318	49827730	LTR/ERVL-MaLR	1189	-	206	49827524	76194
chr19	49751330	49951330	harbor1	chr19	49832694	49833103	LTR/ERVL-MaLR	1024	-	204	49832898	81568
chr19	49751330	49951330	harbor1	chr19	49844246	49844614	LTR/ERVL-MaLR	2005	-	184	49844430	93100
chr19	49751330	49951330	harbor1	chr19	49844921	49845107	LTR/ERVL-MaLR	2005	-	93	49845014	93684
chr19	10618545	10818545	harbor1	chr19	10714274	10714696	LTR/ERVL-MaLR	1682	-	211	10714485	95940
chr19	771496	971496	harbor1	chr19	789226	789512	LTR/ERVL-MaLR	652	-	143	789369	17873
chr19	49751380	49951380	harbor1	chr19	49790026	49790425	LTR/ERVL-MaLR	1679	-	200	49790226	38846
chr19	49751380	49951380	harbor1	chr19	49820950	49821287	LTR/ERVL-MaLR	1154	-	168	49821118	69738
chr19	49751380	49951380	harbor1	chr19	49822572	49822640	LTR/ERVL-MaLR	1154	-	34	49822606	71226
chr19	49751380	49951380	harbor1	chr19	49823257	49823388	LTR/ERVL-MaLR	1154	-	66	49823323	71943
chr19	49751380	49951380	harbor1	chr19	49827318	49827730	LTR/ERVL-MaLR	1189	-	206	49827524	76144
chr19	49751380	49951380	harbor1	chr19	49832694	49833103	LTR/ERVL-MaLR	1024	-	204	49832898	81518
chr19	49751380	49951380	harbor1	chr19	49844246	49844614	LTR/ERVL-MaLR	2005	-	184	49844430	93050
chr19	49751380	49951380	harbor1	chr19	49844921	49845107	LTR/ERVL-MaLR	2005	-	93	49845014	93634
chr19	18323630	18523630	harbor1	chr19	18323760	18324061	LTR/ERVL-MaLR	1006	-	150	18323910	280
chr19	18323630	18523630	harbor1	chr19	18324199	18324301	LTR/ERVL-MaLR	1006	-	51	18324250	620
chr19	18323630	18523630	harbor1	chr19	18324599	18324612	LTR/ERVL-MaLR	1006	-	6	18324605	975
chr19	18323630	18523630	harbor1	chr19	18357926	18358253	LTR/ERVL-MaLR	1716	-	164	18358090	34460
chr19	18323630	18523630	harbor1	chr19	18358560	18358619	LTR/ERVL-MaLR	1716	-	30	18358590	34960
chr19	18323630	18523630	harbor1	chr19	18401738	18401928	LTR/ERVL-MaLR	829	-	95	18401833	78203
chr19	1350382	1550382	harbor1	chr19	1386247	1386499	LTR/ERVL-MaLR	1510	-	126	1386373	35991
chr19	1350382	1550382	harbor1	chr19	1386795	1386899	LTR/ERVL-MaLR	1510	-	52	1386847	36465
chr19	767473	967473	harbor1	chr19	789226	789512	LTR/ERVL-MaLR	652	-	143	789369	21896
chr19	3287910	3487910	harbor1	chr19	3302712	3303065	LTR/ERVL-MaLR	1205	-	176	3302888	14978
chr19	3287910	3487910	harbor1	chr19	3331285	3331582	LTR/ERVL-MaLR	1904	-	148	3331433	43523
chr19	3287910	3487910	harbor1	chr19	3331882	3332008	LTR/ERVL-MaLR	1904	-	63	3331945	44035
chr19	3287910	3487910	harbor1	chr19	3333735	3333915	LTR/ERVL-MaLR	919	-	90	3333825	45915
chr19	559301	759301	harbor1	chr19	610794	611222	LTR/ERVL-MaLR	1064	-	214	611008	51707
chr19	19675998	19875998	harbor1	chr19	19683861	19684207	LTR/ERVL-MaLR	1841	-	173	19684034	8036
chr19	19675998	19875998	harbor1	chr19	19684515	19684565	LTR/ERVL-MaLR	1841	-	25	19684540	8542
chr19	19675998	19875998	harbor1	chr19	19684568	19684693	LTR/ERVL-MaLR	658	-	62	19684630	8632
chr19	19675998	19875998	harbor1	chr19	19756320	19756509	LTR/ERVL-MaLR	2601	-	94	19756414	80416
chr19	19675998	19875998	harbor1	chr19	19756816	19757050	LTR/ERVL-MaLR	2601	-	117	19756933	80935
chr19	19675998	19875998	harbor1	chr19	19757053	19757108	LTR/ERVL-MaLR	4694	-	28	19757081	81083
chr19	19675998	19875998	harbor1	chr19	19757431	19758126	LTR/ERVL-MaLR	4694	-	348	19757779	81781
chr19	19675998	19875998	harbor1	chr19	19763464	19763745	LTR/ERVL-MaLR	880	-	140	19763604	87606
chr19	19675998	19875998	harbor1	chr19	19764059	19764168	LTR/ERVL-MaLR	880	-	54	19764113	88115
chr19	19675998	19875998	harbor1	chr19	19772868	19773043	LTR/ERVL-MaLR	1057	-	88	19772956	96958
chr19	19675998	19875998	harbor1	chr19	19773353	19773403	LTR/ERVL-MaLR	1057	-	25	19773378	97380
chr19	19675998	19875998	harbor1	chr19	19773724	19773859	LTR/ERVL-MaLR	1057	-	68	19773792	97794
chr19	48119191	48319191	harbor1	chr19	48179786	48180013	LTR/ERVL-MaLR	1623	-	114	48179900	60709
chr19	48119191	48319191	harbor1	chr19	48180316	48180710	LTR/ERVL-MaLR	1623	-	197	48180513	61322
chr19	48119191	48319191	harbor1	chr19	48190313	48190688	LTR/ERVL-MaLR	967	-	188	48190501	71310
chr19	19676646	19876646	harbor1	chr19	19683861	19684207	LTR/ERVL-MaLR	1841	-	173	19684034	7388
chr19	19676646	19876646	harbor1	chr19	19684515	19684565	LTR/ERVL-MaLR	1841	-	25	19684540	7894
chr19	19676646	19876646	harbor1	chr19	19684568	19684693	LTR/ERVL-MaLR	658	-	62	19684630	7984
chr19	19676646	19876646	harbor1	chr19	19756320	19756509	LTR/ERVL-MaLR	2601	-	94	19756414	79768
chr19	19676646	19876646	harbor1	chr19	19756816	19757050	LTR/ERVL-MaLR	2601	-	117	19756933	80287
chr19	19676646	19876646	harbor1	chr19	19757053	19757108	LTR/ERVL-MaLR	4694	-	28	19757081	80435
chr19	19676646	19876646	harbor1	chr19	19757431	19758126	LTR/ERVL-MaLR	4694	-	348	19757779	81133
chr19	19676646	19876646	harbor1	chr19	19763464	19763745	LTR/ERVL-MaLR	880	-	140	19763604	86958
chr19	19676646	19876646	harbor1	chr19	19764059	19764168	LTR/ERVL-MaLR	880	-	54	19764113	87467
chr19	19676646	19876646	harbor1	chr19	19772868	19773043	LTR/ERVL-MaLR	1057	-	88	19772956	96310
chr19	19676646	19876646	harbor1	chr19	19773353	19773403	LTR/ERVL-MaLR	1057	-	25	19773378	96732
chr19	19676646	19876646	harbor1	chr19	19773724	19773859	LTR/ERVL-MaLR	1057	-	68	19773792	97146
chr19	10618552	10818552	harbor1	chr19	10714274	10714696	LTR/ERVL-MaLR	1682	-	211	10714485	95933
chr19	10234879	10434879	harbor1	chr19	10262784	10263087	LTR/ERVL-MaLR	1144	-	152	10262936	28057
chr19	10618444	10818444	harbor1	chr19	10714274	10714696	LTR/ERVL-MaLR	1682	-	211	10714485	96041
chr19	10710158	10910158	harbor1	chr19	10714274	10714696	LTR/ERVL-MaLR	1682	-	211	10714485	4327
chr19	10710158	10910158	harbor1	chr19	10770536	10770910	LTR/ERVL-MaLR	2293	-	187	10770723	60565
chr19	10710158	10910158	harbor1	chr19	10791389	10791543	LTR/ERVL-MaLR	663	-	77	10791466	81308
chr19	33076653	33276653	harbor1	chr19	33157792	33158056	LTR/ERVL-MaLR	959	-	132	33157924	81271
chr19	19676600	19876600	harbor1	chr19	19683861	19684207	LTR/ERVL-MaLR	1841	-	173	19684034	7434
chr19	19676600	19876600	harbor1	chr19	19684515	19684565	LTR/ERVL-MaLR	1841	-	25	19684540	7940
chr19	19676600	19876600	harbor1	chr19	19684568	19684693	LTR/ERVL-MaLR	658	-	62	19684630	8030
chr19	19676600	19876600	harbor1	chr19	19756320	19756509	LTR/ERVL-MaLR	2601	-	94	19756414	79814
chr19	19676600	19876600	harbor1	chr19	19756816	19757050	LTR/ERVL-MaLR	2601	-	117	19756933	80333
chr19	19676600	19876600	harbor1	chr19	19757053	19757108	LTR/ERVL-MaLR	4694	-	28	19757081	80481
chr19	19676600	19876600	harbor1	chr19	19757431	19758126	LTR/ERVL-MaLR	4694	-	348	19757779	81179
chr19	19676600	19876600	harbor1	chr19	19763464	19763745	LTR/ERVL-MaLR	880	-	140	19763604	87004
chr19	19676600	19876600	harbor1	chr19	19764059	19764168	LTR/ERVL-MaLR	880	-	54	19764113	87513
chr19	19676600	19876600	harbor1	chr19	19772868	19773043	LTR/ERVL-MaLR	1057	-	88	19772956	96356
chr19	19676600	19876600	harbor1	chr19	19773353	19773403	LTR/ERVL-MaLR	1057	-	25	19773378	96778
chr19	19676600	19876600	harbor1	chr19	19773724	19773859	LTR/ERVL-MaLR	1057	-	68	19773792	97192
chr19	48525185	48725185	harbor1	chr19	48527139	48527321	LTR/ERVL-MaLR	1044	-	91	48527230	2045
chr19	48525185	48725185	harbor1	chr19	48527617	48527897	LTR/ERVL-MaLR	1044	-	140	48527757	2572
chr19	48525185	48725185	harbor1	chr19	48528708	48528749	LTR/ERVL-MaLR	1710	-	20	48528728	3543
chr19	48525185	48725185	harbor1	chr19	48586248	48586666	LTR/ERVL-MaLR	1132	-	209	48586457	61272
chr19	48525185	48725185	harbor1	chr19	48597947	48598149	LTR/ERVL-MaLR	1092	-	101	48598048	72863
chr19	48525185	48725185	harbor1	chr19	48529052	48529488	LTR/ERVL-MaLR	1710	-	218	48529270	4085
chr19	19676648	19876648	harbor1	chr19	19683861	19684207	LTR/ERVL-MaLR	1841	-	173	19684034	7386
chr19	19676648	19876648	harbor1	chr19	19684515	19684565	LTR/ERVL-MaLR	1841	-	25	19684540	7892
chr19	19676648	19876648	harbor1	chr19	19684568	19684693	LTR/ERVL-MaLR	658	-	62	19684630	7982
chr19	19676648	19876648	harbor1	chr19	19756320	19756509	LTR/ERVL-MaLR	2601	-	94	19756414	79766
chr19	19676648	19876648	harbor1	chr19	19756816	19757050	LTR/ERVL-MaLR	2601	-	117	19756933	80285
chr19	19676648	19876648	harbor1	chr19	19757053	19757108	LTR/ERVL-MaLR	4694	-	28	19757081	80433
chr19	19676648	19876648	harbor1	chr19	19757431	19758126	LTR/ERVL-MaLR	4694	-	348	19757779	81131
chr19	19676648	19876648	harbor1	chr19	19763464	19763745	LTR/ERVL-MaLR	880	-	140	19763604	86956
chr19	19676648	19876648	harbor1	chr19	19764059	19764168	LTR/ERVL-MaLR	880	-	54	19764113	87465
chr19	19676648	19876648	harbor1	chr19	19772868	19773043	LTR/ERVL-MaLR	1057	-	88	19772956	96308
chr19	19676648	19876648	harbor1	chr19	19773353	19773403	LTR/ERVL-MaLR	1057	-	25	19773378	96730
chr19	19676648	19876648	harbor1	chr19	19773724	19773859	LTR/ERVL-MaLR	1057	-	68	19773792	97144
chr19	1350393	1550393	harbor1	chr19	1386247	1386499	LTR/ERVL-MaLR	1510	-	126	1386373	35980
chr19	1350393	1550393	harbor1	chr19	1386795	1386899	LTR/ERVL-MaLR	1510	-	52	1386847	36454
chr19	5489582	5689582	harbor1	chr19	5502440	5502709	LTR/ERVL-MaLR	915	-	134	5502574	12992
chr19	5489582	5689582	harbor1	chr19	5514146	5514505	LTR/ERVL-MaLR	808	-	180	5514326	24744
chr19	5489582	5689582	harbor1	chr19	5516354	5516565	LTR/ERVL-MaLR	868	-	106	5516460	26878
chr19	39685943	39885943	harbor1	chr19	39772739	39773108	LTR/ERVL-MaLR	1779	-	184	39772923	86980
chr19	10617879	10817879	harbor1	chr19	10714274	10714696	LTR/ERVL-MaLR	1682	-	211	10714485	96606
chr19	19070087	19270087	harbor1	chr19	19070592	19070767	LTR/ERVL-MaLR	1516	-	88	19070680	593
chr19	19070087	19270087	harbor1	chr19	19082114	19082375	LTR/ERVL-MaLR	1760	-	130	19082244	12157
chr19	19070087	19270087	harbor1	chr19	19083245	19083439	LTR/ERVL-MaLR	1760	-	97	19083342	13255
chr19	19070087	19270087	harbor1	chr19	19102800	19103081	LTR/ERVL-MaLR	1855	-	140	19102940	32853
chr19	19070087	19270087	harbor1	chr19	19103395	19103574	LTR/ERVL-MaLR	1855	-	90	19103485	33398
chr19	49751467	49951467	harbor1	chr19	49790026	49790425	LTR/ERVL-MaLR	1679	-	200	49790226	38759
chr19	49751467	49951467	harbor1	chr19	49820950	49821287	LTR/ERVL-MaLR	1154	-	168	49821118	69651
chr19	49751467	49951467	harbor1	chr19	49822572	49822640	LTR/ERVL-MaLR	1154	-	34	49822606	71139
chr19	49751467	49951467	harbor1	chr19	49823257	49823388	LTR/ERVL-MaLR	1154	-	66	49823323	71856
chr19	49751467	49951467	harbor1	chr19	49827318	49827730	LTR/ERVL-MaLR	1189	-	206	49827524	76057
chr19	49751467	49951467	harbor1	chr19	49832694	49833103	LTR/ERVL-MaLR	1024	-	204	49832898	81431
chr19	49751467	49951467	harbor1	chr19	49844246	49844614	LTR/ERVL-MaLR	2005	-	184	49844430	92963
chr19	49751467	49951467	harbor1	chr19	49844921	49845107	LTR/ERVL-MaLR	2005	-	93	49845014	93547
chr19	35165609	35365609	harbor1	chr19	35166424	35166908	LTR/ERVL-MaLR	1940	-	242	35166666	1057
chr19	35165609	35365609	harbor1	chr19	35176532	35176652	LTR/ERVL-MaLR	1060	-	60	35176592	10983
chr19	35165609	35365609	harbor1	chr19	35177258	35177443	LTR/ERVL-MaLR	1060	-	92	35177350	11741
chr19	35165609	35365609	harbor1	chr19	35177444	35177785	LTR/ERVL-MaLR	2041	-	170	35177614	12005
chr19	35165609	35365609	harbor1	chr19	35177786	35177828	LTR/ERVL-MaLR	1060	-	21	35177807	12198
chr19	35165609	35365609	harbor1	chr19	35177902	35178123	LTR/ERVL-MaLR	649	-	110	35178012	12403
chr19	35165609	35365609	harbor1	chr19	35196782	35197113	LTR/ERVL-MaLR	2151	-	166	35196948	31339
chr19	35165609	35365609	harbor1	chr19	35197397	35197445	LTR/ERVL-MaLR	2151	-	24	35197421	31812
chr19	35165609	35365609	harbor1	chr19	35217514	35217896	LTR/ERVL-MaLR	1538	-	191	35217705	52096
chr19	35165609	35365609	harbor1	chr19	35219178	35219564	LTR/ERVL-MaLR	1250	-	193	35219371	53762
chr19	35165609	35365609	harbor1	chr19	35222922	35223514	LTR/ERVL-MaLR	1505	-	296	35223218	57609
chr19	35165609	35365609	harbor1	chr19	35233217	35233329	LTR/ERVL-MaLR	685	-	56	35233273	67664
chr19	35165609	35365609	harbor1	chr19	35233653	35234003	LTR/ERVL-MaLR	685	-	175	35233828	68219
chr19	35165609	35365609	harbor1	chr19	35235922	35236208	LTR/ERVL-MaLR	722	-	143	35236065	70456
chr19	35165609	35365609	harbor1	chr19	35236599	35236921	LTR/ERVL-MaLR	1646	-	161	35236760	71151
chr19	35165609	35365609	harbor1	chr19	35236997	35237228	LTR/ERVL-MaLR	690	-	116	35237113	71504
chr19	49751332	49951332	harbor1	chr19	49790026	49790425	LTR/ERVL-MaLR	1679	-	200	49790226	38894
chr19	49751332	49951332	harbor1	chr19	49820950	49821287	LTR/ERVL-MaLR	1154	-	168	49821118	69786
chr19	49751332	49951332	harbor1	chr19	49822572	49822640	LTR/ERVL-MaLR	1154	-	34	49822606	71274
chr19	49751332	49951332	harbor1	chr19	49823257	49823388	LTR/ERVL-MaLR	1154	-	66	49823323	71991
chr19	49751332	49951332	harbor1	chr19	49827318	49827730	LTR/ERVL-MaLR	1189	-	206	49827524	76192
chr19	49751332	49951332	harbor1	chr19	49832694	49833103	LTR/ERVL-MaLR	1024	-	204	49832898	81566
chr19	49751332	49951332	harbor1	chr19	49844246	49844614	LTR/ERVL-MaLR	2005	-	184	49844430	93098
chr19	49751332	49951332	harbor1	chr19	49844921	49845107	LTR/ERVL-MaLR	2005	-	93	49845014	93682
chr19	10234394	10434394	harbor1	chr19	10262784	10263087	LTR/ERVL-MaLR	1144	-	152	10262936	28542
chr19	697422	897422	harbor1	chr19	756127	756796	LTR/ERVL-MaLR	702	-	334	756461	59039
chr19	697422	897422	harbor1	chr19	789226	789512	LTR/ERVL-MaLR	652	-	143	789369	91947
chr19	10618447	10818447	harbor1	chr19	10714274	10714696	LTR/ERVL-MaLR	1682	-	211	10714485	96038
chr19	1033723	1233723	harbor1	chr19	1084763	1084803	LTR/ERVL-MaLR	2024	-	20	1084783	51060
chr19	1033723	1233723	harbor1	chr19	1085091	1085420	LTR/ERVL-MaLR	2024	-	164	1085255	51532
chr19	48525114	48725114	harbor1	chr19	48527139	48527321	LTR/ERVL-MaLR	1044	-	91	48527230	2116
chr19	48525114	48725114	harbor1	chr19	48527617	48527897	LTR/ERVL-MaLR	1044	-	140	48527757	2643
chr19	48525114	48725114	harbor1	chr19	48528708	48528749	LTR/ERVL-MaLR	1710	-	20	48528728	3614
chr19	48525114	48725114	harbor1	chr19	48586248	48586666	LTR/ERVL-MaLR	1132	-	209	48586457	61343
chr19	48525114	48725114	harbor1	chr19	48597947	48598149	LTR/ERVL-MaLR	1092	-	101	48598048	72934
chr19	48525114	48725114	harbor1	chr19	48529052	48529488	LTR/ERVL-MaLR	1710	-	218	48529270	4156
chr19	19676660	19876660	harbor1	chr19	19683861	19684207	LTR/ERVL-MaLR	1841	-	173	19684034	7374
chr19	19676660	19876660	harbor1	chr19	19684515	19684565	LTR/ERVL-MaLR	1841	-	25	19684540	7880
chr19	19676660	19876660	harbor1	chr19	19684568	19684693	LTR/ERVL-MaLR	658	-	62	19684630	7970
chr19	19676660	19876660	harbor1	chr19	19756320	19756509	LTR/ERVL-MaLR	2601	-	94	19756414	79754
chr19	19676660	19876660	harbor1	chr19	19756816	19757050	LTR/ERVL-MaLR	2601	-	117	19756933	80273
chr19	19676660	19876660	harbor1	chr19	19757053	19757108	LTR/ERVL-MaLR	4694	-	28	19757081	80421
chr19	19676660	19876660	harbor1	chr19	19757431	19758126	LTR/ERVL-MaLR	4694	-	348	19757779	81119
chr19	19676660	19876660	harbor1	chr19	19763464	19763745	LTR/ERVL-MaLR	880	-	140	19763604	86944
chr19	19676660	19876660	harbor1	chr19	19764059	19764168	LTR/ERVL-MaLR	880	-	54	19764113	87453
chr19	19676660	19876660	harbor1	chr19	19772868	19773043	LTR/ERVL-MaLR	1057	-	88	19772956	96296
chr19	19676660	19876660	harbor1	chr19	19773353	19773403	LTR/ERVL-MaLR	1057	-	25	19773378	96718
chr19	19676660	19876660	harbor1	chr19	19773724	19773859	LTR/ERVL-MaLR	1057	-	68	19773792	97132
chr19	10618466	10818466	harbor1	chr19	10714274	10714696	LTR/ERVL-MaLR	1682	-	211	10714485	96019
chr19	1371013	1571013	harbor1	chr19	1386247	1386499	LTR/ERVL-MaLR	1510	-	126	1386373	15360
chr19	1371013	1571013	harbor1	chr19	1386795	1386899	LTR/ERVL-MaLR	1510	-	52	1386847	15834
chr19	6729031	6929031	harbor1	chr19	6782547	6782597	LTR/ERVL-MaLR	751	-	25	6782572	53541
chr19	6729031	6929031	harbor1	chr19	6783208	6783470	LTR/ERVL-MaLR	751	-	131	6783339	54308
chr19	6729031	6929031	harbor1	chr19	6783768	6783897	LTR/ERVL-MaLR	751	-	64	6783832	54801
chr19	6729031	6929031	harbor1	chr19	6790353	6790540	LTR/ERVL-MaLR	675	-	94	6790447	61416
chr19	6729031	6929031	harbor1	chr19	6794734	6795133	LTR/ERVL-MaLR	1296	-	200	6794934	65903
chr19	6729031	6929031	harbor1	chr19	6813030	6813534	LTR/ERVL-MaLR	1742	-	252	6813282	84251
chr19	10235246	10435246	harbor1	chr19	10262784	10263087	LTR/ERVL-MaLR	1144	-	152	10262936	27690
chr19	39302722	39502722	harbor1	chr19	39347001	39347306	LTR/ERVL-MaLR	954	-	152	39347153	44431
chr19	39302722	39502722	harbor1	chr19	39351513	39351886	LTR/ERVL-MaLR	920	-	186	39351699	48977
chr19	7816806	8016806	harbor1	chr19	7817726	7818263	LTR/ERVL-MaLR	1706	-	268	7817994	1188
chr19	7816806	8016806	harbor1	chr19	7818996	7819191	LTR/ERVL-MaLR	769	-	98	7819094	2288
chr19	7816806	8016806	harbor1	chr19	7897667	7897898	LTR/ERVL-MaLR	1005	-	116	7897783	80977
chr19	7816806	8016806	harbor1	chr19	7896951	7897160	LTR/ERVL-MaLR	1005	-	104	7897055	80249
chr19	19676559	19876559	harbor1	chr19	19683861	19684207	LTR/ERVL-MaLR	1841	-	173	19684034	7475
chr19	19676559	19876559	harbor1	chr19	19684515	19684565	LTR/ERVL-MaLR	1841	-	25	19684540	7981
chr19	19676559	19876559	harbor1	chr19	19684568	19684693	LTR/ERVL-MaLR	658	-	62	19684630	8071
chr19	19676559	19876559	harbor1	chr19	19756320	19756509	LTR/ERVL-MaLR	2601	-	94	19756414	79855
chr19	19676559	19876559	harbor1	chr19	19756816	19757050	LTR/ERVL-MaLR	2601	-	117	19756933	80374
chr19	19676559	19876559	harbor1	chr19	19757053	19757108	LTR/ERVL-MaLR	4694	-	28	19757081	80522
chr19	19676559	19876559	harbor1	chr19	19757431	19758126	LTR/ERVL-MaLR	4694	-	348	19757779	81220
chr19	19676559	19876559	harbor1	chr19	19763464	19763745	LTR/ERVL-MaLR	880	-	140	19763604	87045
chr19	19676559	19876559	harbor1	chr19	19764059	19764168	LTR/ERVL-MaLR	880	-	54	19764113	87554
chr19	19676559	19876559	harbor1	chr19	19772868	19773043	LTR/ERVL-MaLR	1057	-	88	19772956	96397
chr19	19676559	19876559	harbor1	chr19	19773353	19773403	LTR/ERVL-MaLR	1057	-	25	19773378	96819
chr19	19676559	19876559	harbor1	chr19	19773724	19773859	LTR/ERVL-MaLR	1057	-	68	19773792	97233
chr19	3914974	4114974	harbor1	chr19	3922231	3922584	LTR/ERVL-MaLR	2473	-	176	3922407	7433
chr19	1379585	1579585	harbor1	chr19	1386247	1386499	LTR/ERVL-MaLR	1510	-	126	1386373	6788
chr19	1379585	1579585	harbor1	chr19	1386795	1386899	LTR/ERVL-MaLR	1510	-	52	1386847	7262
chr19	49730221	49930221	harbor1	chr19	49790026	49790425	LTR/ERVL-MaLR	1679	-	200	49790226	60005
chr19	49730221	49930221	harbor1	chr19	49820950	49821287	LTR/ERVL-MaLR	1154	-	168	49821118	90897
chr19	49730221	49930221	harbor1	chr19	49822572	49822640	LTR/ERVL-MaLR	1154	-	34	49822606	92385
chr19	49730221	49930221	harbor1	chr19	49823257	49823388	LTR/ERVL-MaLR	1154	-	66	49823323	93102
chr19	49730221	49930221	harbor1	chr19	49827318	49827730	LTR/ERVL-MaLR	1189	-	206	49827524	97303
chr19	10235212	10435212	harbor1	chr19	10262784	10263087	LTR/ERVL-MaLR	1144	-	152	10262936	27724
chr19	10189223	10389223	harbor1	chr19	10262784	10263087	LTR/ERVL-MaLR	1144	-	152	10262936	73713
chr19	23928631	24128631	harbor1	chr19	23929293	23929635	LTR/ERVL-MaLR	2068	-	171	23929464	833
chr19	23928631	24128631	harbor1	chr19	24021637	24022108	LTR/ERVL-MaLR	1171	-	236	24021873	93242
chr19	23928631	24128631	harbor1	chr19	24022719	24022739	LTR/ERVL-MaLR	1171	-	10	24022729	94098
chr19	491384	691384	harbor1	chr19	509398	509807	LTR/ERVL-MaLR	1426	-	204	509602	18218
chr19	491384	691384	harbor1	chr19	526064	526491	LTR/ERVL-MaLR	1286	-	214	526278	34894
chr19	49767555	49967555	harbor1	chr19	49790026	49790425	LTR/ERVL-MaLR	1679	-	200	49790226	22671
chr19	49767555	49967555	harbor1	chr19	49820950	49821287	LTR/ERVL-MaLR	1154	-	168	49821118	53563
chr19	49767555	49967555	harbor1	chr19	49822572	49822640	LTR/ERVL-MaLR	1154	-	34	49822606	55051
chr19	49767555	49967555	harbor1	chr19	49823257	49823388	LTR/ERVL-MaLR	1154	-	66	49823323	55768
chr19	49767555	49967555	harbor1	chr19	49827318	49827730	LTR/ERVL-MaLR	1189	-	206	49827524	59969
chr19	49767555	49967555	harbor1	chr19	49832694	49833103	LTR/ERVL-MaLR	1024	-	204	49832898	65343
chr19	49767555	49967555	harbor1	chr19	49844246	49844614	LTR/ERVL-MaLR	2005	-	184	49844430	76875
chr19	49767555	49967555	harbor1	chr19	49844921	49845107	LTR/ERVL-MaLR	2005	-	93	49845014	77459
chr19	12567170	12767170	harbor1	chr19	12636878	12636918	LTR/ERVL-MaLR	1725	-	20	12636898	69728
chr19	12567170	12767170	harbor1	chr19	12637227	12637569	LTR/ERVL-MaLR	1725	-	171	12637398	70228
chr19	39302740	39502740	harbor1	chr19	39347001	39347306	LTR/ERVL-MaLR	954	-	152	39347153	44413
chr19	39302740	39502740	harbor1	chr19	39351513	39351886	LTR/ERVL-MaLR	920	-	186	39351699	48959
chr19	10235206	10435206	harbor1	chr19	10262784	10263087	LTR/ERVL-MaLR	1144	-	152	10262936	27730
chr19	47128433	47328433	harbor1	chr19	47217970	47218041	LTR/ERVL-MaLR	1313	-	36	47218006	89573
chr19	47128433	47328433	harbor1	chr19	47218365	47218662	LTR/ERVL-MaLR	1313	-	148	47218513	90080
chr19	19675701	19875701	harbor1	chr19	19683861	19684207	LTR/ERVL-MaLR	1841	-	173	19684034	8333
chr19	19675701	19875701	harbor1	chr19	19684515	19684565	LTR/ERVL-MaLR	1841	-	25	19684540	8839
chr19	19675701	19875701	harbor1	chr19	19684568	19684693	LTR/ERVL-MaLR	658	-	62	19684630	8929
chr19	19675701	19875701	harbor1	chr19	19756320	19756509	LTR/ERVL-MaLR	2601	-	94	19756414	80713
chr19	19675701	19875701	harbor1	chr19	19756816	19757050	LTR/ERVL-MaLR	2601	-	117	19756933	81232
chr19	19675701	19875701	harbor1	chr19	19757053	19757108	LTR/ERVL-MaLR	4694	-	28	19757081	81380
chr19	19675701	19875701	harbor1	chr19	19757431	19758126	LTR/ERVL-MaLR	4694	-	348	19757779	82078
chr19	19675701	19875701	harbor1	chr19	19763464	19763745	LTR/ERVL-MaLR	880	-	140	19763604	87903
chr19	19675701	19875701	harbor1	chr19	19764059	19764168	LTR/ERVL-MaLR	880	-	54	19764113	88412
chr19	19675701	19875701	harbor1	chr19	19772868	19773043	LTR/ERVL-MaLR	1057	-	88	19772956	97255
chr19	19675701	19875701	harbor1	chr19	19773353	19773403	LTR/ERVL-MaLR	1057	-	25	19773378	97677
chr19	19675701	19875701	harbor1	chr19	19773724	19773859	LTR/ERVL-MaLR	1057	-	68	19773792	98091
chr19	13953723	14153723	harbor1	chr19	14021561	14021909	LTR/ERVL-MaLR	909	-	174	14021735	68012
chr19	13953723	14153723	harbor1	chr19	14022201	14022246	LTR/ERVL-MaLR	909	-	22	14022223	68500
chr19	56018198	56218198	harbor1	chr19	56064626	56065116	LTR/ERVL-MaLR	897	-	245	56064871	46673
chr19	10618454	10818454	harbor1	chr19	10714274	10714696	LTR/ERVL-MaLR	1682	-	211	10714485	96031
chr19	1350390	1550390	harbor1	chr19	1386247	1386499	LTR/ERVL-MaLR	1510	-	126	1386373	35983
chr19	1350390	1550390	harbor1	chr19	1386795	1386899	LTR/ERVL-MaLR	1510	-	52	1386847	36457
chr19	3283777	3483777	harbor1	chr19	3302712	3303065	LTR/ERVL-MaLR	1205	-	176	3302888	19111
chr19	3283777	3483777	harbor1	chr19	3331285	3331582	LTR/ERVL-MaLR	1904	-	148	3331433	47656
chr19	3283777	3483777	harbor1	chr19	3331882	3332008	LTR/ERVL-MaLR	1904	-	63	3331945	48168
chr19	3283777	3483777	harbor1	chr19	3333735	3333915	LTR/ERVL-MaLR	919	-	90	3333825	50048
chr19	766552	966552	harbor1	chr19	789226	789512	LTR/ERVL-MaLR	652	-	143	789369	22817
chr19	208557	408557	harbor1	chr19	217296	217646	LTR/ERVL-MaLR	1516	-	175	217471	8914
chr19	208557	408557	harbor1	chr19	227767	228084	LTR/ERVL-MaLR	1677	-	158	227925	19368
chr19	208557	408557	harbor1	chr19	252328	252692	LTR/ERVL-MaLR	2259	-	182	252510	43953
chr19	7367615	7567615	harbor1	chr19	7383465	7383868	LTR/ERVL-MaLR	1485	-	202	7383667	16052
chr19	7367615	7567615	harbor1	chr19	7442683	7442892	LTR/ERVL-MaLR	1413	-	104	7442787	75172
chr19	7367615	7567615	harbor1	chr19	7443501	7443657	LTR/ERVL-MaLR	1413	-	78	7443579	75964
chr19	7367615	7567615	harbor1	chr19	7455647	7456005	LTR/ERVL-MaLR	2287	-	179	7455826	88211
chr19	7367615	7567615	harbor1	chr19	7457056	7457353	LTR/ERVL-MaLR	1800	-	148	7457204	89589
chr19	7367615	7567615	harbor1	chr19	7457660	7457764	LTR/ERVL-MaLR	1800	-	52	7457712	90097
chr19	12569729	12769729	harbor1	chr19	12636878	12636918	LTR/ERVL-MaLR	1725	-	20	12636898	67169
chr19	12569729	12769729	harbor1	chr19	12637227	12637569	LTR/ERVL-MaLR	1725	-	171	12637398	67669
chr19	2355470	2555470	harbor1	chr19	2366407	2366575	LTR/ERVL-MaLR	2489	-	84	2366491	11021
chr19	2355470	2555470	harbor1	chr19	2366879	2367244	LTR/ERVL-MaLR	2489	-	182	2367061	11591
chr19	2355470	2555470	harbor1	chr19	2369749	2369916	LTR/ERVL-MaLR	702	-	84	2369833	14363
chr19	2355470	2555470	harbor1	chr19	2376067	2376430	LTR/ERVL-MaLR	1233	-	182	2376249	20779
chr19	2355470	2555470	harbor1	chr19	2378396	2378437	LTR/ERVL-MaLR	2471	-	20	2378416	22946
chr19	2355470	2555470	harbor1	chr19	2378727	2379068	LTR/ERVL-MaLR	2471	-	170	2378897	23427
chr19	10235241	10435241	harbor1	chr19	10262784	10263087	LTR/ERVL-MaLR	1144	-	152	10262936	27695
chr19	9986313	10186313	harbor1	chr19	10074259	10074454	LTR/ERVL-MaLR	843	-	98	10074357	88044
chr19	50332480	50532480	harbor1	chr19	50355899	50356315	LTR/ERVL-MaLR	1665	-	208	50356107	23627
chr19	50332480	50532480	harbor1	chr19	50404013	50404264	LTR/ERVL-MaLR	1541	-	126	50404139	71659
chr19	50332480	50532480	harbor1	chr19	50405211	50405377	LTR/ERVL-MaLR	1541	-	83	50405294	72814
chr19	7818121	8018121	harbor1	chr19	7817726	7818263	LTR/ERVL-MaLR	1706	-	268	7817994	127
chr19	7818121	8018121	harbor1	chr19	7818996	7819191	LTR/ERVL-MaLR	769	-	98	7819094	973
chr19	7818121	8018121	harbor1	chr19	7897667	7897898	LTR/ERVL-MaLR	1005	-	116	7897783	79662
chr19	7818121	8018121	harbor1	chr19	7896951	7897160	LTR/ERVL-MaLR	1005	-	104	7897055	78934
chr19	1655603	1855603	harbor1	chr19	1693180	1693390	LTR/ERVL-MaLR	851	-	105	1693285	37682
chr19	1655603	1855603	harbor1	chr19	1693682	1693876	LTR/ERVL-MaLR	804	-	97	1693779	38176
chr19	1655603	1855603	harbor1	chr19	1704723	1704811	LTR/ERVL-MaLR	1634	-	44	1704767	49164
chr19	1655603	1855603	harbor1	chr19	1705108	1705416	LTR/ERVL-MaLR	1634	-	154	1705262	49659
chr19	1655603	1855603	harbor1	chr19	1707659	1707726	LTR/ERVL-MaLR	2008	-	34	1707693	52090
chr19	1655603	1855603	harbor1	chr19	1708052	1708441	LTR/ERVL-MaLR	2008	-	194	1708246	52643
chr19	1655603	1855603	harbor1	chr19	1740150	1740388	LTR/ERVL-MaLR	704	-	119	1740269	84666
chr19	10235240	10435240	harbor1	chr19	10262784	10263087	LTR/ERVL-MaLR	1144	-	152	10262936	27696
chr19	48525150	48725150	harbor1	chr19	48527139	48527321	LTR/ERVL-MaLR	1044	-	91	48527230	2080
chr19	48525150	48725150	harbor1	chr19	48527617	48527897	LTR/ERVL-MaLR	1044	-	140	48527757	2607
chr19	48525150	48725150	harbor1	chr19	48528708	48528749	LTR/ERVL-MaLR	1710	-	20	48528728	3578
chr19	48525150	48725150	harbor1	chr19	48586248	48586666	LTR/ERVL-MaLR	1132	-	209	48586457	61307
chr19	48525150	48725150	harbor1	chr19	48597947	48598149	LTR/ERVL-MaLR	1092	-	101	48598048	72898
chr19	48525150	48725150	harbor1	chr19	48529052	48529488	LTR/ERVL-MaLR	1710	-	218	48529270	4120
chr19	18562743	18762743	harbor1	chr19	18651024	18651550	LTR/ERVL-MaLR	654	-	263	18651287	88544
chr19	10235300	10435300	harbor1	chr19	10262784	10263087	LTR/ERVL-MaLR	1144	-	152	10262936	27636
chr19	5486235	5686235	harbor1	chr19	5502440	5502709	LTR/ERVL-MaLR	915	-	134	5502574	16339
chr19	5486235	5686235	harbor1	chr19	5514146	5514505	LTR/ERVL-MaLR	808	-	180	5514326	28091
chr19	5486235	5686235	harbor1	chr19	5516354	5516565	LTR/ERVL-MaLR	868	-	106	5516460	30225
chr19	19676574	19876574	harbor1	chr19	19683861	19684207	LTR/ERVL-MaLR	1841	-	173	19684034	7460
chr19	19676574	19876574	harbor1	chr19	19684515	19684565	LTR/ERVL-MaLR	1841	-	25	19684540	7966
chr19	19676574	19876574	harbor1	chr19	19684568	19684693	LTR/ERVL-MaLR	658	-	62	19684630	8056
chr19	19676574	19876574	harbor1	chr19	19756320	19756509	LTR/ERVL-MaLR	2601	-	94	19756414	79840
chr19	19676574	19876574	harbor1	chr19	19756816	19757050	LTR/ERVL-MaLR	2601	-	117	19756933	80359
chr19	19676574	19876574	harbor1	chr19	19757053	19757108	LTR/ERVL-MaLR	4694	-	28	19757081	80507
chr19	19676574	19876574	harbor1	chr19	19757431	19758126	LTR/ERVL-MaLR	4694	-	348	19757779	81205
chr19	19676574	19876574	harbor1	chr19	19763464	19763745	LTR/ERVL-MaLR	880	-	140	19763604	87030
chr19	19676574	19876574	harbor1	chr19	19764059	19764168	LTR/ERVL-MaLR	880	-	54	19764113	87539
chr19	19676574	19876574	harbor1	chr19	19772868	19773043	LTR/ERVL-MaLR	1057	-	88	19772956	96382
chr19	19676574	19876574	harbor1	chr19	19773353	19773403	LTR/ERVL-MaLR	1057	-	25	19773378	96804
chr19	19676574	19876574	harbor1	chr19	19773724	19773859	LTR/ERVL-MaLR	1057	-	68	19773792	97218
chr19	48070297	48270297	harbor1	chr19	48073580	48073952	LTR/ERVL-MaLR	2687	-	186	48073766	3469
chr19	48070297	48270297	harbor1	chr19	48074593	48074648	LTR/ERVL-MaLR	2687	-	28	48074621	4324
chr19	48070297	48270297	harbor1	chr19	48075658	48075770	LTR/ERVL-MaLR	689	-	56	48075714	5417
chr19	30129086	30329086	harbor1	chr19	30179709	30180134	LTR/ERVL-MaLR	2725	-	212	30179921	50835
chr19	30129086	30329086	harbor1	chr19	30211313	30211681	LTR/ERVL-MaLR	2122	-	184	30211497	82411
chr19	57091913	57291913	harbor1	chr19	57103064	57103214	LTR/ERVL-MaLR	910	-	75	57103139	11226
chr19	1	171218	harbor1	chr19	76174	76530	LTR/ERVL-MaLR	923	-	178	76352	76351
chr19	697388	897388	harbor1	chr19	756127	756796	LTR/ERVL-MaLR	702	-	334	756461	59073
chr19	697388	897388	harbor1	chr19	789226	789512	LTR/ERVL-MaLR	652	-	143	789369	91981
chr19	10189204	10389204	harbor1	chr19	10262784	10263087	LTR/ERVL-MaLR	1144	-	152	10262936	73732
chr19	10189470	10389470	harbor1	chr19	10262784	10263087	LTR/ERVL-MaLR	1144	-	152	10262936	73466
chr19	7429502	7629502	harbor1	chr19	7442683	7442892	LTR/ERVL-MaLR	1413	-	104	7442787	13285
chr19	7429502	7629502	harbor1	chr19	7443501	7443657	LTR/ERVL-MaLR	1413	-	78	7443579	14077
chr19	7429502	7629502	harbor1	chr19	7455647	7456005	LTR/ERVL-MaLR	2287	-	179	7455826	26324
chr19	7429502	7629502	harbor1	chr19	7457056	7457353	LTR/ERVL-MaLR	1800	-	148	7457204	27702
chr19	7429502	7629502	harbor1	chr19	7457660	7457764	LTR/ERVL-MaLR	1800	-	52	7457712	28210
chr19	516432	716432	harbor1	chr19	526064	526491	LTR/ERVL-MaLR	1286	-	214	526278	9846
chr19	516432	716432	harbor1	chr19	610794	611222	LTR/ERVL-MaLR	1064	-	214	611008	94576
chr19	19676811	19876811	harbor1	chr19	19683861	19684207	LTR/ERVL-MaLR	1841	-	173	19684034	7223
chr19	19676811	19876811	harbor1	chr19	19684515	19684565	LTR/ERVL-MaLR	1841	-	25	19684540	7729
chr19	19676811	19876811	harbor1	chr19	19684568	19684693	LTR/ERVL-MaLR	658	-	62	19684630	7819
chr19	19676811	19876811	harbor1	chr19	19756320	19756509	LTR/ERVL-MaLR	2601	-	94	19756414	79603
chr19	19676811	19876811	harbor1	chr19	19756816	19757050	LTR/ERVL-MaLR	2601	-	117	19756933	80122
chr19	19676811	19876811	harbor1	chr19	19757053	19757108	LTR/ERVL-MaLR	4694	-	28	19757081	80270
chr19	19676811	19876811	harbor1	chr19	19757431	19758126	LTR/ERVL-MaLR	4694	-	348	19757779	80968
chr19	19676811	19876811	harbor1	chr19	19763464	19763745	LTR/ERVL-MaLR	880	-	140	19763604	86793
chr19	19676811	19876811	harbor1	chr19	19764059	19764168	LTR/ERVL-MaLR	880	-	54	19764113	87302
chr19	19676811	19876811	harbor1	chr19	19772868	19773043	LTR/ERVL-MaLR	1057	-	88	19772956	96145
chr19	19676811	19876811	harbor1	chr19	19773353	19773403	LTR/ERVL-MaLR	1057	-	25	19773378	96567
chr19	19676811	19876811	harbor1	chr19	19773724	19773859	LTR/ERVL-MaLR	1057	-	68	19773792	96981
chr19	48865312	49065312	harbor1	chr19	48908972	48909234	LTR/ERVL-MaLR	1670	-	131	48909103	43791
chr19	48865312	49065312	harbor1	chr19	48909842	48910018	LTR/ERVL-MaLR	1670	-	88	48909930	44618
chr19	48865312	49065312	harbor1	chr19	48938578	48938645	LTR/ERVL-MaLR	720	-	34	48938612	73300
chr19	48865312	49065312	harbor1	chr19	48941008	48941381	LTR/ERVL-MaLR	883	-	186	48941194	75882
chr19	48865312	49065312	harbor1	chr19	48949689	48949894	LTR/ERVL-MaLR	1628	-	102	48949791	84479
chr19	48865312	49065312	harbor1	chr19	48950287	48950508	LTR/ERVL-MaLR	1628	-	110	48950397	85085
chr19	48865312	49065312	harbor1	chr19	48938964	48939113	LTR/ERVL-MaLR	720	-	74	48939038	73726
chr19	30129101	30329101	harbor1	chr19	30179709	30180134	LTR/ERVL-MaLR	2725	-	212	30179921	50820
chr19	30129101	30329101	harbor1	chr19	30211313	30211681	LTR/ERVL-MaLR	2122	-	184	30211497	82396
chr19	10618479	10818479	harbor1	chr19	10714274	10714696	LTR/ERVL-MaLR	1682	-	211	10714485	96006
chr19	7756106	7956106	harbor1	chr19	7779550	7779733	LTR/ERVL-MaLR	790	-	92	7779642	23536
chr19	7756106	7956106	harbor1	chr19	7781930	7782140	LTR/ERVL-MaLR	704	-	105	7782035	25929
chr19	7756106	7956106	harbor1	chr19	7782442	7782530	LTR/ERVL-MaLR	704	-	44	7782486	26380
chr19	7756106	7956106	harbor1	chr19	7817726	7818263	LTR/ERVL-MaLR	1706	-	268	7817994	61888
chr19	7756106	7956106	harbor1	chr19	7818996	7819191	LTR/ERVL-MaLR	769	-	98	7819094	62988
chr19	208595	408595	harbor1	chr19	217296	217646	LTR/ERVL-MaLR	1516	-	175	217471	8876
chr19	208595	408595	harbor1	chr19	227767	228084	LTR/ERVL-MaLR	1677	-	158	227925	19330
chr19	208595	408595	harbor1	chr19	252328	252692	LTR/ERVL-MaLR	2259	-	182	252510	43915
chr19	32574738	32774738	harbor1	chr19	32574771	32574947	LTR/ERVL-MaLR	1521	-	88	32574859	121
chr19	45691429	45891429	harbor1	chr19	45738919	45739147	LTR/ERVL-MaLR	1494	-	114	45739033	47604
chr19	45691429	45891429	harbor1	chr19	45739452	45739778	LTR/ERVL-MaLR	1494	-	163	45739615	48186
chr19	45691429	45891429	harbor1	chr19	45745872	45745926	LTR/ERVL-MaLR	1508	-	27	45745899	54470
chr19	45691429	45891429	harbor1	chr19	45746267	45746566	LTR/ERVL-MaLR	1508	-	150	45746417	54988
chr19	45691429	45891429	harbor1	chr19	45746843	45746965	LTR/ERVL-MaLR	1508	-	61	45746904	55475
chr19	19675592	19875592	harbor1	chr19	19683861	19684207	LTR/ERVL-MaLR	1841	-	173	19684034	8442
chr19	19675592	19875592	harbor1	chr19	19684515	19684565	LTR/ERVL-MaLR	1841	-	25	19684540	8948
chr19	19675592	19875592	harbor1	chr19	19684568	19684693	LTR/ERVL-MaLR	658	-	62	19684630	9038
chr19	19675592	19875592	harbor1	chr19	19756320	19756509	LTR/ERVL-MaLR	2601	-	94	19756414	80822
chr19	19675592	19875592	harbor1	chr19	19756816	19757050	LTR/ERVL-MaLR	2601	-	117	19756933	81341
chr19	19675592	19875592	harbor1	chr19	19757053	19757108	LTR/ERVL-MaLR	4694	-	28	19757081	81489
chr19	19675592	19875592	harbor1	chr19	19757431	19758126	LTR/ERVL-MaLR	4694	-	348	19757779	82187
chr19	19675592	19875592	harbor1	chr19	19763464	19763745	LTR/ERVL-MaLR	880	-	140	19763604	88012
chr19	19675592	19875592	harbor1	chr19	19764059	19764168	LTR/ERVL-MaLR	880	-	54	19764113	88521
chr19	19675592	19875592	harbor1	chr19	19772868	19773043	LTR/ERVL-MaLR	1057	-	88	19772956	97364
chr19	19675592	19875592	harbor1	chr19	19773353	19773403	LTR/ERVL-MaLR	1057	-	25	19773378	97786
chr19	19675592	19875592	harbor1	chr19	19773724	19773859	LTR/ERVL-MaLR	1057	-	68	19773792	98200
chr19	3885637	4085637	harbor1	chr19	3913884	3913954	LTR/ERVL-MaLR	1974	-	35	3913919	28282
chr19	3885637	4085637	harbor1	chr19	3914251	3914524	LTR/ERVL-MaLR	1974	-	136	3914387	28750
chr19	3885637	4085637	harbor1	chr19	3922231	3922584	LTR/ERVL-MaLR	2473	-	176	3922407	36770
chr19	14879556	15079556	harbor1	chr19	14902155	14902508	LTR/ERVL-MaLR	2777	-	176	14902331	22775
chr19	49751346	49951346	harbor1	chr19	49790026	49790425	LTR/ERVL-MaLR	1679	-	200	49790226	38880
chr19	49751346	49951346	harbor1	chr19	49820950	49821287	LTR/ERVL-MaLR	1154	-	168	49821118	69772
chr19	49751346	49951346	harbor1	chr19	49822572	49822640	LTR/ERVL-MaLR	1154	-	34	49822606	71260
chr19	49751346	49951346	harbor1	chr19	49823257	49823388	LTR/ERVL-MaLR	1154	-	66	49823323	71977
chr19	49751346	49951346	harbor1	chr19	49827318	49827730	LTR/ERVL-MaLR	1189	-	206	49827524	76178
chr19	49751346	49951346	harbor1	chr19	49832694	49833103	LTR/ERVL-MaLR	1024	-	204	49832898	81552
chr19	49751346	49951346	harbor1	chr19	49844246	49844614	LTR/ERVL-MaLR	2005	-	184	49844430	93084
chr19	49751346	49951346	harbor1	chr19	49844921	49845107	LTR/ERVL-MaLR	2005	-	93	49845014	93668
chr19	10232690	10432690	harbor1	chr19	10262784	10263087	LTR/ERVL-MaLR	1144	-	152	10262936	30246
chr19	49767635	49967635	harbor1	chr19	49790026	49790425	LTR/ERVL-MaLR	1679	-	200	49790226	22591
chr19	49767635	49967635	harbor1	chr19	49820950	49821287	LTR/ERVL-MaLR	1154	-	168	49821118	53483
chr19	49767635	49967635	harbor1	chr19	49822572	49822640	LTR/ERVL-MaLR	1154	-	34	49822606	54971
chr19	49767635	49967635	harbor1	chr19	49823257	49823388	LTR/ERVL-MaLR	1154	-	66	49823323	55688
chr19	49767635	49967635	harbor1	chr19	49827318	49827730	LTR/ERVL-MaLR	1189	-	206	49827524	59889
chr19	49767635	49967635	harbor1	chr19	49832694	49833103	LTR/ERVL-MaLR	1024	-	204	49832898	65263
chr19	49767635	49967635	harbor1	chr19	49844246	49844614	LTR/ERVL-MaLR	2005	-	184	49844430	76795
chr19	49767635	49967635	harbor1	chr19	49844921	49845107	LTR/ERVL-MaLR	2005	-	93	49845014	77379
chr19	40409980	40609980	harbor1	chr19	40507351	40507421	LTR/ERVL-MaLR	932	-	35	40507386	97406
chr19	40409980	40609980	harbor1	chr19	40507549	40507562	LTR/ERVL-MaLR	932	-	6	40507555	97575
chr19	40409980	40609980	harbor1	chr19	40507854	40508248	LTR/ERVL-MaLR	932	-	197	40508051	98071
chr19	10235213	10435213	harbor1	chr19	10262784	10263087	LTR/ERVL-MaLR	1144	-	152	10262936	27723
chr19	19675857	19875857	harbor1	chr19	19683861	19684207	LTR/ERVL-MaLR	1841	-	173	19684034	8177
chr19	19675857	19875857	harbor1	chr19	19684515	19684565	LTR/ERVL-MaLR	1841	-	25	19684540	8683
chr19	19675857	19875857	harbor1	chr19	19684568	19684693	LTR/ERVL-MaLR	658	-	62	19684630	8773
chr19	19675857	19875857	harbor1	chr19	19756320	19756509	LTR/ERVL-MaLR	2601	-	94	19756414	80557
chr19	19675857	19875857	harbor1	chr19	19756816	19757050	LTR/ERVL-MaLR	2601	-	117	19756933	81076
chr19	19675857	19875857	harbor1	chr19	19757053	19757108	LTR/ERVL-MaLR	4694	-	28	19757081	81224
chr19	19675857	19875857	harbor1	chr19	19757431	19758126	LTR/ERVL-MaLR	4694	-	348	19757779	81922
chr19	19675857	19875857	harbor1	chr19	19763464	19763745	LTR/ERVL-MaLR	880	-	140	19763604	87747
chr19	19675857	19875857	harbor1	chr19	19764059	19764168	LTR/ERVL-MaLR	880	-	54	19764113	88256
chr19	19675857	19875857	harbor1	chr19	19772868	19773043	LTR/ERVL-MaLR	1057	-	88	19772956	97099
chr19	19675857	19875857	harbor1	chr19	19773353	19773403	LTR/ERVL-MaLR	1057	-	25	19773378	97521
chr19	19675857	19875857	harbor1	chr19	19773724	19773859	LTR/ERVL-MaLR	1057	-	68	19773792	97935
chr19	11667295	11867295	harbor1	chr19	11680042	11680369	LTR/ERVL-MaLR	1885	-	164	11680206	12911
chr19	11667295	11867295	harbor1	chr19	11680371	11680791	LTR/ERVL-MaLR	2590	-	210	11680581	13286
chr19	11667295	11867295	harbor1	chr19	11681289	11681322	LTR/ERVL-MaLR	1470	-	16	11681305	14010
chr19	11667295	11867295	harbor1	chr19	11704748	11705083	LTR/ERVL-MaLR	1332	-	168	11704916	37621
chr19	11667295	11867295	harbor1	chr19	11714925	11715249	LTR/ERVL-MaLR	1586	-	162	11715087	47792
chr19	11667295	11867295	harbor1	chr19	11715549	11715601	LTR/ERVL-MaLR	1586	-	26	11715575	48280
chr19	11667295	11867295	harbor1	chr19	11715946	11716106	LTR/ERVL-MaLR	1301	-	80	11716026	48731
chr19	11667295	11867295	harbor1	chr19	11716408	11716446	LTR/ERVL-MaLR	1301	-	19	11716427	49132
chr19	11667295	11867295	harbor1	chr19	11716760	11717041	LTR/ERVL-MaLR	1301	-	140	11716900	49605
chr19	11667295	11867295	harbor1	chr19	11741519	11741876	LTR/ERVL-MaLR	1419	-	178	11741697	74402
chr19	11667295	11867295	harbor1	chr19	11754334	11754667	LTR/ERVL-MaLR	966	-	166	11754500	87205
chr19	11667295	11867295	harbor1	chr19	11754677	11755032	LTR/ERVL-MaLR	1454	-	178	11754855	87560
chr19	11667295	11867295	harbor1	chr19	11755340	11755370	LTR/ERVL-MaLR	1454	-	15	11755355	88060
chr19	11667295	11867295	harbor1	chr19	11765259	11765485	LTR/ERVL-MaLR	1691	-	113	11765372	98077
chr19	11667295	11867295	harbor1	chr19	11681626	11681986	LTR/ERVL-MaLR	1470	-	180	11681806	14511
chr19	19675613	19875613	harbor1	chr19	19683861	19684207	LTR/ERVL-MaLR	1841	-	173	19684034	8421
chr19	19675613	19875613	harbor1	chr19	19684515	19684565	LTR/ERVL-MaLR	1841	-	25	19684540	8927
chr19	19675613	19875613	harbor1	chr19	19684568	19684693	LTR/ERVL-MaLR	658	-	62	19684630	9017
chr19	19675613	19875613	harbor1	chr19	19756320	19756509	LTR/ERVL-MaLR	2601	-	94	19756414	80801
chr19	19675613	19875613	harbor1	chr19	19756816	19757050	LTR/ERVL-MaLR	2601	-	117	19756933	81320
chr19	19675613	19875613	harbor1	chr19	19757053	19757108	LTR/ERVL-MaLR	4694	-	28	19757081	81468
chr19	19675613	19875613	harbor1	chr19	19757431	19758126	LTR/ERVL-MaLR	4694	-	348	19757779	82166
chr19	19675613	19875613	harbor1	chr19	19763464	19763745	LTR/ERVL-MaLR	880	-	140	19763604	87991
chr19	19675613	19875613	harbor1	chr19	19764059	19764168	LTR/ERVL-MaLR	880	-	54	19764113	88500
chr19	19675613	19875613	harbor1	chr19	19772868	19773043	LTR/ERVL-MaLR	1057	-	88	19772956	97343
chr19	19675613	19875613	harbor1	chr19	19773353	19773403	LTR/ERVL-MaLR	1057	-	25	19773378	97765
chr19	19675613	19875613	harbor1	chr19	19773724	19773859	LTR/ERVL-MaLR	1057	-	68	19773792	98179
chr19	1357246	1557246	harbor1	chr19	1386247	1386499	LTR/ERVL-MaLR	1510	-	126	1386373	29127
chr19	1357246	1557246	harbor1	chr19	1386795	1386899	LTR/ERVL-MaLR	1510	-	52	1386847	29601
chr19	19675500	19875500	harbor1	chr19	19683861	19684207	LTR/ERVL-MaLR	1841	-	173	19684034	8534
chr19	19675500	19875500	harbor1	chr19	19684515	19684565	LTR/ERVL-MaLR	1841	-	25	19684540	9040
chr19	19675500	19875500	harbor1	chr19	19684568	19684693	LTR/ERVL-MaLR	658	-	62	19684630	9130
chr19	19675500	19875500	harbor1	chr19	19756320	19756509	LTR/ERVL-MaLR	2601	-	94	19756414	80914
chr19	19675500	19875500	harbor1	chr19	19756816	19757050	LTR/ERVL-MaLR	2601	-	117	19756933	81433
chr19	19675500	19875500	harbor1	chr19	19757053	19757108	LTR/ERVL-MaLR	4694	-	28	19757081	81581
chr19	19675500	19875500	harbor1	chr19	19757431	19758126	LTR/ERVL-MaLR	4694	-	348	19757779	82279
chr19	19675500	19875500	harbor1	chr19	19763464	19763745	LTR/ERVL-MaLR	880	-	140	19763604	88104
chr19	19675500	19875500	harbor1	chr19	19764059	19764168	LTR/ERVL-MaLR	880	-	54	19764113	88613
chr19	19675500	19875500	harbor1	chr19	19772868	19773043	LTR/ERVL-MaLR	1057	-	88	19772956	97456
chr19	19675500	19875500	harbor1	chr19	19773353	19773403	LTR/ERVL-MaLR	1057	-	25	19773378	97878
chr19	19675500	19875500	harbor1	chr19	19773724	19773859	LTR/ERVL-MaLR	1057	-	68	19773792	98292
chr19	43618908	43818908	harbor1	chr19	43646380	43646691	LTR/ERVL-MaLR	1011	-	156	43646536	27628
chr19	43618908	43818908	harbor1	chr19	43690399	43690880	LTR/ERVL-MaLR	784	-	240	43690639	71731
chr19	43618908	43818908	harbor1	chr19	43708862	43709224	LTR/ERVL-MaLR	679	-	181	43709043	90135
chr19	43618908	43818908	harbor1	chr19	43696118	43696582	LTR/ERVL-MaLR	1173	-	232	43696350	77442
chr19	49493098	49693098	harbor1	chr19	49574530	49574721	LTR/ERVL-MaLR	1270	-	96	49574626	81528
chr19	49493098	49693098	harbor1	chr19	49575299	49575446	LTR/ERVL-MaLR	1270	-	74	49575373	82275
chr19	49751423	49951423	harbor1	chr19	49790026	49790425	LTR/ERVL-MaLR	1679	-	200	49790226	38803
chr19	49751423	49951423	harbor1	chr19	49820950	49821287	LTR/ERVL-MaLR	1154	-	168	49821118	69695
chr19	49751423	49951423	harbor1	chr19	49822572	49822640	LTR/ERVL-MaLR	1154	-	34	49822606	71183
chr19	49751423	49951423	harbor1	chr19	49823257	49823388	LTR/ERVL-MaLR	1154	-	66	49823323	71900
chr19	49751423	49951423	harbor1	chr19	49827318	49827730	LTR/ERVL-MaLR	1189	-	206	49827524	76101
chr19	49751423	49951423	harbor1	chr19	49832694	49833103	LTR/ERVL-MaLR	1024	-	204	49832898	81475
chr19	49751423	49951423	harbor1	chr19	49844246	49844614	LTR/ERVL-MaLR	2005	-	184	49844430	93007
chr19	49751423	49951423	harbor1	chr19	49844921	49845107	LTR/ERVL-MaLR	2005	-	93	49845014	93591
chr19	48525214	48725214	harbor1	chr19	48527139	48527321	LTR/ERVL-MaLR	1044	-	91	48527230	2016
chr19	48525214	48725214	harbor1	chr19	48527617	48527897	LTR/ERVL-MaLR	1044	-	140	48527757	2543
chr19	48525214	48725214	harbor1	chr19	48528708	48528749	LTR/ERVL-MaLR	1710	-	20	48528728	3514
chr19	48525214	48725214	harbor1	chr19	48586248	48586666	LTR/ERVL-MaLR	1132	-	209	48586457	61243
chr19	48525214	48725214	harbor1	chr19	48597947	48598149	LTR/ERVL-MaLR	1092	-	101	48598048	72834
chr19	48525214	48725214	harbor1	chr19	48529052	48529488	LTR/ERVL-MaLR	1710	-	218	48529270	4056
chr19	1259273	1459273	harbor1	chr19	1339876	1340042	LTR/ERVL-MaLR	650	-	83	1339959	80686
chr19	1259273	1459273	harbor1	chr19	1347158	1347282	LTR/ERVL-MaLR	1451	-	62	1347220	87947
chr19	1259273	1459273	harbor1	chr19	1347535	1347669	LTR/ERVL-MaLR	1451	-	67	1347602	88329
chr19	1259273	1459273	harbor1	chr19	1347983	1348021	LTR/ERVL-MaLR	1451	-	19	1348002	88729
chr19	19674780	19874780	harbor1	chr19	19683861	19684207	LTR/ERVL-MaLR	1841	-	173	19684034	9254
chr19	19674780	19874780	harbor1	chr19	19684515	19684565	LTR/ERVL-MaLR	1841	-	25	19684540	9760
chr19	19674780	19874780	harbor1	chr19	19684568	19684693	LTR/ERVL-MaLR	658	-	62	19684630	9850
chr19	19674780	19874780	harbor1	chr19	19756320	19756509	LTR/ERVL-MaLR	2601	-	94	19756414	81634
chr19	19674780	19874780	harbor1	chr19	19756816	19757050	LTR/ERVL-MaLR	2601	-	117	19756933	82153
chr19	19674780	19874780	harbor1	chr19	19757053	19757108	LTR/ERVL-MaLR	4694	-	28	19757081	82301
chr19	19674780	19874780	harbor1	chr19	19757431	19758126	LTR/ERVL-MaLR	4694	-	348	19757779	82999
chr19	19674780	19874780	harbor1	chr19	19763464	19763745	LTR/ERVL-MaLR	880	-	140	19763604	88824
chr19	19674780	19874780	harbor1	chr19	19764059	19764168	LTR/ERVL-MaLR	880	-	54	19764113	89333
chr19	19674780	19874780	harbor1	chr19	19772868	19773043	LTR/ERVL-MaLR	1057	-	88	19772956	98176
chr19	19674780	19874780	harbor1	chr19	19773353	19773403	LTR/ERVL-MaLR	1057	-	25	19773378	98598
chr19	19674780	19874780	harbor1	chr19	19773724	19773859	LTR/ERVL-MaLR	1057	-	68	19773792	99012
chr19	45369302	45569302	harbor1	chr19	45376453	45376640	LTR/ERVL-MaLR	797	-	94	45376547	7245
chr19	45369302	45569302	harbor1	chr19	45376945	45377064	LTR/ERVL-MaLR	797	-	60	45377005	7703
chr19	48865303	49065303	harbor1	chr19	48908972	48909234	LTR/ERVL-MaLR	1670	-	131	48909103	43800
chr19	48865303	49065303	harbor1	chr19	48909842	48910018	LTR/ERVL-MaLR	1670	-	88	48909930	44627
chr19	48865303	49065303	harbor1	chr19	48938578	48938645	LTR/ERVL-MaLR	720	-	34	48938612	73309
chr19	48865303	49065303	harbor1	chr19	48941008	48941381	LTR/ERVL-MaLR	883	-	186	48941194	75891
chr19	48865303	49065303	harbor1	chr19	48949689	48949894	LTR/ERVL-MaLR	1628	-	102	48949791	84488
chr19	48865303	49065303	harbor1	chr19	48950287	48950508	LTR/ERVL-MaLR	1628	-	110	48950397	85094
chr19	48865303	49065303	harbor1	chr19	48938964	48939113	LTR/ERVL-MaLR	720	-	74	48939038	73735
chr19	19300335	19500335	harbor1	chr19	19364928	19365079	LTR/ERVL-MaLR	798	-	76	19365004	64669
chr19	10732989	10932989	harbor1	chr19	10770536	10770910	LTR/ERVL-MaLR	2293	-	187	10770723	37734
chr19	10732989	10932989	harbor1	chr19	10791389	10791543	LTR/ERVL-MaLR	663	-	77	10791466	58477
chr19	19676606	19876606	harbor1	chr19	19683861	19684207	LTR/ERVL-MaLR	1841	-	173	19684034	7428
chr19	19676606	19876606	harbor1	chr19	19684515	19684565	LTR/ERVL-MaLR	1841	-	25	19684540	7934
chr19	19676606	19876606	harbor1	chr19	19684568	19684693	LTR/ERVL-MaLR	658	-	62	19684630	8024
chr19	19676606	19876606	harbor1	chr19	19756320	19756509	LTR/ERVL-MaLR	2601	-	94	19756414	79808
chr19	19676606	19876606	harbor1	chr19	19756816	19757050	LTR/ERVL-MaLR	2601	-	117	19756933	80327
chr19	19676606	19876606	harbor1	chr19	19757053	19757108	LTR/ERVL-MaLR	4694	-	28	19757081	80475
chr19	19676606	19876606	harbor1	chr19	19757431	19758126	LTR/ERVL-MaLR	4694	-	348	19757779	81173
chr19	19676606	19876606	harbor1	chr19	19763464	19763745	LTR/ERVL-MaLR	880	-	140	19763604	86998
chr19	19676606	19876606	harbor1	chr19	19764059	19764168	LTR/ERVL-MaLR	880	-	54	19764113	87507
chr19	19676606	19876606	harbor1	chr19	19772868	19773043	LTR/ERVL-MaLR	1057	-	88	19772956	96350
chr19	19676606	19876606	harbor1	chr19	19773353	19773403	LTR/ERVL-MaLR	1057	-	25	19773378	96772
chr19	19676606	19876606	harbor1	chr19	19773724	19773859	LTR/ERVL-MaLR	1057	-	68	19773792	97186
chr19	45659510	45859510	harbor1	chr19	45738919	45739147	LTR/ERVL-MaLR	1494	-	114	45739033	79523
chr19	45659510	45859510	harbor1	chr19	45739452	45739778	LTR/ERVL-MaLR	1494	-	163	45739615	80105
chr19	45659510	45859510	harbor1	chr19	45745872	45745926	LTR/ERVL-MaLR	1508	-	27	45745899	86389
chr19	45659510	45859510	harbor1	chr19	45746267	45746566	LTR/ERVL-MaLR	1508	-	150	45746417	86907
chr19	45659510	45859510	harbor1	chr19	45746843	45746965	LTR/ERVL-MaLR	1508	-	61	45746904	87394
chr19	10618504	10818504	harbor1	chr19	10714274	10714696	LTR/ERVL-MaLR	1682	-	211	10714485	95981
chr19	19674849	19874849	harbor1	chr19	19683861	19684207	LTR/ERVL-MaLR	1841	-	173	19684034	9185
chr19	19674849	19874849	harbor1	chr19	19684515	19684565	LTR/ERVL-MaLR	1841	-	25	19684540	9691
chr19	19674849	19874849	harbor1	chr19	19684568	19684693	LTR/ERVL-MaLR	658	-	62	19684630	9781
chr19	19674849	19874849	harbor1	chr19	19756320	19756509	LTR/ERVL-MaLR	2601	-	94	19756414	81565
chr19	19674849	19874849	harbor1	chr19	19756816	19757050	LTR/ERVL-MaLR	2601	-	117	19756933	82084
chr19	19674849	19874849	harbor1	chr19	19757053	19757108	LTR/ERVL-MaLR	4694	-	28	19757081	82232
chr19	19674849	19874849	harbor1	chr19	19757431	19758126	LTR/ERVL-MaLR	4694	-	348	19757779	82930
chr19	19674849	19874849	harbor1	chr19	19763464	19763745	LTR/ERVL-MaLR	880	-	140	19763604	88755
chr19	19674849	19874849	harbor1	chr19	19764059	19764168	LTR/ERVL-MaLR	880	-	54	19764113	89264
chr19	19674849	19874849	harbor1	chr19	19772868	19773043	LTR/ERVL-MaLR	1057	-	88	19772956	98107
chr19	19674849	19874849	harbor1	chr19	19773353	19773403	LTR/ERVL-MaLR	1057	-	25	19773378	98529
chr19	19674849	19874849	harbor1	chr19	19773724	19773859	LTR/ERVL-MaLR	1057	-	68	19773792	98943
chr19	10723971	10923971	harbor1	chr19	10770536	10770910	LTR/ERVL-MaLR	2293	-	187	10770723	46752
chr19	10723971	10923971	harbor1	chr19	10791389	10791543	LTR/ERVL-MaLR	663	-	77	10791466	67495
chr19	3875961	4075961	harbor1	chr19	3913884	3913954	LTR/ERVL-MaLR	1974	-	35	3913919	37958
chr19	3875961	4075961	harbor1	chr19	3914251	3914524	LTR/ERVL-MaLR	1974	-	136	3914387	38426
chr19	3875961	4075961	harbor1	chr19	3922231	3922584	LTR/ERVL-MaLR	2473	-	176	3922407	46446
chr19	19674760	19874760	harbor1	chr19	19683861	19684207	LTR/ERVL-MaLR	1841	-	173	19684034	9274
chr19	19674760	19874760	harbor1	chr19	19684515	19684565	LTR/ERVL-MaLR	1841	-	25	19684540	9780
chr19	19674760	19874760	harbor1	chr19	19684568	19684693	LTR/ERVL-MaLR	658	-	62	19684630	9870
chr19	19674760	19874760	harbor1	chr19	19756320	19756509	LTR/ERVL-MaLR	2601	-	94	19756414	81654
chr19	19674760	19874760	harbor1	chr19	19756816	19757050	LTR/ERVL-MaLR	2601	-	117	19756933	82173
chr19	19674760	19874760	harbor1	chr19	19757053	19757108	LTR/ERVL-MaLR	4694	-	28	19757081	82321
chr19	19674760	19874760	harbor1	chr19	19757431	19758126	LTR/ERVL-MaLR	4694	-	348	19757779	83019
chr19	19674760	19874760	harbor1	chr19	19763464	19763745	LTR/ERVL-MaLR	880	-	140	19763604	88844
chr19	19674760	19874760	harbor1	chr19	19764059	19764168	LTR/ERVL-MaLR	880	-	54	19764113	89353
chr19	19674760	19874760	harbor1	chr19	19772868	19773043	LTR/ERVL-MaLR	1057	-	88	19772956	98196
chr19	19674760	19874760	harbor1	chr19	19773353	19773403	LTR/ERVL-MaLR	1057	-	25	19773378	98618
chr19	19674760	19874760	harbor1	chr19	19773724	19773859	LTR/ERVL-MaLR	1057	-	68	19773792	99032
chr19	10617932	10817932	harbor1	chr19	10714274	10714696	LTR/ERVL-MaLR	1682	-	211	10714485	96553
chr19	417890	617890	harbor1	chr19	448217	448573	LTR/ERVL-MaLR	724	-	178	448395	30505
chr19	417890	617890	harbor1	chr19	509398	509807	LTR/ERVL-MaLR	1426	-	204	509602	91712
chr19	56006815	56206815	harbor1	chr19	56064626	56065116	LTR/ERVL-MaLR	897	-	245	56064871	58056
chr19	5677377	5877377	harbor1	chr19	5741281	5741635	LTR/ERVL-MaLR	1229	-	177	5741458	64081
chr19	5677377	5877377	harbor1	chr19	5761473	5761700	LTR/ERVL-MaLR	1628	-	114	5761587	84210
chr19	5677377	5877377	harbor1	chr19	5762038	5762058	LTR/ERVL-MaLR	1628	-	10	5762048	84671
chr19	5677377	5877377	harbor1	chr19	5762364	5762535	LTR/ERVL-MaLR	1628	-	86	5762450	85073
chr19	5677377	5877377	harbor1	chr19	5769330	5769528	LTR/ERVL-MaLR	866	-	99	5769429	92052
chr19	10618445	10818445	harbor1	chr19	10714274	10714696	LTR/ERVL-MaLR	1682	-	211	10714485	96040
chr19	10170532	10370532	harbor1	chr19	10262784	10263087	LTR/ERVL-MaLR	1144	-	152	10262936	92404
chr19	5493948	5693948	harbor1	chr19	5502440	5502709	LTR/ERVL-MaLR	915	-	134	5502574	8626
chr19	5493948	5693948	harbor1	chr19	5514146	5514505	LTR/ERVL-MaLR	808	-	180	5514326	20378
chr19	5493948	5693948	harbor1	chr19	5516354	5516565	LTR/ERVL-MaLR	868	-	106	5516460	22512
chr19	10235276	10435276	harbor1	chr19	10262784	10263087	LTR/ERVL-MaLR	1144	-	152	10262936	27660
chr19	13407605	13607605	harbor1	chr19	13470884	13471300	LTR/ERVL-MaLR	1118	-	208	13471092	63487
chr19	13407605	13607605	harbor1	chr19	13475215	13475588	LTR/ERVL-MaLR	1328	-	186	13475401	67796
chr19	13407605	13607605	harbor1	chr19	13494602	13494946	LTR/ERVL-MaLR	1934	-	172	13494774	87169
chr19	10617962	10817962	harbor1	chr19	10714274	10714696	LTR/ERVL-MaLR	1682	-	211	10714485	96523
chr19	48524511	48724511	harbor1	chr19	48527139	48527321	LTR/ERVL-MaLR	1044	-	91	48527230	2719
chr19	48524511	48724511	harbor1	chr19	48527617	48527897	LTR/ERVL-MaLR	1044	-	140	48527757	3246
chr19	48524511	48724511	harbor1	chr19	48528708	48528749	LTR/ERVL-MaLR	1710	-	20	48528728	4217
chr19	48524511	48724511	harbor1	chr19	48586248	48586666	LTR/ERVL-MaLR	1132	-	209	48586457	61946
chr19	48524511	48724511	harbor1	chr19	48597947	48598149	LTR/ERVL-MaLR	1092	-	101	48598048	73537
chr19	48524511	48724511	harbor1	chr19	48529052	48529488	LTR/ERVL-MaLR	1710	-	218	48529270	4759
chr20	62865629	63065629	harbor1	chr20	62870094	62870375	LTR/ERVL-MaLR	1739	-	140	62870234	4605
chr20	62865629	63065629	harbor1	chr20	62870690	62870780	LTR/ERVL-MaLR	1739	-	45	62870735	5106
chr20	2740631	2940631	harbor1	chr20	2776435	2776654	LTR/ERVL-MaLR	1900	-	110	2776545	35914
chr20	2740631	2940631	harbor1	chr20	2776949	2777113	LTR/ERVL-MaLR	1900	-	82	2777031	36400
chr20	2740631	2940631	harbor1	chr20	2782349	2782422	LTR/ERVL-MaLR	1214	-	36	2782385	41754
chr20	2740631	2940631	harbor1	chr20	2782718	2782868	LTR/ERVL-MaLR	1214	-	75	2782793	42162
chr20	2740631	2940631	harbor1	chr20	2782894	2783165	LTR/ERVL-MaLR	861	-	136	2783030	42399
chr20	20267099	20467099	harbor1	chr20	20277584	20278082	LTR/ERVL-MaLR	1021	-	249	20277833	10734
chr20	20267099	20467099	harbor1	chr20	20283478	20284046	LTR/ERVL-MaLR	2420	-	284	20283762	16663
chr20	20267099	20467099	harbor1	chr20	20292427	20293026	LTR/ERVL-MaLR	1981	-	300	20292727	25628
chr20	20267099	20467099	harbor1	chr20	20313692	20314104	LTR/ERVL-MaLR	2506	-	206	20313898	46799
chr20	20267099	20467099	harbor1	chr20	20314410	20314454	LTR/ERVL-MaLR	2506	-	22	20314432	47333
chr20	20267099	20467099	harbor1	chr20	20349182	20349595	LTR/ERVL-MaLR	2344	-	206	20349388	82289
chr20	20267099	20467099	harbor1	chr20	20352022	20352463	LTR/ERVL-MaLR	1701	-	220	20352242	85143
chr20	4586466	4786466	harbor1	chr20	4615753	4615980	LTR/ERVL-MaLR	1064	-	114	4615867	29401
chr20	4586466	4786466	harbor1	chr20	4616299	4616671	LTR/ERVL-MaLR	2772	-	186	4616485	30019
chr20	4586466	4786466	harbor1	chr20	4616924	4617164	LTR/ERVL-MaLR	1053	-	120	4617044	30578
chr20	4586466	4786466	harbor1	chr20	4643911	4644332	LTR/ERVL-MaLR	2362	-	210	4644121	57655
chr20	4586466	4786466	harbor1	chr20	4644333	4644572	LTR/ERVL-MaLR	1802	-	120	4644453	57987
chr20	4586466	4786466	harbor1	chr20	4644559	4644670	LTR/ERVL-MaLR	742	-	56	4644615	58149
chr20	4586466	4786466	harbor1	chr20	4644673	4645823	LTR/ERVL-MaLR	7593	-	575	4645248	58782
chr20	4586466	4786466	harbor1	chr20	4651570	4651992	LTR/ERVL-MaLR	1253	-	211	4651781	65315
chr20	4586466	4786466	harbor1	chr20	4668038	4668113	LTR/ERVL-MaLR	606	-	38	4668076	81610
chr20	4586466	4786466	harbor1	chr20	4668409	4668569	LTR/ERVL-MaLR	606	-	80	4668489	82023
chr20	4586466	4786466	harbor1	chr20	4676555	4676876	LTR/ERVL-MaLR	2045	-	160	4676715	90249
chr20	4586466	4786466	harbor1	chr20	4677171	4677215	LTR/ERVL-MaLR	2045	-	22	4677193	90727
chr20	2738370	2938370	harbor1	chr20	2776435	2776654	LTR/ERVL-MaLR	1900	-	110	2776545	38175
chr20	2738370	2938370	harbor1	chr20	2776949	2777113	LTR/ERVL-MaLR	1900	-	82	2777031	38661
chr20	2738370	2938370	harbor1	chr20	2782349	2782422	LTR/ERVL-MaLR	1214	-	36	2782385	44015
chr20	2738370	2938370	harbor1	chr20	2782718	2782868	LTR/ERVL-MaLR	1214	-	75	2782793	44423
chr20	2738370	2938370	harbor1	chr20	2782894	2783165	LTR/ERVL-MaLR	861	-	136	2783030	44660
chr20	62118483	62318483	harbor1	chr20	62146399	62146605	LTR/ERVL-MaLR	485	-	103	62146502	28019
chr20	62118483	62318483	harbor1	chr20	62146926	62147055	LTR/ERVL-MaLR	485	-	64	62146990	28507
chr20	62118483	62318483	harbor1	chr20	62152967	62153338	LTR/ERVL-MaLR	2256	-	186	62153153	34670
chr20	62118483	62318483	harbor1	chr20	62204691	62204750	LTR/ERVL-MaLR	481	-	30	62204721	86238
chr20	62118483	62318483	harbor1	chr20	62205056	62205329	LTR/ERVL-MaLR	481	-	136	62205192	86709
chr20	62118483	62318483	harbor1	chr20	62209298	62209773	LTR/ERVL-MaLR	743	-	238	62209536	91053
chr20	31622218	31822218	harbor1	chr20	31630286	31630668	LTR/ERVL-MaLR	2324	-	191	31630477	8259
chr20	31622218	31822218	harbor1	chr20	31631278	31631481	LTR/ERVL-MaLR	2324	-	102	31631380	9162
chr20	31622218	31822218	harbor1	chr20	31649390	31649499	LTR/ERVL-MaLR	642	-	54	31649444	27226
chr20	31622218	31822218	harbor1	chr20	31649983	31650313	LTR/ERVL-MaLR	1751	-	165	31650148	27930
chr20	31622218	31822218	harbor1	chr20	31650603	31650644	LTR/ERVL-MaLR	1751	-	20	31650623	28405
chr20	31622218	31822218	harbor1	chr20	31650959	31651141	LTR/ERVL-MaLR	1751	-	91	31651050	28832
chr20	10574027	10774027	harbor1	chr20	10611280	10611533	LTR/ERVL-MaLR	677	-	126	10611406	37379
chr20	10574027	10774027	harbor1	chr20	10615647	10616023	LTR/ERVL-MaLR	2121	-	188	10615835	41808
chr20	10574027	10774027	harbor1	chr20	10631789	10632377	LTR/ERVL-MaLR	2231	-	294	10632083	58056
chr20	61877239	62077239	harbor1	chr20	61892650	61892862	LTR/ERVL-MaLR	768	-	106	61892756	15517
chr20	61877239	62077239	harbor1	chr20	61908990	61909121	LTR/ERVL-MaLR	583	-	66	61909056	31817
chr20	61877239	62077239	harbor1	chr20	61909425	61909857	LTR/ERVL-MaLR	536	-	216	61909641	32402
chr20	61877239	62077239	harbor1	chr20	61911914	61912260	LTR/ERVL-MaLR	806	-	173	61912087	34848
chr20	61877239	62077239	harbor1	chr20	61922506	61922748	LTR/ERVL-MaLR	455	-	121	61922627	45388
chr20	61877239	62077239	harbor1	chr20	61925774	61926088	LTR/ERVL-MaLR	615	-	157	61925931	48692
chr20	61877239	62077239	harbor1	chr20	61952563	61952952	LTR/ERVL-MaLR	761	-	194	61952757	75518
chr20	61877239	62077239	harbor1	chr20	61953294	61953589	LTR/ERVL-MaLR	464	-	148	61953442	76203
chr20	61877239	62077239	harbor1	chr20	61963845	61964204	LTR/ERVL-MaLR	2672	-	180	61964025	86786
chr20	34691570	34891570	harbor1	chr20	34696859	34697212	LTR/ERVL-MaLR	1264	-	176	34697035	5465
chr20	34903595	35103595	harbor1	chr20	34923508	34923923	LTR/ERVL-MaLR	2287	-	208	34923716	20121
chr20	34903595	35103595	harbor1	chr20	34925088	34925572	LTR/ERVL-MaLR	1956	-	242	34925330	21735
chr20	59094495	59294495	harbor1	chr20	59106883	59107272	LTR/ERVL-MaLR	461	-	194	59107077	12582
chr20	59094495	59294495	harbor1	chr20	59108265	59108700	LTR/ERVL-MaLR	1634	-	218	59108483	13988
chr20	59094495	59294495	harbor1	chr20	59135150	59135305	LTR/ERVL-MaLR	781	-	78	59135228	40733
chr20	59094495	59294495	harbor1	chr20	59135988	59136390	LTR/ERVL-MaLR	1473	-	201	59136189	41694
chr20	59094495	59294495	harbor1	chr20	59177673	59177954	LTR/ERVL-MaLR	920	-	140	59177813	83318
chr20	59094495	59294495	harbor1	chr20	59179391	59179879	LTR/ERVL-MaLR	1071	-	244	59179635	85140
chr20	50091428	50291428	harbor1	chr20	50162650	50162720	LTR/ERVL-MaLR	870	-	35	50162685	71257
chr20	50091428	50291428	harbor1	chr20	50162764	50163125	LTR/ERVL-MaLR	870	-	180	50162944	71516
chr20	1018874	1218874	harbor1	chr20	1060970	1061314	LTR/ERVL-MaLR	613	-	172	1061142	42268
chr20	1018874	1218874	harbor1	chr20	1068100	1068484	LTR/ERVL-MaLR	1608	-	192	1068292	49418
chr20	1018874	1218874	harbor1	chr20	1072996	1073254	LTR/ERVL-MaLR	1315	-	129	1073125	54251
chr20	1018874	1218874	harbor1	chr20	1073600	1073840	LTR/ERVL-MaLR	2116	-	120	1073720	54846
chr20	1018874	1218874	harbor1	chr20	1074143	1074292	LTR/ERVL-MaLR	2116	-	74	1074217	55343
chr20	1018874	1218874	harbor1	chr20	1075830	1075983	LTR/ERVL-MaLR	503	-	76	1075906	57032
chr20	1018874	1218874	harbor1	chr20	1080254	1080781	LTR/ERVL-MaLR	2352	-	264	1080518	61644
chr20	1018874	1218874	harbor1	chr20	1097647	1098052	LTR/ERVL-MaLR	1447	-	202	1097849	78975
chr20	24506534	24706534	harbor1	chr20	24522652	24523061	LTR/ERVL-MaLR	2306	-	204	24522856	16322
chr20	24506534	24706534	harbor1	chr20	24528376	24528756	LTR/ERVL-MaLR	1643	-	190	24528566	22032
chr20	24506534	24706534	harbor1	chr20	24533856	24534218	LTR/ERVL-MaLR	1600	-	181	24534037	27503
chr20	24506534	24706534	harbor1	chr20	24546308	24546513	LTR/ERVL-MaLR	800	-	102	24546410	39876
chr20	4586441	4786441	harbor1	chr20	4615753	4615980	LTR/ERVL-MaLR	1064	-	114	4615867	29426
chr20	4586441	4786441	harbor1	chr20	4616299	4616671	LTR/ERVL-MaLR	2772	-	186	4616485	30044
chr20	4586441	4786441	harbor1	chr20	4616924	4617164	LTR/ERVL-MaLR	1053	-	120	4617044	30603
chr20	4586441	4786441	harbor1	chr20	4643911	4644332	LTR/ERVL-MaLR	2362	-	210	4644121	57680
chr20	4586441	4786441	harbor1	chr20	4644333	4644572	LTR/ERVL-MaLR	1802	-	120	4644453	58012
chr20	4586441	4786441	harbor1	chr20	4644559	4644670	LTR/ERVL-MaLR	742	-	56	4644615	58174
chr20	4586441	4786441	harbor1	chr20	4644673	4645823	LTR/ERVL-MaLR	7593	-	575	4645248	58807
chr20	4586441	4786441	harbor1	chr20	4651570	4651992	LTR/ERVL-MaLR	1253	-	211	4651781	65340
chr20	4586441	4786441	harbor1	chr20	4668038	4668113	LTR/ERVL-MaLR	606	-	38	4668076	81635
chr20	4586441	4786441	harbor1	chr20	4668409	4668569	LTR/ERVL-MaLR	606	-	80	4668489	82048
chr20	4586441	4786441	harbor1	chr20	4676555	4676876	LTR/ERVL-MaLR	2045	-	160	4676715	90274
chr20	4586441	4786441	harbor1	chr20	4677171	4677215	LTR/ERVL-MaLR	2045	-	22	4677193	90752
chr20	1018826	1218826	harbor1	chr20	1060970	1061314	LTR/ERVL-MaLR	613	-	172	1061142	42316
chr20	1018826	1218826	harbor1	chr20	1068100	1068484	LTR/ERVL-MaLR	1608	-	192	1068292	49466
chr20	1018826	1218826	harbor1	chr20	1072996	1073254	LTR/ERVL-MaLR	1315	-	129	1073125	54299
chr20	1018826	1218826	harbor1	chr20	1073600	1073840	LTR/ERVL-MaLR	2116	-	120	1073720	54894
chr20	1018826	1218826	harbor1	chr20	1074143	1074292	LTR/ERVL-MaLR	2116	-	74	1074217	55391
chr20	1018826	1218826	harbor1	chr20	1075830	1075983	LTR/ERVL-MaLR	503	-	76	1075906	57080
chr20	1018826	1218826	harbor1	chr20	1080254	1080781	LTR/ERVL-MaLR	2352	-	264	1080518	61692
chr20	1018826	1218826	harbor1	chr20	1097647	1098052	LTR/ERVL-MaLR	1447	-	202	1097849	79023
chr20	63437341	63637341	harbor1	chr20	63514490	63514774	LTR/ERVL-MaLR	2128	-	142	63514632	77291
chr20	63437341	63637341	harbor1	chr20	63515095	63515199	LTR/ERVL-MaLR	2128	-	52	63515147	77806
chr20	9473828	9673828	harbor1	chr20	9490481	9491168	LTR/ERVL-MaLR	2508	-	344	9490825	16997
chr20	9473828	9673828	harbor1	chr20	9494754	9495291	LTR/ERVL-MaLR	1081	-	268	9495022	21194
chr20	50269776	50469776	harbor1	chr20	50328189	50328556	LTR/ERVL-MaLR	2584	-	184	50328373	58597
chr20	50269776	50469776	harbor1	chr20	50335136	50335390	LTR/ERVL-MaLR	927	-	127	50335263	65487
chr20	50269776	50469776	harbor1	chr20	50354994	50355559	LTR/ERVL-MaLR	873	-	282	50355276	85500
chr20	50269776	50469776	harbor1	chr20	50367356	50367786	LTR/ERVL-MaLR	973	-	215	50367571	97795
chr20	50269776	50469776	harbor1	chr20	50368903	50369247	LTR/ERVL-MaLR	927	-	172	50369075	99299
chr20	34904865	35104865	harbor1	chr20	34923508	34923923	LTR/ERVL-MaLR	2287	-	208	34923716	18851
chr20	34904865	35104865	harbor1	chr20	34925088	34925572	LTR/ERVL-MaLR	1956	-	242	34925330	20465
chr20	34881332	35081332	harbor1	chr20	34923508	34923923	LTR/ERVL-MaLR	2287	-	208	34923716	42384
chr20	34881332	35081332	harbor1	chr20	34925088	34925572	LTR/ERVL-MaLR	1956	-	242	34925330	43998
chr20	63953462	64153462	harbor1	chr20	63990155	63990333	LTR/ERVL-MaLR	715	-	89	63990244	36782
chr20	40589446	40789446	harbor1	chr20	40589303	40589463	LTR/ERVL-MaLR	517	-	80	40589383	63
chr20	40589446	40789446	harbor1	chr20	40606728	40607171	LTR/ERVL-MaLR	1684	-	222	40606950	17504
chr20	40589446	40789446	harbor1	chr20	40619087	40619322	LTR/ERVL-MaLR	1383	-	118	40619205	29759
chr20	40589446	40789446	harbor1	chr20	40625366	40625531	LTR/ERVL-MaLR	853	-	82	40625448	36002
chr20	40589446	40789446	harbor1	chr20	40625902	40626139	LTR/ERVL-MaLR	680	-	118	40626020	36574
chr20	40589446	40789446	harbor1	chr20	40626140	40626492	LTR/ERVL-MaLR	2030	-	176	40626316	36870
chr20	40589446	40789446	harbor1	chr20	40626992	40627422	LTR/ERVL-MaLR	1533	-	215	40627207	37761
chr20	40589446	40789446	harbor1	chr20	40630321	40630397	LTR/ERVL-MaLR	504	-	38	40630359	40913
chr20	40589446	40789446	harbor1	chr20	40630687	40630928	LTR/ERVL-MaLR	504	-	120	40630807	41361
chr20	40589446	40789446	harbor1	chr20	40636112	40636318	LTR/ERVL-MaLR	493	-	103	40636215	46769
chr20	40589446	40789446	harbor1	chr20	40665494	40665922	LTR/ERVL-MaLR	1922	-	214	40665708	76262
chr20	62023008	62223008	harbor1	chr20	62069118	62069523	LTR/ERVL-MaLR	1228	-	202	62069320	46312
chr20	62023008	62223008	harbor1	chr20	62079778	62079828	LTR/ERVL-MaLR	1905	-	25	62079803	56795
chr20	62023008	62223008	harbor1	chr20	62080134	62080410	LTR/ERVL-MaLR	1905	-	138	62080272	57264
chr20	62023008	62223008	harbor1	chr20	62090812	62090861	LTR/ERVL-MaLR	2268	-	24	62090836	67828
chr20	62023008	62223008	harbor1	chr20	62091164	62091540	LTR/ERVL-MaLR	2268	-	188	62091352	68344
chr20	63437464	63637464	harbor1	chr20	63514490	63514774	LTR/ERVL-MaLR	2128	-	142	63514632	77168
chr20	63437464	63637464	harbor1	chr20	63515095	63515199	LTR/ERVL-MaLR	2128	-	52	63515147	77683
chr20	34904910	35104910	harbor1	chr20	34923508	34923923	LTR/ERVL-MaLR	2287	-	208	34923716	18806
chr20	34904910	35104910	harbor1	chr20	34925088	34925572	LTR/ERVL-MaLR	1956	-	242	34925330	20420
chr20	1018844	1218844	harbor1	chr20	1060970	1061314	LTR/ERVL-MaLR	613	-	172	1061142	42298
chr20	1018844	1218844	harbor1	chr20	1068100	1068484	LTR/ERVL-MaLR	1608	-	192	1068292	49448
chr20	1018844	1218844	harbor1	chr20	1072996	1073254	LTR/ERVL-MaLR	1315	-	129	1073125	54281
chr20	1018844	1218844	harbor1	chr20	1073600	1073840	LTR/ERVL-MaLR	2116	-	120	1073720	54876
chr20	1018844	1218844	harbor1	chr20	1074143	1074292	LTR/ERVL-MaLR	2116	-	74	1074217	55373
chr20	1018844	1218844	harbor1	chr20	1075830	1075983	LTR/ERVL-MaLR	503	-	76	1075906	57062
chr20	1018844	1218844	harbor1	chr20	1080254	1080781	LTR/ERVL-MaLR	2352	-	264	1080518	61674
chr20	1018844	1218844	harbor1	chr20	1097647	1098052	LTR/ERVL-MaLR	1447	-	202	1097849	79005
chr20	9473814	9673814	harbor1	chr20	9490481	9491168	LTR/ERVL-MaLR	2508	-	344	9490825	17011
chr20	9473814	9673814	harbor1	chr20	9494754	9495291	LTR/ERVL-MaLR	1081	-	268	9495022	21208
chr20	2740701	2940701	harbor1	chr20	2776435	2776654	LTR/ERVL-MaLR	1900	-	110	2776545	35844
chr20	2740701	2940701	harbor1	chr20	2776949	2777113	LTR/ERVL-MaLR	1900	-	82	2777031	36330
chr20	2740701	2940701	harbor1	chr20	2782349	2782422	LTR/ERVL-MaLR	1214	-	36	2782385	41684
chr20	2740701	2940701	harbor1	chr20	2782718	2782868	LTR/ERVL-MaLR	1214	-	75	2782793	42092
chr20	2740701	2940701	harbor1	chr20	2782894	2783165	LTR/ERVL-MaLR	861	-	136	2783030	42329
chr20	62040581	62240581	harbor1	chr20	62069118	62069523	LTR/ERVL-MaLR	1228	-	202	62069320	28739
chr20	62040581	62240581	harbor1	chr20	62079778	62079828	LTR/ERVL-MaLR	1905	-	25	62079803	39222
chr20	62040581	62240581	harbor1	chr20	62080134	62080410	LTR/ERVL-MaLR	1905	-	138	62080272	39691
chr20	62040581	62240581	harbor1	chr20	62090812	62090861	LTR/ERVL-MaLR	2268	-	24	62090836	50255
chr20	62040581	62240581	harbor1	chr20	62091164	62091540	LTR/ERVL-MaLR	2268	-	188	62091352	50771
chr20	21818076	22018076	harbor1	chr20	21832773	21833105	LTR/ERVL-MaLR	1150	-	166	21832939	14863
chr20	21818076	22018076	harbor1	chr20	21842125	21842740	LTR/ERVL-MaLR	3168	-	308	21842433	24357
chr20	21818076	22018076	harbor1	chr20	21865292	21865595	LTR/ERVL-MaLR	1628	-	152	21865444	47368
chr20	21818076	22018076	harbor1	chr20	21865782	21865859	LTR/ERVL-MaLR	469	-	38	21865820	47744
chr20	21818076	22018076	harbor1	chr20	21884633	21885021	LTR/ERVL-MaLR	2285	-	194	21884827	66751
chr20	21818076	22018076	harbor1	chr20	21886220	21886657	LTR/ERVL-MaLR	2708	-	218	21886438	68362
chr20	21818076	22018076	harbor1	chr20	21895222	21895262	LTR/ERVL-MaLR	1720	-	20	21895242	77166
chr20	21818076	22018076	harbor1	chr20	21895572	21895892	LTR/ERVL-MaLR	1720	-	160	21895732	77656
chr20	21818076	22018076	harbor1	chr20	21823252	21823518	LTR/ERVL-MaLR	800	-	133	21823385	5309
chr20	63471550	63671550	harbor1	chr20	63514490	63514774	LTR/ERVL-MaLR	2128	-	142	63514632	43082
chr20	63471550	63671550	harbor1	chr20	63515095	63515199	LTR/ERVL-MaLR	2128	-	52	63515147	43597
chr20	63935698	64135698	harbor1	chr20	63990155	63990333	LTR/ERVL-MaLR	715	-	89	63990244	54546
chr20	2740649	2940649	harbor1	chr20	2776435	2776654	LTR/ERVL-MaLR	1900	-	110	2776545	35896
chr20	2740649	2940649	harbor1	chr20	2776949	2777113	LTR/ERVL-MaLR	1900	-	82	2777031	36382
chr20	2740649	2940649	harbor1	chr20	2782349	2782422	LTR/ERVL-MaLR	1214	-	36	2782385	41736
chr20	2740649	2940649	harbor1	chr20	2782718	2782868	LTR/ERVL-MaLR	1214	-	75	2782793	42144
chr20	2740649	2940649	harbor1	chr20	2782894	2783165	LTR/ERVL-MaLR	861	-	136	2783030	42381
chr20	2740637	2940637	harbor1	chr20	2776435	2776654	LTR/ERVL-MaLR	1900	-	110	2776545	35908
chr20	2740637	2940637	harbor1	chr20	2776949	2777113	LTR/ERVL-MaLR	1900	-	82	2777031	36394
chr20	2740637	2940637	harbor1	chr20	2782349	2782422	LTR/ERVL-MaLR	1214	-	36	2782385	41748
chr20	2740637	2940637	harbor1	chr20	2782718	2782868	LTR/ERVL-MaLR	1214	-	75	2782793	42156
chr20	2740637	2940637	harbor1	chr20	2782894	2783165	LTR/ERVL-MaLR	861	-	136	2783030	42393
chr20	11791069	11991069	harbor1	chr20	11795334	11795732	LTR/ERVL-MaLR	1184	-	199	11795533	4464
chr20	11791069	11991069	harbor1	chr20	11803323	11803799	LTR/ERVL-MaLR	1230	-	238	11803561	12492
chr20	11791069	11991069	harbor1	chr20	11805982	11806334	LTR/ERVL-MaLR	2197	-	176	11806158	15089
chr20	11791069	11991069	harbor1	chr20	11827405	11827640	LTR/ERVL-MaLR	590	-	118	11827523	36454
chr20	11791069	11991069	harbor1	chr20	11827991	11828090	LTR/ERVL-MaLR	590	-	50	11828041	36972
chr20	11791069	11991069	harbor1	chr20	11840980	11841489	LTR/ERVL-MaLR	1060	-	254	11841234	50165
chr20	11791069	11991069	harbor1	chr20	11846289	11846468	LTR/ERVL-MaLR	590	-	90	11846379	55310
chr20	11791069	11991069	harbor1	chr20	11846488	11846619	LTR/ERVL-MaLR	537	-	66	11846554	55485
chr20	11791069	11991069	harbor1	chr20	11852973	11853135	LTR/ERVL-MaLR	742	-	81	11853054	61985
chr20	11791069	11991069	harbor1	chr20	11880874	11880951	LTR/ERVL-MaLR	467	-	38	11880912	89843
chr20	63472070	63672070	harbor1	chr20	63514490	63514774	LTR/ERVL-MaLR	2128	-	142	63514632	42562
chr20	63472070	63672070	harbor1	chr20	63515095	63515199	LTR/ERVL-MaLR	2128	-	52	63515147	43077
chr20	34903951	35103951	harbor1	chr20	34923508	34923923	LTR/ERVL-MaLR	2287	-	208	34923716	19765
chr20	34903951	35103951	harbor1	chr20	34925088	34925572	LTR/ERVL-MaLR	1956	-	242	34925330	21379
chr20	21614820	21814820	harbor1	chr20	21625365	21625803	LTR/ERVL-MaLR	1788	-	219	21625584	10764
chr20	21614820	21814820	harbor1	chr20	21673762	21674322	LTR/ERVL-MaLR	2480	-	280	21674042	59222
chr20	21614820	21814820	harbor1	chr20	21679118	21679485	LTR/ERVL-MaLR	1939	-	184	21679302	64482
chr20	61877182	62077182	harbor1	chr20	61892650	61892862	LTR/ERVL-MaLR	768	-	106	61892756	15574
chr20	61877182	62077182	harbor1	chr20	61908990	61909121	LTR/ERVL-MaLR	583	-	66	61909056	31874
chr20	61877182	62077182	harbor1	chr20	61909425	61909857	LTR/ERVL-MaLR	536	-	216	61909641	32459
chr20	61877182	62077182	harbor1	chr20	61911914	61912260	LTR/ERVL-MaLR	806	-	173	61912087	34905
chr20	61877182	62077182	harbor1	chr20	61922506	61922748	LTR/ERVL-MaLR	455	-	121	61922627	45445
chr20	61877182	62077182	harbor1	chr20	61925774	61926088	LTR/ERVL-MaLR	615	-	157	61925931	48749
chr20	61877182	62077182	harbor1	chr20	61952563	61952952	LTR/ERVL-MaLR	761	-	194	61952757	75575
chr20	61877182	62077182	harbor1	chr20	61953294	61953589	LTR/ERVL-MaLR	464	-	148	61953442	76260
chr20	61877182	62077182	harbor1	chr20	61963845	61964204	LTR/ERVL-MaLR	2672	-	180	61964025	86843
chr20	4586511	4786511	harbor1	chr20	4615753	4615980	LTR/ERVL-MaLR	1064	-	114	4615867	29356
chr20	4586511	4786511	harbor1	chr20	4616299	4616671	LTR/ERVL-MaLR	2772	-	186	4616485	29974
chr20	4586511	4786511	harbor1	chr20	4616924	4617164	LTR/ERVL-MaLR	1053	-	120	4617044	30533
chr20	4586511	4786511	harbor1	chr20	4643911	4644332	LTR/ERVL-MaLR	2362	-	210	4644121	57610
chr20	4586511	4786511	harbor1	chr20	4644333	4644572	LTR/ERVL-MaLR	1802	-	120	4644453	57942
chr20	4586511	4786511	harbor1	chr20	4644559	4644670	LTR/ERVL-MaLR	742	-	56	4644615	58104
chr20	4586511	4786511	harbor1	chr20	4644673	4645823	LTR/ERVL-MaLR	7593	-	575	4645248	58737
chr20	4586511	4786511	harbor1	chr20	4651570	4651992	LTR/ERVL-MaLR	1253	-	211	4651781	65270
chr20	4586511	4786511	harbor1	chr20	4668038	4668113	LTR/ERVL-MaLR	606	-	38	4668076	81565
chr20	4586511	4786511	harbor1	chr20	4668409	4668569	LTR/ERVL-MaLR	606	-	80	4668489	81978
chr20	4586511	4786511	harbor1	chr20	4676555	4676876	LTR/ERVL-MaLR	2045	-	160	4676715	90204
chr20	4586511	4786511	harbor1	chr20	4677171	4677215	LTR/ERVL-MaLR	2045	-	22	4677193	90682
chr20	50269786	50469786	harbor1	chr20	50328189	50328556	LTR/ERVL-MaLR	2584	-	184	50328373	58587
chr20	50269786	50469786	harbor1	chr20	50335136	50335390	LTR/ERVL-MaLR	927	-	127	50335263	65477
chr20	50269786	50469786	harbor1	chr20	50354994	50355559	LTR/ERVL-MaLR	873	-	282	50355276	85490
chr20	50269786	50469786	harbor1	chr20	50367356	50367786	LTR/ERVL-MaLR	973	-	215	50367571	97785
chr20	50269786	50469786	harbor1	chr20	50368903	50369247	LTR/ERVL-MaLR	927	-	172	50369075	99289
chr21	14337898	14537898	harbor1	chr21	14344556	14344808	LTR/ERVL-MaLR	501	-	126	14344682	6784
chr21	14337898	14537898	harbor1	chr21	14351686	14351776	LTR/ERVL-MaLR	1716	-	45	14351731	13833
chr21	14337898	14537898	harbor1	chr21	14368181	14368597	LTR/ERVL-MaLR	588	-	208	14368389	30491
chr21	14337898	14537898	harbor1	chr21	14369975	14370566	LTR/ERVL-MaLR	984	-	296	14370271	32373
chr21	14337898	14537898	harbor1	chr21	14394369	14394829	LTR/ERVL-MaLR	862	-	230	14394599	56701
chr21	14337898	14537898	harbor1	chr21	14428653	14429019	LTR/ERVL-MaLR	1875	-	183	14428836	90938
chr21	14337898	14537898	harbor1	chr21	14435501	14435685	LTR/ERVL-MaLR	480	-	92	14435593	97695
chr21	14337898	14537898	harbor1	chr21	14435854	14436088	LTR/ERVL-MaLR	503	-	117	14435971	98073
chr21	14337898	14537898	harbor1	chr21	14352152	14352549	LTR/ERVL-MaLR	1716	-	198	14352350	14452
chr21	14337898	14537898	harbor1	chr21	14384773	14385323	LTR/ERVL-MaLR	1713	-	275	14385048	47150
chr21	29198992	29398992	harbor1	chr21	29198733	29199066	LTR/ERVL-MaLR	1869	-	166	29198899	93
chr21	29198992	29398992	harbor1	chr21	29207506	29207887	LTR/ERVL-MaLR	1288	-	190	29207696	8704
chr21	29198992	29398992	harbor1	chr21	29226623	29226983	LTR/ERVL-MaLR	2007	-	180	29226803	27811
chr21	29198992	29398992	harbor1	chr21	29229967	29230330	LTR/ERVL-MaLR	2019	-	182	29230149	31157
chr21	29198992	29398992	harbor1	chr21	29232767	29233052	LTR/ERVL-MaLR	1731	-	142	29232909	33917
chr21	29198992	29398992	harbor1	chr21	29233482	29233575	LTR/ERVL-MaLR	1731	-	46	29233528	34536
chr21	29198992	29398992	harbor1	chr21	29243312	29243733	LTR/ERVL-MaLR	2636	-	210	29243522	44530
chr21	29198992	29398992	harbor1	chr21	29252146	29252498	LTR/ERVL-MaLR	2284	-	176	29252322	53330
chr21	29198992	29398992	harbor1	chr21	29252499	29254072	LTR/ERVL-MaLR	11611	-	786	29253285	54293
chr21	29198992	29398992	harbor1	chr21	29254073	29254427	LTR/ERVL-MaLR	2350	-	177	29254250	55258
chr21	29198992	29398992	harbor1	chr21	29260121	29260477	LTR/ERVL-MaLR	1290	-	178	29260299	61307
chr21	29198992	29398992	harbor1	chr21	29271134	29271196	LTR/ERVL-MaLR	849	-	31	29271165	72173
chr21	29198992	29398992	harbor1	chr21	29271504	29271692	LTR/ERVL-MaLR	849	-	94	29271598	72606
chr21	29198992	29398992	harbor1	chr21	29271995	29272233	LTR/ERVL-MaLR	849	-	119	29272114	73122
chr21	29198992	29398992	harbor1	chr21	29281450	29281493	LTR/ERVL-MaLR	2507	-	22	29281472	82480
chr21	29198992	29398992	harbor1	chr21	29281803	29282128	LTR/ERVL-MaLR	2507	-	162	29281965	82973
chr21	29198992	29398992	harbor1	chr21	29283505	29283877	LTR/ERVL-MaLR	2169	-	186	29283691	84699
chr21	29198992	29398992	harbor1	chr21	29286087	29286424	LTR/ERVL-MaLR	1807	-	168	29286255	87263
chr21	29198992	29398992	harbor1	chr21	29289699	29290051	LTR/ERVL-MaLR	1523	-	176	29289875	90883
chr21	29198992	29398992	harbor1	chr21	29293430	29293895	LTR/ERVL-MaLR	698	-	232	29293662	94670
chr21	44718448	44918448	harbor1	chr21	44730050	44730396	LTR/ERVL-MaLR	1171	-	173	44730223	11775
chr21	44718448	44918448	harbor1	chr21	44730409	44731750	LTR/ERVL-MaLR	3446	-	670	44731079	12631
chr21	44718448	44918448	harbor1	chr21	44731773	44732119	LTR/ERVL-MaLR	1632	-	173	44731946	13498
chr21	44718448	44918448	harbor1	chr21	44735901	44736301	LTR/ERVL-MaLR	683	-	200	44736101	17653
chr21	44718448	44918448	harbor1	chr21	44754986	44755095	LTR/ERVL-MaLR	511	-	54	44755040	36592
chr21	44718448	44918448	harbor1	chr21	44796612	44797145	LTR/ERVL-MaLR	1072	-	266	44796878	78430
chr21	45793754	45993754	harbor1	chr21	45811195	45811543	LTR/ERVL-MaLR	684	-	174	45811369	17615
chr21	45793754	45993754	harbor1	chr21	45832711	45833077	LTR/ERVL-MaLR	2694	-	183	45832894	39140
chr21	45793754	45993754	harbor1	chr21	45861833	45862219	LTR/ERVL-MaLR	1351	-	193	45862026	68272
chr21	46282980	46482980	harbor1	chr21	46339987	46340353	LTR/ERVL-MaLR	2551	-	183	46340170	57190
chr21	46282980	46482980	harbor1	chr21	46352605	46352847	LTR/ERVL-MaLR	771	-	121	46352726	69746
chr21	43620271	43820271	harbor1	chr21	43664649	43665009	LTR/ERVL-MaLR	2538	-	180	43664829	44558
chr21	43620271	43820271	harbor1	chr21	43704292	43704550	LTR/ERVL-MaLR	808	-	129	43704421	84150
chr21	41040224	41240224	harbor1	chr21	41043309	41043706	LTR/ERVL-MaLR	2362	-	198	41043507	3283
chr21	41040224	41240224	harbor1	chr21	41058861	41059362	LTR/ERVL-MaLR	2120	-	250	41059111	18887
chr21	41040224	41240224	harbor1	chr21	41060391	41060741	LTR/ERVL-MaLR	2380	-	175	41060566	20342
chr21	41040224	41240224	harbor1	chr21	41077318	41077703	LTR/ERVL-MaLR	1691	-	192	41077510	37286
chr21	41040224	41240224	harbor1	chr21	41079773	41080150	LTR/ERVL-MaLR	1847	-	188	41079961	39737
chr21	41040224	41240224	harbor1	chr21	41087659	41088049	LTR/ERVL-MaLR	843	-	195	41087854	47630
chr21	41040224	41240224	harbor1	chr21	41095184	41095531	LTR/ERVL-MaLR	1810	-	174	41095358	55134
chr21	41040224	41240224	harbor1	chr21	41097872	41099344	LTR/ERVL-MaLR	3957	-	736	41098608	58384
chr21	41040224	41240224	harbor1	chr21	41099657	41099741	LTR/ERVL-MaLR	1780	-	42	41099699	59475
chr21	41040224	41240224	harbor1	chr21	41099742	41100243	LTR/ERVL-MaLR	2218	-	250	41099992	59768
chr21	41040224	41240224	harbor1	chr21	41100668	41100681	LTR/ERVL-MaLR	2218	-	6	41100674	60450
chr21	41040224	41240224	harbor1	chr21	41113374	41113573	LTR/ERVL-MaLR	766	-	100	41113474	73250
chr21	41040224	41240224	harbor1	chr21	41127015	41127483	LTR/ERVL-MaLR	1885	-	234	41127249	87025
chr21	41040224	41240224	harbor1	chr21	41129739	41129856	LTR/ERVL-MaLR	638	-	58	41129797	89573
chr21	41040224	41240224	harbor1	chr21	41129864	41129995	LTR/ERVL-MaLR	738	-	66	41129930	89706
chr21	7645362	7845362	harbor1	chr21	7682775	7683075	LTR/ERVL-MaLR	659	-	150	7682925	37563
chr21	29198971	29398971	harbor1	chr21	29198733	29199066	LTR/ERVL-MaLR	1869	-	166	29198899	72
chr21	29198971	29398971	harbor1	chr21	29207506	29207887	LTR/ERVL-MaLR	1288	-	190	29207696	8725
chr21	29198971	29398971	harbor1	chr21	29226623	29226983	LTR/ERVL-MaLR	2007	-	180	29226803	27832
chr21	29198971	29398971	harbor1	chr21	29229967	29230330	LTR/ERVL-MaLR	2019	-	182	29230149	31178
chr21	29198971	29398971	harbor1	chr21	29232767	29233052	LTR/ERVL-MaLR	1731	-	142	29232909	33938
chr21	29198971	29398971	harbor1	chr21	29233482	29233575	LTR/ERVL-MaLR	1731	-	46	29233528	34557
chr21	29198971	29398971	harbor1	chr21	29243312	29243733	LTR/ERVL-MaLR	2636	-	210	29243522	44551
chr21	29198971	29398971	harbor1	chr21	29252146	29252498	LTR/ERVL-MaLR	2284	-	176	29252322	53351
chr21	29198971	29398971	harbor1	chr21	29252499	29254072	LTR/ERVL-MaLR	11611	-	786	29253285	54314
chr21	29198971	29398971	harbor1	chr21	29254073	29254427	LTR/ERVL-MaLR	2350	-	177	29254250	55279
chr21	29198971	29398971	harbor1	chr21	29260121	29260477	LTR/ERVL-MaLR	1290	-	178	29260299	61328
chr21	29198971	29398971	harbor1	chr21	29271134	29271196	LTR/ERVL-MaLR	849	-	31	29271165	72194
chr21	29198971	29398971	harbor1	chr21	29271504	29271692	LTR/ERVL-MaLR	849	-	94	29271598	72627
chr21	29198971	29398971	harbor1	chr21	29271995	29272233	LTR/ERVL-MaLR	849	-	119	29272114	73143
chr21	29198971	29398971	harbor1	chr21	29281450	29281493	LTR/ERVL-MaLR	2507	-	22	29281472	82501
chr21	29198971	29398971	harbor1	chr21	29281803	29282128	LTR/ERVL-MaLR	2507	-	162	29281965	82994
chr21	29198971	29398971	harbor1	chr21	29283505	29283877	LTR/ERVL-MaLR	2169	-	186	29283691	84720
chr21	29198971	29398971	harbor1	chr21	29286087	29286424	LTR/ERVL-MaLR	1807	-	168	29286255	87284
chr21	29198971	29398971	harbor1	chr21	29289699	29290051	LTR/ERVL-MaLR	1523	-	176	29289875	90904
chr21	29198971	29398971	harbor1	chr21	29293430	29293895	LTR/ERVL-MaLR	698	-	232	29293662	94691
chr21	44211838	44411838	harbor1	chr21	44244445	44244608	LTR/ERVL-MaLR	622	-	82	44244527	32689
chr21	44211838	44411838	harbor1	chr21	44257727	44258133	LTR/ERVL-MaLR	1033	-	203	44257930	46092
chr21	44211838	44411838	harbor1	chr21	44274854	44275231	LTR/ERVL-MaLR	1800	-	188	44275042	63204
chr21	44211838	44411838	harbor1	chr21	44275346	44275432	LTR/ERVL-MaLR	533	-	43	44275389	63551
chr21	44211838	44411838	harbor1	chr21	44280300	44280451	LTR/ERVL-MaLR	1050	-	76	44280376	68538
chr21	44211838	44411838	harbor1	chr21	44280738	44280892	LTR/ERVL-MaLR	1050	-	77	44280815	68977
chr21	44211838	44411838	harbor1	chr21	44289090	44289442	LTR/ERVL-MaLR	753	-	176	44289266	77428
chr21	29198960	29398960	harbor1	chr21	29198733	29199066	LTR/ERVL-MaLR	1869	-	166	29198899	61
chr21	29198960	29398960	harbor1	chr21	29207506	29207887	LTR/ERVL-MaLR	1288	-	190	29207696	8736
chr21	29198960	29398960	harbor1	chr21	29226623	29226983	LTR/ERVL-MaLR	2007	-	180	29226803	27843
chr21	29198960	29398960	harbor1	chr21	29229967	29230330	LTR/ERVL-MaLR	2019	-	182	29230149	31189
chr21	29198960	29398960	harbor1	chr21	29232767	29233052	LTR/ERVL-MaLR	1731	-	142	29232909	33949
chr21	29198960	29398960	harbor1	chr21	29233482	29233575	LTR/ERVL-MaLR	1731	-	46	29233528	34568
chr21	29198960	29398960	harbor1	chr21	29243312	29243733	LTR/ERVL-MaLR	2636	-	210	29243522	44562
chr21	29198960	29398960	harbor1	chr21	29252146	29252498	LTR/ERVL-MaLR	2284	-	176	29252322	53362
chr21	29198960	29398960	harbor1	chr21	29252499	29254072	LTR/ERVL-MaLR	11611	-	786	29253285	54325
chr21	29198960	29398960	harbor1	chr21	29254073	29254427	LTR/ERVL-MaLR	2350	-	177	29254250	55290
chr21	29198960	29398960	harbor1	chr21	29260121	29260477	LTR/ERVL-MaLR	1290	-	178	29260299	61339
chr21	29198960	29398960	harbor1	chr21	29271134	29271196	LTR/ERVL-MaLR	849	-	31	29271165	72205
chr21	29198960	29398960	harbor1	chr21	29271504	29271692	LTR/ERVL-MaLR	849	-	94	29271598	72638
chr21	29198960	29398960	harbor1	chr21	29271995	29272233	LTR/ERVL-MaLR	849	-	119	29272114	73154
chr21	29198960	29398960	harbor1	chr21	29281450	29281493	LTR/ERVL-MaLR	2507	-	22	29281472	82512
chr21	29198960	29398960	harbor1	chr21	29281803	29282128	LTR/ERVL-MaLR	2507	-	162	29281965	83005
chr21	29198960	29398960	harbor1	chr21	29283505	29283877	LTR/ERVL-MaLR	2169	-	186	29283691	84731
chr21	29198960	29398960	harbor1	chr21	29286087	29286424	LTR/ERVL-MaLR	1807	-	168	29286255	87295
chr21	29198960	29398960	harbor1	chr21	29289699	29290051	LTR/ERVL-MaLR	1523	-	176	29289875	90915
chr21	29198960	29398960	harbor1	chr21	29293430	29293895	LTR/ERVL-MaLR	698	-	232	29293662	94702
chr21	14337849	14537849	harbor1	chr21	14344556	14344808	LTR/ERVL-MaLR	501	-	126	14344682	6833
chr21	14337849	14537849	harbor1	chr21	14351686	14351776	LTR/ERVL-MaLR	1716	-	45	14351731	13882
chr21	14337849	14537849	harbor1	chr21	14368181	14368597	LTR/ERVL-MaLR	588	-	208	14368389	30540
chr21	14337849	14537849	harbor1	chr21	14369975	14370566	LTR/ERVL-MaLR	984	-	296	14370271	32422
chr21	14337849	14537849	harbor1	chr21	14394369	14394829	LTR/ERVL-MaLR	862	-	230	14394599	56750
chr21	14337849	14537849	harbor1	chr21	14428653	14429019	LTR/ERVL-MaLR	1875	-	183	14428836	90987
chr21	14337849	14537849	harbor1	chr21	14435501	14435685	LTR/ERVL-MaLR	480	-	92	14435593	97744
chr21	14337849	14537849	harbor1	chr21	14435854	14436088	LTR/ERVL-MaLR	503	-	117	14435971	98122
chr21	14337849	14537849	harbor1	chr21	14352152	14352549	LTR/ERVL-MaLR	1716	-	198	14352350	14501
chr21	14337849	14537849	harbor1	chr21	14384773	14385323	LTR/ERVL-MaLR	1713	-	275	14385048	47199
chr21	44410644	44610644	harbor1	chr21	44432123	44432492	LTR/ERVL-MaLR	1452	-	184	44432307	21663
chr21	44410644	44610644	harbor1	chr21	44446408	44446538	LTR/ERVL-MaLR	567	-	65	44446473	35829
chr21	44410644	44610644	harbor1	chr21	44470942	44471200	LTR/ERVL-MaLR	1802	-	129	44471071	60427
chr21	44410644	44610644	harbor1	chr21	44471982	44472096	LTR/ERVL-MaLR	1802	-	57	44472039	61395
chr21	44410644	44610644	harbor1	chr21	44481190	44481484	LTR/ERVL-MaLR	1579	-	147	44481337	70693
chr21	44410644	44610644	harbor1	chr21	44482046	44482154	LTR/ERVL-MaLR	553	-	54	44482100	71456
chr21	42595318	42795318	harbor1	chr21	42599202	42599568	LTR/ERVL-MaLR	2254	-	183	42599385	4067
chr21	42595318	42795318	harbor1	chr21	42609308	42609667	LTR/ERVL-MaLR	2104	-	180	42609488	14170
chr21	42595318	42795318	harbor1	chr21	42613117	42613519	LTR/ERVL-MaLR	2197	-	201	42613318	18000
chr21	42595318	42795318	harbor1	chr21	42666520	42666812	LTR/ERVL-MaLR	480	-	146	42666666	71348
chr21	42595318	42795318	harbor1	chr21	42669108	42669332	LTR/ERVL-MaLR	844	-	112	42669220	73902
chr21	29198958	29398958	harbor1	chr21	29198733	29199066	LTR/ERVL-MaLR	1869	-	166	29198899	59
chr21	29198958	29398958	harbor1	chr21	29207506	29207887	LTR/ERVL-MaLR	1288	-	190	29207696	8738
chr21	29198958	29398958	harbor1	chr21	29226623	29226983	LTR/ERVL-MaLR	2007	-	180	29226803	27845
chr21	29198958	29398958	harbor1	chr21	29229967	29230330	LTR/ERVL-MaLR	2019	-	182	29230149	31191
chr21	29198958	29398958	harbor1	chr21	29232767	29233052	LTR/ERVL-MaLR	1731	-	142	29232909	33951
chr21	29198958	29398958	harbor1	chr21	29233482	29233575	LTR/ERVL-MaLR	1731	-	46	29233528	34570
chr21	29198958	29398958	harbor1	chr21	29243312	29243733	LTR/ERVL-MaLR	2636	-	210	29243522	44564
chr21	29198958	29398958	harbor1	chr21	29252146	29252498	LTR/ERVL-MaLR	2284	-	176	29252322	53364
chr21	29198958	29398958	harbor1	chr21	29252499	29254072	LTR/ERVL-MaLR	11611	-	786	29253285	54327
chr21	29198958	29398958	harbor1	chr21	29254073	29254427	LTR/ERVL-MaLR	2350	-	177	29254250	55292
chr21	29198958	29398958	harbor1	chr21	29260121	29260477	LTR/ERVL-MaLR	1290	-	178	29260299	61341
chr21	29198958	29398958	harbor1	chr21	29271134	29271196	LTR/ERVL-MaLR	849	-	31	29271165	72207
chr21	29198958	29398958	harbor1	chr21	29271504	29271692	LTR/ERVL-MaLR	849	-	94	29271598	72640
chr21	29198958	29398958	harbor1	chr21	29271995	29272233	LTR/ERVL-MaLR	849	-	119	29272114	73156
chr21	29198958	29398958	harbor1	chr21	29281450	29281493	LTR/ERVL-MaLR	2507	-	22	29281472	82514
chr21	29198958	29398958	harbor1	chr21	29281803	29282128	LTR/ERVL-MaLR	2507	-	162	29281965	83007
chr21	29198958	29398958	harbor1	chr21	29283505	29283877	LTR/ERVL-MaLR	2169	-	186	29283691	84733
chr21	29198958	29398958	harbor1	chr21	29286087	29286424	LTR/ERVL-MaLR	1807	-	168	29286255	87297
chr21	29198958	29398958	harbor1	chr21	29289699	29290051	LTR/ERVL-MaLR	1523	-	176	29289875	90917
chr21	29198958	29398958	harbor1	chr21	29293430	29293895	LTR/ERVL-MaLR	698	-	232	29293662	94704
chr21	5028549	5228549	harbor1	chr21	5057257	5057597	LTR/ERVL-MaLR	622	-	170	5057427	28878
chr21	5028549	5228549	harbor1	chr21	5057909	5058037	LTR/ERVL-MaLR	622	-	64	5057973	29424
chr21	5028549	5228549	harbor1	chr21	5067810	5068127	LTR/ERVL-MaLR	942	-	158	5067968	39419
chr21	5028549	5228549	harbor1	chr21	5082034	5082224	LTR/ERVL-MaLR	515	-	95	5082129	53580
chr21	46358914	46558914	harbor1	chr21	46396202	46396590	LTR/ERVL-MaLR	1308	-	194	46396396	37482
chr21	46358914	46558914	harbor1	chr21	46427290	46427565	LTR/ERVL-MaLR	624	-	138	46427428	68514
chr21	46081078	46281078	harbor1	chr21	46086994	46087374	LTR/ERVL-MaLR	2447	-	190	46087184	6106
chr21	46081078	46281078	harbor1	chr21	46129719	46129892	LTR/ERVL-MaLR	495	-	86	46129805	48727
chr21	46081078	46281078	harbor1	chr21	46134216	46134326	LTR/ERVL-MaLR	533	-	55	46134271	53193
chr21	46089884	46289884	harbor1	chr21	46129719	46129892	LTR/ERVL-MaLR	495	-	86	46129805	39921
chr21	46089884	46289884	harbor1	chr21	46134216	46134326	LTR/ERVL-MaLR	533	-	55	46134271	44387
chr21	44410702	44610702	harbor1	chr21	44432123	44432492	LTR/ERVL-MaLR	1452	-	184	44432307	21605
chr21	44410702	44610702	harbor1	chr21	44446408	44446538	LTR/ERVL-MaLR	567	-	65	44446473	35771
chr21	44410702	44610702	harbor1	chr21	44470942	44471200	LTR/ERVL-MaLR	1802	-	129	44471071	60369
chr21	44410702	44610702	harbor1	chr21	44471982	44472096	LTR/ERVL-MaLR	1802	-	57	44472039	61337
chr21	44410702	44610702	harbor1	chr21	44481190	44481484	LTR/ERVL-MaLR	1579	-	147	44481337	70635
chr21	44410702	44610702	harbor1	chr21	44482046	44482154	LTR/ERVL-MaLR	553	-	54	44482100	71398
chr21	45121058	45321058	harbor1	chr21	45133198	45133613	LTR/ERVL-MaLR	1556	-	208	45133406	12348
chr21	45121058	45321058	harbor1	chr21	45159089	45159445	LTR/ERVL-MaLR	2018	-	178	45159267	38209
chr21	45121058	45321058	harbor1	chr21	45188816	45189178	LTR/ERVL-MaLR	2332	-	181	45188997	67939
chr21	44409441	44609441	harbor1	chr21	44432123	44432492	LTR/ERVL-MaLR	1452	-	184	44432307	22866
chr21	44409441	44609441	harbor1	chr21	44446408	44446538	LTR/ERVL-MaLR	567	-	65	44446473	37032
chr21	44409441	44609441	harbor1	chr21	44470942	44471200	LTR/ERVL-MaLR	1802	-	129	44471071	61630
chr21	44409441	44609441	harbor1	chr21	44471982	44472096	LTR/ERVL-MaLR	1802	-	57	44472039	62598
chr21	44409441	44609441	harbor1	chr21	44481190	44481484	LTR/ERVL-MaLR	1579	-	147	44481337	71896
chr21	44409441	44609441	harbor1	chr21	44482046	44482154	LTR/ERVL-MaLR	553	-	54	44482100	72659
chr21	41209974	41409974	harbor1	chr21	41212077	41212437	LTR/ERVL-MaLR	1812	-	180	41212257	2283
chr21	41209974	41409974	harbor1	chr21	41223014	41223071	LTR/ERVL-MaLR	1099	-	28	41223042	13068
chr21	41209974	41409974	harbor1	chr21	41223368	41223756	LTR/ERVL-MaLR	1099	-	194	41223562	13588
chr21	41209974	41409974	harbor1	chr21	41228375	41228784	LTR/ERVL-MaLR	2207	-	204	41228579	18605
chr21	41209974	41409974	harbor1	chr21	41251072	41251473	LTR/ERVL-MaLR	771	-	200	41251272	41298
chr21	41209974	41409974	harbor1	chr21	41260445	41260842	LTR/ERVL-MaLR	606	-	198	41260643	50669
chr21	41209974	41409974	harbor1	chr21	41264399	41264796	LTR/ERVL-MaLR	2206	-	198	41264597	54623
chr21	41209974	41409974	harbor1	chr21	41285374	41285749	LTR/ERVL-MaLR	1300	-	188	41285562	75588
chr21	42275771	42475771	harbor1	chr21	42286214	42286359	LTR/ERVL-MaLR	475	-	72	42286286	10515
chr21	42275771	42475771	harbor1	chr21	42288793	42289099	LTR/ERVL-MaLR	951	-	153	42288946	13175
chr21	42275771	42475771	harbor1	chr21	42289149	42289463	LTR/ERVL-MaLR	627	-	157	42289306	13535
chr21	42275771	42475771	harbor1	chr21	42354347	42354727	LTR/ERVL-MaLR	1893	-	190	42354537	78766
chr21	42330687	42530687	harbor1	chr21	42354347	42354727	LTR/ERVL-MaLR	1893	-	190	42354537	23850
chr21	42330687	42530687	harbor1	chr21	42418970	42419200	LTR/ERVL-MaLR	872	-	115	42419085	88398
chr21	42330687	42530687	harbor1	chr21	42419232	42419689	LTR/ERVL-MaLR	1612	-	228	42419460	88773
chr21	42330687	42530687	harbor1	chr21	42420030	42420068	LTR/ERVL-MaLR	1612	-	19	42420049	89362
chr21	42330687	42530687	harbor1	chr21	42420797	42420935	LTR/ERVL-MaLR	533	-	69	42420866	90179
chr21	39008427	39208427	harbor1	chr21	39013565	39013741	LTR/ERVL-MaLR	2203	-	88	39013653	5226
chr21	39008427	39208427	harbor1	chr21	39014059	39014238	LTR/ERVL-MaLR	2203	-	90	39014149	5722
chr21	39008427	39208427	harbor1	chr21	39016932	39017234	LTR/ERVL-MaLR	1895	-	151	39017083	8656
chr21	39008427	39208427	harbor1	chr21	39017283	39017396	LTR/ERVL-MaLR	1895	-	56	39017339	8912
chr21	39008427	39208427	harbor1	chr21	39023789	39024138	LTR/ERVL-MaLR	1006	-	174	39023963	15536
chr21	39008427	39208427	harbor1	chr21	39024140	39024371	LTR/ERVL-MaLR	775	-	116	39024256	15829
chr21	39008427	39208427	harbor1	chr21	39025283	39025703	LTR/ERVL-MaLR	2317	-	210	39025493	17066
chr21	39008427	39208427	harbor1	chr21	39044408	39044564	LTR/ERVL-MaLR	447	-	78	39044486	36059
chr21	39008427	39208427	harbor1	chr21	39047562	39047875	LTR/ERVL-MaLR	2101	-	156	39047718	39291
chr21	39008427	39208427	harbor1	chr21	39057404	39057664	LTR/ERVL-MaLR	1376	-	130	39057534	49107
chr21	39008427	39208427	harbor1	chr21	39104921	39105244	LTR/ERVL-MaLR	1235	-	162	39105083	96656
chr21	37167966	37367966	harbor1	chr21	37168688	37169170	LTR/ERVL-MaLR	1686	-	241	37168929	963
chr21	37167966	37367966	harbor1	chr21	37177026	37177461	LTR/ERVL-MaLR	518	-	218	37177244	9278
chr21	37167966	37367966	harbor1	chr21	37183481	37183933	LTR/ERVL-MaLR	746	-	226	37183707	15741
chr21	39008529	39208529	harbor1	chr21	39013565	39013741	LTR/ERVL-MaLR	2203	-	88	39013653	5124
chr21	39008529	39208529	harbor1	chr21	39014059	39014238	LTR/ERVL-MaLR	2203	-	90	39014149	5620
chr21	39008529	39208529	harbor1	chr21	39016932	39017234	LTR/ERVL-MaLR	1895	-	151	39017083	8554
chr21	39008529	39208529	harbor1	chr21	39017283	39017396	LTR/ERVL-MaLR	1895	-	56	39017339	8810
chr21	39008529	39208529	harbor1	chr21	39023789	39024138	LTR/ERVL-MaLR	1006	-	174	39023963	15434
chr21	39008529	39208529	harbor1	chr21	39024140	39024371	LTR/ERVL-MaLR	775	-	116	39024256	15727
chr21	39008529	39208529	harbor1	chr21	39025283	39025703	LTR/ERVL-MaLR	2317	-	210	39025493	16964
chr21	39008529	39208529	harbor1	chr21	39044408	39044564	LTR/ERVL-MaLR	447	-	78	39044486	35957
chr21	39008529	39208529	harbor1	chr21	39047562	39047875	LTR/ERVL-MaLR	2101	-	156	39047718	39189
chr21	39008529	39208529	harbor1	chr21	39057404	39057664	LTR/ERVL-MaLR	1376	-	130	39057534	49005
chr21	39008529	39208529	harbor1	chr21	39104921	39105244	LTR/ERVL-MaLR	1235	-	162	39105083	96554
chr21	41615341	41815341	harbor1	chr21	41622219	41622686	LTR/ERVL-MaLR	980	-	234	41622453	7112
chr21	41615341	41815341	harbor1	chr21	41624386	41624739	LTR/ERVL-MaLR	2776	-	176	41624562	9221
chr21	41615341	41815341	harbor1	chr21	41631158	41631598	LTR/ERVL-MaLR	1438	-	220	41631378	16037
chr21	41615341	41815341	harbor1	chr21	41638333	41638786	LTR/ERVL-MaLR	669	-	226	41638559	23218
chr21	41615341	41815341	harbor1	chr21	41654525	41654886	LTR/ERVL-MaLR	1973	-	180	41654705	39364
chr21	41615341	41815341	harbor1	chr21	41658105	41658160	LTR/ERVL-MaLR	1419	-	28	41658133	42792
chr21	41615341	41815341	harbor1	chr21	41658616	41658871	LTR/ERVL-MaLR	1419	-	128	41658744	43403
chr21	41615341	41815341	harbor1	chr21	41669739	41670086	LTR/ERVL-MaLR	1489	-	174	41669913	54572
chr21	41615341	41815341	harbor1	chr21	41684856	41685316	LTR/ERVL-MaLR	1209	-	230	41685086	69745
chr21	41615341	41815341	harbor1	chr21	41698629	41699034	LTR/ERVL-MaLR	2469	-	202	41698831	83490
chr21	41615341	41815341	harbor1	chr21	41702065	41702420	LTR/ERVL-MaLR	2382	-	178	41702243	86902
chr21	41615341	41815341	harbor1	chr21	41711670	41712172	LTR/ERVL-MaLR	1504	-	251	41711921	96580
chr21	44624134	44824134	harbor1	chr21	44629261	44629564	LTR/ERVL-MaLR	1049	-	152	44629413	5279
chr21	44624134	44824134	harbor1	chr21	44651369	44651827	LTR/ERVL-MaLR	1411	-	229	44651598	27464
chr21	44624134	44824134	harbor1	chr21	44661543	44661981	LTR/ERVL-MaLR	2943	-	219	44661762	37628
chr21	29198951	29398951	harbor1	chr21	29198733	29199066	LTR/ERVL-MaLR	1869	-	166	29198899	52
chr21	29198951	29398951	harbor1	chr21	29207506	29207887	LTR/ERVL-MaLR	1288	-	190	29207696	8745
chr21	29198951	29398951	harbor1	chr21	29226623	29226983	LTR/ERVL-MaLR	2007	-	180	29226803	27852
chr21	29198951	29398951	harbor1	chr21	29229967	29230330	LTR/ERVL-MaLR	2019	-	182	29230149	31198
chr21	29198951	29398951	harbor1	chr21	29232767	29233052	LTR/ERVL-MaLR	1731	-	142	29232909	33958
chr21	29198951	29398951	harbor1	chr21	29233482	29233575	LTR/ERVL-MaLR	1731	-	46	29233528	34577
chr21	29198951	29398951	harbor1	chr21	29243312	29243733	LTR/ERVL-MaLR	2636	-	210	29243522	44571
chr21	29198951	29398951	harbor1	chr21	29252146	29252498	LTR/ERVL-MaLR	2284	-	176	29252322	53371
chr21	29198951	29398951	harbor1	chr21	29252499	29254072	LTR/ERVL-MaLR	11611	-	786	29253285	54334
chr21	29198951	29398951	harbor1	chr21	29254073	29254427	LTR/ERVL-MaLR	2350	-	177	29254250	55299
chr21	29198951	29398951	harbor1	chr21	29260121	29260477	LTR/ERVL-MaLR	1290	-	178	29260299	61348
chr21	29198951	29398951	harbor1	chr21	29271134	29271196	LTR/ERVL-MaLR	849	-	31	29271165	72214
chr21	29198951	29398951	harbor1	chr21	29271504	29271692	LTR/ERVL-MaLR	849	-	94	29271598	72647
chr21	29198951	29398951	harbor1	chr21	29271995	29272233	LTR/ERVL-MaLR	849	-	119	29272114	73163
chr21	29198951	29398951	harbor1	chr21	29281450	29281493	LTR/ERVL-MaLR	2507	-	22	29281472	82521
chr21	29198951	29398951	harbor1	chr21	29281803	29282128	LTR/ERVL-MaLR	2507	-	162	29281965	83014
chr21	29198951	29398951	harbor1	chr21	29283505	29283877	LTR/ERVL-MaLR	2169	-	186	29283691	84740
chr21	29198951	29398951	harbor1	chr21	29286087	29286424	LTR/ERVL-MaLR	1807	-	168	29286255	87304
chr21	29198951	29398951	harbor1	chr21	29289699	29290051	LTR/ERVL-MaLR	1523	-	176	29289875	90924
chr21	29198951	29398951	harbor1	chr21	29293430	29293895	LTR/ERVL-MaLR	698	-	232	29293662	94711
chr21	39008418	39208418	harbor1	chr21	39013565	39013741	LTR/ERVL-MaLR	2203	-	88	39013653	5235
chr21	39008418	39208418	harbor1	chr21	39014059	39014238	LTR/ERVL-MaLR	2203	-	90	39014149	5731
chr21	39008418	39208418	harbor1	chr21	39016932	39017234	LTR/ERVL-MaLR	1895	-	151	39017083	8665
chr21	39008418	39208418	harbor1	chr21	39017283	39017396	LTR/ERVL-MaLR	1895	-	56	39017339	8921
chr21	39008418	39208418	harbor1	chr21	39023789	39024138	LTR/ERVL-MaLR	1006	-	174	39023963	15545
chr21	39008418	39208418	harbor1	chr21	39024140	39024371	LTR/ERVL-MaLR	775	-	116	39024256	15838
chr21	39008418	39208418	harbor1	chr21	39025283	39025703	LTR/ERVL-MaLR	2317	-	210	39025493	17075
chr21	39008418	39208418	harbor1	chr21	39044408	39044564	LTR/ERVL-MaLR	447	-	78	39044486	36068
chr21	39008418	39208418	harbor1	chr21	39047562	39047875	LTR/ERVL-MaLR	2101	-	156	39047718	39300
chr21	39008418	39208418	harbor1	chr21	39057404	39057664	LTR/ERVL-MaLR	1376	-	130	39057534	49116
chr21	39008418	39208418	harbor1	chr21	39104921	39105244	LTR/ERVL-MaLR	1235	-	162	39105083	96665
chr21	8119783	8319783	harbor1	chr21	8119817	8120144	LTR/ERVL-MaLR	608	-	164	8119981	198
chr21	8119783	8319783	harbor1	chr21	8121268	8121608	LTR/ERVL-MaLR	1548	-	170	8121438	1655
chr21	8119783	8319783	harbor1	chr21	8130721	8130831	LTR/ERVL-MaLR	480	-	55	8130776	10993
chr21	8119783	8319783	harbor1	chr21	8132092	8132333	LTR/ERVL-MaLR	480	-	120	8132212	12429
chr21	8119783	8319783	harbor1	chr21	8133342	8133590	LTR/ERVL-MaLR	491	-	124	8133466	13683
chr22	39578289	39778289	harbor1	chr22	39579424	39579646	LTR/ERVL-MaLR	2016	-	111	39579535	1246
chr22	39578289	39778289	harbor1	chr22	39579949	39580141	LTR/ERVL-MaLR	2016	-	96	39580045	1756
chr22	39578289	39778289	harbor1	chr22	39610589	39611047	LTR/ERVL-MaLR	707	-	229	39610818	32529
chr22	39578289	39778289	harbor1	chr22	39612384	39612745	LTR/ERVL-MaLR	1999	-	180	39612564	34275
chr22	39578289	39778289	harbor1	chr22	39614294	39614680	LTR/ERVL-MaLR	784	-	193	39614487	36198
chr22	44201157	44401157	harbor1	chr22	44210048	44210566	LTR/ERVL-MaLR	1431	-	259	44210307	9150
chr22	44201157	44401157	harbor1	chr22	44219478	44219807	LTR/ERVL-MaLR	485	-	164	44219642	18485
chr22	44201157	44401157	harbor1	chr22	44219887	44220091	LTR/ERVL-MaLR	1378	-	102	44219989	18832
chr22	44201157	44401157	harbor1	chr22	44220678	44220758	LTR/ERVL-MaLR	1378	-	40	44220718	19561
chr22	44201157	44401157	harbor1	chr22	44221712	44222149	LTR/ERVL-MaLR	1358	-	218	44221930	20773
chr22	44201157	44401157	harbor1	chr22	44222397	44222836	LTR/ERVL-MaLR	2742	-	220	44222617	21460
chr22	44201157	44401157	harbor1	chr22	44227372	44227869	LTR/ERVL-MaLR	1040	-	248	44227620	26463
chr22	44201157	44401157	harbor1	chr22	44233707	44234103	LTR/ERVL-MaLR	1979	-	198	44233905	32748
chr22	44201157	44401157	harbor1	chr22	44251494	44251860	LTR/ERVL-MaLR	2350	-	183	44251677	50520
chr22	44201157	44401157	harbor1	chr22	44220400	44220439	LTR/ERVL-MaLR	1378	-	20	44220420	19263
chr22	45966963	46166963	harbor1	chr22	46050407	46050853	LTR/ERVL-MaLR	1408	-	223	46050630	83667
chr22	42986422	43186422	harbor1	chr22	43071722	43072143	LTR/ERVL-MaLR	1088	-	210	43071932	85510
chr22	23976652	24176652	harbor1	chr22	24043401	24043469	LTR/ERVL-MaLR	437	-	34	24043435	66783
chr22	23976652	24176652	harbor1	chr22	24043775	24044063	LTR/ERVL-MaLR	1492	-	144	24043919	67267
chr22	23976652	24176652	harbor1	chr22	24044307	24044925	LTR/ERVL-MaLR	2695	-	309	24044616	67964
chr22	23976652	24176652	harbor1	chr22	24045224	24045348	LTR/ERVL-MaLR	2695	-	62	24045286	68634
chr22	23976652	24176652	harbor1	chr22	24045622	24045676	LTR/ERVL-MaLR	2695	-	27	24045649	68997
chr22	23976652	24176652	harbor1	chr22	24045682	24045775	LTR/ERVL-MaLR	585	-	46	24045728	69076
chr22	42989585	43189585	harbor1	chr22	43071722	43072143	LTR/ERVL-MaLR	1088	-	210	43071932	82347
chr22	42756724	42956724	harbor1	chr22	42756792	42756968	LTR/ERVL-MaLR	1529	-	88	42756880	156
chr22	42756724	42956724	harbor1	chr22	42846838	42847135	LTR/ERVL-MaLR	1387	-	148	42846986	90262
chr22	37416208	37616208	harbor1	chr22	37432457	37432961	LTR/ERVL-MaLR	2013	-	252	37432709	16501
chr22	37416208	37616208	harbor1	chr22	37435811	37436232	LTR/ERVL-MaLR	587	-	210	37436021	19813
chr22	37416208	37616208	harbor1	chr22	37439388	37439855	LTR/ERVL-MaLR	1036	-	234	37439622	23414
chr22	37416208	37616208	harbor1	chr22	37462018	37462190	LTR/ERVL-MaLR	509	-	86	37462104	45896
chr22	37416208	37616208	harbor1	chr22	37469137	37469322	LTR/ERVL-MaLR	388	-	92	37469229	53021
chr22	23794301	23994301	harbor1	chr22	23801438	23801845	LTR/ERVL-MaLR	669	-	204	23801642	7341
chr22	23794301	23994301	harbor1	chr22	23863969	23864181	LTR/ERVL-MaLR	445	-	106	23864075	69774
chr22	23794301	23994301	harbor1	chr22	23869672	23870088	LTR/ERVL-MaLR	2231	-	208	23869880	75579
chr22	23794301	23994301	harbor1	chr22	23875763	23876264	LTR/ERVL-MaLR	1643	-	250	23876013	81712
chr22	23794301	23994301	harbor1	chr22	23878195	23878700	LTR/ERVL-MaLR	517	-	252	23878447	84146
chr22	23794301	23994301	harbor1	chr22	23878714	23879140	LTR/ERVL-MaLR	2724	-	213	23878927	84626
chr22	23794301	23994301	harbor1	chr22	23879791	23879940	LTR/ERVL-MaLR	2724	-	74	23879865	85564
chr22	23794301	23994301	harbor1	chr22	23880289	23881078	LTR/ERVL-MaLR	2724	-	394	23880683	86382
chr22	23794301	23994301	harbor1	chr22	23881083	23881559	LTR/ERVL-MaLR	893	-	238	23881321	87020
chr22	23794301	23994301	harbor1	chr22	23886346	23886718	LTR/ERVL-MaLR	2189	-	186	23886532	92231
chr22	23794301	23994301	harbor1	chr22	23891139	23891668	LTR/ERVL-MaLR	1630	-	264	23891403	97102
chr22	36407036	36607036	harbor1	chr22	36428229	36428651	LTR/ERVL-MaLR	948	-	211	36428440	21404
chr22	36407036	36607036	harbor1	chr22	36433873	36433999	LTR/ERVL-MaLR	708	-	63	36433936	26900
chr22	36407036	36607036	harbor1	chr22	36445825	36446018	LTR/ERVL-MaLR	833	-	96	36445921	38885
chr22	36407036	36607036	harbor1	chr22	36446838	36446966	LTR/ERVL-MaLR	681	-	64	36446902	39866
chr22	36186433	36386433	harbor1	chr22	36222408	36222855	LTR/ERVL-MaLR	1827	-	224	36222632	36199
chr22	36186433	36386433	harbor1	chr22	36261098	36261464	LTR/ERVL-MaLR	1294	-	183	36261281	74848
chr22	36194376	36394376	harbor1	chr22	36222408	36222855	LTR/ERVL-MaLR	1827	-	224	36222632	28256
chr22	36194376	36394376	harbor1	chr22	36261098	36261464	LTR/ERVL-MaLR	1294	-	183	36261281	66905
chr22	36918544	37118544	harbor1	chr22	36918694	36919178	LTR/ERVL-MaLR	1088	-	242	36918936	392
chr22	36918544	37118544	harbor1	chr22	36945447	36945821	LTR/ERVL-MaLR	2131	-	187	36945634	27090
chr22	36918544	37118544	harbor1	chr22	36948160	36948488	LTR/ERVL-MaLR	1823	-	164	36948324	29780
chr22	36918544	37118544	harbor1	chr22	36956938	36957151	LTR/ERVL-MaLR	2382	-	106	36957044	38500
chr22	36918544	37118544	harbor1	chr22	36957183	36957221	LTR/ERVL-MaLR	2382	-	19	36957202	38658
chr22	36918544	37118544	harbor1	chr22	36957531	36957731	LTR/ERVL-MaLR	2382	-	100	36957631	39087
chr22	36918544	37118544	harbor1	chr22	36980385	36980481	LTR/ERVL-MaLR	1622	-	48	36980433	61889
chr22	36918544	37118544	harbor1	chr22	36980772	36981048	LTR/ERVL-MaLR	1622	-	138	36980910	62366
chr22	36918544	37118544	harbor1	chr22	37008909	37009451	LTR/ERVL-MaLR	1438	-	271	37009180	90636
chr22	50098549	50298549	harbor1	chr22	50131842	50132196	LTR/ERVL-MaLR	1843	-	177	50132019	33470
chr22	50098549	50298549	harbor1	chr22	50172170	50172435	LTR/ERVL-MaLR	846	-	132	50172302	73753
chr22	50098549	50298549	harbor1	chr22	50172701	50172712	LTR/ERVL-MaLR	846	-	6	50172707	74158
chr22	50098549	50298549	harbor1	chr22	50173656	50173881	LTR/ERVL-MaLR	714	-	112	50173768	75219
chr22	50098549	50298549	harbor1	chr22	50188436	50188731	LTR/ERVL-MaLR	908	-	148	50188584	90035
chr22	45868002	46068002	harbor1	chr22	45873933	45874129	LTR/ERVL-MaLR	1058	-	98	45874031	6029
chr22	36186444	36386444	harbor1	chr22	36222408	36222855	LTR/ERVL-MaLR	1827	-	224	36222632	36188
chr22	36186444	36386444	harbor1	chr22	36261098	36261464	LTR/ERVL-MaLR	1294	-	183	36261281	74837
chr22	36406317	36606317	harbor1	chr22	36428229	36428651	LTR/ERVL-MaLR	948	-	211	36428440	22123
chr22	36406317	36606317	harbor1	chr22	36433873	36433999	LTR/ERVL-MaLR	708	-	63	36433936	27619
chr22	36406317	36606317	harbor1	chr22	36445825	36446018	LTR/ERVL-MaLR	833	-	96	36445921	39604
chr22	36406317	36606317	harbor1	chr22	36446838	36446966	LTR/ERVL-MaLR	681	-	64	36446902	40585
chr22	19658147	19858147	harbor1	chr22	19667183	19667217	LTR/ERVL-MaLR	1092	-	17	19667200	9053
chr22	19658147	19858147	harbor1	chr22	19668051	19668531	LTR/ERVL-MaLR	1092	-	240	19668291	10144
chr22	19658147	19858147	harbor1	chr22	19668735	19669154	LTR/ERVL-MaLR	2464	-	210	19668945	10798
chr22	19658147	19858147	harbor1	chr22	19700198	19700601	LTR/ERVL-MaLR	2579	-	202	19700400	42253
chr22	23889707	24089707	harbor1	chr22	23891139	23891668	LTR/ERVL-MaLR	1630	-	264	23891403	1696
chr22	50061640	50261640	harbor1	chr22	50131842	50132196	LTR/ERVL-MaLR	1843	-	177	50132019	70379
chr22	46291620	46491620	harbor1	chr22	46291629	46291672	LTR/ERVL-MaLR	724	-	22	46291651	31
chr22	46291620	46491620	harbor1	chr22	46291975	46292145	LTR/ERVL-MaLR	791	-	85	46292060	440
chr22	46291620	46491620	harbor1	chr22	46292358	46292497	LTR/ERVL-MaLR	750	-	70	46292428	808
chr22	46291620	46491620	harbor1	chr22	46295096	46295495	LTR/ERVL-MaLR	2452	-	200	46295296	3676
chr22	46291620	46491620	harbor1	chr22	46318822	46319132	LTR/ERVL-MaLR	520	-	155	46318977	27357
chr22	46291620	46491620	harbor1	chr22	46324983	46325194	LTR/ERVL-MaLR	1660	-	106	46325089	33469
chr22	46291620	46491620	harbor1	chr22	46325657	46325802	LTR/ERVL-MaLR	1660	-	72	46325729	34109
chr22	39578199	39778199	harbor1	chr22	39579424	39579646	LTR/ERVL-MaLR	2016	-	111	39579535	1336
chr22	39578199	39778199	harbor1	chr22	39579949	39580141	LTR/ERVL-MaLR	2016	-	96	39580045	1846
chr22	39578199	39778199	harbor1	chr22	39610589	39611047	LTR/ERVL-MaLR	707	-	229	39610818	32619
chr22	39578199	39778199	harbor1	chr22	39612384	39612745	LTR/ERVL-MaLR	1999	-	180	39612564	34365
chr22	39578199	39778199	harbor1	chr22	39614294	39614680	LTR/ERVL-MaLR	784	-	193	39614487	36288
chr22	19658301	19858301	harbor1	chr22	19667183	19667217	LTR/ERVL-MaLR	1092	-	17	19667200	8899
chr22	19658301	19858301	harbor1	chr22	19668051	19668531	LTR/ERVL-MaLR	1092	-	240	19668291	9990
chr22	19658301	19858301	harbor1	chr22	19668735	19669154	LTR/ERVL-MaLR	2464	-	210	19668945	10644
chr22	19658301	19858301	harbor1	chr22	19700198	19700601	LTR/ERVL-MaLR	2579	-	202	19700400	42099
chr22	22547227	22747227	harbor1	chr22	22562857	22563242	LTR/ERVL-MaLR	1475	-	192	22563049	15822
chr22	22547227	22747227	harbor1	chr22	22565743	22566069	LTR/ERVL-MaLR	1193	-	163	22565906	18679
chr22	22547227	22747227	harbor1	chr22	22566075	22566184	LTR/ERVL-MaLR	395	-	54	22566129	18902
chr22	22547227	22747227	harbor1	chr22	22566960	22567064	LTR/ERVL-MaLR	807	-	52	22567012	19785
chr22	22547227	22747227	harbor1	chr22	22567310	22567636	LTR/ERVL-MaLR	1798	-	163	22567473	20246
chr22	22547227	22747227	harbor1	chr22	22581953	22582138	LTR/ERVL-MaLR	865	-	92	22582045	34818
chr22	22547227	22747227	harbor1	chr22	22589786	22589849	LTR/ERVL-MaLR	668	-	32	22589818	42591
chr22	22547227	22747227	harbor1	chr22	22589850	22590044	LTR/ERVL-MaLR	1975	-	97	22589947	42720
chr22	22547227	22747227	harbor1	chr22	22590336	22590527	LTR/ERVL-MaLR	1975	-	96	22590432	43205
chr22	22547227	22747227	harbor1	chr22	22590528	22590646	LTR/ERVL-MaLR	668	-	59	22590587	43360
chr22	22547227	22747227	harbor1	chr22	22598580	22598790	LTR/ERVL-MaLR	1060	-	105	22598685	51458
chr22	22547227	22747227	harbor1	chr22	22599524	22599979	LTR/ERVL-MaLR	2375	-	228	22599752	52525
chr22	39578244	39778244	harbor1	chr22	39579424	39579646	LTR/ERVL-MaLR	2016	-	111	39579535	1291
chr22	39578244	39778244	harbor1	chr22	39579949	39580141	LTR/ERVL-MaLR	2016	-	96	39580045	1801
chr22	39578244	39778244	harbor1	chr22	39610589	39611047	LTR/ERVL-MaLR	707	-	229	39610818	32574
chr22	39578244	39778244	harbor1	chr22	39612384	39612745	LTR/ERVL-MaLR	1999	-	180	39612564	34320
chr22	39578244	39778244	harbor1	chr22	39614294	39614680	LTR/ERVL-MaLR	784	-	193	39614487	36243
chr22	49851551	50051551	harbor1	chr22	49866752	49866950	LTR/ERVL-MaLR	674	-	99	49866851	15300
chr22	49851551	50051551	harbor1	chr22	49925960	49926329	LTR/ERVL-MaLR	779	-	184	49926144	74593
chr22	24007472	24207472	harbor1	chr22	24043401	24043469	LTR/ERVL-MaLR	437	-	34	24043435	35963
chr22	24007472	24207472	harbor1	chr22	24043775	24044063	LTR/ERVL-MaLR	1492	-	144	24043919	36447
chr22	24007472	24207472	harbor1	chr22	24044307	24044925	LTR/ERVL-MaLR	2695	-	309	24044616	37144
chr22	24007472	24207472	harbor1	chr22	24045224	24045348	LTR/ERVL-MaLR	2695	-	62	24045286	37814
chr22	24007472	24207472	harbor1	chr22	24045622	24045676	LTR/ERVL-MaLR	2695	-	27	24045649	38177
chr22	24007472	24207472	harbor1	chr22	24045682	24045775	LTR/ERVL-MaLR	585	-	46	24045728	38256
chr22	32076022	32276022	harbor1	chr22	32111133	32111510	LTR/ERVL-MaLR	2131	-	188	32111321	35299
chr22	32076022	32276022	harbor1	chr22	32168312	32168383	LTR/ERVL-MaLR	2238	-	36	32168348	92326
chr22	32076022	32276022	harbor1	chr22	32168719	32169000	LTR/ERVL-MaLR	2238	-	140	32168859	92837
chr22	37218535	37418535	harbor1	chr22	37219670	37219903	LTR/ERVL-MaLR	556	-	116	37219786	1251
chr22	37218535	37418535	harbor1	chr22	37220581	37220965	LTR/ERVL-MaLR	1856	-	192	37220773	2238
chr22	37218535	37418535	harbor1	chr22	37222747	37222999	LTR/ERVL-MaLR	437	-	126	37222873	4338
chr22	37218535	37418535	harbor1	chr22	37251389	37251764	LTR/ERVL-MaLR	2109	-	188	37251577	33042
chr22	37218535	37418535	harbor1	chr22	37264667	37264993	LTR/ERVL-MaLR	536	-	163	37264830	46295
chr22	37218535	37418535	harbor1	chr22	37265093	37265534	LTR/ERVL-MaLR	725	-	220	37265313	46778
chr22	37218535	37418535	harbor1	chr22	37280889	37281042	LTR/ERVL-MaLR	556	-	76	37280965	62430
chr22	37218535	37418535	harbor1	chr22	37281060	37281329	LTR/ERVL-MaLR	908	-	134	37281194	62659
chr22	37218535	37418535	harbor1	chr22	37306605	37307052	LTR/ERVL-MaLR	695	-	224	37306829	88294
chr22	23971820	24171820	harbor1	chr22	24043401	24043469	LTR/ERVL-MaLR	437	-	34	24043435	71615
chr22	23971820	24171820	harbor1	chr22	24043775	24044063	LTR/ERVL-MaLR	1492	-	144	24043919	72099
chr22	23971820	24171820	harbor1	chr22	24044307	24044925	LTR/ERVL-MaLR	2695	-	309	24044616	72796
chr22	23971820	24171820	harbor1	chr22	24045224	24045348	LTR/ERVL-MaLR	2695	-	62	24045286	73466
chr22	23971820	24171820	harbor1	chr22	24045622	24045676	LTR/ERVL-MaLR	2695	-	27	24045649	73829
chr22	23971820	24171820	harbor1	chr22	24045682	24045775	LTR/ERVL-MaLR	585	-	46	24045728	73908
chr22	17452700	17652700	harbor1	chr22	17468765	17469066	LTR/ERVL-MaLR	1369	-	150	17468915	16215
chr22	17452700	17652700	harbor1	chr22	17469257	17469331	LTR/ERVL-MaLR	453	-	37	17469294	16594
chr22	17452700	17652700	harbor1	chr22	17480227	17480402	LTR/ERVL-MaLR	707	-	88	17480315	27615
chr22	17452700	17652700	harbor1	chr22	17532211	17532399	LTR/ERVL-MaLR	728	-	94	17532305	79605
chr22	23214520	23414520	harbor1	chr22	23216574	23217058	LTR/ERVL-MaLR	982	-	242	23216816	2296
chr22	23214520	23414520	harbor1	chr22	23222839	23223198	LTR/ERVL-MaLR	1834	-	180	23223019	8499
chr22	23214520	23414520	harbor1	chr22	23228444	23228560	LTR/ERVL-MaLR	562	-	58	23228502	13982
chr22	23214520	23414520	harbor1	chr22	23235648	23235993	LTR/ERVL-MaLR	1634	-	172	23235820	21300
chr22	23214520	23414520	harbor1	chr22	23239615	23239821	LTR/ERVL-MaLR	1287	-	103	23239718	25198
chr22	23214520	23414520	harbor1	chr22	23240109	23240255	LTR/ERVL-MaLR	1287	-	73	23240182	25662
chr22	23214520	23414520	harbor1	chr22	23242738	23242999	LTR/ERVL-MaLR	774	-	130	23242868	28348
chr22	23214520	23414520	harbor1	chr22	23244261	23244390	LTR/ERVL-MaLR	473	-	64	23244325	29805
chr22	23214520	23414520	harbor1	chr22	23259160	23259396	LTR/ERVL-MaLR	1386	-	118	23259278	44758
chr22	23214520	23414520	harbor1	chr22	23260006	23260116	LTR/ERVL-MaLR	1386	-	55	23260061	45541
chr22	23214520	23414520	harbor1	chr22	23279799	23280175	LTR/ERVL-MaLR	1330	-	188	23279987	65467
chr22	44788190	44988190	harbor1	chr22	44798409	44798526	LTR/ERVL-MaLR	394	-	58	44798467	10277
chr22	44788190	44988190	harbor1	chr22	44802566	44802973	LTR/ERVL-MaLR	1041	-	204	44802770	14580
chr22	44788190	44988190	harbor1	chr22	44807623	44808086	LTR/ERVL-MaLR	1284	-	232	44807855	19665
chr22	44788190	44988190	harbor1	chr22	44839771	44840194	LTR/ERVL-MaLR	926	-	212	44839983	51793
chr22	44788190	44988190	harbor1	chr22	44840224	44840483	LTR/ERVL-MaLR	809	-	130	44840354	52164
chr22	44788190	44988190	harbor1	chr22	44840493	44840618	LTR/ERVL-MaLR	676	-	62	44840555	52365
chr22	44788190	44988190	harbor1	chr22	44840756	44840865	LTR/ERVL-MaLR	517	-	54	44840810	52620
chr22	44788190	44988190	harbor1	chr22	44855826	44856213	LTR/ERVL-MaLR	2085	-	194	44856020	67830
chr22	44788190	44988190	harbor1	chr22	44860264	44860641	LTR/ERVL-MaLR	542	-	188	44860452	72262
chr22	44788190	44988190	harbor1	chr22	44863102	44863250	LTR/ERVL-MaLR	460	-	74	44863176	74986
chr22	44788190	44988190	harbor1	chr22	44863389	44863532	LTR/ERVL-MaLR	474	-	72	44863461	75271
chr22	44788190	44988190	harbor1	chr22	44864906	44865214	LTR/ERVL-MaLR	454	-	154	44865060	76870
chr22	44788190	44988190	harbor1	chr22	44865261	44865496	LTR/ERVL-MaLR	434	-	118	44865379	77189
chr22	44788190	44988190	harbor1	chr22	44866075	44866477	LTR/ERVL-MaLR	2274	-	201	44866276	78086
chr22	44788190	44988190	harbor1	chr22	44877555	44877599	LTR/ERVL-MaLR	1844	-	22	44877577	89387
chr22	44788190	44988190	harbor1	chr22	44877911	44878253	LTR/ERVL-MaLR	1844	-	171	44878082	89892
chr22	39578286	39778286	harbor1	chr22	39579424	39579646	LTR/ERVL-MaLR	2016	-	111	39579535	1249
chr22	39578286	39778286	harbor1	chr22	39579949	39580141	LTR/ERVL-MaLR	2016	-	96	39580045	1759
chr22	39578286	39778286	harbor1	chr22	39610589	39611047	LTR/ERVL-MaLR	707	-	229	39610818	32532
chr22	39578286	39778286	harbor1	chr22	39612384	39612745	LTR/ERVL-MaLR	1999	-	180	39612564	34278
chr22	39578286	39778286	harbor1	chr22	39614294	39614680	LTR/ERVL-MaLR	784	-	193	39614487	36201
chr22	39360313	39560313	harbor1	chr22	39371920	39372123	LTR/ERVL-MaLR	1322	-	102	39372022	11709
chr22	39360313	39560313	harbor1	chr22	39372425	39372438	LTR/ERVL-MaLR	1322	-	6	39372431	12118
chr22	39360313	39560313	harbor1	chr22	39372769	39373040	LTR/ERVL-MaLR	1322	-	136	39372905	12592
chr22	23841607	24041607	harbor1	chr22	23863969	23864181	LTR/ERVL-MaLR	445	-	106	23864075	22468
chr22	23841607	24041607	harbor1	chr22	23869672	23870088	LTR/ERVL-MaLR	2231	-	208	23869880	28273
chr22	23841607	24041607	harbor1	chr22	23875763	23876264	LTR/ERVL-MaLR	1643	-	250	23876013	34406
chr22	23841607	24041607	harbor1	chr22	23878195	23878700	LTR/ERVL-MaLR	517	-	252	23878447	36840
chr22	23841607	24041607	harbor1	chr22	23878714	23879140	LTR/ERVL-MaLR	2724	-	213	23878927	37320
chr22	23841607	24041607	harbor1	chr22	23879791	23879940	LTR/ERVL-MaLR	2724	-	74	23879865	38258
chr22	23841607	24041607	harbor1	chr22	23880289	23881078	LTR/ERVL-MaLR	2724	-	394	23880683	39076
chr22	23841607	24041607	harbor1	chr22	23881083	23881559	LTR/ERVL-MaLR	893	-	238	23881321	39714
chr22	23841607	24041607	harbor1	chr22	23886346	23886718	LTR/ERVL-MaLR	2189	-	186	23886532	44925
chr22	23841607	24041607	harbor1	chr22	23891139	23891668	LTR/ERVL-MaLR	1630	-	264	23891403	49796
chr22	24852758	25052758	harbor1	chr22	24853483	24853610	LTR/ERVL-MaLR	2850	-	64	24853547	789
chr22	24852758	25052758	harbor1	chr22	24853917	24854152	LTR/ERVL-MaLR	2850	-	118	24854035	1277
chr22	24852758	25052758	harbor1	chr22	24866439	24866974	LTR/ERVL-MaLR	1377	-	268	24866707	13949
chr22	24852758	25052758	harbor1	chr22	24876880	24877235	LTR/ERVL-MaLR	975	-	178	24877058	24300
chr22	24852758	25052758	harbor1	chr22	24878818	24879190	LTR/ERVL-MaLR	1726	-	186	24879004	26246
chr22	24852758	25052758	harbor1	chr22	24894424	24894838	LTR/ERVL-MaLR	685	-	207	24894631	41873
chr22	24852758	25052758	harbor1	chr22	24912532	24912599	LTR/ERVL-MaLR	510	-	34	24912566	59808
chr22	24852758	25052758	harbor1	chr22	24927033	24927491	LTR/ERVL-MaLR	1806	-	229	24927262	74504
chr22	24852758	25052758	harbor1	chr22	24927809	24927866	LTR/ERVL-MaLR	1806	-	28	24927837	75079
chr22	24852758	25052758	harbor1	chr22	24941463	24941554	LTR/ERVL-MaLR	703	-	46	24941509	88751
chr22	24852758	25052758	harbor1	chr22	24947476	24948057	LTR/ERVL-MaLR	1608	-	290	24947766	95008
chr22	39366873	39566873	harbor1	chr22	39371920	39372123	LTR/ERVL-MaLR	1322	-	102	39372022	5149
chr22	39366873	39566873	harbor1	chr22	39372425	39372438	LTR/ERVL-MaLR	1322	-	6	39372431	5558
chr22	39366873	39566873	harbor1	chr22	39372769	39373040	LTR/ERVL-MaLR	1322	-	136	39372905	6032
chr22	23421603	23621603	harbor1	chr22	23430239	23430658	LTR/ERVL-MaLR	1193	-	210	23430449	8846
chr22	23421603	23621603	harbor1	chr22	23432864	23433196	LTR/ERVL-MaLR	957	-	166	23433030	11427
chr22	23421603	23621603	harbor1	chr22	23446694	23447101	LTR/ERVL-MaLR	433	-	204	23446898	25295
chr22	42519774	42719774	harbor1	chr22	42522424	42522605	LTR/ERVL-MaLR	891	-	90	42522514	2740
chr22	42519774	42719774	harbor1	chr22	42522996	42523076	LTR/ERVL-MaLR	891	-	40	42523036	3262
chr22	42519774	42719774	harbor1	chr22	42530759	42530887	LTR/ERVL-MaLR	424	-	64	42530823	11049
chr22	42519774	42719774	harbor1	chr22	42532627	42532766	LTR/ERVL-MaLR	729	-	70	42532697	12923
chr22	42519774	42719774	harbor1	chr22	42533769	42533884	LTR/ERVL-MaLR	729	-	58	42533827	14053
chr22	42519774	42719774	harbor1	chr22	42537964	42538185	LTR/ERVL-MaLR	737	-	110	42538074	18300
chr22	42519774	42719774	harbor1	chr22	42542555	42542938	LTR/ERVL-MaLR	1543	-	192	42542747	22973
chr22	42519774	42719774	harbor1	chr22	42562325	42562488	LTR/ERVL-MaLR	638	-	82	42562407	42633
chr22	46266866	46466866	harbor1	chr22	46275616	46276027	LTR/ERVL-MaLR	947	-	206	46275822	8956
chr22	46266866	46466866	harbor1	chr22	46278105	46278535	LTR/ERVL-MaLR	1445	-	215	46278320	11454
chr22	46266866	46466866	harbor1	chr22	46291629	46291672	LTR/ERVL-MaLR	724	-	22	46291651	24785
chr22	46266866	46466866	harbor1	chr22	46291975	46292145	LTR/ERVL-MaLR	791	-	85	46292060	25194
chr22	46266866	46466866	harbor1	chr22	46292358	46292497	LTR/ERVL-MaLR	750	-	70	46292428	25562
chr22	46266866	46466866	harbor1	chr22	46295096	46295495	LTR/ERVL-MaLR	2452	-	200	46295296	28430
chr22	46266866	46466866	harbor1	chr22	46318822	46319132	LTR/ERVL-MaLR	520	-	155	46318977	52111
chr22	46266866	46466866	harbor1	chr22	46324983	46325194	LTR/ERVL-MaLR	1660	-	106	46325089	58223
chr22	46266866	46466866	harbor1	chr22	46325657	46325802	LTR/ERVL-MaLR	1660	-	72	46325729	58863
chr22	41809802	42009802	harbor1	chr22	41846163	41846282	LTR/ERVL-MaLR	389	-	60	41846223	36421
chr22	39945026	40145026	harbor1	chr22	39954190	39954362	LTR/ERVL-MaLR	636	-	86	39954276	9250
chr22	39945026	40145026	harbor1	chr22	39980084	39980291	LTR/ERVL-MaLR	413	-	104	39980188	35162
chr22	50151379	50351379	harbor1	chr22	50172170	50172435	LTR/ERVL-MaLR	846	-	132	50172302	20923
chr22	50151379	50351379	harbor1	chr22	50172701	50172712	LTR/ERVL-MaLR	846	-	6	50172707	21328
chr22	50151379	50351379	harbor1	chr22	50173656	50173881	LTR/ERVL-MaLR	714	-	112	50173768	22389
chr22	50151379	50351379	harbor1	chr22	50188436	50188731	LTR/ERVL-MaLR	908	-	148	50188584	37205
chr22	37416206	37616206	harbor1	chr22	37432457	37432961	LTR/ERVL-MaLR	2013	-	252	37432709	16503
chr22	37416206	37616206	harbor1	chr22	37435811	37436232	LTR/ERVL-MaLR	587	-	210	37436021	19815
chr22	37416206	37616206	harbor1	chr22	37439388	37439855	LTR/ERVL-MaLR	1036	-	234	37439622	23416
chr22	37416206	37616206	harbor1	chr22	37462018	37462190	LTR/ERVL-MaLR	509	-	86	37462104	45898
chr22	37416206	37616206	harbor1	chr22	37469137	37469322	LTR/ERVL-MaLR	388	-	92	37469229	53023
chr22	50170730	50370730	harbor1	chr22	50172170	50172435	LTR/ERVL-MaLR	846	-	132	50172302	1572
chr22	50170730	50370730	harbor1	chr22	50172701	50172712	LTR/ERVL-MaLR	846	-	6	50172707	1977
chr22	50170730	50370730	harbor1	chr22	50173656	50173881	LTR/ERVL-MaLR	714	-	112	50173768	3038
chr22	50170730	50370730	harbor1	chr22	50188436	50188731	LTR/ERVL-MaLR	908	-	148	50188584	17854
chr22	24852840	25052840	harbor1	chr22	24853483	24853610	LTR/ERVL-MaLR	2850	-	64	24853547	707
chr22	24852840	25052840	harbor1	chr22	24853917	24854152	LTR/ERVL-MaLR	2850	-	118	24854035	1195
chr22	24852840	25052840	harbor1	chr22	24866439	24866974	LTR/ERVL-MaLR	1377	-	268	24866707	13867
chr22	24852840	25052840	harbor1	chr22	24876880	24877235	LTR/ERVL-MaLR	975	-	178	24877058	24218
chr22	24852840	25052840	harbor1	chr22	24878818	24879190	LTR/ERVL-MaLR	1726	-	186	24879004	26164
chr22	24852840	25052840	harbor1	chr22	24894424	24894838	LTR/ERVL-MaLR	685	-	207	24894631	41791
chr22	24852840	25052840	harbor1	chr22	24912532	24912599	LTR/ERVL-MaLR	510	-	34	24912566	59726
chr22	24852840	25052840	harbor1	chr22	24927033	24927491	LTR/ERVL-MaLR	1806	-	229	24927262	74422
chr22	24852840	25052840	harbor1	chr22	24927809	24927866	LTR/ERVL-MaLR	1806	-	28	24927837	74997
chr22	24852840	25052840	harbor1	chr22	24941463	24941554	LTR/ERVL-MaLR	703	-	46	24941509	88669
chr22	24852840	25052840	harbor1	chr22	24947476	24948057	LTR/ERVL-MaLR	1608	-	290	24947766	94926
chr22	37416203	37616203	harbor1	chr22	37432457	37432961	LTR/ERVL-MaLR	2013	-	252	37432709	16506
chr22	37416203	37616203	harbor1	chr22	37435811	37436232	LTR/ERVL-MaLR	587	-	210	37436021	19818
chr22	37416203	37616203	harbor1	chr22	37439388	37439855	LTR/ERVL-MaLR	1036	-	234	37439622	23419
chr22	37416203	37616203	harbor1	chr22	37462018	37462190	LTR/ERVL-MaLR	509	-	86	37462104	45901
chr22	37416203	37616203	harbor1	chr22	37469137	37469322	LTR/ERVL-MaLR	388	-	92	37469229	53026
chr22	20395167	20595167	harbor1	chr22	20397734	20398036	LTR/ERVL-MaLR	1927	-	151	20397885	2718
chr22	20395167	20595167	harbor1	chr22	20398341	20398407	LTR/ERVL-MaLR	1927	-	33	20398374	3207
chrX	135350040	135550040	harbor1	chrX	135352938	135353375	LTR/ERVL-MaLR	1255	-	218	135353156	3116
chrX	135350040	135550040	harbor1	chrX	135367460	135367827	LTR/ERVL-MaLR	2177	-	184	135367644	17604
chrX	135350040	135550040	harbor1	chrX	135367828	135369457	LTR/ERVL-MaLR	11358	-	814	135368642	18602
chrX	135350040	135550040	harbor1	chrX	135369458	135369801	LTR/ERVL-MaLR	1936	-	172	135369630	19590
chrX	135350040	135550040	harbor1	chrX	135404448	135404821	LTR/ERVL-MaLR	1964	-	186	135404634	54594
chrX	135350040	135550040	harbor1	chrX	135443685	135444074	LTR/ERVL-MaLR	2219	-	194	135443879	93839
chrX	24365240	24565240	harbor1	chrX	24387410	24387591	LTR/ERVL-MaLR	607	-	90	24387500	22260
chrX	24365240	24565240	harbor1	chrX	24406967	24407094	LTR/ERVL-MaLR	646	-	64	24407031	41791
chrX	24365240	24565240	harbor1	chrX	24421132	24421446	LTR/ERVL-MaLR	1875	-	157	24421289	56049
chrX	24365240	24565240	harbor1	chrX	24442504	24442862	LTR/ERVL-MaLR	2619	-	179	24442683	77443
chrX	24365240	24565240	harbor1	chrX	24445603	24446008	LTR/ERVL-MaLR	1563	-	202	24445805	80565
chrX	24365240	24565240	harbor1	chrX	24448069	24448404	LTR/ERVL-MaLR	1881	-	168	24448237	82997
chrX	24365240	24565240	harbor1	chrX	24452510	24452847	LTR/ERVL-MaLR	2909	-	168	24452678	87438
chrX	24365240	24565240	harbor1	chrX	24453211	24453311	LTR/ERVL-MaLR	2909	-	50	24453261	88021
chrX	24365240	24565240	harbor1	chrX	24453728	24454037	LTR/ERVL-MaLR	2104	-	154	24453882	88642
chrX	24365240	24565240	harbor1	chrX	24454338	24454391	LTR/ERVL-MaLR	2104	-	26	24454364	89124
chrX	24365240	24565240	harbor1	chrX	24456564	24456574	LTR/ERVL-MaLR	558	-	5	24456569	91329
chrX	24365240	24565240	harbor1	chrX	24456866	24457473	LTR/ERVL-MaLR	558	-	304	24457170	91930
chrX	24365240	24565240	harbor1	chrX	24460207	24460386	LTR/ERVL-MaLR	832	-	90	24460297	95057
chrX	24365240	24565240	harbor1	chrX	24461581	24461746	LTR/ERVL-MaLR	722	-	82	24461663	96423
chrX	153409879	153609879	harbor1	chrX	153416703	153417119	LTR/ERVL-MaLR	2217	-	208	153416911	7032
chrX	153409879	153609879	harbor1	chrX	153427856	153428216	LTR/ERVL-MaLR	2513	-	180	153428036	18157
chrX	153409879	153609879	harbor1	chrX	153430803	153431292	LTR/ERVL-MaLR	568	-	244	153431047	21168
chrX	153409879	153609879	harbor1	chrX	153432692	153433066	LTR/ERVL-MaLR	653	-	187	153432879	23000
chrX	72206994	72406994	harbor1	chrX	72235058	72235389	LTR/ERVL-MaLR	1750	-	166	72235224	28230
chrX	72206994	72406994	harbor1	chrX	72235693	72235874	LTR/ERVL-MaLR	1750	-	90	72235783	28789
chrX	72206994	72406994	harbor1	chrX	72251710	72251771	LTR/ERVL-MaLR	1219	-	30	72251740	44746
chrX	72206994	72406994	harbor1	chrX	72251946	72252155	LTR/ERVL-MaLR	1219	-	104	72252050	45056
chrX	72206994	72406994	harbor1	chrX	72252690	72252848	LTR/ERVL-MaLR	1219	-	79	72252769	45775
chrX	18254781	18454781	harbor1	chrX	18302865	18303337	LTR/ERVL-MaLR	1080	-	236	18303101	48320
chrX	152928214	153128214	harbor1	chrX	152964271	152964660	LTR/ERVL-MaLR	2214	-	194	152964465	36251
chrX	152928214	153128214	harbor1	chrX	152978374	152978755	LTR/ERVL-MaLR	2346	-	190	152978564	50350
chrX	152928214	153128214	harbor1	chrX	152982015	152982420	LTR/ERVL-MaLR	1853	-	202	152982217	54003
chrX	152928214	153128214	harbor1	chrX	152995886	152996284	LTR/ERVL-MaLR	1845	-	199	152996085	67871
chrX	152928214	153128214	harbor1	chrX	153002925	153003328	LTR/ERVL-MaLR	2397	-	202	153003127	74913
chrX	152928214	153128214	harbor1	chrX	153003329	153003428	LTR/ERVL-MaLR	9222	-	50	153003379	75165
chrX	152928214	153128214	harbor1	chrX	153004153	153005688	LTR/ERVL-MaLR	9222	-	768	153004921	76707
chrX	152928214	153128214	harbor1	chrX	153005689	153006081	LTR/ERVL-MaLR	2219	-	196	153005885	77671
chrX	152928214	153128214	harbor1	chrX	153026104	153026244	LTR/ERVL-MaLR	611	-	70	153026174	97960
chrX	150672938	150872938	harbor1	chrX	150675400	150675873	LTR/ERVL-MaLR	2107	-	236	150675636	2698
chrX	150672938	150872938	harbor1	chrX	150686885	150687160	LTR/ERVL-MaLR	1816	-	138	150687023	14085
chrX	150672938	150872938	harbor1	chrX	150690135	150690687	LTR/ERVL-MaLR	1912	-	276	150690411	17473
chrX	150672938	150872938	harbor1	chrX	150691874	150692253	LTR/ERVL-MaLR	1656	-	190	150692064	19126
chrX	150672938	150872938	harbor1	chrX	150705965	150706317	LTR/ERVL-MaLR	1074	-	176	150706141	33203
chrX	150672938	150872938	harbor1	chrX	150709507	150709907	LTR/ERVL-MaLR	2400	-	200	150709707	36769
chrX	150672938	150872938	harbor1	chrX	150733947	150734430	LTR/ERVL-MaLR	888	-	242	150734189	61251
chrX	150672938	150872938	harbor1	chrX	150738443	150738844	LTR/ERVL-MaLR	1631	-	200	150738643	65705
chrX	150672938	150872938	harbor1	chrX	150740639	150741063	LTR/ERVL-MaLR	2965	-	212	150740851	67913
chrX	150672938	150872938	harbor1	chrX	150747893	150748258	LTR/ERVL-MaLR	2185	-	182	150748075	75137
chrX	72206945	72406945	harbor1	chrX	72235058	72235389	LTR/ERVL-MaLR	1750	-	166	72235224	28279
chrX	72206945	72406945	harbor1	chrX	72235693	72235874	LTR/ERVL-MaLR	1750	-	90	72235783	28838
chrX	72206945	72406945	harbor1	chrX	72251710	72251771	LTR/ERVL-MaLR	1219	-	30	72251740	44795
chrX	72206945	72406945	harbor1	chrX	72251946	72252155	LTR/ERVL-MaLR	1219	-	104	72252050	45105
chrX	72206945	72406945	harbor1	chrX	72252690	72252848	LTR/ERVL-MaLR	1219	-	79	72252769	45824
chrX	18254315	18454315	harbor1	chrX	18302865	18303337	LTR/ERVL-MaLR	1080	-	236	18303101	48786
chrX	17671917	17871917	harbor1	chrX	17672121	17672529	LTR/ERVL-MaLR	1320	-	204	17672325	408
chrX	17671917	17871917	harbor1	chrX	17684275	17684840	LTR/ERVL-MaLR	2729	-	282	17684557	12640
chrX	17671917	17871917	harbor1	chrX	17759568	17759792	LTR/ERVL-MaLR	728	-	112	17759680	87763
chrX	17671917	17871917	harbor1	chrX	17761829	17761913	LTR/ERVL-MaLR	788	-	42	17761871	89954
chrX	17671917	17871917	harbor1	chrX	17762207	17762375	LTR/ERVL-MaLR	788	-	84	17762291	90374
chrX	17671917	17871917	harbor1	chrX	17678324	17678730	LTR/ERVL-MaLR	2541	-	203	17678527	6610
chrX	39992279	40192279	harbor1	chrX	40001812	40002090	LTR/ERVL-MaLR	871	-	139	40001951	9672
chrX	39992279	40192279	harbor1	chrX	40016689	40017001	LTR/ERVL-MaLR	1132	-	156	40016845	24566
chrX	39992279	40192279	harbor1	chrX	40026809	40027310	LTR/ERVL-MaLR	1081	-	250	40027059	34780
chrX	286893	486893	harbor1	chrX	287856	288284	LTR/ERVL-MaLR	1078	-	214	288070	1177
chrX	286893	486893	harbor1	chrX	288299	288589	LTR/ERVL-MaLR	708	-	145	288444	1551
chrX	153409904	153609904	harbor1	chrX	153416703	153417119	LTR/ERVL-MaLR	2217	-	208	153416911	7007
chrX	153409904	153609904	harbor1	chrX	153427856	153428216	LTR/ERVL-MaLR	2513	-	180	153428036	18132
chrX	153409904	153609904	harbor1	chrX	153430803	153431292	LTR/ERVL-MaLR	568	-	244	153431047	21143
chrX	153409904	153609904	harbor1	chrX	153432692	153433066	LTR/ERVL-MaLR	653	-	187	153432879	22975
