H_chr	H_start	H_end	Harbor	TE_chr	TE_start	TE_end	TE	score	TE_strand	TE_half	TE_middle_pos	TE_dis
chr1	16544779	16744779	harbor2	chr1	16598477	16598907	LTR/ERVL-MaLR	2564	-	215	16598692	53913
chr1	26431527	26631527	harbor2	chr1	26477682	26477893	LTR/ERVL-MaLR	502	-	106	26477788	46261
chr1	26431527	26631527	harbor2	chr1	26517700	26517842	LTR/ERVL-MaLR	673	-	71	26517771	86244
chr1	26431527	26631527	harbor2	chr1	26517916	26518125	LTR/ERVL-MaLR	970	-	104	26518020	86493
chr1	16544783	16744783	harbor2	chr1	16598477	16598907	LTR/ERVL-MaLR	2564	-	215	16598692	53909
chr1	16544748	16744748	harbor2	chr1	16598477	16598907	LTR/ERVL-MaLR	2564	-	215	16598692	53944
chr1	227643530	227843530	harbor2	chr1	227709565	227709835	LTR/ERVL-MaLR	907	-	135	227709700	66170
chr1	178442681	178642681	harbor2	chr1	178523688	178524154	LTR/ERVL-MaLR	2020	-	233	178523921	81240
chr1	178442681	178642681	harbor2	chr1	178525563	178525908	LTR/ERVL-MaLR	1689	-	172	178525735	83054
chr1	16591604	16791604	harbor2	chr1	16598477	16598907	LTR/ERVL-MaLR	2564	-	215	16598692	7088
chr1	16591604	16791604	harbor2	chr1	16671507	16671858	LTR/ERVL-MaLR	2578	-	176	16671683	80079
chr1	33322912	33522912	harbor2	chr1	33419287	33419612	LTR/ERVL-MaLR	1592	-	162	33419449	96537
chr1	33322912	33522912	harbor2	chr1	33419909	33420087	LTR/ERVL-MaLR	1592	-	89	33419998	97086
chr1	109235951	109435951	harbor2	chr1	109290937	109291372	LTR/ERVL-MaLR	1174	-	218	109291155	55204
chr1	727505	927505	harbor2	chr1	752224	752580	LTR/ERVL-MaLR	1428	-	178	752402	24897
chr1	727505	927505	harbor2	chr1	762854	763171	LTR/ERVL-MaLR	1537	-	158	763012	35507
chr1	87366701	87566701	harbor2	chr1	87387700	87388065	LTR/ERVL-MaLR	1585	-	182	87387882	21181
chr1	87366701	87566701	harbor2	chr1	87407886	87408247	LTR/ERVL-MaLR	1677	-	180	87408066	41365
chr1	87366701	87566701	harbor2	chr1	87421939	87422154	LTR/ERVL-MaLR	2030	-	108	87422047	55346
chr1	87366701	87566701	harbor2	chr1	87422155	87422408	LTR/ERVL-MaLR	2329	-	126	87422281	55580
chr1	87366701	87566701	harbor2	chr1	87422712	87422834	LTR/ERVL-MaLR	2329	-	61	87422773	56072
chr1	87366701	87566701	harbor2	chr1	87422835	87422993	LTR/ERVL-MaLR	2030	-	79	87422914	56213
chr1	87366701	87566701	harbor2	chr1	87443668	87444038	LTR/ERVL-MaLR	2070	-	185	87443853	77152
chr1	87366701	87566701	harbor2	chr1	87444043	87445513	LTR/ERVL-MaLR	7278	-	735	87444778	78077
chr1	87366701	87566701	harbor2	chr1	87445514	87445892	LTR/ERVL-MaLR	2166	-	189	87445703	79002
chr1	87366701	87566701	harbor2	chr1	87460369	87460799	LTR/ERVL-MaLR	1669	-	215	87460584	93883
chr1	230193142	230393142	harbor2	chr1	230217544	230217942	LTR/ERVL-MaLR	1892	-	199	230217743	24601
chr1	230193142	230393142	harbor2	chr1	230255863	230256156	LTR/ERVL-MaLR	1421	-	146	230256009	62867
chr1	230193142	230393142	harbor2	chr1	230256462	230256541	LTR/ERVL-MaLR	1421	-	40	230256502	63360
chr1	230193142	230393142	harbor2	chr1	230284885	230285238	LTR/ERVL-MaLR	830	-	176	230285061	91919
chr1	16544774	16744774	harbor2	chr1	16598477	16598907	LTR/ERVL-MaLR	2564	-	215	16598692	53918
chr1	230542426	230742426	harbor2	chr1	230558035	230558399	LTR/ERVL-MaLR	2322	-	182	230558217	15791
chr1	230542426	230742426	harbor2	chr1	230612590	230613088	LTR/ERVL-MaLR	1870	-	249	230612839	70413
chr1	230542426	230742426	harbor2	chr1	230614962	230615215	LTR/ERVL-MaLR	2160	-	126	230615088	72662
chr1	230542426	230742426	harbor2	chr1	230615585	230615738	LTR/ERVL-MaLR	2160	-	76	230615661	73235
chr1	223987701	224187701	harbor2	chr1	224054722	224055102	LTR/ERVL-MaLR	2090	-	190	224054912	67211
chr1	223987701	224187701	harbor2	chr1	224061696	224061949	LTR/ERVL-MaLR	750	-	126	224061822	74121
chr1	16544791	16744791	harbor2	chr1	16598477	16598907	LTR/ERVL-MaLR	2564	-	215	16598692	53901
chr1	66204207	66404207	harbor2	chr1	66221918	66222314	LTR/ERVL-MaLR	819	-	198	66222116	17909
chr1	66204207	66404207	harbor2	chr1	66287995	66288416	LTR/ERVL-MaLR	2400	-	210	66288205	83998
chr1	66204207	66404207	harbor2	chr1	66297643	66297789	LTR/ERVL-MaLR	667	-	73	66297716	93509
chr1	16544740	16744740	harbor2	chr1	16598477	16598907	LTR/ERVL-MaLR	2564	-	215	16598692	53952
chr1	16546455	16746455	harbor2	chr1	16598477	16598907	LTR/ERVL-MaLR	2564	-	215	16598692	52237
chr1	16545171	16745171	harbor2	chr1	16598477	16598907	LTR/ERVL-MaLR	2564	-	215	16598692	53521
chr1	6685415	6885415	harbor2	chr1	6686375	6686736	LTR/ERVL-MaLR	1038	-	180	6686555	1140
chr1	6685415	6885415	harbor2	chr1	6717019	6717234	LTR/ERVL-MaLR	1089	-	108	6717127	31712
chr1	6685415	6885415	harbor2	chr1	6724049	6724433	LTR/ERVL-MaLR	2517	-	192	6724241	38826
chr1	6685415	6885415	harbor2	chr1	6737025	6737100	LTR/ERVL-MaLR	608	-	38	6737063	51648
chr1	6685415	6885415	harbor2	chr1	6737414	6737571	LTR/ERVL-MaLR	608	-	78	6737492	52077
chr1	6685415	6885415	harbor2	chr1	6741378	6741814	LTR/ERVL-MaLR	2023	-	218	6741596	56181
chr1	6685415	6885415	harbor2	chr1	6742126	6742218	LTR/ERVL-MaLR	2023	-	46	6742172	56757
chr1	119201847	119401847	harbor2	chr1	119210900	119211369	LTR/ERVL-MaLR	784	-	234	119211134	9287
chr1	119201847	119401847	harbor2	chr1	119240772	119241140	LTR/ERVL-MaLR	1361	-	184	119240956	39109
chr1	119201847	119401847	harbor2	chr1	119259945	119260431	LTR/ERVL-MaLR	1470	-	243	119260188	58341
chr1	16544784	16744784	harbor2	chr1	16598477	16598907	LTR/ERVL-MaLR	2564	-	215	16598692	53908
chr1	17289259	17489259	harbor2	chr1	17319559	17319575	LTR/ERVL-MaLR	2725	-	8	17319567	30308
chr1	17289259	17489259	harbor2	chr1	17319979	17320279	LTR/ERVL-MaLR	2725	-	150	17320129	30870
chr1	17289259	17489259	harbor2	chr1	17320909	17321077	LTR/ERVL-MaLR	2725	-	84	17320993	31734
chr1	17289259	17489259	harbor2	chr1	17322881	17323450	LTR/ERVL-MaLR	2422	-	284	17323165	33906
chr1	17289259	17489259	harbor2	chr1	17331951	17332249	LTR/ERVL-MaLR	1114	-	149	17332100	42841
chr1	17289259	17489259	harbor2	chr1	17332550	17332666	LTR/ERVL-MaLR	1114	-	58	17332608	43349
chr1	17289259	17489259	harbor2	chr1	17366878	17367336	LTR/ERVL-MaLR	1406	-	229	17367107	77848
chr1	4635887	4835887	harbor2	chr1	4645485	4646003	LTR/ERVL-MaLR	802	-	259	4645744	9857
chr1	4635887	4835887	harbor2	chr1	4678331	4678795	LTR/ERVL-MaLR	1112	-	232	4678563	42676
chr1	4635887	4835887	harbor2	chr1	4679472	4679775	LTR/ERVL-MaLR	1710	-	152	4679624	43737
chr1	4635887	4835887	harbor2	chr1	4680329	4680465	LTR/ERVL-MaLR	1710	-	68	4680397	44510
chr1	4635887	4835887	harbor2	chr1	4686211	4686350	LTR/ERVL-MaLR	487	-	70	4686281	50394
chr1	4635887	4835887	harbor2	chr1	4693610	4693974	LTR/ERVL-MaLR	1420	-	182	4693792	57905
chr1	4635887	4835887	harbor2	chr1	4695542	4695886	LTR/ERVL-MaLR	1546	-	172	4695714	59827
chr1	4635887	4835887	harbor2	chr1	4722516	4722816	LTR/ERVL-MaLR	631	-	150	4722666	86779
chr1	4635887	4835887	harbor2	chr1	4725643	4726002	LTR/ERVL-MaLR	1805	-	180	4725823	89936
chr1	4635887	4835887	harbor2	chr1	4729514	4729811	LTR/ERVL-MaLR	1200	-	148	4729662	93775
chr1	4635887	4835887	harbor2	chr1	4669299	4669661	LTR/ERVL-MaLR	2503	-	181	4669480	33593
chr1	16544808	16744808	harbor2	chr1	16598477	16598907	LTR/ERVL-MaLR	2564	-	215	16598692	53884
chr1	16544785	16744785	harbor2	chr1	16598477	16598907	LTR/ERVL-MaLR	2564	-	215	16598692	53907
chr1	16759801	16959801	harbor2	chr1	16773213	16773664	LTR/ERVL-MaLR	1554	-	226	16773439	13638
chr1	16759801	16959801	harbor2	chr1	16778474	16778899	LTR/ERVL-MaLR	2983	-	212	16778686	18885
chr1	16759801	16959801	harbor2	chr1	16858128	16858249	LTR/ERVL-MaLR	584	-	60	16858188	98387
chr1	21743220	21943220	harbor2	chr1	21813599	21813738	LTR/ERVL-MaLR	485	-	70	21813669	70449
chr1	21743220	21943220	harbor2	chr1	21819751	21820164	LTR/ERVL-MaLR	3052	-	206	21819957	76737
chr1	16555139	16755139	harbor2	chr1	16598477	16598907	LTR/ERVL-MaLR	2564	-	215	16598692	43553
chr1	16544786	16744786	harbor2	chr1	16598477	16598907	LTR/ERVL-MaLR	2564	-	215	16598692	53906
chr1	16545169	16745169	harbor2	chr1	16598477	16598907	LTR/ERVL-MaLR	2564	-	215	16598692	53523
chr1	5033151	5233151	harbor2	chr1	5033770	5034098	LTR/ERVL-MaLR	1613	-	164	5033934	783
chr1	5033151	5233151	harbor2	chr1	5038095	5038464	LTR/ERVL-MaLR	1962	-	184	5038279	5128
chr1	5033151	5233151	harbor2	chr1	5042188	5042557	LTR/ERVL-MaLR	2304	-	184	5042372	9221
chr1	5033151	5233151	harbor2	chr1	5059709	5060069	LTR/ERVL-MaLR	2779	-	180	5059889	26738
chr1	5033151	5233151	harbor2	chr1	5068438	5068799	LTR/ERVL-MaLR	2732	-	180	5068618	35467
chr1	5033151	5233151	harbor2	chr1	5082880	5083395	LTR/ERVL-MaLR	1642	-	258	5083138	49987
chr1	5033151	5233151	harbor2	chr1	5097219	5097290	LTR/ERVL-MaLR	2174	-	36	5097255	64104
chr1	5033151	5233151	harbor2	chr1	5097611	5097927	LTR/ERVL-MaLR	2174	-	158	5097769	64618
chr1	5033151	5233151	harbor2	chr1	5098100	5098415	LTR/ERVL-MaLR	567	-	158	5098258	65107
chr1	5033151	5233151	harbor2	chr1	5113968	5114310	LTR/ERVL-MaLR	1629	-	171	5114139	80988
chr1	5033151	5233151	harbor2	chr1	5118898	5119059	LTR/ERVL-MaLR	1033	-	80	5118978	85827
chr1	5033151	5233151	harbor2	chr1	5125633	5126228	LTR/ERVL-MaLR	1881	-	298	5125931	92780
chr1	16544749	16744749	harbor2	chr1	16598477	16598907	LTR/ERVL-MaLR	2564	-	215	16598692	53943
chr1	99985	299985	harbor2	chr1	119564	119944	LTR/ERVL-MaLR	2188	-	190	119754	19769
chr1	99985	299985	harbor2	chr1	151915	152272	LTR/ERVL-MaLR	1533	-	178	152093	52108
chr1	99985	299985	harbor2	chr1	162394	162711	LTR/ERVL-MaLR	1662	-	158	162552	62567
chr1	39855815	40055815	harbor2	chr1	39889035	39889098	LTR/ERVL-MaLR	601	-	32	39889067	33252
chr1	39855815	40055815	harbor2	chr1	39889402	39889561	LTR/ERVL-MaLR	601	-	80	39889482	33667
chr1	39855815	40055815	harbor2	chr1	39905286	39905649	LTR/ERVL-MaLR	2328	-	182	39905468	49653
chr1	39855815	40055815	harbor2	chr1	39951559	39951710	LTR/ERVL-MaLR	2204	-	76	39951635	95820
chr1	39855815	40055815	harbor2	chr1	39952012	39952260	LTR/ERVL-MaLR	2204	-	124	39952136	96321
chr1	2138415	2338415	harbor2	chr1	2183543	2183905	LTR/ERVL-MaLR	896	-	181	2183724	45309
chr1	16544788	16744788	harbor2	chr1	16598477	16598907	LTR/ERVL-MaLR	2564	-	215	16598692	53904
chr1	205814048	206014048	harbor2	chr1	205908032	205908291	LTR/ERVL-MaLR	1380	-	130	205908162	94114
chr1	2998349	3198349	harbor2	chr1	2998457	2998848	LTR/ERVL-MaLR	1896	-	196	2998653	304
chr1	2998349	3198349	harbor2	chr1	3010061	3010127	LTR/ERVL-MaLR	2786	-	33	3010094	11745
chr1	2998349	3198349	harbor2	chr1	3010738	3011038	LTR/ERVL-MaLR	2786	-	150	3010888	12539
chr1	2998349	3198349	harbor2	chr1	3011205	3011520	LTR/ERVL-MaLR	693	-	158	3011363	13014
chr1	2998349	3198349	harbor2	chr1	3053172	3053631	LTR/ERVL-MaLR	2556	-	230	3053402	55053
chr1	2998349	3198349	harbor2	chr1	3057913	3058344	LTR/ERVL-MaLR	1450	-	216	3058129	59780
chr1	232882890	233082890	harbor2	chr1	232892997	232893170	LTR/ERVL-MaLR	527	-	86	232893083	10193
chr1	232882890	233082890	harbor2	chr1	232894512	232895025	LTR/ERVL-MaLR	1163	-	256	232894768	11878
chr1	232882890	233082890	harbor2	chr1	232899717	232900095	LTR/ERVL-MaLR	477	-	189	232899906	17016
chr1	232882890	233082890	harbor2	chr1	232921962	232922339	LTR/ERVL-MaLR	1399	-	188	232922150	39260
chr1	232882890	233082890	harbor2	chr1	232923080	232923432	LTR/ERVL-MaLR	2701	-	176	232923256	40366
chr1	232882890	233082890	harbor2	chr1	232927217	232927573	LTR/ERVL-MaLR	2322	-	178	232927395	44505
chr1	232882890	233082890	harbor2	chr1	232937945	232938024	LTR/ERVL-MaLR	456	-	40	232937985	55095
chr1	232882890	233082890	harbor2	chr1	232944392	232944936	LTR/ERVL-MaLR	1087	-	272	232944664	61774
chr1	232882890	233082890	harbor2	chr1	232947210	232947427	LTR/ERVL-MaLR	573	-	108	232947318	64428
chr1	232882890	233082890	harbor2	chr1	232948186	232948550	LTR/ERVL-MaLR	1453	-	182	232948368	65478
chr1	232882890	233082890	harbor2	chr1	232968952	232969295	LTR/ERVL-MaLR	1680	-	172	232969124	86234
chr1	232882890	233082890	harbor2	chr1	232974729	232974933	LTR/ERVL-MaLR	1000	-	102	232974831	91941
chr1	236847274	237047274	harbor2	chr1	236858113	236858469	LTR/ERVL-MaLR	2513	-	178	236858291	11017
chr1	236847274	237047274	harbor2	chr1	236859052	236859373	LTR/ERVL-MaLR	1092	-	160	236859212	11938
chr1	236847274	237047274	harbor2	chr1	236901536	236901879	LTR/ERVL-MaLR	1509	-	172	236901708	54434
chr1	236847274	237047274	harbor2	chr1	236908784	236909182	LTR/ERVL-MaLR	2451	-	199	236908983	61709
chr1	236847274	237047274	harbor2	chr1	236914647	236914961	LTR/ERVL-MaLR	1845	-	157	236914804	67530
chr1	236847274	237047274	harbor2	chr1	236931026	236931418	LTR/ERVL-MaLR	1951	-	196	236931222	83948
chr1	236847274	237047274	harbor2	chr1	236941824	236942085	LTR/ERVL-MaLR	1222	-	130	236941954	94680
chr1	119547913	119747913	harbor2	chr1	119556463	119556830	LTR/ERVL-MaLR	1143	-	184	119556647	8734
chr1	119547913	119747913	harbor2	chr1	119590683	119591051	LTR/ERVL-MaLR	1610	-	184	119590867	42954
chr1	119547913	119747913	harbor2	chr1	119593891	119594258	LTR/ERVL-MaLR	1111	-	184	119594075	46162
chr1	16545161	16745161	harbor2	chr1	16598477	16598907	LTR/ERVL-MaLR	2564	-	215	16598692	53531
chr1	28814482	29014482	harbor2	chr1	28836170	28836234	LTR/ERVL-MaLR	880	-	32	28836202	21720
chr1	28814482	29014482	harbor2	chr1	28836526	28836712	LTR/ERVL-MaLR	880	-	93	28836619	22137
chr1	28814482	29014482	harbor2	chr1	28837823	28837976	LTR/ERVL-MaLR	724	-	76	28837899	23417
chr1	28814482	29014482	harbor2	chr1	28839066	28839412	LTR/ERVL-MaLR	1095	-	173	28839239	24757
chr1	28814482	29014482	harbor2	chr1	28846258	28846452	LTR/ERVL-MaLR	726	-	97	28846355	31873
chr1	28814482	29014482	harbor2	chr1	28846712	28846778	LTR/ERVL-MaLR	726	-	33	28846745	32263
chr1	28814482	29014482	harbor2	chr1	28859875	28860082	LTR/ERVL-MaLR	591	-	104	28859979	45497
chr1	28814482	29014482	harbor2	chr1	28860380	28860456	LTR/ERVL-MaLR	591	-	38	28860418	45936
chr1	87228628	87428628	harbor2	chr1	87234261	87234378	LTR/ERVL-MaLR	448	-	58	87234319	5691
chr1	87228628	87428628	harbor2	chr1	87247957	87248327	LTR/ERVL-MaLR	2374	-	185	87248142	19514
chr1	87228628	87428628	harbor2	chr1	87297206	87297432	LTR/ERVL-MaLR	2693	-	113	87297319	68691
chr1	87228628	87428628	harbor2	chr1	87297715	87297878	LTR/ERVL-MaLR	2693	-	82	87297797	69169
chr1	87228628	87428628	harbor2	chr1	87312557	87312616	LTR/ERVL-MaLR	1166	-	30	87312587	83959
chr1	87228628	87428628	harbor2	chr1	87312900	87313432	LTR/ERVL-MaLR	1166	-	266	87313166	84538
chr1	87228628	87428628	harbor2	chr1	87315974	87316343	LTR/ERVL-MaLR	831	-	184	87316158	87530
chr1	87228628	87428628	harbor2	chr1	87320065	87320535	LTR/ERVL-MaLR	1951	-	235	87320300	91672
chr1	87228628	87428628	harbor2	chr1	87320524	87320621	LTR/ERVL-MaLR	444	-	48	87320572	91944
chr1	216278473	216478473	harbor2	chr1	216349886	216350275	LTR/ERVL-MaLR	2235	-	194	216350080	71607
chr1	216278473	216478473	harbor2	chr1	216350276	216351050	LTR/ERVL-MaLR	4673	-	387	216350663	72190
chr1	16545197	16745197	harbor2	chr1	16598477	16598907	LTR/ERVL-MaLR	2564	-	215	16598692	53495
chr1	11498857	11698857	harbor2	chr1	11510801	11511159	LTR/ERVL-MaLR	2636	-	179	11510980	12123
chr1	11498857	11698857	harbor2	chr1	11511160	11512751	LTR/ERVL-MaLR	12302	-	796	11511956	13099
chr1	11498857	11698857	harbor2	chr1	11512752	11513109	LTR/ERVL-MaLR	2804	-	178	11512930	14073
chr1	11498857	11698857	harbor2	chr1	11538156	11538583	LTR/ERVL-MaLR	1391	-	214	11538370	39513
chr1	11498857	11698857	harbor2	chr1	11543831	11544160	LTR/ERVL-MaLR	824	-	164	11543995	45138
chr1	11498857	11698857	harbor2	chr1	11545388	11545578	LTR/ERVL-MaLR	711	-	95	11545483	46626
chr1	11498857	11698857	harbor2	chr1	11555359	11555695	LTR/ERVL-MaLR	640	-	168	11555527	56670
chr1	11498857	11698857	harbor2	chr1	11580007	11580394	LTR/ERVL-MaLR	2374	-	194	11580201	81344
chr1	16544745	16744745	harbor2	chr1	16598477	16598907	LTR/ERVL-MaLR	2564	-	215	16598692	53947
chr1	154985528	155185528	harbor2	chr1	155035466	155035626	LTR/ERVL-MaLR	529	-	80	155035546	50018
chr1	154985528	155185528	harbor2	chr1	155036066	155036226	LTR/ERVL-MaLR	631	-	80	155036146	50618
chr1	92860991	93060991	harbor2	chr1	92883391	92883869	LTR/ERVL-MaLR	599	-	239	92883630	22639
chr1	92860991	93060991	harbor2	chr1	92897776	92897850	LTR/ERVL-MaLR	2446	-	37	92897813	36822
chr1	92860991	93060991	harbor2	chr1	92898129	92898495	LTR/ERVL-MaLR	2446	-	183	92898312	37321
chr1	196346882	196546882	harbor2	chr1	196396113	196396418	LTR/ERVL-MaLR	799	-	152	196396265	49383
chr1	196346882	196546882	harbor2	chr1	196418490	196418849	LTR/ERVL-MaLR	1403	-	180	196418670	71788
chr1	196346882	196546882	harbor2	chr1	196421697	196422102	LTR/ERVL-MaLR	1836	-	202	196421899	75017
chr1	176328745	176528745	harbor2	chr1	176343986	176344330	LTR/ERVL-MaLR	1647	-	172	176344158	15413
chr1	176328745	176528745	harbor2	chr1	176344331	176345904	LTR/ERVL-MaLR	9425	-	786	176345117	16372
chr1	176328745	176528745	harbor2	chr1	176345905	176346284	LTR/ERVL-MaLR	2225	-	190	176346095	17350
chr1	176328745	176528745	harbor2	chr1	176370255	176370479	LTR/ERVL-MaLR	1113	-	112	176370367	41622
chr1	176328745	176528745	harbor2	chr1	176373253	176373404	LTR/ERVL-MaLR	707	-	76	176373329	44584
chr1	176328745	176528745	harbor2	chr1	176377863	176378320	LTR/ERVL-MaLR	1005	-	228	176378091	49346
chr1	176328745	176528745	harbor2	chr1	176379635	176380086	LTR/ERVL-MaLR	1769	-	226	176379861	51116
chr1	176328745	176528745	harbor2	chr1	176383237	176383417	LTR/ERVL-MaLR	800	-	90	176383327	54582
chr1	176328745	176528745	harbor2	chr1	176383423	176383986	LTR/ERVL-MaLR	1653	-	282	176383705	54960
chr1	176328745	176528745	harbor2	chr1	176410217	176410650	LTR/ERVL-MaLR	864	-	216	176410433	81688
chr1	176328745	176528745	harbor2	chr1	176417804	176418205	LTR/ERVL-MaLR	1652	-	200	176418004	89259
chr1	16545147	16745147	harbor2	chr1	16598477	16598907	LTR/ERVL-MaLR	2564	-	215	16598692	53545
chr1	244608951	244808951	harbor2	chr1	244616403	244616788	LTR/ERVL-MaLR	1750	-	192	244616595	7644
chr1	244608951	244808951	harbor2	chr1	244651379	244651808	LTR/ERVL-MaLR	713	-	214	244651593	42642
chr1	244608951	244808951	harbor2	chr1	244657531	244657869	LTR/ERVL-MaLR	691	-	169	244657700	48749
chr1	244608951	244808951	harbor2	chr1	244659255	244659803	LTR/ERVL-MaLR	2500	-	274	244659529	50578
chr1	244608951	244808951	harbor2	chr1	244666746	244667089	LTR/ERVL-MaLR	2707	-	172	244666918	57967
chr1	244608951	244808951	harbor2	chr1	244667090	244667466	LTR/ERVL-MaLR	2992	-	188	244667278	58327
chr1	244608951	244808951	harbor2	chr1	244694949	244695320	LTR/ERVL-MaLR	596	-	186	244695135	86184
chr1	6686164	6886164	harbor2	chr1	6686375	6686736	LTR/ERVL-MaLR	1038	-	180	6686555	391
chr1	6686164	6886164	harbor2	chr1	6717019	6717234	LTR/ERVL-MaLR	1089	-	108	6717127	30963
chr1	6686164	6886164	harbor2	chr1	6724049	6724433	LTR/ERVL-MaLR	2517	-	192	6724241	38077
chr1	6686164	6886164	harbor2	chr1	6737025	6737100	LTR/ERVL-MaLR	608	-	38	6737063	50899
chr1	6686164	6886164	harbor2	chr1	6737414	6737571	LTR/ERVL-MaLR	608	-	78	6737492	51328
chr1	6686164	6886164	harbor2	chr1	6741378	6741814	LTR/ERVL-MaLR	2023	-	218	6741596	55432
chr1	6686164	6886164	harbor2	chr1	6742126	6742218	LTR/ERVL-MaLR	2023	-	46	6742172	56008
chr1	16544769	16744769	harbor2	chr1	16598477	16598907	LTR/ERVL-MaLR	2564	-	215	16598692	53923
chr1	16650676	16850676	harbor2	chr1	16671507	16671858	LTR/ERVL-MaLR	2578	-	176	16671683	21007
chr1	16544800	16744800	harbor2	chr1	16598477	16598907	LTR/ERVL-MaLR	2564	-	215	16598692	53892
chr1	39855881	40055881	harbor2	chr1	39889035	39889098	LTR/ERVL-MaLR	601	-	32	39889067	33186
chr1	39855881	40055881	harbor2	chr1	39889402	39889561	LTR/ERVL-MaLR	601	-	80	39889482	33601
chr1	39855881	40055881	harbor2	chr1	39905286	39905649	LTR/ERVL-MaLR	2328	-	182	39905468	49587
chr1	39855881	40055881	harbor2	chr1	39951559	39951710	LTR/ERVL-MaLR	2204	-	76	39951635	95754
chr1	39855881	40055881	harbor2	chr1	39952012	39952260	LTR/ERVL-MaLR	2204	-	124	39952136	96255
chr1	16625221	16825221	harbor2	chr1	16671507	16671858	LTR/ERVL-MaLR	2578	-	176	16671683	46462
chr1	18175437	18375437	harbor2	chr1	18187033	18187316	LTR/ERVL-MaLR	804	-	142	18187175	11738
chr1	18175437	18375437	harbor2	chr1	18187317	18187679	LTR/ERVL-MaLR	1934	-	181	18187498	12061
chr1	18175437	18375437	harbor2	chr1	18187680	18187814	LTR/ERVL-MaLR	804	-	67	18187747	12310
chr1	18175437	18375437	harbor2	chr1	18194329	18194767	LTR/ERVL-MaLR	1686	-	219	18194548	19111
chr1	18175437	18375437	harbor2	chr1	18194805	18195152	LTR/ERVL-MaLR	2176	-	174	18194979	19542
chr1	18175437	18375437	harbor2	chr1	18200322	18200754	LTR/ERVL-MaLR	1357	-	216	18200538	25101
chr1	18175437	18375437	harbor2	chr1	18206861	18207440	LTR/ERVL-MaLR	2062	-	290	18207151	31714
chr1	18175437	18375437	harbor2	chr1	18213293	18213598	LTR/ERVL-MaLR	919	-	152	18213445	38008
chr1	18175437	18375437	harbor2	chr1	18214521	18214723	LTR/ERVL-MaLR	1848	-	101	18214622	39185
chr1	18175437	18375437	harbor2	chr1	18215040	18215212	LTR/ERVL-MaLR	1848	-	86	18215126	39689
chr1	18175437	18375437	harbor2	chr1	18218043	18218418	LTR/ERVL-MaLR	2046	-	188	18218231	42794
chr1	18175437	18375437	harbor2	chr1	18234472	18234828	LTR/ERVL-MaLR	2164	-	178	18234650	59213
chr1	18175437	18375437	harbor2	chr1	18251311	18251719	LTR/ERVL-MaLR	792	-	204	18251515	76078
chr1	18175437	18375437	harbor2	chr1	18266494	18266795	LTR/ERVL-MaLR	732	-	150	18266644	91207
chr1	18175437	18375437	harbor2	chr1	18271967	18272352	LTR/ERVL-MaLR	1937	-	192	18272159	96722
chr1	18175437	18375437	harbor2	chr1	18202404	18202782	LTR/ERVL-MaLR	2173	-	189	18202593	27156
chr1	67493952	67693952	harbor2	chr1	67503500	67503981	LTR/ERVL-MaLR	746	-	240	67503740	9788
chr1	67493952	67693952	harbor2	chr1	67530922	67530992	LTR/ERVL-MaLR	2908	-	35	67530957	37005
chr1	67493952	67693952	harbor2	chr1	67531296	67531613	LTR/ERVL-MaLR	2908	-	158	67531454	37502
chr1	67493952	67693952	harbor2	chr1	67567130	67567361	LTR/ERVL-MaLR	877	-	116	67567246	73294
chr1	67493952	67693952	harbor2	chr1	67567672	67567768	LTR/ERVL-MaLR	877	-	48	67567720	73768
chr1	67493952	67693952	harbor2	chr1	67577562	67577703	LTR/ERVL-MaLR	573	-	70	67577632	83680
chr1	67493952	67693952	harbor2	chr1	67580155	67580544	LTR/ERVL-MaLR	1780	-	194	67580349	86397
chr1	16544895	16744895	harbor2	chr1	16598477	16598907	LTR/ERVL-MaLR	2564	-	215	16598692	53797
chr1	16544813	16744813	harbor2	chr1	16598477	16598907	LTR/ERVL-MaLR	2564	-	215	16598692	53879
chr1	16626867	16826867	harbor2	chr1	16671507	16671858	LTR/ERVL-MaLR	2578	-	176	16671683	44816
chr1	74605285	74805285	harbor2	chr1	74653957	74654299	LTR/ERVL-MaLR	1932	-	171	74654128	48843
chr1	74605285	74805285	harbor2	chr1	74654420	74654755	LTR/ERVL-MaLR	1457	-	168	74654588	49303
chr1	74605285	74805285	harbor2	chr1	74655259	74655734	LTR/ERVL-MaLR	1719	-	238	74655497	50212
chr1	74605285	74805285	harbor2	chr1	74655815	74655969	LTR/ERVL-MaLR	916	-	77	74655892	50607
chr1	74605285	74805285	harbor2	chr1	74665504	74665854	LTR/ERVL-MaLR	1606	-	175	74665679	60394
chr1	74605285	74805285	harbor2	chr1	74676368	74676730	LTR/ERVL-MaLR	1143	-	181	74676549	71264
chr1	11740909	11940909	harbor2	chr1	11754016	11754371	LTR/ERVL-MaLR	2324	-	178	11754194	13285
chr1	11740909	11940909	harbor2	chr1	11781303	11781456	LTR/ERVL-MaLR	608	-	76	11781379	40470
chr1	11740909	11940909	harbor2	chr1	11837750	11838034	LTR/ERVL-MaLR	855	-	142	11837892	96983
chr1	7229851	7429851	harbor2	chr1	7239688	7240082	LTR/ERVL-MaLR	2211	-	197	7239885	10034
chr1	7229851	7429851	harbor2	chr1	7256660	7256812	LTR/ERVL-MaLR	911	-	76	7256736	26885
chr1	7229851	7429851	harbor2	chr1	7256882	7257130	LTR/ERVL-MaLR	1126	-	124	7257006	27155
chr1	7229851	7429851	harbor2	chr1	7269013	7269583	LTR/ERVL-MaLR	1982	-	285	7269298	39447
chr1	7229851	7429851	harbor2	chr1	7287624	7288030	LTR/ERVL-MaLR	1153	-	203	7287827	57976
chr1	7229851	7429851	harbor2	chr1	7288867	7289264	LTR/ERVL-MaLR	2697	-	198	7289065	59214
chr1	7229851	7429851	harbor2	chr1	7295810	7296181	LTR/ERVL-MaLR	1424	-	186	7295996	66145
chr1	7229851	7429851	harbor2	chr1	7315593	7315863	LTR/ERVL-MaLR	1307	-	135	7315728	85877
chr1	7229851	7429851	harbor2	chr1	7315864	7316247	LTR/ERVL-MaLR	2273	-	192	7316056	86205
chr1	7229851	7429851	harbor2	chr1	7316248	7316420	LTR/ERVL-MaLR	1307	-	86	7316334	86483
chr1	154985521	155185521	harbor2	chr1	155035466	155035626	LTR/ERVL-MaLR	529	-	80	155035546	50025
chr1	154985521	155185521	harbor2	chr1	155036066	155036226	LTR/ERVL-MaLR	631	-	80	155036146	50625
chr1	16545132	16745132	harbor2	chr1	16598477	16598907	LTR/ERVL-MaLR	2564	-	215	16598692	53560
chr1	43467195	43667195	harbor2	chr1	43486888	43487263	LTR/ERVL-MaLR	2702	-	188	43487076	19881
chr1	43467195	43667195	harbor2	chr1	43500639	43501204	LTR/ERVL-MaLR	599	-	282	43500921	33726
chr1	43467195	43667195	harbor2	chr1	43509079	43509212	LTR/ERVL-MaLR	614	-	66	43509145	41950
chr1	43467195	43667195	harbor2	chr1	43509434	43509471	LTR/ERVL-MaLR	614	-	18	43509452	42257
chr1	31479906	31679906	harbor2	chr1	31491401	31491731	LTR/ERVL-MaLR	1111	-	165	31491566	11660
chr1	31479906	31679906	harbor2	chr1	31512285	31512517	LTR/ERVL-MaLR	670	-	116	31512401	32495
chr1	31479906	31679906	harbor2	chr1	31527784	31528147	LTR/ERVL-MaLR	2579	-	182	31527966	48060
chr1	31479906	31679906	harbor2	chr1	31528851	31529207	LTR/ERVL-MaLR	2045	-	178	31529029	49123
chr1	31479906	31679906	harbor2	chr1	31540938	31541352	LTR/ERVL-MaLR	2561	-	207	31541145	61239
chr1	31479906	31679906	harbor2	chr1	31552319	31552810	LTR/ERVL-MaLR	1100	-	246	31552565	72659
chr1	31479906	31679906	harbor2	chr1	31570567	31571029	LTR/ERVL-MaLR	1432	-	231	31570798	90892
chr1	727526	927526	harbor2	chr1	752224	752580	LTR/ERVL-MaLR	1428	-	178	752402	24876
chr1	727526	927526	harbor2	chr1	762854	763171	LTR/ERVL-MaLR	1537	-	158	763012	35486
chr1	110864043	111064043	harbor2	chr1	110899997	110900358	LTR/ERVL-MaLR	1796	-	180	110900177	36134
chr1	110864043	111064043	harbor2	chr1	110900656	110900851	LTR/ERVL-MaLR	1796	-	98	110900754	36711
chr1	110864043	111064043	harbor2	chr1	110922658	110923022	LTR/ERVL-MaLR	1840	-	182	110922840	58797
chr1	110864043	111064043	harbor2	chr1	110923319	110923430	LTR/ERVL-MaLR	1840	-	56	110923375	59332
chr1	110864043	111064043	harbor2	chr1	110924357	110924723	LTR/ERVL-MaLR	1926	-	183	110924540	60497
chr1	110864043	111064043	harbor2	chr1	110930312	110930718	LTR/ERVL-MaLR	1243	-	203	110930515	66472
chr1	191972112	192172112	harbor2	chr1	191972961	191973334	LTR/ERVL-MaLR	1992	-	186	191973147	1035
chr1	191972112	192172112	harbor2	chr1	191973339	191974382	LTR/ERVL-MaLR	9725	-	522	191973861	1749
chr1	191972112	192172112	harbor2	chr1	191974408	191974858	LTR/ERVL-MaLR	9725	-	225	191974633	2521
chr1	191972112	192172112	harbor2	chr1	191974859	191975232	LTR/ERVL-MaLR	2473	-	186	191975045	2933
chr1	191972112	192172112	harbor2	chr1	192002245	192002551	LTR/ERVL-MaLR	1190	-	153	192002398	30286
chr1	191972112	192172112	harbor2	chr1	192020816	192021190	LTR/ERVL-MaLR	670	-	187	192021003	48891
chr1	61555229	61755229	harbor2	chr1	61555882	61556160	LTR/ERVL-MaLR	821	-	139	61556021	792
chr1	61555229	61755229	harbor2	chr1	61558530	61558589	LTR/ERVL-MaLR	1920	-	30	61558560	3331
chr1	61555229	61755229	harbor2	chr1	61558890	61559215	LTR/ERVL-MaLR	1920	-	162	61559052	3823
chr1	61555229	61755229	harbor2	chr1	61559791	61560157	LTR/ERVL-MaLR	862	-	183	61559974	4745
chr1	61555229	61755229	harbor2	chr1	61562546	61562931	LTR/ERVL-MaLR	2206	-	192	61562738	7509
chr1	61555229	61755229	harbor2	chr1	61564876	61565271	LTR/ERVL-MaLR	2037	-	198	61565074	9845
chr1	61555229	61755229	harbor2	chr1	61565272	61566291	LTR/ERVL-MaLR	5749	-	510	61565782	10553
chr1	61555229	61755229	harbor2	chr1	61566276	61566410	LTR/ERVL-MaLR	798	-	67	61566343	11114
chr1	61555229	61755229	harbor2	chr1	61566411	61566799	LTR/ERVL-MaLR	2360	-	194	61566605	11376
chr1	61555229	61755229	harbor2	chr1	61591376	61591586	LTR/ERVL-MaLR	1157	-	105	61591481	36252
chr1	156560141	156760141	harbor2	chr1	156590640	156590950	LTR/ERVL-MaLR	588	-	155	156590795	30654
chr1	156560141	156760141	harbor2	chr1	156627324	156627678	LTR/ERVL-MaLR	1259	-	177	156627501	67360
chr1	156560141	156760141	harbor2	chr1	156630762	156631288	LTR/ERVL-MaLR	1058	-	263	156631025	70884
chr1	170517376	170717376	harbor2	chr1	170527613	170527970	LTR/ERVL-MaLR	1640	-	178	170527791	10415
chr1	170517376	170717376	harbor2	chr1	170548020	170548483	LTR/ERVL-MaLR	1355	-	232	170548252	30876
chr1	170517376	170717376	harbor2	chr1	170558391	170558923	LTR/ERVL-MaLR	1465	-	266	170558657	41281
chr1	170517376	170717376	harbor2	chr1	170558945	170559230	LTR/ERVL-MaLR	3649	-	142	170559087	41711
chr1	170517376	170717376	harbor2	chr1	170559538	170559912	LTR/ERVL-MaLR	3649	-	187	170559725	42349
chr1	170517376	170717376	harbor2	chr1	170560605	170560675	LTR/ERVL-MaLR	3649	-	35	170560640	43264
chr1	170517376	170717376	harbor2	chr1	170561044	170561612	LTR/ERVL-MaLR	3649	-	284	170561328	43952
chr1	170517376	170717376	harbor2	chr1	170561710	170561798	LTR/ERVL-MaLR	443	-	44	170561754	44378
chr1	170517376	170717376	harbor2	chr1	170600793	170601141	LTR/ERVL-MaLR	2063	-	174	170600967	83591
chr1	170517376	170717376	harbor2	chr1	170601144	170602732	LTR/ERVL-MaLR	11602	-	794	170601938	84562
chr1	170517376	170717376	harbor2	chr1	170602733	170603085	LTR/ERVL-MaLR	2293	-	176	170602909	85533
chr1	170517376	170717376	harbor2	chr1	170604215	170604838	LTR/ERVL-MaLR	950	-	312	170604527	87151
chr1	16838763	17038763	harbor2	chr1	16858128	16858249	LTR/ERVL-MaLR	584	-	60	16858188	19425
chr1	16838763	17038763	harbor2	chr1	16917672	16918075	LTR/ERVL-MaLR	1242	-	202	16917874	79111
chr1	38904921	39104921	harbor2	chr1	38957418	38957572	LTR/ERVL-MaLR	864	-	77	38957495	52574
chr1	38904921	39104921	harbor2	chr1	38959503	38959832	LTR/ERVL-MaLR	550	-	164	38959667	54746
chr1	38904921	39104921	harbor2	chr1	38982792	38982863	LTR/ERVL-MaLR	540	-	36	38982828	77907
chr1	244605752	244805752	harbor2	chr1	244616403	244616788	LTR/ERVL-MaLR	1750	-	192	244616595	10843
chr1	244605752	244805752	harbor2	chr1	244651379	244651808	LTR/ERVL-MaLR	713	-	214	244651593	45841
chr1	244605752	244805752	harbor2	chr1	244657531	244657869	LTR/ERVL-MaLR	691	-	169	244657700	51948
chr1	244605752	244805752	harbor2	chr1	244659255	244659803	LTR/ERVL-MaLR	2500	-	274	244659529	53777
chr1	244605752	244805752	harbor2	chr1	244666746	244667089	LTR/ERVL-MaLR	2707	-	172	244666918	61166
chr1	244605752	244805752	harbor2	chr1	244667090	244667466	LTR/ERVL-MaLR	2992	-	188	244667278	61526
chr1	244605752	244805752	harbor2	chr1	244694949	244695320	LTR/ERVL-MaLR	596	-	186	244695135	89383
chr1	3143126	3343126	harbor2	chr1	3159276	3159654	LTR/ERVL-MaLR	1840	-	189	3159465	16339
chr1	3143126	3343126	harbor2	chr1	3163523	3163893	LTR/ERVL-MaLR	936	-	185	3163708	20582
chr1	3143126	3343126	harbor2	chr1	3173983	3174404	LTR/ERVL-MaLR	1146	-	210	3174193	31067
chr1	3143126	3343126	harbor2	chr1	3203495	3203858	LTR/ERVL-MaLR	957	-	182	3203677	60551
chr1	16598500	16798500	harbor2	chr1	16598477	16598907	LTR/ERVL-MaLR	2564	-	215	16598692	192
chr1	16598500	16798500	harbor2	chr1	16671507	16671858	LTR/ERVL-MaLR	2578	-	176	16671683	73183
chr1	76547403	76747403	harbor2	chr1	76582293	76582563	LTR/ERVL-MaLR	963	-	135	76582428	35025
chr1	76547403	76747403	harbor2	chr1	76597932	76598285	LTR/ERVL-MaLR	1664	-	176	76598108	50705
chr1	76547403	76747403	harbor2	chr1	76620401	76620791	LTR/ERVL-MaLR	1309	-	195	76620596	73193
chr1	76547403	76747403	harbor2	chr1	76635584	76635963	LTR/ERVL-MaLR	944	-	190	76635774	88371
chr1	76547403	76747403	harbor2	chr1	76643392	76643898	LTR/ERVL-MaLR	1465	-	253	76643645	96242
chr1	76547403	76747403	harbor2	chr1	76644457	76646027	LTR/ERVL-MaLR	3397	-	785	76645242	97839
chr1	76547403	76747403	harbor2	chr1	76646034	76646400	LTR/ERVL-MaLR	1497	-	183	76646217	98814
chr1	76547403	76747403	harbor2	chr1	76644070	76644434	LTR/ERVL-MaLR	1730	-	182	76644252	96849
chr1	227441438	227641438	harbor2	chr1	227446522	227446840	LTR/ERVL-MaLR	2294	-	159	227446681	5243
chr1	227441438	227641438	harbor2	chr1	227451971	227452314	LTR/ERVL-MaLR	798	-	172	227452143	10705
chr1	227441438	227641438	harbor2	chr1	227486542	227486909	LTR/ERVL-MaLR	1667	-	184	227486726	45288
chr1	227441438	227641438	harbor2	chr1	227486914	227488042	LTR/ERVL-MaLR	10341	-	564	227487478	46040
chr1	227441438	227641438	harbor2	chr1	227488334	227488726	LTR/ERVL-MaLR	10341	-	196	227488530	47092
chr1	227441438	227641438	harbor2	chr1	227488727	227489091	LTR/ERVL-MaLR	1942	-	182	227488909	47471
chr1	227441438	227641438	harbor2	chr1	227503797	227504006	LTR/ERVL-MaLR	2408	-	104	227503901	62463
chr1	227441438	227641438	harbor2	chr1	227504297	227504449	LTR/ERVL-MaLR	2408	-	76	227504373	62935
chr1	227441438	227641438	harbor2	chr1	227519066	227519353	LTR/ERVL-MaLR	674	-	144	227519210	77772
chr1	16655181	16855181	harbor2	chr1	16671507	16671858	LTR/ERVL-MaLR	2578	-	176	16671683	16502
chr1	16544742	16744742	harbor2	chr1	16598477	16598907	LTR/ERVL-MaLR	2564	-	215	16598692	53950
chr1	16544837	16744837	harbor2	chr1	16598477	16598907	LTR/ERVL-MaLR	2564	-	215	16598692	53855
chr1	2138423	2338423	harbor2	chr1	2183543	2183905	LTR/ERVL-MaLR	896	-	181	2183724	45301
chr1	53847584	54047584	harbor2	chr1	53918036	53918148	LTR/ERVL-MaLR	630	-	56	53918092	70508
chr1	53856437	54056437	harbor2	chr1	53918036	53918148	LTR/ERVL-MaLR	630	-	56	53918092	61655
chr1	162655449	162855449	harbor2	chr1	162668384	162668771	LTR/ERVL-MaLR	1216	-	194	162668578	13129
chr1	162655449	162855449	harbor2	chr1	162681486	162681845	LTR/ERVL-MaLR	1938	-	180	162681666	26217
chr1	162655449	162855449	harbor2	chr1	162704467	162704809	LTR/ERVL-MaLR	1959	-	171	162704638	49189
chr1	162655449	162855449	harbor2	chr1	162719858	162720155	LTR/ERVL-MaLR	560	-	148	162720006	64557
chr1	162655449	162855449	harbor2	chr1	162742698	162743054	LTR/ERVL-MaLR	2747	-	178	162742876	87427
chr1	162655449	162855449	harbor2	chr1	162742248	162742691	LTR/ERVL-MaLR	2265	-	222	162742470	87021
chr1	16544790	16744790	harbor2	chr1	16598477	16598907	LTR/ERVL-MaLR	2564	-	215	16598692	53902
chr1	154870386	155070386	harbor2	chr1	154883166	154883530	LTR/ERVL-MaLR	786	-	182	154883348	12962
chr1	154870386	155070386	harbor2	chr1	154883832	154883938	LTR/ERVL-MaLR	786	-	53	154883885	13499
chr1	154870386	155070386	harbor2	chr1	154890739	154890801	LTR/ERVL-MaLR	844	-	31	154890770	20384
chr1	154870386	155070386	harbor2	chr1	154891096	154891206	LTR/ERVL-MaLR	844	-	55	154891151	20765
chr1	154870386	155070386	harbor2	chr1	154904524	154904738	LTR/ERVL-MaLR	1132	-	107	154904631	34245
chr1	154870386	155070386	harbor2	chr1	154916606	154916847	LTR/ERVL-MaLR	1630	-	120	154916726	46340
chr1	154870386	155070386	harbor2	chr1	154916947	154917141	LTR/ERVL-MaLR	1140	-	97	154917044	46658
chr1	204830869	205030869	harbor2	chr1	204857689	204857907	LTR/ERVL-MaLR	1895	-	109	204857798	26929
chr1	204830869	205030869	harbor2	chr1	204858220	204858340	LTR/ERVL-MaLR	1895	-	60	204858280	27411
chr1	204830869	205030869	harbor2	chr1	204892312	204892530	LTR/ERVL-MaLR	669	-	109	204892421	61552
chr1	204830869	205030869	harbor2	chr1	204893917	204894336	LTR/ERVL-MaLR	925	-	210	204894127	63258
chr1	182932329	183132329	harbor2	chr1	182958851	182958987	LTR/ERVL-MaLR	850	-	68	182958919	26590
chr1	182932329	183132329	harbor2	chr1	183010142	183010407	LTR/ERVL-MaLR	1696	-	132	183010274	77945
chr1	182932329	183132329	harbor2	chr1	183011474	183011587	LTR/ERVL-MaLR	1696	-	56	183011530	79201
chr1	16546417	16746417	harbor2	chr1	16598477	16598907	LTR/ERVL-MaLR	2564	-	215	16598692	52275
chr1	21392241	21592241	harbor2	chr1	21392491	21392881	LTR/ERVL-MaLR	2309	-	195	21392686	445
chr1	21392241	21592241	harbor2	chr1	21402966	21403201	LTR/ERVL-MaLR	1678	-	118	21403084	10843
chr1	21392241	21592241	harbor2	chr1	21403495	21403633	LTR/ERVL-MaLR	1678	-	69	21403564	11323
chr1	21392241	21592241	harbor2	chr1	21403640	21403782	LTR/ERVL-MaLR	3724	-	71	21403711	11470
chr1	21392241	21592241	harbor2	chr1	21404701	21405565	LTR/ERVL-MaLR	3724	-	432	21405133	12892
chr1	21392241	21592241	harbor2	chr1	21406052	21406154	LTR/ERVL-MaLR	650	-	51	21406103	13862
chr1	21392241	21592241	harbor2	chr1	21450021	21450455	LTR/ERVL-MaLR	889	-	217	21450238	57997
chr1	21392241	21592241	harbor2	chr1	21450700	21451055	LTR/ERVL-MaLR	990	-	178	21450878	58637
chr1	21392241	21592241	harbor2	chr1	21454776	21455400	LTR/ERVL-MaLR	1941	-	312	21455088	62847
chr1	59715217	59915217	harbor2	chr1	59785413	59785793	LTR/ERVL-MaLR	1960	-	190	59785603	70386
chr1	59715217	59915217	harbor2	chr1	59785794	59787317	LTR/ERVL-MaLR	10920	-	762	59786556	71339
chr1	59715217	59915217	harbor2	chr1	59787318	59787672	LTR/ERVL-MaLR	1645	-	177	59787495	72278
chr1	244735652	244935652	harbor2	chr1	244772997	244773122	LTR/ERVL-MaLR	878	-	62	244773059	37407
chr1	244735652	244935652	harbor2	chr1	244813369	244813700	LTR/ERVL-MaLR	1243	-	166	244813535	77883
chr1	244763056	244963056	harbor2	chr1	244772997	244773122	LTR/ERVL-MaLR	878	-	62	244773059	10003
chr1	244763056	244963056	harbor2	chr1	244813369	244813700	LTR/ERVL-MaLR	1243	-	166	244813535	50479
chr1	16544707	16744707	harbor2	chr1	16598477	16598907	LTR/ERVL-MaLR	2564	-	215	16598692	53985
chr1	227442483	227642483	harbor2	chr1	227446522	227446840	LTR/ERVL-MaLR	2294	-	159	227446681	4198
chr1	227442483	227642483	harbor2	chr1	227451971	227452314	LTR/ERVL-MaLR	798	-	172	227452143	9660
chr1	227442483	227642483	harbor2	chr1	227486542	227486909	LTR/ERVL-MaLR	1667	-	184	227486726	44243
chr1	227442483	227642483	harbor2	chr1	227486914	227488042	LTR/ERVL-MaLR	10341	-	564	227487478	44995
chr1	227442483	227642483	harbor2	chr1	227488334	227488726	LTR/ERVL-MaLR	10341	-	196	227488530	46047
chr1	227442483	227642483	harbor2	chr1	227488727	227489091	LTR/ERVL-MaLR	1942	-	182	227488909	46426
chr1	227442483	227642483	harbor2	chr1	227503797	227504006	LTR/ERVL-MaLR	2408	-	104	227503901	61418
chr1	227442483	227642483	harbor2	chr1	227504297	227504449	LTR/ERVL-MaLR	2408	-	76	227504373	61890
chr1	227442483	227642483	harbor2	chr1	227519066	227519353	LTR/ERVL-MaLR	674	-	144	227519210	76727
chr1	25574287	25774287	harbor2	chr1	25608500	25608854	LTR/ERVL-MaLR	844	-	177	25608677	34390
chr1	25574287	25774287	harbor2	chr1	25671703	25671873	LTR/ERVL-MaLR	1557	-	85	25671788	97501
chr1	25574287	25774287	harbor2	chr1	25672455	25672776	LTR/ERVL-MaLR	1557	-	160	25672615	98328
chr1	116272865	116472865	harbor2	chr1	116275537	116275968	LTR/ERVL-MaLR	1715	-	216	116275753	2888
chr1	116272865	116472865	harbor2	chr1	116316590	116316995	LTR/ERVL-MaLR	497	-	202	116316792	43927
chr1	116272865	116472865	harbor2	chr1	116317357	116317555	LTR/ERVL-MaLR	604	-	99	116317456	44591
chr1	116272865	116472865	harbor2	chr1	116337516	116338065	LTR/ERVL-MaLR	1743	-	274	116337790	64925
chr1	116272865	116472865	harbor2	chr1	116339797	116340323	LTR/ERVL-MaLR	1999	-	263	116340060	67195
chr1	116272865	116472865	harbor2	chr1	116349433	116349811	LTR/ERVL-MaLR	2046	-	189	116349622	76757
chr1	244631205	244831205	harbor2	chr1	244651379	244651808	LTR/ERVL-MaLR	713	-	214	244651593	20388
chr1	244631205	244831205	harbor2	chr1	244657531	244657869	LTR/ERVL-MaLR	691	-	169	244657700	26495
chr1	244631205	244831205	harbor2	chr1	244659255	244659803	LTR/ERVL-MaLR	2500	-	274	244659529	28324
chr1	244631205	244831205	harbor2	chr1	244666746	244667089	LTR/ERVL-MaLR	2707	-	172	244666918	35713
chr1	244631205	244831205	harbor2	chr1	244667090	244667466	LTR/ERVL-MaLR	2992	-	188	244667278	36073
chr1	244631205	244831205	harbor2	chr1	244694949	244695320	LTR/ERVL-MaLR	596	-	186	244695135	63930
chr1	23067990	23267990	harbor2	chr1	23084159	23084545	LTR/ERVL-MaLR	1370	-	193	23084352	16362
chr1	23067990	23267990	harbor2	chr1	23096626	23096690	LTR/ERVL-MaLR	1618	-	32	23096658	28668
chr1	23067990	23267990	harbor2	chr1	23096988	23097272	LTR/ERVL-MaLR	1618	-	142	23097130	29140
chr1	2172191	2372191	harbor2	chr1	2183543	2183905	LTR/ERVL-MaLR	896	-	181	2183724	11533
chr1	244605764	244805764	harbor2	chr1	244616403	244616788	LTR/ERVL-MaLR	1750	-	192	244616595	10831
chr1	244605764	244805764	harbor2	chr1	244651379	244651808	LTR/ERVL-MaLR	713	-	214	244651593	45829
chr1	244605764	244805764	harbor2	chr1	244657531	244657869	LTR/ERVL-MaLR	691	-	169	244657700	51936
chr1	244605764	244805764	harbor2	chr1	244659255	244659803	LTR/ERVL-MaLR	2500	-	274	244659529	53765
chr1	244605764	244805764	harbor2	chr1	244666746	244667089	LTR/ERVL-MaLR	2707	-	172	244666918	61154
chr1	244605764	244805764	harbor2	chr1	244667090	244667466	LTR/ERVL-MaLR	2992	-	188	244667278	61514
chr1	244605764	244805764	harbor2	chr1	244694949	244695320	LTR/ERVL-MaLR	596	-	186	244695135	89371
chr1	6685436	6885436	harbor2	chr1	6686375	6686736	LTR/ERVL-MaLR	1038	-	180	6686555	1119
chr1	6685436	6885436	harbor2	chr1	6717019	6717234	LTR/ERVL-MaLR	1089	-	108	6717127	31691
chr1	6685436	6885436	harbor2	chr1	6724049	6724433	LTR/ERVL-MaLR	2517	-	192	6724241	38805
chr1	6685436	6885436	harbor2	chr1	6737025	6737100	LTR/ERVL-MaLR	608	-	38	6737063	51627
chr1	6685436	6885436	harbor2	chr1	6737414	6737571	LTR/ERVL-MaLR	608	-	78	6737492	52056
chr1	6685436	6885436	harbor2	chr1	6741378	6741814	LTR/ERVL-MaLR	2023	-	218	6741596	56160
chr1	6685436	6885436	harbor2	chr1	6742126	6742218	LTR/ERVL-MaLR	2023	-	46	6742172	56736
chr1	148210264	148410264	harbor2	chr1	148214693	148214816	LTR/ERVL-MaLR	443	-	62	148214755	4491
chr1	148210264	148410264	harbor2	chr1	148271839	148272232	LTR/ERVL-MaLR	1384	-	196	148272035	61771
chr1	148210264	148410264	harbor2	chr1	148289687	148290092	LTR/ERVL-MaLR	1605	-	202	148289889	79625
chr1	148210264	148410264	harbor2	chr1	148297113	148297460	LTR/ERVL-MaLR	1421	-	174	148297287	87023
chr1	156623387	156823387	harbor2	chr1	156627324	156627678	LTR/ERVL-MaLR	1259	-	177	156627501	4114
chr1	156623387	156823387	harbor2	chr1	156630762	156631288	LTR/ERVL-MaLR	1058	-	263	156631025	7638
chr1	16603124	16803124	harbor2	chr1	16671507	16671858	LTR/ERVL-MaLR	2578	-	176	16671683	68559
chr1	31479894	31679894	harbor2	chr1	31491401	31491731	LTR/ERVL-MaLR	1111	-	165	31491566	11672
chr1	31479894	31679894	harbor2	chr1	31512285	31512517	LTR/ERVL-MaLR	670	-	116	31512401	32507
chr1	31479894	31679894	harbor2	chr1	31527784	31528147	LTR/ERVL-MaLR	2579	-	182	31527966	48072
chr1	31479894	31679894	harbor2	chr1	31528851	31529207	LTR/ERVL-MaLR	2045	-	178	31529029	49135
chr1	31479894	31679894	harbor2	chr1	31540938	31541352	LTR/ERVL-MaLR	2561	-	207	31541145	61251
chr1	31479894	31679894	harbor2	chr1	31552319	31552810	LTR/ERVL-MaLR	1100	-	246	31552565	72671
chr1	31479894	31679894	harbor2	chr1	31570567	31571029	LTR/ERVL-MaLR	1432	-	231	31570798	90904
chr1	156560151	156760151	harbor2	chr1	156590640	156590950	LTR/ERVL-MaLR	588	-	155	156590795	30644
chr1	156560151	156760151	harbor2	chr1	156627324	156627678	LTR/ERVL-MaLR	1259	-	177	156627501	67350
chr1	156560151	156760151	harbor2	chr1	156630762	156631288	LTR/ERVL-MaLR	1058	-	263	156631025	70874
chr1	2138420	2338420	harbor2	chr1	2183543	2183905	LTR/ERVL-MaLR	896	-	181	2183724	45304
chr1	167621518	167821518	harbor2	chr1	167622194	167622429	LTR/ERVL-MaLR	531	-	118	167622312	794
chr1	167621518	167821518	harbor2	chr1	167640142	167640551	LTR/ERVL-MaLR	852	-	204	167640346	18828
chr1	167621518	167821518	harbor2	chr1	167641865	167642107	LTR/ERVL-MaLR	885	-	121	167641986	20468
chr1	167621518	167821518	harbor2	chr1	167650871	167651235	LTR/ERVL-MaLR	1985	-	182	167651053	29535
chr1	167621518	167821518	harbor2	chr1	167672319	167672799	LTR/ERVL-MaLR	2031	-	240	167672559	51041
chr1	167621518	167821518	harbor2	chr1	167674885	167674925	LTR/ERVL-MaLR	2691	-	20	167674905	53387
chr1	167621518	167821518	harbor2	chr1	167675233	167675564	LTR/ERVL-MaLR	2691	-	166	167675399	53881
chr1	167621518	167821518	harbor2	chr1	167699240	167699699	LTR/ERVL-MaLR	844	-	230	167699470	77952
chr1	167621518	167821518	harbor2	chr1	167708013	167708308	LTR/ERVL-MaLR	528	-	148	167708161	86643
chr1	86768547	86968547	harbor2	chr1	86768473	86768875	LTR/ERVL-MaLR	1270	-	201	86768674	127
chr1	86768547	86968547	harbor2	chr1	86820538	86820846	LTR/ERVL-MaLR	1548	-	154	86820692	52145
chr1	86768547	86968547	harbor2	chr1	86821461	86821514	LTR/ERVL-MaLR	1548	-	26	86821487	52940
chr1	86768547	86968547	harbor2	chr1	86836236	86836490	LTR/ERVL-MaLR	498	-	127	86836363	67816
chr1	86768547	86968547	harbor2	chr1	86852166	86852400	LTR/ERVL-MaLR	2619	-	117	86852283	83736
chr1	86768547	86968547	harbor2	chr1	86852699	86852895	LTR/ERVL-MaLR	2619	-	98	86852797	84250
chr1	16545142	16745142	harbor2	chr1	16598477	16598907	LTR/ERVL-MaLR	2564	-	215	16598692	53550
chr1	28827120	29027120	harbor2	chr1	28836170	28836234	LTR/ERVL-MaLR	880	-	32	28836202	9082
chr1	28827120	29027120	harbor2	chr1	28836526	28836712	LTR/ERVL-MaLR	880	-	93	28836619	9499
chr1	28827120	29027120	harbor2	chr1	28837823	28837976	LTR/ERVL-MaLR	724	-	76	28837899	10779
chr1	28827120	29027120	harbor2	chr1	28839066	28839412	LTR/ERVL-MaLR	1095	-	173	28839239	12119
chr1	28827120	29027120	harbor2	chr1	28846258	28846452	LTR/ERVL-MaLR	726	-	97	28846355	19235
chr1	28827120	29027120	harbor2	chr1	28846712	28846778	LTR/ERVL-MaLR	726	-	33	28846745	19625
chr1	28827120	29027120	harbor2	chr1	28859875	28860082	LTR/ERVL-MaLR	591	-	104	28859979	32859
chr1	28827120	29027120	harbor2	chr1	28860380	28860456	LTR/ERVL-MaLR	591	-	38	28860418	33298
chr1	110113147	110313147	harbor2	chr1	110115891	110116098	LTR/ERVL-MaLR	1696	-	104	110115995	2848
chr1	110113147	110313147	harbor2	chr1	110116390	110116543	LTR/ERVL-MaLR	1696	-	76	110116466	3319
chr1	110113147	110313147	harbor2	chr1	110118328	110118359	LTR/ERVL-MaLR	1071	-	16	110118344	5197
chr1	110113147	110313147	harbor2	chr1	110118603	110119107	LTR/ERVL-MaLR	1071	-	252	110118855	5708
chr1	110113147	110313147	harbor2	chr1	110123452	110123643	LTR/ERVL-MaLR	523	-	96	110123548	10401
chr1	110113147	110313147	harbor2	chr1	110144448	110144938	LTR/ERVL-MaLR	1562	-	245	110144693	31546
chr1	110113147	110313147	harbor2	chr1	110178548	110178903	LTR/ERVL-MaLR	1984	-	178	110178726	65579
chr1	110113147	110313147	harbor2	chr1	110203706	110204202	LTR/ERVL-MaLR	1750	-	248	110203954	90807
chr1	16546458	16746458	harbor2	chr1	16598477	16598907	LTR/ERVL-MaLR	2564	-	215	16598692	52234
chr1	180065529	180265529	harbor2	chr1	180100768	180100984	LTR/ERVL-MaLR	1677	-	108	180100876	35347
chr1	180065529	180265529	harbor2	chr1	180164749	180165147	LTR/ERVL-MaLR	1903	-	199	180164948	99419
chr1	89618068	89818068	harbor2	chr1	89619980	89620333	LTR/ERVL-MaLR	1684	-	176	89620156	2088
chr1	89618068	89818068	harbor2	chr1	89655482	89655783	LTR/ERVL-MaLR	947	-	150	89655632	37564
chr1	89618068	89818068	harbor2	chr1	89681462	89681812	LTR/ERVL-MaLR	2525	-	175	89681637	63569
chr1	727539	927539	harbor2	chr1	752224	752580	LTR/ERVL-MaLR	1428	-	178	752402	24863
chr1	727539	927539	harbor2	chr1	762854	763171	LTR/ERVL-MaLR	1537	-	158	763012	35473
chr1	2139714	2339714	harbor2	chr1	2183543	2183905	LTR/ERVL-MaLR	896	-	181	2183724	44010
chr1	7672052	7872052	harbor2	chr1	7684367	7684758	LTR/ERVL-MaLR	960	-	196	7684563	12511
chr1	7672052	7872052	harbor2	chr1	7693072	7693429	LTR/ERVL-MaLR	2190	-	178	7693250	21198
chr1	7672052	7872052	harbor2	chr1	7710265	7710327	LTR/ERVL-MaLR	1036	-	31	7710296	38244
chr1	7672052	7872052	harbor2	chr1	7710626	7711013	LTR/ERVL-MaLR	1036	-	194	7710820	38768
chr1	7672052	7872052	harbor2	chr1	7711029	7711372	LTR/ERVL-MaLR	1600	-	172	7711201	39149
chr1	7672052	7872052	harbor2	chr1	7712707	7713064	LTR/ERVL-MaLR	2403	-	178	7712885	40833
chr1	7672052	7872052	harbor2	chr1	7739478	7739838	LTR/ERVL-MaLR	2226	-	180	7739658	67606
chr1	7672052	7872052	harbor2	chr1	7739858	7739934	LTR/ERVL-MaLR	592	-	38	7739896	67844
chr1	7672052	7872052	harbor2	chr1	7739954	7740032	LTR/ERVL-MaLR	618	-	39	7739993	67941
chr1	7672052	7872052	harbor2	chr1	7740052	7740130	LTR/ERVL-MaLR	621	-	39	7740091	68039
chr1	7672052	7872052	harbor2	chr1	7700471	7700852	LTR/ERVL-MaLR	1152	-	190	7700661	28609
chr1	214181152	214381152	harbor2	chr1	214203749	214204112	LTR/ERVL-MaLR	2481	-	182	214203931	22779
chr1	214181152	214381152	harbor2	chr1	214273315	214273488	LTR/ERVL-MaLR	1142	-	86	214273401	92249
chr1	214181152	214381152	harbor2	chr1	214273792	214273972	LTR/ERVL-MaLR	1142	-	90	214273882	92730
chr1	214181152	214381152	harbor2	chr1	214276964	214277417	LTR/ERVL-MaLR	1107	-	226	214277190	96038
chr1	32232884	32432884	harbor2	chr1	32295086	32295132	LTR/ERVL-MaLR	1366	-	23	32295109	62225
chr1	32232884	32432884	harbor2	chr1	32295423	32295741	LTR/ERVL-MaLR	1366	-	159	32295582	62698
chr1	244609671	244809671	harbor2	chr1	244616403	244616788	LTR/ERVL-MaLR	1750	-	192	244616595	6924
chr1	244609671	244809671	harbor2	chr1	244651379	244651808	LTR/ERVL-MaLR	713	-	214	244651593	41922
chr1	244609671	244809671	harbor2	chr1	244657531	244657869	LTR/ERVL-MaLR	691	-	169	244657700	48029
chr1	244609671	244809671	harbor2	chr1	244659255	244659803	LTR/ERVL-MaLR	2500	-	274	244659529	49858
chr1	244609671	244809671	harbor2	chr1	244666746	244667089	LTR/ERVL-MaLR	2707	-	172	244666918	57247
chr1	244609671	244809671	harbor2	chr1	244667090	244667466	LTR/ERVL-MaLR	2992	-	188	244667278	57607
chr1	244609671	244809671	harbor2	chr1	244694949	244695320	LTR/ERVL-MaLR	596	-	186	244695135	85464
chr1	20052576	20252576	harbor2	chr1	20089348	20089598	LTR/ERVL-MaLR	1130	-	125	20089473	36897
chr1	20052576	20252576	harbor2	chr1	20132286	20132652	LTR/ERVL-MaLR	2503	-	183	20132469	79893
chr1	20052576	20252576	harbor2	chr1	20086407	20086900	LTR/ERVL-MaLR	1416	-	246	20086653	34077
chr1	16660926	16860926	harbor2	chr1	16671507	16671858	LTR/ERVL-MaLR	2578	-	176	16671683	10757
chr1	223604865	223804865	harbor2	chr1	223634522	223634884	LTR/ERVL-MaLR	1941	-	181	223634703	29838
chr1	223604865	223804865	harbor2	chr1	223673335	223673691	LTR/ERVL-MaLR	2043	-	178	223673513	68648
chr1	223604865	223804865	harbor2	chr1	223675299	223675644	LTR/ERVL-MaLR	1221	-	172	223675471	70606
chr1	223604865	223804865	harbor2	chr1	223675946	223676287	LTR/ERVL-MaLR	2294	-	170	223676116	71251
chr1	223604865	223804865	harbor2	chr1	223678792	223679294	LTR/ERVL-MaLR	1719	-	251	223679043	74178
chr1	223604865	223804865	harbor2	chr1	223679906	223680145	LTR/ERVL-MaLR	560	-	120	223680026	75161
chr1	223604865	223804865	harbor2	chr1	223673692	223675295	LTR/ERVL-MaLR	10675	-	802	223674494	69629
chr1	16626815	16826815	harbor2	chr1	16671507	16671858	LTR/ERVL-MaLR	2578	-	176	16671683	44868
chr1	3449903	3649903	harbor2	chr1	3540576	3540898	LTR/ERVL-MaLR	758	-	161	3540737	90834
chr1	22502698	22702698	harbor2	chr1	22515356	22515814	LTR/ERVL-MaLR	2240	-	229	22515585	12887
chr1	3845544	4045544	harbor2	chr1	3871683	3872098	LTR/ERVL-MaLR	2187	-	208	3871891	26347
chr1	3845544	4045544	harbor2	chr1	3908666	3908850	LTR/ERVL-MaLR	1078	-	92	3908758	63214
chr1	3845544	4045544	harbor2	chr1	3926208	3926528	LTR/ERVL-MaLR	659	-	160	3926368	80824
chr1	2139645	2339645	harbor2	chr1	2183543	2183905	LTR/ERVL-MaLR	896	-	181	2183724	44079
chr1	16586020	16786020	harbor2	chr1	16598477	16598907	LTR/ERVL-MaLR	2564	-	215	16598692	12672
chr1	16586020	16786020	harbor2	chr1	16671507	16671858	LTR/ERVL-MaLR	2578	-	176	16671683	85663
chr1	228074079	228274079	harbor2	chr1	228075823	228076202	LTR/ERVL-MaLR	501	-	190	228076013	1934
chr1	228074079	228274079	harbor2	chr1	228127033	228127381	LTR/ERVL-MaLR	2216	-	174	228127207	53128
chr1	228074079	228274079	harbor2	chr1	228127726	228127776	LTR/ERVL-MaLR	2216	-	25	228127751	53672
chr1	228074079	228274079	harbor2	chr1	228131452	228131611	LTR/ERVL-MaLR	898	-	80	228131532	57453
chr1	228074079	228274079	harbor2	chr1	228161481	228161847	LTR/ERVL-MaLR	1956	-	183	228161664	87585
chr1	244605740	244805740	harbor2	chr1	244616403	244616788	LTR/ERVL-MaLR	1750	-	192	244616595	10855
chr1	244605740	244805740	harbor2	chr1	244651379	244651808	LTR/ERVL-MaLR	713	-	214	244651593	45853
chr1	244605740	244805740	harbor2	chr1	244657531	244657869	LTR/ERVL-MaLR	691	-	169	244657700	51960
chr1	244605740	244805740	harbor2	chr1	244659255	244659803	LTR/ERVL-MaLR	2500	-	274	244659529	53789
chr1	244605740	244805740	harbor2	chr1	244666746	244667089	LTR/ERVL-MaLR	2707	-	172	244666918	61178
chr1	244605740	244805740	harbor2	chr1	244667090	244667466	LTR/ERVL-MaLR	2992	-	188	244667278	61538
chr1	244605740	244805740	harbor2	chr1	244694949	244695320	LTR/ERVL-MaLR	596	-	186	244695135	89395
chr1	230028630	230228630	harbor2	chr1	230046988	230047385	LTR/ERVL-MaLR	2111	-	198	230047186	18556
chr1	230028630	230228630	harbor2	chr1	230111948	230112197	LTR/ERVL-MaLR	482	-	124	230112072	83442
chr1	19544301	19744301	harbor2	chr1	19548856	19548995	LTR/ERVL-MaLR	490	-	70	19548926	4625
chr1	19544301	19744301	harbor2	chr1	19551381	19551450	LTR/ERVL-MaLR	2271	-	34	19551415	7114
chr1	19544301	19744301	harbor2	chr1	19551755	19552067	LTR/ERVL-MaLR	2271	-	156	19551911	7610
chr1	19544301	19744301	harbor2	chr1	19587901	19588249	LTR/ERVL-MaLR	1662	-	174	19588075	43774
chr1	19544301	19744301	harbor2	chr1	19588559	19588575	LTR/ERVL-MaLR	1662	-	8	19588567	44266
chr1	19544301	19744301	harbor2	chr1	19588888	19588981	LTR/ERVL-MaLR	1662	-	46	19588934	44633
chr1	19544301	19744301	harbor2	chr1	19636234	19636340	LTR/ERVL-MaLR	472	-	53	19636287	91986
chr1	28815540	29015540	harbor2	chr1	28836170	28836234	LTR/ERVL-MaLR	880	-	32	28836202	20662
chr1	28815540	29015540	harbor2	chr1	28836526	28836712	LTR/ERVL-MaLR	880	-	93	28836619	21079
chr1	28815540	29015540	harbor2	chr1	28837823	28837976	LTR/ERVL-MaLR	724	-	76	28837899	22359
chr1	28815540	29015540	harbor2	chr1	28839066	28839412	LTR/ERVL-MaLR	1095	-	173	28839239	23699
chr1	28815540	29015540	harbor2	chr1	28846258	28846452	LTR/ERVL-MaLR	726	-	97	28846355	30815
chr1	28815540	29015540	harbor2	chr1	28846712	28846778	LTR/ERVL-MaLR	726	-	33	28846745	31205
chr1	28815540	29015540	harbor2	chr1	28859875	28860082	LTR/ERVL-MaLR	591	-	104	28859979	44439
chr1	28815540	29015540	harbor2	chr1	28860380	28860456	LTR/ERVL-MaLR	591	-	38	28860418	44878
chr1	47318309	47518309	harbor2	chr1	47357822	47357946	LTR/ERVL-MaLR	762	-	62	47357884	39575
chr1	47318309	47518309	harbor2	chr1	47390207	47390273	LTR/ERVL-MaLR	1892	-	33	47390240	71931
chr1	47318309	47518309	harbor2	chr1	47390577	47391046	LTR/ERVL-MaLR	1892	-	234	47390811	72502
chr1	47318309	47518309	harbor2	chr1	47397889	47397918	LTR/ERVL-MaLR	627	-	14	47397903	79594
chr1	47318309	47518309	harbor2	chr1	47398215	47398336	LTR/ERVL-MaLR	627	-	60	47398275	79966
chr1	47318309	47518309	harbor2	chr1	47399292	47399483	LTR/ERVL-MaLR	627	-	96	47399388	81079
chr1	47318309	47518309	harbor2	chr1	47403724	47403857	LTR/ERVL-MaLR	482	-	66	47403790	85481
chr1	47318309	47518309	harbor2	chr1	47398906	47398980	LTR/ERVL-MaLR	627	-	37	47398943	80634
chr1	165727908	165927908	harbor2	chr1	165785447	165785577	LTR/ERVL-MaLR	2701	-	65	165785512	57604
chr1	165727908	165927908	harbor2	chr1	165785883	165786112	LTR/ERVL-MaLR	2701	-	114	165785997	58089
chr1	241289600	241489600	harbor2	chr1	241339490	241339911	LTR/ERVL-MaLR	916	-	210	241339700	50100
chr1	241289600	241489600	harbor2	chr1	241384850	241385217	LTR/ERVL-MaLR	1514	-	184	241385034	95434
chr1	44703624	44903624	harbor2	chr1	44733366	44733707	LTR/ERVL-MaLR	476	-	170	44733536	29912
chr1	44703624	44903624	harbor2	chr1	44736096	44736466	LTR/ERVL-MaLR	1139	-	185	44736281	32657
chr1	16626840	16826840	harbor2	chr1	16671507	16671858	LTR/ERVL-MaLR	2578	-	176	16671683	44843
chr1	11741330	11941330	harbor2	chr1	11754016	11754371	LTR/ERVL-MaLR	2324	-	178	11754194	12864
chr1	11741330	11941330	harbor2	chr1	11781303	11781456	LTR/ERVL-MaLR	608	-	76	11781379	40049
chr1	11741330	11941330	harbor2	chr1	11837750	11838034	LTR/ERVL-MaLR	855	-	142	11837892	96562
chr1	203029240	203229240	harbor2	chr1	203094409	203094826	LTR/ERVL-MaLR	1379	-	208	203094617	65377
chr1	203029240	203229240	harbor2	chr1	203097528	203097908	LTR/ERVL-MaLR	2539	-	190	203097718	68478
chr1	203029240	203229240	harbor2	chr1	203100887	203101116	LTR/ERVL-MaLR	2115	-	114	203101001	71761
chr1	203029240	203229240	harbor2	chr1	203101428	203101599	LTR/ERVL-MaLR	2115	-	86	203101514	72274
chr1	212332813	212532813	harbor2	chr1	212410715	212411167	LTR/ERVL-MaLR	2412	-	226	212410941	78128
chr1	212332813	212532813	harbor2	chr1	212352963	212353464	LTR/ERVL-MaLR	1495	-	250	212353213	20400
chr1	32108058	32308058	harbor2	chr1	32141869	32141986	LTR/ERVL-MaLR	1778	-	58	32141927	33869
chr1	32108058	32308058	harbor2	chr1	32142282	32142525	LTR/ERVL-MaLR	1778	-	122	32142404	34346
chr1	16544730	16744730	harbor2	chr1	16598477	16598907	LTR/ERVL-MaLR	2564	-	215	16598692	53962
chr1	53584910	53784910	harbor2	chr1	53607720	53607958	LTR/ERVL-MaLR	1567	-	119	53607839	22929
chr1	53584910	53784910	harbor2	chr1	53608261	53608433	LTR/ERVL-MaLR	1567	-	86	53608347	23437
chr1	53584910	53784910	harbor2	chr1	53667600	53667911	LTR/ERVL-MaLR	957	-	156	53667756	82846
chr1	230743397	230943397	harbor2	chr1	230745437	230745805	LTR/ERVL-MaLR	1873	-	184	230745621	2224
chr1	230743397	230943397	harbor2	chr1	230766673	230766965	LTR/ERVL-MaLR	1688	-	146	230766819	23422
chr1	230743397	230943397	harbor2	chr1	230775338	230775636	LTR/ERVL-MaLR	1436	-	149	230775487	32090
chr1	230743397	230943397	harbor2	chr1	230775935	230776034	LTR/ERVL-MaLR	1436	-	50	230775985	32588
chr1	230743397	230943397	harbor2	chr1	230776035	230776402	LTR/ERVL-MaLR	2149	-	184	230776219	32822
chr1	230743397	230943397	harbor2	chr1	230776403	230776547	LTR/ERVL-MaLR	1436	-	72	230776475	33078
chr1	230743397	230943397	harbor2	chr1	230776551	230776774	LTR/ERVL-MaLR	641	-	112	230776663	33266
chr1	230743397	230943397	harbor2	chr1	230779319	230779568	LTR/ERVL-MaLR	491	-	124	230779443	36046
chr1	230743397	230943397	harbor2	chr1	230806564	230806941	LTR/ERVL-MaLR	2191	-	188	230806752	63355
chr1	230743397	230943397	harbor2	chr1	230814963	230815108	LTR/ERVL-MaLR	635	-	72	230815035	71638
chr1	89721814	89921814	harbor2	chr1	89723145	89723562	LTR/ERVL-MaLR	2163	-	208	89723353	1539
chr1	89721814	89921814	harbor2	chr1	89723749	89724339	LTR/ERVL-MaLR	2171	-	295	89724044	2230
chr1	89721814	89921814	harbor2	chr1	89742889	89742971	LTR/ERVL-MaLR	515	-	41	89742930	21116
chr1	89721814	89921814	harbor2	chr1	89784571	89785038	LTR/ERVL-MaLR	1594	-	234	89784805	62991
chr1	89721814	89921814	harbor2	chr1	89786651	89787132	LTR/ERVL-MaLR	590	-	240	89786891	65077
chr1	89721814	89921814	harbor2	chr1	89792506	89792887	LTR/ERVL-MaLR	2282	-	190	89792696	70882
chr1	116393750	116593750	harbor2	chr1	116487095	116487329	LTR/ERVL-MaLR	775	-	117	116487212	93462
chr1	220688388	220888388	harbor2	chr1	220707810	220708194	LTR/ERVL-MaLR	2239	-	192	220708002	19614
chr1	220688388	220888388	harbor2	chr1	220726253	220726564	LTR/ERVL-MaLR	1608	-	156	220726409	38021
chr1	220688388	220888388	harbor2	chr1	220757467	220757820	LTR/ERVL-MaLR	1423	-	176	220757643	69255
chr1	220688388	220888388	harbor2	chr1	220777888	220777959	LTR/ERVL-MaLR	2463	-	36	220777924	89536
chr1	220688388	220888388	harbor2	chr1	220778277	220778627	LTR/ERVL-MaLR	2463	-	175	220778452	90064
chr1	79970074	80170074	harbor2	chr1	80059765	80060139	LTR/ERVL-MaLR	2293	-	187	80059952	89878
chr1	100904301	101104301	harbor2	chr1	100926253	100926617	LTR/ERVL-MaLR	1957	-	182	100926435	22134
chr1	100904301	101104301	harbor2	chr1	100938474	100938838	LTR/ERVL-MaLR	1271	-	182	100938656	34355
chr1	100904301	101104301	harbor2	chr1	100959299	100959849	LTR/ERVL-MaLR	1990	-	275	100959574	55273
chr1	100904301	101104301	harbor2	chr1	100990016	100990359	LTR/ERVL-MaLR	1923	-	172	100990188	85887
chr1	6601951	6801951	harbor2	chr1	6686375	6686736	LTR/ERVL-MaLR	1038	-	180	6686555	84604
chr1	237493862	237693862	harbor2	chr1	237556914	237557379	LTR/ERVL-MaLR	1554	-	232	237557146	63284
chr1	207932133	208132133	harbor2	chr1	207933439	207933989	LTR/ERVL-MaLR	1030	-	275	207933714	1581
chr1	207932133	208132133	harbor2	chr1	207953905	207954536	LTR/ERVL-MaLR	2093	-	316	207954221	22088
chr1	207932133	208132133	harbor2	chr1	207956605	207957037	LTR/ERVL-MaLR	1143	-	216	207956821	24688
chr1	207932133	208132133	harbor2	chr1	207961241	207961679	LTR/ERVL-MaLR	1745	-	219	207961460	29327
chr1	207932133	208132133	harbor2	chr1	207969582	207969815	LTR/ERVL-MaLR	828	-	116	207969698	37565
chr1	207932133	208132133	harbor2	chr1	208000532	208000870	LTR/ERVL-MaLR	1418	-	169	208000701	68568
chr1	207932133	208132133	harbor2	chr1	207978449	207978895	LTR/ERVL-MaLR	2339	-	223	207978672	46539
chr1	7653025	7853025	harbor2	chr1	7656200	7656564	LTR/ERVL-MaLR	1435	-	182	7656382	3357
chr1	7653025	7853025	harbor2	chr1	7684367	7684758	LTR/ERVL-MaLR	960	-	196	7684563	31538
chr1	7653025	7853025	harbor2	chr1	7693072	7693429	LTR/ERVL-MaLR	2190	-	178	7693250	40225
chr1	7653025	7853025	harbor2	chr1	7710265	7710327	LTR/ERVL-MaLR	1036	-	31	7710296	57271
chr1	7653025	7853025	harbor2	chr1	7710626	7711013	LTR/ERVL-MaLR	1036	-	194	7710820	57795
chr1	7653025	7853025	harbor2	chr1	7711029	7711372	LTR/ERVL-MaLR	1600	-	172	7711201	58176
chr1	7653025	7853025	harbor2	chr1	7712707	7713064	LTR/ERVL-MaLR	2403	-	178	7712885	59860
chr1	7653025	7853025	harbor2	chr1	7739478	7739838	LTR/ERVL-MaLR	2226	-	180	7739658	86633
chr1	7653025	7853025	harbor2	chr1	7739858	7739934	LTR/ERVL-MaLR	592	-	38	7739896	86871
chr1	7653025	7853025	harbor2	chr1	7739954	7740032	LTR/ERVL-MaLR	618	-	39	7739993	86968
chr1	7653025	7853025	harbor2	chr1	7740052	7740130	LTR/ERVL-MaLR	621	-	39	7740091	87066
chr1	7653025	7853025	harbor2	chr1	7700471	7700852	LTR/ERVL-MaLR	1152	-	190	7700661	47636
chr1	101801228	102001228	harbor2	chr1	101898985	101899575	LTR/ERVL-MaLR	2021	-	295	101899280	98052
chr1	19567950	19767950	harbor2	chr1	19587901	19588249	LTR/ERVL-MaLR	1662	-	174	19588075	20125
chr1	19567950	19767950	harbor2	chr1	19588559	19588575	LTR/ERVL-MaLR	1662	-	8	19588567	20617
chr1	19567950	19767950	harbor2	chr1	19588888	19588981	LTR/ERVL-MaLR	1662	-	46	19588934	20984
chr1	19567950	19767950	harbor2	chr1	19636234	19636340	LTR/ERVL-MaLR	472	-	53	19636287	68337
chr1	54663786	54863786	harbor2	chr1	54667274	54667348	LTR/ERVL-MaLR	907	-	37	54667311	3525
chr1	54663786	54863786	harbor2	chr1	54667930	54668326	LTR/ERVL-MaLR	907	-	198	54668128	4342
chr1	54663786	54863786	harbor2	chr1	54737709	54737908	LTR/ERVL-MaLR	2280	-	100	54737809	74023
chr1	54663786	54863786	harbor2	chr1	54738201	54738381	LTR/ERVL-MaLR	2280	-	90	54738291	74505
chr1	26595855	26795855	harbor2	chr1	26639289	26639457	LTR/ERVL-MaLR	572	-	84	26639373	43518
chr1	26595855	26795855	harbor2	chr1	26639782	26640143	LTR/ERVL-MaLR	572	-	180	26639962	44107
chr1	16545145	16745145	harbor2	chr1	16598477	16598907	LTR/ERVL-MaLR	2564	-	215	16598692	53547
chr1	246213932	246413932	harbor2	chr1	246229540	246229853	LTR/ERVL-MaLR	798	-	156	246229696	15764
chr1	6685468	6885468	harbor2	chr1	6686375	6686736	LTR/ERVL-MaLR	1038	-	180	6686555	1087
chr1	6685468	6885468	harbor2	chr1	6717019	6717234	LTR/ERVL-MaLR	1089	-	108	6717127	31659
chr1	6685468	6885468	harbor2	chr1	6724049	6724433	LTR/ERVL-MaLR	2517	-	192	6724241	38773
chr1	6685468	6885468	harbor2	chr1	6737025	6737100	LTR/ERVL-MaLR	608	-	38	6737063	51595
chr1	6685468	6885468	harbor2	chr1	6737414	6737571	LTR/ERVL-MaLR	608	-	78	6737492	52024
chr1	6685468	6885468	harbor2	chr1	6741378	6741814	LTR/ERVL-MaLR	2023	-	218	6741596	56128
chr1	6685468	6885468	harbor2	chr1	6742126	6742218	LTR/ERVL-MaLR	2023	-	46	6742172	56704
chr1	26442085	26642085	harbor2	chr1	26477682	26477893	LTR/ERVL-MaLR	502	-	106	26477788	35703
chr1	26442085	26642085	harbor2	chr1	26517700	26517842	LTR/ERVL-MaLR	673	-	71	26517771	75686
chr1	26442085	26642085	harbor2	chr1	26517916	26518125	LTR/ERVL-MaLR	970	-	104	26518020	75935
chr1	16544776	16744776	harbor2	chr1	16598477	16598907	LTR/ERVL-MaLR	2564	-	215	16598692	53916
chr1	165495090	165695090	harbor2	chr1	165508057	165508435	LTR/ERVL-MaLR	881	-	189	165508246	13156
chr1	165495090	165695090	harbor2	chr1	165566539	165566654	LTR/ERVL-MaLR	446	-	58	165566597	71507
chr1	230940404	231140404	harbor2	chr1	231011896	231012174	LTR/ERVL-MaLR	1464	-	139	231012035	71631
chr1	230940404	231140404	harbor2	chr1	231012513	231012691	LTR/ERVL-MaLR	1464	-	89	231012602	72198
chr1	42648943	42848943	harbor2	chr1	42664235	42664457	LTR/ERVL-MaLR	626	-	111	42664346	15403
chr1	42648943	42848943	harbor2	chr1	42718842	42719043	LTR/ERVL-MaLR	812	-	100	42718942	69999
chr1	169022360	169222360	harbor2	chr1	169023161	169023561	LTR/ERVL-MaLR	2235	-	200	169023361	1001
chr1	169022360	169222360	harbor2	chr1	169024830	169025108	LTR/ERVL-MaLR	1139	-	139	169024969	2609
chr1	169022360	169222360	harbor2	chr1	169025111	169025419	LTR/ERVL-MaLR	1099	-	154	169025265	2905
chr1	169022360	169222360	harbor2	chr1	169034183	169034550	LTR/ERVL-MaLR	2456	-	184	169034367	12007
chr1	169022360	169222360	harbor2	chr1	169045860	169046436	LTR/ERVL-MaLR	942	-	288	169046148	23788
chr1	169022360	169222360	harbor2	chr1	169048836	169049029	LTR/ERVL-MaLR	763	-	96	169048932	26572
chr1	169022360	169222360	harbor2	chr1	169049052	169049363	LTR/ERVL-MaLR	514	-	156	169049208	26848
chr1	169022360	169222360	harbor2	chr1	169051164	169051536	LTR/ERVL-MaLR	1857	-	186	169051350	28990
chr1	169022360	169222360	harbor2	chr1	169058375	169058496	LTR/ERVL-MaLR	454	-	60	169058435	36075
chr1	169022360	169222360	harbor2	chr1	169058541	169058890	LTR/ERVL-MaLR	603	-	174	169058715	36355
chr1	169022360	169222360	harbor2	chr1	169065352	169065822	LTR/ERVL-MaLR	2053	-	235	169065587	43227
chr1	169022360	169222360	harbor2	chr1	169065831	169066075	LTR/ERVL-MaLR	1360	-	122	169065953	43593
chr1	169022360	169222360	harbor2	chr1	169066240	169066559	LTR/ERVL-MaLR	1360	-	160	169066400	44040
chr1	16544734	16744734	harbor2	chr1	16598477	16598907	LTR/ERVL-MaLR	2564	-	215	16598692	53958
chr1	2138388	2338388	harbor2	chr1	2183543	2183905	LTR/ERVL-MaLR	896	-	181	2183724	45336
chr1	17063875	17263875	harbor2	chr1	17130489	17130597	LTR/ERVL-MaLR	636	-	54	17130543	66668
chr1	17063875	17263875	harbor2	chr1	17139944	17140400	LTR/ERVL-MaLR	2650	-	228	17140172	76297
chr1	17063875	17263875	harbor2	chr1	17144228	17144560	LTR/ERVL-MaLR	1538	-	166	17144394	80519
chr1	17063875	17263875	harbor2	chr1	17154339	17154768	LTR/ERVL-MaLR	1771	-	214	17154553	90678
chr1	17063875	17263875	harbor2	chr1	17156655	17156904	LTR/ERVL-MaLR	2242	-	124	17156779	92904
chr1	17063875	17263875	harbor2	chr1	17157214	17157365	LTR/ERVL-MaLR	2242	-	76	17157290	93415
chr1	17063875	17263875	harbor2	chr1	17157371	17157851	LTR/ERVL-MaLR	604	-	240	17157611	93736
chr1	17063875	17263875	harbor2	chr1	17161144	17161559	LTR/ERVL-MaLR	1046	-	208	17161352	97477
chr1	31973331	32173331	harbor2	chr1	31981819	31982136	LTR/ERVL-MaLR	870	-	158	31981977	8646
chr1	31973331	32173331	harbor2	chr1	32067069	32067121	LTR/ERVL-MaLR	1104	-	26	32067095	93764
chr1	31973331	32173331	harbor2	chr1	32068579	32068598	LTR/ERVL-MaLR	1104	-	10	32068589	95258
chr1	31973331	32173331	harbor2	chr1	32068848	32069260	LTR/ERVL-MaLR	1104	-	206	32069054	95723
chr1	22374602	22574602	harbor2	chr1	22424325	22424681	LTR/ERVL-MaLR	2397	-	178	22424503	49901
chr1	16545003	16745003	harbor2	chr1	16598477	16598907	LTR/ERVL-MaLR	2564	-	215	16598692	53689
chr1	2167580	2367580	harbor2	chr1	2183543	2183905	LTR/ERVL-MaLR	896	-	181	2183724	16144
chr1	199637514	199837514	harbor2	chr1	199668880	199669065	LTR/ERVL-MaLR	789	-	92	199668972	31458
chr1	199637514	199837514	harbor2	chr1	199669507	199669685	LTR/ERVL-MaLR	1086	-	89	199669596	32082
chr1	199637514	199837514	harbor2	chr1	199670833	199671223	LTR/ERVL-MaLR	2076	-	195	199671028	33514
chr1	199637514	199837514	harbor2	chr1	199672202	199672319	LTR/ERVL-MaLR	589	-	58	199672260	34746
chr1	199637514	199837514	harbor2	chr1	199726710	199727032	LTR/ERVL-MaLR	1507	-	161	199726871	89357
chr1	199637514	199837514	harbor2	chr1	199728408	199728489	LTR/ERVL-MaLR	530	-	40	199728448	90934
chr1	114616806	114816806	harbor2	chr1	114616865	114617185	LTR/ERVL-MaLR	2611	-	160	114617025	219
chr1	114616806	114816806	harbor2	chr1	114654716	114655146	LTR/ERVL-MaLR	802	-	215	114654931	38125
chr1	248598635	248798635	harbor2	chr1	248648814	248649162	LTR/ERVL-MaLR	2208	-	174	248648988	50353
chr1	248598635	248798635	harbor2	chr1	248663478	248663858	LTR/ERVL-MaLR	1952	-	190	248663668	65033
chr1	6686533	6886533	harbor2	chr1	6686375	6686736	LTR/ERVL-MaLR	1038	-	180	6686555	22
chr1	6686533	6886533	harbor2	chr1	6717019	6717234	LTR/ERVL-MaLR	1089	-	108	6717127	30594
chr1	6686533	6886533	harbor2	chr1	6724049	6724433	LTR/ERVL-MaLR	2517	-	192	6724241	37708
chr1	6686533	6886533	harbor2	chr1	6737025	6737100	LTR/ERVL-MaLR	608	-	38	6737063	50530
chr1	6686533	6886533	harbor2	chr1	6737414	6737571	LTR/ERVL-MaLR	608	-	78	6737492	50959
chr1	6686533	6886533	harbor2	chr1	6741378	6741814	LTR/ERVL-MaLR	2023	-	218	6741596	55063
chr1	6686533	6886533	harbor2	chr1	6742126	6742218	LTR/ERVL-MaLR	2023	-	46	6742172	55639
chr1	244608247	244808247	harbor2	chr1	244616403	244616788	LTR/ERVL-MaLR	1750	-	192	244616595	8348
chr1	244608247	244808247	harbor2	chr1	244651379	244651808	LTR/ERVL-MaLR	713	-	214	244651593	43346
chr1	244608247	244808247	harbor2	chr1	244657531	244657869	LTR/ERVL-MaLR	691	-	169	244657700	49453
chr1	244608247	244808247	harbor2	chr1	244659255	244659803	LTR/ERVL-MaLR	2500	-	274	244659529	51282
chr1	244608247	244808247	harbor2	chr1	244666746	244667089	LTR/ERVL-MaLR	2707	-	172	244666918	58671
chr1	244608247	244808247	harbor2	chr1	244667090	244667466	LTR/ERVL-MaLR	2992	-	188	244667278	59031
chr1	244608247	244808247	harbor2	chr1	244694949	244695320	LTR/ERVL-MaLR	596	-	186	244695135	86888
chr1	40924280	41124280	harbor2	chr1	40925282	40925632	LTR/ERVL-MaLR	800	-	175	40925457	1177
chr1	40924280	41124280	harbor2	chr1	40931287	40931708	LTR/ERVL-MaLR	3042	-	210	40931497	7217
chr1	40924280	41124280	harbor2	chr1	40936546	40936863	LTR/ERVL-MaLR	709	-	158	40936704	12424
chr1	40924280	41124280	harbor2	chr1	40965961	40966132	LTR/ERVL-MaLR	442	-	86	40966047	41767
chr1	40924280	41124280	harbor2	chr1	41003737	41004160	LTR/ERVL-MaLR	1066	-	212	41003949	79669
chr1	234510831	234710831	harbor2	chr1	234580975	234581338	LTR/ERVL-MaLR	2899	-	182	234581157	70326
chr1	234510831	234710831	harbor2	chr1	234594563	234594960	LTR/ERVL-MaLR	2493	-	198	234594761	83930
chr1	2139088	2339088	harbor2	chr1	2183543	2183905	LTR/ERVL-MaLR	896	-	181	2183724	44636
chr1	37143776	37343776	harbor2	chr1	37154337	37154560	LTR/ERVL-MaLR	552	-	112	37154449	10673
chr1	37143776	37343776	harbor2	chr1	37156620	37156973	LTR/ERVL-MaLR	770	-	176	37156796	13020
chr1	37143776	37343776	harbor2	chr1	37158959	37159414	LTR/ERVL-MaLR	918	-	228	37159187	15411
chr1	37143776	37343776	harbor2	chr1	37229261	37229616	LTR/ERVL-MaLR	2436	-	178	37229439	85663
chr1	37143776	37343776	harbor2	chr1	37236736	37237136	LTR/ERVL-MaLR	2608	-	200	37236936	93160
chr1	16946370	17146370	harbor2	chr1	16971846	16972166	LTR/ERVL-MaLR	527	-	160	16972006	25636
chr1	42319822	42519822	harbor2	chr1	42350070	42350549	LTR/ERVL-MaLR	2285	-	240	42350310	30488
chr1	42319822	42519822	harbor2	chr1	42403658	42404229	LTR/ERVL-MaLR	2396	-	286	42403944	84122
chr1	17216061	17416061	harbor2	chr1	17282171	17282588	LTR/ERVL-MaLR	892	-	208	17282379	66318
chr1	17216061	17416061	harbor2	chr1	17285197	17285315	LTR/ERVL-MaLR	634	-	59	17285256	69195
chr1	17216061	17416061	harbor2	chr1	17286224	17286621	LTR/ERVL-MaLR	1385	-	198	17286422	70361
chr1	155844472	156044472	harbor2	chr1	155889948	155890410	LTR/ERVL-MaLR	764	-	231	155890179	45707
chr1	223143141	223343141	harbor2	chr1	223193774	223193823	LTR/ERVL-MaLR	1309	-	24	223193798	50657
chr1	223143141	223343141	harbor2	chr1	223194113	223194473	LTR/ERVL-MaLR	1309	-	180	223194293	51152
chr1	223143141	223343141	harbor2	chr1	223195728	223196186	LTR/ERVL-MaLR	2535	-	229	223195957	52816
chr1	223143141	223343141	harbor2	chr1	223205022	223205372	LTR/ERVL-MaLR	1515	-	175	223205197	62056
chr1	3268502	3468502	harbor2	chr1	3325546	3325748	LTR/ERVL-MaLR	822	-	101	3325647	57145
chr1	3268502	3468502	harbor2	chr1	3326203	3326441	LTR/ERVL-MaLR	571	-	119	3326322	57820
chr1	226308052	226508052	harbor2	chr1	226311578	226311643	LTR/ERVL-MaLR	2304	-	32	226311610	3558
chr1	226308052	226508052	harbor2	chr1	226346855	226347036	LTR/ERVL-MaLR	671	-	90	226346945	38893
chr1	226308052	226508052	harbor2	chr1	226311944	226312288	LTR/ERVL-MaLR	2304	-	172	226312116	4064
chr1	54787204	54987204	harbor2	chr1	54816462	54816892	LTR/ERVL-MaLR	1858	-	215	54816677	29473
chr1	54787204	54987204	harbor2	chr1	54838604	54839032	LTR/ERVL-MaLR	1432	-	214	54838818	51614
chr1	54787204	54987204	harbor2	chr1	54849128	54849261	LTR/ERVL-MaLR	486	-	66	54849194	61990
chr1	2138394	2338394	harbor2	chr1	2183543	2183905	LTR/ERVL-MaLR	896	-	181	2183724	45330
chr1	54388402	54588402	harbor2	chr1	54425170	54425487	LTR/ERVL-MaLR	1726	-	158	54425328	36926
chr1	54388402	54588402	harbor2	chr1	54425793	54426011	LTR/ERVL-MaLR	1726	-	109	54425902	37500
chr1	54388402	54588402	harbor2	chr1	54439091	54439233	LTR/ERVL-MaLR	1092	-	71	54439162	50760
chr1	54388402	54588402	harbor2	chr1	54439543	54439845	LTR/ERVL-MaLR	1092	-	151	54439694	51292
chr2	26950611	27150611	harbor2	chr2	26986057	26986381	LTR/ERVL-MaLR	1283	-	162	26986219	35608
chr2	26950611	27150611	harbor2	chr2	27030486	27030876	LTR/ERVL-MaLR	2155	-	195	27030681	80070
chr2	74415897	74615897	harbor2	chr2	74444321	74444886	LTR/ERVL-MaLR	928	-	282	74444603	28706
chr2	26950767	27150767	harbor2	chr2	26986057	26986381	LTR/ERVL-MaLR	1283	-	162	26986219	35452
chr2	26950767	27150767	harbor2	chr2	27030486	27030876	LTR/ERVL-MaLR	2155	-	195	27030681	79914
chr2	218223278	218423278	harbor2	chr2	218232354	218232546	LTR/ERVL-MaLR	1472	-	96	218232450	9172
chr2	218223278	218423278	harbor2	chr2	218232876	218233014	LTR/ERVL-MaLR	1472	-	69	218232945	9667
chr2	218223278	218423278	harbor2	chr2	218233365	218233411	LTR/ERVL-MaLR	1472	-	23	218233388	10110
chr2	218223278	218423278	harbor2	chr2	218294281	218294498	LTR/ERVL-MaLR	1697	-	108	218294389	71111
chr2	218223278	218423278	harbor2	chr2	218294778	218294933	LTR/ERVL-MaLR	1697	-	78	218294856	71578
chr2	218223278	218423278	harbor2	chr2	218309603	218309650	LTR/ERVL-MaLR	643	-	24	218309627	86349
chr2	218223278	218423278	harbor2	chr2	218309957	218310179	LTR/ERVL-MaLR	643	-	111	218310068	86790
chr2	62949558	63149558	harbor2	chr2	62956530	62956567	LTR/ERVL-MaLR	784	-	18	62956548	6990
chr2	62949558	63149558	harbor2	chr2	62956704	62957006	LTR/ERVL-MaLR	784	-	151	62956855	7297
chr2	62949558	63149558	harbor2	chr2	62974873	62975462	LTR/ERVL-MaLR	1922	-	294	62975167	25609
chr2	86976766	87176766	harbor2	chr2	87030632	87030899	LTR/ERVL-MaLR	492	-	134	87030766	54000
chr2	54998188	55198188	harbor2	chr2	55091693	55092047	LTR/ERVL-MaLR	3019	-	177	55091870	93682
chr2	1057942	1257942	harbor2	chr2	1084621	1085010	LTR/ERVL-MaLR	1460	-	194	1084815	26873
chr2	1057942	1257942	harbor2	chr2	1093775	1093979	LTR/ERVL-MaLR	472	-	102	1093877	35935
chr2	1057942	1257942	harbor2	chr2	1095139	1095269	LTR/ERVL-MaLR	570	-	65	1095204	37262
chr2	1057942	1257942	harbor2	chr2	1121496	1121880	LTR/ERVL-MaLR	2306	-	192	1121688	63746
chr2	1057942	1257942	harbor2	chr2	1144500	1144861	LTR/ERVL-MaLR	2242	-	180	1144680	86738
chr2	26950232	27150232	harbor2	chr2	26986057	26986381	LTR/ERVL-MaLR	1283	-	162	26986219	35987
chr2	26950232	27150232	harbor2	chr2	27030486	27030876	LTR/ERVL-MaLR	2155	-	195	27030681	80449
chr2	190775521	190975521	harbor2	chr2	190793763	190794128	LTR/ERVL-MaLR	1703	-	182	190793945	18424
chr2	190775521	190975521	harbor2	chr2	190829570	190829968	LTR/ERVL-MaLR	2247	-	199	190829769	54248
chr2	190775521	190975521	harbor2	chr2	190838721	190838978	LTR/ERVL-MaLR	673	-	128	190838849	63328
chr2	190775521	190975521	harbor2	chr2	190839326	190839475	LTR/ERVL-MaLR	673	-	74	190839400	63879
chr2	190775521	190975521	harbor2	chr2	190867937	190868308	LTR/ERVL-MaLR	1843	-	186	190868123	92602
chr2	190775521	190975521	harbor2	chr2	190868309	190869521	LTR/ERVL-MaLR	6819	-	606	190868915	93394
chr2	190775521	190975521	harbor2	chr2	190870719	190871049	LTR/ERVL-MaLR	6819	-	165	190870884	95363
chr2	190775521	190975521	harbor2	chr2	190871050	190871429	LTR/ERVL-MaLR	2137	-	190	190871240	95719
chr2	190775521	190975521	harbor2	chr2	190871430	190871620	LTR/ERVL-MaLR	6819	-	95	190871525	96004
chr2	190775521	190975521	harbor2	chr2	190871627	190871967	LTR/ERVL-MaLR	1586	-	170	190871797	96276
chr2	190775521	190975521	harbor2	chr2	190872566	190872909	LTR/ERVL-MaLR	2240	-	172	190872738	97217
chr2	86976313	87176313	harbor2	chr2	87030632	87030899	LTR/ERVL-MaLR	492	-	134	87030766	54453
chr2	241407713	241607713	harbor2	chr2	241412176	241412384	LTR/ERVL-MaLR	1340	-	104	241412280	4567
chr2	175980096	176180096	harbor2	chr2	176018649	176019067	LTR/ERVL-MaLR	479	-	209	176018858	38762
chr2	175980096	176180096	harbor2	chr2	176055017	176055396	LTR/ERVL-MaLR	1569	-	190	176055207	75111
chr2	175980096	176180096	harbor2	chr2	176055845	176056271	LTR/ERVL-MaLR	2706	-	213	176056058	75962
chr2	42096770	42296770	harbor2	chr2	42148718	42149133	LTR/ERVL-MaLR	2454	-	208	42148926	52156
chr2	42096770	42296770	harbor2	chr2	42151557	42151674	LTR/ERVL-MaLR	613	-	58	42151615	54845
chr2	42096770	42296770	harbor2	chr2	42152081	42152269	LTR/ERVL-MaLR	613	-	94	42152175	55405
chr2	42096770	42296770	harbor2	chr2	42152596	42152971	LTR/ERVL-MaLR	2212	-	188	42152784	56014
chr2	42096770	42296770	harbor2	chr2	42163679	42163804	LTR/ERVL-MaLR	537	-	62	42163741	66971
chr2	42096770	42296770	harbor2	chr2	42182699	42182969	LTR/ERVL-MaLR	1172	-	135	42182834	86064
chr2	42069367	42269367	harbor2	chr2	42083644	42084102	LTR/ERVL-MaLR	738	-	229	42083873	14506
chr2	42069367	42269367	harbor2	chr2	42148718	42149133	LTR/ERVL-MaLR	2454	-	208	42148926	79559
chr2	42069367	42269367	harbor2	chr2	42151557	42151674	LTR/ERVL-MaLR	613	-	58	42151615	82248
chr2	42069367	42269367	harbor2	chr2	42152081	42152269	LTR/ERVL-MaLR	613	-	94	42152175	82808
chr2	42069367	42269367	harbor2	chr2	42152596	42152971	LTR/ERVL-MaLR	2212	-	188	42152784	83417
chr2	42069367	42269367	harbor2	chr2	42163679	42163804	LTR/ERVL-MaLR	537	-	62	42163741	94374
chr2	26982800	27182800	harbor2	chr2	26986057	26986381	LTR/ERVL-MaLR	1283	-	162	26986219	3419
chr2	26982800	27182800	harbor2	chr2	27030486	27030876	LTR/ERVL-MaLR	2155	-	195	27030681	47881
chr2	45090794	45290794	harbor2	chr2	45109923	45110381	LTR/ERVL-MaLR	1274	-	229	45110152	19358
chr2	45090794	45290794	harbor2	chr2	45111077	45111261	LTR/ERVL-MaLR	495	-	92	45111169	20375
chr2	45090794	45290794	harbor2	chr2	45115894	45116303	LTR/ERVL-MaLR	683	-	204	45116098	25304
chr2	45090794	45290794	harbor2	chr2	45123096	45123379	LTR/ERVL-MaLR	770	-	142	45123238	32444
chr2	45090794	45290794	harbor2	chr2	45123652	45123787	LTR/ERVL-MaLR	770	-	68	45123720	32926
chr2	45090794	45290794	harbor2	chr2	45124159	45124235	LTR/ERVL-MaLR	770	-	38	45124197	33403
chr2	45090794	45290794	harbor2	chr2	45130395	45130490	LTR/ERVL-MaLR	487	-	48	45130443	39649
chr2	45090794	45290794	harbor2	chr2	45133919	45134345	LTR/ERVL-MaLR	2756	-	213	45134132	43338
chr2	45090794	45290794	harbor2	chr2	45134887	45135005	LTR/ERVL-MaLR	457	-	59	45134946	44152
chr2	45090794	45290794	harbor2	chr2	45150394	45150870	LTR/ERVL-MaLR	1464	-	238	45150632	59838
chr2	84762238	84962238	harbor2	chr2	84809733	84810018	LTR/ERVL-MaLR	797	-	142	84809875	47637
chr2	84762238	84962238	harbor2	chr2	84817625	84818029	LTR/ERVL-MaLR	2487	-	202	84817827	55589
chr2	84762238	84962238	harbor2	chr2	84835284	84835417	LTR/ERVL-MaLR	1441	-	66	84835350	73112
chr2	84762238	84962238	harbor2	chr2	84835716	84835963	LTR/ERVL-MaLR	1441	-	124	84835840	73602
chr2	84762238	84962238	harbor2	chr2	84843492	84843866	LTR/ERVL-MaLR	1524	-	187	84843679	81441
chr2	84762238	84962238	harbor2	chr2	84847735	84848165	LTR/ERVL-MaLR	1837	-	215	84847950	85712
chr2	84762238	84962238	harbor2	chr2	84853231	84853602	LTR/ERVL-MaLR	2769	-	186	84853417	91179
chr2	113500004	113700004	harbor2	chr2	113514910	113515343	LTR/ERVL-MaLR	1783	-	216	113515126	15122
chr2	113500004	113700004	harbor2	chr2	113517272	113517578	LTR/ERVL-MaLR	616	-	153	113517425	17421
chr2	113500004	113700004	harbor2	chr2	113546245	113546603	LTR/ERVL-MaLR	1941	-	179	113546424	46420
chr2	113500004	113700004	harbor2	chr2	113557009	113557268	LTR/ERVL-MaLR	877	-	130	113557139	57135
chr2	113500004	113700004	harbor2	chr2	113557508	113557926	LTR/ERVL-MaLR	2437	-	209	113557717	57713
chr2	113500004	113700004	harbor2	chr2	113559448	113559522	LTR/ERVL-MaLR	444	-	37	113559485	59481
chr2	113500004	113700004	harbor2	chr2	113559771	113560217	LTR/ERVL-MaLR	1722	-	223	113559994	59990
chr2	113500004	113700004	harbor2	chr2	113573160	113573529	LTR/ERVL-MaLR	782	-	184	113573344	73340
chr2	113500004	113700004	harbor2	chr2	113573990	113575198	LTR/ERVL-MaLR	4023	-	604	113574594	74590
chr2	113500004	113700004	harbor2	chr2	113582330	113582508	LTR/ERVL-MaLR	758	-	89	113582419	82415
chr2	113500004	113700004	harbor2	chr2	113582614	113582768	LTR/ERVL-MaLR	764	-	77	113582691	82687
chr2	113500004	113700004	harbor2	chr2	113573831	113573989	LTR/ERVL-MaLR	715	-	79	113573910	73906
chr2	31963580	32163580	harbor2	chr2	31978977	31979323	LTR/ERVL-MaLR	1646	-	173	31979150	15570
chr2	31963580	32163580	harbor2	chr2	32034220	32034632	LTR/ERVL-MaLR	2576	-	206	32034426	70846
chr2	207668684	207868684	harbor2	chr2	207679117	207679428	LTR/ERVL-MaLR	1611	-	156	207679273	10589
chr2	207668684	207868684	harbor2	chr2	207698314	207698560	LTR/ERVL-MaLR	1881	-	123	207698437	29753
chr2	207668684	207868684	harbor2	chr2	207698870	207698881	LTR/ERVL-MaLR	1881	-	6	207698876	30192
chr2	207668684	207868684	harbor2	chr2	207699183	207699373	LTR/ERVL-MaLR	1881	-	95	207699278	30594
chr2	237868943	238068943	harbor2	chr2	237921063	237921255	LTR/ERVL-MaLR	1716	-	96	237921159	52216
chr2	237868943	238068943	harbor2	chr2	237921553	237921731	LTR/ERVL-MaLR	1716	-	89	237921642	52699
chr2	237868943	238068943	harbor2	chr2	237930840	237931110	LTR/ERVL-MaLR	701	-	135	237930975	62032
chr2	237868943	238068943	harbor2	chr2	237946715	237946957	LTR/ERVL-MaLR	1273	-	121	237946836	77893
chr2	237868943	238068943	harbor2	chr2	237946986	237947002	LTR/ERVL-MaLR	1273	-	8	237946994	78051
chr2	237868943	238068943	harbor2	chr2	237947294	237947327	LTR/ERVL-MaLR	1273	-	16	237947310	78367
chr2	237868943	238068943	harbor2	chr2	237948516	237948705	LTR/ERVL-MaLR	1165	-	94	237948610	79667
chr2	237868943	238068943	harbor2	chr2	237958617	237958695	LTR/ERVL-MaLR	1656	-	39	237958656	89713
chr2	237868943	238068943	harbor2	chr2	237958696	237959153	LTR/ERVL-MaLR	1731	-	228	237958924	89981
chr2	237868943	238068943	harbor2	chr2	237959154	237959493	LTR/ERVL-MaLR	1656	-	170	237959324	90381
chr2	53764282	53964282	harbor2	chr2	53784416	53784880	LTR/ERVL-MaLR	1961	-	232	53784648	20366
chr2	113484798	113684798	harbor2	chr2	113514910	113515343	LTR/ERVL-MaLR	1783	-	216	113515126	30328
chr2	113484798	113684798	harbor2	chr2	113517272	113517578	LTR/ERVL-MaLR	616	-	153	113517425	32627
chr2	113484798	113684798	harbor2	chr2	113546245	113546603	LTR/ERVL-MaLR	1941	-	179	113546424	61626
chr2	113484798	113684798	harbor2	chr2	113557009	113557268	LTR/ERVL-MaLR	877	-	130	113557139	72341
chr2	113484798	113684798	harbor2	chr2	113557508	113557926	LTR/ERVL-MaLR	2437	-	209	113557717	72919
chr2	113484798	113684798	harbor2	chr2	113559448	113559522	LTR/ERVL-MaLR	444	-	37	113559485	74687
chr2	113484798	113684798	harbor2	chr2	113559771	113560217	LTR/ERVL-MaLR	1722	-	223	113559994	75196
chr2	113484798	113684798	harbor2	chr2	113573160	113573529	LTR/ERVL-MaLR	782	-	184	113573344	88546
chr2	113484798	113684798	harbor2	chr2	113573990	113575198	LTR/ERVL-MaLR	4023	-	604	113574594	89796
chr2	113484798	113684798	harbor2	chr2	113582330	113582508	LTR/ERVL-MaLR	758	-	89	113582419	97621
chr2	113484798	113684798	harbor2	chr2	113582614	113582768	LTR/ERVL-MaLR	764	-	77	113582691	97893
chr2	113484798	113684798	harbor2	chr2	113573831	113573989	LTR/ERVL-MaLR	715	-	79	113573910	89112
chr2	227428022	227628022	harbor2	chr2	227430997	227431413	LTR/ERVL-MaLR	2496	-	208	227431205	3183
chr2	227428022	227628022	harbor2	chr2	227431414	227431562	LTR/ERVL-MaLR	577	-	74	227431488	3466
chr2	227428022	227628022	harbor2	chr2	227431537	227432446	LTR/ERVL-MaLR	7952	-	454	227431991	3969
chr2	227428022	227628022	harbor2	chr2	227432697	227433403	LTR/ERVL-MaLR	7952	-	353	227433050	5028
chr2	227428022	227628022	harbor2	chr2	227433404	227433787	LTR/ERVL-MaLR	2255	-	192	227433596	5574
chr2	227428022	227628022	harbor2	chr2	227434099	227434155	LTR/ERVL-MaLR	2255	-	28	227434127	6105
chr2	227428022	227628022	harbor2	chr2	227444220	227444395	LTR/ERVL-MaLR	479	-	88	227444308	16286
chr2	227428022	227628022	harbor2	chr2	227460743	227461170	LTR/ERVL-MaLR	1527	-	214	227460957	32935
chr2	47736123	47936123	harbor2	chr2	47739547	47739585	LTR/ERVL-MaLR	2212	-	19	47739566	3443
chr2	47736123	47936123	harbor2	chr2	47739908	47740284	LTR/ERVL-MaLR	2212	-	188	47740096	3973
chr2	47736123	47936123	harbor2	chr2	47770753	47770831	LTR/ERVL-MaLR	848	-	39	47770792	34669
chr2	47736123	47936123	harbor2	chr2	47771245	47771620	LTR/ERVL-MaLR	848	-	188	47771433	35310
chr2	46198785	46398785	harbor2	chr2	46198948	46199403	LTR/ERVL-MaLR	1268	-	228	46199176	391
chr2	46198785	46398785	harbor2	chr2	46224754	46225256	LTR/ERVL-MaLR	2227	-	251	46225005	26220
chr2	46198785	46398785	harbor2	chr2	46241161	46241709	LTR/ERVL-MaLR	2867	-	274	46241435	42650
chr2	46198785	46398785	harbor2	chr2	46269046	46269346	LTR/ERVL-MaLR	550	-	150	46269196	70411
chr2	113484611	113684611	harbor2	chr2	113514910	113515343	LTR/ERVL-MaLR	1783	-	216	113515126	30515
chr2	113484611	113684611	harbor2	chr2	113517272	113517578	LTR/ERVL-MaLR	616	-	153	113517425	32814
chr2	113484611	113684611	harbor2	chr2	113546245	113546603	LTR/ERVL-MaLR	1941	-	179	113546424	61813
chr2	113484611	113684611	harbor2	chr2	113557009	113557268	LTR/ERVL-MaLR	877	-	130	113557139	72528
chr2	113484611	113684611	harbor2	chr2	113557508	113557926	LTR/ERVL-MaLR	2437	-	209	113557717	73106
chr2	113484611	113684611	harbor2	chr2	113559448	113559522	LTR/ERVL-MaLR	444	-	37	113559485	74874
chr2	113484611	113684611	harbor2	chr2	113559771	113560217	LTR/ERVL-MaLR	1722	-	223	113559994	75383
chr2	113484611	113684611	harbor2	chr2	113573160	113573529	LTR/ERVL-MaLR	782	-	184	113573344	88733
chr2	113484611	113684611	harbor2	chr2	113573990	113575198	LTR/ERVL-MaLR	4023	-	604	113574594	89983
chr2	113484611	113684611	harbor2	chr2	113582330	113582508	LTR/ERVL-MaLR	758	-	89	113582419	97808
chr2	113484611	113684611	harbor2	chr2	113582614	113582768	LTR/ERVL-MaLR	764	-	77	113582691	98080
chr2	113484611	113684611	harbor2	chr2	113573831	113573989	LTR/ERVL-MaLR	715	-	79	113573910	89299
chr2	70453804	70653804	harbor2	chr2	70493909	70494371	LTR/ERVL-MaLR	2228	-	231	70494140	40336
chr2	111956551	112156551	harbor2	chr2	111985516	111985854	LTR/ERVL-MaLR	2368	-	169	111985685	29134
chr2	111956551	112156551	harbor2	chr2	112029938	112030355	LTR/ERVL-MaLR	2762	-	208	112030146	73595
chr2	111956551	112156551	harbor2	chr2	112047826	112048211	LTR/ERVL-MaLR	2239	-	192	112048018	91467
chr2	207669155	207869155	harbor2	chr2	207679117	207679428	LTR/ERVL-MaLR	1611	-	156	207679273	10118
chr2	207669155	207869155	harbor2	chr2	207698314	207698560	LTR/ERVL-MaLR	1881	-	123	207698437	29282
chr2	207669155	207869155	harbor2	chr2	207698870	207698881	LTR/ERVL-MaLR	1881	-	6	207698876	29721
chr2	207669155	207869155	harbor2	chr2	207699183	207699373	LTR/ERVL-MaLR	1881	-	95	207699278	30123
chr2	46207640	46407640	harbor2	chr2	46224754	46225256	LTR/ERVL-MaLR	2227	-	251	46225005	17365
chr2	46207640	46407640	harbor2	chr2	46241161	46241709	LTR/ERVL-MaLR	2867	-	274	46241435	33795
chr2	46207640	46407640	harbor2	chr2	46269046	46269346	LTR/ERVL-MaLR	550	-	150	46269196	61556
chr2	27242106	27442106	harbor2	chr2	27296381	27296757	LTR/ERVL-MaLR	1562	-	188	27296569	54463
chr2	27242106	27442106	harbor2	chr2	27297059	27297150	LTR/ERVL-MaLR	1562	-	46	27297105	54999
chr2	46200025	46400025	harbor2	chr2	46224754	46225256	LTR/ERVL-MaLR	2227	-	251	46225005	24980
chr2	46200025	46400025	harbor2	chr2	46241161	46241709	LTR/ERVL-MaLR	2867	-	274	46241435	41410
chr2	46200025	46400025	harbor2	chr2	46269046	46269346	LTR/ERVL-MaLR	550	-	150	46269196	69171
chr2	26406153	26606153	harbor2	chr2	26416785	26417195	LTR/ERVL-MaLR	2746	-	205	26416990	10837
chr2	26406153	26606153	harbor2	chr2	26420252	26420380	LTR/ERVL-MaLR	462	-	64	26420316	14163
chr2	26406153	26606153	harbor2	chr2	26441946	26442298	LTR/ERVL-MaLR	1659	-	176	26442122	35969
chr2	113484472	113684472	harbor2	chr2	113514910	113515343	LTR/ERVL-MaLR	1783	-	216	113515126	30654
chr2	113484472	113684472	harbor2	chr2	113517272	113517578	LTR/ERVL-MaLR	616	-	153	113517425	32953
chr2	113484472	113684472	harbor2	chr2	113546245	113546603	LTR/ERVL-MaLR	1941	-	179	113546424	61952
chr2	113484472	113684472	harbor2	chr2	113557009	113557268	LTR/ERVL-MaLR	877	-	130	113557139	72667
chr2	113484472	113684472	harbor2	chr2	113557508	113557926	LTR/ERVL-MaLR	2437	-	209	113557717	73245
chr2	113484472	113684472	harbor2	chr2	113559448	113559522	LTR/ERVL-MaLR	444	-	37	113559485	75013
chr2	113484472	113684472	harbor2	chr2	113559771	113560217	LTR/ERVL-MaLR	1722	-	223	113559994	75522
chr2	113484472	113684472	harbor2	chr2	113573160	113573529	LTR/ERVL-MaLR	782	-	184	113573344	88872
chr2	113484472	113684472	harbor2	chr2	113573990	113575198	LTR/ERVL-MaLR	4023	-	604	113574594	90122
chr2	113484472	113684472	harbor2	chr2	113582330	113582508	LTR/ERVL-MaLR	758	-	89	113582419	97947
chr2	113484472	113684472	harbor2	chr2	113582614	113582768	LTR/ERVL-MaLR	764	-	77	113582691	98219
chr2	113484472	113684472	harbor2	chr2	113573831	113573989	LTR/ERVL-MaLR	715	-	79	113573910	89438
chr2	86976783	87176783	harbor2	chr2	87030632	87030899	LTR/ERVL-MaLR	492	-	134	87030766	53983
chr2	26613172	26813172	harbor2	chr2	26657361	26657966	LTR/ERVL-MaLR	825	-	302	26657663	44491
chr2	142651021	142851021	harbor2	chr2	142675189	142675656	LTR/ERVL-MaLR	526	-	234	142675423	24402
chr2	142651021	142851021	harbor2	chr2	142715191	142715760	LTR/ERVL-MaLR	1678	-	284	142715475	64454
chr2	142651021	142851021	harbor2	chr2	142719394	142719634	LTR/ERVL-MaLR	771	-	120	142719514	68493
chr2	142651021	142851021	harbor2	chr2	142721031	142721200	LTR/ERVL-MaLR	839	-	84	142721115	70094
chr2	142651021	142851021	harbor2	chr2	142738574	142738947	LTR/ERVL-MaLR	2557	-	186	142738760	87739
chr2	142651021	142851021	harbor2	chr2	142747892	142748255	LTR/ERVL-MaLR	1848	-	182	142748074	97053
chr2	47707524	47907524	harbor2	chr2	47724443	47724880	LTR/ERVL-MaLR	919	-	218	47724661	17137
chr2	47707524	47907524	harbor2	chr2	47739547	47739585	LTR/ERVL-MaLR	2212	-	19	47739566	32042
chr2	47707524	47907524	harbor2	chr2	47739908	47740284	LTR/ERVL-MaLR	2212	-	188	47740096	32572
chr2	47707524	47907524	harbor2	chr2	47770753	47770831	LTR/ERVL-MaLR	848	-	39	47770792	63268
chr2	47707524	47907524	harbor2	chr2	47771245	47771620	LTR/ERVL-MaLR	848	-	188	47771433	63909
chr2	144117662	144317662	harbor2	chr2	144176817	144177197	LTR/ERVL-MaLR	2311	-	190	144177007	59345
chr2	144117662	144317662	harbor2	chr2	144187149	144187563	LTR/ERVL-MaLR	2215	-	207	144187356	69694
chr2	10822431	11022431	harbor2	chr2	10839235	10839559	LTR/ERVL-MaLR	1657	-	162	10839397	16966
chr2	10822431	11022431	harbor2	chr2	10849226	10849609	LTR/ERVL-MaLR	2424	-	192	10849418	26987
chr2	10822431	11022431	harbor2	chr2	10849610	10849691	LTR/ERVL-MaLR	510	-	40	10849650	27219
chr2	10822431	11022431	harbor2	chr2	10866918	10867104	LTR/ERVL-MaLR	1140	-	93	10867011	44580
chr2	10822431	11022431	harbor2	chr2	10867411	10867586	LTR/ERVL-MaLR	1140	-	88	10867499	45068
chr2	10822431	11022431	harbor2	chr2	10879157	10879528	LTR/ERVL-MaLR	1279	-	186	10879343	56912
chr2	10822431	11022431	harbor2	chr2	10880160	10880214	LTR/ERVL-MaLR	1279	-	27	10880187	57756
chr2	10822431	11022431	harbor2	chr2	10885196	10885374	LTR/ERVL-MaLR	848	-	89	10885285	62854
chr2	10822431	11022431	harbor2	chr2	10886437	10886570	LTR/ERVL-MaLR	588	-	66	10886503	64072
chr2	10822431	11022431	harbor2	chr2	10888657	10888811	LTR/ERVL-MaLR	574	-	77	10888734	66303
chr2	10822431	11022431	harbor2	chr2	10888895	10889249	LTR/ERVL-MaLR	2576	-	177	10889072	66641
chr2	10822431	11022431	harbor2	chr2	10892955	10893281	LTR/ERVL-MaLR	918	-	163	10893118	70687
chr2	10822431	11022431	harbor2	chr2	10893317	10893934	LTR/ERVL-MaLR	2550	-	308	10893625	71194
chr2	10822431	11022431	harbor2	chr2	10896416	10896812	LTR/ERVL-MaLR	626	-	198	10896614	74183
chr2	10822431	11022431	harbor2	chr2	10904650	10905001	LTR/ERVL-MaLR	1113	-	176	10904826	82395
chr2	10822431	11022431	harbor2	chr2	10907874	10908312	LTR/ERVL-MaLR	2113	-	219	10908093	85662
chr2	70771713	70971713	harbor2	chr2	70794227	70794562	LTR/ERVL-MaLR	570	-	168	70794395	22682
chr2	70771713	70971713	harbor2	chr2	70798001	70798351	LTR/ERVL-MaLR	2342	-	175	70798176	26463
chr2	70771713	70971713	harbor2	chr2	70798352	70799923	LTR/ERVL-MaLR	12329	-	786	70799138	27425
chr2	70771713	70971713	harbor2	chr2	70799924	70800259	LTR/ERVL-MaLR	2127	-	168	70800092	28379
chr2	70771713	70971713	harbor2	chr2	70828502	70828671	LTR/ERVL-MaLR	478	-	84	70828586	56873
chr2	70771713	70971713	harbor2	chr2	70828965	70829197	LTR/ERVL-MaLR	478	-	116	70829081	57368
chr2	70771713	70971713	harbor2	chr2	70859989	70860124	LTR/ERVL-MaLR	1080	-	68	70860057	88344
chr2	70771713	70971713	harbor2	chr2	70863094	70863509	LTR/ERVL-MaLR	1205	-	208	70863302	91589
chr2	70771713	70971713	harbor2	chr2	70870516	70870670	LTR/ERVL-MaLR	948	-	77	70870593	98880
chr2	61077257	61277257	harbor2	chr2	61138230	61138529	LTR/ERVL-MaLR	568	-	150	61138380	61123
chr2	61077257	61277257	harbor2	chr2	61138742	61138918	LTR/ERVL-MaLR	1069	-	88	61138830	61573
chr2	61077257	61277257	harbor2	chr2	61151383	61151856	LTR/ERVL-MaLR	2243	-	236	61151619	74362
chr2	61077257	61277257	harbor2	chr2	61157454	61157660	LTR/ERVL-MaLR	523	-	103	61157557	80300
chr2	61077257	61277257	harbor2	chr2	61169522	61169634	LTR/ERVL-MaLR	506	-	56	61169578	92321
chr2	61077257	61277257	harbor2	chr2	61172188	61172362	LTR/ERVL-MaLR	1119	-	87	61172275	95018
chr2	159611903	159811903	harbor2	chr2	159643160	159643520	LTR/ERVL-MaLR	1143	-	180	159643340	31437
chr2	159611903	159811903	harbor2	chr2	159643524	159643597	LTR/ERVL-MaLR	549	-	36	159643560	31657
chr2	159611903	159811903	harbor2	chr2	159643899	159643963	LTR/ERVL-MaLR	549	-	32	159643931	32028
chr2	159611903	159811903	harbor2	chr2	159644112	159644404	LTR/ERVL-MaLR	1675	-	146	159644258	32355
chr2	159611903	159811903	harbor2	chr2	159644497	159644713	LTR/ERVL-MaLR	519	-	108	159644605	32702
chr2	159611903	159811903	harbor2	chr2	159644708	159644990	LTR/ERVL-MaLR	1078	-	141	159644849	32946
chr2	159611903	159811903	harbor2	chr2	159646769	159647132	LTR/ERVL-MaLR	1340	-	182	159646951	35048
chr2	159611903	159811903	harbor2	chr2	159683531	159683967	LTR/ERVL-MaLR	1475	-	218	159683749	71846
chr2	159611903	159811903	harbor2	chr2	159699841	159700147	LTR/ERVL-MaLR	1436	-	153	159699994	88091
chr2	10277847	10477847	harbor2	chr2	10297588	10297933	LTR/ERVL-MaLR	1247	-	172	10297760	19913
chr2	10277847	10477847	harbor2	chr2	10320986	10321402	LTR/ERVL-MaLR	2793	-	208	10321194	43347
chr2	10277847	10477847	harbor2	chr2	10330413	10330785	LTR/ERVL-MaLR	1570	-	186	10330599	52752
chr2	10277847	10477847	harbor2	chr2	10336516	10336738	LTR/ERVL-MaLR	949	-	111	10336627	58780
chr2	10277847	10477847	harbor2	chr2	10337052	10337154	LTR/ERVL-MaLR	949	-	51	10337103	59256
chr2	30047316	30247316	harbor2	chr2	30102271	30102630	LTR/ERVL-MaLR	992	-	180	30102451	55135
chr2	30047316	30247316	harbor2	chr2	30108125	30108661	LTR/ERVL-MaLR	1529	-	268	30108393	61077
chr2	30047316	30247316	harbor2	chr2	30138019	30138082	LTR/ERVL-MaLR	1351	-	32	30138051	90735
chr2	30047316	30247316	harbor2	chr2	30138384	30138611	LTR/ERVL-MaLR	1351	-	114	30138498	91182
chr2	30047316	30247316	harbor2	chr2	30140193	30140440	LTR/ERVL-MaLR	687	-	124	30140317	93001
chr2	30047316	30247316	harbor2	chr2	30143399	30143812	LTR/ERVL-MaLR	2331	-	206	30143605	96289
chr2	72971434	73171434	harbor2	chr2	73049066	73049275	LTR/ERVL-MaLR	1791	-	104	73049170	77736
chr2	72971434	73171434	harbor2	chr2	73049555	73049705	LTR/ERVL-MaLR	1791	-	75	73049630	78196
chr2	72971434	73171434	harbor2	chr2	73049711	73050392	LTR/ERVL-MaLR	4527	-	340	73050051	78617
chr2	72971434	73171434	harbor2	chr2	73050422	73051257	LTR/ERVL-MaLR	4527	-	418	73050840	79406
chr2	72971434	73171434	harbor2	chr2	73051556	73051670	LTR/ERVL-MaLR	4527	-	57	73051613	80179
chr2	72971434	73171434	harbor2	chr2	73051671	73052001	LTR/ERVL-MaLR	1415	-	165	73051836	80402
chr2	72046331	72246331	harbor2	chr2	72061323	72061676	LTR/ERVL-MaLR	1929	-	176	72061499	15168
chr2	72046331	72246331	harbor2	chr2	72071115	72071419	LTR/ERVL-MaLR	1885	-	152	72071267	24936
chr2	72046331	72246331	harbor2	chr2	72071710	72071791	LTR/ERVL-MaLR	1885	-	40	72071750	25419
chr2	72046331	72246331	harbor2	chr2	72104060	72104245	LTR/ERVL-MaLR	642	-	92	72104152	57821
chr2	72046331	72246331	harbor2	chr2	72117074	72117455	LTR/ERVL-MaLR	2394	-	190	72117264	70933
chr2	74415905	74615905	harbor2	chr2	74444321	74444886	LTR/ERVL-MaLR	928	-	282	74444603	28698
chr2	67112244	67312244	harbor2	chr2	67139460	67139621	LTR/ERVL-MaLR	1953	-	80	67139540	27296
chr2	67112244	67312244	harbor2	chr2	67139668	67139847	LTR/ERVL-MaLR	1953	-	90	67139758	27514
chr2	67112244	67312244	harbor2	chr2	67168584	67168855	LTR/ERVL-MaLR	1874	-	136	67168720	56476
chr2	67112244	67312244	harbor2	chr2	67169177	67169358	LTR/ERVL-MaLR	1874	-	90	67169267	57023
chr2	67112244	67312244	harbor2	chr2	67196545	67196761	LTR/ERVL-MaLR	548	-	108	67196653	84409
chr2	74415843	74615843	harbor2	chr2	74444321	74444886	LTR/ERVL-MaLR	928	-	282	74444603	28760
chr2	241172349	241372349	harbor2	chr2	241192012	241192054	LTR/ERVL-MaLR	1383	-	21	241192033	19684
chr2	241172349	241372349	harbor2	chr2	241192340	241192658	LTR/ERVL-MaLR	1383	-	159	241192499	20150
chr2	241172349	241372349	harbor2	chr2	241208238	241208619	LTR/ERVL-MaLR	717	-	190	241208428	36079
chr2	241172349	241372349	harbor2	chr2	241208623	241208867	LTR/ERVL-MaLR	1128	-	122	241208745	36396
chr2	241172349	241372349	harbor2	chr2	241209167	241209263	LTR/ERVL-MaLR	1128	-	48	241209215	36866
chr2	229671325	229871325	harbor2	chr2	229672043	229672380	LTR/ERVL-MaLR	689	-	168	229672211	886
chr2	229671325	229871325	harbor2	chr2	229672684	229672901	LTR/ERVL-MaLR	655	-	108	229672792	1467
chr2	229671325	229871325	harbor2	chr2	229723182	229723565	LTR/ERVL-MaLR	2182	-	192	229723374	52049
chr2	229671325	229871325	harbor2	chr2	229744749	229745105	LTR/ERVL-MaLR	1753	-	178	229744927	73602
chr2	113183327	113383327	harbor2	chr2	113206856	113207361	LTR/ERVL-MaLR	594	-	252	113207108	23781
chr2	218223273	218423273	harbor2	chr2	218232354	218232546	LTR/ERVL-MaLR	1472	-	96	218232450	9177
chr2	218223273	218423273	harbor2	chr2	218232876	218233014	LTR/ERVL-MaLR	1472	-	69	218232945	9672
chr2	218223273	218423273	harbor2	chr2	218233365	218233411	LTR/ERVL-MaLR	1472	-	23	218233388	10115
chr2	218223273	218423273	harbor2	chr2	218294281	218294498	LTR/ERVL-MaLR	1697	-	108	218294389	71116
chr2	218223273	218423273	harbor2	chr2	218294778	218294933	LTR/ERVL-MaLR	1697	-	78	218294856	71583
chr2	218223273	218423273	harbor2	chr2	218309603	218309650	LTR/ERVL-MaLR	643	-	24	218309627	86354
chr2	218223273	218423273	harbor2	chr2	218309957	218310179	LTR/ERVL-MaLR	643	-	111	218310068	86795
chr2	26405176	26605176	harbor2	chr2	26416785	26417195	LTR/ERVL-MaLR	2746	-	205	26416990	11814
chr2	26405176	26605176	harbor2	chr2	26420252	26420380	LTR/ERVL-MaLR	462	-	64	26420316	15140
chr2	26405176	26605176	harbor2	chr2	26441946	26442298	LTR/ERVL-MaLR	1659	-	176	26442122	36946
chr2	74415937	74615937	harbor2	chr2	74444321	74444886	LTR/ERVL-MaLR	928	-	282	74444603	28666
chr2	151310679	151510679	harbor2	chr2	151325032	151325582	LTR/ERVL-MaLR	1743	-	275	151325307	14628
chr2	151310679	151510679	harbor2	chr2	151325800	151326065	LTR/ERVL-MaLR	1244	-	132	151325932	15253
chr2	151310679	151510679	harbor2	chr2	151326360	151326414	LTR/ERVL-MaLR	1244	-	27	151326387	15708
chr2	151310679	151510679	harbor2	chr2	151347702	151348035	LTR/ERVL-MaLR	1854	-	166	151347868	37189
chr2	151310679	151510679	harbor2	chr2	151353214	151353461	LTR/ERVL-MaLR	581	-	124	151353338	42659
chr2	237592294	237792294	harbor2	chr2	237593151	237593728	LTR/ERVL-MaLR	2188	-	288	237593439	1145
chr2	237592294	237792294	harbor2	chr2	237598774	237599187	LTR/ERVL-MaLR	1123	-	206	237598980	6686
chr2	237592294	237792294	harbor2	chr2	237605053	237605470	LTR/ERVL-MaLR	1808	-	208	237605261	12967
chr2	237592294	237792294	harbor2	chr2	237640313	237640411	LTR/ERVL-MaLR	502	-	49	237640362	48068
chr2	237592294	237792294	harbor2	chr2	237658507	237658894	LTR/ERVL-MaLR	2323	-	194	237658701	66407
chr2	237592294	237792294	harbor2	chr2	237661956	237662384	LTR/ERVL-MaLR	1675	-	214	237662170	69876
chr2	231834767	232034767	harbor2	chr2	231858942	231859307	LTR/ERVL-MaLR	1117	-	182	231859124	24357
chr2	231834767	232034767	harbor2	chr2	231860608	231860842	LTR/ERVL-MaLR	547	-	117	231860725	25958
chr2	231834767	232034767	harbor2	chr2	231861365	231861781	LTR/ERVL-MaLR	663	-	208	231861573	26806
chr2	231834767	232034767	harbor2	chr2	231886164	231886398	LTR/ERVL-MaLR	1063	-	117	231886281	51514
chr2	231834767	232034767	harbor2	chr2	231886428	231886593	LTR/ERVL-MaLR	1063	-	82	231886510	51743
chr2	231834767	232034767	harbor2	chr2	231902383	231902881	LTR/ERVL-MaLR	1817	-	249	231902632	67865
chr2	231834767	232034767	harbor2	chr2	231903682	231904095	LTR/ERVL-MaLR	2020	-	206	231903888	69121
chr2	152043289	152243289	harbor2	chr2	152081257	152081372	LTR/ERVL-MaLR	1505	-	58	152081315	38026
chr2	152043289	152243289	harbor2	chr2	152081503	152081747	LTR/ERVL-MaLR	1505	-	122	152081625	38336
chr2	152043289	152243289	harbor2	chr2	152116077	152116392	LTR/ERVL-MaLR	854	-	158	152116235	72946
chr2	56095019	56295019	harbor2	chr2	56105680	56106082	LTR/ERVL-MaLR	2564	-	201	56105881	10862
chr2	56095019	56295019	harbor2	chr2	56123784	56124049	LTR/ERVL-MaLR	1203	-	132	56123916	28897
chr2	56095019	56295019	harbor2	chr2	56124492	56124534	LTR/ERVL-MaLR	1080	-	21	56124513	29494
chr2	56095019	56295019	harbor2	chr2	56136119	56136257	LTR/ERVL-MaLR	829	-	69	56136188	41169
chr2	56095019	56295019	harbor2	chr2	56154078	56154423	LTR/ERVL-MaLR	568	-	172	56154250	59231
chr2	56095019	56295019	harbor2	chr2	56158018	56158394	LTR/ERVL-MaLR	1717	-	188	56158206	63187
chr2	56095019	56295019	harbor2	chr2	56176412	56176888	LTR/ERVL-MaLR	1089	-	238	56176650	81631
chr2	56095019	56295019	harbor2	chr2	56178522	56178947	LTR/ERVL-MaLR	2068	-	212	56178734	83715
chr2	46199989	46399989	harbor2	chr2	46224754	46225256	LTR/ERVL-MaLR	2227	-	251	46225005	25016
chr2	46199989	46399989	harbor2	chr2	46241161	46241709	LTR/ERVL-MaLR	2867	-	274	46241435	41446
chr2	46199989	46399989	harbor2	chr2	46269046	46269346	LTR/ERVL-MaLR	550	-	150	46269196	69207
chr2	46199056	46399056	harbor2	chr2	46198948	46199403	LTR/ERVL-MaLR	1268	-	228	46199176	120
chr2	46199056	46399056	harbor2	chr2	46224754	46225256	LTR/ERVL-MaLR	2227	-	251	46225005	25949
chr2	46199056	46399056	harbor2	chr2	46241161	46241709	LTR/ERVL-MaLR	2867	-	274	46241435	42379
chr2	46199056	46399056	harbor2	chr2	46269046	46269346	LTR/ERVL-MaLR	550	-	150	46269196	70140
chr2	113484021	113684021	harbor2	chr2	113514910	113515343	LTR/ERVL-MaLR	1783	-	216	113515126	31105
chr2	113484021	113684021	harbor2	chr2	113517272	113517578	LTR/ERVL-MaLR	616	-	153	113517425	33404
chr2	113484021	113684021	harbor2	chr2	113546245	113546603	LTR/ERVL-MaLR	1941	-	179	113546424	62403
chr2	113484021	113684021	harbor2	chr2	113557009	113557268	LTR/ERVL-MaLR	877	-	130	113557139	73118
chr2	113484021	113684021	harbor2	chr2	113557508	113557926	LTR/ERVL-MaLR	2437	-	209	113557717	73696
chr2	113484021	113684021	harbor2	chr2	113559448	113559522	LTR/ERVL-MaLR	444	-	37	113559485	75464
chr2	113484021	113684021	harbor2	chr2	113559771	113560217	LTR/ERVL-MaLR	1722	-	223	113559994	75973
chr2	113484021	113684021	harbor2	chr2	113573160	113573529	LTR/ERVL-MaLR	782	-	184	113573344	89323
chr2	113484021	113684021	harbor2	chr2	113573990	113575198	LTR/ERVL-MaLR	4023	-	604	113574594	90573
chr2	113484021	113684021	harbor2	chr2	113582330	113582508	LTR/ERVL-MaLR	758	-	89	113582419	98398
chr2	113484021	113684021	harbor2	chr2	113582614	113582768	LTR/ERVL-MaLR	764	-	77	113582691	98670
chr2	113484021	113684021	harbor2	chr2	113573831	113573989	LTR/ERVL-MaLR	715	-	79	113573910	89889
chr2	46199733	46399733	harbor2	chr2	46224754	46225256	LTR/ERVL-MaLR	2227	-	251	46225005	25272
chr2	46199733	46399733	harbor2	chr2	46241161	46241709	LTR/ERVL-MaLR	2867	-	274	46241435	41702
chr2	46199733	46399733	harbor2	chr2	46269046	46269346	LTR/ERVL-MaLR	550	-	150	46269196	69463
chr2	72972031	73172031	harbor2	chr2	73049066	73049275	LTR/ERVL-MaLR	1791	-	104	73049170	77139
chr2	72972031	73172031	harbor2	chr2	73049555	73049705	LTR/ERVL-MaLR	1791	-	75	73049630	77599
chr2	72972031	73172031	harbor2	chr2	73049711	73050392	LTR/ERVL-MaLR	4527	-	340	73050051	78020
chr2	72972031	73172031	harbor2	chr2	73050422	73051257	LTR/ERVL-MaLR	4527	-	418	73050840	78809
chr2	72972031	73172031	harbor2	chr2	73051556	73051670	LTR/ERVL-MaLR	4527	-	57	73051613	79582
chr2	72972031	73172031	harbor2	chr2	73051671	73052001	LTR/ERVL-MaLR	1415	-	165	73051836	79805
chr2	161468960	161668960	harbor2	chr2	161530021	161530177	LTR/ERVL-MaLR	2084	-	78	161530099	61139
chr2	161468960	161668960	harbor2	chr2	161530538	161530955	LTR/ERVL-MaLR	2084	-	208	161530746	61786
chr2	161468960	161668960	harbor2	chr2	161546596	161546960	LTR/ERVL-MaLR	2064	-	182	161546778	77818
chr2	26950501	27150501	harbor2	chr2	26986057	26986381	LTR/ERVL-MaLR	1283	-	162	26986219	35718
chr2	26950501	27150501	harbor2	chr2	27030486	27030876	LTR/ERVL-MaLR	2155	-	195	27030681	80180
chr2	43055466	43255466	harbor2	chr2	43059465	43059929	LTR/ERVL-MaLR	1616	-	232	43059697	4231
chr2	43055466	43255466	harbor2	chr2	43060245	43060317	LTR/ERVL-MaLR	660	-	36	43060281	4815
chr2	43055466	43255466	harbor2	chr2	43084603	43085227	LTR/ERVL-MaLR	1908	-	312	43084915	29449
chr2	43055466	43255466	harbor2	chr2	43088123	43088694	LTR/ERVL-MaLR	606	-	286	43088409	32943
chr2	43055466	43255466	harbor2	chr2	43089001	43089324	LTR/ERVL-MaLR	1059	-	162	43089163	33697
chr2	43055466	43255466	harbor2	chr2	43089622	43089857	LTR/ERVL-MaLR	1059	-	118	43089740	34274
chr2	43055466	43255466	harbor2	chr2	43090413	43090688	LTR/ERVL-MaLR	4247	-	138	43090551	35085
chr2	43055466	43255466	harbor2	chr2	43091039	43091390	LTR/ERVL-MaLR	4247	-	176	43091215	35749
chr2	43055466	43255466	harbor2	chr2	43091495	43091895	LTR/ERVL-MaLR	4247	-	200	43091695	36229
chr2	43055466	43255466	harbor2	chr2	43092204	43092468	LTR/ERVL-MaLR	4247	-	132	43092336	36870
chr2	43055466	43255466	harbor2	chr2	43092486	43092977	LTR/ERVL-MaLR	1183	-	246	43092732	37266
chr2	43055466	43255466	harbor2	chr2	43098128	43098682	LTR/ERVL-MaLR	1821	-	277	43098405	42939
chr2	43055466	43255466	harbor2	chr2	43115576	43115701	LTR/ERVL-MaLR	1454	-	62	43115638	60172
chr2	43055466	43255466	harbor2	chr2	43115993	43116173	LTR/ERVL-MaLR	1454	-	90	43116083	60617
chr2	43055466	43255466	harbor2	chr2	43116482	43116592	LTR/ERVL-MaLR	1454	-	55	43116537	61071
chr2	43055466	43255466	harbor2	chr2	43116594	43116955	LTR/ERVL-MaLR	2105	-	180	43116774	61308
chr2	43055466	43255466	harbor2	chr2	43117240	43117353	LTR/ERVL-MaLR	2105	-	56	43117296	61830
chr2	43055466	43255466	harbor2	chr2	43117480	43117642	LTR/ERVL-MaLR	563	-	81	43117561	62095
chr2	43055466	43255466	harbor2	chr2	43117636	43118339	LTR/ERVL-MaLR	3832	-	352	43117988	62522
chr2	43055466	43255466	harbor2	chr2	43119375	43119876	LTR/ERVL-MaLR	1814	-	250	43119625	64159
chr2	43055466	43255466	harbor2	chr2	43142864	43143298	LTR/ERVL-MaLR	571	-	217	43143081	87615
chr2	43055466	43255466	harbor2	chr2	43089858	43090108	LTR/ERVL-MaLR	4247	-	125	43089983	34517
chr2	74415915	74615915	harbor2	chr2	74444321	74444886	LTR/ERVL-MaLR	928	-	282	74444603	28688
chr2	143543446	143743446	harbor2	chr2	143563863	143564392	LTR/ERVL-MaLR	1724	-	264	143564127	20681
chr2	143543446	143743446	harbor2	chr2	143577396	143577642	LTR/ERVL-MaLR	637	-	123	143577519	34073
chr2	143543446	143743446	harbor2	chr2	143577665	143577880	LTR/ERVL-MaLR	491	-	108	143577773	34327
chr2	143543446	143743446	harbor2	chr2	143597804	143598127	LTR/ERVL-MaLR	1066	-	162	143597966	54520
chr2	143543446	143743446	harbor2	chr2	143617317	143617697	LTR/ERVL-MaLR	2068	-	190	143617507	74061
chr2	143543446	143743446	harbor2	chr2	143636803	143637185	LTR/ERVL-MaLR	1518	-	191	143636994	93548
chr2	240157589	240357589	harbor2	chr2	240161511	240161880	LTR/ERVL-MaLR	1579	-	184	240161695	4106
chr2	240157589	240357589	harbor2	chr2	240171451	240171694	LTR/ERVL-MaLR	790	-	122	240171573	13984
chr2	240157589	240357589	harbor2	chr2	240181202	240181449	LTR/ERVL-MaLR	1131	-	124	240181326	23737
chr2	240157589	240357589	harbor2	chr2	240181450	240181521	LTR/ERVL-MaLR	461	-	36	240181486	23897
chr2	240157589	240357589	harbor2	chr2	240181573	240181921	LTR/ERVL-MaLR	1841	-	174	240181747	24158
chr2	240157589	240357589	harbor2	chr2	240219291	240219558	LTR/ERVL-MaLR	743	-	134	240219425	61836
chr2	240157589	240357589	harbor2	chr2	240249056	240249375	LTR/ERVL-MaLR	441	-	160	240249216	91627
chr2	240157589	240357589	harbor2	chr2	240253351	240253664	LTR/ERVL-MaLR	573	-	156	240253507	95918
chr2	240157589	240357589	harbor2	chr2	240172891	240173252	LTR/ERVL-MaLR	2218	-	180	240173071	15482
chr2	156337938	156537938	harbor2	chr2	156380372	156380869	LTR/ERVL-MaLR	1945	-	248	156380620	42682
chr2	156337938	156537938	harbor2	chr2	156392535	156392682	LTR/ERVL-MaLR	558	-	74	156392609	54671
chr2	156337938	156537938	harbor2	chr2	156397896	156397961	LTR/ERVL-MaLR	2790	-	32	156397928	59990
chr2	156337938	156537938	harbor2	chr2	156398268	156398649	LTR/ERVL-MaLR	2790	-	190	156398458	60520
chr2	156337938	156537938	harbor2	chr2	156425873	156425923	LTR/ERVL-MaLR	2059	-	25	156425898	87960
chr2	156337938	156537938	harbor2	chr2	156426223	156426546	LTR/ERVL-MaLR	2059	-	162	156426385	88447
chr2	156337938	156537938	harbor2	chr2	156427684	156428181	LTR/ERVL-MaLR	1890	-	248	156427932	89994
chr2	170412424	170612424	harbor2	chr2	170417487	170417936	LTR/ERVL-MaLR	2321	-	224	170417711	5287
chr2	170412424	170612424	harbor2	chr2	170419260	170419579	LTR/ERVL-MaLR	1549	-	160	170419420	6996
chr2	170412424	170612424	harbor2	chr2	170464821	170464868	LTR/ERVL-MaLR	2439	-	24	170464845	52421
chr2	170412424	170612424	harbor2	chr2	170465173	170465547	LTR/ERVL-MaLR	2439	-	187	170465360	52936
chr2	170412424	170612424	harbor2	chr2	170473949	170474364	LTR/ERVL-MaLR	917	-	208	170474157	61733
chr2	170412424	170612424	harbor2	chr2	170477535	170477593	LTR/ERVL-MaLR	630	-	29	170477564	65140
chr2	170412424	170612424	harbor2	chr2	170477816	170478273	LTR/ERVL-MaLR	630	-	228	170478044	65620
chr2	1511396	1711396	harbor2	chr2	1511501	1511867	LTR/ERVL-MaLR	1225	-	183	1511684	288
chr2	1511396	1711396	harbor2	chr2	1538729	1539143	LTR/ERVL-MaLR	1550	-	207	1538936	27540
chr2	1511396	1711396	harbor2	chr2	1543755	1544150	LTR/ERVL-MaLR	1684	-	198	1543953	32557
chr2	1511396	1711396	harbor2	chr2	1547297	1547640	LTR/ERVL-MaLR	468	-	172	1547469	36073
chr2	1511396	1711396	harbor2	chr2	1571157	1571527	LTR/ERVL-MaLR	1158	-	185	1571342	59946
chr2	1511396	1711396	harbor2	chr2	1574543	1574901	LTR/ERVL-MaLR	1883	-	179	1574722	63326
chr2	111378907	111578907	harbor2	chr2	111401253	111401618	LTR/ERVL-MaLR	1785	-	182	111401435	22528
chr2	111378907	111578907	harbor2	chr2	111460119	111460337	LTR/ERVL-MaLR	2176	-	109	111460228	81321
chr2	111378907	111578907	harbor2	chr2	111460431	111460607	LTR/ERVL-MaLR	2176	-	88	111460519	81612
chr2	66333348	66533348	harbor2	chr2	66355659	66356012	LTR/ERVL-MaLR	2085	-	176	66355835	22487
chr2	66333348	66533348	harbor2	chr2	66356831	66357203	LTR/ERVL-MaLR	690	-	186	66357017	23669
chr2	66333348	66533348	harbor2	chr2	66358644	66359019	LTR/ERVL-MaLR	2081	-	188	66358832	25484
chr2	66333348	66533348	harbor2	chr2	66366774	66367154	LTR/ERVL-MaLR	581	-	190	66366964	33616
chr2	113484022	113684022	harbor2	chr2	113514910	113515343	LTR/ERVL-MaLR	1783	-	216	113515126	31104
chr2	113484022	113684022	harbor2	chr2	113517272	113517578	LTR/ERVL-MaLR	616	-	153	113517425	33403
chr2	113484022	113684022	harbor2	chr2	113546245	113546603	LTR/ERVL-MaLR	1941	-	179	113546424	62402
chr2	113484022	113684022	harbor2	chr2	113557009	113557268	LTR/ERVL-MaLR	877	-	130	113557139	73117
chr2	113484022	113684022	harbor2	chr2	113557508	113557926	LTR/ERVL-MaLR	2437	-	209	113557717	73695
chr2	113484022	113684022	harbor2	chr2	113559448	113559522	LTR/ERVL-MaLR	444	-	37	113559485	75463
chr2	113484022	113684022	harbor2	chr2	113559771	113560217	LTR/ERVL-MaLR	1722	-	223	113559994	75972
chr2	113484022	113684022	harbor2	chr2	113573160	113573529	LTR/ERVL-MaLR	782	-	184	113573344	89322
chr2	113484022	113684022	harbor2	chr2	113573990	113575198	LTR/ERVL-MaLR	4023	-	604	113574594	90572
chr2	113484022	113684022	harbor2	chr2	113582330	113582508	LTR/ERVL-MaLR	758	-	89	113582419	98397
chr2	113484022	113684022	harbor2	chr2	113582614	113582768	LTR/ERVL-MaLR	764	-	77	113582691	98669
chr2	113484022	113684022	harbor2	chr2	113573831	113573989	LTR/ERVL-MaLR	715	-	79	113573910	89888
chr2	72866749	73066749	harbor2	chr2	72882123	72882342	LTR/ERVL-MaLR	2124	-	110	72882233	15484
chr2	72866749	73066749	harbor2	chr2	72882640	72882796	LTR/ERVL-MaLR	2124	-	78	72882718	15969
chr2	72866749	73066749	harbor2	chr2	72883081	72883122	LTR/ERVL-MaLR	2124	-	20	72883101	16352
chr2	72866749	73066749	harbor2	chr2	72884030	72884271	LTR/ERVL-MaLR	1767	-	120	72884150	17401
chr2	72866749	73066749	harbor2	chr2	72884272	72884705	LTR/ERVL-MaLR	2028	-	216	72884488	17739
chr2	72866749	73066749	harbor2	chr2	72905833	72906255	LTR/ERVL-MaLR	2613	-	211	72906044	39295
chr2	72866749	73066749	harbor2	chr2	72939206	72939588	LTR/ERVL-MaLR	1919	-	191	72939397	72648
chr2	113484017	113684017	harbor2	chr2	113514910	113515343	LTR/ERVL-MaLR	1783	-	216	113515126	31109
chr2	113484017	113684017	harbor2	chr2	113517272	113517578	LTR/ERVL-MaLR	616	-	153	113517425	33408
chr2	113484017	113684017	harbor2	chr2	113546245	113546603	LTR/ERVL-MaLR	1941	-	179	113546424	62407
chr2	113484017	113684017	harbor2	chr2	113557009	113557268	LTR/ERVL-MaLR	877	-	130	113557139	73122
chr2	113484017	113684017	harbor2	chr2	113557508	113557926	LTR/ERVL-MaLR	2437	-	209	113557717	73700
chr2	113484017	113684017	harbor2	chr2	113559448	113559522	LTR/ERVL-MaLR	444	-	37	113559485	75468
chr2	113484017	113684017	harbor2	chr2	113559771	113560217	LTR/ERVL-MaLR	1722	-	223	113559994	75977
chr2	113484017	113684017	harbor2	chr2	113573160	113573529	LTR/ERVL-MaLR	782	-	184	113573344	89327
chr2	113484017	113684017	harbor2	chr2	113573990	113575198	LTR/ERVL-MaLR	4023	-	604	113574594	90577
chr2	113484017	113684017	harbor2	chr2	113582330	113582508	LTR/ERVL-MaLR	758	-	89	113582419	98402
chr2	113484017	113684017	harbor2	chr2	113582614	113582768	LTR/ERVL-MaLR	764	-	77	113582691	98674
chr2	113484017	113684017	harbor2	chr2	113573831	113573989	LTR/ERVL-MaLR	715	-	79	113573910	89893
chr2	112819372	113019372	harbor2	chr2	112827769	112828190	LTR/ERVL-MaLR	2471	-	210	112827979	8607
chr2	112819372	113019372	harbor2	chr2	112889529	112889907	LTR/ERVL-MaLR	2092	-	189	112889718	70346
chr2	113527151	113727151	harbor2	chr2	113546245	113546603	LTR/ERVL-MaLR	1941	-	179	113546424	19273
chr2	113527151	113727151	harbor2	chr2	113557009	113557268	LTR/ERVL-MaLR	877	-	130	113557139	29988
chr2	113527151	113727151	harbor2	chr2	113557508	113557926	LTR/ERVL-MaLR	2437	-	209	113557717	30566
chr2	113527151	113727151	harbor2	chr2	113559448	113559522	LTR/ERVL-MaLR	444	-	37	113559485	32334
chr2	113527151	113727151	harbor2	chr2	113559771	113560217	LTR/ERVL-MaLR	1722	-	223	113559994	32843
chr2	113527151	113727151	harbor2	chr2	113573160	113573529	LTR/ERVL-MaLR	782	-	184	113573344	46193
chr2	113527151	113727151	harbor2	chr2	113573990	113575198	LTR/ERVL-MaLR	4023	-	604	113574594	47443
chr2	113527151	113727151	harbor2	chr2	113582330	113582508	LTR/ERVL-MaLR	758	-	89	113582419	55268
chr2	113527151	113727151	harbor2	chr2	113582614	113582768	LTR/ERVL-MaLR	764	-	77	113582691	55540
chr2	113527151	113727151	harbor2	chr2	113609634	113609995	LTR/ERVL-MaLR	2206	-	180	113609814	82663
chr2	113527151	113727151	harbor2	chr2	113573831	113573989	LTR/ERVL-MaLR	715	-	79	113573910	46759
chr2	113484623	113684623	harbor2	chr2	113514910	113515343	LTR/ERVL-MaLR	1783	-	216	113515126	30503
chr2	113484623	113684623	harbor2	chr2	113517272	113517578	LTR/ERVL-MaLR	616	-	153	113517425	32802
chr2	113484623	113684623	harbor2	chr2	113546245	113546603	LTR/ERVL-MaLR	1941	-	179	113546424	61801
chr2	113484623	113684623	harbor2	chr2	113557009	113557268	LTR/ERVL-MaLR	877	-	130	113557139	72516
chr2	113484623	113684623	harbor2	chr2	113557508	113557926	LTR/ERVL-MaLR	2437	-	209	113557717	73094
chr2	113484623	113684623	harbor2	chr2	113559448	113559522	LTR/ERVL-MaLR	444	-	37	113559485	74862
chr2	113484623	113684623	harbor2	chr2	113559771	113560217	LTR/ERVL-MaLR	1722	-	223	113559994	75371
chr2	113484623	113684623	harbor2	chr2	113573160	113573529	LTR/ERVL-MaLR	782	-	184	113573344	88721
chr2	113484623	113684623	harbor2	chr2	113573990	113575198	LTR/ERVL-MaLR	4023	-	604	113574594	89971
chr2	113484623	113684623	harbor2	chr2	113582330	113582508	LTR/ERVL-MaLR	758	-	89	113582419	97796
chr2	113484623	113684623	harbor2	chr2	113582614	113582768	LTR/ERVL-MaLR	764	-	77	113582691	98068
chr2	113484623	113684623	harbor2	chr2	113573831	113573989	LTR/ERVL-MaLR	715	-	79	113573910	89287
chr2	70838422	71038422	harbor2	chr2	70859989	70860124	LTR/ERVL-MaLR	1080	-	68	70860057	21635
chr2	70838422	71038422	harbor2	chr2	70863094	70863509	LTR/ERVL-MaLR	1205	-	208	70863302	24880
chr2	70838422	71038422	harbor2	chr2	70870516	70870670	LTR/ERVL-MaLR	948	-	77	70870593	32171
chr2	64300586	64500586	harbor2	chr2	64316333	64316760	LTR/ERVL-MaLR	891	-	214	64316547	15961
chr2	64300586	64500586	harbor2	chr2	64316960	64317008	LTR/ERVL-MaLR	891	-	24	64316984	16398
chr2	64300586	64500586	harbor2	chr2	64337052	64337425	LTR/ERVL-MaLR	2462	-	186	64337238	36652
chr2	64300586	64500586	harbor2	chr2	64365369	64365751	LTR/ERVL-MaLR	1977	-	191	64365560	64974
chr2	67402885	67602885	harbor2	chr2	67417214	67417543	LTR/ERVL-MaLR	1233	-	164	67417378	14493
chr2	67402885	67602885	harbor2	chr2	67418006	67418396	LTR/ERVL-MaLR	2118	-	195	67418201	15316
chr2	67402885	67602885	harbor2	chr2	67418397	67419036	LTR/ERVL-MaLR	4397	-	320	67418717	15832
chr2	67402885	67602885	harbor2	chr2	67419087	67419292	LTR/ERVL-MaLR	2053	-	102	67419189	16304
chr2	67402885	67602885	harbor2	chr2	67419625	67419833	LTR/ERVL-MaLR	2053	-	104	67419729	16844
chr2	67402885	67602885	harbor2	chr2	67442873	67443225	LTR/ERVL-MaLR	798	-	176	67443049	40164
chr2	67402885	67602885	harbor2	chr2	67443508	67444542	LTR/ERVL-MaLR	3753	-	517	67444025	41140
chr2	67402885	67602885	harbor2	chr2	67444543	67444799	LTR/ERVL-MaLR	1009	-	128	67444671	41786
chr2	43055499	43255499	harbor2	chr2	43059465	43059929	LTR/ERVL-MaLR	1616	-	232	43059697	4198
chr2	43055499	43255499	harbor2	chr2	43060245	43060317	LTR/ERVL-MaLR	660	-	36	43060281	4782
chr2	43055499	43255499	harbor2	chr2	43084603	43085227	LTR/ERVL-MaLR	1908	-	312	43084915	29416
chr2	43055499	43255499	harbor2	chr2	43088123	43088694	LTR/ERVL-MaLR	606	-	286	43088409	32910
chr2	43055499	43255499	harbor2	chr2	43089001	43089324	LTR/ERVL-MaLR	1059	-	162	43089163	33664
chr2	43055499	43255499	harbor2	chr2	43089622	43089857	LTR/ERVL-MaLR	1059	-	118	43089740	34241
chr2	43055499	43255499	harbor2	chr2	43090413	43090688	LTR/ERVL-MaLR	4247	-	138	43090551	35052
chr2	43055499	43255499	harbor2	chr2	43091039	43091390	LTR/ERVL-MaLR	4247	-	176	43091215	35716
chr2	43055499	43255499	harbor2	chr2	43091495	43091895	LTR/ERVL-MaLR	4247	-	200	43091695	36196
chr2	43055499	43255499	harbor2	chr2	43092204	43092468	LTR/ERVL-MaLR	4247	-	132	43092336	36837
chr2	43055499	43255499	harbor2	chr2	43092486	43092977	LTR/ERVL-MaLR	1183	-	246	43092732	37233
chr2	43055499	43255499	harbor2	chr2	43098128	43098682	LTR/ERVL-MaLR	1821	-	277	43098405	42906
chr2	43055499	43255499	harbor2	chr2	43115576	43115701	LTR/ERVL-MaLR	1454	-	62	43115638	60139
chr2	43055499	43255499	harbor2	chr2	43115993	43116173	LTR/ERVL-MaLR	1454	-	90	43116083	60584
chr2	43055499	43255499	harbor2	chr2	43116482	43116592	LTR/ERVL-MaLR	1454	-	55	43116537	61038
chr2	43055499	43255499	harbor2	chr2	43116594	43116955	LTR/ERVL-MaLR	2105	-	180	43116774	61275
chr2	43055499	43255499	harbor2	chr2	43117240	43117353	LTR/ERVL-MaLR	2105	-	56	43117296	61797
chr2	43055499	43255499	harbor2	chr2	43117480	43117642	LTR/ERVL-MaLR	563	-	81	43117561	62062
chr2	43055499	43255499	harbor2	chr2	43117636	43118339	LTR/ERVL-MaLR	3832	-	352	43117988	62489
chr2	43055499	43255499	harbor2	chr2	43119375	43119876	LTR/ERVL-MaLR	1814	-	250	43119625	64126
chr2	43055499	43255499	harbor2	chr2	43142864	43143298	LTR/ERVL-MaLR	571	-	217	43143081	87582
chr2	43055499	43255499	harbor2	chr2	43089858	43090108	LTR/ERVL-MaLR	4247	-	125	43089983	34484
chr2	204961872	205161872	harbor2	chr2	205003005	205003397	LTR/ERVL-MaLR	948	-	196	205003201	41329
chr2	204961872	205161872	harbor2	chr2	205011176	205011638	LTR/ERVL-MaLR	1067	-	231	205011407	49535
chr2	204961872	205161872	harbor2	chr2	205049164	205049540	LTR/ERVL-MaLR	2178	-	188	205049352	87480
chr2	96386357	96586357	harbor2	chr2	96392138	96392350	LTR/ERVL-MaLR	2303	-	106	96392244	5887
chr2	96386357	96586357	harbor2	chr2	96392655	96392869	LTR/ERVL-MaLR	2303	-	107	96392762	6405
chr2	96386357	96586357	harbor2	chr2	96396589	96396922	LTR/ERVL-MaLR	1535	-	166	96396755	10398
chr2	96386357	96586357	harbor2	chr2	96397208	96398464	LTR/ERVL-MaLR	6662	-	628	96397836	11479
chr2	96386357	96586357	harbor2	chr2	96398763	96398773	LTR/ERVL-MaLR	6662	-	5	96398768	12411
chr2	96386357	96586357	harbor2	chr2	96399062	96399468	LTR/ERVL-MaLR	6662	-	203	96399265	12908
chr2	96386357	96586357	harbor2	chr2	96401442	96401562	LTR/ERVL-MaLR	591	-	60	96401502	15145
chr2	96386357	96586357	harbor2	chr2	96416064	96416444	LTR/ERVL-MaLR	2593	-	190	96416254	29897
chr2	96386357	96586357	harbor2	chr2	96422919	96423267	LTR/ERVL-MaLR	2247	-	174	96423093	36736
chr2	96386357	96586357	harbor2	chr2	96425739	96426092	LTR/ERVL-MaLR	2308	-	176	96425915	39558
chr2	96386357	96586357	harbor2	chr2	96450504	96450916	LTR/ERVL-MaLR	2560	-	206	96450710	64353
chr2	96386357	96586357	harbor2	chr2	96464512	96464937	LTR/ERVL-MaLR	1743	-	212	96464724	78367
chr2	96386357	96586357	harbor2	chr2	96465812	96466041	LTR/ERVL-MaLR	945	-	114	96465926	79569
chr2	96386357	96586357	harbor2	chr2	96466036	96466170	LTR/ERVL-MaLR	927	-	67	96466103	79746
chr2	96386357	96586357	harbor2	chr2	96466470	96466516	LTR/ERVL-MaLR	927	-	23	96466493	80136
chr2	96386357	96586357	harbor2	chr2	96476113	96476485	LTR/ERVL-MaLR	709	-	186	96476299	89942
chr2	175980104	176180104	harbor2	chr2	176018649	176019067	LTR/ERVL-MaLR	479	-	209	176018858	38754
chr2	175980104	176180104	harbor2	chr2	176055017	176055396	LTR/ERVL-MaLR	1569	-	190	176055207	75103
chr2	175980104	176180104	harbor2	chr2	176055845	176056271	LTR/ERVL-MaLR	2706	-	213	176056058	75954
chr2	91620961	91820961	harbor2	chr2	91640516	91640825	LTR/ERVL-MaLR	544	-	154	91640670	19709
chr2	91620961	91820961	harbor2	chr2	91667604	91667938	LTR/ERVL-MaLR	922	-	167	91667771	46810
chr2	91620961	91820961	harbor2	chr2	91675783	91676334	LTR/ERVL-MaLR	2427	-	276	91676059	55098
chr2	91620961	91820961	harbor2	chr2	91676341	91676623	LTR/ERVL-MaLR	989	-	141	91676482	55521
chr2	26982482	27182482	harbor2	chr2	26986057	26986381	LTR/ERVL-MaLR	1283	-	162	26986219	3737
chr2	26982482	27182482	harbor2	chr2	27030486	27030876	LTR/ERVL-MaLR	2155	-	195	27030681	48199
chr2	74429020	74629020	harbor2	chr2	74444321	74444886	LTR/ERVL-MaLR	928	-	282	74444603	15583
chr2	11245320	11445320	harbor2	chr2	11319951	11320188	LTR/ERVL-MaLR	471	-	118	11320069	74749
chr2	239595748	239795748	harbor2	chr2	239634279	239634629	LTR/ERVL-MaLR	1588	-	175	239634454	38706
chr2	239595748	239795748	harbor2	chr2	239647116	239647454	LTR/ERVL-MaLR	1765	-	169	239647285	51537
chr2	119126672	119326672	harbor2	chr2	119133867	119134264	LTR/ERVL-MaLR	1292	-	198	119134065	7393
chr2	119126672	119326672	harbor2	chr2	119138783	119139202	LTR/ERVL-MaLR	895	-	210	119138993	12321
chr2	119126672	119326672	harbor2	chr2	119176151	119176541	LTR/ERVL-MaLR	2234	-	195	119176346	49674
chr2	119126672	119326672	harbor2	chr2	119184069	119184381	LTR/ERVL-MaLR	818	-	156	119184225	57553
chr2	237960583	238160583	harbor2	chr2	237976441	237976785	LTR/ERVL-MaLR	1550	-	172	237976613	16030
chr2	237960583	238160583	harbor2	chr2	237980266	237980623	LTR/ERVL-MaLR	1225	-	178	237980444	19861
chr2	237960583	238160583	harbor2	chr2	238006010	238006410	LTR/ERVL-MaLR	2171	-	200	238006210	45627
chr2	237960583	238160583	harbor2	chr2	238021136	238021308	LTR/ERVL-MaLR	633	-	86	238021222	60639
chr2	71358556	71558556	harbor2	chr2	71375223	71375598	LTR/ERVL-MaLR	480	-	188	71375411	16855
chr2	71358556	71558556	harbor2	chr2	71449526	71449642	LTR/ERVL-MaLR	537	-	58	71449584	91028
chr2	71358556	71558556	harbor2	chr2	71452001	71452397	LTR/ERVL-MaLR	2218	-	198	71452199	93643
chr2	74415890	74615890	harbor2	chr2	74444321	74444886	LTR/ERVL-MaLR	928	-	282	74444603	28713
chr2	74416717	74616717	harbor2	chr2	74444321	74444886	LTR/ERVL-MaLR	928	-	282	74444603	27886
chr2	208143888	208343888	harbor2	chr2	208150951	208151322	LTR/ERVL-MaLR	2019	-	186	208151137	7249
chr2	208143888	208343888	harbor2	chr2	208151703	208152063	LTR/ERVL-MaLR	2217	-	180	208151883	7995
chr2	232216088	232416088	harbor2	chr2	232233162	232233499	LTR/ERVL-MaLR	1860	-	168	232233330	17242
chr2	232216088	232416088	harbor2	chr2	232236405	232236629	LTR/ERVL-MaLR	496	-	112	232236517	20429
chr2	232216088	232416088	harbor2	chr2	232247279	232247609	LTR/ERVL-MaLR	1109	-	165	232247444	31356
chr2	232216088	232416088	harbor2	chr2	232294111	232294315	LTR/ERVL-MaLR	469	-	102	232294213	78125
chr2	232216088	232416088	harbor2	chr2	232313691	232314054	LTR/ERVL-MaLR	2419	-	182	232313873	97785
chr2	86006203	86206203	harbor2	chr2	86015031	86015213	LTR/ERVL-MaLR	586	-	91	86015122	8919
chr2	42070444	42270444	harbor2	chr2	42083644	42084102	LTR/ERVL-MaLR	738	-	229	42083873	13429
chr2	42070444	42270444	harbor2	chr2	42148718	42149133	LTR/ERVL-MaLR	2454	-	208	42148926	78482
chr2	42070444	42270444	harbor2	chr2	42151557	42151674	LTR/ERVL-MaLR	613	-	58	42151615	81171
chr2	42070444	42270444	harbor2	chr2	42152081	42152269	LTR/ERVL-MaLR	613	-	94	42152175	81731
chr2	42070444	42270444	harbor2	chr2	42152596	42152971	LTR/ERVL-MaLR	2212	-	188	42152784	82340
chr2	42070444	42270444	harbor2	chr2	42163679	42163804	LTR/ERVL-MaLR	537	-	62	42163741	93297
chr2	202771723	202971723	harbor2	chr2	202813415	202813643	LTR/ERVL-MaLR	1492	-	114	202813529	41806
chr2	202771723	202971723	harbor2	chr2	202838701	202839099	LTR/ERVL-MaLR	2283	-	199	202838900	67177
chr2	202771723	202971723	harbor2	chr2	202844770	202845273	LTR/ERVL-MaLR	2385	-	252	202845022	73299
chr2	72971529	73171529	harbor2	chr2	73049066	73049275	LTR/ERVL-MaLR	1791	-	104	73049170	77641
chr2	72971529	73171529	harbor2	chr2	73049555	73049705	LTR/ERVL-MaLR	1791	-	75	73049630	78101
chr2	72971529	73171529	harbor2	chr2	73049711	73050392	LTR/ERVL-MaLR	4527	-	340	73050051	78522
chr2	72971529	73171529	harbor2	chr2	73050422	73051257	LTR/ERVL-MaLR	4527	-	418	73050840	79311
chr2	72971529	73171529	harbor2	chr2	73051556	73051670	LTR/ERVL-MaLR	4527	-	57	73051613	80084
chr2	72971529	73171529	harbor2	chr2	73051671	73052001	LTR/ERVL-MaLR	1415	-	165	73051836	80307
chr2	27396611	27596611	harbor2	chr2	27419767	27419950	LTR/ERVL-MaLR	1523	-	92	27419859	23248
chr2	27396611	27596611	harbor2	chr2	27420237	27420430	LTR/ERVL-MaLR	1523	-	96	27420333	23722
chr2	27206957	27406957	harbor2	chr2	27296381	27296757	LTR/ERVL-MaLR	1562	-	188	27296569	89612
chr2	27206957	27406957	harbor2	chr2	27297059	27297150	LTR/ERVL-MaLR	1562	-	46	27297105	90148
chr2	28822331	29022331	harbor2	chr2	28876813	28877046	LTR/ERVL-MaLR	893	-	116	28876929	54598
chr2	43058164	43258164	harbor2	chr2	43059465	43059929	LTR/ERVL-MaLR	1616	-	232	43059697	1533
chr2	43058164	43258164	harbor2	chr2	43060245	43060317	LTR/ERVL-MaLR	660	-	36	43060281	2117
chr2	43058164	43258164	harbor2	chr2	43084603	43085227	LTR/ERVL-MaLR	1908	-	312	43084915	26751
chr2	43058164	43258164	harbor2	chr2	43088123	43088694	LTR/ERVL-MaLR	606	-	286	43088409	30245
chr2	43058164	43258164	harbor2	chr2	43089001	43089324	LTR/ERVL-MaLR	1059	-	162	43089163	30999
chr2	43058164	43258164	harbor2	chr2	43089622	43089857	LTR/ERVL-MaLR	1059	-	118	43089740	31576
chr2	43058164	43258164	harbor2	chr2	43090413	43090688	LTR/ERVL-MaLR	4247	-	138	43090551	32387
chr2	43058164	43258164	harbor2	chr2	43091039	43091390	LTR/ERVL-MaLR	4247	-	176	43091215	33051
chr2	43058164	43258164	harbor2	chr2	43091495	43091895	LTR/ERVL-MaLR	4247	-	200	43091695	33531
chr2	43058164	43258164	harbor2	chr2	43092204	43092468	LTR/ERVL-MaLR	4247	-	132	43092336	34172
chr2	43058164	43258164	harbor2	chr2	43092486	43092977	LTR/ERVL-MaLR	1183	-	246	43092732	34568
chr2	43058164	43258164	harbor2	chr2	43098128	43098682	LTR/ERVL-MaLR	1821	-	277	43098405	40241
chr2	43058164	43258164	harbor2	chr2	43115576	43115701	LTR/ERVL-MaLR	1454	-	62	43115638	57474
chr2	43058164	43258164	harbor2	chr2	43115993	43116173	LTR/ERVL-MaLR	1454	-	90	43116083	57919
chr2	43058164	43258164	harbor2	chr2	43116482	43116592	LTR/ERVL-MaLR	1454	-	55	43116537	58373
chr2	43058164	43258164	harbor2	chr2	43116594	43116955	LTR/ERVL-MaLR	2105	-	180	43116774	58610
chr2	43058164	43258164	harbor2	chr2	43117240	43117353	LTR/ERVL-MaLR	2105	-	56	43117296	59132
chr2	43058164	43258164	harbor2	chr2	43117480	43117642	LTR/ERVL-MaLR	563	-	81	43117561	59397
chr2	43058164	43258164	harbor2	chr2	43117636	43118339	LTR/ERVL-MaLR	3832	-	352	43117988	59824
chr2	43058164	43258164	harbor2	chr2	43119375	43119876	LTR/ERVL-MaLR	1814	-	250	43119625	61461
chr2	43058164	43258164	harbor2	chr2	43142864	43143298	LTR/ERVL-MaLR	571	-	217	43143081	84917
chr2	43058164	43258164	harbor2	chr2	43089858	43090108	LTR/ERVL-MaLR	4247	-	125	43089983	31819
chr2	46304629	46504629	harbor2	chr2	46339670	46340021	LTR/ERVL-MaLR	2001	-	176	46339846	35217
chr2	46304629	46504629	harbor2	chr2	46357169	46357689	LTR/ERVL-MaLR	775	-	260	46357429	52800
chr2	192560007	192760007	harbor2	chr2	192561736	192562112	LTR/ERVL-MaLR	1602	-	188	192561924	1917
chr2	192560007	192760007	harbor2	chr2	192564684	192564920	LTR/ERVL-MaLR	769	-	118	192564802	4795
chr2	192560007	192760007	harbor2	chr2	192605528	192605908	LTR/ERVL-MaLR	1418	-	190	192605718	45711
chr2	192560007	192760007	harbor2	chr2	192625969	192626344	LTR/ERVL-MaLR	1697	-	188	192626157	66150
chr2	44068663	44268663	harbor2	chr2	44092406	44092668	LTR/ERVL-MaLR	805	-	131	44092537	23874
chr2	44068663	44268663	harbor2	chr2	44139921	44140169	LTR/ERVL-MaLR	1181	-	124	44140045	71382
chr2	44068663	44268663	harbor2	chr2	44141263	44141456	LTR/ERVL-MaLR	613	-	96	44141359	72696
chr2	44068663	44268663	harbor2	chr2	44141586	44141755	LTR/ERVL-MaLR	613	-	84	44141670	73007
chr2	44068663	44268663	harbor2	chr2	44156092	44156606	LTR/ERVL-MaLR	987	-	257	44156349	87686
chr2	44068663	44268663	harbor2	chr2	44160780	44160832	LTR/ERVL-MaLR	1087	-	26	44160806	92143
chr2	44068663	44268663	harbor2	chr2	44161120	44161358	LTR/ERVL-MaLR	1087	-	119	44161239	92576
chr2	44068663	44268663	harbor2	chr2	44161681	44161914	LTR/ERVL-MaLR	713	-	116	44161797	93134
chr2	219602864	219802864	harbor2	chr2	219625682	219625956	LTR/ERVL-MaLR	1627	-	137	219625819	22955
chr2	219602864	219802864	harbor2	chr2	219626243	219626400	LTR/ERVL-MaLR	1627	-	78	219626321	23457
chr2	219602864	219802864	harbor2	chr2	219654793	219655197	LTR/ERVL-MaLR	2279	-	202	219654995	52131
chr2	219602864	219802864	harbor2	chr2	219663845	219664198	LTR/ERVL-MaLR	2812	-	176	219664021	61157
chr2	219602864	219802864	harbor2	chr2	219671047	219671310	LTR/ERVL-MaLR	809	-	132	219671179	68315
chr2	219602864	219802864	harbor2	chr2	219679624	219679980	LTR/ERVL-MaLR	2295	-	178	219679802	76938
chr2	219602864	219802864	harbor2	chr2	219692935	219692986	LTR/ERVL-MaLR	2353	-	26	219692961	90097
chr2	219602864	219802864	harbor2	chr2	219693279	219693624	LTR/ERVL-MaLR	2353	-	172	219693451	90587
chr2	219602864	219802864	harbor2	chr2	219695299	219695747	LTR/ERVL-MaLR	687	-	224	219695523	92659
chr2	219602864	219802864	harbor2	chr2	219660031	219660346	LTR/ERVL-MaLR	1979	-	158	219660189	57325
chr2	43124424	43324424	harbor2	chr2	43142864	43143298	LTR/ERVL-MaLR	571	-	217	43143081	18657
chr2	43124424	43324424	harbor2	chr2	43164840	43164904	LTR/ERVL-MaLR	1042	-	32	43164872	40448
chr2	43124424	43324424	harbor2	chr2	43165178	43165473	LTR/ERVL-MaLR	1042	-	148	43165326	40902
chr2	64956793	65156793	harbor2	chr2	64958513	64959002	LTR/ERVL-MaLR	601	-	244	64958757	1964
chr2	64956793	65156793	harbor2	chr2	64959325	64959358	LTR/ERVL-MaLR	601	-	16	64959341	2548
chr2	64956793	65156793	harbor2	chr2	64966086	64966593	LTR/ERVL-MaLR	2231	-	254	64966340	9547
chr2	64956793	65156793	harbor2	chr2	64979839	64980201	LTR/ERVL-MaLR	691	-	181	64980020	23227
chr2	64956793	65156793	harbor2	chr2	64999452	64999990	LTR/ERVL-MaLR	1843	-	269	64999721	42928
chr2	64956793	65156793	harbor2	chr2	65012920	65013132	LTR/ERVL-MaLR	1409	-	106	65013026	56233
chr2	64956793	65156793	harbor2	chr2	65013133	65013187	LTR/ERVL-MaLR	448	-	27	65013160	56367
chr2	64956793	65156793	harbor2	chr2	65047845	65048387	LTR/ERVL-MaLR	1784	-	271	65048116	91323
chr2	113484016	113684016	harbor2	chr2	113514910	113515343	LTR/ERVL-MaLR	1783	-	216	113515126	31110
chr2	113484016	113684016	harbor2	chr2	113517272	113517578	LTR/ERVL-MaLR	616	-	153	113517425	33409
chr2	113484016	113684016	harbor2	chr2	113546245	113546603	LTR/ERVL-MaLR	1941	-	179	113546424	62408
chr2	113484016	113684016	harbor2	chr2	113557009	113557268	LTR/ERVL-MaLR	877	-	130	113557139	73123
chr2	113484016	113684016	harbor2	chr2	113557508	113557926	LTR/ERVL-MaLR	2437	-	209	113557717	73701
chr2	113484016	113684016	harbor2	chr2	113559448	113559522	LTR/ERVL-MaLR	444	-	37	113559485	75469
chr2	113484016	113684016	harbor2	chr2	113559771	113560217	LTR/ERVL-MaLR	1722	-	223	113559994	75978
chr2	113484016	113684016	harbor2	chr2	113573160	113573529	LTR/ERVL-MaLR	782	-	184	113573344	89328
chr2	113484016	113684016	harbor2	chr2	113573990	113575198	LTR/ERVL-MaLR	4023	-	604	113574594	90578
chr2	113484016	113684016	harbor2	chr2	113582330	113582508	LTR/ERVL-MaLR	758	-	89	113582419	98403
chr2	113484016	113684016	harbor2	chr2	113582614	113582768	LTR/ERVL-MaLR	764	-	77	113582691	98675
chr2	113484016	113684016	harbor2	chr2	113573831	113573989	LTR/ERVL-MaLR	715	-	79	113573910	89894
chr2	236587967	236787967	harbor2	chr2	236590381	236590750	LTR/ERVL-MaLR	1203	-	184	236590565	2598
chr2	236587967	236787967	harbor2	chr2	236591076	236591504	LTR/ERVL-MaLR	1064	-	214	236591290	3323
chr2	236587967	236787967	harbor2	chr2	236604154	236604590	LTR/ERVL-MaLR	1502	-	218	236604372	16405
chr2	236587967	236787967	harbor2	chr2	236605504	236605791	LTR/ERVL-MaLR	1071	-	144	236605648	17681
chr2	236587967	236787967	harbor2	chr2	236605829	236606115	LTR/ERVL-MaLR	698	-	143	236605972	18005
chr2	236587967	236787967	harbor2	chr2	236607529	236607712	LTR/ERVL-MaLR	1447	-	92	236607621	19654
chr2	236587967	236787967	harbor2	chr2	236607739	236607920	LTR/ERVL-MaLR	1447	-	90	236607829	19862
chr2	236587967	236787967	harbor2	chr2	236615567	236615980	LTR/ERVL-MaLR	908	-	206	236615773	27806
chr2	236587967	236787967	harbor2	chr2	236618484	236618975	LTR/ERVL-MaLR	1624	-	246	236618730	30763
chr2	236587967	236787967	harbor2	chr2	236629531	236629964	LTR/ERVL-MaLR	1192	-	216	236629747	41780
chr2	236587967	236787967	harbor2	chr2	236648546	236648916	LTR/ERVL-MaLR	2123	-	185	236648731	60764
chr2	36674986	36874986	harbor2	chr2	36717775	36718239	LTR/ERVL-MaLR	2664	-	232	36718007	43021
chr2	36674986	36874986	harbor2	chr2	36725258	36725640	LTR/ERVL-MaLR	1726	-	191	36725449	50463
chr2	36674986	36874986	harbor2	chr2	36729975	36730013	LTR/ERVL-MaLR	807	-	19	36729994	55008
chr2	36674986	36874986	harbor2	chr2	36730320	36730532	LTR/ERVL-MaLR	807	-	106	36730426	55440
chr2	36674986	36874986	harbor2	chr2	36765250	36765414	LTR/ERVL-MaLR	2122	-	82	36765332	90346
chr2	36674986	36874986	harbor2	chr2	36765448	36765632	LTR/ERVL-MaLR	2122	-	92	36765540	90554
chr2	36674986	36874986	harbor2	chr2	36683753	36684149	LTR/ERVL-MaLR	1781	-	198	36683951	8965
chr2	234412508	234612508	harbor2	chr2	234441338	234441640	LTR/ERVL-MaLR	1636	-	151	234441489	28981
chr2	234412508	234612508	harbor2	chr2	234464517	234464995	LTR/ERVL-MaLR	1458	-	239	234464756	52248
chr2	234412508	234612508	harbor2	chr2	234471781	234472029	LTR/ERVL-MaLR	1603	-	124	234471905	59397
chr2	234412508	234612508	harbor2	chr2	234472297	234472543	LTR/ERVL-MaLR	1603	-	123	234472420	59912
chr2	234412508	234612508	harbor2	chr2	234473091	234473223	LTR/ERVL-MaLR	709	-	66	234473157	60649
chr2	234412508	234612508	harbor2	chr2	234473688	234474097	LTR/ERVL-MaLR	2450	-	204	234473892	61384
chr2	234412508	234612508	harbor2	chr2	234486919	234487417	LTR/ERVL-MaLR	859	-	249	234487168	74660
chr2	163608738	163808738	harbor2	chr2	163658411	163658836	LTR/ERVL-MaLR	2044	-	212	163658623	49885
chr2	96403077	96603077	harbor2	chr2	96416064	96416444	LTR/ERVL-MaLR	2593	-	190	96416254	13177
chr2	96403077	96603077	harbor2	chr2	96422919	96423267	LTR/ERVL-MaLR	2247	-	174	96423093	20016
chr2	96403077	96603077	harbor2	chr2	96425739	96426092	LTR/ERVL-MaLR	2308	-	176	96425915	22838
chr2	96403077	96603077	harbor2	chr2	96450504	96450916	LTR/ERVL-MaLR	2560	-	206	96450710	47633
chr2	96403077	96603077	harbor2	chr2	96464512	96464937	LTR/ERVL-MaLR	1743	-	212	96464724	61647
chr2	96403077	96603077	harbor2	chr2	96465812	96466041	LTR/ERVL-MaLR	945	-	114	96465926	62849
chr2	96403077	96603077	harbor2	chr2	96466036	96466170	LTR/ERVL-MaLR	927	-	67	96466103	63026
chr2	96403077	96603077	harbor2	chr2	96466470	96466516	LTR/ERVL-MaLR	927	-	23	96466493	63416
chr2	96403077	96603077	harbor2	chr2	96476113	96476485	LTR/ERVL-MaLR	709	-	186	96476299	73222
chr2	130102755	130302755	harbor2	chr2	130201279	130201614	LTR/ERVL-MaLR	1064	-	168	130201447	98692
chr2	112055853	112255853	harbor2	chr2	112078188	112078615	LTR/ERVL-MaLR	1669	-	214	112078402	22549
chr2	112055853	112255853	harbor2	chr2	112120468	112120616	LTR/ERVL-MaLR	469	-	74	112120542	64689
chr2	112055853	112255853	harbor2	chr2	112148554	112149004	LTR/ERVL-MaLR	1331	-	225	112148779	92926
chr2	217378357	217578357	harbor2	chr2	217380885	217381305	LTR/ERVL-MaLR	2503	-	210	217381095	2738
chr2	217378357	217578357	harbor2	chr2	217389964	217390304	LTR/ERVL-MaLR	2308	-	170	217390134	11777
chr2	217378357	217578357	harbor2	chr2	217390305	217391844	LTR/ERVL-MaLR	12135	-	770	217391075	12718
chr2	217378357	217578357	harbor2	chr2	217391845	217392186	LTR/ERVL-MaLR	2327	-	170	217392015	13658
chr2	217378357	217578357	harbor2	chr2	217414390	217414808	LTR/ERVL-MaLR	2002	-	209	217414599	36242
chr2	217378357	217578357	harbor2	chr2	217425201	217425705	LTR/ERVL-MaLR	2180	-	252	217425453	47096
chr2	217378357	217578357	harbor2	chr2	217438089	217438332	LTR/ERVL-MaLR	756	-	122	217438211	59854
chr2	217378357	217578357	harbor2	chr2	217438696	217438739	LTR/ERVL-MaLR	756	-	22	217438718	60361
chr2	217378357	217578357	harbor2	chr2	217443408	217443777	LTR/ERVL-MaLR	2147	-	184	217443592	65235
chr2	217378357	217578357	harbor2	chr2	217459551	217460040	LTR/ERVL-MaLR	1254	-	244	217459795	81438
chr2	112780949	112980949	harbor2	chr2	112797137	112797473	LTR/ERVL-MaLR	1875	-	168	112797305	16356
chr2	112780949	112980949	harbor2	chr2	112827769	112828190	LTR/ERVL-MaLR	2471	-	210	112827979	47030
chr2	124410890	124610890	harbor2	chr2	124480986	124481350	LTR/ERVL-MaLR	1403	-	182	124481168	70278
chr2	124410890	124610890	harbor2	chr2	124489188	124489570	LTR/ERVL-MaLR	1993	-	191	124489379	78489
chr2	124410890	124610890	harbor2	chr2	124506684	124506919	LTR/ERVL-MaLR	950	-	118	124506802	95912
chr2	124410890	124610890	harbor2	chr2	124507843	124508082	LTR/ERVL-MaLR	880	-	120	124507963	97073
chr2	113790804	113990804	harbor2	chr2	113790490	113790999	LTR/ERVL-MaLR	1983	-	254	113790744	60
chr2	113790804	113990804	harbor2	chr2	113806094	113806348	LTR/ERVL-MaLR	769	-	127	113806221	15417
chr2	113790804	113990804	harbor2	chr2	113806597	113806750	LTR/ERVL-MaLR	443	-	76	113806673	15869
chr2	113790804	113990804	harbor2	chr2	113806750	113807015	LTR/ERVL-MaLR	604	-	132	113806882	16078
chr2	113790804	113990804	harbor2	chr2	113807013	113807189	LTR/ERVL-MaLR	620	-	88	113807101	16297
chr2	113790804	113990804	harbor2	chr2	113814010	113814373	LTR/ERVL-MaLR	978	-	182	113814192	23388
chr2	113790804	113990804	harbor2	chr2	113819165	113819532	LTR/ERVL-MaLR	1357	-	184	113819349	28545
chr2	113790804	113990804	harbor2	chr2	113825731	113825815	LTR/ERVL-MaLR	452	-	42	113825773	34969
chr2	113790804	113990804	harbor2	chr2	113828523	113828945	LTR/ERVL-MaLR	2012	-	211	113828734	37930
chr2	113790804	113990804	harbor2	chr2	113828946	113829360	LTR/ERVL-MaLR	2579	-	207	113829153	38349
chr2	113790804	113990804	harbor2	chr2	113829361	113829396	LTR/ERVL-MaLR	2012	-	18	113829379	38575
chr2	113790804	113990804	harbor2	chr2	113847138	113847532	LTR/ERVL-MaLR	727	-	197	113847335	56531
chr2	113790804	113990804	harbor2	chr2	113854393	113854736	LTR/ERVL-MaLR	1684	-	172	113854565	63761
chr2	113790804	113990804	harbor2	chr2	113881221	113881382	LTR/ERVL-MaLR	1258	-	80	113881301	90497
chr2	113790804	113990804	harbor2	chr2	113881691	113881876	LTR/ERVL-MaLR	1258	-	92	113881783	90979
chr2	113790804	113990804	harbor2	chr2	113882192	113882334	LTR/ERVL-MaLR	1258	-	71	113882263	91459
chr2	113790804	113990804	harbor2	chr2	113884691	113885006	LTR/ERVL-MaLR	1628	-	158	113884849	94045
chr2	113790804	113990804	harbor2	chr2	113887040	113887388	LTR/ERVL-MaLR	1556	-	174	113887214	96410
chr2	26950765	27150765	harbor2	chr2	26986057	26986381	LTR/ERVL-MaLR	1283	-	162	26986219	35454
chr2	26950765	27150765	harbor2	chr2	27030486	27030876	LTR/ERVL-MaLR	2155	-	195	27030681	79916
chr2	26980097	27180097	harbor2	chr2	26986057	26986381	LTR/ERVL-MaLR	1283	-	162	26986219	6122
chr2	26980097	27180097	harbor2	chr2	27030486	27030876	LTR/ERVL-MaLR	2155	-	195	27030681	50584
chr2	219124492	219324492	harbor2	chr2	219191128	219191227	LTR/ERVL-MaLR	443	-	50	219191178	66686
chr3	127490209	127690209	harbor2	chr3	127492939	127493056	LTR/ERVL-MaLR	1349	-	58	127492997	2788
chr3	127490209	127690209	harbor2	chr3	127493057	127493459	LTR/ERVL-MaLR	2548	-	201	127493258	3049
chr3	127490209	127690209	harbor2	chr3	127493460	127495115	LTR/ERVL-MaLR	9552	-	828	127494288	4079
chr3	127490209	127690209	harbor2	chr3	127495116	127495524	LTR/ERVL-MaLR	2720	-	204	127495320	5111
chr3	127490209	127690209	harbor2	chr3	127495525	127495858	LTR/ERVL-MaLR	1349	-	166	127495691	5482
chr3	127490209	127690209	harbor2	chr3	127497558	127498139	LTR/ERVL-MaLR	1387	-	290	127497848	7639
chr3	127490209	127690209	harbor2	chr3	127532304	127532720	LTR/ERVL-MaLR	2127	-	208	127532512	42303
chr3	127490209	127690209	harbor2	chr3	127569344	127569696	LTR/ERVL-MaLR	640	-	176	127569520	79311
chr3	127490209	127690209	harbor2	chr3	127570918	127571368	LTR/ERVL-MaLR	1369	-	225	127571143	80934
chr3	127490209	127690209	harbor2	chr3	127565659	127566010	LTR/ERVL-MaLR	698	-	176	127565835	75626
chr3	138516159	138716159	harbor2	chr3	138595320	138595494	LTR/ERVL-MaLR	477	-	87	138595407	79248
chr3	138516159	138716159	harbor2	chr3	138598390	138598909	LTR/ERVL-MaLR	1968	-	260	138598650	82491
chr3	138516159	138716159	harbor2	chr3	138606585	138606890	LTR/ERVL-MaLR	1138	-	152	138606737	90578
chr3	49571662	49771662	harbor2	chr3	49641152	49641460	LTR/ERVL-MaLR	518	-	154	49641306	69644
chr3	49589463	49789463	harbor2	chr3	49641152	49641460	LTR/ERVL-MaLR	518	-	154	49641306	51843
chr3	108082734	108282734	harbor2	chr3	108097017	108097620	LTR/ERVL-MaLR	2355	-	302	108097319	14585
chr3	108082734	108282734	harbor2	chr3	108098482	108098850	LTR/ERVL-MaLR	773	-	184	108098666	15932
chr3	108082734	108282734	harbor2	chr3	108101634	108101997	LTR/ERVL-MaLR	2120	-	182	108101816	19082
chr3	108082734	108282734	harbor2	chr3	108105774	108106217	LTR/ERVL-MaLR	2614	-	222	108105996	23262
chr3	108082734	108282734	harbor2	chr3	108111443	108111789	LTR/ERVL-MaLR	1454	-	173	108111616	28882
chr3	108082734	108282734	harbor2	chr3	108124736	108124858	LTR/ERVL-MaLR	1253	-	61	108124797	42063
chr3	108082734	108282734	harbor2	chr3	108125223	108125442	LTR/ERVL-MaLR	1253	-	110	108125333	42599
chr3	108082734	108282734	harbor2	chr3	108128503	108128870	LTR/ERVL-MaLR	1889	-	184	108128687	45953
chr3	107992164	108192164	harbor2	chr3	108002216	108002433	LTR/ERVL-MaLR	950	-	108	108002324	10160
chr3	107992164	108192164	harbor2	chr3	108019217	108019638	LTR/ERVL-MaLR	1076	-	210	108019427	27263
chr3	107992164	108192164	harbor2	chr3	108031624	108031984	LTR/ERVL-MaLR	1523	-	180	108031804	39640
chr3	107996460	108196460	harbor2	chr3	108002216	108002433	LTR/ERVL-MaLR	950	-	108	108002324	5864
chr3	107996460	108196460	harbor2	chr3	108019217	108019638	LTR/ERVL-MaLR	1076	-	210	108019427	22967
chr3	107996460	108196460	harbor2	chr3	108031624	108031984	LTR/ERVL-MaLR	1523	-	180	108031804	35344
chr3	107996608	108196608	harbor2	chr3	108002216	108002433	LTR/ERVL-MaLR	950	-	108	108002324	5716
chr3	107996608	108196608	harbor2	chr3	108019217	108019638	LTR/ERVL-MaLR	1076	-	210	108019427	22819
chr3	107996608	108196608	harbor2	chr3	108031624	108031984	LTR/ERVL-MaLR	1523	-	180	108031804	35196
chr3	114887895	115087895	harbor2	chr3	114922561	114922962	LTR/ERVL-MaLR	1931	-	200	114922761	34866
chr3	107992161	108192161	harbor2	chr3	108002216	108002433	LTR/ERVL-MaLR	950	-	108	108002324	10163
chr3	107992161	108192161	harbor2	chr3	108019217	108019638	LTR/ERVL-MaLR	1076	-	210	108019427	27266
chr3	107992161	108192161	harbor2	chr3	108031624	108031984	LTR/ERVL-MaLR	1523	-	180	108031804	39643
chr3	107992095	108192095	harbor2	chr3	108002216	108002433	LTR/ERVL-MaLR	950	-	108	108002324	10229
chr3	107992095	108192095	harbor2	chr3	108019217	108019638	LTR/ERVL-MaLR	1076	-	210	108019427	27332
chr3	107992095	108192095	harbor2	chr3	108031624	108031984	LTR/ERVL-MaLR	1523	-	180	108031804	39709
chr3	157169493	157369493	harbor2	chr3	157180244	157180703	LTR/ERVL-MaLR	1005	-	230	157180474	10981
chr3	157169493	157369493	harbor2	chr3	157181273	157181656	LTR/ERVL-MaLR	1136	-	192	157181465	11972
chr3	157169493	157369493	harbor2	chr3	157227378	157227801	LTR/ERVL-MaLR	2440	-	212	157227590	58097
chr3	157169493	157369493	harbor2	chr3	157239853	157240243	LTR/ERVL-MaLR	2095	-	195	157240048	70555
chr3	157169493	157369493	harbor2	chr3	157250531	157250910	LTR/ERVL-MaLR	1850	-	190	157250721	81228
chr3	157169493	157369493	harbor2	chr3	157259707	157260275	LTR/ERVL-MaLR	2062	-	284	157259991	90498
chr3	113036307	113236307	harbor2	chr3	113038403	113039047	LTR/ERVL-MaLR	784	-	322	113038725	2418
chr3	113036307	113236307	harbor2	chr3	113039530	113039752	LTR/ERVL-MaLR	554	-	111	113039641	3334
chr3	113036307	113236307	harbor2	chr3	113063261	113063631	LTR/ERVL-MaLR	2023	-	185	113063446	27139
chr3	113036307	113236307	harbor2	chr3	113067545	113067956	LTR/ERVL-MaLR	2261	-	206	113067751	31444
chr3	113036307	113236307	harbor2	chr3	113090953	113091293	LTR/ERVL-MaLR	1225	-	170	113091123	54816
chr3	113036307	113236307	harbor2	chr3	113102049	113102411	LTR/ERVL-MaLR	1472	-	181	113102230	65923
chr3	113036307	113236307	harbor2	chr3	113129594	113129669	LTR/ERVL-MaLR	1081	-	38	113129632	93325
chr3	113036307	113236307	harbor2	chr3	113129973	113130305	LTR/ERVL-MaLR	1081	-	166	113130139	93832
chr3	107993194	108193194	harbor2	chr3	108002216	108002433	LTR/ERVL-MaLR	950	-	108	108002324	9130
chr3	107993194	108193194	harbor2	chr3	108019217	108019638	LTR/ERVL-MaLR	1076	-	210	108019427	26233
chr3	107993194	108193194	harbor2	chr3	108031624	108031984	LTR/ERVL-MaLR	1523	-	180	108031804	38610
chr3	107992828	108192828	harbor2	chr3	108002216	108002433	LTR/ERVL-MaLR	950	-	108	108002324	9496
chr3	107992828	108192828	harbor2	chr3	108019217	108019638	LTR/ERVL-MaLR	1076	-	210	108019427	26599
chr3	107992828	108192828	harbor2	chr3	108031624	108031984	LTR/ERVL-MaLR	1523	-	180	108031804	38976
chr3	157395984	157595984	harbor2	chr3	157430794	157430987	LTR/ERVL-MaLR	2216	-	96	157430890	34906
chr3	157395984	157595984	harbor2	chr3	157431351	157431660	LTR/ERVL-MaLR	2216	-	154	157431505	35521
chr3	157395984	157595984	harbor2	chr3	157477025	157477514	LTR/ERVL-MaLR	2050	-	244	157477269	81285
chr3	108029993	108229993	harbor2	chr3	108031624	108031984	LTR/ERVL-MaLR	1523	-	180	108031804	1811
chr3	108029993	108229993	harbor2	chr3	108097017	108097620	LTR/ERVL-MaLR	2355	-	302	108097319	67326
chr3	108029993	108229993	harbor2	chr3	108098482	108098850	LTR/ERVL-MaLR	773	-	184	108098666	68673
chr3	108029993	108229993	harbor2	chr3	108101634	108101997	LTR/ERVL-MaLR	2120	-	182	108101816	71823
chr3	108029993	108229993	harbor2	chr3	108105774	108106217	LTR/ERVL-MaLR	2614	-	222	108105996	76003
chr3	108029993	108229993	harbor2	chr3	108111443	108111789	LTR/ERVL-MaLR	1454	-	173	108111616	81623
chr3	108029993	108229993	harbor2	chr3	108124736	108124858	LTR/ERVL-MaLR	1253	-	61	108124797	94804
chr3	108029993	108229993	harbor2	chr3	108125223	108125442	LTR/ERVL-MaLR	1253	-	110	108125333	95340
chr3	108029993	108229993	harbor2	chr3	108128503	108128870	LTR/ERVL-MaLR	1889	-	184	108128687	98694
chr3	160405676	160605676	harbor2	chr3	160461911	160462352	LTR/ERVL-MaLR	1355	-	220	160462131	56455
chr3	160405676	160605676	harbor2	chr3	160487561	160488037	LTR/ERVL-MaLR	2251	-	238	160487799	82123
chr3	50033140	50233140	harbor2	chr3	50052630	50052969	LTR/ERVL-MaLR	778	-	170	50052800	19660
chr3	50033140	50233140	harbor2	chr3	50073206	50073590	LTR/ERVL-MaLR	2082	-	192	50073398	40258
chr3	50447939	50647939	harbor2	chr3	50519360	50519736	LTR/ERVL-MaLR	926	-	188	50519548	71609
chr3	125447590	125647590	harbor2	chr3	125513843	125514190	LTR/ERVL-MaLR	1899	-	174	125514017	66427
chr3	108221011	108421011	harbor2	chr3	108255226	108255462	LTR/ERVL-MaLR	928	-	118	108255344	34333
chr3	108221011	108421011	harbor2	chr3	108266347	108266698	LTR/ERVL-MaLR	557	-	176	108266523	45512
chr3	108221011	108421011	harbor2	chr3	108266728	108268078	LTR/ERVL-MaLR	1873	-	675	108267403	46392
chr3	108221011	108421011	harbor2	chr3	108277359	108277717	LTR/ERVL-MaLR	2091	-	179	108277538	56527
chr3	108221011	108421011	harbor2	chr3	108277724	108279290	LTR/ERVL-MaLR	10322	-	783	108278507	57496
chr3	108221011	108421011	harbor2	chr3	108279294	108279645	LTR/ERVL-MaLR	2162	-	176	108279470	58459
chr3	108221011	108421011	harbor2	chr3	108304238	108304594	LTR/ERVL-MaLR	661	-	178	108304416	83405
chr3	107992147	108192147	harbor2	chr3	108002216	108002433	LTR/ERVL-MaLR	950	-	108	108002324	10177
chr3	107992147	108192147	harbor2	chr3	108019217	108019638	LTR/ERVL-MaLR	1076	-	210	108019427	27280
chr3	107992147	108192147	harbor2	chr3	108031624	108031984	LTR/ERVL-MaLR	1523	-	180	108031804	39657
chr3	188076829	188276829	harbor2	chr3	188091685	188092087	LTR/ERVL-MaLR	1511	-	201	188091886	15057
chr3	188076829	188276829	harbor2	chr3	188112400	188112885	LTR/ERVL-MaLR	1651	-	242	188112642	35813
chr3	188076829	188276829	harbor2	chr3	188131291	188131409	LTR/ERVL-MaLR	2354	-	59	188131350	54521
chr3	188076829	188276829	harbor2	chr3	188131691	188132047	LTR/ERVL-MaLR	2354	-	178	188131869	55040
chr3	188076829	188276829	harbor2	chr3	188132287	188132780	LTR/ERVL-MaLR	1057	-	246	188132533	55704
chr3	188076829	188276829	harbor2	chr3	188148663	188149037	LTR/ERVL-MaLR	2427	-	187	188148850	72021
chr3	146094434	146294434	harbor2	chr3	146169982	146170225	LTR/ERVL-MaLR	558	-	122	146170104	75670
chr3	146094434	146294434	harbor2	chr3	146177496	146178027	LTR/ERVL-MaLR	1360	-	266	146177762	83328
chr3	146094434	146294434	harbor2	chr3	146185610	146185922	LTR/ERVL-MaLR	552	-	156	146185766	91332
chr3	114250815	114450815	harbor2	chr3	114273332	114273483	LTR/ERVL-MaLR	984	-	76	114273408	22593
chr3	114250815	114450815	harbor2	chr3	114276321	114276715	LTR/ERVL-MaLR	2081	-	197	114276518	25703
chr3	114250815	114450815	harbor2	chr3	114286942	114287298	LTR/ERVL-MaLR	1721	-	178	114287120	36305
chr3	114250815	114450815	harbor2	chr3	114300581	114300965	LTR/ERVL-MaLR	1760	-	192	114300773	49958
chr3	161134786	161334786	harbor2	chr3	161143581	161143944	LTR/ERVL-MaLR	2117	-	182	161143763	8977
chr3	161134786	161334786	harbor2	chr3	161152083	161152454	LTR/ERVL-MaLR	2032	-	186	161152269	17483
chr3	161134786	161334786	harbor2	chr3	161163266	161163705	LTR/ERVL-MaLR	791	-	220	161163486	28700
chr3	161134786	161334786	harbor2	chr3	161173247	161173283	LTR/ERVL-MaLR	1119	-	18	161173265	38479
chr3	161134786	161334786	harbor2	chr3	161173591	161173933	LTR/ERVL-MaLR	1119	-	171	161173762	38976
chr3	107996454	108196454	harbor2	chr3	108002216	108002433	LTR/ERVL-MaLR	950	-	108	108002324	5870
chr3	107996454	108196454	harbor2	chr3	108019217	108019638	LTR/ERVL-MaLR	1076	-	210	108019427	22973
chr3	107996454	108196454	harbor2	chr3	108031624	108031984	LTR/ERVL-MaLR	1523	-	180	108031804	35350
chr3	138397969	138597969	harbor2	chr3	138406400	138406667	LTR/ERVL-MaLR	922	-	134	138406534	8565
chr3	138397969	138597969	harbor2	chr3	138431502	138431936	LTR/ERVL-MaLR	1683	-	217	138431719	33750
chr3	138397969	138597969	harbor2	chr3	138436151	138436482	LTR/ERVL-MaLR	1653	-	166	138436317	38348
chr3	138397969	138597969	harbor2	chr3	138466699	138467075	LTR/ERVL-MaLR	1925	-	188	138466887	68918
chr3	124532884	124732884	harbor2	chr3	124535712	124536187	LTR/ERVL-MaLR	721	-	238	124535950	3066
chr3	124532884	124732884	harbor2	chr3	124542009	124542187	LTR/ERVL-MaLR	573	-	89	124542098	9214
chr3	124532884	124732884	harbor2	chr3	124542793	124543304	LTR/ERVL-MaLR	2577	-	256	124543049	10165
chr3	124532884	124732884	harbor2	chr3	124543601	124543627	LTR/ERVL-MaLR	2577	-	13	124543614	10730
chr3	124532884	124732884	harbor2	chr3	124575483	124575972	LTR/ERVL-MaLR	1811	-	244	124575727	42843
chr3	124532884	124732884	harbor2	chr3	124579538	124580056	LTR/ERVL-MaLR	1254	-	259	124579797	46913
chr3	107992858	108192858	harbor2	chr3	108002216	108002433	LTR/ERVL-MaLR	950	-	108	108002324	9466
chr3	107992858	108192858	harbor2	chr3	108019217	108019638	LTR/ERVL-MaLR	1076	-	210	108019427	26569
chr3	107992858	108192858	harbor2	chr3	108031624	108031984	LTR/ERVL-MaLR	1523	-	180	108031804	38946
chr3	43899808	44099808	harbor2	chr3	43900174	43900328	LTR/ERVL-MaLR	593	-	77	43900251	443
chr3	43899808	44099808	harbor2	chr3	43912973	43913438	LTR/ERVL-MaLR	567	-	232	43913205	13397
chr3	43899808	44099808	harbor2	chr3	43925550	43925670	LTR/ERVL-MaLR	412	-	60	43925610	25802
chr3	43899808	44099808	harbor2	chr3	43950565	43951040	LTR/ERVL-MaLR	1174	-	238	43950803	50995
chr3	43899808	44099808	harbor2	chr3	43954115	43954332	LTR/ERVL-MaLR	553	-	108	43954223	54415
chr3	43899808	44099808	harbor2	chr3	43969764	43970070	LTR/ERVL-MaLR	416	-	153	43969917	70109
chr3	43899808	44099808	harbor2	chr3	43975650	43976176	LTR/ERVL-MaLR	1949	-	263	43975913	76105
chr3	107999835	108199835	harbor2	chr3	108002216	108002433	LTR/ERVL-MaLR	950	-	108	108002324	2489
chr3	107999835	108199835	harbor2	chr3	108019217	108019638	LTR/ERVL-MaLR	1076	-	210	108019427	19592
chr3	107999835	108199835	harbor2	chr3	108031624	108031984	LTR/ERVL-MaLR	1523	-	180	108031804	31969
chr3	107999835	108199835	harbor2	chr3	108097017	108097620	LTR/ERVL-MaLR	2355	-	302	108097319	97484
chr3	107999835	108199835	harbor2	chr3	108098482	108098850	LTR/ERVL-MaLR	773	-	184	108098666	98831
chr3	126604196	126804196	harbor2	chr3	126604549	126605091	LTR/ERVL-MaLR	1837	-	271	126604820	624
chr3	126604196	126804196	harbor2	chr3	126652020	126652434	LTR/ERVL-MaLR	2899	-	207	126652227	48031
chr3	126604196	126804196	harbor2	chr3	126671314	126671811	LTR/ERVL-MaLR	1326	-	248	126671562	67366
chr3	126604196	126804196	harbor2	chr3	126677192	126677646	LTR/ERVL-MaLR	1028	-	227	126677419	73223
chr3	126604196	126804196	harbor2	chr3	126686844	126687202	LTR/ERVL-MaLR	2130	-	179	126687023	82827
chr3	125918450	126118450	harbor2	chr3	125950108	125950621	LTR/ERVL-MaLR	2263	-	256	125950364	31914
chr3	125918450	126118450	harbor2	chr3	125980340	125980690	LTR/ERVL-MaLR	1428	-	175	125980515	62065
chr3	196187651	196387651	harbor2	chr3	196230242	196230510	LTR/ERVL-MaLR	1733	-	134	196230376	42725
chr3	196187651	196387651	harbor2	chr3	196230780	196230955	LTR/ERVL-MaLR	1733	-	88	196230868	43217
chr3	108004843	108204843	harbor2	chr3	108019217	108019638	LTR/ERVL-MaLR	1076	-	210	108019427	14584
chr3	108004843	108204843	harbor2	chr3	108031624	108031984	LTR/ERVL-MaLR	1523	-	180	108031804	26961
chr3	108004843	108204843	harbor2	chr3	108097017	108097620	LTR/ERVL-MaLR	2355	-	302	108097319	92476
chr3	108004843	108204843	harbor2	chr3	108098482	108098850	LTR/ERVL-MaLR	773	-	184	108098666	93823
chr3	108004843	108204843	harbor2	chr3	108101634	108101997	LTR/ERVL-MaLR	2120	-	182	108101816	96973
chr3	187836138	188036138	harbor2	chr3	187900488	187900935	LTR/ERVL-MaLR	1311	-	224	187900712	64574
chr3	187836138	188036138	harbor2	chr3	187903826	187904189	LTR/ERVL-MaLR	1147	-	182	187904008	67870
chr3	108001583	108201583	harbor2	chr3	108002216	108002433	LTR/ERVL-MaLR	950	-	108	108002324	741
chr3	108001583	108201583	harbor2	chr3	108019217	108019638	LTR/ERVL-MaLR	1076	-	210	108019427	17844
chr3	108001583	108201583	harbor2	chr3	108031624	108031984	LTR/ERVL-MaLR	1523	-	180	108031804	30221
chr3	108001583	108201583	harbor2	chr3	108097017	108097620	LTR/ERVL-MaLR	2355	-	302	108097319	95736
chr3	108001583	108201583	harbor2	chr3	108098482	108098850	LTR/ERVL-MaLR	773	-	184	108098666	97083
chr3	49543837	49743837	harbor2	chr3	49567687	49568224	LTR/ERVL-MaLR	1319	-	268	49567955	24118
chr3	49543837	49743837	harbor2	chr3	49641152	49641460	LTR/ERVL-MaLR	518	-	154	49641306	97469
chr3	43899990	44099990	harbor2	chr3	43900174	43900328	LTR/ERVL-MaLR	593	-	77	43900251	261
chr3	43899990	44099990	harbor2	chr3	43912973	43913438	LTR/ERVL-MaLR	567	-	232	43913205	13215
chr3	43899990	44099990	harbor2	chr3	43925550	43925670	LTR/ERVL-MaLR	412	-	60	43925610	25620
chr3	43899990	44099990	harbor2	chr3	43950565	43951040	LTR/ERVL-MaLR	1174	-	238	43950803	50813
chr3	43899990	44099990	harbor2	chr3	43954115	43954332	LTR/ERVL-MaLR	553	-	108	43954223	54233
chr3	43899990	44099990	harbor2	chr3	43969764	43970070	LTR/ERVL-MaLR	416	-	153	43969917	69927
chr3	43899990	44099990	harbor2	chr3	43975650	43976176	LTR/ERVL-MaLR	1949	-	263	43975913	75923
chr3	49589473	49789473	harbor2	chr3	49641152	49641460	LTR/ERVL-MaLR	518	-	154	49641306	51833
chr3	123360102	123560102	harbor2	chr3	123418337	123418769	LTR/ERVL-MaLR	2532	-	216	123418553	58451
chr3	123360102	123560102	harbor2	chr3	123420724	123421157	LTR/ERVL-MaLR	2012	-	216	123420940	60838
chr3	49562905	49762905	harbor2	chr3	49567687	49568224	LTR/ERVL-MaLR	1319	-	268	49567955	5050
chr3	49562905	49762905	harbor2	chr3	49641152	49641460	LTR/ERVL-MaLR	518	-	154	49641306	78401
chr3	186683597	186883597	harbor2	chr3	186683236	186684373	LTR/ERVL-MaLR	11422	-	568	186683804	207
chr3	186683597	186883597	harbor2	chr3	186684631	186684662	LTR/ERVL-MaLR	11422	-	16	186684647	1050
chr3	186683597	186883597	harbor2	chr3	186684972	186685356	LTR/ERVL-MaLR	11422	-	192	186685164	1567
chr3	186683597	186883597	harbor2	chr3	186685357	186685700	LTR/ERVL-MaLR	1949	-	172	186685529	1932
chr3	186683597	186883597	harbor2	chr3	186694638	186694981	LTR/ERVL-MaLR	1311	-	172	186694810	11213
chr3	186683597	186883597	harbor2	chr3	186710719	186711096	LTR/ERVL-MaLR	1421	-	188	186710907	27310
chr3	52096181	52296181	harbor2	chr3	52102240	52102676	LTR/ERVL-MaLR	1137	-	218	52102458	6277
chr3	52096181	52296181	harbor2	chr3	52126582	52126959	LTR/ERVL-MaLR	1928	-	188	52126770	30589
chr3	52096181	52296181	harbor2	chr3	52179217	52179425	LTR/ERVL-MaLR	895	-	104	52179321	83140
chr3	196967075	197167075	harbor2	chr3	196991062	196991403	LTR/ERVL-MaLR	2249	-	170	196991232	24157
chr3	23714640	23914640	harbor2	chr3	23716478	23716516	LTR/ERVL-MaLR	1616	-	19	23716497	1857
chr3	23714640	23914640	harbor2	chr3	23716768	23717046	LTR/ERVL-MaLR	1616	-	139	23716907	2267
chr3	23714640	23914640	harbor2	chr3	23717352	23717387	LTR/ERVL-MaLR	1616	-	18	23717370	2730
chr3	23714640	23914640	harbor2	chr3	23723435	23723522	LTR/ERVL-MaLR	728	-	44	23723479	8839
chr3	23714640	23914640	harbor2	chr3	23724771	23725087	LTR/ERVL-MaLR	1504	-	158	23724929	10289
chr3	23714640	23914640	harbor2	chr3	23731142	23731530	LTR/ERVL-MaLR	814	-	194	23731336	16696
chr3	23714640	23914640	harbor2	chr3	23749752	23750045	LTR/ERVL-MaLR	1718	-	146	23749898	35258
chr3	23714640	23914640	harbor2	chr3	23780391	23780485	LTR/ERVL-MaLR	503	-	47	23780438	65798
chr3	23714640	23914640	harbor2	chr3	23723823	23724199	LTR/ERVL-MaLR	728	-	188	23724011	9371
chr3	39007400	39207400	harbor2	chr3	39028533	39028977	LTR/ERVL-MaLR	1625	-	222	39028755	21355
chr3	39007400	39207400	harbor2	chr3	39038118	39038281	LTR/ERVL-MaLR	937	-	82	39038200	30800
chr3	39007400	39207400	harbor2	chr3	39054683	39054817	LTR/ERVL-MaLR	894	-	67	39054750	47350
chr3	128635373	128835373	harbor2	chr3	128656329	128656621	LTR/ERVL-MaLR	1121	-	146	128656475	21102
chr3	128635373	128835373	harbor2	chr3	128684963	128685420	LTR/ERVL-MaLR	507	-	228	128685191	49818
chr3	128635373	128835373	harbor2	chr3	128712868	128713261	LTR/ERVL-MaLR	2339	-	196	128713064	77691
chr3	128635373	128835373	harbor2	chr3	128723415	128723932	LTR/ERVL-MaLR	1720	-	258	128723673	88300
chr3	128635373	128835373	harbor2	chr3	128733460	128733839	LTR/ERVL-MaLR	2131	-	190	128733650	98277
chr3	185965616	186165616	harbor2	chr3	185965608	185965967	LTR/ERVL-MaLR	2231	-	180	185965788	172
chr3	185965616	186165616	harbor2	chr3	186029984	186030458	LTR/ERVL-MaLR	1909	-	237	186030221	64605
chr3	126430170	126630170	harbor2	chr3	126478344	126478482	LTR/ERVL-MaLR	517	-	69	126478413	48243
chr3	126430170	126630170	harbor2	chr3	126527444	126527672	LTR/ERVL-MaLR	665	-	114	126527558	97388
chr3	23847281	24047281	harbor2	chr3	23865006	23865334	LTR/ERVL-MaLR	1580	-	164	23865170	17889
chr3	23847281	24047281	harbor2	chr3	23869884	23870431	LTR/ERVL-MaLR	435	-	274	23870158	22877
chr3	23847281	24047281	harbor2	chr3	23884983	23885339	LTR/ERVL-MaLR	1740	-	178	23885161	37880
chr3	23847281	24047281	harbor2	chr3	23924839	23925171	LTR/ERVL-MaLR	756	-	166	23925005	77724
chr3	23847281	24047281	harbor2	chr3	23933735	23934091	LTR/ERVL-MaLR	1623	-	178	23933913	86632
chr3	23847281	24047281	harbor2	chr3	23904212	23904635	LTR/ERVL-MaLR	2171	-	212	23904424	57143
chr3	128380700	128580700	harbor2	chr3	128386568	128386964	LTR/ERVL-MaLR	2387	-	198	128386766	6066
chr3	128380700	128580700	harbor2	chr3	128444272	128444480	LTR/ERVL-MaLR	734	-	104	128444376	63676
chr3	128380700	128580700	harbor2	chr3	128447557	128448032	LTR/ERVL-MaLR	1939	-	238	128447795	67095
chr3	123351261	123551261	harbor2	chr3	123418337	123418769	LTR/ERVL-MaLR	2532	-	216	123418553	67292
chr3	123351261	123551261	harbor2	chr3	123420724	123421157	LTR/ERVL-MaLR	2012	-	216	123420940	69679
chr3	138336888	138536888	harbor2	chr3	138337739	138338161	LTR/ERVL-MaLR	2414	-	211	138337950	1062
chr3	138336888	138536888	harbor2	chr3	138343508	138343842	LTR/ERVL-MaLR	1166	-	167	138343675	6787
chr3	138336888	138536888	harbor2	chr3	138406400	138406667	LTR/ERVL-MaLR	922	-	134	138406534	69646
chr3	138336888	138536888	harbor2	chr3	138431502	138431936	LTR/ERVL-MaLR	1683	-	217	138431719	94831
chr3	138336888	138536888	harbor2	chr3	138436151	138436482	LTR/ERVL-MaLR	1653	-	166	138436317	99429
chr3	127581228	127781228	harbor2	chr3	127592118	127592288	LTR/ERVL-MaLR	494	-	85	127592203	10975
chr3	127581228	127781228	harbor2	chr3	127613738	127614113	LTR/ERVL-MaLR	1844	-	188	127613926	32698
chr3	127581228	127781228	harbor2	chr3	127635773	127636177	LTR/ERVL-MaLR	1475	-	202	127635975	54747
chr3	113686514	113886514	harbor2	chr3	113732398	113732775	LTR/ERVL-MaLR	1005	-	188	113732586	46072
chr3	113686514	113886514	harbor2	chr3	113766083	113766294	LTR/ERVL-MaLR	1410	-	106	113766189	79675
chr3	113686514	113886514	harbor2	chr3	113766594	113766746	LTR/ERVL-MaLR	1410	-	76	113766670	80156
chr3	113686514	113886514	harbor2	chr3	113768402	113768592	LTR/ERVL-MaLR	653	-	95	113768497	81983
chr3	113686514	113886514	harbor2	chr3	113768888	113769031	LTR/ERVL-MaLR	653	-	72	113768960	82446
chr3	179843714	180043714	harbor2	chr3	179851166	179851505	LTR/ERVL-MaLR	1732	-	170	179851336	7622
chr3	179843714	180043714	harbor2	chr3	179852034	179852528	LTR/ERVL-MaLR	1175	-	247	179852281	8567
chr3	179843714	180043714	harbor2	chr3	179861937	179862286	LTR/ERVL-MaLR	912	-	174	179862111	18397
chr3	192260032	192460032	harbor2	chr3	192281076	192281516	LTR/ERVL-MaLR	1773	-	220	192281296	21264
chr3	192260032	192460032	harbor2	chr3	192293770	192293938	LTR/ERVL-MaLR	649	-	84	192293854	33822
chr3	192260032	192460032	harbor2	chr3	192294274	192294461	LTR/ERVL-MaLR	907	-	94	192294368	34336
chr3	192260032	192460032	harbor2	chr3	192298394	192298468	LTR/ERVL-MaLR	1945	-	37	192298431	38399
chr3	192260032	192460032	harbor2	chr3	192298757	192299116	LTR/ERVL-MaLR	1945	-	180	192298937	38905
chr3	107992957	108192957	harbor2	chr3	108002216	108002433	LTR/ERVL-MaLR	950	-	108	108002324	9367
chr3	107992957	108192957	harbor2	chr3	108019217	108019638	LTR/ERVL-MaLR	1076	-	210	108019427	26470
chr3	107992957	108192957	harbor2	chr3	108031624	108031984	LTR/ERVL-MaLR	1523	-	180	108031804	38847
chr3	52945858	53145858	harbor2	chr3	52952487	52952842	LTR/ERVL-MaLR	1817	-	178	52952665	6807
chr3	52945858	53145858	harbor2	chr3	52979485	52979620	LTR/ERVL-MaLR	540	-	68	52979553	33695
chr3	127620114	127820114	harbor2	chr3	127635773	127636177	LTR/ERVL-MaLR	1475	-	202	127635975	15861
chr3	128329278	128529278	harbor2	chr3	128339712	128340071	LTR/ERVL-MaLR	2177	-	180	128339892	10614
chr3	128329278	128529278	harbor2	chr3	128366876	128367259	LTR/ERVL-MaLR	2268	-	192	128367068	37790
chr3	128329278	128529278	harbor2	chr3	128386568	128386964	LTR/ERVL-MaLR	2387	-	198	128386766	57488
chr3	128329452	128529452	harbor2	chr3	128339712	128340071	LTR/ERVL-MaLR	2177	-	180	128339892	10440
chr3	128329452	128529452	harbor2	chr3	128366876	128367259	LTR/ERVL-MaLR	2268	-	192	128367068	37616
chr3	128329452	128529452	harbor2	chr3	128386568	128386964	LTR/ERVL-MaLR	2387	-	198	128386766	57314
chr3	123781375	123981375	harbor2	chr3	123858387	123858829	LTR/ERVL-MaLR	2218	-	221	123858608	77233
chr3	112250274	112450274	harbor2	chr3	112258348	112258426	LTR/ERVL-MaLR	2021	-	39	112258387	8113
chr3	112250274	112450274	harbor2	chr3	112258760	112259101	LTR/ERVL-MaLR	2021	-	170	112258930	8656
chr3	112250274	112450274	harbor2	chr3	112314028	112314402	LTR/ERVL-MaLR	2264	-	187	112314215	63941
chr3	128745391	128945391	harbor2	chr3	128753512	128753804	LTR/ERVL-MaLR	1459	-	146	128753658	8267
chr3	128745391	128945391	harbor2	chr3	128753927	128754002	LTR/ERVL-MaLR	487	-	38	128753965	8574
chr3	128745391	128945391	harbor2	chr3	128765470	128765757	LTR/ERVL-MaLR	1571	-	144	128765614	20223
chr3	128745391	128945391	harbor2	chr3	128766062	128766146	LTR/ERVL-MaLR	1571	-	42	128766104	20713
chr3	128745391	128945391	harbor2	chr3	128810400	128810772	LTR/ERVL-MaLR	1130	-	186	128810586	65195
chr3	128745391	128945391	harbor2	chr3	128818949	128819327	LTR/ERVL-MaLR	1595	-	189	128819138	73747
chr3	128745391	128945391	harbor2	chr3	128842394	128842566	LTR/ERVL-MaLR	1137	-	86	128842480	97089
chr3	54754036	54954036	harbor2	chr3	54774193	54774589	LTR/ERVL-MaLR	2121	-	198	54774391	20355
chr3	54754036	54954036	harbor2	chr3	54778053	54778304	LTR/ERVL-MaLR	968	-	126	54778179	24143
chr3	54754036	54954036	harbor2	chr3	54792390	54792970	LTR/ERVL-MaLR	1845	-	290	54792680	38644
chr3	54754036	54954036	harbor2	chr3	54837536	54837974	LTR/ERVL-MaLR	1640	-	219	54837755	83719
chr3	54754036	54954036	harbor2	chr3	54771273	54771864	LTR/ERVL-MaLR	1669	-	296	54771569	17533
chr3	49137838	49337838	harbor2	chr3	49203958	49204274	LTR/ERVL-MaLR	993	-	158	49204116	66278
chr3	49137838	49337838	harbor2	chr3	49234479	49234658	LTR/ERVL-MaLR	717	-	90	49234569	96731
chr3	150314573	150514573	harbor2	chr3	150334472	150334836	LTR/ERVL-MaLR	1204	-	182	150334654	20081
chr3	150314573	150514573	harbor2	chr3	150342632	150343122	LTR/ERVL-MaLR	2170	-	245	150342877	28304
chr3	150314573	150514573	harbor2	chr3	150354638	150355022	LTR/ERVL-MaLR	1392	-	192	150354830	40257
chr3	150314573	150514573	harbor2	chr3	150365141	150365689	LTR/ERVL-MaLR	2439	-	274	150365415	50842
chr3	150314573	150514573	harbor2	chr3	150367777	150368319	LTR/ERVL-MaLR	2038	-	271	150368048	53475
chr3	122418615	122618615	harbor2	chr3	122504139	122504490	LTR/ERVL-MaLR	2046	-	176	122504315	85700
chr3	138088132	138288132	harbor2	chr3	138117275	138117639	LTR/ERVL-MaLR	2186	-	182	138117457	29325
chr3	138088132	138288132	harbor2	chr3	138128249	138128664	LTR/ERVL-MaLR	2567	-	208	138128457	40325
chr3	138088132	138288132	harbor2	chr3	138153601	138153998	LTR/ERVL-MaLR	2065	-	198	138153799	65667
chr3	49195670	49395670	harbor2	chr3	49203958	49204274	LTR/ERVL-MaLR	993	-	158	49204116	8446
chr3	49195670	49395670	harbor2	chr3	49234479	49234658	LTR/ERVL-MaLR	717	-	90	49234569	38899
chr3	51841955	52041955	harbor2	chr3	51879504	51879977	LTR/ERVL-MaLR	1729	-	236	51879740	37785
chr3	51841955	52041955	harbor2	chr3	51883728	51884149	LTR/ERVL-MaLR	2706	-	210	51883938	41983
chr3	196218335	196418335	harbor2	chr3	196230242	196230510	LTR/ERVL-MaLR	1733	-	134	196230376	12041
chr3	196218335	196418335	harbor2	chr3	196230780	196230955	LTR/ERVL-MaLR	1733	-	88	196230868	12533
chr3	119612088	119812088	harbor2	chr3	119624048	119624436	LTR/ERVL-MaLR	1834	-	194	119624242	12154
chr3	119612088	119812088	harbor2	chr3	119681730	119682091	LTR/ERVL-MaLR	2247	-	180	119681910	69822
chr3	119612088	119812088	harbor2	chr3	119682871	119682892	LTR/ERVL-MaLR	1242	-	10	119682881	70793
chr3	119612088	119812088	harbor2	chr3	119683274	119683802	LTR/ERVL-MaLR	1242	-	264	119683538	71450
chr3	119612088	119812088	harbor2	chr3	119685743	119686122	LTR/ERVL-MaLR	2040	-	190	119685933	73845
chr3	119612088	119812088	harbor2	chr3	119686123	119687698	LTR/ERVL-MaLR	11672	-	788	119686911	74823
chr3	119612088	119812088	harbor2	chr3	119687699	119688074	LTR/ERVL-MaLR	2038	-	188	119687887	75799
chr3	119612088	119812088	harbor2	chr3	119710207	119710589	LTR/ERVL-MaLR	1330	-	191	119710398	98310
chr3	197860204	198060204	harbor2	chr3	197896544	197896852	LTR/ERVL-MaLR	1335	-	154	197896698	36494
chr3	197860204	198060204	harbor2	chr3	197896930	197896999	LTR/ERVL-MaLR	408	-	34	197896964	36760
chr3	197860204	198060204	harbor2	chr3	197898528	197898859	LTR/ERVL-MaLR	2107	-	166	197898694	38490
chr3	47725663	47925663	harbor2	chr3	47811527	47811777	LTR/ERVL-MaLR	1435	-	125	47811652	85989
chr3	47725663	47925663	harbor2	chr3	47812572	47812658	LTR/ERVL-MaLR	407	-	43	47812615	86952
chr3	47725663	47925663	harbor2	chr3	47812955	47813020	LTR/ERVL-MaLR	407	-	32	47812987	87324
chr3	47725663	47925663	harbor2	chr3	47822312	47822505	LTR/ERVL-MaLR	1930	-	96	47822408	96745
chr3	47725663	47925663	harbor2	chr3	47823123	47823304	LTR/ERVL-MaLR	1930	-	90	47823213	97550
chr3	197860166	198060166	harbor2	chr3	197896544	197896852	LTR/ERVL-MaLR	1335	-	154	197896698	36532
chr3	197860166	198060166	harbor2	chr3	197896930	197896999	LTR/ERVL-MaLR	408	-	34	197896964	36798
chr3	197860166	198060166	harbor2	chr3	197898528	197898859	LTR/ERVL-MaLR	2107	-	166	197898694	38528
chr3	156989190	157189190	harbor2	chr3	157003349	157003771	LTR/ERVL-MaLR	2007	-	211	157003560	14370
chr3	156989190	157189190	harbor2	chr3	157029959	157030350	LTR/ERVL-MaLR	2485	-	196	157030155	40965
chr3	156989190	157189190	harbor2	chr3	157030570	157031125	LTR/ERVL-MaLR	2699	-	278	157030848	41658
chr3	156989190	157189190	harbor2	chr3	157074906	157075348	LTR/ERVL-MaLR	2348	-	221	157075127	85937
chr3	156989190	157189190	harbor2	chr3	157085723	157086193	LTR/ERVL-MaLR	2028	-	235	157085958	96768
chr3	50517057	50717057	harbor2	chr3	50519360	50519736	LTR/ERVL-MaLR	926	-	188	50519548	2491
chr3	30593678	30793678	harbor2	chr3	30600042	30600298	LTR/ERVL-MaLR	567	-	128	30600170	6492
chr3	30593678	30793678	harbor2	chr3	30600602	30600620	LTR/ERVL-MaLR	567	-	9	30600611	6933
chr3	30593678	30793678	harbor2	chr3	30600754	30600901	LTR/ERVL-MaLR	567	-	74	30600828	7150
chr3	63339864	63539864	harbor2	chr3	63352640	63353002	LTR/ERVL-MaLR	2593	-	181	63352821	12957
chr3	63339864	63539864	harbor2	chr3	63358156	63358604	LTR/ERVL-MaLR	2287	-	224	63358380	18516
chr3	63339864	63539864	harbor2	chr3	63399436	63399681	LTR/ERVL-MaLR	1119	-	122	63399558	59694
chr3	63339864	63539864	harbor2	chr3	63400218	63400762	LTR/ERVL-MaLR	2226	-	272	63400490	60626
chr3	63339864	63539864	harbor2	chr3	63416591	63416935	LTR/ERVL-MaLR	2232	-	172	63416763	76899
chr3	63339864	63539864	harbor2	chr3	63416940	63418511	LTR/ERVL-MaLR	11686	-	786	63417726	77862
chr3	63339864	63539864	harbor2	chr3	63418512	63418855	LTR/ERVL-MaLR	2012	-	172	63418684	78820
chr3	63339864	63539864	harbor2	chr3	63421582	63422184	LTR/ERVL-MaLR	2722	-	301	63421883	82019
chr3	63339864	63539864	harbor2	chr3	63428501	63429022	LTR/ERVL-MaLR	1170	-	260	63428761	88897
chr3	63339864	63539864	harbor2	chr3	63389375	63389722	LTR/ERVL-MaLR	721	-	174	63389549	49685
chr3	53396060	53596060	harbor2	chr3	53455419	53455953	LTR/ERVL-MaLR	1599	-	267	53455686	59626
chr3	53396060	53596060	harbor2	chr3	53462606	53463078	LTR/ERVL-MaLR	965	-	236	53462842	66782
chr3	182582472	182782472	harbor2	chr3	182588398	182588630	LTR/ERVL-MaLR	1030	-	116	182588514	6042
chr3	182582472	182782472	harbor2	chr3	182657170	182657531	LTR/ERVL-MaLR	1610	-	180	182657350	74878
chr3	108032373	108232373	harbor2	chr3	108097017	108097620	LTR/ERVL-MaLR	2355	-	302	108097319	64946
chr3	108032373	108232373	harbor2	chr3	108098482	108098850	LTR/ERVL-MaLR	773	-	184	108098666	66293
chr3	108032373	108232373	harbor2	chr3	108101634	108101997	LTR/ERVL-MaLR	2120	-	182	108101816	69443
chr3	108032373	108232373	harbor2	chr3	108105774	108106217	LTR/ERVL-MaLR	2614	-	222	108105996	73623
chr3	108032373	108232373	harbor2	chr3	108111443	108111789	LTR/ERVL-MaLR	1454	-	173	108111616	79243
chr3	108032373	108232373	harbor2	chr3	108124736	108124858	LTR/ERVL-MaLR	1253	-	61	108124797	92424
chr3	108032373	108232373	harbor2	chr3	108125223	108125442	LTR/ERVL-MaLR	1253	-	110	108125333	92960
chr3	108032373	108232373	harbor2	chr3	108128503	108128870	LTR/ERVL-MaLR	1889	-	184	108128687	96314
chr3	186106731	186306731	harbor2	chr3	186172860	186173264	LTR/ERVL-MaLR	1982	-	202	186173062	66331
chr3	197860186	198060186	harbor2	chr3	197896544	197896852	LTR/ERVL-MaLR	1335	-	154	197896698	36512
chr3	197860186	198060186	harbor2	chr3	197896930	197896999	LTR/ERVL-MaLR	408	-	34	197896964	36778
chr3	197860186	198060186	harbor2	chr3	197898528	197898859	LTR/ERVL-MaLR	2107	-	166	197898694	38508
chr3	102709889	102909889	harbor2	chr3	102730740	102731181	LTR/ERVL-MaLR	2248	-	220	102730960	21071
chr3	102709889	102909889	harbor2	chr3	102796649	102797264	LTR/ERVL-MaLR	1925	-	308	102796957	87068
chr3	102709889	102909889	harbor2	chr3	102799065	102799193	LTR/ERVL-MaLR	1610	-	64	102799129	89240
chr3	102709889	102909889	harbor2	chr3	102799194	102799575	LTR/ERVL-MaLR	1963	-	190	102799384	89495
chr3	102709889	102909889	harbor2	chr3	102799576	102799828	LTR/ERVL-MaLR	1610	-	126	102799702	89813
chr3	102709889	102909889	harbor2	chr3	102744022	102744536	LTR/ERVL-MaLR	2024	-	257	102744279	34390
chr3	50442364	50642364	harbor2	chr3	50519360	50519736	LTR/ERVL-MaLR	926	-	188	50519548	77184
chr3	157035633	157235633	harbor2	chr3	157074906	157075348	LTR/ERVL-MaLR	2348	-	221	157075127	39494
chr3	157035633	157235633	harbor2	chr3	157085723	157086193	LTR/ERVL-MaLR	2028	-	235	157085958	50325
chr3	157035633	157235633	harbor2	chr3	157093255	157093515	LTR/ERVL-MaLR	516	-	130	157093385	57752
chr3	157035633	157235633	harbor2	chr3	157111797	157112036	LTR/ERVL-MaLR	514	-	120	157111917	76284
chr3	157035633	157235633	harbor2	chr3	157122797	157123135	LTR/ERVL-MaLR	1434	-	169	157122966	87333
chr3	157035633	157235633	harbor2	chr3	157127529	157127915	LTR/ERVL-MaLR	1852	-	193	157127722	92089
chr3	123544853	123744853	harbor2	chr3	123572869	123573081	LTR/ERVL-MaLR	499	-	106	123572975	28122
chr3	123544853	123744853	harbor2	chr3	123590291	123591868	LTR/ERVL-MaLR	11670	-	788	123591079	46226
chr3	123544853	123744853	harbor2	chr3	123591869	123591995	LTR/ERVL-MaLR	2289	-	63	123591932	47079
chr3	123544853	123744853	harbor2	chr3	123592348	123592592	LTR/ERVL-MaLR	2289	-	122	123592470	47617
chr3	123544853	123744853	harbor2	chr3	123595369	123595485	LTR/ERVL-MaLR	417	-	58	123595427	50574
chr3	123544853	123744853	harbor2	chr3	123610317	123610614	LTR/ERVL-MaLR	764	-	148	123610465	65612
chr3	49622391	49822391	harbor2	chr3	49641152	49641460	LTR/ERVL-MaLR	518	-	154	49641306	18915
chr3	46800653	47000653	harbor2	chr3	46821918	46822283	LTR/ERVL-MaLR	2373	-	182	46822100	21447
chr3	46800653	47000653	harbor2	chr3	46822284	46822342	LTR/ERVL-MaLR	12758	-	29	46822313	21660
chr3	46800653	47000653	harbor2	chr3	46822657	46824230	LTR/ERVL-MaLR	12758	-	786	46823443	22790
chr3	46800653	47000653	harbor2	chr3	46824231	46824599	LTR/ERVL-MaLR	2190	-	184	46824415	23762
chr3	157569498	157769498	harbor2	chr3	157643672	157644087	LTR/ERVL-MaLR	2825	-	208	157643880	74382
chr3	157569498	157769498	harbor2	chr3	157645622	157645919	LTR/ERVL-MaLR	458	-	148	157645770	76272
chr3	157569498	157769498	harbor2	chr3	157648734	157649112	LTR/ERVL-MaLR	425	-	189	157648923	79425
chr3	157569498	157769498	harbor2	chr3	157654505	157654864	LTR/ERVL-MaLR	2065	-	180	157654685	85187
chr3	157569498	157769498	harbor2	chr3	157613873	157614193	LTR/ERVL-MaLR	1263	-	160	157614033	44535
chr3	172010482	172210482	harbor2	chr3	172032924	172033173	LTR/ERVL-MaLR	1994	-	124	172033048	22566
chr3	172010482	172210482	harbor2	chr3	172033211	172033351	LTR/ERVL-MaLR	1994	-	70	172033281	22799
chr3	172010482	172210482	harbor2	chr3	172033377	172033808	LTR/ERVL-MaLR	2576	-	216	172033593	23111
chr3	172010482	172210482	harbor2	chr3	172034696	172035091	LTR/ERVL-MaLR	2450	-	198	172034894	24412
chr3	122886039	123086039	harbor2	chr3	122961783	122962209	LTR/ERVL-MaLR	2008	-	213	122961996	75957
chr3	182693462	182893462	harbor2	chr3	182742052	182742373	LTR/ERVL-MaLR	649	-	160	182742212	48750
chr3	182693462	182893462	harbor2	chr3	182768743	182768965	LTR/ERVL-MaLR	1167	-	111	182768854	75392
chr3	182693462	182893462	harbor2	chr3	182769239	182769362	LTR/ERVL-MaLR	699	-	62	182769301	75839
chr3	74983907	75183907	harbor2	chr3	75013855	75014140	LTR/ERVL-MaLR	1328	-	142	75013997	30090
chr3	74983907	75183907	harbor2	chr3	75014112	75014286	LTR/ERVL-MaLR	461	-	87	75014199	30292
chr3	74983907	75183907	harbor2	chr3	75026832	75027204	LTR/ERVL-MaLR	1025	-	186	75027018	43111
chr3	74983907	75183907	harbor2	chr3	75027405	75027760	LTR/ERVL-MaLR	2278	-	178	75027583	43676
chr3	74983907	75183907	harbor2	chr3	75027761	75028212	LTR/ERVL-MaLR	3851	-	226	75027987	44080
chr3	74983907	75183907	harbor2	chr3	75028253	75028396	LTR/ERVL-MaLR	3851	-	72	75028325	44418
chr3	74983907	75183907	harbor2	chr3	75029311	75029634	LTR/ERVL-MaLR	1403	-	162	75029473	45566
chr3	49623984	49823984	harbor2	chr3	49641152	49641460	LTR/ERVL-MaLR	518	-	154	49641306	17322
chr3	196096820	196296820	harbor2	chr3	196124309	196124394	LTR/ERVL-MaLR	936	-	42	196124351	27531
chr3	196096820	196296820	harbor2	chr3	196124691	196125072	LTR/ERVL-MaLR	936	-	190	196124881	28061
chr3	196096820	196296820	harbor2	chr3	196129663	196129725	LTR/ERVL-MaLR	2076	-	31	196129694	32874
chr3	196096820	196296820	harbor2	chr3	196130024	196130562	LTR/ERVL-MaLR	2076	-	269	196130293	33473
chr3	196096820	196296820	harbor2	chr3	196147984	196148297	LTR/ERVL-MaLR	832	-	156	196148140	51320
chr3	196096820	196296820	harbor2	chr3	196149317	196149449	LTR/ERVL-MaLR	483	-	66	196149383	52563
chr3	196096820	196296820	harbor2	chr3	196151412	196151823	LTR/ERVL-MaLR	1170	-	206	196151618	54798
chr3	107993078	108193078	harbor2	chr3	108002216	108002433	LTR/ERVL-MaLR	950	-	108	108002324	9246
chr3	107993078	108193078	harbor2	chr3	108019217	108019638	LTR/ERVL-MaLR	1076	-	210	108019427	26349
chr3	107993078	108193078	harbor2	chr3	108031624	108031984	LTR/ERVL-MaLR	1523	-	180	108031804	38726
chr3	128333916	128533916	harbor2	chr3	128339712	128340071	LTR/ERVL-MaLR	2177	-	180	128339892	5976
chr3	128333916	128533916	harbor2	chr3	128366876	128367259	LTR/ERVL-MaLR	2268	-	192	128367068	33152
chr3	128333916	128533916	harbor2	chr3	128386568	128386964	LTR/ERVL-MaLR	2387	-	198	128386766	52850
chr3	126257004	126457004	harbor2	chr3	126256767	126257075	LTR/ERVL-MaLR	1299	-	154	126256921	83
chr3	126257004	126457004	harbor2	chr3	126277011	126277381	LTR/ERVL-MaLR	2388	-	185	126277196	20192
chr3	126257004	126457004	harbor2	chr3	126305297	126305647	LTR/ERVL-MaLR	474	-	175	126305472	48468
chr3	126257004	126457004	harbor2	chr3	126309940	126310258	LTR/ERVL-MaLR	928	-	159	126310099	53095
chr3	126257004	126457004	harbor2	chr3	126310496	126310872	LTR/ERVL-MaLR	2085	-	188	126310684	53680
chr3	126257004	126457004	harbor2	chr3	126312689	126312978	LTR/ERVL-MaLR	1406	-	144	126312833	55829
chr3	126257004	126457004	harbor2	chr3	126313387	126313538	LTR/ERVL-MaLR	1406	-	76	126313463	56459
chr3	126257004	126457004	harbor2	chr3	126313715	126313891	LTR/ERVL-MaLR	423	-	88	126313803	56799
chr3	126257004	126457004	harbor2	chr3	126314913	126315314	LTR/ERVL-MaLR	1879	-	200	126315113	58109
chr3	126257004	126457004	harbor2	chr3	126322185	126322653	LTR/ERVL-MaLR	1911	-	234	126322419	65415
chr3	128329153	128529153	harbor2	chr3	128339712	128340071	LTR/ERVL-MaLR	2177	-	180	128339892	10739
chr3	128329153	128529153	harbor2	chr3	128366876	128367259	LTR/ERVL-MaLR	2268	-	192	128367068	37915
chr3	128329153	128529153	harbor2	chr3	128386568	128386964	LTR/ERVL-MaLR	2387	-	198	128386766	57613
chr3	51599424	51799424	harbor2	chr3	51618919	51619049	LTR/ERVL-MaLR	429	-	65	51618984	19560
chr3	51599424	51799424	harbor2	chr3	51619357	51619420	LTR/ERVL-MaLR	429	-	32	51619389	19965
chr3	138337091	138537091	harbor2	chr3	138337739	138338161	LTR/ERVL-MaLR	2414	-	211	138337950	859
chr3	138337091	138537091	harbor2	chr3	138343508	138343842	LTR/ERVL-MaLR	1166	-	167	138343675	6584
chr3	138337091	138537091	harbor2	chr3	138406400	138406667	LTR/ERVL-MaLR	922	-	134	138406534	69443
chr3	138337091	138537091	harbor2	chr3	138431502	138431936	LTR/ERVL-MaLR	1683	-	217	138431719	94628
chr3	138337091	138537091	harbor2	chr3	138436151	138436482	LTR/ERVL-MaLR	1653	-	166	138436317	99226
chr3	189960849	190160849	harbor2	chr3	189976250	189976592	LTR/ERVL-MaLR	2148	-	171	189976421	15572
chr3	189960849	190160849	harbor2	chr3	190023313	190023692	LTR/ERVL-MaLR	2015	-	190	190023503	62654
chr4	2825781	3025781	harbor2	chr4	2854775	2855249	LTR/ERVL-MaLR	1625	-	237	2855012	29231
chr4	2825781	3025781	harbor2	chr4	2869149	2869588	LTR/ERVL-MaLR	2347	-	220	2869369	43588
chr4	2825781	3025781	harbor2	chr4	2903323	2903567	LTR/ERVL-MaLR	869	-	122	2903445	77664
chr4	6810897	7010897	harbor2	chr4	6820776	6821131	LTR/ERVL-MaLR	1270	-	178	6820954	10057
chr4	6810897	7010897	harbor2	chr4	6834911	6835366	LTR/ERVL-MaLR	1562	-	228	6835139	24242
chr4	6810897	7010897	harbor2	chr4	6844813	6845221	LTR/ERVL-MaLR	515	-	204	6845017	34120
chr4	6810897	7010897	harbor2	chr4	6852621	6852824	LTR/ERVL-MaLR	617	-	102	6852723	41826
chr4	6810897	7010897	harbor2	chr4	6891019	6891208	LTR/ERVL-MaLR	2243	-	94	6891113	80216
chr4	6810897	7010897	harbor2	chr4	6891503	6891733	LTR/ERVL-MaLR	2243	-	115	6891618	80721
chr4	6810897	7010897	harbor2	chr4	6896587	6896952	LTR/ERVL-MaLR	2640	-	182	6896769	85872
chr4	2363035	2563035	harbor2	chr4	2376417	2376780	LTR/ERVL-MaLR	2353	-	182	2376599	13564
chr4	2363035	2563035	harbor2	chr4	2382748	2383101	LTR/ERVL-MaLR	2430	-	176	2382924	19889
chr4	2363035	2563035	harbor2	chr4	2393839	2394340	LTR/ERVL-MaLR	1680	-	250	2394089	31054
chr4	2363035	2563035	harbor2	chr4	2420631	2421099	LTR/ERVL-MaLR	1341	-	234	2420865	57830
chr4	2363035	2563035	harbor2	chr4	2432007	2432385	LTR/ERVL-MaLR	555	-	189	2432196	69161
chr4	911390	1111390	harbor2	chr4	976685	976827	LTR/ERVL-MaLR	471	-	71	976756	65366
chr4	41541096	41741096	harbor2	chr4	41551914	41552271	LTR/ERVL-MaLR	2542	-	178	41552092	10996
chr4	41541096	41741096	harbor2	chr4	41578126	41578451	LTR/ERVL-MaLR	1649	-	162	41578288	37192
chr4	41541096	41741096	harbor2	chr4	41584798	41585132	LTR/ERVL-MaLR	2024	-	167	41584965	43869
chr4	41541096	41741096	harbor2	chr4	41597440	41597889	LTR/ERVL-MaLR	893	-	224	41597664	56568
chr4	41541096	41741096	harbor2	chr4	41607967	41608454	LTR/ERVL-MaLR	1320	-	244	41608211	67115
chr4	25762832	25962832	harbor2	chr4	25798878	25799076	LTR/ERVL-MaLR	1905	-	99	25798977	36145
chr4	25762832	25962832	harbor2	chr4	25799375	25799548	LTR/ERVL-MaLR	1905	-	86	25799461	36629
chr4	911356	1111356	harbor2	chr4	976685	976827	LTR/ERVL-MaLR	471	-	71	976756	65400
chr4	911393	1111393	harbor2	chr4	976685	976827	LTR/ERVL-MaLR	471	-	71	976756	65363
chr4	150915773	151115773	harbor2	chr4	150957165	150957528	LTR/ERVL-MaLR	2693	-	182	150957347	41574
chr4	150915773	151115773	harbor2	chr4	150957529	150959049	LTR/ERVL-MaLR	10454	-	760	150958289	42516
chr4	150915773	151115773	harbor2	chr4	150959056	150959392	LTR/ERVL-MaLR	2226	-	168	150959224	43451
chr4	150915773	151115773	harbor2	chr4	150993536	150993890	LTR/ERVL-MaLR	2407	-	177	150993713	77940
chr4	145081541	145281541	harbor2	chr4	145093901	145094105	LTR/ERVL-MaLR	789	-	102	145094003	12462
chr4	1421350	1621350	harbor2	chr4	1454905	1455246	LTR/ERVL-MaLR	1649	-	170	1455075	33725
chr4	1421350	1621350	harbor2	chr4	1455308	1455683	LTR/ERVL-MaLR	2244	-	188	1455496	34146
chr4	1421350	1621350	harbor2	chr4	1455684	1457235	LTR/ERVL-MaLR	10820	-	776	1456460	35110
chr4	1421350	1621350	harbor2	chr4	1457236	1457603	LTR/ERVL-MaLR	2041	-	184	1457420	36070
chr4	1421350	1621350	harbor2	chr4	1469547	1469978	LTR/ERVL-MaLR	1123	-	216	1469763	48413
chr4	1421350	1621350	harbor2	chr4	1480414	1480775	LTR/ERVL-MaLR	1854	-	180	1480594	59244
chr4	1421350	1621350	harbor2	chr4	1507907	1508083	LTR/ERVL-MaLR	773	-	88	1507995	86645
chr4	1421350	1621350	harbor2	chr4	1515498	1515882	LTR/ERVL-MaLR	1228	-	192	1515690	94340
chr4	89737944	89937944	harbor2	chr4	89791024	89791331	LTR/ERVL-MaLR	1680	-	154	89791178	53234
chr4	89737944	89937944	harbor2	chr4	89792944	89793139	LTR/ERVL-MaLR	807	-	98	89793042	55098
chr4	159002941	159202941	harbor2	chr4	159013352	159013743	LTR/ERVL-MaLR	1417	-	196	159013548	10607
chr4	159002941	159202941	harbor2	chr4	159045657	159045967	LTR/ERVL-MaLR	2327	-	155	159045812	42871
chr4	159002941	159202941	harbor2	chr4	159046245	159046442	LTR/ERVL-MaLR	2327	-	98	159046343	43402
chr4	159026392	159226392	harbor2	chr4	159045657	159045967	LTR/ERVL-MaLR	2327	-	155	159045812	19420
chr4	159026392	159226392	harbor2	chr4	159046245	159046442	LTR/ERVL-MaLR	2327	-	98	159046343	19951
chr4	139551799	139751799	harbor2	chr4	139564247	139564665	LTR/ERVL-MaLR	2878	-	209	139564456	12657
chr4	139551799	139751799	harbor2	chr4	139571971	139572198	LTR/ERVL-MaLR	881	-	114	139572085	20286
chr4	139551799	139751799	harbor2	chr4	139572500	139572642	LTR/ERVL-MaLR	881	-	71	139572571	20772
chr4	139551799	139751799	harbor2	chr4	139576619	139576981	LTR/ERVL-MaLR	2204	-	181	139576800	25001
chr4	139551799	139751799	harbor2	chr4	139580579	139580930	LTR/ERVL-MaLR	2392	-	176	139580755	28956
chr4	139551799	139751799	harbor2	chr4	139589139	139589485	LTR/ERVL-MaLR	1998	-	173	139589312	37513
chr4	139551799	139751799	harbor2	chr4	139604212	139604519	LTR/ERVL-MaLR	664	-	154	139604366	52567
chr4	139551799	139751799	harbor2	chr4	139604897	139605000	LTR/ERVL-MaLR	664	-	52	139604949	53150
chr4	139551799	139751799	harbor2	chr4	139616659	139616918	LTR/ERVL-MaLR	1741	-	130	139616789	64990
chr4	139551799	139751799	harbor2	chr4	139617213	139617293	LTR/ERVL-MaLR	1741	-	40	139617253	65454
chr4	139551799	139751799	harbor2	chr4	139629473	139629853	LTR/ERVL-MaLR	1543	-	190	139629663	77864
chr4	1771258	1971258	harbor2	chr4	1866936	1867303	LTR/ERVL-MaLR	1240	-	184	1867120	95862
chr4	1771258	1971258	harbor2	chr4	1868033	1868098	LTR/ERVL-MaLR	1225	-	32	1868065	96807
chr4	1771258	1971258	harbor2	chr4	1868416	1868581	LTR/ERVL-MaLR	1225	-	82	1868498	97240
chr4	3264984	3464984	harbor2	chr4	3295867	3296172	LTR/ERVL-MaLR	621	-	152	3296019	31035
chr4	3264984	3464984	harbor2	chr4	3296489	3296642	LTR/ERVL-MaLR	621	-	76	3296565	31581
chr4	3264984	3464984	harbor2	chr4	3300504	3300927	LTR/ERVL-MaLR	912	-	212	3300716	35732
chr4	3264984	3464984	harbor2	chr4	3304909	3305355	LTR/ERVL-MaLR	1528	-	223	3305132	40148
chr4	3264984	3464984	harbor2	chr4	3305362	3306171	LTR/ERVL-MaLR	1991	-	404	3305766	40782
chr4	3264984	3464984	harbor2	chr4	3313498	3313787	LTR/ERVL-MaLR	629	-	144	3313642	48658
chr4	3264984	3464984	harbor2	chr4	3330727	3331078	LTR/ERVL-MaLR	893	-	176	3330903	65919
chr4	128444275	128644275	harbor2	chr4	128451103	128451582	LTR/ERVL-MaLR	2045	-	240	128451343	7068
chr4	128444275	128644275	harbor2	chr4	128462973	128463356	LTR/ERVL-MaLR	1792	-	192	128463165	18890
chr4	128444275	128644275	harbor2	chr4	128495110	128495144	LTR/ERVL-MaLR	643	-	17	128495127	50852
chr4	128444275	128644275	harbor2	chr4	128495547	128495798	LTR/ERVL-MaLR	643	-	126	128495673	51398
chr4	128444275	128644275	harbor2	chr4	128540135	128540693	LTR/ERVL-MaLR	1878	-	279	128540414	96139
chr4	128444275	128644275	harbor2	chr4	128542386	128542740	LTR/ERVL-MaLR	2024	-	177	128542563	98288
chr4	128444275	128644275	harbor2	chr4	128499490	128499847	LTR/ERVL-MaLR	2240	-	178	128499668	55393
chr4	2831610	3031610	harbor2	chr4	2854775	2855249	LTR/ERVL-MaLR	1625	-	237	2855012	23402
chr4	2831610	3031610	harbor2	chr4	2869149	2869588	LTR/ERVL-MaLR	2347	-	220	2869369	37759
chr4	2831610	3031610	harbor2	chr4	2903323	2903567	LTR/ERVL-MaLR	869	-	122	2903445	71835
chr4	1468178	1668178	harbor2	chr4	1469547	1469978	LTR/ERVL-MaLR	1123	-	216	1469763	1585
chr4	1468178	1668178	harbor2	chr4	1480414	1480775	LTR/ERVL-MaLR	1854	-	180	1480594	12416
chr4	1468178	1668178	harbor2	chr4	1507907	1508083	LTR/ERVL-MaLR	773	-	88	1507995	39817
chr4	1468178	1668178	harbor2	chr4	1515498	1515882	LTR/ERVL-MaLR	1228	-	192	1515690	47512
chr4	1468178	1668178	harbor2	chr4	1523032	1523431	LTR/ERVL-MaLR	816	-	200	1523232	55054
chr4	145198204	145398204	harbor2	chr4	145206445	145206802	LTR/ERVL-MaLR	2459	-	178	145206623	8419
chr4	145198204	145398204	harbor2	chr4	145235837	145236011	LTR/ERVL-MaLR	556	-	87	145235924	37720
chr4	145198204	145398204	harbor2	chr4	145258987	145259304	LTR/ERVL-MaLR	1619	-	158	145259145	60941
chr4	145198204	145398204	harbor2	chr4	145260927	145261296	LTR/ERVL-MaLR	9692	-	184	145261111	62907
chr4	145198204	145398204	harbor2	chr4	145261297	145261370	LTR/ERVL-MaLR	1020	-	36	145261333	63129
chr4	145198204	145398204	harbor2	chr4	145261669	145261796	LTR/ERVL-MaLR	1020	-	64	145261733	63529
chr4	145198204	145398204	harbor2	chr4	145287323	145287722	LTR/ERVL-MaLR	592	-	200	145287523	89319
chr4	145198204	145398204	harbor2	chr4	145290180	145290328	LTR/ERVL-MaLR	522	-	74	145290254	92050
chr4	145198204	145398204	harbor2	chr4	145290764	145290887	LTR/ERVL-MaLR	522	-	62	145290826	92622
chr4	145198204	145398204	harbor2	chr4	145259310	145260606	LTR/ERVL-MaLR	9692	-	648	145259958	61754
chr4	159002962	159202962	harbor2	chr4	159013352	159013743	LTR/ERVL-MaLR	1417	-	196	159013548	10586
chr4	159002962	159202962	harbor2	chr4	159045657	159045967	LTR/ERVL-MaLR	2327	-	155	159045812	42850
chr4	159002962	159202962	harbor2	chr4	159046245	159046442	LTR/ERVL-MaLR	2327	-	98	159046343	43381
chr4	16642723	16842723	harbor2	chr4	16714597	16715027	LTR/ERVL-MaLR	1174	-	215	16714812	72089
chr4	16642723	16842723	harbor2	chr4	16723189	16723568	LTR/ERVL-MaLR	1735	-	190	16723379	80656
chr4	120195584	120395584	harbor2	chr4	120217605	120217929	LTR/ERVL-MaLR	2254	-	162	120217767	22183
chr4	120195584	120395584	harbor2	chr4	120218232	120218287	LTR/ERVL-MaLR	2254	-	28	120218260	22676
chr4	120195584	120395584	harbor2	chr4	120225054	120225449	LTR/ERVL-MaLR	1604	-	198	120225252	29668
chr4	120195584	120395584	harbor2	chr4	120233229	120233601	LTR/ERVL-MaLR	2028	-	186	120233415	37831
chr4	120195584	120395584	harbor2	chr4	120225455	120225847	LTR/ERVL-MaLR	1890	-	196	120225651	30067
chr4	5701053	5901053	harbor2	chr4	5700909	5701424	LTR/ERVL-MaLR	1659	-	258	5701167	114
chr4	5701053	5901053	harbor2	chr4	5757441	5757830	LTR/ERVL-MaLR	1463	-	194	5757635	56582
chr4	5701053	5901053	harbor2	chr4	5769063	5769426	LTR/ERVL-MaLR	2631	-	182	5769245	68192
chr4	5701053	5901053	harbor2	chr4	5771083	5771571	LTR/ERVL-MaLR	2664	-	244	5771327	70274
chr4	5701053	5901053	harbor2	chr4	5788141	5788410	LTR/ERVL-MaLR	1090	-	134	5788275	87222
chr4	5701053	5901053	harbor2	chr4	5797351	5797725	LTR/ERVL-MaLR	1711	-	187	5797538	96485
chr4	151521646	151721646	harbor2	chr4	151532711	151533027	LTR/ERVL-MaLR	2277	-	158	151532869	11223
chr4	151521646	151721646	harbor2	chr4	151600126	151600409	LTR/ERVL-MaLR	895	-	142	151600268	78622
chr4	151521646	151721646	harbor2	chr4	151600514	151601018	LTR/ERVL-MaLR	811	-	252	151600766	79120
chr4	151521646	151721646	harbor2	chr4	151601806	151602156	LTR/ERVL-MaLR	2304	-	175	151601981	80335
chr4	151521646	151721646	harbor2	chr4	151619869	151620057	LTR/ERVL-MaLR	629	-	94	151619963	98317
chr4	150915774	151115774	harbor2	chr4	150957165	150957528	LTR/ERVL-MaLR	2693	-	182	150957347	41573
chr4	150915774	151115774	harbor2	chr4	150957529	150959049	LTR/ERVL-MaLR	10454	-	760	150958289	42515
chr4	150915774	151115774	harbor2	chr4	150959056	150959392	LTR/ERVL-MaLR	2226	-	168	150959224	43450
chr4	150915774	151115774	harbor2	chr4	150993536	150993890	LTR/ERVL-MaLR	2407	-	177	150993713	77939
chr4	911391	1111391	harbor2	chr4	976685	976827	LTR/ERVL-MaLR	471	-	71	976756	65365
chr4	128712057	128912057	harbor2	chr4	128711939	128712338	LTR/ERVL-MaLR	2563	-	200	128712139	82
chr4	128712057	128912057	harbor2	chr4	128712339	128712382	LTR/ERVL-MaLR	2313	-	22	128712361	304
chr4	128712057	128912057	harbor2	chr4	128713543	128713828	LTR/ERVL-MaLR	1085	-	142	128713685	1628
chr4	128712057	128912057	harbor2	chr4	128714419	128714533	LTR/ERVL-MaLR	1085	-	57	128714476	2419
chr4	128712057	128912057	harbor2	chr4	128723426	128723720	LTR/ERVL-MaLR	901	-	147	128723573	11516
chr4	128712057	128912057	harbor2	chr4	128724056	128724097	LTR/ERVL-MaLR	901	-	20	128724076	12019
chr4	128712057	128912057	harbor2	chr4	128776671	128776989	LTR/ERVL-MaLR	607	-	159	128776830	64773
chr4	128712057	128912057	harbor2	chr4	128782795	128782904	LTR/ERVL-MaLR	2106	-	54	128782849	70792
chr4	128712057	128912057	harbor2	chr4	128783217	128783705	LTR/ERVL-MaLR	2106	-	244	128783461	71404
chr4	128712057	128912057	harbor2	chr4	128790551	128790844	LTR/ERVL-MaLR	1609	-	146	128790697	78640
chr4	128712057	128912057	harbor2	chr4	128791175	128791342	LTR/ERVL-MaLR	1609	-	84	128791259	79202
chr4	76114019	76314019	harbor2	chr4	76189272	76189462	LTR/ERVL-MaLR	2699	-	95	76189367	75348
chr4	76114019	76314019	harbor2	chr4	76189772	76189967	LTR/ERVL-MaLR	2699	-	98	76189870	75851
chr4	3054676	3254676	harbor2	chr4	3071161	3071602	LTR/ERVL-MaLR	974	-	220	3071381	16705
chr4	3054676	3254676	harbor2	chr4	3072082	3072555	LTR/ERVL-MaLR	1403	-	236	3072318	17642
chr4	3054676	3254676	harbor2	chr4	3085705	3085986	LTR/ERVL-MaLR	498	-	140	3085845	31169
chr4	3054676	3254676	harbor2	chr4	3151159	3151589	LTR/ERVL-MaLR	1732	-	215	3151374	96698
chr4	3054676	3254676	harbor2	chr4	3153043	3153348	LTR/ERVL-MaLR	1485	-	152	3153195	98519
chr4	120823308	121023308	harbor2	chr4	120832102	120832457	LTR/ERVL-MaLR	2160	-	178	120832280	8972
chr4	120823308	121023308	harbor2	chr4	120890046	120890463	LTR/ERVL-MaLR	2706	-	208	120890254	66946
chr4	120823308	121023308	harbor2	chr4	120914467	120914661	LTR/ERVL-MaLR	1092	-	97	120914564	91256
chr4	3418040	3618040	harbor2	chr4	3421410	3421877	LTR/ERVL-MaLR	570	-	234	3421644	3604
chr4	3418040	3618040	harbor2	chr4	3434040	3434393	LTR/ERVL-MaLR	2151	-	176	3434216	16176
chr4	3418040	3618040	harbor2	chr4	3460385	3460643	LTR/ERVL-MaLR	1469	-	129	3460514	42474
chr4	3418040	3618040	harbor2	chr4	3467689	3468043	LTR/ERVL-MaLR	1107	-	177	3467866	49826
chr4	2364000	2564000	harbor2	chr4	2376417	2376780	LTR/ERVL-MaLR	2353	-	182	2376599	12599
chr4	2364000	2564000	harbor2	chr4	2382748	2383101	LTR/ERVL-MaLR	2430	-	176	2382924	18924
chr4	2364000	2564000	harbor2	chr4	2393839	2394340	LTR/ERVL-MaLR	1680	-	250	2394089	30089
chr4	2364000	2564000	harbor2	chr4	2420631	2421099	LTR/ERVL-MaLR	1341	-	234	2420865	56865
chr4	2364000	2564000	harbor2	chr4	2432007	2432385	LTR/ERVL-MaLR	555	-	189	2432196	68196
chr4	2834779	3034779	harbor2	chr4	2854775	2855249	LTR/ERVL-MaLR	1625	-	237	2855012	20233
chr4	2834779	3034779	harbor2	chr4	2869149	2869588	LTR/ERVL-MaLR	2347	-	220	2869369	34590
chr4	2834779	3034779	harbor2	chr4	2903323	2903567	LTR/ERVL-MaLR	869	-	122	2903445	68666
chr4	8768364	8968364	harbor2	chr4	8853336	8853568	LTR/ERVL-MaLR	548	-	116	8853452	85088
chr4	152837648	153037648	harbor2	chr4	152890898	152891237	LTR/ERVL-MaLR	1526	-	170	152891068	53420
chr4	120832418	121032418	harbor2	chr4	120832102	120832457	LTR/ERVL-MaLR	2160	-	178	120832280	138
chr4	120832418	121032418	harbor2	chr4	120890046	120890463	LTR/ERVL-MaLR	2706	-	208	120890254	57836
chr4	120832418	121032418	harbor2	chr4	120914467	120914661	LTR/ERVL-MaLR	1092	-	97	120914564	82146
chr4	148340678	148540678	harbor2	chr4	148397820	148398272	LTR/ERVL-MaLR	1308	-	226	148398046	57368
chr4	151572476	151772476	harbor2	chr4	151600126	151600409	LTR/ERVL-MaLR	895	-	142	151600268	27792
chr4	151572476	151772476	harbor2	chr4	151600514	151601018	LTR/ERVL-MaLR	811	-	252	151600766	28290
chr4	151572476	151772476	harbor2	chr4	151601806	151602156	LTR/ERVL-MaLR	2304	-	175	151601981	29505
chr4	151572476	151772476	harbor2	chr4	151619869	151620057	LTR/ERVL-MaLR	629	-	94	151619963	47487
chr4	151572476	151772476	harbor2	chr4	151658251	151658676	LTR/ERVL-MaLR	1139	-	212	151658463	85987
chr4	163375906	163575906	harbor2	chr4	163429556	163429967	LTR/ERVL-MaLR	2203	-	206	163429762	53856
chr4	163375906	163575906	harbor2	chr4	163442194	163442282	LTR/ERVL-MaLR	2067	-	44	163442238	66332
chr4	163375906	163575906	harbor2	chr4	163442571	163442902	LTR/ERVL-MaLR	2067	-	166	163442737	66831
chr4	70893530	71093530	harbor2	chr4	70932960	70933333	LTR/ERVL-MaLR	1865	-	186	70933146	39616
chr4	70893530	71093530	harbor2	chr4	70944541	70944961	LTR/ERVL-MaLR	2092	-	210	70944751	51221
chr4	138772104	138972104	harbor2	chr4	138788265	138788794	LTR/ERVL-MaLR	1278	-	264	138788529	16425
chr4	138772104	138972104	harbor2	chr4	138794423	138794911	LTR/ERVL-MaLR	2340	-	244	138794667	22563
chr4	153366241	153566241	harbor2	chr4	153365901	153366365	LTR/ERVL-MaLR	1373	-	232	153366133	108
chr4	153366241	153566241	harbor2	chr4	153368834	153369393	LTR/ERVL-MaLR	1825	-	280	153369114	2873
chr4	153366241	153566241	harbor2	chr4	153372335	153372367	LTR/ERVL-MaLR	1825	-	16	153372351	6110
chr4	153366241	153566241	harbor2	chr4	153406784	153407138	LTR/ERVL-MaLR	2524	-	177	153406961	40720
chr4	153366241	153566241	harbor2	chr4	153412293	153412479	LTR/ERVL-MaLR	1966	-	93	153412386	46145
chr4	153366241	153566241	harbor2	chr4	153413048	153413213	LTR/ERVL-MaLR	1966	-	82	153413130	46889
chr4	153366241	153566241	harbor2	chr4	153458976	153459373	LTR/ERVL-MaLR	2459	-	198	153459174	92933
chr4	153366241	153566241	harbor2	chr4	153419674	153420049	LTR/ERVL-MaLR	2856	-	188	153419862	53621
chr4	1421525	1621525	harbor2	chr4	1454905	1455246	LTR/ERVL-MaLR	1649	-	170	1455075	33550
chr4	1421525	1621525	harbor2	chr4	1455308	1455683	LTR/ERVL-MaLR	2244	-	188	1455496	33971
chr4	1421525	1621525	harbor2	chr4	1455684	1457235	LTR/ERVL-MaLR	10820	-	776	1456460	34935
chr4	1421525	1621525	harbor2	chr4	1457236	1457603	LTR/ERVL-MaLR	2041	-	184	1457420	35895
chr4	1421525	1621525	harbor2	chr4	1469547	1469978	LTR/ERVL-MaLR	1123	-	216	1469763	48238
chr4	1421525	1621525	harbor2	chr4	1480414	1480775	LTR/ERVL-MaLR	1854	-	180	1480594	59069
chr4	1421525	1621525	harbor2	chr4	1507907	1508083	LTR/ERVL-MaLR	773	-	88	1507995	86470
chr4	1421525	1621525	harbor2	chr4	1515498	1515882	LTR/ERVL-MaLR	1228	-	192	1515690	94165
chr4	139195860	139395860	harbor2	chr4	139214206	139214488	LTR/ERVL-MaLR	917	-	141	139214347	18487
chr4	139195860	139395860	harbor2	chr4	139223609	139224146	LTR/ERVL-MaLR	2512	-	268	139223877	28017
chr4	139195860	139395860	harbor2	chr4	139259349	139259782	LTR/ERVL-MaLR	1461	-	216	139259565	63705
chr4	139195860	139395860	harbor2	chr4	139285440	139285717	LTR/ERVL-MaLR	996	-	138	139285578	89718
chr4	139195860	139395860	harbor2	chr4	139288234	139288548	LTR/ERVL-MaLR	874	-	157	139288391	92531
chr4	120823157	121023157	harbor2	chr4	120832102	120832457	LTR/ERVL-MaLR	2160	-	178	120832280	9123
chr4	120823157	121023157	harbor2	chr4	120890046	120890463	LTR/ERVL-MaLR	2706	-	208	120890254	67097
chr4	120823157	121023157	harbor2	chr4	120914467	120914661	LTR/ERVL-MaLR	1092	-	97	120914564	91407
chr4	1511255	1711255	harbor2	chr4	1515498	1515882	LTR/ERVL-MaLR	1228	-	192	1515690	4435
chr4	1511255	1711255	harbor2	chr4	1523032	1523431	LTR/ERVL-MaLR	816	-	200	1523232	11977
chr4	1511255	1711255	harbor2	chr4	1584423	1584960	LTR/ERVL-MaLR	1200	-	268	1584691	73436
chr4	1511255	1711255	harbor2	chr4	1606005	1606038	LTR/ERVL-MaLR	558	-	16	1606021	94766
chr4	1511255	1711255	harbor2	chr4	1606345	1606517	LTR/ERVL-MaLR	558	-	86	1606431	95176
chr4	55753709	55953709	harbor2	chr4	55807586	55807777	LTR/ERVL-MaLR	582	-	96	55807682	53973
chr4	55753709	55953709	harbor2	chr4	55808779	55808992	LTR/ERVL-MaLR	466	-	106	55808885	55176
chr4	55753709	55953709	harbor2	chr4	55818677	55819031	LTR/ERVL-MaLR	1711	-	177	55818854	65145
chr4	55753709	55953709	harbor2	chr4	55840524	55840940	LTR/ERVL-MaLR	1710	-	208	55840732	87023
chr4	1068019	1268019	harbor2	chr4	1075269	1075656	LTR/ERVL-MaLR	1766	-	194	1075463	7444
chr4	1068019	1268019	harbor2	chr4	1080208	1080304	LTR/ERVL-MaLR	733	-	48	1080256	12237
chr4	1068019	1268019	harbor2	chr4	1081158	1081253	LTR/ERVL-MaLR	733	-	48	1081206	13187
chr4	1068019	1268019	harbor2	chr4	1127205	1127679	LTR/ERVL-MaLR	2391	-	237	1127442	59423
chr4	1358624	1558624	harbor2	chr4	1371491	1371833	LTR/ERVL-MaLR	1971	-	171	1371662	13038
chr4	1358624	1558624	harbor2	chr4	1454905	1455246	LTR/ERVL-MaLR	1649	-	170	1455075	96451
chr4	1358624	1558624	harbor2	chr4	1455308	1455683	LTR/ERVL-MaLR	2244	-	188	1455496	96872
chr4	1358624	1558624	harbor2	chr4	1455684	1457235	LTR/ERVL-MaLR	10820	-	776	1456460	97836
chr4	1358624	1558624	harbor2	chr4	1457236	1457603	LTR/ERVL-MaLR	2041	-	184	1457420	98796
chr5	73899952	74099952	harbor2	chr5	73916365	73916735	LTR/ERVL-MaLR	2120	-	185	73916550	16598
chr5	73899952	74099952	harbor2	chr5	73950140	73950379	LTR/ERVL-MaLR	1550	-	120	73950260	50308
chr5	73899952	74099952	harbor2	chr5	73972897	73973262	LTR/ERVL-MaLR	2092	-	182	73973079	73127
chr5	73899952	74099952	harbor2	chr5	73975016	73975523	LTR/ERVL-MaLR	1488	-	254	73975270	75318
chr5	73899952	74099952	harbor2	chr5	73986843	73987196	LTR/ERVL-MaLR	1859	-	176	73987019	87067
chr5	10341862	10541862	harbor2	chr5	10343055	10343271	LTR/ERVL-MaLR	808	-	108	10343163	1301
chr5	10341862	10541862	harbor2	chr5	10361288	10361689	LTR/ERVL-MaLR	2050	-	200	10361488	19626
chr5	10341862	10541862	harbor2	chr5	10368261	10368350	LTR/ERVL-MaLR	878	-	44	10368305	26443
chr5	10341862	10541862	harbor2	chr5	10368976	10369292	LTR/ERVL-MaLR	878	-	158	10369134	27272
chr5	10341862	10541862	harbor2	chr5	10371339	10371691	LTR/ERVL-MaLR	2163	-	176	10371515	29653
chr5	10341862	10541862	harbor2	chr5	10388451	10388848	LTR/ERVL-MaLR	720	-	198	10388649	46787
chr5	10341862	10541862	harbor2	chr5	10395624	10395811	LTR/ERVL-MaLR	496	-	94	10395718	53856
chr5	10341862	10541862	harbor2	chr5	10413541	10413894	LTR/ERVL-MaLR	2189	-	176	10413717	71855
chr5	10341862	10541862	harbor2	chr5	10419768	10420348	LTR/ERVL-MaLR	1011	-	290	10420058	78196
chr5	26453659	26653659	harbor2	chr5	26459230	26459573	LTR/ERVL-MaLR	1396	-	172	26459402	5743
chr5	26453659	26653659	harbor2	chr5	26460376	26460716	LTR/ERVL-MaLR	1312	-	170	26460546	6887
chr5	26453659	26653659	harbor2	chr5	26462935	26463335	LTR/ERVL-MaLR	782	-	200	26463135	9476
chr5	26453659	26653659	harbor2	chr5	26537659	26538047	LTR/ERVL-MaLR	1553	-	194	26537853	84194
chr5	26453659	26653659	harbor2	chr5	26541656	26541972	LTR/ERVL-MaLR	1778	-	158	26541814	88155
chr5	26453659	26653659	harbor2	chr5	26542103	26543137	LTR/ERVL-MaLR	7027	-	517	26542620	88961
chr5	26453659	26653659	harbor2	chr5	26543138	26543498	LTR/ERVL-MaLR	1956	-	180	26543318	89659
chr5	26453659	26653659	harbor2	chr5	26543499	26543826	LTR/ERVL-MaLR	1815	-	164	26543663	90004
chr5	26453659	26653659	harbor2	chr5	26544916	26545153	LTR/ERVL-MaLR	2376	-	118	26545034	91375
chr5	26453659	26653659	harbor2	chr5	26545466	26545744	LTR/ERVL-MaLR	2376	-	139	26545605	91946
chr5	9115075	9315075	harbor2	chr5	9131099	9131327	LTR/ERVL-MaLR	1694	-	114	9131213	16138
chr5	9115075	9315075	harbor2	chr5	9131638	9131829	LTR/ERVL-MaLR	1694	-	96	9131734	16659
chr5	9115075	9315075	harbor2	chr5	9173364	9173719	LTR/ERVL-MaLR	1898	-	178	9173542	58467
chr5	9115075	9315075	harbor2	chr5	9179843	9180296	LTR/ERVL-MaLR	1419	-	226	9180069	64994
chr5	9115075	9315075	harbor2	chr5	9212877	9213243	LTR/ERVL-MaLR	2034	-	183	9213060	97985
chr5	10532476	10732476	harbor2	chr5	10539801	10540138	LTR/ERVL-MaLR	1576	-	168	10539969	7493
chr5	10532476	10732476	harbor2	chr5	10543651	10543820	LTR/ERVL-MaLR	480	-	84	10543735	11259
chr5	10532476	10732476	harbor2	chr5	10546308	10546798	LTR/ERVL-MaLR	1241	-	245	10546553	14077
chr5	10532476	10732476	harbor2	chr5	10549493	10549757	LTR/ERVL-MaLR	905	-	132	10549625	17149
chr5	10532476	10732476	harbor2	chr5	10566045	10566141	LTR/ERVL-MaLR	682	-	48	10566093	33617
chr5	10532476	10732476	harbor2	chr5	10570303	10570529	LTR/ERVL-MaLR	571	-	113	10570416	37940
chr5	10532476	10732476	harbor2	chr5	10573518	10573885	LTR/ERVL-MaLR	2080	-	184	10573702	41226
chr5	10532476	10732476	harbor2	chr5	10595258	10595605	LTR/ERVL-MaLR	616	-	174	10595432	62956
chr5	10532476	10732476	harbor2	chr5	10604851	10605369	LTR/ERVL-MaLR	2238	-	259	10605110	72634
chr5	10532476	10732476	harbor2	chr5	10607174	10607536	LTR/ERVL-MaLR	1010	-	181	10607355	74879
chr5	10532476	10732476	harbor2	chr5	10612192	10612529	LTR/ERVL-MaLR	1885	-	168	10612360	79884
chr5	10532476	10732476	harbor2	chr5	10616896	10617176	LTR/ERVL-MaLR	1181	-	140	10617036	84560
chr5	10532476	10732476	harbor2	chr5	10623455	10623623	LTR/ERVL-MaLR	644	-	84	10623539	91063
chr5	10532476	10732476	harbor2	chr5	10616802	10616896	LTR/ERVL-MaLR	449	-	47	10616849	84373
chr5	10341874	10541874	harbor2	chr5	10343055	10343271	LTR/ERVL-MaLR	808	-	108	10343163	1289
chr5	10341874	10541874	harbor2	chr5	10361288	10361689	LTR/ERVL-MaLR	2050	-	200	10361488	19614
chr5	10341874	10541874	harbor2	chr5	10368261	10368350	LTR/ERVL-MaLR	878	-	44	10368305	26431
chr5	10341874	10541874	harbor2	chr5	10368976	10369292	LTR/ERVL-MaLR	878	-	158	10369134	27260
chr5	10341874	10541874	harbor2	chr5	10371339	10371691	LTR/ERVL-MaLR	2163	-	176	10371515	29641
chr5	10341874	10541874	harbor2	chr5	10388451	10388848	LTR/ERVL-MaLR	720	-	198	10388649	46775
chr5	10341874	10541874	harbor2	chr5	10395624	10395811	LTR/ERVL-MaLR	496	-	94	10395718	53844
chr5	10341874	10541874	harbor2	chr5	10413541	10413894	LTR/ERVL-MaLR	2189	-	176	10413717	71843
chr5	10341874	10541874	harbor2	chr5	10419768	10420348	LTR/ERVL-MaLR	1011	-	290	10420058	78184
chr5	150964836	151164836	harbor2	chr5	150973750	150973918	LTR/ERVL-MaLR	929	-	84	150973834	8998
chr5	150964836	151164836	harbor2	chr5	150974133	150974465	LTR/ERVL-MaLR	729	-	166	150974299	9463
chr5	52700037	52900037	harbor2	chr5	52699709	52700055	LTR/ERVL-MaLR	1353	-	173	52699882	155
chr5	52700037	52900037	harbor2	chr5	52744674	52744760	LTR/ERVL-MaLR	2504	-	43	52744717	44680
chr5	52700037	52900037	harbor2	chr5	52744761	52745041	LTR/ERVL-MaLR	1616	-	140	52744901	44864
chr5	52700037	52900037	harbor2	chr5	52745042	52745284	LTR/ERVL-MaLR	2504	-	121	52745163	45126
chr5	52700037	52900037	harbor2	chr5	52745729	52745845	LTR/ERVL-MaLR	2504	-	58	52745787	45750
chr5	52700037	52900037	harbor2	chr5	52751685	52752064	LTR/ERVL-MaLR	2094	-	190	52751875	51838
chr5	52700037	52900037	harbor2	chr5	52767327	52767695	LTR/ERVL-MaLR	1033	-	184	52767511	67474
chr5	52700037	52900037	harbor2	chr5	52790350	52790837	LTR/ERVL-MaLR	2408	-	244	52790594	90557
chr5	10341877	10541877	harbor2	chr5	10343055	10343271	LTR/ERVL-MaLR	808	-	108	10343163	1286
chr5	10341877	10541877	harbor2	chr5	10361288	10361689	LTR/ERVL-MaLR	2050	-	200	10361488	19611
chr5	10341877	10541877	harbor2	chr5	10368261	10368350	LTR/ERVL-MaLR	878	-	44	10368305	26428
chr5	10341877	10541877	harbor2	chr5	10368976	10369292	LTR/ERVL-MaLR	878	-	158	10369134	27257
chr5	10341877	10541877	harbor2	chr5	10371339	10371691	LTR/ERVL-MaLR	2163	-	176	10371515	29638
chr5	10341877	10541877	harbor2	chr5	10388451	10388848	LTR/ERVL-MaLR	720	-	198	10388649	46772
chr5	10341877	10541877	harbor2	chr5	10395624	10395811	LTR/ERVL-MaLR	496	-	94	10395718	53841
chr5	10341877	10541877	harbor2	chr5	10413541	10413894	LTR/ERVL-MaLR	2189	-	176	10413717	71840
chr5	10341877	10541877	harbor2	chr5	10419768	10420348	LTR/ERVL-MaLR	1011	-	290	10420058	78181
chr5	10341899	10541899	harbor2	chr5	10343055	10343271	LTR/ERVL-MaLR	808	-	108	10343163	1264
chr5	10341899	10541899	harbor2	chr5	10361288	10361689	LTR/ERVL-MaLR	2050	-	200	10361488	19589
chr5	10341899	10541899	harbor2	chr5	10368261	10368350	LTR/ERVL-MaLR	878	-	44	10368305	26406
chr5	10341899	10541899	harbor2	chr5	10368976	10369292	LTR/ERVL-MaLR	878	-	158	10369134	27235
chr5	10341899	10541899	harbor2	chr5	10371339	10371691	LTR/ERVL-MaLR	2163	-	176	10371515	29616
chr5	10341899	10541899	harbor2	chr5	10388451	10388848	LTR/ERVL-MaLR	720	-	198	10388649	46750
chr5	10341899	10541899	harbor2	chr5	10395624	10395811	LTR/ERVL-MaLR	496	-	94	10395718	53819
chr5	10341899	10541899	harbor2	chr5	10413541	10413894	LTR/ERVL-MaLR	2189	-	176	10413717	71818
chr5	10341899	10541899	harbor2	chr5	10419768	10420348	LTR/ERVL-MaLR	1011	-	290	10420058	78159
chr5	55892081	56092081	harbor2	chr5	55892075	55892112	LTR/ERVL-MaLR	2419	-	18	55892093	12
chr5	55892081	56092081	harbor2	chr5	55903809	55904207	LTR/ERVL-MaLR	1282	-	199	55904008	11927
chr5	55892081	56092081	harbor2	chr5	55911044	55911405	LTR/ERVL-MaLR	2391	-	180	55911224	19143
chr5	55892081	56092081	harbor2	chr5	55924748	55925024	LTR/ERVL-MaLR	1064	-	138	55924886	32805
chr5	55892081	56092081	harbor2	chr5	55926816	55927023	LTR/ERVL-MaLR	2235	-	104	55926920	34839
chr5	55892081	56092081	harbor2	chr5	55927335	55927497	LTR/ERVL-MaLR	2235	-	81	55927416	35335
chr5	139561183	139761183	harbor2	chr5	139576159	139576489	LTR/ERVL-MaLR	1025	-	165	139576324	15141
chr5	139561183	139761183	harbor2	chr5	139619512	139619582	LTR/ERVL-MaLR	2641	-	35	139619547	58364
chr5	139561183	139761183	harbor2	chr5	139619873	139620221	LTR/ERVL-MaLR	2641	-	174	139620047	58864
chr5	62303875	62503875	harbor2	chr5	62339042	62339451	LTR/ERVL-MaLR	1824	-	204	62339246	35371
chr5	62303875	62503875	harbor2	chr5	62369208	62369573	LTR/ERVL-MaLR	2037	-	182	62369390	65515
chr5	145979706	146179706	harbor2	chr5	145992478	145992830	LTR/ERVL-MaLR	2565	-	176	145992654	12948
chr5	145979706	146179706	harbor2	chr5	145992831	145994406	LTR/ERVL-MaLR	12574	-	788	145993619	13913
chr5	145979706	146179706	harbor2	chr5	145994408	145994747	LTR/ERVL-MaLR	2553	-	170	145994578	14872
chr5	145979706	146179706	harbor2	chr5	145995022	145995285	LTR/ERVL-MaLR	570	-	132	145995154	15448
chr5	145979706	146179706	harbor2	chr5	146006708	146007066	LTR/ERVL-MaLR	842	-	179	146006887	27181
chr5	139561198	139761198	harbor2	chr5	139576159	139576489	LTR/ERVL-MaLR	1025	-	165	139576324	15126
chr5	139561198	139761198	harbor2	chr5	139619512	139619582	LTR/ERVL-MaLR	2641	-	35	139619547	58349
chr5	139561198	139761198	harbor2	chr5	139619873	139620221	LTR/ERVL-MaLR	2641	-	174	139620047	58849
chr5	34828752	35028752	harbor2	chr5	34834550	34834900	LTR/ERVL-MaLR	2224	-	175	34834725	5973
chr5	34828752	35028752	harbor2	chr5	34852742	34853103	LTR/ERVL-MaLR	2426	-	180	34852922	24170
chr5	10341867	10541867	harbor2	chr5	10343055	10343271	LTR/ERVL-MaLR	808	-	108	10343163	1296
chr5	10341867	10541867	harbor2	chr5	10361288	10361689	LTR/ERVL-MaLR	2050	-	200	10361488	19621
chr5	10341867	10541867	harbor2	chr5	10368261	10368350	LTR/ERVL-MaLR	878	-	44	10368305	26438
chr5	10341867	10541867	harbor2	chr5	10368976	10369292	LTR/ERVL-MaLR	878	-	158	10369134	27267
chr5	10341867	10541867	harbor2	chr5	10371339	10371691	LTR/ERVL-MaLR	2163	-	176	10371515	29648
chr5	10341867	10541867	harbor2	chr5	10388451	10388848	LTR/ERVL-MaLR	720	-	198	10388649	46782
chr5	10341867	10541867	harbor2	chr5	10395624	10395811	LTR/ERVL-MaLR	496	-	94	10395718	53851
chr5	10341867	10541867	harbor2	chr5	10413541	10413894	LTR/ERVL-MaLR	2189	-	176	10413717	71850
chr5	10341867	10541867	harbor2	chr5	10419768	10420348	LTR/ERVL-MaLR	1011	-	290	10420058	78191
chr5	10341831	10541831	harbor2	chr5	10343055	10343271	LTR/ERVL-MaLR	808	-	108	10343163	1332
chr5	10341831	10541831	harbor2	chr5	10361288	10361689	LTR/ERVL-MaLR	2050	-	200	10361488	19657
chr5	10341831	10541831	harbor2	chr5	10368261	10368350	LTR/ERVL-MaLR	878	-	44	10368305	26474
chr5	10341831	10541831	harbor2	chr5	10368976	10369292	LTR/ERVL-MaLR	878	-	158	10369134	27303
chr5	10341831	10541831	harbor2	chr5	10371339	10371691	LTR/ERVL-MaLR	2163	-	176	10371515	29684
chr5	10341831	10541831	harbor2	chr5	10388451	10388848	LTR/ERVL-MaLR	720	-	198	10388649	46818
chr5	10341831	10541831	harbor2	chr5	10395624	10395811	LTR/ERVL-MaLR	496	-	94	10395718	53887
chr5	10341831	10541831	harbor2	chr5	10413541	10413894	LTR/ERVL-MaLR	2189	-	176	10413717	71886
chr5	10341831	10541831	harbor2	chr5	10419768	10420348	LTR/ERVL-MaLR	1011	-	290	10420058	78227
chr5	135011164	135211164	harbor2	chr5	135013836	135014251	LTR/ERVL-MaLR	2493	-	208	135014044	2880
chr5	135011164	135211164	harbor2	chr5	135057819	135058251	LTR/ERVL-MaLR	2348	-	216	135058035	46871
chr5	135011164	135211164	harbor2	chr5	135060442	135060923	LTR/ERVL-MaLR	2299	-	240	135060682	49518
chr5	135011164	135211164	harbor2	chr5	135080247	135080495	LTR/ERVL-MaLR	1628	-	124	135080371	69207
chr5	135011164	135211164	harbor2	chr5	135081609	135081965	LTR/ERVL-MaLR	2356	-	178	135081787	70623
chr5	176526714	176726714	harbor2	chr5	176558893	176559011	LTR/ERVL-MaLR	426	-	59	176558952	32238
chr5	176526714	176726714	harbor2	chr5	176559041	176559307	LTR/ERVL-MaLR	898	-	133	176559174	32460
chr5	176526714	176726714	harbor2	chr5	176566698	176566944	LTR/ERVL-MaLR	944	-	123	176566821	40107
chr5	176526714	176726714	harbor2	chr5	176571958	176572102	LTR/ERVL-MaLR	855	-	72	176572030	45316
chr5	176526714	176726714	harbor2	chr5	176572440	176572652	LTR/ERVL-MaLR	855	-	106	176572546	45832
chr5	175342628	175542628	harbor2	chr5	175370195	175370609	LTR/ERVL-MaLR	2311	-	207	175370402	27774
chr5	175342628	175542628	harbor2	chr5	175393684	175394133	LTR/ERVL-MaLR	641	-	224	175393908	51280
chr5	175342628	175542628	harbor2	chr5	175412633	175413095	LTR/ERVL-MaLR	2036	-	231	175412864	70236
chr5	123600410	123800410	harbor2	chr5	123617438	123617851	LTR/ERVL-MaLR	1392	-	206	123617644	17234
chr5	123600410	123800410	harbor2	chr5	123641052	123641434	LTR/ERVL-MaLR	2054	-	191	123641243	40833
chr5	123600410	123800410	harbor2	chr5	123647113	123647589	LTR/ERVL-MaLR	1367	-	238	123647351	46941
chr5	123600410	123800410	harbor2	chr5	123654742	123654915	LTR/ERVL-MaLR	975	-	86	123654828	54418
chr5	123600410	123800410	harbor2	chr5	123655355	123655568	LTR/ERVL-MaLR	846	-	106	123655461	55051
chr5	123600410	123800410	harbor2	chr5	123655574	123657179	LTR/ERVL-MaLR	11623	-	802	123656376	55966
chr5	123600410	123800410	harbor2	chr5	123657180	123657556	LTR/ERVL-MaLR	1961	-	188	123657368	56958
chr5	123600410	123800410	harbor2	chr5	123658310	123658537	LTR/ERVL-MaLR	527	-	114	123658424	58014
chr5	123600410	123800410	harbor2	chr5	123661080	123661545	LTR/ERVL-MaLR	1984	-	232	123661312	60902
chr5	123600410	123800410	harbor2	chr5	123692546	123692684	LTR/ERVL-MaLR	465	-	69	123692615	92205
chr5	123600410	123800410	harbor2	chr5	123666298	123666656	LTR/ERVL-MaLR	477	-	179	123666477	66067
chr5	132310885	132510885	harbor2	chr5	132366452	132366946	LTR/ERVL-MaLR	1520	-	247	132366699	55814
chr5	132310885	132510885	harbor2	chr5	132316852	132317206	LTR/ERVL-MaLR	1085	-	177	132317029	6144
chr5	73397400	73597400	harbor2	chr5	73398341	73398722	LTR/ERVL-MaLR	731	-	190	73398531	1131
chr5	73397400	73597400	harbor2	chr5	73408956	73409382	LTR/ERVL-MaLR	1923	-	213	73409169	11769
chr5	73397400	73597400	harbor2	chr5	73414204	73414649	LTR/ERVL-MaLR	1283	-	222	73414426	17026
chr5	73397400	73597400	harbor2	chr5	73422125	73422524	LTR/ERVL-MaLR	1660	-	200	73422325	24925
chr5	73397400	73597400	harbor2	chr5	73425668	73426219	LTR/ERVL-MaLR	2030	-	276	73425944	28544
chr5	73397400	73597400	harbor2	chr5	73458032	73458257	LTR/ERVL-MaLR	1082	-	112	73458144	60744
chr5	73397400	73597400	harbor2	chr5	73458258	73458665	LTR/ERVL-MaLR	1924	-	204	73458462	61062
chr5	73397400	73597400	harbor2	chr5	73458666	73458771	LTR/ERVL-MaLR	1082	-	52	73458718	61318
chr5	73397400	73597400	harbor2	chr5	73488334	73488443	LTR/ERVL-MaLR	1492	-	54	73488388	90988
chr5	73397400	73597400	harbor2	chr5	73488743	73489006	LTR/ERVL-MaLR	1492	-	132	73488875	91475
chr5	135008283	135208283	harbor2	chr5	135013836	135014251	LTR/ERVL-MaLR	2493	-	208	135014044	5761
chr5	135008283	135208283	harbor2	chr5	135057819	135058251	LTR/ERVL-MaLR	2348	-	216	135058035	49752
chr5	135008283	135208283	harbor2	chr5	135060442	135060923	LTR/ERVL-MaLR	2299	-	240	135060682	52399
chr5	135008283	135208283	harbor2	chr5	135080247	135080495	LTR/ERVL-MaLR	1628	-	124	135080371	72088
chr5	135008283	135208283	harbor2	chr5	135081609	135081965	LTR/ERVL-MaLR	2356	-	178	135081787	73504
chr5	37742412	37942412	harbor2	chr5	37806857	37807267	LTR/ERVL-MaLR	1006	-	205	37807062	64650
chr5	33908472	34108472	harbor2	chr5	33912596	33913013	LTR/ERVL-MaLR	2618	-	208	33912804	4332
chr5	33908472	34108472	harbor2	chr5	33933327	33933526	LTR/ERVL-MaLR	898	-	100	33933427	24955
chr5	73351463	73551463	harbor2	chr5	73358775	73359107	LTR/ERVL-MaLR	1122	-	166	73358941	7478
chr5	73351463	73551463	harbor2	chr5	73361066	73361352	LTR/ERVL-MaLR	2067	-	143	73361209	9746
chr5	73351463	73551463	harbor2	chr5	73361639	73361717	LTR/ERVL-MaLR	2067	-	39	73361678	10215
chr5	73351463	73551463	harbor2	chr5	73398341	73398722	LTR/ERVL-MaLR	731	-	190	73398531	47068
chr5	73351463	73551463	harbor2	chr5	73408956	73409382	LTR/ERVL-MaLR	1923	-	213	73409169	57706
chr5	73351463	73551463	harbor2	chr5	73414204	73414649	LTR/ERVL-MaLR	1283	-	222	73414426	62963
chr5	73351463	73551463	harbor2	chr5	73422125	73422524	LTR/ERVL-MaLR	1660	-	200	73422325	70862
chr5	73351463	73551463	harbor2	chr5	73425668	73426219	LTR/ERVL-MaLR	2030	-	276	73425944	74481
chr5	10341895	10541895	harbor2	chr5	10343055	10343271	LTR/ERVL-MaLR	808	-	108	10343163	1268
chr5	10341895	10541895	harbor2	chr5	10361288	10361689	LTR/ERVL-MaLR	2050	-	200	10361488	19593
chr5	10341895	10541895	harbor2	chr5	10368261	10368350	LTR/ERVL-MaLR	878	-	44	10368305	26410
chr5	10341895	10541895	harbor2	chr5	10368976	10369292	LTR/ERVL-MaLR	878	-	158	10369134	27239
chr5	10341895	10541895	harbor2	chr5	10371339	10371691	LTR/ERVL-MaLR	2163	-	176	10371515	29620
chr5	10341895	10541895	harbor2	chr5	10388451	10388848	LTR/ERVL-MaLR	720	-	198	10388649	46754
chr5	10341895	10541895	harbor2	chr5	10395624	10395811	LTR/ERVL-MaLR	496	-	94	10395718	53823
chr5	10341895	10541895	harbor2	chr5	10413541	10413894	LTR/ERVL-MaLR	2189	-	176	10413717	71822
chr5	10341895	10541895	harbor2	chr5	10419768	10420348	LTR/ERVL-MaLR	1011	-	290	10420058	78163
chr5	176526715	176726715	harbor2	chr5	176558893	176559011	LTR/ERVL-MaLR	426	-	59	176558952	32237
chr5	176526715	176726715	harbor2	chr5	176559041	176559307	LTR/ERVL-MaLR	898	-	133	176559174	32459
chr5	176526715	176726715	harbor2	chr5	176566698	176566944	LTR/ERVL-MaLR	944	-	123	176566821	40106
chr5	176526715	176726715	harbor2	chr5	176571958	176572102	LTR/ERVL-MaLR	855	-	72	176572030	45315
chr5	176526715	176726715	harbor2	chr5	176572440	176572652	LTR/ERVL-MaLR	855	-	106	176572546	45831
chr5	135435248	135635248	harbor2	chr5	135460286	135460677	LTR/ERVL-MaLR	806	-	196	135460482	25234
chr5	135435248	135635248	harbor2	chr5	135463529	135463756	LTR/ERVL-MaLR	763	-	114	135463643	28395
chr5	135435248	135635248	harbor2	chr5	135473228	135473573	LTR/ERVL-MaLR	890	-	172	135473400	38152
chr5	135435248	135635248	harbor2	chr5	135479618	135479883	LTR/ERVL-MaLR	598	-	132	135479750	44502
chr5	135435248	135635248	harbor2	chr5	135495178	135495572	LTR/ERVL-MaLR	2327	-	197	135495375	60127
chr5	135435248	135635248	harbor2	chr5	135495921	135496022	LTR/ERVL-MaLR	2327	-	50	135495971	60723
chr5	135435248	135635248	harbor2	chr5	135501091	135501524	LTR/ERVL-MaLR	1600	-	216	135501307	66059
chr5	135435248	135635248	harbor2	chr5	135514642	135514825	LTR/ERVL-MaLR	630	-	92	135514734	79486
chr5	135435248	135635248	harbor2	chr5	135521432	135521826	LTR/ERVL-MaLR	2335	-	197	135521629	86381
chr5	135435248	135635248	harbor2	chr5	135522639	135523001	LTR/ERVL-MaLR	2186	-	181	135522820	87572
chr5	135435248	135635248	harbor2	chr5	135523002	135524522	LTR/ERVL-MaLR	10403	-	760	135523762	88514
chr5	135435248	135635248	harbor2	chr5	135524525	135524899	LTR/ERVL-MaLR	2245	-	187	135524712	89464
chr5	135435248	135635248	harbor2	chr5	135526030	135526176	LTR/ERVL-MaLR	525	-	73	135526103	90855
chr5	135435248	135635248	harbor2	chr5	135530423	135530774	LTR/ERVL-MaLR	2066	-	176	135530599	95351
chr5	135435248	135635248	harbor2	chr5	135495573	135495920	LTR/ERVL-MaLR	2677	-	174	135495747	60499
chr5	135021092	135221092	harbor2	chr5	135057819	135058251	LTR/ERVL-MaLR	2348	-	216	135058035	36943
chr5	135021092	135221092	harbor2	chr5	135060442	135060923	LTR/ERVL-MaLR	2299	-	240	135060682	39590
chr5	135021092	135221092	harbor2	chr5	135080247	135080495	LTR/ERVL-MaLR	1628	-	124	135080371	59279
chr5	135021092	135221092	harbor2	chr5	135081609	135081965	LTR/ERVL-MaLR	2356	-	178	135081787	60695
chr5	135833577	136033577	harbor2	chr5	135845008	135845314	LTR/ERVL-MaLR	1015	-	153	135845161	11584
chr5	135833577	136033577	harbor2	chr5	135859133	135859496	LTR/ERVL-MaLR	2744	-	182	135859315	25738
chr5	135833577	136033577	harbor2	chr5	135901947	135902067	LTR/ERVL-MaLR	518	-	60	135902007	68430
chr5	135833577	136033577	harbor2	chr5	135908056	135908589	LTR/ERVL-MaLR	1374	-	266	135908322	74745
chr5	135833577	136033577	harbor2	chr5	135915078	135915510	LTR/ERVL-MaLR	508	-	216	135915294	81717
chr5	10454733	10654733	harbor2	chr5	10466763	10467135	LTR/ERVL-MaLR	1722	-	186	10466949	12216
chr5	10454733	10654733	harbor2	chr5	10472671	10472755	LTR/ERVL-MaLR	472	-	42	10472713	17980
chr5	10454733	10654733	harbor2	chr5	10475792	10476161	LTR/ERVL-MaLR	774	-	184	10475976	21243
chr5	10454733	10654733	harbor2	chr5	10478319	10478776	LTR/ERVL-MaLR	1615	-	228	10478547	23814
chr5	10454733	10654733	harbor2	chr5	10493241	10493620	LTR/ERVL-MaLR	1970	-	190	10493431	38698
chr5	10454733	10654733	harbor2	chr5	10498379	10498815	LTR/ERVL-MaLR	1506	-	218	10498597	43864
chr5	10454733	10654733	harbor2	chr5	10498931	10499294	LTR/ERVL-MaLR	482	-	182	10499113	44380
chr5	10454733	10654733	harbor2	chr5	10502965	10503334	LTR/ERVL-MaLR	1547	-	184	10503149	48416
chr5	10454733	10654733	harbor2	chr5	10504952	10505369	LTR/ERVL-MaLR	1543	-	208	10505160	50427
chr5	10454733	10654733	harbor2	chr5	10510473	10510851	LTR/ERVL-MaLR	1077	-	189	10510662	55929
chr5	10454733	10654733	harbor2	chr5	10523213	10523549	LTR/ERVL-MaLR	2195	-	168	10523381	68648
chr5	10454733	10654733	harbor2	chr5	10539801	10540138	LTR/ERVL-MaLR	1576	-	168	10539969	85236
chr5	10454733	10654733	harbor2	chr5	10543651	10543820	LTR/ERVL-MaLR	480	-	84	10543735	89002
chr5	10454733	10654733	harbor2	chr5	10546308	10546798	LTR/ERVL-MaLR	1241	-	245	10546553	91820
chr5	10454733	10654733	harbor2	chr5	10549493	10549757	LTR/ERVL-MaLR	905	-	132	10549625	94892
chr5	73351456	73551456	harbor2	chr5	73358775	73359107	LTR/ERVL-MaLR	1122	-	166	73358941	7485
chr5	73351456	73551456	harbor2	chr5	73361066	73361352	LTR/ERVL-MaLR	2067	-	143	73361209	9753
chr5	73351456	73551456	harbor2	chr5	73361639	73361717	LTR/ERVL-MaLR	2067	-	39	73361678	10222
chr5	73351456	73551456	harbor2	chr5	73398341	73398722	LTR/ERVL-MaLR	731	-	190	73398531	47075
chr5	73351456	73551456	harbor2	chr5	73408956	73409382	LTR/ERVL-MaLR	1923	-	213	73409169	57713
chr5	73351456	73551456	harbor2	chr5	73414204	73414649	LTR/ERVL-MaLR	1283	-	222	73414426	62970
chr5	73351456	73551456	harbor2	chr5	73422125	73422524	LTR/ERVL-MaLR	1660	-	200	73422325	70869
chr5	73351456	73551456	harbor2	chr5	73425668	73426219	LTR/ERVL-MaLR	2030	-	276	73425944	74488
chr5	52848700	53048700	harbor2	chr5	52856746	52857195	LTR/ERVL-MaLR	918	-	224	52856970	8270
chr5	52848700	53048700	harbor2	chr5	52874010	52874435	LTR/ERVL-MaLR	1224	-	212	52874222	25522
chr5	52848700	53048700	harbor2	chr5	52929059	52929409	LTR/ERVL-MaLR	2007	-	175	52929234	80534
chr5	52848700	53048700	harbor2	chr5	52937665	52938124	LTR/ERVL-MaLR	1638	-	230	52937895	89195
chr5	150418050	150618050	harbor2	chr5	150437555	150437712	LTR/ERVL-MaLR	508	-	78	150437633	19583
chr5	73351468	73551468	harbor2	chr5	73358775	73359107	LTR/ERVL-MaLR	1122	-	166	73358941	7473
chr5	73351468	73551468	harbor2	chr5	73361066	73361352	LTR/ERVL-MaLR	2067	-	143	73361209	9741
chr5	73351468	73551468	harbor2	chr5	73361639	73361717	LTR/ERVL-MaLR	2067	-	39	73361678	10210
chr5	73351468	73551468	harbor2	chr5	73398341	73398722	LTR/ERVL-MaLR	731	-	190	73398531	47063
chr5	73351468	73551468	harbor2	chr5	73408956	73409382	LTR/ERVL-MaLR	1923	-	213	73409169	57701
chr5	73351468	73551468	harbor2	chr5	73414204	73414649	LTR/ERVL-MaLR	1283	-	222	73414426	62958
chr5	73351468	73551468	harbor2	chr5	73422125	73422524	LTR/ERVL-MaLR	1660	-	200	73422325	70857
chr5	73351468	73551468	harbor2	chr5	73425668	73426219	LTR/ERVL-MaLR	2030	-	276	73425944	74476
chr5	373064	573064	harbor2	chr5	387981	388173	LTR/ERVL-MaLR	739	-	96	388077	15013
chr5	16450508	16650508	harbor2	chr5	16467465	16467901	LTR/ERVL-MaLR	1314	-	218	16467683	17175
chr5	16450508	16650508	harbor2	chr5	16496236	16496674	LTR/ERVL-MaLR	1052	-	219	16496455	45947
chr5	16450508	16650508	harbor2	chr5	16511633	16511989	LTR/ERVL-MaLR	2229	-	178	16511811	61303
chr5	16450508	16650508	harbor2	chr5	16533651	16534123	LTR/ERVL-MaLR	826	-	236	16533887	83379
chr5	177922457	178122457	harbor2	chr5	177968633	177969013	LTR/ERVL-MaLR	1150	-	190	177968823	46366
chr5	177922457	178122457	harbor2	chr5	177997483	177997859	LTR/ERVL-MaLR	1959	-	188	177997671	75214
chr5	73351472	73551472	harbor2	chr5	73358775	73359107	LTR/ERVL-MaLR	1122	-	166	73358941	7469
chr5	73351472	73551472	harbor2	chr5	73361066	73361352	LTR/ERVL-MaLR	2067	-	143	73361209	9737
chr5	73351472	73551472	harbor2	chr5	73361639	73361717	LTR/ERVL-MaLR	2067	-	39	73361678	10206
chr5	73351472	73551472	harbor2	chr5	73398341	73398722	LTR/ERVL-MaLR	731	-	190	73398531	47059
chr5	73351472	73551472	harbor2	chr5	73408956	73409382	LTR/ERVL-MaLR	1923	-	213	73409169	57697
chr5	73351472	73551472	harbor2	chr5	73414204	73414649	LTR/ERVL-MaLR	1283	-	222	73414426	62954
chr5	73351472	73551472	harbor2	chr5	73422125	73422524	LTR/ERVL-MaLR	1660	-	200	73422325	70853
chr5	73351472	73551472	harbor2	chr5	73425668	73426219	LTR/ERVL-MaLR	2030	-	276	73425944	74472
chr5	10341907	10541907	harbor2	chr5	10343055	10343271	LTR/ERVL-MaLR	808	-	108	10343163	1256
chr5	10341907	10541907	harbor2	chr5	10361288	10361689	LTR/ERVL-MaLR	2050	-	200	10361488	19581
chr5	10341907	10541907	harbor2	chr5	10368261	10368350	LTR/ERVL-MaLR	878	-	44	10368305	26398
chr5	10341907	10541907	harbor2	chr5	10368976	10369292	LTR/ERVL-MaLR	878	-	158	10369134	27227
chr5	10341907	10541907	harbor2	chr5	10371339	10371691	LTR/ERVL-MaLR	2163	-	176	10371515	29608
chr5	10341907	10541907	harbor2	chr5	10388451	10388848	LTR/ERVL-MaLR	720	-	198	10388649	46742
chr5	10341907	10541907	harbor2	chr5	10395624	10395811	LTR/ERVL-MaLR	496	-	94	10395718	53811
chr5	10341907	10541907	harbor2	chr5	10413541	10413894	LTR/ERVL-MaLR	2189	-	176	10413717	71810
chr5	10341907	10541907	harbor2	chr5	10419768	10420348	LTR/ERVL-MaLR	1011	-	290	10420058	78151
chr5	90417637	90617637	harbor2	chr5	90452849	90453118	LTR/ERVL-MaLR	966	-	134	90452983	35346
chr5	90417637	90617637	harbor2	chr5	90453431	90453514	LTR/ERVL-MaLR	966	-	42	90453473	35836
chr5	75136971	75336971	harbor2	chr5	75142921	75143382	LTR/ERVL-MaLR	1484	-	230	75143151	6180
chr5	181061884	181261884	harbor2	chr5	181063788	181064006	LTR/ERVL-MaLR	1049	-	109	181063897	2013
chr5	181061884	181261884	harbor2	chr5	181064140	181064159	LTR/ERVL-MaLR	1049	-	10	181064150	2266
chr5	181061884	181261884	harbor2	chr5	181064452	181064621	LTR/ERVL-MaLR	1049	-	84	181064536	2652
chr5	181061884	181261884	harbor2	chr5	181095916	181096294	LTR/ERVL-MaLR	2169	-	189	181096105	34221
chr5	181061884	181261884	harbor2	chr5	181118645	181118837	LTR/ERVL-MaLR	1059	-	96	181118741	56857
chr5	141136632	141336632	harbor2	chr5	141142526	141142895	LTR/ERVL-MaLR	1119	-	184	141142710	6078
chr5	141136632	141336632	harbor2	chr5	141220971	141221158	LTR/ERVL-MaLR	502	-	94	141221065	84433
chr5	38973892	39173892	harbor2	chr5	38979544	38979765	LTR/ERVL-MaLR	915	-	110	38979654	5762
chr5	38973892	39173892	harbor2	chr5	39007153	39007526	LTR/ERVL-MaLR	1895	-	186	39007339	33447
chr5	38973892	39173892	harbor2	chr5	39025511	39025871	LTR/ERVL-MaLR	1542	-	180	39025691	51799
chr5	38973892	39173892	harbor2	chr5	39065050	39065447	LTR/ERVL-MaLR	2096	-	198	39065248	91356
chr5	38973892	39173892	harbor2	chr5	39065448	39067086	LTR/ERVL-MaLR	9713	-	819	39066267	92375
chr5	38973892	39173892	harbor2	chr5	39067087	39067470	LTR/ERVL-MaLR	2091	-	192	39067279	93387
chr5	52700057	52900057	harbor2	chr5	52744674	52744760	LTR/ERVL-MaLR	2504	-	43	52744717	44660
chr5	52700057	52900057	harbor2	chr5	52744761	52745041	LTR/ERVL-MaLR	1616	-	140	52744901	44844
chr5	52700057	52900057	harbor2	chr5	52745042	52745284	LTR/ERVL-MaLR	2504	-	121	52745163	45106
chr5	52700057	52900057	harbor2	chr5	52745729	52745845	LTR/ERVL-MaLR	2504	-	58	52745787	45730
chr5	52700057	52900057	harbor2	chr5	52751685	52752064	LTR/ERVL-MaLR	2094	-	190	52751875	51818
chr5	52700057	52900057	harbor2	chr5	52767327	52767695	LTR/ERVL-MaLR	1033	-	184	52767511	67454
chr5	52700057	52900057	harbor2	chr5	52790350	52790837	LTR/ERVL-MaLR	2408	-	244	52790594	90537
chr5	10661141	10861141	harbor2	chr5	10661382	10661836	LTR/ERVL-MaLR	1053	-	227	10661609	468
chr5	10661141	10861141	harbor2	chr5	10668702	10669132	LTR/ERVL-MaLR	737	-	215	10668917	7776
chr5	135111374	135311374	harbor2	chr5	135123142	135123487	LTR/ERVL-MaLR	746	-	172	135123314	11940
chr5	135111374	135311374	harbor2	chr5	135147345	135147708	LTR/ERVL-MaLR	2763	-	182	135147527	36153
chr5	135111374	135311374	harbor2	chr5	135160026	135160850	LTR/ERVL-MaLR	2425	-	412	135160438	49064
chr5	135111374	135311374	harbor2	chr5	135161156	135161662	LTR/ERVL-MaLR	2425	-	253	135161409	50035
chr5	135111374	135311374	harbor2	chr5	135161701	135162104	LTR/ERVL-MaLR	668	-	202	135161903	50529
chr5	73397918	73597918	harbor2	chr5	73398341	73398722	LTR/ERVL-MaLR	731	-	190	73398531	613
chr5	73397918	73597918	harbor2	chr5	73408956	73409382	LTR/ERVL-MaLR	1923	-	213	73409169	11251
chr5	73397918	73597918	harbor2	chr5	73414204	73414649	LTR/ERVL-MaLR	1283	-	222	73414426	16508
chr5	73397918	73597918	harbor2	chr5	73422125	73422524	LTR/ERVL-MaLR	1660	-	200	73422325	24407
chr5	73397918	73597918	harbor2	chr5	73425668	73426219	LTR/ERVL-MaLR	2030	-	276	73425944	28026
chr5	73397918	73597918	harbor2	chr5	73458032	73458257	LTR/ERVL-MaLR	1082	-	112	73458144	60226
chr5	73397918	73597918	harbor2	chr5	73458258	73458665	LTR/ERVL-MaLR	1924	-	204	73458462	60544
chr5	73397918	73597918	harbor2	chr5	73458666	73458771	LTR/ERVL-MaLR	1082	-	52	73458718	60800
chr5	73397918	73597918	harbor2	chr5	73488334	73488443	LTR/ERVL-MaLR	1492	-	54	73488388	90470
chr5	73397918	73597918	harbor2	chr5	73488743	73489006	LTR/ERVL-MaLR	1492	-	132	73488875	90957
chr5	37452845	37652845	harbor2	chr5	37466886	37466953	LTR/ERVL-MaLR	1624	-	34	37466920	14075
chr5	37452845	37652845	harbor2	chr5	37467255	37467534	LTR/ERVL-MaLR	1624	-	140	37467395	14550
chr5	37452845	37652845	harbor2	chr5	37468149	37468192	LTR/ERVL-MaLR	1624	-	22	37468171	15326
chr5	37452845	37652845	harbor2	chr5	37480363	37480714	LTR/ERVL-MaLR	2393	-	176	37480539	27694
chr5	37452845	37652845	harbor2	chr5	37480719	37482270	LTR/ERVL-MaLR	9858	-	776	37481495	28650
chr5	37452845	37652845	harbor2	chr5	37482272	37482628	LTR/ERVL-MaLR	2320	-	178	37482450	29605
chr5	37452845	37652845	harbor2	chr5	37493135	37493298	LTR/ERVL-MaLR	686	-	82	37493217	40372
chr5	37452845	37652845	harbor2	chr5	37511949	37512227	LTR/ERVL-MaLR	883	-	139	37512088	59243
chr5	37452845	37652845	harbor2	chr5	37512519	37512583	LTR/ERVL-MaLR	883	-	32	37512551	59706
chr5	37452845	37652845	harbor2	chr5	37512885	37512994	LTR/ERVL-MaLR	883	-	54	37512939	60094
chr5	37452845	37652845	harbor2	chr5	37502606	37503005	LTR/ERVL-MaLR	2113	-	200	37502806	49961
chr5	10341892	10541892	harbor2	chr5	10343055	10343271	LTR/ERVL-MaLR	808	-	108	10343163	1271
chr5	10341892	10541892	harbor2	chr5	10361288	10361689	LTR/ERVL-MaLR	2050	-	200	10361488	19596
chr5	10341892	10541892	harbor2	chr5	10368261	10368350	LTR/ERVL-MaLR	878	-	44	10368305	26413
chr5	10341892	10541892	harbor2	chr5	10368976	10369292	LTR/ERVL-MaLR	878	-	158	10369134	27242
chr5	10341892	10541892	harbor2	chr5	10371339	10371691	LTR/ERVL-MaLR	2163	-	176	10371515	29623
chr5	10341892	10541892	harbor2	chr5	10388451	10388848	LTR/ERVL-MaLR	720	-	198	10388649	46757
chr5	10341892	10541892	harbor2	chr5	10395624	10395811	LTR/ERVL-MaLR	496	-	94	10395718	53826
chr5	10341892	10541892	harbor2	chr5	10413541	10413894	LTR/ERVL-MaLR	2189	-	176	10413717	71825
chr5	10341892	10541892	harbor2	chr5	10419768	10420348	LTR/ERVL-MaLR	1011	-	290	10420058	78166
chr5	9114713	9314713	harbor2	chr5	9131099	9131327	LTR/ERVL-MaLR	1694	-	114	9131213	16500
chr5	9114713	9314713	harbor2	chr5	9131638	9131829	LTR/ERVL-MaLR	1694	-	96	9131734	17021
chr5	9114713	9314713	harbor2	chr5	9173364	9173719	LTR/ERVL-MaLR	1898	-	178	9173542	58829
chr5	9114713	9314713	harbor2	chr5	9179843	9180296	LTR/ERVL-MaLR	1419	-	226	9180069	65356
chr5	9114713	9314713	harbor2	chr5	9212877	9213243	LTR/ERVL-MaLR	2034	-	183	9213060	98347
chr5	132104549	132304549	harbor2	chr5	132149064	132149396	LTR/ERVL-MaLR	1680	-	166	132149230	44681
chr5	132104549	132304549	harbor2	chr5	132183747	132184008	LTR/ERVL-MaLR	2241	-	130	132183877	79328
chr5	132104549	132304549	harbor2	chr5	132184263	132184457	LTR/ERVL-MaLR	2241	-	97	132184360	79811
chr5	132104549	132304549	harbor2	chr5	132190938	132191230	LTR/ERVL-MaLR	1482	-	146	132191084	86535
chr5	132104549	132304549	harbor2	chr5	132191533	132191583	LTR/ERVL-MaLR	1482	-	25	132191558	87009
chr5	150968283	151168283	harbor2	chr5	150973750	150973918	LTR/ERVL-MaLR	929	-	84	150973834	5551
chr5	150968283	151168283	harbor2	chr5	150974133	150974465	LTR/ERVL-MaLR	729	-	166	150974299	6016
chr5	12213087	12413087	harbor2	chr5	12213309	12213705	LTR/ERVL-MaLR	1297	-	198	12213507	420
chr5	12213087	12413087	harbor2	chr5	12260316	12260758	LTR/ERVL-MaLR	1096	-	221	12260537	47450
chr5	12213087	12413087	harbor2	chr5	12272421	12272596	LTR/ERVL-MaLR	529	-	88	12272509	59422
chr5	12213087	12413087	harbor2	chr5	12272666	12272945	LTR/ERVL-MaLR	913	-	140	12272806	59719
chr5	12213087	12413087	harbor2	chr5	12302743	12303162	LTR/ERVL-MaLR	2150	-	210	12302953	89866
chr5	12213087	12413087	harbor2	chr5	12309378	12309753	LTR/ERVL-MaLR	1825	-	188	12309566	96479
chr5	135980732	136180732	harbor2	chr5	135992279	135992585	LTR/ERVL-MaLR	1665	-	153	135992432	11700
chr5	135980732	136180732	harbor2	chr5	135998732	135999078	LTR/ERVL-MaLR	1200	-	173	135998905	18173
chr5	135980732	136180732	harbor2	chr5	135999082	135999238	LTR/ERVL-MaLR	731	-	78	135999160	18428
chr5	135980732	136180732	harbor2	chr5	136021328	136021689	LTR/ERVL-MaLR	2316	-	180	136021508	40776
chr5	135980732	136180732	harbor2	chr5	136071572	136071934	LTR/ERVL-MaLR	2286	-	181	136071753	91021
chr5	73353308	73553308	harbor2	chr5	73358775	73359107	LTR/ERVL-MaLR	1122	-	166	73358941	5633
chr5	73353308	73553308	harbor2	chr5	73361066	73361352	LTR/ERVL-MaLR	2067	-	143	73361209	7901
chr5	73353308	73553308	harbor2	chr5	73361639	73361717	LTR/ERVL-MaLR	2067	-	39	73361678	8370
chr5	73353308	73553308	harbor2	chr5	73398341	73398722	LTR/ERVL-MaLR	731	-	190	73398531	45223
chr5	73353308	73553308	harbor2	chr5	73408956	73409382	LTR/ERVL-MaLR	1923	-	213	73409169	55861
chr5	73353308	73553308	harbor2	chr5	73414204	73414649	LTR/ERVL-MaLR	1283	-	222	73414426	61118
chr5	73353308	73553308	harbor2	chr5	73422125	73422524	LTR/ERVL-MaLR	1660	-	200	73422325	69017
chr5	73353308	73553308	harbor2	chr5	73425668	73426219	LTR/ERVL-MaLR	2030	-	276	73425944	72636
chr5	9115133	9315133	harbor2	chr5	9131099	9131327	LTR/ERVL-MaLR	1694	-	114	9131213	16080
chr5	9115133	9315133	harbor2	chr5	9131638	9131829	LTR/ERVL-MaLR	1694	-	96	9131734	16601
chr5	9115133	9315133	harbor2	chr5	9173364	9173719	LTR/ERVL-MaLR	1898	-	178	9173542	58409
chr5	9115133	9315133	harbor2	chr5	9179843	9180296	LTR/ERVL-MaLR	1419	-	226	9180069	64936
chr5	9115133	9315133	harbor2	chr5	9212877	9213243	LTR/ERVL-MaLR	2034	-	183	9213060	97927
chr5	52700041	52900041	harbor2	chr5	52699709	52700055	LTR/ERVL-MaLR	1353	-	173	52699882	159
chr5	52700041	52900041	harbor2	chr5	52744674	52744760	LTR/ERVL-MaLR	2504	-	43	52744717	44676
chr5	52700041	52900041	harbor2	chr5	52744761	52745041	LTR/ERVL-MaLR	1616	-	140	52744901	44860
chr5	52700041	52900041	harbor2	chr5	52745042	52745284	LTR/ERVL-MaLR	2504	-	121	52745163	45122
chr5	52700041	52900041	harbor2	chr5	52745729	52745845	LTR/ERVL-MaLR	2504	-	58	52745787	45746
chr5	52700041	52900041	harbor2	chr5	52751685	52752064	LTR/ERVL-MaLR	2094	-	190	52751875	51834
chr5	52700041	52900041	harbor2	chr5	52767327	52767695	LTR/ERVL-MaLR	1033	-	184	52767511	67470
chr5	52700041	52900041	harbor2	chr5	52790350	52790837	LTR/ERVL-MaLR	2408	-	244	52790594	90553
chr5	10184413	10384413	harbor2	chr5	10195312	10195661	LTR/ERVL-MaLR	1339	-	174	10195486	11073
chr5	10184413	10384413	harbor2	chr5	10195850	10196210	LTR/ERVL-MaLR	1786	-	180	10196030	11617
chr5	10184413	10384413	harbor2	chr5	10196217	10196807	LTR/ERVL-MaLR	2291	-	295	10196512	12099
chr5	10184413	10384413	harbor2	chr5	10197382	10197596	LTR/ERVL-MaLR	2291	-	107	10197489	13076
chr5	10184413	10384413	harbor2	chr5	10197899	10198242	LTR/ERVL-MaLR	2291	-	172	10198071	13658
chr5	10184413	10384413	harbor2	chr5	10198250	10198619	LTR/ERVL-MaLR	841	-	184	10198434	14021
chr5	10184413	10384413	harbor2	chr5	10200369	10200708	LTR/ERVL-MaLR	1723	-	170	10200539	16126
chr5	10184413	10384413	harbor2	chr5	10221838	10222258	LTR/ERVL-MaLR	1129	-	210	10222048	37635
chr5	10184413	10384413	harbor2	chr5	10223903	10225454	LTR/ERVL-MaLR	12123	-	776	10224679	40266
chr5	10184413	10384413	harbor2	chr5	10225455	10225767	LTR/ERVL-MaLR	1497	-	156	10225611	41198
chr5	10184413	10384413	harbor2	chr5	10240647	10240713	LTR/ERVL-MaLR	1477	-	33	10240680	56267
chr5	10184413	10384413	harbor2	chr5	10241022	10241369	LTR/ERVL-MaLR	1477	-	174	10241196	56783
chr5	10184413	10384413	harbor2	chr5	10273089	10273178	LTR/ERVL-MaLR	741	-	44	10273133	88720
chr5	10184413	10384413	harbor2	chr5	10274646	10275022	LTR/ERVL-MaLR	2798	-	188	10274834	90421
chr5	10184413	10384413	harbor2	chr5	10223554	10223902	LTR/ERVL-MaLR	2271	-	174	10223728	39315
chr5	9114912	9314912	harbor2	chr5	9131099	9131327	LTR/ERVL-MaLR	1694	-	114	9131213	16301
chr5	9114912	9314912	harbor2	chr5	9131638	9131829	LTR/ERVL-MaLR	1694	-	96	9131734	16822
chr5	9114912	9314912	harbor2	chr5	9173364	9173719	LTR/ERVL-MaLR	1898	-	178	9173542	58630
chr5	9114912	9314912	harbor2	chr5	9179843	9180296	LTR/ERVL-MaLR	1419	-	226	9180069	65157
chr5	9114912	9314912	harbor2	chr5	9212877	9213243	LTR/ERVL-MaLR	2034	-	183	9213060	98148
chr5	171288566	171488566	harbor2	chr5	171300950	171301343	LTR/ERVL-MaLR	1502	-	196	171301146	12580
chr5	93480280	93680280	harbor2	chr5	93504514	93504869	LTR/ERVL-MaLR	2704	-	178	93504692	24412
chr5	93480280	93680280	harbor2	chr5	93504872	93506451	LTR/ERVL-MaLR	11268	-	790	93505662	25382
chr5	93480280	93680280	harbor2	chr5	93506452	93506821	LTR/ERVL-MaLR	2382	-	184	93506636	26356
chr5	73354658	73554658	harbor2	chr5	73358775	73359107	LTR/ERVL-MaLR	1122	-	166	73358941	4283
chr5	73354658	73554658	harbor2	chr5	73361066	73361352	LTR/ERVL-MaLR	2067	-	143	73361209	6551
chr5	73354658	73554658	harbor2	chr5	73361639	73361717	LTR/ERVL-MaLR	2067	-	39	73361678	7020
chr5	73354658	73554658	harbor2	chr5	73398341	73398722	LTR/ERVL-MaLR	731	-	190	73398531	43873
chr5	73354658	73554658	harbor2	chr5	73408956	73409382	LTR/ERVL-MaLR	1923	-	213	73409169	54511
chr5	73354658	73554658	harbor2	chr5	73414204	73414649	LTR/ERVL-MaLR	1283	-	222	73414426	59768
chr5	73354658	73554658	harbor2	chr5	73422125	73422524	LTR/ERVL-MaLR	1660	-	200	73422325	67667
chr5	73354658	73554658	harbor2	chr5	73425668	73426219	LTR/ERVL-MaLR	2030	-	276	73425944	71286
chr5	149752251	149952251	harbor2	chr5	149769596	149770038	LTR/ERVL-MaLR	1984	-	221	149769817	17566
chr5	149752251	149952251	harbor2	chr5	149772423	149772806	LTR/ERVL-MaLR	2207	-	192	149772615	20364
chr5	149752251	149952251	harbor2	chr5	149786925	149787357	LTR/ERVL-MaLR	940	-	216	149787141	34890
chr5	149752251	149952251	harbor2	chr5	149812456	149812735	LTR/ERVL-MaLR	758	-	140	149812596	60345
chr5	149752251	149952251	harbor2	chr5	149813708	149814050	LTR/ERVL-MaLR	1750	-	171	149813879	61628
chr5	9114251	9314251	harbor2	chr5	9131099	9131327	LTR/ERVL-MaLR	1694	-	114	9131213	16962
chr5	9114251	9314251	harbor2	chr5	9131638	9131829	LTR/ERVL-MaLR	1694	-	96	9131734	17483
chr5	9114251	9314251	harbor2	chr5	9173364	9173719	LTR/ERVL-MaLR	1898	-	178	9173542	59291
chr5	9114251	9314251	harbor2	chr5	9179843	9180296	LTR/ERVL-MaLR	1419	-	226	9180069	65818
chr5	9114251	9314251	harbor2	chr5	9212877	9213243	LTR/ERVL-MaLR	2034	-	183	9213060	98809
chr5	130296604	130496604	harbor2	chr5	130304801	130305413	LTR/ERVL-MaLR	1688	-	306	130305107	8503
chr5	130296604	130496604	harbor2	chr5	130361862	130362292	LTR/ERVL-MaLR	1812	-	215	130362077	65473
chr5	130296604	130496604	harbor2	chr5	130362294	130362712	LTR/ERVL-MaLR	2242	-	209	130362503	65899
chr5	130296604	130496604	harbor2	chr5	130362932	130363700	LTR/ERVL-MaLR	2967	-	384	130363316	66712
chr5	130296604	130496604	harbor2	chr5	130372599	130372880	LTR/ERVL-MaLR	1307	-	140	130372739	76135
chr5	9114268	9314268	harbor2	chr5	9131099	9131327	LTR/ERVL-MaLR	1694	-	114	9131213	16945
chr5	9114268	9314268	harbor2	chr5	9131638	9131829	LTR/ERVL-MaLR	1694	-	96	9131734	17466
chr5	9114268	9314268	harbor2	chr5	9173364	9173719	LTR/ERVL-MaLR	1898	-	178	9173542	59274
chr5	9114268	9314268	harbor2	chr5	9179843	9180296	LTR/ERVL-MaLR	1419	-	226	9180069	65801
chr5	9114268	9314268	harbor2	chr5	9212877	9213243	LTR/ERVL-MaLR	2034	-	183	9213060	98792
chr5	153994567	154194567	harbor2	chr5	154059278	154059589	LTR/ERVL-MaLR	824	-	156	154059434	64867
chr5	153994567	154194567	harbor2	chr5	154068359	154068805	LTR/ERVL-MaLR	1926	-	223	154068582	74015
chr5	153994567	154194567	harbor2	chr5	154082897	154083158	LTR/ERVL-MaLR	2644	-	130	154083027	88460
chr5	153994567	154194567	harbor2	chr5	154083184	154083384	LTR/ERVL-MaLR	2644	-	100	154083284	88717
chr5	153994567	154194567	harbor2	chr5	154058600	154058797	LTR/ERVL-MaLR	824	-	98	154058698	64131
chr5	78345454	78545454	harbor2	chr5	78355435	78356025	LTR/ERVL-MaLR	1676	-	295	78355730	10276
chr5	78345454	78545454	harbor2	chr5	78365922	78366134	LTR/ERVL-MaLR	1697	-	106	78366028	20574
chr5	78345454	78545454	harbor2	chr5	78366444	78366598	LTR/ERVL-MaLR	1697	-	77	78366521	21067
chr5	78345454	78545454	harbor2	chr5	78367241	78367678	LTR/ERVL-MaLR	744	-	218	78367459	22005
chr5	78345454	78545454	harbor2	chr5	78367698	78368248	LTR/ERVL-MaLR	1826	-	275	78367973	22519
chr5	78345454	78545454	harbor2	chr5	78395440	78396005	LTR/ERVL-MaLR	1007	-	282	78395722	50268
chr5	78345454	78545454	harbor2	chr5	78408075	78408440	LTR/ERVL-MaLR	2662	-	182	78408257	62803
chr5	78345454	78545454	harbor2	chr5	78427028	78427473	LTR/ERVL-MaLR	2028	-	222	78427250	81796
chr5	78345454	78545454	harbor2	chr5	78444221	78444583	LTR/ERVL-MaLR	2434	-	181	78444402	98948
chr5	10341858	10541858	harbor2	chr5	10343055	10343271	LTR/ERVL-MaLR	808	-	108	10343163	1305
chr5	10341858	10541858	harbor2	chr5	10361288	10361689	LTR/ERVL-MaLR	2050	-	200	10361488	19630
chr5	10341858	10541858	harbor2	chr5	10368261	10368350	LTR/ERVL-MaLR	878	-	44	10368305	26447
chr5	10341858	10541858	harbor2	chr5	10368976	10369292	LTR/ERVL-MaLR	878	-	158	10369134	27276
chr5	10341858	10541858	harbor2	chr5	10371339	10371691	LTR/ERVL-MaLR	2163	-	176	10371515	29657
chr5	10341858	10541858	harbor2	chr5	10388451	10388848	LTR/ERVL-MaLR	720	-	198	10388649	46791
chr5	10341858	10541858	harbor2	chr5	10395624	10395811	LTR/ERVL-MaLR	496	-	94	10395718	53860
chr5	10341858	10541858	harbor2	chr5	10413541	10413894	LTR/ERVL-MaLR	2189	-	176	10413717	71859
chr5	10341858	10541858	harbor2	chr5	10419768	10420348	LTR/ERVL-MaLR	1011	-	290	10420058	78200
chr5	75136972	75336972	harbor2	chr5	75142921	75143382	LTR/ERVL-MaLR	1484	-	230	75143151	6179
chr5	171287658	171487658	harbor2	chr5	171300950	171301343	LTR/ERVL-MaLR	1502	-	196	171301146	13488
chr5	73351454	73551454	harbor2	chr5	73358775	73359107	LTR/ERVL-MaLR	1122	-	166	73358941	7487
chr5	73351454	73551454	harbor2	chr5	73361066	73361352	LTR/ERVL-MaLR	2067	-	143	73361209	9755
chr5	73351454	73551454	harbor2	chr5	73361639	73361717	LTR/ERVL-MaLR	2067	-	39	73361678	10224
chr5	73351454	73551454	harbor2	chr5	73398341	73398722	LTR/ERVL-MaLR	731	-	190	73398531	47077
chr5	73351454	73551454	harbor2	chr5	73408956	73409382	LTR/ERVL-MaLR	1923	-	213	73409169	57715
chr5	73351454	73551454	harbor2	chr5	73414204	73414649	LTR/ERVL-MaLR	1283	-	222	73414426	62972
chr5	73351454	73551454	harbor2	chr5	73422125	73422524	LTR/ERVL-MaLR	1660	-	200	73422325	70871
chr5	73351454	73551454	harbor2	chr5	73425668	73426219	LTR/ERVL-MaLR	2030	-	276	73425944	74490
chr5	171288550	171488550	harbor2	chr5	171300950	171301343	LTR/ERVL-MaLR	1502	-	196	171301146	12596
chr5	181070052	181270052	harbor2	chr5	181095916	181096294	LTR/ERVL-MaLR	2169	-	189	181096105	26053
chr5	181070052	181270052	harbor2	chr5	181118645	181118837	LTR/ERVL-MaLR	1059	-	96	181118741	48689
chr5	11986337	12186337	harbor2	chr5	12002184	12002540	LTR/ERVL-MaLR	1761	-	178	12002362	16025
chr5	11986337	12186337	harbor2	chr5	12007284	12007653	LTR/ERVL-MaLR	2167	-	184	12007468	21131
chr5	11986337	12186337	harbor2	chr5	12007654	12009228	LTR/ERVL-MaLR	10566	-	787	12008441	22104
chr5	11986337	12186337	harbor2	chr5	12026906	12027256	LTR/ERVL-MaLR	1886	-	175	12027081	40744
chr5	11986337	12186337	harbor2	chr5	12027259	12028869	LTR/ERVL-MaLR	10753	-	805	12028064	41727
chr5	11986337	12186337	harbor2	chr5	12028870	12029237	LTR/ERVL-MaLR	1815	-	184	12029054	42717
chr5	11986337	12186337	harbor2	chr5	12078257	12079072	LTR/ERVL-MaLR	8864	-	408	12078665	92328
chr5	11986337	12186337	harbor2	chr5	12079374	12079803	LTR/ERVL-MaLR	8864	-	214	12079588	93251
chr5	11986337	12186337	harbor2	chr5	12079804	12080145	LTR/ERVL-MaLR	2090	-	170	12079974	93637
chr5	11986337	12186337	harbor2	chr5	12084744	12084872	LTR/ERVL-MaLR	599	-	64	12084808	98471
chr5	11986337	12186337	harbor2	chr5	12009229	12009572	LTR/ERVL-MaLR	1909	-	172	12009401	23064
chr5	93480288	93680288	harbor2	chr5	93504514	93504869	LTR/ERVL-MaLR	2704	-	178	93504692	24404
chr5	93480288	93680288	harbor2	chr5	93504872	93506451	LTR/ERVL-MaLR	11268	-	790	93505662	25374
chr5	93480288	93680288	harbor2	chr5	93506452	93506821	LTR/ERVL-MaLR	2382	-	184	93506636	26348
chr5	62303878	62503878	harbor2	chr5	62339042	62339451	LTR/ERVL-MaLR	1824	-	204	62339246	35368
chr5	62303878	62503878	harbor2	chr5	62369208	62369573	LTR/ERVL-MaLR	2037	-	182	62369390	65512
chr5	164861844	165061844	harbor2	chr5	164868265	164868573	LTR/ERVL-MaLR	457	-	154	164868419	6575
chr5	164861844	165061844	harbor2	chr5	164868591	164868942	LTR/ERVL-MaLR	552	-	176	164868767	6923
chr5	164861844	165061844	harbor2	chr5	164903269	164903528	LTR/ERVL-MaLR	753	-	130	164903399	41555
chr5	164861844	165061844	harbor2	chr5	164903531	164903729	LTR/ERVL-MaLR	445	-	99	164903630	41786
chr5	164861844	165061844	harbor2	chr5	164939087	164939301	LTR/ERVL-MaLR	1985	-	107	164939194	77350
chr5	164861844	165061844	harbor2	chr5	164939603	164939760	LTR/ERVL-MaLR	1985	-	78	164939681	77837
chr5	6526022	6726022	harbor2	chr5	6529830	6530178	LTR/ERVL-MaLR	857	-	174	6530004	3982
chr5	6526022	6726022	harbor2	chr5	6567791	6568296	LTR/ERVL-MaLR	737	-	252	6568043	42021
chr5	6526022	6726022	harbor2	chr5	6579287	6579648	LTR/ERVL-MaLR	2162	-	180	6579467	53445
chr5	6526022	6726022	harbor2	chr5	6593878	6594010	LTR/ERVL-MaLR	631	-	66	6593944	67922
chr5	6526022	6726022	harbor2	chr5	6595977	6596137	LTR/ERVL-MaLR	533	-	80	6596057	70035
chr5	150967168	151167168	harbor2	chr5	150973750	150973918	LTR/ERVL-MaLR	929	-	84	150973834	6666
chr5	150967168	151167168	harbor2	chr5	150974133	150974465	LTR/ERVL-MaLR	729	-	166	150974299	7131
chr5	10661088	10861088	harbor2	chr5	10661382	10661836	LTR/ERVL-MaLR	1053	-	227	10661609	521
chr5	10661088	10861088	harbor2	chr5	10668702	10669132	LTR/ERVL-MaLR	737	-	215	10668917	7829
chr5	10341908	10541908	harbor2	chr5	10343055	10343271	LTR/ERVL-MaLR	808	-	108	10343163	1255
chr5	10341908	10541908	harbor2	chr5	10361288	10361689	LTR/ERVL-MaLR	2050	-	200	10361488	19580
chr5	10341908	10541908	harbor2	chr5	10368261	10368350	LTR/ERVL-MaLR	878	-	44	10368305	26397
chr5	10341908	10541908	harbor2	chr5	10368976	10369292	LTR/ERVL-MaLR	878	-	158	10369134	27226
chr5	10341908	10541908	harbor2	chr5	10371339	10371691	LTR/ERVL-MaLR	2163	-	176	10371515	29607
chr5	10341908	10541908	harbor2	chr5	10388451	10388848	LTR/ERVL-MaLR	720	-	198	10388649	46741
chr5	10341908	10541908	harbor2	chr5	10395624	10395811	LTR/ERVL-MaLR	496	-	94	10395718	53810
chr5	10341908	10541908	harbor2	chr5	10413541	10413894	LTR/ERVL-MaLR	2189	-	176	10413717	71809
chr5	10341908	10541908	harbor2	chr5	10419768	10420348	LTR/ERVL-MaLR	1011	-	290	10420058	78150
chr5	170686109	170886109	harbor2	chr5	170700773	170700903	LTR/ERVL-MaLR	481	-	65	170700838	14729
chr5	2004592	2204592	harbor2	chr5	2006535	2006739	LTR/ERVL-MaLR	551	-	102	2006637	2045
chr5	2004592	2204592	harbor2	chr5	2012170	2012571	LTR/ERVL-MaLR	1236	-	200	2012370	7778
chr5	2004592	2204592	harbor2	chr5	2033472	2034653	LTR/ERVL-MaLR	2193	-	590	2034062	29470
chr5	2004592	2204592	harbor2	chr5	2034659	2035197	LTR/ERVL-MaLR	528	-	269	2034928	30336
chr5	2004592	2204592	harbor2	chr5	2057108	2057222	LTR/ERVL-MaLR	445	-	57	2057165	52573
chr5	2004592	2204592	harbor2	chr5	2058176	2058707	LTR/ERVL-MaLR	3820	-	266	2058442	53850
chr5	2004592	2204592	harbor2	chr5	2058708	2059060	LTR/ERVL-MaLR	2795	-	176	2058884	54292
chr5	99806980	100006980	harbor2	chr5	99844139	99844408	LTR/ERVL-MaLR	1066	-	134	99844273	37293
chr5	99806980	100006980	harbor2	chr5	99862701	99863062	LTR/ERVL-MaLR	2386	-	180	99862881	55901
chr5	99806980	100006980	harbor2	chr5	99870797	99871068	LTR/ERVL-MaLR	489	-	136	99870933	63953
chr5	99806980	100006980	harbor2	chr5	99871388	99871468	LTR/ERVL-MaLR	489	-	40	99871428	64448
chr5	132110718	132310718	harbor2	chr5	132149064	132149396	LTR/ERVL-MaLR	1680	-	166	132149230	38512
chr5	132110718	132310718	harbor2	chr5	132183747	132184008	LTR/ERVL-MaLR	2241	-	130	132183877	73159
chr5	132110718	132310718	harbor2	chr5	132184263	132184457	LTR/ERVL-MaLR	2241	-	97	132184360	73642
chr5	132110718	132310718	harbor2	chr5	132190938	132191230	LTR/ERVL-MaLR	1482	-	146	132191084	80366
chr5	132110718	132310718	harbor2	chr5	132191533	132191583	LTR/ERVL-MaLR	1482	-	25	132191558	80840
chr5	151640401	151840401	harbor2	chr5	151642455	151642824	LTR/ERVL-MaLR	2051	-	184	151642639	2238
chr5	151640401	151840401	harbor2	chr5	151692881	151693045	LTR/ERVL-MaLR	2160	-	82	151692963	52562
chr5	151640401	151840401	harbor2	chr5	151693354	151693670	LTR/ERVL-MaLR	2160	-	158	151693512	53111
chr5	151640401	151840401	harbor2	chr5	151695099	151695450	LTR/ERVL-MaLR	1662	-	176	151695275	54874
chr5	151640401	151840401	harbor2	chr5	151707750	151707934	LTR/ERVL-MaLR	428	-	92	151707842	67441
chr5	151640401	151840401	harbor2	chr5	151731258	151731408	LTR/ERVL-MaLR	806	-	75	151731333	90932
chr5	151640401	151840401	harbor2	chr5	151731570	151731894	LTR/ERVL-MaLR	806	-	162	151731732	91331
chr5	73351410	73551410	harbor2	chr5	73358775	73359107	LTR/ERVL-MaLR	1122	-	166	73358941	7531
chr5	73351410	73551410	harbor2	chr5	73361066	73361352	LTR/ERVL-MaLR	2067	-	143	73361209	9799
chr5	73351410	73551410	harbor2	chr5	73361639	73361717	LTR/ERVL-MaLR	2067	-	39	73361678	10268
chr5	73351410	73551410	harbor2	chr5	73398341	73398722	LTR/ERVL-MaLR	731	-	190	73398531	47121
chr5	73351410	73551410	harbor2	chr5	73408956	73409382	LTR/ERVL-MaLR	1923	-	213	73409169	57759
chr5	73351410	73551410	harbor2	chr5	73414204	73414649	LTR/ERVL-MaLR	1283	-	222	73414426	63016
chr5	73351410	73551410	harbor2	chr5	73422125	73422524	LTR/ERVL-MaLR	1660	-	200	73422325	70915
chr5	73351410	73551410	harbor2	chr5	73425668	73426219	LTR/ERVL-MaLR	2030	-	276	73425944	74534
chr5	143870685	144070685	harbor2	chr5	143906611	143906965	LTR/ERVL-MaLR	1960	-	177	143906788	36103
chr5	143870685	144070685	harbor2	chr5	143918302	143918617	LTR/ERVL-MaLR	706	-	158	143918460	47775
chr5	143870685	144070685	harbor2	chr5	143938166	143938369	LTR/ERVL-MaLR	496	-	102	143938268	67583
chr5	143870685	144070685	harbor2	chr5	143939292	143939647	LTR/ERVL-MaLR	2048	-	178	143939470	68785
chr5	135980728	136180728	harbor2	chr5	135992279	135992585	LTR/ERVL-MaLR	1665	-	153	135992432	11704
chr5	135980728	136180728	harbor2	chr5	135998732	135999078	LTR/ERVL-MaLR	1200	-	173	135998905	18177
chr5	135980728	136180728	harbor2	chr5	135999082	135999238	LTR/ERVL-MaLR	731	-	78	135999160	18432
chr5	135980728	136180728	harbor2	chr5	136021328	136021689	LTR/ERVL-MaLR	2316	-	180	136021508	40780
chr5	135980728	136180728	harbor2	chr5	136071572	136071934	LTR/ERVL-MaLR	2286	-	181	136071753	91025
chr5	135359105	135559105	harbor2	chr5	135393046	135393411	LTR/ERVL-MaLR	1051	-	182	135393228	34123
chr5	135359105	135559105	harbor2	chr5	135404984	135405392	LTR/ERVL-MaLR	1479	-	204	135405188	46083
chr5	135359105	135559105	harbor2	chr5	135411504	135411639	LTR/ERVL-MaLR	851	-	68	135411572	52467
chr5	135359105	135559105	harbor2	chr5	135426611	135427049	LTR/ERVL-MaLR	1160	-	219	135426830	67725
chr5	126748604	126948604	harbor2	chr5	126756360	126756607	LTR/ERVL-MaLR	767	-	124	126756484	7880
chr5	126748604	126948604	harbor2	chr5	126756912	126757004	LTR/ERVL-MaLR	767	-	46	126756958	8354
chr5	126748604	126948604	harbor2	chr5	126757223	126757418	LTR/ERVL-MaLR	767	-	98	126757321	8717
chr5	126748604	126948604	harbor2	chr5	126806314	126806740	LTR/ERVL-MaLR	717	-	213	126806527	57923
chr5	126748604	126948604	harbor2	chr5	126813504	126813877	LTR/ERVL-MaLR	1903	-	186	126813690	65086
chr5	126748604	126948604	harbor2	chr5	126833921	126834173	LTR/ERVL-MaLR	933	-	126	126834047	85443
chr5	126748604	126948604	harbor2	chr5	126834459	126834581	LTR/ERVL-MaLR	547	-	61	126834520	85916
chr5	10342114	10542114	harbor2	chr5	10343055	10343271	LTR/ERVL-MaLR	808	-	108	10343163	1049
chr5	10342114	10542114	harbor2	chr5	10361288	10361689	LTR/ERVL-MaLR	2050	-	200	10361488	19374
chr5	10342114	10542114	harbor2	chr5	10368261	10368350	LTR/ERVL-MaLR	878	-	44	10368305	26191
chr5	10342114	10542114	harbor2	chr5	10368976	10369292	LTR/ERVL-MaLR	878	-	158	10369134	27020
chr5	10342114	10542114	harbor2	chr5	10371339	10371691	LTR/ERVL-MaLR	2163	-	176	10371515	29401
chr5	10342114	10542114	harbor2	chr5	10388451	10388848	LTR/ERVL-MaLR	720	-	198	10388649	46535
chr5	10342114	10542114	harbor2	chr5	10395624	10395811	LTR/ERVL-MaLR	496	-	94	10395718	53604
chr5	10342114	10542114	harbor2	chr5	10413541	10413894	LTR/ERVL-MaLR	2189	-	176	10413717	71603
chr5	10342114	10542114	harbor2	chr5	10419768	10420348	LTR/ERVL-MaLR	1011	-	290	10420058	77944
chr5	10341878	10541878	harbor2	chr5	10343055	10343271	LTR/ERVL-MaLR	808	-	108	10343163	1285
chr5	10341878	10541878	harbor2	chr5	10361288	10361689	LTR/ERVL-MaLR	2050	-	200	10361488	19610
chr5	10341878	10541878	harbor2	chr5	10368261	10368350	LTR/ERVL-MaLR	878	-	44	10368305	26427
chr5	10341878	10541878	harbor2	chr5	10368976	10369292	LTR/ERVL-MaLR	878	-	158	10369134	27256
chr5	10341878	10541878	harbor2	chr5	10371339	10371691	LTR/ERVL-MaLR	2163	-	176	10371515	29637
chr5	10341878	10541878	harbor2	chr5	10388451	10388848	LTR/ERVL-MaLR	720	-	198	10388649	46771
chr5	10341878	10541878	harbor2	chr5	10395624	10395811	LTR/ERVL-MaLR	496	-	94	10395718	53840
chr5	10341878	10541878	harbor2	chr5	10413541	10413894	LTR/ERVL-MaLR	2189	-	176	10413717	71839
chr5	10341878	10541878	harbor2	chr5	10419768	10420348	LTR/ERVL-MaLR	1011	-	290	10420058	78180
chr5	93492549	93692549	harbor2	chr5	93504514	93504869	LTR/ERVL-MaLR	2704	-	178	93504692	12143
chr5	93492549	93692549	harbor2	chr5	93504872	93506451	LTR/ERVL-MaLR	11268	-	790	93505662	13113
chr5	93492549	93692549	harbor2	chr5	93506452	93506821	LTR/ERVL-MaLR	2382	-	184	93506636	14087
chr5	10341890	10541890	harbor2	chr5	10343055	10343271	LTR/ERVL-MaLR	808	-	108	10343163	1273
chr5	10341890	10541890	harbor2	chr5	10361288	10361689	LTR/ERVL-MaLR	2050	-	200	10361488	19598
chr5	10341890	10541890	harbor2	chr5	10368261	10368350	LTR/ERVL-MaLR	878	-	44	10368305	26415
chr5	10341890	10541890	harbor2	chr5	10368976	10369292	LTR/ERVL-MaLR	878	-	158	10369134	27244
chr5	10341890	10541890	harbor2	chr5	10371339	10371691	LTR/ERVL-MaLR	2163	-	176	10371515	29625
chr5	10341890	10541890	harbor2	chr5	10388451	10388848	LTR/ERVL-MaLR	720	-	198	10388649	46759
chr5	10341890	10541890	harbor2	chr5	10395624	10395811	LTR/ERVL-MaLR	496	-	94	10395718	53828
chr5	10341890	10541890	harbor2	chr5	10413541	10413894	LTR/ERVL-MaLR	2189	-	176	10413717	71827
chr5	10341890	10541890	harbor2	chr5	10419768	10420348	LTR/ERVL-MaLR	1011	-	290	10420058	78168
chr5	9114687	9314687	harbor2	chr5	9131099	9131327	LTR/ERVL-MaLR	1694	-	114	9131213	16526
chr5	9114687	9314687	harbor2	chr5	9131638	9131829	LTR/ERVL-MaLR	1694	-	96	9131734	17047
chr5	9114687	9314687	harbor2	chr5	9173364	9173719	LTR/ERVL-MaLR	1898	-	178	9173542	58855
chr5	9114687	9314687	harbor2	chr5	9179843	9180296	LTR/ERVL-MaLR	1419	-	226	9180069	65382
chr5	9114687	9314687	harbor2	chr5	9212877	9213243	LTR/ERVL-MaLR	2034	-	183	9213060	98373
chr5	179720825	179920825	harbor2	chr5	179814446	179814753	LTR/ERVL-MaLR	457	-	154	179814600	93775
chr5	79955999	80155999	harbor2	chr5	79965991	79966093	LTR/ERVL-MaLR	500	-	51	79966042	10043
chr5	79955999	80155999	harbor2	chr5	80023606	80024058	LTR/ERVL-MaLR	1825	-	226	80023832	67833
chr5	79955999	80155999	harbor2	chr5	80031526	80031792	LTR/ERVL-MaLR	493	-	133	80031659	75660
chr5	79955999	80155999	harbor2	chr5	80040594	80040706	LTR/ERVL-MaLR	1928	-	56	80040650	84651
chr5	79955999	80155999	harbor2	chr5	80040707	80041150	LTR/ERVL-MaLR	2796	-	222	80040929	84930
chr5	79955999	80155999	harbor2	chr5	80041151	80041433	LTR/ERVL-MaLR	1928	-	141	80041292	85293
chr5	139561187	139761187	harbor2	chr5	139576159	139576489	LTR/ERVL-MaLR	1025	-	165	139576324	15137
chr5	139561187	139761187	harbor2	chr5	139619512	139619582	LTR/ERVL-MaLR	2641	-	35	139619547	58360
chr5	139561187	139761187	harbor2	chr5	139619873	139620221	LTR/ERVL-MaLR	2641	-	174	139620047	58860
chr5	78451235	78651235	harbor2	chr5	78473844	78474310	LTR/ERVL-MaLR	1177	-	233	78474077	22842
chr5	78451235	78651235	harbor2	chr5	78517441	78517802	LTR/ERVL-MaLR	2877	-	180	78517621	66386
chr5	78451235	78651235	harbor2	chr5	78548967	78549452	LTR/ERVL-MaLR	937	-	242	78549209	97974
chr5	32176705	32376705	harbor2	chr5	32190214	32190706	LTR/ERVL-MaLR	841	-	246	32190460	13755
chr5	32176705	32376705	harbor2	chr5	32191154	32191547	LTR/ERVL-MaLR	891	-	196	32191350	14645
chr5	32176705	32376705	harbor2	chr5	32207041	32207558	LTR/ERVL-MaLR	1542	-	258	32207299	30594
chr5	19259135	19459135	harbor2	chr5	19259010	19259171	LTR/ERVL-MaLR	469	-	80	19259090	45
chr5	19259135	19459135	harbor2	chr5	19269672	19270002	LTR/ERVL-MaLR	1521	-	165	19269837	10702
chr5	19259135	19459135	harbor2	chr5	19280963	19281351	LTR/ERVL-MaLR	1158	-	194	19281157	22022
chr5	19259135	19459135	harbor2	chr5	19282972	19283392	LTR/ERVL-MaLR	2545	-	210	19283182	24047
chr5	19259135	19459135	harbor2	chr5	19286622	19286766	LTR/ERVL-MaLR	910	-	72	19286694	27559
chr5	19259135	19459135	harbor2	chr5	19290713	19290955	LTR/ERVL-MaLR	1285	-	121	19290834	31699
chr5	19259135	19459135	harbor2	chr5	19302728	19302878	LTR/ERVL-MaLR	512	-	75	19302803	43668
chr5	19259135	19459135	harbor2	chr5	19308850	19309209	LTR/ERVL-MaLR	1866	-	180	19309030	49895
chr5	19259135	19459135	harbor2	chr5	19309216	19310818	LTR/ERVL-MaLR	10716	-	801	19310017	50882
chr5	19259135	19459135	harbor2	chr5	19310822	19311179	LTR/ERVL-MaLR	1901	-	178	19311000	51865
chr5	19259135	19459135	harbor2	chr5	19313831	19314185	LTR/ERVL-MaLR	1218	-	177	19314008	54873
chr5	19259135	19459135	harbor2	chr5	19314186	19314387	LTR/ERVL-MaLR	822	-	100	19314286	55151
chr5	19259135	19459135	harbor2	chr5	19315293	19315382	LTR/ERVL-MaLR	491	-	44	19315337	56202
chr5	19259135	19459135	harbor2	chr5	19315678	19315935	LTR/ERVL-MaLR	969	-	128	19315806	56671
chr5	19259135	19459135	harbor2	chr5	19315936	19316280	LTR/ERVL-MaLR	961	-	172	19316108	56973
chr5	19259135	19459135	harbor2	chr5	19322869	19323226	LTR/ERVL-MaLR	920	-	178	19323047	63912
chr5	19259135	19459135	harbor2	chr5	19331565	19331786	LTR/ERVL-MaLR	589	-	110	19331675	72540
chr5	19259135	19459135	harbor2	chr5	19283393	19285021	LTR/ERVL-MaLR	9177	-	814	19284207	25072
chr5	19259135	19459135	harbor2	chr5	19333062	19333440	LTR/ERVL-MaLR	1719	-	189	19333251	74116
chr5	10341853	10541853	harbor2	chr5	10343055	10343271	LTR/ERVL-MaLR	808	-	108	10343163	1310
chr5	10341853	10541853	harbor2	chr5	10361288	10361689	LTR/ERVL-MaLR	2050	-	200	10361488	19635
chr5	10341853	10541853	harbor2	chr5	10368261	10368350	LTR/ERVL-MaLR	878	-	44	10368305	26452
chr5	10341853	10541853	harbor2	chr5	10368976	10369292	LTR/ERVL-MaLR	878	-	158	10369134	27281
chr5	10341853	10541853	harbor2	chr5	10371339	10371691	LTR/ERVL-MaLR	2163	-	176	10371515	29662
chr5	10341853	10541853	harbor2	chr5	10388451	10388848	LTR/ERVL-MaLR	720	-	198	10388649	46796
chr5	10341853	10541853	harbor2	chr5	10395624	10395811	LTR/ERVL-MaLR	496	-	94	10395718	53865
chr5	10341853	10541853	harbor2	chr5	10413541	10413894	LTR/ERVL-MaLR	2189	-	176	10413717	71864
chr5	10341853	10541853	harbor2	chr5	10419768	10420348	LTR/ERVL-MaLR	1011	-	290	10420058	78205
chr5	138855190	139055190	harbor2	chr5	138936164	138936545	LTR/ERVL-MaLR	1083	-	190	138936354	81164
chr5	107321099	107521099	harbor2	chr5	107325505	107325885	LTR/ERVL-MaLR	557	-	190	107325695	4596
chr5	107321099	107521099	harbor2	chr5	107325934	107326394	LTR/ERVL-MaLR	1198	-	230	107326164	5065
chr5	107321099	107521099	harbor2	chr5	107326836	107327026	LTR/ERVL-MaLR	529	-	95	107326931	5832
chr5	107321099	107521099	harbor2	chr5	107327228	107327570	LTR/ERVL-MaLR	1025	-	171	107327399	6300
chr5	107321099	107521099	harbor2	chr5	107343284	107343549	LTR/ERVL-MaLR	481	-	132	107343416	22317
chr5	107321099	107521099	harbor2	chr5	107343890	107344172	LTR/ERVL-MaLR	641	-	141	107344031	22932
chr5	107321099	107521099	harbor2	chr5	107360513	107360862	LTR/ERVL-MaLR	499	-	174	107360687	39588
chr5	107321099	107521099	harbor2	chr5	107331343	107331793	LTR/ERVL-MaLR	1802	-	225	107331568	10469
chr6	139488408	139688408	harbor2	chr6	139491881	139491925	LTR/ERVL-MaLR	1625	-	22	139491903	3495
chr6	139488408	139688408	harbor2	chr6	139492518	139492709	LTR/ERVL-MaLR	1625	-	96	139492614	4206
chr6	139488408	139688408	harbor2	chr6	139565504	139565877	LTR/ERVL-MaLR	2321	-	186	139565690	77282
chr6	139488408	139688408	harbor2	chr6	139493317	139493425	LTR/ERVL-MaLR	1625	-	54	139493371	4963
chr6	105490329	105690329	harbor2	chr6	105554452	105554731	LTR/ERVL-MaLR	1162	-	140	105554592	64263
chr6	105490329	105690329	harbor2	chr6	105557792	105558208	LTR/ERVL-MaLR	2600	-	208	105558000	67671
chr6	105490329	105690329	harbor2	chr6	105571871	105572243	LTR/ERVL-MaLR	1691	-	186	105572057	81728
chr6	105490329	105690329	harbor2	chr6	105578539	105578887	LTR/ERVL-MaLR	2069	-	174	105578713	88384
chr6	105490329	105690329	harbor2	chr6	105579633	105579994	LTR/ERVL-MaLR	1779	-	180	105579813	89484
chr6	139785813	139985813	harbor2	chr6	139794299	139794630	LTR/ERVL-MaLR	2018	-	166	139794465	8652
chr6	139785813	139985813	harbor2	chr6	139794631	139795033	LTR/ERVL-MaLR	3147	-	201	139794832	9019
chr6	139785813	139985813	harbor2	chr6	139815892	139816192	LTR/ERVL-MaLR	1814	-	150	139816042	30229
chr6	139785813	139985813	harbor2	chr6	139818616	139819019	LTR/ERVL-MaLR	504	-	202	139818818	33005
chr6	31644374	31844374	harbor2	chr6	31741710	31742153	LTR/ERVL-MaLR	2154	-	222	31741932	97558
chr6	37083540	37283540	harbor2	chr6	37100831	37101022	LTR/ERVL-MaLR	649	-	96	37100927	17387
chr6	37083540	37283540	harbor2	chr6	37112367	37112672	LTR/ERVL-MaLR	2030	-	152	37112519	28979
chr6	37083540	37283540	harbor2	chr6	37112971	37113069	LTR/ERVL-MaLR	2030	-	49	37113020	29480
chr6	37083540	37283540	harbor2	chr6	37154272	37154494	LTR/ERVL-MaLR	1784	-	111	37154383	70843
chr6	37083540	37283540	harbor2	chr6	37155068	37155244	LTR/ERVL-MaLR	1784	-	88	37155156	71616
chr6	139275435	139475435	harbor2	chr6	139311763	139312084	LTR/ERVL-MaLR	1164	-	160	139311923	36488
chr6	139275435	139475435	harbor2	chr6	139322181	139322500	LTR/ERVL-MaLR	1115	-	160	139322341	46906
chr6	139275435	139475435	harbor2	chr6	139361758	139362152	LTR/ERVL-MaLR	851	-	197	139361955	86520
chr6	127168513	127368513	harbor2	chr6	127179588	127179979	LTR/ERVL-MaLR	1497	-	196	127179784	11271
chr6	127168513	127368513	harbor2	chr6	127181855	127182314	LTR/ERVL-MaLR	2254	-	230	127182085	13572
chr6	127168513	127368513	harbor2	chr6	127183820	127184180	LTR/ERVL-MaLR	2427	-	180	127184000	15487
chr6	127168513	127368513	harbor2	chr6	127218224	127218784	LTR/ERVL-MaLR	1866	-	280	127218504	49991
chr6	127168513	127368513	harbor2	chr6	127219986	127220326	LTR/ERVL-MaLR	887	-	170	127220156	51643
chr6	127168513	127368513	harbor2	chr6	127225605	127226086	LTR/ERVL-MaLR	1160	-	240	127225845	57332
chr6	127168513	127368513	harbor2	chr6	127247763	127247969	LTR/ERVL-MaLR	485	-	103	127247866	79353
chr6	111987608	112187608	harbor2	chr6	111995352	111995705	LTR/ERVL-MaLR	1867	-	176	111995528	7920
chr6	111987608	112187608	harbor2	chr6	112002261	112002610	LTR/ERVL-MaLR	1931	-	174	112002435	14827
chr6	111987608	112187608	harbor2	chr6	112025889	112026304	LTR/ERVL-MaLR	1986	-	208	112026097	38489
chr6	111987608	112187608	harbor2	chr6	112059246	112059716	LTR/ERVL-MaLR	2052	-	235	112059481	71873
chr6	111987608	112187608	harbor2	chr6	112017369	112017676	LTR/ERVL-MaLR	975	-	154	112017523	29915
chr6	37072439	37272439	harbor2	chr6	37100831	37101022	LTR/ERVL-MaLR	649	-	96	37100927	28488
chr6	37072439	37272439	harbor2	chr6	37112367	37112672	LTR/ERVL-MaLR	2030	-	152	37112519	40080
chr6	37072439	37272439	harbor2	chr6	37112971	37113069	LTR/ERVL-MaLR	2030	-	49	37113020	40581
chr6	37072439	37272439	harbor2	chr6	37154272	37154494	LTR/ERVL-MaLR	1784	-	111	37154383	81944
chr6	37072439	37272439	harbor2	chr6	37155068	37155244	LTR/ERVL-MaLR	1784	-	88	37155156	82717
chr6	37072372	37272372	harbor2	chr6	37100831	37101022	LTR/ERVL-MaLR	649	-	96	37100927	28555
chr6	37072372	37272372	harbor2	chr6	37112367	37112672	LTR/ERVL-MaLR	2030	-	152	37112519	40147
chr6	37072372	37272372	harbor2	chr6	37112971	37113069	LTR/ERVL-MaLR	2030	-	49	37113020	40648
chr6	37072372	37272372	harbor2	chr6	37154272	37154494	LTR/ERVL-MaLR	1784	-	111	37154383	82011
chr6	37072372	37272372	harbor2	chr6	37155068	37155244	LTR/ERVL-MaLR	1784	-	88	37155156	82784
chr6	166899020	167099020	harbor2	chr6	166976616	166976947	LTR/ERVL-MaLR	738	-	166	166976782	77762
chr6	166899020	167099020	harbor2	chr6	166982810	166983300	LTR/ERVL-MaLR	1872	-	245	166983055	84035
chr6	166899020	167099020	harbor2	chr6	166984910	166985419	LTR/ERVL-MaLR	2184	-	254	166985164	86144
chr6	166899020	167099020	harbor2	chr6	166936375	166936788	LTR/ERVL-MaLR	2251	-	206	166936581	37561
chr6	37071947	37271947	harbor2	chr6	37100831	37101022	LTR/ERVL-MaLR	649	-	96	37100927	28980
chr6	37071947	37271947	harbor2	chr6	37112367	37112672	LTR/ERVL-MaLR	2030	-	152	37112519	40572
chr6	37071947	37271947	harbor2	chr6	37112971	37113069	LTR/ERVL-MaLR	2030	-	49	37113020	41073
chr6	37071947	37271947	harbor2	chr6	37154272	37154494	LTR/ERVL-MaLR	1784	-	111	37154383	82436
chr6	37071947	37271947	harbor2	chr6	37155068	37155244	LTR/ERVL-MaLR	1784	-	88	37155156	83209
chr6	139275444	139475444	harbor2	chr6	139311763	139312084	LTR/ERVL-MaLR	1164	-	160	139311923	36479
chr6	139275444	139475444	harbor2	chr6	139322181	139322500	LTR/ERVL-MaLR	1115	-	160	139322341	46897
chr6	139275444	139475444	harbor2	chr6	139361758	139362152	LTR/ERVL-MaLR	851	-	197	139361955	86511
chr6	124863601	125063601	harbor2	chr6	124863303	124863685	LTR/ERVL-MaLR	1643	-	191	124863494	107
chr6	124863601	125063601	harbor2	chr6	124866371	124866931	LTR/ERVL-MaLR	1616	-	280	124866651	3050
chr6	124863601	125063601	harbor2	chr6	124901734	124902117	LTR/ERVL-MaLR	2398	-	192	124901926	38325
chr6	124863601	125063601	harbor2	chr6	124919723	124920088	LTR/ERVL-MaLR	2638	-	182	124919905	56304
chr6	124863601	125063601	harbor2	chr6	124920089	124921738	LTR/ERVL-MaLR	10221	-	824	124920913	57312
chr6	124863601	125063601	harbor2	chr6	124921739	124922102	LTR/ERVL-MaLR	2451	-	182	124921921	58320
chr6	124863601	125063601	harbor2	chr6	124934925	124935308	LTR/ERVL-MaLR	1928	-	192	124935117	71516
chr6	11912036	12112036	harbor2	chr6	11941062	11941395	LTR/ERVL-MaLR	1147	-	166	11941228	29192
chr6	11912036	12112036	harbor2	chr6	11950894	11951253	LTR/ERVL-MaLR	1508	-	180	11951074	39038
chr6	11912036	12112036	harbor2	chr6	11964968	11965318	LTR/ERVL-MaLR	1539	-	175	11965143	53107
chr6	37072709	37272709	harbor2	chr6	37100831	37101022	LTR/ERVL-MaLR	649	-	96	37100927	28218
chr6	37072709	37272709	harbor2	chr6	37112367	37112672	LTR/ERVL-MaLR	2030	-	152	37112519	39810
chr6	37072709	37272709	harbor2	chr6	37112971	37113069	LTR/ERVL-MaLR	2030	-	49	37113020	40311
chr6	37072709	37272709	harbor2	chr6	37154272	37154494	LTR/ERVL-MaLR	1784	-	111	37154383	81674
chr6	37072709	37272709	harbor2	chr6	37155068	37155244	LTR/ERVL-MaLR	1784	-	88	37155156	82447
chr6	7639383	7839383	harbor2	chr6	7639604	7639997	LTR/ERVL-MaLR	1418	-	196	7639800	417
chr6	7639383	7839383	harbor2	chr6	7653162	7653511	LTR/ERVL-MaLR	674	-	174	7653336	13953
chr6	7639383	7839383	harbor2	chr6	7653548	7653871	LTR/ERVL-MaLR	991	-	162	7653710	14327
chr6	7639383	7839383	harbor2	chr6	7658890	7659323	LTR/ERVL-MaLR	2871	-	216	7659106	19723
chr6	7639383	7839383	harbor2	chr6	7668928	7669314	LTR/ERVL-MaLR	1743	-	193	7669121	29738
chr6	7639383	7839383	harbor2	chr6	7670479	7670885	LTR/ERVL-MaLR	1946	-	203	7670682	31299
chr6	7639383	7839383	harbor2	chr6	7691132	7691250	LTR/ERVL-MaLR	504	-	59	7691191	51808
chr6	7639383	7839383	harbor2	chr6	7701469	7701849	LTR/ERVL-MaLR	2116	-	190	7701659	62276
chr6	7639383	7839383	harbor2	chr6	7709645	7710011	LTR/ERVL-MaLR	1785	-	183	7709828	70445
chr6	7639383	7839383	harbor2	chr6	7710805	7711374	LTR/ERVL-MaLR	2418	-	284	7711089	71706
chr6	7639383	7839383	harbor2	chr6	7720726	7721031	LTR/ERVL-MaLR	1254	-	152	7720878	81495
chr6	105895039	106095039	harbor2	chr6	105925636	105926183	LTR/ERVL-MaLR	1928	-	274	105925910	30871
chr6	105895039	106095039	harbor2	chr6	105966526	105966773	LTR/ERVL-MaLR	918	-	124	105966650	71611
chr6	37002854	37202854	harbor2	chr6	37010128	37010487	LTR/ERVL-MaLR	1378	-	180	37010308	7454
chr6	37002854	37202854	harbor2	chr6	37010493	37010860	LTR/ERVL-MaLR	557	-	184	37010677	7823
chr6	37002854	37202854	harbor2	chr6	37043145	37043359	LTR/ERVL-MaLR	2465	-	107	37043252	40398
chr6	37002854	37202854	harbor2	chr6	37043663	37043846	LTR/ERVL-MaLR	2465	-	92	37043755	40901
chr6	37002854	37202854	harbor2	chr6	37100831	37101022	LTR/ERVL-MaLR	649	-	96	37100927	98073
chr6	107974811	108174811	harbor2	chr6	107998007	107998391	LTR/ERVL-MaLR	1766	-	192	107998199	23388
chr6	107974811	108174811	harbor2	chr6	108006072	108006098	LTR/ERVL-MaLR	2002	-	13	108006085	31274
chr6	107974811	108174811	harbor2	chr6	108007318	108007658	LTR/ERVL-MaLR	2002	-	170	108007488	32677
chr6	107974811	108174811	harbor2	chr6	108007659	108008724	LTR/ERVL-MaLR	10242	-	532	108008191	33380
chr6	107974811	108174811	harbor2	chr6	108009032	108009487	LTR/ERVL-MaLR	10242	-	228	108009260	34449
chr6	107974811	108174811	harbor2	chr6	108009488	108009833	LTR/ERVL-MaLR	1853	-	172	108009660	34849
chr6	107974811	108174811	harbor2	chr6	108014571	108014921	LTR/ERVL-MaLR	2841	-	175	108014746	39935
chr6	107974811	108174811	harbor2	chr6	108014922	108016492	LTR/ERVL-MaLR	11624	-	785	108015707	40896
chr6	107974811	108174811	harbor2	chr6	108016493	108016843	LTR/ERVL-MaLR	2594	-	175	108016668	41857
chr6	139275454	139475454	harbor2	chr6	139311763	139312084	LTR/ERVL-MaLR	1164	-	160	139311923	36469
chr6	139275454	139475454	harbor2	chr6	139322181	139322500	LTR/ERVL-MaLR	1115	-	160	139322341	46887
chr6	139275454	139475454	harbor2	chr6	139361758	139362152	LTR/ERVL-MaLR	851	-	197	139361955	86501
chr6	35370706	35570706	harbor2	chr6	35381375	35381816	LTR/ERVL-MaLR	881	-	220	35381595	10889
chr6	35370706	35570706	harbor2	chr6	35407945	35408422	LTR/ERVL-MaLR	587	-	238	35408183	37477
chr6	35370706	35570706	harbor2	chr6	35372881	35373268	LTR/ERVL-MaLR	2398	-	194	35373075	2369
chr6	31630962	31830962	harbor2	chr6	31637886	31638121	LTR/ERVL-MaLR	619	-	118	31638004	7042
chr6	45551785	45751785	harbor2	chr6	45560235	45560589	LTR/ERVL-MaLR	2584	-	177	45560412	8627
chr6	45551785	45751785	harbor2	chr6	45565965	45566468	LTR/ERVL-MaLR	1322	-	252	45566217	14432
chr6	45551785	45751785	harbor2	chr6	45568414	45568944	LTR/ERVL-MaLR	2274	-	265	45568679	16894
chr6	45551785	45751785	harbor2	chr6	45603654	45604021	LTR/ERVL-MaLR	2764	-	184	45603838	52053
chr6	45551785	45751785	harbor2	chr6	45619380	45619872	LTR/ERVL-MaLR	1452	-	246	45619626	67841
chr6	45551785	45751785	harbor2	chr6	45629790	45630124	LTR/ERVL-MaLR	1434	-	167	45629957	78172
chr6	45551785	45751785	harbor2	chr6	45632492	45632869	LTR/ERVL-MaLR	1918	-	188	45632680	80895
chr6	45551785	45751785	harbor2	chr6	45636428	45636802	LTR/ERVL-MaLR	823	-	187	45636615	84830
chr6	110291208	110491208	harbor2	chr6	110307464	110307773	LTR/ERVL-MaLR	788	-	154	110307618	16410
chr6	110291208	110491208	harbor2	chr6	110309466	110309820	LTR/ERVL-MaLR	2226	-	177	110309643	18435
chr6	110291208	110491208	harbor2	chr6	110349798	110350227	LTR/ERVL-MaLR	866	-	214	110350012	58804
chr6	110291208	110491208	harbor2	chr6	110361375	110361796	LTR/ERVL-MaLR	2834	-	210	110361585	70377
chr6	107974809	108174809	harbor2	chr6	107998007	107998391	LTR/ERVL-MaLR	1766	-	192	107998199	23390
chr6	107974809	108174809	harbor2	chr6	108006072	108006098	LTR/ERVL-MaLR	2002	-	13	108006085	31276
chr6	107974809	108174809	harbor2	chr6	108007318	108007658	LTR/ERVL-MaLR	2002	-	170	108007488	32679
chr6	107974809	108174809	harbor2	chr6	108007659	108008724	LTR/ERVL-MaLR	10242	-	532	108008191	33382
chr6	107974809	108174809	harbor2	chr6	108009032	108009487	LTR/ERVL-MaLR	10242	-	228	108009260	34451
chr6	107974809	108174809	harbor2	chr6	108009488	108009833	LTR/ERVL-MaLR	1853	-	172	108009660	34851
chr6	107974809	108174809	harbor2	chr6	108014571	108014921	LTR/ERVL-MaLR	2841	-	175	108014746	39937
chr6	107974809	108174809	harbor2	chr6	108014922	108016492	LTR/ERVL-MaLR	11624	-	785	108015707	40898
chr6	107974809	108174809	harbor2	chr6	108016493	108016843	LTR/ERVL-MaLR	2594	-	175	108016668	41859
chr6	31635302	31835302	harbor2	chr6	31637886	31638121	LTR/ERVL-MaLR	619	-	118	31638004	2702
chr6	139275412	139475412	harbor2	chr6	139311763	139312084	LTR/ERVL-MaLR	1164	-	160	139311923	36511
chr6	139275412	139475412	harbor2	chr6	139322181	139322500	LTR/ERVL-MaLR	1115	-	160	139322341	46929
chr6	139275412	139475412	harbor2	chr6	139361758	139362152	LTR/ERVL-MaLR	851	-	197	139361955	86543
chr6	36494234	36694234	harbor2	chr6	36571292	36571571	LTR/ERVL-MaLR	1500	-	140	36571432	77198
chr6	36494234	36694234	harbor2	chr6	36571859	36572018	LTR/ERVL-MaLR	854	-	80	36571939	77705
chr6	77363827	77563827	harbor2	chr6	77413605	77413729	LTR/ERVL-MaLR	497	-	62	77413667	49840
chr6	37002837	37202837	harbor2	chr6	37010128	37010487	LTR/ERVL-MaLR	1378	-	180	37010308	7471
chr6	37002837	37202837	harbor2	chr6	37010493	37010860	LTR/ERVL-MaLR	557	-	184	37010677	7840
chr6	37002837	37202837	harbor2	chr6	37043145	37043359	LTR/ERVL-MaLR	2465	-	107	37043252	40415
chr6	37002837	37202837	harbor2	chr6	37043663	37043846	LTR/ERVL-MaLR	2465	-	92	37043755	40918
chr6	37002837	37202837	harbor2	chr6	37100831	37101022	LTR/ERVL-MaLR	649	-	96	37100927	98090
chr6	139275376	139475376	harbor2	chr6	139311763	139312084	LTR/ERVL-MaLR	1164	-	160	139311923	36547
chr6	139275376	139475376	harbor2	chr6	139322181	139322500	LTR/ERVL-MaLR	1115	-	160	139322341	46965
chr6	139275376	139475376	harbor2	chr6	139361758	139362152	LTR/ERVL-MaLR	851	-	197	139361955	86579
chr6	170008688	170208688	harbor2	chr6	170013373	170013703	LTR/ERVL-MaLR	867	-	165	170013538	4850
chr6	170008688	170208688	harbor2	chr6	170035837	170036872	LTR/ERVL-MaLR	6785	-	518	170036355	27667
chr6	170008688	170208688	harbor2	chr6	170036873	170037255	LTR/ERVL-MaLR	1729	-	191	170037064	28376
chr6	170008688	170208688	harbor2	chr6	170075240	170075422	LTR/ERVL-MaLR	551	-	91	170075331	66643
chr6	170008688	170208688	harbor2	chr6	170075579	170075728	LTR/ERVL-MaLR	621	-	74	170075653	66965
chr6	170008688	170208688	harbor2	chr6	170077585	170077747	LTR/ERVL-MaLR	1328	-	81	170077666	68978
chr6	170008688	170208688	harbor2	chr6	170078052	170078221	LTR/ERVL-MaLR	1328	-	84	170078136	69448
chr6	30786661	30986661	harbor2	chr6	30839056	30839250	LTR/ERVL-MaLR	499	-	97	30839153	52492
chr6	30786661	30986661	harbor2	chr6	30858923	30859283	LTR/ERVL-MaLR	2169	-	180	30859103	72442
chr6	30786661	30986661	harbor2	chr6	30859284	30860464	LTR/ERVL-MaLR	9746	-	590	30859874	73213
chr6	30786661	30986661	harbor2	chr6	30860773	30861261	LTR/ERVL-MaLR	9746	-	244	30861017	74356
chr6	30786661	30986661	harbor2	chr6	30861266	30861632	LTR/ERVL-MaLR	2214	-	183	30861449	74788
chr6	30786661	30986661	harbor2	chr6	30865154	30865573	LTR/ERVL-MaLR	2660	-	210	30865364	78703
chr6	30786661	30986661	harbor2	chr6	30869989	30870009	LTR/ERVL-MaLR	939	-	10	30869999	83338
chr6	30786661	30986661	harbor2	chr6	30870309	30870336	LTR/ERVL-MaLR	939	-	14	30870323	83662
chr6	30786661	30986661	harbor2	chr6	30870634	30870926	LTR/ERVL-MaLR	939	-	146	30870780	84119
chr6	37073817	37273817	harbor2	chr6	37100831	37101022	LTR/ERVL-MaLR	649	-	96	37100927	27110
chr6	37073817	37273817	harbor2	chr6	37112367	37112672	LTR/ERVL-MaLR	2030	-	152	37112519	38702
chr6	37073817	37273817	harbor2	chr6	37112971	37113069	LTR/ERVL-MaLR	2030	-	49	37113020	39203
chr6	37073817	37273817	harbor2	chr6	37154272	37154494	LTR/ERVL-MaLR	1784	-	111	37154383	80566
chr6	37073817	37273817	harbor2	chr6	37155068	37155244	LTR/ERVL-MaLR	1784	-	88	37155156	81339
chr6	37071756	37271756	harbor2	chr6	37100831	37101022	LTR/ERVL-MaLR	649	-	96	37100927	29171
chr6	37071756	37271756	harbor2	chr6	37112367	37112672	LTR/ERVL-MaLR	2030	-	152	37112519	40763
chr6	37071756	37271756	harbor2	chr6	37112971	37113069	LTR/ERVL-MaLR	2030	-	49	37113020	41264
chr6	37071756	37271756	harbor2	chr6	37154272	37154494	LTR/ERVL-MaLR	1784	-	111	37154383	82627
chr6	37071756	37271756	harbor2	chr6	37155068	37155244	LTR/ERVL-MaLR	1784	-	88	37155156	83400
chr6	167863268	168063268	harbor2	chr6	167916001	167916356	LTR/ERVL-MaLR	1235	-	178	167916179	52911
chr6	167863268	168063268	harbor2	chr6	167903151	167903553	LTR/ERVL-MaLR	507	-	201	167903352	40084
chr6	10422491	10622491	harbor2	chr6	10434601	10434992	LTR/ERVL-MaLR	1474	-	196	10434797	12306
chr6	10422491	10622491	harbor2	chr6	10437969	10438118	LTR/ERVL-MaLR	569	-	74	10438043	15552
chr6	10422491	10622491	harbor2	chr6	10441680	10442056	LTR/ERVL-MaLR	2038	-	188	10441868	19377
chr6	10422491	10622491	harbor2	chr6	10446907	10447266	LTR/ERVL-MaLR	2138	-	180	10447087	24596
chr6	10422491	10622491	harbor2	chr6	10457900	10458252	LTR/ERVL-MaLR	1116	-	176	10458076	35585
chr6	10422491	10622491	harbor2	chr6	10462607	10462847	LTR/ERVL-MaLR	1249	-	120	10462727	40236
chr6	10422491	10622491	harbor2	chr6	10466535	10466883	LTR/ERVL-MaLR	1495	-	174	10466709	44218
chr6	10422491	10622491	harbor2	chr6	10467190	10467301	LTR/ERVL-MaLR	1495	-	56	10467246	44755
chr6	10422491	10622491	harbor2	chr6	10468722	10468789	LTR/ERVL-MaLR	1542	-	34	10468756	46265
chr6	10422491	10622491	harbor2	chr6	10471830	10472059	LTR/ERVL-MaLR	679	-	114	10471944	49453
chr6	10422491	10622491	harbor2	chr6	10489015	10489404	LTR/ERVL-MaLR	2312	-	194	10489209	66718
chr6	10422491	10622491	harbor2	chr6	10501704	10501850	LTR/ERVL-MaLR	693	-	73	10501777	79286
chr6	10422491	10622491	harbor2	chr6	10469077	10469571	LTR/ERVL-MaLR	1542	-	247	10469324	46833
chr6	139346565	139546565	harbor2	chr6	139361758	139362152	LTR/ERVL-MaLR	851	-	197	139361955	15390
chr6	139346565	139546565	harbor2	chr6	139377531	139377568	LTR/ERVL-MaLR	2067	-	18	139377549	30984
chr6	139346565	139546565	harbor2	chr6	139377649	139378092	LTR/ERVL-MaLR	2067	-	222	139377871	31306
chr6	139346565	139546565	harbor2	chr6	139380668	139381041	LTR/ERVL-MaLR	1899	-	186	139380854	34289
chr6	139346565	139546565	harbor2	chr6	139413311	139413383	LTR/ERVL-MaLR	1605	-	36	139413347	66782
chr6	139346565	139546565	harbor2	chr6	139413696	139414007	LTR/ERVL-MaLR	1605	-	156	139413852	67287
chr6	44147550	44347550	harbor2	chr6	44170209	44170748	LTR/ERVL-MaLR	2805	-	270	44170479	22929
chr6	78955777	79155777	harbor2	chr6	79038146	79038492	LTR/ERVL-MaLR	1704	-	173	79038319	82542
chr6	129414352	129614352	harbor2	chr6	129449215	129449593	LTR/ERVL-MaLR	1712	-	189	129449404	35052
chr6	129414352	129614352	harbor2	chr6	129457687	129458053	LTR/ERVL-MaLR	1730	-	183	129457870	43518
chr6	167863257	168063257	harbor2	chr6	167916001	167916356	LTR/ERVL-MaLR	1235	-	178	167916179	52922
chr6	167863257	168063257	harbor2	chr6	167903151	167903553	LTR/ERVL-MaLR	507	-	201	167903352	40095
chr6	139275442	139475442	harbor2	chr6	139311763	139312084	LTR/ERVL-MaLR	1164	-	160	139311923	36481
chr6	139275442	139475442	harbor2	chr6	139322181	139322500	LTR/ERVL-MaLR	1115	-	160	139322341	46899
chr6	139275442	139475442	harbor2	chr6	139361758	139362152	LTR/ERVL-MaLR	851	-	197	139361955	86513
chr6	37071984	37271984	harbor2	chr6	37100831	37101022	LTR/ERVL-MaLR	649	-	96	37100927	28943
chr6	37071984	37271984	harbor2	chr6	37112367	37112672	LTR/ERVL-MaLR	2030	-	152	37112519	40535
chr6	37071984	37271984	harbor2	chr6	37112971	37113069	LTR/ERVL-MaLR	2030	-	49	37113020	41036
chr6	37071984	37271984	harbor2	chr6	37154272	37154494	LTR/ERVL-MaLR	1784	-	111	37154383	82399
chr6	37071984	37271984	harbor2	chr6	37155068	37155244	LTR/ERVL-MaLR	1784	-	88	37155156	83172
chr6	81653509	81853509	harbor2	chr6	81653305	81653838	LTR/ERVL-MaLR	840	-	266	81653571	62
chr6	81653509	81853509	harbor2	chr6	81662780	81662971	LTR/ERVL-MaLR	1261	-	96	81662876	9367
chr6	81653509	81853509	harbor2	chr6	81665867	81666241	LTR/ERVL-MaLR	2328	-	187	81666054	12545
chr6	81653509	81853509	harbor2	chr6	81672141	81672497	LTR/ERVL-MaLR	2132	-	178	81672319	18810
chr6	81653509	81853509	harbor2	chr6	81672498	81674031	LTR/ERVL-MaLR	11115	-	766	81673264	19755
chr6	81653509	81853509	harbor2	chr6	81674032	81674392	LTR/ERVL-MaLR	2080	-	180	81674212	20703
chr6	147108187	147308187	harbor2	chr6	147136189	147136328	LTR/ERVL-MaLR	700	-	70	147136259	28072
chr6	147108187	147308187	harbor2	chr6	147164166	147164605	LTR/ERVL-MaLR	1936	-	220	147164386	56199
chr6	147108187	147308187	harbor2	chr6	147189643	147189960	LTR/ERVL-MaLR	1354	-	158	147189801	81614
chr6	147108187	147308187	harbor2	chr6	147191871	147192227	LTR/ERVL-MaLR	2417	-	178	147192049	83862
chr6	37071718	37271718	harbor2	chr6	37100831	37101022	LTR/ERVL-MaLR	649	-	96	37100927	29209
chr6	37071718	37271718	harbor2	chr6	37112367	37112672	LTR/ERVL-MaLR	2030	-	152	37112519	40801
chr6	37071718	37271718	harbor2	chr6	37112971	37113069	LTR/ERVL-MaLR	2030	-	49	37113020	41302
chr6	37071718	37271718	harbor2	chr6	37154272	37154494	LTR/ERVL-MaLR	1784	-	111	37154383	82665
chr6	37071718	37271718	harbor2	chr6	37155068	37155244	LTR/ERVL-MaLR	1784	-	88	37155156	83438
chr6	37074003	37274003	harbor2	chr6	37100831	37101022	LTR/ERVL-MaLR	649	-	96	37100927	26924
chr6	37074003	37274003	harbor2	chr6	37112367	37112672	LTR/ERVL-MaLR	2030	-	152	37112519	38516
chr6	37074003	37274003	harbor2	chr6	37112971	37113069	LTR/ERVL-MaLR	2030	-	49	37113020	39017
chr6	37074003	37274003	harbor2	chr6	37154272	37154494	LTR/ERVL-MaLR	1784	-	111	37154383	80380
chr6	37074003	37274003	harbor2	chr6	37155068	37155244	LTR/ERVL-MaLR	1784	-	88	37155156	81153
chr6	109952856	110152856	harbor2	chr6	109955346	109955706	LTR/ERVL-MaLR	2228	-	180	109955526	2670
chr6	109952856	110152856	harbor2	chr6	109966363	109966857	LTR/ERVL-MaLR	2053	-	247	109966610	13754
chr6	109952856	110152856	harbor2	chr6	109991193	109991282	LTR/ERVL-MaLR	468	-	44	109991237	38381
chr6	109952856	110152856	harbor2	chr6	109993257	109993648	LTR/ERVL-MaLR	1608	-	196	109993453	40597
chr6	109952856	110152856	harbor2	chr6	109996641	109997022	LTR/ERVL-MaLR	1169	-	190	109996831	43975
chr6	109952856	110152856	harbor2	chr6	110003261	110003327	LTR/ERVL-MaLR	497	-	33	110003294	50438
chr6	109952856	110152856	harbor2	chr6	110004044	110004138	LTR/ERVL-MaLR	1784	-	47	110004091	51235
chr6	109952856	110152856	harbor2	chr6	110004500	110004827	LTR/ERVL-MaLR	1784	-	164	110004664	51808
chr6	109952856	110152856	harbor2	chr6	110027758	110028127	LTR/ERVL-MaLR	1688	-	184	110027942	75086
chr6	109952856	110152856	harbor2	chr6	110039486	110039842	LTR/ERVL-MaLR	1467	-	178	110039664	86808
chr6	37075696	37275696	harbor2	chr6	37100831	37101022	LTR/ERVL-MaLR	649	-	96	37100927	25231
chr6	37075696	37275696	harbor2	chr6	37112367	37112672	LTR/ERVL-MaLR	2030	-	152	37112519	36823
chr6	37075696	37275696	harbor2	chr6	37112971	37113069	LTR/ERVL-MaLR	2030	-	49	37113020	37324
chr6	37075696	37275696	harbor2	chr6	37154272	37154494	LTR/ERVL-MaLR	1784	-	111	37154383	78687
chr6	37075696	37275696	harbor2	chr6	37155068	37155244	LTR/ERVL-MaLR	1784	-	88	37155156	79460
chr6	52185236	52385236	harbor2	chr6	52228082	52228550	LTR/ERVL-MaLR	1947	-	234	52228316	43080
chr6	52185236	52385236	harbor2	chr6	52230293	52230570	LTR/ERVL-MaLR	780	-	138	52230431	45195
chr6	100675847	100875847	harbor2	chr6	100764729	100764867	LTR/ERVL-MaLR	554	-	69	100764798	88951
chr6	170609333	170809333	harbor2	chr6	170617157	170617646	LTR/ERVL-MaLR	1896	-	244	170617401	8068
chr6	170609333	170809333	harbor2	chr6	170621157	170621566	LTR/ERVL-MaLR	1130	-	204	170621361	12028
chr6	170609333	170809333	harbor2	chr6	170625244	170625520	LTR/ERVL-MaLR	1123	-	138	170625382	16049
chr6	170609333	170809333	harbor2	chr6	170627801	170628040	LTR/ERVL-MaLR	1123	-	120	170627921	18588
chr6	170609333	170809333	harbor2	chr6	170679756	170679774	LTR/ERVL-MaLR	2262	-	9	170679765	70432
chr6	170609333	170809333	harbor2	chr6	170679813	170680063	LTR/ERVL-MaLR	2262	-	125	170679938	70605
chr6	170609333	170809333	harbor2	chr6	170680356	170680504	LTR/ERVL-MaLR	2262	-	74	170680430	71097
chr6	170609333	170809333	harbor2	chr6	170685922	170686205	LTR/ERVL-MaLR	649	-	142	170686064	76731
chr6	170609333	170809333	harbor2	chr6	170697322	170697385	LTR/ERVL-MaLR	596	-	32	170697354	88021
chr6	170609333	170809333	harbor2	chr6	170697708	170697753	LTR/ERVL-MaLR	596	-	22	170697730	88397
chr6	170609333	170809333	harbor2	chr6	170703320	170703782	LTR/ERVL-MaLR	1767	-	231	170703551	94218
chr6	170609333	170809333	harbor2	chr6	170707418	170707589	LTR/ERVL-MaLR	494	-	86	170707504	98171
chr6	169863936	170063936	harbor2	chr6	169885209	169885569	LTR/ERVL-MaLR	1988	-	180	169885389	21453
chr6	169863936	170063936	harbor2	chr6	169926932	169927391	LTR/ERVL-MaLR	1031	-	230	169927162	63226
chr6	169863936	170063936	harbor2	chr6	169936883	169937080	LTR/ERVL-MaLR	681	-	98	169936981	73045
chr6	169863936	170063936	harbor2	chr6	169940358	169940444	LTR/ERVL-MaLR	508	-	43	169940401	76465
chr6	169863936	170063936	harbor2	chr6	169944757	169945115	LTR/ERVL-MaLR	2124	-	179	169944936	81000
chr6	169863936	170063936	harbor2	chr6	169945125	169945515	LTR/ERVL-MaLR	2214	-	195	169945320	81384
chr6	29088020	29288020	harbor2	chr6	29093797	29093873	LTR/ERVL-MaLR	521	-	38	29093835	5815
chr6	29088020	29288020	harbor2	chr6	29120955	29121224	LTR/ERVL-MaLR	840	-	134	29121089	33069
chr6	37071985	37271985	harbor2	chr6	37100831	37101022	LTR/ERVL-MaLR	649	-	96	37100927	28942
chr6	37071985	37271985	harbor2	chr6	37112367	37112672	LTR/ERVL-MaLR	2030	-	152	37112519	40534
chr6	37071985	37271985	harbor2	chr6	37112971	37113069	LTR/ERVL-MaLR	2030	-	49	37113020	41035
chr6	37071985	37271985	harbor2	chr6	37154272	37154494	LTR/ERVL-MaLR	1784	-	111	37154383	82398
chr6	37071985	37271985	harbor2	chr6	37155068	37155244	LTR/ERVL-MaLR	1784	-	88	37155156	83171
chr6	147106075	147306075	harbor2	chr6	147136189	147136328	LTR/ERVL-MaLR	700	-	70	147136259	30184
chr6	147106075	147306075	harbor2	chr6	147164166	147164605	LTR/ERVL-MaLR	1936	-	220	147164386	58311
chr6	147106075	147306075	harbor2	chr6	147189643	147189960	LTR/ERVL-MaLR	1354	-	158	147189801	83726
chr6	147106075	147306075	harbor2	chr6	147191871	147192227	LTR/ERVL-MaLR	2417	-	178	147192049	85974
chr6	149350899	149550899	harbor2	chr6	149360217	149360621	LTR/ERVL-MaLR	2188	-	202	149360419	9520
chr6	149350899	149550899	harbor2	chr6	149360622	149362186	LTR/ERVL-MaLR	8265	-	782	149361404	10505
chr6	149350899	149550899	harbor2	chr6	149362187	149362593	LTR/ERVL-MaLR	2225	-	203	149362390	11491
chr6	149350899	149550899	harbor2	chr6	149388076	149388430	LTR/ERVL-MaLR	1044	-	177	149388253	37354
chr6	149350899	149550899	harbor2	chr6	149403542	149403975	LTR/ERVL-MaLR	2200	-	216	149403758	52859
chr6	149350899	149550899	harbor2	chr6	149356385	149356730	LTR/ERVL-MaLR	1824	-	172	149356557	5658
chr6	106179953	106379953	harbor2	chr6	106190159	106190482	LTR/ERVL-MaLR	1390	-	162	106190321	10368
chr6	8009439	8209439	harbor2	chr6	8009819	8010159	LTR/ERVL-MaLR	790	-	170	8009989	550
chr6	8009439	8209439	harbor2	chr6	8091887	8092238	LTR/ERVL-MaLR	1952	-	176	8092063	82624
chr6	8009439	8209439	harbor2	chr6	8107283	8107641	LTR/ERVL-MaLR	2407	-	179	8107462	98023
chr6	105468439	105668439	harbor2	chr6	105554452	105554731	LTR/ERVL-MaLR	1162	-	140	105554592	86153
chr6	105468439	105668439	harbor2	chr6	105557792	105558208	LTR/ERVL-MaLR	2600	-	208	105558000	89561
chr6	139275446	139475446	harbor2	chr6	139311763	139312084	LTR/ERVL-MaLR	1164	-	160	139311923	36477
chr6	139275446	139475446	harbor2	chr6	139322181	139322500	LTR/ERVL-MaLR	1115	-	160	139322341	46895
chr6	139275446	139475446	harbor2	chr6	139361758	139362152	LTR/ERVL-MaLR	851	-	197	139361955	86509
chr6	30369767	30569767	harbor2	chr6	30370475	30370979	LTR/ERVL-MaLR	2729	-	252	30370727	960
chr6	30369767	30569767	harbor2	chr6	30382095	30382352	LTR/ERVL-MaLR	2187	-	128	30382223	12456
chr6	30369767	30569767	harbor2	chr6	30382664	30382814	LTR/ERVL-MaLR	2187	-	75	30382739	12972
chr6	30369767	30569767	harbor2	chr6	30409966	30410317	LTR/ERVL-MaLR	1744	-	176	30410142	40375
chr6	30369767	30569767	harbor2	chr6	30414198	30414570	LTR/ERVL-MaLR	2263	-	186	30414384	44617
chr6	30369767	30569767	harbor2	chr6	30454723	30455193	LTR/ERVL-MaLR	1143	-	235	30454958	85191
chr6	30369767	30569767	harbor2	chr6	30457264	30457682	LTR/ERVL-MaLR	2612	-	209	30457473	87706
chr6	127174273	127374273	harbor2	chr6	127179588	127179979	LTR/ERVL-MaLR	1497	-	196	127179784	5511
chr6	127174273	127374273	harbor2	chr6	127181855	127182314	LTR/ERVL-MaLR	2254	-	230	127182085	7812
chr6	127174273	127374273	harbor2	chr6	127183820	127184180	LTR/ERVL-MaLR	2427	-	180	127184000	9727
chr6	127174273	127374273	harbor2	chr6	127218224	127218784	LTR/ERVL-MaLR	1866	-	280	127218504	44231
chr6	127174273	127374273	harbor2	chr6	127219986	127220326	LTR/ERVL-MaLR	887	-	170	127220156	45883
chr6	127174273	127374273	harbor2	chr6	127225605	127226086	LTR/ERVL-MaLR	1160	-	240	127225845	51572
chr6	127174273	127374273	harbor2	chr6	127247763	127247969	LTR/ERVL-MaLR	485	-	103	127247866	73593
chr6	52352994	52552994	harbor2	chr6	52437485	52437901	LTR/ERVL-MaLR	1354	-	208	52437693	84699
chr6	139275443	139475443	harbor2	chr6	139311763	139312084	LTR/ERVL-MaLR	1164	-	160	139311923	36480
chr6	139275443	139475443	harbor2	chr6	139322181	139322500	LTR/ERVL-MaLR	1115	-	160	139322341	46898
chr6	139275443	139475443	harbor2	chr6	139361758	139362152	LTR/ERVL-MaLR	851	-	197	139361955	86512
chr6	127169913	127369913	harbor2	chr6	127179588	127179979	LTR/ERVL-MaLR	1497	-	196	127179784	9871
chr6	127169913	127369913	harbor2	chr6	127181855	127182314	LTR/ERVL-MaLR	2254	-	230	127182085	12172
chr6	127169913	127369913	harbor2	chr6	127183820	127184180	LTR/ERVL-MaLR	2427	-	180	127184000	14087
chr6	127169913	127369913	harbor2	chr6	127218224	127218784	LTR/ERVL-MaLR	1866	-	280	127218504	48591
chr6	127169913	127369913	harbor2	chr6	127219986	127220326	LTR/ERVL-MaLR	887	-	170	127220156	50243
chr6	127169913	127369913	harbor2	chr6	127225605	127226086	LTR/ERVL-MaLR	1160	-	240	127225845	55932
chr6	127169913	127369913	harbor2	chr6	127247763	127247969	LTR/ERVL-MaLR	485	-	103	127247866	77953
chr6	33522645	33722645	harbor2	chr6	33602441	33602678	LTR/ERVL-MaLR	2676	-	118	33602559	79914
chr6	33522645	33722645	harbor2	chr6	33602974	33603172	LTR/ERVL-MaLR	2676	-	99	33603073	80428
chr6	33522645	33722645	harbor2	chr6	33603186	33603505	LTR/ERVL-MaLR	7956	-	160	33603346	80701
chr6	33522645	33722645	harbor2	chr6	33603817	33604578	LTR/ERVL-MaLR	7956	-	380	33604197	81552
chr6	33522645	33722645	harbor2	chr6	33604873	33605411	LTR/ERVL-MaLR	7956	-	269	33605142	82497
chr6	33522645	33722645	harbor2	chr6	33605418	33605793	LTR/ERVL-MaLR	2268	-	188	33605606	82961
chr6	33522645	33722645	harbor2	chr6	33606095	33606133	LTR/ERVL-MaLR	2268	-	19	33606114	83469
chr6	147254587	147454587	harbor2	chr6	147257780	147258192	LTR/ERVL-MaLR	670	-	206	147257986	3399
chr6	147254587	147454587	harbor2	chr6	147344433	147344801	LTR/ERVL-MaLR	1602	-	184	147344617	90030
chr6	139275379	139475379	harbor2	chr6	139311763	139312084	LTR/ERVL-MaLR	1164	-	160	139311923	36544
chr6	139275379	139475379	harbor2	chr6	139322181	139322500	LTR/ERVL-MaLR	1115	-	160	139322341	46962
chr6	139275379	139475379	harbor2	chr6	139361758	139362152	LTR/ERVL-MaLR	851	-	197	139361955	86576
chr6	155200738	155400738	harbor2	chr6	155204797	155205163	LTR/ERVL-MaLR	1212	-	183	155204980	4242
chr6	155200738	155400738	harbor2	chr6	155229700	155230059	LTR/ERVL-MaLR	2630	-	180	155229880	29142
chr6	155200738	155400738	harbor2	chr6	155236680	155236915	LTR/ERVL-MaLR	1422	-	118	155236798	36060
chr6	155200738	155400738	harbor2	chr6	155236921	155238466	LTR/ERVL-MaLR	11805	-	772	155237693	36955
chr6	139275438	139475438	harbor2	chr6	139311763	139312084	LTR/ERVL-MaLR	1164	-	160	139311923	36485
chr6	139275438	139475438	harbor2	chr6	139322181	139322500	LTR/ERVL-MaLR	1115	-	160	139322341	46903
chr6	139275438	139475438	harbor2	chr6	139361758	139362152	LTR/ERVL-MaLR	851	-	197	139361955	86517
chr6	149352008	149552008	harbor2	chr6	149360217	149360621	LTR/ERVL-MaLR	2188	-	202	149360419	8411
chr6	149352008	149552008	harbor2	chr6	149360622	149362186	LTR/ERVL-MaLR	8265	-	782	149361404	9396
chr6	149352008	149552008	harbor2	chr6	149362187	149362593	LTR/ERVL-MaLR	2225	-	203	149362390	10382
chr6	149352008	149552008	harbor2	chr6	149388076	149388430	LTR/ERVL-MaLR	1044	-	177	149388253	36245
chr6	149352008	149552008	harbor2	chr6	149403542	149403975	LTR/ERVL-MaLR	2200	-	216	149403758	51750
chr6	149352008	149552008	harbor2	chr6	149356385	149356730	LTR/ERVL-MaLR	1824	-	172	149356557	4549
chr6	79848077	80048077	harbor2	chr6	79852946	79853325	LTR/ERVL-MaLR	2059	-	190	79853136	5059
chr6	79848077	80048077	harbor2	chr6	79856464	79856819	LTR/ERVL-MaLR	1552	-	178	79856642	8565
chr6	79848077	80048077	harbor2	chr6	79887734	79887991	LTR/ERVL-MaLR	893	-	128	79887862	39785
chr6	79848077	80048077	harbor2	chr6	79893319	79893728	LTR/ERVL-MaLR	1566	-	204	79893523	45446
chr6	79848077	80048077	harbor2	chr6	79905791	79906058	LTR/ERVL-MaLR	1447	-	134	79905925	57848
chr6	79848077	80048077	harbor2	chr6	79906334	79906480	LTR/ERVL-MaLR	1447	-	73	79906407	58330
chr6	165561195	165761195	harbor2	chr6	165595617	165595974	LTR/ERVL-MaLR	1625	-	178	165595795	34600
chr6	150800551	151000551	harbor2	chr6	150878918	150879160	LTR/ERVL-MaLR	684	-	121	150879039	78488
chr6	41174459	41374459	harbor2	chr6	41203941	41204432	LTR/ERVL-MaLR	1735	-	246	41204187	29728
chr6	41174459	41374459	harbor2	chr6	41207409	41207764	LTR/ERVL-MaLR	2365	-	178	41207587	33128
chr6	41174459	41374459	harbor2	chr6	41227134	41227519	LTR/ERVL-MaLR	1379	-	192	41227326	52867
chr6	139493790	139693790	harbor2	chr6	139565504	139565877	LTR/ERVL-MaLR	2321	-	186	139565690	71900
chr6	45542589	45742589	harbor2	chr6	45560235	45560589	LTR/ERVL-MaLR	2584	-	177	45560412	17823
chr6	45542589	45742589	harbor2	chr6	45565965	45566468	LTR/ERVL-MaLR	1322	-	252	45566217	23628
chr6	45542589	45742589	harbor2	chr6	45568414	45568944	LTR/ERVL-MaLR	2274	-	265	45568679	26090
chr6	45542589	45742589	harbor2	chr6	45603654	45604021	LTR/ERVL-MaLR	2764	-	184	45603838	61249
chr6	45542589	45742589	harbor2	chr6	45619380	45619872	LTR/ERVL-MaLR	1452	-	246	45619626	77037
chr6	45542589	45742589	harbor2	chr6	45629790	45630124	LTR/ERVL-MaLR	1434	-	167	45629957	87368
chr6	45542589	45742589	harbor2	chr6	45632492	45632869	LTR/ERVL-MaLR	1918	-	188	45632680	90091
chr6	45542589	45742589	harbor2	chr6	45636428	45636802	LTR/ERVL-MaLR	823	-	187	45636615	94026
chr6	139434279	139634279	harbor2	chr6	139491881	139491925	LTR/ERVL-MaLR	1625	-	22	139491903	57624
chr6	139434279	139634279	harbor2	chr6	139492518	139492709	LTR/ERVL-MaLR	1625	-	96	139492614	58335
chr6	139434279	139634279	harbor2	chr6	139493317	139493425	LTR/ERVL-MaLR	1625	-	54	139493371	59092
chr6	46592267	46792267	harbor2	chr6	46614686	46615185	LTR/ERVL-MaLR	948	-	250	46614936	22669
chr6	46592267	46792267	harbor2	chr6	46626908	46627272	LTR/ERVL-MaLR	1984	-	182	46627090	34823
chr6	46592267	46792267	harbor2	chr6	46649095	46649479	LTR/ERVL-MaLR	658	-	192	46649287	57020
chr6	46592267	46792267	harbor2	chr6	46668365	46668581	LTR/ERVL-MaLR	527	-	108	46668473	76206
chr6	37071323	37271323	harbor2	chr6	37100831	37101022	LTR/ERVL-MaLR	649	-	96	37100927	29604
chr6	37071323	37271323	harbor2	chr6	37112367	37112672	LTR/ERVL-MaLR	2030	-	152	37112519	41196
chr6	37071323	37271323	harbor2	chr6	37112971	37113069	LTR/ERVL-MaLR	2030	-	49	37113020	41697
chr6	37071323	37271323	harbor2	chr6	37154272	37154494	LTR/ERVL-MaLR	1784	-	111	37154383	83060
chr6	37071323	37271323	harbor2	chr6	37155068	37155244	LTR/ERVL-MaLR	1784	-	88	37155156	83833
chr6	43393418	43593418	harbor2	chr6	43403318	43403678	LTR/ERVL-MaLR	2540	-	180	43403498	10080
chr6	43393418	43593418	harbor2	chr6	43420063	43420230	LTR/ERVL-MaLR	1007	-	84	43420147	26729
chr6	43393418	43593418	harbor2	chr6	43436932	43437265	LTR/ERVL-MaLR	719	-	166	43437098	43680
chr6	146816562	147016562	harbor2	chr6	146827591	146827922	LTR/ERVL-MaLR	845	-	166	146827757	11195
chr6	146816562	147016562	harbor2	chr6	146844200	146844553	LTR/ERVL-MaLR	2192	-	176	146844376	27814
chr6	146816562	147016562	harbor2	chr6	146844555	146846096	LTR/ERVL-MaLR	10508	-	770	146845325	28763
chr6	146816562	147016562	harbor2	chr6	146846097	146846470	LTR/ERVL-MaLR	2502	-	186	146846283	29721
chr6	146816562	147016562	harbor2	chr6	146851081	146851531	LTR/ERVL-MaLR	1310	-	225	146851306	34744
chr6	146816562	147016562	harbor2	chr6	146852005	146852208	LTR/ERVL-MaLR	753	-	102	146852107	35545
chr6	146816562	147016562	harbor2	chr6	146852375	146852648	LTR/ERVL-MaLR	2497	-	136	146852511	35949
chr6	146816562	147016562	harbor2	chr6	146853017	146853167	LTR/ERVL-MaLR	2497	-	75	146853092	36530
chr6	146816562	147016562	harbor2	chr6	146853643	146853808	LTR/ERVL-MaLR	738	-	82	146853725	37163
chr6	34776933	34976933	harbor2	chr6	34825610	34825765	LTR/ERVL-MaLR	855	-	78	34825688	48755
chr6	45542590	45742590	harbor2	chr6	45560235	45560589	LTR/ERVL-MaLR	2584	-	177	45560412	17822
chr6	45542590	45742590	harbor2	chr6	45565965	45566468	LTR/ERVL-MaLR	1322	-	252	45566217	23627
chr6	45542590	45742590	harbor2	chr6	45568414	45568944	LTR/ERVL-MaLR	2274	-	265	45568679	26089
chr6	45542590	45742590	harbor2	chr6	45603654	45604021	LTR/ERVL-MaLR	2764	-	184	45603838	61248
chr6	45542590	45742590	harbor2	chr6	45619380	45619872	LTR/ERVL-MaLR	1452	-	246	45619626	77036
chr6	45542590	45742590	harbor2	chr6	45629790	45630124	LTR/ERVL-MaLR	1434	-	167	45629957	87367
chr6	45542590	45742590	harbor2	chr6	45632492	45632869	LTR/ERVL-MaLR	1918	-	188	45632680	90090
chr6	45542590	45742590	harbor2	chr6	45636428	45636802	LTR/ERVL-MaLR	823	-	187	45636615	94025
chr6	166512532	166712532	harbor2	chr6	166584067	166584429	LTR/ERVL-MaLR	1280	-	181	166584248	71716
chr6	166512532	166712532	harbor2	chr6	166611575	166611773	LTR/ERVL-MaLR	525	-	99	166611674	99142
chr6	167863281	168063281	harbor2	chr6	167916001	167916356	LTR/ERVL-MaLR	1235	-	178	167916179	52898
chr6	167863281	168063281	harbor2	chr6	167903151	167903553	LTR/ERVL-MaLR	507	-	201	167903352	40071
chr6	7907023	8107023	harbor2	chr6	7934817	7935175	LTR/ERVL-MaLR	2247	-	179	7934996	27973
chr6	7907023	8107023	harbor2	chr6	7941432	7941864	LTR/ERVL-MaLR	2874	-	216	7941648	34625
chr6	7907023	8107023	harbor2	chr6	7977028	7977338	LTR/ERVL-MaLR	1836	-	155	7977183	70160
chr6	148245637	148445637	harbor2	chr6	148255136	148255517	LTR/ERVL-MaLR	2018	-	190	148255326	9689
chr6	148245637	148445637	harbor2	chr6	148269635	148269783	LTR/ERVL-MaLR	638	-	74	148269709	24072
chr6	148245637	148445637	harbor2	chr6	148286421	148286841	LTR/ERVL-MaLR	2090	-	210	148286631	40994
chr6	148245637	148445637	harbor2	chr6	148325057	148325261	LTR/ERVL-MaLR	2454	-	102	148325159	79522
chr6	148245637	148445637	harbor2	chr6	148325573	148325752	LTR/ERVL-MaLR	2454	-	90	148325663	80026
chr6	127216519	127416519	harbor2	chr6	127218224	127218784	LTR/ERVL-MaLR	1866	-	280	127218504	1985
chr6	127216519	127416519	harbor2	chr6	127219986	127220326	LTR/ERVL-MaLR	887	-	170	127220156	3637
chr6	127216519	127416519	harbor2	chr6	127225605	127226086	LTR/ERVL-MaLR	1160	-	240	127225845	9326
chr6	127216519	127416519	harbor2	chr6	127247763	127247969	LTR/ERVL-MaLR	485	-	103	127247866	31347
chr6	127216519	127416519	harbor2	chr6	127309657	127310034	LTR/ERVL-MaLR	2108	-	188	127309845	93326
chr6	52300000	52500000	harbor2	chr6	52300618	52301012	LTR/ERVL-MaLR	1809	-	197	52300815	815
chr6	52300000	52500000	harbor2	chr6	52301553	52301666	LTR/ERVL-MaLR	728	-	56	52301609	1609
chr6	7875319	8075319	harbor2	chr6	7900610	7900955	LTR/ERVL-MaLR	1804	-	172	7900782	25463
chr6	7875319	8075319	harbor2	chr6	7934817	7935175	LTR/ERVL-MaLR	2247	-	179	7934996	59677
chr6	7875319	8075319	harbor2	chr6	7941432	7941864	LTR/ERVL-MaLR	2874	-	216	7941648	66329
chr6	169863958	170063958	harbor2	chr6	169885209	169885569	LTR/ERVL-MaLR	1988	-	180	169885389	21431
chr6	169863958	170063958	harbor2	chr6	169926932	169927391	LTR/ERVL-MaLR	1031	-	230	169927162	63204
chr6	169863958	170063958	harbor2	chr6	169936883	169937080	LTR/ERVL-MaLR	681	-	98	169936981	73023
chr6	169863958	170063958	harbor2	chr6	169940358	169940444	LTR/ERVL-MaLR	508	-	43	169940401	76443
chr6	169863958	170063958	harbor2	chr6	169944757	169945115	LTR/ERVL-MaLR	2124	-	179	169944936	80978
chr6	169863958	170063958	harbor2	chr6	169945125	169945515	LTR/ERVL-MaLR	2214	-	195	169945320	81362
chr6	166856299	167056299	harbor2	chr6	166881646	166881956	LTR/ERVL-MaLR	1517	-	155	166881801	25502
chr6	166856299	167056299	harbor2	chr6	166936375	166936788	LTR/ERVL-MaLR	2251	-	206	166936581	80282
chr6	149548477	149748477	harbor2	chr6	149576009	149576470	LTR/ERVL-MaLR	1666	-	230	149576239	27762
chr6	149548477	149748477	harbor2	chr6	149576816	149577173	LTR/ERVL-MaLR	1975	-	178	149576994	28517
chr6	149548477	149748477	harbor2	chr6	149586056	149586498	LTR/ERVL-MaLR	2291	-	221	149586277	37800
chr6	325158	525158	harbor2	chr6	421285	421646	LTR/ERVL-MaLR	1112	-	180	421465	96307
chr6	56921793	57121793	harbor2	chr6	56972725	56972921	LTR/ERVL-MaLR	908	-	98	56972823	51030
chr6	56921793	57121793	harbor2	chr6	56984510	56985229	LTR/ERVL-MaLR	990	-	360	56984870	63077
chr6	56921793	57121793	harbor2	chr6	56985301	56985746	LTR/ERVL-MaLR	956	-	222	56985523	63730
chr6	56921793	57121793	harbor2	chr6	56995430	56995848	LTR/ERVL-MaLR	1631	-	209	56995639	73846
chr6	56921793	57121793	harbor2	chr6	57016293	57016891	LTR/ERVL-MaLR	2328	-	299	57016592	94799
chr6	151352799	151552799	harbor2	chr6	151395407	151395791	LTR/ERVL-MaLR	751	-	192	151395599	42800
chr6	151352799	151552799	harbor2	chr6	151412571	151412992	LTR/ERVL-MaLR	2629	-	210	151412781	59982
chr6	149351576	149551576	harbor2	chr6	149360217	149360621	LTR/ERVL-MaLR	2188	-	202	149360419	8843
chr6	149351576	149551576	harbor2	chr6	149360622	149362186	LTR/ERVL-MaLR	8265	-	782	149361404	9828
chr6	149351576	149551576	harbor2	chr6	149362187	149362593	LTR/ERVL-MaLR	2225	-	203	149362390	10814
chr6	149351576	149551576	harbor2	chr6	149388076	149388430	LTR/ERVL-MaLR	1044	-	177	149388253	36677
chr6	149351576	149551576	harbor2	chr6	149403542	149403975	LTR/ERVL-MaLR	2200	-	216	149403758	52182
chr6	149351576	149551576	harbor2	chr6	149356385	149356730	LTR/ERVL-MaLR	1824	-	172	149356557	4981
chr6	105895040	106095040	harbor2	chr6	105925636	105926183	LTR/ERVL-MaLR	1928	-	274	105925910	30870
chr6	105895040	106095040	harbor2	chr6	105966526	105966773	LTR/ERVL-MaLR	918	-	124	105966650	71610
chr6	158504789	158704789	harbor2	chr6	158543433	158543842	LTR/ERVL-MaLR	1640	-	204	158543637	38848
chr6	158504789	158704789	harbor2	chr6	158596622	158596973	LTR/ERVL-MaLR	2734	-	176	158596798	92009
chr6	158504789	158704789	harbor2	chr6	158597265	158597512	LTR/ERVL-MaLR	1560	-	124	158597389	92600
chr6	158504789	158704789	harbor2	chr6	158597801	158597956	LTR/ERVL-MaLR	1560	-	78	158597879	93090
chr6	127167589	127367589	harbor2	chr6	127179588	127179979	LTR/ERVL-MaLR	1497	-	196	127179784	12195
chr6	127167589	127367589	harbor2	chr6	127181855	127182314	LTR/ERVL-MaLR	2254	-	230	127182085	14496
chr6	127167589	127367589	harbor2	chr6	127183820	127184180	LTR/ERVL-MaLR	2427	-	180	127184000	16411
chr6	127167589	127367589	harbor2	chr6	127218224	127218784	LTR/ERVL-MaLR	1866	-	280	127218504	50915
chr6	127167589	127367589	harbor2	chr6	127219986	127220326	LTR/ERVL-MaLR	887	-	170	127220156	52567
chr6	127167589	127367589	harbor2	chr6	127225605	127226086	LTR/ERVL-MaLR	1160	-	240	127225845	58256
chr6	127167589	127367589	harbor2	chr6	127247763	127247969	LTR/ERVL-MaLR	485	-	103	127247866	80277
chr6	45541581	45741581	harbor2	chr6	45560235	45560589	LTR/ERVL-MaLR	2584	-	177	45560412	18831
chr6	45541581	45741581	harbor2	chr6	45565965	45566468	LTR/ERVL-MaLR	1322	-	252	45566217	24636
chr6	45541581	45741581	harbor2	chr6	45568414	45568944	LTR/ERVL-MaLR	2274	-	265	45568679	27098
chr6	45541581	45741581	harbor2	chr6	45603654	45604021	LTR/ERVL-MaLR	2764	-	184	45603838	62257
chr6	45541581	45741581	harbor2	chr6	45619380	45619872	LTR/ERVL-MaLR	1452	-	246	45619626	78045
chr6	45541581	45741581	harbor2	chr6	45629790	45630124	LTR/ERVL-MaLR	1434	-	167	45629957	88376
chr6	45541581	45741581	harbor2	chr6	45632492	45632869	LTR/ERVL-MaLR	1918	-	188	45632680	91099
chr6	45541581	45741581	harbor2	chr6	45636428	45636802	LTR/ERVL-MaLR	823	-	187	45636615	95034
chr6	99249452	99449452	harbor2	chr6	99258663	99258999	LTR/ERVL-MaLR	1113	-	168	99258831	9379
chr6	99249452	99449452	harbor2	chr6	99301907	99302373	LTR/ERVL-MaLR	2278	-	233	99302140	52688
chr6	99249452	99449452	harbor2	chr6	99302682	99302787	LTR/ERVL-MaLR	2278	-	52	99302734	53282
chr6	27416505	27616505	harbor2	chr6	27490082	27490237	LTR/ERVL-MaLR	1012	-	78	27490160	73655
chr6	34144727	34344727	harbor2	chr6	34200706	34200950	LTR/ERVL-MaLR	765	-	122	34200828	56101
chr6	34144727	34344727	harbor2	chr6	34208760	34209057	LTR/ERVL-MaLR	887	-	148	34208908	64181
chr6	107857740	108057740	harbor2	chr6	107861359	107861738	LTR/ERVL-MaLR	2378	-	190	107861549	3809
chr6	35356242	35556242	harbor2	chr6	35366111	35366194	LTR/ERVL-MaLR	531	-	42	35366153	9911
chr6	35356242	35556242	harbor2	chr6	35367542	35367967	LTR/ERVL-MaLR	830	-	212	35367754	11512
chr6	35356242	35556242	harbor2	chr6	35381375	35381816	LTR/ERVL-MaLR	881	-	220	35381595	25353
chr6	35356242	35556242	harbor2	chr6	35407945	35408422	LTR/ERVL-MaLR	587	-	238	35408183	51941
chr6	35356242	35556242	harbor2	chr6	35372881	35373268	LTR/ERVL-MaLR	2398	-	194	35373075	16833
chr6	71233331	71433331	harbor2	chr6	71234698	71235057	LTR/ERVL-MaLR	2206	-	180	71234878	1547
chr6	71233331	71433331	harbor2	chr6	71280975	71281025	LTR/ERVL-MaLR	2183	-	25	71281000	47669
chr6	71233331	71433331	harbor2	chr6	71281384	71281880	LTR/ERVL-MaLR	2183	-	248	71281632	48301
chr6	71233331	71433331	harbor2	chr6	71286101	71286656	LTR/ERVL-MaLR	2087	-	278	71286379	53048
chr6	163314629	163514629	harbor2	chr6	163342453	163342859	LTR/ERVL-MaLR	1139	-	203	163342656	28027
chr6	163314629	163514629	harbor2	chr6	163349768	163350235	LTR/ERVL-MaLR	1912	-	234	163350002	35373
chr6	163314629	163514629	harbor2	chr6	163351212	163351505	LTR/ERVL-MaLR	630	-	146	163351358	36729
chr6	163314629	163514629	harbor2	chr6	163399222	163399365	LTR/ERVL-MaLR	495	-	72	163399294	84665
chr6	52571777	52771777	harbor2	chr6	52582740	52583248	LTR/ERVL-MaLR	1540	-	254	52582994	11217
chr6	52571777	52771777	harbor2	chr6	52592045	52592329	LTR/ERVL-MaLR	1278	-	142	52592187	20410
chr6	52571777	52771777	harbor2	chr6	52609616	52610082	LTR/ERVL-MaLR	1521	-	233	52609849	38072
chr6	52571777	52771777	harbor2	chr6	52620788	52621154	LTR/ERVL-MaLR	472	-	183	52620971	49194
chr6	52571777	52771777	harbor2	chr6	52592617	52592782	LTR/ERVL-MaLR	959	-	82	52592699	20922
chr6	167863263	168063263	harbor2	chr6	167916001	167916356	LTR/ERVL-MaLR	1235	-	178	167916179	52916
chr6	167863263	168063263	harbor2	chr6	167903151	167903553	LTR/ERVL-MaLR	507	-	201	167903352	40089
chr6	128006768	128206768	harbor2	chr6	128025537	128026011	LTR/ERVL-MaLR	1571	-	237	128025774	19006
chr6	128006768	128206768	harbor2	chr6	128041927	128042265	LTR/ERVL-MaLR	1061	-	169	128042096	35328
chr6	128006768	128206768	harbor2	chr6	128042286	128042759	LTR/ERVL-MaLR	2307	-	236	128042522	35754
chr6	128006768	128206768	harbor2	chr6	128073516	128073678	LTR/ERVL-MaLR	663	-	81	128073597	66829
chr6	139275401	139475401	harbor2	chr6	139311763	139312084	LTR/ERVL-MaLR	1164	-	160	139311923	36522
chr6	139275401	139475401	harbor2	chr6	139322181	139322500	LTR/ERVL-MaLR	1115	-	160	139322341	46940
chr6	139275401	139475401	harbor2	chr6	139361758	139362152	LTR/ERVL-MaLR	851	-	197	139361955	86554
chr6	111733310	111933310	harbor2	chr6	111766510	111766885	LTR/ERVL-MaLR	2777	-	188	111766698	33388
chr6	111733310	111933310	harbor2	chr6	111770581	111770948	LTR/ERVL-MaLR	1317	-	184	111770765	37455
chr6	139275439	139475439	harbor2	chr6	139311763	139312084	LTR/ERVL-MaLR	1164	-	160	139311923	36484
chr6	139275439	139475439	harbor2	chr6	139322181	139322500	LTR/ERVL-MaLR	1115	-	160	139322341	46902
chr6	139275439	139475439	harbor2	chr6	139361758	139362152	LTR/ERVL-MaLR	851	-	197	139361955	86516
chr6	31934204	32134204	harbor2	chr6	31941162	31941422	LTR/ERVL-MaLR	878	-	130	31941292	7088
chr6	31934204	32134204	harbor2	chr6	31942252	31942422	LTR/ERVL-MaLR	832	-	85	31942337	8133
chr6	37072384	37272384	harbor2	chr6	37100831	37101022	LTR/ERVL-MaLR	649	-	96	37100927	28543
chr6	37072384	37272384	harbor2	chr6	37112367	37112672	LTR/ERVL-MaLR	2030	-	152	37112519	40135
chr6	37072384	37272384	harbor2	chr6	37112971	37113069	LTR/ERVL-MaLR	2030	-	49	37113020	40636
chr6	37072384	37272384	harbor2	chr6	37154272	37154494	LTR/ERVL-MaLR	1784	-	111	37154383	81999
chr6	37072384	37272384	harbor2	chr6	37155068	37155244	LTR/ERVL-MaLR	1784	-	88	37155156	82772
chr6	159071496	159271496	harbor2	chr6	159071621	159071838	LTR/ERVL-MaLR	546	-	108	159071729	233
chr6	159071496	159271496	harbor2	chr6	159074185	159074647	LTR/ERVL-MaLR	1322	-	231	159074416	2920
chr6	159071496	159271496	harbor2	chr6	159118973	159119348	LTR/ERVL-MaLR	2338	-	188	159119161	47665
chr6	159071496	159271496	harbor2	chr6	159123826	159124183	LTR/ERVL-MaLR	2515	-	178	159124004	52508
chr6	159071496	159271496	harbor2	chr6	159141321	159141704	LTR/ERVL-MaLR	2639	-	192	159141513	70017
chr6	159071496	159271496	harbor2	chr6	159143896	159144253	LTR/ERVL-MaLR	2375	-	178	159144074	72578
chr6	159071496	159271496	harbor2	chr6	159146475	159146617	LTR/ERVL-MaLR	900	-	71	159146546	75050
chr6	159071496	159271496	harbor2	chr6	159147339	159147723	LTR/ERVL-MaLR	2351	-	192	159147531	76035
chr6	159071496	159271496	harbor2	chr6	159149372	159149633	LTR/ERVL-MaLR	682	-	130	159149502	78006
chr6	159071496	159271496	harbor2	chr6	159149628	159149745	LTR/ERVL-MaLR	583	-	58	159149686	78190
chr6	159071496	159271496	harbor2	chr6	159158601	159158985	LTR/ERVL-MaLR	2115	-	192	159158793	87297
chr6	159071496	159271496	harbor2	chr6	159160400	159160538	LTR/ERVL-MaLR	890	-	69	159160469	88973
chr6	159071496	159271496	harbor2	chr6	159161803	159162202	LTR/ERVL-MaLR	2353	-	200	159162003	90507
chr6	159071496	159271496	harbor2	chr6	159167334	159167771	LTR/ERVL-MaLR	840	-	218	159167552	96056
chr6	34138879	34338879	harbor2	chr6	34200706	34200950	LTR/ERVL-MaLR	765	-	122	34200828	61949
chr6	34138879	34338879	harbor2	chr6	34208760	34209057	LTR/ERVL-MaLR	887	-	148	34208908	70029
chr6	158436899	158636899	harbor2	chr6	158446637	158447005	LTR/ERVL-MaLR	1226	-	184	158446821	9922
chr6	158436899	158636899	harbor2	chr6	158468665	158469014	LTR/ERVL-MaLR	1876	-	174	158468839	31940
chr6	63473882	63673882	harbor2	chr6	63476331	63476888	LTR/ERVL-MaLR	939	-	278	63476609	2727
chr6	63473882	63673882	harbor2	chr6	63483633	63483960	LTR/ERVL-MaLR	739	-	164	63483797	9915
chr6	63473882	63673882	harbor2	chr6	63511953	63512080	LTR/ERVL-MaLR	725	-	64	63512017	38135
chr6	63473882	63673882	harbor2	chr6	63512378	63512736	LTR/ERVL-MaLR	725	-	179	63512557	38675
chr6	167933183	168133183	harbor2	chr6	167979902	167980292	LTR/ERVL-MaLR	2115	-	195	167980097	46914
chr6	167933183	168133183	harbor2	chr6	167987308	167987640	LTR/ERVL-MaLR	769	-	166	167987474	54291
chr6	146813024	147013024	harbor2	chr6	146827591	146827922	LTR/ERVL-MaLR	845	-	166	146827757	14733
chr6	146813024	147013024	harbor2	chr6	146844200	146844553	LTR/ERVL-MaLR	2192	-	176	146844376	31352
chr6	146813024	147013024	harbor2	chr6	146844555	146846096	LTR/ERVL-MaLR	10508	-	770	146845325	32301
chr6	146813024	147013024	harbor2	chr6	146846097	146846470	LTR/ERVL-MaLR	2502	-	186	146846283	33259
chr6	146813024	147013024	harbor2	chr6	146851081	146851531	LTR/ERVL-MaLR	1310	-	225	146851306	38282
chr6	146813024	147013024	harbor2	chr6	146852005	146852208	LTR/ERVL-MaLR	753	-	102	146852107	39083
chr6	146813024	147013024	harbor2	chr6	146852375	146852648	LTR/ERVL-MaLR	2497	-	136	146852511	39487
chr6	146813024	147013024	harbor2	chr6	146853017	146853167	LTR/ERVL-MaLR	2497	-	75	146853092	40068
chr6	146813024	147013024	harbor2	chr6	146853643	146853808	LTR/ERVL-MaLR	738	-	82	146853725	40701
chr6	145745469	145945469	harbor2	chr6	145746144	145746446	LTR/ERVL-MaLR	869	-	151	145746295	826
chr6	145745469	145945469	harbor2	chr6	145773634	145774221	LTR/ERVL-MaLR	1662	-	294	145773928	28459
chr6	145745469	145945469	harbor2	chr6	145779832	145780288	LTR/ERVL-MaLR	1079	-	228	145780060	34591
chr6	145745469	145945469	harbor2	chr6	145782914	145783710	LTR/ERVL-MaLR	3554	-	398	145783312	37843
chr6	145745469	145945469	harbor2	chr6	145783711	145784017	LTR/ERVL-MaLR	1311	-	153	145783864	38395
chr6	145745469	145945469	harbor2	chr6	145784534	145784590	LTR/ERVL-MaLR	1311	-	28	145784562	39093
chr6	145745469	145945469	harbor2	chr6	145789907	145790268	LTR/ERVL-MaLR	2120	-	180	145790087	44618
chr6	145745469	145945469	harbor2	chr6	145790269	145791843	LTR/ERVL-MaLR	11777	-	787	145791056	45587
chr6	145745469	145945469	harbor2	chr6	145791844	145792196	LTR/ERVL-MaLR	1929	-	176	145792020	46551
chr6	145745469	145945469	harbor2	chr6	145838161	145838565	LTR/ERVL-MaLR	1539	-	202	145838363	92894
chr6	145745469	145945469	harbor2	chr6	145841124	145841520	LTR/ERVL-MaLR	1477	-	198	145841322	95853
chr6	145745469	145945469	harbor2	chr6	145843983	145844365	LTR/ERVL-MaLR	2063	-	191	145844174	98705
chr6	145745469	145945469	harbor2	chr6	145817417	145817836	LTR/ERVL-MaLR	1755	-	210	145817627	72158
chr6	27416592	27616592	harbor2	chr6	27490082	27490237	LTR/ERVL-MaLR	1012	-	78	27490160	73568
chr6	32753450	32953450	harbor2	chr6	32775072	32775584	LTR/ERVL-MaLR	1812	-	256	32775328	21878
chr6	32753450	32953450	harbor2	chr6	32776100	32776194	LTR/ERVL-MaLR	1737	-	47	32776147	22697
chr6	32753450	32953450	harbor2	chr6	32776206	32776331	LTR/ERVL-MaLR	470	-	62	32776268	22818
chr6	32753450	32953450	harbor2	chr6	32777089	32777486	LTR/ERVL-MaLR	1369	-	198	32777287	23837
chr6	32753450	32953450	harbor2	chr6	32777487	32778067	LTR/ERVL-MaLR	5522	-	290	32777777	24327
chr6	32753450	32953450	harbor2	chr6	32779036	32780110	LTR/ERVL-MaLR	5522	-	537	32779573	26123
chr6	32753450	32953450	harbor2	chr6	32780113	32780501	LTR/ERVL-MaLR	1368	-	194	32780307	26857
chr6	37072379	37272379	harbor2	chr6	37100831	37101022	LTR/ERVL-MaLR	649	-	96	37100927	28548
chr6	37072379	37272379	harbor2	chr6	37112367	37112672	LTR/ERVL-MaLR	2030	-	152	37112519	40140
chr6	37072379	37272379	harbor2	chr6	37112971	37113069	LTR/ERVL-MaLR	2030	-	49	37113020	40641
chr6	37072379	37272379	harbor2	chr6	37154272	37154494	LTR/ERVL-MaLR	1784	-	111	37154383	82004
chr6	37072379	37272379	harbor2	chr6	37155068	37155244	LTR/ERVL-MaLR	1784	-	88	37155156	82777
chr6	63536599	63736599	harbor2	chr6	63601802	63601957	LTR/ERVL-MaLR	637	-	78	63601880	65281
chr6	63536599	63736599	harbor2	chr6	63602032	63602361	LTR/ERVL-MaLR	980	-	164	63602196	65597
chr6	63536599	63736599	harbor2	chr6	63605464	63605758	LTR/ERVL-MaLR	557	-	147	63605611	69012
chr6	63536599	63736599	harbor2	chr6	63622414	63622672	LTR/ERVL-MaLR	880	-	129	63622543	85944
chr6	159410489	159610489	harbor2	chr6	159419947	159420318	LTR/ERVL-MaLR	2085	-	186	159420133	9644
chr6	159410489	159610489	harbor2	chr6	159424356	159424804	LTR/ERVL-MaLR	1619	-	224	159424580	14091
chr6	159410489	159610489	harbor2	chr6	159431955	159432476	LTR/ERVL-MaLR	1030	-	260	159432215	21726
chr6	159410489	159610489	harbor2	chr6	159438679	159439054	LTR/ERVL-MaLR	2266	-	188	159438867	28378
chr6	159410489	159610489	harbor2	chr6	159470093	159470492	LTR/ERVL-MaLR	2667	-	200	159470293	59804
chr6	159410489	159610489	harbor2	chr6	159470493	159472217	LTR/ERVL-MaLR	9777	-	862	159471355	60866
chr6	159410489	159610489	harbor2	chr6	159472218	159472619	LTR/ERVL-MaLR	2688	-	200	159472418	61929
chr6	159410489	159610489	harbor2	chr6	159474558	159474947	LTR/ERVL-MaLR	1280	-	194	159474752	64263
chr6	169864558	170064558	harbor2	chr6	169885209	169885569	LTR/ERVL-MaLR	1988	-	180	169885389	20831
chr6	169864558	170064558	harbor2	chr6	169926932	169927391	LTR/ERVL-MaLR	1031	-	230	169927162	62604
chr6	169864558	170064558	harbor2	chr6	169936883	169937080	LTR/ERVL-MaLR	681	-	98	169936981	72423
chr6	169864558	170064558	harbor2	chr6	169940358	169940444	LTR/ERVL-MaLR	508	-	43	169940401	75843
chr6	169864558	170064558	harbor2	chr6	169944757	169945115	LTR/ERVL-MaLR	2124	-	179	169944936	80378
chr6	169864558	170064558	harbor2	chr6	169945125	169945515	LTR/ERVL-MaLR	2214	-	195	169945320	80762
chr6	52185444	52385444	harbor2	chr6	52228082	52228550	LTR/ERVL-MaLR	1947	-	234	52228316	42872
chr6	52185444	52385444	harbor2	chr6	52230293	52230570	LTR/ERVL-MaLR	780	-	138	52230431	44987
chr7	154767306	154967306	harbor2	chr7	154770125	154770464	LTR/ERVL-MaLR	2195	-	170	154770295	2989
chr7	154767306	154967306	harbor2	chr7	154771228	154771595	LTR/ERVL-MaLR	1628	-	184	154771412	4106
chr7	154767306	154967306	harbor2	chr7	154790928	154790969	LTR/ERVL-MaLR	1995	-	20	154790948	23642
chr7	154767306	154967306	harbor2	chr7	154791281	154791613	LTR/ERVL-MaLR	1995	-	166	154791447	24141
chr7	154767306	154967306	harbor2	chr7	154814601	154815052	LTR/ERVL-MaLR	2102	-	226	154814827	47521
chr7	154767306	154967306	harbor2	chr7	154822210	154822544	LTR/ERVL-MaLR	1709	-	167	154822377	55071
chr7	154767306	154967306	harbor2	chr7	154812368	154812728	LTR/ERVL-MaLR	1798	-	180	154812548	45242
chr7	50206270	50406270	harbor2	chr7	50236757	50236906	LTR/ERVL-MaLR	535	-	74	50236831	30561
chr7	1802355	2002355	harbor2	chr7	1854399	1854689	LTR/ERVL-MaLR	913	-	145	1854544	52189
chr7	1802355	2002355	harbor2	chr7	1854807	1855859	LTR/ERVL-MaLR	598	-	526	1855333	52978
chr7	1802355	2002355	harbor2	chr7	1855893	1856159	LTR/ERVL-MaLR	454	-	133	1856026	53671
chr7	130568331	130768331	harbor2	chr7	130623910	130624272	LTR/ERVL-MaLR	1718	-	181	130624091	55760
chr7	130568331	130768331	harbor2	chr7	130648207	130648352	LTR/ERVL-MaLR	845	-	72	130648279	79948
chr7	130568331	130768331	harbor2	chr7	130648344	130649863	LTR/ERVL-MaLR	3297	-	760	130649104	80773
chr7	130568331	130768331	harbor2	chr7	130649864	130650348	LTR/ERVL-MaLR	1963	-	242	130650106	81775
chr7	151453621	151653621	harbor2	chr7	151454479	151454825	LTR/ERVL-MaLR	1049	-	173	151454652	1031
chr7	151453621	151653621	harbor2	chr7	151455646	151456063	LTR/ERVL-MaLR	2212	-	208	151455854	2233
chr7	151453621	151653621	harbor2	chr7	151456064	151457646	LTR/ERVL-MaLR	8560	-	791	151456855	3234
chr7	151453621	151653621	harbor2	chr7	151457648	151458064	LTR/ERVL-MaLR	2394	-	208	151457856	4235
chr7	151453621	151653621	harbor2	chr7	151458566	151458778	LTR/ERVL-MaLR	1414	-	106	151458672	5051
chr7	151453621	151653621	harbor2	chr7	151459084	151459106	LTR/ERVL-MaLR	1414	-	11	151459095	5474
chr7	151453621	151653621	harbor2	chr7	151459447	151459612	LTR/ERVL-MaLR	1414	-	82	151459529	5908
chr7	151453621	151653621	harbor2	chr7	151531135	151531561	LTR/ERVL-MaLR	1990	-	213	151531348	77727
chr7	151453621	151653621	harbor2	chr7	151531570	151532739	LTR/ERVL-MaLR	10388	-	584	151532154	78533
chr7	151453621	151653621	harbor2	chr7	151533009	151533386	LTR/ERVL-MaLR	10388	-	188	151533197	79576
chr7	151453621	151653621	harbor2	chr7	151533880	151534202	LTR/ERVL-MaLR	1861	-	161	151534041	80420
chr7	151453621	151653621	harbor2	chr7	151549051	151549315	LTR/ERVL-MaLR	1676	-	132	151549183	95562
chr7	151453621	151653621	harbor2	chr7	151549970	151550153	LTR/ERVL-MaLR	1676	-	92	151550062	96441
chr7	1312998	1512998	harbor2	chr7	1343911	1343981	LTR/ERVL-MaLR	1839	-	35	1343946	30948
chr7	1312998	1512998	harbor2	chr7	1344298	1344591	LTR/ERVL-MaLR	1839	-	146	1344444	31446
chr7	1312998	1512998	harbor2	chr7	1366016	1366267	LTR/ERVL-MaLR	765	-	126	1366142	53144
chr7	1312998	1512998	harbor2	chr7	1372709	1373112	LTR/ERVL-MaLR	735	-	202	1372911	59913
chr7	1312998	1512998	harbor2	chr7	1373840	1374062	LTR/ERVL-MaLR	1122	-	111	1373951	60953
chr7	1312998	1512998	harbor2	chr7	1374176	1374186	LTR/ERVL-MaLR	1122	-	5	1374181	61183
chr7	1312998	1512998	harbor2	chr7	1374486	1374686	LTR/ERVL-MaLR	1122	-	100	1374586	61588
chr7	1312998	1512998	harbor2	chr7	1377373	1377773	LTR/ERVL-MaLR	1058	-	200	1377573	64575
chr7	1312998	1512998	harbor2	chr7	1391601	1392066	LTR/ERVL-MaLR	1361	-	232	1391833	78835
chr7	1312998	1512998	harbor2	chr7	1394351	1394530	LTR/ERVL-MaLR	518	-	90	1394441	81443
chr7	1312998	1512998	harbor2	chr7	1394572	1394969	LTR/ERVL-MaLR	707	-	198	1394770	81772
chr7	1312998	1512998	harbor2	chr7	1401606	1401623	LTR/ERVL-MaLR	564	-	8	1401614	88616
chr7	1312998	1512998	harbor2	chr7	1401923	1402023	LTR/ERVL-MaLR	564	-	50	1401973	88975
chr7	1312998	1512998	harbor2	chr7	1409585	1409971	LTR/ERVL-MaLR	1324	-	193	1409778	96780
chr7	1252797	1452797	harbor2	chr7	1343911	1343981	LTR/ERVL-MaLR	1839	-	35	1343946	91149
chr7	1252797	1452797	harbor2	chr7	1344298	1344591	LTR/ERVL-MaLR	1839	-	146	1344444	91647
chr7	39733301	39933301	harbor2	chr7	39747983	39748484	LTR/ERVL-MaLR	629	-	250	39748233	14932
chr7	39733301	39933301	harbor2	chr7	39819205	39819478	LTR/ERVL-MaLR	619	-	136	39819341	86040
chr7	54986554	55186554	harbor2	chr7	55014310	55014619	LTR/ERVL-MaLR	1029	-	154	55014464	27910
chr7	54986554	55186554	harbor2	chr7	55046773	55046861	LTR/ERVL-MaLR	536	-	44	55046817	60263
chr7	54986554	55186554	harbor2	chr7	55084123	55084553	LTR/ERVL-MaLR	1247	-	215	55084338	97784
chr7	54986554	55186554	harbor2	chr7	55082731	55083171	LTR/ERVL-MaLR	1369	-	220	55082951	96397
chr7	1801790	2001790	harbor2	chr7	1854399	1854689	LTR/ERVL-MaLR	913	-	145	1854544	52754
chr7	1801790	2001790	harbor2	chr7	1854807	1855859	LTR/ERVL-MaLR	598	-	526	1855333	53543
chr7	1801790	2001790	harbor2	chr7	1855893	1856159	LTR/ERVL-MaLR	454	-	133	1856026	54236
chr7	80538527	80738527	harbor2	chr7	80567671	80567773	LTR/ERVL-MaLR	427	-	51	80567722	29195
chr7	155711527	155911527	harbor2	chr7	155717166	155717526	LTR/ERVL-MaLR	1722	-	180	155717346	5819
chr7	155711527	155911527	harbor2	chr7	155728964	155729325	LTR/ERVL-MaLR	2233	-	180	155729144	17617
chr7	155711527	155911527	harbor2	chr7	155757662	155758088	LTR/ERVL-MaLR	2195	-	213	155757875	46348
chr7	28082332	28282332	harbor2	chr7	28095231	28095609	LTR/ERVL-MaLR	2230	-	189	28095420	13088
chr7	28082332	28282332	harbor2	chr7	28095753	28096093	LTR/ERVL-MaLR	1023	-	170	28095923	13591
chr7	28082332	28282332	harbor2	chr7	28127625	28128021	LTR/ERVL-MaLR	2870	-	198	28127823	45491
chr7	1312731	1512731	harbor2	chr7	1343911	1343981	LTR/ERVL-MaLR	1839	-	35	1343946	31215
chr7	1312731	1512731	harbor2	chr7	1344298	1344591	LTR/ERVL-MaLR	1839	-	146	1344444	31713
chr7	1312731	1512731	harbor2	chr7	1366016	1366267	LTR/ERVL-MaLR	765	-	126	1366142	53411
chr7	1312731	1512731	harbor2	chr7	1372709	1373112	LTR/ERVL-MaLR	735	-	202	1372911	60180
chr7	1312731	1512731	harbor2	chr7	1373840	1374062	LTR/ERVL-MaLR	1122	-	111	1373951	61220
chr7	1312731	1512731	harbor2	chr7	1374176	1374186	LTR/ERVL-MaLR	1122	-	5	1374181	61450
chr7	1312731	1512731	harbor2	chr7	1374486	1374686	LTR/ERVL-MaLR	1122	-	100	1374586	61855
chr7	1312731	1512731	harbor2	chr7	1377373	1377773	LTR/ERVL-MaLR	1058	-	200	1377573	64842
chr7	1312731	1512731	harbor2	chr7	1391601	1392066	LTR/ERVL-MaLR	1361	-	232	1391833	79102
chr7	1312731	1512731	harbor2	chr7	1394351	1394530	LTR/ERVL-MaLR	518	-	90	1394441	81710
chr7	1312731	1512731	harbor2	chr7	1394572	1394969	LTR/ERVL-MaLR	707	-	198	1394770	82039
chr7	1312731	1512731	harbor2	chr7	1401606	1401623	LTR/ERVL-MaLR	564	-	8	1401614	88883
chr7	1312731	1512731	harbor2	chr7	1401923	1402023	LTR/ERVL-MaLR	564	-	50	1401973	89242
chr7	1312731	1512731	harbor2	chr7	1409585	1409971	LTR/ERVL-MaLR	1324	-	193	1409778	97047
chr7	932200	1132200	harbor2	chr7	976076	976185	LTR/ERVL-MaLR	695	-	54	976130	43930
chr7	932200	1132200	harbor2	chr7	976484	976576	LTR/ERVL-MaLR	695	-	46	976530	44330
chr7	932200	1132200	harbor2	chr7	978810	979107	LTR/ERVL-MaLR	580	-	148	978958	46758
chr7	149614656	149814656	harbor2	chr7	149688653	149688790	LTR/ERVL-MaLR	981	-	68	149688721	74065
chr7	149614656	149814656	harbor2	chr7	149703871	149704007	LTR/ERVL-MaLR	544	-	68	149703939	89283
chr7	149614656	149814656	harbor2	chr7	149704466	149704616	LTR/ERVL-MaLR	702	-	75	149704541	89885
chr7	110297759	110497759	harbor2	chr7	110300760	110301182	LTR/ERVL-MaLR	1396	-	211	110300971	3212
chr7	110297759	110497759	harbor2	chr7	110332064	110332426	LTR/ERVL-MaLR	1966	-	181	110332245	34486
chr7	110297759	110497759	harbor2	chr7	110333302	110333524	LTR/ERVL-MaLR	625	-	111	110333413	35654
chr7	110297759	110497759	harbor2	chr7	110333516	110333900	LTR/ERVL-MaLR	1519	-	192	110333708	35949
chr7	110297759	110497759	harbor2	chr7	110335233	110335737	LTR/ERVL-MaLR	2409	-	252	110335485	37726
chr7	110297759	110497759	harbor2	chr7	110335741	110336168	LTR/ERVL-MaLR	1292	-	214	110335955	38196
chr7	110297759	110497759	harbor2	chr7	110339530	110339695	LTR/ERVL-MaLR	816	-	82	110339612	41853
chr7	110297759	110497759	harbor2	chr7	110343396	110343917	LTR/ERVL-MaLR	1209	-	260	110343656	45897
chr7	110297759	110497759	harbor2	chr7	110365141	110365503	LTR/ERVL-MaLR	1969	-	181	110365322	67563
chr7	110297759	110497759	harbor2	chr7	110376302	110376676	LTR/ERVL-MaLR	2294	-	187	110376489	78730
chr7	110297759	110497759	harbor2	chr7	110381741	110382153	LTR/ERVL-MaLR	859	-	206	110381947	84188
chr7	110297759	110497759	harbor2	chr7	110387205	110387513	LTR/ERVL-MaLR	1749	-	154	110387359	89600
chr7	140915057	141115057	harbor2	chr7	140927334	140927813	LTR/ERVL-MaLR	2054	-	240	140927574	12517
chr7	140915057	141115057	harbor2	chr7	140932953	140933294	LTR/ERVL-MaLR	1325	-	170	140933123	18066
chr7	140915057	141115057	harbor2	chr7	140937729	140938084	LTR/ERVL-MaLR	2011	-	178	140937907	22850
chr7	140915057	141115057	harbor2	chr7	140939884	140940240	LTR/ERVL-MaLR	2206	-	178	140940062	25005
chr7	140915057	141115057	harbor2	chr7	140966708	140967041	LTR/ERVL-MaLR	996	-	166	140966874	51817
chr7	140915057	141115057	harbor2	chr7	140967115	140967502	LTR/ERVL-MaLR	696	-	194	140967309	52252
chr7	140915057	141115057	harbor2	chr7	140968597	140968825	LTR/ERVL-MaLR	444	-	114	140968711	53654
chr7	50206568	50406568	harbor2	chr7	50236757	50236906	LTR/ERVL-MaLR	535	-	74	50236831	30263
chr7	44969996	45169996	harbor2	chr7	45062492	45062552	LTR/ERVL-MaLR	1616	-	30	45062522	92526
chr7	44969996	45169996	harbor2	chr7	45062843	45063066	LTR/ERVL-MaLR	1616	-	112	45062955	92959
chr7	44969996	45169996	harbor2	chr7	45063372	45063466	LTR/ERVL-MaLR	1616	-	47	45063419	93423
chr7	28082337	28282337	harbor2	chr7	28095231	28095609	LTR/ERVL-MaLR	2230	-	189	28095420	13083
chr7	28082337	28282337	harbor2	chr7	28095753	28096093	LTR/ERVL-MaLR	1023	-	170	28095923	13586
chr7	28082337	28282337	harbor2	chr7	28127625	28128021	LTR/ERVL-MaLR	2870	-	198	28127823	45486
chr7	47569714	47769714	harbor2	chr7	47634458	47634852	LTR/ERVL-MaLR	1353	-	197	47634655	64941
chr7	47569714	47769714	harbor2	chr7	47668852	47669224	LTR/ERVL-MaLR	1687	-	186	47669038	99324
chr7	156586157	156786157	harbor2	chr7	156597707	156597842	LTR/ERVL-MaLR	516	-	68	156597775	11618
chr7	156586157	156786157	harbor2	chr7	156600945	156601061	LTR/ERVL-MaLR	432	-	58	156601003	14846
chr7	156586157	156786157	harbor2	chr7	156629408	156629764	LTR/ERVL-MaLR	1780	-	178	156629586	43429
chr7	156586157	156786157	harbor2	chr7	156636041	156636393	LTR/ERVL-MaLR	2026	-	176	156636217	50060
chr7	156586157	156786157	harbor2	chr7	156646190	156646596	LTR/ERVL-MaLR	1425	-	203	156646393	60236
chr7	135108478	135308478	harbor2	chr7	135137713	135138054	LTR/ERVL-MaLR	1509	-	170	135137883	29405
chr7	135108478	135308478	harbor2	chr7	135162419	135162769	LTR/ERVL-MaLR	2312	-	175	135162594	54116
chr7	64938036	65138036	harbor2	chr7	65030989	65031444	LTR/ERVL-MaLR	1261	-	228	65031217	93181
chr7	47250554	47450554	harbor2	chr7	47268787	47269138	LTR/ERVL-MaLR	2007	-	176	47268963	18409
chr7	47250554	47450554	harbor2	chr7	47269139	47269905	LTR/ERVL-MaLR	4059	-	383	47269522	18968
chr7	47250554	47450554	harbor2	chr7	47269934	47270603	LTR/ERVL-MaLR	3625	-	334	47270268	19714
chr7	47250554	47450554	harbor2	chr7	47270604	47270953	LTR/ERVL-MaLR	1819	-	174	47270778	20224
chr7	47250554	47450554	harbor2	chr7	47319120	47319547	LTR/ERVL-MaLR	742	-	214	47319334	68780
chr7	47250554	47450554	harbor2	chr7	47320419	47320805	LTR/ERVL-MaLR	1760	-	193	47320612	70058
chr7	88072268	88272268	harbor2	chr7	88084771	88085149	LTR/ERVL-MaLR	2348	-	189	88084960	12692
chr7	88072268	88272268	harbor2	chr7	88115344	88115716	LTR/ERVL-MaLR	1315	-	186	88115530	43262
chr7	88072268	88272268	harbor2	chr7	88121393	88121865	LTR/ERVL-MaLR	1970	-	236	88121629	49361
chr7	88072268	88272268	harbor2	chr7	88121934	88122468	LTR/ERVL-MaLR	1928	-	267	88122201	49933
chr7	88072268	88272268	harbor2	chr7	88122473	88122949	LTR/ERVL-MaLR	2218	-	238	88122711	50443
chr7	88072268	88272268	harbor2	chr7	88139881	88140271	LTR/ERVL-MaLR	1944	-	195	88140076	67808
chr7	28180867	28380867	harbor2	chr7	28196904	28197377	LTR/ERVL-MaLR	2480	-	236	28197140	16273
chr7	28180867	28380867	harbor2	chr7	28210979	28211345	LTR/ERVL-MaLR	2689	-	183	28211162	30295
chr7	28180867	28380867	harbor2	chr7	28213983	28214381	LTR/ERVL-MaLR	575	-	199	28214182	33315
chr7	28180867	28380867	harbor2	chr7	28219931	28220245	LTR/ERVL-MaLR	1184	-	157	28220088	39221
chr7	28180867	28380867	harbor2	chr7	28246241	28246399	LTR/ERVL-MaLR	417	-	79	28246320	65453
chr7	28180867	28380867	harbor2	chr7	28273424	28273801	LTR/ERVL-MaLR	2213	-	188	28273612	92745
chr7	47228593	47428593	harbor2	chr7	47235607	47235683	LTR/ERVL-MaLR	1286	-	38	47235645	7052
chr7	47228593	47428593	harbor2	chr7	47268787	47269138	LTR/ERVL-MaLR	2007	-	176	47268963	40370
chr7	47228593	47428593	harbor2	chr7	47269139	47269905	LTR/ERVL-MaLR	4059	-	383	47269522	40929
chr7	47228593	47428593	harbor2	chr7	47269934	47270603	LTR/ERVL-MaLR	3625	-	334	47270268	41675
chr7	47228593	47428593	harbor2	chr7	47270604	47270953	LTR/ERVL-MaLR	1819	-	174	47270778	42185
chr7	47228593	47428593	harbor2	chr7	47319120	47319547	LTR/ERVL-MaLR	742	-	214	47319334	90741
chr7	47228593	47428593	harbor2	chr7	47320419	47320805	LTR/ERVL-MaLR	1760	-	193	47320612	92019
chr7	47228593	47428593	harbor2	chr7	47234838	47235161	LTR/ERVL-MaLR	1286	-	162	47235000	6407
chr7	28372783	28572783	harbor2	chr7	28383353	28383800	LTR/ERVL-MaLR	2386	-	224	28383577	10794
chr7	28372783	28572783	harbor2	chr7	28423903	28424303	LTR/ERVL-MaLR	1595	-	200	28424103	51320
chr7	28372783	28572783	harbor2	chr7	28430725	28431301	LTR/ERVL-MaLR	1709	-	288	28431013	58230
chr7	28372783	28572783	harbor2	chr7	28456882	28457288	LTR/ERVL-MaLR	1604	-	203	28457085	84302
chr7	155252074	155452074	harbor2	chr7	155269687	155270074	LTR/ERVL-MaLR	556	-	194	155269881	17807
chr7	155252074	155452074	harbor2	chr7	155273495	155273912	LTR/ERVL-MaLR	1852	-	208	155273703	21629
chr7	155252074	155452074	harbor2	chr7	155289669	155290019	LTR/ERVL-MaLR	1787	-	175	155289844	37770
chr7	155252074	155452074	harbor2	chr7	155290743	155291086	LTR/ERVL-MaLR	962	-	172	155290915	38841
chr7	155252074	155452074	harbor2	chr7	155326192	155326521	LTR/ERVL-MaLR	888	-	164	155326356	74282
chr7	155252074	155452074	harbor2	chr7	155341648	155341967	LTR/ERVL-MaLR	1500	-	160	155341808	89734
chr7	155252074	155452074	harbor2	chr7	155341960	155342213	LTR/ERVL-MaLR	1093	-	126	155342086	90012
chr7	28082467	28282467	harbor2	chr7	28095231	28095609	LTR/ERVL-MaLR	2230	-	189	28095420	12953
chr7	28082467	28282467	harbor2	chr7	28095753	28096093	LTR/ERVL-MaLR	1023	-	170	28095923	13456
chr7	28082467	28282467	harbor2	chr7	28127625	28128021	LTR/ERVL-MaLR	2870	-	198	28127823	45356
chr7	1801802	2001802	harbor2	chr7	1854399	1854689	LTR/ERVL-MaLR	913	-	145	1854544	52742
chr7	1801802	2001802	harbor2	chr7	1854807	1855859	LTR/ERVL-MaLR	598	-	526	1855333	53531
chr7	1801802	2001802	harbor2	chr7	1855893	1856159	LTR/ERVL-MaLR	454	-	133	1856026	54224
chr7	1377250	1577250	harbor2	chr7	1377373	1377773	LTR/ERVL-MaLR	1058	-	200	1377573	323
chr7	1377250	1577250	harbor2	chr7	1391601	1392066	LTR/ERVL-MaLR	1361	-	232	1391833	14583
chr7	1377250	1577250	harbor2	chr7	1394351	1394530	LTR/ERVL-MaLR	518	-	90	1394441	17191
chr7	1377250	1577250	harbor2	chr7	1394572	1394969	LTR/ERVL-MaLR	707	-	198	1394770	17520
chr7	1377250	1577250	harbor2	chr7	1401606	1401623	LTR/ERVL-MaLR	564	-	8	1401614	24364
chr7	1377250	1577250	harbor2	chr7	1401923	1402023	LTR/ERVL-MaLR	564	-	50	1401973	24723
chr7	1377250	1577250	harbor2	chr7	1409585	1409971	LTR/ERVL-MaLR	1324	-	193	1409778	32528
chr7	1377250	1577250	harbor2	chr7	1424405	1424623	LTR/ERVL-MaLR	407	-	109	1424514	47264
chr7	1377250	1577250	harbor2	chr7	1456911	1457152	LTR/ERVL-MaLR	582	-	120	1457031	79781
chr7	156338633	156538633	harbor2	chr7	156371150	156371333	LTR/ERVL-MaLR	848	-	92	156371242	32609
chr7	156338633	156538633	harbor2	chr7	156371432	156371586	LTR/ERVL-MaLR	633	-	77	156371509	32876
chr7	156338633	156538633	harbor2	chr7	156372366	156372741	LTR/ERVL-MaLR	1254	-	188	156372554	33921
chr7	156338633	156538633	harbor2	chr7	156373733	156373810	LTR/ERVL-MaLR	1080	-	38	156373771	35138
chr7	156338633	156538633	harbor2	chr7	156374105	156374543	LTR/ERVL-MaLR	1080	-	219	156374324	35691
chr7	156338633	156538633	harbor2	chr7	156388113	156388571	LTR/ERVL-MaLR	896	-	229	156388342	49709
chr7	156338633	156538633	harbor2	chr7	156388861	156389043	LTR/ERVL-MaLR	848	-	91	156388952	50319
chr7	156338633	156538633	harbor2	chr7	156390432	156390615	LTR/ERVL-MaLR	659	-	92	156390524	51891
chr7	28082211	28282211	harbor2	chr7	28095231	28095609	LTR/ERVL-MaLR	2230	-	189	28095420	13209
chr7	28082211	28282211	harbor2	chr7	28095753	28096093	LTR/ERVL-MaLR	1023	-	170	28095923	13712
chr7	28082211	28282211	harbor2	chr7	28127625	28128021	LTR/ERVL-MaLR	2870	-	198	28127823	45612
chr7	28082118	28282118	harbor2	chr7	28095231	28095609	LTR/ERVL-MaLR	2230	-	189	28095420	13302
chr7	28082118	28282118	harbor2	chr7	28095753	28096093	LTR/ERVL-MaLR	1023	-	170	28095923	13805
chr7	28082118	28282118	harbor2	chr7	28127625	28128021	LTR/ERVL-MaLR	2870	-	198	28127823	45705
chr7	113020567	113220567	harbor2	chr7	113030169	113030511	LTR/ERVL-MaLR	2047	-	171	113030340	9773
chr7	113020567	113220567	harbor2	chr7	113039487	113039852	LTR/ERVL-MaLR	1562	-	182	113039669	19102
chr7	113020567	113220567	harbor2	chr7	113069646	113070001	LTR/ERVL-MaLR	2193	-	178	113069824	49257
chr7	113020567	113220567	harbor2	chr7	113103146	113103314	LTR/ERVL-MaLR	1658	-	84	113103230	82663
chr7	113020567	113220567	harbor2	chr7	113103369	113103521	LTR/ERVL-MaLR	1658	-	76	113103445	82878
chr7	157885917	158085917	harbor2	chr7	157900902	157901331	LTR/ERVL-MaLR	2226	-	214	157901116	15199
chr7	157885917	158085917	harbor2	chr7	157966967	157967037	LTR/ERVL-MaLR	691	-	35	157967002	81085
chr7	157885917	158085917	harbor2	chr7	157967310	157967415	LTR/ERVL-MaLR	691	-	52	157967362	81445
chr7	155744668	155944668	harbor2	chr7	155757662	155758088	LTR/ERVL-MaLR	2195	-	213	155757875	13207
chr7	155744668	155944668	harbor2	chr7	155828485	155828524	LTR/ERVL-MaLR	2063	-	20	155828505	83837
chr7	155744668	155944668	harbor2	chr7	155828838	155829195	LTR/ERVL-MaLR	2063	-	178	155829016	84348
chr7	44696599	44896599	harbor2	chr7	44699666	44700066	LTR/ERVL-MaLR	2620	-	200	44699866	3267
chr7	1834468	2034468	harbor2	chr7	1854399	1854689	LTR/ERVL-MaLR	913	-	145	1854544	20076
chr7	1834468	2034468	harbor2	chr7	1854807	1855859	LTR/ERVL-MaLR	598	-	526	1855333	20865
chr7	1834468	2034468	harbor2	chr7	1855893	1856159	LTR/ERVL-MaLR	454	-	133	1856026	21558
chr7	1834468	2034468	harbor2	chr7	1925362	1925697	LTR/ERVL-MaLR	1262	-	168	1925530	91062
chr7	154596511	154796511	harbor2	chr7	154597631	154598086	LTR/ERVL-MaLR	1979	-	228	154597859	1348
chr7	154596511	154796511	harbor2	chr7	154612862	154613220	LTR/ERVL-MaLR	1311	-	179	154613041	16530
chr7	154596511	154796511	harbor2	chr7	154635546	154636017	LTR/ERVL-MaLR	2147	-	236	154635782	39271
chr7	154596511	154796511	harbor2	chr7	154655947	154656051	LTR/ERVL-MaLR	413	-	52	154655999	59488
chr7	154596511	154796511	harbor2	chr7	154693955	154694315	LTR/ERVL-MaLR	1782	-	180	154694135	97624
chr7	155249504	155449504	harbor2	chr7	155269687	155270074	LTR/ERVL-MaLR	556	-	194	155269881	20377
chr7	155249504	155449504	harbor2	chr7	155273495	155273912	LTR/ERVL-MaLR	1852	-	208	155273703	24199
chr7	155249504	155449504	harbor2	chr7	155289669	155290019	LTR/ERVL-MaLR	1787	-	175	155289844	40340
chr7	155249504	155449504	harbor2	chr7	155290743	155291086	LTR/ERVL-MaLR	962	-	172	155290915	41411
chr7	155249504	155449504	harbor2	chr7	155326192	155326521	LTR/ERVL-MaLR	888	-	164	155326356	76852
chr7	155249504	155449504	harbor2	chr7	155341648	155341967	LTR/ERVL-MaLR	1500	-	160	155341808	92304
chr7	155249504	155449504	harbor2	chr7	155341960	155342213	LTR/ERVL-MaLR	1093	-	126	155342086	92582
chr7	1801812	2001812	harbor2	chr7	1854399	1854689	LTR/ERVL-MaLR	913	-	145	1854544	52732
chr7	1801812	2001812	harbor2	chr7	1854807	1855859	LTR/ERVL-MaLR	598	-	526	1855333	53521
chr7	1801812	2001812	harbor2	chr7	1855893	1856159	LTR/ERVL-MaLR	454	-	133	1856026	54214
chr7	50212359	50412359	harbor2	chr7	50236757	50236906	LTR/ERVL-MaLR	535	-	74	50236831	24472
chr7	28082247	28282247	harbor2	chr7	28095231	28095609	LTR/ERVL-MaLR	2230	-	189	28095420	13173
chr7	28082247	28282247	harbor2	chr7	28095753	28096093	LTR/ERVL-MaLR	1023	-	170	28095923	13676
chr7	28082247	28282247	harbor2	chr7	28127625	28128021	LTR/ERVL-MaLR	2870	-	198	28127823	45576
chr7	103039312	103239312	harbor2	chr7	103070539	103070942	LTR/ERVL-MaLR	2327	-	202	103070741	31429
chr7	103039312	103239312	harbor2	chr7	103077327	103077697	LTR/ERVL-MaLR	2299	-	185	103077512	38200
chr7	103039312	103239312	harbor2	chr7	103084528	103084705	LTR/ERVL-MaLR	491	-	88	103084616	45304
chr7	47228840	47428840	harbor2	chr7	47235607	47235683	LTR/ERVL-MaLR	1286	-	38	47235645	6805
chr7	47228840	47428840	harbor2	chr7	47268787	47269138	LTR/ERVL-MaLR	2007	-	176	47268963	40123
chr7	47228840	47428840	harbor2	chr7	47269139	47269905	LTR/ERVL-MaLR	4059	-	383	47269522	40682
chr7	47228840	47428840	harbor2	chr7	47269934	47270603	LTR/ERVL-MaLR	3625	-	334	47270268	41428
chr7	47228840	47428840	harbor2	chr7	47270604	47270953	LTR/ERVL-MaLR	1819	-	174	47270778	41938
chr7	47228840	47428840	harbor2	chr7	47319120	47319547	LTR/ERVL-MaLR	742	-	214	47319334	90494
chr7	47228840	47428840	harbor2	chr7	47320419	47320805	LTR/ERVL-MaLR	1760	-	193	47320612	91772
chr7	47228840	47428840	harbor2	chr7	47234838	47235161	LTR/ERVL-MaLR	1286	-	162	47235000	6160
chr7	133433043	133633043	harbor2	chr7	133476708	133476993	LTR/ERVL-MaLR	772	-	142	133476850	43807
chr7	133433043	133633043	harbor2	chr7	133477758	133477989	LTR/ERVL-MaLR	772	-	116	133477874	44831
chr7	133433043	133633043	harbor2	chr7	133517433	133517791	LTR/ERVL-MaLR	2312	-	179	133517612	84569
chr7	150941727	151141727	harbor2	chr7	150982314	150982805	LTR/ERVL-MaLR	1501	-	246	150982560	40833
chr7	150941727	151141727	harbor2	chr7	150987849	150988257	LTR/ERVL-MaLR	1128	-	204	150988053	46326
chr7	80035782	80235782	harbor2	chr7	80043359	80043688	LTR/ERVL-MaLR	1201	-	164	80043523	7741
chr7	80035782	80235782	harbor2	chr7	80043689	80044045	LTR/ERVL-MaLR	2753	-	178	80043867	8085
chr7	80035782	80235782	harbor2	chr7	80044046	80045678	LTR/ERVL-MaLR	10215	-	816	80044862	9080
chr7	80035782	80235782	harbor2	chr7	80045679	80046041	LTR/ERVL-MaLR	2601	-	181	80045860	10078
chr7	80035782	80235782	harbor2	chr7	80061392	80061896	LTR/ERVL-MaLR	1303	-	252	80061644	25862
chr7	80035782	80235782	harbor2	chr7	80061942	80062278	LTR/ERVL-MaLR	1832	-	168	80062110	26328
chr7	80035782	80235782	harbor2	chr7	80065496	80065898	LTR/ERVL-MaLR	2135	-	201	80065697	29915
chr7	80035782	80235782	harbor2	chr7	80065899	80067549	LTR/ERVL-MaLR	9412	-	825	80066724	30942
chr7	80035782	80235782	harbor2	chr7	80074245	80074595	LTR/ERVL-MaLR	1747	-	175	80074420	38638
chr7	80035782	80235782	harbor2	chr7	80097476	80098005	LTR/ERVL-MaLR	1955	-	264	80097740	61958
chr7	80035782	80235782	harbor2	chr7	80130846	80131201	LTR/ERVL-MaLR	2265	-	178	80131024	95242
chr7	80035782	80235782	harbor2	chr7	80101246	80101639	LTR/ERVL-MaLR	1822	-	196	80101442	65660
chr7	117804099	118004099	harbor2	chr7	117836659	117836993	LTR/ERVL-MaLR	1997	-	167	117836826	32727
chr7	117804099	118004099	harbor2	chr7	117884170	117884454	LTR/ERVL-MaLR	739	-	142	117884312	80213
chr7	117804099	118004099	harbor2	chr7	117892055	117892282	LTR/ERVL-MaLR	500	-	114	117892169	88070
chr7	117804099	118004099	harbor2	chr7	117900657	117901103	LTR/ERVL-MaLR	2047	-	223	117900880	96781
chr7	47237791	47437791	harbor2	chr7	47268787	47269138	LTR/ERVL-MaLR	2007	-	176	47268963	31172
chr7	47237791	47437791	harbor2	chr7	47269139	47269905	LTR/ERVL-MaLR	4059	-	383	47269522	31731
chr7	47237791	47437791	harbor2	chr7	47269934	47270603	LTR/ERVL-MaLR	3625	-	334	47270268	32477
chr7	47237791	47437791	harbor2	chr7	47270604	47270953	LTR/ERVL-MaLR	1819	-	174	47270778	32987
chr7	47237791	47437791	harbor2	chr7	47319120	47319547	LTR/ERVL-MaLR	742	-	214	47319334	81543
chr7	47237791	47437791	harbor2	chr7	47320419	47320805	LTR/ERVL-MaLR	1760	-	193	47320612	82821
chr7	127247874	127447874	harbor2	chr7	127260745	127261333	LTR/ERVL-MaLR	2510	-	294	127261039	13165
chr7	127247874	127447874	harbor2	chr7	127274015	127274224	LTR/ERVL-MaLR	1743	-	104	127274119	26245
chr7	127247874	127447874	harbor2	chr7	127274524	127274677	LTR/ERVL-MaLR	1743	-	76	127274600	26726
chr7	127247874	127447874	harbor2	chr7	127314948	127315092	LTR/ERVL-MaLR	932	-	72	127315020	67146
chr7	127247874	127447874	harbor2	chr7	127335907	127336043	LTR/ERVL-MaLR	1317	-	68	127335975	88101
chr7	127247874	127447874	harbor2	chr7	127336301	127336691	LTR/ERVL-MaLR	1317	-	195	127336496	88622
chr7	35945695	36145695	harbor2	chr7	35980328	35980586	LTR/ERVL-MaLR	1989	-	129	35980457	34762
chr7	35945695	36145695	harbor2	chr7	35980874	35981131	LTR/ERVL-MaLR	1989	-	128	35981002	35307
chr7	35945695	36145695	harbor2	chr7	35991367	35991718	LTR/ERVL-MaLR	2431	-	176	35991543	45848
chr7	35945695	36145695	harbor2	chr7	36034653	36034750	LTR/ERVL-MaLR	531	-	48	36034701	89006
chr7	127545530	127745530	harbor2	chr7	127545237	127545608	LTR/ERVL-MaLR	2073	-	186	127545423	107
chr7	127545530	127745530	harbor2	chr7	127545609	127547139	LTR/ERVL-MaLR	9713	-	765	127546374	844
chr7	127545530	127745530	harbor2	chr7	127547140	127547510	LTR/ERVL-MaLR	2260	-	185	127547325	1795
chr7	127545530	127745530	harbor2	chr7	127547895	127548001	LTR/ERVL-MaLR	665	-	53	127547948	2418
chr7	127545530	127745530	harbor2	chr7	127548849	127549301	LTR/ERVL-MaLR	1210	-	226	127549075	3545
chr7	127545530	127745530	harbor2	chr7	127549661	127550041	LTR/ERVL-MaLR	1780	-	190	127549851	4321
chr7	127545530	127745530	harbor2	chr7	127554082	127554519	LTR/ERVL-MaLR	1603	-	218	127554300	8770
chr7	127545530	127745530	harbor2	chr7	127566014	127566370	LTR/ERVL-MaLR	875	-	178	127566192	20662
chr7	127545530	127745530	harbor2	chr7	127633432	127633653	LTR/ERVL-MaLR	1854	-	110	127633542	88012
chr7	127545530	127745530	harbor2	chr7	127633688	127633731	LTR/ERVL-MaLR	1854	-	22	127633710	88180
chr7	127545530	127745530	harbor2	chr7	127633732	127634094	LTR/ERVL-MaLR	2310	-	181	127633913	88383
chr7	127545530	127745530	harbor2	chr7	127634095	127634255	LTR/ERVL-MaLR	1854	-	80	127634175	88645
chr7	128101706	128301706	harbor2	chr7	128111400	128111622	LTR/ERVL-MaLR	1719	-	111	128111511	9805
chr7	128101706	128301706	harbor2	chr7	128111940	128112087	LTR/ERVL-MaLR	1657	-	74	128112014	10308
chr7	128101706	128301706	harbor2	chr7	128117063	128117184	LTR/ERVL-MaLR	501	-	60	128117123	15417
chr7	128101706	128301706	harbor2	chr7	128117263	128117634	LTR/ERVL-MaLR	1224	-	186	128117449	15743
chr7	128101706	128301706	harbor2	chr7	128118621	128118851	LTR/ERVL-MaLR	685	-	115	128118736	17030
chr7	128101706	128301706	harbor2	chr7	128127374	128127649	LTR/ERVL-MaLR	1453	-	138	128127512	25806
chr7	128101706	128301706	harbor2	chr7	128127960	128128046	LTR/ERVL-MaLR	1453	-	43	128128003	26297
chr7	128101706	128301706	harbor2	chr7	128133009	128133340	LTR/ERVL-MaLR	1595	-	166	128133175	31469
chr7	128101706	128301706	harbor2	chr7	128155013	128155214	LTR/ERVL-MaLR	553	-	100	128155113	53407
chr7	128101706	128301706	harbor2	chr7	128160703	128160803	LTR/ERVL-MaLR	488	-	50	128160753	59047
chr7	128101706	128301706	harbor2	chr7	128180428	128180840	LTR/ERVL-MaLR	2452	-	206	128180634	78928
chr7	128101706	128301706	harbor2	chr7	128195270	128195587	LTR/ERVL-MaLR	1843	-	158	128195428	93722
chr7	128101706	128301706	harbor2	chr7	128196553	128196729	LTR/ERVL-MaLR	908	-	88	128196641	94935
chr7	47228278	47428278	harbor2	chr7	47235607	47235683	LTR/ERVL-MaLR	1286	-	38	47235645	7367
chr7	47228278	47428278	harbor2	chr7	47268787	47269138	LTR/ERVL-MaLR	2007	-	176	47268963	40685
chr7	47228278	47428278	harbor2	chr7	47269139	47269905	LTR/ERVL-MaLR	4059	-	383	47269522	41244
chr7	47228278	47428278	harbor2	chr7	47269934	47270603	LTR/ERVL-MaLR	3625	-	334	47270268	41990
chr7	47228278	47428278	harbor2	chr7	47270604	47270953	LTR/ERVL-MaLR	1819	-	174	47270778	42500
chr7	47228278	47428278	harbor2	chr7	47319120	47319547	LTR/ERVL-MaLR	742	-	214	47319334	91056
chr7	47228278	47428278	harbor2	chr7	47320419	47320805	LTR/ERVL-MaLR	1760	-	193	47320612	92334
chr7	47228278	47428278	harbor2	chr7	47234838	47235161	LTR/ERVL-MaLR	1286	-	162	47235000	6722
chr7	47268443	47468443	harbor2	chr7	47268787	47269138	LTR/ERVL-MaLR	2007	-	176	47268963	520
chr7	47268443	47468443	harbor2	chr7	47269139	47269905	LTR/ERVL-MaLR	4059	-	383	47269522	1079
chr7	47268443	47468443	harbor2	chr7	47269934	47270603	LTR/ERVL-MaLR	3625	-	334	47270268	1825
chr7	47268443	47468443	harbor2	chr7	47270604	47270953	LTR/ERVL-MaLR	1819	-	174	47270778	2335
chr7	47268443	47468443	harbor2	chr7	47319120	47319547	LTR/ERVL-MaLR	742	-	214	47319334	50891
chr7	47268443	47468443	harbor2	chr7	47320419	47320805	LTR/ERVL-MaLR	1760	-	193	47320612	52169
chr7	1818117	2018117	harbor2	chr7	1854399	1854689	LTR/ERVL-MaLR	913	-	145	1854544	36427
chr7	1818117	2018117	harbor2	chr7	1854807	1855859	LTR/ERVL-MaLR	598	-	526	1855333	37216
chr7	1818117	2018117	harbor2	chr7	1855893	1856159	LTR/ERVL-MaLR	454	-	133	1856026	37909
chr7	151659928	151859928	harbor2	chr7	151666095	151666166	LTR/ERVL-MaLR	1304	-	36	151666131	6203
chr7	151659928	151859928	harbor2	chr7	151718095	151718454	LTR/ERVL-MaLR	1295	-	180	151718275	58347
chr7	151659928	151859928	harbor2	chr7	151666520	151666742	LTR/ERVL-MaLR	1304	-	111	151666631	6703
chr7	102333445	102533445	harbor2	chr7	102366645	102366852	LTR/ERVL-MaLR	1097	-	104	102366749	33304
chr7	144955897	145155897	harbor2	chr7	145033480	145033714	LTR/ERVL-MaLR	1364	-	117	145033597	77700
chr7	144955897	145155897	harbor2	chr7	145035732	145035915	LTR/ERVL-MaLR	826	-	92	145035824	79927
chr7	28180872	28380872	harbor2	chr7	28196904	28197377	LTR/ERVL-MaLR	2480	-	236	28197140	16268
chr7	28180872	28380872	harbor2	chr7	28210979	28211345	LTR/ERVL-MaLR	2689	-	183	28211162	30290
chr7	28180872	28380872	harbor2	chr7	28213983	28214381	LTR/ERVL-MaLR	575	-	199	28214182	33310
chr7	28180872	28380872	harbor2	chr7	28219931	28220245	LTR/ERVL-MaLR	1184	-	157	28220088	39216
chr7	28180872	28380872	harbor2	chr7	28246241	28246399	LTR/ERVL-MaLR	417	-	79	28246320	65448
chr7	28180872	28380872	harbor2	chr7	28273424	28273801	LTR/ERVL-MaLR	2213	-	188	28273612	92740
chr7	105208374	105408374	harbor2	chr7	105211344	105211753	LTR/ERVL-MaLR	2648	-	204	105211548	3174
chr7	105208374	105408374	harbor2	chr7	105240024	105240376	LTR/ERVL-MaLR	1800	-	176	105240200	31826
chr7	105208374	105408374	harbor2	chr7	105293895	105294025	LTR/ERVL-MaLR	428	-	65	105293960	85586
chr7	66457694	66657694	harbor2	chr7	66457544	66457879	LTR/ERVL-MaLR	1831	-	168	66457712	18
chr7	66457694	66657694	harbor2	chr7	66477237	66477467	LTR/ERVL-MaLR	1255	-	115	66477352	19658
chr7	66457694	66657694	harbor2	chr7	66500117	66500551	LTR/ERVL-MaLR	1841	-	217	66500334	42640
chr7	155581114	155781114	harbor2	chr7	155587532	155587973	LTR/ERVL-MaLR	1586	-	220	155587752	6638
chr7	155581114	155781114	harbor2	chr7	155609993	155610350	LTR/ERVL-MaLR	1455	-	178	155610171	29057
chr7	155581114	155781114	harbor2	chr7	155625254	155625547	LTR/ERVL-MaLR	741	-	146	155625400	44286
chr7	155581114	155781114	harbor2	chr7	155638773	155639111	LTR/ERVL-MaLR	1922	-	169	155638942	57828
chr7	155581114	155781114	harbor2	chr7	155653233	155653345	LTR/ERVL-MaLR	641	-	56	155653289	72175
chr7	155581114	155781114	harbor2	chr7	155659740	155660082	LTR/ERVL-MaLR	1251	-	171	155659911	78797
chr7	155581114	155781114	harbor2	chr7	155660370	155660453	LTR/ERVL-MaLR	1251	-	42	155660412	79298
chr7	155581114	155781114	harbor2	chr7	155663246	155663657	LTR/ERVL-MaLR	2052	-	206	155663452	82338
chr7	25329225	25529225	harbor2	chr7	25344371	25344580	LTR/ERVL-MaLR	453	-	104	25344475	15250
chr7	25329225	25529225	harbor2	chr7	25367550	25367878	LTR/ERVL-MaLR	923	-	164	25367714	38489
chr7	25329225	25529225	harbor2	chr7	25404631	25405129	LTR/ERVL-MaLR	1479	-	249	25404880	75655
chr7	25329225	25529225	harbor2	chr7	25418593	25418939	LTR/ERVL-MaLR	1098	-	173	25418766	89541
chr7	25329225	25529225	harbor2	chr7	25426201	25426561	LTR/ERVL-MaLR	1389	-	180	25426381	97156
chr7	25329225	25529225	harbor2	chr7	25362182	25362473	LTR/ERVL-MaLR	877	-	146	25362328	33103
chr7	33803527	34003527	harbor2	chr7	33819723	33820332	LTR/ERVL-MaLR	2995	-	304	33820027	16500
chr7	33803527	34003527	harbor2	chr7	33820335	33820752	LTR/ERVL-MaLR	1321	-	208	33820543	17016
chr7	33803527	34003527	harbor2	chr7	33842297	33842717	LTR/ERVL-MaLR	1083	-	210	33842507	38980
chr7	33803527	34003527	harbor2	chr7	33899516	33899540	LTR/ERVL-MaLR	936	-	12	33899528	96001
chr7	33803527	34003527	harbor2	chr7	33899579	33900016	LTR/ERVL-MaLR	936	-	218	33899797	96270
chr7	6062335	6262335	harbor2	chr7	6071627	6071916	LTR/ERVL-MaLR	2615	-	144	6071771	9436
chr7	6062335	6262335	harbor2	chr7	6072218	6072291	LTR/ERVL-MaLR	2615	-	36	6072254	9919
chr7	6062335	6262335	harbor2	chr7	6072592	6072693	LTR/ERVL-MaLR	2615	-	50	6072642	10307
chr7	122786808	122986808	harbor2	chr7	122807547	122807950	LTR/ERVL-MaLR	1140	-	202	122807749	20941
chr7	122786808	122986808	harbor2	chr7	122851532	122851896	LTR/ERVL-MaLR	2613	-	182	122851714	64906
chr7	122786808	122986808	harbor2	chr7	122864761	122864959	LTR/ERVL-MaLR	516	-	99	122864860	78052
chr7	52055428	52255428	harbor2	chr7	52083280	52083633	LTR/ERVL-MaLR	1871	-	176	52083456	28028
chr7	52055428	52255428	harbor2	chr7	52096251	52096656	LTR/ERVL-MaLR	2030	-	202	52096453	41025
chr7	52055428	52255428	harbor2	chr7	52137999	52138362	LTR/ERVL-MaLR	2061	-	182	52138181	82753
chr7	52055428	52255428	harbor2	chr7	52138363	52139901	LTR/ERVL-MaLR	10276	-	769	52139132	83704
chr7	52055428	52255428	harbor2	chr7	52139902	52140276	LTR/ERVL-MaLR	1653	-	187	52140089	84661
chr7	1848490	2048490	harbor2	chr7	1854399	1854689	LTR/ERVL-MaLR	913	-	145	1854544	6054
chr7	1848490	2048490	harbor2	chr7	1854807	1855859	LTR/ERVL-MaLR	598	-	526	1855333	6843
chr7	1848490	2048490	harbor2	chr7	1855893	1856159	LTR/ERVL-MaLR	454	-	133	1856026	7536
chr7	1848490	2048490	harbor2	chr7	1925362	1925697	LTR/ERVL-MaLR	1262	-	168	1925530	77040
chr7	47228307	47428307	harbor2	chr7	47235607	47235683	LTR/ERVL-MaLR	1286	-	38	47235645	7338
chr7	47228307	47428307	harbor2	chr7	47268787	47269138	LTR/ERVL-MaLR	2007	-	176	47268963	40656
chr7	47228307	47428307	harbor2	chr7	47269139	47269905	LTR/ERVL-MaLR	4059	-	383	47269522	41215
chr7	47228307	47428307	harbor2	chr7	47269934	47270603	LTR/ERVL-MaLR	3625	-	334	47270268	41961
chr7	47228307	47428307	harbor2	chr7	47270604	47270953	LTR/ERVL-MaLR	1819	-	174	47270778	42471
chr7	47228307	47428307	harbor2	chr7	47319120	47319547	LTR/ERVL-MaLR	742	-	214	47319334	91027
chr7	47228307	47428307	harbor2	chr7	47320419	47320805	LTR/ERVL-MaLR	1760	-	193	47320612	92305
chr7	47228307	47428307	harbor2	chr7	47234838	47235161	LTR/ERVL-MaLR	1286	-	162	47235000	6693
chr7	1313057	1513057	harbor2	chr7	1343911	1343981	LTR/ERVL-MaLR	1839	-	35	1343946	30889
chr7	1313057	1513057	harbor2	chr7	1344298	1344591	LTR/ERVL-MaLR	1839	-	146	1344444	31387
chr7	1313057	1513057	harbor2	chr7	1366016	1366267	LTR/ERVL-MaLR	765	-	126	1366142	53085
chr7	1313057	1513057	harbor2	chr7	1372709	1373112	LTR/ERVL-MaLR	735	-	202	1372911	59854
chr7	1313057	1513057	harbor2	chr7	1373840	1374062	LTR/ERVL-MaLR	1122	-	111	1373951	60894
chr7	1313057	1513057	harbor2	chr7	1374176	1374186	LTR/ERVL-MaLR	1122	-	5	1374181	61124
chr7	1313057	1513057	harbor2	chr7	1374486	1374686	LTR/ERVL-MaLR	1122	-	100	1374586	61529
chr7	1313057	1513057	harbor2	chr7	1377373	1377773	LTR/ERVL-MaLR	1058	-	200	1377573	64516
chr7	1313057	1513057	harbor2	chr7	1391601	1392066	LTR/ERVL-MaLR	1361	-	232	1391833	78776
chr7	1313057	1513057	harbor2	chr7	1394351	1394530	LTR/ERVL-MaLR	518	-	90	1394441	81384
chr7	1313057	1513057	harbor2	chr7	1394572	1394969	LTR/ERVL-MaLR	707	-	198	1394770	81713
chr7	1313057	1513057	harbor2	chr7	1401606	1401623	LTR/ERVL-MaLR	564	-	8	1401614	88557
chr7	1313057	1513057	harbor2	chr7	1401923	1402023	LTR/ERVL-MaLR	564	-	50	1401973	88916
chr7	1313057	1513057	harbor2	chr7	1409585	1409971	LTR/ERVL-MaLR	1324	-	193	1409778	96721
chr7	50204468	50404468	harbor2	chr7	50236757	50236906	LTR/ERVL-MaLR	535	-	74	50236831	32363
chr7	75462	275462	harbor2	chr7	88228	88377	LTR/ERVL-MaLR	470	-	74	88302	12840
chr7	75462	275462	harbor2	chr7	132112	132484	LTR/ERVL-MaLR	808	-	186	132298	56836
chr7	75462	275462	harbor2	chr7	153415	153521	LTR/ERVL-MaLR	423	-	53	153468	78006
chr7	108470639	108670639	harbor2	chr7	108517933	108518263	LTR/ERVL-MaLR	1655	-	165	108518098	47459
chr7	108470639	108670639	harbor2	chr7	108535260	108535600	LTR/ERVL-MaLR	1539	-	170	108535430	64791
chr7	108470639	108670639	harbor2	chr7	108542330	108542450	LTR/ERVL-MaLR	1699	-	60	108542390	71751
chr7	108470639	108670639	harbor2	chr7	108542763	108542923	LTR/ERVL-MaLR	1699	-	80	108542843	72204
chr7	108470639	108670639	harbor2	chr7	108543227	108543468	LTR/ERVL-MaLR	1699	-	120	108543347	72708
chr7	108470639	108670639	harbor2	chr7	108548525	108548887	LTR/ERVL-MaLR	2758	-	181	108548706	78067
chr7	108470639	108670639	harbor2	chr7	108550531	108550905	LTR/ERVL-MaLR	1569	-	187	108550718	80079
chr7	108470639	108670639	harbor2	chr7	108555528	108555696	LTR/ERVL-MaLR	1883	-	84	108555612	84973
chr7	108470639	108670639	harbor2	chr7	108556003	108556219	LTR/ERVL-MaLR	1883	-	108	108556111	85472
chr7	108470639	108670639	harbor2	chr7	108556220	108557828	LTR/ERVL-MaLR	11235	-	804	108557024	86385
chr7	108470639	108670639	harbor2	chr7	108557829	108558210	LTR/ERVL-MaLR	1724	-	190	108558019	87380
chr7	108470639	108670639	harbor2	chr7	108559591	108559954	LTR/ERVL-MaLR	2009	-	182	108559773	89134
chr7	120410021	120610021	harbor2	chr7	120430057	120430385	LTR/ERVL-MaLR	1409	-	164	120430221	20200
chr7	120410021	120610021	harbor2	chr7	120456681	120457837	LTR/ERVL-MaLR	5274	-	578	120457259	47238
chr7	120410021	120610021	harbor2	chr7	120457838	120458122	LTR/ERVL-MaLR	1609	-	142	120457980	47959
chr7	120410021	120610021	harbor2	chr7	120464478	120465029	LTR/ERVL-MaLR	2302	-	276	120464754	54733
chr7	120410021	120610021	harbor2	chr7	120466680	120467163	LTR/ERVL-MaLR	1976	-	242	120466922	56901
chr7	120410021	120610021	harbor2	chr7	120492425	120492649	LTR/ERVL-MaLR	1671	-	112	120492537	82516
chr7	120410021	120610021	harbor2	chr7	120493014	120493148	LTR/ERVL-MaLR	1671	-	67	120493081	83060
chr7	120410021	120610021	harbor2	chr7	120497732	120497932	LTR/ERVL-MaLR	528	-	100	120497832	87811
chr7	82696059	82896059	harbor2	chr7	82716387	82716746	LTR/ERVL-MaLR	2612	-	180	82716567	20508
chr7	82696059	82896059	harbor2	chr7	82719598	82719957	LTR/ERVL-MaLR	2678	-	180	82719778	23719
chr7	82696059	82896059	harbor2	chr7	82719958	82720808	LTR/ERVL-MaLR	6179	-	425	82720383	24324
chr7	124001724	124201724	harbor2	chr7	124015703	124015932	LTR/ERVL-MaLR	1227	-	114	124015817	14093
chr7	124001724	124201724	harbor2	chr7	124042472	124042821	LTR/ERVL-MaLR	1816	-	174	124042646	40922
chr7	124001724	124201724	harbor2	chr7	124050144	124050543	LTR/ERVL-MaLR	674	-	200	124050344	48620
chr7	124001724	124201724	harbor2	chr7	124061420	124061876	LTR/ERVL-MaLR	1854	-	228	124061648	59924
chr7	90145186	90345186	harbor2	chr7	90150309	90150816	LTR/ERVL-MaLR	730	-	254	90150563	5377
chr7	90145186	90345186	harbor2	chr7	90157122	90157674	LTR/ERVL-MaLR	573	-	276	90157398	12212
chr7	90145186	90345186	harbor2	chr7	90182370	90182499	LTR/ERVL-MaLR	480	-	64	90182434	37248
chr7	90145186	90345186	harbor2	chr7	90182533	90182693	LTR/ERVL-MaLR	609	-	80	90182613	37427
chr7	47569738	47769738	harbor2	chr7	47634458	47634852	LTR/ERVL-MaLR	1353	-	197	47634655	64917
chr7	47569738	47769738	harbor2	chr7	47668852	47669224	LTR/ERVL-MaLR	1687	-	186	47669038	99300
chr7	28081622	28281622	harbor2	chr7	28095231	28095609	LTR/ERVL-MaLR	2230	-	189	28095420	13798
chr7	28081622	28281622	harbor2	chr7	28095753	28096093	LTR/ERVL-MaLR	1023	-	170	28095923	14301
chr7	28081622	28281622	harbor2	chr7	28127625	28128021	LTR/ERVL-MaLR	2870	-	198	28127823	46201
chr7	47228323	47428323	harbor2	chr7	47235607	47235683	LTR/ERVL-MaLR	1286	-	38	47235645	7322
chr7	47228323	47428323	harbor2	chr7	47268787	47269138	LTR/ERVL-MaLR	2007	-	176	47268963	40640
chr7	47228323	47428323	harbor2	chr7	47269139	47269905	LTR/ERVL-MaLR	4059	-	383	47269522	41199
chr7	47228323	47428323	harbor2	chr7	47269934	47270603	LTR/ERVL-MaLR	3625	-	334	47270268	41945
chr7	47228323	47428323	harbor2	chr7	47270604	47270953	LTR/ERVL-MaLR	1819	-	174	47270778	42455
chr7	47228323	47428323	harbor2	chr7	47319120	47319547	LTR/ERVL-MaLR	742	-	214	47319334	91011
chr7	47228323	47428323	harbor2	chr7	47320419	47320805	LTR/ERVL-MaLR	1760	-	193	47320612	92289
chr7	47228323	47428323	harbor2	chr7	47234838	47235161	LTR/ERVL-MaLR	1286	-	162	47235000	6677
chr7	1801801	2001801	harbor2	chr7	1854399	1854689	LTR/ERVL-MaLR	913	-	145	1854544	52743
chr7	1801801	2001801	harbor2	chr7	1854807	1855859	LTR/ERVL-MaLR	598	-	526	1855333	53532
chr7	1801801	2001801	harbor2	chr7	1855893	1856159	LTR/ERVL-MaLR	454	-	133	1856026	54225
chr7	155197380	155397380	harbor2	chr7	155206325	155206544	LTR/ERVL-MaLR	1822	-	110	155206435	9055
chr7	155197380	155397380	harbor2	chr7	155206545	155206954	LTR/ERVL-MaLR	2088	-	204	155206749	9369
chr7	155197380	155397380	harbor2	chr7	155206955	155207101	LTR/ERVL-MaLR	1822	-	73	155207028	9648
chr7	155197380	155397380	harbor2	chr7	155211522	155211877	LTR/ERVL-MaLR	1046	-	178	155211700	14320
chr7	155197380	155397380	harbor2	chr7	155216073	155216188	LTR/ERVL-MaLR	618	-	58	155216131	18751
chr7	155197380	155397380	harbor2	chr7	155220723	155220911	LTR/ERVL-MaLR	1013	-	94	155220817	23437
chr7	155197380	155397380	harbor2	chr7	155229003	155229359	LTR/ERVL-MaLR	743	-	178	155229181	31801
chr7	155197380	155397380	harbor2	chr7	155245700	155246071	LTR/ERVL-MaLR	2627	-	186	155245886	48506
chr7	155197380	155397380	harbor2	chr7	155248733	155248852	LTR/ERVL-MaLR	1404	-	60	155248793	51413
chr7	155197380	155397380	harbor2	chr7	155248853	155249204	LTR/ERVL-MaLR	2285	-	176	155249029	51649
chr7	155197380	155397380	harbor2	chr7	155249205	155249435	LTR/ERVL-MaLR	1404	-	115	155249320	51940
chr7	155197380	155397380	harbor2	chr7	155269687	155270074	LTR/ERVL-MaLR	556	-	194	155269881	72501
chr7	155197380	155397380	harbor2	chr7	155273495	155273912	LTR/ERVL-MaLR	1852	-	208	155273703	76323
chr7	155197380	155397380	harbor2	chr7	155289669	155290019	LTR/ERVL-MaLR	1787	-	175	155289844	92464
chr7	155197380	155397380	harbor2	chr7	155290743	155291086	LTR/ERVL-MaLR	962	-	172	155290915	93535
chr7	17290481	17490481	harbor2	chr7	17372109	17372580	LTR/ERVL-MaLR	2053	-	236	17372345	81864
chr7	28134889	28334889	harbor2	chr7	28196904	28197377	LTR/ERVL-MaLR	2480	-	236	28197140	62251
chr7	28134889	28334889	harbor2	chr7	28210979	28211345	LTR/ERVL-MaLR	2689	-	183	28211162	76273
chr7	28134889	28334889	harbor2	chr7	28213983	28214381	LTR/ERVL-MaLR	575	-	199	28214182	79293
chr7	28134889	28334889	harbor2	chr7	28219931	28220245	LTR/ERVL-MaLR	1184	-	157	28220088	85199
chr7	155712860	155912860	harbor2	chr7	155717166	155717526	LTR/ERVL-MaLR	1722	-	180	155717346	4486
chr7	155712860	155912860	harbor2	chr7	155728964	155729325	LTR/ERVL-MaLR	2233	-	180	155729144	16284
chr7	155712860	155912860	harbor2	chr7	155757662	155758088	LTR/ERVL-MaLR	2195	-	213	155757875	45015
chr7	6060392	6260392	harbor2	chr7	6071627	6071916	LTR/ERVL-MaLR	2615	-	144	6071771	11379
chr7	6060392	6260392	harbor2	chr7	6072218	6072291	LTR/ERVL-MaLR	2615	-	36	6072254	11862
chr7	6060392	6260392	harbor2	chr7	6072592	6072693	LTR/ERVL-MaLR	2615	-	50	6072642	12250
chr7	141412330	141612330	harbor2	chr7	141460118	141460506	LTR/ERVL-MaLR	1777	-	194	141460312	47982
chr7	141412330	141612330	harbor2	chr7	141506300	141506652	LTR/ERVL-MaLR	2653	-	176	141506476	94146
chr7	141412330	141612330	harbor2	chr7	141506653	141507380	LTR/ERVL-MaLR	11963	-	364	141507017	94687
chr7	141412330	141612330	harbor2	chr7	141507671	141508536	LTR/ERVL-MaLR	11963	-	432	141508103	95773
chr7	141412330	141612330	harbor2	chr7	141442830	141443109	LTR/ERVL-MaLR	1028	-	140	141442970	30640
chr7	141412330	141612330	harbor2	chr7	141508537	141508886	LTR/ERVL-MaLR	2848	-	174	141508711	96381
chr7	30979520	31179520	harbor2	chr7	30985314	30985834	LTR/ERVL-MaLR	764	-	260	30985574	6054
chr7	30979520	31179520	harbor2	chr7	30998816	30999182	LTR/ERVL-MaLR	2738	-	183	30998999	19479
chr7	30979520	31179520	harbor2	chr7	31009737	31010156	LTR/ERVL-MaLR	2914	-	210	31009947	30427
chr7	30979520	31179520	harbor2	chr7	31024317	31024661	LTR/ERVL-MaLR	1853	-	172	31024489	44969
chr7	30979520	31179520	harbor2	chr7	31035459	31035830	LTR/ERVL-MaLR	2015	-	186	31035645	56125
chr7	30979520	31179520	harbor2	chr7	31037818	31038245	LTR/ERVL-MaLR	1215	-	214	31038032	58512
chr7	30979520	31179520	harbor2	chr7	31072117	31072409	LTR/ERVL-MaLR	531	-	146	31072263	92743
chr7	30582772	30782772	harbor2	chr7	30585836	30586197	LTR/ERVL-MaLR	1690	-	180	30586016	3244
chr7	30582772	30782772	harbor2	chr7	30587595	30587948	LTR/ERVL-MaLR	2577	-	176	30587771	4999
chr7	30582772	30782772	harbor2	chr7	30588151	30588426	LTR/ERVL-MaLR	1497	-	138	30588289	5517
chr7	30582772	30782772	harbor2	chr7	30620240	30620581	LTR/ERVL-MaLR	1541	-	170	30620410	37638
chr7	252668	452668	harbor2	chr7	340728	341064	LTR/ERVL-MaLR	648	-	168	340896	88228
chr7	157237066	157437066	harbor2	chr7	157271963	157272100	LTR/ERVL-MaLR	418	-	68	157272031	34965
chr7	157237066	157437066	harbor2	chr7	157301645	157302050	LTR/ERVL-MaLR	1450	-	202	157301847	64781
chr7	44014529	44214529	harbor2	chr7	44088822	44089101	LTR/ERVL-MaLR	732	-	140	44088962	74433
chr7	44014529	44214529	harbor2	chr7	44089413	44089465	LTR/ERVL-MaLR	732	-	26	44089439	74910
chr7	44014529	44214529	harbor2	chr7	44089746	44089800	LTR/ERVL-MaLR	732	-	27	44089773	75244
chr7	44014529	44214529	harbor2	chr7	44090111	44090211	LTR/ERVL-MaLR	710	-	50	44090161	75632
chr7	28110637	28310637	harbor2	chr7	28127625	28128021	LTR/ERVL-MaLR	2870	-	198	28127823	17186
chr7	28110637	28310637	harbor2	chr7	28196904	28197377	LTR/ERVL-MaLR	2480	-	236	28197140	86503
chr7	630308	830308	harbor2	chr7	652798	653255	LTR/ERVL-MaLR	1086	-	228	653026	22718
chr7	630308	830308	harbor2	chr7	673949	674169	LTR/ERVL-MaLR	583	-	110	674059	43751
chr7	630308	830308	harbor2	chr7	723825	724153	LTR/ERVL-MaLR	1030	-	164	723989	93681
chr7	1375015	1575015	harbor2	chr7	1377373	1377773	LTR/ERVL-MaLR	1058	-	200	1377573	2558
chr7	1375015	1575015	harbor2	chr7	1391601	1392066	LTR/ERVL-MaLR	1361	-	232	1391833	16818
chr7	1375015	1575015	harbor2	chr7	1394351	1394530	LTR/ERVL-MaLR	518	-	90	1394441	19426
chr7	1375015	1575015	harbor2	chr7	1394572	1394969	LTR/ERVL-MaLR	707	-	198	1394770	19755
chr7	1375015	1575015	harbor2	chr7	1401606	1401623	LTR/ERVL-MaLR	564	-	8	1401614	26599
chr7	1375015	1575015	harbor2	chr7	1401923	1402023	LTR/ERVL-MaLR	564	-	50	1401973	26958
chr7	1375015	1575015	harbor2	chr7	1409585	1409971	LTR/ERVL-MaLR	1324	-	193	1409778	34763
chr7	1375015	1575015	harbor2	chr7	1424405	1424623	LTR/ERVL-MaLR	407	-	109	1424514	49499
chr7	1375015	1575015	harbor2	chr7	1456911	1457152	LTR/ERVL-MaLR	582	-	120	1457031	82016
chr7	140418858	140618858	harbor2	chr7	140505735	140505944	LTR/ERVL-MaLR	2164	-	104	140505839	86981
chr7	140418858	140618858	harbor2	chr7	140506262	140506438	LTR/ERVL-MaLR	2164	-	88	140506350	87492
chr7	44696579	44896579	harbor2	chr7	44699666	44700066	LTR/ERVL-MaLR	2620	-	200	44699866	3287
chr7	122791479	122991479	harbor2	chr7	122807547	122807950	LTR/ERVL-MaLR	1140	-	202	122807749	16270
chr7	122791479	122991479	harbor2	chr7	122851532	122851896	LTR/ERVL-MaLR	2613	-	182	122851714	60235
chr7	122791479	122991479	harbor2	chr7	122864761	122864959	LTR/ERVL-MaLR	516	-	99	122864860	73381
chr7	90112558	90312558	harbor2	chr7	90130967	90131339	LTR/ERVL-MaLR	2380	-	186	90131153	18595
chr7	90112558	90312558	harbor2	chr7	90134086	90134270	LTR/ERVL-MaLR	665	-	92	90134178	21620
chr7	90112558	90312558	harbor2	chr7	90134749	90134911	LTR/ERVL-MaLR	1773	-	81	90134830	22272
chr7	90112558	90312558	harbor2	chr7	90134942	90135126	LTR/ERVL-MaLR	1773	-	92	90135034	22476
chr7	90112558	90312558	harbor2	chr7	90135127	90135331	LTR/ERVL-MaLR	11221	-	102	90135229	22671
chr7	90112558	90312558	harbor2	chr7	90135630	90137047	LTR/ERVL-MaLR	11221	-	708	90136338	23780
chr7	90112558	90312558	harbor2	chr7	90137048	90137462	LTR/ERVL-MaLR	1549	-	207	90137255	24697
chr7	90112558	90312558	harbor2	chr7	90150309	90150816	LTR/ERVL-MaLR	730	-	254	90150563	38005
chr7	90112558	90312558	harbor2	chr7	90157122	90157674	LTR/ERVL-MaLR	573	-	276	90157398	44840
chr7	90112558	90312558	harbor2	chr7	90182370	90182499	LTR/ERVL-MaLR	480	-	64	90182434	69876
chr7	90112558	90312558	harbor2	chr7	90182533	90182693	LTR/ERVL-MaLR	609	-	80	90182613	70055
chr7	1802460	2002460	harbor2	chr7	1854399	1854689	LTR/ERVL-MaLR	913	-	145	1854544	52084
chr7	1802460	2002460	harbor2	chr7	1854807	1855859	LTR/ERVL-MaLR	598	-	526	1855333	52873
chr7	1802460	2002460	harbor2	chr7	1855893	1856159	LTR/ERVL-MaLR	454	-	133	1856026	53566
chr7	1801793	2001793	harbor2	chr7	1854399	1854689	LTR/ERVL-MaLR	913	-	145	1854544	52751
chr7	1801793	2001793	harbor2	chr7	1854807	1855859	LTR/ERVL-MaLR	598	-	526	1855333	53540
chr7	1801793	2001793	harbor2	chr7	1855893	1856159	LTR/ERVL-MaLR	454	-	133	1856026	54233
chr7	1374783	1574783	harbor2	chr7	1377373	1377773	LTR/ERVL-MaLR	1058	-	200	1377573	2790
chr7	1374783	1574783	harbor2	chr7	1391601	1392066	LTR/ERVL-MaLR	1361	-	232	1391833	17050
chr7	1374783	1574783	harbor2	chr7	1394351	1394530	LTR/ERVL-MaLR	518	-	90	1394441	19658
chr7	1374783	1574783	harbor2	chr7	1394572	1394969	LTR/ERVL-MaLR	707	-	198	1394770	19987
chr7	1374783	1574783	harbor2	chr7	1401606	1401623	LTR/ERVL-MaLR	564	-	8	1401614	26831
chr7	1374783	1574783	harbor2	chr7	1401923	1402023	LTR/ERVL-MaLR	564	-	50	1401973	27190
chr7	1374783	1574783	harbor2	chr7	1409585	1409971	LTR/ERVL-MaLR	1324	-	193	1409778	34995
chr7	1374783	1574783	harbor2	chr7	1424405	1424623	LTR/ERVL-MaLR	407	-	109	1424514	49731
chr7	1374783	1574783	harbor2	chr7	1456911	1457152	LTR/ERVL-MaLR	582	-	120	1457031	82248
chr7	130248133	130448133	harbor2	chr7	130280903	130281309	LTR/ERVL-MaLR	2179	-	203	130281106	32973
chr7	130248133	130448133	harbor2	chr7	130321347	130321534	LTR/ERVL-MaLR	2024	-	94	130321441	73308
chr7	130248133	130448133	harbor2	chr7	130321535	130321898	LTR/ERVL-MaLR	2347	-	182	130321717	73584
chr7	130248133	130448133	harbor2	chr7	130321899	130322199	LTR/ERVL-MaLR	2024	-	150	130322049	73916
chr7	1400012	1600012	harbor2	chr7	1401606	1401623	LTR/ERVL-MaLR	564	-	8	1401614	1602
chr7	1400012	1600012	harbor2	chr7	1401923	1402023	LTR/ERVL-MaLR	564	-	50	1401973	1961
chr7	1400012	1600012	harbor2	chr7	1409585	1409971	LTR/ERVL-MaLR	1324	-	193	1409778	9766
chr7	1400012	1600012	harbor2	chr7	1424405	1424623	LTR/ERVL-MaLR	407	-	109	1424514	24502
chr7	1400012	1600012	harbor2	chr7	1456911	1457152	LTR/ERVL-MaLR	582	-	120	1457031	57019
chr7	1801817	2001817	harbor2	chr7	1854399	1854689	LTR/ERVL-MaLR	913	-	145	1854544	52727
chr7	1801817	2001817	harbor2	chr7	1854807	1855859	LTR/ERVL-MaLR	598	-	526	1855333	53516
chr7	1801817	2001817	harbor2	chr7	1855893	1856159	LTR/ERVL-MaLR	454	-	133	1856026	54209
chr7	47246812	47446812	harbor2	chr7	47268787	47269138	LTR/ERVL-MaLR	2007	-	176	47268963	22151
chr7	47246812	47446812	harbor2	chr7	47269139	47269905	LTR/ERVL-MaLR	4059	-	383	47269522	22710
chr7	47246812	47446812	harbor2	chr7	47269934	47270603	LTR/ERVL-MaLR	3625	-	334	47270268	23456
chr7	47246812	47446812	harbor2	chr7	47270604	47270953	LTR/ERVL-MaLR	1819	-	174	47270778	23966
chr7	47246812	47446812	harbor2	chr7	47319120	47319547	LTR/ERVL-MaLR	742	-	214	47319334	72522
chr7	47246812	47446812	harbor2	chr7	47320419	47320805	LTR/ERVL-MaLR	1760	-	193	47320612	73800
chr7	2685113	2885113	harbor2	chr7	2706400	2706815	LTR/ERVL-MaLR	1290	-	208	2706608	21495
chr7	2685113	2885113	harbor2	chr7	2707566	2707818	LTR/ERVL-MaLR	681	-	126	2707692	22579
chr7	2685113	2885113	harbor2	chr7	2708123	2708263	LTR/ERVL-MaLR	681	-	70	2708193	23080
chr7	2685113	2885113	harbor2	chr7	2714594	2714753	LTR/ERVL-MaLR	486	-	80	2714674	29561
chr7	2685113	2885113	harbor2	chr7	2715071	2715246	LTR/ERVL-MaLR	460	-	88	2715159	30046
chr7	126687671	126887671	harbor2	chr7	126725633	126726046	LTR/ERVL-MaLR	2404	-	206	126725839	38168
chr7	1802784	2002784	harbor2	chr7	1854399	1854689	LTR/ERVL-MaLR	913	-	145	1854544	51760
chr7	1802784	2002784	harbor2	chr7	1854807	1855859	LTR/ERVL-MaLR	598	-	526	1855333	52549
chr7	1802784	2002784	harbor2	chr7	1855893	1856159	LTR/ERVL-MaLR	454	-	133	1856026	53242
chr7	50204831	50404831	harbor2	chr7	50236757	50236906	LTR/ERVL-MaLR	535	-	74	50236831	32000
chr7	1813377	2013377	harbor2	chr7	1854399	1854689	LTR/ERVL-MaLR	913	-	145	1854544	41167
chr7	1813377	2013377	harbor2	chr7	1854807	1855859	LTR/ERVL-MaLR	598	-	526	1855333	41956
chr7	1813377	2013377	harbor2	chr7	1855893	1856159	LTR/ERVL-MaLR	454	-	133	1856026	42649
chr8	142532499	142732499	harbor2	chr8	142605408	142605781	LTR/ERVL-MaLR	2003	-	186	142605594	73095
chr8	142532499	142732499	harbor2	chr8	142605791	142605897	LTR/ERVL-MaLR	516	-	53	142605844	73345
chr8	142532499	142732499	harbor2	chr8	142631863	142632096	LTR/ERVL-MaLR	530	-	116	142631979	99480
chr8	23428835	23628835	harbor2	chr8	23431144	23431322	LTR/ERVL-MaLR	795	-	89	23431233	2398
chr8	23428835	23628835	harbor2	chr8	23459471	23459925	LTR/ERVL-MaLR	1875	-	227	23459698	30863
chr8	23428835	23628835	harbor2	chr8	23467093	23467153	LTR/ERVL-MaLR	464	-	30	23467123	38288
chr8	23428835	23628835	harbor2	chr8	23470865	23471329	LTR/ERVL-MaLR	1477	-	232	23471097	42262
chr8	23428830	23628830	harbor2	chr8	23431144	23431322	LTR/ERVL-MaLR	795	-	89	23431233	2403
chr8	23428830	23628830	harbor2	chr8	23459471	23459925	LTR/ERVL-MaLR	1875	-	227	23459698	30868
chr8	23428830	23628830	harbor2	chr8	23467093	23467153	LTR/ERVL-MaLR	464	-	30	23467123	38293
chr8	23428830	23628830	harbor2	chr8	23470865	23471329	LTR/ERVL-MaLR	1477	-	232	23471097	42267
chr8	23428848	23628848	harbor2	chr8	23431144	23431322	LTR/ERVL-MaLR	795	-	89	23431233	2385
chr8	23428848	23628848	harbor2	chr8	23459471	23459925	LTR/ERVL-MaLR	1875	-	227	23459698	30850
chr8	23428848	23628848	harbor2	chr8	23467093	23467153	LTR/ERVL-MaLR	464	-	30	23467123	38275
chr8	23428848	23628848	harbor2	chr8	23470865	23471329	LTR/ERVL-MaLR	1477	-	232	23471097	42249
chr8	23428832	23628832	harbor2	chr8	23431144	23431322	LTR/ERVL-MaLR	795	-	89	23431233	2401
chr8	23428832	23628832	harbor2	chr8	23459471	23459925	LTR/ERVL-MaLR	1875	-	227	23459698	30866
chr8	23428832	23628832	harbor2	chr8	23467093	23467153	LTR/ERVL-MaLR	464	-	30	23467123	38291
chr8	23428832	23628832	harbor2	chr8	23470865	23471329	LTR/ERVL-MaLR	1477	-	232	23471097	42265
chr8	29983316	30183316	harbor2	chr8	30005102	30005463	LTR/ERVL-MaLR	2085	-	180	30005282	21966
chr8	29983316	30183316	harbor2	chr8	30016563	30016915	LTR/ERVL-MaLR	2373	-	176	30016739	33423
chr8	29983316	30183316	harbor2	chr8	30026064	30026536	LTR/ERVL-MaLR	2468	-	236	30026300	42984
chr8	29983316	30183316	harbor2	chr8	30041128	30041459	LTR/ERVL-MaLR	896	-	166	30041294	57978
chr8	29983316	30183316	harbor2	chr8	30041758	30041854	LTR/ERVL-MaLR	896	-	48	30041806	58490
chr8	29983316	30183316	harbor2	chr8	30042228	30042550	LTR/ERVL-MaLR	1135	-	161	30042389	59073
chr8	29983316	30183316	harbor2	chr8	30043909	30044195	LTR/ERVL-MaLR	1045	-	143	30044052	60736
chr8	29983316	30183316	harbor2	chr8	30044195	30044327	LTR/ERVL-MaLR	501	-	66	30044261	60945
chr8	29983316	30183316	harbor2	chr8	30058177	30058466	LTR/ERVL-MaLR	1318	-	144	30058321	75005
chr8	29983316	30183316	harbor2	chr8	30059192	30059242	LTR/ERVL-MaLR	1318	-	25	30059217	75901
chr8	23430921	23630921	harbor2	chr8	23431144	23431322	LTR/ERVL-MaLR	795	-	89	23431233	312
chr8	23430921	23630921	harbor2	chr8	23459471	23459925	LTR/ERVL-MaLR	1875	-	227	23459698	28777
chr8	23430921	23630921	harbor2	chr8	23467093	23467153	LTR/ERVL-MaLR	464	-	30	23467123	36202
chr8	23430921	23630921	harbor2	chr8	23470865	23471329	LTR/ERVL-MaLR	1477	-	232	23471097	40176
chr8	85146187	85346187	harbor2	chr8	85162077	85162434	LTR/ERVL-MaLR	2288	-	178	85162255	16068
chr8	85146187	85346187	harbor2	chr8	85171670	85172071	LTR/ERVL-MaLR	1854	-	200	85171870	25683
chr8	23430734	23630734	harbor2	chr8	23431144	23431322	LTR/ERVL-MaLR	795	-	89	23431233	499
chr8	23430734	23630734	harbor2	chr8	23459471	23459925	LTR/ERVL-MaLR	1875	-	227	23459698	28964
chr8	23430734	23630734	harbor2	chr8	23467093	23467153	LTR/ERVL-MaLR	464	-	30	23467123	36389
chr8	23430734	23630734	harbor2	chr8	23470865	23471329	LTR/ERVL-MaLR	1477	-	232	23471097	40363
chr8	600247	800247	harbor2	chr8	624481	624716	LTR/ERVL-MaLR	2060	-	118	624599	24352
chr8	600247	800247	harbor2	chr8	625026	625190	LTR/ERVL-MaLR	2060	-	82	625108	24861
chr8	100622149	100822149	harbor2	chr8	100623007	100623422	LTR/ERVL-MaLR	2875	-	208	100623215	1066
chr8	100622149	100822149	harbor2	chr8	100665914	100666188	LTR/ERVL-MaLR	617	-	137	100666051	43902
chr8	104366653	104566653	harbor2	chr8	104372742	104373103	LTR/ERVL-MaLR	2602	-	180	104372922	6269
chr8	23429310	23629310	harbor2	chr8	23431144	23431322	LTR/ERVL-MaLR	795	-	89	23431233	1923
chr8	23429310	23629310	harbor2	chr8	23459471	23459925	LTR/ERVL-MaLR	1875	-	227	23459698	30388
chr8	23429310	23629310	harbor2	chr8	23467093	23467153	LTR/ERVL-MaLR	464	-	30	23467123	37813
chr8	23429310	23629310	harbor2	chr8	23470865	23471329	LTR/ERVL-MaLR	1477	-	232	23471097	41787
chr8	23428822	23628822	harbor2	chr8	23431144	23431322	LTR/ERVL-MaLR	795	-	89	23431233	2411
chr8	23428822	23628822	harbor2	chr8	23459471	23459925	LTR/ERVL-MaLR	1875	-	227	23459698	30876
chr8	23428822	23628822	harbor2	chr8	23467093	23467153	LTR/ERVL-MaLR	464	-	30	23467123	38301
chr8	23428822	23628822	harbor2	chr8	23470865	23471329	LTR/ERVL-MaLR	1477	-	232	23471097	42275
chr8	90970532	91170532	harbor2	chr8	90999473	90999673	LTR/ERVL-MaLR	539	-	100	90999573	29041
chr8	90970532	91170532	harbor2	chr8	91036830	91037198	LTR/ERVL-MaLR	736	-	184	91037014	66482
chr8	90970532	91170532	harbor2	chr8	91043962	91044471	LTR/ERVL-MaLR	536	-	254	91044216	73684
chr8	90970532	91170532	harbor2	chr8	91044505	91045505	LTR/ERVL-MaLR	2698	-	500	91045005	74473
chr8	90970532	91170532	harbor2	chr8	91046084	91046360	LTR/ERVL-MaLR	984	-	138	91046222	75690
chr8	90970532	91170532	harbor2	chr8	91046449	91046920	LTR/ERVL-MaLR	597	-	236	91046685	76153
chr8	90970532	91170532	harbor2	chr8	91054020	91054434	LTR/ERVL-MaLR	2176	-	207	91054227	83695
chr8	90970532	91170532	harbor2	chr8	91054817	91054895	LTR/ERVL-MaLR	2176	-	39	91054856	84324
chr8	143729578	143929578	harbor2	chr8	143744134	143744333	LTR/ERVL-MaLR	562	-	100	143744234	14656
chr8	143729578	143929578	harbor2	chr8	143754255	143754616	LTR/ERVL-MaLR	1470	-	180	143754435	24857
chr8	143729578	143929578	harbor2	chr8	143754926	143755106	LTR/ERVL-MaLR	1470	-	90	143755016	25438
chr8	143729578	143929578	harbor2	chr8	143784134	143784160	LTR/ERVL-MaLR	825	-	13	143784147	54569
chr8	143729578	143929578	harbor2	chr8	143784540	143784728	LTR/ERVL-MaLR	825	-	94	143784634	55056
chr8	143729578	143929578	harbor2	chr8	143784750	143784892	LTR/ERVL-MaLR	448	-	71	143784821	55243
chr8	23428834	23628834	harbor2	chr8	23431144	23431322	LTR/ERVL-MaLR	795	-	89	23431233	2399
chr8	23428834	23628834	harbor2	chr8	23459471	23459925	LTR/ERVL-MaLR	1875	-	227	23459698	30864
chr8	23428834	23628834	harbor2	chr8	23467093	23467153	LTR/ERVL-MaLR	464	-	30	23467123	38289
chr8	23428834	23628834	harbor2	chr8	23470865	23471329	LTR/ERVL-MaLR	1477	-	232	23471097	42263
chr8	42041484	42241484	harbor2	chr8	42096707	42096943	LTR/ERVL-MaLR	1624	-	118	42096825	55341
chr8	42041484	42241484	harbor2	chr8	42097240	42097407	LTR/ERVL-MaLR	1624	-	84	42097324	55840
chr8	42041484	42241484	harbor2	chr8	42110748	42111109	LTR/ERVL-MaLR	2147	-	180	42110928	69444
chr8	42041484	42241484	harbor2	chr8	42113686	42114047	LTR/ERVL-MaLR	1972	-	180	42113866	72382
chr8	42041484	42241484	harbor2	chr8	42115711	42116097	LTR/ERVL-MaLR	1186	-	193	42115904	74420
chr8	23430616	23630616	harbor2	chr8	23431144	23431322	LTR/ERVL-MaLR	795	-	89	23431233	617
chr8	23430616	23630616	harbor2	chr8	23459471	23459925	LTR/ERVL-MaLR	1875	-	227	23459698	29082
chr8	23430616	23630616	harbor2	chr8	23467093	23467153	LTR/ERVL-MaLR	464	-	30	23467123	36507
chr8	23430616	23630616	harbor2	chr8	23470865	23471329	LTR/ERVL-MaLR	1477	-	232	23471097	40481
chr8	141208447	141408447	harbor2	chr8	141246250	141246674	LTR/ERVL-MaLR	526	-	212	141246462	38015
chr8	23428887	23628887	harbor2	chr8	23431144	23431322	LTR/ERVL-MaLR	795	-	89	23431233	2346
chr8	23428887	23628887	harbor2	chr8	23459471	23459925	LTR/ERVL-MaLR	1875	-	227	23459698	30811
chr8	23428887	23628887	harbor2	chr8	23467093	23467153	LTR/ERVL-MaLR	464	-	30	23467123	38236
chr8	23428887	23628887	harbor2	chr8	23470865	23471329	LTR/ERVL-MaLR	1477	-	232	23471097	42210
chr8	23428847	23628847	harbor2	chr8	23431144	23431322	LTR/ERVL-MaLR	795	-	89	23431233	2386
chr8	23428847	23628847	harbor2	chr8	23459471	23459925	LTR/ERVL-MaLR	1875	-	227	23459698	30851
chr8	23428847	23628847	harbor2	chr8	23467093	23467153	LTR/ERVL-MaLR	464	-	30	23467123	38276
chr8	23428847	23628847	harbor2	chr8	23470865	23471329	LTR/ERVL-MaLR	1477	-	232	23471097	42250
chr8	23429171	23629171	harbor2	chr8	23431144	23431322	LTR/ERVL-MaLR	795	-	89	23431233	2062
chr8	23429171	23629171	harbor2	chr8	23459471	23459925	LTR/ERVL-MaLR	1875	-	227	23459698	30527
chr8	23429171	23629171	harbor2	chr8	23467093	23467153	LTR/ERVL-MaLR	464	-	30	23467123	37952
chr8	23429171	23629171	harbor2	chr8	23470865	23471329	LTR/ERVL-MaLR	1477	-	232	23471097	41926
chr8	23428810	23628810	harbor2	chr8	23431144	23431322	LTR/ERVL-MaLR	795	-	89	23431233	2423
chr8	23428810	23628810	harbor2	chr8	23459471	23459925	LTR/ERVL-MaLR	1875	-	227	23459698	30888
chr8	23428810	23628810	harbor2	chr8	23467093	23467153	LTR/ERVL-MaLR	464	-	30	23467123	38313
chr8	23428810	23628810	harbor2	chr8	23470865	23471329	LTR/ERVL-MaLR	1477	-	232	23471097	42287
chr8	23428878	23628878	harbor2	chr8	23431144	23431322	LTR/ERVL-MaLR	795	-	89	23431233	2355
chr8	23428878	23628878	harbor2	chr8	23459471	23459925	LTR/ERVL-MaLR	1875	-	227	23459698	30820
chr8	23428878	23628878	harbor2	chr8	23467093	23467153	LTR/ERVL-MaLR	464	-	30	23467123	38245
chr8	23428878	23628878	harbor2	chr8	23470865	23471329	LTR/ERVL-MaLR	1477	-	232	23471097	42219
chr8	42353851	42553851	harbor2	chr8	42372411	42372827	LTR/ERVL-MaLR	2703	-	208	42372619	18768
chr8	96337693	96537693	harbor2	chr8	96383186	96383806	LTR/ERVL-MaLR	2960	-	310	96383496	45803
chr8	96337693	96537693	harbor2	chr8	96398422	96398789	LTR/ERVL-MaLR	2565	-	184	96398606	60913
chr8	96337693	96537693	harbor2	chr8	96403975	96404042	LTR/ERVL-MaLR	1522	-	34	96404009	66316
chr8	96337693	96537693	harbor2	chr8	96404374	96404789	LTR/ERVL-MaLR	1522	-	208	96404582	66889
chr8	96337693	96537693	harbor2	chr8	96407922	96408307	LTR/ERVL-MaLR	1003	-	192	96408114	70421
chr8	96337693	96537693	harbor2	chr8	96421564	96421964	LTR/ERVL-MaLR	766	-	200	96421764	84071
chr8	96337693	96537693	harbor2	chr8	96424674	96424735	LTR/ERVL-MaLR	2070	-	30	96424704	87011
chr8	96337693	96537693	harbor2	chr8	96425048	96425394	LTR/ERVL-MaLR	2070	-	173	96425221	87528
chr8	96337693	96537693	harbor2	chr8	96427184	96427547	LTR/ERVL-MaLR	3204	-	182	96427366	89673
chr8	57813008	58013008	harbor2	chr8	57819675	57820571	LTR/ERVL-MaLR	4999	-	448	57820123	7115
chr8	57813008	58013008	harbor2	chr8	57820572	57820934	LTR/ERVL-MaLR	2614	-	181	57820753	7745
chr8	57813008	58013008	harbor2	chr8	57827753	57827986	LTR/ERVL-MaLR	594	-	116	57827869	14861
chr8	57813008	58013008	harbor2	chr8	57832466	57832654	LTR/ERVL-MaLR	854	-	94	57832560	19552
chr8	57813008	58013008	harbor2	chr8	57839240	57839581	LTR/ERVL-MaLR	1244	-	170	57839410	26402
chr8	57813008	58013008	harbor2	chr8	57846246	57846726	LTR/ERVL-MaLR	1116	-	240	57846486	33478
chr8	57813008	58013008	harbor2	chr8	57850030	57850386	LTR/ERVL-MaLR	1729	-	178	57850208	37200
chr8	57813008	58013008	harbor2	chr8	57885867	57886425	LTR/ERVL-MaLR	2148	-	279	57886146	73138
chr8	142525412	142725412	harbor2	chr8	142605408	142605781	LTR/ERVL-MaLR	2003	-	186	142605594	80182
chr8	142525412	142725412	harbor2	chr8	142605791	142605897	LTR/ERVL-MaLR	516	-	53	142605844	80432
chr8	23430801	23630801	harbor2	chr8	23431144	23431322	LTR/ERVL-MaLR	795	-	89	23431233	432
chr8	23430801	23630801	harbor2	chr8	23459471	23459925	LTR/ERVL-MaLR	1875	-	227	23459698	28897
chr8	23430801	23630801	harbor2	chr8	23467093	23467153	LTR/ERVL-MaLR	464	-	30	23467123	36322
chr8	23430801	23630801	harbor2	chr8	23470865	23471329	LTR/ERVL-MaLR	1477	-	232	23471097	40296
chr8	23428837	23628837	harbor2	chr8	23431144	23431322	LTR/ERVL-MaLR	795	-	89	23431233	2396
chr8	23428837	23628837	harbor2	chr8	23459471	23459925	LTR/ERVL-MaLR	1875	-	227	23459698	30861
chr8	23428837	23628837	harbor2	chr8	23467093	23467153	LTR/ERVL-MaLR	464	-	30	23467123	38286
chr8	23428837	23628837	harbor2	chr8	23470865	23471329	LTR/ERVL-MaLR	1477	-	232	23471097	42260
chr8	23428831	23628831	harbor2	chr8	23431144	23431322	LTR/ERVL-MaLR	795	-	89	23431233	2402
chr8	23428831	23628831	harbor2	chr8	23459471	23459925	LTR/ERVL-MaLR	1875	-	227	23459698	30867
chr8	23428831	23628831	harbor2	chr8	23467093	23467153	LTR/ERVL-MaLR	464	-	30	23467123	38292
chr8	23428831	23628831	harbor2	chr8	23470865	23471329	LTR/ERVL-MaLR	1477	-	232	23471097	42266
chr8	23430721	23630721	harbor2	chr8	23431144	23431322	LTR/ERVL-MaLR	795	-	89	23431233	512
chr8	23430721	23630721	harbor2	chr8	23459471	23459925	LTR/ERVL-MaLR	1875	-	227	23459698	28977
chr8	23430721	23630721	harbor2	chr8	23467093	23467153	LTR/ERVL-MaLR	464	-	30	23467123	36402
chr8	23430721	23630721	harbor2	chr8	23470865	23471329	LTR/ERVL-MaLR	1477	-	232	23471097	40376
chr8	23123866	23323866	harbor2	chr8	23172059	23172415	LTR/ERVL-MaLR	2021	-	178	23172237	48371
chr8	23123866	23323866	harbor2	chr8	23188736	23189157	LTR/ERVL-MaLR	2844	-	210	23188946	65080
chr8	23428811	23628811	harbor2	chr8	23431144	23431322	LTR/ERVL-MaLR	795	-	89	23431233	2422
chr8	23428811	23628811	harbor2	chr8	23459471	23459925	LTR/ERVL-MaLR	1875	-	227	23459698	30887
chr8	23428811	23628811	harbor2	chr8	23467093	23467153	LTR/ERVL-MaLR	464	-	30	23467123	38312
chr8	23428811	23628811	harbor2	chr8	23470865	23471329	LTR/ERVL-MaLR	1477	-	232	23471097	42286
chr8	108431293	108631293	harbor2	chr8	108432882	108433392	LTR/ERVL-MaLR	2262	-	255	108433137	1844
chr8	108431293	108631293	harbor2	chr8	108457404	108457775	LTR/ERVL-MaLR	2216	-	186	108457590	26297
chr8	108431293	108631293	harbor2	chr8	108457776	108459337	LTR/ERVL-MaLR	11329	-	780	108458556	27263
chr8	108431293	108631293	harbor2	chr8	108459338	108459701	LTR/ERVL-MaLR	2172	-	182	108459520	28227
chr8	142524861	142724861	harbor2	chr8	142605408	142605781	LTR/ERVL-MaLR	2003	-	186	142605594	80733
chr8	142524861	142724861	harbor2	chr8	142605791	142605897	LTR/ERVL-MaLR	516	-	53	142605844	80983
chr8	42040637	42240637	harbor2	chr8	42096707	42096943	LTR/ERVL-MaLR	1624	-	118	42096825	56188
chr8	42040637	42240637	harbor2	chr8	42097240	42097407	LTR/ERVL-MaLR	1624	-	84	42097324	56687
chr8	42040637	42240637	harbor2	chr8	42110748	42111109	LTR/ERVL-MaLR	2147	-	180	42110928	70291
chr8	42040637	42240637	harbor2	chr8	42113686	42114047	LTR/ERVL-MaLR	1972	-	180	42113866	73229
chr8	42040637	42240637	harbor2	chr8	42115711	42116097	LTR/ERVL-MaLR	1186	-	193	42115904	75267
chr8	66086821	66286821	harbor2	chr8	66087041	66087408	LTR/ERVL-MaLR	1989	-	184	66087225	404
chr8	66086821	66286821	harbor2	chr8	66087409	66089016	LTR/ERVL-MaLR	11477	-	804	66088213	1392
chr8	66086821	66286821	harbor2	chr8	66089017	66089370	LTR/ERVL-MaLR	1962	-	176	66089193	2372
chr8	66086821	66286821	harbor2	chr8	66096029	66096398	LTR/ERVL-MaLR	2321	-	184	66096213	9392
chr8	66086821	66286821	harbor2	chr8	66108184	66108587	LTR/ERVL-MaLR	2178	-	202	66108386	21565
chr8	66086821	66286821	harbor2	chr8	66180672	66181037	LTR/ERVL-MaLR	2859	-	182	66180854	94033
chr8	66086821	66286821	harbor2	chr8	66185388	66185780	LTR/ERVL-MaLR	2175	-	196	66185584	98763
chr8	23428838	23628838	harbor2	chr8	23431144	23431322	LTR/ERVL-MaLR	795	-	89	23431233	2395
chr8	23428838	23628838	harbor2	chr8	23459471	23459925	LTR/ERVL-MaLR	1875	-	227	23459698	30860
chr8	23428838	23628838	harbor2	chr8	23467093	23467153	LTR/ERVL-MaLR	464	-	30	23467123	38285
chr8	23428838	23628838	harbor2	chr8	23470865	23471329	LTR/ERVL-MaLR	1477	-	232	23471097	42259
chr8	23429250	23629250	harbor2	chr8	23431144	23431322	LTR/ERVL-MaLR	795	-	89	23431233	1983
chr8	23429250	23629250	harbor2	chr8	23459471	23459925	LTR/ERVL-MaLR	1875	-	227	23459698	30448
chr8	23429250	23629250	harbor2	chr8	23467093	23467153	LTR/ERVL-MaLR	464	-	30	23467123	37873
chr8	23429250	23629250	harbor2	chr8	23470865	23471329	LTR/ERVL-MaLR	1477	-	232	23471097	41847
chr8	141208443	141408443	harbor2	chr8	141246250	141246674	LTR/ERVL-MaLR	526	-	212	141246462	38019
chr8	23428888	23628888	harbor2	chr8	23431144	23431322	LTR/ERVL-MaLR	795	-	89	23431233	2345
chr8	23428888	23628888	harbor2	chr8	23459471	23459925	LTR/ERVL-MaLR	1875	-	227	23459698	30810
chr8	23428888	23628888	harbor2	chr8	23467093	23467153	LTR/ERVL-MaLR	464	-	30	23467123	38235
chr8	23428888	23628888	harbor2	chr8	23470865	23471329	LTR/ERVL-MaLR	1477	-	232	23471097	42209
chr8	600334	800334	harbor2	chr8	624481	624716	LTR/ERVL-MaLR	2060	-	118	624599	24265
chr8	600334	800334	harbor2	chr8	625026	625190	LTR/ERVL-MaLR	2060	-	82	625108	24774
chr8	60554292	60754292	harbor2	chr8	60561330	60561785	LTR/ERVL-MaLR	534	-	228	60561558	7266
chr8	60554292	60754292	harbor2	chr8	60606746	60606925	LTR/ERVL-MaLR	829	-	90	60606836	52544
chr8	60554292	60754292	harbor2	chr8	60627215	60627548	LTR/ERVL-MaLR	1181	-	166	60627381	73089
chr8	60554292	60754292	harbor2	chr8	60630502	60630885	LTR/ERVL-MaLR	2139	-	192	60630694	76402
chr8	60554292	60754292	harbor2	chr8	60636236	60636570	LTR/ERVL-MaLR	1282	-	167	60636403	82111
chr8	142524868	142724868	harbor2	chr8	142605408	142605781	LTR/ERVL-MaLR	2003	-	186	142605594	80726
chr8	142524868	142724868	harbor2	chr8	142605791	142605897	LTR/ERVL-MaLR	516	-	53	142605844	80976
chr8	23428787	23628787	harbor2	chr8	23431144	23431322	LTR/ERVL-MaLR	795	-	89	23431233	2446
chr8	23428787	23628787	harbor2	chr8	23459471	23459925	LTR/ERVL-MaLR	1875	-	227	23459698	30911
chr8	23428787	23628787	harbor2	chr8	23467093	23467153	LTR/ERVL-MaLR	464	-	30	23467123	38336
chr8	23428787	23628787	harbor2	chr8	23470865	23471329	LTR/ERVL-MaLR	1477	-	232	23471097	42310
chr8	23428812	23628812	harbor2	chr8	23431144	23431322	LTR/ERVL-MaLR	795	-	89	23431233	2421
chr8	23428812	23628812	harbor2	chr8	23459471	23459925	LTR/ERVL-MaLR	1875	-	227	23459698	30886
chr8	23428812	23628812	harbor2	chr8	23467093	23467153	LTR/ERVL-MaLR	464	-	30	23467123	38311
chr8	23428812	23628812	harbor2	chr8	23470865	23471329	LTR/ERVL-MaLR	1477	-	232	23471097	42285
chr8	10626848	10826848	harbor2	chr8	10629605	10629825	LTR/ERVL-MaLR	502	-	110	10629715	2867
chr8	10626848	10826848	harbor2	chr8	10660700	10661068	LTR/ERVL-MaLR	1858	-	184	10660884	34036
chr8	10626848	10826848	harbor2	chr8	10664466	10664624	LTR/ERVL-MaLR	1556	-	79	10664545	37697
chr8	10626848	10826848	harbor2	chr8	10664927	10665705	LTR/ERVL-MaLR	1556	-	389	10665316	38468
chr8	10626848	10826848	harbor2	chr8	10707815	10707881	LTR/ERVL-MaLR	1307	-	33	10707848	81000
chr8	10626848	10826848	harbor2	chr8	10708193	10708599	LTR/ERVL-MaLR	1307	-	203	10708396	81548
chr8	10626848	10826848	harbor2	chr8	10682333	10682728	LTR/ERVL-MaLR	1656	-	198	10682531	55683
chr8	23428873	23628873	harbor2	chr8	23431144	23431322	LTR/ERVL-MaLR	795	-	89	23431233	2360
chr8	23428873	23628873	harbor2	chr8	23459471	23459925	LTR/ERVL-MaLR	1875	-	227	23459698	30825
chr8	23428873	23628873	harbor2	chr8	23467093	23467153	LTR/ERVL-MaLR	464	-	30	23467123	38250
chr8	23428873	23628873	harbor2	chr8	23470865	23471329	LTR/ERVL-MaLR	1477	-	232	23471097	42224
chr8	29996669	30196669	harbor2	chr8	30005102	30005463	LTR/ERVL-MaLR	2085	-	180	30005282	8613
chr8	29996669	30196669	harbor2	chr8	30016563	30016915	LTR/ERVL-MaLR	2373	-	176	30016739	20070
chr8	29996669	30196669	harbor2	chr8	30026064	30026536	LTR/ERVL-MaLR	2468	-	236	30026300	29631
chr8	29996669	30196669	harbor2	chr8	30041128	30041459	LTR/ERVL-MaLR	896	-	166	30041294	44625
chr8	29996669	30196669	harbor2	chr8	30041758	30041854	LTR/ERVL-MaLR	896	-	48	30041806	45137
chr8	29996669	30196669	harbor2	chr8	30042228	30042550	LTR/ERVL-MaLR	1135	-	161	30042389	45720
chr8	29996669	30196669	harbor2	chr8	30043909	30044195	LTR/ERVL-MaLR	1045	-	143	30044052	47383
chr8	29996669	30196669	harbor2	chr8	30044195	30044327	LTR/ERVL-MaLR	501	-	66	30044261	47592
chr8	29996669	30196669	harbor2	chr8	30058177	30058466	LTR/ERVL-MaLR	1318	-	144	30058321	61652
chr8	29996669	30196669	harbor2	chr8	30059192	30059242	LTR/ERVL-MaLR	1318	-	25	30059217	62548
chr8	97521189	97721189	harbor2	chr8	97547839	97548372	LTR/ERVL-MaLR	2818	-	266	97548105	26916
chr8	97521189	97721189	harbor2	chr8	97551592	97551873	LTR/ERVL-MaLR	1852	-	140	97551732	30543
chr8	97521189	97721189	harbor2	chr8	97552186	97552385	LTR/ERVL-MaLR	1852	-	100	97552286	31097
chr8	97521189	97721189	harbor2	chr8	97558531	97558937	LTR/ERVL-MaLR	896	-	203	97558734	37545
chr8	97521189	97721189	harbor2	chr8	97565228	97565485	LTR/ERVL-MaLR	573	-	128	97565356	44167
chr8	97521189	97721189	harbor2	chr8	97573667	97574038	LTR/ERVL-MaLR	2720	-	186	97573853	52664
chr8	143420985	143620985	harbor2	chr8	143433243	143433563	LTR/ERVL-MaLR	512	-	160	143433403	12418
chr8	143420985	143620985	harbor2	chr8	143434074	143434357	LTR/ERVL-MaLR	765	-	142	143434216	13231
chr8	143420985	143620985	harbor2	chr8	143447540	143447835	LTR/ERVL-MaLR	1441	-	148	143447688	26703
chr8	143420985	143620985	harbor2	chr8	143448325	143449448	LTR/ERVL-MaLR	8020	-	562	143448887	27902
chr8	143420985	143620985	harbor2	chr8	143449763	143450134	LTR/ERVL-MaLR	8020	-	186	143449949	28964
chr8	143420985	143620985	harbor2	chr8	143450135	143450185	LTR/ERVL-MaLR	2231	-	25	143450160	29175
chr8	143420985	143620985	harbor2	chr8	143450481	143450866	LTR/ERVL-MaLR	2231	-	192	143450673	29688
chr8	143420985	143620985	harbor2	chr8	143486281	143486614	LTR/ERVL-MaLR	950	-	166	143486447	65462
chr8	143420985	143620985	harbor2	chr8	143500507	143500818	LTR/ERVL-MaLR	1102	-	156	143500663	79678
chr8	143420985	143620985	harbor2	chr8	143501117	143501169	LTR/ERVL-MaLR	1102	-	26	143501143	80158
chr8	23430877	23630877	harbor2	chr8	23431144	23431322	LTR/ERVL-MaLR	795	-	89	23431233	356
chr8	23430877	23630877	harbor2	chr8	23459471	23459925	LTR/ERVL-MaLR	1875	-	227	23459698	28821
chr8	23430877	23630877	harbor2	chr8	23467093	23467153	LTR/ERVL-MaLR	464	-	30	23467123	36246
chr8	23430877	23630877	harbor2	chr8	23470865	23471329	LTR/ERVL-MaLR	1477	-	232	23471097	40220
chr8	124796970	124996970	harbor2	chr8	124818673	124818816	LTR/ERVL-MaLR	459	-	72	124818745	21775
chr8	124796970	124996970	harbor2	chr8	124825766	124826219	LTR/ERVL-MaLR	2342	-	226	124825992	29022
chr8	124796970	124996970	harbor2	chr8	124832190	124832728	LTR/ERVL-MaLR	2823	-	269	124832459	35489
chr8	124796970	124996970	harbor2	chr8	124836394	124836461	LTR/ERVL-MaLR	1988	-	34	124836428	39458
chr8	124796970	124996970	harbor2	chr8	124836788	124837217	LTR/ERVL-MaLR	1988	-	214	124837002	40032
chr8	124796970	124996970	harbor2	chr8	124850680	124850887	LTR/ERVL-MaLR	1075	-	104	124850784	53814
chr8	124796970	124996970	harbor2	chr8	124851813	124852163	LTR/ERVL-MaLR	1593	-	175	124851988	55018
chr8	124796970	124996970	harbor2	chr8	124878861	124879225	LTR/ERVL-MaLR	1991	-	182	124879043	82073
chr8	124796970	124996970	harbor2	chr8	124892476	124892730	LTR/ERVL-MaLR	2309	-	127	124892603	95633
chr8	124796970	124996970	harbor2	chr8	124893031	124893208	LTR/ERVL-MaLR	2309	-	88	124893119	96149
chr8	23440530	23640530	harbor2	chr8	23459471	23459925	LTR/ERVL-MaLR	1875	-	227	23459698	19168
chr8	23440530	23640530	harbor2	chr8	23467093	23467153	LTR/ERVL-MaLR	464	-	30	23467123	26593
chr8	23440530	23640530	harbor2	chr8	23470865	23471329	LTR/ERVL-MaLR	1477	-	232	23471097	30567
chr8	23440530	23640530	harbor2	chr8	23535622	23535983	LTR/ERVL-MaLR	2322	-	180	23535802	95272
chr8	42040654	42240654	harbor2	chr8	42096707	42096943	LTR/ERVL-MaLR	1624	-	118	42096825	56171
chr8	42040654	42240654	harbor2	chr8	42097240	42097407	LTR/ERVL-MaLR	1624	-	84	42097324	56670
chr8	42040654	42240654	harbor2	chr8	42110748	42111109	LTR/ERVL-MaLR	2147	-	180	42110928	70274
chr8	42040654	42240654	harbor2	chr8	42113686	42114047	LTR/ERVL-MaLR	1972	-	180	42113866	73212
chr8	42040654	42240654	harbor2	chr8	42115711	42116097	LTR/ERVL-MaLR	1186	-	193	42115904	75250
chr8	23429402	23629402	harbor2	chr8	23431144	23431322	LTR/ERVL-MaLR	795	-	89	23431233	1831
chr8	23429402	23629402	harbor2	chr8	23459471	23459925	LTR/ERVL-MaLR	1875	-	227	23459698	30296
chr8	23429402	23629402	harbor2	chr8	23467093	23467153	LTR/ERVL-MaLR	464	-	30	23467123	37721
chr8	23429402	23629402	harbor2	chr8	23470865	23471329	LTR/ERVL-MaLR	1477	-	232	23471097	41695
chr8	99034843	99234843	harbor2	chr8	99068547	99068896	LTR/ERVL-MaLR	1877	-	174	99068721	33878
chr8	99034843	99234843	harbor2	chr8	99075174	99075559	LTR/ERVL-MaLR	2095	-	192	99075366	40523
chr8	142531182	142731182	harbor2	chr8	142605408	142605781	LTR/ERVL-MaLR	2003	-	186	142605594	74412
chr8	142531182	142731182	harbor2	chr8	142605791	142605897	LTR/ERVL-MaLR	516	-	53	142605844	74662
chr8	142674582	142874582	harbor2	chr8	142698432	142698836	LTR/ERVL-MaLR	2794	-	202	142698634	24052
chr8	142674582	142874582	harbor2	chr8	142701259	142701426	LTR/ERVL-MaLR	846	-	84	142701343	26761
chr8	142674582	142874582	harbor2	chr8	142708258	142708505	LTR/ERVL-MaLR	1257	-	124	142708382	33800
chr8	142674582	142874582	harbor2	chr8	142708811	142708893	LTR/ERVL-MaLR	1257	-	41	142708852	34270
chr8	142674582	142874582	harbor2	chr8	142708894	142709777	LTR/ERVL-MaLR	3743	-	442	142709336	34754
chr8	142674582	142874582	harbor2	chr8	142710775	142711361	LTR/ERVL-MaLR	3743	-	293	142711068	36486
chr8	142674582	142874582	harbor2	chr8	142711352	142711590	LTR/ERVL-MaLR	944	-	119	142711471	36889
chr8	142674582	142874582	harbor2	chr8	142755572	142755823	LTR/ERVL-MaLR	650	-	126	142755698	81116
chr8	142674582	142874582	harbor2	chr8	142755898	142756277	LTR/ERVL-MaLR	1002	-	190	142756088	81506
chr8	142525400	142725400	harbor2	chr8	142605408	142605781	LTR/ERVL-MaLR	2003	-	186	142605594	80194
chr8	142525400	142725400	harbor2	chr8	142605791	142605897	LTR/ERVL-MaLR	516	-	53	142605844	80444
chr8	142524867	142724867	harbor2	chr8	142605408	142605781	LTR/ERVL-MaLR	2003	-	186	142605594	80727
chr8	142524867	142724867	harbor2	chr8	142605791	142605897	LTR/ERVL-MaLR	516	-	53	142605844	80977
chr8	23428886	23628886	harbor2	chr8	23431144	23431322	LTR/ERVL-MaLR	795	-	89	23431233	2347
chr8	23428886	23628886	harbor2	chr8	23459471	23459925	LTR/ERVL-MaLR	1875	-	227	23459698	30812
chr8	23428886	23628886	harbor2	chr8	23467093	23467153	LTR/ERVL-MaLR	464	-	30	23467123	38237
chr8	23428886	23628886	harbor2	chr8	23470865	23471329	LTR/ERVL-MaLR	1477	-	232	23471097	42211
chr8	61402299	61602299	harbor2	chr8	61428960	61429140	LTR/ERVL-MaLR	1663	-	90	61429050	26751
chr8	61402299	61602299	harbor2	chr8	61429444	61429647	LTR/ERVL-MaLR	1663	-	102	61429546	27247
chr8	61402299	61602299	harbor2	chr8	61446355	61446774	LTR/ERVL-MaLR	2345	-	210	61446565	44266
chr8	61402299	61602299	harbor2	chr8	61459761	61460141	LTR/ERVL-MaLR	2153	-	190	61459951	57652
chr8	53884537	54084537	harbor2	chr8	53916709	53917070	LTR/ERVL-MaLR	1758	-	180	53916889	32352
chr8	124982576	125182576	harbor2	chr8	125003931	125004098	LTR/ERVL-MaLR	788	-	84	125004015	21439
chr8	124982576	125182576	harbor2	chr8	125071721	125072058	LTR/ERVL-MaLR	1681	-	168	125071889	89313
chr8	124982576	125182576	harbor2	chr8	125072351	125072374	LTR/ERVL-MaLR	1681	-	12	125072363	89787
chr8	124982576	125182576	harbor2	chr8	125072673	125072845	LTR/ERVL-MaLR	1681	-	86	125072759	90183
chr8	90971180	91171180	harbor2	chr8	90999473	90999673	LTR/ERVL-MaLR	539	-	100	90999573	28393
chr8	90971180	91171180	harbor2	chr8	91036830	91037198	LTR/ERVL-MaLR	736	-	184	91037014	65834
chr8	90971180	91171180	harbor2	chr8	91043962	91044471	LTR/ERVL-MaLR	536	-	254	91044216	73036
chr8	90971180	91171180	harbor2	chr8	91044505	91045505	LTR/ERVL-MaLR	2698	-	500	91045005	73825
chr8	90971180	91171180	harbor2	chr8	91046084	91046360	LTR/ERVL-MaLR	984	-	138	91046222	75042
chr8	90971180	91171180	harbor2	chr8	91046449	91046920	LTR/ERVL-MaLR	597	-	236	91046685	75505
chr8	90971180	91171180	harbor2	chr8	91054020	91054434	LTR/ERVL-MaLR	2176	-	207	91054227	83047
chr8	90971180	91171180	harbor2	chr8	91054817	91054895	LTR/ERVL-MaLR	2176	-	39	91054856	83676
chr8	85146249	85346249	harbor2	chr8	85162077	85162434	LTR/ERVL-MaLR	2288	-	178	85162255	16006
chr8	85146249	85346249	harbor2	chr8	85171670	85172071	LTR/ERVL-MaLR	1854	-	200	85171870	25621
chr8	85145757	85345757	harbor2	chr8	85162077	85162434	LTR/ERVL-MaLR	2288	-	178	85162255	16498
chr8	85145757	85345757	harbor2	chr8	85171670	85172071	LTR/ERVL-MaLR	1854	-	200	85171870	26113
chr8	600587	800587	harbor2	chr8	624481	624716	LTR/ERVL-MaLR	2060	-	118	624599	24012
chr8	600587	800587	harbor2	chr8	625026	625190	LTR/ERVL-MaLR	2060	-	82	625108	24521
chr8	142524847	142724847	harbor2	chr8	142605408	142605781	LTR/ERVL-MaLR	2003	-	186	142605594	80747
chr8	142524847	142724847	harbor2	chr8	142605791	142605897	LTR/ERVL-MaLR	516	-	53	142605844	80997
chr8	54199923	54399923	harbor2	chr8	54205712	54206065	LTR/ERVL-MaLR	2416	-	176	54205888	5965
chr8	54199923	54399923	harbor2	chr8	54208364	54208564	LTR/ERVL-MaLR	995	-	100	54208464	8541
chr8	54199923	54399923	harbor2	chr8	54208806	54208972	LTR/ERVL-MaLR	612	-	83	54208889	8966
chr8	23429413	23629413	harbor2	chr8	23431144	23431322	LTR/ERVL-MaLR	795	-	89	23431233	1820
chr8	23429413	23629413	harbor2	chr8	23459471	23459925	LTR/ERVL-MaLR	1875	-	227	23459698	30285
chr8	23429413	23629413	harbor2	chr8	23467093	23467153	LTR/ERVL-MaLR	464	-	30	23467123	37710
chr8	23429413	23629413	harbor2	chr8	23470865	23471329	LTR/ERVL-MaLR	1477	-	232	23471097	41684
chr8	23428927	23628927	harbor2	chr8	23431144	23431322	LTR/ERVL-MaLR	795	-	89	23431233	2306
chr8	23428927	23628927	harbor2	chr8	23459471	23459925	LTR/ERVL-MaLR	1875	-	227	23459698	30771
chr8	23428927	23628927	harbor2	chr8	23467093	23467153	LTR/ERVL-MaLR	464	-	30	23467123	38196
chr8	23428927	23628927	harbor2	chr8	23470865	23471329	LTR/ERVL-MaLR	1477	-	232	23471097	42170
chr8	18018662	18218662	harbor2	chr8	18042958	18043309	LTR/ERVL-MaLR	2328	-	176	18043134	24472
chr8	18018662	18218662	harbor2	chr8	18044075	18044544	LTR/ERVL-MaLR	1769	-	234	18044309	25647
chr8	18018662	18218662	harbor2	chr8	18053855	18054183	LTR/ERVL-MaLR	1645	-	164	18054019	35357
chr8	18018662	18218662	harbor2	chr8	18102031	18102390	LTR/ERVL-MaLR	2545	-	180	18102211	83549
chr8	100622158	100822158	harbor2	chr8	100623007	100623422	LTR/ERVL-MaLR	2875	-	208	100623215	1057
chr8	100622158	100822158	harbor2	chr8	100665914	100666188	LTR/ERVL-MaLR	617	-	137	100666051	43893
chr8	134491303	134691303	harbor2	chr8	134491412	134491900	LTR/ERVL-MaLR	2212	-	244	134491656	353
chr8	134491303	134691303	harbor2	chr8	134495123	134495480	LTR/ERVL-MaLR	1422	-	178	134495301	3998
chr8	134491303	134691303	harbor2	chr8	134579252	134579602	LTR/ERVL-MaLR	2066	-	175	134579427	88124
chr8	29983254	30183254	harbor2	chr8	30005102	30005463	LTR/ERVL-MaLR	2085	-	180	30005282	22028
chr8	29983254	30183254	harbor2	chr8	30016563	30016915	LTR/ERVL-MaLR	2373	-	176	30016739	33485
chr8	29983254	30183254	harbor2	chr8	30026064	30026536	LTR/ERVL-MaLR	2468	-	236	30026300	43046
chr8	29983254	30183254	harbor2	chr8	30041128	30041459	LTR/ERVL-MaLR	896	-	166	30041294	58040
chr8	29983254	30183254	harbor2	chr8	30041758	30041854	LTR/ERVL-MaLR	896	-	48	30041806	58552
chr8	29983254	30183254	harbor2	chr8	30042228	30042550	LTR/ERVL-MaLR	1135	-	161	30042389	59135
chr8	29983254	30183254	harbor2	chr8	30043909	30044195	LTR/ERVL-MaLR	1045	-	143	30044052	60798
chr8	29983254	30183254	harbor2	chr8	30044195	30044327	LTR/ERVL-MaLR	501	-	66	30044261	61007
chr8	29983254	30183254	harbor2	chr8	30058177	30058466	LTR/ERVL-MaLR	1318	-	144	30058321	75067
chr8	29983254	30183254	harbor2	chr8	30059192	30059242	LTR/ERVL-MaLR	1318	-	25	30059217	75963
chr8	30449501	30649501	harbor2	chr8	30463280	30463705	LTR/ERVL-MaLR	1275	-	212	30463492	13991
chr8	30449501	30649501	harbor2	chr8	30518193	30518377	LTR/ERVL-MaLR	669	-	92	30518285	68784
chr8	30449501	30649501	harbor2	chr8	30538647	30538909	LTR/ERVL-MaLR	467	-	131	30538778	89277
chr8	23428893	23628893	harbor2	chr8	23431144	23431322	LTR/ERVL-MaLR	795	-	89	23431233	2340
chr8	23428893	23628893	harbor2	chr8	23459471	23459925	LTR/ERVL-MaLR	1875	-	227	23459698	30805
chr8	23428893	23628893	harbor2	chr8	23467093	23467153	LTR/ERVL-MaLR	464	-	30	23467123	38230
chr8	23428893	23628893	harbor2	chr8	23470865	23471329	LTR/ERVL-MaLR	1477	-	232	23471097	42204
chr8	81789753	81989753	harbor2	chr8	81824715	81825285	LTR/ERVL-MaLR	1948	-	285	81825000	35247
chr8	81789753	81989753	harbor2	chr8	81834027	81834366	LTR/ERVL-MaLR	2094	-	170	81834197	44444
chr8	81789753	81989753	harbor2	chr8	81834367	81835739	LTR/ERVL-MaLR	9573	-	686	81835053	45300
chr8	81789753	81989753	harbor2	chr8	81835716	81835939	LTR/ERVL-MaLR	1171	-	112	81835828	46075
chr8	81789753	81989753	harbor2	chr8	81835951	81836028	LTR/ERVL-MaLR	509	-	38	81835989	46236
chr8	81789753	81989753	harbor2	chr8	81836023	81836101	LTR/ERVL-MaLR	500	-	39	81836062	46309
chr8	81789753	81989753	harbor2	chr8	81837401	81837758	LTR/ERVL-MaLR	1982	-	178	81837579	47826
chr8	81789753	81989753	harbor2	chr8	81845709	81846062	LTR/ERVL-MaLR	2098	-	176	81845885	56132
chr8	117836203	118036203	harbor2	chr8	117878826	117879090	LTR/ERVL-MaLR	751	-	132	117878958	42755
chr8	142635847	142835847	harbor2	chr8	142657414	142657828	LTR/ERVL-MaLR	2406	-	207	142657621	21774
chr8	142635847	142835847	harbor2	chr8	142658218	142658387	LTR/ERVL-MaLR	579	-	84	142658302	22455
chr8	142635847	142835847	harbor2	chr8	142658518	142658741	LTR/ERVL-MaLR	789	-	112	142658630	22783
chr8	142635847	142835847	harbor2	chr8	142698432	142698836	LTR/ERVL-MaLR	2794	-	202	142698634	62787
chr8	142635847	142835847	harbor2	chr8	142701259	142701426	LTR/ERVL-MaLR	846	-	84	142701343	65496
chr8	142635847	142835847	harbor2	chr8	142708258	142708505	LTR/ERVL-MaLR	1257	-	124	142708382	72535
chr8	142635847	142835847	harbor2	chr8	142708811	142708893	LTR/ERVL-MaLR	1257	-	41	142708852	73005
chr8	142635847	142835847	harbor2	chr8	142708894	142709777	LTR/ERVL-MaLR	3743	-	442	142709336	73489
chr8	142635847	142835847	harbor2	chr8	142710775	142711361	LTR/ERVL-MaLR	3743	-	293	142711068	75221
chr8	142635847	142835847	harbor2	chr8	142711352	142711590	LTR/ERVL-MaLR	944	-	119	142711471	75624
chr8	23428926	23628926	harbor2	chr8	23431144	23431322	LTR/ERVL-MaLR	795	-	89	23431233	2307
chr8	23428926	23628926	harbor2	chr8	23459471	23459925	LTR/ERVL-MaLR	1875	-	227	23459698	30772
chr8	23428926	23628926	harbor2	chr8	23467093	23467153	LTR/ERVL-MaLR	464	-	30	23467123	38197
chr8	23428926	23628926	harbor2	chr8	23470865	23471329	LTR/ERVL-MaLR	1477	-	232	23471097	42171
chr8	35278627	35478627	harbor2	chr8	35310708	35310901	LTR/ERVL-MaLR	602	-	96	35310804	32177
chr8	35278627	35478627	harbor2	chr8	35354684	35355185	LTR/ERVL-MaLR	1039	-	250	35354934	76307
chr8	35278627	35478627	harbor2	chr8	35363129	35363498	LTR/ERVL-MaLR	2121	-	184	35363313	84686
chr8	142525343	142725343	harbor2	chr8	142605408	142605781	LTR/ERVL-MaLR	2003	-	186	142605594	80251
chr8	142525343	142725343	harbor2	chr8	142605791	142605897	LTR/ERVL-MaLR	516	-	53	142605844	80501
chr8	29983321	30183321	harbor2	chr8	30005102	30005463	LTR/ERVL-MaLR	2085	-	180	30005282	21961
chr8	29983321	30183321	harbor2	chr8	30016563	30016915	LTR/ERVL-MaLR	2373	-	176	30016739	33418
chr8	29983321	30183321	harbor2	chr8	30026064	30026536	LTR/ERVL-MaLR	2468	-	236	30026300	42979
chr8	29983321	30183321	harbor2	chr8	30041128	30041459	LTR/ERVL-MaLR	896	-	166	30041294	57973
chr8	29983321	30183321	harbor2	chr8	30041758	30041854	LTR/ERVL-MaLR	896	-	48	30041806	58485
chr8	29983321	30183321	harbor2	chr8	30042228	30042550	LTR/ERVL-MaLR	1135	-	161	30042389	59068
chr8	29983321	30183321	harbor2	chr8	30043909	30044195	LTR/ERVL-MaLR	1045	-	143	30044052	60731
chr8	29983321	30183321	harbor2	chr8	30044195	30044327	LTR/ERVL-MaLR	501	-	66	30044261	60940
chr8	29983321	30183321	harbor2	chr8	30058177	30058466	LTR/ERVL-MaLR	1318	-	144	30058321	75000
chr8	29983321	30183321	harbor2	chr8	30059192	30059242	LTR/ERVL-MaLR	1318	-	25	30059217	75896
chr8	102557133	102757133	harbor2	chr8	102566979	102567147	LTR/ERVL-MaLR	678	-	84	102567063	9930
chr8	102557133	102757133	harbor2	chr8	102578633	102578981	LTR/ERVL-MaLR	465	-	174	102578807	21674
chr8	102557133	102757133	harbor2	chr8	102580035	102580098	LTR/ERVL-MaLR	1810	-	32	102580067	22934
chr8	102557133	102757133	harbor2	chr8	102580371	102580395	LTR/ERVL-MaLR	1810	-	12	102580383	23250
chr8	102557133	102757133	harbor2	chr8	102580689	102581014	LTR/ERVL-MaLR	1810	-	162	102580851	23718
chr8	102557133	102757133	harbor2	chr8	102597726	102598072	LTR/ERVL-MaLR	1898	-	173	102597899	40766
chr8	102557133	102757133	harbor2	chr8	102599511	102599979	LTR/ERVL-MaLR	937	-	234	102599745	42612
chr8	102557133	102757133	harbor2	chr8	102610194	102610647	LTR/ERVL-MaLR	826	-	226	102610420	53287
chr8	102557133	102757133	harbor2	chr8	102612083	102612293	LTR/ERVL-MaLR	1088	-	105	102612188	55055
chr8	102557133	102757133	harbor2	chr8	102612413	102612648	LTR/ERVL-MaLR	1311	-	118	102612531	55398
chr8	102557133	102757133	harbor2	chr8	102614931	102615068	LTR/ERVL-MaLR	660	-	68	102614999	57866
chr8	102557133	102757133	harbor2	chr8	102615394	102615698	LTR/ERVL-MaLR	660	-	152	102615546	58413
chr8	102557133	102757133	harbor2	chr8	102616878	102616929	LTR/ERVL-MaLR	573	-	26	102616904	59771
chr8	102557133	102757133	harbor2	chr8	102617115	102617243	LTR/ERVL-MaLR	587	-	64	102617179	60046
chr8	102557133	102757133	harbor2	chr8	102641428	102641962	LTR/ERVL-MaLR	2617	-	267	102641695	84562
chr8	143978595	144178595	harbor2	chr8	144069240	144069716	LTR/ERVL-MaLR	1683	-	238	144069478	90883
chr8	142528666	142728666	harbor2	chr8	142605408	142605781	LTR/ERVL-MaLR	2003	-	186	142605594	76928
chr8	142528666	142728666	harbor2	chr8	142605791	142605897	LTR/ERVL-MaLR	516	-	53	142605844	77178
chr8	144801613	145001613	harbor2	chr8	144837928	144838363	LTR/ERVL-MaLR	1701	-	218	144838146	36533
chr8	144801613	145001613	harbor2	chr8	144854011	144854164	LTR/ERVL-MaLR	878	-	76	144854087	52474
chr8	143150227	143350227	harbor2	chr8	143190976	143191019	LTR/ERVL-MaLR	1919	-	22	143190998	40771
chr8	143150227	143350227	harbor2	chr8	143191340	143191705	LTR/ERVL-MaLR	1919	-	182	143191522	41295
chr8	143150227	143350227	harbor2	chr8	143192606	143192963	LTR/ERVL-MaLR	2558	-	178	143192784	42557
chr8	143150227	143350227	harbor2	chr8	143197567	143197963	LTR/ERVL-MaLR	1348	-	198	143197765	47538
chr8	143150227	143350227	harbor2	chr8	143218938	143219347	LTR/ERVL-MaLR	1121	-	204	143219142	68915
chr8	143150227	143350227	harbor2	chr8	143235490	143235948	LTR/ERVL-MaLR	783	-	229	143235719	85492
chr8	144048018	144248018	harbor2	chr8	144069240	144069716	LTR/ERVL-MaLR	1683	-	238	144069478	21460
chr8	144048018	144248018	harbor2	chr8	144134323	144134491	LTR/ERVL-MaLR	742	-	84	144134407	86389
chr8	144048018	144248018	harbor2	chr8	144134470	144134563	LTR/ERVL-MaLR	434	-	46	144134516	86498
chr8	42041611	42241611	harbor2	chr8	42096707	42096943	LTR/ERVL-MaLR	1624	-	118	42096825	55214
chr8	42041611	42241611	harbor2	chr8	42097240	42097407	LTR/ERVL-MaLR	1624	-	84	42097324	55713
chr8	42041611	42241611	harbor2	chr8	42110748	42111109	LTR/ERVL-MaLR	2147	-	180	42110928	69317
chr8	42041611	42241611	harbor2	chr8	42113686	42114047	LTR/ERVL-MaLR	1972	-	180	42113866	72255
chr8	42041611	42241611	harbor2	chr8	42115711	42116097	LTR/ERVL-MaLR	1186	-	193	42115904	74293
chr8	96961343	97161343	harbor2	chr8	97032152	97032483	LTR/ERVL-MaLR	999	-	166	97032318	70975
chr8	42371781	42571781	harbor2	chr8	42372411	42372827	LTR/ERVL-MaLR	2703	-	208	42372619	838
chr8	23431204	23631204	harbor2	chr8	23431144	23431322	LTR/ERVL-MaLR	795	-	89	23431233	29
chr8	23431204	23631204	harbor2	chr8	23459471	23459925	LTR/ERVL-MaLR	1875	-	227	23459698	28494
chr8	23431204	23631204	harbor2	chr8	23467093	23467153	LTR/ERVL-MaLR	464	-	30	23467123	35919
chr8	23431204	23631204	harbor2	chr8	23470865	23471329	LTR/ERVL-MaLR	1477	-	232	23471097	39893
chr8	41512963	41712963	harbor2	chr8	41526582	41527062	LTR/ERVL-MaLR	1741	-	240	41526822	13859
chr8	41512963	41712963	harbor2	chr8	41527355	41527476	LTR/ERVL-MaLR	1741	-	60	41527415	14452
chr8	41512963	41712963	harbor2	chr8	41533717	41534084	LTR/ERVL-MaLR	1866	-	184	41533901	20938
chr8	41512963	41712963	harbor2	chr8	41540855	41541017	LTR/ERVL-MaLR	751	-	81	41540936	27973
chr8	41512963	41712963	harbor2	chr8	41541376	41541548	LTR/ERVL-MaLR	1017	-	86	41541462	28499
chr8	41512963	41712963	harbor2	chr8	41602715	41603073	LTR/ERVL-MaLR	1780	-	179	41602894	89931
chr8	23428900	23628900	harbor2	chr8	23431144	23431322	LTR/ERVL-MaLR	795	-	89	23431233	2333
chr8	23428900	23628900	harbor2	chr8	23459471	23459925	LTR/ERVL-MaLR	1875	-	227	23459698	30798
chr8	23428900	23628900	harbor2	chr8	23467093	23467153	LTR/ERVL-MaLR	464	-	30	23467123	38223
chr8	23428900	23628900	harbor2	chr8	23470865	23471329	LTR/ERVL-MaLR	1477	-	232	23471097	42197
chr8	100622167	100822167	harbor2	chr8	100623007	100623422	LTR/ERVL-MaLR	2875	-	208	100623215	1048
chr8	100622167	100822167	harbor2	chr8	100665914	100666188	LTR/ERVL-MaLR	617	-	137	100666051	43884
chr8	41241751	41441751	harbor2	chr8	41340721	41341047	LTR/ERVL-MaLR	656	-	163	41340884	99133
chr8	32682741	32882741	harbor2	chr8	32687931	32688037	LTR/ERVL-MaLR	776	-	53	32687984	5243
chr8	30321094	30521094	harbor2	chr8	30327576	30327982	LTR/ERVL-MaLR	1503	-	203	30327779	6685
chr8	30321094	30521094	harbor2	chr8	30335072	30335131	LTR/ERVL-MaLR	457	-	30	30335102	14008
chr8	30321094	30521094	harbor2	chr8	30335449	30335490	LTR/ERVL-MaLR	457	-	20	30335469	14375
chr8	30321094	30521094	harbor2	chr8	30354425	30354820	LTR/ERVL-MaLR	1861	-	198	30354623	33529
chr8	30321094	30521094	harbor2	chr8	30372883	30373239	LTR/ERVL-MaLR	2348	-	178	30373061	51967
chr8	30321094	30521094	harbor2	chr8	30373535	30373582	LTR/ERVL-MaLR	2348	-	24	30373559	52465
chr8	30321094	30521094	harbor2	chr8	30373712	30373801	LTR/ERVL-MaLR	444	-	44	30373756	52662
chr8	30321094	30521094	harbor2	chr8	30373888	30374162	LTR/ERVL-MaLR	1196	-	137	30374025	52931
chr8	30321094	30521094	harbor2	chr8	30374343	30374464	LTR/ERVL-MaLR	1778	-	60	30374403	53309
chr8	30321094	30521094	harbor2	chr8	30374764	30374999	LTR/ERVL-MaLR	1778	-	118	30374882	53788
chr8	30321094	30521094	harbor2	chr8	30375572	30375677	LTR/ERVL-MaLR	1690	-	52	30375624	54530
chr8	30321094	30521094	harbor2	chr8	30375678	30375905	LTR/ERVL-MaLR	1013	-	114	30375792	54698
chr8	30321094	30521094	harbor2	chr8	30376383	30376535	LTR/ERVL-MaLR	861	-	76	30376459	55365
chr8	30321094	30521094	harbor2	chr8	30376547	30376918	LTR/ERVL-MaLR	1375	-	186	30376733	55639
chr8	30321094	30521094	harbor2	chr8	30377919	30378290	LTR/ERVL-MaLR	1731	-	186	30378105	57011
chr8	30321094	30521094	harbor2	chr8	30378594	30378720	LTR/ERVL-MaLR	1731	-	63	30378657	57563
chr8	30321094	30521094	harbor2	chr8	30378759	30379043	LTR/ERVL-MaLR	1333	-	142	30378901	57807
chr8	94973524	95173524	harbor2	chr8	94992967	94993350	LTR/ERVL-MaLR	2143	-	192	94993159	19635
chr8	94973524	95173524	harbor2	chr8	95002777	95003091	LTR/ERVL-MaLR	513	-	157	95002934	29410
chr8	94973524	95173524	harbor2	chr8	95014628	95015056	LTR/ERVL-MaLR	970	-	214	95014842	41318
chr8	94973524	95173524	harbor2	chr8	95030729	95031145	LTR/ERVL-MaLR	2842	-	208	95030937	57413
chr8	23429267	23629267	harbor2	chr8	23431144	23431322	LTR/ERVL-MaLR	795	-	89	23431233	1966
chr8	23429267	23629267	harbor2	chr8	23459471	23459925	LTR/ERVL-MaLR	1875	-	227	23459698	30431
chr8	23429267	23629267	harbor2	chr8	23467093	23467153	LTR/ERVL-MaLR	464	-	30	23467123	37856
chr8	23429267	23629267	harbor2	chr8	23470865	23471329	LTR/ERVL-MaLR	1477	-	232	23471097	41830
chr8	66406890	66606890	harbor2	chr8	66415792	66415858	LTR/ERVL-MaLR	1009	-	33	66415825	8935
chr8	66406890	66606890	harbor2	chr8	66416228	66416412	LTR/ERVL-MaLR	1009	-	92	66416320	9430
chr8	66406890	66606890	harbor2	chr8	66435213	66435601	LTR/ERVL-MaLR	1879	-	194	66435407	28517
chr8	66406890	66606890	harbor2	chr8	66436217	66436315	LTR/ERVL-MaLR	1879	-	49	66436266	29376
chr8	23428736	23628736	harbor2	chr8	23431144	23431322	LTR/ERVL-MaLR	795	-	89	23431233	2497
chr8	23428736	23628736	harbor2	chr8	23459471	23459925	LTR/ERVL-MaLR	1875	-	227	23459698	30962
chr8	23428736	23628736	harbor2	chr8	23467093	23467153	LTR/ERVL-MaLR	464	-	30	23467123	38387
chr8	23428736	23628736	harbor2	chr8	23470865	23471329	LTR/ERVL-MaLR	1477	-	232	23471097	42361
chr8	143825669	144025669	harbor2	chr8	143899718	143900011	LTR/ERVL-MaLR	494	-	146	143899864	74195
chr9	4692868	4892868	harbor2	chr9	4750728	4751034	LTR/ERVL-MaLR	722	-	153	4750881	58013
chr9	4692868	4892868	harbor2	chr9	4774265	4774564	LTR/ERVL-MaLR	941	-	150	4774415	81547
chr9	4692868	4892868	harbor2	chr9	4751222	4751590	LTR/ERVL-MaLR	1137	-	184	4751406	58538
chr9	136670195	136870195	harbor2	chr9	136703722	136703904	LTR/ERVL-MaLR	1117	-	91	136703813	33618
chr9	136670195	136870195	harbor2	chr9	136704207	136704300	LTR/ERVL-MaLR	1117	-	46	136704253	34058
chr9	136670195	136870195	harbor2	chr9	136704301	136704506	LTR/ERVL-MaLR	1039	-	102	136704403	34208
chr9	136670195	136870195	harbor2	chr9	136731571	136731871	LTR/ERVL-MaLR	1249	-	150	136731721	61526
chr9	136670195	136870195	harbor2	chr9	136751810	136752192	LTR/ERVL-MaLR	2261	-	191	136752001	81806
chr9	4770890	4970890	harbor2	chr9	4774265	4774564	LTR/ERVL-MaLR	941	-	150	4774415	3525
chr9	4770890	4970890	harbor2	chr9	4821436	4821649	LTR/ERVL-MaLR	1022	-	106	4821542	50652
chr9	4770890	4970890	harbor2	chr9	4821778	4821972	LTR/ERVL-MaLR	822	-	97	4821875	50985
chr9	4770890	4970890	harbor2	chr9	4861773	4862272	LTR/ERVL-MaLR	1656	-	250	4862023	91133
chr9	4770890	4970890	harbor2	chr9	4867596	4867764	LTR/ERVL-MaLR	592	-	84	4867680	96790
chr9	4692825	4892825	harbor2	chr9	4750728	4751034	LTR/ERVL-MaLR	722	-	153	4750881	58056
chr9	4692825	4892825	harbor2	chr9	4774265	4774564	LTR/ERVL-MaLR	941	-	150	4774415	81590
chr9	4692825	4892825	harbor2	chr9	4751222	4751590	LTR/ERVL-MaLR	1137	-	184	4751406	58581
chr9	4884805	5084805	harbor2	chr9	4886834	4886928	LTR/ERVL-MaLR	1082	-	47	4886881	2076
chr9	4884805	5084805	harbor2	chr9	4887564	4887920	LTR/ERVL-MaLR	1082	-	178	4887742	2937
chr9	4884805	5084805	harbor2	chr9	4894611	4894998	LTR/ERVL-MaLR	727	-	194	4894805	10000
chr9	4884805	5084805	harbor2	chr9	4922418	4923063	LTR/ERVL-MaLR	1630	-	322	4922740	37935
chr9	4884805	5084805	harbor2	chr9	4980543	4980842	LTR/ERVL-MaLR	493	-	150	4980693	95888
chr9	4692782	4892782	harbor2	chr9	4750728	4751034	LTR/ERVL-MaLR	722	-	153	4750881	58099
chr9	4692782	4892782	harbor2	chr9	4774265	4774564	LTR/ERVL-MaLR	941	-	150	4774415	81633
chr9	4692782	4892782	harbor2	chr9	4751222	4751590	LTR/ERVL-MaLR	1137	-	184	4751406	58624
chr9	4884804	5084804	harbor2	chr9	4886834	4886928	LTR/ERVL-MaLR	1082	-	47	4886881	2077
chr9	4884804	5084804	harbor2	chr9	4887564	4887920	LTR/ERVL-MaLR	1082	-	178	4887742	2938
chr9	4884804	5084804	harbor2	chr9	4894611	4894998	LTR/ERVL-MaLR	727	-	194	4894805	10001
chr9	4884804	5084804	harbor2	chr9	4922418	4923063	LTR/ERVL-MaLR	1630	-	322	4922740	37936
chr9	4884804	5084804	harbor2	chr9	4980543	4980842	LTR/ERVL-MaLR	493	-	150	4980693	95889
chr9	4698243	4898243	harbor2	chr9	4750728	4751034	LTR/ERVL-MaLR	722	-	153	4750881	52638
chr9	4698243	4898243	harbor2	chr9	4774265	4774564	LTR/ERVL-MaLR	941	-	150	4774415	76172
chr9	4698243	4898243	harbor2	chr9	4751222	4751590	LTR/ERVL-MaLR	1137	-	184	4751406	53163
chr9	16305865	16505865	harbor2	chr9	16335260	16335638	LTR/ERVL-MaLR	2393	-	189	16335449	29584
chr9	16305865	16505865	harbor2	chr9	16359897	16360257	LTR/ERVL-MaLR	2088	-	180	16360077	54212
chr9	16305865	16505865	harbor2	chr9	16361654	16362106	LTR/ERVL-MaLR	1005	-	226	16361880	56015
chr9	16305865	16505865	harbor2	chr9	16398250	16398619	LTR/ERVL-MaLR	1254	-	184	16398434	92569
chr9	16305865	16505865	harbor2	chr9	16400771	16401091	LTR/ERVL-MaLR	489	-	160	16400931	95066
chr9	16305865	16505865	harbor2	chr9	16403393	16403771	LTR/ERVL-MaLR	1054	-	189	16403582	97717
chr9	16305865	16505865	harbor2	chr9	16400342	16400750	LTR/ERVL-MaLR	1857	-	204	16400546	94681
chr9	4692809	4892809	harbor2	chr9	4750728	4751034	LTR/ERVL-MaLR	722	-	153	4750881	58072
chr9	4692809	4892809	harbor2	chr9	4774265	4774564	LTR/ERVL-MaLR	941	-	150	4774415	81606
chr9	4692809	4892809	harbor2	chr9	4751222	4751590	LTR/ERVL-MaLR	1137	-	184	4751406	58597
chr9	4692811	4892811	harbor2	chr9	4750728	4751034	LTR/ERVL-MaLR	722	-	153	4750881	58070
chr9	4692811	4892811	harbor2	chr9	4774265	4774564	LTR/ERVL-MaLR	941	-	150	4774415	81604
chr9	4692811	4892811	harbor2	chr9	4751222	4751590	LTR/ERVL-MaLR	1137	-	184	4751406	58595
chr9	4884747	5084747	harbor2	chr9	4886834	4886928	LTR/ERVL-MaLR	1082	-	47	4886881	2134
chr9	4884747	5084747	harbor2	chr9	4887564	4887920	LTR/ERVL-MaLR	1082	-	178	4887742	2995
chr9	4884747	5084747	harbor2	chr9	4894611	4894998	LTR/ERVL-MaLR	727	-	194	4894805	10058
chr9	4884747	5084747	harbor2	chr9	4922418	4923063	LTR/ERVL-MaLR	1630	-	322	4922740	37993
chr9	4884747	5084747	harbor2	chr9	4980543	4980842	LTR/ERVL-MaLR	493	-	150	4980693	95946
chr9	4884773	5084773	harbor2	chr9	4886834	4886928	LTR/ERVL-MaLR	1082	-	47	4886881	2108
chr9	4884773	5084773	harbor2	chr9	4887564	4887920	LTR/ERVL-MaLR	1082	-	178	4887742	2969
chr9	4884773	5084773	harbor2	chr9	4894611	4894998	LTR/ERVL-MaLR	727	-	194	4894805	10032
chr9	4884773	5084773	harbor2	chr9	4922418	4923063	LTR/ERVL-MaLR	1630	-	322	4922740	37967
chr9	4884773	5084773	harbor2	chr9	4980543	4980842	LTR/ERVL-MaLR	493	-	150	4980693	95920
chr9	4884793	5084793	harbor2	chr9	4886834	4886928	LTR/ERVL-MaLR	1082	-	47	4886881	2088
chr9	4884793	5084793	harbor2	chr9	4887564	4887920	LTR/ERVL-MaLR	1082	-	178	4887742	2949
chr9	4884793	5084793	harbor2	chr9	4894611	4894998	LTR/ERVL-MaLR	727	-	194	4894805	10012
chr9	4884793	5084793	harbor2	chr9	4922418	4923063	LTR/ERVL-MaLR	1630	-	322	4922740	37947
chr9	4884793	5084793	harbor2	chr9	4980543	4980842	LTR/ERVL-MaLR	493	-	150	4980693	95900
chr9	132805998	133005998	harbor2	chr9	132840118	132840219	LTR/ERVL-MaLR	613	-	50	132840168	34170
chr9	132805998	133005998	harbor2	chr9	132842597	132843108	LTR/ERVL-MaLR	1279	-	256	132842853	36855
chr9	100253009	100453009	harbor2	chr9	100263225	100263740	LTR/ERVL-MaLR	2061	-	258	100263483	10474
chr9	100253009	100453009	harbor2	chr9	100286971	100287397	LTR/ERVL-MaLR	808	-	213	100287184	34175
chr9	100253009	100453009	harbor2	chr9	100287454	100287505	LTR/ERVL-MaLR	5204	-	26	100287480	34471
chr9	100253009	100453009	harbor2	chr9	100287838	100288624	LTR/ERVL-MaLR	5204	-	393	100288231	35222
chr9	100253009	100453009	harbor2	chr9	100288928	100289409	LTR/ERVL-MaLR	5204	-	240	100289168	36159
chr9	100253009	100453009	harbor2	chr9	100289424	100289637	LTR/ERVL-MaLR	489	-	106	100289530	36521
chr9	4884841	5084841	harbor2	chr9	4886834	4886928	LTR/ERVL-MaLR	1082	-	47	4886881	2040
chr9	4884841	5084841	harbor2	chr9	4887564	4887920	LTR/ERVL-MaLR	1082	-	178	4887742	2901
chr9	4884841	5084841	harbor2	chr9	4894611	4894998	LTR/ERVL-MaLR	727	-	194	4894805	9964
chr9	4884841	5084841	harbor2	chr9	4922418	4923063	LTR/ERVL-MaLR	1630	-	322	4922740	37899
chr9	4884841	5084841	harbor2	chr9	4980543	4980842	LTR/ERVL-MaLR	493	-	150	4980693	95852
chr9	4884813	5084813	harbor2	chr9	4886834	4886928	LTR/ERVL-MaLR	1082	-	47	4886881	2068
chr9	4884813	5084813	harbor2	chr9	4887564	4887920	LTR/ERVL-MaLR	1082	-	178	4887742	2929
chr9	4884813	5084813	harbor2	chr9	4894611	4894998	LTR/ERVL-MaLR	727	-	194	4894805	9992
chr9	4884813	5084813	harbor2	chr9	4922418	4923063	LTR/ERVL-MaLR	1630	-	322	4922740	37927
chr9	4884813	5084813	harbor2	chr9	4980543	4980842	LTR/ERVL-MaLR	493	-	150	4980693	95880
chr9	4884788	5084788	harbor2	chr9	4886834	4886928	LTR/ERVL-MaLR	1082	-	47	4886881	2093
chr9	4884788	5084788	harbor2	chr9	4887564	4887920	LTR/ERVL-MaLR	1082	-	178	4887742	2954
chr9	4884788	5084788	harbor2	chr9	4894611	4894998	LTR/ERVL-MaLR	727	-	194	4894805	10017
chr9	4884788	5084788	harbor2	chr9	4922418	4923063	LTR/ERVL-MaLR	1630	-	322	4922740	37952
chr9	4884788	5084788	harbor2	chr9	4980543	4980842	LTR/ERVL-MaLR	493	-	150	4980693	95905
chr9	4884790	5084790	harbor2	chr9	4886834	4886928	LTR/ERVL-MaLR	1082	-	47	4886881	2091
chr9	4884790	5084790	harbor2	chr9	4887564	4887920	LTR/ERVL-MaLR	1082	-	178	4887742	2952
chr9	4884790	5084790	harbor2	chr9	4894611	4894998	LTR/ERVL-MaLR	727	-	194	4894805	10015
chr9	4884790	5084790	harbor2	chr9	4922418	4923063	LTR/ERVL-MaLR	1630	-	322	4922740	37950
chr9	4884790	5084790	harbor2	chr9	4980543	4980842	LTR/ERVL-MaLR	493	-	150	4980693	95903
chr9	34146713	34346713	harbor2	chr9	34166271	34166313	LTR/ERVL-MaLR	1959	-	21	34166292	19579
chr9	34146713	34346713	harbor2	chr9	34166475	34166511	LTR/ERVL-MaLR	1959	-	18	34166493	19780
chr9	34146713	34346713	harbor2	chr9	34166812	34167150	LTR/ERVL-MaLR	2085	-	169	34166981	20268
chr9	34146713	34346713	harbor2	chr9	34160337	34160695	LTR/ERVL-MaLR	1977	-	179	34160516	13803
chr9	4692881	4892881	harbor2	chr9	4750728	4751034	LTR/ERVL-MaLR	722	-	153	4750881	58000
chr9	4692881	4892881	harbor2	chr9	4774265	4774564	LTR/ERVL-MaLR	941	-	150	4774415	81534
chr9	4692881	4892881	harbor2	chr9	4751222	4751590	LTR/ERVL-MaLR	1137	-	184	4751406	58525
chr9	4884785	5084785	harbor2	chr9	4886834	4886928	LTR/ERVL-MaLR	1082	-	47	4886881	2096
chr9	4884785	5084785	harbor2	chr9	4887564	4887920	LTR/ERVL-MaLR	1082	-	178	4887742	2957
chr9	4884785	5084785	harbor2	chr9	4894611	4894998	LTR/ERVL-MaLR	727	-	194	4894805	10020
chr9	4884785	5084785	harbor2	chr9	4922418	4923063	LTR/ERVL-MaLR	1630	-	322	4922740	37955
chr9	4884785	5084785	harbor2	chr9	4980543	4980842	LTR/ERVL-MaLR	493	-	150	4980693	95908
chr9	134036108	134236108	harbor2	chr9	134093827	134094218	LTR/ERVL-MaLR	2174	-	196	134094023	57915
chr9	134036108	134236108	harbor2	chr9	134121362	134121750	LTR/ERVL-MaLR	1937	-	194	134121556	85448
chr9	4885814	5085814	harbor2	chr9	4886834	4886928	LTR/ERVL-MaLR	1082	-	47	4886881	1067
chr9	4885814	5085814	harbor2	chr9	4887564	4887920	LTR/ERVL-MaLR	1082	-	178	4887742	1928
chr9	4885814	5085814	harbor2	chr9	4894611	4894998	LTR/ERVL-MaLR	727	-	194	4894805	8991
chr9	4885814	5085814	harbor2	chr9	4922418	4923063	LTR/ERVL-MaLR	1630	-	322	4922740	36926
chr9	4885814	5085814	harbor2	chr9	4980543	4980842	LTR/ERVL-MaLR	493	-	150	4980693	94879
chr9	134036094	134236094	harbor2	chr9	134093827	134094218	LTR/ERVL-MaLR	2174	-	196	134094023	57929
chr9	134036094	134236094	harbor2	chr9	134121362	134121750	LTR/ERVL-MaLR	1937	-	194	134121556	85462
chr9	68662242	68862242	harbor2	chr9	68666250	68666554	LTR/ERVL-MaLR	1266	-	152	68666402	4160
chr9	68662242	68862242	harbor2	chr9	68666894	68666953	LTR/ERVL-MaLR	1266	-	30	68666924	4682
chr9	68662242	68862242	harbor2	chr9	68702524	68702858	LTR/ERVL-MaLR	723	-	167	68702691	40449
chr9	68662242	68862242	harbor2	chr9	68717418	68717736	LTR/ERVL-MaLR	1251	-	159	68717577	55335
chr9	68662242	68862242	harbor2	chr9	68728149	68728532	LTR/ERVL-MaLR	1939	-	192	68728341	66099
chr9	68662242	68862242	harbor2	chr9	68736450	68736916	LTR/ERVL-MaLR	2387	-	233	68736683	74441
chr9	68662242	68862242	harbor2	chr9	68761432	68761932	LTR/ERVL-MaLR	2040	-	250	68761682	99440
chr9	4692776	4892776	harbor2	chr9	4750728	4751034	LTR/ERVL-MaLR	722	-	153	4750881	58105
chr9	4692776	4892776	harbor2	chr9	4774265	4774564	LTR/ERVL-MaLR	941	-	150	4774415	81639
chr9	4692776	4892776	harbor2	chr9	4751222	4751590	LTR/ERVL-MaLR	1137	-	184	4751406	58630
chr9	4886412	5086412	harbor2	chr9	4886834	4886928	LTR/ERVL-MaLR	1082	-	47	4886881	469
chr9	4886412	5086412	harbor2	chr9	4887564	4887920	LTR/ERVL-MaLR	1082	-	178	4887742	1330
chr9	4886412	5086412	harbor2	chr9	4894611	4894998	LTR/ERVL-MaLR	727	-	194	4894805	8393
chr9	4886412	5086412	harbor2	chr9	4922418	4923063	LTR/ERVL-MaLR	1630	-	322	4922740	36328
chr9	4886412	5086412	harbor2	chr9	4980543	4980842	LTR/ERVL-MaLR	493	-	150	4980693	94281
chr9	4884783	5084783	harbor2	chr9	4886834	4886928	LTR/ERVL-MaLR	1082	-	47	4886881	2098
chr9	4884783	5084783	harbor2	chr9	4887564	4887920	LTR/ERVL-MaLR	1082	-	178	4887742	2959
chr9	4884783	5084783	harbor2	chr9	4894611	4894998	LTR/ERVL-MaLR	727	-	194	4894805	10022
chr9	4884783	5084783	harbor2	chr9	4922418	4923063	LTR/ERVL-MaLR	1630	-	322	4922740	37957
chr9	4884783	5084783	harbor2	chr9	4980543	4980842	LTR/ERVL-MaLR	493	-	150	4980693	95910
chr9	32688006	32888006	harbor2	chr9	32700620	32701063	LTR/ERVL-MaLR	573	-	222	32700842	12836
chr9	32688006	32888006	harbor2	chr9	32707966	32708344	LTR/ERVL-MaLR	513	-	189	32708155	20149
chr9	32688006	32888006	harbor2	chr9	32724134	32724629	LTR/ERVL-MaLR	1390	-	248	32724382	36376
chr9	32688006	32888006	harbor2	chr9	32758500	32759008	LTR/ERVL-MaLR	1428	-	254	32758754	70748
chr9	4884822	5084822	harbor2	chr9	4886834	4886928	LTR/ERVL-MaLR	1082	-	47	4886881	2059
chr9	4884822	5084822	harbor2	chr9	4887564	4887920	LTR/ERVL-MaLR	1082	-	178	4887742	2920
chr9	4884822	5084822	harbor2	chr9	4894611	4894998	LTR/ERVL-MaLR	727	-	194	4894805	9983
chr9	4884822	5084822	harbor2	chr9	4922418	4923063	LTR/ERVL-MaLR	1630	-	322	4922740	37918
chr9	4884822	5084822	harbor2	chr9	4980543	4980842	LTR/ERVL-MaLR	493	-	150	4980693	95871
chr9	5892798	6092798	harbor2	chr9	5897862	5898058	LTR/ERVL-MaLR	1920	-	98	5897960	5162
chr9	5892798	6092798	harbor2	chr9	5898335	5898538	LTR/ERVL-MaLR	1920	-	102	5898437	5639
chr9	4692771	4892771	harbor2	chr9	4750728	4751034	LTR/ERVL-MaLR	722	-	153	4750881	58110
chr9	4692771	4892771	harbor2	chr9	4774265	4774564	LTR/ERVL-MaLR	941	-	150	4774415	81644
chr9	4692771	4892771	harbor2	chr9	4751222	4751590	LTR/ERVL-MaLR	1137	-	184	4751406	58635
chr9	4886118	5086118	harbor2	chr9	4886834	4886928	LTR/ERVL-MaLR	1082	-	47	4886881	763
chr9	4886118	5086118	harbor2	chr9	4887564	4887920	LTR/ERVL-MaLR	1082	-	178	4887742	1624
chr9	4886118	5086118	harbor2	chr9	4894611	4894998	LTR/ERVL-MaLR	727	-	194	4894805	8687
chr9	4886118	5086118	harbor2	chr9	4922418	4923063	LTR/ERVL-MaLR	1630	-	322	4922740	36622
chr9	4886118	5086118	harbor2	chr9	4980543	4980842	LTR/ERVL-MaLR	493	-	150	4980693	94575
chr9	4693367	4893367	harbor2	chr9	4750728	4751034	LTR/ERVL-MaLR	722	-	153	4750881	57514
chr9	4693367	4893367	harbor2	chr9	4774265	4774564	LTR/ERVL-MaLR	941	-	150	4774415	81048
chr9	4693367	4893367	harbor2	chr9	4751222	4751590	LTR/ERVL-MaLR	1137	-	184	4751406	58039
chr9	91845860	92045860	harbor2	chr9	91891085	91891248	LTR/ERVL-MaLR	1453	-	82	91891167	45307
chr9	91845860	92045860	harbor2	chr9	91891569	91891765	LTR/ERVL-MaLR	1453	-	98	91891667	45807
chr9	91845860	92045860	harbor2	chr9	91892072	91892320	LTR/ERVL-MaLR	1453	-	124	91892196	46336
chr9	91845860	92045860	harbor2	chr9	91936223	91936607	LTR/ERVL-MaLR	1460	-	192	91936415	90555
chr9	68605578	68805578	harbor2	chr9	68613131	68613702	LTR/ERVL-MaLR	1506	-	286	68613417	7839
chr9	68605578	68805578	harbor2	chr9	68619207	68619489	LTR/ERVL-MaLR	486	-	141	68619348	13770
chr9	68605578	68805578	harbor2	chr9	68634707	68635090	LTR/ERVL-MaLR	1307	-	192	68634899	29321
chr9	68605578	68805578	harbor2	chr9	68666250	68666554	LTR/ERVL-MaLR	1266	-	152	68666402	60824
chr9	68605578	68805578	harbor2	chr9	68666894	68666953	LTR/ERVL-MaLR	1266	-	30	68666924	61346
chr9	68605578	68805578	harbor2	chr9	68702524	68702858	LTR/ERVL-MaLR	723	-	167	68702691	97113
chr9	4884810	5084810	harbor2	chr9	4886834	4886928	LTR/ERVL-MaLR	1082	-	47	4886881	2071
chr9	4884810	5084810	harbor2	chr9	4887564	4887920	LTR/ERVL-MaLR	1082	-	178	4887742	2932
chr9	4884810	5084810	harbor2	chr9	4894611	4894998	LTR/ERVL-MaLR	727	-	194	4894805	9995
chr9	4884810	5084810	harbor2	chr9	4922418	4923063	LTR/ERVL-MaLR	1630	-	322	4922740	37930
chr9	4884810	5084810	harbor2	chr9	4980543	4980842	LTR/ERVL-MaLR	493	-	150	4980693	95883
chr9	4884787	5084787	harbor2	chr9	4886834	4886928	LTR/ERVL-MaLR	1082	-	47	4886881	2094
chr9	4884787	5084787	harbor2	chr9	4887564	4887920	LTR/ERVL-MaLR	1082	-	178	4887742	2955
chr9	4884787	5084787	harbor2	chr9	4894611	4894998	LTR/ERVL-MaLR	727	-	194	4894805	10018
chr9	4884787	5084787	harbor2	chr9	4922418	4923063	LTR/ERVL-MaLR	1630	-	322	4922740	37953
chr9	4884787	5084787	harbor2	chr9	4980543	4980842	LTR/ERVL-MaLR	493	-	150	4980693	95906
chr9	95415629	95615629	harbor2	chr9	95415747	95416334	LTR/ERVL-MaLR	2467	-	294	95416041	412
chr9	95415629	95615629	harbor2	chr9	95435193	95435397	LTR/ERVL-MaLR	565	-	102	95435295	19666
chr9	35836326	36036326	harbor2	chr9	35863544	35863730	LTR/ERVL-MaLR	532	-	93	35863637	27311
chr9	4884811	5084811	harbor2	chr9	4886834	4886928	LTR/ERVL-MaLR	1082	-	47	4886881	2070
chr9	4884811	5084811	harbor2	chr9	4887564	4887920	LTR/ERVL-MaLR	1082	-	178	4887742	2931
chr9	4884811	5084811	harbor2	chr9	4894611	4894998	LTR/ERVL-MaLR	727	-	194	4894805	9994
chr9	4884811	5084811	harbor2	chr9	4922418	4923063	LTR/ERVL-MaLR	1630	-	322	4922740	37929
chr9	4884811	5084811	harbor2	chr9	4980543	4980842	LTR/ERVL-MaLR	493	-	150	4980693	95882
chr9	4884812	5084812	harbor2	chr9	4886834	4886928	LTR/ERVL-MaLR	1082	-	47	4886881	2069
chr9	4884812	5084812	harbor2	chr9	4887564	4887920	LTR/ERVL-MaLR	1082	-	178	4887742	2930
chr9	4884812	5084812	harbor2	chr9	4894611	4894998	LTR/ERVL-MaLR	727	-	194	4894805	9993
chr9	4884812	5084812	harbor2	chr9	4922418	4923063	LTR/ERVL-MaLR	1630	-	322	4922740	37928
chr9	4884812	5084812	harbor2	chr9	4980543	4980842	LTR/ERVL-MaLR	493	-	150	4980693	95881
chr9	4884741	5084741	harbor2	chr9	4886834	4886928	LTR/ERVL-MaLR	1082	-	47	4886881	2140
chr9	4884741	5084741	harbor2	chr9	4887564	4887920	LTR/ERVL-MaLR	1082	-	178	4887742	3001
chr9	4884741	5084741	harbor2	chr9	4894611	4894998	LTR/ERVL-MaLR	727	-	194	4894805	10064
chr9	4884741	5084741	harbor2	chr9	4922418	4923063	LTR/ERVL-MaLR	1630	-	322	4922740	37999
chr9	4884741	5084741	harbor2	chr9	4980543	4980842	LTR/ERVL-MaLR	493	-	150	4980693	95952
chr9	115857318	116057318	harbor2	chr9	115857292	115857393	LTR/ERVL-MaLR	542	-	50	115857342	24
chr9	115857318	116057318	harbor2	chr9	115916965	115917393	LTR/ERVL-MaLR	2545	-	214	115917179	59861
chr9	115857318	116057318	harbor2	chr9	115923030	115923392	LTR/ERVL-MaLR	1669	-	181	115923211	65893
chr9	126307232	126507232	harbor2	chr9	126306848	126307236	LTR/ERVL-MaLR	2286	-	194	126307042	190
chr9	126307232	126507232	harbor2	chr9	126311170	126311211	LTR/ERVL-MaLR	2713	-	20	126311190	3958
chr9	126307232	126507232	harbor2	chr9	126311515	126311914	LTR/ERVL-MaLR	2713	-	200	126311715	4483
chr9	126307232	126507232	harbor2	chr9	126312419	126312780	LTR/ERVL-MaLR	967	-	180	126312599	5367
chr9	126307232	126507232	harbor2	chr9	126344664	126345030	LTR/ERVL-MaLR	1790	-	183	126344847	37615
chr9	126307232	126507232	harbor2	chr9	126350488	126350817	LTR/ERVL-MaLR	1865	-	164	126350652	43420
chr9	126307232	126507232	harbor2	chr9	126393148	126393692	LTR/ERVL-MaLR	642	-	272	126393420	86188
chr9	4884717	5084717	harbor2	chr9	4886834	4886928	LTR/ERVL-MaLR	1082	-	47	4886881	2164
chr9	4884717	5084717	harbor2	chr9	4887564	4887920	LTR/ERVL-MaLR	1082	-	178	4887742	3025
chr9	4884717	5084717	harbor2	chr9	4894611	4894998	LTR/ERVL-MaLR	727	-	194	4894805	10088
chr9	4884717	5084717	harbor2	chr9	4922418	4923063	LTR/ERVL-MaLR	1630	-	322	4922740	38023
chr9	4884717	5084717	harbor2	chr9	4980543	4980842	LTR/ERVL-MaLR	493	-	150	4980693	95976
chr9	4886228	5086228	harbor2	chr9	4886834	4886928	LTR/ERVL-MaLR	1082	-	47	4886881	653
chr9	4886228	5086228	harbor2	chr9	4887564	4887920	LTR/ERVL-MaLR	1082	-	178	4887742	1514
chr9	4886228	5086228	harbor2	chr9	4894611	4894998	LTR/ERVL-MaLR	727	-	194	4894805	8577
chr9	4886228	5086228	harbor2	chr9	4922418	4923063	LTR/ERVL-MaLR	1630	-	322	4922740	36512
chr9	4886228	5086228	harbor2	chr9	4980543	4980842	LTR/ERVL-MaLR	493	-	150	4980693	94465
chr9	4884728	5084728	harbor2	chr9	4886834	4886928	LTR/ERVL-MaLR	1082	-	47	4886881	2153
chr9	4884728	5084728	harbor2	chr9	4887564	4887920	LTR/ERVL-MaLR	1082	-	178	4887742	3014
chr9	4884728	5084728	harbor2	chr9	4894611	4894998	LTR/ERVL-MaLR	727	-	194	4894805	10077
chr9	4884728	5084728	harbor2	chr9	4922418	4923063	LTR/ERVL-MaLR	1630	-	322	4922740	38012
chr9	4884728	5084728	harbor2	chr9	4980543	4980842	LTR/ERVL-MaLR	493	-	150	4980693	95965
chr9	37233585	37433585	harbor2	chr9	37298282	37298382	LTR/ERVL-MaLR	619	-	50	37298332	64747
chr9	4692837	4892837	harbor2	chr9	4750728	4751034	LTR/ERVL-MaLR	722	-	153	4750881	58044
chr9	4692837	4892837	harbor2	chr9	4774265	4774564	LTR/ERVL-MaLR	941	-	150	4774415	81578
chr9	4692837	4892837	harbor2	chr9	4751222	4751590	LTR/ERVL-MaLR	1137	-	184	4751406	58569
chr9	83717793	83917793	harbor2	chr9	83725463	83725872	LTR/ERVL-MaLR	2114	-	204	83725667	7874
chr9	83717793	83917793	harbor2	chr9	83744707	83745058	LTR/ERVL-MaLR	2037	-	176	83744883	27090
chr9	4885225	5085225	harbor2	chr9	4886834	4886928	LTR/ERVL-MaLR	1082	-	47	4886881	1656
chr9	4885225	5085225	harbor2	chr9	4887564	4887920	LTR/ERVL-MaLR	1082	-	178	4887742	2517
chr9	4885225	5085225	harbor2	chr9	4894611	4894998	LTR/ERVL-MaLR	727	-	194	4894805	9580
chr9	4885225	5085225	harbor2	chr9	4922418	4923063	LTR/ERVL-MaLR	1630	-	322	4922740	37515
chr9	4885225	5085225	harbor2	chr9	4980543	4980842	LTR/ERVL-MaLR	493	-	150	4980693	95468
chr9	4698150	4898150	harbor2	chr9	4750728	4751034	LTR/ERVL-MaLR	722	-	153	4750881	52731
chr9	4698150	4898150	harbor2	chr9	4774265	4774564	LTR/ERVL-MaLR	941	-	150	4774415	76265
chr9	4698150	4898150	harbor2	chr9	4751222	4751590	LTR/ERVL-MaLR	1137	-	184	4751406	53256
chr9	4692907	4892907	harbor2	chr9	4750728	4751034	LTR/ERVL-MaLR	722	-	153	4750881	57974
chr9	4692907	4892907	harbor2	chr9	4774265	4774564	LTR/ERVL-MaLR	941	-	150	4774415	81508
chr9	4692907	4892907	harbor2	chr9	4751222	4751590	LTR/ERVL-MaLR	1137	-	184	4751406	58499
chr9	4692711	4892711	harbor2	chr9	4750728	4751034	LTR/ERVL-MaLR	722	-	153	4750881	58170
chr9	4692711	4892711	harbor2	chr9	4774265	4774564	LTR/ERVL-MaLR	941	-	150	4774415	81704
chr9	4692711	4892711	harbor2	chr9	4751222	4751590	LTR/ERVL-MaLR	1137	-	184	4751406	58695
chr9	4884786	5084786	harbor2	chr9	4886834	4886928	LTR/ERVL-MaLR	1082	-	47	4886881	2095
chr9	4884786	5084786	harbor2	chr9	4887564	4887920	LTR/ERVL-MaLR	1082	-	178	4887742	2956
chr9	4884786	5084786	harbor2	chr9	4894611	4894998	LTR/ERVL-MaLR	727	-	194	4894805	10019
chr9	4884786	5084786	harbor2	chr9	4922418	4923063	LTR/ERVL-MaLR	1630	-	322	4922740	37954
chr9	4884786	5084786	harbor2	chr9	4980543	4980842	LTR/ERVL-MaLR	493	-	150	4980693	95907
chr9	4884857	5084857	harbor2	chr9	4886834	4886928	LTR/ERVL-MaLR	1082	-	47	4886881	2024
chr9	4884857	5084857	harbor2	chr9	4887564	4887920	LTR/ERVL-MaLR	1082	-	178	4887742	2885
chr9	4884857	5084857	harbor2	chr9	4894611	4894998	LTR/ERVL-MaLR	727	-	194	4894805	9948
chr9	4884857	5084857	harbor2	chr9	4922418	4923063	LTR/ERVL-MaLR	1630	-	322	4922740	37883
chr9	4884857	5084857	harbor2	chr9	4980543	4980842	LTR/ERVL-MaLR	493	-	150	4980693	95836
chr9	1	129256	harbor2	chr9	34348	34704	LTR/ERVL-MaLR	900	-	178	34526	34525
chr9	1	129256	harbor2	chr9	58737	59002	LTR/ERVL-MaLR	831	-	132	58869	58868
chr9	4692877	4892877	harbor2	chr9	4750728	4751034	LTR/ERVL-MaLR	722	-	153	4750881	58004
chr9	4692877	4892877	harbor2	chr9	4774265	4774564	LTR/ERVL-MaLR	941	-	150	4774415	81538
chr9	4692877	4892877	harbor2	chr9	4751222	4751590	LTR/ERVL-MaLR	1137	-	184	4751406	58529
chr9	113087955	113287955	harbor2	chr9	113096218	113096559	LTR/ERVL-MaLR	1714	-	170	113096388	8433
chr9	113087955	113287955	harbor2	chr9	113101037	113101569	LTR/ERVL-MaLR	1617	-	266	113101303	13348
chr9	113087955	113287955	harbor2	chr9	113117589	113117965	LTR/ERVL-MaLR	1096	-	188	113117777	29822
chr9	113087955	113287955	harbor2	chr9	113126928	113127446	LTR/ERVL-MaLR	716	-	259	113127187	39232
chr9	113087955	113287955	harbor2	chr9	113158402	113158937	LTR/ERVL-MaLR	1626	-	268	113158670	70715
chr9	35657140	35857140	harbor2	chr9	35681313	35681539	LTR/ERVL-MaLR	809	-	113	35681426	24286
chr9	35657140	35857140	harbor2	chr9	35667802	35668042	LTR/ERVL-MaLR	618	-	120	35667922	10782
chr9	4884757	5084757	harbor2	chr9	4886834	4886928	LTR/ERVL-MaLR	1082	-	47	4886881	2124
chr9	4884757	5084757	harbor2	chr9	4887564	4887920	LTR/ERVL-MaLR	1082	-	178	4887742	2985
chr9	4884757	5084757	harbor2	chr9	4894611	4894998	LTR/ERVL-MaLR	727	-	194	4894805	10048
chr9	4884757	5084757	harbor2	chr9	4922418	4923063	LTR/ERVL-MaLR	1630	-	322	4922740	37983
chr9	4884757	5084757	harbor2	chr9	4980543	4980842	LTR/ERVL-MaLR	493	-	150	4980693	95936
chr9	137327951	137527951	harbor2	chr9	137344629	137344804	LTR/ERVL-MaLR	826	-	88	137344717	16766
chr9	137327951	137527951	harbor2	chr9	137346609	137346807	LTR/ERVL-MaLR	670	-	99	137346708	18757
chr9	137327951	137527951	harbor2	chr9	137347112	137347443	LTR/ERVL-MaLR	721	-	166	137347278	19327
chr9	137327951	137527951	harbor2	chr9	137347744	137347858	LTR/ERVL-MaLR	608	-	57	137347801	19850
chr9	137327951	137527951	harbor2	chr9	137399599	137399756	LTR/ERVL-MaLR	2681	-	78	137399677	71726
chr9	137327951	137527951	harbor2	chr9	137400054	137400249	LTR/ERVL-MaLR	2681	-	98	137400152	72201
chr9	137327951	137527951	harbor2	chr9	137400250	137400483	LTR/ERVL-MaLR	11849	-	116	137400366	72415
chr9	137327951	137527951	harbor2	chr9	137400779	137401147	LTR/ERVL-MaLR	11849	-	184	137400963	73012
chr9	137327951	137527951	harbor2	chr9	137401455	137402013	LTR/ERVL-MaLR	11849	-	279	137401734	73783
chr9	137327951	137527951	harbor2	chr9	137402314	137402737	LTR/ERVL-MaLR	11849	-	212	137402526	74575
chr9	137327951	137527951	harbor2	chr9	137402738	137403086	LTR/ERVL-MaLR	2525	-	174	137402912	74961
chr9	137327951	137527951	harbor2	chr9	137404058	137404261	LTR/ERVL-MaLR	915	-	102	137404160	76209
chr9	4693388	4893388	harbor2	chr9	4750728	4751034	LTR/ERVL-MaLR	722	-	153	4750881	57493
chr9	4693388	4893388	harbor2	chr9	4774265	4774564	LTR/ERVL-MaLR	941	-	150	4774415	81027
chr9	4693388	4893388	harbor2	chr9	4751222	4751590	LTR/ERVL-MaLR	1137	-	184	4751406	58018
chr9	4692814	4892814	harbor2	chr9	4750728	4751034	LTR/ERVL-MaLR	722	-	153	4750881	58067
chr9	4692814	4892814	harbor2	chr9	4774265	4774564	LTR/ERVL-MaLR	941	-	150	4774415	81601
chr9	4692814	4892814	harbor2	chr9	4751222	4751590	LTR/ERVL-MaLR	1137	-	184	4751406	58592
chr9	4886219	5086219	harbor2	chr9	4886834	4886928	LTR/ERVL-MaLR	1082	-	47	4886881	662
chr9	4886219	5086219	harbor2	chr9	4887564	4887920	LTR/ERVL-MaLR	1082	-	178	4887742	1523
chr9	4886219	5086219	harbor2	chr9	4894611	4894998	LTR/ERVL-MaLR	727	-	194	4894805	8586
chr9	4886219	5086219	harbor2	chr9	4922418	4923063	LTR/ERVL-MaLR	1630	-	322	4922740	36521
chr9	4886219	5086219	harbor2	chr9	4980543	4980842	LTR/ERVL-MaLR	493	-	150	4980693	94474
chr9	4692878	4892878	harbor2	chr9	4750728	4751034	LTR/ERVL-MaLR	722	-	153	4750881	58003
chr9	4692878	4892878	harbor2	chr9	4774265	4774564	LTR/ERVL-MaLR	941	-	150	4774415	81537
chr9	4692878	4892878	harbor2	chr9	4751222	4751590	LTR/ERVL-MaLR	1137	-	184	4751406	58528
chr9	4884862	5084862	harbor2	chr9	4886834	4886928	LTR/ERVL-MaLR	1082	-	47	4886881	2019
chr9	4884862	5084862	harbor2	chr9	4887564	4887920	LTR/ERVL-MaLR	1082	-	178	4887742	2880
chr9	4884862	5084862	harbor2	chr9	4894611	4894998	LTR/ERVL-MaLR	727	-	194	4894805	9943
chr9	4884862	5084862	harbor2	chr9	4922418	4923063	LTR/ERVL-MaLR	1630	-	322	4922740	37878
chr9	4884862	5084862	harbor2	chr9	4980543	4980842	LTR/ERVL-MaLR	493	-	150	4980693	95831
chr9	4768126	4968126	harbor2	chr9	4774265	4774564	LTR/ERVL-MaLR	941	-	150	4774415	6289
chr9	4768126	4968126	harbor2	chr9	4821436	4821649	LTR/ERVL-MaLR	1022	-	106	4821542	53416
chr9	4768126	4968126	harbor2	chr9	4821778	4821972	LTR/ERVL-MaLR	822	-	97	4821875	53749
chr9	4768126	4968126	harbor2	chr9	4861773	4862272	LTR/ERVL-MaLR	1656	-	250	4862023	93897
chr9	4768126	4968126	harbor2	chr9	4867596	4867764	LTR/ERVL-MaLR	592	-	84	4867680	99554
chr9	134238720	134438720	harbor2	chr9	134269367	134269541	LTR/ERVL-MaLR	567	-	87	134269454	30734
chr9	134238720	134438720	harbor2	chr9	134269563	134269919	LTR/ERVL-MaLR	616	-	178	134269741	31021
chr9	134238720	134438720	harbor2	chr9	134296215	134296384	LTR/ERVL-MaLR	609	-	84	134296299	57579
chr9	134238720	134438720	harbor2	chr9	134299772	134300293	LTR/ERVL-MaLR	2611	-	260	134300032	61312
chr9	4692777	4892777	harbor2	chr9	4750728	4751034	LTR/ERVL-MaLR	722	-	153	4750881	58104
chr9	4692777	4892777	harbor2	chr9	4774265	4774564	LTR/ERVL-MaLR	941	-	150	4774415	81638
chr9	4692777	4892777	harbor2	chr9	4751222	4751590	LTR/ERVL-MaLR	1137	-	184	4751406	58629
chr9	4885989	5085989	harbor2	chr9	4886834	4886928	LTR/ERVL-MaLR	1082	-	47	4886881	892
chr9	4885989	5085989	harbor2	chr9	4887564	4887920	LTR/ERVL-MaLR	1082	-	178	4887742	1753
chr9	4885989	5085989	harbor2	chr9	4894611	4894998	LTR/ERVL-MaLR	727	-	194	4894805	8816
chr9	4885989	5085989	harbor2	chr9	4922418	4923063	LTR/ERVL-MaLR	1630	-	322	4922740	36751
chr9	4885989	5085989	harbor2	chr9	4980543	4980842	LTR/ERVL-MaLR	493	-	150	4980693	94704
chr9	124254555	124454555	harbor2	chr9	124282057	124282438	LTR/ERVL-MaLR	912	-	190	124282247	27692
chr9	124254555	124454555	harbor2	chr9	124343869	124344341	LTR/ERVL-MaLR	1100	-	236	124344105	89550
chr9	4990107	5190107	harbor2	chr9	4991945	4992489	LTR/ERVL-MaLR	1756	-	272	4992217	2110
chr9	4990107	5190107	harbor2	chr9	4992508	4993663	LTR/ERVL-MaLR	1874	-	578	4993086	2979
chr9	4990107	5190107	harbor2	chr9	4997235	4997649	LTR/ERVL-MaLR	2438	-	207	4997442	7335
chr9	4990107	5190107	harbor2	chr9	5006448	5006828	LTR/ERVL-MaLR	1843	-	190	5006638	16531
chr9	4990107	5190107	harbor2	chr9	5058208	5058564	LTR/ERVL-MaLR	1828	-	178	5058386	68279
chr9	4990107	5190107	harbor2	chr9	5087118	5087474	LTR/ERVL-MaLR	2177	-	178	5087296	97189
chr9	4990107	5190107	harbor2	chr9	5088589	5088966	LTR/ERVL-MaLR	1526	-	188	5088777	98670
chr9	4692867	4892867	harbor2	chr9	4750728	4751034	LTR/ERVL-MaLR	722	-	153	4750881	58014
chr9	4692867	4892867	harbor2	chr9	4774265	4774564	LTR/ERVL-MaLR	941	-	150	4774415	81548
chr9	4692867	4892867	harbor2	chr9	4751222	4751590	LTR/ERVL-MaLR	1137	-	184	4751406	58539
chr9	113066015	113266015	harbor2	chr9	113096218	113096559	LTR/ERVL-MaLR	1714	-	170	113096388	30373
chr9	113066015	113266015	harbor2	chr9	113101037	113101569	LTR/ERVL-MaLR	1617	-	266	113101303	35288
chr9	113066015	113266015	harbor2	chr9	113117589	113117965	LTR/ERVL-MaLR	1096	-	188	113117777	51762
chr9	113066015	113266015	harbor2	chr9	113126928	113127446	LTR/ERVL-MaLR	716	-	259	113127187	61172
chr9	113066015	113266015	harbor2	chr9	113158402	113158937	LTR/ERVL-MaLR	1626	-	268	113158670	92655
chr9	4692785	4892785	harbor2	chr9	4750728	4751034	LTR/ERVL-MaLR	722	-	153	4750881	58096
chr9	4692785	4892785	harbor2	chr9	4774265	4774564	LTR/ERVL-MaLR	941	-	150	4774415	81630
chr9	4692785	4892785	harbor2	chr9	4751222	4751590	LTR/ERVL-MaLR	1137	-	184	4751406	58621
chr9	132707943	132907943	harbor2	chr9	132720816	132721011	LTR/ERVL-MaLR	1319	-	98	132720914	12971
chr9	132707943	132907943	harbor2	chr9	132771793	132772149	LTR/ERVL-MaLR	2548	-	178	132771971	64028
chr9	132707943	132907943	harbor2	chr9	132788249	132788463	LTR/ERVL-MaLR	516	-	107	132788356	80413
chr9	132707943	132907943	harbor2	chr9	132789647	132790007	LTR/ERVL-MaLR	938	-	180	132789827	81884
chr9	132707943	132907943	harbor2	chr9	132791054	132791423	LTR/ERVL-MaLR	2346	-	184	132791238	83295
chr9	132707943	132907943	harbor2	chr9	132793071	132793382	LTR/ERVL-MaLR	1620	-	156	132793227	85284
chr9	132707943	132907943	harbor2	chr9	132802932	132803280	LTR/ERVL-MaLR	2678	-	174	132803106	95163
chr9	137215057	137415057	harbor2	chr9	137268237	137268303	LTR/ERVL-MaLR	630	-	33	137268270	53213
chr9	137215057	137415057	harbor2	chr9	137268599	137268728	LTR/ERVL-MaLR	630	-	64	137268663	53606
chr9	137215057	137415057	harbor2	chr9	137283633	137283705	LTR/ERVL-MaLR	489	-	36	137283669	68612
chr9	137215057	137415057	harbor2	chr9	137284013	137284084	LTR/ERVL-MaLR	489	-	36	137284049	68992
chr9	137214578	137414578	harbor2	chr9	137268237	137268303	LTR/ERVL-MaLR	630	-	33	137268270	53692
chr9	137214578	137414578	harbor2	chr9	137268599	137268728	LTR/ERVL-MaLR	630	-	64	137268663	54085
chr9	137214578	137414578	harbor2	chr9	137283633	137283705	LTR/ERVL-MaLR	489	-	36	137283669	69091
chr9	137214578	137414578	harbor2	chr9	137284013	137284084	LTR/ERVL-MaLR	489	-	36	137284049	69471
chr9	35657135	35857135	harbor2	chr9	35681313	35681539	LTR/ERVL-MaLR	809	-	113	35681426	24291
chr9	35657135	35857135	harbor2	chr9	35667802	35668042	LTR/ERVL-MaLR	618	-	120	35667922	10787
chr9	6956424	7156424	harbor2	chr9	6978562	6978835	LTR/ERVL-MaLR	1417	-	136	6978698	22274
chr9	35657145	35857145	harbor2	chr9	35681313	35681539	LTR/ERVL-MaLR	809	-	113	35681426	24281
chr9	35657145	35857145	harbor2	chr9	35667802	35668042	LTR/ERVL-MaLR	618	-	120	35667922	10777
chr9	4884744	5084744	harbor2	chr9	4886834	4886928	LTR/ERVL-MaLR	1082	-	47	4886881	2137
chr9	4884744	5084744	harbor2	chr9	4887564	4887920	LTR/ERVL-MaLR	1082	-	178	4887742	2998
chr9	4884744	5084744	harbor2	chr9	4894611	4894998	LTR/ERVL-MaLR	727	-	194	4894805	10061
chr9	4884744	5084744	harbor2	chr9	4922418	4923063	LTR/ERVL-MaLR	1630	-	322	4922740	37996
chr9	4884744	5084744	harbor2	chr9	4980543	4980842	LTR/ERVL-MaLR	493	-	150	4980693	95949
chr9	89263404	89463404	harbor2	chr9	89274977	89275334	LTR/ERVL-MaLR	2187	-	178	89275155	11751
chr9	89263404	89463404	harbor2	chr9	89276863	89277220	LTR/ERVL-MaLR	2121	-	178	89277041	13637
chr9	89263404	89463404	harbor2	chr9	89290365	89290744	LTR/ERVL-MaLR	1552	-	190	89290555	27151
chr9	89263404	89463404	harbor2	chr9	89304629	89304845	LTR/ERVL-MaLR	669	-	108	89304737	41333
chr9	89263404	89463404	harbor2	chr9	89305978	89306332	LTR/ERVL-MaLR	1142	-	177	89306155	42751
chr9	89263404	89463404	harbor2	chr9	89306699	89306728	LTR/ERVL-MaLR	1142	-	14	89306713	43309
chr9	89263404	89463404	harbor2	chr9	89275335	89276862	LTR/ERVL-MaLR	11275	-	764	89276099	12695
chr9	5032863	5232863	harbor2	chr9	5058208	5058564	LTR/ERVL-MaLR	1828	-	178	5058386	25523
chr9	5032863	5232863	harbor2	chr9	5087118	5087474	LTR/ERVL-MaLR	2177	-	178	5087296	54433
chr9	5032863	5232863	harbor2	chr9	5088589	5088966	LTR/ERVL-MaLR	1526	-	188	5088777	55914
chr9	5032863	5232863	harbor2	chr9	5119982	5120355	LTR/ERVL-MaLR	2157	-	186	5120168	87305
chr9	93152471	93352471	harbor2	chr9	93156704	93157203	LTR/ERVL-MaLR	2046	-	250	93156954	4483
chr9	136878539	137078539	harbor2	chr9	136906261	136906619	LTR/ERVL-MaLR	2552	-	179	136906440	27901
chr9	137214986	137414986	harbor2	chr9	137268237	137268303	LTR/ERVL-MaLR	630	-	33	137268270	53284
chr9	137214986	137414986	harbor2	chr9	137268599	137268728	LTR/ERVL-MaLR	630	-	64	137268663	53677
chr9	137214986	137414986	harbor2	chr9	137283633	137283705	LTR/ERVL-MaLR	489	-	36	137283669	68683
chr9	137214986	137414986	harbor2	chr9	137284013	137284084	LTR/ERVL-MaLR	489	-	36	137284049	69063
chr9	134036117	134236117	harbor2	chr9	134093827	134094218	LTR/ERVL-MaLR	2174	-	196	134094023	57906
chr9	134036117	134236117	harbor2	chr9	134121362	134121750	LTR/ERVL-MaLR	1937	-	194	134121556	85439
chr9	134581107	134781107	harbor2	chr9	134604854	134605088	LTR/ERVL-MaLR	1442	-	117	134604971	23864
chr9	134581107	134781107	harbor2	chr9	134605383	134606612	LTR/ERVL-MaLR	4214	-	614	134605997	24890
chr9	134581107	134781107	harbor2	chr9	134628420	134628846	LTR/ERVL-MaLR	810	-	213	134628633	47526
chr9	134581107	134781107	harbor2	chr9	134630153	134630497	LTR/ERVL-MaLR	646	-	172	134630325	49218
chr9	134581107	134781107	harbor2	chr9	134675533	134676028	LTR/ERVL-MaLR	1189	-	248	134675781	94674
chr9	97885753	98085753	harbor2	chr9	97889560	97889890	LTR/ERVL-MaLR	1475	-	165	97889725	3972
chr9	97885753	98085753	harbor2	chr9	97975011	97975415	LTR/ERVL-MaLR	1787	-	202	97975213	89460
chr9	133637396	133837396	harbor2	chr9	133671971	133672415	LTR/ERVL-MaLR	1021	-	222	133672193	34797
chr9	133637396	133837396	harbor2	chr9	133720482	133720841	LTR/ERVL-MaLR	2537	-	180	133720662	83266
chr9	4698109	4898109	harbor2	chr9	4750728	4751034	LTR/ERVL-MaLR	722	-	153	4750881	52772
chr9	4698109	4898109	harbor2	chr9	4774265	4774564	LTR/ERVL-MaLR	941	-	150	4774415	76306
chr9	4698109	4898109	harbor2	chr9	4751222	4751590	LTR/ERVL-MaLR	1137	-	184	4751406	53297
chr9	83717736	83917736	harbor2	chr9	83725463	83725872	LTR/ERVL-MaLR	2114	-	204	83725667	7931
chr9	83717736	83917736	harbor2	chr9	83744707	83745058	LTR/ERVL-MaLR	2037	-	176	83744883	27147
chr9	4885834	5085834	harbor2	chr9	4886834	4886928	LTR/ERVL-MaLR	1082	-	47	4886881	1047
chr9	4885834	5085834	harbor2	chr9	4887564	4887920	LTR/ERVL-MaLR	1082	-	178	4887742	1908
chr9	4885834	5085834	harbor2	chr9	4894611	4894998	LTR/ERVL-MaLR	727	-	194	4894805	8971
chr9	4885834	5085834	harbor2	chr9	4922418	4923063	LTR/ERVL-MaLR	1630	-	322	4922740	36906
chr9	4885834	5085834	harbor2	chr9	4980543	4980842	LTR/ERVL-MaLR	493	-	150	4980693	94859
chr9	4698056	4898056	harbor2	chr9	4750728	4751034	LTR/ERVL-MaLR	722	-	153	4750881	52825
chr9	4698056	4898056	harbor2	chr9	4774265	4774564	LTR/ERVL-MaLR	941	-	150	4774415	76359
chr9	4698056	4898056	harbor2	chr9	4751222	4751590	LTR/ERVL-MaLR	1137	-	184	4751406	53350
chr9	137735453	137935453	harbor2	chr9	137778740	137779142	LTR/ERVL-MaLR	2351	-	201	137778941	43488
chr9	137735453	137935453	harbor2	chr9	137784025	137784193	LTR/ERVL-MaLR	822	-	84	137784109	48656
chr9	137735453	137935453	harbor2	chr9	137803904	137804245	LTR/ERVL-MaLR	1651	-	170	137804074	68621
chr9	137735453	137935453	harbor2	chr9	137826481	137826647	LTR/ERVL-MaLR	583	-	83	137826564	91111
chr9	137735453	137935453	harbor2	chr9	137830881	137831215	LTR/ERVL-MaLR	1566	-	167	137831048	95595
chr9	94066300	94266300	harbor2	chr9	94135303	94135769	LTR/ERVL-MaLR	1278	-	233	94135536	69236
chr9	94066300	94266300	harbor2	chr9	94156105	94156548	LTR/ERVL-MaLR	496	-	222	94156327	90027
chr9	68655476	68855476	harbor2	chr9	68666250	68666554	LTR/ERVL-MaLR	1266	-	152	68666402	10926
chr9	68655476	68855476	harbor2	chr9	68666894	68666953	LTR/ERVL-MaLR	1266	-	30	68666924	11448
chr9	68655476	68855476	harbor2	chr9	68702524	68702858	LTR/ERVL-MaLR	723	-	167	68702691	47215
chr9	68655476	68855476	harbor2	chr9	68717418	68717736	LTR/ERVL-MaLR	1251	-	159	68717577	62101
chr9	68655476	68855476	harbor2	chr9	68728149	68728532	LTR/ERVL-MaLR	1939	-	192	68728341	72865
chr9	68655476	68855476	harbor2	chr9	68736450	68736916	LTR/ERVL-MaLR	2387	-	233	68736683	81207
chr9	4884821	5084821	harbor2	chr9	4886834	4886928	LTR/ERVL-MaLR	1082	-	47	4886881	2060
chr9	4884821	5084821	harbor2	chr9	4887564	4887920	LTR/ERVL-MaLR	1082	-	178	4887742	2921
chr9	4884821	5084821	harbor2	chr9	4894611	4894998	LTR/ERVL-MaLR	727	-	194	4894805	9984
chr9	4884821	5084821	harbor2	chr9	4922418	4923063	LTR/ERVL-MaLR	1630	-	322	4922740	37919
chr9	4884821	5084821	harbor2	chr9	4980543	4980842	LTR/ERVL-MaLR	493	-	150	4980693	95872
chr9	4693327	4893327	harbor2	chr9	4750728	4751034	LTR/ERVL-MaLR	722	-	153	4750881	57554
chr9	4693327	4893327	harbor2	chr9	4774265	4774564	LTR/ERVL-MaLR	941	-	150	4774415	81088
chr9	4693327	4893327	harbor2	chr9	4751222	4751590	LTR/ERVL-MaLR	1137	-	184	4751406	58079
chr9	137221156	137421156	harbor2	chr9	137268237	137268303	LTR/ERVL-MaLR	630	-	33	137268270	47114
chr9	137221156	137421156	harbor2	chr9	137268599	137268728	LTR/ERVL-MaLR	630	-	64	137268663	47507
chr9	137221156	137421156	harbor2	chr9	137283633	137283705	LTR/ERVL-MaLR	489	-	36	137283669	62513
chr9	137221156	137421156	harbor2	chr9	137284013	137284084	LTR/ERVL-MaLR	489	-	36	137284049	62893
chr9	137215890	137415890	harbor2	chr9	137268237	137268303	LTR/ERVL-MaLR	630	-	33	137268270	52380
chr9	137215890	137415890	harbor2	chr9	137268599	137268728	LTR/ERVL-MaLR	630	-	64	137268663	52773
chr9	137215890	137415890	harbor2	chr9	137283633	137283705	LTR/ERVL-MaLR	489	-	36	137283669	67779
chr9	137215890	137415890	harbor2	chr9	137284013	137284084	LTR/ERVL-MaLR	489	-	36	137284049	68159
chr9	133016592	133216592	harbor2	chr9	133023773	133024103	LTR/ERVL-MaLR	1516	-	165	133023938	7346
chr9	133016592	133216592	harbor2	chr9	133026382	133026736	LTR/ERVL-MaLR	1491	-	177	133026559	9967
chr9	4991439	5191439	harbor2	chr9	4991945	4992489	LTR/ERVL-MaLR	1756	-	272	4992217	778
chr9	4991439	5191439	harbor2	chr9	4992508	4993663	LTR/ERVL-MaLR	1874	-	578	4993086	1647
chr9	4991439	5191439	harbor2	chr9	4997235	4997649	LTR/ERVL-MaLR	2438	-	207	4997442	6003
chr9	4991439	5191439	harbor2	chr9	5006448	5006828	LTR/ERVL-MaLR	1843	-	190	5006638	15199
chr9	4991439	5191439	harbor2	chr9	5058208	5058564	LTR/ERVL-MaLR	1828	-	178	5058386	66947
chr9	4991439	5191439	harbor2	chr9	5087118	5087474	LTR/ERVL-MaLR	2177	-	178	5087296	95857
chr9	4991439	5191439	harbor2	chr9	5088589	5088966	LTR/ERVL-MaLR	1526	-	188	5088777	97338
chr9	112387609	112587609	harbor2	chr9	112400624	112401028	LTR/ERVL-MaLR	1556	-	202	112400826	13217
chr9	112387609	112587609	harbor2	chr9	112467548	112467708	LTR/ERVL-MaLR	814	-	80	112467628	80019
chr9	4884854	5084854	harbor2	chr9	4886834	4886928	LTR/ERVL-MaLR	1082	-	47	4886881	2027
chr9	4884854	5084854	harbor2	chr9	4887564	4887920	LTR/ERVL-MaLR	1082	-	178	4887742	2888
chr9	4884854	5084854	harbor2	chr9	4894611	4894998	LTR/ERVL-MaLR	727	-	194	4894805	9951
chr9	4884854	5084854	harbor2	chr9	4922418	4923063	LTR/ERVL-MaLR	1630	-	322	4922740	37886
chr9	4884854	5084854	harbor2	chr9	4980543	4980842	LTR/ERVL-MaLR	493	-	150	4980693	95839
chr9	4884876	5084876	harbor2	chr9	4886834	4886928	LTR/ERVL-MaLR	1082	-	47	4886881	2005
chr9	4884876	5084876	harbor2	chr9	4887564	4887920	LTR/ERVL-MaLR	1082	-	178	4887742	2866
chr9	4884876	5084876	harbor2	chr9	4894611	4894998	LTR/ERVL-MaLR	727	-	194	4894805	9929
chr9	4884876	5084876	harbor2	chr9	4922418	4923063	LTR/ERVL-MaLR	1630	-	322	4922740	37864
chr9	4884876	5084876	harbor2	chr9	4980543	4980842	LTR/ERVL-MaLR	493	-	150	4980693	95817
chr9	4884809	5084809	harbor2	chr9	4886834	4886928	LTR/ERVL-MaLR	1082	-	47	4886881	2072
chr9	4884809	5084809	harbor2	chr9	4887564	4887920	LTR/ERVL-MaLR	1082	-	178	4887742	2933
chr9	4884809	5084809	harbor2	chr9	4894611	4894998	LTR/ERVL-MaLR	727	-	194	4894805	9996
chr9	4884809	5084809	harbor2	chr9	4922418	4923063	LTR/ERVL-MaLR	1630	-	322	4922740	37931
chr9	4884809	5084809	harbor2	chr9	4980543	4980842	LTR/ERVL-MaLR	493	-	150	4980693	95884
chr9	125647137	125847137	harbor2	chr9	125734895	125735283	LTR/ERVL-MaLR	2601	-	194	125735089	87952
chr9	125647137	125847137	harbor2	chr9	125738780	125739071	LTR/ERVL-MaLR	678	-	146	125738926	91789
chr9	4886126	5086126	harbor2	chr9	4886834	4886928	LTR/ERVL-MaLR	1082	-	47	4886881	755
chr9	4886126	5086126	harbor2	chr9	4887564	4887920	LTR/ERVL-MaLR	1082	-	178	4887742	1616
chr9	4886126	5086126	harbor2	chr9	4894611	4894998	LTR/ERVL-MaLR	727	-	194	4894805	8679
chr9	4886126	5086126	harbor2	chr9	4922418	4923063	LTR/ERVL-MaLR	1630	-	322	4922740	36614
chr9	4886126	5086126	harbor2	chr9	4980543	4980842	LTR/ERVL-MaLR	493	-	150	4980693	94567
chr9	128319396	128519396	harbor2	chr9	128358799	128359111	LTR/ERVL-MaLR	872	-	156	128358955	39559
chr9	128319396	128519396	harbor2	chr9	128418026	128418204	LTR/ERVL-MaLR	1423	-	89	128418115	98719
chr9	128319396	128519396	harbor2	chr9	128418498	128418584	LTR/ERVL-MaLR	1423	-	43	128418541	99145
chr9	128319396	128519396	harbor2	chr9	128418893	128418980	LTR/ERVL-MaLR	1423	-	44	128418937	99541
chr9	128319396	128519396	harbor2	chr9	128417747	128417819	LTR/ERVL-MaLR	1423	-	36	128417783	98387
chr9	88952836	89152836	harbor2	chr9	88954400	88954689	LTR/ERVL-MaLR	1037	-	144	88954544	1708
chr9	6658753	6858753	harbor2	chr9	6672533	6672705	LTR/ERVL-MaLR	1410	-	86	6672619	13866
chr9	6658753	6858753	harbor2	chr9	6673003	6673137	LTR/ERVL-MaLR	1410	-	67	6673070	14317
chr9	6658753	6858753	harbor2	chr9	6724835	6725156	LTR/ERVL-MaLR	1409	-	160	6724995	66242
chr9	6658753	6858753	harbor2	chr9	6750755	6751163	LTR/ERVL-MaLR	909	-	204	6750959	92206
chr9	6658753	6858753	harbor2	chr9	6751450	6751586	LTR/ERVL-MaLR	909	-	68	6751518	92765
chr9	6658753	6858753	harbor2	chr9	6753573	6753792	LTR/ERVL-MaLR	731	-	110	6753683	94930
chr9	137205986	137405986	harbor2	chr9	137268237	137268303	LTR/ERVL-MaLR	630	-	33	137268270	62284
chr9	137205986	137405986	harbor2	chr9	137268599	137268728	LTR/ERVL-MaLR	630	-	64	137268663	62677
chr9	137205986	137405986	harbor2	chr9	137283633	137283705	LTR/ERVL-MaLR	489	-	36	137283669	77683
chr9	137205986	137405986	harbor2	chr9	137284013	137284084	LTR/ERVL-MaLR	489	-	36	137284049	78063
chr9	89263414	89463414	harbor2	chr9	89274977	89275334	LTR/ERVL-MaLR	2187	-	178	89275155	11741
chr9	89263414	89463414	harbor2	chr9	89276863	89277220	LTR/ERVL-MaLR	2121	-	178	89277041	13627
chr9	89263414	89463414	harbor2	chr9	89290365	89290744	LTR/ERVL-MaLR	1552	-	190	89290555	27141
chr9	89263414	89463414	harbor2	chr9	89304629	89304845	LTR/ERVL-MaLR	669	-	108	89304737	41323
chr9	89263414	89463414	harbor2	chr9	89305978	89306332	LTR/ERVL-MaLR	1142	-	177	89306155	42741
chr9	89263414	89463414	harbor2	chr9	89306699	89306728	LTR/ERVL-MaLR	1142	-	14	89306713	43299
chr9	89263414	89463414	harbor2	chr9	89275335	89276862	LTR/ERVL-MaLR	11275	-	764	89276099	12685
chr9	35657122	35857122	harbor2	chr9	35681313	35681539	LTR/ERVL-MaLR	809	-	113	35681426	24304
chr9	35657122	35857122	harbor2	chr9	35667802	35668042	LTR/ERVL-MaLR	618	-	120	35667922	10800
chr9	4692732	4892732	harbor2	chr9	4750728	4751034	LTR/ERVL-MaLR	722	-	153	4750881	58149
chr9	4692732	4892732	harbor2	chr9	4774265	4774564	LTR/ERVL-MaLR	941	-	150	4774415	81683
chr9	4692732	4892732	harbor2	chr9	4751222	4751590	LTR/ERVL-MaLR	1137	-	184	4751406	58674
chr9	4885722	5085722	harbor2	chr9	4886834	4886928	LTR/ERVL-MaLR	1082	-	47	4886881	1159
chr9	4885722	5085722	harbor2	chr9	4887564	4887920	LTR/ERVL-MaLR	1082	-	178	4887742	2020
chr9	4885722	5085722	harbor2	chr9	4894611	4894998	LTR/ERVL-MaLR	727	-	194	4894805	9083
chr9	4885722	5085722	harbor2	chr9	4922418	4923063	LTR/ERVL-MaLR	1630	-	322	4922740	37018
chr9	4885722	5085722	harbor2	chr9	4980543	4980842	LTR/ERVL-MaLR	493	-	150	4980693	94971
chr9	4729056	4929056	harbor2	chr9	4750728	4751034	LTR/ERVL-MaLR	722	-	153	4750881	21825
chr9	4729056	4929056	harbor2	chr9	4774265	4774564	LTR/ERVL-MaLR	941	-	150	4774415	45359
chr9	4729056	4929056	harbor2	chr9	4821436	4821649	LTR/ERVL-MaLR	1022	-	106	4821542	92486
chr9	4729056	4929056	harbor2	chr9	4821778	4821972	LTR/ERVL-MaLR	822	-	97	4821875	92819
chr9	4729056	4929056	harbor2	chr9	4751222	4751590	LTR/ERVL-MaLR	1137	-	184	4751406	22350
chr9	4692766	4892766	harbor2	chr9	4750728	4751034	LTR/ERVL-MaLR	722	-	153	4750881	58115
chr9	4692766	4892766	harbor2	chr9	4774265	4774564	LTR/ERVL-MaLR	941	-	150	4774415	81649
chr9	4692766	4892766	harbor2	chr9	4751222	4751590	LTR/ERVL-MaLR	1137	-	184	4751406	58640
chr9	4885228	5085228	harbor2	chr9	4886834	4886928	LTR/ERVL-MaLR	1082	-	47	4886881	1653
chr9	4885228	5085228	harbor2	chr9	4887564	4887920	LTR/ERVL-MaLR	1082	-	178	4887742	2514
chr9	4885228	5085228	harbor2	chr9	4894611	4894998	LTR/ERVL-MaLR	727	-	194	4894805	9577
chr9	4885228	5085228	harbor2	chr9	4922418	4923063	LTR/ERVL-MaLR	1630	-	322	4922740	37512
chr9	4885228	5085228	harbor2	chr9	4980543	4980842	LTR/ERVL-MaLR	493	-	150	4980693	95465
chr9	4889537	5089537	harbor2	chr9	4894611	4894998	LTR/ERVL-MaLR	727	-	194	4894805	5268
chr9	4889537	5089537	harbor2	chr9	4922418	4923063	LTR/ERVL-MaLR	1630	-	322	4922740	33203
chr9	4889537	5089537	harbor2	chr9	4980543	4980842	LTR/ERVL-MaLR	493	-	150	4980693	91156
chr9	134036890	134236890	harbor2	chr9	134093827	134094218	LTR/ERVL-MaLR	2174	-	196	134094023	57133
chr9	134036890	134236890	harbor2	chr9	134121362	134121750	LTR/ERVL-MaLR	1937	-	194	134121556	84666
chr9	4885594	5085594	harbor2	chr9	4886834	4886928	LTR/ERVL-MaLR	1082	-	47	4886881	1287
chr9	4885594	5085594	harbor2	chr9	4887564	4887920	LTR/ERVL-MaLR	1082	-	178	4887742	2148
chr9	4885594	5085594	harbor2	chr9	4894611	4894998	LTR/ERVL-MaLR	727	-	194	4894805	9211
chr9	4885594	5085594	harbor2	chr9	4922418	4923063	LTR/ERVL-MaLR	1630	-	322	4922740	37146
chr9	4885594	5085594	harbor2	chr9	4980543	4980842	LTR/ERVL-MaLR	493	-	150	4980693	95099
chr9	4692826	4892826	harbor2	chr9	4750728	4751034	LTR/ERVL-MaLR	722	-	153	4750881	58055
chr9	4692826	4892826	harbor2	chr9	4774265	4774564	LTR/ERVL-MaLR	941	-	150	4774415	81589
chr9	4692826	4892826	harbor2	chr9	4751222	4751590	LTR/ERVL-MaLR	1137	-	184	4751406	58580
chr9	6313278	6513278	harbor2	chr9	6313108	6313483	LTR/ERVL-MaLR	2004	-	188	6313296	18
chr9	6313278	6513278	harbor2	chr9	6323244	6323626	LTR/ERVL-MaLR	2044	-	191	6323435	10157
chr9	137220723	137420723	harbor2	chr9	137268237	137268303	LTR/ERVL-MaLR	630	-	33	137268270	47547
chr9	137220723	137420723	harbor2	chr9	137268599	137268728	LTR/ERVL-MaLR	630	-	64	137268663	47940
chr9	137220723	137420723	harbor2	chr9	137283633	137283705	LTR/ERVL-MaLR	489	-	36	137283669	62946
chr9	137220723	137420723	harbor2	chr9	137284013	137284084	LTR/ERVL-MaLR	489	-	36	137284049	63326
chr9	137214559	137414559	harbor2	chr9	137268237	137268303	LTR/ERVL-MaLR	630	-	33	137268270	53711
chr9	137214559	137414559	harbor2	chr9	137268599	137268728	LTR/ERVL-MaLR	630	-	64	137268663	54104
chr9	137214559	137414559	harbor2	chr9	137283633	137283705	LTR/ERVL-MaLR	489	-	36	137283669	69110
chr9	137214559	137414559	harbor2	chr9	137284013	137284084	LTR/ERVL-MaLR	489	-	36	137284049	69490
chr9	128003758	128203758	harbor2	chr9	128011895	128012269	LTR/ERVL-MaLR	1206	-	187	128012082	8324
chr9	128003758	128203758	harbor2	chr9	128024910	128025049	LTR/ERVL-MaLR	885	-	70	128024980	21222
chr9	128003758	128203758	harbor2	chr9	128024313	128024620	LTR/ERVL-MaLR	917	-	154	128024467	20709
chr9	136558034	136758034	harbor2	chr9	136615319	136615641	LTR/ERVL-MaLR	919	-	161	136615480	57446
chr9	19131608	19331608	harbor2	chr9	19193607	19194068	LTR/ERVL-MaLR	3553	-	230	19193837	62229
chr9	19131608	19331608	harbor2	chr9	19194069	19194430	LTR/ERVL-MaLR	2193	-	180	19194249	62641
chr9	19131608	19331608	harbor2	chr9	19219288	19219718	LTR/ERVL-MaLR	1713	-	215	19219503	87895
chr9	19131608	19331608	harbor2	chr9	19225357	19225836	LTR/ERVL-MaLR	1612	-	240	19225597	93989
chr9	137217873	137417873	harbor2	chr9	137268237	137268303	LTR/ERVL-MaLR	630	-	33	137268270	50397
chr9	137217873	137417873	harbor2	chr9	137268599	137268728	LTR/ERVL-MaLR	630	-	64	137268663	50790
chr9	137217873	137417873	harbor2	chr9	137283633	137283705	LTR/ERVL-MaLR	489	-	36	137283669	65796
chr9	137217873	137417873	harbor2	chr9	137284013	137284084	LTR/ERVL-MaLR	489	-	36	137284049	66176
chr9	115443159	115643159	harbor2	chr9	115509278	115509634	LTR/ERVL-MaLR	829	-	178	115509456	66297
chr9	115443159	115643159	harbor2	chr9	115512089	115512415	LTR/ERVL-MaLR	1486	-	163	115512252	69093
chr9	115443159	115643159	harbor2	chr9	115530253	115530637	LTR/ERVL-MaLR	652	-	192	115530445	87286
chr9	35657132	35857132	harbor2	chr9	35681313	35681539	LTR/ERVL-MaLR	809	-	113	35681426	24294
chr9	35657132	35857132	harbor2	chr9	35667802	35668042	LTR/ERVL-MaLR	618	-	120	35667922	10790
chr9	4884814	5084814	harbor2	chr9	4886834	4886928	LTR/ERVL-MaLR	1082	-	47	4886881	2067
chr9	4884814	5084814	harbor2	chr9	4887564	4887920	LTR/ERVL-MaLR	1082	-	178	4887742	2928
chr9	4884814	5084814	harbor2	chr9	4894611	4894998	LTR/ERVL-MaLR	727	-	194	4894805	9991
chr9	4884814	5084814	harbor2	chr9	4922418	4923063	LTR/ERVL-MaLR	1630	-	322	4922740	37926
chr9	4884814	5084814	harbor2	chr9	4980543	4980842	LTR/ERVL-MaLR	493	-	150	4980693	95879
chr9	79474112	79674112	harbor2	chr9	79492896	79493451	LTR/ERVL-MaLR	738	-	278	79493174	19062
chr9	79474112	79674112	harbor2	chr9	79513657	79514077	LTR/ERVL-MaLR	2093	-	210	79513867	39755
chr9	137214917	137414917	harbor2	chr9	137268237	137268303	LTR/ERVL-MaLR	630	-	33	137268270	53353
chr9	137214917	137414917	harbor2	chr9	137268599	137268728	LTR/ERVL-MaLR	630	-	64	137268663	53746
chr9	137214917	137414917	harbor2	chr9	137283633	137283705	LTR/ERVL-MaLR	489	-	36	137283669	68752
chr9	137214917	137414917	harbor2	chr9	137284013	137284084	LTR/ERVL-MaLR	489	-	36	137284049	69132
chr9	4692728	4892728	harbor2	chr9	4750728	4751034	LTR/ERVL-MaLR	722	-	153	4750881	58153
chr9	4692728	4892728	harbor2	chr9	4774265	4774564	LTR/ERVL-MaLR	941	-	150	4774415	81687
chr9	4692728	4892728	harbor2	chr9	4751222	4751590	LTR/ERVL-MaLR	1137	-	184	4751406	58678
chr9	137215027	137415027	harbor2	chr9	137268237	137268303	LTR/ERVL-MaLR	630	-	33	137268270	53243
chr9	137215027	137415027	harbor2	chr9	137268599	137268728	LTR/ERVL-MaLR	630	-	64	137268663	53636
chr9	137215027	137415027	harbor2	chr9	137283633	137283705	LTR/ERVL-MaLR	489	-	36	137283669	68642
chr9	137215027	137415027	harbor2	chr9	137284013	137284084	LTR/ERVL-MaLR	489	-	36	137284049	69022
chr9	134036110	134236110	harbor2	chr9	134093827	134094218	LTR/ERVL-MaLR	2174	-	196	134094023	57913
chr9	134036110	134236110	harbor2	chr9	134121362	134121750	LTR/ERVL-MaLR	1937	-	194	134121556	85446
chr9	137180157	137380157	harbor2	chr9	137268237	137268303	LTR/ERVL-MaLR	630	-	33	137268270	88113
chr9	137180157	137380157	harbor2	chr9	137268599	137268728	LTR/ERVL-MaLR	630	-	64	137268663	88506
chr9	137675239	137875239	harbor2	chr9	137700841	137701229	LTR/ERVL-MaLR	2005	-	194	137701035	25796
chr9	137675239	137875239	harbor2	chr9	137701230	137701271	LTR/ERVL-MaLR	9345	-	20	137701250	26011
chr9	137675239	137875239	harbor2	chr9	137702199	137703857	LTR/ERVL-MaLR	9345	-	829	137703028	27789
chr9	137675239	137875239	harbor2	chr9	137703858	137704236	LTR/ERVL-MaLR	1960	-	189	137704047	28808
chr9	130377039	130577039	harbor2	chr9	130387244	130387701	LTR/ERVL-MaLR	752	-	228	130387472	10433
chr9	130377039	130577039	harbor2	chr9	130396566	130396826	LTR/ERVL-MaLR	636	-	130	130396696	19657
chr9	130377039	130577039	harbor2	chr9	130397055	130397417	LTR/ERVL-MaLR	2455	-	181	130397236	20197
chr9	130377039	130577039	harbor2	chr9	130420442	130420470	LTR/ERVL-MaLR	1850	-	14	130420456	43417
chr9	130377039	130577039	harbor2	chr9	130420502	130420893	LTR/ERVL-MaLR	1850	-	196	130420698	43659
chr9	130377039	130577039	harbor2	chr9	130452911	130453058	LTR/ERVL-MaLR	563	-	74	130452985	75946
chr9	130377039	130577039	harbor2	chr9	130459064	130459449	LTR/ERVL-MaLR	1041	-	192	130459256	82217
chr9	130377039	130577039	harbor2	chr9	130459735	130459834	LTR/ERVL-MaLR	1041	-	50	130459785	82746
chr9	84422130	84622130	harbor2	chr9	84428894	84428958	LTR/ERVL-MaLR	1712	-	32	84428926	6796
chr9	84422130	84622130	harbor2	chr9	84429299	84429651	LTR/ERVL-MaLR	1712	-	176	84429475	7345
chr9	84422130	84622130	harbor2	chr9	84429921	84430062	LTR/ERVL-MaLR	1712	-	70	84429991	7861
chr9	84422130	84622130	harbor2	chr9	84434166	84434366	LTR/ERVL-MaLR	542	-	100	84434266	12136
chr9	84422130	84622130	harbor2	chr9	84435317	84435680	LTR/ERVL-MaLR	2168	-	182	84435499	13369
chr9	84422130	84622130	harbor2	chr9	84474083	84474444	LTR/ERVL-MaLR	653	-	180	84474263	52133
chr9	84422130	84622130	harbor2	chr9	84476820	84477225	LTR/ERVL-MaLR	2190	-	202	84477022	54892
chr9	84422130	84622130	harbor2	chr9	84500071	84500608	LTR/ERVL-MaLR	1833	-	268	84500339	78209
chr9	84422130	84622130	harbor2	chr9	84503569	84503905	LTR/ERVL-MaLR	779	-	168	84503737	81607
chr9	84422130	84622130	harbor2	chr9	84505900	84506322	LTR/ERVL-MaLR	2782	-	211	84506111	83981
chr9	4692827	4892827	harbor2	chr9	4750728	4751034	LTR/ERVL-MaLR	722	-	153	4750881	58054
chr9	4692827	4892827	harbor2	chr9	4774265	4774564	LTR/ERVL-MaLR	941	-	150	4774415	81588
chr9	4692827	4892827	harbor2	chr9	4751222	4751590	LTR/ERVL-MaLR	1137	-	184	4751406	58579
chr9	137177840	137377840	harbor2	chr9	137268237	137268303	LTR/ERVL-MaLR	630	-	33	137268270	90430
chr9	137177840	137377840	harbor2	chr9	137268599	137268728	LTR/ERVL-MaLR	630	-	64	137268663	90823
chr9	97885525	98085525	harbor2	chr9	97889560	97889890	LTR/ERVL-MaLR	1475	-	165	97889725	4200
chr9	97885525	98085525	harbor2	chr9	97975011	97975415	LTR/ERVL-MaLR	1787	-	202	97975213	89688
chr9	111562999	111762999	harbor2	chr9	111600846	111600989	LTR/ERVL-MaLR	835	-	72	111600918	37919
chr9	111562999	111762999	harbor2	chr9	111609571	111609713	LTR/ERVL-MaLR	724	-	71	111609642	46643
chr9	111562999	111762999	harbor2	chr9	111623013	111623400	LTR/ERVL-MaLR	2798	-	194	111623207	60208
chr9	111562999	111762999	harbor2	chr9	111626871	111627173	LTR/ERVL-MaLR	2018	-	151	111627022	64023
chr9	111562999	111762999	harbor2	chr9	111627469	111627623	LTR/ERVL-MaLR	2018	-	77	111627546	64547
chr9	4692863	4892863	harbor2	chr9	4750728	4751034	LTR/ERVL-MaLR	722	-	153	4750881	58018
chr9	4692863	4892863	harbor2	chr9	4774265	4774564	LTR/ERVL-MaLR	941	-	150	4774415	81552
chr9	4692863	4892863	harbor2	chr9	4751222	4751590	LTR/ERVL-MaLR	1137	-	184	4751406	58543
chr9	93086535	93286535	harbor2	chr9	93091414	93091941	LTR/ERVL-MaLR	2147	-	264	93091678	5143
chr9	93086535	93286535	harbor2	chr9	93103620	93103986	LTR/ERVL-MaLR	1768	-	183	93103803	17268
chr9	93086535	93286535	harbor2	chr9	93156704	93157203	LTR/ERVL-MaLR	2046	-	250	93156954	70419
chr9	4890034	5090034	harbor2	chr9	4894611	4894998	LTR/ERVL-MaLR	727	-	194	4894805	4771
chr9	4890034	5090034	harbor2	chr9	4922418	4923063	LTR/ERVL-MaLR	1630	-	322	4922740	32706
chr9	4890034	5090034	harbor2	chr9	4980543	4980842	LTR/ERVL-MaLR	493	-	150	4980693	90659
chr9	93576375	93776375	harbor2	chr9	93632399	93632758	LTR/ERVL-MaLR	2168	-	180	93632579	56204
chr9	137215896	137415896	harbor2	chr9	137268237	137268303	LTR/ERVL-MaLR	630	-	33	137268270	52374
chr9	137215896	137415896	harbor2	chr9	137268599	137268728	LTR/ERVL-MaLR	630	-	64	137268663	52767
chr9	137215896	137415896	harbor2	chr9	137283633	137283705	LTR/ERVL-MaLR	489	-	36	137283669	67773
chr9	137215896	137415896	harbor2	chr9	137284013	137284084	LTR/ERVL-MaLR	489	-	36	137284049	68153
chr9	4693547	4893547	harbor2	chr9	4750728	4751034	LTR/ERVL-MaLR	722	-	153	4750881	57334
chr9	4693547	4893547	harbor2	chr9	4774265	4774564	LTR/ERVL-MaLR	941	-	150	4774415	80868
chr9	4693547	4893547	harbor2	chr9	4751222	4751590	LTR/ERVL-MaLR	1137	-	184	4751406	57859
chr9	109520305	109720305	harbor2	chr9	109555586	109556074	LTR/ERVL-MaLR	800	-	244	109555830	35525
chr9	109520305	109720305	harbor2	chr9	109581546	109581905	LTR/ERVL-MaLR	2056	-	180	109581726	61421
chr9	109520305	109720305	harbor2	chr9	109593532	109593933	LTR/ERVL-MaLR	2190	-	200	109593732	73427
chr9	109520305	109720305	harbor2	chr9	109605315	109605342	LTR/ERVL-MaLR	509	-	14	109605329	85024
chr9	109520305	109720305	harbor2	chr9	109608080	109608167	LTR/ERVL-MaLR	509	-	44	109608124	87819
chr9	109520305	109720305	harbor2	chr9	109610126	109610419	LTR/ERVL-MaLR	654	-	146	109610272	89967
chr9	109520305	109720305	harbor2	chr9	109617256	109617772	LTR/ERVL-MaLR	1504	-	258	109617514	97209
chr9	109520305	109720305	harbor2	chr9	109608581	109608961	LTR/ERVL-MaLR	1738	-	190	109608771	88466
chr9	112387187	112587187	harbor2	chr9	112400624	112401028	LTR/ERVL-MaLR	1556	-	202	112400826	13639
chr9	112387187	112587187	harbor2	chr9	112467548	112467708	LTR/ERVL-MaLR	814	-	80	112467628	80441
chr9	4693361	4893361	harbor2	chr9	4750728	4751034	LTR/ERVL-MaLR	722	-	153	4750881	57520
chr9	4693361	4893361	harbor2	chr9	4774265	4774564	LTR/ERVL-MaLR	941	-	150	4774415	81054
chr9	4693361	4893361	harbor2	chr9	4751222	4751590	LTR/ERVL-MaLR	1137	-	184	4751406	58045
chr9	112420689	112620689	harbor2	chr9	112467548	112467708	LTR/ERVL-MaLR	814	-	80	112467628	46939
chr9	112420689	112620689	harbor2	chr9	112492116	112492500	LTR/ERVL-MaLR	2215	-	192	112492308	71619
chr9	135646439	135846439	harbor2	chr9	135666132	135666538	LTR/ERVL-MaLR	489	-	203	135666335	19896
chr9	135646439	135846439	harbor2	chr9	135671980	135672388	LTR/ERVL-MaLR	1131	-	204	135672184	25745
chr9	135646439	135846439	harbor2	chr9	135673272	135673555	LTR/ERVL-MaLR	714	-	142	135673414	26975
chr9	135646439	135846439	harbor2	chr9	135722561	135722913	LTR/ERVL-MaLR	1345	-	176	135722737	76298
chr9	135646439	135846439	harbor2	chr9	135739936	135740251	LTR/ERVL-MaLR	1671	-	158	135740094	93655
chr9	4692842	4892842	harbor2	chr9	4750728	4751034	LTR/ERVL-MaLR	722	-	153	4750881	58039
chr9	4692842	4892842	harbor2	chr9	4774265	4774564	LTR/ERVL-MaLR	941	-	150	4774415	81573
chr9	4692842	4892842	harbor2	chr9	4751222	4751590	LTR/ERVL-MaLR	1137	-	184	4751406	58564
chr9	112389364	112589364	harbor2	chr9	112400624	112401028	LTR/ERVL-MaLR	1556	-	202	112400826	11462
chr9	112389364	112589364	harbor2	chr9	112467548	112467708	LTR/ERVL-MaLR	814	-	80	112467628	78264
chr9	4884868	5084868	harbor2	chr9	4886834	4886928	LTR/ERVL-MaLR	1082	-	47	4886881	2013
chr9	4884868	5084868	harbor2	chr9	4887564	4887920	LTR/ERVL-MaLR	1082	-	178	4887742	2874
chr9	4884868	5084868	harbor2	chr9	4894611	4894998	LTR/ERVL-MaLR	727	-	194	4894805	9937
chr9	4884868	5084868	harbor2	chr9	4922418	4923063	LTR/ERVL-MaLR	1630	-	322	4922740	37872
chr9	4884868	5084868	harbor2	chr9	4980543	4980842	LTR/ERVL-MaLR	493	-	150	4980693	95825
chr9	34156759	34356759	harbor2	chr9	34166271	34166313	LTR/ERVL-MaLR	1959	-	21	34166292	9533
chr9	34156759	34356759	harbor2	chr9	34166475	34166511	LTR/ERVL-MaLR	1959	-	18	34166493	9734
chr9	34156759	34356759	harbor2	chr9	34166812	34167150	LTR/ERVL-MaLR	2085	-	169	34166981	10222
chr9	34156759	34356759	harbor2	chr9	34160337	34160695	LTR/ERVL-MaLR	1977	-	179	34160516	3757
chr9	6658524	6858524	harbor2	chr9	6672533	6672705	LTR/ERVL-MaLR	1410	-	86	6672619	14095
chr9	6658524	6858524	harbor2	chr9	6673003	6673137	LTR/ERVL-MaLR	1410	-	67	6673070	14546
chr9	6658524	6858524	harbor2	chr9	6724835	6725156	LTR/ERVL-MaLR	1409	-	160	6724995	66471
chr9	6658524	6858524	harbor2	chr9	6750755	6751163	LTR/ERVL-MaLR	909	-	204	6750959	92435
chr9	6658524	6858524	harbor2	chr9	6751450	6751586	LTR/ERVL-MaLR	909	-	68	6751518	92994
chr9	6658524	6858524	harbor2	chr9	6753573	6753792	LTR/ERVL-MaLR	731	-	110	6753683	95159
chr9	22257300	22457300	harbor2	chr9	22270919	22271264	LTR/ERVL-MaLR	1859	-	172	22271091	13791
chr9	22257300	22457300	harbor2	chr9	22280725	22281070	LTR/ERVL-MaLR	1602	-	172	22280897	23597
chr9	22257300	22457300	harbor2	chr9	22283735	22284126	LTR/ERVL-MaLR	1594	-	196	22283931	26631
chr9	22257300	22457300	harbor2	chr9	22288115	22288516	LTR/ERVL-MaLR	2226	-	200	22288315	31015
chr9	22257300	22457300	harbor2	chr9	22323336	22323585	LTR/ERVL-MaLR	970	-	124	22323460	66160
chr9	22257300	22457300	harbor2	chr9	22323686	22323798	LTR/ERVL-MaLR	573	-	56	22323742	66442
chr9	22257300	22457300	harbor2	chr9	22345529	22345869	LTR/ERVL-MaLR	682	-	170	22345699	88399
chr9	135951490	136151490	harbor2	chr9	135964721	135965138	LTR/ERVL-MaLR	811	-	208	135964929	13439
chr9	135951490	136151490	harbor2	chr9	135968679	135969058	LTR/ERVL-MaLR	662	-	190	135968869	17379
chr9	135951490	136151490	harbor2	chr9	135984539	135984917	LTR/ERVL-MaLR	709	-	189	135984728	33238
chr9	4692856	4892856	harbor2	chr9	4750728	4751034	LTR/ERVL-MaLR	722	-	153	4750881	58025
chr9	4692856	4892856	harbor2	chr9	4774265	4774564	LTR/ERVL-MaLR	941	-	150	4774415	81559
chr9	4692856	4892856	harbor2	chr9	4751222	4751590	LTR/ERVL-MaLR	1137	-	184	4751406	58550
chr9	4692823	4892823	harbor2	chr9	4750728	4751034	LTR/ERVL-MaLR	722	-	153	4750881	58058
chr9	4692823	4892823	harbor2	chr9	4774265	4774564	LTR/ERVL-MaLR	941	-	150	4774415	81592
chr9	4692823	4892823	harbor2	chr9	4751222	4751590	LTR/ERVL-MaLR	1137	-	184	4751406	58583
chr9	4884895	5084895	harbor2	chr9	4886834	4886928	LTR/ERVL-MaLR	1082	-	47	4886881	1986
chr9	4884895	5084895	harbor2	chr9	4887564	4887920	LTR/ERVL-MaLR	1082	-	178	4887742	2847
chr9	4884895	5084895	harbor2	chr9	4894611	4894998	LTR/ERVL-MaLR	727	-	194	4894805	9910
chr9	4884895	5084895	harbor2	chr9	4922418	4923063	LTR/ERVL-MaLR	1630	-	322	4922740	37845
chr9	4884895	5084895	harbor2	chr9	4980543	4980842	LTR/ERVL-MaLR	493	-	150	4980693	95798
chr9	35657149	35857149	harbor2	chr9	35681313	35681539	LTR/ERVL-MaLR	809	-	113	35681426	24277
chr9	35657149	35857149	harbor2	chr9	35667802	35668042	LTR/ERVL-MaLR	618	-	120	35667922	10773
chr9	137338276	137538276	harbor2	chr9	137344629	137344804	LTR/ERVL-MaLR	826	-	88	137344717	6441
chr9	137338276	137538276	harbor2	chr9	137346609	137346807	LTR/ERVL-MaLR	670	-	99	137346708	8432
chr9	137338276	137538276	harbor2	chr9	137347112	137347443	LTR/ERVL-MaLR	721	-	166	137347278	9002
chr9	137338276	137538276	harbor2	chr9	137347744	137347858	LTR/ERVL-MaLR	608	-	57	137347801	9525
chr9	137338276	137538276	harbor2	chr9	137399599	137399756	LTR/ERVL-MaLR	2681	-	78	137399677	61401
chr9	137338276	137538276	harbor2	chr9	137400054	137400249	LTR/ERVL-MaLR	2681	-	98	137400152	61876
chr9	137338276	137538276	harbor2	chr9	137400250	137400483	LTR/ERVL-MaLR	11849	-	116	137400366	62090
chr9	137338276	137538276	harbor2	chr9	137400779	137401147	LTR/ERVL-MaLR	11849	-	184	137400963	62687
chr9	137338276	137538276	harbor2	chr9	137401455	137402013	LTR/ERVL-MaLR	11849	-	279	137401734	63458
chr9	137338276	137538276	harbor2	chr9	137402314	137402737	LTR/ERVL-MaLR	11849	-	212	137402526	64250
chr9	137338276	137538276	harbor2	chr9	137402738	137403086	LTR/ERVL-MaLR	2525	-	174	137402912	64636
chr9	137338276	137538276	harbor2	chr9	137404058	137404261	LTR/ERVL-MaLR	915	-	102	137404160	65884
chr9	128003757	128203757	harbor2	chr9	128011895	128012269	LTR/ERVL-MaLR	1206	-	187	128012082	8325
chr9	128003757	128203757	harbor2	chr9	128024910	128025049	LTR/ERVL-MaLR	885	-	70	128024980	21223
chr9	128003757	128203757	harbor2	chr9	128024313	128024620	LTR/ERVL-MaLR	917	-	154	128024467	20710
chr9	65482190	65682190	harbor2	chr9	65541350	65541712	LTR/ERVL-MaLR	2176	-	181	65541531	59341
chr9	65482190	65682190	harbor2	chr9	65541713	65543289	LTR/ERVL-MaLR	11198	-	788	65542501	60311
chr9	65482190	65682190	harbor2	chr9	65543290	65543659	LTR/ERVL-MaLR	2573	-	184	65543474	61284
chr9	68898713	69098713	harbor2	chr9	68938660	68939152	LTR/ERVL-MaLR	1044	-	246	68938906	40193
chr9	68898713	69098713	harbor2	chr9	68956992	68957380	LTR/ERVL-MaLR	625	-	194	68957186	58473
chr9	68898713	69098713	harbor2	chr9	68975592	68976039	LTR/ERVL-MaLR	2778	-	224	68975816	77103
chr9	68898713	69098713	harbor2	chr9	68987616	68987969	LTR/ERVL-MaLR	2184	-	176	68987792	89079
chr9	137215352	137415352	harbor2	chr9	137268237	137268303	LTR/ERVL-MaLR	630	-	33	137268270	52918
chr9	137215352	137415352	harbor2	chr9	137268599	137268728	LTR/ERVL-MaLR	630	-	64	137268663	53311
chr9	137215352	137415352	harbor2	chr9	137283633	137283705	LTR/ERVL-MaLR	489	-	36	137283669	68317
chr9	137215352	137415352	harbor2	chr9	137284013	137284084	LTR/ERVL-MaLR	489	-	36	137284049	68697
chr9	4885406	5085406	harbor2	chr9	4886834	4886928	LTR/ERVL-MaLR	1082	-	47	4886881	1475
chr9	4885406	5085406	harbor2	chr9	4887564	4887920	LTR/ERVL-MaLR	1082	-	178	4887742	2336
chr9	4885406	5085406	harbor2	chr9	4894611	4894998	LTR/ERVL-MaLR	727	-	194	4894805	9399
chr9	4885406	5085406	harbor2	chr9	4922418	4923063	LTR/ERVL-MaLR	1630	-	322	4922740	37334
chr9	4885406	5085406	harbor2	chr9	4980543	4980842	LTR/ERVL-MaLR	493	-	150	4980693	95287
chr9	113809675	114009675	harbor2	chr9	113824637	113825001	LTR/ERVL-MaLR	2593	-	182	113824819	15144
chr9	113809675	114009675	harbor2	chr9	113840242	113840629	LTR/ERVL-MaLR	2556	-	194	113840436	30761
chr9	113809675	114009675	harbor2	chr9	113843753	113844134	LTR/ERVL-MaLR	2209	-	190	113843943	34268
chr9	113809675	114009675	harbor2	chr9	113862404	113862653	LTR/ERVL-MaLR	2022	-	124	113862528	52853
chr9	113809675	114009675	harbor2	chr9	113862654	113863166	LTR/ERVL-MaLR	1322	-	256	113862910	53235
chr9	113809675	114009675	harbor2	chr9	113863167	113863441	LTR/ERVL-MaLR	2022	-	137	113863304	53629
chr9	113809675	114009675	harbor2	chr9	113863908	113864423	LTR/ERVL-MaLR	1245	-	258	113864166	54491
chr9	113809675	114009675	harbor2	chr9	113864651	113864912	LTR/ERVL-MaLR	961	-	130	113864781	55106
chr9	113809675	114009675	harbor2	chr9	113865250	113865307	LTR/ERVL-MaLR	961	-	28	113865278	55603
chr9	113809675	114009675	harbor2	chr9	113865617	113865816	LTR/ERVL-MaLR	961	-	100	113865717	56042
chr9	113809675	114009675	harbor2	chr9	113889050	113889317	LTR/ERVL-MaLR	1039	-	134	113889184	79509
chr9	113809675	114009675	harbor2	chr9	113889364	113889666	LTR/ERVL-MaLR	1039	-	151	113889515	79840
chr9	113809675	114009675	harbor2	chr9	113904559	113905049	LTR/ERVL-MaLR	1847	-	245	113904804	95129
chr9	113809675	114009675	harbor2	chr9	113906750	113907309	LTR/ERVL-MaLR	1713	-	280	113907030	97355
chr9	97885737	98085737	harbor2	chr9	97889560	97889890	LTR/ERVL-MaLR	1475	-	165	97889725	3988
chr9	97885737	98085737	harbor2	chr9	97975011	97975415	LTR/ERVL-MaLR	1787	-	202	97975213	89476
chr9	133936073	134136073	harbor2	chr9	133951835	133952195	LTR/ERVL-MaLR	1069	-	180	133952015	15942
chr9	133936073	134136073	harbor2	chr9	134008595	134009216	LTR/ERVL-MaLR	772	-	310	134008905	72832
chr9	4693426	4893426	harbor2	chr9	4750728	4751034	LTR/ERVL-MaLR	722	-	153	4750881	57455
chr9	4693426	4893426	harbor2	chr9	4774265	4774564	LTR/ERVL-MaLR	941	-	150	4774415	80989
chr9	4693426	4893426	harbor2	chr9	4751222	4751590	LTR/ERVL-MaLR	1137	-	184	4751406	57980
chr9	4692886	4892886	harbor2	chr9	4750728	4751034	LTR/ERVL-MaLR	722	-	153	4750881	57995
chr9	4692886	4892886	harbor2	chr9	4774265	4774564	LTR/ERVL-MaLR	941	-	150	4774415	81529
chr9	4692886	4892886	harbor2	chr9	4751222	4751590	LTR/ERVL-MaLR	1137	-	184	4751406	58520
chr9	4885226	5085226	harbor2	chr9	4886834	4886928	LTR/ERVL-MaLR	1082	-	47	4886881	1655
chr9	4885226	5085226	harbor2	chr9	4887564	4887920	LTR/ERVL-MaLR	1082	-	178	4887742	2516
chr9	4885226	5085226	harbor2	chr9	4894611	4894998	LTR/ERVL-MaLR	727	-	194	4894805	9579
chr9	4885226	5085226	harbor2	chr9	4922418	4923063	LTR/ERVL-MaLR	1630	-	322	4922740	37514
chr9	4885226	5085226	harbor2	chr9	4980543	4980842	LTR/ERVL-MaLR	493	-	150	4980693	95467
chr9	4693750	4893750	harbor2	chr9	4750728	4751034	LTR/ERVL-MaLR	722	-	153	4750881	57131
chr9	4693750	4893750	harbor2	chr9	4774265	4774564	LTR/ERVL-MaLR	941	-	150	4774415	80665
chr9	4693750	4893750	harbor2	chr9	4751222	4751590	LTR/ERVL-MaLR	1137	-	184	4751406	57656
chr9	4694585	4894585	harbor2	chr9	4750728	4751034	LTR/ERVL-MaLR	722	-	153	4750881	56296
chr9	4694585	4894585	harbor2	chr9	4774265	4774564	LTR/ERVL-MaLR	941	-	150	4774415	79830
chr9	4694585	4894585	harbor2	chr9	4751222	4751590	LTR/ERVL-MaLR	1137	-	184	4751406	56821
chr10	70461474	70661474	harbor2	chr10	70511171	70511502	LTR/ERVL-MaLR	1126	-	166	70511337	49863
chr10	70461474	70661474	harbor2	chr10	70511503	70511746	LTR/ERVL-MaLR	1480	-	122	70511625	50151
chr10	70461474	70661474	harbor2	chr10	70512043	70512169	LTR/ERVL-MaLR	1480	-	63	70512106	50632
chr10	70461474	70661474	harbor2	chr10	70512170	70512259	LTR/ERVL-MaLR	1126	-	44	70512214	50740
chr10	70461474	70661474	harbor2	chr10	70519248	70519562	LTR/ERVL-MaLR	1742	-	157	70519405	57931
chr10	70461474	70661474	harbor2	chr10	70519875	70519930	LTR/ERVL-MaLR	1742	-	28	70519903	58429
chr10	70461474	70661474	harbor2	chr10	70528722	70529117	LTR/ERVL-MaLR	1536	-	198	70528920	67446
chr10	102141575	102341575	harbor2	chr10	102159577	102159878	LTR/ERVL-MaLR	1182	-	150	102159727	18152
chr10	102141575	102341575	harbor2	chr10	102172201	102172415	LTR/ERVL-MaLR	923	-	107	102172308	30733
chr10	102141575	102341575	harbor2	chr10	102173249	102173411	LTR/ERVL-MaLR	613	-	81	102173330	31755
chr10	102141575	102341575	harbor2	chr10	102183181	102183474	LTR/ERVL-MaLR	5340	-	146	102183327	41752
chr10	102141575	102341575	harbor2	chr10	102183778	102184027	LTR/ERVL-MaLR	5340	-	124	102183902	42327
chr10	102141575	102341575	harbor2	chr10	102184321	102184505	LTR/ERVL-MaLR	5340	-	92	102184413	42838
chr10	102141575	102341575	harbor2	chr10	102184506	102184861	LTR/ERVL-MaLR	2033	-	178	102184684	43109
chr10	131311970	131511970	harbor2	chr10	131326975	131327357	LTR/ERVL-MaLR	1915	-	191	131327166	15196
chr10	131311970	131511970	harbor2	chr10	131366123	131366538	LTR/ERVL-MaLR	2646	-	208	131366331	54361
chr10	131311970	131511970	harbor2	chr10	131382227	131382509	LTR/ERVL-MaLR	528	-	141	131382368	70398
chr10	131311970	131511970	harbor2	chr10	131382516	131382823	LTR/ERVL-MaLR	620	-	154	131382670	70700
chr10	131311970	131511970	harbor2	chr10	131393945	131394410	LTR/ERVL-MaLR	1703	-	232	131394177	82207
chr10	78867019	79067019	harbor2	chr10	78874856	78875166	LTR/ERVL-MaLR	426	-	155	78875011	7992
chr10	78867019	79067019	harbor2	chr10	78943285	78943716	LTR/ERVL-MaLR	1828	-	216	78943501	76482
chr10	78867019	79067019	harbor2	chr10	78953883	78954263	LTR/ERVL-MaLR	1140	-	190	78954073	87054
chr10	132611286	132811286	harbor2	chr10	132618582	132619005	LTR/ERVL-MaLR	2464	-	212	132618794	7508
chr10	132611286	132811286	harbor2	chr10	132619006	132619692	LTR/ERVL-MaLR	6790	-	343	132619349	8063
chr10	132611286	132811286	harbor2	chr10	132619944	132620591	LTR/ERVL-MaLR	6790	-	324	132620268	8982
chr10	581042	781042	harbor2	chr10	604052	604218	LTR/ERVL-MaLR	537	-	83	604135	23093
chr10	581042	781042	harbor2	chr10	619227	619450	LTR/ERVL-MaLR	792	-	112	619339	38297
chr10	581042	781042	harbor2	chr10	637338	637677	LTR/ERVL-MaLR	1668	-	170	637508	56466
chr10	127453941	127653941	harbor2	chr10	127492112	127492603	LTR/ERVL-MaLR	1943	-	246	127492358	38417
chr10	127453941	127653941	harbor2	chr10	127493868	127494234	LTR/ERVL-MaLR	1681	-	183	127494051	40110
chr10	127453941	127653941	harbor2	chr10	127503817	127504201	LTR/ERVL-MaLR	2167	-	192	127504009	50068
chr10	127453941	127653941	harbor2	chr10	127535259	127535614	LTR/ERVL-MaLR	2142	-	178	127535437	81496
chr10	75435110	75635110	harbor2	chr10	75459657	75460012	LTR/ERVL-MaLR	1657	-	178	75459835	24725
chr10	75435110	75635110	harbor2	chr10	75474274	75474598	LTR/ERVL-MaLR	1640	-	162	75474436	39326
chr10	75435110	75635110	harbor2	chr10	75476747	75476979	LTR/ERVL-MaLR	2305	-	116	75476863	41753
chr10	75435110	75635110	harbor2	chr10	75477248	75477418	LTR/ERVL-MaLR	2305	-	85	75477333	42223
chr10	75435110	75635110	harbor2	chr10	75494434	75494507	LTR/ERVL-MaLR	1435	-	36	75494470	59360
chr10	75435110	75635110	harbor2	chr10	75494801	75495192	LTR/ERVL-MaLR	1435	-	196	75494997	59887
chr10	75435110	75635110	harbor2	chr10	75500552	75500905	LTR/ERVL-MaLR	2179	-	176	75500728	65618
chr10	75435110	75635110	harbor2	chr10	75501746	75501826	LTR/ERVL-MaLR	594	-	40	75501786	66676
chr10	75435110	75635110	harbor2	chr10	75501959	75502258	LTR/ERVL-MaLR	594	-	150	75502109	66999
chr10	75435110	75635110	harbor2	chr10	75513472	75513942	LTR/ERVL-MaLR	2655	-	235	75513707	78597
chr10	14854190	15054190	harbor2	chr10	14874514	14874877	LTR/ERVL-MaLR	1300	-	182	14874696	20506
chr10	14854190	15054190	harbor2	chr10	14951569	14951896	LTR/ERVL-MaLR	1071	-	164	14951733	97543
chr10	7960281	8160281	harbor2	chr10	7989132	7989302	LTR/ERVL-MaLR	471	-	85	7989217	28936
chr10	7960281	8160281	harbor2	chr10	7996069	7996477	LTR/ERVL-MaLR	533	-	204	7996273	35992
chr10	8030013	8230013	harbor2	chr10	8082066	8082304	LTR/ERVL-MaLR	796	-	119	8082185	52172
chr10	37994305	38194305	harbor2	chr10	38053157	38053580	LTR/ERVL-MaLR	1438	-	212	38053369	59064
chr10	37994305	38194305	harbor2	chr10	38071765	38071929	LTR/ERVL-MaLR	461	-	82	38071847	77542
chr10	37994305	38194305	harbor2	chr10	38075914	38076327	LTR/ERVL-MaLR	2441	-	206	38076120	81815
chr10	37994305	38194305	harbor2	chr10	38077851	38078258	LTR/ERVL-MaLR	8953	-	204	38078055	83750
chr10	37994305	38194305	harbor2	chr10	38078631	38078990	LTR/ERVL-MaLR	2069	-	180	38078811	84506
chr10	37994305	38194305	harbor2	chr10	38083932	38084434	LTR/ERVL-MaLR	972	-	251	38084183	89878
chr10	37994305	38194305	harbor2	chr10	38076328	38077564	LTR/ERVL-MaLR	8953	-	618	38076946	82641
chr10	14778679	14978679	harbor2	chr10	14789366	14789729	LTR/ERVL-MaLR	2229	-	182	14789548	10869
chr10	14778679	14978679	harbor2	chr10	14874514	14874877	LTR/ERVL-MaLR	1300	-	182	14874696	96017
chr10	69780869	69980869	harbor2	chr10	69786821	69787098	LTR/ERVL-MaLR	893	-	138	69786959	6090
chr10	69780869	69980869	harbor2	chr10	69798210	69798629	LTR/ERVL-MaLR	890	-	210	69798420	17551
chr10	69780869	69980869	harbor2	chr10	69826800	69827098	LTR/ERVL-MaLR	796	-	149	69826949	46080
chr10	122468309	122668309	harbor2	chr10	122529844	122530092	LTR/ERVL-MaLR	1097	-	124	122529968	61659
chr10	92191166	92391166	harbor2	chr10	92284909	92285258	LTR/ERVL-MaLR	2194	-	174	92285083	93917
chr10	92191166	92391166	harbor2	chr10	92285571	92285623	LTR/ERVL-MaLR	2194	-	26	92285597	94431
chr10	100913040	101113040	harbor2	chr10	100923161	100923503	LTR/ERVL-MaLR	1135	-	171	100923332	10292
chr10	100913040	101113040	harbor2	chr10	100930200	100930603	LTR/ERVL-MaLR	526	-	202	100930402	17362
chr10	123058794	123258794	harbor2	chr10	123067475	123067801	LTR/ERVL-MaLR	1441	-	163	123067638	8844
chr10	123058794	123258794	harbor2	chr10	123111987	123112184	LTR/ERVL-MaLR	547	-	98	123112085	53291
chr10	123058794	123258794	harbor2	chr10	123123117	123123222	LTR/ERVL-MaLR	425	-	52	123123169	64375
chr10	123058794	123258794	harbor2	chr10	123128293	123128788	LTR/ERVL-MaLR	1595	-	248	123128541	69747
chr10	97402344	97602344	harbor2	chr10	97409583	97410071	LTR/ERVL-MaLR	884	-	244	97409827	7483
chr10	23091420	23291420	harbor2	chr10	23091400	23091874	LTR/ERVL-MaLR	898	-	237	23091637	217
chr10	23091420	23291420	harbor2	chr10	23097301	23097599	LTR/ERVL-MaLR	1227	-	149	23097450	6030
chr10	23091420	23291420	harbor2	chr10	23098816	23099202	LTR/ERVL-MaLR	1785	-	193	23099009	7589
chr10	23091420	23291420	harbor2	chr10	23100420	23100808	LTR/ERVL-MaLR	2290	-	194	23100614	9194
chr10	23091420	23291420	harbor2	chr10	23121136	23121515	LTR/ERVL-MaLR	2339	-	190	23121326	29906
chr10	23091420	23291420	harbor2	chr10	23127914	23128102	LTR/ERVL-MaLR	826	-	94	23128008	36588
chr10	23091420	23291420	harbor2	chr10	23160600	23160966	LTR/ERVL-MaLR	528	-	183	23160783	69363
chr10	23091420	23291420	harbor2	chr10	23169037	23169462	LTR/ERVL-MaLR	1362	-	212	23169249	77829
chr10	23091420	23291420	harbor2	chr10	23177330	23177774	LTR/ERVL-MaLR	1365	-	222	23177552	86132
chr10	23091420	23291420	harbor2	chr10	23177986	23178345	LTR/ERVL-MaLR	993	-	180	23178166	86746
chr10	116171415	116371415	harbor2	chr10	116196143	116196208	LTR/ERVL-MaLR	522	-	32	116196175	24760
chr10	116171415	116371415	harbor2	chr10	116196849	116197074	LTR/ERVL-MaLR	522	-	112	116196961	25546
chr10	116171415	116371415	harbor2	chr10	116200502	116200855	LTR/ERVL-MaLR	1471	-	176	116200678	29263
chr10	116171415	116371415	harbor2	chr10	116202486	116202847	LTR/ERVL-MaLR	1667	-	180	116202666	31251
chr10	75114221	75314221	harbor2	chr10	75174832	75175357	LTR/ERVL-MaLR	1223	-	262	75175094	60873
chr10	132235041	132435041	harbor2	chr10	132289519	132289881	LTR/ERVL-MaLR	1814	-	181	132289700	54659
chr10	132235041	132435041	harbor2	chr10	132311686	132311926	LTR/ERVL-MaLR	663	-	120	132311806	76765
chr10	132235041	132435041	harbor2	chr10	132312400	132312657	LTR/ERVL-MaLR	1397	-	128	132312528	77487
chr10	132235041	132435041	harbor2	chr10	132323724	132324130	LTR/ERVL-MaLR	873	-	203	132323927	88886
chr10	133033789	133233789	harbor2	chr10	133051759	133052120	LTR/ERVL-MaLR	2129	-	180	133051939	18150
chr10	133033789	133233789	harbor2	chr10	133097679	133098034	LTR/ERVL-MaLR	816	-	178	133097857	64068
chr10	133033789	133233789	harbor2	chr10	133118358	133118772	LTR/ERVL-MaLR	2195	-	207	133118565	84776
chr10	133033789	133233789	harbor2	chr10	133123603	133124004	LTR/ERVL-MaLR	473	-	200	133123803	90014
chr10	14778642	14978642	harbor2	chr10	14789366	14789729	LTR/ERVL-MaLR	2229	-	182	14789548	10906
chr10	14778642	14978642	harbor2	chr10	14874514	14874877	LTR/ERVL-MaLR	1300	-	182	14874696	96054
chr10	45280422	45480422	harbor2	chr10	45289630	45289901	LTR/ERVL-MaLR	912	-	136	45289766	9344
chr10	45280422	45480422	harbor2	chr10	45310499	45310654	LTR/ERVL-MaLR	449	-	78	45310577	30155
chr10	102141599	102341599	harbor2	chr10	102159577	102159878	LTR/ERVL-MaLR	1182	-	150	102159727	18128
chr10	102141599	102341599	harbor2	chr10	102172201	102172415	LTR/ERVL-MaLR	923	-	107	102172308	30709
chr10	102141599	102341599	harbor2	chr10	102173249	102173411	LTR/ERVL-MaLR	613	-	81	102173330	31731
chr10	102141599	102341599	harbor2	chr10	102183181	102183474	LTR/ERVL-MaLR	5340	-	146	102183327	41728
chr10	102141599	102341599	harbor2	chr10	102183778	102184027	LTR/ERVL-MaLR	5340	-	124	102183902	42303
chr10	102141599	102341599	harbor2	chr10	102184321	102184505	LTR/ERVL-MaLR	5340	-	92	102184413	42814
chr10	102141599	102341599	harbor2	chr10	102184506	102184861	LTR/ERVL-MaLR	2033	-	178	102184684	43085
chr10	102145388	102345388	harbor2	chr10	102159577	102159878	LTR/ERVL-MaLR	1182	-	150	102159727	14339
chr10	102145388	102345388	harbor2	chr10	102172201	102172415	LTR/ERVL-MaLR	923	-	107	102172308	26920
chr10	102145388	102345388	harbor2	chr10	102173249	102173411	LTR/ERVL-MaLR	613	-	81	102173330	27942
chr10	102145388	102345388	harbor2	chr10	102183181	102183474	LTR/ERVL-MaLR	5340	-	146	102183327	37939
chr10	102145388	102345388	harbor2	chr10	102183778	102184027	LTR/ERVL-MaLR	5340	-	124	102183902	38514
chr10	102145388	102345388	harbor2	chr10	102184321	102184505	LTR/ERVL-MaLR	5340	-	92	102184413	39025
chr10	102145388	102345388	harbor2	chr10	102184506	102184861	LTR/ERVL-MaLR	2033	-	178	102184684	39296
chr10	102141601	102341601	harbor2	chr10	102159577	102159878	LTR/ERVL-MaLR	1182	-	150	102159727	18126
chr10	102141601	102341601	harbor2	chr10	102172201	102172415	LTR/ERVL-MaLR	923	-	107	102172308	30707
chr10	102141601	102341601	harbor2	chr10	102173249	102173411	LTR/ERVL-MaLR	613	-	81	102173330	31729
chr10	102141601	102341601	harbor2	chr10	102183181	102183474	LTR/ERVL-MaLR	5340	-	146	102183327	41726
chr10	102141601	102341601	harbor2	chr10	102183778	102184027	LTR/ERVL-MaLR	5340	-	124	102183902	42301
chr10	102141601	102341601	harbor2	chr10	102184321	102184505	LTR/ERVL-MaLR	5340	-	92	102184413	42812
chr10	102141601	102341601	harbor2	chr10	102184506	102184861	LTR/ERVL-MaLR	2033	-	178	102184684	43083
chr10	14778676	14978676	harbor2	chr10	14789366	14789729	LTR/ERVL-MaLR	2229	-	182	14789548	10872
chr10	14778676	14978676	harbor2	chr10	14874514	14874877	LTR/ERVL-MaLR	1300	-	182	14874696	96020
chr10	17824143	18024143	harbor2	chr10	17868194	17868567	LTR/ERVL-MaLR	1737	-	186	17868380	44237
chr10	17824143	18024143	harbor2	chr10	17874083	17874580	LTR/ERVL-MaLR	1985	-	248	17874331	50188
chr10	17824143	18024143	harbor2	chr10	17884427	17884794	LTR/ERVL-MaLR	2157	-	184	17884611	60468
chr10	17824143	18024143	harbor2	chr10	17911530	17911893	LTR/ERVL-MaLR	2259	-	182	17911712	87569
chr10	17824143	18024143	harbor2	chr10	17914094	17914164	LTR/ERVL-MaLR	451	-	35	17914129	89986
chr10	102210250	102410250	harbor2	chr10	102287251	102287329	LTR/ERVL-MaLR	1687	-	39	102287290	77040
chr10	102210250	102410250	harbor2	chr10	102287488	102287885	LTR/ERVL-MaLR	1687	-	198	102287686	77436
chr10	79215765	79415765	harbor2	chr10	79233277	79233614	LTR/ERVL-MaLR	1587	-	168	79233445	17680
chr10	79215765	79415765	harbor2	chr10	79237375	79237796	LTR/ERVL-MaLR	1917	-	210	79237585	21820
chr10	10133183	10333183	harbor2	chr10	10146604	10146911	LTR/ERVL-MaLR	459	-	154	10146758	13575
chr10	10133183	10333183	harbor2	chr10	10197127	10197231	LTR/ERVL-MaLR	607	-	52	10197179	63996
chr10	10133183	10333183	harbor2	chr10	10197790	10198147	LTR/ERVL-MaLR	1353	-	178	10197968	64785
chr10	10133183	10333183	harbor2	chr10	10222307	10222692	LTR/ERVL-MaLR	1516	-	192	10222499	89316
chr10	10133183	10333183	harbor2	chr10	10229581	10229944	LTR/ERVL-MaLR	1300	-	182	10229763	96580
chr10	117192768	117392768	harbor2	chr10	117206080	117206562	LTR/ERVL-MaLR	1815	-	241	117206321	13553
chr10	117192768	117392768	harbor2	chr10	117214979	117215175	LTR/ERVL-MaLR	1362	-	98	117215077	22309
chr10	117192768	117392768	harbor2	chr10	117215210	117215384	LTR/ERVL-MaLR	1362	-	87	117215297	22529
chr10	117192768	117392768	harbor2	chr10	117227787	117228142	LTR/ERVL-MaLR	1593	-	178	117227965	35197
chr10	62705914	62905914	harbor2	chr10	62717107	62717332	LTR/ERVL-MaLR	522	-	112	62717219	11305
chr10	62705914	62905914	harbor2	chr10	62727973	62728341	LTR/ERVL-MaLR	2316	-	184	62728157	22243
chr10	62705914	62905914	harbor2	chr10	62766323	62766825	LTR/ERVL-MaLR	1547	-	251	62766574	60660
chr10	62705914	62905914	harbor2	chr10	62773630	62774064	LTR/ERVL-MaLR	522	-	217	62773847	67933
chr10	62705914	62905914	harbor2	chr10	62717764	62718163	LTR/ERVL-MaLR	2182	-	200	62717964	12050
chr10	133029357	133229357	harbor2	chr10	133051759	133052120	LTR/ERVL-MaLR	2129	-	180	133051939	22582
chr10	133029357	133229357	harbor2	chr10	133097679	133098034	LTR/ERVL-MaLR	816	-	178	133097857	68500
chr10	133029357	133229357	harbor2	chr10	133118358	133118772	LTR/ERVL-MaLR	2195	-	207	133118565	89208
chr10	133029357	133229357	harbor2	chr10	133123603	133124004	LTR/ERVL-MaLR	473	-	200	133123803	94446
chr10	132252799	132452799	harbor2	chr10	132289519	132289881	LTR/ERVL-MaLR	1814	-	181	132289700	36901
chr10	132252799	132452799	harbor2	chr10	132311686	132311926	LTR/ERVL-MaLR	663	-	120	132311806	59007
chr10	132252799	132452799	harbor2	chr10	132312400	132312657	LTR/ERVL-MaLR	1397	-	128	132312528	59729
chr10	132252799	132452799	harbor2	chr10	132323724	132324130	LTR/ERVL-MaLR	873	-	203	132323927	71128
chr10	130910490	131110490	harbor2	chr10	130993731	130994073	LTR/ERVL-MaLR	729	-	171	130993902	83412
chr10	2968256	3168256	harbor2	chr10	3024048	3024435	LTR/ERVL-MaLR	657	-	194	3024242	55986
chr10	2968256	3168256	harbor2	chr10	3035377	3035733	LTR/ERVL-MaLR	2419	-	178	3035555	67299
chr10	2968256	3168256	harbor2	chr10	3054141	3054570	LTR/ERVL-MaLR	889	-	214	3054355	86099
chr10	2968256	3168256	harbor2	chr10	3055409	3055668	LTR/ERVL-MaLR	1788	-	130	3055539	87283
chr10	2968256	3168256	harbor2	chr10	3055981	3056112	LTR/ERVL-MaLR	1788	-	66	3056047	87791
chr10	132247691	132447691	harbor2	chr10	132289519	132289881	LTR/ERVL-MaLR	1814	-	181	132289700	42009
chr10	132247691	132447691	harbor2	chr10	132311686	132311926	LTR/ERVL-MaLR	663	-	120	132311806	64115
chr10	132247691	132447691	harbor2	chr10	132312400	132312657	LTR/ERVL-MaLR	1397	-	128	132312528	64837
chr10	132247691	132447691	harbor2	chr10	132323724	132324130	LTR/ERVL-MaLR	873	-	203	132323927	76236
chr10	96988807	97188807	harbor2	chr10	97053972	97054153	LTR/ERVL-MaLR	1046	-	90	97054062	65255
chr10	89246928	89446928	harbor2	chr10	89253218	89253576	LTR/ERVL-MaLR	2440	-	179	89253397	6469
chr10	89246928	89446928	harbor2	chr10	89253577	89255158	LTR/ERVL-MaLR	12429	-	790	89254367	7439
chr10	89246928	89446928	harbor2	chr10	89255162	89255519	LTR/ERVL-MaLR	2258	-	178	89255340	8412
chr10	89246928	89446928	harbor2	chr10	89293495	89293674	LTR/ERVL-MaLR	1544	-	90	89293585	46657
chr10	89246928	89446928	harbor2	chr10	89293716	89293927	LTR/ERVL-MaLR	1544	-	106	89293822	46894
chr10	89246928	89446928	harbor2	chr10	89294257	89294640	LTR/ERVL-MaLR	1984	-	192	89294449	47521
chr10	131310675	131510675	harbor2	chr10	131326975	131327357	LTR/ERVL-MaLR	1915	-	191	131327166	16491
chr10	131310675	131510675	harbor2	chr10	131366123	131366538	LTR/ERVL-MaLR	2646	-	208	131366331	55656
chr10	131310675	131510675	harbor2	chr10	131382227	131382509	LTR/ERVL-MaLR	528	-	141	131382368	71693
chr10	131310675	131510675	harbor2	chr10	131382516	131382823	LTR/ERVL-MaLR	620	-	154	131382670	71995
chr10	131310675	131510675	harbor2	chr10	131393945	131394410	LTR/ERVL-MaLR	1703	-	232	131394177	83502
chr10	106074072	106274072	harbor2	chr10	106097622	106098121	LTR/ERVL-MaLR	1587	-	250	106097872	23800
chr10	106074072	106274072	harbor2	chr10	106120979	106121339	LTR/ERVL-MaLR	1682	-	180	106121159	47087
chr10	100912453	101112453	harbor2	chr10	100923161	100923503	LTR/ERVL-MaLR	1135	-	171	100923332	10879
chr10	100912453	101112453	harbor2	chr10	100930200	100930603	LTR/ERVL-MaLR	526	-	202	100930402	17949
chr10	133058669	133258669	harbor2	chr10	133097679	133098034	LTR/ERVL-MaLR	816	-	178	133097857	39188
chr10	133058669	133258669	harbor2	chr10	133118358	133118772	LTR/ERVL-MaLR	2195	-	207	133118565	59896
chr10	133058669	133258669	harbor2	chr10	133123603	133124004	LTR/ERVL-MaLR	473	-	200	133123803	65134
chr10	95990339	96190339	harbor2	chr10	96030601	96030673	LTR/ERVL-MaLR	521	-	36	96030637	40298
chr10	95990339	96190339	harbor2	chr10	96034143	96034317	LTR/ERVL-MaLR	532	-	87	96034230	43891
chr10	95990339	96190339	harbor2	chr10	96034501	96034788	LTR/ERVL-MaLR	532	-	144	96034645	44306
chr10	95990339	96190339	harbor2	chr10	96062368	96062753	LTR/ERVL-MaLR	2136	-	192	96062560	72221
chr10	96976278	97176278	harbor2	chr10	97053972	97054153	LTR/ERVL-MaLR	1046	-	90	97054062	77784
chr10	113237565	113437565	harbor2	chr10	113253319	113253611	LTR/ERVL-MaLR	1539	-	146	113253465	15900
chr10	113237565	113437565	harbor2	chr10	113253919	113254150	LTR/ERVL-MaLR	1539	-	116	113254035	16470
chr10	113237565	113437565	harbor2	chr10	113280198	113280449	LTR/ERVL-MaLR	535	-	126	113280324	42759
chr10	113237565	113437565	harbor2	chr10	113283670	113284139	LTR/ERVL-MaLR	1769	-	234	113283904	46339
chr10	113237565	113437565	harbor2	chr10	113290050	113290423	LTR/ERVL-MaLR	2286	-	186	113290236	52671
chr10	113237565	113437565	harbor2	chr10	113295407	113295919	LTR/ERVL-MaLR	499	-	256	113295663	58098
chr10	113237565	113437565	harbor2	chr10	113300573	113300653	LTR/ERVL-MaLR	908	-	40	113300613	63048
chr10	113237565	113437565	harbor2	chr10	113301329	113301694	LTR/ERVL-MaLR	908	-	182	113301511	63946
chr10	113237565	113437565	harbor2	chr10	113303210	113303621	LTR/ERVL-MaLR	1796	-	206	113303416	65851
chr10	113237565	113437565	harbor2	chr10	113316939	113317299	LTR/ERVL-MaLR	2286	-	180	113317119	79554
chr10	113237565	113437565	harbor2	chr10	113320189	113320461	LTR/ERVL-MaLR	856	-	136	113320325	82760
chr10	113237565	113437565	harbor2	chr10	113330877	113331153	LTR/ERVL-MaLR	1230	-	138	113331015	93450
chr10	113237565	113437565	harbor2	chr10	113335617	113336036	LTR/ERVL-MaLR	1221	-	210	113335827	98262
chr10	97418040	97618040	harbor2	chr10	97515457	97515883	LTR/ERVL-MaLR	1082	-	213	97515670	97630
chr10	97399405	97599405	harbor2	chr10	97409583	97410071	LTR/ERVL-MaLR	884	-	244	97409827	10422
chr10	22742049	22942049	harbor2	chr10	22769043	22769411	LTR/ERVL-MaLR	1289	-	184	22769227	27178
chr10	22742049	22942049	harbor2	chr10	22776844	22777257	LTR/ERVL-MaLR	1874	-	206	22777050	35001
chr10	22742049	22942049	harbor2	chr10	22810498	22810928	LTR/ERVL-MaLR	1515	-	215	22810713	68664
chr10	22742049	22942049	harbor2	chr10	22817173	22817340	LTR/ERVL-MaLR	833	-	84	22817257	75208
chr10	132233360	132433360	harbor2	chr10	132289519	132289881	LTR/ERVL-MaLR	1814	-	181	132289700	56340
chr10	132233360	132433360	harbor2	chr10	132311686	132311926	LTR/ERVL-MaLR	663	-	120	132311806	78446
chr10	132233360	132433360	harbor2	chr10	132312400	132312657	LTR/ERVL-MaLR	1397	-	128	132312528	79168
chr10	132233360	132433360	harbor2	chr10	132323724	132324130	LTR/ERVL-MaLR	873	-	203	132323927	90567
chr10	13341913	13541913	harbor2	chr10	13400363	13400429	LTR/ERVL-MaLR	946	-	33	13400396	58483
chr10	13341913	13541913	harbor2	chr10	13401078	13401214	LTR/ERVL-MaLR	946	-	68	13401146	59233
chr10	13341913	13541913	harbor2	chr10	13401503	13401654	LTR/ERVL-MaLR	946	-	76	13401579	59666
chr10	13341913	13541913	harbor2	chr10	13401969	13402050	LTR/ERVL-MaLR	946	-	40	13402009	60096
chr10	13341913	13541913	harbor2	chr10	13412905	13413318	LTR/ERVL-MaLR	2664	-	206	13413111	71198
chr10	13341913	13541913	harbor2	chr10	13421668	13422047	LTR/ERVL-MaLR	1491	-	190	13421858	79945
chr10	72255017	72455017	harbor2	chr10	72312169	72312466	LTR/ERVL-MaLR	2436	-	148	72312317	57300
chr10	72255017	72455017	harbor2	chr10	72312764	72312955	LTR/ERVL-MaLR	2436	-	96	72312860	57843
chr10	92352968	92552968	harbor2	chr10	92408812	92409170	LTR/ERVL-MaLR	1602	-	179	92408991	56023
chr10	92352968	92552968	harbor2	chr10	92409179	92409312	LTR/ERVL-MaLR	1616	-	66	92409245	56277
chr10	92352968	92552968	harbor2	chr10	92409446	92409457	LTR/ERVL-MaLR	1616	-	6	92409452	56484
chr10	92352968	92552968	harbor2	chr10	92409751	92409990	LTR/ERVL-MaLR	1616	-	120	92409871	56903
chr10	92352968	92552968	harbor2	chr10	92410288	92410409	LTR/ERVL-MaLR	1616	-	60	92410348	57380
chr10	92352968	92552968	harbor2	chr10	92410678	92410799	LTR/ERVL-MaLR	572	-	60	92410738	57770
chr10	97398820	97598820	harbor2	chr10	97409583	97410071	LTR/ERVL-MaLR	884	-	244	97409827	11007
chr10	46182886	46382886	harbor2	chr10	46194150	46194518	LTR/ERVL-MaLR	1724	-	184	46194334	11448
chr10	46182886	46382886	harbor2	chr10	46194604	46194984	LTR/ERVL-MaLR	2381	-	190	46194794	11908
chr10	46182886	46382886	harbor2	chr10	46197873	46198237	LTR/ERVL-MaLR	1287	-	182	46198055	15169
chr10	46182886	46382886	harbor2	chr10	46198472	46198859	LTR/ERVL-MaLR	783	-	194	46198666	15780
chr10	46182886	46382886	harbor2	chr10	46222348	46222715	LTR/ERVL-MaLR	1437	-	184	46222532	39646
chr10	46182886	46382886	harbor2	chr10	46274032	46274584	LTR/ERVL-MaLR	2329	-	276	46274308	91422
chr10	43505466	43705466	harbor2	chr10	43535162	43535550	LTR/ERVL-MaLR	1248	-	194	43535356	29890
chr10	43505466	43705466	harbor2	chr10	43535564	43535942	LTR/ERVL-MaLR	4133	-	189	43535753	30287
chr10	43505466	43705466	harbor2	chr10	43536244	43537224	LTR/ERVL-MaLR	4133	-	490	43536734	31268
chr10	43505466	43705466	harbor2	chr10	43537580	43537737	LTR/ERVL-MaLR	649	-	78	43537658	32192
chr10	43505466	43705466	harbor2	chr10	43540071	43540265	LTR/ERVL-MaLR	524	-	97	43540168	34702
chr10	43505466	43705466	harbor2	chr10	43575401	43575892	LTR/ERVL-MaLR	2054	-	246	43575647	70181
chr10	43505466	43705466	harbor2	chr10	43599298	43599671	LTR/ERVL-MaLR	2213	-	186	43599484	94018
chr10	101036917	101236917	harbor2	chr10	101084867	101085051	LTR/ERVL-MaLR	994	-	92	101084959	48042
chr10	75308135	75508135	harbor2	chr10	75336544	75337041	LTR/ERVL-MaLR	2205	-	248	75336792	28657
chr10	75308135	75508135	harbor2	chr10	75337633	75337722	LTR/ERVL-MaLR	2205	-	44	75337677	29542
chr10	75308135	75508135	harbor2	chr10	75355696	75356155	LTR/ERVL-MaLR	1827	-	230	75355926	47791
chr10	75308135	75508135	harbor2	chr10	75376323	75376361	LTR/ERVL-MaLR	1928	-	19	75376342	68207
chr10	75308135	75508135	harbor2	chr10	75376671	75376995	LTR/ERVL-MaLR	1928	-	162	75376833	68698
chr10	75308135	75508135	harbor2	chr10	75377786	75378227	LTR/ERVL-MaLR	2575	-	220	75378006	69871
chr10	75308135	75508135	harbor2	chr10	75385303	75385789	LTR/ERVL-MaLR	1212	-	243	75385546	77411
chr10	75308135	75508135	harbor2	chr10	75390778	75391153	LTR/ERVL-MaLR	1506	-	188	75390966	82831
chr10	86842653	87042653	harbor2	chr10	86842641	86842999	LTR/ERVL-MaLR	2301	-	179	86842820	167
chr10	86842653	87042653	harbor2	chr10	86857447	86857803	LTR/ERVL-MaLR	1433	-	178	86857625	14972
chr10	86842653	87042653	harbor2	chr10	86857951	86858073	LTR/ERVL-MaLR	649	-	61	86858012	15359
chr10	86842653	87042653	harbor2	chr10	86863445	86863621	LTR/ERVL-MaLR	435	-	88	86863533	20880
chr10	86842653	87042653	harbor2	chr10	86879035	86879472	LTR/ERVL-MaLR	521	-	218	86879253	36600
chr10	86842653	87042653	harbor2	chr10	86879626	86880343	LTR/ERVL-MaLR	969	-	358	86879984	37331
chr10	86842653	87042653	harbor2	chr10	86916462	86916605	LTR/ERVL-MaLR	579	-	72	86916534	73881
chr10	86842653	87042653	harbor2	chr10	86917877	86918320	LTR/ERVL-MaLR	1595	-	222	86918099	75446
chr10	86842653	87042653	harbor2	chr10	86935790	86936150	LTR/ERVL-MaLR	2365	-	180	86935970	93317
chr10	22337523	22537523	harbor2	chr10	22383969	22384324	LTR/ERVL-MaLR	776	-	178	22384147	46624
chr10	22337523	22537523	harbor2	chr10	22395922	22396164	LTR/ERVL-MaLR	1277	-	121	22396043	58520
chr10	22337523	22537523	harbor2	chr10	22396519	22396529	LTR/ERVL-MaLR	1277	-	5	22396524	59001
chr10	46916741	47116741	harbor2	chr10	46954109	46954389	LTR/ERVL-MaLR	1595	-	140	46954249	37508
chr10	46916741	47116741	harbor2	chr10	46973047	46973419	LTR/ERVL-MaLR	1860	-	186	46973233	56492
chr10	46916741	47116741	harbor2	chr10	46973420	46974391	LTR/ERVL-MaLR	4540	-	486	46973906	57165
chr10	46916741	47116741	harbor2	chr10	46974388	46974527	LTR/ERVL-MaLR	747	-	70	46974458	57717
chr10	46916741	47116741	harbor2	chr10	46974528	46974943	LTR/ERVL-MaLR	2444	-	208	46974736	57995
chr10	132233977	132433977	harbor2	chr10	132289519	132289881	LTR/ERVL-MaLR	1814	-	181	132289700	55723
chr10	132233977	132433977	harbor2	chr10	132311686	132311926	LTR/ERVL-MaLR	663	-	120	132311806	77829
chr10	132233977	132433977	harbor2	chr10	132312400	132312657	LTR/ERVL-MaLR	1397	-	128	132312528	78551
chr10	132233977	132433977	harbor2	chr10	132323724	132324130	LTR/ERVL-MaLR	873	-	203	132323927	89950
chr10	71242673	71442673	harbor2	chr10	71320366	71320544	LTR/ERVL-MaLR	825	-	89	71320455	77782
chr10	71242673	71442673	harbor2	chr10	71323271	71323737	LTR/ERVL-MaLR	1178	-	233	71323504	80831
chr10	71242673	71442673	harbor2	chr10	71336019	71336348	LTR/ERVL-MaLR	816	-	164	71336183	93510
chr10	71242673	71442673	harbor2	chr10	71341623	71342160	LTR/ERVL-MaLR	1442	-	268	71341891	99218
chr10	5312490	5512490	harbor2	chr10	5312165	5312522	LTR/ERVL-MaLR	1420	-	178	5312343	147
chr10	5312490	5512490	harbor2	chr10	5327766	5328168	LTR/ERVL-MaLR	2333	-	201	5327967	15477
chr10	5312490	5512490	harbor2	chr10	5379263	5379618	LTR/ERVL-MaLR	2376	-	178	5379441	66951
chr10	5312490	5512490	harbor2	chr10	5395700	5396133	LTR/ERVL-MaLR	1493	-	216	5395916	83426
chr10	47240671	47440671	harbor2	chr10	47260006	47260443	LTR/ERVL-MaLR	2278	-	218	47260224	19553
chr10	47240671	47440671	harbor2	chr10	47287641	47288229	LTR/ERVL-MaLR	1608	-	294	47287935	47264
chr10	75111455	75311455	harbor2	chr10	75174832	75175357	LTR/ERVL-MaLR	1223	-	262	75175094	63639
chr10	131310707	131510707	harbor2	chr10	131326975	131327357	LTR/ERVL-MaLR	1915	-	191	131327166	16459
chr10	131310707	131510707	harbor2	chr10	131366123	131366538	LTR/ERVL-MaLR	2646	-	208	131366331	55624
chr10	131310707	131510707	harbor2	chr10	131382227	131382509	LTR/ERVL-MaLR	528	-	141	131382368	71661
chr10	131310707	131510707	harbor2	chr10	131382516	131382823	LTR/ERVL-MaLR	620	-	154	131382670	71963
chr10	131310707	131510707	harbor2	chr10	131393945	131394410	LTR/ERVL-MaLR	1703	-	232	131394177	83470
chr10	78867018	79067018	harbor2	chr10	78874856	78875166	LTR/ERVL-MaLR	426	-	155	78875011	7993
chr10	78867018	79067018	harbor2	chr10	78943285	78943716	LTR/ERVL-MaLR	1828	-	216	78943501	76483
chr10	78867018	79067018	harbor2	chr10	78953883	78954263	LTR/ERVL-MaLR	1140	-	190	78954073	87055
chr10	132358619	132558619	harbor2	chr10	132376449	132376637	LTR/ERVL-MaLR	441	-	94	132376543	17924
chr10	132358619	132558619	harbor2	chr10	132433990	132434348	LTR/ERVL-MaLR	1272	-	179	132434169	75550
chr10	75111531	75311531	harbor2	chr10	75174832	75175357	LTR/ERVL-MaLR	1223	-	262	75175094	63563
chr10	62713157	62913157	harbor2	chr10	62717107	62717332	LTR/ERVL-MaLR	522	-	112	62717219	4062
chr10	62713157	62913157	harbor2	chr10	62727973	62728341	LTR/ERVL-MaLR	2316	-	184	62728157	15000
chr10	62713157	62913157	harbor2	chr10	62766323	62766825	LTR/ERVL-MaLR	1547	-	251	62766574	53417
chr10	62713157	62913157	harbor2	chr10	62773630	62774064	LTR/ERVL-MaLR	522	-	217	62773847	60690
chr10	62713157	62913157	harbor2	chr10	62717764	62718163	LTR/ERVL-MaLR	2182	-	200	62717964	4807
chr10	132988004	133188004	harbor2	chr10	133051759	133052120	LTR/ERVL-MaLR	2129	-	180	133051939	63935
chr10	29348352	29548352	harbor2	chr10	29372945	29373309	LTR/ERVL-MaLR	1689	-	182	29373127	24775
chr10	29348352	29548352	harbor2	chr10	29381642	29382095	LTR/ERVL-MaLR	1474	-	226	29381868	33516
chr10	29348352	29548352	harbor2	chr10	29424113	29424697	LTR/ERVL-MaLR	2514	-	292	29424405	76053
chr10	29348352	29548352	harbor2	chr10	29436613	29436719	LTR/ERVL-MaLR	651	-	53	29436666	88314
chr10	29348352	29548352	harbor2	chr10	29445073	29445546	LTR/ERVL-MaLR	2214	-	236	29445309	96957
chr10	97675345	97875345	harbor2	chr10	97691787	97692039	LTR/ERVL-MaLR	1450	-	126	97691913	16568
chr10	97675345	97875345	harbor2	chr10	97692346	97692486	LTR/ERVL-MaLR	1450	-	70	97692416	17071
chr10	97675345	97875345	harbor2	chr10	97698214	97698329	LTR/ERVL-MaLR	1382	-	58	97698272	22927
chr10	97675345	97875345	harbor2	chr10	97700848	97701159	LTR/ERVL-MaLR	1817	-	156	97701004	25659
chr10	97675345	97875345	harbor2	chr10	97703387	97703482	LTR/ERVL-MaLR	556	-	48	97703435	28090
chr10	97675345	97875345	harbor2	chr10	97704457	97704760	LTR/ERVL-MaLR	1308	-	152	97704609	29264
chr10	97675345	97875345	harbor2	chr10	97705084	97705182	LTR/ERVL-MaLR	1308	-	49	97705133	29788
chr10	97675345	97875345	harbor2	chr10	97726499	97726853	LTR/ERVL-MaLR	600	-	177	97726676	51331
chr10	97675345	97875345	harbor2	chr10	97755334	97755650	LTR/ERVL-MaLR	1549	-	158	97755492	80147
chr10	97675345	97875345	harbor2	chr10	97697653	97697911	LTR/ERVL-MaLR	1382	-	129	97697782	22437
chr10	14782829	14982829	harbor2	chr10	14789366	14789729	LTR/ERVL-MaLR	2229	-	182	14789548	6719
chr10	14782829	14982829	harbor2	chr10	14874514	14874877	LTR/ERVL-MaLR	1300	-	182	14874696	91867
chr10	128942080	129142080	harbor2	chr10	128965141	128965494	LTR/ERVL-MaLR	2180	-	176	128965317	23237
chr10	128942080	129142080	harbor2	chr10	128987920	128988302	LTR/ERVL-MaLR	2195	-	191	128988111	46031
chr10	35932	235932	harbor2	chr10	54711	54774	LTR/ERVL-MaLR	1822	-	32	54743	18811
chr10	35932	235932	harbor2	chr10	55055	55382	LTR/ERVL-MaLR	1884	-	164	55219	19287
chr10	35932	235932	harbor2	chr10	56376	56784	LTR/ERVL-MaLR	1835	-	204	56580	20648
chr10	35932	235932	harbor2	chr10	56785	58413	LTR/ERVL-MaLR	7707	-	814	57599	21667
chr10	35932	235932	harbor2	chr10	58414	58824	LTR/ERVL-MaLR	1929	-	205	58619	22687
chr10	35932	235932	harbor2	chr10	94623	94981	LTR/ERVL-MaLR	2111	-	179	94802	58870
chr10	35932	235932	harbor2	chr10	94983	95299	LTR/ERVL-MaLR	2524	-	158	95141	59209
chr10	35932	235932	harbor2	chr10	95908	96021	LTR/ERVL-MaLR	655	-	56	95964	60032
chr10	35932	235932	harbor2	chr10	96022	97446	LTR/ERVL-MaLR	9264	-	712	96734	60802
chr10	35932	235932	harbor2	chr10	97447	97798	LTR/ERVL-MaLR	1777	-	176	97623	61691
chr10	35932	235932	harbor2	chr10	110827	111205	LTR/ERVL-MaLR	2097	-	189	111016	75084
chr10	102252331	102452331	harbor2	chr10	102287251	102287329	LTR/ERVL-MaLR	1687	-	39	102287290	34959
chr10	102252331	102452331	harbor2	chr10	102287488	102287885	LTR/ERVL-MaLR	1687	-	198	102287686	35355
chr10	102252331	102452331	harbor2	chr10	102322959	102323430	LTR/ERVL-MaLR	668	-	236	102323195	70864
chr10	132251469	132451469	harbor2	chr10	132289519	132289881	LTR/ERVL-MaLR	1814	-	181	132289700	38231
chr10	132251469	132451469	harbor2	chr10	132311686	132311926	LTR/ERVL-MaLR	663	-	120	132311806	60337
chr10	132251469	132451469	harbor2	chr10	132312400	132312657	LTR/ERVL-MaLR	1397	-	128	132312528	61059
chr10	132251469	132451469	harbor2	chr10	132323724	132324130	LTR/ERVL-MaLR	873	-	203	132323927	72458
chr10	97399404	97599404	harbor2	chr10	97409583	97410071	LTR/ERVL-MaLR	884	-	244	97409827	10423
chr10	79279921	79479921	harbor2	chr10	79323557	79323859	LTR/ERVL-MaLR	548	-	151	79323708	43787
chr10	79279921	79479921	harbor2	chr10	79324050	79324492	LTR/ERVL-MaLR	880	-	221	79324271	44350
chr10	79279921	79479921	harbor2	chr10	79337873	79338370	LTR/ERVL-MaLR	1229	-	248	79338121	58200
chr10	79279921	79479921	harbor2	chr10	79362946	79363009	LTR/ERVL-MaLR	2096	-	32	79362978	83057
chr10	79279921	79479921	harbor2	chr10	79363330	79363702	LTR/ERVL-MaLR	2096	-	186	79363516	83595
chr10	110775618	110975618	harbor2	chr10	110775811	110776126	LTR/ERVL-MaLR	622	-	158	110775969	351
chr10	110775618	110975618	harbor2	chr10	110776309	110776804	LTR/ERVL-MaLR	2512	-	248	110776557	939
chr10	110775618	110975618	harbor2	chr10	110803760	110804347	LTR/ERVL-MaLR	924	-	294	110804054	28436
chr10	110775618	110975618	harbor2	chr10	110805949	110805989	LTR/ERVL-MaLR	2411	-	20	110805969	30351
chr10	110775618	110975618	harbor2	chr10	110806285	110806647	LTR/ERVL-MaLR	2411	-	181	110806466	30848
chr10	51860313	52060313	harbor2	chr10	51860192	51860592	LTR/ERVL-MaLR	1218	-	200	51860392	79
chr10	51860313	52060313	harbor2	chr10	51881237	51881678	LTR/ERVL-MaLR	1013	-	220	51881457	21144
chr10	51860313	52060313	harbor2	chr10	51884532	51884931	LTR/ERVL-MaLR	901	-	200	51884732	24419
chr10	51860313	52060313	harbor2	chr10	51934453	51934653	LTR/ERVL-MaLR	551	-	100	51934553	74240
chr10	89205746	89405746	harbor2	chr10	89253218	89253576	LTR/ERVL-MaLR	2440	-	179	89253397	47651
chr10	89205746	89405746	harbor2	chr10	89253577	89255158	LTR/ERVL-MaLR	12429	-	790	89254367	48621
chr10	89205746	89405746	harbor2	chr10	89255162	89255519	LTR/ERVL-MaLR	2258	-	178	89255340	49594
chr10	89205746	89405746	harbor2	chr10	89293495	89293674	LTR/ERVL-MaLR	1544	-	90	89293585	87839
chr10	89205746	89405746	harbor2	chr10	89293716	89293927	LTR/ERVL-MaLR	1544	-	106	89293822	88076
chr10	89205746	89405746	harbor2	chr10	89294257	89294640	LTR/ERVL-MaLR	1984	-	192	89294449	88703
chr10	46182816	46382816	harbor2	chr10	46194150	46194518	LTR/ERVL-MaLR	1724	-	184	46194334	11518
chr10	46182816	46382816	harbor2	chr10	46194604	46194984	LTR/ERVL-MaLR	2381	-	190	46194794	11978
chr10	46182816	46382816	harbor2	chr10	46197873	46198237	LTR/ERVL-MaLR	1287	-	182	46198055	15239
chr10	46182816	46382816	harbor2	chr10	46198472	46198859	LTR/ERVL-MaLR	783	-	194	46198666	15850
chr10	46182816	46382816	harbor2	chr10	46222348	46222715	LTR/ERVL-MaLR	1437	-	184	46222532	39716
chr10	46182816	46382816	harbor2	chr10	46274032	46274584	LTR/ERVL-MaLR	2329	-	276	46274308	91492
chr10	14778690	14978690	harbor2	chr10	14789366	14789729	LTR/ERVL-MaLR	2229	-	182	14789548	10858
chr10	14778690	14978690	harbor2	chr10	14874514	14874877	LTR/ERVL-MaLR	1300	-	182	14874696	96006
chr10	48094820	48294820	harbor2	chr10	48116945	48117341	LTR/ERVL-MaLR	2123	-	198	48117143	22323
chr10	48094820	48294820	harbor2	chr10	48128502	48128689	LTR/ERVL-MaLR	680	-	94	48128596	33776
chr10	48094820	48294820	harbor2	chr10	48128731	48129122	LTR/ERVL-MaLR	1730	-	196	48128927	34107
chr10	48094820	48294820	harbor2	chr10	48129117	48129793	LTR/ERVL-MaLR	3308	-	338	48129455	34635
chr10	48094820	48294820	harbor2	chr10	48129795	48130220	LTR/ERVL-MaLR	1501	-	212	48130007	35187
chr10	48094820	48294820	harbor2	chr10	48141250	48141627	LTR/ERVL-MaLR	2174	-	188	48141438	46618
chr10	48094820	48294820	harbor2	chr10	48141935	48141975	LTR/ERVL-MaLR	2174	-	20	48141955	47135
chr10	48094820	48294820	harbor2	chr10	48143057	48143431	LTR/ERVL-MaLR	1535	-	187	48143244	48424
chr10	48094820	48294820	harbor2	chr10	48147411	48147741	LTR/ERVL-MaLR	669	-	165	48147576	52756
chr10	67774631	67974631	harbor2	chr10	67782264	67782328	LTR/ERVL-MaLR	1744	-	32	67782296	7665
chr10	67774631	67974631	harbor2	chr10	67782634	67783009	LTR/ERVL-MaLR	1744	-	188	67782822	8191
chr10	67774631	67974631	harbor2	chr10	67786448	67786739	LTR/ERVL-MaLR	1975	-	146	67786594	11963
chr10	67774631	67974631	harbor2	chr10	67787224	67787325	LTR/ERVL-MaLR	1975	-	50	67787274	12643
chr10	67774631	67974631	harbor2	chr10	67795047	67795409	LTR/ERVL-MaLR	2143	-	181	67795228	20597
chr10	67774631	67974631	harbor2	chr10	67809974	67810332	LTR/ERVL-MaLR	1892	-	179	67810153	35522
chr10	67774631	67974631	harbor2	chr10	67845580	67845881	LTR/ERVL-MaLR	1503	-	150	67845730	71099
chr10	67774631	67974631	harbor2	chr10	67866043	67866590	LTR/ERVL-MaLR	1444	-	274	67866317	91686
chr10	7959189	8159189	harbor2	chr10	7989132	7989302	LTR/ERVL-MaLR	471	-	85	7989217	30028
chr10	7959189	8159189	harbor2	chr10	7996069	7996477	LTR/ERVL-MaLR	533	-	204	7996273	37084
chr10	47240692	47440692	harbor2	chr10	47260006	47260443	LTR/ERVL-MaLR	2278	-	218	47260224	19532
chr10	47240692	47440692	harbor2	chr10	47287641	47288229	LTR/ERVL-MaLR	1608	-	294	47287935	47243
chr10	69473042	69673042	harbor2	chr10	69482846	69482978	LTR/ERVL-MaLR	2458	-	66	69482912	9870
chr10	69473042	69673042	harbor2	chr10	69483288	69483562	LTR/ERVL-MaLR	2458	-	137	69483425	10383
chr10	69473042	69673042	harbor2	chr10	69529504	69529702	LTR/ERVL-MaLR	606	-	99	69529603	56561
chr10	69473042	69673042	harbor2	chr10	69530120	69530315	LTR/ERVL-MaLR	606	-	98	69530218	57176
chr10	69473042	69673042	harbor2	chr10	69536471	69536702	LTR/ERVL-MaLR	1694	-	116	69536587	63545
chr10	69473042	69673042	harbor2	chr10	69537002	69537160	LTR/ERVL-MaLR	1694	-	79	69537081	64039
chr10	69473042	69673042	harbor2	chr10	69537417	69537769	LTR/ERVL-MaLR	1509	-	176	69537593	64551
chr10	69473042	69673042	harbor2	chr10	69537859	69538218	LTR/ERVL-MaLR	1819	-	180	69538039	64997
chr10	69473042	69673042	harbor2	chr10	69539611	69539969	LTR/ERVL-MaLR	940	-	179	69539790	66748
chr10	69473042	69673042	harbor2	chr10	69541354	69541468	LTR/ERVL-MaLR	724	-	57	69541411	68369
chr10	69473042	69673042	harbor2	chr10	69541495	69542465	LTR/ERVL-MaLR	3820	-	485	69541980	68938
chr10	69473042	69673042	harbor2	chr10	69542468	69542854	LTR/ERVL-MaLR	2621	-	193	69542661	69619
chr10	69473042	69673042	harbor2	chr10	69547638	69548195	LTR/ERVL-MaLR	1089	-	278	69547916	74874
chr10	69473042	69673042	harbor2	chr10	69556151	69556594	LTR/ERVL-MaLR	1144	-	222	69556373	83331
chr11	133733675	133933675	harbor2	chr11	133735213	133735605	LTR/ERVL-MaLR	2241	-	196	133735409	1734
chr11	133733675	133933675	harbor2	chr11	133736187	133736503	LTR/ERVL-MaLR	1246	-	158	133736345	2670
chr11	133733675	133933675	harbor2	chr11	133742697	133743093	LTR/ERVL-MaLR	2015	-	198	133742895	9220
chr11	133733675	133933675	harbor2	chr11	133748622	133749004	LTR/ERVL-MaLR	1858	-	191	133748813	15138
chr11	133733675	133933675	harbor2	chr11	133798263	133798900	LTR/ERVL-MaLR	2293	-	318	133798581	64906
chr11	133733675	133933675	harbor2	chr11	133802413	133802845	LTR/ERVL-MaLR	1029	-	216	133802629	68954
chr11	133733675	133933675	harbor2	chr11	133803165	133803492	LTR/ERVL-MaLR	827	-	164	133803329	69654
chr11	133733675	133933675	harbor2	chr11	133815017	133815211	LTR/ERVL-MaLR	476	-	97	133815114	81439
chr11	133733675	133933675	harbor2	chr11	133815208	133815535	LTR/ERVL-MaLR	1943	-	164	133815372	81697
chr11	133733675	133933675	harbor2	chr11	133816082	133816463	LTR/ERVL-MaLR	1943	-	190	133816272	82597
chr11	133733675	133933675	harbor2	chr11	133816662	133816822	LTR/ERVL-MaLR	588	-	80	133816742	83067
chr11	122404333	122604333	harbor2	chr11	122404925	122405379	LTR/ERVL-MaLR	2661	-	227	122405152	819
chr11	122404333	122604333	harbor2	chr11	122410665	122411077	LTR/ERVL-MaLR	2249	-	206	122410871	6538
chr11	122404333	122604333	harbor2	chr11	122447278	122447721	LTR/ERVL-MaLR	677	-	222	122447500	43167
chr11	122404333	122604333	harbor2	chr11	122495828	122496178	LTR/ERVL-MaLR	2220	-	175	122496003	91670
chr11	5191705	5391705	harbor2	chr11	5247162	5247498	LTR/ERVL-MaLR	1100	-	168	5247330	55625
chr11	5191705	5391705	harbor2	chr11	5251946	5252277	LTR/ERVL-MaLR	913	-	166	5252112	60407
chr11	5134523	5334523	harbor2	chr11	5190877	5191239	LTR/ERVL-MaLR	2344	-	181	5191058	56535
chr11	5127958	5327958	harbor2	chr11	5190877	5191239	LTR/ERVL-MaLR	2344	-	181	5191058	63100
chr11	5169679	5369679	harbor2	chr11	5190877	5191239	LTR/ERVL-MaLR	2344	-	181	5191058	21379
chr11	5169679	5369679	harbor2	chr11	5247162	5247498	LTR/ERVL-MaLR	1100	-	168	5247330	77651
chr11	5169679	5369679	harbor2	chr11	5251946	5252277	LTR/ERVL-MaLR	913	-	166	5252112	82433
chr11	5127422	5327422	harbor2	chr11	5190877	5191239	LTR/ERVL-MaLR	2344	-	181	5191058	63636
chr11	5134276	5334276	harbor2	chr11	5190877	5191239	LTR/ERVL-MaLR	2344	-	181	5191058	56782
chr11	5188729	5388729	harbor2	chr11	5190877	5191239	LTR/ERVL-MaLR	2344	-	181	5191058	2329
chr11	5188729	5388729	harbor2	chr11	5247162	5247498	LTR/ERVL-MaLR	1100	-	168	5247330	58601
chr11	5188729	5388729	harbor2	chr11	5251946	5252277	LTR/ERVL-MaLR	913	-	166	5252112	63383
chr11	68651701	68851701	harbor2	chr11	68673270	68673622	LTR/ERVL-MaLR	2310	-	176	68673446	21745
chr11	68651701	68851701	harbor2	chr11	68679553	68679793	LTR/ERVL-MaLR	656	-	120	68679673	27972
chr11	5181733	5381733	harbor2	chr11	5190877	5191239	LTR/ERVL-MaLR	2344	-	181	5191058	9325
chr11	5181733	5381733	harbor2	chr11	5247162	5247498	LTR/ERVL-MaLR	1100	-	168	5247330	65597
chr11	5181733	5381733	harbor2	chr11	5251946	5252277	LTR/ERVL-MaLR	913	-	166	5252112	70379
chr11	72123248	72323248	harbor2	chr11	72123374	72123798	LTR/ERVL-MaLR	1912	-	212	72123586	338
chr11	72123248	72323248	harbor2	chr11	72132967	72133099	LTR/ERVL-MaLR	495	-	66	72133033	9785
chr11	72123248	72323248	harbor2	chr11	72198688	72198898	LTR/ERVL-MaLR	464	-	105	72198793	75545
chr11	64242719	64442719	harbor2	chr11	64327442	64327804	LTR/ERVL-MaLR	1277	-	181	64327623	84904
chr11	108021538	108221538	harbor2	chr11	108048435	108048647	LTR/ERVL-MaLR	522	-	106	108048541	27003
chr11	108021538	108221538	harbor2	chr11	108061726	108062093	LTR/ERVL-MaLR	1826	-	184	108061910	40372
chr11	108021538	108221538	harbor2	chr11	108095201	108095383	LTR/ERVL-MaLR	415	-	91	108095292	73754
chr11	108021538	108221538	harbor2	chr11	108114175	108114603	LTR/ERVL-MaLR	1376	-	214	108114389	92851
chr11	108021538	108221538	harbor2	chr11	108114618	108114900	LTR/ERVL-MaLR	965	-	141	108114759	93221
chr11	108021538	108221538	harbor2	chr11	108115235	108115813	LTR/ERVL-MaLR	2323	-	289	108115524	93986
chr11	108021538	108221538	harbor2	chr11	108116252	108116330	LTR/ERVL-MaLR	2323	-	39	108116291	94753
chr11	108021538	108221538	harbor2	chr11	108120555	108120744	LTR/ERVL-MaLR	819	-	94	108120649	99111
chr11	2054925	2254925	harbor2	chr11	2091684	2091917	LTR/ERVL-MaLR	577	-	116	2091800	36875
chr11	2054925	2254925	harbor2	chr11	2107942	2108434	LTR/ERVL-MaLR	1324	-	246	2108188	53263
chr11	5127208	5327208	harbor2	chr11	5190877	5191239	LTR/ERVL-MaLR	2344	-	181	5191058	63850
chr11	5744773	5944773	harbor2	chr11	5766986	5767428	LTR/ERVL-MaLR	2315	-	221	5767207	22434
chr11	5128910	5328910	harbor2	chr11	5190877	5191239	LTR/ERVL-MaLR	2344	-	181	5191058	62148
chr11	57401529	57601529	harbor2	chr11	57420100	57420423	LTR/ERVL-MaLR	714	-	162	57420262	18733
chr11	57401529	57601529	harbor2	chr11	57447425	57447492	LTR/ERVL-MaLR	434	-	34	57447459	45930
chr11	57401529	57601529	harbor2	chr11	57448364	57448538	LTR/ERVL-MaLR	995	-	87	57448451	46922
chr11	57401529	57601529	harbor2	chr11	57448842	57448870	LTR/ERVL-MaLR	995	-	14	57448856	47327
chr11	120028317	120228317	harbor2	chr11	120029948	120030335	LTR/ERVL-MaLR	2303	-	194	120030142	1825
chr11	120028317	120228317	harbor2	chr11	120031543	120032012	LTR/ERVL-MaLR	537	-	234	120031777	3460
chr11	120028317	120228317	harbor2	chr11	120042704	120043121	LTR/ERVL-MaLR	2416	-	208	120042912	14595
chr11	120028317	120228317	harbor2	chr11	120043136	120044743	LTR/ERVL-MaLR	8623	-	804	120043940	15623
chr11	120028317	120228317	harbor2	chr11	120044748	120045166	LTR/ERVL-MaLR	2680	-	209	120044957	16640
chr11	120028317	120228317	harbor2	chr11	120051757	120052122	LTR/ERVL-MaLR	823	-	182	120051939	23622
chr11	120028317	120228317	harbor2	chr11	120052828	120053246	LTR/ERVL-MaLR	513	-	209	120053037	24720
chr11	108021539	108221539	harbor2	chr11	108048435	108048647	LTR/ERVL-MaLR	522	-	106	108048541	27002
chr11	108021539	108221539	harbor2	chr11	108061726	108062093	LTR/ERVL-MaLR	1826	-	184	108061910	40371
chr11	108021539	108221539	harbor2	chr11	108095201	108095383	LTR/ERVL-MaLR	415	-	91	108095292	73753
chr11	108021539	108221539	harbor2	chr11	108114175	108114603	LTR/ERVL-MaLR	1376	-	214	108114389	92850
chr11	108021539	108221539	harbor2	chr11	108114618	108114900	LTR/ERVL-MaLR	965	-	141	108114759	93220
chr11	108021539	108221539	harbor2	chr11	108115235	108115813	LTR/ERVL-MaLR	2323	-	289	108115524	93985
chr11	108021539	108221539	harbor2	chr11	108116252	108116330	LTR/ERVL-MaLR	2323	-	39	108116291	94752
chr11	108021539	108221539	harbor2	chr11	108120555	108120744	LTR/ERVL-MaLR	819	-	94	108120649	99110
chr11	119392012	119592012	harbor2	chr11	119409705	119410181	LTR/ERVL-MaLR	1293	-	238	119409943	17931
chr11	119392012	119592012	harbor2	chr11	119411591	119411956	LTR/ERVL-MaLR	2154	-	182	119411773	19761
chr11	119392012	119592012	harbor2	chr11	119414319	119414776	LTR/ERVL-MaLR	1455	-	228	119414547	22535
chr11	119392012	119592012	harbor2	chr11	119437094	119437336	LTR/ERVL-MaLR	1455	-	121	119437215	45203
chr11	119392012	119592012	harbor2	chr11	119438299	119438448	LTR/ERVL-MaLR	1455	-	74	119438373	46361
chr11	119392012	119592012	harbor2	chr11	119441256	119441502	LTR/ERVL-MaLR	1643	-	123	119441379	49367
chr11	119392012	119592012	harbor2	chr11	119441503	119441566	LTR/ERVL-MaLR	2406	-	32	119441535	49523
chr11	119392012	119592012	harbor2	chr11	119441858	119442205	LTR/ERVL-MaLR	2406	-	174	119442032	50020
chr11	119392012	119592012	harbor2	chr11	119442206	119442365	LTR/ERVL-MaLR	1643	-	80	119442286	50274
chr11	119392012	119592012	harbor2	chr11	119449979	119450462	LTR/ERVL-MaLR	1202	-	242	119450221	58209
chr11	119392012	119592012	harbor2	chr11	119487738	119488107	LTR/ERVL-MaLR	2347	-	184	119487922	95910
chr11	5133667	5333667	harbor2	chr11	5190877	5191239	LTR/ERVL-MaLR	2344	-	181	5191058	57391
chr11	2059643	2259643	harbor2	chr11	2091684	2091917	LTR/ERVL-MaLR	577	-	116	2091800	32157
chr11	2059643	2259643	harbor2	chr11	2107942	2108434	LTR/ERVL-MaLR	1324	-	246	2108188	48545
chr11	5127183	5327183	harbor2	chr11	5190877	5191239	LTR/ERVL-MaLR	2344	-	181	5191058	63875
chr11	5135332	5335332	harbor2	chr11	5190877	5191239	LTR/ERVL-MaLR	2344	-	181	5191058	55726
chr11	5226377	5426377	harbor2	chr11	5247162	5247498	LTR/ERVL-MaLR	1100	-	168	5247330	20953
chr11	5226377	5426377	harbor2	chr11	5251946	5252277	LTR/ERVL-MaLR	913	-	166	5252112	25735
chr11	5134532	5334532	harbor2	chr11	5190877	5191239	LTR/ERVL-MaLR	2344	-	181	5191058	56526
chr11	46138377	46338377	harbor2	chr11	46151166	46151375	LTR/ERVL-MaLR	869	-	104	46151270	12893
chr11	46138377	46338377	harbor2	chr11	46151430	46151591	LTR/ERVL-MaLR	551	-	80	46151510	13133
chr11	46138377	46338377	harbor2	chr11	46177734	46178082	LTR/ERVL-MaLR	1186	-	174	46177908	39531
chr11	46138377	46338377	harbor2	chr11	46183096	46183263	LTR/ERVL-MaLR	440	-	84	46183180	44803
chr11	119842499	120042499	harbor2	chr11	119846395	119846737	LTR/ERVL-MaLR	1768	-	171	119846566	4067
chr11	119842499	120042499	harbor2	chr11	119855904	119856399	LTR/ERVL-MaLR	2171	-	248	119856152	13653
chr11	119842499	120042499	harbor2	chr11	119868141	119868592	LTR/ERVL-MaLR	937	-	226	119868367	25868
chr11	119842499	120042499	harbor2	chr11	119879043	119879397	LTR/ERVL-MaLR	2061	-	177	119879220	36721
chr11	119842499	120042499	harbor2	chr11	119902727	119903080	LTR/ERVL-MaLR	2631	-	176	119902903	60404
chr11	119842499	120042499	harbor2	chr11	119915130	119915494	LTR/ERVL-MaLR	2584	-	182	119915312	72813
chr11	119842499	120042499	harbor2	chr11	119930866	119931288	LTR/ERVL-MaLR	1450	-	211	119931077	88578
chr11	5127072	5327072	harbor2	chr11	5190877	5191239	LTR/ERVL-MaLR	2344	-	181	5191058	63986
chr11	108021885	108221885	harbor2	chr11	108048435	108048647	LTR/ERVL-MaLR	522	-	106	108048541	26656
chr11	108021885	108221885	harbor2	chr11	108061726	108062093	LTR/ERVL-MaLR	1826	-	184	108061910	40025
chr11	108021885	108221885	harbor2	chr11	108095201	108095383	LTR/ERVL-MaLR	415	-	91	108095292	73407
chr11	108021885	108221885	harbor2	chr11	108114175	108114603	LTR/ERVL-MaLR	1376	-	214	108114389	92504
chr11	108021885	108221885	harbor2	chr11	108114618	108114900	LTR/ERVL-MaLR	965	-	141	108114759	92874
chr11	108021885	108221885	harbor2	chr11	108115235	108115813	LTR/ERVL-MaLR	2323	-	289	108115524	93639
chr11	108021885	108221885	harbor2	chr11	108116252	108116330	LTR/ERVL-MaLR	2323	-	39	108116291	94406
chr11	108021885	108221885	harbor2	chr11	108120555	108120744	LTR/ERVL-MaLR	819	-	94	108120649	98764
chr11	5127114	5327114	harbor2	chr11	5190877	5191239	LTR/ERVL-MaLR	2344	-	181	5191058	63944
chr11	57401008	57601008	harbor2	chr11	57420100	57420423	LTR/ERVL-MaLR	714	-	162	57420262	19254
chr11	57401008	57601008	harbor2	chr11	57447425	57447492	LTR/ERVL-MaLR	434	-	34	57447459	46451
chr11	57401008	57601008	harbor2	chr11	57448364	57448538	LTR/ERVL-MaLR	995	-	87	57448451	47443
chr11	57401008	57601008	harbor2	chr11	57448842	57448870	LTR/ERVL-MaLR	995	-	14	57448856	47848
chr11	5129662	5329662	harbor2	chr11	5190877	5191239	LTR/ERVL-MaLR	2344	-	181	5191058	61396
chr11	5191376	5391376	harbor2	chr11	5247162	5247498	LTR/ERVL-MaLR	1100	-	168	5247330	55954
chr11	5191376	5391376	harbor2	chr11	5251946	5252277	LTR/ERVL-MaLR	913	-	166	5252112	60736
chr11	5134537	5334537	harbor2	chr11	5190877	5191239	LTR/ERVL-MaLR	2344	-	181	5191058	56521
chr11	5127991	5327991	harbor2	chr11	5190877	5191239	LTR/ERVL-MaLR	2344	-	181	5191058	63067
chr11	6290207	6490207	harbor2	chr11	6312472	6312693	LTR/ERVL-MaLR	1156	-	110	6312582	22375
chr11	6290207	6490207	harbor2	chr11	6313447	6313565	LTR/ERVL-MaLR	1156	-	59	6313506	23299
chr11	6290207	6490207	harbor2	chr11	6327442	6327807	LTR/ERVL-MaLR	1149	-	182	6327624	37417
chr11	6290207	6490207	harbor2	chr11	6349114	6349557	LTR/ERVL-MaLR	1667	-	222	6349336	59129
chr11	5140669	5340669	harbor2	chr11	5190877	5191239	LTR/ERVL-MaLR	2344	-	181	5191058	50389
chr11	5127134	5327134	harbor2	chr11	5190877	5191239	LTR/ERVL-MaLR	2344	-	181	5191058	63924
chr11	65472319	65672319	harbor2	chr11	65519782	65519799	LTR/ERVL-MaLR	414	-	8	65519790	47471
chr11	65472319	65672319	harbor2	chr11	65520097	65520162	LTR/ERVL-MaLR	414	-	32	65520129	47810
chr11	5140326	5340326	harbor2	chr11	5190877	5191239	LTR/ERVL-MaLR	2344	-	181	5191058	50732
chr11	57414568	57614568	harbor2	chr11	57420100	57420423	LTR/ERVL-MaLR	714	-	162	57420262	5694
chr11	57414568	57614568	harbor2	chr11	57447425	57447492	LTR/ERVL-MaLR	434	-	34	57447459	32891
chr11	57414568	57614568	harbor2	chr11	57448364	57448538	LTR/ERVL-MaLR	995	-	87	57448451	33883
chr11	57414568	57614568	harbor2	chr11	57448842	57448870	LTR/ERVL-MaLR	995	-	14	57448856	34288
chr11	108021571	108221571	harbor2	chr11	108048435	108048647	LTR/ERVL-MaLR	522	-	106	108048541	26970
chr11	108021571	108221571	harbor2	chr11	108061726	108062093	LTR/ERVL-MaLR	1826	-	184	108061910	40339
chr11	108021571	108221571	harbor2	chr11	108095201	108095383	LTR/ERVL-MaLR	415	-	91	108095292	73721
chr11	108021571	108221571	harbor2	chr11	108114175	108114603	LTR/ERVL-MaLR	1376	-	214	108114389	92818
chr11	108021571	108221571	harbor2	chr11	108114618	108114900	LTR/ERVL-MaLR	965	-	141	108114759	93188
chr11	108021571	108221571	harbor2	chr11	108115235	108115813	LTR/ERVL-MaLR	2323	-	289	108115524	93953
chr11	108021571	108221571	harbor2	chr11	108116252	108116330	LTR/ERVL-MaLR	2323	-	39	108116291	94720
chr11	108021571	108221571	harbor2	chr11	108120555	108120744	LTR/ERVL-MaLR	819	-	94	108120649	99078
chr11	5127140	5327140	harbor2	chr11	5190877	5191239	LTR/ERVL-MaLR	2344	-	181	5191058	63918
chr11	108021540	108221540	harbor2	chr11	108048435	108048647	LTR/ERVL-MaLR	522	-	106	108048541	27001
chr11	108021540	108221540	harbor2	chr11	108061726	108062093	LTR/ERVL-MaLR	1826	-	184	108061910	40370
chr11	108021540	108221540	harbor2	chr11	108095201	108095383	LTR/ERVL-MaLR	415	-	91	108095292	73752
chr11	108021540	108221540	harbor2	chr11	108114175	108114603	LTR/ERVL-MaLR	1376	-	214	108114389	92849
chr11	108021540	108221540	harbor2	chr11	108114618	108114900	LTR/ERVL-MaLR	965	-	141	108114759	93219
chr11	108021540	108221540	harbor2	chr11	108115235	108115813	LTR/ERVL-MaLR	2323	-	289	108115524	93984
chr11	108021540	108221540	harbor2	chr11	108116252	108116330	LTR/ERVL-MaLR	2323	-	39	108116291	94751
chr11	108021540	108221540	harbor2	chr11	108120555	108120744	LTR/ERVL-MaLR	819	-	94	108120649	99109
chr11	5140241	5340241	harbor2	chr11	5190877	5191239	LTR/ERVL-MaLR	2344	-	181	5191058	50817
chr11	5127590	5327590	harbor2	chr11	5190877	5191239	LTR/ERVL-MaLR	2344	-	181	5191058	63468
chr11	5127122	5327122	harbor2	chr11	5190877	5191239	LTR/ERVL-MaLR	2344	-	181	5191058	63936
chr11	5128021	5328021	harbor2	chr11	5190877	5191239	LTR/ERVL-MaLR	2344	-	181	5191058	63037
chr11	5200121	5400121	harbor2	chr11	5247162	5247498	LTR/ERVL-MaLR	1100	-	168	5247330	47209
chr11	5200121	5400121	harbor2	chr11	5251946	5252277	LTR/ERVL-MaLR	913	-	166	5252112	51991
chr11	5780143	5980143	harbor2	chr11	5848471	5848648	LTR/ERVL-MaLR	586	-	88	5848559	68416
chr11	86572054	86772054	harbor2	chr11	86591580	86591928	LTR/ERVL-MaLR	2402	-	174	86591754	19700
chr11	86572054	86772054	harbor2	chr11	86669356	86669722	LTR/ERVL-MaLR	2138	-	183	86669539	97485
chr11	5127137	5327137	harbor2	chr11	5190877	5191239	LTR/ERVL-MaLR	2344	-	181	5191058	63921
chr11	43476525	43676525	harbor2	chr11	43476500	43477395	LTR/ERVL-MaLR	6647	-	448	43476948	423
chr11	43476525	43676525	harbor2	chr11	43477396	43477743	LTR/ERVL-MaLR	2724	-	174	43477570	1045
chr11	43476525	43676525	harbor2	chr11	43487681	43488075	LTR/ERVL-MaLR	1943	-	197	43487878	11353
chr11	43476525	43676525	harbor2	chr11	43512805	43513068	LTR/ERVL-MaLR	440	-	132	43512937	36412
chr11	43476525	43676525	harbor2	chr11	43521066	43521417	LTR/ERVL-MaLR	2379	-	176	43521242	44717
chr11	43476525	43676525	harbor2	chr11	43526102	43526199	LTR/ERVL-MaLR	761	-	48	43526150	49625
chr11	108021566	108221566	harbor2	chr11	108048435	108048647	LTR/ERVL-MaLR	522	-	106	108048541	26975
chr11	108021566	108221566	harbor2	chr11	108061726	108062093	LTR/ERVL-MaLR	1826	-	184	108061910	40344
chr11	108021566	108221566	harbor2	chr11	108095201	108095383	LTR/ERVL-MaLR	415	-	91	108095292	73726
chr11	108021566	108221566	harbor2	chr11	108114175	108114603	LTR/ERVL-MaLR	1376	-	214	108114389	92823
chr11	108021566	108221566	harbor2	chr11	108114618	108114900	LTR/ERVL-MaLR	965	-	141	108114759	93193
chr11	108021566	108221566	harbor2	chr11	108115235	108115813	LTR/ERVL-MaLR	2323	-	289	108115524	93958
chr11	108021566	108221566	harbor2	chr11	108116252	108116330	LTR/ERVL-MaLR	2323	-	39	108116291	94725
chr11	108021566	108221566	harbor2	chr11	108120555	108120744	LTR/ERVL-MaLR	819	-	94	108120649	99083
chr11	5127198	5327198	harbor2	chr11	5190877	5191239	LTR/ERVL-MaLR	2344	-	181	5191058	63860
chr11	5191220	5391220	harbor2	chr11	5190877	5191239	LTR/ERVL-MaLR	2344	-	181	5191058	162
chr11	5191220	5391220	harbor2	chr11	5247162	5247498	LTR/ERVL-MaLR	1100	-	168	5247330	56110
chr11	5191220	5391220	harbor2	chr11	5251946	5252277	LTR/ERVL-MaLR	913	-	166	5252112	60892
chr11	5127169	5327169	harbor2	chr11	5190877	5191239	LTR/ERVL-MaLR	2344	-	181	5191058	63889
chr11	108021911	108221911	harbor2	chr11	108048435	108048647	LTR/ERVL-MaLR	522	-	106	108048541	26630
chr11	108021911	108221911	harbor2	chr11	108061726	108062093	LTR/ERVL-MaLR	1826	-	184	108061910	39999
chr11	108021911	108221911	harbor2	chr11	108095201	108095383	LTR/ERVL-MaLR	415	-	91	108095292	73381
chr11	108021911	108221911	harbor2	chr11	108114175	108114603	LTR/ERVL-MaLR	1376	-	214	108114389	92478
chr11	108021911	108221911	harbor2	chr11	108114618	108114900	LTR/ERVL-MaLR	965	-	141	108114759	92848
chr11	108021911	108221911	harbor2	chr11	108115235	108115813	LTR/ERVL-MaLR	2323	-	289	108115524	93613
chr11	108021911	108221911	harbor2	chr11	108116252	108116330	LTR/ERVL-MaLR	2323	-	39	108116291	94380
chr11	108021911	108221911	harbor2	chr11	108120555	108120744	LTR/ERVL-MaLR	819	-	94	108120649	98738
chr11	76597013	76797013	harbor2	chr11	76602908	76603252	LTR/ERVL-MaLR	1761	-	172	76603080	6067
chr11	76597013	76797013	harbor2	chr11	76625730	76626275	LTR/ERVL-MaLR	1262	-	272	76626002	28989
chr11	76597013	76797013	harbor2	chr11	76684434	76684791	LTR/ERVL-MaLR	1623	-	178	76684612	87599
chr11	5130296	5330296	harbor2	chr11	5190877	5191239	LTR/ERVL-MaLR	2344	-	181	5191058	60762
chr11	65758415	65958415	harbor2	chr11	65828415	65828830	LTR/ERVL-MaLR	1065	-	208	65828623	70208
chr11	5127119	5327119	harbor2	chr11	5190877	5191239	LTR/ERVL-MaLR	2344	-	181	5191058	63939
chr11	70734520	70934520	harbor2	chr11	70757832	70757965	LTR/ERVL-MaLR	1379	-	66	70757898	23378
chr11	70734520	70934520	harbor2	chr11	70758681	70758803	LTR/ERVL-MaLR	1379	-	61	70758742	24222
chr11	70734520	70934520	harbor2	chr11	70760404	70760606	LTR/ERVL-MaLR	1379	-	101	70760505	25985
chr11	5127221	5327221	harbor2	chr11	5190877	5191239	LTR/ERVL-MaLR	2344	-	181	5191058	63837
chr11	5191472	5391472	harbor2	chr11	5247162	5247498	LTR/ERVL-MaLR	1100	-	168	5247330	55858
chr11	5191472	5391472	harbor2	chr11	5251946	5252277	LTR/ERVL-MaLR	913	-	166	5252112	60640
chr11	2055346	2255346	harbor2	chr11	2091684	2091917	LTR/ERVL-MaLR	577	-	116	2091800	36454
chr11	2055346	2255346	harbor2	chr11	2107942	2108434	LTR/ERVL-MaLR	1324	-	246	2108188	52842
chr11	57399755	57599755	harbor2	chr11	57420100	57420423	LTR/ERVL-MaLR	714	-	162	57420262	20507
chr11	57399755	57599755	harbor2	chr11	57447425	57447492	LTR/ERVL-MaLR	434	-	34	57447459	47704
chr11	57399755	57599755	harbor2	chr11	57448364	57448538	LTR/ERVL-MaLR	995	-	87	57448451	48696
chr11	57399755	57599755	harbor2	chr11	57448842	57448870	LTR/ERVL-MaLR	995	-	14	57448856	49101
chr11	5243759	5443759	harbor2	chr11	5247162	5247498	LTR/ERVL-MaLR	1100	-	168	5247330	3571
chr11	5243759	5443759	harbor2	chr11	5251946	5252277	LTR/ERVL-MaLR	913	-	166	5252112	8353
chr11	5128073	5328073	harbor2	chr11	5190877	5191239	LTR/ERVL-MaLR	2344	-	181	5191058	62985
chr11	70337550	70537550	harbor2	chr11	70340878	70341163	LTR/ERVL-MaLR	744	-	142	70341020	3470
chr11	70337550	70537550	harbor2	chr11	70344975	70345260	LTR/ERVL-MaLR	744	-	142	70345117	7567
chr11	70337550	70537550	harbor2	chr11	70393627	70393833	LTR/ERVL-MaLR	741	-	103	70393730	56180
chr11	70337550	70537550	harbor2	chr11	70394268	70394416	LTR/ERVL-MaLR	741	-	74	70394342	56792
chr11	70337550	70537550	harbor2	chr11	70430318	70430606	LTR/ERVL-MaLR	658	-	144	70430462	92912
chr11	70337550	70537550	harbor2	chr11	70430666	70430857	LTR/ERVL-MaLR	527	-	96	70430762	93212
chr11	10402307	10602307	harbor2	chr11	10427533	10427921	LTR/ERVL-MaLR	694	-	194	10427727	25420
chr11	10402307	10602307	harbor2	chr11	10428564	10428730	LTR/ERVL-MaLR	453	-	83	10428647	26340
chr11	10402307	10602307	harbor2	chr11	10436666	10437029	LTR/ERVL-MaLR	2622	-	182	10436848	34541
chr11	10402307	10602307	harbor2	chr11	10475003	10475414	LTR/ERVL-MaLR	2404	-	206	10475209	72902
chr11	5127064	5327064	harbor2	chr11	5190877	5191239	LTR/ERVL-MaLR	2344	-	181	5191058	63994
chr11	34816682	35016682	harbor2	chr11	34817871	34818231	LTR/ERVL-MaLR	973	-	180	34818051	1369
chr11	34816682	35016682	harbor2	chr11	34818232	34819804	LTR/ERVL-MaLR	11907	-	786	34819018	2336
chr11	34816682	35016682	harbor2	chr11	34819805	34820179	LTR/ERVL-MaLR	2188	-	187	34819992	3310
chr11	34816682	35016682	harbor2	chr11	34829217	34829642	LTR/ERVL-MaLR	1748	-	212	34829429	12747
chr11	34816682	35016682	harbor2	chr11	34839984	34840218	LTR/ERVL-MaLR	570	-	117	34840101	23419
chr11	34816682	35016682	harbor2	chr11	34877011	34877133	LTR/ERVL-MaLR	429	-	61	34877072	60390
chr11	5127952	5327952	harbor2	chr11	5190877	5191239	LTR/ERVL-MaLR	2344	-	181	5191058	63106
chr11	5134168	5334168	harbor2	chr11	5190877	5191239	LTR/ERVL-MaLR	2344	-	181	5191058	56890
chr11	2054426	2254426	harbor2	chr11	2091684	2091917	LTR/ERVL-MaLR	577	-	116	2091800	37374
chr11	2054426	2254426	harbor2	chr11	2107942	2108434	LTR/ERVL-MaLR	1324	-	246	2108188	53762
chr11	5127561	5327561	harbor2	chr11	5190877	5191239	LTR/ERVL-MaLR	2344	-	181	5191058	63497
chr11	5132031	5332031	harbor2	chr11	5190877	5191239	LTR/ERVL-MaLR	2344	-	181	5191058	59027
chr11	5126997	5326997	harbor2	chr11	5190877	5191239	LTR/ERVL-MaLR	2344	-	181	5191058	64061
chr11	118509641	118709641	harbor2	chr11	118515363	118515618	LTR/ERVL-MaLR	733	-	128	118515491	5850
chr11	118509641	118709641	harbor2	chr11	118542120	118542466	LTR/ERVL-MaLR	2202	-	173	118542293	32652
chr11	88444581	88644581	harbor2	chr11	88478096	88478186	LTR/ERVL-MaLR	464	-	45	88478141	33560
chr11	88444581	88644581	harbor2	chr11	88486913	88487152	LTR/ERVL-MaLR	529	-	120	88487033	42452
chr11	5140184	5340184	harbor2	chr11	5190877	5191239	LTR/ERVL-MaLR	2344	-	181	5191058	50874
chr11	76580946	76780946	harbor2	chr11	76602908	76603252	LTR/ERVL-MaLR	1761	-	172	76603080	22134
chr11	76580946	76780946	harbor2	chr11	76625730	76626275	LTR/ERVL-MaLR	1262	-	272	76626002	45056
chr11	108021537	108221537	harbor2	chr11	108048435	108048647	LTR/ERVL-MaLR	522	-	106	108048541	27004
chr11	108021537	108221537	harbor2	chr11	108061726	108062093	LTR/ERVL-MaLR	1826	-	184	108061910	40373
chr11	108021537	108221537	harbor2	chr11	108095201	108095383	LTR/ERVL-MaLR	415	-	91	108095292	73755
chr11	108021537	108221537	harbor2	chr11	108114175	108114603	LTR/ERVL-MaLR	1376	-	214	108114389	92852
chr11	108021537	108221537	harbor2	chr11	108114618	108114900	LTR/ERVL-MaLR	965	-	141	108114759	93222
chr11	108021537	108221537	harbor2	chr11	108115235	108115813	LTR/ERVL-MaLR	2323	-	289	108115524	93987
chr11	108021537	108221537	harbor2	chr11	108116252	108116330	LTR/ERVL-MaLR	2323	-	39	108116291	94754
chr11	108021537	108221537	harbor2	chr11	108120555	108120744	LTR/ERVL-MaLR	819	-	94	108120649	99112
chr11	133742979	133942979	harbor2	chr11	133742697	133743093	LTR/ERVL-MaLR	2015	-	198	133742895	84
chr11	133742979	133942979	harbor2	chr11	133748622	133749004	LTR/ERVL-MaLR	1858	-	191	133748813	5834
chr11	133742979	133942979	harbor2	chr11	133798263	133798900	LTR/ERVL-MaLR	2293	-	318	133798581	55602
chr11	133742979	133942979	harbor2	chr11	133802413	133802845	LTR/ERVL-MaLR	1029	-	216	133802629	59650
chr11	133742979	133942979	harbor2	chr11	133803165	133803492	LTR/ERVL-MaLR	827	-	164	133803329	60350
chr11	133742979	133942979	harbor2	chr11	133815017	133815211	LTR/ERVL-MaLR	476	-	97	133815114	72135
chr11	133742979	133942979	harbor2	chr11	133815208	133815535	LTR/ERVL-MaLR	1943	-	164	133815372	72393
chr11	133742979	133942979	harbor2	chr11	133816082	133816463	LTR/ERVL-MaLR	1943	-	190	133816272	73293
chr11	133742979	133942979	harbor2	chr11	133816662	133816822	LTR/ERVL-MaLR	588	-	80	133816742	73763
chr11	5127155	5327155	harbor2	chr11	5190877	5191239	LTR/ERVL-MaLR	2344	-	181	5191058	63903
chr11	5127211	5327211	harbor2	chr11	5190877	5191239	LTR/ERVL-MaLR	2344	-	181	5191058	63847
chr11	5134551	5334551	harbor2	chr11	5190877	5191239	LTR/ERVL-MaLR	2344	-	181	5191058	56507
chr11	5127112	5327112	harbor2	chr11	5190877	5191239	LTR/ERVL-MaLR	2344	-	181	5191058	63946
chr11	5132933	5332933	harbor2	chr11	5190877	5191239	LTR/ERVL-MaLR	2344	-	181	5191058	58125
chr11	5137985	5337985	harbor2	chr11	5190877	5191239	LTR/ERVL-MaLR	2344	-	181	5191058	53073
chr11	5134538	5334538	harbor2	chr11	5190877	5191239	LTR/ERVL-MaLR	2344	-	181	5191058	56520
chr11	5179921	5379921	harbor2	chr11	5190877	5191239	LTR/ERVL-MaLR	2344	-	181	5191058	11137
chr11	5179921	5379921	harbor2	chr11	5247162	5247498	LTR/ERVL-MaLR	1100	-	168	5247330	67409
chr11	5179921	5379921	harbor2	chr11	5251946	5252277	LTR/ERVL-MaLR	913	-	166	5252112	72191
chr11	5196062	5396062	harbor2	chr11	5247162	5247498	LTR/ERVL-MaLR	1100	-	168	5247330	51268
chr11	5196062	5396062	harbor2	chr11	5251946	5252277	LTR/ERVL-MaLR	913	-	166	5252112	56050
chr11	5133805	5333805	harbor2	chr11	5190877	5191239	LTR/ERVL-MaLR	2344	-	181	5191058	57253
chr11	108022093	108222093	harbor2	chr11	108048435	108048647	LTR/ERVL-MaLR	522	-	106	108048541	26448
chr11	108022093	108222093	harbor2	chr11	108061726	108062093	LTR/ERVL-MaLR	1826	-	184	108061910	39817
chr11	108022093	108222093	harbor2	chr11	108095201	108095383	LTR/ERVL-MaLR	415	-	91	108095292	73199
chr11	108022093	108222093	harbor2	chr11	108114175	108114603	LTR/ERVL-MaLR	1376	-	214	108114389	92296
chr11	108022093	108222093	harbor2	chr11	108114618	108114900	LTR/ERVL-MaLR	965	-	141	108114759	92666
chr11	108022093	108222093	harbor2	chr11	108115235	108115813	LTR/ERVL-MaLR	2323	-	289	108115524	93431
chr11	108022093	108222093	harbor2	chr11	108116252	108116330	LTR/ERVL-MaLR	2323	-	39	108116291	94198
chr11	108022093	108222093	harbor2	chr11	108120555	108120744	LTR/ERVL-MaLR	819	-	94	108120649	98556
chr11	5127124	5327124	harbor2	chr11	5190877	5191239	LTR/ERVL-MaLR	2344	-	181	5191058	63934
chr11	86705704	86905704	harbor2	chr11	86710435	86710812	LTR/ERVL-MaLR	2400	-	188	86710623	4919
chr11	86705704	86905704	harbor2	chr11	86725074	86725321	LTR/ERVL-MaLR	755	-	124	86725198	19494
chr11	86705704	86905704	harbor2	chr11	86745034	86745394	LTR/ERVL-MaLR	1876	-	180	86745214	39510
chr11	86705704	86905704	harbor2	chr11	86751087	86751557	LTR/ERVL-MaLR	1397	-	235	86751322	45618
chr11	86705704	86905704	harbor2	chr11	86758137	86758635	LTR/ERVL-MaLR	1241	-	249	86758386	52682
chr11	86705704	86905704	harbor2	chr11	86771619	86771783	LTR/ERVL-MaLR	865	-	82	86771701	65997
chr11	86705704	86905704	harbor2	chr11	86780194	86780311	LTR/ERVL-MaLR	623	-	58	86780252	74548
chr11	5130452	5330452	harbor2	chr11	5190877	5191239	LTR/ERVL-MaLR	2344	-	181	5191058	60606
chr11	117887292	118087292	harbor2	chr11	117980583	117980969	LTR/ERVL-MaLR	814	-	193	117980776	93484
chr11	5127171	5327171	harbor2	chr11	5190877	5191239	LTR/ERVL-MaLR	2344	-	181	5191058	63887
chr11	69540237	69740237	harbor2	chr11	69543310	69543421	LTR/ERVL-MaLR	1059	-	56	69543366	3129
chr11	69540237	69740237	harbor2	chr11	69543835	69544159	LTR/ERVL-MaLR	1059	-	162	69543997	3760
chr11	69540237	69740237	harbor2	chr11	69557002	69557402	LTR/ERVL-MaLR	1868	-	200	69557202	16965
chr11	69540237	69740237	harbor2	chr11	69584472	69584829	LTR/ERVL-MaLR	1985	-	178	69584650	44413
chr11	69540237	69740237	harbor2	chr11	69597411	69597793	LTR/ERVL-MaLR	1003	-	191	69597602	57365
chr11	69540237	69740237	harbor2	chr11	69619633	69619989	LTR/ERVL-MaLR	2066	-	178	69619811	79574
chr11	69540237	69740237	harbor2	chr11	69628450	69628957	LTR/ERVL-MaLR	1957	-	254	69628704	88467
chr11	69540237	69740237	harbor2	chr11	69630122	69630370	LTR/ERVL-MaLR	822	-	124	69630246	90009
chr11	5133958	5333958	harbor2	chr11	5190877	5191239	LTR/ERVL-MaLR	2344	-	181	5191058	57100
chr11	5134924	5334924	harbor2	chr11	5190877	5191239	LTR/ERVL-MaLR	2344	-	181	5191058	56134
chr11	124775046	124975046	harbor2	chr11	124855431	124855790	LTR/ERVL-MaLR	1917	-	180	124855611	80565
chr11	6512688	6712688	harbor2	chr11	6514783	6515191	LTR/ERVL-MaLR	1560	-	204	6514987	2299
chr11	6512688	6712688	harbor2	chr11	6516953	6517145	LTR/ERVL-MaLR	916	-	96	6517049	4361
chr11	6512688	6712688	harbor2	chr11	6517687	6517829	LTR/ERVL-MaLR	789	-	71	6517758	5070
chr11	6512688	6712688	harbor2	chr11	6525070	6525296	LTR/ERVL-MaLR	419	-	113	6525183	12495
chr11	6512688	6712688	harbor2	chr11	6552170	6552241	LTR/ERVL-MaLR	1690	-	36	6552206	39518
chr11	6512688	6712688	harbor2	chr11	6552531	6552835	LTR/ERVL-MaLR	1690	-	152	6552683	39995
chr11	6512688	6712688	harbor2	chr11	6591752	6591940	LTR/ERVL-MaLR	706	-	94	6591846	79158
chr11	6512688	6712688	harbor2	chr11	6595813	6596196	LTR/ERVL-MaLR	649	-	192	6596005	83317
chr11	6206570	6406570	harbor2	chr11	6236763	6237192	LTR/ERVL-MaLR	1591	-	214	6236977	30407
chr11	6206570	6406570	harbor2	chr11	6243191	6243590	LTR/ERVL-MaLR	2292	-	200	6243391	36821
chr11	6206570	6406570	harbor2	chr11	6247615	6247635	LTR/ERVL-MaLR	1785	-	10	6247625	41055
chr11	6206570	6406570	harbor2	chr11	6247665	6248149	LTR/ERVL-MaLR	1785	-	242	6247907	41337
chr11	6206570	6406570	harbor2	chr11	6253413	6253764	LTR/ERVL-MaLR	1137	-	176	6253589	47019
chr11	6206570	6406570	harbor2	chr11	6254308	6254608	LTR/ERVL-MaLR	624	-	150	6254458	47888
chr11	6206570	6406570	harbor2	chr11	6256254	6256893	LTR/ERVL-MaLR	1398	-	320	6256574	50004
chr11	71032716	71232716	harbor2	chr11	71102844	71103177	LTR/ERVL-MaLR	1443	-	166	71103010	70294
chr11	71032716	71232716	harbor2	chr11	71118295	71118677	LTR/ERVL-MaLR	2369	-	191	71118486	85770
chr11	71032716	71232716	harbor2	chr11	71129830	71130215	LTR/ERVL-MaLR	1959	-	192	71130022	97306
chr11	46138378	46338378	harbor2	chr11	46151166	46151375	LTR/ERVL-MaLR	869	-	104	46151270	12892
chr11	46138378	46338378	harbor2	chr11	46151430	46151591	LTR/ERVL-MaLR	551	-	80	46151510	13132
chr11	46138378	46338378	harbor2	chr11	46177734	46178082	LTR/ERVL-MaLR	1186	-	174	46177908	39530
chr11	46138378	46338378	harbor2	chr11	46183096	46183263	LTR/ERVL-MaLR	440	-	84	46183180	44802
chr11	57399767	57599767	harbor2	chr11	57420100	57420423	LTR/ERVL-MaLR	714	-	162	57420262	20495
chr11	57399767	57599767	harbor2	chr11	57447425	57447492	LTR/ERVL-MaLR	434	-	34	57447459	47692
chr11	57399767	57599767	harbor2	chr11	57448364	57448538	LTR/ERVL-MaLR	995	-	87	57448451	48684
chr11	57399767	57599767	harbor2	chr11	57448842	57448870	LTR/ERVL-MaLR	995	-	14	57448856	49089
chr11	57384547	57584547	harbor2	chr11	57420100	57420423	LTR/ERVL-MaLR	714	-	162	57420262	35715
chr11	57384547	57584547	harbor2	chr11	57447425	57447492	LTR/ERVL-MaLR	434	-	34	57447459	62912
chr11	57384547	57584547	harbor2	chr11	57448364	57448538	LTR/ERVL-MaLR	995	-	87	57448451	63904
chr11	57384547	57584547	harbor2	chr11	57448842	57448870	LTR/ERVL-MaLR	995	-	14	57448856	64309
chr11	6519523	6719523	harbor2	chr11	6525070	6525296	LTR/ERVL-MaLR	419	-	113	6525183	5660
chr11	6519523	6719523	harbor2	chr11	6552170	6552241	LTR/ERVL-MaLR	1690	-	36	6552206	32683
chr11	6519523	6719523	harbor2	chr11	6552531	6552835	LTR/ERVL-MaLR	1690	-	152	6552683	33160
chr11	6519523	6719523	harbor2	chr11	6591752	6591940	LTR/ERVL-MaLR	706	-	94	6591846	72323
chr11	6519523	6719523	harbor2	chr11	6595813	6596196	LTR/ERVL-MaLR	649	-	192	6596005	76482
chr11	5134209	5334209	harbor2	chr11	5190877	5191239	LTR/ERVL-MaLR	2344	-	181	5191058	56849
chr11	108022644	108222644	harbor2	chr11	108048435	108048647	LTR/ERVL-MaLR	522	-	106	108048541	25897
chr11	108022644	108222644	harbor2	chr11	108061726	108062093	LTR/ERVL-MaLR	1826	-	184	108061910	39266
chr11	108022644	108222644	harbor2	chr11	108095201	108095383	LTR/ERVL-MaLR	415	-	91	108095292	72648
chr11	108022644	108222644	harbor2	chr11	108114175	108114603	LTR/ERVL-MaLR	1376	-	214	108114389	91745
chr11	108022644	108222644	harbor2	chr11	108114618	108114900	LTR/ERVL-MaLR	965	-	141	108114759	92115
chr11	108022644	108222644	harbor2	chr11	108115235	108115813	LTR/ERVL-MaLR	2323	-	289	108115524	92880
chr11	108022644	108222644	harbor2	chr11	108116252	108116330	LTR/ERVL-MaLR	2323	-	39	108116291	93647
chr11	108022644	108222644	harbor2	chr11	108120555	108120744	LTR/ERVL-MaLR	819	-	94	108120649	98005
chr11	68349400	68549400	harbor2	chr11	68359058	68359299	LTR/ERVL-MaLR	858	-	120	68359178	9778
chr11	68349400	68549400	harbor2	chr11	68424572	68424931	LTR/ERVL-MaLR	868	-	180	68424752	75352
chr11	68349400	68549400	harbor2	chr11	68426366	68426421	LTR/ERVL-MaLR	1264	-	28	68426394	76994
chr11	68349400	68549400	harbor2	chr11	68426714	68427240	LTR/ERVL-MaLR	1264	-	263	68426977	77577
chr11	68349400	68549400	harbor2	chr11	68428319	68428773	LTR/ERVL-MaLR	1025	-	227	68428546	79146
chr11	68349400	68549400	harbor2	chr11	68435275	68435671	LTR/ERVL-MaLR	1830	-	198	68435473	86073
chr11	68349400	68549400	harbor2	chr11	68436024	68436072	LTR/ERVL-MaLR	1830	-	24	68436048	86648
chr11	68349400	68549400	harbor2	chr11	68447956	68448323	LTR/ERVL-MaLR	2317	-	184	68448140	98740
chr11	879475	1079475	harbor2	chr11	919228	919368	LTR/ERVL-MaLR	501	-	70	919298	39823
chr11	879475	1079475	harbor2	chr11	958689	958851	LTR/ERVL-MaLR	847	-	81	958770	79295
chr11	76580961	76780961	harbor2	chr11	76602908	76603252	LTR/ERVL-MaLR	1761	-	172	76603080	22119
chr11	76580961	76780961	harbor2	chr11	76625730	76626275	LTR/ERVL-MaLR	1262	-	272	76626002	45041
chr11	76580925	76780925	harbor2	chr11	76602908	76603252	LTR/ERVL-MaLR	1761	-	172	76603080	22155
chr11	76580925	76780925	harbor2	chr11	76625730	76626275	LTR/ERVL-MaLR	1262	-	272	76626002	45077
chr11	76580957	76780957	harbor2	chr11	76602908	76603252	LTR/ERVL-MaLR	1761	-	172	76603080	22123
chr11	76580957	76780957	harbor2	chr11	76625730	76626275	LTR/ERVL-MaLR	1262	-	272	76626002	45045
chr11	5128067	5328067	harbor2	chr11	5190877	5191239	LTR/ERVL-MaLR	2344	-	181	5191058	62991
chr11	113925194	114125194	harbor2	chr11	113929277	113929643	LTR/ERVL-MaLR	1579	-	183	113929460	4266
chr11	113925194	114125194	harbor2	chr11	113937806	113938240	LTR/ERVL-MaLR	2135	-	217	113938023	12829
chr11	113925194	114125194	harbor2	chr11	113938254	113938527	LTR/ERVL-MaLR	553	-	136	113938390	13196
chr11	113925194	114125194	harbor2	chr11	113947434	113947815	LTR/ERVL-MaLR	1590	-	190	113947624	22430
chr11	113925194	114125194	harbor2	chr11	113959498	113959676	LTR/ERVL-MaLR	470	-	89	113959587	34393
chr11	113925194	114125194	harbor2	chr11	113961218	113961712	LTR/ERVL-MaLR	1905	-	247	113961465	36271
chr11	113925194	114125194	harbor2	chr11	113961754	113962168	LTR/ERVL-MaLR	2166	-	207	113961961	36767
chr11	113925194	114125194	harbor2	chr11	113995278	113995546	LTR/ERVL-MaLR	1668	-	134	113995412	70218
chr11	113925194	114125194	harbor2	chr11	113995578	113995825	LTR/ERVL-MaLR	1668	-	124	113995702	70508
chr11	113925194	114125194	harbor2	chr11	114006128	114006397	LTR/ERVL-MaLR	1663	-	134	114006262	81068
chr11	113925194	114125194	harbor2	chr11	114006705	114006883	LTR/ERVL-MaLR	1663	-	89	114006794	81600
chr11	75668641	75868641	harbor2	chr11	75672570	75672939	LTR/ERVL-MaLR	2305	-	184	75672754	4113
chr11	75668641	75868641	harbor2	chr11	75703006	75703479	LTR/ERVL-MaLR	1583	-	236	75703242	34601
chr11	75668641	75868641	harbor2	chr11	75731547	75731799	LTR/ERVL-MaLR	850	-	126	75731673	63032
chr11	75668641	75868641	harbor2	chr11	75733559	75734054	LTR/ERVL-MaLR	1565	-	248	75733807	65166
chr11	75668641	75868641	harbor2	chr11	75740756	75741274	LTR/ERVL-MaLR	2063	-	259	75741015	72374
chr11	6202662	6402662	harbor2	chr11	6236763	6237192	LTR/ERVL-MaLR	1591	-	214	6236977	34315
chr11	6202662	6402662	harbor2	chr11	6243191	6243590	LTR/ERVL-MaLR	2292	-	200	6243391	40729
chr11	6202662	6402662	harbor2	chr11	6247615	6247635	LTR/ERVL-MaLR	1785	-	10	6247625	44963
chr11	6202662	6402662	harbor2	chr11	6247665	6248149	LTR/ERVL-MaLR	1785	-	242	6247907	45245
chr11	6202662	6402662	harbor2	chr11	6253413	6253764	LTR/ERVL-MaLR	1137	-	176	6253589	50927
chr11	6202662	6402662	harbor2	chr11	6254308	6254608	LTR/ERVL-MaLR	624	-	150	6254458	51796
chr11	6202662	6402662	harbor2	chr11	6256254	6256893	LTR/ERVL-MaLR	1398	-	320	6256574	53912
chr11	108022180	108222180	harbor2	chr11	108048435	108048647	LTR/ERVL-MaLR	522	-	106	108048541	26361
chr11	108022180	108222180	harbor2	chr11	108061726	108062093	LTR/ERVL-MaLR	1826	-	184	108061910	39730
chr11	108022180	108222180	harbor2	chr11	108095201	108095383	LTR/ERVL-MaLR	415	-	91	108095292	73112
chr11	108022180	108222180	harbor2	chr11	108114175	108114603	LTR/ERVL-MaLR	1376	-	214	108114389	92209
chr11	108022180	108222180	harbor2	chr11	108114618	108114900	LTR/ERVL-MaLR	965	-	141	108114759	92579
chr11	108022180	108222180	harbor2	chr11	108115235	108115813	LTR/ERVL-MaLR	2323	-	289	108115524	93344
chr11	108022180	108222180	harbor2	chr11	108116252	108116330	LTR/ERVL-MaLR	2323	-	39	108116291	94111
chr11	108022180	108222180	harbor2	chr11	108120555	108120744	LTR/ERVL-MaLR	819	-	94	108120649	98469
chr11	120017923	120217923	harbor2	chr11	120023836	120024353	LTR/ERVL-MaLR	761	-	258	120024094	6171
chr11	120017923	120217923	harbor2	chr11	120029948	120030335	LTR/ERVL-MaLR	2303	-	194	120030142	12219
chr11	120017923	120217923	harbor2	chr11	120031543	120032012	LTR/ERVL-MaLR	537	-	234	120031777	13854
chr11	120017923	120217923	harbor2	chr11	120042704	120043121	LTR/ERVL-MaLR	2416	-	208	120042912	24989
chr11	120017923	120217923	harbor2	chr11	120043136	120044743	LTR/ERVL-MaLR	8623	-	804	120043940	26017
chr11	120017923	120217923	harbor2	chr11	120044748	120045166	LTR/ERVL-MaLR	2680	-	209	120044957	27034
chr11	120017923	120217923	harbor2	chr11	120051757	120052122	LTR/ERVL-MaLR	823	-	182	120051939	34016
chr11	120017923	120217923	harbor2	chr11	120052828	120053246	LTR/ERVL-MaLR	513	-	209	120053037	35114
chr11	5212919	5412919	harbor2	chr11	5247162	5247498	LTR/ERVL-MaLR	1100	-	168	5247330	34411
chr11	5212919	5412919	harbor2	chr11	5251946	5252277	LTR/ERVL-MaLR	913	-	166	5252112	39193
chr11	5128829	5328829	harbor2	chr11	5190877	5191239	LTR/ERVL-MaLR	2344	-	181	5191058	62229
chr11	111440799	111640799	harbor2	chr11	111463633	111464007	LTR/ERVL-MaLR	2831	-	187	111463820	23021
chr11	111440799	111640799	harbor2	chr11	111464299	111464468	LTR/ERVL-MaLR	2831	-	84	111464383	23584
chr11	111440799	111640799	harbor2	chr11	111475743	111476108	LTR/ERVL-MaLR	2406	-	182	111475925	35126
chr11	111440799	111640799	harbor2	chr11	111537933	111538098	LTR/ERVL-MaLR	508	-	82	111538015	97216
chr11	111440799	111640799	harbor2	chr11	111538851	111539056	LTR/ERVL-MaLR	655	-	102	111538953	98154
chr11	5135349	5335349	harbor2	chr11	5190877	5191239	LTR/ERVL-MaLR	2344	-	181	5191058	55709
chr11	93068304	93268304	harbor2	chr11	93089507	93089942	LTR/ERVL-MaLR	1999	-	218	93089725	21421
chr11	93068304	93268304	harbor2	chr11	93118222	93118604	LTR/ERVL-MaLR	1983	-	191	93118413	50109
chr11	93068304	93268304	harbor2	chr11	93125731	93126096	LTR/ERVL-MaLR	1547	-	182	93125913	57609
chr11	6215101	6415101	harbor2	chr11	6236763	6237192	LTR/ERVL-MaLR	1591	-	214	6236977	21876
chr11	6215101	6415101	harbor2	chr11	6243191	6243590	LTR/ERVL-MaLR	2292	-	200	6243391	28290
chr11	6215101	6415101	harbor2	chr11	6247615	6247635	LTR/ERVL-MaLR	1785	-	10	6247625	32524
chr11	6215101	6415101	harbor2	chr11	6247665	6248149	LTR/ERVL-MaLR	1785	-	242	6247907	32806
chr11	6215101	6415101	harbor2	chr11	6253413	6253764	LTR/ERVL-MaLR	1137	-	176	6253589	38488
chr11	6215101	6415101	harbor2	chr11	6254308	6254608	LTR/ERVL-MaLR	624	-	150	6254458	39357
chr11	6215101	6415101	harbor2	chr11	6256254	6256893	LTR/ERVL-MaLR	1398	-	320	6256574	41473
chr11	6215101	6415101	harbor2	chr11	6312472	6312693	LTR/ERVL-MaLR	1156	-	110	6312582	97481
chr11	6215101	6415101	harbor2	chr11	6313447	6313565	LTR/ERVL-MaLR	1156	-	59	6313506	98405
chr11	5140732	5340732	harbor2	chr11	5190877	5191239	LTR/ERVL-MaLR	2344	-	181	5191058	50326
chr11	5127158	5327158	harbor2	chr11	5190877	5191239	LTR/ERVL-MaLR	2344	-	181	5191058	63900
chr11	71257652	71457652	harbor2	chr11	71272488	71272658	LTR/ERVL-MaLR	404	-	85	71272573	14921
chr11	71257652	71457652	harbor2	chr11	71293374	71293770	LTR/ERVL-MaLR	2250	-	198	71293572	35920
chr11	71257652	71457652	harbor2	chr11	71313365	71313485	LTR/ERVL-MaLR	431	-	60	71313425	55773
chr11	71257652	71457652	harbor2	chr11	71302971	71303462	LTR/ERVL-MaLR	1873	-	246	71303217	45565
chr11	84730966	84930966	harbor2	chr11	84746791	84747199	LTR/ERVL-MaLR	431	-	204	84746995	16029
chr11	84730966	84930966	harbor2	chr11	84790944	84791296	LTR/ERVL-MaLR	1667	-	176	84791120	60154
chr11	86038927	86238927	harbor2	chr11	86109132	86109521	LTR/ERVL-MaLR	2460	-	194	86109326	70399
chr11	86038927	86238927	harbor2	chr11	86121436	86121763	LTR/ERVL-MaLR	1812	-	164	86121600	82673
chr11	86038927	86238927	harbor2	chr11	86122079	86122160	LTR/ERVL-MaLR	1812	-	40	86122119	83192
chr11	71765031	71965031	harbor2	chr11	71770471	71770721	LTR/ERVL-MaLR	445	-	125	71770596	5565
chr11	71765031	71965031	harbor2	chr11	71782764	71783011	LTR/ERVL-MaLR	1408	-	124	71782888	17857
chr11	71765031	71965031	harbor2	chr11	71783302	71783454	LTR/ERVL-MaLR	1408	-	76	71783378	18347
chr11	71765031	71965031	harbor2	chr11	71827460	71827793	LTR/ERVL-MaLR	1751	-	166	71827626	62595
chr11	71765031	71965031	harbor2	chr11	71838510	71839022	LTR/ERVL-MaLR	1403	-	256	71838766	73735
chr11	70734899	70934899	harbor2	chr11	70757832	70757965	LTR/ERVL-MaLR	1379	-	66	70757898	22999
chr11	70734899	70934899	harbor2	chr11	70758681	70758803	LTR/ERVL-MaLR	1379	-	61	70758742	23843
chr11	70734899	70934899	harbor2	chr11	70760404	70760606	LTR/ERVL-MaLR	1379	-	101	70760505	25606
chr11	22729649	22929649	harbor2	chr11	22765453	22765497	LTR/ERVL-MaLR	2116	-	22	22765475	35826
chr11	22729649	22929649	harbor2	chr11	22765794	22766177	LTR/ERVL-MaLR	2116	-	192	22765986	36337
chr11	22729649	22929649	harbor2	chr11	22813758	22814214	LTR/ERVL-MaLR	1632	-	228	22813986	84337
chr11	5134455	5334455	harbor2	chr11	5190877	5191239	LTR/ERVL-MaLR	2344	-	181	5191058	56603
chr11	75668758	75868758	harbor2	chr11	75672570	75672939	LTR/ERVL-MaLR	2305	-	184	75672754	3996
chr11	75668758	75868758	harbor2	chr11	75703006	75703479	LTR/ERVL-MaLR	1583	-	236	75703242	34484
chr11	75668758	75868758	harbor2	chr11	75731547	75731799	LTR/ERVL-MaLR	850	-	126	75731673	62915
chr11	75668758	75868758	harbor2	chr11	75733559	75734054	LTR/ERVL-MaLR	1565	-	248	75733807	65049
chr11	75668758	75868758	harbor2	chr11	75740756	75741274	LTR/ERVL-MaLR	2063	-	259	75741015	72257
chr11	5127199	5327199	harbor2	chr11	5190877	5191239	LTR/ERVL-MaLR	2344	-	181	5191058	63859
chr11	73052995	73252995	harbor2	chr11	73054920	73055288	LTR/ERVL-MaLR	2070	-	184	73055104	2109
chr11	73052995	73252995	harbor2	chr11	73067833	73068194	LTR/ERVL-MaLR	2209	-	180	73068013	15018
chr11	73052995	73252995	harbor2	chr11	73119864	73120227	LTR/ERVL-MaLR	2090	-	182	73120046	67051
chr11	5127156	5327156	harbor2	chr11	5190877	5191239	LTR/ERVL-MaLR	2344	-	181	5191058	63902
chr11	69541435	69741435	harbor2	chr11	69543310	69543421	LTR/ERVL-MaLR	1059	-	56	69543366	1931
chr11	69541435	69741435	harbor2	chr11	69543835	69544159	LTR/ERVL-MaLR	1059	-	162	69543997	2562
chr11	69541435	69741435	harbor2	chr11	69557002	69557402	LTR/ERVL-MaLR	1868	-	200	69557202	15767
chr11	69541435	69741435	harbor2	chr11	69584472	69584829	LTR/ERVL-MaLR	1985	-	178	69584650	43215
chr11	69541435	69741435	harbor2	chr11	69597411	69597793	LTR/ERVL-MaLR	1003	-	191	69597602	56167
chr11	69541435	69741435	harbor2	chr11	69619633	69619989	LTR/ERVL-MaLR	2066	-	178	69619811	78376
chr11	69541435	69741435	harbor2	chr11	69628450	69628957	LTR/ERVL-MaLR	1957	-	254	69628704	87269
chr11	69541435	69741435	harbor2	chr11	69630122	69630370	LTR/ERVL-MaLR	822	-	124	69630246	88811
chr11	66809010	67009010	harbor2	chr11	66832763	66833040	LTR/ERVL-MaLR	1192	-	138	66832901	23891
chr11	66809010	67009010	harbor2	chr11	66833329	66833489	LTR/ERVL-MaLR	1192	-	80	66833409	24399
chr11	66809010	67009010	harbor2	chr11	66887820	66888193	LTR/ERVL-MaLR	911	-	186	66888006	78996
chr11	76603574	76803574	harbor2	chr11	76625730	76626275	LTR/ERVL-MaLR	1262	-	272	76626002	22428
chr11	76603574	76803574	harbor2	chr11	76684434	76684791	LTR/ERVL-MaLR	1623	-	178	76684612	81038
chr11	5127093	5327093	harbor2	chr11	5190877	5191239	LTR/ERVL-MaLR	2344	-	181	5191058	63965
chr11	33157293	33357293	harbor2	chr11	33191747	33192099	LTR/ERVL-MaLR	2704	-	176	33191923	34630
chr11	33157293	33357293	harbor2	chr11	33192397	33192484	LTR/ERVL-MaLR	2704	-	44	33192441	35148
chr11	33157293	33357293	harbor2	chr11	33214213	33214291	LTR/ERVL-MaLR	422	-	39	33214252	56959
chr11	33157293	33357293	harbor2	chr11	33245958	33246396	LTR/ERVL-MaLR	1312	-	219	33246177	88884
chr11	5134058	5334058	harbor2	chr11	5190877	5191239	LTR/ERVL-MaLR	2344	-	181	5191058	57000
chr11	65514089	65714089	harbor2	chr11	65519782	65519799	LTR/ERVL-MaLR	414	-	8	65519790	5701
chr11	65514089	65714089	harbor2	chr11	65520097	65520162	LTR/ERVL-MaLR	414	-	32	65520129	6040
chr11	63804348	64004348	harbor2	chr11	63821068	63821490	LTR/ERVL-MaLR	1723	-	211	63821279	16931
chr11	69540515	69740515	harbor2	chr11	69543310	69543421	LTR/ERVL-MaLR	1059	-	56	69543366	2851
chr11	69540515	69740515	harbor2	chr11	69543835	69544159	LTR/ERVL-MaLR	1059	-	162	69543997	3482
chr11	69540515	69740515	harbor2	chr11	69557002	69557402	LTR/ERVL-MaLR	1868	-	200	69557202	16687
chr11	69540515	69740515	harbor2	chr11	69584472	69584829	LTR/ERVL-MaLR	1985	-	178	69584650	44135
chr11	69540515	69740515	harbor2	chr11	69597411	69597793	LTR/ERVL-MaLR	1003	-	191	69597602	57087
chr11	69540515	69740515	harbor2	chr11	69619633	69619989	LTR/ERVL-MaLR	2066	-	178	69619811	79296
chr11	69540515	69740515	harbor2	chr11	69628450	69628957	LTR/ERVL-MaLR	1957	-	254	69628704	88189
chr11	69540515	69740515	harbor2	chr11	69630122	69630370	LTR/ERVL-MaLR	822	-	124	69630246	89731
chr11	1826879	2026879	harbor2	chr11	1850194	1850363	LTR/ERVL-MaLR	827	-	84	1850278	23399
chr11	1826879	2026879	harbor2	chr11	1850680	1850868	LTR/ERVL-MaLR	827	-	94	1850774	23895
chr11	5127178	5327178	harbor2	chr11	5190877	5191239	LTR/ERVL-MaLR	2344	-	181	5191058	63880
chr11	68332467	68532467	harbor2	chr11	68359058	68359299	LTR/ERVL-MaLR	858	-	120	68359178	26711
chr11	68332467	68532467	harbor2	chr11	68424572	68424931	LTR/ERVL-MaLR	868	-	180	68424752	92285
chr11	68332467	68532467	harbor2	chr11	68426366	68426421	LTR/ERVL-MaLR	1264	-	28	68426394	93927
chr11	68332467	68532467	harbor2	chr11	68426714	68427240	LTR/ERVL-MaLR	1264	-	263	68426977	94510
chr11	68332467	68532467	harbor2	chr11	68428319	68428773	LTR/ERVL-MaLR	1025	-	227	68428546	96079
chr11	5200536	5400536	harbor2	chr11	5247162	5247498	LTR/ERVL-MaLR	1100	-	168	5247330	46794
chr11	5200536	5400536	harbor2	chr11	5251946	5252277	LTR/ERVL-MaLR	913	-	166	5252112	51576
chr11	1449439	1649439	harbor2	chr11	1465696	1465994	LTR/ERVL-MaLR	493	-	149	1465845	16406
chr11	1449439	1649439	harbor2	chr11	1466317	1466645	LTR/ERVL-MaLR	585	-	164	1466481	17042
chr11	1449439	1649439	harbor2	chr11	1467125	1467261	LTR/ERVL-MaLR	467	-	68	1467193	17754
chr11	3127659	3327659	harbor2	chr11	3171491	3171936	LTR/ERVL-MaLR	1578	-	222	3171713	44054
chr11	3127659	3327659	harbor2	chr11	3180081	3180434	LTR/ERVL-MaLR	2867	-	176	3180257	52598
chr11	3127659	3327659	harbor2	chr11	3182795	3183016	LTR/ERVL-MaLR	1402	-	110	3182905	55246
chr11	3127659	3327659	harbor2	chr11	3183320	3183522	LTR/ERVL-MaLR	1402	-	101	3183421	55762
chr11	3127659	3327659	harbor2	chr11	3184831	3184898	LTR/ERVL-MaLR	1072	-	34	3184865	57206
chr11	3127659	3327659	harbor2	chr11	3184899	3185284	LTR/ERVL-MaLR	2317	-	192	3185091	57432
chr11	3127659	3327659	harbor2	chr11	3185285	3185553	LTR/ERVL-MaLR	1072	-	134	3185419	57760
chr11	3127659	3327659	harbor2	chr11	3190531	3190915	LTR/ERVL-MaLR	1732	-	192	3190723	63064
chr11	3127659	3327659	harbor2	chr11	3209509	3209993	LTR/ERVL-MaLR	2473	-	242	3209751	82092
chr11	47086400	47286400	harbor2	chr11	47087736	47088240	LTR/ERVL-MaLR	2029	-	252	47087988	1588
chr11	47086400	47286400	harbor2	chr11	47138056	47138417	LTR/ERVL-MaLR	2078	-	180	47138236	51836
chr11	5134999	5334999	harbor2	chr11	5190877	5191239	LTR/ERVL-MaLR	2344	-	181	5191058	56059
chr11	69543489	69743489	harbor2	chr11	69543835	69544159	LTR/ERVL-MaLR	1059	-	162	69543997	508
chr11	69543489	69743489	harbor2	chr11	69557002	69557402	LTR/ERVL-MaLR	1868	-	200	69557202	13713
chr11	69543489	69743489	harbor2	chr11	69584472	69584829	LTR/ERVL-MaLR	1985	-	178	69584650	41161
chr11	69543489	69743489	harbor2	chr11	69597411	69597793	LTR/ERVL-MaLR	1003	-	191	69597602	54113
chr11	69543489	69743489	harbor2	chr11	69619633	69619989	LTR/ERVL-MaLR	2066	-	178	69619811	76322
chr11	69543489	69743489	harbor2	chr11	69628450	69628957	LTR/ERVL-MaLR	1957	-	254	69628704	85215
chr11	69543489	69743489	harbor2	chr11	69630122	69630370	LTR/ERVL-MaLR	822	-	124	69630246	86757
chr11	5127964	5327964	harbor2	chr11	5190877	5191239	LTR/ERVL-MaLR	2344	-	181	5191058	63094
chr11	69575463	69775463	harbor2	chr11	69584472	69584829	LTR/ERVL-MaLR	1985	-	178	69584650	9187
chr11	69575463	69775463	harbor2	chr11	69597411	69597793	LTR/ERVL-MaLR	1003	-	191	69597602	22139
chr11	69575463	69775463	harbor2	chr11	69619633	69619989	LTR/ERVL-MaLR	2066	-	178	69619811	44348
chr11	69575463	69775463	harbor2	chr11	69628450	69628957	LTR/ERVL-MaLR	1957	-	254	69628704	53241
chr11	69575463	69775463	harbor2	chr11	69630122	69630370	LTR/ERVL-MaLR	822	-	124	69630246	54783
chr11	69575463	69775463	harbor2	chr11	69656516	69656874	LTR/ERVL-MaLR	2326	-	179	69656695	81232
chr11	69575463	69775463	harbor2	chr11	69661350	69661672	LTR/ERVL-MaLR	797	-	161	69661511	86048
chr11	69575463	69775463	harbor2	chr11	69661982	69662107	LTR/ERVL-MaLR	797	-	62	69662044	86581
chr11	31724775	31924775	harbor2	chr11	31730171	31730496	LTR/ERVL-MaLR	1449	-	162	31730333	5558
chr11	31724775	31924775	harbor2	chr11	31772645	31772831	LTR/ERVL-MaLR	545	-	93	31772738	47963
chr11	31724775	31924775	harbor2	chr11	31772863	31773265	LTR/ERVL-MaLR	1336	-	201	31773064	48289
chr11	31724775	31924775	harbor2	chr11	31774201	31774451	LTR/ERVL-MaLR	572	-	125	31774326	49551
chr11	31724775	31924775	harbor2	chr11	31774808	31775065	LTR/ERVL-MaLR	703	-	128	31774936	50161
chr11	31724775	31924775	harbor2	chr11	31776308	31776547	LTR/ERVL-MaLR	619	-	120	31776428	51653
chr11	76581002	76781002	harbor2	chr11	76602908	76603252	LTR/ERVL-MaLR	1761	-	172	76603080	22078
chr11	76581002	76781002	harbor2	chr11	76625730	76626275	LTR/ERVL-MaLR	1262	-	272	76626002	45000
chr11	6512668	6712668	harbor2	chr11	6514783	6515191	LTR/ERVL-MaLR	1560	-	204	6514987	2319
chr11	6512668	6712668	harbor2	chr11	6516953	6517145	LTR/ERVL-MaLR	916	-	96	6517049	4381
chr11	6512668	6712668	harbor2	chr11	6517687	6517829	LTR/ERVL-MaLR	789	-	71	6517758	5090
chr11	6512668	6712668	harbor2	chr11	6525070	6525296	LTR/ERVL-MaLR	419	-	113	6525183	12515
chr11	6512668	6712668	harbor2	chr11	6552170	6552241	LTR/ERVL-MaLR	1690	-	36	6552206	39538
chr11	6512668	6712668	harbor2	chr11	6552531	6552835	LTR/ERVL-MaLR	1690	-	152	6552683	40015
chr11	6512668	6712668	harbor2	chr11	6591752	6591940	LTR/ERVL-MaLR	706	-	94	6591846	79178
chr11	6512668	6712668	harbor2	chr11	6595813	6596196	LTR/ERVL-MaLR	649	-	192	6596005	83337
chr11	5134513	5334513	harbor2	chr11	5190877	5191239	LTR/ERVL-MaLR	2344	-	181	5191058	56545
chr11	1374129	1574129	harbor2	chr11	1385272	1385632	LTR/ERVL-MaLR	1727	-	180	1385452	11323
chr11	1374129	1574129	harbor2	chr11	1465696	1465994	LTR/ERVL-MaLR	493	-	149	1465845	91716
chr11	1374129	1574129	harbor2	chr11	1466317	1466645	LTR/ERVL-MaLR	585	-	164	1466481	92352
chr11	1374129	1574129	harbor2	chr11	1467125	1467261	LTR/ERVL-MaLR	467	-	68	1467193	93064
chr11	1899061	2099061	harbor2	chr11	1940850	1941200	LTR/ERVL-MaLR	1907	-	175	1941025	41964
chr11	1899061	2099061	harbor2	chr11	1941491	1941526	LTR/ERVL-MaLR	1907	-	18	1941509	42448
chr11	6204994	6404994	harbor2	chr11	6236763	6237192	LTR/ERVL-MaLR	1591	-	214	6236977	31983
chr11	6204994	6404994	harbor2	chr11	6243191	6243590	LTR/ERVL-MaLR	2292	-	200	6243391	38397
chr11	6204994	6404994	harbor2	chr11	6247615	6247635	LTR/ERVL-MaLR	1785	-	10	6247625	42631
chr11	6204994	6404994	harbor2	chr11	6247665	6248149	LTR/ERVL-MaLR	1785	-	242	6247907	42913
chr11	6204994	6404994	harbor2	chr11	6253413	6253764	LTR/ERVL-MaLR	1137	-	176	6253589	48595
chr11	6204994	6404994	harbor2	chr11	6254308	6254608	LTR/ERVL-MaLR	624	-	150	6254458	49464
chr11	6204994	6404994	harbor2	chr11	6256254	6256893	LTR/ERVL-MaLR	1398	-	320	6256574	51580
chr11	104477395	104677395	harbor2	chr11	104504283	104504711	LTR/ERVL-MaLR	1290	-	214	104504497	27102
chr11	104477395	104677395	harbor2	chr11	104511187	104511585	LTR/ERVL-MaLR	783	-	199	104511386	33991
chr11	104477395	104677395	harbor2	chr11	104519227	104519642	LTR/ERVL-MaLR	1757	-	208	104519435	42040
chr11	104477395	104677395	harbor2	chr11	104531534	104531929	LTR/ERVL-MaLR	1952	-	198	104531732	54337
chr11	104477395	104677395	harbor2	chr11	104532817	104532995	LTR/ERVL-MaLR	711	-	89	104532906	55511
chr11	104477395	104677395	harbor2	chr11	104513477	104513836	LTR/ERVL-MaLR	2467	-	180	104513657	36262
chr11	6201292	6401292	harbor2	chr11	6236763	6237192	LTR/ERVL-MaLR	1591	-	214	6236977	35685
chr11	6201292	6401292	harbor2	chr11	6243191	6243590	LTR/ERVL-MaLR	2292	-	200	6243391	42099
chr11	6201292	6401292	harbor2	chr11	6247615	6247635	LTR/ERVL-MaLR	1785	-	10	6247625	46333
chr11	6201292	6401292	harbor2	chr11	6247665	6248149	LTR/ERVL-MaLR	1785	-	242	6247907	46615
chr11	6201292	6401292	harbor2	chr11	6253413	6253764	LTR/ERVL-MaLR	1137	-	176	6253589	52297
chr11	6201292	6401292	harbor2	chr11	6254308	6254608	LTR/ERVL-MaLR	624	-	150	6254458	53166
chr11	6201292	6401292	harbor2	chr11	6256254	6256893	LTR/ERVL-MaLR	1398	-	320	6256574	55282
chr11	5134524	5334524	harbor2	chr11	5190877	5191239	LTR/ERVL-MaLR	2344	-	181	5191058	56534
chr11	5127128	5327128	harbor2	chr11	5190877	5191239	LTR/ERVL-MaLR	2344	-	181	5191058	63930
chr11	3994559	4194559	harbor2	chr11	4022666	4023045	LTR/ERVL-MaLR	1020	-	190	4022856	28297
chr11	3994559	4194559	harbor2	chr11	4050083	4050377	LTR/ERVL-MaLR	827	-	147	4050230	55671
chr11	5140128	5340128	harbor2	chr11	5190877	5191239	LTR/ERVL-MaLR	2344	-	181	5191058	50930
chr11	76580962	76780962	harbor2	chr11	76602908	76603252	LTR/ERVL-MaLR	1761	-	172	76603080	22118
chr11	76580962	76780962	harbor2	chr11	76625730	76626275	LTR/ERVL-MaLR	1262	-	272	76626002	45040
chr11	104242642	104442642	harbor2	chr11	104243659	104244143	LTR/ERVL-MaLR	1750	-	242	104243901	1259
chr11	104242642	104442642	harbor2	chr11	104280419	104280882	LTR/ERVL-MaLR	2000	-	232	104280651	38009
chr11	104242642	104442642	harbor2	chr11	104289907	104290484	LTR/ERVL-MaLR	1844	-	288	104290195	47553
chr11	104242642	104442642	harbor2	chr11	104291532	104292105	LTR/ERVL-MaLR	694	-	286	104291818	49176
chr11	104242642	104442642	harbor2	chr11	104317208	104317784	LTR/ERVL-MaLR	1818	-	288	104317496	74854
chr11	104242642	104442642	harbor2	chr11	104334018	104334384	LTR/ERVL-MaLR	1768	-	183	104334201	91559
chr11	104242642	104442642	harbor2	chr11	104300187	104300726	LTR/ERVL-MaLR	1825	-	270	104300457	57815
chr11	5185577	5385577	harbor2	chr11	5190877	5191239	LTR/ERVL-MaLR	2344	-	181	5191058	5481
chr11	5185577	5385577	harbor2	chr11	5247162	5247498	LTR/ERVL-MaLR	1100	-	168	5247330	61753
chr11	5185577	5385577	harbor2	chr11	5251946	5252277	LTR/ERVL-MaLR	913	-	166	5252112	66535
chr11	69540279	69740279	harbor2	chr11	69543310	69543421	LTR/ERVL-MaLR	1059	-	56	69543366	3087
chr11	69540279	69740279	harbor2	chr11	69543835	69544159	LTR/ERVL-MaLR	1059	-	162	69543997	3718
chr11	69540279	69740279	harbor2	chr11	69557002	69557402	LTR/ERVL-MaLR	1868	-	200	69557202	16923
chr11	69540279	69740279	harbor2	chr11	69584472	69584829	LTR/ERVL-MaLR	1985	-	178	69584650	44371
chr11	69540279	69740279	harbor2	chr11	69597411	69597793	LTR/ERVL-MaLR	1003	-	191	69597602	57323
chr11	69540279	69740279	harbor2	chr11	69619633	69619989	LTR/ERVL-MaLR	2066	-	178	69619811	79532
chr11	69540279	69740279	harbor2	chr11	69628450	69628957	LTR/ERVL-MaLR	1957	-	254	69628704	88425
chr11	69540279	69740279	harbor2	chr11	69630122	69630370	LTR/ERVL-MaLR	822	-	124	69630246	89967
chr11	64242731	64442731	harbor2	chr11	64327442	64327804	LTR/ERVL-MaLR	1277	-	181	64327623	84892
chr11	68339574	68539574	harbor2	chr11	68359058	68359299	LTR/ERVL-MaLR	858	-	120	68359178	19604
chr11	68339574	68539574	harbor2	chr11	68424572	68424931	LTR/ERVL-MaLR	868	-	180	68424752	85178
chr11	68339574	68539574	harbor2	chr11	68426366	68426421	LTR/ERVL-MaLR	1264	-	28	68426394	86820
chr11	68339574	68539574	harbor2	chr11	68426714	68427240	LTR/ERVL-MaLR	1264	-	263	68426977	87403
chr11	68339574	68539574	harbor2	chr11	68428319	68428773	LTR/ERVL-MaLR	1025	-	227	68428546	88972
chr11	68339574	68539574	harbor2	chr11	68435275	68435671	LTR/ERVL-MaLR	1830	-	198	68435473	95899
chr11	68339574	68539574	harbor2	chr11	68436024	68436072	LTR/ERVL-MaLR	1830	-	24	68436048	96474
chr11	3131136	3331136	harbor2	chr11	3171491	3171936	LTR/ERVL-MaLR	1578	-	222	3171713	40577
chr11	3131136	3331136	harbor2	chr11	3180081	3180434	LTR/ERVL-MaLR	2867	-	176	3180257	49121
chr11	3131136	3331136	harbor2	chr11	3182795	3183016	LTR/ERVL-MaLR	1402	-	110	3182905	51769
chr11	3131136	3331136	harbor2	chr11	3183320	3183522	LTR/ERVL-MaLR	1402	-	101	3183421	52285
chr11	3131136	3331136	harbor2	chr11	3184831	3184898	LTR/ERVL-MaLR	1072	-	34	3184865	53729
chr11	3131136	3331136	harbor2	chr11	3184899	3185284	LTR/ERVL-MaLR	2317	-	192	3185091	53955
chr11	3131136	3331136	harbor2	chr11	3185285	3185553	LTR/ERVL-MaLR	1072	-	134	3185419	54283
chr11	3131136	3331136	harbor2	chr11	3190531	3190915	LTR/ERVL-MaLR	1732	-	192	3190723	59587
chr11	3131136	3331136	harbor2	chr11	3209509	3209993	LTR/ERVL-MaLR	2473	-	242	3209751	78615
chr11	134971985	135171985	harbor2	chr11	135048927	135049295	LTR/ERVL-MaLR	2244	-	184	135049111	77126
chr11	134971985	135171985	harbor2	chr11	135061598	135061875	LTR/ERVL-MaLR	862	-	138	135061736	89751
chr11	134971985	135171985	harbor2	chr11	135063496	135063931	LTR/ERVL-MaLR	1685	-	218	135063714	91729
chr11	134971985	135171985	harbor2	chr11	135070645	135070958	LTR/ERVL-MaLR	874	-	156	135070801	98816
chr11	5216139	5416139	harbor2	chr11	5247162	5247498	LTR/ERVL-MaLR	1100	-	168	5247330	31191
chr11	5216139	5416139	harbor2	chr11	5251946	5252277	LTR/ERVL-MaLR	913	-	166	5252112	35973
chr11	76580938	76780938	harbor2	chr11	76602908	76603252	LTR/ERVL-MaLR	1761	-	172	76603080	22142
chr11	76580938	76780938	harbor2	chr11	76625730	76626275	LTR/ERVL-MaLR	1262	-	272	76626002	45064
chr11	5130257	5330257	harbor2	chr11	5190877	5191239	LTR/ERVL-MaLR	2344	-	181	5191058	60801
chr11	5212918	5412918	harbor2	chr11	5247162	5247498	LTR/ERVL-MaLR	1100	-	168	5247330	34412
chr11	5212918	5412918	harbor2	chr11	5251946	5252277	LTR/ERVL-MaLR	913	-	166	5252112	39194
chr11	33594688	33794688	harbor2	chr11	33594252	33594704	LTR/ERVL-MaLR	1212	-	226	33594478	210
chr11	33594688	33794688	harbor2	chr11	33604099	33604293	LTR/ERVL-MaLR	2114	-	97	33604196	9508
chr11	33594688	33794688	harbor2	chr11	33604960	33605150	LTR/ERVL-MaLR	2114	-	95	33605055	10367
chr11	33594688	33794688	harbor2	chr11	33605195	33605333	LTR/ERVL-MaLR	2114	-	69	33605264	10576
chr11	33594688	33794688	harbor2	chr11	33610744	33611064	LTR/ERVL-MaLR	1262	-	160	33610904	16216
chr11	33594688	33794688	harbor2	chr11	33613413	33613739	LTR/ERVL-MaLR	1761	-	163	33613576	18888
chr11	33594688	33794688	harbor2	chr11	33616057	33616485	LTR/ERVL-MaLR	1517	-	214	33616271	21583
chr11	33594688	33794688	harbor2	chr11	33637528	33637929	LTR/ERVL-MaLR	1876	-	200	33637728	43040
chr11	33594688	33794688	harbor2	chr11	33672155	33672567	LTR/ERVL-MaLR	429	-	206	33672361	77673
chr11	33594688	33794688	harbor2	chr11	33693283	33693613	LTR/ERVL-MaLR	1761	-	165	33693448	98760
chr11	5128029	5328029	harbor2	chr11	5190877	5191239	LTR/ERVL-MaLR	2344	-	181	5191058	63029
chr11	5134085	5334085	harbor2	chr11	5190877	5191239	LTR/ERVL-MaLR	2344	-	181	5191058	56973
chr11	76597028	76797028	harbor2	chr11	76602908	76603252	LTR/ERVL-MaLR	1761	-	172	76603080	6052
chr11	76597028	76797028	harbor2	chr11	76625730	76626275	LTR/ERVL-MaLR	1262	-	272	76626002	28974
chr11	76597028	76797028	harbor2	chr11	76684434	76684791	LTR/ERVL-MaLR	1623	-	178	76684612	87584
chr11	31726461	31926461	harbor2	chr11	31730171	31730496	LTR/ERVL-MaLR	1449	-	162	31730333	3872
chr11	31726461	31926461	harbor2	chr11	31772645	31772831	LTR/ERVL-MaLR	545	-	93	31772738	46277
chr11	31726461	31926461	harbor2	chr11	31772863	31773265	LTR/ERVL-MaLR	1336	-	201	31773064	46603
chr11	31726461	31926461	harbor2	chr11	31774201	31774451	LTR/ERVL-MaLR	572	-	125	31774326	47865
chr11	31726461	31926461	harbor2	chr11	31774808	31775065	LTR/ERVL-MaLR	703	-	128	31774936	48475
chr11	31726461	31926461	harbor2	chr11	31776308	31776547	LTR/ERVL-MaLR	619	-	120	31776428	49967
chr11	5133710	5333710	harbor2	chr11	5190877	5191239	LTR/ERVL-MaLR	2344	-	181	5191058	57348
chr11	3206827	3406827	harbor2	chr11	3209509	3209993	LTR/ERVL-MaLR	2473	-	242	3209751	2924
chr11	3206827	3406827	harbor2	chr11	3287773	3288151	LTR/ERVL-MaLR	2355	-	189	3287962	81135
chr11	2056654	2256654	harbor2	chr11	2091684	2091917	LTR/ERVL-MaLR	577	-	116	2091800	35146
chr11	2056654	2256654	harbor2	chr11	2107942	2108434	LTR/ERVL-MaLR	1324	-	246	2108188	51534
chr11	65289218	65489218	harbor2	chr11	65307406	65307653	LTR/ERVL-MaLR	982	-	124	65307530	18312
chr11	65289218	65489218	harbor2	chr11	65311711	65311816	LTR/ERVL-MaLR	1680	-	52	65311763	22545
chr11	65289218	65489218	harbor2	chr11	65312118	65312321	LTR/ERVL-MaLR	1680	-	102	65312220	23002
chr11	65289218	65489218	harbor2	chr11	65312628	65312755	LTR/ERVL-MaLR	1680	-	64	65312692	23474
chr11	65289218	65489218	harbor2	chr11	65313098	65313171	LTR/ERVL-MaLR	1680	-	36	65313134	23916
chr11	65289218	65489218	harbor2	chr11	65313480	65313521	LTR/ERVL-MaLR	1680	-	20	65313500	24282
chr11	66159128	66359128	harbor2	chr11	66190968	66191458	LTR/ERVL-MaLR	2350	-	245	66191213	32085
chr11	65481636	65681636	harbor2	chr11	65519782	65519799	LTR/ERVL-MaLR	414	-	8	65519790	38154
chr11	65481636	65681636	harbor2	chr11	65520097	65520162	LTR/ERVL-MaLR	414	-	32	65520129	38493
chr11	64348940	64548940	harbor2	chr11	64364039	64364506	LTR/ERVL-MaLR	552	-	234	64364273	15333
chr11	64348940	64548940	harbor2	chr11	64364507	64364734	LTR/ERVL-MaLR	418	-	114	64364621	15681
chr11	64348940	64548940	harbor2	chr11	64365053	64365090	LTR/ERVL-MaLR	418	-	18	64365071	16131
chr11	64348940	64548940	harbor2	chr11	64390258	64390629	LTR/ERVL-MaLR	2512	-	186	64390444	41504
chr11	64348940	64548940	harbor2	chr11	64399149	64399324	LTR/ERVL-MaLR	816	-	88	64399237	50297
chr11	64348940	64548940	harbor2	chr11	64418261	64418586	LTR/ERVL-MaLR	1968	-	162	64418423	69483
chr11	64348940	64548940	harbor2	chr11	64420580	64420920	LTR/ERVL-MaLR	753	-	170	64420750	71810
chr11	64348940	64548940	harbor2	chr11	64421060	64421104	LTR/ERVL-MaLR	2600	-	22	64421082	72142
chr11	64348940	64548940	harbor2	chr11	64421229	64421742	LTR/ERVL-MaLR	2600	-	256	64421485	72545
chr11	64348940	64548940	harbor2	chr11	64422169	64423142	LTR/ERVL-MaLR	4080	-	486	64422655	73715
chr11	64348940	64548940	harbor2	chr11	64440239	64440661	LTR/ERVL-MaLR	420	-	211	64440450	91510
chr11	64348940	64548940	harbor2	chr11	64372728	64373133	LTR/ERVL-MaLR	461	-	202	64372930	23990
chr11	64348940	64548940	harbor2	chr11	64421748	64422052	LTR/ERVL-MaLR	1284	-	152	64421900	72960
chr11	86702251	86902251	harbor2	chr11	86710435	86710812	LTR/ERVL-MaLR	2400	-	188	86710623	8372
chr11	86702251	86902251	harbor2	chr11	86725074	86725321	LTR/ERVL-MaLR	755	-	124	86725198	22947
chr11	86702251	86902251	harbor2	chr11	86745034	86745394	LTR/ERVL-MaLR	1876	-	180	86745214	42963
chr11	86702251	86902251	harbor2	chr11	86751087	86751557	LTR/ERVL-MaLR	1397	-	235	86751322	49071
chr11	86702251	86902251	harbor2	chr11	86758137	86758635	LTR/ERVL-MaLR	1241	-	249	86758386	56135
chr11	86702251	86902251	harbor2	chr11	86771619	86771783	LTR/ERVL-MaLR	865	-	82	86771701	69450
chr11	86702251	86902251	harbor2	chr11	86780194	86780311	LTR/ERVL-MaLR	623	-	58	86780252	78001
chr11	69539137	69739137	harbor2	chr11	69543310	69543421	LTR/ERVL-MaLR	1059	-	56	69543366	4229
chr11	69539137	69739137	harbor2	chr11	69543835	69544159	LTR/ERVL-MaLR	1059	-	162	69543997	4860
chr11	69539137	69739137	harbor2	chr11	69557002	69557402	LTR/ERVL-MaLR	1868	-	200	69557202	18065
chr11	69539137	69739137	harbor2	chr11	69584472	69584829	LTR/ERVL-MaLR	1985	-	178	69584650	45513
chr11	69539137	69739137	harbor2	chr11	69597411	69597793	LTR/ERVL-MaLR	1003	-	191	69597602	58465
chr11	69539137	69739137	harbor2	chr11	69619633	69619989	LTR/ERVL-MaLR	2066	-	178	69619811	80674
chr11	69539137	69739137	harbor2	chr11	69628450	69628957	LTR/ERVL-MaLR	1957	-	254	69628704	89567
chr11	69539137	69739137	harbor2	chr11	69630122	69630370	LTR/ERVL-MaLR	822	-	124	69630246	91109
chr11	69540570	69740570	harbor2	chr11	69543310	69543421	LTR/ERVL-MaLR	1059	-	56	69543366	2796
chr11	69540570	69740570	harbor2	chr11	69543835	69544159	LTR/ERVL-MaLR	1059	-	162	69543997	3427
chr11	69540570	69740570	harbor2	chr11	69557002	69557402	LTR/ERVL-MaLR	1868	-	200	69557202	16632
chr11	69540570	69740570	harbor2	chr11	69584472	69584829	LTR/ERVL-MaLR	1985	-	178	69584650	44080
chr11	69540570	69740570	harbor2	chr11	69597411	69597793	LTR/ERVL-MaLR	1003	-	191	69597602	57032
chr11	69540570	69740570	harbor2	chr11	69619633	69619989	LTR/ERVL-MaLR	2066	-	178	69619811	79241
chr11	69540570	69740570	harbor2	chr11	69628450	69628957	LTR/ERVL-MaLR	1957	-	254	69628704	88134
chr11	69540570	69740570	harbor2	chr11	69630122	69630370	LTR/ERVL-MaLR	822	-	124	69630246	89676
chr11	47465560	47665560	harbor2	chr11	47539803	47540083	LTR/ERVL-MaLR	693	-	140	47539943	74383
chr11	5129604	5329604	harbor2	chr11	5190877	5191239	LTR/ERVL-MaLR	2344	-	181	5191058	61454
chr11	19614222	19814222	harbor2	chr11	19634949	19635036	LTR/ERVL-MaLR	427	-	44	19634993	20771
chr11	19614222	19814222	harbor2	chr11	19635420	19635868	LTR/ERVL-MaLR	1791	-	224	19635644	21422
chr11	19614222	19814222	harbor2	chr11	19637471	19637866	LTR/ERVL-MaLR	2292	-	198	19637669	23447
chr11	19614222	19814222	harbor2	chr11	19644991	19645489	LTR/ERVL-MaLR	2437	-	249	19645240	31018
chr11	19614222	19814222	harbor2	chr11	19649375	19649727	LTR/ERVL-MaLR	1836	-	176	19649551	35329
chr11	19614222	19814222	harbor2	chr11	19682504	19682901	LTR/ERVL-MaLR	2354	-	198	19682702	68480
chr11	19614222	19814222	harbor2	chr11	19711245	19711582	LTR/ERVL-MaLR	1496	-	168	19711413	97191
chr11	5138019	5338019	harbor2	chr11	5190877	5191239	LTR/ERVL-MaLR	2344	-	181	5191058	53039
chr11	2300595	2500595	harbor2	chr11	2317786	2318048	LTR/ERVL-MaLR	817	-	131	2317917	17322
chr11	2300595	2500595	harbor2	chr11	2326035	2326398	LTR/ERVL-MaLR	2148	-	182	2326217	25622
chr11	2300595	2500595	harbor2	chr11	2326800	2327619	LTR/ERVL-MaLR	3878	-	410	2327210	26615
chr11	2300595	2500595	harbor2	chr11	2327814	2328387	LTR/ERVL-MaLR	3878	-	286	2328100	27505
chr11	2300595	2500595	harbor2	chr11	2328388	2328722	LTR/ERVL-MaLR	1333	-	167	2328555	27960
chr11	2300595	2500595	harbor2	chr11	2328830	2329037	LTR/ERVL-MaLR	415	-	104	2328934	28339
chr11	2300595	2500595	harbor2	chr11	2343074	2343355	LTR/ERVL-MaLR	1275	-	140	2343214	42619
chr11	2300595	2500595	harbor2	chr11	2343524	2343686	LTR/ERVL-MaLR	789	-	81	2343605	43010
chr11	2300595	2500595	harbor2	chr11	2345313	2345696	LTR/ERVL-MaLR	2138	-	192	2345505	44910
chr11	2300595	2500595	harbor2	chr11	2350914	2351311	LTR/ERVL-MaLR	1919	-	198	2351112	50517
chr11	2300595	2500595	harbor2	chr11	2351312	2352797	LTR/ERVL-MaLR	5538	-	742	2352054	51459
chr11	2300595	2500595	harbor2	chr11	2353094	2353290	LTR/ERVL-MaLR	5538	-	98	2353192	52597
chr11	2300595	2500595	harbor2	chr11	2353310	2353684	LTR/ERVL-MaLR	1503	-	187	2353497	52902
chr11	2300595	2500595	harbor2	chr11	2353975	2354003	LTR/ERVL-MaLR	1503	-	14	2353989	53394
chr11	2300595	2500595	harbor2	chr11	2363291	2363710	LTR/ERVL-MaLR	1304	-	210	2363501	62906
chr11	2300595	2500595	harbor2	chr11	2364848	2365250	LTR/ERVL-MaLR	2557	-	201	2365049	64454
chr11	2300595	2500595	harbor2	chr11	2365294	2365541	LTR/ERVL-MaLR	764	-	124	2365418	64823
chr11	2300595	2500595	harbor2	chr11	2373383	2373742	LTR/ERVL-MaLR	1925	-	180	2373563	72968
chr11	5128903	5328903	harbor2	chr11	5190877	5191239	LTR/ERVL-MaLR	2344	-	181	5191058	62155
chr11	5216274	5416274	harbor2	chr11	5247162	5247498	LTR/ERVL-MaLR	1100	-	168	5247330	31056
chr11	5216274	5416274	harbor2	chr11	5251946	5252277	LTR/ERVL-MaLR	913	-	166	5252112	35838
chr11	86937893	87137893	harbor2	chr11	86943679	86943743	LTR/ERVL-MaLR	1781	-	32	86943711	5818
chr11	86937893	87137893	harbor2	chr11	86944041	86944420	LTR/ERVL-MaLR	1781	-	190	86944231	6338
chr11	86937893	87137893	harbor2	chr11	86995518	86995673	LTR/ERVL-MaLR	518	-	78	86995596	57703
chr11	86937893	87137893	harbor2	chr11	86996918	86997108	LTR/ERVL-MaLR	518	-	95	86997013	59120
chr11	86937893	87137893	harbor2	chr11	86997315	86997436	LTR/ERVL-MaLR	518	-	60	86997375	59482
chr11	47086439	47286439	harbor2	chr11	47087736	47088240	LTR/ERVL-MaLR	2029	-	252	47087988	1549
chr11	47086439	47286439	harbor2	chr11	47138056	47138417	LTR/ERVL-MaLR	2078	-	180	47138236	51797
chr12	49267179	49467179	harbor2	chr12	49303735	49303783	LTR/ERVL-MaLR	668	-	24	49303759	36580
chr12	49267179	49467179	harbor2	chr12	49304077	49304276	LTR/ERVL-MaLR	668	-	100	49304177	36998
chr12	49267179	49467179	harbor2	chr12	49305723	49306522	LTR/ERVL-MaLR	1973	-	400	49306123	38944
chr12	49268868	49468868	harbor2	chr12	49303735	49303783	LTR/ERVL-MaLR	668	-	24	49303759	34891
chr12	49268868	49468868	harbor2	chr12	49304077	49304276	LTR/ERVL-MaLR	668	-	100	49304177	35309
chr12	49268868	49468868	harbor2	chr12	49305723	49306522	LTR/ERVL-MaLR	1973	-	400	49306123	37255
chr12	49267798	49467798	harbor2	chr12	49303735	49303783	LTR/ERVL-MaLR	668	-	24	49303759	35961
chr12	49267798	49467798	harbor2	chr12	49304077	49304276	LTR/ERVL-MaLR	668	-	100	49304177	36379
chr12	49267798	49467798	harbor2	chr12	49305723	49306522	LTR/ERVL-MaLR	1973	-	400	49306123	38325
chr12	49289912	49489912	harbor2	chr12	49303735	49303783	LTR/ERVL-MaLR	668	-	24	49303759	13847
chr12	49289912	49489912	harbor2	chr12	49304077	49304276	LTR/ERVL-MaLR	668	-	100	49304177	14265
chr12	49289912	49489912	harbor2	chr12	49305723	49306522	LTR/ERVL-MaLR	1973	-	400	49306123	16211
chr12	49289912	49489912	harbor2	chr12	49371546	49371938	LTR/ERVL-MaLR	2484	-	196	49371742	81830
chr12	1	134253	harbor2	chr12	36613	36985	LTR/ERVL-MaLR	951	-	186	36799	36798
chr12	110181171	110381171	harbor2	chr12	110193833	110194253	LTR/ERVL-MaLR	2775	-	210	110194043	12872
chr12	110181171	110381171	harbor2	chr12	110220662	110221060	LTR/ERVL-MaLR	2125	-	199	110220861	39690
chr12	110181171	110381171	harbor2	chr12	110245854	110246189	LTR/ERVL-MaLR	1854	-	168	110246022	64851
chr12	55941898	56141898	harbor2	chr12	55945408	55945793	LTR/ERVL-MaLR	2179	-	192	55945600	3702
chr12	55941898	56141898	harbor2	chr12	55946088	55946153	LTR/ERVL-MaLR	2179	-	32	55946120	4222
chr12	49501263	49701263	harbor2	chr12	49501211	49501538	LTR/ERVL-MaLR	1532	-	164	49501375	112
chr12	49501263	49701263	harbor2	chr12	49506257	49506606	LTR/ERVL-MaLR	2228	-	174	49506431	5168
chr12	49501263	49701263	harbor2	chr12	49574165	49574529	LTR/ERVL-MaLR	2163	-	182	49574347	73084
chr12	1	131535	harbor2	chr12	36613	36985	LTR/ERVL-MaLR	951	-	186	36799	36798
chr12	132044250	132244250	harbor2	chr12	132098505	132098738	LTR/ERVL-MaLR	2583	-	116	132098621	54371
chr12	132044250	132244250	harbor2	chr12	132099030	132099214	LTR/ERVL-MaLR	2583	-	92	132099122	54872
chr12	10113589	10313589	harbor2	chr12	10204730	10205158	LTR/ERVL-MaLR	1648	-	214	10204944	91355
chr12	49481241	49681241	harbor2	chr12	49501211	49501538	LTR/ERVL-MaLR	1532	-	164	49501375	20134
chr12	49481241	49681241	harbor2	chr12	49506257	49506606	LTR/ERVL-MaLR	2228	-	174	49506431	25190
chr12	49481241	49681241	harbor2	chr12	49574165	49574529	LTR/ERVL-MaLR	2163	-	182	49574347	93106
chr12	2941177	3141177	harbor2	chr12	2950722	2951076	LTR/ERVL-MaLR	1765	-	177	2950899	9722
chr12	2941177	3141177	harbor2	chr12	2979716	2979847	LTR/ERVL-MaLR	626	-	66	2979782	38605
chr12	2941177	3141177	harbor2	chr12	2996951	2997229	LTR/ERVL-MaLR	758	-	139	2997090	55913
chr12	2941177	3141177	harbor2	chr12	3000253	3000659	LTR/ERVL-MaLR	2356	-	203	3000456	59279
chr12	2941177	3141177	harbor2	chr12	3026302	3026548	LTR/ERVL-MaLR	677	-	123	3026425	85248
chr12	49499153	49699153	harbor2	chr12	49501211	49501538	LTR/ERVL-MaLR	1532	-	164	49501375	2222
chr12	49499153	49699153	harbor2	chr12	49506257	49506606	LTR/ERVL-MaLR	2228	-	174	49506431	7278
chr12	49499153	49699153	harbor2	chr12	49574165	49574529	LTR/ERVL-MaLR	2163	-	182	49574347	75194
chr12	51585388	51785388	harbor2	chr12	51648450	51648801	LTR/ERVL-MaLR	2444	-	176	51648626	63238
chr12	51585388	51785388	harbor2	chr12	51648802	51650376	LTR/ERVL-MaLR	11662	-	787	51649589	64201
chr12	51585388	51785388	harbor2	chr12	51650377	51650505	LTR/ERVL-MaLR	1021	-	64	51650441	65053
chr12	51585388	51785388	harbor2	chr12	51651503	51651729	LTR/ERVL-MaLR	1337	-	113	51651616	66228
chr12	49267227	49467227	harbor2	chr12	49303735	49303783	LTR/ERVL-MaLR	668	-	24	49303759	36532
chr12	49267227	49467227	harbor2	chr12	49304077	49304276	LTR/ERVL-MaLR	668	-	100	49304177	36950
chr12	49267227	49467227	harbor2	chr12	49305723	49306522	LTR/ERVL-MaLR	1973	-	400	49306123	38896
chr12	49267168	49467168	harbor2	chr12	49303735	49303783	LTR/ERVL-MaLR	668	-	24	49303759	36591
chr12	49267168	49467168	harbor2	chr12	49304077	49304276	LTR/ERVL-MaLR	668	-	100	49304177	37009
chr12	49267168	49467168	harbor2	chr12	49305723	49306522	LTR/ERVL-MaLR	1973	-	400	49306123	38955
chr12	49485747	49685747	harbor2	chr12	49501211	49501538	LTR/ERVL-MaLR	1532	-	164	49501375	15628
chr12	49485747	49685747	harbor2	chr12	49506257	49506606	LTR/ERVL-MaLR	2228	-	174	49506431	20684
chr12	49485747	49685747	harbor2	chr12	49574165	49574529	LTR/ERVL-MaLR	2163	-	182	49574347	88600
chr12	130739294	130939294	harbor2	chr12	130772183	130772390	LTR/ERVL-MaLR	1010	-	104	130772287	32993
chr12	130064326	130264326	harbor2	chr12	130067555	130067955	LTR/ERVL-MaLR	2173	-	200	130067755	3429
chr12	130064326	130264326	harbor2	chr12	130068839	130069242	LTR/ERVL-MaLR	1435	-	202	130069041	4715
chr12	130064326	130264326	harbor2	chr12	130069858	130070374	LTR/ERVL-MaLR	1102	-	258	130070116	5790
chr12	130064326	130264326	harbor2	chr12	130071786	130072146	LTR/ERVL-MaLR	2174	-	180	130071966	7640
chr12	130064326	130264326	harbor2	chr12	130074495	130074952	LTR/ERVL-MaLR	1249	-	228	130074723	10397
chr12	130064326	130264326	harbor2	chr12	130077365	130077734	LTR/ERVL-MaLR	2609	-	184	130077549	13223
chr12	130064326	130264326	harbor2	chr12	130090264	130090632	LTR/ERVL-MaLR	2445	-	184	130090448	26122
chr12	130064326	130264326	harbor2	chr12	130112596	130112959	LTR/ERVL-MaLR	2771	-	182	130112778	48452
chr12	130064326	130264326	harbor2	chr12	130122558	130122906	LTR/ERVL-MaLR	1664	-	174	130122732	58406
chr12	130064326	130264326	harbor2	chr12	130124012	130124406	LTR/ERVL-MaLR	1324	-	197	130124209	59883
chr12	130064326	130264326	harbor2	chr12	130127365	130127872	LTR/ERVL-MaLR	1098	-	254	130127619	63293
chr12	130064326	130264326	harbor2	chr12	130129002	130129561	LTR/ERVL-MaLR	1619	-	280	130129282	64956
chr12	130064326	130264326	harbor2	chr12	130152746	130153143	LTR/ERVL-MaLR	949	-	198	130152944	88618
chr12	130064326	130264326	harbor2	chr12	130088596	130089003	LTR/ERVL-MaLR	1800	-	204	130088800	24474
chr12	7055606	7255606	harbor2	chr12	7057937	7058316	LTR/ERVL-MaLR	773	-	190	7058127	2521
chr12	7055606	7255606	harbor2	chr12	7059096	7059258	LTR/ERVL-MaLR	773	-	81	7059177	3571
chr12	7055606	7255606	harbor2	chr12	7115685	7116077	LTR/ERVL-MaLR	2276	-	196	7115881	60275
chr12	7055606	7255606	harbor2	chr12	7116889	7117390	LTR/ERVL-MaLR	2145	-	250	7117139	61533
chr12	52212987	52412987	harbor2	chr12	52268844	52269164	LTR/ERVL-MaLR	1912	-	160	52269004	56017
chr12	96225371	96425371	harbor2	chr12	96229249	96229523	LTR/ERVL-MaLR	1806	-	137	96229386	4015
chr12	96225371	96425371	harbor2	chr12	96229830	96230009	LTR/ERVL-MaLR	1806	-	90	96229920	4549
chr12	96225371	96425371	harbor2	chr12	96236759	96237190	LTR/ERVL-MaLR	1371	-	216	96236975	11604
chr12	89254755	89454755	harbor2	chr12	89255138	89255536	LTR/ERVL-MaLR	2083	-	199	89255337	582
chr12	89254755	89454755	harbor2	chr12	89293715	89293956	LTR/ERVL-MaLR	1221	-	120	89293835	39080
chr12	53852095	54052095	harbor2	chr12	53918675	53919038	LTR/ERVL-MaLR	1998	-	182	53918857	66762
chr12	53852095	54052095	harbor2	chr12	53926003	53926346	LTR/ERVL-MaLR	734	-	172	53926175	74080
chr12	6981048	7181048	harbor2	chr12	7045218	7045626	LTR/ERVL-MaLR	2425	-	204	7045422	64374
chr12	6981048	7181048	harbor2	chr12	7047629	7047959	LTR/ERVL-MaLR	691	-	165	7047794	66746
chr12	6981048	7181048	harbor2	chr12	7048513	7048666	LTR/ERVL-MaLR	686	-	76	7048589	67541
chr12	6981048	7181048	harbor2	chr12	7057937	7058316	LTR/ERVL-MaLR	773	-	190	7058127	77079
chr12	6981048	7181048	harbor2	chr12	7059096	7059258	LTR/ERVL-MaLR	773	-	81	7059177	78129
chr12	1591570	1791570	harbor2	chr12	1613703	1614123	LTR/ERVL-MaLR	713	-	210	1613913	22343
chr12	114565308	114765308	harbor2	chr12	114567897	114568279	LTR/ERVL-MaLR	1424	-	191	114568088	2780
chr12	114565308	114765308	harbor2	chr12	114568571	114568797	LTR/ERVL-MaLR	1424	-	113	114568684	3376
chr12	114565308	114765308	harbor2	chr12	114571017	114571223	LTR/ERVL-MaLR	1676	-	103	114571120	5812
chr12	114565308	114765308	harbor2	chr12	114571687	114571926	LTR/ERVL-MaLR	1676	-	120	114571807	6499
chr12	114565308	114765308	harbor2	chr12	114581191	114581231	LTR/ERVL-MaLR	2183	-	20	114581211	15903
chr12	114565308	114765308	harbor2	chr12	114581414	114581780	LTR/ERVL-MaLR	2183	-	183	114581597	16289
chr12	114565308	114765308	harbor2	chr12	114606439	114606812	LTR/ERVL-MaLR	2244	-	186	114606625	41317
chr12	114565308	114765308	harbor2	chr12	114623526	114623943	LTR/ERVL-MaLR	679	-	208	114623734	58426
chr12	54817529	55017529	harbor2	chr12	54844507	54844839	LTR/ERVL-MaLR	745	-	166	54844673	27144
chr12	54817529	55017529	harbor2	chr12	54844857	54845168	LTR/ERVL-MaLR	875	-	156	54845013	27484
chr12	54817529	55017529	harbor2	chr12	54865761	54865872	LTR/ERVL-MaLR	843	-	56	54865817	48288
chr12	54817529	55017529	harbor2	chr12	54879190	54879620	LTR/ERVL-MaLR	1806	-	215	54879405	61876
chr12	54817529	55017529	harbor2	chr12	54899822	54900228	LTR/ERVL-MaLR	2147	-	203	54900025	82496
chr12	54817529	55017529	harbor2	chr12	54913166	54913406	LTR/ERVL-MaLR	1259	-	120	54913286	95757
chr12	11087032	11287032	harbor2	chr12	11166696	11167164	LTR/ERVL-MaLR	1776	-	234	11166930	79898
chr12	121712062	121912062	harbor2	chr12	121718742	121719280	LTR/ERVL-MaLR	1838	-	269	121719011	6949
chr12	121712062	121912062	harbor2	chr12	121728640	121729177	LTR/ERVL-MaLR	1230	-	268	121728908	16846
chr12	121712062	121912062	harbor2	chr12	121734089	121734252	LTR/ERVL-MaLR	756	-	82	121734171	22109
chr12	121712062	121912062	harbor2	chr12	121736845	121737220	LTR/ERVL-MaLR	1199	-	188	121737033	24971
chr12	121712062	121912062	harbor2	chr12	121743779	121744044	LTR/ERVL-MaLR	661	-	132	121743911	31849
chr12	121712062	121912062	harbor2	chr12	121754394	121754809	LTR/ERVL-MaLR	1265	-	208	121754602	42540
chr12	121712062	121912062	harbor2	chr12	121762290	121762677	LTR/ERVL-MaLR	793	-	194	121762484	50422
chr12	121712062	121912062	harbor2	chr12	121766302	121766804	LTR/ERVL-MaLR	653	-	251	121766553	54491
chr12	121712062	121912062	harbor2	chr12	121770110	121770465	LTR/ERVL-MaLR	1253	-	178	121770288	58226
chr12	131976930	132176930	harbor2	chr12	132002614	132002819	LTR/ERVL-MaLR	585	-	102	132002716	25786
chr12	131976930	132176930	harbor2	chr12	132012236	132012588	LTR/ERVL-MaLR	1490	-	176	132012412	35482
chr12	131976930	132176930	harbor2	chr12	132039214	132039531	LTR/ERVL-MaLR	1082	-	158	132039372	62442
chr12	104562875	104762875	harbor2	chr12	104564712	104565075	LTR/ERVL-MaLR	2614	-	182	104564894	2019
chr12	104562875	104762875	harbor2	chr12	104585660	104586080	LTR/ERVL-MaLR	1594	-	210	104585870	22995
chr12	104562875	104762875	harbor2	chr12	104592253	104592618	LTR/ERVL-MaLR	2201	-	182	104592435	29560
chr12	104562875	104762875	harbor2	chr12	104612161	104612610	LTR/ERVL-MaLR	2594	-	224	104612385	49510
chr12	104562875	104762875	harbor2	chr12	104624711	104625086	LTR/ERVL-MaLR	1729	-	188	104624899	62024
chr12	104562875	104762875	harbor2	chr12	104629167	104629387	LTR/ERVL-MaLR	912	-	110	104629277	66402
chr12	104562875	104762875	harbor2	chr12	104630039	104630272	LTR/ERVL-MaLR	1162	-	116	104630155	67280
chr12	104562875	104762875	harbor2	chr12	104647665	104648150	LTR/ERVL-MaLR	1515	-	242	104647907	85032
chr12	104562875	104762875	harbor2	chr12	104658180	104658559	LTR/ERVL-MaLR	1516	-	190	104658370	95495
chr12	96299869	96499869	harbor2	chr12	96359335	96359624	LTR/ERVL-MaLR	809	-	144	96359479	59610
chr12	96299869	96499869	harbor2	chr12	96388680	96389022	LTR/ERVL-MaLR	2090	-	171	96388851	88982
chr12	123358547	123558547	harbor2	chr12	123427118	123427531	LTR/ERVL-MaLR	1110	-	206	123427324	68777
chr12	66144148	66344148	harbor2	chr12	66163344	66163714	LTR/ERVL-MaLR	2366	-	185	66163529	19381
chr12	66144148	66344148	harbor2	chr12	66178207	66178666	LTR/ERVL-MaLR	2090	-	230	66178437	34289
chr12	66144148	66344148	harbor2	chr12	66213079	66213366	LTR/ERVL-MaLR	1833	-	144	66213223	69075
chr12	25007052	25207052	harbor2	chr12	25032540	25032898	LTR/ERVL-MaLR	1356	-	179	25032719	25667
chr12	25007052	25207052	harbor2	chr12	25102458	25102872	LTR/ERVL-MaLR	1038	-	207	25102665	95613
chr12	65456928	65656928	harbor2	chr12	65480075	65480478	LTR/ERVL-MaLR	2101	-	202	65480277	23349
chr12	65456928	65656928	harbor2	chr12	65483161	65483433	LTR/ERVL-MaLR	1344	-	136	65483297	26369
chr12	65456928	65656928	harbor2	chr12	65483438	65484591	LTR/ERVL-MaLR	11198	-	576	65484014	27086
chr12	65456928	65656928	harbor2	chr12	65484888	65485359	LTR/ERVL-MaLR	11198	-	236	65485124	28196
chr12	65456928	65656928	harbor2	chr12	65485360	65485743	LTR/ERVL-MaLR	2185	-	192	65485552	28624
chr12	65456928	65656928	harbor2	chr12	65521391	65521793	LTR/ERVL-MaLR	2618	-	201	65521592	64664
chr12	65456928	65656928	harbor2	chr12	65522096	65522716	LTR/ERVL-MaLR	1184	-	310	65522406	65478
chr13	94616682	94816682	harbor2	chr13	94635763	94635831	LTR/ERVL-MaLR	1986	-	34	94635797	19115
chr13	94616682	94816682	harbor2	chr13	94636146	94636445	LTR/ERVL-MaLR	1986	-	150	94636296	19614
chr13	94616682	94816682	harbor2	chr13	94648489	94648957	LTR/ERVL-MaLR	1728	-	234	94648723	32041
chr13	94616682	94816682	harbor2	chr13	94669708	94669783	LTR/ERVL-MaLR	1613	-	38	94669746	53064
chr13	94616682	94816682	harbor2	chr13	94670081	94670379	LTR/ERVL-MaLR	1613	-	149	94670230	53548
chr13	94616682	94816682	harbor2	chr13	94693891	94694238	LTR/ERVL-MaLR	1633	-	174	94694065	77383
chr13	94616682	94816682	harbor2	chr13	94699574	94700079	LTR/ERVL-MaLR	1807	-	252	94699826	83144
chr13	37193965	37393965	harbor2	chr13	37228232	37228497	LTR/ERVL-MaLR	1209	-	132	37228364	34399
chr13	37193965	37393965	harbor2	chr13	37229022	37229382	LTR/ERVL-MaLR	1606	-	180	37229202	35237
chr13	37193965	37393965	harbor2	chr13	37229813	37230231	LTR/ERVL-MaLR	623	-	209	37230022	36057
chr13	37193965	37393965	harbor2	chr13	37238685	37239054	LTR/ERVL-MaLR	1848	-	184	37238869	44904
chr13	37193965	37393965	harbor2	chr13	37239921	37240350	LTR/ERVL-MaLR	2149	-	214	37240135	46170
chr13	37193965	37393965	harbor2	chr13	37244400	37244854	LTR/ERVL-MaLR	1757	-	227	37244627	50662
chr13	37193965	37393965	harbor2	chr13	37247433	37247624	LTR/ERVL-MaLR	437	-	96	37247529	53564
chr13	109467216	109667216	harbor2	chr13	109524260	109524771	LTR/ERVL-MaLR	1755	-	256	109524516	57300
chr13	109467216	109667216	harbor2	chr13	109532406	109532774	LTR/ERVL-MaLR	2345	-	184	109532590	65374
chr13	109467216	109667216	harbor2	chr13	109542139	109542495	LTR/ERVL-MaLR	1262	-	178	109542317	75101
chr13	20320596	20520596	harbor2	chr13	20367374	20367795	LTR/ERVL-MaLR	1958	-	210	20367584	46988
chr13	27730189	27930189	harbor2	chr13	27743383	27743746	LTR/ERVL-MaLR	1685	-	182	27743565	13376
chr13	27730189	27930189	harbor2	chr13	27764955	27765060	LTR/ERVL-MaLR	2203	-	52	27765007	34818
chr13	27730189	27930189	harbor2	chr13	27765363	27765712	LTR/ERVL-MaLR	2203	-	174	27765537	35348
chr13	27730189	27930189	harbor2	chr13	27767293	27767647	LTR/ERVL-MaLR	1983	-	177	27767470	37281
chr13	27730189	27930189	harbor2	chr13	27775183	27775558	LTR/ERVL-MaLR	1581	-	188	27775371	45182
chr13	27730189	27930189	harbor2	chr13	27784592	27785041	LTR/ERVL-MaLR	694	-	224	27784816	54627
chr13	113726141	113926141	harbor2	chr13	113770059	113770415	LTR/ERVL-MaLR	2300	-	178	113770237	44096
chr13	20315103	20515103	harbor2	chr13	20367374	20367795	LTR/ERVL-MaLR	1958	-	210	20367584	52481
chr13	113726140	113926140	harbor2	chr13	113770059	113770415	LTR/ERVL-MaLR	2300	-	178	113770237	44097
chr13	113726144	113926144	harbor2	chr13	113770059	113770415	LTR/ERVL-MaLR	2300	-	178	113770237	44093
chr13	20329118	20529118	harbor2	chr13	20367374	20367795	LTR/ERVL-MaLR	1958	-	210	20367584	38466
chr13	60297202	60497202	harbor2	chr13	60305476	60305851	LTR/ERVL-MaLR	2709	-	188	60305664	8462
chr13	60297202	60497202	harbor2	chr13	60305852	60307435	LTR/ERVL-MaLR	9954	-	792	60306644	9442
chr13	60297202	60497202	harbor2	chr13	60307438	60307816	LTR/ERVL-MaLR	2405	-	189	60307627	10425
chr13	60297202	60497202	harbor2	chr13	60315620	60316031	LTR/ERVL-MaLR	2426	-	206	60315826	18624
chr13	60297202	60497202	harbor2	chr13	60330067	60330421	LTR/ERVL-MaLR	1873	-	177	60330244	33042
chr13	60297202	60497202	harbor2	chr13	60351279	60351718	LTR/ERVL-MaLR	1856	-	220	60351499	54297
chr13	60297202	60497202	harbor2	chr13	60356796	60356998	LTR/ERVL-MaLR	897	-	101	60356897	59695
chr13	60297202	60497202	harbor2	chr13	60366839	60367303	LTR/ERVL-MaLR	2322	-	232	60367071	69869
chr13	60297202	60497202	harbor2	chr13	60378624	60379060	LTR/ERVL-MaLR	821	-	218	60378842	81640
chr13	60297202	60497202	harbor2	chr13	60379220	60379307	LTR/ERVL-MaLR	485	-	44	60379264	82062
chr13	60297202	60497202	harbor2	chr13	60379308	60379703	LTR/ERVL-MaLR	2599	-	198	60379506	82304
chr13	60297202	60497202	harbor2	chr13	60379704	60379858	LTR/ERVL-MaLR	485	-	77	60379781	82579
chr13	60297202	60497202	harbor2	chr13	60385211	60385812	LTR/ERVL-MaLR	1775	-	300	60385511	88309
chr13	110254735	110454735	harbor2	chr13	110260085	110260440	LTR/ERVL-MaLR	2331	-	178	110260263	5528
chr13	110254735	110454735	harbor2	chr13	110292456	110292773	LTR/ERVL-MaLR	1653	-	158	110292614	37879
chr13	110254735	110454735	harbor2	chr13	110321624	110321986	LTR/ERVL-MaLR	1834	-	181	110321805	67070
chr13	100785242	100985242	harbor2	chr13	100791986	100792312	LTR/ERVL-MaLR	2239	-	163	100792149	6907
chr13	100785242	100985242	harbor2	chr13	100805829	100806287	LTR/ERVL-MaLR	1498	-	229	100806058	20816
chr13	100785242	100985242	harbor2	chr13	100814026	100814298	LTR/ERVL-MaLR	1007	-	136	100814162	28920
chr13	100785242	100985242	harbor2	chr13	100814809	100815000	LTR/ERVL-MaLR	703	-	96	100814905	29663
chr13	100785242	100985242	harbor2	chr13	100830132	100830527	LTR/ERVL-MaLR	742	-	198	100830330	45088
chr13	100785242	100985242	harbor2	chr13	100832216	100832576	LTR/ERVL-MaLR	2516	-	180	100832396	47154
chr13	100785242	100985242	harbor2	chr13	100834016	100834455	LTR/ERVL-MaLR	1104	-	220	100834236	48994
chr13	100785242	100985242	harbor2	chr13	100847195	100847581	LTR/ERVL-MaLR	2203	-	193	100847388	62146
chr13	100785242	100985242	harbor2	chr13	100847582	100847911	LTR/ERVL-MaLR	854	-	164	100847746	62504
chr13	100785242	100985242	harbor2	chr13	100849761	100850215	LTR/ERVL-MaLR	2030	-	227	100849988	64746
chr13	100785242	100985242	harbor2	chr13	100859317	100859683	LTR/ERVL-MaLR	2079	-	183	100859500	74258
chr13	100785242	100985242	harbor2	chr13	100873391	100873668	LTR/ERVL-MaLR	836	-	138	100873529	88287
chr13	100848871	101048871	harbor2	chr13	100849761	100850215	LTR/ERVL-MaLR	2030	-	227	100849988	1117
chr13	100848871	101048871	harbor2	chr13	100859317	100859683	LTR/ERVL-MaLR	2079	-	183	100859500	10629
chr13	100848871	101048871	harbor2	chr13	100873391	100873668	LTR/ERVL-MaLR	836	-	138	100873529	24658
chr13	100848871	101048871	harbor2	chr13	100894568	100894982	LTR/ERVL-MaLR	1455	-	207	100894775	45904
chr13	100848871	101048871	harbor2	chr13	100927675	100928030	LTR/ERVL-MaLR	1916	-	178	100927853	78982
chr13	100848871	101048871	harbor2	chr13	100929072	100929235	LTR/ERVL-MaLR	565	-	82	100929154	80283
chr13	100848871	101048871	harbor2	chr13	100929542	100929574	LTR/ERVL-MaLR	565	-	16	100929558	80687
chr13	100848871	101048871	harbor2	chr13	100930516	100930704	LTR/ERVL-MaLR	636	-	94	100930610	81739
chr13	100848871	101048871	harbor2	chr13	100932347	100932438	LTR/ERVL-MaLR	449	-	46	100932393	83522
chr13	113736144	113936144	harbor2	chr13	113770059	113770415	LTR/ERVL-MaLR	2300	-	178	113770237	34093
chr13	113727215	113927215	harbor2	chr13	113770059	113770415	LTR/ERVL-MaLR	2300	-	178	113770237	43022
chr13	24181626	24381626	harbor2	chr13	24182281	24182715	LTR/ERVL-MaLR	2329	-	217	24182498	872
chr13	24181626	24381626	harbor2	chr13	24243916	24244318	LTR/ERVL-MaLR	1530	-	201	24244117	62491
chr13	24181626	24381626	harbor2	chr13	24252147	24252499	LTR/ERVL-MaLR	1772	-	176	24252323	70697
chr13	24181626	24381626	harbor2	chr13	24252689	24252821	LTR/ERVL-MaLR	429	-	66	24252755	71129
chr13	95000339	95200339	harbor2	chr13	95007267	95007590	LTR/ERVL-MaLR	1711	-	162	95007429	7090
chr13	95000339	95200339	harbor2	chr13	95007586	95007706	LTR/ERVL-MaLR	643	-	60	95007646	7307
chr13	110779820	110979820	harbor2	chr13	110780784	110781105	LTR/ERVL-MaLR	2361	-	160	110780944	1124
chr13	110779820	110979820	harbor2	chr13	110781399	110781454	LTR/ERVL-MaLR	2361	-	28	110781427	1607
chr13	110779820	110979820	harbor2	chr13	110781455	110783088	LTR/ERVL-MaLR	9566	-	816	110782271	2451
chr13	110779820	110979820	harbor2	chr13	110783089	110783444	LTR/ERVL-MaLR	2555	-	178	110783267	3447
chr13	110779820	110979820	harbor2	chr13	110783445	110783799	LTR/ERVL-MaLR	1951	-	177	110783622	3802
chr13	110779820	110979820	harbor2	chr13	110785237	110785591	LTR/ERVL-MaLR	2001	-	177	110785414	5594
chr13	110779820	110979820	harbor2	chr13	110788863	110789262	LTR/ERVL-MaLR	1248	-	200	110789063	9243
chr13	110779820	110979820	harbor2	chr13	110790385	110790634	LTR/ERVL-MaLR	1626	-	124	110790509	10689
chr13	110779820	110979820	harbor2	chr13	110790946	110791134	LTR/ERVL-MaLR	1626	-	94	110791040	11220
chr13	110779820	110979820	harbor2	chr13	110792064	110792464	LTR/ERVL-MaLR	1329	-	200	110792264	12444
chr13	110779820	110979820	harbor2	chr13	110813951	110814440	LTR/ERVL-MaLR	604	-	244	110814195	34375
chr13	110779820	110979820	harbor2	chr13	110824996	110825114	LTR/ERVL-MaLR	451	-	59	110825055	45235
chr13	110779820	110979820	harbor2	chr13	110828675	110829072	LTR/ERVL-MaLR	2339	-	198	110828873	49053
chr13	110779820	110979820	harbor2	chr13	110841369	110841824	LTR/ERVL-MaLR	1876	-	228	110841597	61777
chr13	110779820	110979820	harbor2	chr13	110841828	110842230	LTR/ERVL-MaLR	1733	-	201	110842029	62209
chr13	110779820	110979820	harbor2	chr13	110848262	110848615	LTR/ERVL-MaLR	2159	-	176	110848438	68618
chr13	110779820	110979820	harbor2	chr13	110856690	110857190	LTR/ERVL-MaLR	1596	-	250	110856940	77120
chr13	110779820	110979820	harbor2	chr13	110864353	110864717	LTR/ERVL-MaLR	2061	-	182	110864535	84715
chr13	110779820	110979820	harbor2	chr13	110864718	110866185	LTR/ERVL-MaLR	9409	-	734	110865452	85632
chr13	110779820	110979820	harbor2	chr13	110866186	110866560	LTR/ERVL-MaLR	2212	-	187	110866373	86553
chr13	58429168	58629168	harbor2	chr13	58433129	58433283	LTR/ERVL-MaLR	1517	-	77	58433206	4038
chr13	58429168	58629168	harbor2	chr13	58433719	58433914	LTR/ERVL-MaLR	1517	-	98	58433817	4649
chr13	58429168	58629168	harbor2	chr13	58447733	58448009	LTR/ERVL-MaLR	1279	-	138	58447871	18703
chr13	58429168	58629168	harbor2	chr13	58448142	58448325	LTR/ERVL-MaLR	1279	-	92	58448234	19066
chr13	58429168	58629168	harbor2	chr13	58468255	58468687	LTR/ERVL-MaLR	907	-	216	58468471	39303
chr13	58429168	58629168	harbor2	chr13	58468988	58469356	LTR/ERVL-MaLR	1795	-	184	58469172	40004
chr13	58429168	58629168	harbor2	chr13	58482351	58482766	LTR/ERVL-MaLR	1979	-	208	58482559	53391
chr13	58429168	58629168	harbor2	chr13	58488250	58488470	LTR/ERVL-MaLR	1676	-	110	58488360	59192
chr13	58429168	58629168	harbor2	chr13	58489121	58489519	LTR/ERVL-MaLR	1676	-	199	58489320	60152
chr13	58429168	58629168	harbor2	chr13	58492853	58493003	LTR/ERVL-MaLR	682	-	75	58492928	63760
chr13	27730181	27930181	harbor2	chr13	27743383	27743746	LTR/ERVL-MaLR	1685	-	182	27743565	13384
chr13	27730181	27930181	harbor2	chr13	27764955	27765060	LTR/ERVL-MaLR	2203	-	52	27765007	34826
chr13	27730181	27930181	harbor2	chr13	27765363	27765712	LTR/ERVL-MaLR	2203	-	174	27765537	35356
chr13	27730181	27930181	harbor2	chr13	27767293	27767647	LTR/ERVL-MaLR	1983	-	177	27767470	37289
chr13	27730181	27930181	harbor2	chr13	27775183	27775558	LTR/ERVL-MaLR	1581	-	188	27775371	45190
chr13	27730181	27930181	harbor2	chr13	27784592	27785041	LTR/ERVL-MaLR	694	-	224	27784816	54635
chr13	28720903	28920903	harbor2	chr13	28730606	28731073	LTR/ERVL-MaLR	2125	-	234	28730840	9937
chr13	28720903	28920903	harbor2	chr13	28763839	28764297	LTR/ERVL-MaLR	1581	-	229	28764068	43165
chr13	28720903	28920903	harbor2	chr13	28764303	28764519	LTR/ERVL-MaLR	2416	-	108	28764411	43508
chr13	28720903	28920903	harbor2	chr13	28764827	28765005	LTR/ERVL-MaLR	2416	-	89	28764916	44013
chr13	28720903	28920903	harbor2	chr13	28765881	28766488	LTR/ERVL-MaLR	2027	-	304	28766185	45282
chr13	113727457	113927457	harbor2	chr13	113770059	113770415	LTR/ERVL-MaLR	2300	-	178	113770237	42780
chr13	113726159	113926159	harbor2	chr13	113770059	113770415	LTR/ERVL-MaLR	2300	-	178	113770237	44078
chr13	110254770	110454770	harbor2	chr13	110260085	110260440	LTR/ERVL-MaLR	2331	-	178	110260263	5493
chr13	110254770	110454770	harbor2	chr13	110292456	110292773	LTR/ERVL-MaLR	1653	-	158	110292614	37844
chr13	110254770	110454770	harbor2	chr13	110321624	110321986	LTR/ERVL-MaLR	1834	-	181	110321805	67035
chr13	113726150	113926150	harbor2	chr13	113770059	113770415	LTR/ERVL-MaLR	2300	-	178	113770237	44087
chr13	99535043	99735043	harbor2	chr13	99567937	99568351	LTR/ERVL-MaLR	1959	-	207	99568144	33101
chr13	99535043	99735043	harbor2	chr13	99588740	99589131	LTR/ERVL-MaLR	738	-	196	99588936	53893
chr13	99535043	99735043	harbor2	chr13	99592337	99592546	LTR/ERVL-MaLR	1624	-	104	99592441	57398
chr13	99535043	99735043	harbor2	chr13	99592831	99593021	LTR/ERVL-MaLR	1624	-	95	99592926	57883
chr13	99535043	99735043	harbor2	chr13	99599834	99600002	LTR/ERVL-MaLR	949	-	84	99599918	64875
chr13	99535043	99735043	harbor2	chr13	99621595	99621651	LTR/ERVL-MaLR	1837	-	28	99621623	86580
chr13	99535043	99735043	harbor2	chr13	99621871	99622321	LTR/ERVL-MaLR	1837	-	225	99622096	87053
chr13	23074893	23274893	harbor2	chr13	23074731	23075082	LTR/ERVL-MaLR	2218	-	176	23074907	14
chr13	23074893	23274893	harbor2	chr13	23077808	23077937	LTR/ERVL-MaLR	694	-	64	23077872	2979
chr13	23074893	23274893	harbor2	chr13	23116428	23116806	LTR/ERVL-MaLR	1550	-	189	23116617	41724
chr13	23074893	23274893	harbor2	chr13	23151722	23152094	LTR/ERVL-MaLR	2923	-	186	23151908	77015
chr13	23074893	23274893	harbor2	chr13	23164492	23164701	LTR/ERVL-MaLR	1222	-	104	23164596	89703
chr13	23074893	23274893	harbor2	chr13	23169793	23169975	LTR/ERVL-MaLR	426	-	91	23169884	94991
chr13	22389127	22589127	harbor2	chr13	22431989	22432214	LTR/ERVL-MaLR	927	-	112	22432101	42974
chr13	22389127	22589127	harbor2	chr13	22456797	22457573	LTR/ERVL-MaLR	2734	-	388	22457185	68058
chr13	22389127	22589127	harbor2	chr13	22457576	22457850	LTR/ERVL-MaLR	1770	-	137	22457713	68586
chr13	22389127	22589127	harbor2	chr13	22470403	22470754	LTR/ERVL-MaLR	1819	-	176	22470579	81452
chr13	113737492	113937492	harbor2	chr13	113770059	113770415	LTR/ERVL-MaLR	2300	-	178	113770237	32745
chr13	51842701	52042701	harbor2	chr13	51877932	51878149	LTR/ERVL-MaLR	1924	-	108	51878040	35339
chr13	51842701	52042701	harbor2	chr13	51878455	51878623	LTR/ERVL-MaLR	1924	-	84	51878539	35838
chr13	51842701	52042701	harbor2	chr13	51885247	51885609	LTR/ERVL-MaLR	2139	-	181	51885428	42727
chr13	51842701	52042701	harbor2	chr13	51922587	51923040	LTR/ERVL-MaLR	1987	-	226	51922813	80112
chr13	22891244	23091244	harbor2	chr13	22907886	22907987	LTR/ERVL-MaLR	2199	-	50	22907936	16692
chr13	22891244	23091244	harbor2	chr13	22908298	22908756	LTR/ERVL-MaLR	2199	-	229	22908527	17283
chr13	22891244	23091244	harbor2	chr13	22908758	22909109	LTR/ERVL-MaLR	1284	-	176	22908934	17690
chr13	22891244	23091244	harbor2	chr13	22911689	22911812	LTR/ERVL-MaLR	725	-	62	22911751	20507
chr13	22891244	23091244	harbor2	chr13	22959302	22959491	LTR/ERVL-MaLR	1305	-	94	22959396	68152
chr13	22891244	23091244	harbor2	chr13	22959526	22959716	LTR/ERVL-MaLR	1305	-	95	22959621	68377
chr13	22891244	23091244	harbor2	chr13	22968493	22968854	LTR/ERVL-MaLR	2187	-	180	22968673	77429
chr13	22891244	23091244	harbor2	chr13	22972090	22972291	LTR/ERVL-MaLR	1175	-	100	22972190	80946
chr13	100665338	100865338	harbor2	chr13	100681162	100681537	LTR/ERVL-MaLR	644	-	188	100681350	16012
chr13	100665338	100865338	harbor2	chr13	100686085	100686271	LTR/ERVL-MaLR	1252	-	93	100686178	20840
chr13	100665338	100865338	harbor2	chr13	100686658	100686882	LTR/ERVL-MaLR	1252	-	112	100686770	21432
chr13	100665338	100865338	harbor2	chr13	100706758	100707171	LTR/ERVL-MaLR	1896	-	206	100706964	41626
chr13	100665338	100865338	harbor2	chr13	100708573	100708959	LTR/ERVL-MaLR	2052	-	193	100708766	43428
chr13	100665338	100865338	harbor2	chr13	100736926	100737258	LTR/ERVL-MaLR	1059	-	166	100737092	71754
chr13	100665338	100865338	harbor2	chr13	100759514	100759863	LTR/ERVL-MaLR	1420	-	174	100759688	94350
chr13	113739633	113939633	harbor2	chr13	113770059	113770415	LTR/ERVL-MaLR	2300	-	178	113770237	30604
chr13	72960932	73160932	harbor2	chr13	73008965	73009381	LTR/ERVL-MaLR	1268	-	208	73009173	48241
chr13	72960932	73160932	harbor2	chr13	73051049	73051376	LTR/ERVL-MaLR	2426	-	164	73051213	90281
chr13	110290586	110490586	harbor2	chr13	110292456	110292773	LTR/ERVL-MaLR	1653	-	158	110292614	2028
chr13	110290586	110490586	harbor2	chr13	110321624	110321986	LTR/ERVL-MaLR	1834	-	181	110321805	31219
chr13	113734431	113934431	harbor2	chr13	113770059	113770415	LTR/ERVL-MaLR	2300	-	178	113770237	35806
chr13	112675199	112875199	harbor2	chr13	112687378	112687720	LTR/ERVL-MaLR	1419	-	171	112687549	12350
chr13	112675199	112875199	harbor2	chr13	112687839	112688292	LTR/ERVL-MaLR	800	-	226	112688065	12866
chr13	112675199	112875199	harbor2	chr13	112703104	112703441	LTR/ERVL-MaLR	1009	-	168	112703272	28073
chr13	113750098	113950098	harbor2	chr13	113770059	113770415	LTR/ERVL-MaLR	2300	-	178	113770237	20139
chr13	75441536	75641536	harbor2	chr13	75502243	75502604	LTR/ERVL-MaLR	2445	-	180	75502423	60887
chr13	75441536	75641536	harbor2	chr13	75505142	75505290	LTR/ERVL-MaLR	679	-	74	75505216	63680
chr13	75441536	75641536	harbor2	chr13	75513069	75513254	LTR/ERVL-MaLR	728	-	92	75513161	71625
chr13	75441536	75641536	harbor2	chr13	75513672	75513819	LTR/ERVL-MaLR	728	-	74	75513746	72210
chr13	75441536	75641536	harbor2	chr13	75515404	75515744	LTR/ERVL-MaLR	1949	-	170	75515574	74038
chr13	75441536	75641536	harbor2	chr13	75538906	75539229	LTR/ERVL-MaLR	1167	-	162	75539068	97532
chr13	75441536	75641536	harbor2	chr13	75539547	75539637	LTR/ERVL-MaLR	1167	-	45	75539592	98056
chr13	20329143	20529143	harbor2	chr13	20367374	20367795	LTR/ERVL-MaLR	1958	-	210	20367584	38441
chr14	103242844	103442844	harbor2	chr14	103267302	103267656	LTR/ERVL-MaLR	1727	-	177	103267479	24635
chr14	103242844	103442844	harbor2	chr14	103267661	103268083	LTR/ERVL-MaLR	2708	-	211	103267872	25028
chr14	99493147	99693147	harbor2	chr14	99494706	99495034	LTR/ERVL-MaLR	1451	-	164	99494870	1723
chr14	67141303	67341303	harbor2	chr14	67141940	67142078	LTR/ERVL-MaLR	548	-	69	67142009	706
chr14	67141303	67341303	harbor2	chr14	67152983	67153020	LTR/ERVL-MaLR	1216	-	18	67153001	11698
chr14	67141303	67341303	harbor2	chr14	67153294	67153608	LTR/ERVL-MaLR	1216	-	157	67153451	12148
chr14	67141303	67341303	harbor2	chr14	67168031	67168389	LTR/ERVL-MaLR	2007	-	179	67168210	26907
chr14	67141303	67341303	harbor2	chr14	67201578	67201773	LTR/ERVL-MaLR	510	-	98	67201676	60373
chr14	67141303	67341303	harbor2	chr14	67207137	67207553	LTR/ERVL-MaLR	2554	-	208	67207345	66042
chr14	105613577	105813577	harbor2	chr14	105631446	105631886	LTR/ERVL-MaLR	2047	-	220	105631666	18089
chr14	105613577	105813577	harbor2	chr14	105631887	105632039	LTR/ERVL-MaLR	609	-	76	105631963	18386
chr14	105613577	105813577	harbor2	chr14	105651404	105651844	LTR/ERVL-MaLR	2073	-	220	105651624	38047
chr14	105613577	105813577	harbor2	chr14	105651845	105652010	LTR/ERVL-MaLR	663	-	82	105651927	38350
chr14	105613577	105813577	harbor2	chr14	105654460	105654614	LTR/ERVL-MaLR	553	-	77	105654537	40960
chr14	105613577	105813577	harbor2	chr14	105657982	105658164	LTR/ERVL-MaLR	508	-	91	105658073	44496
chr14	104095150	104295150	harbor2	chr14	104120760	104121168	LTR/ERVL-MaLR	2022	-	204	104120964	25814
chr14	24047658	24247658	harbor2	chr14	24092750	24093228	LTR/ERVL-MaLR	1182	-	239	24092989	45331
chr14	90283171	90483171	harbor2	chr14	90320161	90320540	LTR/ERVL-MaLR	2420	-	190	90320351	37180
chr14	90283171	90483171	harbor2	chr14	90362592	90362933	LTR/ERVL-MaLR	1991	-	170	90362762	79591
chr14	90283171	90483171	harbor2	chr14	90371719	90372073	LTR/ERVL-MaLR	2727	-	177	90371896	88725
chr14	103423570	103623570	harbor2	chr14	103447706	103447773	LTR/ERVL-MaLR	1066	-	34	103447740	24170
chr14	103423570	103623570	harbor2	chr14	103448072	103448409	LTR/ERVL-MaLR	1066	-	168	103448240	24670
chr14	103423570	103623570	harbor2	chr14	103475394	103475664	LTR/ERVL-MaLR	1967	-	135	103475529	51959
chr14	103423570	103623570	harbor2	chr14	103475958	103476091	LTR/ERVL-MaLR	1967	-	66	103476024	52454
chr14	103423570	103623570	harbor2	chr14	103488142	103488245	LTR/ERVL-MaLR	452	-	52	103488194	64624
chr14	67141327	67341327	harbor2	chr14	67141940	67142078	LTR/ERVL-MaLR	548	-	69	67142009	682
chr14	67141327	67341327	harbor2	chr14	67152983	67153020	LTR/ERVL-MaLR	1216	-	18	67153001	11674
chr14	67141327	67341327	harbor2	chr14	67153294	67153608	LTR/ERVL-MaLR	1216	-	157	67153451	12124
chr14	67141327	67341327	harbor2	chr14	67168031	67168389	LTR/ERVL-MaLR	2007	-	179	67168210	26883
chr14	67141327	67341327	harbor2	chr14	67201578	67201773	LTR/ERVL-MaLR	510	-	98	67201676	60349
chr14	67141327	67341327	harbor2	chr14	67207137	67207553	LTR/ERVL-MaLR	2554	-	208	67207345	66018
chr14	99583954	99783954	harbor2	chr14	99612038	99612357	LTR/ERVL-MaLR	1610	-	160	99612198	28244
chr14	99583954	99783954	harbor2	chr14	99630706	99631048	LTR/ERVL-MaLR	1680	-	171	99630877	46923
chr14	99583954	99783954	harbor2	chr14	99631371	99631461	LTR/ERVL-MaLR	1680	-	45	99631416	47462
chr14	99583954	99783954	harbor2	chr14	99650928	99650966	LTR/ERVL-MaLR	2414	-	19	99650947	66993
chr14	99583954	99783954	harbor2	chr14	99651291	99651665	LTR/ERVL-MaLR	2414	-	187	99651478	67524
chr14	67141322	67341322	harbor2	chr14	67141940	67142078	LTR/ERVL-MaLR	548	-	69	67142009	687
chr14	67141322	67341322	harbor2	chr14	67152983	67153020	LTR/ERVL-MaLR	1216	-	18	67153001	11679
chr14	67141322	67341322	harbor2	chr14	67153294	67153608	LTR/ERVL-MaLR	1216	-	157	67153451	12129
chr14	67141322	67341322	harbor2	chr14	67168031	67168389	LTR/ERVL-MaLR	2007	-	179	67168210	26888
chr14	67141322	67341322	harbor2	chr14	67201578	67201773	LTR/ERVL-MaLR	510	-	98	67201676	60354
chr14	67141322	67341322	harbor2	chr14	67207137	67207553	LTR/ERVL-MaLR	2554	-	208	67207345	66023
chr14	100185464	100385464	harbor2	chr14	100227413	100227723	LTR/ERVL-MaLR	488	-	155	100227568	42104
chr14	100185464	100385464	harbor2	chr14	100228015	100228049	LTR/ERVL-MaLR	488	-	17	100228032	42568
chr14	100185464	100385464	harbor2	chr14	100265984	100266257	LTR/ERVL-MaLR	2052	-	136	100266120	80656
chr14	75328321	75528321	harbor2	chr14	75342630	75343034	LTR/ERVL-MaLR	809	-	202	75342832	14511
chr14	75328321	75528321	harbor2	chr14	75343878	75344349	LTR/ERVL-MaLR	1376	-	236	75344114	15793
chr14	75328321	75528321	harbor2	chr14	75351398	75351677	LTR/ERVL-MaLR	620	-	140	75351538	23217
chr14	75328321	75528321	harbor2	chr14	75368864	75369162	LTR/ERVL-MaLR	1349	-	149	75369013	40692
chr14	75328321	75528321	harbor2	chr14	75369466	75369561	LTR/ERVL-MaLR	1349	-	48	75369514	41193
chr14	75328321	75528321	harbor2	chr14	75378984	75379180	LTR/ERVL-MaLR	808	-	98	75379082	50761
chr14	75328321	75528321	harbor2	chr14	75398221	75398618	LTR/ERVL-MaLR	1451	-	198	75398419	70098
chr14	75328321	75528321	harbor2	chr14	75406434	75406666	LTR/ERVL-MaLR	2466	-	116	75406550	78229
chr14	75328321	75528321	harbor2	chr14	75406787	75406988	LTR/ERVL-MaLR	2466	-	100	75406887	78566
chr14	75328321	75528321	harbor2	chr14	75422536	75423072	LTR/ERVL-MaLR	1211	-	268	75422804	94483
chr14	75328321	75528321	harbor2	chr14	75425486	75425740	LTR/ERVL-MaLR	799	-	127	75425613	97292
chr14	100198905	100398905	harbor2	chr14	100227413	100227723	LTR/ERVL-MaLR	488	-	155	100227568	28663
chr14	100198905	100398905	harbor2	chr14	100228015	100228049	LTR/ERVL-MaLR	488	-	17	100228032	29127
chr14	100198905	100398905	harbor2	chr14	100265984	100266257	LTR/ERVL-MaLR	2052	-	136	100266120	67215
chr14	104093238	104293238	harbor2	chr14	104120760	104121168	LTR/ERVL-MaLR	2022	-	204	104120964	27726
chr14	24047654	24247654	harbor2	chr14	24092750	24093228	LTR/ERVL-MaLR	1182	-	239	24092989	45335
chr14	92647880	92847880	harbor2	chr14	92659742	92660153	LTR/ERVL-MaLR	2217	-	206	92659948	12068
chr14	92647880	92847880	harbor2	chr14	92660369	92660803	LTR/ERVL-MaLR	1079	-	217	92660586	12706
chr14	92647880	92847880	harbor2	chr14	92667700	92667873	LTR/ERVL-MaLR	489	-	86	92667786	19906
chr14	92647880	92847880	harbor2	chr14	92679987	92680200	LTR/ERVL-MaLR	2235	-	106	92680093	32213
chr14	92647880	92847880	harbor2	chr14	92680499	92680659	LTR/ERVL-MaLR	2235	-	80	92680579	32699
chr14	92647880	92847880	harbor2	chr14	92682344	92682864	LTR/ERVL-MaLR	577	-	260	92682604	34724
chr14	92647880	92847880	harbor2	chr14	92691160	92691433	LTR/ERVL-MaLR	1533	-	136	92691296	43416
chr14	92647880	92847880	harbor2	chr14	92691742	92691791	LTR/ERVL-MaLR	1533	-	24	92691766	43886
chr14	90283153	90483153	harbor2	chr14	90320161	90320540	LTR/ERVL-MaLR	2420	-	190	90320351	37198
chr14	90283153	90483153	harbor2	chr14	90362592	90362933	LTR/ERVL-MaLR	1991	-	170	90362762	79609
chr14	90283153	90483153	harbor2	chr14	90371719	90372073	LTR/ERVL-MaLR	2727	-	177	90371896	88743
chr14	90283474	90483474	harbor2	chr14	90320161	90320540	LTR/ERVL-MaLR	2420	-	190	90320351	36877
chr14	90283474	90483474	harbor2	chr14	90362592	90362933	LTR/ERVL-MaLR	1991	-	170	90362762	79288
chr14	90283474	90483474	harbor2	chr14	90371719	90372073	LTR/ERVL-MaLR	2727	-	177	90371896	88422
chr14	101610279	101810279	harbor2	chr14	101636682	101636859	LTR/ERVL-MaLR	522	-	88	101636770	26491
chr14	101610279	101810279	harbor2	chr14	101666063	101666379	LTR/ERVL-MaLR	1344	-	158	101666221	55942
chr14	101610279	101810279	harbor2	chr14	101667185	101667671	LTR/ERVL-MaLR	1519	-	243	101667428	57149
chr14	101610279	101810279	harbor2	chr14	101690564	101690909	LTR/ERVL-MaLR	1864	-	172	101690736	80457
chr14	67500241	67700241	harbor2	chr14	67545180	67545413	LTR/ERVL-MaLR	863	-	116	67545296	45055
chr14	67500241	67700241	harbor2	chr14	67556080	67556230	LTR/ERVL-MaLR	481	-	75	67556155	55914
chr14	54389016	54589016	harbor2	chr14	54413830	54414264	LTR/ERVL-MaLR	1488	-	217	54414047	25031
chr14	54389016	54589016	harbor2	chr14	54450016	54450401	LTR/ERVL-MaLR	2207	-	192	54450208	61192
chr14	54389016	54589016	harbor2	chr14	54451942	54452246	LTR/ERVL-MaLR	1726	-	152	54452094	63078
chr14	73660273	73860273	harbor2	chr14	73668504	73668684	LTR/ERVL-MaLR	1647	-	90	73668594	8321
chr14	73660273	73860273	harbor2	chr14	73668977	73669140	LTR/ERVL-MaLR	1647	-	82	73669059	8786
chr14	73660273	73860273	harbor2	chr14	73669730	73669836	LTR/ERVL-MaLR	784	-	53	73669783	9510
chr14	73660273	73860273	harbor2	chr14	73662446	73662905	LTR/ERVL-MaLR	1711	-	230	73662676	2403
chr14	103629589	103829589	harbor2	chr14	103641384	103641604	LTR/ERVL-MaLR	1075	-	110	103641494	11905
chr14	103629589	103829589	harbor2	chr14	103642222	103642383	LTR/ERVL-MaLR	1075	-	80	103642302	12713
chr14	103629589	103829589	harbor2	chr14	103655887	103656245	LTR/ERVL-MaLR	692	-	179	103656066	26477
chr14	103629589	103829589	harbor2	chr14	103659754	103660114	LTR/ERVL-MaLR	1623	-	180	103659934	30345
chr14	75330460	75530460	harbor2	chr14	75342630	75343034	LTR/ERVL-MaLR	809	-	202	75342832	12372
chr14	75330460	75530460	harbor2	chr14	75343878	75344349	LTR/ERVL-MaLR	1376	-	236	75344114	13654
chr14	75330460	75530460	harbor2	chr14	75351398	75351677	LTR/ERVL-MaLR	620	-	140	75351538	21078
chr14	75330460	75530460	harbor2	chr14	75368864	75369162	LTR/ERVL-MaLR	1349	-	149	75369013	38553
chr14	75330460	75530460	harbor2	chr14	75369466	75369561	LTR/ERVL-MaLR	1349	-	48	75369514	39054
chr14	75330460	75530460	harbor2	chr14	75378984	75379180	LTR/ERVL-MaLR	808	-	98	75379082	48622
chr14	75330460	75530460	harbor2	chr14	75398221	75398618	LTR/ERVL-MaLR	1451	-	198	75398419	67959
chr14	75330460	75530460	harbor2	chr14	75406434	75406666	LTR/ERVL-MaLR	2466	-	116	75406550	76090
chr14	75330460	75530460	harbor2	chr14	75406787	75406988	LTR/ERVL-MaLR	2466	-	100	75406887	76427
chr14	75330460	75530460	harbor2	chr14	75422536	75423072	LTR/ERVL-MaLR	1211	-	268	75422804	92344
chr14	75330460	75530460	harbor2	chr14	75425486	75425740	LTR/ERVL-MaLR	799	-	127	75425613	95153
chr14	51889569	52089569	harbor2	chr14	51903928	51904369	LTR/ERVL-MaLR	787	-	220	51904148	14579
chr14	51889569	52089569	harbor2	chr14	51907960	51908409	LTR/ERVL-MaLR	1651	-	224	51908184	18615
chr14	51889569	52089569	harbor2	chr14	51930643	51930955	LTR/ERVL-MaLR	1528	-	156	51930799	41230
chr14	51889569	52089569	harbor2	chr14	51935697	51935855	LTR/ERVL-MaLR	870	-	79	51935776	46207
chr14	51889569	52089569	harbor2	chr14	51944186	51944543	LTR/ERVL-MaLR	1233	-	178	51944364	54795
chr14	51889569	52089569	harbor2	chr14	51947844	51948321	LTR/ERVL-MaLR	862	-	238	51948082	58513
chr14	51889569	52089569	harbor2	chr14	51965025	51965138	LTR/ERVL-MaLR	449	-	56	51965081	75512
chr14	51889569	52089569	harbor2	chr14	51971851	51972113	LTR/ERVL-MaLR	616	-	131	51971982	82413
chr14	104203027	104403027	harbor2	chr14	104227706	104227936	LTR/ERVL-MaLR	457	-	115	104227821	24794
chr14	104203027	104403027	harbor2	chr14	104238356	104238712	LTR/ERVL-MaLR	1259	-	178	104238534	35507
chr14	104203027	104403027	harbor2	chr14	104248510	104248814	LTR/ERVL-MaLR	1008	-	152	104248662	45635
chr14	104203027	104403027	harbor2	chr14	104286110	104286459	LTR/ERVL-MaLR	1179	-	174	104286284	83257
chr14	103424599	103624599	harbor2	chr14	103447706	103447773	LTR/ERVL-MaLR	1066	-	34	103447740	23141
chr14	103424599	103624599	harbor2	chr14	103448072	103448409	LTR/ERVL-MaLR	1066	-	168	103448240	23641
chr14	103424599	103624599	harbor2	chr14	103475394	103475664	LTR/ERVL-MaLR	1967	-	135	103475529	50930
chr14	103424599	103624599	harbor2	chr14	103475958	103476091	LTR/ERVL-MaLR	1967	-	66	103476024	51425
chr14	103424599	103624599	harbor2	chr14	103488142	103488245	LTR/ERVL-MaLR	452	-	52	103488194	63595
chr14	93232282	93432282	harbor2	chr14	93305720	93306068	LTR/ERVL-MaLR	1006	-	174	93305894	73612
chr14	90960739	91160739	harbor2	chr14	90967972	90968515	LTR/ERVL-MaLR	1262	-	272	90968244	7505
chr14	90960739	91160739	harbor2	chr14	91027564	91027872	LTR/ERVL-MaLR	705	-	154	91027718	66979
chr14	90960739	91160739	harbor2	chr14	91047629	91048135	LTR/ERVL-MaLR	2354	-	253	91047882	87143
chr14	23420834	23620834	harbor2	chr14	23448291	23448709	LTR/ERVL-MaLR	2837	-	209	23448500	27666
chr14	100229888	100429888	harbor2	chr14	100265984	100266257	LTR/ERVL-MaLR	2052	-	136	100266120	36232
chr14	71625940	71825940	harbor2	chr14	71644908	71645412	LTR/ERVL-MaLR	1553	-	252	71645160	19220
chr14	75329481	75529481	harbor2	chr14	75342630	75343034	LTR/ERVL-MaLR	809	-	202	75342832	13351
chr14	75329481	75529481	harbor2	chr14	75343878	75344349	LTR/ERVL-MaLR	1376	-	236	75344114	14633
chr14	75329481	75529481	harbor2	chr14	75351398	75351677	LTR/ERVL-MaLR	620	-	140	75351538	22057
chr14	75329481	75529481	harbor2	chr14	75368864	75369162	LTR/ERVL-MaLR	1349	-	149	75369013	39532
chr14	75329481	75529481	harbor2	chr14	75369466	75369561	LTR/ERVL-MaLR	1349	-	48	75369514	40033
chr14	75329481	75529481	harbor2	chr14	75378984	75379180	LTR/ERVL-MaLR	808	-	98	75379082	49601
chr14	75329481	75529481	harbor2	chr14	75398221	75398618	LTR/ERVL-MaLR	1451	-	198	75398419	68938
chr14	75329481	75529481	harbor2	chr14	75406434	75406666	LTR/ERVL-MaLR	2466	-	116	75406550	77069
chr14	75329481	75529481	harbor2	chr14	75406787	75406988	LTR/ERVL-MaLR	2466	-	100	75406887	77406
chr14	75329481	75529481	harbor2	chr14	75422536	75423072	LTR/ERVL-MaLR	1211	-	268	75422804	93323
chr14	75329481	75529481	harbor2	chr14	75425486	75425740	LTR/ERVL-MaLR	799	-	127	75425613	96132
chr14	105106012	105306012	harbor2	chr14	105182187	105182651	LTR/ERVL-MaLR	578	-	232	105182419	76407
chr14	105106012	105306012	harbor2	chr14	105184984	105185444	LTR/ERVL-MaLR	1012	-	230	105185214	79202
chr14	105388089	105588089	harbor2	chr14	105403969	105404500	LTR/ERVL-MaLR	2642	-	266	105404235	16146
chr14	105388089	105588089	harbor2	chr14	105413816	105413875	LTR/ERVL-MaLR	932	-	30	105413846	25757
chr14	105388089	105588089	harbor2	chr14	105414171	105414608	LTR/ERVL-MaLR	932	-	218	105414389	26300
chr14	75329814	75529814	harbor2	chr14	75342630	75343034	LTR/ERVL-MaLR	809	-	202	75342832	13018
chr14	75329814	75529814	harbor2	chr14	75343878	75344349	LTR/ERVL-MaLR	1376	-	236	75344114	14300
chr14	75329814	75529814	harbor2	chr14	75351398	75351677	LTR/ERVL-MaLR	620	-	140	75351538	21724
chr14	75329814	75529814	harbor2	chr14	75368864	75369162	LTR/ERVL-MaLR	1349	-	149	75369013	39199
chr14	75329814	75529814	harbor2	chr14	75369466	75369561	LTR/ERVL-MaLR	1349	-	48	75369514	39700
chr14	75329814	75529814	harbor2	chr14	75378984	75379180	LTR/ERVL-MaLR	808	-	98	75379082	49268
chr14	75329814	75529814	harbor2	chr14	75398221	75398618	LTR/ERVL-MaLR	1451	-	198	75398419	68605
chr14	75329814	75529814	harbor2	chr14	75406434	75406666	LTR/ERVL-MaLR	2466	-	116	75406550	76736
chr14	75329814	75529814	harbor2	chr14	75406787	75406988	LTR/ERVL-MaLR	2466	-	100	75406887	77073
chr14	75329814	75529814	harbor2	chr14	75422536	75423072	LTR/ERVL-MaLR	1211	-	268	75422804	92990
chr14	75329814	75529814	harbor2	chr14	75425486	75425740	LTR/ERVL-MaLR	799	-	127	75425613	95799
chr14	104404069	104604069	harbor2	chr14	104450599	104450811	LTR/ERVL-MaLR	1236	-	106	104450705	46636
chr14	104404069	104604069	harbor2	chr14	104451868	104452034	LTR/ERVL-MaLR	971	-	83	104451951	47882
chr14	104404069	104604069	harbor2	chr14	104498624	104498804	LTR/ERVL-MaLR	497	-	90	104498714	94645
chr14	104404069	104604069	harbor2	chr14	104499144	104499504	LTR/ERVL-MaLR	2348	-	180	104499324	95255
chr14	49792946	49992946	harbor2	chr14	49855940	49856158	LTR/ERVL-MaLR	1050	-	109	49856049	63103
chr14	49792946	49992946	harbor2	chr14	49860078	49860166	LTR/ERVL-MaLR	880	-	44	49860122	67176
chr14	49792946	49992946	harbor2	chr14	49860452	49860590	LTR/ERVL-MaLR	880	-	69	49860521	67575
chr14	49792946	49992946	harbor2	chr14	49886421	49886481	LTR/ERVL-MaLR	587	-	30	49886451	93505
chr14	49792946	49992946	harbor2	chr14	49886825	49887106	LTR/ERVL-MaLR	587	-	140	49886965	94019
chr14	49792946	49992946	harbor2	chr14	49887402	49887548	LTR/ERVL-MaLR	587	-	73	49887475	94529
chr14	104102280	104302280	harbor2	chr14	104120760	104121168	LTR/ERVL-MaLR	2022	-	204	104120964	18684
chr14	104102280	104302280	harbor2	chr14	104200286	104200570	LTR/ERVL-MaLR	894	-	142	104200428	98148
chr14	104017421	104217421	harbor2	chr14	104020986	104021350	LTR/ERVL-MaLR	2046	-	182	104021168	3747
chr14	104017421	104217421	harbor2	chr14	104038968	104039337	LTR/ERVL-MaLR	2539	-	184	104039152	21731
chr14	104017421	104217421	harbor2	chr14	104050047	104050381	LTR/ERVL-MaLR	1099	-	167	104050214	32793
chr14	104017421	104217421	harbor2	chr14	104065519	104065894	LTR/ERVL-MaLR	2334	-	188	104065707	48286
chr14	104017421	104217421	harbor2	chr14	104065895	104067629	LTR/ERVL-MaLR	8734	-	867	104066762	49341
chr14	104017421	104217421	harbor2	chr14	104067630	104068009	LTR/ERVL-MaLR	2211	-	190	104067820	50399
chr14	104017421	104217421	harbor2	chr14	104079116	104079469	LTR/ERVL-MaLR	1548	-	176	104079292	61871
chr14	104017421	104217421	harbor2	chr14	104090442	104090853	LTR/ERVL-MaLR	810	-	206	104090648	73227
chr14	104017421	104217421	harbor2	chr14	104038355	104038675	LTR/ERVL-MaLR	496	-	160	104038515	21094
chr14	100248586	100448586	harbor2	chr14	100265984	100266257	LTR/ERVL-MaLR	2052	-	136	100266120	17534
chr14	24061095	24261095	harbor2	chr14	24092750	24093228	LTR/ERVL-MaLR	1182	-	239	24092989	31894
chr14	100241667	100441667	harbor2	chr14	100265984	100266257	LTR/ERVL-MaLR	2052	-	136	100266120	24453
chr14	100229896	100429896	harbor2	chr14	100265984	100266257	LTR/ERVL-MaLR	2052	-	136	100266120	36224
chr14	103422944	103622944	harbor2	chr14	103447706	103447773	LTR/ERVL-MaLR	1066	-	34	103447740	24796
chr14	103422944	103622944	harbor2	chr14	103448072	103448409	LTR/ERVL-MaLR	1066	-	168	103448240	25296
chr14	103422944	103622944	harbor2	chr14	103475394	103475664	LTR/ERVL-MaLR	1967	-	135	103475529	52585
chr14	103422944	103622944	harbor2	chr14	103475958	103476091	LTR/ERVL-MaLR	1967	-	66	103476024	53080
chr14	103422944	103622944	harbor2	chr14	103488142	103488245	LTR/ERVL-MaLR	452	-	52	103488194	65250
chr14	67500259	67700259	harbor2	chr14	67545180	67545413	LTR/ERVL-MaLR	863	-	116	67545296	45037
chr14	67500259	67700259	harbor2	chr14	67556080	67556230	LTR/ERVL-MaLR	481	-	75	67556155	55896
chr14	73545011	73745011	harbor2	chr14	73548980	73549254	LTR/ERVL-MaLR	1558	-	137	73549117	4106
chr14	73545011	73745011	harbor2	chr14	73581165	73581439	LTR/ERVL-MaLR	1468	-	137	73581302	36291
chr14	73545011	73745011	harbor2	chr14	73599326	73599850	LTR/ERVL-MaLR	937	-	262	73599588	54577
chr14	73545011	73745011	harbor2	chr14	73599861	73600452	LTR/ERVL-MaLR	1726	-	296	73600157	55146
chr14	73545011	73745011	harbor2	chr14	73600751	73600849	LTR/ERVL-MaLR	1726	-	49	73600800	55789
chr14	73545011	73745011	harbor2	chr14	73607336	73607610	LTR/ERVL-MaLR	4340	-	137	73607473	62462
chr14	73545011	73745011	harbor2	chr14	73608223	73608730	LTR/ERVL-MaLR	4340	-	254	73608477	63466
chr14	73545011	73745011	harbor2	chr14	73608731	73609098	LTR/ERVL-MaLR	2800	-	184	73608915	63904
chr14	104623763	104823763	harbor2	chr14	104623853	104624155	LTR/ERVL-MaLR	879	-	151	104624004	241
chr14	104623763	104823763	harbor2	chr14	104628946	104629317	LTR/ERVL-MaLR	2042	-	186	104629132	5369
chr14	104623763	104823763	harbor2	chr14	104674646	104674686	LTR/ERVL-MaLR	1887	-	20	104674666	50903
chr14	104623763	104823763	harbor2	chr14	104674984	104675291	LTR/ERVL-MaLR	1887	-	154	104675138	51375
chr14	90283167	90483167	harbor2	chr14	90320161	90320540	LTR/ERVL-MaLR	2420	-	190	90320351	37184
chr14	90283167	90483167	harbor2	chr14	90362592	90362933	LTR/ERVL-MaLR	1991	-	170	90362762	79595
chr14	90283167	90483167	harbor2	chr14	90371719	90372073	LTR/ERVL-MaLR	2727	-	177	90371896	88729
chr14	73659699	73859699	harbor2	chr14	73668504	73668684	LTR/ERVL-MaLR	1647	-	90	73668594	8895
chr14	73659699	73859699	harbor2	chr14	73668977	73669140	LTR/ERVL-MaLR	1647	-	82	73669059	9360
chr14	73659699	73859699	harbor2	chr14	73669730	73669836	LTR/ERVL-MaLR	784	-	53	73669783	10084
chr14	73659699	73859699	harbor2	chr14	73662446	73662905	LTR/ERVL-MaLR	1711	-	230	73662676	2977
chr14	67141987	67341987	harbor2	chr14	67141940	67142078	LTR/ERVL-MaLR	548	-	69	67142009	22
chr14	67141987	67341987	harbor2	chr14	67152983	67153020	LTR/ERVL-MaLR	1216	-	18	67153001	11014
chr14	67141987	67341987	harbor2	chr14	67153294	67153608	LTR/ERVL-MaLR	1216	-	157	67153451	11464
chr14	67141987	67341987	harbor2	chr14	67168031	67168389	LTR/ERVL-MaLR	2007	-	179	67168210	26223
chr14	67141987	67341987	harbor2	chr14	67201578	67201773	LTR/ERVL-MaLR	510	-	98	67201676	59689
chr14	67141987	67341987	harbor2	chr14	67207137	67207553	LTR/ERVL-MaLR	2554	-	208	67207345	65358
chr14	24061282	24261282	harbor2	chr14	24092750	24093228	LTR/ERVL-MaLR	1182	-	239	24092989	31707
chr14	67141325	67341325	harbor2	chr14	67141940	67142078	LTR/ERVL-MaLR	548	-	69	67142009	684
chr14	67141325	67341325	harbor2	chr14	67152983	67153020	LTR/ERVL-MaLR	1216	-	18	67153001	11676
chr14	67141325	67341325	harbor2	chr14	67153294	67153608	LTR/ERVL-MaLR	1216	-	157	67153451	12126
chr14	67141325	67341325	harbor2	chr14	67168031	67168389	LTR/ERVL-MaLR	2007	-	179	67168210	26885
chr14	67141325	67341325	harbor2	chr14	67201578	67201773	LTR/ERVL-MaLR	510	-	98	67201676	60351
chr14	67141325	67341325	harbor2	chr14	67207137	67207553	LTR/ERVL-MaLR	2554	-	208	67207345	66020
chr14	99493150	99693150	harbor2	chr14	99494706	99495034	LTR/ERVL-MaLR	1451	-	164	99494870	1720
chr14	73133751	73333751	harbor2	chr14	73167082	73167258	LTR/ERVL-MaLR	1238	-	88	73167170	33419
chr14	73133751	73333751	harbor2	chr14	73167484	73167613	LTR/ERVL-MaLR	1238	-	64	73167548	33797
chr14	73133751	73333751	harbor2	chr14	73172693	73173108	LTR/ERVL-MaLR	876	-	208	73172901	39150
chr14	73133751	73333751	harbor2	chr14	73211068	73211555	LTR/ERVL-MaLR	1118	-	244	73211312	77561
chr14	100185450	100385450	harbor2	chr14	100227413	100227723	LTR/ERVL-MaLR	488	-	155	100227568	42118
chr14	100185450	100385450	harbor2	chr14	100228015	100228049	LTR/ERVL-MaLR	488	-	17	100228032	42582
chr14	100185450	100385450	harbor2	chr14	100265984	100266257	LTR/ERVL-MaLR	2052	-	136	100266120	80670
chr14	105388165	105588165	harbor2	chr14	105403969	105404500	LTR/ERVL-MaLR	2642	-	266	105404235	16070
chr14	105388165	105588165	harbor2	chr14	105413816	105413875	LTR/ERVL-MaLR	932	-	30	105413846	25681
chr14	105388165	105588165	harbor2	chr14	105414171	105414608	LTR/ERVL-MaLR	932	-	218	105414389	26224
chr14	105398468	105598468	harbor2	chr14	105403969	105404500	LTR/ERVL-MaLR	2642	-	266	105404235	5767
chr14	105398468	105598468	harbor2	chr14	105413816	105413875	LTR/ERVL-MaLR	932	-	30	105413846	15378
chr14	105398468	105598468	harbor2	chr14	105414171	105414608	LTR/ERVL-MaLR	932	-	218	105414389	15921
chr14	21356262	21556262	harbor2	chr14	21422578	21422646	LTR/ERVL-MaLR	1693	-	34	21422612	66350
chr14	21356262	21556262	harbor2	chr14	21423246	21423524	LTR/ERVL-MaLR	1693	-	139	21423385	67123
chr14	24092881	24292881	harbor2	chr14	24092750	24093228	LTR/ERVL-MaLR	1182	-	239	24092989	108
chr14	105872245	106072245	harbor2	chr14	105927689	105928113	LTR/ERVL-MaLR	794	-	212	105927901	55656
chr14	105872245	106072245	harbor2	chr14	105936260	105936615	LTR/ERVL-MaLR	2118	-	178	105936438	64193
chr14	90283475	90483475	harbor2	chr14	90320161	90320540	LTR/ERVL-MaLR	2420	-	190	90320351	36876
chr14	90283475	90483475	harbor2	chr14	90362592	90362933	LTR/ERVL-MaLR	1991	-	170	90362762	79287
chr14	90283475	90483475	harbor2	chr14	90371719	90372073	LTR/ERVL-MaLR	2727	-	177	90371896	88421
chr14	55029365	55229365	harbor2	chr14	55037956	55038303	LTR/ERVL-MaLR	2188	-	174	55038130	8765
chr14	55029365	55229365	harbor2	chr14	55128302	55128662	LTR/ERVL-MaLR	2156	-	180	55128482	99117
chr14	104106497	104306497	harbor2	chr14	104120760	104121168	LTR/ERVL-MaLR	2022	-	204	104120964	14467
chr14	104106497	104306497	harbor2	chr14	104200286	104200570	LTR/ERVL-MaLR	894	-	142	104200428	93931
chr14	75330552	75530552	harbor2	chr14	75342630	75343034	LTR/ERVL-MaLR	809	-	202	75342832	12280
chr14	75330552	75530552	harbor2	chr14	75343878	75344349	LTR/ERVL-MaLR	1376	-	236	75344114	13562
chr14	75330552	75530552	harbor2	chr14	75351398	75351677	LTR/ERVL-MaLR	620	-	140	75351538	20986
chr14	75330552	75530552	harbor2	chr14	75368864	75369162	LTR/ERVL-MaLR	1349	-	149	75369013	38461
chr14	75330552	75530552	harbor2	chr14	75369466	75369561	LTR/ERVL-MaLR	1349	-	48	75369514	38962
chr14	75330552	75530552	harbor2	chr14	75378984	75379180	LTR/ERVL-MaLR	808	-	98	75379082	48530
chr14	75330552	75530552	harbor2	chr14	75398221	75398618	LTR/ERVL-MaLR	1451	-	198	75398419	67867
chr14	75330552	75530552	harbor2	chr14	75406434	75406666	LTR/ERVL-MaLR	2466	-	116	75406550	75998
chr14	75330552	75530552	harbor2	chr14	75406787	75406988	LTR/ERVL-MaLR	2466	-	100	75406887	76335
chr14	75330552	75530552	harbor2	chr14	75422536	75423072	LTR/ERVL-MaLR	1211	-	268	75422804	92252
chr14	75330552	75530552	harbor2	chr14	75425486	75425740	LTR/ERVL-MaLR	799	-	127	75425613	95061
chr14	24061205	24261205	harbor2	chr14	24092750	24093228	LTR/ERVL-MaLR	1182	-	239	24092989	31784
chr14	100230408	100430408	harbor2	chr14	100265984	100266257	LTR/ERVL-MaLR	2052	-	136	100266120	35712
chr14	64998457	65198457	harbor2	chr14	65009166	65009323	LTR/ERVL-MaLR	820	-	78	65009244	10787
chr14	64998457	65198457	harbor2	chr14	65039658	65039774	LTR/ERVL-MaLR	801	-	58	65039716	41259
chr14	64998457	65198457	harbor2	chr14	65056805	65057242	LTR/ERVL-MaLR	2429	-	218	65057023	58566
chr14	64998457	65198457	harbor2	chr14	65064450	65064819	LTR/ERVL-MaLR	614	-	184	65064634	66177
chr14	75328337	75528337	harbor2	chr14	75342630	75343034	LTR/ERVL-MaLR	809	-	202	75342832	14495
chr14	75328337	75528337	harbor2	chr14	75343878	75344349	LTR/ERVL-MaLR	1376	-	236	75344114	15777
chr14	75328337	75528337	harbor2	chr14	75351398	75351677	LTR/ERVL-MaLR	620	-	140	75351538	23201
chr14	75328337	75528337	harbor2	chr14	75368864	75369162	LTR/ERVL-MaLR	1349	-	149	75369013	40676
chr14	75328337	75528337	harbor2	chr14	75369466	75369561	LTR/ERVL-MaLR	1349	-	48	75369514	41177
chr14	75328337	75528337	harbor2	chr14	75378984	75379180	LTR/ERVL-MaLR	808	-	98	75379082	50745
chr14	75328337	75528337	harbor2	chr14	75398221	75398618	LTR/ERVL-MaLR	1451	-	198	75398419	70082
chr14	75328337	75528337	harbor2	chr14	75406434	75406666	LTR/ERVL-MaLR	2466	-	116	75406550	78213
chr14	75328337	75528337	harbor2	chr14	75406787	75406988	LTR/ERVL-MaLR	2466	-	100	75406887	78550
chr14	75328337	75528337	harbor2	chr14	75422536	75423072	LTR/ERVL-MaLR	1211	-	268	75422804	94467
chr14	75328337	75528337	harbor2	chr14	75425486	75425740	LTR/ERVL-MaLR	799	-	127	75425613	97276
chr14	73358260	73558260	harbor2	chr14	73422491	73422888	LTR/ERVL-MaLR	2272	-	198	73422689	64429
chr14	104654376	104854376	harbor2	chr14	104674646	104674686	LTR/ERVL-MaLR	1887	-	20	104674666	20290
chr14	104654376	104854376	harbor2	chr14	104674984	104675291	LTR/ERVL-MaLR	1887	-	154	104675138	20762
chr14	104019012	104219012	harbor2	chr14	104020986	104021350	LTR/ERVL-MaLR	2046	-	182	104021168	2156
chr14	104019012	104219012	harbor2	chr14	104038968	104039337	LTR/ERVL-MaLR	2539	-	184	104039152	20140
chr14	104019012	104219012	harbor2	chr14	104050047	104050381	LTR/ERVL-MaLR	1099	-	167	104050214	31202
chr14	104019012	104219012	harbor2	chr14	104065519	104065894	LTR/ERVL-MaLR	2334	-	188	104065707	46695
chr14	104019012	104219012	harbor2	chr14	104065895	104067629	LTR/ERVL-MaLR	8734	-	867	104066762	47750
chr14	104019012	104219012	harbor2	chr14	104067630	104068009	LTR/ERVL-MaLR	2211	-	190	104067820	48808
chr14	104019012	104219012	harbor2	chr14	104079116	104079469	LTR/ERVL-MaLR	1548	-	176	104079292	60280
chr14	104019012	104219012	harbor2	chr14	104090442	104090853	LTR/ERVL-MaLR	810	-	206	104090648	71636
chr14	104019012	104219012	harbor2	chr14	104038355	104038675	LTR/ERVL-MaLR	496	-	160	104038515	19503
chr14	100582274	100782274	harbor2	chr14	100606725	100607147	LTR/ERVL-MaLR	734	-	211	100606936	24662
chr14	100582274	100782274	harbor2	chr14	100625145	100625320	LTR/ERVL-MaLR	693	-	88	100625233	42959
chr14	100582274	100782274	harbor2	chr14	100625565	100625645	LTR/ERVL-MaLR	789	-	40	100625605	43331
chr14	100582274	100782274	harbor2	chr14	100626048	100626132	LTR/ERVL-MaLR	789	-	42	100626090	43816
chr14	100582274	100782274	harbor2	chr14	100626135	100627342	LTR/ERVL-MaLR	3973	-	604	100626739	44465
chr14	100582274	100782274	harbor2	chr14	100627655	100627823	LTR/ERVL-MaLR	3973	-	84	100627739	45465
chr14	100582274	100782274	harbor2	chr14	100627830	100628257	LTR/ERVL-MaLR	1579	-	214	100628044	45770
chr14	100582274	100782274	harbor2	chr14	100632963	100633379	LTR/ERVL-MaLR	1056	-	208	100633171	50897
chr14	20369338	20569338	harbor2	chr14	20423213	20423628	LTR/ERVL-MaLR	2444	-	208	20423421	54083
chr14	20369338	20569338	harbor2	chr14	20464569	20464779	LTR/ERVL-MaLR	1697	-	105	20464674	95336
chr14	20369338	20569338	harbor2	chr14	20465092	20465246	LTR/ERVL-MaLR	1697	-	77	20465169	95831
chr14	75329541	75529541	harbor2	chr14	75342630	75343034	LTR/ERVL-MaLR	809	-	202	75342832	13291
chr14	75329541	75529541	harbor2	chr14	75343878	75344349	LTR/ERVL-MaLR	1376	-	236	75344114	14573
chr14	75329541	75529541	harbor2	chr14	75351398	75351677	LTR/ERVL-MaLR	620	-	140	75351538	21997
chr14	75329541	75529541	harbor2	chr14	75368864	75369162	LTR/ERVL-MaLR	1349	-	149	75369013	39472
chr14	75329541	75529541	harbor2	chr14	75369466	75369561	LTR/ERVL-MaLR	1349	-	48	75369514	39973
chr14	75329541	75529541	harbor2	chr14	75378984	75379180	LTR/ERVL-MaLR	808	-	98	75379082	49541
chr14	75329541	75529541	harbor2	chr14	75398221	75398618	LTR/ERVL-MaLR	1451	-	198	75398419	68878
chr14	75329541	75529541	harbor2	chr14	75406434	75406666	LTR/ERVL-MaLR	2466	-	116	75406550	77009
chr14	75329541	75529541	harbor2	chr14	75406787	75406988	LTR/ERVL-MaLR	2466	-	100	75406887	77346
chr14	75329541	75529541	harbor2	chr14	75422536	75423072	LTR/ERVL-MaLR	1211	-	268	75422804	93263
chr14	75329541	75529541	harbor2	chr14	75425486	75425740	LTR/ERVL-MaLR	799	-	127	75425613	96072
chr14	95542807	95742807	harbor2	chr14	95560266	95560332	LTR/ERVL-MaLR	1803	-	33	95560299	17492
chr14	95542807	95742807	harbor2	chr14	95560618	95560924	LTR/ERVL-MaLR	1803	-	153	95560771	17964
chr14	95542807	95742807	harbor2	chr14	95580385	95580697	LTR/ERVL-MaLR	2285	-	156	95580541	37734
chr14	95542807	95742807	harbor2	chr14	95583139	95583497	LTR/ERVL-MaLR	2393	-	179	95583318	40511
chr14	95542807	95742807	harbor2	chr14	95585077	95585406	LTR/ERVL-MaLR	2532	-	164	95585241	42434
chr14	95542807	95742807	harbor2	chr14	95600087	95600374	LTR/ERVL-MaLR	1436	-	144	95600231	57424
chr14	95542807	95742807	harbor2	chr14	95600783	95601325	LTR/ERVL-MaLR	2043	-	271	95601054	58247
chr14	95542807	95742807	harbor2	chr14	95618612	95619060	LTR/ERVL-MaLR	1643	-	224	95618836	76029
chr14	95542807	95742807	harbor2	chr14	95623806	95624135	LTR/ERVL-MaLR	1884	-	164	95623970	81163
chr14	95542807	95742807	harbor2	chr14	95625761	95626114	LTR/ERVL-MaLR	2052	-	176	95625937	83130
chr14	95542807	95742807	harbor2	chr14	95628846	95629325	LTR/ERVL-MaLR	1995	-	240	95629086	86279
chr14	95542807	95742807	harbor2	chr14	95639426	95639644	LTR/ERVL-MaLR	512	-	109	95639535	96728
chr14	95542807	95742807	harbor2	chr14	95583498	95585076	LTR/ERVL-MaLR	12053	-	789	95584287	41480
chr14	21337979	21537979	harbor2	chr14	21422578	21422646	LTR/ERVL-MaLR	1693	-	34	21422612	84633
chr14	21337979	21537979	harbor2	chr14	21423246	21423524	LTR/ERVL-MaLR	1693	-	139	21423385	85406
chr14	99637683	99837683	harbor2	chr14	99650928	99650966	LTR/ERVL-MaLR	2414	-	19	99650947	13264
chr14	99637683	99837683	harbor2	chr14	99651291	99651665	LTR/ERVL-MaLR	2414	-	187	99651478	13795
chr14	99637683	99837683	harbor2	chr14	99707844	99708026	LTR/ERVL-MaLR	524	-	91	99707935	70252
chr14	99637683	99837683	harbor2	chr14	99723884	99724266	LTR/ERVL-MaLR	2632	-	191	99724075	86392
chr14	24047661	24247661	harbor2	chr14	24092750	24093228	LTR/ERVL-MaLR	1182	-	239	24092989	45328
chr14	99417235	99617235	harbor2	chr14	99435881	99436252	LTR/ERVL-MaLR	1995	-	186	99436067	18832
chr14	99417235	99617235	harbor2	chr14	99494706	99495034	LTR/ERVL-MaLR	1451	-	164	99494870	77635
chr14	96745593	96945593	harbor2	chr14	96752838	96752971	LTR/ERVL-MaLR	1683	-	66	96752904	7311
chr14	96745593	96945593	harbor2	chr14	96753487	96753819	LTR/ERVL-MaLR	1683	-	166	96753653	8060
chr14	96745593	96945593	harbor2	chr14	96757896	96758183	LTR/ERVL-MaLR	548	-	144	96758040	12447
chr14	96745593	96945593	harbor2	chr14	96762792	96762973	LTR/ERVL-MaLR	506	-	90	96762882	17289
chr14	96745593	96945593	harbor2	chr14	96769447	96769865	LTR/ERVL-MaLR	2132	-	209	96769656	24063
chr14	96745593	96945593	harbor2	chr14	96774460	96774622	LTR/ERVL-MaLR	2108	-	81	96774541	28948
chr14	96745593	96945593	harbor2	chr14	96774922	96775136	LTR/ERVL-MaLR	2108	-	107	96775029	29436
chr14	96745593	96945593	harbor2	chr14	96775268	96775700	LTR/ERVL-MaLR	2127	-	216	96775484	29891
chr14	96745593	96945593	harbor2	chr14	96776837	96777013	LTR/ERVL-MaLR	706	-	88	96776925	31332
chr14	96745593	96945593	harbor2	chr14	96777103	96777269	LTR/ERVL-MaLR	914	-	83	96777186	31593
chr14	96745593	96945593	harbor2	chr14	96777463	96777653	LTR/ERVL-MaLR	914	-	95	96777558	31965
chr14	96745593	96945593	harbor2	chr14	96780541	96780844	LTR/ERVL-MaLR	835	-	152	96780693	35100
chr14	96745593	96945593	harbor2	chr14	96788254	96788639	LTR/ERVL-MaLR	1810	-	192	96788446	42853
chr14	96745593	96945593	harbor2	chr14	96793038	96793348	LTR/ERVL-MaLR	1898	-	155	96793193	47600
chr14	96745593	96945593	harbor2	chr14	96808792	96809354	LTR/ERVL-MaLR	1383	-	281	96809073	63480
chr14	96745593	96945593	harbor2	chr14	96838604	96838751	LTR/ERVL-MaLR	807	-	74	96838678	93085
chr14	54728143	54928143	harbor2	chr14	54803862	54804216	LTR/ERVL-MaLR	1002	-	177	54804039	75896
chr14	54728143	54928143	harbor2	chr14	54811927	54812387	LTR/ERVL-MaLR	1283	-	230	54812157	84014
chr14	78725637	78925637	harbor2	chr14	78739195	78739480	LTR/ERVL-MaLR	497	-	142	78739337	13700
chr14	78725637	78925637	harbor2	chr14	78739755	78739988	LTR/ERVL-MaLR	497	-	116	78739871	14234
chr14	78725637	78925637	harbor2	chr14	78766984	78767509	LTR/ERVL-MaLR	1375	-	262	78767246	41609
chr14	78725637	78925637	harbor2	chr14	78769281	78769463	LTR/ERVL-MaLR	760	-	91	78769372	43735
chr14	78725637	78925637	harbor2	chr14	78797672	78798033	LTR/ERVL-MaLR	1892	-	180	78797852	72215
chr14	78725637	78925637	harbor2	chr14	78798034	78799612	LTR/ERVL-MaLR	10869	-	789	78798823	73186
chr14	78725637	78925637	harbor2	chr14	78799613	78799982	LTR/ERVL-MaLR	1859	-	184	78799797	74160
chr14	78725637	78925637	harbor2	chr14	78800999	78801039	LTR/ERVL-MaLR	2068	-	20	78801019	75382
chr14	78725637	78925637	harbor2	chr14	78801338	78801668	LTR/ERVL-MaLR	2068	-	165	78801503	75866
chr14	78725637	78925637	harbor2	chr14	78811169	78811557	LTR/ERVL-MaLR	1169	-	194	78811363	85726
chr14	78725637	78925637	harbor2	chr14	78817468	78817912	LTR/ERVL-MaLR	1836	-	222	78817690	92053
chr14	104256665	104456665	harbor2	chr14	104286110	104286459	LTR/ERVL-MaLR	1179	-	174	104286284	29619
chr14	104256665	104456665	harbor2	chr14	104303447	104303574	LTR/ERVL-MaLR	508	-	64	104303511	46846
chr14	104256665	104456665	harbor2	chr14	104327565	104327960	LTR/ERVL-MaLR	1620	-	198	104327763	71098
chr14	104256665	104456665	harbor2	chr14	104336323	104336485	LTR/ERVL-MaLR	622	-	81	104336404	79739
chr14	104256665	104456665	harbor2	chr14	104341595	104341920	LTR/ERVL-MaLR	1479	-	162	104341757	85092
chr14	104256665	104456665	harbor2	chr14	104348787	104349223	LTR/ERVL-MaLR	560	-	218	104349005	92340
chr14	104256665	104456665	harbor2	chr14	104349885	104351100	LTR/ERVL-MaLR	1000	-	608	104350493	93828
chr14	104256665	104456665	harbor2	chr14	104352598	104353071	LTR/ERVL-MaLR	620	-	236	104352834	96169
chr14	104256665	104456665	harbor2	chr14	104349300	104349812	LTR/ERVL-MaLR	960	-	256	104349556	92891
chr14	105394225	105594225	harbor2	chr14	105403969	105404500	LTR/ERVL-MaLR	2642	-	266	105404235	10010
chr14	105394225	105594225	harbor2	chr14	105413816	105413875	LTR/ERVL-MaLR	932	-	30	105413846	19621
chr14	105394225	105594225	harbor2	chr14	105414171	105414608	LTR/ERVL-MaLR	932	-	218	105414389	20164
chr14	58232111	58432111	harbor2	chr14	58236958	58237406	LTR/ERVL-MaLR	915	-	224	58237182	5071
chr14	58232111	58432111	harbor2	chr14	58242571	58242947	LTR/ERVL-MaLR	1575	-	188	58242759	10648
chr14	104092845	104292845	harbor2	chr14	104120760	104121168	LTR/ERVL-MaLR	2022	-	204	104120964	28119
chr14	103451499	103651499	harbor2	chr14	103475394	103475664	LTR/ERVL-MaLR	1967	-	135	103475529	24030
chr14	103451499	103651499	harbor2	chr14	103475958	103476091	LTR/ERVL-MaLR	1967	-	66	103476024	24525
chr14	103451499	103651499	harbor2	chr14	103488142	103488245	LTR/ERVL-MaLR	452	-	52	103488194	36695
chr14	21337315	21537315	harbor2	chr14	21422578	21422646	LTR/ERVL-MaLR	1693	-	34	21422612	85297
chr14	21337315	21537315	harbor2	chr14	21423246	21423524	LTR/ERVL-MaLR	1693	-	139	21423385	86070
chr14	104093055	104293055	harbor2	chr14	104120760	104121168	LTR/ERVL-MaLR	2022	-	204	104120964	27909
chr14	91232557	91432557	harbor2	chr14	91247351	91247789	LTR/ERVL-MaLR	1343	-	219	91247570	15013
chr14	105819891	106019891	harbor2	chr14	105835677	105836018	LTR/ERVL-MaLR	1311	-	170	105835847	15956
chr14	69474570	69674570	harbor2	chr14	69476804	69476989	LTR/ERVL-MaLR	1192	-	92	69476896	2326
chr14	69474570	69674570	harbor2	chr14	69477229	69477388	LTR/ERVL-MaLR	1090	-	80	69477309	2739
chr14	69474570	69674570	harbor2	chr14	69477389	69478928	LTR/ERVL-MaLR	11997	-	770	69478159	3589
chr14	69474570	69674570	harbor2	chr14	69478971	69479314	LTR/ERVL-MaLR	2139	-	172	69479143	4573
chr14	69474570	69674570	harbor2	chr14	69496308	69496530	LTR/ERVL-MaLR	1390	-	111	69496419	21849
chr14	69474570	69674570	harbor2	chr14	69496847	69497016	LTR/ERVL-MaLR	1390	-	84	69496931	22361
chr14	69474570	69674570	harbor2	chr14	69515481	69515908	LTR/ERVL-MaLR	2727	-	214	69515695	41125
chr14	69474570	69674570	harbor2	chr14	69520797	69520965	LTR/ERVL-MaLR	507	-	84	69520881	46311
chr14	69474570	69674570	harbor2	chr14	69530599	69530894	LTR/ERVL-MaLR	1473	-	148	69530747	56177
chr14	69474570	69674570	harbor2	chr14	69531137	69531259	LTR/ERVL-MaLR	1473	-	61	69531198	56628
chr14	69474570	69674570	harbor2	chr14	69545086	69545251	LTR/ERVL-MaLR	734	-	82	69545168	70598
chr15	31401692	31601692	harbor2	chr15	31401786	31402038	LTR/ERVL-MaLR	599	-	126	31401912	220
chr15	31401692	31601692	harbor2	chr15	31406583	31407085	LTR/ERVL-MaLR	2293	-	251	31406834	5142
chr15	31401692	31601692	harbor2	chr15	31418975	31419108	LTR/ERVL-MaLR	748	-	66	31419041	17349
chr15	31401692	31601692	harbor2	chr15	31422231	31422598	LTR/ERVL-MaLR	2183	-	184	31422415	20723
chr15	31401692	31601692	harbor2	chr15	31425893	31426255	LTR/ERVL-MaLR	2794	-	181	31426074	24382
chr15	31401692	31601692	harbor2	chr15	31427618	31428013	LTR/ERVL-MaLR	2340	-	198	31427816	26124
chr15	31401692	31601692	harbor2	chr15	31430331	31430691	LTR/ERVL-MaLR	1676	-	180	31430511	28819
chr15	31401692	31601692	harbor2	chr15	31438315	31438560	LTR/ERVL-MaLR	417	-	122	31438437	36745
chr15	31401692	31601692	harbor2	chr15	31458533	31458887	LTR/ERVL-MaLR	1675	-	177	31458710	57018
chr15	90165677	90365677	harbor2	chr15	90167281	90167683	LTR/ERVL-MaLR	985	-	201	90167482	1805
chr15	90165677	90365677	harbor2	chr15	90239341	90239704	LTR/ERVL-MaLR	2583	-	182	90239523	73846
chr15	29170226	29370226	harbor2	chr15	29170849	29171231	LTR/ERVL-MaLR	1754	-	191	29171040	814
chr15	29170226	29370226	harbor2	chr15	29191929	29192220	LTR/ERVL-MaLR	654	-	146	29192075	21849
chr15	29170226	29370226	harbor2	chr15	29206077	29206417	LTR/ERVL-MaLR	1965	-	170	29206247	36021
chr15	29170226	29370226	harbor2	chr15	29238648	29238993	LTR/ERVL-MaLR	2190	-	172	29238820	68594
chr15	29170226	29370226	harbor2	chr15	29249704	29250124	LTR/ERVL-MaLR	2917	-	210	29249914	79688
chr15	50324378	50524378	harbor2	chr15	50346522	50346790	LTR/ERVL-MaLR	1538	-	134	50346656	22278
chr15	50324378	50524378	harbor2	chr15	50347088	50347242	LTR/ERVL-MaLR	1538	-	77	50347165	22787
chr15	33938898	34138898	harbor2	chr15	34007421	34007673	LTR/ERVL-MaLR	1235	-	126	34007547	68649
chr15	33938898	34138898	harbor2	chr15	34007674	34008108	LTR/ERVL-MaLR	1916	-	217	34007891	68993
chr15	33938898	34138898	harbor2	chr15	34025255	34025370	LTR/ERVL-MaLR	556	-	58	34025313	86415
chr15	67422555	67622555	harbor2	chr15	67476170	67476517	LTR/ERVL-MaLR	1139	-	174	67476344	53789
chr15	67422555	67622555	harbor2	chr15	67481189	67481561	LTR/ERVL-MaLR	2684	-	186	67481375	58820
chr15	67308458	67508458	harbor2	chr15	67331605	67332031	LTR/ERVL-MaLR	1036	-	213	67331818	23360
chr15	67308458	67508458	harbor2	chr15	67332880	67333235	LTR/ERVL-MaLR	2225	-	178	67333058	24600
chr15	67308458	67508458	harbor2	chr15	67382306	67382524	LTR/ERVL-MaLR	740	-	109	67382415	73957
chr15	35454869	35654869	harbor2	chr15	35459096	35459513	LTR/ERVL-MaLR	1420	-	208	35459304	4435
chr15	35454869	35654869	harbor2	chr15	35484254	35484812	LTR/ERVL-MaLR	2053	-	279	35484533	29664
chr15	35454869	35654869	harbor2	chr15	35485957	35486004	LTR/ERVL-MaLR	1984	-	24	35485981	31112
chr15	35454869	35654869	harbor2	chr15	35486005	35486358	LTR/ERVL-MaLR	2316	-	176	35486181	31312
chr15	35454869	35654869	harbor2	chr15	35486359	35486677	LTR/ERVL-MaLR	1984	-	159	35486518	31649
chr15	35454869	35654869	harbor2	chr15	35488331	35488684	LTR/ERVL-MaLR	1803	-	176	35488507	33638
chr15	35454869	35654869	harbor2	chr15	35490789	35491155	LTR/ERVL-MaLR	1719	-	183	35490972	36103
chr15	35454869	35654869	harbor2	chr15	35529140	35529500	LTR/ERVL-MaLR	1843	-	180	35529320	74451
chr15	35454869	35654869	harbor2	chr15	35486678	35488328	LTR/ERVL-MaLR	11598	-	825	35487503	32634
chr15	74743181	74943181	harbor2	chr15	74760254	74760412	LTR/ERVL-MaLR	430	-	79	74760333	17152
chr15	74497169	74697169	harbor2	chr15	74523425	74523780	LTR/ERVL-MaLR	2207	-	178	74523603	26434
chr15	74497169	74697169	harbor2	chr15	74535352	74535851	LTR/ERVL-MaLR	694	-	250	74535602	38433
chr15	67454788	67654788	harbor2	chr15	67476170	67476517	LTR/ERVL-MaLR	1139	-	174	67476344	21556
chr15	67454788	67654788	harbor2	chr15	67481189	67481561	LTR/ERVL-MaLR	2684	-	186	67481375	26587
chr15	67423672	67623672	harbor2	chr15	67476170	67476517	LTR/ERVL-MaLR	1139	-	174	67476344	52672
chr15	67423672	67623672	harbor2	chr15	67481189	67481561	LTR/ERVL-MaLR	2684	-	186	67481375	57703
chr15	35466021	35666021	harbor2	chr15	35484254	35484812	LTR/ERVL-MaLR	2053	-	279	35484533	18512
chr15	35466021	35666021	harbor2	chr15	35485957	35486004	LTR/ERVL-MaLR	1984	-	24	35485981	19960
chr15	35466021	35666021	harbor2	chr15	35486005	35486358	LTR/ERVL-MaLR	2316	-	176	35486181	20160
chr15	35466021	35666021	harbor2	chr15	35486359	35486677	LTR/ERVL-MaLR	1984	-	159	35486518	20497
chr15	35466021	35666021	harbor2	chr15	35488331	35488684	LTR/ERVL-MaLR	1803	-	176	35488507	22486
chr15	35466021	35666021	harbor2	chr15	35490789	35491155	LTR/ERVL-MaLR	1719	-	183	35490972	24951
chr15	35466021	35666021	harbor2	chr15	35529140	35529500	LTR/ERVL-MaLR	1843	-	180	35529320	63299
chr15	35466021	35666021	harbor2	chr15	35564059	35564459	LTR/ERVL-MaLR	1986	-	200	35564259	98238
chr15	35466021	35666021	harbor2	chr15	35486678	35488328	LTR/ERVL-MaLR	11598	-	825	35487503	21482
chr15	67422132	67622132	harbor2	chr15	67476170	67476517	LTR/ERVL-MaLR	1139	-	174	67476344	54212
chr15	67422132	67622132	harbor2	chr15	67481189	67481561	LTR/ERVL-MaLR	2684	-	186	67481375	59243
chr15	35449558	35649558	harbor2	chr15	35459096	35459513	LTR/ERVL-MaLR	1420	-	208	35459304	9746
chr15	35449558	35649558	harbor2	chr15	35484254	35484812	LTR/ERVL-MaLR	2053	-	279	35484533	34975
chr15	35449558	35649558	harbor2	chr15	35485957	35486004	LTR/ERVL-MaLR	1984	-	24	35485981	36423
chr15	35449558	35649558	harbor2	chr15	35486005	35486358	LTR/ERVL-MaLR	2316	-	176	35486181	36623
chr15	35449558	35649558	harbor2	chr15	35486359	35486677	LTR/ERVL-MaLR	1984	-	159	35486518	36960
chr15	35449558	35649558	harbor2	chr15	35488331	35488684	LTR/ERVL-MaLR	1803	-	176	35488507	38949
chr15	35449558	35649558	harbor2	chr15	35490789	35491155	LTR/ERVL-MaLR	1719	-	183	35490972	41414
chr15	35449558	35649558	harbor2	chr15	35529140	35529500	LTR/ERVL-MaLR	1843	-	180	35529320	79762
chr15	35449558	35649558	harbor2	chr15	35486678	35488328	LTR/ERVL-MaLR	11598	-	825	35487503	37945
chr15	35992850	36192850	harbor2	chr15	36025489	36025925	LTR/ERVL-MaLR	468	-	218	36025707	32857
chr15	35992850	36192850	harbor2	chr15	36052657	36053022	LTR/ERVL-MaLR	1915	-	182	36052839	59989
chr15	101862140	102062140	harbor2	chr15	101864162	101864402	LTR/ERVL-MaLR	1157	-	120	101864282	2142
chr15	101862140	102062140	harbor2	chr15	101950672	101951041	LTR/ERVL-MaLR	788	-	184	101950856	88716
chr15	101862140	102062140	harbor2	chr15	101951343	101951501	LTR/ERVL-MaLR	750	-	79	101951422	89282
chr15	101862140	102062140	harbor2	chr15	101951502	101952710	LTR/ERVL-MaLR	3917	-	604	101952106	89966
chr15	101862140	102062140	harbor2	chr15	101959827	101960005	LTR/ERVL-MaLR	758	-	89	101959916	97776
chr15	101862140	102062140	harbor2	chr15	101960114	101960268	LTR/ERVL-MaLR	741	-	77	101960191	98051
chr15	74513026	74713026	harbor2	chr15	74523425	74523780	LTR/ERVL-MaLR	2207	-	178	74523603	10577
chr15	74513026	74713026	harbor2	chr15	74535352	74535851	LTR/ERVL-MaLR	694	-	250	74535602	22576
chr15	35459705	35659705	harbor2	chr15	35484254	35484812	LTR/ERVL-MaLR	2053	-	279	35484533	24828
chr15	35459705	35659705	harbor2	chr15	35485957	35486004	LTR/ERVL-MaLR	1984	-	24	35485981	26276
chr15	35459705	35659705	harbor2	chr15	35486005	35486358	LTR/ERVL-MaLR	2316	-	176	35486181	26476
chr15	35459705	35659705	harbor2	chr15	35486359	35486677	LTR/ERVL-MaLR	1984	-	159	35486518	26813
chr15	35459705	35659705	harbor2	chr15	35488331	35488684	LTR/ERVL-MaLR	1803	-	176	35488507	28802
chr15	35459705	35659705	harbor2	chr15	35490789	35491155	LTR/ERVL-MaLR	1719	-	183	35490972	31267
chr15	35459705	35659705	harbor2	chr15	35529140	35529500	LTR/ERVL-MaLR	1843	-	180	35529320	69615
chr15	35459705	35659705	harbor2	chr15	35486678	35488328	LTR/ERVL-MaLR	11598	-	825	35487503	27798
chr15	101861388	102061388	harbor2	chr15	101861596	101861871	LTR/ERVL-MaLR	1157	-	138	101861734	346
chr15	101861388	102061388	harbor2	chr15	101864162	101864402	LTR/ERVL-MaLR	1157	-	120	101864282	2894
chr15	101861388	102061388	harbor2	chr15	101950672	101951041	LTR/ERVL-MaLR	788	-	184	101950856	89468
chr15	101861388	102061388	harbor2	chr15	101951343	101951501	LTR/ERVL-MaLR	750	-	79	101951422	90034
chr15	101861388	102061388	harbor2	chr15	101951502	101952710	LTR/ERVL-MaLR	3917	-	604	101952106	90718
chr15	101861388	102061388	harbor2	chr15	101959827	101960005	LTR/ERVL-MaLR	758	-	89	101959916	98528
chr15	101861388	102061388	harbor2	chr15	101960114	101960268	LTR/ERVL-MaLR	741	-	77	101960191	98803
chr15	39901338	40101338	harbor2	chr15	39908484	39908939	LTR/ERVL-MaLR	744	-	228	39908712	7374
chr15	39901338	40101338	harbor2	chr15	39915124	39915494	LTR/ERVL-MaLR	1723	-	185	39915309	13971
chr15	39901338	40101338	harbor2	chr15	39922479	39922766	LTR/ERVL-MaLR	906	-	144	39922623	21285
chr15	39901338	40101338	harbor2	chr15	39922899	39923099	LTR/ERVL-MaLR	799	-	100	39922999	21661
chr15	39901338	40101338	harbor2	chr15	39923551	39923753	LTR/ERVL-MaLR	914	-	101	39923652	22314
chr15	39901338	40101338	harbor2	chr15	39923935	39924086	LTR/ERVL-MaLR	888	-	76	39924011	22673
chr15	35449106	35649106	harbor2	chr15	35459096	35459513	LTR/ERVL-MaLR	1420	-	208	35459304	10198
chr15	35449106	35649106	harbor2	chr15	35484254	35484812	LTR/ERVL-MaLR	2053	-	279	35484533	35427
chr15	35449106	35649106	harbor2	chr15	35485957	35486004	LTR/ERVL-MaLR	1984	-	24	35485981	36875
chr15	35449106	35649106	harbor2	chr15	35486005	35486358	LTR/ERVL-MaLR	2316	-	176	35486181	37075
chr15	35449106	35649106	harbor2	chr15	35486359	35486677	LTR/ERVL-MaLR	1984	-	159	35486518	37412
chr15	35449106	35649106	harbor2	chr15	35488331	35488684	LTR/ERVL-MaLR	1803	-	176	35488507	39401
chr15	35449106	35649106	harbor2	chr15	35490789	35491155	LTR/ERVL-MaLR	1719	-	183	35490972	41866
chr15	35449106	35649106	harbor2	chr15	35529140	35529500	LTR/ERVL-MaLR	1843	-	180	35529320	80214
chr15	35449106	35649106	harbor2	chr15	35486678	35488328	LTR/ERVL-MaLR	11598	-	825	35487503	38397
chr15	49055735	49255735	harbor2	chr15	49082913	49083148	LTR/ERVL-MaLR	753	-	118	49083031	27296
chr15	49055735	49255735	harbor2	chr15	49099845	49100249	LTR/ERVL-MaLR	1526	-	202	49100047	44312
chr15	49055735	49255735	harbor2	chr15	49106026	49106479	LTR/ERVL-MaLR	1700	-	226	49106252	50517
chr15	67464714	67664714	harbor2	chr15	67476170	67476517	LTR/ERVL-MaLR	1139	-	174	67476344	11630
chr15	67464714	67664714	harbor2	chr15	67481189	67481561	LTR/ERVL-MaLR	2684	-	186	67481375	16661
chr15	67464714	67664714	harbor2	chr15	67555166	67555475	LTR/ERVL-MaLR	1456	-	154	67555320	90606
chr15	35651734	35851734	harbor2	chr15	35658339	35658558	LTR/ERVL-MaLR	447	-	110	35658449	6715
chr15	35651734	35851734	harbor2	chr15	35684463	35684859	LTR/ERVL-MaLR	2159	-	198	35684661	32927
chr15	35651734	35851734	harbor2	chr15	35696171	35696292	LTR/ERVL-MaLR	488	-	60	35696231	44497
chr15	35651734	35851734	harbor2	chr15	35719942	35720079	LTR/ERVL-MaLR	513	-	68	35720010	68276
chr15	35651734	35851734	harbor2	chr15	35733013	35733171	LTR/ERVL-MaLR	441	-	79	35733092	81358
chr15	35651734	35851734	harbor2	chr15	35739577	35739938	LTR/ERVL-MaLR	2006	-	180	35739757	88023
chr15	75699695	75899695	harbor2	chr15	75745480	75745844	LTR/ERVL-MaLR	2079	-	182	75745662	45967
chr15	75699695	75899695	harbor2	chr15	75754853	75755210	LTR/ERVL-MaLR	2254	-	178	75755031	55336
chr15	75699695	75899695	harbor2	chr15	75796821	75796940	LTR/ERVL-MaLR	515	-	60	75796881	97186
chr15	79797266	79997266	harbor2	chr15	79807155	79807450	LTR/ERVL-MaLR	2372	-	148	79807303	10037
chr15	79797266	79997266	harbor2	chr15	79807758	79807944	LTR/ERVL-MaLR	2372	-	93	79807851	10585
chr15	75248486	75448486	harbor2	chr15	75306129	75306519	LTR/ERVL-MaLR	2008	-	195	75306324	57838
chr15	75248486	75448486	harbor2	chr15	75332074	75332429	LTR/ERVL-MaLR	2105	-	178	75332252	83766
chr15	36577146	36777146	harbor2	chr15	36625799	36625868	LTR/ERVL-MaLR	500	-	34	36625833	48687
chr15	36577146	36777146	harbor2	chr15	36630613	36631044	LTR/ERVL-MaLR	2172	-	216	36630829	53683
chr15	36577146	36777146	harbor2	chr15	36641238	36641420	LTR/ERVL-MaLR	575	-	91	36641329	64183
chr15	35446794	35646794	harbor2	chr15	35459096	35459513	LTR/ERVL-MaLR	1420	-	208	35459304	12510
chr15	35446794	35646794	harbor2	chr15	35484254	35484812	LTR/ERVL-MaLR	2053	-	279	35484533	37739
chr15	35446794	35646794	harbor2	chr15	35485957	35486004	LTR/ERVL-MaLR	1984	-	24	35485981	39187
chr15	35446794	35646794	harbor2	chr15	35486005	35486358	LTR/ERVL-MaLR	2316	-	176	35486181	39387
chr15	35446794	35646794	harbor2	chr15	35486359	35486677	LTR/ERVL-MaLR	1984	-	159	35486518	39724
chr15	35446794	35646794	harbor2	chr15	35488331	35488684	LTR/ERVL-MaLR	1803	-	176	35488507	41713
chr15	35446794	35646794	harbor2	chr15	35490789	35491155	LTR/ERVL-MaLR	1719	-	183	35490972	44178
chr15	35446794	35646794	harbor2	chr15	35529140	35529500	LTR/ERVL-MaLR	1843	-	180	35529320	82526
chr15	35446794	35646794	harbor2	chr15	35486678	35488328	LTR/ERVL-MaLR	11598	-	825	35487503	40709
chr15	45242182	45442182	harbor2	chr15	45245350	45245721	LTR/ERVL-MaLR	2510	-	186	45245536	3354
chr15	45242182	45442182	harbor2	chr15	45245978	45246030	LTR/ERVL-MaLR	2510	-	26	45246004	3822
chr15	45242182	45442182	harbor2	chr15	45278393	45278772	LTR/ERVL-MaLR	2167	-	190	45278583	36401
chr15	45242182	45442182	harbor2	chr15	45295997	45296400	LTR/ERVL-MaLR	2195	-	202	45296199	54017
chr15	45242182	45442182	harbor2	chr15	45333429	45333876	LTR/ERVL-MaLR	2185	-	224	45333653	91471
chr15	45242182	45442182	harbor2	chr15	45334404	45334505	LTR/ERVL-MaLR	2185	-	50	45334454	92272
chr15	35446632	35646632	harbor2	chr15	35459096	35459513	LTR/ERVL-MaLR	1420	-	208	35459304	12672
chr15	35446632	35646632	harbor2	chr15	35484254	35484812	LTR/ERVL-MaLR	2053	-	279	35484533	37901
chr15	35446632	35646632	harbor2	chr15	35485957	35486004	LTR/ERVL-MaLR	1984	-	24	35485981	39349
chr15	35446632	35646632	harbor2	chr15	35486005	35486358	LTR/ERVL-MaLR	2316	-	176	35486181	39549
chr15	35446632	35646632	harbor2	chr15	35486359	35486677	LTR/ERVL-MaLR	1984	-	159	35486518	39886
chr15	35446632	35646632	harbor2	chr15	35488331	35488684	LTR/ERVL-MaLR	1803	-	176	35488507	41875
chr15	35446632	35646632	harbor2	chr15	35490789	35491155	LTR/ERVL-MaLR	1719	-	183	35490972	44340
chr15	35446632	35646632	harbor2	chr15	35529140	35529500	LTR/ERVL-MaLR	1843	-	180	35529320	82688
chr15	35446632	35646632	harbor2	chr15	35486678	35488328	LTR/ERVL-MaLR	11598	-	825	35487503	40871
chr15	53985076	54185076	harbor2	chr15	54030610	54030979	LTR/ERVL-MaLR	1795	-	184	54030794	45718
chr15	53985076	54185076	harbor2	chr15	54065503	54065650	LTR/ERVL-MaLR	498	-	74	54065577	80501
chr15	53985076	54185076	harbor2	chr15	54065718	54065841	LTR/ERVL-MaLR	489	-	62	54065780	80704
chr15	69999345	70199345	harbor2	chr15	69999671	69999992	LTR/ERVL-MaLR	1148	-	160	69999831	486
chr15	69999345	70199345	harbor2	chr15	70005485	70006040	LTR/ERVL-MaLR	1161	-	278	70005763	6418
chr15	36396102	36596102	harbor2	chr15	36455675	36455897	LTR/ERVL-MaLR	692	-	111	36455786	59684
chr15	36396102	36596102	harbor2	chr15	36481594	36481824	LTR/ERVL-MaLR	1981	-	115	36481709	85607
chr15	36396102	36596102	harbor2	chr15	36481825	36482201	LTR/ERVL-MaLR	2770	-	188	36482013	85911
chr15	36396102	36596102	harbor2	chr15	36482202	36482335	LTR/ERVL-MaLR	1981	-	66	36482268	86166
chr15	36396102	36596102	harbor2	chr15	36490355	36490908	LTR/ERVL-MaLR	2004	-	276	36490631	94529
chr15	67422609	67622609	harbor2	chr15	67476170	67476517	LTR/ERVL-MaLR	1139	-	174	67476344	53735
chr15	67422609	67622609	harbor2	chr15	67481189	67481561	LTR/ERVL-MaLR	2684	-	186	67481375	58766
chr15	101861522	102061522	harbor2	chr15	101861596	101861871	LTR/ERVL-MaLR	1157	-	138	101861734	212
chr15	101861522	102061522	harbor2	chr15	101864162	101864402	LTR/ERVL-MaLR	1157	-	120	101864282	2760
chr15	101861522	102061522	harbor2	chr15	101950672	101951041	LTR/ERVL-MaLR	788	-	184	101950856	89334
chr15	101861522	102061522	harbor2	chr15	101951343	101951501	LTR/ERVL-MaLR	750	-	79	101951422	89900
chr15	101861522	102061522	harbor2	chr15	101951502	101952710	LTR/ERVL-MaLR	3917	-	604	101952106	90584
chr15	101861522	102061522	harbor2	chr15	101959827	101960005	LTR/ERVL-MaLR	758	-	89	101959916	98394
chr15	101861522	102061522	harbor2	chr15	101960114	101960268	LTR/ERVL-MaLR	741	-	77	101960191	98669
chr15	31770757	31970757	harbor2	chr15	31773277	31773613	LTR/ERVL-MaLR	1677	-	168	31773445	2688
chr15	31770757	31970757	harbor2	chr15	31777028	31777356	LTR/ERVL-MaLR	1310	-	164	31777192	6435
chr15	31770757	31970757	harbor2	chr15	31797836	31798239	LTR/ERVL-MaLR	1688	-	202	31798038	27281
chr15	31770757	31970757	harbor2	chr15	31814025	31814408	LTR/ERVL-MaLR	455	-	192	31814217	43460
chr15	31770757	31970757	harbor2	chr15	31825197	31825570	LTR/ERVL-MaLR	2134	-	186	31825383	54626
chr15	31770757	31970757	harbor2	chr15	31825571	31827142	LTR/ERVL-MaLR	11789	-	786	31826357	55600
chr15	31770757	31970757	harbor2	chr15	31827143	31827517	LTR/ERVL-MaLR	1997	-	187	31827330	56573
chr15	31770757	31970757	harbor2	chr15	31847683	31848069	LTR/ERVL-MaLR	1877	-	193	31847876	77119
chr15	31770757	31970757	harbor2	chr15	31854000	31854445	LTR/ERVL-MaLR	2060	-	222	31854222	83465
chr15	31770757	31970757	harbor2	chr15	31854448	31854801	LTR/ERVL-MaLR	713	-	176	31854624	83867
chr15	31770757	31970757	harbor2	chr15	31862397	31862751	LTR/ERVL-MaLR	2801	-	177	31862574	91817
chr15	31770757	31970757	harbor2	chr15	31862752	31864328	LTR/ERVL-MaLR	11974	-	788	31863540	92783
chr15	31770757	31970757	harbor2	chr15	31864329	31864682	LTR/ERVL-MaLR	2674	-	176	31864505	93748
chr15	40121372	40321372	harbor2	chr15	40149891	40150274	LTR/ERVL-MaLR	571	-	192	40150083	28711
chr15	40121372	40321372	harbor2	chr15	40156574	40156971	LTR/ERVL-MaLR	2152	-	198	40156772	35400
chr15	35446761	35646761	harbor2	chr15	35459096	35459513	LTR/ERVL-MaLR	1420	-	208	35459304	12543
chr15	35446761	35646761	harbor2	chr15	35484254	35484812	LTR/ERVL-MaLR	2053	-	279	35484533	37772
chr15	35446761	35646761	harbor2	chr15	35485957	35486004	LTR/ERVL-MaLR	1984	-	24	35485981	39220
chr15	35446761	35646761	harbor2	chr15	35486005	35486358	LTR/ERVL-MaLR	2316	-	176	35486181	39420
chr15	35446761	35646761	harbor2	chr15	35486359	35486677	LTR/ERVL-MaLR	1984	-	159	35486518	39757
chr15	35446761	35646761	harbor2	chr15	35488331	35488684	LTR/ERVL-MaLR	1803	-	176	35488507	41746
chr15	35446761	35646761	harbor2	chr15	35490789	35491155	LTR/ERVL-MaLR	1719	-	183	35490972	44211
chr15	35446761	35646761	harbor2	chr15	35529140	35529500	LTR/ERVL-MaLR	1843	-	180	35529320	82559
chr15	35446761	35646761	harbor2	chr15	35486678	35488328	LTR/ERVL-MaLR	11598	-	825	35487503	40742
chr15	35573001	35773001	harbor2	chr15	35580452	35580677	LTR/ERVL-MaLR	494	-	112	35580564	7563
chr15	35573001	35773001	harbor2	chr15	35592037	35592410	LTR/ERVL-MaLR	2334	-	186	35592223	19222
chr15	35573001	35773001	harbor2	chr15	35595857	35596341	LTR/ERVL-MaLR	929	-	242	35596099	23098
chr15	35573001	35773001	harbor2	chr15	35658339	35658558	LTR/ERVL-MaLR	447	-	110	35658449	85448
chr15	35446582	35646582	harbor2	chr15	35459096	35459513	LTR/ERVL-MaLR	1420	-	208	35459304	12722
chr15	35446582	35646582	harbor2	chr15	35484254	35484812	LTR/ERVL-MaLR	2053	-	279	35484533	37951
chr15	35446582	35646582	harbor2	chr15	35485957	35486004	LTR/ERVL-MaLR	1984	-	24	35485981	39399
chr15	35446582	35646582	harbor2	chr15	35486005	35486358	LTR/ERVL-MaLR	2316	-	176	35486181	39599
chr15	35446582	35646582	harbor2	chr15	35486359	35486677	LTR/ERVL-MaLR	1984	-	159	35486518	39936
chr15	35446582	35646582	harbor2	chr15	35488331	35488684	LTR/ERVL-MaLR	1803	-	176	35488507	41925
chr15	35446582	35646582	harbor2	chr15	35490789	35491155	LTR/ERVL-MaLR	1719	-	183	35490972	44390
chr15	35446582	35646582	harbor2	chr15	35529140	35529500	LTR/ERVL-MaLR	1843	-	180	35529320	82738
chr15	35446582	35646582	harbor2	chr15	35486678	35488328	LTR/ERVL-MaLR	11598	-	825	35487503	40921
chr15	35455009	35655009	harbor2	chr15	35459096	35459513	LTR/ERVL-MaLR	1420	-	208	35459304	4295
chr15	35455009	35655009	harbor2	chr15	35484254	35484812	LTR/ERVL-MaLR	2053	-	279	35484533	29524
chr15	35455009	35655009	harbor2	chr15	35485957	35486004	LTR/ERVL-MaLR	1984	-	24	35485981	30972
chr15	35455009	35655009	harbor2	chr15	35486005	35486358	LTR/ERVL-MaLR	2316	-	176	35486181	31172
chr15	35455009	35655009	harbor2	chr15	35486359	35486677	LTR/ERVL-MaLR	1984	-	159	35486518	31509
chr15	35455009	35655009	harbor2	chr15	35488331	35488684	LTR/ERVL-MaLR	1803	-	176	35488507	33498
chr15	35455009	35655009	harbor2	chr15	35490789	35491155	LTR/ERVL-MaLR	1719	-	183	35490972	35963
chr15	35455009	35655009	harbor2	chr15	35529140	35529500	LTR/ERVL-MaLR	1843	-	180	35529320	74311
chr15	35455009	35655009	harbor2	chr15	35486678	35488328	LTR/ERVL-MaLR	11598	-	825	35487503	32494
chr15	35619577	35819577	harbor2	chr15	35658339	35658558	LTR/ERVL-MaLR	447	-	110	35658449	38872
chr15	35619577	35819577	harbor2	chr15	35684463	35684859	LTR/ERVL-MaLR	2159	-	198	35684661	65084
chr15	35619577	35819577	harbor2	chr15	35696171	35696292	LTR/ERVL-MaLR	488	-	60	35696231	76654
chr15	69999529	70199529	harbor2	chr15	69999671	69999992	LTR/ERVL-MaLR	1148	-	160	69999831	302
chr15	69999529	70199529	harbor2	chr15	70005485	70006040	LTR/ERVL-MaLR	1161	-	278	70005763	6234
chr15	35562035	35762035	harbor2	chr15	35564059	35564459	LTR/ERVL-MaLR	1986	-	200	35564259	2224
chr15	35562035	35762035	harbor2	chr15	35580452	35580677	LTR/ERVL-MaLR	494	-	112	35580564	18529
chr15	35562035	35762035	harbor2	chr15	35592037	35592410	LTR/ERVL-MaLR	2334	-	186	35592223	30188
chr15	35562035	35762035	harbor2	chr15	35595857	35596341	LTR/ERVL-MaLR	929	-	242	35596099	34064
chr15	35562035	35762035	harbor2	chr15	35658339	35658558	LTR/ERVL-MaLR	447	-	110	35658449	96414
chr15	98551300	98751300	harbor2	chr15	98554274	98554620	LTR/ERVL-MaLR	851	-	173	98554447	3147
chr15	98551300	98751300	harbor2	chr15	98561238	98561647	LTR/ERVL-MaLR	1089	-	204	98561442	10142
chr15	35569668	35769668	harbor2	chr15	35580452	35580677	LTR/ERVL-MaLR	494	-	112	35580564	10896
chr15	35569668	35769668	harbor2	chr15	35592037	35592410	LTR/ERVL-MaLR	2334	-	186	35592223	22555
chr15	35569668	35769668	harbor2	chr15	35595857	35596341	LTR/ERVL-MaLR	929	-	242	35596099	26431
chr15	35569668	35769668	harbor2	chr15	35658339	35658558	LTR/ERVL-MaLR	447	-	110	35658449	88781
chr15	67725182	67925182	harbor2	chr15	67796270	67796651	LTR/ERVL-MaLR	2072	-	190	67796460	71278
chr15	67725182	67925182	harbor2	chr15	67796741	67797116	LTR/ERVL-MaLR	708	-	188	67796929	71747
chr15	63409518	63609518	harbor2	chr15	63426572	63427007	LTR/ERVL-MaLR	1556	-	218	63426790	17272
chr15	63409518	63609518	harbor2	chr15	63498994	63499118	LTR/ERVL-MaLR	444	-	62	63499056	89538
chr15	100502491	100702491	harbor2	chr15	100537390	100537748	LTR/ERVL-MaLR	2131	-	179	100537569	35078
chr15	100502491	100702491	harbor2	chr15	100537749	100539356	LTR/ERVL-MaLR	10799	-	804	100538553	36062
chr15	100502491	100702491	harbor2	chr15	100539361	100539739	LTR/ERVL-MaLR	2140	-	189	100539550	37059
chr15	100502491	100702491	harbor2	chr15	100601188	100601552	LTR/ERVL-MaLR	1964	-	182	100601370	98879
chr15	45303426	45503426	harbor2	chr15	45333429	45333876	LTR/ERVL-MaLR	2185	-	224	45333653	30227
chr15	45303426	45503426	harbor2	chr15	45334404	45334505	LTR/ERVL-MaLR	2185	-	50	45334454	31028
chr15	35446763	35646763	harbor2	chr15	35459096	35459513	LTR/ERVL-MaLR	1420	-	208	35459304	12541
chr15	35446763	35646763	harbor2	chr15	35484254	35484812	LTR/ERVL-MaLR	2053	-	279	35484533	37770
chr15	35446763	35646763	harbor2	chr15	35485957	35486004	LTR/ERVL-MaLR	1984	-	24	35485981	39218
chr15	35446763	35646763	harbor2	chr15	35486005	35486358	LTR/ERVL-MaLR	2316	-	176	35486181	39418
chr15	35446763	35646763	harbor2	chr15	35486359	35486677	LTR/ERVL-MaLR	1984	-	159	35486518	39755
chr15	35446763	35646763	harbor2	chr15	35488331	35488684	LTR/ERVL-MaLR	1803	-	176	35488507	41744
chr15	35446763	35646763	harbor2	chr15	35490789	35491155	LTR/ERVL-MaLR	1719	-	183	35490972	44209
chr15	35446763	35646763	harbor2	chr15	35529140	35529500	LTR/ERVL-MaLR	1843	-	180	35529320	82557
chr15	35446763	35646763	harbor2	chr15	35486678	35488328	LTR/ERVL-MaLR	11598	-	825	35487503	40740
chr15	98322213	98522213	harbor2	chr15	98324094	98324630	LTR/ERVL-MaLR	1853	-	268	98324362	2149
chr15	98322213	98522213	harbor2	chr15	98339565	98340009	LTR/ERVL-MaLR	2317	-	222	98339787	17574
chr15	98322213	98522213	harbor2	chr15	98340043	98340151	LTR/ERVL-MaLR	682	-	54	98340097	17884
chr15	98322213	98522213	harbor2	chr15	98346563	98346938	LTR/ERVL-MaLR	1531	-	188	98346751	24538
chr15	98322213	98522213	harbor2	chr15	98346987	98347481	LTR/ERVL-MaLR	2059	-	247	98347234	25021
chr15	98322213	98522213	harbor2	chr15	98352456	98352816	LTR/ERVL-MaLR	2443	-	180	98352636	30423
chr15	98322213	98522213	harbor2	chr15	98381648	98381926	LTR/ERVL-MaLR	556	-	139	98381787	59574
chr15	98322213	98522213	harbor2	chr15	98402351	98402371	LTR/ERVL-MaLR	1682	-	10	98402361	80148
chr15	98322213	98522213	harbor2	chr15	98402818	98403191	LTR/ERVL-MaLR	1682	-	186	98403004	80791
chr15	98322213	98522213	harbor2	chr15	98410514	98410578	LTR/ERVL-MaLR	442	-	32	98410546	88333
chr15	69719502	69919502	harbor2	chr15	69720749	69721222	LTR/ERVL-MaLR	563	-	236	69720985	1483
chr15	69719502	69919502	harbor2	chr15	69749373	69749660	LTR/ERVL-MaLR	416	-	144	69749517	30015
chr15	69719502	69919502	harbor2	chr15	69750316	69750700	LTR/ERVL-MaLR	1376	-	192	69750508	31006
chr15	69719502	69919502	harbor2	chr15	69767551	69767902	LTR/ERVL-MaLR	2139	-	176	69767727	48225
chr15	69719502	69919502	harbor2	chr15	69791375	69791765	LTR/ERVL-MaLR	985	-	195	69791570	72068
chr15	69719502	69919502	harbor2	chr15	69817169	69817508	LTR/ERVL-MaLR	1762	-	170	69817339	97837
chr15	35449388	35649388	harbor2	chr15	35459096	35459513	LTR/ERVL-MaLR	1420	-	208	35459304	9916
chr15	35449388	35649388	harbor2	chr15	35484254	35484812	LTR/ERVL-MaLR	2053	-	279	35484533	35145
chr15	35449388	35649388	harbor2	chr15	35485957	35486004	LTR/ERVL-MaLR	1984	-	24	35485981	36593
chr15	35449388	35649388	harbor2	chr15	35486005	35486358	LTR/ERVL-MaLR	2316	-	176	35486181	36793
chr15	35449388	35649388	harbor2	chr15	35486359	35486677	LTR/ERVL-MaLR	1984	-	159	35486518	37130
chr15	35449388	35649388	harbor2	chr15	35488331	35488684	LTR/ERVL-MaLR	1803	-	176	35488507	39119
chr15	35449388	35649388	harbor2	chr15	35490789	35491155	LTR/ERVL-MaLR	1719	-	183	35490972	41584
chr15	35449388	35649388	harbor2	chr15	35529140	35529500	LTR/ERVL-MaLR	1843	-	180	35529320	79932
chr15	35449388	35649388	harbor2	chr15	35486678	35488328	LTR/ERVL-MaLR	11598	-	825	35487503	38115
chr15	67422133	67622133	harbor2	chr15	67476170	67476517	LTR/ERVL-MaLR	1139	-	174	67476344	54211
chr15	67422133	67622133	harbor2	chr15	67481189	67481561	LTR/ERVL-MaLR	2684	-	186	67481375	59242
chr15	101861640	102061640	harbor2	chr15	101861596	101861871	LTR/ERVL-MaLR	1157	-	138	101861734	94
chr15	101861640	102061640	harbor2	chr15	101864162	101864402	LTR/ERVL-MaLR	1157	-	120	101864282	2642
chr15	101861640	102061640	harbor2	chr15	101950672	101951041	LTR/ERVL-MaLR	788	-	184	101950856	89216
chr15	101861640	102061640	harbor2	chr15	101951343	101951501	LTR/ERVL-MaLR	750	-	79	101951422	89782
chr15	101861640	102061640	harbor2	chr15	101951502	101952710	LTR/ERVL-MaLR	3917	-	604	101952106	90466
chr15	101861640	102061640	harbor2	chr15	101959827	101960005	LTR/ERVL-MaLR	758	-	89	101959916	98276
chr15	101861640	102061640	harbor2	chr15	101960114	101960268	LTR/ERVL-MaLR	741	-	77	101960191	98551
chr15	76060050	76260050	harbor2	chr15	76070043	76070410	LTR/ERVL-MaLR	594	-	184	76070227	10177
chr15	76060050	76260050	harbor2	chr15	76078749	76078985	LTR/ERVL-MaLR	794	-	118	76078867	18817
chr15	76060050	76260050	harbor2	chr15	76079397	76079507	LTR/ERVL-MaLR	570	-	55	76079452	19402
chr15	76060050	76260050	harbor2	chr15	76082237	76082475	LTR/ERVL-MaLR	710	-	119	76082356	22306
chr15	76060050	76260050	harbor2	chr15	76082584	76082686	LTR/ERVL-MaLR	1451	-	51	76082635	22585
chr15	76060050	76260050	harbor2	chr15	76082998	76083174	LTR/ERVL-MaLR	1451	-	88	76083086	23036
chr15	76060050	76260050	harbor2	chr15	76099745	76100110	LTR/ERVL-MaLR	1784	-	182	76099927	39877
chr15	76060050	76260050	harbor2	chr15	76122014	76122141	LTR/ERVL-MaLR	479	-	64	76122078	62028
chr15	76060050	76260050	harbor2	chr15	76134797	76135254	LTR/ERVL-MaLR	671	-	228	76135025	74975
chr15	35598875	35798875	harbor2	chr15	35658339	35658558	LTR/ERVL-MaLR	447	-	110	35658449	59574
chr15	35598875	35798875	harbor2	chr15	35684463	35684859	LTR/ERVL-MaLR	2159	-	198	35684661	85786
chr15	35598875	35798875	harbor2	chr15	35696171	35696292	LTR/ERVL-MaLR	488	-	60	35696231	97356
chr15	96226917	96426917	harbor2	chr15	96231531	96231749	LTR/ERVL-MaLR	520	-	109	96231640	4723
chr15	26348871	26548871	harbor2	chr15	26353731	26354071	LTR/ERVL-MaLR	1491	-	170	26353901	5030
chr15	26348871	26548871	harbor2	chr15	26373910	26374292	LTR/ERVL-MaLR	2679	-	191	26374101	25230
chr15	26348871	26548871	harbor2	chr15	26379492	26379939	LTR/ERVL-MaLR	2110	-	224	26379716	30845
chr15	26348871	26548871	harbor2	chr15	26438219	26438409	LTR/ERVL-MaLR	1036	-	95	26438314	89443
chr15	26348871	26548871	harbor2	chr15	26445922	26446374	LTR/ERVL-MaLR	2311	-	226	26446148	97277
chr15	51149547	51349547	harbor2	chr15	51154059	51154462	LTR/ERVL-MaLR	2174	-	202	51154261	4714
chr15	51149547	51349547	harbor2	chr15	51181860	51182390	LTR/ERVL-MaLR	2773	-	265	51182125	32578
chr15	51149547	51349547	harbor2	chr15	51182400	51182813	LTR/ERVL-MaLR	864	-	206	51182606	33059
chr15	51149547	51349547	harbor2	chr15	51187120	51187253	LTR/ERVL-MaLR	534	-	66	51187186	37639
chr15	98032466	98232466	harbor2	chr15	98033352	98033778	LTR/ERVL-MaLR	1923	-	213	98033565	1099
chr15	98032466	98232466	harbor2	chr15	98036252	98036569	LTR/ERVL-MaLR	904	-	158	98036410	3944
chr15	98032466	98232466	harbor2	chr15	98047631	98048025	LTR/ERVL-MaLR	1876	-	197	98047828	15362
chr15	98032466	98232466	harbor2	chr15	98059902	98059978	LTR/ERVL-MaLR	492	-	38	98059940	27474
chr15	98032466	98232466	harbor2	chr15	98059984	98061513	LTR/ERVL-MaLR	4624	-	764	98060748	28282
chr15	98032466	98232466	harbor2	chr15	98061515	98061600	LTR/ERVL-MaLR	589	-	42	98061557	29091
chr15	98032466	98232466	harbor2	chr15	98122596	98122973	LTR/ERVL-MaLR	2161	-	188	98122784	90318
chr15	98032466	98232466	harbor2	chr15	98126641	98126909	LTR/ERVL-MaLR	609	-	134	98126775	94309
chr15	74497233	74697233	harbor2	chr15	74523425	74523780	LTR/ERVL-MaLR	2207	-	178	74523603	26370
chr15	74497233	74697233	harbor2	chr15	74535352	74535851	LTR/ERVL-MaLR	694	-	250	74535602	38369
chr15	35572649	35772649	harbor2	chr15	35580452	35580677	LTR/ERVL-MaLR	494	-	112	35580564	7915
chr15	35572649	35772649	harbor2	chr15	35592037	35592410	LTR/ERVL-MaLR	2334	-	186	35592223	19574
chr15	35572649	35772649	harbor2	chr15	35595857	35596341	LTR/ERVL-MaLR	929	-	242	35596099	23450
chr15	35572649	35772649	harbor2	chr15	35658339	35658558	LTR/ERVL-MaLR	447	-	110	35658449	85800
chr15	67422444	67622444	harbor2	chr15	67476170	67476517	LTR/ERVL-MaLR	1139	-	174	67476344	53900
chr15	67422444	67622444	harbor2	chr15	67481189	67481561	LTR/ERVL-MaLR	2684	-	186	67481375	58931
chr15	35448871	35648871	harbor2	chr15	35459096	35459513	LTR/ERVL-MaLR	1420	-	208	35459304	10433
chr15	35448871	35648871	harbor2	chr15	35484254	35484812	LTR/ERVL-MaLR	2053	-	279	35484533	35662
chr15	35448871	35648871	harbor2	chr15	35485957	35486004	LTR/ERVL-MaLR	1984	-	24	35485981	37110
chr15	35448871	35648871	harbor2	chr15	35486005	35486358	LTR/ERVL-MaLR	2316	-	176	35486181	37310
chr15	35448871	35648871	harbor2	chr15	35486359	35486677	LTR/ERVL-MaLR	1984	-	159	35486518	37647
chr15	35448871	35648871	harbor2	chr15	35488331	35488684	LTR/ERVL-MaLR	1803	-	176	35488507	39636
chr15	35448871	35648871	harbor2	chr15	35490789	35491155	LTR/ERVL-MaLR	1719	-	183	35490972	42101
chr15	35448871	35648871	harbor2	chr15	35529140	35529500	LTR/ERVL-MaLR	1843	-	180	35529320	80449
chr15	35448871	35648871	harbor2	chr15	35486678	35488328	LTR/ERVL-MaLR	11598	-	825	35487503	38632
chr15	28554377	28754377	harbor2	chr15	28603199	28603501	LTR/ERVL-MaLR	1161	-	151	28603350	48973
chr15	28554377	28754377	harbor2	chr15	28651682	28652093	LTR/ERVL-MaLR	1485	-	206	28651888	97511
chr15	28554377	28754377	harbor2	chr15	28652095	28652483	LTR/ERVL-MaLR	855	-	194	28652289	97912
chr15	101861538	102061538	harbor2	chr15	101861596	101861871	LTR/ERVL-MaLR	1157	-	138	101861734	196
chr15	101861538	102061538	harbor2	chr15	101864162	101864402	LTR/ERVL-MaLR	1157	-	120	101864282	2744
chr15	101861538	102061538	harbor2	chr15	101950672	101951041	LTR/ERVL-MaLR	788	-	184	101950856	89318
chr15	101861538	102061538	harbor2	chr15	101951343	101951501	LTR/ERVL-MaLR	750	-	79	101951422	89884
chr15	101861538	102061538	harbor2	chr15	101951502	101952710	LTR/ERVL-MaLR	3917	-	604	101952106	90568
chr15	101861538	102061538	harbor2	chr15	101959827	101960005	LTR/ERVL-MaLR	758	-	89	101959916	98378
chr15	101861538	102061538	harbor2	chr15	101960114	101960268	LTR/ERVL-MaLR	741	-	77	101960191	98653
chr15	74947191	75147191	harbor2	chr15	74948328	74948390	LTR/ERVL-MaLR	1312	-	31	74948359	1168
chr15	74947191	75147191	harbor2	chr15	74948707	74949034	LTR/ERVL-MaLR	1312	-	164	74948871	1680
chr15	74947191	75147191	harbor2	chr15	74949640	74949716	LTR/ERVL-MaLR	1312	-	38	74949678	2487
chr15	74947191	75147191	harbor2	chr15	74961536	74961985	LTR/ERVL-MaLR	837	-	224	74961760	14569
chr15	74947191	75147191	harbor2	chr15	74967493	74967960	LTR/ERVL-MaLR	809	-	234	74967727	20536
chr15	74947191	75147191	harbor2	chr15	74971792	74971847	LTR/ERVL-MaLR	797	-	28	74971820	24629
chr15	74947191	75147191	harbor2	chr15	74972167	74972295	LTR/ERVL-MaLR	797	-	64	74972231	25040
chr15	74962964	75162964	harbor2	chr15	74967493	74967960	LTR/ERVL-MaLR	809	-	234	74967727	4763
chr15	74962964	75162964	harbor2	chr15	74971792	74971847	LTR/ERVL-MaLR	797	-	28	74971820	8856
chr15	74962964	75162964	harbor2	chr15	74972167	74972295	LTR/ERVL-MaLR	797	-	64	74972231	9267
chr15	35446634	35646634	harbor2	chr15	35459096	35459513	LTR/ERVL-MaLR	1420	-	208	35459304	12670
chr15	35446634	35646634	harbor2	chr15	35484254	35484812	LTR/ERVL-MaLR	2053	-	279	35484533	37899
chr15	35446634	35646634	harbor2	chr15	35485957	35486004	LTR/ERVL-MaLR	1984	-	24	35485981	39347
chr15	35446634	35646634	harbor2	chr15	35486005	35486358	LTR/ERVL-MaLR	2316	-	176	35486181	39547
chr15	35446634	35646634	harbor2	chr15	35486359	35486677	LTR/ERVL-MaLR	1984	-	159	35486518	39884
chr15	35446634	35646634	harbor2	chr15	35488331	35488684	LTR/ERVL-MaLR	1803	-	176	35488507	41873
chr15	35446634	35646634	harbor2	chr15	35490789	35491155	LTR/ERVL-MaLR	1719	-	183	35490972	44338
chr15	35446634	35646634	harbor2	chr15	35529140	35529500	LTR/ERVL-MaLR	1843	-	180	35529320	82686
chr15	35446634	35646634	harbor2	chr15	35486678	35488328	LTR/ERVL-MaLR	11598	-	825	35487503	40869
chr15	35446200	35646200	harbor2	chr15	35459096	35459513	LTR/ERVL-MaLR	1420	-	208	35459304	13104
chr15	35446200	35646200	harbor2	chr15	35484254	35484812	LTR/ERVL-MaLR	2053	-	279	35484533	38333
chr15	35446200	35646200	harbor2	chr15	35485957	35486004	LTR/ERVL-MaLR	1984	-	24	35485981	39781
chr15	35446200	35646200	harbor2	chr15	35486005	35486358	LTR/ERVL-MaLR	2316	-	176	35486181	39981
chr15	35446200	35646200	harbor2	chr15	35486359	35486677	LTR/ERVL-MaLR	1984	-	159	35486518	40318
chr15	35446200	35646200	harbor2	chr15	35488331	35488684	LTR/ERVL-MaLR	1803	-	176	35488507	42307
chr15	35446200	35646200	harbor2	chr15	35490789	35491155	LTR/ERVL-MaLR	1719	-	183	35490972	44772
chr15	35446200	35646200	harbor2	chr15	35529140	35529500	LTR/ERVL-MaLR	1843	-	180	35529320	83120
chr15	35446200	35646200	harbor2	chr15	35486678	35488328	LTR/ERVL-MaLR	11598	-	825	35487503	41303
chr15	21339484	21539484	harbor2	chr15	21355798	21355940	LTR/ERVL-MaLR	460	-	71	21355869	16385
chr15	21339484	21539484	harbor2	chr15	21362483	21362873	LTR/ERVL-MaLR	1769	-	195	21362678	23194
chr15	21339484	21539484	harbor2	chr15	21364477	21364645	LTR/ERVL-MaLR	442	-	84	21364561	25077
chr15	21339484	21539484	harbor2	chr15	21413572	21413894	LTR/ERVL-MaLR	1744	-	161	21413733	74249
chr15	80115684	80315684	harbor2	chr15	80164060	80164534	LTR/ERVL-MaLR	2622	-	237	80164297	48613
chr15	80115684	80315684	harbor2	chr15	80167153	80167507	LTR/ERVL-MaLR	873	-	177	80167330	51646
chr15	80115684	80315684	harbor2	chr15	80181937	80182337	LTR/ERVL-MaLR	1177	-	200	80182137	66453
chr15	80115684	80315684	harbor2	chr15	80185503	80185863	LTR/ERVL-MaLR	2179	-	180	80185683	69999
chr15	80115684	80315684	harbor2	chr15	80187721	80188174	LTR/ERVL-MaLR	851	-	226	80187947	72263
chr15	80115684	80315684	harbor2	chr15	80195442	80195793	LTR/ERVL-MaLR	1934	-	176	80195618	79934
chr15	80115684	80315684	harbor2	chr15	80210714	80211072	LTR/ERVL-MaLR	1422	-	179	80210893	95209
chr15	52686651	52886651	harbor2	chr15	52712032	52712413	LTR/ERVL-MaLR	1527	-	190	52712222	25571
chr15	52686651	52886651	harbor2	chr15	52764291	52764374	LTR/ERVL-MaLR	440	-	42	52764333	77682
chr15	101861562	102061562	harbor2	chr15	101861596	101861871	LTR/ERVL-MaLR	1157	-	138	101861734	172
chr15	101861562	102061562	harbor2	chr15	101864162	101864402	LTR/ERVL-MaLR	1157	-	120	101864282	2720
chr15	101861562	102061562	harbor2	chr15	101950672	101951041	LTR/ERVL-MaLR	788	-	184	101950856	89294
chr15	101861562	102061562	harbor2	chr15	101951343	101951501	LTR/ERVL-MaLR	750	-	79	101951422	89860
chr15	101861562	102061562	harbor2	chr15	101951502	101952710	LTR/ERVL-MaLR	3917	-	604	101952106	90544
chr15	101861562	102061562	harbor2	chr15	101959827	101960005	LTR/ERVL-MaLR	758	-	89	101959916	98354
chr15	101861562	102061562	harbor2	chr15	101960114	101960268	LTR/ERVL-MaLR	741	-	77	101960191	98629
chr15	67427405	67627405	harbor2	chr15	67476170	67476517	LTR/ERVL-MaLR	1139	-	174	67476344	48939
chr15	67427405	67627405	harbor2	chr15	67481189	67481561	LTR/ERVL-MaLR	2684	-	186	67481375	53970
chr15	101862064	102062064	harbor2	chr15	101864162	101864402	LTR/ERVL-MaLR	1157	-	120	101864282	2218
chr15	101862064	102062064	harbor2	chr15	101950672	101951041	LTR/ERVL-MaLR	788	-	184	101950856	88792
chr15	101862064	102062064	harbor2	chr15	101951343	101951501	LTR/ERVL-MaLR	750	-	79	101951422	89358
chr15	101862064	102062064	harbor2	chr15	101951502	101952710	LTR/ERVL-MaLR	3917	-	604	101952106	90042
chr15	101862064	102062064	harbor2	chr15	101959827	101960005	LTR/ERVL-MaLR	758	-	89	101959916	97852
chr15	101862064	102062064	harbor2	chr15	101960114	101960268	LTR/ERVL-MaLR	741	-	77	101960191	98127
chr15	57726549	57926549	harbor2	chr15	57759634	57759995	LTR/ERVL-MaLR	1603	-	180	57759814	33265
chr15	57726549	57926549	harbor2	chr15	57759996	57760334	LTR/ERVL-MaLR	1661	-	169	57760165	33616
chr15	57726549	57926549	harbor2	chr15	57760347	57760466	LTR/ERVL-MaLR	575	-	60	57760407	33858
chr15	57726549	57926549	harbor2	chr15	57796548	57796770	LTR/ERVL-MaLR	771	-	111	57796659	70110
chr15	57726549	57926549	harbor2	chr15	57805795	57806216	LTR/ERVL-MaLR	759	-	210	57806005	79456
chr15	57726549	57926549	harbor2	chr15	57820139	57820467	LTR/ERVL-MaLR	432	-	164	57820303	93754
chr15	57726549	57926549	harbor2	chr15	57821355	57821716	LTR/ERVL-MaLR	2926	-	180	57821535	94986
chr15	29169897	29369897	harbor2	chr15	29170849	29171231	LTR/ERVL-MaLR	1754	-	191	29171040	1143
chr15	29169897	29369897	harbor2	chr15	29191929	29192220	LTR/ERVL-MaLR	654	-	146	29192075	22178
chr15	29169897	29369897	harbor2	chr15	29206077	29206417	LTR/ERVL-MaLR	1965	-	170	29206247	36350
chr15	29169897	29369897	harbor2	chr15	29238648	29238993	LTR/ERVL-MaLR	2190	-	172	29238820	68923
chr15	29169897	29369897	harbor2	chr15	29249704	29250124	LTR/ERVL-MaLR	2917	-	210	29249914	80017
chr15	35446625	35646625	harbor2	chr15	35459096	35459513	LTR/ERVL-MaLR	1420	-	208	35459304	12679
chr15	35446625	35646625	harbor2	chr15	35484254	35484812	LTR/ERVL-MaLR	2053	-	279	35484533	37908
chr15	35446625	35646625	harbor2	chr15	35485957	35486004	LTR/ERVL-MaLR	1984	-	24	35485981	39356
chr15	35446625	35646625	harbor2	chr15	35486005	35486358	LTR/ERVL-MaLR	2316	-	176	35486181	39556
chr15	35446625	35646625	harbor2	chr15	35486359	35486677	LTR/ERVL-MaLR	1984	-	159	35486518	39893
chr15	35446625	35646625	harbor2	chr15	35488331	35488684	LTR/ERVL-MaLR	1803	-	176	35488507	41882
chr15	35446625	35646625	harbor2	chr15	35490789	35491155	LTR/ERVL-MaLR	1719	-	183	35490972	44347
chr15	35446625	35646625	harbor2	chr15	35529140	35529500	LTR/ERVL-MaLR	1843	-	180	35529320	82695
chr15	35446625	35646625	harbor2	chr15	35486678	35488328	LTR/ERVL-MaLR	11598	-	825	35487503	40878
chr15	34426686	34626686	harbor2	chr15	34439910	34440206	LTR/ERVL-MaLR	1369	-	148	34440058	13372
chr15	34426686	34626686	harbor2	chr15	34442483	34442805	LTR/ERVL-MaLR	777	-	161	34442644	15958
chr15	66727859	66927859	harbor2	chr15	66782813	66783155	LTR/ERVL-MaLR	1993	-	171	66782984	55125
chr15	66727859	66927859	harbor2	chr15	66783466	66783610	LTR/ERVL-MaLR	1993	-	72	66783538	55679
chr15	35622148	35822148	harbor2	chr15	35658339	35658558	LTR/ERVL-MaLR	447	-	110	35658449	36301
chr15	35622148	35822148	harbor2	chr15	35684463	35684859	LTR/ERVL-MaLR	2159	-	198	35684661	62513
chr15	35622148	35822148	harbor2	chr15	35696171	35696292	LTR/ERVL-MaLR	488	-	60	35696231	74083
chr15	35622148	35822148	harbor2	chr15	35719942	35720079	LTR/ERVL-MaLR	513	-	68	35720010	97862
chr16	1	169360	harbor2	chr16	50461	50526	LTR/ERVL-MaLR	2183	-	32	50493	50492
chr16	1	169360	harbor2	chr16	50824	51130	LTR/ERVL-MaLR	2183	-	153	50977	50976
chr16	1	169360	harbor2	chr16	95039	95269	LTR/ERVL-MaLR	781	-	115	95154	95153
chr16	89118344	89318344	harbor2	chr16	89146987	89147147	LTR/ERVL-MaLR	780	-	80	89147067	28723
chr16	89118344	89318344	harbor2	chr16	89147565	89147766	LTR/ERVL-MaLR	993	-	100	89147665	29321
chr16	89118344	89318344	harbor2	chr16	89147768	89148093	LTR/ERVL-MaLR	3356	-	162	89147930	29586
chr16	89118344	89318344	harbor2	chr16	89148400	89148719	LTR/ERVL-MaLR	3356	-	160	89148560	30216
chr16	89118344	89318344	harbor2	chr16	89148714	89149077	LTR/ERVL-MaLR	1738	-	182	89148896	30552
chr16	89118344	89318344	harbor2	chr16	89149070	89149356	LTR/ERVL-MaLR	1719	-	143	89149213	30869
chr16	89118344	89318344	harbor2	chr16	89149954	89150113	LTR/ERVL-MaLR	714	-	80	89150034	31690
chr16	1279091	1479091	harbor2	chr16	1283629	1283928	LTR/ERVL-MaLR	955	-	150	1283779	4688
chr16	568102	768102	harbor2	chr16	606508	606914	LTR/ERVL-MaLR	1024	-	203	606711	38609
chr16	568102	768102	harbor2	chr16	608044	608390	LTR/ERVL-MaLR	1866	-	173	608217	40115
chr16	66222808	66422808	harbor2	chr16	66227596	66227975	LTR/ERVL-MaLR	2415	-	190	66227786	4978
chr16	66222808	66422808	harbor2	chr16	66238413	66238801	LTR/ERVL-MaLR	2394	-	194	66238607	15799
chr16	66222808	66422808	harbor2	chr16	66262832	66263292	LTR/ERVL-MaLR	1186	-	230	66263062	40254
chr16	66222808	66422808	harbor2	chr16	66284510	66284878	LTR/ERVL-MaLR	2297	-	184	66284694	61886
chr16	66222808	66422808	harbor2	chr16	66287981	66288252	LTR/ERVL-MaLR	832	-	136	66288117	65309
chr16	66222808	66422808	harbor2	chr16	66289010	66289551	LTR/ERVL-MaLR	1762	-	270	66289280	66472
chr16	66222808	66422808	harbor2	chr16	66299739	66300143	LTR/ERVL-MaLR	2577	-	202	66299941	77133
chr16	77183	277183	harbor2	chr16	95039	95269	LTR/ERVL-MaLR	781	-	115	95154	17971
chr16	87292218	87492218	harbor2	chr16	87292124	87292641	LTR/ERVL-MaLR	1577	-	258	87292382	164
chr16	79433396	79633396	harbor2	chr16	79461252	79461667	LTR/ERVL-MaLR	972	-	208	79461460	28064
chr16	79433396	79633396	harbor2	chr16	79494109	79494601	LTR/ERVL-MaLR	1774	-	246	79494355	60959
chr16	79433396	79633396	harbor2	chr16	79501011	79501447	LTR/ERVL-MaLR	1392	-	218	79501229	67833
chr16	67064037	67264037	harbor2	chr16	67101734	67102119	LTR/ERVL-MaLR	1658	-	192	67101926	37889
chr16	67064037	67264037	harbor2	chr16	67102435	67102590	LTR/ERVL-MaLR	1658	-	78	67102513	38476
chr16	67064037	67264037	harbor2	chr16	67105360	67105582	LTR/ERVL-MaLR	627	-	111	67105471	41434
chr16	67064037	67264037	harbor2	chr16	67134548	67134910	LTR/ERVL-MaLR	2039	-	181	67134729	70692
chr16	1091748	1291748	harbor2	chr16	1147098	1147488	LTR/ERVL-MaLR	1702	-	195	1147293	55545
chr16	1091748	1291748	harbor2	chr16	1177597	1177934	LTR/ERVL-MaLR	887	-	168	1177765	86017
chr16	87391743	87591743	harbor2	chr16	87481792	87482162	LTR/ERVL-MaLR	1437	-	185	87481977	90234
chr16	914001	1114001	harbor2	chr16	1001395	1001787	LTR/ERVL-MaLR	883	-	196	1001591	87590
chr16	77583873	77783873	harbor2	chr16	77613539	77614010	LTR/ERVL-MaLR	1510	-	236	77613775	29902
chr16	77583873	77783873	harbor2	chr16	77614842	77615255	LTR/ERVL-MaLR	2190	-	206	77615048	31175
chr16	77583873	77783873	harbor2	chr16	77632205	77632435	LTR/ERVL-MaLR	1338	-	115	77632320	48447
chr16	77583873	77783873	harbor2	chr16	77632436	77632769	LTR/ERVL-MaLR	1883	-	166	77632602	48729
chr16	77583873	77783873	harbor2	chr16	77657360	77657729	LTR/ERVL-MaLR	2403	-	184	77657544	73671
chr16	77583873	77783873	harbor2	chr16	77667636	77667932	LTR/ERVL-MaLR	988	-	148	77667784	83911
chr16	77583873	77783873	harbor2	chr16	77668191	77668386	LTR/ERVL-MaLR	541	-	98	77668289	84416
chr16	77583873	77783873	harbor2	chr16	77678075	77678451	LTR/ERVL-MaLR	2776	-	188	77678263	94390
chr16	4314660	4514660	harbor2	chr16	4333552	4333830	LTR/ERVL-MaLR	908	-	139	4333691	19031
chr16	4314660	4514660	harbor2	chr16	4334537	4334736	LTR/ERVL-MaLR	908	-	100	4334637	19977
chr16	2375100	2575100	harbor2	chr16	2389074	2389410	LTR/ERVL-MaLR	1010	-	168	2389242	14142
chr16	2375100	2575100	harbor2	chr16	2389724	2389768	LTR/ERVL-MaLR	1010	-	22	2389746	14646
chr16	2375100	2575100	harbor2	chr16	2390520	2390672	LTR/ERVL-MaLR	1071	-	76	2390596	15496
chr16	2375100	2575100	harbor2	chr16	2390703	2390725	LTR/ERVL-MaLR	1071	-	11	2390714	15614
chr16	2375100	2575100	harbor2	chr16	2391027	2391365	LTR/ERVL-MaLR	1071	-	169	2391196	16096
chr16	2375100	2575100	harbor2	chr16	2391388	2391914	LTR/ERVL-MaLR	1015	-	263	2391651	16551
chr16	67009818	67209818	harbor2	chr16	67042541	67042731	LTR/ERVL-MaLR	697	-	95	67042636	32818
chr16	67009818	67209818	harbor2	chr16	67043036	67043233	LTR/ERVL-MaLR	697	-	98	67043134	33316
chr16	67009818	67209818	harbor2	chr16	67101734	67102119	LTR/ERVL-MaLR	1658	-	192	67101926	92108
chr16	67009818	67209818	harbor2	chr16	67102435	67102590	LTR/ERVL-MaLR	1658	-	78	67102513	92695
chr16	67009818	67209818	harbor2	chr16	67105360	67105582	LTR/ERVL-MaLR	627	-	111	67105471	95653
chr16	2865108	3065108	harbor2	chr16	2940098	2940300	LTR/ERVL-MaLR	857	-	101	2940199	75091
chr16	2865108	3065108	harbor2	chr16	2954137	2954414	LTR/ERVL-MaLR	828	-	138	2954275	89167
chr16	2375127	2575127	harbor2	chr16	2389074	2389410	LTR/ERVL-MaLR	1010	-	168	2389242	14115
chr16	2375127	2575127	harbor2	chr16	2389724	2389768	LTR/ERVL-MaLR	1010	-	22	2389746	14619
chr16	2375127	2575127	harbor2	chr16	2390520	2390672	LTR/ERVL-MaLR	1071	-	76	2390596	15469
chr16	2375127	2575127	harbor2	chr16	2390703	2390725	LTR/ERVL-MaLR	1071	-	11	2390714	15587
chr16	2375127	2575127	harbor2	chr16	2391027	2391365	LTR/ERVL-MaLR	1071	-	169	2391196	16069
chr16	2375127	2575127	harbor2	chr16	2391388	2391914	LTR/ERVL-MaLR	1015	-	263	2391651	16524
chr16	949778	1149778	harbor2	chr16	1001395	1001787	LTR/ERVL-MaLR	883	-	196	1001591	51813
chr16	949778	1149778	harbor2	chr16	1038046	1038363	LTR/ERVL-MaLR	594	-	158	1038204	88426
chr16	1987175	2187175	harbor2	chr16	2012002	2012198	LTR/ERVL-MaLR	1013	-	98	2012100	24925
chr16	1987175	2187175	harbor2	chr16	2080905	2081189	LTR/ERVL-MaLR	856	-	142	2081047	93872
chr16	70330916	70530916	harbor2	chr16	70340607	70340681	LTR/ERVL-MaLR	638	-	37	70340644	9728
chr16	70330916	70530916	harbor2	chr16	70340933	70341131	LTR/ERVL-MaLR	638	-	99	70341032	10116
chr16	70330916	70530916	harbor2	chr16	70351938	70352081	LTR/ERVL-MaLR	711	-	72	70352010	21094
chr16	5174	205174	harbor2	chr16	50461	50526	LTR/ERVL-MaLR	2183	-	32	50493	45319
chr16	5174	205174	harbor2	chr16	50824	51130	LTR/ERVL-MaLR	2183	-	153	50977	45803
chr16	5174	205174	harbor2	chr16	95039	95269	LTR/ERVL-MaLR	781	-	115	95154	89980
chr16	31042548	31242548	harbor2	chr16	31052361	31052572	LTR/ERVL-MaLR	655	-	106	31052467	9919
chr16	31042548	31242548	harbor2	chr16	31052990	31053178	LTR/ERVL-MaLR	1916	-	94	31053084	10536
chr16	31042548	31242548	harbor2	chr16	31053480	31053785	LTR/ERVL-MaLR	1916	-	152	31053632	11084
chr16	31042548	31242548	harbor2	chr16	31102478	31102680	LTR/ERVL-MaLR	728	-	101	31102579	60031
chr16	1	162881	harbor2	chr16	50461	50526	LTR/ERVL-MaLR	2183	-	32	50493	50492
chr16	1	162881	harbor2	chr16	50824	51130	LTR/ERVL-MaLR	2183	-	153	50977	50976
chr16	1	162881	harbor2	chr16	95039	95269	LTR/ERVL-MaLR	781	-	115	95154	95153
chr16	135637	335637	harbor2	chr16	202178	202444	LTR/ERVL-MaLR	1177	-	133	202311	66674
chr16	31042549	31242549	harbor2	chr16	31052361	31052572	LTR/ERVL-MaLR	655	-	106	31052467	9918
chr16	31042549	31242549	harbor2	chr16	31052990	31053178	LTR/ERVL-MaLR	1916	-	94	31053084	10535
chr16	31042549	31242549	harbor2	chr16	31053480	31053785	LTR/ERVL-MaLR	1916	-	152	31053632	11083
chr16	31042549	31242549	harbor2	chr16	31102478	31102680	LTR/ERVL-MaLR	728	-	101	31102579	60030
chr16	67079606	67279606	harbor2	chr16	67101734	67102119	LTR/ERVL-MaLR	1658	-	192	67101926	22320
chr16	67079606	67279606	harbor2	chr16	67102435	67102590	LTR/ERVL-MaLR	1658	-	78	67102513	22907
chr16	67079606	67279606	harbor2	chr16	67105360	67105582	LTR/ERVL-MaLR	627	-	111	67105471	25865
chr16	67079606	67279606	harbor2	chr16	67134548	67134910	LTR/ERVL-MaLR	2039	-	181	67134729	55123
chr16	67131818	67331818	harbor2	chr16	67134548	67134910	LTR/ERVL-MaLR	2039	-	181	67134729	2911
chr16	1279028	1479028	harbor2	chr16	1283629	1283928	LTR/ERVL-MaLR	955	-	150	1283779	4751
chr16	87292217	87492217	harbor2	chr16	87292124	87292641	LTR/ERVL-MaLR	1577	-	258	87292382	165
chr16	2375144	2575144	harbor2	chr16	2389074	2389410	LTR/ERVL-MaLR	1010	-	168	2389242	14098
chr16	2375144	2575144	harbor2	chr16	2389724	2389768	LTR/ERVL-MaLR	1010	-	22	2389746	14602
chr16	2375144	2575144	harbor2	chr16	2390520	2390672	LTR/ERVL-MaLR	1071	-	76	2390596	15452
chr16	2375144	2575144	harbor2	chr16	2390703	2390725	LTR/ERVL-MaLR	1071	-	11	2390714	15570
chr16	2375144	2575144	harbor2	chr16	2391027	2391365	LTR/ERVL-MaLR	1071	-	169	2391196	16052
chr16	2375144	2575144	harbor2	chr16	2391388	2391914	LTR/ERVL-MaLR	1015	-	263	2391651	16507
chr16	46873069	47073069	harbor2	chr16	46912537	46912879	LTR/ERVL-MaLR	1384	-	171	46912708	39639
chr16	46873069	47073069	harbor2	chr16	46916885	46917245	LTR/ERVL-MaLR	636	-	180	46917065	43996
chr16	27963957	28163957	harbor2	chr16	27982565	27982963	LTR/ERVL-MaLR	2272	-	199	27982764	18807
chr16	27963957	28163957	harbor2	chr16	27996685	27996769	LTR/ERVL-MaLR	1024	-	42	27996727	32770
chr16	27963957	28163957	harbor2	chr16	27997062	27997287	LTR/ERVL-MaLR	1024	-	112	27997174	33217
chr16	27963957	28163957	harbor2	chr16	27997483	27997648	LTR/ERVL-MaLR	641	-	82	27997565	33608
chr16	27963957	28163957	harbor2	chr16	28004957	28005122	LTR/ERVL-MaLR	1664	-	82	28005039	41082
chr16	27963957	28163957	harbor2	chr16	28005392	28005652	LTR/ERVL-MaLR	1664	-	130	28005522	41565
chr16	27963957	28163957	harbor2	chr16	28018199	28018660	LTR/ERVL-MaLR	592	-	230	28018429	54472
chr16	27963957	28163957	harbor2	chr16	28021066	28021251	LTR/ERVL-MaLR	1205	-	92	28021158	57201
chr16	27963957	28163957	harbor2	chr16	28021855	28022006	LTR/ERVL-MaLR	575	-	76	28021931	57974
chr16	67009814	67209814	harbor2	chr16	67042541	67042731	LTR/ERVL-MaLR	697	-	95	67042636	32822
chr16	67009814	67209814	harbor2	chr16	67043036	67043233	LTR/ERVL-MaLR	697	-	98	67043134	33320
chr16	67009814	67209814	harbor2	chr16	67101734	67102119	LTR/ERVL-MaLR	1658	-	192	67101926	92112
chr16	67009814	67209814	harbor2	chr16	67102435	67102590	LTR/ERVL-MaLR	1658	-	78	67102513	92699
chr16	67009814	67209814	harbor2	chr16	67105360	67105582	LTR/ERVL-MaLR	627	-	111	67105471	95657
chr16	67090046	67290046	harbor2	chr16	67101734	67102119	LTR/ERVL-MaLR	1658	-	192	67101926	11880
chr16	67090046	67290046	harbor2	chr16	67102435	67102590	LTR/ERVL-MaLR	1658	-	78	67102513	12467
chr16	67090046	67290046	harbor2	chr16	67105360	67105582	LTR/ERVL-MaLR	627	-	111	67105471	15425
chr16	67090046	67290046	harbor2	chr16	67134548	67134910	LTR/ERVL-MaLR	2039	-	181	67134729	44683
chr16	55108159	55308159	harbor2	chr16	55123918	55124298	LTR/ERVL-MaLR	2167	-	190	55124108	15949
chr16	55108159	55308159	harbor2	chr16	55124605	55124775	LTR/ERVL-MaLR	2167	-	85	55124690	16531
chr16	55108159	55308159	harbor2	chr16	55127219	55127402	LTR/ERVL-MaLR	979	-	92	55127311	19152
chr16	55108159	55308159	harbor2	chr16	55131658	55131712	LTR/ERVL-MaLR	657	-	27	55131685	23526
chr16	55108159	55308159	harbor2	chr16	55137366	55137738	LTR/ERVL-MaLR	2188	-	186	55137552	29393
chr16	55108159	55308159	harbor2	chr16	55144786	55145304	LTR/ERVL-MaLR	703	-	259	55145045	36886
chr16	55108159	55308159	harbor2	chr16	55150792	55151193	LTR/ERVL-MaLR	1789	-	200	55150992	42833
chr16	55108159	55308159	harbor2	chr16	55151485	55151825	LTR/ERVL-MaLR	797	-	170	55151655	43496
chr16	55108159	55308159	harbor2	chr16	55154654	55154916	LTR/ERVL-MaLR	1140	-	131	55154785	46626
chr16	55108159	55308159	harbor2	chr16	55158164	55158597	LTR/ERVL-MaLR	1945	-	216	55158380	50221
chr16	55108159	55308159	harbor2	chr16	55131901	55132322	LTR/ERVL-MaLR	657	-	210	55132111	23952
chr16	1	168380	harbor2	chr16	50461	50526	LTR/ERVL-MaLR	2183	-	32	50493	50492
chr16	1	168380	harbor2	chr16	50824	51130	LTR/ERVL-MaLR	2183	-	153	50977	50976
chr16	1	168380	harbor2	chr16	95039	95269	LTR/ERVL-MaLR	781	-	115	95154	95153
chr16	88434307	88634307	harbor2	chr16	88445553	88445697	LTR/ERVL-MaLR	605	-	72	88445625	11318
chr16	88434307	88634307	harbor2	chr16	88446640	88446816	LTR/ERVL-MaLR	538	-	88	88446728	12421
chr16	67009856	67209856	harbor2	chr16	67042541	67042731	LTR/ERVL-MaLR	697	-	95	67042636	32780
chr16	67009856	67209856	harbor2	chr16	67043036	67043233	LTR/ERVL-MaLR	697	-	98	67043134	33278
chr16	67009856	67209856	harbor2	chr16	67101734	67102119	LTR/ERVL-MaLR	1658	-	192	67101926	92070
chr16	67009856	67209856	harbor2	chr16	67102435	67102590	LTR/ERVL-MaLR	1658	-	78	67102513	92657
chr16	67009856	67209856	harbor2	chr16	67105360	67105582	LTR/ERVL-MaLR	627	-	111	67105471	95615
chr16	70642511	70842511	harbor2	chr16	70642596	70642761	LTR/ERVL-MaLR	1328	-	82	70642678	167
chr16	70642511	70842511	harbor2	chr16	70648738	70649060	LTR/ERVL-MaLR	1044	-	161	70648899	6388
chr16	70642511	70842511	harbor2	chr16	70658777	70659006	LTR/ERVL-MaLR	644	-	114	70658891	16380
chr16	182021	382021	harbor2	chr16	202178	202444	LTR/ERVL-MaLR	1177	-	133	202311	20290
chr16	182021	382021	harbor2	chr16	237250	237704	LTR/ERVL-MaLR	864	-	227	237477	55456
chr16	6406487	6606487	harbor2	chr16	6433521	6433834	LTR/ERVL-MaLR	2327	-	156	6433677	27190
chr16	6406487	6606487	harbor2	chr16	6434148	6434327	LTR/ERVL-MaLR	2327	-	90	6434238	27751
chr16	6406487	6606487	harbor2	chr16	6437565	6437944	LTR/ERVL-MaLR	2042	-	190	6437755	31268
chr16	6406487	6606487	harbor2	chr16	6453869	6454254	LTR/ERVL-MaLR	1868	-	192	6454061	47574
chr16	6406487	6606487	harbor2	chr16	6460077	6460312	LTR/ERVL-MaLR	1215	-	118	6460195	53708
chr16	6406487	6606487	harbor2	chr16	6461282	6461439	LTR/ERVL-MaLR	804	-	78	6461360	54873
chr16	6406487	6606487	harbor2	chr16	6479141	6479346	LTR/ERVL-MaLR	1506	-	102	6479243	72756
chr16	6406487	6606487	harbor2	chr16	6479610	6479731	LTR/ERVL-MaLR	1506	-	60	6479670	73183
chr16	6406487	6606487	harbor2	chr16	6503365	6503575	LTR/ERVL-MaLR	548	-	105	6503470	96983
chr16	6406487	6606487	harbor2	chr16	6422464	6422874	LTR/ERVL-MaLR	2379	-	205	6422669	16182
chr16	67295885	67495885	harbor2	chr16	67330888	67331060	LTR/ERVL-MaLR	1294	-	86	67330974	35089
chr16	67295885	67495885	harbor2	chr16	67331115	67331267	LTR/ERVL-MaLR	1294	-	76	67331191	35306
chr16	67295885	67495885	harbor2	chr16	67369565	67369925	LTR/ERVL-MaLR	2954	-	180	67369745	73860
chr16	67358369	67558369	harbor2	chr16	67369565	67369925	LTR/ERVL-MaLR	2954	-	180	67369745	11376
chr16	3625684	3825684	harbor2	chr16	3693638	3693725	LTR/ERVL-MaLR	1143	-	44	3693682	67998
chr16	3625684	3825684	harbor2	chr16	3694018	3694342	LTR/ERVL-MaLR	1143	-	162	3694180	68496
chr16	3625684	3825684	harbor2	chr16	3694793	3695241	LTR/ERVL-MaLR	1721	-	224	3695017	69333
chr16	67009865	67209865	harbor2	chr16	67042541	67042731	LTR/ERVL-MaLR	697	-	95	67042636	32771
chr16	67009865	67209865	harbor2	chr16	67043036	67043233	LTR/ERVL-MaLR	697	-	98	67043134	33269
chr16	67009865	67209865	harbor2	chr16	67101734	67102119	LTR/ERVL-MaLR	1658	-	192	67101926	92061
chr16	67009865	67209865	harbor2	chr16	67102435	67102590	LTR/ERVL-MaLR	1658	-	78	67102513	92648
chr16	67009865	67209865	harbor2	chr16	67105360	67105582	LTR/ERVL-MaLR	627	-	111	67105471	95606
chr16	67009874	67209874	harbor2	chr16	67042541	67042731	LTR/ERVL-MaLR	697	-	95	67042636	32762
chr16	67009874	67209874	harbor2	chr16	67043036	67043233	LTR/ERVL-MaLR	697	-	98	67043134	33260
chr16	67009874	67209874	harbor2	chr16	67101734	67102119	LTR/ERVL-MaLR	1658	-	192	67101926	92052
chr16	67009874	67209874	harbor2	chr16	67102435	67102590	LTR/ERVL-MaLR	1658	-	78	67102513	92639
chr16	67009874	67209874	harbor2	chr16	67105360	67105582	LTR/ERVL-MaLR	627	-	111	67105471	95597
chr16	74290	274290	harbor2	chr16	95039	95269	LTR/ERVL-MaLR	781	-	115	95154	20864
chr16	225213	425213	harbor2	chr16	237250	237704	LTR/ERVL-MaLR	864	-	227	237477	12264
chr16	4188787	4388787	harbor2	chr16	4221650	4222087	LTR/ERVL-MaLR	2060	-	218	4221868	33081
chr16	4188787	4388787	harbor2	chr16	4280661	4281070	LTR/ERVL-MaLR	1860	-	204	4280865	92078
chr16	2371372	2571372	harbor2	chr16	2389074	2389410	LTR/ERVL-MaLR	1010	-	168	2389242	17870
chr16	2371372	2571372	harbor2	chr16	2389724	2389768	LTR/ERVL-MaLR	1010	-	22	2389746	18374
chr16	2371372	2571372	harbor2	chr16	2390520	2390672	LTR/ERVL-MaLR	1071	-	76	2390596	19224
chr16	2371372	2571372	harbor2	chr16	2390703	2390725	LTR/ERVL-MaLR	1071	-	11	2390714	19342
chr16	2371372	2571372	harbor2	chr16	2391027	2391365	LTR/ERVL-MaLR	1071	-	169	2391196	19824
chr16	2371372	2571372	harbor2	chr16	2391388	2391914	LTR/ERVL-MaLR	1015	-	263	2391651	20279
chr16	66222798	66422798	harbor2	chr16	66227596	66227975	LTR/ERVL-MaLR	2415	-	190	66227786	4988
chr16	66222798	66422798	harbor2	chr16	66238413	66238801	LTR/ERVL-MaLR	2394	-	194	66238607	15809
chr16	66222798	66422798	harbor2	chr16	66262832	66263292	LTR/ERVL-MaLR	1186	-	230	66263062	40264
chr16	66222798	66422798	harbor2	chr16	66284510	66284878	LTR/ERVL-MaLR	2297	-	184	66284694	61896
chr16	66222798	66422798	harbor2	chr16	66287981	66288252	LTR/ERVL-MaLR	832	-	136	66288117	65319
chr16	66222798	66422798	harbor2	chr16	66289010	66289551	LTR/ERVL-MaLR	1762	-	270	66289280	66482
chr16	66222798	66422798	harbor2	chr16	66299739	66300143	LTR/ERVL-MaLR	2577	-	202	66299941	77143
chr16	57884887	58084887	harbor2	chr16	57929268	57929498	LTR/ERVL-MaLR	1147	-	115	57929383	44496
chr16	57884887	58084887	harbor2	chr16	57929502	57929857	LTR/ERVL-MaLR	1276	-	178	57929680	44793
chr16	989175	1189175	harbor2	chr16	1001395	1001787	LTR/ERVL-MaLR	883	-	196	1001591	12416
chr16	989175	1189175	harbor2	chr16	1038046	1038363	LTR/ERVL-MaLR	594	-	158	1038204	49029
chr16	989175	1189175	harbor2	chr16	1064813	1065197	LTR/ERVL-MaLR	717	-	192	1065005	75830
chr16	2870096	3070096	harbor2	chr16	2940098	2940300	LTR/ERVL-MaLR	857	-	101	2940199	70103
chr16	2870096	3070096	harbor2	chr16	2954137	2954414	LTR/ERVL-MaLR	828	-	138	2954275	84179
chr16	428663	628663	harbor2	chr16	449243	449463	LTR/ERVL-MaLR	644	-	110	449353	20690
chr16	324283	524283	harbor2	chr16	392074	392271	LTR/ERVL-MaLR	817	-	98	392172	67889
chr16	324283	524283	harbor2	chr16	392729	392946	LTR/ERVL-MaLR	636	-	108	392837	68554
chr16	324283	524283	harbor2	chr16	409634	410066	LTR/ERVL-MaLR	1154	-	216	409850	85567
chr16	79064526	79264526	harbor2	chr16	79079022	79079195	LTR/ERVL-MaLR	582	-	86	79079108	14582
chr16	79064526	79264526	harbor2	chr16	79098888	79099314	LTR/ERVL-MaLR	2182	-	213	79099101	34575
chr16	79064526	79264526	harbor2	chr16	79120504	79120760	LTR/ERVL-MaLR	733	-	128	79120632	56106
chr16	79064526	79264526	harbor2	chr16	79121068	79121258	LTR/ERVL-MaLR	733	-	95	79121163	56637
chr16	79064526	79264526	harbor2	chr16	79131743	79132103	LTR/ERVL-MaLR	2112	-	180	79131923	67397
chr16	58762872	58962872	harbor2	chr16	58768277	58768566	LTR/ERVL-MaLR	627	-	144	58768421	5549
chr16	58762872	58962872	harbor2	chr16	58779298	58779514	LTR/ERVL-MaLR	1226	-	108	58779406	16534
chr16	58762872	58962872	harbor2	chr16	58786015	58786096	LTR/ERVL-MaLR	550	-	40	58786055	23183
chr16	58762872	58962872	harbor2	chr16	58786097	58787118	LTR/ERVL-MaLR	7128	-	510	58786607	23735
chr16	58762872	58962872	harbor2	chr16	58787428	58788002	LTR/ERVL-MaLR	7128	-	287	58787715	24843
chr16	58762872	58962872	harbor2	chr16	58788004	58788264	LTR/ERVL-MaLR	1686	-	130	58788134	25262
chr16	58762872	58962872	harbor2	chr16	58788567	58788653	LTR/ERVL-MaLR	1686	-	43	58788610	25738
chr16	58762872	58962872	harbor2	chr16	58797743	58798052	LTR/ERVL-MaLR	1334	-	154	58797897	35025
chr16	58762872	58962872	harbor2	chr16	58803194	58803243	LTR/ERVL-MaLR	1792	-	24	58803218	40346
chr16	58762872	58962872	harbor2	chr16	58803590	58803926	LTR/ERVL-MaLR	1792	-	168	58803758	40886
chr16	58762872	58962872	harbor2	chr16	58806448	58806812	LTR/ERVL-MaLR	2336	-	182	58806630	43758
chr16	58762872	58962872	harbor2	chr16	58811286	58811679	LTR/ERVL-MaLR	1930	-	196	58811482	48610
chr16	58762872	58962872	harbor2	chr16	58821422	58821686	LTR/ERVL-MaLR	1033	-	132	58821554	58682
chr16	58762872	58962872	harbor2	chr16	58862060	58862421	LTR/ERVL-MaLR	2132	-	180	58862240	99368
chr16	47561803	47761803	harbor2	chr16	47574537	47574860	LTR/ERVL-MaLR	952	-	162	47574699	12896
chr16	47561803	47761803	harbor2	chr16	47613941	47614363	LTR/ERVL-MaLR	2042	-	211	47614152	52349
chr16	47561803	47761803	harbor2	chr16	47637764	47638141	LTR/ERVL-MaLR	1860	-	188	47637952	76149
chr16	47497102	47697102	harbor2	chr16	47519278	47519788	LTR/ERVL-MaLR	2151	-	255	47519533	22431
chr16	47497102	47697102	harbor2	chr16	47526785	47527205	LTR/ERVL-MaLR	2652	-	210	47526995	29893
chr16	47497102	47697102	harbor2	chr16	47559363	47559869	LTR/ERVL-MaLR	1031	-	253	47559616	62514
chr16	47497102	47697102	harbor2	chr16	47574537	47574860	LTR/ERVL-MaLR	952	-	162	47574699	77597
chr16	955293	1155293	harbor2	chr16	1001395	1001787	LTR/ERVL-MaLR	883	-	196	1001591	46298
chr16	955293	1155293	harbor2	chr16	1038046	1038363	LTR/ERVL-MaLR	594	-	158	1038204	82911
chr16	2168770	2368770	harbor2	chr16	2202203	2202577	LTR/ERVL-MaLR	2460	-	187	2202390	33620
chr16	1002283	1202283	harbor2	chr16	1038046	1038363	LTR/ERVL-MaLR	594	-	158	1038204	35921
chr16	1002283	1202283	harbor2	chr16	1064813	1065197	LTR/ERVL-MaLR	717	-	192	1065005	62722
chr16	77425	277425	harbor2	chr16	95039	95269	LTR/ERVL-MaLR	781	-	115	95154	17729
chr16	30255065	30455065	harbor2	chr16	30350724	30351189	LTR/ERVL-MaLR	1782	-	232	30350956	95891
chr16	979992	1179992	harbor2	chr16	1001395	1001787	LTR/ERVL-MaLR	883	-	196	1001591	21599
chr16	979992	1179992	harbor2	chr16	1038046	1038363	LTR/ERVL-MaLR	594	-	158	1038204	58212
chr16	979992	1179992	harbor2	chr16	1064813	1065197	LTR/ERVL-MaLR	717	-	192	1065005	85013
chr16	77400	277400	harbor2	chr16	95039	95269	LTR/ERVL-MaLR	781	-	115	95154	17754
chr16	49563665	49763665	harbor2	chr16	49573367	49573739	LTR/ERVL-MaLR	1079	-	186	49573553	9888
chr16	49563665	49763665	harbor2	chr16	49584491	49584893	LTR/ERVL-MaLR	1515	-	201	49584692	21027
chr16	31042592	31242592	harbor2	chr16	31052361	31052572	LTR/ERVL-MaLR	655	-	106	31052467	9875
chr16	31042592	31242592	harbor2	chr16	31052990	31053178	LTR/ERVL-MaLR	1916	-	94	31053084	10492
chr16	31042592	31242592	harbor2	chr16	31053480	31053785	LTR/ERVL-MaLR	1916	-	152	31053632	11040
chr16	31042592	31242592	harbor2	chr16	31102478	31102680	LTR/ERVL-MaLR	728	-	101	31102579	59987
chr16	67012863	67212863	harbor2	chr16	67042541	67042731	LTR/ERVL-MaLR	697	-	95	67042636	29773
chr16	67012863	67212863	harbor2	chr16	67043036	67043233	LTR/ERVL-MaLR	697	-	98	67043134	30271
chr16	67012863	67212863	harbor2	chr16	67101734	67102119	LTR/ERVL-MaLR	1658	-	192	67101926	89063
chr16	67012863	67212863	harbor2	chr16	67102435	67102590	LTR/ERVL-MaLR	1658	-	78	67102513	89650
chr16	67012863	67212863	harbor2	chr16	67105360	67105582	LTR/ERVL-MaLR	627	-	111	67105471	92608
chr16	30599106	30799106	harbor2	chr16	30645649	30645923	LTR/ERVL-MaLR	900	-	137	30645786	46680
chr16	1	163428	harbor2	chr16	50461	50526	LTR/ERVL-MaLR	2183	-	32	50493	50492
chr16	1	163428	harbor2	chr16	50824	51130	LTR/ERVL-MaLR	2183	-	153	50977	50976
chr16	1	163428	harbor2	chr16	95039	95269	LTR/ERVL-MaLR	781	-	115	95154	95153
chr16	31202309	31402309	harbor2	chr16	31234336	31234693	LTR/ERVL-MaLR	1215	-	178	31234514	32205
chr16	31202309	31402309	harbor2	chr16	31273671	31274034	LTR/ERVL-MaLR	808	-	182	31273853	71544
chr16	31202309	31402309	harbor2	chr16	31275033	31275190	LTR/ERVL-MaLR	808	-	78	31275111	72802
chr16	1123088	1323088	harbor2	chr16	1147098	1147488	LTR/ERVL-MaLR	1702	-	195	1147293	24205
chr16	1123088	1323088	harbor2	chr16	1177597	1177934	LTR/ERVL-MaLR	887	-	168	1177765	54677
chr16	1123088	1323088	harbor2	chr16	1203556	1203927	LTR/ERVL-MaLR	599	-	186	1203742	80654
chr16	167264	367264	harbor2	chr16	202178	202444	LTR/ERVL-MaLR	1177	-	133	202311	35047
chr16	167264	367264	harbor2	chr16	237250	237704	LTR/ERVL-MaLR	864	-	227	237477	70213
chr16	2198306	2398306	harbor2	chr16	2202203	2202577	LTR/ERVL-MaLR	2460	-	187	2202390	4084
chr16	71270097	71470097	harbor2	chr16	71292135	71292451	LTR/ERVL-MaLR	2525	-	158	71292293	22196
chr16	71270097	71470097	harbor2	chr16	71292943	71292993	LTR/ERVL-MaLR	2525	-	25	71292968	22871
chr16	71270097	71470097	harbor2	chr16	71292994	71293282	LTR/ERVL-MaLR	866	-	144	71293138	23041
chr16	71270097	71470097	harbor2	chr16	71310320	71310866	LTR/ERVL-MaLR	1191	-	273	71310593	40496
chr16	71270097	71470097	harbor2	chr16	71350029	71350254	LTR/ERVL-MaLR	1692	-	112	71350141	80044
chr16	71270097	71470097	harbor2	chr16	71350555	71350709	LTR/ERVL-MaLR	1692	-	77	71350632	80535
chr16	71270097	71470097	harbor2	chr16	71353030	71353332	LTR/ERVL-MaLR	711	-	151	71353181	83084
chr16	71270097	71470097	harbor2	chr16	71302766	71303359	LTR/ERVL-MaLR	2518	-	296	71303062	32965
chr16	2137561	2337561	harbor2	chr16	2202203	2202577	LTR/ERVL-MaLR	2460	-	187	2202390	64829
chr16	57893704	58093704	harbor2	chr16	57929268	57929498	LTR/ERVL-MaLR	1147	-	115	57929383	35679
chr16	57893704	58093704	harbor2	chr16	57929502	57929857	LTR/ERVL-MaLR	1276	-	178	57929680	35976
chr16	57893704	58093704	harbor2	chr16	57988300	57988649	LTR/ERVL-MaLR	2339	-	174	57988474	94770
chr16	81549	281549	harbor2	chr16	95039	95269	LTR/ERVL-MaLR	781	-	115	95154	13605
chr16	67009860	67209860	harbor2	chr16	67042541	67042731	LTR/ERVL-MaLR	697	-	95	67042636	32776
chr16	67009860	67209860	harbor2	chr16	67043036	67043233	LTR/ERVL-MaLR	697	-	98	67043134	33274
chr16	67009860	67209860	harbor2	chr16	67101734	67102119	LTR/ERVL-MaLR	1658	-	192	67101926	92066
chr16	67009860	67209860	harbor2	chr16	67102435	67102590	LTR/ERVL-MaLR	1658	-	78	67102513	92653
chr16	67009860	67209860	harbor2	chr16	67105360	67105582	LTR/ERVL-MaLR	627	-	111	67105471	95611
chr16	77408	277408	harbor2	chr16	95039	95269	LTR/ERVL-MaLR	781	-	115	95154	17746
chr16	89596335	89796335	harbor2	chr16	89624180	89624351	LTR/ERVL-MaLR	835	-	86	89624266	27931
chr16	89596335	89796335	harbor2	chr16	89625223	89625500	LTR/ERVL-MaLR	835	-	138	89625361	29026
chr16	4524689	4724689	harbor2	chr16	4588345	4588705	LTR/ERVL-MaLR	1172	-	180	4588525	63836
chr16	824869	1024869	harbor2	chr16	838993	839413	LTR/ERVL-MaLR	843	-	210	839203	14334
chr16	30330034	30530034	harbor2	chr16	30350724	30351189	LTR/ERVL-MaLR	1782	-	232	30350956	20922
chr16	30599603	30799603	harbor2	chr16	30645649	30645923	LTR/ERVL-MaLR	900	-	137	30645786	46183
chr16	4998398	5198398	harbor2	chr16	5008962	5009314	LTR/ERVL-MaLR	1567	-	176	5009138	10740
chr16	4998398	5198398	harbor2	chr16	5009624	5009722	LTR/ERVL-MaLR	1567	-	49	5009673	11275
chr16	4998398	5198398	harbor2	chr16	5012582	5012622	LTR/ERVL-MaLR	1881	-	20	5012602	14204
chr16	4998398	5198398	harbor2	chr16	5012918	5013222	LTR/ERVL-MaLR	1881	-	152	5013070	14672
chr16	4998398	5198398	harbor2	chr16	5017284	5017601	LTR/ERVL-MaLR	806	-	158	5017442	19044
chr16	4998398	5198398	harbor2	chr16	5019867	5020210	LTR/ERVL-MaLR	1125	-	172	5020039	21641
chr16	4998398	5198398	harbor2	chr16	5021946	5022086	LTR/ERVL-MaLR	601	-	70	5022016	23618
chr16	4998398	5198398	harbor2	chr16	5067161	5067517	LTR/ERVL-MaLR	1918	-	178	5067339	68941
chr16	28503963	28703963	harbor2	chr16	28580272	28580674	LTR/ERVL-MaLR	1295	-	201	28580473	76510
chr16	28503963	28703963	harbor2	chr16	28580975	28581013	LTR/ERVL-MaLR	1295	-	19	28580994	77031
chr16	31042572	31242572	harbor2	chr16	31052361	31052572	LTR/ERVL-MaLR	655	-	106	31052467	9895
chr16	31042572	31242572	harbor2	chr16	31052990	31053178	LTR/ERVL-MaLR	1916	-	94	31053084	10512
chr16	31042572	31242572	harbor2	chr16	31053480	31053785	LTR/ERVL-MaLR	1916	-	152	31053632	11060
chr16	31042572	31242572	harbor2	chr16	31102478	31102680	LTR/ERVL-MaLR	728	-	101	31102579	60007
chr16	2375142	2575142	harbor2	chr16	2389074	2389410	LTR/ERVL-MaLR	1010	-	168	2389242	14100
chr16	2375142	2575142	harbor2	chr16	2389724	2389768	LTR/ERVL-MaLR	1010	-	22	2389746	14604
chr16	2375142	2575142	harbor2	chr16	2390520	2390672	LTR/ERVL-MaLR	1071	-	76	2390596	15454
chr16	2375142	2575142	harbor2	chr16	2390703	2390725	LTR/ERVL-MaLR	1071	-	11	2390714	15572
chr16	2375142	2575142	harbor2	chr16	2391027	2391365	LTR/ERVL-MaLR	1071	-	169	2391196	16054
chr16	2375142	2575142	harbor2	chr16	2391388	2391914	LTR/ERVL-MaLR	1015	-	263	2391651	16509
chr16	1	168283	harbor2	chr16	50461	50526	LTR/ERVL-MaLR	2183	-	32	50493	50492
chr16	1	168283	harbor2	chr16	50824	51130	LTR/ERVL-MaLR	2183	-	153	50977	50976
chr16	1	168283	harbor2	chr16	95039	95269	LTR/ERVL-MaLR	781	-	115	95154	95153
chr16	30088915	30288915	harbor2	chr16	30133600	30133838	LTR/ERVL-MaLR	2844	-	119	30133719	44804
chr16	30088915	30288915	harbor2	chr16	30134752	30134948	LTR/ERVL-MaLR	2844	-	98	30134850	45935
chr16	30088915	30288915	harbor2	chr16	30137853	30138157	LTR/ERVL-MaLR	742	-	152	30138005	49090
chr16	30088915	30288915	harbor2	chr16	30179803	30180077	LTR/ERVL-MaLR	1001	-	137	30179940	91025
chr16	30088915	30288915	harbor2	chr16	30179292	30179506	LTR/ERVL-MaLR	1001	-	107	30179399	90484
chr16	982324	1182324	harbor2	chr16	1001395	1001787	LTR/ERVL-MaLR	883	-	196	1001591	19267
chr16	982324	1182324	harbor2	chr16	1038046	1038363	LTR/ERVL-MaLR	594	-	158	1038204	55880
chr16	982324	1182324	harbor2	chr16	1064813	1065197	LTR/ERVL-MaLR	717	-	192	1065005	82681
chr16	75241699	75441699	harbor2	chr16	75286395	75286744	LTR/ERVL-MaLR	2349	-	174	75286569	44870
chr16	75241699	75441699	harbor2	chr16	75337490	75337863	LTR/ERVL-MaLR	2050	-	186	75337676	95977
chr16	793299	993299	harbor2	chr16	838993	839413	LTR/ERVL-MaLR	843	-	210	839203	45904
chr16	57927471	58127471	harbor2	chr16	57929268	57929498	LTR/ERVL-MaLR	1147	-	115	57929383	1912
chr16	57927471	58127471	harbor2	chr16	57929502	57929857	LTR/ERVL-MaLR	1276	-	178	57929680	2209
chr16	57927471	58127471	harbor2	chr16	57988300	57988649	LTR/ERVL-MaLR	2339	-	174	57988474	61003
chr16	57927471	58127471	harbor2	chr16	58018102	58018222	LTR/ERVL-MaLR	1666	-	60	58018162	90691
chr16	57927471	58127471	harbor2	chr16	58018524	58018783	LTR/ERVL-MaLR	1666	-	130	58018654	91183
chr16	29721341	29921341	harbor2	chr16	29732359	29732594	LTR/ERVL-MaLR	2631	-	118	29732477	11136
chr16	29721341	29921341	harbor2	chr16	29733192	29733393	LTR/ERVL-MaLR	2631	-	100	29733292	11951
chr16	29721341	29921341	harbor2	chr16	29736741	29737042	LTR/ERVL-MaLR	1991	-	150	29736891	15550
chr16	75397510	75597510	harbor2	chr16	75465541	75465886	LTR/ERVL-MaLR	1358	-	172	75465713	68203
chr16	75397510	75597510	harbor2	chr16	75474238	75474283	LTR/ERVL-MaLR	1385	-	22	75474260	76750
chr16	75397510	75597510	harbor2	chr16	75474575	75474805	LTR/ERVL-MaLR	1385	-	115	75474690	77180
chr16	75397510	75597510	harbor2	chr16	75475093	75475225	LTR/ERVL-MaLR	1385	-	66	75475159	77649
chr16	75397510	75597510	harbor2	chr16	75475275	75475429	LTR/ERVL-MaLR	547	-	77	75475352	77842
chr16	85589096	85789096	harbor2	chr16	85603955	85604123	LTR/ERVL-MaLR	949	-	84	85604039	14943
chr16	85589096	85789096	harbor2	chr16	85629860	85630350	LTR/ERVL-MaLR	1284	-	245	85630105	41009
chr16	85589096	85789096	harbor2	chr16	85649000	85649306	LTR/ERVL-MaLR	1127	-	153	85649153	60057
chr16	49244544	49444544	harbor2	chr16	49251240	49251557	LTR/ERVL-MaLR	970	-	158	49251398	6854
chr16	49244544	49444544	harbor2	chr16	49251672	49251874	LTR/ERVL-MaLR	628	-	101	49251773	7229
chr16	49244544	49444544	harbor2	chr16	49284713	49285026	LTR/ERVL-MaLR	567	-	156	49284869	40325
chr16	49244544	49444544	harbor2	chr16	49299171	49299592	LTR/ERVL-MaLR	833	-	210	49299381	54837
chr16	89238136	89438136	harbor2	chr16	89330604	89330844	LTR/ERVL-MaLR	531	-	120	89330724	92588
chr16	57891552	58091552	harbor2	chr16	57929268	57929498	LTR/ERVL-MaLR	1147	-	115	57929383	37831
chr16	57891552	58091552	harbor2	chr16	57929502	57929857	LTR/ERVL-MaLR	1276	-	178	57929680	38128
chr16	57891552	58091552	harbor2	chr16	57988300	57988649	LTR/ERVL-MaLR	2339	-	174	57988474	96922
chr16	2869233	3069233	harbor2	chr16	2940098	2940300	LTR/ERVL-MaLR	857	-	101	2940199	70966
chr16	2869233	3069233	harbor2	chr16	2954137	2954414	LTR/ERVL-MaLR	828	-	138	2954275	85042
chr16	67063990	67263990	harbor2	chr16	67101734	67102119	LTR/ERVL-MaLR	1658	-	192	67101926	37936
chr16	67063990	67263990	harbor2	chr16	67102435	67102590	LTR/ERVL-MaLR	1658	-	78	67102513	38523
chr16	67063990	67263990	harbor2	chr16	67105360	67105582	LTR/ERVL-MaLR	627	-	111	67105471	41481
chr16	67063990	67263990	harbor2	chr16	67134548	67134910	LTR/ERVL-MaLR	2039	-	181	67134729	70739
chr16	4163779	4363779	harbor2	chr16	4221650	4222087	LTR/ERVL-MaLR	2060	-	218	4221868	58089
chr16	1	168252	harbor2	chr16	50461	50526	LTR/ERVL-MaLR	2183	-	32	50493	50492
chr16	1	168252	harbor2	chr16	50824	51130	LTR/ERVL-MaLR	2183	-	153	50977	50976
chr16	1	168252	harbor2	chr16	95039	95269	LTR/ERVL-MaLR	781	-	115	95154	95153
chr16	89595449	89795449	harbor2	chr16	89624180	89624351	LTR/ERVL-MaLR	835	-	86	89624266	28817
chr16	89595449	89795449	harbor2	chr16	89625223	89625500	LTR/ERVL-MaLR	835	-	138	89625361	29912
chr16	54835021	55035021	harbor2	chr16	54840500	54840844	LTR/ERVL-MaLR	1007	-	172	54840672	5651
chr16	54835021	55035021	harbor2	chr16	54844612	54845139	LTR/ERVL-MaLR	2480	-	264	54844876	9855
chr16	54835021	55035021	harbor2	chr16	54848411	54848696	LTR/ERVL-MaLR	832	-	142	54848553	13532
chr16	54835021	55035021	harbor2	chr16	54871033	54871449	LTR/ERVL-MaLR	2683	-	208	54871241	36220
chr16	54835021	55035021	harbor2	chr16	54873973	54874354	LTR/ERVL-MaLR	2389	-	190	54874163	39142
chr16	54835021	55035021	harbor2	chr16	54877246	54877629	LTR/ERVL-MaLR	2437	-	192	54877438	42417
chr16	54835021	55035021	harbor2	chr16	54886657	54887157	LTR/ERVL-MaLR	2003	-	250	54886907	51886
chr16	82568055	82768055	harbor2	chr16	82593643	82594036	LTR/ERVL-MaLR	1850	-	196	82593839	25784
chr16	82568055	82768055	harbor2	chr16	82595635	82595941	LTR/ERVL-MaLR	689	-	153	82595788	27733
chr16	82568055	82768055	harbor2	chr16	82599429	82599838	LTR/ERVL-MaLR	529	-	204	82599633	31578
chr16	87750387	87950387	harbor2	chr16	87791869	87792132	LTR/ERVL-MaLR	720	-	132	87792001	41614
chr16	87750387	87950387	harbor2	chr16	87800125	87800174	LTR/ERVL-MaLR	1420	-	24	87800149	49762
chr16	87750387	87950387	harbor2	chr16	87800422	87800779	LTR/ERVL-MaLR	1420	-	178	87800600	50213
chr16	87750387	87950387	harbor2	chr16	87809357	87809767	LTR/ERVL-MaLR	826	-	205	87809562	59175
chr16	87292154	87492154	harbor2	chr16	87292124	87292641	LTR/ERVL-MaLR	1577	-	258	87292382	228
chr16	57890831	58090831	harbor2	chr16	57929268	57929498	LTR/ERVL-MaLR	1147	-	115	57929383	38552
chr16	57890831	58090831	harbor2	chr16	57929502	57929857	LTR/ERVL-MaLR	1276	-	178	57929680	38849
chr16	57890831	58090831	harbor2	chr16	57988300	57988649	LTR/ERVL-MaLR	2339	-	174	57988474	97643
chr16	70636004	70836004	harbor2	chr16	70642025	70642294	LTR/ERVL-MaLR	1328	-	134	70642159	6155
chr16	70636004	70836004	harbor2	chr16	70642596	70642761	LTR/ERVL-MaLR	1328	-	82	70642678	6674
chr16	70636004	70836004	harbor2	chr16	70648738	70649060	LTR/ERVL-MaLR	1044	-	161	70648899	12895
chr16	70636004	70836004	harbor2	chr16	70658777	70659006	LTR/ERVL-MaLR	644	-	114	70658891	22887
chr16	2912065	3112065	harbor2	chr16	2940098	2940300	LTR/ERVL-MaLR	857	-	101	2940199	28134
chr16	2912065	3112065	harbor2	chr16	2954137	2954414	LTR/ERVL-MaLR	828	-	138	2954275	42210
chr16	2912065	3112065	harbor2	chr16	3006535	3006942	LTR/ERVL-MaLR	925	-	204	3006739	94674
chr16	1688894	1888894	harbor2	chr16	1747373	1747675	LTR/ERVL-MaLR	1130	-	151	1747524	58630
chr17	79711320	79911320	harbor2	chr17	79728637	79728876	LTR/ERVL-MaLR	644	-	120	79728757	17437
chr17	79711320	79911320	harbor2	chr17	79732413	79732848	LTR/ERVL-MaLR	1160	-	218	79732631	21311
chr17	79711320	79911320	harbor2	chr17	79754692	79754907	LTR/ERVL-MaLR	1371	-	108	79754800	43480
chr17	79711320	79911320	harbor2	chr17	79755499	79755649	LTR/ERVL-MaLR	1371	-	75	79755574	44254
chr17	79711320	79911320	harbor2	chr17	79767800	79768147	LTR/ERVL-MaLR	2482	-	174	79767974	56654
chr17	80934879	81134879	harbor2	chr17	80986013	80986331	LTR/ERVL-MaLR	1018	-	159	80986172	51293
chr17	80934879	81134879	harbor2	chr17	81002433	81002720	LTR/ERVL-MaLR	614	-	144	81002577	67698
chr17	28783714	28983714	harbor2	chr17	28876381	28876709	LTR/ERVL-MaLR	1106	-	164	28876545	92831
chr17	81195111	81395111	harbor2	chr17	81242743	81243032	LTR/ERVL-MaLR	970	-	144	81242887	47776
chr17	79819279	80019279	harbor2	chr17	79883170	79883558	LTR/ERVL-MaLR	2096	-	194	79883364	64085
chr17	79819279	80019279	harbor2	chr17	79899022	79899386	LTR/ERVL-MaLR	2348	-	182	79899204	79925
chr17	79819279	80019279	harbor2	chr17	79901495	79901933	LTR/ERVL-MaLR	1500	-	219	79901714	82435
chr17	79819279	80019279	harbor2	chr17	79905132	79905663	LTR/ERVL-MaLR	1853	-	266	79905398	86119
chr17	79819279	80019279	harbor2	chr17	79912046	79912456	LTR/ERVL-MaLR	1149	-	205	79912251	92972
chr17	76675676	76875676	harbor2	chr17	76730619	76730686	LTR/ERVL-MaLR	1290	-	34	76730653	54977
chr17	76675676	76875676	harbor2	chr17	76731290	76731559	LTR/ERVL-MaLR	1290	-	134	76731424	55748
chr17	76675676	76875676	harbor2	chr17	76769197	76769563	LTR/ERVL-MaLR	1800	-	183	76769380	93704
chr17	79703307	79903307	harbor2	chr17	79704608	79704995	LTR/ERVL-MaLR	2259	-	194	79704802	1495
chr17	79703307	79903307	harbor2	chr17	79728637	79728876	LTR/ERVL-MaLR	644	-	120	79728757	25450
chr17	79703307	79903307	harbor2	chr17	79732413	79732848	LTR/ERVL-MaLR	1160	-	218	79732631	29324
chr17	79703307	79903307	harbor2	chr17	79754692	79754907	LTR/ERVL-MaLR	1371	-	108	79754800	51493
chr17	79703307	79903307	harbor2	chr17	79755499	79755649	LTR/ERVL-MaLR	1371	-	75	79755574	52267
chr17	79703307	79903307	harbor2	chr17	79767800	79768147	LTR/ERVL-MaLR	2482	-	174	79767974	64667
chr17	55168160	55368160	harbor2	chr17	55173718	55174242	LTR/ERVL-MaLR	1117	-	262	55173980	5820
chr17	55168160	55368160	harbor2	chr17	55218581	55219000	LTR/ERVL-MaLR	2137	-	210	55218791	50631
chr17	55168160	55368160	harbor2	chr17	55241858	55242246	LTR/ERVL-MaLR	2426	-	194	55242052	73892
chr17	80944204	81144204	harbor2	chr17	80986013	80986331	LTR/ERVL-MaLR	1018	-	159	80986172	41968
chr17	80944204	81144204	harbor2	chr17	81002433	81002720	LTR/ERVL-MaLR	614	-	144	81002577	58373
chr17	80934893	81134893	harbor2	chr17	80986013	80986331	LTR/ERVL-MaLR	1018	-	159	80986172	51279
chr17	80934893	81134893	harbor2	chr17	81002433	81002720	LTR/ERVL-MaLR	614	-	144	81002577	67684
chr17	50101075	50301075	harbor2	chr17	50158290	50158808	LTR/ERVL-MaLR	835	-	259	50158549	57474
chr17	38927260	39127260	harbor2	chr17	38978175	38978420	LTR/ERVL-MaLR	1358	-	122	38978297	51037
chr17	48647453	48847453	harbor2	chr17	48675520	48675891	LTR/ERVL-MaLR	2445	-	186	48675706	28253
chr17	48647453	48847453	harbor2	chr17	48682227	48682560	LTR/ERVL-MaLR	1425	-	166	48682393	34940
chr17	48647453	48847453	harbor2	chr17	48682834	48682881	LTR/ERVL-MaLR	1425	-	24	48682858	35405
chr17	48647453	48847453	harbor2	chr17	48683106	48683209	LTR/ERVL-MaLR	1425	-	52	48683158	35705
chr17	48647453	48847453	harbor2	chr17	48694643	48695060	LTR/ERVL-MaLR	1551	-	208	48694851	47398
chr17	81242715	81442715	harbor2	chr17	81242743	81243032	LTR/ERVL-MaLR	970	-	144	81242887	172
chr17	81242715	81442715	harbor2	chr17	81299430	81299954	LTR/ERVL-MaLR	813	-	262	81299692	56977
chr17	81242715	81442715	harbor2	chr17	81324911	81325247	LTR/ERVL-MaLR	633	-	168	81325079	82364
chr17	80934865	81134865	harbor2	chr17	80986013	80986331	LTR/ERVL-MaLR	1018	-	159	80986172	51307
chr17	80934865	81134865	harbor2	chr17	81002433	81002720	LTR/ERVL-MaLR	614	-	144	81002577	67712
chr17	76638002	76838002	harbor2	chr17	76657052	76657229	LTR/ERVL-MaLR	778	-	88	76657140	19138
chr17	76638002	76838002	harbor2	chr17	76730619	76730686	LTR/ERVL-MaLR	1290	-	34	76730653	92651
chr17	76638002	76838002	harbor2	chr17	76731290	76731559	LTR/ERVL-MaLR	1290	-	134	76731424	93422
chr17	29489604	29689604	harbor2	chr17	29490683	29491046	LTR/ERVL-MaLR	1598	-	182	29490865	1261
chr17	7743384	7943384	harbor2	chr17	7757666	7758026	LTR/ERVL-MaLR	2300	-	180	7757846	14462
chr17	7743384	7943384	harbor2	chr17	7811478	7811823	LTR/ERVL-MaLR	1574	-	172	7811650	68266
chr17	76637950	76837950	harbor2	chr17	76657052	76657229	LTR/ERVL-MaLR	778	-	88	76657140	19190
chr17	76637950	76837950	harbor2	chr17	76730619	76730686	LTR/ERVL-MaLR	1290	-	34	76730653	92703
chr17	76637950	76837950	harbor2	chr17	76731290	76731559	LTR/ERVL-MaLR	1290	-	134	76731424	93474
chr17	76638185	76838185	harbor2	chr17	76657052	76657229	LTR/ERVL-MaLR	778	-	88	76657140	18955
chr17	76638185	76838185	harbor2	chr17	76730619	76730686	LTR/ERVL-MaLR	1290	-	34	76730653	92468
chr17	76638185	76838185	harbor2	chr17	76731290	76731559	LTR/ERVL-MaLR	1290	-	134	76731424	93239
chr17	79703253	79903253	harbor2	chr17	79704608	79704995	LTR/ERVL-MaLR	2259	-	194	79704802	1549
chr17	79703253	79903253	harbor2	chr17	79728637	79728876	LTR/ERVL-MaLR	644	-	120	79728757	25504
chr17	79703253	79903253	harbor2	chr17	79732413	79732848	LTR/ERVL-MaLR	1160	-	218	79732631	29378
chr17	79703253	79903253	harbor2	chr17	79754692	79754907	LTR/ERVL-MaLR	1371	-	108	79754800	51547
chr17	79703253	79903253	harbor2	chr17	79755499	79755649	LTR/ERVL-MaLR	1371	-	75	79755574	52321
chr17	79703253	79903253	harbor2	chr17	79767800	79768147	LTR/ERVL-MaLR	2482	-	174	79767974	64721
chr17	43301647	43501647	harbor2	chr17	43318085	43318441	LTR/ERVL-MaLR	2716	-	178	43318263	16616
chr17	43301647	43501647	harbor2	chr17	43318450	43318618	LTR/ERVL-MaLR	7985	-	84	43318534	16887
chr17	43301647	43501647	harbor2	chr17	43318921	43319056	LTR/ERVL-MaLR	7985	-	68	43318989	17342
chr17	43301647	43501647	harbor2	chr17	43319366	43320150	LTR/ERVL-MaLR	7985	-	392	43319758	18111
chr17	43301647	43501647	harbor2	chr17	43320455	43320519	LTR/ERVL-MaLR	7985	-	32	43320487	18840
chr17	43301647	43501647	harbor2	chr17	43320813	43320837	LTR/ERVL-MaLR	7985	-	12	43320825	19178
chr17	43301647	43501647	harbor2	chr17	43321456	43321517	LTR/ERVL-MaLR	7985	-	30	43321486	19839
chr17	18145927	18345927	harbor2	chr17	18160240	18160731	LTR/ERVL-MaLR	1271	-	246	18160486	14559
chr17	18145927	18345927	harbor2	chr17	18165217	18165720	LTR/ERVL-MaLR	2836	-	252	18165469	19542
chr17	18145927	18345927	harbor2	chr17	18172550	18172925	LTR/ERVL-MaLR	1936	-	188	18172738	26811
chr17	18145927	18345927	harbor2	chr17	18176154	18176521	LTR/ERVL-MaLR	2371	-	184	18176338	30411
chr17	18145927	18345927	harbor2	chr17	18176835	18176889	LTR/ERVL-MaLR	2371	-	27	18176862	30935
chr17	79737447	79937447	harbor2	chr17	79754692	79754907	LTR/ERVL-MaLR	1371	-	108	79754800	17353
chr17	79737447	79937447	harbor2	chr17	79755499	79755649	LTR/ERVL-MaLR	1371	-	75	79755574	18127
chr17	79737447	79937447	harbor2	chr17	79767800	79768147	LTR/ERVL-MaLR	2482	-	174	79767974	30527
chr17	61309670	61509670	harbor2	chr17	61328373	61328486	LTR/ERVL-MaLR	1281	-	56	61328429	18759
chr17	61309670	61509670	harbor2	chr17	61328791	61328890	LTR/ERVL-MaLR	1281	-	50	61328841	19171
chr17	61309670	61509670	harbor2	chr17	61329177	61329324	LTR/ERVL-MaLR	1281	-	74	61329251	19581
chr17	61309670	61509670	harbor2	chr17	61360399	61360762	LTR/ERVL-MaLR	907	-	182	61360581	50911
chr17	76638046	76838046	harbor2	chr17	76657052	76657229	LTR/ERVL-MaLR	778	-	88	76657140	19094
chr17	76638046	76838046	harbor2	chr17	76730619	76730686	LTR/ERVL-MaLR	1290	-	34	76730653	92607
chr17	76638046	76838046	harbor2	chr17	76731290	76731559	LTR/ERVL-MaLR	1290	-	134	76731424	93378
chr17	76956448	77156448	harbor2	chr17	76959960	76960247	LTR/ERVL-MaLR	1363	-	144	76960104	3656
chr17	76956448	77156448	harbor2	chr17	76976734	76977128	LTR/ERVL-MaLR	1430	-	197	76976931	20483
chr17	76956448	77156448	harbor2	chr17	76977214	76977617	LTR/ERVL-MaLR	2346	-	202	76977416	20968
chr17	76956448	77156448	harbor2	chr17	76990381	76990562	LTR/ERVL-MaLR	767	-	90	76990471	34023
chr17	76956448	77156448	harbor2	chr17	77019636	77019703	LTR/ERVL-MaLR	1129	-	34	77019670	63222
chr17	76956448	77156448	harbor2	chr17	77019998	77020147	LTR/ERVL-MaLR	1129	-	74	77020072	63624
chr17	76956448	77156448	harbor2	chr17	77025270	77025646	LTR/ERVL-MaLR	2375	-	188	77025458	69010
chr17	76956448	77156448	harbor2	chr17	77043710	77044109	LTR/ERVL-MaLR	2121	-	200	77043910	87462
chr17	79819290	80019290	harbor2	chr17	79883170	79883558	LTR/ERVL-MaLR	2096	-	194	79883364	64074
chr17	79819290	80019290	harbor2	chr17	79899022	79899386	LTR/ERVL-MaLR	2348	-	182	79899204	79914
chr17	79819290	80019290	harbor2	chr17	79901495	79901933	LTR/ERVL-MaLR	1500	-	219	79901714	82424
chr17	79819290	80019290	harbor2	chr17	79905132	79905663	LTR/ERVL-MaLR	1853	-	266	79905398	86108
chr17	79819290	80019290	harbor2	chr17	79912046	79912456	LTR/ERVL-MaLR	1149	-	205	79912251	92961
chr17	7815789	8015789	harbor2	chr17	7865398	7865751	LTR/ERVL-MaLR	630	-	176	7865574	49785
chr17	45808505	46008505	harbor2	chr17	45860377	45860814	LTR/ERVL-MaLR	952	-	218	45860595	52090
chr17	45808505	46008505	harbor2	chr17	45880341	45880713	LTR/ERVL-MaLR	913	-	186	45880527	72022
chr17	45808505	46008505	harbor2	chr17	45881032	45881239	LTR/ERVL-MaLR	913	-	104	45881136	72631
chr17	45808505	46008505	harbor2	chr17	45888432	45888790	LTR/ERVL-MaLR	2571	-	179	45888611	80106
chr17	81092155	81292155	harbor2	chr17	81161287	81161516	LTR/ERVL-MaLR	724	-	114	81161401	69246
chr17	81092155	81292155	harbor2	chr17	81170361	81170546	LTR/ERVL-MaLR	677	-	92	81170453	78298
chr17	2840141	3040141	harbor2	chr17	2867222	2867777	LTR/ERVL-MaLR	1588	-	278	2867500	27359
chr17	2840141	3040141	harbor2	chr17	2868845	2869202	LTR/ERVL-MaLR	1823	-	178	2869023	28882
chr17	2840141	3040141	harbor2	chr17	2870691	2870943	LTR/ERVL-MaLR	747	-	126	2870817	30676
chr17	2840141	3040141	harbor2	chr17	2871256	2871572	LTR/ERVL-MaLR	747	-	158	2871414	31273
chr17	2840141	3040141	harbor2	chr17	2892341	2892848	LTR/ERVL-MaLR	930	-	254	2892595	52454
chr17	2840141	3040141	harbor2	chr17	2901938	2902194	LTR/ERVL-MaLR	959	-	128	2902066	61925
chr17	2840141	3040141	harbor2	chr17	2906849	2907353	LTR/ERVL-MaLR	1646	-	252	2907101	66960
chr17	2840141	3040141	harbor2	chr17	2918083	2918153	LTR/ERVL-MaLR	2685	-	35	2918118	77977
chr17	2840141	3040141	harbor2	chr17	2918458	2918817	LTR/ERVL-MaLR	2685	-	180	2918638	78497
chr17	2840141	3040141	harbor2	chr17	2921755	2922020	LTR/ERVL-MaLR	640	-	132	2921887	81746
chr17	2840141	3040141	harbor2	chr17	2922021	2922369	LTR/ERVL-MaLR	1382	-	174	2922195	82054
chr17	2840141	3040141	harbor2	chr17	2922370	2922448	LTR/ERVL-MaLR	640	-	39	2922409	82268
chr17	2840141	3040141	harbor2	chr17	2925298	2925591	LTR/ERVL-MaLR	1577	-	146	2925444	85303
chr17	2840141	3040141	harbor2	chr17	2926587	2926722	LTR/ERVL-MaLR	1825	-	68	2926655	86514
chr17	2840141	3040141	harbor2	chr17	2927030	2927159	LTR/ERVL-MaLR	1825	-	64	2927094	86953
chr17	2840141	3040141	harbor2	chr17	2927452	2927706	LTR/ERVL-MaLR	1825	-	127	2927579	87438
chr17	73833382	74033382	harbor2	chr17	73873146	73873651	LTR/ERVL-MaLR	2199	-	252	73873398	40016
chr17	73833382	74033382	harbor2	chr17	73874015	73874050	LTR/ERVL-MaLR	2199	-	18	73874033	40651
chr17	73833382	74033382	harbor2	chr17	73880316	73880614	LTR/ERVL-MaLR	1804	-	149	73880465	47083
chr17	73833382	74033382	harbor2	chr17	73880915	73881078	LTR/ERVL-MaLR	1804	-	82	73880997	47615
chr17	73833382	74033382	harbor2	chr17	73891884	73892272	LTR/ERVL-MaLR	739	-	194	73892078	58696
chr17	78927928	79127928	harbor2	chr17	79006187	79006505	LTR/ERVL-MaLR	945	-	159	79006346	78418
chr17	78927928	79127928	harbor2	chr17	79016878	79017283	LTR/ERVL-MaLR	2534	-	202	79017080	89152
chr17	80971717	81171717	harbor2	chr17	81044415	81044609	LTR/ERVL-MaLR	701	-	97	81044512	72795
chr17	80971717	81171717	harbor2	chr17	80986013	80986331	LTR/ERVL-MaLR	1018	-	159	80986172	14455
chr17	80971717	81171717	harbor2	chr17	81002433	81002720	LTR/ERVL-MaLR	614	-	144	81002577	30860
chr17	7757884	7957884	harbor2	chr17	7757666	7758026	LTR/ERVL-MaLR	2300	-	180	7757846	38
chr17	7757884	7957884	harbor2	chr17	7811478	7811823	LTR/ERVL-MaLR	1574	-	172	7811650	53766
chr17	79738856	79938856	harbor2	chr17	79754692	79754907	LTR/ERVL-MaLR	1371	-	108	79754800	15944
chr17	79738856	79938856	harbor2	chr17	79755499	79755649	LTR/ERVL-MaLR	1371	-	75	79755574	16718
chr17	79738856	79938856	harbor2	chr17	79767800	79768147	LTR/ERVL-MaLR	2482	-	174	79767974	29118
chr17	80996020	81196020	harbor2	chr17	81044415	81044609	LTR/ERVL-MaLR	701	-	97	81044512	48492
chr17	80996020	81196020	harbor2	chr17	81002433	81002720	LTR/ERVL-MaLR	614	-	144	81002577	6557
chr17	67625399	67825399	harbor2	chr17	67655039	67655276	LTR/ERVL-MaLR	1772	-	118	67655157	29758
chr17	67625399	67825399	harbor2	chr17	67655583	67655651	LTR/ERVL-MaLR	1772	-	34	67655617	30218
chr17	67625399	67825399	harbor2	chr17	67656216	67656583	LTR/ERVL-MaLR	805	-	184	67656400	31001
chr17	67625399	67825399	harbor2	chr17	67704404	67704764	LTR/ERVL-MaLR	2810	-	180	67704584	79185
chr17	67625399	67825399	harbor2	chr17	67704935	67705323	LTR/ERVL-MaLR	2192	-	194	67705129	79730
chr17	67625399	67825399	harbor2	chr17	67705621	67705662	LTR/ERVL-MaLR	2192	-	20	67705641	80242
chr17	80992629	81192629	harbor2	chr17	81044415	81044609	LTR/ERVL-MaLR	701	-	97	81044512	51883
chr17	80992629	81192629	harbor2	chr17	81002433	81002720	LTR/ERVL-MaLR	614	-	144	81002577	9948
chr17	79697239	79897239	harbor2	chr17	79704608	79704995	LTR/ERVL-MaLR	2259	-	194	79704802	7563
chr17	79697239	79897239	harbor2	chr17	79728637	79728876	LTR/ERVL-MaLR	644	-	120	79728757	31518
chr17	79697239	79897239	harbor2	chr17	79732413	79732848	LTR/ERVL-MaLR	1160	-	218	79732631	35392
chr17	79697239	79897239	harbor2	chr17	79754692	79754907	LTR/ERVL-MaLR	1371	-	108	79754800	57561
chr17	79697239	79897239	harbor2	chr17	79755499	79755649	LTR/ERVL-MaLR	1371	-	75	79755574	58335
chr17	79697239	79897239	harbor2	chr17	79767800	79768147	LTR/ERVL-MaLR	2482	-	174	79767974	70735
chr17	80994820	81194820	harbor2	chr17	81044415	81044609	LTR/ERVL-MaLR	701	-	97	81044512	49692
chr17	80994820	81194820	harbor2	chr17	81002433	81002720	LTR/ERVL-MaLR	614	-	144	81002577	7757
chr17	2881816	3081816	harbor2	chr17	2892341	2892848	LTR/ERVL-MaLR	930	-	254	2892595	10779
chr17	2881816	3081816	harbor2	chr17	2901938	2902194	LTR/ERVL-MaLR	959	-	128	2902066	20250
chr17	2881816	3081816	harbor2	chr17	2906849	2907353	LTR/ERVL-MaLR	1646	-	252	2907101	25285
chr17	2881816	3081816	harbor2	chr17	2918083	2918153	LTR/ERVL-MaLR	2685	-	35	2918118	36302
chr17	2881816	3081816	harbor2	chr17	2918458	2918817	LTR/ERVL-MaLR	2685	-	180	2918638	36822
chr17	2881816	3081816	harbor2	chr17	2921755	2922020	LTR/ERVL-MaLR	640	-	132	2921887	40071
chr17	2881816	3081816	harbor2	chr17	2922021	2922369	LTR/ERVL-MaLR	1382	-	174	2922195	40379
chr17	2881816	3081816	harbor2	chr17	2922370	2922448	LTR/ERVL-MaLR	640	-	39	2922409	40593
chr17	2881816	3081816	harbor2	chr17	2925298	2925591	LTR/ERVL-MaLR	1577	-	146	2925444	43628
chr17	2881816	3081816	harbor2	chr17	2926587	2926722	LTR/ERVL-MaLR	1825	-	68	2926655	44839
chr17	2881816	3081816	harbor2	chr17	2927030	2927159	LTR/ERVL-MaLR	1825	-	64	2927094	45278
chr17	2881816	3081816	harbor2	chr17	2927452	2927706	LTR/ERVL-MaLR	1825	-	127	2927579	45763
chr17	82598301	82798301	harbor2	chr17	82655121	82655308	LTR/ERVL-MaLR	689	-	94	82655215	56914
chr17	82598301	82798301	harbor2	chr17	82675513	82675842	LTR/ERVL-MaLR	1382	-	164	82675677	77376
chr17	79826880	80026880	harbor2	chr17	79883170	79883558	LTR/ERVL-MaLR	2096	-	194	79883364	56484
chr17	79826880	80026880	harbor2	chr17	79899022	79899386	LTR/ERVL-MaLR	2348	-	182	79899204	72324
chr17	79826880	80026880	harbor2	chr17	79901495	79901933	LTR/ERVL-MaLR	1500	-	219	79901714	74834
chr17	79826880	80026880	harbor2	chr17	79905132	79905663	LTR/ERVL-MaLR	1853	-	266	79905398	78518
chr17	79826880	80026880	harbor2	chr17	79912046	79912456	LTR/ERVL-MaLR	1149	-	205	79912251	85371
chr17	73131478	73331478	harbor2	chr17	73135801	73136119	LTR/ERVL-MaLR	980	-	159	73135960	4482
chr17	73131478	73331478	harbor2	chr17	73136432	73136667	LTR/ERVL-MaLR	980	-	118	73136550	5072
chr17	73131478	73331478	harbor2	chr17	73144248	73144612	LTR/ERVL-MaLR	2818	-	182	73144430	12952
chr17	73131478	73331478	harbor2	chr17	73145412	73145709	LTR/ERVL-MaLR	1528	-	148	73145560	14082
chr17	73131478	73331478	harbor2	chr17	73146228	73146252	LTR/ERVL-MaLR	1528	-	12	73146240	14762
chr17	73131478	73331478	harbor2	chr17	73146577	73146670	LTR/ERVL-MaLR	1528	-	46	73146623	15145
chr17	73131478	73331478	harbor2	chr17	73150501	73150654	LTR/ERVL-MaLR	984	-	76	73150577	19099
chr17	73131478	73331478	harbor2	chr17	73150655	73151016	LTR/ERVL-MaLR	2500	-	180	73150835	19357
chr17	73131478	73331478	harbor2	chr17	73151017	73151441	LTR/ERVL-MaLR	984	-	212	73151229	19751
chr17	73131478	73331478	harbor2	chr17	73195965	73196133	LTR/ERVL-MaLR	799	-	84	73196049	64571
chr17	50409150	50609150	harbor2	chr17	50454425	50454766	LTR/ERVL-MaLR	837	-	170	50454595	45445
chr17	50409150	50609150	harbor2	chr17	50492890	50493253	LTR/ERVL-MaLR	895	-	182	50493072	83922
chr17	50409150	50609150	harbor2	chr17	50493552	50493731	LTR/ERVL-MaLR	895	-	90	50493642	84492
chr17	50409150	50609150	harbor2	chr17	50501855	50502300	LTR/ERVL-MaLR	2391	-	222	50502077	92927
chr17	76637928	76837928	harbor2	chr17	76657052	76657229	LTR/ERVL-MaLR	778	-	88	76657140	19212
chr17	76637928	76837928	harbor2	chr17	76730619	76730686	LTR/ERVL-MaLR	1290	-	34	76730653	92725
chr17	76637928	76837928	harbor2	chr17	76731290	76731559	LTR/ERVL-MaLR	1290	-	134	76731424	93496
chr17	17395750	17595750	harbor2	chr17	17395898	17396000	LTR/ERVL-MaLR	1250	-	51	17395949	199
chr17	17395750	17595750	harbor2	chr17	17452039	17452274	LTR/ERVL-MaLR	789	-	118	17452157	56407
chr17	17395750	17595750	harbor2	chr17	17462503	17462875	LTR/ERVL-MaLR	934	-	186	17462689	66939
chr17	17395750	17595750	harbor2	chr17	17468176	17468543	LTR/ERVL-MaLR	2207	-	184	17468360	72610
chr17	17395750	17595750	harbor2	chr17	17469484	17469635	LTR/ERVL-MaLR	1940	-	76	17469560	73810
chr17	17395750	17595750	harbor2	chr17	17469930	17470175	LTR/ERVL-MaLR	1940	-	122	17470052	74302
chr17	17395750	17595750	harbor2	chr17	17415940	17416404	LTR/ERVL-MaLR	1294	-	232	17416172	20422
chr17	30611433	30811433	harbor2	chr17	30644597	30645059	LTR/ERVL-MaLR	1038	-	231	30644828	33395
chr17	30611433	30811433	harbor2	chr17	30651115	30651590	LTR/ERVL-MaLR	1209	-	238	30651353	39920
chr17	30611433	30811433	harbor2	chr17	30660730	30660796	LTR/ERVL-MaLR	2254	-	33	30660763	49330
chr17	30611433	30811433	harbor2	chr17	30661110	30661326	LTR/ERVL-MaLR	2254	-	108	30661218	49785
chr17	30611433	30811433	harbor2	chr17	30661633	30661809	LTR/ERVL-MaLR	2254	-	88	30661721	50288
chr17	30611433	30811433	harbor2	chr17	30676884	30677102	LTR/ERVL-MaLR	1521	-	109	30676993	65560
chr17	30611433	30811433	harbor2	chr17	30677389	30677569	LTR/ERVL-MaLR	1521	-	90	30677479	66046
chr17	30611433	30811433	harbor2	chr17	30677956	30678303	LTR/ERVL-MaLR	1535	-	174	30678130	66697
chr17	30611433	30811433	harbor2	chr17	30679239	30679360	LTR/ERVL-MaLR	1535	-	60	30679299	67866
chr17	30611433	30811433	harbor2	chr17	30682966	30683198	LTR/ERVL-MaLR	1106	-	116	30683082	71649
chr17	30611433	30811433	harbor2	chr17	30683504	30683533	LTR/ERVL-MaLR	1106	-	14	30683518	72085
chr17	30611433	30811433	harbor2	chr17	30683840	30684013	LTR/ERVL-MaLR	1106	-	86	30683926	72493
chr17	30611433	30811433	harbor2	chr17	30689508	30689875	LTR/ERVL-MaLR	641	-	184	30689692	78259
chr17	81066128	81266128	harbor2	chr17	81161287	81161516	LTR/ERVL-MaLR	724	-	114	81161401	95273
chr17	40000485	40200485	harbor2	chr17	40007859	40008177	LTR/ERVL-MaLR	1091	-	159	40008018	7533
chr17	79735068	79935068	harbor2	chr17	79754692	79754907	LTR/ERVL-MaLR	1371	-	108	79754800	19732
chr17	79735068	79935068	harbor2	chr17	79755499	79755649	LTR/ERVL-MaLR	1371	-	75	79755574	20506
chr17	79735068	79935068	harbor2	chr17	79767800	79768147	LTR/ERVL-MaLR	2482	-	174	79767974	32906
chr17	7947124	8147124	harbor2	chr17	7994217	7994547	LTR/ERVL-MaLR	763	-	165	7994382	47258
chr17	79692259	79892259	harbor2	chr17	79704608	79704995	LTR/ERVL-MaLR	2259	-	194	79704802	12543
chr17	79692259	79892259	harbor2	chr17	79728637	79728876	LTR/ERVL-MaLR	644	-	120	79728757	36498
chr17	79692259	79892259	harbor2	chr17	79732413	79732848	LTR/ERVL-MaLR	1160	-	218	79732631	40372
chr17	79692259	79892259	harbor2	chr17	79754692	79754907	LTR/ERVL-MaLR	1371	-	108	79754800	62541
chr17	79692259	79892259	harbor2	chr17	79755499	79755649	LTR/ERVL-MaLR	1371	-	75	79755574	63315
chr17	79692259	79892259	harbor2	chr17	79767800	79768147	LTR/ERVL-MaLR	2482	-	174	79767974	75715
chr17	80934867	81134867	harbor2	chr17	80986013	80986331	LTR/ERVL-MaLR	1018	-	159	80986172	51305
chr17	80934867	81134867	harbor2	chr17	81002433	81002720	LTR/ERVL-MaLR	614	-	144	81002577	67710
chr17	76953100	77153100	harbor2	chr17	76953973	76954499	LTR/ERVL-MaLR	2568	-	263	76954236	1136
chr17	76953100	77153100	harbor2	chr17	76959960	76960247	LTR/ERVL-MaLR	1363	-	144	76960104	7004
chr17	76953100	77153100	harbor2	chr17	76976734	76977128	LTR/ERVL-MaLR	1430	-	197	76976931	23831
chr17	76953100	77153100	harbor2	chr17	76977214	76977617	LTR/ERVL-MaLR	2346	-	202	76977416	24316
chr17	76953100	77153100	harbor2	chr17	76990381	76990562	LTR/ERVL-MaLR	767	-	90	76990471	37371
chr17	76953100	77153100	harbor2	chr17	77019636	77019703	LTR/ERVL-MaLR	1129	-	34	77019670	66570
chr17	76953100	77153100	harbor2	chr17	77019998	77020147	LTR/ERVL-MaLR	1129	-	74	77020072	66972
chr17	76953100	77153100	harbor2	chr17	77025270	77025646	LTR/ERVL-MaLR	2375	-	188	77025458	72358
chr17	76953100	77153100	harbor2	chr17	77043710	77044109	LTR/ERVL-MaLR	2121	-	200	77043910	90810
chr17	30610131	30810131	harbor2	chr17	30644597	30645059	LTR/ERVL-MaLR	1038	-	231	30644828	34697
chr17	30610131	30810131	harbor2	chr17	30651115	30651590	LTR/ERVL-MaLR	1209	-	238	30651353	41222
chr17	30610131	30810131	harbor2	chr17	30660730	30660796	LTR/ERVL-MaLR	2254	-	33	30660763	50632
chr17	30610131	30810131	harbor2	chr17	30661110	30661326	LTR/ERVL-MaLR	2254	-	108	30661218	51087
chr17	30610131	30810131	harbor2	chr17	30661633	30661809	LTR/ERVL-MaLR	2254	-	88	30661721	51590
chr17	30610131	30810131	harbor2	chr17	30676884	30677102	LTR/ERVL-MaLR	1521	-	109	30676993	66862
chr17	30610131	30810131	harbor2	chr17	30677389	30677569	LTR/ERVL-MaLR	1521	-	90	30677479	67348
chr17	30610131	30810131	harbor2	chr17	30677956	30678303	LTR/ERVL-MaLR	1535	-	174	30678130	67999
chr17	30610131	30810131	harbor2	chr17	30679239	30679360	LTR/ERVL-MaLR	1535	-	60	30679299	69168
chr17	30610131	30810131	harbor2	chr17	30682966	30683198	LTR/ERVL-MaLR	1106	-	116	30683082	72951
chr17	30610131	30810131	harbor2	chr17	30683504	30683533	LTR/ERVL-MaLR	1106	-	14	30683518	73387
chr17	30610131	30810131	harbor2	chr17	30683840	30684013	LTR/ERVL-MaLR	1106	-	86	30683926	73795
chr17	30610131	30810131	harbor2	chr17	30689508	30689875	LTR/ERVL-MaLR	641	-	184	30689692	79561
chr17	80935166	81135166	harbor2	chr17	80986013	80986331	LTR/ERVL-MaLR	1018	-	159	80986172	51006
chr17	80935166	81135166	harbor2	chr17	81002433	81002720	LTR/ERVL-MaLR	614	-	144	81002577	67411
chr17	82200980	82400980	harbor2	chr17	82275686	82275749	LTR/ERVL-MaLR	1338	-	32	82275718	74738
chr17	82200980	82400980	harbor2	chr17	82276481	82276638	LTR/ERVL-MaLR	1338	-	78	82276559	75579
chr17	82200980	82400980	harbor2	chr17	82276932	82277109	LTR/ERVL-MaLR	1338	-	88	82277020	76040
chr17	34602208	34802208	harbor2	chr17	34621171	34621543	LTR/ERVL-MaLR	2334	-	186	34621357	19149
chr17	34602208	34802208	harbor2	chr17	34634187	34634464	LTR/ERVL-MaLR	1491	-	138	34634325	32117
chr17	34602208	34802208	harbor2	chr17	34665011	34665430	LTR/ERVL-MaLR	2078	-	210	34665221	63013
chr17	34602208	34802208	harbor2	chr17	34683778	34684139	LTR/ERVL-MaLR	2203	-	180	34683958	81750
chr17	75293828	75493828	harbor2	chr17	75303123	75303329	LTR/ERVL-MaLR	1141	-	103	75303226	9398
chr17	80992727	81192727	harbor2	chr17	81044415	81044609	LTR/ERVL-MaLR	701	-	97	81044512	51785
chr17	80992727	81192727	harbor2	chr17	81002433	81002720	LTR/ERVL-MaLR	614	-	144	81002577	9850
chr17	78477331	78677331	harbor2	chr17	78545324	78545691	LTR/ERVL-MaLR	1456	-	184	78545508	68177
chr17	13555165	13755165	harbor2	chr17	13576132	13576655	LTR/ERVL-MaLR	1583	-	262	13576394	21229
chr17	13555165	13755165	harbor2	chr17	13576896	13577259	LTR/ERVL-MaLR	2707	-	182	13577078	21913
chr17	13555165	13755165	harbor2	chr17	13615418	13615866	LTR/ERVL-MaLR	1528	-	224	13615642	60477
chr17	13555165	13755165	harbor2	chr17	13623530	13623754	LTR/ERVL-MaLR	971	-	112	13623642	68477
chr17	13555165	13755165	harbor2	chr17	13624008	13624144	LTR/ERVL-MaLR	739	-	68	13624076	68911
chr17	13555165	13755165	harbor2	chr17	13648767	13649035	LTR/ERVL-MaLR	1382	-	134	13648901	93736
chr17	13555165	13755165	harbor2	chr17	13649336	13649453	LTR/ERVL-MaLR	1382	-	58	13649394	94229
chr17	36094893	36294893	harbor2	chr17	36138095	36138450	LTR/ERVL-MaLR	2162	-	178	36138273	43380
chr17	36094893	36294893	harbor2	chr17	36144703	36145068	LTR/ERVL-MaLR	2132	-	182	36144885	49992
chr17	36094893	36294893	harbor2	chr17	36145117	36145131	LTR/ERVL-MaLR	1759	-	7	36145124	50231
chr17	36094893	36294893	harbor2	chr17	36145703	36146213	LTR/ERVL-MaLR	1759	-	255	36145958	51065
chr17	36094893	36294893	harbor2	chr17	36146214	36146575	LTR/ERVL-MaLR	1559	-	180	36146394	51501
chr17	36094893	36294893	harbor2	chr17	36178212	36178551	LTR/ERVL-MaLR	1756	-	170	36178382	83489
chr17	36094893	36294893	harbor2	chr17	36181453	36181656	LTR/ERVL-MaLR	871	-	102	36181555	86662
chr17	80980318	81180318	harbor2	chr17	81044415	81044609	LTR/ERVL-MaLR	701	-	97	81044512	64194
chr17	80980318	81180318	harbor2	chr17	80986013	80986331	LTR/ERVL-MaLR	1018	-	159	80986172	5854
chr17	80980318	81180318	harbor2	chr17	81002433	81002720	LTR/ERVL-MaLR	614	-	144	81002577	22259
chr17	80934876	81134876	harbor2	chr17	80986013	80986331	LTR/ERVL-MaLR	1018	-	159	80986172	51296
chr17	80934876	81134876	harbor2	chr17	81002433	81002720	LTR/ERVL-MaLR	614	-	144	81002577	67701
chr17	74678332	74878332	harbor2	chr17	74682170	74682622	LTR/ERVL-MaLR	763	-	226	74682396	4064
chr17	74678332	74878332	harbor2	chr17	74734100	74734465	LTR/ERVL-MaLR	1236	-	182	74734282	55950
chr17	74678332	74878332	harbor2	chr17	74694268	74694744	LTR/ERVL-MaLR	2104	-	238	74694506	16174
chr17	76485844	76685844	harbor2	chr17	76510878	76511139	LTR/ERVL-MaLR	1106	-	130	76511008	25164
chr17	76485844	76685844	harbor2	chr17	76553241	76553448	LTR/ERVL-MaLR	632	-	104	76553345	67501
chr17	79831273	80031273	harbor2	chr17	79883170	79883558	LTR/ERVL-MaLR	2096	-	194	79883364	52091
chr17	79831273	80031273	harbor2	chr17	79899022	79899386	LTR/ERVL-MaLR	2348	-	182	79899204	67931
chr17	79831273	80031273	harbor2	chr17	79901495	79901933	LTR/ERVL-MaLR	1500	-	219	79901714	70441
chr17	79831273	80031273	harbor2	chr17	79905132	79905663	LTR/ERVL-MaLR	1853	-	266	79905398	74125
chr17	79831273	80031273	harbor2	chr17	79912046	79912456	LTR/ERVL-MaLR	1149	-	205	79912251	80978
chr17	78942571	79142571	harbor2	chr17	79006187	79006505	LTR/ERVL-MaLR	945	-	159	79006346	63775
chr17	78942571	79142571	harbor2	chr17	79016878	79017283	LTR/ERVL-MaLR	2534	-	202	79017080	74509
chr17	2833263	3033263	harbor2	chr17	2836233	2836349	LTR/ERVL-MaLR	892	-	58	2836291	3028
chr17	2833263	3033263	harbor2	chr17	2836658	2836977	LTR/ERVL-MaLR	892	-	160	2836818	3555
chr17	2833263	3033263	harbor2	chr17	2837271	2837459	LTR/ERVL-MaLR	892	-	94	2837365	4102
chr17	2833263	3033263	harbor2	chr17	2867222	2867777	LTR/ERVL-MaLR	1588	-	278	2867500	34237
chr17	2833263	3033263	harbor2	chr17	2868845	2869202	LTR/ERVL-MaLR	1823	-	178	2869023	35760
chr17	2833263	3033263	harbor2	chr17	2870691	2870943	LTR/ERVL-MaLR	747	-	126	2870817	37554
chr17	2833263	3033263	harbor2	chr17	2871256	2871572	LTR/ERVL-MaLR	747	-	158	2871414	38151
chr17	2833263	3033263	harbor2	chr17	2892341	2892848	LTR/ERVL-MaLR	930	-	254	2892595	59332
chr17	2833263	3033263	harbor2	chr17	2901938	2902194	LTR/ERVL-MaLR	959	-	128	2902066	68803
chr17	2833263	3033263	harbor2	chr17	2906849	2907353	LTR/ERVL-MaLR	1646	-	252	2907101	73838
chr17	2833263	3033263	harbor2	chr17	2918083	2918153	LTR/ERVL-MaLR	2685	-	35	2918118	84855
chr17	2833263	3033263	harbor2	chr17	2918458	2918817	LTR/ERVL-MaLR	2685	-	180	2918638	85375
chr17	2833263	3033263	harbor2	chr17	2921755	2922020	LTR/ERVL-MaLR	640	-	132	2921887	88624
chr17	2833263	3033263	harbor2	chr17	2922021	2922369	LTR/ERVL-MaLR	1382	-	174	2922195	88932
chr17	2833263	3033263	harbor2	chr17	2922370	2922448	LTR/ERVL-MaLR	640	-	39	2922409	89146
chr17	2833263	3033263	harbor2	chr17	2925298	2925591	LTR/ERVL-MaLR	1577	-	146	2925444	92181
chr17	2833263	3033263	harbor2	chr17	2926587	2926722	LTR/ERVL-MaLR	1825	-	68	2926655	93392
chr17	2833263	3033263	harbor2	chr17	2927030	2927159	LTR/ERVL-MaLR	1825	-	64	2927094	93831
chr17	2833263	3033263	harbor2	chr17	2927452	2927706	LTR/ERVL-MaLR	1825	-	127	2927579	94316
chr17	29489568	29689568	harbor2	chr17	29490683	29491046	LTR/ERVL-MaLR	1598	-	182	29490865	1297
chr17	7832561	8032561	harbor2	chr17	7865398	7865751	LTR/ERVL-MaLR	630	-	176	7865574	33013
chr17	77051407	77251407	harbor2	chr17	77064688	77064965	LTR/ERVL-MaLR	1193	-	138	77064826	13419
chr17	77051407	77251407	harbor2	chr17	77069303	77069542	LTR/ERVL-MaLR	1680	-	120	77069423	18016
chr17	77051407	77251407	harbor2	chr17	77070161	77070305	LTR/ERVL-MaLR	1680	-	72	77070233	18826
chr17	77051407	77251407	harbor2	chr17	77136800	77136897	LTR/ERVL-MaLR	858	-	48	77136848	85441
chr17	77051407	77251407	harbor2	chr17	77137209	77137586	LTR/ERVL-MaLR	1648	-	188	77137397	85990
chr17	76769217	76969217	harbor2	chr17	76769197	76769563	LTR/ERVL-MaLR	1800	-	183	76769380	163
chr17	76769217	76969217	harbor2	chr17	76780961	76781464	LTR/ERVL-MaLR	1316	-	252	76781213	11996
chr17	76769217	76969217	harbor2	chr17	76817897	76818256	LTR/ERVL-MaLR	2113	-	180	76818077	48860
chr17	76769217	76969217	harbor2	chr17	76824319	76824380	LTR/ERVL-MaLR	756	-	30	76824349	55132
chr17	76769217	76969217	harbor2	chr17	76824681	76824938	LTR/ERVL-MaLR	756	-	128	76824809	55592
chr17	76769217	76969217	harbor2	chr17	76825228	76825383	LTR/ERVL-MaLR	756	-	78	76825306	56089
chr17	76769217	76969217	harbor2	chr17	76829929	76830292	LTR/ERVL-MaLR	1763	-	182	76830111	60894
chr17	76769217	76969217	harbor2	chr17	76830595	76830750	LTR/ERVL-MaLR	1763	-	78	76830673	61456
chr17	76769217	76969217	harbor2	chr17	76852443	76852657	LTR/ERVL-MaLR	2529	-	107	76852550	83333
chr17	76769217	76969217	harbor2	chr17	76852969	76853129	LTR/ERVL-MaLR	2529	-	80	76853049	83832
chr17	76769217	76969217	harbor2	chr17	76859060	76859282	LTR/ERVL-MaLR	779	-	111	76859171	89954
chr17	76769217	76969217	harbor2	chr17	76861384	76861756	LTR/ERVL-MaLR	2178	-	186	76861570	92353
chr17	76769217	76969217	harbor2	chr17	76861866	76862241	LTR/ERVL-MaLR	2292	-	188	76862054	92837
chr17	15687778	15887778	harbor2	chr17	15698178	15698659	LTR/ERVL-MaLR	973	-	240	15698418	10640
chr17	15687778	15887778	harbor2	chr17	15718735	15719132	LTR/ERVL-MaLR	2388	-	198	15718933	31155
chr17	15687778	15887778	harbor2	chr17	15719407	15719713	LTR/ERVL-MaLR	1698	-	153	15719560	31782
chr17	15687778	15887778	harbor2	chr17	15751322	15751623	LTR/ERVL-MaLR	1235	-	150	15751472	63694
chr17	15687778	15887778	harbor2	chr17	15766179	15766513	LTR/ERVL-MaLR	1477	-	167	15766346	78568
chr17	15687778	15887778	harbor2	chr17	15778116	15778418	LTR/ERVL-MaLR	10988	-	151	15778267	90489
chr17	15687778	15887778	harbor2	chr17	15778718	15779968	LTR/ERVL-MaLR	10988	-	625	15779343	91565
chr17	15687778	15887778	harbor2	chr17	15779969	15780329	LTR/ERVL-MaLR	2004	-	180	15780149	92371
chr17	15687778	15887778	harbor2	chr17	15777752	15778110	LTR/ERVL-MaLR	2111	-	179	15777931	90153
chr17	81195788	81395788	harbor2	chr17	81242743	81243032	LTR/ERVL-MaLR	970	-	144	81242887	47099
chr17	80980566	81180566	harbor2	chr17	81044415	81044609	LTR/ERVL-MaLR	701	-	97	81044512	63946
chr17	80980566	81180566	harbor2	chr17	80986013	80986331	LTR/ERVL-MaLR	1018	-	159	80986172	5606
chr17	80980566	81180566	harbor2	chr17	81002433	81002720	LTR/ERVL-MaLR	614	-	144	81002577	22011
chr17	80935148	81135148	harbor2	chr17	80986013	80986331	LTR/ERVL-MaLR	1018	-	159	80986172	51024
chr17	80935148	81135148	harbor2	chr17	81002433	81002720	LTR/ERVL-MaLR	614	-	144	81002577	67429
chr17	76485839	76685839	harbor2	chr17	76510878	76511139	LTR/ERVL-MaLR	1106	-	130	76511008	25169
chr17	76485839	76685839	harbor2	chr17	76553241	76553448	LTR/ERVL-MaLR	632	-	104	76553345	67506
chr17	45709559	45909559	harbor2	chr17	45714918	45715292	LTR/ERVL-MaLR	2131	-	187	45715105	5546
chr17	45709559	45909559	harbor2	chr17	45723337	45723698	LTR/ERVL-MaLR	1794	-	180	45723517	13958
chr17	45709559	45909559	harbor2	chr17	45731121	45731529	LTR/ERVL-MaLR	2085	-	204	45731325	21766
chr17	45709559	45909559	harbor2	chr17	45736392	45736750	LTR/ERVL-MaLR	1801	-	179	45736571	27012
chr17	45709559	45909559	harbor2	chr17	45743115	45743487	LTR/ERVL-MaLR	2394	-	186	45743301	33742
chr17	32168235	32368235	harbor2	chr17	32234679	32235051	LTR/ERVL-MaLR	2224	-	186	32234865	66630
chr17	32168235	32368235	harbor2	chr17	32243008	32243023	LTR/ERVL-MaLR	2409	-	8	32243016	74781
chr17	32168235	32368235	harbor2	chr17	32243450	32243946	LTR/ERVL-MaLR	2409	-	248	32243698	75463
chr17	74936805	75136805	harbor2	chr17	74978217	74978610	LTR/ERVL-MaLR	1915	-	196	74978413	41608
chr17	74936805	75136805	harbor2	chr17	74978923	74979120	LTR/ERVL-MaLR	1915	-	98	74979021	42216
chr17	57769118	57969118	harbor2	chr17	57771858	57772380	LTR/ERVL-MaLR	630	-	261	57772119	3001
chr17	57769118	57969118	harbor2	chr17	57777167	57777396	LTR/ERVL-MaLR	779	-	114	57777281	8163
chr17	57769118	57969118	harbor2	chr17	57797388	57797455	LTR/ERVL-MaLR	1266	-	34	57797422	28304
chr17	57769118	57969118	harbor2	chr17	57797801	57798175	LTR/ERVL-MaLR	1266	-	187	57797988	28870
chr17	57769118	57969118	harbor2	chr17	57815731	57815937	LTR/ERVL-MaLR	1826	-	103	57815834	46716
chr17	57769118	57969118	harbor2	chr17	57816239	57816381	LTR/ERVL-MaLR	1826	-	71	57816310	47192
chr17	57769118	57969118	harbor2	chr17	57853336	57853728	LTR/ERVL-MaLR	2155	-	196	57853532	84414
chr17	79689590	79889590	harbor2	chr17	79704608	79704995	LTR/ERVL-MaLR	2259	-	194	79704802	15212
chr17	79689590	79889590	harbor2	chr17	79728637	79728876	LTR/ERVL-MaLR	644	-	120	79728757	39167
chr17	79689590	79889590	harbor2	chr17	79732413	79732848	LTR/ERVL-MaLR	1160	-	218	79732631	43041
chr17	79689590	79889590	harbor2	chr17	79754692	79754907	LTR/ERVL-MaLR	1371	-	108	79754800	65210
chr17	79689590	79889590	harbor2	chr17	79755499	79755649	LTR/ERVL-MaLR	1371	-	75	79755574	65984
chr17	79689590	79889590	harbor2	chr17	79767800	79768147	LTR/ERVL-MaLR	2482	-	174	79767974	78384
chr17	76637275	76837275	harbor2	chr17	76657052	76657229	LTR/ERVL-MaLR	778	-	88	76657140	19865
chr17	76637275	76837275	harbor2	chr17	76730619	76730686	LTR/ERVL-MaLR	1290	-	34	76730653	93378
chr17	76637275	76837275	harbor2	chr17	76731290	76731559	LTR/ERVL-MaLR	1290	-	134	76731424	94149
chr17	6919402	7119402	harbor2	chr17	6946304	6946375	LTR/ERVL-MaLR	1338	-	36	6946340	26938
chr17	6919402	7119402	harbor2	chr17	6976737	6977107	LTR/ERVL-MaLR	1147	-	185	6976922	57520
chr17	6919402	7119402	harbor2	chr17	7007569	7007602	LTR/ERVL-MaLR	1323	-	16	7007585	88183
chr17	6919402	7119402	harbor2	chr17	7007902	7008220	LTR/ERVL-MaLR	1323	-	159	7008061	88659
chr17	6919402	7119402	harbor2	chr17	6946659	6946995	LTR/ERVL-MaLR	1338	-	168	6946827	27425
chr17	76638049	76838049	harbor2	chr17	76657052	76657229	LTR/ERVL-MaLR	778	-	88	76657140	19091
chr17	76638049	76838049	harbor2	chr17	76730619	76730686	LTR/ERVL-MaLR	1290	-	34	76730653	92604
chr17	76638049	76838049	harbor2	chr17	76731290	76731559	LTR/ERVL-MaLR	1290	-	134	76731424	93375
chr17	44216030	44416030	harbor2	chr17	44275828	44275864	LTR/ERVL-MaLR	878	-	18	44275846	59816
chr17	44216030	44416030	harbor2	chr17	44276476	44276670	LTR/ERVL-MaLR	878	-	97	44276573	60543
chr17	44216030	44416030	harbor2	chr17	44304903	44305248	LTR/ERVL-MaLR	1935	-	172	44305075	89045
chr17	44216030	44416030	harbor2	chr17	44305878	44305921	LTR/ERVL-MaLR	1935	-	22	44305900	89870
chr17	79706000	79906000	harbor2	chr17	79728637	79728876	LTR/ERVL-MaLR	644	-	120	79728757	22757
chr17	79706000	79906000	harbor2	chr17	79732413	79732848	LTR/ERVL-MaLR	1160	-	218	79732631	26631
chr17	79706000	79906000	harbor2	chr17	79754692	79754907	LTR/ERVL-MaLR	1371	-	108	79754800	48800
chr17	79706000	79906000	harbor2	chr17	79755499	79755649	LTR/ERVL-MaLR	1371	-	75	79755574	49574
chr17	79706000	79906000	harbor2	chr17	79767800	79768147	LTR/ERVL-MaLR	2482	-	174	79767974	61974
chr17	17077758	17277758	harbor2	chr17	17089133	17089442	LTR/ERVL-MaLR	1178	-	154	17089287	11529
chr17	17077758	17277758	harbor2	chr17	17135466	17135798	LTR/ERVL-MaLR	1958	-	166	17135632	57874
chr17	55321022	55521022	harbor2	chr17	55337641	55337993	LTR/ERVL-MaLR	2251	-	176	55337817	16795
chr17	55321022	55521022	harbor2	chr17	55364842	55365143	LTR/ERVL-MaLR	1859	-	150	55364992	43970
chr17	55321022	55521022	harbor2	chr17	55365447	55365519	LTR/ERVL-MaLR	1859	-	36	55365483	44461
chr17	55321022	55521022	harbor2	chr17	55375868	55376230	LTR/ERVL-MaLR	2354	-	181	55376049	55027
chr17	55321022	55521022	harbor2	chr17	55328569	55328929	LTR/ERVL-MaLR	2584	-	180	55328749	7727
chr17	77860765	78060765	harbor2	chr17	77872378	77872782	LTR/ERVL-MaLR	1931	-	202	77872580	11815
chr17	77860765	78060765	harbor2	chr17	77902822	77903011	LTR/ERVL-MaLR	846	-	94	77902916	42151
chr17	77860765	78060765	harbor2	chr17	77952605	77953059	LTR/ERVL-MaLR	2342	-	227	77952832	92067
chr17	80939664	81139664	harbor2	chr17	80986013	80986331	LTR/ERVL-MaLR	1018	-	159	80986172	46508
chr17	80939664	81139664	harbor2	chr17	81002433	81002720	LTR/ERVL-MaLR	614	-	144	81002577	62913
chr17	44262877	44462877	harbor2	chr17	44275828	44275864	LTR/ERVL-MaLR	878	-	18	44275846	12969
chr17	44262877	44462877	harbor2	chr17	44276476	44276670	LTR/ERVL-MaLR	878	-	97	44276573	13696
chr17	44262877	44462877	harbor2	chr17	44304903	44305248	LTR/ERVL-MaLR	1935	-	172	44305075	42198
chr17	44262877	44462877	harbor2	chr17	44305878	44305921	LTR/ERVL-MaLR	1935	-	22	44305900	43023
chr17	76638956	76838956	harbor2	chr17	76657052	76657229	LTR/ERVL-MaLR	778	-	88	76657140	18184
chr17	76638956	76838956	harbor2	chr17	76730619	76730686	LTR/ERVL-MaLR	1290	-	34	76730653	91697
chr17	76638956	76838956	harbor2	chr17	76731290	76731559	LTR/ERVL-MaLR	1290	-	134	76731424	92468
chr17	79690038	79890038	harbor2	chr17	79704608	79704995	LTR/ERVL-MaLR	2259	-	194	79704802	14764
chr17	79690038	79890038	harbor2	chr17	79728637	79728876	LTR/ERVL-MaLR	644	-	120	79728757	38719
chr17	79690038	79890038	harbor2	chr17	79732413	79732848	LTR/ERVL-MaLR	1160	-	218	79732631	42593
chr17	79690038	79890038	harbor2	chr17	79754692	79754907	LTR/ERVL-MaLR	1371	-	108	79754800	64762
chr17	79690038	79890038	harbor2	chr17	79755499	79755649	LTR/ERVL-MaLR	1371	-	75	79755574	65536
chr17	79690038	79890038	harbor2	chr17	79767800	79768147	LTR/ERVL-MaLR	2482	-	174	79767974	77936
chr17	79831926	80031926	harbor2	chr17	79883170	79883558	LTR/ERVL-MaLR	2096	-	194	79883364	51438
chr17	79831926	80031926	harbor2	chr17	79899022	79899386	LTR/ERVL-MaLR	2348	-	182	79899204	67278
chr17	79831926	80031926	harbor2	chr17	79901495	79901933	LTR/ERVL-MaLR	1500	-	219	79901714	69788
chr17	79831926	80031926	harbor2	chr17	79905132	79905663	LTR/ERVL-MaLR	1853	-	266	79905398	73472
chr17	79831926	80031926	harbor2	chr17	79912046	79912456	LTR/ERVL-MaLR	1149	-	205	79912251	80325
chr17	80992722	81192722	harbor2	chr17	81044415	81044609	LTR/ERVL-MaLR	701	-	97	81044512	51790
chr17	80992722	81192722	harbor2	chr17	81002433	81002720	LTR/ERVL-MaLR	614	-	144	81002577	9855
chr17	30996295	31196295	harbor2	chr17	31000001	31000375	LTR/ERVL-MaLR	1645	-	187	31000188	3893
chr17	30996295	31196295	harbor2	chr17	31000675	31000858	LTR/ERVL-MaLR	1645	-	92	31000767	4472
chr17	30996295	31196295	harbor2	chr17	31004507	31004533	LTR/ERVL-MaLR	776	-	13	31004520	8225
chr17	30996295	31196295	harbor2	chr17	31004826	31004960	LTR/ERVL-MaLR	776	-	67	31004893	8598
chr17	30996295	31196295	harbor2	chr17	31065202	31065587	LTR/ERVL-MaLR	847	-	192	31065394	69099
chr17	28788005	28988005	harbor2	chr17	28876381	28876709	LTR/ERVL-MaLR	1106	-	164	28876545	88540
chr17	7152164	7352164	harbor2	chr17	7154065	7154522	LTR/ERVL-MaLR	2757	-	228	7154293	2129
chr17	7152164	7352164	harbor2	chr17	7154523	7154883	LTR/ERVL-MaLR	2761	-	180	7154703	2539
chr17	80950191	81150191	harbor2	chr17	81044415	81044609	LTR/ERVL-MaLR	701	-	97	81044512	94321
chr17	80950191	81150191	harbor2	chr17	80986013	80986331	LTR/ERVL-MaLR	1018	-	159	80986172	35981
chr17	80950191	81150191	harbor2	chr17	81002433	81002720	LTR/ERVL-MaLR	614	-	144	81002577	52386
chr17	43300682	43500682	harbor2	chr17	43318085	43318441	LTR/ERVL-MaLR	2716	-	178	43318263	17581
chr17	43300682	43500682	harbor2	chr17	43318450	43318618	LTR/ERVL-MaLR	7985	-	84	43318534	17852
chr17	43300682	43500682	harbor2	chr17	43318921	43319056	LTR/ERVL-MaLR	7985	-	68	43318989	18307
chr17	43300682	43500682	harbor2	chr17	43319366	43320150	LTR/ERVL-MaLR	7985	-	392	43319758	19076
chr17	43300682	43500682	harbor2	chr17	43320455	43320519	LTR/ERVL-MaLR	7985	-	32	43320487	19805
chr17	43300682	43500682	harbor2	chr17	43320813	43320837	LTR/ERVL-MaLR	7985	-	12	43320825	20143
chr17	43300682	43500682	harbor2	chr17	43321456	43321517	LTR/ERVL-MaLR	7985	-	30	43321486	20804
chr17	76638206	76838206	harbor2	chr17	76657052	76657229	LTR/ERVL-MaLR	778	-	88	76657140	18934
chr17	76638206	76838206	harbor2	chr17	76730619	76730686	LTR/ERVL-MaLR	1290	-	34	76730653	92447
chr17	76638206	76838206	harbor2	chr17	76731290	76731559	LTR/ERVL-MaLR	1290	-	134	76731424	93218
chr17	9859791	10059791	harbor2	chr17	9860375	9860728	LTR/ERVL-MaLR	1504	-	176	9860551	760
chr17	9859791	10059791	harbor2	chr17	9869499	9869943	LTR/ERVL-MaLR	1739	-	222	9869721	9930
chr17	9859791	10059791	harbor2	chr17	9885396	9885813	LTR/ERVL-MaLR	975	-	208	9885604	25813
chr18	26207400	26407400	harbor2	chr18	26207441	26207722	LTR/ERVL-MaLR	624	-	140	26207581	181
chr18	26207400	26407400	harbor2	chr18	26224868	26225076	LTR/ERVL-MaLR	1014	-	104	26224972	17572
chr18	26207400	26407400	harbor2	chr18	26225208	26225293	LTR/ERVL-MaLR	507	-	42	26225250	17850
chr18	37466538	37666538	harbor2	chr18	37468599	37468978	LTR/ERVL-MaLR	2443	-	190	37468789	2251
chr18	26128429	26328429	harbor2	chr18	26142592	26142938	LTR/ERVL-MaLR	1925	-	173	26142765	14336
chr18	26128429	26328429	harbor2	chr18	26146760	26147201	LTR/ERVL-MaLR	2234	-	220	26146980	18551
chr18	26128429	26328429	harbor2	chr18	26206742	26207140	LTR/ERVL-MaLR	624	-	199	26206941	78512
chr18	26128429	26328429	harbor2	chr18	26207441	26207722	LTR/ERVL-MaLR	624	-	140	26207581	79152
chr18	26128429	26328429	harbor2	chr18	26224868	26225076	LTR/ERVL-MaLR	1014	-	104	26224972	96543
chr18	26128429	26328429	harbor2	chr18	26225208	26225293	LTR/ERVL-MaLR	507	-	42	26225250	96821
chr18	50173629	50373629	harbor2	chr18	50199345	50199619	LTR/ERVL-MaLR	595	-	137	50199482	25853
chr18	50173629	50373629	harbor2	chr18	50210409	50210792	LTR/ERVL-MaLR	1793	-	192	50210601	36972
chr18	50173629	50373629	harbor2	chr18	50211088	50211214	LTR/ERVL-MaLR	1793	-	63	50211151	37522
chr18	50173629	50373629	harbor2	chr18	50217809	50218124	LTR/ERVL-MaLR	1193	-	158	50217967	44338
chr18	50173629	50373629	harbor2	chr18	50225600	50226074	LTR/ERVL-MaLR	1775	-	237	50225837	52208
chr18	26127503	26327503	harbor2	chr18	26142592	26142938	LTR/ERVL-MaLR	1925	-	173	26142765	15262
chr18	26127503	26327503	harbor2	chr18	26146760	26147201	LTR/ERVL-MaLR	2234	-	220	26146980	19477
chr18	26127503	26327503	harbor2	chr18	26206742	26207140	LTR/ERVL-MaLR	624	-	199	26206941	79438
chr18	26127503	26327503	harbor2	chr18	26207441	26207722	LTR/ERVL-MaLR	624	-	140	26207581	80078
chr18	26127503	26327503	harbor2	chr18	26224868	26225076	LTR/ERVL-MaLR	1014	-	104	26224972	97469
chr18	26127503	26327503	harbor2	chr18	26225208	26225293	LTR/ERVL-MaLR	507	-	42	26225250	97747
chr18	31999202	32199202	harbor2	chr18	32030964	32031136	LTR/ERVL-MaLR	758	-	86	32031050	31848
chr18	31999202	32199202	harbor2	chr18	32055376	32055683	LTR/ERVL-MaLR	1918	-	154	32055530	56328
chr18	31999202	32199202	harbor2	chr18	32079119	32079414	LTR/ERVL-MaLR	1120	-	148	32079267	80065
chr18	31999202	32199202	harbor2	chr18	32081587	32081709	LTR/ERVL-MaLR	624	-	61	32081648	82446
chr18	31999202	32199202	harbor2	chr18	32084521	32084794	LTR/ERVL-MaLR	602	-	136	32084657	85455
chr18	31999202	32199202	harbor2	chr18	32085922	32086241	LTR/ERVL-MaLR	703	-	160	32086082	86880
chr18	31999202	32199202	harbor2	chr18	32030694	32030854	LTR/ERVL-MaLR	563	-	80	32030774	31572
chr18	48646833	48846833	harbor2	chr18	48701912	48702008	LTR/ERVL-MaLR	444	-	48	48701960	55127
chr18	48646833	48846833	harbor2	chr18	48704465	48704855	LTR/ERVL-MaLR	1218	-	195	48704660	57827
chr18	48646833	48846833	harbor2	chr18	48705170	48705564	LTR/ERVL-MaLR	1170	-	197	48705367	58534
chr18	48646833	48846833	harbor2	chr18	48726291	48726853	LTR/ERVL-MaLR	1923	-	281	48726572	79739
chr18	48646833	48846833	harbor2	chr18	48726859	48727070	LTR/ERVL-MaLR	6508	-	106	48726965	80132
chr18	48646833	48846833	harbor2	chr18	48727106	48728379	LTR/ERVL-MaLR	6508	-	636	48727742	80909
chr18	48646833	48846833	harbor2	chr18	48728382	48728924	LTR/ERVL-MaLR	1797	-	271	48728653	81820
chr18	26128488	26328488	harbor2	chr18	26142592	26142938	LTR/ERVL-MaLR	1925	-	173	26142765	14277
chr18	26128488	26328488	harbor2	chr18	26146760	26147201	LTR/ERVL-MaLR	2234	-	220	26146980	18492
chr18	26128488	26328488	harbor2	chr18	26206742	26207140	LTR/ERVL-MaLR	624	-	199	26206941	78453
chr18	26128488	26328488	harbor2	chr18	26207441	26207722	LTR/ERVL-MaLR	624	-	140	26207581	79093
chr18	26128488	26328488	harbor2	chr18	26224868	26225076	LTR/ERVL-MaLR	1014	-	104	26224972	96484
chr18	26128488	26328488	harbor2	chr18	26225208	26225293	LTR/ERVL-MaLR	507	-	42	26225250	96762
chr18	42427605	42627605	harbor2	chr18	42446841	42447222	LTR/ERVL-MaLR	1925	-	190	42447031	19426
chr18	42427605	42627605	harbor2	chr18	42447231	42448849	LTR/ERVL-MaLR	9247	-	809	42448040	20435
chr18	42427605	42627605	harbor2	chr18	42448850	42449231	LTR/ERVL-MaLR	2282	-	190	42449040	21435
chr18	42427605	42627605	harbor2	chr18	42474277	42474677	LTR/ERVL-MaLR	845	-	200	42474477	46872
chr18	42427605	42627605	harbor2	chr18	42484110	42484459	LTR/ERVL-MaLR	2205	-	174	42484284	56679
chr18	42427605	42627605	harbor2	chr18	42516043	42516300	LTR/ERVL-MaLR	1861	-	128	42516171	88566
chr18	42427605	42627605	harbor2	chr18	42516610	42516763	LTR/ERVL-MaLR	1861	-	76	42516686	89081
chr18	42427605	42627605	harbor2	chr18	42524363	42524810	LTR/ERVL-MaLR	1430	-	224	42524587	96982
chr18	76054282	76254282	harbor2	chr18	76073881	76074323	LTR/ERVL-MaLR	1392	-	221	76074102	19820
chr18	76054282	76254282	harbor2	chr18	76074338	76074817	LTR/ERVL-MaLR	1372	-	240	76074578	20296
chr18	76054282	76254282	harbor2	chr18	76094495	76094971	LTR/ERVL-MaLR	2229	-	238	76094733	40451
chr18	76054282	76254282	harbor2	chr18	76109665	76110019	LTR/ERVL-MaLR	1733	-	177	76109842	55560
chr18	76054282	76254282	harbor2	chr18	76111422	76111950	LTR/ERVL-MaLR	488	-	264	76111686	57404
chr18	76054282	76254282	harbor2	chr18	76118327	76118678	LTR/ERVL-MaLR	2175	-	176	76118503	64221
chr18	76054282	76254282	harbor2	chr18	76120474	76120606	LTR/ERVL-MaLR	452	-	66	76120540	66258
chr18	76054282	76254282	harbor2	chr18	76120984	76121150	LTR/ERVL-MaLR	452	-	83	76121067	66785
chr18	76054282	76254282	harbor2	chr18	76122566	76123022	LTR/ERVL-MaLR	1654	-	228	76122794	68512
chr18	76054282	76254282	harbor2	chr18	76135224	76135616	LTR/ERVL-MaLR	2410	-	196	76135420	81138
chr18	74357679	74557679	harbor2	chr18	74394722	74395066	LTR/ERVL-MaLR	2061	-	172	74394894	37215
chr18	74357679	74557679	harbor2	chr18	74397898	74397938	LTR/ERVL-MaLR	1199	-	20	74397918	40239
chr18	74357679	74557679	harbor2	chr18	74398240	74398422	LTR/ERVL-MaLR	1199	-	91	74398331	40652
chr18	74357679	74557679	harbor2	chr18	74398701	74398863	LTR/ERVL-MaLR	1199	-	81	74398782	41103
chr18	74357679	74557679	harbor2	chr18	74401895	74402160	LTR/ERVL-MaLR	981	-	132	74402027	44348
chr18	26126452	26326452	harbor2	chr18	26142592	26142938	LTR/ERVL-MaLR	1925	-	173	26142765	16313
chr18	26126452	26326452	harbor2	chr18	26146760	26147201	LTR/ERVL-MaLR	2234	-	220	26146980	20528
chr18	26126452	26326452	harbor2	chr18	26206742	26207140	LTR/ERVL-MaLR	624	-	199	26206941	80489
chr18	26126452	26326452	harbor2	chr18	26207441	26207722	LTR/ERVL-MaLR	624	-	140	26207581	81129
chr18	26126452	26326452	harbor2	chr18	26224868	26225076	LTR/ERVL-MaLR	1014	-	104	26224972	98520
chr18	26126452	26326452	harbor2	chr18	26225208	26225293	LTR/ERVL-MaLR	507	-	42	26225250	98798
chr18	75398513	75598513	harbor2	chr18	75424726	75424984	LTR/ERVL-MaLR	452	-	129	75424855	26342
chr18	75398513	75598513	harbor2	chr18	75459284	75459641	LTR/ERVL-MaLR	2259	-	178	75459462	60949
chr18	75398513	75598513	harbor2	chr18	75460991	75461299	LTR/ERVL-MaLR	1673	-	154	75461145	62632
chr18	75398513	75598513	harbor2	chr18	75478033	75478298	LTR/ERVL-MaLR	597	-	132	75478165	79652
chr18	26126438	26326438	harbor2	chr18	26142592	26142938	LTR/ERVL-MaLR	1925	-	173	26142765	16327
chr18	26126438	26326438	harbor2	chr18	26146760	26147201	LTR/ERVL-MaLR	2234	-	220	26146980	20542
chr18	26126438	26326438	harbor2	chr18	26206742	26207140	LTR/ERVL-MaLR	624	-	199	26206941	80503
chr18	26126438	26326438	harbor2	chr18	26207441	26207722	LTR/ERVL-MaLR	624	-	140	26207581	81143
chr18	26126438	26326438	harbor2	chr18	26224868	26225076	LTR/ERVL-MaLR	1014	-	104	26224972	98534
chr18	26126438	26326438	harbor2	chr18	26225208	26225293	LTR/ERVL-MaLR	507	-	42	26225250	98812
chr18	54891836	55091836	harbor2	chr18	54912668	54913038	LTR/ERVL-MaLR	2363	-	185	54912853	21017
chr18	54891836	55091836	harbor2	chr18	54926175	54926559	LTR/ERVL-MaLR	2434	-	192	54926367	34531
chr18	54891836	55091836	harbor2	chr18	54963645	54964094	LTR/ERVL-MaLR	1756	-	224	54963869	72033
chr18	54891836	55091836	harbor2	chr18	54967704	54968072	LTR/ERVL-MaLR	2192	-	184	54967888	76052
chr18	54891836	55091836	harbor2	chr18	54968842	54969251	LTR/ERVL-MaLR	2488	-	204	54969046	77210
chr18	54891836	55091836	harbor2	chr18	54980136	54980252	LTR/ERVL-MaLR	632	-	58	54980194	88358
chr18	79765619	79965619	harbor2	chr18	79836528	79836894	LTR/ERVL-MaLR	2323	-	183	79836711	71092
chr18	79765619	79965619	harbor2	chr18	79836901	79837534	LTR/ERVL-MaLR	4409	-	316	79837217	71598
chr18	79765619	79965619	harbor2	chr18	79837537	79837879	LTR/ERVL-MaLR	2429	-	171	79837708	72089
chr18	79765619	79965619	harbor2	chr18	79837880	79838240	LTR/ERVL-MaLR	2109	-	180	79838060	72441
chr18	79765619	79965619	harbor2	chr18	79859262	79859675	LTR/ERVL-MaLR	1796	-	206	79859468	93849
chr18	79765619	79965619	harbor2	chr18	79859898	79860152	LTR/ERVL-MaLR	1528	-	127	79860025	94406
chr18	37468263	37668263	harbor2	chr18	37468599	37468978	LTR/ERVL-MaLR	2443	-	190	37468789	526
chr18	62458039	62658039	harbor2	chr18	62464804	62465154	LTR/ERVL-MaLR	2231	-	175	62464979	6940
chr18	62458039	62658039	harbor2	chr18	62466725	62466906	LTR/ERVL-MaLR	973	-	90	62466815	8776
chr18	62458039	62658039	harbor2	chr18	62467637	62468004	LTR/ERVL-MaLR	1480	-	184	62467821	9782
chr18	62458039	62658039	harbor2	chr18	62476745	62476949	LTR/ERVL-MaLR	1213	-	102	62476847	18808
chr18	62458039	62658039	harbor2	chr18	62503752	62503957	LTR/ERVL-MaLR	1409	-	102	62503854	45815
chr18	62458039	62658039	harbor2	chr18	62504237	62504411	LTR/ERVL-MaLR	1409	-	87	62504324	46285
chr18	62458039	62658039	harbor2	chr18	62504705	62504750	LTR/ERVL-MaLR	1409	-	22	62504727	46688
chr18	62458039	62658039	harbor2	chr18	62535409	62535550	LTR/ERVL-MaLR	558	-	70	62535479	77440
chr18	62458039	62658039	harbor2	chr18	62488198	62488599	LTR/ERVL-MaLR	1765	-	200	62488398	30359
chr18	75108369	75308369	harbor2	chr18	75122451	75122893	LTR/ERVL-MaLR	2027	-	221	75122672	14303
chr18	75108369	75308369	harbor2	chr18	75137833	75137893	LTR/ERVL-MaLR	486	-	30	75137863	29494
chr18	75108369	75308369	harbor2	chr18	75138205	75138524	LTR/ERVL-MaLR	814	-	160	75138365	29996
chr18	75108369	75308369	harbor2	chr18	75144902	75145263	LTR/ERVL-MaLR	2477	-	180	75145082	36713
chr18	75108369	75308369	harbor2	chr18	75161830	75161966	LTR/ERVL-MaLR	470	-	68	75161898	53529
chr18	75108369	75308369	harbor2	chr18	75173684	75173944	LTR/ERVL-MaLR	487	-	130	75173814	65445
chr18	26127296	26327296	harbor2	chr18	26142592	26142938	LTR/ERVL-MaLR	1925	-	173	26142765	15469
chr18	26127296	26327296	harbor2	chr18	26146760	26147201	LTR/ERVL-MaLR	2234	-	220	26146980	19684
chr18	26127296	26327296	harbor2	chr18	26206742	26207140	LTR/ERVL-MaLR	624	-	199	26206941	79645
chr18	26127296	26327296	harbor2	chr18	26207441	26207722	LTR/ERVL-MaLR	624	-	140	26207581	80285
chr18	26127296	26327296	harbor2	chr18	26224868	26225076	LTR/ERVL-MaLR	1014	-	104	26224972	97676
chr18	26127296	26327296	harbor2	chr18	26225208	26225293	LTR/ERVL-MaLR	507	-	42	26225250	97954
chr18	57499758	57699758	harbor2	chr18	57513983	57514324	LTR/ERVL-MaLR	1917	-	170	57514153	14395
chr18	57499758	57699758	harbor2	chr18	57516101	57516479	LTR/ERVL-MaLR	2519	-	189	57516290	16532
chr18	57499758	57699758	harbor2	chr18	57528831	57529249	LTR/ERVL-MaLR	2618	-	209	57529040	29282
chr18	57499758	57699758	harbor2	chr18	57531068	57531419	LTR/ERVL-MaLR	2759	-	176	57531244	31486
chr18	57499758	57699758	harbor2	chr18	57590318	57590735	LTR/ERVL-MaLR	1661	-	208	57590526	90768
chr18	57521968	57721968	harbor2	chr18	57528831	57529249	LTR/ERVL-MaLR	2618	-	209	57529040	7072
chr18	57521968	57721968	harbor2	chr18	57531068	57531419	LTR/ERVL-MaLR	2759	-	176	57531244	9276
chr18	57521968	57721968	harbor2	chr18	57590318	57590735	LTR/ERVL-MaLR	1661	-	208	57590526	68558
chr18	59170166	59370166	harbor2	chr18	59179115	59179188	LTR/ERVL-MaLR	1984	-	36	59179151	8985
chr18	59170166	59370166	harbor2	chr18	59179501	59179800	LTR/ERVL-MaLR	1984	-	150	59179651	9485
chr18	59170166	59370166	harbor2	chr18	59188503	59188866	LTR/ERVL-MaLR	2910	-	182	59188685	18519
chr18	59170166	59370166	harbor2	chr18	59232537	59232710	LTR/ERVL-MaLR	498	-	86	59232623	62457
chr18	59170166	59370166	harbor2	chr18	59235625	59236017	LTR/ERVL-MaLR	519	-	196	59235821	65655
chr18	59170166	59370166	harbor2	chr18	59236417	59236778	LTR/ERVL-MaLR	2208	-	180	59236597	66431
chr18	59170166	59370166	harbor2	chr18	59237935	59238379	LTR/ERVL-MaLR	803	-	222	59238157	67991
chr18	59170166	59370166	harbor2	chr18	59246156	59246511	LTR/ERVL-MaLR	1215	-	178	59246334	76168
chr18	59170166	59370166	harbor2	chr18	59254123	59254185	LTR/ERVL-MaLR	739	-	31	59254154	83988
chr18	59170166	59370166	harbor2	chr18	59254788	59254954	LTR/ERVL-MaLR	739	-	83	59254871	84705
chr18	59170166	59370166	harbor2	chr18	59256445	59256603	LTR/ERVL-MaLR	739	-	79	59256524	86358
chr18	11589562	11789562	harbor2	chr18	11684149	11684503	LTR/ERVL-MaLR	1475	-	177	11684326	94764
chr18	26127357	26327357	harbor2	chr18	26142592	26142938	LTR/ERVL-MaLR	1925	-	173	26142765	15408
chr18	26127357	26327357	harbor2	chr18	26146760	26147201	LTR/ERVL-MaLR	2234	-	220	26146980	19623
chr18	26127357	26327357	harbor2	chr18	26206742	26207140	LTR/ERVL-MaLR	624	-	199	26206941	79584
chr18	26127357	26327357	harbor2	chr18	26207441	26207722	LTR/ERVL-MaLR	624	-	140	26207581	80224
chr18	26127357	26327357	harbor2	chr18	26224868	26225076	LTR/ERVL-MaLR	1014	-	104	26224972	97615
chr18	26127357	26327357	harbor2	chr18	26225208	26225293	LTR/ERVL-MaLR	507	-	42	26225250	97893
chr18	46638380	46838380	harbor2	chr18	46660886	46661353	LTR/ERVL-MaLR	1222	-	234	46661120	22740
chr18	46638380	46838380	harbor2	chr18	46662342	46662585	LTR/ERVL-MaLR	452	-	122	46662464	24084
chr18	26126393	26326393	harbor2	chr18	26142592	26142938	LTR/ERVL-MaLR	1925	-	173	26142765	16372
chr18	26126393	26326393	harbor2	chr18	26146760	26147201	LTR/ERVL-MaLR	2234	-	220	26146980	20587
chr18	26126393	26326393	harbor2	chr18	26206742	26207140	LTR/ERVL-MaLR	624	-	199	26206941	80548
chr18	26126393	26326393	harbor2	chr18	26207441	26207722	LTR/ERVL-MaLR	624	-	140	26207581	81188
chr18	26126393	26326393	harbor2	chr18	26224868	26225076	LTR/ERVL-MaLR	1014	-	104	26224972	98579
chr18	26126393	26326393	harbor2	chr18	26225208	26225293	LTR/ERVL-MaLR	507	-	42	26225250	98857
chr18	65652922	65852922	harbor2	chr18	65675634	65676066	LTR/ERVL-MaLR	1470	-	216	65675850	22928
chr18	65652922	65852922	harbor2	chr18	65680665	65681065	LTR/ERVL-MaLR	1539	-	200	65680865	27943
chr18	65652922	65852922	harbor2	chr18	65694034	65694395	LTR/ERVL-MaLR	2106	-	180	65694214	41292
chr18	65652922	65852922	harbor2	chr18	65701270	65701579	LTR/ERVL-MaLR	851	-	154	65701424	48502
chr18	65652922	65852922	harbor2	chr18	65701700	65701806	LTR/ERVL-MaLR	516	-	53	65701753	48831
chr18	65652922	65852922	harbor2	chr18	65734720	65735004	LTR/ERVL-MaLR	482	-	142	65734862	81940
chr18	75236592	75436592	harbor2	chr18	75241666	75242062	LTR/ERVL-MaLR	817	-	198	75241864	5272
chr18	75236592	75436592	harbor2	chr18	75277415	75277792	LTR/ERVL-MaLR	1231	-	188	75277603	41011
chr18	75236592	75436592	harbor2	chr18	75301958	75302421	LTR/ERVL-MaLR	1164	-	232	75302190	65598
chr18	75236592	75436592	harbor2	chr18	75308529	75308878	LTR/ERVL-MaLR	2258	-	174	75308703	72111
chr18	75236592	75436592	harbor2	chr18	75309637	75310076	LTR/ERVL-MaLR	1453	-	220	75309857	73265
chr18	75236592	75436592	harbor2	chr18	75318958	75319137	LTR/ERVL-MaLR	486	-	90	75319048	82456
chr18	75236592	75436592	harbor2	chr18	75319628	75320072	LTR/ERVL-MaLR	1572	-	222	75319850	83258
chr18	75103932	75303932	harbor2	chr18	75122451	75122893	LTR/ERVL-MaLR	2027	-	221	75122672	18740
chr18	75103932	75303932	harbor2	chr18	75137833	75137893	LTR/ERVL-MaLR	486	-	30	75137863	33931
chr18	75103932	75303932	harbor2	chr18	75138205	75138524	LTR/ERVL-MaLR	814	-	160	75138365	34433
chr18	75103932	75303932	harbor2	chr18	75144902	75145263	LTR/ERVL-MaLR	2477	-	180	75145082	41150
chr18	75103932	75303932	harbor2	chr18	75161830	75161966	LTR/ERVL-MaLR	470	-	68	75161898	57966
chr18	75103932	75303932	harbor2	chr18	75173684	75173944	LTR/ERVL-MaLR	487	-	130	75173814	69882
chr18	75103932	75303932	harbor2	chr18	75104016	75104377	LTR/ERVL-MaLR	2324	-	180	75104196	264
chr18	50093420	50293420	harbor2	chr18	50142095	50142455	LTR/ERVL-MaLR	801	-	180	50142275	48855
chr18	59166135	59366135	harbor2	chr18	59179115	59179188	LTR/ERVL-MaLR	1984	-	36	59179151	13016
chr18	59166135	59366135	harbor2	chr18	59179501	59179800	LTR/ERVL-MaLR	1984	-	150	59179651	13516
chr18	59166135	59366135	harbor2	chr18	59188503	59188866	LTR/ERVL-MaLR	2910	-	182	59188685	22550
chr18	59166135	59366135	harbor2	chr18	59232537	59232710	LTR/ERVL-MaLR	498	-	86	59232623	66488
chr18	59166135	59366135	harbor2	chr18	59235625	59236017	LTR/ERVL-MaLR	519	-	196	59235821	69686
chr18	59166135	59366135	harbor2	chr18	59236417	59236778	LTR/ERVL-MaLR	2208	-	180	59236597	70462
chr18	59166135	59366135	harbor2	chr18	59237935	59238379	LTR/ERVL-MaLR	803	-	222	59238157	72022
chr18	59166135	59366135	harbor2	chr18	59246156	59246511	LTR/ERVL-MaLR	1215	-	178	59246334	80199
chr18	59166135	59366135	harbor2	chr18	59254123	59254185	LTR/ERVL-MaLR	739	-	31	59254154	88019
chr18	59166135	59366135	harbor2	chr18	59254788	59254954	LTR/ERVL-MaLR	739	-	83	59254871	88736
chr18	59166135	59366135	harbor2	chr18	59256445	59256603	LTR/ERVL-MaLR	739	-	79	59256524	90389
chr18	77230159	77430159	harbor2	chr18	77241962	77242201	LTR/ERVL-MaLR	436	-	120	77242082	11923
chr18	77230159	77430159	harbor2	chr18	77247301	77247702	LTR/ERVL-MaLR	2500	-	200	77247501	17342
chr18	77230159	77430159	harbor2	chr18	77260087	77260324	LTR/ERVL-MaLR	1339	-	118	77260205	30046
chr18	77230159	77430159	harbor2	chr18	77260382	77260581	LTR/ERVL-MaLR	953	-	100	77260482	30323
chr18	77230159	77430159	harbor2	chr18	77261482	77261611	LTR/ERVL-MaLR	727	-	64	77261546	31387
chr18	77230159	77430159	harbor2	chr18	77264595	77264969	LTR/ERVL-MaLR	2524	-	187	77264782	34623
chr18	77230159	77430159	harbor2	chr18	77264973	77266541	LTR/ERVL-MaLR	9835	-	784	77265757	35598
chr18	77230159	77430159	harbor2	chr18	77266543	77266914	LTR/ERVL-MaLR	2465	-	186	77266729	36570
chr18	77230159	77430159	harbor2	chr18	77291974	77292340	LTR/ERVL-MaLR	1959	-	183	77292157	61998
chr18	65651681	65851681	harbor2	chr18	65675634	65676066	LTR/ERVL-MaLR	1470	-	216	65675850	24169
chr18	65651681	65851681	harbor2	chr18	65680665	65681065	LTR/ERVL-MaLR	1539	-	200	65680865	29184
chr18	65651681	65851681	harbor2	chr18	65694034	65694395	LTR/ERVL-MaLR	2106	-	180	65694214	42533
chr18	65651681	65851681	harbor2	chr18	65701270	65701579	LTR/ERVL-MaLR	851	-	154	65701424	49743
chr18	65651681	65851681	harbor2	chr18	65701700	65701806	LTR/ERVL-MaLR	516	-	53	65701753	50072
chr18	65651681	65851681	harbor2	chr18	65734720	65735004	LTR/ERVL-MaLR	482	-	142	65734862	83181
chr19	19676560	19876560	harbor2	chr19	19683861	19684207	LTR/ERVL-MaLR	1841	-	173	19684034	7474
chr19	19676560	19876560	harbor2	chr19	19684515	19684565	LTR/ERVL-MaLR	1841	-	25	19684540	7980
chr19	19676560	19876560	harbor2	chr19	19684568	19684693	LTR/ERVL-MaLR	658	-	62	19684630	8070
chr19	19676560	19876560	harbor2	chr19	19756320	19756509	LTR/ERVL-MaLR	2601	-	94	19756414	79854
chr19	19676560	19876560	harbor2	chr19	19756816	19757050	LTR/ERVL-MaLR	2601	-	117	19756933	80373
chr19	19676560	19876560	harbor2	chr19	19757053	19757108	LTR/ERVL-MaLR	4694	-	28	19757081	80521
chr19	19676560	19876560	harbor2	chr19	19757431	19758126	LTR/ERVL-MaLR	4694	-	348	19757779	81219
chr19	19676560	19876560	harbor2	chr19	19763464	19763745	LTR/ERVL-MaLR	880	-	140	19763604	87044
chr19	19676560	19876560	harbor2	chr19	19764059	19764168	LTR/ERVL-MaLR	880	-	54	19764113	87553
chr19	19676560	19876560	harbor2	chr19	19772868	19773043	LTR/ERVL-MaLR	1057	-	88	19772956	96396
chr19	19676560	19876560	harbor2	chr19	19773353	19773403	LTR/ERVL-MaLR	1057	-	25	19773378	96818
chr19	19676560	19876560	harbor2	chr19	19773724	19773859	LTR/ERVL-MaLR	1057	-	68	19773792	97232
chr19	19676555	19876555	harbor2	chr19	19683861	19684207	LTR/ERVL-MaLR	1841	-	173	19684034	7479
chr19	19676555	19876555	harbor2	chr19	19684515	19684565	LTR/ERVL-MaLR	1841	-	25	19684540	7985
chr19	19676555	19876555	harbor2	chr19	19684568	19684693	LTR/ERVL-MaLR	658	-	62	19684630	8075
chr19	19676555	19876555	harbor2	chr19	19756320	19756509	LTR/ERVL-MaLR	2601	-	94	19756414	79859
chr19	19676555	19876555	harbor2	chr19	19756816	19757050	LTR/ERVL-MaLR	2601	-	117	19756933	80378
chr19	19676555	19876555	harbor2	chr19	19757053	19757108	LTR/ERVL-MaLR	4694	-	28	19757081	80526
chr19	19676555	19876555	harbor2	chr19	19757431	19758126	LTR/ERVL-MaLR	4694	-	348	19757779	81224
chr19	19676555	19876555	harbor2	chr19	19763464	19763745	LTR/ERVL-MaLR	880	-	140	19763604	87049
chr19	19676555	19876555	harbor2	chr19	19764059	19764168	LTR/ERVL-MaLR	880	-	54	19764113	87558
chr19	19676555	19876555	harbor2	chr19	19772868	19773043	LTR/ERVL-MaLR	1057	-	88	19772956	96401
chr19	19676555	19876555	harbor2	chr19	19773353	19773403	LTR/ERVL-MaLR	1057	-	25	19773378	96823
chr19	19676555	19876555	harbor2	chr19	19773724	19773859	LTR/ERVL-MaLR	1057	-	68	19773792	97237
chr19	18337435	18537435	harbor2	chr19	18357926	18358253	LTR/ERVL-MaLR	1716	-	164	18358090	20655
chr19	18337435	18537435	harbor2	chr19	18358560	18358619	LTR/ERVL-MaLR	1716	-	30	18358590	21155
chr19	18337435	18537435	harbor2	chr19	18401738	18401928	LTR/ERVL-MaLR	829	-	95	18401833	64398
chr19	49751346	49951346	harbor2	chr19	49790026	49790425	LTR/ERVL-MaLR	1679	-	200	49790226	38880
chr19	49751346	49951346	harbor2	chr19	49820950	49821287	LTR/ERVL-MaLR	1154	-	168	49821118	69772
chr19	49751346	49951346	harbor2	chr19	49822572	49822640	LTR/ERVL-MaLR	1154	-	34	49822606	71260
chr19	49751346	49951346	harbor2	chr19	49823257	49823388	LTR/ERVL-MaLR	1154	-	66	49823323	71977
chr19	49751346	49951346	harbor2	chr19	49827318	49827730	LTR/ERVL-MaLR	1189	-	206	49827524	76178
chr19	49751346	49951346	harbor2	chr19	49832694	49833103	LTR/ERVL-MaLR	1024	-	204	49832898	81552
chr19	49751346	49951346	harbor2	chr19	49844246	49844614	LTR/ERVL-MaLR	2005	-	184	49844430	93084
chr19	49751346	49951346	harbor2	chr19	49844921	49845107	LTR/ERVL-MaLR	2005	-	93	49845014	93668
chr19	19676581	19876581	harbor2	chr19	19683861	19684207	LTR/ERVL-MaLR	1841	-	173	19684034	7453
chr19	19676581	19876581	harbor2	chr19	19684515	19684565	LTR/ERVL-MaLR	1841	-	25	19684540	7959
chr19	19676581	19876581	harbor2	chr19	19684568	19684693	LTR/ERVL-MaLR	658	-	62	19684630	8049
chr19	19676581	19876581	harbor2	chr19	19756320	19756509	LTR/ERVL-MaLR	2601	-	94	19756414	79833
chr19	19676581	19876581	harbor2	chr19	19756816	19757050	LTR/ERVL-MaLR	2601	-	117	19756933	80352
chr19	19676581	19876581	harbor2	chr19	19757053	19757108	LTR/ERVL-MaLR	4694	-	28	19757081	80500
chr19	19676581	19876581	harbor2	chr19	19757431	19758126	LTR/ERVL-MaLR	4694	-	348	19757779	81198
chr19	19676581	19876581	harbor2	chr19	19763464	19763745	LTR/ERVL-MaLR	880	-	140	19763604	87023
chr19	19676581	19876581	harbor2	chr19	19764059	19764168	LTR/ERVL-MaLR	880	-	54	19764113	87532
chr19	19676581	19876581	harbor2	chr19	19772868	19773043	LTR/ERVL-MaLR	1057	-	88	19772956	96375
chr19	19676581	19876581	harbor2	chr19	19773353	19773403	LTR/ERVL-MaLR	1057	-	25	19773378	96797
chr19	19676581	19876581	harbor2	chr19	19773724	19773859	LTR/ERVL-MaLR	1057	-	68	19773792	97211
chr19	19676554	19876554	harbor2	chr19	19683861	19684207	LTR/ERVL-MaLR	1841	-	173	19684034	7480
chr19	19676554	19876554	harbor2	chr19	19684515	19684565	LTR/ERVL-MaLR	1841	-	25	19684540	7986
chr19	19676554	19876554	harbor2	chr19	19684568	19684693	LTR/ERVL-MaLR	658	-	62	19684630	8076
chr19	19676554	19876554	harbor2	chr19	19756320	19756509	LTR/ERVL-MaLR	2601	-	94	19756414	79860
chr19	19676554	19876554	harbor2	chr19	19756816	19757050	LTR/ERVL-MaLR	2601	-	117	19756933	80379
chr19	19676554	19876554	harbor2	chr19	19757053	19757108	LTR/ERVL-MaLR	4694	-	28	19757081	80527
chr19	19676554	19876554	harbor2	chr19	19757431	19758126	LTR/ERVL-MaLR	4694	-	348	19757779	81225
chr19	19676554	19876554	harbor2	chr19	19763464	19763745	LTR/ERVL-MaLR	880	-	140	19763604	87050
chr19	19676554	19876554	harbor2	chr19	19764059	19764168	LTR/ERVL-MaLR	880	-	54	19764113	87559
chr19	19676554	19876554	harbor2	chr19	19772868	19773043	LTR/ERVL-MaLR	1057	-	88	19772956	96402
chr19	19676554	19876554	harbor2	chr19	19773353	19773403	LTR/ERVL-MaLR	1057	-	25	19773378	96824
chr19	19676554	19876554	harbor2	chr19	19773724	19773859	LTR/ERVL-MaLR	1057	-	68	19773792	97238
chr19	49756502	49956502	harbor2	chr19	49790026	49790425	LTR/ERVL-MaLR	1679	-	200	49790226	33724
chr19	49756502	49956502	harbor2	chr19	49820950	49821287	LTR/ERVL-MaLR	1154	-	168	49821118	64616
chr19	49756502	49956502	harbor2	chr19	49822572	49822640	LTR/ERVL-MaLR	1154	-	34	49822606	66104
chr19	49756502	49956502	harbor2	chr19	49823257	49823388	LTR/ERVL-MaLR	1154	-	66	49823323	66821
chr19	49756502	49956502	harbor2	chr19	49827318	49827730	LTR/ERVL-MaLR	1189	-	206	49827524	71022
chr19	49756502	49956502	harbor2	chr19	49832694	49833103	LTR/ERVL-MaLR	1024	-	204	49832898	76396
chr19	49756502	49956502	harbor2	chr19	49844246	49844614	LTR/ERVL-MaLR	2005	-	184	49844430	87928
chr19	49756502	49956502	harbor2	chr19	49844921	49845107	LTR/ERVL-MaLR	2005	-	93	49845014	88512
chr19	56041213	56241213	harbor2	chr19	56064626	56065116	LTR/ERVL-MaLR	897	-	245	56064871	23658
chr19	56041213	56241213	harbor2	chr19	56135352	56135787	LTR/ERVL-MaLR	1109	-	218	56135570	94357
chr19	5029245	5229245	harbor2	chr19	5042179	5042219	LTR/ERVL-MaLR	1426	-	20	5042199	12954
chr19	5029245	5229245	harbor2	chr19	5042528	5042872	LTR/ERVL-MaLR	1426	-	172	5042700	13455
chr19	5029245	5229245	harbor2	chr19	5072667	5073211	LTR/ERVL-MaLR	2022	-	272	5072939	43694
chr19	5029245	5229245	harbor2	chr19	5122005	5122463	LTR/ERVL-MaLR	1679	-	229	5122234	92989
chr19	5036318	5236318	harbor2	chr19	5042179	5042219	LTR/ERVL-MaLR	1426	-	20	5042199	5881
chr19	5036318	5236318	harbor2	chr19	5042528	5042872	LTR/ERVL-MaLR	1426	-	172	5042700	6382
chr19	5036318	5236318	harbor2	chr19	5072667	5073211	LTR/ERVL-MaLR	2022	-	272	5072939	36621
chr19	5036318	5236318	harbor2	chr19	5122005	5122463	LTR/ERVL-MaLR	1679	-	229	5122234	85916
chr19	10698135	10898135	harbor2	chr19	10714274	10714696	LTR/ERVL-MaLR	1682	-	211	10714485	16350
chr19	10698135	10898135	harbor2	chr19	10770536	10770910	LTR/ERVL-MaLR	2293	-	187	10770723	72588
chr19	10698135	10898135	harbor2	chr19	10791389	10791543	LTR/ERVL-MaLR	663	-	77	10791466	93331
chr19	1352392	1552392	harbor2	chr19	1386247	1386499	LTR/ERVL-MaLR	1510	-	126	1386373	33981
chr19	1352392	1552392	harbor2	chr19	1386795	1386899	LTR/ERVL-MaLR	1510	-	52	1386847	34455
chr19	19676548	19876548	harbor2	chr19	19683861	19684207	LTR/ERVL-MaLR	1841	-	173	19684034	7486
chr19	19676548	19876548	harbor2	chr19	19684515	19684565	LTR/ERVL-MaLR	1841	-	25	19684540	7992
chr19	19676548	19876548	harbor2	chr19	19684568	19684693	LTR/ERVL-MaLR	658	-	62	19684630	8082
chr19	19676548	19876548	harbor2	chr19	19756320	19756509	LTR/ERVL-MaLR	2601	-	94	19756414	79866
chr19	19676548	19876548	harbor2	chr19	19756816	19757050	LTR/ERVL-MaLR	2601	-	117	19756933	80385
chr19	19676548	19876548	harbor2	chr19	19757053	19757108	LTR/ERVL-MaLR	4694	-	28	19757081	80533
chr19	19676548	19876548	harbor2	chr19	19757431	19758126	LTR/ERVL-MaLR	4694	-	348	19757779	81231
chr19	19676548	19876548	harbor2	chr19	19763464	19763745	LTR/ERVL-MaLR	880	-	140	19763604	87056
chr19	19676548	19876548	harbor2	chr19	19764059	19764168	LTR/ERVL-MaLR	880	-	54	19764113	87565
chr19	19676548	19876548	harbor2	chr19	19772868	19773043	LTR/ERVL-MaLR	1057	-	88	19772956	96408
chr19	19676548	19876548	harbor2	chr19	19773353	19773403	LTR/ERVL-MaLR	1057	-	25	19773378	96830
chr19	19676548	19876548	harbor2	chr19	19773724	19773859	LTR/ERVL-MaLR	1057	-	68	19773792	97244
chr19	10710756	10910756	harbor2	chr19	10714274	10714696	LTR/ERVL-MaLR	1682	-	211	10714485	3729
chr19	10710756	10910756	harbor2	chr19	10770536	10770910	LTR/ERVL-MaLR	2293	-	187	10770723	59967
chr19	10710756	10910756	harbor2	chr19	10791389	10791543	LTR/ERVL-MaLR	663	-	77	10791466	80710
chr19	10729459	10929459	harbor2	chr19	10770536	10770910	LTR/ERVL-MaLR	2293	-	187	10770723	41264
chr19	10729459	10929459	harbor2	chr19	10791389	10791543	LTR/ERVL-MaLR	663	-	77	10791466	62007
chr19	7809659	8009659	harbor2	chr19	7817726	7818263	LTR/ERVL-MaLR	1706	-	268	7817994	8335
chr19	7809659	8009659	harbor2	chr19	7818996	7819191	LTR/ERVL-MaLR	769	-	98	7819094	9435
chr19	7809659	8009659	harbor2	chr19	7897667	7897898	LTR/ERVL-MaLR	1005	-	116	7897783	88124
chr19	7809659	8009659	harbor2	chr19	7896951	7897160	LTR/ERVL-MaLR	1005	-	104	7897055	87396
chr19	3287977	3487977	harbor2	chr19	3302712	3303065	LTR/ERVL-MaLR	1205	-	176	3302888	14911
chr19	3287977	3487977	harbor2	chr19	3331285	3331582	LTR/ERVL-MaLR	1904	-	148	3331433	43456
chr19	3287977	3487977	harbor2	chr19	3331882	3332008	LTR/ERVL-MaLR	1904	-	63	3331945	43968
chr19	3287977	3487977	harbor2	chr19	3333735	3333915	LTR/ERVL-MaLR	919	-	90	3333825	45848
chr19	49752345	49952345	harbor2	chr19	49790026	49790425	LTR/ERVL-MaLR	1679	-	200	49790226	37881
chr19	49752345	49952345	harbor2	chr19	49820950	49821287	LTR/ERVL-MaLR	1154	-	168	49821118	68773
chr19	49752345	49952345	harbor2	chr19	49822572	49822640	LTR/ERVL-MaLR	1154	-	34	49822606	70261
chr19	49752345	49952345	harbor2	chr19	49823257	49823388	LTR/ERVL-MaLR	1154	-	66	49823323	70978
chr19	49752345	49952345	harbor2	chr19	49827318	49827730	LTR/ERVL-MaLR	1189	-	206	49827524	75179
chr19	49752345	49952345	harbor2	chr19	49832694	49833103	LTR/ERVL-MaLR	1024	-	204	49832898	80553
chr19	49752345	49952345	harbor2	chr19	49844246	49844614	LTR/ERVL-MaLR	2005	-	184	49844430	92085
chr19	49752345	49952345	harbor2	chr19	49844921	49845107	LTR/ERVL-MaLR	2005	-	93	49845014	92669
chr19	19676570	19876570	harbor2	chr19	19683861	19684207	LTR/ERVL-MaLR	1841	-	173	19684034	7464
chr19	19676570	19876570	harbor2	chr19	19684515	19684565	LTR/ERVL-MaLR	1841	-	25	19684540	7970
chr19	19676570	19876570	harbor2	chr19	19684568	19684693	LTR/ERVL-MaLR	658	-	62	19684630	8060
chr19	19676570	19876570	harbor2	chr19	19756320	19756509	LTR/ERVL-MaLR	2601	-	94	19756414	79844
chr19	19676570	19876570	harbor2	chr19	19756816	19757050	LTR/ERVL-MaLR	2601	-	117	19756933	80363
chr19	19676570	19876570	harbor2	chr19	19757053	19757108	LTR/ERVL-MaLR	4694	-	28	19757081	80511
chr19	19676570	19876570	harbor2	chr19	19757431	19758126	LTR/ERVL-MaLR	4694	-	348	19757779	81209
chr19	19676570	19876570	harbor2	chr19	19763464	19763745	LTR/ERVL-MaLR	880	-	140	19763604	87034
chr19	19676570	19876570	harbor2	chr19	19764059	19764168	LTR/ERVL-MaLR	880	-	54	19764113	87543
chr19	19676570	19876570	harbor2	chr19	19772868	19773043	LTR/ERVL-MaLR	1057	-	88	19772956	96386
chr19	19676570	19876570	harbor2	chr19	19773353	19773403	LTR/ERVL-MaLR	1057	-	25	19773378	96808
chr19	19676570	19876570	harbor2	chr19	19773724	19773859	LTR/ERVL-MaLR	1057	-	68	19773792	97222
chr19	35168136	35368136	harbor2	chr19	35176532	35176652	LTR/ERVL-MaLR	1060	-	60	35176592	8456
chr19	35168136	35368136	harbor2	chr19	35177258	35177443	LTR/ERVL-MaLR	1060	-	92	35177350	9214
chr19	35168136	35368136	harbor2	chr19	35177444	35177785	LTR/ERVL-MaLR	2041	-	170	35177614	9478
chr19	35168136	35368136	harbor2	chr19	35177786	35177828	LTR/ERVL-MaLR	1060	-	21	35177807	9671
chr19	35168136	35368136	harbor2	chr19	35177902	35178123	LTR/ERVL-MaLR	649	-	110	35178012	9876
chr19	35168136	35368136	harbor2	chr19	35196782	35197113	LTR/ERVL-MaLR	2151	-	166	35196948	28812
chr19	35168136	35368136	harbor2	chr19	35197397	35197445	LTR/ERVL-MaLR	2151	-	24	35197421	29285
chr19	35168136	35368136	harbor2	chr19	35217514	35217896	LTR/ERVL-MaLR	1538	-	191	35217705	49569
chr19	35168136	35368136	harbor2	chr19	35219178	35219564	LTR/ERVL-MaLR	1250	-	193	35219371	51235
chr19	35168136	35368136	harbor2	chr19	35222922	35223514	LTR/ERVL-MaLR	1505	-	296	35223218	55082
chr19	35168136	35368136	harbor2	chr19	35233217	35233329	LTR/ERVL-MaLR	685	-	56	35233273	65137
chr19	35168136	35368136	harbor2	chr19	35233653	35234003	LTR/ERVL-MaLR	685	-	175	35233828	65692
chr19	35168136	35368136	harbor2	chr19	35235922	35236208	LTR/ERVL-MaLR	722	-	143	35236065	67929
chr19	35168136	35368136	harbor2	chr19	35236599	35236921	LTR/ERVL-MaLR	1646	-	161	35236760	68624
chr19	35168136	35368136	harbor2	chr19	35236997	35237228	LTR/ERVL-MaLR	690	-	116	35237113	68977
chr19	769022	969022	harbor2	chr19	789226	789512	LTR/ERVL-MaLR	652	-	143	789369	20347
chr19	2710739	2910739	harbor2	chr19	2735236	2735832	LTR/ERVL-MaLR	1672	-	298	2735534	24795
chr19	2710739	2910739	harbor2	chr19	2808612	2808910	LTR/ERVL-MaLR	1065	-	149	2808761	98022
chr19	2710739	2910739	harbor2	chr19	2801589	2801955	LTR/ERVL-MaLR	1615	-	183	2801772	91033
chr19	40642251	40842251	harbor2	chr19	40650820	40651019	LTR/ERVL-MaLR	626	-	100	40650920	8669
chr19	40642251	40842251	harbor2	chr19	40651606	40651822	LTR/ERVL-MaLR	761	-	108	40651714	9463
chr19	40642251	40842251	harbor2	chr19	40723833	40724125	LTR/ERVL-MaLR	1257	-	146	40723979	81728
chr19	40642251	40842251	harbor2	chr19	40724419	40724498	LTR/ERVL-MaLR	1257	-	40	40724459	82208
chr19	40642251	40842251	harbor2	chr19	40727420	40727750	LTR/ERVL-MaLR	1098	-	165	40727585	85334
chr19	40642251	40842251	harbor2	chr19	40737107	40737487	LTR/ERVL-MaLR	947	-	190	40737297	95046
chr19	1551773	1751773	harbor2	chr19	1571362	1571790	LTR/ERVL-MaLR	735	-	214	1571576	19803
chr19	49752364	49952364	harbor2	chr19	49790026	49790425	LTR/ERVL-MaLR	1679	-	200	49790226	37862
chr19	49752364	49952364	harbor2	chr19	49820950	49821287	LTR/ERVL-MaLR	1154	-	168	49821118	68754
chr19	49752364	49952364	harbor2	chr19	49822572	49822640	LTR/ERVL-MaLR	1154	-	34	49822606	70242
chr19	49752364	49952364	harbor2	chr19	49823257	49823388	LTR/ERVL-MaLR	1154	-	66	49823323	70959
chr19	49752364	49952364	harbor2	chr19	49827318	49827730	LTR/ERVL-MaLR	1189	-	206	49827524	75160
chr19	49752364	49952364	harbor2	chr19	49832694	49833103	LTR/ERVL-MaLR	1024	-	204	49832898	80534
chr19	49752364	49952364	harbor2	chr19	49844246	49844614	LTR/ERVL-MaLR	2005	-	184	49844430	92066
chr19	49752364	49952364	harbor2	chr19	49844921	49845107	LTR/ERVL-MaLR	2005	-	93	49845014	92650
chr19	55239703	55439703	harbor2	chr19	55281215	55281649	LTR/ERVL-MaLR	1993	-	217	55281432	41729
chr19	55239703	55439703	harbor2	chr19	55300870	55301078	LTR/ERVL-MaLR	617	-	104	55300974	61271
chr19	55239703	55439703	harbor2	chr19	55309394	55309734	LTR/ERVL-MaLR	1906	-	170	55309564	69861
chr19	55239703	55439703	harbor2	chr19	55310112	55310543	LTR/ERVL-MaLR	1059	-	216	55310328	70625
chr19	55239703	55439703	harbor2	chr19	55331126	55331416	LTR/ERVL-MaLR	1323	-	145	55331271	91568
chr19	55239703	55439703	harbor2	chr19	55331479	55331505	LTR/ERVL-MaLR	1323	-	13	55331492	91789
chr19	55239703	55439703	harbor2	chr19	55331813	55331992	LTR/ERVL-MaLR	1323	-	90	55331903	92200
chr19	55239703	55439703	harbor2	chr19	55332293	55332341	LTR/ERVL-MaLR	1323	-	24	55332317	92614
chr19	2356840	2556840	harbor2	chr19	2366407	2366575	LTR/ERVL-MaLR	2489	-	84	2366491	9651
chr19	2356840	2556840	harbor2	chr19	2366879	2367244	LTR/ERVL-MaLR	2489	-	182	2367061	10221
chr19	2356840	2556840	harbor2	chr19	2369749	2369916	LTR/ERVL-MaLR	702	-	84	2369833	12993
chr19	2356840	2556840	harbor2	chr19	2376067	2376430	LTR/ERVL-MaLR	1233	-	182	2376249	19409
chr19	2356840	2556840	harbor2	chr19	2378396	2378437	LTR/ERVL-MaLR	2471	-	20	2378416	21576
chr19	2356840	2556840	harbor2	chr19	2378727	2379068	LTR/ERVL-MaLR	2471	-	170	2378897	22057
chr19	10619380	10819380	harbor2	chr19	10714274	10714696	LTR/ERVL-MaLR	1682	-	211	10714485	95105
chr19	45306438	45506438	harbor2	chr19	45376453	45376640	LTR/ERVL-MaLR	797	-	94	45376547	70109
chr19	45306438	45506438	harbor2	chr19	45376945	45377064	LTR/ERVL-MaLR	797	-	60	45377005	70567
chr19	19676521	19876521	harbor2	chr19	19683861	19684207	LTR/ERVL-MaLR	1841	-	173	19684034	7513
chr19	19676521	19876521	harbor2	chr19	19684515	19684565	LTR/ERVL-MaLR	1841	-	25	19684540	8019
chr19	19676521	19876521	harbor2	chr19	19684568	19684693	LTR/ERVL-MaLR	658	-	62	19684630	8109
chr19	19676521	19876521	harbor2	chr19	19756320	19756509	LTR/ERVL-MaLR	2601	-	94	19756414	79893
chr19	19676521	19876521	harbor2	chr19	19756816	19757050	LTR/ERVL-MaLR	2601	-	117	19756933	80412
chr19	19676521	19876521	harbor2	chr19	19757053	19757108	LTR/ERVL-MaLR	4694	-	28	19757081	80560
chr19	19676521	19876521	harbor2	chr19	19757431	19758126	LTR/ERVL-MaLR	4694	-	348	19757779	81258
chr19	19676521	19876521	harbor2	chr19	19763464	19763745	LTR/ERVL-MaLR	880	-	140	19763604	87083
chr19	19676521	19876521	harbor2	chr19	19764059	19764168	LTR/ERVL-MaLR	880	-	54	19764113	87592
chr19	19676521	19876521	harbor2	chr19	19772868	19773043	LTR/ERVL-MaLR	1057	-	88	19772956	96435
chr19	19676521	19876521	harbor2	chr19	19773353	19773403	LTR/ERVL-MaLR	1057	-	25	19773378	96857
chr19	19676521	19876521	harbor2	chr19	19773724	19773859	LTR/ERVL-MaLR	1057	-	68	19773792	97271
chr19	1467940	1667940	harbor2	chr19	1547409	1547729	LTR/ERVL-MaLR	1502	-	160	1547569	79629
chr19	43994297	44194297	harbor2	chr19	44027946	44028392	LTR/ERVL-MaLR	898	-	223	44028169	33872
chr19	43994297	44194297	harbor2	chr19	44042443	44042697	LTR/ERVL-MaLR	1304	-	127	44042570	48273
chr19	43994297	44194297	harbor2	chr19	44061250	44061758	LTR/ERVL-MaLR	926	-	254	44061504	67207
chr19	43994297	44194297	harbor2	chr19	44081208	44081429	LTR/ERVL-MaLR	2367	-	110	44081318	87021
chr19	43994297	44194297	harbor2	chr19	44081762	44081921	LTR/ERVL-MaLR	2367	-	80	44081842	87545
chr19	43994297	44194297	harbor2	chr19	44082512	44083002	LTR/ERVL-MaLR	1358	-	245	44082757	88460
chr19	7825346	8025346	harbor2	chr19	7897667	7897898	LTR/ERVL-MaLR	1005	-	116	7897783	72437
chr19	7825346	8025346	harbor2	chr19	7896951	7897160	LTR/ERVL-MaLR	1005	-	104	7897055	71709
chr19	32307102	32507102	harbor2	chr19	32330821	32331002	LTR/ERVL-MaLR	1975	-	90	32330911	23809
chr19	32307102	32507102	harbor2	chr19	32331299	32331321	LTR/ERVL-MaLR	1975	-	11	32331310	24208
chr19	32307102	32507102	harbor2	chr19	32331625	32331791	LTR/ERVL-MaLR	1975	-	83	32331708	24606
chr19	32307102	32507102	harbor2	chr19	32342622	32342655	LTR/ERVL-MaLR	683	-	16	32342638	35536
chr19	32307102	32507102	harbor2	chr19	32343531	32343871	LTR/ERVL-MaLR	683	-	170	32343701	36599
chr19	32307102	32507102	harbor2	chr19	32366992	32367377	LTR/ERVL-MaLR	2025	-	192	32367184	60082
chr19	32307102	32507102	harbor2	chr19	32368135	32368526	LTR/ERVL-MaLR	1142	-	196	32368331	61229
chr19	32307102	32507102	harbor2	chr19	32372475	32372867	LTR/ERVL-MaLR	2026	-	196	32372671	65569
chr19	32307102	32507102	harbor2	chr19	32372880	32373245	LTR/ERVL-MaLR	2151	-	182	32373062	65960
chr19	32307102	32507102	harbor2	chr19	32373247	32373383	LTR/ERVL-MaLR	694	-	68	32373315	66213
chr19	32307102	32507102	harbor2	chr19	32400676	32401203	LTR/ERVL-MaLR	1569	-	264	32400940	93838
chr19	32307102	32507102	harbor2	chr19	32403085	32403439	LTR/ERVL-MaLR	2204	-	177	32403262	96160
chr19	56021023	56221023	harbor2	chr19	56064626	56065116	LTR/ERVL-MaLR	897	-	245	56064871	43848
chr19	1652744	1852744	harbor2	chr19	1693180	1693390	LTR/ERVL-MaLR	851	-	105	1693285	40541
chr19	1652744	1852744	harbor2	chr19	1693682	1693876	LTR/ERVL-MaLR	804	-	97	1693779	41035
chr19	1652744	1852744	harbor2	chr19	1704723	1704811	LTR/ERVL-MaLR	1634	-	44	1704767	52023
chr19	1652744	1852744	harbor2	chr19	1705108	1705416	LTR/ERVL-MaLR	1634	-	154	1705262	52518
chr19	1652744	1852744	harbor2	chr19	1707659	1707726	LTR/ERVL-MaLR	2008	-	34	1707693	54949
chr19	1652744	1852744	harbor2	chr19	1708052	1708441	LTR/ERVL-MaLR	2008	-	194	1708246	55502
chr19	1652744	1852744	harbor2	chr19	1740150	1740388	LTR/ERVL-MaLR	704	-	119	1740269	87525
chr19	19676568	19876568	harbor2	chr19	19683861	19684207	LTR/ERVL-MaLR	1841	-	173	19684034	7466
chr19	19676568	19876568	harbor2	chr19	19684515	19684565	LTR/ERVL-MaLR	1841	-	25	19684540	7972
chr19	19676568	19876568	harbor2	chr19	19684568	19684693	LTR/ERVL-MaLR	658	-	62	19684630	8062
chr19	19676568	19876568	harbor2	chr19	19756320	19756509	LTR/ERVL-MaLR	2601	-	94	19756414	79846
chr19	19676568	19876568	harbor2	chr19	19756816	19757050	LTR/ERVL-MaLR	2601	-	117	19756933	80365
chr19	19676568	19876568	harbor2	chr19	19757053	19757108	LTR/ERVL-MaLR	4694	-	28	19757081	80513
chr19	19676568	19876568	harbor2	chr19	19757431	19758126	LTR/ERVL-MaLR	4694	-	348	19757779	81211
chr19	19676568	19876568	harbor2	chr19	19763464	19763745	LTR/ERVL-MaLR	880	-	140	19763604	87036
chr19	19676568	19876568	harbor2	chr19	19764059	19764168	LTR/ERVL-MaLR	880	-	54	19764113	87545
chr19	19676568	19876568	harbor2	chr19	19772868	19773043	LTR/ERVL-MaLR	1057	-	88	19772956	96388
chr19	19676568	19876568	harbor2	chr19	19773353	19773403	LTR/ERVL-MaLR	1057	-	25	19773378	96810
chr19	19676568	19876568	harbor2	chr19	19773724	19773859	LTR/ERVL-MaLR	1057	-	68	19773792	97224
chr19	19676595	19876595	harbor2	chr19	19683861	19684207	LTR/ERVL-MaLR	1841	-	173	19684034	7439
chr19	19676595	19876595	harbor2	chr19	19684515	19684565	LTR/ERVL-MaLR	1841	-	25	19684540	7945
chr19	19676595	19876595	harbor2	chr19	19684568	19684693	LTR/ERVL-MaLR	658	-	62	19684630	8035
chr19	19676595	19876595	harbor2	chr19	19756320	19756509	LTR/ERVL-MaLR	2601	-	94	19756414	79819
chr19	19676595	19876595	harbor2	chr19	19756816	19757050	LTR/ERVL-MaLR	2601	-	117	19756933	80338
chr19	19676595	19876595	harbor2	chr19	19757053	19757108	LTR/ERVL-MaLR	4694	-	28	19757081	80486
chr19	19676595	19876595	harbor2	chr19	19757431	19758126	LTR/ERVL-MaLR	4694	-	348	19757779	81184
chr19	19676595	19876595	harbor2	chr19	19763464	19763745	LTR/ERVL-MaLR	880	-	140	19763604	87009
chr19	19676595	19876595	harbor2	chr19	19764059	19764168	LTR/ERVL-MaLR	880	-	54	19764113	87518
chr19	19676595	19876595	harbor2	chr19	19772868	19773043	LTR/ERVL-MaLR	1057	-	88	19772956	96361
chr19	19676595	19876595	harbor2	chr19	19773353	19773403	LTR/ERVL-MaLR	1057	-	25	19773378	96783
chr19	19676595	19876595	harbor2	chr19	19773724	19773859	LTR/ERVL-MaLR	1057	-	68	19773792	97197
chr19	49824648	50024648	harbor2	chr19	49827318	49827730	LTR/ERVL-MaLR	1189	-	206	49827524	2876
chr19	49824648	50024648	harbor2	chr19	49832694	49833103	LTR/ERVL-MaLR	1024	-	204	49832898	8250
chr19	49824648	50024648	harbor2	chr19	49844246	49844614	LTR/ERVL-MaLR	2005	-	184	49844430	19782
chr19	49824648	50024648	harbor2	chr19	49844921	49845107	LTR/ERVL-MaLR	2005	-	93	49845014	20366
chr19	13765177	13965177	harbor2	chr19	13807857	13808250	LTR/ERVL-MaLR	2365	-	196	13808053	42876
chr19	13765177	13965177	harbor2	chr19	13823838	13824005	LTR/ERVL-MaLR	755	-	84	13823922	58745
chr19	1737761	1937761	harbor2	chr19	1740150	1740388	LTR/ERVL-MaLR	704	-	119	1740269	2508
chr19	10659892	10859892	harbor2	chr19	10714274	10714696	LTR/ERVL-MaLR	1682	-	211	10714485	54593
chr19	703331	903331	harbor2	chr19	756127	756796	LTR/ERVL-MaLR	702	-	334	756461	53130
chr19	703331	903331	harbor2	chr19	766041	766241	LTR/ERVL-MaLR	626	-	100	766141	62810
chr19	703331	903331	harbor2	chr19	789226	789512	LTR/ERVL-MaLR	652	-	143	789369	86038
chr19	49751333	49951333	harbor2	chr19	49790026	49790425	LTR/ERVL-MaLR	1679	-	200	49790226	38893
chr19	49751333	49951333	harbor2	chr19	49820950	49821287	LTR/ERVL-MaLR	1154	-	168	49821118	69785
chr19	49751333	49951333	harbor2	chr19	49822572	49822640	LTR/ERVL-MaLR	1154	-	34	49822606	71273
chr19	49751333	49951333	harbor2	chr19	49823257	49823388	LTR/ERVL-MaLR	1154	-	66	49823323	71990
chr19	49751333	49951333	harbor2	chr19	49827318	49827730	LTR/ERVL-MaLR	1189	-	206	49827524	76191
chr19	49751333	49951333	harbor2	chr19	49832694	49833103	LTR/ERVL-MaLR	1024	-	204	49832898	81565
chr19	49751333	49951333	harbor2	chr19	49844246	49844614	LTR/ERVL-MaLR	2005	-	184	49844430	93097
chr19	49751333	49951333	harbor2	chr19	49844921	49845107	LTR/ERVL-MaLR	2005	-	93	49845014	93681
chr19	19676599	19876599	harbor2	chr19	19683861	19684207	LTR/ERVL-MaLR	1841	-	173	19684034	7435
chr19	19676599	19876599	harbor2	chr19	19684515	19684565	LTR/ERVL-MaLR	1841	-	25	19684540	7941
chr19	19676599	19876599	harbor2	chr19	19684568	19684693	LTR/ERVL-MaLR	658	-	62	19684630	8031
chr19	19676599	19876599	harbor2	chr19	19756320	19756509	LTR/ERVL-MaLR	2601	-	94	19756414	79815
chr19	19676599	19876599	harbor2	chr19	19756816	19757050	LTR/ERVL-MaLR	2601	-	117	19756933	80334
chr19	19676599	19876599	harbor2	chr19	19757053	19757108	LTR/ERVL-MaLR	4694	-	28	19757081	80482
chr19	19676599	19876599	harbor2	chr19	19757431	19758126	LTR/ERVL-MaLR	4694	-	348	19757779	81180
chr19	19676599	19876599	harbor2	chr19	19763464	19763745	LTR/ERVL-MaLR	880	-	140	19763604	87005
chr19	19676599	19876599	harbor2	chr19	19764059	19764168	LTR/ERVL-MaLR	880	-	54	19764113	87514
chr19	19676599	19876599	harbor2	chr19	19772868	19773043	LTR/ERVL-MaLR	1057	-	88	19772956	96357
chr19	19676599	19876599	harbor2	chr19	19773353	19773403	LTR/ERVL-MaLR	1057	-	25	19773378	96779
chr19	19676599	19876599	harbor2	chr19	19773724	19773859	LTR/ERVL-MaLR	1057	-	68	19773792	97193
chr19	55638507	55838507	harbor2	chr19	55638535	55638706	LTR/ERVL-MaLR	2264	-	86	55638621	114
chr19	55638507	55838507	harbor2	chr19	55639036	55639068	LTR/ERVL-MaLR	2264	-	16	55639052	545
chr19	55638507	55838507	harbor2	chr19	55714619	55714971	LTR/ERVL-MaLR	1912	-	176	55714795	76288
chr19	48525426	48725426	harbor2	chr19	48527139	48527321	LTR/ERVL-MaLR	1044	-	91	48527230	1804
chr19	48525426	48725426	harbor2	chr19	48527617	48527897	LTR/ERVL-MaLR	1044	-	140	48527757	2331
chr19	48525426	48725426	harbor2	chr19	48528708	48528749	LTR/ERVL-MaLR	1710	-	20	48528728	3302
chr19	48525426	48725426	harbor2	chr19	48586248	48586666	LTR/ERVL-MaLR	1132	-	209	48586457	61031
chr19	48525426	48725426	harbor2	chr19	48597947	48598149	LTR/ERVL-MaLR	1092	-	101	48598048	72622
chr19	48525426	48725426	harbor2	chr19	48529052	48529488	LTR/ERVL-MaLR	1710	-	218	48529270	3844
chr19	51864995	52064995	harbor2	chr19	51889309	51889696	LTR/ERVL-MaLR	1232	-	194	51889503	24508
chr19	1961578	2161578	harbor2	chr19	1973828	1973875	LTR/ERVL-MaLR	1236	-	24	1973852	12274
chr19	1961578	2161578	harbor2	chr19	1974192	1974510	LTR/ERVL-MaLR	1236	-	159	1974351	12773
chr19	1961578	2161578	harbor2	chr19	2052649	2052898	LTR/ERVL-MaLR	1379	-	124	2052773	91195
chr19	1961578	2161578	harbor2	chr19	2053816	2053981	LTR/ERVL-MaLR	1379	-	82	2053898	92320
chr19	39766858	39966858	harbor2	chr19	39772739	39773108	LTR/ERVL-MaLR	1779	-	184	39772923	6065
chr19	39766858	39966858	harbor2	chr19	39796254	39796479	LTR/ERVL-MaLR	853	-	112	39796366	29508
chr19	39766858	39966858	harbor2	chr19	39804012	39804554	LTR/ERVL-MaLR	1571	-	271	39804283	37425
chr19	39766858	39966858	harbor2	chr19	39805214	39805619	LTR/ERVL-MaLR	1314	-	202	39805416	38558
chr19	39766858	39966858	harbor2	chr19	39820846	39821181	LTR/ERVL-MaLR	906	-	168	39821014	54156
chr19	39766858	39966858	harbor2	chr19	39821491	39821590	LTR/ERVL-MaLR	906	-	50	39821541	54683
chr19	39766858	39966858	harbor2	chr19	39852854	39853244	LTR/ERVL-MaLR	1594	-	195	39853049	86191
chr19	39766858	39966858	harbor2	chr19	39855847	39856096	LTR/ERVL-MaLR	710	-	124	39855971	89113
chr19	39766858	39966858	harbor2	chr19	39856337	39856513	LTR/ERVL-MaLR	753	-	88	39856425	89567
chr19	49752229	49952229	harbor2	chr19	49790026	49790425	LTR/ERVL-MaLR	1679	-	200	49790226	37997
chr19	49752229	49952229	harbor2	chr19	49820950	49821287	LTR/ERVL-MaLR	1154	-	168	49821118	68889
chr19	49752229	49952229	harbor2	chr19	49822572	49822640	LTR/ERVL-MaLR	1154	-	34	49822606	70377
chr19	49752229	49952229	harbor2	chr19	49823257	49823388	LTR/ERVL-MaLR	1154	-	66	49823323	71094
chr19	49752229	49952229	harbor2	chr19	49827318	49827730	LTR/ERVL-MaLR	1189	-	206	49827524	75295
chr19	49752229	49952229	harbor2	chr19	49832694	49833103	LTR/ERVL-MaLR	1024	-	204	49832898	80669
chr19	49752229	49952229	harbor2	chr19	49844246	49844614	LTR/ERVL-MaLR	2005	-	184	49844430	92201
chr19	49752229	49952229	harbor2	chr19	49844921	49845107	LTR/ERVL-MaLR	2005	-	93	49845014	92785
chr19	10692589	10892589	harbor2	chr19	10714274	10714696	LTR/ERVL-MaLR	1682	-	211	10714485	21896
chr19	10692589	10892589	harbor2	chr19	10770536	10770910	LTR/ERVL-MaLR	2293	-	187	10770723	78134
chr19	10692589	10892589	harbor2	chr19	10791389	10791543	LTR/ERVL-MaLR	663	-	77	10791466	98877
chr19	10619513	10819513	harbor2	chr19	10714274	10714696	LTR/ERVL-MaLR	1682	-	211	10714485	94972
chr19	54349613	54549613	harbor2	chr19	54398798	54399240	LTR/ERVL-MaLR	1066	-	221	54399019	49406
chr19	10618444	10818444	harbor2	chr19	10714274	10714696	LTR/ERVL-MaLR	1682	-	211	10714485	96041
chr19	562891	762891	harbor2	chr19	610794	611222	LTR/ERVL-MaLR	1064	-	214	611008	48117
chr19	562891	762891	harbor2	chr19	637054	637333	LTR/ERVL-MaLR	628	-	140	637194	74303
chr19	10710564	10910564	harbor2	chr19	10714274	10714696	LTR/ERVL-MaLR	1682	-	211	10714485	3921
chr19	10710564	10910564	harbor2	chr19	10770536	10770910	LTR/ERVL-MaLR	2293	-	187	10770723	60159
chr19	10710564	10910564	harbor2	chr19	10791389	10791543	LTR/ERVL-MaLR	663	-	77	10791466	80902
chr19	44747639	44947639	harbor2	chr19	44762235	44762520	LTR/ERVL-MaLR	1299	-	142	44762377	14738
chr19	44747639	44947639	harbor2	chr19	44763696	44763973	LTR/ERVL-MaLR	907	-	138	44763834	16195
chr19	44747639	44947639	harbor2	chr19	44767311	44767756	LTR/ERVL-MaLR	1478	-	222	44767533	19894
chr19	44747639	44947639	harbor2	chr19	44774036	44774130	LTR/ERVL-MaLR	898	-	47	44774083	26444
chr19	44747639	44947639	harbor2	chr19	44774167	44774348	LTR/ERVL-MaLR	898	-	90	44774257	26618
chr19	44747639	44947639	harbor2	chr19	44783025	44783088	LTR/ERVL-MaLR	858	-	32	44783057	35418
chr19	44747639	44947639	harbor2	chr19	44783709	44783955	LTR/ERVL-MaLR	858	-	123	44783832	36193
chr19	44747639	44947639	harbor2	chr19	44803975	44804475	LTR/ERVL-MaLR	776	-	250	44804225	56586
chr19	1724265	1924265	harbor2	chr19	1740150	1740388	LTR/ERVL-MaLR	704	-	119	1740269	16004
chr19	58357531	58557531	harbor2	chr19	58364347	58364612	LTR/ERVL-MaLR	1029	-	132	58364479	6948
chr19	58357531	58557531	harbor2	chr19	58370061	58370527	LTR/ERVL-MaLR	1651	-	233	58370294	12763
chr19	58357531	58557531	harbor2	chr19	58398820	58398879	LTR/ERVL-MaLR	2124	-	30	58398850	41319
chr19	58357531	58557531	harbor2	chr19	58399488	58399896	LTR/ERVL-MaLR	2124	-	204	58399692	42161
chr19	49751249	49951249	harbor2	chr19	49790026	49790425	LTR/ERVL-MaLR	1679	-	200	49790226	38977
chr19	49751249	49951249	harbor2	chr19	49820950	49821287	LTR/ERVL-MaLR	1154	-	168	49821118	69869
chr19	49751249	49951249	harbor2	chr19	49822572	49822640	LTR/ERVL-MaLR	1154	-	34	49822606	71357
chr19	49751249	49951249	harbor2	chr19	49823257	49823388	LTR/ERVL-MaLR	1154	-	66	49823323	72074
chr19	49751249	49951249	harbor2	chr19	49827318	49827730	LTR/ERVL-MaLR	1189	-	206	49827524	76275
chr19	49751249	49951249	harbor2	chr19	49832694	49833103	LTR/ERVL-MaLR	1024	-	204	49832898	81649
chr19	49751249	49951249	harbor2	chr19	49844246	49844614	LTR/ERVL-MaLR	2005	-	184	49844430	93181
chr19	49751249	49951249	harbor2	chr19	49844921	49845107	LTR/ERVL-MaLR	2005	-	93	49845014	93765
chr19	1648698	1848698	harbor2	chr19	1693180	1693390	LTR/ERVL-MaLR	851	-	105	1693285	44587
chr19	1648698	1848698	harbor2	chr19	1693682	1693876	LTR/ERVL-MaLR	804	-	97	1693779	45081
chr19	1648698	1848698	harbor2	chr19	1704723	1704811	LTR/ERVL-MaLR	1634	-	44	1704767	56069
chr19	1648698	1848698	harbor2	chr19	1705108	1705416	LTR/ERVL-MaLR	1634	-	154	1705262	56564
chr19	1648698	1848698	harbor2	chr19	1707659	1707726	LTR/ERVL-MaLR	2008	-	34	1707693	58995
chr19	1648698	1848698	harbor2	chr19	1708052	1708441	LTR/ERVL-MaLR	2008	-	194	1708246	59548
chr19	1648698	1848698	harbor2	chr19	1740150	1740388	LTR/ERVL-MaLR	704	-	119	1740269	91571
chr19	190996	390996	harbor2	chr19	217296	217646	LTR/ERVL-MaLR	1516	-	175	217471	26475
chr19	190996	390996	harbor2	chr19	227767	228084	LTR/ERVL-MaLR	1677	-	158	227925	36929
chr19	190996	390996	harbor2	chr19	252328	252692	LTR/ERVL-MaLR	2259	-	182	252510	61514
chr19	54992203	55192203	harbor2	chr19	54993830	54994134	LTR/ERVL-MaLR	989	-	152	54993982	1779
chr19	54992203	55192203	harbor2	chr19	55042757	55043030	LTR/ERVL-MaLR	739	-	136	55042893	50690
chr19	54992203	55192203	harbor2	chr19	55050593	55050783	LTR/ERVL-MaLR	845	-	95	55050688	58485
chr19	54992203	55192203	harbor2	chr19	55060857	55061112	LTR/ERVL-MaLR	1591	-	128	55060985	68782
chr19	54992203	55192203	harbor2	chr19	55061425	55061513	LTR/ERVL-MaLR	1591	-	44	55061469	69266
chr19	54992203	55192203	harbor2	chr19	55061807	55061835	LTR/ERVL-MaLR	1591	-	14	55061821	69618
chr19	54992203	55192203	harbor2	chr19	55062132	55062242	LTR/ERVL-MaLR	1591	-	55	55062187	69984
chr19	10715408	10915408	harbor2	chr19	10770536	10770910	LTR/ERVL-MaLR	2293	-	187	10770723	55315
chr19	10715408	10915408	harbor2	chr19	10791389	10791543	LTR/ERVL-MaLR	663	-	77	10791466	76058
chr19	10235994	10435994	harbor2	chr19	10262784	10263087	LTR/ERVL-MaLR	1144	-	152	10262936	26942
chr19	31990162	32190162	harbor2	chr19	31994522	31994864	LTR/ERVL-MaLR	1493	-	171	31994693	4531
chr19	31990162	32190162	harbor2	chr19	32002425	32002772	LTR/ERVL-MaLR	1565	-	174	32002599	12437
chr19	31990162	32190162	harbor2	chr19	32020567	32020927	LTR/ERVL-MaLR	1881	-	180	32020747	30585
chr19	31990162	32190162	harbor2	chr19	32054712	32055000	LTR/ERVL-MaLR	1848	-	144	32054856	64694
chr19	31990162	32190162	harbor2	chr19	32055293	32055407	LTR/ERVL-MaLR	1848	-	57	32055350	65188
chr19	49752869	49952869	harbor2	chr19	49790026	49790425	LTR/ERVL-MaLR	1679	-	200	49790226	37357
chr19	49752869	49952869	harbor2	chr19	49820950	49821287	LTR/ERVL-MaLR	1154	-	168	49821118	68249
chr19	49752869	49952869	harbor2	chr19	49822572	49822640	LTR/ERVL-MaLR	1154	-	34	49822606	69737
chr19	49752869	49952869	harbor2	chr19	49823257	49823388	LTR/ERVL-MaLR	1154	-	66	49823323	70454
chr19	49752869	49952869	harbor2	chr19	49827318	49827730	LTR/ERVL-MaLR	1189	-	206	49827524	74655
chr19	49752869	49952869	harbor2	chr19	49832694	49833103	LTR/ERVL-MaLR	1024	-	204	49832898	80029
chr19	49752869	49952869	harbor2	chr19	49844246	49844614	LTR/ERVL-MaLR	2005	-	184	49844430	91561
chr19	49752869	49952869	harbor2	chr19	49844921	49845107	LTR/ERVL-MaLR	2005	-	93	49845014	92145
chr19	10258104	10458104	harbor2	chr19	10262784	10263087	LTR/ERVL-MaLR	1144	-	152	10262936	4832
chr19	38124222	38324222	harbor2	chr19	38127836	38128042	LTR/ERVL-MaLR	892	-	103	38127939	3717
chr19	38124222	38324222	harbor2	chr19	38139679	38140057	LTR/ERVL-MaLR	1589	-	189	38139868	15646
chr19	38124222	38324222	harbor2	chr19	38150892	38151231	LTR/ERVL-MaLR	946	-	170	38151062	26840
chr19	38124222	38324222	harbor2	chr19	38162607	38162974	LTR/ERVL-MaLR	1375	-	184	38162791	38569
chr19	38124222	38324222	harbor2	chr19	38185489	38185917	LTR/ERVL-MaLR	2103	-	214	38185703	61481
chr19	45370037	45570037	harbor2	chr19	45376453	45376640	LTR/ERVL-MaLR	797	-	94	45376547	6510
chr19	45370037	45570037	harbor2	chr19	45376945	45377064	LTR/ERVL-MaLR	797	-	60	45377005	6968
chr19	58377939	58577939	harbor2	chr19	58398820	58398879	LTR/ERVL-MaLR	2124	-	30	58398850	20911
chr19	58377939	58577939	harbor2	chr19	58399488	58399896	LTR/ERVL-MaLR	2124	-	204	58399692	21753
chr19	58377939	58577939	harbor2	chr19	58458583	58458809	LTR/ERVL-MaLR	2206	-	113	58458696	80757
chr19	58377939	58577939	harbor2	chr19	58459416	58459522	LTR/ERVL-MaLR	2206	-	53	58459469	81530
chr19	58377939	58577939	harbor2	chr19	58459920	58460016	LTR/ERVL-MaLR	2206	-	48	58459968	82029
chr19	7820407	8020407	harbor2	chr19	7897667	7897898	LTR/ERVL-MaLR	1005	-	116	7897783	77376
chr19	7820407	8020407	harbor2	chr19	7896951	7897160	LTR/ERVL-MaLR	1005	-	104	7897055	76648
chr19	10698134	10898134	harbor2	chr19	10714274	10714696	LTR/ERVL-MaLR	1682	-	211	10714485	16351
chr19	10698134	10898134	harbor2	chr19	10770536	10770910	LTR/ERVL-MaLR	2293	-	187	10770723	72589
chr19	10698134	10898134	harbor2	chr19	10791389	10791543	LTR/ERVL-MaLR	663	-	77	10791466	93332
chr19	29842433	30042433	harbor2	chr19	29855156	29855462	LTR/ERVL-MaLR	1111	-	153	29855309	12876
chr19	29842433	30042433	harbor2	chr19	29861818	29861974	LTR/ERVL-MaLR	894	-	78	29861896	19463
chr19	29842433	30042433	harbor2	chr19	29862288	29862511	LTR/ERVL-MaLR	894	-	112	29862400	19967
chr19	29842433	30042433	harbor2	chr19	29931225	29931608	LTR/ERVL-MaLR	1302	-	192	29931417	88984
chr19	29842433	30042433	harbor2	chr19	29934316	29934514	LTR/ERVL-MaLR	1058	-	99	29934415	91982
chr19	29842433	30042433	harbor2	chr19	29938158	29938531	LTR/ERVL-MaLR	1990	-	186	29938344	95911
chr19	33094159	33294159	harbor2	chr19	33157792	33158056	LTR/ERVL-MaLR	959	-	132	33157924	63765
chr19	33094159	33294159	harbor2	chr19	33186090	33186244	LTR/ERVL-MaLR	2040	-	77	33186167	92008
chr19	33094159	33294159	harbor2	chr19	33186548	33186793	LTR/ERVL-MaLR	2040	-	122	33186670	92511
chr19	33094159	33294159	harbor2	chr19	33189356	33189721	LTR/ERVL-MaLR	2651	-	182	33189538	95379
chr19	55205663	55405663	harbor2	chr19	55214151	55214396	LTR/ERVL-MaLR	2476	-	122	55214273	8610
chr19	55205663	55405663	harbor2	chr19	55214654	55214834	LTR/ERVL-MaLR	2476	-	90	55214744	9081
chr19	55205663	55405663	harbor2	chr19	55217859	55218109	LTR/ERVL-MaLR	1437	-	125	55217984	12321
chr19	55205663	55405663	harbor2	chr19	55219277	55219401	LTR/ERVL-MaLR	712	-	62	55219339	13676
chr19	55205663	55405663	harbor2	chr19	55281215	55281649	LTR/ERVL-MaLR	1993	-	217	55281432	75769
chr19	55205663	55405663	harbor2	chr19	55300870	55301078	LTR/ERVL-MaLR	617	-	104	55300974	95311
chr19	32286588	32486588	harbor2	chr19	32296636	32297026	LTR/ERVL-MaLR	1984	-	195	32296831	10243
chr19	32286588	32486588	harbor2	chr19	32330821	32331002	LTR/ERVL-MaLR	1975	-	90	32330911	44323
chr19	32286588	32486588	harbor2	chr19	32331299	32331321	LTR/ERVL-MaLR	1975	-	11	32331310	44722
chr19	32286588	32486588	harbor2	chr19	32331625	32331791	LTR/ERVL-MaLR	1975	-	83	32331708	45120
chr19	32286588	32486588	harbor2	chr19	32342622	32342655	LTR/ERVL-MaLR	683	-	16	32342638	56050
chr19	32286588	32486588	harbor2	chr19	32343531	32343871	LTR/ERVL-MaLR	683	-	170	32343701	57113
chr19	32286588	32486588	harbor2	chr19	32366992	32367377	LTR/ERVL-MaLR	2025	-	192	32367184	80596
chr19	32286588	32486588	harbor2	chr19	32368135	32368526	LTR/ERVL-MaLR	1142	-	196	32368331	81743
chr19	32286588	32486588	harbor2	chr19	32372475	32372867	LTR/ERVL-MaLR	2026	-	196	32372671	86083
chr19	32286588	32486588	harbor2	chr19	32372880	32373245	LTR/ERVL-MaLR	2151	-	182	32373062	86474
chr19	32286588	32486588	harbor2	chr19	32373247	32373383	LTR/ERVL-MaLR	694	-	68	32373315	86727
chr19	10618443	10818443	harbor2	chr19	10714274	10714696	LTR/ERVL-MaLR	1682	-	211	10714485	96042
chr19	18675307	18875307	harbor2	chr19	18714971	18715222	LTR/ERVL-MaLR	782	-	126	18715097	39790
chr19	18675307	18875307	harbor2	chr19	18720918	18721195	LTR/ERVL-MaLR	753	-	138	18721056	45749
chr19	18675307	18875307	harbor2	chr19	18721794	18721891	LTR/ERVL-MaLR	753	-	48	18721842	46535
chr19	18675307	18875307	harbor2	chr19	18724435	18724877	LTR/ERVL-MaLR	903	-	221	18724656	49349
chr19	18675307	18875307	harbor2	chr19	18731147	18731556	LTR/ERVL-MaLR	1399	-	204	18731351	56044
chr19	19676587	19876587	harbor2	chr19	19683861	19684207	LTR/ERVL-MaLR	1841	-	173	19684034	7447
chr19	19676587	19876587	harbor2	chr19	19684515	19684565	LTR/ERVL-MaLR	1841	-	25	19684540	7953
chr19	19676587	19876587	harbor2	chr19	19684568	19684693	LTR/ERVL-MaLR	658	-	62	19684630	8043
chr19	19676587	19876587	harbor2	chr19	19756320	19756509	LTR/ERVL-MaLR	2601	-	94	19756414	79827
chr19	19676587	19876587	harbor2	chr19	19756816	19757050	LTR/ERVL-MaLR	2601	-	117	19756933	80346
chr19	19676587	19876587	harbor2	chr19	19757053	19757108	LTR/ERVL-MaLR	4694	-	28	19757081	80494
chr19	19676587	19876587	harbor2	chr19	19757431	19758126	LTR/ERVL-MaLR	4694	-	348	19757779	81192
chr19	19676587	19876587	harbor2	chr19	19763464	19763745	LTR/ERVL-MaLR	880	-	140	19763604	87017
chr19	19676587	19876587	harbor2	chr19	19764059	19764168	LTR/ERVL-MaLR	880	-	54	19764113	87526
chr19	19676587	19876587	harbor2	chr19	19772868	19773043	LTR/ERVL-MaLR	1057	-	88	19772956	96369
chr19	19676587	19876587	harbor2	chr19	19773353	19773403	LTR/ERVL-MaLR	1057	-	25	19773378	96791
chr19	19676587	19876587	harbor2	chr19	19773724	19773859	LTR/ERVL-MaLR	1057	-	68	19773792	97205
chr19	41689213	41889213	harbor2	chr19	41732456	41732669	LTR/ERVL-MaLR	1123	-	106	41732562	43349
chr19	41689213	41889213	harbor2	chr19	41772281	41772493	LTR/ERVL-MaLR	1088	-	106	41772387	83174
chr19	48640267	48840267	harbor2	chr19	48649590	48649764	LTR/ERVL-MaLR	866	-	87	48649677	9410
chr19	48640267	48840267	harbor2	chr19	48700242	48700319	LTR/ERVL-MaLR	807	-	38	48700280	60013
chr19	48640267	48840267	harbor2	chr19	48700631	48700996	LTR/ERVL-MaLR	807	-	182	48700813	60546
chr19	48640267	48840267	harbor2	chr19	48704091	48704139	LTR/ERVL-MaLR	838	-	24	48704115	63848
chr19	48640267	48840267	harbor2	chr19	48704452	48704884	LTR/ERVL-MaLR	838	-	216	48704668	64401
chr19	49751329	49951329	harbor2	chr19	49790026	49790425	LTR/ERVL-MaLR	1679	-	200	49790226	38897
chr19	49751329	49951329	harbor2	chr19	49820950	49821287	LTR/ERVL-MaLR	1154	-	168	49821118	69789
chr19	49751329	49951329	harbor2	chr19	49822572	49822640	LTR/ERVL-MaLR	1154	-	34	49822606	71277
chr19	49751329	49951329	harbor2	chr19	49823257	49823388	LTR/ERVL-MaLR	1154	-	66	49823323	71994
chr19	49751329	49951329	harbor2	chr19	49827318	49827730	LTR/ERVL-MaLR	1189	-	206	49827524	76195
chr19	49751329	49951329	harbor2	chr19	49832694	49833103	LTR/ERVL-MaLR	1024	-	204	49832898	81569
chr19	49751329	49951329	harbor2	chr19	49844246	49844614	LTR/ERVL-MaLR	2005	-	184	49844430	93101
chr19	49751329	49951329	harbor2	chr19	49844921	49845107	LTR/ERVL-MaLR	2005	-	93	49845014	93685
chr19	45692535	45892535	harbor2	chr19	45738919	45739147	LTR/ERVL-MaLR	1494	-	114	45739033	46498
chr19	45692535	45892535	harbor2	chr19	45739452	45739778	LTR/ERVL-MaLR	1494	-	163	45739615	47080
chr19	45692535	45892535	harbor2	chr19	45745872	45745926	LTR/ERVL-MaLR	1508	-	27	45745899	53364
chr19	45692535	45892535	harbor2	chr19	45746267	45746566	LTR/ERVL-MaLR	1508	-	150	45746417	53882
chr19	45692535	45892535	harbor2	chr19	45746843	45746965	LTR/ERVL-MaLR	1508	-	61	45746904	54369
chr19	49830317	50030317	harbor2	chr19	49832694	49833103	LTR/ERVL-MaLR	1024	-	204	49832898	2581
chr19	49830317	50030317	harbor2	chr19	49844246	49844614	LTR/ERVL-MaLR	2005	-	184	49844430	14113
chr19	49830317	50030317	harbor2	chr19	49844921	49845107	LTR/ERVL-MaLR	2005	-	93	49845014	14697
chr19	11095869	11295869	harbor2	chr19	11096393	11096899	LTR/ERVL-MaLR	1850	-	253	11096646	777
chr19	11095869	11295869	harbor2	chr19	11145505	11145868	LTR/ERVL-MaLR	720	-	182	11145687	49818
chr19	33324387	33524387	harbor2	chr19	33342617	33342996	LTR/ERVL-MaLR	2534	-	190	33342807	18420
chr19	19952302	20152302	harbor2	chr19	19998466	19998789	LTR/ERVL-MaLR	863	-	162	19998628	46326
chr19	19952302	20152302	harbor2	chr19	20001584	20001903	LTR/ERVL-MaLR	1395	-	160	20001744	49442
chr19	19952302	20152302	harbor2	chr19	20049108	20049438	LTR/ERVL-MaLR	1467	-	165	20049273	96971
chr19	19952302	20152302	harbor2	chr19	20050508	20050879	LTR/ERVL-MaLR	2516	-	186	20050694	98392
chr19	317994	517994	harbor2	chr19	349140	349398	LTR/ERVL-MaLR	1968	-	129	349269	31275
chr19	317994	517994	harbor2	chr19	349702	349857	LTR/ERVL-MaLR	1968	-	78	349780	31786
chr19	317994	517994	harbor2	chr19	359565	359928	LTR/ERVL-MaLR	1632	-	182	359747	41753
chr19	317994	517994	harbor2	chr19	388953	389160	LTR/ERVL-MaLR	737	-	104	389057	71063
chr19	317994	517994	harbor2	chr19	389280	389488	LTR/ERVL-MaLR	639	-	104	389384	71390
chr19	1569007	1769007	harbor2	chr19	1571362	1571790	LTR/ERVL-MaLR	735	-	214	1571576	2569
chr19	35168150	35368150	harbor2	chr19	35176532	35176652	LTR/ERVL-MaLR	1060	-	60	35176592	8442
chr19	35168150	35368150	harbor2	chr19	35177258	35177443	LTR/ERVL-MaLR	1060	-	92	35177350	9200
chr19	35168150	35368150	harbor2	chr19	35177444	35177785	LTR/ERVL-MaLR	2041	-	170	35177614	9464
chr19	35168150	35368150	harbor2	chr19	35177786	35177828	LTR/ERVL-MaLR	1060	-	21	35177807	9657
chr19	35168150	35368150	harbor2	chr19	35177902	35178123	LTR/ERVL-MaLR	649	-	110	35178012	9862
chr19	35168150	35368150	harbor2	chr19	35196782	35197113	LTR/ERVL-MaLR	2151	-	166	35196948	28798
chr19	35168150	35368150	harbor2	chr19	35197397	35197445	LTR/ERVL-MaLR	2151	-	24	35197421	29271
chr19	35168150	35368150	harbor2	chr19	35217514	35217896	LTR/ERVL-MaLR	1538	-	191	35217705	49555
chr19	35168150	35368150	harbor2	chr19	35219178	35219564	LTR/ERVL-MaLR	1250	-	193	35219371	51221
chr19	35168150	35368150	harbor2	chr19	35222922	35223514	LTR/ERVL-MaLR	1505	-	296	35223218	55068
chr19	35168150	35368150	harbor2	chr19	35233217	35233329	LTR/ERVL-MaLR	685	-	56	35233273	65123
chr19	35168150	35368150	harbor2	chr19	35233653	35234003	LTR/ERVL-MaLR	685	-	175	35233828	65678
chr19	35168150	35368150	harbor2	chr19	35235922	35236208	LTR/ERVL-MaLR	722	-	143	35236065	67915
chr19	35168150	35368150	harbor2	chr19	35236599	35236921	LTR/ERVL-MaLR	1646	-	161	35236760	68610
chr19	35168150	35368150	harbor2	chr19	35236997	35237228	LTR/ERVL-MaLR	690	-	116	35237113	68963
chr19	10732897	10932897	harbor2	chr19	10770536	10770910	LTR/ERVL-MaLR	2293	-	187	10770723	37826
chr19	10732897	10932897	harbor2	chr19	10791389	10791543	LTR/ERVL-MaLR	663	-	77	10791466	58569
chr19	1	173810	harbor2	chr19	76174	76530	LTR/ERVL-MaLR	923	-	178	76352	76351
chr19	9870651	10070651	harbor2	chr19	9881435	9881556	LTR/ERVL-MaLR	690	-	60	9881495	10844
chr19	9870651	10070651	harbor2	chr19	9881797	9881949	LTR/ERVL-MaLR	923	-	76	9881873	11222
chr19	9870651	10070651	harbor2	chr19	9882549	9882598	LTR/ERVL-MaLR	923	-	24	9882573	11922
chr19	19676557	19876557	harbor2	chr19	19683861	19684207	LTR/ERVL-MaLR	1841	-	173	19684034	7477
chr19	19676557	19876557	harbor2	chr19	19684515	19684565	LTR/ERVL-MaLR	1841	-	25	19684540	7983
chr19	19676557	19876557	harbor2	chr19	19684568	19684693	LTR/ERVL-MaLR	658	-	62	19684630	8073
chr19	19676557	19876557	harbor2	chr19	19756320	19756509	LTR/ERVL-MaLR	2601	-	94	19756414	79857
chr19	19676557	19876557	harbor2	chr19	19756816	19757050	LTR/ERVL-MaLR	2601	-	117	19756933	80376
chr19	19676557	19876557	harbor2	chr19	19757053	19757108	LTR/ERVL-MaLR	4694	-	28	19757081	80524
chr19	19676557	19876557	harbor2	chr19	19757431	19758126	LTR/ERVL-MaLR	4694	-	348	19757779	81222
chr19	19676557	19876557	harbor2	chr19	19763464	19763745	LTR/ERVL-MaLR	880	-	140	19763604	87047
chr19	19676557	19876557	harbor2	chr19	19764059	19764168	LTR/ERVL-MaLR	880	-	54	19764113	87556
chr19	19676557	19876557	harbor2	chr19	19772868	19773043	LTR/ERVL-MaLR	1057	-	88	19772956	96399
chr19	19676557	19876557	harbor2	chr19	19773353	19773403	LTR/ERVL-MaLR	1057	-	25	19773378	96821
chr19	19676557	19876557	harbor2	chr19	19773724	19773859	LTR/ERVL-MaLR	1057	-	68	19773792	97235
chr19	1813737	2013737	harbor2	chr19	1910058	1910323	LTR/ERVL-MaLR	632	-	132	1910190	96453
chr19	45692508	45892508	harbor2	chr19	45738919	45739147	LTR/ERVL-MaLR	1494	-	114	45739033	46525
chr19	45692508	45892508	harbor2	chr19	45739452	45739778	LTR/ERVL-MaLR	1494	-	163	45739615	47107
chr19	45692508	45892508	harbor2	chr19	45745872	45745926	LTR/ERVL-MaLR	1508	-	27	45745899	53391
chr19	45692508	45892508	harbor2	chr19	45746267	45746566	LTR/ERVL-MaLR	1508	-	150	45746417	53909
chr19	45692508	45892508	harbor2	chr19	45746843	45746965	LTR/ERVL-MaLR	1508	-	61	45746904	54396
chr19	19676582	19876582	harbor2	chr19	19683861	19684207	LTR/ERVL-MaLR	1841	-	173	19684034	7452
chr19	19676582	19876582	harbor2	chr19	19684515	19684565	LTR/ERVL-MaLR	1841	-	25	19684540	7958
chr19	19676582	19876582	harbor2	chr19	19684568	19684693	LTR/ERVL-MaLR	658	-	62	19684630	8048
chr19	19676582	19876582	harbor2	chr19	19756320	19756509	LTR/ERVL-MaLR	2601	-	94	19756414	79832
chr19	19676582	19876582	harbor2	chr19	19756816	19757050	LTR/ERVL-MaLR	2601	-	117	19756933	80351
chr19	19676582	19876582	harbor2	chr19	19757053	19757108	LTR/ERVL-MaLR	4694	-	28	19757081	80499
chr19	19676582	19876582	harbor2	chr19	19757431	19758126	LTR/ERVL-MaLR	4694	-	348	19757779	81197
chr19	19676582	19876582	harbor2	chr19	19763464	19763745	LTR/ERVL-MaLR	880	-	140	19763604	87022
chr19	19676582	19876582	harbor2	chr19	19764059	19764168	LTR/ERVL-MaLR	880	-	54	19764113	87531
chr19	19676582	19876582	harbor2	chr19	19772868	19773043	LTR/ERVL-MaLR	1057	-	88	19772956	96374
chr19	19676582	19876582	harbor2	chr19	19773353	19773403	LTR/ERVL-MaLR	1057	-	25	19773378	96796
chr19	19676582	19876582	harbor2	chr19	19773724	19773859	LTR/ERVL-MaLR	1057	-	68	19773792	97210
chr19	32340709	32540709	harbor2	chr19	32342622	32342655	LTR/ERVL-MaLR	683	-	16	32342638	1929
chr19	32340709	32540709	harbor2	chr19	32343531	32343871	LTR/ERVL-MaLR	683	-	170	32343701	2992
chr19	32340709	32540709	harbor2	chr19	32366992	32367377	LTR/ERVL-MaLR	2025	-	192	32367184	26475
chr19	32340709	32540709	harbor2	chr19	32368135	32368526	LTR/ERVL-MaLR	1142	-	196	32368331	27622
chr19	32340709	32540709	harbor2	chr19	32372475	32372867	LTR/ERVL-MaLR	2026	-	196	32372671	31962
chr19	32340709	32540709	harbor2	chr19	32372880	32373245	LTR/ERVL-MaLR	2151	-	182	32373062	32353
chr19	32340709	32540709	harbor2	chr19	32373247	32373383	LTR/ERVL-MaLR	694	-	68	32373315	32606
chr19	32340709	32540709	harbor2	chr19	32400676	32401203	LTR/ERVL-MaLR	1569	-	264	32400940	60231
chr19	32340709	32540709	harbor2	chr19	32403085	32403439	LTR/ERVL-MaLR	2204	-	177	32403262	62553
chr19	32340709	32540709	harbor2	chr19	32409520	32409941	LTR/ERVL-MaLR	2022	-	210	32409730	69021
chr19	32340709	32540709	harbor2	chr19	32434693	32434910	LTR/ERVL-MaLR	1016	-	108	32434801	94092
chr19	32340709	32540709	harbor2	chr19	32434959	32435352	LTR/ERVL-MaLR	1331	-	196	32435155	94446
chr19	19676565	19876565	harbor2	chr19	19683861	19684207	LTR/ERVL-MaLR	1841	-	173	19684034	7469
chr19	19676565	19876565	harbor2	chr19	19684515	19684565	LTR/ERVL-MaLR	1841	-	25	19684540	7975
chr19	19676565	19876565	harbor2	chr19	19684568	19684693	LTR/ERVL-MaLR	658	-	62	19684630	8065
chr19	19676565	19876565	harbor2	chr19	19756320	19756509	LTR/ERVL-MaLR	2601	-	94	19756414	79849
chr19	19676565	19876565	harbor2	chr19	19756816	19757050	LTR/ERVL-MaLR	2601	-	117	19756933	80368
chr19	19676565	19876565	harbor2	chr19	19757053	19757108	LTR/ERVL-MaLR	4694	-	28	19757081	80516
chr19	19676565	19876565	harbor2	chr19	19757431	19758126	LTR/ERVL-MaLR	4694	-	348	19757779	81214
chr19	19676565	19876565	harbor2	chr19	19763464	19763745	LTR/ERVL-MaLR	880	-	140	19763604	87039
chr19	19676565	19876565	harbor2	chr19	19764059	19764168	LTR/ERVL-MaLR	880	-	54	19764113	87548
chr19	19676565	19876565	harbor2	chr19	19772868	19773043	LTR/ERVL-MaLR	1057	-	88	19772956	96391
chr19	19676565	19876565	harbor2	chr19	19773353	19773403	LTR/ERVL-MaLR	1057	-	25	19773378	96813
chr19	19676565	19876565	harbor2	chr19	19773724	19773859	LTR/ERVL-MaLR	1057	-	68	19773792	97227
chr19	1467897	1667897	harbor2	chr19	1547409	1547729	LTR/ERVL-MaLR	1502	-	160	1547569	79672
chr19	10236197	10436197	harbor2	chr19	10262784	10263087	LTR/ERVL-MaLR	1144	-	152	10262936	26739
chr19	1	171076	harbor2	chr19	76174	76530	LTR/ERVL-MaLR	923	-	178	76352	76351
chr19	208948	408948	harbor2	chr19	217296	217646	LTR/ERVL-MaLR	1516	-	175	217471	8523
chr19	208948	408948	harbor2	chr19	227767	228084	LTR/ERVL-MaLR	1677	-	158	227925	18977
chr19	208948	408948	harbor2	chr19	252328	252692	LTR/ERVL-MaLR	2259	-	182	252510	43562
chr19	23929675	24129675	harbor2	chr19	24021637	24022108	LTR/ERVL-MaLR	1171	-	236	24021873	92198
chr19	23929675	24129675	harbor2	chr19	24022719	24022739	LTR/ERVL-MaLR	1171	-	10	24022729	93054
chr19	10721274	10921274	harbor2	chr19	10770536	10770910	LTR/ERVL-MaLR	2293	-	187	10770723	49449
chr19	10721274	10921274	harbor2	chr19	10791389	10791543	LTR/ERVL-MaLR	663	-	77	10791466	70192
chr19	10736368	10936368	harbor2	chr19	10770536	10770910	LTR/ERVL-MaLR	2293	-	187	10770723	34355
chr19	10736368	10936368	harbor2	chr19	10791389	10791543	LTR/ERVL-MaLR	663	-	77	10791466	55098
chr19	10618459	10818459	harbor2	chr19	10714274	10714696	LTR/ERVL-MaLR	1682	-	211	10714485	96026
chr19	1552371	1752371	harbor2	chr19	1571362	1571790	LTR/ERVL-MaLR	735	-	214	1571576	19205
chr19	10771137	10971137	harbor2	chr19	10791389	10791543	LTR/ERVL-MaLR	663	-	77	10791466	20329
chr19	10771137	10971137	harbor2	chr19	10854804	10855030	LTR/ERVL-MaLR	1205	-	113	10854917	83780
chr19	10771137	10971137	harbor2	chr19	10855964	10856126	LTR/ERVL-MaLR	1205	-	81	10856045	84908
chr19	49751324	49951324	harbor2	chr19	49790026	49790425	LTR/ERVL-MaLR	1679	-	200	49790226	38902
chr19	49751324	49951324	harbor2	chr19	49820950	49821287	LTR/ERVL-MaLR	1154	-	168	49821118	69794
chr19	49751324	49951324	harbor2	chr19	49822572	49822640	LTR/ERVL-MaLR	1154	-	34	49822606	71282
chr19	49751324	49951324	harbor2	chr19	49823257	49823388	LTR/ERVL-MaLR	1154	-	66	49823323	71999
chr19	49751324	49951324	harbor2	chr19	49827318	49827730	LTR/ERVL-MaLR	1189	-	206	49827524	76200
chr19	49751324	49951324	harbor2	chr19	49832694	49833103	LTR/ERVL-MaLR	1024	-	204	49832898	81574
chr19	49751324	49951324	harbor2	chr19	49844246	49844614	LTR/ERVL-MaLR	2005	-	184	49844430	93106
chr19	49751324	49951324	harbor2	chr19	49844921	49845107	LTR/ERVL-MaLR	2005	-	93	49845014	93690
chr19	1254881	1454881	harbor2	chr19	1339876	1340042	LTR/ERVL-MaLR	650	-	83	1339959	85078
chr19	1254881	1454881	harbor2	chr19	1347158	1347282	LTR/ERVL-MaLR	1451	-	62	1347220	92339
chr19	1254881	1454881	harbor2	chr19	1347535	1347669	LTR/ERVL-MaLR	1451	-	67	1347602	92721
chr19	1254881	1454881	harbor2	chr19	1347983	1348021	LTR/ERVL-MaLR	1451	-	19	1348002	93121
chr19	1467949	1667949	harbor2	chr19	1547409	1547729	LTR/ERVL-MaLR	1502	-	160	1547569	79620
chr19	4228526	4428526	harbor2	chr19	4256527	4257038	LTR/ERVL-MaLR	2613	-	256	4256783	28257
chr19	4228526	4428526	harbor2	chr19	4271686	4271816	LTR/ERVL-MaLR	740	-	65	4271751	43225
chr19	4228526	4428526	harbor2	chr19	4272123	4272261	LTR/ERVL-MaLR	740	-	69	4272192	43666
chr19	441432	641432	harbor2	chr19	448217	448573	LTR/ERVL-MaLR	724	-	178	448395	6963
chr19	441432	641432	harbor2	chr19	509398	509807	LTR/ERVL-MaLR	1426	-	204	509602	68170
chr19	441432	641432	harbor2	chr19	526064	526491	LTR/ERVL-MaLR	1286	-	214	526278	84846
chr19	55385170	55585170	harbor2	chr19	55424689	55425089	LTR/ERVL-MaLR	1304	-	200	55424889	39719
chr19	55385170	55585170	harbor2	chr19	55470331	55470550	LTR/ERVL-MaLR	721	-	110	55470441	85271
chr19	15882495	16082495	harbor2	chr19	15960401	15960765	LTR/ERVL-MaLR	1637	-	182	15960583	78088
chr19	49713961	49913961	harbor2	chr19	49725932	49726301	LTR/ERVL-MaLR	2290	-	184	49726116	12155
chr19	49713961	49913961	harbor2	chr19	49790026	49790425	LTR/ERVL-MaLR	1679	-	200	49790226	76265
chr19	1553141	1753141	harbor2	chr19	1571362	1571790	LTR/ERVL-MaLR	735	-	214	1571576	18435
chr19	45026245	45226245	harbor2	chr19	45026905	45026948	LTR/ERVL-MaLR	1414	-	22	45026927	682
chr19	45026245	45226245	harbor2	chr19	45027251	45027774	LTR/ERVL-MaLR	1414	-	262	45027513	1268
chr19	45026245	45226245	harbor2	chr19	45035142	45035247	LTR/ERVL-MaLR	770	-	52	45035194	8949
chr19	45026245	45226245	harbor2	chr19	45035844	45035988	LTR/ERVL-MaLR	770	-	72	45035916	9671
chr19	45026245	45226245	harbor2	chr19	45044999	45045233	LTR/ERVL-MaLR	626	-	117	45045116	18871
chr19	45026245	45226245	harbor2	chr19	45045527	45045715	LTR/ERVL-MaLR	626	-	94	45045621	19376
chr19	49359074	49559074	harbor2	chr19	49373324	49373462	LTR/ERVL-MaLR	800	-	69	49373393	14319
chr19	49359074	49559074	harbor2	chr19	49375691	49376217	LTR/ERVL-MaLR	1520	-	263	49375954	16880
chr19	10735518	10935518	harbor2	chr19	10770536	10770910	LTR/ERVL-MaLR	2293	-	187	10770723	35205
chr19	10735518	10935518	harbor2	chr19	10791389	10791543	LTR/ERVL-MaLR	663	-	77	10791466	55948
chr19	10619429	10819429	harbor2	chr19	10714274	10714696	LTR/ERVL-MaLR	1682	-	211	10714485	95056
chr19	55988018	56188018	harbor2	chr19	56064626	56065116	LTR/ERVL-MaLR	897	-	245	56064871	76853
chr19	51744047	51944047	harbor2	chr19	51779652	51780231	LTR/ERVL-MaLR	1476	-	290	51779942	35895
chr19	51744047	51944047	harbor2	chr19	51790511	51790983	LTR/ERVL-MaLR	6718	-	236	51790747	46700
chr19	51744047	51944047	harbor2	chr19	51790988	51791089	LTR/ERVL-MaLR	1327	-	50	51791038	46991
chr19	51744047	51944047	harbor2	chr19	51791392	51791656	LTR/ERVL-MaLR	1327	-	132	51791524	47477
chr19	51744047	51944047	harbor2	chr19	51812771	51812838	LTR/ERVL-MaLR	1036	-	34	51812805	68758
chr19	51744047	51944047	harbor2	chr19	51813162	51813391	LTR/ERVL-MaLR	1036	-	114	51813276	69229
chr19	51744047	51944047	harbor2	chr19	51789110	51790209	LTR/ERVL-MaLR	6718	-	550	51789660	45613
chr19	10194517	10394517	harbor2	chr19	10262784	10263087	LTR/ERVL-MaLR	1144	-	152	10262936	68419
chr19	1352383	1552383	harbor2	chr19	1386247	1386499	LTR/ERVL-MaLR	1510	-	126	1386373	33990
chr19	1352383	1552383	harbor2	chr19	1386795	1386899	LTR/ERVL-MaLR	1510	-	52	1386847	34464
chr19	2788095	2988095	harbor2	chr19	2808612	2808910	LTR/ERVL-MaLR	1065	-	149	2808761	20666
chr19	2788095	2988095	harbor2	chr19	2821387	2821660	LTR/ERVL-MaLR	877	-	136	2821523	33428
chr19	2788095	2988095	harbor2	chr19	2821962	2821992	LTR/ERVL-MaLR	877	-	15	2821977	33882
chr19	2788095	2988095	harbor2	chr19	2827794	2828149	LTR/ERVL-MaLR	2403	-	178	2827972	39877
chr19	2788095	2988095	harbor2	chr19	2828370	2828410	LTR/ERVL-MaLR	1925	-	20	2828390	40295
chr19	2788095	2988095	harbor2	chr19	2828704	2828997	LTR/ERVL-MaLR	1925	-	146	2828850	40755
chr19	2788095	2988095	harbor2	chr19	2855612	2856029	LTR/ERVL-MaLR	1479	-	208	2855820	67725
chr19	2788095	2988095	harbor2	chr19	2801589	2801955	LTR/ERVL-MaLR	1615	-	183	2801772	13677
chr19	51389492	51589492	harbor2	chr19	51404559	51404916	LTR/ERVL-MaLR	1807	-	178	51404737	15245
chr19	51389492	51589492	harbor2	chr19	51406142	51406498	LTR/ERVL-MaLR	1865	-	178	51406320	16828
chr19	51389492	51589492	harbor2	chr19	51419820	51420098	LTR/ERVL-MaLR	955	-	139	51419959	30467
chr19	51389492	51589492	harbor2	chr19	51435182	51435419	LTR/ERVL-MaLR	1724	-	118	51435300	45808
chr19	51389492	51589492	harbor2	chr19	51435420	51435760	LTR/ERVL-MaLR	2119	-	170	51435590	46098
chr19	51389492	51589492	harbor2	chr19	51435761	51435906	LTR/ERVL-MaLR	1724	-	72	51435833	46341
chr19	51389492	51589492	harbor2	chr19	51449518	51449946	LTR/ERVL-MaLR	1360	-	214	51449732	60240
chr19	51389492	51589492	harbor2	chr19	51450949	51451311	LTR/ERVL-MaLR	2279	-	181	51451130	61638
chr19	1519661	1719661	harbor2	chr19	1547409	1547729	LTR/ERVL-MaLR	1502	-	160	1547569	27908
chr19	1519661	1719661	harbor2	chr19	1571362	1571790	LTR/ERVL-MaLR	735	-	214	1571576	51915
chr19	19676571	19876571	harbor2	chr19	19683861	19684207	LTR/ERVL-MaLR	1841	-	173	19684034	7463
chr19	19676571	19876571	harbor2	chr19	19684515	19684565	LTR/ERVL-MaLR	1841	-	25	19684540	7969
chr19	19676571	19876571	harbor2	chr19	19684568	19684693	LTR/ERVL-MaLR	658	-	62	19684630	8059
chr19	19676571	19876571	harbor2	chr19	19756320	19756509	LTR/ERVL-MaLR	2601	-	94	19756414	79843
chr19	19676571	19876571	harbor2	chr19	19756816	19757050	LTR/ERVL-MaLR	2601	-	117	19756933	80362
chr19	19676571	19876571	harbor2	chr19	19757053	19757108	LTR/ERVL-MaLR	4694	-	28	19757081	80510
chr19	19676571	19876571	harbor2	chr19	19757431	19758126	LTR/ERVL-MaLR	4694	-	348	19757779	81208
chr19	19676571	19876571	harbor2	chr19	19763464	19763745	LTR/ERVL-MaLR	880	-	140	19763604	87033
chr19	19676571	19876571	harbor2	chr19	19764059	19764168	LTR/ERVL-MaLR	880	-	54	19764113	87542
chr19	19676571	19876571	harbor2	chr19	19772868	19773043	LTR/ERVL-MaLR	1057	-	88	19772956	96385
chr19	19676571	19876571	harbor2	chr19	19773353	19773403	LTR/ERVL-MaLR	1057	-	25	19773378	96807
chr19	19676571	19876571	harbor2	chr19	19773724	19773859	LTR/ERVL-MaLR	1057	-	68	19773792	97221
chr19	481891	681891	harbor2	chr19	509398	509807	LTR/ERVL-MaLR	1426	-	204	509602	27711
chr19	481891	681891	harbor2	chr19	526064	526491	LTR/ERVL-MaLR	1286	-	214	526278	44387
chr19	481891	681891	harbor2	chr19	556725	557079	LTR/ERVL-MaLR	631	-	177	556902	75011
chr19	10236132	10436132	harbor2	chr19	10262784	10263087	LTR/ERVL-MaLR	1144	-	152	10262936	26804
chr19	49769598	49969598	harbor2	chr19	49790026	49790425	LTR/ERVL-MaLR	1679	-	200	49790226	20628
chr19	49769598	49969598	harbor2	chr19	49820950	49821287	LTR/ERVL-MaLR	1154	-	168	49821118	51520
chr19	49769598	49969598	harbor2	chr19	49822572	49822640	LTR/ERVL-MaLR	1154	-	34	49822606	53008
chr19	49769598	49969598	harbor2	chr19	49823257	49823388	LTR/ERVL-MaLR	1154	-	66	49823323	53725
chr19	49769598	49969598	harbor2	chr19	49827318	49827730	LTR/ERVL-MaLR	1189	-	206	49827524	57926
chr19	49769598	49969598	harbor2	chr19	49832694	49833103	LTR/ERVL-MaLR	1024	-	204	49832898	63300
chr19	49769598	49969598	harbor2	chr19	49844246	49844614	LTR/ERVL-MaLR	2005	-	184	49844430	74832
chr19	49769598	49969598	harbor2	chr19	49844921	49845107	LTR/ERVL-MaLR	2005	-	93	49845014	75416
chr19	10618433	10818433	harbor2	chr19	10714274	10714696	LTR/ERVL-MaLR	1682	-	211	10714485	96052
chr19	1961573	2161573	harbor2	chr19	1973828	1973875	LTR/ERVL-MaLR	1236	-	24	1973852	12279
chr19	1961573	2161573	harbor2	chr19	1974192	1974510	LTR/ERVL-MaLR	1236	-	159	1974351	12778
chr19	1961573	2161573	harbor2	chr19	2052649	2052898	LTR/ERVL-MaLR	1379	-	124	2052773	91200
chr19	1961573	2161573	harbor2	chr19	2053816	2053981	LTR/ERVL-MaLR	1379	-	82	2053898	92325
chr19	1350402	1550402	harbor2	chr19	1386247	1386499	LTR/ERVL-MaLR	1510	-	126	1386373	35971
chr19	1350402	1550402	harbor2	chr19	1386795	1386899	LTR/ERVL-MaLR	1510	-	52	1386847	36445
chr19	8208408	8408408	harbor2	chr19	8278904	8279012	LTR/ERVL-MaLR	861	-	54	8278958	70550
chr19	8208408	8408408	harbor2	chr19	8279335	8279494	LTR/ERVL-MaLR	861	-	80	8279415	71007
chr19	8208408	8408408	harbor2	chr19	8293742	8293850	LTR/ERVL-MaLR	860	-	54	8293796	85388
chr19	8208408	8408408	harbor2	chr19	8294173	8294332	LTR/ERVL-MaLR	860	-	80	8294253	85845
chr19	49769364	49969364	harbor2	chr19	49790026	49790425	LTR/ERVL-MaLR	1679	-	200	49790226	20862
chr19	49769364	49969364	harbor2	chr19	49820950	49821287	LTR/ERVL-MaLR	1154	-	168	49821118	51754
chr19	49769364	49969364	harbor2	chr19	49822572	49822640	LTR/ERVL-MaLR	1154	-	34	49822606	53242
chr19	49769364	49969364	harbor2	chr19	49823257	49823388	LTR/ERVL-MaLR	1154	-	66	49823323	53959
chr19	49769364	49969364	harbor2	chr19	49827318	49827730	LTR/ERVL-MaLR	1189	-	206	49827524	58160
chr19	49769364	49969364	harbor2	chr19	49832694	49833103	LTR/ERVL-MaLR	1024	-	204	49832898	63534
chr19	49769364	49969364	harbor2	chr19	49844246	49844614	LTR/ERVL-MaLR	2005	-	184	49844430	75066
chr19	49769364	49969364	harbor2	chr19	49844921	49845107	LTR/ERVL-MaLR	2005	-	93	49845014	75650
chr19	19952301	20152301	harbor2	chr19	19998466	19998789	LTR/ERVL-MaLR	863	-	162	19998628	46327
chr19	19952301	20152301	harbor2	chr19	20001584	20001903	LTR/ERVL-MaLR	1395	-	160	20001744	49443
chr19	19952301	20152301	harbor2	chr19	20049108	20049438	LTR/ERVL-MaLR	1467	-	165	20049273	96972
chr19	19952301	20152301	harbor2	chr19	20050508	20050879	LTR/ERVL-MaLR	2516	-	186	20050694	98393
chr19	50332354	50532354	harbor2	chr19	50355899	50356315	LTR/ERVL-MaLR	1665	-	208	50356107	23753
chr19	50332354	50532354	harbor2	chr19	50404013	50404264	LTR/ERVL-MaLR	1541	-	126	50404139	71785
chr19	50332354	50532354	harbor2	chr19	50405211	50405377	LTR/ERVL-MaLR	1541	-	83	50405294	72940
chr19	43994355	44194355	harbor2	chr19	44027946	44028392	LTR/ERVL-MaLR	898	-	223	44028169	33814
chr19	43994355	44194355	harbor2	chr19	44042443	44042697	LTR/ERVL-MaLR	1304	-	127	44042570	48215
chr19	43994355	44194355	harbor2	chr19	44061250	44061758	LTR/ERVL-MaLR	926	-	254	44061504	67149
chr19	43994355	44194355	harbor2	chr19	44081208	44081429	LTR/ERVL-MaLR	2367	-	110	44081318	86963
chr19	43994355	44194355	harbor2	chr19	44081762	44081921	LTR/ERVL-MaLR	2367	-	80	44081842	87487
chr19	43994355	44194355	harbor2	chr19	44082512	44083002	LTR/ERVL-MaLR	1358	-	245	44082757	88402
chr19	45369892	45569892	harbor2	chr19	45376453	45376640	LTR/ERVL-MaLR	797	-	94	45376547	6655
chr19	45369892	45569892	harbor2	chr19	45376945	45377064	LTR/ERVL-MaLR	797	-	60	45377005	7113
chr19	16797005	16997005	harbor2	chr19	16800214	16800251	LTR/ERVL-MaLR	1096	-	18	16800232	3227
chr19	16797005	16997005	harbor2	chr19	16800552	16800791	LTR/ERVL-MaLR	1096	-	120	16800672	3667
chr19	16797005	16997005	harbor2	chr19	16802968	16803290	LTR/ERVL-MaLR	2129	-	161	16803129	6124
chr19	16797005	16997005	harbor2	chr19	16815424	16815793	LTR/ERVL-MaLR	651	-	184	16815608	18603
chr19	16797005	16997005	harbor2	chr19	16820091	16820426	LTR/ERVL-MaLR	1150	-	168	16820259	23254
chr19	16797005	16997005	harbor2	chr19	16820457	16820475	LTR/ERVL-MaLR	1150	-	9	16820466	23461
chr19	48344616	48544616	harbor2	chr19	48408939	48409270	LTR/ERVL-MaLR	1253	-	166	48409105	64489
chr19	48344616	48544616	harbor2	chr19	48409577	48409624	LTR/ERVL-MaLR	1253	-	24	48409601	64985
chr19	48344616	48544616	harbor2	chr19	48427871	48428041	LTR/ERVL-MaLR	963	-	85	48427956	83340
chr19	48344616	48544616	harbor2	chr19	48428337	48428360	LTR/ERVL-MaLR	963	-	12	48428349	83733
chr19	48344616	48544616	harbor2	chr19	48428663	48428840	LTR/ERVL-MaLR	963	-	88	48428751	84135
chr19	48344616	48544616	harbor2	chr19	48435057	48435280	LTR/ERVL-MaLR	890	-	112	48435169	90553
chr19	10238978	10438978	harbor2	chr19	10262784	10263087	LTR/ERVL-MaLR	1144	-	152	10262936	23958
chr19	51196549	51396549	harbor2	chr19	51208199	51208262	LTR/ERVL-MaLR	1380	-	32	51208231	11682
chr19	51196549	51396549	harbor2	chr19	51208540	51208851	LTR/ERVL-MaLR	1380	-	156	51208696	12147
chr19	51196549	51396549	harbor2	chr19	51220296	51220723	LTR/ERVL-MaLR	653	-	214	51220510	23961
chr19	51196549	51396549	harbor2	chr19	51242556	51242918	LTR/ERVL-MaLR	2475	-	181	51242737	46188
chr19	51196549	51396549	harbor2	chr19	51273757	51274383	LTR/ERVL-MaLR	1493	-	313	51274070	77521
chr19	51196549	51396549	harbor2	chr19	51288381	51288744	LTR/ERVL-MaLR	2234	-	182	51288563	92014
chr19	51196549	51396549	harbor2	chr19	51289209	51289240	LTR/ERVL-MaLR	1058	-	16	51289225	92676
chr19	51196549	51396549	harbor2	chr19	51289241	51289602	LTR/ERVL-MaLR	2109	-	180	51289421	92872
chr19	51196549	51396549	harbor2	chr19	51289603	51290043	LTR/ERVL-MaLR	1058	-	220	51289823	93274
chr19	51196549	51396549	harbor2	chr19	51290079	51290146	LTR/ERVL-MaLR	1186	-	34	51290113	93564
chr19	51196549	51396549	harbor2	chr19	51290453	51290613	LTR/ERVL-MaLR	1186	-	80	51290533	93984
chr19	51196549	51396549	harbor2	chr19	51290984	51291212	LTR/ERVL-MaLR	1186	-	114	51291098	94549
chr19	51196549	51396549	harbor2	chr19	51291213	51291477	LTR/ERVL-MaLR	717	-	132	51291345	94796
chr19	51196549	51396549	harbor2	chr19	51294059	51294442	LTR/ERVL-MaLR	1848	-	192	51294251	97702
chr19	1961617	2161617	harbor2	chr19	1973828	1973875	LTR/ERVL-MaLR	1236	-	24	1973852	12235
chr19	1961617	2161617	harbor2	chr19	1974192	1974510	LTR/ERVL-MaLR	1236	-	159	1974351	12734
chr19	1961617	2161617	harbor2	chr19	2052649	2052898	LTR/ERVL-MaLR	1379	-	124	2052773	91156
chr19	1961617	2161617	harbor2	chr19	2053816	2053981	LTR/ERVL-MaLR	1379	-	82	2053898	92281
chr19	1600339	1800339	harbor2	chr19	1693180	1693390	LTR/ERVL-MaLR	851	-	105	1693285	92946
chr19	1600339	1800339	harbor2	chr19	1693682	1693876	LTR/ERVL-MaLR	804	-	97	1693779	93440
chr19	10235556	10435556	harbor2	chr19	10262784	10263087	LTR/ERVL-MaLR	1144	-	152	10262936	27380
chr19	40678108	40878108	harbor2	chr19	40723833	40724125	LTR/ERVL-MaLR	1257	-	146	40723979	45871
chr19	40678108	40878108	harbor2	chr19	40724419	40724498	LTR/ERVL-MaLR	1257	-	40	40724459	46351
chr19	40678108	40878108	harbor2	chr19	40727420	40727750	LTR/ERVL-MaLR	1098	-	165	40727585	49477
chr19	40678108	40878108	harbor2	chr19	40737107	40737487	LTR/ERVL-MaLR	947	-	190	40737297	59189
chr19	54059667	54259667	harbor2	chr19	54084470	54084839	LTR/ERVL-MaLR	1100	-	184	54084654	24987
chr19	54059667	54259667	harbor2	chr19	54085159	54085319	LTR/ERVL-MaLR	1100	-	80	54085239	25572
chr19	54059667	54259667	harbor2	chr19	54122075	54122456	LTR/ERVL-MaLR	829	-	190	54122265	62598
chr19	54059667	54259667	harbor2	chr19	54126788	54126848	LTR/ERVL-MaLR	1447	-	30	54126818	67151
chr19	54059667	54259667	harbor2	chr19	54127137	54127552	LTR/ERVL-MaLR	1447	-	208	54127345	67678
chr19	41253456	41453456	harbor2	chr19	41258754	41259229	LTR/ERVL-MaLR	2301	-	238	41258992	5536
chr19	41253456	41453456	harbor2	chr19	41312531	41312764	LTR/ERVL-MaLR	911	-	116	41312647	59191
chr19	10186989	10386989	harbor2	chr19	10262784	10263087	LTR/ERVL-MaLR	1144	-	152	10262936	75947
chr19	19676545	19876545	harbor2	chr19	19683861	19684207	LTR/ERVL-MaLR	1841	-	173	19684034	7489
chr19	19676545	19876545	harbor2	chr19	19684515	19684565	LTR/ERVL-MaLR	1841	-	25	19684540	7995
chr19	19676545	19876545	harbor2	chr19	19684568	19684693	LTR/ERVL-MaLR	658	-	62	19684630	8085
chr19	19676545	19876545	harbor2	chr19	19756320	19756509	LTR/ERVL-MaLR	2601	-	94	19756414	79869
chr19	19676545	19876545	harbor2	chr19	19756816	19757050	LTR/ERVL-MaLR	2601	-	117	19756933	80388
chr19	19676545	19876545	harbor2	chr19	19757053	19757108	LTR/ERVL-MaLR	4694	-	28	19757081	80536
chr19	19676545	19876545	harbor2	chr19	19757431	19758126	LTR/ERVL-MaLR	4694	-	348	19757779	81234
chr19	19676545	19876545	harbor2	chr19	19763464	19763745	LTR/ERVL-MaLR	880	-	140	19763604	87059
chr19	19676545	19876545	harbor2	chr19	19764059	19764168	LTR/ERVL-MaLR	880	-	54	19764113	87568
chr19	19676545	19876545	harbor2	chr19	19772868	19773043	LTR/ERVL-MaLR	1057	-	88	19772956	96411
chr19	19676545	19876545	harbor2	chr19	19773353	19773403	LTR/ERVL-MaLR	1057	-	25	19773378	96833
chr19	19676545	19876545	harbor2	chr19	19773724	19773859	LTR/ERVL-MaLR	1057	-	68	19773792	97247
chr19	46994624	47194624	harbor2	chr19	47015755	47015886	LTR/ERVL-MaLR	755	-	66	47015821	21197
chr19	46994624	47194624	harbor2	chr19	47016196	47016224	LTR/ERVL-MaLR	755	-	14	47016210	21586
chr19	19676558	19876558	harbor2	chr19	19683861	19684207	LTR/ERVL-MaLR	1841	-	173	19684034	7476
chr19	19676558	19876558	harbor2	chr19	19684515	19684565	LTR/ERVL-MaLR	1841	-	25	19684540	7982
chr19	19676558	19876558	harbor2	chr19	19684568	19684693	LTR/ERVL-MaLR	658	-	62	19684630	8072
chr19	19676558	19876558	harbor2	chr19	19756320	19756509	LTR/ERVL-MaLR	2601	-	94	19756414	79856
chr19	19676558	19876558	harbor2	chr19	19756816	19757050	LTR/ERVL-MaLR	2601	-	117	19756933	80375
chr19	19676558	19876558	harbor2	chr19	19757053	19757108	LTR/ERVL-MaLR	4694	-	28	19757081	80523
chr19	19676558	19876558	harbor2	chr19	19757431	19758126	LTR/ERVL-MaLR	4694	-	348	19757779	81221
chr19	19676558	19876558	harbor2	chr19	19763464	19763745	LTR/ERVL-MaLR	880	-	140	19763604	87046
chr19	19676558	19876558	harbor2	chr19	19764059	19764168	LTR/ERVL-MaLR	880	-	54	19764113	87555
chr19	19676558	19876558	harbor2	chr19	19772868	19773043	LTR/ERVL-MaLR	1057	-	88	19772956	96398
chr19	19676558	19876558	harbor2	chr19	19773353	19773403	LTR/ERVL-MaLR	1057	-	25	19773378	96820
chr19	19676558	19876558	harbor2	chr19	19773724	19773859	LTR/ERVL-MaLR	1057	-	68	19773792	97234
chr19	10250745	10450745	harbor2	chr19	10262784	10263087	LTR/ERVL-MaLR	1144	-	152	10262936	12191
chr19	47008504	47208504	harbor2	chr19	47015755	47015886	LTR/ERVL-MaLR	755	-	66	47015821	7317
chr19	47008504	47208504	harbor2	chr19	47016196	47016224	LTR/ERVL-MaLR	755	-	14	47016210	7706
chr19	19676585	19876585	harbor2	chr19	19683861	19684207	LTR/ERVL-MaLR	1841	-	173	19684034	7449
chr19	19676585	19876585	harbor2	chr19	19684515	19684565	LTR/ERVL-MaLR	1841	-	25	19684540	7955
chr19	19676585	19876585	harbor2	chr19	19684568	19684693	LTR/ERVL-MaLR	658	-	62	19684630	8045
chr19	19676585	19876585	harbor2	chr19	19756320	19756509	LTR/ERVL-MaLR	2601	-	94	19756414	79829
chr19	19676585	19876585	harbor2	chr19	19756816	19757050	LTR/ERVL-MaLR	2601	-	117	19756933	80348
chr19	19676585	19876585	harbor2	chr19	19757053	19757108	LTR/ERVL-MaLR	4694	-	28	19757081	80496
chr19	19676585	19876585	harbor2	chr19	19757431	19758126	LTR/ERVL-MaLR	4694	-	348	19757779	81194
chr19	19676585	19876585	harbor2	chr19	19763464	19763745	LTR/ERVL-MaLR	880	-	140	19763604	87019
chr19	19676585	19876585	harbor2	chr19	19764059	19764168	LTR/ERVL-MaLR	880	-	54	19764113	87528
chr19	19676585	19876585	harbor2	chr19	19772868	19773043	LTR/ERVL-MaLR	1057	-	88	19772956	96371
chr19	19676585	19876585	harbor2	chr19	19773353	19773403	LTR/ERVL-MaLR	1057	-	25	19773378	96793
chr19	19676585	19876585	harbor2	chr19	19773724	19773859	LTR/ERVL-MaLR	1057	-	68	19773792	97207
chr19	48528405	48728405	harbor2	chr19	48528708	48528749	LTR/ERVL-MaLR	1710	-	20	48528728	323
chr19	48528405	48728405	harbor2	chr19	48586248	48586666	LTR/ERVL-MaLR	1132	-	209	48586457	58052
chr19	48528405	48728405	harbor2	chr19	48597947	48598149	LTR/ERVL-MaLR	1092	-	101	48598048	69643
chr19	48528405	48728405	harbor2	chr19	48529052	48529488	LTR/ERVL-MaLR	1710	-	218	48529270	865
chr19	10235137	10435137	harbor2	chr19	10262784	10263087	LTR/ERVL-MaLR	1144	-	152	10262936	27799
chr19	10252765	10452765	harbor2	chr19	10262784	10263087	LTR/ERVL-MaLR	1144	-	152	10262936	10171
chr19	49776801	49976801	harbor2	chr19	49790026	49790425	LTR/ERVL-MaLR	1679	-	200	49790226	13425
chr19	49776801	49976801	harbor2	chr19	49820950	49821287	LTR/ERVL-MaLR	1154	-	168	49821118	44317
chr19	49776801	49976801	harbor2	chr19	49822572	49822640	LTR/ERVL-MaLR	1154	-	34	49822606	45805
chr19	49776801	49976801	harbor2	chr19	49823257	49823388	LTR/ERVL-MaLR	1154	-	66	49823323	46522
chr19	49776801	49976801	harbor2	chr19	49827318	49827730	LTR/ERVL-MaLR	1189	-	206	49827524	50723
chr19	49776801	49976801	harbor2	chr19	49832694	49833103	LTR/ERVL-MaLR	1024	-	204	49832898	56097
chr19	49776801	49976801	harbor2	chr19	49844246	49844614	LTR/ERVL-MaLR	2005	-	184	49844430	67629
chr19	49776801	49976801	harbor2	chr19	49844921	49845107	LTR/ERVL-MaLR	2005	-	93	49845014	68213
chr19	406782	606782	harbor2	chr19	448217	448573	LTR/ERVL-MaLR	724	-	178	448395	41613
chr19	54476346	54676346	harbor2	chr19	54527863	54528238	LTR/ERVL-MaLR	1768	-	188	54528051	51705
chr19	54476346	54676346	harbor2	chr19	54528239	54528513	LTR/ERVL-MaLR	1927	-	137	54528376	52030
chr19	4275990	4475990	harbor2	chr19	4339375	4339483	LTR/ERVL-MaLR	700	-	54	4339429	63439
chr19	4275990	4475990	harbor2	chr19	4340427	4340533	LTR/ERVL-MaLR	700	-	53	4340480	64490
chr19	10669764	10869764	harbor2	chr19	10714274	10714696	LTR/ERVL-MaLR	1682	-	211	10714485	44721
chr19	35168139	35368139	harbor2	chr19	35176532	35176652	LTR/ERVL-MaLR	1060	-	60	35176592	8453
chr19	35168139	35368139	harbor2	chr19	35177258	35177443	LTR/ERVL-MaLR	1060	-	92	35177350	9211
chr19	35168139	35368139	harbor2	chr19	35177444	35177785	LTR/ERVL-MaLR	2041	-	170	35177614	9475
chr19	35168139	35368139	harbor2	chr19	35177786	35177828	LTR/ERVL-MaLR	1060	-	21	35177807	9668
chr19	35168139	35368139	harbor2	chr19	35177902	35178123	LTR/ERVL-MaLR	649	-	110	35178012	9873
chr19	35168139	35368139	harbor2	chr19	35196782	35197113	LTR/ERVL-MaLR	2151	-	166	35196948	28809
chr19	35168139	35368139	harbor2	chr19	35197397	35197445	LTR/ERVL-MaLR	2151	-	24	35197421	29282
chr19	35168139	35368139	harbor2	chr19	35217514	35217896	LTR/ERVL-MaLR	1538	-	191	35217705	49566
chr19	35168139	35368139	harbor2	chr19	35219178	35219564	LTR/ERVL-MaLR	1250	-	193	35219371	51232
chr19	35168139	35368139	harbor2	chr19	35222922	35223514	LTR/ERVL-MaLR	1505	-	296	35223218	55079
chr19	35168139	35368139	harbor2	chr19	35233217	35233329	LTR/ERVL-MaLR	685	-	56	35233273	65134
chr19	35168139	35368139	harbor2	chr19	35233653	35234003	LTR/ERVL-MaLR	685	-	175	35233828	65689
chr19	35168139	35368139	harbor2	chr19	35235922	35236208	LTR/ERVL-MaLR	722	-	143	35236065	67926
chr19	35168139	35368139	harbor2	chr19	35236599	35236921	LTR/ERVL-MaLR	1646	-	161	35236760	68621
chr19	35168139	35368139	harbor2	chr19	35236997	35237228	LTR/ERVL-MaLR	690	-	116	35237113	68974
chr19	45369164	45569164	harbor2	chr19	45376453	45376640	LTR/ERVL-MaLR	797	-	94	45376547	7383
chr19	45369164	45569164	harbor2	chr19	45376945	45377064	LTR/ERVL-MaLR	797	-	60	45377005	7841
chr19	42234251	42434251	harbor2	chr19	42332189	42332364	LTR/ERVL-MaLR	873	-	88	42332277	98026
chr19	42234251	42434251	harbor2	chr19	42332666	42332861	LTR/ERVL-MaLR	873	-	98	42332764	98513
chr19	10235891	10435891	harbor2	chr19	10262784	10263087	LTR/ERVL-MaLR	1144	-	152	10262936	27045
chr19	19676575	19876575	harbor2	chr19	19683861	19684207	LTR/ERVL-MaLR	1841	-	173	19684034	7459
chr19	19676575	19876575	harbor2	chr19	19684515	19684565	LTR/ERVL-MaLR	1841	-	25	19684540	7965
chr19	19676575	19876575	harbor2	chr19	19684568	19684693	LTR/ERVL-MaLR	658	-	62	19684630	8055
chr19	19676575	19876575	harbor2	chr19	19756320	19756509	LTR/ERVL-MaLR	2601	-	94	19756414	79839
chr19	19676575	19876575	harbor2	chr19	19756816	19757050	LTR/ERVL-MaLR	2601	-	117	19756933	80358
chr19	19676575	19876575	harbor2	chr19	19757053	19757108	LTR/ERVL-MaLR	4694	-	28	19757081	80506
chr19	19676575	19876575	harbor2	chr19	19757431	19758126	LTR/ERVL-MaLR	4694	-	348	19757779	81204
chr19	19676575	19876575	harbor2	chr19	19763464	19763745	LTR/ERVL-MaLR	880	-	140	19763604	87029
chr19	19676575	19876575	harbor2	chr19	19764059	19764168	LTR/ERVL-MaLR	880	-	54	19764113	87538
chr19	19676575	19876575	harbor2	chr19	19772868	19773043	LTR/ERVL-MaLR	1057	-	88	19772956	96381
chr19	19676575	19876575	harbor2	chr19	19773353	19773403	LTR/ERVL-MaLR	1057	-	25	19773378	96803
chr19	19676575	19876575	harbor2	chr19	19773724	19773859	LTR/ERVL-MaLR	1057	-	68	19773792	97217
chr19	1017539	1217539	harbor2	chr19	1084763	1084803	LTR/ERVL-MaLR	2024	-	20	1084783	67244
chr19	1017539	1217539	harbor2	chr19	1085091	1085420	LTR/ERVL-MaLR	2024	-	164	1085255	67716
chr19	7808583	8008583	harbor2	chr19	7817726	7818263	LTR/ERVL-MaLR	1706	-	268	7817994	9411
chr19	7808583	8008583	harbor2	chr19	7818996	7819191	LTR/ERVL-MaLR	769	-	98	7819094	10511
chr19	7808583	8008583	harbor2	chr19	7897667	7897898	LTR/ERVL-MaLR	1005	-	116	7897783	89200
chr19	7808583	8008583	harbor2	chr19	7896951	7897160	LTR/ERVL-MaLR	1005	-	104	7897055	88472
chr19	58378003	58578003	harbor2	chr19	58398820	58398879	LTR/ERVL-MaLR	2124	-	30	58398850	20847
chr19	58378003	58578003	harbor2	chr19	58399488	58399896	LTR/ERVL-MaLR	2124	-	204	58399692	21689
chr19	58378003	58578003	harbor2	chr19	58458583	58458809	LTR/ERVL-MaLR	2206	-	113	58458696	80693
chr19	58378003	58578003	harbor2	chr19	58459416	58459522	LTR/ERVL-MaLR	2206	-	53	58459469	81466
chr19	58378003	58578003	harbor2	chr19	58459920	58460016	LTR/ERVL-MaLR	2206	-	48	58459968	81965
chr19	58377946	58577946	harbor2	chr19	58398820	58398879	LTR/ERVL-MaLR	2124	-	30	58398850	20904
chr19	58377946	58577946	harbor2	chr19	58399488	58399896	LTR/ERVL-MaLR	2124	-	204	58399692	21746
chr19	58377946	58577946	harbor2	chr19	58458583	58458809	LTR/ERVL-MaLR	2206	-	113	58458696	80750
chr19	58377946	58577946	harbor2	chr19	58459416	58459522	LTR/ERVL-MaLR	2206	-	53	58459469	81523
chr19	58377946	58577946	harbor2	chr19	58459920	58460016	LTR/ERVL-MaLR	2206	-	48	58459968	82022
chr19	19952380	20152380	harbor2	chr19	19998466	19998789	LTR/ERVL-MaLR	863	-	162	19998628	46248
chr19	19952380	20152380	harbor2	chr19	20001584	20001903	LTR/ERVL-MaLR	1395	-	160	20001744	49364
chr19	19952380	20152380	harbor2	chr19	20049108	20049438	LTR/ERVL-MaLR	1467	-	165	20049273	96893
chr19	19952380	20152380	harbor2	chr19	20050508	20050879	LTR/ERVL-MaLR	2516	-	186	20050694	98314
chr19	10735931	10935931	harbor2	chr19	10770536	10770910	LTR/ERVL-MaLR	2293	-	187	10770723	34792
chr19	10735931	10935931	harbor2	chr19	10791389	10791543	LTR/ERVL-MaLR	663	-	77	10791466	55535
chr19	789039	989039	harbor2	chr19	789226	789512	LTR/ERVL-MaLR	652	-	143	789369	330
chr19	2486357	2686357	harbor2	chr19	2497408	2497657	LTR/ERVL-MaLR	1028	-	124	2497532	11175
chr19	2486357	2686357	harbor2	chr19	2502597	2502716	LTR/ERVL-MaLR	641	-	60	2502657	16300
chr19	2486357	2686357	harbor2	chr19	2547249	2547669	LTR/ERVL-MaLR	1436	-	210	2547459	61102
chr19	2486357	2686357	harbor2	chr19	2577133	2577523	LTR/ERVL-MaLR	1325	-	195	2577328	90971
chr19	56041194	56241194	harbor2	chr19	56064626	56065116	LTR/ERVL-MaLR	897	-	245	56064871	23677
chr19	56041194	56241194	harbor2	chr19	56135352	56135787	LTR/ERVL-MaLR	1109	-	218	56135570	94376
chr19	10235938	10435938	harbor2	chr19	10262784	10263087	LTR/ERVL-MaLR	1144	-	152	10262936	26998
chr19	49751275	49951275	harbor2	chr19	49790026	49790425	LTR/ERVL-MaLR	1679	-	200	49790226	38951
chr19	49751275	49951275	harbor2	chr19	49820950	49821287	LTR/ERVL-MaLR	1154	-	168	49821118	69843
chr19	49751275	49951275	harbor2	chr19	49822572	49822640	LTR/ERVL-MaLR	1154	-	34	49822606	71331
chr19	49751275	49951275	harbor2	chr19	49823257	49823388	LTR/ERVL-MaLR	1154	-	66	49823323	72048
chr19	49751275	49951275	harbor2	chr19	49827318	49827730	LTR/ERVL-MaLR	1189	-	206	49827524	76249
chr19	49751275	49951275	harbor2	chr19	49832694	49833103	LTR/ERVL-MaLR	1024	-	204	49832898	81623
chr19	49751275	49951275	harbor2	chr19	49844246	49844614	LTR/ERVL-MaLR	2005	-	184	49844430	93155
chr19	49751275	49951275	harbor2	chr19	49844921	49845107	LTR/ERVL-MaLR	2005	-	93	49845014	93739
chr19	1	173700	harbor2	chr19	76174	76530	LTR/ERVL-MaLR	923	-	178	76352	76351
chr19	49770106	49970106	harbor2	chr19	49790026	49790425	LTR/ERVL-MaLR	1679	-	200	49790226	20120
chr19	49770106	49970106	harbor2	chr19	49820950	49821287	LTR/ERVL-MaLR	1154	-	168	49821118	51012
chr19	49770106	49970106	harbor2	chr19	49822572	49822640	LTR/ERVL-MaLR	1154	-	34	49822606	52500
chr19	49770106	49970106	harbor2	chr19	49823257	49823388	LTR/ERVL-MaLR	1154	-	66	49823323	53217
chr19	49770106	49970106	harbor2	chr19	49827318	49827730	LTR/ERVL-MaLR	1189	-	206	49827524	57418
chr19	49770106	49970106	harbor2	chr19	49832694	49833103	LTR/ERVL-MaLR	1024	-	204	49832898	62792
chr19	49770106	49970106	harbor2	chr19	49844246	49844614	LTR/ERVL-MaLR	2005	-	184	49844430	74324
chr19	49770106	49970106	harbor2	chr19	49844921	49845107	LTR/ERVL-MaLR	2005	-	93	49845014	74908
chr19	49790605	49990605	harbor2	chr19	49820950	49821287	LTR/ERVL-MaLR	1154	-	168	49821118	30513
chr19	49790605	49990605	harbor2	chr19	49822572	49822640	LTR/ERVL-MaLR	1154	-	34	49822606	32001
chr19	49790605	49990605	harbor2	chr19	49823257	49823388	LTR/ERVL-MaLR	1154	-	66	49823323	32718
chr19	49790605	49990605	harbor2	chr19	49827318	49827730	LTR/ERVL-MaLR	1189	-	206	49827524	36919
chr19	49790605	49990605	harbor2	chr19	49832694	49833103	LTR/ERVL-MaLR	1024	-	204	49832898	42293
chr19	49790605	49990605	harbor2	chr19	49844246	49844614	LTR/ERVL-MaLR	2005	-	184	49844430	53825
chr19	49790605	49990605	harbor2	chr19	49844921	49845107	LTR/ERVL-MaLR	2005	-	93	49845014	54409
chr19	1351510	1551510	harbor2	chr19	1386247	1386499	LTR/ERVL-MaLR	1510	-	126	1386373	34863
chr19	1351510	1551510	harbor2	chr19	1386795	1386899	LTR/ERVL-MaLR	1510	-	52	1386847	35337
chr19	14334318	14534318	harbor2	chr19	14366642	14366909	LTR/ERVL-MaLR	871	-	134	14366776	32458
chr19	19676551	19876551	harbor2	chr19	19683861	19684207	LTR/ERVL-MaLR	1841	-	173	19684034	7483
chr19	19676551	19876551	harbor2	chr19	19684515	19684565	LTR/ERVL-MaLR	1841	-	25	19684540	7989
chr19	19676551	19876551	harbor2	chr19	19684568	19684693	LTR/ERVL-MaLR	658	-	62	19684630	8079
chr19	19676551	19876551	harbor2	chr19	19756320	19756509	LTR/ERVL-MaLR	2601	-	94	19756414	79863
chr19	19676551	19876551	harbor2	chr19	19756816	19757050	LTR/ERVL-MaLR	2601	-	117	19756933	80382
chr19	19676551	19876551	harbor2	chr19	19757053	19757108	LTR/ERVL-MaLR	4694	-	28	19757081	80530
chr19	19676551	19876551	harbor2	chr19	19757431	19758126	LTR/ERVL-MaLR	4694	-	348	19757779	81228
chr19	19676551	19876551	harbor2	chr19	19763464	19763745	LTR/ERVL-MaLR	880	-	140	19763604	87053
chr19	19676551	19876551	harbor2	chr19	19764059	19764168	LTR/ERVL-MaLR	880	-	54	19764113	87562
chr19	19676551	19876551	harbor2	chr19	19772868	19773043	LTR/ERVL-MaLR	1057	-	88	19772956	96405
chr19	19676551	19876551	harbor2	chr19	19773353	19773403	LTR/ERVL-MaLR	1057	-	25	19773378	96827
chr19	19676551	19876551	harbor2	chr19	19773724	19773859	LTR/ERVL-MaLR	1057	-	68	19773792	97241
chr19	19676588	19876588	harbor2	chr19	19683861	19684207	LTR/ERVL-MaLR	1841	-	173	19684034	7446
chr19	19676588	19876588	harbor2	chr19	19684515	19684565	LTR/ERVL-MaLR	1841	-	25	19684540	7952
chr19	19676588	19876588	harbor2	chr19	19684568	19684693	LTR/ERVL-MaLR	658	-	62	19684630	8042
chr19	19676588	19876588	harbor2	chr19	19756320	19756509	LTR/ERVL-MaLR	2601	-	94	19756414	79826
chr19	19676588	19876588	harbor2	chr19	19756816	19757050	LTR/ERVL-MaLR	2601	-	117	19756933	80345
chr19	19676588	19876588	harbor2	chr19	19757053	19757108	LTR/ERVL-MaLR	4694	-	28	19757081	80493
chr19	19676588	19876588	harbor2	chr19	19757431	19758126	LTR/ERVL-MaLR	4694	-	348	19757779	81191
chr19	19676588	19876588	harbor2	chr19	19763464	19763745	LTR/ERVL-MaLR	880	-	140	19763604	87016
chr19	19676588	19876588	harbor2	chr19	19764059	19764168	LTR/ERVL-MaLR	880	-	54	19764113	87525
chr19	19676588	19876588	harbor2	chr19	19772868	19773043	LTR/ERVL-MaLR	1057	-	88	19772956	96368
chr19	19676588	19876588	harbor2	chr19	19773353	19773403	LTR/ERVL-MaLR	1057	-	25	19773378	96790
chr19	19676588	19876588	harbor2	chr19	19773724	19773859	LTR/ERVL-MaLR	1057	-	68	19773792	97204
chr19	10250734	10450734	harbor2	chr19	10262784	10263087	LTR/ERVL-MaLR	1144	-	152	10262936	12202
chr19	3463922	3663922	harbor2	chr19	3539543	3539854	LTR/ERVL-MaLR	704	-	156	3539699	75777
chr19	48529308	48729308	harbor2	chr19	48586248	48586666	LTR/ERVL-MaLR	1132	-	209	48586457	57149
chr19	48529308	48729308	harbor2	chr19	48597947	48598149	LTR/ERVL-MaLR	1092	-	101	48598048	68740
chr19	48529308	48729308	harbor2	chr19	48529052	48529488	LTR/ERVL-MaLR	1710	-	218	48529270	38
chr20	63357465	63557465	harbor2	chr20	63391539	63391897	LTR/ERVL-MaLR	731	-	179	63391718	34253
chr20	63357465	63557465	harbor2	chr20	63425738	63426868	LTR/ERVL-MaLR	1910	-	565	63426303	68838
chr20	63357465	63557465	harbor2	chr20	63427432	63427753	LTR/ERVL-MaLR	738	-	160	63427592	70127
chr20	35354845	35554845	harbor2	chr20	35419924	35420198	LTR/ERVL-MaLR	1121	-	137	35420061	65216
chr20	35355061	35555061	harbor2	chr20	35419924	35420198	LTR/ERVL-MaLR	1121	-	137	35420061	65000
chr20	34858106	35058106	harbor2	chr20	34923508	34923923	LTR/ERVL-MaLR	2287	-	208	34923716	65610
chr20	34858106	35058106	harbor2	chr20	34925088	34925572	LTR/ERVL-MaLR	1956	-	242	34925330	67224
chr20	34842991	35042991	harbor2	chr20	34923508	34923923	LTR/ERVL-MaLR	2287	-	208	34923716	80725
chr20	34842991	35042991	harbor2	chr20	34925088	34925572	LTR/ERVL-MaLR	1956	-	242	34925330	82339
chr20	5095940	5295940	harbor2	chr20	5144860	5145124	LTR/ERVL-MaLR	538	-	132	5144992	49052
chr20	5095940	5295940	harbor2	chr20	5146745	5147191	LTR/ERVL-MaLR	1767	-	223	5146968	51028
chr20	5095940	5295940	harbor2	chr20	5155552	5155804	LTR/ERVL-MaLR	753	-	126	5155678	59738
chr20	5095940	5295940	harbor2	chr20	5156610	5157006	LTR/ERVL-MaLR	864	-	198	5156808	60868
chr20	5095940	5295940	harbor2	chr20	5157512	5157864	LTR/ERVL-MaLR	1976	-	176	5157688	61748
chr20	5095940	5295940	harbor2	chr20	5188602	5189017	LTR/ERVL-MaLR	2087	-	208	5188810	92870
chr20	35354894	35554894	harbor2	chr20	35419924	35420198	LTR/ERVL-MaLR	1121	-	137	35420061	65167
chr20	34904861	35104861	harbor2	chr20	34923508	34923923	LTR/ERVL-MaLR	2287	-	208	34923716	18855
chr20	34904861	35104861	harbor2	chr20	34925088	34925572	LTR/ERVL-MaLR	1956	-	242	34925330	20469
chr20	44866890	45066890	harbor2	chr20	44881316	44881764	LTR/ERVL-MaLR	1626	-	224	44881540	14650
chr20	44866890	45066890	harbor2	chr20	44897789	44898136	LTR/ERVL-MaLR	564	-	174	44897963	31073
chr20	44866890	45066890	harbor2	chr20	44913040	44913413	LTR/ERVL-MaLR	1567	-	186	44913226	46336
chr20	44866890	45066890	harbor2	chr20	44913701	44913833	LTR/ERVL-MaLR	1567	-	66	44913767	46877
chr20	62349814	62549814	harbor2	chr20	62447928	62448340	LTR/ERVL-MaLR	1369	-	206	62448134	98320
chr20	34904857	35104857	harbor2	chr20	34923508	34923923	LTR/ERVL-MaLR	2287	-	208	34923716	18859
chr20	34904857	35104857	harbor2	chr20	34925088	34925572	LTR/ERVL-MaLR	1956	-	242	34925330	20473
chr20	63266550	63466550	harbor2	chr20	63268495	63268843	LTR/ERVL-MaLR	1521	-	174	63268669	2119
chr20	34610261	34810261	harbor2	chr20	34696859	34697212	LTR/ERVL-MaLR	1264	-	176	34697035	86774
chr20	63471957	63671957	harbor2	chr20	63514490	63514774	LTR/ERVL-MaLR	2128	-	142	63514632	42675
chr20	63471957	63671957	harbor2	chr20	63515095	63515199	LTR/ERVL-MaLR	2128	-	52	63515147	43190
chr20	63647950	63847950	harbor2	chr20	63657150	63657395	LTR/ERVL-MaLR	841	-	122	63657272	9322
chr20	1021218	1221218	harbor2	chr20	1060970	1061314	LTR/ERVL-MaLR	613	-	172	1061142	39924
chr20	1021218	1221218	harbor2	chr20	1068100	1068484	LTR/ERVL-MaLR	1608	-	192	1068292	47074
chr20	1021218	1221218	harbor2	chr20	1072996	1073254	LTR/ERVL-MaLR	1315	-	129	1073125	51907
chr20	1021218	1221218	harbor2	chr20	1073600	1073840	LTR/ERVL-MaLR	2116	-	120	1073720	52502
chr20	1021218	1221218	harbor2	chr20	1074143	1074292	LTR/ERVL-MaLR	2116	-	74	1074217	52999
chr20	1021218	1221218	harbor2	chr20	1075830	1075983	LTR/ERVL-MaLR	503	-	76	1075906	54688
chr20	1021218	1221218	harbor2	chr20	1080254	1080781	LTR/ERVL-MaLR	2352	-	264	1080518	59300
chr20	1021218	1221218	harbor2	chr20	1097647	1098052	LTR/ERVL-MaLR	1447	-	202	1097849	76631
chr20	63962955	64162955	harbor2	chr20	63990155	63990333	LTR/ERVL-MaLR	715	-	89	63990244	27289
chr20	3718565	3918565	harbor2	chr20	3727603	3728104	LTR/ERVL-MaLR	1006	-	250	3727853	9288
chr20	3718565	3918565	harbor2	chr20	3774883	3775060	LTR/ERVL-MaLR	799	-	88	3774971	56406
chr20	2740623	2940623	harbor2	chr20	2776435	2776654	LTR/ERVL-MaLR	1900	-	110	2776545	35922
chr20	2740623	2940623	harbor2	chr20	2776949	2777113	LTR/ERVL-MaLR	1900	-	82	2777031	36408
chr20	2740623	2940623	harbor2	chr20	2782349	2782422	LTR/ERVL-MaLR	1214	-	36	2782385	41762
chr20	2740623	2940623	harbor2	chr20	2782718	2782868	LTR/ERVL-MaLR	1214	-	75	2782793	42170
chr20	2740623	2940623	harbor2	chr20	2782894	2783165	LTR/ERVL-MaLR	861	-	136	2783030	42407
chr20	63474251	63674251	harbor2	chr20	63514490	63514774	LTR/ERVL-MaLR	2128	-	142	63514632	40381
chr20	63474251	63674251	harbor2	chr20	63515095	63515199	LTR/ERVL-MaLR	2128	-	52	63515147	40896
chr20	4627380	4827380	harbor2	chr20	4643911	4644332	LTR/ERVL-MaLR	2362	-	210	4644121	16741
chr20	4627380	4827380	harbor2	chr20	4644333	4644572	LTR/ERVL-MaLR	1802	-	120	4644453	17073
chr20	4627380	4827380	harbor2	chr20	4644559	4644670	LTR/ERVL-MaLR	742	-	56	4644615	17235
chr20	4627380	4827380	harbor2	chr20	4644673	4645823	LTR/ERVL-MaLR	7593	-	575	4645248	17868
chr20	4627380	4827380	harbor2	chr20	4651570	4651992	LTR/ERVL-MaLR	1253	-	211	4651781	24401
chr20	4627380	4827380	harbor2	chr20	4668038	4668113	LTR/ERVL-MaLR	606	-	38	4668076	40696
chr20	4627380	4827380	harbor2	chr20	4668409	4668569	LTR/ERVL-MaLR	606	-	80	4668489	41109
chr20	4627380	4827380	harbor2	chr20	4676555	4676876	LTR/ERVL-MaLR	2045	-	160	4676715	49335
chr20	4627380	4827380	harbor2	chr20	4677171	4677215	LTR/ERVL-MaLR	2045	-	22	4677193	49813
chr20	4627380	4827380	harbor2	chr20	4709359	4709738	LTR/ERVL-MaLR	2152	-	190	4709549	82169
chr20	4627380	4827380	harbor2	chr20	4719131	4719494	LTR/ERVL-MaLR	2196	-	182	4719313	91933
chr20	63472813	63672813	harbor2	chr20	63514490	63514774	LTR/ERVL-MaLR	2128	-	142	63514632	41819
chr20	63472813	63672813	harbor2	chr20	63515095	63515199	LTR/ERVL-MaLR	2128	-	52	63515147	42334
chr20	63365828	63565828	harbor2	chr20	63391539	63391897	LTR/ERVL-MaLR	731	-	179	63391718	25890
chr20	63365828	63565828	harbor2	chr20	63425738	63426868	LTR/ERVL-MaLR	1910	-	565	63426303	60475
chr20	63365828	63565828	harbor2	chr20	63427432	63427753	LTR/ERVL-MaLR	738	-	160	63427592	61764
chr20	2740583	2940583	harbor2	chr20	2776435	2776654	LTR/ERVL-MaLR	1900	-	110	2776545	35962
chr20	2740583	2940583	harbor2	chr20	2776949	2777113	LTR/ERVL-MaLR	1900	-	82	2777031	36448
chr20	2740583	2940583	harbor2	chr20	2782349	2782422	LTR/ERVL-MaLR	1214	-	36	2782385	41802
chr20	2740583	2940583	harbor2	chr20	2782718	2782868	LTR/ERVL-MaLR	1214	-	75	2782793	42210
chr20	2740583	2940583	harbor2	chr20	2782894	2783165	LTR/ERVL-MaLR	861	-	136	2783030	42447
chr20	63442771	63642771	harbor2	chr20	63514490	63514774	LTR/ERVL-MaLR	2128	-	142	63514632	71861
chr20	63442771	63642771	harbor2	chr20	63515095	63515199	LTR/ERVL-MaLR	2128	-	52	63515147	72376
chr20	50269774	50469774	harbor2	chr20	50328189	50328556	LTR/ERVL-MaLR	2584	-	184	50328373	58599
chr20	50269774	50469774	harbor2	chr20	50335136	50335390	LTR/ERVL-MaLR	927	-	127	50335263	65489
chr20	50269774	50469774	harbor2	chr20	50354994	50355559	LTR/ERVL-MaLR	873	-	282	50355276	85502
chr20	50269774	50469774	harbor2	chr20	50367356	50367786	LTR/ERVL-MaLR	973	-	215	50367571	97797
chr20	50269774	50469774	harbor2	chr20	50368903	50369247	LTR/ERVL-MaLR	927	-	172	50369075	99301
chr20	34885098	35085098	harbor2	chr20	34923508	34923923	LTR/ERVL-MaLR	2287	-	208	34923716	38618
chr20	34885098	35085098	harbor2	chr20	34925088	34925572	LTR/ERVL-MaLR	1956	-	242	34925330	40232
chr20	2740909	2940909	harbor2	chr20	2776435	2776654	LTR/ERVL-MaLR	1900	-	110	2776545	35636
chr20	2740909	2940909	harbor2	chr20	2776949	2777113	LTR/ERVL-MaLR	1900	-	82	2777031	36122
chr20	2740909	2940909	harbor2	chr20	2782349	2782422	LTR/ERVL-MaLR	1214	-	36	2782385	41476
chr20	2740909	2940909	harbor2	chr20	2782718	2782868	LTR/ERVL-MaLR	1214	-	75	2782793	41884
chr20	2740909	2940909	harbor2	chr20	2782894	2783165	LTR/ERVL-MaLR	861	-	136	2783030	42121
chr20	59419626	59619626	harbor2	chr20	59426796	59426965	LTR/ERVL-MaLR	515	-	84	59426880	7254
chr20	59419626	59619626	harbor2	chr20	59469956	59470534	LTR/ERVL-MaLR	1743	-	289	59470245	50619
chr20	59419626	59619626	harbor2	chr20	59481957	59482392	LTR/ERVL-MaLR	1790	-	218	59482175	62549
chr20	59419626	59619626	harbor2	chr20	59495982	59496433	LTR/ERVL-MaLR	702	-	226	59496208	76582
chr20	59419626	59619626	harbor2	chr20	59496915	59497362	LTR/ERVL-MaLR	1712	-	224	59497139	77513
chr20	59419626	59619626	harbor2	chr20	59504983	59505454	LTR/ERVL-MaLR	1999	-	236	59505219	85593
chr20	59419626	59619626	harbor2	chr20	59508795	59509125	LTR/ERVL-MaLR	1885	-	165	59508960	89334
chr20	2741064	2941064	harbor2	chr20	2776435	2776654	LTR/ERVL-MaLR	1900	-	110	2776545	35481
chr20	2741064	2941064	harbor2	chr20	2776949	2777113	LTR/ERVL-MaLR	1900	-	82	2777031	35967
chr20	2741064	2941064	harbor2	chr20	2782349	2782422	LTR/ERVL-MaLR	1214	-	36	2782385	41321
chr20	2741064	2941064	harbor2	chr20	2782718	2782868	LTR/ERVL-MaLR	1214	-	75	2782793	41729
chr20	2741064	2941064	harbor2	chr20	2782894	2783165	LTR/ERVL-MaLR	861	-	136	2783030	41966
chr20	38575361	38775361	harbor2	chr20	38591986	38592393	LTR/ERVL-MaLR	978	-	204	38592190	16829
chr20	38575361	38775361	harbor2	chr20	38603612	38604101	LTR/ERVL-MaLR	2205	-	244	38603856	28495
chr20	38575361	38775361	harbor2	chr20	38608694	38609174	LTR/ERVL-MaLR	1679	-	240	38608934	33573
chr20	38575361	38775361	harbor2	chr20	38618450	38618961	LTR/ERVL-MaLR	1387	-	256	38618706	43345
chr20	38575361	38775361	harbor2	chr20	38623983	38624498	LTR/ERVL-MaLR	1197	-	258	38624241	48880
chr20	38575361	38775361	harbor2	chr20	38631337	38631655	LTR/ERVL-MaLR	1956	-	159	38631496	56135
chr20	38575361	38775361	harbor2	chr20	38635902	38636198	LTR/ERVL-MaLR	597	-	148	38636050	60689
chr20	38575361	38775361	harbor2	chr20	38664394	38664756	LTR/ERVL-MaLR	1638	-	181	38664575	89214
chr20	63567788	63767788	harbor2	chr20	63629509	63629914	LTR/ERVL-MaLR	752	-	202	63629711	61923
chr20	63567788	63767788	harbor2	chr20	63635722	63636009	LTR/ERVL-MaLR	1038	-	144	63635866	68078
chr20	63567788	63767788	harbor2	chr20	63657150	63657395	LTR/ERVL-MaLR	841	-	122	63657272	89484
chr20	43635884	43835884	harbor2	chr20	43703781	43704013	LTR/ERVL-MaLR	1299	-	116	43703897	68013
chr20	43635884	43835884	harbor2	chr20	43704316	43704430	LTR/ERVL-MaLR	1299	-	57	43704373	68489
chr20	43635884	43835884	harbor2	chr20	43728841	43729192	LTR/ERVL-MaLR	882	-	176	43729017	93133
chr20	4811509	5011509	harbor2	chr20	4837823	4838080	LTR/ERVL-MaLR	513	-	128	4837951	26442
chr20	4811509	5011509	harbor2	chr20	4840153	4840639	LTR/ERVL-MaLR	1453	-	243	4840396	28887
chr20	48277508	48477508	harbor2	chr20	48279938	48280337	LTR/ERVL-MaLR	897	-	200	48280138	2630
chr20	48277508	48477508	harbor2	chr20	48281175	48281308	LTR/ERVL-MaLR	493	-	66	48281241	3733
chr20	48277508	48477508	harbor2	chr20	48282958	48283080	LTR/ERVL-MaLR	511	-	61	48283019	5511
chr20	48277508	48477508	harbor2	chr20	48283166	48283569	LTR/ERVL-MaLR	2308	-	202	48283368	5860
chr20	48277508	48477508	harbor2	chr20	48285431	48285858	LTR/ERVL-MaLR	2173	-	214	48285645	8137
chr20	48277508	48477508	harbor2	chr20	48296023	48296245	LTR/ERVL-MaLR	503	-	111	48296134	18626
chr20	48277508	48477508	harbor2	chr20	48297941	48298496	LTR/ERVL-MaLR	1876	-	278	48298219	20711
chr20	48277508	48477508	harbor2	chr20	48331546	48331872	LTR/ERVL-MaLR	757	-	163	48331709	54201
chr20	48277508	48477508	harbor2	chr20	48364093	48364402	LTR/ERVL-MaLR	614	-	154	48364247	86739
chr20	5908030	6108030	harbor2	chr20	5920356	5920700	LTR/ERVL-MaLR	1429	-	172	5920528	12498
chr20	5908030	6108030	harbor2	chr20	5929925	5930405	LTR/ERVL-MaLR	1950	-	240	5930165	22135
chr20	5908030	6108030	harbor2	chr20	5961907	5962352	LTR/ERVL-MaLR	664	-	222	5962129	54099
chr20	5908030	6108030	harbor2	chr20	5962674	5962763	LTR/ERVL-MaLR	584	-	44	5962718	54688
chr20	3074449	3274449	harbor2	chr20	3101264	3101547	LTR/ERVL-MaLR	1375	-	142	3101406	26957
chr20	3074449	3274449	harbor2	chr20	3101574	3101586	LTR/ERVL-MaLR	1375	-	6	3101580	27131
chr20	3074449	3274449	harbor2	chr20	3101840	3102077	LTR/ERVL-MaLR	1375	-	118	3101958	27509
chr20	50413348	50613348	harbor2	chr20	50421466	50421884	LTR/ERVL-MaLR	1014	-	209	50421675	8327
chr20	50413348	50613348	harbor2	chr20	50426187	50426446	LTR/ERVL-MaLR	693	-	130	50426317	12969
chr20	50413348	50613348	harbor2	chr20	50441554	50442010	LTR/ERVL-MaLR	1044	-	228	50441782	28434
chr20	50413348	50613348	harbor2	chr20	50467299	50467487	LTR/ERVL-MaLR	521	-	94	50467393	54045
chr20	50413348	50613348	harbor2	chr20	50470844	50470981	LTR/ERVL-MaLR	475	-	68	50470912	57564
chr20	50413348	50613348	harbor2	chr20	50488763	50489270	LTR/ERVL-MaLR	2545	-	254	50489017	75669
chr20	50413348	50613348	harbor2	chr20	50497407	50497592	LTR/ERVL-MaLR	658	-	92	50497499	84151
chr20	50413348	50613348	harbor2	chr20	50498961	50499164	LTR/ERVL-MaLR	804	-	102	50499063	85715
chr20	50413348	50613348	harbor2	chr20	50499468	50499691	LTR/ERVL-MaLR	804	-	112	50499580	86232
chr20	21820205	22020205	harbor2	chr20	21832773	21833105	LTR/ERVL-MaLR	1150	-	166	21832939	12734
chr20	21820205	22020205	harbor2	chr20	21842125	21842740	LTR/ERVL-MaLR	3168	-	308	21842433	22228
chr20	21820205	22020205	harbor2	chr20	21865292	21865595	LTR/ERVL-MaLR	1628	-	152	21865444	45239
chr20	21820205	22020205	harbor2	chr20	21865782	21865859	LTR/ERVL-MaLR	469	-	38	21865820	45615
chr20	21820205	22020205	harbor2	chr20	21884633	21885021	LTR/ERVL-MaLR	2285	-	194	21884827	64622
chr20	21820205	22020205	harbor2	chr20	21886220	21886657	LTR/ERVL-MaLR	2708	-	218	21886438	66233
chr20	21820205	22020205	harbor2	chr20	21895222	21895262	LTR/ERVL-MaLR	1720	-	20	21895242	75037
chr20	21820205	22020205	harbor2	chr20	21895572	21895892	LTR/ERVL-MaLR	1720	-	160	21895732	75527
chr20	21820205	22020205	harbor2	chr20	21823252	21823518	LTR/ERVL-MaLR	800	-	133	21823385	3180
chr20	62159612	62359612	harbor2	chr20	62204691	62204750	LTR/ERVL-MaLR	481	-	30	62204721	45109
chr20	62159612	62359612	harbor2	chr20	62205056	62205329	LTR/ERVL-MaLR	481	-	136	62205192	45580
chr20	62159612	62359612	harbor2	chr20	62209298	62209773	LTR/ERVL-MaLR	743	-	238	62209536	49924
chr20	62159612	62359612	harbor2	chr20	62252629	62253019	LTR/ERVL-MaLR	1973	-	195	62252824	93212
chr20	62159612	62359612	harbor2	chr20	62253506	62253782	LTR/ERVL-MaLR	1075	-	138	62253644	94032
chr20	62159612	62359612	harbor2	chr20	62254098	62254260	LTR/ERVL-MaLR	1075	-	81	62254179	94567
chr20	61604459	61804459	harbor2	chr20	61642634	61643023	LTR/ERVL-MaLR	1895	-	194	61642828	38369
chr20	61604459	61804459	harbor2	chr20	61643024	61643419	LTR/ERVL-MaLR	1496	-	198	61643222	38763
chr20	61604459	61804459	harbor2	chr20	61643420	61643496	LTR/ERVL-MaLR	1895	-	38	61643458	38999
chr20	61604459	61804459	harbor2	chr20	61670167	61670574	LTR/ERVL-MaLR	897	-	204	61670371	65912
chr20	61604459	61804459	harbor2	chr20	61678556	61678852	LTR/ERVL-MaLR	597	-	148	61678704	74245
chr20	61604459	61804459	harbor2	chr20	61700934	61701362	LTR/ERVL-MaLR	1560	-	214	61701148	96689
chr20	63591101	63791101	harbor2	chr20	63629509	63629914	LTR/ERVL-MaLR	752	-	202	63629711	38610
chr20	63591101	63791101	harbor2	chr20	63635722	63636009	LTR/ERVL-MaLR	1038	-	144	63635866	44765
chr20	63591101	63791101	harbor2	chr20	63657150	63657395	LTR/ERVL-MaLR	841	-	122	63657272	66171
chr20	2772894	2972894	harbor2	chr20	2776435	2776654	LTR/ERVL-MaLR	1900	-	110	2776545	3651
chr20	2772894	2972894	harbor2	chr20	2776949	2777113	LTR/ERVL-MaLR	1900	-	82	2777031	4137
chr20	2772894	2972894	harbor2	chr20	2782349	2782422	LTR/ERVL-MaLR	1214	-	36	2782385	9491
chr20	2772894	2972894	harbor2	chr20	2782718	2782868	LTR/ERVL-MaLR	1214	-	75	2782793	9899
chr20	2772894	2972894	harbor2	chr20	2782894	2783165	LTR/ERVL-MaLR	861	-	136	2783030	10136
chr20	2772894	2972894	harbor2	chr20	2867911	2868311	LTR/ERVL-MaLR	1321	-	200	2868111	95217
chr20	50272882	50472882	harbor2	chr20	50328189	50328556	LTR/ERVL-MaLR	2584	-	184	50328373	55491
chr20	50272882	50472882	harbor2	chr20	50335136	50335390	LTR/ERVL-MaLR	927	-	127	50335263	62381
chr20	50272882	50472882	harbor2	chr20	50354994	50355559	LTR/ERVL-MaLR	873	-	282	50355276	82394
chr20	50272882	50472882	harbor2	chr20	50367356	50367786	LTR/ERVL-MaLR	973	-	215	50367571	94689
chr20	50272882	50472882	harbor2	chr20	50368903	50369247	LTR/ERVL-MaLR	927	-	172	50369075	96193
chr20	63964022	64164022	harbor2	chr20	63990155	63990333	LTR/ERVL-MaLR	715	-	89	63990244	26222
chr20	63472919	63672919	harbor2	chr20	63514490	63514774	LTR/ERVL-MaLR	2128	-	142	63514632	41713
chr20	63472919	63672919	harbor2	chr20	63515095	63515199	LTR/ERVL-MaLR	2128	-	52	63515147	42228
chr20	4071981	4271981	harbor2	chr20	4086808	4087174	LTR/ERVL-MaLR	1351	-	183	4086991	15010
chr20	4071981	4271981	harbor2	chr20	4089919	4090102	LTR/ERVL-MaLR	1069	-	92	4090011	18030
chr20	4071981	4271981	harbor2	chr20	4090269	4090360	LTR/ERVL-MaLR	1069	-	46	4090315	18334
chr20	4071981	4271981	harbor2	chr20	4099910	4100378	LTR/ERVL-MaLR	1931	-	234	4100144	28163
chr20	4071981	4271981	harbor2	chr20	4101413	4101911	LTR/ERVL-MaLR	2093	-	249	4101662	29681
chr20	4071981	4271981	harbor2	chr20	4107392	4107773	LTR/ERVL-MaLR	2341	-	190	4107582	35601
chr20	4071981	4271981	harbor2	chr20	4117395	4117816	LTR/ERVL-MaLR	2489	-	210	4117605	45624
chr20	4071981	4271981	harbor2	chr20	4147119	4147263	LTR/ERVL-MaLR	469	-	72	4147191	75210
chr20	4071981	4271981	harbor2	chr20	4163499	4164016	LTR/ERVL-MaLR	2642	-	258	4163757	91776
chr20	59840429	60040429	harbor2	chr20	59904685	59904943	LTR/ERVL-MaLR	1287	-	129	59904814	64385
chr20	59840429	60040429	harbor2	chr20	59926226	59926679	LTR/ERVL-MaLR	1437	-	226	59926452	86023
chr20	59110854	59310854	harbor2	chr20	59135150	59135305	LTR/ERVL-MaLR	781	-	78	59135228	24374
chr20	59110854	59310854	harbor2	chr20	59135988	59136390	LTR/ERVL-MaLR	1473	-	201	59136189	25335
chr20	59110854	59310854	harbor2	chr20	59177673	59177954	LTR/ERVL-MaLR	920	-	140	59177813	66959
chr20	59110854	59310854	harbor2	chr20	59179391	59179879	LTR/ERVL-MaLR	1071	-	244	59179635	68781
chr20	59110854	59310854	harbor2	chr20	59209601	59210045	LTR/ERVL-MaLR	462	-	222	59209823	98969
chr20	5092121	5292121	harbor2	chr20	5144860	5145124	LTR/ERVL-MaLR	538	-	132	5144992	52871
chr20	5092121	5292121	harbor2	chr20	5146745	5147191	LTR/ERVL-MaLR	1767	-	223	5146968	54847
chr20	5092121	5292121	harbor2	chr20	5155552	5155804	LTR/ERVL-MaLR	753	-	126	5155678	63557
chr20	5092121	5292121	harbor2	chr20	5156610	5157006	LTR/ERVL-MaLR	864	-	198	5156808	64687
chr20	5092121	5292121	harbor2	chr20	5157512	5157864	LTR/ERVL-MaLR	1976	-	176	5157688	65567
chr20	5092121	5292121	harbor2	chr20	5188602	5189017	LTR/ERVL-MaLR	2087	-	208	5188810	96689
chr20	63765508	63965508	harbor2	chr20	63778838	63779192	LTR/ERVL-MaLR	787	-	177	63779015	13507
chr20	63765508	63965508	harbor2	chr20	63791870	63792243	LTR/ERVL-MaLR	1021	-	186	63792056	26548
chr20	63471523	63671523	harbor2	chr20	63514490	63514774	LTR/ERVL-MaLR	2128	-	142	63514632	43109
chr20	63471523	63671523	harbor2	chr20	63515095	63515199	LTR/ERVL-MaLR	2128	-	52	63515147	43624
chr20	59679835	59879835	harbor2	chr20	59679591	59679949	LTR/ERVL-MaLR	2068	-	179	59679770	65
chr20	59679835	59879835	harbor2	chr20	59693604	59694054	LTR/ERVL-MaLR	1275	-	225	59693829	13994
chr20	59679835	59879835	harbor2	chr20	59707044	59707287	LTR/ERVL-MaLR	1131	-	122	59707166	27331
chr20	59679835	59879835	harbor2	chr20	59707969	59708237	LTR/ERVL-MaLR	1131	-	134	59708103	28268
chr20	59679835	59879835	harbor2	chr20	59708626	59709259	LTR/ERVL-MaLR	1044	-	316	59708942	29107
chr20	59679835	59879835	harbor2	chr20	59739339	59739741	LTR/ERVL-MaLR	2259	-	201	59739540	59705
chr20	59679835	59879835	harbor2	chr20	59770513	59770631	LTR/ERVL-MaLR	686	-	59	59770572	90737
chr20	59679835	59879835	harbor2	chr20	59776932	59777360	LTR/ERVL-MaLR	993	-	214	59777146	97311
chr20	62138481	62338481	harbor2	chr20	62146399	62146605	LTR/ERVL-MaLR	485	-	103	62146502	8021
chr20	62138481	62338481	harbor2	chr20	62146926	62147055	LTR/ERVL-MaLR	485	-	64	62146990	8509
chr20	62138481	62338481	harbor2	chr20	62152967	62153338	LTR/ERVL-MaLR	2256	-	186	62153153	14672
chr20	62138481	62338481	harbor2	chr20	62204691	62204750	LTR/ERVL-MaLR	481	-	30	62204721	66240
chr20	62138481	62338481	harbor2	chr20	62205056	62205329	LTR/ERVL-MaLR	481	-	136	62205192	66711
chr20	62138481	62338481	harbor2	chr20	62209298	62209773	LTR/ERVL-MaLR	743	-	238	62209536	71055
chr20	63366366	63566366	harbor2	chr20	63391539	63391897	LTR/ERVL-MaLR	731	-	179	63391718	25352
chr20	63366366	63566366	harbor2	chr20	63425738	63426868	LTR/ERVL-MaLR	1910	-	565	63426303	59937
chr20	63366366	63566366	harbor2	chr20	63427432	63427753	LTR/ERVL-MaLR	738	-	160	63427592	61226
chr20	33576839	33776839	harbor2	chr20	33606363	33606851	LTR/ERVL-MaLR	1654	-	244	33606607	29768
chr20	33576839	33776839	harbor2	chr20	33607489	33607870	LTR/ERVL-MaLR	1643	-	190	33607679	30840
chr20	62030147	62230147	harbor2	chr20	62069118	62069523	LTR/ERVL-MaLR	1228	-	202	62069320	39173
chr20	62030147	62230147	harbor2	chr20	62079778	62079828	LTR/ERVL-MaLR	1905	-	25	62079803	49656
chr20	62030147	62230147	harbor2	chr20	62080134	62080410	LTR/ERVL-MaLR	1905	-	138	62080272	50125
chr20	62030147	62230147	harbor2	chr20	62090812	62090861	LTR/ERVL-MaLR	2268	-	24	62090836	60689
chr20	62030147	62230147	harbor2	chr20	62091164	62091540	LTR/ERVL-MaLR	2268	-	188	62091352	61205
chr20	2820954	3020954	harbor2	chr20	2867911	2868311	LTR/ERVL-MaLR	1321	-	200	2868111	47157
chr20	38707041	38907041	harbor2	chr20	38717972	38718403	LTR/ERVL-MaLR	1187	-	216	38718188	11147
chr20	38707041	38907041	harbor2	chr20	38743549	38743926	LTR/ERVL-MaLR	2021	-	188	38743737	36696
chr20	38707041	38907041	harbor2	chr20	38746711	38746881	LTR/ERVL-MaLR	500	-	85	38746796	39755
chr20	38707041	38907041	harbor2	chr20	38761991	38762573	LTR/ERVL-MaLR	1803	-	291	38762282	55241
chr20	38707041	38907041	harbor2	chr20	38787956	38788446	LTR/ERVL-MaLR	1389	-	245	38788201	81160
chr20	38707041	38907041	harbor2	chr20	38794860	38795132	LTR/ERVL-MaLR	1575	-	136	38794996	87955
chr20	38707041	38907041	harbor2	chr20	38795443	38795559	LTR/ERVL-MaLR	1575	-	58	38795501	88460
chr20	38707041	38907041	harbor2	chr20	38802588	38802653	LTR/ERVL-MaLR	1774	-	32	38802620	95579
chr20	38707041	38907041	harbor2	chr20	38802957	38803302	LTR/ERVL-MaLR	1774	-	172	38803129	96088
chr20	1021009	1221009	harbor2	chr20	1060970	1061314	LTR/ERVL-MaLR	613	-	172	1061142	40133
chr20	1021009	1221009	harbor2	chr20	1068100	1068484	LTR/ERVL-MaLR	1608	-	192	1068292	47283
chr20	1021009	1221009	harbor2	chr20	1072996	1073254	LTR/ERVL-MaLR	1315	-	129	1073125	52116
chr20	1021009	1221009	harbor2	chr20	1073600	1073840	LTR/ERVL-MaLR	2116	-	120	1073720	52711
chr20	1021009	1221009	harbor2	chr20	1074143	1074292	LTR/ERVL-MaLR	2116	-	74	1074217	53208
chr20	1021009	1221009	harbor2	chr20	1075830	1075983	LTR/ERVL-MaLR	503	-	76	1075906	54897
chr20	1021009	1221009	harbor2	chr20	1080254	1080781	LTR/ERVL-MaLR	2352	-	264	1080518	59509
chr20	1021009	1221009	harbor2	chr20	1097647	1098052	LTR/ERVL-MaLR	1447	-	202	1097849	76840
chr20	35854536	36054536	harbor2	chr20	35887244	35887658	LTR/ERVL-MaLR	1246	-	207	35887451	32915
chr20	35854536	36054536	harbor2	chr20	35887804	35887933	LTR/ERVL-MaLR	1246	-	64	35887868	33332
chr20	37933811	38133811	harbor2	chr20	37940666	37941014	LTR/ERVL-MaLR	1692	-	174	37940840	7029
chr20	37933811	38133811	harbor2	chr20	37949803	37950207	LTR/ERVL-MaLR	2234	-	202	37950005	16194
chr20	37933811	38133811	harbor2	chr20	37970382	37970657	LTR/ERVL-MaLR	910	-	138	37970520	36709
chr20	59840491	60040491	harbor2	chr20	59904685	59904943	LTR/ERVL-MaLR	1287	-	129	59904814	64323
chr20	59840491	60040491	harbor2	chr20	59926226	59926679	LTR/ERVL-MaLR	1437	-	226	59926452	85961
chr20	62027610	62227610	harbor2	chr20	62069118	62069523	LTR/ERVL-MaLR	1228	-	202	62069320	41710
chr20	62027610	62227610	harbor2	chr20	62079778	62079828	LTR/ERVL-MaLR	1905	-	25	62079803	52193
chr20	62027610	62227610	harbor2	chr20	62080134	62080410	LTR/ERVL-MaLR	1905	-	138	62080272	52662
chr20	62027610	62227610	harbor2	chr20	62090812	62090861	LTR/ERVL-MaLR	2268	-	24	62090836	63226
chr20	62027610	62227610	harbor2	chr20	62091164	62091540	LTR/ERVL-MaLR	2268	-	188	62091352	63742
chr20	50272735	50472735	harbor2	chr20	50328189	50328556	LTR/ERVL-MaLR	2584	-	184	50328373	55638
chr20	50272735	50472735	harbor2	chr20	50335136	50335390	LTR/ERVL-MaLR	927	-	127	50335263	62528
chr20	50272735	50472735	harbor2	chr20	50354994	50355559	LTR/ERVL-MaLR	873	-	282	50355276	82541
chr20	50272735	50472735	harbor2	chr20	50367356	50367786	LTR/ERVL-MaLR	973	-	215	50367571	94836
chr20	50272735	50472735	harbor2	chr20	50368903	50369247	LTR/ERVL-MaLR	927	-	172	50369075	96340
chr20	63969669	64169669	harbor2	chr20	63990155	63990333	LTR/ERVL-MaLR	715	-	89	63990244	20575
chr21	29233865	29433865	harbor2	chr21	29243312	29243733	LTR/ERVL-MaLR	2636	-	210	29243522	9657
chr21	29233865	29433865	harbor2	chr21	29252146	29252498	LTR/ERVL-MaLR	2284	-	176	29252322	18457
chr21	29233865	29433865	harbor2	chr21	29252499	29254072	LTR/ERVL-MaLR	11611	-	786	29253285	19420
chr21	29233865	29433865	harbor2	chr21	29254073	29254427	LTR/ERVL-MaLR	2350	-	177	29254250	20385
chr21	29233865	29433865	harbor2	chr21	29260121	29260477	LTR/ERVL-MaLR	1290	-	178	29260299	26434
chr21	29233865	29433865	harbor2	chr21	29271134	29271196	LTR/ERVL-MaLR	849	-	31	29271165	37300
chr21	29233865	29433865	harbor2	chr21	29271504	29271692	LTR/ERVL-MaLR	849	-	94	29271598	37733
chr21	29233865	29433865	harbor2	chr21	29271995	29272233	LTR/ERVL-MaLR	849	-	119	29272114	38249
chr21	29233865	29433865	harbor2	chr21	29281450	29281493	LTR/ERVL-MaLR	2507	-	22	29281472	47607
chr21	29233865	29433865	harbor2	chr21	29281803	29282128	LTR/ERVL-MaLR	2507	-	162	29281965	48100
chr21	29233865	29433865	harbor2	chr21	29283505	29283877	LTR/ERVL-MaLR	2169	-	186	29283691	49826
chr21	29233865	29433865	harbor2	chr21	29286087	29286424	LTR/ERVL-MaLR	1807	-	168	29286255	52390
chr21	29233865	29433865	harbor2	chr21	29289699	29290051	LTR/ERVL-MaLR	1523	-	176	29289875	56010
chr21	29233865	29433865	harbor2	chr21	29293430	29293895	LTR/ERVL-MaLR	698	-	232	29293662	59797
chr21	29233865	29433865	harbor2	chr21	29306281	29306676	LTR/ERVL-MaLR	496	-	198	29306479	72614
chr21	29233865	29433865	harbor2	chr21	29321883	29322243	LTR/ERVL-MaLR	2454	-	180	29322063	88198
chr21	44624082	44824082	harbor2	chr21	44629261	44629564	LTR/ERVL-MaLR	1049	-	152	44629413	5331
chr21	44624082	44824082	harbor2	chr21	44651369	44651827	LTR/ERVL-MaLR	1411	-	229	44651598	27516
chr21	44624082	44824082	harbor2	chr21	44661543	44661981	LTR/ERVL-MaLR	2943	-	219	44661762	37680
chr21	14338484	14538484	harbor2	chr21	14344556	14344808	LTR/ERVL-MaLR	501	-	126	14344682	6198
chr21	14338484	14538484	harbor2	chr21	14351686	14351776	LTR/ERVL-MaLR	1716	-	45	14351731	13247
chr21	14338484	14538484	harbor2	chr21	14368181	14368597	LTR/ERVL-MaLR	588	-	208	14368389	29905
chr21	14338484	14538484	harbor2	chr21	14369975	14370566	LTR/ERVL-MaLR	984	-	296	14370271	31787
chr21	14338484	14538484	harbor2	chr21	14394369	14394829	LTR/ERVL-MaLR	862	-	230	14394599	56115
chr21	14338484	14538484	harbor2	chr21	14428653	14429019	LTR/ERVL-MaLR	1875	-	183	14428836	90352
chr21	14338484	14538484	harbor2	chr21	14435501	14435685	LTR/ERVL-MaLR	480	-	92	14435593	97109
chr21	14338484	14538484	harbor2	chr21	14435854	14436088	LTR/ERVL-MaLR	503	-	117	14435971	97487
chr21	14338484	14538484	harbor2	chr21	14352152	14352549	LTR/ERVL-MaLR	1716	-	198	14352350	13866
chr21	14338484	14538484	harbor2	chr21	14384773	14385323	LTR/ERVL-MaLR	1713	-	275	14385048	46564
chr21	42751330	42951330	harbor2	chr21	42757487	42757656	LTR/ERVL-MaLR	717	-	84	42757571	6241
chr21	42751330	42951330	harbor2	chr21	42757702	42757950	LTR/ERVL-MaLR	566	-	124	42757826	6496
chr21	42751330	42951330	harbor2	chr21	42784027	42784489	LTR/ERVL-MaLR	693	-	231	42784258	32928
chr21	42751330	42951330	harbor2	chr21	42787058	42787221	LTR/ERVL-MaLR	505	-	82	42787140	35810
chr21	42751330	42951330	harbor2	chr21	42816613	42816932	LTR/ERVL-MaLR	2152	-	160	42816773	65443
chr21	42751330	42951330	harbor2	chr21	42817247	42817329	LTR/ERVL-MaLR	2152	-	41	42817288	65958
chr21	42751330	42951330	harbor2	chr21	42845381	42845534	LTR/ERVL-MaLR	471	-	76	42845457	94127
chr21	33073262	33273262	harbor2	chr21	33104410	33104861	LTR/ERVL-MaLR	1153	-	226	33104636	31374
chr21	33073262	33273262	harbor2	chr21	33159594	33160085	LTR/ERVL-MaLR	840	-	246	33159840	86578
chr21	14484895	14684895	harbor2	chr21	14560838	14560947	LTR/ERVL-MaLR	540	-	54	14560892	75997
chr21	29199648	29399648	harbor2	chr21	29207506	29207887	LTR/ERVL-MaLR	1288	-	190	29207696	8048
chr21	29199648	29399648	harbor2	chr21	29226623	29226983	LTR/ERVL-MaLR	2007	-	180	29226803	27155
chr21	29199648	29399648	harbor2	chr21	29229967	29230330	LTR/ERVL-MaLR	2019	-	182	29230149	30501
chr21	29199648	29399648	harbor2	chr21	29232767	29233052	LTR/ERVL-MaLR	1731	-	142	29232909	33261
chr21	29199648	29399648	harbor2	chr21	29233482	29233575	LTR/ERVL-MaLR	1731	-	46	29233528	33880
chr21	29199648	29399648	harbor2	chr21	29243312	29243733	LTR/ERVL-MaLR	2636	-	210	29243522	43874
chr21	29199648	29399648	harbor2	chr21	29252146	29252498	LTR/ERVL-MaLR	2284	-	176	29252322	52674
chr21	29199648	29399648	harbor2	chr21	29252499	29254072	LTR/ERVL-MaLR	11611	-	786	29253285	53637
chr21	29199648	29399648	harbor2	chr21	29254073	29254427	LTR/ERVL-MaLR	2350	-	177	29254250	54602
chr21	29199648	29399648	harbor2	chr21	29260121	29260477	LTR/ERVL-MaLR	1290	-	178	29260299	60651
chr21	29199648	29399648	harbor2	chr21	29271134	29271196	LTR/ERVL-MaLR	849	-	31	29271165	71517
chr21	29199648	29399648	harbor2	chr21	29271504	29271692	LTR/ERVL-MaLR	849	-	94	29271598	71950
chr21	29199648	29399648	harbor2	chr21	29271995	29272233	LTR/ERVL-MaLR	849	-	119	29272114	72466
chr21	29199648	29399648	harbor2	chr21	29281450	29281493	LTR/ERVL-MaLR	2507	-	22	29281472	81824
chr21	29199648	29399648	harbor2	chr21	29281803	29282128	LTR/ERVL-MaLR	2507	-	162	29281965	82317
chr21	29199648	29399648	harbor2	chr21	29283505	29283877	LTR/ERVL-MaLR	2169	-	186	29283691	84043
chr21	29199648	29399648	harbor2	chr21	29286087	29286424	LTR/ERVL-MaLR	1807	-	168	29286255	86607
chr21	29199648	29399648	harbor2	chr21	29289699	29290051	LTR/ERVL-MaLR	1523	-	176	29289875	90227
chr21	29199648	29399648	harbor2	chr21	29293430	29293895	LTR/ERVL-MaLR	698	-	232	29293662	94014
chr21	29486560	29686560	harbor2	chr21	29497191	29497637	LTR/ERVL-MaLR	1203	-	223	29497414	10854
chr21	29486560	29686560	harbor2	chr21	29504482	29504737	LTR/ERVL-MaLR	956	-	128	29504610	18050
chr21	29486560	29686560	harbor2	chr21	29508229	29508518	LTR/ERVL-MaLR	932	-	144	29508373	21813
chr21	29486560	29686560	harbor2	chr21	29525720	29526099	LTR/ERVL-MaLR	2122	-	190	29525910	39350
chr21	29486560	29686560	harbor2	chr21	29526100	29527741	LTR/ERVL-MaLR	10672	-	820	29526920	40360
chr21	29486560	29686560	harbor2	chr21	29527742	29527965	LTR/ERVL-MaLR	1712	-	112	29527854	41294
chr21	29486560	29686560	harbor2	chr21	29528251	29528425	LTR/ERVL-MaLR	1712	-	87	29528338	41778
chr21	39044046	39244046	harbor2	chr21	39044408	39044564	LTR/ERVL-MaLR	447	-	78	39044486	440
chr21	39044046	39244046	harbor2	chr21	39047562	39047875	LTR/ERVL-MaLR	2101	-	156	39047718	3672
chr21	39044046	39244046	harbor2	chr21	39057404	39057664	LTR/ERVL-MaLR	1376	-	130	39057534	13488
chr21	39044046	39244046	harbor2	chr21	39104921	39105244	LTR/ERVL-MaLR	1235	-	162	39105083	61037
chr21	39044046	39244046	harbor2	chr21	39118087	39118501	LTR/ERVL-MaLR	2457	-	207	39118294	74248
chr21	39044046	39244046	harbor2	chr21	39120035	39120470	LTR/ERVL-MaLR	1339	-	218	39120253	76207
chr21	39044046	39244046	harbor2	chr21	39130813	39131217	LTR/ERVL-MaLR	656	-	202	39131015	86969
chr21	39044046	39244046	harbor2	chr21	39131230	39131760	LTR/ERVL-MaLR	913	-	265	39131495	87449
chr21	39044046	39244046	harbor2	chr21	39143242	39143480	LTR/ERVL-MaLR	1006	-	119	39143361	99315
chr21	46337457	46537457	harbor2	chr21	46339987	46340353	LTR/ERVL-MaLR	2551	-	183	46340170	2713
chr21	46337457	46537457	harbor2	chr21	46352605	46352847	LTR/ERVL-MaLR	771	-	121	46352726	15269
chr21	46337457	46537457	harbor2	chr21	46396202	46396590	LTR/ERVL-MaLR	1308	-	194	46396396	58939
chr21	46337457	46537457	harbor2	chr21	46427290	46427565	LTR/ERVL-MaLR	624	-	138	46427428	89971
chr21	5028556	5228556	harbor2	chr21	5057257	5057597	LTR/ERVL-MaLR	622	-	170	5057427	28871
chr21	5028556	5228556	harbor2	chr21	5057909	5058037	LTR/ERVL-MaLR	622	-	64	5057973	29417
chr21	5028556	5228556	harbor2	chr21	5067810	5068127	LTR/ERVL-MaLR	942	-	158	5067968	39412
chr21	5028556	5228556	harbor2	chr21	5082034	5082224	LTR/ERVL-MaLR	515	-	95	5082129	53573
chr21	14344309	14544309	harbor2	chr21	14344556	14344808	LTR/ERVL-MaLR	501	-	126	14344682	373
chr21	14344309	14544309	harbor2	chr21	14351686	14351776	LTR/ERVL-MaLR	1716	-	45	14351731	7422
chr21	14344309	14544309	harbor2	chr21	14368181	14368597	LTR/ERVL-MaLR	588	-	208	14368389	24080
chr21	14344309	14544309	harbor2	chr21	14369975	14370566	LTR/ERVL-MaLR	984	-	296	14370271	25962
chr21	14344309	14544309	harbor2	chr21	14394369	14394829	LTR/ERVL-MaLR	862	-	230	14394599	50290
chr21	14344309	14544309	harbor2	chr21	14428653	14429019	LTR/ERVL-MaLR	1875	-	183	14428836	84527
chr21	14344309	14544309	harbor2	chr21	14435501	14435685	LTR/ERVL-MaLR	480	-	92	14435593	91284
chr21	14344309	14544309	harbor2	chr21	14435854	14436088	LTR/ERVL-MaLR	503	-	117	14435971	91662
chr21	14344309	14544309	harbor2	chr21	14352152	14352549	LTR/ERVL-MaLR	1716	-	198	14352350	8041
chr21	14344309	14544309	harbor2	chr21	14384773	14385323	LTR/ERVL-MaLR	1713	-	275	14385048	40739
chr21	46031950	46231950	harbor2	chr21	46086994	46087374	LTR/ERVL-MaLR	2447	-	190	46087184	55234
chr21	46031950	46231950	harbor2	chr21	46129719	46129892	LTR/ERVL-MaLR	495	-	86	46129805	97855
chr21	46031950	46231950	harbor2	chr21	46071580	46071892	LTR/ERVL-MaLR	947	-	156	46071736	39786
chr21	15191535	15391535	harbor2	chr21	15193544	15193873	LTR/ERVL-MaLR	1079	-	164	15193708	2173
chr21	15191535	15391535	harbor2	chr21	15201615	15202033	LTR/ERVL-MaLR	1781	-	209	15201824	10289
chr21	15191535	15391535	harbor2	chr21	15246641	15247072	LTR/ERVL-MaLR	1257	-	216	15246857	55322
chr21	15191535	15391535	harbor2	chr21	15284367	15284723	LTR/ERVL-MaLR	2293	-	178	15284545	93010
chr21	14338970	14538970	harbor2	chr21	14344556	14344808	LTR/ERVL-MaLR	501	-	126	14344682	5712
chr21	14338970	14538970	harbor2	chr21	14351686	14351776	LTR/ERVL-MaLR	1716	-	45	14351731	12761
chr21	14338970	14538970	harbor2	chr21	14368181	14368597	LTR/ERVL-MaLR	588	-	208	14368389	29419
chr21	14338970	14538970	harbor2	chr21	14369975	14370566	LTR/ERVL-MaLR	984	-	296	14370271	31301
chr21	14338970	14538970	harbor2	chr21	14394369	14394829	LTR/ERVL-MaLR	862	-	230	14394599	55629
chr21	14338970	14538970	harbor2	chr21	14428653	14429019	LTR/ERVL-MaLR	1875	-	183	14428836	89866
chr21	14338970	14538970	harbor2	chr21	14435501	14435685	LTR/ERVL-MaLR	480	-	92	14435593	96623
chr21	14338970	14538970	harbor2	chr21	14435854	14436088	LTR/ERVL-MaLR	503	-	117	14435971	97001
chr21	14338970	14538970	harbor2	chr21	14352152	14352549	LTR/ERVL-MaLR	1716	-	198	14352350	13380
chr21	14338970	14538970	harbor2	chr21	14384773	14385323	LTR/ERVL-MaLR	1713	-	275	14385048	46078
chr21	29219635	29419635	harbor2	chr21	29226623	29226983	LTR/ERVL-MaLR	2007	-	180	29226803	7168
chr21	29219635	29419635	harbor2	chr21	29229967	29230330	LTR/ERVL-MaLR	2019	-	182	29230149	10514
chr21	29219635	29419635	harbor2	chr21	29232767	29233052	LTR/ERVL-MaLR	1731	-	142	29232909	13274
chr21	29219635	29419635	harbor2	chr21	29233482	29233575	LTR/ERVL-MaLR	1731	-	46	29233528	13893
chr21	29219635	29419635	harbor2	chr21	29243312	29243733	LTR/ERVL-MaLR	2636	-	210	29243522	23887
chr21	29219635	29419635	harbor2	chr21	29252146	29252498	LTR/ERVL-MaLR	2284	-	176	29252322	32687
chr21	29219635	29419635	harbor2	chr21	29252499	29254072	LTR/ERVL-MaLR	11611	-	786	29253285	33650
chr21	29219635	29419635	harbor2	chr21	29254073	29254427	LTR/ERVL-MaLR	2350	-	177	29254250	34615
chr21	29219635	29419635	harbor2	chr21	29260121	29260477	LTR/ERVL-MaLR	1290	-	178	29260299	40664
chr21	29219635	29419635	harbor2	chr21	29271134	29271196	LTR/ERVL-MaLR	849	-	31	29271165	51530
chr21	29219635	29419635	harbor2	chr21	29271504	29271692	LTR/ERVL-MaLR	849	-	94	29271598	51963
chr21	29219635	29419635	harbor2	chr21	29271995	29272233	LTR/ERVL-MaLR	849	-	119	29272114	52479
chr21	29219635	29419635	harbor2	chr21	29281450	29281493	LTR/ERVL-MaLR	2507	-	22	29281472	61837
chr21	29219635	29419635	harbor2	chr21	29281803	29282128	LTR/ERVL-MaLR	2507	-	162	29281965	62330
chr21	29219635	29419635	harbor2	chr21	29283505	29283877	LTR/ERVL-MaLR	2169	-	186	29283691	64056
chr21	29219635	29419635	harbor2	chr21	29286087	29286424	LTR/ERVL-MaLR	1807	-	168	29286255	66620
chr21	29219635	29419635	harbor2	chr21	29289699	29290051	LTR/ERVL-MaLR	1523	-	176	29289875	70240
chr21	29219635	29419635	harbor2	chr21	29293430	29293895	LTR/ERVL-MaLR	698	-	232	29293662	74027
chr21	29219635	29419635	harbor2	chr21	29306281	29306676	LTR/ERVL-MaLR	496	-	198	29306479	86844
chr21	44278871	44478871	harbor2	chr21	44280300	44280451	LTR/ERVL-MaLR	1050	-	76	44280376	1505
chr21	44278871	44478871	harbor2	chr21	44280738	44280892	LTR/ERVL-MaLR	1050	-	77	44280815	1944
chr21	44278871	44478871	harbor2	chr21	44289090	44289442	LTR/ERVL-MaLR	753	-	176	44289266	10395
chr21	44278871	44478871	harbor2	chr21	44346917	44347262	LTR/ERVL-MaLR	1845	-	172	44347089	68218
chr21	44278871	44478871	harbor2	chr21	44347550	44347599	LTR/ERVL-MaLR	1845	-	24	44347574	68703
chr21	44278871	44478871	harbor2	chr21	44372525	44373177	LTR/ERVL-MaLR	1892	-	326	44372851	93980
chr21	44278871	44478871	harbor2	chr21	44373487	44374000	LTR/ERVL-MaLR	2290	-	256	44373743	94872
chr21	44278871	44478871	harbor2	chr21	44374311	44374330	LTR/ERVL-MaLR	2290	-	10	44374321	95450
chr21	44278871	44478871	harbor2	chr21	44374866	44374927	LTR/ERVL-MaLR	2290	-	30	44374896	96025
chr21	44278871	44478871	harbor2	chr21	44375207	44375370	LTR/ERVL-MaLR	2290	-	82	44375289	96418
chr21	44278871	44478871	harbor2	chr21	44375383	44375773	LTR/ERVL-MaLR	535	-	195	44375578	96707
chr21	46358911	46558911	harbor2	chr21	46396202	46396590	LTR/ERVL-MaLR	1308	-	194	46396396	37485
chr21	46358911	46558911	harbor2	chr21	46427290	46427565	LTR/ERVL-MaLR	624	-	138	46427428	68517
chr21	14337764	14537764	harbor2	chr21	14344556	14344808	LTR/ERVL-MaLR	501	-	126	14344682	6918
chr21	14337764	14537764	harbor2	chr21	14351686	14351776	LTR/ERVL-MaLR	1716	-	45	14351731	13967
chr21	14337764	14537764	harbor2	chr21	14368181	14368597	LTR/ERVL-MaLR	588	-	208	14368389	30625
chr21	14337764	14537764	harbor2	chr21	14369975	14370566	LTR/ERVL-MaLR	984	-	296	14370271	32507
chr21	14337764	14537764	harbor2	chr21	14394369	14394829	LTR/ERVL-MaLR	862	-	230	14394599	56835
chr21	14337764	14537764	harbor2	chr21	14428653	14429019	LTR/ERVL-MaLR	1875	-	183	14428836	91072
chr21	14337764	14537764	harbor2	chr21	14435501	14435685	LTR/ERVL-MaLR	480	-	92	14435593	97829
chr21	14337764	14537764	harbor2	chr21	14435854	14436088	LTR/ERVL-MaLR	503	-	117	14435971	98207
chr21	14337764	14537764	harbor2	chr21	14352152	14352549	LTR/ERVL-MaLR	1716	-	198	14352350	14586
chr21	14337764	14537764	harbor2	chr21	14384773	14385323	LTR/ERVL-MaLR	1713	-	275	14385048	47284
chr21	15634172	15834172	harbor2	chr21	15642928	15643401	LTR/ERVL-MaLR	1959	-	236	15643164	8992
chr21	15634172	15834172	harbor2	chr21	15671451	15671876	LTR/ERVL-MaLR	658	-	212	15671663	37491
chr21	15634172	15834172	harbor2	chr21	15676068	15676232	LTR/ERVL-MaLR	573	-	82	15676150	41978
chr21	15634172	15834172	harbor2	chr21	15685367	15685873	LTR/ERVL-MaLR	1809	-	253	15685620	51448
chr21	15634172	15834172	harbor2	chr21	15699499	15699874	LTR/ERVL-MaLR	2571	-	188	15699687	65515
chr21	15634172	15834172	harbor2	chr21	15721783	15722393	LTR/ERVL-MaLR	3075	-	305	15722088	87916
chr21	15634172	15834172	harbor2	chr21	15722394	15722810	LTR/ERVL-MaLR	2345	-	208	15722602	88430
chr21	15634172	15834172	harbor2	chr21	15727456	15727874	LTR/ERVL-MaLR	1630	-	209	15727665	93493
chr21	39010819	39210819	harbor2	chr21	39013565	39013741	LTR/ERVL-MaLR	2203	-	88	39013653	2834
chr21	39010819	39210819	harbor2	chr21	39014059	39014238	LTR/ERVL-MaLR	2203	-	90	39014149	3330
chr21	39010819	39210819	harbor2	chr21	39016932	39017234	LTR/ERVL-MaLR	1895	-	151	39017083	6264
chr21	39010819	39210819	harbor2	chr21	39017283	39017396	LTR/ERVL-MaLR	1895	-	56	39017339	6520
chr21	39010819	39210819	harbor2	chr21	39023789	39024138	LTR/ERVL-MaLR	1006	-	174	39023963	13144
chr21	39010819	39210819	harbor2	chr21	39024140	39024371	LTR/ERVL-MaLR	775	-	116	39024256	13437
chr21	39010819	39210819	harbor2	chr21	39025283	39025703	LTR/ERVL-MaLR	2317	-	210	39025493	14674
chr21	39010819	39210819	harbor2	chr21	39044408	39044564	LTR/ERVL-MaLR	447	-	78	39044486	33667
chr21	39010819	39210819	harbor2	chr21	39047562	39047875	LTR/ERVL-MaLR	2101	-	156	39047718	36899
chr21	39010819	39210819	harbor2	chr21	39057404	39057664	LTR/ERVL-MaLR	1376	-	130	39057534	46715
chr21	39010819	39210819	harbor2	chr21	39104921	39105244	LTR/ERVL-MaLR	1235	-	162	39105083	94264
chr21	44717549	44917549	harbor2	chr21	44730050	44730396	LTR/ERVL-MaLR	1171	-	173	44730223	12674
chr21	44717549	44917549	harbor2	chr21	44730409	44731750	LTR/ERVL-MaLR	3446	-	670	44731079	13530
chr21	44717549	44917549	harbor2	chr21	44731773	44732119	LTR/ERVL-MaLR	1632	-	173	44731946	14397
chr21	44717549	44917549	harbor2	chr21	44735901	44736301	LTR/ERVL-MaLR	683	-	200	44736101	18552
chr21	44717549	44917549	harbor2	chr21	44754986	44755095	LTR/ERVL-MaLR	511	-	54	44755040	37491
chr21	44717549	44917549	harbor2	chr21	44796612	44797145	LTR/ERVL-MaLR	1072	-	266	44796878	79329
chr21	14339047	14539047	harbor2	chr21	14344556	14344808	LTR/ERVL-MaLR	501	-	126	14344682	5635
chr21	14339047	14539047	harbor2	chr21	14351686	14351776	LTR/ERVL-MaLR	1716	-	45	14351731	12684
chr21	14339047	14539047	harbor2	chr21	14368181	14368597	LTR/ERVL-MaLR	588	-	208	14368389	29342
chr21	14339047	14539047	harbor2	chr21	14369975	14370566	LTR/ERVL-MaLR	984	-	296	14370271	31224
chr21	14339047	14539047	harbor2	chr21	14394369	14394829	LTR/ERVL-MaLR	862	-	230	14394599	55552
chr21	14339047	14539047	harbor2	chr21	14428653	14429019	LTR/ERVL-MaLR	1875	-	183	14428836	89789
chr21	14339047	14539047	harbor2	chr21	14435501	14435685	LTR/ERVL-MaLR	480	-	92	14435593	96546
chr21	14339047	14539047	harbor2	chr21	14435854	14436088	LTR/ERVL-MaLR	503	-	117	14435971	96924
chr21	14339047	14539047	harbor2	chr21	14352152	14352549	LTR/ERVL-MaLR	1716	-	198	14352350	13303
chr21	14339047	14539047	harbor2	chr21	14384773	14385323	LTR/ERVL-MaLR	1713	-	275	14385048	46001
chr21	42276934	42476934	harbor2	chr21	42286214	42286359	LTR/ERVL-MaLR	475	-	72	42286286	9352
chr21	42276934	42476934	harbor2	chr21	42288793	42289099	LTR/ERVL-MaLR	951	-	153	42288946	12012
chr21	42276934	42476934	harbor2	chr21	42289149	42289463	LTR/ERVL-MaLR	627	-	157	42289306	12372
chr21	42276934	42476934	harbor2	chr21	42354347	42354727	LTR/ERVL-MaLR	1893	-	190	42354537	77603
chr21	42154556	42354556	harbor2	chr21	42157592	42158057	LTR/ERVL-MaLR	1453	-	232	42157824	3268
chr21	42154556	42354556	harbor2	chr21	42174067	42174472	LTR/ERVL-MaLR	510	-	202	42174269	19713
chr21	42154556	42354556	harbor2	chr21	42185986	42186006	LTR/ERVL-MaLR	527	-	10	42185996	31440
chr21	42154556	42354556	harbor2	chr21	42186345	42186416	LTR/ERVL-MaLR	527	-	36	42186381	31825
chr21	42154556	42354556	harbor2	chr21	42186414	42187037	LTR/ERVL-MaLR	2943	-	312	42186726	32170
chr21	42154556	42354556	harbor2	chr21	42187038	42187366	LTR/ERVL-MaLR	972	-	164	42187202	32646
chr21	42154556	42354556	harbor2	chr21	42227661	42228040	LTR/ERVL-MaLR	2110	-	190	42227851	73295
chr21	46358915	46558915	harbor2	chr21	46396202	46396590	LTR/ERVL-MaLR	1308	-	194	46396396	37481
chr21	46358915	46558915	harbor2	chr21	46427290	46427565	LTR/ERVL-MaLR	624	-	138	46427428	68513
chr21	29200088	29400088	harbor2	chr21	29207506	29207887	LTR/ERVL-MaLR	1288	-	190	29207696	7608
chr21	29200088	29400088	harbor2	chr21	29226623	29226983	LTR/ERVL-MaLR	2007	-	180	29226803	26715
chr21	29200088	29400088	harbor2	chr21	29229967	29230330	LTR/ERVL-MaLR	2019	-	182	29230149	30061
chr21	29200088	29400088	harbor2	chr21	29232767	29233052	LTR/ERVL-MaLR	1731	-	142	29232909	32821
chr21	29200088	29400088	harbor2	chr21	29233482	29233575	LTR/ERVL-MaLR	1731	-	46	29233528	33440
chr21	29200088	29400088	harbor2	chr21	29243312	29243733	LTR/ERVL-MaLR	2636	-	210	29243522	43434
chr21	29200088	29400088	harbor2	chr21	29252146	29252498	LTR/ERVL-MaLR	2284	-	176	29252322	52234
chr21	29200088	29400088	harbor2	chr21	29252499	29254072	LTR/ERVL-MaLR	11611	-	786	29253285	53197
chr21	29200088	29400088	harbor2	chr21	29254073	29254427	LTR/ERVL-MaLR	2350	-	177	29254250	54162
chr21	29200088	29400088	harbor2	chr21	29260121	29260477	LTR/ERVL-MaLR	1290	-	178	29260299	60211
chr21	29200088	29400088	harbor2	chr21	29271134	29271196	LTR/ERVL-MaLR	849	-	31	29271165	71077
chr21	29200088	29400088	harbor2	chr21	29271504	29271692	LTR/ERVL-MaLR	849	-	94	29271598	71510
chr21	29200088	29400088	harbor2	chr21	29271995	29272233	LTR/ERVL-MaLR	849	-	119	29272114	72026
chr21	29200088	29400088	harbor2	chr21	29281450	29281493	LTR/ERVL-MaLR	2507	-	22	29281472	81384
chr21	29200088	29400088	harbor2	chr21	29281803	29282128	LTR/ERVL-MaLR	2507	-	162	29281965	81877
chr21	29200088	29400088	harbor2	chr21	29283505	29283877	LTR/ERVL-MaLR	2169	-	186	29283691	83603
chr21	29200088	29400088	harbor2	chr21	29286087	29286424	LTR/ERVL-MaLR	1807	-	168	29286255	86167
chr21	29200088	29400088	harbor2	chr21	29289699	29290051	LTR/ERVL-MaLR	1523	-	176	29289875	89787
chr21	29200088	29400088	harbor2	chr21	29293430	29293895	LTR/ERVL-MaLR	698	-	232	29293662	93574
chr21	39009540	39209540	harbor2	chr21	39013565	39013741	LTR/ERVL-MaLR	2203	-	88	39013653	4113
chr21	39009540	39209540	harbor2	chr21	39014059	39014238	LTR/ERVL-MaLR	2203	-	90	39014149	4609
chr21	39009540	39209540	harbor2	chr21	39016932	39017234	LTR/ERVL-MaLR	1895	-	151	39017083	7543
chr21	39009540	39209540	harbor2	chr21	39017283	39017396	LTR/ERVL-MaLR	1895	-	56	39017339	7799
chr21	39009540	39209540	harbor2	chr21	39023789	39024138	LTR/ERVL-MaLR	1006	-	174	39023963	14423
chr21	39009540	39209540	harbor2	chr21	39024140	39024371	LTR/ERVL-MaLR	775	-	116	39024256	14716
chr21	39009540	39209540	harbor2	chr21	39025283	39025703	LTR/ERVL-MaLR	2317	-	210	39025493	15953
chr21	39009540	39209540	harbor2	chr21	39044408	39044564	LTR/ERVL-MaLR	447	-	78	39044486	34946
chr21	39009540	39209540	harbor2	chr21	39047562	39047875	LTR/ERVL-MaLR	2101	-	156	39047718	38178
chr21	39009540	39209540	harbor2	chr21	39057404	39057664	LTR/ERVL-MaLR	1376	-	130	39057534	47994
chr21	39009540	39209540	harbor2	chr21	39104921	39105244	LTR/ERVL-MaLR	1235	-	162	39105083	95543
chr21	36057503	36257503	harbor2	chr21	36098042	36098210	LTR/ERVL-MaLR	1011	-	84	36098126	40623
chr21	36057503	36257503	harbor2	chr21	36123342	36123767	LTR/ERVL-MaLR	2369	-	212	36123554	66051
chr21	36057503	36257503	harbor2	chr21	36128234	36128673	LTR/ERVL-MaLR	1579	-	220	36128454	70951
chr21	36057503	36257503	harbor2	chr21	36151959	36152034	LTR/ERVL-MaLR	1508	-	38	36151997	94494
chr21	36057503	36257503	harbor2	chr21	36152333	36152625	LTR/ERVL-MaLR	1508	-	146	36152479	94976
chr21	46537399	46737399	harbor2	chr21	46617056	46617426	LTR/ERVL-MaLR	2801	-	185	46617241	79842
chr21	46537399	46737399	harbor2	chr21	46625432	46625796	LTR/ERVL-MaLR	686	-	182	46625614	88215
chr21	46537399	46737399	harbor2	chr21	46625960	46626506	LTR/ERVL-MaLR	1126	-	273	46626233	88834
chr21	46537399	46737399	harbor2	chr21	46626687	46627153	LTR/ERVL-MaLR	507	-	233	46626920	89521
chr21	46537399	46737399	harbor2	chr21	46627202	46627578	LTR/ERVL-MaLR	2588	-	188	46627390	89991
chr21	46537399	46737399	harbor2	chr21	46628446	46628749	LTR/ERVL-MaLR	561	-	152	46628598	91199
chr21	14337790	14537790	harbor2	chr21	14344556	14344808	LTR/ERVL-MaLR	501	-	126	14344682	6892
chr21	14337790	14537790	harbor2	chr21	14351686	14351776	LTR/ERVL-MaLR	1716	-	45	14351731	13941
chr21	14337790	14537790	harbor2	chr21	14368181	14368597	LTR/ERVL-MaLR	588	-	208	14368389	30599
chr21	14337790	14537790	harbor2	chr21	14369975	14370566	LTR/ERVL-MaLR	984	-	296	14370271	32481
chr21	14337790	14537790	harbor2	chr21	14394369	14394829	LTR/ERVL-MaLR	862	-	230	14394599	56809
chr21	14337790	14537790	harbor2	chr21	14428653	14429019	LTR/ERVL-MaLR	1875	-	183	14428836	91046
chr21	14337790	14537790	harbor2	chr21	14435501	14435685	LTR/ERVL-MaLR	480	-	92	14435593	97803
chr21	14337790	14537790	harbor2	chr21	14435854	14436088	LTR/ERVL-MaLR	503	-	117	14435971	98181
chr21	14337790	14537790	harbor2	chr21	14352152	14352549	LTR/ERVL-MaLR	1716	-	198	14352350	14560
chr21	14337790	14537790	harbor2	chr21	14384773	14385323	LTR/ERVL-MaLR	1713	-	275	14385048	47258
chr21	42468253	42668253	harbor2	chr21	42507531	42507948	LTR/ERVL-MaLR	2368	-	208	42507739	39486
chr21	42468253	42668253	harbor2	chr21	42521838	42522264	LTR/ERVL-MaLR	1393	-	213	42522051	53798
chr21	42468253	42668253	harbor2	chr21	42536500	42536945	LTR/ERVL-MaLR	871	-	222	42536722	68469
chr21	42468253	42668253	harbor2	chr21	42552301	42552495	LTR/ERVL-MaLR	488	-	97	42552398	84145
chr21	42468253	42668253	harbor2	chr21	42552595	42552719	LTR/ERVL-MaLR	636	-	62	42552657	84404
chr21	46083095	46283095	harbor2	chr21	46086994	46087374	LTR/ERVL-MaLR	2447	-	190	46087184	4089
chr21	46083095	46283095	harbor2	chr21	46129719	46129892	LTR/ERVL-MaLR	495	-	86	46129805	46710
chr21	46083095	46283095	harbor2	chr21	46134216	46134326	LTR/ERVL-MaLR	533	-	55	46134271	51176
chr21	14338290	14538290	harbor2	chr21	14344556	14344808	LTR/ERVL-MaLR	501	-	126	14344682	6392
chr21	14338290	14538290	harbor2	chr21	14351686	14351776	LTR/ERVL-MaLR	1716	-	45	14351731	13441
chr21	14338290	14538290	harbor2	chr21	14368181	14368597	LTR/ERVL-MaLR	588	-	208	14368389	30099
chr21	14338290	14538290	harbor2	chr21	14369975	14370566	LTR/ERVL-MaLR	984	-	296	14370271	31981
chr21	14338290	14538290	harbor2	chr21	14394369	14394829	LTR/ERVL-MaLR	862	-	230	14394599	56309
chr21	14338290	14538290	harbor2	chr21	14428653	14429019	LTR/ERVL-MaLR	1875	-	183	14428836	90546
chr21	14338290	14538290	harbor2	chr21	14435501	14435685	LTR/ERVL-MaLR	480	-	92	14435593	97303
chr21	14338290	14538290	harbor2	chr21	14435854	14436088	LTR/ERVL-MaLR	503	-	117	14435971	97681
chr21	14338290	14538290	harbor2	chr21	14352152	14352549	LTR/ERVL-MaLR	1716	-	198	14352350	14060
chr21	14338290	14538290	harbor2	chr21	14384773	14385323	LTR/ERVL-MaLR	1713	-	275	14385048	46758
chr21	15630231	15830231	harbor2	chr21	15633407	15633778	LTR/ERVL-MaLR	1877	-	186	15633593	3362
chr21	15630231	15830231	harbor2	chr21	15642928	15643401	LTR/ERVL-MaLR	1959	-	236	15643164	12933
chr21	15630231	15830231	harbor2	chr21	15671451	15671876	LTR/ERVL-MaLR	658	-	212	15671663	41432
chr21	15630231	15830231	harbor2	chr21	15676068	15676232	LTR/ERVL-MaLR	573	-	82	15676150	45919
chr21	15630231	15830231	harbor2	chr21	15685367	15685873	LTR/ERVL-MaLR	1809	-	253	15685620	55389
chr21	15630231	15830231	harbor2	chr21	15699499	15699874	LTR/ERVL-MaLR	2571	-	188	15699687	69456
chr21	15630231	15830231	harbor2	chr21	15721783	15722393	LTR/ERVL-MaLR	3075	-	305	15722088	91857
chr21	15630231	15830231	harbor2	chr21	15722394	15722810	LTR/ERVL-MaLR	2345	-	208	15722602	92371
chr21	15630231	15830231	harbor2	chr21	15727456	15727874	LTR/ERVL-MaLR	1630	-	209	15727665	97434
chr21	14395178	14595178	harbor2	chr21	14428653	14429019	LTR/ERVL-MaLR	1875	-	183	14428836	33658
chr21	14395178	14595178	harbor2	chr21	14435501	14435685	LTR/ERVL-MaLR	480	-	92	14435593	40415
chr21	14395178	14595178	harbor2	chr21	14435854	14436088	LTR/ERVL-MaLR	503	-	117	14435971	40793
chr21	14395178	14595178	harbor2	chr21	14447943	14448308	LTR/ERVL-MaLR	2112	-	182	14448125	52947
chr21	14395178	14595178	harbor2	chr21	14450928	14451438	LTR/ERVL-MaLR	1618	-	255	14451183	56005
chr21	14395178	14595178	harbor2	chr21	14476626	14477121	LTR/ERVL-MaLR	1338	-	248	14476874	81696
chr21	43244199	43444199	harbor2	chr21	43265681	43265973	LTR/ERVL-MaLR	1123	-	146	43265827	21628
chr21	43244199	43444199	harbor2	chr21	43266270	43266458	LTR/ERVL-MaLR	1123	-	94	43266364	22165
chr21	43244199	43444199	harbor2	chr21	43273073	43273429	LTR/ERVL-MaLR	1218	-	178	43273251	29052
chr21	43244199	43444199	harbor2	chr21	43279221	43279559	LTR/ERVL-MaLR	1159	-	169	43279390	35191
chr21	43244199	43444199	harbor2	chr21	43295465	43296028	LTR/ERVL-MaLR	1937	-	282	43295747	51548
chr21	43244199	43444199	harbor2	chr21	43305576	43305812	LTR/ERVL-MaLR	685	-	118	43305694	61495
chr21	43244199	43444199	harbor2	chr21	43311503	43311871	LTR/ERVL-MaLR	654	-	184	43311687	67488
chr21	43244199	43444199	harbor2	chr21	43317977	43318327	LTR/ERVL-MaLR	1026	-	175	43318152	73953
chr21	43244199	43444199	harbor2	chr21	43318329	43318452	LTR/ERVL-MaLR	518	-	62	43318391	74192
chr21	43244199	43444199	harbor2	chr21	43331779	43332175	LTR/ERVL-MaLR	647	-	198	43331977	87778
chr21	44410603	44610603	harbor2	chr21	44432123	44432492	LTR/ERVL-MaLR	1452	-	184	44432307	21704
chr21	44410603	44610603	harbor2	chr21	44446408	44446538	LTR/ERVL-MaLR	567	-	65	44446473	35870
chr21	44410603	44610603	harbor2	chr21	44470942	44471200	LTR/ERVL-MaLR	1802	-	129	44471071	60468
chr21	44410603	44610603	harbor2	chr21	44471982	44472096	LTR/ERVL-MaLR	1802	-	57	44472039	61436
chr21	44410603	44610603	harbor2	chr21	44481190	44481484	LTR/ERVL-MaLR	1579	-	147	44481337	70734
chr21	44410603	44610603	harbor2	chr21	44482046	44482154	LTR/ERVL-MaLR	553	-	54	44482100	71497
chr21	16189281	16389281	harbor2	chr21	16200061	16200179	LTR/ERVL-MaLR	659	-	59	16200120	10839
chr21	16189281	16389281	harbor2	chr21	16200985	16201169	LTR/ERVL-MaLR	848	-	92	16201077	11796
chr21	16189281	16389281	harbor2	chr21	16246501	16246837	LTR/ERVL-MaLR	1612	-	168	16246669	57388
chr21	16189281	16389281	harbor2	chr21	16253662	16254032	LTR/ERVL-MaLR	1926	-	185	16253847	64566
chr21	16189281	16389281	harbor2	chr21	16271068	16271467	LTR/ERVL-MaLR	1696	-	200	16271268	81987
chr21	16189281	16389281	harbor2	chr21	16277349	16277737	LTR/ERVL-MaLR	1288	-	194	16277543	88262
chr22	19075418	19275418	harbor2	chr22	19167326	19167612	LTR/ERVL-MaLR	705	-	143	19167469	92051
chr22	42989451	43189451	harbor2	chr22	43071722	43072143	LTR/ERVL-MaLR	1088	-	210	43071932	82481
chr22	47146075	47346075	harbor2	chr22	47234319	47234675	LTR/ERVL-MaLR	2438	-	178	47234497	88422
chr22	47146075	47346075	harbor2	chr22	47152964	47153425	LTR/ERVL-MaLR	718	-	230	47153194	7119
chr22	50581425	50781425	harbor2	chr22	50589060	50589288	LTR/ERVL-MaLR	669	-	114	50589174	7749
chr22	50581425	50781425	harbor2	chr22	50635942	50636308	LTR/ERVL-MaLR	2508	-	183	50636125	54700
chr22	50581425	50781425	harbor2	chr22	50657600	50657790	LTR/ERVL-MaLR	592	-	95	50657695	76270
chr22	22590069	22790069	harbor2	chr22	22590336	22590527	LTR/ERVL-MaLR	1975	-	96	22590432	363
chr22	22590069	22790069	harbor2	chr22	22590528	22590646	LTR/ERVL-MaLR	668	-	59	22590587	518
chr22	22590069	22790069	harbor2	chr22	22598580	22598790	LTR/ERVL-MaLR	1060	-	105	22598685	8616
chr22	22590069	22790069	harbor2	chr22	22599524	22599979	LTR/ERVL-MaLR	2375	-	228	22599752	9683
chr22	22590069	22790069	harbor2	chr22	22657799	22658115	LTR/ERVL-MaLR	1031	-	158	22657957	67888
chr22	22590069	22790069	harbor2	chr22	22678629	22679044	LTR/ERVL-MaLR	1869	-	208	22678837	88768
chr22	42989456	43189456	harbor2	chr22	43071722	43072143	LTR/ERVL-MaLR	1088	-	210	43071932	82476
chr22	43933826	44133826	harbor2	chr22	43938331	43938740	LTR/ERVL-MaLR	2818	-	204	43938535	4709
chr22	43933826	44133826	harbor2	chr22	43953208	43953543	LTR/ERVL-MaLR	972	-	168	43953376	19550
chr22	43933826	44133826	harbor2	chr22	43970420	43970580	LTR/ERVL-MaLR	619	-	80	43970500	36674
chr22	43933826	44133826	harbor2	chr22	43991614	43992002	LTR/ERVL-MaLR	1458	-	194	43991808	57982
chr22	43933826	44133826	harbor2	chr22	43996926	43997384	LTR/ERVL-MaLR	523	-	229	43997155	63329
chr22	43933826	44133826	harbor2	chr22	44018860	44018906	LTR/ERVL-MaLR	1530	-	23	44018883	85057
chr22	43933826	44133826	harbor2	chr22	44019519	44019879	LTR/ERVL-MaLR	1530	-	180	44019699	85873
chr22	42989457	43189457	harbor2	chr22	43071722	43072143	LTR/ERVL-MaLR	1088	-	210	43071932	82475
chr22	43477459	43677459	harbor2	chr22	43493872	43494043	LTR/ERVL-MaLR	1324	-	86	43493958	16499
chr22	43477459	43677459	harbor2	chr22	43494340	43494694	LTR/ERVL-MaLR	1324	-	177	43494517	17058
chr22	43477459	43677459	harbor2	chr22	43494733	43495094	LTR/ERVL-MaLR	2299	-	180	43494913	17454
chr22	43477459	43677459	harbor2	chr22	43538803	43539265	LTR/ERVL-MaLR	1833	-	231	43539034	61575
chr22	50061646	50261646	harbor2	chr22	50131842	50132196	LTR/ERVL-MaLR	1843	-	177	50132019	70373
chr22	42989737	43189737	harbor2	chr22	43071722	43072143	LTR/ERVL-MaLR	1088	-	210	43071932	82195
chr22	39375789	39575789	harbor2	chr22	39473182	39473594	LTR/ERVL-MaLR	1593	-	206	39473388	97599
chr22	32078363	32278363	harbor2	chr22	32111133	32111510	LTR/ERVL-MaLR	2131	-	188	32111321	32958
chr22	32078363	32278363	harbor2	chr22	32168312	32168383	LTR/ERVL-MaLR	2238	-	36	32168348	89985
chr22	32078363	32278363	harbor2	chr22	32168719	32169000	LTR/ERVL-MaLR	2238	-	140	32168859	90496
chr22	50407639	50607639	harbor2	chr22	50416991	50417422	LTR/ERVL-MaLR	741	-	216	50417207	9568
chr22	44398337	44598337	harbor2	chr22	44432691	44432874	LTR/ERVL-MaLR	850	-	92	44432783	34446
chr22	44398337	44598337	harbor2	chr22	44461884	44462240	LTR/ERVL-MaLR	453	-	178	44462062	63725
chr22	44398337	44598337	harbor2	chr22	44468500	44468745	LTR/ERVL-MaLR	1220	-	122	44468622	70285
chr22	44398337	44598337	harbor2	chr22	44487243	44487544	LTR/ERVL-MaLR	782	-	150	44487393	89056
chr22	49692745	49892745	harbor2	chr22	49693215	49693407	LTR/ERVL-MaLR	577	-	96	49693311	566
chr22	49692745	49892745	harbor2	chr22	49710963	49711166	LTR/ERVL-MaLR	811	-	102	49711065	18320
chr22	49692745	49892745	harbor2	chr22	49718495	49718985	LTR/ERVL-MaLR	1191	-	245	49718740	25995
chr22	49664584	49864584	harbor2	chr22	49693215	49693407	LTR/ERVL-MaLR	577	-	96	49693311	28727
chr22	49664584	49864584	harbor2	chr22	49710963	49711166	LTR/ERVL-MaLR	811	-	102	49711065	46481
chr22	49664584	49864584	harbor2	chr22	49718495	49718985	LTR/ERVL-MaLR	1191	-	245	49718740	54156
chr22	42989453	43189453	harbor2	chr22	43071722	43072143	LTR/ERVL-MaLR	1088	-	210	43071932	82479
chr22	19833717	20033717	harbor2	chr22	19846088	19846254	LTR/ERVL-MaLR	612	-	83	19846171	12454
chr22	21542269	21742269	harbor2	chr22	21610044	21610335	LTR/ERVL-MaLR	1569	-	146	21610190	67921
chr22	21542269	21742269	harbor2	chr22	21613604	21614021	LTR/ERVL-MaLR	629	-	208	21613812	71543
chr22	21542269	21742269	harbor2	chr22	21638739	21638984	LTR/ERVL-MaLR	422	-	122	21638861	96592
chr22	21530050	21730050	harbor2	chr22	21610044	21610335	LTR/ERVL-MaLR	1569	-	146	21610190	80140
chr22	21530050	21730050	harbor2	chr22	21613604	21614021	LTR/ERVL-MaLR	629	-	208	21613812	83762
chr22	23371069	23571069	harbor2	chr22	23410598	23410973	LTR/ERVL-MaLR	1116	-	188	23410786	39717
chr22	23371069	23571069	harbor2	chr22	23430239	23430658	LTR/ERVL-MaLR	1193	-	210	23430449	59380
chr22	23371069	23571069	harbor2	chr22	23432864	23433196	LTR/ERVL-MaLR	957	-	166	23433030	61961
chr22	23371069	23571069	harbor2	chr22	23446694	23447101	LTR/ERVL-MaLR	433	-	204	23446898	75829
chr22	30847666	31047666	harbor2	chr22	30854778	30855141	LTR/ERVL-MaLR	2424	-	182	30854960	7294
chr22	30847666	31047666	harbor2	chr22	30898405	30898769	LTR/ERVL-MaLR	2214	-	182	30898587	50921
chr22	26171128	26371128	harbor2	chr22	26173629	26174009	LTR/ERVL-MaLR	1624	-	190	26173819	2691
chr22	26171128	26371128	harbor2	chr22	26187069	26187416	LTR/ERVL-MaLR	2233	-	174	26187243	16115
chr22	26171128	26371128	harbor2	chr22	26188223	26188536	LTR/ERVL-MaLR	768	-	156	26188379	17251
chr22	26171128	26371128	harbor2	chr22	26198492	26198781	LTR/ERVL-MaLR	1346	-	144	26198636	27508
chr22	26171128	26371128	harbor2	chr22	26242848	26243271	LTR/ERVL-MaLR	1741	-	212	26243060	71932
chr22	36186701	36386701	harbor2	chr22	36222408	36222855	LTR/ERVL-MaLR	1827	-	224	36222632	35931
chr22	36186701	36386701	harbor2	chr22	36261098	36261464	LTR/ERVL-MaLR	1294	-	183	36261281	74580
chr22	42989431	43189431	harbor2	chr22	43071722	43072143	LTR/ERVL-MaLR	1088	-	210	43071932	82501
chr22	46293224	46493224	harbor2	chr22	46295096	46295495	LTR/ERVL-MaLR	2452	-	200	46295296	2072
chr22	46293224	46493224	harbor2	chr22	46318822	46319132	LTR/ERVL-MaLR	520	-	155	46318977	25753
chr22	46293224	46493224	harbor2	chr22	46324983	46325194	LTR/ERVL-MaLR	1660	-	106	46325089	31865
chr22	46293224	46493224	harbor2	chr22	46325657	46325802	LTR/ERVL-MaLR	1660	-	72	46325729	32505
chr22	18930366	19130366	harbor2	chr22	18989909	18990114	LTR/ERVL-MaLR	919	-	102	18990011	59645
chr22	18930366	19130366	harbor2	chr22	19009550	19009999	LTR/ERVL-MaLR	1901	-	224	19009774	79408
chr22	30998853	31198853	harbor2	chr22	31006873	31007041	LTR/ERVL-MaLR	2065	-	84	31006957	8104
chr22	30998853	31198853	harbor2	chr22	31007357	31007520	LTR/ERVL-MaLR	2065	-	82	31007439	8586
chr22	30998853	31198853	harbor2	chr22	31018906	31019039	LTR/ERVL-MaLR	756	-	66	31018972	20119
chr22	30998853	31198853	harbor2	chr22	31019051	31019108	LTR/ERVL-MaLR	5596	-	28	31019079	20226
chr22	30998853	31198853	harbor2	chr22	31019369	31020010	LTR/ERVL-MaLR	5596	-	320	31019689	20836
chr22	30998853	31198853	harbor2	chr22	31020319	31020861	LTR/ERVL-MaLR	5596	-	271	31020590	21737
chr22	30998853	31198853	harbor2	chr22	31020979	31021226	LTR/ERVL-MaLR	5596	-	124	31021103	22250
chr22	30998853	31198853	harbor2	chr22	31021529	31021541	LTR/ERVL-MaLR	5596	-	6	31021535	22682
chr22	30998853	31198853	harbor2	chr22	31021853	31022105	LTR/ERVL-MaLR	5596	-	126	31021979	23126
chr22	30998853	31198853	harbor2	chr22	31022113	31022460	LTR/ERVL-MaLR	1620	-	174	31022287	23434
chr22	30998853	31198853	harbor2	chr22	31024162	31024242	LTR/ERVL-MaLR	465	-	40	31024202	25349
chr22	30998853	31198853	harbor2	chr22	31041414	31041744	LTR/ERVL-MaLR	1801	-	165	31041579	42726
chr22	30998853	31198853	harbor2	chr22	31048329	31048339	LTR/ERVL-MaLR	649	-	5	31048334	49481
chr22	30998853	31198853	harbor2	chr22	31048672	31048823	LTR/ERVL-MaLR	673	-	76	31048748	49895
chr22	30998853	31198853	harbor2	chr22	31053010	31053374	LTR/ERVL-MaLR	1527	-	182	31053192	54339
chr22	30998853	31198853	harbor2	chr22	31058644	31058984	LTR/ERVL-MaLR	1470	-	170	31058814	59961
chr22	30998853	31198853	harbor2	chr22	31073707	31074098	LTR/ERVL-MaLR	1398	-	196	31073903	75050
chr22	42989458	43189458	harbor2	chr22	43071722	43072143	LTR/ERVL-MaLR	1088	-	210	43071932	82474
chr22	23668508	23868508	harbor2	chr22	23689559	23689939	LTR/ERVL-MaLR	1633	-	190	23689749	21241
chr22	23668508	23868508	harbor2	chr22	23728118	23728373	LTR/ERVL-MaLR	1089	-	128	23728246	59738
chr22	49199648	49399648	harbor2	chr22	49236145	49236510	LTR/ERVL-MaLR	1776	-	182	49236327	36679
chr22	49199648	49399648	harbor2	chr22	49239324	49239695	LTR/ERVL-MaLR	1010	-	186	49239510	39862
chr22	49199648	49399648	harbor2	chr22	49245570	49245936	LTR/ERVL-MaLR	1331	-	183	49245753	46105
chr22	49199648	49399648	harbor2	chr22	49285831	49286176	LTR/ERVL-MaLR	1052	-	172	49286003	86355
chr22	49199648	49399648	harbor2	chr22	49291544	49291979	LTR/ERVL-MaLR	1130	-	218	49291762	92114
chr22	50407671	50607671	harbor2	chr22	50416991	50417422	LTR/ERVL-MaLR	741	-	216	50417207	9536
chr22	46151173	46351173	harbor2	chr22	46176673	46176830	LTR/ERVL-MaLR	1093	-	78	46176751	25578
chr22	46151173	46351173	harbor2	chr22	46178993	46179248	LTR/ERVL-MaLR	659	-	128	46179121	27948
chr22	46151173	46351173	harbor2	chr22	46220984	46221357	LTR/ERVL-MaLR	2090	-	186	46221170	69997
chr22	50170823	50370823	harbor2	chr22	50172170	50172435	LTR/ERVL-MaLR	846	-	132	50172302	1479
chr22	50170823	50370823	harbor2	chr22	50172701	50172712	LTR/ERVL-MaLR	846	-	6	50172707	1884
chr22	50170823	50370823	harbor2	chr22	50173656	50173881	LTR/ERVL-MaLR	714	-	112	50173768	2945
chr22	50170823	50370823	harbor2	chr22	50188436	50188731	LTR/ERVL-MaLR	908	-	148	50188584	17761
chr22	43480672	43680672	harbor2	chr22	43493872	43494043	LTR/ERVL-MaLR	1324	-	86	43493958	13286
chr22	43480672	43680672	harbor2	chr22	43494340	43494694	LTR/ERVL-MaLR	1324	-	177	43494517	13845
chr22	43480672	43680672	harbor2	chr22	43494733	43495094	LTR/ERVL-MaLR	2299	-	180	43494913	14241
chr22	43480672	43680672	harbor2	chr22	43538803	43539265	LTR/ERVL-MaLR	1833	-	231	43539034	58362
chr22	36919222	37119222	harbor2	chr22	36945447	36945821	LTR/ERVL-MaLR	2131	-	187	36945634	26412
chr22	36919222	37119222	harbor2	chr22	36948160	36948488	LTR/ERVL-MaLR	1823	-	164	36948324	29102
chr22	36919222	37119222	harbor2	chr22	36956938	36957151	LTR/ERVL-MaLR	2382	-	106	36957044	37822
chr22	36919222	37119222	harbor2	chr22	36957183	36957221	LTR/ERVL-MaLR	2382	-	19	36957202	37980
chr22	36919222	37119222	harbor2	chr22	36957531	36957731	LTR/ERVL-MaLR	2382	-	100	36957631	38409
chr22	36919222	37119222	harbor2	chr22	36980385	36980481	LTR/ERVL-MaLR	1622	-	48	36980433	61211
chr22	36919222	37119222	harbor2	chr22	36980772	36981048	LTR/ERVL-MaLR	1622	-	138	36980910	61688
chr22	36919222	37119222	harbor2	chr22	37008909	37009451	LTR/ERVL-MaLR	1438	-	271	37009180	89958
chr22	36919213	37119213	harbor2	chr22	36945447	36945821	LTR/ERVL-MaLR	2131	-	187	36945634	26421
chr22	36919213	37119213	harbor2	chr22	36948160	36948488	LTR/ERVL-MaLR	1823	-	164	36948324	29111
chr22	36919213	37119213	harbor2	chr22	36956938	36957151	LTR/ERVL-MaLR	2382	-	106	36957044	37831
chr22	36919213	37119213	harbor2	chr22	36957183	36957221	LTR/ERVL-MaLR	2382	-	19	36957202	37989
chr22	36919213	37119213	harbor2	chr22	36957531	36957731	LTR/ERVL-MaLR	2382	-	100	36957631	38418
chr22	36919213	37119213	harbor2	chr22	36980385	36980481	LTR/ERVL-MaLR	1622	-	48	36980433	61220
chr22	36919213	37119213	harbor2	chr22	36980772	36981048	LTR/ERVL-MaLR	1622	-	138	36980910	61697
chr22	36919213	37119213	harbor2	chr22	37008909	37009451	LTR/ERVL-MaLR	1438	-	271	37009180	89967
chr22	42989450	43189450	harbor2	chr22	43071722	43072143	LTR/ERVL-MaLR	1088	-	210	43071932	82482
chr22	22015058	22215058	harbor2	chr22	22016093	22016412	LTR/ERVL-MaLR	1407	-	160	22016253	1195
chr22	22015058	22215058	harbor2	chr22	22016733	22016851	LTR/ERVL-MaLR	1407	-	59	22016792	1734
chr22	22015058	22215058	harbor2	chr22	22039347	22039716	LTR/ERVL-MaLR	1744	-	184	22039531	24473
chr22	22015058	22215058	harbor2	chr22	22080528	22080848	LTR/ERVL-MaLR	950	-	160	22080688	65630
chr22	22015058	22215058	harbor2	chr22	22083046	22083267	LTR/ERVL-MaLR	529	-	110	22083156	68098
chr22	22015058	22215058	harbor2	chr22	22112508	22112881	LTR/ERVL-MaLR	1300	-	186	22112694	97636
chr22	36186697	36386697	harbor2	chr22	36222408	36222855	LTR/ERVL-MaLR	1827	-	224	36222632	35935
chr22	36186697	36386697	harbor2	chr22	36261098	36261464	LTR/ERVL-MaLR	1294	-	183	36261281	74584
chr22	24018494	24218494	harbor2	chr22	24043401	24043469	LTR/ERVL-MaLR	437	-	34	24043435	24941
chr22	24018494	24218494	harbor2	chr22	24043775	24044063	LTR/ERVL-MaLR	1492	-	144	24043919	25425
chr22	24018494	24218494	harbor2	chr22	24044307	24044925	LTR/ERVL-MaLR	2695	-	309	24044616	26122
chr22	24018494	24218494	harbor2	chr22	24045224	24045348	LTR/ERVL-MaLR	2695	-	62	24045286	26792
chr22	24018494	24218494	harbor2	chr22	24045622	24045676	LTR/ERVL-MaLR	2695	-	27	24045649	27155
chr22	24018494	24218494	harbor2	chr22	24045682	24045775	LTR/ERVL-MaLR	585	-	46	24045728	27234
chr22	46387837	46587837	harbor2	chr22	46426306	46426622	LTR/ERVL-MaLR	1280	-	158	46426464	38627
chr22	46387837	46587837	harbor2	chr22	46441458	46441794	LTR/ERVL-MaLR	1113	-	168	46441626	53789
chr22	46387837	46587837	harbor2	chr22	46444647	46444923	LTR/ERVL-MaLR	1176	-	138	46444785	56948
chr22	46387837	46587837	harbor2	chr22	46445518	46445669	LTR/ERVL-MaLR	1176	-	76	46445594	57757
chr22	46387837	46587837	harbor2	chr22	46472629	46473032	LTR/ERVL-MaLR	838	-	202	46472831	84994
chr22	36186696	36386696	harbor2	chr22	36222408	36222855	LTR/ERVL-MaLR	1827	-	224	36222632	35936
chr22	36186696	36386696	harbor2	chr22	36261098	36261464	LTR/ERVL-MaLR	1294	-	183	36261281	74585
chr22	36186702	36386702	harbor2	chr22	36222408	36222855	LTR/ERVL-MaLR	1827	-	224	36222632	35930
chr22	36186702	36386702	harbor2	chr22	36261098	36261464	LTR/ERVL-MaLR	1294	-	183	36261281	74579
chr22	36186690	36386690	harbor2	chr22	36222408	36222855	LTR/ERVL-MaLR	1827	-	224	36222632	35942
chr22	36186690	36386690	harbor2	chr22	36261098	36261464	LTR/ERVL-MaLR	1294	-	183	36261281	74591
chrX	18254718	18454718	harbor2	chrX	18302865	18303337	LTR/ERVL-MaLR	1080	-	236	18303101	48383
chrX	48409015	48609015	harbor2	chrX	48497625	48497692	LTR/ERVL-MaLR	928	-	34	48497659	88644
chrX	48409015	48609015	harbor2	chrX	48496542	48497030	LTR/ERVL-MaLR	928	-	244	48496786	87771
chrX	129834975	130034975	harbor2	chrX	129867713	129867879	LTR/ERVL-MaLR	856	-	83	129867796	32821
chrX	129834975	130034975	harbor2	chrX	129882214	129882728	LTR/ERVL-MaLR	1550	-	257	129882471	47496
chrX	129834975	130034975	harbor2	chrX	129885986	129886253	LTR/ERVL-MaLR	1179	-	134	129886120	51145
chrX	49762718	49962718	harbor2	chrX	49782244	49782611	LTR/ERVL-MaLR	2240	-	184	49782428	19710
chrX	49762718	49962718	harbor2	chrX	49790491	49790850	LTR/ERVL-MaLR	2291	-	180	49790671	27953
chrX	49762718	49962718	harbor2	chrX	49841541	49842112	LTR/ERVL-MaLR	2655	-	286	49841827	79109
chrX	49762718	49962718	harbor2	chrX	49847515	49847874	LTR/ERVL-MaLR	2105	-	180	49847695	84977
chrX	49762718	49962718	harbor2	chrX	49848317	49848543	LTR/ERVL-MaLR	1170	-	113	49848430	85712
chrX	153488571	153688571	harbor2	chrX	153528587	153529035	LTR/ERVL-MaLR	1014	-	224	153528811	40240
chrX	153488571	153688571	harbor2	chrX	153552686	153552973	LTR/ERVL-MaLR	640	-	144	153552830	64259
chrX	153488571	153688571	harbor2	chrX	153562762	153563123	LTR/ERVL-MaLR	1551	-	180	153562942	74371
chrX	153488571	153688571	harbor2	chrX	153585008	153585224	LTR/ERVL-MaLR	753	-	108	153585116	96545
chrX	109965478	110165478	harbor2	chrX	109979109	109979491	LTR/ERVL-MaLR	1920	-	191	109979300	13822
chrX	37580064	37780064	harbor2	chrX	37604679	37604919	LTR/ERVL-MaLR	609	-	120	37604799	24735
chrX	37580064	37780064	harbor2	chrX	37609961	37610347	LTR/ERVL-MaLR	1632	-	193	37610154	30090
chrX	37580064	37780064	harbor2	chrX	37618417	37618864	LTR/ERVL-MaLR	1889	-	224	37618641	38577
chrX	37580064	37780064	harbor2	chrX	37640157	37640509	LTR/ERVL-MaLR	1735	-	176	37640333	60269
chrX	37580064	37780064	harbor2	chrX	37667691	37668093	LTR/ERVL-MaLR	2243	-	201	37667892	87828
chrX	49066465	49266465	harbor2	chrX	49109622	49109760	LTR/ERVL-MaLR	752	-	69	49109691	43226
chrX	49066465	49266465	harbor2	chrX	49133855	49134061	LTR/ERVL-MaLR	1660	-	103	49133958	67493
chrX	49066465	49266465	harbor2	chrX	49134463	49134641	LTR/ERVL-MaLR	1660	-	89	49134552	68087
chrX	49066465	49266465	harbor2	chrX	49150356	49150575	LTR/ERVL-MaLR	2026	-	110	49150466	84001
chrX	49066465	49266465	harbor2	chrX	49151129	49151422	LTR/ERVL-MaLR	2026	-	146	49151275	84810
chrX	41234593	41434593	harbor2	chrX	41259596	41259989	LTR/ERVL-MaLR	908	-	196	41259792	25199
chrX	48805353	49005353	harbor2	chrX	48851832	48852175	LTR/ERVL-MaLR	2430	-	172	48852004	46651
chrX	48805353	49005353	harbor2	chrX	48852176	48853692	LTR/ERVL-MaLR	11259	-	758	48852934	47581
chrX	48805353	49005353	harbor2	chrX	48861800	48861960	LTR/ERVL-MaLR	1150	-	80	48861880	56527
chrX	48805353	49005353	harbor2	chrX	48877355	48877735	LTR/ERVL-MaLR	1719	-	190	48877545	72192
chrX	48805353	49005353	harbor2	chrX	48878155	48878557	LTR/ERVL-MaLR	2145	-	201	48878356	73003
chrX	20396267	20596267	harbor2	chrX	20396215	20396640	LTR/ERVL-MaLR	856	-	212	20396427	160
chrX	20396267	20596267	harbor2	chrX	20401936	20402299	LTR/ERVL-MaLR	2774	-	182	20402118	5851
chrX	20396267	20596267	harbor2	chrX	20407787	20408211	LTR/ERVL-MaLR	2673	-	212	20407999	11732
chrX	20396267	20596267	harbor2	chrX	20408624	20409100	LTR/ERVL-MaLR	2282	-	238	20408862	12595
chrX	20396267	20596267	harbor2	chrX	20414862	20415170	LTR/ERVL-MaLR	1251	-	154	20415016	18749
chrX	20396267	20596267	harbor2	chrX	20415278	20415457	LTR/ERVL-MaLR	624	-	90	20415368	19101
chrX	20396267	20596267	harbor2	chrX	20424939	20425374	LTR/ERVL-MaLR	1609	-	218	20425157	28890
chrX	20396267	20596267	harbor2	chrX	20433757	20434140	LTR/ERVL-MaLR	1594	-	192	20433949	37682
chrX	20396267	20596267	harbor2	chrX	20435495	20435959	LTR/ERVL-MaLR	886	-	232	20435727	39460
chrX	20396267	20596267	harbor2	chrX	20448728	20449073	LTR/ERVL-MaLR	1854	-	172	20448900	52633
chrX	20396267	20596267	harbor2	chrX	20449755	20449853	LTR/ERVL-MaLR	725	-	49	20449804	53537
chrX	20396267	20596267	harbor2	chrX	20450196	20450703	LTR/ERVL-MaLR	1798	-	254	20450450	54183
chrX	20396267	20596267	harbor2	chrX	20453758	20454190	LTR/ERVL-MaLR	2074	-	216	20453974	57707
chrX	20396267	20596267	harbor2	chrX	20473543	20474024	LTR/ERVL-MaLR	2173	-	240	20473783	77516
chrX	16520297	16720297	harbor2	chrX	16524977	16525363	LTR/ERVL-MaLR	2260	-	193	16525170	4873
chrX	16520297	16720297	harbor2	chrX	16525364	16526862	LTR/ERVL-MaLR	10843	-	749	16526113	5816
chrX	16520297	16720297	harbor2	chrX	16526866	16527011	LTR/ERVL-MaLR	1078	-	72	16526938	6641
chrX	16520297	16720297	harbor2	chrX	16543127	16543578	LTR/ERVL-MaLR	2261	-	226	16543353	23056
chrX	16520297	16720297	harbor2	chrX	16551904	16552259	LTR/ERVL-MaLR	2643	-	178	16552082	31785
chrX	16520297	16720297	harbor2	chrX	16567561	16567912	LTR/ERVL-MaLR	1927	-	176	16567737	47440
