H_chr	H_start	H_end	Harbor	TE_chr	TE_start	TE_end	TE	score	TE_strand	TE_half	TE_middle_pos	TE_dis
chr1	16423038	16623038	harbor1	chr1	16493719	16493874	LTR/ERV1	1025	+	78	16493797	70759
chr1	16423038	16623038	harbor1	chr1	16515322	16515867	LTR/ERV1	3422	+	272	16515594	92556
chr1	16423038	16623038	harbor1	chr1	16518112	16518259	LTR/ERV1	988	+	74	16518186	95148
chr1	16423038	16623038	harbor1	chr1	16518276	16518432	LTR/ERV1	2553	+	78	16518354	95316
chr1	16423038	16623038	harbor1	chr1	16518433	16518592	LTR/ERV1	3894	+	80	16518513	95475
chr1	16423038	16623038	harbor1	chr1	16518899	16519376	LTR/ERV1	3894	+	238	16519137	96099
chr1	16423038	16623038	harbor1	chr1	16519377	16519729	LTR/ERV1	2553	+	176	16519553	96515
chr1	16507813	16707813	harbor1	chr1	16515322	16515867	LTR/ERV1	3422	+	272	16515594	7781
chr1	16507813	16707813	harbor1	chr1	16518112	16518259	LTR/ERV1	988	+	74	16518186	10373
chr1	16507813	16707813	harbor1	chr1	16518276	16518432	LTR/ERV1	2553	+	78	16518354	10541
chr1	16507813	16707813	harbor1	chr1	16518433	16518592	LTR/ERV1	3894	+	80	16518513	10700
chr1	16507813	16707813	harbor1	chr1	16518899	16519376	LTR/ERV1	3894	+	238	16519137	11324
chr1	16507813	16707813	harbor1	chr1	16519377	16519729	LTR/ERV1	2553	+	176	16519553	11740
chr1	16507813	16707813	harbor1	chr1	16523813	16524403	LTR/ERV1	3208	+	295	16524108	16295
chr1	16507813	16707813	harbor1	chr1	16524406	16525137	LTR/ERV1	4284	+	366	16524772	16959
chr1	16507813	16707813	harbor1	chr1	16540199	16541110	LTR/ERV1	4875	+	456	16540655	32842
chr1	227441506	227641506	harbor1	chr1	227499424	227499610	LTR/ERV1	830	+	93	227499517	58011
chr1	227441506	227641506	harbor1	chr1	227500566	227503796	LTR/ERV1	12933	+	1615	227502181	60675
chr1	227441506	227641506	harbor1	chr1	227504450	227506052	LTR/ERV1	12933	+	801	227505251	63745
chr1	227441506	227641506	harbor1	chr1	227516809	227518273	LTR/ERV1	2504	+	732	227517541	76035
chr1	108941871	109141871	harbor1	chr1	108965740	108965824	LTR/ERV1	590	+	42	108965782	23911
chr1	108941871	109141871	harbor1	chr1	108966184	108966417	LTR/ERV1	1573	+	116	108966300	24429
chr1	108941871	109141871	harbor1	chr1	108968777	108968930	LTR/ERV1	4066	+	76	108968853	26982
chr1	108941871	109141871	harbor1	chr1	108969223	108969773	LTR/ERV1	4066	+	275	108969498	27627
chr1	178438257	178638257	harbor1	chr1	178497186	178497769	LTR/ERV1	3532	+	292	178497478	59221
chr1	15661997	15861997	harbor1	chr1	15676932	15677489	LTR/ERV1	3365	+	278	15677210	15213
chr1	717645	917645	harbor1	chr1	787352	787718	LTR/ERV1	2003	+	183	787535	69890
chr1	16504018	16704018	harbor1	chr1	16515322	16515867	LTR/ERV1	3422	+	272	16515594	11576
chr1	16504018	16704018	harbor1	chr1	16518112	16518259	LTR/ERV1	988	+	74	16518186	14168
chr1	16504018	16704018	harbor1	chr1	16518276	16518432	LTR/ERV1	2553	+	78	16518354	14336
chr1	16504018	16704018	harbor1	chr1	16518433	16518592	LTR/ERV1	3894	+	80	16518513	14495
chr1	16504018	16704018	harbor1	chr1	16518899	16519376	LTR/ERV1	3894	+	238	16519137	15119
chr1	16504018	16704018	harbor1	chr1	16519377	16519729	LTR/ERV1	2553	+	176	16519553	15535
chr1	16504018	16704018	harbor1	chr1	16523813	16524403	LTR/ERV1	3208	+	295	16524108	20090
chr1	16504018	16704018	harbor1	chr1	16524406	16525137	LTR/ERV1	4284	+	366	16524772	20754
chr1	16504018	16704018	harbor1	chr1	16540199	16541110	LTR/ERV1	4875	+	456	16540655	36637
chr1	226479130	226679130	harbor1	chr1	226485417	226485608	LTR/ERV1	964	+	96	226485513	6383
chr1	16513040	16713040	harbor1	chr1	16515322	16515867	LTR/ERV1	3422	+	272	16515594	2554
chr1	16513040	16713040	harbor1	chr1	16518112	16518259	LTR/ERV1	988	+	74	16518186	5146
chr1	16513040	16713040	harbor1	chr1	16518276	16518432	LTR/ERV1	2553	+	78	16518354	5314
chr1	16513040	16713040	harbor1	chr1	16518433	16518592	LTR/ERV1	3894	+	80	16518513	5473
chr1	16513040	16713040	harbor1	chr1	16518899	16519376	LTR/ERV1	3894	+	238	16519137	6097
chr1	16513040	16713040	harbor1	chr1	16519377	16519729	LTR/ERV1	2553	+	176	16519553	6513
chr1	16513040	16713040	harbor1	chr1	16523813	16524403	LTR/ERV1	3208	+	295	16524108	11068
chr1	16513040	16713040	harbor1	chr1	16524406	16525137	LTR/ERV1	4284	+	366	16524772	11732
chr1	16513040	16713040	harbor1	chr1	16540199	16541110	LTR/ERV1	4875	+	456	16540655	27615
chr1	6684326	6884326	harbor1	chr1	6685409	6685826	LTR/ERV1	2226	+	208	6685617	1291
chr1	6684326	6884326	harbor1	chr1	6693819	6693834	LTR/ERV1	848	+	8	6693827	9501
chr1	6684326	6884326	harbor1	chr1	6694137	6694304	LTR/ERV1	848	+	84	6694221	9895
chr1	6684326	6884326	harbor1	chr1	6694340	6694611	LTR/ERV1	936	+	136	6694476	10150
chr1	6684326	6884326	harbor1	chr1	6699931	6700411	LTR/ERV1	3152	+	240	6700171	15845
chr1	6684326	6884326	harbor1	chr1	6747770	6748324	LTR/ERV1	3616	+	277	6748047	63721
chr1	6684326	6884326	harbor1	chr1	6750611	6750709	LTR/ERV1	550	+	49	6750660	66334
chr1	6684326	6884326	harbor1	chr1	6752295	6752737	LTR/ERV1	3242	+	221	6752516	68190
chr1	16625283	16825283	harbor1	chr1	16667986	16668531	LTR/ERV1	3509	+	272	16668258	42975
chr1	16625283	16825283	harbor1	chr1	16674777	16675682	LTR/ERV1	4973	+	452	16675229	49946
chr1	16625207	16825207	harbor1	chr1	16667986	16668531	LTR/ERV1	3509	+	272	16668258	43051
chr1	16625207	16825207	harbor1	chr1	16674777	16675682	LTR/ERV1	4973	+	452	16675229	50022
chr1	17288486	17488486	harbor1	chr1	17309089	17309584	LTR/ERV1	2874	+	248	17309337	20851
chr1	17288486	17488486	harbor1	chr1	17366435	17366903	LTR/ERV1	905	+	234	17366669	78183
chr1	17288486	17488486	harbor1	chr1	17370496	17370668	LTR/ERV1	902	+	86	17370582	82096
chr1	16517405	16717405	harbor1	chr1	16518112	16518259	LTR/ERV1	988	+	74	16518186	781
chr1	16517405	16717405	harbor1	chr1	16518276	16518432	LTR/ERV1	2553	+	78	16518354	949
chr1	16517405	16717405	harbor1	chr1	16518433	16518592	LTR/ERV1	3894	+	80	16518513	1108
chr1	16517405	16717405	harbor1	chr1	16518899	16519376	LTR/ERV1	3894	+	238	16519137	1732
chr1	16517405	16717405	harbor1	chr1	16519377	16519729	LTR/ERV1	2553	+	176	16519553	2148
chr1	16517405	16717405	harbor1	chr1	16523813	16524403	LTR/ERV1	3208	+	295	16524108	6703
chr1	16517405	16717405	harbor1	chr1	16524406	16525137	LTR/ERV1	4284	+	366	16524772	7367
chr1	16517405	16717405	harbor1	chr1	16540199	16541110	LTR/ERV1	4875	+	456	16540655	23250
chr1	16508264	16708264	harbor1	chr1	16515322	16515867	LTR/ERV1	3422	+	272	16515594	7330
chr1	16508264	16708264	harbor1	chr1	16518112	16518259	LTR/ERV1	988	+	74	16518186	9922
chr1	16508264	16708264	harbor1	chr1	16518276	16518432	LTR/ERV1	2553	+	78	16518354	10090
chr1	16508264	16708264	harbor1	chr1	16518433	16518592	LTR/ERV1	3894	+	80	16518513	10249
chr1	16508264	16708264	harbor1	chr1	16518899	16519376	LTR/ERV1	3894	+	238	16519137	10873
chr1	16508264	16708264	harbor1	chr1	16519377	16519729	LTR/ERV1	2553	+	176	16519553	11289
chr1	16508264	16708264	harbor1	chr1	16523813	16524403	LTR/ERV1	3208	+	295	16524108	15844
chr1	16508264	16708264	harbor1	chr1	16524406	16525137	LTR/ERV1	4284	+	366	16524772	16508
chr1	16508264	16708264	harbor1	chr1	16540199	16541110	LTR/ERV1	4875	+	456	16540655	32391
chr1	16493369	16693369	harbor1	chr1	16493719	16493874	LTR/ERV1	1025	+	78	16493797	428
chr1	16493369	16693369	harbor1	chr1	16515322	16515867	LTR/ERV1	3422	+	272	16515594	22225
chr1	16493369	16693369	harbor1	chr1	16518112	16518259	LTR/ERV1	988	+	74	16518186	24817
chr1	16493369	16693369	harbor1	chr1	16518276	16518432	LTR/ERV1	2553	+	78	16518354	24985
chr1	16493369	16693369	harbor1	chr1	16518433	16518592	LTR/ERV1	3894	+	80	16518513	25144
chr1	16493369	16693369	harbor1	chr1	16518899	16519376	LTR/ERV1	3894	+	238	16519137	25768
chr1	16493369	16693369	harbor1	chr1	16519377	16519729	LTR/ERV1	2553	+	176	16519553	26184
chr1	16493369	16693369	harbor1	chr1	16523813	16524403	LTR/ERV1	3208	+	295	16524108	30739
chr1	16493369	16693369	harbor1	chr1	16524406	16525137	LTR/ERV1	4284	+	366	16524772	31403
chr1	16493369	16693369	harbor1	chr1	16540199	16541110	LTR/ERV1	4875	+	456	16540655	47286
chr1	21742070	21942070	harbor1	chr1	21789463	21789492	LTR/ERV1	3134	+	14	21789477	47407
chr1	21742070	21942070	harbor1	chr1	21789793	21790371	LTR/ERV1	3134	+	289	21790082	48012
chr1	2375351	2575351	harbor1	chr1	2384393	2384801	LTR/ERV1	980	+	204	2384597	9246
chr1	2375340	2575340	harbor1	chr1	2384393	2384801	LTR/ERV1	980	+	204	2384597	9257
chr1	5895458	6095458	harbor1	chr1	5964246	5964764	LTR/ERV1	2750	+	259	5964505	69047
chr1	5895458	6095458	harbor1	chr1	5965554	5966187	LTR/ERV1	2956	+	316	5965870	70412
chr1	1	128757	harbor1	chr1	91678	92110	LTR/ERV1	883	+	216	91894	91893
chr1	755937	955937	harbor1	chr1	787352	787718	LTR/ERV1	2003	+	183	787535	31598
chr1	2992772	3192772	harbor1	chr1	3036644	3036789	LTR/ERV1	550	+	72	3036716	43944
chr1	11498163	11698163	harbor1	chr1	11564361	11564839	LTR/ERV1	2420	+	239	11564600	66437
chr1	11498163	11698163	harbor1	chr1	11581544	11581980	LTR/ERV1	2380	+	218	11581762	83599
chr1	16538364	16738364	harbor1	chr1	16540199	16541110	LTR/ERV1	4875	+	456	16540655	2291
chr1	244605801	244805801	harbor1	chr1	244642423	244643225	LTR/ERV1	4952	+	401	244642824	37023
chr1	6685401	6885401	harbor1	chr1	6685409	6685826	LTR/ERV1	2226	+	208	6685617	216
chr1	6685401	6885401	harbor1	chr1	6693819	6693834	LTR/ERV1	848	+	8	6693827	8426
chr1	6685401	6885401	harbor1	chr1	6694137	6694304	LTR/ERV1	848	+	84	6694221	8820
chr1	6685401	6885401	harbor1	chr1	6694340	6694611	LTR/ERV1	936	+	136	6694476	9075
chr1	6685401	6885401	harbor1	chr1	6699931	6700411	LTR/ERV1	3152	+	240	6700171	14770
chr1	6685401	6885401	harbor1	chr1	6747770	6748324	LTR/ERV1	3616	+	277	6748047	62646
chr1	6685401	6885401	harbor1	chr1	6750611	6750709	LTR/ERV1	550	+	49	6750660	65259
chr1	6685401	6885401	harbor1	chr1	6752295	6752737	LTR/ERV1	3242	+	221	6752516	67115
chr1	226638244	226838244	harbor1	chr1	226672144	226672561	LTR/ERV1	1191	+	208	226672352	34108
chr1	16624842	16824842	harbor1	chr1	16667986	16668531	LTR/ERV1	3509	+	272	16668258	43416
chr1	16624842	16824842	harbor1	chr1	16674777	16675682	LTR/ERV1	4973	+	452	16675229	50387
chr1	16625292	16825292	harbor1	chr1	16667986	16668531	LTR/ERV1	3509	+	272	16668258	42966
chr1	16625292	16825292	harbor1	chr1	16674777	16675682	LTR/ERV1	4973	+	452	16675229	49937
chr1	54939721	55139721	harbor1	chr1	54940337	54940708	LTR/ERV1	916	+	186	54940523	802
chr1	54939721	55139721	harbor1	chr1	54952015	54952567	LTR/ERV1	4404	+	276	54952291	12570
chr1	54939721	55139721	harbor1	chr1	54955558	54955915	LTR/ERV1	2593	+	178	54955736	16015
chr1	54939721	55139721	harbor1	chr1	54955916	54957173	LTR/ERV1	7070	+	628	54956544	16823
chr1	54939721	55139721	harbor1	chr1	54957466	54957862	LTR/ERV1	1287	+	198	54957664	17943
chr1	54939721	55139721	harbor1	chr1	54958039	54958447	LTR/ERV1	2362	+	204	54958243	18522
chr1	54939721	55139721	harbor1	chr1	54958448	54958741	LTR/ERV1	1679	+	146	54958594	18873
chr1	54939721	55139721	harbor1	chr1	54958744	54959694	LTR/ERV1	8158	+	475	54959219	19498
chr1	54939721	55139721	harbor1	chr1	54960003	54960522	LTR/ERV1	8158	+	260	54960263	20542
chr1	54939721	55139721	harbor1	chr1	54960505	54961005	LTR/ERV1	2468	+	250	54960755	21034
chr1	54939721	55139721	harbor1	chr1	54960985	54963581	LTR/ERV1	7415	+	1298	54962283	22562
chr1	54939721	55139721	harbor1	chr1	54963583	54963921	LTR/ERV1	2430	+	169	54963752	24031
chr1	54939721	55139721	harbor1	chr1	55022708	55023157	LTR/ERV1	3601	+	224	55022932	83211
chr1	54939721	55139721	harbor1	chr1	55023171	55026144	LTR/ERV1	15819	+	1486	55024657	84936
chr1	54939721	55139721	harbor1	chr1	55026135	55026637	LTR/ERV1	3298	+	251	55026386	86665
chr1	54939721	55139721	harbor1	chr1	55026640	55027296	LTR/ERV1	4041	+	328	55026968	87247
chr1	54939721	55139721	harbor1	chr1	55027298	55027886	LTR/ERV1	2621	+	294	55027592	87871
chr1	54939721	55139721	harbor1	chr1	55027887	55028369	LTR/ERV1	3390	+	241	55028128	88407
chr1	15213281	15413281	harbor1	chr1	15217246	15217397	LTR/ERV1	980	+	76	15217322	4041
chr1	15213281	15413281	harbor1	chr1	15218556	15219080	LTR/ERV1	3193	+	262	15218818	5537
chr1	15213281	15413281	harbor1	chr1	15279440	15279552	LTR/ERV1	682	+	56	15279496	66215
chr1	15213189	15413189	harbor1	chr1	15217246	15217397	LTR/ERV1	980	+	76	15217322	4133
chr1	15213189	15413189	harbor1	chr1	15218556	15219080	LTR/ERV1	3193	+	262	15218818	5629
chr1	15213189	15413189	harbor1	chr1	15279440	15279552	LTR/ERV1	682	+	56	15279496	66307
chr1	15643080	15843080	harbor1	chr1	15676932	15677489	LTR/ERV1	3365	+	278	15677210	34130
chr1	16625346	16825346	harbor1	chr1	16667986	16668531	LTR/ERV1	3509	+	272	16668258	42912
chr1	16625346	16825346	harbor1	chr1	16674777	16675682	LTR/ERV1	4973	+	452	16675229	49883
chr1	11740558	11940558	harbor1	chr1	11812714	11813290	LTR/ERV1	3041	+	288	11813002	72444
chr1	4224540	4424540	harbor1	chr1	4228184	4228486	LTR/ERV1	1345	+	151	4228335	3795
chr1	4224540	4424540	harbor1	chr1	4276670	4277069	LTR/ERV1	2759	+	200	4276870	52330
chr1	2375276	2575276	harbor1	chr1	2384393	2384801	LTR/ERV1	980	+	204	2384597	9321
chr1	1292629	1492629	harbor1	chr1	1382090	1382288	LTR/ERV1	620	+	99	1382189	89560
chr1	1292629	1492629	harbor1	chr1	1382839	1383063	LTR/ERV1	778	+	112	1382951	90322
chr1	1292629	1492629	harbor1	chr1	1383333	1383347	LTR/ERV1	778	+	7	1383340	90711
chr1	1292629	1492629	harbor1	chr1	1383522	1383628	LTR/ERV1	778	+	53	1383575	90946
chr1	1292629	1492629	harbor1	chr1	1384716	1385121	LTR/ERV1	964	+	202	1384918	92289
chr1	1292629	1492629	harbor1	chr1	1385651	1386135	LTR/ERV1	1263	+	242	1385893	93264
chr1	726325	926325	harbor1	chr1	787352	787718	LTR/ERV1	2003	+	183	787535	61210
chr1	226637969	226837969	harbor1	chr1	226672144	226672561	LTR/ERV1	1191	+	208	226672352	34383
chr1	2375349	2575349	harbor1	chr1	2384393	2384801	LTR/ERV1	980	+	204	2384597	9248
chr1	86604779	86804779	harbor1	chr1	86621605	86622313	LTR/ERV1	5161	+	354	86621959	17180
chr1	25518162	25718162	harbor1	chr1	25616873	25617481	LTR/ERV1	995	+	304	25617177	99015
chr1	53370479	53570479	harbor1	chr1	53402573	53403608	LTR/ERV1	3819	+	518	53403091	32612
chr1	53370479	53570479	harbor1	chr1	53421647	53422820	LTR/ERV1	10737	+	586	53422233	51754
chr1	53370479	53570479	harbor1	chr1	53423122	53423947	LTR/ERV1	10737	+	412	53423534	53055
chr1	53370479	53570479	harbor1	chr1	53424225	53424334	LTR/ERV1	10737	+	54	53424279	53800
chr1	53370479	53570479	harbor1	chr1	53424337	53424766	LTR/ERV1	3338	+	214	53424551	54072
chr1	53370479	53570479	harbor1	chr1	53424769	53427698	LTR/ERV1	15840	+	1464	53426233	55754
chr1	53370479	53570479	harbor1	chr1	53427671	53427840	LTR/ERV1	869	+	84	53427755	57276
chr1	53370479	53570479	harbor1	chr1	53428335	53428996	LTR/ERV1	4376	+	330	53428665	58186
chr1	53370479	53570479	harbor1	chr1	53428998	53429599	LTR/ERV1	2556	+	300	53429298	58819
chr1	53370479	53570479	harbor1	chr1	53429600	53430029	LTR/ERV1	3346	+	214	53429814	59335
chr1	53370479	53570479	harbor1	chr1	53430031	53430736	LTR/ERV1	4450	+	352	53430383	59904
chr1	53370479	53570479	harbor1	chr1	53430737	53431047	LTR/ERV1	3312	+	155	53430892	60413
chr1	53370479	53570479	harbor1	chr1	53431095	53431320	LTR/ERV1	3312	+	112	53431207	60728
chr1	53370479	53570479	harbor1	chr1	53432880	53432985	LTR/ERV1	703	+	52	53432932	62453
chr1	53370479	53570479	harbor1	chr1	53432998	53434803	LTR/ERV1	8266	+	902	53433900	63421
chr1	53370479	53570479	harbor1	chr1	53434809	53435177	LTR/ERV1	2006	+	184	53434993	64514
chr1	53370479	53570479	harbor1	chr1	53447480	53447860	LTR/ERV1	2473	+	190	53447670	77191
chr1	53370479	53570479	harbor1	chr1	53449415	53449824	LTR/ERV1	3003	+	204	53449619	79140
chr1	53370479	53570479	harbor1	chr1	53427831	53428332	LTR/ERV1	3387	+	250	53428081	57602
chr1	156525456	156725456	harbor1	chr1	156576103	156576520	LTR/ERV1	3217	+	208	156576311	50855
chr1	156525456	156725456	harbor1	chr1	156577747	156577840	LTR/ERV1	3217	+	46	156577793	52337
chr1	156525456	156725456	harbor1	chr1	156606453	156606489	LTR/ERV1	2112	+	18	156606471	81015
chr1	156525456	156725456	harbor1	chr1	156606783	156607154	LTR/ERV1	2112	+	186	156606969	81513
chr1	2375585	2575585	harbor1	chr1	2384393	2384801	LTR/ERV1	980	+	204	2384597	9012
chr1	16625216	16825216	harbor1	chr1	16667986	16668531	LTR/ERV1	3509	+	272	16668258	43042
chr1	16625216	16825216	harbor1	chr1	16674777	16675682	LTR/ERV1	4973	+	452	16675229	50013
chr1	16625249	16825249	harbor1	chr1	16667986	16668531	LTR/ERV1	3509	+	272	16668258	43009
chr1	16625249	16825249	harbor1	chr1	16674777	16675682	LTR/ERV1	4973	+	452	16675229	49980
chr1	244589301	244789301	harbor1	chr1	244596053	244596511	LTR/ERV1	3077	+	229	244596282	6981
chr1	244589301	244789301	harbor1	chr1	244642423	244643225	LTR/ERV1	4952	+	401	244642824	53523
chr1	16596778	16796778	harbor1	chr1	16667986	16668531	LTR/ERV1	3509	+	272	16668258	71480
chr1	16596778	16796778	harbor1	chr1	16674777	16675682	LTR/ERV1	4973	+	452	16675229	78451
chr1	16619578	16819578	harbor1	chr1	16667986	16668531	LTR/ERV1	3509	+	272	16668258	48680
chr1	16619578	16819578	harbor1	chr1	16674777	16675682	LTR/ERV1	4973	+	452	16675229	55651
chr1	227440888	227640888	harbor1	chr1	227499424	227499610	LTR/ERV1	830	+	93	227499517	58629
chr1	227440888	227640888	harbor1	chr1	227500566	227503796	LTR/ERV1	12933	+	1615	227502181	61293
chr1	227440888	227640888	harbor1	chr1	227504450	227506052	LTR/ERV1	12933	+	801	227505251	64363
chr1	227440888	227640888	harbor1	chr1	227516809	227518273	LTR/ERV1	2504	+	732	227517541	76653
chr1	3679154	3879154	harbor1	chr1	3741083	3741698	LTR/ERV1	3116	+	308	3741391	62237
chr1	3679154	3879154	harbor1	chr1	3751583	3751609	LTR/ERV1	574	+	13	3751596	72442
chr1	3679154	3879154	harbor1	chr1	3751901	3752001	LTR/ERV1	574	+	50	3751951	72797
chr1	16530545	16730545	harbor1	chr1	16540199	16541110	LTR/ERV1	4875	+	456	16540655	10110
chr1	226638245	226838245	harbor1	chr1	226672144	226672561	LTR/ERV1	1191	+	208	226672352	34107
chr1	204585380	204785380	harbor1	chr1	204641022	204641427	LTR/ERV1	2685	+	202	204641224	55844
chr1	16625276	16825276	harbor1	chr1	16667986	16668531	LTR/ERV1	3509	+	272	16668258	42982
chr1	16625276	16825276	harbor1	chr1	16674777	16675682	LTR/ERV1	4973	+	452	16675229	49953
chr1	244735088	244935088	harbor1	chr1	244735240	244735398	LTR/ERV1	2218	+	79	244735319	231
chr1	244735088	244935088	harbor1	chr1	244735453	244736010	LTR/ERV1	3982	+	278	244735731	643
chr1	244735088	244935088	harbor1	chr1	244739174	244739216	LTR/ERV1	1175	+	21	244739195	4107
chr1	244735088	244935088	harbor1	chr1	244739520	244739819	LTR/ERV1	1175	+	150	244739670	4582
chr1	244735088	244935088	harbor1	chr1	244739820	244740419	LTR/ERV1	3391	+	300	244740120	5032
chr1	244735088	244935088	harbor1	chr1	244741554	244741652	LTR/ERV1	743	+	49	244741603	6515
chr1	244735088	244935088	harbor1	chr1	244741947	244742035	LTR/ERV1	743	+	44	244741991	6903
chr1	244735088	244935088	harbor1	chr1	244742346	244742362	LTR/ERV1	743	+	8	244742354	7266
chr1	244735088	244935088	harbor1	chr1	244742654	244742773	LTR/ERV1	743	+	60	244742714	7626
chr1	244735088	244935088	harbor1	chr1	244743085	244743215	LTR/ERV1	7862	+	65	244743150	8062
chr1	244735088	244935088	harbor1	chr1	244743476	244743772	LTR/ERV1	7862	+	148	244743624	8536
chr1	244735088	244935088	harbor1	chr1	244744584	244745194	LTR/ERV1	7862	+	305	244744889	9801
chr1	244735088	244935088	harbor1	chr1	244745495	244745919	LTR/ERV1	7862	+	212	244745707	10619
chr1	244735088	244935088	harbor1	chr1	244745937	244746053	LTR/ERV1	596	+	58	244745995	10907
chr1	244735088	244935088	harbor1	chr1	244746175	244746585	LTR/ERV1	2219	+	205	244746380	11292
chr1	244735088	244935088	harbor1	chr1	244815085	244815234	LTR/ERV1	3968	+	74	244815159	80071
chr1	244735088	244935088	harbor1	chr1	244815534	244815948	LTR/ERV1	3968	+	207	244815741	80653
chr1	244735088	244935088	harbor1	chr1	244816232	244816434	LTR/ERV1	1488	+	101	244816333	81245
chr1	244735088	244935088	harbor1	chr1	244816640	244817071	LTR/ERV1	3084	+	216	244816856	81768
chr1	244735088	244935088	harbor1	chr1	244817062	244817302	LTR/ERV1	2145	+	120	244817182	82094
chr1	244735088	244935088	harbor1	chr1	244817605	244818064	LTR/ERV1	2298	+	230	244817835	82747
chr1	244735088	244935088	harbor1	chr1	244818074	244818297	LTR/ERV1	2766	+	112	244818186	83098
chr1	244735088	244935088	harbor1	chr1	244818602	244818924	LTR/ERV1	4477	+	161	244818763	83675
chr1	244735088	244935088	harbor1	chr1	244819229	244819647	LTR/ERV1	11263	+	209	244819438	84350
chr1	244735088	244935088	harbor1	chr1	244819948	244821187	LTR/ERV1	11263	+	620	244820568	85480
chr1	244735088	244935088	harbor1	chr1	244821188	244821738	LTR/ERV1	4185	+	275	244821463	86375
chr1	244735088	244935088	harbor1	chr1	244744060	244744291	LTR/ERV1	7862	+	116	244744176	9088
chr1	244605835	244805835	harbor1	chr1	244642423	244643225	LTR/ERV1	4952	+	401	244642824	36989
chr1	244605400	244805400	harbor1	chr1	244642423	244643225	LTR/ERV1	4952	+	401	244642824	37424
chr1	17019452	17219452	harbor1	chr1	17045765	17046050	LTR/ERV1	1039	+	142	17045907	26455
chr1	16625337	16825337	harbor1	chr1	16667986	16668531	LTR/ERV1	3509	+	272	16668258	42921
chr1	16625337	16825337	harbor1	chr1	16674777	16675682	LTR/ERV1	4973	+	452	16675229	49892
chr1	16625340	16825340	harbor1	chr1	16667986	16668531	LTR/ERV1	3509	+	272	16668258	42918
chr1	16625340	16825340	harbor1	chr1	16674777	16675682	LTR/ERV1	4973	+	452	16675229	49889
chr1	156560255	156760255	harbor1	chr1	156576103	156576520	LTR/ERV1	3217	+	208	156576311	16056
chr1	156560255	156760255	harbor1	chr1	156577747	156577840	LTR/ERV1	3217	+	46	156577793	17538
chr1	156560255	156760255	harbor1	chr1	156606453	156606489	LTR/ERV1	2112	+	18	156606471	46216
chr1	156560255	156760255	harbor1	chr1	156606783	156607154	LTR/ERV1	2112	+	186	156606969	46714
chr1	30662344	30862344	harbor1	chr1	30679222	30680836	LTR/ERV1	8566	+	807	30680029	17685
chr1	30662344	30862344	harbor1	chr1	30705667	30706161	LTR/ERV1	3063	+	247	30705914	43570
chr1	156559410	156759410	harbor1	chr1	156576103	156576520	LTR/ERV1	3217	+	208	156576311	16901
chr1	156559410	156759410	harbor1	chr1	156577747	156577840	LTR/ERV1	3217	+	46	156577793	18383
chr1	156559410	156759410	harbor1	chr1	156606453	156606489	LTR/ERV1	2112	+	18	156606471	47061
chr1	156559410	156759410	harbor1	chr1	156606783	156607154	LTR/ERV1	2112	+	186	156606969	47559
chr1	51419171	51619171	harbor1	chr1	51448715	51448980	LTR/ERV1	1219	+	132	51448847	29676
chr1	51419171	51619171	harbor1	chr1	51450459	51450627	LTR/ERV1	857	+	84	51450543	31372
chr1	51419171	51619171	harbor1	chr1	51474047	51474674	LTR/ERV1	2505	+	314	51474361	55190
chr1	51419171	51619171	harbor1	chr1	51479584	51480246	LTR/ERV1	2885	+	331	51479915	60744
chr1	51419171	51619171	harbor1	chr1	51480839	51480956	LTR/ERV1	488	+	58	51480897	61726
chr1	179714840	179914840	harbor1	chr1	179766051	179766675	LTR/ERV1	4241	+	312	179766363	51523
chr1	31080007	31280007	harbor1	chr1	31084368	31084573	LTR/ERV1	971	+	102	31084470	4463
chr1	31080007	31280007	harbor1	chr1	31084718	31084804	LTR/ERV1	3408	+	43	31084761	4754
chr1	31080007	31280007	harbor1	chr1	31085116	31085515	LTR/ERV1	3408	+	200	31085316	5309
chr1	31080007	31280007	harbor1	chr1	31085812	31086009	LTR/ERV1	3408	+	98	31085910	5903
chr1	31080007	31280007	harbor1	chr1	31136064	31136589	LTR/ERV1	4599	+	262	31136326	56319
chr1	31080007	31280007	harbor1	chr1	31136891	31137167	LTR/ERV1	4599	+	138	31137029	57022
chr1	31080007	31280007	harbor1	chr1	31155805	31156129	LTR/ERV1	1000	+	162	31155967	75960
chr1	31080007	31280007	harbor1	chr1	31157796	31157976	LTR/ERV1	937	+	90	31157886	77879
chr1	31080007	31280007	harbor1	chr1	31171162	31171364	LTR/ERV1	2927	+	101	31171263	91256
chr1	31080007	31280007	harbor1	chr1	31171661	31171720	LTR/ERV1	2927	+	30	31171691	91684
chr1	31080007	31280007	harbor1	chr1	31172023	31172047	LTR/ERV1	2927	+	12	31172035	92028
chr1	31080007	31280007	harbor1	chr1	31172309	31172529	LTR/ERV1	2927	+	110	31172419	92412
chr1	31080007	31280007	harbor1	chr1	31172792	31173053	LTR/ERV1	2927	+	130	31172922	92915
chr1	726411	926411	harbor1	chr1	787352	787718	LTR/ERV1	2003	+	183	787535	61124
chr1	24895887	25095887	harbor1	chr1	24977915	24978483	LTR/ERV1	2618	+	284	24978199	82312
chr1	51229911	51429911	harbor1	chr1	51229879	51230169	LTR/ERV1	2353	+	145	51230024	113
chr1	51229911	51429911	harbor1	chr1	51230170	51230497	LTR/ERV1	2298	+	164	51230334	423
chr1	244605782	244805782	harbor1	chr1	244642423	244643225	LTR/ERV1	4952	+	401	244642824	37042
chr1	20048547	20248547	harbor1	chr1	20048755	20049450	LTR/ERV1	4092	+	348	20049103	556
chr1	20048547	20248547	harbor1	chr1	20049809	20050010	LTR/ERV1	4092	+	100	20049909	1362
chr1	20048547	20248547	harbor1	chr1	20050015	20052119	LTR/ERV1	14697	+	1052	20051067	2520
chr1	20048547	20248547	harbor1	chr1	20052196	20052716	LTR/ERV1	14697	+	260	20052456	3909
chr1	20048547	20248547	harbor1	chr1	20052724	20053194	LTR/ERV1	3301	+	235	20052959	4412
chr1	20048547	20248547	harbor1	chr1	20105244	20105797	LTR/ERV1	4449	+	276	20105520	56973
chr1	20048547	20248547	harbor1	chr1	20106302	20106864	LTR/ERV1	3225	+	281	20106583	58036
chr1	20048547	20248547	harbor1	chr1	20107960	20108511	LTR/ERV1	4305	+	276	20108236	59689
chr1	20048547	20248547	harbor1	chr1	20138705	20139106	LTR/ERV1	1566	+	200	20138905	90358
chr1	16625259	16825259	harbor1	chr1	16667986	16668531	LTR/ERV1	3509	+	272	16668258	42999
chr1	16625259	16825259	harbor1	chr1	16674777	16675682	LTR/ERV1	4973	+	452	16675229	49970
chr1	16625336	16825336	harbor1	chr1	16667986	16668531	LTR/ERV1	3509	+	272	16668258	42922
chr1	16625336	16825336	harbor1	chr1	16674777	16675682	LTR/ERV1	4973	+	452	16675229	49893
chr1	194372730	194572730	harbor1	chr1	194404793	194405335	LTR/ERV1	1510	+	271	194405064	32334
chr1	194372730	194572730	harbor1	chr1	194422141	194422571	LTR/ERV1	2782	+	215	194422356	49626
chr1	194372730	194572730	harbor1	chr1	194422572	194427817	LTR/ERV1	30949	+	2622	194425194	52464
chr1	230025255	230225255	harbor1	chr1	230026378	230027050	LTR/ERV1	3942	+	336	230026714	1459
chr1	230025255	230225255	harbor1	chr1	230036649	230037440	LTR/ERV1	4986	+	396	230037045	11790
chr1	44702951	44902951	harbor1	chr1	44726392	44726991	LTR/ERV1	3550	+	300	44726692	23741
chr1	44702951	44902951	harbor1	chr1	44732044	44732168	LTR/ERV1	436	+	62	44732106	29155
chr1	44702951	44902951	harbor1	chr1	44732195	44732310	LTR/ERV1	518	+	58	44732253	29302
chr1	16625314	16825314	harbor1	chr1	16667986	16668531	LTR/ERV1	3509	+	272	16668258	42944
chr1	16625314	16825314	harbor1	chr1	16674777	16675682	LTR/ERV1	4973	+	452	16675229	49915
chr1	11740582	11940582	harbor1	chr1	11812714	11813290	LTR/ERV1	3041	+	288	11813002	72420
chr1	153435311	153635311	harbor1	chr1	153469048	153469529	LTR/ERV1	3244	+	240	153469288	33977
chr1	153435311	153635311	harbor1	chr1	153507800	153508123	LTR/ERV1	434	+	162	153507962	72651
chr1	153435311	153635311	harbor1	chr1	153521603	153522988	LTR/ERV1	10082	+	692	153522295	86984
chr1	153435311	153635311	harbor1	chr1	153525809	153525958	LTR/ERV1	1076	+	74	153525883	90572
chr1	153435311	153635311	harbor1	chr1	153526419	153526721	LTR/ERV1	1695	+	151	153526570	91259
chr1	153435311	153635311	harbor1	chr1	153526722	153528207	LTR/ERV1	8320	+	742	153527464	92153
chr1	153435311	153635311	harbor1	chr1	153529481	153529933	LTR/ERV1	2428	+	226	153529707	94396
chr1	16523548	16723548	harbor1	chr1	16523813	16524403	LTR/ERV1	3208	+	295	16524108	560
chr1	16523548	16723548	harbor1	chr1	16524406	16525137	LTR/ERV1	4284	+	366	16524772	1224
chr1	16523548	16723548	harbor1	chr1	16540199	16541110	LTR/ERV1	4875	+	456	16540655	17107
chr1	15615212	15815212	harbor1	chr1	15676932	15677489	LTR/ERV1	3365	+	278	15677210	61998
chr1	53187531	53387531	harbor1	chr1	53270150	53270914	LTR/ERV1	3548	+	382	53270532	83001
chr1	2375370	2575370	harbor1	chr1	2384393	2384801	LTR/ERV1	980	+	204	2384597	9227
chr1	89721428	89921428	harbor1	chr1	89768952	89769961	LTR/ERV1	1320	+	504	89769456	48028
chr1	89721428	89921428	harbor1	chr1	89799391	89799683	LTR/ERV1	557	+	146	89799537	78109
chr1	9589512	9789512	harbor1	chr1	9619919	9620245	LTR/ERV1	2317	+	163	9620082	30570
chr1	9589512	9789512	harbor1	chr1	9621355	9621383	LTR/ERV1	2763	+	14	9621369	31857
chr1	9589512	9789512	harbor1	chr1	9621683	9622311	LTR/ERV1	2763	+	314	9621997	32485
chr1	9589512	9789512	harbor1	chr1	9637694	9637833	LTR/ERV1	610	+	70	9637764	48252
chr1	220687422	220887422	harbor1	chr1	220704160	220704219	LTR/ERV1	2163	+	30	220704190	16768
chr1	220687422	220887422	harbor1	chr1	220704535	220704847	LTR/ERV1	2163	+	156	220704691	17269
chr1	220687422	220887422	harbor1	chr1	220704847	220705039	LTR/ERV1	991	+	96	220704943	17521
chr1	220687422	220887422	harbor1	chr1	220716061	220717322	LTR/ERV1	7202	+	630	220716691	29269
chr1	220687422	220887422	harbor1	chr1	220717334	220717659	LTR/ERV1	2202	+	162	220717496	30074
chr1	220687422	220887422	harbor1	chr1	220718008	220718504	LTR/ERV1	2517	+	248	220718256	30834
chr1	220687422	220887422	harbor1	chr1	220718505	220718889	LTR/ERV1	2929	+	192	220718697	31275
chr1	220687422	220887422	harbor1	chr1	220718883	220719959	LTR/ERV1	8319	+	538	220719421	31999
chr1	220687422	220887422	harbor1	chr1	220719953	220720955	LTR/ERV1	7249	+	501	220720454	33032
chr1	220687422	220887422	harbor1	chr1	220720955	220722869	LTR/ERV1	15214	+	957	220721912	34490
chr1	220687422	220887422	harbor1	chr1	220778651	220779144	LTR/ERV1	2710	+	246	220778897	91475
chr1	220687422	220887422	harbor1	chr1	220785616	220786074	LTR/ERV1	1630	+	229	220785845	98423
chr1	204879064	205079064	harbor1	chr1	204881726	204882210	LTR/ERV1	3492	+	242	204881968	2904
chr1	3672871	3872871	harbor1	chr1	3741083	3741698	LTR/ERV1	3116	+	308	3741391	68520
chr1	3672871	3872871	harbor1	chr1	3751583	3751609	LTR/ERV1	574	+	13	3751596	78725
chr1	3672871	3872871	harbor1	chr1	3751901	3752001	LTR/ERV1	574	+	50	3751951	79080
chr1	16625248	16825248	harbor1	chr1	16667986	16668531	LTR/ERV1	3509	+	272	16668258	43010
chr1	16625248	16825248	harbor1	chr1	16674777	16675682	LTR/ERV1	4973	+	452	16675229	49981
chr1	23877841	24077841	harbor1	chr1	23899292	23899533	LTR/ERV1	1776	+	120	23899412	21571
chr1	23877841	24077841	harbor1	chr1	23900011	23900435	LTR/ERV1	3223	+	212	23900223	22382
chr1	23877841	24077841	harbor1	chr1	23900845	23900930	LTR/ERV1	434	+	42	23900887	23046
chr1	23877841	24077841	harbor1	chr1	23920659	23920924	LTR/ERV1	1186	+	132	23920791	42950
chr1	23877841	24077841	harbor1	chr1	23920924	23921139	LTR/ERV1	1094	+	108	23921032	43191
chr1	23877841	24077841	harbor1	chr1	23921912	23922117	LTR/ERV1	1076	+	102	23922014	44173
chr1	23877841	24077841	harbor1	chr1	23922422	23922448	LTR/ERV1	549	+	13	23922435	44594
chr1	23877841	24077841	harbor1	chr1	23922449	23922628	LTR/ERV1	700	+	90	23922539	44698
chr1	23877841	24077841	harbor1	chr1	23924439	23924497	LTR/ERV1	2026	+	29	23924468	46627
chr1	23877841	24077841	harbor1	chr1	23924809	23925263	LTR/ERV1	2026	+	227	23925036	47195
chr1	23877841	24077841	harbor1	chr1	23933190	23933650	LTR/ERV1	3826	+	230	23933420	55579
chr1	23877841	24077841	harbor1	chr1	23887710	23888236	LTR/ERV1	3957	+	263	23887973	10132
chr1	23877841	24077841	harbor1	chr1	23936525	23937195	LTR/ERV1	3191	+	335	23936860	59019
chr1	2375291	2575291	harbor1	chr1	2384393	2384801	LTR/ERV1	980	+	204	2384597	9306
chr1	207924797	208124797	harbor1	chr1	207935101	207935552	LTR/ERV1	2409	+	226	207935327	10530
chr1	53370409	53570409	harbor1	chr1	53402573	53403608	LTR/ERV1	3819	+	518	53403091	32682
chr1	53370409	53570409	harbor1	chr1	53421647	53422820	LTR/ERV1	10737	+	586	53422233	51824
chr1	53370409	53570409	harbor1	chr1	53423122	53423947	LTR/ERV1	10737	+	412	53423534	53125
chr1	53370409	53570409	harbor1	chr1	53424225	53424334	LTR/ERV1	10737	+	54	53424279	53870
chr1	53370409	53570409	harbor1	chr1	53424337	53424766	LTR/ERV1	3338	+	214	53424551	54142
chr1	53370409	53570409	harbor1	chr1	53424769	53427698	LTR/ERV1	15840	+	1464	53426233	55824
chr1	53370409	53570409	harbor1	chr1	53427671	53427840	LTR/ERV1	869	+	84	53427755	57346
chr1	53370409	53570409	harbor1	chr1	53428335	53428996	LTR/ERV1	4376	+	330	53428665	58256
chr1	53370409	53570409	harbor1	chr1	53428998	53429599	LTR/ERV1	2556	+	300	53429298	58889
chr1	53370409	53570409	harbor1	chr1	53429600	53430029	LTR/ERV1	3346	+	214	53429814	59405
chr1	53370409	53570409	harbor1	chr1	53430031	53430736	LTR/ERV1	4450	+	352	53430383	59974
chr1	53370409	53570409	harbor1	chr1	53430737	53431047	LTR/ERV1	3312	+	155	53430892	60483
chr1	53370409	53570409	harbor1	chr1	53431095	53431320	LTR/ERV1	3312	+	112	53431207	60798
chr1	53370409	53570409	harbor1	chr1	53432880	53432985	LTR/ERV1	703	+	52	53432932	62523
chr1	53370409	53570409	harbor1	chr1	53432998	53434803	LTR/ERV1	8266	+	902	53433900	63491
chr1	53370409	53570409	harbor1	chr1	53434809	53435177	LTR/ERV1	2006	+	184	53434993	64584
chr1	53370409	53570409	harbor1	chr1	53447480	53447860	LTR/ERV1	2473	+	190	53447670	77261
chr1	53370409	53570409	harbor1	chr1	53449415	53449824	LTR/ERV1	3003	+	204	53449619	79210
chr1	53370409	53570409	harbor1	chr1	53427831	53428332	LTR/ERV1	3387	+	250	53428081	57672
chr1	2375268	2575268	harbor1	chr1	2384393	2384801	LTR/ERV1	980	+	204	2384597	9329
chr1	3683862	3883862	harbor1	chr1	3741083	3741698	LTR/ERV1	3116	+	308	3741391	57529
chr1	3683862	3883862	harbor1	chr1	3751583	3751609	LTR/ERV1	574	+	13	3751596	67734
chr1	3683862	3883862	harbor1	chr1	3751901	3752001	LTR/ERV1	574	+	50	3751951	68089
chr1	230759103	230959103	harbor1	chr1	230818125	230818170	LTR/ERV1	2339	+	22	230818147	59044
chr1	230759103	230959103	harbor1	chr1	230817419	230817800	LTR/ERV1	2339	+	190	230817609	58506
chr1	16625224	16825224	harbor1	chr1	16667986	16668531	LTR/ERV1	3509	+	272	16668258	43034
chr1	16625224	16825224	harbor1	chr1	16674777	16675682	LTR/ERV1	4973	+	452	16675229	50005
chr1	24195409	24395409	harbor1	chr1	24255468	24255911	LTR/ERV1	1788	+	222	24255690	60281
chr1	24195409	24395409	harbor1	chr1	24256214	24256246	LTR/ERV1	1788	+	16	24256230	60821
chr1	16625200	16825200	harbor1	chr1	16667986	16668531	LTR/ERV1	3509	+	272	16668258	43058
chr1	16625200	16825200	harbor1	chr1	16674777	16675682	LTR/ERV1	4973	+	452	16675229	50029
chr1	2375306	2575306	harbor1	chr1	2384393	2384801	LTR/ERV1	980	+	204	2384597	9291
chr1	248592141	248792141	harbor1	chr1	248620456	248621042	LTR/ERV1	2497	+	293	248620749	28608
chr1	248592141	248792141	harbor1	chr1	248656988	248657458	LTR/ERV1	682	+	235	248657223	65082
chr1	248592141	248792141	harbor1	chr1	248666738	248667203	LTR/ERV1	2484	+	232	248666970	74829
chr1	248592141	248792141	harbor1	chr1	248667298	248667710	LTR/ERV1	2153	+	206	248667504	75363
chr1	248592141	248792141	harbor1	chr1	248667711	248668069	LTR/ERV1	1868	+	179	248667890	75749
chr1	248592141	248792141	harbor1	chr1	248668304	248668573	LTR/ERV1	905	+	134	248668438	76297
chr1	248592141	248792141	harbor1	chr1	248668647	248669951	LTR/ERV1	3320	+	652	248669299	77158
chr1	248592141	248792141	harbor1	chr1	248669950	248670232	LTR/ERV1	677	+	141	248670091	77950
chr1	6685469	6885469	harbor1	chr1	6685409	6685826	LTR/ERV1	2226	+	208	6685617	148
chr1	6685469	6885469	harbor1	chr1	6693819	6693834	LTR/ERV1	848	+	8	6693827	8358
chr1	6685469	6885469	harbor1	chr1	6694137	6694304	LTR/ERV1	848	+	84	6694221	8752
chr1	6685469	6885469	harbor1	chr1	6694340	6694611	LTR/ERV1	936	+	136	6694476	9007
chr1	6685469	6885469	harbor1	chr1	6699931	6700411	LTR/ERV1	3152	+	240	6700171	14702
chr1	6685469	6885469	harbor1	chr1	6747770	6748324	LTR/ERV1	3616	+	277	6748047	62578
chr1	6685469	6885469	harbor1	chr1	6750611	6750709	LTR/ERV1	550	+	49	6750660	65191
chr1	6685469	6885469	harbor1	chr1	6752295	6752737	LTR/ERV1	3242	+	221	6752516	67047
chr1	244605833	244805833	harbor1	chr1	244642423	244643225	LTR/ERV1	4952	+	401	244642824	36991
chr1	40913010	41113010	harbor1	chr1	40959220	40959662	LTR/ERV1	3001	+	221	40959441	46431
chr1	234508642	234708642	harbor1	chr1	234519604	234519820	LTR/ERV1	1175	+	108	234519712	11070
chr1	234508642	234708642	harbor1	chr1	234519808	234519906	LTR/ERV1	1441	+	49	234519857	11215
chr1	234508642	234708642	harbor1	chr1	234520196	234520410	LTR/ERV1	1441	+	107	234520303	11661
chr1	24895890	25095890	harbor1	chr1	24977915	24978483	LTR/ERV1	2618	+	284	24978199	82309
chr1	16625343	16825343	harbor1	chr1	16667986	16668531	LTR/ERV1	3509	+	272	16668258	42915
chr1	16625343	16825343	harbor1	chr1	16674777	16675682	LTR/ERV1	4973	+	452	16675229	49886
chr1	16512786	16712786	harbor1	chr1	16515322	16515867	LTR/ERV1	3422	+	272	16515594	2808
chr1	16512786	16712786	harbor1	chr1	16518112	16518259	LTR/ERV1	988	+	74	16518186	5400
chr1	16512786	16712786	harbor1	chr1	16518276	16518432	LTR/ERV1	2553	+	78	16518354	5568
chr1	16512786	16712786	harbor1	chr1	16518433	16518592	LTR/ERV1	3894	+	80	16518513	5727
chr1	16512786	16712786	harbor1	chr1	16518899	16519376	LTR/ERV1	3894	+	238	16519137	6351
chr1	16512786	16712786	harbor1	chr1	16519377	16519729	LTR/ERV1	2553	+	176	16519553	6767
chr1	16512786	16712786	harbor1	chr1	16523813	16524403	LTR/ERV1	3208	+	295	16524108	11322
chr1	16512786	16712786	harbor1	chr1	16524406	16525137	LTR/ERV1	4284	+	366	16524772	11986
chr1	16512786	16712786	harbor1	chr1	16540199	16541110	LTR/ERV1	4875	+	456	16540655	27869
chr1	226307818	226507818	harbor1	chr1	226315280	226315706	LTR/ERV1	3120	+	213	226315493	7675
chr1	226307818	226507818	harbor1	chr1	226320949	226321503	LTR/ERV1	2978	+	277	226321226	13408
chr1	226307818	226507818	harbor1	chr1	226353402	226353795	LTR/ERV1	694	+	196	226353598	45780
chr1	54307464	54507464	harbor1	chr1	54307531	54308064	LTR/ERV1	4411	+	266	54307797	333
chr1	25330942	25530942	harbor1	chr1	25368182	25368744	LTR/ERV1	4522	+	281	25368463	37521
chr2	196073592	196273592	harbor1	chr2	196096346	196096677	LTR/ERV1	1600	+	166	196096512	22920
chr2	74415405	74615405	harbor1	chr2	74450757	74451063	LTR/ERV1	2754	+	153	74450910	35505
chr2	74415405	74615405	harbor1	chr2	74451364	74451659	LTR/ERV1	2754	+	148	74451512	36107
chr2	152618051	152818051	harbor1	chr2	152701339	152701696	LTR/ERV1	1721	+	178	152701517	83466
chr2	152618051	152818051	harbor1	chr2	152701697	152702008	LTR/ERV1	1160	+	156	152701853	83802
chr2	152618051	152818051	harbor1	chr2	152702069	152702204	LTR/ERV1	483	+	68	152702137	84086
chr2	152618051	152818051	harbor1	chr2	152702248	152708261	LTR/ERV1	39267	+	3006	152705254	87203
chr2	152618051	152818051	harbor1	chr2	152708267	152708834	LTR/ERV1	2879	+	284	152708551	90500
chr2	152618051	152818051	harbor1	chr2	152708835	152709137	LTR/ERV1	1330	+	151	152708986	90935
chr2	152617998	152817998	harbor1	chr2	152701339	152701696	LTR/ERV1	1721	+	178	152701517	83519
chr2	152617998	152817998	harbor1	chr2	152701697	152702008	LTR/ERV1	1160	+	156	152701853	83855
chr2	152617998	152817998	harbor1	chr2	152702069	152702204	LTR/ERV1	483	+	68	152702137	84139
chr2	152617998	152817998	harbor1	chr2	152702248	152708261	LTR/ERV1	39267	+	3006	152705254	87256
chr2	152617998	152817998	harbor1	chr2	152708267	152708834	LTR/ERV1	2879	+	284	152708551	90553
chr2	152617998	152817998	harbor1	chr2	152708835	152709137	LTR/ERV1	1330	+	151	152708986	90988
chr2	86976337	87176337	harbor1	chr2	87027968	87028409	LTR/ERV1	2875	+	220	87028188	51851
chr2	86976337	87176337	harbor1	chr2	87039336	87039555	LTR/ERV1	1083	+	110	87039446	63109
chr2	86976337	87176337	harbor1	chr2	87039873	87042637	LTR/ERV1	10419	+	1382	87041255	64918
chr2	86976337	87176337	harbor1	chr2	87042795	87043095	LTR/ERV1	1798	+	150	87042945	66608
chr2	86976337	87176337	harbor1	chr2	87043096	87043487	LTR/ERV1	1451	+	196	87043292	66955
chr2	53759964	53959964	harbor1	chr2	53758875	53760194	LTR/ERV1	10542	+	660	53759535	429
chr2	53759964	53959964	harbor1	chr2	53760174	53760786	LTR/ERV1	4957	+	306	53760480	516
chr2	53759964	53959964	harbor1	chr2	53760808	53761100	LTR/ERV1	2367	+	146	53760954	990
chr2	53759964	53959964	harbor1	chr2	53761101	53761425	LTR/ERV1	2288	+	162	53761263	1299
chr2	53759964	53959964	harbor1	chr2	53778188	53778285	LTR/ERV1	523	+	48	53778236	18272
chr2	53759964	53959964	harbor1	chr2	53779341	53779441	LTR/ERV1	705	+	50	53779391	19427
chr2	53759964	53959964	harbor1	chr2	53779737	53779915	LTR/ERV1	705	+	89	53779826	19862
chr2	53759964	53959964	harbor1	chr2	53784235	53784406	LTR/ERV1	982	+	86	53784321	24357
chr2	63488508	63688508	harbor1	chr2	63513399	63514017	LTR/ERV1	3092	+	309	63513708	25200
chr2	63488508	63688508	harbor1	chr2	63566154	63566612	LTR/ERV1	3242	+	229	63566383	77875
chr2	15464442	15664442	harbor1	chr2	15481666	15482149	LTR/ERV1	2979	+	242	15481908	17466
chr2	15464442	15664442	harbor1	chr2	15482418	15482571	LTR/ERV1	2979	+	76	15482494	18052
chr2	15464442	15664442	harbor1	chr2	15491084	15491454	LTR/ERV1	1011	+	185	15491269	26827
chr2	15464442	15664442	harbor1	chr2	15491766	15491936	LTR/ERV1	1011	+	85	15491851	27409
chr2	15464442	15664442	harbor1	chr2	15537113	15537495	LTR/ERV1	2237	+	191	15537304	72862
chr2	15464442	15664442	harbor1	chr2	15537720	15537915	LTR/ERV1	1118	+	98	15537818	73376
chr2	15464442	15664442	harbor1	chr2	15482819	15482924	LTR/ERV1	657	+	52	15482871	18429
chr2	158868018	159068018	harbor1	chr2	158866185	158870242	LTR/ERV1	29289	+	2028	158868213	195
chr2	158868018	159068018	harbor1	chr2	158881457	158881650	LTR/ERV1	1209	+	96	158881553	13535
chr2	158868018	159068018	harbor1	chr2	158881731	158882660	LTR/ERV1	32970	+	464	158882195	14177
chr2	158868018	159068018	harbor1	chr2	158882710	158886251	LTR/ERV1	32970	+	1770	158884480	16462
chr2	158868018	159068018	harbor1	chr2	158898573	158898805	LTR/ERV1	503	+	116	158898689	30671
chr2	158868018	159068018	harbor1	chr2	158918536	158919035	LTR/ERV1	2178	+	250	158918786	50768
chr2	158868018	159068018	harbor1	chr2	158919468	158919884	LTR/ERV1	1525	+	208	158919676	51658
chr2	175979735	176179735	harbor1	chr2	176019976	176020182	LTR/ERV1	1348	+	103	176020079	40344
chr2	175979735	176179735	harbor1	chr2	176022034	176022341	LTR/ERV1	885	+	154	176022188	42453
chr2	113484040	113684040	harbor1	chr2	113508186	113508307	LTR/ERV1	503	+	60	113508246	24206
chr2	113484040	113684040	harbor1	chr2	113523289	113523687	LTR/ERV1	2438	+	199	113523488	39448
chr2	85461791	85661791	harbor1	chr2	85482578	85483049	LTR/ERV1	2828	+	236	85482814	21023
chr2	85461791	85661791	harbor1	chr2	85485155	85485226	LTR/ERV1	2235	+	36	85485191	23400
chr2	85461791	85661791	harbor1	chr2	85485825	85485945	LTR/ERV1	2235	+	60	85485885	24094
chr2	85461791	85661791	harbor1	chr2	85486236	85486540	LTR/ERV1	2235	+	152	85486388	24597
chr2	85461791	85661791	harbor1	chr2	85489097	85489160	LTR/ERV1	524	+	32	85489129	27338
chr2	85461791	85661791	harbor1	chr2	85489475	85489551	LTR/ERV1	524	+	38	85489513	27722
chr2	85461791	85661791	harbor1	chr2	85489612	85489866	LTR/ERV1	1199	+	127	85489739	27948
chr2	85461791	85661791	harbor1	chr2	85492321	85492410	LTR/ERV1	4531	+	44	85492365	30574
chr2	85461791	85661791	harbor1	chr2	85492700	85492936	LTR/ERV1	4531	+	118	85492818	31027
chr2	85461791	85661791	harbor1	chr2	85493222	85493425	LTR/ERV1	4531	+	102	85493324	31533
chr2	85461791	85661791	harbor1	chr2	85493738	85493794	LTR/ERV1	4531	+	28	85493766	31975
chr2	85461791	85661791	harbor1	chr2	85494413	85494679	LTR/ERV1	4531	+	133	85494546	32755
chr2	85461791	85661791	harbor1	chr2	85494947	85495056	LTR/ERV1	10349	+	54	85495001	33210
chr2	85461791	85661791	harbor1	chr2	85495347	85495549	LTR/ERV1	10349	+	101	85495448	33657
chr2	85461791	85661791	harbor1	chr2	85495583	85496076	LTR/ERV1	10349	+	246	85495829	34038
chr2	85461791	85661791	harbor1	chr2	85496351	85497306	LTR/ERV1	10349	+	478	85496829	35038
chr2	85461791	85661791	harbor1	chr2	85497535	85497982	LTR/ERV1	2760	+	224	85497759	35968
chr2	85461791	85661791	harbor1	chr2	85497983	85498207	LTR/ERV1	572	+	112	85498095	36304
chr2	85461791	85661791	harbor1	chr2	85498208	85498377	LTR/ERV1	695	+	84	85498292	36501
chr2	85461791	85661791	harbor1	chr2	85498378	85498600	LTR/ERV1	1874	+	111	85498489	36698
chr2	85461791	85661791	harbor1	chr2	85498911	85498941	LTR/ERV1	1874	+	15	85498926	37135
chr2	85461791	85661791	harbor1	chr2	85499258	85499398	LTR/ERV1	1874	+	70	85499328	37537
chr2	85461791	85661791	harbor1	chr2	85499679	85499691	LTR/ERV1	1874	+	6	85499685	37894
chr2	31910614	32110614	harbor1	chr2	31945470	31946130	LTR/ERV1	3184	+	330	31945800	35186
chr2	237867399	238067399	harbor1	chr2	237930215	237930770	LTR/ERV1	3381	+	278	237930493	63094
chr2	237867399	238067399	harbor1	chr2	237935696	237936177	LTR/ERV1	2413	+	240	237935936	68537
chr2	237867399	238067399	harbor1	chr2	237947340	237947704	LTR/ERV1	1555	+	182	237947522	80123
chr2	237867399	238067399	harbor1	chr2	237948012	237948184	LTR/ERV1	1555	+	86	237948098	80699
chr2	237867399	238067399	harbor1	chr2	237963074	237963386	LTR/ERV1	5181	+	156	237963230	95831
chr2	237867399	238067399	harbor1	chr2	237963679	237964101	LTR/ERV1	5181	+	211	237963890	96491
chr2	237867399	238067399	harbor1	chr2	237964702	237964854	LTR/ERV1	5181	+	76	237964778	97379
chr2	237867399	238067399	harbor1	chr2	237943526	237945170	LTR/ERV1	7877	+	822	237944348	76949
chr2	53759991	53959991	harbor1	chr2	53758875	53760194	LTR/ERV1	10542	+	660	53759535	456
chr2	53759991	53959991	harbor1	chr2	53760174	53760786	LTR/ERV1	4957	+	306	53760480	489
chr2	53759991	53959991	harbor1	chr2	53760808	53761100	LTR/ERV1	2367	+	146	53760954	963
chr2	53759991	53959991	harbor1	chr2	53761101	53761425	LTR/ERV1	2288	+	162	53761263	1272
chr2	53759991	53959991	harbor1	chr2	53778188	53778285	LTR/ERV1	523	+	48	53778236	18245
chr2	53759991	53959991	harbor1	chr2	53779341	53779441	LTR/ERV1	705	+	50	53779391	19400
chr2	53759991	53959991	harbor1	chr2	53779737	53779915	LTR/ERV1	705	+	89	53779826	19835
chr2	53759991	53959991	harbor1	chr2	53784235	53784406	LTR/ERV1	982	+	86	53784321	24330
chr2	113484101	113684101	harbor1	chr2	113508186	113508307	LTR/ERV1	503	+	60	113508246	24145
chr2	113484101	113684101	harbor1	chr2	113523289	113523687	LTR/ERV1	2438	+	199	113523488	39387
chr2	113484028	113684028	harbor1	chr2	113508186	113508307	LTR/ERV1	503	+	60	113508246	24218
chr2	113484028	113684028	harbor1	chr2	113523289	113523687	LTR/ERV1	2438	+	199	113523488	39460
chr2	219335190	219535190	harbor1	chr2	219364312	219364483	LTR/ERV1	572	+	86	219364398	29208
chr2	219335190	219535190	harbor1	chr2	219365876	219366426	LTR/ERV1	2119	+	275	219366151	30961
chr2	219335190	219535190	harbor1	chr2	219365328	219365569	LTR/ERV1	2119	+	120	219365448	30258
chr2	47682917	47882917	harbor1	chr2	47688009	47688346	LTR/ERV1	1979	+	168	47688177	5260
chr2	47682917	47882917	harbor1	chr2	47696405	47696803	LTR/ERV1	3676	+	199	47696604	13687
chr2	47682917	47882917	harbor1	chr2	47697116	47697434	LTR/ERV1	3676	+	159	47697275	14358
chr2	47682917	47882917	harbor1	chr2	47698039	47698280	LTR/ERV1	3352	+	120	47698159	15242
chr2	47682917	47882917	harbor1	chr2	47698680	47699169	LTR/ERV1	3352	+	244	47698924	16007
chr2	47682917	47882917	harbor1	chr2	47702443	47702694	LTR/ERV1	1671	+	126	47702569	19652
chr2	47682917	47882917	harbor1	chr2	47703533	47703976	LTR/ERV1	2510	+	222	47703755	20838
chr2	47682917	47882917	harbor1	chr2	47703980	47704026	LTR/ERV1	1241	+	23	47704003	21086
chr2	47682917	47882917	harbor1	chr2	47704306	47704568	LTR/ERV1	1241	+	131	47704437	21520
chr2	47682917	47882917	harbor1	chr2	47732543	47732779	LTR/ERV1	2642	+	118	47732661	49744
chr2	47682917	47882917	harbor1	chr2	47733249	47733607	LTR/ERV1	2642	+	179	47733428	50511
chr2	47682917	47882917	harbor1	chr2	47738378	47738992	LTR/ERV1	1532	+	307	47738685	55768
chr2	47682917	47882917	harbor1	chr2	47739011	47739026	LTR/ERV1	3027	+	8	47739019	56102
chr2	47682917	47882917	harbor1	chr2	47739338	47739546	LTR/ERV1	3027	+	104	47739442	56525
chr2	47682917	47882917	harbor1	chr2	47740285	47740626	LTR/ERV1	3027	+	170	47740455	57538
chr2	47682917	47882917	harbor1	chr2	47740641	47740687	LTR/ERV1	1581	+	23	47740664	57747
chr2	47682917	47882917	harbor1	chr2	47740994	47741259	LTR/ERV1	1581	+	132	47741126	58209
chr2	47682917	47882917	harbor1	chr2	47741248	47741403	LTR/ERV1	641	+	78	47741326	58409
chr2	47682917	47882917	harbor1	chr2	47741404	47741801	LTR/ERV1	2399	+	198	47741602	58685
chr2	47682917	47882917	harbor1	chr2	47742185	47742832	LTR/ERV1	3599	+	324	47742509	59592
chr2	47682917	47882917	harbor1	chr2	47743219	47743452	LTR/ERV1	465	+	116	47743335	60418
chr2	47682917	47882917	harbor1	chr2	47743691	47743778	LTR/ERV1	465	+	44	47743735	60818
chr2	47682917	47882917	harbor1	chr2	47743780	47743876	LTR/ERV1	463	+	48	47743828	60911
chr2	47682917	47882917	harbor1	chr2	47743927	47744222	LTR/ERV1	1881	+	148	47744075	61158
chr2	47682917	47882917	harbor1	chr2	47744257	47744488	LTR/ERV1	567	+	116	47744373	61456
chr2	47682917	47882917	harbor1	chr2	47744912	47745997	LTR/ERV1	3368	+	542	47745454	62537
chr2	47682917	47882917	harbor1	chr2	47746328	47746416	LTR/ERV1	464	+	44	47746372	63455
chr2	47682917	47882917	harbor1	chr2	47749175	47749812	LTR/ERV1	4237	+	318	47749493	66576
chr2	47682917	47882917	harbor1	chr2	47750130	47750311	LTR/ERV1	4237	+	90	47750220	67303
chr2	47682917	47882917	harbor1	chr2	47750592	47750603	LTR/ERV1	4237	+	6	47750598	67681
chr2	47682917	47882917	harbor1	chr2	47750632	47750720	LTR/ERV1	4237	+	44	47750676	67759
chr2	47682917	47882917	harbor1	chr2	47751010	47751288	LTR/ERV1	1846	+	139	47751149	68232
chr2	47682917	47882917	harbor1	chr2	47752439	47752717	LTR/ERV1	1170	+	139	47752578	69661
chr2	47682917	47882917	harbor1	chr2	47753833	47753937	LTR/ERV1	561	+	52	47753885	70968
chr2	47682917	47882917	harbor1	chr2	47758958	47759057	LTR/ERV1	736	+	50	47759008	76091
chr2	47682917	47882917	harbor1	chr2	47776825	47777041	LTR/ERV1	2398	+	108	47776933	94016
chr2	47682917	47882917	harbor1	chr2	47777340	47777761	LTR/ERV1	2451	+	210	47777550	94633
chr2	113484029	113684029	harbor1	chr2	113508186	113508307	LTR/ERV1	503	+	60	113508246	24217
chr2	113484029	113684029	harbor1	chr2	113523289	113523687	LTR/ERV1	2438	+	199	113523488	39459
chr2	111955709	112155709	harbor1	chr2	112040229	112040674	LTR/ERV1	3193	+	222	112040451	84742
chr2	26403762	26603762	harbor1	chr2	26407447	26408136	LTR/ERV1	879	+	344	26407791	4029
chr2	26403762	26603762	harbor1	chr2	26493549	26494007	LTR/ERV1	3470	+	229	26493778	90016
chr2	113484023	113684023	harbor1	chr2	113508186	113508307	LTR/ERV1	503	+	60	113508246	24223
chr2	113484023	113684023	harbor1	chr2	113523289	113523687	LTR/ERV1	2438	+	199	113523488	39465
chr2	86976362	87176362	harbor1	chr2	87027968	87028409	LTR/ERV1	2875	+	220	87028188	51826
chr2	86976362	87176362	harbor1	chr2	87039336	87039555	LTR/ERV1	1083	+	110	87039446	63084
chr2	86976362	87176362	harbor1	chr2	87039873	87042637	LTR/ERV1	10419	+	1382	87041255	64893
chr2	86976362	87176362	harbor1	chr2	87042795	87043095	LTR/ERV1	1798	+	150	87042945	66583
chr2	86976362	87176362	harbor1	chr2	87043096	87043487	LTR/ERV1	1451	+	196	87043292	66930
chr2	26403771	26603771	harbor1	chr2	26407447	26408136	LTR/ERV1	879	+	344	26407791	4020
chr2	26403771	26603771	harbor1	chr2	26493549	26494007	LTR/ERV1	3470	+	229	26493778	90007
chr2	129830912	130030912	harbor1	chr2	129870455	129871350	LTR/ERV1	5721	+	448	129870903	39991
chr2	129830912	130030912	harbor1	chr2	129890492	129891271	LTR/ERV1	3357	+	390	129890882	59970
chr2	130256054	130456054	harbor1	chr2	130255837	130256127	LTR/ERV1	658	+	145	130255982	72
chr2	130256054	130456054	harbor1	chr2	130327708	130328610	LTR/ERV1	4781	+	451	130328159	72105
chr2	130256054	130456054	harbor1	chr2	130341099	130341629	LTR/ERV1	2049	+	265	130341364	85310
chr2	60880293	61080293	harbor1	chr2	60880206	60880425	LTR/ERV1	749	+	110	60880316	23
chr2	60880293	61080293	harbor1	chr2	60972924	60974211	LTR/ERV1	6018	+	644	60973568	93275
chr2	60880293	61080293	harbor1	chr2	60974377	60974988	LTR/ERV1	6018	+	306	60974683	94390
chr2	152618050	152818050	harbor1	chr2	152701339	152701696	LTR/ERV1	1721	+	178	152701517	83467
chr2	152618050	152818050	harbor1	chr2	152701697	152702008	LTR/ERV1	1160	+	156	152701853	83803
chr2	152618050	152818050	harbor1	chr2	152702069	152702204	LTR/ERV1	483	+	68	152702137	84087
chr2	152618050	152818050	harbor1	chr2	152702248	152708261	LTR/ERV1	39267	+	3006	152705254	87204
chr2	152618050	152818050	harbor1	chr2	152708267	152708834	LTR/ERV1	2879	+	284	152708551	90501
chr2	152618050	152818050	harbor1	chr2	152708835	152709137	LTR/ERV1	1330	+	151	152708986	90936
chr2	30046187	30246187	harbor1	chr2	30049586	30049943	LTR/ERV1	1540	+	178	30049764	3577
chr2	30046187	30246187	harbor1	chr2	30088358	30088885	LTR/ERV1	3261	+	264	30088622	42435
chr2	30046187	30246187	harbor1	chr2	30089198	30089362	LTR/ERV1	3261	+	82	30089280	43093
chr2	30046187	30246187	harbor1	chr2	30091771	30092134	LTR/ERV1	3985	+	182	30091953	45766
chr2	30046187	30246187	harbor1	chr2	30092443	30092889	LTR/ERV1	3985	+	223	30092666	46479
chr2	30046187	30246187	harbor1	chr2	30098349	30098742	LTR/ERV1	2551	+	196	30098545	52358
chr2	30046187	30246187	harbor1	chr2	30114638	30115078	LTR/ERV1	1249	+	220	30114858	68671
chr2	30046187	30246187	harbor1	chr2	30139088	30139518	LTR/ERV1	2922	+	215	30139303	93116
chr2	152617972	152817972	harbor1	chr2	152701339	152701696	LTR/ERV1	1721	+	178	152701517	83545
chr2	152617972	152817972	harbor1	chr2	152701697	152702008	LTR/ERV1	1160	+	156	152701853	83881
chr2	152617972	152817972	harbor1	chr2	152702069	152702204	LTR/ERV1	483	+	68	152702137	84165
chr2	152617972	152817972	harbor1	chr2	152702248	152708261	LTR/ERV1	39267	+	3006	152705254	87282
chr2	152617972	152817972	harbor1	chr2	152708267	152708834	LTR/ERV1	2879	+	284	152708551	90579
chr2	152617972	152817972	harbor1	chr2	152708835	152709137	LTR/ERV1	1330	+	151	152708986	91014
chr2	72046074	72246074	harbor1	chr2	72051101	72051702	LTR/ERV1	2256	+	300	72051401	5327
chr2	72046074	72246074	harbor1	chr2	72062248	72062964	LTR/ERV1	4285	+	358	72062606	16532
chr2	72046074	72246074	harbor1	chr2	72080329	72081396	LTR/ERV1	2871	+	534	72080863	34789
chr2	72046074	72246074	harbor1	chr2	72086707	72088019	LTR/ERV1	7106	+	656	72087363	41289
chr2	72046074	72246074	harbor1	chr2	72088482	72089105	LTR/ERV1	4547	+	312	72088794	42720
chr2	72046074	72246074	harbor1	chr2	72089456	72090146	LTR/ERV1	4279	+	345	72089801	43727
chr2	152250414	152450414	harbor1	chr2	152303767	152304396	LTR/ERV1	4414	+	314	152304081	53667
chr2	74415635	74615635	harbor1	chr2	74450757	74451063	LTR/ERV1	2754	+	153	74450910	35275
chr2	74415635	74615635	harbor1	chr2	74451364	74451659	LTR/ERV1	2754	+	148	74451512	35877
chr2	66333430	66533430	harbor1	chr2	66337758	66337935	LTR/ERV1	1141	+	88	66337846	4416
chr2	74415479	74615479	harbor1	chr2	74450757	74451063	LTR/ERV1	2754	+	153	74450910	35431
chr2	74415479	74615479	harbor1	chr2	74451364	74451659	LTR/ERV1	2754	+	148	74451512	36033
chr2	131392202	131592202	harbor1	chr2	131395020	131395169	LTR/ERV1	949	+	74	131395094	2892
chr2	131392202	131592202	harbor1	chr2	131403438	131404214	LTR/ERV1	1759	+	388	131403826	11624
chr2	131392202	131592202	harbor1	chr2	131473879	131474102	LTR/ERV1	1064	+	112	131473991	81789
chr2	131392202	131592202	harbor1	chr2	131474827	131474968	LTR/ERV1	690	+	70	131474897	82695
chr2	131392202	131592202	harbor1	chr2	131475281	131475318	LTR/ERV1	690	+	18	131475299	83097
chr2	26403748	26603748	harbor1	chr2	26407447	26408136	LTR/ERV1	879	+	344	26407791	4043
chr2	26403748	26603748	harbor1	chr2	26493549	26494007	LTR/ERV1	3470	+	229	26493778	90030
chr2	74415451	74615451	harbor1	chr2	74450757	74451063	LTR/ERV1	2754	+	153	74450910	35459
chr2	74415451	74615451	harbor1	chr2	74451364	74451659	LTR/ERV1	2754	+	148	74451512	36061
chr2	151310331	151510331	harbor1	chr2	151310007	151312257	LTR/ERV1	13516	+	1125	151311132	801
chr2	151310331	151510331	harbor1	chr2	151312237	151313972	LTR/ERV1	5566	+	868	151313105	2774
chr2	151310331	151510331	harbor1	chr2	151314001	151314269	LTR/ERV1	1553	+	134	151314135	3804
chr2	151310331	151510331	harbor1	chr2	151314263	151314798	LTR/ERV1	2853	+	268	151314531	4200
chr2	151310331	151510331	harbor1	chr2	151314799	151315223	LTR/ERV1	3389	+	212	151315011	4680
chr2	151310331	151510331	harbor1	chr2	151381022	151381191	LTR/ERV1	3238	+	84	151381106	70775
chr2	151310331	151510331	harbor1	chr2	151381503	151381962	LTR/ERV1	3238	+	230	151381733	71402
chr2	237589573	237789573	harbor1	chr2	237606784	237607195	LTR/ERV1	2955	+	206	237606990	17417
chr2	237589573	237789573	harbor1	chr2	237607198	237610351	LTR/ERV1	16028	+	1576	237608774	19201
chr2	237589573	237789573	harbor1	chr2	237610348	237610495	LTR/ERV1	851	+	74	237610422	20849
chr2	237589573	237789573	harbor1	chr2	237610486	237610988	LTR/ERV1	3422	+	251	237610737	21164
chr2	237589573	237789573	harbor1	chr2	237610991	237611651	LTR/ERV1	4424	+	330	237611321	21748
chr2	237589573	237789573	harbor1	chr2	237611653	237611869	LTR/ERV1	1367	+	108	237611761	22188
chr2	237589573	237789573	harbor1	chr2	237611868	237612242	LTR/ERV1	2303	+	187	237612055	22482
chr2	237589573	237789573	harbor1	chr2	237612243	237612654	LTR/ERV1	2956	+	206	237612449	22876
chr2	237589573	237789573	harbor1	chr2	237662736	237663188	LTR/ERV1	2119	+	226	237662962	73389
chr2	218773740	218973740	harbor1	chr2	218781266	218781431	LTR/ERV1	677	+	82	218781348	7608
chr2	218773740	218973740	harbor1	chr2	218784244	218784830	LTR/ERV1	3432	+	293	218784537	10797
chr2	218773740	218973740	harbor1	chr2	218799128	218799635	LTR/ERV1	3446	+	254	218799382	25642
chr2	218773740	218973740	harbor1	chr2	218802094	218802331	LTR/ERV1	1527	+	118	218802212	28472
chr2	56085032	56285032	harbor1	chr2	56102218	56102763	LTR/ERV1	3653	+	272	56102490	17458
chr2	56085032	56285032	harbor1	chr2	56158620	56159831	LTR/ERV1	8792	+	606	56159226	74194
chr2	56085032	56285032	harbor1	chr2	56159834	56160407	LTR/ERV1	3471	+	286	56160120	75088
chr2	113481247	113681247	harbor1	chr2	113508186	113508307	LTR/ERV1	503	+	60	113508246	26999
chr2	113481247	113681247	harbor1	chr2	113523289	113523687	LTR/ERV1	2438	+	199	113523488	42241
chr2	45443610	45643610	harbor1	chr2	45520442	45521174	LTR/ERV1	4710	+	366	45520808	77198
chr2	158791034	158991034	harbor1	chr2	158802308	158802854	LTR/ERV1	3511	+	273	158802581	11547
chr2	158791034	158991034	harbor1	chr2	158838992	158839222	LTR/ERV1	1660	+	115	158839107	48073
chr2	158791034	158991034	harbor1	chr2	158839409	158839568	LTR/ERV1	946	+	80	158839489	48455
chr2	158791034	158991034	harbor1	chr2	158846950	158849244	LTR/ERV1	17038	+	1147	158848097	57063
chr2	158791034	158991034	harbor1	chr2	158866185	158870242	LTR/ERV1	29289	+	2028	158868213	77179
chr2	158791034	158991034	harbor1	chr2	158881457	158881650	LTR/ERV1	1209	+	96	158881553	90519
chr2	158791034	158991034	harbor1	chr2	158881731	158882660	LTR/ERV1	32970	+	464	158882195	91161
chr2	158791034	158991034	harbor1	chr2	158882710	158886251	LTR/ERV1	32970	+	1770	158884480	93446
chr2	74415403	74615403	harbor1	chr2	74450757	74451063	LTR/ERV1	2754	+	153	74450910	35507
chr2	74415403	74615403	harbor1	chr2	74451364	74451659	LTR/ERV1	2754	+	148	74451512	36109
chr2	42971427	43171427	harbor1	chr2	42983160	42983744	LTR/ERV1	3496	+	292	42983452	12025
chr2	74405689	74605689	harbor1	chr2	74406028	74406603	LTR/ERV1	3671	+	288	74406316	627
chr2	74405689	74605689	harbor1	chr2	74450757	74451063	LTR/ERV1	2754	+	153	74450910	45221
chr2	74405689	74605689	harbor1	chr2	74451364	74451659	LTR/ERV1	2754	+	148	74451512	45823
chr2	72043426	72243426	harbor1	chr2	72051101	72051702	LTR/ERV1	2256	+	300	72051401	7975
chr2	72043426	72243426	harbor1	chr2	72062248	72062964	LTR/ERV1	4285	+	358	72062606	19180
chr2	72043426	72243426	harbor1	chr2	72080329	72081396	LTR/ERV1	2871	+	534	72080863	37437
chr2	72043426	72243426	harbor1	chr2	72086707	72088019	LTR/ERV1	7106	+	656	72087363	43937
chr2	72043426	72243426	harbor1	chr2	72088482	72089105	LTR/ERV1	4547	+	312	72088794	45368
chr2	72043426	72243426	harbor1	chr2	72089456	72090146	LTR/ERV1	4279	+	345	72089801	46375
chr2	156336151	156536151	harbor1	chr2	156433041	156433702	LTR/ERV1	5217	+	330	156433371	97220
chr2	72787358	72987358	harbor1	chr2	72829487	72830233	LTR/ERV1	4119	+	373	72829860	42502
chr2	72787358	72987358	harbor1	chr2	72833159	72833497	LTR/ERV1	2263	+	169	72833328	45970
chr2	72787358	72987358	harbor1	chr2	72847132	72847593	LTR/ERV1	1817	+	230	72847362	60004
chr2	72787358	72987358	harbor1	chr2	72870195	72870362	LTR/ERV1	1119	+	84	72870279	82921
chr2	1486893	1686893	harbor1	chr2	1578165	1578871	LTR/ERV1	3749	+	353	1578518	91625
chr2	108438378	108638378	harbor1	chr2	108523896	108524357	LTR/ERV1	3762	+	230	108524126	85748
chr2	108438378	108638378	harbor1	chr2	108524358	108525937	LTR/ERV1	9576	+	790	108525148	86770
chr2	108438378	108638378	harbor1	chr2	108531005	108531463	LTR/ERV1	3723	+	229	108531234	92856
chr2	108438378	108638378	harbor1	chr2	108445278	108445708	LTR/ERV1	2571	+	215	108445493	7115
chr2	108438378	108638378	harbor1	chr2	108525925	108531004	LTR/ERV1	40350	+	2540	108528465	90087
chr2	72787359	72987359	harbor1	chr2	72829487	72830233	LTR/ERV1	4119	+	373	72829860	42501
chr2	72787359	72987359	harbor1	chr2	72833159	72833497	LTR/ERV1	2263	+	169	72833328	45969
chr2	72787359	72987359	harbor1	chr2	72847132	72847593	LTR/ERV1	1817	+	230	72847362	60003
chr2	72787359	72987359	harbor1	chr2	72870195	72870362	LTR/ERV1	1119	+	84	72870279	82920
chr2	113454958	113654958	harbor1	chr2	113508186	113508307	LTR/ERV1	503	+	60	113508246	53288
chr2	113454958	113654958	harbor1	chr2	113523289	113523687	LTR/ERV1	2438	+	199	113523488	68530
chr2	113484018	113684018	harbor1	chr2	113508186	113508307	LTR/ERV1	503	+	60	113508246	24228
chr2	113484018	113684018	harbor1	chr2	113523289	113523687	LTR/ERV1	2438	+	199	113523488	39470
chr2	69729666	69929666	harbor1	chr2	69734253	69734738	LTR/ERV1	1776	+	242	69734495	4829
chr2	69729666	69929666	harbor1	chr2	69735048	69735578	LTR/ERV1	2192	+	265	69735313	5647
chr2	64294495	64494495	harbor1	chr2	64310999	64311182	LTR/ERV1	656	+	92	64311091	16596
chr2	64294495	64494495	harbor1	chr2	64386816	64387274	LTR/ERV1	3123	+	229	64387045	92550
chr2	74415978	74615978	harbor1	chr2	74450757	74451063	LTR/ERV1	2754	+	153	74450910	34932
chr2	74415978	74615978	harbor1	chr2	74451364	74451659	LTR/ERV1	2754	+	148	74451512	35534
chr2	2132316	2332316	harbor1	chr2	2219368	2219946	LTR/ERV1	4835	+	289	2219657	87341
chr2	204956154	205156154	harbor1	chr2	204983570	204984100	LTR/ERV1	1095	+	265	204983835	27681
chr2	175979808	176179808	harbor1	chr2	176019976	176020182	LTR/ERV1	1348	+	103	176020079	40271
chr2	175979808	176179808	harbor1	chr2	176022034	176022341	LTR/ERV1	885	+	154	176022188	42380
chr2	89546776	89746776	harbor1	chr2	89558408	89559038	LTR/ERV1	3194	+	315	89558723	11947
chr2	74415961	74615961	harbor1	chr2	74450757	74451063	LTR/ERV1	2754	+	153	74450910	34949
chr2	74415961	74615961	harbor1	chr2	74451364	74451659	LTR/ERV1	2754	+	148	74451512	35551
chr2	239594717	239794717	harbor1	chr2	239638643	239638831	LTR/ERV1	4250	+	94	239638737	44020
chr2	239594717	239794717	harbor1	chr2	239639134	239639846	LTR/ERV1	4250	+	356	239639490	44773
chr2	119120408	119320408	harbor1	chr2	119126032	119126459	LTR/ERV1	2056	+	214	119126246	5838
chr2	60966422	61166422	harbor1	chr2	60972924	60974211	LTR/ERV1	6018	+	644	60973568	7146
chr2	60966422	61166422	harbor1	chr2	60974377	60974988	LTR/ERV1	6018	+	306	60974683	8261
chr2	60966422	61166422	harbor1	chr2	61012332	61012544	LTR/ERV1	3022	+	106	61012438	46016
chr2	60966422	61166422	harbor1	chr2	61012865	61012961	LTR/ERV1	3022	+	48	61012913	46491
chr2	60966422	61166422	harbor1	chr2	61013282	61013639	LTR/ERV1	3022	+	178	61013460	47038
chr2	237867415	238067415	harbor1	chr2	237930215	237930770	LTR/ERV1	3381	+	278	237930493	63078
chr2	237867415	238067415	harbor1	chr2	237935696	237936177	LTR/ERV1	2413	+	240	237935936	68521
chr2	237867415	238067415	harbor1	chr2	237947340	237947704	LTR/ERV1	1555	+	182	237947522	80107
chr2	237867415	238067415	harbor1	chr2	237948012	237948184	LTR/ERV1	1555	+	86	237948098	80683
chr2	237867415	238067415	harbor1	chr2	237963074	237963386	LTR/ERV1	5181	+	156	237963230	95815
chr2	237867415	238067415	harbor1	chr2	237963679	237964101	LTR/ERV1	5181	+	211	237963890	96475
chr2	237867415	238067415	harbor1	chr2	237964702	237964854	LTR/ERV1	5181	+	76	237964778	97363
chr2	237867415	238067415	harbor1	chr2	237943526	237945170	LTR/ERV1	7877	+	822	237944348	76933
chr2	61805680	62005680	harbor1	chr2	61805538	61805707	LTR/ERV1	3408	+	84	61805622	58
chr2	61805680	62005680	harbor1	chr2	61814716	61814880	LTR/ERV1	892	+	82	61814798	9118
chr2	61805680	62005680	harbor1	chr2	61875631	61875799	LTR/ERV1	533	+	84	61875715	70035
chr2	61805680	62005680	harbor1	chr2	61896642	61896814	LTR/ERV1	2257	+	86	61896728	91048
chr2	61805680	62005680	harbor1	chr2	61897126	61897469	LTR/ERV1	2257	+	172	61897298	91618
chr2	61805680	62005680	harbor1	chr2	61899096	61899616	LTR/ERV1	2456	+	260	61899356	93676
chr2	74415475	74615475	harbor1	chr2	74450757	74451063	LTR/ERV1	2754	+	153	74450910	35435
chr2	74415475	74615475	harbor1	chr2	74451364	74451659	LTR/ERV1	2754	+	148	74451512	36037
chr2	74415962	74615962	harbor1	chr2	74450757	74451063	LTR/ERV1	2754	+	153	74450910	34948
chr2	74415962	74615962	harbor1	chr2	74451364	74451659	LTR/ERV1	2754	+	148	74451512	35550
chr2	53759983	53959983	harbor1	chr2	53758875	53760194	LTR/ERV1	10542	+	660	53759535	448
chr2	53759983	53959983	harbor1	chr2	53760174	53760786	LTR/ERV1	4957	+	306	53760480	497
chr2	53759983	53959983	harbor1	chr2	53760808	53761100	LTR/ERV1	2367	+	146	53760954	971
chr2	53759983	53959983	harbor1	chr2	53761101	53761425	LTR/ERV1	2288	+	162	53761263	1280
chr2	53759983	53959983	harbor1	chr2	53778188	53778285	LTR/ERV1	523	+	48	53778236	18253
chr2	53759983	53959983	harbor1	chr2	53779341	53779441	LTR/ERV1	705	+	50	53779391	19408
chr2	53759983	53959983	harbor1	chr2	53779737	53779915	LTR/ERV1	705	+	89	53779826	19843
chr2	53759983	53959983	harbor1	chr2	53784235	53784406	LTR/ERV1	982	+	86	53784321	24338
chr2	158868003	159068003	harbor1	chr2	158866185	158870242	LTR/ERV1	29289	+	2028	158868213	210
chr2	158868003	159068003	harbor1	chr2	158881457	158881650	LTR/ERV1	1209	+	96	158881553	13550
chr2	158868003	159068003	harbor1	chr2	158881731	158882660	LTR/ERV1	32970	+	464	158882195	14192
chr2	158868003	159068003	harbor1	chr2	158882710	158886251	LTR/ERV1	32970	+	1770	158884480	16477
chr2	158868003	159068003	harbor1	chr2	158898573	158898805	LTR/ERV1	503	+	116	158898689	30686
chr2	158868003	159068003	harbor1	chr2	158918536	158919035	LTR/ERV1	2178	+	250	158918786	50783
chr2	158868003	159068003	harbor1	chr2	158919468	158919884	LTR/ERV1	1525	+	208	158919676	51673
chr2	97589114	97789114	harbor1	chr2	97613637	97614033	LTR/ERV1	1606	+	198	97613835	24721
chr2	97589114	97789114	harbor1	chr2	97667732	97667876	LTR/ERV1	527	+	72	97667804	78690
chr2	27395167	27595167	harbor1	chr2	27400724	27400867	LTR/ERV1	476	+	72	27400796	5629
chr2	60966462	61166462	harbor1	chr2	60972924	60974211	LTR/ERV1	6018	+	644	60973568	7106
chr2	60966462	61166462	harbor1	chr2	60974377	60974988	LTR/ERV1	6018	+	306	60974683	8221
chr2	60966462	61166462	harbor1	chr2	61012332	61012544	LTR/ERV1	3022	+	106	61012438	45976
chr2	60966462	61166462	harbor1	chr2	61012865	61012961	LTR/ERV1	3022	+	48	61012913	46451
chr2	60966462	61166462	harbor1	chr2	61013282	61013639	LTR/ERV1	3022	+	178	61013460	46998
chr2	72856127	73056127	harbor1	chr2	72870195	72870362	LTR/ERV1	1119	+	84	72870279	14152
chr2	72856127	73056127	harbor1	chr2	72917641	72917814	LTR/ERV1	815	+	86	72917727	61600
chr2	236586213	236786213	harbor1	chr2	236594760	236595208	LTR/ERV1	1911	+	224	236594984	8771
chr2	24693648	24893648	harbor1	chr2	24784987	24785398	LTR/ERV1	2127	+	206	24785193	91545
chr2	94934942	95134942	harbor1	chr2	94969962	94970145	LTR/ERV1	544	+	92	94970054	35112
chr2	94934942	95134942	harbor1	chr2	95030807	95030971	LTR/ERV1	483	+	82	95030889	95947
chr2	97564374	97764374	harbor1	chr2	97613637	97614033	LTR/ERV1	1606	+	198	97613835	49461
chr2	111955759	112155759	harbor1	chr2	112040229	112040674	LTR/ERV1	3193	+	222	112040451	84692
chr2	217374869	217574869	harbor1	chr2	217392224	217392361	LTR/ERV1	533	+	68	217392292	17423
chr2	112779792	112979792	harbor1	chr2	112791949	112792157	LTR/ERV1	1579	+	104	112792053	12261
chr2	112779792	112979792	harbor1	chr2	112792527	112792983	LTR/ERV1	2680	+	228	112792755	12963
chr2	112779792	112979792	harbor1	chr2	112811136	112811268	LTR/ERV1	440	+	66	112811202	31410
chr2	112779792	112979792	harbor1	chr2	112846677	112847118	LTR/ERV1	2340	+	220	112846897	67105
chr2	112779792	112979792	harbor1	chr2	112847419	112847438	LTR/ERV1	2340	+	10	112847429	67637
chr2	112779792	112979792	harbor1	chr2	112849107	112849557	LTR/ERV1	3469	+	225	112849332	69540
chr2	112779792	112979792	harbor1	chr2	112849561	112849883	LTR/ERV1	2636	+	161	112849722	69930
chr2	112779792	112979792	harbor1	chr2	112849884	112850319	LTR/ERV1	3387	+	218	112850102	70310
chr2	112779792	112979792	harbor1	chr2	112850320	112851616	LTR/ERV1	4783	+	648	112850968	71176
chr2	112779792	112979792	harbor1	chr2	112856571	112856830	LTR/ERV1	1405	+	130	112856701	76909
chr2	112779792	112979792	harbor1	chr2	112857065	112857502	LTR/ERV1	2382	+	218	112857283	77491
chr2	112779792	112979792	harbor1	chr2	112859935	112860433	LTR/ERV1	2028	+	249	112860184	80392
chr2	112779792	112979792	harbor1	chr2	112860401	112863078	LTR/ERV1	16931	+	1338	112861739	81947
chr2	112779792	112979792	harbor1	chr2	112863087	112863541	LTR/ERV1	3215	+	227	112863314	83522
chr2	112779792	112979792	harbor1	chr2	112852505	112853024	LTR/ERV1	3223	+	260	112852765	72973
chr2	26403834	26603834	harbor1	chr2	26407447	26408136	LTR/ERV1	879	+	344	26407791	3957
chr2	26403834	26603834	harbor1	chr2	26493549	26494007	LTR/ERV1	3470	+	229	26493778	89944
chr3	127489937	127689937	harbor1	chr3	127496043	127497557	LTR/ERV1	7331	+	757	127496800	6863
chr3	127489937	127689937	harbor1	chr3	127512675	127513142	LTR/ERV1	2544	+	234	127512909	22972
chr3	127489937	127689937	harbor1	chr3	127543041	127543380	LTR/ERV1	1454	+	170	127543211	53274
chr3	51869986	52069986	harbor1	chr3	51895799	51896547	LTR/ERV1	5044	+	374	51896173	26187
chr3	51869986	52069986	harbor1	chr3	51896962	51897435	LTR/ERV1	3272	+	236	51897198	27212
chr3	51869986	52069986	harbor1	chr3	51897436	51897751	LTR/ERV1	2032	+	158	51897594	27608
chr3	51869986	52069986	harbor1	chr3	51897992	51902373	LTR/ERV1	32537	+	2190	51900182	30196
chr3	51869986	52069986	harbor1	chr3	51902374	51902910	LTR/ERV1	3686	+	268	51902642	32656
chr3	51869986	52069986	harbor1	chr3	51915783	51916377	LTR/ERV1	3569	+	297	51916080	46094
chr3	138334620	138534620	harbor1	chr3	138419680	138420399	LTR/ERV1	4621	+	360	138420040	85420
chr3	138334620	138534620	harbor1	chr3	138423381	138423696	LTR/ERV1	2512	+	158	138423539	88919
chr3	138334620	138534620	harbor1	chr3	138424025	138424169	LTR/ERV1	2512	+	72	138424097	89477
chr3	107991341	108191341	harbor1	chr3	108004049	108004862	LTR/ERV1	4649	+	406	108004455	13114
chr3	107991341	108191341	harbor1	chr3	108015103	108015632	LTR/ERV1	886	+	264	108015367	24026
chr3	107991341	108191341	harbor1	chr3	108022756	108023270	LTR/ERV1	3041	+	257	108023013	31672
chr3	107991341	108191341	harbor1	chr3	108082189	108082611	LTR/ERV1	786	+	211	108082400	91059
chr3	107991308	108191308	harbor1	chr3	108004049	108004862	LTR/ERV1	4649	+	406	108004455	13147
chr3	107991308	108191308	harbor1	chr3	108015103	108015632	LTR/ERV1	886	+	264	108015367	24059
chr3	107991308	108191308	harbor1	chr3	108022756	108023270	LTR/ERV1	3041	+	257	108023013	31705
chr3	107991308	108191308	harbor1	chr3	108082189	108082611	LTR/ERV1	786	+	211	108082400	91092
chr3	107991371	108191371	harbor1	chr3	108004049	108004862	LTR/ERV1	4649	+	406	108004455	13084
chr3	107991371	108191371	harbor1	chr3	108015103	108015632	LTR/ERV1	886	+	264	108015367	23996
chr3	107991371	108191371	harbor1	chr3	108022756	108023270	LTR/ERV1	3041	+	257	108023013	31642
chr3	107991371	108191371	harbor1	chr3	108082189	108082611	LTR/ERV1	786	+	211	108082400	91029
chr3	107991316	108191316	harbor1	chr3	108004049	108004862	LTR/ERV1	4649	+	406	108004455	13139
chr3	107991316	108191316	harbor1	chr3	108015103	108015632	LTR/ERV1	886	+	264	108015367	24051
chr3	107991316	108191316	harbor1	chr3	108022756	108023270	LTR/ERV1	3041	+	257	108023013	31697
chr3	107991316	108191316	harbor1	chr3	108082189	108082611	LTR/ERV1	786	+	211	108082400	91084
chr3	9817202	10017202	harbor1	chr3	9844232	9844663	LTR/ERV1	2208	+	216	9844448	27246
chr3	9817202	10017202	harbor1	chr3	9868701	9868815	LTR/ERV1	666	+	57	9868758	51556
chr3	9817202	10017202	harbor1	chr3	9869129	9869249	LTR/ERV1	666	+	60	9869189	51987
chr3	107991276	108191276	harbor1	chr3	108004049	108004862	LTR/ERV1	4649	+	406	108004455	13179
chr3	107991276	108191276	harbor1	chr3	108015103	108015632	LTR/ERV1	886	+	264	108015367	24091
chr3	107991276	108191276	harbor1	chr3	108022756	108023270	LTR/ERV1	3041	+	257	108023013	31737
chr3	107991276	108191276	harbor1	chr3	108082189	108082611	LTR/ERV1	786	+	211	108082400	91124
chr3	107991357	108191357	harbor1	chr3	108004049	108004862	LTR/ERV1	4649	+	406	108004455	13098
chr3	107991357	108191357	harbor1	chr3	108015103	108015632	LTR/ERV1	886	+	264	108015367	24010
chr3	107991357	108191357	harbor1	chr3	108022756	108023270	LTR/ERV1	3041	+	257	108023013	31656
chr3	107991357	108191357	harbor1	chr3	108082189	108082611	LTR/ERV1	786	+	211	108082400	91043
chr3	107991312	108191312	harbor1	chr3	108004049	108004862	LTR/ERV1	4649	+	406	108004455	13143
chr3	107991312	108191312	harbor1	chr3	108015103	108015632	LTR/ERV1	886	+	264	108015367	24055
chr3	107991312	108191312	harbor1	chr3	108022756	108023270	LTR/ERV1	3041	+	257	108023013	31701
chr3	107991312	108191312	harbor1	chr3	108082189	108082611	LTR/ERV1	786	+	211	108082400	91088
chr3	51939476	52139476	harbor1	chr3	51990374	51991626	LTR/ERV1	8156	+	626	51991000	51524
chr3	107991310	108191310	harbor1	chr3	108004049	108004862	LTR/ERV1	4649	+	406	108004455	13145
chr3	107991310	108191310	harbor1	chr3	108015103	108015632	LTR/ERV1	886	+	264	108015367	24057
chr3	107991310	108191310	harbor1	chr3	108022756	108023270	LTR/ERV1	3041	+	257	108023013	31703
chr3	107991310	108191310	harbor1	chr3	108082189	108082611	LTR/ERV1	786	+	211	108082400	91090
chr3	107991337	108191337	harbor1	chr3	108004049	108004862	LTR/ERV1	4649	+	406	108004455	13118
chr3	107991337	108191337	harbor1	chr3	108015103	108015632	LTR/ERV1	886	+	264	108015367	24030
chr3	107991337	108191337	harbor1	chr3	108022756	108023270	LTR/ERV1	3041	+	257	108023013	31676
chr3	107991337	108191337	harbor1	chr3	108082189	108082611	LTR/ERV1	786	+	211	108082400	91063
chr3	107991338	108191338	harbor1	chr3	108004049	108004862	LTR/ERV1	4649	+	406	108004455	13117
chr3	107991338	108191338	harbor1	chr3	108015103	108015632	LTR/ERV1	886	+	264	108015367	24029
chr3	107991338	108191338	harbor1	chr3	108022756	108023270	LTR/ERV1	3041	+	257	108023013	31675
chr3	107991338	108191338	harbor1	chr3	108082189	108082611	LTR/ERV1	786	+	211	108082400	91062
chr3	107991370	108191370	harbor1	chr3	108004049	108004862	LTR/ERV1	4649	+	406	108004455	13085
chr3	107991370	108191370	harbor1	chr3	108015103	108015632	LTR/ERV1	886	+	264	108015367	23997
chr3	107991370	108191370	harbor1	chr3	108022756	108023270	LTR/ERV1	3041	+	257	108023013	31643
chr3	107991370	108191370	harbor1	chr3	108082189	108082611	LTR/ERV1	786	+	211	108082400	91030
chr3	107991302	108191302	harbor1	chr3	108004049	108004862	LTR/ERV1	4649	+	406	108004455	13153
chr3	107991302	108191302	harbor1	chr3	108015103	108015632	LTR/ERV1	886	+	264	108015367	24065
chr3	107991302	108191302	harbor1	chr3	108022756	108023270	LTR/ERV1	3041	+	257	108023013	31711
chr3	107991302	108191302	harbor1	chr3	108082189	108082611	LTR/ERV1	786	+	211	108082400	91098
chr3	107991361	108191361	harbor1	chr3	108004049	108004862	LTR/ERV1	4649	+	406	108004455	13094
chr3	107991361	108191361	harbor1	chr3	108015103	108015632	LTR/ERV1	886	+	264	108015367	24006
chr3	107991361	108191361	harbor1	chr3	108022756	108023270	LTR/ERV1	3041	+	257	108023013	31652
chr3	107991361	108191361	harbor1	chr3	108082189	108082611	LTR/ERV1	786	+	211	108082400	91039
chr3	107991380	108191380	harbor1	chr3	108004049	108004862	LTR/ERV1	4649	+	406	108004455	13075
chr3	107991380	108191380	harbor1	chr3	108015103	108015632	LTR/ERV1	886	+	264	108015367	23987
chr3	107991380	108191380	harbor1	chr3	108022756	108023270	LTR/ERV1	3041	+	257	108023013	31633
chr3	107991380	108191380	harbor1	chr3	108082189	108082611	LTR/ERV1	786	+	211	108082400	91020
chr3	46799563	46999563	harbor1	chr3	46826598	46826866	LTR/ERV1	3056	+	134	46826732	27169
chr3	46799563	46999563	harbor1	chr3	46827252	46827474	LTR/ERV1	3056	+	111	46827363	27800
chr3	50288182	50488182	harbor1	chr3	50304978	50305233	LTR/ERV1	2395	+	128	50305106	16924
chr3	50288182	50488182	harbor1	chr3	50305833	50306021	LTR/ERV1	2395	+	94	50305927	17745
chr3	50288182	50488182	harbor1	chr3	50306024	50306564	LTR/ERV1	2367	+	270	50306294	18112
chr3	50288182	50488182	harbor1	chr3	50309030	50309182	LTR/ERV1	2292	+	76	50309106	20924
chr3	50288182	50488182	harbor1	chr3	50309485	50309688	LTR/ERV1	2292	+	102	50309587	21405
chr3	50288182	50488182	harbor1	chr3	50309786	50310263	LTR/ERV1	2292	+	238	50310024	21842
chr3	50288182	50488182	harbor1	chr3	50313340	50313494	LTR/ERV1	1704	+	77	50313417	25235
chr3	50288182	50488182	harbor1	chr3	50313797	50314006	LTR/ERV1	1704	+	104	50313901	25719
chr3	50288182	50488182	harbor1	chr3	50314007	50314445	LTR/ERV1	2633	+	219	50314226	26044
chr3	51939463	52139463	harbor1	chr3	51990374	51991626	LTR/ERV1	8156	+	626	51991000	51537
chr3	107991451	108191451	harbor1	chr3	108004049	108004862	LTR/ERV1	4649	+	406	108004455	13004
chr3	107991451	108191451	harbor1	chr3	108015103	108015632	LTR/ERV1	886	+	264	108015367	23916
chr3	107991451	108191451	harbor1	chr3	108022756	108023270	LTR/ERV1	3041	+	257	108023013	31562
chr3	107991451	108191451	harbor1	chr3	108082189	108082611	LTR/ERV1	786	+	211	108082400	90949
chr3	51939471	52139471	harbor1	chr3	51990374	51991626	LTR/ERV1	8156	+	626	51991000	51529
chr3	129021155	129221155	harbor1	chr3	129058382	129058924	LTR/ERV1	1794	+	271	129058653	37498
chr3	129021155	129221155	harbor1	chr3	129069292	129069886	LTR/ERV1	3375	+	297	129069589	48434
chr3	51939481	52139481	harbor1	chr3	51990374	51991626	LTR/ERV1	8156	+	626	51991000	51519
chr3	107991298	108191298	harbor1	chr3	108004049	108004862	LTR/ERV1	4649	+	406	108004455	13157
chr3	107991298	108191298	harbor1	chr3	108015103	108015632	LTR/ERV1	886	+	264	108015367	24069
chr3	107991298	108191298	harbor1	chr3	108022756	108023270	LTR/ERV1	3041	+	257	108023013	31715
chr3	107991298	108191298	harbor1	chr3	108082189	108082611	LTR/ERV1	786	+	211	108082400	91102
chr3	161005424	161205424	harbor1	chr3	161007941	161008587	LTR/ERV1	3563	+	323	161008264	2840
chr3	161005424	161205424	harbor1	chr3	161038753	161039299	LTR/ERV1	4103	+	273	161039026	33602
chr3	161005424	161205424	harbor1	chr3	161040678	161041467	LTR/ERV1	5420	+	394	161041072	35648
chr3	107991375	108191375	harbor1	chr3	108004049	108004862	LTR/ERV1	4649	+	406	108004455	13080
chr3	107991375	108191375	harbor1	chr3	108015103	108015632	LTR/ERV1	886	+	264	108015367	23992
chr3	107991375	108191375	harbor1	chr3	108022756	108023270	LTR/ERV1	3041	+	257	108023013	31638
chr3	107991375	108191375	harbor1	chr3	108082189	108082611	LTR/ERV1	786	+	211	108082400	91025
chr3	107991366	108191366	harbor1	chr3	108004049	108004862	LTR/ERV1	4649	+	406	108004455	13089
chr3	107991366	108191366	harbor1	chr3	108015103	108015632	LTR/ERV1	886	+	264	108015367	24001
chr3	107991366	108191366	harbor1	chr3	108022756	108023270	LTR/ERV1	3041	+	257	108023013	31647
chr3	107991366	108191366	harbor1	chr3	108082189	108082611	LTR/ERV1	786	+	211	108082400	91034
chr3	107991309	108191309	harbor1	chr3	108004049	108004862	LTR/ERV1	4649	+	406	108004455	13146
chr3	107991309	108191309	harbor1	chr3	108015103	108015632	LTR/ERV1	886	+	264	108015367	24058
chr3	107991309	108191309	harbor1	chr3	108022756	108023270	LTR/ERV1	3041	+	257	108023013	31704
chr3	107991309	108191309	harbor1	chr3	108082189	108082611	LTR/ERV1	786	+	211	108082400	91091
chr3	107991277	108191277	harbor1	chr3	108004049	108004862	LTR/ERV1	4649	+	406	108004455	13178
chr3	107991277	108191277	harbor1	chr3	108015103	108015632	LTR/ERV1	886	+	264	108015367	24090
chr3	107991277	108191277	harbor1	chr3	108022756	108023270	LTR/ERV1	3041	+	257	108023013	31736
chr3	107991277	108191277	harbor1	chr3	108082189	108082611	LTR/ERV1	786	+	211	108082400	91123
chr3	124721335	124921335	harbor1	chr3	124732101	124732256	LTR/ERV1	1448	+	78	124732179	10844
chr3	124721335	124921335	harbor1	chr3	124751376	124752151	LTR/ERV1	4962	+	388	124751764	30429
chr3	124721335	124921335	harbor1	chr3	124731273	124731484	LTR/ERV1	1448	+	106	124731379	10044
chr3	125916736	126116736	harbor1	chr3	126003021	126003554	LTR/ERV1	1982	+	266	126003287	86551
chr3	125916736	126116736	harbor1	chr3	126003556	126005069	LTR/ERV1	6756	+	756	126004312	87576
chr3	51939504	52139504	harbor1	chr3	51990374	51991626	LTR/ERV1	8156	+	626	51991000	51496
chr3	195981907	196181907	harbor1	chr3	196057095	196057539	LTR/ERV1	3512	+	222	196057317	75410
chr3	195981907	196181907	harbor1	chr3	196057840	196058276	LTR/ERV1	2118	+	218	196058058	76151
chr3	107991343	108191343	harbor1	chr3	108004049	108004862	LTR/ERV1	4649	+	406	108004455	13112
chr3	107991343	108191343	harbor1	chr3	108015103	108015632	LTR/ERV1	886	+	264	108015367	24024
chr3	107991343	108191343	harbor1	chr3	108022756	108023270	LTR/ERV1	3041	+	257	108023013	31670
chr3	107991343	108191343	harbor1	chr3	108082189	108082611	LTR/ERV1	786	+	211	108082400	91057
chr3	17061072	17261072	harbor1	chr3	17123594	17123673	LTR/ERV1	601	+	40	17123634	62562
chr3	17061072	17261072	harbor1	chr3	17123968	17124167	LTR/ERV1	601	+	100	17124068	62996
chr3	17061072	17261072	harbor1	chr3	17124443	17124680	LTR/ERV1	601	+	118	17124561	63489
chr3	107991355	108191355	harbor1	chr3	108004049	108004862	LTR/ERV1	4649	+	406	108004455	13100
chr3	107991355	108191355	harbor1	chr3	108015103	108015632	LTR/ERV1	886	+	264	108015367	24012
chr3	107991355	108191355	harbor1	chr3	108022756	108023270	LTR/ERV1	3041	+	257	108023013	31658
chr3	107991355	108191355	harbor1	chr3	108082189	108082611	LTR/ERV1	786	+	211	108082400	91045
chr3	49542479	49742479	harbor1	chr3	49542609	49544247	LTR/ERV1	3836	+	819	49543428	949
chr3	50220451	50420451	harbor1	chr3	50304978	50305233	LTR/ERV1	2395	+	128	50305106	84655
chr3	50220451	50420451	harbor1	chr3	50305833	50306021	LTR/ERV1	2395	+	94	50305927	85476
chr3	50220451	50420451	harbor1	chr3	50306024	50306564	LTR/ERV1	2367	+	270	50306294	85843
chr3	50220451	50420451	harbor1	chr3	50309030	50309182	LTR/ERV1	2292	+	76	50309106	88655
chr3	50220451	50420451	harbor1	chr3	50309485	50309688	LTR/ERV1	2292	+	102	50309587	89136
chr3	50220451	50420451	harbor1	chr3	50309786	50310263	LTR/ERV1	2292	+	238	50310024	89573
chr3	50220451	50420451	harbor1	chr3	50313340	50313494	LTR/ERV1	1704	+	77	50313417	92966
chr3	50220451	50420451	harbor1	chr3	50313797	50314006	LTR/ERV1	1704	+	104	50313901	93450
chr3	50220451	50420451	harbor1	chr3	50314007	50314445	LTR/ERV1	2633	+	219	50314226	93775
chr3	184085534	184285534	harbor1	chr3	184085291	184085823	LTR/ERV1	3443	+	266	184085557	23
chr3	184085534	184285534	harbor1	chr3	184110171	184110701	LTR/ERV1	3953	+	265	184110436	24902
chr3	195853169	196053169	harbor1	chr3	195933158	195933328	LTR/ERV1	419	+	85	195933243	80074
chr3	195853169	196053169	harbor1	chr3	195933329	195933514	LTR/ERV1	1326	+	92	195933421	80252
chr3	49542474	49742474	harbor1	chr3	49542609	49544247	LTR/ERV1	3836	+	819	49543428	954
chr3	107991335	108191335	harbor1	chr3	108004049	108004862	LTR/ERV1	4649	+	406	108004455	13120
chr3	107991335	108191335	harbor1	chr3	108015103	108015632	LTR/ERV1	886	+	264	108015367	24032
chr3	107991335	108191335	harbor1	chr3	108022756	108023270	LTR/ERV1	3041	+	257	108023013	31678
chr3	107991335	108191335	harbor1	chr3	108082189	108082611	LTR/ERV1	786	+	211	108082400	91065
chr3	39004795	39204795	harbor1	chr3	39018852	39019571	LTR/ERV1	4251	+	360	39019212	14417
chr3	39004795	39204795	harbor1	chr3	39021821	39022496	LTR/ERV1	4054	+	338	39022159	17364
chr3	39004795	39204795	harbor1	chr3	39024444	39025045	LTR/ERV1	3964	+	300	39024744	19949
chr3	51939539	52139539	harbor1	chr3	51990374	51991626	LTR/ERV1	8156	+	626	51991000	51461
chr3	51939497	52139497	harbor1	chr3	51990374	51991626	LTR/ERV1	8156	+	626	51991000	51503
chr3	123544681	123744681	harbor1	chr3	123587994	123588459	LTR/ERV1	2238	+	232	123588226	43545
chr3	123544681	123744681	harbor1	chr3	123588746	123588910	LTR/ERV1	1952	+	82	123588828	44147
chr3	16431951	16631951	harbor1	chr3	16498142	16498506	LTR/ERV1	1369	+	182	16498324	66373
chr3	50248580	50448580	harbor1	chr3	50304978	50305233	LTR/ERV1	2395	+	128	50305106	56526
chr3	50248580	50448580	harbor1	chr3	50305833	50306021	LTR/ERV1	2395	+	94	50305927	57347
chr3	50248580	50448580	harbor1	chr3	50306024	50306564	LTR/ERV1	2367	+	270	50306294	57714
chr3	50248580	50448580	harbor1	chr3	50309030	50309182	LTR/ERV1	2292	+	76	50309106	60526
chr3	50248580	50448580	harbor1	chr3	50309485	50309688	LTR/ERV1	2292	+	102	50309587	61007
chr3	50248580	50448580	harbor1	chr3	50309786	50310263	LTR/ERV1	2292	+	238	50310024	61444
chr3	50248580	50448580	harbor1	chr3	50313340	50313494	LTR/ERV1	1704	+	77	50313417	64837
chr3	50248580	50448580	harbor1	chr3	50313797	50314006	LTR/ERV1	1704	+	104	50313901	65321
chr3	50248580	50448580	harbor1	chr3	50314007	50314445	LTR/ERV1	2633	+	219	50314226	65646
chr3	52121829	52321829	harbor1	chr3	52155574	52156144	LTR/ERV1	3629	+	285	52155859	34030
chr3	52121829	52321829	harbor1	chr3	52156148	52156636	LTR/ERV1	7193	+	244	52156392	34563
chr3	52121829	52321829	harbor1	chr3	52156947	52157145	LTR/ERV1	7193	+	99	52157046	35217
chr3	52121829	52321829	harbor1	chr3	52157442	52157893	LTR/ERV1	7193	+	226	52157668	35839
chr3	52121829	52321829	harbor1	chr3	52158207	52158226	LTR/ERV1	7193	+	10	52158217	36388
chr3	52121829	52321829	harbor1	chr3	52159468	52160111	LTR/ERV1	7193	+	322	52159790	37961
chr3	52121829	52321829	harbor1	chr3	52160393	52160484	LTR/ERV1	7193	+	46	52160439	38610
chr3	52121829	52321829	harbor1	chr3	52160792	52161075	LTR/ERV1	7193	+	142	52160934	39105
chr3	52121829	52321829	harbor1	chr3	52161378	52161423	LTR/ERV1	10035	+	22	52161400	39571
chr3	52121829	52321829	harbor1	chr3	52162862	52163142	LTR/ERV1	10035	+	140	52163002	41173
chr3	52121829	52321829	harbor1	chr3	52163446	52163803	LTR/ERV1	10035	+	178	52163624	41795
chr3	52121829	52321829	harbor1	chr3	52164397	52164430	LTR/ERV1	10035	+	16	52164413	42584
chr3	52121829	52321829	harbor1	chr3	52165067	52166322	LTR/ERV1	10035	+	628	52165695	43866
chr3	52121829	52321829	harbor1	chr3	52166714	52167033	LTR/ERV1	1831	+	160	52166874	45045
chr3	52121829	52321829	harbor1	chr3	52167289	52167645	LTR/ERV1	1622	+	178	52167467	45638
chr3	52121829	52321829	harbor1	chr3	52167646	52167966	LTR/ERV1	4666	+	160	52167806	45977
chr3	52121829	52321829	harbor1	chr3	52168268	52168370	LTR/ERV1	4666	+	51	52168319	46490
chr3	52121829	52321829	harbor1	chr3	52168668	52169005	LTR/ERV1	4666	+	168	52168836	47007
chr3	52121829	52321829	harbor1	chr3	52169356	52169660	LTR/ERV1	1836	+	152	52169508	47679
chr3	52121829	52321829	harbor1	chr3	52166635	52166690	LTR/ERV1	10035	+	28	52166663	44834
chr3	46771747	46971747	harbor1	chr3	46826598	46826866	LTR/ERV1	3056	+	134	46826732	54985
chr3	46771747	46971747	harbor1	chr3	46827252	46827474	LTR/ERV1	3056	+	111	46827363	55616
chr3	51939505	52139505	harbor1	chr3	51990374	51991626	LTR/ERV1	8156	+	626	51991000	51495
chr3	138334619	138534619	harbor1	chr3	138419680	138420399	LTR/ERV1	4621	+	360	138420040	85421
chr3	138334619	138534619	harbor1	chr3	138423381	138423696	LTR/ERV1	2512	+	158	138423539	88920
chr3	138334619	138534619	harbor1	chr3	138424025	138424169	LTR/ERV1	2512	+	72	138424097	89478
chr3	127490156	127690156	harbor1	chr3	127496043	127497557	LTR/ERV1	7331	+	757	127496800	6644
chr3	127490156	127690156	harbor1	chr3	127512675	127513142	LTR/ERV1	2544	+	234	127512909	22753
chr3	127490156	127690156	harbor1	chr3	127543041	127543380	LTR/ERV1	1454	+	170	127543211	53055
chr3	179842465	180042465	harbor1	chr3	179868487	179869019	LTR/ERV1	2642	+	266	179868753	26288
chr3	179842465	180042465	harbor1	chr3	179869509	179869679	LTR/ERV1	717	+	85	179869594	27129
chr3	179842465	180042465	harbor1	chr3	179869901	179870029	LTR/ERV1	857	+	64	179869965	27500
chr3	179842465	180042465	harbor1	chr3	179870029	179870049	LTR/ERV1	959	+	10	179870039	27574
chr3	179842465	180042465	harbor1	chr3	179870050	179870576	LTR/ERV1	3312	+	263	179870313	27848
chr3	179842465	180042465	harbor1	chr3	179870577	179870853	LTR/ERV1	959	+	138	179870715	28250
chr3	179842465	180042465	harbor1	chr3	179871527	179871882	LTR/ERV1	2286	+	178	179871705	29240
chr3	179842465	180042465	harbor1	chr3	179872184	179872200	LTR/ERV1	2286	+	8	179872192	29727
chr3	190413906	190613906	harbor1	chr3	190474248	190474305	LTR/ERV1	540	+	28	190474276	60370
chr3	190413906	190613906	harbor1	chr3	190474620	190474696	LTR/ERV1	540	+	38	190474658	60752
chr3	190413906	190613906	harbor1	chr3	190474757	190475011	LTR/ERV1	1156	+	127	190474884	60978
chr3	190413906	190613906	harbor1	chr3	190475025	190475159	LTR/ERV1	465	+	67	190475092	61186
chr3	190413906	190613906	harbor1	chr3	190507846	190508445	LTR/ERV1	2868	+	300	190508146	94240
chr3	127490312	127690312	harbor1	chr3	127496043	127497557	LTR/ERV1	7331	+	757	127496800	6488
chr3	127490312	127690312	harbor1	chr3	127512675	127513142	LTR/ERV1	2544	+	234	127512909	22597
chr3	127490312	127690312	harbor1	chr3	127543041	127543380	LTR/ERV1	1454	+	170	127543211	52899
chr3	123544677	123744677	harbor1	chr3	123587994	123588459	LTR/ERV1	2238	+	232	123588226	43549
chr3	123544677	123744677	harbor1	chr3	123588746	123588910	LTR/ERV1	1952	+	82	123588828	44151
chr3	51895561	52095561	harbor1	chr3	51895799	51896547	LTR/ERV1	5044	+	374	51896173	612
chr3	51895561	52095561	harbor1	chr3	51896962	51897435	LTR/ERV1	3272	+	236	51897198	1637
chr3	51895561	52095561	harbor1	chr3	51897436	51897751	LTR/ERV1	2032	+	158	51897594	2033
chr3	51895561	52095561	harbor1	chr3	51897992	51902373	LTR/ERV1	32537	+	2190	51900182	4621
chr3	51895561	52095561	harbor1	chr3	51902374	51902910	LTR/ERV1	3686	+	268	51902642	7081
chr3	51895561	52095561	harbor1	chr3	51915783	51916377	LTR/ERV1	3569	+	297	51916080	20519
chr3	51895561	52095561	harbor1	chr3	51990374	51991626	LTR/ERV1	8156	+	626	51991000	95439
chr3	128581053	128781053	harbor1	chr3	128653227	128654656	LTR/ERV1	10667	+	714	128653941	72888
chr3	128581053	128781053	harbor1	chr3	128665481	128665621	LTR/ERV1	443	+	70	128665551	84498
chr3	128581053	128781053	harbor1	chr3	128666241	128666324	LTR/ERV1	3138	+	42	128666283	85230
chr3	128581053	128781053	harbor1	chr3	128666873	128667145	LTR/ERV1	3138	+	136	128667009	85956
chr3	128581053	128781053	harbor1	chr3	128667443	128667567	LTR/ERV1	3138	+	62	128667505	86452
chr3	128581053	128781053	harbor1	chr3	128667591	128668475	LTR/ERV1	8843	+	442	128668033	86980
chr3	128581053	128781053	harbor1	chr3	128668789	128669097	LTR/ERV1	8843	+	154	128668943	87890
chr3	128581053	128781053	harbor1	chr3	128669506	128669809	LTR/ERV1	1956	+	152	128669658	88605
chr3	128581053	128781053	harbor1	chr3	128669795	128670003	LTR/ERV1	1330	+	104	128669899	88846
chr3	128581053	128781053	harbor1	chr3	128670004	128670123	LTR/ERV1	505	+	60	128670064	89011
chr3	128581053	128781053	harbor1	chr3	128675783	128676427	LTR/ERV1	2073	+	322	128676105	95052
chr3	122414401	122614401	harbor1	chr3	122469078	122469661	LTR/ERV1	4130	+	292	122469370	54969
chr3	50288152	50488152	harbor1	chr3	50304978	50305233	LTR/ERV1	2395	+	128	50305106	16954
chr3	50288152	50488152	harbor1	chr3	50305833	50306021	LTR/ERV1	2395	+	94	50305927	17775
chr3	50288152	50488152	harbor1	chr3	50306024	50306564	LTR/ERV1	2367	+	270	50306294	18142
chr3	50288152	50488152	harbor1	chr3	50309030	50309182	LTR/ERV1	2292	+	76	50309106	20954
chr3	50288152	50488152	harbor1	chr3	50309485	50309688	LTR/ERV1	2292	+	102	50309587	21435
chr3	50288152	50488152	harbor1	chr3	50309786	50310263	LTR/ERV1	2292	+	238	50310024	21872
chr3	50288152	50488152	harbor1	chr3	50313340	50313494	LTR/ERV1	1704	+	77	50313417	25265
chr3	50288152	50488152	harbor1	chr3	50313797	50314006	LTR/ERV1	1704	+	104	50313901	25749
chr3	50288152	50488152	harbor1	chr3	50314007	50314445	LTR/ERV1	2633	+	219	50314226	26074
chr3	107991305	108191305	harbor1	chr3	108004049	108004862	LTR/ERV1	4649	+	406	108004455	13150
chr3	107991305	108191305	harbor1	chr3	108015103	108015632	LTR/ERV1	886	+	264	108015367	24062
chr3	107991305	108191305	harbor1	chr3	108022756	108023270	LTR/ERV1	3041	+	257	108023013	31708
chr3	107991305	108191305	harbor1	chr3	108082189	108082611	LTR/ERV1	786	+	211	108082400	91095
chr3	50278721	50478721	harbor1	chr3	50304978	50305233	LTR/ERV1	2395	+	128	50305106	26385
chr3	50278721	50478721	harbor1	chr3	50305833	50306021	LTR/ERV1	2395	+	94	50305927	27206
chr3	50278721	50478721	harbor1	chr3	50306024	50306564	LTR/ERV1	2367	+	270	50306294	27573
chr3	50278721	50478721	harbor1	chr3	50309030	50309182	LTR/ERV1	2292	+	76	50309106	30385
chr3	50278721	50478721	harbor1	chr3	50309485	50309688	LTR/ERV1	2292	+	102	50309587	30866
chr3	50278721	50478721	harbor1	chr3	50309786	50310263	LTR/ERV1	2292	+	238	50310024	31303
chr3	50278721	50478721	harbor1	chr3	50313340	50313494	LTR/ERV1	1704	+	77	50313417	34696
chr3	50278721	50478721	harbor1	chr3	50313797	50314006	LTR/ERV1	1704	+	104	50313901	35180
chr3	50278721	50478721	harbor1	chr3	50314007	50314445	LTR/ERV1	2633	+	219	50314226	35505
chr3	21855680	22055680	harbor1	chr3	21889224	21889591	LTR/ERV1	465	+	184	21889408	33728
chr3	21855680	22055680	harbor1	chr3	21911998	21912373	LTR/ERV1	1002	+	188	21912186	56506
chr3	197857923	198057923	harbor1	chr3	197935463	197935501	LTR/ERV1	1174	+	19	197935482	77559
chr3	197857923	198057923	harbor1	chr3	197935775	197935962	LTR/ERV1	1174	+	94	197935869	77946
chr3	197857923	198057923	harbor1	chr3	197935092	197935158	LTR/ERV1	1174	+	33	197935125	77202
chr3	51938306	52138306	harbor1	chr3	51990374	51991626	LTR/ERV1	8156	+	626	51991000	52694
chr3	58016450	58216450	harbor1	chr3	58018205	58018320	LTR/ERV1	621	+	58	58018263	1813
chr3	58016450	58216450	harbor1	chr3	58018818	58018846	LTR/ERV1	1408	+	14	58018832	2382
chr3	58016450	58216450	harbor1	chr3	58019149	58019481	LTR/ERV1	1408	+	166	58019315	2865
chr3	50493434	50693434	harbor1	chr3	50538693	50539032	LTR/ERV1	1048	+	170	50538863	45429
chr3	30507293	30707293	harbor1	chr3	30547100	30547314	LTR/ERV1	4055	+	107	30547207	39914
chr3	30507293	30707293	harbor1	chr3	30547617	30548157	LTR/ERV1	4055	+	270	30547887	40594
chr3	30507293	30707293	harbor1	chr3	30548611	30549045	LTR/ERV1	1760	+	217	30548828	41535
chr3	30507293	30707293	harbor1	chr3	30550270	30550841	LTR/ERV1	2766	+	286	30550556	43263
chr3	30507293	30707293	harbor1	chr3	30551834	30552400	LTR/ERV1	2272	+	283	30552117	44824
chr3	30507293	30707293	harbor1	chr3	30566188	30566682	LTR/ERV1	1853	+	247	30566435	59142
chr3	30507293	30707293	harbor1	chr3	30578394	30579148	LTR/ERV1	4336	+	377	30578771	71478
chr3	107991294	108191294	harbor1	chr3	108004049	108004862	LTR/ERV1	4649	+	406	108004455	13161
chr3	107991294	108191294	harbor1	chr3	108015103	108015632	LTR/ERV1	886	+	264	108015367	24073
chr3	107991294	108191294	harbor1	chr3	108022756	108023270	LTR/ERV1	3041	+	257	108023013	31719
chr3	107991294	108191294	harbor1	chr3	108082189	108082611	LTR/ERV1	786	+	211	108082400	91106
chr3	51939455	52139455	harbor1	chr3	51990374	51991626	LTR/ERV1	8156	+	626	51991000	51545
chr3	51932225	52132225	harbor1	chr3	51990374	51991626	LTR/ERV1	8156	+	626	51991000	58775
chr3	123544615	123744615	harbor1	chr3	123587994	123588459	LTR/ERV1	2238	+	232	123588226	43611
chr3	123544615	123744615	harbor1	chr3	123588746	123588910	LTR/ERV1	1952	+	82	123588828	44213
chr3	46799778	46999778	harbor1	chr3	46826598	46826866	LTR/ERV1	3056	+	134	46826732	26954
chr3	46799778	46999778	harbor1	chr3	46827252	46827474	LTR/ERV1	3056	+	111	46827363	27585
chr3	51939521	52139521	harbor1	chr3	51990374	51991626	LTR/ERV1	8156	+	626	51991000	51479
chr3	107991304	108191304	harbor1	chr3	108004049	108004862	LTR/ERV1	4649	+	406	108004455	13151
chr3	107991304	108191304	harbor1	chr3	108015103	108015632	LTR/ERV1	886	+	264	108015367	24063
chr3	107991304	108191304	harbor1	chr3	108022756	108023270	LTR/ERV1	3041	+	257	108023013	31709
chr3	107991304	108191304	harbor1	chr3	108082189	108082611	LTR/ERV1	786	+	211	108082400	91096
chr3	129021082	129221082	harbor1	chr3	129058382	129058924	LTR/ERV1	1794	+	271	129058653	37571
chr3	129021082	129221082	harbor1	chr3	129069292	129069886	LTR/ERV1	3375	+	297	129069589	48507
chr3	51917252	52117252	harbor1	chr3	51990374	51991626	LTR/ERV1	8156	+	626	51991000	73748
chr3	12827739	13027739	harbor1	chr3	12838704	12839006	LTR/ERV1	1541	+	151	12838855	11116
chr3	12827739	13027739	harbor1	chr3	12864714	12864779	LTR/ERV1	3432	+	32	12864746	37007
chr3	12827739	13027739	harbor1	chr3	12865090	12865561	LTR/ERV1	3432	+	236	12865326	37587
chr3	12827739	13027739	harbor1	chr3	12882708	12883979	LTR/ERV1	8097	+	636	12883344	55605
chr3	195982427	196182427	harbor1	chr3	196057095	196057539	LTR/ERV1	3512	+	222	196057317	74890
chr3	195982427	196182427	harbor1	chr3	196057840	196058276	LTR/ERV1	2118	+	218	196058058	75631
chr3	107991392	108191392	harbor1	chr3	108004049	108004862	LTR/ERV1	4649	+	406	108004455	13063
chr3	107991392	108191392	harbor1	chr3	108015103	108015632	LTR/ERV1	886	+	264	108015367	23975
chr3	107991392	108191392	harbor1	chr3	108022756	108023270	LTR/ERV1	3041	+	257	108023013	31621
chr3	107991392	108191392	harbor1	chr3	108082189	108082611	LTR/ERV1	786	+	211	108082400	91008
chr3	126256502	126456502	harbor1	chr3	126265326	126265752	LTR/ERV1	3520	+	213	126265539	9037
chr3	126256502	126456502	harbor1	chr3	126266051	126266102	LTR/ERV1	3520	+	26	126266077	9575
chr3	126256502	126456502	harbor1	chr3	126295650	126296123	LTR/ERV1	2497	+	236	126295886	39384
chr3	126256502	126456502	harbor1	chr3	126317250	126317972	LTR/ERV1	4299	+	361	126317611	61109
chr3	138334857	138534857	harbor1	chr3	138419680	138420399	LTR/ERV1	4621	+	360	138420040	85183
chr3	138334857	138534857	harbor1	chr3	138423381	138423696	LTR/ERV1	2512	+	158	138423539	88682
chr3	138334857	138534857	harbor1	chr3	138424025	138424169	LTR/ERV1	2512	+	72	138424097	89240
chr4	2656082	2856082	harbor1	chr4	2725486	2725713	LTR/ERV1	649	+	114	2725600	69518
chr4	2656082	2856082	harbor1	chr4	2726339	2726406	LTR/ERV1	649	+	34	2726373	70291
chr4	2656082	2856082	harbor1	chr4	2728985	2729680	LTR/ERV1	4094	+	348	2729333	73251
chr4	694465	894465	harbor1	chr4	694300	694889	LTR/ERV1	4882	+	294	694594	129
chr4	694465	894465	harbor1	chr4	773376	775164	LTR/ERV1	7759	+	894	774270	79805
chr4	694465	894465	harbor1	chr4	780617	780719	LTR/ERV1	538	+	51	780668	86203
chr4	694465	894465	harbor1	chr4	783580	783964	LTR/ERV1	1365	+	192	783772	89307
chr4	910346	1110346	harbor1	chr4	983209	983747	LTR/ERV1	1576	+	269	983478	73132
chr4	903149	1103149	harbor1	chr4	904804	905349	LTR/ERV1	2491	+	272	905076	1927
chr4	903149	1103149	harbor1	chr4	983209	983747	LTR/ERV1	1576	+	269	983478	80329
chr4	866511	1066511	harbor1	chr4	904804	905349	LTR/ERV1	2491	+	272	905076	38565
chr4	893424	1093424	harbor1	chr4	904804	905349	LTR/ERV1	2491	+	272	905076	11652
chr4	893424	1093424	harbor1	chr4	983209	983747	LTR/ERV1	1576	+	269	983478	90054
chr4	726100	926100	harbor1	chr4	773376	775164	LTR/ERV1	7759	+	894	774270	48170
chr4	726100	926100	harbor1	chr4	780617	780719	LTR/ERV1	538	+	51	780668	54568
chr4	726100	926100	harbor1	chr4	783580	783964	LTR/ERV1	1365	+	192	783772	57672
chr4	1420272	1620272	harbor1	chr4	1510910	1511338	LTR/ERV1	1350	+	214	1511124	90852
chr4	139456023	139656023	harbor1	chr4	139498595	139498843	LTR/ERV1	1673	+	124	139498719	42696
chr4	139456023	139656023	harbor1	chr4	139499132	139499838	LTR/ERV1	2292	+	353	139499485	43462
chr4	139456023	139656023	harbor1	chr4	139499849	139499999	LTR/ERV1	1046	+	75	139499924	43901
chr4	139456023	139656023	harbor1	chr4	139500001	139500143	LTR/ERV1	807	+	71	139500072	44049
chr4	1661985	1861985	harbor1	chr4	1713953	1714120	LTR/ERV1	934	+	84	1714037	52052
chr4	1661985	1861985	harbor1	chr4	1714560	1714965	LTR/ERV1	1639	+	202	1714762	52777
chr4	39598067	39798067	harbor1	chr4	39648705	39648844	LTR/ERV1	936	+	70	39648775	50708
chr4	39598067	39798067	harbor1	chr4	39649950	39650328	LTR/ERV1	1424	+	189	39650139	52072
chr4	39598067	39798067	harbor1	chr4	39650458	39650625	LTR/ERV1	762	+	84	39650542	52475
chr4	39598067	39798067	harbor1	chr4	39651868	39652046	LTR/ERV1	668	+	89	39651957	53890
chr4	39598067	39798067	harbor1	chr4	39652355	39652516	LTR/ERV1	1021	+	80	39652435	54368
chr4	39598067	39798067	harbor1	chr4	39652843	39652898	LTR/ERV1	1021	+	28	39652871	54804
chr4	39598067	39798067	harbor1	chr4	39653488	39653554	LTR/ERV1	1021	+	33	39653521	55454
chr4	39598067	39798067	harbor1	chr4	39649236	39649803	LTR/ERV1	1737	+	284	39649520	51453
chr4	158917337	159117337	harbor1	chr4	158927520	158929073	LTR/ERV1	10696	+	776	158928296	10959
chr4	9441130	9641130	harbor1	chr4	9476315	9480369	LTR/ERV1	28387	+	2027	9478342	37212
chr4	9441130	9641130	harbor1	chr4	9507075	9510917	LTR/ERV1	25714	+	1921	9508996	67866
chr4	9441130	9641130	harbor1	chr4	9451908	9455959	LTR/ERV1	28320	+	2026	9453934	12804
chr4	910850	1110850	harbor1	chr4	983209	983747	LTR/ERV1	1576	+	269	983478	72628
chr4	910370	1110370	harbor1	chr4	983209	983747	LTR/ERV1	1576	+	269	983478	73108
chr4	52497288	52697288	harbor1	chr4	52566511	52566969	LTR/ERV1	1223	+	229	52566740	69452
chr4	52497288	52697288	harbor1	chr4	52587528	52587869	LTR/ERV1	630	+	170	52587698	90410
chr4	52497288	52697288	harbor1	chr4	52590290	52590857	LTR/ERV1	1880	+	284	52590574	93286
chr4	128711743	128911743	harbor1	chr4	128718295	128718454	LTR/ERV1	684	+	80	128718375	6632
chr4	128711743	128911743	harbor1	chr4	128737188	128737591	LTR/ERV1	2865	+	202	128737390	25647
chr4	128711743	128911743	harbor1	chr4	128741715	128742417	LTR/ERV1	4714	+	351	128742066	30323
chr4	1420361	1620361	harbor1	chr4	1510910	1511338	LTR/ERV1	1350	+	214	1511124	90763
chr4	8767896	8967896	harbor1	chr4	8774502	8775422	LTR/ERV1	4134	+	460	8774962	7066
chr4	143414065	143614065	harbor1	chr4	143502388	143502746	LTR/ERV1	1301	+	179	143502567	88502
chr4	143414065	143614065	harbor1	chr4	143505493	143505906	LTR/ERV1	1331	+	206	143505699	91634
chr4	143414065	143614065	harbor1	chr4	143505907	143505959	LTR/ERV1	3518	+	26	143505933	91868
chr4	143414065	143614065	harbor1	chr4	143506325	143507322	LTR/ERV1	3518	+	498	143506823	92758
chr4	55295888	55495888	harbor1	chr4	55296671	55296758	LTR/ERV1	606	+	44	55296715	827
chr4	55295888	55495888	harbor1	chr4	55296759	55297157	LTR/ERV1	2525	+	199	55296958	1070
chr4	55295888	55495888	harbor1	chr4	55303433	55303538	LTR/ERV1	601	+	52	55303485	7597
chr4	55295888	55495888	harbor1	chr4	55330288	55330872	LTR/ERV1	3669	+	292	55330580	34692
chr4	55295888	55495888	harbor1	chr4	55338515	55339073	LTR/ERV1	3052	+	279	55338794	42906
chr4	55295888	55495888	harbor1	chr4	55339098	55339375	LTR/ERV1	1361	+	138	55339236	43348
chr4	55295888	55495888	harbor1	chr4	55339951	55341621	LTR/ERV1	5999	+	835	55340786	44898
chr4	55295888	55495888	harbor1	chr4	55341631	55342450	LTR/ERV1	4035	+	410	55342041	46153
chr4	55295888	55495888	harbor1	chr4	55342592	55342916	LTR/ERV1	1159	+	162	55342754	46866
chr4	55295888	55495888	harbor1	chr4	55343154	55343398	LTR/ERV1	1270	+	122	55343276	47388
chr4	55295888	55495888	harbor1	chr4	55353172	55353951	LTR/ERV1	5943	+	390	55353562	57674
chr4	55295888	55495888	harbor1	chr4	55386892	55387472	LTR/ERV1	3725	+	290	55387182	91294
chr4	55295888	55495888	harbor1	chr4	55393983	55394368	LTR/ERV1	2142	+	192	55394175	98287
chr4	866565	1066565	harbor1	chr4	904804	905349	LTR/ERV1	2491	+	272	905076	38511
chr4	15581883	15781883	harbor1	chr4	15614732	15616281	LTR/ERV1	10924	+	774	15615506	33623
chr4	15581883	15781883	harbor1	chr4	15643946	15644389	LTR/ERV1	1616	+	222	15644168	62285
chr4	139076181	139276181	harbor1	chr4	139153137	139153152	LTR/ERV1	1490	+	8	139153145	76964
chr4	139076181	139276181	harbor1	chr4	139153481	139154137	LTR/ERV1	2375	+	328	139153809	77628
chr4	139076181	139276181	harbor1	chr4	139154452	139155085	LTR/ERV1	2398	+	316	139154768	78587
chr4	139076181	139276181	harbor1	chr4	139160991	139161688	LTR/ERV1	2221	+	348	139161339	85158
chr4	139076181	139276181	harbor1	chr4	139162216	139162236	LTR/ERV1	571	+	10	139162226	86045
chr4	139076181	139276181	harbor1	chr4	139162552	139162819	LTR/ERV1	790	+	134	139162686	86505
chr4	139076181	139276181	harbor1	chr4	139163110	139163631	LTR/ERV1	790	+	260	139163370	87189
chr4	139076181	139276181	harbor1	chr4	139164275	139164353	LTR/ERV1	738	+	39	139164314	88133
chr4	139076181	139276181	harbor1	chr4	139164651	139164800	LTR/ERV1	738	+	74	139164725	88544
chr4	139076181	139276181	harbor1	chr4	139164808	139165381	LTR/ERV1	3687	+	286	139165094	88913
chr4	139076181	139276181	harbor1	chr4	139166404	139166586	LTR/ERV1	3903	+	91	139166495	90314
chr4	139076181	139276181	harbor1	chr4	139166885	139168729	LTR/ERV1	7014	+	922	139167807	91626
chr4	139076181	139276181	harbor1	chr4	139168900	139169065	LTR/ERV1	2290	+	82	139168982	92801
chr4	139076181	139276181	harbor1	chr4	139169367	139169575	LTR/ERV1	2290	+	104	139169471	93290
chr4	139076181	139276181	harbor1	chr4	139169877	139170004	LTR/ERV1	2290	+	64	139169941	93760
chr4	139076181	139276181	harbor1	chr4	139165681	139166055	LTR/ERV1	3903	+	187	139165868	89687
chr4	55295797	55495797	harbor1	chr4	55296671	55296758	LTR/ERV1	606	+	44	55296715	918
chr4	55295797	55495797	harbor1	chr4	55296759	55297157	LTR/ERV1	2525	+	199	55296958	1161
chr4	55295797	55495797	harbor1	chr4	55303433	55303538	LTR/ERV1	601	+	52	55303485	7688
chr4	55295797	55495797	harbor1	chr4	55330288	55330872	LTR/ERV1	3669	+	292	55330580	34783
chr4	55295797	55495797	harbor1	chr4	55338515	55339073	LTR/ERV1	3052	+	279	55338794	42997
chr4	55295797	55495797	harbor1	chr4	55339098	55339375	LTR/ERV1	1361	+	138	55339236	43439
chr4	55295797	55495797	harbor1	chr4	55339951	55341621	LTR/ERV1	5999	+	835	55340786	44989
chr4	55295797	55495797	harbor1	chr4	55341631	55342450	LTR/ERV1	4035	+	410	55342041	46244
chr4	55295797	55495797	harbor1	chr4	55342592	55342916	LTR/ERV1	1159	+	162	55342754	46957
chr4	55295797	55495797	harbor1	chr4	55343154	55343398	LTR/ERV1	1270	+	122	55343276	47479
chr4	55295797	55495797	harbor1	chr4	55353172	55353951	LTR/ERV1	5943	+	390	55353562	57765
chr4	55295797	55495797	harbor1	chr4	55386892	55387472	LTR/ERV1	3725	+	290	55387182	91385
chr4	55295797	55495797	harbor1	chr4	55393983	55394368	LTR/ERV1	2142	+	192	55394175	98378
chr4	866512	1066512	harbor1	chr4	904804	905349	LTR/ERV1	2491	+	272	905076	38564
chr5	10341920	10541920	harbor1	chr5	10374977	10376523	LTR/ERV1	11125	+	773	10375750	33830
chr5	10341920	10541920	harbor1	chr5	10420548	10421090	LTR/ERV1	2519	+	271	10420819	78899
chr5	10150551	10350551	harbor1	chr5	10160025	10160658	LTR/ERV1	4387	+	316	10160341	9790
chr5	10150551	10350551	harbor1	chr5	10187403	10187938	LTR/ERV1	2763	+	268	10187671	37120
chr5	150532654	150732654	harbor1	chr5	150578970	150580376	LTR/ERV1	6913	+	703	150579673	47019
chr5	6633235	6833235	harbor1	chr5	6675966	6676586	LTR/ERV1	1551	+	310	6676276	43041
chr5	10102676	10302676	harbor1	chr5	10160025	10160658	LTR/ERV1	4387	+	316	10160341	57665
chr5	10102676	10302676	harbor1	chr5	10187403	10187938	LTR/ERV1	2763	+	268	10187671	84995
chr5	10296849	10496849	harbor1	chr5	10302249	10302363	LTR/ERV1	5114	+	57	10302306	5457
chr5	10296849	10496849	harbor1	chr5	10302590	10303421	LTR/ERV1	5114	+	416	10303006	6157
chr5	10296849	10496849	harbor1	chr5	10303607	10304078	LTR/ERV1	3171	+	236	10303843	6994
chr5	10296849	10496849	harbor1	chr5	10304374	10304624	LTR/ERV1	3171	+	125	10304499	7650
chr5	10296849	10496849	harbor1	chr5	10305967	10306097	LTR/ERV1	499	+	65	10306032	9183
chr5	10296849	10496849	harbor1	chr5	10374977	10376523	LTR/ERV1	11125	+	773	10375750	78901
chr5	10184404	10384404	harbor1	chr5	10187403	10187938	LTR/ERV1	2763	+	268	10187671	3267
chr5	10184404	10384404	harbor1	chr5	10270780	10271248	LTR/ERV1	3112	+	234	10271014	86610
chr5	10184404	10384404	harbor1	chr5	10271517	10271686	LTR/ERV1	3112	+	84	10271601	87197
chr5	138846281	139046281	harbor1	chr5	138891813	138892254	LTR/ERV1	2819	+	220	138892033	45752
chr5	37740423	37940423	harbor1	chr5	37777548	37777935	LTR/ERV1	2855	+	194	37777742	37319
chr5	37740423	37940423	harbor1	chr5	37786158	37786956	LTR/ERV1	3943	+	399	37786557	46134
chr5	37740423	37940423	harbor1	chr5	37799892	37800263	LTR/ERV1	1821	+	186	37800078	59655
chr5	10341913	10541913	harbor1	chr5	10374977	10376523	LTR/ERV1	11125	+	773	10375750	33837
chr5	10341913	10541913	harbor1	chr5	10420548	10421090	LTR/ERV1	2519	+	271	10420819	78906
chr5	9879703	10079703	harbor1	chr5	9925238	9925991	LTR/ERV1	5553	+	376	9925614	45911
chr5	9879703	10079703	harbor1	chr5	9951997	9952565	LTR/ERV1	3973	+	284	9952281	72578
chr5	9879703	10079703	harbor1	chr5	9962425	9962479	LTR/ERV1	4257	+	27	9962452	82749
chr5	9879703	10079703	harbor1	chr5	9961375	9962059	LTR/ERV1	4257	+	342	9961717	82014
chr5	79136023	79336023	harbor1	chr5	79204717	79205130	LTR/ERV1	1527	+	206	79204923	68900
chr5	79136023	79336023	harbor1	chr5	79214651	79214803	LTR/ERV1	447	+	76	79214727	78704
chr5	79136023	79336023	harbor1	chr5	79216242	79216420	LTR/ERV1	863	+	89	79216331	80308
chr5	79136023	79336023	harbor1	chr5	79222892	79222954	LTR/ERV1	474	+	31	79222923	86900
chr5	10341778	10541778	harbor1	chr5	10374977	10376523	LTR/ERV1	11125	+	773	10375750	33972
chr5	10341778	10541778	harbor1	chr5	10420548	10421090	LTR/ERV1	2519	+	271	10420819	79041
chr5	177199777	177399777	harbor1	chr5	177262480	177262596	LTR/ERV1	3575	+	58	177262538	62761
chr5	177199777	177399777	harbor1	chr5	177262797	177263239	LTR/ERV1	3575	+	221	177263018	63241
chr5	175976844	176176844	harbor1	chr5	175978446	175978965	LTR/ERV1	3147	+	260	175978706	1862
chr5	175976844	176176844	harbor1	chr5	175978966	175979882	LTR/ERV1	4343	+	458	175979424	2580
chr5	175976844	176176844	harbor1	chr5	175979883	175979969	LTR/ERV1	3147	+	43	175979926	3082
chr5	175976844	176176844	harbor1	chr5	176001295	176001739	LTR/ERV1	2638	+	222	176001517	24673
chr5	175976844	176176844	harbor1	chr5	176005648	176005913	LTR/ERV1	1419	+	132	176005780	28936
chr5	175976844	176176844	harbor1	chr5	176009705	176010480	LTR/ERV1	4751	+	388	176010093	33249
chr5	73336206	73536206	harbor1	chr5	73340269	73340720	LTR/ERV1	2946	+	226	73340495	4289
chr5	73336206	73536206	harbor1	chr5	73340722	73340796	LTR/ERV1	530	+	37	73340759	4553
chr5	79136006	79336006	harbor1	chr5	79204717	79205130	LTR/ERV1	1527	+	206	79204923	68917
chr5	79136006	79336006	harbor1	chr5	79214651	79214803	LTR/ERV1	447	+	76	79214727	78721
chr5	79136006	79336006	harbor1	chr5	79216242	79216420	LTR/ERV1	863	+	89	79216331	80325
chr5	79136006	79336006	harbor1	chr5	79222892	79222954	LTR/ERV1	474	+	31	79222923	86917
chr5	181061441	181261441	harbor1	chr5	181088190	181088672	LTR/ERV1	772	+	241	181088431	26990
chr5	181061441	181261441	harbor1	chr5	181110143	181110216	LTR/ERV1	1281	+	36	181110179	48738
chr5	181061441	181261441	harbor1	chr5	181110793	181111258	LTR/ERV1	1281	+	232	181111025	49584
chr5	181061441	181261441	harbor1	chr5	181112016	181112237	LTR/ERV1	509	+	110	181112126	50685
chr5	181061441	181261441	harbor1	chr5	181113118	181113402	LTR/ERV1	1763	+	142	181113260	51819
chr5	181061441	181261441	harbor1	chr5	181116734	181117007	LTR/ERV1	1489	+	136	181116870	55429
chr5	181061441	181261441	harbor1	chr5	181117310	181117411	LTR/ERV1	1489	+	50	181117360	55919
chr5	181061441	181261441	harbor1	chr5	181120109	181120276	LTR/ERV1	499	+	84	181120193	58752
chr5	181061441	181261441	harbor1	chr5	181143004	181143459	LTR/ERV1	3079	+	228	181143232	81791
chr5	181061441	181261441	harbor1	chr5	181143464	181144035	LTR/ERV1	2430	+	286	181143750	82309
chr5	181061441	181261441	harbor1	chr5	181144531	181144723	LTR/ERV1	600	+	96	181144627	83186
chr5	181061441	181261441	harbor1	chr5	181144737	181145977	LTR/ERV1	11291	+	620	181145357	83916
chr5	181061441	181261441	harbor1	chr5	181146312	181146944	LTR/ERV1	11291	+	316	181146628	85187
chr5	181061441	181261441	harbor1	chr5	181146945	181147376	LTR/ERV1	2944	+	216	181147161	85720
chr5	10341929	10541929	harbor1	chr5	10374977	10376523	LTR/ERV1	11125	+	773	10375750	33821
chr5	10341929	10541929	harbor1	chr5	10420548	10421090	LTR/ERV1	2519	+	271	10420819	78890
chr5	4034239	4234239	harbor1	chr5	4048108	4048594	LTR/ERV1	2545	+	243	4048351	14112
chr5	4034239	4234239	harbor1	chr5	4052637	4053571	LTR/ERV1	5194	+	467	4053104	18865
chr5	1029386	1229386	harbor1	chr5	1106702	1107319	LTR/ERV1	535	+	308	1107010	77624
chr5	1029386	1229386	harbor1	chr5	1117288	1117790	LTR/ERV1	3929	+	251	1117539	88153
chr5	1029386	1229386	harbor1	chr5	1118094	1118335	LTR/ERV1	3929	+	120	1118214	88828
chr5	150964914	151164914	harbor1	chr5	150970326	150970793	LTR/ERV1	3398	+	234	150970560	5646
chr5	150964914	151164914	harbor1	chr5	151019760	151020068	LTR/ERV1	1773	+	154	151019914	55000
chr5	171287664	171487664	harbor1	chr5	171361288	171361840	LTR/ERV1	4348	+	276	171361564	73900
chr5	171287664	171487664	harbor1	chr5	171369080	171369551	LTR/ERV1	2956	+	236	171369316	81652
chr5	7622638	7822638	harbor1	chr5	7664468	7665222	LTR/ERV1	5665	+	377	7664845	42207
chr5	10311688	10511688	harbor1	chr5	10374977	10376523	LTR/ERV1	11125	+	773	10375750	64062
chr5	74950541	75150541	harbor1	chr5	74951371	74951723	LTR/ERV1	2163	+	176	74951547	1006
chr5	74950541	75150541	harbor1	chr5	74966488	74967085	LTR/ERV1	1909	+	298	74966786	16245
chr5	74950541	75150541	harbor1	chr5	74970969	74971430	LTR/ERV1	3848	+	230	74971199	20658
chr5	74950541	75150541	harbor1	chr5	74978437	74979024	LTR/ERV1	2963	+	294	74978731	28190
chr5	74950541	75150541	harbor1	chr5	74985718	74985800	LTR/ERV1	567	+	41	74985759	35218
chr5	74950541	75150541	harbor1	chr5	74986682	74987130	LTR/ERV1	2079	+	224	74986906	36365
chr5	74950541	75150541	harbor1	chr5	74987290	74987434	LTR/ERV1	829	+	72	74987362	36821
chr5	74950541	75150541	harbor1	chr5	74993799	74994225	LTR/ERV1	1509	+	213	74994012	43471
chr5	74950541	75150541	harbor1	chr5	75046771	75047290	LTR/ERV1	2644	+	260	75047031	96490
chr5	171288209	171488209	harbor1	chr5	171361288	171361840	LTR/ERV1	4348	+	276	171361564	73355
chr5	171288209	171488209	harbor1	chr5	171369080	171369551	LTR/ERV1	2956	+	236	171369316	81107
chr5	181061409	181261409	harbor1	chr5	181088190	181088672	LTR/ERV1	772	+	241	181088431	27022
chr5	181061409	181261409	harbor1	chr5	181110143	181110216	LTR/ERV1	1281	+	36	181110179	48770
chr5	181061409	181261409	harbor1	chr5	181110793	181111258	LTR/ERV1	1281	+	232	181111025	49616
chr5	181061409	181261409	harbor1	chr5	181112016	181112237	LTR/ERV1	509	+	110	181112126	50717
chr5	181061409	181261409	harbor1	chr5	181113118	181113402	LTR/ERV1	1763	+	142	181113260	51851
chr5	181061409	181261409	harbor1	chr5	181116734	181117007	LTR/ERV1	1489	+	136	181116870	55461
chr5	181061409	181261409	harbor1	chr5	181117310	181117411	LTR/ERV1	1489	+	50	181117360	55951
chr5	181061409	181261409	harbor1	chr5	181120109	181120276	LTR/ERV1	499	+	84	181120193	58784
chr5	181061409	181261409	harbor1	chr5	181143004	181143459	LTR/ERV1	3079	+	228	181143232	81823
chr5	181061409	181261409	harbor1	chr5	181143464	181144035	LTR/ERV1	2430	+	286	181143750	82341
chr5	181061409	181261409	harbor1	chr5	181144531	181144723	LTR/ERV1	600	+	96	181144627	83218
chr5	181061409	181261409	harbor1	chr5	181144737	181145977	LTR/ERV1	11291	+	620	181145357	83948
chr5	181061409	181261409	harbor1	chr5	181146312	181146944	LTR/ERV1	11291	+	316	181146628	85219
chr5	181061409	181261409	harbor1	chr5	181146945	181147376	LTR/ERV1	2944	+	216	181147161	85752
chr5	4842506	5042506	harbor1	chr5	4868629	4868980	LTR/ERV1	1775	+	176	4868805	26299
chr5	150964913	151164913	harbor1	chr5	150970326	150970793	LTR/ERV1	3398	+	234	150970560	5647
chr5	150964913	151164913	harbor1	chr5	151019760	151020068	LTR/ERV1	1773	+	154	151019914	55001
chr5	10024023	10224023	harbor1	chr5	10062523	10063080	LTR/ERV1	2781	+	278	10062801	38778
chr5	10024023	10224023	harbor1	chr5	10065298	10066850	LTR/ERV1	10971	+	776	10066074	42051
chr5	10024023	10224023	harbor1	chr5	10102224	10102655	LTR/ERV1	2428	+	216	10102440	78417
chr5	2003356	2203356	harbor1	chr5	2027327	2027899	LTR/ERV1	4130	+	286	2027613	24257
chr5	64935093	65135093	harbor1	chr5	65030482	65031284	LTR/ERV1	5987	+	401	65030883	95790
chr5	79136012	79336012	harbor1	chr5	79204717	79205130	LTR/ERV1	1527	+	206	79204923	68911
chr5	79136012	79336012	harbor1	chr5	79214651	79214803	LTR/ERV1	447	+	76	79214727	78715
chr5	79136012	79336012	harbor1	chr5	79216242	79216420	LTR/ERV1	863	+	89	79216331	80319
chr5	79136012	79336012	harbor1	chr5	79222892	79222954	LTR/ERV1	474	+	31	79222923	86911
chr5	6533033	6733033	harbor1	chr5	6533558	6534031	LTR/ERV1	2901	+	236	6533794	761
chr5	6533033	6733033	harbor1	chr5	6574997	6575253	LTR/ERV1	572	+	128	6575125	42092
chr5	6533033	6733033	harbor1	chr5	6594011	6594896	LTR/ERV1	4766	+	442	6594453	61420
chr5	126677744	126877744	harbor1	chr5	126684817	126685239	LTR/ERV1	2812	+	211	126685028	7284
chr5	10341894	10541894	harbor1	chr5	10374977	10376523	LTR/ERV1	11125	+	773	10375750	33856
chr5	10341894	10541894	harbor1	chr5	10420548	10421090	LTR/ERV1	2519	+	271	10420819	78925
chr5	10231669	10431669	harbor1	chr5	10270780	10271248	LTR/ERV1	3112	+	234	10271014	39345
chr5	10231669	10431669	harbor1	chr5	10271517	10271686	LTR/ERV1	3112	+	84	10271601	39932
chr5	10231669	10431669	harbor1	chr5	10302249	10302363	LTR/ERV1	5114	+	57	10302306	70637
chr5	10231669	10431669	harbor1	chr5	10302590	10303421	LTR/ERV1	5114	+	416	10303006	71337
chr5	10231669	10431669	harbor1	chr5	10303607	10304078	LTR/ERV1	3171	+	236	10303843	72174
chr5	10231669	10431669	harbor1	chr5	10304374	10304624	LTR/ERV1	3171	+	125	10304499	72830
chr5	10231669	10431669	harbor1	chr5	10305967	10306097	LTR/ERV1	499	+	65	10306032	74363
chr5	10150998	10350998	harbor1	chr5	10160025	10160658	LTR/ERV1	4387	+	316	10160341	9343
chr5	10150998	10350998	harbor1	chr5	10187403	10187938	LTR/ERV1	2763	+	268	10187671	36673
chr5	177199421	177399421	harbor1	chr5	177262480	177262596	LTR/ERV1	3575	+	58	177262538	63117
chr5	177199421	177399421	harbor1	chr5	177262797	177263239	LTR/ERV1	3575	+	221	177263018	63597
chr5	78709775	78909775	harbor1	chr5	78735424	78736160	LTR/ERV1	4178	+	368	78735792	26017
chr5	78709775	78909775	harbor1	chr5	78763760	78764200	LTR/ERV1	2413	+	220	78763980	54205
chr5	10339015	10539015	harbor1	chr5	10374977	10376523	LTR/ERV1	11125	+	773	10375750	36735
chr5	10339015	10539015	harbor1	chr5	10420548	10421090	LTR/ERV1	2519	+	271	10420819	81804
chr5	133904558	134104558	harbor1	chr5	133923277	133923493	LTR/ERV1	1795	+	108	133923385	18827
chr5	133904558	134104558	harbor1	chr5	133923801	133924041	LTR/ERV1	1795	+	120	133923921	19363
chr6	139275451	139475451	harbor1	chr6	139289070	139289527	LTR/ERV1	3470	+	228	139289298	13847
chr6	139275451	139475451	harbor1	chr6	139312645	139313063	LTR/ERV1	2170	+	209	139312854	37403
chr6	139275451	139475451	harbor1	chr6	139313372	139313464	LTR/ERV1	2170	+	46	139313418	37967
chr6	139275451	139475451	harbor1	chr6	139313782	139314674	LTR/ERV1	5332	+	446	139314228	38777
chr6	139275451	139475451	harbor1	chr6	139314719	139315429	LTR/ERV1	3433	+	355	139315074	39623
chr6	139275451	139475451	harbor1	chr6	139316173	139316659	LTR/ERV1	2928	+	243	139316416	40965
chr6	139275451	139475451	harbor1	chr6	139326277	139326806	LTR/ERV1	2202	+	264	139326541	51090
chr6	139275451	139475451	harbor1	chr6	139327101	139327131	LTR/ERV1	2202	+	15	139327116	51665
chr6	31056818	31256818	harbor1	chr6	31070641	31070933	LTR/ERV1	799	+	146	31070787	13969
chr6	31056818	31256818	harbor1	chr6	31070974	31071403	LTR/ERV1	757	+	214	31071188	14370
chr6	31056818	31256818	harbor1	chr6	31091141	31091464	LTR/ERV1	1881	+	162	31091303	34485
chr6	31056818	31256818	harbor1	chr6	31097601	31097829	LTR/ERV1	4483	+	114	31097715	40897
chr6	31056818	31256818	harbor1	chr6	31096801	31097290	LTR/ERV1	4483	+	244	31097045	40227
chr6	139275552	139475552	harbor1	chr6	139289070	139289527	LTR/ERV1	3470	+	228	139289298	13746
chr6	139275552	139475552	harbor1	chr6	139312645	139313063	LTR/ERV1	2170	+	209	139312854	37302
chr6	139275552	139475552	harbor1	chr6	139313372	139313464	LTR/ERV1	2170	+	46	139313418	37866
chr6	139275552	139475552	harbor1	chr6	139313782	139314674	LTR/ERV1	5332	+	446	139314228	38676
chr6	139275552	139475552	harbor1	chr6	139314719	139315429	LTR/ERV1	3433	+	355	139315074	39522
chr6	139275552	139475552	harbor1	chr6	139316173	139316659	LTR/ERV1	2928	+	243	139316416	40864
chr6	139275552	139475552	harbor1	chr6	139326277	139326806	LTR/ERV1	2202	+	264	139326541	50989
chr6	139275552	139475552	harbor1	chr6	139327101	139327131	LTR/ERV1	2202	+	15	139327116	51564
chr6	37070857	37270857	harbor1	chr6	37123524	37123722	LTR/ERV1	885	+	99	37123623	52766
chr6	37070857	37270857	harbor1	chr6	37124559	37124828	LTR/ERV1	1660	+	134	37124693	53836
chr6	139268099	139468099	harbor1	chr6	139289070	139289527	LTR/ERV1	3470	+	228	139289298	21199
chr6	139268099	139468099	harbor1	chr6	139312645	139313063	LTR/ERV1	2170	+	209	139312854	44755
chr6	139268099	139468099	harbor1	chr6	139313372	139313464	LTR/ERV1	2170	+	46	139313418	45319
chr6	139268099	139468099	harbor1	chr6	139313782	139314674	LTR/ERV1	5332	+	446	139314228	46129
chr6	139268099	139468099	harbor1	chr6	139314719	139315429	LTR/ERV1	3433	+	355	139315074	46975
chr6	139268099	139468099	harbor1	chr6	139316173	139316659	LTR/ERV1	2928	+	243	139316416	48317
chr6	139268099	139468099	harbor1	chr6	139326277	139326806	LTR/ERV1	2202	+	264	139326541	58442
chr6	139268099	139468099	harbor1	chr6	139327101	139327131	LTR/ERV1	2202	+	15	139327116	59017
chr6	89719728	89919728	harbor1	chr6	89731746	89732235	LTR/ERV1	2892	+	244	89731990	12262
chr6	89719728	89919728	harbor1	chr6	89741277	89741818	LTR/ERV1	1302	+	270	89741547	21819
chr6	89719728	89919728	harbor1	chr6	89742119	89742130	LTR/ERV1	1302	+	6	89742125	22397
chr6	89719728	89919728	harbor1	chr6	89742426	89742590	LTR/ERV1	1302	+	82	89742508	22780
chr6	89719728	89919728	harbor1	chr6	89771053	89771489	LTR/ERV1	2191	+	218	89771271	51543
chr6	89719728	89919728	harbor1	chr6	89777311	89777962	LTR/ERV1	3093	+	326	89777637	57909
chr6	89719728	89919728	harbor1	chr6	89777964	89778098	LTR/ERV1	826	+	67	89778031	58303
chr6	89719728	89919728	harbor1	chr6	89814084	89814385	LTR/ERV1	1897	+	150	89814234	94506
chr6	89719728	89919728	harbor1	chr6	89814524	89814575	LTR/ERV1	1897	+	26	89814550	94822
chr6	89719728	89919728	harbor1	chr6	89816586	89816673	LTR/ERV1	2784	+	44	89816630	96902
chr6	89719728	89919728	harbor1	chr6	89816974	89817322	LTR/ERV1	2784	+	174	89817148	97420
chr6	37070851	37270851	harbor1	chr6	37123524	37123722	LTR/ERV1	885	+	99	37123623	52772
chr6	37070851	37270851	harbor1	chr6	37124559	37124828	LTR/ERV1	1660	+	134	37124693	53842
chr6	166512562	166712562	harbor1	chr6	166515717	166516191	LTR/ERV1	3444	+	237	166515954	3392
chr6	166512562	166712562	harbor1	chr6	166555188	166555696	LTR/ERV1	2515	+	254	166555442	42880
chr6	37070872	37270872	harbor1	chr6	37123524	37123722	LTR/ERV1	885	+	99	37123623	52751
chr6	37070872	37270872	harbor1	chr6	37124559	37124828	LTR/ERV1	1660	+	134	37124693	53821
chr6	139275170	139475170	harbor1	chr6	139289070	139289527	LTR/ERV1	3470	+	228	139289298	14128
chr6	139275170	139475170	harbor1	chr6	139312645	139313063	LTR/ERV1	2170	+	209	139312854	37684
chr6	139275170	139475170	harbor1	chr6	139313372	139313464	LTR/ERV1	2170	+	46	139313418	38248
chr6	139275170	139475170	harbor1	chr6	139313782	139314674	LTR/ERV1	5332	+	446	139314228	39058
chr6	139275170	139475170	harbor1	chr6	139314719	139315429	LTR/ERV1	3433	+	355	139315074	39904
chr6	139275170	139475170	harbor1	chr6	139316173	139316659	LTR/ERV1	2928	+	243	139316416	41246
chr6	139275170	139475170	harbor1	chr6	139326277	139326806	LTR/ERV1	2202	+	264	139326541	51371
chr6	139275170	139475170	harbor1	chr6	139327101	139327131	LTR/ERV1	2202	+	15	139327116	51946
chr6	124862435	125062435	harbor1	chr6	124887366	124888196	LTR/ERV1	4901	+	415	124887781	25346
chr6	124862435	125062435	harbor1	chr6	124890407	124890840	LTR/ERV1	2646	+	216	124890623	28188
chr6	124862435	125062435	harbor1	chr6	124890841	124891791	LTR/ERV1	20904	+	475	124891316	28881
chr6	124862435	125062435	harbor1	chr6	124891792	124893381	LTR/ERV1	11377	+	794	124892586	30151
chr6	124862435	125062435	harbor1	chr6	124895435	124895584	LTR/ERV1	965	+	74	124895509	33074
chr6	124862435	125062435	harbor1	chr6	124895575	124896074	LTR/ERV1	3329	+	250	124895825	33390
chr6	124862435	125062435	harbor1	chr6	124896077	124896736	LTR/ERV1	4251	+	330	124896407	33972
chr6	124862435	125062435	harbor1	chr6	124896738	124896953	LTR/ERV1	1401	+	108	124896846	34411
chr6	124862435	125062435	harbor1	chr6	124896952	124897329	LTR/ERV1	2499	+	188	124897140	34705
chr6	124862435	125062435	harbor1	chr6	124897330	124897763	LTR/ERV1	2702	+	216	124897546	35111
chr6	124862435	125062435	harbor1	chr6	124926296	124926423	LTR/ERV1	465	+	64	124926360	63925
chr6	124862435	125062435	harbor1	chr6	124893382	124895455	LTR/ERV1	20904	+	1036	124894418	31983
chr6	11481954	11681954	harbor1	chr6	11497556	11497821	LTR/ERV1	478	+	132	11497688	15734
chr6	37070827	37270827	harbor1	chr6	37123524	37123722	LTR/ERV1	885	+	99	37123623	52796
chr6	37070827	37270827	harbor1	chr6	37124559	37124828	LTR/ERV1	1660	+	134	37124693	53866
chr6	7626957	7826957	harbor1	chr6	7668248	7668579	LTR/ERV1	460	+	166	7668414	41457
chr6	7626957	7826957	harbor1	chr6	7699068	7699141	LTR/ERV1	3769	+	36	7699104	72147
chr6	7626957	7826957	harbor1	chr6	7699446	7699990	LTR/ERV1	3769	+	272	7699718	72761
chr6	7626957	7826957	harbor1	chr6	7710556	7710726	LTR/ERV1	591	+	85	7710641	83684
chr6	107387585	107587585	harbor1	chr6	107481327	107481404	LTR/ERV1	534	+	38	107481365	93780
chr6	107387585	107587585	harbor1	chr6	107482583	107482851	LTR/ERV1	1386	+	134	107482717	95132
chr6	107387585	107587585	harbor1	chr6	107483063	107483128	LTR/ERV1	1386	+	32	107483095	95510
chr6	31970478	32170478	harbor1	chr6	32054772	32055346	LTR/ERV1	2501	+	287	32055059	84581
chr6	107722375	107922375	harbor1	chr6	107740478	107741053	LTR/ERV1	1804	+	288	107740766	18391
chr6	107722375	107922375	harbor1	chr6	107743252	107743424	LTR/ERV1	546	+	86	107743338	20963
chr6	107722375	107922375	harbor1	chr6	107765565	107765632	LTR/ERV1	461	+	34	107765599	43224
chr6	139274146	139474146	harbor1	chr6	139289070	139289527	LTR/ERV1	3470	+	228	139289298	15152
chr6	139274146	139474146	harbor1	chr6	139312645	139313063	LTR/ERV1	2170	+	209	139312854	38708
chr6	139274146	139474146	harbor1	chr6	139313372	139313464	LTR/ERV1	2170	+	46	139313418	39272
chr6	139274146	139474146	harbor1	chr6	139313782	139314674	LTR/ERV1	5332	+	446	139314228	40082
chr6	139274146	139474146	harbor1	chr6	139314719	139315429	LTR/ERV1	3433	+	355	139315074	40928
chr6	139274146	139474146	harbor1	chr6	139316173	139316659	LTR/ERV1	2928	+	243	139316416	42270
chr6	139274146	139474146	harbor1	chr6	139326277	139326806	LTR/ERV1	2202	+	264	139326541	52395
chr6	139274146	139474146	harbor1	chr6	139327101	139327131	LTR/ERV1	2202	+	15	139327116	52970
chr6	77363005	77563005	harbor1	chr6	77374880	77375292	LTR/ERV1	2425	+	206	77375086	12081
chr6	77363005	77563005	harbor1	chr6	77390354	77390755	LTR/ERV1	1729	+	200	77390554	27549
chr6	77363005	77563005	harbor1	chr6	77400193	77400806	LTR/ERV1	1739	+	306	77400499	37494
chr6	77363005	77563005	harbor1	chr6	77432541	77432903	LTR/ERV1	736	+	181	77432722	69717
chr6	77363005	77563005	harbor1	chr6	77432895	77433085	LTR/ERV1	821	+	95	77432990	69985
chr6	139274683	139474683	harbor1	chr6	139289070	139289527	LTR/ERV1	3470	+	228	139289298	14615
chr6	139274683	139474683	harbor1	chr6	139312645	139313063	LTR/ERV1	2170	+	209	139312854	38171
chr6	139274683	139474683	harbor1	chr6	139313372	139313464	LTR/ERV1	2170	+	46	139313418	38735
chr6	139274683	139474683	harbor1	chr6	139313782	139314674	LTR/ERV1	5332	+	446	139314228	39545
chr6	139274683	139474683	harbor1	chr6	139314719	139315429	LTR/ERV1	3433	+	355	139315074	40391
chr6	139274683	139474683	harbor1	chr6	139316173	139316659	LTR/ERV1	2928	+	243	139316416	41733
chr6	139274683	139474683	harbor1	chr6	139326277	139326806	LTR/ERV1	2202	+	264	139326541	51858
chr6	139274683	139474683	harbor1	chr6	139327101	139327131	LTR/ERV1	2202	+	15	139327116	52433
chr6	169864005	170064005	harbor1	chr6	169911820	169912564	LTR/ERV1	4306	+	372	169912192	48187
chr6	30784323	30984323	harbor1	chr6	30841963	30842526	LTR/ERV1	4336	+	282	30842245	57922
chr6	30784323	30984323	harbor1	chr6	30842841	30843108	LTR/ERV1	4336	+	134	30842975	58652
chr6	30784323	30984323	harbor1	chr6	30843329	30843669	LTR/ERV1	1414	+	170	30843499	59176
chr6	30784323	30984323	harbor1	chr6	30872964	30873340	LTR/ERV1	1679	+	188	30873152	88829
chr6	30784323	30984323	harbor1	chr6	30873900	30874198	LTR/ERV1	3738	+	149	30874049	89726
chr6	30784323	30984323	harbor1	chr6	30874515	30874751	LTR/ERV1	3738	+	118	30874633	90310
chr6	30784323	30984323	harbor1	chr6	30875227	30875808	LTR/ERV1	3251	+	290	30875517	91194
chr6	37070831	37270831	harbor1	chr6	37123524	37123722	LTR/ERV1	885	+	99	37123623	52792
chr6	37070831	37270831	harbor1	chr6	37124559	37124828	LTR/ERV1	1660	+	134	37124693	53862
chr6	100355730	100555730	harbor1	chr6	100415696	100416261	LTR/ERV1	4552	+	282	100415978	60248
chr6	37070836	37270836	harbor1	chr6	37123524	37123722	LTR/ERV1	885	+	99	37123623	52787
chr6	37070836	37270836	harbor1	chr6	37124559	37124828	LTR/ERV1	1660	+	134	37124693	53857
chr6	10421300	10621300	harbor1	chr6	10449809	10450126	LTR/ERV1	2311	+	158	10449967	28667
chr6	10421300	10621300	harbor1	chr6	10491487	10492779	LTR/ERV1	5062	+	646	10492133	70833
chr6	139275445	139475445	harbor1	chr6	139289070	139289527	LTR/ERV1	3470	+	228	139289298	13853
chr6	139275445	139475445	harbor1	chr6	139312645	139313063	LTR/ERV1	2170	+	209	139312854	37409
chr6	139275445	139475445	harbor1	chr6	139313372	139313464	LTR/ERV1	2170	+	46	139313418	37973
chr6	139275445	139475445	harbor1	chr6	139313782	139314674	LTR/ERV1	5332	+	446	139314228	38783
chr6	139275445	139475445	harbor1	chr6	139314719	139315429	LTR/ERV1	3433	+	355	139315074	39629
chr6	139275445	139475445	harbor1	chr6	139316173	139316659	LTR/ERV1	2928	+	243	139316416	40971
chr6	139275445	139475445	harbor1	chr6	139326277	139326806	LTR/ERV1	2202	+	264	139326541	51096
chr6	139275445	139475445	harbor1	chr6	139327101	139327131	LTR/ERV1	2202	+	15	139327116	51671
chr6	7626988	7826988	harbor1	chr6	7668248	7668579	LTR/ERV1	460	+	166	7668414	41426
chr6	7626988	7826988	harbor1	chr6	7699068	7699141	LTR/ERV1	3769	+	36	7699104	72116
chr6	7626988	7826988	harbor1	chr6	7699446	7699990	LTR/ERV1	3769	+	272	7699718	72730
chr6	7626988	7826988	harbor1	chr6	7710556	7710726	LTR/ERV1	591	+	85	7710641	83653
chr6	37070816	37270816	harbor1	chr6	37123524	37123722	LTR/ERV1	885	+	99	37123623	52807
chr6	37070816	37270816	harbor1	chr6	37124559	37124828	LTR/ERV1	1660	+	134	37124693	53877
chr6	30366671	30566671	harbor1	chr6	30405806	30406317	LTR/ERV1	1599	+	256	30406062	39391
chr6	30366671	30566671	harbor1	chr6	30442291	30442831	LTR/ERV1	1300	+	270	30442561	75890
chr6	30366671	30566671	harbor1	chr6	30457693	30458430	LTR/ERV1	1410	+	368	30458061	91390
chr6	139274657	139474657	harbor1	chr6	139289070	139289527	LTR/ERV1	3470	+	228	139289298	14641
chr6	139274657	139474657	harbor1	chr6	139312645	139313063	LTR/ERV1	2170	+	209	139312854	38197
chr6	139274657	139474657	harbor1	chr6	139313372	139313464	LTR/ERV1	2170	+	46	139313418	38761
chr6	139274657	139474657	harbor1	chr6	139313782	139314674	LTR/ERV1	5332	+	446	139314228	39571
chr6	139274657	139474657	harbor1	chr6	139314719	139315429	LTR/ERV1	3433	+	355	139315074	40417
chr6	139274657	139474657	harbor1	chr6	139316173	139316659	LTR/ERV1	2928	+	243	139316416	41759
chr6	139274657	139474657	harbor1	chr6	139326277	139326806	LTR/ERV1	2202	+	264	139326541	51884
chr6	139274657	139474657	harbor1	chr6	139327101	139327131	LTR/ERV1	2202	+	15	139327116	52459
chr6	37070849	37270849	harbor1	chr6	37123524	37123722	LTR/ERV1	885	+	99	37123623	52774
chr6	37070849	37270849	harbor1	chr6	37124559	37124828	LTR/ERV1	1660	+	134	37124693	53844
chr6	147104160	147304160	harbor1	chr6	147111195	147111321	LTR/ERV1	463	+	63	147111258	7098
chr6	147104160	147304160	harbor1	chr6	147145376	147145782	LTR/ERV1	1001	+	203	147145579	41419
chr6	147104160	147304160	harbor1	chr6	147166341	147166891	LTR/ERV1	2856	+	275	147166616	62456
chr6	147104160	147304160	harbor1	chr6	147181019	147181514	LTR/ERV1	3020	+	248	147181267	77107
chr6	147104160	147304160	harbor1	chr6	147194694	147194826	LTR/ERV1	3677	+	66	147194760	90600
chr6	147104160	147304160	harbor1	chr6	147193829	147194403	LTR/ERV1	3677	+	287	147194116	89956
chr6	37070846	37270846	harbor1	chr6	37123524	37123722	LTR/ERV1	885	+	99	37123623	52777
chr6	37070846	37270846	harbor1	chr6	37124559	37124828	LTR/ERV1	1660	+	134	37124693	53847
chr6	37070848	37270848	harbor1	chr6	37123524	37123722	LTR/ERV1	885	+	99	37123623	52775
chr6	37070848	37270848	harbor1	chr6	37124559	37124828	LTR/ERV1	1660	+	134	37124693	53845
chr6	36343280	36543280	harbor1	chr6	36346101	36346591	LTR/ERV1	2626	+	245	36346346	3066
chr6	36343280	36543280	harbor1	chr6	36396211	36397248	LTR/ERV1	5271	+	518	36396729	53449
chr6	37070843	37270843	harbor1	chr6	37123524	37123722	LTR/ERV1	885	+	99	37123623	52780
chr6	37070843	37270843	harbor1	chr6	37124559	37124828	LTR/ERV1	1660	+	134	37124693	53850
chr6	52184786	52384786	harbor1	chr6	52211354	52212093	LTR/ERV1	3586	+	370	52211724	26938
chr6	52184786	52384786	harbor1	chr6	52217856	52218281	LTR/ERV1	1631	+	212	52218068	33282
chr6	52184744	52384744	harbor1	chr6	52211354	52212093	LTR/ERV1	3586	+	370	52211724	26980
chr6	52184744	52384744	harbor1	chr6	52217856	52218281	LTR/ERV1	1631	+	212	52218068	33324
chr6	169864011	170064011	harbor1	chr6	169911820	169912564	LTR/ERV1	4306	+	372	169912192	48181
chr6	10422562	10622562	harbor1	chr6	10449809	10450126	LTR/ERV1	2311	+	158	10449967	27405
chr6	10422562	10622562	harbor1	chr6	10491487	10492779	LTR/ERV1	5062	+	646	10492133	69571
chr6	42878982	43078982	harbor1	chr6	42954338	42954909	LTR/ERV1	4582	+	286	42954624	75642
chr6	147104106	147304106	harbor1	chr6	147111195	147111321	LTR/ERV1	463	+	63	147111258	7152
chr6	147104106	147304106	harbor1	chr6	147145376	147145782	LTR/ERV1	1001	+	203	147145579	41473
chr6	147104106	147304106	harbor1	chr6	147166341	147166891	LTR/ERV1	2856	+	275	147166616	62510
chr6	147104106	147304106	harbor1	chr6	147181019	147181514	LTR/ERV1	3020	+	248	147181267	77161
chr6	147104106	147304106	harbor1	chr6	147194694	147194826	LTR/ERV1	3677	+	66	147194760	90654
chr6	147104106	147304106	harbor1	chr6	147193829	147194403	LTR/ERV1	3677	+	287	147194116	90010
chr6	110248805	110448805	harbor1	chr6	110325564	110325625	LTR/ERV1	1059	+	30	110325594	76789
chr6	110248805	110448805	harbor1	chr6	110325965	110326513	LTR/ERV1	2225	+	274	110326239	77434
chr6	7626967	7826967	harbor1	chr6	7668248	7668579	LTR/ERV1	460	+	166	7668414	41447
chr6	7626967	7826967	harbor1	chr6	7699068	7699141	LTR/ERV1	3769	+	36	7699104	72137
chr6	7626967	7826967	harbor1	chr6	7699446	7699990	LTR/ERV1	3769	+	272	7699718	72751
chr6	7626967	7826967	harbor1	chr6	7710556	7710726	LTR/ERV1	591	+	85	7710641	83674
chr6	31996362	32196362	harbor1	chr6	32054772	32055346	LTR/ERV1	2501	+	287	32055059	58697
chr6	104840667	105040667	harbor1	chr6	104862554	104862908	LTR/ERV1	1602	+	177	104862731	22064
chr6	104840667	105040667	harbor1	chr6	104885364	104886114	LTR/ERV1	2794	+	375	104885739	45072
chr6	104840667	105040667	harbor1	chr6	104886498	104886615	LTR/ERV1	566	+	58	104886556	45889
chr6	104840667	105040667	harbor1	chr6	104887988	104888369	LTR/ERV1	2047	+	190	104888178	47511
chr6	104840667	105040667	harbor1	chr6	104930795	104931369	LTR/ERV1	1288	+	287	104931082	90415
chr6	104840667	105040667	harbor1	chr6	104933891	104934356	LTR/ERV1	557	+	232	104934123	93456
chr6	139274673	139474673	harbor1	chr6	139289070	139289527	LTR/ERV1	3470	+	228	139289298	14625
chr6	139274673	139474673	harbor1	chr6	139312645	139313063	LTR/ERV1	2170	+	209	139312854	38181
chr6	139274673	139474673	harbor1	chr6	139313372	139313464	LTR/ERV1	2170	+	46	139313418	38745
chr6	139274673	139474673	harbor1	chr6	139313782	139314674	LTR/ERV1	5332	+	446	139314228	39555
chr6	139274673	139474673	harbor1	chr6	139314719	139315429	LTR/ERV1	3433	+	355	139315074	40401
chr6	139274673	139474673	harbor1	chr6	139316173	139316659	LTR/ERV1	2928	+	243	139316416	41743
chr6	139274673	139474673	harbor1	chr6	139326277	139326806	LTR/ERV1	2202	+	264	139326541	51868
chr6	139274673	139474673	harbor1	chr6	139327101	139327131	LTR/ERV1	2202	+	15	139327116	52443
chr6	30366631	30566631	harbor1	chr6	30405806	30406317	LTR/ERV1	1599	+	256	30406062	39431
chr6	30366631	30566631	harbor1	chr6	30442291	30442831	LTR/ERV1	1300	+	270	30442561	75930
chr6	30366631	30566631	harbor1	chr6	30457693	30458430	LTR/ERV1	1410	+	368	30458061	91430
chr6	52184830	52384830	harbor1	chr6	52211354	52212093	LTR/ERV1	3586	+	370	52211724	26894
chr6	52184830	52384830	harbor1	chr6	52217856	52218281	LTR/ERV1	1631	+	212	52218068	33238
chr6	139274467	139474467	harbor1	chr6	139289070	139289527	LTR/ERV1	3470	+	228	139289298	14831
chr6	139274467	139474467	harbor1	chr6	139312645	139313063	LTR/ERV1	2170	+	209	139312854	38387
chr6	139274467	139474467	harbor1	chr6	139313372	139313464	LTR/ERV1	2170	+	46	139313418	38951
chr6	139274467	139474467	harbor1	chr6	139313782	139314674	LTR/ERV1	5332	+	446	139314228	39761
chr6	139274467	139474467	harbor1	chr6	139314719	139315429	LTR/ERV1	3433	+	355	139315074	40607
chr6	139274467	139474467	harbor1	chr6	139316173	139316659	LTR/ERV1	2928	+	243	139316416	41949
chr6	139274467	139474467	harbor1	chr6	139326277	139326806	LTR/ERV1	2202	+	264	139326541	52074
chr6	139274467	139474467	harbor1	chr6	139327101	139327131	LTR/ERV1	2202	+	15	139327116	52649
chr6	33522121	33722121	harbor1	chr6	33532208	33533731	LTR/ERV1	10429	+	762	33532970	10849
chr6	139274604	139474604	harbor1	chr6	139289070	139289527	LTR/ERV1	3470	+	228	139289298	14694
chr6	139274604	139474604	harbor1	chr6	139312645	139313063	LTR/ERV1	2170	+	209	139312854	38250
chr6	139274604	139474604	harbor1	chr6	139313372	139313464	LTR/ERV1	2170	+	46	139313418	38814
chr6	139274604	139474604	harbor1	chr6	139313782	139314674	LTR/ERV1	5332	+	446	139314228	39624
chr6	139274604	139474604	harbor1	chr6	139314719	139315429	LTR/ERV1	3433	+	355	139315074	40470
chr6	139274604	139474604	harbor1	chr6	139316173	139316659	LTR/ERV1	2928	+	243	139316416	41812
chr6	139274604	139474604	harbor1	chr6	139326277	139326806	LTR/ERV1	2202	+	264	139326541	51937
chr6	139274604	139474604	harbor1	chr6	139327101	139327131	LTR/ERV1	2202	+	15	139327116	52512
chr6	147104102	147304102	harbor1	chr6	147111195	147111321	LTR/ERV1	463	+	63	147111258	7156
chr6	147104102	147304102	harbor1	chr6	147145376	147145782	LTR/ERV1	1001	+	203	147145579	41477
chr6	147104102	147304102	harbor1	chr6	147166341	147166891	LTR/ERV1	2856	+	275	147166616	62514
chr6	147104102	147304102	harbor1	chr6	147181019	147181514	LTR/ERV1	3020	+	248	147181267	77165
chr6	147104102	147304102	harbor1	chr6	147194694	147194826	LTR/ERV1	3677	+	66	147194760	90658
chr6	147104102	147304102	harbor1	chr6	147193829	147194403	LTR/ERV1	3677	+	287	147194116	90014
chr6	139275131	139475131	harbor1	chr6	139289070	139289527	LTR/ERV1	3470	+	228	139289298	14167
chr6	139275131	139475131	harbor1	chr6	139312645	139313063	LTR/ERV1	2170	+	209	139312854	37723
chr6	139275131	139475131	harbor1	chr6	139313372	139313464	LTR/ERV1	2170	+	46	139313418	38287
chr6	139275131	139475131	harbor1	chr6	139313782	139314674	LTR/ERV1	5332	+	446	139314228	39097
chr6	139275131	139475131	harbor1	chr6	139314719	139315429	LTR/ERV1	3433	+	355	139315074	39943
chr6	139275131	139475131	harbor1	chr6	139316173	139316659	LTR/ERV1	2928	+	243	139316416	41285
chr6	139275131	139475131	harbor1	chr6	139326277	139326806	LTR/ERV1	2202	+	264	139326541	51410
chr6	139275131	139475131	harbor1	chr6	139327101	139327131	LTR/ERV1	2202	+	15	139327116	51985
chr6	79847089	80047089	harbor1	chr6	79858768	79859313	LTR/ERV1	2194	+	272	79859040	11951
chr6	165559697	165759697	harbor1	chr6	165585800	165586254	LTR/ERV1	1367	+	227	165586027	26330
chr6	150799534	150999534	harbor1	chr6	150849127	150849867	LTR/ERV1	4588	+	370	150849497	49963
chr6	150799534	150999534	harbor1	chr6	150849884	150850652	LTR/ERV1	6144	+	384	150850268	50734
chr6	150799534	150999534	harbor1	chr6	150850651	150855902	LTR/ERV1	45261	+	2626	150853277	53743
chr6	150799534	150999534	harbor1	chr6	150855903	150856692	LTR/ERV1	5014	+	394	150856297	56763
chr6	139275443	139475443	harbor1	chr6	139289070	139289527	LTR/ERV1	3470	+	228	139289298	13855
chr6	139275443	139475443	harbor1	chr6	139312645	139313063	LTR/ERV1	2170	+	209	139312854	37411
chr6	139275443	139475443	harbor1	chr6	139313372	139313464	LTR/ERV1	2170	+	46	139313418	37975
chr6	139275443	139475443	harbor1	chr6	139313782	139314674	LTR/ERV1	5332	+	446	139314228	38785
chr6	139275443	139475443	harbor1	chr6	139314719	139315429	LTR/ERV1	3433	+	355	139315074	39631
chr6	139275443	139475443	harbor1	chr6	139316173	139316659	LTR/ERV1	2928	+	243	139316416	40973
chr6	139275443	139475443	harbor1	chr6	139326277	139326806	LTR/ERV1	2202	+	264	139326541	51098
chr6	139275443	139475443	harbor1	chr6	139327101	139327131	LTR/ERV1	2202	+	15	139327116	51673
chr6	139275520	139475520	harbor1	chr6	139289070	139289527	LTR/ERV1	3470	+	228	139289298	13778
chr6	139275520	139475520	harbor1	chr6	139312645	139313063	LTR/ERV1	2170	+	209	139312854	37334
chr6	139275520	139475520	harbor1	chr6	139313372	139313464	LTR/ERV1	2170	+	46	139313418	37898
chr6	139275520	139475520	harbor1	chr6	139313782	139314674	LTR/ERV1	5332	+	446	139314228	38708
chr6	139275520	139475520	harbor1	chr6	139314719	139315429	LTR/ERV1	3433	+	355	139315074	39554
chr6	139275520	139475520	harbor1	chr6	139316173	139316659	LTR/ERV1	2928	+	243	139316416	40896
chr6	139275520	139475520	harbor1	chr6	139326277	139326806	LTR/ERV1	2202	+	264	139326541	51021
chr6	139275520	139475520	harbor1	chr6	139327101	139327131	LTR/ERV1	2202	+	15	139327116	51596
chr6	37070864	37270864	harbor1	chr6	37123524	37123722	LTR/ERV1	885	+	99	37123623	52759
chr6	37070864	37270864	harbor1	chr6	37124559	37124828	LTR/ERV1	1660	+	134	37124693	53829
chr6	43355517	43555517	harbor1	chr6	43370198	43370576	LTR/ERV1	2512	+	189	43370387	14870
chr6	43355517	43555517	harbor1	chr6	43390787	43391249	LTR/ERV1	3155	+	231	43391018	35501
chr6	43355517	43555517	harbor1	chr6	43391385	43391512	LTR/ERV1	962	+	64	43391449	35932
chr6	43355517	43555517	harbor1	chr6	43391529	43393150	LTR/ERV1	8588	+	810	43392339	36822
chr6	43355517	43555517	harbor1	chr6	43393151	43393604	LTR/ERV1	3470	+	226	43393377	37860
chr6	43355517	43555517	harbor1	chr6	43396148	43397096	LTR/ERV1	6179	+	474	43396622	41105
chr6	43355517	43555517	harbor1	chr6	43397095	43397163	LTR/ERV1	8258	+	34	43397129	41612
chr6	43355517	43555517	harbor1	chr6	43397454	43398399	LTR/ERV1	8258	+	472	43397926	42409
chr6	43355517	43555517	harbor1	chr6	43398701	43398848	LTR/ERV1	8258	+	74	43398775	43258
chr6	43355517	43555517	harbor1	chr6	43399162	43399771	LTR/ERV1	8258	+	304	43399466	43949
chr6	43355517	43555517	harbor1	chr6	43399833	43400430	LTR/ERV1	4506	+	298	43400131	44614
chr6	43355517	43555517	harbor1	chr6	43412605	43414113	LTR/ERV1	6530	+	754	43413359	57842
chr6	146813054	147013054	harbor1	chr6	146823314	146823509	LTR/ERV1	584	+	98	146823412	10358
chr6	146813054	147013054	harbor1	chr6	146828135	146828928	LTR/ERV1	4113	+	396	146828531	15477
chr6	146813054	147013054	harbor1	chr6	146829859	146830716	LTR/ERV1	5082	+	428	146830287	17233
chr6	146813054	147013054	harbor1	chr6	146879944	146880550	LTR/ERV1	3916	+	303	146880247	67193
chr6	146813054	147013054	harbor1	chr6	146883926	146884252	LTR/ERV1	1894	+	163	146884089	71035
chr6	166512135	166712135	harbor1	chr6	166515717	166516191	LTR/ERV1	3444	+	237	166515954	3819
chr6	166512135	166712135	harbor1	chr6	166555188	166555696	LTR/ERV1	2515	+	254	166555442	43307
chr6	43815149	44015149	harbor1	chr6	43901672	43902504	LTR/ERV1	1486	+	416	43902088	86939
chr6	139274545	139474545	harbor1	chr6	139289070	139289527	LTR/ERV1	3470	+	228	139289298	14753
chr6	139274545	139474545	harbor1	chr6	139312645	139313063	LTR/ERV1	2170	+	209	139312854	38309
chr6	139274545	139474545	harbor1	chr6	139313372	139313464	LTR/ERV1	2170	+	46	139313418	38873
chr6	139274545	139474545	harbor1	chr6	139313782	139314674	LTR/ERV1	5332	+	446	139314228	39683
chr6	139274545	139474545	harbor1	chr6	139314719	139315429	LTR/ERV1	3433	+	355	139315074	40529
chr6	139274545	139474545	harbor1	chr6	139316173	139316659	LTR/ERV1	2928	+	243	139316416	41871
chr6	139274545	139474545	harbor1	chr6	139326277	139326806	LTR/ERV1	2202	+	264	139326541	51996
chr6	139274545	139474545	harbor1	chr6	139327101	139327131	LTR/ERV1	2202	+	15	139327116	52571
chr6	7626958	7826958	harbor1	chr6	7668248	7668579	LTR/ERV1	460	+	166	7668414	41456
chr6	7626958	7826958	harbor1	chr6	7699068	7699141	LTR/ERV1	3769	+	36	7699104	72146
chr6	7626958	7826958	harbor1	chr6	7699446	7699990	LTR/ERV1	3769	+	272	7699718	72760
chr6	7626958	7826958	harbor1	chr6	7710556	7710726	LTR/ERV1	591	+	85	7710641	83683
chr6	144187246	144387246	harbor1	chr6	144202702	144203152	LTR/ERV1	2850	+	225	144202927	15681
chr6	144187246	144387246	harbor1	chr6	144203560	144203682	LTR/ERV1	912	+	61	144203621	16375
chr6	144187246	144387246	harbor1	chr6	144210431	144210728	LTR/ERV1	1497	+	148	144210579	23333
chr6	144187246	144387246	harbor1	chr6	144222586	144222922	LTR/ERV1	4130	+	168	144222754	35508
chr6	144187246	144387246	harbor1	chr6	144223221	144223584	LTR/ERV1	4130	+	182	144223403	36157
chr6	144187246	144387246	harbor1	chr6	144253310	144253714	LTR/ERV1	1220	+	202	144253512	66266
chr6	144187246	144387246	harbor1	chr6	144263176	144263534	LTR/ERV1	2532	+	179	144263355	76109
chr6	52184746	52384746	harbor1	chr6	52211354	52212093	LTR/ERV1	3586	+	370	52211724	26978
chr6	52184746	52384746	harbor1	chr6	52217856	52218281	LTR/ERV1	1631	+	212	52218068	33322
chr6	169863372	170063372	harbor1	chr6	169911820	169912564	LTR/ERV1	4306	+	372	169912192	48820
chr6	166855964	167055964	harbor1	chr6	166891080	166891601	LTR/ERV1	4106	+	260	166891340	35376
chr6	166855964	167055964	harbor1	chr6	166891602	166897615	LTR/ERV1	49665	+	3006	166894608	38644
chr6	166855964	167055964	harbor1	chr6	166897638	166897929	LTR/ERV1	2561	+	146	166897784	41820
chr6	166855964	167055964	harbor1	chr6	166897930	166898253	LTR/ERV1	2661	+	162	166898092	42128
chr6	166855964	167055964	harbor1	chr6	166902562	166902687	LTR/ERV1	791	+	62	166902624	46660
chr6	166855964	167055964	harbor1	chr6	166914032	166914490	LTR/ERV1	2398	+	229	166914261	58297
chr6	166855964	167055964	harbor1	chr6	166914752	166914901	LTR/ERV1	533	+	74	166914826	58862
chr6	166855964	167055964	harbor1	chr6	166914931	166915129	LTR/ERV1	1866	+	99	166915030	59066
chr6	166855964	167055964	harbor1	chr6	166915982	166916453	LTR/ERV1	1866	+	236	166916218	60254
chr6	166855964	167055964	harbor1	chr6	166916464	166918224	LTR/ERV1	3602	+	880	166917344	61380
chr6	166855964	167055964	harbor1	chr6	166918535	166918706	LTR/ERV1	1728	+	86	166918621	62657
chr6	166855964	167055964	harbor1	chr6	166920931	166921179	LTR/ERV1	1131	+	124	166921055	65091
chr6	166855964	167055964	harbor1	chr6	166921182	166921624	LTR/ERV1	1654	+	221	166921403	65439
chr6	166855964	167055964	harbor1	chr6	166921632	166922075	LTR/ERV1	2414	+	222	166921854	65890
chr6	166855964	167055964	harbor1	chr6	166918829	166920936	LTR/ERV1	4615	+	1054	166919883	63919
chr6	56854700	57054700	harbor1	chr6	56870110	56870432	LTR/ERV1	2512	+	161	56870271	15571
chr6	56854700	57054700	harbor1	chr6	56906232	56906849	LTR/ERV1	4184	+	308	56906540	51840
chr6	56854700	57054700	harbor1	chr6	56908575	56909128	LTR/ERV1	4500	+	276	56908851	54151
chr6	56854700	57054700	harbor1	chr6	56932783	56933543	LTR/ERV1	4996	+	380	56933163	78463
chr6	139275141	139475141	harbor1	chr6	139289070	139289527	LTR/ERV1	3470	+	228	139289298	14157
chr6	139275141	139475141	harbor1	chr6	139312645	139313063	LTR/ERV1	2170	+	209	139312854	37713
chr6	139275141	139475141	harbor1	chr6	139313372	139313464	LTR/ERV1	2170	+	46	139313418	38277
chr6	139275141	139475141	harbor1	chr6	139313782	139314674	LTR/ERV1	5332	+	446	139314228	39087
chr6	139275141	139475141	harbor1	chr6	139314719	139315429	LTR/ERV1	3433	+	355	139315074	39933
chr6	139275141	139475141	harbor1	chr6	139316173	139316659	LTR/ERV1	2928	+	243	139316416	41275
chr6	139275141	139475141	harbor1	chr6	139326277	139326806	LTR/ERV1	2202	+	264	139326541	51400
chr6	139275141	139475141	harbor1	chr6	139327101	139327131	LTR/ERV1	2202	+	15	139327116	51975
chr6	151197903	151397903	harbor1	chr6	151212766	151213003	LTR/ERV1	4491	+	118	151212884	14981
chr6	151197903	151397903	harbor1	chr6	151213302	151213826	LTR/ERV1	4491	+	262	151213564	15661
chr6	151197903	151397903	harbor1	chr6	151229099	151229724	LTR/ERV1	4582	+	312	151229411	31508
chr6	158436948	158636948	harbor1	chr6	158441649	158442140	LTR/ERV1	828	+	246	158441895	4947
chr6	158436948	158636948	harbor1	chr6	158517054	158517339	LTR/ERV1	681	+	142	158517196	80248
chr6	158436948	158636948	harbor1	chr6	158517622	158517684	LTR/ERV1	681	+	31	158517653	80705
chr6	2665182	2865182	harbor1	chr6	2710287	2710775	LTR/ERV1	2836	+	244	2710531	45349
chr6	2665182	2865182	harbor1	chr6	2714116	2714572	LTR/ERV1	2523	+	228	2714344	49162
chr6	107857147	108057147	harbor1	chr6	107948610	107949098	LTR/ERV1	1848	+	244	107948854	91707
chr6	31172336	31372336	harbor1	chr6	31195281	31196824	LTR/ERV1	11221	+	772	31196053	23717
chr6	31172336	31372336	harbor1	chr6	31203451	31204048	LTR/ERV1	3896	+	298	31203749	31413
chr6	31172336	31372336	harbor1	chr6	31204049	31204390	LTR/ERV1	37663	+	170	31204219	31883
chr6	31172336	31372336	harbor1	chr6	31204692	31205332	LTR/ERV1	37663	+	320	31205012	32676
chr6	31172336	31372336	harbor1	chr6	31205619	31206233	LTR/ERV1	37663	+	307	31205926	33590
chr6	31172336	31372336	harbor1	chr6	31206538	31206824	LTR/ERV1	37663	+	143	31206681	34345
chr6	31172336	31372336	harbor1	chr6	31207131	31207271	LTR/ERV1	37663	+	70	31207201	34865
chr6	31172336	31372336	harbor1	chr6	31207561	31207625	LTR/ERV1	37663	+	32	31207593	35257
chr6	31172336	31372336	harbor1	chr6	31207904	31209459	LTR/ERV1	37663	+	778	31208682	36346
chr6	31172336	31372336	harbor1	chr6	31209529	31209740	LTR/ERV1	37663	+	106	31209635	37299
chr6	31172336	31372336	harbor1	chr6	31210040	31210663	LTR/ERV1	37663	+	312	31210352	38016
chr6	31172336	31372336	harbor1	chr6	31210884	31211160	LTR/ERV1	2467	+	138	31211022	38686
chr6	31172336	31372336	harbor1	chr6	31215107	31215659	LTR/ERV1	4399	+	276	31215383	43047
chr6	31172336	31372336	harbor1	chr6	31216287	31216793	LTR/ERV1	2343	+	253	31216540	44204
chr6	31172336	31372336	harbor1	chr6	31262274	31262864	LTR/ERV1	1673	+	295	31262569	90233
chr6	31172336	31372336	harbor1	chr6	31211161	31211776	LTR/ERV1	4294	+	308	31211469	39133
chr6	52184768	52384768	harbor1	chr6	52211354	52212093	LTR/ERV1	3586	+	370	52211724	26956
chr6	52184768	52384768	harbor1	chr6	52217856	52218281	LTR/ERV1	1631	+	212	52218068	33300
chr6	124862446	125062446	harbor1	chr6	124887366	124888196	LTR/ERV1	4901	+	415	124887781	25335
chr6	124862446	125062446	harbor1	chr6	124890407	124890840	LTR/ERV1	2646	+	216	124890623	28177
chr6	124862446	125062446	harbor1	chr6	124890841	124891791	LTR/ERV1	20904	+	475	124891316	28870
chr6	124862446	125062446	harbor1	chr6	124891792	124893381	LTR/ERV1	11377	+	794	124892586	30140
chr6	124862446	125062446	harbor1	chr6	124895435	124895584	LTR/ERV1	965	+	74	124895509	33063
chr6	124862446	125062446	harbor1	chr6	124895575	124896074	LTR/ERV1	3329	+	250	124895825	33379
chr6	124862446	125062446	harbor1	chr6	124896077	124896736	LTR/ERV1	4251	+	330	124896407	33961
chr6	124862446	125062446	harbor1	chr6	124896738	124896953	LTR/ERV1	1401	+	108	124896846	34400
chr6	124862446	125062446	harbor1	chr6	124896952	124897329	LTR/ERV1	2499	+	188	124897140	34694
chr6	124862446	125062446	harbor1	chr6	124897330	124897763	LTR/ERV1	2702	+	216	124897546	35100
chr6	124862446	125062446	harbor1	chr6	124926296	124926423	LTR/ERV1	465	+	64	124926360	63914
chr6	124862446	125062446	harbor1	chr6	124893382	124895455	LTR/ERV1	20904	+	1036	124894418	31972
chr6	139275129	139475129	harbor1	chr6	139289070	139289527	LTR/ERV1	3470	+	228	139289298	14169
chr6	139275129	139475129	harbor1	chr6	139312645	139313063	LTR/ERV1	2170	+	209	139312854	37725
chr6	139275129	139475129	harbor1	chr6	139313372	139313464	LTR/ERV1	2170	+	46	139313418	38289
chr6	139275129	139475129	harbor1	chr6	139313782	139314674	LTR/ERV1	5332	+	446	139314228	39099
chr6	139275129	139475129	harbor1	chr6	139314719	139315429	LTR/ERV1	3433	+	355	139315074	39945
chr6	139275129	139475129	harbor1	chr6	139316173	139316659	LTR/ERV1	2928	+	243	139316416	41287
chr6	139275129	139475129	harbor1	chr6	139326277	139326806	LTR/ERV1	2202	+	264	139326541	51412
chr6	139275129	139475129	harbor1	chr6	139327101	139327131	LTR/ERV1	2202	+	15	139327116	51987
chr6	111111942	111311942	harbor1	chr6	111131018	111131478	LTR/ERV1	2774	+	230	111131248	19306
chr6	111111942	111311942	harbor1	chr6	111137456	111137742	LTR/ERV1	2072	+	143	111137599	25657
chr6	111111942	111311942	harbor1	chr6	111137747	111138073	LTR/ERV1	2664	+	163	111137910	25968
chr6	111111942	111311942	harbor1	chr6	111168980	111169437	LTR/ERV1	663	+	228	111169208	57266
chr6	111111942	111311942	harbor1	chr6	111169636	111169812	LTR/ERV1	556	+	88	111169724	57782
chr6	111111942	111311942	harbor1	chr6	111131479	111137433	LTR/ERV1	45534	+	2977	111134456	22514
chr6	139275116	139475116	harbor1	chr6	139289070	139289527	LTR/ERV1	3470	+	228	139289298	14182
chr6	139275116	139475116	harbor1	chr6	139312645	139313063	LTR/ERV1	2170	+	209	139312854	37738
chr6	139275116	139475116	harbor1	chr6	139313372	139313464	LTR/ERV1	2170	+	46	139313418	38302
chr6	139275116	139475116	harbor1	chr6	139313782	139314674	LTR/ERV1	5332	+	446	139314228	39112
chr6	139275116	139475116	harbor1	chr6	139314719	139315429	LTR/ERV1	3433	+	355	139315074	39958
chr6	139275116	139475116	harbor1	chr6	139316173	139316659	LTR/ERV1	2928	+	243	139316416	41300
chr6	139275116	139475116	harbor1	chr6	139326277	139326806	LTR/ERV1	2202	+	264	139326541	51425
chr6	139275116	139475116	harbor1	chr6	139327101	139327131	LTR/ERV1	2202	+	15	139327116	52000
chr6	31996234	32196234	harbor1	chr6	32054772	32055346	LTR/ERV1	2501	+	287	32055059	58825
chr6	169623052	169823052	harbor1	chr6	169622757	169623487	LTR/ERV1	4076	+	365	169623122	70
chr6	169623052	169823052	harbor1	chr6	169676241	169677005	LTR/ERV1	3788	+	382	169676623	53571
chr6	169623052	169823052	harbor1	chr6	169678591	169679348	LTR/ERV1	6119	+	378	169678969	55917
chr6	159069545	159269545	harbor1	chr6	159106745	159107161	LTR/ERV1	2704	+	208	159106953	37408
chr6	159069545	159269545	harbor1	chr6	159115788	159116600	LTR/ERV1	5357	+	406	159116194	46649
chr6	159069545	159269545	harbor1	chr6	159150009	159150124	LTR/ERV1	948	+	58	159150067	80522
chr6	159069545	159269545	harbor1	chr6	159150418	159150653	LTR/ERV1	948	+	118	159150536	80991
chr6	73362002	73562002	harbor1	chr6	73375672	73375791	LTR/ERV1	1335	+	60	73375732	13730
chr6	73362002	73562002	harbor1	chr6	73376084	73376232	LTR/ERV1	1335	+	74	73376158	14156
chr6	73362002	73562002	harbor1	chr6	73376273	73376344	LTR/ERV1	727	+	36	73376309	14307
chr6	73362002	73562002	harbor1	chr6	73376373	73376460	LTR/ERV1	727	+	44	73376417	14415
chr6	73362002	73562002	harbor1	chr6	73418960	73419129	LTR/ERV1	753	+	84	73419044	57042
chr6	73362002	73562002	harbor1	chr6	73419426	73419469	LTR/ERV1	753	+	22	73419448	57446
chr6	208571	408571	harbor1	chr6	213695	214454	LTR/ERV1	4228	+	380	214075	5504
chr6	208571	408571	harbor1	chr6	245298	245571	LTR/ERV1	1021	+	136	245434	36863
chr6	146812183	147012183	harbor1	chr6	146823314	146823509	LTR/ERV1	584	+	98	146823412	11229
chr6	146812183	147012183	harbor1	chr6	146828135	146828928	LTR/ERV1	4113	+	396	146828531	16348
chr6	146812183	147012183	harbor1	chr6	146829859	146830716	LTR/ERV1	5082	+	428	146830287	18104
chr6	146812183	147012183	harbor1	chr6	146879944	146880550	LTR/ERV1	3916	+	303	146880247	68064
chr6	146812183	147012183	harbor1	chr6	146883926	146884252	LTR/ERV1	1894	+	163	146884089	71906
chr6	145635082	145835082	harbor1	chr6	145659663	145660086	LTR/ERV1	2167	+	212	145659875	24793
chr6	32752654	32952654	harbor1	chr6	32774554	32774852	LTR/ERV1	1856	+	149	32774703	22049
chr6	158719384	158919384	harbor1	chr6	158729866	158730475	LTR/ERV1	3975	+	304	158730170	10786
chr6	158719384	158919384	harbor1	chr6	158730479	158730998	LTR/ERV1	2222	+	260	158730739	11355
chr6	158719384	158919384	harbor1	chr6	158731312	158731543	LTR/ERV1	1330	+	116	158731428	12044
chr6	158719384	158919384	harbor1	chr6	158731545	158731591	LTR/ERV1	697	+	23	158731568	12184
chr6	158719384	158919384	harbor1	chr6	158731893	158732253	LTR/ERV1	697	+	180	158732073	12689
chr6	158719384	158919384	harbor1	chr6	158732274	158732891	LTR/ERV1	3030	+	308	158732582	13198
chr6	158719384	158919384	harbor1	chr6	158732994	158733323	LTR/ERV1	3851	+	164	158733158	13774
chr6	158719384	158919384	harbor1	chr6	158733627	158733815	LTR/ERV1	3851	+	94	158733721	14337
chr6	158719384	158919384	harbor1	chr6	158734120	158734232	LTR/ERV1	3851	+	56	158734176	14792
chr6	32050380	32250380	harbor1	chr6	32054772	32055346	LTR/ERV1	2501	+	287	32055059	4679
chr6	169863974	170063974	harbor1	chr6	169911820	169912564	LTR/ERV1	4306	+	372	169912192	48218
chr6	52184773	52384773	harbor1	chr6	52211354	52212093	LTR/ERV1	3586	+	370	52211724	26951
chr6	52184773	52384773	harbor1	chr6	52217856	52218281	LTR/ERV1	1631	+	212	52218068	33295
chr7	151420770	151620770	harbor1	chr7	151442127	151442347	LTR/ERV1	1340	+	110	151442237	21467
chr7	1312721	1512721	harbor1	chr7	1327735	1328140	LTR/ERV1	3171	+	202	1327937	15216
chr7	1312721	1512721	harbor1	chr7	1328445	1328501	LTR/ERV1	3171	+	28	1328473	15752
chr7	1312721	1512721	harbor1	chr7	1400400	1400808	LTR/ERV1	2129	+	204	1400604	87883
chr7	1312721	1512721	harbor1	chr7	1400854	1401305	LTR/ERV1	994	+	226	1401080	88359
chr7	1312721	1512721	harbor1	chr7	1401449	1401604	LTR/ERV1	798	+	78	1401527	88806
chr7	1136759	1336759	harbor1	chr7	1171399	1172076	LTR/ERV1	2826	+	338	1171737	34978
chr7	1136759	1336759	harbor1	chr7	1201281	1202058	LTR/ERV1	4589	+	388	1201669	64910
chr7	39729557	39929557	harbor1	chr7	39733897	39734333	LTR/ERV1	2494	+	218	39734115	4558
chr7	39729557	39929557	harbor1	chr7	39756982	39757441	LTR/ERV1	2961	+	230	39757212	27655
chr7	39729557	39929557	harbor1	chr7	39757929	39758145	LTR/ERV1	2961	+	108	39758037	28480
chr7	39729557	39929557	harbor1	chr7	39758585	39759204	LTR/ERV1	3473	+	310	39758895	29338
chr7	39729557	39929557	harbor1	chr7	39759203	39761512	LTR/ERV1	10355	+	1154	39760357	30800
chr7	39729557	39929557	harbor1	chr7	39761588	39761816	LTR/ERV1	1376	+	114	39761702	32145
chr7	130568057	130768057	harbor1	chr7	130595643	130595830	LTR/ERV1	1179	+	94	130595737	27680
chr7	130568057	130768057	harbor1	chr7	130596648	130596725	LTR/ERV1	443	+	38	130596686	28629
chr7	130568057	130768057	harbor1	chr7	130597261	130597970	LTR/ERV1	814	+	354	130597615	29558
chr7	130568057	130768057	harbor1	chr7	130598120	130598518	LTR/ERV1	786	+	199	130598319	30262
chr7	130568057	130768057	harbor1	chr7	130598710	130599186	LTR/ERV1	1153	+	238	130598948	30891
chr7	130568057	130768057	harbor1	chr7	130599193	130599638	LTR/ERV1	2517	+	222	130599415	31358
chr7	130568057	130768057	harbor1	chr7	130626243	130626364	LTR/ERV1	870	+	60	130626303	58246
chr7	130568057	130768057	harbor1	chr7	130626553	130626691	LTR/ERV1	1057	+	69	130626622	58565
chr7	130568057	130768057	harbor1	chr7	130627212	130627649	LTR/ERV1	2558	+	218	130627430	59373
chr7	1293735	1493735	harbor1	chr7	1327735	1328140	LTR/ERV1	3171	+	202	1327937	34202
chr7	1293735	1493735	harbor1	chr7	1328445	1328501	LTR/ERV1	3171	+	28	1328473	34738
chr7	149613875	149813875	harbor1	chr7	149671597	149672078	LTR/ERV1	3419	+	240	149671837	57962
chr7	149613875	149813875	harbor1	chr7	149672079	149672765	LTR/ERV1	5041	+	343	149672422	58547
chr7	149613875	149813875	harbor1	chr7	149672937	149674224	LTR/ERV1	9458	+	644	149673581	59706
chr7	149613875	149813875	harbor1	chr7	149674208	149676127	LTR/ERV1	11320	+	960	149675168	61293
chr7	149613875	149813875	harbor1	chr7	149676150	149676442	LTR/ERV1	2433	+	146	149676296	62421
chr7	149613875	149813875	harbor1	chr7	149676443	149677221	LTR/ERV1	5412	+	389	149676832	62957
chr7	149613875	149813875	harbor1	chr7	149696108	149696411	LTR/ERV1	1028	+	152	149696260	82385
chr7	149613875	149813875	harbor1	chr7	149696462	149696716	LTR/ERV1	1496	+	127	149696589	82714
chr7	149613875	149813875	harbor1	chr7	149704266	149704450	LTR/ERV1	973	+	92	149704358	90483
chr7	149613875	149813875	harbor1	chr7	149704618	149704947	LTR/ERV1	1018	+	164	149704782	90907
chr7	1380194	1580194	harbor1	chr7	1400400	1400808	LTR/ERV1	2129	+	204	1400604	20410
chr7	1380194	1580194	harbor1	chr7	1400854	1401305	LTR/ERV1	994	+	226	1401080	20886
chr7	1380194	1580194	harbor1	chr7	1401449	1401604	LTR/ERV1	798	+	78	1401527	21333
chr7	123649229	123849229	harbor1	chr7	123719431	123719881	LTR/ERV1	2822	+	225	123719656	70427
chr7	44506818	44706818	harbor1	chr7	44603456	44603488	LTR/ERV1	1473	+	16	44603472	96654
chr7	44506818	44706818	harbor1	chr7	44603797	44604282	LTR/ERV1	1473	+	242	44604039	97221
chr7	583630	783630	harbor1	chr7	623342	623814	LTR/ERV1	1973	+	236	623578	39948
chr7	47567087	47767087	harbor1	chr7	47595690	47595763	LTR/ERV1	480	+	36	47595726	28639
chr7	47567087	47767087	harbor1	chr7	47596039	47596181	LTR/ERV1	4894	+	71	47596110	29023
chr7	47567087	47767087	harbor1	chr7	47596505	47597140	LTR/ERV1	4894	+	318	47596823	29736
chr7	47567087	47767087	harbor1	chr7	47597141	47600035	LTR/ERV1	13879	+	1447	47598588	31501
chr7	47567087	47767087	harbor1	chr7	47600038	47600882	LTR/ERV1	5653	+	422	47600460	33373
chr7	47567087	47767087	harbor1	chr7	47603510	47604260	LTR/ERV1	5565	+	375	47603885	36798
chr7	47567087	47767087	harbor1	chr7	47618898	47619704	LTR/ERV1	5225	+	403	47619301	52214
chr7	47567087	47767087	harbor1	chr7	47628296	47629715	LTR/ERV1	9986	+	710	47629006	61919
chr7	123649386	123849386	harbor1	chr7	123719431	123719881	LTR/ERV1	2822	+	225	123719656	70270
chr7	47246884	47446884	harbor1	chr7	47336879	47337315	LTR/ERV1	1390	+	218	47337097	90213
chr7	123649293	123849293	harbor1	chr7	123719431	123719881	LTR/ERV1	2822	+	225	123719656	70363
chr7	140597158	140797158	harbor1	chr7	140613707	140614094	LTR/ERV1	1643	+	194	140613901	16743
chr7	140597158	140797158	harbor1	chr7	140614405	140614515	LTR/ERV1	1643	+	55	140614460	17302
chr7	140597158	140797158	harbor1	chr7	140657985	140659540	LTR/ERV1	18660	+	778	140658763	61605
chr7	140597158	140797158	harbor1	chr7	140659848	140660845	LTR/ERV1	18660	+	498	140660346	63188
chr7	140597158	140797158	harbor1	chr7	140661137	140661930	LTR/ERV1	18660	+	396	140661533	64375
chr7	140597158	140797158	harbor1	chr7	140662206	140662300	LTR/ERV1	18660	+	47	140662253	65095
chr7	140597158	140797158	harbor1	chr7	140666107	140666575	LTR/ERV1	3353	+	234	140666341	69183
chr7	140597158	140797158	harbor1	chr7	140666628	140668984	LTR/ERV1	9514	+	1178	140667806	70648
chr7	140597158	140797158	harbor1	chr7	140668986	140669521	LTR/ERV1	1952	+	268	140669254	72096
chr7	140597158	140797158	harbor1	chr7	140655609	140657702	LTR/ERV1	9143	+	1046	140656655	59497
chr7	1376035	1576035	harbor1	chr7	1400400	1400808	LTR/ERV1	2129	+	204	1400604	24569
chr7	1376035	1576035	harbor1	chr7	1400854	1401305	LTR/ERV1	994	+	226	1401080	25045
chr7	1376035	1576035	harbor1	chr7	1401449	1401604	LTR/ERV1	798	+	78	1401527	25492
chr7	65651047	65851047	harbor1	chr7	65733451	65733716	LTR/ERV1	3418	+	132	65733583	82536
chr7	65651047	65851047	harbor1	chr7	65734032	65734329	LTR/ERV1	3418	+	148	65734180	83133
chr7	77912395	78112395	harbor1	chr7	77959116	77959646	LTR/ERV1	3204	+	265	77959381	46986
chr7	77912395	78112395	harbor1	chr7	77959955	77959996	LTR/ERV1	3204	+	20	77959975	47580
chr7	77912395	78112395	harbor1	chr7	77962024	77962358	LTR/ERV1	1605	+	167	77962191	49796
chr7	77912395	78112395	harbor1	chr7	77979308	77979823	LTR/ERV1	670	+	258	77979566	67171
chr7	77912395	78112395	harbor1	chr7	78008722	78008990	LTR/ERV1	1213	+	134	78008856	96461
chr7	77912395	78112395	harbor1	chr7	78008983	78009094	LTR/ERV1	510	+	56	78009039	96644
chr7	77912395	78112395	harbor1	chr7	78009135	78009223	LTR/ERV1	530	+	44	78009179	96784
chr7	77912395	78112395	harbor1	chr7	78009216	78009245	LTR/ERV1	1693	+	14	78009230	96835
chr7	77912395	78112395	harbor1	chr7	78009553	78009783	LTR/ERV1	1693	+	115	78009668	97273
chr7	77912395	78112395	harbor1	chr7	78010086	78010162	LTR/ERV1	1693	+	38	78010124	97729
chr7	77912395	78112395	harbor1	chr7	78010155	78011277	LTR/ERV1	7044	+	561	78010716	98321
chr7	77912395	78112395	harbor1	chr7	78011291	78011685	LTR/ERV1	2533	+	197	78011488	99093
chr7	77912395	78112395	harbor1	chr7	78011686	78011911	LTR/ERV1	1250	+	112	78011798	99403
chr7	77912395	78112395	harbor1	chr7	78011902	78012080	LTR/ERV1	889	+	89	78011991	99596
chr7	65982514	66182514	harbor1	chr7	65988984	65989105	LTR/ERV1	786	+	60	65989044	6530
chr7	65982514	66182514	harbor1	chr7	65990135	65990248	LTR/ERV1	2315	+	56	65990191	7677
chr7	65982514	66182514	harbor1	chr7	65990552	65990653	LTR/ERV1	2315	+	50	65990602	8088
chr7	65982514	66182514	harbor1	chr7	65990958	65991452	LTR/ERV1	2315	+	247	65991205	8691
chr7	65982514	66182514	harbor1	chr7	65992378	65992559	LTR/ERV1	1212	+	90	65992468	9954
chr7	65982514	66182514	harbor1	chr7	65995432	65995621	LTR/ERV1	2016	+	94	65995526	13012
chr7	65982514	66182514	harbor1	chr7	65995913	65996059	LTR/ERV1	2016	+	73	65995986	13472
chr7	65982514	66182514	harbor1	chr7	66052889	66053298	LTR/ERV1	2411	+	204	66053093	70579
chr7	157884935	158084935	harbor1	chr7	157884880	157885105	LTR/ERV1	1972	+	112	157884992	57
chr7	157884935	158084935	harbor1	chr7	157889119	157889880	LTR/ERV1	2850	+	380	157889499	4564
chr7	44661435	44861435	harbor1	chr7	44713869	44714489	LTR/ERV1	3149	+	310	44714179	52744
chr7	44661435	44861435	harbor1	chr7	44729492	44730548	LTR/ERV1	3845	+	528	44730020	68585
chr7	123649263	123849263	harbor1	chr7	123719431	123719881	LTR/ERV1	2822	+	225	123719656	70393
chr7	1564241	1764241	harbor1	chr7	1571298	1571569	LTR/ERV1	2068	+	136	1571434	7193
chr7	1564241	1764241	harbor1	chr7	1571875	1571943	LTR/ERV1	2068	+	34	1571909	7668
chr7	1564241	1764241	harbor1	chr7	1613452	1613480	LTR/ERV1	1981	+	14	1613466	49225
chr7	1564241	1764241	harbor1	chr7	1613817	1614199	LTR/ERV1	1981	+	191	1614008	49767
chr7	1564241	1764241	harbor1	chr7	1616716	1616877	LTR/ERV1	859	+	80	1616796	52555
chr7	101437983	101637983	harbor1	chr7	101488826	101489205	LTR/ERV1	1070	+	190	101489016	51033
chr7	80035348	80235348	harbor1	chr7	80059881	80060030	LTR/ERV1	703	+	74	80059955	24607
chr7	80035348	80235348	harbor1	chr7	80099780	80100167	LTR/ERV1	1119	+	194	80099974	64626
chr7	80035348	80235348	harbor1	chr7	80113666	80114300	LTR/ERV1	4614	+	317	80113983	78635
chr7	90221478	90421478	harbor1	chr7	90224172	90224642	LTR/ERV1	2718	+	235	90224407	2929
chr7	123649244	123849244	harbor1	chr7	123719431	123719881	LTR/ERV1	2822	+	225	123719656	70412
chr7	127292503	127492503	harbor1	chr7	127308901	127309387	LTR/ERV1	2680	+	243	127309144	16641
chr7	127292503	127492503	harbor1	chr7	127335808	127335906	LTR/ERV1	423	+	49	127335857	43354
chr7	127292503	127492503	harbor1	chr7	127336692	127336821	LTR/ERV1	423	+	64	127336756	44253
chr7	127292503	127492503	harbor1	chr7	127337654	127338166	LTR/ERV1	1640	+	256	127337910	45407
chr7	123649264	123849264	harbor1	chr7	123719431	123719881	LTR/ERV1	2822	+	225	123719656	70392
chr7	151420775	151620775	harbor1	chr7	151442127	151442347	LTR/ERV1	1340	+	110	151442237	21462
chr7	123437338	123637338	harbor1	chr7	123499753	123500000	LTR/ERV1	1865	+	124	123499877	62539
chr7	123437338	123637338	harbor1	chr7	123500001	123500312	LTR/ERV1	2431	+	156	123500157	62819
chr7	123437338	123637338	harbor1	chr7	123501351	123502057	LTR/ERV1	2570	+	353	123501704	64366
chr7	102325596	102525596	harbor1	chr7	102332997	102333508	LTR/ERV1	2457	+	256	102333253	7657
chr7	102325596	102525596	harbor1	chr7	102359668	102359850	LTR/ERV1	2280	+	91	102359759	34163
chr7	102325596	102525596	harbor1	chr7	102360149	102360396	LTR/ERV1	2280	+	124	102360273	34677
chr7	102325596	102525596	harbor1	chr7	102360722	102360821	LTR/ERV1	2280	+	50	102360772	35176
chr7	102325596	102525596	harbor1	chr7	102361126	102361263	LTR/ERV1	2280	+	68	102361194	35598
chr7	102325596	102525596	harbor1	chr7	102361707	102362315	LTR/ERV1	4338	+	304	102362011	36415
chr7	102325596	102525596	harbor1	chr7	102362613	102362921	LTR/ERV1	4338	+	154	102362767	37171
chr7	102325596	102525596	harbor1	chr7	102393357	102393824	LTR/ERV1	3106	+	234	102393591	67995
chr7	102325596	102525596	harbor1	chr7	102394118	102394288	LTR/ERV1	3106	+	85	102394203	68607
chr7	141411856	141611856	harbor1	chr7	141427993	141428165	LTR/ERV1	1038	+	86	141428079	16223
chr7	141411856	141611856	harbor1	chr7	141428408	141428957	LTR/ERV1	3206	+	274	141428682	16826
chr7	102378973	102578973	harbor1	chr7	102393357	102393824	LTR/ERV1	3106	+	234	102393591	14618
chr7	102378973	102578973	harbor1	chr7	102394118	102394288	LTR/ERV1	3106	+	85	102394203	15230
chr7	105288909	105488909	harbor1	chr7	105319581	105320016	LTR/ERV1	2692	+	218	105319799	30890
chr7	25270046	25470046	harbor1	chr7	25287224	25287579	LTR/ERV1	2802	+	178	25287402	17356
chr7	25270046	25470046	harbor1	chr7	25287721	25287773	LTR/ERV1	2802	+	26	25287747	17701
chr7	25270046	25470046	harbor1	chr7	25351633	25352109	LTR/ERV1	1781	+	238	25351871	81825
chr7	25270046	25470046	harbor1	chr7	25352388	25352437	LTR/ERV1	1781	+	24	25352412	82366
chr7	6060488	6260488	harbor1	chr7	6062240	6062660	LTR/ERV1	1453	+	210	6062450	1962
chr7	24657406	24857406	harbor1	chr7	24755098	24755634	LTR/ERV1	2466	+	268	24755366	97960
chr7	1312753	1512753	harbor1	chr7	1327735	1328140	LTR/ERV1	3171	+	202	1327937	15184
chr7	1312753	1512753	harbor1	chr7	1328445	1328501	LTR/ERV1	3171	+	28	1328473	15720
chr7	1312753	1512753	harbor1	chr7	1400400	1400808	LTR/ERV1	2129	+	204	1400604	87851
chr7	1312753	1512753	harbor1	chr7	1400854	1401305	LTR/ERV1	994	+	226	1401080	88327
chr7	1312753	1512753	harbor1	chr7	1401449	1401604	LTR/ERV1	798	+	78	1401527	88774
chr7	1312775	1512775	harbor1	chr7	1327735	1328140	LTR/ERV1	3171	+	202	1327937	15162
chr7	1312775	1512775	harbor1	chr7	1328445	1328501	LTR/ERV1	3171	+	28	1328473	15698
chr7	1312775	1512775	harbor1	chr7	1400400	1400808	LTR/ERV1	2129	+	204	1400604	87829
chr7	1312775	1512775	harbor1	chr7	1400854	1401305	LTR/ERV1	994	+	226	1401080	88305
chr7	1312775	1512775	harbor1	chr7	1401449	1401604	LTR/ERV1	798	+	78	1401527	88752
chr7	16531	216531	harbor1	chr7	25193	25809	LTR/ERV1	3371	+	308	25501	8970
chr7	16531	216531	harbor1	chr7	27408	27529	LTR/ERV1	563	+	60	27468	10937
chr7	16531	216531	harbor1	chr7	27531	27847	LTR/ERV1	754	+	158	27689	11158
chr7	16531	216531	harbor1	chr7	27884	28013	LTR/ERV1	511	+	64	27948	11417
chr7	16531	216531	harbor1	chr7	28366	28741	LTR/ERV1	989	+	188	28554	12023
chr7	16531	216531	harbor1	chr7	29288	29868	LTR/ERV1	4194	+	290	29578	13047
chr7	16531	216531	harbor1	chr7	41651	42393	LTR/ERV1	3867	+	371	42022	25491
chr7	16531	216531	harbor1	chr7	50015	50399	LTR/ERV1	2244	+	192	50207	33676
chr7	16531	216531	harbor1	chr7	50692	50794	LTR/ERV1	2244	+	51	50743	34212
chr7	108470160	108670160	harbor1	chr7	108519749	108520222	LTR/ERV1	1063	+	236	108519985	49825
chr7	108470160	108670160	harbor1	chr7	108521826	108522013	LTR/ERV1	3132	+	94	108521920	51760
chr7	108470160	108670160	harbor1	chr7	108522324	108522696	LTR/ERV1	3132	+	186	108522510	52350
chr7	108470160	108670160	harbor1	chr7	108523307	108523815	LTR/ERV1	3549	+	254	108523561	53401
chr7	100766226	100966226	harbor1	chr7	100838700	100839042	LTR/ERV1	3324	+	171	100838871	72645
chr7	100766226	100966226	harbor1	chr7	100839338	100839462	LTR/ERV1	3324	+	62	100839400	73174
chr7	100766226	100966226	harbor1	chr7	100839463	100839760	LTR/ERV1	1962	+	148	100839611	73385
chr7	100766226	100966226	harbor1	chr7	100839970	100841080	LTR/ERV1	7382	+	555	100840525	74299
chr7	100766226	100966226	harbor1	chr7	100845649	100846284	LTR/ERV1	34778	+	318	100845967	79741
chr7	100766226	100966226	harbor1	chr7	100846581	100846723	LTR/ERV1	34778	+	71	100846652	80426
chr7	100766226	100966226	harbor1	chr7	100846724	100847185	LTR/ERV1	3720	+	230	100846954	80728
chr7	100766226	100966226	harbor1	chr7	100841093	100845338	LTR/ERV1	34778	+	2122	100843215	76989
chr7	1312762	1512762	harbor1	chr7	1327735	1328140	LTR/ERV1	3171	+	202	1327937	15175
chr7	1312762	1512762	harbor1	chr7	1328445	1328501	LTR/ERV1	3171	+	28	1328473	15711
chr7	1312762	1512762	harbor1	chr7	1400400	1400808	LTR/ERV1	2129	+	204	1400604	87842
chr7	1312762	1512762	harbor1	chr7	1400854	1401305	LTR/ERV1	994	+	226	1401080	88318
chr7	1312762	1512762	harbor1	chr7	1401449	1401604	LTR/ERV1	798	+	78	1401527	88765
chr7	123649335	123849335	harbor1	chr7	123719431	123719881	LTR/ERV1	2822	+	225	123719656	70321
chr7	123649230	123849230	harbor1	chr7	123719431	123719881	LTR/ERV1	2822	+	225	123719656	70426
chr7	47568386	47768386	harbor1	chr7	47595690	47595763	LTR/ERV1	480	+	36	47595726	27340
chr7	47568386	47768386	harbor1	chr7	47596039	47596181	LTR/ERV1	4894	+	71	47596110	27724
chr7	47568386	47768386	harbor1	chr7	47596505	47597140	LTR/ERV1	4894	+	318	47596823	28437
chr7	47568386	47768386	harbor1	chr7	47597141	47600035	LTR/ERV1	13879	+	1447	47598588	30202
chr7	47568386	47768386	harbor1	chr7	47600038	47600882	LTR/ERV1	5653	+	422	47600460	32074
chr7	47568386	47768386	harbor1	chr7	47603510	47604260	LTR/ERV1	5565	+	375	47603885	35499
chr7	47568386	47768386	harbor1	chr7	47618898	47619704	LTR/ERV1	5225	+	403	47619301	50915
chr7	47568386	47768386	harbor1	chr7	47628296	47629715	LTR/ERV1	9986	+	710	47629006	60620
chr7	123481083	123681083	harbor1	chr7	123499753	123500000	LTR/ERV1	1865	+	124	123499877	18794
chr7	123481083	123681083	harbor1	chr7	123500001	123500312	LTR/ERV1	2431	+	156	123500157	19074
chr7	123481083	123681083	harbor1	chr7	123501351	123502057	LTR/ERV1	2570	+	353	123501704	20621
chr7	123481083	123681083	harbor1	chr7	123552664	123553069	LTR/ERV1	2422	+	202	123552866	71783
chr7	155196997	155396997	harbor1	chr7	155223515	155223968	LTR/ERV1	2241	+	226	155223741	26744
chr7	32628791	32828791	harbor1	chr7	32658790	32659163	LTR/ERV1	1060	+	186	32658976	30185
chr7	32628791	32828791	harbor1	chr7	32680768	32681266	LTR/ERV1	2622	+	249	32681017	52226
chr7	6059184	6259184	harbor1	chr7	6062240	6062660	LTR/ERV1	1453	+	210	6062450	3266
chr7	141411783	141611783	harbor1	chr7	141427993	141428165	LTR/ERV1	1038	+	86	141428079	16296
chr7	141411783	141611783	harbor1	chr7	141428408	141428957	LTR/ERV1	3206	+	274	141428682	16899
chr7	30579971	30779971	harbor1	chr7	30580157	30580501	LTR/ERV1	1990	+	172	30580329	358
chr7	30579971	30779971	harbor1	chr7	30581428	30584276	LTR/ERV1	15501	+	1424	30582852	2881
chr7	30579971	30779971	harbor1	chr7	30584288	30584961	LTR/ERV1	3331	+	336	30584624	4653
chr7	30579971	30779971	harbor1	chr7	30588863	30589216	LTR/ERV1	549	+	176	30589039	9068
chr7	189947	389947	harbor1	chr7	274197	274627	LTR/ERV1	2913	+	215	274412	84465
chr7	189947	389947	harbor1	chr7	275109	275741	LTR/ERV1	4107	+	316	275425	85478
chr7	189947	389947	harbor1	chr7	276914	277019	LTR/ERV1	741	+	52	276966	87019
chr7	189947	389947	harbor1	chr7	277536	278097	LTR/ERV1	4071	+	280	277816	87869
chr7	127133798	127333798	harbor1	chr7	127207603	127208507	LTR/ERV1	4785	+	452	127208055	74257
chr7	43919232	44119232	harbor1	chr7	43920222	43920283	LTR/ERV1	1635	+	30	43920252	1020
chr7	43919232	44119232	harbor1	chr7	43920579	43921044	LTR/ERV1	3905	+	232	43920811	1579
chr7	43919232	44119232	harbor1	chr7	43921346	43921624	LTR/ERV1	3905	+	139	43921485	2253
chr7	43919232	44119232	harbor1	chr7	43921677	43921885	LTR/ERV1	993	+	104	43921781	2549
chr7	43919232	44119232	harbor1	chr7	43959123	43959634	LTR/ERV1	2470	+	256	43959379	40147
chr7	627133	827133	harbor1	chr7	725511	726196	LTR/ERV1	2247	+	342	725853	98720
chr7	1312948	1512948	harbor1	chr7	1327735	1328140	LTR/ERV1	3171	+	202	1327937	14989
chr7	1312948	1512948	harbor1	chr7	1328445	1328501	LTR/ERV1	3171	+	28	1328473	15525
chr7	1312948	1512948	harbor1	chr7	1400400	1400808	LTR/ERV1	2129	+	204	1400604	87656
chr7	1312948	1512948	harbor1	chr7	1400854	1401305	LTR/ERV1	994	+	226	1401080	88132
chr7	1312948	1512948	harbor1	chr7	1401449	1401604	LTR/ERV1	798	+	78	1401527	88579
chr7	140378858	140578858	harbor1	chr7	140388959	140389669	LTR/ERV1	3135	+	355	140389314	10456
chr7	140378858	140578858	harbor1	chr7	140391619	140392061	LTR/ERV1	3036	+	221	140391840	12982
chr7	140378858	140578858	harbor1	chr7	140392062	140392219	LTR/ERV1	989	+	78	140392140	13282
chr7	44436448	44636448	harbor1	chr7	44469002	44469410	LTR/ERV1	1504	+	204	44469206	32758
chr7	122786849	122986849	harbor1	chr7	122788071	122788712	LTR/ERV1	2834	+	320	122788391	1542
chr7	122786849	122986849	harbor1	chr7	122816729	122817176	LTR/ERV1	3354	+	224	122816953	30104
chr7	122786849	122986849	harbor1	chr7	122817179	122820468	LTR/ERV1	19907	+	1644	122818823	31974
chr7	122786849	122986849	harbor1	chr7	122820459	122820542	LTR/ERV1	3265	+	42	122820501	33652
chr7	122786849	122986849	harbor1	chr7	122820859	122821289	LTR/ERV1	3265	+	215	122821074	34225
chr7	122786849	122986849	harbor1	chr7	122821286	122821955	LTR/ERV1	4351	+	334	122821620	34771
chr7	122786849	122986849	harbor1	chr7	122821957	122822172	LTR/ERV1	1379	+	108	122822065	35216
chr7	122786849	122986849	harbor1	chr7	122822171	122822550	LTR/ERV1	2478	+	190	122822361	35512
chr7	122786849	122986849	harbor1	chr7	122822551	122822998	LTR/ERV1	3419	+	224	122822775	35926
chr7	122786849	122986849	harbor1	chr7	122845629	122845927	LTR/ERV1	425	+	149	122845778	58929
chr7	123648388	123848388	harbor1	chr7	123719431	123719881	LTR/ERV1	2822	+	225	123719656	71268
chr7	100752657	100952657	harbor1	chr7	100838700	100839042	LTR/ERV1	3324	+	171	100838871	86214
chr7	100752657	100952657	harbor1	chr7	100839338	100839462	LTR/ERV1	3324	+	62	100839400	86743
chr7	100752657	100952657	harbor1	chr7	100839463	100839760	LTR/ERV1	1962	+	148	100839611	86954
chr7	100752657	100952657	harbor1	chr7	100839970	100841080	LTR/ERV1	7382	+	555	100840525	87868
chr7	100752657	100952657	harbor1	chr7	100845649	100846284	LTR/ERV1	34778	+	318	100845967	93310
chr7	100752657	100952657	harbor1	chr7	100846581	100846723	LTR/ERV1	34778	+	71	100846652	93995
chr7	100752657	100952657	harbor1	chr7	100846724	100847185	LTR/ERV1	3720	+	230	100846954	94297
chr7	100752657	100952657	harbor1	chr7	100841093	100845338	LTR/ERV1	34778	+	2122	100843215	90558
chr7	1374442	1574442	harbor1	chr7	1400400	1400808	LTR/ERV1	2129	+	204	1400604	26162
chr7	1374442	1574442	harbor1	chr7	1400854	1401305	LTR/ERV1	994	+	226	1401080	26638
chr7	1374442	1574442	harbor1	chr7	1401449	1401604	LTR/ERV1	798	+	78	1401527	27085
chr7	123649270	123849270	harbor1	chr7	123719431	123719881	LTR/ERV1	2822	+	225	123719656	70386
chr7	1312758	1512758	harbor1	chr7	1327735	1328140	LTR/ERV1	3171	+	202	1327937	15179
chr7	1312758	1512758	harbor1	chr7	1328445	1328501	LTR/ERV1	3171	+	28	1328473	15715
chr7	1312758	1512758	harbor1	chr7	1400400	1400808	LTR/ERV1	2129	+	204	1400604	87846
chr7	1312758	1512758	harbor1	chr7	1400854	1401305	LTR/ERV1	994	+	226	1401080	88322
chr7	1312758	1512758	harbor1	chr7	1401449	1401604	LTR/ERV1	798	+	78	1401527	88769
chr7	123457458	123657458	harbor1	chr7	123499753	123500000	LTR/ERV1	1865	+	124	123499877	42419
chr7	123457458	123657458	harbor1	chr7	123500001	123500312	LTR/ERV1	2431	+	156	123500157	42699
chr7	123457458	123657458	harbor1	chr7	123501351	123502057	LTR/ERV1	2570	+	353	123501704	44246
chr7	123457458	123657458	harbor1	chr7	123552664	123553069	LTR/ERV1	2422	+	202	123552866	95408
chr7	123649311	123849311	harbor1	chr7	123719431	123719881	LTR/ERV1	2822	+	225	123719656	70345
chr7	47306156	47506156	harbor1	chr7	47336879	47337315	LTR/ERV1	1390	+	218	47337097	30941
chr8	38169171	38369171	harbor1	chr8	38229500	38229570	LTR/ERV1	594	+	35	38229535	60364
chr8	23428482	23628482	harbor1	chr8	23489175	23489689	LTR/ERV1	3743	+	257	23489432	60950
chr8	38169174	38369174	harbor1	chr8	38229500	38229570	LTR/ERV1	594	+	35	38229535	60361
chr8	18018925	18218925	harbor1	chr8	18018942	18019198	LTR/ERV1	454	+	128	18019070	145
chr8	18018925	18218925	harbor1	chr8	18019837	18020881	LTR/ERV1	445	+	522	18020359	1434
chr8	18018925	18218925	harbor1	chr8	18020979	18022254	LTR/ERV1	1316	+	638	18021617	2692
chr8	18018925	18218925	harbor1	chr8	18023030	18023377	LTR/ERV1	690	+	174	18023204	4279
chr8	18018925	18218925	harbor1	chr8	18023994	18024138	LTR/ERV1	567	+	72	18024066	5141
chr8	18018925	18218925	harbor1	chr8	18082290	18082821	LTR/ERV1	823	+	266	18082556	63631
chr8	18018925	18218925	harbor1	chr8	18097245	18098187	LTR/ERV1	6400	+	471	18097716	78791
chr8	1646122	1846122	harbor1	chr8	1733570	1733850	LTR/ERV1	2486	+	140	1733710	87588
chr8	1646122	1846122	harbor1	chr8	1734150	1734327	LTR/ERV1	2486	+	88	1734238	88116
chr8	23428976	23628976	harbor1	chr8	23489175	23489689	LTR/ERV1	3743	+	257	23489432	60456
chr8	85145898	85345898	harbor1	chr8	85152501	85154094	LTR/ERV1	8509	+	796	85153297	7399
chr8	85145898	85345898	harbor1	chr8	85239290	85239996	LTR/ERV1	4523	+	353	85239643	93745
chr8	85145898	85345898	harbor1	chr8	85240080	85240599	LTR/ERV1	1627	+	260	85240340	94442
chr8	85145898	85345898	harbor1	chr8	85240916	85241018	LTR/ERV1	1627	+	51	85240967	95069
chr8	85145898	85345898	harbor1	chr8	85243849	85244561	LTR/ERV1	4372	+	356	85244205	98307
chr8	23428919	23628919	harbor1	chr8	23489175	23489689	LTR/ERV1	3743	+	257	23489432	60513
chr8	599970	799970	harbor1	chr8	607457	607536	LTR/ERV1	799	+	40	607497	7527
chr8	599970	799970	harbor1	chr8	607767	607954	LTR/ERV1	799	+	94	607861	7891
chr8	599970	799970	harbor1	chr8	608250	608404	LTR/ERV1	799	+	77	608327	8357
chr8	599970	799970	harbor1	chr8	653239	653668	LTR/ERV1	2947	+	214	653453	53483
chr8	599970	799970	harbor1	chr8	681781	682194	LTR/ERV1	1449	+	206	681987	82017
chr8	100620899	100820899	harbor1	chr8	100656225	100656340	LTR/ERV1	587	+	58	100656283	35384
chr8	100620899	100820899	harbor1	chr8	100670291	100671334	LTR/ERV1	5837	+	522	100670813	49914
chr8	23428922	23628922	harbor1	chr8	23489175	23489689	LTR/ERV1	3743	+	257	23489432	60510
chr8	38169283	38369283	harbor1	chr8	38229500	38229570	LTR/ERV1	594	+	35	38229535	60252
chr8	90545266	90745266	harbor1	chr8	90569001	90569487	LTR/ERV1	1558	+	243	90569244	23978
chr8	90545266	90745266	harbor1	chr8	90580249	90580846	LTR/ERV1	4199	+	298	90580547	35281
chr8	90545266	90745266	harbor1	chr8	90590926	90591529	LTR/ERV1	2907	+	302	90591228	45962
chr8	90545266	90745266	harbor1	chr8	90608645	90609373	LTR/ERV1	2909	+	364	90609009	63743
chr8	90545266	90745266	harbor1	chr8	90609375	90609619	LTR/ERV1	957	+	122	90609497	64231
chr8	90545266	90745266	harbor1	chr8	90609660	90611394	LTR/ERV1	6689	+	867	90610527	65261
chr8	90545266	90745266	harbor1	chr8	90611402	90611909	LTR/ERV1	2851	+	254	90611656	66390
chr8	90545266	90745266	harbor1	chr8	90612019	90612250	LTR/ERV1	1307	+	116	90612135	66869
chr8	90545266	90745266	harbor1	chr8	90612550	90613700	LTR/ERV1	9576	+	575	90613125	67859
chr8	90545266	90745266	harbor1	chr8	90613829	90615138	LTR/ERV1	9576	+	654	90614483	69217
chr8	90545266	90745266	harbor1	chr8	90615255	90615362	LTR/ERV1	454	+	54	90615309	70043
chr8	90545266	90745266	harbor1	chr8	90617724	90618432	LTR/ERV1	2935	+	354	90618078	72812
chr8	38168881	38368881	harbor1	chr8	38229500	38229570	LTR/ERV1	594	+	35	38229535	60654
chr8	23428500	23628500	harbor1	chr8	23489175	23489689	LTR/ERV1	3743	+	257	23489432	60932
chr8	23409692	23609692	harbor1	chr8	23489175	23489689	LTR/ERV1	3743	+	257	23489432	79740
chr8	38169386	38369386	harbor1	chr8	38229500	38229570	LTR/ERV1	594	+	35	38229535	60149
chr8	23428873	23628873	harbor1	chr8	23489175	23489689	LTR/ERV1	3743	+	257	23489432	60559
chr8	23407606	23607606	harbor1	chr8	23489175	23489689	LTR/ERV1	3743	+	257	23489432	81826
chr8	23428431	23628431	harbor1	chr8	23489175	23489689	LTR/ERV1	3743	+	257	23489432	61001
chr8	129907115	130107115	harbor1	chr8	129934485	129935129	LTR/ERV1	4718	+	322	129934807	27692
chr8	23398445	23598445	harbor1	chr8	23489175	23489689	LTR/ERV1	3743	+	257	23489432	90987
chr8	23428857	23628857	harbor1	chr8	23489175	23489689	LTR/ERV1	3743	+	257	23489432	60575
chr8	8665132	8865132	harbor1	chr8	8673793	8674443	LTR/ERV1	2733	+	325	8674118	8986
chr8	8665132	8865132	harbor1	chr8	8674741	8674805	LTR/ERV1	2733	+	32	8674773	9641
chr8	8665132	8865132	harbor1	chr8	8707245	8707746	LTR/ERV1	2912	+	250	8707495	42363
chr8	8665132	8865132	harbor1	chr8	8747520	8747606	LTR/ERV1	527	+	43	8747563	82431
chr8	23412840	23612840	harbor1	chr8	23489175	23489689	LTR/ERV1	3743	+	257	23489432	76592
chr8	23428958	23628958	harbor1	chr8	23489175	23489689	LTR/ERV1	3743	+	257	23489432	60474
chr8	23409094	23609094	harbor1	chr8	23489175	23489689	LTR/ERV1	3743	+	257	23489432	80338
chr8	96274034	96474034	harbor1	chr8	96366321	96366805	LTR/ERV1	2755	+	242	96366563	92529
chr8	38169249	38369249	harbor1	chr8	38229500	38229570	LTR/ERV1	594	+	35	38229535	60286
chr8	23428835	23628835	harbor1	chr8	23489175	23489689	LTR/ERV1	3743	+	257	23489432	60597
chr8	23428925	23628925	harbor1	chr8	23489175	23489689	LTR/ERV1	3743	+	257	23489432	60507
chr8	23428499	23628499	harbor1	chr8	23489175	23489689	LTR/ERV1	3743	+	257	23489432	60933
chr8	38076189	38276189	harbor1	chr8	38081124	38081815	LTR/ERV1	4110	+	346	38081470	5281
chr8	38169207	38369207	harbor1	chr8	38229500	38229570	LTR/ERV1	594	+	35	38229535	60328
chr8	23428888	23628888	harbor1	chr8	23489175	23489689	LTR/ERV1	3743	+	257	23489432	60544
chr8	22757824	22957824	harbor1	chr8	22771613	22772110	LTR/ERV1	2668	+	248	22771861	14037
chr8	40746828	40946828	harbor1	chr8	40759710	40760171	LTR/ERV1	1602	+	230	40759940	13112
chr8	40746828	40946828	harbor1	chr8	40789435	40789475	LTR/ERV1	2514	+	20	40789455	42627
chr8	40746828	40946828	harbor1	chr8	40789717	40790202	LTR/ERV1	2514	+	242	40789959	43131
chr8	142240188	142440188	harbor1	chr8	142328083	142328640	LTR/ERV1	2292	+	278	142328361	88173
chr8	142240188	142440188	harbor1	chr8	142333981	142334366	LTR/ERV1	2412	+	192	142334173	93985
chr8	38169250	38369250	harbor1	chr8	38229500	38229570	LTR/ERV1	594	+	35	38229535	60285
chr8	39955067	40155067	harbor1	chr8	39958909	39959111	LTR/ERV1	504	+	101	39959010	3943
chr8	39955067	40155067	harbor1	chr8	39959413	39959535	LTR/ERV1	504	+	61	39959474	4407
chr8	39955067	40155067	harbor1	chr8	39990342	39990784	LTR/ERV1	2572	+	221	39990563	35496
chr8	39955067	40155067	harbor1	chr8	40045282	40045918	LTR/ERV1	3821	+	318	40045600	90533
chr8	66077981	66277981	harbor1	chr8	66121460	66121859	LTR/ERV1	2238	+	200	66121660	43679
chr8	66077981	66277981	harbor1	chr8	66122141	66122599	LTR/ERV1	3477	+	229	66122370	44389
chr8	66077981	66277981	harbor1	chr8	66122602	66123449	LTR/ERV1	5408	+	424	66123026	45045
chr8	66077981	66277981	harbor1	chr8	66124613	66125259	LTR/ERV1	2668	+	323	66124936	46955
chr8	23423555	23623555	harbor1	chr8	23489175	23489689	LTR/ERV1	3743	+	257	23489432	65877
chr8	23428893	23628893	harbor1	chr8	23489175	23489689	LTR/ERV1	3743	+	257	23489432	60539
chr8	23419596	23619596	harbor1	chr8	23489175	23489689	LTR/ERV1	3743	+	257	23489432	69836
chr8	599963	799963	harbor1	chr8	607457	607536	LTR/ERV1	799	+	40	607497	7534
chr8	599963	799963	harbor1	chr8	607767	607954	LTR/ERV1	799	+	94	607861	7898
chr8	599963	799963	harbor1	chr8	608250	608404	LTR/ERV1	799	+	77	608327	8364
chr8	599963	799963	harbor1	chr8	653239	653668	LTR/ERV1	2947	+	214	653453	53490
chr8	599963	799963	harbor1	chr8	681781	682194	LTR/ERV1	1449	+	206	681987	82024
chr8	38019471	38219471	harbor1	chr8	38024643	38025232	LTR/ERV1	3356	+	294	38024937	5466
chr8	38019471	38219471	harbor1	chr8	38081124	38081815	LTR/ERV1	4110	+	346	38081470	61999
chr8	23392919	23592919	harbor1	chr8	23489175	23489689	LTR/ERV1	3743	+	257	23489432	96513
chr8	23398382	23598382	harbor1	chr8	23489175	23489689	LTR/ERV1	3743	+	257	23489432	91050
chr8	23428533	23628533	harbor1	chr8	23489175	23489689	LTR/ERV1	3743	+	257	23489432	60899
chr8	23393307	23593307	harbor1	chr8	23489175	23489689	LTR/ERV1	3743	+	257	23489432	96125
chr8	29995437	30195437	harbor1	chr8	30006055	30006486	LTR/ERV1	4303	+	216	30006271	10834
chr8	29995437	30195437	harbor1	chr8	30006860	30007217	LTR/ERV1	4303	+	178	30007038	11601
chr8	29995437	30195437	harbor1	chr8	30035257	30035666	LTR/ERV1	2924	+	204	30035461	40024
chr8	29995437	30195437	harbor1	chr8	30087970	30089243	LTR/ERV1	7820	+	636	30088606	93169
chr8	29995437	30195437	harbor1	chr8	30089803	30089917	LTR/ERV1	444	+	57	30089860	94423
chr8	29995437	30195437	harbor1	chr8	30089929	30090078	LTR/ERV1	648	+	74	30090003	94566
chr8	29995437	30195437	harbor1	chr8	30090520	30090799	LTR/ERV1	1852	+	140	30090660	95223
chr8	66405191	66605191	harbor1	chr8	66422807	66423432	LTR/ERV1	3584	+	312	66423119	17928
chr8	66405191	66605191	harbor1	chr8	66423734	66423787	LTR/ERV1	3584	+	26	66423760	18569
chr8	66405191	66605191	harbor1	chr8	66490784	66491208	LTR/ERV1	978	+	212	66490996	85805
chr8	23428940	23628940	harbor1	chr8	23489175	23489689	LTR/ERV1	3743	+	257	23489432	60492
chr8	124796482	124996482	harbor1	chr8	124895183	124895205	LTR/ERV1	829	+	11	124895194	98712
chr8	124796482	124996482	harbor1	chr8	124895528	124895632	LTR/ERV1	829	+	52	124895580	99098
chr8	23428850	23628850	harbor1	chr8	23489175	23489689	LTR/ERV1	3743	+	257	23489432	60582
chr8	23428530	23628530	harbor1	chr8	23489175	23489689	LTR/ERV1	3743	+	257	23489432	60902
chr8	23429026	23629026	harbor1	chr8	23489175	23489689	LTR/ERV1	3743	+	257	23489432	60406
chr8	98847692	99047692	harbor1	chr8	98878312	98878813	LTR/ERV1	3471	+	250	98878562	30870
chr8	23428510	23628510	harbor1	chr8	23489175	23489689	LTR/ERV1	3743	+	257	23489432	60922
chr8	129839917	130039917	harbor1	chr8	129934485	129935129	LTR/ERV1	4718	+	322	129934807	94890
chr8	142674146	142874146	harbor1	chr8	142688345	142688572	LTR/ERV1	1090	+	114	142688459	14313
chr8	142674146	142874146	harbor1	chr8	142697896	142698333	LTR/ERV1	1724	+	218	142698114	23968
chr8	142674146	142874146	harbor1	chr8	142699004	142699439	LTR/ERV1	2091	+	218	142699222	25076
chr8	142674146	142874146	harbor1	chr8	142721471	142723200	LTR/ERV1	1310	+	864	142722335	48189
chr8	142674146	142874146	harbor1	chr8	142724761	142725128	LTR/ERV1	2776	+	184	142724945	50799
chr8	142674146	142874146	harbor1	chr8	142725256	142725521	LTR/ERV1	2776	+	132	142725388	51242
chr8	142674146	142874146	harbor1	chr8	142758988	142759586	LTR/ERV1	2573	+	299	142759287	85141
chr8	142674146	142874146	harbor1	chr8	142765644	142765678	LTR/ERV1	2772	+	17	142765661	91515
chr8	142674146	142874146	harbor1	chr8	142765993	142766460	LTR/ERV1	2772	+	234	142766227	92081
chr8	142674146	142874146	harbor1	chr8	142720976	142721112	LTR/ERV1	433	+	68	142721044	46898
chr8	81559422	81759422	harbor1	chr8	81594819	81595205	LTR/ERV1	2370	+	193	81595012	35590
chr8	81559422	81759422	harbor1	chr8	81595503	81595762	LTR/ERV1	2370	+	130	81595633	36211
chr8	81559422	81759422	harbor1	chr8	81600205	81600853	LTR/ERV1	2207	+	324	81600529	41107
chr8	81559422	81759422	harbor1	chr8	81619112	81619522	LTR/ERV1	1071	+	205	81619317	59895
chr8	81559422	81759422	harbor1	chr8	81631782	81632396	LTR/ERV1	3069	+	307	81632089	72667
chr8	81559422	81759422	harbor1	chr8	81646771	81647123	LTR/ERV1	2313	+	176	81646947	87525
chr8	143958376	144158376	harbor1	chr8	143995654	143996178	LTR/ERV1	2220	+	262	143995916	37540
chr8	53743525	53943525	harbor1	chr8	53758327	53758719	LTR/ERV1	1509	+	196	53758523	14998
chr8	53743525	53943525	harbor1	chr8	53760042	53760691	LTR/ERV1	3621	+	324	53760366	16841
chr8	53743525	53943525	harbor1	chr8	53760694	53760859	LTR/ERV1	821	+	82	53760776	17251
chr8	27322694	27522694	harbor1	chr8	27368255	27368364	LTR/ERV1	448	+	54	27368309	45615
chr8	27322694	27522694	harbor1	chr8	27368411	27368596	LTR/ERV1	659	+	92	27368503	45809
chr8	27322694	27522694	harbor1	chr8	27376448	27377006	LTR/ERV1	4254	+	279	27376727	54033
chr8	27322694	27522694	harbor1	chr8	27408032	27408653	LTR/ERV1	3899	+	310	27408342	85648
chr8	90970523	91170523	harbor1	chr8	91041734	91042202	LTR/ERV1	2635	+	234	91041968	71445
chr8	90970523	91170523	harbor1	chr8	91048084	91048901	LTR/ERV1	1181	+	408	91048492	77969
chr8	90970523	91170523	harbor1	chr8	91049212	91049403	LTR/ERV1	1181	+	96	91049308	78785
chr8	85145876	85345876	harbor1	chr8	85152501	85154094	LTR/ERV1	8509	+	796	85153297	7421
chr8	85145876	85345876	harbor1	chr8	85239290	85239996	LTR/ERV1	4523	+	353	85239643	93767
chr8	85145876	85345876	harbor1	chr8	85240080	85240599	LTR/ERV1	1627	+	260	85240340	94464
chr8	85145876	85345876	harbor1	chr8	85240916	85241018	LTR/ERV1	1627	+	51	85240967	95091
chr8	85145876	85345876	harbor1	chr8	85243849	85244561	LTR/ERV1	4372	+	356	85244205	98329
chr8	85144970	85344970	harbor1	chr8	85152501	85154094	LTR/ERV1	8509	+	796	85153297	8327
chr8	85144970	85344970	harbor1	chr8	85239290	85239996	LTR/ERV1	4523	+	353	85239643	94673
chr8	85144970	85344970	harbor1	chr8	85240080	85240599	LTR/ERV1	1627	+	260	85240340	95370
chr8	85144970	85344970	harbor1	chr8	85240916	85241018	LTR/ERV1	1627	+	51	85240967	95997
chr8	85144970	85344970	harbor1	chr8	85243849	85244561	LTR/ERV1	4372	+	356	85244205	99235
chr8	599952	799952	harbor1	chr8	607457	607536	LTR/ERV1	799	+	40	607497	7545
chr8	599952	799952	harbor1	chr8	607767	607954	LTR/ERV1	799	+	94	607861	7909
chr8	599952	799952	harbor1	chr8	608250	608404	LTR/ERV1	799	+	77	608327	8375
chr8	599952	799952	harbor1	chr8	653239	653668	LTR/ERV1	2947	+	214	653453	53501
chr8	599952	799952	harbor1	chr8	681781	682194	LTR/ERV1	1449	+	206	681987	82035
chr8	23428435	23628435	harbor1	chr8	23489175	23489689	LTR/ERV1	3743	+	257	23489432	60997
chr8	78034557	78234557	harbor1	chr8	78070621	78071300	LTR/ERV1	2190	+	340	78070961	36404
chr8	78034557	78234557	harbor1	chr8	78069417	78070026	LTR/ERV1	3682	+	304	78069721	35164
chr8	38168585	38368585	harbor1	chr8	38229500	38229570	LTR/ERV1	594	+	35	38229535	60950
chr8	23429035	23629035	harbor1	chr8	23489175	23489689	LTR/ERV1	3743	+	257	23489432	60397
chr8	17984183	18184183	harbor1	chr8	18015304	18015712	LTR/ERV1	1208	+	204	18015508	31325
chr8	17984183	18184183	harbor1	chr8	18015718	18015897	LTR/ERV1	675	+	90	18015808	31625
chr8	17984183	18184183	harbor1	chr8	18016187	18016260	LTR/ERV1	675	+	36	18016223	32040
chr8	17984183	18184183	harbor1	chr8	18018942	18019198	LTR/ERV1	454	+	128	18019070	34887
chr8	17984183	18184183	harbor1	chr8	18019837	18020881	LTR/ERV1	445	+	522	18020359	36176
chr8	17984183	18184183	harbor1	chr8	18020979	18022254	LTR/ERV1	1316	+	638	18021617	37434
chr8	17984183	18184183	harbor1	chr8	18023030	18023377	LTR/ERV1	690	+	174	18023204	39021
chr8	17984183	18184183	harbor1	chr8	18023994	18024138	LTR/ERV1	567	+	72	18024066	39883
chr8	17984183	18184183	harbor1	chr8	18082290	18082821	LTR/ERV1	823	+	266	18082556	98373
chr8	129839623	130039623	harbor1	chr8	129934485	129935129	LTR/ERV1	4718	+	322	129934807	95184
chr8	38169173	38369173	harbor1	chr8	38229500	38229570	LTR/ERV1	594	+	35	38229535	60362
chr8	38167320	38367320	harbor1	chr8	38229500	38229570	LTR/ERV1	594	+	35	38229535	62215
chr8	100618244	100818244	harbor1	chr8	100656225	100656340	LTR/ERV1	587	+	58	100656283	38039
chr8	100618244	100818244	harbor1	chr8	100670291	100671334	LTR/ERV1	5837	+	522	100670813	52569
chr8	54002046	54202046	harbor1	chr8	54072541	54072619	LTR/ERV1	492	+	39	54072580	70534
chr8	29891739	30091739	harbor1	chr8	29972228	29972339	LTR/ERV1	2983	+	56	29972284	80545
chr8	29891739	30091739	harbor1	chr8	29972728	29973093	LTR/ERV1	2983	+	182	29972910	81171
chr8	29983337	30183337	harbor1	chr8	30006055	30006486	LTR/ERV1	4303	+	216	30006271	22934
chr8	29983337	30183337	harbor1	chr8	30006860	30007217	LTR/ERV1	4303	+	178	30007038	23701
chr8	29983337	30183337	harbor1	chr8	30035257	30035666	LTR/ERV1	2924	+	204	30035461	52124
chr8	23393297	23593297	harbor1	chr8	23489175	23489689	LTR/ERV1	3743	+	257	23489432	96135
chr8	65059279	65259279	harbor1	chr8	65059560	65060537	LTR/ERV1	5970	+	488	65060048	769
chr8	38169375	38369375	harbor1	chr8	38229500	38229570	LTR/ERV1	594	+	35	38229535	60160
chr8	144366341	144566341	harbor1	chr8	144366958	144367197	LTR/ERV1	692	+	120	144367078	737
chr8	144366341	144566341	harbor1	chr8	144367888	144368030	LTR/ERV1	666	+	71	144367959	1618
chr8	23398575	23598575	harbor1	chr8	23489175	23489689	LTR/ERV1	3743	+	257	23489432	90857
chr8	35278099	35478099	harbor1	chr8	35319803	35319981	LTR/ERV1	552	+	89	35319892	41793
chr8	35278099	35478099	harbor1	chr8	35320878	35321122	LTR/ERV1	643	+	122	35321000	42901
chr8	38167968	38367968	harbor1	chr8	38229500	38229570	LTR/ERV1	594	+	35	38229535	61567
chr8	29983014	30183014	harbor1	chr8	30006055	30006486	LTR/ERV1	4303	+	216	30006271	23257
chr8	29983014	30183014	harbor1	chr8	30006860	30007217	LTR/ERV1	4303	+	178	30007038	24024
chr8	29983014	30183014	harbor1	chr8	30035257	30035666	LTR/ERV1	2924	+	204	30035461	52447
chr8	23146666	23346666	harbor1	chr8	23157799	23158340	LTR/ERV1	1393	+	270	23158069	11403
chr8	23146666	23346666	harbor1	chr8	23159255	23159581	LTR/ERV1	660	+	163	23159418	12752
chr8	23146666	23346666	harbor1	chr8	23159875	23159940	LTR/ERV1	615	+	32	23159907	13241
chr8	23146666	23346666	harbor1	chr8	23166993	23167303	LTR/ERV1	1844	+	155	23167148	20482
chr8	23146666	23346666	harbor1	chr8	23167601	23167724	LTR/ERV1	1844	+	62	23167663	20997
chr8	23146666	23346666	harbor1	chr8	23185515	23185626	LTR/ERV1	597	+	56	23185571	38905
chr8	23146666	23346666	harbor1	chr8	23186239	23186353	LTR/ERV1	597	+	57	23186296	39630
chr8	23146666	23346666	harbor1	chr8	23186651	23186668	LTR/ERV1	597	+	8	23186659	39993
chr8	23146666	23346666	harbor1	chr8	23192762	23193209	LTR/ERV1	2344	+	224	23192986	46320
chr8	23146666	23346666	harbor1	chr8	23193210	23193572	LTR/ERV1	2219	+	181	23193391	46725
chr8	23146666	23346666	harbor1	chr8	23193587	23194870	LTR/ERV1	7288	+	642	23194229	47563
chr8	23146666	23346666	harbor1	chr8	23195178	23195830	LTR/ERV1	2392	+	326	23195504	48838
chr8	23146666	23346666	harbor1	chr8	23195838	23195930	LTR/ERV1	569	+	46	23195884	49218
chr8	23146666	23346666	harbor1	chr8	23195931	23196197	LTR/ERV1	2324	+	133	23196064	49398
chr8	23146666	23346666	harbor1	chr8	23196496	23196697	LTR/ERV1	2324	+	100	23196596	49930
chr8	23146666	23346666	harbor1	chr8	23238824	23239043	LTR/ERV1	3307	+	110	23238934	92268
chr8	23146666	23346666	harbor1	chr8	23239482	23239693	LTR/ERV1	3307	+	106	23239588	92922
chr8	23146666	23346666	harbor1	chr8	23239992	23240047	LTR/ERV1	3307	+	28	23240020	93354
chr8	23146666	23346666	harbor1	chr8	23240050	23240415	LTR/ERV1	4610	+	182	23240232	93566
chr8	23146666	23346666	harbor1	chr8	23240453	23240854	LTR/ERV1	4610	+	200	23240653	93987
chr8	23146666	23346666	harbor1	chr8	23241153	23241367	LTR/ERV1	4610	+	107	23241260	94594
chr8	23146666	23346666	harbor1	chr8	23241663	23241727	LTR/ERV1	4610	+	32	23241695	95029
chr8	23146666	23346666	harbor1	chr8	23242019	23243200	LTR/ERV1	6358	+	590	23242609	95943
chr8	23146666	23346666	harbor1	chr8	23243552	23243732	LTR/ERV1	585	+	90	23243642	96976
chr8	8665131	8865131	harbor1	chr8	8673793	8674443	LTR/ERV1	2733	+	325	8674118	8987
chr8	8665131	8865131	harbor1	chr8	8674741	8674805	LTR/ERV1	2733	+	32	8674773	9642
chr8	8665131	8865131	harbor1	chr8	8707245	8707746	LTR/ERV1	2912	+	250	8707495	42364
chr8	8665131	8865131	harbor1	chr8	8747520	8747606	LTR/ERV1	527	+	43	8747563	82432
chr8	102556522	102756522	harbor1	chr8	102581363	102581580	LTR/ERV1	454	+	108	102581471	24949
chr8	102556522	102756522	harbor1	chr8	102593780	102594523	LTR/ERV1	5075	+	372	102594152	37630
chr8	102556522	102756522	harbor1	chr8	102635459	102635922	LTR/ERV1	3370	+	232	102635691	79169
chr8	143960625	144160625	harbor1	chr8	143995654	143996178	LTR/ERV1	2220	+	262	143995916	35291
chr8	144006082	144206082	harbor1	chr8	144061158	144061311	LTR/ERV1	1072	+	76	144061234	55152
chr8	144006082	144206082	harbor1	chr8	144061544	144061740	LTR/ERV1	2092	+	98	144061642	55560
chr8	144006082	144206082	harbor1	chr8	144062038	144062206	LTR/ERV1	2092	+	84	144062122	56040
chr8	144006082	144206082	harbor1	chr8	144067956	144068410	LTR/ERV1	2713	+	227	144068183	62101
chr8	144006082	144206082	harbor1	chr8	144093078	144093210	LTR/ERV1	3721	+	66	144093144	87062
chr8	144006082	144206082	harbor1	chr8	144093465	144093953	LTR/ERV1	3721	+	244	144093709	87627
chr8	21682210	21882210	harbor1	chr8	21716679	21717023	LTR/ERV1	974	+	172	21716851	34641
chr8	21682210	21882210	harbor1	chr8	21734827	21735228	LTR/ERV1	2775	+	200	21735027	52817
chr8	23428962	23628962	harbor1	chr8	23489175	23489689	LTR/ERV1	3743	+	257	23489432	60470
chr8	41443390	41643390	harbor1	chr8	41458158	41458581	LTR/ERV1	3050	+	212	41458370	14980
chr8	41443390	41643390	harbor1	chr8	41458746	41458964	LTR/ERV1	1304	+	109	41458855	15465
chr8	41443390	41643390	harbor1	chr8	41479977	41480247	LTR/ERV1	1693	+	135	41480112	36722
chr8	41443390	41643390	harbor1	chr8	41483264	41483614	LTR/ERV1	2078	+	175	41483439	40049
chr8	41443390	41643390	harbor1	chr8	41517954	41518138	LTR/ERV1	497	+	92	41518046	74656
chr8	3258304	3458304	harbor1	chr8	3283592	3283984	LTR/ERV1	811	+	196	3283788	25484
chr8	100621232	100821232	harbor1	chr8	100656225	100656340	LTR/ERV1	587	+	58	100656283	35051
chr8	100621232	100821232	harbor1	chr8	100670291	100671334	LTR/ERV1	5837	+	522	100670813	49581
chr8	38169193	38369193	harbor1	chr8	38229500	38229570	LTR/ERV1	594	+	35	38229535	60342
chr8	29983347	30183347	harbor1	chr8	30006055	30006486	LTR/ERV1	4303	+	216	30006271	22924
chr8	29983347	30183347	harbor1	chr8	30006860	30007217	LTR/ERV1	4303	+	178	30007038	23691
chr8	29983347	30183347	harbor1	chr8	30035257	30035666	LTR/ERV1	2924	+	204	30035461	52114
chr8	23428892	23628892	harbor1	chr8	23489175	23489689	LTR/ERV1	3743	+	257	23489432	60540
chr8	66405141	66605141	harbor1	chr8	66422807	66423432	LTR/ERV1	3584	+	312	66423119	17978
chr8	66405141	66605141	harbor1	chr8	66423734	66423787	LTR/ERV1	3584	+	26	66423760	18619
chr8	66405141	66605141	harbor1	chr8	66490784	66491208	LTR/ERV1	978	+	212	66490996	85855
chr8	144689776	144889776	harbor1	chr8	144755894	144756122	LTR/ERV1	957	+	114	144756008	66232
chr8	144689776	144889776	harbor1	chr8	144756299	144756393	LTR/ERV1	548	+	47	144756346	66570
chr9	4663254	4863254	harbor1	chr9	4758445	4758862	LTR/ERV1	1167	+	208	4758653	95399
chr9	136629220	136829220	harbor1	chr9	136693167	136693434	LTR/ERV1	1258	+	134	136693301	64081
chr9	136629220	136829220	harbor1	chr9	136704861	136705030	LTR/ERV1	979	+	84	136704945	75725
chr9	136629220	136829220	harbor1	chr9	136705353	136705519	LTR/ERV1	979	+	83	136705436	76216
chr9	4692931	4892931	harbor1	chr9	4758445	4758862	LTR/ERV1	1167	+	208	4758653	65722
chr9	4692160	4892160	harbor1	chr9	4758445	4758862	LTR/ERV1	1167	+	208	4758653	66493
chr9	4692665	4892665	harbor1	chr9	4758445	4758862	LTR/ERV1	1167	+	208	4758653	65988
chr9	4883814	5083814	harbor1	chr9	4886929	4887563	LTR/ERV1	5132	+	317	4887246	3432
chr9	4692207	4892207	harbor1	chr9	4758445	4758862	LTR/ERV1	1167	+	208	4758653	66446
chr9	4692981	4892981	harbor1	chr9	4758445	4758862	LTR/ERV1	1167	+	208	4758653	65672
chr9	4692827	4892827	harbor1	chr9	4758445	4758862	LTR/ERV1	1167	+	208	4758653	65826
chr9	4693009	4893009	harbor1	chr9	4758445	4758862	LTR/ERV1	1167	+	208	4758653	65644
chr9	4663492	4863492	harbor1	chr9	4758445	4758862	LTR/ERV1	1167	+	208	4758653	95161
chr9	4692473	4892473	harbor1	chr9	4758445	4758862	LTR/ERV1	1167	+	208	4758653	66180
chr9	4663979	4863979	harbor1	chr9	4758445	4758862	LTR/ERV1	1167	+	208	4758653	94674
chr9	4879874	5079874	harbor1	chr9	4886929	4887563	LTR/ERV1	5132	+	317	4887246	7372
chr9	4883151	5083151	harbor1	chr9	4886929	4887563	LTR/ERV1	5132	+	317	4887246	4095
chr9	4692614	4892614	harbor1	chr9	4758445	4758862	LTR/ERV1	1167	+	208	4758653	66039
chr9	4692270	4892270	harbor1	chr9	4758445	4758862	LTR/ERV1	1167	+	208	4758653	66383
chr9	4669979	4869979	harbor1	chr9	4758445	4758862	LTR/ERV1	1167	+	208	4758653	88674
chr9	34027018	34227018	harbor1	chr9	34058248	34058394	LTR/ERV1	928	+	73	34058321	31303
chr9	34027018	34227018	harbor1	chr9	34084953	34085184	LTR/ERV1	1577	+	116	34085069	58051
chr9	34027018	34227018	harbor1	chr9	34120373	34120388	LTR/ERV1	2142	+	8	34120381	93363
chr9	34027018	34227018	harbor1	chr9	34120697	34120871	LTR/ERV1	2142	+	87	34120784	93766
chr9	34027018	34227018	harbor1	chr9	34121180	34121538	LTR/ERV1	2142	+	179	34121359	94341
chr9	4692437	4892437	harbor1	chr9	4758445	4758862	LTR/ERV1	1167	+	208	4758653	66216
chr9	4693668	4893668	harbor1	chr9	4758445	4758862	LTR/ERV1	1167	+	208	4758653	64985
chr9	4884822	5084822	harbor1	chr9	4886929	4887563	LTR/ERV1	5132	+	317	4887246	2424
chr9	132382125	132582125	harbor1	chr9	132408541	132408933	LTR/ERV1	2298	+	196	132408737	26612
chr9	68605581	68805581	harbor1	chr9	68616842	68618167	LTR/ERV1	9795	+	662	68617504	11923
chr9	4669278	4869278	harbor1	chr9	4758445	4758862	LTR/ERV1	1167	+	208	4758653	89375
chr9	4755861	4955861	harbor1	chr9	4758445	4758862	LTR/ERV1	1167	+	208	4758653	2792
chr9	4884838	5084838	harbor1	chr9	4886929	4887563	LTR/ERV1	5132	+	317	4887246	2408
chr9	4703727	4903727	harbor1	chr9	4758445	4758862	LTR/ERV1	1167	+	208	4758653	54926
chr9	19130921	19330921	harbor1	chr9	19130778	19131079	LTR/ERV1	1077	+	150	19130928	7
chr9	19130921	19330921	harbor1	chr9	19131275	19131381	LTR/ERV1	2177	+	53	19131328	407
chr9	19130921	19330921	harbor1	chr9	19131685	19132197	LTR/ERV1	2177	+	256	19131941	1020
chr9	19130921	19330921	harbor1	chr9	19140444	19140598	LTR/ERV1	1959	+	77	19140521	9600
chr9	19130921	19330921	harbor1	chr9	19140909	19141035	LTR/ERV1	1959	+	63	19140972	10051
chr9	19130921	19330921	harbor1	chr9	19141336	19141668	LTR/ERV1	1959	+	166	19141502	10581
chr9	19130921	19330921	harbor1	chr9	19181078	19181168	LTR/ERV1	2258	+	45	19181123	50202
chr9	19130921	19330921	harbor1	chr9	19181289	19181353	LTR/ERV1	2258	+	32	19181321	50400
chr9	19130921	19330921	harbor1	chr9	19181658	19182012	LTR/ERV1	2258	+	177	19181835	50914
chr9	19130921	19330921	harbor1	chr9	19182310	19182383	LTR/ERV1	2258	+	36	19182346	51425
chr9	19130921	19330921	harbor1	chr9	19188668	19189267	LTR/ERV1	3666	+	300	19188968	58047
chr9	19130921	19330921	harbor1	chr9	19189988	19190094	LTR/ERV1	2065	+	53	19190041	59120
chr9	19130921	19330921	harbor1	chr9	19190384	19190569	LTR/ERV1	2065	+	92	19190476	59555
chr9	19130921	19330921	harbor1	chr9	19191190	19191531	LTR/ERV1	2065	+	170	19191360	60439
chr9	19130921	19330921	harbor1	chr9	19197095	19197233	LTR/ERV1	1314	+	69	19197164	66243
chr9	19130921	19330921	harbor1	chr9	19197664	19197792	LTR/ERV1	1314	+	64	19197728	66807
chr9	19130921	19330921	harbor1	chr9	19198094	19198190	LTR/ERV1	1314	+	48	19198142	67221
chr9	4747782	4947782	harbor1	chr9	4758445	4758862	LTR/ERV1	1167	+	208	4758653	10871
chr9	4884786	5084786	harbor1	chr9	4886929	4887563	LTR/ERV1	5132	+	317	4887246	2460
chr9	4692442	4892442	harbor1	chr9	4758445	4758862	LTR/ERV1	1167	+	208	4758653	66211
chr9	4692263	4892263	harbor1	chr9	4758445	4758862	LTR/ERV1	1167	+	208	4758653	66390
chr9	4884812	5084812	harbor1	chr9	4886929	4887563	LTR/ERV1	5132	+	317	4887246	2434
chr9	4692767	4892767	harbor1	chr9	4758445	4758862	LTR/ERV1	1167	+	208	4758653	65886
chr9	4884794	5084794	harbor1	chr9	4886929	4887563	LTR/ERV1	5132	+	317	4887246	2452
chr9	68603685	68803685	harbor1	chr9	68616842	68618167	LTR/ERV1	9795	+	662	68617504	13819
chr9	4663011	4863011	harbor1	chr9	4758445	4758862	LTR/ERV1	1167	+	208	4758653	95642
chr9	4704642	4904642	harbor1	chr9	4758445	4758862	LTR/ERV1	1167	+	208	4758653	54011
chr9	4698312	4898312	harbor1	chr9	4758445	4758862	LTR/ERV1	1167	+	208	4758653	60341
chr9	4883407	5083407	harbor1	chr9	4886929	4887563	LTR/ERV1	5132	+	317	4887246	3839
chr9	133055213	133255213	harbor1	chr9	133074537	133075038	LTR/ERV1	4283	+	250	133074787	19574
chr9	133055213	133255213	harbor1	chr9	133075353	133075707	LTR/ERV1	4283	+	177	133075530	20317
chr9	133055213	133255213	harbor1	chr9	133080128	133080326	LTR/ERV1	1005	+	99	133080227	25014
chr9	133055213	133255213	harbor1	chr9	133089366	133089708	LTR/ERV1	2506	+	171	133089537	34324
chr9	133055213	133255213	harbor1	chr9	133089996	133090078	LTR/ERV1	2506	+	41	133090037	34824
chr9	133063758	133263758	harbor1	chr9	133074537	133075038	LTR/ERV1	4283	+	250	133074787	11029
chr9	133063758	133263758	harbor1	chr9	133075353	133075707	LTR/ERV1	4283	+	177	133075530	11772
chr9	133063758	133263758	harbor1	chr9	133080128	133080326	LTR/ERV1	1005	+	99	133080227	16469
chr9	133063758	133263758	harbor1	chr9	133089366	133089708	LTR/ERV1	2506	+	171	133089537	25779
chr9	133063758	133263758	harbor1	chr9	133089996	133090078	LTR/ERV1	2506	+	41	133090037	26279
chr9	4883310	5083310	harbor1	chr9	4886929	4887563	LTR/ERV1	5132	+	317	4887246	3936
chr9	135599708	135799708	harbor1	chr9	135625356	135625939	LTR/ERV1	4313	+	292	135625648	25940
chr9	135599708	135799708	harbor1	chr9	135644567	135645131	LTR/ERV1	3293	+	282	135644849	45141
chr9	135599708	135799708	harbor1	chr9	135645972	135646417	LTR/ERV1	2683	+	222	135646194	46486
chr9	135599708	135799708	harbor1	chr9	135646608	135647364	LTR/ERV1	5147	+	378	135646986	47278
chr9	135599708	135799708	harbor1	chr9	135647365	135647751	LTR/ERV1	1290	+	193	135647558	47850
chr9	135599708	135799708	harbor1	chr9	135647884	135648220	LTR/ERV1	1408	+	168	135648052	48344
chr9	135599708	135799708	harbor1	chr9	135648406	135648518	LTR/ERV1	1271	+	56	135648462	48754
chr9	135599708	135799708	harbor1	chr9	135649158	135649564	LTR/ERV1	1271	+	203	135649361	49653
chr9	135599708	135799708	harbor1	chr9	135649736	135650310	LTR/ERV1	2225	+	287	135650023	50315
chr9	135599708	135799708	harbor1	chr9	135650312	135650448	LTR/ERV1	540	+	68	135650380	50672
chr9	135599708	135799708	harbor1	chr9	135650751	135651022	LTR/ERV1	1142	+	136	135650887	51179
chr9	135599708	135799708	harbor1	chr9	135651022	135651165	LTR/ERV1	831	+	72	135651094	51386
chr9	135599708	135799708	harbor1	chr9	135652210	135652488	LTR/ERV1	3942	+	139	135652349	52641
chr9	135599708	135799708	harbor1	chr9	135653246	135653833	LTR/ERV1	3942	+	294	135653540	53832
chr9	135599708	135799708	harbor1	chr9	135654131	135654261	LTR/ERV1	3942	+	65	135654196	54488
chr9	135599708	135799708	harbor1	chr9	135654258	135654625	LTR/ERV1	1672	+	184	135654442	54734
chr9	135599708	135799708	harbor1	chr9	135656414	135656506	LTR/ERV1	3925	+	46	135656460	56752
chr9	135599708	135799708	harbor1	chr9	135656823	135657341	LTR/ERV1	3925	+	259	135657082	57374
chr9	135599708	135799708	harbor1	chr9	135657351	135658342	LTR/ERV1	16765	+	496	135657847	58139
chr9	135599708	135799708	harbor1	chr9	135660671	135660751	LTR/ERV1	5289	+	40	135660711	61003
chr9	135599708	135799708	harbor1	chr9	135661050	135661580	LTR/ERV1	5289	+	265	135661315	61607
chr9	135599708	135799708	harbor1	chr9	135661871	135662290	LTR/ERV1	5289	+	210	135662081	62373
chr9	135599708	135799708	harbor1	chr9	135662291	135662919	LTR/ERV1	3987	+	314	135662605	62897
chr9	135599708	135799708	harbor1	chr9	135658647	135660564	LTR/ERV1	16765	+	958	135659605	59897
chr9	4883306	5083306	harbor1	chr9	4886929	4887563	LTR/ERV1	5132	+	317	4887246	3940
chr9	111796999	111996999	harbor1	chr9	111808417	111808886	LTR/ERV1	3397	+	234	111808651	11652
chr9	111796999	111996999	harbor1	chr9	111810243	111810973	LTR/ERV1	3185	+	365	111810608	13609
chr9	111796999	111996999	harbor1	chr9	111868286	111868935	LTR/ERV1	4302	+	324	111868610	71611
chr9	111796999	111996999	harbor1	chr9	111871411	111871837	LTR/ERV1	2842	+	213	111871624	74625
chr9	4663450	4863450	harbor1	chr9	4758445	4758862	LTR/ERV1	1167	+	208	4758653	95203
chr9	126299438	126499438	harbor1	chr9	126303897	126304056	LTR/ERV1	922	+	80	126303977	4539
chr9	3230875	3430875	harbor1	chr9	3290823	3291082	LTR/ERV1	1491	+	130	3290953	60078
chr9	3230875	3430875	harbor1	chr9	3291437	3291727	LTR/ERV1	1491	+	145	3291582	60707
chr9	4739858	4939858	harbor1	chr9	4758445	4758862	LTR/ERV1	1167	+	208	4758653	18795
chr9	4663900	4863900	harbor1	chr9	4758445	4758862	LTR/ERV1	1167	+	208	4758653	94753
chr9	83716782	83916782	harbor1	chr9	83800640	83800982	LTR/ERV1	1852	+	171	83800811	84029
chr9	4884859	5084859	harbor1	chr9	4886929	4887563	LTR/ERV1	5132	+	317	4887246	2387
chr9	4692956	4892956	harbor1	chr9	4758445	4758862	LTR/ERV1	1167	+	208	4758653	65697
chr9	4694138	4894138	harbor1	chr9	4758445	4758862	LTR/ERV1	1167	+	208	4758653	64515
chr9	4692434	4892434	harbor1	chr9	4758445	4758862	LTR/ERV1	1167	+	208	4758653	66219
chr9	4663906	4863906	harbor1	chr9	4758445	4758862	LTR/ERV1	1167	+	208	4758653	94747
chr9	4879900	5079900	harbor1	chr9	4886929	4887563	LTR/ERV1	5132	+	317	4887246	7346
chr9	4877201	5077201	harbor1	chr9	4886929	4887563	LTR/ERV1	5132	+	317	4887246	10045
chr9	4663278	4863278	harbor1	chr9	4758445	4758862	LTR/ERV1	1167	+	208	4758653	95375
chr9	113066019	113266019	harbor1	chr9	113095434	113096033	LTR/ERV1	4260	+	300	113095734	29715
chr9	113066019	113266019	harbor1	chr9	113122579	113123001	LTR/ERV1	2068	+	211	113122790	56771
chr9	113066019	113266019	harbor1	chr9	113125537	113125921	LTR/ERV1	1487	+	192	113125729	59710
chr9	35598598	35798598	harbor1	chr9	35598751	35600672	LTR/ERV1	8559	+	960	35599711	1113
chr9	35598598	35798598	harbor1	chr9	35636819	35637342	LTR/ERV1	3199	+	262	35637081	38483
chr9	35598598	35798598	harbor1	chr9	35637343	35637794	LTR/ERV1	1986	+	226	35637569	38971
chr9	35598598	35798598	harbor1	chr9	35637853	35639025	LTR/ERV1	3784	+	586	35638439	39841
chr9	35598598	35798598	harbor1	chr9	35642828	35643368	LTR/ERV1	2344	+	270	35643098	44500
chr9	4755859	4955859	harbor1	chr9	4758445	4758862	LTR/ERV1	1167	+	208	4758653	2794
chr9	133063183	133263183	harbor1	chr9	133074537	133075038	LTR/ERV1	4283	+	250	133074787	11604
chr9	133063183	133263183	harbor1	chr9	133075353	133075707	LTR/ERV1	4283	+	177	133075530	12347
chr9	133063183	133263183	harbor1	chr9	133080128	133080326	LTR/ERV1	1005	+	99	133080227	17044
chr9	133063183	133263183	harbor1	chr9	133089366	133089708	LTR/ERV1	2506	+	171	133089537	26354
chr9	133063183	133263183	harbor1	chr9	133089996	133090078	LTR/ERV1	2506	+	41	133090037	26854
chr9	4692945	4892945	harbor1	chr9	4758445	4758862	LTR/ERV1	1167	+	208	4758653	65708
chr9	4663875	4863875	harbor1	chr9	4758445	4758862	LTR/ERV1	1167	+	208	4758653	94778
chr9	4692940	4892940	harbor1	chr9	4758445	4758862	LTR/ERV1	1167	+	208	4758653	65713
chr9	4669568	4869568	harbor1	chr9	4758445	4758862	LTR/ERV1	1167	+	208	4758653	89085
chr9	4884854	5084854	harbor1	chr9	4886929	4887563	LTR/ERV1	5132	+	317	4887246	2392
chr9	4884933	5084933	harbor1	chr9	4886929	4887563	LTR/ERV1	5132	+	317	4887246	2313
chr9	4692448	4892448	harbor1	chr9	4758445	4758862	LTR/ERV1	1167	+	208	4758653	66205
chr9	21875478	22075478	harbor1	chr9	21921892	21922597	LTR/ERV1	3892	+	352	21922244	46766
chr9	21875478	22075478	harbor1	chr9	21922598	21928866	LTR/ERV1	21619	+	3134	21925732	50254
chr9	21875478	22075478	harbor1	chr9	21930151	21931320	LTR/ERV1	7668	+	584	21930735	55257
chr9	21875478	22075478	harbor1	chr9	21931321	21931935	LTR/ERV1	1732	+	307	21931628	56150
chr9	21875478	22075478	harbor1	chr9	21932126	21932869	LTR/ERV1	4183	+	372	21932498	57020
chr9	21875478	22075478	harbor1	chr9	21933242	21933453	LTR/ERV1	761	+	106	21933348	57870
chr9	21875478	22075478	harbor1	chr9	21933459	21933961	LTR/ERV1	1974	+	251	21933710	58232
chr9	21875478	22075478	harbor1	chr9	21934395	21934697	LTR/ERV1	1974	+	151	21934546	59068
chr9	21875478	22075478	harbor1	chr9	21934999	21935173	LTR/ERV1	1974	+	87	21935086	59608
chr9	21875478	22075478	harbor1	chr9	21936430	21937070	LTR/ERV1	4379	+	320	21936750	61272
chr9	21875478	22075478	harbor1	chr9	21937349	21937857	LTR/ERV1	4379	+	254	21937603	62125
chr9	21875478	22075478	harbor1	chr9	21938465	21938948	LTR/ERV1	4379	+	242	21938707	63229
chr9	21875478	22075478	harbor1	chr9	21939295	21939581	LTR/ERV1	4379	+	143	21939438	63960
chr9	21875478	22075478	harbor1	chr9	21939896	21939999	LTR/ERV1	4379	+	52	21939948	64470
chr9	21875478	22075478	harbor1	chr9	21940099	21940551	LTR/ERV1	4379	+	226	21940325	64847
chr9	21875478	22075478	harbor1	chr9	21959076	21960297	LTR/ERV1	7632	+	610	21959686	84208
chr9	21875478	22075478	harbor1	chr9	21960298	21960419	LTR/ERV1	956	+	60	21960358	84880
chr9	21875478	22075478	harbor1	chr9	21966282	21966570	LTR/ERV1	1522	+	144	21966426	90948
chr9	4692452	4892452	harbor1	chr9	4758445	4758862	LTR/ERV1	1167	+	208	4758653	66201
chr9	4885046	5085046	harbor1	chr9	4886929	4887563	LTR/ERV1	5132	+	317	4887246	2200
chr9	4692258	4892258	harbor1	chr9	4758445	4758862	LTR/ERV1	1167	+	208	4758653	66395
chr9	4747506	4947506	harbor1	chr9	4758445	4758862	LTR/ERV1	1167	+	208	4758653	11147
chr9	4884905	5084905	harbor1	chr9	4886929	4887563	LTR/ERV1	5132	+	317	4887246	2341
chr9	35580921	35780921	harbor1	chr9	35598751	35600672	LTR/ERV1	8559	+	960	35599711	18790
chr9	35580921	35780921	harbor1	chr9	35636819	35637342	LTR/ERV1	3199	+	262	35637081	56160
chr9	35580921	35780921	harbor1	chr9	35637343	35637794	LTR/ERV1	1986	+	226	35637569	56648
chr9	35580921	35780921	harbor1	chr9	35637853	35639025	LTR/ERV1	3784	+	586	35638439	57518
chr9	35580921	35780921	harbor1	chr9	35642828	35643368	LTR/ERV1	2344	+	270	35643098	62177
chr9	35580921	35780921	harbor1	chr9	35585371	35586072	LTR/ERV1	4379	+	350	35585721	4800
chr9	89260220	89460220	harbor1	chr9	89282249	89283669	LTR/ERV1	10780	+	710	89282959	22739
chr9	89260220	89460220	harbor1	chr9	89295342	89295802	LTR/ERV1	3997	+	230	89295572	35352
chr9	89260220	89460220	harbor1	chr9	89296105	89296218	LTR/ERV1	3997	+	56	89296161	35941
chr9	89260220	89460220	harbor1	chr9	89296219	89296505	LTR/ERV1	5484	+	143	89296362	36142
chr9	89260220	89460220	harbor1	chr9	89296536	89297124	LTR/ERV1	5484	+	294	89296830	36610
chr9	89260220	89460220	harbor1	chr9	89297123	89297499	LTR/ERV1	2798	+	188	89297311	37091
chr9	89260220	89460220	harbor1	chr9	89300169	89300236	LTR/ERV1	10371	+	34	89300203	39983
chr9	89260220	89460220	harbor1	chr9	89300557	89301093	LTR/ERV1	10371	+	268	89300825	40605
chr9	89260220	89460220	harbor1	chr9	89301131	89302293	LTR/ERV1	10371	+	581	89301712	41492
chr9	89260220	89460220	harbor1	chr9	89302993	89303780	LTR/ERV1	10371	+	394	89303387	43167
chr9	89260220	89460220	harbor1	chr9	89303764	89303995	LTR/ERV1	1590	+	116	89303880	43660
chr9	89260220	89460220	harbor1	chr9	89303997	89304548	LTR/ERV1	4011	+	276	89304273	44053
chr9	4884994	5084994	harbor1	chr9	4886929	4887563	LTR/ERV1	5132	+	317	4887246	2252
chr9	92958896	93158896	harbor1	chr9	92977789	92978000	LTR/ERV1	2799	+	106	92977895	18999
chr9	92958896	93158896	harbor1	chr9	92978307	92978659	LTR/ERV1	2799	+	176	92978483	19587
chr9	4692158	4892158	harbor1	chr9	4758445	4758862	LTR/ERV1	1167	+	208	4758653	66495
chr9	4669265	4869265	harbor1	chr9	4758445	4758862	LTR/ERV1	1167	+	208	4758653	89388
chr9	133586298	133786298	harbor1	chr9	133678262	133678933	LTR/ERV1	3061	+	336	133678598	92300
chr9	4748106	4948106	harbor1	chr9	4758445	4758862	LTR/ERV1	1167	+	208	4758653	10547
chr9	83553396	83753396	harbor1	chr9	83599092	83599581	LTR/ERV1	1569	+	244	83599336	45940
chr9	133605246	133805246	harbor1	chr9	133678262	133678933	LTR/ERV1	3061	+	336	133678598	73352
chr9	4884926	5084926	harbor1	chr9	4886929	4887563	LTR/ERV1	5132	+	317	4887246	2320
chr9	4692312	4892312	harbor1	chr9	4758445	4758862	LTR/ERV1	1167	+	208	4758653	66341
chr9	4692909	4892909	harbor1	chr9	4758445	4758862	LTR/ERV1	1167	+	208	4758653	65744
chr9	4663127	4863127	harbor1	chr9	4758445	4758862	LTR/ERV1	1167	+	208	4758653	95526
chr9	136008266	136208266	harbor1	chr9	136028520	136030023	LTR/ERV1	8133	+	752	136029272	21006
chr9	136008266	136208266	harbor1	chr9	136073538	136074013	LTR/ERV1	1222	+	238	136073776	65510
chr9	136008266	136208266	harbor1	chr9	136076191	136076346	LTR/ERV1	490	+	78	136076269	68003
chr9	94048912	94248912	harbor1	chr9	94054652	94055127	LTR/ERV1	1643	+	238	94054890	5978
chr9	94048912	94248912	harbor1	chr9	94134306	94135003	LTR/ERV1	4565	+	348	94134654	85742
chr9	94048912	94248912	harbor1	chr9	94137111	94137657	LTR/ERV1	4219	+	273	94137384	88472
chr9	68605563	68805563	harbor1	chr9	68616842	68618167	LTR/ERV1	9795	+	662	68617504	11941
chr9	4692971	4892971	harbor1	chr9	4758445	4758862	LTR/ERV1	1167	+	208	4758653	65682
chr9	4884847	5084847	harbor1	chr9	4886929	4887563	LTR/ERV1	5132	+	317	4887246	2399
chr9	112387221	112587221	harbor1	chr9	112472126	112472435	LTR/ERV1	1622	+	154	112472280	85059
chr9	4692946	4892946	harbor1	chr9	4758445	4758862	LTR/ERV1	1167	+	208	4758653	65707
chr9	4883816	5083816	harbor1	chr9	4886929	4887563	LTR/ERV1	5132	+	317	4887246	3430
chr9	4663649	4863649	harbor1	chr9	4758445	4758862	LTR/ERV1	1167	+	208	4758653	95004
chr9	35691958	35891958	harbor1	chr9	35779042	35779206	LTR/ERV1	614	+	82	35779124	87166
chr9	35691958	35891958	harbor1	chr9	35779355	35779749	LTR/ERV1	1102	+	197	35779552	87594
chr9	35691958	35891958	harbor1	chr9	35780028	35780495	LTR/ERV1	801	+	234	35780262	88304
chr9	4663080	4863080	harbor1	chr9	4758445	4758862	LTR/ERV1	1167	+	208	4758653	95573
chr9	4884823	5084823	harbor1	chr9	4886929	4887563	LTR/ERV1	5132	+	317	4887246	2423
chr9	133063738	133263738	harbor1	chr9	133074537	133075038	LTR/ERV1	4283	+	250	133074787	11049
chr9	133063738	133263738	harbor1	chr9	133075353	133075707	LTR/ERV1	4283	+	177	133075530	11792
chr9	133063738	133263738	harbor1	chr9	133080128	133080326	LTR/ERV1	1005	+	99	133080227	16489
chr9	133063738	133263738	harbor1	chr9	133089366	133089708	LTR/ERV1	2506	+	171	133089537	25799
chr9	133063738	133263738	harbor1	chr9	133089996	133090078	LTR/ERV1	2506	+	41	133090037	26299
chr9	126245605	126445605	harbor1	chr9	126303897	126304056	LTR/ERV1	922	+	80	126303977	58372
chr9	68605579	68805579	harbor1	chr9	68616842	68618167	LTR/ERV1	9795	+	662	68617504	11925
chr9	6658046	6858046	harbor1	chr9	6683507	6683925	LTR/ERV1	1504	+	209	6683716	25670
chr9	6658046	6858046	harbor1	chr9	6708391	6708588	LTR/ERV1	1849	+	98	6708489	50443
chr9	6658046	6858046	harbor1	chr9	6708738	6709057	LTR/ERV1	1849	+	160	6708898	50852
chr9	6658046	6858046	harbor1	chr9	6717627	6718329	LTR/ERV1	3848	+	351	6717978	59932
chr9	6658046	6858046	harbor1	chr9	6718616	6718635	LTR/ERV1	3848	+	10	6718626	60580
chr9	6658046	6858046	harbor1	chr9	6718935	6719011	LTR/ERV1	3848	+	38	6718973	60927
chr9	137065149	137265149	harbor1	chr9	137075103	137075645	LTR/ERV1	3968	+	271	137075374	10225
chr9	89262840	89462840	harbor1	chr9	89282249	89283669	LTR/ERV1	10780	+	710	89282959	20119
chr9	89262840	89462840	harbor1	chr9	89295342	89295802	LTR/ERV1	3997	+	230	89295572	32732
chr9	89262840	89462840	harbor1	chr9	89296105	89296218	LTR/ERV1	3997	+	56	89296161	33321
chr9	89262840	89462840	harbor1	chr9	89296219	89296505	LTR/ERV1	5484	+	143	89296362	33522
chr9	89262840	89462840	harbor1	chr9	89296536	89297124	LTR/ERV1	5484	+	294	89296830	33990
chr9	89262840	89462840	harbor1	chr9	89297123	89297499	LTR/ERV1	2798	+	188	89297311	34471
chr9	89262840	89462840	harbor1	chr9	89300169	89300236	LTR/ERV1	10371	+	34	89300203	37363
chr9	89262840	89462840	harbor1	chr9	89300557	89301093	LTR/ERV1	10371	+	268	89300825	37985
chr9	89262840	89462840	harbor1	chr9	89301131	89302293	LTR/ERV1	10371	+	581	89301712	38872
chr9	89262840	89462840	harbor1	chr9	89302993	89303780	LTR/ERV1	10371	+	394	89303387	40547
chr9	89262840	89462840	harbor1	chr9	89303764	89303995	LTR/ERV1	1590	+	116	89303880	41040
chr9	89262840	89462840	harbor1	chr9	89303997	89304548	LTR/ERV1	4011	+	276	89304273	41433
chr9	4883473	5083473	harbor1	chr9	4886929	4887563	LTR/ERV1	5132	+	317	4887246	3773
chr9	4669986	4869986	harbor1	chr9	4758445	4758862	LTR/ERV1	1167	+	208	4758653	88667
chr9	4884959	5084959	harbor1	chr9	4886929	4887563	LTR/ERV1	5132	+	317	4887246	2287
chr9	4692882	4892882	harbor1	chr9	4758445	4758862	LTR/ERV1	1167	+	208	4758653	65771
chr9	4884897	5084897	harbor1	chr9	4886929	4887563	LTR/ERV1	5132	+	317	4887246	2349
chr9	4884936	5084936	harbor1	chr9	4886929	4887563	LTR/ERV1	5132	+	317	4887246	2310
chr9	4722331	4922331	harbor1	chr9	4758445	4758862	LTR/ERV1	1167	+	208	4758653	36322
chr9	4883068	5083068	harbor1	chr9	4886929	4887563	LTR/ERV1	5132	+	317	4887246	4178
chr9	4884790	5084790	harbor1	chr9	4886929	4887563	LTR/ERV1	5132	+	317	4887246	2456
chr9	4663076	4863076	harbor1	chr9	4758445	4758862	LTR/ERV1	1167	+	208	4758653	95577
chr9	97533584	97733584	harbor1	chr9	97574037	97575455	LTR/ERV1	10646	+	709	97574746	41162
chr9	35692023	35892023	harbor1	chr9	35779042	35779206	LTR/ERV1	614	+	82	35779124	87101
chr9	35692023	35892023	harbor1	chr9	35779355	35779749	LTR/ERV1	1102	+	197	35779552	87529
chr9	35692023	35892023	harbor1	chr9	35780028	35780495	LTR/ERV1	801	+	234	35780262	88239
chr9	4663656	4863656	harbor1	chr9	4758445	4758862	LTR/ERV1	1167	+	208	4758653	94997
chr9	19130894	19330894	harbor1	chr9	19130778	19131079	LTR/ERV1	1077	+	150	19130928	34
chr9	19130894	19330894	harbor1	chr9	19131275	19131381	LTR/ERV1	2177	+	53	19131328	434
chr9	19130894	19330894	harbor1	chr9	19131685	19132197	LTR/ERV1	2177	+	256	19131941	1047
chr9	19130894	19330894	harbor1	chr9	19140444	19140598	LTR/ERV1	1959	+	77	19140521	9627
chr9	19130894	19330894	harbor1	chr9	19140909	19141035	LTR/ERV1	1959	+	63	19140972	10078
chr9	19130894	19330894	harbor1	chr9	19141336	19141668	LTR/ERV1	1959	+	166	19141502	10608
chr9	19130894	19330894	harbor1	chr9	19181078	19181168	LTR/ERV1	2258	+	45	19181123	50229
chr9	19130894	19330894	harbor1	chr9	19181289	19181353	LTR/ERV1	2258	+	32	19181321	50427
chr9	19130894	19330894	harbor1	chr9	19181658	19182012	LTR/ERV1	2258	+	177	19181835	50941
chr9	19130894	19330894	harbor1	chr9	19182310	19182383	LTR/ERV1	2258	+	36	19182346	51452
chr9	19130894	19330894	harbor1	chr9	19188668	19189267	LTR/ERV1	3666	+	300	19188968	58074
chr9	19130894	19330894	harbor1	chr9	19189988	19190094	LTR/ERV1	2065	+	53	19190041	59147
chr9	19130894	19330894	harbor1	chr9	19190384	19190569	LTR/ERV1	2065	+	92	19190476	59582
chr9	19130894	19330894	harbor1	chr9	19191190	19191531	LTR/ERV1	2065	+	170	19191360	60466
chr9	19130894	19330894	harbor1	chr9	19197095	19197233	LTR/ERV1	1314	+	69	19197164	66270
chr9	19130894	19330894	harbor1	chr9	19197664	19197792	LTR/ERV1	1314	+	64	19197728	66834
chr9	19130894	19330894	harbor1	chr9	19198094	19198190	LTR/ERV1	1314	+	48	19198142	67248
chr9	418608	618608	harbor1	chr9	475513	475847	LTR/ERV1	2393	+	167	475680	57072
chr9	418608	618608	harbor1	chr9	474922	475512	LTR/ERV1	3671	+	295	475217	56609
chr9	35692027	35892027	harbor1	chr9	35779042	35779206	LTR/ERV1	614	+	82	35779124	87097
chr9	35692027	35892027	harbor1	chr9	35779355	35779749	LTR/ERV1	1102	+	197	35779552	87525
chr9	35692027	35892027	harbor1	chr9	35780028	35780495	LTR/ERV1	801	+	234	35780262	88235
chr9	4830107	5030107	harbor1	chr9	4886929	4887563	LTR/ERV1	5132	+	317	4887246	57139
chr9	4669933	4869933	harbor1	chr9	4758445	4758862	LTR/ERV1	1167	+	208	4758653	88720
chr9	4751750	4951750	harbor1	chr9	4758445	4758862	LTR/ERV1	1167	+	208	4758653	6903
chr9	133051398	133251398	harbor1	chr9	133074537	133075038	LTR/ERV1	4283	+	250	133074787	23389
chr9	133051398	133251398	harbor1	chr9	133075353	133075707	LTR/ERV1	4283	+	177	133075530	24132
chr9	133051398	133251398	harbor1	chr9	133080128	133080326	LTR/ERV1	1005	+	99	133080227	28829
chr9	133051398	133251398	harbor1	chr9	133089366	133089708	LTR/ERV1	2506	+	171	133089537	38139
chr9	133051398	133251398	harbor1	chr9	133089996	133090078	LTR/ERV1	2506	+	41	133090037	38639
chr9	76918823	77118823	harbor1	chr9	76954632	76954698	LTR/ERV1	581	+	33	76954665	35842
chr9	76918823	77118823	harbor1	chr9	76956333	76956747	LTR/ERV1	3109	+	207	76956540	37717
chr9	4663097	4863097	harbor1	chr9	4758445	4758862	LTR/ERV1	1167	+	208	4758653	95556
chr9	68605569	68805569	harbor1	chr9	68616842	68618167	LTR/ERV1	9795	+	662	68617504	11935
chr9	137069400	137269400	harbor1	chr9	137075103	137075645	LTR/ERV1	3968	+	271	137075374	5974
chr9	4668976	4868976	harbor1	chr9	4758445	4758862	LTR/ERV1	1167	+	208	4758653	89677
chr9	93084336	93284336	harbor1	chr9	93093156	93093588	LTR/ERV1	1635	+	216	93093372	9036
chr9	4885042	5085042	harbor1	chr9	4886929	4887563	LTR/ERV1	5132	+	317	4887246	2204
chr9	92958971	93158971	harbor1	chr9	92977789	92978000	LTR/ERV1	2799	+	106	92977895	18924
chr9	92958971	93158971	harbor1	chr9	92978307	92978659	LTR/ERV1	2799	+	176	92978483	19512
chr9	4883803	5083803	harbor1	chr9	4886929	4887563	LTR/ERV1	5132	+	317	4887246	3443
chr9	4692784	4892784	harbor1	chr9	4758445	4758862	LTR/ERV1	1167	+	208	4758653	65869
chr9	4662994	4862994	harbor1	chr9	4758445	4758862	LTR/ERV1	1167	+	208	4758653	95659
chr9	104717537	104917537	harbor1	chr9	104750431	104750816	LTR/ERV1	2357	+	192	104750623	33086
chr9	4692921	4892921	harbor1	chr9	4758445	4758862	LTR/ERV1	1167	+	208	4758653	65732
chr9	133063669	133263669	harbor1	chr9	133074537	133075038	LTR/ERV1	4283	+	250	133074787	11118
chr9	133063669	133263669	harbor1	chr9	133075353	133075707	LTR/ERV1	4283	+	177	133075530	11861
chr9	133063669	133263669	harbor1	chr9	133080128	133080326	LTR/ERV1	1005	+	99	133080227	16558
chr9	133063669	133263669	harbor1	chr9	133089366	133089708	LTR/ERV1	2506	+	171	133089537	25868
chr9	133063669	133263669	harbor1	chr9	133089996	133090078	LTR/ERV1	2506	+	41	133090037	26368
chr9	112387266	112587266	harbor1	chr9	112472126	112472435	LTR/ERV1	1622	+	154	112472280	85014
chr9	2521362	2721362	harbor1	chr9	2524999	2525587	LTR/ERV1	3493	+	294	2525293	3931
chr9	2521362	2721362	harbor1	chr9	2532386	2532878	LTR/ERV1	1144	+	246	2532632	11270
chr9	135645039	135845039	harbor1	chr9	135644567	135645131	LTR/ERV1	3293	+	282	135644849	190
chr9	135645039	135845039	harbor1	chr9	135645972	135646417	LTR/ERV1	2683	+	222	135646194	1155
chr9	135645039	135845039	harbor1	chr9	135646608	135647364	LTR/ERV1	5147	+	378	135646986	1947
chr9	135645039	135845039	harbor1	chr9	135647365	135647751	LTR/ERV1	1290	+	193	135647558	2519
chr9	135645039	135845039	harbor1	chr9	135647884	135648220	LTR/ERV1	1408	+	168	135648052	3013
chr9	135645039	135845039	harbor1	chr9	135648406	135648518	LTR/ERV1	1271	+	56	135648462	3423
chr9	135645039	135845039	harbor1	chr9	135649158	135649564	LTR/ERV1	1271	+	203	135649361	4322
chr9	135645039	135845039	harbor1	chr9	135649736	135650310	LTR/ERV1	2225	+	287	135650023	4984
chr9	135645039	135845039	harbor1	chr9	135650312	135650448	LTR/ERV1	540	+	68	135650380	5341
chr9	135645039	135845039	harbor1	chr9	135650751	135651022	LTR/ERV1	1142	+	136	135650887	5848
chr9	135645039	135845039	harbor1	chr9	135651022	135651165	LTR/ERV1	831	+	72	135651094	6055
chr9	135645039	135845039	harbor1	chr9	135652210	135652488	LTR/ERV1	3942	+	139	135652349	7310
chr9	135645039	135845039	harbor1	chr9	135653246	135653833	LTR/ERV1	3942	+	294	135653540	8501
chr9	135645039	135845039	harbor1	chr9	135654131	135654261	LTR/ERV1	3942	+	65	135654196	9157
chr9	135645039	135845039	harbor1	chr9	135654258	135654625	LTR/ERV1	1672	+	184	135654442	9403
chr9	135645039	135845039	harbor1	chr9	135656414	135656506	LTR/ERV1	3925	+	46	135656460	11421
chr9	135645039	135845039	harbor1	chr9	135656823	135657341	LTR/ERV1	3925	+	259	135657082	12043
chr9	135645039	135845039	harbor1	chr9	135657351	135658342	LTR/ERV1	16765	+	496	135657847	12808
chr9	135645039	135845039	harbor1	chr9	135660671	135660751	LTR/ERV1	5289	+	40	135660711	15672
chr9	135645039	135845039	harbor1	chr9	135661050	135661580	LTR/ERV1	5289	+	265	135661315	16276
chr9	135645039	135845039	harbor1	chr9	135661871	135662290	LTR/ERV1	5289	+	210	135662081	17042
chr9	135645039	135845039	harbor1	chr9	135662291	135662919	LTR/ERV1	3987	+	314	135662605	17566
chr9	135645039	135845039	harbor1	chr9	135658647	135660564	LTR/ERV1	16765	+	958	135659605	14566
chr9	4884820	5084820	harbor1	chr9	4886929	4887563	LTR/ERV1	5132	+	317	4887246	2426
chr9	4692190	4892190	harbor1	chr9	4758445	4758862	LTR/ERV1	1167	+	208	4758653	66463
chr9	112387344	112587344	harbor1	chr9	112472126	112472435	LTR/ERV1	1622	+	154	112472280	84936
chr9	34027036	34227036	harbor1	chr9	34058248	34058394	LTR/ERV1	928	+	73	34058321	31285
chr9	34027036	34227036	harbor1	chr9	34084953	34085184	LTR/ERV1	1577	+	116	34085069	58033
chr9	34027036	34227036	harbor1	chr9	34120373	34120388	LTR/ERV1	2142	+	8	34120381	93345
chr9	34027036	34227036	harbor1	chr9	34120697	34120871	LTR/ERV1	2142	+	87	34120784	93748
chr9	34027036	34227036	harbor1	chr9	34121180	34121538	LTR/ERV1	2142	+	179	34121359	94323
chr9	6658192	6858192	harbor1	chr9	6683507	6683925	LTR/ERV1	1504	+	209	6683716	25524
chr9	6658192	6858192	harbor1	chr9	6708391	6708588	LTR/ERV1	1849	+	98	6708489	50297
chr9	6658192	6858192	harbor1	chr9	6708738	6709057	LTR/ERV1	1849	+	160	6708898	50706
chr9	6658192	6858192	harbor1	chr9	6717627	6718329	LTR/ERV1	3848	+	351	6717978	59786
chr9	6658192	6858192	harbor1	chr9	6718616	6718635	LTR/ERV1	3848	+	10	6718626	60434
chr9	6658192	6858192	harbor1	chr9	6718935	6719011	LTR/ERV1	3848	+	38	6718973	60781
chr9	4883030	5083030	harbor1	chr9	4886929	4887563	LTR/ERV1	5132	+	317	4887246	4216
chr9	133051983	133251983	harbor1	chr9	133074537	133075038	LTR/ERV1	4283	+	250	133074787	22804
chr9	133051983	133251983	harbor1	chr9	133075353	133075707	LTR/ERV1	4283	+	177	133075530	23547
chr9	133051983	133251983	harbor1	chr9	133080128	133080326	LTR/ERV1	1005	+	99	133080227	28244
chr9	133051983	133251983	harbor1	chr9	133089366	133089708	LTR/ERV1	2506	+	171	133089537	37554
chr9	133051983	133251983	harbor1	chr9	133089996	133090078	LTR/ERV1	2506	+	41	133090037	38054
chr9	135905941	136105941	harbor1	chr9	135962012	135962421	LTR/ERV1	2068	+	204	135962216	56275
chr9	4692910	4892910	harbor1	chr9	4758445	4758862	LTR/ERV1	1167	+	208	4758653	65743
chr9	4663850	4863850	harbor1	chr9	4758445	4758862	LTR/ERV1	1167	+	208	4758653	94803
chr9	136748358	136948358	harbor1	chr9	136765407	136765561	LTR/ERV1	2117	+	77	136765484	17126
chr9	136748358	136948358	harbor1	chr9	136765848	136766131	LTR/ERV1	2117	+	142	136765990	17632
chr9	136748358	136948358	harbor1	chr9	136771072	136771180	LTR/ERV1	634	+	54	136771126	22768
chr9	4669263	4869263	harbor1	chr9	4758445	4758862	LTR/ERV1	1167	+	208	4758653	89390
chr9	137337211	137537211	harbor1	chr9	137375951	137376062	LTR/ERV1	1897	+	56	137376007	38796
chr9	137337211	137537211	harbor1	chr9	137376373	137376647	LTR/ERV1	1897	+	137	137376510	39299
chr9	137337211	137537211	harbor1	chr9	137376949	137377101	LTR/ERV1	1897	+	76	137377025	39814
chr9	137337211	137537211	harbor1	chr9	137418377	137418703	LTR/ERV1	1325	+	163	137418540	81329
chr9	137337211	137537211	harbor1	chr9	137418686	137419387	LTR/ERV1	8501	+	350	137419036	81825
chr9	137337211	137537211	harbor1	chr9	137419698	137419877	LTR/ERV1	8501	+	90	137419788	82577
chr9	137337211	137537211	harbor1	chr9	137420178	137420819	LTR/ERV1	8501	+	320	137420498	83287
chr9	137337211	137537211	harbor1	chr9	137421116	137421142	LTR/ERV1	8501	+	13	137421129	83918
chr9	137337211	137537211	harbor1	chr9	137421241	137421562	LTR/ERV1	8501	+	160	137421401	84190
chr9	137337211	137537211	harbor1	chr9	137421867	137422205	LTR/ERV1	1534	+	169	137422036	84825
chr9	61551186	61751186	harbor1	chr9	61573237	61573349	LTR/ERV1	674	+	56	61573293	22107
chr9	61551186	61751186	harbor1	chr9	61573678	61574072	LTR/ERV1	2010	+	197	61573875	22689
chr9	61551186	61751186	harbor1	chr9	61584892	61585379	LTR/ERV1	774	+	244	61585136	33950
chr9	61551186	61751186	harbor1	chr9	61600891	61601231	LTR/ERV1	1398	+	170	61601061	49875
chr9	136847554	137047554	harbor1	chr9	136871173	136871224	LTR/ERV1	607	+	26	136871199	23645
chr9	136847554	137047554	harbor1	chr9	136871520	136871824	LTR/ERV1	891	+	152	136871672	24118
chr9	136847554	137047554	harbor1	chr9	136872151	136872237	LTR/ERV1	891	+	43	136872194	24640
chr9	136847554	137047554	harbor1	chr9	136872550	136872625	LTR/ERV1	891	+	38	136872588	25034
chr9	136847554	137047554	harbor1	chr9	136872910	136873081	LTR/ERV1	891	+	86	136872996	25442
chr9	136847554	137047554	harbor1	chr9	136873391	136873735	LTR/ERV1	985	+	172	136873563	26009
chr9	136847554	137047554	harbor1	chr9	136873724	136873761	LTR/ERV1	766	+	18	136873742	26188
chr9	136847554	137047554	harbor1	chr9	136874363	136874659	LTR/ERV1	766	+	148	136874511	26957
chr9	136847554	137047554	harbor1	chr9	136874946	136875014	LTR/ERV1	760	+	34	136874980	27426
chr9	136847554	137047554	harbor1	chr9	136875045	136875278	LTR/ERV1	848	+	116	136875161	27607
chr9	4692901	4892901	harbor1	chr9	4758445	4758862	LTR/ERV1	1167	+	208	4758653	65752
chr9	133063664	133263664	harbor1	chr9	133074537	133075038	LTR/ERV1	4283	+	250	133074787	11123
chr9	133063664	133263664	harbor1	chr9	133075353	133075707	LTR/ERV1	4283	+	177	133075530	11866
chr9	133063664	133263664	harbor1	chr9	133080128	133080326	LTR/ERV1	1005	+	99	133080227	16563
chr9	133063664	133263664	harbor1	chr9	133089366	133089708	LTR/ERV1	2506	+	171	133089537	25873
chr9	133063664	133263664	harbor1	chr9	133089996	133090078	LTR/ERV1	2506	+	41	133090037	26373
chr9	133047949	133247949	harbor1	chr9	133074537	133075038	LTR/ERV1	4283	+	250	133074787	26838
chr9	133047949	133247949	harbor1	chr9	133075353	133075707	LTR/ERV1	4283	+	177	133075530	27581
chr9	133047949	133247949	harbor1	chr9	133080128	133080326	LTR/ERV1	1005	+	99	133080227	32278
chr9	133047949	133247949	harbor1	chr9	133089366	133089708	LTR/ERV1	2506	+	171	133089537	41588
chr9	133047949	133247949	harbor1	chr9	133089996	133090078	LTR/ERV1	2506	+	41	133090037	42088
chr9	4692868	4892868	harbor1	chr9	4758445	4758862	LTR/ERV1	1167	+	208	4758653	65785
chr9	4692205	4892205	harbor1	chr9	4758445	4758862	LTR/ERV1	1167	+	208	4758653	66448
chr9	83717816	83917816	harbor1	chr9	83800640	83800982	LTR/ERV1	1852	+	171	83800811	82995
chr9	4884858	5084858	harbor1	chr9	4886929	4887563	LTR/ERV1	5132	+	317	4887246	2388
chr9	4692961	4892961	harbor1	chr9	4758445	4758862	LTR/ERV1	1167	+	208	4758653	65692
chr9	4692661	4892661	harbor1	chr9	4758445	4758862	LTR/ERV1	1167	+	208	4758653	65992
chr10	102140008	102340008	harbor1	chr10	102185117	102185572	LTR/ERV1	2394	+	228	102185345	45337
chr10	102140008	102340008	harbor1	chr10	102185574	102185660	LTR/ERV1	579	+	43	102185617	45609
chr10	102140008	102340008	harbor1	chr10	102185777	102186059	LTR/ERV1	1594	+	141	102185918	45910
chr10	102140008	102340008	harbor1	chr10	102186227	102186601	LTR/ERV1	1787	+	187	102186414	46406
chr10	102140008	102340008	harbor1	chr10	102189323	102189625	LTR/ERV1	2446	+	151	102189474	49466
chr10	102140008	102340008	harbor1	chr10	102189929	102190030	LTR/ERV1	2446	+	50	102189979	49971
chr10	102140008	102340008	harbor1	chr10	102190298	102190326	LTR/ERV1	1264	+	14	102190312	50304
chr10	102140008	102340008	harbor1	chr10	102190622	102190760	LTR/ERV1	1264	+	69	102190691	50683
chr10	102140008	102340008	harbor1	chr10	102191064	102191112	LTR/ERV1	1264	+	24	102191088	51080
chr10	102140008	102340008	harbor1	chr10	102191437	102191728	LTR/ERV1	1845	+	146	102191583	51575
chr10	102140008	102340008	harbor1	chr10	102191728	102191818	LTR/ERV1	650	+	45	102191773	51765
chr10	102140008	102340008	harbor1	chr10	102191819	102192261	LTR/ERV1	2472	+	221	102192040	52032
chr10	102140008	102340008	harbor1	chr10	102186702	102187010	LTR/ERV1	1723	+	154	102186856	46848
chr10	102140008	102340008	harbor1	chr10	102186979	102187954	LTR/ERV1	6130	+	488	102187467	47459
chr10	97399009	97599009	harbor1	chr10	97479064	97479267	LTR/ERV1	1304	+	102	97479166	80157
chr10	97399009	97599009	harbor1	chr10	97479310	97479507	LTR/ERV1	1192	+	98	97479408	80399
chr10	97399009	97599009	harbor1	chr10	97479848	97480367	LTR/ERV1	3300	+	260	97480108	81099
chr10	560140	760140	harbor1	chr10	560702	561260	LTR/ERV1	2252	+	279	560981	841
chr10	560140	760140	harbor1	chr10	654958	655371	LTR/ERV1	2458	+	206	655164	95024
chr10	97398813	97598813	harbor1	chr10	97479064	97479267	LTR/ERV1	1304	+	102	97479166	80353
chr10	97398813	97598813	harbor1	chr10	97479310	97479507	LTR/ERV1	1192	+	98	97479408	80595
chr10	97398813	97598813	harbor1	chr10	97479848	97480367	LTR/ERV1	3300	+	260	97480108	81295
chr10	102141807	102341807	harbor1	chr10	102185117	102185572	LTR/ERV1	2394	+	228	102185345	43538
chr10	102141807	102341807	harbor1	chr10	102185574	102185660	LTR/ERV1	579	+	43	102185617	43810
chr10	102141807	102341807	harbor1	chr10	102185777	102186059	LTR/ERV1	1594	+	141	102185918	44111
chr10	102141807	102341807	harbor1	chr10	102186227	102186601	LTR/ERV1	1787	+	187	102186414	44607
chr10	102141807	102341807	harbor1	chr10	102189323	102189625	LTR/ERV1	2446	+	151	102189474	47667
chr10	102141807	102341807	harbor1	chr10	102189929	102190030	LTR/ERV1	2446	+	50	102189979	48172
chr10	102141807	102341807	harbor1	chr10	102190298	102190326	LTR/ERV1	1264	+	14	102190312	48505
chr10	102141807	102341807	harbor1	chr10	102190622	102190760	LTR/ERV1	1264	+	69	102190691	48884
chr10	102141807	102341807	harbor1	chr10	102191064	102191112	LTR/ERV1	1264	+	24	102191088	49281
chr10	102141807	102341807	harbor1	chr10	102191437	102191728	LTR/ERV1	1845	+	146	102191583	49776
chr10	102141807	102341807	harbor1	chr10	102191728	102191818	LTR/ERV1	650	+	45	102191773	49966
chr10	102141807	102341807	harbor1	chr10	102191819	102192261	LTR/ERV1	2472	+	221	102192040	50233
chr10	102141807	102341807	harbor1	chr10	102186702	102187010	LTR/ERV1	1723	+	154	102186856	45049
chr10	102141807	102341807	harbor1	chr10	102186979	102187954	LTR/ERV1	6130	+	488	102187467	45660
chr10	14778677	14978677	harbor1	chr10	14779116	14779192	LTR/ERV1	607	+	38	14779154	477
chr10	14778677	14978677	harbor1	chr10	14812156	14812807	LTR/ERV1	4268	+	326	14812482	33805
chr10	14778677	14978677	harbor1	chr10	14815595	14815891	LTR/ERV1	2593	+	148	14815743	37066
chr10	14778677	14978677	harbor1	chr10	14816198	14816350	LTR/ERV1	2593	+	76	14816274	37597
chr10	37911041	38111041	harbor1	chr10	37934819	37935329	LTR/ERV1	2499	+	255	37935074	24033
chr10	37911041	38111041	harbor1	chr10	37935332	37938745	LTR/ERV1	14393	+	1706	37937038	25997
chr10	37911041	38111041	harbor1	chr10	37938753	37943892	LTR/ERV1	29521	+	2570	37941323	30282
chr10	37911041	38111041	harbor1	chr10	37943893	37943976	LTR/ERV1	461	+	42	37943935	32894
chr10	37911041	38111041	harbor1	chr10	37978803	37979576	LTR/ERV1	5248	+	386	37979189	68148
chr10	37911041	38111041	harbor1	chr10	38008048	38008537	LTR/ERV1	1796	+	244	38008292	97251
chr10	6442674	6642674	harbor1	chr10	6472505	6472706	LTR/ERV1	1517	+	100	6472605	29931
chr10	6442674	6642674	harbor1	chr10	6473013	6473384	LTR/ERV1	1517	+	186	6473199	30525
chr10	6442674	6642674	harbor1	chr10	6486319	6486743	LTR/ERV1	1975	+	212	6486531	43857
chr10	6442674	6642674	harbor1	chr10	6519328	6520001	LTR/ERV1	3674	+	336	6519664	76990
chr10	6442674	6642674	harbor1	chr10	6527559	6528263	LTR/ERV1	1964	+	352	6527911	85237
chr10	13709746	13909746	harbor1	chr10	13723625	13723844	LTR/ERV1	619	+	110	13723735	13989
chr10	13709746	13909746	harbor1	chr10	13723874	13724096	LTR/ERV1	863	+	111	13723985	14239
chr10	13709746	13909746	harbor1	chr10	13758511	13758817	LTR/ERV1	1917	+	153	13758664	48918
chr10	13709746	13909746	harbor1	chr10	13772303	13772658	LTR/ERV1	3007	+	178	13772481	62735
chr10	13709746	13909746	harbor1	chr10	13773105	13773374	LTR/ERV1	3007	+	134	13773239	63493
chr10	133103372	133303372	harbor1	chr10	133151676	133152229	LTR/ERV1	1204	+	276	133151952	48580
chr10	100086018	100286018	harbor1	chr10	100111387	100111512	LTR/ERV1	3455	+	62	100111449	25431
chr10	100086018	100286018	harbor1	chr10	100111805	100112223	LTR/ERV1	3455	+	209	100112014	25996
chr10	100086018	100286018	harbor1	chr10	100169156	100169249	LTR/ERV1	510	+	46	100169202	83184
chr10	97398947	97598947	harbor1	chr10	97479064	97479267	LTR/ERV1	1304	+	102	97479166	80219
chr10	97398947	97598947	harbor1	chr10	97479310	97479507	LTR/ERV1	1192	+	98	97479408	80461
chr10	97398947	97598947	harbor1	chr10	97479848	97480367	LTR/ERV1	3300	+	260	97480108	81161
chr10	14778710	14978710	harbor1	chr10	14779116	14779192	LTR/ERV1	607	+	38	14779154	444
chr10	14778710	14978710	harbor1	chr10	14812156	14812807	LTR/ERV1	4268	+	326	14812482	33772
chr10	14778710	14978710	harbor1	chr10	14815595	14815891	LTR/ERV1	2593	+	148	14815743	37033
chr10	14778710	14978710	harbor1	chr10	14816198	14816350	LTR/ERV1	2593	+	76	14816274	37564
chr10	113669309	113869309	harbor1	chr10	113670425	113670739	LTR/ERV1	1674	+	157	113670582	1273
chr10	113669309	113869309	harbor1	chr10	113695513	113696146	LTR/ERV1	4521	+	316	113695829	26520
chr10	75111057	75311057	harbor1	chr10	75186614	75186668	LTR/ERV1	1149	+	27	75186641	75584
chr10	75111057	75311057	harbor1	chr10	75185886	75186311	LTR/ERV1	1149	+	212	75186098	75041
chr10	132232440	132432440	harbor1	chr10	132312665	132312757	LTR/ERV1	1708	+	46	132312711	80271
chr10	132232440	132432440	harbor1	chr10	132313068	132313324	LTR/ERV1	1708	+	128	132313196	80756
chr10	132811276	133011276	harbor1	chr10	132848296	132848877	LTR/ERV1	2171	+	290	132848586	37310
chr10	132811276	133011276	harbor1	chr10	132886660	132886944	LTR/ERV1	714	+	142	132886802	75526
chr10	132811276	133011276	harbor1	chr10	132888070	132888197	LTR/ERV1	538	+	64	132888134	76858
chr10	132811276	133011276	harbor1	chr10	132890320	132890554	LTR/ERV1	682	+	117	132890437	79161
chr10	132811276	133011276	harbor1	chr10	132891218	132892094	LTR/ERV1	5038	+	438	132891656	80380
chr10	132811276	133011276	harbor1	chr10	132892488	132892809	LTR/ERV1	1198	+	160	132892648	81372
chr10	132811276	133011276	harbor1	chr10	132892850	132893316	LTR/ERV1	3671	+	233	132893083	81807
chr10	132811276	133011276	harbor1	chr10	132893317	132893661	LTR/ERV1	2315	+	172	132893489	82213
chr10	132811276	133011276	harbor1	chr10	132893662	132893895	LTR/ERV1	3671	+	116	132893778	82502
chr10	132811276	133011276	harbor1	chr10	132890600	132890765	LTR/ERV1	733	+	82	132890682	79406
chr10	14673058	14873058	harbor1	chr10	14702837	14703290	LTR/ERV1	1191	+	226	14703063	30005
chr10	14673058	14873058	harbor1	chr10	14705833	14706215	LTR/ERV1	4020	+	191	14706024	32966
chr10	14673058	14873058	harbor1	chr10	14706501	14706794	LTR/ERV1	4020	+	146	14706647	33589
chr10	14778691	14978691	harbor1	chr10	14779116	14779192	LTR/ERV1	607	+	38	14779154	463
chr10	14778691	14978691	harbor1	chr10	14812156	14812807	LTR/ERV1	4268	+	326	14812482	33791
chr10	14778691	14978691	harbor1	chr10	14815595	14815891	LTR/ERV1	2593	+	148	14815743	37052
chr10	14778691	14978691	harbor1	chr10	14816198	14816350	LTR/ERV1	2593	+	76	14816274	37583
chr10	102140695	102340695	harbor1	chr10	102185117	102185572	LTR/ERV1	2394	+	228	102185345	44650
chr10	102140695	102340695	harbor1	chr10	102185574	102185660	LTR/ERV1	579	+	43	102185617	44922
chr10	102140695	102340695	harbor1	chr10	102185777	102186059	LTR/ERV1	1594	+	141	102185918	45223
chr10	102140695	102340695	harbor1	chr10	102186227	102186601	LTR/ERV1	1787	+	187	102186414	45719
chr10	102140695	102340695	harbor1	chr10	102189323	102189625	LTR/ERV1	2446	+	151	102189474	48779
chr10	102140695	102340695	harbor1	chr10	102189929	102190030	LTR/ERV1	2446	+	50	102189979	49284
chr10	102140695	102340695	harbor1	chr10	102190298	102190326	LTR/ERV1	1264	+	14	102190312	49617
chr10	102140695	102340695	harbor1	chr10	102190622	102190760	LTR/ERV1	1264	+	69	102190691	49996
chr10	102140695	102340695	harbor1	chr10	102191064	102191112	LTR/ERV1	1264	+	24	102191088	50393
chr10	102140695	102340695	harbor1	chr10	102191437	102191728	LTR/ERV1	1845	+	146	102191583	50888
chr10	102140695	102340695	harbor1	chr10	102191728	102191818	LTR/ERV1	650	+	45	102191773	51078
chr10	102140695	102340695	harbor1	chr10	102191819	102192261	LTR/ERV1	2472	+	221	102192040	51345
chr10	102140695	102340695	harbor1	chr10	102186702	102187010	LTR/ERV1	1723	+	154	102186856	46161
chr10	102140695	102340695	harbor1	chr10	102186979	102187954	LTR/ERV1	6130	+	488	102187467	46772
chr10	102141695	102341695	harbor1	chr10	102185117	102185572	LTR/ERV1	2394	+	228	102185345	43650
chr10	102141695	102341695	harbor1	chr10	102185574	102185660	LTR/ERV1	579	+	43	102185617	43922
chr10	102141695	102341695	harbor1	chr10	102185777	102186059	LTR/ERV1	1594	+	141	102185918	44223
chr10	102141695	102341695	harbor1	chr10	102186227	102186601	LTR/ERV1	1787	+	187	102186414	44719
chr10	102141695	102341695	harbor1	chr10	102189323	102189625	LTR/ERV1	2446	+	151	102189474	47779
chr10	102141695	102341695	harbor1	chr10	102189929	102190030	LTR/ERV1	2446	+	50	102189979	48284
chr10	102141695	102341695	harbor1	chr10	102190298	102190326	LTR/ERV1	1264	+	14	102190312	48617
chr10	102141695	102341695	harbor1	chr10	102190622	102190760	LTR/ERV1	1264	+	69	102190691	48996
chr10	102141695	102341695	harbor1	chr10	102191064	102191112	LTR/ERV1	1264	+	24	102191088	49393
chr10	102141695	102341695	harbor1	chr10	102191437	102191728	LTR/ERV1	1845	+	146	102191583	49888
chr10	102141695	102341695	harbor1	chr10	102191728	102191818	LTR/ERV1	650	+	45	102191773	50078
chr10	102141695	102341695	harbor1	chr10	102191819	102192261	LTR/ERV1	2472	+	221	102192040	50345
chr10	102141695	102341695	harbor1	chr10	102186702	102187010	LTR/ERV1	1723	+	154	102186856	45161
chr10	102141695	102341695	harbor1	chr10	102186979	102187954	LTR/ERV1	6130	+	488	102187467	45772
chr10	102141682	102341682	harbor1	chr10	102185117	102185572	LTR/ERV1	2394	+	228	102185345	43663
chr10	102141682	102341682	harbor1	chr10	102185574	102185660	LTR/ERV1	579	+	43	102185617	43935
chr10	102141682	102341682	harbor1	chr10	102185777	102186059	LTR/ERV1	1594	+	141	102185918	44236
chr10	102141682	102341682	harbor1	chr10	102186227	102186601	LTR/ERV1	1787	+	187	102186414	44732
chr10	102141682	102341682	harbor1	chr10	102189323	102189625	LTR/ERV1	2446	+	151	102189474	47792
chr10	102141682	102341682	harbor1	chr10	102189929	102190030	LTR/ERV1	2446	+	50	102189979	48297
chr10	102141682	102341682	harbor1	chr10	102190298	102190326	LTR/ERV1	1264	+	14	102190312	48630
chr10	102141682	102341682	harbor1	chr10	102190622	102190760	LTR/ERV1	1264	+	69	102190691	49009
chr10	102141682	102341682	harbor1	chr10	102191064	102191112	LTR/ERV1	1264	+	24	102191088	49406
chr10	102141682	102341682	harbor1	chr10	102191437	102191728	LTR/ERV1	1845	+	146	102191583	49901
chr10	102141682	102341682	harbor1	chr10	102191728	102191818	LTR/ERV1	650	+	45	102191773	50091
chr10	102141682	102341682	harbor1	chr10	102191819	102192261	LTR/ERV1	2472	+	221	102192040	50358
chr10	102141682	102341682	harbor1	chr10	102186702	102187010	LTR/ERV1	1723	+	154	102186856	45174
chr10	102141682	102341682	harbor1	chr10	102186979	102187954	LTR/ERV1	6130	+	488	102187467	45785
chr10	114721980	114921980	harbor1	chr10	114723675	114724069	LTR/ERV1	1574	+	197	114723872	1892
chr10	62704867	62904867	harbor1	chr10	62803072	62803152	LTR/ERV1	519	+	40	62803112	98245
chr10	132984294	133184294	harbor1	chr10	133004175	133004613	LTR/ERV1	3826	+	219	133004394	20100
chr10	132984294	133184294	harbor1	chr10	133035078	133035826	LTR/ERV1	5445	+	374	133035452	51158
chr10	132984294	133184294	harbor1	chr10	133036708	133037112	LTR/ERV1	3477	+	202	133036910	52616
chr10	132984294	133184294	harbor1	chr10	133037439	133037872	LTR/ERV1	3477	+	216	133037655	53361
chr10	78346452	78546452	harbor1	chr10	78424052	78424535	LTR/ERV1	2984	+	242	78424294	77842
chr10	2967276	3167276	harbor1	chr10	2992230	2992861	LTR/ERV1	4697	+	316	2992546	25270
chr10	2967276	3167276	harbor1	chr10	3053211	3053509	LTR/ERV1	1727	+	149	3053360	86084
chr10	2967276	3167276	harbor1	chr10	3053784	3053972	LTR/ERV1	1218	+	94	3053878	86602
chr10	132232445	132432445	harbor1	chr10	132312665	132312757	LTR/ERV1	1708	+	46	132312711	80266
chr10	132232445	132432445	harbor1	chr10	132313068	132313324	LTR/ERV1	1708	+	128	132313196	80751
chr10	14778054	14978054	harbor1	chr10	14779116	14779192	LTR/ERV1	607	+	38	14779154	1100
chr10	14778054	14978054	harbor1	chr10	14812156	14812807	LTR/ERV1	4268	+	326	14812482	34428
chr10	14778054	14978054	harbor1	chr10	14815595	14815891	LTR/ERV1	2593	+	148	14815743	37689
chr10	14778054	14978054	harbor1	chr10	14816198	14816350	LTR/ERV1	2593	+	76	14816274	38220
chr10	131255629	131455629	harbor1	chr10	131293335	131293791	LTR/ERV1	2789	+	228	131293563	37934
chr10	131255629	131455629	harbor1	chr10	131294302	131294566	LTR/ERV1	526	+	132	131294434	38805
chr10	131255629	131455629	harbor1	chr10	131302377	131302609	LTR/ERV1	1679	+	116	131302493	46864
chr10	14778029	14978029	harbor1	chr10	14779116	14779192	LTR/ERV1	607	+	38	14779154	1125
chr10	14778029	14978029	harbor1	chr10	14812156	14812807	LTR/ERV1	4268	+	326	14812482	34453
chr10	14778029	14978029	harbor1	chr10	14815595	14815891	LTR/ERV1	2593	+	148	14815743	37714
chr10	14778029	14978029	harbor1	chr10	14816198	14816350	LTR/ERV1	2593	+	76	14816274	38245
chr10	97398990	97598990	harbor1	chr10	97479064	97479267	LTR/ERV1	1304	+	102	97479166	80176
chr10	97398990	97598990	harbor1	chr10	97479310	97479507	LTR/ERV1	1192	+	98	97479408	80418
chr10	97398990	97598990	harbor1	chr10	97479848	97480367	LTR/ERV1	3300	+	260	97480108	81118
chr10	97398875	97598875	harbor1	chr10	97479064	97479267	LTR/ERV1	1304	+	102	97479166	80291
chr10	97398875	97598875	harbor1	chr10	97479310	97479507	LTR/ERV1	1192	+	98	97479408	80533
chr10	97398875	97598875	harbor1	chr10	97479848	97480367	LTR/ERV1	3300	+	260	97480108	81233
chr10	132232398	132432398	harbor1	chr10	132312665	132312757	LTR/ERV1	1708	+	46	132312711	80313
chr10	132232398	132432398	harbor1	chr10	132313068	132313324	LTR/ERV1	1708	+	128	132313196	80798
chr10	72254310	72454310	harbor1	chr10	72300429	72302020	LTR/ERV1	11792	+	796	72301225	46915
chr10	72254310	72454310	harbor1	chr10	72325773	72327178	LTR/ERV1	10490	+	702	72326475	72165
chr10	133130641	133330641	harbor1	chr10	133151676	133152229	LTR/ERV1	1204	+	276	133151952	21311
chr10	46006427	46206427	harbor1	chr10	46040355	46040673	LTR/ERV1	2307	+	159	46040514	34087
chr10	46006427	46206427	harbor1	chr10	46040967	46041061	LTR/ERV1	2307	+	47	46041014	34587
chr10	46006427	46206427	harbor1	chr10	46041367	46041414	LTR/ERV1	2307	+	24	46041391	34964
chr10	46006427	46206427	harbor1	chr10	46053335	46053960	LTR/ERV1	4399	+	312	46053647	47220
chr10	46006427	46206427	harbor1	chr10	46053961	46054405	LTR/ERV1	3387	+	222	46054183	47756
chr10	46006427	46206427	harbor1	chr10	46054406	46054554	LTR/ERV1	4399	+	74	46054480	48053
chr10	46006427	46206427	harbor1	chr10	46105142	46105657	LTR/ERV1	3878	+	258	46105400	98973
chr10	86532110	86732110	harbor1	chr10	86532369	86532723	LTR/ERV1	2446	+	177	86532546	436
chr10	86532110	86732110	harbor1	chr10	86537386	86537934	LTR/ERV1	3131	+	274	86537660	5550
chr10	86532110	86732110	harbor1	chr10	86538757	86538918	LTR/ERV1	3131	+	80	86538837	6727
chr10	86532110	86732110	harbor1	chr10	86570557	86570766	LTR/ERV1	2994	+	104	86570661	38551
chr10	86532110	86732110	harbor1	chr10	86571048	86571383	LTR/ERV1	2994	+	168	86571216	39106
chr10	86532110	86732110	harbor1	chr10	86599838	86600175	LTR/ERV1	2146	+	168	86600006	67896
chr10	86532110	86732110	harbor1	chr10	86611712	86612444	LTR/ERV1	5748	+	366	86612078	79968
chr10	22219191	22419191	harbor1	chr10	22286721	22286896	LTR/ERV1	1102	+	88	22286809	67618
chr10	22219191	22419191	harbor1	chr10	22286899	22287275	LTR/ERV1	2364	+	188	22287087	67896
chr10	22219191	22419191	harbor1	chr10	22287574	22287670	LTR/ERV1	2364	+	48	22287622	68431
chr10	22219191	22419191	harbor1	chr10	22287680	22287752	LTR/ERV1	446	+	36	22287716	68525
chr10	46184879	46384879	harbor1	chr10	46208910	46209354	LTR/ERV1	3126	+	222	46209132	24253
chr10	46184879	46384879	harbor1	chr10	46209358	46209705	LTR/ERV1	2361	+	174	46209532	24653
chr10	46184879	46384879	harbor1	chr10	46209706	46210163	LTR/ERV1	3569	+	228	46209934	25055
chr10	46184879	46384879	harbor1	chr10	46210164	46210856	LTR/ERV1	4525	+	346	46210510	25631
chr10	46184879	46384879	harbor1	chr10	46210916	46211528	LTR/ERV1	4525	+	306	46211222	26343
chr10	46184879	46384879	harbor1	chr10	46211834	46211877	LTR/ERV1	4525	+	22	46211856	26977
chr10	46184879	46384879	harbor1	chr10	46239260	46239670	LTR/ERV1	1457	+	205	46239465	54586
chr10	46184879	46384879	harbor1	chr10	46255904	46256131	LTR/ERV1	999	+	114	46256018	71139
chr10	46184879	46384879	harbor1	chr10	46256763	46257208	LTR/ERV1	2121	+	222	46256985	72106
chr10	46184879	46384879	harbor1	chr10	46257265	46257680	LTR/ERV1	896	+	208	46257473	72594
chr10	46184879	46384879	harbor1	chr10	46258213	46258504	LTR/ERV1	1468	+	146	46258359	73480
chr10	46184879	46384879	harbor1	chr10	46258702	46259718	LTR/ERV1	4443	+	508	46259210	74331
chr10	46184879	46384879	harbor1	chr10	46259718	46259971	LTR/ERV1	782	+	126	46259844	74965
chr10	46184879	46384879	harbor1	chr10	46259961	46260157	LTR/ERV1	1694	+	98	46260059	75180
chr10	46184879	46384879	harbor1	chr10	46260436	46260676	LTR/ERV1	1694	+	120	46260556	75677
chr10	46184879	46384879	harbor1	chr10	46260680	46260854	LTR/ERV1	1908	+	87	46260767	75888
chr10	46184879	46384879	harbor1	chr10	46261215	46261626	LTR/ERV1	1908	+	206	46261421	76542
chr10	46184879	46384879	harbor1	chr10	46261628	46262072	LTR/ERV1	1946	+	222	46261850	76971
chr10	46184879	46384879	harbor1	chr10	46281634	46282149	LTR/ERV1	3956	+	258	46281892	97013
chr10	132232418	132432418	harbor1	chr10	132312665	132312757	LTR/ERV1	1708	+	46	132312711	80293
chr10	132232418	132432418	harbor1	chr10	132313068	132313324	LTR/ERV1	1708	+	128	132313196	80778
chr10	47239932	47439932	harbor1	chr10	47256773	47257259	LTR/ERV1	2753	+	243	47257016	17084
chr10	4842408	5042408	harbor1	chr10	4853677	4854085	LTR/ERV1	3666	+	204	4853881	11473
chr10	4842408	5042408	harbor1	chr10	4854392	4854512	LTR/ERV1	3666	+	60	4854452	12044
chr10	4842408	5042408	harbor1	chr10	4854608	4855181	LTR/ERV1	3679	+	286	4854894	12486
chr10	4842408	5042408	harbor1	chr10	4855191	4856881	LTR/ERV1	6453	+	845	4856036	13628
chr10	4842408	5042408	harbor1	chr10	4880596	4881222	LTR/ERV1	2923	+	313	4880909	38501
chr10	4842408	5042408	harbor1	chr10	4907457	4908172	LTR/ERV1	2656	+	358	4907815	65407
chr10	4842408	5042408	harbor1	chr10	4909131	4909574	LTR/ERV1	2691	+	222	4909353	66945
chr10	4842408	5042408	harbor1	chr10	4909592	4909705	LTR/ERV1	574	+	56	4909648	67240
chr10	4842408	5042408	harbor1	chr10	4909845	4910453	LTR/ERV1	3046	+	304	4910149	67741
chr10	4842408	5042408	harbor1	chr10	4910454	4911169	LTR/ERV1	2449	+	358	4910812	68404
chr10	4842408	5042408	harbor1	chr10	4911170	4911590	LTR/ERV1	2641	+	210	4911380	68972
chr10	4842408	5042408	harbor1	chr10	4928655	4930109	LTR/ERV1	7442	+	727	4929382	86974
chr10	4842408	5042408	harbor1	chr10	4930109	4930419	LTR/ERV1	1800	+	155	4930264	87856
chr10	4842408	5042408	harbor1	chr10	4930420	4930599	LTR/ERV1	871	+	90	4930510	88102
chr10	4842408	5042408	harbor1	chr10	4932580	4933040	LTR/ERV1	2178	+	230	4932810	90402
chr10	4842408	5042408	harbor1	chr10	4939833	4940279	LTR/ERV1	902	+	223	4940056	97648
chr10	47239964	47439964	harbor1	chr10	47256773	47257259	LTR/ERV1	2753	+	243	47257016	17052
chr10	75111030	75311030	harbor1	chr10	75186614	75186668	LTR/ERV1	1149	+	27	75186641	75611
chr10	75111030	75311030	harbor1	chr10	75185886	75186311	LTR/ERV1	1149	+	212	75186098	75068
chr10	14778674	14978674	harbor1	chr10	14779116	14779192	LTR/ERV1	607	+	38	14779154	480
chr10	14778674	14978674	harbor1	chr10	14812156	14812807	LTR/ERV1	4268	+	326	14812482	33808
chr10	14778674	14978674	harbor1	chr10	14815595	14815891	LTR/ERV1	2593	+	148	14815743	37069
chr10	14778674	14978674	harbor1	chr10	14816198	14816350	LTR/ERV1	2593	+	76	14816274	37600
chr10	77303746	77503746	harbor1	chr10	77372874	77373289	LTR/ERV1	1438	+	208	77373082	69336
chr10	132232385	132432385	harbor1	chr10	132312665	132312757	LTR/ERV1	1708	+	46	132312711	80326
chr10	132232385	132432385	harbor1	chr10	132313068	132313324	LTR/ERV1	1708	+	128	132313196	80811
chr10	75111036	75311036	harbor1	chr10	75186614	75186668	LTR/ERV1	1149	+	27	75186641	75605
chr10	75111036	75311036	harbor1	chr10	75185886	75186311	LTR/ERV1	1149	+	212	75186098	75062
chr10	62704945	62904945	harbor1	chr10	62803072	62803152	LTR/ERV1	519	+	40	62803112	98167
chr10	132977795	133177795	harbor1	chr10	133004175	133004613	LTR/ERV1	3826	+	219	133004394	26599
chr10	132977795	133177795	harbor1	chr10	133035078	133035826	LTR/ERV1	5445	+	374	133035452	57657
chr10	132977795	133177795	harbor1	chr10	133036708	133037112	LTR/ERV1	3477	+	202	133036910	59115
chr10	132977795	133177795	harbor1	chr10	133037439	133037872	LTR/ERV1	3477	+	216	133037655	59860
chr10	14778680	14978680	harbor1	chr10	14779116	14779192	LTR/ERV1	607	+	38	14779154	474
chr10	14778680	14978680	harbor1	chr10	14812156	14812807	LTR/ERV1	4268	+	326	14812482	33802
chr10	14778680	14978680	harbor1	chr10	14815595	14815891	LTR/ERV1	2593	+	148	14815743	37063
chr10	14778680	14978680	harbor1	chr10	14816198	14816350	LTR/ERV1	2593	+	76	14816274	37594
chr10	128885275	129085275	harbor1	chr10	128933634	128934029	LTR/ERV1	1792	+	198	128933832	48557
chr10	35265	235265	harbor1	chr10	53748	53885	LTR/ERV1	713	+	68	53816	18551
chr10	35265	235265	harbor1	chr10	70013	70103	LTR/ERV1	464	+	45	70058	34793
chr10	35265	235265	harbor1	chr10	78709	79314	LTR/ERV1	993	+	302	79011	43746
chr10	35265	235265	harbor1	chr10	102606	102855	LTR/ERV1	1837	+	124	102730	67465
chr10	35265	235265	harbor1	chr10	103160	103368	LTR/ERV1	1837	+	104	103264	67999
chr10	35265	235265	harbor1	chr10	126549	127275	LTR/ERV1	4015	+	363	126912	91647
chr10	35265	235265	harbor1	chr10	132192	132269	LTR/ERV1	647	+	38	132230	96965
chr10	35265	235265	harbor1	chr10	98070	98307	LTR/ERV1	1084	+	118	98188	62923
chr10	102141613	102341613	harbor1	chr10	102185117	102185572	LTR/ERV1	2394	+	228	102185345	43732
chr10	102141613	102341613	harbor1	chr10	102185574	102185660	LTR/ERV1	579	+	43	102185617	44004
chr10	102141613	102341613	harbor1	chr10	102185777	102186059	LTR/ERV1	1594	+	141	102185918	44305
chr10	102141613	102341613	harbor1	chr10	102186227	102186601	LTR/ERV1	1787	+	187	102186414	44801
chr10	102141613	102341613	harbor1	chr10	102189323	102189625	LTR/ERV1	2446	+	151	102189474	47861
chr10	102141613	102341613	harbor1	chr10	102189929	102190030	LTR/ERV1	2446	+	50	102189979	48366
chr10	102141613	102341613	harbor1	chr10	102190298	102190326	LTR/ERV1	1264	+	14	102190312	48699
chr10	102141613	102341613	harbor1	chr10	102190622	102190760	LTR/ERV1	1264	+	69	102190691	49078
chr10	102141613	102341613	harbor1	chr10	102191064	102191112	LTR/ERV1	1264	+	24	102191088	49475
chr10	102141613	102341613	harbor1	chr10	102191437	102191728	LTR/ERV1	1845	+	146	102191583	49970
chr10	102141613	102341613	harbor1	chr10	102191728	102191818	LTR/ERV1	650	+	45	102191773	50160
chr10	102141613	102341613	harbor1	chr10	102191819	102192261	LTR/ERV1	2472	+	221	102192040	50427
chr10	102141613	102341613	harbor1	chr10	102186702	102187010	LTR/ERV1	1723	+	154	102186856	45243
chr10	102141613	102341613	harbor1	chr10	102186979	102187954	LTR/ERV1	6130	+	488	102187467	45854
chr10	79279347	79479347	harbor1	chr10	79357258	79357680	LTR/ERV1	2613	+	211	79357469	78122
chr10	110707741	110907741	harbor1	chr10	110751309	110751596	LTR/ERV1	1629	+	144	110751453	43712
chr10	43005593	43205593	harbor1	chr10	43012191	43013104	LTR/ERV1	4934	+	456	43012647	7054
chr10	89202972	89402972	harbor1	chr10	89281115	89281517	LTR/ERV1	1269	+	201	89281316	78344
chr10	89202972	89402972	harbor1	chr10	89283042	89283439	LTR/ERV1	2672	+	198	89283240	80268
chr10	89202972	89402972	harbor1	chr10	89284720	89285118	LTR/ERV1	2702	+	199	89284919	81947
chr10	89202972	89402972	harbor1	chr10	89285119	89288116	LTR/ERV1	17552	+	1498	89286617	83645
chr10	89202972	89402972	harbor1	chr10	89288103	89288562	LTR/ERV1	3007	+	230	89288333	85361
chr10	89202972	89402972	harbor1	chr10	89288554	89289693	LTR/ERV1	6694	+	570	89289124	86152
chr10	89202972	89402972	harbor1	chr10	89289691	89289957	LTR/ERV1	1478	+	133	89289824	86852
chr10	89202972	89402972	harbor1	chr10	89289951	89290499	LTR/ERV1	3356	+	274	89290225	87253
chr10	89202972	89402972	harbor1	chr10	89290500	89290887	LTR/ERV1	2151	+	194	89290694	87722
chr10	46006339	46206339	harbor1	chr10	46040355	46040673	LTR/ERV1	2307	+	159	46040514	34175
chr10	46006339	46206339	harbor1	chr10	46040967	46041061	LTR/ERV1	2307	+	47	46041014	34675
chr10	46006339	46206339	harbor1	chr10	46041367	46041414	LTR/ERV1	2307	+	24	46041391	35052
chr10	46006339	46206339	harbor1	chr10	46053335	46053960	LTR/ERV1	4399	+	312	46053647	47308
chr10	46006339	46206339	harbor1	chr10	46053961	46054405	LTR/ERV1	3387	+	222	46054183	47844
chr10	46006339	46206339	harbor1	chr10	46054406	46054554	LTR/ERV1	4399	+	74	46054480	48141
chr10	46006339	46206339	harbor1	chr10	46105142	46105657	LTR/ERV1	3878	+	258	46105400	99061
chr10	3621791	3821791	harbor1	chr10	3659579	3660023	LTR/ERV1	2938	+	222	3659801	38010
chr10	47239866	47439866	harbor1	chr10	47256773	47257259	LTR/ERV1	2753	+	243	47257016	17150
chr10	62704875	62904875	harbor1	chr10	62803072	62803152	LTR/ERV1	519	+	40	62803112	98237
chr10	47239913	47439913	harbor1	chr10	47256773	47257259	LTR/ERV1	2753	+	243	47257016	17103
chr11	5127157	5327157	harbor1	chr11	5135423	5135970	LTR/ERV1	2531	+	274	5135697	8540
chr11	5127157	5327157	harbor1	chr11	5144231	5145619	LTR/ERV1	9589	+	694	5144925	17768
chr11	5127156	5327156	harbor1	chr11	5135423	5135970	LTR/ERV1	2531	+	274	5135697	8541
chr11	5127156	5327156	harbor1	chr11	5144231	5145619	LTR/ERV1	9589	+	694	5144925	17769
chr11	5129450	5329450	harbor1	chr11	5135423	5135970	LTR/ERV1	2531	+	274	5135697	6247
chr11	5129450	5329450	harbor1	chr11	5144231	5145619	LTR/ERV1	9589	+	694	5144925	15475
chr11	5127277	5327277	harbor1	chr11	5135423	5135970	LTR/ERV1	2531	+	274	5135697	8420
chr11	5127277	5327277	harbor1	chr11	5144231	5145619	LTR/ERV1	9589	+	694	5144925	17648
chr11	5127135	5327135	harbor1	chr11	5135423	5135970	LTR/ERV1	2531	+	274	5135697	8562
chr11	5127135	5327135	harbor1	chr11	5144231	5145619	LTR/ERV1	9589	+	694	5144925	17790
chr11	5127181	5327181	harbor1	chr11	5135423	5135970	LTR/ERV1	2531	+	274	5135697	8516
chr11	5127181	5327181	harbor1	chr11	5144231	5145619	LTR/ERV1	9589	+	694	5144925	17744
chr11	5127341	5327341	harbor1	chr11	5135423	5135970	LTR/ERV1	2531	+	274	5135697	8356
chr11	5127341	5327341	harbor1	chr11	5144231	5145619	LTR/ERV1	9589	+	694	5144925	17584
chr11	5127230	5327230	harbor1	chr11	5135423	5135970	LTR/ERV1	2531	+	274	5135697	8467
chr11	5127230	5327230	harbor1	chr11	5144231	5145619	LTR/ERV1	9589	+	694	5144925	17695
chr11	68642659	68842659	harbor1	chr11	68694466	68695351	LTR/ERV1	5675	+	442	68694908	52249
chr11	5134663	5334663	harbor1	chr11	5135423	5135970	LTR/ERV1	2531	+	274	5135697	1034
chr11	5134663	5334663	harbor1	chr11	5144231	5145619	LTR/ERV1	9589	+	694	5144925	10262
chr11	72121656	72321656	harbor1	chr11	72143209	72143858	LTR/ERV1	1595	+	324	72143533	21877
chr11	72121656	72321656	harbor1	chr11	72144869	72145038	LTR/ERV1	500	+	84	72144953	23297
chr11	72121656	72321656	harbor1	chr11	72145339	72145414	LTR/ERV1	500	+	38	72145377	23721
chr11	72121656	72321656	harbor1	chr11	72146246	72146474	LTR/ERV1	872	+	114	72146360	24704
chr11	72121656	72321656	harbor1	chr11	72146475	72146920	LTR/ERV1	2031	+	222	72146697	25041
chr11	72121656	72321656	harbor1	chr11	72147039	72147368	LTR/ERV1	2031	+	164	72147203	25547
chr11	72121656	72321656	harbor1	chr11	72149027	72149448	LTR/ERV1	2992	+	210	72149237	27581
chr11	72121656	72321656	harbor1	chr11	72149754	72149910	LTR/ERV1	2992	+	78	72149832	28176
chr11	72121656	72321656	harbor1	chr11	72153927	72154685	LTR/ERV1	6143	+	379	72154306	32650
chr11	72121656	72321656	harbor1	chr11	72157557	72158144	LTR/ERV1	4731	+	294	72157851	36195
chr11	72121656	72321656	harbor1	chr11	72158442	72158499	LTR/ERV1	4731	+	28	72158470	36814
chr11	72121656	72321656	harbor1	chr11	72182012	72182405	LTR/ERV1	1370	+	196	72182208	60552
chr11	72121656	72321656	harbor1	chr11	72182704	72182870	LTR/ERV1	1370	+	83	72182787	61131
chr11	72121656	72321656	harbor1	chr11	72185491	72185815	LTR/ERV1	895	+	162	72185653	63997
chr11	72121656	72321656	harbor1	chr11	72185816	72185836	LTR/ERV1	886	+	10	72185826	64170
chr11	72121656	72321656	harbor1	chr11	72186148	72186397	LTR/ERV1	886	+	124	72186272	64616
chr11	72121656	72321656	harbor1	chr11	72186760	72186912	LTR/ERV1	580	+	76	72186836	65180
chr11	72121656	72321656	harbor1	chr11	72187220	72187241	LTR/ERV1	580	+	10	72187230	65574
chr11	72121656	72321656	harbor1	chr11	72188326	72188615	LTR/ERV1	1372	+	144	72188470	66814
chr11	102246099	102446099	harbor1	chr11	102285644	102285700	LTR/ERV1	3038	+	28	102285672	39573
chr11	102246099	102446099	harbor1	chr11	102285867	102285944	LTR/ERV1	3038	+	38	102285905	39806
chr11	102246099	102446099	harbor1	chr11	102286233	102286754	LTR/ERV1	3038	+	260	102286493	40394
chr11	102246099	102446099	harbor1	chr11	102309879	102310441	LTR/ERV1	3530	+	281	102310160	64061
chr11	102246099	102446099	harbor1	chr11	102343329	102343757	LTR/ERV1	1891	+	214	102343543	97444
chr11	5126804	5326804	harbor1	chr11	5135423	5135970	LTR/ERV1	2531	+	274	5135697	8893
chr11	5126804	5326804	harbor1	chr11	5144231	5145619	LTR/ERV1	9589	+	694	5144925	18121
chr11	5127222	5327222	harbor1	chr11	5135423	5135970	LTR/ERV1	2531	+	274	5135697	8475
chr11	5127222	5327222	harbor1	chr11	5144231	5145619	LTR/ERV1	9589	+	694	5144925	17703
chr11	5127226	5327226	harbor1	chr11	5135423	5135970	LTR/ERV1	2531	+	274	5135697	8471
chr11	5127226	5327226	harbor1	chr11	5144231	5145619	LTR/ERV1	9589	+	694	5144925	17699
chr11	57399763	57599763	harbor1	chr11	57441200	57441307	LTR/ERV1	545	+	54	57441254	41491
chr11	57399763	57599763	harbor1	chr11	57441964	57441990	LTR/ERV1	1008	+	13	57441977	42214
chr11	57399763	57599763	harbor1	chr11	57444277	57444404	LTR/ERV1	836	+	64	57444341	44578
chr11	5127150	5327150	harbor1	chr11	5135423	5135970	LTR/ERV1	2531	+	274	5135697	8547
chr11	5127150	5327150	harbor1	chr11	5144231	5145619	LTR/ERV1	9589	+	694	5144925	17775
chr11	5127250	5327250	harbor1	chr11	5135423	5135970	LTR/ERV1	2531	+	274	5135697	8447
chr11	5127250	5327250	harbor1	chr11	5144231	5145619	LTR/ERV1	9589	+	694	5144925	17675
chr11	5126803	5326803	harbor1	chr11	5135423	5135970	LTR/ERV1	2531	+	274	5135697	8894
chr11	5126803	5326803	harbor1	chr11	5144231	5145619	LTR/ERV1	9589	+	694	5144925	18122
chr11	5134612	5334612	harbor1	chr11	5135423	5135970	LTR/ERV1	2531	+	274	5135697	1085
chr11	5134612	5334612	harbor1	chr11	5144231	5145619	LTR/ERV1	9589	+	694	5144925	10313
chr11	5134133	5334133	harbor1	chr11	5135423	5135970	LTR/ERV1	2531	+	274	5135697	1564
chr11	5134133	5334133	harbor1	chr11	5144231	5145619	LTR/ERV1	9589	+	694	5144925	10792
chr11	113773314	113973314	harbor1	chr11	113775582	113776094	LTR/ERV1	2656	+	256	113775838	2524
chr11	5125277	5325277	harbor1	chr11	5135423	5135970	LTR/ERV1	2531	+	274	5135697	10420
chr11	5125277	5325277	harbor1	chr11	5144231	5145619	LTR/ERV1	9589	+	694	5144925	19648
chr11	108021540	108221540	harbor1	chr11	108022686	108022761	LTR/ERV1	498	+	38	108022724	1184
chr11	108021540	108221540	harbor1	chr11	108115814	108116251	LTR/ERV1	2770	+	218	108116032	94492
chr11	5125978	5325978	harbor1	chr11	5135423	5135970	LTR/ERV1	2531	+	274	5135697	9719
chr11	5125978	5325978	harbor1	chr11	5144231	5145619	LTR/ERV1	9589	+	694	5144925	18947
chr11	57399760	57599760	harbor1	chr11	57441200	57441307	LTR/ERV1	545	+	54	57441254	41494
chr11	57399760	57599760	harbor1	chr11	57441964	57441990	LTR/ERV1	1008	+	13	57441977	42217
chr11	57399760	57599760	harbor1	chr11	57444277	57444404	LTR/ERV1	836	+	64	57444341	44581
chr11	5127141	5327141	harbor1	chr11	5135423	5135970	LTR/ERV1	2531	+	274	5135697	8556
chr11	5127141	5327141	harbor1	chr11	5144231	5145619	LTR/ERV1	9589	+	694	5144925	17784
chr11	5127172	5327172	harbor1	chr11	5135423	5135970	LTR/ERV1	2531	+	274	5135697	8525
chr11	5127172	5327172	harbor1	chr11	5144231	5145619	LTR/ERV1	9589	+	694	5144925	17753
chr11	5134086	5334086	harbor1	chr11	5135423	5135970	LTR/ERV1	2531	+	274	5135697	1611
chr11	5134086	5334086	harbor1	chr11	5144231	5145619	LTR/ERV1	9589	+	694	5144925	10839
chr11	5127261	5327261	harbor1	chr11	5135423	5135970	LTR/ERV1	2531	+	274	5135697	8436
chr11	5127261	5327261	harbor1	chr11	5144231	5145619	LTR/ERV1	9589	+	694	5144925	17664
chr11	5134533	5334533	harbor1	chr11	5135423	5135970	LTR/ERV1	2531	+	274	5135697	1164
chr11	5134533	5334533	harbor1	chr11	5144231	5145619	LTR/ERV1	9589	+	694	5144925	10392
chr11	5126745	5326745	harbor1	chr11	5135423	5135970	LTR/ERV1	2531	+	274	5135697	8952
chr11	5126745	5326745	harbor1	chr11	5144231	5145619	LTR/ERV1	9589	+	694	5144925	18180
chr11	46185687	46385687	harbor1	chr11	46214670	46215038	LTR/ERV1	2570	+	184	46214854	29167
chr11	46185687	46385687	harbor1	chr11	46215338	46215441	LTR/ERV1	2570	+	52	46215390	29703
chr11	5134641	5334641	harbor1	chr11	5135423	5135970	LTR/ERV1	2531	+	274	5135697	1056
chr11	5134641	5334641	harbor1	chr11	5144231	5145619	LTR/ERV1	9589	+	694	5144925	10284
chr11	57399762	57599762	harbor1	chr11	57441200	57441307	LTR/ERV1	545	+	54	57441254	41492
chr11	57399762	57599762	harbor1	chr11	57441964	57441990	LTR/ERV1	1008	+	13	57441977	42215
chr11	57399762	57599762	harbor1	chr11	57444277	57444404	LTR/ERV1	836	+	64	57444341	44579
chr11	108004348	108204348	harbor1	chr11	108022686	108022761	LTR/ERV1	498	+	38	108022724	18376
chr11	2759442	2959442	harbor1	chr11	2857536	2857849	LTR/ERV1	745	+	156	2857692	98250
chr11	5127278	5327278	harbor1	chr11	5135423	5135970	LTR/ERV1	2531	+	274	5135697	8419
chr11	5127278	5327278	harbor1	chr11	5144231	5145619	LTR/ERV1	9589	+	694	5144925	17647
chr11	65968777	66168777	harbor1	chr11	66000649	66001148	LTR/ERV1	4074	+	250	66000899	32122
chr11	80398104	80598104	harbor1	chr11	80448484	80449203	LTR/ERV1	3360	+	360	80448844	50740
chr11	80398104	80598104	harbor1	chr11	80475192	80475317	LTR/ERV1	406	+	62	80475254	77150
chr11	5134115	5334115	harbor1	chr11	5135423	5135970	LTR/ERV1	2531	+	274	5135697	1582
chr11	5134115	5334115	harbor1	chr11	5144231	5145619	LTR/ERV1	9589	+	694	5144925	10810
chr11	5134546	5334546	harbor1	chr11	5135423	5135970	LTR/ERV1	2531	+	274	5135697	1151
chr11	5134546	5334546	harbor1	chr11	5144231	5145619	LTR/ERV1	9589	+	694	5144925	10379
chr11	5124980	5324980	harbor1	chr11	5135423	5135970	LTR/ERV1	2531	+	274	5135697	10717
chr11	5124980	5324980	harbor1	chr11	5144231	5145619	LTR/ERV1	9589	+	694	5144925	19945
chr11	5127317	5327317	harbor1	chr11	5135423	5135970	LTR/ERV1	2531	+	274	5135697	8380
chr11	5127317	5327317	harbor1	chr11	5144231	5145619	LTR/ERV1	9589	+	694	5144925	17608
chr11	5127257	5327257	harbor1	chr11	5135423	5135970	LTR/ERV1	2531	+	274	5135697	8440
chr11	5127257	5327257	harbor1	chr11	5144231	5145619	LTR/ERV1	9589	+	694	5144925	17668
chr11	5100509	5300509	harbor1	chr11	5123156	5123698	LTR/ERV1	2298	+	271	5123427	22918
chr11	5100509	5300509	harbor1	chr11	5135423	5135970	LTR/ERV1	2531	+	274	5135697	35188
chr11	5100509	5300509	harbor1	chr11	5144231	5145619	LTR/ERV1	9589	+	694	5144925	44416
chr11	5127273	5327273	harbor1	chr11	5135423	5135970	LTR/ERV1	2531	+	274	5135697	8424
chr11	5127273	5327273	harbor1	chr11	5144231	5145619	LTR/ERV1	9589	+	694	5144925	17652
chr11	91718101	91918101	harbor1	chr11	91748890	91749660	LTR/ERV1	3338	+	385	91749275	31174
chr11	91718101	91918101	harbor1	chr11	91798308	91799420	LTR/ERV1	6933	+	556	91798864	80763
chr11	91718101	91918101	harbor1	chr11	91799790	91800591	LTR/ERV1	6933	+	400	91800190	82089
chr11	4695187	4895187	harbor1	chr11	4725726	4726054	LTR/ERV1	541	+	164	4725890	30703
chr11	5134560	5334560	harbor1	chr11	5135423	5135970	LTR/ERV1	2531	+	274	5135697	1137
chr11	5134560	5334560	harbor1	chr11	5144231	5145619	LTR/ERV1	9589	+	694	5144925	10365
chr11	5031868	5231868	harbor1	chr11	5085616	5085737	LTR/ERV1	1426	+	60	5085676	53808
chr11	5031868	5231868	harbor1	chr11	5085988	5086231	LTR/ERV1	1426	+	122	5086110	54242
chr11	5031868	5231868	harbor1	chr11	5086523	5086615	LTR/ERV1	1426	+	46	5086569	54701
chr11	5031868	5231868	harbor1	chr11	5123156	5123698	LTR/ERV1	2298	+	271	5123427	91559
chr11	108021573	108221573	harbor1	chr11	108022686	108022761	LTR/ERV1	498	+	38	108022724	1151
chr11	108021573	108221573	harbor1	chr11	108115814	108116251	LTR/ERV1	2770	+	218	108116032	94459
chr11	76580974	76780974	harbor1	chr11	76605467	76606173	LTR/ERV1	4447	+	353	76605820	24846
chr11	5127126	5327126	harbor1	chr11	5135423	5135970	LTR/ERV1	2531	+	274	5135697	8571
chr11	5127126	5327126	harbor1	chr11	5144231	5145619	LTR/ERV1	9589	+	694	5144925	17799
chr11	5125006	5325006	harbor1	chr11	5135423	5135970	LTR/ERV1	2531	+	274	5135697	10691
chr11	5125006	5325006	harbor1	chr11	5144231	5145619	LTR/ERV1	9589	+	694	5144925	19919
chr11	5134608	5334608	harbor1	chr11	5135423	5135970	LTR/ERV1	2531	+	274	5135697	1089
chr11	5134608	5334608	harbor1	chr11	5144231	5145619	LTR/ERV1	9589	+	694	5144925	10317
chr11	70391186	70591186	harbor1	chr11	70391756	70391846	LTR/ERV1	487	+	45	70391801	615
chr11	70391186	70591186	harbor1	chr11	70392152	70392406	LTR/ERV1	1491	+	127	70392279	1093
chr11	70391186	70591186	harbor1	chr11	70396789	70396900	LTR/ERV1	523	+	56	70396845	5659
chr11	70391186	70591186	harbor1	chr11	70397160	70397267	LTR/ERV1	523	+	54	70397214	6028
chr11	5126778	5326778	harbor1	chr11	5135423	5135970	LTR/ERV1	2531	+	274	5135697	8919
chr11	5126778	5326778	harbor1	chr11	5144231	5145619	LTR/ERV1	9589	+	694	5144925	18147
chr11	5134653	5334653	harbor1	chr11	5135423	5135970	LTR/ERV1	2531	+	274	5135697	1044
chr11	5134653	5334653	harbor1	chr11	5144231	5145619	LTR/ERV1	9589	+	694	5144925	10272
chr11	5134111	5334111	harbor1	chr11	5135423	5135970	LTR/ERV1	2531	+	274	5135697	1586
chr11	5134111	5334111	harbor1	chr11	5144231	5145619	LTR/ERV1	9589	+	694	5144925	10814
chr11	57374327	57574327	harbor1	chr11	57441200	57441307	LTR/ERV1	545	+	54	57441254	66927
chr11	57374327	57574327	harbor1	chr11	57441964	57441990	LTR/ERV1	1008	+	13	57441977	67650
chr11	57374327	57574327	harbor1	chr11	57444277	57444404	LTR/ERV1	836	+	64	57444341	70014
chr11	5127183	5327183	harbor1	chr11	5135423	5135970	LTR/ERV1	2531	+	274	5135697	8514
chr11	5127183	5327183	harbor1	chr11	5144231	5145619	LTR/ERV1	9589	+	694	5144925	17742
chr11	5127132	5327132	harbor1	chr11	5135423	5135970	LTR/ERV1	2531	+	274	5135697	8565
chr11	5127132	5327132	harbor1	chr11	5144231	5145619	LTR/ERV1	9589	+	694	5144925	17793
chr11	70336771	70536771	harbor1	chr11	70389268	70389579	LTR/ERV1	1389	+	156	70389424	52653
chr11	70336771	70536771	harbor1	chr11	70389761	70389921	LTR/ERV1	1389	+	80	70389841	53070
chr11	70336771	70536771	harbor1	chr11	70391756	70391846	LTR/ERV1	487	+	45	70391801	55030
chr11	70336771	70536771	harbor1	chr11	70392152	70392406	LTR/ERV1	1491	+	127	70392279	55508
chr11	70336771	70536771	harbor1	chr11	70396789	70396900	LTR/ERV1	523	+	56	70396845	60074
chr11	70336771	70536771	harbor1	chr11	70397160	70397267	LTR/ERV1	523	+	54	70397214	60443
chr11	5126760	5326760	harbor1	chr11	5135423	5135970	LTR/ERV1	2531	+	274	5135697	8937
chr11	5126760	5326760	harbor1	chr11	5144231	5145619	LTR/ERV1	9589	+	694	5144925	18165
chr11	34816228	35016228	harbor1	chr11	34871299	34871898	LTR/ERV1	3575	+	300	34871599	55371
chr11	34816228	35016228	harbor1	chr11	34874730	34875209	LTR/ERV1	5229	+	240	34874970	58742
chr11	34816228	35016228	harbor1	chr11	34875558	34875857	LTR/ERV1	5229	+	150	34875708	59480
chr11	34816228	35016228	harbor1	chr11	34898116	34898773	LTR/ERV1	40584	+	328	34898444	82216
chr11	34816228	35016228	harbor1	chr11	34899169	34907140	LTR/ERV1	40584	+	3986	34903155	86927
chr11	34816228	35016228	harbor1	chr11	34897477	34898115	LTR/ERV1	3319	+	319	34897796	81568
chr11	5127108	5327108	harbor1	chr11	5135423	5135970	LTR/ERV1	2531	+	274	5135697	8589
chr11	5127108	5327108	harbor1	chr11	5144231	5145619	LTR/ERV1	9589	+	694	5144925	17817
chr11	5127203	5327203	harbor1	chr11	5135423	5135970	LTR/ERV1	2531	+	274	5135697	8494
chr11	5127203	5327203	harbor1	chr11	5144231	5145619	LTR/ERV1	9589	+	694	5144925	17722
chr11	5127281	5327281	harbor1	chr11	5135423	5135970	LTR/ERV1	2531	+	274	5135697	8416
chr11	5127281	5327281	harbor1	chr11	5144231	5145619	LTR/ERV1	9589	+	694	5144925	17644
chr11	5134553	5334553	harbor1	chr11	5135423	5135970	LTR/ERV1	2531	+	274	5135697	1144
chr11	5134553	5334553	harbor1	chr11	5144231	5145619	LTR/ERV1	9589	+	694	5144925	10372
chr11	5030148	5230148	harbor1	chr11	5085616	5085737	LTR/ERV1	1426	+	60	5085676	55528
chr11	5030148	5230148	harbor1	chr11	5085988	5086231	LTR/ERV1	1426	+	122	5086110	55962
chr11	5030148	5230148	harbor1	chr11	5086523	5086615	LTR/ERV1	1426	+	46	5086569	56421
chr11	5030148	5230148	harbor1	chr11	5123156	5123698	LTR/ERV1	2298	+	271	5123427	93279
chr11	5134570	5334570	harbor1	chr11	5135423	5135970	LTR/ERV1	2531	+	274	5135697	1127
chr11	5134570	5334570	harbor1	chr11	5144231	5145619	LTR/ERV1	9589	+	694	5144925	10355
chr11	76580440	76780440	harbor1	chr11	76605467	76606173	LTR/ERV1	4447	+	353	76605820	25380
chr11	5126802	5326802	harbor1	chr11	5135423	5135970	LTR/ERV1	2531	+	274	5135697	8895
chr11	5126802	5326802	harbor1	chr11	5144231	5145619	LTR/ERV1	9589	+	694	5144925	18123
chr11	106768224	106968224	harbor1	chr11	106860985	106861213	LTR/ERV1	524	+	114	106861099	92875
chr11	133733693	133933693	harbor1	chr11	133782166	133783649	LTR/ERV1	10847	+	742	133782908	49215
chr11	5030044	5230044	harbor1	chr11	5085616	5085737	LTR/ERV1	1426	+	60	5085676	55632
chr11	5030044	5230044	harbor1	chr11	5085988	5086231	LTR/ERV1	1426	+	122	5086110	56066
chr11	5030044	5230044	harbor1	chr11	5086523	5086615	LTR/ERV1	1426	+	46	5086569	56525
chr11	5030044	5230044	harbor1	chr11	5123156	5123698	LTR/ERV1	2298	+	271	5123427	93383
chr11	5125241	5325241	harbor1	chr11	5135423	5135970	LTR/ERV1	2531	+	274	5135697	10456
chr11	5125241	5325241	harbor1	chr11	5144231	5145619	LTR/ERV1	9589	+	694	5144925	19684
chr11	5134190	5334190	harbor1	chr11	5135423	5135970	LTR/ERV1	2531	+	274	5135697	1507
chr11	5134190	5334190	harbor1	chr11	5144231	5145619	LTR/ERV1	9589	+	694	5144925	10735
chr11	5125737	5325737	harbor1	chr11	5135423	5135970	LTR/ERV1	2531	+	274	5135697	9960
chr11	5125737	5325737	harbor1	chr11	5144231	5145619	LTR/ERV1	9589	+	694	5144925	19188
chr11	5127241	5327241	harbor1	chr11	5135423	5135970	LTR/ERV1	2531	+	274	5135697	8456
chr11	5127241	5327241	harbor1	chr11	5144231	5145619	LTR/ERV1	9589	+	694	5144925	17684
chr11	5126766	5326766	harbor1	chr11	5135423	5135970	LTR/ERV1	2531	+	274	5135697	8931
chr11	5126766	5326766	harbor1	chr11	5144231	5145619	LTR/ERV1	9589	+	694	5144925	18159
chr11	5134609	5334609	harbor1	chr11	5135423	5135970	LTR/ERV1	2531	+	274	5135697	1088
chr11	5134609	5334609	harbor1	chr11	5144231	5145619	LTR/ERV1	9589	+	694	5144925	10316
chr11	5134091	5334091	harbor1	chr11	5135423	5135970	LTR/ERV1	2531	+	274	5135697	1606
chr11	5134091	5334091	harbor1	chr11	5144231	5145619	LTR/ERV1	9589	+	694	5144925	10834
chr11	5127300	5327300	harbor1	chr11	5135423	5135970	LTR/ERV1	2531	+	274	5135697	8397
chr11	5127300	5327300	harbor1	chr11	5144231	5145619	LTR/ERV1	9589	+	694	5144925	17625
chr11	62553001	62753001	harbor1	chr11	62561739	62562381	LTR/ERV1	2277	+	321	62562060	9059
chr11	5127229	5327229	harbor1	chr11	5135423	5135970	LTR/ERV1	2531	+	274	5135697	8468
chr11	5127229	5327229	harbor1	chr11	5144231	5145619	LTR/ERV1	9589	+	694	5144925	17696
chr11	107465643	107665643	harbor1	chr11	107475138	107475889	LTR/ERV1	5779	+	376	107475514	9871
chr11	107465643	107665643	harbor1	chr11	107497423	107498081	LTR/ERV1	5231	+	329	107497752	32109
chr11	107465643	107665643	harbor1	chr11	107522929	107523051	LTR/ERV1	559	+	61	107522990	57347
chr11	107465643	107665643	harbor1	chr11	107535935	107536319	LTR/ERV1	2366	+	192	107536127	70484
chr11	108021539	108221539	harbor1	chr11	108022686	108022761	LTR/ERV1	498	+	38	108022724	1185
chr11	108021539	108221539	harbor1	chr11	108115814	108116251	LTR/ERV1	2770	+	218	108116032	94493
chr11	5126785	5326785	harbor1	chr11	5135423	5135970	LTR/ERV1	2531	+	274	5135697	8912
chr11	5126785	5326785	harbor1	chr11	5144231	5145619	LTR/ERV1	9589	+	694	5144925	18140
chr11	5127144	5327144	harbor1	chr11	5135423	5135970	LTR/ERV1	2531	+	274	5135697	8553
chr11	5127144	5327144	harbor1	chr11	5144231	5145619	LTR/ERV1	9589	+	694	5144925	17781
chr11	5127200	5327200	harbor1	chr11	5135423	5135970	LTR/ERV1	2531	+	274	5135697	8497
chr11	5127200	5327200	harbor1	chr11	5144231	5145619	LTR/ERV1	9589	+	694	5144925	17725
chr11	117886632	118086632	harbor1	chr11	117903238	117903420	LTR/ERV1	895	+	91	117903329	16697
chr11	117886632	118086632	harbor1	chr11	117904651	117904861	LTR/ERV1	1814	+	105	117904756	18124
chr11	117886632	118086632	harbor1	chr11	117905195	117905445	LTR/ERV1	1814	+	125	117905320	18688
chr11	117886632	118086632	harbor1	chr11	117926965	117927340	LTR/ERV1	2213	+	188	117927153	40521
chr11	117886632	118086632	harbor1	chr11	117942282	117942889	LTR/ERV1	3379	+	304	117942586	55954
chr11	117886632	118086632	harbor1	chr11	117983408	117983960	LTR/ERV1	3062	+	276	117983684	97052
chr11	5103484	5303484	harbor1	chr11	5123156	5123698	LTR/ERV1	2298	+	271	5123427	19943
chr11	5103484	5303484	harbor1	chr11	5135423	5135970	LTR/ERV1	2531	+	274	5135697	32213
chr11	5103484	5303484	harbor1	chr11	5144231	5145619	LTR/ERV1	9589	+	694	5144925	41441
chr11	5127304	5327304	harbor1	chr11	5135423	5135970	LTR/ERV1	2531	+	274	5135697	8393
chr11	5127304	5327304	harbor1	chr11	5144231	5145619	LTR/ERV1	9589	+	694	5144925	17621
chr11	6512326	6712326	harbor1	chr11	6586520	6587937	LTR/ERV1	5342	+	708	6587228	74902
chr11	6512326	6712326	harbor1	chr11	6594457	6594828	LTR/ERV1	492	+	186	6594643	82317
chr11	57394202	57594202	harbor1	chr11	57441200	57441307	LTR/ERV1	545	+	54	57441254	47052
chr11	57394202	57594202	harbor1	chr11	57441964	57441990	LTR/ERV1	1008	+	13	57441977	47775
chr11	57394202	57594202	harbor1	chr11	57444277	57444404	LTR/ERV1	836	+	64	57444341	50139
chr11	6201318	6401318	harbor1	chr11	6280783	6281284	LTR/ERV1	3669	+	250	6281033	79715
chr11	6201318	6401318	harbor1	chr11	6283647	6284169	LTR/ERV1	3655	+	261	6283908	82590
chr11	6201318	6401318	harbor1	chr11	6284170	6285213	LTR/ERV1	4966	+	522	6284692	83374
chr11	6201318	6401318	harbor1	chr11	6285251	6288201	LTR/ERV1	12563	+	1475	6286726	85408
chr11	6201318	6401318	harbor1	chr11	6288204	6288759	LTR/ERV1	4374	+	278	6288482	87164
chr11	6201318	6401318	harbor1	chr11	6296383	6296502	LTR/ERV1	427	+	60	6296443	95125
chr11	6201318	6401318	harbor1	chr11	6296609	6297193	LTR/ERV1	2817	+	292	6296901	95583
chr11	6201318	6401318	harbor1	chr11	6298876	6299053	LTR/ERV1	735	+	88	6298964	97646
chr11	6201318	6401318	harbor1	chr11	6299179	6299470	LTR/ERV1	894	+	146	6299325	98007
chr11	6201318	6401318	harbor1	chr11	6299471	6299864	LTR/ERV1	1603	+	196	6299667	98349
chr11	70734522	70934522	harbor1	chr11	70745029	70745351	LTR/ERV1	616	+	161	70745190	10668
chr11	70734522	70934522	harbor1	chr11	70757966	70758680	LTR/ERV1	5181	+	357	70758323	23801
chr11	70734522	70934522	harbor1	chr11	70758804	70758878	LTR/ERV1	3632	+	37	70758841	24319
chr11	70734522	70934522	harbor1	chr11	70759507	70760403	LTR/ERV1	3632	+	448	70759955	25433
chr11	70734522	70934522	harbor1	chr11	70772475	70773039	LTR/ERV1	3357	+	282	70772757	38235
chr11	70734522	70934522	harbor1	chr11	70796725	70797253	LTR/ERV1	2505	+	264	70796989	62467
chr11	46138065	46338065	harbor1	chr11	46214670	46215038	LTR/ERV1	2570	+	184	46214854	76789
chr11	46138065	46338065	harbor1	chr11	46215338	46215441	LTR/ERV1	2570	+	52	46215390	77325
chr11	57246770	57446770	harbor1	chr11	57262272	57262429	LTR/ERV1	718	+	78	57262350	15580
chr11	57246770	57446770	harbor1	chr11	57262401	57262460	LTR/ERV1	1915	+	30	57262431	15661
chr11	57246770	57446770	harbor1	chr11	57262767	57263025	LTR/ERV1	1915	+	129	57262896	16126
chr11	57246770	57446770	harbor1	chr11	57263026	57264030	LTR/ERV1	8762	+	502	57263528	16758
chr11	57246770	57446770	harbor1	chr11	57264061	57264492	LTR/ERV1	8762	+	216	57264277	17507
chr11	57246770	57446770	harbor1	chr11	57264780	57264960	LTR/ERV1	8762	+	90	57264870	18100
chr11	57246770	57446770	harbor1	chr11	57265041	57265250	LTR/ERV1	8762	+	104	57265145	18375
chr11	57246770	57446770	harbor1	chr11	57265241	57265790	LTR/ERV1	5901	+	274	57265515	18745
chr11	57246770	57446770	harbor1	chr11	57266099	57266574	LTR/ERV1	5901	+	238	57266337	19567
chr11	57246770	57446770	harbor1	chr11	57266598	57266942	LTR/ERV1	2189	+	172	57266770	20000
chr11	57246770	57446770	harbor1	chr11	57266942	57267237	LTR/ERV1	2128	+	148	57267090	20320
chr11	57246770	57446770	harbor1	chr11	57267238	57267351	LTR/ERV1	460	+	56	57267294	20524
chr11	57246770	57446770	harbor1	chr11	57267352	57267410	LTR/ERV1	507	+	29	57267381	20611
chr11	57246770	57446770	harbor1	chr11	57267410	57267827	LTR/ERV1	3029	+	208	57267618	20848
chr11	57246770	57446770	harbor1	chr11	57267828	57268225	LTR/ERV1	2467	+	198	57268026	21256
chr11	57383305	57583305	harbor1	chr11	57441200	57441307	LTR/ERV1	545	+	54	57441254	57949
chr11	57383305	57583305	harbor1	chr11	57441964	57441990	LTR/ERV1	1008	+	13	57441977	58672
chr11	57383305	57583305	harbor1	chr11	57444277	57444404	LTR/ERV1	836	+	64	57444341	61036
chr11	6512331	6712331	harbor1	chr11	6586520	6587937	LTR/ERV1	5342	+	708	6587228	74897
chr11	6512331	6712331	harbor1	chr11	6594457	6594828	LTR/ERV1	492	+	186	6594643	82312
chr11	107914515	108114515	harbor1	chr11	107914836	107914874	LTR/ERV1	1977	+	19	107914855	340
chr11	107914515	108114515	harbor1	chr11	107915193	107915215	LTR/ERV1	1977	+	11	107915204	689
chr11	107914515	108114515	harbor1	chr11	107915502	107915941	LTR/ERV1	1977	+	220	107915722	1207
chr11	107914515	108114515	harbor1	chr11	107916419	107917213	LTR/ERV1	5395	+	397	107916816	2301
chr11	107914515	108114515	harbor1	chr11	107970129	107970596	LTR/ERV1	2760	+	234	107970363	55848
chr11	731095	931095	harbor1	chr11	745478	745813	LTR/ERV1	2401	+	168	745646	14551
chr11	731095	931095	harbor1	chr11	746101	746133	LTR/ERV1	2401	+	16	746117	15022
chr11	731095	931095	harbor1	chr11	746428	746778	LTR/ERV1	2401	+	175	746603	15508
chr11	731095	931095	harbor1	chr11	807800	807937	LTR/ERV1	725	+	68	807868	76773
chr11	76580499	76780499	harbor1	chr11	76605467	76606173	LTR/ERV1	4447	+	353	76605820	25321
chr11	76580347	76780347	harbor1	chr11	76605467	76606173	LTR/ERV1	4447	+	353	76605820	25473
chr11	5127117	5327117	harbor1	chr11	5135423	5135970	LTR/ERV1	2531	+	274	5135697	8580
chr11	5127117	5327117	harbor1	chr11	5144231	5145619	LTR/ERV1	9589	+	694	5144925	17808
chr11	76580972	76780972	harbor1	chr11	76605467	76606173	LTR/ERV1	4447	+	353	76605820	24848
chr11	5134657	5334657	harbor1	chr11	5135423	5135970	LTR/ERV1	2531	+	274	5135697	1040
chr11	5134657	5334657	harbor1	chr11	5144231	5145619	LTR/ERV1	9589	+	694	5144925	10268
chr11	3044411	3244411	harbor1	chr11	3048670	3048816	LTR/ERV1	510	+	73	3048743	4332
chr11	3044411	3244411	harbor1	chr11	3049283	3049417	LTR/ERV1	470	+	67	3049350	4939
chr11	3044411	3244411	harbor1	chr11	3075804	3075880	LTR/ERV1	507	+	38	3075842	31431
chr11	3044411	3244411	harbor1	chr11	3077869	3078243	LTR/ERV1	2710	+	187	3078056	33645
chr11	3044411	3244411	harbor1	chr11	3078559	3078588	LTR/ERV1	2710	+	14	3078573	34162
chr11	3044411	3244411	harbor1	chr11	3106238	3106595	LTR/ERV1	484	+	178	3106416	62005
chr11	3044411	3244411	harbor1	chr11	3110563	3110996	LTR/ERV1	3203	+	216	3110779	66368
chr11	3044411	3244411	harbor1	chr11	3113668	3113715	LTR/ERV1	9145	+	24	3113692	69281
chr11	3044411	3244411	harbor1	chr11	3113953	3114591	LTR/ERV1	9145	+	319	3114272	69861
chr11	3044411	3244411	harbor1	chr11	3114902	3115176	LTR/ERV1	9145	+	137	3115039	70628
chr11	3044411	3244411	harbor1	chr11	3115175	3116573	LTR/ERV1	15487	+	699	3115874	71463
chr11	3044411	3244411	harbor1	chr11	3116876	3118164	LTR/ERV1	15487	+	644	3117520	73109
chr11	3044411	3244411	harbor1	chr11	3118166	3118570	LTR/ERV1	3224	+	202	3118368	73957
chr11	3044411	3244411	harbor1	chr11	3118869	3118925	LTR/ERV1	3224	+	28	3118897	74486
chr11	3044411	3244411	harbor1	chr11	3111004	3113392	LTR/ERV1	9145	+	1194	3112198	67787
chr11	6201420	6401420	harbor1	chr11	6280783	6281284	LTR/ERV1	3669	+	250	6281033	79613
chr11	6201420	6401420	harbor1	chr11	6283647	6284169	LTR/ERV1	3655	+	261	6283908	82488
chr11	6201420	6401420	harbor1	chr11	6284170	6285213	LTR/ERV1	4966	+	522	6284692	83272
chr11	6201420	6401420	harbor1	chr11	6285251	6288201	LTR/ERV1	12563	+	1475	6286726	85306
chr11	6201420	6401420	harbor1	chr11	6288204	6288759	LTR/ERV1	4374	+	278	6288482	87062
chr11	6201420	6401420	harbor1	chr11	6296383	6296502	LTR/ERV1	427	+	60	6296443	95023
chr11	6201420	6401420	harbor1	chr11	6296609	6297193	LTR/ERV1	2817	+	292	6296901	95481
chr11	6201420	6401420	harbor1	chr11	6298876	6299053	LTR/ERV1	735	+	88	6298964	97544
chr11	6201420	6401420	harbor1	chr11	6299179	6299470	LTR/ERV1	894	+	146	6299325	97905
chr11	6201420	6401420	harbor1	chr11	6299471	6299864	LTR/ERV1	1603	+	196	6299667	98247
chr11	108021633	108221633	harbor1	chr11	108022686	108022761	LTR/ERV1	498	+	38	108022724	1091
chr11	108021633	108221633	harbor1	chr11	108115814	108116251	LTR/ERV1	2770	+	218	108116032	94399
chr11	5127276	5327276	harbor1	chr11	5135423	5135970	LTR/ERV1	2531	+	274	5135697	8421
chr11	5127276	5327276	harbor1	chr11	5144231	5145619	LTR/ERV1	9589	+	694	5144925	17649
chr11	5134554	5334554	harbor1	chr11	5135423	5135970	LTR/ERV1	2531	+	274	5135697	1143
chr11	5134554	5334554	harbor1	chr11	5144231	5145619	LTR/ERV1	9589	+	694	5144925	10371
chr11	6201346	6401346	harbor1	chr11	6280783	6281284	LTR/ERV1	3669	+	250	6281033	79687
chr11	6201346	6401346	harbor1	chr11	6283647	6284169	LTR/ERV1	3655	+	261	6283908	82562
chr11	6201346	6401346	harbor1	chr11	6284170	6285213	LTR/ERV1	4966	+	522	6284692	83346
chr11	6201346	6401346	harbor1	chr11	6285251	6288201	LTR/ERV1	12563	+	1475	6286726	85380
chr11	6201346	6401346	harbor1	chr11	6288204	6288759	LTR/ERV1	4374	+	278	6288482	87136
chr11	6201346	6401346	harbor1	chr11	6296383	6296502	LTR/ERV1	427	+	60	6296443	95097
chr11	6201346	6401346	harbor1	chr11	6296609	6297193	LTR/ERV1	2817	+	292	6296901	95555
chr11	6201346	6401346	harbor1	chr11	6298876	6299053	LTR/ERV1	735	+	88	6298964	97618
chr11	6201346	6401346	harbor1	chr11	6299179	6299470	LTR/ERV1	894	+	146	6299325	97979
chr11	6201346	6401346	harbor1	chr11	6299471	6299864	LTR/ERV1	1603	+	196	6299667	98321
chr11	5134601	5334601	harbor1	chr11	5135423	5135970	LTR/ERV1	2531	+	274	5135697	1096
chr11	5134601	5334601	harbor1	chr11	5144231	5145619	LTR/ERV1	9589	+	694	5144925	10324
chr11	5036924	5236924	harbor1	chr11	5085616	5085737	LTR/ERV1	1426	+	60	5085676	48752
chr11	5036924	5236924	harbor1	chr11	5085988	5086231	LTR/ERV1	1426	+	122	5086110	49186
chr11	5036924	5236924	harbor1	chr11	5086523	5086615	LTR/ERV1	1426	+	46	5086569	49645
chr11	5036924	5236924	harbor1	chr11	5123156	5123698	LTR/ERV1	2298	+	271	5123427	86503
chr11	5036924	5236924	harbor1	chr11	5135423	5135970	LTR/ERV1	2531	+	274	5135697	98773
chr11	70734529	70934529	harbor1	chr11	70745029	70745351	LTR/ERV1	616	+	161	70745190	10661
chr11	70734529	70934529	harbor1	chr11	70757966	70758680	LTR/ERV1	5181	+	357	70758323	23794
chr11	70734529	70934529	harbor1	chr11	70758804	70758878	LTR/ERV1	3632	+	37	70758841	24312
chr11	70734529	70934529	harbor1	chr11	70759507	70760403	LTR/ERV1	3632	+	448	70759955	25426
chr11	70734529	70934529	harbor1	chr11	70772475	70773039	LTR/ERV1	3357	+	282	70772757	38228
chr11	70734529	70934529	harbor1	chr11	70796725	70797253	LTR/ERV1	2505	+	264	70796989	62460
chr11	67369231	67569231	harbor1	chr11	67446493	67446563	LTR/ERV1	4590	+	35	67446528	77297
chr11	67369231	67569231	harbor1	chr11	67446874	67447059	LTR/ERV1	4590	+	92	67446966	77735
chr11	67369231	67569231	harbor1	chr11	67447374	67447781	LTR/ERV1	4590	+	204	67447578	78347
chr11	5127104	5327104	harbor1	chr11	5135423	5135970	LTR/ERV1	2531	+	274	5135697	8593
chr11	5127104	5327104	harbor1	chr11	5144231	5145619	LTR/ERV1	9589	+	694	5144925	17821
chr11	66158708	66358708	harbor1	chr11	66189818	66190268	LTR/ERV1	2413	+	225	66190043	31335
chr11	5127078	5327078	harbor1	chr11	5135423	5135970	LTR/ERV1	2531	+	274	5135697	8619
chr11	5127078	5327078	harbor1	chr11	5144231	5145619	LTR/ERV1	9589	+	694	5144925	17847
chr11	70734576	70934576	harbor1	chr11	70745029	70745351	LTR/ERV1	616	+	161	70745190	10614
chr11	70734576	70934576	harbor1	chr11	70757966	70758680	LTR/ERV1	5181	+	357	70758323	23747
chr11	70734576	70934576	harbor1	chr11	70758804	70758878	LTR/ERV1	3632	+	37	70758841	24265
chr11	70734576	70934576	harbor1	chr11	70759507	70760403	LTR/ERV1	3632	+	448	70759955	25379
chr11	70734576	70934576	harbor1	chr11	70772475	70773039	LTR/ERV1	3357	+	282	70772757	38181
chr11	70734576	70934576	harbor1	chr11	70796725	70797253	LTR/ERV1	2505	+	264	70796989	62413
chr11	22725288	22925288	harbor1	chr11	22783521	22783719	LTR/ERV1	1401	+	99	22783620	58332
chr11	5132790	5332790	harbor1	chr11	5135423	5135970	LTR/ERV1	2531	+	274	5135697	2907
chr11	5132790	5332790	harbor1	chr11	5144231	5145619	LTR/ERV1	9589	+	694	5144925	12135
chr11	75668477	75868477	harbor1	chr11	75673990	75674504	LTR/ERV1	2805	+	257	75674247	5770
chr11	75668477	75868477	harbor1	chr11	75690140	75690724	LTR/ERV1	4117	+	292	75690432	21955
chr11	5134186	5334186	harbor1	chr11	5135423	5135970	LTR/ERV1	2531	+	274	5135697	1511
chr11	5134186	5334186	harbor1	chr11	5144231	5145619	LTR/ERV1	9589	+	694	5144925	10739
chr11	4514263	4714263	harbor1	chr11	4550544	4550871	LTR/ERV1	2129	+	164	4550708	36445
chr11	4514263	4714263	harbor1	chr11	4550869	4551078	LTR/ERV1	1149	+	104	4550973	36710
chr11	4514263	4714263	harbor1	chr11	4551081	4554007	LTR/ERV1	13296	+	1463	4552544	38281
chr11	4514263	4714263	harbor1	chr11	4566204	4566335	LTR/ERV1	506	+	66	4566270	52007
chr11	4514263	4714263	harbor1	chr11	4568956	4569165	LTR/ERV1	1316	+	104	4569060	54797
chr11	4514263	4714263	harbor1	chr11	4569491	4570022	LTR/ERV1	2828	+	266	4569757	55494
chr11	4514263	4714263	harbor1	chr11	4554008	4554796	LTR/ERV1	4759	+	394	4554402	40139
chr11	5126808	5326808	harbor1	chr11	5135423	5135970	LTR/ERV1	2531	+	274	5135697	8889
chr11	5126808	5326808	harbor1	chr11	5144231	5145619	LTR/ERV1	9589	+	694	5144925	18117
chr11	76581035	76781035	harbor1	chr11	76605467	76606173	LTR/ERV1	4447	+	353	76605820	24785
chr11	305556	505556	harbor1	chr11	305489	306010	LTR/ERV1	2644	+	260	305749	193
chr11	305556	505556	harbor1	chr11	312658	312777	LTR/ERV1	498	+	60	312718	7162
chr11	305556	505556	harbor1	chr11	317746	317940	LTR/ERV1	987	+	97	317843	12287
chr11	305556	505556	harbor1	chr11	317945	318214	LTR/ERV1	1180	+	134	318079	12523
chr11	305556	505556	harbor1	chr11	329237	329833	LTR/ERV1	4421	+	298	329535	23979
chr11	305556	505556	harbor1	chr11	331893	332202	LTR/ERV1	1770	+	154	332047	26491
chr11	305556	505556	harbor1	chr11	332498	332554	LTR/ERV1	1770	+	28	332526	26970
chr11	305556	505556	harbor1	chr11	335588	335830	LTR/ERV1	841	+	121	335709	30153
chr11	305556	505556	harbor1	chr11	335938	336138	LTR/ERV1	730	+	100	336038	30482
chr11	305556	505556	harbor1	chr11	336168	336648	LTR/ERV1	554	+	240	336408	30852
chr11	305556	505556	harbor1	chr11	344150	344266	LTR/ERV1	616	+	58	344208	38652
chr11	305556	505556	harbor1	chr11	347589	347727	LTR/ERV1	5477	+	69	347658	42102
chr11	305556	505556	harbor1	chr11	348018	348436	LTR/ERV1	5477	+	209	348227	42671
chr11	305556	505556	harbor1	chr11	348733	349098	LTR/ERV1	5477	+	182	348915	43359
chr11	305556	505556	harbor1	chr11	352761	353111	LTR/ERV1	2468	+	175	352936	47380
chr11	305556	505556	harbor1	chr11	384365	384580	LTR/ERV1	419	+	108	384473	78917
chr11	305556	505556	harbor1	chr11	384781	384942	LTR/ERV1	498	+	80	384861	79305
chr11	305556	505556	harbor1	chr11	385810	386764	LTR/ERV1	3847	+	477	386287	80731
chr11	305556	505556	harbor1	chr11	386831	387396	LTR/ERV1	3329	+	282	387113	81557
chr11	305556	505556	harbor1	chr11	387567	388717	LTR/ERV1	5292	+	575	388142	82586
chr11	305556	505556	harbor1	chr11	388931	389003	LTR/ERV1	1434	+	36	388967	83411
chr11	305556	505556	harbor1	chr11	389947	390210	LTR/ERV1	1434	+	132	390079	84523
chr11	305556	505556	harbor1	chr11	390212	390488	LTR/ERV1	1446	+	138	390350	84794
chr11	32073529	32273529	harbor1	chr11	32143281	32143788	LTR/ERV1	3227	+	254	32143535	70006
chr11	32073529	32273529	harbor1	chr11	32147821	32148162	LTR/ERV1	592	+	170	32147991	74462
chr11	32073529	32273529	harbor1	chr11	32148275	32148517	LTR/ERV1	550	+	121	32148396	74867
chr11	32073529	32273529	harbor1	chr11	32148895	32149004	LTR/ERV1	550	+	54	32148949	75420
chr11	32073529	32273529	harbor1	chr11	32149131	32149645	LTR/ERV1	3201	+	257	32149388	75859
chr11	32073529	32273529	harbor1	chr11	32150021	32150548	LTR/ERV1	1821	+	264	32150285	76756
chr11	5127131	5327131	harbor1	chr11	5135423	5135970	LTR/ERV1	2531	+	274	5135697	8566
chr11	5127131	5327131	harbor1	chr11	5144231	5145619	LTR/ERV1	9589	+	694	5144925	17794
chr11	5125969	5325969	harbor1	chr11	5135423	5135970	LTR/ERV1	2531	+	274	5135697	9728
chr11	5125969	5325969	harbor1	chr11	5144231	5145619	LTR/ERV1	9589	+	694	5144925	18956
chr11	682053	882053	harbor1	chr11	745478	745813	LTR/ERV1	2401	+	168	745646	63593
chr11	682053	882053	harbor1	chr11	746101	746133	LTR/ERV1	2401	+	16	746117	64064
chr11	682053	882053	harbor1	chr11	746428	746778	LTR/ERV1	2401	+	175	746603	64550
chr11	1448331	1648331	harbor1	chr11	1518691	1519060	LTR/ERV1	1927	+	184	1518875	70544
chr11	3125267	3325267	harbor1	chr11	3211590	3212029	LTR/ERV1	2766	+	220	3211810	86543
chr11	5126984	5326984	harbor1	chr11	5135423	5135970	LTR/ERV1	2531	+	274	5135697	8713
chr11	5126984	5326984	harbor1	chr11	5144231	5145619	LTR/ERV1	9589	+	694	5144925	17941
chr11	5127187	5327187	harbor1	chr11	5135423	5135970	LTR/ERV1	2531	+	274	5135697	8510
chr11	5127187	5327187	harbor1	chr11	5144231	5145619	LTR/ERV1	9589	+	694	5144925	17738
chr11	65969885	66169885	harbor1	chr11	66000649	66001148	LTR/ERV1	4074	+	250	66000899	31014
chr11	77964208	78164208	harbor1	chr11	78030091	78030241	LTR/ERV1	776	+	75	78030166	65958
chr11	77964208	78164208	harbor1	chr11	78041320	78042070	LTR/ERV1	5958	+	375	78041695	77487
chr11	77964208	78164208	harbor1	chr11	78042074	78042217	LTR/ERV1	930	+	72	78042146	77938
chr11	6512394	6712394	harbor1	chr11	6586520	6587937	LTR/ERV1	5342	+	708	6587228	74834
chr11	6512394	6712394	harbor1	chr11	6594457	6594828	LTR/ERV1	492	+	186	6594643	82249
chr11	5132879	5332879	harbor1	chr11	5135423	5135970	LTR/ERV1	2531	+	274	5135697	2818
chr11	5132879	5332879	harbor1	chr11	5144231	5145619	LTR/ERV1	9589	+	694	5144925	12046
chr11	1289639	1489639	harbor1	chr11	1311172	1311455	LTR/ERV1	527	+	142	1311314	21675
chr11	1289639	1489639	harbor1	chr11	1317528	1317817	LTR/ERV1	2162	+	144	1317672	28033
chr11	1289639	1489639	harbor1	chr11	1318131	1318386	LTR/ERV1	2162	+	128	1318259	28620
chr11	1289639	1489639	harbor1	chr11	1310272	1310793	LTR/ERV1	1907	+	260	1310532	20893
chr11	6201311	6401311	harbor1	chr11	6280783	6281284	LTR/ERV1	3669	+	250	6281033	79722
chr11	6201311	6401311	harbor1	chr11	6283647	6284169	LTR/ERV1	3655	+	261	6283908	82597
chr11	6201311	6401311	harbor1	chr11	6284170	6285213	LTR/ERV1	4966	+	522	6284692	83381
chr11	6201311	6401311	harbor1	chr11	6285251	6288201	LTR/ERV1	12563	+	1475	6286726	85415
chr11	6201311	6401311	harbor1	chr11	6288204	6288759	LTR/ERV1	4374	+	278	6288482	87171
chr11	6201311	6401311	harbor1	chr11	6296383	6296502	LTR/ERV1	427	+	60	6296443	95132
chr11	6201311	6401311	harbor1	chr11	6296609	6297193	LTR/ERV1	2817	+	292	6296901	95590
chr11	6201311	6401311	harbor1	chr11	6298876	6299053	LTR/ERV1	735	+	88	6298964	97653
chr11	6201311	6401311	harbor1	chr11	6299179	6299470	LTR/ERV1	894	+	146	6299325	98014
chr11	6201311	6401311	harbor1	chr11	6299471	6299864	LTR/ERV1	1603	+	196	6299667	98356
chr11	113773432	113973432	harbor1	chr11	113775582	113776094	LTR/ERV1	2656	+	256	113775838	2406
chr11	68880548	69080548	harbor1	chr11	68974983	68975259	LTR/ERV1	2480	+	138	68975121	94573
chr11	68880548	69080548	harbor1	chr11	68975549	68975698	LTR/ERV1	2480	+	74	68975623	95075
chr11	68880548	69080548	harbor1	chr11	68976000	68976088	LTR/ERV1	2480	+	44	68976044	95496
chr11	5126814	5326814	harbor1	chr11	5135423	5135970	LTR/ERV1	2531	+	274	5135697	8883
chr11	5126814	5326814	harbor1	chr11	5144231	5145619	LTR/ERV1	9589	+	694	5144925	18111
chr11	5132579	5332579	harbor1	chr11	5135423	5135970	LTR/ERV1	2531	+	274	5135697	3118
chr11	5132579	5332579	harbor1	chr11	5144231	5145619	LTR/ERV1	9589	+	694	5144925	12346
chr11	5022316	5222316	harbor1	chr11	5085616	5085737	LTR/ERV1	1426	+	60	5085676	63360
chr11	5022316	5222316	harbor1	chr11	5085988	5086231	LTR/ERV1	1426	+	122	5086110	63794
chr11	5022316	5222316	harbor1	chr11	5086523	5086615	LTR/ERV1	1426	+	46	5086569	64253
chr11	9360652	9560652	harbor1	chr11	9364994	9365144	LTR/ERV1	2489	+	75	9365069	4417
chr11	9360652	9560652	harbor1	chr11	9365750	9366023	LTR/ERV1	2489	+	136	9365886	5234
chr11	9360652	9560652	harbor1	chr11	9378575	9378668	LTR/ERV1	4920	+	46	9378621	17969
chr11	9360652	9560652	harbor1	chr11	9378975	9379760	LTR/ERV1	4920	+	392	9379367	18715
chr11	5127120	5327120	harbor1	chr11	5135423	5135970	LTR/ERV1	2531	+	274	5135697	8577
chr11	5127120	5327120	harbor1	chr11	5144231	5145619	LTR/ERV1	9589	+	694	5144925	17805
chr11	76580334	76780334	harbor1	chr11	76605467	76606173	LTR/ERV1	4447	+	353	76605820	25486
chr11	3116372	3316372	harbor1	chr11	3115175	3116573	LTR/ERV1	15487	+	699	3115874	498
chr11	3116372	3316372	harbor1	chr11	3116876	3118164	LTR/ERV1	15487	+	644	3117520	1148
chr11	3116372	3316372	harbor1	chr11	3118166	3118570	LTR/ERV1	3224	+	202	3118368	1996
chr11	3116372	3316372	harbor1	chr11	3118869	3118925	LTR/ERV1	3224	+	28	3118897	2525
chr11	3116372	3316372	harbor1	chr11	3211590	3212029	LTR/ERV1	2766	+	220	3211810	95438
chr11	7933373	8133373	harbor1	chr11	7939804	7939958	LTR/ERV1	414	+	77	7939881	6508
chr11	7933373	8133373	harbor1	chr11	7971234	7971516	LTR/ERV1	1477	+	141	7971375	38002
chr11	122556267	122756267	harbor1	chr11	122556641	122557789	LTR/ERV1	7088	+	574	122557215	948
chr11	122556267	122756267	harbor1	chr11	122579996	122580501	LTR/ERV1	3972	+	252	122580248	23981
chr11	122556267	122756267	harbor1	chr11	122606246	122606799	LTR/ERV1	1039	+	276	122606522	50255
chr11	76580627	76780627	harbor1	chr11	76605467	76606173	LTR/ERV1	4447	+	353	76605820	25193
chr11	5127220	5327220	harbor1	chr11	5135423	5135970	LTR/ERV1	2531	+	274	5135697	8477
chr11	5127220	5327220	harbor1	chr11	5144231	5145619	LTR/ERV1	9589	+	694	5144925	17705
chr11	5127275	5327275	harbor1	chr11	5135423	5135970	LTR/ERV1	2531	+	274	5135697	8422
chr11	5127275	5327275	harbor1	chr11	5144231	5145619	LTR/ERV1	9589	+	694	5144925	17650
chr11	76575076	76775076	harbor1	chr11	76605467	76606173	LTR/ERV1	4447	+	353	76605820	30744
chr11	5127188	5327188	harbor1	chr11	5135423	5135970	LTR/ERV1	2531	+	274	5135697	8509
chr11	5127188	5327188	harbor1	chr11	5144231	5145619	LTR/ERV1	9589	+	694	5144925	17737
chr11	76580968	76780968	harbor1	chr11	76605467	76606173	LTR/ERV1	4447	+	353	76605820	24852
chr11	64752705	64952705	harbor1	chr11	64780674	64780921	LTR/ERV1	1177	+	124	64780798	28093
chr11	64752705	64952705	harbor1	chr11	64781228	64781449	LTR/ERV1	1177	+	110	64781338	28633
chr11	5127127	5327127	harbor1	chr11	5135423	5135970	LTR/ERV1	2531	+	274	5135697	8570
chr11	5127127	5327127	harbor1	chr11	5144231	5145619	LTR/ERV1	9589	+	694	5144925	17798
chr11	3160998	3360998	harbor1	chr11	3211590	3212029	LTR/ERV1	2766	+	220	3211810	50812
chr11	3160998	3360998	harbor1	chr11	3242774	3243252	LTR/ERV1	2976	+	239	3243013	82015
chr11	3160998	3360998	harbor1	chr11	3251241	3251798	LTR/ERV1	2953	+	278	3251519	90521
chr11	3160998	3360998	harbor1	chr11	3251988	3252534	LTR/ERV1	3153	+	273	3252261	91263
chr11	65286790	65486790	harbor1	chr11	65383795	65383913	LTR/ERV1	783	+	59	65383854	97064
chr11	66158664	66358664	harbor1	chr11	66189818	66190268	LTR/ERV1	2413	+	225	66190043	31379
chr11	64348428	64548428	harbor1	chr11	64408540	64408630	LTR/ERV1	769	+	45	64408585	60157
chr11	64348428	64548428	harbor1	chr11	64408932	64409211	LTR/ERV1	1431	+	140	64409072	60644
chr11	64348428	64548428	harbor1	chr11	64413610	64414050	LTR/ERV1	4004	+	220	64413830	65402
chr11	64348428	64548428	harbor1	chr11	64414792	64414910	LTR/ERV1	4004	+	59	64414851	66423
chr11	1472008	1672008	harbor1	chr11	1518691	1519060	LTR/ERV1	1927	+	184	1518875	46867
chr11	47452991	47652991	harbor1	chr11	47453426	47453903	LTR/ERV1	2821	+	238	47453664	673
chr11	5127170	5327170	harbor1	chr11	5135423	5135970	LTR/ERV1	2531	+	274	5135697	8527
chr11	5127170	5327170	harbor1	chr11	5144231	5145619	LTR/ERV1	9589	+	694	5144925	17755
chr11	5127159	5327159	harbor1	chr11	5135423	5135970	LTR/ERV1	2531	+	274	5135697	8538
chr11	5127159	5327159	harbor1	chr11	5144231	5145619	LTR/ERV1	9589	+	694	5144925	17766
chr11	46818647	47018647	harbor1	chr11	46842316	46842681	LTR/ERV1	1658	+	182	46842498	23851
chr11	9513814	9713814	harbor1	chr11	9533693	9534033	LTR/ERV1	1937	+	170	9533863	20049
chr11	9513814	9713814	harbor1	chr11	9534034	9534453	LTR/ERV1	2723	+	210	9534244	20430
chr11	9513814	9713814	harbor1	chr11	9534454	9534610	LTR/ERV1	1937	+	78	9534532	20718
chr11	5125968	5325968	harbor1	chr11	5135423	5135970	LTR/ERV1	2531	+	274	5135697	9729
chr11	5125968	5325968	harbor1	chr11	5144231	5145619	LTR/ERV1	9589	+	694	5144925	18957
chr11	680085	880085	harbor1	chr11	745478	745813	LTR/ERV1	2401	+	168	745646	65561
chr11	680085	880085	harbor1	chr11	746101	746133	LTR/ERV1	2401	+	16	746117	66032
chr11	680085	880085	harbor1	chr11	746428	746778	LTR/ERV1	2401	+	175	746603	66518
chr11	5127290	5327290	harbor1	chr11	5135423	5135970	LTR/ERV1	2531	+	274	5135697	8407
chr11	5127290	5327290	harbor1	chr11	5144231	5145619	LTR/ERV1	9589	+	694	5144925	17635
chr11	1289622	1489622	harbor1	chr11	1311172	1311455	LTR/ERV1	527	+	142	1311314	21692
chr11	1289622	1489622	harbor1	chr11	1317528	1317817	LTR/ERV1	2162	+	144	1317672	28050
chr11	1289622	1489622	harbor1	chr11	1318131	1318386	LTR/ERV1	2162	+	128	1318259	28637
chr11	1289622	1489622	harbor1	chr11	1310272	1310793	LTR/ERV1	1907	+	260	1310532	20910
chr11	5126787	5326787	harbor1	chr11	5135423	5135970	LTR/ERV1	2531	+	274	5135697	8910
chr11	5126787	5326787	harbor1	chr11	5144231	5145619	LTR/ERV1	9589	+	694	5144925	18138
chr11	67368631	67568631	harbor1	chr11	67446493	67446563	LTR/ERV1	4590	+	35	67446528	77897
chr11	67368631	67568631	harbor1	chr11	67446874	67447059	LTR/ERV1	4590	+	92	67446966	78335
chr11	67368631	67568631	harbor1	chr11	67447374	67447781	LTR/ERV1	4590	+	204	67447578	78947
chr11	5134597	5334597	harbor1	chr11	5135423	5135970	LTR/ERV1	2531	+	274	5135697	1100
chr11	5134597	5334597	harbor1	chr11	5144231	5145619	LTR/ERV1	9589	+	694	5144925	10328
chr12	113085240	113285240	harbor1	chr12	113156370	113156489	LTR/ERV1	759	+	60	113156430	71190
chr12	6863305	7063305	harbor1	chr12	6899979	6900402	LTR/ERV1	1831	+	212	6900191	36886
chr12	1	131655	harbor1	chr12	63945	64407	LTR/ERV1	3781	+	231	64176	64175
chr12	6863247	7063247	harbor1	chr12	6899979	6900402	LTR/ERV1	1831	+	212	6900191	36944
chr12	1	127337	harbor1	chr12	63945	64407	LTR/ERV1	3781	+	231	64176	64175
chr12	6863232	7063232	harbor1	chr12	6899979	6900402	LTR/ERV1	1831	+	212	6900191	36959
chr12	131268647	131468647	harbor1	chr12	131322675	131322938	LTR/ERV1	1206	+	132	131322807	54160
chr12	131268647	131468647	harbor1	chr12	131334871	131335398	LTR/ERV1	3816	+	264	131335135	66488
chr12	131268647	131468647	harbor1	chr12	131335420	131340111	LTR/ERV1	28704	+	2346	131337766	69119
chr12	10112880	10312880	harbor1	chr12	10196778	10197046	LTR/ERV1	5679	+	134	10196912	84032
chr12	10112880	10312880	harbor1	chr12	10197336	10197860	LTR/ERV1	5679	+	262	10197598	84718
chr12	49195916	49395916	harbor1	chr12	49252185	49252422	LTR/ERV1	671	+	118	49252303	56387
chr12	12257335	12457335	harbor1	chr12	12311928	12312089	LTR/ERV1	2964	+	80	12312008	54673
chr12	12257335	12457335	harbor1	chr12	12312382	12312488	LTR/ERV1	2964	+	53	12312435	55100
chr12	12257335	12457335	harbor1	chr12	12312792	12313131	LTR/ERV1	2964	+	170	12312962	55627
chr12	12257335	12457335	harbor1	chr12	12313430	12313456	LTR/ERV1	2964	+	13	12313443	56108
chr12	12257335	12457335	harbor1	chr12	12313968	12314167	LTR/ERV1	702	+	100	12314068	56733
chr12	12257335	12457335	harbor1	chr12	12319208	12319280	LTR/ERV1	1208	+	36	12319244	61909
chr12	12257335	12457335	harbor1	chr12	12319593	12319784	LTR/ERV1	1208	+	96	12319689	62354
chr12	48880879	49080879	harbor1	chr12	48880816	48880891	LTR/ERV1	3037	+	38	48880854	25
chr12	48880879	49080879	harbor1	chr12	48881202	48881515	LTR/ERV1	3037	+	156	48881358	479
chr12	48880879	49080879	harbor1	chr12	48881824	48882000	LTR/ERV1	3037	+	88	48881912	1033
chr12	49467542	49667542	harbor1	chr12	49475944	49476721	LTR/ERV1	5062	+	388	49476332	8790
chr12	6863318	7063318	harbor1	chr12	6899979	6900402	LTR/ERV1	1831	+	212	6900191	36873
chr12	130738919	130938919	harbor1	chr12	130749557	130750021	LTR/ERV1	3294	+	232	130749789	10870
chr12	130738919	130938919	harbor1	chr12	130767477	130768033	LTR/ERV1	1033	+	278	130767755	28836
chr12	130738919	130938919	harbor1	chr12	130768071	130768267	LTR/ERV1	1228	+	98	130768169	29250
chr12	130738919	130938919	harbor1	chr12	130768314	130768968	LTR/ERV1	2378	+	327	130768641	29722
chr12	130738919	130938919	harbor1	chr12	130807779	130808492	LTR/ERV1	2371	+	356	130808135	69216
chr12	6863293	7063293	harbor1	chr12	6899979	6900402	LTR/ERV1	1831	+	212	6900191	36898
chr12	69779300	69979300	harbor1	chr12	69828146	69828533	LTR/ERV1	1315	+	194	69828340	49040
chr12	92828990	93028990	harbor1	chr12	92897071	92897705	LTR/ERV1	3878	+	317	92897388	68398
chr12	89254167	89454167	harbor1	chr12	89335961	89336219	LTR/ERV1	590	+	129	89336090	81923
chr12	53851036	54051036	harbor1	chr12	53925569	53925957	LTR/ERV1	659	+	194	53925763	74727
chr12	6863233	7063233	harbor1	chr12	6899979	6900402	LTR/ERV1	1831	+	212	6900191	36958
chr12	10623688	10823688	harbor1	chr12	10653837	10654459	LTR/ERV1	4280	+	311	10654148	30460
chr12	10623688	10823688	harbor1	chr12	10654460	10655030	LTR/ERV1	3147	+	285	10654745	31057
chr12	10623688	10823688	harbor1	chr12	10655023	10655974	LTR/ERV1	29469	+	476	10655499	31811
chr12	10623688	10823688	harbor1	chr12	10656655	10660474	LTR/ERV1	29469	+	1910	10658565	34877
chr12	10623688	10823688	harbor1	chr12	10660475	10661086	LTR/ERV1	4100	+	306	10660781	37093
chr12	6248395	6448395	harbor1	chr12	6250000	6250278	LTR/ERV1	670	+	139	6250139	1744
chr12	6248395	6448395	harbor1	chr12	6297364	6297434	LTR/ERV1	2996	+	35	6297399	49004
chr12	6248395	6448395	harbor1	chr12	6297566	6298103	LTR/ERV1	2996	+	268	6297834	49439
chr12	96299297	96499297	harbor1	chr12	96376039	96376424	LTR/ERV1	1355	+	192	96376231	76934
chr12	6863320	7063320	harbor1	chr12	6899979	6900402	LTR/ERV1	1831	+	212	6900191	36871
chr12	6863258	7063258	harbor1	chr12	6899979	6900402	LTR/ERV1	1831	+	212	6900191	36933
chr12	1	131656	harbor1	chr12	63945	64407	LTR/ERV1	3781	+	231	64176	64175
chr12	132333732	132533732	harbor1	chr12	132369892	132370273	LTR/ERV1	2513	+	190	132370082	36350
chr12	132333732	132533732	harbor1	chr12	132393605	132394031	LTR/ERV1	1663	+	213	132393818	60086
chr12	132333732	132533732	harbor1	chr12	132396604	132396791	LTR/ERV1	1058	+	94	132396698	62966
chr12	64467190	64667190	harbor1	chr12	64542757	64544480	LTR/ERV1	7130	+	862	64543619	76429
chr13	36899468	37099468	harbor1	chr13	36956650	36956762	LTR/ERV1	744	+	56	36956706	57238
chr13	36899468	37099468	harbor1	chr13	36956763	36958343	LTR/ERV1	12246	+	790	36957553	58085
chr13	36899468	37099468	harbor1	chr13	36958369	36958652	LTR/ERV1	2140	+	142	36958511	59043
chr13	36899468	37099468	harbor1	chr13	36958653	36958981	LTR/ERV1	2310	+	164	36958817	59349
chr13	36893557	37093557	harbor1	chr13	36956650	36956762	LTR/ERV1	744	+	56	36956706	63149
chr13	36893557	37093557	harbor1	chr13	36956763	36958343	LTR/ERV1	12246	+	790	36957553	63996
chr13	36893557	37093557	harbor1	chr13	36958369	36958652	LTR/ERV1	2140	+	142	36958511	64954
chr13	36893557	37093557	harbor1	chr13	36958653	36958981	LTR/ERV1	2310	+	164	36958817	65260
chr13	100574884	100774884	harbor1	chr13	100579317	100579919	LTR/ERV1	2798	+	301	100579618	4734
chr13	100574884	100774884	harbor1	chr13	100594858	100595426	LTR/ERV1	3528	+	284	100595142	20258
chr13	20315145	20515145	harbor1	chr13	20324423	20324667	LTR/ERV1	2552	+	122	20324545	9400
chr13	20315145	20515145	harbor1	chr13	20324965	20325537	LTR/ERV1	2786	+	286	20325251	10106
chr13	20315145	20515145	harbor1	chr13	20325752	20326536	LTR/ERV1	4570	+	392	20326144	10999
chr13	20315145	20515145	harbor1	chr13	20343718	20344310	LTR/ERV1	3312	+	296	20344014	28869
chr13	20315145	20515145	harbor1	chr13	20359933	20360425	LTR/ERV1	2682	+	246	20360179	45034
chr13	20315145	20515145	harbor1	chr13	20374977	20375424	LTR/ERV1	2239	+	224	20375201	60056
chr13	27728634	27928634	harbor1	chr13	27754529	27755061	LTR/ERV1	3259	+	266	27754795	26161
chr13	27728634	27928634	harbor1	chr13	27809072	27809272	LTR/ERV1	927	+	100	27809172	80538
chr13	113718182	113918182	harbor1	chr13	113746115	113746547	LTR/ERV1	2019	+	216	113746331	28149
chr13	113718182	113918182	harbor1	chr13	113782476	113782548	LTR/ERV1	430	+	36	113782512	64330
chr13	20314698	20514698	harbor1	chr13	20324423	20324667	LTR/ERV1	2552	+	122	20324545	9847
chr13	20314698	20514698	harbor1	chr13	20324965	20325537	LTR/ERV1	2786	+	286	20325251	10553
chr13	20314698	20514698	harbor1	chr13	20325752	20326536	LTR/ERV1	4570	+	392	20326144	11446
chr13	20314698	20514698	harbor1	chr13	20343718	20344310	LTR/ERV1	3312	+	296	20344014	29316
chr13	20314698	20514698	harbor1	chr13	20359933	20360425	LTR/ERV1	2682	+	246	20360179	45481
chr13	20314698	20514698	harbor1	chr13	20374977	20375424	LTR/ERV1	2239	+	224	20375201	60503
chr13	113713649	113913649	harbor1	chr13	113746115	113746547	LTR/ERV1	2019	+	216	113746331	32682
chr13	113713649	113913649	harbor1	chr13	113782476	113782548	LTR/ERV1	430	+	36	113782512	68863
chr13	20315192	20515192	harbor1	chr13	20324423	20324667	LTR/ERV1	2552	+	122	20324545	9353
chr13	20315192	20515192	harbor1	chr13	20324965	20325537	LTR/ERV1	2786	+	286	20325251	10059
chr13	20315192	20515192	harbor1	chr13	20325752	20326536	LTR/ERV1	4570	+	392	20326144	10952
chr13	20315192	20515192	harbor1	chr13	20343718	20344310	LTR/ERV1	3312	+	296	20344014	28822
chr13	20315192	20515192	harbor1	chr13	20359933	20360425	LTR/ERV1	2682	+	246	20360179	44987
chr13	20315192	20515192	harbor1	chr13	20374977	20375424	LTR/ERV1	2239	+	224	20375201	60009
chr13	48133654	48333654	harbor1	chr13	48156554	48156906	LTR/ERV1	1739	+	176	48156730	23076
chr13	48133654	48333654	harbor1	chr13	48160632	48161169	LTR/ERV1	2961	+	268	48160900	27246
chr13	100574881	100774881	harbor1	chr13	100579317	100579919	LTR/ERV1	2798	+	301	100579618	4737
chr13	100574881	100774881	harbor1	chr13	100594858	100595426	LTR/ERV1	3528	+	284	100595142	20261
chr13	100574914	100774914	harbor1	chr13	100579317	100579919	LTR/ERV1	2798	+	301	100579618	4704
chr13	100574914	100774914	harbor1	chr13	100594858	100595426	LTR/ERV1	3528	+	284	100595142	20228
chr13	113726184	113926184	harbor1	chr13	113746115	113746547	LTR/ERV1	2019	+	216	113746331	20147
chr13	113726184	113926184	harbor1	chr13	113782476	113782548	LTR/ERV1	430	+	36	113782512	56328
chr13	113726144	113926144	harbor1	chr13	113746115	113746547	LTR/ERV1	2019	+	216	113746331	20187
chr13	113726144	113926144	harbor1	chr13	113782476	113782548	LTR/ERV1	430	+	36	113782512	56368
chr13	20315123	20515123	harbor1	chr13	20324423	20324667	LTR/ERV1	2552	+	122	20324545	9422
chr13	20315123	20515123	harbor1	chr13	20324965	20325537	LTR/ERV1	2786	+	286	20325251	10128
chr13	20315123	20515123	harbor1	chr13	20325752	20326536	LTR/ERV1	4570	+	392	20326144	11021
chr13	20315123	20515123	harbor1	chr13	20343718	20344310	LTR/ERV1	3312	+	296	20344014	28891
chr13	20315123	20515123	harbor1	chr13	20359933	20360425	LTR/ERV1	2682	+	246	20360179	45056
chr13	20315123	20515123	harbor1	chr13	20374977	20375424	LTR/ERV1	2239	+	224	20375201	60078
chr13	51810106	52010106	harbor1	chr13	51829781	51830288	LTR/ERV1	2382	+	254	51830035	19929
chr13	51810106	52010106	harbor1	chr13	51886779	51887214	LTR/ERV1	2158	+	218	51886997	76891
chr13	51810106	52010106	harbor1	chr13	51890655	51890756	LTR/ERV1	706	+	50	51890705	80599
chr13	51810106	52010106	harbor1	chr13	51890760	51890948	LTR/ERV1	665	+	94	51890854	80748
chr13	27707987	27907987	harbor1	chr13	27754529	27755061	LTR/ERV1	3259	+	266	27754795	46808
chr13	28720365	28920365	harbor1	chr13	28756766	28756915	LTR/ERV1	601	+	74	28756840	36475
chr13	28720365	28920365	harbor1	chr13	28753918	28754398	LTR/ERV1	2928	+	240	28754158	33793
chr13	113726163	113926163	harbor1	chr13	113746115	113746547	LTR/ERV1	2019	+	216	113746331	20168
chr13	113726163	113926163	harbor1	chr13	113782476	113782548	LTR/ERV1	430	+	36	113782512	56349
chr13	113725831	113925831	harbor1	chr13	113746115	113746547	LTR/ERV1	2019	+	216	113746331	20500
chr13	113725831	113925831	harbor1	chr13	113782476	113782548	LTR/ERV1	430	+	36	113782512	56681
chr13	99473104	99673104	harbor1	chr13	99475470	99475915	LTR/ERV1	3202	+	222	99475692	2588
chr13	99473104	99673104	harbor1	chr13	99475921	99476913	LTR/ERV1	4593	+	496	99476417	3313
chr13	99473104	99673104	harbor1	chr13	99477392	99477942	LTR/ERV1	2634	+	275	99477667	4563
chr13	99473104	99673104	harbor1	chr13	99477939	99478110	LTR/ERV1	1285	+	86	99478025	4921
chr13	99473104	99673104	harbor1	chr13	99478332	99478578	LTR/ERV1	2761	+	123	99478455	5351
chr13	99473104	99673104	harbor1	chr13	99478875	99478885	LTR/ERV1	2761	+	5	99478880	5776
chr13	99473104	99673104	harbor1	chr13	99479181	99479977	LTR/ERV1	3048	+	398	99479579	6475
chr13	99473104	99673104	harbor1	chr13	99534409	99534479	LTR/ERV1	581	+	35	99534444	61340
chr13	19461422	19661422	harbor1	chr13	19507582	19507989	LTR/ERV1	1384	+	204	19507786	46364
chr13	21574752	21774752	harbor1	chr13	21582527	21582993	LTR/ERV1	3026	+	233	21582760	8008
chr13	21574752	21774752	harbor1	chr13	21588022	21589513	LTR/ERV1	9958	+	746	21588768	14016
chr13	21574752	21774752	harbor1	chr13	21589514	21590048	LTR/ERV1	3389	+	267	21589781	15029
chr13	21574752	21774752	harbor1	chr13	21610979	21611538	LTR/ERV1	3161	+	280	21611259	36507
chr13	113726255	113926255	harbor1	chr13	113746115	113746547	LTR/ERV1	2019	+	216	113746331	20076
chr13	113726255	113926255	harbor1	chr13	113782476	113782548	LTR/ERV1	430	+	36	113782512	56257
chr13	20315141	20515141	harbor1	chr13	20324423	20324667	LTR/ERV1	2552	+	122	20324545	9404
chr13	20315141	20515141	harbor1	chr13	20324965	20325537	LTR/ERV1	2786	+	286	20325251	10110
chr13	20315141	20515141	harbor1	chr13	20325752	20326536	LTR/ERV1	4570	+	392	20326144	11003
chr13	20315141	20515141	harbor1	chr13	20343718	20344310	LTR/ERV1	3312	+	296	20344014	28873
chr13	20315141	20515141	harbor1	chr13	20359933	20360425	LTR/ERV1	2682	+	246	20360179	45038
chr13	20315141	20515141	harbor1	chr13	20374977	20375424	LTR/ERV1	2239	+	224	20375201	60060
chr13	20315163	20515163	harbor1	chr13	20324423	20324667	LTR/ERV1	2552	+	122	20324545	9382
chr13	20315163	20515163	harbor1	chr13	20324965	20325537	LTR/ERV1	2786	+	286	20325251	10088
chr13	20315163	20515163	harbor1	chr13	20325752	20326536	LTR/ERV1	4570	+	392	20326144	10981
chr13	20315163	20515163	harbor1	chr13	20343718	20344310	LTR/ERV1	3312	+	296	20344014	28851
chr13	20315163	20515163	harbor1	chr13	20359933	20360425	LTR/ERV1	2682	+	246	20360179	45016
chr13	20315163	20515163	harbor1	chr13	20374977	20375424	LTR/ERV1	2239	+	224	20375201	60038
chr13	100574912	100774912	harbor1	chr13	100579317	100579919	LTR/ERV1	2798	+	301	100579618	4706
chr13	100574912	100774912	harbor1	chr13	100594858	100595426	LTR/ERV1	3528	+	284	100595142	20230
chr13	113726358	113926358	harbor1	chr13	113746115	113746547	LTR/ERV1	2019	+	216	113746331	19973
chr13	113726358	113926358	harbor1	chr13	113782476	113782548	LTR/ERV1	430	+	36	113782512	56154
chr13	112670833	112870833	harbor1	chr13	112709144	112709880	LTR/ERV1	5689	+	368	112709512	38679
chr13	112670833	112870833	harbor1	chr13	112763192	112764036	LTR/ERV1	5288	+	422	112763614	92781
chr13	113726286	113926286	harbor1	chr13	113746115	113746547	LTR/ERV1	2019	+	216	113746331	20045
chr13	113726286	113926286	harbor1	chr13	113782476	113782548	LTR/ERV1	430	+	36	113782512	56226
chr13	75438285	75638285	harbor1	chr13	75465570	75466167	LTR/ERV1	2632	+	298	75465868	27583
chr13	75438285	75638285	harbor1	chr13	75506012	75506518	LTR/ERV1	1610	+	253	75506265	67980
chr13	75438285	75638285	harbor1	chr13	75513255	75513671	LTR/ERV1	2422	+	208	75513463	75178
chr13	75438285	75638285	harbor1	chr13	75518379	75519760	LTR/ERV1	7074	+	690	75519069	80784
chr13	36899488	37099488	harbor1	chr13	36956650	36956762	LTR/ERV1	744	+	56	36956706	57218
chr13	36899488	37099488	harbor1	chr13	36956763	36958343	LTR/ERV1	12246	+	790	36957553	58065
chr13	36899488	37099488	harbor1	chr13	36958369	36958652	LTR/ERV1	2140	+	142	36958511	59023
chr13	36899488	37099488	harbor1	chr13	36958653	36958981	LTR/ERV1	2310	+	164	36958817	59329
chr13	20315167	20515167	harbor1	chr13	20324423	20324667	LTR/ERV1	2552	+	122	20324545	9378
chr13	20315167	20515167	harbor1	chr13	20324965	20325537	LTR/ERV1	2786	+	286	20325251	10084
chr13	20315167	20515167	harbor1	chr13	20325752	20326536	LTR/ERV1	4570	+	392	20326144	10977
chr13	20315167	20515167	harbor1	chr13	20343718	20344310	LTR/ERV1	3312	+	296	20344014	28847
chr13	20315167	20515167	harbor1	chr13	20359933	20360425	LTR/ERV1	2682	+	246	20360179	45012
chr13	20315167	20515167	harbor1	chr13	20374977	20375424	LTR/ERV1	2239	+	224	20375201	60034
chr14	99103274	99303274	harbor1	chr14	99144241	99144743	LTR/ERV1	3479	+	251	99144492	41218
chr14	99103274	99303274	harbor1	chr14	99145033	99145229	LTR/ERV1	3479	+	98	99145131	41857
chr14	105492607	105692607	harbor1	chr14	105517390	105517598	LTR/ERV1	1964	+	104	105517494	24887
chr14	105492607	105692607	harbor1	chr14	105517951	105518177	LTR/ERV1	1964	+	113	105518064	25457
chr14	105492607	105692607	harbor1	chr14	105547656	105549512	LTR/ERV1	9975	+	928	105548584	55977
chr14	105492607	105692607	harbor1	chr14	105551552	105552097	LTR/ERV1	7219	+	272	105551824	59217
chr14	105492607	105692607	harbor1	chr14	105552397	105552603	LTR/ERV1	7219	+	103	105552500	59893
chr14	105492607	105692607	harbor1	chr14	105553921	105554314	LTR/ERV1	7219	+	196	105554117	61510
chr14	105492607	105692607	harbor1	chr14	105554608	105554876	LTR/ERV1	7219	+	134	105554742	62135
chr14	105492607	105692607	harbor1	chr14	105555805	105556329	LTR/ERV1	7219	+	262	105556067	63460
chr14	105492607	105692607	harbor1	chr14	105556336	105556441	LTR/ERV1	1975	+	52	105556388	63781
chr14	105492607	105692607	harbor1	chr14	105556737	105557091	LTR/ERV1	1975	+	177	105556914	64307
chr14	24016236	24216236	harbor1	chr14	24020327	24020892	LTR/ERV1	1375	+	282	24020609	4373
chr14	88724597	88924597	harbor1	chr14	88736609	88737578	LTR/ERV1	3392	+	484	88737093	12496
chr14	88724597	88924597	harbor1	chr14	88752600	88753326	LTR/ERV1	3430	+	363	88752963	28366
chr14	64194243	64394243	harbor1	chr14	64278786	64279350	LTR/ERV1	3327	+	282	64279068	84825
chr14	66383081	66583081	harbor1	chr14	66465513	66465960	LTR/ERV1	3287	+	224	66465737	82656
chr14	66383081	66583081	harbor1	chr14	66465964	66466571	LTR/ERV1	2616	+	304	66466268	83187
chr14	66383081	66583081	harbor1	chr14	66466540	66468242	LTR/ERV1	8550	+	851	66467391	84310
chr14	66383081	66583081	harbor1	chr14	66471586	66472030	LTR/ERV1	3204	+	222	66471808	88727
chr14	66383081	66583081	harbor1	chr14	66468483	66471577	LTR/ERV1	15692	+	1547	66470030	86949
chr14	99583656	99783656	harbor1	chr14	99681556	99682121	LTR/ERV1	4253	+	282	99681838	98182
chr14	99583656	99783656	harbor1	chr14	99682434	99682573	LTR/ERV1	4253	+	70	99682504	98848
chr14	100183362	100383362	harbor1	chr14	100190160	100190611	LTR/ERV1	2669	+	226	100190386	7024
chr14	100183362	100383362	harbor1	chr14	100204284	100204327	LTR/ERV1	2038	+	22	100204306	20944
chr14	100183362	100383362	harbor1	chr14	100205151	100205177	LTR/ERV1	2038	+	13	100205164	21802
chr14	100183362	100383362	harbor1	chr14	100205470	100205505	LTR/ERV1	2038	+	18	100205488	22126
chr14	100183362	100383362	harbor1	chr14	100204487	100204852	LTR/ERV1	2038	+	182	100204669	21307
chr14	100185484	100385484	harbor1	chr14	100190160	100190611	LTR/ERV1	2669	+	226	100190386	4902
chr14	100185484	100385484	harbor1	chr14	100204284	100204327	LTR/ERV1	2038	+	22	100204306	18822
chr14	100185484	100385484	harbor1	chr14	100205151	100205177	LTR/ERV1	2038	+	13	100205164	19680
chr14	100185484	100385484	harbor1	chr14	100205470	100205505	LTR/ERV1	2038	+	18	100205488	20004
chr14	100185484	100385484	harbor1	chr14	100204487	100204852	LTR/ERV1	2038	+	182	100204669	19185
chr14	23961782	24161782	harbor1	chr14	23977553	23978118	LTR/ERV1	1365	+	282	23977835	16053
chr14	23961782	24161782	harbor1	chr14	24020327	24020892	LTR/ERV1	1375	+	282	24020609	58827
chr14	63247906	63447906	harbor1	chr14	63261344	63261421	LTR/ERV1	924	+	38	63261382	13476
chr14	63247906	63447906	harbor1	chr14	63261741	63261904	LTR/ERV1	924	+	82	63261823	13917
chr14	90282762	90482762	harbor1	chr14	90309525	90309728	LTR/ERV1	625	+	102	90309627	26865
chr14	90283216	90483216	harbor1	chr14	90309525	90309728	LTR/ERV1	625	+	102	90309627	26411
chr14	57989413	58189413	harbor1	chr14	58083625	58083993	LTR/ERV1	1188	+	184	58083809	94396
chr14	67488947	67688947	harbor1	chr14	67493237	67493596	LTR/ERV1	1328	+	180	67493417	4470
chr14	67488947	67688947	harbor1	chr14	67497973	67498427	LTR/ERV1	1051	+	227	67498200	9253
chr14	67488947	67688947	harbor1	chr14	67505095	67505703	LTR/ERV1	1635	+	304	67505399	16452
chr14	67488947	67688947	harbor1	chr14	67505999	67506084	LTR/ERV1	1635	+	42	67506041	17094
chr14	67488947	67688947	harbor1	chr14	67506233	67506435	LTR/ERV1	829	+	101	67506334	17387
chr14	54388477	54588477	harbor1	chr14	54393278	54394638	LTR/ERV1	9507	+	680	54393958	5481
chr14	54388477	54588477	harbor1	chr14	54469726	54470327	LTR/ERV1	687	+	300	54470026	81549
chr14	54388477	54588477	harbor1	chr14	54472707	54473364	LTR/ERV1	3117	+	328	54473035	84558
chr14	54388477	54588477	harbor1	chr14	54473644	54473728	LTR/ERV1	3117	+	42	54473686	85209
chr14	54388477	54588477	harbor1	chr14	54442869	54444450	LTR/ERV1	11455	+	790	54443659	55182
chr14	73659272	73859272	harbor1	chr14	73703339	73703768	LTR/ERV1	3437	+	214	73703553	44281
chr14	73659272	73859272	harbor1	chr14	73703771	73707030	LTR/ERV1	21093	+	1630	73705401	46129
chr14	73659272	73859272	harbor1	chr14	73707021	73707528	LTR/ERV1	3404	+	254	73707275	48003
chr14	73659272	73859272	harbor1	chr14	73707531	73708191	LTR/ERV1	4292	+	330	73707861	48589
chr14	73659272	73859272	harbor1	chr14	73708193	73708409	LTR/ERV1	1412	+	108	73708301	49029
chr14	73659272	73859272	harbor1	chr14	73708408	73708784	LTR/ERV1	2560	+	188	73708596	49324
chr14	73659272	73859272	harbor1	chr14	73708785	73709213	LTR/ERV1	3395	+	214	73708999	49727
chr14	104195767	104395767	harbor1	chr14	104207710	104208037	LTR/ERV1	1687	+	164	104207874	12107
chr14	104195767	104395767	harbor1	chr14	104209489	104209613	LTR/ERV1	493	+	62	104209551	13784
chr14	65117756	65317756	harbor1	chr14	65167128	65167614	LTR/ERV1	2900	+	243	65167371	49615
chr14	65117756	65317756	harbor1	chr14	65182426	65183007	LTR/ERV1	1550	+	290	65182716	64960
chr14	65117756	65317756	harbor1	chr14	65202775	65203462	LTR/ERV1	5394	+	344	65203119	85363
chr14	65117756	65317756	harbor1	chr14	65210075	65210535	LTR/ERV1	2168	+	230	65210305	92549
chr14	90283244	90483244	harbor1	chr14	90309525	90309728	LTR/ERV1	625	+	102	90309627	26383
chr14	23419129	23619129	harbor1	chr14	23465444	23465627	LTR/ERV1	3761	+	92	23465536	46407
chr14	23419129	23619129	harbor1	chr14	23466182	23466228	LTR/ERV1	3761	+	23	23466205	47076
chr14	23419129	23619129	harbor1	chr14	23466534	23466696	LTR/ERV1	3761	+	81	23466615	47486
chr14	23419129	23619129	harbor1	chr14	23467114	23467427	LTR/ERV1	3761	+	156	23467270	48141
chr14	104833585	105033585	harbor1	chr14	104910323	104910686	LTR/ERV1	2783	+	182	104910505	76920
chr14	104833585	105033585	harbor1	chr14	104910993	104911285	LTR/ERV1	2783	+	146	104911139	77554
chr14	104833585	105033585	harbor1	chr14	104918950	104919548	LTR/ERV1	4942	+	299	104919249	85664
chr14	105103095	105303095	harbor1	chr14	105128113	105128303	LTR/ERV1	1157	+	95	105128208	25113
chr14	105103095	105303095	harbor1	chr14	105128972	105129306	LTR/ERV1	1687	+	167	105129139	26044
chr14	105103095	105303095	harbor1	chr14	105131106	105131905	LTR/ERV1	3784	+	400	105131506	28411
chr14	105103095	105303095	harbor1	chr14	105132196	105133141	LTR/ERV1	3784	+	472	105132668	29573
chr14	105103095	105303095	harbor1	chr14	105133382	105134395	LTR/ERV1	2890	+	506	105133888	30793
chr14	49792466	49992466	harbor1	chr14	49858355	49858731	LTR/ERV1	2000	+	188	49858543	66077
chr14	49792466	49992466	harbor1	chr14	49882563	49883134	LTR/ERV1	4336	+	286	49882849	90383
chr14	49792466	49992466	harbor1	chr14	49883432	49883600	LTR/ERV1	4336	+	84	49883516	91050
chr14	49792466	49992466	harbor1	chr14	49884318	49884432	LTR/ERV1	2197	+	57	49884375	91909
chr14	49792466	49992466	harbor1	chr14	49884653	49884843	LTR/ERV1	2197	+	95	49884748	92282
chr14	49792466	49992466	harbor1	chr14	49885140	49885293	LTR/ERV1	2197	+	76	49885216	92750
chr14	90282174	90482174	harbor1	chr14	90309525	90309728	LTR/ERV1	625	+	102	90309627	27453
chr14	73660276	73860276	harbor1	chr14	73703339	73703768	LTR/ERV1	3437	+	214	73703553	43277
chr14	73660276	73860276	harbor1	chr14	73703771	73707030	LTR/ERV1	21093	+	1630	73705401	45125
chr14	73660276	73860276	harbor1	chr14	73707021	73707528	LTR/ERV1	3404	+	254	73707275	46999
chr14	73660276	73860276	harbor1	chr14	73707531	73708191	LTR/ERV1	4292	+	330	73707861	47585
chr14	73660276	73860276	harbor1	chr14	73708193	73708409	LTR/ERV1	1412	+	108	73708301	48025
chr14	73660276	73860276	harbor1	chr14	73708408	73708784	LTR/ERV1	2560	+	188	73708596	48320
chr14	73660276	73860276	harbor1	chr14	73708785	73709213	LTR/ERV1	3395	+	214	73708999	48723
chr14	100185630	100385630	harbor1	chr14	100190160	100190611	LTR/ERV1	2669	+	226	100190386	4756
chr14	100185630	100385630	harbor1	chr14	100204284	100204327	LTR/ERV1	2038	+	22	100204306	18676
chr14	100185630	100385630	harbor1	chr14	100205151	100205177	LTR/ERV1	2038	+	13	100205164	19534
chr14	100185630	100385630	harbor1	chr14	100205470	100205505	LTR/ERV1	2038	+	18	100205488	19858
chr14	100185630	100385630	harbor1	chr14	100204487	100204852	LTR/ERV1	2038	+	182	100204669	19039
chr14	100118258	100318258	harbor1	chr14	100190160	100190611	LTR/ERV1	2669	+	226	100190386	72128
chr14	100118258	100318258	harbor1	chr14	100204284	100204327	LTR/ERV1	2038	+	22	100204306	86048
chr14	100118258	100318258	harbor1	chr14	100205151	100205177	LTR/ERV1	2038	+	13	100205164	86906
chr14	100118258	100318258	harbor1	chr14	100205470	100205505	LTR/ERV1	2038	+	18	100205488	87230
chr14	100118258	100318258	harbor1	chr14	100204487	100204852	LTR/ERV1	2038	+	182	100204669	86411
chr14	73640450	73840450	harbor1	chr14	73703339	73703768	LTR/ERV1	3437	+	214	73703553	63103
chr14	73640450	73840450	harbor1	chr14	73703771	73707030	LTR/ERV1	21093	+	1630	73705401	64951
chr14	73640450	73840450	harbor1	chr14	73707021	73707528	LTR/ERV1	3404	+	254	73707275	66825
chr14	73640450	73840450	harbor1	chr14	73707531	73708191	LTR/ERV1	4292	+	330	73707861	67411
chr14	73640450	73840450	harbor1	chr14	73708193	73708409	LTR/ERV1	1412	+	108	73708301	67851
chr14	73640450	73840450	harbor1	chr14	73708408	73708784	LTR/ERV1	2560	+	188	73708596	68146
chr14	73640450	73840450	harbor1	chr14	73708785	73709213	LTR/ERV1	3395	+	214	73708999	68549
chr14	67482246	67682246	harbor1	chr14	67493237	67493596	LTR/ERV1	1328	+	180	67493417	11171
chr14	67482246	67682246	harbor1	chr14	67497973	67498427	LTR/ERV1	1051	+	227	67498200	15954
chr14	67482246	67682246	harbor1	chr14	67505095	67505703	LTR/ERV1	1635	+	304	67505399	23153
chr14	67482246	67682246	harbor1	chr14	67505999	67506084	LTR/ERV1	1635	+	42	67506041	23795
chr14	67482246	67682246	harbor1	chr14	67506233	67506435	LTR/ERV1	829	+	101	67506334	24088
chr14	104457988	104657988	harbor1	chr14	104528698	104528945	LTR/ERV1	2230	+	124	104528822	70834
chr14	104457988	104657988	harbor1	chr14	104529239	104529466	LTR/ERV1	2230	+	114	104529353	71365
chr14	104457988	104657988	harbor1	chr14	104531689	104532137	LTR/ERV1	2715	+	224	104531913	73925
chr14	104457988	104657988	harbor1	chr14	104534640	104535038	LTR/ERV1	1790	+	199	104534839	76851
chr14	88724593	88924593	harbor1	chr14	88736609	88737578	LTR/ERV1	3392	+	484	88737093	12500
chr14	88724593	88924593	harbor1	chr14	88752600	88753326	LTR/ERV1	3430	+	363	88752963	28370
chr14	73545047	73745047	harbor1	chr14	73549939	73550217	LTR/ERV1	3548	+	139	73550078	5031
chr14	73545047	73745047	harbor1	chr14	73550218	73550812	LTR/ERV1	4126	+	297	73550515	5468
chr14	73545047	73745047	harbor1	chr14	73550813	73550880	LTR/ERV1	3548	+	34	73550847	5800
chr14	73545047	73745047	harbor1	chr14	73551181	73551279	LTR/ERV1	3548	+	49	73551230	6183
chr14	73545047	73745047	harbor1	chr14	73551280	73551525	LTR/ERV1	3979	+	122	73551402	6355
chr14	73545047	73745047	harbor1	chr14	73551835	73552267	LTR/ERV1	3979	+	216	73552051	7004
chr14	73545047	73745047	harbor1	chr14	73552268	73552410	LTR/ERV1	3548	+	71	73552339	7292
chr14	73545047	73745047	harbor1	chr14	73553802	73554017	LTR/ERV1	1022	+	108	73553910	8863
chr14	73545047	73745047	harbor1	chr14	73567335	73568063	LTR/ERV1	4570	+	364	73567699	22652
chr14	73545047	73745047	harbor1	chr14	73582123	73582401	LTR/ERV1	3438	+	139	73582262	37215
chr14	73545047	73745047	harbor1	chr14	73582402	73582994	LTR/ERV1	4011	+	296	73582698	37651
chr14	73545047	73745047	harbor1	chr14	73582995	73583061	LTR/ERV1	3438	+	33	73583028	37981
chr14	73545047	73745047	harbor1	chr14	73583368	73583466	LTR/ERV1	3438	+	49	73583417	38370
chr14	73545047	73745047	harbor1	chr14	73583467	73583717	LTR/ERV1	4070	+	125	73583592	38545
chr14	73545047	73745047	harbor1	chr14	73584021	73584454	LTR/ERV1	4070	+	216	73584237	39190
chr14	73545047	73745047	harbor1	chr14	73584455	73584597	LTR/ERV1	3438	+	71	73584526	39479
chr14	73545047	73745047	harbor1	chr14	73605279	73605556	LTR/ERV1	4521	+	138	73605417	60370
chr14	73545047	73745047	harbor1	chr14	73605870	73606137	LTR/ERV1	4521	+	134	73606004	60957
chr14	73545047	73745047	harbor1	chr14	73606387	73606556	LTR/ERV1	4521	+	84	73606471	61424
chr14	73545047	73745047	harbor1	chr14	73630093	73630509	LTR/ERV1	2701	+	208	73630301	85254
chr14	94469585	94669585	harbor1	chr14	94540415	94540842	LTR/ERV1	2191	+	214	94540629	71044
chr14	94469585	94669585	harbor1	chr14	94540882	94540934	LTR/ERV1	2191	+	26	94540908	71323
chr14	100182074	100382074	harbor1	chr14	100190160	100190611	LTR/ERV1	2669	+	226	100190386	8312
chr14	100182074	100382074	harbor1	chr14	100204284	100204327	LTR/ERV1	2038	+	22	100204306	22232
chr14	100182074	100382074	harbor1	chr14	100205151	100205177	LTR/ERV1	2038	+	13	100205164	23090
chr14	100182074	100382074	harbor1	chr14	100205470	100205505	LTR/ERV1	2038	+	18	100205488	23414
chr14	100182074	100382074	harbor1	chr14	100204487	100204852	LTR/ERV1	2038	+	182	100204669	22595
chr14	100146444	100346444	harbor1	chr14	100190160	100190611	LTR/ERV1	2669	+	226	100190386	43942
chr14	100146444	100346444	harbor1	chr14	100204284	100204327	LTR/ERV1	2038	+	22	100204306	57862
chr14	100146444	100346444	harbor1	chr14	100205151	100205177	LTR/ERV1	2038	+	13	100205164	58720
chr14	100146444	100346444	harbor1	chr14	100205470	100205505	LTR/ERV1	2038	+	18	100205488	59044
chr14	100146444	100346444	harbor1	chr14	100204487	100204852	LTR/ERV1	2038	+	182	100204669	58225
chr14	90283172	90483172	harbor1	chr14	90309525	90309728	LTR/ERV1	625	+	102	90309627	26455
chr14	100185510	100385510	harbor1	chr14	100190160	100190611	LTR/ERV1	2669	+	226	100190386	4876
chr14	100185510	100385510	harbor1	chr14	100204284	100204327	LTR/ERV1	2038	+	22	100204306	18796
chr14	100185510	100385510	harbor1	chr14	100205151	100205177	LTR/ERV1	2038	+	13	100205164	19654
chr14	100185510	100385510	harbor1	chr14	100205470	100205505	LTR/ERV1	2038	+	18	100205488	19978
chr14	100185510	100385510	harbor1	chr14	100204487	100204852	LTR/ERV1	2038	+	182	100204669	19159
chr14	23251947	23451947	harbor1	chr14	23254931	23255341	LTR/ERV1	2142	+	205	23255136	3189
chr14	23251947	23451947	harbor1	chr14	23287055	23287232	LTR/ERV1	2655	+	88	23287143	35196
chr14	23251947	23451947	harbor1	chr14	23287556	23287803	LTR/ERV1	2655	+	124	23287680	35733
chr14	23251947	23451947	harbor1	chr14	23288108	23288181	LTR/ERV1	2655	+	36	23288144	36197
chr14	23251947	23451947	harbor1	chr14	23288519	23288533	LTR/ERV1	2655	+	7	23288526	36579
chr14	23251947	23451947	harbor1	chr14	23335106	23335298	LTR/ERV1	3242	+	96	23335202	83255
chr14	23251947	23451947	harbor1	chr14	23335608	23336013	LTR/ERV1	3242	+	202	23335810	83863
chr14	23251947	23451947	harbor1	chr14	23336017	23336610	LTR/ERV1	2732	+	296	23336313	84366
chr14	23251947	23451947	harbor1	chr14	23336725	23337068	LTR/ERV1	1412	+	172	23336897	84950
chr14	23251947	23451947	harbor1	chr14	23337068	23337151	LTR/ERV1	8277	+	42	23337110	85163
chr14	23251947	23451947	harbor1	chr14	23337443	23338858	LTR/ERV1	8277	+	708	23338151	86204
chr14	23251947	23451947	harbor1	chr14	23339242	23339848	LTR/ERV1	6551	+	303	23339545	87598
chr14	23251947	23451947	harbor1	chr14	23340220	23341898	LTR/ERV1	8904	+	839	23341059	89112
chr14	23251947	23451947	harbor1	chr14	23342173	23342277	LTR/ERV1	8904	+	52	23342225	90278
chr14	23251947	23451947	harbor1	chr14	23342380	23343346	LTR/ERV1	8904	+	483	23342863	90916
chr14	23251947	23451947	harbor1	chr14	23343319	23343860	LTR/ERV1	6522	+	270	23343589	91642
chr14	23251947	23451947	harbor1	chr14	23344140	23344650	LTR/ERV1	6522	+	255	23344395	92448
chr14	23251947	23451947	harbor1	chr14	23344651	23345236	LTR/ERV1	3406	+	292	23344943	92996
chr14	71816792	72016792	harbor1	chr14	71816750	71817548	LTR/ERV1	4548	+	399	71817149	357
chr14	71816792	72016792	harbor1	chr14	71817850	71817892	LTR/ERV1	4548	+	21	71817871	1079
chr14	71816792	72016792	harbor1	chr14	71868030	71868486	LTR/ERV1	501	+	228	71868258	51466
chr14	71816792	72016792	harbor1	chr14	71883502	71884139	LTR/ERV1	4830	+	318	71883820	67028
chr14	71816792	72016792	harbor1	chr14	71894130	71894649	LTR/ERV1	4002	+	260	71894390	77598
chr14	71816792	72016792	harbor1	chr14	71909184	71909357	LTR/ERV1	1073	+	86	71909270	92478
chr14	71816792	72016792	harbor1	chr14	71909820	71909905	LTR/ERV1	606	+	42	71909862	93070
chr14	71816792	72016792	harbor1	chr14	71910231	71910629	LTR/ERV1	902	+	199	71910430	93638
chr14	71816792	72016792	harbor1	chr14	71912690	71912818	LTR/ERV1	1531	+	64	71912754	95962
chr14	71816792	72016792	harbor1	chr14	71913127	71913431	LTR/ERV1	1531	+	152	71913279	96487
chr14	104542901	104742901	harbor1	chr14	104622425	104622944	LTR/ERV1	4091	+	260	104622685	79784
chr14	100581636	100781636	harbor1	chr14	100596596	100596892	LTR/ERV1	2517	+	148	100596744	15108
chr14	100581636	100781636	harbor1	chr14	100597200	100597383	LTR/ERV1	2517	+	92	100597292	15656
chr14	23252088	23452088	harbor1	chr14	23254931	23255341	LTR/ERV1	2142	+	205	23255136	3048
chr14	23252088	23452088	harbor1	chr14	23287055	23287232	LTR/ERV1	2655	+	88	23287143	35055
chr14	23252088	23452088	harbor1	chr14	23287556	23287803	LTR/ERV1	2655	+	124	23287680	35592
chr14	23252088	23452088	harbor1	chr14	23288108	23288181	LTR/ERV1	2655	+	36	23288144	36056
chr14	23252088	23452088	harbor1	chr14	23288519	23288533	LTR/ERV1	2655	+	7	23288526	36438
chr14	23252088	23452088	harbor1	chr14	23335106	23335298	LTR/ERV1	3242	+	96	23335202	83114
chr14	23252088	23452088	harbor1	chr14	23335608	23336013	LTR/ERV1	3242	+	202	23335810	83722
chr14	23252088	23452088	harbor1	chr14	23336017	23336610	LTR/ERV1	2732	+	296	23336313	84225
chr14	23252088	23452088	harbor1	chr14	23336725	23337068	LTR/ERV1	1412	+	172	23336897	84809
chr14	23252088	23452088	harbor1	chr14	23337068	23337151	LTR/ERV1	8277	+	42	23337110	85022
chr14	23252088	23452088	harbor1	chr14	23337443	23338858	LTR/ERV1	8277	+	708	23338151	86063
chr14	23252088	23452088	harbor1	chr14	23339242	23339848	LTR/ERV1	6551	+	303	23339545	87457
chr14	23252088	23452088	harbor1	chr14	23340220	23341898	LTR/ERV1	8904	+	839	23341059	88971
chr14	23252088	23452088	harbor1	chr14	23342173	23342277	LTR/ERV1	8904	+	52	23342225	90137
chr14	23252088	23452088	harbor1	chr14	23342380	23343346	LTR/ERV1	8904	+	483	23342863	90775
chr14	23252088	23452088	harbor1	chr14	23343319	23343860	LTR/ERV1	6522	+	270	23343589	91501
chr14	23252088	23452088	harbor1	chr14	23344140	23344650	LTR/ERV1	6522	+	255	23344395	92307
chr14	23252088	23452088	harbor1	chr14	23344651	23345236	LTR/ERV1	3406	+	292	23344943	92855
chr14	50142883	50342883	harbor1	chr14	50182687	50182871	LTR/ERV1	855	+	92	50182779	39896
chr14	50142883	50342883	harbor1	chr14	50228354	50228615	LTR/ERV1	890	+	130	50228484	85601
chr14	104877001	105077001	harbor1	chr14	104910323	104910686	LTR/ERV1	2783	+	182	104910505	33504
chr14	104877001	105077001	harbor1	chr14	104910993	104911285	LTR/ERV1	2783	+	146	104911139	34138
chr14	104877001	105077001	harbor1	chr14	104918950	104919548	LTR/ERV1	4942	+	299	104919249	42248
chr14	95435221	95635221	harbor1	chr14	95532438	95532822	LTR/ERV1	2251	+	192	95532630	97409
chr14	67500383	67700383	harbor1	chr14	67505095	67505703	LTR/ERV1	1635	+	304	67505399	5016
chr14	67500383	67700383	harbor1	chr14	67505999	67506084	LTR/ERV1	1635	+	42	67506041	5658
chr14	67500383	67700383	harbor1	chr14	67506233	67506435	LTR/ERV1	829	+	101	67506334	5951
chr14	67500383	67700383	harbor1	chr14	67596560	67596981	LTR/ERV1	1099	+	210	67596770	96387
chr14	81336737	81536737	harbor1	chr14	81392199	81392526	LTR/ERV1	1843	+	164	81392363	55626
chr14	91224876	91424876	harbor1	chr14	91265964	91266296	LTR/ERV1	1702	+	166	91266130	41254
chr14	69474346	69674346	harbor1	chr14	69474040	69474771	LTR/ERV1	3907	+	366	69474406	60
chr15	31114834	31314834	harbor1	chr15	31130264	31130999	LTR/ERV1	3810	+	368	31130632	15798
chr15	31114834	31314834	harbor1	chr15	31134272	31134719	LTR/ERV1	2974	+	224	31134496	19662
chr15	31114834	31314834	harbor1	chr15	31135015	31135169	LTR/ERV1	2974	+	77	31135092	20258
chr15	31114834	31314834	harbor1	chr15	31136569	31136905	LTR/ERV1	1531	+	168	31136737	21903
chr15	31114834	31314834	harbor1	chr15	31136936	31137237	LTR/ERV1	700	+	150	31137086	22252
chr15	31114834	31314834	harbor1	chr15	31137222	31137530	LTR/ERV1	639	+	154	31137376	22542
chr15	31114834	31314834	harbor1	chr15	31138733	31139022	LTR/ERV1	770	+	144	31138877	24043
chr15	31114834	31314834	harbor1	chr15	31139369	31140031	LTR/ERV1	1738	+	331	31139700	24866
chr15	31114834	31314834	harbor1	chr15	31141132	31141804	LTR/ERV1	1261	+	336	31141468	26634
chr15	31114834	31314834	harbor1	chr15	31142163	31142297	LTR/ERV1	523	+	67	31142230	27396
chr15	31114834	31314834	harbor1	chr15	31142309	31143401	LTR/ERV1	4557	+	546	31142855	28021
chr15	31114834	31314834	harbor1	chr15	31143713	31144157	LTR/ERV1	4557	+	222	31143935	29101
chr15	31114834	31314834	harbor1	chr15	31144458	31144712	LTR/ERV1	3430	+	127	31144585	29751
chr15	31114834	31314834	harbor1	chr15	31145016	31145442	LTR/ERV1	3430	+	213	31145229	30395
chr15	31114834	31314834	harbor1	chr15	31145604	31145818	LTR/ERV1	760	+	107	31145711	30877
chr15	31114834	31314834	harbor1	chr15	31146050	31146359	LTR/ERV1	1868	+	154	31146204	31370
chr15	31114834	31314834	harbor1	chr15	31146360	31146704	LTR/ERV1	2549	+	172	31146532	31698
chr15	31114834	31314834	harbor1	chr15	31147002	31147196	LTR/ERV1	2549	+	97	31147099	32265
chr15	31114834	31314834	harbor1	chr15	31150365	31150424	LTR/ERV1	3771	+	30	31150395	35561
chr15	31114834	31314834	harbor1	chr15	31150733	31151231	LTR/ERV1	3771	+	249	31150982	36148
chr15	31114834	31314834	harbor1	chr15	31152453	31152659	LTR/ERV1	4647	+	103	31152556	37722
chr15	31114834	31314834	harbor1	chr15	31152943	31153333	LTR/ERV1	4647	+	195	31153138	38304
chr15	31114834	31314834	harbor1	chr15	31153624	31153867	LTR/ERV1	4647	+	122	31153746	38912
chr15	31114834	31314834	harbor1	chr15	31154429	31155090	LTR/ERV1	5025	+	330	31154759	39925
chr15	31114834	31314834	harbor1	chr15	31155736	31155914	LTR/ERV1	3918	+	89	31155825	40991
chr15	31114834	31314834	harbor1	chr15	31156222	31156830	LTR/ERV1	3918	+	304	31156526	41692
chr15	31114834	31314834	harbor1	chr15	31198874	31199303	LTR/ERV1	3305	+	214	31199088	84254
chr15	29169894	29369894	harbor1	chr15	29178461	29178806	LTR/ERV1	1036	+	172	29178633	8739
chr15	29169894	29369894	harbor1	chr15	29222002	29222533	LTR/ERV1	4067	+	266	29222268	52374
chr15	29169894	29369894	harbor1	chr15	29253990	29254134	LTR/ERV1	772	+	72	29254062	84168
chr15	29169894	29369894	harbor1	chr15	29254191	29254558	LTR/ERV1	1119	+	184	29254375	84481
chr15	29169894	29369894	harbor1	chr15	29259352	29259692	LTR/ERV1	1770	+	170	29259522	89628
chr15	29169894	29369894	harbor1	chr15	29259865	29260002	LTR/ERV1	798	+	68	29259933	90039
chr15	50319048	50519048	harbor1	chr15	50392989	50393150	LTR/ERV1	1108	+	80	50393069	74021
chr15	50319048	50519048	harbor1	chr15	50416157	50416370	LTR/ERV1	968	+	106	50416263	97215
chr15	50319048	50519048	harbor1	chr15	50416680	50416767	LTR/ERV1	968	+	44	50416724	97676
chr15	74496627	74696627	harbor1	chr15	74513374	74513477	LTR/ERV1	777	+	52	74513426	16799
chr15	74496627	74696627	harbor1	chr15	74513784	74514347	LTR/ERV1	777	+	282	74514066	17439
chr15	74496627	74696627	harbor1	chr15	74514902	74515086	LTR/ERV1	649	+	92	74514994	18367
chr15	74496627	74696627	harbor1	chr15	74515345	74515592	LTR/ERV1	688	+	124	74515469	18842
chr15	74496627	74696627	harbor1	chr15	74516201	74516341	LTR/ERV1	688	+	70	74516271	19644
chr15	101861586	102061586	harbor1	chr15	101944451	101944528	LTR/ERV1	631	+	38	101944489	82903
chr15	74510960	74710960	harbor1	chr15	74513374	74513477	LTR/ERV1	777	+	52	74513426	2466
chr15	74510960	74710960	harbor1	chr15	74513784	74514347	LTR/ERV1	777	+	282	74514066	3106
chr15	74510960	74710960	harbor1	chr15	74514902	74515086	LTR/ERV1	649	+	92	74514994	4034
chr15	74510960	74710960	harbor1	chr15	74515345	74515592	LTR/ERV1	688	+	124	74515469	4509
chr15	74510960	74710960	harbor1	chr15	74516201	74516341	LTR/ERV1	688	+	70	74516271	5311
chr15	101858909	102058909	harbor1	chr15	101859703	101859976	LTR/ERV1	2902	+	136	101859839	930
chr15	101858909	102058909	harbor1	chr15	101860945	101861193	LTR/ERV1	2902	+	124	101861069	2160
chr15	101858909	102058909	harbor1	chr15	101944451	101944528	LTR/ERV1	631	+	38	101944489	85580
chr15	101858909	102058909	harbor1	chr15	101859256	101859449	LTR/ERV1	426	+	96	101859352	443
chr15	75576188	75776188	harbor1	chr15	75581049	75581665	LTR/ERV1	3324	+	308	75581357	5169
chr15	75576188	75776188	harbor1	chr15	75581973	75582091	LTR/ERV1	3324	+	59	75582032	5844
chr15	75576188	75776188	harbor1	chr15	75653108	75653176	LTR/ERV1	449	+	34	75653142	76954
chr15	29332904	29532904	harbor1	chr15	29385679	29386466	LTR/ERV1	5338	+	394	29386073	53169
chr15	69999125	70199125	harbor1	chr15	70022117	70022308	LTR/ERV1	1190	+	96	70022213	23088
chr15	29332913	29532913	harbor1	chr15	29385679	29386466	LTR/ERV1	5338	+	394	29386073	53160
chr15	45029667	45229667	harbor1	chr15	45034652	45036266	LTR/ERV1	8568	+	807	45035459	5792
chr15	45029667	45229667	harbor1	chr15	45057154	45057488	LTR/ERV1	884	+	167	45057321	27654
chr15	69999141	70199141	harbor1	chr15	70022117	70022308	LTR/ERV1	1190	+	96	70022213	23072
chr15	98547489	98747489	harbor1	chr15	98549571	98551003	LTR/ERV1	9556	+	716	98550287	2798
chr15	63405315	63605315	harbor1	chr15	63434646	63435329	LTR/ERV1	3195	+	342	63434988	29673
chr15	63405315	63605315	harbor1	chr15	63435598	63436302	LTR/ERV1	4299	+	352	63435950	30635
chr15	63405315	63605315	harbor1	chr15	63458891	63460258	LTR/ERV1	8158	+	684	63459575	54260
chr15	90133990	90333990	harbor1	chr15	90133488	90134493	LTR/ERV1	9928	+	502	90133990	0
chr15	90133990	90333990	harbor1	chr15	90134655	90136238	LTR/ERV1	9928	+	792	90135447	1457
chr15	90133990	90333990	harbor1	chr15	90136233	90136322	LTR/ERV1	522	+	44	90136277	2287
chr15	90133990	90333990	harbor1	chr15	90136321	90136930	LTR/ERV1	4069	+	304	90136625	2635
chr15	90133990	90333990	harbor1	chr15	90136922	90137346	LTR/ERV1	2241	+	212	90137134	3144
chr15	90133990	90333990	harbor1	chr15	90137340	90137913	LTR/ERV1	3350	+	286	90137626	3636
chr15	90133990	90333990	harbor1	chr15	90137914	90138300	LTR/ERV1	2592	+	193	90138107	4117
chr15	90133990	90333990	harbor1	chr15	90141201	90141559	LTR/ERV1	725	+	179	90141380	7390
chr15	45302919	45502919	harbor1	chr15	45306145	45306375	LTR/ERV1	1395	+	115	45306260	3341
chr15	45302919	45502919	harbor1	chr15	45306713	45306946	LTR/ERV1	1395	+	116	45306829	3910
chr15	45302919	45502919	harbor1	chr15	45313910	45315184	LTR/ERV1	8327	+	637	45314547	11628
chr15	45302919	45502919	harbor1	chr15	45319933	45320070	LTR/ERV1	4455	+	68	45320001	17082
chr15	45302919	45502919	harbor1	chr15	45320384	45321050	LTR/ERV1	4455	+	333	45320717	17798
chr15	45302919	45502919	harbor1	chr15	45323480	45323994	LTR/ERV1	3835	+	257	45323737	20818
chr15	45302919	45502919	harbor1	chr15	45327892	45328226	LTR/ERV1	2130	+	167	45328059	25140
chr15	45302919	45502919	harbor1	chr15	45332698	45332984	LTR/ERV1	833	+	143	45332841	29922
chr15	45302919	45502919	harbor1	chr15	45385585	45386154	LTR/ERV1	3403	+	284	45385869	82950
chr15	98321796	98521796	harbor1	chr15	98335470	98335947	LTR/ERV1	3408	+	238	98335708	13912
chr15	98321796	98521796	harbor1	chr15	98358830	98359522	LTR/ERV1	3212	+	346	98359176	37380
chr15	41794702	41994702	harbor1	chr15	41829966	41831281	LTR/ERV1	4071	+	658	41830624	35922
chr15	41794702	41994702	harbor1	chr15	41831573	41832381	LTR/ERV1	4530	+	404	41831977	37275
chr15	96225435	96425435	harbor1	chr15	96233625	96233953	LTR/ERV1	1647	+	164	96233789	8354
chr15	20916532	21116532	harbor1	chr15	20985265	20985672	LTR/ERV1	2545	+	204	20985469	68937
chr15	20916532	21116532	harbor1	chr15	21000099	21000971	LTR/ERV1	3875	+	436	21000535	84003
chr15	74496573	74696573	harbor1	chr15	74513374	74513477	LTR/ERV1	777	+	52	74513426	16853
chr15	74496573	74696573	harbor1	chr15	74513784	74514347	LTR/ERV1	777	+	282	74514066	17493
chr15	74496573	74696573	harbor1	chr15	74514902	74515086	LTR/ERV1	649	+	92	74514994	18421
chr15	74496573	74696573	harbor1	chr15	74515345	74515592	LTR/ERV1	688	+	124	74515469	18896
chr15	74496573	74696573	harbor1	chr15	74516201	74516341	LTR/ERV1	688	+	70	74516271	19698
chr15	101859054	102059054	harbor1	chr15	101859703	101859976	LTR/ERV1	2902	+	136	101859839	785
chr15	101859054	102059054	harbor1	chr15	101860945	101861193	LTR/ERV1	2902	+	124	101861069	2015
chr15	101859054	102059054	harbor1	chr15	101944451	101944528	LTR/ERV1	631	+	38	101944489	85435
chr15	101859054	102059054	harbor1	chr15	101859256	101859449	LTR/ERV1	426	+	96	101859352	298
chr15	20765866	20965866	harbor1	chr15	20788809	20789401	LTR/ERV1	2319	+	296	20789105	23239
chr15	20765866	20965866	harbor1	chr15	20848871	20849359	LTR/ERV1	1462	+	244	20849115	83249
chr15	52686084	52886084	harbor1	chr15	52738558	52738987	LTR/ERV1	2612	+	214	52738772	52688
chr15	52686084	52886084	harbor1	chr15	52744191	52744407	LTR/ERV1	1389	+	108	52744299	58215
chr15	52686084	52886084	harbor1	chr15	52744406	52744783	LTR/ERV1	2387	+	188	52744594	58510
chr15	52686084	52886084	harbor1	chr15	52744784	52745204	LTR/ERV1	2705	+	210	52744994	58910
chr15	52686084	52886084	harbor1	chr15	52745244	52745899	LTR/ERV1	4116	+	328	52745572	59488
chr15	52686084	52886084	harbor1	chr15	52747319	52747772	LTR/ERV1	3218	+	226	52747545	61461
chr15	52686084	52886084	harbor1	chr15	52738990	52744189	LTR/ERV1	36345	+	2600	52741590	55506
chr15	101854375	102054375	harbor1	chr15	101855112	101855328	LTR/ERV1	4182	+	108	101855220	845
chr15	101854375	102054375	harbor1	chr15	101856040	101856127	LTR/ERV1	4182	+	44	101856084	1709
chr15	101854375	102054375	harbor1	chr15	101856428	101857158	LTR/ERV1	4950	+	365	101856793	2418
chr15	101854375	102054375	harbor1	chr15	101857541	101858050	LTR/ERV1	4950	+	254	101857795	3420
chr15	101854375	102054375	harbor1	chr15	101858329	101858702	LTR/ERV1	4950	+	186	101858515	4140
chr15	101854375	102054375	harbor1	chr15	101859703	101859976	LTR/ERV1	2902	+	136	101859839	5464
chr15	101854375	102054375	harbor1	chr15	101860945	101861193	LTR/ERV1	2902	+	124	101861069	6694
chr15	101854375	102054375	harbor1	chr15	101944451	101944528	LTR/ERV1	631	+	38	101944489	90114
chr15	101854375	102054375	harbor1	chr15	101859256	101859449	LTR/ERV1	426	+	96	101859352	4977
chr15	101861607	102061607	harbor1	chr15	101944451	101944528	LTR/ERV1	631	+	38	101944489	82882
chr15	57606922	57806922	harbor1	chr15	57704641	57705244	LTR/ERV1	2646	+	302	57704943	98021
chr15	27433813	27633813	harbor1	chr15	27532296	27532428	LTR/ERV1	739	+	66	27532362	98549
chr15	31049451	31249451	harbor1	chr15	31088055	31088650	LTR/ERV1	3826	+	298	31088353	38902
chr15	31049451	31249451	harbor1	chr15	31130264	31130999	LTR/ERV1	3810	+	368	31130632	81181
chr15	31049451	31249451	harbor1	chr15	31134272	31134719	LTR/ERV1	2974	+	224	31134496	85045
chr15	31049451	31249451	harbor1	chr15	31135015	31135169	LTR/ERV1	2974	+	77	31135092	85641
chr15	31049451	31249451	harbor1	chr15	31136569	31136905	LTR/ERV1	1531	+	168	31136737	87286
chr15	31049451	31249451	harbor1	chr15	31136936	31137237	LTR/ERV1	700	+	150	31137086	87635
chr15	31049451	31249451	harbor1	chr15	31137222	31137530	LTR/ERV1	639	+	154	31137376	87925
chr15	31049451	31249451	harbor1	chr15	31138733	31139022	LTR/ERV1	770	+	144	31138877	89426
chr15	31049451	31249451	harbor1	chr15	31139369	31140031	LTR/ERV1	1738	+	331	31139700	90249
chr15	31049451	31249451	harbor1	chr15	31141132	31141804	LTR/ERV1	1261	+	336	31141468	92017
chr15	31049451	31249451	harbor1	chr15	31142163	31142297	LTR/ERV1	523	+	67	31142230	92779
chr15	31049451	31249451	harbor1	chr15	31142309	31143401	LTR/ERV1	4557	+	546	31142855	93404
chr15	31049451	31249451	harbor1	chr15	31143713	31144157	LTR/ERV1	4557	+	222	31143935	94484
chr15	31049451	31249451	harbor1	chr15	31144458	31144712	LTR/ERV1	3430	+	127	31144585	95134
chr15	31049451	31249451	harbor1	chr15	31145016	31145442	LTR/ERV1	3430	+	213	31145229	95778
chr15	31049451	31249451	harbor1	chr15	31145604	31145818	LTR/ERV1	760	+	107	31145711	96260
chr15	31049451	31249451	harbor1	chr15	31146050	31146359	LTR/ERV1	1868	+	154	31146204	96753
chr15	31049451	31249451	harbor1	chr15	31146360	31146704	LTR/ERV1	2549	+	172	31146532	97081
chr15	31049451	31249451	harbor1	chr15	31147002	31147196	LTR/ERV1	2549	+	97	31147099	97648
chr16	1	167634	harbor1	chr16	27849	28407	LTR/ERV1	1042	+	279	28128	28127
chr16	1	167634	harbor1	chr16	41012	41496	LTR/ERV1	3445	+	242	41254	41253
chr16	1	167634	harbor1	chr16	41497	42751	LTR/ERV1	5592	+	627	42124	42123
chr16	1	167634	harbor1	chr16	42729	43450	LTR/ERV1	4199	+	360	43089	43088
chr16	1	167634	harbor1	chr16	43897	44027	LTR/ERV1	2023	+	65	43962	43961
chr16	1	167634	harbor1	chr16	44342	44709	LTR/ERV1	2023	+	184	44526	44525
chr16	1	167634	harbor1	chr16	44715	46385	LTR/ERV1	7723	+	835	45550	45549
chr16	1	167634	harbor1	chr16	74663	75026	LTR/ERV1	2084	+	182	74845	74844
chr16	699531	899531	harbor1	chr16	753382	753654	LTR/ERV1	1294	+	136	753518	53987
chr16	699531	899531	harbor1	chr16	753723	753859	LTR/ERV1	695	+	68	753791	54260
chr16	699531	899531	harbor1	chr16	754162	754367	LTR/ERV1	695	+	102	754264	54733
chr16	699531	899531	harbor1	chr16	754656	754667	LTR/ERV1	695	+	6	754662	55131
chr16	699531	899531	harbor1	chr16	777756	778061	LTR/ERV1	717	+	152	777908	78377
chr16	699766	899766	harbor1	chr16	753382	753654	LTR/ERV1	1294	+	136	753518	53752
chr16	699766	899766	harbor1	chr16	753723	753859	LTR/ERV1	695	+	68	753791	54025
chr16	699766	899766	harbor1	chr16	754162	754367	LTR/ERV1	695	+	102	754264	54498
chr16	699766	899766	harbor1	chr16	754656	754667	LTR/ERV1	695	+	6	754662	54896
chr16	699766	899766	harbor1	chr16	777756	778061	LTR/ERV1	717	+	152	777908	78142
chr16	66189905	66389905	harbor1	chr16	66249436	66249863	LTR/ERV1	1310	+	214	66249650	59745
chr16	699726	899726	harbor1	chr16	753382	753654	LTR/ERV1	1294	+	136	753518	53792
chr16	699726	899726	harbor1	chr16	753723	753859	LTR/ERV1	695	+	68	753791	54065
chr16	699726	899726	harbor1	chr16	754162	754367	LTR/ERV1	695	+	102	754264	54538
chr16	699726	899726	harbor1	chr16	754656	754667	LTR/ERV1	695	+	6	754662	54936
chr16	699726	899726	harbor1	chr16	777756	778061	LTR/ERV1	717	+	152	777908	78182
chr16	700733	900733	harbor1	chr16	753382	753654	LTR/ERV1	1294	+	136	753518	52785
chr16	700733	900733	harbor1	chr16	753723	753859	LTR/ERV1	695	+	68	753791	53058
chr16	700733	900733	harbor1	chr16	754162	754367	LTR/ERV1	695	+	102	754264	53531
chr16	700733	900733	harbor1	chr16	754656	754667	LTR/ERV1	695	+	6	754662	53929
chr16	700733	900733	harbor1	chr16	777756	778061	LTR/ERV1	717	+	152	777908	77175
chr16	73380	273380	harbor1	chr16	74663	75026	LTR/ERV1	2084	+	182	74845	1465
chr16	87260312	87460312	harbor1	chr16	87260149	87260721	LTR/ERV1	3568	+	286	87260435	123
chr16	700637	900637	harbor1	chr16	753382	753654	LTR/ERV1	1294	+	136	753518	52881
chr16	700637	900637	harbor1	chr16	753723	753859	LTR/ERV1	695	+	68	753791	53154
chr16	700637	900637	harbor1	chr16	754162	754367	LTR/ERV1	695	+	102	754264	53627
chr16	700637	900637	harbor1	chr16	754656	754667	LTR/ERV1	695	+	6	754662	54025
chr16	700637	900637	harbor1	chr16	777756	778061	LTR/ERV1	717	+	152	777908	77271
chr16	1863921	2063921	harbor1	chr16	1943652	1943800	LTR/ERV1	4838	+	74	1943726	79805
chr16	1863921	2063921	harbor1	chr16	1944109	1944737	LTR/ERV1	4838	+	314	1944423	80502
chr16	1	167698	harbor1	chr16	27849	28407	LTR/ERV1	1042	+	279	28128	28127
chr16	1	167698	harbor1	chr16	41012	41496	LTR/ERV1	3445	+	242	41254	41253
chr16	1	167698	harbor1	chr16	41497	42751	LTR/ERV1	5592	+	627	42124	42123
chr16	1	167698	harbor1	chr16	42729	43450	LTR/ERV1	4199	+	360	43089	43088
chr16	1	167698	harbor1	chr16	43897	44027	LTR/ERV1	2023	+	65	43962	43961
chr16	1	167698	harbor1	chr16	44342	44709	LTR/ERV1	2023	+	184	44526	44525
chr16	1	167698	harbor1	chr16	44715	46385	LTR/ERV1	7723	+	835	45550	45549
chr16	1	167698	harbor1	chr16	74663	75026	LTR/ERV1	2084	+	182	74845	74844
chr16	46873236	47073236	harbor1	chr16	46937025	46937214	LTR/ERV1	4377	+	94	46937119	63883
chr16	46873236	47073236	harbor1	chr16	46937523	46937966	LTR/ERV1	4377	+	222	46937745	64509
chr16	1892189	2092189	harbor1	chr16	1943652	1943800	LTR/ERV1	4838	+	74	1943726	51537
chr16	1892189	2092189	harbor1	chr16	1944109	1944737	LTR/ERV1	4838	+	314	1944423	52234
chr16	1892191	2092191	harbor1	chr16	1943652	1943800	LTR/ERV1	4838	+	74	1943726	51535
chr16	1892191	2092191	harbor1	chr16	1944109	1944737	LTR/ERV1	4838	+	314	1944423	52232
chr16	66906669	67106669	harbor1	chr16	66974097	66975386	LTR/ERV1	9139	+	644	66974741	68072
chr16	2823031	3023031	harbor1	chr16	2823146	2823605	LTR/ERV1	1584	+	230	2823376	345
chr16	2823031	3023031	harbor1	chr16	2844182	2844409	LTR/ERV1	780	+	114	2844296	21265
chr16	2823031	3023031	harbor1	chr16	2844543	2844610	LTR/ERV1	780	+	34	2844577	21546
chr16	2823031	3023031	harbor1	chr16	2845652	2845686	LTR/ERV1	2118	+	17	2845669	22638
chr16	2823031	3023031	harbor1	chr16	2845687	2846020	LTR/ERV1	3830	+	166	2845853	22822
chr16	2823031	3023031	harbor1	chr16	2846328	2846695	LTR/ERV1	3830	+	184	2846512	23481
chr16	2823031	3023031	harbor1	chr16	2846696	2847174	LTR/ERV1	2118	+	239	2846935	23904
chr16	2823031	3023031	harbor1	chr16	2866339	2866728	LTR/ERV1	1403	+	194	2866533	43502
chr16	2823031	3023031	harbor1	chr16	2879667	2880445	LTR/ERV1	3148	+	389	2880056	57025
chr16	2823031	3023031	harbor1	chr16	2907335	2907834	LTR/ERV1	3841	+	250	2907585	84554
chr16	699781	899781	harbor1	chr16	753382	753654	LTR/ERV1	1294	+	136	753518	53737
chr16	699781	899781	harbor1	chr16	753723	753859	LTR/ERV1	695	+	68	753791	54010
chr16	699781	899781	harbor1	chr16	754162	754367	LTR/ERV1	695	+	102	754264	54483
chr16	699781	899781	harbor1	chr16	754656	754667	LTR/ERV1	695	+	6	754662	54881
chr16	699781	899781	harbor1	chr16	777756	778061	LTR/ERV1	717	+	152	777908	78127
chr16	699769	899769	harbor1	chr16	753382	753654	LTR/ERV1	1294	+	136	753518	53749
chr16	699769	899769	harbor1	chr16	753723	753859	LTR/ERV1	695	+	68	753791	54022
chr16	699769	899769	harbor1	chr16	754162	754367	LTR/ERV1	695	+	102	754264	54495
chr16	699769	899769	harbor1	chr16	754656	754667	LTR/ERV1	695	+	6	754662	54893
chr16	699769	899769	harbor1	chr16	777756	778061	LTR/ERV1	717	+	152	777908	78139
chr16	54828777	55028777	harbor1	chr16	54829644	54831075	LTR/ERV1	10546	+	716	54830360	1583
chr16	54828777	55028777	harbor1	chr16	54884164	54884417	LTR/ERV1	1639	+	126	54884290	55513
chr16	54828777	55028777	harbor1	chr16	54884418	54884760	LTR/ERV1	2163	+	171	54884589	55812
chr16	54828777	55028777	harbor1	chr16	54884761	54885009	LTR/ERV1	1639	+	124	54884885	56108
chr16	54828777	55028777	harbor1	chr16	54885939	54886551	LTR/ERV1	4372	+	306	54886245	57468
chr16	1	162150	harbor1	chr16	27849	28407	LTR/ERV1	1042	+	279	28128	28127
chr16	1	162150	harbor1	chr16	41012	41496	LTR/ERV1	3445	+	242	41254	41253
chr16	1	162150	harbor1	chr16	41497	42751	LTR/ERV1	5592	+	627	42124	42123
chr16	1	162150	harbor1	chr16	42729	43450	LTR/ERV1	4199	+	360	43089	43088
chr16	1	162150	harbor1	chr16	43897	44027	LTR/ERV1	2023	+	65	43962	43961
chr16	1	162150	harbor1	chr16	44342	44709	LTR/ERV1	2023	+	184	44526	44525
chr16	1	162150	harbor1	chr16	44715	46385	LTR/ERV1	7723	+	835	45550	45549
chr16	1	162150	harbor1	chr16	74663	75026	LTR/ERV1	2084	+	182	74845	74844
chr16	700571	900571	harbor1	chr16	753382	753654	LTR/ERV1	1294	+	136	753518	52947
chr16	700571	900571	harbor1	chr16	753723	753859	LTR/ERV1	695	+	68	753791	53220
chr16	700571	900571	harbor1	chr16	754162	754367	LTR/ERV1	695	+	102	754264	53693
chr16	700571	900571	harbor1	chr16	754656	754667	LTR/ERV1	695	+	6	754662	54091
chr16	700571	900571	harbor1	chr16	777756	778061	LTR/ERV1	717	+	152	777908	77337
chr16	1	162048	harbor1	chr16	27849	28407	LTR/ERV1	1042	+	279	28128	28127
chr16	1	162048	harbor1	chr16	41012	41496	LTR/ERV1	3445	+	242	41254	41253
chr16	1	162048	harbor1	chr16	41497	42751	LTR/ERV1	5592	+	627	42124	42123
chr16	1	162048	harbor1	chr16	42729	43450	LTR/ERV1	4199	+	360	43089	43088
chr16	1	162048	harbor1	chr16	43897	44027	LTR/ERV1	2023	+	65	43962	43961
chr16	1	162048	harbor1	chr16	44342	44709	LTR/ERV1	2023	+	184	44526	44525
chr16	1	162048	harbor1	chr16	44715	46385	LTR/ERV1	7723	+	835	45550	45549
chr16	1	162048	harbor1	chr16	74663	75026	LTR/ERV1	2084	+	182	74845	74844
chr16	1889985	2089985	harbor1	chr16	1943652	1943800	LTR/ERV1	4838	+	74	1943726	53741
chr16	1889985	2089985	harbor1	chr16	1944109	1944737	LTR/ERV1	4838	+	314	1944423	54438
chr16	67009887	67209887	harbor1	chr16	67011897	67012057	LTR/ERV1	1877	+	80	67011977	2090
chr16	67009887	67209887	harbor1	chr16	67012358	67012614	LTR/ERV1	1877	+	128	67012486	2599
chr16	56526501	56726501	harbor1	chr16	56526989	56527538	LTR/ERV1	2500	+	274	56527263	762
chr16	56526501	56726501	harbor1	chr16	56540102	56540554	LTR/ERV1	2561	+	226	56540328	13827
chr16	56526501	56726501	harbor1	chr16	56541040	56541195	LTR/ERV1	974	+	78	56541118	14617
chr16	700566	900566	harbor1	chr16	753382	753654	LTR/ERV1	1294	+	136	753518	52952
chr16	700566	900566	harbor1	chr16	753723	753859	LTR/ERV1	695	+	68	753791	53225
chr16	700566	900566	harbor1	chr16	754162	754367	LTR/ERV1	695	+	102	754264	53698
chr16	700566	900566	harbor1	chr16	754656	754667	LTR/ERV1	695	+	6	754662	54096
chr16	700566	900566	harbor1	chr16	777756	778061	LTR/ERV1	717	+	152	777908	77342
chr16	700526	900526	harbor1	chr16	753382	753654	LTR/ERV1	1294	+	136	753518	52992
chr16	700526	900526	harbor1	chr16	753723	753859	LTR/ERV1	695	+	68	753791	53265
chr16	700526	900526	harbor1	chr16	754162	754367	LTR/ERV1	695	+	102	754264	53738
chr16	700526	900526	harbor1	chr16	754656	754667	LTR/ERV1	695	+	6	754662	54136
chr16	700526	900526	harbor1	chr16	777756	778061	LTR/ERV1	717	+	152	777908	77382
chr16	2204139	2404139	harbor1	chr16	2258735	2258831	LTR/ERV1	626	+	48	2258783	54644
chr16	2204139	2404139	harbor1	chr16	2259141	2259607	LTR/ERV1	4147	+	233	2259374	55235
chr16	2204139	2404139	harbor1	chr16	2259901	2260147	LTR/ERV1	4147	+	123	2260024	55885
chr16	2204139	2404139	harbor1	chr16	2260399	2260848	LTR/ERV1	4147	+	224	2260623	56484
chr16	2204139	2404139	harbor1	chr16	2261145	2261551	LTR/ERV1	2406	+	203	2261348	57209
chr16	2204139	2404139	harbor1	chr16	2261552	2262137	LTR/ERV1	3537	+	292	2261844	57705
chr16	46871997	47071997	harbor1	chr16	46937025	46937214	LTR/ERV1	4377	+	94	46937119	65122
chr16	46871997	47071997	harbor1	chr16	46937523	46937966	LTR/ERV1	4377	+	222	46937745	65748
chr16	27963715	28163715	harbor1	chr16	27984546	27984745	LTR/ERV1	5175	+	100	27984646	20931
chr16	27963715	28163715	harbor1	chr16	27985058	27985178	LTR/ERV1	5175	+	60	27985118	21403
chr16	27963715	28163715	harbor1	chr16	27985888	27986217	LTR/ERV1	5175	+	164	27986052	22337
chr16	27963715	28163715	harbor1	chr16	27986532	27986937	LTR/ERV1	5175	+	202	27986734	23019
chr16	27963715	28163715	harbor1	chr16	27987234	27987666	LTR/ERV1	6166	+	216	27987450	23735
chr16	27963715	28163715	harbor1	chr16	27987968	27988772	LTR/ERV1	6166	+	402	27988370	24655
chr16	27963715	28163715	harbor1	chr16	27989081	27989457	LTR/ERV1	6166	+	188	27989269	25554
chr16	27963715	28163715	harbor1	chr16	27989761	27990742	LTR/ERV1	6166	+	490	27990251	26536
chr16	27963715	28163715	harbor1	chr16	27990955	27991397	LTR/ERV1	2017	+	221	27991176	27461
chr16	27963715	28163715	harbor1	chr16	27991705	27991810	LTR/ERV1	1746	+	52	27991757	28042
chr16	27963715	28163715	harbor1	chr16	27991815	27991978	LTR/ERV1	861	+	82	27991897	28182
chr16	27963715	28163715	harbor1	chr16	27993630	27994189	LTR/ERV1	4200	+	280	27993910	30195
chr16	27963715	28163715	harbor1	chr16	28019061	28019664	LTR/ERV1	3981	+	302	28019363	55648
chr16	66877936	67077936	harbor1	chr16	66896616	66897052	LTR/ERV1	3380	+	218	66896834	18898
chr16	66877936	67077936	harbor1	chr16	66974097	66975386	LTR/ERV1	9139	+	644	66974741	96805
chr16	67009935	67209935	harbor1	chr16	67011897	67012057	LTR/ERV1	1877	+	80	67011977	2042
chr16	67009935	67209935	harbor1	chr16	67012358	67012614	LTR/ERV1	1877	+	128	67012486	2551
chr16	47360972	47560972	harbor1	chr16	47370155	47370525	LTR/ERV1	1995	+	185	47370340	9368
chr16	47360972	47560972	harbor1	chr16	47370519	47370891	LTR/ERV1	890	+	186	47370705	9733
chr16	47360972	47560972	harbor1	chr16	47374075	47374253	LTR/ERV1	720	+	89	47374164	13192
chr16	47360972	47560972	harbor1	chr16	47388690	47389168	LTR/ERV1	3864	+	239	47388929	27957
chr16	771657	971657	harbor1	chr16	777756	778061	LTR/ERV1	717	+	152	777908	6251
chr16	1	167628	harbor1	chr16	27849	28407	LTR/ERV1	1042	+	279	28128	28127
chr16	1	167628	harbor1	chr16	41012	41496	LTR/ERV1	3445	+	242	41254	41253
chr16	1	167628	harbor1	chr16	41497	42751	LTR/ERV1	5592	+	627	42124	42123
chr16	1	167628	harbor1	chr16	42729	43450	LTR/ERV1	4199	+	360	43089	43088
chr16	1	167628	harbor1	chr16	43897	44027	LTR/ERV1	2023	+	65	43962	43961
chr16	1	167628	harbor1	chr16	44342	44709	LTR/ERV1	2023	+	184	44526	44525
chr16	1	167628	harbor1	chr16	44715	46385	LTR/ERV1	7723	+	835	45550	45549
chr16	1	167628	harbor1	chr16	74663	75026	LTR/ERV1	2084	+	182	74845	74844
chr16	700532	900532	harbor1	chr16	753382	753654	LTR/ERV1	1294	+	136	753518	52986
chr16	700532	900532	harbor1	chr16	753723	753859	LTR/ERV1	695	+	68	753791	53259
chr16	700532	900532	harbor1	chr16	754162	754367	LTR/ERV1	695	+	102	754264	53732
chr16	700532	900532	harbor1	chr16	754656	754667	LTR/ERV1	695	+	6	754662	54130
chr16	700532	900532	harbor1	chr16	777756	778061	LTR/ERV1	717	+	152	777908	77376
chr16	88756404	88956404	harbor1	chr16	88813681	88814167	LTR/ERV1	999	+	243	88813924	57520
chr16	66743175	66943175	harbor1	chr16	66752168	66752399	LTR/ERV1	736	+	116	66752284	9109
chr16	1	167557	harbor1	chr16	27849	28407	LTR/ERV1	1042	+	279	28128	28127
chr16	1	167557	harbor1	chr16	41012	41496	LTR/ERV1	3445	+	242	41254	41253
chr16	1	167557	harbor1	chr16	41497	42751	LTR/ERV1	5592	+	627	42124	42123
chr16	1	167557	harbor1	chr16	42729	43450	LTR/ERV1	4199	+	360	43089	43088
chr16	1	167557	harbor1	chr16	43897	44027	LTR/ERV1	2023	+	65	43962	43961
chr16	1	167557	harbor1	chr16	44342	44709	LTR/ERV1	2023	+	184	44526	44525
chr16	1	167557	harbor1	chr16	44715	46385	LTR/ERV1	7723	+	835	45550	45549
chr16	1	167557	harbor1	chr16	74663	75026	LTR/ERV1	2084	+	182	74845	74844
chr16	700506	900506	harbor1	chr16	753382	753654	LTR/ERV1	1294	+	136	753518	53012
chr16	700506	900506	harbor1	chr16	753723	753859	LTR/ERV1	695	+	68	753791	53285
chr16	700506	900506	harbor1	chr16	754162	754367	LTR/ERV1	695	+	102	754264	53758
chr16	700506	900506	harbor1	chr16	754656	754667	LTR/ERV1	695	+	6	754662	54156
chr16	700506	900506	harbor1	chr16	777756	778061	LTR/ERV1	717	+	152	777908	77402
chr16	699176	899176	harbor1	chr16	753382	753654	LTR/ERV1	1294	+	136	753518	54342
chr16	699176	899176	harbor1	chr16	753723	753859	LTR/ERV1	695	+	68	753791	54615
chr16	699176	899176	harbor1	chr16	754162	754367	LTR/ERV1	695	+	102	754264	55088
chr16	699176	899176	harbor1	chr16	754656	754667	LTR/ERV1	695	+	6	754662	55486
chr16	699176	899176	harbor1	chr16	777756	778061	LTR/ERV1	717	+	152	777908	78732
chr16	1892466	2092466	harbor1	chr16	1943652	1943800	LTR/ERV1	4838	+	74	1943726	51260
chr16	1892466	2092466	harbor1	chr16	1944109	1944737	LTR/ERV1	4838	+	314	1944423	51957
chr16	66864287	67064287	harbor1	chr16	66896616	66897052	LTR/ERV1	3380	+	218	66896834	32547
chr16	700587	900587	harbor1	chr16	753382	753654	LTR/ERV1	1294	+	136	753518	52931
chr16	700587	900587	harbor1	chr16	753723	753859	LTR/ERV1	695	+	68	753791	53204
chr16	700587	900587	harbor1	chr16	754162	754367	LTR/ERV1	695	+	102	754264	53677
chr16	700587	900587	harbor1	chr16	754656	754667	LTR/ERV1	695	+	6	754662	54075
chr16	700587	900587	harbor1	chr16	777756	778061	LTR/ERV1	717	+	152	777908	77321
chr16	70034	270034	harbor1	chr16	74663	75026	LTR/ERV1	2084	+	182	74845	4811
chr16	1	167681	harbor1	chr16	27849	28407	LTR/ERV1	1042	+	279	28128	28127
chr16	1	167681	harbor1	chr16	41012	41496	LTR/ERV1	3445	+	242	41254	41253
chr16	1	167681	harbor1	chr16	41497	42751	LTR/ERV1	5592	+	627	42124	42123
chr16	1	167681	harbor1	chr16	42729	43450	LTR/ERV1	4199	+	360	43089	43088
chr16	1	167681	harbor1	chr16	43897	44027	LTR/ERV1	2023	+	65	43962	43961
chr16	1	167681	harbor1	chr16	44342	44709	LTR/ERV1	2023	+	184	44526	44525
chr16	1	167681	harbor1	chr16	44715	46385	LTR/ERV1	7723	+	835	45550	45549
chr16	1	167681	harbor1	chr16	74663	75026	LTR/ERV1	2084	+	182	74845	74844
chr16	57884565	58084565	harbor1	chr16	57910045	57910363	LTR/ERV1	3218	+	159	57910204	25639
chr16	57884565	58084565	harbor1	chr16	57910674	57910969	LTR/ERV1	3218	+	148	57910822	26257
chr16	2865141	3065141	harbor1	chr16	2866339	2866728	LTR/ERV1	1403	+	194	2866533	1392
chr16	2865141	3065141	harbor1	chr16	2879667	2880445	LTR/ERV1	3148	+	389	2880056	14915
chr16	2865141	3065141	harbor1	chr16	2907335	2907834	LTR/ERV1	3841	+	250	2907585	42444
chr16	427634	627634	harbor1	chr16	483277	484114	LTR/ERV1	4267	+	418	483695	56061
chr16	78302994	78502994	harbor1	chr16	78308248	78308892	LTR/ERV1	4151	+	322	78308570	5576
chr16	78302994	78502994	harbor1	chr16	78309018	78309105	LTR/ERV1	1565	+	44	78309062	6068
chr16	78302994	78502994	harbor1	chr16	78309453	78309714	LTR/ERV1	1565	+	130	78309583	6589
chr16	58571260	58771260	harbor1	chr16	58637874	58638055	LTR/ERV1	2487	+	90	58637964	66704
chr16	58571260	58771260	harbor1	chr16	58638341	58638693	LTR/ERV1	2487	+	176	58638517	67257
chr16	47360990	47560990	harbor1	chr16	47370155	47370525	LTR/ERV1	1995	+	185	47370340	9350
chr16	47360990	47560990	harbor1	chr16	47370519	47370891	LTR/ERV1	890	+	186	47370705	9715
chr16	47360990	47560990	harbor1	chr16	47374075	47374253	LTR/ERV1	720	+	89	47374164	13174
chr16	47360990	47560990	harbor1	chr16	47388690	47389168	LTR/ERV1	3864	+	239	47388929	27939
chr16	47361018	47561018	harbor1	chr16	47370155	47370525	LTR/ERV1	1995	+	185	47370340	9322
chr16	47361018	47561018	harbor1	chr16	47370519	47370891	LTR/ERV1	890	+	186	47370705	9687
chr16	47361018	47561018	harbor1	chr16	47374075	47374253	LTR/ERV1	720	+	89	47374164	13146
chr16	47361018	47561018	harbor1	chr16	47388690	47389168	LTR/ERV1	3864	+	239	47388929	27911
chr16	688378	888378	harbor1	chr16	753382	753654	LTR/ERV1	1294	+	136	753518	65140
chr16	688378	888378	harbor1	chr16	753723	753859	LTR/ERV1	695	+	68	753791	65413
chr16	688378	888378	harbor1	chr16	754162	754367	LTR/ERV1	695	+	102	754264	65886
chr16	688378	888378	harbor1	chr16	754656	754667	LTR/ERV1	695	+	6	754662	66284
chr16	688378	888378	harbor1	chr16	777756	778061	LTR/ERV1	717	+	152	777908	89530
chr16	2167697	2367697	harbor1	chr16	2258735	2258831	LTR/ERV1	626	+	48	2258783	91086
chr16	2167697	2367697	harbor1	chr16	2259141	2259607	LTR/ERV1	4147	+	233	2259374	91677
chr16	2167697	2367697	harbor1	chr16	2259901	2260147	LTR/ERV1	4147	+	123	2260024	92327
chr16	2167697	2367697	harbor1	chr16	2260399	2260848	LTR/ERV1	4147	+	224	2260623	92926
chr16	2167697	2367697	harbor1	chr16	2261145	2261551	LTR/ERV1	2406	+	203	2261348	93651
chr16	2167697	2367697	harbor1	chr16	2261552	2262137	LTR/ERV1	3537	+	292	2261844	94147
chr16	456401	656401	harbor1	chr16	483277	484114	LTR/ERV1	4267	+	418	483695	27294
chr16	73620	273620	harbor1	chr16	74663	75026	LTR/ERV1	2084	+	182	74845	1225
chr16	456325	656325	harbor1	chr16	483277	484114	LTR/ERV1	4267	+	418	483695	27370
chr16	47360574	47560574	harbor1	chr16	47370155	47370525	LTR/ERV1	1995	+	185	47370340	9766
chr16	47360574	47560574	harbor1	chr16	47370519	47370891	LTR/ERV1	890	+	186	47370705	10131
chr16	47360574	47560574	harbor1	chr16	47374075	47374253	LTR/ERV1	720	+	89	47374164	13590
chr16	47360574	47560574	harbor1	chr16	47388690	47389168	LTR/ERV1	3864	+	239	47388929	28355
chr16	2836839	3036839	harbor1	chr16	2844182	2844409	LTR/ERV1	780	+	114	2844296	7457
chr16	2836839	3036839	harbor1	chr16	2844543	2844610	LTR/ERV1	780	+	34	2844577	7738
chr16	2836839	3036839	harbor1	chr16	2845652	2845686	LTR/ERV1	2118	+	17	2845669	8830
chr16	2836839	3036839	harbor1	chr16	2845687	2846020	LTR/ERV1	3830	+	166	2845853	9014
chr16	2836839	3036839	harbor1	chr16	2846328	2846695	LTR/ERV1	3830	+	184	2846512	9673
chr16	2836839	3036839	harbor1	chr16	2846696	2847174	LTR/ERV1	2118	+	239	2846935	10096
chr16	2836839	3036839	harbor1	chr16	2866339	2866728	LTR/ERV1	1403	+	194	2866533	29694
chr16	2836839	3036839	harbor1	chr16	2879667	2880445	LTR/ERV1	3148	+	389	2880056	43217
chr16	2836839	3036839	harbor1	chr16	2907335	2907834	LTR/ERV1	3841	+	250	2907585	70746
chr16	73663	273663	harbor1	chr16	74663	75026	LTR/ERV1	2084	+	182	74845	1182
chr16	30253473	30453473	harbor1	chr16	30253742	30254087	LTR/ERV1	2005	+	172	30253914	441
chr16	30253473	30453473	harbor1	chr16	30254861	30255295	LTR/ERV1	4153	+	217	30255078	1605
chr16	30253473	30453473	harbor1	chr16	30255591	30255714	LTR/ERV1	4153	+	62	30255653	2180
chr16	30253473	30453473	harbor1	chr16	30259483	30260042	LTR/ERV1	3860	+	280	30259763	6290
chr16	30253473	30453473	harbor1	chr16	30260043	30260491	LTR/ERV1	3508	+	224	30260267	6794
chr16	30253473	30453473	harbor1	chr16	30260673	30261126	LTR/ERV1	3691	+	226	30260899	7426
chr16	30013459	30213459	harbor1	chr16	30096876	30097207	LTR/ERV1	1422	+	166	30097042	83583
chr16	30013459	30213459	harbor1	chr16	30099417	30099721	LTR/ERV1	13918	+	152	30099569	86110
chr16	30013459	30213459	harbor1	chr16	30100063	30101001	LTR/ERV1	13918	+	469	30100532	87073
chr16	30013459	30213459	harbor1	chr16	30101276	30102246	LTR/ERV1	13918	+	485	30101761	88302
chr16	30013459	30213459	harbor1	chr16	30102244	30103835	LTR/ERV1	10306	+	796	30103040	89581
chr16	30013459	30213459	harbor1	chr16	30103884	30104167	LTR/ERV1	1304	+	142	30104026	90567
chr16	30013459	30213459	harbor1	chr16	30097209	30099040	LTR/ERV1	11309	+	916	30098125	84666
chr16	56535629	56735629	harbor1	chr16	56540102	56540554	LTR/ERV1	2561	+	226	56540328	4699
chr16	56535629	56735629	harbor1	chr16	56541040	56541195	LTR/ERV1	974	+	78	56541118	5489
chr16	73590	273590	harbor1	chr16	74663	75026	LTR/ERV1	2084	+	182	74845	1255
chr16	47149798	47349798	harbor1	chr16	47165926	47166221	LTR/ERV1	1602	+	148	47166074	16276
chr16	47149798	47349798	harbor1	chr16	47167257	47167745	LTR/ERV1	3134	+	244	47167501	17703
chr16	47149798	47349798	harbor1	chr16	47196491	47196674	LTR/ERV1	4407	+	92	47196583	46785
chr16	47149798	47349798	harbor1	chr16	47196952	47197668	LTR/ERV1	4407	+	358	47197310	47512
chr16	67009915	67209915	harbor1	chr16	67011897	67012057	LTR/ERV1	1877	+	80	67011977	2062
chr16	67009915	67209915	harbor1	chr16	67012358	67012614	LTR/ERV1	1877	+	128	67012486	2571
chr16	30534673	30734673	harbor1	chr16	30629203	30629638	LTR/ERV1	2925	+	218	30629421	94748
chr16	30534673	30734673	harbor1	chr16	30629841	30629964	LTR/ERV1	617	+	62	30629903	95230
chr16	1	162045	harbor1	chr16	27849	28407	LTR/ERV1	1042	+	279	28128	28127
chr16	1	162045	harbor1	chr16	41012	41496	LTR/ERV1	3445	+	242	41254	41253
chr16	1	162045	harbor1	chr16	41497	42751	LTR/ERV1	5592	+	627	42124	42123
chr16	1	162045	harbor1	chr16	42729	43450	LTR/ERV1	4199	+	360	43089	43088
chr16	1	162045	harbor1	chr16	43897	44027	LTR/ERV1	2023	+	65	43962	43961
chr16	1	162045	harbor1	chr16	44342	44709	LTR/ERV1	2023	+	184	44526	44525
chr16	1	162045	harbor1	chr16	44715	46385	LTR/ERV1	7723	+	835	45550	45549
chr16	1	162045	harbor1	chr16	74663	75026	LTR/ERV1	2084	+	182	74845	74844
chr16	775221	975221	harbor1	chr16	777756	778061	LTR/ERV1	717	+	152	777908	2687
chr16	2184827	2384827	harbor1	chr16	2258735	2258831	LTR/ERV1	626	+	48	2258783	73956
chr16	2184827	2384827	harbor1	chr16	2259141	2259607	LTR/ERV1	4147	+	233	2259374	74547
chr16	2184827	2384827	harbor1	chr16	2259901	2260147	LTR/ERV1	4147	+	123	2260024	75197
chr16	2184827	2384827	harbor1	chr16	2260399	2260848	LTR/ERV1	4147	+	224	2260623	75796
chr16	2184827	2384827	harbor1	chr16	2261145	2261551	LTR/ERV1	2406	+	203	2261348	76521
chr16	2184827	2384827	harbor1	chr16	2261552	2262137	LTR/ERV1	3537	+	292	2261844	77017
chr16	71269697	71469697	harbor1	chr16	71275877	71276275	LTR/ERV1	2687	+	199	71276076	6379
chr16	71269697	71469697	harbor1	chr16	71276755	71277225	LTR/ERV1	1695	+	235	71276990	7293
chr16	71269697	71469697	harbor1	chr16	71324433	71324754	LTR/ERV1	2167	+	160	71324593	54896
chr16	71269697	71469697	harbor1	chr16	71325236	71325373	LTR/ERV1	2167	+	68	71325304	55607
chr16	57884912	58084912	harbor1	chr16	57910045	57910363	LTR/ERV1	3218	+	159	57910204	25292
chr16	57884912	58084912	harbor1	chr16	57910674	57910969	LTR/ERV1	3218	+	148	57910822	25910
chr16	1872249	2072249	harbor1	chr16	1943652	1943800	LTR/ERV1	4838	+	74	1943726	71477
chr16	1872249	2072249	harbor1	chr16	1944109	1944737	LTR/ERV1	4838	+	314	1944423	72174
chr16	73025	273025	harbor1	chr16	74663	75026	LTR/ERV1	2084	+	182	74845	1820
chr16	18689988	18889988	harbor1	chr16	18733626	18733728	LTR/ERV1	2864	+	51	18733677	43689
chr16	18689988	18889988	harbor1	chr16	18735268	18735599	LTR/ERV1	2864	+	166	18735434	45446
chr16	18689988	18889988	harbor1	chr16	18735891	18735989	LTR/ERV1	2864	+	49	18735940	45952
chr16	73598	273598	harbor1	chr16	74663	75026	LTR/ERV1	2084	+	182	74845	1247
chr16	697833	897833	harbor1	chr16	753382	753654	LTR/ERV1	1294	+	136	753518	55685
chr16	697833	897833	harbor1	chr16	753723	753859	LTR/ERV1	695	+	68	753791	55958
chr16	697833	897833	harbor1	chr16	754162	754367	LTR/ERV1	695	+	102	754264	56431
chr16	697833	897833	harbor1	chr16	754656	754667	LTR/ERV1	695	+	6	754662	56829
chr16	697833	897833	harbor1	chr16	777756	778061	LTR/ERV1	717	+	152	777908	80075
chr16	427636	627636	harbor1	chr16	483277	484114	LTR/ERV1	4267	+	418	483695	56059
chr16	30599212	30799212	harbor1	chr16	30629203	30629638	LTR/ERV1	2925	+	218	30629421	30209
chr16	30599212	30799212	harbor1	chr16	30629841	30629964	LTR/ERV1	617	+	62	30629903	30691
chr16	2721710	2921710	harbor1	chr16	2724745	2725243	LTR/ERV1	1637	+	249	2724994	3284
chr16	2721710	2921710	harbor1	chr16	2731942	2732270	LTR/ERV1	604	+	164	2732106	10396
chr16	2721710	2921710	harbor1	chr16	2781830	2782035	LTR/ERV1	842	+	102	2781932	60222
chr16	2721710	2921710	harbor1	chr16	2789645	2790212	LTR/ERV1	3300	+	284	2789929	68219
chr16	2721710	2921710	harbor1	chr16	2794001	2794052	LTR/ERV1	3775	+	26	2794027	72317
chr16	2721710	2921710	harbor1	chr16	2794355	2795039	LTR/ERV1	3775	+	342	2794697	72987
chr16	28018013	28218013	harbor1	chr16	28019061	28019664	LTR/ERV1	3981	+	302	28019363	1350
chr16	29349577	29549577	harbor1	chr16	29393187	29393616	LTR/ERV1	1602	+	214	29393401	43824
chr16	29349577	29549577	harbor1	chr16	29405914	29406402	LTR/ERV1	1716	+	244	29406158	56581
chr16	29349577	29549577	harbor1	chr16	29406406	29406435	LTR/ERV1	911	+	14	29406420	56843
chr16	29349577	29549577	harbor1	chr16	29406729	29406960	LTR/ERV1	911	+	116	29406845	57268
chr16	29349577	29549577	harbor1	chr16	29411960	29412305	LTR/ERV1	2066	+	172	29412132	62555
chr16	29349577	29549577	harbor1	chr16	29413083	29413517	LTR/ERV1	4149	+	217	29413300	63723
chr16	29349577	29549577	harbor1	chr16	29413814	29413937	LTR/ERV1	4149	+	62	29413876	64299
chr16	29349577	29549577	harbor1	chr16	29417705	29418264	LTR/ERV1	3854	+	280	29417985	68408
chr16	29349577	29549577	harbor1	chr16	29418265	29418713	LTR/ERV1	3532	+	224	29418489	68912
chr16	29349577	29549577	harbor1	chr16	29418895	29419348	LTR/ERV1	3644	+	226	29419121	69544
chr16	75147513	75347513	harbor1	chr16	75188619	75188938	LTR/ERV1	1515	+	160	75188779	41266
chr16	75147513	75347513	harbor1	chr16	75188939	75189509	LTR/ERV1	2163	+	285	75189224	41711
chr16	75147513	75347513	harbor1	chr16	75189518	75189839	LTR/ERV1	1733	+	160	75189678	42165
chr16	75147513	75347513	harbor1	chr16	75189841	75190074	LTR/ERV1	1634	+	116	75189957	42444
chr16	75147513	75347513	harbor1	chr16	75190359	75190457	LTR/ERV1	1634	+	49	75190408	42895
chr16	700569	900569	harbor1	chr16	753382	753654	LTR/ERV1	1294	+	136	753518	52949
chr16	700569	900569	harbor1	chr16	753723	753859	LTR/ERV1	695	+	68	753791	53222
chr16	700569	900569	harbor1	chr16	754162	754367	LTR/ERV1	695	+	102	754264	53695
chr16	700569	900569	harbor1	chr16	754656	754667	LTR/ERV1	695	+	6	754662	54093
chr16	700569	900569	harbor1	chr16	777756	778061	LTR/ERV1	717	+	152	777908	77339
chr16	57884931	58084931	harbor1	chr16	57910045	57910363	LTR/ERV1	3218	+	159	57910204	25273
chr16	57884931	58084931	harbor1	chr16	57910674	57910969	LTR/ERV1	3218	+	148	57910822	25891
chr16	29715614	29915614	harbor1	chr16	29715503	29715758	LTR/ERV1	5464	+	128	29715631	17
chr16	29715614	29915614	harbor1	chr16	29716021	29716162	LTR/ERV1	11296	+	70	29716091	477
chr16	29715614	29915614	harbor1	chr16	29716462	29716608	LTR/ERV1	11296	+	73	29716535	921
chr16	29715614	29915614	harbor1	chr16	29716906	29717295	LTR/ERV1	11296	+	194	29717100	1486
chr16	29715614	29915614	harbor1	chr16	29717563	29717883	LTR/ERV1	11296	+	160	29717723	2109
chr16	29715614	29915614	harbor1	chr16	29718483	29719144	LTR/ERV1	11296	+	330	29718813	3199
chr16	29715614	29915614	harbor1	chr16	29719145	29719561	LTR/ERV1	2810	+	208	29719353	3739
chr16	29715614	29915614	harbor1	chr16	29747691	29748134	LTR/ERV1	3362	+	222	29747913	32299
chr16	29715614	29915614	harbor1	chr16	29748185	29749320	LTR/ERV1	6355	+	568	29748753	33139
chr16	29715614	29915614	harbor1	chr16	29749584	29749635	LTR/ERV1	1093	+	26	29749610	33996
chr16	29715614	29915614	harbor1	chr16	29749943	29750057	LTR/ERV1	1093	+	57	29750000	34386
chr16	29715614	29915614	harbor1	chr16	29761865	29762236	LTR/ERV1	2468	+	186	29762051	46437
chr16	29715614	29915614	harbor1	chr16	29762540	29762632	LTR/ERV1	2468	+	46	29762586	46972
chr16	29715614	29915614	harbor1	chr16	29767211	29767414	LTR/ERV1	916	+	102	29767313	51699
chr16	29715614	29915614	harbor1	chr16	29772717	29772885	LTR/ERV1	665	+	84	29772801	57187
chr16	29715614	29915614	harbor1	chr16	29773648	29773912	LTR/ERV1	1169	+	132	29773780	58166
chr16	75364612	75564612	harbor1	chr16	75376669	75377149	LTR/ERV1	2564	+	240	75376909	12297
chr16	75364612	75564612	harbor1	chr16	75390257	75390651	LTR/ERV1	1760	+	197	75390454	25842
chr16	75364612	75564612	harbor1	chr16	75419528	75420030	LTR/ERV1	3430	+	251	75419779	55167
chr16	75364612	75564612	harbor1	chr16	75421037	75421376	LTR/ERV1	2186	+	170	75421207	56595
chr16	1	167574	harbor1	chr16	27849	28407	LTR/ERV1	1042	+	279	28128	28127
chr16	1	167574	harbor1	chr16	41012	41496	LTR/ERV1	3445	+	242	41254	41253
chr16	1	167574	harbor1	chr16	41497	42751	LTR/ERV1	5592	+	627	42124	42123
chr16	1	167574	harbor1	chr16	42729	43450	LTR/ERV1	4199	+	360	43089	43088
chr16	1	167574	harbor1	chr16	43897	44027	LTR/ERV1	2023	+	65	43962	43961
chr16	1	167574	harbor1	chr16	44342	44709	LTR/ERV1	2023	+	184	44526	44525
chr16	1	167574	harbor1	chr16	44715	46385	LTR/ERV1	7723	+	835	45550	45549
chr16	1	167574	harbor1	chr16	74663	75026	LTR/ERV1	2084	+	182	74845	74844
chr16	89168748	89368748	harbor1	chr16	89209613	89209819	LTR/ERV1	773	+	103	89209716	40968
chr16	89168748	89368748	harbor1	chr16	89209966	89210126	LTR/ERV1	750	+	80	89210046	41298
chr16	89168748	89368748	harbor1	chr16	89210245	89210366	LTR/ERV1	994	+	60	89210305	41557
chr16	89168748	89368748	harbor1	chr16	89210662	89210872	LTR/ERV1	994	+	105	89210767	42019
chr16	89168748	89368748	harbor1	chr16	89250156	89250505	LTR/ERV1	2083	+	174	89250330	81582
chr16	427637	627637	harbor1	chr16	483277	484114	LTR/ERV1	4267	+	418	483695	56058
chr16	57884956	58084956	harbor1	chr16	57910045	57910363	LTR/ERV1	3218	+	159	57910204	25248
chr16	57884956	58084956	harbor1	chr16	57910674	57910969	LTR/ERV1	3218	+	148	57910822	25866
chr16	2865156	3065156	harbor1	chr16	2866339	2866728	LTR/ERV1	1403	+	194	2866533	1377
chr16	2865156	3065156	harbor1	chr16	2879667	2880445	LTR/ERV1	3148	+	389	2880056	14900
chr16	2865156	3065156	harbor1	chr16	2907335	2907834	LTR/ERV1	3841	+	250	2907585	42429
chr16	1	167633	harbor1	chr16	27849	28407	LTR/ERV1	1042	+	279	28128	28127
chr16	1	167633	harbor1	chr16	41012	41496	LTR/ERV1	3445	+	242	41254	41253
chr16	1	167633	harbor1	chr16	41497	42751	LTR/ERV1	5592	+	627	42124	42123
chr16	1	167633	harbor1	chr16	42729	43450	LTR/ERV1	4199	+	360	43089	43088
chr16	1	167633	harbor1	chr16	43897	44027	LTR/ERV1	2023	+	65	43962	43961
chr16	1	167633	harbor1	chr16	44342	44709	LTR/ERV1	2023	+	184	44526	44525
chr16	1	167633	harbor1	chr16	44715	46385	LTR/ERV1	7723	+	835	45550	45549
chr16	1	167633	harbor1	chr16	74663	75026	LTR/ERV1	2084	+	182	74845	74844
chr16	89586911	89786911	harbor1	chr16	89607317	89607482	LTR/ERV1	662	+	82	89607399	20488
chr16	89586911	89786911	harbor1	chr16	89610017	89610598	LTR/ERV1	1360	+	290	89610307	23396
chr16	89586911	89786911	harbor1	chr16	89671224	89671407	LTR/ERV1	858	+	92	89671316	84405
chr16	89586911	89786911	harbor1	chr16	89672252	89672492	LTR/ERV1	1046	+	120	89672372	85461
chr16	89586911	89786911	harbor1	chr16	89672501	89673437	LTR/ERV1	2982	+	468	89672969	86058
chr16	89586911	89786911	harbor1	chr16	89673731	89673796	LTR/ERV1	2982	+	32	89673763	86852
chr16	89586911	89786911	harbor1	chr16	89673844	89674000	LTR/ERV1	587	+	78	89673922	87011
chr16	89586911	89786911	harbor1	chr16	89675151	89675175	LTR/ERV1	1003	+	12	89675163	88252
chr16	89586911	89786911	harbor1	chr16	89675764	89675941	LTR/ERV1	1003	+	88	89675852	88941
chr16	89586911	89786911	harbor1	chr16	89676428	89676610	LTR/ERV1	1485	+	91	89676519	89608
chr16	89586911	89786911	harbor1	chr16	89676917	89677226	LTR/ERV1	1485	+	154	89677071	90160
chr16	89586911	89786911	harbor1	chr16	89678245	89678466	LTR/ERV1	768	+	110	89678355	91444
chr16	89586911	89786911	harbor1	chr16	89678540	89678622	LTR/ERV1	2847	+	41	89678581	91670
chr16	89586911	89786911	harbor1	chr16	89679232	89679539	LTR/ERV1	3400	+	154	89679386	92475
chr16	89586911	89786911	harbor1	chr16	89679846	89679902	LTR/ERV1	3400	+	28	89679874	92963
chr16	89586911	89786911	harbor1	chr16	89680511	89680778	LTR/ERV1	3400	+	134	89680645	93734
chr16	89586911	89786911	harbor1	chr16	89681395	89681734	LTR/ERV1	3400	+	170	89681565	94654
chr16	89586911	89786911	harbor1	chr16	89682033	89682446	LTR/ERV1	3400	+	206	89682239	95328
chr16	89586911	89786911	harbor1	chr16	89683460	89683677	LTR/ERV1	1116	+	108	89683568	96657
chr16	89586911	89786911	harbor1	chr16	89683981	89684187	LTR/ERV1	1028	+	103	89684084	97173
chr16	54828772	55028772	harbor1	chr16	54829644	54831075	LTR/ERV1	10546	+	716	54830360	1588
chr16	54828772	55028772	harbor1	chr16	54884164	54884417	LTR/ERV1	1639	+	126	54884290	55518
chr16	54828772	55028772	harbor1	chr16	54884418	54884760	LTR/ERV1	2163	+	171	54884589	55817
chr16	54828772	55028772	harbor1	chr16	54884761	54885009	LTR/ERV1	1639	+	124	54884885	56113
chr16	54828772	55028772	harbor1	chr16	54885939	54886551	LTR/ERV1	4372	+	306	54886245	57473
chr16	57884909	58084909	harbor1	chr16	57910045	57910363	LTR/ERV1	3218	+	159	57910204	25295
chr16	57884909	58084909	harbor1	chr16	57910674	57910969	LTR/ERV1	3218	+	148	57910822	25913
chr16	87748370	87948370	harbor1	chr16	87782192	87782419	LTR/ERV1	1800	+	114	87782306	33936
chr16	87748370	87948370	harbor1	chr16	87782732	87782861	LTR/ERV1	1800	+	64	87782796	34426
chr16	87748370	87948370	harbor1	chr16	87816884	87817307	LTR/ERV1	3051	+	212	87817096	68726
chr16	87748370	87948370	harbor1	chr16	87817430	87817652	LTR/ERV1	1038	+	111	87817541	69171
chr16	87748370	87948370	harbor1	chr16	87817877	87817996	LTR/ERV1	631	+	60	87817937	69567
chr16	87748370	87948370	harbor1	chr16	87820498	87821039	LTR/ERV1	1902	+	270	87820768	72398
chr16	87748370	87948370	harbor1	chr16	87821825	87822358	LTR/ERV1	934	+	266	87822091	73721
chr16	87748370	87948370	harbor1	chr16	87825553	87825696	LTR/ERV1	595	+	72	87825625	77255
chr16	2865150	3065150	harbor1	chr16	2866339	2866728	LTR/ERV1	1403	+	194	2866533	1383
chr16	2865150	3065150	harbor1	chr16	2879667	2880445	LTR/ERV1	3148	+	389	2880056	14906
chr16	2865150	3065150	harbor1	chr16	2907335	2907834	LTR/ERV1	3841	+	250	2907585	42435
chr16	1688539	1888539	harbor1	chr16	1690335	1690523	LTR/ERV1	931	+	94	1690429	1890
chr17	7461503	7661503	harbor1	chr17	7532328	7532759	LTR/ERV1	5191	+	216	7532544	71041
chr17	7461503	7661503	harbor1	chr17	7533046	7533291	LTR/ERV1	5191	+	122	7533168	71665
chr17	7461503	7661503	harbor1	chr17	7533493	7533541	LTR/ERV1	3182	+	24	7533517	72014
chr17	7461503	7661503	harbor1	chr17	7533854	7534348	LTR/ERV1	3182	+	247	7534101	72598
chr17	7461503	7661503	harbor1	chr17	7537191	7537664	LTR/ERV1	912	+	236	7537427	75924
chr17	7461503	7661503	harbor1	chr17	7538473	7539076	LTR/ERV1	2673	+	302	7538775	77272
chr17	81194774	81394774	harbor1	chr17	81234841	81235306	LTR/ERV1	1836	+	232	81235073	40299
chr17	81194774	81394774	harbor1	chr17	81238279	81238616	LTR/ERV1	1076	+	168	81238447	43673
chr17	76637323	76837323	harbor1	chr17	76640866	76641353	LTR/ERV1	3302	+	244	76641110	3787
chr17	76637252	76837252	harbor1	chr17	76640866	76641353	LTR/ERV1	3302	+	244	76641110	3858
chr17	55165220	55365220	harbor1	chr17	55215284	55215400	LTR/ERV1	3509	+	58	55215342	50122
chr17	55165220	55365220	harbor1	chr17	55215704	55216305	LTR/ERV1	3509	+	300	55216004	50784
chr17	75009313	75209313	harbor1	chr17	75025088	75025740	LTR/ERV1	4668	+	326	75025414	16101
chr17	75009313	75209313	harbor1	chr17	75085619	75086087	LTR/ERV1	1948	+	234	75085853	76540
chr17	58388439	58588439	harbor1	chr17	58397688	58398125	LTR/ERV1	3231	+	218	58397906	9467
chr17	7461829	7661829	harbor1	chr17	7532328	7532759	LTR/ERV1	5191	+	216	7532544	70715
chr17	7461829	7661829	harbor1	chr17	7533046	7533291	LTR/ERV1	5191	+	122	7533168	71339
chr17	7461829	7661829	harbor1	chr17	7533493	7533541	LTR/ERV1	3182	+	24	7533517	71688
chr17	7461829	7661829	harbor1	chr17	7533854	7534348	LTR/ERV1	3182	+	247	7534101	72272
chr17	7461829	7661829	harbor1	chr17	7537191	7537664	LTR/ERV1	912	+	236	7537427	75598
chr17	7461829	7661829	harbor1	chr17	7538473	7539076	LTR/ERV1	2673	+	302	7538775	76946
chr17	7461828	7661828	harbor1	chr17	7532328	7532759	LTR/ERV1	5191	+	216	7532544	70716
chr17	7461828	7661828	harbor1	chr17	7533046	7533291	LTR/ERV1	5191	+	122	7533168	71340
chr17	7461828	7661828	harbor1	chr17	7533493	7533541	LTR/ERV1	3182	+	24	7533517	71689
chr17	7461828	7661828	harbor1	chr17	7533854	7534348	LTR/ERV1	3182	+	247	7534101	72273
chr17	7461828	7661828	harbor1	chr17	7537191	7537664	LTR/ERV1	912	+	236	7537427	75599
chr17	7461828	7661828	harbor1	chr17	7538473	7539076	LTR/ERV1	2673	+	302	7538775	76947
chr17	74972414	75172414	harbor1	chr17	75025088	75025740	LTR/ERV1	4668	+	326	75025414	53000
chr17	76768659	76968659	harbor1	chr17	76787671	76787995	LTR/ERV1	1495	+	162	76787833	19174
chr17	76768659	76968659	harbor1	chr17	76789726	76789900	LTR/ERV1	996	+	87	76789813	21154
chr17	76768659	76968659	harbor1	chr17	76802771	76802938	LTR/ERV1	924	+	84	76802855	34196
chr17	76768659	76968659	harbor1	chr17	76803209	76803910	LTR/ERV1	4557	+	350	76803559	34900
chr17	76768659	76968659	harbor1	chr17	76804117	76804154	LTR/ERV1	789	+	18	76804135	35476
chr17	76768659	76968659	harbor1	chr17	76804458	76804564	LTR/ERV1	789	+	53	76804511	35852
chr17	76768659	76968659	harbor1	chr17	76805948	76807489	LTR/ERV1	10935	+	770	76806718	38059
chr17	76768659	76968659	harbor1	chr17	76807980	76808069	LTR/ERV1	1183	+	44	76808024	39365
chr17	76768659	76968659	harbor1	chr17	76808362	76808542	LTR/ERV1	1183	+	90	76808452	39793
chr17	76768659	76968659	harbor1	chr17	76808962	76809032	LTR/ERV1	883	+	35	76808997	40338
chr17	76768659	76968659	harbor1	chr17	76809646	76809743	LTR/ERV1	883	+	48	76809694	41035
chr17	76768659	76968659	harbor1	chr17	76810049	76810185	LTR/ERV1	883	+	68	76810117	41458
chr17	76768659	76968659	harbor1	chr17	76858171	76858473	LTR/ERV1	2781	+	151	76858322	89663
chr17	76768659	76968659	harbor1	chr17	76858787	76859059	LTR/ERV1	2781	+	136	76858923	90264
chr17	76768659	76968659	harbor1	chr17	76860400	76860893	LTR/ERV1	2500	+	246	76860646	91987
chr17	80785283	80985283	harbor1	chr17	80804411	80804602	LTR/ERV1	863	+	96	80804507	19224
chr17	76637238	76837238	harbor1	chr17	76640866	76641353	LTR/ERV1	3302	+	244	76641110	3872
chr17	7461853	7661853	harbor1	chr17	7532328	7532759	LTR/ERV1	5191	+	216	7532544	70691
chr17	7461853	7661853	harbor1	chr17	7533046	7533291	LTR/ERV1	5191	+	122	7533168	71315
chr17	7461853	7661853	harbor1	chr17	7533493	7533541	LTR/ERV1	3182	+	24	7533517	71664
chr17	7461853	7661853	harbor1	chr17	7533854	7534348	LTR/ERV1	3182	+	247	7534101	72248
chr17	7461853	7661853	harbor1	chr17	7537191	7537664	LTR/ERV1	912	+	236	7537427	75574
chr17	7461853	7661853	harbor1	chr17	7538473	7539076	LTR/ERV1	2673	+	302	7538775	76922
chr17	76637301	76837301	harbor1	chr17	76640866	76641353	LTR/ERV1	3302	+	244	76641110	3809
chr17	76637314	76837314	harbor1	chr17	76640866	76641353	LTR/ERV1	3302	+	244	76641110	3796
chr17	7461830	7661830	harbor1	chr17	7532328	7532759	LTR/ERV1	5191	+	216	7532544	70714
chr17	7461830	7661830	harbor1	chr17	7533046	7533291	LTR/ERV1	5191	+	122	7533168	71338
chr17	7461830	7661830	harbor1	chr17	7533493	7533541	LTR/ERV1	3182	+	24	7533517	71687
chr17	7461830	7661830	harbor1	chr17	7533854	7534348	LTR/ERV1	3182	+	247	7534101	72271
chr17	7461830	7661830	harbor1	chr17	7537191	7537664	LTR/ERV1	912	+	236	7537427	75597
chr17	7461830	7661830	harbor1	chr17	7538473	7539076	LTR/ERV1	2673	+	302	7538775	76945
chr17	41209190	41409190	harbor1	chr17	41298207	41298994	LTR/ERV1	4848	+	394	41298601	89411
chr17	43299144	43499144	harbor1	chr17	43311841	43312195	LTR/ERV1	2240	+	177	43312018	12874
chr17	43299144	43499144	harbor1	chr17	43312939	43313216	LTR/ERV1	1364	+	138	43313077	13933
chr17	43299144	43499144	harbor1	chr17	43371969	43372203	LTR/ERV1	4171	+	117	43372086	72942
chr17	43299144	43499144	harbor1	chr17	43373445	43373840	LTR/ERV1	4171	+	198	43373643	74499
chr17	43299144	43499144	harbor1	chr17	43379804	43380096	LTR/ERV1	1580	+	146	43379950	80806
chr17	43299144	43499144	harbor1	chr17	43380251	43380535	LTR/ERV1	1628	+	142	43380393	81249
chr17	39654933	39854933	harbor1	chr17	39681399	39681512	LTR/ERV1	1529	+	56	39681455	26522
chr17	39654933	39854933	harbor1	chr17	39681802	39681938	LTR/ERV1	1529	+	68	39681870	26937
chr17	39654933	39854933	harbor1	chr17	39682256	39682455	LTR/ERV1	1529	+	100	39682356	27423
chr17	7461823	7661823	harbor1	chr17	7532328	7532759	LTR/ERV1	5191	+	216	7532544	70721
chr17	7461823	7661823	harbor1	chr17	7533046	7533291	LTR/ERV1	5191	+	122	7533168	71345
chr17	7461823	7661823	harbor1	chr17	7533493	7533541	LTR/ERV1	3182	+	24	7533517	71694
chr17	7461823	7661823	harbor1	chr17	7533854	7534348	LTR/ERV1	3182	+	247	7534101	72278
chr17	7461823	7661823	harbor1	chr17	7537191	7537664	LTR/ERV1	912	+	236	7537427	75604
chr17	7461823	7661823	harbor1	chr17	7538473	7539076	LTR/ERV1	2673	+	302	7538775	76952
chr17	76637283	76837283	harbor1	chr17	76640866	76641353	LTR/ERV1	3302	+	244	76641110	3827
chr17	76768658	76968658	harbor1	chr17	76787671	76787995	LTR/ERV1	1495	+	162	76787833	19175
chr17	76768658	76968658	harbor1	chr17	76789726	76789900	LTR/ERV1	996	+	87	76789813	21155
chr17	76768658	76968658	harbor1	chr17	76802771	76802938	LTR/ERV1	924	+	84	76802855	34197
chr17	76768658	76968658	harbor1	chr17	76803209	76803910	LTR/ERV1	4557	+	350	76803559	34901
chr17	76768658	76968658	harbor1	chr17	76804117	76804154	LTR/ERV1	789	+	18	76804135	35477
chr17	76768658	76968658	harbor1	chr17	76804458	76804564	LTR/ERV1	789	+	53	76804511	35853
chr17	76768658	76968658	harbor1	chr17	76805948	76807489	LTR/ERV1	10935	+	770	76806718	38060
chr17	76768658	76968658	harbor1	chr17	76807980	76808069	LTR/ERV1	1183	+	44	76808024	39366
chr17	76768658	76968658	harbor1	chr17	76808362	76808542	LTR/ERV1	1183	+	90	76808452	39794
chr17	76768658	76968658	harbor1	chr17	76808962	76809032	LTR/ERV1	883	+	35	76808997	40339
chr17	76768658	76968658	harbor1	chr17	76809646	76809743	LTR/ERV1	883	+	48	76809694	41036
chr17	76768658	76968658	harbor1	chr17	76810049	76810185	LTR/ERV1	883	+	68	76810117	41459
chr17	76768658	76968658	harbor1	chr17	76858171	76858473	LTR/ERV1	2781	+	151	76858322	89664
chr17	76768658	76968658	harbor1	chr17	76858787	76859059	LTR/ERV1	2781	+	136	76858923	90265
chr17	76768658	76968658	harbor1	chr17	76860400	76860893	LTR/ERV1	2500	+	246	76860646	91988
chr17	7461898	7661898	harbor1	chr17	7532328	7532759	LTR/ERV1	5191	+	216	7532544	70646
chr17	7461898	7661898	harbor1	chr17	7533046	7533291	LTR/ERV1	5191	+	122	7533168	71270
chr17	7461898	7661898	harbor1	chr17	7533493	7533541	LTR/ERV1	3182	+	24	7533517	71619
chr17	7461898	7661898	harbor1	chr17	7533854	7534348	LTR/ERV1	3182	+	247	7534101	72203
chr17	7461898	7661898	harbor1	chr17	7537191	7537664	LTR/ERV1	912	+	236	7537427	75529
chr17	7461898	7661898	harbor1	chr17	7538473	7539076	LTR/ERV1	2673	+	302	7538775	76877
chr17	39654786	39854786	harbor1	chr17	39681399	39681512	LTR/ERV1	1529	+	56	39681455	26669
chr17	39654786	39854786	harbor1	chr17	39681802	39681938	LTR/ERV1	1529	+	68	39681870	27084
chr17	39654786	39854786	harbor1	chr17	39682256	39682455	LTR/ERV1	1529	+	100	39682356	27570
chr17	7461905	7661905	harbor1	chr17	7532328	7532759	LTR/ERV1	5191	+	216	7532544	70639
chr17	7461905	7661905	harbor1	chr17	7533046	7533291	LTR/ERV1	5191	+	122	7533168	71263
chr17	7461905	7661905	harbor1	chr17	7533493	7533541	LTR/ERV1	3182	+	24	7533517	71612
chr17	7461905	7661905	harbor1	chr17	7533854	7534348	LTR/ERV1	3182	+	247	7534101	72196
chr17	7461905	7661905	harbor1	chr17	7537191	7537664	LTR/ERV1	912	+	236	7537427	75522
chr17	7461905	7661905	harbor1	chr17	7538473	7539076	LTR/ERV1	2673	+	302	7538775	76870
chr17	7461897	7661897	harbor1	chr17	7532328	7532759	LTR/ERV1	5191	+	216	7532544	70647
chr17	7461897	7661897	harbor1	chr17	7533046	7533291	LTR/ERV1	5191	+	122	7533168	71271
chr17	7461897	7661897	harbor1	chr17	7533493	7533541	LTR/ERV1	3182	+	24	7533517	71620
chr17	7461897	7661897	harbor1	chr17	7533854	7534348	LTR/ERV1	3182	+	247	7534101	72204
chr17	7461897	7661897	harbor1	chr17	7537191	7537664	LTR/ERV1	912	+	236	7537427	75530
chr17	7461897	7661897	harbor1	chr17	7538473	7539076	LTR/ERV1	2673	+	302	7538775	76878
chr17	78924128	79124128	harbor1	chr17	78984493	78984741	LTR/ERV1	1606	+	124	78984617	60489
chr17	78924128	79124128	harbor1	chr17	78985056	78985090	LTR/ERV1	1606	+	17	78985073	60945
chr17	78924128	79124128	harbor1	chr17	78987776	78987939	LTR/ERV1	3259	+	82	78987858	63730
chr17	78924128	79124128	harbor1	chr17	78988242	78988488	LTR/ERV1	3259	+	123	78988365	64237
chr17	78924128	79124128	harbor1	chr17	78988794	78988909	LTR/ERV1	3259	+	58	78988852	64724
chr17	78924128	79124128	harbor1	chr17	79010892	79011346	LTR/ERV1	3091	+	227	79011119	86991
chr17	78924128	79124128	harbor1	chr17	79011645	79012265	LTR/ERV1	4410	+	310	79011955	87827
chr17	78924128	79124128	harbor1	chr17	79012266	79015576	LTR/ERV1	18340	+	1655	79013921	89793
chr17	78924128	79124128	harbor1	chr17	79015885	79016877	LTR/ERV1	18340	+	496	79016381	92253
chr17	78924128	79124128	harbor1	chr17	79017284	79017619	LTR/ERV1	18340	+	168	79017452	93324
chr17	78924128	79124128	harbor1	chr17	79017620	79018141	LTR/ERV1	3106	+	260	79017880	93752
chr17	78924128	79124128	harbor1	chr17	79018517	79018636	LTR/ERV1	739	+	60	79018577	94449
chr17	7142998	7342998	harbor1	chr17	7142993	7143113	LTR/ERV1	3031	+	60	7143053	55
chr17	7142998	7342998	harbor1	chr17	7145245	7145267	LTR/ERV1	1219	+	11	7145256	2258
chr17	7142998	7342998	harbor1	chr17	7145590	7146005	LTR/ERV1	1779	+	208	7145798	2800
chr17	8056331	8256331	harbor1	chr17	8061907	8062290	LTR/ERV1	2073	+	192	8062099	5768
chr17	7461844	7661844	harbor1	chr17	7532328	7532759	LTR/ERV1	5191	+	216	7532544	70700
chr17	7461844	7661844	harbor1	chr17	7533046	7533291	LTR/ERV1	5191	+	122	7533168	71324
chr17	7461844	7661844	harbor1	chr17	7533493	7533541	LTR/ERV1	3182	+	24	7533517	71673
chr17	7461844	7661844	harbor1	chr17	7533854	7534348	LTR/ERV1	3182	+	247	7534101	72257
chr17	7461844	7661844	harbor1	chr17	7537191	7537664	LTR/ERV1	912	+	236	7537427	75583
chr17	7461844	7661844	harbor1	chr17	7538473	7539076	LTR/ERV1	2673	+	302	7538775	76931
chr17	67266541	67466541	harbor1	chr17	67278518	67279142	LTR/ERV1	4745	+	312	67278830	12289
chr17	67266541	67466541	harbor1	chr17	67279143	67279569	LTR/ERV1	2763	+	213	67279356	12815
chr17	67266541	67466541	harbor1	chr17	67294578	67296138	LTR/ERV1	11133	+	780	67295358	28817
chr17	67266541	67466541	harbor1	chr17	67321624	67321649	LTR/ERV1	3184	+	12	67321636	55095
chr17	67266541	67466541	harbor1	chr17	67321951	67322576	LTR/ERV1	3184	+	312	67322263	55722
chr17	67266541	67466541	harbor1	chr17	67324939	67325178	LTR/ERV1	1619	+	120	67325059	58518
chr17	67266541	67466541	harbor1	chr17	67328338	67328797	LTR/ERV1	3770	+	230	67328568	62027
chr17	67266541	67466541	harbor1	chr17	67333998	67334456	LTR/ERV1	4516	+	229	67334227	67686
chr17	67266541	67466541	harbor1	chr17	67334783	67335010	LTR/ERV1	4516	+	114	67334897	68356
chr17	7461836	7661836	harbor1	chr17	7532328	7532759	LTR/ERV1	5191	+	216	7532544	70708
chr17	7461836	7661836	harbor1	chr17	7533046	7533291	LTR/ERV1	5191	+	122	7533168	71332
chr17	7461836	7661836	harbor1	chr17	7533493	7533541	LTR/ERV1	3182	+	24	7533517	71681
chr17	7461836	7661836	harbor1	chr17	7533854	7534348	LTR/ERV1	3182	+	247	7534101	72265
chr17	7461836	7661836	harbor1	chr17	7537191	7537664	LTR/ERV1	912	+	236	7537427	75591
chr17	7461836	7661836	harbor1	chr17	7538473	7539076	LTR/ERV1	2673	+	302	7538775	76939
chr17	79689709	79889709	harbor1	chr17	79696529	79697275	LTR/ERV1	4411	+	373	79696902	7193
chr17	82589285	82789285	harbor1	chr17	82636642	82637170	LTR/ERV1	3713	+	264	82636906	47621
chr17	82589285	82789285	harbor1	chr17	82653889	82654231	LTR/ERV1	792	+	171	82654060	64775
chr17	76283247	76483247	harbor1	chr17	76357115	76357552	LTR/ERV1	2700	+	218	76357333	74086
chr17	76283247	76483247	harbor1	chr17	76363203	76363462	LTR/ERV1	2360	+	130	76363333	80086
chr17	76283247	76483247	harbor1	chr17	76364055	76364172	LTR/ERV1	2360	+	58	76364113	80866
chr17	76283247	76483247	harbor1	chr17	76364474	76364899	LTR/ERV1	2473	+	212	76364686	81439
chr17	50408598	50608598	harbor1	chr17	50493781	50494226	LTR/ERV1	2676	+	222	50494003	85405
chr17	39087193	39287193	harbor1	chr17	39119852	39120131	LTR/ERV1	1775	+	140	39119992	32799
chr17	39087193	39287193	harbor1	chr17	39121141	39121434	LTR/ERV1	1147	+	146	39121287	34094
chr17	39087193	39287193	harbor1	chr17	39145971	39146066	LTR/ERV1	706	+	48	39146019	58826
chr17	39087193	39287193	harbor1	chr17	39146881	39146948	LTR/ERV1	799	+	34	39146915	59722
chr17	39087193	39287193	harbor1	chr17	39147256	39147471	LTR/ERV1	799	+	108	39147364	60171
chr17	39087193	39287193	harbor1	chr17	39168494	39168793	LTR/ERV1	3667	+	150	39168644	81451
chr17	39087193	39287193	harbor1	chr17	39169104	39169425	LTR/ERV1	3667	+	160	39169264	82071
chr17	76637247	76837247	harbor1	chr17	76640866	76641353	LTR/ERV1	3302	+	244	76641110	3863
chr17	17393446	17593446	harbor1	chr17	17400136	17400585	LTR/ERV1	2248	+	224	17400360	6914
chr17	17393446	17593446	harbor1	chr17	17423907	17425501	LTR/ERV1	7907	+	797	17424704	31258
chr17	17393446	17593446	harbor1	chr17	17425610	17426056	LTR/ERV1	3346	+	223	17425833	32387
chr17	17393446	17593446	harbor1	chr17	17426349	17426429	LTR/ERV1	3346	+	40	17426389	32943
chr17	17393446	17593446	harbor1	chr17	17426573	17427630	LTR/ERV1	7404	+	528	17427101	33655
chr17	17393446	17593446	harbor1	chr17	17427713	17427823	LTR/ERV1	2038	+	55	17427768	34322
chr17	17393446	17593446	harbor1	chr17	17428089	17430193	LTR/ERV1	7970	+	1052	17429141	35695
chr17	17393446	17593446	harbor1	chr17	17438781	17438861	LTR/ERV1	1762	+	40	17438821	45375
chr17	17393446	17593446	harbor1	chr17	17439169	17439465	LTR/ERV1	1762	+	148	17439317	45871
chr17	17393446	17593446	harbor1	chr17	17439461	17439543	LTR/ERV1	619	+	41	17439502	46056
chr17	17393446	17593446	harbor1	chr17	17486170	17487716	LTR/ERV1	10490	+	773	17486943	93497
chr17	7461870	7661870	harbor1	chr17	7532328	7532759	LTR/ERV1	5191	+	216	7532544	70674
chr17	7461870	7661870	harbor1	chr17	7533046	7533291	LTR/ERV1	5191	+	122	7533168	71298
chr17	7461870	7661870	harbor1	chr17	7533493	7533541	LTR/ERV1	3182	+	24	7533517	71647
chr17	7461870	7661870	harbor1	chr17	7533854	7534348	LTR/ERV1	3182	+	247	7534101	72231
chr17	7461870	7661870	harbor1	chr17	7537191	7537664	LTR/ERV1	912	+	236	7537427	75557
chr17	7461870	7661870	harbor1	chr17	7538473	7539076	LTR/ERV1	2673	+	302	7538775	76905
chr17	7461914	7661914	harbor1	chr17	7532328	7532759	LTR/ERV1	5191	+	216	7532544	70630
chr17	7461914	7661914	harbor1	chr17	7533046	7533291	LTR/ERV1	5191	+	122	7533168	71254
chr17	7461914	7661914	harbor1	chr17	7533493	7533541	LTR/ERV1	3182	+	24	7533517	71603
chr17	7461914	7661914	harbor1	chr17	7533854	7534348	LTR/ERV1	3182	+	247	7534101	72187
chr17	7461914	7661914	harbor1	chr17	7537191	7537664	LTR/ERV1	912	+	236	7537427	75513
chr17	7461914	7661914	harbor1	chr17	7538473	7539076	LTR/ERV1	2673	+	302	7538775	76861
chr17	39654848	39854848	harbor1	chr17	39681399	39681512	LTR/ERV1	1529	+	56	39681455	26607
chr17	39654848	39854848	harbor1	chr17	39681802	39681938	LTR/ERV1	1529	+	68	39681870	27022
chr17	39654848	39854848	harbor1	chr17	39682256	39682455	LTR/ERV1	1529	+	100	39682356	27508
chr17	79696398	79896398	harbor1	chr17	79696529	79697275	LTR/ERV1	4411	+	373	79696902	504
chr17	76768628	76968628	harbor1	chr17	76787671	76787995	LTR/ERV1	1495	+	162	76787833	19205
chr17	76768628	76968628	harbor1	chr17	76789726	76789900	LTR/ERV1	996	+	87	76789813	21185
chr17	76768628	76968628	harbor1	chr17	76802771	76802938	LTR/ERV1	924	+	84	76802855	34227
chr17	76768628	76968628	harbor1	chr17	76803209	76803910	LTR/ERV1	4557	+	350	76803559	34931
chr17	76768628	76968628	harbor1	chr17	76804117	76804154	LTR/ERV1	789	+	18	76804135	35507
chr17	76768628	76968628	harbor1	chr17	76804458	76804564	LTR/ERV1	789	+	53	76804511	35883
chr17	76768628	76968628	harbor1	chr17	76805948	76807489	LTR/ERV1	10935	+	770	76806718	38090
chr17	76768628	76968628	harbor1	chr17	76807980	76808069	LTR/ERV1	1183	+	44	76808024	39396
chr17	76768628	76968628	harbor1	chr17	76808362	76808542	LTR/ERV1	1183	+	90	76808452	39824
chr17	76768628	76968628	harbor1	chr17	76808962	76809032	LTR/ERV1	883	+	35	76808997	40369
chr17	76768628	76968628	harbor1	chr17	76809646	76809743	LTR/ERV1	883	+	48	76809694	41066
chr17	76768628	76968628	harbor1	chr17	76810049	76810185	LTR/ERV1	883	+	68	76810117	41489
chr17	76768628	76968628	harbor1	chr17	76858171	76858473	LTR/ERV1	2781	+	151	76858322	89694
chr17	76768628	76968628	harbor1	chr17	76858787	76859059	LTR/ERV1	2781	+	136	76858923	90295
chr17	76768628	76968628	harbor1	chr17	76860400	76860893	LTR/ERV1	2500	+	246	76860646	92018
chr17	76768654	76968654	harbor1	chr17	76787671	76787995	LTR/ERV1	1495	+	162	76787833	19179
chr17	76768654	76968654	harbor1	chr17	76789726	76789900	LTR/ERV1	996	+	87	76789813	21159
chr17	76768654	76968654	harbor1	chr17	76802771	76802938	LTR/ERV1	924	+	84	76802855	34201
chr17	76768654	76968654	harbor1	chr17	76803209	76803910	LTR/ERV1	4557	+	350	76803559	34905
chr17	76768654	76968654	harbor1	chr17	76804117	76804154	LTR/ERV1	789	+	18	76804135	35481
chr17	76768654	76968654	harbor1	chr17	76804458	76804564	LTR/ERV1	789	+	53	76804511	35857
chr17	76768654	76968654	harbor1	chr17	76805948	76807489	LTR/ERV1	10935	+	770	76806718	38064
chr17	76768654	76968654	harbor1	chr17	76807980	76808069	LTR/ERV1	1183	+	44	76808024	39370
chr17	76768654	76968654	harbor1	chr17	76808362	76808542	LTR/ERV1	1183	+	90	76808452	39798
chr17	76768654	76968654	harbor1	chr17	76808962	76809032	LTR/ERV1	883	+	35	76808997	40343
chr17	76768654	76968654	harbor1	chr17	76809646	76809743	LTR/ERV1	883	+	48	76809694	41040
chr17	76768654	76968654	harbor1	chr17	76810049	76810185	LTR/ERV1	883	+	68	76810117	41463
chr17	76768654	76968654	harbor1	chr17	76858171	76858473	LTR/ERV1	2781	+	151	76858322	89668
chr17	76768654	76968654	harbor1	chr17	76858787	76859059	LTR/ERV1	2781	+	136	76858923	90269
chr17	76768654	76968654	harbor1	chr17	76860400	76860893	LTR/ERV1	2500	+	246	76860646	91992
chr17	7461805	7661805	harbor1	chr17	7532328	7532759	LTR/ERV1	5191	+	216	7532544	70739
chr17	7461805	7661805	harbor1	chr17	7533046	7533291	LTR/ERV1	5191	+	122	7533168	71363
chr17	7461805	7661805	harbor1	chr17	7533493	7533541	LTR/ERV1	3182	+	24	7533517	71712
chr17	7461805	7661805	harbor1	chr17	7533854	7534348	LTR/ERV1	3182	+	247	7534101	72296
chr17	7461805	7661805	harbor1	chr17	7537191	7537664	LTR/ERV1	912	+	236	7537427	75622
chr17	7461805	7661805	harbor1	chr17	7538473	7539076	LTR/ERV1	2673	+	302	7538775	76970
chr17	15555287	15755287	harbor1	chr17	15561728	15562221	LTR/ERV1	3857	+	246	15561974	6687
chr17	15555287	15755287	harbor1	chr17	15562517	15562562	LTR/ERV1	3857	+	22	15562539	7252
chr17	15555287	15755287	harbor1	chr17	15643110	15643706	LTR/ERV1	3059	+	298	15643408	88121
chr17	15555287	15755287	harbor1	chr17	15654436	15654920	LTR/ERV1	3273	+	242	15654678	99391
chr17	76283501	76483501	harbor1	chr17	76357115	76357552	LTR/ERV1	2700	+	218	76357333	73832
chr17	76283501	76483501	harbor1	chr17	76363203	76363462	LTR/ERV1	2360	+	130	76363333	79832
chr17	76283501	76483501	harbor1	chr17	76364055	76364172	LTR/ERV1	2360	+	58	76364113	80612
chr17	76283501	76483501	harbor1	chr17	76364474	76364899	LTR/ERV1	2473	+	212	76364686	81185
chr17	75009533	75209533	harbor1	chr17	75025088	75025740	LTR/ERV1	4668	+	326	75025414	15881
chr17	75009533	75209533	harbor1	chr17	75085619	75086087	LTR/ERV1	1948	+	234	75085853	76320
chr17	33191683	33391683	harbor1	chr17	33201368	33201747	LTR/ERV1	2739	+	190	33201558	9875
chr17	33191683	33391683	harbor1	chr17	33202048	33202173	LTR/ERV1	2739	+	62	33202110	10427
chr17	33191705	33391705	harbor1	chr17	33201368	33201747	LTR/ERV1	2739	+	190	33201558	9853
chr17	33191705	33391705	harbor1	chr17	33202048	33202173	LTR/ERV1	2739	+	62	33202110	10405
chr17	43590747	43790747	harbor1	chr17	43604248	43604809	LTR/ERV1	4036	+	280	43604528	13781
chr17	80841308	81041308	harbor1	chr17	80914119	80916662	LTR/ERV1	6418	+	1272	80915391	74083
chr17	78477092	78677092	harbor1	chr17	78508123	78508608	LTR/ERV1	1976	+	242	78508365	31273
chr17	78477092	78677092	harbor1	chr17	78512467	78512659	LTR/ERV1	1471	+	96	78512563	35471
chr17	78477092	78677092	harbor1	chr17	78512968	78513053	LTR/ERV1	1471	+	42	78513010	35918
chr17	78477092	78677092	harbor1	chr17	78513056	78513435	LTR/ERV1	2383	+	190	78513246	36154
chr17	78477092	78677092	harbor1	chr17	78564977	78565288	LTR/ERV1	1355	+	156	78565133	88041
chr17	8023310	8223310	harbor1	chr17	8055134	8055224	LTR/ERV1	848	+	45	8055179	31869
chr17	8023310	8223310	harbor1	chr17	8055521	8055854	LTR/ERV1	848	+	166	8055687	32377
chr17	8023310	8223310	harbor1	chr17	8061907	8062290	LTR/ERV1	2073	+	192	8062099	38789
chr17	286286	486286	harbor1	chr17	361411	362697	LTR/ERV1	8793	+	643	362054	75768
chr17	286286	486286	harbor1	chr17	371908	372488	LTR/ERV1	4107	+	290	372198	85912
chr17	41516785	41716785	harbor1	chr17	41556570	41557244	LTR/ERV1	4432	+	337	41556907	40122
chr17	41516785	41716785	harbor1	chr17	41559983	41560120	LTR/ERV1	1012	+	68	41560051	43266
chr17	7461864	7661864	harbor1	chr17	7532328	7532759	LTR/ERV1	5191	+	216	7532544	70680
chr17	7461864	7661864	harbor1	chr17	7533046	7533291	LTR/ERV1	5191	+	122	7533168	71304
chr17	7461864	7661864	harbor1	chr17	7533493	7533541	LTR/ERV1	3182	+	24	7533517	71653
chr17	7461864	7661864	harbor1	chr17	7533854	7534348	LTR/ERV1	3182	+	247	7534101	72237
chr17	7461864	7661864	harbor1	chr17	7537191	7537664	LTR/ERV1	912	+	236	7537427	75563
chr17	7461864	7661864	harbor1	chr17	7538473	7539076	LTR/ERV1	2673	+	302	7538775	76911
chr17	78924157	79124157	harbor1	chr17	78984493	78984741	LTR/ERV1	1606	+	124	78984617	60460
chr17	78924157	79124157	harbor1	chr17	78985056	78985090	LTR/ERV1	1606	+	17	78985073	60916
chr17	78924157	79124157	harbor1	chr17	78987776	78987939	LTR/ERV1	3259	+	82	78987858	63701
chr17	78924157	79124157	harbor1	chr17	78988242	78988488	LTR/ERV1	3259	+	123	78988365	64208
chr17	78924157	79124157	harbor1	chr17	78988794	78988909	LTR/ERV1	3259	+	58	78988852	64695
chr17	78924157	79124157	harbor1	chr17	79010892	79011346	LTR/ERV1	3091	+	227	79011119	86962
chr17	78924157	79124157	harbor1	chr17	79011645	79012265	LTR/ERV1	4410	+	310	79011955	87798
chr17	78924157	79124157	harbor1	chr17	79012266	79015576	LTR/ERV1	18340	+	1655	79013921	89764
chr17	78924157	79124157	harbor1	chr17	79015885	79016877	LTR/ERV1	18340	+	496	79016381	92224
chr17	78924157	79124157	harbor1	chr17	79017284	79017619	LTR/ERV1	18340	+	168	79017452	93295
chr17	78924157	79124157	harbor1	chr17	79017620	79018141	LTR/ERV1	3106	+	260	79017880	93723
chr17	78924157	79124157	harbor1	chr17	79018517	79018636	LTR/ERV1	739	+	60	79018577	94420
chr17	28254681	28454681	harbor1	chr17	28260018	28260443	LTR/ERV1	3203	+	212	28260230	5549
chr17	28254681	28454681	harbor1	chr17	28260737	28260857	LTR/ERV1	3203	+	60	28260797	6116
chr17	28254681	28454681	harbor1	chr17	28260858	28261310	LTR/ERV1	3485	+	226	28261084	6403
chr17	28254681	28454681	harbor1	chr17	28265582	28265942	LTR/ERV1	1662	+	180	28265762	11081
chr17	28254681	28454681	harbor1	chr17	28266198	28266558	LTR/ERV1	1818	+	180	28266378	11697
chr17	28254681	28454681	harbor1	chr17	28266938	28267298	LTR/ERV1	1755	+	180	28267118	12437
chr17	28254681	28454681	harbor1	chr17	28267554	28267914	LTR/ERV1	1814	+	180	28267734	13053
chr17	28254681	28454681	harbor1	chr17	28268294	28268654	LTR/ERV1	1743	+	180	28268474	13793
chr17	28254681	28454681	harbor1	chr17	28272390	28273025	LTR/ERV1	4194	+	318	28272708	18027
chr17	7461894	7661894	harbor1	chr17	7532328	7532759	LTR/ERV1	5191	+	216	7532544	70650
chr17	7461894	7661894	harbor1	chr17	7533046	7533291	LTR/ERV1	5191	+	122	7533168	71274
chr17	7461894	7661894	harbor1	chr17	7533493	7533541	LTR/ERV1	3182	+	24	7533517	71623
chr17	7461894	7661894	harbor1	chr17	7533854	7534348	LTR/ERV1	3182	+	247	7534101	72207
chr17	7461894	7661894	harbor1	chr17	7537191	7537664	LTR/ERV1	912	+	236	7537427	75533
chr17	7461894	7661894	harbor1	chr17	7538473	7539076	LTR/ERV1	2673	+	302	7538775	76881
chr17	76711222	76911222	harbor1	chr17	76787671	76787995	LTR/ERV1	1495	+	162	76787833	76611
chr17	76711222	76911222	harbor1	chr17	76789726	76789900	LTR/ERV1	996	+	87	76789813	78591
chr17	76711222	76911222	harbor1	chr17	76802771	76802938	LTR/ERV1	924	+	84	76802855	91633
chr17	76711222	76911222	harbor1	chr17	76803209	76803910	LTR/ERV1	4557	+	350	76803559	92337
chr17	76711222	76911222	harbor1	chr17	76804117	76804154	LTR/ERV1	789	+	18	76804135	92913
chr17	76711222	76911222	harbor1	chr17	76804458	76804564	LTR/ERV1	789	+	53	76804511	93289
chr17	76711222	76911222	harbor1	chr17	76805948	76807489	LTR/ERV1	10935	+	770	76806718	95496
chr17	76711222	76911222	harbor1	chr17	76807980	76808069	LTR/ERV1	1183	+	44	76808024	96802
chr17	76711222	76911222	harbor1	chr17	76808362	76808542	LTR/ERV1	1183	+	90	76808452	97230
chr17	76711222	76911222	harbor1	chr17	76808962	76809032	LTR/ERV1	883	+	35	76808997	97775
chr17	76711222	76911222	harbor1	chr17	76809646	76809743	LTR/ERV1	883	+	48	76809694	98472
chr17	76711222	76911222	harbor1	chr17	76810049	76810185	LTR/ERV1	883	+	68	76810117	98895
chr17	76768627	76968627	harbor1	chr17	76787671	76787995	LTR/ERV1	1495	+	162	76787833	19206
chr17	76768627	76968627	harbor1	chr17	76789726	76789900	LTR/ERV1	996	+	87	76789813	21186
chr17	76768627	76968627	harbor1	chr17	76802771	76802938	LTR/ERV1	924	+	84	76802855	34228
chr17	76768627	76968627	harbor1	chr17	76803209	76803910	LTR/ERV1	4557	+	350	76803559	34932
chr17	76768627	76968627	harbor1	chr17	76804117	76804154	LTR/ERV1	789	+	18	76804135	35508
chr17	76768627	76968627	harbor1	chr17	76804458	76804564	LTR/ERV1	789	+	53	76804511	35884
chr17	76768627	76968627	harbor1	chr17	76805948	76807489	LTR/ERV1	10935	+	770	76806718	38091
chr17	76768627	76968627	harbor1	chr17	76807980	76808069	LTR/ERV1	1183	+	44	76808024	39397
chr17	76768627	76968627	harbor1	chr17	76808362	76808542	LTR/ERV1	1183	+	90	76808452	39825
chr17	76768627	76968627	harbor1	chr17	76808962	76809032	LTR/ERV1	883	+	35	76808997	40370
chr17	76768627	76968627	harbor1	chr17	76809646	76809743	LTR/ERV1	883	+	48	76809694	41067
chr17	76768627	76968627	harbor1	chr17	76810049	76810185	LTR/ERV1	883	+	68	76810117	41490
chr17	76768627	76968627	harbor1	chr17	76858171	76858473	LTR/ERV1	2781	+	151	76858322	89695
chr17	76768627	76968627	harbor1	chr17	76858787	76859059	LTR/ERV1	2781	+	136	76858923	90296
chr17	76768627	76968627	harbor1	chr17	76860400	76860893	LTR/ERV1	2500	+	246	76860646	92019
chr17	15134573	15334573	harbor1	chr17	15145189	15145578	LTR/ERV1	2783	+	194	15145383	10810
chr17	15134573	15334573	harbor1	chr17	15145594	15146383	LTR/ERV1	5284	+	394	15145988	11415
chr17	15134573	15334573	harbor1	chr17	15146377	15147112	LTR/ERV1	3876	+	368	15146745	12172
chr17	15134573	15334573	harbor1	chr17	15147182	15147461	LTR/ERV1	3876	+	140	15147322	12749
chr17	15134573	15334573	harbor1	chr17	15147456	15150549	LTR/ERV1	23254	+	1546	15149002	14429
chr17	15134573	15334573	harbor1	chr17	15150550	15150945	LTR/ERV1	2833	+	198	15150748	16175
chr17	15134573	15334573	harbor1	chr17	15178111	15178655	LTR/ERV1	736	+	272	15178383	43810
chr17	15134573	15334573	harbor1	chr17	15181677	15182133	LTR/ERV1	2506	+	228	15181905	47332
chr17	15134573	15334573	harbor1	chr17	15183107	15183393	LTR/ERV1	2752	+	143	15183250	48677
chr17	15134573	15334573	harbor1	chr17	15183686	15183886	LTR/ERV1	2752	+	100	15183786	49213
chr17	15134573	15334573	harbor1	chr17	15184939	15185468	LTR/ERV1	3392	+	264	15185203	50630
chr17	15134573	15334573	harbor1	chr17	15196578	15197023	LTR/ERV1	2230	+	222	15196800	62227
chr17	15134573	15334573	harbor1	chr17	15216942	15217276	LTR/ERV1	1828	+	167	15217109	82536
chr17	81195299	81395299	harbor1	chr17	81234841	81235306	LTR/ERV1	1836	+	232	81235073	39774
chr17	81195299	81395299	harbor1	chr17	81238279	81238616	LTR/ERV1	1076	+	168	81238447	43148
chr17	7461804	7661804	harbor1	chr17	7532328	7532759	LTR/ERV1	5191	+	216	7532544	70740
chr17	7461804	7661804	harbor1	chr17	7533046	7533291	LTR/ERV1	5191	+	122	7533168	71364
chr17	7461804	7661804	harbor1	chr17	7533493	7533541	LTR/ERV1	3182	+	24	7533517	71713
chr17	7461804	7661804	harbor1	chr17	7533854	7534348	LTR/ERV1	3182	+	247	7534101	72297
chr17	7461804	7661804	harbor1	chr17	7537191	7537664	LTR/ERV1	912	+	236	7537427	75623
chr17	7461804	7661804	harbor1	chr17	7538473	7539076	LTR/ERV1	2673	+	302	7538775	76971
chr17	74649363	74849363	harbor1	chr17	74668167	74668645	LTR/ERV1	3002	+	239	74668406	19043
chr17	79689289	79889289	harbor1	chr17	79696529	79697275	LTR/ERV1	4411	+	373	79696902	7613
chr17	76636928	76836928	harbor1	chr17	76640866	76641353	LTR/ERV1	3302	+	244	76641110	4182
chr17	75009499	75209499	harbor1	chr17	75025088	75025740	LTR/ERV1	4668	+	326	75025414	15915
chr17	75009499	75209499	harbor1	chr17	75085619	75086087	LTR/ERV1	1948	+	234	75085853	76354
chr17	6918778	7118778	harbor1	chr17	6941231	6941577	LTR/ERV1	1520	+	173	6941404	22626
chr17	6918778	7118778	harbor1	chr17	6942016	6942393	LTR/ERV1	1934	+	188	6942204	23426
chr17	6918778	7118778	harbor1	chr17	6942631	6942922	LTR/ERV1	1683	+	146	6942777	23999
chr17	6918778	7118778	harbor1	chr17	6942924	6943085	LTR/ERV1	942	+	80	6943004	24226
chr17	6918778	7118778	harbor1	chr17	6947859	6948288	LTR/ERV1	2360	+	214	6948073	29295
chr17	6918778	7118778	harbor1	chr17	6978152	6978191	LTR/ERV1	953	+	20	6978172	59394
chr17	6918778	7118778	harbor1	chr17	6978501	6978849	LTR/ERV1	953	+	174	6978675	59897
chr17	6918778	7118778	harbor1	chr17	6992866	6992954	LTR/ERV1	4015	+	44	6992910	74132
chr17	6918778	7118778	harbor1	chr17	6993255	6993504	LTR/ERV1	4015	+	124	6993379	74601
chr17	6918778	7118778	harbor1	chr17	6993802	6994143	LTR/ERV1	4015	+	170	6993972	75194
chr17	76637263	76837263	harbor1	chr17	76640866	76641353	LTR/ERV1	3302	+	244	76641110	3847
chr17	79689683	79889683	harbor1	chr17	79696529	79697275	LTR/ERV1	4411	+	373	79696902	7219
chr17	76283274	76483274	harbor1	chr17	76357115	76357552	LTR/ERV1	2700	+	218	76357333	74059
chr17	76283274	76483274	harbor1	chr17	76363203	76363462	LTR/ERV1	2360	+	130	76363333	80059
chr17	76283274	76483274	harbor1	chr17	76364055	76364172	LTR/ERV1	2360	+	58	76364113	80839
chr17	76283274	76483274	harbor1	chr17	76364474	76364899	LTR/ERV1	2473	+	212	76364686	81412
chr17	7397781	7597781	harbor1	chr17	7452497	7452740	LTR/ERV1	1266	+	122	7452619	54838
chr17	33191648	33391648	harbor1	chr17	33201368	33201747	LTR/ERV1	2739	+	190	33201558	9910
chr17	33191648	33391648	harbor1	chr17	33202048	33202173	LTR/ERV1	2739	+	62	33202110	10462
chr17	77858865	78058865	harbor1	chr17	77919049	77919243	LTR/ERV1	1444	+	97	77919146	60281
chr17	77858865	78058865	harbor1	chr17	77919366	77919794	LTR/ERV1	3448	+	214	77919580	60715
chr17	79689660	79889660	harbor1	chr17	79696529	79697275	LTR/ERV1	4411	+	373	79696902	7242
chr17	48808683	49008683	harbor1	chr17	48822971	48823066	LTR/ERV1	1657	+	48	48823019	14336
chr17	48808683	49008683	harbor1	chr17	48823364	48823649	LTR/ERV1	1657	+	142	48823506	14823
chr17	7079598	7279598	harbor1	chr17	7141592	7142210	LTR/ERV1	3031	+	309	7141901	62303
chr17	7079598	7279598	harbor1	chr17	7142993	7143113	LTR/ERV1	3031	+	60	7143053	63455
chr17	7079598	7279598	harbor1	chr17	7145245	7145267	LTR/ERV1	1219	+	11	7145256	65658
chr17	7079598	7279598	harbor1	chr17	7145590	7146005	LTR/ERV1	1779	+	208	7145798	66200
chr17	76637321	76837321	harbor1	chr17	76640866	76641353	LTR/ERV1	3302	+	244	76641110	3789
chr17	15161857	15361857	harbor1	chr17	15178111	15178655	LTR/ERV1	736	+	272	15178383	16526
chr17	15161857	15361857	harbor1	chr17	15181677	15182133	LTR/ERV1	2506	+	228	15181905	20048
chr17	15161857	15361857	harbor1	chr17	15183107	15183393	LTR/ERV1	2752	+	143	15183250	21393
chr17	15161857	15361857	harbor1	chr17	15183686	15183886	LTR/ERV1	2752	+	100	15183786	21929
chr17	15161857	15361857	harbor1	chr17	15184939	15185468	LTR/ERV1	3392	+	264	15185203	23346
chr17	15161857	15361857	harbor1	chr17	15196578	15197023	LTR/ERV1	2230	+	222	15196800	34943
chr17	15161857	15361857	harbor1	chr17	15216942	15217276	LTR/ERV1	1828	+	167	15217109	55252
chr18	49713903	49913903	harbor1	chr18	49721679	49722064	LTR/ERV1	1375	+	192	49721871	7968
chr18	49713903	49913903	harbor1	chr18	49742733	49743159	LTR/ERV1	1690	+	213	49742946	29043
chr18	49713903	49913903	harbor1	chr18	49803087	49803239	LTR/ERV1	3092	+	76	49803163	89260
chr18	49713903	49913903	harbor1	chr18	49803283	49803591	LTR/ERV1	3092	+	154	49803437	89534
chr18	31997343	32197343	harbor1	chr18	32000483	32000946	LTR/ERV1	3899	+	232	32000715	3372
chr18	31997343	32197343	harbor1	chr18	32000947	32003849	LTR/ERV1	8754	+	1451	32002398	5055
chr18	31997343	32197343	harbor1	chr18	32003850	32005118	LTR/ERV1	4282	+	634	32004484	7141
chr18	31997343	32197343	harbor1	chr18	32005109	32005369	LTR/ERV1	1628	+	130	32005239	7896
chr18	31997343	32197343	harbor1	chr18	32005363	32005934	LTR/ERV1	3560	+	286	32005649	8306
chr18	31997343	32197343	harbor1	chr18	32005935	32006238	LTR/ERV1	1883	+	152	32006087	8744
chr18	31997343	32197343	harbor1	chr18	32009400	32009605	LTR/ERV1	892	+	102	32009502	12159
chr18	31997343	32197343	harbor1	chr18	32009996	32010272	LTR/ERV1	1303	+	138	32010134	12791
chr18	31997343	32197343	harbor1	chr18	32010949	32010959	LTR/ERV1	1303	+	5	32010954	13611
chr18	31997343	32197343	harbor1	chr18	32030570	32030685	LTR/ERV1	858	+	58	32030628	33285
chr18	31997343	32197343	harbor1	chr18	32037642	32038043	LTR/ERV1	2908	+	200	32037842	40499
chr18	42426133	42626133	harbor1	chr18	42461841	42462228	LTR/ERV1	2490	+	194	42462035	35902
chr18	42426133	42626133	harbor1	chr18	42462229	42465288	LTR/ERV1	14783	+	1530	42463759	37626
chr18	42426133	42626133	harbor1	chr18	42469322	42469749	LTR/ERV1	2705	+	214	42469536	43403
chr18	42426133	42626133	harbor1	chr18	42465285	42469321	LTR/ERV1	14458	+	2018	42467303	41170
chr18	74356692	74556692	harbor1	chr18	74382973	74383014	LTR/ERV1	3558	+	20	74382993	26301
chr18	74356692	74556692	harbor1	chr18	74384086	74384782	LTR/ERV1	3558	+	348	74384434	27742
chr18	74356692	74556692	harbor1	chr18	74386637	74387053	LTR/ERV1	2312	+	208	74386845	30153
chr18	74356692	74556692	harbor1	chr18	74430701	74431306	LTR/ERV1	4137	+	302	74431003	74311
chr18	74356714	74556714	harbor1	chr18	74382973	74383014	LTR/ERV1	3558	+	20	74382993	26279
chr18	74356714	74556714	harbor1	chr18	74384086	74384782	LTR/ERV1	3558	+	348	74384434	27720
chr18	74356714	74556714	harbor1	chr18	74386637	74387053	LTR/ERV1	2312	+	208	74386845	30131
chr18	74356714	74556714	harbor1	chr18	74430701	74431306	LTR/ERV1	4137	+	302	74431003	74289
chr18	23734554	23934554	harbor1	chr18	23792663	23792896	LTR/ERV1	409	+	116	23792779	58225
chr18	23734554	23934554	harbor1	chr18	23793415	23793524	LTR/ERV1	409	+	54	23793469	58915
chr18	74356712	74556712	harbor1	chr18	74382973	74383014	LTR/ERV1	3558	+	20	74382993	26281
chr18	74356712	74556712	harbor1	chr18	74384086	74384782	LTR/ERV1	3558	+	348	74384434	27722
chr18	74356712	74556712	harbor1	chr18	74386637	74387053	LTR/ERV1	2312	+	208	74386845	30133
chr18	74356712	74556712	harbor1	chr18	74430701	74431306	LTR/ERV1	4137	+	302	74431003	74291
chr18	25820834	26020834	harbor1	chr18	25916566	25916996	LTR/ERV1	2135	+	215	25916781	95947
chr18	79688392	79888392	harbor1	chr18	79743835	79743985	LTR/ERV1	579	+	75	79743910	55518
chr18	79688392	79888392	harbor1	chr18	79743986	79744363	LTR/ERV1	2009	+	188	79744174	55782
chr18	75105267	75305267	harbor1	chr18	75171282	75171909	LTR/ERV1	2971	+	314	75171596	66329
chr18	42910981	43110981	harbor1	chr18	42964246	42964794	LTR/ERV1	2954	+	274	42964520	53539
chr18	42910981	43110981	harbor1	chr18	42970583	42970959	LTR/ERV1	1222	+	188	42970771	59790
chr18	42910981	43110981	harbor1	chr18	42991970	42994288	LTR/ERV1	15477	+	1159	42993129	82148
chr18	42910981	43110981	harbor1	chr18	42994275	42995147	LTR/ERV1	6333	+	436	42994711	83730
chr18	42910981	43110981	harbor1	chr18	42995151	42995803	LTR/ERV1	4212	+	326	42995477	84496
chr18	42910981	43110981	harbor1	chr18	42995794	42996022	LTR/ERV1	1390	+	114	42995908	84927
chr18	42910981	43110981	harbor1	chr18	42996023	42996398	LTR/ERV1	2403	+	188	42996211	85230
chr18	42910981	43110981	harbor1	chr18	42996399	42996809	LTR/ERV1	2783	+	205	42996604	85623
chr18	42910981	43110981	harbor1	chr18	42991497	42991957	LTR/ERV1	2950	+	230	42991727	80746
chr18	59165754	59365754	harbor1	chr18	59201007	59201490	LTR/ERV1	1531	+	242	59201249	35495
chr18	59165754	59365754	harbor1	chr18	59201462	59201577	LTR/ERV1	414	+	58	59201520	35766
chr18	59165754	59365754	harbor1	chr18	59202527	59202853	LTR/ERV1	1903	+	163	59202690	36936
chr18	59165754	59365754	harbor1	chr18	59202854	59205664	LTR/ERV1	20974	+	1405	59204259	38505
chr18	59165754	59365754	harbor1	chr18	59205965	59207291	LTR/ERV1	20974	+	663	59206628	40874
chr18	59165754	59365754	harbor1	chr18	59207555	59207606	LTR/ERV1	20974	+	26	59207581	41827
chr18	59165754	59365754	harbor1	chr18	59207607	59207935	LTR/ERV1	1863	+	164	59207771	42017
chr18	59165754	59365754	harbor1	chr18	59246883	59247326	LTR/ERV1	2982	+	222	59247105	81351
chr18	11589068	11789068	harbor1	chr18	11589245	11589659	LTR/ERV1	1110	+	207	11589452	384
chr18	11589068	11789068	harbor1	chr18	11591210	11591344	LTR/ERV1	500	+	67	11591277	2209
chr18	11589068	11789068	harbor1	chr18	11598615	11599191	LTR/ERV1	3477	+	288	11598903	9835
chr18	11589068	11789068	harbor1	chr18	11628883	11629314	LTR/ERV1	1740	+	216	11629099	40031
chr18	11589068	11789068	harbor1	chr18	11641518	11641580	LTR/ERV1	404	+	31	11641549	52481
chr18	11589068	11789068	harbor1	chr18	11641572	11642060	LTR/ERV1	1585	+	244	11641816	52748
chr18	11589068	11789068	harbor1	chr18	11642064	11642093	LTR/ERV1	958	+	14	11642078	53010
chr18	11589068	11789068	harbor1	chr18	11642384	11642615	LTR/ERV1	958	+	116	11642500	53432
chr18	11589068	11789068	harbor1	chr18	11661319	11661912	LTR/ERV1	3767	+	296	11661615	72547
chr18	46488673	46688673	harbor1	chr18	46511907	46512614	LTR/ERV1	3782	+	354	46512261	23588
chr18	46488673	46688673	harbor1	chr18	46515723	46516138	LTR/ERV1	1130	+	208	46515931	27258
chr18	46488673	46688673	harbor1	chr18	46568355	46568879	LTR/ERV1	2454	+	262	46568617	79944
chr18	25890292	26090292	harbor1	chr18	25916566	25916996	LTR/ERV1	2135	+	215	25916781	26489
chr18	25890292	26090292	harbor1	chr18	25922341	25922490	LTR/ERV1	966	+	74	25922415	32123
chr18	25890292	26090292	harbor1	chr18	25942869	25943508	LTR/ERV1	3774	+	320	25943189	52897
chr18	25890292	26090292	harbor1	chr18	25974839	25975279	LTR/ERV1	4520	+	220	25975059	84767
chr18	25890292	26090292	harbor1	chr18	25975584	25975700	LTR/ERV1	4520	+	58	25975642	85350
chr18	25890292	26090292	harbor1	chr18	25975705	25975736	LTR/ERV1	4641	+	16	25975721	85429
chr18	25890292	26090292	harbor1	chr18	25976044	25976575	LTR/ERV1	4641	+	266	25976310	86018
chr18	25890292	26090292	harbor1	chr18	25951014	25952288	LTR/ERV1	3224	+	637	25951651	61359
chr18	12207967	12407967	harbor1	chr18	12283750	12284232	LTR/ERV1	1790	+	241	12283991	76024
chr18	65651295	65851295	harbor1	chr18	65651421	65651858	LTR/ERV1	3191	+	218	65651639	344
chr18	65651295	65851295	harbor1	chr18	65669165	65669566	LTR/ERV1	1596	+	200	65669365	18070
chr18	65651295	65851295	harbor1	chr18	65723609	65724038	LTR/ERV1	1682	+	214	65723823	72528
chr18	65651295	65851295	harbor1	chr18	65730082	65730612	LTR/ERV1	3054	+	265	65730347	79052
chr18	74356740	74556740	harbor1	chr18	74382973	74383014	LTR/ERV1	3558	+	20	74382993	26253
chr18	74356740	74556740	harbor1	chr18	74384086	74384782	LTR/ERV1	3558	+	348	74384434	27694
chr18	74356740	74556740	harbor1	chr18	74386637	74387053	LTR/ERV1	2312	+	208	74386845	30105
chr18	74356740	74556740	harbor1	chr18	74430701	74431306	LTR/ERV1	4137	+	302	74431003	74263
chr18	59165766	59365766	harbor1	chr18	59201007	59201490	LTR/ERV1	1531	+	242	59201249	35483
chr18	59165766	59365766	harbor1	chr18	59201462	59201577	LTR/ERV1	414	+	58	59201520	35754
chr18	59165766	59365766	harbor1	chr18	59202527	59202853	LTR/ERV1	1903	+	163	59202690	36924
chr18	59165766	59365766	harbor1	chr18	59202854	59205664	LTR/ERV1	20974	+	1405	59204259	38493
chr18	59165766	59365766	harbor1	chr18	59205965	59207291	LTR/ERV1	20974	+	663	59206628	40862
chr18	59165766	59365766	harbor1	chr18	59207555	59207606	LTR/ERV1	20974	+	26	59207581	41815
chr18	59165766	59365766	harbor1	chr18	59207607	59207935	LTR/ERV1	1863	+	164	59207771	42005
chr18	59165766	59365766	harbor1	chr18	59246883	59247326	LTR/ERV1	2982	+	222	59247105	81339
chr18	59165800	59365800	harbor1	chr18	59201007	59201490	LTR/ERV1	1531	+	242	59201249	35449
chr18	59165800	59365800	harbor1	chr18	59201462	59201577	LTR/ERV1	414	+	58	59201520	35720
chr18	59165800	59365800	harbor1	chr18	59202527	59202853	LTR/ERV1	1903	+	163	59202690	36890
chr18	59165800	59365800	harbor1	chr18	59202854	59205664	LTR/ERV1	20974	+	1405	59204259	38459
chr18	59165800	59365800	harbor1	chr18	59205965	59207291	LTR/ERV1	20974	+	663	59206628	40828
chr18	59165800	59365800	harbor1	chr18	59207555	59207606	LTR/ERV1	20974	+	26	59207581	41781
chr18	59165800	59365800	harbor1	chr18	59207607	59207935	LTR/ERV1	1863	+	164	59207771	41971
chr18	59165800	59365800	harbor1	chr18	59246883	59247326	LTR/ERV1	2982	+	222	59247105	81305
chr18	65651274	65851274	harbor1	chr18	65651421	65651858	LTR/ERV1	3191	+	218	65651639	365
chr18	65651274	65851274	harbor1	chr18	65669165	65669566	LTR/ERV1	1596	+	200	65669365	18091
chr18	65651274	65851274	harbor1	chr18	65723609	65724038	LTR/ERV1	1682	+	214	65723823	72549
chr18	65651274	65851274	harbor1	chr18	65730082	65730612	LTR/ERV1	3054	+	265	65730347	79073
chr19	5518771	5718771	harbor1	chr19	5548576	5549016	LTR/ERV1	3815	+	220	5548796	30025
chr19	5518771	5718771	harbor1	chr19	5549017	5551892	LTR/ERV1	15423	+	1438	5550455	31684
chr19	5518771	5718771	harbor1	chr19	5551872	5552016	LTR/ERV1	835	+	72	5551944	33173
chr19	5518771	5718771	harbor1	chr19	5552007	5552168	LTR/ERV1	1037	+	80	5552087	33316
chr19	5518771	5718771	harbor1	chr19	5552161	5552771	LTR/ERV1	4429	+	305	5552466	33695
chr19	5518771	5718771	harbor1	chr19	5552772	5553212	LTR/ERV1	3809	+	220	5552992	34221
chr19	19675843	19875843	harbor1	chr19	19697161	19697725	LTR/ERV1	3767	+	282	19697443	21600
chr19	19675843	19875843	harbor1	chr19	19698737	19698924	LTR/ERV1	1285	+	94	19698831	22988
chr19	19675843	19875843	harbor1	chr19	19701247	19701427	LTR/ERV1	1147	+	90	19701337	25494
chr19	19675843	19875843	harbor1	chr19	19701741	19701868	LTR/ERV1	1147	+	64	19701805	25962
chr19	19675843	19875843	harbor1	chr19	19709224	19709942	LTR/ERV1	3773	+	359	19709583	33740
chr19	18336407	18536407	harbor1	chr19	18336221	18336500	LTR/ERV1	5085	+	140	18336361	46
chr19	9669009	9869009	harbor1	chr19	9672914	9673427	LTR/ERV1	2596	+	256	9673170	4161
chr19	9669009	9869009	harbor1	chr19	9702092	9702567	LTR/ERV1	2556	+	238	9702330	33321
chr19	9669009	9869009	harbor1	chr19	9702568	9702913	LTR/ERV1	2443	+	172	9702740	33731
chr19	9669009	9869009	harbor1	chr19	9702957	9703092	LTR/ERV1	799	+	68	9703025	34016
chr19	9669009	9869009	harbor1	chr19	9703073	9703931	LTR/ERV1	5964	+	429	9703502	34493
chr19	9669009	9869009	harbor1	chr19	9703912	9707920	LTR/ERV1	29513	+	2004	9705916	36907
chr19	9669009	9869009	harbor1	chr19	9707915	9708035	LTR/ERV1	666	+	60	9707975	38966
chr19	9669009	9869009	harbor1	chr19	9708037	9708483	LTR/ERV1	2376	+	223	9708260	39251
chr19	9669009	9869009	harbor1	chr19	9709310	9709779	LTR/ERV1	1160	+	234	9709544	40535
chr19	9669009	9869009	harbor1	chr19	9709804	9710646	LTR/ERV1	1327	+	421	9710225	41216
chr19	9669009	9869009	harbor1	chr19	9710641	9710943	LTR/ERV1	1457	+	151	9710792	41783
chr19	9669009	9869009	harbor1	chr19	9711230	9711489	LTR/ERV1	1457	+	130	9711360	42351
chr19	9669009	9869009	harbor1	chr19	9718757	9718847	LTR/ERV1	12422	+	45	9718802	49793
chr19	9669009	9869009	harbor1	chr19	9718912	9721844	LTR/ERV1	12422	+	1466	9720378	51369
chr19	9669009	9869009	harbor1	chr19	9722050	9722354	LTR/ERV1	1078	+	152	9722202	53193
chr19	9669009	9869009	harbor1	chr19	9741826	9742178	LTR/ERV1	1551	+	176	9742002	72993
chr19	9669009	9869009	harbor1	chr19	9742203	9747263	LTR/ERV1	17808	+	2530	9744733	75724
chr19	9669009	9869009	harbor1	chr19	9748660	9751420	LTR/ERV1	14673	+	1380	9750040	81031
chr19	9669009	9869009	harbor1	chr19	9751643	9751972	LTR/ERV1	1466	+	164	9751807	82798
chr19	19675720	19875720	harbor1	chr19	19697161	19697725	LTR/ERV1	3767	+	282	19697443	21723
chr19	19675720	19875720	harbor1	chr19	19698737	19698924	LTR/ERV1	1285	+	94	19698831	23111
chr19	19675720	19875720	harbor1	chr19	19701247	19701427	LTR/ERV1	1147	+	90	19701337	25617
chr19	19675720	19875720	harbor1	chr19	19701741	19701868	LTR/ERV1	1147	+	64	19701805	26085
chr19	19675720	19875720	harbor1	chr19	19709224	19709942	LTR/ERV1	3773	+	359	19709583	33863
chr19	56021024	56221024	harbor1	chr19	56078017	56078243	LTR/ERV1	1152	+	113	56078130	57106
chr19	5510367	5710367	harbor1	chr19	5548576	5549016	LTR/ERV1	3815	+	220	5548796	38429
chr19	5510367	5710367	harbor1	chr19	5549017	5551892	LTR/ERV1	15423	+	1438	5550455	40088
chr19	5510367	5710367	harbor1	chr19	5551872	5552016	LTR/ERV1	835	+	72	5551944	41577
chr19	5510367	5710367	harbor1	chr19	5552007	5552168	LTR/ERV1	1037	+	80	5552087	41720
chr19	5510367	5710367	harbor1	chr19	5552161	5552771	LTR/ERV1	4429	+	305	5552466	42099
chr19	5510367	5710367	harbor1	chr19	5552772	5553212	LTR/ERV1	3809	+	220	5552992	42625
chr19	5521813	5721813	harbor1	chr19	5548576	5549016	LTR/ERV1	3815	+	220	5548796	26983
chr19	5521813	5721813	harbor1	chr19	5549017	5551892	LTR/ERV1	15423	+	1438	5550455	28642
chr19	5521813	5721813	harbor1	chr19	5551872	5552016	LTR/ERV1	835	+	72	5551944	30131
chr19	5521813	5721813	harbor1	chr19	5552007	5552168	LTR/ERV1	1037	+	80	5552087	30274
chr19	5521813	5721813	harbor1	chr19	5552161	5552771	LTR/ERV1	4429	+	305	5552466	30653
chr19	5521813	5721813	harbor1	chr19	5552772	5553212	LTR/ERV1	3809	+	220	5552992	31179
chr19	1350382	1550382	harbor1	chr19	1442428	1442896	LTR/ERV1	3133	+	234	1442662	92280
chr19	5521834	5721834	harbor1	chr19	5548576	5549016	LTR/ERV1	3815	+	220	5548796	26962
chr19	5521834	5721834	harbor1	chr19	5549017	5551892	LTR/ERV1	15423	+	1438	5550455	28621
chr19	5521834	5721834	harbor1	chr19	5551872	5552016	LTR/ERV1	835	+	72	5551944	30110
chr19	5521834	5721834	harbor1	chr19	5552007	5552168	LTR/ERV1	1037	+	80	5552087	30253
chr19	5521834	5721834	harbor1	chr19	5552161	5552771	LTR/ERV1	4429	+	305	5552466	30632
chr19	5521834	5721834	harbor1	chr19	5552772	5553212	LTR/ERV1	3809	+	220	5552992	31158
chr19	1350427	1550427	harbor1	chr19	1442428	1442896	LTR/ERV1	3133	+	234	1442662	92235
chr19	5522118	5722118	harbor1	chr19	5548576	5549016	LTR/ERV1	3815	+	220	5548796	26678
chr19	5522118	5722118	harbor1	chr19	5549017	5551892	LTR/ERV1	15423	+	1438	5550455	28337
chr19	5522118	5722118	harbor1	chr19	5551872	5552016	LTR/ERV1	835	+	72	5551944	29826
chr19	5522118	5722118	harbor1	chr19	5552007	5552168	LTR/ERV1	1037	+	80	5552087	29969
chr19	5522118	5722118	harbor1	chr19	5552161	5552771	LTR/ERV1	4429	+	305	5552466	30348
chr19	5522118	5722118	harbor1	chr19	5552772	5553212	LTR/ERV1	3809	+	220	5552992	30874
chr19	18894675	19094675	harbor1	chr19	18917279	18917364	LTR/ERV1	3754	+	42	18917321	22646
chr19	18894675	19094675	harbor1	chr19	18917663	18917908	LTR/ERV1	3754	+	122	18917785	23110
chr19	18894675	19094675	harbor1	chr19	18918218	18918469	LTR/ERV1	3754	+	126	18918344	23669
chr19	18894675	19094675	harbor1	chr19	18964494	18964584	LTR/ERV1	3890	+	45	18964539	69864
chr19	18894675	19094675	harbor1	chr19	18965183	18965194	LTR/ERV1	3890	+	6	18965189	70514
chr19	18894675	19094675	harbor1	chr19	18965507	18965709	LTR/ERV1	3890	+	101	18965608	70933
chr19	18894675	19094675	harbor1	chr19	18965977	18966043	LTR/ERV1	3890	+	33	18966010	71335
chr19	18894675	19094675	harbor1	chr19	18966345	18966703	LTR/ERV1	3890	+	179	18966524	71849
chr19	12912166	13112166	harbor1	chr19	12920248	12920450	LTR/ERV1	1074	+	101	12920349	8183
chr19	12912166	13112166	harbor1	chr19	12920730	12920805	LTR/ERV1	1074	+	38	12920768	8602
chr19	12912166	13112166	harbor1	chr19	12920943	12921103	LTR/ERV1	765	+	80	12921023	8857
chr19	35101286	35301286	harbor1	chr19	35194037	35194522	LTR/ERV1	2524	+	242	35194279	92993
chr19	35101286	35301286	harbor1	chr19	35198143	35198334	LTR/ERV1	1037	+	96	35198239	96953
chr19	5489614	5689614	harbor1	chr19	5548576	5549016	LTR/ERV1	3815	+	220	5548796	59182
chr19	5489614	5689614	harbor1	chr19	5549017	5551892	LTR/ERV1	15423	+	1438	5550455	60841
chr19	5489614	5689614	harbor1	chr19	5551872	5552016	LTR/ERV1	835	+	72	5551944	62330
chr19	5489614	5689614	harbor1	chr19	5552007	5552168	LTR/ERV1	1037	+	80	5552087	62473
chr19	5489614	5689614	harbor1	chr19	5552161	5552771	LTR/ERV1	4429	+	305	5552466	62852
chr19	5489614	5689614	harbor1	chr19	5552772	5553212	LTR/ERV1	3809	+	220	5552992	63378
chr19	5522533	5722533	harbor1	chr19	5548576	5549016	LTR/ERV1	3815	+	220	5548796	26263
chr19	5522533	5722533	harbor1	chr19	5549017	5551892	LTR/ERV1	15423	+	1438	5550455	27922
chr19	5522533	5722533	harbor1	chr19	5551872	5552016	LTR/ERV1	835	+	72	5551944	29411
chr19	5522533	5722533	harbor1	chr19	5552007	5552168	LTR/ERV1	1037	+	80	5552087	29554
chr19	5522533	5722533	harbor1	chr19	5552161	5552771	LTR/ERV1	4429	+	305	5552466	29933
chr19	5522533	5722533	harbor1	chr19	5552772	5553212	LTR/ERV1	3809	+	220	5552992	30459
chr19	19676004	19876004	harbor1	chr19	19697161	19697725	LTR/ERV1	3767	+	282	19697443	21439
chr19	19676004	19876004	harbor1	chr19	19698737	19698924	LTR/ERV1	1285	+	94	19698831	22827
chr19	19676004	19876004	harbor1	chr19	19701247	19701427	LTR/ERV1	1147	+	90	19701337	25333
chr19	19676004	19876004	harbor1	chr19	19701741	19701868	LTR/ERV1	1147	+	64	19701805	25801
chr19	19676004	19876004	harbor1	chr19	19709224	19709942	LTR/ERV1	3773	+	359	19709583	33579
chr19	7856194	8056194	harbor1	chr19	7949063	7949297	LTR/ERV1	1345	+	117	7949180	92986
chr19	54982219	55182219	harbor1	chr19	55040630	55040844	LTR/ERV1	830	+	107	55040737	58518
chr19	19563965	19763965	harbor1	chr19	19582190	19582968	LTR/ERV1	4612	+	389	19582579	18614
chr19	19563965	19763965	harbor1	chr19	19585545	19585977	LTR/ERV1	3520	+	216	19585761	21796
chr19	35166986	35366986	harbor1	chr19	35194037	35194522	LTR/ERV1	2524	+	242	35194279	27293
chr19	35166986	35366986	harbor1	chr19	35198143	35198334	LTR/ERV1	1037	+	96	35198239	31253
chr19	35166986	35366986	harbor1	chr19	35214946	35215467	LTR/ERV1	3923	+	260	35215206	48220
chr19	35166986	35366986	harbor1	chr19	35220609	35221116	LTR/ERV1	3036	+	254	35220863	53877
chr19	19676749	19876749	harbor1	chr19	19697161	19697725	LTR/ERV1	3767	+	282	19697443	20694
chr19	19676749	19876749	harbor1	chr19	19698737	19698924	LTR/ERV1	1285	+	94	19698831	22082
chr19	19676749	19876749	harbor1	chr19	19701247	19701427	LTR/ERV1	1147	+	90	19701337	24588
chr19	19676749	19876749	harbor1	chr19	19701741	19701868	LTR/ERV1	1147	+	64	19701805	25056
chr19	19676749	19876749	harbor1	chr19	19709224	19709942	LTR/ERV1	3773	+	359	19709583	32834
chr19	5522565	5722565	harbor1	chr19	5548576	5549016	LTR/ERV1	3815	+	220	5548796	26231
chr19	5522565	5722565	harbor1	chr19	5549017	5551892	LTR/ERV1	15423	+	1438	5550455	27890
chr19	5522565	5722565	harbor1	chr19	5551872	5552016	LTR/ERV1	835	+	72	5551944	29379
chr19	5522565	5722565	harbor1	chr19	5552007	5552168	LTR/ERV1	1037	+	80	5552087	29522
chr19	5522565	5722565	harbor1	chr19	5552161	5552771	LTR/ERV1	4429	+	305	5552466	29901
chr19	5522565	5722565	harbor1	chr19	5552772	5553212	LTR/ERV1	3809	+	220	5552992	30427
chr19	32305852	32505852	harbor1	chr19	32392867	32393645	LTR/ERV1	4338	+	389	32393256	87404
chr19	56018924	56218924	harbor1	chr19	56078017	56078243	LTR/ERV1	1152	+	113	56078130	59206
chr19	39407220	39607220	harbor1	chr19	39493404	39493821	LTR/ERV1	2601	+	208	39493612	86392
chr19	19675652	19875652	harbor1	chr19	19697161	19697725	LTR/ERV1	3767	+	282	19697443	21791
chr19	19675652	19875652	harbor1	chr19	19698737	19698924	LTR/ERV1	1285	+	94	19698831	23179
chr19	19675652	19875652	harbor1	chr19	19701247	19701427	LTR/ERV1	1147	+	90	19701337	25685
chr19	19675652	19875652	harbor1	chr19	19701741	19701868	LTR/ERV1	1147	+	64	19701805	26153
chr19	19675652	19875652	harbor1	chr19	19709224	19709942	LTR/ERV1	3773	+	359	19709583	33931
chr19	19563648	19763648	harbor1	chr19	19582190	19582968	LTR/ERV1	4612	+	389	19582579	18931
chr19	19563648	19763648	harbor1	chr19	19585545	19585977	LTR/ERV1	3520	+	216	19585761	22113
chr19	41922838	42122838	harbor1	chr19	42020458	42020881	LTR/ERV1	3466	+	212	42020670	97832
chr19	13726269	13926269	harbor1	chr19	13729858	13730250	LTR/ERV1	1943	+	196	13730054	3785
chr19	13726269	13926269	harbor1	chr19	13741768	13742293	LTR/ERV1	2461	+	262	13742030	15761
chr19	13726269	13926269	harbor1	chr19	13783629	13783860	LTR/ERV1	789	+	116	13783745	57476
chr19	1350400	1550400	harbor1	chr19	1442428	1442896	LTR/ERV1	3133	+	234	1442662	92262
chr19	19675776	19875776	harbor1	chr19	19697161	19697725	LTR/ERV1	3767	+	282	19697443	21667
chr19	19675776	19875776	harbor1	chr19	19698737	19698924	LTR/ERV1	1285	+	94	19698831	23055
chr19	19675776	19875776	harbor1	chr19	19701247	19701427	LTR/ERV1	1147	+	90	19701337	25561
chr19	19675776	19875776	harbor1	chr19	19701741	19701868	LTR/ERV1	1147	+	64	19701805	26029
chr19	19675776	19875776	harbor1	chr19	19709224	19709942	LTR/ERV1	3773	+	359	19709583	33807
chr19	5522544	5722544	harbor1	chr19	5548576	5549016	LTR/ERV1	3815	+	220	5548796	26252
chr19	5522544	5722544	harbor1	chr19	5549017	5551892	LTR/ERV1	15423	+	1438	5550455	27911
chr19	5522544	5722544	harbor1	chr19	5551872	5552016	LTR/ERV1	835	+	72	5551944	29400
chr19	5522544	5722544	harbor1	chr19	5552007	5552168	LTR/ERV1	1037	+	80	5552087	29543
chr19	5522544	5722544	harbor1	chr19	5552161	5552771	LTR/ERV1	4429	+	305	5552466	29922
chr19	5522544	5722544	harbor1	chr19	5552772	5553212	LTR/ERV1	3809	+	220	5552992	30448
chr19	9484484	9684484	harbor1	chr19	9486374	9486457	LTR/ERV1	4468	+	42	9486416	1932
chr19	9484484	9684484	harbor1	chr19	9486770	9487326	LTR/ERV1	4468	+	278	9487048	2564
chr19	9484484	9684484	harbor1	chr19	9539343	9539771	LTR/ERV1	2639	+	214	9539557	55073
chr19	9484484	9684484	harbor1	chr19	9539772	9540293	LTR/ERV1	1132	+	260	9540032	55548
chr19	9484484	9684484	harbor1	chr19	9540272	9540733	LTR/ERV1	19374	+	230	9540502	56018
chr19	9484484	9684484	harbor1	chr19	9541890	9546922	LTR/ERV1	19374	+	2516	9544406	59922
chr19	9484484	9684484	harbor1	chr19	9547144	9547647	LTR/ERV1	2982	+	252	9547396	62912
chr19	9484484	9684484	harbor1	chr19	9547648	9549316	LTR/ERV1	9639	+	834	9548482	63998
chr19	9484484	9684484	harbor1	chr19	9549318	9549546	LTR/ERV1	1454	+	114	9549432	64948
chr19	9484484	9684484	harbor1	chr19	9549592	9550125	LTR/ERV1	3186	+	266	9549858	65374
chr19	9484484	9684484	harbor1	chr19	9550133	9550570	LTR/ERV1	2831	+	218	9550351	65867
chr19	9484484	9684484	harbor1	chr19	9552969	9553454	LTR/ERV1	2401	+	242	9553211	68727
chr19	9484484	9684484	harbor1	chr19	9582203	9582638	LTR/ERV1	2497	+	218	9582421	97937
chr19	19952525	20152525	harbor1	chr19	19953170	19953372	LTR/ERV1	1313	+	101	19953271	746
chr19	19952525	20152525	harbor1	chr19	19953662	19954016	LTR/ERV1	1313	+	177	19953839	1314
chr19	19952525	20152525	harbor1	chr19	19966687	19967138	LTR/ERV1	2450	+	226	19966913	14388
chr19	19952525	20152525	harbor1	chr19	19999338	19999524	LTR/ERV1	753	+	93	19999431	46906
chr19	19952525	20152525	harbor1	chr19	20038498	20038994	LTR/ERV1	2431	+	248	20038746	86221
chr19	19952525	20152525	harbor1	chr19	20045618	20046114	LTR/ERV1	3887	+	248	20045866	93341
chr19	19952525	20152525	harbor1	chr19	20047947	20048375	LTR/ERV1	1739	+	214	20048161	95636
chr19	1960150	2160150	harbor1	chr19	2003806	2004288	LTR/ERV1	2822	+	241	2004047	43897
chr19	1960150	2160150	harbor1	chr19	2004597	2004653	LTR/ERV1	2822	+	28	2004625	44475
chr19	1960150	2160150	harbor1	chr19	2024555	2024763	LTR/ERV1	1095	+	104	2024659	64509
chr19	9986276	10186276	harbor1	chr19	10000058	10000276	LTR/ERV1	1118	+	109	10000167	13891
chr19	12451258	12651258	harbor1	chr19	12459798	12460179	LTR/ERV1	1025	+	190	12459988	8730
chr19	12451258	12651258	harbor1	chr19	12460468	12460594	LTR/ERV1	1025	+	63	12460531	9273
chr19	12451258	12651258	harbor1	chr19	12496123	12496352	LTR/ERV1	1395	+	114	12496237	44979
chr19	12451258	12651258	harbor1	chr19	12510592	12511170	LTR/ERV1	1777	+	289	12510881	59623
chr19	12451258	12651258	harbor1	chr19	12546273	12546446	LTR/ERV1	1272	+	86	12546359	95101
chr19	12451258	12651258	harbor1	chr19	12546749	12547087	LTR/ERV1	1272	+	169	12546918	95660
chr19	12451258	12651258	harbor1	chr19	12547347	12547479	LTR/ERV1	1272	+	66	12547413	96155
chr19	5522573	5722573	harbor1	chr19	5548576	5549016	LTR/ERV1	3815	+	220	5548796	26223
chr19	5522573	5722573	harbor1	chr19	5549017	5551892	LTR/ERV1	15423	+	1438	5550455	27882
chr19	5522573	5722573	harbor1	chr19	5551872	5552016	LTR/ERV1	835	+	72	5551944	29371
chr19	5522573	5722573	harbor1	chr19	5552007	5552168	LTR/ERV1	1037	+	80	5552087	29514
chr19	5522573	5722573	harbor1	chr19	5552161	5552771	LTR/ERV1	4429	+	305	5552466	29893
chr19	5522573	5722573	harbor1	chr19	5552772	5553212	LTR/ERV1	3809	+	220	5552992	30419
chr19	483635	683635	harbor1	chr19	487753	488211	LTR/ERV1	3643	+	229	487982	4347
chr19	483635	683635	harbor1	chr19	504984	505370	LTR/ERV1	1805	+	193	505177	21542
chr19	483635	683635	harbor1	chr19	571083	571344	LTR/ERV1	999	+	130	571213	87578
chr19	9728412	9928412	harbor1	chr19	9741826	9742178	LTR/ERV1	1551	+	176	9742002	13590
chr19	9728412	9928412	harbor1	chr19	9742203	9747263	LTR/ERV1	17808	+	2530	9744733	16321
chr19	9728412	9928412	harbor1	chr19	9748660	9751420	LTR/ERV1	14673	+	1380	9750040	21628
chr19	9728412	9928412	harbor1	chr19	9751643	9751972	LTR/ERV1	1466	+	164	9751807	23395
chr19	9728412	9928412	harbor1	chr19	9798522	9798660	LTR/ERV1	3095	+	69	9798591	70179
chr19	9728412	9928412	harbor1	chr19	9802805	9802895	LTR/ERV1	1536	+	45	9802850	74438
chr19	9728412	9928412	harbor1	chr19	9803206	9803398	LTR/ERV1	1536	+	96	9803302	74890
chr19	9728412	9928412	harbor1	chr19	9825700	9826008	LTR/ERV1	1689	+	154	9825854	97442
chr19	9728412	9928412	harbor1	chr19	9826192	9826367	LTR/ERV1	1603	+	88	9826280	97868
chr19	9728412	9928412	harbor1	chr19	9826691	9826938	LTR/ERV1	1603	+	124	9826815	98403
chr19	9728412	9928412	harbor1	chr19	9827158	9827336	LTR/ERV1	1103	+	89	9827247	98835
chr19	9728412	9928412	harbor1	chr19	9797627	9798215	LTR/ERV1	3095	+	294	9797921	69509
chr19	12885297	13085297	harbor1	chr19	12920248	12920450	LTR/ERV1	1074	+	101	12920349	35052
chr19	12885297	13085297	harbor1	chr19	12920730	12920805	LTR/ERV1	1074	+	38	12920768	35471
chr19	12885297	13085297	harbor1	chr19	12920943	12921103	LTR/ERV1	765	+	80	12921023	35726
chr19	19675868	19875868	harbor1	chr19	19697161	19697725	LTR/ERV1	3767	+	282	19697443	21575
chr19	19675868	19875868	harbor1	chr19	19698737	19698924	LTR/ERV1	1285	+	94	19698831	22963
chr19	19675868	19875868	harbor1	chr19	19701247	19701427	LTR/ERV1	1147	+	90	19701337	25469
chr19	19675868	19875868	harbor1	chr19	19701741	19701868	LTR/ERV1	1147	+	64	19701805	25937
chr19	19675868	19875868	harbor1	chr19	19709224	19709942	LTR/ERV1	3773	+	359	19709583	33715
chr19	5521749	5721749	harbor1	chr19	5548576	5549016	LTR/ERV1	3815	+	220	5548796	27047
chr19	5521749	5721749	harbor1	chr19	5549017	5551892	LTR/ERV1	15423	+	1438	5550455	28706
chr19	5521749	5721749	harbor1	chr19	5551872	5552016	LTR/ERV1	835	+	72	5551944	30195
chr19	5521749	5721749	harbor1	chr19	5552007	5552168	LTR/ERV1	1037	+	80	5552087	30338
chr19	5521749	5721749	harbor1	chr19	5552161	5552771	LTR/ERV1	4429	+	305	5552466	30717
chr19	5521749	5721749	harbor1	chr19	5552772	5553212	LTR/ERV1	3809	+	220	5552992	31243
chr19	190676	390676	harbor1	chr19	248926	249489	LTR/ERV1	2774	+	282	249208	58532
chr19	190676	390676	harbor1	chr19	249896	250542	LTR/ERV1	3843	+	323	250219	59543
chr19	190676	390676	harbor1	chr19	250843	250895	LTR/ERV1	3843	+	26	250869	60193
chr19	190676	390676	harbor1	chr19	251296	251631	LTR/ERV1	915	+	168	251464	60788
chr19	190676	390676	harbor1	chr19	251757	251970	LTR/ERV1	638	+	106	251863	61187
chr19	190676	390676	harbor1	chr19	253201	253501	LTR/ERV1	1364	+	150	253351	62675
chr19	190676	390676	harbor1	chr19	256874	257318	LTR/ERV1	3028	+	222	257096	66420
chr19	190676	390676	harbor1	chr19	259804	259982	LTR/ERV1	929	+	89	259893	69217
chr19	190676	390676	harbor1	chr19	260066	260323	LTR/ERV1	1615	+	128	260194	69518
chr19	190676	390676	harbor1	chr19	261009	261371	LTR/ERV1	2596	+	181	261190	70514
chr19	190676	390676	harbor1	chr19	264918	265507	LTR/ERV1	4735	+	294	265212	74536
chr19	190676	390676	harbor1	chr19	262136	262375	LTR/ERV1	1219	+	120	262256	71580
chr19	18190711	18390711	harbor1	chr19	18191910	18192294	LTR/ERV1	2584	+	192	18192102	1391
chr19	10887632	11087632	harbor1	chr19	10939623	10939922	LTR/ERV1	1428	+	150	10939773	52141
chr19	10887632	11087632	harbor1	chr19	10940074	10940210	LTR/ERV1	787	+	68	10940142	52510
chr19	19675817	19875817	harbor1	chr19	19697161	19697725	LTR/ERV1	3767	+	282	19697443	21626
chr19	19675817	19875817	harbor1	chr19	19698737	19698924	LTR/ERV1	1285	+	94	19698831	23014
chr19	19675817	19875817	harbor1	chr19	19701247	19701427	LTR/ERV1	1147	+	90	19701337	25520
chr19	19675817	19875817	harbor1	chr19	19701741	19701868	LTR/ERV1	1147	+	64	19701805	25988
chr19	19675817	19875817	harbor1	chr19	19709224	19709942	LTR/ERV1	3773	+	359	19709583	33766
chr19	5499898	5699898	harbor1	chr19	5548576	5549016	LTR/ERV1	3815	+	220	5548796	48898
chr19	5499898	5699898	harbor1	chr19	5549017	5551892	LTR/ERV1	15423	+	1438	5550455	50557
chr19	5499898	5699898	harbor1	chr19	5551872	5552016	LTR/ERV1	835	+	72	5551944	52046
chr19	5499898	5699898	harbor1	chr19	5552007	5552168	LTR/ERV1	1037	+	80	5552087	52189
chr19	5499898	5699898	harbor1	chr19	5552161	5552771	LTR/ERV1	4429	+	305	5552466	52568
chr19	5499898	5699898	harbor1	chr19	5552772	5553212	LTR/ERV1	3809	+	220	5552992	53094
chr19	31989361	32189361	harbor1	chr19	32050042	32050596	LTR/ERV1	4321	+	277	32050319	60958
chr19	58377455	58577455	harbor1	chr19	58460025	58460629	LTR/ERV1	1012	+	302	58460327	82872
chr19	58377455	58577455	harbor1	chr19	58460626	58460686	LTR/ERV1	3219	+	30	58460656	83201
chr19	58377455	58577455	harbor1	chr19	58460987	58461867	LTR/ERV1	3219	+	440	58461427	83972
chr19	58377455	58577455	harbor1	chr19	58462175	58462224	LTR/ERV1	3219	+	24	58462199	84744
chr19	2356892	2556892	harbor1	chr19	2392568	2393567	LTR/ERV1	5125	+	500	2393068	36176
chr19	16789062	16989062	harbor1	chr19	16821230	16821427	LTR/ERV1	3587	+	98	16821328	32266
chr19	16789062	16989062	harbor1	chr19	16821745	16821756	LTR/ERV1	3587	+	6	16821751	32689
chr19	16789062	16989062	harbor1	chr19	16822074	16822413	LTR/ERV1	3587	+	170	16822244	33182
chr19	16789062	16989062	harbor1	chr19	16822996	16823107	LTR/ERV1	3587	+	56	16823052	33990
chr19	16789062	16989062	harbor1	chr19	16823253	16823410	LTR/ERV1	4071	+	78	16823331	34269
chr19	16789062	16989062	harbor1	chr19	16823722	16823931	LTR/ERV1	4071	+	104	16823826	34764
chr19	16789062	16989062	harbor1	chr19	16824230	16824243	LTR/ERV1	4071	+	6	16824236	35174
chr19	16789062	16989062	harbor1	chr19	16824534	16824707	LTR/ERV1	4071	+	86	16824620	35558
chr19	16789062	16989062	harbor1	chr19	16824709	16825246	LTR/ERV1	3993	+	268	16824977	35915
chr19	16789062	16989062	harbor1	chr19	16881719	16882390	LTR/ERV1	4297	+	336	16882055	92993
chr19	2131495	2331495	harbor1	chr19	2162915	2163048	LTR/ERV1	998	+	66	2162981	31486
chr19	2131495	2331495	harbor1	chr19	2169666	2169818	LTR/ERV1	770	+	76	2169742	38247
chr19	2356895	2556895	harbor1	chr19	2392568	2393567	LTR/ERV1	5125	+	500	2393068	36173
chr19	5516401	5716401	harbor1	chr19	5548576	5549016	LTR/ERV1	3815	+	220	5548796	32395
chr19	5516401	5716401	harbor1	chr19	5549017	5551892	LTR/ERV1	15423	+	1438	5550455	34054
chr19	5516401	5716401	harbor1	chr19	5551872	5552016	LTR/ERV1	835	+	72	5551944	35543
chr19	5516401	5716401	harbor1	chr19	5552007	5552168	LTR/ERV1	1037	+	80	5552087	35686
chr19	5516401	5716401	harbor1	chr19	5552161	5552771	LTR/ERV1	4429	+	305	5552466	36065
chr19	5516401	5716401	harbor1	chr19	5552772	5553212	LTR/ERV1	3809	+	220	5552992	36591
chr19	19674767	19874767	harbor1	chr19	19697161	19697725	LTR/ERV1	3767	+	282	19697443	22676
chr19	19674767	19874767	harbor1	chr19	19698737	19698924	LTR/ERV1	1285	+	94	19698831	24064
chr19	19674767	19874767	harbor1	chr19	19701247	19701427	LTR/ERV1	1147	+	90	19701337	26570
chr19	19674767	19874767	harbor1	chr19	19701741	19701868	LTR/ERV1	1147	+	64	19701805	27038
chr19	19674767	19874767	harbor1	chr19	19709224	19709942	LTR/ERV1	3773	+	359	19709583	34816
chr19	41650423	41850423	harbor1	chr19	41728927	41729274	LTR/ERV1	1294	+	174	41729101	78678
chr19	41650423	41850423	harbor1	chr19	41730434	41731149	LTR/ERV1	5542	+	358	41730792	80369
chr19	41650423	41850423	harbor1	chr19	41731202	41731711	LTR/ERV1	2843	+	254	41731456	81033
chr19	41650423	41850423	harbor1	chr19	41732142	41732412	LTR/ERV1	752	+	135	41732277	81854
chr19	41650423	41850423	harbor1	chr19	41729515	41730138	LTR/ERV1	5542	+	312	41729827	79404
chr19	30129079	30329079	harbor1	chr19	30160052	30160580	LTR/ERV1	2946	+	264	30160316	31237
chr19	30129079	30329079	harbor1	chr19	30176414	30177006	LTR/ERV1	3284	+	296	30176710	47631
chr19	48639075	48839075	harbor1	chr19	48682639	48682698	LTR/ERV1	2979	+	30	48682669	43594
chr19	48639075	48839075	harbor1	chr19	48683315	48683862	LTR/ERV1	2979	+	274	48683589	44514
chr19	32305891	32505891	harbor1	chr19	32392867	32393645	LTR/ERV1	4338	+	389	32393256	87365
chr19	2356896	2556896	harbor1	chr19	2392568	2393567	LTR/ERV1	5125	+	500	2393068	36172
chr19	19633073	19833073	harbor1	chr19	19697161	19697725	LTR/ERV1	3767	+	282	19697443	64370
chr19	19633073	19833073	harbor1	chr19	19698737	19698924	LTR/ERV1	1285	+	94	19698831	65758
chr19	19633073	19833073	harbor1	chr19	19701247	19701427	LTR/ERV1	1147	+	90	19701337	68264
chr19	19633073	19833073	harbor1	chr19	19701741	19701868	LTR/ERV1	1147	+	64	19701805	68732
chr19	19633073	19833073	harbor1	chr19	19709224	19709942	LTR/ERV1	3773	+	359	19709583	76510
chr19	32305909	32505909	harbor1	chr19	32392867	32393645	LTR/ERV1	4338	+	389	32393256	87347
chr19	19676769	19876769	harbor1	chr19	19697161	19697725	LTR/ERV1	3767	+	282	19697443	20674
chr19	19676769	19876769	harbor1	chr19	19698737	19698924	LTR/ERV1	1285	+	94	19698831	22062
chr19	19676769	19876769	harbor1	chr19	19701247	19701427	LTR/ERV1	1147	+	90	19701337	24568
chr19	19676769	19876769	harbor1	chr19	19701741	19701868	LTR/ERV1	1147	+	64	19701805	25036
chr19	19676769	19876769	harbor1	chr19	19709224	19709942	LTR/ERV1	3773	+	359	19709583	32814
chr19	35167341	35367341	harbor1	chr19	35194037	35194522	LTR/ERV1	2524	+	242	35194279	26938
chr19	35167341	35367341	harbor1	chr19	35198143	35198334	LTR/ERV1	1037	+	96	35198239	30898
chr19	35167341	35367341	harbor1	chr19	35214946	35215467	LTR/ERV1	3923	+	260	35215206	47865
chr19	35167341	35367341	harbor1	chr19	35220609	35221116	LTR/ERV1	3036	+	254	35220863	53522
chr19	6652741	6852741	harbor1	chr19	6652619	6653124	LTR/ERV1	2914	+	252	6652871	130
chr19	6652741	6852741	harbor1	chr19	6653756	6653903	LTR/ERV1	2914	+	74	6653830	1089
chr19	6652741	6852741	harbor1	chr19	6675340	6675890	LTR/ERV1	3396	+	275	6675615	22874
chr19	6652741	6852741	harbor1	chr19	6676192	6676374	LTR/ERV1	3396	+	91	6676283	23542
chr19	6652741	6852741	harbor1	chr19	6701189	6701523	LTR/ERV1	1124	+	167	6701356	48615
chr19	1813169	2013169	harbor1	chr19	1903880	1903985	LTR/ERV1	847	+	52	1903932	90763
chr19	1813169	2013169	harbor1	chr19	1904289	1904647	LTR/ERV1	847	+	179	1904468	91299
chr19	49239891	49439891	harbor1	chr19	49303697	49304169	LTR/ERV1	1798	+	236	49303933	64042
chr19	49239891	49439891	harbor1	chr19	49304170	49304482	LTR/ERV1	1789	+	156	49304326	64435
chr19	39990768	40190768	harbor1	chr19	40071941	40072014	LTR/ERV1	650	+	36	40071977	81209
chr19	39990768	40190768	harbor1	chr19	40072037	40072328	LTR/ERV1	2312	+	146	40072183	81415
chr19	39990768	40190768	harbor1	chr19	40072329	40072654	LTR/ERV1	2573	+	162	40072491	81723
chr19	19563439	19763439	harbor1	chr19	19582190	19582968	LTR/ERV1	4612	+	389	19582579	19140
chr19	19563439	19763439	harbor1	chr19	19585545	19585977	LTR/ERV1	3520	+	216	19585761	22322
chr19	1413306	1613306	harbor1	chr19	1442428	1442896	LTR/ERV1	3133	+	234	1442662	29356
chr19	32305831	32505831	harbor1	chr19	32392867	32393645	LTR/ERV1	4338	+	389	32393256	87425
chr19	5519194	5719194	harbor1	chr19	5548576	5549016	LTR/ERV1	3815	+	220	5548796	29602
chr19	5519194	5719194	harbor1	chr19	5549017	5551892	LTR/ERV1	15423	+	1438	5550455	31261
chr19	5519194	5719194	harbor1	chr19	5551872	5552016	LTR/ERV1	835	+	72	5551944	32750
chr19	5519194	5719194	harbor1	chr19	5552007	5552168	LTR/ERV1	1037	+	80	5552087	32893
chr19	5519194	5719194	harbor1	chr19	5552161	5552771	LTR/ERV1	4429	+	305	5552466	33272
chr19	5519194	5719194	harbor1	chr19	5552772	5553212	LTR/ERV1	3809	+	220	5552992	33798
chr19	19675630	19875630	harbor1	chr19	19697161	19697725	LTR/ERV1	3767	+	282	19697443	21813
chr19	19675630	19875630	harbor1	chr19	19698737	19698924	LTR/ERV1	1285	+	94	19698831	23201
chr19	19675630	19875630	harbor1	chr19	19701247	19701427	LTR/ERV1	1147	+	90	19701337	25707
chr19	19675630	19875630	harbor1	chr19	19701741	19701868	LTR/ERV1	1147	+	64	19701805	26175
chr19	19675630	19875630	harbor1	chr19	19709224	19709942	LTR/ERV1	3773	+	359	19709583	33953
chr19	19563929	19763929	harbor1	chr19	19582190	19582968	LTR/ERV1	4612	+	389	19582579	18650
chr19	19563929	19763929	harbor1	chr19	19585545	19585977	LTR/ERV1	3520	+	216	19585761	21832
chr19	208646	408646	harbor1	chr19	248926	249489	LTR/ERV1	2774	+	282	249208	40562
chr19	208646	408646	harbor1	chr19	249896	250542	LTR/ERV1	3843	+	323	250219	41573
chr19	208646	408646	harbor1	chr19	250843	250895	LTR/ERV1	3843	+	26	250869	42223
chr19	208646	408646	harbor1	chr19	251296	251631	LTR/ERV1	915	+	168	251464	42818
chr19	208646	408646	harbor1	chr19	251757	251970	LTR/ERV1	638	+	106	251863	43217
chr19	208646	408646	harbor1	chr19	253201	253501	LTR/ERV1	1364	+	150	253351	44705
chr19	208646	408646	harbor1	chr19	256874	257318	LTR/ERV1	3028	+	222	257096	48450
chr19	208646	408646	harbor1	chr19	259804	259982	LTR/ERV1	929	+	89	259893	51247
chr19	208646	408646	harbor1	chr19	260066	260323	LTR/ERV1	1615	+	128	260194	51548
chr19	208646	408646	harbor1	chr19	261009	261371	LTR/ERV1	2596	+	181	261190	52544
chr19	208646	408646	harbor1	chr19	264918	265507	LTR/ERV1	4735	+	294	265212	56566
chr19	208646	408646	harbor1	chr19	262136	262375	LTR/ERV1	1219	+	120	262256	53610
chr19	23321895	23521895	harbor1	chr19	23344732	23344908	LTR/ERV1	876	+	88	23344820	22925
chr19	23321895	23521895	harbor1	chr19	23344909	23346593	LTR/ERV1	10040	+	842	23345751	23856
chr19	23321895	23521895	harbor1	chr19	23349443	23350610	LTR/ERV1	18063	+	584	23350027	28132
chr19	23321895	23521895	harbor1	chr19	23350611	23350997	LTR/ERV1	2612	+	193	23350804	28909
chr19	23321895	23521895	harbor1	chr19	23391174	23391612	LTR/ERV1	918	+	219	23391393	69498
chr19	23321895	23521895	harbor1	chr19	23394177	23394448	LTR/ERV1	2688	+	136	23394313	72418
chr19	23321895	23521895	harbor1	chr19	23394749	23394969	LTR/ERV1	2688	+	110	23394859	72964
chr19	23321895	23521895	harbor1	chr19	23397285	23397817	LTR/ERV1	3312	+	266	23397551	75656
chr19	23321895	23521895	harbor1	chr19	23414820	23415256	LTR/ERV1	1817	+	218	23415038	93143
chr19	23321895	23521895	harbor1	chr19	23415539	23415582	LTR/ERV1	1817	+	22	23415561	93666
chr19	23321895	23521895	harbor1	chr19	23346593	23348277	LTR/ERV1	18063	+	842	23347435	25540
chr19	19632509	19832509	harbor1	chr19	19697161	19697725	LTR/ERV1	3767	+	282	19697443	64934
chr19	19632509	19832509	harbor1	chr19	19698737	19698924	LTR/ERV1	1285	+	94	19698831	66322
chr19	19632509	19832509	harbor1	chr19	19701247	19701427	LTR/ERV1	1147	+	90	19701337	68828
chr19	19632509	19832509	harbor1	chr19	19701741	19701868	LTR/ERV1	1147	+	64	19701805	69296
chr19	19632509	19832509	harbor1	chr19	19709224	19709942	LTR/ERV1	3773	+	359	19709583	77074
chr19	19563750	19763750	harbor1	chr19	19582190	19582968	LTR/ERV1	4612	+	389	19582579	18829
chr19	19563750	19763750	harbor1	chr19	19585545	19585977	LTR/ERV1	3520	+	216	19585761	22011
chr19	5522745	5722745	harbor1	chr19	5548576	5549016	LTR/ERV1	3815	+	220	5548796	26051
chr19	5522745	5722745	harbor1	chr19	5549017	5551892	LTR/ERV1	15423	+	1438	5550455	27710
chr19	5522745	5722745	harbor1	chr19	5551872	5552016	LTR/ERV1	835	+	72	5551944	29199
chr19	5522745	5722745	harbor1	chr19	5552007	5552168	LTR/ERV1	1037	+	80	5552087	29342
chr19	5522745	5722745	harbor1	chr19	5552161	5552771	LTR/ERV1	4429	+	305	5552466	29721
chr19	5522745	5722745	harbor1	chr19	5552772	5553212	LTR/ERV1	3809	+	220	5552992	30247
chr19	49707032	49907032	harbor1	chr19	49718672	49718801	LTR/ERV1	1603	+	64	49718736	11704
chr19	49707032	49907032	harbor1	chr19	49719110	49719414	LTR/ERV1	1603	+	152	49719262	12230
chr19	49707032	49907032	harbor1	chr19	49720688	49720863	LTR/ERV1	654	+	88	49720776	13744
chr19	49707032	49907032	harbor1	chr19	49722055	49722327	LTR/ERV1	1301	+	136	49722191	15159
chr19	49707032	49907032	harbor1	chr19	49724251	49724442	LTR/ERV1	911	+	96	49724347	17315
chr19	49707032	49907032	harbor1	chr19	49727163	49727741	LTR/ERV1	3887	+	289	49727452	20420
chr19	49707032	49907032	harbor1	chr19	49727742	49728063	LTR/ERV1	2039	+	160	49727902	20870
chr19	49707032	49907032	harbor1	chr19	49728379	49728810	LTR/ERV1	1746	+	216	49728595	21563
chr19	409019	609019	harbor1	chr19	487753	488211	LTR/ERV1	3643	+	229	487982	78963
chr19	409019	609019	harbor1	chr19	504984	505370	LTR/ERV1	1805	+	193	505177	96158
chr19	54981488	55181488	harbor1	chr19	55040630	55040844	LTR/ERV1	830	+	107	55040737	59249
chr19	9719420	9919420	harbor1	chr19	9718912	9721844	LTR/ERV1	12422	+	1466	9720378	958
chr19	9719420	9919420	harbor1	chr19	9722050	9722354	LTR/ERV1	1078	+	152	9722202	2782
chr19	9719420	9919420	harbor1	chr19	9741826	9742178	LTR/ERV1	1551	+	176	9742002	22582
chr19	9719420	9919420	harbor1	chr19	9742203	9747263	LTR/ERV1	17808	+	2530	9744733	25313
chr19	9719420	9919420	harbor1	chr19	9748660	9751420	LTR/ERV1	14673	+	1380	9750040	30620
chr19	9719420	9919420	harbor1	chr19	9751643	9751972	LTR/ERV1	1466	+	164	9751807	32387
chr19	9719420	9919420	harbor1	chr19	9798522	9798660	LTR/ERV1	3095	+	69	9798591	79171
chr19	9719420	9919420	harbor1	chr19	9802805	9802895	LTR/ERV1	1536	+	45	9802850	83430
chr19	9719420	9919420	harbor1	chr19	9803206	9803398	LTR/ERV1	1536	+	96	9803302	83882
chr19	9719420	9919420	harbor1	chr19	9797627	9798215	LTR/ERV1	3095	+	294	9797921	78501
chr19	19563676	19763676	harbor1	chr19	19582190	19582968	LTR/ERV1	4612	+	389	19582579	18903
chr19	19563676	19763676	harbor1	chr19	19585545	19585977	LTR/ERV1	3520	+	216	19585761	22085
chr19	5522536	5722536	harbor1	chr19	5548576	5549016	LTR/ERV1	3815	+	220	5548796	26260
chr19	5522536	5722536	harbor1	chr19	5549017	5551892	LTR/ERV1	15423	+	1438	5550455	27919
chr19	5522536	5722536	harbor1	chr19	5551872	5552016	LTR/ERV1	835	+	72	5551944	29408
chr19	5522536	5722536	harbor1	chr19	5552007	5552168	LTR/ERV1	1037	+	80	5552087	29551
chr19	5522536	5722536	harbor1	chr19	5552161	5552771	LTR/ERV1	4429	+	305	5552466	29930
chr19	5522536	5722536	harbor1	chr19	5552772	5553212	LTR/ERV1	3809	+	220	5552992	30456
chr19	5504847	5704847	harbor1	chr19	5548576	5549016	LTR/ERV1	3815	+	220	5548796	43949
chr19	5504847	5704847	harbor1	chr19	5549017	5551892	LTR/ERV1	15423	+	1438	5550455	45608
chr19	5504847	5704847	harbor1	chr19	5551872	5552016	LTR/ERV1	835	+	72	5551944	47097
chr19	5504847	5704847	harbor1	chr19	5552007	5552168	LTR/ERV1	1037	+	80	5552087	47240
chr19	5504847	5704847	harbor1	chr19	5552161	5552771	LTR/ERV1	4429	+	305	5552466	47619
chr19	5504847	5704847	harbor1	chr19	5552772	5553212	LTR/ERV1	3809	+	220	5552992	48145
chr19	5510368	5710368	harbor1	chr19	5548576	5549016	LTR/ERV1	3815	+	220	5548796	38428
chr19	5510368	5710368	harbor1	chr19	5549017	5551892	LTR/ERV1	15423	+	1438	5550455	40087
chr19	5510368	5710368	harbor1	chr19	5551872	5552016	LTR/ERV1	835	+	72	5551944	41576
chr19	5510368	5710368	harbor1	chr19	5552007	5552168	LTR/ERV1	1037	+	80	5552087	41719
chr19	5510368	5710368	harbor1	chr19	5552161	5552771	LTR/ERV1	4429	+	305	5552466	42098
chr19	5510368	5710368	harbor1	chr19	5552772	5553212	LTR/ERV1	3809	+	220	5552992	42624
chr19	19952303	20152303	harbor1	chr19	19953170	19953372	LTR/ERV1	1313	+	101	19953271	968
chr19	19952303	20152303	harbor1	chr19	19953662	19954016	LTR/ERV1	1313	+	177	19953839	1536
chr19	19952303	20152303	harbor1	chr19	19966687	19967138	LTR/ERV1	2450	+	226	19966913	14610
chr19	19952303	20152303	harbor1	chr19	19999338	19999524	LTR/ERV1	753	+	93	19999431	47128
chr19	19952303	20152303	harbor1	chr19	20038498	20038994	LTR/ERV1	2431	+	248	20038746	86443
chr19	19952303	20152303	harbor1	chr19	20045618	20046114	LTR/ERV1	3887	+	248	20045866	93563
chr19	19952303	20152303	harbor1	chr19	20047947	20048375	LTR/ERV1	1739	+	214	20048161	95858
chr19	18421887	18621887	harbor1	chr19	18439406	18439848	LTR/ERV1	723	+	221	18439627	17740
chr19	7762917	7962917	harbor1	chr19	7769596	7770016	LTR/ERV1	2227	+	210	7769806	6889
chr19	1350403	1550403	harbor1	chr19	1442428	1442896	LTR/ERV1	3133	+	234	1442662	92259
chr19	5491922	5691922	harbor1	chr19	5548576	5549016	LTR/ERV1	3815	+	220	5548796	56874
chr19	5491922	5691922	harbor1	chr19	5549017	5551892	LTR/ERV1	15423	+	1438	5550455	58533
chr19	5491922	5691922	harbor1	chr19	5551872	5552016	LTR/ERV1	835	+	72	5551944	60022
chr19	5491922	5691922	harbor1	chr19	5552007	5552168	LTR/ERV1	1037	+	80	5552087	60165
chr19	5491922	5691922	harbor1	chr19	5552161	5552771	LTR/ERV1	4429	+	305	5552466	60544
chr19	5491922	5691922	harbor1	chr19	5552772	5553212	LTR/ERV1	3809	+	220	5552992	61070
chr19	5521916	5721916	harbor1	chr19	5548576	5549016	LTR/ERV1	3815	+	220	5548796	26880
chr19	5521916	5721916	harbor1	chr19	5549017	5551892	LTR/ERV1	15423	+	1438	5550455	28539
chr19	5521916	5721916	harbor1	chr19	5551872	5552016	LTR/ERV1	835	+	72	5551944	30028
chr19	5521916	5721916	harbor1	chr19	5552007	5552168	LTR/ERV1	1037	+	80	5552087	30171
chr19	5521916	5721916	harbor1	chr19	5552161	5552771	LTR/ERV1	4429	+	305	5552466	30550
chr19	5521916	5721916	harbor1	chr19	5552772	5553212	LTR/ERV1	3809	+	220	5552992	31076
chr19	15660032	15860032	harbor1	chr19	15732268	15732434	LTR/ERV1	979	+	83	15732351	72319
chr19	1413296	1613296	harbor1	chr19	1442428	1442896	LTR/ERV1	3133	+	234	1442662	29366
chr19	1855242	2055242	harbor1	chr19	1903880	1903985	LTR/ERV1	847	+	52	1903932	48690
chr19	1855242	2055242	harbor1	chr19	1904289	1904647	LTR/ERV1	847	+	179	1904468	49226
chr19	5522548	5722548	harbor1	chr19	5548576	5549016	LTR/ERV1	3815	+	220	5548796	26248
chr19	5522548	5722548	harbor1	chr19	5549017	5551892	LTR/ERV1	15423	+	1438	5550455	27907
chr19	5522548	5722548	harbor1	chr19	5551872	5552016	LTR/ERV1	835	+	72	5551944	29396
chr19	5522548	5722548	harbor1	chr19	5552007	5552168	LTR/ERV1	1037	+	80	5552087	29539
chr19	5522548	5722548	harbor1	chr19	5552161	5552771	LTR/ERV1	4429	+	305	5552466	29918
chr19	5522548	5722548	harbor1	chr19	5552772	5553212	LTR/ERV1	3809	+	220	5552992	30444
chr19	19676555	19876555	harbor1	chr19	19697161	19697725	LTR/ERV1	3767	+	282	19697443	20888
chr19	19676555	19876555	harbor1	chr19	19698737	19698924	LTR/ERV1	1285	+	94	19698831	22276
chr19	19676555	19876555	harbor1	chr19	19701247	19701427	LTR/ERV1	1147	+	90	19701337	24782
chr19	19676555	19876555	harbor1	chr19	19701741	19701868	LTR/ERV1	1147	+	64	19701805	25250
chr19	19676555	19876555	harbor1	chr19	19709224	19709942	LTR/ERV1	3773	+	359	19709583	33028
chr19	50329057	50529057	harbor1	chr19	50340155	50340701	LTR/ERV1	3803	+	273	50340428	11371
chr19	50329057	50529057	harbor1	chr19	50341007	50341155	LTR/ERV1	3803	+	74	50341081	12024
chr19	50329057	50529057	harbor1	chr19	50374568	50375083	LTR/ERV1	3416	+	258	50374826	45769
chr19	19676645	19876645	harbor1	chr19	19697161	19697725	LTR/ERV1	3767	+	282	19697443	20798
chr19	19676645	19876645	harbor1	chr19	19698737	19698924	LTR/ERV1	1285	+	94	19698831	22186
chr19	19676645	19876645	harbor1	chr19	19701247	19701427	LTR/ERV1	1147	+	90	19701337	24692
chr19	19676645	19876645	harbor1	chr19	19701741	19701868	LTR/ERV1	1147	+	64	19701805	25160
chr19	19676645	19876645	harbor1	chr19	19709224	19709942	LTR/ERV1	3773	+	359	19709583	32938
chr19	45369339	45569339	harbor1	chr19	45375084	45375131	LTR/ERV1	1551	+	24	45375108	5769
chr19	45369339	45569339	harbor1	chr19	45375446	45375536	LTR/ERV1	1551	+	45	45375491	6152
chr19	45369339	45569339	harbor1	chr19	45375859	45376092	LTR/ERV1	1551	+	116	45375975	6636
chr19	45369339	45569339	harbor1	chr19	45390230	45390717	LTR/ERV1	3880	+	244	45390474	21135
chr19	16442283	16642283	harbor1	chr19	16473001	16473122	LTR/ERV1	750	+	60	16473061	30778
chr19	16442283	16642283	harbor1	chr19	16474915	16475455	LTR/ERV1	1604	+	270	16475185	32902
chr19	16442283	16642283	harbor1	chr19	16493068	16493541	LTR/ERV1	2547	+	236	16493304	51021
chr19	51194759	51394759	harbor1	chr19	51246505	51247171	LTR/ERV1	5089	+	333	51246838	52079
chr19	51194759	51394759	harbor1	chr19	51247980	51248558	LTR/ERV1	3498	+	289	51248269	53510
chr19	1939769	2139769	harbor1	chr19	2003806	2004288	LTR/ERV1	2822	+	241	2004047	64278
chr19	1939769	2139769	harbor1	chr19	2004597	2004653	LTR/ERV1	2822	+	28	2004625	64856
chr19	1939769	2139769	harbor1	chr19	2024555	2024763	LTR/ERV1	1095	+	104	2024659	84890
chr19	19563919	19763919	harbor1	chr19	19582190	19582968	LTR/ERV1	4612	+	389	19582579	18660
chr19	19563919	19763919	harbor1	chr19	19585545	19585977	LTR/ERV1	3520	+	216	19585761	21842
chr19	2356931	2556931	harbor1	chr19	2392568	2393567	LTR/ERV1	5125	+	500	2393068	36137
chr19	54031600	54231600	harbor1	chr19	54037997	54038539	LTR/ERV1	3433	+	271	54038268	6668
chr19	54031600	54231600	harbor1	chr19	54088792	54088941	LTR/ERV1	753	+	74	54088866	57266
chr19	19675815	19875815	harbor1	chr19	19697161	19697725	LTR/ERV1	3767	+	282	19697443	21628
chr19	19675815	19875815	harbor1	chr19	19698737	19698924	LTR/ERV1	1285	+	94	19698831	23016
chr19	19675815	19875815	harbor1	chr19	19701247	19701427	LTR/ERV1	1147	+	90	19701337	25522
chr19	19675815	19875815	harbor1	chr19	19701741	19701868	LTR/ERV1	1147	+	64	19701805	25990
chr19	19675815	19875815	harbor1	chr19	19709224	19709942	LTR/ERV1	3773	+	359	19709583	33768
chr19	19564039	19764039	harbor1	chr19	19582190	19582968	LTR/ERV1	4612	+	389	19582579	18540
chr19	19564039	19764039	harbor1	chr19	19585545	19585977	LTR/ERV1	3520	+	216	19585761	21722
chr19	1946248	2146248	harbor1	chr19	2003806	2004288	LTR/ERV1	2822	+	241	2004047	57799
chr19	1946248	2146248	harbor1	chr19	2004597	2004653	LTR/ERV1	2822	+	28	2004625	58377
chr19	1946248	2146248	harbor1	chr19	2024555	2024763	LTR/ERV1	1095	+	104	2024659	78411
chr19	19562572	19762572	harbor1	chr19	19582190	19582968	LTR/ERV1	4612	+	389	19582579	20007
chr19	19562572	19762572	harbor1	chr19	19585545	19585977	LTR/ERV1	3520	+	216	19585761	23189
chr19	19675563	19875563	harbor1	chr19	19697161	19697725	LTR/ERV1	3767	+	282	19697443	21880
chr19	19675563	19875563	harbor1	chr19	19698737	19698924	LTR/ERV1	1285	+	94	19698831	23268
chr19	19675563	19875563	harbor1	chr19	19701247	19701427	LTR/ERV1	1147	+	90	19701337	25774
chr19	19675563	19875563	harbor1	chr19	19701741	19701868	LTR/ERV1	1147	+	64	19701805	26242
chr19	19675563	19875563	harbor1	chr19	19709224	19709942	LTR/ERV1	3773	+	359	19709583	34020
chr19	208555	408555	harbor1	chr19	248926	249489	LTR/ERV1	2774	+	282	249208	40653
chr19	208555	408555	harbor1	chr19	249896	250542	LTR/ERV1	3843	+	323	250219	41664
chr19	208555	408555	harbor1	chr19	250843	250895	LTR/ERV1	3843	+	26	250869	42314
chr19	208555	408555	harbor1	chr19	251296	251631	LTR/ERV1	915	+	168	251464	42909
chr19	208555	408555	harbor1	chr19	251757	251970	LTR/ERV1	638	+	106	251863	43308
chr19	208555	408555	harbor1	chr19	253201	253501	LTR/ERV1	1364	+	150	253351	44796
chr19	208555	408555	harbor1	chr19	256874	257318	LTR/ERV1	3028	+	222	257096	48541
chr19	208555	408555	harbor1	chr19	259804	259982	LTR/ERV1	929	+	89	259893	51338
chr19	208555	408555	harbor1	chr19	260066	260323	LTR/ERV1	1615	+	128	260194	51639
chr19	208555	408555	harbor1	chr19	261009	261371	LTR/ERV1	2596	+	181	261190	52635
chr19	208555	408555	harbor1	chr19	264918	265507	LTR/ERV1	4735	+	294	265212	56657
chr19	208555	408555	harbor1	chr19	262136	262375	LTR/ERV1	1219	+	120	262256	53701
chr19	12912451	13112451	harbor1	chr19	12920248	12920450	LTR/ERV1	1074	+	101	12920349	7898
chr19	12912451	13112451	harbor1	chr19	12920730	12920805	LTR/ERV1	1074	+	38	12920768	8317
chr19	12912451	13112451	harbor1	chr19	12920943	12921103	LTR/ERV1	765	+	80	12921023	8572
chr19	12914910	13114910	harbor1	chr19	12920248	12920450	LTR/ERV1	1074	+	101	12920349	5439
chr19	12914910	13114910	harbor1	chr19	12920730	12920805	LTR/ERV1	1074	+	38	12920768	5858
chr19	12914910	13114910	harbor1	chr19	12920943	12921103	LTR/ERV1	765	+	80	12921023	6113
chr19	34913533	35113533	harbor1	chr19	34918017	34918709	LTR/ERV1	3290	+	346	34918363	4830
chr19	34913533	35113533	harbor1	chr19	34966123	34966310	LTR/ERV1	3109	+	94	34966217	52684
chr19	34913533	35113533	harbor1	chr19	34966607	34967152	LTR/ERV1	3109	+	272	34966879	53346
chr19	34913533	35113533	harbor1	chr19	34967511	34968306	LTR/ERV1	4738	+	398	34967909	54376
chr19	34913533	35113533	harbor1	chr19	34975949	34976185	LTR/ERV1	3703	+	118	34976067	62534
chr19	34913533	35113533	harbor1	chr19	34976493	34976857	LTR/ERV1	3703	+	182	34976675	63142
chr19	5521997	5721997	harbor1	chr19	5548576	5549016	LTR/ERV1	3815	+	220	5548796	26799
chr19	5521997	5721997	harbor1	chr19	5549017	5551892	LTR/ERV1	15423	+	1438	5550455	28458
chr19	5521997	5721997	harbor1	chr19	5551872	5552016	LTR/ERV1	835	+	72	5551944	29947
chr19	5521997	5721997	harbor1	chr19	5552007	5552168	LTR/ERV1	1037	+	80	5552087	30090
chr19	5521997	5721997	harbor1	chr19	5552161	5552771	LTR/ERV1	4429	+	305	5552466	30469
chr19	5521997	5721997	harbor1	chr19	5552772	5553212	LTR/ERV1	3809	+	220	5552992	30995
chr19	44861009	45061009	harbor1	chr19	44913972	44914427	LTR/ERV1	3524	+	228	44914200	53191
chr19	5523058	5723058	harbor1	chr19	5548576	5549016	LTR/ERV1	3815	+	220	5548796	25738
chr19	5523058	5723058	harbor1	chr19	5549017	5551892	LTR/ERV1	15423	+	1438	5550455	27397
chr19	5523058	5723058	harbor1	chr19	5551872	5552016	LTR/ERV1	835	+	72	5551944	28886
chr19	5523058	5723058	harbor1	chr19	5552007	5552168	LTR/ERV1	1037	+	80	5552087	29029
chr19	5523058	5723058	harbor1	chr19	5552161	5552771	LTR/ERV1	4429	+	305	5552466	29408
chr19	5523058	5723058	harbor1	chr19	5552772	5553212	LTR/ERV1	3809	+	220	5552992	29934
chr19	18336442	18536442	harbor1	chr19	18336221	18336500	LTR/ERV1	5085	+	140	18336361	81
chr19	58377396	58577396	harbor1	chr19	58460025	58460629	LTR/ERV1	1012	+	302	58460327	82931
chr19	58377396	58577396	harbor1	chr19	58460626	58460686	LTR/ERV1	3219	+	30	58460656	83260
chr19	58377396	58577396	harbor1	chr19	58460987	58461867	LTR/ERV1	3219	+	440	58461427	84031
chr19	58377396	58577396	harbor1	chr19	58462175	58462224	LTR/ERV1	3219	+	24	58462199	84803
chr19	18536609	18736609	harbor1	chr19	18577268	18577575	LTR/ERV1	1065	+	154	18577422	40813
chr19	18536609	18736609	harbor1	chr19	18577591	18578035	LTR/ERV1	1497	+	222	18577813	41204
chr19	18536609	18736609	harbor1	chr19	18581897	18583776	LTR/ERV1	23217	+	940	18582837	46228
chr19	18536609	18736609	harbor1	chr19	18584075	18584685	LTR/ERV1	23217	+	305	18584380	47771
chr19	18536609	18736609	harbor1	chr19	18586601	18587182	LTR/ERV1	1306	+	290	18586891	50282
chr19	18536609	18736609	harbor1	chr19	18587630	18587911	LTR/ERV1	1140	+	140	18587770	51161
chr19	18536609	18736609	harbor1	chr19	18578706	18581619	LTR/ERV1	23217	+	1456	18580162	43553
chr19	19674601	19874601	harbor1	chr19	19697161	19697725	LTR/ERV1	3767	+	282	19697443	22842
chr19	19674601	19874601	harbor1	chr19	19698737	19698924	LTR/ERV1	1285	+	94	19698831	24230
chr19	19674601	19874601	harbor1	chr19	19701247	19701427	LTR/ERV1	1147	+	90	19701337	26736
chr19	19674601	19874601	harbor1	chr19	19701741	19701868	LTR/ERV1	1147	+	64	19701805	27204
chr19	19674601	19874601	harbor1	chr19	19709224	19709942	LTR/ERV1	3773	+	359	19709583	34982
chr19	58377122	58577122	harbor1	chr19	58460025	58460629	LTR/ERV1	1012	+	302	58460327	83205
chr19	58377122	58577122	harbor1	chr19	58460626	58460686	LTR/ERV1	3219	+	30	58460656	83534
chr19	58377122	58577122	harbor1	chr19	58460987	58461867	LTR/ERV1	3219	+	440	58461427	84305
chr19	58377122	58577122	harbor1	chr19	58462175	58462224	LTR/ERV1	3219	+	24	58462199	85077
chr19	19564047	19764047	harbor1	chr19	19582190	19582968	LTR/ERV1	4612	+	389	19582579	18532
chr19	19564047	19764047	harbor1	chr19	19585545	19585977	LTR/ERV1	3520	+	216	19585761	21714
chr19	19676479	19876479	harbor1	chr19	19697161	19697725	LTR/ERV1	3767	+	282	19697443	20964
chr19	19676479	19876479	harbor1	chr19	19698737	19698924	LTR/ERV1	1285	+	94	19698831	22352
chr19	19676479	19876479	harbor1	chr19	19701247	19701427	LTR/ERV1	1147	+	90	19701337	24858
chr19	19676479	19876479	harbor1	chr19	19701741	19701868	LTR/ERV1	1147	+	64	19701805	25326
chr19	19676479	19876479	harbor1	chr19	19709224	19709942	LTR/ERV1	3773	+	359	19709583	33104
chr19	19519375	19719375	harbor1	chr19	19582190	19582968	LTR/ERV1	4612	+	389	19582579	63204
chr19	19519375	19719375	harbor1	chr19	19585545	19585977	LTR/ERV1	3520	+	216	19585761	66386
chr19	5486695	5686695	harbor1	chr19	5548576	5549016	LTR/ERV1	3815	+	220	5548796	62101
chr19	5486695	5686695	harbor1	chr19	5549017	5551892	LTR/ERV1	15423	+	1438	5550455	63760
chr19	5486695	5686695	harbor1	chr19	5551872	5552016	LTR/ERV1	835	+	72	5551944	65249
chr19	5486695	5686695	harbor1	chr19	5552007	5552168	LTR/ERV1	1037	+	80	5552087	65392
chr19	5486695	5686695	harbor1	chr19	5552161	5552771	LTR/ERV1	4429	+	305	5552466	65771
chr19	5486695	5686695	harbor1	chr19	5552772	5553212	LTR/ERV1	3809	+	220	5552992	66297
chr19	12875018	13075018	harbor1	chr19	12882804	12882934	LTR/ERV1	3404	+	65	12882869	7851
chr19	12875018	13075018	harbor1	chr19	12883256	12883427	LTR/ERV1	3404	+	86	12883342	8324
chr19	12875018	13075018	harbor1	chr19	12883725	12884154	LTR/ERV1	3404	+	214	12883939	8921
chr19	12875018	13075018	harbor1	chr19	12920248	12920450	LTR/ERV1	1074	+	101	12920349	45331
chr19	12875018	13075018	harbor1	chr19	12920730	12920805	LTR/ERV1	1074	+	38	12920768	45750
chr19	12875018	13075018	harbor1	chr19	12920943	12921103	LTR/ERV1	765	+	80	12921023	46005
chr19	18319318	18519318	harbor1	chr19	18321358	18322097	LTR/ERV1	3320	+	370	18321728	2410
chr19	18319318	18519318	harbor1	chr19	18335334	18335906	LTR/ERV1	5085	+	286	18335620	16302
chr19	18319318	18519318	harbor1	chr19	18336221	18336500	LTR/ERV1	5085	+	140	18336361	17043
chr19	19553859	19753859	harbor1	chr19	19582190	19582968	LTR/ERV1	4612	+	389	19582579	28720
chr19	19553859	19753859	harbor1	chr19	19585545	19585977	LTR/ERV1	3520	+	216	19585761	31902
chr19	56021112	56221112	harbor1	chr19	56078017	56078243	LTR/ERV1	1152	+	113	56078130	57018
chr19	5521801	5721801	harbor1	chr19	5548576	5549016	LTR/ERV1	3815	+	220	5548796	26995
chr19	5521801	5721801	harbor1	chr19	5549017	5551892	LTR/ERV1	15423	+	1438	5550455	28654
chr19	5521801	5721801	harbor1	chr19	5551872	5552016	LTR/ERV1	835	+	72	5551944	30143
chr19	5521801	5721801	harbor1	chr19	5552007	5552168	LTR/ERV1	1037	+	80	5552087	30286
chr19	5521801	5721801	harbor1	chr19	5552161	5552771	LTR/ERV1	4429	+	305	5552466	30665
chr19	5521801	5721801	harbor1	chr19	5552772	5553212	LTR/ERV1	3809	+	220	5552992	31191
chr19	12581893	12781893	harbor1	chr19	12598247	12598381	LTR/ERV1	1014	+	67	12598314	16421
chr19	12581893	12781893	harbor1	chr19	12598674	12598706	LTR/ERV1	1014	+	16	12598690	16797
chr19	12581893	12781893	harbor1	chr19	12600390	12600836	LTR/ERV1	8960	+	223	12600613	18720
chr19	12581893	12781893	harbor1	chr19	12599175	12600080	LTR/ERV1	8960	+	452	12599627	17734
chr19	1350373	1550373	harbor1	chr19	1442428	1442896	LTR/ERV1	3133	+	234	1442662	92289
chr19	17666919	17866919	harbor1	chr19	17711404	17711647	LTR/ERV1	3466	+	122	17711526	44607
chr19	17666919	17866919	harbor1	chr19	17711960	17712138	LTR/ERV1	3466	+	89	17712049	45130
chr19	17666919	17866919	harbor1	chr19	17712451	17712672	LTR/ERV1	3466	+	110	17712561	45642
chr19	12596104	12796104	harbor1	chr19	12598247	12598381	LTR/ERV1	1014	+	67	12598314	2210
chr19	12596104	12796104	harbor1	chr19	12598674	12598706	LTR/ERV1	1014	+	16	12598690	2586
chr19	12596104	12796104	harbor1	chr19	12600390	12600836	LTR/ERV1	8960	+	223	12600613	4509
chr19	12596104	12796104	harbor1	chr19	12599175	12600080	LTR/ERV1	8960	+	452	12599627	3523
chr19	19579986	19779986	harbor1	chr19	19582190	19582968	LTR/ERV1	4612	+	389	19582579	2593
chr19	19579986	19779986	harbor1	chr19	19585545	19585977	LTR/ERV1	3520	+	216	19585761	5775
chr19	19676008	19876008	harbor1	chr19	19697161	19697725	LTR/ERV1	3767	+	282	19697443	21435
chr19	19676008	19876008	harbor1	chr19	19698737	19698924	LTR/ERV1	1285	+	94	19698831	22823
chr19	19676008	19876008	harbor1	chr19	19701247	19701427	LTR/ERV1	1147	+	90	19701337	25329
chr19	19676008	19876008	harbor1	chr19	19701741	19701868	LTR/ERV1	1147	+	64	19701805	25797
chr19	19676008	19876008	harbor1	chr19	19709224	19709942	LTR/ERV1	3773	+	359	19709583	33575
chr19	12889997	13089997	harbor1	chr19	12920248	12920450	LTR/ERV1	1074	+	101	12920349	30352
chr19	12889997	13089997	harbor1	chr19	12920730	12920805	LTR/ERV1	1074	+	38	12920768	30771
chr19	12889997	13089997	harbor1	chr19	12920943	12921103	LTR/ERV1	765	+	80	12921023	31026
chr20	63353319	63553319	harbor1	chr20	63379320	63380837	LTR/ERV1	5897	+	758	63380078	26759
chr20	63353319	63553319	harbor1	chr20	63435531	63436008	LTR/ERV1	1440	+	238	63435769	82450
chr20	2740647	2940647	harbor1	chr20	2800876	2801334	LTR/ERV1	2380	+	229	2801105	60458
chr20	2740647	2940647	harbor1	chr20	2801697	2801873	LTR/ERV1	906	+	88	2801785	61138
chr20	2740647	2940647	harbor1	chr20	2802320	2803218	LTR/ERV1	6051	+	449	2802769	62122
chr20	2740647	2940647	harbor1	chr20	2803522	2803609	LTR/ERV1	6051	+	44	2803566	62919
chr20	2740647	2940647	harbor1	chr20	2803790	2804131	LTR/ERV1	2430	+	170	2803960	63313
chr20	2740647	2940647	harbor1	chr20	2804132	2804576	LTR/ERV1	2256	+	222	2804354	63707
chr20	2740647	2940647	harbor1	chr20	2801335	2801724	LTR/ERV1	2445	+	194	2801529	60882
chr20	44866470	45066470	harbor1	chr20	44878837	44879161	LTR/ERV1	1135	+	162	44878999	12529
chr20	44866470	45066470	harbor1	chr20	44879462	44879599	LTR/ERV1	1135	+	68	44879530	13060
chr20	62720222	62920222	harbor1	chr20	62779658	62779787	LTR/ERV1	2726	+	64	62779722	59500
chr20	62720222	62920222	harbor1	chr20	62780090	62780652	LTR/ERV1	2726	+	281	62780371	60149
chr20	62720222	62920222	harbor1	chr20	62781722	62781940	LTR/ERV1	2997	+	109	62781831	61609
chr20	62720222	62920222	harbor1	chr20	62782293	62782618	LTR/ERV1	2997	+	162	62782455	62233
chr20	63596384	63796384	harbor1	chr20	63632205	63632316	LTR/ERV1	573	+	56	63632261	35877
chr20	1018818	1218818	harbor1	chr20	1083409	1083778	LTR/ERV1	1393	+	184	1083593	64775
chr20	1018818	1218818	harbor1	chr20	1106586	1106997	LTR/ERV1	929	+	206	1106792	87974
chr20	2370770	2570770	harbor1	chr20	2389754	2390229	LTR/ERV1	1909	+	238	2389992	19222
chr20	2370770	2570770	harbor1	chr20	2446871	2447300	LTR/ERV1	2857	+	214	2447085	76315
chr20	2370770	2570770	harbor1	chr20	2458444	2458875	LTR/ERV1	1853	+	216	2458660	87890
chr20	63472105	63672105	harbor1	chr20	63525171	63525609	LTR/ERV1	3166	+	219	63525390	53285
chr20	63472105	63672105	harbor1	chr20	63525909	63525953	LTR/ERV1	3166	+	22	63525931	53826
chr20	63472105	63672105	harbor1	chr20	63526236	63526407	LTR/ERV1	3166	+	86	63526322	54217
chr20	63472105	63672105	harbor1	chr20	63527024	63527338	LTR/ERV1	3166	+	157	63527181	55076
chr20	4586429	4786429	harbor1	chr20	4633244	4633788	LTR/ERV1	3052	+	272	4633516	47087
chr20	4586429	4786429	harbor1	chr20	4659776	4660204	LTR/ERV1	3437	+	214	4659990	73561
chr20	4586429	4786429	harbor1	chr20	4661209	4661594	LTR/ERV1	2570	+	192	4661401	74972
chr20	4586429	4786429	harbor1	chr20	4665723	4666438	LTR/ERV1	4385	+	358	4666081	79652
chr20	4586429	4786429	harbor1	chr20	4675852	4676272	LTR/ERV1	2711	+	210	4676062	89633
chr20	63471534	63671534	harbor1	chr20	63525171	63525609	LTR/ERV1	3166	+	219	63525390	53856
chr20	63471534	63671534	harbor1	chr20	63525909	63525953	LTR/ERV1	3166	+	22	63525931	54397
chr20	63471534	63671534	harbor1	chr20	63526236	63526407	LTR/ERV1	3166	+	86	63526322	54788
chr20	63471534	63671534	harbor1	chr20	63527024	63527338	LTR/ERV1	3166	+	157	63527181	55647
chr20	22734563	22934563	harbor1	chr20	22818223	22818721	LTR/ERV1	1861	+	249	22818472	83909
chr20	63362224	63562224	harbor1	chr20	63379320	63380837	LTR/ERV1	5897	+	758	63380078	17854
chr20	63362224	63562224	harbor1	chr20	63435531	63436008	LTR/ERV1	1440	+	238	63435769	73545
chr20	2739816	2939816	harbor1	chr20	2800876	2801334	LTR/ERV1	2380	+	229	2801105	61289
chr20	2739816	2939816	harbor1	chr20	2801697	2801873	LTR/ERV1	906	+	88	2801785	61969
chr20	2739816	2939816	harbor1	chr20	2802320	2803218	LTR/ERV1	6051	+	449	2802769	62953
chr20	2739816	2939816	harbor1	chr20	2803522	2803609	LTR/ERV1	6051	+	44	2803566	63750
chr20	2739816	2939816	harbor1	chr20	2803790	2804131	LTR/ERV1	2430	+	170	2803960	64144
chr20	2739816	2939816	harbor1	chr20	2804132	2804576	LTR/ERV1	2256	+	222	2804354	64538
chr20	2739816	2939816	harbor1	chr20	2801335	2801724	LTR/ERV1	2445	+	194	2801529	61713
chr20	63429646	63629646	harbor1	chr20	63435531	63436008	LTR/ERV1	1440	+	238	63435769	6123
chr20	63429646	63629646	harbor1	chr20	63525171	63525609	LTR/ERV1	3166	+	219	63525390	95744
chr20	63429646	63629646	harbor1	chr20	63525909	63525953	LTR/ERV1	3166	+	22	63525931	96285
chr20	63429646	63629646	harbor1	chr20	63526236	63526407	LTR/ERV1	3166	+	86	63526322	96676
chr20	63429646	63629646	harbor1	chr20	63527024	63527338	LTR/ERV1	3166	+	157	63527181	97535
chr20	49710583	49910583	harbor1	chr20	49760169	49760375	LTR/ERV1	5613	+	103	49760272	49689
chr20	49710583	49910583	harbor1	chr20	49760683	49761060	LTR/ERV1	5613	+	188	49760871	50288
chr20	49710583	49910583	harbor1	chr20	49761363	49761714	LTR/ERV1	5613	+	176	49761539	50956
chr20	2740637	2940637	harbor1	chr20	2800876	2801334	LTR/ERV1	2380	+	229	2801105	60468
chr20	2740637	2940637	harbor1	chr20	2801697	2801873	LTR/ERV1	906	+	88	2801785	61148
chr20	2740637	2940637	harbor1	chr20	2802320	2803218	LTR/ERV1	6051	+	449	2802769	62132
chr20	2740637	2940637	harbor1	chr20	2803522	2803609	LTR/ERV1	6051	+	44	2803566	62929
chr20	2740637	2940637	harbor1	chr20	2803790	2804131	LTR/ERV1	2430	+	170	2803960	63323
chr20	2740637	2940637	harbor1	chr20	2804132	2804576	LTR/ERV1	2256	+	222	2804354	63717
chr20	2740637	2940637	harbor1	chr20	2801335	2801724	LTR/ERV1	2445	+	194	2801529	60892
chr20	57552168	57752168	harbor1	chr20	57628620	57630103	LTR/ERV1	11152	+	742	57629362	77194
chr20	57552168	57752168	harbor1	chr20	57643471	57643970	LTR/ERV1	2587	+	250	57643721	91553
chr20	2740649	2940649	harbor1	chr20	2800876	2801334	LTR/ERV1	2380	+	229	2801105	60456
chr20	2740649	2940649	harbor1	chr20	2801697	2801873	LTR/ERV1	906	+	88	2801785	61136
chr20	2740649	2940649	harbor1	chr20	2802320	2803218	LTR/ERV1	6051	+	449	2802769	62120
chr20	2740649	2940649	harbor1	chr20	2803522	2803609	LTR/ERV1	6051	+	44	2803566	62917
chr20	2740649	2940649	harbor1	chr20	2803790	2804131	LTR/ERV1	2430	+	170	2803960	63311
chr20	2740649	2940649	harbor1	chr20	2804132	2804576	LTR/ERV1	2256	+	222	2804354	63705
chr20	2740649	2940649	harbor1	chr20	2801335	2801724	LTR/ERV1	2445	+	194	2801529	60880
chr20	63420408	63620408	harbor1	chr20	63435531	63436008	LTR/ERV1	1440	+	238	63435769	15361
chr20	43583080	43783080	harbor1	chr20	43657021	43657179	LTR/ERV1	1013	+	79	43657100	74020
chr20	48275448	48475448	harbor1	chr20	48278913	48279478	LTR/ERV1	2398	+	282	48279195	3747
chr20	48275448	48475448	harbor1	chr20	48370172	48370497	LTR/ERV1	964	+	162	48370334	94886
chr20	48275448	48475448	harbor1	chr20	48370498	48370789	LTR/ERV1	700	+	146	48370644	95196
chr20	63452725	63652725	harbor1	chr20	63525171	63525609	LTR/ERV1	3166	+	219	63525390	72665
chr20	63452725	63652725	harbor1	chr20	63525909	63525953	LTR/ERV1	3166	+	22	63525931	73206
chr20	63452725	63652725	harbor1	chr20	63526236	63526407	LTR/ERV1	3166	+	86	63526322	73597
chr20	63452725	63652725	harbor1	chr20	63527024	63527338	LTR/ERV1	3166	+	157	63527181	74456
chr20	2740727	2940727	harbor1	chr20	2800876	2801334	LTR/ERV1	2380	+	229	2801105	60378
chr20	2740727	2940727	harbor1	chr20	2801697	2801873	LTR/ERV1	906	+	88	2801785	61058
chr20	2740727	2940727	harbor1	chr20	2802320	2803218	LTR/ERV1	6051	+	449	2802769	62042
chr20	2740727	2940727	harbor1	chr20	2803522	2803609	LTR/ERV1	6051	+	44	2803566	62839
chr20	2740727	2940727	harbor1	chr20	2803790	2804131	LTR/ERV1	2430	+	170	2803960	63233
chr20	2740727	2940727	harbor1	chr20	2804132	2804576	LTR/ERV1	2256	+	222	2804354	63627
chr20	2740727	2940727	harbor1	chr20	2801335	2801724	LTR/ERV1	2445	+	194	2801529	60802
chr20	63472027	63672027	harbor1	chr20	63525171	63525609	LTR/ERV1	3166	+	219	63525390	53363
chr20	63472027	63672027	harbor1	chr20	63525909	63525953	LTR/ERV1	3166	+	22	63525931	53904
chr20	63472027	63672027	harbor1	chr20	63526236	63526407	LTR/ERV1	3166	+	86	63526322	54295
chr20	63472027	63672027	harbor1	chr20	63527024	63527338	LTR/ERV1	3166	+	157	63527181	55154
chr20	4071169	4271169	harbor1	chr20	4143661	4143941	LTR/ERV1	1684	+	140	4143801	72632
chr20	59839798	60039798	harbor1	chr20	59923953	59924461	LTR/ERV1	2799	+	254	59924207	84409
chr20	43408519	43608519	harbor1	chr20	43430374	43430707	LTR/ERV1	1890	+	166	43430540	22021
chr20	43408519	43608519	harbor1	chr20	43438606	43439062	LTR/ERV1	2505	+	228	43438834	30315
chr20	43408519	43608519	harbor1	chr20	43444170	43444432	LTR/ERV1	2304	+	131	43444301	35782
chr20	43408519	43608519	harbor1	chr20	43444732	43444936	LTR/ERV1	2304	+	102	43444834	36315
chr20	43408519	43608519	harbor1	chr20	43456239	43456507	LTR/ERV1	1973	+	134	43456373	47854
chr20	43408519	43608519	harbor1	chr20	43491009	43491412	LTR/ERV1	1501	+	202	43491211	82692
chr20	43408519	43608519	harbor1	chr20	43492010	43492048	LTR/ERV1	1501	+	19	43492029	83510
chr20	43408519	43608519	harbor1	chr20	43492076	43492466	LTR/ERV1	1747	+	195	43492271	83752
chr20	43408519	43608519	harbor1	chr20	43504562	43505326	LTR/ERV1	5102	+	382	43504944	96425
chr20	5027110	5227110	harbor1	chr20	5073719	5073824	LTR/ERV1	2737	+	52	5073771	46661
chr20	5027110	5227110	harbor1	chr20	5074225	5074656	LTR/ERV1	2737	+	216	5074441	47331
chr20	63471568	63671568	harbor1	chr20	63525171	63525609	LTR/ERV1	3166	+	219	63525390	53822
chr20	63471568	63671568	harbor1	chr20	63525909	63525953	LTR/ERV1	3166	+	22	63525931	54363
chr20	63471568	63671568	harbor1	chr20	63526236	63526407	LTR/ERV1	3166	+	86	63526322	54754
chr20	63471568	63671568	harbor1	chr20	63527024	63527338	LTR/ERV1	3166	+	157	63527181	55613
chr20	63468216	63668216	harbor1	chr20	63525171	63525609	LTR/ERV1	3166	+	219	63525390	57174
chr20	63468216	63668216	harbor1	chr20	63525909	63525953	LTR/ERV1	3166	+	22	63525931	57715
chr20	63468216	63668216	harbor1	chr20	63526236	63526407	LTR/ERV1	3166	+	86	63526322	58106
chr20	63468216	63668216	harbor1	chr20	63527024	63527338	LTR/ERV1	3166	+	157	63527181	58965
chr20	2740635	2940635	harbor1	chr20	2800876	2801334	LTR/ERV1	2380	+	229	2801105	60470
chr20	2740635	2940635	harbor1	chr20	2801697	2801873	LTR/ERV1	906	+	88	2801785	61150
chr20	2740635	2940635	harbor1	chr20	2802320	2803218	LTR/ERV1	6051	+	449	2802769	62134
chr20	2740635	2940635	harbor1	chr20	2803522	2803609	LTR/ERV1	6051	+	44	2803566	62931
chr20	2740635	2940635	harbor1	chr20	2803790	2804131	LTR/ERV1	2430	+	170	2803960	63325
chr20	2740635	2940635	harbor1	chr20	2804132	2804576	LTR/ERV1	2256	+	222	2804354	63719
chr20	2740635	2940635	harbor1	chr20	2801335	2801724	LTR/ERV1	2445	+	194	2801529	60894
chr20	1018817	1218817	harbor1	chr20	1083409	1083778	LTR/ERV1	1393	+	184	1083593	64776
chr20	1018817	1218817	harbor1	chr20	1106586	1106997	LTR/ERV1	929	+	206	1106792	87975
chr20	37933379	38133379	harbor1	chr20	37952889	37953085	LTR/ERV1	1331	+	98	37952987	19608
chr20	37933379	38133379	harbor1	chr20	37953395	37953463	LTR/ERV1	1331	+	34	37953429	20050
chr20	37933379	38133379	harbor1	chr20	37953873	37953954	LTR/ERV1	1956	+	40	37953913	20534
chr20	37933379	38133379	harbor1	chr20	37954241	37954495	LTR/ERV1	1956	+	127	37954368	20989
chr20	37933379	38133379	harbor1	chr20	37971497	37971599	LTR/ERV1	772	+	51	37971548	38169
chr20	59833005	60033005	harbor1	chr20	59923953	59924461	LTR/ERV1	2799	+	254	59924207	91202
chr20	61966280	62166280	harbor1	chr20	62041971	62042694	LTR/ERV1	4730	+	362	62042333	76053
chr21	29198953	29398953	harbor1	chr21	29199070	29199700	LTR/ERV1	4223	+	315	29199385	432
chr21	29198953	29398953	harbor1	chr21	29233053	29233481	LTR/ERV1	2817	+	214	29233267	34314
chr21	29198953	29398953	harbor1	chr21	29233905	29234110	LTR/ERV1	1066	+	102	29234007	35054
chr21	29198953	29398953	harbor1	chr21	29234901	29235324	LTR/ERV1	2241	+	212	29235113	36160
chr21	29198953	29398953	harbor1	chr21	29295194	29295702	LTR/ERV1	2334	+	254	29295448	96495
chr21	44576686	44776686	harbor1	chr21	44593473	44594082	LTR/ERV1	4048	+	304	44593777	17091
chr21	44576686	44776686	harbor1	chr21	44594083	44594559	LTR/ERV1	2016	+	238	44594321	17635
chr21	44576686	44776686	harbor1	chr21	44594560	44594822	LTR/ERV1	4048	+	131	44594691	18005
chr21	44576686	44776686	harbor1	chr21	44598000	44598507	LTR/ERV1	2070	+	254	44598254	21568
chr21	44576686	44776686	harbor1	chr21	44652705	44652832	LTR/ERV1	471	+	64	44652769	76083
chr21	44576686	44776686	harbor1	chr21	44653176	44653408	LTR/ERV1	1161	+	116	44653292	76606
chr21	44576686	44776686	harbor1	chr21	44653412	44653534	LTR/ERV1	561	+	61	44653473	76787
chr21	5028567	5228567	harbor1	chr21	5045353	5045780	LTR/ERV1	2033	+	214	5045567	17000
chr21	5028567	5228567	harbor1	chr21	5046500	5046678	LTR/ERV1	1147	+	89	5046589	18022
chr21	5028567	5228567	harbor1	chr21	5046989	5047072	LTR/ERV1	1147	+	42	5047031	18464
chr21	5028567	5228567	harbor1	chr21	5047081	5047601	LTR/ERV1	2829	+	260	5047341	18774
chr21	5028567	5228567	harbor1	chr21	5047900	5048056	LTR/ERV1	2829	+	78	5047978	19411
chr21	5028567	5228567	harbor1	chr21	5059778	5060214	LTR/ERV1	1221	+	218	5059996	31429
chr21	5028567	5228567	harbor1	chr21	5061678	5061796	LTR/ERV1	1674	+	59	5061737	33170
chr21	5028567	5228567	harbor1	chr21	5062099	5062288	LTR/ERV1	1674	+	94	5062193	33626
chr21	5028567	5228567	harbor1	chr21	5063067	5063384	LTR/ERV1	1429	+	158	5063225	34658
chr21	5028567	5228567	harbor1	chr21	5068689	5069009	LTR/ERV1	944	+	160	5068849	40282
chr21	5028567	5228567	harbor1	chr21	5069309	5069495	LTR/ERV1	944	+	93	5069402	40835
chr21	5028567	5228567	harbor1	chr21	5089281	5089909	LTR/ERV1	4134	+	314	5089595	61028
chr21	5028567	5228567	harbor1	chr21	5062430	5062793	LTR/ERV1	1674	+	182	5062612	34045
chr21	33070300	33270300	harbor1	chr21	33129079	33129245	LTR/ERV1	466	+	83	33129162	58862
chr21	41771682	41971682	harbor1	chr21	41795916	41796524	LTR/ERV1	4509	+	304	41796220	24538
chr21	41771682	41971682	harbor1	chr21	41779183	41779773	LTR/ERV1	2990	+	295	41779478	7796
chr21	29199129	29399129	harbor1	chr21	29199070	29199700	LTR/ERV1	4223	+	315	29199385	256
chr21	29199129	29399129	harbor1	chr21	29233053	29233481	LTR/ERV1	2817	+	214	29233267	34138
chr21	29199129	29399129	harbor1	chr21	29233905	29234110	LTR/ERV1	1066	+	102	29234007	34878
chr21	29199129	29399129	harbor1	chr21	29234901	29235324	LTR/ERV1	2241	+	212	29235113	35984
chr21	29199129	29399129	harbor1	chr21	29295194	29295702	LTR/ERV1	2334	+	254	29295448	96319
chr21	29198948	29398948	harbor1	chr21	29199070	29199700	LTR/ERV1	4223	+	315	29199385	437
chr21	29198948	29398948	harbor1	chr21	29233053	29233481	LTR/ERV1	2817	+	214	29233267	34319
chr21	29198948	29398948	harbor1	chr21	29233905	29234110	LTR/ERV1	1066	+	102	29234007	35059
chr21	29198948	29398948	harbor1	chr21	29234901	29235324	LTR/ERV1	2241	+	212	29235113	36165
chr21	29198948	29398948	harbor1	chr21	29295194	29295702	LTR/ERV1	2334	+	254	29295448	96500
chr21	39008447	39208447	harbor1	chr21	39047462	39047561	LTR/ERV1	479	+	50	39047512	39065
chr21	39008447	39208447	harbor1	chr21	39047876	39048136	LTR/ERV1	479	+	130	39048006	39559
chr21	39008447	39208447	harbor1	chr21	39102224	39102458	LTR/ERV1	2930	+	117	39102341	93894
chr21	39008447	39208447	harbor1	chr21	39102750	39103293	LTR/ERV1	2930	+	272	39103022	94575
chr21	42275771	42475771	harbor1	chr21	42329333	42329773	LTR/ERV1	3125	+	220	42329553	53782
chr21	42275771	42475771	harbor1	chr21	42358965	42359401	LTR/ERV1	2320	+	218	42359183	83412
chr21	42275771	42475771	harbor1	chr21	42359747	42359763	LTR/ERV1	2320	+	8	42359755	83984
chr21	5008533	5208533	harbor1	chr21	5045353	5045780	LTR/ERV1	2033	+	214	5045567	37034
chr21	5008533	5208533	harbor1	chr21	5046500	5046678	LTR/ERV1	1147	+	89	5046589	38056
chr21	5008533	5208533	harbor1	chr21	5046989	5047072	LTR/ERV1	1147	+	42	5047031	38498
chr21	5008533	5208533	harbor1	chr21	5047081	5047601	LTR/ERV1	2829	+	260	5047341	38808
chr21	5008533	5208533	harbor1	chr21	5047900	5048056	LTR/ERV1	2829	+	78	5047978	39445
chr21	5008533	5208533	harbor1	chr21	5059778	5060214	LTR/ERV1	1221	+	218	5059996	51463
chr21	5008533	5208533	harbor1	chr21	5061678	5061796	LTR/ERV1	1674	+	59	5061737	53204
chr21	5008533	5208533	harbor1	chr21	5062099	5062288	LTR/ERV1	1674	+	94	5062193	53660
chr21	5008533	5208533	harbor1	chr21	5063067	5063384	LTR/ERV1	1429	+	158	5063225	54692
chr21	5008533	5208533	harbor1	chr21	5068689	5069009	LTR/ERV1	944	+	160	5068849	60316
chr21	5008533	5208533	harbor1	chr21	5069309	5069495	LTR/ERV1	944	+	93	5069402	60869
chr21	5008533	5208533	harbor1	chr21	5089281	5089909	LTR/ERV1	4134	+	314	5089595	81062
chr21	5008533	5208533	harbor1	chr21	5062430	5062793	LTR/ERV1	1674	+	182	5062612	54079
chr21	46031163	46231163	harbor1	chr21	46061367	46062079	LTR/ERV1	3895	+	356	46061723	30560
chr21	46031163	46231163	harbor1	chr21	46107240	46108009	LTR/ERV1	5996	+	384	46107624	76461
chr21	29199041	29399041	harbor1	chr21	29199070	29199700	LTR/ERV1	4223	+	315	29199385	344
chr21	29199041	29399041	harbor1	chr21	29233053	29233481	LTR/ERV1	2817	+	214	29233267	34226
chr21	29199041	29399041	harbor1	chr21	29233905	29234110	LTR/ERV1	1066	+	102	29234007	34966
chr21	29199041	29399041	harbor1	chr21	29234901	29235324	LTR/ERV1	2241	+	212	29235113	36072
chr21	29199041	29399041	harbor1	chr21	29295194	29295702	LTR/ERV1	2334	+	254	29295448	96407
chr21	44239294	44439294	harbor1	chr21	44249292	44250006	LTR/ERV1	2886	+	357	44249649	10355
chr21	44239294	44439294	harbor1	chr21	44251942	44252066	LTR/ERV1	494	+	62	44252004	12710
chr21	44239294	44439294	harbor1	chr21	44252098	44252283	LTR/ERV1	1253	+	92	44252190	12896
chr21	44239294	44439294	harbor1	chr21	44252542	44252604	LTR/ERV1	1253	+	31	44252573	13279
chr21	44239294	44439294	harbor1	chr21	44252934	44253063	LTR/ERV1	1253	+	64	44252998	13704
chr21	44239294	44439294	harbor1	chr21	44267825	44268051	LTR/ERV1	568	+	113	44267938	28644
chr21	46154518	46354518	harbor1	chr21	46162453	46162590	LTR/ERV1	433	+	68	46162521	8003
chr21	46154518	46354518	harbor1	chr21	46162887	46162918	LTR/ERV1	433	+	16	46162903	8385
chr21	46154518	46354518	harbor1	chr21	46165220	46165557	LTR/ERV1	1141	+	168	46165388	10870
chr21	46154518	46354518	harbor1	chr21	46165696	46165864	LTR/ERV1	894	+	84	46165780	11262
chr21	39008502	39208502	harbor1	chr21	39047462	39047561	LTR/ERV1	479	+	50	39047512	39010
chr21	39008502	39208502	harbor1	chr21	39047876	39048136	LTR/ERV1	479	+	130	39048006	39504
chr21	39008502	39208502	harbor1	chr21	39102224	39102458	LTR/ERV1	2930	+	117	39102341	93839
chr21	39008502	39208502	harbor1	chr21	39102750	39103293	LTR/ERV1	2930	+	272	39103022	94520
chr21	44410604	44610604	harbor1	chr21	44471201	44471981	LTR/ERV1	5514	+	390	44471591	60987
chr21	44410604	44610604	harbor1	chr21	44475207	44475796	LTR/ERV1	3440	+	294	44475501	64897
chr21	44410604	44610604	harbor1	chr21	44475873	44476116	LTR/ERV1	5095	+	122	44475995	65391
chr21	44410604	44610604	harbor1	chr21	44476461	44477031	LTR/ERV1	5095	+	285	44476746	66142
chr21	44410604	44610604	harbor1	chr21	44477078	44477482	LTR/ERV1	2406	+	202	44477280	66676
chr21	44410604	44610604	harbor1	chr21	44477477	44477617	LTR/ERV1	754	+	70	44477547	66943
chr21	44410604	44610604	harbor1	chr21	44483327	44483453	LTR/ERV1	4289	+	63	44483390	72786
chr21	44410604	44610604	harbor1	chr21	44485340	44486157	LTR/ERV1	4857	+	408	44485748	75144
chr21	44410604	44610604	harbor1	chr21	44486257	44486763	LTR/ERV1	2935	+	253	44486510	75906
chr21	44410604	44610604	harbor1	chr21	44487936	44490230	LTR/ERV1	15851	+	1147	44489083	78479
chr21	44410604	44610604	harbor1	chr21	44490231	44491111	LTR/ERV1	5043	+	440	44490671	80067
chr21	44410604	44610604	harbor1	chr21	44492510	44493069	LTR/ERV1	3402	+	280	44492790	82186
chr21	44410604	44610604	harbor1	chr21	44493648	44494091	LTR/ERV1	992	+	222	44493870	83266
chr21	44410604	44610604	harbor1	chr21	44496860	44497012	LTR/ERV1	454	+	76	44496936	86332
chr21	44410604	44610604	harbor1	chr21	44497239	44497628	LTR/ERV1	1340	+	194	44497433	86829
chr21	44410604	44610604	harbor1	chr21	44482550	44483021	LTR/ERV1	4289	+	236	44482786	72182
chr21	42275718	42475718	harbor1	chr21	42329333	42329773	LTR/ERV1	3125	+	220	42329553	53835
chr21	42275718	42475718	harbor1	chr21	42358965	42359401	LTR/ERV1	2320	+	218	42359183	83465
chr21	42275718	42475718	harbor1	chr21	42359747	42359763	LTR/ERV1	2320	+	8	42359755	84037
chr21	29199063	29399063	harbor1	chr21	29199070	29199700	LTR/ERV1	4223	+	315	29199385	322
chr21	29199063	29399063	harbor1	chr21	29233053	29233481	LTR/ERV1	2817	+	214	29233267	34204
chr21	29199063	29399063	harbor1	chr21	29233905	29234110	LTR/ERV1	1066	+	102	29234007	34944
chr21	29199063	29399063	harbor1	chr21	29234901	29235324	LTR/ERV1	2241	+	212	29235113	36050
chr21	29199063	29399063	harbor1	chr21	29295194	29295702	LTR/ERV1	2334	+	254	29295448	96385
chr21	29198984	29398984	harbor1	chr21	29199070	29199700	LTR/ERV1	4223	+	315	29199385	401
chr21	29198984	29398984	harbor1	chr21	29233053	29233481	LTR/ERV1	2817	+	214	29233267	34283
chr21	29198984	29398984	harbor1	chr21	29233905	29234110	LTR/ERV1	1066	+	102	29234007	35023
chr21	29198984	29398984	harbor1	chr21	29234901	29235324	LTR/ERV1	2241	+	212	29235113	36129
chr21	29198984	29398984	harbor1	chr21	29295194	29295702	LTR/ERV1	2334	+	254	29295448	96464
chr21	39008480	39208480	harbor1	chr21	39047462	39047561	LTR/ERV1	479	+	50	39047512	39032
chr21	39008480	39208480	harbor1	chr21	39047876	39048136	LTR/ERV1	479	+	130	39048006	39526
chr21	39008480	39208480	harbor1	chr21	39102224	39102458	LTR/ERV1	2930	+	117	39102341	93861
chr21	39008480	39208480	harbor1	chr21	39102750	39103293	LTR/ERV1	2930	+	272	39103022	94542
chr21	46536367	46736367	harbor1	chr21	46585274	46585359	LTR/ERV1	433	+	42	46585316	48949
chr21	46536367	46736367	harbor1	chr21	46593747	46594010	LTR/ERV1	3044	+	132	46593879	57512
chr21	46536367	46736367	harbor1	chr21	46594303	46594662	LTR/ERV1	3044	+	180	46594483	58116
chr21	14173498	14373498	harbor1	chr21	14261291	14261617	LTR/ERV1	1550	+	163	14261454	87956
chr21	14173498	14373498	harbor1	chr21	14263877	14264460	LTR/ERV1	933	+	292	14264169	90671
chr21	42467105	42667105	harbor1	chr21	42497881	42498211	LTR/ERV1	1909	+	165	42498046	30941
chr21	42467105	42667105	harbor1	chr21	42498190	42498647	LTR/ERV1	2472	+	228	42498418	31313
chr21	46082706	46282706	harbor1	chr21	46107240	46108009	LTR/ERV1	5996	+	384	46107624	24918
chr21	46082706	46282706	harbor1	chr21	46162453	46162590	LTR/ERV1	433	+	68	46162521	79815
chr21	46082706	46282706	harbor1	chr21	46162887	46162918	LTR/ERV1	433	+	16	46162903	80197
chr21	46082706	46282706	harbor1	chr21	46165220	46165557	LTR/ERV1	1141	+	168	46165388	82682
chr21	46082706	46282706	harbor1	chr21	46165696	46165864	LTR/ERV1	894	+	84	46165780	83074
chr21	15625713	15825713	harbor1	chr21	15638601	15639147	LTR/ERV1	3209	+	273	15638874	13161
chr21	15625713	15825713	harbor1	chr21	15660521	15660919	LTR/ERV1	1801	+	199	15660720	35007
chr21	15625713	15825713	harbor1	chr21	15724286	15724885	LTR/ERV1	2013	+	300	15724586	98873
chr21	33379496	33579496	harbor1	chr21	33379750	33380116	LTR/ERV1	1871	+	183	33379933	437
chr21	33379496	33579496	harbor1	chr21	33380421	33380603	LTR/ERV1	1871	+	91	33380512	1016
chr21	33379496	33579496	harbor1	chr21	33400939	33401317	LTR/ERV1	2603	+	189	33401128	21632
chr21	33379496	33579496	harbor1	chr21	33401650	33401820	LTR/ERV1	2603	+	85	33401735	22239
chr21	33379496	33579496	harbor1	chr21	33457784	33458144	LTR/ERV1	1506	+	180	33457964	78468
chr21	44215681	44415681	harbor1	chr21	44217164	44217839	LTR/ERV1	3667	+	338	44217502	1821
chr21	44215681	44415681	harbor1	chr21	44249292	44250006	LTR/ERV1	2886	+	357	44249649	33968
chr21	44215681	44415681	harbor1	chr21	44251942	44252066	LTR/ERV1	494	+	62	44252004	36323
chr21	44215681	44415681	harbor1	chr21	44252098	44252283	LTR/ERV1	1253	+	92	44252190	36509
chr21	44215681	44415681	harbor1	chr21	44252542	44252604	LTR/ERV1	1253	+	31	44252573	36892
chr21	44215681	44415681	harbor1	chr21	44252934	44253063	LTR/ERV1	1253	+	64	44252998	37317
chr21	44215681	44415681	harbor1	chr21	44267825	44268051	LTR/ERV1	568	+	113	44267938	52257
chr22	19075025	19275025	harbor1	chr22	19159945	19160673	LTR/ERV1	3765	+	364	19160309	85284
chr22	19075025	19275025	harbor1	chr22	19161192	19161337	LTR/ERV1	811	+	72	19161264	86239
chr22	19075025	19275025	harbor1	chr22	19161646	19161689	LTR/ERV1	811	+	22	19161668	86643
chr22	42772450	42972450	harbor1	chr22	42774422	42775417	LTR/ERV1	2942	+	498	42774920	2470
chr22	46476611	46676611	harbor1	chr22	46571333	46571941	LTR/ERV1	4103	+	304	46571637	95026
chr22	50579676	50779676	harbor1	chr22	50629174	50629747	LTR/ERV1	3385	+	286	50629460	49784
chr22	50579676	50779676	harbor1	chr22	50629748	50630240	LTR/ERV1	5558	+	246	50629994	50318
chr22	50579676	50779676	harbor1	chr22	50630681	50630839	LTR/ERV1	5558	+	79	50630760	51084
chr22	50579676	50779676	harbor1	chr22	50631939	50632669	LTR/ERV1	5558	+	365	50632304	52628
chr22	50579676	50779676	harbor1	chr22	50633139	50634597	LTR/ERV1	8828	+	729	50633868	54192
chr22	50579676	50779676	harbor1	chr22	50634716	50635080	LTR/ERV1	3623	+	182	50634898	55222
chr22	50579676	50779676	harbor1	chr22	50635371	50635671	LTR/ERV1	3623	+	150	50635521	55845
chr22	50579676	50779676	harbor1	chr22	50635842	50635941	LTR/ERV1	1820	+	50	50635892	56216
chr22	50579676	50779676	harbor1	chr22	50636309	50636899	LTR/ERV1	1960	+	295	50636604	56928
chr22	50579676	50779676	harbor1	chr22	50637194	50637231	LTR/ERV1	1960	+	18	50637212	57536
chr22	50579676	50779676	harbor1	chr22	50637363	50637580	LTR/ERV1	1117	+	108	50637471	57795
chr22	50579676	50779676	harbor1	chr22	50637907	50638201	LTR/ERV1	1640	+	147	50638054	58378
chr22	50579676	50779676	harbor1	chr22	50638435	50639031	LTR/ERV1	3894	+	298	50638733	59057
chr22	50579676	50779676	harbor1	chr22	50639312	50639466	LTR/ERV1	3894	+	77	50639389	59713
chr22	50579676	50779676	harbor1	chr22	50639467	50639507	LTR/ERV1	3415	+	20	50639487	59811
chr22	50579676	50779676	harbor1	chr22	50639810	50640345	LTR/ERV1	3415	+	268	50640078	60402
chr22	50579676	50779676	harbor1	chr22	50643141	50643234	LTR/ERV1	542	+	46	50643187	63511
chr22	50579676	50779676	harbor1	chr22	50644614	50644917	LTR/ERV1	1471	+	152	50644766	65090
chr22	50579676	50779676	harbor1	chr22	50645106	50645497	LTR/ERV1	2617	+	196	50645302	65626
chr22	50579676	50779676	harbor1	chr22	50645501	50645910	LTR/ERV1	2649	+	204	50645705	66029
chr22	50579676	50779676	harbor1	chr22	50646180	50646302	LTR/ERV1	972	+	61	50646241	66565
chr22	50579676	50779676	harbor1	chr22	50646610	50646851	LTR/ERV1	972	+	120	50646730	67054
chr22	50579676	50779676	harbor1	chr22	50646848	50647018	LTR/ERV1	1054	+	85	50646933	67257
chr22	50579676	50779676	harbor1	chr22	50647143	50647218	LTR/ERV1	1982	+	38	50647181	67505
chr22	50579676	50779676	harbor1	chr22	50647531	50647881	LTR/ERV1	1982	+	175	50647706	68030
chr22	50579676	50779676	harbor1	chr22	50648121	50648256	LTR/ERV1	3859	+	68	50648189	68513
chr22	50579676	50779676	harbor1	chr22	50648547	50649038	LTR/ERV1	3859	+	246	50648793	69117
chr22	50579676	50779676	harbor1	chr22	50649332	50649625	LTR/ERV1	3859	+	146	50649478	69802
chr22	50579676	50779676	harbor1	chr22	50649625	50650658	LTR/ERV1	5709	+	516	50650141	70465
chr22	50579676	50779676	harbor1	chr22	50650878	50650906	LTR/ERV1	4960	+	14	50650892	71216
chr22	50579676	50779676	harbor1	chr22	50651222	50651508	LTR/ERV1	4960	+	143	50651365	71689
chr22	50579676	50779676	harbor1	chr22	50651812	50651969	LTR/ERV1	4960	+	78	50651890	72214
chr22	50579676	50779676	harbor1	chr22	50652280	50652675	LTR/ERV1	4960	+	198	50652478	72802
chr22	50579676	50779676	harbor1	chr22	50652686	50653154	LTR/ERV1	3568	+	234	50652920	73244
chr22	43896078	44096078	harbor1	chr22	43912569	43913051	LTR/ERV1	3378	+	241	43912810	16732
chr22	26575728	26775728	harbor1	chr22	26653443	26653768	LTR/ERV1	2971	+	162	26653605	77877
chr22	26575728	26775728	harbor1	chr22	26654033	26654242	LTR/ERV1	2971	+	104	26654137	78409
chr22	50054112	50254112	harbor1	chr22	50055820	50056080	LTR/ERV1	1818	+	130	50055950	1838
chr22	50054112	50254112	harbor1	chr22	50074672	50075098	LTR/ERV1	1948	+	213	50074885	20773
chr22	42989526	43189526	harbor1	chr22	42998657	42999320	LTR/ERV1	3580	+	332	42998989	9463
chr22	32075946	32275946	harbor1	chr22	32117764	32118227	LTR/ERV1	1896	+	232	32117996	42050
chr22	32075946	32275946	harbor1	chr22	32126246	32126518	LTR/ERV1	1579	+	136	32126382	50436
chr22	32075946	32275946	harbor1	chr22	32126526	32126672	LTR/ERV1	628	+	73	32126599	50653
chr22	32075946	32275946	harbor1	chr22	32126980	32127006	LTR/ERV1	628	+	13	32126993	51047
chr22	32075946	32275946	harbor1	chr22	32127013	32127492	LTR/ERV1	2641	+	240	32127253	51307
chr22	32075946	32275946	harbor1	chr22	32127535	32127919	LTR/ERV1	1238	+	192	32127727	51781
chr22	32075946	32275946	harbor1	chr22	32127926	32127994	LTR/ERV1	533	+	34	32127960	52014
chr22	32075946	32275946	harbor1	chr22	32137454	32137666	LTR/ERV1	1459	+	106	32137560	61614
chr22	32075946	32275946	harbor1	chr22	32137667	32138166	LTR/ERV1	2556	+	250	32137917	61971
chr22	32075946	32275946	harbor1	chr22	32138160	32138244	LTR/ERV1	691	+	42	32138202	62256
chr22	32075946	32275946	harbor1	chr22	32138273	32138354	LTR/ERV1	691	+	40	32138313	62367
chr22	32075946	32275946	harbor1	chr22	32138351	32139805	LTR/ERV1	12452	+	727	32139078	63132
chr22	32075946	32275946	harbor1	chr22	32140316	32140576	LTR/ERV1	12452	+	130	32140446	64500
chr22	50406303	50606303	harbor1	chr22	50486061	50486466	LTR/ERV1	1102	+	202	50486263	79960
chr22	36675743	36875743	harbor1	chr22	36759282	36759504	LTR/ERV1	608	+	111	36759393	83650
chr22	22997061	23197061	harbor1	chr22	23009073	23009729	LTR/ERV1	4787	+	328	23009401	12340
chr22	22997061	23197061	harbor1	chr22	23012401	23012729	LTR/ERV1	2278	+	164	23012565	15504
chr22	22997061	23197061	harbor1	chr22	23023446	23023655	LTR/ERV1	5447	+	104	23023550	26489
chr22	22997061	23197061	harbor1	chr22	23023956	23024639	LTR/ERV1	5447	+	342	23024298	27237
chr22	22997061	23197061	harbor1	chr22	23024719	23025085	LTR/ERV1	10727	+	183	23024902	27841
chr22	22997061	23197061	harbor1	chr22	23025397	23025745	LTR/ERV1	10727	+	174	23025571	28510
chr22	22997061	23197061	harbor1	chr22	23026020	23026083	LTR/ERV1	10727	+	32	23026052	28991
chr22	22997061	23197061	harbor1	chr22	23029152	23029348	LTR/ERV1	10727	+	98	23029250	32189
chr22	22997061	23197061	harbor1	chr22	23029822	23030104	LTR/ERV1	1683	+	141	23029963	32902
chr22	22997061	23197061	harbor1	chr22	23030091	23030841	LTR/ERV1	4057	+	375	23030466	33405
chr22	22997061	23197061	harbor1	chr22	23031449	23031666	LTR/ERV1	1315	+	108	23031557	34496
chr22	22997061	23197061	harbor1	chr22	23031671	23032525	LTR/ERV1	5662	+	427	23032098	35037
chr22	22997061	23197061	harbor1	chr22	23035017	23035710	LTR/ERV1	4831	+	346	23035363	38302
chr22	22997061	23197061	harbor1	chr22	23002659	23003348	LTR/ERV1	4528	+	344	23003003	5942
chr22	49664026	49864026	harbor1	chr22	49746852	49747408	LTR/ERV1	2973	+	278	49747130	83104
chr22	49664026	49864026	harbor1	chr22	49755416	49755689	LTR/ERV1	1351	+	136	49755552	91526
chr22	49664026	49864026	harbor1	chr22	49755757	49756238	LTR/ERV1	2145	+	240	49755997	91971
chr22	49664089	49864089	harbor1	chr22	49746852	49747408	LTR/ERV1	2973	+	278	49747130	83041
chr22	49664089	49864089	harbor1	chr22	49755416	49755689	LTR/ERV1	1351	+	136	49755552	91463
chr22	49664089	49864089	harbor1	chr22	49755757	49756238	LTR/ERV1	2145	+	240	49755997	91908
chr22	38768951	38968951	harbor1	chr22	38772018	38772568	LTR/ERV1	4440	+	275	38772293	3342
chr22	38768951	38968951	harbor1	chr22	38794937	38795533	LTR/ERV1	2445	+	298	38795235	26284
chr22	38768951	38968951	harbor1	chr22	38795966	38796106	LTR/ERV1	986	+	70	38796036	27085
chr22	44201115	44401115	harbor1	chr22	44259811	44260322	LTR/ERV1	1094	+	256	44260067	58952
chr22	19804136	20004136	harbor1	chr22	19808981	19809756	LTR/ERV1	4545	+	388	19809369	5233
chr22	42989515	43189515	harbor1	chr22	42998657	42999320	LTR/ERV1	3580	+	332	42998989	9474
chr22	23366695	23566695	harbor1	chr22	23367193	23367836	LTR/ERV1	1965	+	322	23367515	820
chr22	23366695	23566695	harbor1	chr22	23378266	23378541	LTR/ERV1	1842	+	138	23378404	11709
chr22	23366695	23566695	harbor1	chr22	23439750	23439983	LTR/ERV1	4447	+	116	23439866	73171
chr22	23366695	23566695	harbor1	chr22	23440281	23440694	LTR/ERV1	4447	+	206	23440487	73792
chr22	42989521	43189521	harbor1	chr22	42998657	42999320	LTR/ERV1	3580	+	332	42998989	9468
chr22	23017696	23217696	harbor1	chr22	23023446	23023655	LTR/ERV1	5447	+	104	23023550	5854
chr22	23017696	23217696	harbor1	chr22	23023956	23024639	LTR/ERV1	5447	+	342	23024298	6602
chr22	23017696	23217696	harbor1	chr22	23024719	23025085	LTR/ERV1	10727	+	183	23024902	7206
chr22	23017696	23217696	harbor1	chr22	23025397	23025745	LTR/ERV1	10727	+	174	23025571	7875
chr22	23017696	23217696	harbor1	chr22	23026020	23026083	LTR/ERV1	10727	+	32	23026052	8356
chr22	23017696	23217696	harbor1	chr22	23029152	23029348	LTR/ERV1	10727	+	98	23029250	11554
chr22	23017696	23217696	harbor1	chr22	23029822	23030104	LTR/ERV1	1683	+	141	23029963	12267
chr22	23017696	23217696	harbor1	chr22	23030091	23030841	LTR/ERV1	4057	+	375	23030466	12770
chr22	23017696	23217696	harbor1	chr22	23031449	23031666	LTR/ERV1	1315	+	108	23031557	13861
chr22	23017696	23217696	harbor1	chr22	23031671	23032525	LTR/ERV1	5662	+	427	23032098	14402
chr22	23017696	23217696	harbor1	chr22	23035017	23035710	LTR/ERV1	4831	+	346	23035363	17667
chr22	36186442	36386442	harbor1	chr22	36192916	36193369	LTR/ERV1	1212	+	226	36193142	6700
chr22	36186442	36386442	harbor1	chr22	36197713	36198274	LTR/ERV1	1570	+	280	36197993	11551
chr22	36186442	36386442	harbor1	chr22	36198275	36198495	LTR/ERV1	408	+	110	36198385	11943
chr22	36186442	36386442	harbor1	chr22	36210903	36211461	LTR/ERV1	2473	+	279	36211182	24740
chr22	36186442	36386442	harbor1	chr22	36215160	36215777	LTR/ERV1	1740	+	308	36215468	29026
chr22	36186442	36386442	harbor1	chr22	36215797	36215947	LTR/ERV1	532	+	75	36215872	29430
chr22	36186442	36386442	harbor1	chr22	36216030	36216282	LTR/ERV1	1021	+	126	36216156	29714
chr22	36186442	36386442	harbor1	chr22	36216813	36217510	LTR/ERV1	1570	+	348	36217161	30719
chr22	36186442	36386442	harbor1	chr22	36217578	36218035	LTR/ERV1	2568	+	228	36217806	31364
chr22	36186442	36386442	harbor1	chr22	36218979	36219103	LTR/ERV1	636	+	62	36219041	32599
chr22	36186442	36386442	harbor1	chr22	36219123	36219300	LTR/ERV1	671	+	88	36219211	32769
chr22	36186442	36386442	harbor1	chr22	36219610	36219628	LTR/ERV1	572	+	9	36219619	33177
chr22	36186442	36386442	harbor1	chr22	36219738	36220384	LTR/ERV1	3667	+	323	36220061	33619
chr22	36186442	36386442	harbor1	chr22	36220974	36221678	LTR/ERV1	3667	+	352	36221326	34884
chr22	36186442	36386442	harbor1	chr22	36228975	36229427	LTR/ERV1	1044	+	226	36229201	42759
chr22	36186442	36386442	harbor1	chr22	36231845	36232073	LTR/ERV1	619	+	114	36231959	45517
chr22	36186442	36386442	harbor1	chr22	36232074	36232294	LTR/ERV1	408	+	110	36232184	45742
chr22	36186442	36386442	harbor1	chr22	36247481	36248215	LTR/ERV1	1156	+	367	36247848	61406
chr22	36186442	36386442	harbor1	chr22	36248802	36250226	LTR/ERV1	5772	+	712	36249514	63072
chr22	36186442	36386442	harbor1	chr22	36250236	36250718	LTR/ERV1	3997	+	241	36250477	64035
chr22	36186442	36386442	harbor1	chr22	36251116	36251785	LTR/ERV1	2699	+	334	36251450	65008
chr22	36186442	36386442	harbor1	chr22	36276775	36277017	LTR/ERV1	1024	+	121	36276896	90454
chr22	36186442	36386442	harbor1	chr22	36277328	36277487	LTR/ERV1	1024	+	80	36277408	90966
chr22	24007199	24207199	harbor1	chr22	24009187	24009859	LTR/ERV1	2614	+	336	24009523	2324
chr22	46292061	46492061	harbor1	chr22	46333167	46333725	LTR/ERV1	1817	+	279	46333446	41385
chr22	46292061	46492061	harbor1	chr22	46334297	46334422	LTR/ERV1	1798	+	62	46334359	42298
chr22	46292061	46492061	harbor1	chr22	46333730	46333993	LTR/ERV1	1798	+	132	46333862	41801
chr22	19075024	19275024	harbor1	chr22	19159945	19160673	LTR/ERV1	3765	+	364	19160309	85285
chr22	19075024	19275024	harbor1	chr22	19161192	19161337	LTR/ERV1	811	+	72	19161264	86240
chr22	19075024	19275024	harbor1	chr22	19161646	19161689	LTR/ERV1	811	+	22	19161668	86644
chr22	23366710	23566710	harbor1	chr22	23367193	23367836	LTR/ERV1	1965	+	322	23367515	805
chr22	23366710	23566710	harbor1	chr22	23378266	23378541	LTR/ERV1	1842	+	138	23378404	11694
chr22	23366710	23566710	harbor1	chr22	23439750	23439983	LTR/ERV1	4447	+	116	23439866	73156
chr22	23366710	23566710	harbor1	chr22	23440281	23440694	LTR/ERV1	4447	+	206	23440487	73777
chr22	23023459	23223459	harbor1	chr22	23023446	23023655	LTR/ERV1	5447	+	104	23023550	91
chr22	23023459	23223459	harbor1	chr22	23023956	23024639	LTR/ERV1	5447	+	342	23024298	839
chr22	23023459	23223459	harbor1	chr22	23024719	23025085	LTR/ERV1	10727	+	183	23024902	1443
chr22	23023459	23223459	harbor1	chr22	23025397	23025745	LTR/ERV1	10727	+	174	23025571	2112
chr22	23023459	23223459	harbor1	chr22	23026020	23026083	LTR/ERV1	10727	+	32	23026052	2593
chr22	23023459	23223459	harbor1	chr22	23029152	23029348	LTR/ERV1	10727	+	98	23029250	5791
chr22	23023459	23223459	harbor1	chr22	23029822	23030104	LTR/ERV1	1683	+	141	23029963	6504
chr22	23023459	23223459	harbor1	chr22	23030091	23030841	LTR/ERV1	4057	+	375	23030466	7007
chr22	23023459	23223459	harbor1	chr22	23031449	23031666	LTR/ERV1	1315	+	108	23031557	8098
chr22	23023459	23223459	harbor1	chr22	23031671	23032525	LTR/ERV1	5662	+	427	23032098	8639
chr22	23023459	23223459	harbor1	chr22	23035017	23035710	LTR/ERV1	4831	+	346	23035363	11904
chr22	50406241	50606241	harbor1	chr22	50486061	50486466	LTR/ERV1	1102	+	202	50486263	80022
chr22	45313205	45513205	harbor1	chr22	45372686	45372716	LTR/ERV1	1280	+	15	45372701	59496
chr22	45313205	45513205	harbor1	chr22	45373012	45373326	LTR/ERV1	1611	+	157	45373169	59964
chr22	45313205	45513205	harbor1	chr22	45373766	45374378	LTR/ERV1	3260	+	306	45374072	60867
chr22	45313205	45513205	harbor1	chr22	45374368	45375008	LTR/ERV1	3662	+	320	45374688	61483
chr22	45313205	45513205	harbor1	chr22	45375017	45375490	LTR/ERV1	3856	+	236	45375253	62048
chr22	45313205	45513205	harbor1	chr22	45397446	45398547	LTR/ERV1	6692	+	550	45397996	84791
chr22	45313205	45513205	harbor1	chr22	45401206	45401871	LTR/ERV1	3947	+	332	45401538	88333
chr22	45313205	45513205	harbor1	chr22	45403838	45403926	LTR/ERV1	3947	+	44	45403882	90677
chr22	45313205	45513205	harbor1	chr22	45404242	45404911	LTR/ERV1	4139	+	334	45404576	91371
chr22	45313205	45513205	harbor1	chr22	45407112	45407460	LTR/ERV1	2356	+	174	45407286	94081
chr22	45313205	45513205	harbor1	chr22	45407748	45407939	LTR/ERV1	2356	+	96	45407844	94639
chr22	43471950	43671950	harbor1	chr22	43554119	43554555	LTR/ERV1	2926	+	218	43554337	82387
chr22	36918777	37118777	harbor1	chr22	36947139	36947745	LTR/ERV1	3716	+	303	36947442	28665
chr22	36918777	37118777	harbor1	chr22	36969444	36969600	LTR/ERV1	719	+	78	36969522	50745
chr22	36918777	37118777	harbor1	chr22	36975644	36976160	LTR/ERV1	2471	+	258	36975902	57125
chr22	36918777	37118777	harbor1	chr22	36976460	36976705	LTR/ERV1	2471	+	122	36976582	57805
chr22	36918777	37118777	harbor1	chr22	36976999	36977547	LTR/ERV1	908	+	274	36977273	58496
chr22	36918777	37118777	harbor1	chr22	36977670	36977769	LTR/ERV1	554	+	50	36977720	58943
chr22	36918777	37118777	harbor1	chr22	36979545	36979664	LTR/ERV1	647	+	60	36979605	60828
chr22	36918777	37118777	harbor1	chr22	36980299	36980373	LTR/ERV1	477	+	37	36980336	61559
chr22	36918777	37118777	harbor1	chr22	36981050	36981479	LTR/ERV1	1385	+	214	36981264	62487
chr22	36918807	37118807	harbor1	chr22	36947139	36947745	LTR/ERV1	3716	+	303	36947442	28635
chr22	36918807	37118807	harbor1	chr22	36969444	36969600	LTR/ERV1	719	+	78	36969522	50715
chr22	36918807	37118807	harbor1	chr22	36975644	36976160	LTR/ERV1	2471	+	258	36975902	57095
chr22	36918807	37118807	harbor1	chr22	36976460	36976705	LTR/ERV1	2471	+	122	36976582	57775
chr22	36918807	37118807	harbor1	chr22	36976999	36977547	LTR/ERV1	908	+	274	36977273	58466
chr22	36918807	37118807	harbor1	chr22	36977670	36977769	LTR/ERV1	554	+	50	36977720	58913
chr22	36918807	37118807	harbor1	chr22	36979545	36979664	LTR/ERV1	647	+	60	36979605	60798
chr22	36918807	37118807	harbor1	chr22	36980299	36980373	LTR/ERV1	477	+	37	36980336	61529
chr22	36918807	37118807	harbor1	chr22	36981050	36981479	LTR/ERV1	1385	+	214	36981264	62457
chr22	20568033	20768033	harbor1	chr22	20617294	20617360	LTR/ERV1	446	+	33	20617327	49294
chr22	36186432	36386432	harbor1	chr22	36192916	36193369	LTR/ERV1	1212	+	226	36193142	6710
chr22	36186432	36386432	harbor1	chr22	36197713	36198274	LTR/ERV1	1570	+	280	36197993	11561
chr22	36186432	36386432	harbor1	chr22	36198275	36198495	LTR/ERV1	408	+	110	36198385	11953
chr22	36186432	36386432	harbor1	chr22	36210903	36211461	LTR/ERV1	2473	+	279	36211182	24750
chr22	36186432	36386432	harbor1	chr22	36215160	36215777	LTR/ERV1	1740	+	308	36215468	29036
chr22	36186432	36386432	harbor1	chr22	36215797	36215947	LTR/ERV1	532	+	75	36215872	29440
chr22	36186432	36386432	harbor1	chr22	36216030	36216282	LTR/ERV1	1021	+	126	36216156	29724
chr22	36186432	36386432	harbor1	chr22	36216813	36217510	LTR/ERV1	1570	+	348	36217161	30729
chr22	36186432	36386432	harbor1	chr22	36217578	36218035	LTR/ERV1	2568	+	228	36217806	31374
chr22	36186432	36386432	harbor1	chr22	36218979	36219103	LTR/ERV1	636	+	62	36219041	32609
chr22	36186432	36386432	harbor1	chr22	36219123	36219300	LTR/ERV1	671	+	88	36219211	32779
chr22	36186432	36386432	harbor1	chr22	36219610	36219628	LTR/ERV1	572	+	9	36219619	33187
chr22	36186432	36386432	harbor1	chr22	36219738	36220384	LTR/ERV1	3667	+	323	36220061	33629
chr22	36186432	36386432	harbor1	chr22	36220974	36221678	LTR/ERV1	3667	+	352	36221326	34894
chr22	36186432	36386432	harbor1	chr22	36228975	36229427	LTR/ERV1	1044	+	226	36229201	42769
chr22	36186432	36386432	harbor1	chr22	36231845	36232073	LTR/ERV1	619	+	114	36231959	45527
chr22	36186432	36386432	harbor1	chr22	36232074	36232294	LTR/ERV1	408	+	110	36232184	45752
chr22	36186432	36386432	harbor1	chr22	36247481	36248215	LTR/ERV1	1156	+	367	36247848	61416
chr22	36186432	36386432	harbor1	chr22	36248802	36250226	LTR/ERV1	5772	+	712	36249514	63082
chr22	36186432	36386432	harbor1	chr22	36250236	36250718	LTR/ERV1	3997	+	241	36250477	64045
chr22	36186432	36386432	harbor1	chr22	36251116	36251785	LTR/ERV1	2699	+	334	36251450	65018
chr22	36186432	36386432	harbor1	chr22	36276775	36277017	LTR/ERV1	1024	+	121	36276896	90464
chr22	36186432	36386432	harbor1	chr22	36277328	36277487	LTR/ERV1	1024	+	80	36277408	90976
chr22	32529769	32729769	harbor1	chr22	32554533	32554816	LTR/ERV1	2066	+	142	32554675	24906
chr22	32529769	32729769	harbor1	chr22	32559368	32559546	LTR/ERV1	4094	+	89	32559457	29688
chr22	32529769	32729769	harbor1	chr22	32559860	32560350	LTR/ERV1	4094	+	245	32560105	30336
chr22	32529769	32729769	harbor1	chr22	32583646	32584266	LTR/ERV1	4182	+	310	32583956	54187
chr22	32529769	32729769	harbor1	chr22	32588825	32589263	LTR/ERV1	2213	+	219	32589044	59275
chr22	23018534	23218534	harbor1	chr22	23023446	23023655	LTR/ERV1	5447	+	104	23023550	5016
chr22	23018534	23218534	harbor1	chr22	23023956	23024639	LTR/ERV1	5447	+	342	23024298	5764
chr22	23018534	23218534	harbor1	chr22	23024719	23025085	LTR/ERV1	10727	+	183	23024902	6368
chr22	23018534	23218534	harbor1	chr22	23025397	23025745	LTR/ERV1	10727	+	174	23025571	7037
chr22	23018534	23218534	harbor1	chr22	23026020	23026083	LTR/ERV1	10727	+	32	23026052	7518
chr22	23018534	23218534	harbor1	chr22	23029152	23029348	LTR/ERV1	10727	+	98	23029250	10716
chr22	23018534	23218534	harbor1	chr22	23029822	23030104	LTR/ERV1	1683	+	141	23029963	11429
chr22	23018534	23218534	harbor1	chr22	23030091	23030841	LTR/ERV1	4057	+	375	23030466	11932
chr22	23018534	23218534	harbor1	chr22	23031449	23031666	LTR/ERV1	1315	+	108	23031557	13023
chr22	23018534	23218534	harbor1	chr22	23031671	23032525	LTR/ERV1	5662	+	427	23032098	13564
chr22	23018534	23218534	harbor1	chr22	23035017	23035710	LTR/ERV1	4831	+	346	23035363	16829
chr22	36186441	36386441	harbor1	chr22	36192916	36193369	LTR/ERV1	1212	+	226	36193142	6701
chr22	36186441	36386441	harbor1	chr22	36197713	36198274	LTR/ERV1	1570	+	280	36197993	11552
chr22	36186441	36386441	harbor1	chr22	36198275	36198495	LTR/ERV1	408	+	110	36198385	11944
chr22	36186441	36386441	harbor1	chr22	36210903	36211461	LTR/ERV1	2473	+	279	36211182	24741
chr22	36186441	36386441	harbor1	chr22	36215160	36215777	LTR/ERV1	1740	+	308	36215468	29027
chr22	36186441	36386441	harbor1	chr22	36215797	36215947	LTR/ERV1	532	+	75	36215872	29431
chr22	36186441	36386441	harbor1	chr22	36216030	36216282	LTR/ERV1	1021	+	126	36216156	29715
chr22	36186441	36386441	harbor1	chr22	36216813	36217510	LTR/ERV1	1570	+	348	36217161	30720
chr22	36186441	36386441	harbor1	chr22	36217578	36218035	LTR/ERV1	2568	+	228	36217806	31365
chr22	36186441	36386441	harbor1	chr22	36218979	36219103	LTR/ERV1	636	+	62	36219041	32600
chr22	36186441	36386441	harbor1	chr22	36219123	36219300	LTR/ERV1	671	+	88	36219211	32770
chr22	36186441	36386441	harbor1	chr22	36219610	36219628	LTR/ERV1	572	+	9	36219619	33178
chr22	36186441	36386441	harbor1	chr22	36219738	36220384	LTR/ERV1	3667	+	323	36220061	33620
chr22	36186441	36386441	harbor1	chr22	36220974	36221678	LTR/ERV1	3667	+	352	36221326	34885
chr22	36186441	36386441	harbor1	chr22	36228975	36229427	LTR/ERV1	1044	+	226	36229201	42760
chr22	36186441	36386441	harbor1	chr22	36231845	36232073	LTR/ERV1	619	+	114	36231959	45518
chr22	36186441	36386441	harbor1	chr22	36232074	36232294	LTR/ERV1	408	+	110	36232184	45743
chr22	36186441	36386441	harbor1	chr22	36247481	36248215	LTR/ERV1	1156	+	367	36247848	61407
chr22	36186441	36386441	harbor1	chr22	36248802	36250226	LTR/ERV1	5772	+	712	36249514	63073
chr22	36186441	36386441	harbor1	chr22	36250236	36250718	LTR/ERV1	3997	+	241	36250477	64036
chr22	36186441	36386441	harbor1	chr22	36251116	36251785	LTR/ERV1	2699	+	334	36251450	65009
chr22	36186441	36386441	harbor1	chr22	36276775	36277017	LTR/ERV1	1024	+	121	36276896	90455
chr22	36186441	36386441	harbor1	chr22	36277328	36277487	LTR/ERV1	1024	+	80	36277408	90967
chr22	50416659	50616659	harbor1	chr22	50486061	50486466	LTR/ERV1	1102	+	202	50486263	69604
chr22	36186368	36386368	harbor1	chr22	36192916	36193369	LTR/ERV1	1212	+	226	36193142	6774
chr22	36186368	36386368	harbor1	chr22	36197713	36198274	LTR/ERV1	1570	+	280	36197993	11625
chr22	36186368	36386368	harbor1	chr22	36198275	36198495	LTR/ERV1	408	+	110	36198385	12017
chr22	36186368	36386368	harbor1	chr22	36210903	36211461	LTR/ERV1	2473	+	279	36211182	24814
chr22	36186368	36386368	harbor1	chr22	36215160	36215777	LTR/ERV1	1740	+	308	36215468	29100
chr22	36186368	36386368	harbor1	chr22	36215797	36215947	LTR/ERV1	532	+	75	36215872	29504
chr22	36186368	36386368	harbor1	chr22	36216030	36216282	LTR/ERV1	1021	+	126	36216156	29788
chr22	36186368	36386368	harbor1	chr22	36216813	36217510	LTR/ERV1	1570	+	348	36217161	30793
chr22	36186368	36386368	harbor1	chr22	36217578	36218035	LTR/ERV1	2568	+	228	36217806	31438
chr22	36186368	36386368	harbor1	chr22	36218979	36219103	LTR/ERV1	636	+	62	36219041	32673
chr22	36186368	36386368	harbor1	chr22	36219123	36219300	LTR/ERV1	671	+	88	36219211	32843
chr22	36186368	36386368	harbor1	chr22	36219610	36219628	LTR/ERV1	572	+	9	36219619	33251
chr22	36186368	36386368	harbor1	chr22	36219738	36220384	LTR/ERV1	3667	+	323	36220061	33693
chr22	36186368	36386368	harbor1	chr22	36220974	36221678	LTR/ERV1	3667	+	352	36221326	34958
chr22	36186368	36386368	harbor1	chr22	36228975	36229427	LTR/ERV1	1044	+	226	36229201	42833
chr22	36186368	36386368	harbor1	chr22	36231845	36232073	LTR/ERV1	619	+	114	36231959	45591
chr22	36186368	36386368	harbor1	chr22	36232074	36232294	LTR/ERV1	408	+	110	36232184	45816
chr22	36186368	36386368	harbor1	chr22	36247481	36248215	LTR/ERV1	1156	+	367	36247848	61480
chr22	36186368	36386368	harbor1	chr22	36248802	36250226	LTR/ERV1	5772	+	712	36249514	63146
chr22	36186368	36386368	harbor1	chr22	36250236	36250718	LTR/ERV1	3997	+	241	36250477	64109
chr22	36186368	36386368	harbor1	chr22	36251116	36251785	LTR/ERV1	2699	+	334	36251450	65082
chr22	36186368	36386368	harbor1	chr22	36276775	36277017	LTR/ERV1	1024	+	121	36276896	90528
chr22	36186368	36386368	harbor1	chr22	36277328	36277487	LTR/ERV1	1024	+	80	36277408	91040
chr22	36186428	36386428	harbor1	chr22	36192916	36193369	LTR/ERV1	1212	+	226	36193142	6714
chr22	36186428	36386428	harbor1	chr22	36197713	36198274	LTR/ERV1	1570	+	280	36197993	11565
chr22	36186428	36386428	harbor1	chr22	36198275	36198495	LTR/ERV1	408	+	110	36198385	11957
chr22	36186428	36386428	harbor1	chr22	36210903	36211461	LTR/ERV1	2473	+	279	36211182	24754
chr22	36186428	36386428	harbor1	chr22	36215160	36215777	LTR/ERV1	1740	+	308	36215468	29040
chr22	36186428	36386428	harbor1	chr22	36215797	36215947	LTR/ERV1	532	+	75	36215872	29444
chr22	36186428	36386428	harbor1	chr22	36216030	36216282	LTR/ERV1	1021	+	126	36216156	29728
chr22	36186428	36386428	harbor1	chr22	36216813	36217510	LTR/ERV1	1570	+	348	36217161	30733
chr22	36186428	36386428	harbor1	chr22	36217578	36218035	LTR/ERV1	2568	+	228	36217806	31378
chr22	36186428	36386428	harbor1	chr22	36218979	36219103	LTR/ERV1	636	+	62	36219041	32613
chr22	36186428	36386428	harbor1	chr22	36219123	36219300	LTR/ERV1	671	+	88	36219211	32783
chr22	36186428	36386428	harbor1	chr22	36219610	36219628	LTR/ERV1	572	+	9	36219619	33191
chr22	36186428	36386428	harbor1	chr22	36219738	36220384	LTR/ERV1	3667	+	323	36220061	33633
chr22	36186428	36386428	harbor1	chr22	36220974	36221678	LTR/ERV1	3667	+	352	36221326	34898
chr22	36186428	36386428	harbor1	chr22	36228975	36229427	LTR/ERV1	1044	+	226	36229201	42773
chr22	36186428	36386428	harbor1	chr22	36231845	36232073	LTR/ERV1	619	+	114	36231959	45531
chr22	36186428	36386428	harbor1	chr22	36232074	36232294	LTR/ERV1	408	+	110	36232184	45756
chr22	36186428	36386428	harbor1	chr22	36247481	36248215	LTR/ERV1	1156	+	367	36247848	61420
chr22	36186428	36386428	harbor1	chr22	36248802	36250226	LTR/ERV1	5772	+	712	36249514	63086
chr22	36186428	36386428	harbor1	chr22	36250236	36250718	LTR/ERV1	3997	+	241	36250477	64049
chr22	36186428	36386428	harbor1	chr22	36251116	36251785	LTR/ERV1	2699	+	334	36251450	65022
chr22	36186428	36386428	harbor1	chr22	36276775	36277017	LTR/ERV1	1024	+	121	36276896	90468
chr22	36186428	36386428	harbor1	chr22	36277328	36277487	LTR/ERV1	1024	+	80	36277408	90980
chrX	18253915	18453915	harbor1	chrX	18273620	18274425	LTR/ERV1	4648	+	402	18274022	20107
chrX	18253915	18453915	harbor1	chrX	18274698	18275242	LTR/ERV1	3007	+	272	18274970	21055
chrX	18253915	18453915	harbor1	chrX	18315528	18315944	LTR/ERV1	1260	+	208	18315736	61821
chrX	46736727	46936727	harbor1	chrX	46776388	46776499	LTR/ERV1	3710	+	56	46776444	39717
chrX	46736727	46936727	harbor1	chrX	46776796	46777257	LTR/ERV1	3710	+	230	46777026	40299
chrX	46736727	46936727	harbor1	chrX	46777540	46777635	LTR/ERV1	3710	+	48	46777588	40861
chrX	46736727	46936727	harbor1	chrX	46778261	46778714	LTR/ERV1	3327	+	226	46778487	41760
chrX	129832695	130032695	harbor1	chrX	129872871	129873062	LTR/ERV1	6767	+	96	129872967	40272
chrX	129832695	130032695	harbor1	chrX	129873361	129873438	LTR/ERV1	6767	+	38	129873399	40704
chrX	129832695	130032695	harbor1	chrX	129873692	129874395	LTR/ERV1	6767	+	352	129874044	41349
chrX	129832695	130032695	harbor1	chrX	129874762	129875304	LTR/ERV1	4093	+	271	129875033	42338
chrX	129832695	130032695	harbor1	chrX	129876250	129876962	LTR/ERV1	4672	+	356	129876606	43911
chrX	18253792	18453792	harbor1	chrX	18273620	18274425	LTR/ERV1	4648	+	402	18274022	20230
chrX	18253792	18453792	harbor1	chrX	18274698	18275242	LTR/ERV1	3007	+	272	18274970	21178
chrX	18253792	18453792	harbor1	chrX	18315528	18315944	LTR/ERV1	1260	+	208	18315736	61944
chrX	1354314	1554314	harbor1	chrX	1443947	1444189	LTR/ERV1	804	+	121	1444068	89754
chrX	1354314	1554314	harbor1	chrX	1444549	1444716	LTR/ERV1	807	+	84	1444633	90319
chrX	1354314	1554314	harbor1	chrX	1444698	1445607	LTR/ERV1	5305	+	454	1445152	90838
chrX	1354314	1554314	harbor1	chrX	1446799	1447204	LTR/ERV1	1583	+	202	1447001	92687
chrX	1354314	1554314	harbor1	chrX	1448875	1449267	LTR/ERV1	1759	+	196	1449071	94757
chrX	39996248	40196248	harbor1	chrX	40019797	40020126	LTR/ERV1	1449	+	164	40019961	23713
chrX	109902871	110102871	harbor1	chrX	109977225	109977544	LTR/ERV1	2205	+	160	109977385	74514
chrX	109902871	110102871	harbor1	chrX	109977545	109978084	LTR/ERV1	3555	+	270	109977815	74944
chrX	109902871	110102871	harbor1	chrX	109999586	110000000	LTR/ERV1	3081	+	207	109999793	96922
chrX	109902871	110102871	harbor1	chrX	110000001	110000368	LTR/ERV1	2309	+	184	110000185	97314
chrX	49064231	49264231	harbor1	chrX	49144444	49144604	LTR/ERV1	1047	+	80	49144524	80293
chrX	49064231	49264231	harbor1	chrX	49144620	49144815	LTR/ERV1	1337	+	98	49144718	80487
chrX	48792105	48992105	harbor1	chrX	48853724	48854172	LTR/ERV1	3667	+	224	48853948	61843
chrX	48792105	48992105	harbor1	chrX	48854173	48856604	LTR/ERV1	55704	+	1216	48855389	63284
chrX	48792105	48992105	harbor1	chrX	48861339	48861796	LTR/ERV1	3660	+	228	48861567	69462
chrX	48792105	48992105	harbor1	chrX	48864141	48864623	LTR/ERV1	2567	+	241	48864382	72277
chrX	48792105	48992105	harbor1	chrX	48865223	48865312	LTR/ERV1	2567	+	44	48865267	73162
chrX	48792105	48992105	harbor1	chrX	48856888	48861338	LTR/ERV1	55704	+	2225	48859113	67008
chrX	287170	487170	harbor1	chrX	383868	384134	LTR/ERV1	1043	+	133	384001	96831
chrX	287170	487170	harbor1	chrX	384597	384702	LTR/ERV1	1714	+	52	384649	97479
chrX	287170	487170	harbor1	chrX	385007	385305	LTR/ERV1	1714	+	149	385156	97986
chrX	7048274	7248274	harbor1	chrX	7069598	7070128	LTR/ERV1	820	+	265	7069863	21589
chrX	7048274	7248274	harbor1	chrX	7085765	7086271	LTR/ERV1	2238	+	253	7086018	37744
chrX	7048274	7248274	harbor1	chrX	7093239	7093444	LTR/ERV1	1402	+	102	7093341	45067
