H_chr	H_start	H_end	Harbor	TE_chr	TE_start	TE_end	TE	score	TE_strand	TE_half	TE_middle_pos	TE_dis
chr1	16543082	16743082	harbor1	chr1	16602708	16603074	LTR/ERVL	772	-	183	16602891	59809
chr1	16543082	16743082	harbor1	chr1	16603092	16603314	LTR/ERVL	607	-	111	16603203	60121
chr1	16543082	16743082	harbor1	chr1	16603356	16603618	LTR/ERVL	466	-	131	16603487	60405
chr1	16423038	16623038	harbor1	chr1	16513455	16513604	LTR/ERVL	479	-	74	16513529	90491
chr1	16543073	16743073	harbor1	chr1	16602708	16603074	LTR/ERVL	772	-	183	16602891	59818
chr1	16543073	16743073	harbor1	chr1	16603092	16603314	LTR/ERVL	607	-	111	16603203	60130
chr1	16543073	16743073	harbor1	chr1	16603356	16603618	LTR/ERVL	466	-	131	16603487	60414
chr1	16507813	16707813	harbor1	chr1	16513455	16513604	LTR/ERVL	479	-	74	16513529	5716
chr1	16507813	16707813	harbor1	chr1	16602708	16603074	LTR/ERVL	772	-	183	16602891	95078
chr1	16507813	16707813	harbor1	chr1	16603092	16603314	LTR/ERVL	607	-	111	16603203	95390
chr1	16507813	16707813	harbor1	chr1	16603356	16603618	LTR/ERVL	466	-	131	16603487	95674
chr1	16544872	16744872	harbor1	chr1	16602708	16603074	LTR/ERVL	772	-	183	16602891	58019
chr1	16544872	16744872	harbor1	chr1	16603092	16603314	LTR/ERVL	607	-	111	16603203	58331
chr1	16544872	16744872	harbor1	chr1	16603356	16603618	LTR/ERVL	466	-	131	16603487	58615
chr1	211033794	211233794	harbor1	chr1	211116202	211116303	LTR/ERVL	506	-	50	211116252	82458
chr1	211033794	211233794	harbor1	chr1	211124679	211124777	LTR/ERVL	680	-	49	211124728	90934
chr1	211033794	211233794	harbor1	chr1	211124989	211125042	LTR/ERVL	680	-	26	211125015	91221
chr1	211033794	211233794	harbor1	chr1	211125085	211125342	LTR/ERVL	563	-	128	211125213	91419
chr1	6294371	6494371	harbor1	chr1	6384637	6384836	LTR/ERVL	770	-	100	6384737	90366
chr1	33156095	33356095	harbor1	chr1	33186883	33187349	LTR/ERVL	1290	-	233	33187116	31021
chr1	33156095	33356095	harbor1	chr1	33187607	33187953	LTR/ERVL	3382	-	173	33187780	31685
chr1	33156095	33356095	harbor1	chr1	33188257	33189505	LTR/ERVL	3382	-	624	33188881	32786
chr1	33156095	33356095	harbor1	chr1	33189779	33190540	LTR/ERVL	1168	-	380	33190159	34064
chr1	33156095	33356095	harbor1	chr1	33191290	33191490	LTR/ERVL	535	-	100	33191390	35295
chr1	33156095	33356095	harbor1	chr1	33191792	33192020	LTR/ERVL	535	-	114	33191906	35811
chr1	33156095	33356095	harbor1	chr1	33193543	33193953	LTR/ERVL	1860	-	205	33193748	37653
chr1	109183430	109383430	harbor1	chr1	109212225	109212984	LTR/ERVL	3064	-	380	109212605	29175
chr1	717645	917645	harbor1	chr1	730502	730654	LTR/ERVL	677	-	76	730578	12933
chr1	717645	917645	harbor1	chr1	733910	734062	LTR/ERVL	678	-	76	733986	16341
chr1	717645	917645	harbor1	chr1	737317	737469	LTR/ERVL	667	-	76	737393	19748
chr1	717645	917645	harbor1	chr1	791822	791993	LTR/ERVL	577	-	86	791908	74263
chr1	717645	917645	harbor1	chr1	794994	795251	LTR/ERVL	646	-	128	795122	77477
chr1	16544914	16744914	harbor1	chr1	16602708	16603074	LTR/ERVL	772	-	183	16602891	57977
chr1	16544914	16744914	harbor1	chr1	16603092	16603314	LTR/ERVL	607	-	111	16603203	58289
chr1	16544914	16744914	harbor1	chr1	16603356	16603618	LTR/ERVL	466	-	131	16603487	58573
chr1	47316941	47516941	harbor1	chr1	47317902	47318166	LTR/ERVL	1239	-	132	47318034	1093
chr1	47316941	47516941	harbor1	chr1	47342407	47342527	LTR/ERVL	846	-	60	47342467	25526
chr1	16544773	16744773	harbor1	chr1	16602708	16603074	LTR/ERVL	772	-	183	16602891	58118
chr1	16544773	16744773	harbor1	chr1	16603092	16603314	LTR/ERVL	607	-	111	16603203	58430
chr1	16544773	16744773	harbor1	chr1	16603356	16603618	LTR/ERVL	466	-	131	16603487	58714
chr1	16504018	16704018	harbor1	chr1	16513455	16513604	LTR/ERVL	479	-	74	16513529	9511
chr1	16504018	16704018	harbor1	chr1	16602708	16603074	LTR/ERVL	772	-	183	16602891	98873
chr1	16504018	16704018	harbor1	chr1	16603092	16603314	LTR/ERVL	607	-	111	16603203	99185
chr1	16504018	16704018	harbor1	chr1	16603356	16603618	LTR/ERVL	466	-	131	16603487	99469
chr1	226479130	226679130	harbor1	chr1	226506476	226506883	LTR/ERVL	3306	-	204	226506680	27550
chr1	226479130	226679130	harbor1	chr1	226511747	226511783	LTR/ERVL	1805	-	18	226511765	32635
chr1	226479130	226679130	harbor1	chr1	226511839	226512212	LTR/ERVL	1805	-	186	226512025	32895
chr1	226479130	226679130	harbor1	chr1	226535246	226535295	LTR/ERVL	3654	-	24	226535270	56140
chr1	226479130	226679130	harbor1	chr1	226535600	226536120	LTR/ERVL	3654	-	260	226535860	56730
chr1	226479130	226679130	harbor1	chr1	226536121	226540454	LTR/ERVL	26890	-	2166	226538287	59157
chr1	226479130	226679130	harbor1	chr1	226541957	226542460	LTR/ERVL	3315	-	252	226542209	63079
chr1	226479130	226679130	harbor1	chr1	226542462	226543018	LTR/ERVL	3636	-	278	226542740	63610
chr1	226479130	226679130	harbor1	chr1	226543895	226544041	LTR/ERVL	599	-	73	226543968	64838
chr1	211033705	211233705	harbor1	chr1	211116202	211116303	LTR/ERVL	506	-	50	211116252	82547
chr1	211033705	211233705	harbor1	chr1	211124679	211124777	LTR/ERVL	680	-	49	211124728	91023
chr1	211033705	211233705	harbor1	chr1	211124989	211125042	LTR/ERVL	680	-	26	211125015	91310
chr1	211033705	211233705	harbor1	chr1	211125085	211125342	LTR/ERVL	563	-	128	211125213	91508
chr1	16513040	16713040	harbor1	chr1	16513455	16513604	LTR/ERVL	479	-	74	16513529	489
chr1	16513040	16713040	harbor1	chr1	16602708	16603074	LTR/ERVL	772	-	183	16602891	89851
chr1	16513040	16713040	harbor1	chr1	16603092	16603314	LTR/ERVL	607	-	111	16603203	90163
chr1	16513040	16713040	harbor1	chr1	16603356	16603618	LTR/ERVL	466	-	131	16603487	90447
chr1	47316928	47516928	harbor1	chr1	47317902	47318166	LTR/ERVL	1239	-	132	47318034	1106
chr1	47316928	47516928	harbor1	chr1	47342407	47342527	LTR/ERVL	846	-	60	47342467	25539
chr1	16544793	16744793	harbor1	chr1	16602708	16603074	LTR/ERVL	772	-	183	16602891	58098
chr1	16544793	16744793	harbor1	chr1	16603092	16603314	LTR/ERVL	607	-	111	16603203	58410
chr1	16544793	16744793	harbor1	chr1	16603356	16603618	LTR/ERVL	466	-	131	16603487	58694
chr1	211033814	211233814	harbor1	chr1	211116202	211116303	LTR/ERVL	506	-	50	211116252	82438
chr1	211033814	211233814	harbor1	chr1	211124679	211124777	LTR/ERVL	680	-	49	211124728	90914
chr1	211033814	211233814	harbor1	chr1	211124989	211125042	LTR/ERVL	680	-	26	211125015	91201
chr1	211033814	211233814	harbor1	chr1	211125085	211125342	LTR/ERVL	563	-	128	211125213	91399
chr1	16544707	16744707	harbor1	chr1	16602708	16603074	LTR/ERVL	772	-	183	16602891	58184
chr1	16544707	16744707	harbor1	chr1	16603092	16603314	LTR/ERVL	607	-	111	16603203	58496
chr1	16544707	16744707	harbor1	chr1	16603356	16603618	LTR/ERVL	466	-	131	16603487	58780
chr1	6684326	6884326	harbor1	chr1	6742745	6743159	LTR/ERVL	3148	-	207	6742952	58626
chr1	16625283	16825283	harbor1	chr1	16666129	16666278	LTR/ERVL	488	-	74	16666203	40920
chr1	16625207	16825207	harbor1	chr1	16666129	16666278	LTR/ERVL	488	-	74	16666203	40996
chr1	16543134	16743134	harbor1	chr1	16602708	16603074	LTR/ERVL	772	-	183	16602891	59757
chr1	16543134	16743134	harbor1	chr1	16603092	16603314	LTR/ERVL	607	-	111	16603203	60069
chr1	16543134	16743134	harbor1	chr1	16603356	16603618	LTR/ERVL	466	-	131	16603487	60353
chr1	17288486	17488486	harbor1	chr1	17330328	17330888	LTR/ERVL	2100	-	280	17330608	42122
chr1	17288486	17488486	harbor1	chr1	17359531	17360007	LTR/ERVL	4196	-	238	17359769	71283
chr1	17288486	17488486	harbor1	chr1	17360311	17360529	LTR/ERVL	4196	-	109	17360420	71934
chr1	17288486	17488486	harbor1	chr1	17367513	17367913	LTR/ERVL	1014	-	200	17367713	79227
chr1	16517405	16717405	harbor1	chr1	16602708	16603074	LTR/ERVL	772	-	183	16602891	85486
chr1	16517405	16717405	harbor1	chr1	16603092	16603314	LTR/ERVL	607	-	111	16603203	85798
chr1	16517405	16717405	harbor1	chr1	16603356	16603618	LTR/ERVL	466	-	131	16603487	86082
chr1	16508264	16708264	harbor1	chr1	16513455	16513604	LTR/ERVL	479	-	74	16513529	5265
chr1	16508264	16708264	harbor1	chr1	16602708	16603074	LTR/ERVL	772	-	183	16602891	94627
chr1	16508264	16708264	harbor1	chr1	16603092	16603314	LTR/ERVL	607	-	111	16603203	94939
chr1	16508264	16708264	harbor1	chr1	16603356	16603618	LTR/ERVL	466	-	131	16603487	95223
chr1	16493369	16693369	harbor1	chr1	16513455	16513604	LTR/ERVL	479	-	74	16513529	20160
chr1	21742070	21942070	harbor1	chr1	21764731	21765018	LTR/ERVL	1160	-	144	21764875	22805
chr1	16545030	16745030	harbor1	chr1	16602708	16603074	LTR/ERVL	772	-	183	16602891	57861
chr1	16545030	16745030	harbor1	chr1	16603092	16603314	LTR/ERVL	607	-	111	16603203	58173
chr1	16545030	16745030	harbor1	chr1	16603356	16603618	LTR/ERVL	466	-	131	16603487	58457
chr1	16543007	16743007	harbor1	chr1	16602708	16603074	LTR/ERVL	772	-	183	16602891	59884
chr1	16543007	16743007	harbor1	chr1	16603092	16603314	LTR/ERVL	607	-	111	16603203	60196
chr1	16543007	16743007	harbor1	chr1	16603356	16603618	LTR/ERVL	466	-	131	16603487	60480
chr1	205330408	205530408	harbor1	chr1	205368432	205368665	LTR/ERVL	935	-	116	205368548	38140
chr1	205330408	205530408	harbor1	chr1	205368986	205368996	LTR/ERVL	935	-	5	205368991	38583
chr1	205330408	205530408	harbor1	chr1	205369287	205369496	LTR/ERVL	935	-	104	205369391	38983
chr1	205330408	205530408	harbor1	chr1	205377529	205378362	LTR/ERVL	4236	-	416	205377945	47537
chr1	16544735	16744735	harbor1	chr1	16602708	16603074	LTR/ERVL	772	-	183	16602891	58156
chr1	16544735	16744735	harbor1	chr1	16603092	16603314	LTR/ERVL	607	-	111	16603203	58468
chr1	16544735	16744735	harbor1	chr1	16603356	16603618	LTR/ERVL	466	-	131	16603487	58752
chr1	1	128757	harbor1	chr1	41394	42273	LTR/ERVL	765	-	440	41834	41833
chr1	39855348	40055348	harbor1	chr1	39942639	39943141	LTR/ERVL	2532	-	251	39942890	87542
chr1	39855348	40055348	harbor1	chr1	39943149	39943308	LTR/ERVL	875	-	80	39943229	87881
chr1	39855348	40055348	harbor1	chr1	39943421	39943524	LTR/ERVL	3727	-	52	39943473	88125
chr1	39855348	40055348	harbor1	chr1	39943655	39944045	LTR/ERVL	3738	-	195	39943850	88502
chr1	39855348	40055348	harbor1	chr1	39944348	39944861	LTR/ERVL	3738	-	256	39944604	89256
chr1	39855348	40055348	harbor1	chr1	39945003	39945094	LTR/ERVL	430	-	46	39945049	89701
chr1	39855348	40055348	harbor1	chr1	39945808	39946427	LTR/ERVL	3621	-	310	39946118	90770
chr1	39855348	40055348	harbor1	chr1	39947087	39947922	LTR/ERVL	11687	-	418	39947505	92157
chr1	39855348	40055348	harbor1	chr1	39948226	39948237	LTR/ERVL	11687	-	6	39948232	92884
chr1	39855348	40055348	harbor1	chr1	39948508	39948810	LTR/ERVL	11687	-	151	39948659	93311
chr1	39855348	40055348	harbor1	chr1	39949122	39949172	LTR/ERVL	11687	-	25	39949147	93799
chr1	39855348	40055348	harbor1	chr1	39949475	39950696	LTR/ERVL	11687	-	610	39950085	94737
chr1	39855348	40055348	harbor1	chr1	39950697	39951238	LTR/ERVL	2612	-	270	39950967	95619
chr1	2138120	2338120	harbor1	chr1	2156579	2156875	LTR/ERVL	723	-	148	2156727	18607
chr1	2138120	2338120	harbor1	chr1	2156876	2157339	LTR/ERVL	1758	-	232	2157108	18988
chr1	2138120	2338120	harbor1	chr1	2157340	2157396	LTR/ERVL	519	-	28	2157368	19248
chr1	2138120	2338120	harbor1	chr1	2164257	2164645	LTR/ERVL	1261	-	194	2164451	26331
chr1	15323291	15523291	harbor1	chr1	15403151	15403535	LTR/ERVL	3389	-	192	15403343	80052
chr1	15323291	15523291	harbor1	chr1	15403840	15404222	LTR/ERVL	3389	-	191	15404031	80740
chr1	755937	955937	harbor1	chr1	791822	791993	LTR/ERVL	577	-	86	791908	35971
chr1	755937	955937	harbor1	chr1	794994	795251	LTR/ERVL	646	-	128	795122	39185
chr1	47234717	47434717	harbor1	chr1	47317902	47318166	LTR/ERVL	1239	-	132	47318034	83317
chr1	16542884	16742884	harbor1	chr1	16602708	16603074	LTR/ERVL	772	-	183	16602891	60007
chr1	16542884	16742884	harbor1	chr1	16603092	16603314	LTR/ERVL	607	-	111	16603203	60319
chr1	16542884	16742884	harbor1	chr1	16603356	16603618	LTR/ERVL	466	-	131	16603487	60603
chr1	2992772	3192772	harbor1	chr1	3002845	3003699	LTR/ERVL	546	-	427	3003272	10500
chr1	2138503	2338503	harbor1	chr1	2156579	2156875	LTR/ERVL	723	-	148	2156727	18224
chr1	2138503	2338503	harbor1	chr1	2156876	2157339	LTR/ERVL	1758	-	232	2157108	18605
chr1	2138503	2338503	harbor1	chr1	2157340	2157396	LTR/ERVL	519	-	28	2157368	18865
chr1	2138503	2338503	harbor1	chr1	2164257	2164645	LTR/ERVL	1261	-	194	2164451	25948
chr1	16544757	16744757	harbor1	chr1	16602708	16603074	LTR/ERVL	772	-	183	16602891	58134
chr1	16544757	16744757	harbor1	chr1	16603092	16603314	LTR/ERVL	607	-	111	16603203	58446
chr1	16544757	16744757	harbor1	chr1	16603356	16603618	LTR/ERVL	466	-	131	16603487	58730
chr1	28799072	28999072	harbor1	chr1	28799374	28799430	LTR/ERVL	1648	-	28	28799402	330
chr1	28799072	28999072	harbor1	chr1	28799728	28799992	LTR/ERVL	1648	-	132	28799860	788
chr1	28799072	28999072	harbor1	chr1	28833343	28833696	LTR/ERVL	1636	-	176	28833519	34447
chr1	87225746	87425746	harbor1	chr1	87232320	87232810	LTR/ERVL	3060	-	245	87232565	6819
chr1	87225746	87425746	harbor1	chr1	87266284	87266710	LTR/ERVL	1513	-	213	87266497	40751
chr1	211033766	211233766	harbor1	chr1	211116202	211116303	LTR/ERVL	506	-	50	211116252	82486
chr1	211033766	211233766	harbor1	chr1	211124679	211124777	LTR/ERVL	680	-	49	211124728	90962
chr1	211033766	211233766	harbor1	chr1	211124989	211125042	LTR/ERVL	680	-	26	211125015	91249
chr1	211033766	211233766	harbor1	chr1	211125085	211125342	LTR/ERVL	563	-	128	211125213	91447
chr1	16544790	16744790	harbor1	chr1	16602708	16603074	LTR/ERVL	772	-	183	16602891	58101
chr1	16544790	16744790	harbor1	chr1	16603092	16603314	LTR/ERVL	607	-	111	16603203	58413
chr1	16544790	16744790	harbor1	chr1	16603356	16603618	LTR/ERVL	466	-	131	16603487	58697
chr1	11498163	11698163	harbor1	chr1	11503233	11503767	LTR/ERVL	2515	-	267	11503500	5337
chr1	11498163	11698163	harbor1	chr1	11573223	11573652	LTR/ERVL	2387	-	214	11573437	75274
chr1	11498163	11698163	harbor1	chr1	11575773	11576215	LTR/ERVL	3793	-	221	11575994	77831
chr1	16538364	16738364	harbor1	chr1	16602708	16603074	LTR/ERVL	772	-	183	16602891	64527
chr1	16538364	16738364	harbor1	chr1	16603092	16603314	LTR/ERVL	607	-	111	16603203	64839
chr1	16538364	16738364	harbor1	chr1	16603356	16603618	LTR/ERVL	466	-	131	16603487	65123
chr1	16542853	16742853	harbor1	chr1	16602708	16603074	LTR/ERVL	772	-	183	16602891	60038
chr1	16542853	16742853	harbor1	chr1	16603092	16603314	LTR/ERVL	607	-	111	16603203	60350
chr1	16542853	16742853	harbor1	chr1	16603356	16603618	LTR/ERVL	466	-	131	16603487	60634
chr1	51230780	51430780	harbor1	chr1	51267333	51267698	LTR/ERVL	1905	-	182	51267515	36735
chr1	16544788	16744788	harbor1	chr1	16602708	16603074	LTR/ERVL	772	-	183	16602891	58103
chr1	16544788	16744788	harbor1	chr1	16603092	16603314	LTR/ERVL	607	-	111	16603203	58415
chr1	16544788	16744788	harbor1	chr1	16603356	16603618	LTR/ERVL	466	-	131	16603487	58699
chr1	244605801	244805801	harbor1	chr1	244614282	244614799	LTR/ERVL	802	-	258	244614540	8739
chr1	244605801	244805801	harbor1	chr1	244623017	244623058	LTR/ERVL	619	-	20	244623037	17236
chr1	244605801	244805801	harbor1	chr1	244623370	244623642	LTR/ERVL	619	-	136	244623506	17705
chr1	244605801	244805801	harbor1	chr1	244628305	244628845	LTR/ERVL	1090	-	270	244628575	22774
chr1	244605801	244805801	harbor1	chr1	244629940	244630158	LTR/ERVL	1649	-	109	244630049	24248
chr1	244605801	244805801	harbor1	chr1	244630622	244630702	LTR/ERVL	468	-	40	244630662	24861
chr1	244605801	244805801	harbor1	chr1	244630703	244630889	LTR/ERVL	538	-	93	244630796	24995
chr1	244605801	244805801	harbor1	chr1	244628922	244629511	LTR/ERVL	1649	-	294	244629216	23415
chr1	6685401	6885401	harbor1	chr1	6742745	6743159	LTR/ERVL	3148	-	207	6742952	57551
chr1	16543001	16743001	harbor1	chr1	16602708	16603074	LTR/ERVL	772	-	183	16602891	59890
chr1	16543001	16743001	harbor1	chr1	16603092	16603314	LTR/ERVL	607	-	111	16603203	60202
chr1	16543001	16743001	harbor1	chr1	16603356	16603618	LTR/ERVL	466	-	131	16603487	60486
chr1	16544777	16744777	harbor1	chr1	16602708	16603074	LTR/ERVL	772	-	183	16602891	58114
chr1	16544777	16744777	harbor1	chr1	16603092	16603314	LTR/ERVL	607	-	111	16603203	58426
chr1	16544777	16744777	harbor1	chr1	16603356	16603618	LTR/ERVL	466	-	131	16603487	58710
chr1	16543061	16743061	harbor1	chr1	16602708	16603074	LTR/ERVL	772	-	183	16602891	59830
chr1	16543061	16743061	harbor1	chr1	16603092	16603314	LTR/ERVL	607	-	111	16603203	60142
chr1	16543061	16743061	harbor1	chr1	16603356	16603618	LTR/ERVL	466	-	131	16603487	60426
chr1	39855400	40055400	harbor1	chr1	39942639	39943141	LTR/ERVL	2532	-	251	39942890	87490
chr1	39855400	40055400	harbor1	chr1	39943149	39943308	LTR/ERVL	875	-	80	39943229	87829
chr1	39855400	40055400	harbor1	chr1	39943421	39943524	LTR/ERVL	3727	-	52	39943473	88073
chr1	39855400	40055400	harbor1	chr1	39943655	39944045	LTR/ERVL	3738	-	195	39943850	88450
chr1	39855400	40055400	harbor1	chr1	39944348	39944861	LTR/ERVL	3738	-	256	39944604	89204
chr1	39855400	40055400	harbor1	chr1	39945003	39945094	LTR/ERVL	430	-	46	39945049	89649
chr1	39855400	40055400	harbor1	chr1	39945808	39946427	LTR/ERVL	3621	-	310	39946118	90718
chr1	39855400	40055400	harbor1	chr1	39947087	39947922	LTR/ERVL	11687	-	418	39947505	92105
chr1	39855400	40055400	harbor1	chr1	39948226	39948237	LTR/ERVL	11687	-	6	39948232	92832
chr1	39855400	40055400	harbor1	chr1	39948508	39948810	LTR/ERVL	11687	-	151	39948659	93259
chr1	39855400	40055400	harbor1	chr1	39949122	39949172	LTR/ERVL	11687	-	25	39949147	93747
chr1	39855400	40055400	harbor1	chr1	39949475	39950696	LTR/ERVL	11687	-	610	39950085	94685
chr1	39855400	40055400	harbor1	chr1	39950697	39951238	LTR/ERVL	2612	-	270	39950967	95567
chr1	226638244	226838244	harbor1	chr1	226699785	226700188	LTR/ERVL	3194	-	202	226699987	61743
chr1	226638244	226838244	harbor1	chr1	226700496	226700551	LTR/ERVL	3194	-	28	226700524	62280
chr1	16624842	16824842	harbor1	chr1	16666129	16666278	LTR/ERVL	488	-	74	16666203	41361
chr1	16625292	16825292	harbor1	chr1	16666129	16666278	LTR/ERVL	488	-	74	16666203	40911
chr1	54939721	55139721	harbor1	chr1	54965848	54966010	LTR/ERVL	433	-	81	54965929	26208
chr1	15213281	15413281	harbor1	chr1	15217436	15217917	LTR/ERVL	1750	-	240	15217676	4395
chr1	15213281	15413281	harbor1	chr1	15248250	15248579	LTR/ERVL	2101	-	164	15248414	35133
chr1	15213281	15413281	harbor1	chr1	15248888	15249057	LTR/ERVL	2101	-	84	15248972	35691
chr1	15213189	15413189	harbor1	chr1	15217436	15217917	LTR/ERVL	1750	-	240	15217676	4487
chr1	15213189	15413189	harbor1	chr1	15248250	15248579	LTR/ERVL	2101	-	164	15248414	35225
chr1	15213189	15413189	harbor1	chr1	15248888	15249057	LTR/ERVL	2101	-	84	15248972	35783
chr1	10110200	10310200	harbor1	chr1	10137357	10137879	LTR/ERVL	1429	-	261	10137618	27418
chr1	10110200	10310200	harbor1	chr1	10140592	10141108	LTR/ERVL	1068	-	258	10140850	30650
chr1	205329486	205529486	harbor1	chr1	205368432	205368665	LTR/ERVL	935	-	116	205368548	39062
chr1	205329486	205529486	harbor1	chr1	205368986	205368996	LTR/ERVL	935	-	5	205368991	39505
chr1	205329486	205529486	harbor1	chr1	205369287	205369496	LTR/ERVL	935	-	104	205369391	39905
chr1	205329486	205529486	harbor1	chr1	205377529	205378362	LTR/ERVL	4236	-	416	205377945	48459
chr1	16543101	16743101	harbor1	chr1	16602708	16603074	LTR/ERVL	772	-	183	16602891	59790
chr1	16543101	16743101	harbor1	chr1	16603092	16603314	LTR/ERVL	607	-	111	16603203	60102
chr1	16543101	16743101	harbor1	chr1	16603356	16603618	LTR/ERVL	466	-	131	16603487	60386
chr1	16625346	16825346	harbor1	chr1	16666129	16666278	LTR/ERVL	488	-	74	16666203	40857
chr1	51230829	51430829	harbor1	chr1	51267333	51267698	LTR/ERVL	1905	-	182	51267515	36686
chr1	11740558	11940558	harbor1	chr1	11812130	11812630	LTR/ERVL	2664	-	250	11812380	71822
chr1	4224540	4424540	harbor1	chr1	4285609	4285801	LTR/ERVL	491	-	96	4285705	61165
chr1	4224540	4424540	harbor1	chr1	4300004	4300544	LTR/ERVL	1892	-	270	4300274	75734
chr1	4224540	4424540	harbor1	chr1	4317662	4318356	LTR/ERVL	1279	-	347	4318009	93469
chr1	16544791	16744791	harbor1	chr1	16602708	16603074	LTR/ERVL	772	-	183	16602891	58100
chr1	16544791	16744791	harbor1	chr1	16603092	16603314	LTR/ERVL	607	-	111	16603203	58412
chr1	16544791	16744791	harbor1	chr1	16603356	16603618	LTR/ERVL	466	-	131	16603487	58696
chr1	43447541	43647541	harbor1	chr1	43465622	43466077	LTR/ERVL	763	-	228	43465850	18309
chr1	43447541	43647541	harbor1	chr1	43467473	43467897	LTR/ERVL	1885	-	212	43467685	20144
chr1	43447541	43647541	harbor1	chr1	43469533	43469790	LTR/ERVL	1885	-	128	43469661	22120
chr1	43447541	43647541	harbor1	chr1	43469877	43471318	LTR/ERVL	3011	-	720	43470597	23056
chr1	43447541	43647541	harbor1	chr1	43472757	43473033	LTR/ERVL	798	-	138	43472895	25354
chr1	43447541	43647541	harbor1	chr1	43507201	43507673	LTR/ERVL	932	-	236	43507437	59896
chr1	726325	926325	harbor1	chr1	730502	730654	LTR/ERVL	677	-	76	730578	4253
chr1	726325	926325	harbor1	chr1	733910	734062	LTR/ERVL	678	-	76	733986	7661
chr1	726325	926325	harbor1	chr1	737317	737469	LTR/ERVL	667	-	76	737393	11068
chr1	726325	926325	harbor1	chr1	791822	791993	LTR/ERVL	577	-	86	791908	65583
chr1	726325	926325	harbor1	chr1	794994	795251	LTR/ERVL	646	-	128	795122	68797
chr1	226637969	226837969	harbor1	chr1	226699785	226700188	LTR/ERVL	3194	-	202	226699987	62018
chr1	226637969	226837969	harbor1	chr1	226700496	226700551	LTR/ERVL	3194	-	28	226700524	62555
chr1	25518162	25718162	harbor1	chr1	25524398	25524822	LTR/ERVL	1076	-	212	25524610	6448
chr1	25518162	25718162	harbor1	chr1	25547065	25547201	LTR/ERVL	823	-	68	25547133	28971
chr1	25518162	25718162	harbor1	chr1	25547529	25547626	LTR/ERVL	823	-	48	25547577	29415
chr1	53370479	53570479	harbor1	chr1	53448030	53448912	LTR/ERVL	4516	-	441	53448471	77992
chr1	16625216	16825216	harbor1	chr1	16666129	16666278	LTR/ERVL	488	-	74	16666203	40987
chr1	16625249	16825249	harbor1	chr1	16666129	16666278	LTR/ERVL	488	-	74	16666203	40954
chr1	16544924	16744924	harbor1	chr1	16602708	16603074	LTR/ERVL	772	-	183	16602891	57967
chr1	16544924	16744924	harbor1	chr1	16603092	16603314	LTR/ERVL	607	-	111	16603203	58279
chr1	16544924	16744924	harbor1	chr1	16603356	16603618	LTR/ERVL	466	-	131	16603487	58563
chr1	244589301	244789301	harbor1	chr1	244602804	244603136	LTR/ERVL	1302	-	166	244602970	13669
chr1	244589301	244789301	harbor1	chr1	244603170	244603292	LTR/ERVL	586	-	61	244603231	13930
chr1	244589301	244789301	harbor1	chr1	244614282	244614799	LTR/ERVL	802	-	258	244614540	25239
chr1	244589301	244789301	harbor1	chr1	244623017	244623058	LTR/ERVL	619	-	20	244623037	33736
chr1	244589301	244789301	harbor1	chr1	244623370	244623642	LTR/ERVL	619	-	136	244623506	34205
chr1	244589301	244789301	harbor1	chr1	244628305	244628845	LTR/ERVL	1090	-	270	244628575	39274
chr1	244589301	244789301	harbor1	chr1	244629940	244630158	LTR/ERVL	1649	-	109	244630049	40748
chr1	244589301	244789301	harbor1	chr1	244630622	244630702	LTR/ERVL	468	-	40	244630662	41361
chr1	244589301	244789301	harbor1	chr1	244630703	244630889	LTR/ERVL	538	-	93	244630796	41495
chr1	244589301	244789301	harbor1	chr1	244628922	244629511	LTR/ERVL	1649	-	294	244629216	39915
chr1	16596778	16796778	harbor1	chr1	16602708	16603074	LTR/ERVL	772	-	183	16602891	6113
chr1	16596778	16796778	harbor1	chr1	16603092	16603314	LTR/ERVL	607	-	111	16603203	6425
chr1	16596778	16796778	harbor1	chr1	16603356	16603618	LTR/ERVL	466	-	131	16603487	6709
chr1	16596778	16796778	harbor1	chr1	16666129	16666278	LTR/ERVL	488	-	74	16666203	69425
chr1	16544873	16744873	harbor1	chr1	16602708	16603074	LTR/ERVL	772	-	183	16602891	58018
chr1	16544873	16744873	harbor1	chr1	16603092	16603314	LTR/ERVL	607	-	111	16603203	58330
chr1	16544873	16744873	harbor1	chr1	16603356	16603618	LTR/ERVL	466	-	131	16603487	58614
chr1	16619578	16819578	harbor1	chr1	16666129	16666278	LTR/ERVL	488	-	74	16666203	46625
chr1	16545039	16745039	harbor1	chr1	16602708	16603074	LTR/ERVL	772	-	183	16602891	57852
chr1	16545039	16745039	harbor1	chr1	16603092	16603314	LTR/ERVL	607	-	111	16603203	58164
chr1	16545039	16745039	harbor1	chr1	16603356	16603618	LTR/ERVL	466	-	131	16603487	58448
chr1	16530545	16730545	harbor1	chr1	16602708	16603074	LTR/ERVL	772	-	183	16602891	72346
chr1	16530545	16730545	harbor1	chr1	16603092	16603314	LTR/ERVL	607	-	111	16603203	72658
chr1	16530545	16730545	harbor1	chr1	16603356	16603618	LTR/ERVL	466	-	131	16603487	72942
chr1	2136117	2336117	harbor1	chr1	2136899	2137477	LTR/ERVL	1775	-	289	2137188	1071
chr1	2136117	2336117	harbor1	chr1	2156579	2156875	LTR/ERVL	723	-	148	2156727	20610
chr1	2136117	2336117	harbor1	chr1	2156876	2157339	LTR/ERVL	1758	-	232	2157108	20991
chr1	2136117	2336117	harbor1	chr1	2157340	2157396	LTR/ERVL	519	-	28	2157368	21251
chr1	2136117	2336117	harbor1	chr1	2164257	2164645	LTR/ERVL	1261	-	194	2164451	28334
chr1	226638245	226838245	harbor1	chr1	226699785	226700188	LTR/ERVL	3194	-	202	226699987	61742
chr1	226638245	226838245	harbor1	chr1	226700496	226700551	LTR/ERVL	3194	-	28	226700524	62279
chr1	53846279	54046279	harbor1	chr1	53848894	53849509	LTR/ERVL	2470	-	308	53849202	2923
chr1	53846338	54046338	harbor1	chr1	53848894	53849509	LTR/ERVL	2470	-	308	53849202	2864
chr1	2138467	2338467	harbor1	chr1	2156579	2156875	LTR/ERVL	723	-	148	2156727	18260
chr1	2138467	2338467	harbor1	chr1	2156876	2157339	LTR/ERVL	1758	-	232	2157108	18641
chr1	2138467	2338467	harbor1	chr1	2157340	2157396	LTR/ERVL	519	-	28	2157368	18901
chr1	2138467	2338467	harbor1	chr1	2164257	2164645	LTR/ERVL	1261	-	194	2164451	25984
chr1	16543014	16743014	harbor1	chr1	16602708	16603074	LTR/ERVL	772	-	183	16602891	59877
chr1	16543014	16743014	harbor1	chr1	16603092	16603314	LTR/ERVL	607	-	111	16603203	60189
chr1	16543014	16743014	harbor1	chr1	16603356	16603618	LTR/ERVL	466	-	131	16603487	60473
chr1	1676051	1876051	harbor1	chr1	1683131	1683546	LTR/ERVL	901	-	208	1683339	7288
chr1	16544932	16744932	harbor1	chr1	16602708	16603074	LTR/ERVL	772	-	183	16602891	57959
chr1	16544932	16744932	harbor1	chr1	16603092	16603314	LTR/ERVL	607	-	111	16603203	58271
chr1	16544932	16744932	harbor1	chr1	16603356	16603618	LTR/ERVL	466	-	131	16603487	58555
chr1	16625276	16825276	harbor1	chr1	16666129	16666278	LTR/ERVL	488	-	74	16666203	40927
chr1	211033792	211233792	harbor1	chr1	211116202	211116303	LTR/ERVL	506	-	50	211116252	82460
chr1	211033792	211233792	harbor1	chr1	211124679	211124777	LTR/ERVL	680	-	49	211124728	90936
chr1	211033792	211233792	harbor1	chr1	211124989	211125042	LTR/ERVL	680	-	26	211125015	91223
chr1	211033792	211233792	harbor1	chr1	211125085	211125342	LTR/ERVL	563	-	128	211125213	91421
chr1	59714670	59914670	harbor1	chr1	59777369	59777805	LTR/ERVL	1376	-	218	59777587	62917
chr1	244735088	244935088	harbor1	chr1	244747176	244747462	LTR/ERVL	778	-	143	244747319	12231
chr1	244735088	244935088	harbor1	chr1	244748682	244748897	LTR/ERVL	634	-	108	244748790	13702
chr1	244735088	244935088	harbor1	chr1	244756999	244757217	LTR/ERVL	1367	-	109	244757108	22020
chr1	244735088	244935088	harbor1	chr1	244773123	244773235	LTR/ERVL	1818	-	56	244773179	38091
chr1	244735088	244935088	harbor1	chr1	244773548	244773875	LTR/ERVL	1818	-	164	244773712	38624
chr1	244735088	244935088	harbor1	chr1	244779084	244779567	LTR/ERVL	822	-	242	244779326	44238
chr1	16544427	16744427	harbor1	chr1	16602708	16603074	LTR/ERVL	772	-	183	16602891	58464
chr1	16544427	16744427	harbor1	chr1	16603092	16603314	LTR/ERVL	607	-	111	16603203	58776
chr1	16544427	16744427	harbor1	chr1	16603356	16603618	LTR/ERVL	466	-	131	16603487	59060
chr1	25516681	25716681	harbor1	chr1	25524398	25524822	LTR/ERVL	1076	-	212	25524610	7929
chr1	25516681	25716681	harbor1	chr1	25547065	25547201	LTR/ERVL	823	-	68	25547133	30452
chr1	25516681	25716681	harbor1	chr1	25547529	25547626	LTR/ERVL	823	-	48	25547577	30896
chr1	244605835	244805835	harbor1	chr1	244614282	244614799	LTR/ERVL	802	-	258	244614540	8705
chr1	244605835	244805835	harbor1	chr1	244623017	244623058	LTR/ERVL	619	-	20	244623037	17202
chr1	244605835	244805835	harbor1	chr1	244623370	244623642	LTR/ERVL	619	-	136	244623506	17671
chr1	244605835	244805835	harbor1	chr1	244628305	244628845	LTR/ERVL	1090	-	270	244628575	22740
chr1	244605835	244805835	harbor1	chr1	244629940	244630158	LTR/ERVL	1649	-	109	244630049	24214
chr1	244605835	244805835	harbor1	chr1	244630622	244630702	LTR/ERVL	468	-	40	244630662	24827
chr1	244605835	244805835	harbor1	chr1	244630703	244630889	LTR/ERVL	538	-	93	244630796	24961
chr1	244605835	244805835	harbor1	chr1	244628922	244629511	LTR/ERVL	1649	-	294	244629216	23381
chr1	16545027	16745027	harbor1	chr1	16602708	16603074	LTR/ERVL	772	-	183	16602891	57864
chr1	16545027	16745027	harbor1	chr1	16603092	16603314	LTR/ERVL	607	-	111	16603203	58176
chr1	16545027	16745027	harbor1	chr1	16603356	16603618	LTR/ERVL	466	-	131	16603487	58460
chr1	2138442	2338442	harbor1	chr1	2156579	2156875	LTR/ERVL	723	-	148	2156727	18285
chr1	2138442	2338442	harbor1	chr1	2156876	2157339	LTR/ERVL	1758	-	232	2157108	18666
chr1	2138442	2338442	harbor1	chr1	2157340	2157396	LTR/ERVL	519	-	28	2157368	18926
chr1	2138442	2338442	harbor1	chr1	2164257	2164645	LTR/ERVL	1261	-	194	2164451	26009
chr1	244605400	244805400	harbor1	chr1	244614282	244614799	LTR/ERVL	802	-	258	244614540	9140
chr1	244605400	244805400	harbor1	chr1	244623017	244623058	LTR/ERVL	619	-	20	244623037	17637
chr1	244605400	244805400	harbor1	chr1	244623370	244623642	LTR/ERVL	619	-	136	244623506	18106
chr1	244605400	244805400	harbor1	chr1	244628305	244628845	LTR/ERVL	1090	-	270	244628575	23175
chr1	244605400	244805400	harbor1	chr1	244629940	244630158	LTR/ERVL	1649	-	109	244630049	24649
chr1	244605400	244805400	harbor1	chr1	244630622	244630702	LTR/ERVL	468	-	40	244630662	25262
chr1	244605400	244805400	harbor1	chr1	244630703	244630889	LTR/ERVL	538	-	93	244630796	25396
chr1	244605400	244805400	harbor1	chr1	244628922	244629511	LTR/ERVL	1649	-	294	244629216	23816
chr1	16542903	16742903	harbor1	chr1	16602708	16603074	LTR/ERVL	772	-	183	16602891	59988
chr1	16542903	16742903	harbor1	chr1	16603092	16603314	LTR/ERVL	607	-	111	16603203	60300
chr1	16542903	16742903	harbor1	chr1	16603356	16603618	LTR/ERVL	466	-	131	16603487	60584
chr1	16625337	16825337	harbor1	chr1	16666129	16666278	LTR/ERVL	488	-	74	16666203	40866
chr1	16625340	16825340	harbor1	chr1	16666129	16666278	LTR/ERVL	488	-	74	16666203	40863
chr1	156560255	156760255	harbor1	chr1	156632230	156632591	LTR/ERVL	1148	-	180	156632410	72155
chr1	156560255	156760255	harbor1	chr1	156633288	156634017	LTR/ERVL	4253	-	364	156633652	73397
chr1	156560255	156760255	harbor1	chr1	156634330	156635215	LTR/ERVL	4253	-	442	156634772	74517
chr1	156560255	156760255	harbor1	chr1	156635222	156635387	LTR/ERVL	883	-	82	156635304	75049
chr1	156560255	156760255	harbor1	chr1	156635683	156635871	LTR/ERVL	883	-	94	156635777	75522
chr1	16544809	16744809	harbor1	chr1	16602708	16603074	LTR/ERVL	772	-	183	16602891	58082
chr1	16544809	16744809	harbor1	chr1	16603092	16603314	LTR/ERVL	607	-	111	16603203	58394
chr1	16544809	16744809	harbor1	chr1	16603356	16603618	LTR/ERVL	466	-	131	16603487	58678
chr1	156559410	156759410	harbor1	chr1	156632230	156632591	LTR/ERVL	1148	-	180	156632410	73000
chr1	156559410	156759410	harbor1	chr1	156633288	156634017	LTR/ERVL	4253	-	364	156633652	74242
chr1	156559410	156759410	harbor1	chr1	156634330	156635215	LTR/ERVL	4253	-	442	156634772	75362
chr1	156559410	156759410	harbor1	chr1	156635222	156635387	LTR/ERVL	883	-	82	156635304	75894
chr1	156559410	156759410	harbor1	chr1	156635683	156635871	LTR/ERVL	883	-	94	156635777	76367
chr1	2138106	2338106	harbor1	chr1	2156579	2156875	LTR/ERVL	723	-	148	2156727	18621
chr1	2138106	2338106	harbor1	chr1	2156876	2157339	LTR/ERVL	1758	-	232	2157108	19002
chr1	2138106	2338106	harbor1	chr1	2157340	2157396	LTR/ERVL	519	-	28	2157368	19262
chr1	2138106	2338106	harbor1	chr1	2164257	2164645	LTR/ERVL	1261	-	194	2164451	26345
chr1	16544989	16744989	harbor1	chr1	16602708	16603074	LTR/ERVL	772	-	183	16602891	57902
chr1	16544989	16744989	harbor1	chr1	16603092	16603314	LTR/ERVL	607	-	111	16603203	58214
chr1	16544989	16744989	harbor1	chr1	16603356	16603618	LTR/ERVL	466	-	131	16603487	58498
chr1	16544731	16744731	harbor1	chr1	16602708	16603074	LTR/ERVL	772	-	183	16602891	58160
chr1	16544731	16744731	harbor1	chr1	16603092	16603314	LTR/ERVL	607	-	111	16603203	58472
chr1	16544731	16744731	harbor1	chr1	16603356	16603618	LTR/ERVL	466	-	131	16603487	58756
chr1	28814567	29014567	harbor1	chr1	28833343	28833696	LTR/ERVL	1636	-	176	28833519	18952
chr1	2138449	2338449	harbor1	chr1	2156579	2156875	LTR/ERVL	723	-	148	2156727	18278
chr1	2138449	2338449	harbor1	chr1	2156876	2157339	LTR/ERVL	1758	-	232	2157108	18659
chr1	2138449	2338449	harbor1	chr1	2157340	2157396	LTR/ERVL	519	-	28	2157368	18919
chr1	2138449	2338449	harbor1	chr1	2164257	2164645	LTR/ERVL	1261	-	194	2164451	26002
chr1	16544918	16744918	harbor1	chr1	16602708	16603074	LTR/ERVL	772	-	183	16602891	57973
chr1	16544918	16744918	harbor1	chr1	16603092	16603314	LTR/ERVL	607	-	111	16603203	58285
chr1	16544918	16744918	harbor1	chr1	16603356	16603618	LTR/ERVL	466	-	131	16603487	58569
chr1	31080007	31280007	harbor1	chr1	31146615	31147119	LTR/ERVL	996	-	252	31146867	66860
chr1	726411	926411	harbor1	chr1	730502	730654	LTR/ERVL	677	-	76	730578	4167
chr1	726411	926411	harbor1	chr1	733910	734062	LTR/ERVL	678	-	76	733986	7575
chr1	726411	926411	harbor1	chr1	737317	737469	LTR/ERVL	667	-	76	737393	10982
chr1	726411	926411	harbor1	chr1	791822	791993	LTR/ERVL	577	-	86	791908	65497
chr1	726411	926411	harbor1	chr1	794994	795251	LTR/ERVL	646	-	128	795122	68711
chr1	2138451	2338451	harbor1	chr1	2156579	2156875	LTR/ERVL	723	-	148	2156727	18276
chr1	2138451	2338451	harbor1	chr1	2156876	2157339	LTR/ERVL	1758	-	232	2157108	18657
chr1	2138451	2338451	harbor1	chr1	2157340	2157396	LTR/ERVL	519	-	28	2157368	18917
chr1	2138451	2338451	harbor1	chr1	2164257	2164645	LTR/ERVL	1261	-	194	2164451	26000
chr1	7671217	7871217	harbor1	chr1	7693430	7694107	LTR/ERVL	3360	-	338	7693768	22551
chr1	24895887	25095887	harbor1	chr1	24968585	24969076	LTR/ERVL	1590	-	246	24968831	72944
chr1	24895887	25095887	harbor1	chr1	24973238	24973612	LTR/ERVL	1094	-	187	24973425	77538
chr1	51229911	51429911	harbor1	chr1	51267333	51267698	LTR/ERVL	1905	-	182	51267515	37604
chr1	244605782	244805782	harbor1	chr1	244614282	244614799	LTR/ERVL	802	-	258	244614540	8758
chr1	244605782	244805782	harbor1	chr1	244623017	244623058	LTR/ERVL	619	-	20	244623037	17255
chr1	244605782	244805782	harbor1	chr1	244623370	244623642	LTR/ERVL	619	-	136	244623506	17724
chr1	244605782	244805782	harbor1	chr1	244628305	244628845	LTR/ERVL	1090	-	270	244628575	22793
chr1	244605782	244805782	harbor1	chr1	244629940	244630158	LTR/ERVL	1649	-	109	244630049	24267
chr1	244605782	244805782	harbor1	chr1	244630622	244630702	LTR/ERVL	468	-	40	244630662	24880
chr1	244605782	244805782	harbor1	chr1	244630703	244630889	LTR/ERVL	538	-	93	244630796	25014
chr1	244605782	244805782	harbor1	chr1	244628922	244629511	LTR/ERVL	1649	-	294	244629216	23434
chr1	20048547	20248547	harbor1	chr1	20081357	20081692	LTR/ERVL	1138	-	168	20081525	32978
chr1	20048547	20248547	harbor1	chr1	20082677	20082822	LTR/ERVL	541	-	72	20082749	34202
chr1	20048547	20248547	harbor1	chr1	20112609	20113064	LTR/ERVL	1124	-	228	20112837	64290
chr1	16544880	16744880	harbor1	chr1	16602708	16603074	LTR/ERVL	772	-	183	16602891	58011
chr1	16544880	16744880	harbor1	chr1	16603092	16603314	LTR/ERVL	607	-	111	16603203	58323
chr1	16544880	16744880	harbor1	chr1	16603356	16603618	LTR/ERVL	466	-	131	16603487	58607
chr1	16544895	16744895	harbor1	chr1	16602708	16603074	LTR/ERVL	772	-	183	16602891	57996
chr1	16544895	16744895	harbor1	chr1	16603092	16603314	LTR/ERVL	607	-	111	16603203	58308
chr1	16544895	16744895	harbor1	chr1	16603356	16603618	LTR/ERVL	466	-	131	16603487	58592
chr1	16625259	16825259	harbor1	chr1	16666129	16666278	LTR/ERVL	488	-	74	16666203	40944
chr1	16625336	16825336	harbor1	chr1	16666129	16666278	LTR/ERVL	488	-	74	16666203	40867
chr1	3845228	4045228	harbor1	chr1	3908504	3908664	LTR/ERVL	673	-	80	3908584	63356
chr1	3845228	4045228	harbor1	chr1	3908879	3909380	LTR/ERVL	1365	-	250	3909129	63901
chr1	3845228	4045228	harbor1	chr1	3927523	3927978	LTR/ERVL	2458	-	228	3927751	82523
chr1	2138561	2338561	harbor1	chr1	2156579	2156875	LTR/ERVL	723	-	148	2156727	18166
chr1	2138561	2338561	harbor1	chr1	2156876	2157339	LTR/ERVL	1758	-	232	2157108	18547
chr1	2138561	2338561	harbor1	chr1	2157340	2157396	LTR/ERVL	519	-	28	2157368	18807
chr1	2138561	2338561	harbor1	chr1	2164257	2164645	LTR/ERVL	1261	-	194	2164451	25890
chr1	16544752	16744752	harbor1	chr1	16602708	16603074	LTR/ERVL	772	-	183	16602891	58139
chr1	16544752	16744752	harbor1	chr1	16603092	16603314	LTR/ERVL	607	-	111	16603203	58451
chr1	16544752	16744752	harbor1	chr1	16603356	16603618	LTR/ERVL	466	-	131	16603487	58735
chr1	194372730	194572730	harbor1	chr1	194379185	194379669	LTR/ERVL	2088	-	242	194379427	6697
chr1	194372730	194572730	harbor1	chr1	194469197	194469485	LTR/ERVL	529	-	144	194469341	96611
chr1	194372730	194572730	harbor1	chr1	194469504	194469879	LTR/ERVL	506	-	188	194469692	96962
chr1	230025255	230225255	harbor1	chr1	230098415	230098841	LTR/ERVL	2543	-	213	230098628	73373
chr1	28814559	29014559	harbor1	chr1	28833343	28833696	LTR/ERVL	1636	-	176	28833519	18960
chr1	47316981	47516981	harbor1	chr1	47317902	47318166	LTR/ERVL	1239	-	132	47318034	1053
chr1	47316981	47516981	harbor1	chr1	47342407	47342527	LTR/ERVL	846	-	60	47342467	25486
chr1	222687998	222887998	harbor1	chr1	222768771	222769484	LTR/ERVL	3366	-	356	222769127	81129
chr1	222687998	222887998	harbor1	chr1	222770612	222770971	LTR/ERVL	1367	-	180	222770792	82794
chr1	222687998	222887998	harbor1	chr1	222771682	222771809	LTR/ERVL	1367	-	64	222771746	83748
chr1	16625314	16825314	harbor1	chr1	16666129	16666278	LTR/ERVL	488	-	74	16666203	40889
chr1	11740582	11940582	harbor1	chr1	11812130	11812630	LTR/ERVL	2664	-	250	11812380	71798
chr1	153435311	153635311	harbor1	chr1	153470032	153470498	LTR/ERVL	1872	-	233	153470265	34954
chr1	153435311	153635311	harbor1	chr1	153470505	153471690	LTR/ERVL	4373	-	592	153471097	35786
chr1	153435311	153635311	harbor1	chr1	153472791	153474206	LTR/ERVL	4806	-	708	153473499	38188
chr1	16523548	16723548	harbor1	chr1	16602708	16603074	LTR/ERVL	772	-	183	16602891	79343
chr1	16523548	16723548	harbor1	chr1	16603092	16603314	LTR/ERVL	607	-	111	16603203	79655
chr1	16523548	16723548	harbor1	chr1	16603356	16603618	LTR/ERVL	466	-	131	16603487	79939
chr1	207819139	208019139	harbor1	chr1	207914051	207914144	LTR/ERVL	481	-	46	207914097	94958
chr1	207819139	208019139	harbor1	chr1	207914145	207914780	LTR/ERVL	2250	-	318	207914463	95324
chr1	207819139	208019139	harbor1	chr1	207914982	207915131	LTR/ERVL	803	-	74	207915056	95917
chr1	89721428	89921428	harbor1	chr1	89741126	89742062	LTR/ERVL	3352	-	468	89741594	20166
chr1	89721428	89921428	harbor1	chr1	89781553	89781960	LTR/ERVL	1689	-	204	89781757	60329
chr1	89721428	89921428	harbor1	chr1	89782005	89782259	LTR/ERVL	862	-	127	89782132	60704
chr1	89721428	89921428	harbor1	chr1	89784367	89784570	LTR/ERVL	1154	-	102	89784469	63041
chr1	89721428	89921428	harbor1	chr1	89785039	89785225	LTR/ERVL	1154	-	93	89785132	63704
chr1	89721428	89921428	harbor1	chr1	89812211	89812772	LTR/ERVL	2991	-	280	89812491	91063
chr1	9589512	9789512	harbor1	chr1	9660528	9660772	LTR/ERVL	1026	-	122	9660650	71138
chr1	9589512	9789512	harbor1	chr1	9662992	9663565	LTR/ERVL	2708	-	286	9663278	73766
chr1	9589512	9789512	harbor1	chr1	9664358	9664921	LTR/ERVL	2503	-	282	9664640	75128
chr1	9589512	9789512	harbor1	chr1	9665224	9665363	LTR/ERVL	2503	-	70	9665294	75782
chr1	9589512	9789512	harbor1	chr1	9665448	9665747	LTR/ERVL	1022	-	150	9665598	76086
chr1	220687422	220887422	harbor1	chr1	220703962	220704159	LTR/ERVL	877	-	98	220704060	16638
chr1	220687422	220887422	harbor1	chr1	220705050	220705247	LTR/ERVL	562	-	98	220705148	17726
chr1	220687422	220887422	harbor1	chr1	220714476	220715408	LTR/ERVL	4186	-	466	220714942	27520
chr1	220687422	220887422	harbor1	chr1	220755310	220755847	LTR/ERVL	2370	-	268	220755578	68156
chr1	204879064	205079064	harbor1	chr1	204891130	204891269	LTR/ERVL	464	-	70	204891200	12136
chr1	204879064	205079064	harbor1	chr1	204891360	204891639	LTR/ERVL	588	-	140	204891500	12436
chr1	16625248	16825248	harbor1	chr1	16666129	16666278	LTR/ERVL	488	-	74	16666203	40955
chr1	23877841	24077841	harbor1	chr1	23933103	23933189	LTR/ERVL	2665	-	43	23933146	55305
chr1	23877841	24077841	harbor1	chr1	23933651	23934171	LTR/ERVL	2665	-	260	23933911	56070
chr1	23877841	24077841	harbor1	chr1	23934178	23934332	LTR/ERVL	683	-	77	23934255	56414
chr1	53846292	54046292	harbor1	chr1	53848894	53849509	LTR/ERVL	2470	-	308	53849202	2910
chr1	207924797	208124797	harbor1	chr1	207983032	207983214	LTR/ERVL	572	-	91	207983123	58326
chr1	7604696	7804696	harbor1	chr1	7693430	7694107	LTR/ERVL	3360	-	338	7693768	89072
chr1	53370409	53570409	harbor1	chr1	53448030	53448912	LTR/ERVL	4516	-	441	53448471	78062
chr1	19565207	19765207	harbor1	chr1	19571430	19571653	LTR/ERVL	739	-	112	19571542	6335
chr1	19565207	19765207	harbor1	chr1	19572015	19572203	LTR/ERVL	706	-	94	19572109	6902
chr1	19565207	19765207	harbor1	chr1	19572523	19572549	LTR/ERVL	437	-	13	19572536	7329
chr1	19565207	19765207	harbor1	chr1	19572896	19573076	LTR/ERVL	437	-	90	19572986	7779
chr1	19565207	19765207	harbor1	chr1	19586660	19586780	LTR/ERVL	502	-	60	19586720	21513
chr1	43447553	43647553	harbor1	chr1	43465622	43466077	LTR/ERVL	763	-	228	43465850	18297
chr1	43447553	43647553	harbor1	chr1	43467473	43467897	LTR/ERVL	1885	-	212	43467685	20132
chr1	43447553	43647553	harbor1	chr1	43469533	43469790	LTR/ERVL	1885	-	128	43469661	22108
chr1	43447553	43647553	harbor1	chr1	43469877	43471318	LTR/ERVL	3011	-	720	43470597	23044
chr1	43447553	43647553	harbor1	chr1	43472757	43473033	LTR/ERVL	798	-	138	43472895	25342
chr1	43447553	43647553	harbor1	chr1	43507201	43507673	LTR/ERVL	932	-	236	43507437	59884
chr1	2138430	2338430	harbor1	chr1	2156579	2156875	LTR/ERVL	723	-	148	2156727	18297
chr1	2138430	2338430	harbor1	chr1	2156876	2157339	LTR/ERVL	1758	-	232	2157108	18678
chr1	2138430	2338430	harbor1	chr1	2157340	2157396	LTR/ERVL	519	-	28	2157368	18938
chr1	2138430	2338430	harbor1	chr1	2164257	2164645	LTR/ERVL	1261	-	194	2164451	26021
chr1	53846310	54046310	harbor1	chr1	53848894	53849509	LTR/ERVL	2470	-	308	53849202	2892
chr1	25773550	25973550	harbor1	chr1	25818459	25818747	LTR/ERVL	440	-	144	25818603	45053
chr1	16544750	16744750	harbor1	chr1	16602708	16603074	LTR/ERVL	772	-	183	16602891	58141
chr1	16544750	16744750	harbor1	chr1	16603092	16603314	LTR/ERVL	607	-	111	16603203	58453
chr1	16544750	16744750	harbor1	chr1	16603356	16603618	LTR/ERVL	466	-	131	16603487	58737
chr1	245603515	245803515	harbor1	chr1	245674910	245675559	LTR/ERVL	2225	-	324	245675234	71719
chr1	40761841	40961841	harbor1	chr1	40840769	40841329	LTR/ERVL	760	-	280	40841049	79208
chr1	40761841	40961841	harbor1	chr1	40841383	40841857	LTR/ERVL	2691	-	237	40841620	79779
chr1	40761841	40961841	harbor1	chr1	40842156	40842571	LTR/ERVL	2691	-	208	40842364	80523
chr1	40761841	40961841	harbor1	chr1	40843054	40843134	LTR/ERVL	2691	-	40	40843094	81253
chr1	40761841	40961841	harbor1	chr1	40843127	40843705	LTR/ERVL	2305	-	289	40843416	81575
chr1	40761841	40961841	harbor1	chr1	40847235	40847635	LTR/ERVL	1058	-	200	40847435	85594
chr1	230759103	230959103	harbor1	chr1	230769538	230769616	LTR/ERVL	1969	-	39	230769577	10474
chr1	230759103	230959103	harbor1	chr1	230770101	230770530	LTR/ERVL	1969	-	214	230770315	11212
chr1	230759103	230959103	harbor1	chr1	230815735	230816017	LTR/ERVL	999	-	141	230815876	56773
chr1	16625224	16825224	harbor1	chr1	16666129	16666278	LTR/ERVL	488	-	74	16666203	40979
chr1	24195409	24395409	harbor1	chr1	24230181	24230421	LTR/ERVL	545	-	120	24230301	34892
chr1	24195409	24395409	harbor1	chr1	24230564	24230798	LTR/ERVL	823	-	117	24230681	35272
chr1	24195409	24395409	harbor1	chr1	24231132	24231552	LTR/ERVL	1330	-	210	24231342	35933
chr1	16544828	16744828	harbor1	chr1	16602708	16603074	LTR/ERVL	772	-	183	16602891	58063
chr1	16544828	16744828	harbor1	chr1	16603092	16603314	LTR/ERVL	607	-	111	16603203	58375
chr1	16544828	16744828	harbor1	chr1	16603356	16603618	LTR/ERVL	466	-	131	16603487	58659
chr1	2137893	2337893	harbor1	chr1	2156579	2156875	LTR/ERVL	723	-	148	2156727	18834
chr1	2137893	2337893	harbor1	chr1	2156876	2157339	LTR/ERVL	1758	-	232	2157108	19215
chr1	2137893	2337893	harbor1	chr1	2157340	2157396	LTR/ERVL	519	-	28	2157368	19475
chr1	2137893	2337893	harbor1	chr1	2164257	2164645	LTR/ERVL	1261	-	194	2164451	26558
chr1	16544915	16744915	harbor1	chr1	16602708	16603074	LTR/ERVL	772	-	183	16602891	57976
chr1	16544915	16744915	harbor1	chr1	16603092	16603314	LTR/ERVL	607	-	111	16603203	58288
chr1	16544915	16744915	harbor1	chr1	16603356	16603618	LTR/ERVL	466	-	131	16603487	58572
chr1	31972870	32172870	harbor1	chr1	31977642	31977876	LTR/ERVL	735	-	117	31977759	4889
chr1	31972870	32172870	harbor1	chr1	31994149	31994424	LTR/ERVL	801	-	138	31994287	21417
chr1	31972870	32172870	harbor1	chr1	31994776	31995333	LTR/ERVL	1885	-	278	31995054	22184
chr1	16625200	16825200	harbor1	chr1	16666129	16666278	LTR/ERVL	488	-	74	16666203	41003
chr1	16544721	16744721	harbor1	chr1	16602708	16603074	LTR/ERVL	772	-	183	16602891	58170
chr1	16544721	16744721	harbor1	chr1	16603092	16603314	LTR/ERVL	607	-	111	16603203	58482
chr1	16544721	16744721	harbor1	chr1	16603356	16603618	LTR/ERVL	466	-	131	16603487	58766
chr1	205329484	205529484	harbor1	chr1	205368432	205368665	LTR/ERVL	935	-	116	205368548	39064
chr1	205329484	205529484	harbor1	chr1	205368986	205368996	LTR/ERVL	935	-	5	205368991	39507
chr1	205329484	205529484	harbor1	chr1	205369287	205369496	LTR/ERVL	935	-	104	205369391	39907
chr1	205329484	205529484	harbor1	chr1	205377529	205378362	LTR/ERVL	4236	-	416	205377945	48461
chr1	248592141	248792141	harbor1	chr1	248607203	248607411	LTR/ERVL	434	-	104	248607307	15166
chr1	2138476	2338476	harbor1	chr1	2156579	2156875	LTR/ERVL	723	-	148	2156727	18251
chr1	2138476	2338476	harbor1	chr1	2156876	2157339	LTR/ERVL	1758	-	232	2157108	18632
chr1	2138476	2338476	harbor1	chr1	2157340	2157396	LTR/ERVL	519	-	28	2157368	18892
chr1	2138476	2338476	harbor1	chr1	2164257	2164645	LTR/ERVL	1261	-	194	2164451	25975
chr1	6685469	6885469	harbor1	chr1	6742745	6743159	LTR/ERVL	3148	-	207	6742952	57483
chr1	244605833	244805833	harbor1	chr1	244614282	244614799	LTR/ERVL	802	-	258	244614540	8707
chr1	244605833	244805833	harbor1	chr1	244623017	244623058	LTR/ERVL	619	-	20	244623037	17204
chr1	244605833	244805833	harbor1	chr1	244623370	244623642	LTR/ERVL	619	-	136	244623506	17673
chr1	244605833	244805833	harbor1	chr1	244628305	244628845	LTR/ERVL	1090	-	270	244628575	22742
chr1	244605833	244805833	harbor1	chr1	244629940	244630158	LTR/ERVL	1649	-	109	244630049	24216
chr1	244605833	244805833	harbor1	chr1	244630622	244630702	LTR/ERVL	468	-	40	244630662	24829
chr1	244605833	244805833	harbor1	chr1	244630703	244630889	LTR/ERVL	538	-	93	244630796	24963
chr1	244605833	244805833	harbor1	chr1	244628922	244629511	LTR/ERVL	1649	-	294	244629216	23383
chr1	40913010	41113010	harbor1	chr1	40954688	40955242	LTR/ERVL	1043	-	277	40954965	41955
chr1	40913010	41113010	harbor1	chr1	40975220	40975365	LTR/ERVL	444	-	72	40975292	62282
chr1	155154854	155354854	harbor1	chr1	155160993	155161237	LTR/ERVL	991	-	122	155161115	6261
chr1	234508642	234708642	harbor1	chr1	234556317	234556496	LTR/ERVL	2086	-	90	234556407	47765
chr1	234508642	234708642	harbor1	chr1	234556844	234557131	LTR/ERVL	2086	-	144	234556988	48346
chr1	234508642	234708642	harbor1	chr1	234557441	234557706	LTR/ERVL	2086	-	132	234557573	48931
chr1	211033696	211233696	harbor1	chr1	211116202	211116303	LTR/ERVL	506	-	50	211116252	82556
chr1	211033696	211233696	harbor1	chr1	211124679	211124777	LTR/ERVL	680	-	49	211124728	91032
chr1	211033696	211233696	harbor1	chr1	211124989	211125042	LTR/ERVL	680	-	26	211125015	91319
chr1	211033696	211233696	harbor1	chr1	211125085	211125342	LTR/ERVL	563	-	128	211125213	91517
chr1	24895890	25095890	harbor1	chr1	24968585	24969076	LTR/ERVL	1590	-	246	24968831	72941
chr1	24895890	25095890	harbor1	chr1	24973238	24973612	LTR/ERVL	1094	-	187	24973425	77535
chr1	16545016	16745016	harbor1	chr1	16602708	16603074	LTR/ERVL	772	-	183	16602891	57875
chr1	16545016	16745016	harbor1	chr1	16603092	16603314	LTR/ERVL	607	-	111	16603203	58187
chr1	16545016	16745016	harbor1	chr1	16603356	16603618	LTR/ERVL	466	-	131	16603487	58471
chr1	16625343	16825343	harbor1	chr1	16666129	16666278	LTR/ERVL	488	-	74	16666203	40860
chr1	16512786	16712786	harbor1	chr1	16513455	16513604	LTR/ERVL	479	-	74	16513529	743
chr1	16512786	16712786	harbor1	chr1	16602708	16603074	LTR/ERVL	772	-	183	16602891	90105
chr1	16512786	16712786	harbor1	chr1	16603092	16603314	LTR/ERVL	607	-	111	16603203	90417
chr1	16512786	16712786	harbor1	chr1	16603356	16603618	LTR/ERVL	466	-	131	16603487	90701
chr1	6351794	6551794	harbor1	chr1	6384637	6384836	LTR/ERVL	770	-	100	6384737	32943
chr1	226307818	226507818	harbor1	chr1	226324894	226324935	LTR/ERVL	2496	-	20	226324914	17096
chr1	226307818	226507818	harbor1	chr1	226324978	226325530	LTR/ERVL	2846	-	276	226325254	17436
chr1	226307818	226507818	harbor1	chr1	226357508	226357984	LTR/ERVL	1367	-	238	226357746	49928
chr1	226307818	226507818	harbor1	chr1	226358180	226358354	LTR/ERVL	553	-	87	226358267	50449
chr1	2136208	2336208	harbor1	chr1	2136899	2137477	LTR/ERVL	1775	-	289	2137188	980
chr1	2136208	2336208	harbor1	chr1	2156579	2156875	LTR/ERVL	723	-	148	2156727	20519
chr1	2136208	2336208	harbor1	chr1	2156876	2157339	LTR/ERVL	1758	-	232	2157108	20900
chr1	2136208	2336208	harbor1	chr1	2157340	2157396	LTR/ERVL	519	-	28	2157368	21160
chr1	2136208	2336208	harbor1	chr1	2164257	2164645	LTR/ERVL	1261	-	194	2164451	28243
chr1	25330942	25530942	harbor1	chr1	25332787	25333320	LTR/ERVL	2434	-	266	25333053	2111
chr2	26950219	27150219	harbor1	chr2	27041966	27042193	LTR/ERVL	623	-	114	27042080	91861
chr2	26950237	27150237	harbor1	chr2	27041966	27042193	LTR/ERVL	623	-	114	27042080	91843
chr2	86976337	87176337	harbor1	chr2	86993486	86993518	LTR/ERVL	2707	-	16	86993502	17165
chr2	86976337	87176337	harbor1	chr2	86993558	86993921	LTR/ERVL	2707	-	182	86993740	17403
chr2	86976337	87176337	harbor1	chr2	87056872	87057036	LTR/ERVL	997	-	82	87056954	80617
chr2	53759964	53959964	harbor1	chr2	53819271	53820066	LTR/ERVL	2313	-	398	53819669	59705
chr2	63488508	63688508	harbor1	chr2	63566613	63567450	LTR/ERVL	3235	-	418	63567031	78523
chr2	63488508	63688508	harbor1	chr2	63576030	63576870	LTR/ERVL	4279	-	420	63576450	87942
chr2	983577	1183577	harbor1	chr2	1057327	1057753	LTR/ERVL	2889	-	213	1057540	73963
chr2	158868018	159068018	harbor1	chr2	158916068	158916292	LTR/ERVL	814	-	112	158916180	48162
chr2	158868018	159068018	harbor1	chr2	158933638	158933915	LTR/ERVL	975	-	138	158933776	65758
chr2	241405862	241605862	harbor1	chr2	241482057	241482373	LTR/ERVL	486	-	158	241482215	76353
chr2	219458053	219658053	harbor1	chr2	219534273	219534698	LTR/ERVL	1265	-	212	219534485	76432
chr2	42069399	42269399	harbor1	chr2	42074087	42074565	LTR/ERVL	1384	-	239	42074326	4927
chr2	42033084	42233084	harbor1	chr2	42074087	42074565	LTR/ERVL	1384	-	239	42074326	41242
chr2	26950242	27150242	harbor1	chr2	27041966	27042193	LTR/ERVL	623	-	114	27042080	91838
chr2	44988947	45188947	harbor1	chr2	45066186	45066614	LTR/ERVL	2866	-	214	45066400	77453
chr2	44988947	45188947	harbor1	chr2	45068061	45068471	LTR/ERVL	1579	-	205	45068266	79319
chr2	84760927	84960927	harbor1	chr2	84763768	84764202	LTR/ERVL	2317	-	217	84763985	3058
chr2	84760927	84960927	harbor1	chr2	84815163	84815358	LTR/ERVL	489	-	98	84815261	54334
chr2	84760927	84960927	harbor1	chr2	84815388	84815678	LTR/ERVL	501	-	145	84815533	54606
chr2	219383264	219583264	harbor1	chr2	219394871	219394960	LTR/ERVL	2811	-	44	219394915	11651
chr2	219383264	219583264	harbor1	chr2	219395248	219395602	LTR/ERVL	2811	-	177	219395425	12161
chr2	113484040	113684040	harbor1	chr2	113557927	113558086	LTR/ERVL	886	-	80	113558007	73967
chr2	113484040	113684040	harbor1	chr2	113557269	113557505	LTR/ERVL	1477	-	118	113557387	73347
chr2	85461791	85661791	harbor1	chr2	85501051	85501540	LTR/ERVL	1332	-	244	85501295	39504
chr2	85461791	85661791	harbor1	chr2	85533827	85533865	LTR/ERVL	887	-	19	85533846	72055
chr2	85461791	85661791	harbor1	chr2	85534157	85534426	LTR/ERVL	887	-	134	85534291	72500
chr2	85461791	85661791	harbor1	chr2	85534415	85534691	LTR/ERVL	1628	-	138	85534553	72762
chr2	207648472	207848472	harbor1	chr2	207696751	207697282	LTR/ERVL	2558	-	266	207697017	48545
chr2	207648472	207848472	harbor1	chr2	207701635	207701797	LTR/ERVL	769	-	81	207701716	53244
chr2	207648472	207848472	harbor1	chr2	207702111	207702500	LTR/ERVL	1008	-	194	207702305	53833
chr2	207648472	207848472	harbor1	chr2	207702806	207702879	LTR/ERVL	1008	-	36	207702842	54370
chr2	237867399	238067399	harbor1	chr2	237880660	237880923	LTR/ERVL	1158	-	132	237880792	13393
chr2	237867399	238067399	harbor1	chr2	237915557	237915889	LTR/ERVL	446	-	166	237915723	48324
chr2	237867399	238067399	harbor1	chr2	237940742	237941145	LTR/ERVL	946	-	202	237940944	73545
chr2	71780774	71980774	harbor1	chr2	71805459	71806066	LTR/ERVL	1838	-	304	71805763	24989
chr2	71780774	71980774	harbor1	chr2	71832735	71833151	LTR/ERVL	1315	-	208	71832943	52169
chr2	53759991	53959991	harbor1	chr2	53819271	53820066	LTR/ERVL	2313	-	398	53819669	59678
chr2	113484101	113684101	harbor1	chr2	113557927	113558086	LTR/ERVL	886	-	80	113558007	73906
chr2	113484101	113684101	harbor1	chr2	113557269	113557505	LTR/ERVL	1477	-	118	113557387	73286
chr2	113484028	113684028	harbor1	chr2	113557927	113558086	LTR/ERVL	886	-	80	113558007	73979
chr2	113484028	113684028	harbor1	chr2	113557269	113557505	LTR/ERVL	1477	-	118	113557387	73359
chr2	219335190	219535190	harbor1	chr2	219349399	219349631	LTR/ERVL	1025	-	116	219349515	14325
chr2	219335190	219535190	harbor1	chr2	219368710	219369173	LTR/ERVL	1780	-	232	219368942	33752
chr2	219335190	219535190	harbor1	chr2	219369684	219369812	LTR/ERVL	445	-	64	219369748	34558
chr2	219335190	219535190	harbor1	chr2	219394871	219394960	LTR/ERVL	2811	-	44	219394915	59725
chr2	219335190	219535190	harbor1	chr2	219395248	219395602	LTR/ERVL	2811	-	177	219395425	60235
chr2	219335190	219535190	harbor1	chr2	219348820	219349094	LTR/ERVL	1025	-	137	219348957	13767
chr2	47682917	47882917	harbor1	chr2	47687487	47687569	LTR/ERVL	2149	-	41	47687528	4611
chr2	47682917	47882917	harbor1	chr2	47687884	47688008	LTR/ERVL	2149	-	62	47687946	5029
chr2	47682917	47882917	harbor1	chr2	47688347	47688993	LTR/ERVL	2149	-	323	47688670	5753
chr2	47682917	47882917	harbor1	chr2	47694157	47694316	LTR/ERVL	990	-	80	47694237	11320
chr2	47682917	47882917	harbor1	chr2	47712049	47712096	LTR/ERVL	537	-	24	47712073	29156
chr2	47682917	47882917	harbor1	chr2	47712383	47712811	LTR/ERVL	905	-	214	47712597	29680
chr2	47682917	47882917	harbor1	chr2	47713431	47713609	LTR/ERVL	905	-	89	47713520	30603
chr2	47682917	47882917	harbor1	chr2	47762784	47763229	LTR/ERVL	3153	-	222	47763006	80089
chr2	113484029	113684029	harbor1	chr2	113557927	113558086	LTR/ERVL	886	-	80	113558007	73978
chr2	113484029	113684029	harbor1	chr2	113557269	113557505	LTR/ERVL	1477	-	118	113557387	73358
chr2	111955709	112155709	harbor1	chr2	111975771	111976277	LTR/ERVL	2376	-	253	111976024	20315
chr2	111955709	112155709	harbor1	chr2	111976283	111976522	LTR/ERVL	1543	-	120	111976403	20694
chr2	111955709	112155709	harbor1	chr2	111976572	111976599	LTR/ERVL	1543	-	14	111976586	20877
chr2	111955709	112155709	harbor1	chr2	111983930	111984411	LTR/ERVL	2120	-	240	111984170	28461
chr2	207668782	207868782	harbor1	chr2	207696751	207697282	LTR/ERVL	2558	-	266	207697017	28235
chr2	207668782	207868782	harbor1	chr2	207701635	207701797	LTR/ERVL	769	-	81	207701716	32934
chr2	207668782	207868782	harbor1	chr2	207702111	207702500	LTR/ERVL	1008	-	194	207702305	33523
chr2	207668782	207868782	harbor1	chr2	207702806	207702879	LTR/ERVL	1008	-	36	207702842	34060
chr2	27018955	27218955	harbor1	chr2	27041966	27042193	LTR/ERVL	623	-	114	27042080	23125
chr2	26403762	26603762	harbor1	chr2	26404200	26405320	LTR/ERVL	2981	-	560	26404760	998
chr2	113484023	113684023	harbor1	chr2	113557927	113558086	LTR/ERVL	886	-	80	113558007	73984
chr2	113484023	113684023	harbor1	chr2	113557269	113557505	LTR/ERVL	1477	-	118	113557387	73364
chr2	86976362	87176362	harbor1	chr2	86993486	86993518	LTR/ERVL	2707	-	16	86993502	17140
chr2	86976362	87176362	harbor1	chr2	86993558	86993921	LTR/ERVL	2707	-	182	86993740	17378
chr2	86976362	87176362	harbor1	chr2	87056872	87057036	LTR/ERVL	997	-	82	87056954	80592
chr2	26403771	26603771	harbor1	chr2	26404200	26405320	LTR/ERVL	2981	-	560	26404760	989
chr2	129830912	130030912	harbor1	chr2	129901332	129901559	LTR/ERVL	1073	-	114	129901446	70534
chr2	26950298	27150298	harbor1	chr2	27041966	27042193	LTR/ERVL	623	-	114	27042080	91782
chr2	130256054	130456054	harbor1	chr2	130332965	130333076	LTR/ERVL	627	-	56	130333021	76967
chr2	9301841	9501841	harbor1	chr2	9384384	9384788	LTR/ERVL	2572	-	202	9384586	82745
chr2	9301841	9501841	harbor1	chr2	9384890	9385032	LTR/ERVL	2572	-	71	9384961	83120
chr2	70771149	70971149	harbor1	chr2	70796596	70796840	LTR/ERVL	450	-	122	70796718	25569
chr2	70771149	70971149	harbor1	chr2	70829198	70829694	LTR/ERVL	2414	-	248	70829446	58297
chr2	152250414	152450414	harbor1	chr2	152282834	152283032	LTR/ERVL	714	-	99	152282933	32519
chr2	152250414	152450414	harbor1	chr2	152326413	152326469	LTR/ERVL	1332	-	28	152326441	76027
chr2	152250414	152450414	harbor1	chr2	152326770	152327059	LTR/ERVL	1332	-	144	152326914	76500
chr2	59821692	60021692	harbor1	chr2	59825648	59826154	LTR/ERVL	626	-	253	59825901	4209
chr2	85502391	85702391	harbor1	chr2	85533827	85533865	LTR/ERVL	887	-	19	85533846	31455
chr2	85502391	85702391	harbor1	chr2	85534157	85534426	LTR/ERVL	887	-	134	85534291	31900
chr2	85502391	85702391	harbor1	chr2	85534415	85534691	LTR/ERVL	1628	-	138	85534553	32162
chr2	131392202	131592202	harbor1	chr2	131446300	131446757	LTR/ERVL	2117	-	228	131446528	54326
chr2	131392202	131592202	harbor1	chr2	131477336	131477714	LTR/ERVL	1061	-	189	131477525	85323
chr2	113177630	113377630	harbor1	chr2	113256110	113256452	LTR/ERVL	855	-	171	113256281	78651
chr2	22969090	23169090	harbor1	chr2	22990436	22991160	LTR/ERVL	1502	-	362	22990798	21708
chr2	22969090	23169090	harbor1	chr2	23000005	23000499	LTR/ERVL	2272	-	247	23000252	31162
chr2	22969090	23169090	harbor1	chr2	23027058	23027525	LTR/ERVL	2519	-	234	23027292	58202
chr2	219458132	219658132	harbor1	chr2	219534273	219534698	LTR/ERVL	1265	-	212	219534485	76353
chr2	21176381	21376381	harbor1	chr2	21180498	21182106	LTR/ERVL	3436	-	804	21181302	4921
chr2	21176381	21376381	harbor1	chr2	21182290	21183071	LTR/ERVL	1213	-	390	21182680	6299
chr2	21176381	21376381	harbor1	chr2	21205510	21206001	LTR/ERVL	1011	-	246	21205756	29375
chr2	21176381	21376381	harbor1	chr2	21206222	21206366	LTR/ERVL	1011	-	72	21206294	29913
chr2	21176381	21376381	harbor1	chr2	21208135	21208360	LTR/ERVL	1102	-	112	21208247	31866
chr2	21176381	21376381	harbor1	chr2	21215715	21215937	LTR/ERVL	935	-	111	21215826	39445
chr2	21176381	21376381	harbor1	chr2	21264504	21264849	LTR/ERVL	1130	-	172	21264676	88295
chr2	21176381	21376381	harbor1	chr2	21264863	21265032	LTR/ERVL	565	-	84	21264947	88566
chr2	21176381	21376381	harbor1	chr2	21183544	21184746	LTR/ERVL	2012	-	601	21184145	7764
chr2	26403748	26603748	harbor1	chr2	26404200	26405320	LTR/ERVL	2981	-	560	26404760	1012
chr2	151310331	151510331	harbor1	chr2	151336970	151337361	LTR/ERVL	733	-	196	151337166	26835
chr2	151310331	151510331	harbor1	chr2	151382891	151383162	LTR/ERVL	581	-	136	151383027	72696
chr2	151310331	151510331	harbor1	chr2	151389659	151389739	LTR/ERVL	2259	-	40	151389699	79368
chr2	151310331	151510331	harbor1	chr2	151390031	151390521	LTR/ERVL	2259	-	245	151390276	79945
chr2	151310331	151510331	harbor1	chr2	151390828	151390946	LTR/ERVL	2259	-	59	151390887	80556
chr2	151310331	151510331	harbor1	chr2	151392426	151392991	LTR/ERVL	2767	-	282	151392708	82377
chr2	237589573	237789573	harbor1	chr2	237650958	237651105	LTR/ERVL	456	-	74	237651032	61459
chr2	218773740	218973740	harbor1	chr2	218774521	218775103	LTR/ERVL	1986	-	291	218774812	1072
chr2	218773740	218973740	harbor1	chr2	218775393	218775513	LTR/ERVL	1986	-	60	218775453	1713
chr2	218773740	218973740	harbor1	chr2	218800009	218800316	LTR/ERVL	1222	-	154	218800163	26423
chr2	218773740	218973740	harbor1	chr2	218815493	218816064	LTR/ERVL	902	-	286	218815779	42039
chr2	85502849	85702849	harbor1	chr2	85533827	85533865	LTR/ERVL	887	-	19	85533846	30997
chr2	85502849	85702849	harbor1	chr2	85534157	85534426	LTR/ERVL	887	-	134	85534291	31442
chr2	85502849	85702849	harbor1	chr2	85534415	85534691	LTR/ERVL	1628	-	138	85534553	31704
chr2	56085032	56285032	harbor1	chr2	56151656	56152067	LTR/ERVL	1521	-	206	56151862	66830
chr2	113481247	113681247	harbor1	chr2	113557927	113558086	LTR/ERVL	886	-	80	113558007	76760
chr2	113481247	113681247	harbor1	chr2	113557269	113557505	LTR/ERVL	1477	-	118	113557387	76140
chr2	26950213	27150213	harbor1	chr2	27041966	27042193	LTR/ERVL	623	-	114	27042080	91867
chr2	42971427	43171427	harbor1	chr2	43055731	43056140	LTR/ERVL	1051	-	204	43055935	84508
chr2	156336151	156536151	harbor1	chr2	156397220	156397773	LTR/ERVL	2340	-	276	156397496	61345
chr2	156336151	156536151	harbor1	chr2	156426914	156427282	LTR/ERVL	995	-	184	156427098	90947
chr2	72787358	72987358	harbor1	chr2	72874821	72875363	LTR/ERVL	2138	-	271	72875092	87734
chr2	1486893	1686893	harbor1	chr2	1514006	1514405	LTR/ERVL	894	-	200	1514206	27313
chr2	1486893	1686893	harbor1	chr2	1571998	1572189	LTR/ERVL	508	-	96	1572094	85201
chr2	111023146	111223146	harbor1	chr2	111083268	111083834	LTR/ERVL	2190	-	283	111083551	60405
chr2	66131385	66331385	harbor1	chr2	66132241	66132419	LTR/ERVL	441	-	89	66132330	945
chr2	66131385	66331385	harbor1	chr2	66146400	66146916	LTR/ERVL	1246	-	258	66146658	15273
chr2	66131385	66331385	harbor1	chr2	66165696	66166144	LTR/ERVL	2182	-	224	66165920	34535
chr2	108438378	108638378	harbor1	chr2	108495616	108495648	LTR/ERVL	2597	-	16	108495632	57254
chr2	108438378	108638378	harbor1	chr2	108495688	108496050	LTR/ERVL	2597	-	181	108495869	57491
chr2	108438378	108638378	harbor1	chr2	108504939	108505356	LTR/ERVL	979	-	208	108505147	66769
chr2	72787359	72987359	harbor1	chr2	72874821	72875363	LTR/ERVL	2138	-	271	72875092	87733
chr2	112640558	112840558	harbor1	chr2	112673823	112674009	LTR/ERVL	574	-	93	112673916	33358
chr2	112640558	112840558	harbor1	chr2	112674309	112674522	LTR/ERVL	574	-	106	112674415	33857
chr2	113484018	113684018	harbor1	chr2	113557927	113558086	LTR/ERVL	886	-	80	113558007	73989
chr2	113484018	113684018	harbor1	chr2	113557269	113557505	LTR/ERVL	1477	-	118	113557387	73369
chr2	69729666	69929666	harbor1	chr2	69739787	69739992	LTR/ERVL	1039	-	102	69739889	10223
chr2	69729666	69929666	harbor1	chr2	69773589	69773621	LTR/ERVL	4560	-	16	69773605	43939
chr2	69729666	69929666	harbor1	chr2	69774123	69774340	LTR/ERVL	4560	-	108	69774231	44565
chr2	69729666	69929666	harbor1	chr2	69774640	69775458	LTR/ERVL	4560	-	409	69775049	45383
chr2	69729666	69929666	harbor1	chr2	69776319	69776440	LTR/ERVL	800	-	60	69776379	46713
chr2	69729666	69929666	harbor1	chr2	69776441	69776643	LTR/ERVL	3351	-	101	69776542	46876
chr2	69729666	69929666	harbor1	chr2	69776864	69777599	LTR/ERVL	3351	-	368	69777232	47566
chr2	69729666	69929666	harbor1	chr2	69814677	69814743	LTR/ERVL	776	-	33	69814710	85044
chr2	69729666	69929666	harbor1	chr2	69814795	69815219	LTR/ERVL	1778	-	212	69815007	85341
chr2	219392988	219592988	harbor1	chr2	219394871	219394960	LTR/ERVL	2811	-	44	219394915	1927
chr2	219392988	219592988	harbor1	chr2	219395248	219395602	LTR/ERVL	2811	-	177	219395425	2437
chr2	64294495	64494495	harbor1	chr2	64319480	64319625	LTR/ERVL	1117	-	72	64319552	25057
chr2	64294495	64494495	harbor1	chr2	64319924	64320214	LTR/ERVL	1117	-	145	64320069	25574
chr2	64294495	64494495	harbor1	chr2	64374411	64374871	LTR/ERVL	1371	-	230	64374641	80146
chr2	64294495	64494495	harbor1	chr2	64380054	64380468	LTR/ERVL	1273	-	207	64380261	85766
chr2	85502856	85702856	harbor1	chr2	85533827	85533865	LTR/ERVL	887	-	19	85533846	30990
chr2	85502856	85702856	harbor1	chr2	85534157	85534426	LTR/ERVL	887	-	134	85534291	31435
chr2	85502856	85702856	harbor1	chr2	85534415	85534691	LTR/ERVL	1628	-	138	85534553	31697
chr2	43054951	43254951	harbor1	chr2	43055731	43056140	LTR/ERVL	1051	-	204	43055935	984
chr2	43054951	43254951	harbor1	chr2	43118340	43118406	LTR/ERVL	1466	-	33	43118373	63422
chr2	43054951	43254951	harbor1	chr2	43118826	43118842	LTR/ERVL	1466	-	8	43118834	63883
chr2	43054951	43254951	harbor1	chr2	43118872	43119239	LTR/ERVL	1581	-	184	43119056	64105
chr2	204956154	205156154	harbor1	chr2	204977397	204977527	LTR/ERVL	720	-	65	204977462	21308
chr2	204956154	205156154	harbor1	chr2	204977838	204978190	LTR/ERVL	720	-	176	204978014	21860
chr2	95924862	96124862	harbor1	chr2	95968526	95969360	LTR/ERVL	3306	-	417	95968943	44081
chr2	89546776	89746776	harbor1	chr2	89574260	89574788	LTR/ERVL	1922	-	264	89574524	27748
chr2	239594717	239794717	harbor1	chr2	239597902	239598389	LTR/ERVL	1291	-	244	239598146	3429
chr2	239594717	239794717	harbor1	chr2	239640058	239640326	LTR/ERVL	718	-	134	239640192	45475
chr2	239594717	239794717	harbor1	chr2	239665109	239665230	LTR/ERVL	506	-	60	239665169	70452
chr2	119120408	119320408	harbor1	chr2	119171951	119172016	LTR/ERVL	1350	-	32	119171983	51575
chr2	119120408	119320408	harbor1	chr2	119172335	119172555	LTR/ERVL	1350	-	110	119172445	52037
chr2	119120408	119320408	harbor1	chr2	119172912	119172941	LTR/ERVL	1350	-	14	119172926	52518
chr2	119120408	119320408	harbor1	chr2	119173327	119173425	LTR/ERVL	1350	-	49	119173376	52968
chr2	119120408	119320408	harbor1	chr2	119186387	119186913	LTR/ERVL	3759	-	263	119186650	66242
chr2	119120408	119320408	harbor1	chr2	119187197	119187588	LTR/ERVL	3759	-	196	119187393	66985
chr2	119120408	119320408	harbor1	chr2	119188712	119188778	LTR/ERVL	801	-	33	119188745	68337
chr2	119120408	119320408	harbor1	chr2	119199256	119199622	LTR/ERVL	1032	-	183	119199439	79031
chr2	119120408	119320408	harbor1	chr2	119201203	119201356	LTR/ERVL	514	-	76	119201279	80871
chr2	119120408	119320408	harbor1	chr2	119201370	119201589	LTR/ERVL	447	-	110	119201480	81072
chr2	237867415	238067415	harbor1	chr2	237880660	237880923	LTR/ERVL	1158	-	132	237880792	13377
chr2	237867415	238067415	harbor1	chr2	237915557	237915889	LTR/ERVL	446	-	166	237915723	48308
chr2	237867415	238067415	harbor1	chr2	237940742	237941145	LTR/ERVL	946	-	202	237940944	73529
chr2	61805680	62005680	harbor1	chr2	61808010	61808116	LTR/ERVL	447	-	53	61808063	2383
chr2	61805680	62005680	harbor1	chr2	61809547	61809620	LTR/ERVL	966	-	36	61809583	3903
chr2	61805680	62005680	harbor1	chr2	61810186	61810453	LTR/ERVL	966	-	134	61810320	4640
chr2	61805680	62005680	harbor1	chr2	61810760	61810964	LTR/ERVL	966	-	102	61810862	5182
chr2	70771714	70971714	harbor1	chr2	70796596	70796840	LTR/ERVL	450	-	122	70796718	25004
chr2	70771714	70971714	harbor1	chr2	70829198	70829694	LTR/ERVL	2414	-	248	70829446	57732
chr2	232203322	232403322	harbor1	chr2	232217314	232218249	LTR/ERVL	3876	-	468	232217782	14460
chr2	218914258	219114258	harbor1	chr2	218915045	218915224	LTR/ERVL	704	-	90	218915135	877
chr2	218914258	219114258	harbor1	chr2	218930276	218930764	LTR/ERVL	1854	-	244	218930520	16262
chr2	218914258	219114258	harbor1	chr2	218932652	218932757	LTR/ERVL	1854	-	52	218932704	18446
chr2	53759983	53959983	harbor1	chr2	53819271	53820066	LTR/ERVL	2313	-	398	53819669	59686
chr2	42069583	42269583	harbor1	chr2	42074087	42074565	LTR/ERVL	1384	-	239	42074326	4743
chr2	158868003	159068003	harbor1	chr2	158916068	158916292	LTR/ERVL	814	-	112	158916180	48177
chr2	158868003	159068003	harbor1	chr2	158933638	158933915	LTR/ERVL	975	-	138	158933776	65773
chr2	26957504	27157504	harbor1	chr2	27041966	27042193	LTR/ERVL	623	-	114	27042080	84576
chr2	43055485	43255485	harbor1	chr2	43055731	43056140	LTR/ERVL	1051	-	204	43055935	450
chr2	43055485	43255485	harbor1	chr2	43118340	43118406	LTR/ERVL	1466	-	33	43118373	62888
chr2	43055485	43255485	harbor1	chr2	43118826	43118842	LTR/ERVL	1466	-	8	43118834	63349
chr2	43055485	43255485	harbor1	chr2	43118872	43119239	LTR/ERVL	1581	-	184	43119056	63571
chr2	983530	1183530	harbor1	chr2	1057327	1057753	LTR/ERVL	2889	-	213	1057540	74010
chr2	42069420	42269420	harbor1	chr2	42074087	42074565	LTR/ERVL	1384	-	239	42074326	4906
chr2	219458026	219658026	harbor1	chr2	219534273	219534698	LTR/ERVL	1265	-	212	219534485	76459
chr2	43118487	43318487	harbor1	chr2	43118826	43118842	LTR/ERVL	1466	-	8	43118834	347
chr2	43118487	43318487	harbor1	chr2	43118872	43119239	LTR/ERVL	1581	-	184	43119056	569
chr2	72856127	73056127	harbor1	chr2	72874821	72875363	LTR/ERVL	2138	-	271	72875092	18965
chr2	72856127	73056127	harbor1	chr2	72938275	72938667	LTR/ERVL	898	-	196	72938471	82344
chr2	94934942	95134942	harbor1	chr2	94979987	94980215	LTR/ERVL	460	-	114	94980101	45159
chr2	94934942	95134942	harbor1	chr2	95004726	95004979	LTR/ERVL	636	-	126	95004852	69910
chr2	97564374	97764374	harbor1	chr2	97566757	97567590	LTR/ERVL	3219	-	416	97567173	2799
chr2	111955759	112155759	harbor1	chr2	111975771	111976277	LTR/ERVL	2376	-	253	111976024	20265
chr2	111955759	112155759	harbor1	chr2	111976283	111976522	LTR/ERVL	1543	-	120	111976403	20644
chr2	111955759	112155759	harbor1	chr2	111976572	111976599	LTR/ERVL	1543	-	14	111976586	20827
chr2	111955759	112155759	harbor1	chr2	111983930	111984411	LTR/ERVL	2120	-	240	111984170	28411
chr2	217374869	217574869	harbor1	chr2	217377546	217377991	LTR/ERVL	1117	-	222	217377768	2899
chr2	217374869	217574869	harbor1	chr2	217379925	217380554	LTR/ERVL	1633	-	314	217380239	5370
chr2	217374869	217574869	harbor1	chr2	217442563	217442966	LTR/ERVL	1641	-	202	217442765	67896
chr2	217374869	217574869	harbor1	chr2	217444248	217444683	LTR/ERVL	1353	-	218	217444466	69597
chr2	112779792	112979792	harbor1	chr2	112816722	112817566	LTR/ERVL	4481	-	422	112817144	37352
chr2	112779792	112979792	harbor1	chr2	112863968	112864465	LTR/ERVL	2175	-	248	112864216	84424
chr2	26403834	26603834	harbor1	chr2	26404200	26405320	LTR/ERVL	2981	-	560	26404760	926
chr2	26950239	27150239	harbor1	chr2	27041966	27042193	LTR/ERVL	623	-	114	27042080	91841
chr2	217726903	217926903	harbor1	chr2	217733534	217733876	LTR/ERVL	533	-	171	217733705	6802
chr3	127489937	127689937	harbor1	chr3	127539778	127539970	LTR/ERVL	488	-	96	127539874	49937
chr3	51869986	52069986	harbor1	chr3	51880777	51881408	LTR/ERVL	1196	-	316	51881093	11107
chr3	51869986	52069986	harbor1	chr3	51884665	51885160	LTR/ERVL	2624	-	248	51884913	14927
chr3	51869986	52069986	harbor1	chr3	51887710	51887964	LTR/ERVL	861	-	127	51887837	17851
chr3	51869986	52069986	harbor1	chr3	51953546	51953993	LTR/ERVL	1789	-	224	51953770	83784
chr3	107991341	108191341	harbor1	chr3	107996217	107996750	LTR/ERVL	2977	-	266	107996483	5142
chr3	107991341	108191341	harbor1	chr3	108001414	108001504	LTR/ERVL	454	-	45	108001459	10118
chr3	107991308	108191308	harbor1	chr3	107996217	107996750	LTR/ERVL	2977	-	266	107996483	5175
chr3	107991308	108191308	harbor1	chr3	108001414	108001504	LTR/ERVL	454	-	45	108001459	10151
chr3	107991371	108191371	harbor1	chr3	107996217	107996750	LTR/ERVL	2977	-	266	107996483	5112
chr3	107991371	108191371	harbor1	chr3	108001414	108001504	LTR/ERVL	454	-	45	108001459	10088
chr3	107991316	108191316	harbor1	chr3	107996217	107996750	LTR/ERVL	2977	-	266	107996483	5167
chr3	107991316	108191316	harbor1	chr3	108001414	108001504	LTR/ERVL	454	-	45	108001459	10143
chr3	107991276	108191276	harbor1	chr3	107996217	107996750	LTR/ERVL	2977	-	266	107996483	5207
chr3	107991276	108191276	harbor1	chr3	108001414	108001504	LTR/ERVL	454	-	45	108001459	10183
chr3	107991357	108191357	harbor1	chr3	107996217	107996750	LTR/ERVL	2977	-	266	107996483	5126
chr3	107991357	108191357	harbor1	chr3	108001414	108001504	LTR/ERVL	454	-	45	108001459	10102
chr3	107991312	108191312	harbor1	chr3	107996217	107996750	LTR/ERVL	2977	-	266	107996483	5171
chr3	107991312	108191312	harbor1	chr3	108001414	108001504	LTR/ERVL	454	-	45	108001459	10147
chr3	51939476	52139476	harbor1	chr3	51953546	51953993	LTR/ERVL	1789	-	224	51953770	14294
chr3	107991310	108191310	harbor1	chr3	107996217	107996750	LTR/ERVL	2977	-	266	107996483	5173
chr3	107991310	108191310	harbor1	chr3	108001414	108001504	LTR/ERVL	454	-	45	108001459	10149
chr3	107991337	108191337	harbor1	chr3	107996217	107996750	LTR/ERVL	2977	-	266	107996483	5146
chr3	107991337	108191337	harbor1	chr3	108001414	108001504	LTR/ERVL	454	-	45	108001459	10122
chr3	107991338	108191338	harbor1	chr3	107996217	107996750	LTR/ERVL	2977	-	266	107996483	5145
chr3	107991338	108191338	harbor1	chr3	108001414	108001504	LTR/ERVL	454	-	45	108001459	10121
chr3	107991370	108191370	harbor1	chr3	107996217	107996750	LTR/ERVL	2977	-	266	107996483	5113
chr3	107991370	108191370	harbor1	chr3	108001414	108001504	LTR/ERVL	454	-	45	108001459	10089
chr3	107991302	108191302	harbor1	chr3	107996217	107996750	LTR/ERVL	2977	-	266	107996483	5181
chr3	107991302	108191302	harbor1	chr3	108001414	108001504	LTR/ERVL	454	-	45	108001459	10157
chr3	42586603	42786603	harbor1	chr3	42607791	42607969	LTR/ERVL	3100	-	89	42607880	21277
chr3	42586603	42786603	harbor1	chr3	42608269	42608843	LTR/ERVL	3100	-	287	42608556	21953
chr3	42586603	42786603	harbor1	chr3	42609149	42609248	LTR/ERVL	3100	-	50	42609199	22596
chr3	42586603	42786603	harbor1	chr3	42675951	42676069	LTR/ERVL	713	-	59	42676010	89407
chr3	42586603	42786603	harbor1	chr3	42680344	42680875	LTR/ERVL	893	-	266	42680610	94007
chr3	42586603	42786603	harbor1	chr3	42680198	42680352	LTR/ERVL	527	-	77	42680275	93672
chr3	107991361	108191361	harbor1	chr3	107996217	107996750	LTR/ERVL	2977	-	266	107996483	5122
chr3	107991361	108191361	harbor1	chr3	108001414	108001504	LTR/ERVL	454	-	45	108001459	10098
chr3	107991380	108191380	harbor1	chr3	107996217	107996750	LTR/ERVL	2977	-	266	107996483	5103
chr3	107991380	108191380	harbor1	chr3	108001414	108001504	LTR/ERVL	454	-	45	108001459	10079
chr3	46799563	46999563	harbor1	chr3	46805998	46806342	LTR/ERVL	498	-	172	46806170	6607
chr3	46799563	46999563	harbor1	chr3	46813334	46815678	LTR/ERVL	20064	-	1172	46814506	14943
chr3	46799563	46999563	harbor1	chr3	46815981	46816108	LTR/ERVL	20064	-	64	46816045	16482
chr3	46799563	46999563	harbor1	chr3	46816109	46816554	LTR/ERVL	3363	-	222	46816331	16768
chr3	46799563	46999563	harbor1	chr3	46834473	46835025	LTR/ERVL	1957	-	276	46834749	35186
chr3	46799563	46999563	harbor1	chr3	46836002	46836082	LTR/ERVL	1957	-	40	46836042	36479
chr3	46799563	46999563	harbor1	chr3	46836619	46837458	LTR/ERVL	1957	-	420	46837039	37476
chr3	51939463	52139463	harbor1	chr3	51953546	51953993	LTR/ERVL	1789	-	224	51953770	14307
chr3	107991451	108191451	harbor1	chr3	107996217	107996750	LTR/ERVL	2977	-	266	107996483	5032
chr3	107991451	108191451	harbor1	chr3	108001414	108001504	LTR/ERVL	454	-	45	108001459	10008
chr3	51939471	52139471	harbor1	chr3	51953546	51953993	LTR/ERVL	1789	-	224	51953770	14299
chr3	129021155	129221155	harbor1	chr3	129077317	129077716	LTR/ERVL	1923	-	200	129077517	56362
chr3	51939481	52139481	harbor1	chr3	51953546	51953993	LTR/ERVL	1789	-	224	51953770	14289
chr3	107991298	108191298	harbor1	chr3	107996217	107996750	LTR/ERVL	2977	-	266	107996483	5185
chr3	107991298	108191298	harbor1	chr3	108001414	108001504	LTR/ERVL	454	-	45	108001459	10161
chr3	147453950	147653950	harbor1	chr3	147462957	147463145	LTR/ERVL	477	-	94	147463051	9101
chr3	147453950	147653950	harbor1	chr3	147518331	147518755	LTR/ERVL	2329	-	212	147518543	64593
chr3	107991375	108191375	harbor1	chr3	107996217	107996750	LTR/ERVL	2977	-	266	107996483	5108
chr3	107991375	108191375	harbor1	chr3	108001414	108001504	LTR/ERVL	454	-	45	108001459	10084
chr3	107991366	108191366	harbor1	chr3	107996217	107996750	LTR/ERVL	2977	-	266	107996483	5117
chr3	107991366	108191366	harbor1	chr3	108001414	108001504	LTR/ERVL	454	-	45	108001459	10093
chr3	107991309	108191309	harbor1	chr3	107996217	107996750	LTR/ERVL	2977	-	266	107996483	5174
chr3	107991309	108191309	harbor1	chr3	108001414	108001504	LTR/ERVL	454	-	45	108001459	10150
chr3	43899206	44099206	harbor1	chr3	43905490	43905631	LTR/ERVL	584	-	70	43905560	6354
chr3	43899206	44099206	harbor1	chr3	43906740	43907223	LTR/ERVL	1508	-	242	43906982	7776
chr3	43899206	44099206	harbor1	chr3	43908136	43908437	LTR/ERVL	598	-	150	43908286	9080
chr3	43899206	44099206	harbor1	chr3	43924653	43925454	LTR/ERVL	3446	-	400	43925053	25847
chr3	43899206	44099206	harbor1	chr3	43928028	43928382	LTR/ERVL	681	-	177	43928205	28999
chr3	43899206	44099206	harbor1	chr3	43955637	43955909	LTR/ERVL	727	-	136	43955773	56567
chr3	43899206	44099206	harbor1	chr3	43956826	43957217	LTR/ERVL	953	-	196	43957022	57816
chr3	43899206	44099206	harbor1	chr3	43962047	43962424	LTR/ERVL	1206	-	188	43962235	63029
chr3	47681961	47881961	harbor1	chr3	47722730	47723249	LTR/ERVL	1781	-	260	47722990	41029
chr3	107991277	108191277	harbor1	chr3	107996217	107996750	LTR/ERVL	2977	-	266	107996483	5206
chr3	107991277	108191277	harbor1	chr3	108001414	108001504	LTR/ERVL	454	-	45	108001459	10182
chr3	124721335	124921335	harbor1	chr3	124744348	124744400	LTR/ERVL	779	-	26	124744374	23039
chr3	124721335	124921335	harbor1	chr3	124744709	124745058	LTR/ERVL	779	-	174	124744883	23548
chr3	124721335	124921335	harbor1	chr3	124758301	124758729	LTR/ERVL	2437	-	214	124758515	37180
chr3	124721335	124921335	harbor1	chr3	124813241	124814166	LTR/ERVL	4570	-	462	124813703	92368
chr3	125916736	126116736	harbor1	chr3	125962202	125962554	LTR/ERVL	870	-	176	125962378	45642
chr3	125916736	126116736	harbor1	chr3	125985572	125985939	LTR/ERVL	1139	-	184	125985756	69020
chr3	51939504	52139504	harbor1	chr3	51953546	51953993	LTR/ERVL	1789	-	224	51953770	14266
chr3	107991343	108191343	harbor1	chr3	107996217	107996750	LTR/ERVL	2977	-	266	107996483	5140
chr3	107991343	108191343	harbor1	chr3	108001414	108001504	LTR/ERVL	454	-	45	108001459	10116
chr3	17061072	17261072	harbor1	chr3	17130872	17131397	LTR/ERVL	2345	-	262	17131134	70062
chr3	17061072	17261072	harbor1	chr3	17134033	17134226	LTR/ERVL	719	-	96	17134129	73057
chr3	17061072	17261072	harbor1	chr3	17138859	17139109	LTR/ERVL	537	-	125	17138984	77912
chr3	107991355	108191355	harbor1	chr3	107996217	107996750	LTR/ERVL	2977	-	266	107996483	5128
chr3	107991355	108191355	harbor1	chr3	108001414	108001504	LTR/ERVL	454	-	45	108001459	10104
chr3	43899195	44099195	harbor1	chr3	43905490	43905631	LTR/ERVL	584	-	70	43905560	6365
chr3	43899195	44099195	harbor1	chr3	43906740	43907223	LTR/ERVL	1508	-	242	43906982	7787
chr3	43899195	44099195	harbor1	chr3	43908136	43908437	LTR/ERVL	598	-	150	43908286	9091
chr3	43899195	44099195	harbor1	chr3	43924653	43925454	LTR/ERVL	3446	-	400	43925053	25858
chr3	43899195	44099195	harbor1	chr3	43928028	43928382	LTR/ERVL	681	-	177	43928205	29010
chr3	43899195	44099195	harbor1	chr3	43955637	43955909	LTR/ERVL	727	-	136	43955773	56578
chr3	43899195	44099195	harbor1	chr3	43956826	43957217	LTR/ERVL	953	-	196	43957022	57827
chr3	43899195	44099195	harbor1	chr3	43962047	43962424	LTR/ERVL	1206	-	188	43962235	63040
chr3	123349837	123549837	harbor1	chr3	123436969	123437462	LTR/ERVL	1652	-	246	123437215	87378
chr3	185838095	186038095	harbor1	chr3	185841010	185841412	LTR/ERVL	1015	-	201	185841211	3116
chr3	185838095	186038095	harbor1	chr3	185865199	185865652	LTR/ERVL	2035	-	226	185865425	27330
chr3	185838095	186038095	harbor1	chr3	185866056	185866085	LTR/ERVL	1214	-	14	185866070	27975
chr3	185838095	186038095	harbor1	chr3	185866381	185866801	LTR/ERVL	1214	-	210	185866591	28496
chr3	185838095	186038095	harbor1	chr3	185896216	185896369	LTR/ERVL	708	-	76	185896292	58197
chr3	142754359	142954359	harbor1	chr3	142809002	142809639	LTR/ERVL	2633	-	318	142809320	54961
chr3	196916565	197116565	harbor1	chr3	196970717	196971576	LTR/ERVL	4121	-	430	196971147	54582
chr3	23710846	23910846	harbor1	chr3	23735815	23736290	LTR/ERVL	635	-	238	23736053	25207
chr3	107991335	108191335	harbor1	chr3	107996217	107996750	LTR/ERVL	2977	-	266	107996483	5148
chr3	107991335	108191335	harbor1	chr3	108001414	108001504	LTR/ERVL	454	-	45	108001459	10124
chr3	39004795	39204795	harbor1	chr3	39013351	39013595	LTR/ERVL	798	-	122	39013473	8678
chr3	39004795	39204795	harbor1	chr3	39013937	39014262	LTR/ERVL	731	-	162	39014099	9304
chr3	39004795	39204795	harbor1	chr3	39014284	39015029	LTR/ERVL	2735	-	372	39014656	9861
chr3	39004795	39204795	harbor1	chr3	39015389	39015565	LTR/ERVL	2735	-	88	39015477	10682
chr3	39004795	39204795	harbor1	chr3	39016047	39016352	LTR/ERVL	1015	-	152	39016199	11404
chr3	39004795	39204795	harbor1	chr3	39039138	39039302	LTR/ERVL	502	-	82	39039220	34425
chr3	39004795	39204795	harbor1	chr3	39049134	39049581	LTR/ERVL	1164	-	224	39049358	44563
chr3	39004795	39204795	harbor1	chr3	39049618	39050019	LTR/ERVL	656	-	200	39049818	45023
chr3	51939539	52139539	harbor1	chr3	51953546	51953993	LTR/ERVL	1789	-	224	51953770	14231
chr3	51939497	52139497	harbor1	chr3	51953546	51953993	LTR/ERVL	1789	-	224	51953770	14273
chr3	127581151	127781151	harbor1	chr3	127612971	127613359	LTR/ERVL	666	-	194	127613165	32014
chr3	127581151	127781151	harbor1	chr3	127642311	127642520	LTR/ERVL	447	-	104	127642415	61264
chr3	123544681	123744681	harbor1	chr3	123597564	123597922	LTR/ERVL	857	-	179	123597743	53062
chr3	16431951	16631951	harbor1	chr3	16505399	16505829	LTR/ERVL	2150	-	215	16505614	73663
chr3	16431951	16631951	harbor1	chr3	16524900	16525221	LTR/ERVL	749	-	160	16525060	93109
chr3	16431951	16631951	harbor1	chr3	16530071	16530518	LTR/ERVL	1255	-	224	16530295	98344
chr3	23710841	23910841	harbor1	chr3	23735815	23736290	LTR/ERVL	635	-	238	23736053	25212
chr3	123349752	123549752	harbor1	chr3	123436969	123437462	LTR/ERVL	1652	-	246	123437215	87463
chr3	52121829	52321829	harbor1	chr3	52176864	52177224	LTR/ERVL	539	-	180	52177044	55215
chr3	52121829	52321829	harbor1	chr3	52189149	52189496	LTR/ERVL	1667	-	174	52189323	67494
chr3	52121829	52321829	harbor1	chr3	52189772	52189837	LTR/ERVL	1667	-	32	52189804	67975
chr3	46771747	46971747	harbor1	chr3	46805998	46806342	LTR/ERVL	498	-	172	46806170	34423
chr3	46771747	46971747	harbor1	chr3	46813334	46815678	LTR/ERVL	20064	-	1172	46814506	42759
chr3	46771747	46971747	harbor1	chr3	46815981	46816108	LTR/ERVL	20064	-	64	46816045	44298
chr3	46771747	46971747	harbor1	chr3	46816109	46816554	LTR/ERVL	3363	-	222	46816331	44584
chr3	46771747	46971747	harbor1	chr3	46834473	46835025	LTR/ERVL	1957	-	276	46834749	63002
chr3	46771747	46971747	harbor1	chr3	46836002	46836082	LTR/ERVL	1957	-	40	46836042	64295
chr3	46771747	46971747	harbor1	chr3	46836619	46837458	LTR/ERVL	1957	-	420	46837039	65292
chr3	51939505	52139505	harbor1	chr3	51953546	51953993	LTR/ERVL	1789	-	224	51953770	14265
chr3	127490156	127690156	harbor1	chr3	127539778	127539970	LTR/ERVL	488	-	96	127539874	49718
chr3	190413906	190613906	harbor1	chr3	190461486	190461530	LTR/ERVL	1551	-	22	190461508	47602
chr3	190413906	190613906	harbor1	chr3	190461916	190462258	LTR/ERVL	1551	-	171	190462087	48181
chr3	190413906	190613906	harbor1	chr3	190468695	190468730	LTR/ERVL	754	-	18	190468713	54807
chr3	190413906	190613906	harbor1	chr3	190468772	190469201	LTR/ERVL	1601	-	214	190468986	55080
chr3	190413906	190613906	harbor1	chr3	190491329	190491493	LTR/ERVL	587	-	82	190491411	77505
chr3	127490312	127690312	harbor1	chr3	127539778	127539970	LTR/ERVL	488	-	96	127539874	49562
chr3	184199369	184399369	harbor1	chr3	184224068	184224115	LTR/ERVL	2580	-	24	184224092	24723
chr3	184199369	184399369	harbor1	chr3	184224166	184224645	LTR/ERVL	2580	-	240	184224406	25037
chr3	184199369	184399369	harbor1	chr3	184253054	184253208	LTR/ERVL	662	-	77	184253131	53762
chr3	123544677	123744677	harbor1	chr3	123597564	123597922	LTR/ERVL	857	-	179	123597743	53066
chr3	51895561	52095561	harbor1	chr3	51953546	51953993	LTR/ERVL	1789	-	224	51953770	58209
chr3	54747497	54947497	harbor1	chr3	54781617	54782290	LTR/ERVL	872	-	336	54781953	34456
chr3	54747497	54947497	harbor1	chr3	54834687	54835103	LTR/ERVL	2162	-	208	54834895	87398
chr3	47681964	47881964	harbor1	chr3	47722730	47723249	LTR/ERVL	1781	-	260	47722990	41026
chr3	122414401	122614401	harbor1	chr3	122470967	122471209	LTR/ERVL	772	-	121	122471088	56687
chr3	138087580	138287580	harbor1	chr3	138137127	138137369	LTR/ERVL	1189	-	121	138137248	49668
chr3	138087580	138287580	harbor1	chr3	138137665	138137873	LTR/ERVL	1189	-	104	138137769	50189
chr3	138087580	138287580	harbor1	chr3	138137913	138138925	LTR/ERVL	4706	-	506	138138419	50839
chr3	138087580	138287580	harbor1	chr3	138139495	138139740	LTR/ERVL	4706	-	122	138139617	52037
chr3	107991305	108191305	harbor1	chr3	107996217	107996750	LTR/ERVL	2977	-	266	107996483	5178
chr3	107991305	108191305	harbor1	chr3	108001414	108001504	LTR/ERVL	454	-	45	108001459	10154
chr3	51571820	51771820	harbor1	chr3	51579966	51580720	LTR/ERVL	2177	-	377	51580343	8523
chr3	113849062	114049062	harbor1	chr3	113910572	113910828	LTR/ERVL	521	-	128	113910700	61638
chr3	21855680	22055680	harbor1	chr3	21885691	21885727	LTR/ERVL	1486	-	18	21885709	30029
chr3	21855680	22055680	harbor1	chr3	21885778	21886106	LTR/ERVL	1486	-	164	21885942	30262
chr3	47725179	47925179	harbor1	chr3	47797260	47797374	LTR/ERVL	515	-	57	47797317	72138
chr3	197857923	198057923	harbor1	chr3	197906522	197907751	LTR/ERVL	2469	-	614	197907136	49213
chr3	197857923	198057923	harbor1	chr3	197908922	197909169	LTR/ERVL	605	-	124	197909046	51123
chr3	197857923	198057923	harbor1	chr3	197957319	197957447	LTR/ERVL	451	-	64	197957383	99460
chr3	51938306	52138306	harbor1	chr3	51953546	51953993	LTR/ERVL	1789	-	224	51953770	15464
chr3	58016450	58216450	harbor1	chr3	58092793	58093625	LTR/ERVL	2680	-	416	58093209	76759
chr3	30507293	30707293	harbor1	chr3	30531260	30531505	LTR/ERVL	479	-	122	30531382	24089
chr3	30507293	30707293	harbor1	chr3	30537794	30538171	LTR/ERVL	842	-	188	30537982	30689
chr3	30507293	30707293	harbor1	chr3	30597571	30597945	LTR/ERVL	694	-	187	30597758	90465
chr3	30507293	30707293	harbor1	chr3	30597971	30598229	LTR/ERVL	486	-	129	30598100	90807
chr3	23710887	23910887	harbor1	chr3	23735815	23736290	LTR/ERVL	635	-	238	23736053	25166
chr3	53395675	53595675	harbor1	chr3	53417669	53417952	LTR/ERVL	683	-	142	53417811	22136
chr3	53395675	53595675	harbor1	chr3	53417982	53418148	LTR/ERVL	858	-	83	53418065	22390
chr3	53395675	53595675	harbor1	chr3	53418219	53418670	LTR/ERVL	1027	-	226	53418445	22770
chr3	53395675	53595675	harbor1	chr3	53418659	53419173	LTR/ERVL	4645	-	257	53418916	23241
chr3	53395675	53595675	harbor1	chr3	53419441	53420884	LTR/ERVL	4645	-	722	53420163	24488
chr3	53395675	53595675	harbor1	chr3	53421371	53422874	LTR/ERVL	3666	-	752	53422123	26448
chr3	53395675	53595675	harbor1	chr3	53422896	53423278	LTR/ERVL	1677	-	191	53423087	27412
chr3	53395675	53595675	harbor1	chr3	53424460	53424807	LTR/ERVL	1185	-	174	53424634	28959
chr3	53395675	53595675	harbor1	chr3	53424828	53425170	LTR/ERVL	1482	-	171	53424999	29324
chr3	53395675	53595675	harbor1	chr3	53425180	53425234	LTR/ERVL	4190	-	27	53425207	29532
chr3	53395675	53595675	harbor1	chr3	53425534	53426596	LTR/ERVL	4190	-	531	53426065	30390
chr3	53395675	53595675	harbor1	chr3	53426620	53427510	LTR/ERVL	2336	-	445	53427065	31390
chr3	53395675	53595675	harbor1	chr3	53427537	53427830	LTR/ERVL	2336	-	146	53427683	32008
chr3	53395675	53595675	harbor1	chr3	53427831	53428060	LTR/ERVL	1147	-	114	53427945	32270
chr3	53395675	53595675	harbor1	chr3	53452647	53454022	LTR/ERVL	6501	-	688	53453335	57660
chr3	53395675	53595675	harbor1	chr3	53454333	53455296	LTR/ERVL	6501	-	482	53454815	59140
chr3	107991294	108191294	harbor1	chr3	107996217	107996750	LTR/ERVL	2977	-	266	107996483	5189
chr3	107991294	108191294	harbor1	chr3	108001414	108001504	LTR/ERVL	454	-	45	108001459	10165
chr3	159480531	159680531	harbor1	chr3	159502725	159503027	LTR/ERVL	582	-	151	159502876	22345
chr3	51939455	52139455	harbor1	chr3	51953546	51953993	LTR/ERVL	1789	-	224	51953770	14315
chr3	51932225	52132225	harbor1	chr3	51953546	51953993	LTR/ERVL	1789	-	224	51953770	21545
chr3	123544615	123744615	harbor1	chr3	123597564	123597922	LTR/ERVL	857	-	179	123597743	53128
chr3	46799778	46999778	harbor1	chr3	46805998	46806342	LTR/ERVL	498	-	172	46806170	6392
chr3	46799778	46999778	harbor1	chr3	46813334	46815678	LTR/ERVL	20064	-	1172	46814506	14728
chr3	46799778	46999778	harbor1	chr3	46815981	46816108	LTR/ERVL	20064	-	64	46816045	16267
chr3	46799778	46999778	harbor1	chr3	46816109	46816554	LTR/ERVL	3363	-	222	46816331	16553
chr3	46799778	46999778	harbor1	chr3	46834473	46835025	LTR/ERVL	1957	-	276	46834749	34971
chr3	46799778	46999778	harbor1	chr3	46836002	46836082	LTR/ERVL	1957	-	40	46836042	36264
chr3	46799778	46999778	harbor1	chr3	46836619	46837458	LTR/ERVL	1957	-	420	46837039	37261
chr3	48890290	49090290	harbor1	chr3	48892425	48892858	LTR/ERVL	1905	-	216	48892641	2351
chr3	51939521	52139521	harbor1	chr3	51953546	51953993	LTR/ERVL	1789	-	224	51953770	14249
chr3	107991304	108191304	harbor1	chr3	107996217	107996750	LTR/ERVL	2977	-	266	107996483	5179
chr3	107991304	108191304	harbor1	chr3	108001414	108001504	LTR/ERVL	454	-	45	108001459	10155
chr3	38066121	38266121	harbor1	chr3	38106291	38106473	LTR/ERVL	803	-	91	38106382	40261
chr3	38066121	38266121	harbor1	chr3	38106780	38106885	LTR/ERVL	803	-	52	38106832	40711
chr3	129021082	129221082	harbor1	chr3	129077317	129077716	LTR/ERVL	1923	-	200	129077517	56435
chr3	47725235	47925235	harbor1	chr3	47797260	47797374	LTR/ERVL	515	-	57	47797317	72082
chr3	51917252	52117252	harbor1	chr3	51953546	51953993	LTR/ERVL	1789	-	224	51953770	36518
chr3	12827739	13027739	harbor1	chr3	12891370	12891936	LTR/ERVL	2327	-	283	12891653	63914
chr3	107991392	108191392	harbor1	chr3	107996217	107996750	LTR/ERVL	2977	-	266	107996483	5091
chr3	107991392	108191392	harbor1	chr3	108001414	108001504	LTR/ERVL	454	-	45	108001459	10067
chr3	126256502	126456502	harbor1	chr3	126257994	126258341	LTR/ERVL	2207	-	174	126258168	1666
chr3	126256502	126456502	harbor1	chr3	126308113	126308447	LTR/ERVL	517	-	167	126308280	51778
chr3	51571305	51771305	harbor1	chr3	51579966	51580720	LTR/ERVL	2177	-	377	51580343	9038
chr3	42482018	42682018	harbor1	chr3	42542529	42542871	LTR/ERVL	450	-	171	42542700	60682
chr3	42482018	42682018	harbor1	chr3	42543199	42543520	LTR/ERVL	894	-	160	42543359	61341
chr3	127581163	127781163	harbor1	chr3	127612971	127613359	LTR/ERVL	666	-	194	127613165	32002
chr3	127581163	127781163	harbor1	chr3	127642311	127642520	LTR/ERVL	447	-	104	127642415	61252
chr4	6810048	7010048	harbor1	chr4	6877438	6877888	LTR/ERVL	3536	-	225	6877663	67615
chr4	6810048	7010048	harbor1	chr4	6877889	6878093	LTR/ERVL	3897	-	102	6877991	67943
chr4	6810048	7010048	harbor1	chr4	6878432	6878769	LTR/ERVL	3897	-	168	6878600	68552
chr4	551216	751216	harbor1	chr4	589018	589568	LTR/ERVL	2259	-	275	589293	38077
chr4	551216	751216	harbor1	chr4	639390	639688	LTR/ERVL	1404	-	149	639539	88323
chr4	551216	751216	harbor1	chr4	638670	639128	LTR/ERVL	1914	-	229	638899	87683
chr4	25761117	25961117	harbor1	chr4	25766464	25766927	LTR/ERVL	1568	-	232	25766696	5579
chr4	70739795	70939795	harbor1	chr4	70748519	70748935	LTR/ERVL	1444	-	208	70748727	8932
chr4	159002387	159202387	harbor1	chr4	159018007	159018428	LTR/ERVL	1308	-	210	159018217	15830
chr4	159002387	159202387	harbor1	chr4	159075014	159075218	LTR/ERVL	786	-	102	159075116	72729
chr4	159002718	159202718	harbor1	chr4	159018007	159018428	LTR/ERVL	1308	-	210	159018217	15499
chr4	159002718	159202718	harbor1	chr4	159075014	159075218	LTR/ERVL	786	-	102	159075116	72398
chr4	139456023	139656023	harbor1	chr4	139524297	139524767	LTR/ERVL	1304	-	235	139524532	68509
chr4	1661985	1861985	harbor1	chr4	1726748	1726847	LTR/ERVL	665	-	50	1726798	64813
chr4	1661985	1861985	harbor1	chr4	1727159	1727252	LTR/ERVL	665	-	46	1727205	65220
chr4	1661985	1861985	harbor1	chr4	1727540	1727653	LTR/ERVL	605	-	56	1727596	65611
chr4	3263597	3463597	harbor1	chr4	3329895	3330458	LTR/ERVL	2320	-	282	3330177	66580
chr4	3263597	3463597	harbor1	chr4	3352892	3354204	LTR/ERVL	2499	-	656	3353548	89951
chr4	39598067	39798067	harbor1	chr4	39660641	39661038	LTR/ERVL	1505	-	198	39660839	62772
chr4	39598067	39798067	harbor1	chr4	39661646	39661747	LTR/ERVL	1505	-	50	39661696	63629
chr4	39598067	39798067	harbor1	chr4	39664087	39664204	LTR/ERVL	566	-	58	39664145	66078
chr4	39598067	39798067	harbor1	chr4	39664518	39664727	LTR/ERVL	1382	-	104	39664622	66555
chr4	39598067	39798067	harbor1	chr4	39692016	39692102	LTR/ERVL	617	-	43	39692059	93992
chr4	1365432	1565432	harbor1	chr4	1373189	1373540	LTR/ERVL	2288	-	176	1373365	7933
chr4	9441130	9641130	harbor1	chr4	9530034	9530649	LTR/ERVL	2818	-	308	9530342	89212
chr4	551200	751200	harbor1	chr4	589018	589568	LTR/ERVL	2259	-	275	589293	38093
chr4	551200	751200	harbor1	chr4	639390	639688	LTR/ERVL	1404	-	149	639539	88339
chr4	551200	751200	harbor1	chr4	638670	639128	LTR/ERVL	1914	-	229	638899	87699
chr4	150608140	150808140	harbor1	chr4	150634722	150635156	LTR/ERVL	1704	-	217	150634939	26799
chr4	150608140	150808140	harbor1	chr4	150664934	150665480	LTR/ERVL	1782	-	273	150665207	57067
chr4	52497288	52697288	harbor1	chr4	52551376	52551835	LTR/ERVL	2889	-	230	52551606	54318
chr4	52497288	52697288	harbor1	chr4	52570059	52570341	LTR/ERVL	950	-	141	52570200	72912
chr4	128711743	128911743	harbor1	chr4	128734676	128734836	LTR/ERVL	3000	-	80	128734756	23013
chr4	128711743	128911743	harbor1	chr4	128735152	128735538	LTR/ERVL	3000	-	193	128735345	23602
chr4	128711743	128911743	harbor1	chr4	128735550	128735777	LTR/ERVL	1265	-	114	128735664	23921
chr4	76113424	76313424	harbor1	chr4	76183123	76183934	LTR/ERVL	4212	-	406	76183529	70105
chr4	120822653	121022653	harbor1	chr4	120899572	120900452	LTR/ERVL	3785	-	440	120900012	77359
chr4	2363119	2563119	harbor1	chr4	2400517	2400947	LTR/ERVL	3082	-	215	2400732	37613
chr4	8767896	8967896	harbor1	chr4	8792856	8793225	LTR/ERVL	1013	-	184	8793040	25144
chr4	143414065	143614065	harbor1	chr4	143476858	143476970	LTR/ERVL	632	-	56	143476914	62849
chr4	143414065	143614065	harbor1	chr4	143477154	143477328	LTR/ERVL	670	-	87	143477241	63176
chr4	120822725	121022725	harbor1	chr4	120899572	120900452	LTR/ERVL	3785	-	440	120900012	77287
chr4	25762833	25962833	harbor1	chr4	25766464	25766927	LTR/ERVL	1568	-	232	25766696	3863
chr4	70739714	70939714	harbor1	chr4	70748519	70748935	LTR/ERVL	1444	-	208	70748727	9013
chr4	70588818	70788818	harbor1	chr4	70609115	70609563	LTR/ERVL	1347	-	224	70609339	20521
chr4	70588818	70788818	harbor1	chr4	70609656	70609900	LTR/ERVL	698	-	122	70609778	20960
chr4	70588818	70788818	harbor1	chr4	70610072	70610878	LTR/ERVL	1651	-	403	70610475	21657
chr4	70588818	70788818	harbor1	chr4	70653709	70654084	LTR/ERVL	1207	-	188	70653897	65079
chr4	551205	751205	harbor1	chr4	589018	589568	LTR/ERVL	2259	-	275	589293	38088
chr4	551205	751205	harbor1	chr4	639390	639688	LTR/ERVL	1404	-	149	639539	88334
chr4	551205	751205	harbor1	chr4	638670	639128	LTR/ERVL	1914	-	229	638899	87694
chr4	139076181	139276181	harbor1	chr4	139160237	139160337	LTR/ERVL	723	-	50	139160287	84106
chr4	120822783	121022783	harbor1	chr4	120899572	120900452	LTR/ERVL	3785	-	440	120900012	77229
chr4	1350400	1550400	harbor1	chr4	1373189	1373540	LTR/ERVL	2288	-	176	1373365	22965
chr5	73351493	73551493	harbor1	chr5	73358508	73358774	LTR/ERVL	1094	-	133	73358641	7148
chr5	73351493	73551493	harbor1	chr5	73359108	73359305	LTR/ERVL	1094	-	98	73359206	7713
chr5	73351493	73551493	harbor1	chr5	73404056	73404156	LTR/ERVL	419	-	50	73404106	52613
chr5	73351493	73551493	harbor1	chr5	73411748	73412234	LTR/ERVL	1858	-	243	73411991	60498
chr5	9549845	9749845	harbor1	chr5	9648399	9648914	LTR/ERVL	512	-	258	9648657	98812
chr5	10661237	10861237	harbor1	chr5	10661935	10662306	LTR/ERVL	1105	-	186	10662121	884
chr5	10661237	10861237	harbor1	chr5	10666868	10667493	LTR/ERVL	1769	-	312	10667180	5943
chr5	10661237	10861237	harbor1	chr5	10720183	10720334	LTR/ERVL	1173	-	76	10720259	59022
chr5	10661237	10861237	harbor1	chr5	10726670	10727197	LTR/ERVL	824	-	264	10726934	65697
chr5	9114326	9314326	harbor1	chr5	9183053	9183613	LTR/ERVL	943	-	280	9183333	69007
chr5	10341920	10541920	harbor1	chr5	10364267	10364413	LTR/ERVL	497	-	73	10364340	22420
chr5	10341920	10541920	harbor1	chr5	10364440	10364615	LTR/ERVL	471	-	88	10364528	22608
chr5	10150551	10350551	harbor1	chr5	10172884	10173052	LTR/ERVL	754	-	84	10172968	22417
chr5	10150551	10350551	harbor1	chr5	10201180	10201793	LTR/ERVL	1066	-	306	10201486	50935
chr5	150532654	150732654	harbor1	chr5	150577735	150578163	LTR/ERVL	1508	-	214	150577949	45295
chr5	6633235	6833235	harbor1	chr5	6684059	6684426	LTR/ERVL	1985	-	184	6684243	51008
chr5	10102676	10302676	harbor1	chr5	10172884	10173052	LTR/ERVL	754	-	84	10172968	70292
chr5	10102676	10302676	harbor1	chr5	10201180	10201793	LTR/ERVL	1066	-	306	10201486	98810
chr5	10296849	10496849	harbor1	chr5	10308833	10308928	LTR/ERVL	454	-	48	10308881	12032
chr5	10296849	10496849	harbor1	chr5	10364267	10364413	LTR/ERVL	497	-	73	10364340	67491
chr5	10296849	10496849	harbor1	chr5	10364440	10364615	LTR/ERVL	471	-	88	10364528	67679
chr5	10661256	10861256	harbor1	chr5	10661935	10662306	LTR/ERVL	1105	-	186	10662121	865
chr5	10661256	10861256	harbor1	chr5	10666868	10667493	LTR/ERVL	1769	-	312	10667180	5924
chr5	10661256	10861256	harbor1	chr5	10720183	10720334	LTR/ERVL	1173	-	76	10720259	59003
chr5	10661256	10861256	harbor1	chr5	10726670	10727197	LTR/ERVL	824	-	264	10726934	65678
chr5	40697590	40897590	harbor1	chr5	40712362	40712729	LTR/ERVL	866	-	184	40712546	14956
chr5	40697590	40897590	harbor1	chr5	40735478	40735638	LTR/ERVL	427	-	80	40735558	37968
chr5	10661135	10861135	harbor1	chr5	10661935	10662306	LTR/ERVL	1105	-	186	10662121	986
chr5	10661135	10861135	harbor1	chr5	10666868	10667493	LTR/ERVL	1769	-	312	10667180	6045
chr5	10661135	10861135	harbor1	chr5	10720183	10720334	LTR/ERVL	1173	-	76	10720259	59124
chr5	10661135	10861135	harbor1	chr5	10726670	10727197	LTR/ERVL	824	-	264	10726934	65799
chr5	10184404	10384404	harbor1	chr5	10201180	10201793	LTR/ERVL	1066	-	306	10201486	17082
chr5	138846281	139046281	harbor1	chr5	138853638	138853757	LTR/ERVL	477	-	60	138853698	7417
chr5	138846281	139046281	harbor1	chr5	138876853	138877148	LTR/ERVL	715	-	148	138877001	30720
chr5	138846281	139046281	harbor1	chr5	138890252	138890905	LTR/ERVL	1293	-	326	138890578	44297
chr5	73351452	73551452	harbor1	chr5	73358508	73358774	LTR/ERVL	1094	-	133	73358641	7189
chr5	73351452	73551452	harbor1	chr5	73359108	73359305	LTR/ERVL	1094	-	98	73359206	7754
chr5	73351452	73551452	harbor1	chr5	73404056	73404156	LTR/ERVL	419	-	50	73404106	52654
chr5	73351452	73551452	harbor1	chr5	73411748	73412234	LTR/ERVL	1858	-	243	73411991	60539
chr5	9749157	9949157	harbor1	chr5	9847450	9847863	LTR/ERVL	1210	-	206	9847656	98499
chr5	10341913	10541913	harbor1	chr5	10364267	10364413	LTR/ERVL	497	-	73	10364340	22427
chr5	10341913	10541913	harbor1	chr5	10364440	10364615	LTR/ERVL	471	-	88	10364528	22615
chr5	73350932	73550932	harbor1	chr5	73358508	73358774	LTR/ERVL	1094	-	133	73358641	7709
chr5	73350932	73550932	harbor1	chr5	73359108	73359305	LTR/ERVL	1094	-	98	73359206	8274
chr5	73350932	73550932	harbor1	chr5	73404056	73404156	LTR/ERVL	419	-	50	73404106	53174
chr5	73350932	73550932	harbor1	chr5	73411748	73412234	LTR/ERVL	1858	-	243	73411991	61059
chr5	9879703	10079703	harbor1	chr5	9898515	9899155	LTR/ERVL	1216	-	320	9898835	19132
chr5	9879703	10079703	harbor1	chr5	9913084	9913526	LTR/ERVL	2960	-	221	9913305	33602
chr5	9879703	10079703	harbor1	chr5	9933071	9933611	LTR/ERVL	2110	-	270	9933341	53638
chr5	9879703	10079703	harbor1	chr5	9971978	9972428	LTR/ERVL	2302	-	225	9972203	92500
chr5	10661236	10861236	harbor1	chr5	10661935	10662306	LTR/ERVL	1105	-	186	10662121	885
chr5	10661236	10861236	harbor1	chr5	10666868	10667493	LTR/ERVL	1769	-	312	10667180	5944
chr5	10661236	10861236	harbor1	chr5	10720183	10720334	LTR/ERVL	1173	-	76	10720259	59023
chr5	10661236	10861236	harbor1	chr5	10726670	10727197	LTR/ERVL	824	-	264	10726934	65698
chr5	176525237	176725237	harbor1	chr5	176559891	176560109	LTR/ERVL	894	-	109	176560000	34763
chr5	176525237	176725237	harbor1	chr5	176612779	176613238	LTR/ERVL	1260	-	230	176613009	87772
chr5	79136023	79336023	harbor1	chr5	79156725	79156985	LTR/ERVL	587	-	130	79156855	20832
chr5	135374498	135574498	harbor1	chr5	135420059	135420516	LTR/ERVL	1489	-	228	135420287	45789
chr5	10341778	10541778	harbor1	chr5	10364267	10364413	LTR/ERVL	497	-	73	10364340	22562
chr5	10341778	10541778	harbor1	chr5	10364440	10364615	LTR/ERVL	471	-	88	10364528	22750
chr5	71628508	71828508	harbor1	chr5	71716352	71717015	LTR/ERVL	2024	-	332	71716684	88176
chr5	52700042	52900042	harbor1	chr5	52706689	52707158	LTR/ERVL	2747	-	234	52706923	6881
chr5	52700042	52900042	harbor1	chr5	52745285	52745728	LTR/ERVL	3226	-	222	52745507	45465
chr5	52700042	52900042	harbor1	chr5	52764531	52764961	LTR/ERVL	1945	-	215	52764746	64704
chr5	52700042	52900042	harbor1	chr5	52766522	52767079	LTR/ERVL	1986	-	278	52766800	66758
chr5	52700042	52900042	harbor1	chr5	52791156	52791575	LTR/ERVL	712	-	210	52791366	91324
chr5	73350824	73550824	harbor1	chr5	73358508	73358774	LTR/ERVL	1094	-	133	73358641	7817
chr5	73350824	73550824	harbor1	chr5	73359108	73359305	LTR/ERVL	1094	-	98	73359206	8382
chr5	73350824	73550824	harbor1	chr5	73404056	73404156	LTR/ERVL	419	-	50	73404106	53282
chr5	73350824	73550824	harbor1	chr5	73411748	73412234	LTR/ERVL	1858	-	243	73411991	61167
chr5	372623	572623	harbor1	chr5	380751	381303	LTR/ERVL	2588	-	276	381027	8404
chr5	10661301	10861301	harbor1	chr5	10661935	10662306	LTR/ERVL	1105	-	186	10662121	820
chr5	10661301	10861301	harbor1	chr5	10666868	10667493	LTR/ERVL	1769	-	312	10667180	5879
chr5	10661301	10861301	harbor1	chr5	10720183	10720334	LTR/ERVL	1173	-	76	10720259	58958
chr5	10661301	10861301	harbor1	chr5	10726670	10727197	LTR/ERVL	824	-	264	10726934	65633
chr5	175976844	176176844	harbor1	chr5	175983351	175983899	LTR/ERVL	1991	-	274	175983625	6781
chr5	175976844	176176844	harbor1	chr5	175984527	175984889	LTR/ERVL	1696	-	181	175984708	7864
chr5	175976844	176176844	harbor1	chr5	176020730	176021624	LTR/ERVL	4632	-	447	176021177	44333
chr5	175976844	176176844	harbor1	chr5	176021925	176021964	LTR/ERVL	4632	-	20	176021945	45101
chr5	175976844	176176844	harbor1	chr5	176066077	176066616	LTR/ERVL	2618	-	270	176066347	89503
chr5	73336206	73536206	harbor1	chr5	73346101	73346642	LTR/ERVL	2377	-	270	73346371	10165
chr5	73336206	73536206	harbor1	chr5	73348258	73348526	LTR/ERVL	1386	-	134	73348392	12186
chr5	73336206	73536206	harbor1	chr5	73358508	73358774	LTR/ERVL	1094	-	133	73358641	22435
chr5	73336206	73536206	harbor1	chr5	73359108	73359305	LTR/ERVL	1094	-	98	73359206	23000
chr5	73336206	73536206	harbor1	chr5	73404056	73404156	LTR/ERVL	419	-	50	73404106	67900
chr5	73336206	73536206	harbor1	chr5	73411748	73412234	LTR/ERVL	1858	-	243	73411991	75785
chr5	9111212	9311212	harbor1	chr5	9183053	9183613	LTR/ERVL	943	-	280	9183333	72121
chr5	79136006	79336006	harbor1	chr5	79156725	79156985	LTR/ERVL	587	-	130	79156855	20849
chr5	73177858	73377858	harbor1	chr5	73199615	73199969	LTR/ERVL	2083	-	177	73199792	21934
chr5	73177858	73377858	harbor1	chr5	73242728	73243157	LTR/ERVL	1111	-	214	73242942	65084
chr5	73177858	73377858	harbor1	chr5	73258637	73259033	LTR/ERVL	1220	-	198	73258835	80977
chr5	73177858	73377858	harbor1	chr5	73261913	73262374	LTR/ERVL	1556	-	230	73262143	84285
chr5	181061441	181261441	harbor1	chr5	181109258	181109298	LTR/ERVL	967	-	20	181109278	47837
chr5	181061441	181261441	harbor1	chr5	181109624	181110021	LTR/ERVL	967	-	198	181109822	48381
chr5	181061441	181261441	harbor1	chr5	181153701	181153913	LTR/ERVL	559	-	106	181153807	92366
chr5	181061441	181261441	harbor1	chr5	181154035	181154307	LTR/ERVL	837	-	136	181154171	92730
chr5	181061441	181261441	harbor1	chr5	181154606	181154667	LTR/ERVL	837	-	30	181154636	93195
chr5	141125589	141325589	harbor1	chr5	141166890	141167054	LTR/ERVL	524	-	82	141166972	41383
chr5	10341929	10541929	harbor1	chr5	10364267	10364413	LTR/ERVL	497	-	73	10364340	22411
chr5	10341929	10541929	harbor1	chr5	10364440	10364615	LTR/ERVL	471	-	88	10364528	22599
chr5	10660380	10860380	harbor1	chr5	10661935	10662306	LTR/ERVL	1105	-	186	10662121	1741
chr5	10660380	10860380	harbor1	chr5	10666868	10667493	LTR/ERVL	1769	-	312	10667180	6800
chr5	10660380	10860380	harbor1	chr5	10720183	10720334	LTR/ERVL	1173	-	76	10720259	59879
chr5	10660380	10860380	harbor1	chr5	10726670	10727197	LTR/ERVL	824	-	264	10726934	66554
chr5	73351484	73551484	harbor1	chr5	73358508	73358774	LTR/ERVL	1094	-	133	73358641	7157
chr5	73351484	73551484	harbor1	chr5	73359108	73359305	LTR/ERVL	1094	-	98	73359206	7722
chr5	73351484	73551484	harbor1	chr5	73404056	73404156	LTR/ERVL	419	-	50	73404106	52622
chr5	73351484	73551484	harbor1	chr5	73411748	73412234	LTR/ERVL	1858	-	243	73411991	60507
chr5	9114356	9314356	harbor1	chr5	9183053	9183613	LTR/ERVL	943	-	280	9183333	68977
chr5	9114296	9314296	harbor1	chr5	9183053	9183613	LTR/ERVL	943	-	280	9183333	69037
chr5	135980228	136180228	harbor1	chr5	135981816	135981958	LTR/ERVL	624	-	71	135981887	1659
chr5	135980228	136180228	harbor1	chr5	136004520	136004922	LTR/ERVL	1436	-	201	136004721	24493
chr5	135980228	136180228	harbor1	chr5	136056846	136057262	LTR/ERVL	733	-	208	136057054	76826
chr5	73351560	73551560	harbor1	chr5	73358508	73358774	LTR/ERVL	1094	-	133	73358641	7081
chr5	73351560	73551560	harbor1	chr5	73359108	73359305	LTR/ERVL	1094	-	98	73359206	7646
chr5	73351560	73551560	harbor1	chr5	73404056	73404156	LTR/ERVL	419	-	50	73404106	52546
chr5	73351560	73551560	harbor1	chr5	73411748	73412234	LTR/ERVL	1858	-	243	73411991	60431
chr5	10661235	10861235	harbor1	chr5	10661935	10662306	LTR/ERVL	1105	-	186	10662121	886
chr5	10661235	10861235	harbor1	chr5	10666868	10667493	LTR/ERVL	1769	-	312	10667180	5945
chr5	10661235	10861235	harbor1	chr5	10720183	10720334	LTR/ERVL	1173	-	76	10720259	59024
chr5	10661235	10861235	harbor1	chr5	10726670	10727197	LTR/ERVL	824	-	264	10726934	65699
chr5	9114331	9314331	harbor1	chr5	9183053	9183613	LTR/ERVL	943	-	280	9183333	69002
chr5	52699384	52899384	harbor1	chr5	52706689	52707158	LTR/ERVL	2747	-	234	52706923	7539
chr5	52699384	52899384	harbor1	chr5	52745285	52745728	LTR/ERVL	3226	-	222	52745507	46123
chr5	52699384	52899384	harbor1	chr5	52764531	52764961	LTR/ERVL	1945	-	215	52764746	65362
chr5	52699384	52899384	harbor1	chr5	52766522	52767079	LTR/ERVL	1986	-	278	52766800	67416
chr5	52699384	52899384	harbor1	chr5	52791156	52791575	LTR/ERVL	712	-	210	52791366	91982
chr5	9114252	9314252	harbor1	chr5	9183053	9183613	LTR/ERVL	943	-	280	9183333	69081
chr5	9114320	9314320	harbor1	chr5	9183053	9183613	LTR/ERVL	943	-	280	9183333	69013
chr5	171287664	171487664	harbor1	chr5	171351053	171351254	LTR/ERVL	606	-	100	171351153	63489
chr5	171287664	171487664	harbor1	chr5	171351556	171351910	LTR/ERVL	606	-	177	171351733	64069
chr5	171287664	171487664	harbor1	chr5	171352957	171353237	LTR/ERVL	891	-	140	171353097	65433
chr5	171287664	171487664	harbor1	chr5	171353421	171353649	LTR/ERVL	1948	-	114	171353535	65871
chr5	171287664	171487664	harbor1	chr5	171353953	171354062	LTR/ERVL	1948	-	54	171354007	66343
chr5	171287664	171487664	harbor1	chr5	171354125	171354247	LTR/ERVL	655	-	61	171354186	66522
chr5	171287664	171487664	harbor1	chr5	171354248	171354412	LTR/ERVL	938	-	82	171354330	66666
chr5	171287664	171487664	harbor1	chr5	171354413	171355015	LTR/ERVL	4919	-	301	171354714	67050
chr5	171287664	171487664	harbor1	chr5	171355316	171355749	LTR/ERVL	4919	-	216	171355532	67868
chr5	73351469	73551469	harbor1	chr5	73358508	73358774	LTR/ERVL	1094	-	133	73358641	7172
chr5	73351469	73551469	harbor1	chr5	73359108	73359305	LTR/ERVL	1094	-	98	73359206	7737
chr5	73351469	73551469	harbor1	chr5	73404056	73404156	LTR/ERVL	419	-	50	73404106	52637
chr5	73351469	73551469	harbor1	chr5	73411748	73412234	LTR/ERVL	1858	-	243	73411991	60522
chr5	7622638	7822638	harbor1	chr5	7624205	7624317	LTR/ERVL	495	-	56	7624261	1623
chr5	7622638	7822638	harbor1	chr5	7635828	7636669	LTR/ERVL	4610	-	420	7636248	13610
chr5	7622638	7822638	harbor1	chr5	7655264	7655735	LTR/ERVL	1917	-	236	7655500	32862
chr5	7622638	7822638	harbor1	chr5	7658664	7659045	LTR/ERVL	1452	-	190	7658854	36216
chr5	7622638	7822638	harbor1	chr5	7660434	7660884	LTR/ERVL	2385	-	225	7660659	38021
chr5	7622638	7822638	harbor1	chr5	7651243	7651751	LTR/ERVL	3260	-	254	7651497	28859
chr5	9057233	9257233	harbor1	chr5	9068771	9069290	LTR/ERVL	2283	-	260	9069031	11798
chr5	9114329	9314329	harbor1	chr5	9183053	9183613	LTR/ERVL	943	-	280	9183333	69004
chr5	10311688	10511688	harbor1	chr5	10364267	10364413	LTR/ERVL	497	-	73	10364340	52652
chr5	10311688	10511688	harbor1	chr5	10364440	10364615	LTR/ERVL	471	-	88	10364528	52840
chr5	74950541	75150541	harbor1	chr5	75009810	75010203	LTR/ERVL	1293	-	196	75010006	59465
chr5	143206591	143406591	harbor1	chr5	143254830	143255092	LTR/ERVL	1135	-	131	143254961	48370
chr5	73114177	73314177	harbor1	chr5	73165598	73166151	LTR/ERVL	1261	-	276	73165874	51697
chr5	73114177	73314177	harbor1	chr5	73166154	73167178	LTR/ERVL	8040	-	512	73166666	52489
chr5	73114177	73314177	harbor1	chr5	73167616	73169068	LTR/ERVL	8040	-	726	73168342	54165
chr5	73114177	73314177	harbor1	chr5	73169122	73169480	LTR/ERVL	2615	-	179	73169301	55124
chr5	73114177	73314177	harbor1	chr5	73169674	73169766	LTR/ERVL	2615	-	46	73169720	55543
chr5	73114177	73314177	harbor1	chr5	73169796	73170217	LTR/ERVL	825	-	210	73170006	55829
chr5	73114177	73314177	harbor1	chr5	73170248	73170855	LTR/ERVL	1600	-	304	73170552	56375
chr5	73114177	73314177	harbor1	chr5	73199615	73199969	LTR/ERVL	2083	-	177	73199792	85615
chr5	171288209	171488209	harbor1	chr5	171351053	171351254	LTR/ERVL	606	-	100	171351153	62944
chr5	171288209	171488209	harbor1	chr5	171351556	171351910	LTR/ERVL	606	-	177	171351733	63524
chr5	171288209	171488209	harbor1	chr5	171352957	171353237	LTR/ERVL	891	-	140	171353097	64888
chr5	171288209	171488209	harbor1	chr5	171353421	171353649	LTR/ERVL	1948	-	114	171353535	65326
chr5	171288209	171488209	harbor1	chr5	171353953	171354062	LTR/ERVL	1948	-	54	171354007	65798
chr5	171288209	171488209	harbor1	chr5	171354125	171354247	LTR/ERVL	655	-	61	171354186	65977
chr5	171288209	171488209	harbor1	chr5	171354248	171354412	LTR/ERVL	938	-	82	171354330	66121
chr5	171288209	171488209	harbor1	chr5	171354413	171355015	LTR/ERVL	4919	-	301	171354714	66505
chr5	171288209	171488209	harbor1	chr5	171355316	171355749	LTR/ERVL	4919	-	216	171355532	67323
chr5	181061409	181261409	harbor1	chr5	181109258	181109298	LTR/ERVL	967	-	20	181109278	47869
chr5	181061409	181261409	harbor1	chr5	181109624	181110021	LTR/ERVL	967	-	198	181109822	48413
chr5	181061409	181261409	harbor1	chr5	181153701	181153913	LTR/ERVL	559	-	106	181153807	92398
chr5	181061409	181261409	harbor1	chr5	181154035	181154307	LTR/ERVL	837	-	136	181154171	92762
chr5	181061409	181261409	harbor1	chr5	181154606	181154667	LTR/ERVL	837	-	30	181154636	93227
chr5	10661175	10861175	harbor1	chr5	10661935	10662306	LTR/ERVL	1105	-	186	10662121	946
chr5	10661175	10861175	harbor1	chr5	10666868	10667493	LTR/ERVL	1769	-	312	10667180	6005
chr5	10661175	10861175	harbor1	chr5	10720183	10720334	LTR/ERVL	1173	-	76	10720259	59084
chr5	10661175	10861175	harbor1	chr5	10726670	10727197	LTR/ERVL	824	-	264	10726934	65759
chr5	93221055	93421055	harbor1	chr5	93223484	93223968	LTR/ERVL	1222	-	242	93223726	2671
chr5	93221055	93421055	harbor1	chr5	93316906	93317142	LTR/ERVL	448	-	118	93317024	95969
chr5	61231969	61431969	harbor1	chr5	61294476	61294631	LTR/ERVL	479	-	78	61294554	62585
chr5	61231969	61431969	harbor1	chr5	61294824	61294875	LTR/ERVL	479	-	26	61294850	62881
chr5	52700079	52900079	harbor1	chr5	52706689	52707158	LTR/ERVL	2747	-	234	52706923	6844
chr5	52700079	52900079	harbor1	chr5	52745285	52745728	LTR/ERVL	3226	-	222	52745507	45428
chr5	52700079	52900079	harbor1	chr5	52764531	52764961	LTR/ERVL	1945	-	215	52764746	64667
chr5	52700079	52900079	harbor1	chr5	52766522	52767079	LTR/ERVL	1986	-	278	52766800	66721
chr5	52700079	52900079	harbor1	chr5	52791156	52791575	LTR/ERVL	712	-	210	52791366	91287
chr5	4842506	5042506	harbor1	chr5	4894997	4895035	LTR/ERVL	2987	-	19	4895016	52510
chr5	4842506	5042506	harbor1	chr5	4895170	4895528	LTR/ERVL	2987	-	179	4895349	52843
chr5	4842506	5042506	harbor1	chr5	4930032	4930441	LTR/ERVL	1945	-	204	4930236	87730
chr5	52699708	52899708	harbor1	chr5	52706689	52707158	LTR/ERVL	2747	-	234	52706923	7215
chr5	52699708	52899708	harbor1	chr5	52745285	52745728	LTR/ERVL	3226	-	222	52745507	45799
chr5	52699708	52899708	harbor1	chr5	52764531	52764961	LTR/ERVL	1945	-	215	52764746	65038
chr5	52699708	52899708	harbor1	chr5	52766522	52767079	LTR/ERVL	1986	-	278	52766800	67092
chr5	52699708	52899708	harbor1	chr5	52791156	52791575	LTR/ERVL	712	-	210	52791366	91658
chr5	10660536	10860536	harbor1	chr5	10661935	10662306	LTR/ERVL	1105	-	186	10662121	1585
chr5	10660536	10860536	harbor1	chr5	10666868	10667493	LTR/ERVL	1769	-	312	10667180	6644
chr5	10660536	10860536	harbor1	chr5	10720183	10720334	LTR/ERVL	1173	-	76	10720259	59723
chr5	10660536	10860536	harbor1	chr5	10726670	10727197	LTR/ERVL	824	-	264	10726934	66398
chr5	10024023	10224023	harbor1	chr5	10043606	10043812	LTR/ERVL	870	-	103	10043709	19686
chr5	10024023	10224023	harbor1	chr5	10080348	10080956	LTR/ERVL	998	-	304	10080652	56629
chr5	10024023	10224023	harbor1	chr5	10081529	10081943	LTR/ERVL	2318	-	207	10081736	57713
chr5	10024023	10224023	harbor1	chr5	10043353	10043609	LTR/ERVL	1430	-	128	10043481	19458
chr5	79136012	79336012	harbor1	chr5	79156725	79156985	LTR/ERVL	587	-	130	79156855	20843
chr5	73350822	73550822	harbor1	chr5	73358508	73358774	LTR/ERVL	1094	-	133	73358641	7819
chr5	73350822	73550822	harbor1	chr5	73359108	73359305	LTR/ERVL	1094	-	98	73359206	8384
chr5	73350822	73550822	harbor1	chr5	73404056	73404156	LTR/ERVL	419	-	50	73404106	53284
chr5	73350822	73550822	harbor1	chr5	73411748	73412234	LTR/ERVL	1858	-	243	73411991	61169
chr5	10661147	10861147	harbor1	chr5	10661935	10662306	LTR/ERVL	1105	-	186	10662121	974
chr5	10661147	10861147	harbor1	chr5	10666868	10667493	LTR/ERVL	1769	-	312	10667180	6033
chr5	10661147	10861147	harbor1	chr5	10720183	10720334	LTR/ERVL	1173	-	76	10720259	59112
chr5	10661147	10861147	harbor1	chr5	10726670	10727197	LTR/ERVL	824	-	264	10726934	65787
chr5	135919218	136119218	harbor1	chr5	135949352	135949942	LTR/ERVL	2518	-	295	135949647	30429
chr5	135919218	136119218	harbor1	chr5	135974575	135975006	LTR/ERVL	2164	-	216	135974791	55573
chr5	135919218	136119218	harbor1	chr5	135981816	135981958	LTR/ERVL	624	-	71	135981887	62669
chr5	135919218	136119218	harbor1	chr5	136004520	136004922	LTR/ERVL	1436	-	201	136004721	85503
chr5	6533033	6733033	harbor1	chr5	6534032	6534147	LTR/ERVL	485	-	58	6534090	1057
chr5	6533033	6733033	harbor1	chr5	6536685	6537046	LTR/ERVL	420	-	180	6536865	3832
chr5	6533033	6733033	harbor1	chr5	6576953	6577322	LTR/ERVL	1787	-	184	6577137	44104
chr5	10341894	10541894	harbor1	chr5	10364267	10364413	LTR/ERVL	497	-	73	10364340	22446
chr5	10341894	10541894	harbor1	chr5	10364440	10364615	LTR/ERVL	471	-	88	10364528	22634
chr5	10231669	10431669	harbor1	chr5	10308833	10308928	LTR/ERVL	454	-	48	10308881	77212
chr5	10150998	10350998	harbor1	chr5	10172884	10173052	LTR/ERVL	754	-	84	10172968	21970
chr5	10150998	10350998	harbor1	chr5	10201180	10201793	LTR/ERVL	1066	-	306	10201486	50488
chr5	71628507	71828507	harbor1	chr5	71716352	71717015	LTR/ERVL	2024	-	332	71716684	88177
chr5	78709775	78909775	harbor1	chr5	78716989	78717092	LTR/ERVL	471	-	52	78717041	7266
chr5	78410099	78610099	harbor1	chr5	78465705	78466061	LTR/ERVL	1156	-	178	78465883	55784
chr5	10661144	10861144	harbor1	chr5	10661935	10662306	LTR/ERVL	1105	-	186	10662121	977
chr5	10661144	10861144	harbor1	chr5	10666868	10667493	LTR/ERVL	1769	-	312	10667180	6036
chr5	10661144	10861144	harbor1	chr5	10720183	10720334	LTR/ERVL	1173	-	76	10720259	59115
chr5	10661144	10861144	harbor1	chr5	10726670	10727197	LTR/ERVL	824	-	264	10726934	65790
chr5	10661231	10861231	harbor1	chr5	10661935	10662306	LTR/ERVL	1105	-	186	10662121	890
chr5	10661231	10861231	harbor1	chr5	10666868	10667493	LTR/ERVL	1769	-	312	10667180	5949
chr5	10661231	10861231	harbor1	chr5	10720183	10720334	LTR/ERVL	1173	-	76	10720259	59028
chr5	10661231	10861231	harbor1	chr5	10726670	10727197	LTR/ERVL	824	-	264	10726934	65703
chr5	10339015	10539015	harbor1	chr5	10364267	10364413	LTR/ERVL	497	-	73	10364340	25325
chr5	10339015	10539015	harbor1	chr5	10364440	10364615	LTR/ERVL	471	-	88	10364528	25513
chr5	137653913	137853913	harbor1	chr5	137745577	137746091	LTR/ERVL	2562	-	257	137745834	91921
chr5	78410150	78610150	harbor1	chr5	78465705	78466061	LTR/ERVL	1156	-	178	78465883	55733
chr5	133904558	134104558	harbor1	chr5	133907824	133908018	LTR/ERVL	464	-	97	133907921	3363
chr5	133904558	134104558	harbor1	chr5	133911015	133911290	LTR/ERVL	1283	-	138	133911153	6595
chr5	133904558	134104558	harbor1	chr5	133937228	133937610	LTR/ERVL	947	-	191	133937419	32861
chr5	133904558	134104558	harbor1	chr5	133938145	133938253	LTR/ERVL	628	-	54	133938199	33641
chr5	133904558	134104558	harbor1	chr5	133939624	133939654	LTR/ERVL	955	-	15	133939639	35081
chr5	133904558	134104558	harbor1	chr5	133940399	133940651	LTR/ERVL	955	-	126	133940525	35967
chr5	133904558	134104558	harbor1	chr5	133940732	133941351	LTR/ERVL	1440	-	310	133941042	36484
chr6	139275451	139475451	harbor1	chr6	139355909	139356317	LTR/ERVL	2304	-	204	139356113	80662
chr6	139275451	139475451	harbor1	chr6	139357779	139358179	LTR/ERVL	1623	-	200	139357979	82528
chr6	31056818	31256818	harbor1	chr6	31057564	31058052	LTR/ERVL	3243	-	244	31057808	990
chr6	31056818	31256818	harbor1	chr6	31073569	31073916	LTR/ERVL	1164	-	174	31073743	16925
chr6	31056818	31256818	harbor1	chr6	31079464	31080069	LTR/ERVL	1102	-	302	31079766	22948
chr6	31056818	31256818	harbor1	chr6	31085970	31086181	LTR/ERVL	1390	-	106	31086076	29258
chr6	31056818	31256818	harbor1	chr6	31086494	31086729	LTR/ERVL	1390	-	118	31086612	29794
chr6	139275552	139475552	harbor1	chr6	139355909	139356317	LTR/ERVL	2304	-	204	139356113	80561
chr6	139275552	139475552	harbor1	chr6	139357779	139358179	LTR/ERVL	1623	-	200	139357979	82427
chr6	37070857	37270857	harbor1	chr6	37115502	37115720	LTR/ERVL	568	-	109	37115611	44754
chr6	37070857	37270857	harbor1	chr6	37123111	37123523	LTR/ERVL	578	-	206	37123317	52460
chr6	139268099	139468099	harbor1	chr6	139355909	139356317	LTR/ERVL	2304	-	204	139356113	88014
chr6	139268099	139468099	harbor1	chr6	139357779	139358179	LTR/ERVL	1623	-	200	139357979	89880
chr6	127167311	127367311	harbor1	chr6	127252574	127253082	LTR/ERVL	2904	-	254	127252828	85517
chr6	37002869	37202869	harbor1	chr6	37006715	37007122	LTR/ERVL	1270	-	204	37006919	4050
chr6	37070851	37270851	harbor1	chr6	37115502	37115720	LTR/ERVL	568	-	109	37115611	44760
chr6	37070851	37270851	harbor1	chr6	37123111	37123523	LTR/ERVL	578	-	206	37123317	52466
chr6	166512562	166712562	harbor1	chr6	166558159	166558528	LTR/ERVL	1382	-	184	166558343	45781
chr6	37070872	37270872	harbor1	chr6	37115502	37115720	LTR/ERVL	568	-	109	37115611	44739
chr6	37070872	37270872	harbor1	chr6	37123111	37123523	LTR/ERVL	578	-	206	37123317	52445
chr6	139275170	139475170	harbor1	chr6	139355909	139356317	LTR/ERVL	2304	-	204	139356113	80943
chr6	139275170	139475170	harbor1	chr6	139357779	139358179	LTR/ERVL	1623	-	200	139357979	82809
chr6	124862435	125062435	harbor1	chr6	124950258	124950454	LTR/ERVL	511	-	98	124950356	87921
chr6	124862435	125062435	harbor1	chr6	124952087	124952619	LTR/ERVL	2734	-	266	124952353	89918
chr6	11481954	11681954	harbor1	chr6	11489988	11490443	LTR/ERVL	1012	-	228	11490216	8262
chr6	11481954	11681954	harbor1	chr6	11498232	11498323	LTR/ERVL	2395	-	46	11498278	16324
chr6	11481954	11681954	harbor1	chr6	11498621	11499991	LTR/ERVL	2395	-	685	11499306	17352
chr6	11481954	11681954	harbor1	chr6	11500085	11500223	LTR/ERVL	492	-	69	11500154	18200
chr6	11481954	11681954	harbor1	chr6	11500227	11500371	LTR/ERVL	547	-	72	11500299	18345
chr6	11481954	11681954	harbor1	chr6	11563332	11563677	LTR/ERVL	1353	-	172	11563504	81550
chr6	37070827	37270827	harbor1	chr6	37115502	37115720	LTR/ERVL	568	-	109	37115611	44784
chr6	37070827	37270827	harbor1	chr6	37123111	37123523	LTR/ERVL	578	-	206	37123317	52490
chr6	7626957	7826957	harbor1	chr6	7641033	7641449	LTR/ERVL	1757	-	208	7641241	14284
chr6	7626957	7826957	harbor1	chr6	7657086	7657402	LTR/ERVL	1030	-	158	7657244	30287
chr6	7626957	7826957	harbor1	chr6	7657457	7658716	LTR/ERVL	3310	-	630	7658087	31130
chr6	7626957	7826957	harbor1	chr6	7658711	7658889	LTR/ERVL	821	-	89	7658800	31843
chr6	7626957	7826957	harbor1	chr6	7659324	7659339	LTR/ERVL	821	-	8	7659332	32375
chr6	7626957	7826957	harbor1	chr6	7659641	7659730	LTR/ERVL	821	-	44	7659685	32728
chr6	7626957	7826957	harbor1	chr6	7659802	7661464	LTR/ERVL	3446	-	831	7660633	33676
chr6	7626957	7826957	harbor1	chr6	7667339	7667528	LTR/ERVL	506	-	94	7667433	40476
chr6	105894234	106094234	harbor1	chr6	105939483	105939587	LTR/ERVL	476	-	52	105939535	45301
chr6	105894234	106094234	harbor1	chr6	105950056	105950215	LTR/ERVL	579	-	80	105950136	55902
chr6	105894234	106094234	harbor1	chr6	105950316	105950496	LTR/ERVL	581	-	90	105950406	56172
chr6	36992832	37192832	harbor1	chr6	37001736	37002039	LTR/ERVL	590	-	152	37001888	9056
chr6	36992832	37192832	harbor1	chr6	37006715	37007122	LTR/ERVL	1270	-	204	37006919	14087
chr6	107387585	107587585	harbor1	chr6	107465894	107466331	LTR/ERVL	1394	-	218	107466112	78527
chr6	138673799	138873799	harbor1	chr6	138686953	138687153	LTR/ERVL	924	-	100	138687053	13254
chr6	138673799	138873799	harbor1	chr6	138687293	138687544	LTR/ERVL	924	-	126	138687419	13620
chr6	138673799	138873799	harbor1	chr6	138704424	138704947	LTR/ERVL	2459	-	262	138704686	30887
chr6	35352746	35552746	harbor1	chr6	35415745	35415778	LTR/ERVL	1973	-	16	35415761	63015
chr6	35352746	35552746	harbor1	chr6	35415804	35416099	LTR/ERVL	1973	-	148	35415952	63206
chr6	35352746	35552746	harbor1	chr6	35416405	35416482	LTR/ERVL	1973	-	38	35416443	63697
chr6	35352746	35552746	harbor1	chr6	35428663	35428847	LTR/ERVL	508	-	92	35428755	76009
chr6	45541025	45741025	harbor1	chr6	45628430	45628661	LTR/ERVL	837	-	116	45628546	87521
chr6	45541025	45741025	harbor1	chr6	45628707	45628912	LTR/ERVL	488	-	102	45628809	87784
chr6	45541025	45741025	harbor1	chr6	45629508	45629789	LTR/ERVL	1621	-	140	45629648	88623
chr6	45541025	45741025	harbor1	chr6	45630125	45630491	LTR/ERVL	1621	-	183	45630308	89283
chr6	99421500	99621500	harbor1	chr6	99514062	99514502	LTR/ERVL	1313	-	220	99514282	92782
chr6	41820289	42020289	harbor1	chr6	41914030	41914441	LTR/ERVL	697	-	206	41914236	93947
chr6	107722375	107922375	harbor1	chr6	107785241	107785689	LTR/ERVL	1703	-	224	107785465	63090
chr6	139274146	139474146	harbor1	chr6	139355909	139356317	LTR/ERVL	2304	-	204	139356113	81967
chr6	139274146	139474146	harbor1	chr6	139357779	139358179	LTR/ERVL	1623	-	200	139357979	83833
chr6	36493941	36693941	harbor1	chr6	36552859	36553220	LTR/ERVL	2655	-	180	36553039	59098
chr6	36493941	36693941	harbor1	chr6	36553503	36553625	LTR/ERVL	2655	-	61	36553564	59623
chr6	36493941	36693941	harbor1	chr6	36571872	36572061	LTR/ERVL	819	-	94	36571966	78025
chr6	77363005	77563005	harbor1	chr6	77383887	77384465	LTR/ERVL	2092	-	289	77384176	21171
chr6	77363005	77563005	harbor1	chr6	77441271	77441425	LTR/ERVL	527	-	77	77441348	78343
chr6	77363005	77563005	harbor1	chr6	77442810	77443364	LTR/ERVL	2738	-	277	77443087	80082
chr6	37002597	37202597	harbor1	chr6	37006715	37007122	LTR/ERVL	1270	-	204	37006919	4322
chr6	139274683	139474683	harbor1	chr6	139355909	139356317	LTR/ERVL	2304	-	204	139356113	81430
chr6	139274683	139474683	harbor1	chr6	139357779	139358179	LTR/ERVL	1623	-	200	139357979	83296
chr6	169864005	170064005	harbor1	chr6	169865173	169865576	LTR/ERVL	1140	-	202	169865375	1370
chr6	169864005	170064005	harbor1	chr6	169884447	169884920	LTR/ERVL	3129	-	236	169884683	20678
chr6	169864005	170064005	harbor1	chr6	169895324	169895706	LTR/ERVL	1633	-	191	169895515	31510
chr6	30784323	30984323	harbor1	chr6	30799074	30799502	LTR/ERVL	2842	-	214	30799288	14965
chr6	30784323	30984323	harbor1	chr6	30804609	30805534	LTR/ERVL	4267	-	462	30805071	20748
chr6	30784323	30984323	harbor1	chr6	30841188	30841534	LTR/ERVL	904	-	173	30841361	57038
chr6	30784323	30984323	harbor1	chr6	30847788	30848423	LTR/ERVL	1409	-	318	30848106	63783
chr6	37070831	37270831	harbor1	chr6	37115502	37115720	LTR/ERVL	568	-	109	37115611	44780
chr6	37070831	37270831	harbor1	chr6	37123111	37123523	LTR/ERVL	578	-	206	37123317	52486
chr6	37070836	37270836	harbor1	chr6	37115502	37115720	LTR/ERVL	568	-	109	37115611	44775
chr6	37070836	37270836	harbor1	chr6	37123111	37123523	LTR/ERVL	578	-	206	37123317	52481
chr6	10421300	10621300	harbor1	chr6	10470652	10471818	LTR/ERVL	2447	-	583	10471235	49935
chr6	139275445	139475445	harbor1	chr6	139355909	139356317	LTR/ERVL	2304	-	204	139356113	80668
chr6	139275445	139475445	harbor1	chr6	139357779	139358179	LTR/ERVL	1623	-	200	139357979	82534
chr6	7626988	7826988	harbor1	chr6	7641033	7641449	LTR/ERVL	1757	-	208	7641241	14253
chr6	7626988	7826988	harbor1	chr6	7657086	7657402	LTR/ERVL	1030	-	158	7657244	30256
chr6	7626988	7826988	harbor1	chr6	7657457	7658716	LTR/ERVL	3310	-	630	7658087	31099
chr6	7626988	7826988	harbor1	chr6	7658711	7658889	LTR/ERVL	821	-	89	7658800	31812
chr6	7626988	7826988	harbor1	chr6	7659324	7659339	LTR/ERVL	821	-	8	7659332	32344
chr6	7626988	7826988	harbor1	chr6	7659641	7659730	LTR/ERVL	821	-	44	7659685	32697
chr6	7626988	7826988	harbor1	chr6	7659802	7661464	LTR/ERVL	3446	-	831	7660633	33645
chr6	7626988	7826988	harbor1	chr6	7667339	7667528	LTR/ERVL	506	-	94	7667433	40445
chr6	27415355	27615355	harbor1	chr6	27431819	27432230	LTR/ERVL	1596	-	206	27432025	16670
chr6	27415355	27615355	harbor1	chr6	27512206	27512506	LTR/ERVL	1005	-	150	27512356	97001
chr6	27415355	27615355	harbor1	chr6	27513063	27513513	LTR/ERVL	736	-	225	27513288	97933
chr6	37070816	37270816	harbor1	chr6	37115502	37115720	LTR/ERVL	568	-	109	37115611	44795
chr6	37070816	37270816	harbor1	chr6	37123111	37123523	LTR/ERVL	578	-	206	37123317	52501
chr6	30366671	30566671	harbor1	chr6	30379919	30380543	LTR/ERVL	1298	-	312	30380231	13560
chr6	30366671	30566671	harbor1	chr6	30391242	30391796	LTR/ERVL	1631	-	277	30391519	24848
chr6	30366671	30566671	harbor1	chr6	30429329	30430018	LTR/ERVL	2573	-	344	30429673	63002
chr6	30366671	30566671	harbor1	chr6	30446621	30446802	LTR/ERVL	780	-	90	30446711	80040
chr6	139274657	139474657	harbor1	chr6	139355909	139356317	LTR/ERVL	2304	-	204	139356113	81456
chr6	139274657	139474657	harbor1	chr6	139357779	139358179	LTR/ERVL	1623	-	200	139357979	83322
chr6	37070849	37270849	harbor1	chr6	37115502	37115720	LTR/ERVL	568	-	109	37115611	44762
chr6	37070849	37270849	harbor1	chr6	37123111	37123523	LTR/ERVL	578	-	206	37123317	52468
chr6	81650363	81850363	harbor1	chr6	81735521	81735679	LTR/ERVL	493	-	79	81735600	85237
chr6	147104160	147304160	harbor1	chr6	147147451	147147959	LTR/ERVL	1906	-	254	147147705	43545
chr6	37070846	37270846	harbor1	chr6	37115502	37115720	LTR/ERVL	568	-	109	37115611	44765
chr6	37070846	37270846	harbor1	chr6	37123111	37123523	LTR/ERVL	578	-	206	37123317	52471
chr6	37070848	37270848	harbor1	chr6	37115502	37115720	LTR/ERVL	568	-	109	37115611	44763
chr6	37070848	37270848	harbor1	chr6	37123111	37123523	LTR/ERVL	578	-	206	37123317	52469
chr6	36343280	36543280	harbor1	chr6	36348786	36349462	LTR/ERVL	931	-	338	36349124	5844
chr6	36343280	36543280	harbor1	chr6	36357293	36357473	LTR/ERVL	507	-	90	36357383	14103
chr6	36343280	36543280	harbor1	chr6	36394428	36394625	LTR/ERVL	480	-	98	36394526	51246
chr6	101699773	101899773	harbor1	chr6	101706495	101706906	LTR/ERVL	1517	-	206	101706701	6928
chr6	101699773	101899773	harbor1	chr6	101734146	101734621	LTR/ERVL	1860	-	238	101734384	34611
chr6	37070843	37270843	harbor1	chr6	37115502	37115720	LTR/ERVL	568	-	109	37115611	44768
chr6	37070843	37270843	harbor1	chr6	37123111	37123523	LTR/ERVL	578	-	206	37123317	52474
chr6	34135066	34335066	harbor1	chr6	34204903	34204926	LTR/ERVL	639	-	12	34204915	69849
chr6	34135066	34335066	harbor1	chr6	34205214	34205451	LTR/ERVL	639	-	118	34205332	70266
chr6	34135066	34335066	harbor1	chr6	34230971	34231337	LTR/ERVL	889	-	183	34231154	96088
chr6	34135066	34335066	harbor1	chr6	34231948	34232014	LTR/ERVL	889	-	33	34231981	96915
chr6	52184786	52384786	harbor1	chr6	52185129	52185339	LTR/ERVL	622	-	105	52185234	448
chr6	52184786	52384786	harbor1	chr6	52245089	52245913	LTR/ERVL	2287	-	412	52245501	60715
chr6	52184786	52384786	harbor1	chr6	52245999	52246104	LTR/ERVL	467	-	52	52246051	61265
chr6	52184744	52384744	harbor1	chr6	52185129	52185339	LTR/ERVL	622	-	105	52185234	490
chr6	52184744	52384744	harbor1	chr6	52245089	52245913	LTR/ERVL	2287	-	412	52245501	60757
chr6	52184744	52384744	harbor1	chr6	52245999	52246104	LTR/ERVL	467	-	52	52246051	61307
chr6	169864011	170064011	harbor1	chr6	169865173	169865576	LTR/ERVL	1140	-	202	169865375	1364
chr6	169864011	170064011	harbor1	chr6	169884447	169884920	LTR/ERVL	3129	-	236	169884683	20672
chr6	169864011	170064011	harbor1	chr6	169895324	169895706	LTR/ERVL	1633	-	191	169895515	31504
chr6	149351029	149551029	harbor1	chr6	149425423	149428295	LTR/ERVL	6417	-	1436	149426859	75830
chr6	149351029	149551029	harbor1	chr6	149428445	149429091	LTR/ERVL	1631	-	323	149428768	77739
chr6	149351029	149551029	harbor1	chr6	149440047	149440223	LTR/ERVL	500	-	88	149440135	89106
chr6	10422562	10622562	harbor1	chr6	10470652	10471818	LTR/ERVL	2447	-	583	10471235	48673
chr6	42878982	43078982	harbor1	chr6	42934165	42934331	LTR/ERVL	1111	-	83	42934248	55266
chr6	147104106	147304106	harbor1	chr6	147147451	147147959	LTR/ERVL	1906	-	254	147147705	43599
chr6	110248805	110448805	harbor1	chr6	110326552	110326725	LTR/ERVL	611	-	86	110326638	77833
chr6	7626967	7826967	harbor1	chr6	7641033	7641449	LTR/ERVL	1757	-	208	7641241	14274
chr6	7626967	7826967	harbor1	chr6	7657086	7657402	LTR/ERVL	1030	-	158	7657244	30277
chr6	7626967	7826967	harbor1	chr6	7657457	7658716	LTR/ERVL	3310	-	630	7658087	31120
chr6	7626967	7826967	harbor1	chr6	7658711	7658889	LTR/ERVL	821	-	89	7658800	31833
chr6	7626967	7826967	harbor1	chr6	7659324	7659339	LTR/ERVL	821	-	8	7659332	32365
chr6	7626967	7826967	harbor1	chr6	7659641	7659730	LTR/ERVL	821	-	44	7659685	32718
chr6	7626967	7826967	harbor1	chr6	7659802	7661464	LTR/ERVL	3446	-	831	7660633	33666
chr6	7626967	7826967	harbor1	chr6	7667339	7667528	LTR/ERVL	506	-	94	7667433	40466
chr6	104840667	105040667	harbor1	chr6	104863041	104863385	LTR/ERVL	1081	-	172	104863213	22546
chr6	139274673	139474673	harbor1	chr6	139355909	139356317	LTR/ERVL	2304	-	204	139356113	81440
chr6	139274673	139474673	harbor1	chr6	139357779	139358179	LTR/ERVL	1623	-	200	139357979	83306
chr6	30366631	30566631	harbor1	chr6	30379919	30380543	LTR/ERVL	1298	-	312	30380231	13600
chr6	30366631	30566631	harbor1	chr6	30391242	30391796	LTR/ERVL	1631	-	277	30391519	24888
chr6	30366631	30566631	harbor1	chr6	30429329	30430018	LTR/ERVL	2573	-	344	30429673	63042
chr6	30366631	30566631	harbor1	chr6	30446621	30446802	LTR/ERVL	780	-	90	30446711	80080
chr6	127167329	127367329	harbor1	chr6	127252574	127253082	LTR/ERVL	2904	-	254	127252828	85499
chr6	52184830	52384830	harbor1	chr6	52185129	52185339	LTR/ERVL	622	-	105	52185234	404
chr6	52184830	52384830	harbor1	chr6	52245089	52245913	LTR/ERVL	2287	-	412	52245501	60671
chr6	52184830	52384830	harbor1	chr6	52245999	52246104	LTR/ERVL	467	-	52	52246051	61221
chr6	139274467	139474467	harbor1	chr6	139355909	139356317	LTR/ERVL	2304	-	204	139356113	81646
chr6	139274467	139474467	harbor1	chr6	139357779	139358179	LTR/ERVL	1623	-	200	139357979	83512
chr6	127167314	127367314	harbor1	chr6	127252574	127253082	LTR/ERVL	2904	-	254	127252828	85514
chr6	33522121	33722121	harbor1	chr6	33567750	33568187	LTR/ERVL	867	-	218	33567968	45847
chr6	139274604	139474604	harbor1	chr6	139355909	139356317	LTR/ERVL	2304	-	204	139356113	81509
chr6	139274604	139474604	harbor1	chr6	139357779	139358179	LTR/ERVL	1623	-	200	139357979	83375
chr6	147104102	147304102	harbor1	chr6	147147451	147147959	LTR/ERVL	1906	-	254	147147705	43603
chr6	139275131	139475131	harbor1	chr6	139355909	139356317	LTR/ERVL	2304	-	204	139356113	80982
chr6	139275131	139475131	harbor1	chr6	139357779	139358179	LTR/ERVL	1623	-	200	139357979	82848
chr6	149351091	149551091	harbor1	chr6	149425423	149428295	LTR/ERVL	6417	-	1436	149426859	75768
chr6	149351091	149551091	harbor1	chr6	149428445	149429091	LTR/ERVL	1631	-	323	149428768	77677
chr6	149351091	149551091	harbor1	chr6	149440047	149440223	LTR/ERVL	500	-	88	149440135	89044
chr6	79847089	80047089	harbor1	chr6	79903569	79903778	LTR/ERVL	1148	-	104	79903673	56584
chr6	79847089	80047089	harbor1	chr6	79905409	79905769	LTR/ERVL	1461	-	180	79905589	58500
chr6	79847089	80047089	harbor1	chr6	79906509	79906980	LTR/ERVL	1008	-	236	79906745	59656
chr6	79847089	80047089	harbor1	chr6	79906984	79907449	LTR/ERVL	769	-	232	79907216	60127
chr6	79847089	80047089	harbor1	chr6	79907458	79908138	LTR/ERVL	5504	-	340	79907798	60709
chr6	79847089	80047089	harbor1	chr6	79908464	79910296	LTR/ERVL	5504	-	916	79909380	62291
chr6	79847089	80047089	harbor1	chr6	79910336	79911124	LTR/ERVL	1590	-	394	79910730	63641
chr6	79847089	80047089	harbor1	chr6	79904104	79904979	LTR/ERVL	1461	-	438	79904542	57453
chr6	150799534	150999534	harbor1	chr6	150848403	150848882	LTR/ERVL	1861	-	240	150848643	49109
chr6	41091863	41291863	harbor1	chr6	41112854	41112888	LTR/ERVL	3011	-	17	41112871	21008
chr6	41091863	41291863	harbor1	chr6	41112973	41113360	LTR/ERVL	3011	-	194	41113167	21304
chr6	41091863	41291863	harbor1	chr6	41186917	41187028	LTR/ERVL	642	-	56	41186973	95110
chr6	41091863	41291863	harbor1	chr6	41187716	41187970	LTR/ERVL	642	-	127	41187843	95980
chr6	139275443	139475443	harbor1	chr6	139355909	139356317	LTR/ERVL	2304	-	204	139356113	80670
chr6	139275443	139475443	harbor1	chr6	139357779	139358179	LTR/ERVL	1623	-	200	139357979	82536
chr6	45540941	45740941	harbor1	chr6	45628430	45628661	LTR/ERVL	837	-	116	45628546	87605
chr6	45540941	45740941	harbor1	chr6	45628707	45628912	LTR/ERVL	488	-	102	45628809	87868
chr6	45540941	45740941	harbor1	chr6	45629508	45629789	LTR/ERVL	1621	-	140	45629648	88707
chr6	45540941	45740941	harbor1	chr6	45630125	45630491	LTR/ERVL	1621	-	183	45630308	89367
chr6	139275520	139475520	harbor1	chr6	139355909	139356317	LTR/ERVL	2304	-	204	139356113	80593
chr6	139275520	139475520	harbor1	chr6	139357779	139358179	LTR/ERVL	1623	-	200	139357979	82459
chr6	45540990	45740990	harbor1	chr6	45628430	45628661	LTR/ERVL	837	-	116	45628546	87556
chr6	45540990	45740990	harbor1	chr6	45628707	45628912	LTR/ERVL	488	-	102	45628809	87819
chr6	45540990	45740990	harbor1	chr6	45629508	45629789	LTR/ERVL	1621	-	140	45629648	88658
chr6	45540990	45740990	harbor1	chr6	45630125	45630491	LTR/ERVL	1621	-	183	45630308	89318
chr6	37070864	37270864	harbor1	chr6	37115502	37115720	LTR/ERVL	568	-	109	37115611	44747
chr6	37070864	37270864	harbor1	chr6	37123111	37123523	LTR/ERVL	578	-	206	37123317	52453
chr6	43355517	43555517	harbor1	chr6	43381215	43381760	LTR/ERVL	1244	-	272	43381487	25970
chr6	43355517	43555517	harbor1	chr6	43383158	43383372	LTR/ERVL	596	-	107	43383265	27748
chr6	43355517	43555517	harbor1	chr6	43383375	43383578	LTR/ERVL	579	-	102	43383477	27960
chr6	43355517	43555517	harbor1	chr6	43384201	43384245	LTR/ERVL	946	-	22	43384223	28706
chr6	43355517	43555517	harbor1	chr6	43385059	43385701	LTR/ERVL	1087	-	321	43385380	29863
chr6	43355517	43555517	harbor1	chr6	43405283	43405514	LTR/ERVL	1597	-	116	43405399	49882
chr6	43355517	43555517	harbor1	chr6	43405550	43405739	LTR/ERVL	1597	-	94	43405644	50127
chr6	43355517	43555517	harbor1	chr6	43384536	43384948	LTR/ERVL	946	-	206	43384742	29225
chr6	146813054	147013054	harbor1	chr6	146830965	146831393	LTR/ERVL	2479	-	214	146831179	18125
chr6	146813054	147013054	harbor1	chr6	146850513	146850978	LTR/ERVL	843	-	232	146850745	37691
chr6	34138380	34338380	harbor1	chr6	34204903	34204926	LTR/ERVL	639	-	12	34204915	66535
chr6	34138380	34338380	harbor1	chr6	34205214	34205451	LTR/ERVL	639	-	118	34205332	66952
chr6	34138380	34338380	harbor1	chr6	34230971	34231337	LTR/ERVL	889	-	183	34231154	92774
chr6	34138380	34338380	harbor1	chr6	34231948	34232014	LTR/ERVL	889	-	33	34231981	93601
chr6	45540939	45740939	harbor1	chr6	45628430	45628661	LTR/ERVL	837	-	116	45628546	87607
chr6	45540939	45740939	harbor1	chr6	45628707	45628912	LTR/ERVL	488	-	102	45628809	87870
chr6	45540939	45740939	harbor1	chr6	45629508	45629789	LTR/ERVL	1621	-	140	45629648	88709
chr6	45540939	45740939	harbor1	chr6	45630125	45630491	LTR/ERVL	1621	-	183	45630308	89369
chr6	166512135	166712135	harbor1	chr6	166558159	166558528	LTR/ERVL	1382	-	184	166558343	46208
chr6	43815149	44015149	harbor1	chr6	43831697	43832005	LTR/ERVL	943	-	154	43831851	16702
chr6	43815149	44015149	harbor1	chr6	43867905	43868302	LTR/ERVL	1205	-	198	43868103	52954
chr6	43815149	44015149	harbor1	chr6	43880808	43881246	LTR/ERVL	1014	-	219	43881027	65878
chr6	139274545	139474545	harbor1	chr6	139355909	139356317	LTR/ERVL	2304	-	204	139356113	81568
chr6	139274545	139474545	harbor1	chr6	139357779	139358179	LTR/ERVL	1623	-	200	139357979	83434
chr6	21629834	21829834	harbor1	chr6	21662668	21662970	LTR/ERVL	548	-	151	21662819	32985
chr6	21629834	21829834	harbor1	chr6	21663271	21663403	LTR/ERVL	548	-	66	21663337	33503
chr6	7626958	7826958	harbor1	chr6	7641033	7641449	LTR/ERVL	1757	-	208	7641241	14283
chr6	7626958	7826958	harbor1	chr6	7657086	7657402	LTR/ERVL	1030	-	158	7657244	30286
chr6	7626958	7826958	harbor1	chr6	7657457	7658716	LTR/ERVL	3310	-	630	7658087	31129
chr6	7626958	7826958	harbor1	chr6	7658711	7658889	LTR/ERVL	821	-	89	7658800	31842
chr6	7626958	7826958	harbor1	chr6	7659324	7659339	LTR/ERVL	821	-	8	7659332	32374
chr6	7626958	7826958	harbor1	chr6	7659641	7659730	LTR/ERVL	821	-	44	7659685	32727
chr6	7626958	7826958	harbor1	chr6	7659802	7661464	LTR/ERVL	3446	-	831	7660633	33675
chr6	7626958	7826958	harbor1	chr6	7667339	7667528	LTR/ERVL	506	-	94	7667433	40475
chr6	144187246	144387246	harbor1	chr6	144220439	144220642	LTR/ERVL	574	-	102	144220541	33295
chr6	144187246	144387246	harbor1	chr6	144221265	144221404	LTR/ERVL	706	-	70	144221335	34089
chr6	144187246	144387246	harbor1	chr6	144221378	144221497	LTR/ERVL	631	-	60	144221438	34192
chr6	127167324	127367324	harbor1	chr6	127252574	127253082	LTR/ERVL	2904	-	254	127252828	85504
chr6	52184746	52384746	harbor1	chr6	52185129	52185339	LTR/ERVL	622	-	105	52185234	488
chr6	52184746	52384746	harbor1	chr6	52245089	52245913	LTR/ERVL	2287	-	412	52245501	60755
chr6	52184746	52384746	harbor1	chr6	52245999	52246104	LTR/ERVL	467	-	52	52246051	61305
chr6	169863372	170063372	harbor1	chr6	169865173	169865576	LTR/ERVL	1140	-	202	169865375	2003
chr6	169863372	170063372	harbor1	chr6	169884447	169884920	LTR/ERVL	3129	-	236	169884683	21311
chr6	169863372	170063372	harbor1	chr6	169895324	169895706	LTR/ERVL	1633	-	191	169895515	32143
chr6	166855964	167055964	harbor1	chr6	166910799	166911159	LTR/ERVL	1185	-	180	166910979	55015
chr6	127167395	127367395	harbor1	chr6	127252574	127253082	LTR/ERVL	2904	-	254	127252828	85433
chr6	56854700	57054700	harbor1	chr6	56923502	56923841	LTR/ERVL	1585	-	170	56923672	68972
chr6	56854700	57054700	harbor1	chr6	56924133	56924222	LTR/ERVL	1585	-	44	56924177	69477
chr6	56854700	57054700	harbor1	chr6	56927745	56928448	LTR/ERVL	1196	-	352	56928097	73397
chr6	139275141	139475141	harbor1	chr6	139355909	139356317	LTR/ERVL	2304	-	204	139356113	80972
chr6	139275141	139475141	harbor1	chr6	139357779	139358179	LTR/ERVL	1623	-	200	139357979	82838
chr6	151197903	151397903	harbor1	chr6	151216926	151217312	LTR/ERVL	575	-	193	151217119	19216
chr6	151197903	151397903	harbor1	chr6	151217604	151217653	LTR/ERVL	574	-	24	151217628	19725
chr6	151197903	151397903	harbor1	chr6	151217946	151218032	LTR/ERVL	574	-	43	151217989	20086
chr6	151197903	151397903	harbor1	chr6	151218704	151218827	LTR/ERVL	574	-	62	151218766	20863
chr6	149351013	149551013	harbor1	chr6	149425423	149428295	LTR/ERVL	6417	-	1436	149426859	75846
chr6	149351013	149551013	harbor1	chr6	149428445	149429091	LTR/ERVL	1631	-	323	149428768	77755
chr6	149351013	149551013	harbor1	chr6	149440047	149440223	LTR/ERVL	500	-	88	149440135	89122
chr6	105894232	106094232	harbor1	chr6	105939483	105939587	LTR/ERVL	476	-	52	105939535	45303
chr6	105894232	106094232	harbor1	chr6	105950056	105950215	LTR/ERVL	579	-	80	105950136	55904
chr6	105894232	106094232	harbor1	chr6	105950316	105950496	LTR/ERVL	581	-	90	105950406	56174
chr6	158436948	158636948	harbor1	chr6	158447854	158448270	LTR/ERVL	708	-	208	158448062	11114
chr6	127167313	127367313	harbor1	chr6	127252574	127253082	LTR/ERVL	2904	-	254	127252828	85515
chr6	45540950	45740950	harbor1	chr6	45628430	45628661	LTR/ERVL	837	-	116	45628546	87596
chr6	45540950	45740950	harbor1	chr6	45628707	45628912	LTR/ERVL	488	-	102	45628809	87859
chr6	45540950	45740950	harbor1	chr6	45629508	45629789	LTR/ERVL	1621	-	140	45629648	88698
chr6	45540950	45740950	harbor1	chr6	45630125	45630491	LTR/ERVL	1621	-	183	45630308	89358
chr6	2665182	2865182	harbor1	chr6	2760280	2760501	LTR/ERVL	739	-	110	2760390	95208
chr6	27415346	27615346	harbor1	chr6	27431819	27432230	LTR/ERVL	1596	-	206	27432025	16679
chr6	27415346	27615346	harbor1	chr6	27512206	27512506	LTR/ERVL	1005	-	150	27512356	97010
chr6	27415346	27615346	harbor1	chr6	27513063	27513513	LTR/ERVL	736	-	225	27513288	97942
chr6	43521769	43721769	harbor1	chr6	43584471	43584858	LTR/ERVL	4191	-	194	43584665	62896
chr6	43521769	43721769	harbor1	chr6	43585162	43585590	LTR/ERVL	4191	-	214	43585376	63607
chr6	27415357	27615357	harbor1	chr6	27431819	27432230	LTR/ERVL	1596	-	206	27432025	16668
chr6	27415357	27615357	harbor1	chr6	27512206	27512506	LTR/ERVL	1005	-	150	27512356	96999
chr6	27415357	27615357	harbor1	chr6	27513063	27513513	LTR/ERVL	736	-	225	27513288	97931
chr6	34138364	34338364	harbor1	chr6	34204903	34204926	LTR/ERVL	639	-	12	34204915	66551
chr6	34138364	34338364	harbor1	chr6	34205214	34205451	LTR/ERVL	639	-	118	34205332	66968
chr6	34138364	34338364	harbor1	chr6	34230971	34231337	LTR/ERVL	889	-	183	34231154	92790
chr6	34138364	34338364	harbor1	chr6	34231948	34232014	LTR/ERVL	889	-	33	34231981	93617
chr6	35352842	35552842	harbor1	chr6	35415745	35415778	LTR/ERVL	1973	-	16	35415761	62919
chr6	35352842	35552842	harbor1	chr6	35415804	35416099	LTR/ERVL	1973	-	148	35415952	63110
chr6	35352842	35552842	harbor1	chr6	35416405	35416482	LTR/ERVL	1973	-	38	35416443	63601
chr6	35352842	35552842	harbor1	chr6	35428663	35428847	LTR/ERVL	508	-	92	35428755	75913
chr6	31172336	31372336	harbor1	chr6	31178333	31178586	LTR/ERVL	1019	-	126	31178459	6123
chr6	31172336	31372336	harbor1	chr6	31243519	31243851	LTR/ERVL	1373	-	166	31243685	71349
chr6	31172336	31372336	harbor1	chr6	31245355	31245786	LTR/ERVL	3832	-	216	31245571	73235
chr6	31172336	31372336	harbor1	chr6	31246099	31246550	LTR/ERVL	3832	-	226	31246325	73989
chr6	13611912	13811912	harbor1	chr6	13612975	13613205	LTR/ERVL	1348	-	115	13613090	1178
chr6	13611912	13811912	harbor1	chr6	13613241	13613294	LTR/ERVL	571	-	26	13613267	1355
chr6	70156169	70356169	harbor1	chr6	70194490	70194928	LTR/ERVL	1273	-	219	70194709	38540
chr6	52184768	52384768	harbor1	chr6	52185129	52185339	LTR/ERVL	622	-	105	52185234	466
chr6	52184768	52384768	harbor1	chr6	52245089	52245913	LTR/ERVL	2287	-	412	52245501	60733
chr6	52184768	52384768	harbor1	chr6	52245999	52246104	LTR/ERVL	467	-	52	52246051	61283
chr6	124862446	125062446	harbor1	chr6	124950258	124950454	LTR/ERVL	511	-	98	124950356	87910
chr6	124862446	125062446	harbor1	chr6	124952087	124952619	LTR/ERVL	2734	-	266	124952353	89907
chr6	139275129	139475129	harbor1	chr6	139355909	139356317	LTR/ERVL	2304	-	204	139356113	80984
chr6	139275129	139475129	harbor1	chr6	139357779	139358179	LTR/ERVL	1623	-	200	139357979	82850
chr6	139275116	139475116	harbor1	chr6	139355909	139356317	LTR/ERVL	2304	-	204	139356113	80997
chr6	139275116	139475116	harbor1	chr6	139357779	139358179	LTR/ERVL	1623	-	200	139357979	82863
chr6	31901468	32101468	harbor1	chr6	31916132	31916276	LTR/ERVL	1170	-	72	31916204	14736
chr6	31901468	32101468	harbor1	chr6	31916581	31916745	LTR/ERVL	1170	-	82	31916663	15195
chr6	31901468	32101468	harbor1	chr6	31921810	31922217	LTR/ERVL	1307	-	204	31922014	20546
chr6	41091918	41291918	harbor1	chr6	41112854	41112888	LTR/ERVL	3011	-	17	41112871	20953
chr6	41091918	41291918	harbor1	chr6	41112973	41113360	LTR/ERVL	3011	-	194	41113167	21249
chr6	41091918	41291918	harbor1	chr6	41186917	41187028	LTR/ERVL	642	-	56	41186973	95055
chr6	41091918	41291918	harbor1	chr6	41187716	41187970	LTR/ERVL	642	-	127	41187843	95925
chr6	159069545	159269545	harbor1	chr6	159143392	159143879	LTR/ERVL	1339	-	244	159143636	74091
chr6	34138141	34338141	harbor1	chr6	34204903	34204926	LTR/ERVL	639	-	12	34204915	66774
chr6	34138141	34338141	harbor1	chr6	34205214	34205451	LTR/ERVL	639	-	118	34205332	67191
chr6	34138141	34338141	harbor1	chr6	34230971	34231337	LTR/ERVL	889	-	183	34231154	93013
chr6	34138141	34338141	harbor1	chr6	34231948	34232014	LTR/ERVL	889	-	33	34231981	93840
chr6	208571	408571	harbor1	chr6	226749	227426	LTR/ERVL	1162	-	338	227087	18516
chr6	63473420	63673420	harbor1	chr6	63486345	63486674	LTR/ERVL	697	-	164	63486509	13089
chr6	63473420	63673420	harbor1	chr6	63487270	63487335	LTR/ERVL	570	-	32	63487302	13882
chr6	63473420	63673420	harbor1	chr6	63490751	63491135	LTR/ERVL	2068	-	192	63490943	17523
chr6	63473420	63673420	harbor1	chr6	63507080	63507599	LTR/ERVL	719	-	260	63507340	33920
chr6	63473420	63673420	harbor1	chr6	63566099	63566559	LTR/ERVL	2207	-	230	63566329	92909
chr6	146812183	147012183	harbor1	chr6	146830965	146831393	LTR/ERVL	2479	-	214	146831179	18996
chr6	146812183	147012183	harbor1	chr6	146850513	146850978	LTR/ERVL	843	-	232	146850745	38562
chr6	145635082	145835082	harbor1	chr6	145653540	145653936	LTR/ERVL	1943	-	198	145653738	18656
chr6	27415340	27615340	harbor1	chr6	27431819	27432230	LTR/ERVL	1596	-	206	27432025	16685
chr6	27415340	27615340	harbor1	chr6	27512206	27512506	LTR/ERVL	1005	-	150	27512356	97016
chr6	27415340	27615340	harbor1	chr6	27513063	27513513	LTR/ERVL	736	-	225	27513288	97948
chr6	32752654	32952654	harbor1	chr6	32752606	32752829	LTR/ERVL	603	-	112	32752718	64
chr6	32752654	32952654	harbor1	chr6	32770102	32770435	LTR/ERVL	1508	-	166	32770268	17614
chr6	32752654	32952654	harbor1	chr6	32792598	32793369	LTR/ERVL	4072	-	386	32792984	40330
chr6	87813618	88013618	harbor1	chr6	87846595	87846979	LTR/ERVL	1646	-	192	87846787	33169
chr6	87813618	88013618	harbor1	chr6	87864230	87864667	LTR/ERVL	1531	-	218	87864448	50830
chr6	87813618	88013618	harbor1	chr6	87885739	87886113	LTR/ERVL	659	-	187	87885926	72308
chr6	87813618	88013618	harbor1	chr6	87889082	87889385	LTR/ERVL	829	-	152	87889234	75616
chr6	87813618	88013618	harbor1	chr6	87896241	87896655	LTR/ERVL	3083	-	207	87896448	82830
chr6	63535819	63735819	harbor1	chr6	63566099	63566559	LTR/ERVL	2207	-	230	63566329	30510
chr6	63535819	63735819	harbor1	chr6	63588116	63588439	LTR/ERVL	460	-	162	63588278	52459
chr6	63535819	63735819	harbor1	chr6	63598416	63598975	LTR/ERVL	1714	-	280	63598696	62877
chr6	63535819	63735819	harbor1	chr6	63620710	63620849	LTR/ERVL	4321	-	70	63620780	84961
chr6	63535819	63735819	harbor1	chr6	63621012	63621736	LTR/ERVL	4321	-	362	63621374	85555
chr6	169863974	170063974	harbor1	chr6	169865173	169865576	LTR/ERVL	1140	-	202	169865375	1401
chr6	169863974	170063974	harbor1	chr6	169884447	169884920	LTR/ERVL	3129	-	236	169884683	20709
chr6	169863974	170063974	harbor1	chr6	169895324	169895706	LTR/ERVL	1633	-	191	169895515	31541
chr6	52184773	52384773	harbor1	chr6	52185129	52185339	LTR/ERVL	622	-	105	52185234	461
chr6	52184773	52384773	harbor1	chr6	52245089	52245913	LTR/ERVL	2287	-	412	52245501	60728
chr6	52184773	52384773	harbor1	chr6	52245999	52246104	LTR/ERVL	467	-	52	52246051	61278
chr7	1312721	1512721	harbor1	chr7	1329131	1329447	LTR/ERVL	534	-	158	1329289	16568
chr7	1312721	1512721	harbor1	chr7	1408785	1409292	LTR/ERVL	1017	-	254	1409039	96318
chr7	1136759	1336759	harbor1	chr7	1164476	1165007	LTR/ERVL	1615	-	266	1164742	27983
chr7	1136759	1336759	harbor1	chr7	1174984	1175264	LTR/ERVL	830	-	140	1175124	38365
chr7	1136759	1336759	harbor1	chr7	1175828	1176361	LTR/ERVL	553	-	266	1176094	39335
chr7	1136759	1336759	harbor1	chr7	1176516	1176956	LTR/ERVL	832	-	220	1176736	39977
chr7	1136759	1336759	harbor1	chr7	1180066	1180170	LTR/ERVL	661	-	52	1180118	43359
chr7	1136759	1336759	harbor1	chr7	1179626	1179768	LTR/ERVL	661	-	71	1179697	42938
chr7	39729557	39929557	harbor1	chr7	39771753	39772053	LTR/ERVL	3589	-	150	39771903	42346
chr7	39729557	39929557	harbor1	chr7	39772355	39772656	LTR/ERVL	3589	-	150	39772505	42948
chr7	39729557	39929557	harbor1	chr7	39772947	39773205	LTR/ERVL	3589	-	129	39773076	43519
chr7	39729557	39929557	harbor1	chr7	39783476	39783777	LTR/ERVL	3645	-	150	39783626	54069
chr7	39729557	39929557	harbor1	chr7	39784090	39784159	LTR/ERVL	3645	-	34	39784124	54567
chr7	39729557	39929557	harbor1	chr7	39784467	39784970	LTR/ERVL	3645	-	252	39784719	55162
chr7	39729557	39929557	harbor1	chr7	39822682	39823069	LTR/ERVL	1683	-	194	39822876	93319
chr7	130568057	130768057	harbor1	chr7	130622056	130622248	LTR/ERVL	619	-	96	130622152	54095
chr7	128305676	128505676	harbor1	chr7	128373747	128374252	LTR/ERVL	3206	-	252	128373999	68323
chr7	1293735	1493735	harbor1	chr7	1329131	1329447	LTR/ERVL	534	-	158	1329289	35554
chr7	149613875	149813875	harbor1	chr7	149640474	149640720	LTR/ERVL	512	-	123	149640597	26722
chr7	149613875	149813875	harbor1	chr7	149641026	149641418	LTR/ERVL	512	-	196	149641222	27347
chr7	149613875	149813875	harbor1	chr7	149642969	149643160	LTR/ERVL	476	-	96	149643065	29190
chr7	149613875	149813875	harbor1	chr7	149644171	149644517	LTR/ERVL	802	-	173	149644344	30469
chr7	149613875	149813875	harbor1	chr7	149677246	149678048	LTR/ERVL	1030	-	401	149677647	63772
chr7	149613875	149813875	harbor1	chr7	149680971	149681634	LTR/ERVL	3454	-	332	149681303	67428
chr7	1380194	1580194	harbor1	chr7	1408785	1409292	LTR/ERVL	1017	-	254	1409039	28845
chr7	44506818	44706818	harbor1	chr7	44542566	44542695	LTR/ERVL	554	-	64	44542630	35812
chr7	44506818	44706818	harbor1	chr7	44596073	44596552	LTR/ERVL	2882	-	240	44596313	89495
chr7	47246884	47446884	harbor1	chr7	47248701	47249159	LTR/ERVL	2489	-	229	47248930	2046
chr7	47228348	47428348	harbor1	chr7	47248701	47249159	LTR/ERVL	2489	-	229	47248930	20582
chr7	155249500	155449500	harbor1	chr7	155322392	155322836	LTR/ERVL	548	-	222	155322614	73114
chr7	1376035	1576035	harbor1	chr7	1408785	1409292	LTR/ERVL	1017	-	254	1409039	33004
chr7	65651047	65851047	harbor1	chr7	65697808	65698063	LTR/ERVL	755	-	128	65697936	46889
chr7	65651047	65851047	harbor1	chr7	65698111	65698277	LTR/ERVL	607	-	83	65698194	47147
chr7	65651047	65851047	harbor1	chr7	65744525	65744724	LTR/ERVL	1071	-	100	65744625	93578
chr7	65651047	65851047	harbor1	chr7	65745745	65745942	LTR/ERVL	1002	-	98	65745843	94796
chr7	77912395	78112395	harbor1	chr7	77958202	77958992	LTR/ERVL	2968	-	395	77958597	46202
chr7	65982514	66182514	harbor1	chr7	65983044	65983242	LTR/ERVL	909	-	99	65983143	629
chr7	65982514	66182514	harbor1	chr7	65989737	65990009	LTR/ERVL	1315	-	136	65989873	7359
chr7	65982514	66182514	harbor1	chr7	66039215	66040042	LTR/ERVL	2868	-	414	66039629	57115
chr7	157884935	158084935	harbor1	chr7	157946719	157946968	LTR/ERVL	623	-	124	157946843	61908
chr7	155231815	155431815	harbor1	chr7	155322392	155322836	LTR/ERVL	548	-	222	155322614	90799
chr7	1564241	1764241	harbor1	chr7	1588329	1588791	LTR/ERVL	1704	-	231	1588560	24319
chr7	101437983	101637983	harbor1	chr7	101449729	101449845	LTR/ERVL	1692	-	58	101449787	11804
chr7	101437983	101637983	harbor1	chr7	101450140	101450612	LTR/ERVL	1692	-	236	101450376	12393
chr7	101437983	101637983	harbor1	chr7	101469345	101469487	LTR/ERVL	766	-	71	101469416	31433
chr7	101437983	101637983	harbor1	chr7	101469789	101469922	LTR/ERVL	766	-	66	101469855	31872
chr7	101437983	101637983	harbor1	chr7	101470626	101470936	LTR/ERVL	1127	-	155	101470781	32798
chr7	101437983	101637983	harbor1	chr7	101505464	101505861	LTR/ERVL	2851	-	198	101505662	67679
chr7	47228344	47428344	harbor1	chr7	47248701	47249159	LTR/ERVL	2489	-	229	47248930	20586
chr7	47228340	47428340	harbor1	chr7	47248701	47249159	LTR/ERVL	2489	-	229	47248930	20590
chr7	80035348	80235348	harbor1	chr7	80068144	80068374	LTR/ERVL	1522	-	115	80068259	32911
chr7	80035348	80235348	harbor1	chr7	80092556	80092734	LTR/ERVL	499	-	89	80092645	57297
chr7	90221478	90421478	harbor1	chr7	90223141	90223659	LTR/ERVL	1858	-	259	90223400	1922
chr7	90221478	90421478	harbor1	chr7	90290107	90290600	LTR/ERVL	2199	-	246	90290353	68875
chr7	47228502	47428502	harbor1	chr7	47248701	47249159	LTR/ERVL	2489	-	229	47248930	20428
chr7	127292503	127492503	harbor1	chr7	127318701	127319134	LTR/ERVL	3050	-	216	127318917	26414
chr7	127292503	127492503	harbor1	chr7	127346678	127347125	LTR/ERVL	1613	-	224	127346902	54399
chr7	128101419	128301419	harbor1	chr7	128107184	128107543	LTR/ERVL	684	-	180	128107364	5945
chr7	128101419	128301419	harbor1	chr7	128108197	128108364	LTR/ERVL	464	-	84	128108281	6862
chr7	128101419	128301419	harbor1	chr7	128117679	128118091	LTR/ERVL	1383	-	206	128117885	16466
chr7	128101419	128301419	harbor1	chr7	128158999	128159154	LTR/ERVL	445	-	78	128159077	57658
chr7	128101419	128301419	harbor1	chr7	128172098	128172607	LTR/ERVL	2257	-	254	128172352	70933
chr7	128101419	128301419	harbor1	chr7	128190112	128190473	LTR/ERVL	663	-	180	128190292	88873
chr7	47174241	47374241	harbor1	chr7	47175694	47175785	LTR/ERVL	1754	-	46	47175740	1499
chr7	47174241	47374241	harbor1	chr7	47178047	47178435	LTR/ERVL	1754	-	194	47178241	4000
chr7	47174241	47374241	harbor1	chr7	47208122	47208516	LTR/ERVL	2210	-	197	47208319	34078
chr7	47174241	47374241	harbor1	chr7	47213742	47214127	LTR/ERVL	2141	-	192	47213934	39693
chr7	47174241	47374241	harbor1	chr7	47248701	47249159	LTR/ERVL	2489	-	229	47248930	74689
chr7	47228327	47428327	harbor1	chr7	47248701	47249159	LTR/ERVL	2489	-	229	47248930	20603
chr7	123437338	123637338	harbor1	chr7	123437407	123438217	LTR/ERVL	3429	-	405	123437812	474
chr7	123437338	123637338	harbor1	chr7	123438504	123438781	LTR/ERVL	3429	-	138	123438642	1304
chr7	123437338	123637338	harbor1	chr7	123438869	123439051	LTR/ERVL	676	-	91	123438960	1622
chr7	123437338	123637338	harbor1	chr7	123439055	123439734	LTR/ERVL	2001	-	340	123439395	2057
chr7	123437338	123637338	harbor1	chr7	123440024	123440401	LTR/ERVL	1003	-	188	123440212	2874
chr7	123437338	123637338	harbor1	chr7	123440376	123441560	LTR/ERVL	2750	-	592	123440968	3630
chr7	123437338	123637338	harbor1	chr7	123442319	123442393	LTR/ERVL	2750	-	37	123442356	5018
chr7	123437338	123637338	harbor1	chr7	123444470	123444836	LTR/ERVL	696	-	183	123444653	7315
chr7	123437338	123637338	harbor1	chr7	123466477	123466558	LTR/ERVL	550	-	40	123466517	29179
chr7	123437338	123637338	harbor1	chr7	123516863	123517249	LTR/ERVL	2064	-	193	123517056	79718
chr7	123437338	123637338	harbor1	chr7	123517561	123517681	LTR/ERVL	2064	-	60	123517621	80283
chr7	102325596	102525596	harbor1	chr7	102386901	102387342	LTR/ERVL	579	-	220	102387121	61525
chr7	141411856	141611856	harbor1	chr7	141482602	141483246	LTR/ERVL	2881	-	322	141482924	71068
chr7	26995642	27195642	harbor1	chr7	27041382	27041806	LTR/ERVL	1781	-	212	27041594	45952
chr7	102378973	102578973	harbor1	chr7	102386901	102387342	LTR/ERVL	579	-	220	102387121	8148
chr7	6060488	6260488	harbor1	chr7	6068066	6068138	LTR/ERVL	882	-	36	6068102	7614
chr7	6060488	6260488	harbor1	chr7	6068458	6068490	LTR/ERVL	882	-	16	6068474	7986
chr7	6060488	6260488	harbor1	chr7	6068792	6069028	LTR/ERVL	882	-	118	6068910	8422
chr7	6060488	6260488	harbor1	chr7	6070143	6070215	LTR/ERVL	441	-	36	6070179	9691
chr7	6060488	6260488	harbor1	chr7	6070524	6070565	LTR/ERVL	4940	-	20	6070544	10056
chr7	6060488	6260488	harbor1	chr7	6070880	6071626	LTR/ERVL	4940	-	373	6071253	10765
chr7	6060488	6260488	harbor1	chr7	6072694	6072790	LTR/ERVL	4940	-	48	6072742	12254
chr7	6060488	6260488	harbor1	chr7	6073101	6073177	LTR/ERVL	4940	-	38	6073139	12651
chr7	6060488	6260488	harbor1	chr7	6089337	6089475	LTR/ERVL	510	-	69	6089406	28918
chr7	6060488	6260488	harbor1	chr7	6094581	6094808	LTR/ERVL	954	-	114	6094695	34207
chr7	6060488	6260488	harbor1	chr7	6095088	6095387	LTR/ERVL	954	-	150	6095238	34750
chr7	6060488	6260488	harbor1	chr7	6095683	6095776	LTR/ERVL	954	-	46	6095729	35241
chr7	6060488	6260488	harbor1	chr7	6096061	6096155	LTR/ERVL	954	-	47	6096108	35620
chr7	6060488	6260488	harbor1	chr7	6101144	6101278	LTR/ERVL	440	-	67	6101211	40723
chr7	6060488	6260488	harbor1	chr7	6130806	6131206	LTR/ERVL	1339	-	200	6131006	70518
chr7	25697532	25897532	harbor1	chr7	25759773	25760310	LTR/ERVL	1032	-	268	25760041	62509
chr7	25697532	25897532	harbor1	chr7	25779141	25779510	LTR/ERVL	1660	-	184	25779325	81793
chr7	1312753	1512753	harbor1	chr7	1329131	1329447	LTR/ERVL	534	-	158	1329289	16536
chr7	1312753	1512753	harbor1	chr7	1408785	1409292	LTR/ERVL	1017	-	254	1409039	96286
chr7	47227890	47427890	harbor1	chr7	47248701	47249159	LTR/ERVL	2489	-	229	47248930	21040
chr7	1312775	1512775	harbor1	chr7	1329131	1329447	LTR/ERVL	534	-	158	1329289	16514
chr7	1312775	1512775	harbor1	chr7	1408785	1409292	LTR/ERVL	1017	-	254	1409039	96264
chr7	16531	216531	harbor1	chr7	17844	18027	LTR/ERVL	728	-	92	17936	1405
chr7	16531	216531	harbor1	chr7	18552	19150	LTR/ERVL	2017	-	299	18851	2320
chr7	16531	216531	harbor1	chr7	22826	23194	LTR/ERVL	1131	-	184	23010	6479
chr7	16531	216531	harbor1	chr7	23443	23852	LTR/ERVL	1965	-	204	23647	7116
chr7	16531	216531	harbor1	chr7	35902	36359	LTR/ERVL	1533	-	228	36130	19599
chr7	16531	216531	harbor1	chr7	38897	39105	LTR/ERVL	996	-	104	39001	22470
chr7	16531	216531	harbor1	chr7	51533	52066	LTR/ERVL	2006	-	266	51799	35268
chr7	16531	216531	harbor1	chr7	58982	59518	LTR/ERVL	2012	-	268	59250	42719
chr7	16531	216531	harbor1	chr7	67231	68014	LTR/ERVL	3025	-	392	67623	51092
chr7	108470160	108670160	harbor1	chr7	108537961	108538095	LTR/ERVL	1023	-	67	108538028	67868
chr7	1312762	1512762	harbor1	chr7	1329131	1329447	LTR/ERVL	534	-	158	1329289	16527
chr7	1312762	1512762	harbor1	chr7	1408785	1409292	LTR/ERVL	1017	-	254	1409039	96277
chr7	47228426	47428426	harbor1	chr7	47248701	47249159	LTR/ERVL	2489	-	229	47248930	20504
chr7	47227923	47427923	harbor1	chr7	47248701	47249159	LTR/ERVL	2489	-	229	47248930	21007
chr7	123481083	123681083	harbor1	chr7	123516863	123517249	LTR/ERVL	2064	-	193	123517056	35973
chr7	123481083	123681083	harbor1	chr7	123517561	123517681	LTR/ERVL	2064	-	60	123517621	36538
chr7	123481083	123681083	harbor1	chr7	123564969	123565389	LTR/ERVL	2075	-	210	123565179	84096
chr7	32628791	32828791	harbor1	chr7	32692564	32692771	LTR/ERVL	871	-	104	32692668	63877
chr7	32628791	32828791	harbor1	chr7	32693147	32693327	LTR/ERVL	871	-	90	32693237	64446
chr7	6059184	6259184	harbor1	chr7	6068066	6068138	LTR/ERVL	882	-	36	6068102	8918
chr7	6059184	6259184	harbor1	chr7	6068458	6068490	LTR/ERVL	882	-	16	6068474	9290
chr7	6059184	6259184	harbor1	chr7	6068792	6069028	LTR/ERVL	882	-	118	6068910	9726
chr7	6059184	6259184	harbor1	chr7	6070143	6070215	LTR/ERVL	441	-	36	6070179	10995
chr7	6059184	6259184	harbor1	chr7	6070524	6070565	LTR/ERVL	4940	-	20	6070544	11360
chr7	6059184	6259184	harbor1	chr7	6070880	6071626	LTR/ERVL	4940	-	373	6071253	12069
chr7	6059184	6259184	harbor1	chr7	6072694	6072790	LTR/ERVL	4940	-	48	6072742	13558
chr7	6059184	6259184	harbor1	chr7	6073101	6073177	LTR/ERVL	4940	-	38	6073139	13955
chr7	6059184	6259184	harbor1	chr7	6089337	6089475	LTR/ERVL	510	-	69	6089406	30222
chr7	6059184	6259184	harbor1	chr7	6094581	6094808	LTR/ERVL	954	-	114	6094695	35511
chr7	6059184	6259184	harbor1	chr7	6095088	6095387	LTR/ERVL	954	-	150	6095238	36054
chr7	6059184	6259184	harbor1	chr7	6095683	6095776	LTR/ERVL	954	-	46	6095729	36545
chr7	6059184	6259184	harbor1	chr7	6096061	6096155	LTR/ERVL	954	-	47	6096108	36924
chr7	6059184	6259184	harbor1	chr7	6101144	6101278	LTR/ERVL	440	-	67	6101211	42027
chr7	6059184	6259184	harbor1	chr7	6130806	6131206	LTR/ERVL	1339	-	200	6131006	71822
chr7	141411783	141611783	harbor1	chr7	141482602	141483246	LTR/ERVL	2881	-	322	141482924	71141
chr7	127133798	127333798	harbor1	chr7	127211049	127211588	LTR/ERVL	2096	-	270	127211319	77521
chr7	43919232	44119232	harbor1	chr7	44011588	44011810	LTR/ERVL	661	-	111	44011699	92467
chr7	1312948	1512948	harbor1	chr7	1329131	1329447	LTR/ERVL	534	-	158	1329289	16341
chr7	1312948	1512948	harbor1	chr7	1408785	1409292	LTR/ERVL	1017	-	254	1409039	96091
chr7	140378858	140578858	harbor1	chr7	140420032	140420138	LTR/ERVL	968	-	53	140420085	41227
chr7	140378858	140578858	harbor1	chr7	140420449	140420668	LTR/ERVL	968	-	110	140420559	41701
chr7	44436448	44636448	harbor1	chr7	44481255	44481609	LTR/ERVL	1271	-	177	44481432	44984
chr7	122786849	122986849	harbor1	chr7	122841898	122842209	LTR/ERVL	598	-	156	122842054	55205
chr7	122786849	122986849	harbor1	chr7	122851162	122851473	LTR/ERVL	924	-	156	122851318	64469
chr7	1374442	1574442	harbor1	chr7	1408785	1409292	LTR/ERVL	1017	-	254	1409039	34597
chr7	1312758	1512758	harbor1	chr7	1329131	1329447	LTR/ERVL	534	-	158	1329289	16531
chr7	1312758	1512758	harbor1	chr7	1408785	1409292	LTR/ERVL	1017	-	254	1409039	96281
chr7	47228349	47428349	harbor1	chr7	47248701	47249159	LTR/ERVL	2489	-	229	47248930	20581
chr7	123457458	123657458	harbor1	chr7	123466477	123466558	LTR/ERVL	550	-	40	123466517	9059
chr7	123457458	123657458	harbor1	chr7	123516863	123517249	LTR/ERVL	2064	-	193	123517056	59598
chr7	123457458	123657458	harbor1	chr7	123517561	123517681	LTR/ERVL	2064	-	60	123517621	60163
chr8	142524965	142724965	harbor1	chr8	142606889	142607038	LTR/ERVL	445	-	74	142606963	81998
chr8	142524965	142724965	harbor1	chr8	142607706	142607930	LTR/ERVL	603	-	112	142607818	82853
chr8	38169171	38369171	harbor1	chr8	38183977	38184184	LTR/ERVL	598	-	104	38184081	14910
chr8	38169171	38369171	harbor1	chr8	38184505	38184578	LTR/ERVL	598	-	36	38184541	15370
chr8	38169171	38369171	harbor1	chr8	38184609	38184807	LTR/ERVL	504	-	99	38184708	15537
chr8	38169171	38369171	harbor1	chr8	38224258	38224457	LTR/ERVL	2802	-	100	38224358	55187
chr8	38169171	38369171	harbor1	chr8	38224458	38224775	LTR/ERVL	1942	-	158	38224616	55445
chr8	38169171	38369171	harbor1	chr8	38225713	38227140	LTR/ERVL	8671	-	714	38226427	57256
chr8	38169171	38369171	harbor1	chr8	38227141	38227277	LTR/ERVL	794	-	68	38227209	58038
chr8	38169171	38369171	harbor1	chr8	38223631	38223951	LTR/ERVL	2802	-	160	38223791	54620
chr8	23428482	23628482	harbor1	chr8	23525765	23526229	LTR/ERVL	929	-	232	23525997	97515
chr8	38169174	38369174	harbor1	chr8	38183977	38184184	LTR/ERVL	598	-	104	38184081	14907
chr8	38169174	38369174	harbor1	chr8	38184505	38184578	LTR/ERVL	598	-	36	38184541	15367
chr8	38169174	38369174	harbor1	chr8	38184609	38184807	LTR/ERVL	504	-	99	38184708	15534
chr8	38169174	38369174	harbor1	chr8	38224258	38224457	LTR/ERVL	2802	-	100	38224358	55184
chr8	38169174	38369174	harbor1	chr8	38224458	38224775	LTR/ERVL	1942	-	158	38224616	55442
chr8	38169174	38369174	harbor1	chr8	38225713	38227140	LTR/ERVL	8671	-	714	38226427	57253
chr8	38169174	38369174	harbor1	chr8	38227141	38227277	LTR/ERVL	794	-	68	38227209	58035
chr8	38169174	38369174	harbor1	chr8	38223631	38223951	LTR/ERVL	2802	-	160	38223791	54617
chr8	18018925	18218925	harbor1	chr8	18030710	18031200	LTR/ERVL	1100	-	245	18030955	12030
chr8	18018925	18218925	harbor1	chr8	18054291	18054624	LTR/ERVL	849	-	166	18054457	35532
chr8	18018925	18218925	harbor1	chr8	18106643	18106723	LTR/ERVL	629	-	40	18106683	87758
chr8	18018925	18218925	harbor1	chr8	18106787	18109297	LTR/ERVL	19906	-	1255	18108042	89117
chr8	1646122	1846122	harbor1	chr8	1733124	1733554	LTR/ERVL	930	-	215	1733339	87217
chr8	1646122	1846122	harbor1	chr8	1744011	1744142	LTR/ERVL	492	-	66	1744077	97955
chr8	23428976	23628976	harbor1	chr8	23525765	23526229	LTR/ERVL	929	-	232	23525997	97021
chr8	85145898	85345898	harbor1	chr8	85233428	85233851	LTR/ERVL	1628	-	212	85233640	87742
chr8	85145898	85345898	harbor1	chr8	85233848	85234304	LTR/ERVL	1684	-	228	85234076	88178
chr8	23428919	23628919	harbor1	chr8	23525765	23526229	LTR/ERVL	929	-	232	23525997	97078
chr8	599970	799970	harbor1	chr8	660712	661064	LTR/ERVL	530	-	176	660888	60918
chr8	100620899	100820899	harbor1	chr8	100644442	100644657	LTR/ERVL	461	-	108	100644550	23651
chr8	100620899	100820899	harbor1	chr8	100644963	100645083	LTR/ERVL	461	-	60	100645023	24124
chr8	1061654	1261654	harbor1	chr8	1092912	1093234	LTR/ERVL	957	-	161	1093073	31419
chr8	23428922	23628922	harbor1	chr8	23525765	23526229	LTR/ERVL	929	-	232	23525997	97075
chr8	38169283	38369283	harbor1	chr8	38183977	38184184	LTR/ERVL	598	-	104	38184081	14798
chr8	38169283	38369283	harbor1	chr8	38184505	38184578	LTR/ERVL	598	-	36	38184541	15258
chr8	38169283	38369283	harbor1	chr8	38184609	38184807	LTR/ERVL	504	-	99	38184708	15425
chr8	38169283	38369283	harbor1	chr8	38224258	38224457	LTR/ERVL	2802	-	100	38224358	55075
chr8	38169283	38369283	harbor1	chr8	38224458	38224775	LTR/ERVL	1942	-	158	38224616	55333
chr8	38169283	38369283	harbor1	chr8	38225713	38227140	LTR/ERVL	8671	-	714	38226427	57144
chr8	38169283	38369283	harbor1	chr8	38227141	38227277	LTR/ERVL	794	-	68	38227209	57926
chr8	38169283	38369283	harbor1	chr8	38223631	38223951	LTR/ERVL	2802	-	160	38223791	54508
chr8	38168881	38368881	harbor1	chr8	38183977	38184184	LTR/ERVL	598	-	104	38184081	15200
chr8	38168881	38368881	harbor1	chr8	38184505	38184578	LTR/ERVL	598	-	36	38184541	15660
chr8	38168881	38368881	harbor1	chr8	38184609	38184807	LTR/ERVL	504	-	99	38184708	15827
chr8	38168881	38368881	harbor1	chr8	38224258	38224457	LTR/ERVL	2802	-	100	38224358	55477
chr8	38168881	38368881	harbor1	chr8	38224458	38224775	LTR/ERVL	1942	-	158	38224616	55735
chr8	38168881	38368881	harbor1	chr8	38225713	38227140	LTR/ERVL	8671	-	714	38226427	57546
chr8	38168881	38368881	harbor1	chr8	38227141	38227277	LTR/ERVL	794	-	68	38227209	58328
chr8	38168881	38368881	harbor1	chr8	38223631	38223951	LTR/ERVL	2802	-	160	38223791	54910
chr8	143715221	143915221	harbor1	chr8	143744356	143745215	LTR/ERVL	1192	-	430	143744786	29565
chr8	143715221	143915221	harbor1	chr8	143755107	143755358	LTR/ERVL	1421	-	126	143755233	40012
chr8	143715221	143915221	harbor1	chr8	143755664	143755954	LTR/ERVL	1421	-	145	143755809	40588
chr8	143715221	143915221	harbor1	chr8	143756322	143756696	LTR/ERVL	1977	-	187	143756509	41288
chr8	143715221	143915221	harbor1	chr8	143756989	143757333	LTR/ERVL	1977	-	172	143757161	41940
chr8	143715221	143915221	harbor1	chr8	143757637	143757659	LTR/ERVL	1977	-	11	143757648	42427
chr8	143715221	143915221	harbor1	chr8	143757808	143758138	LTR/ERVL	1977	-	165	143757973	42752
chr8	143715221	143915221	harbor1	chr8	143759512	143760187	LTR/ERVL	1657	-	338	143759850	44629
chr8	143715221	143915221	harbor1	chr8	143762628	143762818	LTR/ERVL	612	-	95	143762723	47502
chr8	23428500	23628500	harbor1	chr8	23525765	23526229	LTR/ERVL	929	-	232	23525997	97497
chr8	42040638	42240638	harbor1	chr8	42066407	42067283	LTR/ERVL	2092	-	438	42066845	26207
chr8	42040638	42240638	harbor1	chr8	42067593	42067775	LTR/ERVL	2092	-	91	42067684	27046
chr8	42040638	42240638	harbor1	chr8	42068078	42068326	LTR/ERVL	2092	-	124	42068202	27564
chr8	42040638	42240638	harbor1	chr8	42101116	42101278	LTR/ERVL	733	-	81	42101197	60559
chr8	42040638	42240638	harbor1	chr8	42102990	42103147	LTR/ERVL	784	-	78	42103068	62430
chr8	42040638	42240638	harbor1	chr8	42119456	42119643	LTR/ERVL	677	-	94	42119550	78912
chr8	42040638	42240638	harbor1	chr8	42123668	42124049	LTR/ERVL	816	-	190	42123858	83220
chr8	38169386	38369386	harbor1	chr8	38183977	38184184	LTR/ERVL	598	-	104	38184081	14695
chr8	38169386	38369386	harbor1	chr8	38184505	38184578	LTR/ERVL	598	-	36	38184541	15155
chr8	38169386	38369386	harbor1	chr8	38184609	38184807	LTR/ERVL	504	-	99	38184708	15322
chr8	38169386	38369386	harbor1	chr8	38224258	38224457	LTR/ERVL	2802	-	100	38224358	54972
chr8	38169386	38369386	harbor1	chr8	38224458	38224775	LTR/ERVL	1942	-	158	38224616	55230
chr8	38169386	38369386	harbor1	chr8	38225713	38227140	LTR/ERVL	8671	-	714	38226427	57041
chr8	38169386	38369386	harbor1	chr8	38227141	38227277	LTR/ERVL	794	-	68	38227209	57823
chr8	38169386	38369386	harbor1	chr8	38223631	38223951	LTR/ERVL	2802	-	160	38223791	54405
chr8	23428873	23628873	harbor1	chr8	23525765	23526229	LTR/ERVL	929	-	232	23525997	97124
chr8	23428431	23628431	harbor1	chr8	23525765	23526229	LTR/ERVL	929	-	232	23525997	97566
chr8	23428857	23628857	harbor1	chr8	23525765	23526229	LTR/ERVL	929	-	232	23525997	97140
chr8	8665132	8865132	harbor1	chr8	8748583	8749090	LTR/ERVL	1404	-	254	8748837	83705
chr8	23428958	23628958	harbor1	chr8	23525765	23526229	LTR/ERVL	929	-	232	23525997	97039
chr8	96274034	96474034	harbor1	chr8	96287814	96288333	LTR/ERVL	3658	-	260	96288074	14040
chr8	96274034	96474034	harbor1	chr8	96289224	96289572	LTR/ERVL	3658	-	174	96289398	15364
chr8	96274034	96474034	harbor1	chr8	96361570	96362352	LTR/ERVL	2592	-	391	96361961	87927
chr8	96274034	96474034	harbor1	chr8	96366224	96366320	LTR/ERVL	705	-	48	96366272	92238
chr8	96274034	96474034	harbor1	chr8	96366806	96366897	LTR/ERVL	705	-	46	96366852	92818
chr8	38169249	38369249	harbor1	chr8	38183977	38184184	LTR/ERVL	598	-	104	38184081	14832
chr8	38169249	38369249	harbor1	chr8	38184505	38184578	LTR/ERVL	598	-	36	38184541	15292
chr8	38169249	38369249	harbor1	chr8	38184609	38184807	LTR/ERVL	504	-	99	38184708	15459
chr8	38169249	38369249	harbor1	chr8	38224258	38224457	LTR/ERVL	2802	-	100	38224358	55109
chr8	38169249	38369249	harbor1	chr8	38224458	38224775	LTR/ERVL	1942	-	158	38224616	55367
chr8	38169249	38369249	harbor1	chr8	38225713	38227140	LTR/ERVL	8671	-	714	38226427	57178
chr8	38169249	38369249	harbor1	chr8	38227141	38227277	LTR/ERVL	794	-	68	38227209	57960
chr8	38169249	38369249	harbor1	chr8	38223631	38223951	LTR/ERVL	2802	-	160	38223791	54542
chr8	23428835	23628835	harbor1	chr8	23525765	23526229	LTR/ERVL	929	-	232	23525997	97162
chr8	142524970	142724970	harbor1	chr8	142606889	142607038	LTR/ERVL	445	-	74	142606963	81993
chr8	142524970	142724970	harbor1	chr8	142607706	142607930	LTR/ERVL	603	-	112	142607818	82848
chr8	23428925	23628925	harbor1	chr8	23525765	23526229	LTR/ERVL	929	-	232	23525997	97072
chr8	23428499	23628499	harbor1	chr8	23525765	23526229	LTR/ERVL	929	-	232	23525997	97498
chr8	38169207	38369207	harbor1	chr8	38183977	38184184	LTR/ERVL	598	-	104	38184081	14874
chr8	38169207	38369207	harbor1	chr8	38184505	38184578	LTR/ERVL	598	-	36	38184541	15334
chr8	38169207	38369207	harbor1	chr8	38184609	38184807	LTR/ERVL	504	-	99	38184708	15501
chr8	38169207	38369207	harbor1	chr8	38224258	38224457	LTR/ERVL	2802	-	100	38224358	55151
chr8	38169207	38369207	harbor1	chr8	38224458	38224775	LTR/ERVL	1942	-	158	38224616	55409
chr8	38169207	38369207	harbor1	chr8	38225713	38227140	LTR/ERVL	8671	-	714	38226427	57220
chr8	38169207	38369207	harbor1	chr8	38227141	38227277	LTR/ERVL	794	-	68	38227209	58002
chr8	38169207	38369207	harbor1	chr8	38223631	38223951	LTR/ERVL	2802	-	160	38223791	54584
chr8	23428888	23628888	harbor1	chr8	23525765	23526229	LTR/ERVL	929	-	232	23525997	97109
chr8	40746828	40946828	harbor1	chr8	40811139	40811552	LTR/ERVL	2324	-	206	40811345	64517
chr8	38169250	38369250	harbor1	chr8	38183977	38184184	LTR/ERVL	598	-	104	38184081	14831
chr8	38169250	38369250	harbor1	chr8	38184505	38184578	LTR/ERVL	598	-	36	38184541	15291
chr8	38169250	38369250	harbor1	chr8	38184609	38184807	LTR/ERVL	504	-	99	38184708	15458
chr8	38169250	38369250	harbor1	chr8	38224258	38224457	LTR/ERVL	2802	-	100	38224358	55108
chr8	38169250	38369250	harbor1	chr8	38224458	38224775	LTR/ERVL	1942	-	158	38224616	55366
chr8	38169250	38369250	harbor1	chr8	38225713	38227140	LTR/ERVL	8671	-	714	38226427	57177
chr8	38169250	38369250	harbor1	chr8	38227141	38227277	LTR/ERVL	794	-	68	38227209	57959
chr8	38169250	38369250	harbor1	chr8	38223631	38223951	LTR/ERVL	2802	-	160	38223791	54541
chr8	39955067	40155067	harbor1	chr8	40027929	40028062	LTR/ERVL	480	-	66	40027995	72928
chr8	39955067	40155067	harbor1	chr8	40030350	40030570	LTR/ERVL	1090	-	110	40030460	75393
chr8	39955067	40155067	harbor1	chr8	40044489	40044707	LTR/ERVL	892	-	109	40044598	89531
chr8	39955067	40155067	harbor1	chr8	40052608	40053194	LTR/ERVL	1232	-	293	40052901	97834
chr8	66077981	66277981	harbor1	chr8	66081477	66082162	LTR/ERVL	1652	-	342	66081819	3838
chr8	23428893	23628893	harbor1	chr8	23525765	23526229	LTR/ERVL	929	-	232	23525997	97104
chr8	599963	799963	harbor1	chr8	660712	661064	LTR/ERVL	530	-	176	660888	60925
chr8	60552749	60752749	harbor1	chr8	60553172	60553464	LTR/ERVL	539	-	146	60553318	569
chr8	60552749	60752749	harbor1	chr8	60633063	60633287	LTR/ERVL	437	-	112	60633175	80426
chr8	142524135	142724135	harbor1	chr8	142606889	142607038	LTR/ERVL	445	-	74	142606963	82828
chr8	142524135	142724135	harbor1	chr8	142607706	142607930	LTR/ERVL	603	-	112	142607818	83683
chr8	10625860	10825860	harbor1	chr8	10668093	10668343	LTR/ERVL	812	-	125	10668218	42358
chr8	10625860	10825860	harbor1	chr8	10668399	10668564	LTR/ERVL	805	-	82	10668481	42621
chr8	10625860	10825860	harbor1	chr8	10711920	10712308	LTR/ERVL	2823	-	194	10712114	86254
chr8	10625860	10825860	harbor1	chr8	10633078	10633419	LTR/ERVL	624	-	170	10633248	7388
chr8	23428533	23628533	harbor1	chr8	23525765	23526229	LTR/ERVL	929	-	232	23525997	97464
chr8	29995437	30195437	harbor1	chr8	30053914	30054441	LTR/ERVL	2276	-	264	30054178	58741
chr8	29995437	30195437	harbor1	chr8	30055359	30055741	LTR/ERVL	901	-	191	30055550	60113
chr8	29995437	30195437	harbor1	chr8	30056355	30056856	LTR/ERVL	1774	-	250	30056605	61168
chr8	29995437	30195437	harbor1	chr8	30057374	30058176	LTR/ERVL	4431	-	401	30057775	62338
chr8	29995437	30195437	harbor1	chr8	30059381	30059945	LTR/ERVL	3505	-	282	30059663	64226
chr8	29995437	30195437	harbor1	chr8	30060256	30060391	LTR/ERVL	3505	-	68	30060324	64887
chr8	29995437	30195437	harbor1	chr8	30060540	30061491	LTR/ERVL	3798	-	476	30061016	65579
chr8	29995437	30195437	harbor1	chr8	30084138	30084252	LTR/ERVL	1119	-	57	30084195	88758
chr8	29995437	30195437	harbor1	chr8	30084539	30084633	LTR/ERVL	1119	-	47	30084586	89149
chr8	29995437	30195437	harbor1	chr8	30086512	30086702	LTR/ERVL	492	-	95	30086607	91170
chr8	29995437	30195437	harbor1	chr8	30086703	30086914	LTR/ERVL	1087	-	106	30086809	91372
chr8	66405191	66605191	harbor1	chr8	66418163	66418570	LTR/ERVL	1054	-	204	66418367	13176
chr8	66405191	66605191	harbor1	chr8	66424784	66425012	LTR/ERVL	495	-	114	66424898	19707
chr8	23428940	23628940	harbor1	chr8	23525765	23526229	LTR/ERVL	929	-	232	23525997	97057
chr8	124796482	124996482	harbor1	chr8	124798043	124798427	LTR/ERVL	1142	-	192	124798235	1753
chr8	124796482	124996482	harbor1	chr8	124805318	124805553	LTR/ERVL	795	-	118	124805436	8954
chr8	124796482	124996482	harbor1	chr8	124857217	124857672	LTR/ERVL	664	-	228	124857445	60963
chr8	124796482	124996482	harbor1	chr8	124884054	124884318	LTR/ERVL	1032	-	132	124884186	87704
chr8	124796482	124996482	harbor1	chr8	124885458	124885697	LTR/ERVL	718	-	120	124885578	89096
chr8	124796482	124996482	harbor1	chr8	124885696	124886037	LTR/ERVL	4002	-	170	124885866	89384
chr8	124796482	124996482	harbor1	chr8	124886335	124887214	LTR/ERVL	4002	-	440	124886775	90293
chr8	124796482	124996482	harbor1	chr8	124887510	124887556	LTR/ERVL	4002	-	23	124887533	91051
chr8	124796482	124996482	harbor1	chr8	124887665	124889001	LTR/ERVL	4002	-	668	124888333	91851
chr8	124796482	124996482	harbor1	chr8	124889036	124889425	LTR/ERVL	1143	-	194	124889230	92748
chr8	23428850	23628850	harbor1	chr8	23525765	23526229	LTR/ERVL	929	-	232	23525997	97147
chr8	42040276	42240276	harbor1	chr8	42066407	42067283	LTR/ERVL	2092	-	438	42066845	26569
chr8	42040276	42240276	harbor1	chr8	42067593	42067775	LTR/ERVL	2092	-	91	42067684	27408
chr8	42040276	42240276	harbor1	chr8	42068078	42068326	LTR/ERVL	2092	-	124	42068202	27926
chr8	42040276	42240276	harbor1	chr8	42101116	42101278	LTR/ERVL	733	-	81	42101197	60921
chr8	42040276	42240276	harbor1	chr8	42102990	42103147	LTR/ERVL	784	-	78	42103068	62792
chr8	42040276	42240276	harbor1	chr8	42119456	42119643	LTR/ERVL	677	-	94	42119550	79274
chr8	42040276	42240276	harbor1	chr8	42123668	42124049	LTR/ERVL	816	-	190	42123858	83582
chr8	23428530	23628530	harbor1	chr8	23525765	23526229	LTR/ERVL	929	-	232	23525997	97467
chr8	23429026	23629026	harbor1	chr8	23525765	23526229	LTR/ERVL	929	-	232	23525997	96971
chr8	98847692	99047692	harbor1	chr8	98866635	98867064	LTR/ERVL	1254	-	214	98866849	19157
chr8	98847692	99047692	harbor1	chr8	98912016	98912096	LTR/ERVL	662	-	40	98912056	64364
chr8	98847692	99047692	harbor1	chr8	98912405	98912685	LTR/ERVL	662	-	140	98912545	64853
chr8	23428510	23628510	harbor1	chr8	23525765	23526229	LTR/ERVL	929	-	232	23525997	97487
chr8	142524987	142724987	harbor1	chr8	142606889	142607038	LTR/ERVL	445	-	74	142606963	81976
chr8	142524987	142724987	harbor1	chr8	142607706	142607930	LTR/ERVL	603	-	112	142607818	82831
chr8	142674146	142874146	harbor1	chr8	142693657	142693961	LTR/ERVL	1192	-	152	142693809	19663
chr8	142524957	142724957	harbor1	chr8	142606889	142607038	LTR/ERVL	445	-	74	142606963	82006
chr8	142524957	142724957	harbor1	chr8	142607706	142607930	LTR/ERVL	603	-	112	142607818	82861
chr8	81559422	81759422	harbor1	chr8	81587731	81588243	LTR/ERVL	2869	-	256	81587987	28565
chr8	81559422	81759422	harbor1	chr8	81629938	81630162	LTR/ERVL	777	-	112	81630050	70628
chr8	81559422	81759422	harbor1	chr8	81630184	81630371	LTR/ERVL	710	-	94	81630278	70856
chr8	143958376	144158376	harbor1	chr8	144010430	144010593	LTR/ERVL	868	-	82	144010512	52136
chr8	143958376	144158376	harbor1	chr8	144010912	144011161	LTR/ERVL	868	-	124	144011036	52660
chr8	53743525	53943525	harbor1	chr8	53753829	53754142	LTR/ERVL	1244	-	156	53753985	10460
chr8	53743525	53943525	harbor1	chr8	53754269	53754513	LTR/ERVL	977	-	122	53754391	10866
chr8	53743525	53943525	harbor1	chr8	53835195	53835439	LTR/ERVL	537	-	122	53835317	91792
chr8	27322694	27522694	harbor1	chr8	27372224	27372671	LTR/ERVL	2073	-	224	27372448	49754
chr8	27322694	27522694	harbor1	chr8	27374317	27374819	LTR/ERVL	2070	-	251	27374568	51874
chr8	27322694	27522694	harbor1	chr8	27411764	27412466	LTR/ERVL	980	-	351	27412115	89421
chr8	27322694	27522694	harbor1	chr8	27410183	27410517	LTR/ERVL	738	-	167	27410350	87656
chr8	90970523	91170523	harbor1	chr8	91003909	91003948	LTR/ERVL	2784	-	20	91003929	33406
chr8	90970523	91170523	harbor1	chr8	91004023	91004505	LTR/ERVL	2784	-	241	91004264	33741
chr8	85145876	85345876	harbor1	chr8	85233428	85233851	LTR/ERVL	1628	-	212	85233640	87764
chr8	85145876	85345876	harbor1	chr8	85233848	85234304	LTR/ERVL	1684	-	228	85234076	88200
chr8	85144970	85344970	harbor1	chr8	85233428	85233851	LTR/ERVL	1628	-	212	85233640	88670
chr8	85144970	85344970	harbor1	chr8	85233848	85234304	LTR/ERVL	1684	-	228	85234076	89106
chr8	599952	799952	harbor1	chr8	660712	661064	LTR/ERVL	530	-	176	660888	60936
chr8	142523652	142723652	harbor1	chr8	142606889	142607038	LTR/ERVL	445	-	74	142606963	83311
chr8	142523652	142723652	harbor1	chr8	142607706	142607930	LTR/ERVL	603	-	112	142607818	84166
chr8	42040690	42240690	harbor1	chr8	42066407	42067283	LTR/ERVL	2092	-	438	42066845	26155
chr8	42040690	42240690	harbor1	chr8	42067593	42067775	LTR/ERVL	2092	-	91	42067684	26994
chr8	42040690	42240690	harbor1	chr8	42068078	42068326	LTR/ERVL	2092	-	124	42068202	27512
chr8	42040690	42240690	harbor1	chr8	42101116	42101278	LTR/ERVL	733	-	81	42101197	60507
chr8	42040690	42240690	harbor1	chr8	42102990	42103147	LTR/ERVL	784	-	78	42103068	62378
chr8	42040690	42240690	harbor1	chr8	42119456	42119643	LTR/ERVL	677	-	94	42119550	78860
chr8	42040690	42240690	harbor1	chr8	42123668	42124049	LTR/ERVL	816	-	190	42123858	83168
chr8	23428435	23628435	harbor1	chr8	23525765	23526229	LTR/ERVL	929	-	232	23525997	97562
chr8	38168585	38368585	harbor1	chr8	38183977	38184184	LTR/ERVL	598	-	104	38184081	15496
chr8	38168585	38368585	harbor1	chr8	38184505	38184578	LTR/ERVL	598	-	36	38184541	15956
chr8	38168585	38368585	harbor1	chr8	38184609	38184807	LTR/ERVL	504	-	99	38184708	16123
chr8	38168585	38368585	harbor1	chr8	38224258	38224457	LTR/ERVL	2802	-	100	38224358	55773
chr8	38168585	38368585	harbor1	chr8	38224458	38224775	LTR/ERVL	1942	-	158	38224616	56031
chr8	38168585	38368585	harbor1	chr8	38225713	38227140	LTR/ERVL	8671	-	714	38226427	57842
chr8	38168585	38368585	harbor1	chr8	38227141	38227277	LTR/ERVL	794	-	68	38227209	58624
chr8	38168585	38368585	harbor1	chr8	38223631	38223951	LTR/ERVL	2802	-	160	38223791	55206
chr8	23429035	23629035	harbor1	chr8	23525765	23526229	LTR/ERVL	929	-	232	23525997	96962
chr8	17984183	18184183	harbor1	chr8	18030710	18031200	LTR/ERVL	1100	-	245	18030955	46772
chr8	17984183	18184183	harbor1	chr8	18054291	18054624	LTR/ERVL	849	-	166	18054457	70274
chr8	38169173	38369173	harbor1	chr8	38183977	38184184	LTR/ERVL	598	-	104	38184081	14908
chr8	38169173	38369173	harbor1	chr8	38184505	38184578	LTR/ERVL	598	-	36	38184541	15368
chr8	38169173	38369173	harbor1	chr8	38184609	38184807	LTR/ERVL	504	-	99	38184708	15535
chr8	38169173	38369173	harbor1	chr8	38224258	38224457	LTR/ERVL	2802	-	100	38224358	55185
chr8	38169173	38369173	harbor1	chr8	38224458	38224775	LTR/ERVL	1942	-	158	38224616	55443
chr8	38169173	38369173	harbor1	chr8	38225713	38227140	LTR/ERVL	8671	-	714	38226427	57254
chr8	38169173	38369173	harbor1	chr8	38227141	38227277	LTR/ERVL	794	-	68	38227209	58036
chr8	38169173	38369173	harbor1	chr8	38223631	38223951	LTR/ERVL	2802	-	160	38223791	54618
chr8	38167320	38367320	harbor1	chr8	38183977	38184184	LTR/ERVL	598	-	104	38184081	16761
chr8	38167320	38367320	harbor1	chr8	38184505	38184578	LTR/ERVL	598	-	36	38184541	17221
chr8	38167320	38367320	harbor1	chr8	38184609	38184807	LTR/ERVL	504	-	99	38184708	17388
chr8	38167320	38367320	harbor1	chr8	38224258	38224457	LTR/ERVL	2802	-	100	38224358	57038
chr8	38167320	38367320	harbor1	chr8	38224458	38224775	LTR/ERVL	1942	-	158	38224616	57296
chr8	38167320	38367320	harbor1	chr8	38225713	38227140	LTR/ERVL	8671	-	714	38226427	59107
chr8	38167320	38367320	harbor1	chr8	38227141	38227277	LTR/ERVL	794	-	68	38227209	59889
chr8	38167320	38367320	harbor1	chr8	38223631	38223951	LTR/ERVL	2802	-	160	38223791	56471
chr8	100618244	100818244	harbor1	chr8	100618427	100619138	LTR/ERVL	2335	-	356	100618783	539
chr8	100618244	100818244	harbor1	chr8	100644442	100644657	LTR/ERVL	461	-	108	100644550	26306
chr8	100618244	100818244	harbor1	chr8	100644963	100645083	LTR/ERVL	461	-	60	100645023	26779
chr8	29891739	30091739	harbor1	chr8	29906027	29906463	LTR/ERVL	2148	-	218	29906245	14506
chr8	29891739	30091739	harbor1	chr8	29953110	29953539	LTR/ERVL	1164	-	214	29953324	61585
chr8	29891739	30091739	harbor1	chr8	29965443	29965886	LTR/ERVL	1468	-	222	29965665	73926
chr8	29983337	30183337	harbor1	chr8	30053914	30054441	LTR/ERVL	2276	-	264	30054178	70841
chr8	29983337	30183337	harbor1	chr8	30055359	30055741	LTR/ERVL	901	-	191	30055550	72213
chr8	29983337	30183337	harbor1	chr8	30056355	30056856	LTR/ERVL	1774	-	250	30056605	73268
chr8	29983337	30183337	harbor1	chr8	30057374	30058176	LTR/ERVL	4431	-	401	30057775	74438
chr8	29983337	30183337	harbor1	chr8	30059381	30059945	LTR/ERVL	3505	-	282	30059663	76326
chr8	29983337	30183337	harbor1	chr8	30060256	30060391	LTR/ERVL	3505	-	68	30060324	76987
chr8	29983337	30183337	harbor1	chr8	30060540	30061491	LTR/ERVL	3798	-	476	30061016	77679
chr8	65059279	65259279	harbor1	chr8	65075843	65076299	LTR/ERVL	902	-	228	65076071	16792
chr8	65059279	65259279	harbor1	chr8	65084866	65085294	LTR/ERVL	2614	-	214	65085080	25801
chr8	65059279	65259279	harbor1	chr8	65085690	65088126	LTR/ERVL	4690	-	1218	65086908	27629
chr8	65059279	65259279	harbor1	chr8	65093685	65096090	LTR/ERVL	5950	-	1202	65094887	35608
chr8	65059279	65259279	harbor1	chr8	65096093	65096494	LTR/ERVL	2392	-	200	65096293	37014
chr8	65059279	65259279	harbor1	chr8	65105514	65106245	LTR/ERVL	4388	-	366	65105880	46601
chr8	38169375	38369375	harbor1	chr8	38183977	38184184	LTR/ERVL	598	-	104	38184081	14706
chr8	38169375	38369375	harbor1	chr8	38184505	38184578	LTR/ERVL	598	-	36	38184541	15166
chr8	38169375	38369375	harbor1	chr8	38184609	38184807	LTR/ERVL	504	-	99	38184708	15333
chr8	38169375	38369375	harbor1	chr8	38224258	38224457	LTR/ERVL	2802	-	100	38224358	54983
chr8	38169375	38369375	harbor1	chr8	38224458	38224775	LTR/ERVL	1942	-	158	38224616	55241
chr8	38169375	38369375	harbor1	chr8	38225713	38227140	LTR/ERVL	8671	-	714	38226427	57052
chr8	38169375	38369375	harbor1	chr8	38227141	38227277	LTR/ERVL	794	-	68	38227209	57834
chr8	38169375	38369375	harbor1	chr8	38223631	38223951	LTR/ERVL	2802	-	160	38223791	54416
chr8	142524862	142724862	harbor1	chr8	142606889	142607038	LTR/ERVL	445	-	74	142606963	82101
chr8	142524862	142724862	harbor1	chr8	142607706	142607930	LTR/ERVL	603	-	112	142607818	82956
chr8	17057584	17257584	harbor1	chr8	17060670	17060899	LTR/ERVL	604	-	114	17060784	3200
chr8	17057584	17257584	harbor1	chr8	17074865	17075495	LTR/ERVL	1479	-	315	17075180	17596
chr8	17057584	17257584	harbor1	chr8	17131073	17131926	LTR/ERVL	1357	-	426	17131499	73915
chr8	17057584	17257584	harbor1	chr8	17132364	17132791	LTR/ERVL	1626	-	214	17132578	74994
chr8	17057584	17257584	harbor1	chr8	17133148	17133233	LTR/ERVL	1626	-	42	17133190	75606
chr8	17057584	17257584	harbor1	chr8	17134126	17134431	LTR/ERVL	2642	-	152	17134278	76694
chr8	17057584	17257584	harbor1	chr8	17134743	17134947	LTR/ERVL	2642	-	102	17134845	77261
chr8	142524984	142724984	harbor1	chr8	142606889	142607038	LTR/ERVL	445	-	74	142606963	81979
chr8	142524984	142724984	harbor1	chr8	142607706	142607930	LTR/ERVL	603	-	112	142607818	82834
chr8	38167968	38367968	harbor1	chr8	38183977	38184184	LTR/ERVL	598	-	104	38184081	16113
chr8	38167968	38367968	harbor1	chr8	38184505	38184578	LTR/ERVL	598	-	36	38184541	16573
chr8	38167968	38367968	harbor1	chr8	38184609	38184807	LTR/ERVL	504	-	99	38184708	16740
chr8	38167968	38367968	harbor1	chr8	38224258	38224457	LTR/ERVL	2802	-	100	38224358	56390
chr8	38167968	38367968	harbor1	chr8	38224458	38224775	LTR/ERVL	1942	-	158	38224616	56648
chr8	38167968	38367968	harbor1	chr8	38225713	38227140	LTR/ERVL	8671	-	714	38226427	58459
chr8	38167968	38367968	harbor1	chr8	38227141	38227277	LTR/ERVL	794	-	68	38227209	59241
chr8	38167968	38367968	harbor1	chr8	38223631	38223951	LTR/ERVL	2802	-	160	38223791	55823
chr8	29983014	30183014	harbor1	chr8	30053914	30054441	LTR/ERVL	2276	-	264	30054178	71164
chr8	29983014	30183014	harbor1	chr8	30055359	30055741	LTR/ERVL	901	-	191	30055550	72536
chr8	29983014	30183014	harbor1	chr8	30056355	30056856	LTR/ERVL	1774	-	250	30056605	73591
chr8	29983014	30183014	harbor1	chr8	30057374	30058176	LTR/ERVL	4431	-	401	30057775	74761
chr8	29983014	30183014	harbor1	chr8	30059381	30059945	LTR/ERVL	3505	-	282	30059663	76649
chr8	29983014	30183014	harbor1	chr8	30060256	30060391	LTR/ERVL	3505	-	68	30060324	77310
chr8	29983014	30183014	harbor1	chr8	30060540	30061491	LTR/ERVL	3798	-	476	30061016	78002
chr8	23146666	23346666	harbor1	chr8	23151850	23152669	LTR/ERVL	2365	-	410	23152260	5594
chr8	23146666	23346666	harbor1	chr8	23190684	23191219	LTR/ERVL	2138	-	268	23190952	44286
chr8	8665131	8865131	harbor1	chr8	8748583	8749090	LTR/ERVL	1404	-	254	8748837	83706
chr8	102556522	102756522	harbor1	chr8	102569109	102569600	LTR/ERVL	909	-	246	102569355	12833
chr8	102556522	102756522	harbor1	chr8	102576844	102577258	LTR/ERVL	1058	-	207	102577051	20529
chr8	102556522	102756522	harbor1	chr8	102632156	102632551	LTR/ERVL	554	-	198	102632354	75832
chr8	143960625	144160625	harbor1	chr8	144010430	144010593	LTR/ERVL	868	-	82	144010512	49887
chr8	143960625	144160625	harbor1	chr8	144010912	144011161	LTR/ERVL	868	-	124	144011036	50411
chr8	142524964	142724964	harbor1	chr8	142606889	142607038	LTR/ERVL	445	-	74	142606963	81999
chr8	142524964	142724964	harbor1	chr8	142607706	142607930	LTR/ERVL	603	-	112	142607818	82854
chr8	142524925	142724925	harbor1	chr8	142606889	142607038	LTR/ERVL	445	-	74	142606963	82038
chr8	142524925	142724925	harbor1	chr8	142607706	142607930	LTR/ERVL	603	-	112	142607818	82893
chr8	144006082	144206082	harbor1	chr8	144010430	144010593	LTR/ERVL	868	-	82	144010512	4430
chr8	144006082	144206082	harbor1	chr8	144010912	144011161	LTR/ERVL	868	-	124	144011036	4954
chr8	144006082	144206082	harbor1	chr8	144069786	144070251	LTR/ERVL	2316	-	232	144070018	63936
chr8	42040636	42240636	harbor1	chr8	42066407	42067283	LTR/ERVL	2092	-	438	42066845	26209
chr8	42040636	42240636	harbor1	chr8	42067593	42067775	LTR/ERVL	2092	-	91	42067684	27048
chr8	42040636	42240636	harbor1	chr8	42068078	42068326	LTR/ERVL	2092	-	124	42068202	27566
chr8	42040636	42240636	harbor1	chr8	42101116	42101278	LTR/ERVL	733	-	81	42101197	60561
chr8	42040636	42240636	harbor1	chr8	42102990	42103147	LTR/ERVL	784	-	78	42103068	62432
chr8	42040636	42240636	harbor1	chr8	42119456	42119643	LTR/ERVL	677	-	94	42119550	78914
chr8	42040636	42240636	harbor1	chr8	42123668	42124049	LTR/ERVL	816	-	190	42123858	83222
chr8	96960816	97160816	harbor1	chr8	96994258	96994670	LTR/ERVL	1596	-	206	96994464	33648
chr8	23428962	23628962	harbor1	chr8	23525765	23526229	LTR/ERVL	929	-	232	23525997	97035
chr8	100621232	100821232	harbor1	chr8	100644442	100644657	LTR/ERVL	461	-	108	100644550	23318
chr8	100621232	100821232	harbor1	chr8	100644963	100645083	LTR/ERVL	461	-	60	100645023	23791
chr8	38169193	38369193	harbor1	chr8	38183977	38184184	LTR/ERVL	598	-	104	38184081	14888
chr8	38169193	38369193	harbor1	chr8	38184505	38184578	LTR/ERVL	598	-	36	38184541	15348
chr8	38169193	38369193	harbor1	chr8	38184609	38184807	LTR/ERVL	504	-	99	38184708	15515
chr8	38169193	38369193	harbor1	chr8	38224258	38224457	LTR/ERVL	2802	-	100	38224358	55165
chr8	38169193	38369193	harbor1	chr8	38224458	38224775	LTR/ERVL	1942	-	158	38224616	55423
chr8	38169193	38369193	harbor1	chr8	38225713	38227140	LTR/ERVL	8671	-	714	38226427	57234
chr8	38169193	38369193	harbor1	chr8	38227141	38227277	LTR/ERVL	794	-	68	38227209	58016
chr8	38169193	38369193	harbor1	chr8	38223631	38223951	LTR/ERVL	2802	-	160	38223791	54598
chr8	29983347	30183347	harbor1	chr8	30053914	30054441	LTR/ERVL	2276	-	264	30054178	70831
chr8	29983347	30183347	harbor1	chr8	30055359	30055741	LTR/ERVL	901	-	191	30055550	72203
chr8	29983347	30183347	harbor1	chr8	30056355	30056856	LTR/ERVL	1774	-	250	30056605	73258
chr8	29983347	30183347	harbor1	chr8	30057374	30058176	LTR/ERVL	4431	-	401	30057775	74428
chr8	29983347	30183347	harbor1	chr8	30059381	30059945	LTR/ERVL	3505	-	282	30059663	76316
chr8	29983347	30183347	harbor1	chr8	30060256	30060391	LTR/ERVL	3505	-	68	30060324	76977
chr8	29983347	30183347	harbor1	chr8	30060540	30061491	LTR/ERVL	3798	-	476	30061016	77669
chr8	72661683	72861683	harbor1	chr8	72667938	72668533	LTR/ERVL	3201	-	298	72668236	6553
chr8	72661683	72861683	harbor1	chr8	72703269	72703701	LTR/ERVL	858	-	216	72703485	41802
chr8	72661683	72861683	harbor1	chr8	72708111	72708251	LTR/ERVL	430	-	70	72708181	46498
chr8	72661683	72861683	harbor1	chr8	72745314	72745973	LTR/ERVL	1295	-	330	72745644	83961
chr8	72661683	72861683	harbor1	chr8	72746995	72747523	LTR/ERVL	1773	-	264	72747259	85576
chr8	23428892	23628892	harbor1	chr8	23525765	23526229	LTR/ERVL	929	-	232	23525997	97105
chr8	66405141	66605141	harbor1	chr8	66418163	66418570	LTR/ERVL	1054	-	204	66418367	13226
chr8	66405141	66605141	harbor1	chr8	66424784	66425012	LTR/ERVL	495	-	114	66424898	19757
chr8	58719745	58919745	harbor1	chr8	58740397	58740819	LTR/ERVL	618	-	211	58740608	20863
chr8	58719745	58919745	harbor1	chr8	58778597	58778973	LTR/ERVL	2101	-	188	58778785	59040
chr8	58719745	58919745	harbor1	chr8	58789107	58789527	LTR/ERVL	1136	-	210	58789317	69572
chr8	144689776	144889776	harbor1	chr8	144757381	144757513	LTR/ERVL	1283	-	66	144757447	67671
chr8	144689776	144889776	harbor1	chr8	144757820	144758215	LTR/ERVL	1283	-	198	144758018	68242
chr9	4663254	4863254	harbor1	chr9	4689689	4689936	LTR/ERVL	705	-	124	4689813	26559
chr9	4663254	4863254	harbor1	chr9	4690094	4690618	LTR/ERVL	1087	-	262	4690356	27102
chr9	4663254	4863254	harbor1	chr9	4690772	4691080	LTR/ERVL	707	-	154	4690926	27672
chr9	136629220	136829220	harbor1	chr9	136721038	136721550	LTR/ERVL	1668	-	256	136721294	92074
chr9	4883814	5083814	harbor1	chr9	4885489	4885609	LTR/ERVL	557	-	60	4885549	1735
chr9	4883814	5083814	harbor1	chr9	4921881	4922374	LTR/ERVL	2778	-	246	4922127	38313
chr9	4663492	4863492	harbor1	chr9	4689689	4689936	LTR/ERVL	705	-	124	4689813	26321
chr9	4663492	4863492	harbor1	chr9	4690094	4690618	LTR/ERVL	1087	-	262	4690356	26864
chr9	4663492	4863492	harbor1	chr9	4690772	4691080	LTR/ERVL	707	-	154	4690926	27434
chr9	1955525	2155525	harbor1	chr9	1965366	1965858	LTR/ERVL	1221	-	246	1965612	10087
chr9	1955525	2155525	harbor1	chr9	1998220	1998622	LTR/ERVL	673	-	201	1998421	42896
chr9	1955525	2155525	harbor1	chr9	2030148	2030754	LTR/ERVL	2321	-	303	2030451	74926
chr9	4766620	4966620	harbor1	chr9	4861091	4861489	LTR/ERVL	1203	-	199	4861290	94670
chr9	4663979	4863979	harbor1	chr9	4689689	4689936	LTR/ERVL	705	-	124	4689813	25834
chr9	4663979	4863979	harbor1	chr9	4690094	4690618	LTR/ERVL	1087	-	262	4690356	26377
chr9	4663979	4863979	harbor1	chr9	4690772	4691080	LTR/ERVL	707	-	154	4690926	26947
chr9	4779222	4979222	harbor1	chr9	4861091	4861489	LTR/ERVL	1203	-	199	4861290	82068
chr9	100252658	100452658	harbor1	chr9	100285471	100285946	LTR/ERVL	2076	-	238	100285709	33051
chr9	4879874	5079874	harbor1	chr9	4885489	4885609	LTR/ERVL	557	-	60	4885549	5675
chr9	4879874	5079874	harbor1	chr9	4921881	4922374	LTR/ERVL	2778	-	246	4922127	42253
chr9	4883151	5083151	harbor1	chr9	4885489	4885609	LTR/ERVL	557	-	60	4885549	2398
chr9	4883151	5083151	harbor1	chr9	4921881	4922374	LTR/ERVL	2778	-	246	4922127	38976
chr9	4669979	4869979	harbor1	chr9	4689689	4689936	LTR/ERVL	705	-	124	4689813	19834
chr9	4669979	4869979	harbor1	chr9	4690094	4690618	LTR/ERVL	1087	-	262	4690356	20377
chr9	4669979	4869979	harbor1	chr9	4690772	4691080	LTR/ERVL	707	-	154	4690926	20947
chr9	130220946	130420946	harbor1	chr9	130239375	130239528	LTR/ERVL	590	-	76	130239451	18505
chr9	4884822	5084822	harbor1	chr9	4885489	4885609	LTR/ERVL	557	-	60	4885549	727
chr9	4884822	5084822	harbor1	chr9	4921881	4922374	LTR/ERVL	2778	-	246	4922127	37305
chr9	68605581	68805581	harbor1	chr9	68689076	68689482	LTR/ERVL	1336	-	203	68689279	83698
chr9	4669278	4869278	harbor1	chr9	4689689	4689936	LTR/ERVL	705	-	124	4689813	20535
chr9	4669278	4869278	harbor1	chr9	4690094	4690618	LTR/ERVL	1087	-	262	4690356	21078
chr9	4669278	4869278	harbor1	chr9	4690772	4691080	LTR/ERVL	707	-	154	4690926	21648
chr9	4884838	5084838	harbor1	chr9	4885489	4885609	LTR/ERVL	557	-	60	4885549	711
chr9	4884838	5084838	harbor1	chr9	4921881	4922374	LTR/ERVL	2778	-	246	4922127	37289
chr9	19130921	19330921	harbor1	chr9	19151345	19151727	LTR/ERVL	1636	-	191	19151536	20615
chr9	4884786	5084786	harbor1	chr9	4885489	4885609	LTR/ERVL	557	-	60	4885549	763
chr9	4884786	5084786	harbor1	chr9	4921881	4922374	LTR/ERVL	2778	-	246	4922127	37341
chr9	4884812	5084812	harbor1	chr9	4885489	4885609	LTR/ERVL	557	-	60	4885549	737
chr9	4884812	5084812	harbor1	chr9	4921881	4922374	LTR/ERVL	2778	-	246	4922127	37315
chr9	4884794	5084794	harbor1	chr9	4885489	4885609	LTR/ERVL	557	-	60	4885549	755
chr9	4884794	5084794	harbor1	chr9	4921881	4922374	LTR/ERVL	2778	-	246	4922127	37333
chr9	68603685	68803685	harbor1	chr9	68689076	68689482	LTR/ERVL	1336	-	203	68689279	85594
chr9	4663011	4863011	harbor1	chr9	4689689	4689936	LTR/ERVL	705	-	124	4689813	26802
chr9	4663011	4863011	harbor1	chr9	4690094	4690618	LTR/ERVL	1087	-	262	4690356	27345
chr9	4663011	4863011	harbor1	chr9	4690772	4691080	LTR/ERVL	707	-	154	4690926	27915
chr9	4883407	5083407	harbor1	chr9	4885489	4885609	LTR/ERVL	557	-	60	4885549	2142
chr9	4883407	5083407	harbor1	chr9	4921881	4922374	LTR/ERVL	2778	-	246	4922127	38720
chr9	4766714	4966714	harbor1	chr9	4861091	4861489	LTR/ERVL	1203	-	199	4861290	94576
chr9	4883310	5083310	harbor1	chr9	4885489	4885609	LTR/ERVL	557	-	60	4885549	2239
chr9	4883310	5083310	harbor1	chr9	4921881	4922374	LTR/ERVL	2778	-	246	4922127	38817
chr9	135599708	135799708	harbor1	chr9	135652489	135652754	LTR/ERVL	3102	-	132	135652621	52913
chr9	135599708	135799708	harbor1	chr9	135653054	135653245	LTR/ERVL	3102	-	96	135653150	53442
chr9	4883306	5083306	harbor1	chr9	4885489	4885609	LTR/ERVL	557	-	60	4885549	2243
chr9	4883306	5083306	harbor1	chr9	4921881	4922374	LTR/ERVL	2778	-	246	4922127	38821
chr9	111796999	111996999	harbor1	chr9	111855396	111855704	LTR/ERVL	1466	-	154	111855550	58551
chr9	4663450	4863450	harbor1	chr9	4689689	4689936	LTR/ERVL	705	-	124	4689813	26363
chr9	4663450	4863450	harbor1	chr9	4690094	4690618	LTR/ERVL	1087	-	262	4690356	26906
chr9	4663450	4863450	harbor1	chr9	4690772	4691080	LTR/ERVL	707	-	154	4690926	27476
chr9	126299438	126499438	harbor1	chr9	126348902	126349426	LTR/ERVL	1702	-	262	126349164	49726
chr9	4663900	4863900	harbor1	chr9	4689689	4689936	LTR/ERVL	705	-	124	4689813	25913
chr9	4663900	4863900	harbor1	chr9	4690094	4690618	LTR/ERVL	1087	-	262	4690356	26456
chr9	4663900	4863900	harbor1	chr9	4690772	4691080	LTR/ERVL	707	-	154	4690926	27026
chr9	83716782	83916782	harbor1	chr9	83717647	83717715	LTR/ERVL	1382	-	34	83717681	899
chr9	83716782	83916782	harbor1	chr9	83717716	83717958	LTR/ERVL	1172	-	121	83717837	1055
chr9	83716782	83916782	harbor1	chr9	83719550	83719669	LTR/ERVL	7578	-	60	83719610	2828
chr9	83716782	83916782	harbor1	chr9	83720007	83720408	LTR/ERVL	7578	-	200	83720207	3425
chr9	83716782	83916782	harbor1	chr9	83722322	83723872	LTR/ERVL	4897	-	775	83723097	6315
chr9	83716782	83916782	harbor1	chr9	83723888	83723946	LTR/ERVL	1414	-	29	83723917	7135
chr9	83716782	83916782	harbor1	chr9	83724251	83724536	LTR/ERVL	1414	-	142	83724393	7611
chr9	83716782	83916782	harbor1	chr9	83720723	83722319	LTR/ERVL	7578	-	798	83721521	4739
chr9	4884859	5084859	harbor1	chr9	4885489	4885609	LTR/ERVL	557	-	60	4885549	690
chr9	4884859	5084859	harbor1	chr9	4921881	4922374	LTR/ERVL	2778	-	246	4922127	37268
chr9	4663906	4863906	harbor1	chr9	4689689	4689936	LTR/ERVL	705	-	124	4689813	25907
chr9	4663906	4863906	harbor1	chr9	4690094	4690618	LTR/ERVL	1087	-	262	4690356	26450
chr9	4663906	4863906	harbor1	chr9	4690772	4691080	LTR/ERVL	707	-	154	4690926	27020
chr9	4879900	5079900	harbor1	chr9	4885489	4885609	LTR/ERVL	557	-	60	4885549	5649
chr9	4879900	5079900	harbor1	chr9	4921881	4922374	LTR/ERVL	2778	-	246	4922127	42227
chr9	4877201	5077201	harbor1	chr9	4885489	4885609	LTR/ERVL	557	-	60	4885549	8348
chr9	4877201	5077201	harbor1	chr9	4921881	4922374	LTR/ERVL	2778	-	246	4922127	44926
chr9	4663278	4863278	harbor1	chr9	4689689	4689936	LTR/ERVL	705	-	124	4689813	26535
chr9	4663278	4863278	harbor1	chr9	4690094	4690618	LTR/ERVL	1087	-	262	4690356	27078
chr9	4663278	4863278	harbor1	chr9	4690772	4691080	LTR/ERVL	707	-	154	4690926	27648
chr9	113066019	113266019	harbor1	chr9	113159549	113159892	LTR/ERVL	3265	-	172	113159721	93702
chr9	113066019	113266019	harbor1	chr9	113160212	113160366	LTR/ERVL	3265	-	77	113160289	94270
chr9	113066019	113266019	harbor1	chr9	113160605	113160901	LTR/ERVL	3265	-	148	113160753	94734
chr9	35598598	35798598	harbor1	chr9	35629515	35629757	LTR/ERVL	1048	-	121	35629636	31038
chr9	1915302	2115302	harbor1	chr9	1922056	1922537	LTR/ERVL	933	-	240	1922296	6994
chr9	1915302	2115302	harbor1	chr9	1965366	1965858	LTR/ERVL	1221	-	246	1965612	50310
chr9	1915302	2115302	harbor1	chr9	1998220	1998622	LTR/ERVL	673	-	201	1998421	83119
chr9	4663875	4863875	harbor1	chr9	4689689	4689936	LTR/ERVL	705	-	124	4689813	25938
chr9	4663875	4863875	harbor1	chr9	4690094	4690618	LTR/ERVL	1087	-	262	4690356	26481
chr9	4663875	4863875	harbor1	chr9	4690772	4691080	LTR/ERVL	707	-	154	4690926	27051
chr9	1987488	2187488	harbor1	chr9	1998220	1998622	LTR/ERVL	673	-	201	1998421	10933
chr9	1987488	2187488	harbor1	chr9	2030148	2030754	LTR/ERVL	2321	-	303	2030451	42963
chr9	4669568	4869568	harbor1	chr9	4689689	4689936	LTR/ERVL	705	-	124	4689813	20245
chr9	4669568	4869568	harbor1	chr9	4690094	4690618	LTR/ERVL	1087	-	262	4690356	20788
chr9	4669568	4869568	harbor1	chr9	4690772	4691080	LTR/ERVL	707	-	154	4690926	21358
chr9	4884854	5084854	harbor1	chr9	4885489	4885609	LTR/ERVL	557	-	60	4885549	695
chr9	4884854	5084854	harbor1	chr9	4921881	4922374	LTR/ERVL	2778	-	246	4922127	37273
chr9	4884933	5084933	harbor1	chr9	4885489	4885609	LTR/ERVL	557	-	60	4885549	616
chr9	4884933	5084933	harbor1	chr9	4921881	4922374	LTR/ERVL	2778	-	246	4922127	37194
chr9	21875478	22075478	harbor1	chr9	21883502	21883771	LTR/ERVL	727	-	134	21883636	8158
chr9	21875478	22075478	harbor1	chr9	21884048	21884206	LTR/ERVL	518	-	79	21884127	8649
chr9	21875478	22075478	harbor1	chr9	21940554	21940955	LTR/ERVL	1385	-	200	21940754	65276
chr9	4885046	5085046	harbor1	chr9	4885489	4885609	LTR/ERVL	557	-	60	4885549	503
chr9	4885046	5085046	harbor1	chr9	4921881	4922374	LTR/ERVL	2778	-	246	4922127	37081
chr9	4884905	5084905	harbor1	chr9	4885489	4885609	LTR/ERVL	557	-	60	4885549	644
chr9	4884905	5084905	harbor1	chr9	4921881	4922374	LTR/ERVL	2778	-	246	4922127	37222
chr9	35580921	35780921	harbor1	chr9	35629515	35629757	LTR/ERVL	1048	-	121	35629636	48715
chr9	1955526	2155526	harbor1	chr9	1965366	1965858	LTR/ERVL	1221	-	246	1965612	10086
chr9	1955526	2155526	harbor1	chr9	1998220	1998622	LTR/ERVL	673	-	201	1998421	42895
chr9	1955526	2155526	harbor1	chr9	2030148	2030754	LTR/ERVL	2321	-	303	2030451	74925
chr9	89260220	89460220	harbor1	chr9	89354219	89354765	LTR/ERVL	2634	-	273	89354492	94272
chr9	4884994	5084994	harbor1	chr9	4885489	4885609	LTR/ERVL	557	-	60	4885549	555
chr9	4884994	5084994	harbor1	chr9	4921881	4922374	LTR/ERVL	2778	-	246	4922127	37133
chr9	92958896	93158896	harbor1	chr9	92977590	92977790	LTR/ERVL	823	-	100	92977690	18794
chr9	92958896	93158896	harbor1	chr9	93042956	93043175	LTR/ERVL	749	-	110	93043066	84170
chr9	92958896	93158896	harbor1	chr9	93048576	93049104	LTR/ERVL	2606	-	264	93048840	89944
chr9	134577518	134777518	harbor1	chr9	134578659	134578835	LTR/ERVL	657	-	88	134578747	1229
chr9	4669265	4869265	harbor1	chr9	4689689	4689936	LTR/ERVL	705	-	124	4689813	20548
chr9	4669265	4869265	harbor1	chr9	4690094	4690618	LTR/ERVL	1087	-	262	4690356	21091
chr9	4669265	4869265	harbor1	chr9	4690772	4691080	LTR/ERVL	707	-	154	4690926	21661
chr9	136446465	136646465	harbor1	chr9	136492890	136493324	LTR/ERVL	860	-	217	136493107	46642
chr9	133586298	133786298	harbor1	chr9	133638454	133638668	LTR/ERVL	878	-	107	133638561	52263
chr9	133586298	133786298	harbor1	chr9	133640726	133641066	LTR/ERVL	1157	-	170	133640896	54598
chr9	136446547	136646547	harbor1	chr9	136492890	136493324	LTR/ERVL	860	-	217	136493107	46560
chr9	83553396	83753396	harbor1	chr9	83616983	83617220	LTR/ERVL	614	-	118	83617101	63705
chr9	133605246	133805246	harbor1	chr9	133638454	133638668	LTR/ERVL	878	-	107	133638561	33315
chr9	133605246	133805246	harbor1	chr9	133640726	133641066	LTR/ERVL	1157	-	170	133640896	35650
chr9	4884926	5084926	harbor1	chr9	4885489	4885609	LTR/ERVL	557	-	60	4885549	623
chr9	4884926	5084926	harbor1	chr9	4921881	4922374	LTR/ERVL	2778	-	246	4922127	37201
chr9	4663127	4863127	harbor1	chr9	4689689	4689936	LTR/ERVL	705	-	124	4689813	26686
chr9	4663127	4863127	harbor1	chr9	4690094	4690618	LTR/ERVL	1087	-	262	4690356	27229
chr9	4663127	4863127	harbor1	chr9	4690772	4691080	LTR/ERVL	707	-	154	4690926	27799
chr9	94048912	94248912	harbor1	chr9	94077229	94077984	LTR/ERVL	4084	-	378	94077607	28695
chr9	68605563	68805563	harbor1	chr9	68689076	68689482	LTR/ERVL	1336	-	203	68689279	83716
chr9	4884847	5084847	harbor1	chr9	4885489	4885609	LTR/ERVL	557	-	60	4885549	702
chr9	4884847	5084847	harbor1	chr9	4921881	4922374	LTR/ERVL	2778	-	246	4922127	37280
chr9	112387221	112587221	harbor1	chr9	112472566	112472814	LTR/ERVL	880	-	124	112472690	85469
chr9	4883816	5083816	harbor1	chr9	4885489	4885609	LTR/ERVL	557	-	60	4885549	1733
chr9	4883816	5083816	harbor1	chr9	4921881	4922374	LTR/ERVL	2778	-	246	4922127	38311
chr9	4663649	4863649	harbor1	chr9	4689689	4689936	LTR/ERVL	705	-	124	4689813	26164
chr9	4663649	4863649	harbor1	chr9	4690094	4690618	LTR/ERVL	1087	-	262	4690356	26707
chr9	4663649	4863649	harbor1	chr9	4690772	4691080	LTR/ERVL	707	-	154	4690926	27277
chr9	35691958	35891958	harbor1	chr9	35775185	35775554	LTR/ERVL	1088	-	184	35775369	83411
chr9	4663080	4863080	harbor1	chr9	4689689	4689936	LTR/ERVL	705	-	124	4689813	26733
chr9	4663080	4863080	harbor1	chr9	4690094	4690618	LTR/ERVL	1087	-	262	4690356	27276
chr9	4663080	4863080	harbor1	chr9	4690772	4691080	LTR/ERVL	707	-	154	4690926	27846
chr9	125322076	125522076	harbor1	chr9	125387449	125387775	LTR/ERVL	1064	-	163	125387612	65536
chr9	125322076	125522076	harbor1	chr9	125387780	125387915	LTR/ERVL	595	-	68	125387848	65772
chr9	125322076	125522076	harbor1	chr9	125387932	125388295	LTR/ERVL	1128	-	182	125388114	66038
chr9	4884823	5084823	harbor1	chr9	4885489	4885609	LTR/ERVL	557	-	60	4885549	726
chr9	4884823	5084823	harbor1	chr9	4921881	4922374	LTR/ERVL	2778	-	246	4922127	37304
chr9	126245605	126445605	harbor1	chr9	126271249	126271527	LTR/ERVL	706	-	139	126271388	25783
chr9	68605579	68805579	harbor1	chr9	68689076	68689482	LTR/ERVL	1336	-	203	68689279	83700
chr9	89262840	89462840	harbor1	chr9	89354219	89354765	LTR/ERVL	2634	-	273	89354492	91652
chr9	4883473	5083473	harbor1	chr9	4885489	4885609	LTR/ERVL	557	-	60	4885549	2076
chr9	4883473	5083473	harbor1	chr9	4921881	4922374	LTR/ERVL	2778	-	246	4922127	38654
chr9	4669986	4869986	harbor1	chr9	4689689	4689936	LTR/ERVL	705	-	124	4689813	19827
chr9	4669986	4869986	harbor1	chr9	4690094	4690618	LTR/ERVL	1087	-	262	4690356	20370
chr9	4669986	4869986	harbor1	chr9	4690772	4691080	LTR/ERVL	707	-	154	4690926	20940
chr9	4884959	5084959	harbor1	chr9	4885489	4885609	LTR/ERVL	557	-	60	4885549	590
chr9	4884959	5084959	harbor1	chr9	4921881	4922374	LTR/ERVL	2778	-	246	4922127	37168
chr9	4884897	5084897	harbor1	chr9	4885489	4885609	LTR/ERVL	557	-	60	4885549	652
chr9	4884897	5084897	harbor1	chr9	4921881	4922374	LTR/ERVL	2778	-	246	4922127	37230
chr9	4884936	5084936	harbor1	chr9	4885489	4885609	LTR/ERVL	557	-	60	4885549	613
chr9	4884936	5084936	harbor1	chr9	4921881	4922374	LTR/ERVL	2778	-	246	4922127	37191
chr9	4883068	5083068	harbor1	chr9	4885489	4885609	LTR/ERVL	557	-	60	4885549	2481
chr9	4883068	5083068	harbor1	chr9	4921881	4922374	LTR/ERVL	2778	-	246	4922127	39059
chr9	4884790	5084790	harbor1	chr9	4885489	4885609	LTR/ERVL	557	-	60	4885549	759
chr9	4884790	5084790	harbor1	chr9	4921881	4922374	LTR/ERVL	2778	-	246	4922127	37337
chr9	136402517	136602517	harbor1	chr9	136492890	136493324	LTR/ERVL	860	-	217	136493107	90590
chr9	136446581	136646581	harbor1	chr9	136492890	136493324	LTR/ERVL	860	-	217	136493107	46526
chr9	4663076	4863076	harbor1	chr9	4689689	4689936	LTR/ERVL	705	-	124	4689813	26737
chr9	4663076	4863076	harbor1	chr9	4690094	4690618	LTR/ERVL	1087	-	262	4690356	27280
chr9	4663076	4863076	harbor1	chr9	4690772	4691080	LTR/ERVL	707	-	154	4690926	27850
chr9	35692023	35892023	harbor1	chr9	35775185	35775554	LTR/ERVL	1088	-	184	35775369	83346
chr9	4663656	4863656	harbor1	chr9	4689689	4689936	LTR/ERVL	705	-	124	4689813	26157
chr9	4663656	4863656	harbor1	chr9	4690094	4690618	LTR/ERVL	1087	-	262	4690356	26700
chr9	4663656	4863656	harbor1	chr9	4690772	4691080	LTR/ERVL	707	-	154	4690926	27270
chr9	19130894	19330894	harbor1	chr9	19151345	19151727	LTR/ERVL	1636	-	191	19151536	20642
chr9	418608	618608	harbor1	chr9	444145	444335	LTR/ERVL	1132	-	95	444240	25632
chr9	418608	618608	harbor1	chr9	444366	444824	LTR/ERVL	1132	-	229	444595	25987
chr9	418608	618608	harbor1	chr9	512193	512548	LTR/ERVL	981	-	178	512371	93763
chr9	114075621	114275621	harbor1	chr9	114129814	114130254	LTR/ERVL	1191	-	220	114130034	54413
chr9	114075621	114275621	harbor1	chr9	114146201	114146604	LTR/ERVL	1922	-	202	114146403	70782
chr9	114075621	114275621	harbor1	chr9	114174231	114174642	LTR/ERVL	1183	-	206	114174437	98816
chr9	35692027	35892027	harbor1	chr9	35775185	35775554	LTR/ERVL	1088	-	184	35775369	83342
chr9	4830107	5030107	harbor1	chr9	4861091	4861489	LTR/ERVL	1203	-	199	4861290	31183
chr9	4830107	5030107	harbor1	chr9	4885489	4885609	LTR/ERVL	557	-	60	4885549	55442
chr9	4830107	5030107	harbor1	chr9	4921881	4922374	LTR/ERVL	2778	-	246	4922127	92020
chr9	79473211	79673211	harbor1	chr9	79521168	79521749	LTR/ERVL	2353	-	290	79521458	48247
chr9	79473211	79673211	harbor1	chr9	79567460	79568146	LTR/ERVL	2636	-	343	79567803	94592
chr9	4669933	4869933	harbor1	chr9	4689689	4689936	LTR/ERVL	705	-	124	4689813	19880
chr9	4669933	4869933	harbor1	chr9	4690094	4690618	LTR/ERVL	1087	-	262	4690356	20423
chr9	4669933	4869933	harbor1	chr9	4690772	4691080	LTR/ERVL	707	-	154	4690926	20993
chr9	124761747	124961747	harbor1	chr9	124789294	124789709	LTR/ERVL	1850	-	208	124789502	27755
chr9	124761747	124961747	harbor1	chr9	124793666	124793744	LTR/ERVL	868	-	39	124793705	31958
chr9	124761747	124961747	harbor1	chr9	124794057	124794417	LTR/ERVL	868	-	180	124794237	32490
chr9	124761747	124961747	harbor1	chr9	124835912	124836107	LTR/ERVL	1543	-	98	124836010	74263
chr9	124761747	124961747	harbor1	chr9	124836703	124836825	LTR/ERVL	1543	-	61	124836764	75017
chr9	4663097	4863097	harbor1	chr9	4689689	4689936	LTR/ERVL	705	-	124	4689813	26716
chr9	4663097	4863097	harbor1	chr9	4690094	4690618	LTR/ERVL	1087	-	262	4690356	27259
chr9	4663097	4863097	harbor1	chr9	4690772	4691080	LTR/ERVL	707	-	154	4690926	27829
chr9	68605569	68805569	harbor1	chr9	68689076	68689482	LTR/ERVL	1336	-	203	68689279	83710
chr9	111561650	111761650	harbor1	chr9	111615152	111615677	LTR/ERVL	2519	-	262	111615414	53764
chr9	111561650	111761650	harbor1	chr9	111627699	111627867	LTR/ERVL	560	-	84	111627783	66133
chr9	4668976	4868976	harbor1	chr9	4689689	4689936	LTR/ERVL	705	-	124	4689813	20837
chr9	4668976	4868976	harbor1	chr9	4690094	4690618	LTR/ERVL	1087	-	262	4690356	21380
chr9	4668976	4868976	harbor1	chr9	4690772	4691080	LTR/ERVL	707	-	154	4690926	21950
chr9	4885042	5085042	harbor1	chr9	4885489	4885609	LTR/ERVL	557	-	60	4885549	507
chr9	4885042	5085042	harbor1	chr9	4921881	4922374	LTR/ERVL	2778	-	246	4922127	37085
chr9	92958971	93158971	harbor1	chr9	92977590	92977790	LTR/ERVL	823	-	100	92977690	18719
chr9	92958971	93158971	harbor1	chr9	93042956	93043175	LTR/ERVL	749	-	110	93043066	84095
chr9	92958971	93158971	harbor1	chr9	93048576	93049104	LTR/ERVL	2606	-	264	93048840	89869
chr9	4883803	5083803	harbor1	chr9	4885489	4885609	LTR/ERVL	557	-	60	4885549	1746
chr9	4883803	5083803	harbor1	chr9	4921881	4922374	LTR/ERVL	2778	-	246	4922127	38324
chr9	4662994	4862994	harbor1	chr9	4689689	4689936	LTR/ERVL	705	-	124	4689813	26819
chr9	4662994	4862994	harbor1	chr9	4690094	4690618	LTR/ERVL	1087	-	262	4690356	27362
chr9	4662994	4862994	harbor1	chr9	4690772	4691080	LTR/ERVL	707	-	154	4690926	27932
chr9	112387266	112587266	harbor1	chr9	112472566	112472814	LTR/ERVL	880	-	124	112472690	85424
chr9	2521362	2721362	harbor1	chr9	2564543	2564963	LTR/ERVL	3038	-	210	2564753	43391
chr9	2521362	2721362	harbor1	chr9	2578386	2578797	LTR/ERVL	892	-	206	2578592	57230
chr9	135645039	135845039	harbor1	chr9	135652489	135652754	LTR/ERVL	3102	-	132	135652621	7582
chr9	135645039	135845039	harbor1	chr9	135653054	135653245	LTR/ERVL	3102	-	96	135653150	8111
chr9	4884820	5084820	harbor1	chr9	4885489	4885609	LTR/ERVL	557	-	60	4885549	729
chr9	4884820	5084820	harbor1	chr9	4921881	4922374	LTR/ERVL	2778	-	246	4922127	37307
chr9	112387344	112587344	harbor1	chr9	112472566	112472814	LTR/ERVL	880	-	124	112472690	85346
chr9	4658000	4858000	harbor1	chr9	4689689	4689936	LTR/ERVL	705	-	124	4689813	31813
chr9	4658000	4858000	harbor1	chr9	4690094	4690618	LTR/ERVL	1087	-	262	4690356	32356
chr9	4658000	4858000	harbor1	chr9	4690772	4691080	LTR/ERVL	707	-	154	4690926	32926
chr9	4883030	5083030	harbor1	chr9	4885489	4885609	LTR/ERVL	557	-	60	4885549	2519
chr9	4883030	5083030	harbor1	chr9	4921881	4922374	LTR/ERVL	2778	-	246	4922127	39097
chr9	4663850	4863850	harbor1	chr9	4689689	4689936	LTR/ERVL	705	-	124	4689813	25963
chr9	4663850	4863850	harbor1	chr9	4690094	4690618	LTR/ERVL	1087	-	262	4690356	26506
chr9	4663850	4863850	harbor1	chr9	4690772	4691080	LTR/ERVL	707	-	154	4690926	27076
chr9	4669263	4869263	harbor1	chr9	4689689	4689936	LTR/ERVL	705	-	124	4689813	20550
chr9	4669263	4869263	harbor1	chr9	4690094	4690618	LTR/ERVL	1087	-	262	4690356	21093
chr9	4669263	4869263	harbor1	chr9	4690772	4691080	LTR/ERVL	707	-	154	4690926	21663
chr9	4597199	4797199	harbor1	chr9	4689689	4689936	LTR/ERVL	705	-	124	4689813	92614
chr9	4597199	4797199	harbor1	chr9	4690094	4690618	LTR/ERVL	1087	-	262	4690356	93157
chr9	4597199	4797199	harbor1	chr9	4690772	4691080	LTR/ERVL	707	-	154	4690926	93727
chr9	137337211	137537211	harbor1	chr9	137341344	137341531	LTR/ERVL	647	-	94	137341438	4227
chr9	137337211	137537211	harbor1	chr9	137342394	137342749	LTR/ERVL	1256	-	178	137342572	5361
chr9	137337211	137537211	harbor1	chr9	137343230	137343575	LTR/ERVL	1663	-	172	137343402	6191
chr9	137337211	137537211	harbor1	chr9	137344191	137344331	LTR/ERVL	1663	-	70	137344261	7050
chr9	137337211	137537211	harbor1	chr9	137357664	137357699	LTR/ERVL	2877	-	18	137357682	20471
chr9	137337211	137537211	harbor1	chr9	137357757	137358147	LTR/ERVL	2877	-	195	137357952	20741
chr9	61551186	61751186	harbor1	chr9	61552028	61552364	LTR/ERVL	546	-	168	61552196	1010
chr9	61551186	61751186	harbor1	chr9	61579726	61579992	LTR/ERVL	1540	-	133	61579859	28673
chr9	113807755	114007755	harbor1	chr9	113847763	113848062	LTR/ERVL	885	-	150	113847913	40158
chr9	4777664	4977664	harbor1	chr9	4861091	4861489	LTR/ERVL	1203	-	199	4861290	83626
chr9	83717816	83917816	harbor1	chr9	83717716	83717958	LTR/ERVL	1172	-	121	83717837	21
chr9	83717816	83917816	harbor1	chr9	83719550	83719669	LTR/ERVL	7578	-	60	83719610	1794
chr9	83717816	83917816	harbor1	chr9	83720007	83720408	LTR/ERVL	7578	-	200	83720207	2391
chr9	83717816	83917816	harbor1	chr9	83722322	83723872	LTR/ERVL	4897	-	775	83723097	5281
chr9	83717816	83917816	harbor1	chr9	83723888	83723946	LTR/ERVL	1414	-	29	83723917	6101
chr9	83717816	83917816	harbor1	chr9	83724251	83724536	LTR/ERVL	1414	-	142	83724393	6577
chr9	83717816	83917816	harbor1	chr9	83720723	83722319	LTR/ERVL	7578	-	798	83721521	3705
chr9	4884858	5084858	harbor1	chr9	4885489	4885609	LTR/ERVL	557	-	60	4885549	691
chr9	4884858	5084858	harbor1	chr9	4921881	4922374	LTR/ERVL	2778	-	246	4922127	37269
chr10	49511878	49711878	harbor1	chr10	49554700	49555200	LTR/ERVL	2509	-	250	49554950	43072
chr10	49511878	49711878	harbor1	chr10	49562050	49562730	LTR/ERVL	5243	-	340	49562390	50512
chr10	49511878	49711878	harbor1	chr10	49563022	49564929	LTR/ERVL	5243	-	954	49563976	52098
chr10	49511878	49711878	harbor1	chr10	49564932	49565224	LTR/ERVL	1384	-	146	49565078	53200
chr10	14778677	14978677	harbor1	chr10	14786823	14787291	LTR/ERVL	1400	-	234	14787057	8380
chr10	14778677	14978677	harbor1	chr10	14791491	14791831	LTR/ERVL	1151	-	170	14791661	12984
chr10	14778677	14978677	harbor1	chr10	14792126	14792253	LTR/ERVL	1151	-	64	14792190	13513
chr10	37911041	38111041	harbor1	chr10	37930138	37931067	LTR/ERVL	1750	-	464	37930602	19561
chr10	37911041	38111041	harbor1	chr10	37933813	37934250	LTR/ERVL	1055	-	218	37934031	22990
chr10	69458832	69658832	harbor1	chr10	69500140	69500347	LTR/ERVL	715	-	104	69500244	41412
chr10	69458832	69658832	harbor1	chr10	69500421	69500847	LTR/ERVL	1588	-	213	69500634	41802
chr10	133103372	133303372	harbor1	chr10	133142759	133143128	LTR/ERVL	1159	-	184	133142943	39571
chr10	92188891	92388891	harbor1	chr10	92268853	92269274	LTR/ERVL	1057	-	210	92269063	80172
chr10	100897233	101097233	harbor1	chr10	100942047	100942492	LTR/ERVL	1718	-	222	100942269	45036
chr10	100897233	101097233	harbor1	chr10	100942956	100943284	LTR/ERVL	899	-	164	100943120	45887
chr10	100897233	101097233	harbor1	chr10	100951374	100951722	LTR/ERVL	1502	-	174	100951548	54315
chr10	100897233	101097233	harbor1	chr10	100977744	100978185	LTR/ERVL	2715	-	220	100977964	80731
chr10	100086018	100286018	harbor1	chr10	100127797	100128162	LTR/ERVL	882	-	182	100127979	41961
chr10	100086018	100286018	harbor1	chr10	100146368	100146622	LTR/ERVL	664	-	127	100146495	60477
chr10	100086018	100286018	harbor1	chr10	100146754	100146943	LTR/ERVL	715	-	94	100146848	60830
chr10	14778710	14978710	harbor1	chr10	14786823	14787291	LTR/ERVL	1400	-	234	14787057	8347
chr10	14778710	14978710	harbor1	chr10	14791491	14791831	LTR/ERVL	1151	-	170	14791661	12951
chr10	14778710	14978710	harbor1	chr10	14792126	14792253	LTR/ERVL	1151	-	64	14792190	13480
chr10	113669309	113869309	harbor1	chr10	113669750	113669804	LTR/ERVL	795	-	27	113669777	468
chr10	113669309	113869309	harbor1	chr10	113670129	113670225	LTR/ERVL	795	-	48	113670177	868
chr10	113669309	113869309	harbor1	chr10	113670740	113671054	LTR/ERVL	943	-	157	113670897	1588
chr10	113669309	113869309	harbor1	chr10	113730072	113730528	LTR/ERVL	1183	-	228	113730300	60991
chr10	75111057	75311057	harbor1	chr10	75136593	75136725	LTR/ERVL	435	-	66	75136659	25602
chr10	75111057	75311057	harbor1	chr10	75137910	75138266	LTR/ERVL	926	-	178	75138088	27031
chr10	75111057	75311057	harbor1	chr10	75197109	75197375	LTR/ERVL	932	-	133	75197242	86185
chr10	132232440	132432440	harbor1	chr10	132238276	132238757	LTR/ERVL	1274	-	240	132238516	6076
chr10	132232440	132432440	harbor1	chr10	132323226	132323369	LTR/ERVL	459	-	72	132323298	90858
chr10	14673058	14873058	harbor1	chr10	14699191	14699741	LTR/ERVL	2850	-	275	14699466	26408
chr10	14673058	14873058	harbor1	chr10	14717266	14717836	LTR/ERVL	1817	-	285	14717551	44493
chr10	14778691	14978691	harbor1	chr10	14786823	14787291	LTR/ERVL	1400	-	234	14787057	8366
chr10	14778691	14978691	harbor1	chr10	14791491	14791831	LTR/ERVL	1151	-	170	14791661	12970
chr10	14778691	14978691	harbor1	chr10	14792126	14792253	LTR/ERVL	1151	-	64	14792190	13499
chr10	6020235	6220235	harbor1	chr10	6048980	6049515	LTR/ERVL	2711	-	268	6049248	29013
chr10	6020235	6220235	harbor1	chr10	6077139	6077469	LTR/ERVL	512	-	165	6077304	57069
chr10	6020235	6220235	harbor1	chr10	6077477	6077821	LTR/ERVL	714	-	172	6077649	57414
chr10	6020235	6220235	harbor1	chr10	6077852	6078112	LTR/ERVL	1075	-	130	6077982	57747
chr10	6020235	6220235	harbor1	chr10	6078493	6078783	LTR/ERVL	1588	-	145	6078638	58403
chr10	6020235	6220235	harbor1	chr10	6079034	6079309	LTR/ERVL	1588	-	138	6079172	58937
chr10	6020235	6220235	harbor1	chr10	6081822	6081975	LTR/ERVL	458	-	76	6081898	61663
chr10	6020235	6220235	harbor1	chr10	6078337	6078498	LTR/ERVL	1075	-	80	6078417	58182
chr10	79214909	79414909	harbor1	chr10	79224767	79225056	LTR/ERVL	917	-	144	79224911	10002
chr10	114721980	114921980	harbor1	chr10	114811576	114812217	LTR/ERVL	2645	-	320	114811896	89916
chr10	114721980	114921980	harbor1	chr10	114812741	114812853	LTR/ERVL	699	-	56	114812797	90817
chr10	114721980	114921980	harbor1	chr10	114813167	114813251	LTR/ERVL	699	-	42	114813209	91229
chr10	114721980	114921980	harbor1	chr10	114816322	114816536	LTR/ERVL	515	-	107	114816429	94449
chr10	114721980	114921980	harbor1	chr10	114816841	114816855	LTR/ERVL	454	-	7	114816848	94868
chr10	62704867	62904867	harbor1	chr10	62723265	62723745	LTR/ERVL	1383	-	240	62723505	18638
chr10	62704867	62904867	harbor1	chr10	62736243	62736706	LTR/ERVL	1258	-	232	62736475	31608
chr10	62704867	62904867	harbor1	chr10	62738222	62738527	LTR/ERVL	857	-	152	62738374	33507
chr10	62704867	62904867	harbor1	chr10	62745073	62745466	LTR/ERVL	1110	-	196	62745269	40402
chr10	132984294	133184294	harbor1	chr10	133001951	133002053	LTR/ERVL	1186	-	51	133002002	17708
chr10	132984294	133184294	harbor1	chr10	133002348	133002620	LTR/ERVL	1186	-	136	133002484	18190
chr10	132984294	133184294	harbor1	chr10	133003478	133003548	LTR/ERVL	1186	-	35	133003513	19219
chr10	132207804	132407804	harbor1	chr10	132238276	132238757	LTR/ERVL	1274	-	240	132238516	30712
chr10	78346452	78546452	harbor1	chr10	78383710	78383975	LTR/ERVL	671	-	132	78383842	37390
chr10	78346452	78546452	harbor1	chr10	78384175	78384547	LTR/ERVL	1022	-	186	78384361	37909
chr10	78346452	78546452	harbor1	chr10	78392940	78393325	LTR/ERVL	913	-	192	78393132	46680
chr10	2967276	3167276	harbor1	chr10	3018962	3019131	LTR/ERVL	764	-	84	3019046	51770
chr10	2967276	3167276	harbor1	chr10	3028712	3029066	LTR/ERVL	972	-	177	3028889	61613
chr10	2967276	3167276	harbor1	chr10	3037119	3037625	LTR/ERVL	2180	-	253	3037372	70096
chr10	132232445	132432445	harbor1	chr10	132238276	132238757	LTR/ERVL	1274	-	240	132238516	6071
chr10	132232445	132432445	harbor1	chr10	132323226	132323369	LTR/ERVL	459	-	72	132323298	90853
chr10	14778054	14978054	harbor1	chr10	14786823	14787291	LTR/ERVL	1400	-	234	14787057	9003
chr10	14778054	14978054	harbor1	chr10	14791491	14791831	LTR/ERVL	1151	-	170	14791661	13607
chr10	14778054	14978054	harbor1	chr10	14792126	14792253	LTR/ERVL	1151	-	64	14792190	14136
chr10	89151734	89351734	harbor1	chr10	89170489	89170632	LTR/ERVL	667	-	72	89170561	18827
chr10	43100314	43300314	harbor1	chr10	43101711	43101909	LTR/ERVL	780	-	99	43101810	1496
chr10	43100314	43300314	harbor1	chr10	43146032	43146584	LTR/ERVL	1999	-	276	43146308	45994
chr10	100897105	101097105	harbor1	chr10	100942047	100942492	LTR/ERVL	1718	-	222	100942269	45164
chr10	100897105	101097105	harbor1	chr10	100942956	100943284	LTR/ERVL	899	-	164	100943120	46015
chr10	100897105	101097105	harbor1	chr10	100951374	100951722	LTR/ERVL	1502	-	174	100951548	54443
chr10	100897105	101097105	harbor1	chr10	100977744	100978185	LTR/ERVL	2715	-	220	100977964	80859
chr10	48299633	48499633	harbor1	chr10	48318035	48318405	LTR/ERVL	1937	-	185	48318220	18587
chr10	48299633	48499633	harbor1	chr10	48371560	48372198	LTR/ERVL	3177	-	319	48371879	72246
chr10	48299633	48499633	harbor1	chr10	48389911	48390384	LTR/ERVL	2598	-	236	48390147	90514
chr10	48299633	48499633	harbor1	chr10	48391527	48392419	LTR/ERVL	4240	-	446	48391973	92340
chr10	14778029	14978029	harbor1	chr10	14786823	14787291	LTR/ERVL	1400	-	234	14787057	9028
chr10	14778029	14978029	harbor1	chr10	14791491	14791831	LTR/ERVL	1151	-	170	14791661	13632
chr10	14778029	14978029	harbor1	chr10	14792126	14792253	LTR/ERVL	1151	-	64	14792190	14161
chr10	68131746	68331746	harbor1	chr10	68223658	68224089	LTR/ERVL	1473	-	216	68223874	92128
chr10	132232398	132432398	harbor1	chr10	132238276	132238757	LTR/ERVL	1274	-	240	132238516	6118
chr10	132232398	132432398	harbor1	chr10	132323226	132323369	LTR/ERVL	459	-	72	132323298	90900
chr10	89151741	89351741	harbor1	chr10	89170489	89170632	LTR/ERVL	667	-	72	89170561	18820
chr10	133130641	133330641	harbor1	chr10	133142759	133143128	LTR/ERVL	1159	-	184	133142943	12302
chr10	95979828	96179828	harbor1	chr10	95980218	95980407	LTR/ERVL	446	-	94	95980312	484
chr10	95979828	96179828	harbor1	chr10	95980441	95980480	LTR/ERVL	446	-	20	95980461	633
chr10	95979828	96179828	harbor1	chr10	95998507	95998833	LTR/ERVL	2239	-	163	95998670	18842
chr10	95979828	96179828	harbor1	chr10	95999111	95999196	LTR/ERVL	2239	-	42	95999153	19325
chr10	95979828	96179828	harbor1	chr10	96039801	96040215	LTR/ERVL	2077	-	207	96040008	60180
chr10	95979828	96179828	harbor1	chr10	96074527	96074843	LTR/ERVL	538	-	158	96074685	94857
chr10	46006427	46206427	harbor1	chr10	46079257	46079461	LTR/ERVL	562	-	102	46079359	72932
chr10	46006427	46206427	harbor1	chr10	46079752	46079929	LTR/ERVL	562	-	88	46079840	73413
chr10	46006427	46206427	harbor1	chr10	46084177	46084644	LTR/ERVL	937	-	234	46084411	77984
chr10	43474486	43674486	harbor1	chr10	43509421	43509879	LTR/ERVL	3089	-	229	43509650	35164
chr10	43474486	43674486	harbor1	chr10	43509880	43510544	LTR/ERVL	44675	-	332	43510212	35726
chr10	43474486	43674486	harbor1	chr10	43510846	43514128	LTR/ERVL	44675	-	1641	43512487	38001
chr10	43474486	43674486	harbor1	chr10	43514435	43515779	LTR/ERVL	44675	-	672	43515107	40621
chr10	43474486	43674486	harbor1	chr10	43516080	43516426	LTR/ERVL	44675	-	173	43516253	41767
chr10	43474486	43674486	harbor1	chr10	43516427	43516879	LTR/ERVL	3027	-	226	43516653	42167
chr10	101032219	101232219	harbor1	chr10	101054661	101055130	LTR/ERVL	1382	-	234	101054895	22676
chr10	101032219	101232219	harbor1	chr10	101084677	101085039	LTR/ERVL	621	-	181	101084858	52639
chr10	75302350	75502350	harbor1	chr10	75310989	75311440	LTR/ERVL	3566	-	226	75311215	8865
chr10	75302350	75502350	harbor1	chr10	75342315	75342497	LTR/ERVL	569	-	91	75342406	40056
chr10	86532110	86732110	harbor1	chr10	86546722	86546896	LTR/ERVL	512	-	87	86546809	14699
chr10	86532110	86732110	harbor1	chr10	86556830	86557282	LTR/ERVL	1130	-	226	86557056	24946
chr10	86532110	86732110	harbor1	chr10	86580539	86580901	LTR/ERVL	1791	-	181	86580720	48610
chr10	86532110	86732110	harbor1	chr10	86581210	86581348	LTR/ERVL	1791	-	69	86581279	49169
chr10	86532110	86732110	harbor1	chr10	86595602	86595821	LTR/ERVL	446	-	110	86595712	63602
chr10	86532110	86732110	harbor1	chr10	86598404	86598548	LTR/ERVL	560	-	72	86598476	66366
chr10	86532110	86732110	harbor1	chr10	86602010	86602232	LTR/ERVL	865	-	111	86602121	70011
chr10	86532110	86732110	harbor1	chr10	86614458	86614864	LTR/ERVL	468	-	203	86614661	82551
chr10	22219191	22419191	harbor1	chr10	22301175	22301778	LTR/ERVL	571	-	302	22301477	82286
chr10	132232418	132432418	harbor1	chr10	132238276	132238757	LTR/ERVL	1274	-	240	132238516	6098
chr10	132232418	132432418	harbor1	chr10	132323226	132323369	LTR/ERVL	459	-	72	132323298	90880
chr10	47239932	47439932	harbor1	chr10	47246801	47247181	LTR/ERVL	831	-	190	47246991	7059
chr10	47239932	47439932	harbor1	chr10	47288922	47289352	LTR/ERVL	1071	-	215	47289137	49205
chr10	47239932	47439932	harbor1	chr10	47289407	47289635	LTR/ERVL	588	-	114	47289521	49589
chr10	47239932	47439932	harbor1	chr10	47289772	47291524	LTR/ERVL	3736	-	876	47290648	50716
chr10	47239932	47439932	harbor1	chr10	47292217	47294169	LTR/ERVL	3214	-	976	47293193	53261
chr10	47239932	47439932	harbor1	chr10	47294660	47294754	LTR/ERVL	2500	-	47	47294707	54775
chr10	47239932	47439932	harbor1	chr10	47294793	47295124	LTR/ERVL	577	-	166	47294959	55027
chr10	4842408	5042408	harbor1	chr10	4879174	4879723	LTR/ERVL	2070	-	274	4879448	37040
chr10	4842408	5042408	harbor1	chr10	4893756	4894329	LTR/ERVL	3133	-	286	4894042	51634
chr10	4842408	5042408	harbor1	chr10	4894334	4894710	LTR/ERVL	2381	-	188	4894522	52114
chr10	47239964	47439964	harbor1	chr10	47246801	47247181	LTR/ERVL	831	-	190	47246991	7027
chr10	47239964	47439964	harbor1	chr10	47288922	47289352	LTR/ERVL	1071	-	215	47289137	49173
chr10	47239964	47439964	harbor1	chr10	47289407	47289635	LTR/ERVL	588	-	114	47289521	49557
chr10	47239964	47439964	harbor1	chr10	47289772	47291524	LTR/ERVL	3736	-	876	47290648	50684
chr10	47239964	47439964	harbor1	chr10	47292217	47294169	LTR/ERVL	3214	-	976	47293193	53229
chr10	47239964	47439964	harbor1	chr10	47294660	47294754	LTR/ERVL	2500	-	47	47294707	54743
chr10	47239964	47439964	harbor1	chr10	47294793	47295124	LTR/ERVL	577	-	166	47294959	54995
chr10	75111030	75311030	harbor1	chr10	75136593	75136725	LTR/ERVL	435	-	66	75136659	25629
chr10	75111030	75311030	harbor1	chr10	75137910	75138266	LTR/ERVL	926	-	178	75138088	27058
chr10	75111030	75311030	harbor1	chr10	75197109	75197375	LTR/ERVL	932	-	133	75197242	86212
chr10	14778674	14978674	harbor1	chr10	14786823	14787291	LTR/ERVL	1400	-	234	14787057	8383
chr10	14778674	14978674	harbor1	chr10	14791491	14791831	LTR/ERVL	1151	-	170	14791661	12987
chr10	14778674	14978674	harbor1	chr10	14792126	14792253	LTR/ERVL	1151	-	64	14792190	13516
chr10	132232385	132432385	harbor1	chr10	132238276	132238757	LTR/ERVL	1274	-	240	132238516	6131
chr10	132232385	132432385	harbor1	chr10	132323226	132323369	LTR/ERVL	459	-	72	132323298	90913
chr10	75111036	75311036	harbor1	chr10	75136593	75136725	LTR/ERVL	435	-	66	75136659	25623
chr10	75111036	75311036	harbor1	chr10	75137910	75138266	LTR/ERVL	926	-	178	75138088	27052
chr10	75111036	75311036	harbor1	chr10	75197109	75197375	LTR/ERVL	932	-	133	75197242	86206
chr10	62704945	62904945	harbor1	chr10	62723265	62723745	LTR/ERVL	1383	-	240	62723505	18560
chr10	62704945	62904945	harbor1	chr10	62736243	62736706	LTR/ERVL	1258	-	232	62736475	31530
chr10	62704945	62904945	harbor1	chr10	62738222	62738527	LTR/ERVL	857	-	152	62738374	33429
chr10	62704945	62904945	harbor1	chr10	62745073	62745466	LTR/ERVL	1110	-	196	62745269	40324
chr10	132977795	133177795	harbor1	chr10	133001951	133002053	LTR/ERVL	1186	-	51	133002002	24207
chr10	132977795	133177795	harbor1	chr10	133002348	133002620	LTR/ERVL	1186	-	136	133002484	24689
chr10	132977795	133177795	harbor1	chr10	133003478	133003548	LTR/ERVL	1186	-	35	133003513	25718
chr10	97672149	97872149	harbor1	chr10	97695438	97695601	LTR/ERVL	657	-	82	97695520	23371
chr10	97672149	97872149	harbor1	chr10	97703483	97703950	LTR/ERVL	2190	-	234	97703717	31568
chr10	97672149	97872149	harbor1	chr10	97708493	97708744	LTR/ERVL	664	-	126	97708619	36470
chr10	97672149	97872149	harbor1	chr10	97709045	97709234	LTR/ERVL	713	-	94	97709139	36990
chr10	14778680	14978680	harbor1	chr10	14786823	14787291	LTR/ERVL	1400	-	234	14787057	8377
chr10	14778680	14978680	harbor1	chr10	14791491	14791831	LTR/ERVL	1151	-	170	14791661	12981
chr10	14778680	14978680	harbor1	chr10	14792126	14792253	LTR/ERVL	1151	-	64	14792190	13510
chr10	128885275	129085275	harbor1	chr10	128909729	128910030	LTR/ERVL	970	-	150	128909879	24604
chr10	128885275	129085275	harbor1	chr10	128910394	128910478	LTR/ERVL	970	-	42	128910436	25161
chr10	128885275	129085275	harbor1	chr10	128937020	128937582	LTR/ERVL	1472	-	281	128937301	52026
chr10	35265	235265	harbor1	chr10	98309	98463	LTR/ERVL	10152	-	77	98386	63121
chr10	35265	235265	harbor1	chr10	98768	99951	LTR/ERVL	10152	-	592	99360	64095
chr10	35265	235265	harbor1	chr10	99952	100387	LTR/ERVL	2922	-	218	100170	64905
chr10	132207902	132407902	harbor1	chr10	132238276	132238757	LTR/ERVL	1274	-	240	132238516	30614
chr10	79279347	79479347	harbor1	chr10	79360895	79361321	LTR/ERVL	2330	-	213	79361108	81761
chr10	79279347	79479347	harbor1	chr10	79369920	79370487	LTR/ERVL	674	-	284	79370204	90857
chr10	110707741	110907741	harbor1	chr10	110726633	110726821	LTR/ERVL	790	-	94	110726727	18986
chr10	110707741	110907741	harbor1	chr10	110728208	110728461	LTR/ERVL	859	-	126	110728334	20593
chr10	43005593	43205593	harbor1	chr10	43023596	43024033	LTR/ERVL	3451	-	218	43023814	18221
chr10	43005593	43205593	harbor1	chr10	43101711	43101909	LTR/ERVL	780	-	99	43101810	96217
chr10	89202972	89402972	harbor1	chr10	89255805	89256230	LTR/ERVL	511	-	212	89256017	53045
chr10	89202972	89402972	harbor1	chr10	89267157	89267439	LTR/ERVL	619	-	141	89267298	64326
chr10	89202972	89402972	harbor1	chr10	89267743	89267941	LTR/ERVL	619	-	99	89267842	64870
chr10	46006339	46206339	harbor1	chr10	46079257	46079461	LTR/ERVL	562	-	102	46079359	73020
chr10	46006339	46206339	harbor1	chr10	46079752	46079929	LTR/ERVL	562	-	88	46079840	73501
chr10	46006339	46206339	harbor1	chr10	46084177	46084644	LTR/ERVL	937	-	234	46084411	78072
chr10	3621791	3821791	harbor1	chr10	3628763	3628865	LTR/ERVL	445	-	51	3628814	7023
chr10	3621791	3821791	harbor1	chr10	3696574	3697268	LTR/ERVL	1277	-	347	3696921	75130
chr10	3621791	3821791	harbor1	chr10	3697386	3697967	LTR/ERVL	844	-	290	3697676	75885
chr10	3621791	3821791	harbor1	chr10	3698287	3699071	LTR/ERVL	2141	-	392	3698679	76888
chr10	47239866	47439866	harbor1	chr10	47246801	47247181	LTR/ERVL	831	-	190	47246991	7125
chr10	47239866	47439866	harbor1	chr10	47288922	47289352	LTR/ERVL	1071	-	215	47289137	49271
chr10	47239866	47439866	harbor1	chr10	47289407	47289635	LTR/ERVL	588	-	114	47289521	49655
chr10	47239866	47439866	harbor1	chr10	47289772	47291524	LTR/ERVL	3736	-	876	47290648	50782
chr10	47239866	47439866	harbor1	chr10	47292217	47294169	LTR/ERVL	3214	-	976	47293193	53327
chr10	47239866	47439866	harbor1	chr10	47294660	47294754	LTR/ERVL	2500	-	47	47294707	54841
chr10	47239866	47439866	harbor1	chr10	47294793	47295124	LTR/ERVL	577	-	166	47294959	55093
chr10	62704875	62904875	harbor1	chr10	62723265	62723745	LTR/ERVL	1383	-	240	62723505	18630
chr10	62704875	62904875	harbor1	chr10	62736243	62736706	LTR/ERVL	1258	-	232	62736475	31600
chr10	62704875	62904875	harbor1	chr10	62738222	62738527	LTR/ERVL	857	-	152	62738374	33499
chr10	62704875	62904875	harbor1	chr10	62745073	62745466	LTR/ERVL	1110	-	196	62745269	40394
chr10	47239913	47439913	harbor1	chr10	47246801	47247181	LTR/ERVL	831	-	190	47246991	7078
chr10	47239913	47439913	harbor1	chr10	47288922	47289352	LTR/ERVL	1071	-	215	47289137	49224
chr10	47239913	47439913	harbor1	chr10	47289407	47289635	LTR/ERVL	588	-	114	47289521	49608
chr10	47239913	47439913	harbor1	chr10	47289772	47291524	LTR/ERVL	3736	-	876	47290648	50735
chr10	47239913	47439913	harbor1	chr10	47292217	47294169	LTR/ERVL	3214	-	976	47293193	53280
chr10	47239913	47439913	harbor1	chr10	47294660	47294754	LTR/ERVL	2500	-	47	47294707	54794
chr10	47239913	47439913	harbor1	chr10	47294793	47295124	LTR/ERVL	577	-	166	47294959	55046
chr10	69472286	69672286	harbor1	chr10	69500140	69500347	LTR/ERVL	715	-	104	69500244	27958
chr10	69472286	69672286	harbor1	chr10	69500421	69500847	LTR/ERVL	1588	-	213	69500634	28348
chr11	112678749	112878749	harbor1	chr11	112693412	112693645	LTR/ERVL	602	-	116	112693528	14779
chr11	112678749	112878749	harbor1	chr11	112693809	112694065	LTR/ERVL	498	-	128	112693937	15188
chr11	112678749	112878749	harbor1	chr11	112774850	112775032	LTR/ERVL	2453	-	91	112774941	96192
chr11	112678749	112878749	harbor1	chr11	112775400	112775622	LTR/ERVL	2453	-	111	112775511	96762
chr11	112678749	112878749	harbor1	chr11	112775882	112776204	LTR/ERVL	2453	-	161	112776043	97294
chr11	112678749	112878749	harbor1	chr11	112776292	112776666	LTR/ERVL	2453	-	187	112776479	97730
chr11	68642659	68842659	harbor1	chr11	68647780	68647905	LTR/ERVL	464	-	62	68647842	5183
chr11	68642659	68842659	harbor1	chr11	68664836	68665091	LTR/ERVL	549	-	128	68664964	22305
chr11	64537901	64737901	harbor1	chr11	64548170	64548471	LTR/ERVL	759	-	150	64548320	10419
chr11	64537901	64737901	harbor1	chr11	64571661	64572162	LTR/ERVL	1613	-	250	64571911	34010
chr11	64537901	64737901	harbor1	chr11	64599167	64599573	LTR/ERVL	826	-	203	64599370	61469
chr11	102246099	102446099	harbor1	chr11	102252983	102252994	LTR/ERVL	534	-	6	102252989	6890
chr11	102246099	102446099	harbor1	chr11	102253355	102253692	LTR/ERVL	534	-	168	102253523	7424
chr11	102246099	102446099	harbor1	chr11	102256361	102256652	LTR/ERVL	1331	-	146	102256507	10408
chr11	102246099	102446099	harbor1	chr11	102256954	102257211	LTR/ERVL	1331	-	128	102257082	10983
chr11	102246099	102446099	harbor1	chr11	102259441	102259599	LTR/ERVL	460	-	79	102259520	13421
chr11	102246099	102446099	harbor1	chr11	102259627	102259994	LTR/ERVL	1090	-	184	102259811	13712
chr11	102246099	102446099	harbor1	chr11	102260297	102260465	LTR/ERVL	1090	-	84	102260381	14282
chr11	102246099	102446099	harbor1	chr11	102273455	102273974	LTR/ERVL	1589	-	260	102273715	27616
chr11	102246099	102446099	harbor1	chr11	102274268	102274635	LTR/ERVL	2170	-	184	102274452	28353
chr11	102246099	102446099	harbor1	chr11	102274989	102275145	LTR/ERVL	2170	-	78	102275067	28968
chr11	102246099	102446099	harbor1	chr11	102275453	102275863	LTR/ERVL	2170	-	205	102275658	29559
chr11	102246099	102446099	harbor1	chr11	102287138	102287431	LTR/ERVL	1269	-	146	102287284	41185
chr11	102246099	102446099	harbor1	chr11	102289559	102289936	LTR/ERVL	1593	-	188	102289747	43648
chr11	2054543	2254543	harbor1	chr11	2072427	2072711	LTR/ERVL	439	-	142	2072569	18026
chr11	2054543	2254543	harbor1	chr11	2072924	2073468	LTR/ERVL	1304	-	272	2073196	18653
chr11	2054543	2254543	harbor1	chr11	2073854	2074191	LTR/ERVL	518	-	168	2074022	19479
chr11	2054543	2254543	harbor1	chr11	2075623	2075953	LTR/ERVL	970	-	165	2075788	21245
chr11	2054543	2254543	harbor1	chr11	2075983	2076294	LTR/ERVL	966	-	156	2076139	21596
chr11	2054543	2254543	harbor1	chr11	2076635	2076913	LTR/ERVL	966	-	139	2076774	22231
chr11	57399763	57599763	harbor1	chr11	57434795	57435351	LTR/ERVL	1606	-	278	57435073	35310
chr11	89682097	89882097	harbor1	chr11	89699507	89700228	LTR/ERVL	1738	-	360	89699867	17770
chr11	89682097	89882097	harbor1	chr11	89702995	89703191	LTR/ERVL	440	-	98	89703093	20996
chr11	119387210	119587210	harbor1	chr11	119426161	119426630	LTR/ERVL	2419	-	234	119426395	39185
chr11	119387210	119587210	harbor1	chr11	119431839	119432339	LTR/ERVL	2031	-	250	119432089	44879
chr11	2054521	2254521	harbor1	chr11	2072427	2072711	LTR/ERVL	439	-	142	2072569	18048
chr11	2054521	2254521	harbor1	chr11	2072924	2073468	LTR/ERVL	1304	-	272	2073196	18675
chr11	2054521	2254521	harbor1	chr11	2073854	2074191	LTR/ERVL	518	-	168	2074022	19501
chr11	2054521	2254521	harbor1	chr11	2075623	2075953	LTR/ERVL	970	-	165	2075788	21267
chr11	2054521	2254521	harbor1	chr11	2075983	2076294	LTR/ERVL	966	-	156	2076139	21618
chr11	2054521	2254521	harbor1	chr11	2076635	2076913	LTR/ERVL	966	-	139	2076774	22253
chr11	113773314	113973314	harbor1	chr11	113849951	113850064	LTR/ERVL	632	-	56	113850007	76693
chr11	113773314	113973314	harbor1	chr11	113864330	113864852	LTR/ERVL	2321	-	261	113864591	91277
chr11	108021540	108221540	harbor1	chr11	108032921	108033600	LTR/ERVL	2707	-	340	108033261	11721
chr11	108021540	108221540	harbor1	chr11	108034036	108034536	LTR/ERVL	2692	-	250	108034286	12746
chr11	108021540	108221540	harbor1	chr11	108034539	108035454	LTR/ERVL	10848	-	458	108034997	13457
chr11	108021540	108221540	harbor1	chr11	108036779	108037366	LTR/ERVL	10848	-	294	108037073	15533
chr11	108021540	108221540	harbor1	chr11	108037391	108037923	LTR/ERVL	2639	-	266	108037657	16117
chr11	108021540	108221540	harbor1	chr11	108035768	108036479	LTR/ERVL	10848	-	356	108036124	14584
chr11	57399760	57599760	harbor1	chr11	57434795	57435351	LTR/ERVL	1606	-	278	57435073	35313
chr11	57399762	57599762	harbor1	chr11	57434795	57435351	LTR/ERVL	1606	-	278	57435073	35311
chr11	108004348	108204348	harbor1	chr11	108032921	108033600	LTR/ERVL	2707	-	340	108033261	28913
chr11	108004348	108204348	harbor1	chr11	108034036	108034536	LTR/ERVL	2692	-	250	108034286	29938
chr11	108004348	108204348	harbor1	chr11	108034539	108035454	LTR/ERVL	10848	-	458	108034997	30649
chr11	108004348	108204348	harbor1	chr11	108036779	108037366	LTR/ERVL	10848	-	294	108037073	32725
chr11	108004348	108204348	harbor1	chr11	108037391	108037923	LTR/ERVL	2639	-	266	108037657	33309
chr11	108004348	108204348	harbor1	chr11	108035768	108036479	LTR/ERVL	10848	-	356	108036124	31776
chr11	65968777	66168777	harbor1	chr11	66031354	66031707	LTR/ERVL	843	-	176	66031530	62753
chr11	80398104	80598104	harbor1	chr11	80423917	80424359	LTR/ERVL	883	-	221	80424138	26034
chr11	80398104	80598104	harbor1	chr11	80484902	80485488	LTR/ERVL	1985	-	293	80485195	87091
chr11	91718101	91918101	harbor1	chr11	91743435	91743792	LTR/ERVL	560	-	178	91743613	25512
chr11	91718101	91918101	harbor1	chr11	91743810	91744024	LTR/ERVL	628	-	107	91743917	25816
chr11	91718101	91918101	harbor1	chr11	91744170	91745065	LTR/ERVL	1574	-	448	91744618	26517
chr11	91718101	91918101	harbor1	chr11	91758048	91758327	LTR/ERVL	736	-	140	91758188	40087
chr11	4695187	4895187	harbor1	chr11	4720468	4721187	LTR/ERVL	553	-	360	4720828	25641
chr11	4695187	4895187	harbor1	chr11	4729352	4729661	LTR/ERVL	765	-	154	4729506	34319
chr11	4695187	4895187	harbor1	chr11	4765468	4766285	LTR/ERVL	1358	-	408	4765876	70689
chr11	108021573	108221573	harbor1	chr11	108032921	108033600	LTR/ERVL	2707	-	340	108033261	11688
chr11	108021573	108221573	harbor1	chr11	108034036	108034536	LTR/ERVL	2692	-	250	108034286	12713
chr11	108021573	108221573	harbor1	chr11	108034539	108035454	LTR/ERVL	10848	-	458	108034997	13424
chr11	108021573	108221573	harbor1	chr11	108036779	108037366	LTR/ERVL	10848	-	294	108037073	15500
chr11	108021573	108221573	harbor1	chr11	108037391	108037923	LTR/ERVL	2639	-	266	108037657	16084
chr11	108021573	108221573	harbor1	chr11	108035768	108036479	LTR/ERVL	10848	-	356	108036124	14551
chr11	76580974	76780974	harbor1	chr11	76600126	76600524	LTR/ERVL	844	-	199	76600325	19351
chr11	76580974	76780974	harbor1	chr11	76601701	76602079	LTR/ERVL	1343	-	189	76601890	20916
chr11	76580974	76780974	harbor1	chr11	76639479	76639917	LTR/ERVL	1140	-	219	76639698	58724
chr11	2054541	2254541	harbor1	chr11	2072427	2072711	LTR/ERVL	439	-	142	2072569	18028
chr11	2054541	2254541	harbor1	chr11	2072924	2073468	LTR/ERVL	1304	-	272	2073196	18655
chr11	2054541	2254541	harbor1	chr11	2073854	2074191	LTR/ERVL	518	-	168	2074022	19481
chr11	2054541	2254541	harbor1	chr11	2075623	2075953	LTR/ERVL	970	-	165	2075788	21247
chr11	2054541	2254541	harbor1	chr11	2075983	2076294	LTR/ERVL	966	-	156	2076139	21598
chr11	2054541	2254541	harbor1	chr11	2076635	2076913	LTR/ERVL	966	-	139	2076774	22233
chr11	57374327	57574327	harbor1	chr11	57386735	57387106	LTR/ERVL	504	-	186	57386921	12594
chr11	57374327	57574327	harbor1	chr11	57434795	57435351	LTR/ERVL	1606	-	278	57435073	60746
chr11	10401686	10601686	harbor1	chr11	10428801	10429242	LTR/ERVL	1586	-	220	10429021	27335
chr11	10401686	10601686	harbor1	chr11	10462220	10462682	LTR/ERVL	1721	-	231	10462451	60765
chr11	10401686	10601686	harbor1	chr11	10481512	10482045	LTR/ERVL	3148	-	266	10481778	80092
chr11	34816228	35016228	harbor1	chr11	34817643	34817870	LTR/ERVL	2425	-	114	34817757	1529
chr11	34816228	35016228	harbor1	chr11	34820180	34820505	LTR/ERVL	2425	-	162	34820342	4114
chr11	34816228	35016228	harbor1	chr11	34838832	34839272	LTR/ERVL	1148	-	220	34839052	22824
chr11	34816228	35016228	harbor1	chr11	34865534	34865937	LTR/ERVL	1538	-	202	34865736	49508
chr11	34816228	35016228	harbor1	chr11	34866333	34866387	LTR/ERVL	641	-	27	34866360	50132
chr11	34816228	35016228	harbor1	chr11	34866388	34866837	LTR/ERVL	2355	-	224	34866612	50384
chr11	34816228	35016228	harbor1	chr11	34866838	34867555	LTR/ERVL	6923	-	358	34867196	50968
chr11	34816228	35016228	harbor1	chr11	34867715	34868659	LTR/ERVL	6923	-	472	34868187	51959
chr11	34816228	35016228	harbor1	chr11	34868937	34870375	LTR/ERVL	6923	-	719	34869656	53428
chr11	34816228	35016228	harbor1	chr11	34870380	34870478	LTR/ERVL	1314	-	49	34870429	54201
chr11	34816228	35016228	harbor1	chr11	34870592	34870913	LTR/ERVL	1314	-	160	34870752	54524
chr11	2052793	2252793	harbor1	chr11	2072427	2072711	LTR/ERVL	439	-	142	2072569	19776
chr11	2052793	2252793	harbor1	chr11	2072924	2073468	LTR/ERVL	1304	-	272	2073196	20403
chr11	2052793	2252793	harbor1	chr11	2073854	2074191	LTR/ERVL	518	-	168	2074022	21229
chr11	2052793	2252793	harbor1	chr11	2075623	2075953	LTR/ERVL	970	-	165	2075788	22995
chr11	2052793	2252793	harbor1	chr11	2075983	2076294	LTR/ERVL	966	-	156	2076139	23346
chr11	2052793	2252793	harbor1	chr11	2076635	2076913	LTR/ERVL	966	-	139	2076774	23981
chr11	118508487	118708487	harbor1	chr11	118587559	118588480	LTR/ERVL	3743	-	460	118588019	79532
chr11	123313642	123513642	harbor1	chr11	123382669	123382790	LTR/ERVL	478	-	60	123382729	69087
chr11	123313642	123513642	harbor1	chr11	123382804	123383035	LTR/ERVL	737	-	116	123382920	69278
chr11	76580440	76780440	harbor1	chr11	76600126	76600524	LTR/ERVL	844	-	199	76600325	19885
chr11	76580440	76780440	harbor1	chr11	76601701	76602079	LTR/ERVL	1343	-	189	76601890	21450
chr11	76580440	76780440	harbor1	chr11	76639479	76639917	LTR/ERVL	1140	-	219	76639698	59258
chr11	133733693	133933693	harbor1	chr11	133771961	133772104	LTR/ERVL	2733	-	72	133772033	38340
chr11	133733693	133933693	harbor1	chr11	133772405	133772782	LTR/ERVL	2733	-	188	133772593	38900
chr11	107465643	107665643	harbor1	chr11	107473202	107473744	LTR/ERVL	1972	-	271	107473473	7830
chr11	107465643	107665643	harbor1	chr11	107490869	107491959	LTR/ERVL	5409	-	545	107491414	25771
chr11	107465643	107665643	harbor1	chr11	107497326	107497422	LTR/ERVL	2365	-	48	107497374	31731
chr11	107465643	107665643	harbor1	chr11	107498082	107498122	LTR/ERVL	2365	-	20	107498102	32459
chr11	107465643	107665643	harbor1	chr11	107498436	107498843	LTR/ERVL	2365	-	204	107498640	32997
chr11	107465643	107665643	harbor1	chr11	107499126	107499484	LTR/ERVL	2142	-	179	107499305	33662
chr11	107465643	107665643	harbor1	chr11	107536433	107537083	LTR/ERVL	3068	-	325	107536758	71115
chr11	108021539	108221539	harbor1	chr11	108032921	108033600	LTR/ERVL	2707	-	340	108033261	11722
chr11	108021539	108221539	harbor1	chr11	108034036	108034536	LTR/ERVL	2692	-	250	108034286	12747
chr11	108021539	108221539	harbor1	chr11	108034539	108035454	LTR/ERVL	10848	-	458	108034997	13458
chr11	108021539	108221539	harbor1	chr11	108036779	108037366	LTR/ERVL	10848	-	294	108037073	15534
chr11	108021539	108221539	harbor1	chr11	108037391	108037923	LTR/ERVL	2639	-	266	108037657	16118
chr11	108021539	108221539	harbor1	chr11	108035768	108036479	LTR/ERVL	10848	-	356	108036124	14585
chr11	64538073	64738073	harbor1	chr11	64548170	64548471	LTR/ERVL	759	-	150	64548320	10247
chr11	64538073	64738073	harbor1	chr11	64571661	64572162	LTR/ERVL	1613	-	250	64571911	33838
chr11	64538073	64738073	harbor1	chr11	64599167	64599573	LTR/ERVL	826	-	203	64599370	61297
chr11	117886632	118086632	harbor1	chr11	117957480	117958025	LTR/ERVL	2002	-	272	117957752	71120
chr11	69539230	69739230	harbor1	chr11	69546464	69546568	LTR/ERVL	430	-	52	69546516	7286
chr11	69539230	69739230	harbor1	chr11	69572539	69572872	LTR/ERVL	425	-	166	69572705	33475
chr11	69539230	69739230	harbor1	chr11	69581448	69581834	LTR/ERVL	1742	-	193	69581641	42411
chr11	69539230	69739230	harbor1	chr11	69606279	69606769	LTR/ERVL	727	-	245	69606524	67294
chr11	69539230	69739230	harbor1	chr11	69609135	69609874	LTR/ERVL	1630	-	370	69609505	70275
chr11	69539230	69739230	harbor1	chr11	69610208	69610466	LTR/ERVL	463	-	129	69610337	71107
chr11	6512326	6712326	harbor1	chr11	6592816	6592971	LTR/ERVL	625	-	78	6592894	80568
chr11	57394202	57594202	harbor1	chr11	57434795	57435351	LTR/ERVL	1606	-	278	57435073	40871
chr11	6201318	6401318	harbor1	chr11	6257499	6257940	LTR/ERVL	2044	-	220	6257719	56401
chr11	57383305	57583305	harbor1	chr11	57386735	57387106	LTR/ERVL	504	-	186	57386921	3616
chr11	57383305	57583305	harbor1	chr11	57434795	57435351	LTR/ERVL	1606	-	278	57435073	51768
chr11	12139700	12339700	harbor1	chr11	12211668	12212192	LTR/ERVL	2309	-	262	12211930	72230
chr11	6512331	6712331	harbor1	chr11	6592816	6592971	LTR/ERVL	625	-	78	6592894	80563
chr11	107914515	108114515	harbor1	chr11	107953496	107954068	LTR/ERVL	1361	-	286	107953782	39267
chr11	107914515	108114515	harbor1	chr11	107954834	107954987	LTR/ERVL	1298	-	76	107954910	40395
chr11	107914515	108114515	harbor1	chr11	107955297	107955569	LTR/ERVL	1298	-	136	107955433	40918
chr11	107914515	108114515	harbor1	chr11	107955873	107956036	LTR/ERVL	1298	-	82	107955955	41440
chr11	107914515	108114515	harbor1	chr11	107960547	107961029	LTR/ERVL	1628	-	241	107960788	46273
chr11	107914515	108114515	harbor1	chr11	107973286	107973784	LTR/ERVL	2211	-	249	107973535	59020
chr11	107914515	108114515	harbor1	chr11	107973785	107974337	LTR/ERVL	3146	-	276	107974061	59546
chr11	107914515	108114515	harbor1	chr11	107974338	107974465	LTR/ERVL	2211	-	64	107974402	59887
chr11	107914515	108114515	harbor1	chr11	107974532	107974787	LTR/ERVL	1037	-	128	107974660	60145
chr11	107914515	108114515	harbor1	chr11	107976351	107977203	LTR/ERVL	3514	-	426	107976777	62262
chr11	107914515	108114515	harbor1	chr11	107977266	107977623	LTR/ERVL	3514	-	178	107977444	62929
chr11	107914515	108114515	harbor1	chr11	107987803	107988514	LTR/ERVL	3408	-	356	107988159	73644
chr11	107914515	108114515	harbor1	chr11	107990605	107990942	LTR/ERVL	3717	-	168	107990773	76258
chr11	107914515	108114515	harbor1	chr11	107991243	107991440	LTR/ERVL	3717	-	98	107991341	76826
chr11	107914515	108114515	harbor1	chr11	107991740	107991771	LTR/ERVL	3717	-	16	107991756	77241
chr11	107914515	108114515	harbor1	chr11	107991772	107992231	LTR/ERVL	1865	-	230	107992002	77487
chr11	107914515	108114515	harbor1	chr11	107992232	107992662	LTR/ERVL	3717	-	215	107992447	77932
chr11	107914515	108114515	harbor1	chr11	107993003	107993039	LTR/ERVL	3717	-	18	107993021	78506
chr11	107914515	108114515	harbor1	chr11	107993345	107993673	LTR/ERVL	3717	-	164	107993509	78994
chr11	107914515	108114515	harbor1	chr11	107996217	107996371	LTR/ERVL	659	-	77	107996294	81779
chr11	107914515	108114515	harbor1	chr11	108002218	108002720	LTR/ERVL	1696	-	251	108002469	87954
chr11	107914515	108114515	harbor1	chr11	107986921	107987490	LTR/ERVL	3408	-	284	107987205	72690
chr11	731095	931095	harbor1	chr11	737620	738343	LTR/ERVL	2649	-	362	737982	6887
chr11	731095	931095	harbor1	chr11	738722	738843	LTR/ERVL	437	-	60	738782	7687
chr11	64537994	64737994	harbor1	chr11	64548170	64548471	LTR/ERVL	759	-	150	64548320	10326
chr11	64537994	64737994	harbor1	chr11	64571661	64572162	LTR/ERVL	1613	-	250	64571911	33917
chr11	64537994	64737994	harbor1	chr11	64599167	64599573	LTR/ERVL	826	-	203	64599370	61376
chr11	76580499	76780499	harbor1	chr11	76600126	76600524	LTR/ERVL	844	-	199	76600325	19826
chr11	76580499	76780499	harbor1	chr11	76601701	76602079	LTR/ERVL	1343	-	189	76601890	21391
chr11	76580499	76780499	harbor1	chr11	76639479	76639917	LTR/ERVL	1140	-	219	76639698	59199
chr11	76580347	76780347	harbor1	chr11	76600126	76600524	LTR/ERVL	844	-	199	76600325	19978
chr11	76580347	76780347	harbor1	chr11	76601701	76602079	LTR/ERVL	1343	-	189	76601890	21543
chr11	76580347	76780347	harbor1	chr11	76639479	76639917	LTR/ERVL	1140	-	219	76639698	59351
chr11	76580972	76780972	harbor1	chr11	76600126	76600524	LTR/ERVL	844	-	199	76600325	19353
chr11	76580972	76780972	harbor1	chr11	76601701	76602079	LTR/ERVL	1343	-	189	76601890	20918
chr11	76580972	76780972	harbor1	chr11	76639479	76639917	LTR/ERVL	1140	-	219	76639698	58726
chr11	6201420	6401420	harbor1	chr11	6257499	6257940	LTR/ERVL	2044	-	220	6257719	56299
chr11	108021633	108221633	harbor1	chr11	108032921	108033600	LTR/ERVL	2707	-	340	108033261	11628
chr11	108021633	108221633	harbor1	chr11	108034036	108034536	LTR/ERVL	2692	-	250	108034286	12653
chr11	108021633	108221633	harbor1	chr11	108034539	108035454	LTR/ERVL	10848	-	458	108034997	13364
chr11	108021633	108221633	harbor1	chr11	108036779	108037366	LTR/ERVL	10848	-	294	108037073	15440
chr11	108021633	108221633	harbor1	chr11	108037391	108037923	LTR/ERVL	2639	-	266	108037657	16024
chr11	108021633	108221633	harbor1	chr11	108035768	108036479	LTR/ERVL	10848	-	356	108036124	14491
chr11	19099393	19299393	harbor1	chr11	19105174	19105580	LTR/ERVL	1783	-	203	19105377	5984
chr11	6201346	6401346	harbor1	chr11	6257499	6257940	LTR/ERVL	2044	-	220	6257719	56373
chr11	75668477	75868477	harbor1	chr11	75732264	75732467	LTR/ERVL	547	-	102	75732366	63889
chr11	4514263	4714263	harbor1	chr11	4543257	4543660	LTR/ERVL	832	-	202	4543459	29196
chr11	4514263	4714263	harbor1	chr11	4576987	4577401	LTR/ERVL	1149	-	207	4577194	62931
chr11	4514263	4714263	harbor1	chr11	4577458	4578037	LTR/ERVL	3559	-	290	4577748	63485
chr11	73042808	73242808	harbor1	chr11	73101858	73102045	LTR/ERVL	830	-	94	73101952	59144
chr11	73042808	73242808	harbor1	chr11	73115554	73115982	LTR/ERVL	2151	-	214	73115768	72960
chr11	119007536	119207536	harbor1	chr11	119007814	119008101	LTR/ERVL	1249	-	144	119007958	422
chr11	119007536	119207536	harbor1	chr11	119009426	119009710	LTR/ERVL	1299	-	142	119009568	2032
chr11	69539219	69739219	harbor1	chr11	69546464	69546568	LTR/ERVL	430	-	52	69546516	7297
chr11	69539219	69739219	harbor1	chr11	69572539	69572872	LTR/ERVL	425	-	166	69572705	33486
chr11	69539219	69739219	harbor1	chr11	69581448	69581834	LTR/ERVL	1742	-	193	69581641	42422
chr11	69539219	69739219	harbor1	chr11	69606279	69606769	LTR/ERVL	727	-	245	69606524	67305
chr11	69539219	69739219	harbor1	chr11	69609135	69609874	LTR/ERVL	1630	-	370	69609505	70286
chr11	69539219	69739219	harbor1	chr11	69610208	69610466	LTR/ERVL	463	-	129	69610337	71118
chr11	76581035	76781035	harbor1	chr11	76600126	76600524	LTR/ERVL	844	-	199	76600325	19290
chr11	76581035	76781035	harbor1	chr11	76601701	76602079	LTR/ERVL	1343	-	189	76601890	20855
chr11	76581035	76781035	harbor1	chr11	76639479	76639917	LTR/ERVL	1140	-	219	76639698	58663
chr11	305556	505556	harbor1	chr11	334344	334481	LTR/ERVL	618	-	68	334412	28856
chr11	65513352	65713352	harbor1	chr11	65561183	65561450	LTR/ERVL	488	-	134	65561317	47965
chr11	65513352	65713352	harbor1	chr11	65566857	65567213	LTR/ERVL	1547	-	178	65567035	53683
chr11	63803202	64003202	harbor1	chr11	63811247	63811284	LTR/ERVL	1919	-	18	63811265	8063
chr11	63803202	64003202	harbor1	chr11	63811588	63812080	LTR/ERVL	1919	-	246	63811834	8632
chr11	63803202	64003202	harbor1	chr11	63830564	63830866	LTR/ERVL	2693	-	151	63830715	27513
chr11	63803202	64003202	harbor1	chr11	63831162	63831672	LTR/ERVL	2693	-	255	63831417	28215
chr11	69539220	69739220	harbor1	chr11	69546464	69546568	LTR/ERVL	430	-	52	69546516	7296
chr11	69539220	69739220	harbor1	chr11	69572539	69572872	LTR/ERVL	425	-	166	69572705	33485
chr11	69539220	69739220	harbor1	chr11	69581448	69581834	LTR/ERVL	1742	-	193	69581641	42421
chr11	69539220	69739220	harbor1	chr11	69606279	69606769	LTR/ERVL	727	-	245	69606524	67304
chr11	69539220	69739220	harbor1	chr11	69609135	69609874	LTR/ERVL	1630	-	370	69609505	70285
chr11	69539220	69739220	harbor1	chr11	69610208	69610466	LTR/ERVL	463	-	129	69610337	71117
chr11	682053	882053	harbor1	chr11	737620	738343	LTR/ERVL	2649	-	362	737982	55929
chr11	682053	882053	harbor1	chr11	738722	738843	LTR/ERVL	437	-	60	738782	56729
chr11	1448331	1648331	harbor1	chr11	1539569	1540013	LTR/ERVL	681	-	222	1539791	91460
chr11	2062911	2262911	harbor1	chr11	2072427	2072711	LTR/ERVL	439	-	142	2072569	9658
chr11	2062911	2262911	harbor1	chr11	2072924	2073468	LTR/ERVL	1304	-	272	2073196	10285
chr11	2062911	2262911	harbor1	chr11	2073854	2074191	LTR/ERVL	518	-	168	2074022	11111
chr11	2062911	2262911	harbor1	chr11	2075623	2075953	LTR/ERVL	970	-	165	2075788	12877
chr11	2062911	2262911	harbor1	chr11	2075983	2076294	LTR/ERVL	966	-	156	2076139	13228
chr11	2062911	2262911	harbor1	chr11	2076635	2076913	LTR/ERVL	966	-	139	2076774	13863
chr11	3125267	3325267	harbor1	chr11	3223874	3224369	LTR/ERVL	1676	-	248	3224122	98855
chr11	69498462	69698462	harbor1	chr11	69546464	69546568	LTR/ERVL	430	-	52	69546516	48054
chr11	69498462	69698462	harbor1	chr11	69572539	69572872	LTR/ERVL	425	-	166	69572705	74243
chr11	69498462	69698462	harbor1	chr11	69581448	69581834	LTR/ERVL	1742	-	193	69581641	83179
chr11	65969885	66169885	harbor1	chr11	66031354	66031707	LTR/ERVL	843	-	176	66031530	61645
chr11	69575154	69775154	harbor1	chr11	69581448	69581834	LTR/ERVL	1742	-	193	69581641	6487
chr11	69575154	69775154	harbor1	chr11	69606279	69606769	LTR/ERVL	727	-	245	69606524	31370
chr11	69575154	69775154	harbor1	chr11	69609135	69609874	LTR/ERVL	1630	-	370	69609505	34351
chr11	69575154	69775154	harbor1	chr11	69610208	69610466	LTR/ERVL	463	-	129	69610337	35183
chr11	31723675	31923675	harbor1	chr11	31773266	31773791	LTR/ERVL	857	-	262	31773528	49853
chr11	33157309	33357309	harbor1	chr11	33177752	33178148	LTR/ERVL	1774	-	198	33177950	20641
chr11	33157309	33357309	harbor1	chr11	33182191	33182804	LTR/ERVL	2816	-	306	33182497	25188
chr11	77964208	78164208	harbor1	chr11	77998390	77998542	LTR/ERVL	410	-	76	77998466	34258
chr11	77964208	78164208	harbor1	chr11	77998687	77999010	LTR/ERVL	1087	-	162	77998849	34641
chr11	77964208	78164208	harbor1	chr11	77999580	77999824	LTR/ERVL	497	-	122	77999702	35494
chr11	77964208	78164208	harbor1	chr11	78000005	78000351	LTR/ERVL	1406	-	173	78000178	35970
chr11	77964208	78164208	harbor1	chr11	78015692	78015902	LTR/ERVL	842	-	105	78015797	51589
chr11	77964208	78164208	harbor1	chr11	78025157	78025546	LTR/ERVL	3009	-	194	78025351	61143
chr11	6512394	6712394	harbor1	chr11	6592816	6592971	LTR/ERVL	625	-	78	6592894	80500
chr11	64537959	64737959	harbor1	chr11	64548170	64548471	LTR/ERVL	759	-	150	64548320	10361
chr11	64537959	64737959	harbor1	chr11	64571661	64572162	LTR/ERVL	1613	-	250	64571911	33952
chr11	64537959	64737959	harbor1	chr11	64599167	64599573	LTR/ERVL	826	-	203	64599370	61411
chr11	1289639	1489639	harbor1	chr11	1323737	1324117	LTR/ERVL	1013	-	190	1323927	34288
chr11	1289639	1489639	harbor1	chr11	1360002	1360912	LTR/ERVL	1019	-	455	1360457	70818
chr11	1289639	1489639	harbor1	chr11	1361084	1361559	LTR/ERVL	1230	-	238	1361322	71683
chr11	1289639	1489639	harbor1	chr11	1361771	1362316	LTR/ERVL	1399	-	272	1362043	72404
chr11	1289639	1489639	harbor1	chr11	1362828	1362982	LTR/ERVL	515	-	77	1362905	73266
chr11	1289639	1489639	harbor1	chr11	1363334	1363460	LTR/ERVL	515	-	63	1363397	73758
chr11	1289639	1489639	harbor1	chr11	1363628	1363977	LTR/ERVL	643	-	174	1363802	74163
chr11	1289639	1489639	harbor1	chr11	1364024	1364808	LTR/ERVL	1396	-	392	1364416	74777
chr11	1289639	1489639	harbor1	chr11	1364811	1364955	LTR/ERVL	446	-	72	1364883	75244
chr11	6201311	6401311	harbor1	chr11	6257499	6257940	LTR/ERVL	2044	-	220	6257719	56408
chr11	113773432	113973432	harbor1	chr11	113849951	113850064	LTR/ERVL	632	-	56	113850007	76575
chr11	113773432	113973432	harbor1	chr11	113864330	113864852	LTR/ERVL	2321	-	261	113864591	91159
chr11	68880548	69080548	harbor1	chr11	68880629	68880781	LTR/ERVL	454	-	76	68880705	157
chr11	68880548	69080548	harbor1	chr11	68880816	68880912	LTR/ERVL	465	-	48	68880864	316
chr11	2705362	2905362	harbor1	chr11	2727572	2727757	LTR/ERVL	421	-	92	2727664	22302
chr11	3984543	4184543	harbor1	chr11	4026486	4027182	LTR/ERVL	1573	-	348	4026834	42291
chr11	76580334	76780334	harbor1	chr11	76600126	76600524	LTR/ERVL	844	-	199	76600325	19991
chr11	76580334	76780334	harbor1	chr11	76601701	76602079	LTR/ERVL	1343	-	189	76601890	21556
chr11	76580334	76780334	harbor1	chr11	76639479	76639917	LTR/ERVL	1140	-	219	76639698	59364
chr11	64538041	64738041	harbor1	chr11	64548170	64548471	LTR/ERVL	759	-	150	64548320	10279
chr11	64538041	64738041	harbor1	chr11	64571661	64572162	LTR/ERVL	1613	-	250	64571911	33870
chr11	64538041	64738041	harbor1	chr11	64599167	64599573	LTR/ERVL	826	-	203	64599370	61329
chr11	69539244	69739244	harbor1	chr11	69546464	69546568	LTR/ERVL	430	-	52	69546516	7272
chr11	69539244	69739244	harbor1	chr11	69572539	69572872	LTR/ERVL	425	-	166	69572705	33461
chr11	69539244	69739244	harbor1	chr11	69581448	69581834	LTR/ERVL	1742	-	193	69581641	42397
chr11	69539244	69739244	harbor1	chr11	69606279	69606769	LTR/ERVL	727	-	245	69606524	67280
chr11	69539244	69739244	harbor1	chr11	69609135	69609874	LTR/ERVL	1630	-	370	69609505	70261
chr11	69539244	69739244	harbor1	chr11	69610208	69610466	LTR/ERVL	463	-	129	69610337	71093
chr11	7933373	8133373	harbor1	chr11	8008168	8008373	LTR/ERVL	441	-	102	8008270	74897
chr11	7933373	8133373	harbor1	chr11	8008792	8009505	LTR/ERVL	2337	-	356	8009148	75775
chr11	7933373	8133373	harbor1	chr11	8009806	8011137	LTR/ERVL	2337	-	666	8010472	77099
chr11	7933373	8133373	harbor1	chr11	8011238	8011309	LTR/ERVL	1060	-	36	8011274	77901
chr11	7933373	8133373	harbor1	chr11	8029149	8029338	LTR/ERVL	693	-	94	8029243	95870
chr11	7933373	8133373	harbor1	chr11	8011529	8011854	LTR/ERVL	1060	-	162	8011691	78318
chr11	122556267	122756267	harbor1	chr11	122578069	122578749	LTR/ERVL	1310	-	340	122578409	22142
chr11	122556267	122756267	harbor1	chr11	122609901	122610324	LTR/ERVL	1662	-	212	122610113	53846
chr11	122556267	122756267	harbor1	chr11	122622909	122623047	LTR/ERVL	457	-	69	122622978	66711
chr11	122556267	122756267	harbor1	chr11	122629318	122629454	LTR/ERVL	454	-	68	122629386	73119
chr11	76580627	76780627	harbor1	chr11	76600126	76600524	LTR/ERVL	844	-	199	76600325	19698
chr11	76580627	76780627	harbor1	chr11	76601701	76602079	LTR/ERVL	1343	-	189	76601890	21263
chr11	76580627	76780627	harbor1	chr11	76639479	76639917	LTR/ERVL	1140	-	219	76639698	59071
chr11	76575076	76775076	harbor1	chr11	76600126	76600524	LTR/ERVL	844	-	199	76600325	25249
chr11	76575076	76775076	harbor1	chr11	76601701	76602079	LTR/ERVL	1343	-	189	76601890	26814
chr11	76575076	76775076	harbor1	chr11	76639479	76639917	LTR/ERVL	1140	-	219	76639698	64622
chr11	76580968	76780968	harbor1	chr11	76600126	76600524	LTR/ERVL	844	-	199	76600325	19357
chr11	76580968	76780968	harbor1	chr11	76601701	76602079	LTR/ERVL	1343	-	189	76601890	20922
chr11	76580968	76780968	harbor1	chr11	76639479	76639917	LTR/ERVL	1140	-	219	76639698	58730
chr11	31723667	31923667	harbor1	chr11	31773266	31773791	LTR/ERVL	857	-	262	31773528	49861
chr11	3160998	3360998	harbor1	chr11	3223874	3224369	LTR/ERVL	1676	-	248	3224122	63124
chr11	2054535	2254535	harbor1	chr11	2072427	2072711	LTR/ERVL	439	-	142	2072569	18034
chr11	2054535	2254535	harbor1	chr11	2072924	2073468	LTR/ERVL	1304	-	272	2073196	18661
chr11	2054535	2254535	harbor1	chr11	2073854	2074191	LTR/ERVL	518	-	168	2074022	19487
chr11	2054535	2254535	harbor1	chr11	2075623	2075953	LTR/ERVL	970	-	165	2075788	21253
chr11	2054535	2254535	harbor1	chr11	2075983	2076294	LTR/ERVL	966	-	156	2076139	21604
chr11	2054535	2254535	harbor1	chr11	2076635	2076913	LTR/ERVL	966	-	139	2076774	22239
chr11	65286790	65486790	harbor1	chr11	65329893	65330160	LTR/ERVL	741	-	134	65330027	43237
chr11	64537966	64737966	harbor1	chr11	64548170	64548471	LTR/ERVL	759	-	150	64548320	10354
chr11	64537966	64737966	harbor1	chr11	64571661	64572162	LTR/ERVL	1613	-	250	64571911	33945
chr11	64537966	64737966	harbor1	chr11	64599167	64599573	LTR/ERVL	826	-	203	64599370	61404
chr11	65476337	65676337	harbor1	chr11	65561183	65561450	LTR/ERVL	488	-	134	65561317	84980
chr11	65476337	65676337	harbor1	chr11	65566857	65567213	LTR/ERVL	1547	-	178	65567035	90698
chr11	64348428	64548428	harbor1	chr11	64400005	64400421	LTR/ERVL	1383	-	208	64400213	51785
chr11	64348428	64548428	harbor1	chr11	64442028	64442290	LTR/ERVL	613	-	131	64442159	93731
chr11	1472008	1672008	harbor1	chr11	1539569	1540013	LTR/ERVL	681	-	222	1539791	67783
chr11	69112726	69312726	harbor1	chr11	69144219	69144768	LTR/ERVL	2869	-	274	69144493	31767
chr11	69112726	69312726	harbor1	chr11	69171404	69171834	LTR/ERVL	1273	-	215	69171619	58893
chr11	69112726	69312726	harbor1	chr11	69172199	69172227	LTR/ERVL	1273	-	14	69172213	59487
chr11	69112726	69312726	harbor1	chr11	69172736	69172912	LTR/ERVL	703	-	88	69172824	60098
chr11	69539269	69739269	harbor1	chr11	69546464	69546568	LTR/ERVL	430	-	52	69546516	7247
chr11	69539269	69739269	harbor1	chr11	69572539	69572872	LTR/ERVL	425	-	166	69572705	33436
chr11	69539269	69739269	harbor1	chr11	69581448	69581834	LTR/ERVL	1742	-	193	69581641	42372
chr11	69539269	69739269	harbor1	chr11	69606279	69606769	LTR/ERVL	727	-	245	69606524	67255
chr11	69539269	69739269	harbor1	chr11	69609135	69609874	LTR/ERVL	1630	-	370	69609505	70236
chr11	69539269	69739269	harbor1	chr11	69610208	69610466	LTR/ERVL	463	-	129	69610337	71068
chr11	19613809	19813809	harbor1	chr11	19694082	19694500	LTR/ERVL	992	-	209	19694291	80482
chr11	680085	880085	harbor1	chr11	737620	738343	LTR/ERVL	2649	-	362	737982	57897
chr11	680085	880085	harbor1	chr11	738722	738843	LTR/ERVL	437	-	60	738782	58697
chr11	1289622	1489622	harbor1	chr11	1323737	1324117	LTR/ERVL	1013	-	190	1323927	34305
chr11	1289622	1489622	harbor1	chr11	1360002	1360912	LTR/ERVL	1019	-	455	1360457	70835
chr11	1289622	1489622	harbor1	chr11	1361084	1361559	LTR/ERVL	1230	-	238	1361322	71700
chr11	1289622	1489622	harbor1	chr11	1361771	1362316	LTR/ERVL	1399	-	272	1362043	72421
chr11	1289622	1489622	harbor1	chr11	1362828	1362982	LTR/ERVL	515	-	77	1362905	73283
chr11	1289622	1489622	harbor1	chr11	1363334	1363460	LTR/ERVL	515	-	63	1363397	73775
chr11	1289622	1489622	harbor1	chr11	1363628	1363977	LTR/ERVL	643	-	174	1363802	74180
chr11	1289622	1489622	harbor1	chr11	1364024	1364808	LTR/ERVL	1396	-	392	1364416	74794
chr11	1289622	1489622	harbor1	chr11	1364811	1364955	LTR/ERVL	446	-	72	1364883	75261
chr11	64538002	64738002	harbor1	chr11	64548170	64548471	LTR/ERVL	759	-	150	64548320	10318
chr11	64538002	64738002	harbor1	chr11	64571661	64572162	LTR/ERVL	1613	-	250	64571911	33909
chr11	64538002	64738002	harbor1	chr11	64599167	64599573	LTR/ERVL	826	-	203	64599370	61368
chr12	49266683	49466683	harbor1	chr12	49314789	49315343	LTR/ERVL	2307	-	277	49315066	48383
chr12	49267301	49467301	harbor1	chr12	49314789	49315343	LTR/ERVL	2307	-	277	49315066	47765
chr12	49267230	49467230	harbor1	chr12	49314789	49315343	LTR/ERVL	2307	-	277	49315066	47836
chr12	6863305	7063305	harbor1	chr12	6907721	6908244	LTR/ERVL	2490	-	262	6907983	44678
chr12	6863305	7063305	harbor1	chr12	6908845	6909022	LTR/ERVL	808	-	88	6908933	45628
chr12	49267240	49467240	harbor1	chr12	49314789	49315343	LTR/ERVL	2307	-	277	49315066	47826
chr12	49267271	49467271	harbor1	chr12	49314789	49315343	LTR/ERVL	2307	-	277	49315066	47795
chr12	6863247	7063247	harbor1	chr12	6907721	6908244	LTR/ERVL	2490	-	262	6907983	44736
chr12	6863247	7063247	harbor1	chr12	6908845	6909022	LTR/ERVL	808	-	88	6908933	45686
chr12	110180833	110380833	harbor1	chr12	110181780	110182194	LTR/ERVL	1746	-	207	110181987	1154
chr12	110180833	110380833	harbor1	chr12	110183779	110184068	LTR/ERVL	1368	-	144	110183923	3090
chr12	110180833	110380833	harbor1	chr12	110184370	110184510	LTR/ERVL	1368	-	70	110184440	3607
chr12	110180833	110380833	harbor1	chr12	110184511	110184980	LTR/ERVL	2273	-	234	110184745	3912
chr12	110180833	110380833	harbor1	chr12	110184981	110185127	LTR/ERVL	1368	-	73	110185054	4221
chr12	110180833	110380833	harbor1	chr12	110258778	110259067	LTR/ERVL	1649	-	144	110258922	78089
chr12	110180833	110380833	harbor1	chr12	110259367	110259495	LTR/ERVL	1649	-	64	110259431	78598
chr12	110180833	110380833	harbor1	chr12	110182195	110183783	LTR/ERVL	3370	-	794	110182989	2156
chr12	6863232	7063232	harbor1	chr12	6907721	6908244	LTR/ERVL	2490	-	262	6907983	44751
chr12	6863232	7063232	harbor1	chr12	6908845	6909022	LTR/ERVL	808	-	88	6908933	45701
chr12	10112880	10312880	harbor1	chr12	10205448	10205892	LTR/ERVL	1250	-	222	10205670	92790
chr12	49267257	49467257	harbor1	chr12	49314789	49315343	LTR/ERVL	2307	-	277	49315066	47809
chr12	49195916	49395916	harbor1	chr12	49238266	49238648	LTR/ERVL	1569	-	191	49238457	42541
chr12	49195916	49395916	harbor1	chr12	49238769	49239334	LTR/ERVL	1717	-	282	49239051	43135
chr12	49195916	49395916	harbor1	chr12	49254513	49254940	LTR/ERVL	1256	-	214	49254727	58811
chr12	49267229	49467229	harbor1	chr12	49314789	49315343	LTR/ERVL	2307	-	277	49315066	47837
chr12	12257335	12457335	harbor1	chr12	12281029	12281391	LTR/ERVL	1541	-	181	12281210	23875
chr12	12257335	12457335	harbor1	chr12	12294417	12294919	LTR/ERVL	1778	-	251	12294668	37333
chr12	12257335	12457335	harbor1	chr12	12296962	12297013	LTR/ERVL	2794	-	26	12296988	39653
chr12	12257335	12457335	harbor1	chr12	12297067	12297600	LTR/ERVL	2794	-	266	12297333	39998
chr12	12257335	12457335	harbor1	chr12	12340951	12341492	LTR/ERVL	1638	-	270	12341221	83886
chr12	49266901	49466901	harbor1	chr12	49314789	49315343	LTR/ERVL	2307	-	277	49315066	48165
chr12	49267266	49467266	harbor1	chr12	49314789	49315343	LTR/ERVL	2307	-	277	49315066	47800
chr12	68421784	68621784	harbor1	chr12	68463666	68464376	LTR/ERVL	2745	-	355	68464021	42237
chr12	6863318	7063318	harbor1	chr12	6907721	6908244	LTR/ERVL	2490	-	262	6907983	44665
chr12	6863318	7063318	harbor1	chr12	6908845	6909022	LTR/ERVL	808	-	88	6908933	45615
chr12	130738919	130938919	harbor1	chr12	130759792	130760118	LTR/ERVL	731	-	163	130759955	21036
chr12	130738919	130938919	harbor1	chr12	130774210	130774229	LTR/ERVL	646	-	10	130774220	35301
chr12	130738919	130938919	harbor1	chr12	130774538	130774785	LTR/ERVL	646	-	124	130774662	35743
chr12	130738919	130938919	harbor1	chr12	130806215	130806675	LTR/ERVL	812	-	230	130806445	67526
chr12	130061504	130261504	harbor1	chr12	130138967	130139235	LTR/ERVL	876	-	134	130139101	77597
chr12	130061504	130261504	harbor1	chr12	130150955	130151307	LTR/ERVL	1223	-	176	130151131	89627
chr12	6863293	7063293	harbor1	chr12	6907721	6908244	LTR/ERVL	2490	-	262	6907983	44690
chr12	6863293	7063293	harbor1	chr12	6908845	6909022	LTR/ERVL	808	-	88	6908933	45640
chr12	69779300	69979300	harbor1	chr12	69785325	69785806	LTR/ERVL	1366	-	240	69785565	6265
chr12	92828990	93028990	harbor1	chr12	92904396	92905249	LTR/ERVL	2778	-	426	92904822	75832
chr12	89254167	89454167	harbor1	chr12	89276883	89277169	LTR/ERVL	1082	-	143	89277026	22859
chr12	89254167	89454167	harbor1	chr12	89288714	89288790	LTR/ERVL	2020	-	38	89288752	34585
chr12	89254167	89454167	harbor1	chr12	89288829	89289246	LTR/ERVL	2020	-	208	89289037	34870
chr12	89254167	89454167	harbor1	chr12	89291782	89292165	LTR/ERVL	757	-	192	89291974	37807
chr12	53851036	54051036	harbor1	chr12	53914224	53914569	LTR/ERVL	1147	-	172	53914396	63360
chr12	1496692	1696692	harbor1	chr12	1570123	1570442	LTR/ERVL	780	-	160	1570283	73591
chr12	6863233	7063233	harbor1	chr12	6907721	6908244	LTR/ERVL	2490	-	262	6907983	44750
chr12	6863233	7063233	harbor1	chr12	6908845	6909022	LTR/ERVL	808	-	88	6908933	45700
chr12	49267212	49467212	harbor1	chr12	49314789	49315343	LTR/ERVL	2307	-	277	49315066	47854
chr12	10623688	10823688	harbor1	chr12	10684437	10684878	LTR/ERVL	1753	-	220	10684657	60969
chr12	10623688	10823688	harbor1	chr12	10684879	10685107	LTR/ERVL	3666	-	114	10684993	61305
chr12	10623688	10823688	harbor1	chr12	10685447	10685907	LTR/ERVL	3666	-	230	10685677	61989
chr12	10623688	10823688	harbor1	chr12	10685906	10687208	LTR/ERVL	7459	-	651	10686557	62869
chr12	10623688	10823688	harbor1	chr12	10688198	10690704	LTR/ERVL	13896	-	1253	10689451	65763
chr12	10623688	10823688	harbor1	chr12	10690968	10691402	LTR/ERVL	1711	-	217	10691185	67497
chr12	121711754	121911754	harbor1	chr12	121723403	121723673	LTR/ERVL	711	-	135	121723538	11784
chr12	121711754	121911754	harbor1	chr12	121755595	121756006	LTR/ERVL	1046	-	206	121755801	44047
chr12	6248395	6448395	harbor1	chr12	6249618	6249915	LTR/ERVL	645	-	148	6249766	1371
chr12	6248395	6448395	harbor1	chr12	6273418	6273902	LTR/ERVL	1143	-	242	6273660	25265
chr12	6248395	6448395	harbor1	chr12	6301963	6302296	LTR/ERVL	910	-	166	6302129	53734
chr12	96299297	96499297	harbor1	chr12	96360845	96361512	LTR/ERVL	1899	-	334	96361179	61882
chr12	123336747	123536747	harbor1	chr12	123378811	123379053	LTR/ERVL	807	-	121	123378932	42185
chr12	123336747	123536747	harbor1	chr12	123379354	123379699	LTR/ERVL	807	-	172	123379526	42779
chr12	6863320	7063320	harbor1	chr12	6907721	6908244	LTR/ERVL	2490	-	262	6907983	44663
chr12	6863320	7063320	harbor1	chr12	6908845	6909022	LTR/ERVL	808	-	88	6908933	45613
chr12	6863258	7063258	harbor1	chr12	6907721	6908244	LTR/ERVL	2490	-	262	6907983	44725
chr12	6863258	7063258	harbor1	chr12	6908845	6909022	LTR/ERVL	808	-	88	6908933	45675
chr12	110178230	110378230	harbor1	chr12	110181780	110182194	LTR/ERVL	1746	-	207	110181987	3757
chr12	110178230	110378230	harbor1	chr12	110183779	110184068	LTR/ERVL	1368	-	144	110183923	5693
chr12	110178230	110378230	harbor1	chr12	110184370	110184510	LTR/ERVL	1368	-	70	110184440	6210
chr12	110178230	110378230	harbor1	chr12	110184511	110184980	LTR/ERVL	2273	-	234	110184745	6515
chr12	110178230	110378230	harbor1	chr12	110184981	110185127	LTR/ERVL	1368	-	73	110185054	6824
chr12	110178230	110378230	harbor1	chr12	110258778	110259067	LTR/ERVL	1649	-	144	110258922	80692
chr12	110178230	110378230	harbor1	chr12	110259367	110259495	LTR/ERVL	1649	-	64	110259431	81201
chr12	110178230	110378230	harbor1	chr12	110182195	110183783	LTR/ERVL	3370	-	794	110182989	4759
chr12	132333732	132533732	harbor1	chr12	132339118	132339911	LTR/ERVL	2081	-	396	132339514	5782
chr12	132333732	132533732	harbor1	chr12	132340432	132340999	LTR/ERVL	1190	-	284	132340716	6984
chr12	132333732	132533732	harbor1	chr12	132372204	132372447	LTR/ERVL	1228	-	122	132372326	38594
chr12	132333732	132533732	harbor1	chr12	132372752	132372777	LTR/ERVL	1228	-	12	132372764	39032
chr12	64467190	64667190	harbor1	chr12	64555954	64556179	LTR/ERVL	1612	-	112	64556066	88876
chr12	64467190	64667190	harbor1	chr12	64556441	64556687	LTR/ERVL	1648	-	123	64556564	89374
chr12	64467190	64667190	harbor1	chr12	64556763	64556834	LTR/ERVL	5993	-	36	64556799	89609
chr12	64467190	64667190	harbor1	chr12	64557136	64558457	LTR/ERVL	5993	-	660	64557796	90606
chr12	64467190	64667190	harbor1	chr12	64558589	64559203	LTR/ERVL	1759	-	307	64558896	91706
chr12	64467190	64667190	harbor1	chr12	64559577	64560704	LTR/ERVL	3202	-	564	64560141	92951
chr12	64467190	64667190	harbor1	chr12	64560707	64561190	LTR/ERVL	1657	-	242	64560949	93759
chr13	94612331	94812331	harbor1	chr13	94635063	94635438	LTR/ERVL	894	-	188	94635251	22920
chr13	100574884	100774884	harbor1	chr13	100597638	100597717	LTR/ERVL	440	-	40	100597678	22794
chr13	20315145	20515145	harbor1	chr13	20333721	20334109	LTR/ERVL	1972	-	194	20333915	18770
chr13	20315145	20515145	harbor1	chr13	20372018	20372446	LTR/ERVL	1660	-	214	20372232	57087
chr13	27728634	27928634	harbor1	chr13	27753379	27753765	LTR/ERVL	2227	-	193	27753572	24938
chr13	27728634	27928634	harbor1	chr13	27754068	27754135	LTR/ERVL	2227	-	34	27754102	25468
chr13	27728634	27928634	harbor1	chr13	27779076	27779526	LTR/ERVL	1832	-	225	27779301	50667
chr13	27728634	27928634	harbor1	chr13	27796135	27796402	LTR/ERVL	977	-	134	27796269	67635
chr13	113718182	113918182	harbor1	chr13	113810465	113810812	LTR/ERVL	443	-	174	113810639	92457
chr13	20314698	20514698	harbor1	chr13	20333721	20334109	LTR/ERVL	1972	-	194	20333915	19217
chr13	20314698	20514698	harbor1	chr13	20372018	20372446	LTR/ERVL	1660	-	214	20372232	57534
chr13	113713649	113913649	harbor1	chr13	113810465	113810812	LTR/ERVL	443	-	174	113810639	96990
chr13	20315192	20515192	harbor1	chr13	20333721	20334109	LTR/ERVL	1972	-	194	20333915	18723
chr13	20315192	20515192	harbor1	chr13	20372018	20372446	LTR/ERVL	1660	-	214	20372232	57040
chr13	110254287	110454287	harbor1	chr13	110296531	110297347	LTR/ERVL	3808	-	408	110296939	42652
chr13	100574881	100774881	harbor1	chr13	100597638	100597717	LTR/ERVL	440	-	40	100597678	22797
chr13	100574914	100774914	harbor1	chr13	100597638	100597717	LTR/ERVL	440	-	40	100597678	22764
chr13	113726184	113926184	harbor1	chr13	113810465	113810812	LTR/ERVL	443	-	174	113810639	84455
chr13	113726144	113926144	harbor1	chr13	113810465	113810812	LTR/ERVL	443	-	174	113810639	84495
chr13	20315123	20515123	harbor1	chr13	20333721	20334109	LTR/ERVL	1972	-	194	20333915	18792
chr13	20315123	20515123	harbor1	chr13	20372018	20372446	LTR/ERVL	1660	-	214	20372232	57109
chr13	94612324	94812324	harbor1	chr13	94635063	94635438	LTR/ERVL	894	-	188	94635251	22927
chr13	51810106	52010106	harbor1	chr13	51810917	51811346	LTR/ERVL	807	-	214	51811131	1025
chr13	51810106	52010106	harbor1	chr13	51848084	51848209	LTR/ERVL	434	-	62	51848146	38040
chr13	51810106	52010106	harbor1	chr13	51896948	51897217	LTR/ERVL	1250	-	134	51897082	86976
chr13	51810106	52010106	harbor1	chr13	51897514	51897644	LTR/ERVL	1250	-	65	51897579	87473
chr13	51810106	52010106	harbor1	chr13	51898247	51898334	LTR/ERVL	1250	-	44	51898291	88185
chr13	51810106	52010106	harbor1	chr13	51902865	51903043	LTR/ERVL	606	-	89	51902954	92848
chr13	27707987	27907987	harbor1	chr13	27753379	27753765	LTR/ERVL	2227	-	193	27753572	45585
chr13	27707987	27907987	harbor1	chr13	27754068	27754135	LTR/ERVL	2227	-	34	27754102	46115
chr13	27707987	27907987	harbor1	chr13	27779076	27779526	LTR/ERVL	1832	-	225	27779301	71314
chr13	27707987	27907987	harbor1	chr13	27796135	27796402	LTR/ERVL	977	-	134	27796269	88282
chr13	28720365	28920365	harbor1	chr13	28732310	28732475	LTR/ERVL	567	-	82	28732392	12027
chr13	28720365	28920365	harbor1	chr13	28739802	28740245	LTR/ERVL	3542	-	222	28740024	19659
chr13	28720365	28920365	harbor1	chr13	28817117	28817567	LTR/ERVL	1763	-	225	28817342	96977
chr13	113726163	113926163	harbor1	chr13	113810465	113810812	LTR/ERVL	443	-	174	113810639	84476
chr13	113725831	113925831	harbor1	chr13	113810465	113810812	LTR/ERVL	443	-	174	113810639	84808
chr13	110254344	110454344	harbor1	chr13	110296531	110297347	LTR/ERVL	3808	-	408	110296939	42595
chr13	27925914	28125914	harbor1	chr13	27941818	27942088	LTR/ERVL	544	-	135	27941953	16039
chr13	27925914	28125914	harbor1	chr13	27942255	27942347	LTR/ERVL	544	-	46	27942301	16387
chr13	27925914	28125914	harbor1	chr13	28003477	28003540	LTR/ERVL	448	-	32	28003509	77595
chr13	19461422	19661422	harbor1	chr13	19516077	19516835	LTR/ERVL	2335	-	379	19516456	55034
chr13	19461422	19661422	harbor1	chr13	19531949	19532162	LTR/ERVL	669	-	106	19532055	70633
chr13	21574752	21774752	harbor1	chr13	21643921	21644379	LTR/ERVL	1679	-	229	21644150	69398
chr13	113726255	113926255	harbor1	chr13	113810465	113810812	LTR/ERVL	443	-	174	113810639	84384
chr13	20315141	20515141	harbor1	chr13	20333721	20334109	LTR/ERVL	1972	-	194	20333915	18774
chr13	20315141	20515141	harbor1	chr13	20372018	20372446	LTR/ERVL	1660	-	214	20372232	57091
chr13	20315163	20515163	harbor1	chr13	20333721	20334109	LTR/ERVL	1972	-	194	20333915	18752
chr13	20315163	20515163	harbor1	chr13	20372018	20372446	LTR/ERVL	1660	-	214	20372232	57069
chr13	100574912	100774912	harbor1	chr13	100597638	100597717	LTR/ERVL	440	-	40	100597678	22766
chr13	110254257	110454257	harbor1	chr13	110296531	110297347	LTR/ERVL	3808	-	408	110296939	42682
chr13	113726358	113926358	harbor1	chr13	113810465	113810812	LTR/ERVL	443	-	174	113810639	84281
chr13	112670833	112870833	harbor1	chr13	112724209	112724412	LTR/ERVL	559	-	102	112724311	53478
chr13	113726286	113926286	harbor1	chr13	113810465	113810812	LTR/ERVL	443	-	174	113810639	84353
chr13	75438285	75638285	harbor1	chr13	75450579	75450999	LTR/ERVL	952	-	210	75450789	12504
chr13	75438285	75638285	harbor1	chr13	75493037	75493476	LTR/ERVL	515	-	220	75493257	54972
chr13	20315167	20515167	harbor1	chr13	20333721	20334109	LTR/ERVL	1972	-	194	20333915	18748
chr13	20315167	20515167	harbor1	chr13	20372018	20372446	LTR/ERVL	1660	-	214	20372232	57065
chr14	102975689	103175689	harbor1	chr14	103015645	103015720	LTR/ERVL	868	-	38	103015683	39994
chr14	102975689	103175689	harbor1	chr14	103016016	103016401	LTR/ERVL	868	-	192	103016208	40519
chr14	67140824	67340824	harbor1	chr14	67186347	67186630	LTR/ERVL	767	-	142	67186489	45665
chr14	67140824	67340824	harbor1	chr14	67186671	67186880	LTR/ERVL	489	-	104	67186775	45951
chr14	24016236	24216236	harbor1	chr14	24090221	24090636	LTR/ERVL	1257	-	208	24090429	74193
chr14	88724597	88924597	harbor1	chr14	88780435	88780554	LTR/ERVL	589	-	60	88780495	55898
chr14	88724597	88924597	harbor1	chr14	88780885	88781031	LTR/ERVL	651	-	73	88780958	56361
chr14	88724597	88924597	harbor1	chr14	88804124	88804556	LTR/ERVL	1534	-	216	88804340	79743
chr14	88724597	88924597	harbor1	chr14	88804539	88804898	LTR/ERVL	1324	-	180	88804719	80122
chr14	88724597	88924597	harbor1	chr14	88820229	88820296	LTR/ERVL	1893	-	34	88820263	95666
chr14	88724597	88924597	harbor1	chr14	88820436	88820683	LTR/ERVL	1893	-	124	88820560	95963
chr14	88724597	88924597	harbor1	chr14	88821002	88821411	LTR/ERVL	1893	-	204	88821206	96609
chr14	67140760	67340760	harbor1	chr14	67186347	67186630	LTR/ERVL	767	-	142	67186489	45729
chr14	67140760	67340760	harbor1	chr14	67186671	67186880	LTR/ERVL	489	-	104	67186775	46015
chr14	99583656	99783656	harbor1	chr14	99653802	99653909	LTR/ERVL	1526	-	54	99653856	70200
chr14	99583656	99783656	harbor1	chr14	99654219	99654625	LTR/ERVL	1526	-	203	99654422	70766
chr14	99583656	99783656	harbor1	chr14	99655656	99655840	LTR/ERVL	546	-	92	99655748	72092
chr14	67140882	67340882	harbor1	chr14	67186347	67186630	LTR/ERVL	767	-	142	67186489	45607
chr14	67140882	67340882	harbor1	chr14	67186671	67186880	LTR/ERVL	489	-	104	67186775	45893
chr14	100183362	100383362	harbor1	chr14	100203451	100203747	LTR/ERVL	1249	-	148	100203599	20237
chr14	100183362	100383362	harbor1	chr14	100222311	100222772	LTR/ERVL	851	-	230	100222541	39179
chr14	75327984	75527984	harbor1	chr14	75379796	75380235	LTR/ERVL	2189	-	220	75380016	52032
chr14	100185484	100385484	harbor1	chr14	100203451	100203747	LTR/ERVL	1249	-	148	100203599	18115
chr14	100185484	100385484	harbor1	chr14	100222311	100222772	LTR/ERVL	851	-	230	100222541	37057
chr14	63247906	63447906	harbor1	chr14	63251520	63251625	LTR/ERVL	528	-	52	63251572	3666
chr14	57989413	58189413	harbor1	chr14	57991206	57991617	LTR/ERVL	1306	-	206	57991412	1999
chr14	57989413	58189413	harbor1	chr14	57992450	57992823	LTR/ERVL	1003	-	186	57992636	3223
chr14	57989413	58189413	harbor1	chr14	58020807	58021176	LTR/ERVL	2202	-	184	58020991	31578
chr14	57989413	58189413	harbor1	chr14	58021536	58021647	LTR/ERVL	2202	-	56	58021592	32179
chr14	67488947	67688947	harbor1	chr14	67490816	67491617	LTR/ERVL	1936	-	400	67491216	2269
chr14	54388477	54588477	harbor1	chr14	54460816	54461034	LTR/ERVL	1059	-	109	54460925	72448
chr14	54388477	54588477	harbor1	chr14	54461368	54461443	LTR/ERVL	1059	-	38	54461406	72929
chr14	54388477	54588477	harbor1	chr14	54461768	54461955	LTR/ERVL	628	-	94	54461862	73385
chr14	54388477	54588477	harbor1	chr14	54462941	54463300	LTR/ERVL	507	-	180	54463121	74644
chr14	54388477	54588477	harbor1	chr14	54465549	54465996	LTR/ERVL	981	-	224	54465773	77296
chr14	75328384	75528384	harbor1	chr14	75379796	75380235	LTR/ERVL	2189	-	220	75380016	51632
chr14	51349924	51549924	harbor1	chr14	51377287	51377710	LTR/ERVL	3145	-	212	51377499	27575
chr14	51349924	51549924	harbor1	chr14	51377711	51378166	LTR/ERVL	2138	-	228	51377939	28015
chr14	104195767	104395767	harbor1	chr14	104212073	104212359	LTR/ERVL	489	-	143	104212216	16449
chr14	104195767	104395767	harbor1	chr14	104236555	104237039	LTR/ERVL	2029	-	242	104236797	41030
chr14	104195767	104395767	harbor1	chr14	104269810	104270273	LTR/ERVL	1273	-	232	104270042	74275
chr14	65117756	65317756	harbor1	chr14	65166704	65167127	LTR/ERVL	1461	-	212	65166916	49160
chr14	65117756	65317756	harbor1	chr14	65191445	65191908	LTR/ERVL	1449	-	232	65191677	73921
chr14	65117756	65317756	harbor1	chr14	65204430	65204621	LTR/ERVL	589	-	96	65204526	86770
chr14	65117756	65317756	harbor1	chr14	65204622	65204889	LTR/ERVL	836	-	134	65204756	87000
chr14	23419129	23619129	harbor1	chr14	23454329	23454877	LTR/ERVL	2541	-	274	23454603	35474
chr14	104833585	105033585	harbor1	chr14	104845996	104846233	LTR/ERVL	508	-	118	104846114	12529
chr14	104833585	105033585	harbor1	chr14	104846379	104846903	LTR/ERVL	1980	-	262	104846641	13056
chr14	75328363	75528363	harbor1	chr14	75379796	75380235	LTR/ERVL	2189	-	220	75380016	51653
chr14	105103095	105303095	harbor1	chr14	105116052	105116370	LTR/ERVL	1008	-	159	105116211	13116
chr14	105103095	105303095	harbor1	chr14	105116677	105117080	LTR/ERVL	1008	-	202	105116879	13784
chr14	105103095	105303095	harbor1	chr14	105117101	105117546	LTR/ERVL	574	-	222	105117323	14228
chr14	105103095	105303095	harbor1	chr14	105121140	105121738	LTR/ERVL	1968	-	299	105121439	18344
chr14	75328401	75528401	harbor1	chr14	75379796	75380235	LTR/ERVL	2189	-	220	75380016	51615
chr14	49792466	49992466	harbor1	chr14	49880454	49880831	LTR/ERVL	1954	-	188	49880642	88176
chr14	49792466	49992466	harbor1	chr14	49880974	49881278	LTR/ERVL	1279	-	152	49881126	88660
chr14	49792466	49992466	harbor1	chr14	49883910	49884029	LTR/ERVL	540	-	60	49883970	91504
chr14	104017094	104217094	harbor1	chr14	104070150	104070664	LTR/ERVL	2635	-	257	104070407	53313
chr14	24047678	24247678	harbor1	chr14	24090221	24090636	LTR/ERVL	1257	-	208	24090429	42751
chr14	100185630	100385630	harbor1	chr14	100203451	100203747	LTR/ERVL	1249	-	148	100203599	17969
chr14	100185630	100385630	harbor1	chr14	100222311	100222772	LTR/ERVL	851	-	230	100222541	36911
chr14	100118258	100318258	harbor1	chr14	100203451	100203747	LTR/ERVL	1249	-	148	100203599	85341
chr14	67482246	67682246	harbor1	chr14	67490816	67491617	LTR/ERVL	1936	-	400	67491216	8970
chr14	104457988	104657988	harbor1	chr14	104463215	104463616	LTR/ERVL	1317	-	200	104463415	5427
chr14	104457988	104657988	harbor1	chr14	104464694	104464798	LTR/ERVL	4402	-	52	104464746	6758
chr14	104457988	104657988	harbor1	chr14	104464793	104465980	LTR/ERVL	5886	-	594	104465387	7399
chr14	104457988	104657988	harbor1	chr14	104465976	104466530	LTR/ERVL	15365	-	277	104466253	8265
chr14	104457988	104657988	harbor1	chr14	104466838	104467405	LTR/ERVL	15365	-	284	104467122	9134
chr14	104457988	104657988	harbor1	chr14	104467562	104469237	LTR/ERVL	15365	-	838	104468400	10412
chr14	104457988	104657988	harbor1	chr14	104469238	104469719	LTR/ERVL	2363	-	240	104469478	11490
chr14	104457988	104657988	harbor1	chr14	104463622	104464388	LTR/ERVL	4402	-	383	104464005	6017
chr14	75328399	75528399	harbor1	chr14	75379796	75380235	LTR/ERVL	2189	-	220	75380016	51617
chr14	88724593	88924593	harbor1	chr14	88780435	88780554	LTR/ERVL	589	-	60	88780495	55902
chr14	88724593	88924593	harbor1	chr14	88780885	88781031	LTR/ERVL	651	-	73	88780958	56365
chr14	88724593	88924593	harbor1	chr14	88804124	88804556	LTR/ERVL	1534	-	216	88804340	79747
chr14	88724593	88924593	harbor1	chr14	88804539	88804898	LTR/ERVL	1324	-	180	88804719	80126
chr14	88724593	88924593	harbor1	chr14	88820229	88820296	LTR/ERVL	1893	-	34	88820263	95670
chr14	88724593	88924593	harbor1	chr14	88820436	88820683	LTR/ERVL	1893	-	124	88820560	95967
chr14	88724593	88924593	harbor1	chr14	88821002	88821411	LTR/ERVL	1893	-	204	88821206	96613
chr14	73545047	73745047	harbor1	chr14	73627211	73627819	LTR/ERVL	4249	-	304	73627515	82468
chr14	73545047	73745047	harbor1	chr14	73628108	73628294	LTR/ERVL	4249	-	93	73628201	83154
chr14	67141311	67341311	harbor1	chr14	67186347	67186630	LTR/ERVL	767	-	142	67186489	45178
chr14	67141311	67341311	harbor1	chr14	67186671	67186880	LTR/ERVL	489	-	104	67186775	45464
chr14	24047662	24247662	harbor1	chr14	24090221	24090636	LTR/ERVL	1257	-	208	24090429	42767
chr14	67108235	67308235	harbor1	chr14	67108031	67108483	LTR/ERVL	1526	-	226	67108257	22
chr14	67108235	67308235	harbor1	chr14	67186347	67186630	LTR/ERVL	767	-	142	67186489	78254
chr14	67108235	67308235	harbor1	chr14	67186671	67186880	LTR/ERVL	489	-	104	67186775	78540
chr14	94469585	94669585	harbor1	chr14	94499652	94499983	LTR/ERVL	642	-	166	94499818	30233
chr14	94469585	94669585	harbor1	chr14	94547926	94548158	LTR/ERVL	922	-	116	94548042	78457
chr14	94469585	94669585	harbor1	chr14	94548170	94548282	LTR/ERVL	554	-	56	94548226	78641
chr14	94469585	94669585	harbor1	chr14	94565003	94565231	LTR/ERVL	683	-	114	94565117	95532
chr14	94469585	94669585	harbor1	chr14	94565252	94565476	LTR/ERVL	579	-	112	94565364	95779
chr14	100182074	100382074	harbor1	chr14	100203451	100203747	LTR/ERVL	1249	-	148	100203599	21525
chr14	100182074	100382074	harbor1	chr14	100222311	100222772	LTR/ERVL	851	-	230	100222541	40467
chr14	105387228	105587228	harbor1	chr14	105433012	105433573	LTR/ERVL	1829	-	280	105433292	46064
chr14	105387228	105587228	harbor1	chr14	105430969	105431165	LTR/ERVL	463	-	98	105431067	43839
chr14	105388150	105588150	harbor1	chr14	105433012	105433573	LTR/ERVL	1829	-	280	105433292	45142
chr14	105388150	105588150	harbor1	chr14	105430969	105431165	LTR/ERVL	463	-	98	105431067	42917
chr14	24047772	24247772	harbor1	chr14	24090221	24090636	LTR/ERVL	1257	-	208	24090429	42657
chr14	100146444	100346444	harbor1	chr14	100203451	100203747	LTR/ERVL	1249	-	148	100203599	57155
chr14	100146444	100346444	harbor1	chr14	100222311	100222772	LTR/ERVL	851	-	230	100222541	76097
chr14	55014896	55214896	harbor1	chr14	55049618	55049928	LTR/ERVL	899	-	155	55049773	34877
chr14	55014896	55214896	harbor1	chr14	55088468	55088840	LTR/ERVL	2329	-	186	55088654	73758
chr14	55014896	55214896	harbor1	chr14	55089135	55089162	LTR/ERVL	2329	-	14	55089149	74253
chr14	55014896	55214896	harbor1	chr14	55089493	55089583	LTR/ERVL	2329	-	45	55089538	74642
chr14	92893583	93093583	harbor1	chr14	92902440	92902716	LTR/ERVL	920	-	138	92902578	8995
chr14	100185510	100385510	harbor1	chr14	100203451	100203747	LTR/ERVL	1249	-	148	100203599	18089
chr14	100185510	100385510	harbor1	chr14	100222311	100222772	LTR/ERVL	851	-	230	100222541	37031
chr14	75328390	75528390	harbor1	chr14	75379796	75380235	LTR/ERVL	2189	-	220	75380016	51626
chr14	23251947	23451947	harbor1	chr14	23251839	23252334	LTR/ERVL	2951	-	248	23252087	140
chr14	71816792	72016792	harbor1	chr14	71888449	71888700	LTR/ERVL	705	-	126	71888575	71783
chr14	71816792	72016792	harbor1	chr14	71895595	71896100	LTR/ERVL	1495	-	252	71895847	79055
chr14	104542901	104742901	harbor1	chr14	104573011	104573412	LTR/ERVL	556	-	200	104573211	30310
chr14	104542901	104742901	harbor1	chr14	104607135	104607410	LTR/ERVL	1824	-	138	104607273	64372
chr14	104542901	104742901	harbor1	chr14	104607817	104607969	LTR/ERVL	1824	-	76	104607893	64992
chr14	104542901	104742901	harbor1	chr14	104608641	104608995	LTR/ERVL	481	-	177	104608818	65917
chr14	104542901	104742901	harbor1	chr14	104624876	104625280	LTR/ERVL	1030	-	202	104625078	82177
chr14	104542901	104742901	harbor1	chr14	104627462	104627638	LTR/ERVL	2705	-	88	104627550	84649
chr14	104542901	104742901	harbor1	chr14	104628062	104628435	LTR/ERVL	2705	-	186	104628248	85347
chr14	104017097	104217097	harbor1	chr14	104070150	104070664	LTR/ERVL	2635	-	257	104070407	53310
chr14	100581636	100781636	harbor1	chr14	100629010	100629428	LTR/ERVL	796	-	209	100629219	47583
chr14	100581636	100781636	harbor1	chr14	100645427	100646041	LTR/ERVL	2188	-	307	100645734	64098
chr14	100581636	100781636	harbor1	chr14	100646099	100646362	LTR/ERVL	737	-	132	100646231	64595
chr14	100581636	100781636	harbor1	chr14	100650238	100650501	LTR/ERVL	1063	-	132	100650370	68734
chr14	100581636	100781636	harbor1	chr14	100650496	100651757	LTR/ERVL	3733	-	630	100651126	69490
chr14	100581636	100781636	harbor1	chr14	100652300	100653268	LTR/ERVL	1790	-	484	100652784	71148
chr14	100581636	100781636	harbor1	chr14	100646655	100646916	LTR/ERVL	737	-	130	100646785	65149
chr14	75328424	75528424	harbor1	chr14	75379796	75380235	LTR/ERVL	2189	-	220	75380016	51592
chr14	23252088	23452088	harbor1	chr14	23251839	23252334	LTR/ERVL	2951	-	248	23252087	1
chr14	99416276	99616276	harbor1	chr14	99460282	99460714	LTR/ERVL	863	-	216	99460498	44222
chr14	100012246	100212246	harbor1	chr14	100043317	100043605	LTR/ERVL	1388	-	144	100043461	31215
chr14	100012246	100212246	harbor1	chr14	100043882	100043910	LTR/ERVL	1388	-	14	100043896	31650
chr14	100012246	100212246	harbor1	chr14	100043994	100044149	LTR/ERVL	932	-	78	100044072	31826
chr14	100012246	100212246	harbor1	chr14	100082720	100083006	LTR/ERVL	843	-	143	100082863	70617
chr14	81336737	81536737	harbor1	chr14	81419742	81420164	LTR/ERVL	701	-	211	81419953	83216
chr14	55029359	55229359	harbor1	chr14	55049618	55049928	LTR/ERVL	899	-	155	55049773	20414
chr14	55029359	55229359	harbor1	chr14	55088468	55088840	LTR/ERVL	2329	-	186	55088654	59295
chr14	55029359	55229359	harbor1	chr14	55089135	55089162	LTR/ERVL	2329	-	14	55089149	59790
chr14	55029359	55229359	harbor1	chr14	55089493	55089583	LTR/ERVL	2329	-	45	55089538	60179
chr14	104785132	104985132	harbor1	chr14	104818239	104818580	LTR/ERVL	1323	-	170	104818409	33277
chr14	104785132	104985132	harbor1	chr14	104845996	104846233	LTR/ERVL	508	-	118	104846114	60982
chr14	104785132	104985132	harbor1	chr14	104846379	104846903	LTR/ERVL	1980	-	262	104846641	61509
chr15	31114834	31314834	harbor1	chr15	31170076	31170396	LTR/ERVL	1301	-	160	31170236	55402
chr15	89279015	89479015	harbor1	chr15	89288140	89288307	LTR/ERVL	442	-	84	89288224	9209
chr15	89279015	89479015	harbor1	chr15	89352981	89353318	LTR/ERVL	1544	-	168	89353149	74134
chr15	89279015	89479015	harbor1	chr15	89353877	89354312	LTR/ERVL	1302	-	218	89354095	75080
chr15	89279015	89479015	harbor1	chr15	89354819	89355106	LTR/ERVL	1789	-	144	89354963	75948
chr15	89279015	89479015	harbor1	chr15	89355404	89355658	LTR/ERVL	1789	-	127	89355531	76516
chr15	32313757	32513757	harbor1	chr15	32316560	32316810	LTR/ERVL	1333	-	125	32316685	2928
chr15	32313757	32513757	harbor1	chr15	32316822	32316951	LTR/ERVL	483	-	64	32316886	3129
chr15	35446216	35646216	harbor1	chr15	35448110	35448328	LTR/ERVL	611	-	109	35448219	2003
chr15	35446216	35646216	harbor1	chr15	35472152	35472608	LTR/ERVL	1168	-	228	35472380	26164
chr15	35446216	35646216	harbor1	chr15	35491924	35492336	LTR/ERVL	1932	-	206	35492130	45914
chr15	35446299	35646299	harbor1	chr15	35448110	35448328	LTR/ERVL	611	-	109	35448219	1920
chr15	35446299	35646299	harbor1	chr15	35472152	35472608	LTR/ERVL	1168	-	228	35472380	26081
chr15	35446299	35646299	harbor1	chr15	35491924	35492336	LTR/ERVL	1932	-	206	35492130	45831
chr15	74737065	74937065	harbor1	chr15	74739677	74740062	LTR/ERVL	819	-	192	74739869	2804
chr15	74496627	74696627	harbor1	chr15	74496742	74497999	LTR/ERVL	6788	-	628	74497370	743
chr15	74496627	74696627	harbor1	chr15	74499299	74499332	LTR/ERVL	789	-	16	74499315	2688
chr15	74496627	74696627	harbor1	chr15	74499794	74500000	LTR/ERVL	789	-	103	74499897	3270
chr15	74496627	74696627	harbor1	chr15	74500001	74500057	LTR/ERVL	2658	-	28	74500029	3402
chr15	74496627	74696627	harbor1	chr15	74500361	74500747	LTR/ERVL	2658	-	193	74500554	3927
chr15	74496627	74696627	harbor1	chr15	74501003	74501155	LTR/ERVL	2658	-	76	74501079	4452
chr15	74496627	74696627	harbor1	chr15	74501440	74501556	LTR/ERVL	2658	-	58	74501498	4871
chr15	74496627	74696627	harbor1	chr15	74501858	74502144	LTR/ERVL	2658	-	143	74502001	5374
chr15	74496627	74696627	harbor1	chr15	74502178	74502571	LTR/ERVL	1228	-	196	74502374	5747
chr15	35446212	35646212	harbor1	chr15	35448110	35448328	LTR/ERVL	611	-	109	35448219	2007
chr15	35446212	35646212	harbor1	chr15	35472152	35472608	LTR/ERVL	1168	-	228	35472380	26168
chr15	35446212	35646212	harbor1	chr15	35491924	35492336	LTR/ERVL	1932	-	206	35492130	45918
chr15	35446272	35646272	harbor1	chr15	35448110	35448328	LTR/ERVL	611	-	109	35448219	1947
chr15	35446272	35646272	harbor1	chr15	35472152	35472608	LTR/ERVL	1168	-	228	35472380	26108
chr15	35446272	35646272	harbor1	chr15	35491924	35492336	LTR/ERVL	1932	-	206	35492130	45858
chr15	35446324	35646324	harbor1	chr15	35448110	35448328	LTR/ERVL	611	-	109	35448219	1895
chr15	35446324	35646324	harbor1	chr15	35472152	35472608	LTR/ERVL	1168	-	228	35472380	26056
chr15	35446324	35646324	harbor1	chr15	35491924	35492336	LTR/ERVL	1932	-	206	35492130	45806
chr15	101861586	102061586	harbor1	chr15	101890385	101890505	LTR/ERVL	462	-	60	101890445	28859
chr15	35446318	35646318	harbor1	chr15	35448110	35448328	LTR/ERVL	611	-	109	35448219	1901
chr15	35446318	35646318	harbor1	chr15	35472152	35472608	LTR/ERVL	1168	-	228	35472380	26062
chr15	35446318	35646318	harbor1	chr15	35491924	35492336	LTR/ERVL	1932	-	206	35492130	45812
chr15	101858909	102058909	harbor1	chr15	101890385	101890505	LTR/ERVL	462	-	60	101890445	31536
chr15	35446271	35646271	harbor1	chr15	35448110	35448328	LTR/ERVL	611	-	109	35448219	1948
chr15	35446271	35646271	harbor1	chr15	35472152	35472608	LTR/ERVL	1168	-	228	35472380	26109
chr15	35446271	35646271	harbor1	chr15	35491924	35492336	LTR/ERVL	1932	-	206	35492130	45859
chr15	35446266	35646266	harbor1	chr15	35448110	35448328	LTR/ERVL	611	-	109	35448219	1953
chr15	35446266	35646266	harbor1	chr15	35472152	35472608	LTR/ERVL	1168	-	228	35472380	26114
chr15	35446266	35646266	harbor1	chr15	35491924	35492336	LTR/ERVL	1932	-	206	35492130	45864
chr15	35446252	35646252	harbor1	chr15	35448110	35448328	LTR/ERVL	611	-	109	35448219	1967
chr15	35446252	35646252	harbor1	chr15	35472152	35472608	LTR/ERVL	1168	-	228	35472380	26128
chr15	35446252	35646252	harbor1	chr15	35491924	35492336	LTR/ERVL	1932	-	206	35492130	45878
chr15	35446296	35646296	harbor1	chr15	35448110	35448328	LTR/ERVL	611	-	109	35448219	1923
chr15	35446296	35646296	harbor1	chr15	35472152	35472608	LTR/ERVL	1168	-	228	35472380	26084
chr15	35446296	35646296	harbor1	chr15	35491924	35492336	LTR/ERVL	1932	-	206	35492130	45834
chr15	75576188	75776188	harbor1	chr15	75596475	75596600	LTR/ERVL	531	-	62	75596537	20349
chr15	75576188	75776188	harbor1	chr15	75644598	75644657	LTR/ERVL	455	-	30	75644628	68440
chr15	75576188	75776188	harbor1	chr15	75644971	75645123	LTR/ERVL	455	-	76	75645047	68859
chr15	79796978	79996978	harbor1	chr15	79832889	79833321	LTR/ERVL	1701	-	216	79833105	36127
chr15	79796978	79996978	harbor1	chr15	79833727	79834190	LTR/ERVL	922	-	232	79833959	36981
chr15	35446210	35646210	harbor1	chr15	35448110	35448328	LTR/ERVL	611	-	109	35448219	2009
chr15	35446210	35646210	harbor1	chr15	35472152	35472608	LTR/ERVL	1168	-	228	35472380	26170
chr15	35446210	35646210	harbor1	chr15	35491924	35492336	LTR/ERVL	1932	-	206	35492130	45920
chr15	45087531	45287531	harbor1	chr15	45178929	45179063	LTR/ERVL	453	-	67	45178996	91465
chr15	35446293	35646293	harbor1	chr15	35448110	35448328	LTR/ERVL	611	-	109	35448219	1926
chr15	35446293	35646293	harbor1	chr15	35472152	35472608	LTR/ERVL	1168	-	228	35472380	26087
chr15	35446293	35646293	harbor1	chr15	35491924	35492336	LTR/ERVL	1932	-	206	35492130	45837
chr15	69999125	70199125	harbor1	chr15	70028114	70028646	LTR/ERVL	2816	-	266	70028380	29255
chr15	99950832	100150832	harbor1	chr15	99955901	99956429	LTR/ERVL	2223	-	264	99956165	5333
chr15	31768267	31968267	harbor1	chr15	31796103	31796165	LTR/ERVL	1950	-	31	31796134	27867
chr15	31768267	31968267	harbor1	chr15	31796261	31796609	LTR/ERVL	1950	-	174	31796435	28168
chr15	31768267	31968267	harbor1	chr15	31798713	31798989	LTR/ERVL	440	-	138	31798851	30584
chr15	31768267	31968267	harbor1	chr15	31802043	31802089	LTR/ERVL	3629	-	23	31802066	33799
chr15	31768267	31968267	harbor1	chr15	31802143	31802548	LTR/ERVL	3629	-	202	31802345	34078
chr15	35446228	35646228	harbor1	chr15	35448110	35448328	LTR/ERVL	611	-	109	35448219	1991
chr15	35446228	35646228	harbor1	chr15	35472152	35472608	LTR/ERVL	1168	-	228	35472380	26152
chr15	35446228	35646228	harbor1	chr15	35491924	35492336	LTR/ERVL	1932	-	206	35492130	45902
chr15	35446303	35646303	harbor1	chr15	35448110	35448328	LTR/ERVL	611	-	109	35448219	1916
chr15	35446303	35646303	harbor1	chr15	35472152	35472608	LTR/ERVL	1168	-	228	35472380	26077
chr15	35446303	35646303	harbor1	chr15	35491924	35492336	LTR/ERVL	1932	-	206	35492130	45827
chr15	45029667	45229667	harbor1	chr15	45042822	45043065	LTR/ERVL	1430	-	122	45042944	13277
chr15	35446298	35646298	harbor1	chr15	35448110	35448328	LTR/ERVL	611	-	109	35448219	1921
chr15	35446298	35646298	harbor1	chr15	35472152	35472608	LTR/ERVL	1168	-	228	35472380	26082
chr15	35446298	35646298	harbor1	chr15	35491924	35492336	LTR/ERVL	1932	-	206	35492130	45832
chr15	69999141	70199141	harbor1	chr15	70028114	70028646	LTR/ERVL	2816	-	266	70028380	29239
chr15	35446321	35646321	harbor1	chr15	35448110	35448328	LTR/ERVL	611	-	109	35448219	1898
chr15	35446321	35646321	harbor1	chr15	35472152	35472608	LTR/ERVL	1168	-	228	35472380	26059
chr15	35446321	35646321	harbor1	chr15	35491924	35492336	LTR/ERVL	1932	-	206	35492130	45809
chr15	35446273	35646273	harbor1	chr15	35448110	35448328	LTR/ERVL	611	-	109	35448219	1946
chr15	35446273	35646273	harbor1	chr15	35472152	35472608	LTR/ERVL	1168	-	228	35472380	26107
chr15	35446273	35646273	harbor1	chr15	35491924	35492336	LTR/ERVL	1932	-	206	35492130	45857
chr15	63405315	63605315	harbor1	chr15	63408922	63409421	LTR/ERVL	3231	-	250	63409172	3857
chr15	63405315	63605315	harbor1	chr15	63427551	63427677	LTR/ERVL	1608	-	63	63427614	22299
chr15	63405315	63605315	harbor1	chr15	63428092	63428430	LTR/ERVL	1608	-	169	63428261	22946
chr15	63405315	63605315	harbor1	chr15	63450392	63450483	LTR/ERVL	2751	-	46	63450438	45123
chr15	63405315	63605315	harbor1	chr15	63450790	63451142	LTR/ERVL	2751	-	176	63450966	45651
chr15	63405315	63605315	harbor1	chr15	63479744	63480059	LTR/ERVL	1001	-	158	63479902	74587
chr15	90133990	90333990	harbor1	chr15	90224363	90224579	LTR/ERVL	724	-	108	90224471	90481
chr15	45302919	45502919	harbor1	chr15	45325481	45325938	LTR/ERVL	3976	-	228	45325709	22790
chr15	45302919	45502919	harbor1	chr15	45326801	45327314	LTR/ERVL	3976	-	256	45327057	24138
chr15	45302919	45502919	harbor1	chr15	45352395	45352887	LTR/ERVL	1794	-	246	45352641	49722
chr15	35446294	35646294	harbor1	chr15	35448110	35448328	LTR/ERVL	611	-	109	35448219	1925
chr15	35446294	35646294	harbor1	chr15	35472152	35472608	LTR/ERVL	1168	-	228	35472380	26086
chr15	35446294	35646294	harbor1	chr15	35491924	35492336	LTR/ERVL	1932	-	206	35492130	45836
chr15	98321796	98521796	harbor1	chr15	98340505	98340828	LTR/ERVL	755	-	162	98340667	18871
chr15	98321796	98521796	harbor1	chr15	98351445	98351520	LTR/ERVL	431	-	38	98351483	29687
chr15	98321796	98521796	harbor1	chr15	98370145	98370524	LTR/ERVL	1015	-	190	98370335	48539
chr15	98321796	98521796	harbor1	chr15	98370544	98371388	LTR/ERVL	1377	-	422	98370966	49170
chr15	98321796	98521796	harbor1	chr15	98371698	98372584	LTR/ERVL	1377	-	443	98372141	50345
chr15	98321796	98521796	harbor1	chr15	98373107	98373314	LTR/ERVL	1110	-	104	98373211	51415
chr15	98321796	98521796	harbor1	chr15	98373611	98373893	LTR/ERVL	1110	-	141	98373752	51956
chr15	98321796	98521796	harbor1	chr15	98392992	98393202	LTR/ERVL	534	-	105	98393097	71301
chr15	98321796	98521796	harbor1	chr15	98402372	98402817	LTR/ERVL	2250	-	222	98402594	80798
chr15	69713052	69913052	harbor1	chr15	69785374	69785414	LTR/ERVL	2771	-	20	69785394	72342
chr15	69713052	69913052	harbor1	chr15	69785448	69785883	LTR/ERVL	2771	-	218	69785666	72614
chr15	35446205	35646205	harbor1	chr15	35448110	35448328	LTR/ERVL	611	-	109	35448219	2014
chr15	35446205	35646205	harbor1	chr15	35472152	35472608	LTR/ERVL	1168	-	228	35472380	26175
chr15	35446205	35646205	harbor1	chr15	35491924	35492336	LTR/ERVL	1932	-	206	35492130	45925
chr15	35446313	35646313	harbor1	chr15	35448110	35448328	LTR/ERVL	611	-	109	35448219	1906
chr15	35446313	35646313	harbor1	chr15	35472152	35472608	LTR/ERVL	1168	-	228	35472380	26067
chr15	35446313	35646313	harbor1	chr15	35491924	35492336	LTR/ERVL	1932	-	206	35492130	45817
chr15	88185139	88385139	harbor1	chr15	88209434	88209912	LTR/ERVL	1369	-	239	88209673	24534
chr15	96225435	96425435	harbor1	chr15	96243889	96244135	LTR/ERVL	682	-	123	96244012	18577
chr15	20916532	21116532	harbor1	chr15	20981931	20982363	LTR/ERVL	1143	-	216	20982147	65615
chr15	31770669	31970669	harbor1	chr15	31796103	31796165	LTR/ERVL	1950	-	31	31796134	25465
chr15	31770669	31970669	harbor1	chr15	31796261	31796609	LTR/ERVL	1950	-	174	31796435	25766
chr15	31770669	31970669	harbor1	chr15	31798713	31798989	LTR/ERVL	440	-	138	31798851	28182
chr15	31770669	31970669	harbor1	chr15	31802043	31802089	LTR/ERVL	3629	-	23	31802066	31397
chr15	31770669	31970669	harbor1	chr15	31802143	31802548	LTR/ERVL	3629	-	202	31802345	31676
chr15	35446401	35646401	harbor1	chr15	35448110	35448328	LTR/ERVL	611	-	109	35448219	1818
chr15	35446401	35646401	harbor1	chr15	35472152	35472608	LTR/ERVL	1168	-	228	35472380	25979
chr15	35446401	35646401	harbor1	chr15	35491924	35492336	LTR/ERVL	1932	-	206	35492130	45729
chr15	74496573	74696573	harbor1	chr15	74496742	74497999	LTR/ERVL	6788	-	628	74497370	797
chr15	74496573	74696573	harbor1	chr15	74499299	74499332	LTR/ERVL	789	-	16	74499315	2742
chr15	74496573	74696573	harbor1	chr15	74499794	74500000	LTR/ERVL	789	-	103	74499897	3324
chr15	74496573	74696573	harbor1	chr15	74500001	74500057	LTR/ERVL	2658	-	28	74500029	3456
chr15	74496573	74696573	harbor1	chr15	74500361	74500747	LTR/ERVL	2658	-	193	74500554	3981
chr15	74496573	74696573	harbor1	chr15	74501003	74501155	LTR/ERVL	2658	-	76	74501079	4506
chr15	74496573	74696573	harbor1	chr15	74501440	74501556	LTR/ERVL	2658	-	58	74501498	4925
chr15	74496573	74696573	harbor1	chr15	74501858	74502144	LTR/ERVL	2658	-	143	74502001	5428
chr15	74496573	74696573	harbor1	chr15	74502178	74502571	LTR/ERVL	1228	-	196	74502374	5801
chr15	35446238	35646238	harbor1	chr15	35448110	35448328	LTR/ERVL	611	-	109	35448219	1981
chr15	35446238	35646238	harbor1	chr15	35472152	35472608	LTR/ERVL	1168	-	228	35472380	26142
chr15	35446238	35646238	harbor1	chr15	35491924	35492336	LTR/ERVL	1932	-	206	35492130	45892
chr15	35446427	35646427	harbor1	chr15	35448110	35448328	LTR/ERVL	611	-	109	35448219	1792
chr15	35446427	35646427	harbor1	chr15	35472152	35472608	LTR/ERVL	1168	-	228	35472380	25953
chr15	35446427	35646427	harbor1	chr15	35491924	35492336	LTR/ERVL	1932	-	206	35492130	45703
chr15	22459893	22659893	harbor1	chr15	22521491	22521915	LTR/ERVL	1333	-	212	22521703	61810
chr15	22459893	22659893	harbor1	chr15	22526190	22526716	LTR/ERVL	1484	-	263	22526453	66560
chr15	22459893	22659893	harbor1	chr15	22544475	22545058	LTR/ERVL	2038	-	292	22544767	84874
chr15	22459893	22659893	harbor1	chr15	22551987	22552111	LTR/ERVL	522	-	62	22552049	92156
chr15	22459893	22659893	harbor1	chr15	22552516	22553489	LTR/ERVL	3074	-	486	22553002	93109
chr15	22459893	22659893	harbor1	chr15	22553491	22553995	LTR/ERVL	2211	-	252	22553743	93850
chr15	101859054	102059054	harbor1	chr15	101890385	101890505	LTR/ERVL	462	-	60	101890445	31391
chr15	35446269	35646269	harbor1	chr15	35448110	35448328	LTR/ERVL	611	-	109	35448219	1950
chr15	35446269	35646269	harbor1	chr15	35472152	35472608	LTR/ERVL	1168	-	228	35472380	26111
chr15	35446269	35646269	harbor1	chr15	35491924	35492336	LTR/ERVL	1932	-	206	35492130	45861
chr15	35445428	35645428	harbor1	chr15	35448110	35448328	LTR/ERVL	611	-	109	35448219	2791
chr15	35445428	35645428	harbor1	chr15	35472152	35472608	LTR/ERVL	1168	-	228	35472380	26952
chr15	35445428	35645428	harbor1	chr15	35491924	35492336	LTR/ERVL	1932	-	206	35492130	46702
chr15	52686084	52886084	harbor1	chr15	52747841	52747980	LTR/ERVL	771	-	70	52747911	61827
chr15	101854375	102054375	harbor1	chr15	101890385	101890505	LTR/ERVL	462	-	60	101890445	36070
chr15	101861607	102061607	harbor1	chr15	101890385	101890505	LTR/ERVL	462	-	60	101890445	28838
chr15	57606922	57806922	harbor1	chr15	57663351	57663769	LTR/ERVL	1413	-	209	57663560	56638
chr15	57606922	57806922	harbor1	chr15	57683011	57683407	LTR/ERVL	842	-	198	57683209	76287
chr15	27433813	27633813	harbor1	chr15	27502392	27503280	LTR/ERVL	4082	-	444	27502836	69023
chr15	35446215	35646215	harbor1	chr15	35448110	35448328	LTR/ERVL	611	-	109	35448219	2004
chr15	35446215	35646215	harbor1	chr15	35472152	35472608	LTR/ERVL	1168	-	228	35472380	26165
chr15	35446215	35646215	harbor1	chr15	35491924	35492336	LTR/ERVL	1932	-	206	35492130	45915
chr15	66727112	66927112	harbor1	chr15	66735529	66735914	LTR/ERVL	1005	-	192	66735721	8609
chr15	66727112	66927112	harbor1	chr15	66750574	66750966	LTR/ERVL	865	-	196	66750770	23658
chr15	35446283	35646283	harbor1	chr15	35448110	35448328	LTR/ERVL	611	-	109	35448219	1936
chr15	35446283	35646283	harbor1	chr15	35472152	35472608	LTR/ERVL	1168	-	228	35472380	26097
chr15	35446283	35646283	harbor1	chr15	35491924	35492336	LTR/ERVL	1932	-	206	35492130	45847
chr16	66189905	66389905	harbor1	chr16	66220610	66221059	LTR/ERVL	1085	-	224	66220834	30929
chr16	66189905	66389905	harbor1	chr16	66222831	66223253	LTR/ERVL	859	-	211	66223042	33137
chr16	66189905	66389905	harbor1	chr16	66239265	66239727	LTR/ERVL	2427	-	231	66239496	49591
chr16	66189905	66389905	harbor1	chr16	66253422	66253499	LTR/ERVL	1736	-	38	66253460	63555
chr16	66189905	66389905	harbor1	chr16	66253996	66254420	LTR/ERVL	1736	-	212	66254208	64303
chr16	66189905	66389905	harbor1	chr16	66262177	66262380	LTR/ERVL	693	-	102	66262279	72374
chr16	66189905	66389905	harbor1	chr16	66272851	66273144	LTR/ERVL	1028	-	146	66272997	83092
chr16	87260312	87460312	harbor1	chr16	87274755	87275170	LTR/ERVL	1555	-	208	87274963	14651
chr16	87260312	87460312	harbor1	chr16	87298877	87299184	LTR/ERVL	564	-	154	87299031	38719
chr16	1863921	2063921	harbor1	chr16	1933637	1934085	LTR/ERVL	2412	-	224	1933861	69940
chr16	1863921	2063921	harbor1	chr16	1934390	1934400	LTR/ERVL	2412	-	5	1934395	70474
chr16	1863921	2063921	harbor1	chr16	1935021	1935106	LTR/ERVL	2857	-	42	1935063	71142
chr16	1863921	2063921	harbor1	chr16	1935411	1936026	LTR/ERVL	2857	-	308	1935719	71798
chr16	88644690	88844690	harbor1	chr16	88690280	88690955	LTR/ERVL	2989	-	338	88690618	45928
chr16	1892189	2092189	harbor1	chr16	1933637	1934085	LTR/ERVL	2412	-	224	1933861	41672
chr16	1892189	2092189	harbor1	chr16	1934390	1934400	LTR/ERVL	2412	-	5	1934395	42206
chr16	1892189	2092189	harbor1	chr16	1935021	1935106	LTR/ERVL	2857	-	42	1935063	42874
chr16	1892189	2092189	harbor1	chr16	1935411	1936026	LTR/ERVL	2857	-	308	1935719	43530
chr16	1892191	2092191	harbor1	chr16	1933637	1934085	LTR/ERVL	2412	-	224	1933861	41670
chr16	1892191	2092191	harbor1	chr16	1934390	1934400	LTR/ERVL	2412	-	5	1934395	42204
chr16	1892191	2092191	harbor1	chr16	1935021	1935106	LTR/ERVL	2857	-	42	1935063	42872
chr16	1892191	2092191	harbor1	chr16	1935411	1936026	LTR/ERVL	2857	-	308	1935719	43528
chr16	2340233	2540233	harbor1	chr16	2379782	2380375	LTR/ERVL	4036	-	296	2380078	39845
chr16	2340233	2540233	harbor1	chr16	2380670	2380970	LTR/ERVL	4036	-	150	2380820	40587
chr16	2340233	2540233	harbor1	chr16	2385110	2385807	LTR/ERVL	1145	-	348	2385458	45225
chr16	2340233	2540233	harbor1	chr16	2388267	2388479	LTR/ERVL	1226	-	106	2388373	48140
chr16	2340233	2540233	harbor1	chr16	2397960	2398214	LTR/ERVL	1454	-	127	2398087	57854
chr16	2340233	2540233	harbor1	chr16	2398363	2398999	LTR/ERVL	2152	-	318	2398681	58448
chr16	66906669	67106669	harbor1	chr16	66961892	66962365	LTR/ERVL	1600	-	236	66962128	55459
chr16	2823031	3023031	harbor1	chr16	2893052	2893452	LTR/ERVL	2114	-	200	2893252	70221
chr16	54828777	55028777	harbor1	chr16	54844034	54844094	LTR/ERVL	1082	-	30	54844064	15287
chr16	54828777	55028777	harbor1	chr16	54844392	54844611	LTR/ERVL	1082	-	110	54844502	15725
chr16	54828777	55028777	harbor1	chr16	54845140	54845264	LTR/ERVL	1082	-	62	54845202	16425
chr16	1889985	2089985	harbor1	chr16	1933637	1934085	LTR/ERVL	2412	-	224	1933861	43876
chr16	1889985	2089985	harbor1	chr16	1934390	1934400	LTR/ERVL	2412	-	5	1934395	44410
chr16	1889985	2089985	harbor1	chr16	1935021	1935106	LTR/ERVL	2857	-	42	1935063	45078
chr16	1889985	2089985	harbor1	chr16	1935411	1936026	LTR/ERVL	2857	-	308	1935719	45734
chr16	56526501	56726501	harbor1	chr16	56534450	56534607	LTR/ERVL	1615	-	78	56534528	8027
chr16	56526501	56726501	harbor1	chr16	56534913	56535034	LTR/ERVL	1615	-	60	56534973	8472
chr16	56526501	56726501	harbor1	chr16	56612708	56613017	LTR/ERVL	1949	-	154	56612862	86361
chr16	56526501	56726501	harbor1	chr16	56613362	56613488	LTR/ERVL	1949	-	63	56613425	86924
chr16	56526501	56726501	harbor1	chr16	56613489	56613790	LTR/ERVL	4157	-	150	56613639	87138
chr16	56526501	56726501	harbor1	chr16	56613822	56614220	LTR/ERVL	4157	-	199	56614021	87520
chr16	56526501	56726501	harbor1	chr16	56614553	56614725	LTR/ERVL	4157	-	86	56614639	88138
chr16	56526501	56726501	harbor1	chr16	56614721	56614827	LTR/ERVL	1818	-	53	56614774	88273
chr16	56526501	56726501	harbor1	chr16	56615127	56615439	LTR/ERVL	1818	-	156	56615283	88782
chr16	56526501	56726501	harbor1	chr16	56615442	56615580	LTR/ERVL	816	-	69	56615511	89010
chr16	87282562	87482562	harbor1	chr16	87298877	87299184	LTR/ERVL	564	-	154	87299031	16469
chr16	66877936	67077936	harbor1	chr16	66961892	66962365	LTR/ERVL	1600	-	236	66962128	84192
chr16	47360972	47560972	harbor1	chr16	47366834	47367587	LTR/ERVL	3225	-	376	47367210	6238
chr16	771657	971657	harbor1	chr16	808686	808992	LTR/ERVL	1562	-	153	808839	37182
chr16	771657	971657	harbor1	chr16	809313	809499	LTR/ERVL	1562	-	93	809406	37749
chr16	87292271	87492271	harbor1	chr16	87298877	87299184	LTR/ERVL	564	-	154	87299031	6760
chr16	1721078	1921078	harbor1	chr16	1727809	1728313	LTR/ERVL	695	-	252	1728061	6983
chr16	87292307	87492307	harbor1	chr16	87298877	87299184	LTR/ERVL	564	-	154	87299031	6724
chr16	1892466	2092466	harbor1	chr16	1933637	1934085	LTR/ERVL	2412	-	224	1933861	41395
chr16	1892466	2092466	harbor1	chr16	1934390	1934400	LTR/ERVL	2412	-	5	1934395	41929
chr16	1892466	2092466	harbor1	chr16	1935021	1935106	LTR/ERVL	2857	-	42	1935063	42597
chr16	1892466	2092466	harbor1	chr16	1935411	1936026	LTR/ERVL	2857	-	308	1935719	43253
chr16	66864287	67064287	harbor1	chr16	66961892	66962365	LTR/ERVL	1600	-	236	66962128	97841
chr16	2369786	2569786	harbor1	chr16	2379782	2380375	LTR/ERVL	4036	-	296	2380078	10292
chr16	2369786	2569786	harbor1	chr16	2380670	2380970	LTR/ERVL	4036	-	150	2380820	11034
chr16	2369786	2569786	harbor1	chr16	2385110	2385807	LTR/ERVL	1145	-	348	2385458	15672
chr16	2369786	2569786	harbor1	chr16	2388267	2388479	LTR/ERVL	1226	-	106	2388373	18587
chr16	2369786	2569786	harbor1	chr16	2397960	2398214	LTR/ERVL	1454	-	127	2398087	28301
chr16	2369786	2569786	harbor1	chr16	2398363	2398999	LTR/ERVL	2152	-	318	2398681	28895
chr16	2865141	3065141	harbor1	chr16	2893052	2893452	LTR/ERVL	2114	-	200	2893252	28111
chr16	427634	627634	harbor1	chr16	495560	495728	LTR/ERVL	558	-	84	495644	68010
chr16	47360990	47560990	harbor1	chr16	47366834	47367587	LTR/ERVL	3225	-	376	47367210	6220
chr16	47361018	47561018	harbor1	chr16	47366834	47367587	LTR/ERVL	3225	-	376	47367210	6192
chr16	456401	656401	harbor1	chr16	495560	495728	LTR/ERVL	558	-	84	495644	39243
chr16	456325	656325	harbor1	chr16	495560	495728	LTR/ERVL	558	-	84	495644	39319
chr16	47360574	47560574	harbor1	chr16	47366834	47367587	LTR/ERVL	3225	-	376	47367210	6636
chr16	2836839	3036839	harbor1	chr16	2893052	2893452	LTR/ERVL	2114	-	200	2893252	56413
chr16	56535629	56735629	harbor1	chr16	56612708	56613017	LTR/ERVL	1949	-	154	56612862	77233
chr16	56535629	56735629	harbor1	chr16	56613362	56613488	LTR/ERVL	1949	-	63	56613425	77796
chr16	56535629	56735629	harbor1	chr16	56613489	56613790	LTR/ERVL	4157	-	150	56613639	78010
chr16	56535629	56735629	harbor1	chr16	56613822	56614220	LTR/ERVL	4157	-	199	56614021	78392
chr16	56535629	56735629	harbor1	chr16	56614553	56614725	LTR/ERVL	4157	-	86	56614639	79010
chr16	56535629	56735629	harbor1	chr16	56614721	56614827	LTR/ERVL	1818	-	53	56614774	79145
chr16	56535629	56735629	harbor1	chr16	56615127	56615439	LTR/ERVL	1818	-	156	56615283	79654
chr16	56535629	56735629	harbor1	chr16	56615442	56615580	LTR/ERVL	816	-	69	56615511	79882
chr16	30534673	30734673	harbor1	chr16	30591637	30591792	LTR/ERVL	772	-	78	30591715	57042
chr16	30534673	30734673	harbor1	chr16	30598185	30598429	LTR/ERVL	862	-	122	30598307	63634
chr16	30534673	30734673	harbor1	chr16	30598889	30599002	LTR/ERVL	643	-	56	30598945	64272
chr16	30534673	30734673	harbor1	chr16	30599023	30599249	LTR/ERVL	1720	-	113	30599136	64463
chr16	30534673	30734673	harbor1	chr16	30599576	30599900	LTR/ERVL	1720	-	162	30599738	65065
chr16	775221	975221	harbor1	chr16	808686	808992	LTR/ERVL	1562	-	153	808839	33618
chr16	775221	975221	harbor1	chr16	809313	809499	LTR/ERVL	1562	-	93	809406	34185
chr16	71269697	71469697	harbor1	chr16	71344432	71344622	LTR/ERVL	690	-	95	71344527	74830
chr16	71269697	71469697	harbor1	chr16	71348167	71348543	LTR/ERVL	934	-	188	71348355	78658
chr16	1872249	2072249	harbor1	chr16	1933637	1934085	LTR/ERVL	2412	-	224	1933861	61612
chr16	1872249	2072249	harbor1	chr16	1934390	1934400	LTR/ERVL	2412	-	5	1934395	62146
chr16	1872249	2072249	harbor1	chr16	1935021	1935106	LTR/ERVL	2857	-	42	1935063	62814
chr16	1872249	2072249	harbor1	chr16	1935411	1936026	LTR/ERVL	2857	-	308	1935719	63470
chr16	18689988	18889988	harbor1	chr16	18741046	18741599	LTR/ERVL	2024	-	276	18741322	51334
chr16	427636	627636	harbor1	chr16	495560	495728	LTR/ERVL	558	-	84	495644	68008
chr16	30599212	30799212	harbor1	chr16	30599023	30599249	LTR/ERVL	1720	-	113	30599136	76
chr16	30599212	30799212	harbor1	chr16	30599576	30599900	LTR/ERVL	1720	-	162	30599738	526
chr16	30599212	30799212	harbor1	chr16	30647304	30647706	LTR/ERVL	1265	-	201	30647505	48293
chr16	2721710	2921710	harbor1	chr16	2806607	2807012	LTR/ERVL	2144	-	202	2806809	85099
chr16	75147513	75347513	harbor1	chr16	75196580	75196971	LTR/ERVL	815	-	196	75196776	49263
chr16	75147513	75347513	harbor1	chr16	75197056	75197408	LTR/ERVL	1452	-	176	75197232	49719
chr16	75147513	75347513	harbor1	chr16	75197695	75197951	LTR/ERVL	1452	-	128	75197823	50310
chr16	75147513	75347513	harbor1	chr16	75197958	75198339	LTR/ERVL	748	-	190	75198148	50635
chr16	29715614	29915614	harbor1	chr16	29732318	29732358	LTR/ERVL	1640	-	20	29732338	16724
chr16	29715614	29915614	harbor1	chr16	29733394	29733446	LTR/ERVL	1640	-	26	29733420	17806
chr16	29715614	29915614	harbor1	chr16	29733742	29734008	LTR/ERVL	1640	-	133	29733875	18261
chr16	29715614	29915614	harbor1	chr16	29752945	29752964	LTR/ERVL	1067	-	10	29752955	37341
chr16	29715614	29915614	harbor1	chr16	29753805	29753983	LTR/ERVL	1067	-	89	29753894	38280
chr16	29715614	29915614	harbor1	chr16	29754307	29754350	LTR/ERVL	1067	-	22	29754329	38715
chr16	89168748	89368748	harbor1	chr16	89211149	89211635	LTR/ERVL	2028	-	243	89211392	42644
chr16	427637	627637	harbor1	chr16	495560	495728	LTR/ERVL	558	-	84	495644	68007
chr16	2865156	3065156	harbor1	chr16	2893052	2893452	LTR/ERVL	2114	-	200	2893252	28096
chr16	54828772	55028772	harbor1	chr16	54844034	54844094	LTR/ERVL	1082	-	30	54844064	15292
chr16	54828772	55028772	harbor1	chr16	54844392	54844611	LTR/ERVL	1082	-	110	54844502	15730
chr16	54828772	55028772	harbor1	chr16	54845140	54845264	LTR/ERVL	1082	-	62	54845202	16430
chr16	87284537	87484537	harbor1	chr16	87298877	87299184	LTR/ERVL	564	-	154	87299031	14494
chr16	2865150	3065150	harbor1	chr16	2893052	2893452	LTR/ERVL	2114	-	200	2893252	28102
chr16	1688539	1888539	harbor1	chr16	1727809	1728313	LTR/ERVL	695	-	252	1728061	39522
chr17	7461503	7661503	harbor1	chr17	7515999	7516473	LTR/ERVL	2139	-	237	7516236	54733
chr17	79817297	80017297	harbor1	chr17	79857857	79858257	LTR/ERVL	814	-	200	79858057	40760
chr17	79817297	80017297	harbor1	chr17	79901460	79901494	LTR/ERVL	1897	-	17	79901477	84180
chr17	79817297	80017297	harbor1	chr17	79901934	79902799	LTR/ERVL	1897	-	432	79902366	85069
chr17	79817297	80017297	harbor1	chr17	79903871	79904073	LTR/ERVL	1361	-	101	79903972	86675
chr17	79817297	80017297	harbor1	chr17	79906010	79906563	LTR/ERVL	667	-	276	79906286	88989
chr17	79817297	80017297	harbor1	chr17	79904359	79904803	LTR/ERVL	1376	-	222	79904581	87284
chr17	76637323	76837323	harbor1	chr17	76648856	76649286	LTR/ERVL	2476	-	215	76649071	11748
chr17	76637252	76837252	harbor1	chr17	76648856	76649286	LTR/ERVL	2476	-	215	76649071	11819
chr17	55165220	55365220	harbor1	chr17	55178546	55179010	LTR/ERVL	1790	-	232	55178778	13558
chr17	55165220	55365220	harbor1	chr17	55191704	55192059	LTR/ERVL	1214	-	178	55191882	26662
chr17	75009313	75209313	harbor1	chr17	75018746	75018977	LTR/ERVL	916	-	116	75018862	9549
chr17	75009313	75209313	harbor1	chr17	75019144	75019422	LTR/ERVL	964	-	139	75019283	9970
chr17	987890	1187890	harbor1	chr17	987594	988864	LTR/ERVL	6712	-	635	988229	339
chr17	7461829	7661829	harbor1	chr17	7515999	7516473	LTR/ERVL	2139	-	237	7516236	54407
chr17	48623726	48823726	harbor1	chr17	48654724	48654763	LTR/ERVL	2010	-	20	48654744	31018
chr17	48623726	48823726	harbor1	chr17	48654799	48655200	LTR/ERVL	2010	-	200	48654999	31273
chr17	48623726	48823726	harbor1	chr17	48656028	48656409	LTR/ERVL	1321	-	190	48656218	32492
chr17	48623726	48823726	harbor1	chr17	48656410	48657523	LTR/ERVL	6678	-	556	48656966	33240
chr17	48623726	48823726	harbor1	chr17	48657530	48657698	LTR/ERVL	1808	-	84	48657614	33888
chr17	48623726	48823726	harbor1	chr17	48658003	48658296	LTR/ERVL	1808	-	146	48658149	34423
chr17	48623726	48823726	harbor1	chr17	48658777	48659048	LTR/ERVL	1415	-	136	48658913	35187
chr17	48623726	48823726	harbor1	chr17	48659481	48660151	LTR/ERVL	2811	-	335	48659816	36090
chr17	48623726	48823726	harbor1	chr17	48660153	48660306	LTR/ERVL	1436	-	76	48660229	36503
chr17	48623726	48823726	harbor1	chr17	48660598	48660845	LTR/ERVL	1436	-	124	48660722	36996
chr17	48623726	48823726	harbor1	chr17	48661284	48661425	LTR/ERVL	973	-	70	48661354	37628
chr17	48623726	48823726	harbor1	chr17	48661455	48661577	LTR/ERVL	973	-	61	48661516	37790
chr17	48623726	48823726	harbor1	chr17	48663084	48663269	LTR/ERVL	618	-	92	48663176	39450
chr17	48623726	48823726	harbor1	chr17	48663294	48663786	LTR/ERVL	2134	-	246	48663540	39814
chr17	48623726	48823726	harbor1	chr17	48663791	48664136	LTR/ERVL	1131	-	172	48663963	40237
chr17	48623726	48823726	harbor1	chr17	48664431	48664543	LTR/ERVL	1131	-	56	48664487	40761
chr17	7461828	7661828	harbor1	chr17	7515999	7516473	LTR/ERVL	2139	-	237	7516236	54408
chr17	74972414	75172414	harbor1	chr17	75002639	75002852	LTR/ERVL	626	-	106	75002745	30331
chr17	74972414	75172414	harbor1	chr17	75018746	75018977	LTR/ERVL	916	-	116	75018862	46448
chr17	74972414	75172414	harbor1	chr17	75019144	75019422	LTR/ERVL	964	-	139	75019283	46869
chr17	76768659	76968659	harbor1	chr17	76770496	76770935	LTR/ERVL	1669	-	220	76770716	2057
chr17	76768659	76968659	harbor1	chr17	76771056	76771359	LTR/ERVL	1669	-	152	76771208	2549
chr17	76768659	76968659	harbor1	chr17	76786443	76786808	LTR/ERVL	1617	-	182	76786625	17966
chr17	76768659	76968659	harbor1	chr17	76796466	76796620	LTR/ERVL	1978	-	77	76796543	27884
chr17	76768659	76968659	harbor1	chr17	76797747	76797890	LTR/ERVL	1978	-	72	76797819	29160
chr17	76768659	76968659	harbor1	chr17	76798188	76798651	LTR/ERVL	1978	-	232	76798420	29761
chr17	76768659	76968659	harbor1	chr17	76832042	76832588	LTR/ERVL	1985	-	273	76832315	63656
chr17	76768659	76968659	harbor1	chr17	76845167	76845355	LTR/ERVL	1254	-	94	76845261	76602
chr17	76768659	76968659	harbor1	chr17	76845667	76845833	LTR/ERVL	1254	-	83	76845750	77091
chr17	76768659	76968659	harbor1	chr17	76865615	76866063	LTR/ERVL	1045	-	224	76865839	97180
chr17	80785283	80985283	harbor1	chr17	80796159	80796324	LTR/ERVL	1097	-	82	80796241	10958
chr17	76637238	76837238	harbor1	chr17	76648856	76649286	LTR/ERVL	2476	-	215	76649071	11833
chr17	7461853	7661853	harbor1	chr17	7515999	7516473	LTR/ERVL	2139	-	237	7516236	54383
chr17	76637301	76837301	harbor1	chr17	76648856	76649286	LTR/ERVL	2476	-	215	76649071	11770
chr17	76637314	76837314	harbor1	chr17	76648856	76649286	LTR/ERVL	2476	-	215	76649071	11757
chr17	7461830	7661830	harbor1	chr17	7515999	7516473	LTR/ERVL	2139	-	237	7516236	54406
chr17	80624434	80824434	harbor1	chr17	80630493	80630733	LTR/ERVL	1198	-	120	80630613	6179
chr17	41209190	41409190	harbor1	chr17	41229690	41230078	LTR/ERVL	765	-	194	41229884	20694
chr17	41209190	41409190	harbor1	chr17	41235176	41235562	LTR/ERVL	638	-	193	41235369	26179
chr17	41209190	41409190	harbor1	chr17	41246858	41247231	LTR/ERVL	668	-	186	41247044	37854
chr17	41209190	41409190	harbor1	chr17	41252392	41252670	LTR/ERVL	675	-	139	41252531	43341
chr17	43299144	43499144	harbor1	chr17	43385368	43385819	LTR/ERVL	1352	-	226	43385594	86450
chr17	18132683	18332683	harbor1	chr17	18172944	18173309	LTR/ERVL	1342	-	182	18173126	40443
chr17	7461823	7661823	harbor1	chr17	7515999	7516473	LTR/ERVL	2139	-	237	7516236	54413
chr17	76637283	76837283	harbor1	chr17	76648856	76649286	LTR/ERVL	2476	-	215	76649071	11788
chr17	76768658	76968658	harbor1	chr17	76770496	76770935	LTR/ERVL	1669	-	220	76770716	2058
chr17	76768658	76968658	harbor1	chr17	76771056	76771359	LTR/ERVL	1669	-	152	76771208	2550
chr17	76768658	76968658	harbor1	chr17	76786443	76786808	LTR/ERVL	1617	-	182	76786625	17967
chr17	76768658	76968658	harbor1	chr17	76796466	76796620	LTR/ERVL	1978	-	77	76796543	27885
chr17	76768658	76968658	harbor1	chr17	76797747	76797890	LTR/ERVL	1978	-	72	76797819	29161
chr17	76768658	76968658	harbor1	chr17	76798188	76798651	LTR/ERVL	1978	-	232	76798420	29762
chr17	76768658	76968658	harbor1	chr17	76832042	76832588	LTR/ERVL	1985	-	273	76832315	63657
chr17	76768658	76968658	harbor1	chr17	76845167	76845355	LTR/ERVL	1254	-	94	76845261	76603
chr17	76768658	76968658	harbor1	chr17	76845667	76845833	LTR/ERVL	1254	-	83	76845750	77092
chr17	76768658	76968658	harbor1	chr17	76865615	76866063	LTR/ERVL	1045	-	224	76865839	97181
chr17	7461898	7661898	harbor1	chr17	7515999	7516473	LTR/ERVL	2139	-	237	7516236	54338
chr17	79818751	80018751	harbor1	chr17	79857857	79858257	LTR/ERVL	814	-	200	79858057	39306
chr17	79818751	80018751	harbor1	chr17	79901460	79901494	LTR/ERVL	1897	-	17	79901477	82726
chr17	79818751	80018751	harbor1	chr17	79901934	79902799	LTR/ERVL	1897	-	432	79902366	83615
chr17	79818751	80018751	harbor1	chr17	79903871	79904073	LTR/ERVL	1361	-	101	79903972	85221
chr17	79818751	80018751	harbor1	chr17	79906010	79906563	LTR/ERVL	667	-	276	79906286	87535
chr17	79818751	80018751	harbor1	chr17	79904359	79904803	LTR/ERVL	1376	-	222	79904581	85830
chr17	7461905	7661905	harbor1	chr17	7515999	7516473	LTR/ERVL	2139	-	237	7516236	54331
chr17	56020599	56220599	harbor1	chr17	56068217	56068354	LTR/ERVL	681	-	68	56068285	47686
chr17	7461897	7661897	harbor1	chr17	7515999	7516473	LTR/ERVL	2139	-	237	7516236	54339
chr17	78924128	79124128	harbor1	chr17	78959888	78960464	LTR/ERVL	1390	-	288	78960176	36048
chr17	7461844	7661844	harbor1	chr17	7515999	7516473	LTR/ERVL	2139	-	237	7516236	54392
chr17	67266541	67466541	harbor1	chr17	67323658	67323785	LTR/ERVL	1761	-	64	67323722	57181
chr17	67266541	67466541	harbor1	chr17	67324083	67324718	LTR/ERVL	1761	-	318	67324401	57860
chr17	67266541	67466541	harbor1	chr17	67325222	67325386	LTR/ERVL	2775	-	82	67325304	58763
chr17	67266541	67466541	harbor1	chr17	67325694	67326198	LTR/ERVL	2968	-	252	67325946	59405
chr17	67266541	67466541	harbor1	chr17	67326507	67326845	LTR/ERVL	2968	-	169	67326676	60135
chr17	67266541	67466541	harbor1	chr17	67327772	67327940	LTR/ERVL	2968	-	84	67327856	61315
chr17	67266541	67466541	harbor1	chr17	67328798	67329141	LTR/ERVL	2968	-	172	67328970	62429
chr17	67266541	67466541	harbor1	chr17	67329439	67329797	LTR/ERVL	2968	-	179	67329618	63077
chr17	67266541	67466541	harbor1	chr17	67330130	67330168	LTR/ERVL	2968	-	19	67330149	63608
chr17	67266541	67466541	harbor1	chr17	67333083	67333266	LTR/ERVL	724	-	92	67333175	66634
chr17	67266541	67466541	harbor1	chr17	67333298	67333698	LTR/ERVL	1109	-	200	67333498	66957
chr17	7461836	7661836	harbor1	chr17	7515999	7516473	LTR/ERVL	2139	-	237	7516236	54400
chr17	82589285	82789285	harbor1	chr17	82600249	82600635	LTR/ERVL	1445	-	193	82600442	11157
chr17	82589285	82789285	harbor1	chr17	82637358	82637769	LTR/ERVL	2106	-	206	82637564	48279
chr17	50408598	50608598	harbor1	chr17	50455336	50455540	LTR/ERVL	733	-	102	50455438	46840
chr17	50408598	50608598	harbor1	chr17	50476630	50476871	LTR/ERVL	2422	-	120	50476750	68152
chr17	50408598	50608598	harbor1	chr17	50477156	50477204	LTR/ERVL	2422	-	24	50477180	68582
chr17	50408598	50608598	harbor1	chr17	50477511	50477662	LTR/ERVL	2422	-	76	50477587	68989
chr17	50408598	50608598	harbor1	chr17	50477944	50478025	LTR/ERVL	2422	-	40	50477984	69386
chr17	50408598	50608598	harbor1	chr17	50485243	50485501	LTR/ERVL	762	-	129	50485372	76774
chr17	44870431	45070431	harbor1	chr17	44952532	44952622	LTR/ERVL	1679	-	45	44952577	82146
chr17	44870431	45070431	harbor1	chr17	44952926	44953252	LTR/ERVL	1679	-	163	44953089	82658
chr17	76637247	76837247	harbor1	chr17	76648856	76649286	LTR/ERVL	2476	-	215	76649071	11824
chr17	17393446	17593446	harbor1	chr17	17463278	17463660	LTR/ERVL	1655	-	191	17463469	70023
chr17	17393446	17593446	harbor1	chr17	17463845	17464740	LTR/ERVL	1655	-	448	17464293	70847
chr17	7461870	7661870	harbor1	chr17	7515999	7516473	LTR/ERVL	2139	-	237	7516236	54366
chr17	7461914	7661914	harbor1	chr17	7515999	7516473	LTR/ERVL	2139	-	237	7516236	54322
chr17	76768628	76968628	harbor1	chr17	76770496	76770935	LTR/ERVL	1669	-	220	76770716	2088
chr17	76768628	76968628	harbor1	chr17	76771056	76771359	LTR/ERVL	1669	-	152	76771208	2580
chr17	76768628	76968628	harbor1	chr17	76786443	76786808	LTR/ERVL	1617	-	182	76786625	17997
chr17	76768628	76968628	harbor1	chr17	76796466	76796620	LTR/ERVL	1978	-	77	76796543	27915
chr17	76768628	76968628	harbor1	chr17	76797747	76797890	LTR/ERVL	1978	-	72	76797819	29191
chr17	76768628	76968628	harbor1	chr17	76798188	76798651	LTR/ERVL	1978	-	232	76798420	29792
chr17	76768628	76968628	harbor1	chr17	76832042	76832588	LTR/ERVL	1985	-	273	76832315	63687
chr17	76768628	76968628	harbor1	chr17	76845167	76845355	LTR/ERVL	1254	-	94	76845261	76633
chr17	76768628	76968628	harbor1	chr17	76845667	76845833	LTR/ERVL	1254	-	83	76845750	77122
chr17	76768628	76968628	harbor1	chr17	76865615	76866063	LTR/ERVL	1045	-	224	76865839	97211
chr17	76768654	76968654	harbor1	chr17	76770496	76770935	LTR/ERVL	1669	-	220	76770716	2062
chr17	76768654	76968654	harbor1	chr17	76771056	76771359	LTR/ERVL	1669	-	152	76771208	2554
chr17	76768654	76968654	harbor1	chr17	76786443	76786808	LTR/ERVL	1617	-	182	76786625	17971
chr17	76768654	76968654	harbor1	chr17	76796466	76796620	LTR/ERVL	1978	-	77	76796543	27889
chr17	76768654	76968654	harbor1	chr17	76797747	76797890	LTR/ERVL	1978	-	72	76797819	29165
chr17	76768654	76968654	harbor1	chr17	76798188	76798651	LTR/ERVL	1978	-	232	76798420	29766
chr17	76768654	76968654	harbor1	chr17	76832042	76832588	LTR/ERVL	1985	-	273	76832315	63661
chr17	76768654	76968654	harbor1	chr17	76845167	76845355	LTR/ERVL	1254	-	94	76845261	76607
chr17	76768654	76968654	harbor1	chr17	76845667	76845833	LTR/ERVL	1254	-	83	76845750	77096
chr17	76768654	76968654	harbor1	chr17	76865615	76866063	LTR/ERVL	1045	-	224	76865839	97185
chr17	7461805	7661805	harbor1	chr17	7515999	7516473	LTR/ERVL	2139	-	237	7516236	54431
chr17	15555287	15755287	harbor1	chr17	15644046	15644183	LTR/ERVL	1694	-	68	15644114	88827
chr17	15555287	15755287	harbor1	chr17	15644487	15644800	LTR/ERVL	1694	-	156	15644643	89356
chr17	75009533	75209533	harbor1	chr17	75018746	75018977	LTR/ERVL	916	-	116	75018862	9329
chr17	75009533	75209533	harbor1	chr17	75019144	75019422	LTR/ERVL	964	-	139	75019283	9750
chr17	43590747	43790747	harbor1	chr17	43684835	43685172	LTR/ERVL	1230	-	168	43685003	94256
chr17	8023310	8223310	harbor1	chr17	8053988	8054525	LTR/ERVL	2463	-	268	8054256	30946
chr17	987847	1187847	harbor1	chr17	987594	988864	LTR/ERVL	6712	-	635	988229	382
chr17	41516785	41716785	harbor1	chr17	41541850	41542436	LTR/ERVL	1956	-	293	41542143	25358
chr17	41516785	41716785	harbor1	chr17	41559335	41559812	LTR/ERVL	1155	-	238	41559573	42788
chr17	7461864	7661864	harbor1	chr17	7515999	7516473	LTR/ERVL	2139	-	237	7516236	54372
chr17	987852	1187852	harbor1	chr17	987594	988864	LTR/ERVL	6712	-	635	988229	377
chr17	78924157	79124157	harbor1	chr17	78959888	78960464	LTR/ERVL	1390	-	288	78960176	36019
chr17	7461894	7661894	harbor1	chr17	7515999	7516473	LTR/ERVL	2139	-	237	7516236	54342
chr17	76711222	76911222	harbor1	chr17	76770496	76770935	LTR/ERVL	1669	-	220	76770716	59494
chr17	76711222	76911222	harbor1	chr17	76771056	76771359	LTR/ERVL	1669	-	152	76771208	59986
chr17	76711222	76911222	harbor1	chr17	76786443	76786808	LTR/ERVL	1617	-	182	76786625	75403
chr17	76711222	76911222	harbor1	chr17	76796466	76796620	LTR/ERVL	1978	-	77	76796543	85321
chr17	76711222	76911222	harbor1	chr17	76797747	76797890	LTR/ERVL	1978	-	72	76797819	86597
chr17	76711222	76911222	harbor1	chr17	76798188	76798651	LTR/ERVL	1978	-	232	76798420	87198
chr17	76768627	76968627	harbor1	chr17	76770496	76770935	LTR/ERVL	1669	-	220	76770716	2089
chr17	76768627	76968627	harbor1	chr17	76771056	76771359	LTR/ERVL	1669	-	152	76771208	2581
chr17	76768627	76968627	harbor1	chr17	76786443	76786808	LTR/ERVL	1617	-	182	76786625	17998
chr17	76768627	76968627	harbor1	chr17	76796466	76796620	LTR/ERVL	1978	-	77	76796543	27916
chr17	76768627	76968627	harbor1	chr17	76797747	76797890	LTR/ERVL	1978	-	72	76797819	29192
chr17	76768627	76968627	harbor1	chr17	76798188	76798651	LTR/ERVL	1978	-	232	76798420	29793
chr17	76768627	76968627	harbor1	chr17	76832042	76832588	LTR/ERVL	1985	-	273	76832315	63688
chr17	76768627	76968627	harbor1	chr17	76845167	76845355	LTR/ERVL	1254	-	94	76845261	76634
chr17	76768627	76968627	harbor1	chr17	76845667	76845833	LTR/ERVL	1254	-	83	76845750	77123
chr17	76768627	76968627	harbor1	chr17	76865615	76866063	LTR/ERVL	1045	-	224	76865839	97212
chr17	15134573	15334573	harbor1	chr17	15153412	15153593	LTR/ERVL	684	-	90	15153502	18929
chr17	81838541	82038541	harbor1	chr17	81900926	81901457	LTR/ERVL	1913	-	266	81901192	62651
chr17	7461804	7661804	harbor1	chr17	7515999	7516473	LTR/ERVL	2139	-	237	7516236	54432
chr17	74649363	74849363	harbor1	chr17	74721943	74722014	LTR/ERVL	1703	-	36	74721979	72616
chr17	74649363	74849363	harbor1	chr17	74722304	74722635	LTR/ERVL	1703	-	166	74722470	73107
chr17	74649363	74849363	harbor1	chr17	74729419	74729901	LTR/ERVL	1042	-	241	74729660	80297
chr17	74649363	74849363	harbor1	chr17	74727256	74727711	LTR/ERVL	2028	-	228	74727484	78121
chr17	76636928	76836928	harbor1	chr17	76648856	76649286	LTR/ERVL	2476	-	215	76649071	12143
chr17	75009499	75209499	harbor1	chr17	75018746	75018977	LTR/ERVL	916	-	116	75018862	9363
chr17	75009499	75209499	harbor1	chr17	75019144	75019422	LTR/ERVL	964	-	139	75019283	9784
chr17	6918778	7118778	harbor1	chr17	6948688	6949229	LTR/ERVL	1379	-	270	6948958	30180
chr17	76637263	76837263	harbor1	chr17	76648856	76649286	LTR/ERVL	2476	-	215	76649071	11808
chr17	44209709	44409709	harbor1	chr17	44292067	44292428	LTR/ERVL	991	-	180	44292247	82538
chr17	44209709	44409709	harbor1	chr17	44293369	44294120	LTR/ERVL	2413	-	376	44293745	84036
chr17	44209709	44409709	harbor1	chr17	44294405	44295021	LTR/ERVL	3253	-	308	44294713	85004
chr17	44209709	44409709	harbor1	chr17	44295313	44295655	LTR/ERVL	3253	-	171	44295484	85775
chr17	44209709	44409709	harbor1	chr17	44295944	44296347	LTR/ERVL	3253	-	202	44296146	86437
chr17	44209709	44409709	harbor1	chr17	44296650	44297322	LTR/ERVL	3253	-	336	44296986	87277
chr17	44209709	44409709	harbor1	chr17	44297668	44297725	LTR/ERVL	3253	-	28	44297696	87987
chr17	44209709	44409709	harbor1	chr17	44298027	44298586	LTR/ERVL	3253	-	280	44298307	88598
chr17	44209709	44409709	harbor1	chr17	44298854	44298961	LTR/ERVL	3156	-	54	44298908	89199
chr17	44209709	44409709	harbor1	chr17	44299260	44299505	LTR/ERVL	3156	-	122	44299382	89673
chr17	44209709	44409709	harbor1	chr17	44299508	44299701	LTR/ERVL	1498	-	96	44299604	89895
chr17	44209709	44409709	harbor1	chr17	44300032	44300328	LTR/ERVL	1498	-	148	44300180	90471
chr17	17071303	17271303	harbor1	chr17	17151171	17151804	LTR/ERVL	1074	-	316	17151487	80184
chr17	44256633	44456633	harbor1	chr17	44292067	44292428	LTR/ERVL	991	-	180	44292247	35614
chr17	44256633	44456633	harbor1	chr17	44293369	44294120	LTR/ERVL	2413	-	376	44293745	37112
chr17	44256633	44456633	harbor1	chr17	44294405	44295021	LTR/ERVL	3253	-	308	44294713	38080
chr17	44256633	44456633	harbor1	chr17	44295313	44295655	LTR/ERVL	3253	-	171	44295484	38851
chr17	44256633	44456633	harbor1	chr17	44295944	44296347	LTR/ERVL	3253	-	202	44296146	39513
chr17	44256633	44456633	harbor1	chr17	44296650	44297322	LTR/ERVL	3253	-	336	44296986	40353
chr17	44256633	44456633	harbor1	chr17	44297668	44297725	LTR/ERVL	3253	-	28	44297696	41063
chr17	44256633	44456633	harbor1	chr17	44298027	44298586	LTR/ERVL	3253	-	280	44298307	41674
chr17	44256633	44456633	harbor1	chr17	44298854	44298961	LTR/ERVL	3156	-	54	44298908	42275
chr17	44256633	44456633	harbor1	chr17	44299260	44299505	LTR/ERVL	3156	-	122	44299382	42749
chr17	44256633	44456633	harbor1	chr17	44299508	44299701	LTR/ERVL	1498	-	96	44299604	42971
chr17	44256633	44456633	harbor1	chr17	44300032	44300328	LTR/ERVL	1498	-	148	44300180	43547
chr17	48647673	48847673	harbor1	chr17	48654724	48654763	LTR/ERVL	2010	-	20	48654744	7071
chr17	48647673	48847673	harbor1	chr17	48654799	48655200	LTR/ERVL	2010	-	200	48654999	7326
chr17	48647673	48847673	harbor1	chr17	48656028	48656409	LTR/ERVL	1321	-	190	48656218	8545
chr17	48647673	48847673	harbor1	chr17	48656410	48657523	LTR/ERVL	6678	-	556	48656966	9293
chr17	48647673	48847673	harbor1	chr17	48657530	48657698	LTR/ERVL	1808	-	84	48657614	9941
chr17	48647673	48847673	harbor1	chr17	48658003	48658296	LTR/ERVL	1808	-	146	48658149	10476
chr17	48647673	48847673	harbor1	chr17	48658777	48659048	LTR/ERVL	1415	-	136	48658913	11240
chr17	48647673	48847673	harbor1	chr17	48659481	48660151	LTR/ERVL	2811	-	335	48659816	12143
chr17	48647673	48847673	harbor1	chr17	48660153	48660306	LTR/ERVL	1436	-	76	48660229	12556
chr17	48647673	48847673	harbor1	chr17	48660598	48660845	LTR/ERVL	1436	-	124	48660722	13049
chr17	48647673	48847673	harbor1	chr17	48661284	48661425	LTR/ERVL	973	-	70	48661354	13681
chr17	48647673	48847673	harbor1	chr17	48661455	48661577	LTR/ERVL	973	-	61	48661516	13843
chr17	48647673	48847673	harbor1	chr17	48663084	48663269	LTR/ERVL	618	-	92	48663176	15503
chr17	48647673	48847673	harbor1	chr17	48663294	48663786	LTR/ERVL	2134	-	246	48663540	15867
chr17	48647673	48847673	harbor1	chr17	48663791	48664136	LTR/ERVL	1131	-	172	48663963	16290
chr17	48647673	48847673	harbor1	chr17	48664431	48664543	LTR/ERVL	1131	-	56	48664487	16814
chr17	30994986	31194986	harbor1	chr17	31087982	31088137	LTR/ERVL	604	-	78	31088060	93074
chr17	30994986	31194986	harbor1	chr17	31088387	31088922	LTR/ERVL	2517	-	268	31088655	93669
chr17	30994986	31194986	harbor1	chr17	31089217	31090017	LTR/ERVL	2517	-	400	31089617	94631
chr17	30994986	31194986	harbor1	chr17	31090360	31090655	LTR/ERVL	991	-	148	31090508	95522
chr17	987876	1187876	harbor1	chr17	987594	988864	LTR/ERVL	6712	-	635	988229	353
chr17	76637321	76837321	harbor1	chr17	76648856	76649286	LTR/ERVL	2476	-	215	76649071	11750
chr18	26126454	26326454	harbor1	chr18	26160808	26161589	LTR/ERVL	2311	-	390	26161198	34744
chr18	26126454	26326454	harbor1	chr18	26161759	26161907	LTR/ERVL	478	-	74	26161833	35379
chr18	26126454	26326454	harbor1	chr18	26171768	26172135	LTR/ERVL	1665	-	184	26171952	45498
chr18	26126454	26326454	harbor1	chr18	26172737	26173034	LTR/ERVL	960	-	148	26172885	46431
chr18	26126454	26326454	harbor1	chr18	26175304	26175678	LTR/ERVL	1283	-	187	26175491	49037
chr18	26126454	26326454	harbor1	chr18	26198813	26199233	LTR/ERVL	3931	-	210	26199023	72569
chr18	26126454	26326454	harbor1	chr18	26199817	26200209	LTR/ERVL	3931	-	196	26200013	73559
chr18	26126532	26326532	harbor1	chr18	26160808	26161589	LTR/ERVL	2311	-	390	26161198	34666
chr18	26126532	26326532	harbor1	chr18	26161759	26161907	LTR/ERVL	478	-	74	26161833	35301
chr18	26126532	26326532	harbor1	chr18	26171768	26172135	LTR/ERVL	1665	-	184	26171952	45420
chr18	26126532	26326532	harbor1	chr18	26172737	26173034	LTR/ERVL	960	-	148	26172885	46353
chr18	26126532	26326532	harbor1	chr18	26175304	26175678	LTR/ERVL	1283	-	187	26175491	48959
chr18	26126532	26326532	harbor1	chr18	26198813	26199233	LTR/ERVL	3931	-	210	26199023	72491
chr18	26126532	26326532	harbor1	chr18	26199817	26200209	LTR/ERVL	3931	-	196	26200013	73481
chr18	49713903	49913903	harbor1	chr18	49722086	49722439	LTR/ERVL	708	-	176	49722262	8359
chr18	26126502	26326502	harbor1	chr18	26160808	26161589	LTR/ERVL	2311	-	390	26161198	34696
chr18	26126502	26326502	harbor1	chr18	26161759	26161907	LTR/ERVL	478	-	74	26161833	35331
chr18	26126502	26326502	harbor1	chr18	26171768	26172135	LTR/ERVL	1665	-	184	26171952	45450
chr18	26126502	26326502	harbor1	chr18	26172737	26173034	LTR/ERVL	960	-	148	26172885	46383
chr18	26126502	26326502	harbor1	chr18	26175304	26175678	LTR/ERVL	1283	-	187	26175491	48989
chr18	26126502	26326502	harbor1	chr18	26198813	26199233	LTR/ERVL	3931	-	210	26199023	72521
chr18	26126502	26326502	harbor1	chr18	26199817	26200209	LTR/ERVL	3931	-	196	26200013	73511
chr18	31997343	32197343	harbor1	chr18	32025090	32025275	LTR/ERVL	552	-	92	32025182	27839
chr18	31997343	32197343	harbor1	chr18	32085287	32085373	LTR/ERVL	493	-	43	32085330	87987
chr18	31997343	32197343	harbor1	chr18	32085725	32085918	LTR/ERVL	585	-	96	32085821	88478
chr18	26126451	26326451	harbor1	chr18	26160808	26161589	LTR/ERVL	2311	-	390	26161198	34747
chr18	26126451	26326451	harbor1	chr18	26161759	26161907	LTR/ERVL	478	-	74	26161833	35382
chr18	26126451	26326451	harbor1	chr18	26171768	26172135	LTR/ERVL	1665	-	184	26171952	45501
chr18	26126451	26326451	harbor1	chr18	26172737	26173034	LTR/ERVL	960	-	148	26172885	46434
chr18	26126451	26326451	harbor1	chr18	26175304	26175678	LTR/ERVL	1283	-	187	26175491	49040
chr18	26126451	26326451	harbor1	chr18	26198813	26199233	LTR/ERVL	3931	-	210	26199023	72572
chr18	26126451	26326451	harbor1	chr18	26199817	26200209	LTR/ERVL	3931	-	196	26200013	73562
chr18	26126452	26326452	harbor1	chr18	26160808	26161589	LTR/ERVL	2311	-	390	26161198	34746
chr18	26126452	26326452	harbor1	chr18	26161759	26161907	LTR/ERVL	478	-	74	26161833	35381
chr18	26126452	26326452	harbor1	chr18	26171768	26172135	LTR/ERVL	1665	-	184	26171952	45500
chr18	26126452	26326452	harbor1	chr18	26172737	26173034	LTR/ERVL	960	-	148	26172885	46433
chr18	26126452	26326452	harbor1	chr18	26175304	26175678	LTR/ERVL	1283	-	187	26175491	49039
chr18	26126452	26326452	harbor1	chr18	26198813	26199233	LTR/ERVL	3931	-	210	26199023	72571
chr18	26126452	26326452	harbor1	chr18	26199817	26200209	LTR/ERVL	3931	-	196	26200013	73561
chr18	23734554	23934554	harbor1	chr18	23751794	23752003	LTR/ERVL	915	-	104	23751898	17344
chr18	23734554	23934554	harbor1	chr18	23777897	23778030	LTR/ERVL	462	-	66	23777963	43409
chr18	23734554	23934554	harbor1	chr18	23784879	23785027	LTR/ERVL	532	-	74	23784953	50399
chr18	23734554	23934554	harbor1	chr18	23785153	23785316	LTR/ERVL	488	-	82	23785235	50681
chr18	23734554	23934554	harbor1	chr18	23792897	23793414	LTR/ERVL	2340	-	258	23793155	58601
chr18	23734554	23934554	harbor1	chr18	23793614	23794158	LTR/ERVL	3168	-	272	23793886	59332
chr18	23734554	23934554	harbor1	chr18	23794166	23794409	LTR/ERVL	1531	-	122	23794288	59734
chr18	23734554	23934554	harbor1	chr18	23799680	23800115	LTR/ERVL	2637	-	218	23799898	65344
chr18	23734554	23934554	harbor1	chr18	23800125	23800388	LTR/ERVL	1387	-	132	23800257	65703
chr18	23734554	23934554	harbor1	chr18	23801912	23802050	LTR/ERVL	10612	-	69	23801981	67427
chr18	23734554	23934554	harbor1	chr18	23802275	23804383	LTR/ERVL	10612	-	1054	23803329	68775
chr18	23734554	23934554	harbor1	chr18	23804379	23804642	LTR/ERVL	9150	-	132	23804511	69957
chr18	23734554	23934554	harbor1	chr18	23806235	23807196	LTR/ERVL	5152	-	480	23806715	72161
chr18	23734554	23934554	harbor1	chr18	23807510	23807868	LTR/ERVL	2317	-	179	23807689	73135
chr18	23734554	23934554	harbor1	chr18	23805056	23806260	LTR/ERVL	9150	-	602	23805658	71104
chr18	25820834	26020834	harbor1	chr18	25851917	25852290	LTR/ERVL	895	-	186	25852103	31269
chr18	26126453	26326453	harbor1	chr18	26160808	26161589	LTR/ERVL	2311	-	390	26161198	34745
chr18	26126453	26326453	harbor1	chr18	26161759	26161907	LTR/ERVL	478	-	74	26161833	35380
chr18	26126453	26326453	harbor1	chr18	26171768	26172135	LTR/ERVL	1665	-	184	26171952	45499
chr18	26126453	26326453	harbor1	chr18	26172737	26173034	LTR/ERVL	960	-	148	26172885	46432
chr18	26126453	26326453	harbor1	chr18	26175304	26175678	LTR/ERVL	1283	-	187	26175491	49038
chr18	26126453	26326453	harbor1	chr18	26198813	26199233	LTR/ERVL	3931	-	210	26199023	72570
chr18	26126453	26326453	harbor1	chr18	26199817	26200209	LTR/ERVL	3931	-	196	26200013	73560
chr18	79688392	79888392	harbor1	chr18	79720694	79721076	LTR/ERVL	627	-	191	79720885	32493
chr18	57486434	57686434	harbor1	chr18	57496886	57497525	LTR/ERVL	1742	-	320	57497206	10772
chr18	57486434	57686434	harbor1	chr18	57528790	57528830	LTR/ERVL	2511	-	20	57528810	42376
chr18	57486434	57686434	harbor1	chr18	57529250	57529792	LTR/ERVL	2511	-	271	57529521	43087
chr18	42910981	43110981	harbor1	chr18	42916803	42917170	LTR/ERVL	744	-	184	42916987	6006
chr18	42910981	43110981	harbor1	chr18	42989896	42990009	LTR/ERVL	404	-	56	42989952	78971
chr18	42910981	43110981	harbor1	chr18	42990043	42990461	LTR/ERVL	1335	-	209	42990252	79271
chr18	42910981	43110981	harbor1	chr18	43001932	43002475	LTR/ERVL	2430	-	272	43002204	91223
chr18	59165754	59365754	harbor1	chr18	59187777	59188502	LTR/ERVL	1659	-	362	59188139	22385
chr18	59165754	59365754	harbor1	chr18	59188867	59188962	LTR/ERVL	1395	-	48	59188915	23161
chr18	59165754	59365754	harbor1	chr18	59189488	59192081	LTR/ERVL	8325	-	1296	59190784	25030
chr18	11589068	11789068	harbor1	chr18	11603918	11604041	LTR/ERVL	419	-	62	11603980	14912
chr18	46488673	46688673	harbor1	chr18	46582658	46583044	LTR/ERVL	1384	-	193	46582851	94178
chr18	25890292	26090292	harbor1	chr18	25952467	25952742	LTR/ERVL	1081	-	138	25952605	62313
chr18	25890292	26090292	harbor1	chr18	25953520	25953645	LTR/ERVL	669	-	62	25953582	63290
chr18	65651295	65851295	harbor1	chr18	65698231	65698495	LTR/ERVL	571	-	132	65698363	47068
chr18	65651295	65851295	harbor1	chr18	65700073	65700560	LTR/ERVL	707	-	244	65700317	49022
chr18	65651295	65851295	harbor1	chr18	65699572	65699894	LTR/ERVL	439	-	161	65699733	48438
chr18	48702843	48902843	harbor1	chr18	48715704	48716112	LTR/ERVL	1279	-	204	48715908	13065
chr18	48702843	48902843	harbor1	chr18	48718287	48718778	LTR/ERVL	2487	-	246	48718533	15690
chr18	59165766	59365766	harbor1	chr18	59187777	59188502	LTR/ERVL	1659	-	362	59188139	22373
chr18	59165766	59365766	harbor1	chr18	59188867	59188962	LTR/ERVL	1395	-	48	59188915	23149
chr18	59165766	59365766	harbor1	chr18	59189488	59192081	LTR/ERVL	8325	-	1296	59190784	25018
chr18	59165800	59365800	harbor1	chr18	59187777	59188502	LTR/ERVL	1659	-	362	59188139	22339
chr18	59165800	59365800	harbor1	chr18	59188867	59188962	LTR/ERVL	1395	-	48	59188915	23115
chr18	59165800	59365800	harbor1	chr18	59189488	59192081	LTR/ERVL	8325	-	1296	59190784	24984
chr18	65651274	65851274	harbor1	chr18	65698231	65698495	LTR/ERVL	571	-	132	65698363	47089
chr18	65651274	65851274	harbor1	chr18	65700073	65700560	LTR/ERVL	707	-	244	65700317	49043
chr18	65651274	65851274	harbor1	chr18	65699572	65699894	LTR/ERVL	439	-	161	65699733	48459
chr19	19675843	19875843	harbor1	chr19	19696483	19696721	LTR/ERVL	908	-	119	19696602	20759
chr19	19675843	19875843	harbor1	chr19	19697737	19697921	LTR/ERVL	664	-	92	19697829	21986
chr19	19675843	19875843	harbor1	chr19	19700625	19701232	LTR/ERVL	4939	-	304	19700929	25086
chr19	19675843	19875843	harbor1	chr19	19703682	19704042	LTR/ERVL	985	-	180	19703862	28019
chr19	19675843	19875843	harbor1	chr19	19704166	19704211	LTR/ERVL	776	-	22	19704188	28345
chr19	19675843	19875843	harbor1	chr19	19704526	19704585	LTR/ERVL	776	-	30	19704556	28713
chr19	19675843	19875843	harbor1	chr19	19704882	19705126	LTR/ERVL	776	-	122	19705004	29161
chr19	19675843	19875843	harbor1	chr19	19716104	19716276	LTR/ERVL	669	-	86	19716190	40347
chr19	19675843	19875843	harbor1	chr19	19716588	19716643	LTR/ERVL	669	-	28	19716616	40773
chr19	19675843	19875843	harbor1	chr19	19716981	19717734	LTR/ERVL	2082	-	376	19717357	41514
chr19	19675843	19875843	harbor1	chr19	19677131	19677522	LTR/ERVL	1358	-	196	19677327	1484
chr19	49461215	49661215	harbor1	chr19	49559070	49559291	LTR/ERVL	1178	-	110	49559180	97965
chr19	9669009	9869009	harbor1	chr19	9689759	9690159	LTR/ERVL	991	-	200	9689959	20950
chr19	9669009	9869009	harbor1	chr19	9723268	9723671	LTR/ERVL	1246	-	202	9723470	54461
chr19	9669009	9869009	harbor1	chr19	9737195	9737521	LTR/ERVL	893	-	163	9737358	68349
chr19	9669009	9869009	harbor1	chr19	9737827	9737871	LTR/ERVL	893	-	22	9737849	68840
chr19	9669009	9869009	harbor1	chr19	9738647	9738787	LTR/ERVL	701	-	70	9738717	69708
chr19	9669009	9869009	harbor1	chr19	9738778	9739279	LTR/ERVL	2297	-	250	9739028	70019
chr19	9669009	9869009	harbor1	chr19	9739561	9739958	LTR/ERVL	3193	-	198	9739759	70750
chr19	9669009	9869009	harbor1	chr19	9739961	9740103	LTR/ERVL	680	-	71	9740032	71023
chr19	19675720	19875720	harbor1	chr19	19696483	19696721	LTR/ERVL	908	-	119	19696602	20882
chr19	19675720	19875720	harbor1	chr19	19697737	19697921	LTR/ERVL	664	-	92	19697829	22109
chr19	19675720	19875720	harbor1	chr19	19700625	19701232	LTR/ERVL	4939	-	304	19700929	25209
chr19	19675720	19875720	harbor1	chr19	19703682	19704042	LTR/ERVL	985	-	180	19703862	28142
chr19	19675720	19875720	harbor1	chr19	19704166	19704211	LTR/ERVL	776	-	22	19704188	28468
chr19	19675720	19875720	harbor1	chr19	19704526	19704585	LTR/ERVL	776	-	30	19704556	28836
chr19	19675720	19875720	harbor1	chr19	19704882	19705126	LTR/ERVL	776	-	122	19705004	29284
chr19	19675720	19875720	harbor1	chr19	19716104	19716276	LTR/ERVL	669	-	86	19716190	40470
chr19	19675720	19875720	harbor1	chr19	19716588	19716643	LTR/ERVL	669	-	28	19716616	40896
chr19	19675720	19875720	harbor1	chr19	19716981	19717734	LTR/ERVL	2082	-	376	19717357	41637
chr19	19675720	19875720	harbor1	chr19	19677131	19677522	LTR/ERVL	1358	-	196	19677327	1607
chr19	5510367	5710367	harbor1	chr19	5514506	5514588	LTR/ERVL	1170	-	41	5514547	4180
chr19	5510367	5710367	harbor1	chr19	5514885	5515206	LTR/ERVL	1170	-	160	5515045	4678
chr19	5027258	5227258	harbor1	chr19	5099183	5099595	LTR/ERVL	2242	-	206	5099389	72131
chr19	5034078	5234078	harbor1	chr19	5099183	5099595	LTR/ERVL	2242	-	206	5099389	65311
chr19	3283783	3483783	harbor1	chr19	3328974	3329067	LTR/ERVL	1809	-	46	3329020	45237
chr19	3283783	3483783	harbor1	chr19	3329393	3329490	LTR/ERVL	1809	-	48	3329441	45658
chr19	3283783	3483783	harbor1	chr19	3329765	3329849	LTR/ERVL	1809	-	42	3329807	46024
chr19	3283783	3483783	harbor1	chr19	3330150	3330414	LTR/ERVL	1809	-	132	3330282	46499
chr19	35101286	35301286	harbor1	chr19	35167122	35167501	LTR/ERVL	950	-	190	35167312	66026
chr19	35101286	35301286	harbor1	chr19	35172696	35173254	LTR/ERVL	2157	-	279	35172975	71689
chr19	35101286	35301286	harbor1	chr19	35193559	35193905	LTR/ERVL	1541	-	173	35193732	92446
chr19	35101286	35301286	harbor1	chr19	35194548	35194997	LTR/ERVL	2002	-	224	35194772	93486
chr19	5489614	5689614	harbor1	chr19	5514506	5514588	LTR/ERVL	1170	-	41	5514547	24933
chr19	5489614	5689614	harbor1	chr19	5514885	5515206	LTR/ERVL	1170	-	160	5515045	25431
chr19	19676004	19876004	harbor1	chr19	19696483	19696721	LTR/ERVL	908	-	119	19696602	20598
chr19	19676004	19876004	harbor1	chr19	19697737	19697921	LTR/ERVL	664	-	92	19697829	21825
chr19	19676004	19876004	harbor1	chr19	19700625	19701232	LTR/ERVL	4939	-	304	19700929	24925
chr19	19676004	19876004	harbor1	chr19	19703682	19704042	LTR/ERVL	985	-	180	19703862	27858
chr19	19676004	19876004	harbor1	chr19	19704166	19704211	LTR/ERVL	776	-	22	19704188	28184
chr19	19676004	19876004	harbor1	chr19	19704526	19704585	LTR/ERVL	776	-	30	19704556	28552
chr19	19676004	19876004	harbor1	chr19	19704882	19705126	LTR/ERVL	776	-	122	19705004	29000
chr19	19676004	19876004	harbor1	chr19	19716104	19716276	LTR/ERVL	669	-	86	19716190	40186
chr19	19676004	19876004	harbor1	chr19	19716588	19716643	LTR/ERVL	669	-	28	19716616	40612
chr19	19676004	19876004	harbor1	chr19	19716981	19717734	LTR/ERVL	2082	-	376	19717357	41353
chr19	19676004	19876004	harbor1	chr19	19677131	19677522	LTR/ERVL	1358	-	196	19677327	1323
chr19	44719569	44919569	harbor1	chr19	44755205	44755557	LTR/ERVL	1041	-	176	44755381	35812
chr19	44719569	44919569	harbor1	chr19	44815561	44815722	LTR/ERVL	1244	-	80	44815641	96072
chr19	44719569	44919569	harbor1	chr19	44816334	44816586	LTR/ERVL	1244	-	126	44816460	96891
chr19	35166986	35366986	harbor1	chr19	35167122	35167501	LTR/ERVL	950	-	190	35167312	326
chr19	35166986	35366986	harbor1	chr19	35172696	35173254	LTR/ERVL	2157	-	279	35172975	5989
chr19	35166986	35366986	harbor1	chr19	35193559	35193905	LTR/ERVL	1541	-	173	35193732	26746
chr19	35166986	35366986	harbor1	chr19	35194548	35194997	LTR/ERVL	2002	-	224	35194772	27786
chr19	19676749	19876749	harbor1	chr19	19696483	19696721	LTR/ERVL	908	-	119	19696602	19853
chr19	19676749	19876749	harbor1	chr19	19697737	19697921	LTR/ERVL	664	-	92	19697829	21080
chr19	19676749	19876749	harbor1	chr19	19700625	19701232	LTR/ERVL	4939	-	304	19700929	24180
chr19	19676749	19876749	harbor1	chr19	19703682	19704042	LTR/ERVL	985	-	180	19703862	27113
chr19	19676749	19876749	harbor1	chr19	19704166	19704211	LTR/ERVL	776	-	22	19704188	27439
chr19	19676749	19876749	harbor1	chr19	19704526	19704585	LTR/ERVL	776	-	30	19704556	27807
chr19	19676749	19876749	harbor1	chr19	19704882	19705126	LTR/ERVL	776	-	122	19705004	28255
chr19	19676749	19876749	harbor1	chr19	19716104	19716276	LTR/ERVL	669	-	86	19716190	39441
chr19	19676749	19876749	harbor1	chr19	19716588	19716643	LTR/ERVL	669	-	28	19716616	39867
chr19	19676749	19876749	harbor1	chr19	19716981	19717734	LTR/ERVL	2082	-	376	19717357	40608
chr19	19676749	19876749	harbor1	chr19	19677131	19677522	LTR/ERVL	1358	-	196	19677327	578
chr19	32305852	32505852	harbor1	chr19	32313275	32314126	LTR/ERVL	1729	-	426	32313701	7849
chr19	19675652	19875652	harbor1	chr19	19696483	19696721	LTR/ERVL	908	-	119	19696602	20950
chr19	19675652	19875652	harbor1	chr19	19697737	19697921	LTR/ERVL	664	-	92	19697829	22177
chr19	19675652	19875652	harbor1	chr19	19700625	19701232	LTR/ERVL	4939	-	304	19700929	25277
chr19	19675652	19875652	harbor1	chr19	19703682	19704042	LTR/ERVL	985	-	180	19703862	28210
chr19	19675652	19875652	harbor1	chr19	19704166	19704211	LTR/ERVL	776	-	22	19704188	28536
chr19	19675652	19875652	harbor1	chr19	19704526	19704585	LTR/ERVL	776	-	30	19704556	28904
chr19	19675652	19875652	harbor1	chr19	19704882	19705126	LTR/ERVL	776	-	122	19705004	29352
chr19	19675652	19875652	harbor1	chr19	19716104	19716276	LTR/ERVL	669	-	86	19716190	40538
chr19	19675652	19875652	harbor1	chr19	19716588	19716643	LTR/ERVL	669	-	28	19716616	40964
chr19	19675652	19875652	harbor1	chr19	19716981	19717734	LTR/ERVL	2082	-	376	19717357	41705
chr19	19675652	19875652	harbor1	chr19	19677131	19677522	LTR/ERVL	1358	-	196	19677327	1675
chr19	19675776	19875776	harbor1	chr19	19696483	19696721	LTR/ERVL	908	-	119	19696602	20826
chr19	19675776	19875776	harbor1	chr19	19697737	19697921	LTR/ERVL	664	-	92	19697829	22053
chr19	19675776	19875776	harbor1	chr19	19700625	19701232	LTR/ERVL	4939	-	304	19700929	25153
chr19	19675776	19875776	harbor1	chr19	19703682	19704042	LTR/ERVL	985	-	180	19703862	28086
chr19	19675776	19875776	harbor1	chr19	19704166	19704211	LTR/ERVL	776	-	22	19704188	28412
chr19	19675776	19875776	harbor1	chr19	19704526	19704585	LTR/ERVL	776	-	30	19704556	28780
chr19	19675776	19875776	harbor1	chr19	19704882	19705126	LTR/ERVL	776	-	122	19705004	29228
chr19	19675776	19875776	harbor1	chr19	19716104	19716276	LTR/ERVL	669	-	86	19716190	40414
chr19	19675776	19875776	harbor1	chr19	19716588	19716643	LTR/ERVL	669	-	28	19716616	40840
chr19	19675776	19875776	harbor1	chr19	19716981	19717734	LTR/ERVL	2082	-	376	19717357	41581
chr19	19675776	19875776	harbor1	chr19	19677131	19677522	LTR/ERVL	1358	-	196	19677327	1551
chr19	9484484	9684484	harbor1	chr19	9487416	9487869	LTR/ERVL	2150	-	226	9487642	3158
chr19	9484484	9684484	harbor1	chr19	9521015	9521295	LTR/ERVL	707	-	140	9521155	36671
chr19	19952525	20152525	harbor1	chr19	19952791	19953160	LTR/ERVL	1106	-	184	19952975	450
chr19	19952525	20152525	harbor1	chr19	19990552	19990721	LTR/ERVL	1068	-	84	19990636	38111
chr19	19952525	20152525	harbor1	chr19	19990990	19991399	LTR/ERVL	3176	-	204	19991194	38669
chr19	19952525	20152525	harbor1	chr19	19991400	19992984	LTR/ERVL	11405	-	792	19992192	39667
chr19	19952525	20152525	harbor1	chr19	19992964	19993085	LTR/ERVL	13880	-	60	19993024	40499
chr19	19952525	20152525	harbor1	chr19	19993392	19995078	LTR/ERVL	13880	-	843	19994235	41710
chr19	19952525	20152525	harbor1	chr19	19995079	19995673	LTR/ERVL	4057	-	297	19995376	42851
chr19	19952525	20152525	harbor1	chr19	20051128	20051375	LTR/ERVL	660	-	124	20051252	98727
chr19	48525128	48725128	harbor1	chr19	48584317	48584591	LTR/ERVL	991	-	137	48584454	59326
chr19	317396	517396	harbor1	chr19	352270	352640	LTR/ERVL	769	-	185	352455	35059
chr19	8046259	8246259	harbor1	chr19	8059498	8059730	LTR/ERVL	1149	-	116	8059614	13355
chr19	8046259	8246259	harbor1	chr19	8060360	8060523	LTR/ERVL	1519	-	82	8060442	14183
chr19	8046259	8246259	harbor1	chr19	8061445	8061711	LTR/ERVL	1519	-	133	8061578	15319
chr19	8046259	8246259	harbor1	chr19	8062069	8062177	LTR/ERVL	1519	-	54	8062123	15864
chr19	8046259	8246259	harbor1	chr19	8127362	8127701	LTR/ERVL	1606	-	170	8127532	81273
chr19	8046259	8246259	harbor1	chr19	8128026	8128174	LTR/ERVL	1606	-	74	8128100	81841
chr19	9986276	10186276	harbor1	chr19	10045181	10045670	LTR/ERVL	1104	-	244	10045425	59149
chr19	12451258	12651258	harbor1	chr19	12455217	12455557	LTR/ERVL	1540	-	170	12455387	4129
chr19	12451258	12651258	harbor1	chr19	12476575	12477042	LTR/ERVL	2185	-	234	12476809	25551
chr19	12451258	12651258	harbor1	chr19	12477080	12478082	LTR/ERVL	3384	-	501	12477581	26323
chr19	12451258	12651258	harbor1	chr19	12478240	12478573	LTR/ERVL	1298	-	166	12478406	27148
chr19	12451258	12651258	harbor1	chr19	12478616	12478931	LTR/ERVL	1115	-	158	12478774	27516
chr19	12451258	12651258	harbor1	chr19	12545443	12545822	LTR/ERVL	985	-	190	12545633	94375
chr19	8877739	9077739	harbor1	chr19	8878427	8878622	LTR/ERVL	748	-	98	8878525	786
chr19	483635	683635	harbor1	chr19	520958	521478	LTR/ERVL	2140	-	260	521218	37583
chr19	483635	683635	harbor1	chr19	521785	521807	LTR/ERVL	2140	-	11	521796	38161
chr19	483635	683635	harbor1	chr19	521813	522035	LTR/ERVL	724	-	111	521924	38289
chr19	9728412	9928412	harbor1	chr19	9737195	9737521	LTR/ERVL	893	-	163	9737358	8946
chr19	9728412	9928412	harbor1	chr19	9737827	9737871	LTR/ERVL	893	-	22	9737849	9437
chr19	9728412	9928412	harbor1	chr19	9738647	9738787	LTR/ERVL	701	-	70	9738717	10305
chr19	9728412	9928412	harbor1	chr19	9738778	9739279	LTR/ERVL	2297	-	250	9739028	10616
chr19	9728412	9928412	harbor1	chr19	9739561	9739958	LTR/ERVL	3193	-	198	9739759	11347
chr19	9728412	9928412	harbor1	chr19	9739961	9740103	LTR/ERVL	680	-	71	9740032	11620
chr19	9728412	9928412	harbor1	chr19	9805229	9805373	LTR/ERVL	1183	-	72	9805301	76889
chr19	9728412	9928412	harbor1	chr19	9805985	9806076	LTR/ERVL	1183	-	46	9806031	77619
chr19	9728412	9928412	harbor1	chr19	9823763	9823999	LTR/ERVL	1228	-	118	9823881	95469
chr19	44719429	44919429	harbor1	chr19	44755205	44755557	LTR/ERVL	1041	-	176	44755381	35952
chr19	44719429	44919429	harbor1	chr19	44815561	44815722	LTR/ERVL	1244	-	80	44815641	96212
chr19	44719429	44919429	harbor1	chr19	44816334	44816586	LTR/ERVL	1244	-	126	44816460	97031
chr19	19675868	19875868	harbor1	chr19	19696483	19696721	LTR/ERVL	908	-	119	19696602	20734
chr19	19675868	19875868	harbor1	chr19	19697737	19697921	LTR/ERVL	664	-	92	19697829	21961
chr19	19675868	19875868	harbor1	chr19	19700625	19701232	LTR/ERVL	4939	-	304	19700929	25061
chr19	19675868	19875868	harbor1	chr19	19703682	19704042	LTR/ERVL	985	-	180	19703862	27994
chr19	19675868	19875868	harbor1	chr19	19704166	19704211	LTR/ERVL	776	-	22	19704188	28320
chr19	19675868	19875868	harbor1	chr19	19704526	19704585	LTR/ERVL	776	-	30	19704556	28688
chr19	19675868	19875868	harbor1	chr19	19704882	19705126	LTR/ERVL	776	-	122	19705004	29136
chr19	19675868	19875868	harbor1	chr19	19716104	19716276	LTR/ERVL	669	-	86	19716190	40322
chr19	19675868	19875868	harbor1	chr19	19716588	19716643	LTR/ERVL	669	-	28	19716616	40748
chr19	19675868	19875868	harbor1	chr19	19716981	19717734	LTR/ERVL	2082	-	376	19717357	41489
chr19	19675868	19875868	harbor1	chr19	19677131	19677522	LTR/ERVL	1358	-	196	19677327	1459
chr19	55254096	55454096	harbor1	chr19	55260360	55260571	LTR/ERVL	1211	-	106	55260466	6370
chr19	190676	390676	harbor1	chr19	202360	202512	LTR/ERVL	690	-	76	202436	11760
chr19	190676	390676	harbor1	chr19	251978	252327	LTR/ERVL	2212	-	174	252152	61476
chr19	190676	390676	harbor1	chr19	252693	252919	LTR/ERVL	2212	-	113	252806	62130
chr19	19675817	19875817	harbor1	chr19	19696483	19696721	LTR/ERVL	908	-	119	19696602	20785
chr19	19675817	19875817	harbor1	chr19	19697737	19697921	LTR/ERVL	664	-	92	19697829	22012
chr19	19675817	19875817	harbor1	chr19	19700625	19701232	LTR/ERVL	4939	-	304	19700929	25112
chr19	19675817	19875817	harbor1	chr19	19703682	19704042	LTR/ERVL	985	-	180	19703862	28045
chr19	19675817	19875817	harbor1	chr19	19704166	19704211	LTR/ERVL	776	-	22	19704188	28371
chr19	19675817	19875817	harbor1	chr19	19704526	19704585	LTR/ERVL	776	-	30	19704556	28739
chr19	19675817	19875817	harbor1	chr19	19704882	19705126	LTR/ERVL	776	-	122	19705004	29187
chr19	19675817	19875817	harbor1	chr19	19716104	19716276	LTR/ERVL	669	-	86	19716190	40373
chr19	19675817	19875817	harbor1	chr19	19716588	19716643	LTR/ERVL	669	-	28	19716616	40799
chr19	19675817	19875817	harbor1	chr19	19716981	19717734	LTR/ERVL	2082	-	376	19717357	41540
chr19	19675817	19875817	harbor1	chr19	19677131	19677522	LTR/ERVL	1358	-	196	19677327	1510
chr19	5499898	5699898	harbor1	chr19	5514506	5514588	LTR/ERVL	1170	-	41	5514547	14649
chr19	5499898	5699898	harbor1	chr19	5514885	5515206	LTR/ERVL	1170	-	160	5515045	15147
chr19	31989361	32189361	harbor1	chr19	32016782	32017136	LTR/ERVL	1728	-	177	32016959	27598
chr19	2356892	2556892	harbor1	chr19	2382810	2383069	LTR/ERVL	1291	-	130	2382940	26048
chr19	16789062	16989062	harbor1	chr19	16804027	16804229	LTR/ERVL	677	-	101	16804128	15066
chr19	2131495	2331495	harbor1	chr19	2170417	2170959	LTR/ERVL	1115	-	271	2170688	39193
chr19	2356895	2556895	harbor1	chr19	2382810	2383069	LTR/ERVL	1291	-	130	2382940	26045
chr19	18674377	18874377	harbor1	chr19	18739851	18739970	LTR/ERVL	1530	-	60	18739911	65534
chr19	18674377	18874377	harbor1	chr19	18740267	18740668	LTR/ERVL	1530	-	200	18740467	66090
chr19	19674767	19874767	harbor1	chr19	19696483	19696721	LTR/ERVL	908	-	119	19696602	21835
chr19	19674767	19874767	harbor1	chr19	19697737	19697921	LTR/ERVL	664	-	92	19697829	23062
chr19	19674767	19874767	harbor1	chr19	19700625	19701232	LTR/ERVL	4939	-	304	19700929	26162
chr19	19674767	19874767	harbor1	chr19	19703682	19704042	LTR/ERVL	985	-	180	19703862	29095
chr19	19674767	19874767	harbor1	chr19	19704166	19704211	LTR/ERVL	776	-	22	19704188	29421
chr19	19674767	19874767	harbor1	chr19	19704526	19704585	LTR/ERVL	776	-	30	19704556	29789
chr19	19674767	19874767	harbor1	chr19	19704882	19705126	LTR/ERVL	776	-	122	19705004	30237
chr19	19674767	19874767	harbor1	chr19	19716104	19716276	LTR/ERVL	669	-	86	19716190	41423
chr19	19674767	19874767	harbor1	chr19	19716588	19716643	LTR/ERVL	669	-	28	19716616	41849
chr19	19674767	19874767	harbor1	chr19	19716981	19717734	LTR/ERVL	2082	-	376	19717357	42590
chr19	19674767	19874767	harbor1	chr19	19677131	19677522	LTR/ERVL	1358	-	196	19677327	2560
chr19	41650423	41850423	harbor1	chr19	41726501	41726771	LTR/ERVL	977	-	135	41726636	76213
chr19	30129079	30329079	harbor1	chr19	30196918	30197359	LTR/ERVL	3457	-	220	30197138	68059
chr19	32305891	32505891	harbor1	chr19	32313275	32314126	LTR/ERVL	1729	-	426	32313701	7810
chr19	2170342	2370342	harbor1	chr19	2170417	2170959	LTR/ERVL	1115	-	271	2170688	346
chr19	2356896	2556896	harbor1	chr19	2382810	2383069	LTR/ERVL	1291	-	130	2382940	26044
chr19	19633073	19833073	harbor1	chr19	19696483	19696721	LTR/ERVL	908	-	119	19696602	63529
chr19	19633073	19833073	harbor1	chr19	19697737	19697921	LTR/ERVL	664	-	92	19697829	64756
chr19	19633073	19833073	harbor1	chr19	19700625	19701232	LTR/ERVL	4939	-	304	19700929	67856
chr19	19633073	19833073	harbor1	chr19	19703682	19704042	LTR/ERVL	985	-	180	19703862	70789
chr19	19633073	19833073	harbor1	chr19	19704166	19704211	LTR/ERVL	776	-	22	19704188	71115
chr19	19633073	19833073	harbor1	chr19	19704526	19704585	LTR/ERVL	776	-	30	19704556	71483
chr19	19633073	19833073	harbor1	chr19	19704882	19705126	LTR/ERVL	776	-	122	19705004	71931
chr19	19633073	19833073	harbor1	chr19	19716104	19716276	LTR/ERVL	669	-	86	19716190	83117
chr19	19633073	19833073	harbor1	chr19	19716588	19716643	LTR/ERVL	669	-	28	19716616	83543
chr19	19633073	19833073	harbor1	chr19	19716981	19717734	LTR/ERVL	2082	-	376	19717357	84284
chr19	19633073	19833073	harbor1	chr19	19677131	19677522	LTR/ERVL	1358	-	196	19677327	44254
chr19	32305909	32505909	harbor1	chr19	32313275	32314126	LTR/ERVL	1729	-	426	32313701	7792
chr19	19676769	19876769	harbor1	chr19	19696483	19696721	LTR/ERVL	908	-	119	19696602	19833
chr19	19676769	19876769	harbor1	chr19	19697737	19697921	LTR/ERVL	664	-	92	19697829	21060
chr19	19676769	19876769	harbor1	chr19	19700625	19701232	LTR/ERVL	4939	-	304	19700929	24160
chr19	19676769	19876769	harbor1	chr19	19703682	19704042	LTR/ERVL	985	-	180	19703862	27093
chr19	19676769	19876769	harbor1	chr19	19704166	19704211	LTR/ERVL	776	-	22	19704188	27419
chr19	19676769	19876769	harbor1	chr19	19704526	19704585	LTR/ERVL	776	-	30	19704556	27787
chr19	19676769	19876769	harbor1	chr19	19704882	19705126	LTR/ERVL	776	-	122	19705004	28235
chr19	19676769	19876769	harbor1	chr19	19716104	19716276	LTR/ERVL	669	-	86	19716190	39421
chr19	19676769	19876769	harbor1	chr19	19716588	19716643	LTR/ERVL	669	-	28	19716616	39847
chr19	19676769	19876769	harbor1	chr19	19716981	19717734	LTR/ERVL	2082	-	376	19717357	40588
chr19	19676769	19876769	harbor1	chr19	19677131	19677522	LTR/ERVL	1358	-	196	19677327	558
chr19	317267	517267	harbor1	chr19	352270	352640	LTR/ERVL	769	-	185	352455	35188
chr19	35167341	35367341	harbor1	chr19	35167122	35167501	LTR/ERVL	950	-	190	35167312	29
chr19	35167341	35367341	harbor1	chr19	35172696	35173254	LTR/ERVL	2157	-	279	35172975	5634
chr19	35167341	35367341	harbor1	chr19	35193559	35193905	LTR/ERVL	1541	-	173	35193732	26391
chr19	35167341	35367341	harbor1	chr19	35194548	35194997	LTR/ERVL	2002	-	224	35194772	27431
chr19	1	171208	harbor1	chr19	83005	83884	LTR/ERVL	1014	-	440	83445	83444
chr19	6652741	6852741	harbor1	chr19	6672799	6673108	LTR/ERVL	1346	-	154	6672953	20212
chr19	32305831	32505831	harbor1	chr19	32313275	32314126	LTR/ERVL	1729	-	426	32313701	7870
chr19	19675630	19875630	harbor1	chr19	19696483	19696721	LTR/ERVL	908	-	119	19696602	20972
chr19	19675630	19875630	harbor1	chr19	19697737	19697921	LTR/ERVL	664	-	92	19697829	22199
chr19	19675630	19875630	harbor1	chr19	19700625	19701232	LTR/ERVL	4939	-	304	19700929	25299
chr19	19675630	19875630	harbor1	chr19	19703682	19704042	LTR/ERVL	985	-	180	19703862	28232
chr19	19675630	19875630	harbor1	chr19	19704166	19704211	LTR/ERVL	776	-	22	19704188	28558
chr19	19675630	19875630	harbor1	chr19	19704526	19704585	LTR/ERVL	776	-	30	19704556	28926
chr19	19675630	19875630	harbor1	chr19	19704882	19705126	LTR/ERVL	776	-	122	19705004	29374
chr19	19675630	19875630	harbor1	chr19	19716104	19716276	LTR/ERVL	669	-	86	19716190	40560
chr19	19675630	19875630	harbor1	chr19	19716588	19716643	LTR/ERVL	669	-	28	19716616	40986
chr19	19675630	19875630	harbor1	chr19	19716981	19717734	LTR/ERVL	2082	-	376	19717357	41727
chr19	19675630	19875630	harbor1	chr19	19677131	19677522	LTR/ERVL	1358	-	196	19677327	1697
chr19	1	160441	harbor1	chr19	83005	83884	LTR/ERVL	1014	-	440	83445	83444
chr19	208646	408646	harbor1	chr19	251978	252327	LTR/ERVL	2212	-	174	252152	43506
chr19	208646	408646	harbor1	chr19	252693	252919	LTR/ERVL	2212	-	113	252806	44160
chr19	23321895	23521895	harbor1	chr19	23389722	23390034	LTR/ERVL	968	-	156	23389878	67983
chr19	23321895	23521895	harbor1	chr19	23390329	23390394	LTR/ERVL	968	-	32	23390361	68466
chr19	19632509	19832509	harbor1	chr19	19696483	19696721	LTR/ERVL	908	-	119	19696602	64093
chr19	19632509	19832509	harbor1	chr19	19697737	19697921	LTR/ERVL	664	-	92	19697829	65320
chr19	19632509	19832509	harbor1	chr19	19700625	19701232	LTR/ERVL	4939	-	304	19700929	68420
chr19	19632509	19832509	harbor1	chr19	19703682	19704042	LTR/ERVL	985	-	180	19703862	71353
chr19	19632509	19832509	harbor1	chr19	19704166	19704211	LTR/ERVL	776	-	22	19704188	71679
chr19	19632509	19832509	harbor1	chr19	19704526	19704585	LTR/ERVL	776	-	30	19704556	72047
chr19	19632509	19832509	harbor1	chr19	19704882	19705126	LTR/ERVL	776	-	122	19705004	72495
chr19	19632509	19832509	harbor1	chr19	19716104	19716276	LTR/ERVL	669	-	86	19716190	83681
chr19	19632509	19832509	harbor1	chr19	19716588	19716643	LTR/ERVL	669	-	28	19716616	84107
chr19	19632509	19832509	harbor1	chr19	19716981	19717734	LTR/ERVL	2082	-	376	19717357	84848
chr19	19632509	19832509	harbor1	chr19	19677131	19677522	LTR/ERVL	1358	-	196	19677327	44818
chr19	9719420	9919420	harbor1	chr19	9723268	9723671	LTR/ERVL	1246	-	202	9723470	4050
chr19	9719420	9919420	harbor1	chr19	9737195	9737521	LTR/ERVL	893	-	163	9737358	17938
chr19	9719420	9919420	harbor1	chr19	9737827	9737871	LTR/ERVL	893	-	22	9737849	18429
chr19	9719420	9919420	harbor1	chr19	9738647	9738787	LTR/ERVL	701	-	70	9738717	19297
chr19	9719420	9919420	harbor1	chr19	9738778	9739279	LTR/ERVL	2297	-	250	9739028	19608
chr19	9719420	9919420	harbor1	chr19	9739561	9739958	LTR/ERVL	3193	-	198	9739759	20339
chr19	9719420	9919420	harbor1	chr19	9739961	9740103	LTR/ERVL	680	-	71	9740032	20612
chr19	9719420	9919420	harbor1	chr19	9805229	9805373	LTR/ERVL	1183	-	72	9805301	85881
chr19	9719420	9919420	harbor1	chr19	9805985	9806076	LTR/ERVL	1183	-	46	9806031	86611
chr19	6129382	6329382	harbor1	chr19	6131411	6131839	LTR/ERVL	708	-	214	6131625	2243
chr19	6129382	6329382	harbor1	chr19	6178733	6179094	LTR/ERVL	1295	-	180	6178913	49531
chr19	5504847	5704847	harbor1	chr19	5514506	5514588	LTR/ERVL	1170	-	41	5514547	9700
chr19	5504847	5704847	harbor1	chr19	5514885	5515206	LTR/ERVL	1170	-	160	5515045	10198
chr19	5510368	5710368	harbor1	chr19	5514506	5514588	LTR/ERVL	1170	-	41	5514547	4179
chr19	5510368	5710368	harbor1	chr19	5514885	5515206	LTR/ERVL	1170	-	160	5515045	4677
chr19	19952303	20152303	harbor1	chr19	19952791	19953160	LTR/ERVL	1106	-	184	19952975	672
chr19	19952303	20152303	harbor1	chr19	19990552	19990721	LTR/ERVL	1068	-	84	19990636	38333
chr19	19952303	20152303	harbor1	chr19	19990990	19991399	LTR/ERVL	3176	-	204	19991194	38891
chr19	19952303	20152303	harbor1	chr19	19991400	19992984	LTR/ERVL	11405	-	792	19992192	39889
chr19	19952303	20152303	harbor1	chr19	19992964	19993085	LTR/ERVL	13880	-	60	19993024	40721
chr19	19952303	20152303	harbor1	chr19	19993392	19995078	LTR/ERVL	13880	-	843	19994235	41932
chr19	19952303	20152303	harbor1	chr19	19995079	19995673	LTR/ERVL	4057	-	297	19995376	43073
chr19	19952303	20152303	harbor1	chr19	20051128	20051375	LTR/ERVL	660	-	124	20051252	98949
chr19	7762917	7962917	harbor1	chr19	7767856	7768293	LTR/ERVL	1600	-	218	7768074	5157
chr19	7762917	7962917	harbor1	chr19	7777964	7778403	LTR/ERVL	1883	-	220	7778184	15267
chr19	5491922	5691922	harbor1	chr19	5514506	5514588	LTR/ERVL	1170	-	41	5514547	22625
chr19	5491922	5691922	harbor1	chr19	5514885	5515206	LTR/ERVL	1170	-	160	5515045	23123
chr19	3288086	3488086	harbor1	chr19	3328974	3329067	LTR/ERVL	1809	-	46	3329020	40934
chr19	3288086	3488086	harbor1	chr19	3329393	3329490	LTR/ERVL	1809	-	48	3329441	41355
chr19	3288086	3488086	harbor1	chr19	3329765	3329849	LTR/ERVL	1809	-	42	3329807	41721
chr19	3288086	3488086	harbor1	chr19	3330150	3330414	LTR/ERVL	1809	-	132	3330282	42196
chr19	15660032	15860032	harbor1	chr19	15665208	15665649	LTR/ERVL	1214	-	220	15665428	5396
chr19	15660032	15860032	harbor1	chr19	15668732	15669226	LTR/ERVL	709	-	247	15668979	8947
chr19	15660032	15860032	harbor1	chr19	15675815	15676157	LTR/ERVL	797	-	171	15675986	15954
chr19	15660032	15860032	harbor1	chr19	15678093	15678231	LTR/ERVL	827	-	69	15678162	18130
chr19	15660032	15860032	harbor1	chr19	15681356	15681801	LTR/ERVL	1194	-	222	15681578	21546
chr19	15660032	15860032	harbor1	chr19	15683939	15684586	LTR/ERVL	1079	-	324	15684263	24231
chr19	15660032	15860032	harbor1	chr19	15711690	15712141	LTR/ERVL	3658	-	226	15711916	51884
chr19	15660032	15860032	harbor1	chr19	15716925	15717368	LTR/ERVL	3390	-	222	15717147	57115
chr19	317228	517228	harbor1	chr19	352270	352640	LTR/ERVL	769	-	185	352455	35227
chr19	15010518	15210518	harbor1	chr19	15096672	15096866	LTR/ERVL	967	-	97	15096769	86251
chr19	15010518	15210518	harbor1	chr19	15099889	15100131	LTR/ERVL	1172	-	121	15100010	89492
chr19	15010518	15210518	harbor1	chr19	15101485	15101748	LTR/ERVL	1068	-	132	15101617	91099
chr19	19676555	19876555	harbor1	chr19	19696483	19696721	LTR/ERVL	908	-	119	19696602	20047
chr19	19676555	19876555	harbor1	chr19	19697737	19697921	LTR/ERVL	664	-	92	19697829	21274
chr19	19676555	19876555	harbor1	chr19	19700625	19701232	LTR/ERVL	4939	-	304	19700929	24374
chr19	19676555	19876555	harbor1	chr19	19703682	19704042	LTR/ERVL	985	-	180	19703862	27307
chr19	19676555	19876555	harbor1	chr19	19704166	19704211	LTR/ERVL	776	-	22	19704188	27633
chr19	19676555	19876555	harbor1	chr19	19704526	19704585	LTR/ERVL	776	-	30	19704556	28001
chr19	19676555	19876555	harbor1	chr19	19704882	19705126	LTR/ERVL	776	-	122	19705004	28449
chr19	19676555	19876555	harbor1	chr19	19716104	19716276	LTR/ERVL	669	-	86	19716190	39635
chr19	19676555	19876555	harbor1	chr19	19716588	19716643	LTR/ERVL	669	-	28	19716616	40061
chr19	19676555	19876555	harbor1	chr19	19716981	19717734	LTR/ERVL	2082	-	376	19717357	40802
chr19	19676555	19876555	harbor1	chr19	19677131	19677522	LTR/ERVL	1358	-	196	19677327	772
chr19	50329057	50529057	harbor1	chr19	50354880	50355202	LTR/ERVL	2820	-	161	50355041	25984
chr19	50329057	50529057	harbor1	chr19	50355416	50355511	LTR/ERVL	2820	-	48	50355464	26407
chr19	50329057	50529057	harbor1	chr19	50390248	50390572	LTR/ERVL	1903	-	162	50390410	61353
chr19	50329057	50529057	harbor1	chr19	50410487	50410956	LTR/ERVL	2049	-	234	50410721	81664
chr19	50329057	50529057	harbor1	chr19	50425829	50425926	LTR/ERVL	1552	-	48	50425877	96820
chr19	50329057	50529057	harbor1	chr19	50426229	50426482	LTR/ERVL	1552	-	126	50426355	97298
chr19	50329057	50529057	harbor1	chr19	50426795	50426847	LTR/ERVL	1552	-	26	50426821	97764
chr19	19676645	19876645	harbor1	chr19	19696483	19696721	LTR/ERVL	908	-	119	19696602	19957
chr19	19676645	19876645	harbor1	chr19	19697737	19697921	LTR/ERVL	664	-	92	19697829	21184
chr19	19676645	19876645	harbor1	chr19	19700625	19701232	LTR/ERVL	4939	-	304	19700929	24284
chr19	19676645	19876645	harbor1	chr19	19703682	19704042	LTR/ERVL	985	-	180	19703862	27217
chr19	19676645	19876645	harbor1	chr19	19704166	19704211	LTR/ERVL	776	-	22	19704188	27543
chr19	19676645	19876645	harbor1	chr19	19704526	19704585	LTR/ERVL	776	-	30	19704556	27911
chr19	19676645	19876645	harbor1	chr19	19704882	19705126	LTR/ERVL	776	-	122	19705004	28359
chr19	19676645	19876645	harbor1	chr19	19716104	19716276	LTR/ERVL	669	-	86	19716190	39545
chr19	19676645	19876645	harbor1	chr19	19716588	19716643	LTR/ERVL	669	-	28	19716616	39971
chr19	19676645	19876645	harbor1	chr19	19716981	19717734	LTR/ERVL	2082	-	376	19717357	40712
chr19	19676645	19876645	harbor1	chr19	19677131	19677522	LTR/ERVL	1358	-	196	19677327	682
chr19	51194759	51394759	harbor1	chr19	51235791	51235876	LTR/ERVL	2916	-	42	51235833	41074
chr19	51194759	51394759	harbor1	chr19	51236174	51236627	LTR/ERVL	2916	-	226	51236400	41641
chr19	51194759	51394759	harbor1	chr19	51280249	51280758	LTR/ERVL	2535	-	254	51280503	85744
chr19	2356931	2556931	harbor1	chr19	2382810	2383069	LTR/ERVL	1291	-	130	2382940	26009
chr19	54031600	54231600	harbor1	chr19	54089617	54089786	LTR/ERVL	781	-	84	54089701	58101
chr19	19675815	19875815	harbor1	chr19	19696483	19696721	LTR/ERVL	908	-	119	19696602	20787
chr19	19675815	19875815	harbor1	chr19	19697737	19697921	LTR/ERVL	664	-	92	19697829	22014
chr19	19675815	19875815	harbor1	chr19	19700625	19701232	LTR/ERVL	4939	-	304	19700929	25114
chr19	19675815	19875815	harbor1	chr19	19703682	19704042	LTR/ERVL	985	-	180	19703862	28047
chr19	19675815	19875815	harbor1	chr19	19704166	19704211	LTR/ERVL	776	-	22	19704188	28373
chr19	19675815	19875815	harbor1	chr19	19704526	19704585	LTR/ERVL	776	-	30	19704556	28741
chr19	19675815	19875815	harbor1	chr19	19704882	19705126	LTR/ERVL	776	-	122	19705004	29189
chr19	19675815	19875815	harbor1	chr19	19716104	19716276	LTR/ERVL	669	-	86	19716190	40375
chr19	19675815	19875815	harbor1	chr19	19716588	19716643	LTR/ERVL	669	-	28	19716616	40801
chr19	19675815	19875815	harbor1	chr19	19716981	19717734	LTR/ERVL	2082	-	376	19717357	41542
chr19	19675815	19875815	harbor1	chr19	19677131	19677522	LTR/ERVL	1358	-	196	19677327	1512
chr19	46919957	47119957	harbor1	chr19	46947523	46948054	LTR/ERVL	3123	-	266	46947789	27832
chr19	46919957	47119957	harbor1	chr19	46948060	46948308	LTR/ERVL	1401	-	124	46948184	28227
chr19	46919957	47119957	harbor1	chr19	46974169	46974878	LTR/ERVL	2834	-	354	46974523	54566
chr19	46919957	47119957	harbor1	chr19	46975170	46975281	LTR/ERVL	2834	-	56	46975226	55269
chr19	46919998	47119998	harbor1	chr19	46947523	46948054	LTR/ERVL	3123	-	266	46947789	27791
chr19	46919998	47119998	harbor1	chr19	46948060	46948308	LTR/ERVL	1401	-	124	46948184	28186
chr19	46919998	47119998	harbor1	chr19	46974169	46974878	LTR/ERVL	2834	-	354	46974523	54525
chr19	46919998	47119998	harbor1	chr19	46975170	46975281	LTR/ERVL	2834	-	56	46975226	55228
chr19	48525162	48725162	harbor1	chr19	48584317	48584591	LTR/ERVL	991	-	137	48584454	59292
chr19	19675563	19875563	harbor1	chr19	19696483	19696721	LTR/ERVL	908	-	119	19696602	21039
chr19	19675563	19875563	harbor1	chr19	19697737	19697921	LTR/ERVL	664	-	92	19697829	22266
chr19	19675563	19875563	harbor1	chr19	19700625	19701232	LTR/ERVL	4939	-	304	19700929	25366
chr19	19675563	19875563	harbor1	chr19	19703682	19704042	LTR/ERVL	985	-	180	19703862	28299
chr19	19675563	19875563	harbor1	chr19	19704166	19704211	LTR/ERVL	776	-	22	19704188	28625
chr19	19675563	19875563	harbor1	chr19	19704526	19704585	LTR/ERVL	776	-	30	19704556	28993
chr19	19675563	19875563	harbor1	chr19	19704882	19705126	LTR/ERVL	776	-	122	19705004	29441
chr19	19675563	19875563	harbor1	chr19	19716104	19716276	LTR/ERVL	669	-	86	19716190	40627
chr19	19675563	19875563	harbor1	chr19	19716588	19716643	LTR/ERVL	669	-	28	19716616	41053
chr19	19675563	19875563	harbor1	chr19	19716981	19717734	LTR/ERVL	2082	-	376	19717357	41794
chr19	19675563	19875563	harbor1	chr19	19677131	19677522	LTR/ERVL	1358	-	196	19677327	1764
chr19	208555	408555	harbor1	chr19	251978	252327	LTR/ERVL	2212	-	174	252152	43597
chr19	208555	408555	harbor1	chr19	252693	252919	LTR/ERVL	2212	-	113	252806	44251
chr19	34913533	35113533	harbor1	chr19	34916646	34917259	LTR/ERVL	3013	-	306	34916952	3419
chr19	34913533	35113533	harbor1	chr19	34917851	34918016	LTR/ERVL	1539	-	82	34917933	4400
chr19	34913533	35113533	harbor1	chr19	34919838	34920111	LTR/ERVL	1101	-	136	34919974	6441
chr19	34913533	35113533	harbor1	chr19	34945839	34946826	LTR/ERVL	5345	-	494	34946333	32800
chr19	11406143	11606143	harbor1	chr19	11489949	11490354	LTR/ERVL	1620	-	202	11490151	84008
chr19	19674601	19874601	harbor1	chr19	19696483	19696721	LTR/ERVL	908	-	119	19696602	22001
chr19	19674601	19874601	harbor1	chr19	19697737	19697921	LTR/ERVL	664	-	92	19697829	23228
chr19	19674601	19874601	harbor1	chr19	19700625	19701232	LTR/ERVL	4939	-	304	19700929	26328
chr19	19674601	19874601	harbor1	chr19	19703682	19704042	LTR/ERVL	985	-	180	19703862	29261
chr19	19674601	19874601	harbor1	chr19	19704166	19704211	LTR/ERVL	776	-	22	19704188	29587
chr19	19674601	19874601	harbor1	chr19	19704526	19704585	LTR/ERVL	776	-	30	19704556	29955
chr19	19674601	19874601	harbor1	chr19	19704882	19705126	LTR/ERVL	776	-	122	19705004	30403
chr19	19674601	19874601	harbor1	chr19	19716104	19716276	LTR/ERVL	669	-	86	19716190	41589
chr19	19674601	19874601	harbor1	chr19	19716588	19716643	LTR/ERVL	669	-	28	19716616	42015
chr19	19674601	19874601	harbor1	chr19	19716981	19717734	LTR/ERVL	2082	-	376	19717357	42756
chr19	19674601	19874601	harbor1	chr19	19677131	19677522	LTR/ERVL	1358	-	196	19677327	2726
chr19	19676479	19876479	harbor1	chr19	19696483	19696721	LTR/ERVL	908	-	119	19696602	20123
chr19	19676479	19876479	harbor1	chr19	19697737	19697921	LTR/ERVL	664	-	92	19697829	21350
chr19	19676479	19876479	harbor1	chr19	19700625	19701232	LTR/ERVL	4939	-	304	19700929	24450
chr19	19676479	19876479	harbor1	chr19	19703682	19704042	LTR/ERVL	985	-	180	19703862	27383
chr19	19676479	19876479	harbor1	chr19	19704166	19704211	LTR/ERVL	776	-	22	19704188	27709
chr19	19676479	19876479	harbor1	chr19	19704526	19704585	LTR/ERVL	776	-	30	19704556	28077
chr19	19676479	19876479	harbor1	chr19	19704882	19705126	LTR/ERVL	776	-	122	19705004	28525
chr19	19676479	19876479	harbor1	chr19	19716104	19716276	LTR/ERVL	669	-	86	19716190	39711
chr19	19676479	19876479	harbor1	chr19	19716588	19716643	LTR/ERVL	669	-	28	19716616	40137
chr19	19676479	19876479	harbor1	chr19	19716981	19717734	LTR/ERVL	2082	-	376	19717357	40878
chr19	19676479	19876479	harbor1	chr19	19677131	19677522	LTR/ERVL	1358	-	196	19677327	848
chr19	44791136	44991136	harbor1	chr19	44815561	44815722	LTR/ERVL	1244	-	80	44815641	24505
chr19	44791136	44991136	harbor1	chr19	44816334	44816586	LTR/ERVL	1244	-	126	44816460	25324
chr19	44791136	44991136	harbor1	chr19	44824867	44825199	LTR/ERVL	3259	-	166	44825033	33897
chr19	44791136	44991136	harbor1	chr19	44825653	44826070	LTR/ERVL	3259	-	208	44825861	34725
chr19	44791136	44991136	harbor1	chr19	44826203	44826359	LTR/ERVL	3259	-	78	44826281	35145
chr19	2170341	2370341	harbor1	chr19	2170417	2170959	LTR/ERVL	1115	-	271	2170688	347
chr19	5486695	5686695	harbor1	chr19	5514506	5514588	LTR/ERVL	1170	-	41	5514547	27852
chr19	5486695	5686695	harbor1	chr19	5514885	5515206	LTR/ERVL	1170	-	160	5515045	28350
chr19	2483587	2683587	harbor1	chr19	2534655	2535069	LTR/ERVL	1588	-	207	2534862	51275
chr19	1	171197	harbor1	chr19	83005	83884	LTR/ERVL	1014	-	440	83445	83444
chr19	12581893	12781893	harbor1	chr19	12584978	12585259	LTR/ERVL	799	-	140	12585118	3225
chr19	12581893	12781893	harbor1	chr19	12592915	12593246	LTR/ERVL	3295	-	166	12593081	11188
chr19	12581893	12781893	harbor1	chr19	12593550	12594183	LTR/ERVL	3295	-	316	12593866	11973
chr19	12581893	12781893	harbor1	chr19	12594496	12594690	LTR/ERVL	3295	-	97	12594593	12700
chr19	17666919	17866919	harbor1	chr19	17729110	17729505	LTR/ERVL	1427	-	198	17729308	62389
chr19	19579986	19779986	harbor1	chr19	19677131	19677522	LTR/ERVL	1358	-	196	19677327	97341
chr19	19676008	19876008	harbor1	chr19	19696483	19696721	LTR/ERVL	908	-	119	19696602	20594
chr19	19676008	19876008	harbor1	chr19	19697737	19697921	LTR/ERVL	664	-	92	19697829	21821
chr19	19676008	19876008	harbor1	chr19	19700625	19701232	LTR/ERVL	4939	-	304	19700929	24921
chr19	19676008	19876008	harbor1	chr19	19703682	19704042	LTR/ERVL	985	-	180	19703862	27854
chr19	19676008	19876008	harbor1	chr19	19704166	19704211	LTR/ERVL	776	-	22	19704188	28180
chr19	19676008	19876008	harbor1	chr19	19704526	19704585	LTR/ERVL	776	-	30	19704556	28548
chr19	19676008	19876008	harbor1	chr19	19704882	19705126	LTR/ERVL	776	-	122	19705004	28996
chr19	19676008	19876008	harbor1	chr19	19716104	19716276	LTR/ERVL	669	-	86	19716190	40182
chr19	19676008	19876008	harbor1	chr19	19716588	19716643	LTR/ERVL	669	-	28	19716616	40608
chr19	19676008	19876008	harbor1	chr19	19716981	19717734	LTR/ERVL	2082	-	376	19717357	41349
chr19	19676008	19876008	harbor1	chr19	19677131	19677522	LTR/ERVL	1358	-	196	19677327	1319
chr19	3288104	3488104	harbor1	chr19	3328974	3329067	LTR/ERVL	1809	-	46	3329020	40916
chr19	3288104	3488104	harbor1	chr19	3329393	3329490	LTR/ERVL	1809	-	48	3329441	41337
chr19	3288104	3488104	harbor1	chr19	3329765	3329849	LTR/ERVL	1809	-	42	3329807	41703
chr19	3288104	3488104	harbor1	chr19	3330150	3330414	LTR/ERVL	1809	-	132	3330282	42178
chr19	48525086	48725086	harbor1	chr19	48584317	48584591	LTR/ERVL	991	-	137	48584454	59368
chr20	63353319	63553319	harbor1	chr20	63452321	63452573	LTR/ERVL	918	-	126	63452447	99128
chr20	2740647	2940647	harbor1	chr20	2740641	2740965	LTR/ERVL	756	-	162	2740803	156
chr20	2740647	2940647	harbor1	chr20	2762478	2762953	LTR/ERVL	1489	-	238	2762716	22069
chr20	2740647	2940647	harbor1	chr20	2769293	2769701	LTR/ERVL	1010	-	204	2769497	28850
chr20	2740647	2940647	harbor1	chr20	2775018	2775517	LTR/ERVL	1883	-	250	2775268	34621
chr20	44866470	45066470	harbor1	chr20	44868339	44868508	LTR/ERVL	563	-	84	44868423	1953
chr20	44866470	45066470	harbor1	chr20	44868549	44868656	LTR/ERVL	626	-	54	44868603	2133
chr20	63855835	64055835	harbor1	chr20	63926485	63926905	LTR/ERVL	827	-	210	63926695	70860
chr20	62720222	62920222	harbor1	chr20	62758933	62759105	LTR/ERVL	573	-	86	62759019	38797
chr20	330383	530383	harbor1	chr20	337297	337481	LTR/ERVL	650	-	92	337389	7006
chr20	1018818	1218818	harbor1	chr20	1043269	1043615	LTR/ERVL	1046	-	173	1043442	24624
chr20	1018818	1218818	harbor1	chr20	1059254	1059444	LTR/ERVL	787	-	95	1059349	40531
chr20	1018818	1218818	harbor1	chr20	1059559	1059787	LTR/ERVL	787	-	114	1059673	40855
chr20	63939095	64139095	harbor1	chr20	64006954	64007224	LTR/ERVL	489	-	135	64007089	67994
chr20	3686183	3886183	harbor1	chr20	3746256	3746299	LTR/ERVL	1071	-	22	3746278	60095
chr20	3686183	3886183	harbor1	chr20	3746602	3746940	LTR/ERVL	1071	-	169	3746771	60588
chr20	3686183	3886183	harbor1	chr20	3772528	3772953	LTR/ERVL	2125	-	212	3772740	86557
chr20	3686183	3886183	harbor1	chr20	3773262	3773289	LTR/ERVL	2125	-	14	3773276	87093
chr20	2370770	2570770	harbor1	chr20	2436645	2437071	LTR/ERVL	1330	-	213	2436858	66088
chr20	2370770	2570770	harbor1	chr20	2439789	2440325	LTR/ERVL	3154	-	268	2440057	69287
chr20	2370770	2570770	harbor1	chr20	2451253	2451359	LTR/ERVL	2489	-	53	2451306	80536
chr20	2370770	2570770	harbor1	chr20	2451819	2452438	LTR/ERVL	2489	-	310	2452129	81359
chr20	2370770	2570770	harbor1	chr20	2459190	2459420	LTR/ERVL	701	-	115	2459305	88535
chr20	4586429	4786429	harbor1	chr20	4593599	4594029	LTR/ERVL	1615	-	215	4593814	7385
chr20	4586429	4786429	harbor1	chr20	4618336	4618523	LTR/ERVL	1028	-	94	4618430	32001
chr20	4586429	4786429	harbor1	chr20	4625864	4626619	LTR/ERVL	2884	-	378	4626242	39813
chr20	4586429	4786429	harbor1	chr20	4673541	4674014	LTR/ERVL	1628	-	236	4673777	87348
chr20	22734563	22934563	harbor1	chr20	22749718	22750097	LTR/ERVL	654	-	190	22749908	15345
chr20	22734563	22934563	harbor1	chr20	22750479	22750834	LTR/ERVL	881	-	178	22750657	16094
chr20	22734563	22934563	harbor1	chr20	22755807	22756180	LTR/ERVL	893	-	186	22755993	21430
chr20	22734563	22934563	harbor1	chr20	22799009	22799478	LTR/ERVL	822	-	234	22799243	64680
chr20	63362224	63562224	harbor1	chr20	63452321	63452573	LTR/ERVL	918	-	126	63452447	90223
chr20	2739816	2939816	harbor1	chr20	2740641	2740965	LTR/ERVL	756	-	162	2740803	987
chr20	2739816	2939816	harbor1	chr20	2762478	2762953	LTR/ERVL	1489	-	238	2762716	22900
chr20	2739816	2939816	harbor1	chr20	2769293	2769701	LTR/ERVL	1010	-	204	2769497	29681
chr20	2739816	2939816	harbor1	chr20	2775018	2775517	LTR/ERVL	1883	-	250	2775268	35452
chr20	63429646	63629646	harbor1	chr20	63452321	63452573	LTR/ERVL	918	-	126	63452447	22801
chr20	63844470	64044470	harbor1	chr20	63926485	63926905	LTR/ERVL	827	-	210	63926695	82225
chr20	49710583	49910583	harbor1	chr20	49769042	49769261	LTR/ERVL	1922	-	110	49769152	58569
chr20	49710583	49910583	harbor1	chr20	49769602	49769838	LTR/ERVL	1922	-	118	49769720	59137
chr20	63855746	64055746	harbor1	chr20	63926485	63926905	LTR/ERVL	827	-	210	63926695	70949
chr20	63849670	64049670	harbor1	chr20	63926485	63926905	LTR/ERVL	827	-	210	63926695	77025
chr20	2740637	2940637	harbor1	chr20	2740641	2740965	LTR/ERVL	756	-	162	2740803	166
chr20	2740637	2940637	harbor1	chr20	2762478	2762953	LTR/ERVL	1489	-	238	2762716	22079
chr20	2740637	2940637	harbor1	chr20	2769293	2769701	LTR/ERVL	1010	-	204	2769497	28860
chr20	2740637	2940637	harbor1	chr20	2775018	2775517	LTR/ERVL	1883	-	250	2775268	34631
chr20	57552168	57752168	harbor1	chr20	57627311	57627764	LTR/ERVL	1550	-	226	57627537	75369
chr20	2740649	2940649	harbor1	chr20	2740641	2740965	LTR/ERVL	756	-	162	2740803	154
chr20	2740649	2940649	harbor1	chr20	2762478	2762953	LTR/ERVL	1489	-	238	2762716	22067
chr20	2740649	2940649	harbor1	chr20	2769293	2769701	LTR/ERVL	1010	-	204	2769497	28848
chr20	2740649	2940649	harbor1	chr20	2775018	2775517	LTR/ERVL	1883	-	250	2775268	34619
chr20	38574510	38774510	harbor1	chr20	38649297	38649718	LTR/ERVL	1139	-	210	38649507	74997
chr20	38574510	38774510	harbor1	chr20	38651081	38651551	LTR/ERVL	1879	-	235	38651316	76806
chr20	38574510	38774510	harbor1	chr20	38655718	38656011	LTR/ERVL	881	-	146	38655864	81354
chr20	38574510	38774510	harbor1	chr20	38657068	38657222	LTR/ERVL	679	-	77	38657145	82635
chr20	63420408	63620408	harbor1	chr20	63452321	63452573	LTR/ERVL	918	-	126	63452447	32039
chr20	32383338	32583338	harbor1	chr20	32432085	32432637	LTR/ERVL	2928	-	276	32432361	49023
chr20	4799071	4999071	harbor1	chr20	4809663	4810055	LTR/ERVL	1074	-	196	4809859	10788
chr20	4799071	4999071	harbor1	chr20	4819432	4819576	LTR/ERVL	653	-	72	4819504	20433
chr20	4799071	4999071	harbor1	chr20	4827920	4828180	LTR/ERVL	719	-	130	4828050	28979
chr20	4799071	4999071	harbor1	chr20	4836458	4836653	LTR/ERVL	796	-	98	4836556	37485
chr20	4799071	4999071	harbor1	chr20	4836960	4837244	LTR/ERVL	796	-	142	4837102	38031
chr20	4799071	4999071	harbor1	chr20	4838751	4839045	LTR/ERVL	685	-	147	4838898	39827
chr20	48275448	48475448	harbor1	chr20	48276611	48276964	LTR/ERVL	941	-	176	48276787	1339
chr20	48275448	48475448	harbor1	chr20	48277516	48277553	LTR/ERVL	941	-	18	48277534	2086
chr20	48275448	48475448	harbor1	chr20	48316808	48317087	LTR/ERVL	507	-	140	48316948	41500
chr20	48275448	48475448	harbor1	chr20	48343750	48344086	LTR/ERVL	575	-	168	48343918	68470
chr20	3686190	3886190	harbor1	chr20	3746256	3746299	LTR/ERVL	1071	-	22	3746278	60088
chr20	3686190	3886190	harbor1	chr20	3746602	3746940	LTR/ERVL	1071	-	169	3746771	60581
chr20	3686190	3886190	harbor1	chr20	3772528	3772953	LTR/ERVL	2125	-	212	3772740	86550
chr20	3686190	3886190	harbor1	chr20	3773262	3773289	LTR/ERVL	2125	-	14	3773276	87086
chr20	21818150	22018150	harbor1	chr20	21834630	21835074	LTR/ERVL	1178	-	222	21834852	16702
chr20	21818150	22018150	harbor1	chr20	21871752	21872271	LTR/ERVL	1905	-	260	21872012	53862
chr20	21818150	22018150	harbor1	chr20	21885458	21885786	LTR/ERVL	763	-	164	21885622	67472
chr20	33594101	33794101	harbor1	chr20	33613297	33613715	LTR/ERVL	1942	-	209	33613506	19405
chr20	33594101	33794101	harbor1	chr20	33614860	33614974	LTR/ERVL	633	-	57	33614917	20816
chr20	40589402	40789402	harbor1	chr20	40653548	40653986	LTR/ERVL	1369	-	219	40653767	64365
chr20	2740727	2940727	harbor1	chr20	2740641	2740965	LTR/ERVL	756	-	162	2740803	76
chr20	2740727	2940727	harbor1	chr20	2762478	2762953	LTR/ERVL	1489	-	238	2762716	21989
chr20	2740727	2940727	harbor1	chr20	2769293	2769701	LTR/ERVL	1010	-	204	2769497	28770
chr20	2740727	2940727	harbor1	chr20	2775018	2775517	LTR/ERVL	1883	-	250	2775268	34541
chr20	50269813	50469813	harbor1	chr20	50317621	50318058	LTR/ERVL	1121	-	218	50317839	48026
chr20	50269813	50469813	harbor1	chr20	50326475	50326763	LTR/ERVL	1571	-	144	50326619	56806
chr20	50269813	50469813	harbor1	chr20	50327393	50327488	LTR/ERVL	1571	-	48	50327441	57628
chr20	50269813	50469813	harbor1	chr20	50332261	50332594	LTR/ERVL	1170	-	166	50332427	62614
chr20	63881176	64081176	harbor1	chr20	63926485	63926905	LTR/ERVL	827	-	210	63926695	45519
chr20	4071169	4271169	harbor1	chr20	4071757	4072011	LTR/ERVL	992	-	127	4071884	715
chr20	4071169	4271169	harbor1	chr20	4102347	4102753	LTR/ERVL	1659	-	203	4102550	31381
chr20	4071169	4271169	harbor1	chr20	4103080	4103236	LTR/ERVL	873	-	78	4103158	31989
chr20	4071169	4271169	harbor1	chr20	4103880	4104493	LTR/ERVL	6017	-	306	4104186	33017
chr20	4071169	4271169	harbor1	chr20	4104789	4105836	LTR/ERVL	6017	-	524	4105313	34144
chr20	4071169	4271169	harbor1	chr20	4127361	4127807	LTR/ERVL	1434	-	223	4127584	56415
chr20	43408519	43608519	harbor1	chr20	43495284	43495864	LTR/ERVL	2331	-	290	43495574	87055
chr20	5027110	5227110	harbor1	chr20	5066968	5067323	LTR/ERVL	675	-	178	5067146	40036
chr20	38574499	38774499	harbor1	chr20	38649297	38649718	LTR/ERVL	1139	-	210	38649507	75008
chr20	38574499	38774499	harbor1	chr20	38651081	38651551	LTR/ERVL	1879	-	235	38651316	76817
chr20	38574499	38774499	harbor1	chr20	38655718	38656011	LTR/ERVL	881	-	146	38655864	81365
chr20	38574499	38774499	harbor1	chr20	38657068	38657222	LTR/ERVL	679	-	77	38657145	82646
chr20	33574220	33774220	harbor1	chr20	33613297	33613715	LTR/ERVL	1942	-	209	33613506	39286
chr20	33574220	33774220	harbor1	chr20	33614860	33614974	LTR/ERVL	633	-	57	33614917	40697
chr20	54108072	54308072	harbor1	chr20	54131542	54131974	LTR/ERVL	794	-	216	54131758	23686
chr20	2740635	2940635	harbor1	chr20	2740641	2740965	LTR/ERVL	756	-	162	2740803	168
chr20	2740635	2940635	harbor1	chr20	2762478	2762953	LTR/ERVL	1489	-	238	2762716	22081
chr20	2740635	2940635	harbor1	chr20	2769293	2769701	LTR/ERVL	1010	-	204	2769497	28862
chr20	2740635	2940635	harbor1	chr20	2775018	2775517	LTR/ERVL	1883	-	250	2775268	34633
chr20	38705777	38905777	harbor1	chr20	38735832	38736019	LTR/ERVL	481	-	94	38735926	30149
chr20	38705777	38905777	harbor1	chr20	38743372	38743548	LTR/ERVL	2203	-	88	38743460	37683
chr20	38705777	38905777	harbor1	chr20	38743927	38744042	LTR/ERVL	2203	-	58	38743985	38208
chr20	38705777	38905777	harbor1	chr20	38744353	38744578	LTR/ERVL	2203	-	112	38744465	38688
chr20	38705777	38905777	harbor1	chr20	38768312	38768837	LTR/ERVL	2526	-	262	38768574	62797
chr20	38705777	38905777	harbor1	chr20	38782236	38782543	LTR/ERVL	804	-	154	38782390	76613
chr20	1018817	1218817	harbor1	chr20	1043269	1043615	LTR/ERVL	1046	-	173	1043442	24625
chr20	1018817	1218817	harbor1	chr20	1059254	1059444	LTR/ERVL	787	-	95	1059349	40532
chr20	1018817	1218817	harbor1	chr20	1059559	1059787	LTR/ERVL	787	-	114	1059673	40856
chr20	35599405	35799405	harbor1	chr20	35690683	35690892	LTR/ERVL	674	-	104	35690787	91382
chr20	37933379	38133379	harbor1	chr20	37971212	37971442	LTR/ERVL	1073	-	115	37971327	37948
chr20	37933379	38133379	harbor1	chr20	37971603	37971834	LTR/ERVL	671	-	116	37971719	38340
chr20	50269781	50469781	harbor1	chr20	50317621	50318058	LTR/ERVL	1121	-	218	50317839	48058
chr20	50269781	50469781	harbor1	chr20	50326475	50326763	LTR/ERVL	1571	-	144	50326619	56838
chr20	50269781	50469781	harbor1	chr20	50327393	50327488	LTR/ERVL	1571	-	48	50327441	57660
chr20	50269781	50469781	harbor1	chr20	50332261	50332594	LTR/ERVL	1170	-	166	50332427	62646
chr20	36114483	36314483	harbor1	chr20	36163536	36163855	LTR/ERVL	909	-	160	36163696	49213
chr20	36114483	36314483	harbor1	chr20	36164144	36164229	LTR/ERVL	909	-	42	36164186	49703
chr21	29198953	29398953	harbor1	chr21	29286428	29286870	LTR/ERVL	1017	-	221	29286649	87696
chr21	29198953	29398953	harbor1	chr21	29291442	29291696	LTR/ERVL	444	-	127	29291569	92616
chr21	14337769	14537769	harbor1	chr21	14348256	14348662	LTR/ERVL	1302	-	203	14348459	10690
chr21	14337769	14537769	harbor1	chr21	14397816	14398188	LTR/ERVL	955	-	186	14398002	60233
chr21	33070300	33270300	harbor1	chr21	33084452	33084585	LTR/ERVL	479	-	66	33084518	14218
chr21	33070300	33270300	harbor1	chr21	33089492	33090043	LTR/ERVL	1956	-	276	33089768	19468
chr21	33070300	33270300	harbor1	chr21	33168803	33169067	LTR/ERVL	595	-	132	33168935	98635
chr21	14337822	14537822	harbor1	chr21	14348256	14348662	LTR/ERVL	1302	-	203	14348459	10637
chr21	14337822	14537822	harbor1	chr21	14397816	14398188	LTR/ERVL	955	-	186	14398002	60180
chr21	41771682	41971682	harbor1	chr21	41796619	41796900	LTR/ERVL	611	-	140	41796759	25077
chr21	29199129	29399129	harbor1	chr21	29286428	29286870	LTR/ERVL	1017	-	221	29286649	87520
chr21	29199129	29399129	harbor1	chr21	29291442	29291696	LTR/ERVL	444	-	127	29291569	92440
chr21	29198948	29398948	harbor1	chr21	29286428	29286870	LTR/ERVL	1017	-	221	29286649	87701
chr21	29198948	29398948	harbor1	chr21	29291442	29291696	LTR/ERVL	444	-	127	29291569	92621
chr21	39008447	39208447	harbor1	chr21	39011426	39011956	LTR/ERVL	2489	-	265	39011691	3244
chr21	39008447	39208447	harbor1	chr21	39052693	39053068	LTR/ERVL	1741	-	188	39052881	44434
chr21	42275771	42475771	harbor1	chr21	42358132	42358319	LTR/ERVL	533	-	94	42358226	82455
chr21	42275771	42475771	harbor1	chr21	42358356	42358807	LTR/ERVL	683	-	226	42358582	82811
chr21	14337781	14537781	harbor1	chr21	14348256	14348662	LTR/ERVL	1302	-	203	14348459	10678
chr21	14337781	14537781	harbor1	chr21	14397816	14398188	LTR/ERVL	955	-	186	14398002	60221
chr21	46031163	46231163	harbor1	chr21	46068020	46068104	LTR/ERVL	547	-	42	46068062	36899
chr21	46031163	46231163	harbor1	chr21	46094126	46094981	LTR/ERVL	2928	-	428	46094554	63391
chr21	46031163	46231163	harbor1	chr21	46095034	46095517	LTR/ERVL	1494	-	242	46095276	64113
chr21	46031163	46231163	harbor1	chr21	46095504	46096233	LTR/ERVL	998	-	364	46095868	64705
chr21	46031163	46231163	harbor1	chr21	46096533	46096937	LTR/ERVL	639	-	202	46096735	65572
chr21	14337791	14537791	harbor1	chr21	14348256	14348662	LTR/ERVL	1302	-	203	14348459	10668
chr21	14337791	14537791	harbor1	chr21	14397816	14398188	LTR/ERVL	955	-	186	14398002	60211
chr21	29199041	29399041	harbor1	chr21	29286428	29286870	LTR/ERVL	1017	-	221	29286649	87608
chr21	29199041	29399041	harbor1	chr21	29291442	29291696	LTR/ERVL	444	-	127	29291569	92528
chr21	46154518	46354518	harbor1	chr21	46232779	46233576	LTR/ERVL	3228	-	398	46233177	78659
chr21	14336442	14536442	harbor1	chr21	14348256	14348662	LTR/ERVL	1302	-	203	14348459	12017
chr21	14336442	14536442	harbor1	chr21	14397816	14398188	LTR/ERVL	955	-	186	14398002	61560
chr21	14337826	14537826	harbor1	chr21	14348256	14348662	LTR/ERVL	1302	-	203	14348459	10633
chr21	14337826	14537826	harbor1	chr21	14397816	14398188	LTR/ERVL	955	-	186	14398002	60176
chr21	39008502	39208502	harbor1	chr21	39011426	39011956	LTR/ERVL	2489	-	265	39011691	3189
chr21	39008502	39208502	harbor1	chr21	39052693	39053068	LTR/ERVL	1741	-	188	39052881	44379
chr21	44410604	44610604	harbor1	chr21	44478872	44479096	LTR/ERVL	824	-	112	44478984	68380
chr21	44410604	44610604	harbor1	chr21	44480119	44480227	LTR/ERVL	824	-	54	44480173	69569
chr21	14337835	14537835	harbor1	chr21	14348256	14348662	LTR/ERVL	1302	-	203	14348459	10624
chr21	14337835	14537835	harbor1	chr21	14397816	14398188	LTR/ERVL	955	-	186	14398002	60167
chr21	42275718	42475718	harbor1	chr21	42358132	42358319	LTR/ERVL	533	-	94	42358226	82508
chr21	42275718	42475718	harbor1	chr21	42358356	42358807	LTR/ERVL	683	-	226	42358582	82864
chr21	29199063	29399063	harbor1	chr21	29286428	29286870	LTR/ERVL	1017	-	221	29286649	87586
chr21	29199063	29399063	harbor1	chr21	29291442	29291696	LTR/ERVL	444	-	127	29291569	92506
chr21	46358530	46558530	harbor1	chr21	46447214	46447803	LTR/ERVL	1414	-	294	46447508	88978
chr21	46358530	46558530	harbor1	chr21	46448219	46448532	LTR/ERVL	936	-	156	46448375	89845
chr21	46358530	46558530	harbor1	chr21	46449803	46450051	LTR/ERVL	941	-	124	46449927	91397
chr21	46358530	46558530	harbor1	chr21	46451755	46453743	LTR/ERVL	6906	-	994	46452749	94219
chr21	46358530	46558530	harbor1	chr21	46454036	46454775	LTR/ERVL	6906	-	370	46454406	95876
chr21	46358530	46558530	harbor1	chr21	46454941	46455512	LTR/ERVL	6906	-	286	46455227	96697
chr21	46358530	46558530	harbor1	chr21	46456087	46456265	LTR/ERVL	567	-	89	46456176	97646
chr21	46358530	46558530	harbor1	chr21	46456724	46456792	LTR/ERVL	567	-	34	46456758	98228
chr21	46358530	46558530	harbor1	chr21	46457931	46458103	LTR/ERVL	574	-	86	46458017	99487
chr21	29198984	29398984	harbor1	chr21	29286428	29286870	LTR/ERVL	1017	-	221	29286649	87665
chr21	29198984	29398984	harbor1	chr21	29291442	29291696	LTR/ERVL	444	-	127	29291569	92585
chr21	39008480	39208480	harbor1	chr21	39011426	39011956	LTR/ERVL	2489	-	265	39011691	3211
chr21	39008480	39208480	harbor1	chr21	39052693	39053068	LTR/ERVL	1741	-	188	39052881	44401
chr21	46536367	46736367	harbor1	chr21	46544280	46544697	LTR/ERVL	1926	-	208	46544488	8121
chr21	46536367	46736367	harbor1	chr21	46610398	46610864	LTR/ERVL	662	-	233	46610631	74264
chr21	46536367	46736367	harbor1	chr21	46627668	46628090	LTR/ERVL	2424	-	211	46627879	91512
chr21	14173498	14373498	harbor1	chr21	14221669	14221938	LTR/ERVL	1259	-	134	14221803	48305
chr21	14173498	14373498	harbor1	chr21	14257456	14257844	LTR/ERVL	674	-	194	14257650	84152
chr21	42467105	42667105	harbor1	chr21	42471243	42471668	LTR/ERVL	2705	-	212	42471455	4350
chr21	42467105	42667105	harbor1	chr21	42494661	42494704	LTR/ERVL	502	-	22	42494683	27578
chr21	42467105	42667105	harbor1	chr21	42495000	42495162	LTR/ERVL	502	-	81	42495081	27976
chr21	42467105	42667105	harbor1	chr21	42539998	42540414	LTR/ERVL	2182	-	208	42540206	73101
chr21	46082706	46282706	harbor1	chr21	46094126	46094981	LTR/ERVL	2928	-	428	46094554	11848
chr21	46082706	46282706	harbor1	chr21	46095034	46095517	LTR/ERVL	1494	-	242	46095276	12570
chr21	46082706	46282706	harbor1	chr21	46095504	46096233	LTR/ERVL	998	-	364	46095868	13162
chr21	46082706	46282706	harbor1	chr21	46096533	46096937	LTR/ERVL	639	-	202	46096735	14029
chr21	14337834	14537834	harbor1	chr21	14348256	14348662	LTR/ERVL	1302	-	203	14348459	10625
chr21	14337834	14537834	harbor1	chr21	14397816	14398188	LTR/ERVL	955	-	186	14398002	60168
chr21	15625713	15825713	harbor1	chr21	15633992	15636831	LTR/ERVL	22179	-	1420	15635412	9699
chr21	15625713	15825713	harbor1	chr21	15636834	15637297	LTR/ERVL	2868	-	232	15637066	11353
chr21	15625713	15825713	harbor1	chr21	15641630	15641865	LTR/ERVL	649	-	118	15641748	16035
chr21	15625713	15825713	harbor1	chr21	15641886	15642236	LTR/ERVL	951	-	175	15642061	16348
chr21	15625713	15825713	harbor1	chr21	15663497	15664121	LTR/ERVL	507	-	312	15663809	38096
chr21	15625713	15825713	harbor1	chr21	15678872	15679197	LTR/ERVL	1648	-	162	15679034	53321
chr21	15625713	15825713	harbor1	chr21	15724243	15724285	LTR/ERVL	1100	-	21	15724264	98551
chr21	15625713	15825713	harbor1	chr21	15724886	15725348	LTR/ERVL	1100	-	231	15725117	99404
chr21	46186419	46386419	harbor1	chr21	46232779	46233576	LTR/ERVL	3228	-	398	46233177	46758
chr21	14337784	14537784	harbor1	chr21	14348256	14348662	LTR/ERVL	1302	-	203	14348459	10675
chr21	14337784	14537784	harbor1	chr21	14397816	14398188	LTR/ERVL	955	-	186	14398002	60218
chr21	33379496	33579496	harbor1	chr21	33398718	33398878	LTR/ERVL	522	-	80	33398798	19302
chr21	33379496	33579496	harbor1	chr21	33398946	33399121	LTR/ERVL	482	-	88	33399034	19538
chr21	33379496	33579496	harbor1	chr21	33399849	33399957	LTR/ERVL	482	-	54	33399903	20407
chr21	33379496	33579496	harbor1	chr21	33429466	33429856	LTR/ERVL	2063	-	195	33429661	50165
chr21	33379496	33579496	harbor1	chr21	33430160	33430255	LTR/ERVL	2063	-	48	33430208	50712
chr22	24057065	24257065	harbor1	chr22	24138435	24139079	LTR/ERVL	1647	-	322	24138757	81692
chr22	19075025	19275025	harbor1	chr22	19156272	19156619	LTR/ERVL	681	-	174	19156446	81421
chr22	19075025	19275025	harbor1	chr22	19161690	19162113	LTR/ERVL	1237	-	212	19161902	86877
chr22	24069874	24269874	harbor1	chr22	24138435	24139079	LTR/ERVL	1647	-	322	24138757	68883
chr22	24069906	24269906	harbor1	chr22	24138435	24139079	LTR/ERVL	1647	-	322	24138757	68851
chr22	24070023	24270023	harbor1	chr22	24138435	24139079	LTR/ERVL	1647	-	322	24138757	68734
chr22	21558349	21758349	harbor1	chr22	21602706	21602799	LTR/ERVL	458	-	46	21602752	44403
chr22	21558349	21758349	harbor1	chr22	21602805	21602914	LTR/ERVL	418	-	54	21602859	44510
chr22	21558349	21758349	harbor1	chr22	21648989	21649193	LTR/ERVL	974	-	102	21649091	90742
chr22	26575728	26775728	harbor1	chr22	26624657	26625149	LTR/ERVL	1334	-	246	26624903	49175
chr22	43426643	43626643	harbor1	chr22	43511663	43512049	LTR/ERVL	728	-	193	43511856	85213
chr22	43426643	43626643	harbor1	chr22	43512210	43512737	LTR/ERVL	470	-	264	43512474	85831
chr22	24065808	24265808	harbor1	chr22	24138435	24139079	LTR/ERVL	1647	-	322	24138757	72949
chr22	50054112	50254112	harbor1	chr22	50121173	50121743	LTR/ERVL	1984	-	285	50121458	67346
chr22	24069929	24269929	harbor1	chr22	24138435	24139079	LTR/ERVL	1647	-	322	24138757	68828
chr22	24070054	24270054	harbor1	chr22	24138435	24139079	LTR/ERVL	1647	-	322	24138757	68703
chr22	22997061	23197061	harbor1	chr22	23007227	23007409	LTR/ERVL	522	-	91	23007318	10257
chr22	49664026	49864026	harbor1	chr22	49707868	49708178	LTR/ERVL	1943	-	155	49708023	43997
chr22	49664026	49864026	harbor1	chr22	49708182	49709043	LTR/ERVL	4705	-	430	49708612	44586
chr22	49664026	49864026	harbor1	chr22	49728627	49728764	LTR/ERVL	566	-	68	49728695	64669
chr22	49664026	49864026	harbor1	chr22	49676017	49676634	LTR/ERVL	733	-	308	49676325	12299
chr22	49664089	49864089	harbor1	chr22	49707868	49708178	LTR/ERVL	1943	-	155	49708023	43934
chr22	49664089	49864089	harbor1	chr22	49708182	49709043	LTR/ERVL	4705	-	430	49708612	44523
chr22	49664089	49864089	harbor1	chr22	49728627	49728764	LTR/ERVL	566	-	68	49728695	64606
chr22	49664089	49864089	harbor1	chr22	49676017	49676634	LTR/ERVL	733	-	308	49676325	12236
chr22	38768951	38968951	harbor1	chr22	38847641	38848046	LTR/ERVL	1701	-	202	38847843	78892
chr22	38768951	38968951	harbor1	chr22	38848049	38848264	LTR/ERVL	652	-	108	38848157	79206
chr22	44201115	44401115	harbor1	chr22	44270414	44270650	LTR/ERVL	573	-	118	44270532	69417
chr22	21541863	21741863	harbor1	chr22	21602706	21602799	LTR/ERVL	458	-	46	21602752	60889
chr22	21541863	21741863	harbor1	chr22	21602805	21602914	LTR/ERVL	418	-	54	21602859	60996
chr22	21529687	21729687	harbor1	chr22	21602706	21602799	LTR/ERVL	458	-	46	21602752	73065
chr22	21529687	21729687	harbor1	chr22	21602805	21602914	LTR/ERVL	418	-	54	21602859	73172
chr22	23366695	23566695	harbor1	chr22	23410122	23410325	LTR/ERVL	772	-	102	23410224	43529
chr22	22295458	22495458	harbor1	chr22	22299148	22299656	LTR/ERVL	2265	-	254	22299402	3944
chr22	22295458	22495458	harbor1	chr22	22361739	22361774	LTR/ERVL	2921	-	18	22361757	66299
chr22	22295458	22495458	harbor1	chr22	22361807	22362187	LTR/ERVL	2921	-	190	22361997	66539
chr22	22295458	22495458	harbor1	chr22	22368472	22368812	LTR/ERVL	1290	-	170	22368642	73184
chr22	22295458	22495458	harbor1	chr22	22384866	22385254	LTR/ERVL	3027	-	194	22385060	89602
chr22	22295458	22495458	harbor1	chr22	22385557	22385610	LTR/ERVL	3027	-	26	22385583	90125
chr22	22295458	22495458	harbor1	chr22	22385611	22386937	LTR/ERVL	11956	-	663	22386274	90816
chr22	22295458	22495458	harbor1	chr22	22387524	22387972	LTR/ERVL	11956	-	224	22387748	92290
chr22	22295458	22495458	harbor1	chr22	22388387	22389982	LTR/ERVL	15315	-	798	22389185	93727
chr22	24069894	24269894	harbor1	chr22	24138435	24139079	LTR/ERVL	1647	-	322	24138757	68863
chr22	36186442	36386442	harbor1	chr22	36189042	36189428	LTR/ERVL	2205	-	193	36189235	2793
chr22	36186442	36386442	harbor1	chr22	36226128	36226521	LTR/ERVL	2345	-	196	36226324	39882
chr22	36186442	36386442	harbor1	chr22	36246275	36246559	LTR/ERVL	1242	-	142	36246417	59975
chr22	36186442	36386442	harbor1	chr22	36247022	36247335	LTR/ERVL	595	-	156	36247178	60736
chr22	36186442	36386442	harbor1	chr22	36263396	36263682	LTR/ERVL	1162	-	143	36263539	77097
chr22	36186442	36386442	harbor1	chr22	36264148	36264453	LTR/ERVL	578	-	152	36264300	77858
chr22	36186442	36386442	harbor1	chr22	36268850	36269076	LTR/ERVL	453	-	113	36268963	82521
chr22	24007199	24207199	harbor1	chr22	24037628	24038272	LTR/ERVL	2977	-	322	24037950	30751
chr22	24007199	24207199	harbor1	chr22	24046620	24047167	LTR/ERVL	3256	-	274	24046894	39695
chr22	46292061	46492061	harbor1	chr22	46341935	46342472	LTR/ERVL	2605	-	268	46342203	50142
chr22	30996891	31196891	harbor1	chr22	31050750	31051270	LTR/ERVL	1491	-	260	31051010	54119
chr22	42597660	42797660	harbor1	chr22	42660334	42660462	LTR/ERVL	1294	-	64	42660398	62738
chr22	42597660	42797660	harbor1	chr22	42660772	42660929	LTR/ERVL	1294	-	78	42660850	63190
chr22	42597660	42797660	harbor1	chr22	42671694	42671785	LTR/ERVL	1321	-	46	42671740	74080
chr22	42597660	42797660	harbor1	chr22	42672095	42672341	LTR/ERVL	1321	-	123	42672218	74558
chr22	42597660	42797660	harbor1	chr22	42672872	42672971	LTR/ERVL	491	-	50	42672922	75262
chr22	19075024	19275024	harbor1	chr22	19156272	19156619	LTR/ERVL	681	-	174	19156446	81422
chr22	19075024	19275024	harbor1	chr22	19161690	19162113	LTR/ERVL	1237	-	212	19161902	86878
chr22	23366710	23566710	harbor1	chr22	23410122	23410325	LTR/ERVL	772	-	102	23410224	43514
chr22	24069914	24269914	harbor1	chr22	24138435	24139079	LTR/ERVL	1647	-	322	24138757	68843
chr22	24069997	24269997	harbor1	chr22	24138435	24139079	LTR/ERVL	1647	-	322	24138757	68760
chr22	50167794	50367794	harbor1	chr22	50181164	50181181	LTR/ERVL	1115	-	8	50181172	13378
chr22	50167794	50367794	harbor1	chr22	50181336	50181766	LTR/ERVL	1115	-	215	50181551	13757
chr22	43471950	43671950	harbor1	chr22	43511663	43512049	LTR/ERVL	728	-	193	43511856	39906
chr22	43471950	43671950	harbor1	chr22	43512210	43512737	LTR/ERVL	470	-	264	43512474	40524
chr22	36918777	37118777	harbor1	chr22	36967018	36967250	LTR/ERVL	669	-	116	36967134	48357
chr22	36918777	37118777	harbor1	chr22	36971692	36972484	LTR/ERVL	1364	-	396	36972088	53311
chr22	36918777	37118777	harbor1	chr22	36972721	36973150	LTR/ERVL	1364	-	214	36972935	54158
chr22	36918807	37118807	harbor1	chr22	36967018	36967250	LTR/ERVL	669	-	116	36967134	48327
chr22	36918807	37118807	harbor1	chr22	36971692	36972484	LTR/ERVL	1364	-	396	36972088	53281
chr22	36918807	37118807	harbor1	chr22	36972721	36973150	LTR/ERVL	1364	-	214	36972935	54128
chr22	24062659	24262659	harbor1	chr22	24138435	24139079	LTR/ERVL	1647	-	322	24138757	76098
chr22	20568033	20768033	harbor1	chr22	20596286	20596409	LTR/ERVL	642	-	62	20596348	28315
chr22	20568033	20768033	harbor1	chr22	20596410	20596491	LTR/ERVL	494	-	40	20596450	28417
chr22	36186432	36386432	harbor1	chr22	36189042	36189428	LTR/ERVL	2205	-	193	36189235	2803
chr22	36186432	36386432	harbor1	chr22	36226128	36226521	LTR/ERVL	2345	-	196	36226324	39892
chr22	36186432	36386432	harbor1	chr22	36246275	36246559	LTR/ERVL	1242	-	142	36246417	59985
chr22	36186432	36386432	harbor1	chr22	36247022	36247335	LTR/ERVL	595	-	156	36247178	60746
chr22	36186432	36386432	harbor1	chr22	36263396	36263682	LTR/ERVL	1162	-	143	36263539	77107
chr22	36186432	36386432	harbor1	chr22	36264148	36264453	LTR/ERVL	578	-	152	36264300	77868
chr22	36186432	36386432	harbor1	chr22	36268850	36269076	LTR/ERVL	453	-	113	36268963	82531
chr22	24017128	24217128	harbor1	chr22	24037628	24038272	LTR/ERVL	2977	-	322	24037950	20822
chr22	24017128	24217128	harbor1	chr22	24046620	24047167	LTR/ERVL	3256	-	274	24046894	29766
chr22	36186441	36386441	harbor1	chr22	36189042	36189428	LTR/ERVL	2205	-	193	36189235	2794
chr22	36186441	36386441	harbor1	chr22	36226128	36226521	LTR/ERVL	2345	-	196	36226324	39883
chr22	36186441	36386441	harbor1	chr22	36246275	36246559	LTR/ERVL	1242	-	142	36246417	59976
chr22	36186441	36386441	harbor1	chr22	36247022	36247335	LTR/ERVL	595	-	156	36247178	60737
chr22	36186441	36386441	harbor1	chr22	36263396	36263682	LTR/ERVL	1162	-	143	36263539	77098
chr22	36186441	36386441	harbor1	chr22	36264148	36264453	LTR/ERVL	578	-	152	36264300	77859
chr22	36186441	36386441	harbor1	chr22	36268850	36269076	LTR/ERVL	453	-	113	36268963	82522
chr22	36186368	36386368	harbor1	chr22	36189042	36189428	LTR/ERVL	2205	-	193	36189235	2867
chr22	36186368	36386368	harbor1	chr22	36226128	36226521	LTR/ERVL	2345	-	196	36226324	39956
chr22	36186368	36386368	harbor1	chr22	36246275	36246559	LTR/ERVL	1242	-	142	36246417	60049
chr22	36186368	36386368	harbor1	chr22	36247022	36247335	LTR/ERVL	595	-	156	36247178	60810
chr22	36186368	36386368	harbor1	chr22	36263396	36263682	LTR/ERVL	1162	-	143	36263539	77171
chr22	36186368	36386368	harbor1	chr22	36264148	36264453	LTR/ERVL	578	-	152	36264300	77932
chr22	36186368	36386368	harbor1	chr22	36268850	36269076	LTR/ERVL	453	-	113	36268963	82595
chr22	36186428	36386428	harbor1	chr22	36189042	36189428	LTR/ERVL	2205	-	193	36189235	2807
chr22	36186428	36386428	harbor1	chr22	36226128	36226521	LTR/ERVL	2345	-	196	36226324	39896
chr22	36186428	36386428	harbor1	chr22	36246275	36246559	LTR/ERVL	1242	-	142	36246417	59989
chr22	36186428	36386428	harbor1	chr22	36247022	36247335	LTR/ERVL	595	-	156	36247178	60750
chr22	36186428	36386428	harbor1	chr22	36263396	36263682	LTR/ERVL	1162	-	143	36263539	77111
chr22	36186428	36386428	harbor1	chr22	36264148	36264453	LTR/ERVL	578	-	152	36264300	77872
chr22	36186428	36386428	harbor1	chr22	36268850	36269076	LTR/ERVL	453	-	113	36268963	82535
chrX	46736727	46936727	harbor1	chrX	46780601	46781177	LTR/ERVL	2434	-	288	46780889	44162
chrX	46736727	46936727	harbor1	chrX	46790448	46790883	LTR/ERVL	1418	-	218	46790666	53939
chrX	46736727	46936727	harbor1	chrX	46823483	46823791	LTR/ERVL	2013	-	154	46823637	86910
chrX	46736727	46936727	harbor1	chrX	46824100	46824323	LTR/ERVL	2013	-	112	46824212	87485
chrX	72043976	72243976	harbor1	chrX	72084360	72084723	LTR/ERVL	1370	-	182	72084542	40566
chrX	72043976	72243976	harbor1	chrX	72104896	72105288	LTR/ERVL	844	-	196	72105092	61116
chrX	72043976	72243976	harbor1	chrX	72113384	72113623	LTR/ERVL	1443	-	120	72113504	69528
chrX	72043976	72243976	harbor1	chrX	72114442	72114661	LTR/ERVL	864	-	110	72114552	70576
chrX	129832695	130032695	harbor1	chrX	129869089	129869561	LTR/ERVL	2054	-	236	129869325	36630
chrX	39996248	40196248	harbor1	chrX	40041812	40042019	LTR/ERVL	856	-	104	40041916	45668
chrX	153488191	153688191	harbor1	chrX	153561358	153561750	LTR/ERVL	1365	-	196	153561554	73363
chrX	153488191	153688191	harbor1	chrX	153564183	153564508	LTR/ERVL	932	-	162	153564345	76154
chrX	37578419	37778419	harbor1	chrX	37591475	37591685	LTR/ERVL	750	-	105	37591580	13161
chrX	37578419	37778419	harbor1	chrX	37605945	37606491	LTR/ERVL	3041	-	273	37606218	27799
chrX	37578419	37778419	harbor1	chrX	37610856	37611222	LTR/ERVL	1148	-	183	37611039	32620
chrX	37578419	37778419	harbor1	chrX	37656870	37657338	LTR/ERVL	1599	-	234	37657104	78685
chrX	37578419	37778419	harbor1	chrX	37658232	37658655	LTR/ERVL	1542	-	212	37658444	80025
chrX	37578419	37778419	harbor1	chrX	37663843	37664186	LTR/ERVL	714	-	172	37664015	85596
chrX	72029896	72229896	harbor1	chrX	72084360	72084723	LTR/ERVL	1370	-	182	72084542	54646
chrX	72029896	72229896	harbor1	chrX	72104896	72105288	LTR/ERVL	844	-	196	72105092	75196
chrX	72029896	72229896	harbor1	chrX	72113384	72113623	LTR/ERVL	1443	-	120	72113504	83608
chrX	72029896	72229896	harbor1	chrX	72114442	72114661	LTR/ERVL	864	-	110	72114552	84656
chrX	48792105	48992105	harbor1	chrX	48867869	48868279	LTR/ERVL	722	-	205	48868074	75969
chrX	7048274	7248274	harbor1	chrX	7096968	7097090	LTR/ERVL	603	-	61	7097029	48755
